     shots,    errors,  discards, seconds,decoder,strong_id,json_metadata,custom_counts
         1,         0,         0,   0.013,standalone_exact_mw,af3bdaf1e2a77998ab67ff9e67a4429848721a57eb3f28bee3f98b2e28b36bb7,"{""distance"":5,""physical_error_rate"":0.001}","{""detection_events"":1,""detectors_checked"":224}"
      1297,         0,         0,   0.019,standalone_exact_mw,82025e6510dee7191a337377ca233259ac8dbd3ccaf9455e916f723ab2066810,"{""distance"":5,""physical_error_rate"":0.0001}","{""detection_events"":107,""detectors_checked"":290528}"
         1,         0,         0,   0.016,standalone_exact_mw,12702c5e61128d4b44480ef36691ba5bf6720a2c09f03d3ad8c53fc4afc35bb2,"{""distance"":5,""physical_error_rate"":0.05}","{""detection_events"":51,""detectors_checked"":224}"
      2048,         0,         0,   0.027,standalone_exact_mw,82025e6510dee7191a337377ca233259ac8dbd3ccaf9455e916f723ab2066810,"{""distance"":5,""physical_error_rate"":0.0001}","{""detection_events"":251,""detectors_checked"":458752}"
        17,         6,         0,   0.035,standalone_exact_mw,2d967988b3b1de6f15c2ff5423fbe62b4fefa22552fc7db0232542459cc83bbd,"{""distance"":5,""physical_error_rate"":0.5}","{""detection_events"":1725,""detectors_checked"":3808,""obs_mistake_mask=E"":6}"
        16,         4,         0,   0.020,standalone_exact_mw,12702c5e61128d4b44480ef36691ba5bf6720a2c09f03d3ad8c53fc4afc35bb2,"{""distance"":5,""physical_error_rate"":0.05}","{""detection_events"":552,""detectors_checked"":3584,""obs_mistake_mask=E"":4}"
      2048,         0,         0,   0.021,standalone_exact_mw,82025e6510dee7191a337377ca233259ac8dbd3ccaf9455e916f723ab2066810,"{""distance"":5,""physical_error_rate"":0.0001}","{""detection_events"":214,""detectors_checked"":458752}"
        17,         8,         0,   0.054,standalone_exact_mw,9e4b0060fd38f37acf9b82e4a008f61e02cf84f8d72a89144cdd52107c93bd56,"{""distance"":5,""physical_error_rate"":0.2}","{""detection_events"":1435,""detectors_checked"":3808,""obs_mistake_mask=E"":8}"
       273,         0,         0,   0.063,standalone_exact_mw,66176dfa0edb1b91f153995b3e04cb00912080f83721647eefdac2e2d96d98b0,"{""distance"":5,""physical_error_rate"":0.005}","{""detection_events"":1223,""detectors_checked"":61152}"
      1296,         0,         0,   0.078,standalone_exact_mw,af3bdaf1e2a77998ab67ff9e67a4429848721a57eb3f28bee3f98b2e28b36bb7,"{""distance"":5,""physical_error_rate"":0.001}","{""detection_events"":1090,""detectors_checked"":290304}"
      4096,         0,         0,   0.033,standalone_exact_mw,82025e6510dee7191a337377ca233259ac8dbd3ccaf9455e916f723ab2066810,"{""distance"":5,""physical_error_rate"":0.0001}","{""detection_events"":376,""detectors_checked"":917504}"
         1,         0,         0,   0.013,standalone_exact_mw,7a8ab0d03b7ead21ed40b3e2556c734d992a86585a3d666abe35fd996793b7e5,"{""distance"":5,""physical_error_rate"":0.0005}","{""detectors_checked"":224}"
       273,         1,         0,   0.098,standalone_exact_mw,6d50b7fd582d689cd34243588f2f768701e9a9d8fa2628f899f8cc10d0d983f2,"{""distance"":5,""physical_error_rate"":0.01}","{""detection_events"":2449,""detectors_checked"":61152,""obs_mistake_mask=E"":1}"
       273,         0,         0,   0.088,standalone_exact_mw,66176dfa0edb1b91f153995b3e04cb00912080f83721647eefdac2e2d96d98b0,"{""distance"":5,""physical_error_rate"":0.005}","{""detection_events"":1228,""detectors_checked"":61152}"
      1296,         0,         0,   0.027,standalone_exact_mw,7a8ab0d03b7ead21ed40b3e2556c734d992a86585a3d666abe35fd996793b7e5,"{""distance"":5,""physical_error_rate"":0.0005}","{""detection_events"":559,""detectors_checked"":290304}"
      2048,         0,         0,   0.030,standalone_exact_mw,82025e6510dee7191a337377ca233259ac8dbd3ccaf9455e916f723ab2066810,"{""distance"":5,""physical_error_rate"":0.0001}","{""detection_events"":148,""detectors_checked"":458752}"
        17,         9,         0,   0.029,standalone_exact_mw,0943c70608bcad578ab042ad5c94c4bc8f2f0f47624865c55aa07252cce2b247,"{""distance"":5,""physical_error_rate"":0.1}","{""detection_events"":961,""detectors_checked"":3808,""obs_mistake_mask=E"":9}"
        17,         6,         0,   0.044,standalone_exact_mw,2d967988b3b1de6f15c2ff5423fbe62b4fefa22552fc7db0232542459cc83bbd,"{""distance"":5,""physical_error_rate"":0.5}","{""detection_events"":1737,""detectors_checked"":3808,""obs_mistake_mask=E"":6}"
      1024,         0,         0,   0.027,standalone_exact_mw,7a8ab0d03b7ead21ed40b3e2556c734d992a86585a3d666abe35fd996793b7e5,"{""distance"":5,""physical_error_rate"":0.0005}","{""detection_events"":408,""detectors_checked"":229376}"
      1297,         0,         0,   0.012,standalone_exact_mw,352a3c59735d25dbe5889f513341a2cd2ff9414321bd3c07faf1c3217f623e8c,"{""distance"":5,""physical_error_rate"":5e-05}","{""detection_events"":61,""detectors_checked"":290528}"
      1024,         0,         0,   0.059,standalone_exact_mw,af3bdaf1e2a77998ab67ff9e67a4429848721a57eb3f28bee3f98b2e28b36bb7,"{""distance"":5,""physical_error_rate"":0.001}","{""detection_events"":946,""detectors_checked"":229376}"
      2048,         0,         0,   0.015,standalone_exact_mw,352a3c59735d25dbe5889f513341a2cd2ff9414321bd3c07faf1c3217f623e8c,"{""distance"":5,""physical_error_rate"":5e-05}","{""detection_events"":99,""detectors_checked"":458752}"
         1,         0,         0,   0.001,standalone_exact_mw,000a12f67b6d2f9febee6f900216609acb0c5281b533fe6e35129362572a0912,"{""distance"":5,""physical_error_rate"":0.0002}","{""detectors_checked"":224}"
      3072,         0,         0,   0.057,standalone_exact_mw,82025e6510dee7191a337377ca233259ac8dbd3ccaf9455e916f723ab2066810,"{""distance"":5,""physical_error_rate"":0.0001}","{""detection_events"":320,""detectors_checked"":688128}"
      1296,         0,         0,   0.017,standalone_exact_mw,000a12f67b6d2f9febee6f900216609acb0c5281b533fe6e35129362572a0912,"{""distance"":5,""physical_error_rate"":0.0002}","{""detection_events"":235,""detectors_checked"":290304}"
         1,         0,         0,   0.012,standalone_exact_mw,0943c70608bcad578ab042ad5c94c4bc8f2f0f47624865c55aa07252cce2b247,"{""distance"":5,""physical_error_rate"":0.1}","{""detection_events"":67,""detectors_checked"":224}"
         1,         0,         0,   0.013,standalone_exact_mw,12702c5e61128d4b44480ef36691ba5bf6720a2c09f03d3ad8c53fc4afc35bb2,"{""distance"":5,""physical_error_rate"":0.05}","{""detection_events"":32,""detectors_checked"":224}"
      2048,         0,         0,   0.039,standalone_exact_mw,7a8ab0d03b7ead21ed40b3e2556c734d992a86585a3d666abe35fd996793b7e5,"{""distance"":5,""physical_error_rate"":0.0005}","{""detection_events"":973,""detectors_checked"":458752}"
       273,         0,         0,   0.026,standalone_exact_mw,7e19e1ad41727a9cde3cbef4506ed3530b76f68cf04f4bd50bdb209f12ed436c,"{""distance"":5,""physical_error_rate"":0.002}","{""detection_events"":435,""detectors_checked"":61152}"
      1024,         0,         0,   0.046,standalone_exact_mw,af3bdaf1e2a77998ab67ff9e67a4429848721a57eb3f28bee3f98b2e28b36bb7,"{""distance"":5,""physical_error_rate"":0.001}","{""detection_events"":942,""detectors_checked"":229376}"
      3072,         0,         0,   0.038,standalone_exact_mw,352a3c59735d25dbe5889f513341a2cd2ff9414321bd3c07faf1c3217f623e8c,"{""distance"":5,""physical_error_rate"":5e-05}","{""detection_events"":128,""detectors_checked"":688128}"
      1024,         0,         0,   0.026,standalone_exact_mw,000a12f67b6d2f9febee6f900216609acb0c5281b533fe6e35129362572a0912,"{""distance"":5,""physical_error_rate"":0.0002}","{""detection_events"":207,""detectors_checked"":229376}"
        16,         6,         0,   0.031,standalone_exact_mw,12702c5e61128d4b44480ef36691ba5bf6720a2c09f03d3ad8c53fc4afc35bb2,"{""distance"":5,""physical_error_rate"":0.05}","{""detection_events"":657,""detectors_checked"":3584,""obs_mistake_mask=E"":6}"
        17,         3,         0,   0.023,standalone_exact_mw,a7bb05ea697388040fb303af54aaa3ff48a18caf7b683b31db48b6e9be44c381,"{""distance"":5,""physical_error_rate"":0.02}","{""detection_events"":329,""detectors_checked"":3808,""obs_mistake_mask=E"":3}"
      2048,         0,         0,   0.044,standalone_exact_mw,7a8ab0d03b7ead21ed40b3e2556c734d992a86585a3d666abe35fd996793b7e5,"{""distance"":5,""physical_error_rate"":0.0005}","{""detection_events"":1010,""detectors_checked"":458752}"
        16,         6,         0,   0.047,standalone_exact_mw,0943c70608bcad578ab042ad5c94c4bc8f2f0f47624865c55aa07252cce2b247,"{""distance"":5,""physical_error_rate"":0.1}","{""detection_events"":919,""detectors_checked"":3584,""obs_mistake_mask=E"":6}"
      2048,         0,         0,   0.029,standalone_exact_mw,352a3c59735d25dbe5889f513341a2cd2ff9414321bd3c07faf1c3217f623e8c,"{""distance"":5,""physical_error_rate"":5e-05}","{""detection_events"":96,""detectors_checked"":458752}"
      1024,         0,         0,   0.028,standalone_exact_mw,000a12f67b6d2f9febee6f900216609acb0c5281b533fe6e35129362572a0912,"{""distance"":5,""physical_error_rate"":0.0002}","{""detection_events"":167,""detectors_checked"":229376}"
        17,         1,         0,   0.012,standalone_exact_mw,a7bb05ea697388040fb303af54aaa3ff48a18caf7b683b31db48b6e9be44c381,"{""distance"":5,""physical_error_rate"":0.02}","{""detection_events"":247,""detectors_checked"":3808,""obs_mistake_mask=E"":1}"
      1024,         0,         0,   0.048,standalone_exact_mw,af3bdaf1e2a77998ab67ff9e67a4429848721a57eb3f28bee3f98b2e28b36bb7,"{""distance"":5,""physical_error_rate"":0.001}","{""detection_events"":834,""detectors_checked"":229376}"
         1,         0,         0,   0.013,standalone_exact_mw,af3bdaf1e2a77998ab67ff9e67a4429848721a57eb3f28bee3f98b2e28b36bb7,"{""distance"":5,""physical_error_rate"":0.001}","{""detectors_checked"":224}"
         1,         0,         0,   0.013,standalone_exact_mw,82025e6510dee7191a337377ca233259ac8dbd3ccaf9455e916f723ab2066810,"{""distance"":5,""physical_error_rate"":0.0001}","{""detectors_checked"":224}"
        17,        10,         0,   0.042,standalone_exact_mw,9e4b0060fd38f37acf9b82e4a008f61e02cf84f8d72a89144cdd52107c93bd56,"{""distance"":5,""physical_error_rate"":0.2}","{""detection_events"":1372,""detectors_checked"":3808,""obs_mistake_mask=E"":10}"
      9216,         0,         0,   0.084,standalone_exact_mw,82025e6510dee7191a337377ca233259ac8dbd3ccaf9455e916f723ab2066810,"{""distance"":5,""physical_error_rate"":0.0001}","{""detection_events"":762,""detectors_checked"":2064384}"
      5120,         0,         0,   0.044,standalone_exact_mw,352a3c59735d25dbe5889f513341a2cd2ff9414321bd3c07faf1c3217f623e8c,"{""distance"":5,""physical_error_rate"":5e-05}","{""detection_events"":250,""detectors_checked"":1146880}"
       128,        69,         0,   0.224,standalone_exact_mw,9e4b0060fd38f37acf9b82e4a008f61e02cf84f8d72a89144cdd52107c93bd56,"{""distance"":5,""physical_error_rate"":0.2}","{""detection_events"":10297,""detectors_checked"":28672,""obs_mistake_mask=E"":69}"
      1297,         0,         0,   0.033,standalone_exact_mw,000a12f67b6d2f9febee6f900216609acb0c5281b533fe6e35129362572a0912,"{""distance"":5,""physical_error_rate"":0.0002}","{""detection_events"":272,""detectors_checked"":290528}"
       272,         0,         0,   0.021,standalone_exact_mw,af3bdaf1e2a77998ab67ff9e67a4429848721a57eb3f28bee3f98b2e28b36bb7,"{""distance"":5,""physical_error_rate"":0.001}","{""detection_events"":292,""detectors_checked"":60928}"
      1024,         0,         0,   0.039,standalone_exact_mw,000a12f67b6d2f9febee6f900216609acb0c5281b533fe6e35129362572a0912,"{""distance"":5,""physical_error_rate"":0.0002}","{""detection_events"":178,""detectors_checked"":229376}"
      1297,         0,         0,   0.019,standalone_exact_mw,352a3c59735d25dbe5889f513341a2cd2ff9414321bd3c07faf1c3217f623e8c,"{""distance"":5,""physical_error_rate"":5e-05}","{""detection_events"":41,""detectors_checked"":290528}"
         1,         1,         0,   0.016,standalone_exact_mw,9e4b0060fd38f37acf9b82e4a008f61e02cf84f8d72a89144cdd52107c93bd56,"{""distance"":5,""physical_error_rate"":0.2}","{""detection_events"":84,""detectors_checked"":224,""obs_mistake_mask=E"":1}"
      3072,         0,         0,   0.064,standalone_exact_mw,7a8ab0d03b7ead21ed40b3e2556c734d992a86585a3d666abe35fd996793b7e5,"{""distance"":5,""physical_error_rate"":0.0005}","{""detection_events"":1435,""detectors_checked"":688128}"
         1,         0,         0,   0.001,standalone_exact_mw,7e19e1ad41727a9cde3cbef4506ed3530b76f68cf04f4bd50bdb209f12ed436c,"{""distance"":5,""physical_error_rate"":0.002}","{""detectors_checked"":224}"
         1,         0,         0,   0.001,standalone_exact_mw,6d50b7fd582d689cd34243588f2f768701e9a9d8fa2628f899f8cc10d0d983f2,"{""distance"":5,""physical_error_rate"":0.01}","{""detection_events"":7,""detectors_checked"":224}"
         1,         0,         0,   0.003,standalone_exact_mw,6d50b7fd582d689cd34243588f2f768701e9a9d8fa2628f899f8cc10d0d983f2,"{""distance"":5,""physical_error_rate"":0.01}","{""detection_events"":11,""detectors_checked"":224}"
         1,         1,         0,   0.003,standalone_exact_mw,0943c70608bcad578ab042ad5c94c4bc8f2f0f47624865c55aa07252cce2b247,"{""distance"":5,""physical_error_rate"":0.1}","{""detection_events"":53,""detectors_checked"":224,""obs_mistake_mask=E"":1}"
         1,         0,         0,   0.003,standalone_exact_mw,12702c5e61128d4b44480ef36691ba5bf6720a2c09f03d3ad8c53fc4afc35bb2,"{""distance"":5,""physical_error_rate"":0.05}","{""detection_events"":40,""detectors_checked"":224}"
         1,         0,         0,   0.003,standalone_exact_mw,9e4b0060fd38f37acf9b82e4a008f61e02cf84f8d72a89144cdd52107c93bd56,"{""distance"":5,""physical_error_rate"":0.2}","{""detection_events"":78,""detectors_checked"":224}"
      1024,         0,         0,   0.024,standalone_exact_mw,000a12f67b6d2f9febee6f900216609acb0c5281b533fe6e35129362572a0912,"{""distance"":5,""physical_error_rate"":0.0002}","{""detection_events"":189,""detectors_checked"":229376}"
      1024,         0,         0,   0.009,standalone_exact_mw,352a3c59735d25dbe5889f513341a2cd2ff9414321bd3c07faf1c3217f623e8c,"{""distance"":5,""physical_error_rate"":5e-05}","{""detection_events"":49,""detectors_checked"":229376}"
       273,         0,         0,   0.032,standalone_exact_mw,af3bdaf1e2a77998ab67ff9e67a4429848721a57eb3f28bee3f98b2e28b36bb7,"{""distance"":5,""physical_error_rate"":0.001}","{""detection_events"":215,""detectors_checked"":61152}"
      1024,         0,         0,   0.116,standalone_exact_mw,7e19e1ad41727a9cde3cbef4506ed3530b76f68cf04f4bd50bdb209f12ed436c,"{""distance"":5,""physical_error_rate"":0.002}","{""detection_events"":1848,""detectors_checked"":229376}"
        16,         1,         0,   0.016,standalone_exact_mw,12702c5e61128d4b44480ef36691ba5bf6720a2c09f03d3ad8c53fc4afc35bb2,"{""distance"":5,""physical_error_rate"":0.05}","{""detection_events"":535,""detectors_checked"":3584,""obs_mistake_mask=E"":1}"
      2320,         0,         0,   0.065,standalone_exact_mw,82025e6510dee7191a337377ca233259ac8dbd3ccaf9455e916f723ab2066810,"{""distance"":5,""physical_error_rate"":0.0001}","{""detection_events"":206,""detectors_checked"":519680}"
        17,         2,         0,   0.027,standalone_exact_mw,12702c5e61128d4b44480ef36691ba5bf6720a2c09f03d3ad8c53fc4afc35bb2,"{""distance"":5,""physical_error_rate"":0.05}","{""detection_events"":569,""detectors_checked"":3808,""obs_mistake_mask=E"":2}"
       272,         0,         0,   0.026,standalone_exact_mw,7e19e1ad41727a9cde3cbef4506ed3530b76f68cf04f4bd50bdb209f12ed436c,"{""distance"":5,""physical_error_rate"":0.002}","{""detection_events"":420,""detectors_checked"":60928}"
      2048,         0,         0,   0.081,standalone_exact_mw,af3bdaf1e2a77998ab67ff9e67a4429848721a57eb3f28bee3f98b2e28b36bb7,"{""distance"":5,""physical_error_rate"":0.001}","{""detection_events"":1939,""detectors_checked"":458752}"
       256,        49,         0,   0.290,standalone_exact_mw,12702c5e61128d4b44480ef36691ba5bf6720a2c09f03d3ad8c53fc4afc35bb2,"{""distance"":5,""physical_error_rate"":0.05}","{""detection_events"":9196,""detectors_checked"":57344,""obs_mistake_mask=E"":49}"
      1024,         0,         0,   0.051,standalone_exact_mw,af3bdaf1e2a77998ab67ff9e67a4429848721a57eb3f28bee3f98b2e28b36bb7,"{""distance"":5,""physical_error_rate"":0.001}","{""detection_events"":927,""detectors_checked"":229376}"
      1024,         0,         0,   0.029,standalone_exact_mw,000a12f67b6d2f9febee6f900216609acb0c5281b533fe6e35129362572a0912,"{""distance"":5,""physical_error_rate"":0.0002}","{""detection_events"":230,""detectors_checked"":229376}"
      2048,         0,         0,   0.028,standalone_exact_mw,352a3c59735d25dbe5889f513341a2cd2ff9414321bd3c07faf1c3217f623e8c,"{""distance"":5,""physical_error_rate"":5e-05}","{""detection_events"":75,""detectors_checked"":458752}"
      7168,         0,         0,   0.056,standalone_exact_mw,352a3c59735d25dbe5889f513341a2cd2ff9414321bd3c07faf1c3217f623e8c,"{""distance"":5,""physical_error_rate"":5e-05}","{""detection_events"":326,""detectors_checked"":1605632}"
         1,         1,         0,   0.015,standalone_exact_mw,0943c70608bcad578ab042ad5c94c4bc8f2f0f47624865c55aa07252cce2b247,"{""distance"":5,""physical_error_rate"":0.1}","{""detection_events"":53,""detectors_checked"":224,""obs_mistake_mask=E"":1}"
      3072,         0,         0,   0.063,standalone_exact_mw,000a12f67b6d2f9febee6f900216609acb0c5281b533fe6e35129362572a0912,"{""distance"":5,""physical_error_rate"":0.0002}","{""detection_events"":515,""detectors_checked"":688128}"
        16,         5,         0,   0.047,standalone_exact_mw,0943c70608bcad578ab042ad5c94c4bc8f2f0f47624865c55aa07252cce2b247,"{""distance"":5,""physical_error_rate"":0.1}","{""detection_events"":980,""detectors_checked"":3584,""obs_mistake_mask=E"":5}"
        17,         2,         0,   0.011,standalone_exact_mw,a7bb05ea697388040fb303af54aaa3ff48a18caf7b683b31db48b6e9be44c381,"{""distance"":5,""physical_error_rate"":0.02}","{""detection_events"":346,""detectors_checked"":3808,""obs_mistake_mask=E"":2}"
        16,         8,         0,   0.051,standalone_exact_mw,9e4b0060fd38f37acf9b82e4a008f61e02cf84f8d72a89144cdd52107c93bd56,"{""distance"":5,""physical_error_rate"":0.2}","{""detection_events"":1290,""detectors_checked"":3584,""obs_mistake_mask=E"":8}"
        16,         8,         0,   0.047,standalone_exact_mw,9e4b0060fd38f37acf9b82e4a008f61e02cf84f8d72a89144cdd52107c93bd56,"{""distance"":5,""physical_error_rate"":0.2}","{""detection_events"":1298,""detectors_checked"":3584,""obs_mistake_mask=E"":8}"
      3072,         0,         0,   0.034,standalone_exact_mw,352a3c59735d25dbe5889f513341a2cd2ff9414321bd3c07faf1c3217f623e8c,"{""distance"":5,""physical_error_rate"":5e-05}","{""detection_events"":117,""detectors_checked"":688128}"
      1024,         0,         0,   0.039,standalone_exact_mw,82025e6510dee7191a337377ca233259ac8dbd3ccaf9455e916f723ab2066810,"{""distance"":5,""physical_error_rate"":0.0001}","{""detection_events"":94,""detectors_checked"":229376}"
      1024,         0,         0,   0.061,standalone_exact_mw,7e19e1ad41727a9cde3cbef4506ed3530b76f68cf04f4bd50bdb209f12ed436c,"{""distance"":5,""physical_error_rate"":0.002}","{""detection_events"":1933,""detectors_checked"":229376}"
         1,         0,         0,   0.014,standalone_exact_mw,352a3c59735d25dbe5889f513341a2cd2ff9414321bd3c07faf1c3217f623e8c,"{""distance"":5,""physical_error_rate"":5e-05}","{""detectors_checked"":224}"
      7168,         0,         0,   0.100,standalone_exact_mw,82025e6510dee7191a337377ca233259ac8dbd3ccaf9455e916f723ab2066810,"{""distance"":5,""physical_error_rate"":0.0001}","{""detection_events"":673,""detectors_checked"":1605632}"
        16,         5,         0,   0.045,standalone_exact_mw,0943c70608bcad578ab042ad5c94c4bc8f2f0f47624865c55aa07252cce2b247,"{""distance"":5,""physical_error_rate"":0.1}","{""detection_events"":954,""detectors_checked"":3584,""obs_mistake_mask=E"":5}"
      2048,         0,         0,   0.051,standalone_exact_mw,000a12f67b6d2f9febee6f900216609acb0c5281b533fe6e35129362572a0912,"{""distance"":5,""physical_error_rate"":0.0002}","{""detection_events"":418,""detectors_checked"":458752}"
      1024,         0,         0,   0.062,standalone_exact_mw,af3bdaf1e2a77998ab67ff9e67a4429848721a57eb3f28bee3f98b2e28b36bb7,"{""distance"":5,""physical_error_rate"":0.001}","{""detection_events"":934,""detectors_checked"":229376}"
      1024,         0,         0,   0.296,standalone_exact_mw,66176dfa0edb1b91f153995b3e04cb00912080f83721647eefdac2e2d96d98b0,"{""distance"":5,""physical_error_rate"":0.005}","{""detection_events"":4461,""detectors_checked"":229376}"
       273,         0,         0,   0.015,standalone_exact_mw,7a8ab0d03b7ead21ed40b3e2556c734d992a86585a3d666abe35fd996793b7e5,"{""distance"":5,""physical_error_rate"":0.0005}","{""detection_events"":149,""detectors_checked"":61152}"
      1024,         0,         0,   0.294,standalone_exact_mw,66176dfa0edb1b91f153995b3e04cb00912080f83721647eefdac2e2d96d98b0,"{""distance"":5,""physical_error_rate"":0.005}","{""detection_events"":4384,""detectors_checked"":229376}"
      1024,         0,         0,   0.024,standalone_exact_mw,82025e6510dee7191a337377ca233259ac8dbd3ccaf9455e916f723ab2066810,"{""distance"":5,""physical_error_rate"":0.0001}","{""detection_events"":80,""detectors_checked"":229376}"
      1296,         0,         0,   0.023,standalone_exact_mw,352a3c59735d25dbe5889f513341a2cd2ff9414321bd3c07faf1c3217f623e8c,"{""distance"":5,""physical_error_rate"":5e-05}","{""detection_events"":49,""detectors_checked"":290304}"
       128,        54,         0,   0.262,standalone_exact_mw,2d967988b3b1de6f15c2ff5423fbe62b4fefa22552fc7db0232542459cc83bbd,"{""distance"":5,""physical_error_rate"":0.5}","{""detection_events"":13063,""detectors_checked"":28672,""obs_mistake_mask=E"":54}"
      3072,         0,         0,   0.103,standalone_exact_mw,7a8ab0d03b7ead21ed40b3e2556c734d992a86585a3d666abe35fd996793b7e5,"{""distance"":5,""physical_error_rate"":0.0005}","{""detection_events"":1444,""detectors_checked"":688128}"
      1024,         0,         0,   0.077,standalone_exact_mw,af3bdaf1e2a77998ab67ff9e67a4429848721a57eb3f28bee3f98b2e28b36bb7,"{""distance"":5,""physical_error_rate"":0.001}","{""detection_events"":954,""detectors_checked"":229376}"
     11264,         0,         0,   0.081,standalone_exact_mw,352a3c59735d25dbe5889f513341a2cd2ff9414321bd3c07faf1c3217f623e8c,"{""distance"":5,""physical_error_rate"":5e-05}","{""detection_events"":542,""detectors_checked"":2523136}"
      3072,         0,         0,   0.052,standalone_exact_mw,352a3c59735d25dbe5889f513341a2cd2ff9414321bd3c07faf1c3217f623e8c,"{""distance"":5,""physical_error_rate"":5e-05}","{""detection_events"":111,""detectors_checked"":688128}"
      3072,         0,         0,   0.074,standalone_exact_mw,000a12f67b6d2f9febee6f900216609acb0c5281b533fe6e35129362572a0912,"{""distance"":5,""physical_error_rate"":0.0002}","{""detection_events"":534,""detectors_checked"":688128}"
       273,         0,         0,   0.024,standalone_exact_mw,af3bdaf1e2a77998ab67ff9e67a4429848721a57eb3f28bee3f98b2e28b36bb7,"{""distance"":5,""physical_error_rate"":0.001}","{""detection_events"":226,""detectors_checked"":61152}"
        17,         0,         0,   0.011,standalone_exact_mw,7e19e1ad41727a9cde3cbef4506ed3530b76f68cf04f4bd50bdb209f12ed436c,"{""distance"":5,""physical_error_rate"":0.002}","{""detection_events"":36,""detectors_checked"":3808}"
      1024,         0,         0,   0.058,standalone_exact_mw,7e19e1ad41727a9cde3cbef4506ed3530b76f68cf04f4bd50bdb209f12ed436c,"{""distance"":5,""physical_error_rate"":0.002}","{""detection_events"":1809,""detectors_checked"":229376}"
      3072,         0,         0,   0.105,standalone_exact_mw,af3bdaf1e2a77998ab67ff9e67a4429848721a57eb3f28bee3f98b2e28b36bb7,"{""distance"":5,""physical_error_rate"":0.001}","{""detection_events"":2759,""detectors_checked"":688128}"
      2048,         0,         0,   0.050,standalone_exact_mw,000a12f67b6d2f9febee6f900216609acb0c5281b533fe6e35129362572a0912,"{""distance"":5,""physical_error_rate"":0.0002}","{""detection_events"":333,""detectors_checked"":458752}"
      1024,         1,         0,   0.340,standalone_exact_mw,6d50b7fd582d689cd34243588f2f768701e9a9d8fa2628f899f8cc10d0d983f2,"{""distance"":5,""physical_error_rate"":0.01}","{""detection_events"":8671,""detectors_checked"":229376,""obs_mistake_mask=E"":1}"
      1024,         0,         0,   0.051,standalone_exact_mw,82025e6510dee7191a337377ca233259ac8dbd3ccaf9455e916f723ab2066810,"{""distance"":5,""physical_error_rate"":0.0001}","{""detection_events"":109,""detectors_checked"":229376}"
      1024,         0,         0,   0.047,standalone_exact_mw,352a3c59735d25dbe5889f513341a2cd2ff9414321bd3c07faf1c3217f623e8c,"{""distance"":5,""physical_error_rate"":5e-05}","{""detection_events"":46,""detectors_checked"":229376}"
       272,         0,         0,   0.152,standalone_exact_mw,6d50b7fd582d689cd34243588f2f768701e9a9d8fa2628f899f8cc10d0d983f2,"{""distance"":5,""physical_error_rate"":0.01}","{""detection_events"":2422,""detectors_checked"":60928}"
      1024,         0,         0,   0.067,standalone_exact_mw,7a8ab0d03b7ead21ed40b3e2556c734d992a86585a3d666abe35fd996793b7e5,"{""distance"":5,""physical_error_rate"":0.0005}","{""detection_events"":441,""detectors_checked"":229376}"
         1,         0,         0,   0.014,standalone_exact_mw,66176dfa0edb1b91f153995b3e04cb00912080f83721647eefdac2e2d96d98b0,"{""distance"":5,""physical_error_rate"":0.005}","{""detection_events"":7,""detectors_checked"":224}"
      1024,         0,         0,   0.083,standalone_exact_mw,af3bdaf1e2a77998ab67ff9e67a4429848721a57eb3f28bee3f98b2e28b36bb7,"{""distance"":5,""physical_error_rate"":0.001}","{""detection_events"":881,""detectors_checked"":229376}"
      1024,         0,         0,   0.146,standalone_exact_mw,7e19e1ad41727a9cde3cbef4506ed3530b76f68cf04f4bd50bdb209f12ed436c,"{""distance"":5,""physical_error_rate"":0.002}","{""detection_events"":1995,""detectors_checked"":229376}"
      1024,         0,         0,   0.078,standalone_exact_mw,af3bdaf1e2a77998ab67ff9e67a4429848721a57eb3f28bee3f98b2e28b36bb7,"{""distance"":5,""physical_error_rate"":0.001}","{""detection_events"":1010,""detectors_checked"":229376}"
       256,         0,         0,   0.057,standalone_exact_mw,7e19e1ad41727a9cde3cbef4506ed3530b76f68cf04f4bd50bdb209f12ed436c,"{""distance"":5,""physical_error_rate"":0.002}","{""detection_events"":435,""detectors_checked"":57344}"
      2048,         0,         0,   0.056,standalone_exact_mw,000a12f67b6d2f9febee6f900216609acb0c5281b533fe6e35129362572a0912,"{""distance"":5,""physical_error_rate"":0.0002}","{""detection_events"":419,""detectors_checked"":458752}"
       272,         1,         0,   0.178,standalone_exact_mw,6d50b7fd582d689cd34243588f2f768701e9a9d8fa2628f899f8cc10d0d983f2,"{""distance"":5,""physical_error_rate"":0.01}","{""detection_events"":2428,""detectors_checked"":60928,""obs_mistake_mask=E"":1}"
      4096,         0,         0,   0.072,standalone_exact_mw,352a3c59735d25dbe5889f513341a2cd2ff9414321bd3c07faf1c3217f623e8c,"{""distance"":5,""physical_error_rate"":5e-05}","{""detection_events"":219,""detectors_checked"":917504}"
      1024,         0,         0,   0.055,standalone_exact_mw,82025e6510dee7191a337377ca233259ac8dbd3ccaf9455e916f723ab2066810,"{""distance"":5,""physical_error_rate"":0.0001}","{""detection_events"":64,""detectors_checked"":229376}"
       256,         4,         0,   0.277,standalone_exact_mw,a7bb05ea697388040fb303af54aaa3ff48a18caf7b683b31db48b6e9be44c381,"{""distance"":5,""physical_error_rate"":0.02}","{""detection_events"":4419,""detectors_checked"":57344,""obs_mistake_mask=E"":4}"
         1,         0,         0,   0.023,standalone_exact_mw,6d50b7fd582d689cd34243588f2f768701e9a9d8fa2628f899f8cc10d0d983f2,"{""distance"":5,""physical_error_rate"":0.01}","{""detection_events"":7,""detectors_checked"":224}"
      1024,         0,         0,   0.050,standalone_exact_mw,7a8ab0d03b7ead21ed40b3e2556c734d992a86585a3d666abe35fd996793b7e5,"{""distance"":5,""physical_error_rate"":0.0005}","{""detection_events"":525,""detectors_checked"":229376}"
      1024,         0,         0,   0.065,standalone_exact_mw,7e19e1ad41727a9cde3cbef4506ed3530b76f68cf04f4bd50bdb209f12ed436c,"{""distance"":5,""physical_error_rate"":0.002}","{""detection_events"":1813,""detectors_checked"":229376}"
      3072,         0,         0,   0.049,standalone_exact_mw,352a3c59735d25dbe5889f513341a2cd2ff9414321bd3c07faf1c3217f623e8c,"{""distance"":5,""physical_error_rate"":5e-05}","{""detection_events"":154,""detectors_checked"":688128}"
        17,         0,         0,   0.010,standalone_exact_mw,7a8ab0d03b7ead21ed40b3e2556c734d992a86585a3d666abe35fd996793b7e5,"{""distance"":5,""physical_error_rate"":0.0005}","{""detection_events"":3,""detectors_checked"":3808}"
       272,         0,         0,   0.050,standalone_exact_mw,66176dfa0edb1b91f153995b3e04cb00912080f83721647eefdac2e2d96d98b0,"{""distance"":5,""physical_error_rate"":0.005}","{""detection_events"":1255,""detectors_checked"":60928}"
      4096,         0,         0,   0.116,standalone_exact_mw,7a8ab0d03b7ead21ed40b3e2556c734d992a86585a3d666abe35fd996793b7e5,"{""distance"":5,""physical_error_rate"":0.0005}","{""detection_events"":1765,""detectors_checked"":917504}"
      1024,         0,         0,   0.088,standalone_exact_mw,af3bdaf1e2a77998ab67ff9e67a4429848721a57eb3f28bee3f98b2e28b36bb7,"{""distance"":5,""physical_error_rate"":0.001}","{""detection_events"":1083,""detectors_checked"":229376}"
         1,         0,         0,   0.009,standalone_exact_mw,7e19e1ad41727a9cde3cbef4506ed3530b76f68cf04f4bd50bdb209f12ed436c,"{""distance"":5,""physical_error_rate"":0.002}","{""detectors_checked"":224}"
       256,         6,         0,   0.275,standalone_exact_mw,a7bb05ea697388040fb303af54aaa3ff48a18caf7b683b31db48b6e9be44c381,"{""distance"":5,""physical_error_rate"":0.02}","{""detection_events"":4271,""detectors_checked"":57344,""obs_mistake_mask=E"":6}"
     14336,         0,         0,   0.112,standalone_exact_mw,352a3c59735d25dbe5889f513341a2cd2ff9414321bd3c07faf1c3217f623e8c,"{""distance"":5,""physical_error_rate"":5e-05}","{""detection_events"":649,""detectors_checked"":3211264}"
     17408,         0,         0,   0.150,standalone_exact_mw,82025e6510dee7191a337377ca233259ac8dbd3ccaf9455e916f723ab2066810,"{""distance"":5,""physical_error_rate"":0.0001}","{""detection_events"":1692,""detectors_checked"":3899392}"
      7168,         0,         0,   0.115,standalone_exact_mw,000a12f67b6d2f9febee6f900216609acb0c5281b533fe6e35129362572a0912,"{""distance"":5,""physical_error_rate"":0.0002}","{""detection_events"":1289,""detectors_checked"":1605632}"
      2048,         0,         0,   0.028,standalone_exact_mw,352a3c59735d25dbe5889f513341a2cd2ff9414321bd3c07faf1c3217f623e8c,"{""distance"":5,""physical_error_rate"":5e-05}","{""detection_events"":76,""detectors_checked"":458752}"
      1297,         0,         0,   0.040,standalone_exact_mw,000a12f67b6d2f9febee6f900216609acb0c5281b533fe6e35129362572a0912,"{""distance"":5,""physical_error_rate"":0.0002}","{""detection_events"":259,""detectors_checked"":290528}"
      1024,         0,         0,   0.049,standalone_exact_mw,7a8ab0d03b7ead21ed40b3e2556c734d992a86585a3d666abe35fd996793b7e5,"{""distance"":5,""physical_error_rate"":0.0005}","{""detection_events"":429,""detectors_checked"":229376}"
      3072,         0,         0,   0.138,standalone_exact_mw,af3bdaf1e2a77998ab67ff9e67a4429848721a57eb3f28bee3f98b2e28b36bb7,"{""distance"":5,""physical_error_rate"":0.001}","{""detection_events"":2908,""detectors_checked"":688128}"
      5120,         0,         0,   0.080,standalone_exact_mw,352a3c59735d25dbe5889f513341a2cd2ff9414321bd3c07faf1c3217f623e8c,"{""distance"":5,""physical_error_rate"":5e-05}","{""detection_events"":197,""detectors_checked"":1146880}"
      4096,         0,         0,   0.083,standalone_exact_mw,000a12f67b6d2f9febee6f900216609acb0c5281b533fe6e35129362572a0912,"{""distance"":5,""physical_error_rate"":0.0002}","{""detection_events"":792,""detectors_checked"":917504}"
       272,         0,         0,   0.064,standalone_exact_mw,7e19e1ad41727a9cde3cbef4506ed3530b76f68cf04f4bd50bdb209f12ed436c,"{""distance"":5,""physical_error_rate"":0.002}","{""detection_events"":533,""detectors_checked"":60928}"
      1024,         0,         0,   0.077,standalone_exact_mw,7e19e1ad41727a9cde3cbef4506ed3530b76f68cf04f4bd50bdb209f12ed436c,"{""distance"":5,""physical_error_rate"":0.002}","{""detection_events"":2010,""detectors_checked"":229376}"
      4096,         0,         0,   0.055,standalone_exact_mw,352a3c59735d25dbe5889f513341a2cd2ff9414321bd3c07faf1c3217f623e8c,"{""distance"":5,""physical_error_rate"":5e-05}","{""detection_events"":171,""detectors_checked"":917504}"
      1024,         0,         0,   0.050,standalone_exact_mw,000a12f67b6d2f9febee6f900216609acb0c5281b533fe6e35129362572a0912,"{""distance"":5,""physical_error_rate"":0.0002}","{""detection_events"":211,""detectors_checked"":229376}"
      1024,         0,         0,   0.114,standalone_exact_mw,af3bdaf1e2a77998ab67ff9e67a4429848721a57eb3f28bee3f98b2e28b36bb7,"{""distance"":5,""physical_error_rate"":0.001}","{""detection_events"":977,""detectors_checked"":229376}"
      1280,         0,         0,   0.096,standalone_exact_mw,7a8ab0d03b7ead21ed40b3e2556c734d992a86585a3d666abe35fd996793b7e5,"{""distance"":5,""physical_error_rate"":0.0005}","{""detection_events"":625,""detectors_checked"":286720}"
        17,        10,         0,   0.089,standalone_exact_mw,2d967988b3b1de6f15c2ff5423fbe62b4fefa22552fc7db0232542459cc83bbd,"{""distance"":5,""physical_error_rate"":0.5}","{""detection_events"":1717,""detectors_checked"":3808,""obs_mistake_mask=E"":10}"
      1024,         0,         0,   0.096,standalone_exact_mw,af3bdaf1e2a77998ab67ff9e67a4429848721a57eb3f28bee3f98b2e28b36bb7,"{""distance"":5,""physical_error_rate"":0.001}","{""detection_events"":965,""detectors_checked"":229376}"
         1,         0,         0,   0.008,standalone_exact_mw,66176dfa0edb1b91f153995b3e04cb00912080f83721647eefdac2e2d96d98b0,"{""distance"":5,""physical_error_rate"":0.005}","{""detection_events"":4,""detectors_checked"":224}"
      1024,         0,         0,   0.054,standalone_exact_mw,7a8ab0d03b7ead21ed40b3e2556c734d992a86585a3d666abe35fd996793b7e5,"{""distance"":5,""physical_error_rate"":0.0005}","{""detection_events"":495,""detectors_checked"":229376}"
      2048,         0,         0,   0.129,standalone_exact_mw,82025e6510dee7191a337377ca233259ac8dbd3ccaf9455e916f723ab2066810,"{""distance"":5,""physical_error_rate"":0.0001}","{""detection_events"":166,""detectors_checked"":458752}"
       128,        62,         0,   0.398,standalone_exact_mw,0943c70608bcad578ab042ad5c94c4bc8f2f0f47624865c55aa07252cce2b247,"{""distance"":5,""physical_error_rate"":0.1}","{""detection_events"":7219,""detectors_checked"":28672,""obs_mistake_mask=E"":62}"
      1024,         0,         0,   0.034,standalone_exact_mw,000a12f67b6d2f9febee6f900216609acb0c5281b533fe6e35129362572a0912,"{""distance"":5,""physical_error_rate"":0.0002}","{""detection_events"":160,""detectors_checked"":229376}"
      1024,         0,         0,   0.153,standalone_exact_mw,7e19e1ad41727a9cde3cbef4506ed3530b76f68cf04f4bd50bdb209f12ed436c,"{""distance"":5,""physical_error_rate"":0.002}","{""detection_events"":1933,""detectors_checked"":229376}"
      1024,         0,         0,   0.174,standalone_exact_mw,7e19e1ad41727a9cde3cbef4506ed3530b76f68cf04f4bd50bdb209f12ed436c,"{""distance"":5,""physical_error_rate"":0.002}","{""detection_events"":1902,""detectors_checked"":229376}"
      1024,         0,         0,   0.054,standalone_exact_mw,7a8ab0d03b7ead21ed40b3e2556c734d992a86585a3d666abe35fd996793b7e5,"{""distance"":5,""physical_error_rate"":0.0005}","{""detection_events"":409,""detectors_checked"":229376}"
         1,         0,         0,   0.017,standalone_exact_mw,82025e6510dee7191a337377ca233259ac8dbd3ccaf9455e916f723ab2066810,"{""distance"":5,""physical_error_rate"":0.0001}","{""detection_events"":2,""detectors_checked"":224}"
      1024,         0,         0,   0.077,standalone_exact_mw,7e19e1ad41727a9cde3cbef4506ed3530b76f68cf04f4bd50bdb209f12ed436c,"{""distance"":5,""physical_error_rate"":0.002}","{""detection_events"":1933,""detectors_checked"":229376}"
      1024,         0,         0,   0.185,standalone_exact_mw,af3bdaf1e2a77998ab67ff9e67a4429848721a57eb3f28bee3f98b2e28b36bb7,"{""distance"":5,""physical_error_rate"":0.001}","{""detection_events"":836,""detectors_checked"":229376}"
      1024,         0,         0,   0.061,standalone_exact_mw,af3bdaf1e2a77998ab67ff9e67a4429848721a57eb3f28bee3f98b2e28b36bb7,"{""distance"":5,""physical_error_rate"":0.001}","{""detection_events"":903,""detectors_checked"":229376}"
      6144,         0,         0,   0.080,standalone_exact_mw,352a3c59735d25dbe5889f513341a2cd2ff9414321bd3c07faf1c3217f623e8c,"{""distance"":5,""physical_error_rate"":5e-05}","{""detection_events"":231,""detectors_checked"":1376256}"
       272,         1,         0,   0.159,standalone_exact_mw,6d50b7fd582d689cd34243588f2f768701e9a9d8fa2628f899f8cc10d0d983f2,"{""distance"":5,""physical_error_rate"":0.01}","{""detection_events"":2428,""detectors_checked"":60928,""obs_mistake_mask=E"":1}"
     17408,         0,         0,   0.152,standalone_exact_mw,352a3c59735d25dbe5889f513341a2cd2ff9414321bd3c07faf1c3217f623e8c,"{""distance"":5,""physical_error_rate"":5e-05}","{""detection_events"":739,""detectors_checked"":3899392}"
      7168,         1,         0,   0.150,standalone_exact_mw,7a8ab0d03b7ead21ed40b3e2556c734d992a86585a3d666abe35fd996793b7e5,"{""distance"":5,""physical_error_rate"":0.0005}","{""detection_events"":3457,""detectors_checked"":1605632,""obs_mistake_mask=E"":1}"
      5120,         0,         0,   0.110,standalone_exact_mw,000a12f67b6d2f9febee6f900216609acb0c5281b533fe6e35129362572a0912,"{""distance"":5,""physical_error_rate"":0.0002}","{""detection_events"":976,""detectors_checked"":1146880}"
      1024,         0,         0,   0.095,standalone_exact_mw,af3bdaf1e2a77998ab67ff9e67a4429848721a57eb3f28bee3f98b2e28b36bb7,"{""distance"":5,""physical_error_rate"":0.001}","{""detection_events"":894,""detectors_checked"":229376}"
      1024,         0,         0,   0.053,standalone_exact_mw,000a12f67b6d2f9febee6f900216609acb0c5281b533fe6e35129362572a0912,"{""distance"":5,""physical_error_rate"":0.0002}","{""detection_events"":217,""detectors_checked"":229376}"
     12288,         0,         0,   0.162,standalone_exact_mw,000a12f67b6d2f9febee6f900216609acb0c5281b533fe6e35129362572a0912,"{""distance"":5,""physical_error_rate"":0.0002}","{""detection_events"":2285,""detectors_checked"":2752512}"
      8192,         0,         0,   0.108,standalone_exact_mw,352a3c59735d25dbe5889f513341a2cd2ff9414321bd3c07faf1c3217f623e8c,"{""distance"":5,""physical_error_rate"":5e-05}","{""detection_events"":403,""detectors_checked"":1835008}"
       272,         0,         0,   0.030,standalone_exact_mw,82025e6510dee7191a337377ca233259ac8dbd3ccaf9455e916f723ab2066810,"{""distance"":5,""physical_error_rate"":0.0001}","{""detection_events"":32,""detectors_checked"":60928}"
      2048,         0,         0,   0.081,standalone_exact_mw,7a8ab0d03b7ead21ed40b3e2556c734d992a86585a3d666abe35fd996793b7e5,"{""distance"":5,""physical_error_rate"":0.0005}","{""detection_events"":793,""detectors_checked"":458752}"
      1024,         0,         0,   0.042,standalone_exact_mw,7a8ab0d03b7ead21ed40b3e2556c734d992a86585a3d666abe35fd996793b7e5,"{""distance"":5,""physical_error_rate"":0.0005}","{""detection_events"":473,""detectors_checked"":229376}"
      2048,         0,         0,   0.032,standalone_exact_mw,000a12f67b6d2f9febee6f900216609acb0c5281b533fe6e35129362572a0912,"{""distance"":5,""physical_error_rate"":0.0002}","{""detection_events"":360,""detectors_checked"":458752}"
     18432,         0,         0,   0.211,standalone_exact_mw,82025e6510dee7191a337377ca233259ac8dbd3ccaf9455e916f723ab2066810,"{""distance"":5,""physical_error_rate"":0.0001}","{""detection_events"":1791,""detectors_checked"":4128768}"
       128,        65,         0,   0.465,standalone_exact_mw,9e4b0060fd38f37acf9b82e4a008f61e02cf84f8d72a89144cdd52107c93bd56,"{""distance"":5,""physical_error_rate"":0.2}","{""detection_events"":10422,""detectors_checked"":28672,""obs_mistake_mask=E"":65}"
      4096,         0,         0,   0.171,standalone_exact_mw,af3bdaf1e2a77998ab67ff9e67a4429848721a57eb3f28bee3f98b2e28b36bb7,"{""distance"":5,""physical_error_rate"":0.001}","{""detection_events"":3569,""detectors_checked"":917504}"
      2048,         0,         0,   0.119,standalone_exact_mw,82025e6510dee7191a337377ca233259ac8dbd3ccaf9455e916f723ab2066810,"{""distance"":5,""physical_error_rate"":0.0001}","{""detection_events"":168,""detectors_checked"":458752}"
       128,        59,         0,   0.400,standalone_exact_mw,0943c70608bcad578ab042ad5c94c4bc8f2f0f47624865c55aa07252cce2b247,"{""distance"":5,""physical_error_rate"":0.1}","{""detection_events"":7342,""detectors_checked"":28672,""obs_mistake_mask=E"":59}"
      1024,         2,         0,   0.370,standalone_exact_mw,66176dfa0edb1b91f153995b3e04cb00912080f83721647eefdac2e2d96d98b0,"{""distance"":5,""physical_error_rate"":0.005}","{""detection_events"":4537,""detectors_checked"":229376,""obs_mistake_mask=E"":2}"
      1024,         1,         0,   0.374,standalone_exact_mw,66176dfa0edb1b91f153995b3e04cb00912080f83721647eefdac2e2d96d98b0,"{""distance"":5,""physical_error_rate"":0.005}","{""detection_events"":4730,""detectors_checked"":229376,""obs_mistake_mask=E"":1}"
      1024,         0,         0,   0.065,standalone_exact_mw,82025e6510dee7191a337377ca233259ac8dbd3ccaf9455e916f723ab2066810,"{""distance"":5,""physical_error_rate"":0.0001}","{""detection_events"":69,""detectors_checked"":229376}"
      1024,         0,         0,   0.135,standalone_exact_mw,7e19e1ad41727a9cde3cbef4506ed3530b76f68cf04f4bd50bdb209f12ed436c,"{""distance"":5,""physical_error_rate"":0.002}","{""detection_events"":1822,""detectors_checked"":229376}"
      1024,         0,         0,   0.064,standalone_exact_mw,7a8ab0d03b7ead21ed40b3e2556c734d992a86585a3d666abe35fd996793b7e5,"{""distance"":5,""physical_error_rate"":0.0005}","{""detection_events"":537,""detectors_checked"":229376}"
       512,         3,         0,   0.300,standalone_exact_mw,6d50b7fd582d689cd34243588f2f768701e9a9d8fa2628f899f8cc10d0d983f2,"{""distance"":5,""physical_error_rate"":0.01}","{""detection_events"":4137,""detectors_checked"":114688,""obs_mistake_mask=E"":3}"
      1024,         0,         0,   0.110,standalone_exact_mw,af3bdaf1e2a77998ab67ff9e67a4429848721a57eb3f28bee3f98b2e28b36bb7,"{""distance"":5,""physical_error_rate"":0.001}","{""detection_events"":869,""detectors_checked"":229376}"
      4096,         0,         0,   0.087,standalone_exact_mw,7a8ab0d03b7ead21ed40b3e2556c734d992a86585a3d666abe35fd996793b7e5,"{""distance"":5,""physical_error_rate"":0.0005}","{""detection_events"":1778,""detectors_checked"":917504}"
      6144,         0,         0,   0.107,standalone_exact_mw,352a3c59735d25dbe5889f513341a2cd2ff9414321bd3c07faf1c3217f623e8c,"{""distance"":5,""physical_error_rate"":5e-05}","{""detection_events"":299,""detectors_checked"":1376256}"
       256,       128,         0,   0.510,standalone_exact_mw,9e4b0060fd38f37acf9b82e4a008f61e02cf84f8d72a89144cdd52107c93bd56,"{""distance"":5,""physical_error_rate"":0.2}","{""detection_events"":20787,""detectors_checked"":57344,""obs_mistake_mask=E"":128}"
      1024,         0,         0,   0.140,standalone_exact_mw,7e19e1ad41727a9cde3cbef4506ed3530b76f68cf04f4bd50bdb209f12ed436c,"{""distance"":5,""physical_error_rate"":0.002}","{""detection_events"":1895,""detectors_checked"":229376}"
       128,        64,         0,   0.427,standalone_exact_mw,0943c70608bcad578ab042ad5c94c4bc8f2f0f47624865c55aa07252cce2b247,"{""distance"":5,""physical_error_rate"":0.1}","{""detection_events"":7332,""detectors_checked"":28672,""obs_mistake_mask=E"":64}"
      3072,         0,         0,   0.061,standalone_exact_mw,000a12f67b6d2f9febee6f900216609acb0c5281b533fe6e35129362572a0912,"{""distance"":5,""physical_error_rate"":0.0002}","{""detection_events"":535,""detectors_checked"":688128}"
      1024,         0,         0,   0.150,standalone_exact_mw,af3bdaf1e2a77998ab67ff9e67a4429848721a57eb3f28bee3f98b2e28b36bb7,"{""distance"":5,""physical_error_rate"":0.001}","{""detection_events"":1009,""detectors_checked"":229376}"
       256,        47,         0,   0.595,standalone_exact_mw,12702c5e61128d4b44480ef36691ba5bf6720a2c09f03d3ad8c53fc4afc35bb2,"{""distance"":5,""physical_error_rate"":0.05}","{""detection_events"":9305,""detectors_checked"":57344,""obs_mistake_mask=E"":47}"
         1,         0,         0,   0.035,standalone_exact_mw,2d967988b3b1de6f15c2ff5423fbe62b4fefa22552fc7db0232542459cc83bbd,"{""distance"":5,""physical_error_rate"":0.5}","{""detection_events"":112,""detectors_checked"":224}"
      2048,         0,         0,   0.142,standalone_exact_mw,7e19e1ad41727a9cde3cbef4506ed3530b76f68cf04f4bd50bdb209f12ed436c,"{""distance"":5,""physical_error_rate"":0.002}","{""detection_events"":3866,""detectors_checked"":458752}"
      1024,         4,         0,   0.378,standalone_exact_mw,6d50b7fd582d689cd34243588f2f768701e9a9d8fa2628f899f8cc10d0d983f2,"{""distance"":5,""physical_error_rate"":0.01}","{""detection_events"":9009,""detectors_checked"":229376,""obs_mistake_mask=E"":4}"
       256,       126,         0,   0.699,standalone_exact_mw,0943c70608bcad578ab042ad5c94c4bc8f2f0f47624865c55aa07252cce2b247,"{""distance"":5,""physical_error_rate"":0.1}","{""detection_events"":14774,""detectors_checked"":57344,""obs_mistake_mask=E"":126}"
      1024,         1,         0,   0.313,standalone_exact_mw,66176dfa0edb1b91f153995b3e04cb00912080f83721647eefdac2e2d96d98b0,"{""distance"":5,""physical_error_rate"":0.005}","{""detection_events"":4481,""detectors_checked"":229376,""obs_mistake_mask=E"":1}"
       128,        58,         0,   0.449,standalone_exact_mw,9e4b0060fd38f37acf9b82e4a008f61e02cf84f8d72a89144cdd52107c93bd56,"{""distance"":5,""physical_error_rate"":0.2}","{""detection_events"":10423,""detectors_checked"":28672,""obs_mistake_mask=E"":58}"
      2048,         0,         0,   0.139,standalone_exact_mw,af3bdaf1e2a77998ab67ff9e67a4429848721a57eb3f28bee3f98b2e28b36bb7,"{""distance"":5,""physical_error_rate"":0.001}","{""detection_events"":1821,""detectors_checked"":458752}"
      9216,         0,         0,   0.135,standalone_exact_mw,352a3c59735d25dbe5889f513341a2cd2ff9414321bd3c07faf1c3217f623e8c,"{""distance"":5,""physical_error_rate"":5e-05}","{""detection_events"":438,""detectors_checked"":2064384}"
      1024,         0,         0,   0.064,standalone_exact_mw,82025e6510dee7191a337377ca233259ac8dbd3ccaf9455e916f723ab2066810,"{""distance"":5,""physical_error_rate"":0.0001}","{""detection_events"":104,""detectors_checked"":229376}"
      1024,         0,         0,   0.062,standalone_exact_mw,7a8ab0d03b7ead21ed40b3e2556c734d992a86585a3d666abe35fd996793b7e5,"{""distance"":5,""physical_error_rate"":0.0005}","{""detection_events"":532,""detectors_checked"":229376}"
       256,         4,         0,   0.474,standalone_exact_mw,a7bb05ea697388040fb303af54aaa3ff48a18caf7b683b31db48b6e9be44c381,"{""distance"":5,""physical_error_rate"":0.02}","{""detection_events"":4209,""detectors_checked"":57344,""obs_mistake_mask=E"":4}"
      7168,         0,         0,   0.175,standalone_exact_mw,000a12f67b6d2f9febee6f900216609acb0c5281b533fe6e35129362572a0912,"{""distance"":5,""physical_error_rate"":0.0002}","{""detection_events"":1377,""detectors_checked"":1605632}"
        16,         8,         0,   0.063,standalone_exact_mw,2d967988b3b1de6f15c2ff5423fbe62b4fefa22552fc7db0232542459cc83bbd,"{""distance"":5,""physical_error_rate"":0.5}","{""detection_events"":1589,""detectors_checked"":3584,""obs_mistake_mask=E"":8}"
        64,        41,         0,   0.260,standalone_exact_mw,2d967988b3b1de6f15c2ff5423fbe62b4fefa22552fc7db0232542459cc83bbd,"{""distance"":5,""physical_error_rate"":0.5}","{""detection_events"":6520,""detectors_checked"":14336,""obs_mistake_mask=E"":41}"
        17,         1,         0,   0.070,standalone_exact_mw,a7bb05ea697388040fb303af54aaa3ff48a18caf7b683b31db48b6e9be44c381,"{""distance"":5,""physical_error_rate"":0.02}","{""detection_events"":302,""detectors_checked"":3808,""obs_mistake_mask=E"":1}"
      9216,         0,         0,   0.189,standalone_exact_mw,7a8ab0d03b7ead21ed40b3e2556c734d992a86585a3d666abe35fd996793b7e5,"{""distance"":5,""physical_error_rate"":0.0005}","{""detection_events"":4127,""detectors_checked"":2064384}"
     25600,         0,         0,   0.202,standalone_exact_mw,352a3c59735d25dbe5889f513341a2cd2ff9414321bd3c07faf1c3217f623e8c,"{""distance"":5,""physical_error_rate"":5e-05}","{""detection_events"":1242,""detectors_checked"":5734400}"
      1024,         0,         0,   0.290,standalone_exact_mw,7e19e1ad41727a9cde3cbef4506ed3530b76f68cf04f4bd50bdb209f12ed436c,"{""distance"":5,""physical_error_rate"":0.002}","{""detection_events"":1932,""detectors_checked"":229376}"
      2048,         0,         0,   0.053,standalone_exact_mw,000a12f67b6d2f9febee6f900216609acb0c5281b533fe6e35129362572a0912,"{""distance"":5,""physical_error_rate"":0.0002}","{""detection_events"":416,""detectors_checked"":458752}"
      1024,         0,         0,   0.108,standalone_exact_mw,af3bdaf1e2a77998ab67ff9e67a4429848721a57eb3f28bee3f98b2e28b36bb7,"{""distance"":5,""physical_error_rate"":0.001}","{""detection_events"":955,""detectors_checked"":229376}"
      3072,         0,         0,   0.106,standalone_exact_mw,7a8ab0d03b7ead21ed40b3e2556c734d992a86585a3d666abe35fd996793b7e5,"{""distance"":5,""physical_error_rate"":0.0005}","{""detection_events"":1431,""detectors_checked"":688128}"
     16384,         0,         0,   0.216,standalone_exact_mw,000a12f67b6d2f9febee6f900216609acb0c5281b533fe6e35129362572a0912,"{""distance"":5,""physical_error_rate"":0.0002}","{""detection_events"":3031,""detectors_checked"":3670016}"
       256,       121,         0,   0.517,standalone_exact_mw,2d967988b3b1de6f15c2ff5423fbe62b4fefa22552fc7db0232542459cc83bbd,"{""distance"":5,""physical_error_rate"":0.5}","{""detection_events"":26132,""detectors_checked"":57344,""obs_mistake_mask=E"":121}"
       256,       119,         0,   0.877,standalone_exact_mw,2d967988b3b1de6f15c2ff5423fbe62b4fefa22552fc7db0232542459cc83bbd,"{""distance"":5,""physical_error_rate"":0.5}","{""detection_events"":26076,""detectors_checked"":57344,""obs_mistake_mask=E"":119}"
      1024,         0,         0,   0.091,standalone_exact_mw,82025e6510dee7191a337377ca233259ac8dbd3ccaf9455e916f723ab2066810,"{""distance"":5,""physical_error_rate"":0.0001}","{""detection_events"":104,""detectors_checked"":229376}"
       512,        17,         0,   0.418,standalone_exact_mw,a7bb05ea697388040fb303af54aaa3ff48a18caf7b683b31db48b6e9be44c381,"{""distance"":5,""physical_error_rate"":0.02}","{""detection_events"":8558,""detectors_checked"":114688,""obs_mistake_mask=E"":17}"
      1024,         0,         0,   0.142,standalone_exact_mw,7e19e1ad41727a9cde3cbef4506ed3530b76f68cf04f4bd50bdb209f12ed436c,"{""distance"":5,""physical_error_rate"":0.002}","{""detection_events"":1920,""detectors_checked"":229376}"
       256,        44,         0,   0.624,standalone_exact_mw,12702c5e61128d4b44480ef36691ba5bf6720a2c09f03d3ad8c53fc4afc35bb2,"{""distance"":5,""physical_error_rate"":0.05}","{""detection_events"":9151,""detectors_checked"":57344,""obs_mistake_mask=E"":44}"
      1024,         0,         0,   0.127,standalone_exact_mw,7e19e1ad41727a9cde3cbef4506ed3530b76f68cf04f4bd50bdb209f12ed436c,"{""distance"":5,""physical_error_rate"":0.002}","{""detection_events"":1813,""detectors_checked"":229376}"
     10240,         0,         0,   0.143,standalone_exact_mw,352a3c59735d25dbe5889f513341a2cd2ff9414321bd3c07faf1c3217f623e8c,"{""distance"":5,""physical_error_rate"":5e-05}","{""detection_events"":413,""detectors_checked"":2293760}"
      3072,         0,         0,   0.198,standalone_exact_mw,82025e6510dee7191a337377ca233259ac8dbd3ccaf9455e916f723ab2066810,"{""distance"":5,""physical_error_rate"":0.0001}","{""detection_events"":282,""detectors_checked"":688128}"
      2048,         0,         0,   0.087,standalone_exact_mw,7a8ab0d03b7ead21ed40b3e2556c734d992a86585a3d666abe35fd996793b7e5,"{""distance"":5,""physical_error_rate"":0.0005}","{""detection_events"":953,""detectors_checked"":458752}"
       256,        52,         0,   0.636,standalone_exact_mw,12702c5e61128d4b44480ef36691ba5bf6720a2c09f03d3ad8c53fc4afc35bb2,"{""distance"":5,""physical_error_rate"":0.05}","{""detection_events"":9268,""detectors_checked"":57344,""obs_mistake_mask=E"":52}"
       512,         0,         0,   0.286,standalone_exact_mw,6d50b7fd582d689cd34243588f2f768701e9a9d8fa2628f899f8cc10d0d983f2,"{""distance"":5,""physical_error_rate"":0.01}","{""detection_events"":4421,""detectors_checked"":114688}"
      6144,         0,         0,   0.237,standalone_exact_mw,af3bdaf1e2a77998ab67ff9e67a4429848721a57eb3f28bee3f98b2e28b36bb7,"{""distance"":5,""physical_error_rate"":0.001}","{""detection_events"":5767,""detectors_checked"":1376256}"
      2048,         0,         0,   0.137,standalone_exact_mw,af3bdaf1e2a77998ab67ff9e67a4429848721a57eb3f28bee3f98b2e28b36bb7,"{""distance"":5,""physical_error_rate"":0.001}","{""detection_events"":1916,""detectors_checked"":458752}"
      1024,         0,         0,   0.056,standalone_exact_mw,82025e6510dee7191a337377ca233259ac8dbd3ccaf9455e916f723ab2066810,"{""distance"":5,""physical_error_rate"":0.0001}","{""detection_events"":99,""detectors_checked"":229376}"
      4096,         0,         0,   0.107,standalone_exact_mw,000a12f67b6d2f9febee6f900216609acb0c5281b533fe6e35129362572a0912,"{""distance"":5,""physical_error_rate"":0.0002}","{""detection_events"":766,""detectors_checked"":917504}"
       272,         0,         0,   0.392,standalone_exact_mw,66176dfa0edb1b91f153995b3e04cb00912080f83721647eefdac2e2d96d98b0,"{""distance"":5,""physical_error_rate"":0.005}","{""detection_events"":1241,""detectors_checked"":60928}"
      3072,         0,         0,   0.202,standalone_exact_mw,7e19e1ad41727a9cde3cbef4506ed3530b76f68cf04f4bd50bdb209f12ed436c,"{""distance"":5,""physical_error_rate"":0.002}","{""detection_events"":5656,""detectors_checked"":688128}"
       512,       118,         0,   0.699,standalone_exact_mw,12702c5e61128d4b44480ef36691ba5bf6720a2c09f03d3ad8c53fc4afc35bb2,"{""distance"":5,""physical_error_rate"":0.05}","{""detection_events"":18240,""detectors_checked"":114688,""obs_mistake_mask=E"":118}"
       128,         4,         0,   0.139,standalone_exact_mw,a7bb05ea697388040fb303af54aaa3ff48a18caf7b683b31db48b6e9be44c381,"{""distance"":5,""physical_error_rate"":0.02}","{""detection_events"":2113,""detectors_checked"":28672,""obs_mistake_mask=E"":4}"
     31744,         0,         0,   0.293,standalone_exact_mw,82025e6510dee7191a337377ca233259ac8dbd3ccaf9455e916f723ab2066810,"{""distance"":5,""physical_error_rate"":0.0001}","{""detection_events"":2782,""detectors_checked"":7110656}"
       128,        49,         0,   0.410,standalone_exact_mw,0943c70608bcad578ab042ad5c94c4bc8f2f0f47624865c55aa07252cce2b247,"{""distance"":5,""physical_error_rate"":0.1}","{""detection_events"":7336,""detectors_checked"":28672,""obs_mistake_mask=E"":49}"
     15360,         0,         0,   0.210,standalone_exact_mw,352a3c59735d25dbe5889f513341a2cd2ff9414321bd3c07faf1c3217f623e8c,"{""distance"":5,""physical_error_rate"":5e-05}","{""detection_events"":634,""detectors_checked"":3440640}"
      1024,         0,         0,   0.118,standalone_exact_mw,7e19e1ad41727a9cde3cbef4506ed3530b76f68cf04f4bd50bdb209f12ed436c,"{""distance"":5,""physical_error_rate"":0.002}","{""detection_events"":1812,""detectors_checked"":229376}"
      2048,         0,         0,   0.143,standalone_exact_mw,af3bdaf1e2a77998ab67ff9e67a4429848721a57eb3f28bee3f98b2e28b36bb7,"{""distance"":5,""physical_error_rate"":0.001}","{""detection_events"":1827,""detectors_checked"":458752}"
      7168,         0,         0,   0.193,standalone_exact_mw,000a12f67b6d2f9febee6f900216609acb0c5281b533fe6e35129362572a0912,"{""distance"":5,""physical_error_rate"":0.0002}","{""detection_events"":1307,""detectors_checked"":1605632}"
      4096,         0,         0,   0.162,standalone_exact_mw,7a8ab0d03b7ead21ed40b3e2556c734d992a86585a3d666abe35fd996793b7e5,"{""distance"":5,""physical_error_rate"":0.0005}","{""detection_events"":2029,""detectors_checked"":917504}"
      1024,         0,         0,   0.099,standalone_exact_mw,82025e6510dee7191a337377ca233259ac8dbd3ccaf9455e916f723ab2066810,"{""distance"":5,""physical_error_rate"":0.0001}","{""detection_events"":88,""detectors_checked"":229376}"
      1024,         6,         0,   0.637,standalone_exact_mw,6d50b7fd582d689cd34243588f2f768701e9a9d8fa2628f899f8cc10d0d983f2,"{""distance"":5,""physical_error_rate"":0.01}","{""detection_events"":8825,""detectors_checked"":229376,""obs_mistake_mask=E"":6}"
      1024,         0,         0,   0.271,standalone_exact_mw,af3bdaf1e2a77998ab67ff9e67a4429848721a57eb3f28bee3f98b2e28b36bb7,"{""distance"":5,""physical_error_rate"":0.001}","{""detection_events"":945,""detectors_checked"":229376}"
      1024,         0,         0,   0.159,standalone_exact_mw,7e19e1ad41727a9cde3cbef4506ed3530b76f68cf04f4bd50bdb209f12ed436c,"{""distance"":5,""physical_error_rate"":0.002}","{""detection_events"":1908,""detectors_checked"":229376}"
       512,        15,         0,   0.603,standalone_exact_mw,a7bb05ea697388040fb303af54aaa3ff48a18caf7b683b31db48b6e9be44c381,"{""distance"":5,""physical_error_rate"":0.02}","{""detection_events"":8679,""detectors_checked"":114688,""obs_mistake_mask=E"":15}"
      1024,         0,         0,   0.368,standalone_exact_mw,66176dfa0edb1b91f153995b3e04cb00912080f83721647eefdac2e2d96d98b0,"{""distance"":5,""physical_error_rate"":0.005}","{""detection_events"":4763,""detectors_checked"":229376}"
     13312,         0,         0,   0.207,standalone_exact_mw,352a3c59735d25dbe5889f513341a2cd2ff9414321bd3c07faf1c3217f623e8c,"{""distance"":5,""physical_error_rate"":5e-05}","{""detection_events"":608,""detectors_checked"":2981888}"
      2048,         0,         0,   0.207,standalone_exact_mw,7a8ab0d03b7ead21ed40b3e2556c734d992a86585a3d666abe35fd996793b7e5,"{""distance"":5,""physical_error_rate"":0.0005}","{""detection_events"":924,""detectors_checked"":458752}"
       128,        58,         0,   0.406,standalone_exact_mw,0943c70608bcad578ab042ad5c94c4bc8f2f0f47624865c55aa07252cce2b247,"{""distance"":5,""physical_error_rate"":0.1}","{""detection_events"":7366,""detectors_checked"":28672,""obs_mistake_mask=E"":58}"
      5120,         0,         0,   0.153,standalone_exact_mw,000a12f67b6d2f9febee6f900216609acb0c5281b533fe6e35129362572a0912,"{""distance"":5,""physical_error_rate"":0.0002}","{""detection_events"":954,""detectors_checked"":1146880}"
      1024,         2,         0,   0.396,standalone_exact_mw,66176dfa0edb1b91f153995b3e04cb00912080f83721647eefdac2e2d96d98b0,"{""distance"":5,""physical_error_rate"":0.005}","{""detection_events"":4775,""detectors_checked"":229376,""obs_mistake_mask=E"":2}"
      3072,         0,         0,   0.230,standalone_exact_mw,82025e6510dee7191a337377ca233259ac8dbd3ccaf9455e916f723ab2066810,"{""distance"":5,""physical_error_rate"":0.0001}","{""detection_events"":231,""detectors_checked"":688128}"
     37888,         0,         0,   0.292,standalone_exact_mw,352a3c59735d25dbe5889f513341a2cd2ff9414321bd3c07faf1c3217f623e8c,"{""distance"":5,""physical_error_rate"":5e-05}","{""detection_events"":1750,""detectors_checked"":8486912}"
       128,        69,         0,   0.449,standalone_exact_mw,9e4b0060fd38f37acf9b82e4a008f61e02cf84f8d72a89144cdd52107c93bd56,"{""distance"":5,""physical_error_rate"":0.2}","{""detection_events"":10309,""detectors_checked"":28672,""obs_mistake_mask=E"":69}"
     10240,         0,         0,   0.302,standalone_exact_mw,7a8ab0d03b7ead21ed40b3e2556c734d992a86585a3d666abe35fd996793b7e5,"{""distance"":5,""physical_error_rate"":0.0005}","{""detection_events"":4728,""detectors_checked"":2293760}"
     20480,         0,         0,   0.288,standalone_exact_mw,000a12f67b6d2f9febee6f900216609acb0c5281b533fe6e35129362572a0912,"{""distance"":5,""physical_error_rate"":0.0002}","{""detection_events"":3735,""detectors_checked"":4587520}"
      1024,         0,         0,   0.150,standalone_exact_mw,7e19e1ad41727a9cde3cbef4506ed3530b76f68cf04f4bd50bdb209f12ed436c,"{""distance"":5,""physical_error_rate"":0.002}","{""detection_events"":1768,""detectors_checked"":229376}"
       128,        57,         0,   0.393,standalone_exact_mw,0943c70608bcad578ab042ad5c94c4bc8f2f0f47624865c55aa07252cce2b247,"{""distance"":5,""physical_error_rate"":0.1}","{""detection_events"":7466,""detectors_checked"":28672,""obs_mistake_mask=E"":57}"
      2048,         0,         0,   0.153,standalone_exact_mw,af3bdaf1e2a77998ab67ff9e67a4429848721a57eb3f28bee3f98b2e28b36bb7,"{""distance"":5,""physical_error_rate"":0.001}","{""detection_events"":1852,""detectors_checked"":458752}"
       512,         9,         0,   0.294,standalone_exact_mw,a7bb05ea697388040fb303af54aaa3ff48a18caf7b683b31db48b6e9be44c381,"{""distance"":5,""physical_error_rate"":0.02}","{""detection_events"":8233,""detectors_checked"":114688,""obs_mistake_mask=E"":9}"
      3072,         1,         0,   0.214,standalone_exact_mw,7e19e1ad41727a9cde3cbef4506ed3530b76f68cf04f4bd50bdb209f12ed436c,"{""distance"":5,""physical_error_rate"":0.002}","{""detection_events"":5579,""detectors_checked"":688128,""obs_mistake_mask=E"":1}"
      1024,         0,         0,   0.420,standalone_exact_mw,66176dfa0edb1b91f153995b3e04cb00912080f83721647eefdac2e2d96d98b0,"{""distance"":5,""physical_error_rate"":0.005}","{""detection_events"":4756,""detectors_checked"":229376}"
      3072,         1,         0,   0.262,standalone_exact_mw,af3bdaf1e2a77998ab67ff9e67a4429848721a57eb3f28bee3f98b2e28b36bb7,"{""distance"":5,""physical_error_rate"":0.001}","{""detection_events"":2799,""detectors_checked"":688128,""obs_mistake_mask=E"":1}"
      1024,         0,         0,   0.158,standalone_exact_mw,7e19e1ad41727a9cde3cbef4506ed3530b76f68cf04f4bd50bdb209f12ed436c,"{""distance"":5,""physical_error_rate"":0.002}","{""detection_events"":1872,""detectors_checked"":229376}"
      2048,         0,         0,   0.180,standalone_exact_mw,82025e6510dee7191a337377ca233259ac8dbd3ccaf9455e916f723ab2066810,"{""distance"":5,""physical_error_rate"":0.0001}","{""detection_events"":185,""detectors_checked"":458752}"
      1024,         4,         0,   0.451,standalone_exact_mw,6d50b7fd582d689cd34243588f2f768701e9a9d8fa2628f899f8cc10d0d983f2,"{""distance"":5,""physical_error_rate"":0.01}","{""detection_events"":8903,""detectors_checked"":229376,""obs_mistake_mask=E"":4}"
      8192,         0,         0,   0.324,standalone_exact_mw,af3bdaf1e2a77998ab67ff9e67a4429848721a57eb3f28bee3f98b2e28b36bb7,"{""distance"":5,""physical_error_rate"":0.001}","{""detection_events"":7452,""detectors_checked"":1835008}"
      5120,         0,         0,   0.234,standalone_exact_mw,7a8ab0d03b7ead21ed40b3e2556c734d992a86585a3d666abe35fd996793b7e5,"{""distance"":5,""physical_error_rate"":0.0005}","{""detection_events"":2389,""detectors_checked"":1146880}"
       256,       127,         0,   0.534,standalone_exact_mw,9e4b0060fd38f37acf9b82e4a008f61e02cf84f8d72a89144cdd52107c93bd56,"{""distance"":5,""physical_error_rate"":0.2}","{""detection_events"":20743,""detectors_checked"":57344,""obs_mistake_mask=E"":127}"
     20480,         0,         0,   0.303,standalone_exact_mw,352a3c59735d25dbe5889f513341a2cd2ff9414321bd3c07faf1c3217f623e8c,"{""distance"":5,""physical_error_rate"":5e-05}","{""detection_events"":962,""detectors_checked"":4587520}"
       128,        62,         0,   0.525,standalone_exact_mw,9e4b0060fd38f37acf9b82e4a008f61e02cf84f8d72a89144cdd52107c93bd56,"{""distance"":5,""physical_error_rate"":0.2}","{""detection_events"":10377,""detectors_checked"":28672,""obs_mistake_mask=E"":62}"
      1024,         0,         0,   0.213,standalone_exact_mw,66176dfa0edb1b91f153995b3e04cb00912080f83721647eefdac2e2d96d98b0,"{""distance"":5,""physical_error_rate"":0.005}","{""detection_events"":4553,""detectors_checked"":229376}"
      1024,         0,         0,   0.150,standalone_exact_mw,7e19e1ad41727a9cde3cbef4506ed3530b76f68cf04f4bd50bdb209f12ed436c,"{""distance"":5,""physical_error_rate"":0.002}","{""detection_events"":1906,""detectors_checked"":229376}"
      9216,         0,         0,   0.211,standalone_exact_mw,000a12f67b6d2f9febee6f900216609acb0c5281b533fe6e35129362572a0912,"{""distance"":5,""physical_error_rate"":0.0002}","{""detection_events"":1814,""detectors_checked"":2064384}"
      2048,         0,         0,   0.151,standalone_exact_mw,af3bdaf1e2a77998ab67ff9e67a4429848721a57eb3f28bee3f98b2e28b36bb7,"{""distance"":5,""physical_error_rate"":0.001}","{""detection_events"":1914,""detectors_checked"":458752}"
       128,        68,         0,   0.486,standalone_exact_mw,2d967988b3b1de6f15c2ff5423fbe62b4fefa22552fc7db0232542459cc83bbd,"{""distance"":5,""physical_error_rate"":0.5}","{""detection_events"":12954,""detectors_checked"":28672,""obs_mistake_mask=E"":68}"
      1024,         0,         0,   0.225,standalone_exact_mw,7a8ab0d03b7ead21ed40b3e2556c734d992a86585a3d666abe35fd996793b7e5,"{""distance"":5,""physical_error_rate"":0.0005}","{""detection_events"":517,""detectors_checked"":229376}"
       256,         0,         0,   0.371,standalone_exact_mw,66176dfa0edb1b91f153995b3e04cb00912080f83721647eefdac2e2d96d98b0,"{""distance"":5,""physical_error_rate"":0.005}","{""detection_events"":1103,""detectors_checked"":57344}"
     12288,         0,         0,   0.313,standalone_exact_mw,000a12f67b6d2f9febee6f900216609acb0c5281b533fe6e35129362572a0912,"{""distance"":5,""physical_error_rate"":0.0002}","{""detection_events"":2153,""detectors_checked"":2752512}"
      1024,         5,         0,   0.324,standalone_exact_mw,6d50b7fd582d689cd34243588f2f768701e9a9d8fa2628f899f8cc10d0d983f2,"{""distance"":5,""physical_error_rate"":0.01}","{""detection_events"":9075,""detectors_checked"":229376,""obs_mistake_mask=E"":5}"
      2048,         0,         0,   0.160,standalone_exact_mw,82025e6510dee7191a337377ca233259ac8dbd3ccaf9455e916f723ab2066810,"{""distance"":5,""physical_error_rate"":0.0001}","{""detection_events"":210,""detectors_checked"":458752}"
       256,        42,         0,   0.611,standalone_exact_mw,12702c5e61128d4b44480ef36691ba5bf6720a2c09f03d3ad8c53fc4afc35bb2,"{""distance"":5,""physical_error_rate"":0.05}","{""detection_events"":9165,""detectors_checked"":57344,""obs_mistake_mask=E"":42}"
       128,        67,         0,    1.09,standalone_exact_mw,9e4b0060fd38f37acf9b82e4a008f61e02cf84f8d72a89144cdd52107c93bd56,"{""distance"":5,""physical_error_rate"":0.2}","{""detection_events"":10380,""detectors_checked"":28672,""obs_mistake_mask=E"":67}"
       128,        55,         0,   0.397,standalone_exact_mw,0943c70608bcad578ab042ad5c94c4bc8f2f0f47624865c55aa07252cce2b247,"{""distance"":5,""physical_error_rate"":0.1}","{""detection_events"":7282,""detectors_checked"":28672,""obs_mistake_mask=E"":55}"
     43008,         0,         0,   0.405,standalone_exact_mw,82025e6510dee7191a337377ca233259ac8dbd3ccaf9455e916f723ab2066810,"{""distance"":5,""physical_error_rate"":0.0001}","{""detection_events"":4019,""detectors_checked"":9633792}"
      1024,         0,         0,   0.543,standalone_exact_mw,7e19e1ad41727a9cde3cbef4506ed3530b76f68cf04f4bd50bdb209f12ed436c,"{""distance"":5,""physical_error_rate"":0.002}","{""detection_events"":1920,""detectors_checked"":229376}"
      1024,         0,         0,   0.198,standalone_exact_mw,7e19e1ad41727a9cde3cbef4506ed3530b76f68cf04f4bd50bdb209f12ed436c,"{""distance"":5,""physical_error_rate"":0.002}","{""detection_events"":1919,""detectors_checked"":229376}"
      1024,         4,         0,   0.660,standalone_exact_mw,6d50b7fd582d689cd34243588f2f768701e9a9d8fa2628f899f8cc10d0d983f2,"{""distance"":5,""physical_error_rate"":0.01}","{""detection_events"":9116,""detectors_checked"":229376,""obs_mistake_mask=E"":4}"
     19456,         0,         0,   0.307,standalone_exact_mw,352a3c59735d25dbe5889f513341a2cd2ff9414321bd3c07faf1c3217f623e8c,"{""distance"":5,""physical_error_rate"":5e-05}","{""detection_events"":872,""detectors_checked"":4358144}"
      1024,         0,         0,   0.376,standalone_exact_mw,af3bdaf1e2a77998ab67ff9e67a4429848721a57eb3f28bee3f98b2e28b36bb7,"{""distance"":5,""physical_error_rate"":0.001}","{""detection_events"":970,""detectors_checked"":229376}"
      1024,         0,         0,   0.329,standalone_exact_mw,66176dfa0edb1b91f153995b3e04cb00912080f83721647eefdac2e2d96d98b0,"{""distance"":5,""physical_error_rate"":0.005}","{""detection_events"":4618,""detectors_checked"":229376}"
      4096,         0,         0,   0.340,standalone_exact_mw,82025e6510dee7191a337377ca233259ac8dbd3ccaf9455e916f723ab2066810,"{""distance"":5,""physical_error_rate"":0.0001}","{""detection_events"":415,""detectors_checked"":917504}"
       128,        71,         0,   0.325,standalone_exact_mw,9e4b0060fd38f37acf9b82e4a008f61e02cf84f8d72a89144cdd52107c93bd56,"{""distance"":5,""physical_error_rate"":0.2}","{""detection_events"":10389,""detectors_checked"":28672,""obs_mistake_mask=E"":71}"
       256,        55,         0,   0.584,standalone_exact_mw,12702c5e61128d4b44480ef36691ba5bf6720a2c09f03d3ad8c53fc4afc35bb2,"{""distance"":5,""physical_error_rate"":0.05}","{""detection_events"":9000,""detectors_checked"":57344,""obs_mistake_mask=E"":55}"
       128,        61,         0,   0.395,standalone_exact_mw,0943c70608bcad578ab042ad5c94c4bc8f2f0f47624865c55aa07252cce2b247,"{""distance"":5,""physical_error_rate"":0.1}","{""detection_events"":7300,""detectors_checked"":28672,""obs_mistake_mask=E"":61}"
       256,        52,         0,   0.596,standalone_exact_mw,12702c5e61128d4b44480ef36691ba5bf6720a2c09f03d3ad8c53fc4afc35bb2,"{""distance"":5,""physical_error_rate"":0.05}","{""detection_events"":8873,""detectors_checked"":57344,""obs_mistake_mask=E"":52}"
      4096,         0,         0,   0.312,standalone_exact_mw,af3bdaf1e2a77998ab67ff9e67a4429848721a57eb3f28bee3f98b2e28b36bb7,"{""distance"":5,""physical_error_rate"":0.001}","{""detection_events"":3674,""detectors_checked"":917504}"
      2048,         0,         0,   0.217,standalone_exact_mw,7e19e1ad41727a9cde3cbef4506ed3530b76f68cf04f4bd50bdb209f12ed436c,"{""distance"":5,""physical_error_rate"":0.002}","{""detection_events"":3712,""detectors_checked"":458752}"
       256,       119,         0,   0.658,standalone_exact_mw,2d967988b3b1de6f15c2ff5423fbe62b4fefa22552fc7db0232542459cc83bbd,"{""distance"":5,""physical_error_rate"":0.5}","{""detection_events"":26225,""detectors_checked"":57344,""obs_mistake_mask=E"":119}"
      3072,         0,         0,   0.212,standalone_exact_mw,af3bdaf1e2a77998ab67ff9e67a4429848721a57eb3f28bee3f98b2e28b36bb7,"{""distance"":5,""physical_error_rate"":0.001}","{""detection_events"":2838,""detectors_checked"":688128}"
      1024,         1,         0,   0.225,standalone_exact_mw,66176dfa0edb1b91f153995b3e04cb00912080f83721647eefdac2e2d96d98b0,"{""distance"":5,""physical_error_rate"":0.005}","{""detection_events"":4636,""detectors_checked"":229376,""obs_mistake_mask=E"":1}"
     44032,         0,         0,   0.404,standalone_exact_mw,352a3c59735d25dbe5889f513341a2cd2ff9414321bd3c07faf1c3217f623e8c,"{""distance"":5,""physical_error_rate"":5e-05}","{""detection_events"":2039,""detectors_checked"":9863168}"
      5120,         1,         0,   0.362,standalone_exact_mw,7e19e1ad41727a9cde3cbef4506ed3530b76f68cf04f4bd50bdb209f12ed436c,"{""distance"":5,""physical_error_rate"":0.002}","{""detection_events"":9339,""detectors_checked"":1146880,""obs_mistake_mask=E"":1}"
      2048,         1,         0,   0.151,standalone_exact_mw,7e19e1ad41727a9cde3cbef4506ed3530b76f68cf04f4bd50bdb209f12ed436c,"{""distance"":5,""physical_error_rate"":0.002}","{""detection_events"":3679,""detectors_checked"":458752,""obs_mistake_mask=E"":1}"
     34816,         0,         0,   0.406,standalone_exact_mw,000a12f67b6d2f9febee6f900216609acb0c5281b533fe6e35129362572a0912,"{""distance"":5,""physical_error_rate"":0.0002}","{""detection_events"":6435,""detectors_checked"":7798784}"
     19456,         0,         0,   0.426,standalone_exact_mw,7a8ab0d03b7ead21ed40b3e2556c734d992a86585a3d666abe35fd996793b7e5,"{""distance"":5,""physical_error_rate"":0.0005}","{""detection_events"":8955,""detectors_checked"":4358144}"
      1024,         1,         0,   0.174,standalone_exact_mw,7e19e1ad41727a9cde3cbef4506ed3530b76f68cf04f4bd50bdb209f12ed436c,"{""distance"":5,""physical_error_rate"":0.002}","{""detection_events"":1797,""detectors_checked"":229376,""obs_mistake_mask=E"":1}"
       256,       118,         0,   0.809,standalone_exact_mw,0943c70608bcad578ab042ad5c94c4bc8f2f0f47624865c55aa07252cce2b247,"{""distance"":5,""physical_error_rate"":0.1}","{""detection_events"":14656,""detectors_checked"":57344,""obs_mistake_mask=E"":118}"
      1024,         1,         0,   0.399,standalone_exact_mw,66176dfa0edb1b91f153995b3e04cb00912080f83721647eefdac2e2d96d98b0,"{""distance"":5,""physical_error_rate"":0.005}","{""detection_events"":4468,""detectors_checked"":229376,""obs_mistake_mask=E"":1}"
      7168,         0,         0,   0.342,standalone_exact_mw,7a8ab0d03b7ead21ed40b3e2556c734d992a86585a3d666abe35fd996793b7e5,"{""distance"":5,""physical_error_rate"":0.0005}","{""detection_events"":3216,""detectors_checked"":1605632}"
     16384,         0,         0,   0.314,standalone_exact_mw,000a12f67b6d2f9febee6f900216609acb0c5281b533fe6e35129362572a0912,"{""distance"":5,""physical_error_rate"":0.0002}","{""detection_events"":3105,""detectors_checked"":3670016}"
      1024,         4,         0,   0.413,standalone_exact_mw,6d50b7fd582d689cd34243588f2f768701e9a9d8fa2628f899f8cc10d0d983f2,"{""distance"":5,""physical_error_rate"":0.01}","{""detection_events"":8992,""detectors_checked"":229376,""obs_mistake_mask=E"":4}"
      3072,         0,         0,   0.262,standalone_exact_mw,82025e6510dee7191a337377ca233259ac8dbd3ccaf9455e916f723ab2066810,"{""distance"":5,""physical_error_rate"":0.0001}","{""detection_events"":316,""detectors_checked"":688128}"
      1024,         4,         0,   0.726,standalone_exact_mw,6d50b7fd582d689cd34243588f2f768701e9a9d8fa2628f899f8cc10d0d983f2,"{""distance"":5,""physical_error_rate"":0.01}","{""detection_events"":9292,""detectors_checked"":229376,""obs_mistake_mask=E"":4}"
       512,         9,         0,   0.610,standalone_exact_mw,a7bb05ea697388040fb303af54aaa3ff48a18caf7b683b31db48b6e9be44c381,"{""distance"":5,""physical_error_rate"":0.02}","{""detection_events"":8691,""detectors_checked"":114688,""obs_mistake_mask=E"":9}"
      2048,         0,         0,   0.342,standalone_exact_mw,7a8ab0d03b7ead21ed40b3e2556c734d992a86585a3d666abe35fd996793b7e5,"{""distance"":5,""physical_error_rate"":0.0005}","{""detection_events"":951,""detectors_checked"":458752}"
     11264,         0,         0,   0.421,standalone_exact_mw,af3bdaf1e2a77998ab67ff9e67a4429848721a57eb3f28bee3f98b2e28b36bb7,"{""distance"":5,""physical_error_rate"":0.001}","{""detection_events"":10630,""detectors_checked"":2523136}"
      1024,         0,         0,   0.267,standalone_exact_mw,af3bdaf1e2a77998ab67ff9e67a4429848721a57eb3f28bee3f98b2e28b36bb7,"{""distance"":5,""physical_error_rate"":0.001}","{""detection_events"":834,""detectors_checked"":229376}"
       128,        72,         0,   0.231,standalone_exact_mw,9e4b0060fd38f37acf9b82e4a008f61e02cf84f8d72a89144cdd52107c93bd56,"{""distance"":5,""physical_error_rate"":0.2}","{""detection_events"":10436,""detectors_checked"":28672,""obs_mistake_mask=E"":72}"
      1024,         1,         0,   0.167,standalone_exact_mw,66176dfa0edb1b91f153995b3e04cb00912080f83721647eefdac2e2d96d98b0,"{""distance"":5,""physical_error_rate"":0.005}","{""detection_events"":4606,""detectors_checked"":229376,""obs_mistake_mask=E"":1}"
       512,         7,         0,   0.731,standalone_exact_mw,a7bb05ea697388040fb303af54aaa3ff48a18caf7b683b31db48b6e9be44c381,"{""distance"":5,""physical_error_rate"":0.02}","{""detection_events"":8212,""detectors_checked"":114688,""obs_mistake_mask=E"":7}"
      1024,         0,         0,   0.138,standalone_exact_mw,7e19e1ad41727a9cde3cbef4506ed3530b76f68cf04f4bd50bdb209f12ed436c,"{""distance"":5,""physical_error_rate"":0.002}","{""detection_events"":1896,""detectors_checked"":229376}"
      1024,         0,         0,   0.321,standalone_exact_mw,66176dfa0edb1b91f153995b3e04cb00912080f83721647eefdac2e2d96d98b0,"{""distance"":5,""physical_error_rate"":0.005}","{""detection_events"":4688,""detectors_checked"":229376}"
     15360,         0,         0,   0.423,standalone_exact_mw,000a12f67b6d2f9febee6f900216609acb0c5281b533fe6e35129362572a0912,"{""distance"":5,""physical_error_rate"":0.0002}","{""detection_events"":2826,""detectors_checked"":3440640}"
       256,       125,         0,   0.521,standalone_exact_mw,9e4b0060fd38f37acf9b82e4a008f61e02cf84f8d72a89144cdd52107c93bd56,"{""distance"":5,""physical_error_rate"":0.2}","{""detection_events"":20560,""detectors_checked"":57344,""obs_mistake_mask=E"":125}"
       128,        59,         0,   0.409,standalone_exact_mw,0943c70608bcad578ab042ad5c94c4bc8f2f0f47624865c55aa07252cce2b247,"{""distance"":5,""physical_error_rate"":0.1}","{""detection_events"":7210,""detectors_checked"":28672,""obs_mistake_mask=E"":59}"
     21504,         0,         0,   0.509,standalone_exact_mw,352a3c59735d25dbe5889f513341a2cd2ff9414321bd3c07faf1c3217f623e8c,"{""distance"":5,""physical_error_rate"":5e-05}","{""detection_events"":1072,""detectors_checked"":4816896}"
      3072,         2,         0,   0.257,standalone_exact_mw,7e19e1ad41727a9cde3cbef4506ed3530b76f68cf04f4bd50bdb209f12ed436c,"{""distance"":5,""physical_error_rate"":0.002}","{""detection_events"":5498,""detectors_checked"":688128,""obs_mistake_mask=E"":2}"
     25600,         0,         0,   0.411,standalone_exact_mw,352a3c59735d25dbe5889f513341a2cd2ff9414321bd3c07faf1c3217f623e8c,"{""distance"":5,""physical_error_rate"":5e-05}","{""detection_events"":1085,""detectors_checked"":5734400}"
       128,        68,         0,   0.501,standalone_exact_mw,2d967988b3b1de6f15c2ff5423fbe62b4fefa22552fc7db0232542459cc83bbd,"{""distance"":5,""physical_error_rate"":0.5}","{""detection_events"":13055,""detectors_checked"":28672,""obs_mistake_mask=E"":68}"
       256,         0,         0,   0.504,standalone_exact_mw,66176dfa0edb1b91f153995b3e04cb00912080f83721647eefdac2e2d96d98b0,"{""distance"":5,""physical_error_rate"":0.005}","{""detection_events"":1254,""detectors_checked"":57344}"
      1024,         0,         0,   0.134,standalone_exact_mw,7e19e1ad41727a9cde3cbef4506ed3530b76f68cf04f4bd50bdb209f12ed436c,"{""distance"":5,""physical_error_rate"":0.002}","{""detection_events"":1963,""detectors_checked"":229376}"
      1024,         4,         0,   0.497,standalone_exact_mw,6d50b7fd582d689cd34243588f2f768701e9a9d8fa2628f899f8cc10d0d983f2,"{""distance"":5,""physical_error_rate"":0.01}","{""detection_events"":9128,""detectors_checked"":229376,""obs_mistake_mask=E"":4}"
       256,       124,         0,    1.01,standalone_exact_mw,2d967988b3b1de6f15c2ff5423fbe62b4fefa22552fc7db0232542459cc83bbd,"{""distance"":5,""physical_error_rate"":0.5}","{""detection_events"":26254,""detectors_checked"":57344,""obs_mistake_mask=E"":124}"
      5120,         0,         0,   0.363,standalone_exact_mw,af3bdaf1e2a77998ab67ff9e67a4429848721a57eb3f28bee3f98b2e28b36bb7,"{""distance"":5,""physical_error_rate"":0.001}","{""detection_events"":4780,""detectors_checked"":1146880}"
       128,        58,         0,   0.604,standalone_exact_mw,9e4b0060fd38f37acf9b82e4a008f61e02cf84f8d72a89144cdd52107c93bd56,"{""distance"":5,""physical_error_rate"":0.2}","{""detection_events"":10264,""detectors_checked"":28672,""obs_mistake_mask=E"":58}"
      5120,         0,         0,   0.406,standalone_exact_mw,af3bdaf1e2a77998ab67ff9e67a4429848721a57eb3f28bee3f98b2e28b36bb7,"{""distance"":5,""physical_error_rate"":0.001}","{""detection_events"":4722,""detectors_checked"":1146880}"
       128,        58,         0,   0.417,standalone_exact_mw,0943c70608bcad578ab042ad5c94c4bc8f2f0f47624865c55aa07252cce2b247,"{""distance"":5,""physical_error_rate"":0.1}","{""detection_events"":7403,""detectors_checked"":28672,""obs_mistake_mask=E"":58}"
      1024,        32,         0,   0.765,standalone_exact_mw,a7bb05ea697388040fb303af54aaa3ff48a18caf7b683b31db48b6e9be44c381,"{""distance"":5,""physical_error_rate"":0.02}","{""detection_events"":17192,""detectors_checked"":229376,""obs_mistake_mask=E"":32}"
      1024,         2,         0,   0.319,standalone_exact_mw,6d50b7fd582d689cd34243588f2f768701e9a9d8fa2628f899f8cc10d0d983f2,"{""distance"":5,""physical_error_rate"":0.01}","{""detection_events"":8667,""detectors_checked"":229376,""obs_mistake_mask=E"":2}"
      3072,         1,         0,   0.434,standalone_exact_mw,7e19e1ad41727a9cde3cbef4506ed3530b76f68cf04f4bd50bdb209f12ed436c,"{""distance"":5,""physical_error_rate"":0.002}","{""detection_events"":6029,""detectors_checked"":688128,""obs_mistake_mask=E"":1}"
     54272,         0,         0,   0.560,standalone_exact_mw,82025e6510dee7191a337377ca233259ac8dbd3ccaf9455e916f723ab2066810,"{""distance"":5,""physical_error_rate"":0.0001}","{""detection_events"":4881,""detectors_checked"":12156928}"
      3072,         0,         0,   0.329,standalone_exact_mw,82025e6510dee7191a337377ca233259ac8dbd3ccaf9455e916f723ab2066810,"{""distance"":5,""physical_error_rate"":0.0001}","{""detection_events"":341,""detectors_checked"":688128}"
      1024,         0,         0,   0.365,standalone_exact_mw,66176dfa0edb1b91f153995b3e04cb00912080f83721647eefdac2e2d96d98b0,"{""distance"":5,""physical_error_rate"":0.005}","{""detection_events"":4647,""detectors_checked"":229376}"
      6144,         0,         0,   0.296,standalone_exact_mw,7a8ab0d03b7ead21ed40b3e2556c734d992a86585a3d666abe35fd996793b7e5,"{""distance"":5,""physical_error_rate"":0.0005}","{""detection_events"":2899,""detectors_checked"":1376256}"
       256,        43,         0,   0.602,standalone_exact_mw,12702c5e61128d4b44480ef36691ba5bf6720a2c09f03d3ad8c53fc4afc35bb2,"{""distance"":5,""physical_error_rate"":0.05}","{""detection_events"":8996,""detectors_checked"":57344,""obs_mistake_mask=E"":43}"
      6144,         0,         0,   0.438,standalone_exact_mw,7e19e1ad41727a9cde3cbef4506ed3530b76f68cf04f4bd50bdb209f12ed436c,"{""distance"":5,""physical_error_rate"":0.002}","{""detection_events"":11364,""detectors_checked"":1376256}"
      5120,         0,         0,   0.517,standalone_exact_mw,82025e6510dee7191a337377ca233259ac8dbd3ccaf9455e916f723ab2066810,"{""distance"":5,""physical_error_rate"":0.0001}","{""detection_events"":484,""detectors_checked"":1146880}"
       256,         4,         0,    1.21,standalone_exact_mw,a7bb05ea697388040fb303af54aaa3ff48a18caf7b683b31db48b6e9be44c381,"{""distance"":5,""physical_error_rate"":0.02}","{""detection_events"":4275,""detectors_checked"":57344,""obs_mistake_mask=E"":4}"
      8192,         0,         0,   0.411,standalone_exact_mw,7a8ab0d03b7ead21ed40b3e2556c734d992a86585a3d666abe35fd996793b7e5,"{""distance"":5,""physical_error_rate"":0.0005}","{""detection_events"":3744,""detectors_checked"":1835008}"
      1024,         0,         0,   0.351,standalone_exact_mw,af3bdaf1e2a77998ab67ff9e67a4429848721a57eb3f28bee3f98b2e28b36bb7,"{""distance"":5,""physical_error_rate"":0.001}","{""detection_events"":953,""detectors_checked"":229376}"
      1024,         0,         0,   0.182,standalone_exact_mw,7e19e1ad41727a9cde3cbef4506ed3530b76f68cf04f4bd50bdb209f12ed436c,"{""distance"":5,""physical_error_rate"":0.002}","{""detection_events"":1923,""detectors_checked"":229376}"
      1024,         1,         0,   0.345,standalone_exact_mw,66176dfa0edb1b91f153995b3e04cb00912080f83721647eefdac2e2d96d98b0,"{""distance"":5,""physical_error_rate"":0.005}","{""detection_events"":4445,""detectors_checked"":229376,""obs_mistake_mask=E"":1}"
     17408,         0,         0,   0.403,standalone_exact_mw,000a12f67b6d2f9febee6f900216609acb0c5281b533fe6e35129362572a0912,"{""distance"":5,""physical_error_rate"":0.0002}","{""detection_events"":3190,""detectors_checked"":3899392}"
      1024,         2,         0,   0.311,standalone_exact_mw,66176dfa0edb1b91f153995b3e04cb00912080f83721647eefdac2e2d96d98b0,"{""distance"":5,""physical_error_rate"":0.005}","{""detection_events"":4685,""detectors_checked"":229376,""obs_mistake_mask=E"":2}"
      1024,         7,         0,   0.672,standalone_exact_mw,6d50b7fd582d689cd34243588f2f768701e9a9d8fa2628f899f8cc10d0d983f2,"{""distance"":5,""physical_error_rate"":0.01}","{""detection_events"":8903,""detectors_checked"":229376,""obs_mistake_mask=E"":7}"
       256,        54,         0,   0.595,standalone_exact_mw,12702c5e61128d4b44480ef36691ba5bf6720a2c09f03d3ad8c53fc4afc35bb2,"{""distance"":5,""physical_error_rate"":0.05}","{""detection_events"":9161,""detectors_checked"":57344,""obs_mistake_mask=E"":54}"
      2048,         1,         0,   0.289,standalone_exact_mw,7e19e1ad41727a9cde3cbef4506ed3530b76f68cf04f4bd50bdb209f12ed436c,"{""distance"":5,""physical_error_rate"":0.002}","{""detection_events"":3691,""detectors_checked"":458752,""obs_mistake_mask=E"":1}"
     70656,         0,         0,   0.570,standalone_exact_mw,352a3c59735d25dbe5889f513341a2cd2ff9414321bd3c07faf1c3217f623e8c,"{""distance"":5,""physical_error_rate"":5e-05}","{""detection_events"":2976,""detectors_checked"":15826944}"
     47104,         0,         0,   0.568,standalone_exact_mw,000a12f67b6d2f9febee6f900216609acb0c5281b533fe6e35129362572a0912,"{""distance"":5,""physical_error_rate"":0.0002}","{""detection_events"":8530,""detectors_checked"":10551296}"
       512,       120,         0,    1.16,standalone_exact_mw,12702c5e61128d4b44480ef36691ba5bf6720a2c09f03d3ad8c53fc4afc35bb2,"{""distance"":5,""physical_error_rate"":0.05}","{""detection_events"":18201,""detectors_checked"":114688,""obs_mistake_mask=E"":120}"
       256,        55,         0,   0.630,standalone_exact_mw,12702c5e61128d4b44480ef36691ba5bf6720a2c09f03d3ad8c53fc4afc35bb2,"{""distance"":5,""physical_error_rate"":0.05}","{""detection_events"":9164,""detectors_checked"":57344,""obs_mistake_mask=E"":55}"
     27648,         0,         0,   0.593,standalone_exact_mw,7a8ab0d03b7ead21ed40b3e2556c734d992a86585a3d666abe35fd996793b7e5,"{""distance"":5,""physical_error_rate"":0.0005}","{""detection_events"":12041,""detectors_checked"":6193152}"
       256,       129,         0,   0.466,standalone_exact_mw,9e4b0060fd38f37acf9b82e4a008f61e02cf84f8d72a89144cdd52107c93bd56,"{""distance"":5,""physical_error_rate"":0.2}","{""detection_events"":20944,""detectors_checked"":57344,""obs_mistake_mask=E"":129}"
       256,       138,         0,   0.648,standalone_exact_mw,2d967988b3b1de6f15c2ff5423fbe62b4fefa22552fc7db0232542459cc83bbd,"{""distance"":5,""physical_error_rate"":0.5}","{""detection_events"":26288,""detectors_checked"":57344,""obs_mistake_mask=E"":138}"
      1024,         0,         0,   0.148,standalone_exact_mw,7e19e1ad41727a9cde3cbef4506ed3530b76f68cf04f4bd50bdb209f12ed436c,"{""distance"":5,""physical_error_rate"":0.002}","{""detection_events"":1925,""detectors_checked"":229376}"
       128,        54,         0,   0.395,standalone_exact_mw,0943c70608bcad578ab042ad5c94c4bc8f2f0f47624865c55aa07252cce2b247,"{""distance"":5,""physical_error_rate"":0.1}","{""detection_events"":7410,""detectors_checked"":28672,""obs_mistake_mask=E"":54}"
       256,         0,         0,   0.410,standalone_exact_mw,66176dfa0edb1b91f153995b3e04cb00912080f83721647eefdac2e2d96d98b0,"{""distance"":5,""physical_error_rate"":0.005}","{""detection_events"":1131,""detectors_checked"":57344}"
       256,       123,         0,   0.450,standalone_exact_mw,9e4b0060fd38f37acf9b82e4a008f61e02cf84f8d72a89144cdd52107c93bd56,"{""distance"":5,""physical_error_rate"":0.2}","{""detection_events"":20686,""detectors_checked"":57344,""obs_mistake_mask=E"":123}"
      1024,         3,         0,   0.411,standalone_exact_mw,6d50b7fd582d689cd34243588f2f768701e9a9d8fa2628f899f8cc10d0d983f2,"{""distance"":5,""physical_error_rate"":0.01}","{""detection_events"":9048,""detectors_checked"":229376,""obs_mistake_mask=E"":3}"
       512,        12,         0,   0.614,standalone_exact_mw,a7bb05ea697388040fb303af54aaa3ff48a18caf7b683b31db48b6e9be44c381,"{""distance"":5,""physical_error_rate"":0.02}","{""detection_events"":8772,""detectors_checked"":114688,""obs_mistake_mask=E"":12}"
       128,        67,         0,   0.369,standalone_exact_mw,0943c70608bcad578ab042ad5c94c4bc8f2f0f47624865c55aa07252cce2b247,"{""distance"":5,""physical_error_rate"":0.1}","{""detection_events"":7503,""detectors_checked"":28672,""obs_mistake_mask=E"":67}"
     12288,         0,         0,   0.616,standalone_exact_mw,af3bdaf1e2a77998ab67ff9e67a4429848721a57eb3f28bee3f98b2e28b36bb7,"{""distance"":5,""physical_error_rate"":0.001}","{""detection_events"":11365,""detectors_checked"":2752512}"
      1024,         0,         0,   0.331,standalone_exact_mw,66176dfa0edb1b91f153995b3e04cb00912080f83721647eefdac2e2d96d98b0,"{""distance"":5,""physical_error_rate"":0.005}","{""detection_events"":4600,""detectors_checked"":229376}"
      1024,         1,         0,   0.676,standalone_exact_mw,6d50b7fd582d689cd34243588f2f768701e9a9d8fa2628f899f8cc10d0d983f2,"{""distance"":5,""physical_error_rate"":0.01}","{""detection_events"":8863,""detectors_checked"":229376,""obs_mistake_mask=E"":1}"
      1024,         3,         0,   0.378,standalone_exact_mw,6d50b7fd582d689cd34243588f2f768701e9a9d8fa2628f899f8cc10d0d983f2,"{""distance"":5,""physical_error_rate"":0.01}","{""detection_events"":8774,""detectors_checked"":229376,""obs_mistake_mask=E"":3}"
     22528,         0,         0,   0.575,standalone_exact_mw,000a12f67b6d2f9febee6f900216609acb0c5281b533fe6e35129362572a0912,"{""distance"":5,""physical_error_rate"":0.0002}","{""detection_events"":4100,""detectors_checked"":5046272}"
       128,        69,         0,   0.517,standalone_exact_mw,2d967988b3b1de6f15c2ff5423fbe62b4fefa22552fc7db0232542459cc83bbd,"{""distance"":5,""physical_error_rate"":0.5}","{""detection_events"":13057,""detectors_checked"":28672,""obs_mistake_mask=E"":69}"
       128,        65,         0,   0.438,standalone_exact_mw,9e4b0060fd38f37acf9b82e4a008f61e02cf84f8d72a89144cdd52107c93bd56,"{""distance"":5,""physical_error_rate"":0.2}","{""detection_events"":10359,""detectors_checked"":28672,""obs_mistake_mask=E"":65}"
      6144,         1,         0,   0.478,standalone_exact_mw,af3bdaf1e2a77998ab67ff9e67a4429848721a57eb3f28bee3f98b2e28b36bb7,"{""distance"":5,""physical_error_rate"":0.001}","{""detection_events"":5617,""detectors_checked"":1376256,""obs_mistake_mask=E"":1}"
      1024,         0,         0,   0.329,standalone_exact_mw,66176dfa0edb1b91f153995b3e04cb00912080f83721647eefdac2e2d96d98b0,"{""distance"":5,""physical_error_rate"":0.005}","{""detection_events"":4528,""detectors_checked"":229376}"
      1024,         0,         0,   0.319,standalone_exact_mw,66176dfa0edb1b91f153995b3e04cb00912080f83721647eefdac2e2d96d98b0,"{""distance"":5,""physical_error_rate"":0.005}","{""detection_events"":4683,""detectors_checked"":229376}"
     37888,         0,         0,   0.567,standalone_exact_mw,352a3c59735d25dbe5889f513341a2cd2ff9414321bd3c07faf1c3217f623e8c,"{""distance"":5,""physical_error_rate"":5e-05}","{""detection_events"":1762,""detectors_checked"":8486912}"
      1024,         0,         0,   0.361,standalone_exact_mw,af3bdaf1e2a77998ab67ff9e67a4429848721a57eb3f28bee3f98b2e28b36bb7,"{""distance"":5,""physical_error_rate"":0.001}","{""detection_events"":920,""detectors_checked"":229376}"
      8192,         0,         0,   0.590,standalone_exact_mw,352a3c59735d25dbe5889f513341a2cd2ff9414321bd3c07faf1c3217f623e8c,"{""distance"":5,""physical_error_rate"":5e-05}","{""detection_events"":354,""detectors_checked"":1835008}"
       256,       115,         0,   0.817,standalone_exact_mw,0943c70608bcad578ab042ad5c94c4bc8f2f0f47624865c55aa07252cce2b247,"{""distance"":5,""physical_error_rate"":0.1}","{""detection_events"":14805,""detectors_checked"":57344,""obs_mistake_mask=E"":115}"
      8192,         0,         0,   0.419,standalone_exact_mw,7a8ab0d03b7ead21ed40b3e2556c734d992a86585a3d666abe35fd996793b7e5,"{""distance"":5,""physical_error_rate"":0.0005}","{""detection_events"":3721,""detectors_checked"":1835008}"
       128,        62,         0,   0.222,standalone_exact_mw,0943c70608bcad578ab042ad5c94c4bc8f2f0f47624865c55aa07252cce2b247,"{""distance"":5,""physical_error_rate"":0.1}","{""detection_events"":7377,""detectors_checked"":28672,""obs_mistake_mask=E"":62}"
      6144,         0,         0,   0.473,standalone_exact_mw,82025e6510dee7191a337377ca233259ac8dbd3ccaf9455e916f723ab2066810,"{""distance"":5,""physical_error_rate"":0.0001}","{""detection_events"":453,""detectors_checked"":1376256}"
      2048,         0,         0,   0.273,standalone_exact_mw,7e19e1ad41727a9cde3cbef4506ed3530b76f68cf04f4bd50bdb209f12ed436c,"{""distance"":5,""physical_error_rate"":0.002}","{""detection_events"":3780,""detectors_checked"":458752}"
      4096,         0,         0,   0.526,standalone_exact_mw,7e19e1ad41727a9cde3cbef4506ed3530b76f68cf04f4bd50bdb209f12ed436c,"{""distance"":5,""physical_error_rate"":0.002}","{""detection_events"":7391,""detectors_checked"":917504}"
      7168,         0,         0,   0.568,standalone_exact_mw,af3bdaf1e2a77998ab67ff9e67a4429848721a57eb3f28bee3f98b2e28b36bb7,"{""distance"":5,""physical_error_rate"":0.001}","{""detection_events"":6510,""detectors_checked"":1605632}"
       128,        52,         0,    1.69,standalone_exact_mw,2d967988b3b1de6f15c2ff5423fbe62b4fefa22552fc7db0232542459cc83bbd,"{""distance"":5,""physical_error_rate"":0.5}","{""detection_events"":12993,""detectors_checked"":28672,""obs_mistake_mask=E"":52}"
       128,        74,         0,   0.234,standalone_exact_mw,0943c70608bcad578ab042ad5c94c4bc8f2f0f47624865c55aa07252cce2b247,"{""distance"":5,""physical_error_rate"":0.1}","{""detection_events"":7372,""detectors_checked"":28672,""obs_mistake_mask=E"":74}"
       256,        56,         0,   0.529,standalone_exact_mw,12702c5e61128d4b44480ef36691ba5bf6720a2c09f03d3ad8c53fc4afc35bb2,"{""distance"":5,""physical_error_rate"":0.05}","{""detection_events"":8945,""detectors_checked"":57344,""obs_mistake_mask=E"":56}"
       256,        52,         0,   0.470,standalone_exact_mw,12702c5e61128d4b44480ef36691ba5bf6720a2c09f03d3ad8c53fc4afc35bb2,"{""distance"":5,""physical_error_rate"":0.05}","{""detection_events"":9158,""detectors_checked"":57344,""obs_mistake_mask=E"":52}"
      7168,         0,         0,   0.548,standalone_exact_mw,7e19e1ad41727a9cde3cbef4506ed3530b76f68cf04f4bd50bdb209f12ed436c,"{""distance"":5,""physical_error_rate"":0.002}","{""detection_events"":13169,""detectors_checked"":1605632}"
      6144,         1,         0,   0.464,standalone_exact_mw,7e19e1ad41727a9cde3cbef4506ed3530b76f68cf04f4bd50bdb209f12ed436c,"{""distance"":5,""physical_error_rate"":0.002}","{""detection_events"":11050,""detectors_checked"":1376256,""obs_mistake_mask=E"":1}"
     45056,         0,         0,   0.551,standalone_exact_mw,82025e6510dee7191a337377ca233259ac8dbd3ccaf9455e916f723ab2066810,"{""distance"":5,""physical_error_rate"":0.0001}","{""detection_events"":4090,""detectors_checked"":10092544}"
       256,         0,         0,   0.332,standalone_exact_mw,66176dfa0edb1b91f153995b3e04cb00912080f83721647eefdac2e2d96d98b0,"{""distance"":5,""physical_error_rate"":0.005}","{""detection_events"":1219,""detectors_checked"":57344}"
     23552,         0,         0,   0.572,standalone_exact_mw,000a12f67b6d2f9febee6f900216609acb0c5281b533fe6e35129362572a0912,"{""distance"":5,""physical_error_rate"":0.0002}","{""detection_events"":4372,""detectors_checked"":5275648}"
      1024,         0,         0,   0.262,standalone_exact_mw,66176dfa0edb1b91f153995b3e04cb00912080f83721647eefdac2e2d96d98b0,"{""distance"":5,""physical_error_rate"":0.005}","{""detection_events"":4757,""detectors_checked"":229376}"
     13312,         1,         0,   0.616,standalone_exact_mw,7a8ab0d03b7ead21ed40b3e2556c734d992a86585a3d666abe35fd996793b7e5,"{""distance"":5,""physical_error_rate"":0.0005}","{""detection_events"":6262,""detectors_checked"":2981888,""obs_mistake_mask=E"":1}"
       256,       120,         0,   0.767,standalone_exact_mw,2d967988b3b1de6f15c2ff5423fbe62b4fefa22552fc7db0232542459cc83bbd,"{""distance"":5,""physical_error_rate"":0.5}","{""detection_events"":25938,""detectors_checked"":57344,""obs_mistake_mask=E"":120}"
      1024,         8,         0,   0.321,standalone_exact_mw,6d50b7fd582d689cd34243588f2f768701e9a9d8fa2628f899f8cc10d0d983f2,"{""distance"":5,""physical_error_rate"":0.01}","{""detection_events"":8875,""detectors_checked"":229376,""obs_mistake_mask=E"":8}"
      1024,         0,         0,   0.365,standalone_exact_mw,66176dfa0edb1b91f153995b3e04cb00912080f83721647eefdac2e2d96d98b0,"{""distance"":5,""physical_error_rate"":0.005}","{""detection_events"":4725,""detectors_checked"":229376}"
       256,       134,         0,   0.509,standalone_exact_mw,2d967988b3b1de6f15c2ff5423fbe62b4fefa22552fc7db0232542459cc83bbd,"{""distance"":5,""physical_error_rate"":0.5}","{""detection_events"":26141,""detectors_checked"":57344,""obs_mistake_mask=E"":134}"
      1024,         0,         0,   0.321,standalone_exact_mw,66176dfa0edb1b91f153995b3e04cb00912080f83721647eefdac2e2d96d98b0,"{""distance"":5,""physical_error_rate"":0.005}","{""detection_events"":4563,""detectors_checked"":229376}"
       128,        57,         0,    1.56,standalone_exact_mw,0943c70608bcad578ab042ad5c94c4bc8f2f0f47624865c55aa07252cce2b247,"{""distance"":5,""physical_error_rate"":0.1}","{""detection_events"":7244,""detectors_checked"":28672,""obs_mistake_mask=E"":57}"
      1024,         5,         0,   0.656,standalone_exact_mw,6d50b7fd582d689cd34243588f2f768701e9a9d8fa2628f899f8cc10d0d983f2,"{""distance"":5,""physical_error_rate"":0.01}","{""detection_events"":8970,""detectors_checked"":229376,""obs_mistake_mask=E"":5}"
     77824,         0,         0,   0.799,standalone_exact_mw,82025e6510dee7191a337377ca233259ac8dbd3ccaf9455e916f723ab2066810,"{""distance"":5,""physical_error_rate"":0.0001}","{""detection_events"":7388,""detectors_checked"":17432576}"
       512,        10,         0,   0.474,standalone_exact_mw,a7bb05ea697388040fb303af54aaa3ff48a18caf7b683b31db48b6e9be44c381,"{""distance"":5,""physical_error_rate"":0.02}","{""detection_events"":8260,""detectors_checked"":114688,""obs_mistake_mask=E"":10}"
      1024,         0,         0,   0.381,standalone_exact_mw,af3bdaf1e2a77998ab67ff9e67a4429848721a57eb3f28bee3f98b2e28b36bb7,"{""distance"":5,""physical_error_rate"":0.001}","{""detection_events"":1008,""detectors_checked"":229376}"
      4096,         1,         0,   0.337,standalone_exact_mw,7e19e1ad41727a9cde3cbef4506ed3530b76f68cf04f4bd50bdb209f12ed436c,"{""distance"":5,""physical_error_rate"":0.002}","{""detection_events"":7301,""detectors_checked"":917504,""obs_mistake_mask=E"":1}"
       256,        61,         0,   0.292,standalone_exact_mw,12702c5e61128d4b44480ef36691ba5bf6720a2c09f03d3ad8c53fc4afc35bb2,"{""distance"":5,""physical_error_rate"":0.05}","{""detection_events"":9332,""detectors_checked"":57344,""obs_mistake_mask=E"":61}"
       128,        73,         0,   0.515,standalone_exact_mw,2d967988b3b1de6f15c2ff5423fbe62b4fefa22552fc7db0232542459cc83bbd,"{""distance"":5,""physical_error_rate"":0.5}","{""detection_events"":13092,""detectors_checked"":28672,""obs_mistake_mask=E"":73}"
       256,        48,         0,   0.315,standalone_exact_mw,12702c5e61128d4b44480ef36691ba5bf6720a2c09f03d3ad8c53fc4afc35bb2,"{""distance"":5,""physical_error_rate"":0.05}","{""detection_events"":9074,""detectors_checked"":57344,""obs_mistake_mask=E"":48}"
      1024,        21,         0,   0.933,standalone_exact_mw,a7bb05ea697388040fb303af54aaa3ff48a18caf7b683b31db48b6e9be44c381,"{""distance"":5,""physical_error_rate"":0.02}","{""detection_events"":17128,""detectors_checked"":229376,""obs_mistake_mask=E"":21}"
      1024,         2,         0,   0.625,standalone_exact_mw,6d50b7fd582d689cd34243588f2f768701e9a9d8fa2628f899f8cc10d0d983f2,"{""distance"":5,""physical_error_rate"":0.01}","{""detection_events"":9113,""detectors_checked"":229376,""obs_mistake_mask=E"":2}"
    105472,         0,         0,   0.794,standalone_exact_mw,352a3c59735d25dbe5889f513341a2cd2ff9414321bd3c07faf1c3217f623e8c,"{""distance"":5,""physical_error_rate"":5e-05}","{""detection_events"":4700,""detectors_checked"":23625728}"
      1024,         5,         0,   0.588,standalone_exact_mw,6d50b7fd582d689cd34243588f2f768701e9a9d8fa2628f899f8cc10d0d983f2,"{""distance"":5,""physical_error_rate"":0.01}","{""detection_events"":8860,""detectors_checked"":229376,""obs_mistake_mask=E"":5}"
       512,       100,         0,   0.794,standalone_exact_mw,12702c5e61128d4b44480ef36691ba5bf6720a2c09f03d3ad8c53fc4afc35bb2,"{""distance"":5,""physical_error_rate"":0.05}","{""detection_events"":18006,""detectors_checked"":114688,""obs_mistake_mask=E"":100}"
     61440,         0,         0,   0.803,standalone_exact_mw,000a12f67b6d2f9febee6f900216609acb0c5281b533fe6e35129362572a0912,"{""distance"":5,""physical_error_rate"":0.0002}","{""detection_events"":11493,""detectors_checked"":13762560}"
      1024,         3,         0,   0.317,standalone_exact_mw,6d50b7fd582d689cd34243588f2f768701e9a9d8fa2628f899f8cc10d0d983f2,"{""distance"":5,""physical_error_rate"":0.01}","{""detection_events"":9111,""detectors_checked"":229376,""obs_mistake_mask=E"":3}"
     36864,         0,         0,   0.812,standalone_exact_mw,7a8ab0d03b7ead21ed40b3e2556c734d992a86585a3d666abe35fd996793b7e5,"{""distance"":5,""physical_error_rate"":0.0005}","{""detection_events"":17092,""detectors_checked"":8257536}"
     16384,         0,         0,   0.571,standalone_exact_mw,7a8ab0d03b7ead21ed40b3e2556c734d992a86585a3d666abe35fd996793b7e5,"{""distance"":5,""physical_error_rate"":0.0005}","{""detection_events"":7602,""detectors_checked"":3670016}"
      1024,         0,         0,   0.336,standalone_exact_mw,66176dfa0edb1b91f153995b3e04cb00912080f83721647eefdac2e2d96d98b0,"{""distance"":5,""physical_error_rate"":0.005}","{""detection_events"":4663,""detectors_checked"":229376}"
      8192,         0,         0,   0.636,standalone_exact_mw,af3bdaf1e2a77998ab67ff9e67a4429848721a57eb3f28bee3f98b2e28b36bb7,"{""distance"":5,""physical_error_rate"":0.001}","{""detection_events"":7481,""detectors_checked"":1835008}"
      2048,         3,         0,   0.380,standalone_exact_mw,66176dfa0edb1b91f153995b3e04cb00912080f83721647eefdac2e2d96d98b0,"{""distance"":5,""physical_error_rate"":0.005}","{""detection_events"":9209,""detectors_checked"":458752,""obs_mistake_mask=E"":3}"
       256,       127,         0,   0.627,standalone_exact_mw,0943c70608bcad578ab042ad5c94c4bc8f2f0f47624865c55aa07252cce2b247,"{""distance"":5,""physical_error_rate"":0.1}","{""detection_events"":14705,""detectors_checked"":57344,""obs_mistake_mask=E"":127}"
       256,         0,         0,   0.465,standalone_exact_mw,66176dfa0edb1b91f153995b3e04cb00912080f83721647eefdac2e2d96d98b0,"{""distance"":5,""physical_error_rate"":0.005}","{""detection_events"":1046,""detectors_checked"":57344}"
      7168,         0,         0,   0.621,standalone_exact_mw,82025e6510dee7191a337377ca233259ac8dbd3ccaf9455e916f723ab2066810,"{""distance"":5,""physical_error_rate"":0.0001}","{""detection_events"":708,""detectors_checked"":1605632}"
       512,         6,         0,   0.304,standalone_exact_mw,a7bb05ea697388040fb303af54aaa3ff48a18caf7b683b31db48b6e9be44c381,"{""distance"":5,""physical_error_rate"":0.02}","{""detection_events"":8302,""detectors_checked"":114688,""obs_mistake_mask=E"":6}"
      1024,         2,         0,   0.367,standalone_exact_mw,66176dfa0edb1b91f153995b3e04cb00912080f83721647eefdac2e2d96d98b0,"{""distance"":5,""physical_error_rate"":0.005}","{""detection_events"":4755,""detectors_checked"":229376,""obs_mistake_mask=E"":2}"
     19456,         0,         0,   0.798,standalone_exact_mw,af3bdaf1e2a77998ab67ff9e67a4429848721a57eb3f28bee3f98b2e28b36bb7,"{""distance"":5,""physical_error_rate"":0.001}","{""detection_events"":17928,""detectors_checked"":4358144}"
     49152,         0,         0,   0.796,standalone_exact_mw,000a12f67b6d2f9febee6f900216609acb0c5281b533fe6e35129362572a0912,"{""distance"":5,""physical_error_rate"":0.0002}","{""detection_events"":9018,""detectors_checked"":11010048}"
      7168,         0,         0,   0.593,standalone_exact_mw,7e19e1ad41727a9cde3cbef4506ed3530b76f68cf04f4bd50bdb209f12ed436c,"{""distance"":5,""physical_error_rate"":0.002}","{""detection_events"":12634,""detectors_checked"":1605632}"
     54272,         0,         0,   0.786,standalone_exact_mw,352a3c59735d25dbe5889f513341a2cd2ff9414321bd3c07faf1c3217f623e8c,"{""distance"":5,""physical_error_rate"":5e-05}","{""detection_events"":2433,""detectors_checked"":12156928}"
     12288,         0,         0,   0.812,standalone_exact_mw,352a3c59735d25dbe5889f513341a2cd2ff9414321bd3c07faf1c3217f623e8c,"{""distance"":5,""physical_error_rate"":5e-05}","{""detection_events"":522,""detectors_checked"":2752512}"
       256,        47,         0,    1.08,standalone_exact_mw,12702c5e61128d4b44480ef36691ba5bf6720a2c09f03d3ad8c53fc4afc35bb2,"{""distance"":5,""physical_error_rate"":0.05}","{""detection_events"":9162,""detectors_checked"":57344,""obs_mistake_mask=E"":47}"
       256,        46,         0,   0.387,standalone_exact_mw,12702c5e61128d4b44480ef36691ba5bf6720a2c09f03d3ad8c53fc4afc35bb2,"{""distance"":5,""physical_error_rate"":0.05}","{""detection_events"":9094,""detectors_checked"":57344,""obs_mistake_mask=E"":46}"
      3072,         0,         0,   0.783,standalone_exact_mw,7e19e1ad41727a9cde3cbef4506ed3530b76f68cf04f4bd50bdb209f12ed436c,"{""distance"":5,""physical_error_rate"":0.002}","{""detection_events"":5555,""detectors_checked"":688128}"
     16384,         0,         0,   0.808,standalone_exact_mw,af3bdaf1e2a77998ab67ff9e67a4429848721a57eb3f28bee3f98b2e28b36bb7,"{""distance"":5,""physical_error_rate"":0.001}","{""detection_events"":14982,""detectors_checked"":3670016}"
      1024,         4,         0,   0.335,standalone_exact_mw,6d50b7fd582d689cd34243588f2f768701e9a9d8fa2628f899f8cc10d0d983f2,"{""distance"":5,""physical_error_rate"":0.01}","{""detection_events"":8536,""detectors_checked"":229376,""obs_mistake_mask=E"":4}"
      6144,         0,         0,   0.512,standalone_exact_mw,7e19e1ad41727a9cde3cbef4506ed3530b76f68cf04f4bd50bdb209f12ed436c,"{""distance"":5,""physical_error_rate"":0.002}","{""detection_events"":11004,""detectors_checked"":1376256}"
      1024,         3,         0,   0.418,standalone_exact_mw,6d50b7fd582d689cd34243588f2f768701e9a9d8fa2628f899f8cc10d0d983f2,"{""distance"":5,""physical_error_rate"":0.01}","{""detection_events"":8942,""detectors_checked"":229376,""obs_mistake_mask=E"":3}"
      1024,         1,         0,   0.588,standalone_exact_mw,6d50b7fd582d689cd34243588f2f768701e9a9d8fa2628f899f8cc10d0d983f2,"{""distance"":5,""physical_error_rate"":0.01}","{""detection_events"":8934,""detectors_checked"":229376,""obs_mistake_mask=E"":1}"
      1297,         0,         0,   0.015,standalone_exact_mw,352a3c59735d25dbe5889f513341a2cd2ff9414321bd3c07faf1c3217f623e8c,"{""distance"":5,""physical_error_rate"":5e-05}","{""detection_events"":72,""detectors_checked"":290528}"
      2048,         0,         0,   0.016,standalone_exact_mw,352a3c59735d25dbe5889f513341a2cd2ff9414321bd3c07faf1c3217f623e8c,"{""distance"":5,""physical_error_rate"":5e-05}","{""detection_events"":72,""detectors_checked"":458752}"
       512,        16,         0,   0.313,standalone_exact_mw,a7bb05ea697388040fb303af54aaa3ff48a18caf7b683b31db48b6e9be44c381,"{""distance"":5,""physical_error_rate"":0.02}","{""detection_events"":8563,""detectors_checked"":114688,""obs_mistake_mask=E"":16}"
     12288,         0,         0,   0.821,standalone_exact_mw,7e19e1ad41727a9cde3cbef4506ed3530b76f68cf04f4bd50bdb209f12ed436c,"{""distance"":5,""physical_error_rate"":0.002}","{""detection_events"":22128,""detectors_checked"":2752512}"
      3072,         0,         0,   0.025,standalone_exact_mw,352a3c59735d25dbe5889f513341a2cd2ff9414321bd3c07faf1c3217f623e8c,"{""distance"":5,""physical_error_rate"":5e-05}","{""detection_events"":128,""detectors_checked"":688128}"
      1024,         0,         0,   0.308,standalone_exact_mw,66176dfa0edb1b91f153995b3e04cb00912080f83721647eefdac2e2d96d98b0,"{""distance"":5,""physical_error_rate"":0.005}","{""detection_events"":4422,""detectors_checked"":229376}"
      1297,         0,         0,   0.013,standalone_exact_mw,82025e6510dee7191a337377ca233259ac8dbd3ccaf9455e916f723ab2066810,"{""distance"":5,""physical_error_rate"":0.0001}","{""detection_events"":125,""detectors_checked"":290528}"
      4096,         0,         0,   0.035,standalone_exact_mw,352a3c59735d25dbe5889f513341a2cd2ff9414321bd3c07faf1c3217f623e8c,"{""distance"":5,""physical_error_rate"":5e-05}","{""detection_events"":218,""detectors_checked"":917504}"
     31744,         0,         0,   0.802,standalone_exact_mw,000a12f67b6d2f9febee6f900216609acb0c5281b533fe6e35129362572a0912,"{""distance"":5,""physical_error_rate"":0.0002}","{""detection_events"":5903,""detectors_checked"":7110656}"
      2048,         0,         0,   0.017,standalone_exact_mw,82025e6510dee7191a337377ca233259ac8dbd3ccaf9455e916f723ab2066810,"{""distance"":5,""physical_error_rate"":0.0001}","{""detection_events"":181,""detectors_checked"":458752}"
     25600,         0,         0,   0.782,standalone_exact_mw,7a8ab0d03b7ead21ed40b3e2556c734d992a86585a3d666abe35fd996793b7e5,"{""distance"":5,""physical_error_rate"":0.0005}","{""detection_events"":11868,""detectors_checked"":5734400}"
       512,       108,         0,   0.616,standalone_exact_mw,12702c5e61128d4b44480ef36691ba5bf6720a2c09f03d3ad8c53fc4afc35bb2,"{""distance"":5,""physical_error_rate"":0.05}","{""detection_events"":18186,""detectors_checked"":114688,""obs_mistake_mask=E"":108}"
     62464,         0,         0,   0.894,standalone_exact_mw,82025e6510dee7191a337377ca233259ac8dbd3ccaf9455e916f723ab2066810,"{""distance"":5,""physical_error_rate"":0.0001}","{""detection_events"":5834,""detectors_checked"":13991936}"
      5120,         0,         0,   0.043,standalone_exact_mw,352a3c59735d25dbe5889f513341a2cd2ff9414321bd3c07faf1c3217f623e8c,"{""distance"":5,""physical_error_rate"":5e-05}","{""detection_events"":208,""detectors_checked"":1146880}"
      3072,         0,         0,   0.034,standalone_exact_mw,82025e6510dee7191a337377ca233259ac8dbd3ccaf9455e916f723ab2066810,"{""distance"":5,""physical_error_rate"":0.0001}","{""detection_events"":295,""detectors_checked"":688128}"
      1297,         0,         0,   0.015,standalone_exact_mw,000a12f67b6d2f9febee6f900216609acb0c5281b533fe6e35129362572a0912,"{""distance"":5,""physical_error_rate"":0.0002}","{""detection_events"":227,""detectors_checked"":290528}"
       256,         0,         0,   0.396,standalone_exact_mw,66176dfa0edb1b91f153995b3e04cb00912080f83721647eefdac2e2d96d98b0,"{""distance"":5,""physical_error_rate"":0.005}","{""detection_events"":1050,""detectors_checked"":57344}"
      2048,         0,         0,   0.708,standalone_exact_mw,af3bdaf1e2a77998ab67ff9e67a4429848721a57eb3f28bee3f98b2e28b36bb7,"{""distance"":5,""physical_error_rate"":0.001}","{""detection_events"":1916,""detectors_checked"":458752}"
       128,        68,         0,    2.09,standalone_exact_mw,9e4b0060fd38f37acf9b82e4a008f61e02cf84f8d72a89144cdd52107c93bd56,"{""distance"":5,""physical_error_rate"":0.2}","{""detection_events"":10320,""detectors_checked"":28672,""obs_mistake_mask=E"":68}"
      1024,        24,         0,   0.611,standalone_exact_mw,a7bb05ea697388040fb303af54aaa3ff48a18caf7b683b31db48b6e9be44c381,"{""distance"":5,""physical_error_rate"":0.02}","{""detection_events"":16703,""detectors_checked"":229376,""obs_mistake_mask=E"":24}"
      2048,         0,         0,   0.022,standalone_exact_mw,000a12f67b6d2f9febee6f900216609acb0c5281b533fe6e35129362572a0912,"{""distance"":5,""physical_error_rate"":0.0002}","{""detection_events"":310,""detectors_checked"":458752}"
      3072,         2,         0,   0.478,standalone_exact_mw,66176dfa0edb1b91f153995b3e04cb00912080f83721647eefdac2e2d96d98b0,"{""distance"":5,""physical_error_rate"":0.005}","{""detection_events"":13705,""detectors_checked"":688128,""obs_mistake_mask=E"":2}"
      3072,         0,         0,   0.033,standalone_exact_mw,82025e6510dee7191a337377ca233259ac8dbd3ccaf9455e916f723ab2066810,"{""distance"":5,""physical_error_rate"":0.0001}","{""detection_events"":333,""detectors_checked"":688128}"
       256,         4,         0,    1.49,standalone_exact_mw,a7bb05ea697388040fb303af54aaa3ff48a18caf7b683b31db48b6e9be44c381,"{""distance"":5,""physical_error_rate"":0.02}","{""detection_events"":4341,""detectors_checked"":57344,""obs_mistake_mask=E"":4}"
      2048,         0,         0,   0.027,standalone_exact_mw,000a12f67b6d2f9febee6f900216609acb0c5281b533fe6e35129362572a0912,"{""distance"":5,""physical_error_rate"":0.0002}","{""detection_events"":396,""detectors_checked"":458752}"
      1024,         3,         0,   0.610,standalone_exact_mw,6d50b7fd582d689cd34243588f2f768701e9a9d8fa2628f899f8cc10d0d983f2,"{""distance"":5,""physical_error_rate"":0.01}","{""detection_events"":9074,""detectors_checked"":229376,""obs_mistake_mask=E"":3}"
      7168,         0,         0,   0.054,standalone_exact_mw,352a3c59735d25dbe5889f513341a2cd2ff9414321bd3c07faf1c3217f623e8c,"{""distance"":5,""physical_error_rate"":5e-05}","{""detection_events"":307,""detectors_checked"":1605632}"
      1297,         0,         0,   0.032,standalone_exact_mw,7a8ab0d03b7ead21ed40b3e2556c734d992a86585a3d666abe35fd996793b7e5,"{""distance"":5,""physical_error_rate"":0.0005}","{""detection_events"":646,""detectors_checked"":290528}"
      1024,         0,         0,   0.018,standalone_exact_mw,7a8ab0d03b7ead21ed40b3e2556c734d992a86585a3d666abe35fd996793b7e5,"{""distance"":5,""physical_error_rate"":0.0005}","{""detection_events"":458,""detectors_checked"":229376}"
      5120,         0,         0,   0.046,standalone_exact_mw,82025e6510dee7191a337377ca233259ac8dbd3ccaf9455e916f723ab2066810,"{""distance"":5,""physical_error_rate"":0.0001}","{""detection_events"":436,""detectors_checked"":1146880}"
      3072,         0,         0,   0.033,standalone_exact_mw,000a12f67b6d2f9febee6f900216609acb0c5281b533fe6e35129362572a0912,"{""distance"":5,""physical_error_rate"":0.0002}","{""detection_events"":486,""detectors_checked"":688128}"
      1024,         0,         0,   0.024,standalone_exact_mw,7a8ab0d03b7ead21ed40b3e2556c734d992a86585a3d666abe35fd996793b7e5,"{""distance"":5,""physical_error_rate"":0.0005}","{""detection_events"":460,""detectors_checked"":229376}"
       512,       110,         0,   0.646,standalone_exact_mw,12702c5e61128d4b44480ef36691ba5bf6720a2c09f03d3ad8c53fc4afc35bb2,"{""distance"":5,""physical_error_rate"":0.05}","{""detection_events"":18441,""detectors_checked"":114688,""obs_mistake_mask=E"":110}"
      1024,         1,         0,   0.290,standalone_exact_mw,6d50b7fd582d689cd34243588f2f768701e9a9d8fa2628f899f8cc10d0d983f2,"{""distance"":5,""physical_error_rate"":0.01}","{""detection_events"":9020,""detectors_checked"":229376,""obs_mistake_mask=E"":1}"
     10240,         0,         0,   0.081,standalone_exact_mw,352a3c59735d25dbe5889f513341a2cd2ff9414321bd3c07faf1c3217f623e8c,"{""distance"":5,""physical_error_rate"":5e-05}","{""detection_events"":455,""detectors_checked"":2293760}"
      5120,         0,         0,   0.057,standalone_exact_mw,82025e6510dee7191a337377ca233259ac8dbd3ccaf9455e916f723ab2066810,"{""distance"":5,""physical_error_rate"":0.0001}","{""detection_events"":430,""detectors_checked"":1146880}"
      3072,         0,         0,   0.062,standalone_exact_mw,000a12f67b6d2f9febee6f900216609acb0c5281b533fe6e35129362572a0912,"{""distance"":5,""physical_error_rate"":0.0002}","{""detection_events"":581,""detectors_checked"":688128}"
      2048,         0,         0,   0.043,standalone_exact_mw,7a8ab0d03b7ead21ed40b3e2556c734d992a86585a3d666abe35fd996793b7e5,"{""distance"":5,""physical_error_rate"":0.0005}","{""detection_events"":953,""detectors_checked"":458752}"
      2048,         0,         0,   0.045,standalone_exact_mw,7a8ab0d03b7ead21ed40b3e2556c734d992a86585a3d666abe35fd996793b7e5,"{""distance"":5,""physical_error_rate"":0.0005}","{""detection_events"":916,""detectors_checked"":458752}"
      1024,         3,         0,   0.340,standalone_exact_mw,6d50b7fd582d689cd34243588f2f768701e9a9d8fa2628f899f8cc10d0d983f2,"{""distance"":5,""physical_error_rate"":0.01}","{""detection_events"":9070,""detectors_checked"":229376,""obs_mistake_mask=E"":3}"
      3072,         0,         0,   0.060,standalone_exact_mw,000a12f67b6d2f9febee6f900216609acb0c5281b533fe6e35129362572a0912,"{""distance"":5,""physical_error_rate"":0.0002}","{""detection_events"":513,""detectors_checked"":688128}"
      1024,         1,         0,   0.674,standalone_exact_mw,66176dfa0edb1b91f153995b3e04cb00912080f83721647eefdac2e2d96d98b0,"{""distance"":5,""physical_error_rate"":0.005}","{""detection_events"":4654,""detectors_checked"":229376,""obs_mistake_mask=E"":1}"
       512,        13,         0,   0.319,standalone_exact_mw,a7bb05ea697388040fb303af54aaa3ff48a18caf7b683b31db48b6e9be44c381,"{""distance"":5,""physical_error_rate"":0.02}","{""detection_events"":8300,""detectors_checked"":114688,""obs_mistake_mask=E"":13}"
      8192,         0,         0,   0.095,standalone_exact_mw,82025e6510dee7191a337377ca233259ac8dbd3ccaf9455e916f723ab2066810,"{""distance"":5,""physical_error_rate"":0.0001}","{""detection_events"":666,""detectors_checked"":1835008}"
     14336,         0,         0,   0.109,standalone_exact_mw,352a3c59735d25dbe5889f513341a2cd2ff9414321bd3c07faf1c3217f623e8c,"{""distance"":5,""physical_error_rate"":5e-05}","{""detection_events"":684,""detectors_checked"":3211264}"
      1024,         7,         0,   0.433,standalone_exact_mw,6d50b7fd582d689cd34243588f2f768701e9a9d8fa2628f899f8cc10d0d983f2,"{""distance"":5,""physical_error_rate"":0.01}","{""detection_events"":8825,""detectors_checked"":229376,""obs_mistake_mask=E"":7}"
      3072,         0,         0,   0.077,standalone_exact_mw,000a12f67b6d2f9febee6f900216609acb0c5281b533fe6e35129362572a0912,"{""distance"":5,""physical_error_rate"":0.0002}","{""detection_events"":554,""detectors_checked"":688128}"
      2048,         0,         0,   0.107,standalone_exact_mw,7a8ab0d03b7ead21ed40b3e2556c734d992a86585a3d666abe35fd996793b7e5,"{""distance"":5,""physical_error_rate"":0.0005}","{""detection_events"":889,""detectors_checked"":458752}"
        64,        37,         0,    1.25,standalone_exact_mw,2d967988b3b1de6f15c2ff5423fbe62b4fefa22552fc7db0232542459cc83bbd,"{""distance"":5,""physical_error_rate"":0.5}","{""detection_events"":6498,""detectors_checked"":14336,""obs_mistake_mask=E"":37}"
      6144,         0,         0,   0.108,standalone_exact_mw,82025e6510dee7191a337377ca233259ac8dbd3ccaf9455e916f723ab2066810,"{""distance"":5,""physical_error_rate"":0.0001}","{""detection_events"":582,""detectors_checked"":1376256}"
     30720,         0,         0,   0.817,standalone_exact_mw,7a8ab0d03b7ead21ed40b3e2556c734d992a86585a3d666abe35fd996793b7e5,"{""distance"":5,""physical_error_rate"":0.0005}","{""detection_events"":14128,""detectors_checked"":6881280}"
      2321,         0,         0,   0.018,standalone_exact_mw,352a3c59735d25dbe5889f513341a2cd2ff9414321bd3c07faf1c3217f623e8c,"{""distance"":5,""physical_error_rate"":5e-05}","{""detection_events"":128,""detectors_checked"":519904}"
      2048,         0,         0,   0.017,standalone_exact_mw,352a3c59735d25dbe5889f513341a2cd2ff9414321bd3c07faf1c3217f623e8c,"{""distance"":5,""physical_error_rate"":5e-05}","{""detection_events"":119,""detectors_checked"":458752}"
      3072,         0,         0,   0.028,standalone_exact_mw,352a3c59735d25dbe5889f513341a2cd2ff9414321bd3c07faf1c3217f623e8c,"{""distance"":5,""physical_error_rate"":5e-05}","{""detection_events"":139,""detectors_checked"":688128}"
      3072,         0,         0,   0.094,standalone_exact_mw,7a8ab0d03b7ead21ed40b3e2556c734d992a86585a3d666abe35fd996793b7e5,"{""distance"":5,""physical_error_rate"":0.0005}","{""detection_events"":1363,""detectors_checked"":688128}"
     18432,         0,         0,   0.148,standalone_exact_mw,352a3c59735d25dbe5889f513341a2cd2ff9414321bd3c07faf1c3217f623e8c,"{""distance"":5,""physical_error_rate"":5e-05}","{""detection_events"":945,""detectors_checked"":4128768}"
    114688,         0,         0,    1.10,standalone_exact_mw,82025e6510dee7191a337377ca233259ac8dbd3ccaf9455e916f723ab2066810,"{""distance"":5,""physical_error_rate"":0.0001}","{""detection_events"":10184,""detectors_checked"":25690112}"
      8192,         0,         0,   0.814,standalone_exact_mw,82025e6510dee7191a337377ca233259ac8dbd3ccaf9455e916f723ab2066810,"{""distance"":5,""physical_error_rate"":0.0001}","{""detection_events"":711,""detectors_checked"":1835008}"
      5120,         0,         0,   0.123,standalone_exact_mw,000a12f67b6d2f9febee6f900216609acb0c5281b533fe6e35129362572a0912,"{""distance"":5,""physical_error_rate"":0.0002}","{""detection_events"":954,""detectors_checked"":1146880}"
     11264,         0,         0,   0.874,standalone_exact_mw,af3bdaf1e2a77998ab67ff9e67a4429848721a57eb3f28bee3f98b2e28b36bb7,"{""distance"":5,""physical_error_rate"":0.001}","{""detection_events"":10670,""detectors_checked"":2523136}"
      4096,         0,         0,   0.033,standalone_exact_mw,352a3c59735d25dbe5889f513341a2cd2ff9414321bd3c07faf1c3217f623e8c,"{""distance"":5,""physical_error_rate"":5e-05}","{""detection_events"":247,""detectors_checked"":917504}"
       256,         2,         0,   0.428,standalone_exact_mw,66176dfa0edb1b91f153995b3e04cb00912080f83721647eefdac2e2d96d98b0,"{""distance"":5,""physical_error_rate"":0.005}","{""detection_events"":1073,""detectors_checked"":57344,""obs_mistake_mask=E"":2}"
      6144,         0,         0,   0.045,standalone_exact_mw,352a3c59735d25dbe5889f513341a2cd2ff9414321bd3c07faf1c3217f623e8c,"{""distance"":5,""physical_error_rate"":5e-05}","{""detection_events"":276,""detectors_checked"":1376256}"
      8192,         0,         0,   0.163,standalone_exact_mw,82025e6510dee7191a337377ca233259ac8dbd3ccaf9455e916f723ab2066810,"{""distance"":5,""physical_error_rate"":0.0001}","{""detection_events"":770,""detectors_checked"":1835008}"
     11264,         1,         0,   0.838,standalone_exact_mw,7e19e1ad41727a9cde3cbef4506ed3530b76f68cf04f4bd50bdb209f12ed436c,"{""distance"":5,""physical_error_rate"":0.002}","{""detection_events"":20642,""detectors_checked"":2523136,""obs_mistake_mask=E"":1}"
      4096,         0,         0,   0.135,standalone_exact_mw,7a8ab0d03b7ead21ed40b3e2556c734d992a86585a3d666abe35fd996793b7e5,"{""distance"":5,""physical_error_rate"":0.0005}","{""detection_events"":1942,""detectors_checked"":917504}"
      7168,         0,         0,   0.059,standalone_exact_mw,352a3c59735d25dbe5889f513341a2cd2ff9414321bd3c07faf1c3217f623e8c,"{""distance"":5,""physical_error_rate"":5e-05}","{""detection_events"":357,""detectors_checked"":1605632}"
       512,         9,         0,   0.305,standalone_exact_mw,a7bb05ea697388040fb303af54aaa3ff48a18caf7b683b31db48b6e9be44c381,"{""distance"":5,""physical_error_rate"":0.02}","{""detection_events"":8412,""detectors_checked"":114688,""obs_mistake_mask=E"":9}"
    134144,         0,         0,    1.10,standalone_exact_mw,352a3c59735d25dbe5889f513341a2cd2ff9414321bd3c07faf1c3217f623e8c,"{""distance"":5,""physical_error_rate"":5e-05}","{""detection_events"":6318,""detectors_checked"":30048256}"
       273,         0,         0,   0.013,standalone_exact_mw,af3bdaf1e2a77998ab67ff9e67a4429848721a57eb3f28bee3f98b2e28b36bb7,"{""distance"":5,""physical_error_rate"":0.001}","{""detection_events"":219,""detectors_checked"":61152}"
      1297,         0,         0,   0.012,standalone_exact_mw,82025e6510dee7191a337377ca233259ac8dbd3ccaf9455e916f723ab2066810,"{""distance"":5,""physical_error_rate"":0.0001}","{""detection_events"":156,""detectors_checked"":290528}"
     88064,         0,         0,    1.12,standalone_exact_mw,000a12f67b6d2f9febee6f900216609acb0c5281b533fe6e35129362572a0912,"{""distance"":5,""physical_error_rate"":0.0002}","{""detection_events"":16205,""detectors_checked"":19726336}"
      1024,         0,         0,   0.042,standalone_exact_mw,af3bdaf1e2a77998ab67ff9e67a4429848721a57eb3f28bee3f98b2e28b36bb7,"{""distance"":5,""physical_error_rate"":0.001}","{""detection_events"":951,""detectors_checked"":229376}"
      1024,         0,         0,   0.007,standalone_exact_mw,82025e6510dee7191a337377ca233259ac8dbd3ccaf9455e916f723ab2066810,"{""distance"":5,""physical_error_rate"":0.0001}","{""detection_events"":74,""detectors_checked"":229376}"
     25600,         0,         0,   0.208,standalone_exact_mw,352a3c59735d25dbe5889f513341a2cd2ff9414321bd3c07faf1c3217f623e8c,"{""distance"":5,""physical_error_rate"":5e-05}","{""detection_events"":1206,""detectors_checked"":5734400}"
      6144,         0,         0,   0.186,standalone_exact_mw,000a12f67b6d2f9febee6f900216609acb0c5281b533fe6e35129362572a0912,"{""distance"":5,""physical_error_rate"":0.0002}","{""detection_events"":1151,""detectors_checked"":1376256}"
     10240,         0,         0,   0.083,standalone_exact_mw,352a3c59735d25dbe5889f513341a2cd2ff9414321bd3c07faf1c3217f623e8c,"{""distance"":5,""physical_error_rate"":5e-05}","{""detection_events"":461,""detectors_checked"":2293760}"
      1024,         0,         0,   0.021,standalone_exact_mw,82025e6510dee7191a337377ca233259ac8dbd3ccaf9455e916f723ab2066810,"{""distance"":5,""physical_error_rate"":0.0001}","{""detection_events"":81,""detectors_checked"":229376}"
     45056,         0,         0,    1.12,standalone_exact_mw,7a8ab0d03b7ead21ed40b3e2556c734d992a86585a3d666abe35fd996793b7e5,"{""distance"":5,""physical_error_rate"":0.0005}","{""detection_events"":20457,""detectors_checked"":10092544}"
      2048,         2,         0,   0.707,standalone_exact_mw,66176dfa0edb1b91f153995b3e04cb00912080f83721647eefdac2e2d96d98b0,"{""distance"":5,""physical_error_rate"":0.005}","{""detection_events"":8885,""detectors_checked"":458752,""obs_mistake_mask=E"":2}"
      1024,         0,         0,   0.042,standalone_exact_mw,af3bdaf1e2a77998ab67ff9e67a4429848721a57eb3f28bee3f98b2e28b36bb7,"{""distance"":5,""physical_error_rate"":0.001}","{""detection_events"":931,""detectors_checked"":229376}"
      2048,         0,         0,   0.033,standalone_exact_mw,82025e6510dee7191a337377ca233259ac8dbd3ccaf9455e916f723ab2066810,"{""distance"":5,""physical_error_rate"":0.0001}","{""detection_events"":192,""detectors_checked"":458752}"
      1024,         2,         0,   0.382,standalone_exact_mw,6d50b7fd582d689cd34243588f2f768701e9a9d8fa2628f899f8cc10d0d983f2,"{""distance"":5,""physical_error_rate"":0.01}","{""detection_events"":8849,""detectors_checked"":229376,""obs_mistake_mask=E"":2}"
      4096,         2,         0,   0.630,standalone_exact_mw,66176dfa0edb1b91f153995b3e04cb00912080f83721647eefdac2e2d96d98b0,"{""distance"":5,""physical_error_rate"":0.005}","{""detection_events"":17751,""detectors_checked"":917504,""obs_mistake_mask=E"":2}"
      1024,         0,         0,   0.038,standalone_exact_mw,af3bdaf1e2a77998ab67ff9e67a4429848721a57eb3f28bee3f98b2e28b36bb7,"{""distance"":5,""physical_error_rate"":0.001}","{""detection_events"":924,""detectors_checked"":229376}"
      1024,         5,         0,   0.647,standalone_exact_mw,6d50b7fd582d689cd34243588f2f768701e9a9d8fa2628f899f8cc10d0d983f2,"{""distance"":5,""physical_error_rate"":0.01}","{""detection_events"":9012,""detectors_checked"":229376,""obs_mistake_mask=E"":5}"
      2048,         0,         0,   0.048,standalone_exact_mw,82025e6510dee7191a337377ca233259ac8dbd3ccaf9455e916f723ab2066810,"{""distance"":5,""physical_error_rate"":0.0001}","{""detection_events"":234,""detectors_checked"":458752}"
      4096,         0,         0,   0.179,standalone_exact_mw,7a8ab0d03b7ead21ed40b3e2556c734d992a86585a3d666abe35fd996793b7e5,"{""distance"":5,""physical_error_rate"":0.0005}","{""detection_events"":1922,""detectors_checked"":917504}"
      1024,        25,         0,   0.690,standalone_exact_mw,a7bb05ea697388040fb303af54aaa3ff48a18caf7b683b31db48b6e9be44c381,"{""distance"":5,""physical_error_rate"":0.02}","{""detection_events"":17310,""detectors_checked"":229376,""obs_mistake_mask=E"":25}"
      9216,         0,         0,   0.217,standalone_exact_mw,82025e6510dee7191a337377ca233259ac8dbd3ccaf9455e916f723ab2066810,"{""distance"":5,""physical_error_rate"":0.0001}","{""detection_events"":833,""detectors_checked"":2064384}"
     14336,         0,         0,   0.107,standalone_exact_mw,352a3c59735d25dbe5889f513341a2cd2ff9414321bd3c07faf1c3217f623e8c,"{""distance"":5,""physical_error_rate"":5e-05}","{""detection_events"":618,""detectors_checked"":3211264}"
        17,         0,         0,   0.017,standalone_exact_mw,6d50b7fd582d689cd34243588f2f768701e9a9d8fa2628f899f8cc10d0d983f2,"{""distance"":5,""physical_error_rate"":0.01}","{""detection_events"":105,""detectors_checked"":3808}"
       273,         0,         0,   0.032,standalone_exact_mw,7e19e1ad41727a9cde3cbef4506ed3530b76f68cf04f4bd50bdb209f12ed436c,"{""distance"":5,""physical_error_rate"":0.002}","{""detection_events"":467,""detectors_checked"":61152}"
      2048,         0,         0,   0.068,standalone_exact_mw,af3bdaf1e2a77998ab67ff9e67a4429848721a57eb3f28bee3f98b2e28b36bb7,"{""distance"":5,""physical_error_rate"":0.001}","{""detection_events"":1861,""detectors_checked"":458752}"
     24576,         0,         0,    1.13,standalone_exact_mw,af3bdaf1e2a77998ab67ff9e67a4429848721a57eb3f28bee3f98b2e28b36bb7,"{""distance"":5,""physical_error_rate"":0.001}","{""detection_events"":22521,""detectors_checked"":5505024}"
      3072,         0,         0,   0.055,standalone_exact_mw,82025e6510dee7191a337377ca233259ac8dbd3ccaf9455e916f723ab2066810,"{""distance"":5,""physical_error_rate"":0.0001}","{""detection_events"":267,""detectors_checked"":688128}"
      1024,         6,         0,   0.589,standalone_exact_mw,6d50b7fd582d689cd34243588f2f768701e9a9d8fa2628f899f8cc10d0d983f2,"{""distance"":5,""physical_error_rate"":0.01}","{""detection_events"":9023,""detectors_checked"":229376,""obs_mistake_mask=E"":6}"
     71680,         0,         0,    1.14,standalone_exact_mw,000a12f67b6d2f9febee6f900216609acb0c5281b533fe6e35129362572a0912,"{""distance"":5,""physical_error_rate"":0.0002}","{""detection_events"":13204,""detectors_checked"":16056320}"
      9216,         0,         0,   0.215,standalone_exact_mw,000a12f67b6d2f9febee6f900216609acb0c5281b533fe6e35129362572a0912,"{""distance"":5,""physical_error_rate"":0.0002}","{""detection_events"":1665,""detectors_checked"":2064384}"
     72704,         0,         0,    1.11,standalone_exact_mw,352a3c59735d25dbe5889f513341a2cd2ff9414321bd3c07faf1c3217f623e8c,"{""distance"":5,""physical_error_rate"":5e-05}","{""detection_events"":3119,""detectors_checked"":16285696}"
      1024,         0,         0,   0.099,standalone_exact_mw,7e19e1ad41727a9cde3cbef4506ed3530b76f68cf04f4bd50bdb209f12ed436c,"{""distance"":5,""physical_error_rate"":0.002}","{""detection_events"":1833,""detectors_checked"":229376}"
      2048,         0,         0,   0.088,standalone_exact_mw,af3bdaf1e2a77998ab67ff9e67a4429848721a57eb3f28bee3f98b2e28b36bb7,"{""distance"":5,""physical_error_rate"":0.001}","{""detection_events"":1839,""detectors_checked"":458752}"
      5120,         0,         0,   0.081,standalone_exact_mw,82025e6510dee7191a337377ca233259ac8dbd3ccaf9455e916f723ab2066810,"{""distance"":5,""physical_error_rate"":0.0001}","{""detection_events"":356,""detectors_checked"":1146880}"
       512,        15,         0,   0.324,standalone_exact_mw,a7bb05ea697388040fb303af54aaa3ff48a18caf7b683b31db48b6e9be44c381,"{""distance"":5,""physical_error_rate"":0.02}","{""detection_events"":8352,""detectors_checked"":114688,""obs_mistake_mask=E"":15}"
       273,         0,         0,   0.121,standalone_exact_mw,66176dfa0edb1b91f153995b3e04cb00912080f83721647eefdac2e2d96d98b0,"{""distance"":5,""physical_error_rate"":0.005}","{""detection_events"":1157,""detectors_checked"":61152}"
     14336,         0,         0,    1.09,standalone_exact_mw,352a3c59735d25dbe5889f513341a2cd2ff9414321bd3c07faf1c3217f623e8c,"{""distance"":5,""physical_error_rate"":5e-05}","{""detection_events"":680,""detectors_checked"":3211264}"
       128,         1,         0,   0.832,standalone_exact_mw,a7bb05ea697388040fb303af54aaa3ff48a18caf7b683b31db48b6e9be44c381,"{""distance"":5,""physical_error_rate"":0.02}","{""detection_events"":2177,""detectors_checked"":28672,""obs_mistake_mask=E"":1}"
     21504,         0,         0,   0.153,standalone_exact_mw,352a3c59735d25dbe5889f513341a2cd2ff9414321bd3c07faf1c3217f623e8c,"{""distance"":5,""physical_error_rate"":5e-05}","{""detection_events"":994,""detectors_checked"":4816896}"
      2048,         0,         0,   0.866,standalone_exact_mw,af3bdaf1e2a77998ab67ff9e67a4429848721a57eb3f28bee3f98b2e28b36bb7,"{""distance"":5,""physical_error_rate"":0.001}","{""detection_events"":1720,""detectors_checked"":458752}"
       256,         1,         0,   0.159,standalone_exact_mw,6d50b7fd582d689cd34243588f2f768701e9a9d8fa2628f899f8cc10d0d983f2,"{""distance"":5,""physical_error_rate"":0.01}","{""detection_events"":2349,""detectors_checked"":57344,""obs_mistake_mask=E"":1}"
     39936,         0,         0,   0.290,standalone_exact_mw,352a3c59735d25dbe5889f513341a2cd2ff9414321bd3c07faf1c3217f623e8c,"{""distance"":5,""physical_error_rate"":5e-05}","{""detection_events"":1898,""detectors_checked"":8945664}"
        17,         1,         0,   0.025,standalone_exact_mw,a7bb05ea697388040fb303af54aaa3ff48a18caf7b683b31db48b6e9be44c381,"{""distance"":5,""physical_error_rate"":0.02}","{""detection_events"":269,""detectors_checked"":3808,""obs_mistake_mask=E"":1}"
        17,         0,         0,   0.012,standalone_exact_mw,a7bb05ea697388040fb303af54aaa3ff48a18caf7b683b31db48b6e9be44c381,"{""distance"":5,""physical_error_rate"":0.02}","{""detection_events"":252,""detectors_checked"":3808}"
       273,         0,         0,   0.017,standalone_exact_mw,82025e6510dee7191a337377ca233259ac8dbd3ccaf9455e916f723ab2066810,"{""distance"":5,""physical_error_rate"":0.0001}","{""detection_events"":17,""detectors_checked"":61152}"
      5120,         0,         0,   0.211,standalone_exact_mw,7a8ab0d03b7ead21ed40b3e2556c734d992a86585a3d666abe35fd996793b7e5,"{""distance"":5,""physical_error_rate"":0.0005}","{""detection_events"":2440,""detectors_checked"":1146880}"
       273,         0,         0,   0.016,standalone_exact_mw,352a3c59735d25dbe5889f513341a2cd2ff9414321bd3c07faf1c3217f623e8c,"{""distance"":5,""physical_error_rate"":5e-05}","{""detection_events"":7,""detectors_checked"":61152}"
     26624,         0,         0,    1.12,standalone_exact_mw,af3bdaf1e2a77998ab67ff9e67a4429848721a57eb3f28bee3f98b2e28b36bb7,"{""distance"":5,""physical_error_rate"":0.001}","{""detection_events"":24062,""detectors_checked"":5963776}"
      2048,         0,         0,   0.034,standalone_exact_mw,82025e6510dee7191a337377ca233259ac8dbd3ccaf9455e916f723ab2066810,"{""distance"":5,""physical_error_rate"":0.0001}","{""detection_events"":221,""detectors_checked"":458752}"
      3072,         0,         0,   0.120,standalone_exact_mw,af3bdaf1e2a77998ab67ff9e67a4429848721a57eb3f28bee3f98b2e28b36bb7,"{""distance"":5,""physical_error_rate"":0.001}","{""detection_events"":2813,""detectors_checked"":688128}"
      1024,         0,         0,   0.129,standalone_exact_mw,7e19e1ad41727a9cde3cbef4506ed3530b76f68cf04f4bd50bdb209f12ed436c,"{""distance"":5,""physical_error_rate"":0.002}","{""detection_events"":1897,""detectors_checked"":229376}"
      6144,         0,         0,   0.119,standalone_exact_mw,82025e6510dee7191a337377ca233259ac8dbd3ccaf9455e916f723ab2066810,"{""distance"":5,""physical_error_rate"":0.0001}","{""detection_events"":498,""detectors_checked"":1376256}"
      2048,         0,         0,   0.027,standalone_exact_mw,352a3c59735d25dbe5889f513341a2cd2ff9414321bd3c07faf1c3217f623e8c,"{""distance"":5,""physical_error_rate"":5e-05}","{""detection_events"":106,""detectors_checked"":458752}"
      2048,        10,         0,   0.840,standalone_exact_mw,6d50b7fd582d689cd34243588f2f768701e9a9d8fa2628f899f8cc10d0d983f2,"{""distance"":5,""physical_error_rate"":0.01}","{""detection_events"":18059,""detectors_checked"":458752,""obs_mistake_mask=E"":10}"
      1024,         0,         0,   0.021,standalone_exact_mw,82025e6510dee7191a337377ca233259ac8dbd3ccaf9455e916f723ab2066810,"{""distance"":5,""physical_error_rate"":0.0001}","{""detection_events"":68,""detectors_checked"":229376}"
       256,         0,         0,   0.552,standalone_exact_mw,66176dfa0edb1b91f153995b3e04cb00912080f83721647eefdac2e2d96d98b0,"{""distance"":5,""physical_error_rate"":0.005}","{""detection_events"":1211,""detectors_checked"":57344}"
      2048,         0,         0,   0.029,standalone_exact_mw,352a3c59735d25dbe5889f513341a2cd2ff9414321bd3c07faf1c3217f623e8c,"{""distance"":5,""physical_error_rate"":5e-05}","{""detection_events"":77,""detectors_checked"":458752}"
      2048,         0,         0,   0.034,standalone_exact_mw,82025e6510dee7191a337377ca233259ac8dbd3ccaf9455e916f723ab2066810,"{""distance"":5,""physical_error_rate"":0.0001}","{""detection_events"":213,""detectors_checked"":458752}"
      2048,         0,         0,    1.17,standalone_exact_mw,7e19e1ad41727a9cde3cbef4506ed3530b76f68cf04f4bd50bdb209f12ed436c,"{""distance"":5,""physical_error_rate"":0.002}","{""detection_events"":3619,""detectors_checked"":458752}"
      2048,         0,         0,   0.028,standalone_exact_mw,352a3c59735d25dbe5889f513341a2cd2ff9414321bd3c07faf1c3217f623e8c,"{""distance"":5,""physical_error_rate"":5e-05}","{""detection_events"":127,""detectors_checked"":458752}"
     15360,         0,         0,   0.312,standalone_exact_mw,82025e6510dee7191a337377ca233259ac8dbd3ccaf9455e916f723ab2066810,"{""distance"":5,""physical_error_rate"":0.0001}","{""detection_events"":1524,""detectors_checked"":3440640}"
       273,         0,         0,   0.049,standalone_exact_mw,000a12f67b6d2f9febee6f900216609acb0c5281b533fe6e35129362572a0912,"{""distance"":5,""physical_error_rate"":0.0002}","{""detection_events"":27,""detectors_checked"":61152}"
      2048,         0,         0,   0.045,standalone_exact_mw,82025e6510dee7191a337377ca233259ac8dbd3ccaf9455e916f723ab2066810,"{""distance"":5,""physical_error_rate"":0.0001}","{""detection_events"":184,""detectors_checked"":458752}"
       256,         8,         0,   0.159,standalone_exact_mw,a7bb05ea697388040fb303af54aaa3ff48a18caf7b683b31db48b6e9be44c381,"{""distance"":5,""physical_error_rate"":0.02}","{""detection_events"":4322,""detectors_checked"":57344,""obs_mistake_mask=E"":8}"
      1024,         4,         0,   0.406,standalone_exact_mw,6d50b7fd582d689cd34243588f2f768701e9a9d8fa2628f899f8cc10d0d983f2,"{""distance"":5,""physical_error_rate"":0.01}","{""detection_events"":9002,""detectors_checked"":229376,""obs_mistake_mask=E"":4}"
      4096,         0,         0,   0.056,standalone_exact_mw,352a3c59735d25dbe5889f513341a2cd2ff9414321bd3c07faf1c3217f623e8c,"{""distance"":5,""physical_error_rate"":5e-05}","{""detection_events"":183,""detectors_checked"":917504}"
     19456,         0,         0,   0.207,standalone_exact_mw,352a3c59735d25dbe5889f513341a2cd2ff9414321bd3c07faf1c3217f623e8c,"{""distance"":5,""physical_error_rate"":5e-05}","{""detection_events"":906,""detectors_checked"":4358144}"
      4096,         0,         0,   0.132,standalone_exact_mw,af3bdaf1e2a77998ab67ff9e67a4429848721a57eb3f28bee3f98b2e28b36bb7,"{""distance"":5,""physical_error_rate"":0.001}","{""detection_events"":3790,""detectors_checked"":917504}"
     41984,         0,         0,    1.12,standalone_exact_mw,000a12f67b6d2f9febee6f900216609acb0c5281b533fe6e35129362572a0912,"{""distance"":5,""physical_error_rate"":0.0002}","{""detection_events"":7695,""detectors_checked"":9404416}"
     15360,         1,         0,    1.18,standalone_exact_mw,7e19e1ad41727a9cde3cbef4506ed3530b76f68cf04f4bd50bdb209f12ed436c,"{""distance"":5,""physical_error_rate"":0.002}","{""detection_events"":27813,""detectors_checked"":3440640,""obs_mistake_mask=E"":1}"
     44032,         1,         0,    1.12,standalone_exact_mw,7a8ab0d03b7ead21ed40b3e2556c734d992a86585a3d666abe35fd996793b7e5,"{""distance"":5,""physical_error_rate"":0.0005}","{""detection_events"":19886,""detectors_checked"":9863168,""obs_mistake_mask=E"":1}"
      3072,         0,         0,   0.055,standalone_exact_mw,82025e6510dee7191a337377ca233259ac8dbd3ccaf9455e916f723ab2066810,"{""distance"":5,""physical_error_rate"":0.0001}","{""detection_events"":253,""detectors_checked"":688128}"
      1024,         0,         0,   0.157,standalone_exact_mw,7e19e1ad41727a9cde3cbef4506ed3530b76f68cf04f4bd50bdb209f12ed436c,"{""distance"":5,""physical_error_rate"":0.002}","{""detection_events"":1903,""detectors_checked"":229376}"
      8192,         0,         0,   0.156,standalone_exact_mw,82025e6510dee7191a337377ca233259ac8dbd3ccaf9455e916f723ab2066810,"{""distance"":5,""physical_error_rate"":0.0001}","{""detection_events"":746,""detectors_checked"":1835008}"
     12288,         0,         0,   0.316,standalone_exact_mw,000a12f67b6d2f9febee6f900216609acb0c5281b533fe6e35129362572a0912,"{""distance"":5,""physical_error_rate"":0.0002}","{""detection_events"":2239,""detectors_checked"":2752512}"
     11264,         0,         0,    1.14,standalone_exact_mw,82025e6510dee7191a337377ca233259ac8dbd3ccaf9455e916f723ab2066810,"{""distance"":5,""physical_error_rate"":0.0001}","{""detection_events"":1065,""detectors_checked"":2523136}"
      4096,         0,         0,   0.068,standalone_exact_mw,352a3c59735d25dbe5889f513341a2cd2ff9414321bd3c07faf1c3217f623e8c,"{""distance"":5,""physical_error_rate"":5e-05}","{""detection_events"":172,""detectors_checked"":917504}"
       512,         1,         0,   0.287,standalone_exact_mw,6d50b7fd582d689cd34243588f2f768701e9a9d8fa2628f899f8cc10d0d983f2,"{""distance"":5,""physical_error_rate"":0.01}","{""detection_events"":4327,""detectors_checked"":114688,""obs_mistake_mask=E"":1}"
      1024,         0,         0,   0.142,standalone_exact_mw,000a12f67b6d2f9febee6f900216609acb0c5281b533fe6e35129362572a0912,"{""distance"":5,""physical_error_rate"":0.0002}","{""detection_events"":192,""detectors_checked"":229376}"
      4096,         0,         0,   0.077,standalone_exact_mw,82025e6510dee7191a337377ca233259ac8dbd3ccaf9455e916f723ab2066810,"{""distance"":5,""physical_error_rate"":0.0001}","{""detection_events"":433,""detectors_checked"":917504}"
      2048,         0,         0,    1.39,standalone_exact_mw,7e19e1ad41727a9cde3cbef4506ed3530b76f68cf04f4bd50bdb209f12ed436c,"{""distance"":5,""physical_error_rate"":0.002}","{""detection_events"":3771,""detectors_checked"":458752}"
      1024,         0,         0,   0.345,standalone_exact_mw,66176dfa0edb1b91f153995b3e04cb00912080f83721647eefdac2e2d96d98b0,"{""distance"":5,""physical_error_rate"":0.005}","{""detection_events"":4499,""detectors_checked"":229376}"
      5120,         0,         0,   0.080,standalone_exact_mw,352a3c59735d25dbe5889f513341a2cd2ff9414321bd3c07faf1c3217f623e8c,"{""distance"":5,""physical_error_rate"":5e-05}","{""detection_events"":288,""detectors_checked"":1146880}"
      1024,         0,         0,   0.115,standalone_exact_mw,7e19e1ad41727a9cde3cbef4506ed3530b76f68cf04f4bd50bdb209f12ed436c,"{""distance"":5,""physical_error_rate"":0.002}","{""detection_events"":1861,""detectors_checked"":229376}"
       256,         5,         0,   0.335,standalone_exact_mw,a7bb05ea697388040fb303af54aaa3ff48a18caf7b683b31db48b6e9be44c381,"{""distance"":5,""physical_error_rate"":0.02}","{""detection_events"":4227,""detectors_checked"":57344,""obs_mistake_mask=E"":5}"
      7168,         0,         0,   0.329,standalone_exact_mw,7a8ab0d03b7ead21ed40b3e2556c734d992a86585a3d666abe35fd996793b7e5,"{""distance"":5,""physical_error_rate"":0.0005}","{""detection_events"":3218,""detectors_checked"":1605632}"
      4096,         0,         0,   0.169,standalone_exact_mw,af3bdaf1e2a77998ab67ff9e67a4429848721a57eb3f28bee3f98b2e28b36bb7,"{""distance"":5,""physical_error_rate"":0.001}","{""detection_events"":3822,""detectors_checked"":917504}"
       512,         9,         0,    3.02,standalone_exact_mw,a7bb05ea697388040fb303af54aaa3ff48a18caf7b683b31db48b6e9be44c381,"{""distance"":5,""physical_error_rate"":0.02}","{""detection_events"":8457,""detectors_checked"":114688,""obs_mistake_mask=E"":9}"
      1024,         0,         0,   0.097,standalone_exact_mw,000a12f67b6d2f9febee6f900216609acb0c5281b533fe6e35129362572a0912,"{""distance"":5,""physical_error_rate"":0.0002}","{""detection_events"":173,""detectors_checked"":229376}"
     53248,         0,         0,   0.405,standalone_exact_mw,352a3c59735d25dbe5889f513341a2cd2ff9414321bd3c07faf1c3217f623e8c,"{""distance"":5,""physical_error_rate"":5e-05}","{""detection_events"":2429,""detectors_checked"":11927552}"
      6144,         0,         0,   0.129,standalone_exact_mw,82025e6510dee7191a337377ca233259ac8dbd3ccaf9455e916f723ab2066810,"{""distance"":5,""physical_error_rate"":0.0001}","{""detection_events"":642,""detectors_checked"":1376256}"
     10240,         0,         0,   0.209,standalone_exact_mw,82025e6510dee7191a337377ca233259ac8dbd3ccaf9455e916f723ab2066810,"{""distance"":5,""physical_error_rate"":0.0001}","{""detection_events"":991,""detectors_checked"":2293760}"
      8192,         0,         0,   0.122,standalone_exact_mw,352a3c59735d25dbe5889f513341a2cd2ff9414321bd3c07faf1c3217f623e8c,"{""distance"":5,""physical_error_rate"":5e-05}","{""detection_events"":353,""detectors_checked"":1835008}"
      1024,         5,         0,   0.650,standalone_exact_mw,6d50b7fd582d689cd34243588f2f768701e9a9d8fa2628f899f8cc10d0d983f2,"{""distance"":5,""physical_error_rate"":0.01}","{""detection_events"":9268,""detectors_checked"":229376,""obs_mistake_mask=E"":5}"
      1024,         0,         0,   0.135,standalone_exact_mw,7e19e1ad41727a9cde3cbef4506ed3530b76f68cf04f4bd50bdb209f12ed436c,"{""distance"":5,""physical_error_rate"":0.002}","{""detection_events"":1821,""detectors_checked"":229376}"
     38912,         0,         0,   0.288,standalone_exact_mw,352a3c59735d25dbe5889f513341a2cd2ff9414321bd3c07faf1c3217f623e8c,"{""distance"":5,""physical_error_rate"":5e-05}","{""detection_events"":1787,""detectors_checked"":8716288}"
      1024,         0,         0,   0.631,standalone_exact_mw,6d50b7fd582d689cd34243588f2f768701e9a9d8fa2628f899f8cc10d0d983f2,"{""distance"":5,""physical_error_rate"":0.01}","{""detection_events"":9120,""detectors_checked"":229376}"
     23552,         0,         0,   0.410,standalone_exact_mw,82025e6510dee7191a337377ca233259ac8dbd3ccaf9455e916f723ab2066810,"{""distance"":5,""physical_error_rate"":0.0001}","{""detection_events"":2032,""detectors_checked"":5275648}"
      6144,         0,         0,   0.149,standalone_exact_mw,82025e6510dee7191a337377ca233259ac8dbd3ccaf9455e916f723ab2066810,"{""distance"":5,""physical_error_rate"":0.0001}","{""detection_events"":585,""detectors_checked"":1376256}"
      1024,         0,         0,   0.188,standalone_exact_mw,000a12f67b6d2f9febee6f900216609acb0c5281b533fe6e35129362572a0912,"{""distance"":5,""physical_error_rate"":0.0002}","{""detection_events"":209,""detectors_checked"":229376}"
      6144,         0,         0,   0.211,standalone_exact_mw,af3bdaf1e2a77998ab67ff9e67a4429848721a57eb3f28bee3f98b2e28b36bb7,"{""distance"":5,""physical_error_rate"":0.001}","{""detection_events"":5649,""detectors_checked"":1376256}"
       512,        15,         0,   0.405,standalone_exact_mw,a7bb05ea697388040fb303af54aaa3ff48a18caf7b683b31db48b6e9be44c381,"{""distance"":5,""physical_error_rate"":0.02}","{""detection_events"":8396,""detectors_checked"":114688,""obs_mistake_mask=E"":15}"
      5120,         4,         0,   0.805,standalone_exact_mw,66176dfa0edb1b91f153995b3e04cb00912080f83721647eefdac2e2d96d98b0,"{""distance"":5,""physical_error_rate"":0.005}","{""detection_events"":22851,""detectors_checked"":1146880,""obs_mistake_mask=E"":4}"
      1024,        22,         0,   0.760,standalone_exact_mw,a7bb05ea697388040fb303af54aaa3ff48a18caf7b683b31db48b6e9be44c381,"{""distance"":5,""physical_error_rate"":0.02}","{""detection_events"":16888,""detectors_checked"":229376,""obs_mistake_mask=E"":22}"
     24576,         0,         0,    1.13,standalone_exact_mw,7a8ab0d03b7ead21ed40b3e2556c734d992a86585a3d666abe35fd996793b7e5,"{""distance"":5,""physical_error_rate"":0.0005}","{""detection_events"":11153,""detectors_checked"":5505024}"
       256,         0,         0,   0.498,standalone_exact_mw,66176dfa0edb1b91f153995b3e04cb00912080f83721647eefdac2e2d96d98b0,"{""distance"":5,""physical_error_rate"":0.005}","{""detection_events"":1179,""detectors_checked"":57344}"
      1024,         3,         0,   0.426,standalone_exact_mw,6d50b7fd582d689cd34243588f2f768701e9a9d8fa2628f899f8cc10d0d983f2,"{""distance"":5,""physical_error_rate"":0.01}","{""detection_events"":8877,""detectors_checked"":229376,""obs_mistake_mask=E"":3}"
     10240,         0,         0,   0.151,standalone_exact_mw,352a3c59735d25dbe5889f513341a2cd2ff9414321bd3c07faf1c3217f623e8c,"{""distance"":5,""physical_error_rate"":5e-05}","{""detection_events"":447,""detectors_checked"":2293760}"
      1024,         0,         0,   0.132,standalone_exact_mw,7e19e1ad41727a9cde3cbef4506ed3530b76f68cf04f4bd50bdb209f12ed436c,"{""distance"":5,""physical_error_rate"":0.002}","{""detection_events"":1747,""detectors_checked"":229376}"
      3072,         1,         0,   0.878,standalone_exact_mw,66176dfa0edb1b91f153995b3e04cb00912080f83721647eefdac2e2d96d98b0,"{""distance"":5,""physical_error_rate"":0.005}","{""detection_events"":13572,""detectors_checked"":688128,""obs_mistake_mask=E"":1}"
      1024,         0,         0,   0.315,standalone_exact_mw,66176dfa0edb1b91f153995b3e04cb00912080f83721647eefdac2e2d96d98b0,"{""distance"":5,""physical_error_rate"":0.005}","{""detection_events"":4626,""detectors_checked"":229376}"
     17408,         0,         0,   0.427,standalone_exact_mw,000a12f67b6d2f9febee6f900216609acb0c5281b533fe6e35129362572a0912,"{""distance"":5,""physical_error_rate"":0.0002}","{""detection_events"":3063,""detectors_checked"":3899392}"
      1024,        24,         0,   0.708,standalone_exact_mw,a7bb05ea697388040fb303af54aaa3ff48a18caf7b683b31db48b6e9be44c381,"{""distance"":5,""physical_error_rate"":0.02}","{""detection_events"":16982,""detectors_checked"":229376,""obs_mistake_mask=E"":24}"
       256,         8,         0,   0.331,standalone_exact_mw,a7bb05ea697388040fb303af54aaa3ff48a18caf7b683b31db48b6e9be44c381,"{""distance"":5,""physical_error_rate"":0.02}","{""detection_events"":4451,""detectors_checked"":57344,""obs_mistake_mask=E"":8}"
     10240,         0,         0,    1.18,standalone_exact_mw,82025e6510dee7191a337377ca233259ac8dbd3ccaf9455e916f723ab2066810,"{""distance"":5,""physical_error_rate"":0.0001}","{""detection_events"":938,""detectors_checked"":2293760}"
      1024,         0,         0,   0.127,standalone_exact_mw,000a12f67b6d2f9febee6f900216609acb0c5281b533fe6e35129362572a0912,"{""distance"":5,""physical_error_rate"":0.0002}","{""detection_events"":162,""detectors_checked"":229376}"
     15360,         0,         0,    1.18,standalone_exact_mw,af3bdaf1e2a77998ab67ff9e67a4429848721a57eb3f28bee3f98b2e28b36bb7,"{""distance"":5,""physical_error_rate"":0.001}","{""detection_events"":13744,""detectors_checked"":3440640}"
      1024,         0,         0,   0.138,standalone_exact_mw,7e19e1ad41727a9cde3cbef4506ed3530b76f68cf04f4bd50bdb209f12ed436c,"{""distance"":5,""physical_error_rate"":0.002}","{""detection_events"":1902,""detectors_checked"":229376}"
     17408,         0,         0,   0.312,standalone_exact_mw,82025e6510dee7191a337377ca233259ac8dbd3ccaf9455e916f723ab2066810,"{""distance"":5,""physical_error_rate"":0.0001}","{""detection_events"":1603,""detectors_checked"":3899392}"
      3072,         0,         0,   0.077,standalone_exact_mw,000a12f67b6d2f9febee6f900216609acb0c5281b533fe6e35129362572a0912,"{""distance"":5,""physical_error_rate"":0.0002}","{""detection_events"":514,""detectors_checked"":688128}"
      9216,         0,         0,   0.423,standalone_exact_mw,7a8ab0d03b7ead21ed40b3e2556c734d992a86585a3d666abe35fd996793b7e5,"{""distance"":5,""physical_error_rate"":0.0005}","{""detection_events"":4098,""detectors_checked"":2064384}"
     15360,         3,         0,    1.15,standalone_exact_mw,7e19e1ad41727a9cde3cbef4506ed3530b76f68cf04f4bd50bdb209f12ed436c,"{""distance"":5,""physical_error_rate"":0.002}","{""detection_events"":27379,""detectors_checked"":3440640,""obs_mistake_mask=E"":3}"
     11264,         0,         0,   0.217,standalone_exact_mw,82025e6510dee7191a337377ca233259ac8dbd3ccaf9455e916f723ab2066810,"{""distance"":5,""physical_error_rate"":0.0001}","{""detection_events"":971,""detectors_checked"":2523136}"
      2048,         4,         0,   0.738,standalone_exact_mw,6d50b7fd582d689cd34243588f2f768701e9a9d8fa2628f899f8cc10d0d983f2,"{""distance"":5,""physical_error_rate"":0.01}","{""detection_events"":17756,""detectors_checked"":458752,""obs_mistake_mask=E"":4}"
     14336,         0,         0,   0.210,standalone_exact_mw,352a3c59735d25dbe5889f513341a2cd2ff9414321bd3c07faf1c3217f623e8c,"{""distance"":5,""physical_error_rate"":5e-05}","{""detection_events"":712,""detectors_checked"":3211264}"
      3072,         0,         0,   0.082,standalone_exact_mw,000a12f67b6d2f9febee6f900216609acb0c5281b533fe6e35129362572a0912,"{""distance"":5,""physical_error_rate"":0.0002}","{""detection_events"":574,""detectors_checked"":688128}"
      6144,         0,         0,   0.300,standalone_exact_mw,af3bdaf1e2a77998ab67ff9e67a4429848721a57eb3f28bee3f98b2e28b36bb7,"{""distance"":5,""physical_error_rate"":0.001}","{""detection_events"":5722,""detectors_checked"":1376256}"
       512,        16,         0,   0.305,standalone_exact_mw,a7bb05ea697388040fb303af54aaa3ff48a18caf7b683b31db48b6e9be44c381,"{""distance"":5,""physical_error_rate"":0.02}","{""detection_events"":8583,""detectors_checked"":114688,""obs_mistake_mask=E"":16}"
     45056,         0,         0,   0.408,standalone_exact_mw,352a3c59735d25dbe5889f513341a2cd2ff9414321bd3c07faf1c3217f623e8c,"{""distance"":5,""physical_error_rate"":5e-05}","{""detection_events"":2090,""detectors_checked"":10092544}"
      1024,         0,         0,   0.164,standalone_exact_mw,7e19e1ad41727a9cde3cbef4506ed3530b76f68cf04f4bd50bdb209f12ed436c,"{""distance"":5,""physical_error_rate"":0.002}","{""detection_events"":1880,""detectors_checked"":229376}"
      2048,         0,         0,   0.940,standalone_exact_mw,af3bdaf1e2a77998ab67ff9e67a4429848721a57eb3f28bee3f98b2e28b36bb7,"{""distance"":5,""physical_error_rate"":0.001}","{""detection_events"":1875,""detectors_checked"":458752}"
      1024,         1,         0,    1.61,standalone_exact_mw,66176dfa0edb1b91f153995b3e04cb00912080f83721647eefdac2e2d96d98b0,"{""distance"":5,""physical_error_rate"":0.005}","{""detection_events"":4394,""detectors_checked"":229376,""obs_mistake_mask=E"":1}"
      1024,         1,         0,   0.294,standalone_exact_mw,66176dfa0edb1b91f153995b3e04cb00912080f83721647eefdac2e2d96d98b0,"{""distance"":5,""physical_error_rate"":0.005}","{""detection_events"":4414,""detectors_checked"":229376,""obs_mistake_mask=E"":1}"
       128,         3,         0,   0.984,standalone_exact_mw,a7bb05ea697388040fb303af54aaa3ff48a18caf7b683b31db48b6e9be44c381,"{""distance"":5,""physical_error_rate"":0.02}","{""detection_events"":2179,""detectors_checked"":28672,""obs_mistake_mask=E"":3}"
     66560,         0,         0,   0.568,standalone_exact_mw,352a3c59735d25dbe5889f513341a2cd2ff9414321bd3c07faf1c3217f623e8c,"{""distance"":5,""physical_error_rate"":5e-05}","{""detection_events"":3227,""detectors_checked"":14909440}"
       256,         3,         0,   0.310,standalone_exact_mw,a7bb05ea697388040fb303af54aaa3ff48a18caf7b683b31db48b6e9be44c381,"{""distance"":5,""physical_error_rate"":0.02}","{""detection_events"":4089,""detectors_checked"":57344,""obs_mistake_mask=E"":3}"
      5120,         0,         0,   0.126,standalone_exact_mw,000a12f67b6d2f9febee6f900216609acb0c5281b533fe6e35129362572a0912,"{""distance"":5,""physical_error_rate"":0.0002}","{""detection_events"":940,""detectors_checked"":1146880}"
      1024,         3,         0,   0.731,standalone_exact_mw,6d50b7fd582d689cd34243588f2f768701e9a9d8fa2628f899f8cc10d0d983f2,"{""distance"":5,""physical_error_rate"":0.01}","{""detection_events"":9358,""detectors_checked"":229376,""obs_mistake_mask=E"":3}"
       256,         0,         0,   0.445,standalone_exact_mw,66176dfa0edb1b91f153995b3e04cb00912080f83721647eefdac2e2d96d98b0,"{""distance"":5,""physical_error_rate"":0.005}","{""detection_events"":1132,""detectors_checked"":57344}"
      1024,         4,         0,   0.603,standalone_exact_mw,6d50b7fd582d689cd34243588f2f768701e9a9d8fa2628f899f8cc10d0d983f2,"{""distance"":5,""physical_error_rate"":0.01}","{""detection_events"":9055,""detectors_checked"":229376,""obs_mistake_mask=E"":4}"
     92160,         0,         0,    1.56,standalone_exact_mw,82025e6510dee7191a337377ca233259ac8dbd3ccaf9455e916f723ab2066810,"{""distance"":5,""physical_error_rate"":0.0001}","{""detection_events"":8307,""detectors_checked"":20643840}"
     16384,         0,         0,   0.292,standalone_exact_mw,82025e6510dee7191a337377ca233259ac8dbd3ccaf9455e916f723ab2066810,"{""distance"":5,""physical_error_rate"":0.0001}","{""detection_events"":1483,""detectors_checked"":3670016}"
     19456,         0,         0,   0.292,standalone_exact_mw,352a3c59735d25dbe5889f513341a2cd2ff9414321bd3c07faf1c3217f623e8c,"{""distance"":5,""physical_error_rate"":5e-05}","{""detection_events"":946,""detectors_checked"":4358144}"
     29696,         0,         0,   0.567,standalone_exact_mw,82025e6510dee7191a337377ca233259ac8dbd3ccaf9455e916f723ab2066810,"{""distance"":5,""physical_error_rate"":0.0001}","{""detection_events"":2696,""detectors_checked"":6651904}"
      6144,         0,         0,   0.156,standalone_exact_mw,000a12f67b6d2f9febee6f900216609acb0c5281b533fe6e35129362572a0912,"{""distance"":5,""physical_error_rate"":0.0002}","{""detection_events"":1219,""detectors_checked"":1376256}"
     31744,         0,         0,   0.410,standalone_exact_mw,82025e6510dee7191a337377ca233259ac8dbd3ccaf9455e916f723ab2066810,"{""distance"":5,""physical_error_rate"":0.0001}","{""detection_events"":2866,""detectors_checked"":7110656}"
      1024,         6,         0,   0.670,standalone_exact_mw,6d50b7fd582d689cd34243588f2f768701e9a9d8fa2628f899f8cc10d0d983f2,"{""distance"":5,""physical_error_rate"":0.01}","{""detection_events"":9207,""detectors_checked"":229376,""obs_mistake_mask=E"":6}"
      2048,         0,         0,   0.303,standalone_exact_mw,7e19e1ad41727a9cde3cbef4506ed3530b76f68cf04f4bd50bdb209f12ed436c,"{""distance"":5,""physical_error_rate"":0.002}","{""detection_events"":3660,""detectors_checked"":458752}"
    185344,         0,         0,    1.55,standalone_exact_mw,352a3c59735d25dbe5889f513341a2cd2ff9414321bd3c07faf1c3217f623e8c,"{""distance"":5,""physical_error_rate"":5e-05}","{""detection_events"":8200,""detectors_checked"":41517056}"
     23552,         0,         0,   0.577,standalone_exact_mw,000a12f67b6d2f9febee6f900216609acb0c5281b533fe6e35129362572a0912,"{""distance"":5,""physical_error_rate"":0.0002}","{""detection_events"":4211,""detectors_checked"":5275648}"
      1024,         0,         0,   0.316,standalone_exact_mw,66176dfa0edb1b91f153995b3e04cb00912080f83721647eefdac2e2d96d98b0,"{""distance"":5,""physical_error_rate"":0.005}","{""detection_events"":4449,""detectors_checked"":229376}"
     92160,         0,         0,    1.55,standalone_exact_mw,000a12f67b6d2f9febee6f900216609acb0c5281b533fe6e35129362572a0912,"{""distance"":5,""physical_error_rate"":0.0002}","{""detection_events"":16498,""detectors_checked"":20643840}"
       512,        15,         0,   0.380,standalone_exact_mw,a7bb05ea697388040fb303af54aaa3ff48a18caf7b683b31db48b6e9be44c381,"{""distance"":5,""physical_error_rate"":0.02}","{""detection_events"":8510,""detectors_checked"":114688,""obs_mistake_mask=E"":15}"
      2048,         7,         0,   0.687,standalone_exact_mw,6d50b7fd582d689cd34243588f2f768701e9a9d8fa2628f899f8cc10d0d983f2,"{""distance"":5,""physical_error_rate"":0.01}","{""detection_events"":17522,""detectors_checked"":458752,""obs_mistake_mask=E"":7}"
       256,         3,         0,   0.310,standalone_exact_mw,a7bb05ea697388040fb303af54aaa3ff48a18caf7b683b31db48b6e9be44c381,"{""distance"":5,""physical_error_rate"":0.02}","{""detection_events"":4389,""detectors_checked"":57344,""obs_mistake_mask=E"":3}"
     10240,         0,         0,   0.429,standalone_exact_mw,af3bdaf1e2a77998ab67ff9e67a4429848721a57eb3f28bee3f98b2e28b36bb7,"{""distance"":5,""physical_error_rate"":0.001}","{""detection_events"":9050,""detectors_checked"":2293760}"
     63488,         1,         0,    1.58,standalone_exact_mw,7a8ab0d03b7ead21ed40b3e2556c734d992a86585a3d666abe35fd996793b7e5,"{""distance"":5,""physical_error_rate"":0.0005}","{""detection_events"":28806,""detectors_checked"":14221312,""obs_mistake_mask=E"":1}"
     11264,         0,         0,   0.574,standalone_exact_mw,7a8ab0d03b7ead21ed40b3e2556c734d992a86585a3d666abe35fd996793b7e5,"{""distance"":5,""physical_error_rate"":0.0005}","{""detection_events"":5307,""detectors_checked"":2523136}"
      8192,         0,         0,   0.210,standalone_exact_mw,000a12f67b6d2f9febee6f900216609acb0c5281b533fe6e35129362572a0912,"{""distance"":5,""physical_error_rate"":0.0002}","{""detection_events"":1533,""detectors_checked"":1835008}"
     33792,         2,         0,    1.58,standalone_exact_mw,af3bdaf1e2a77998ab67ff9e67a4429848721a57eb3f28bee3f98b2e28b36bb7,"{""distance"":5,""physical_error_rate"":0.001}","{""detection_events"":31609,""detectors_checked"":7569408,""obs_mistake_mask=E"":2}"
     67584,         0,         0,   0.569,standalone_exact_mw,352a3c59735d25dbe5889f513341a2cd2ff9414321bd3c07faf1c3217f623e8c,"{""distance"":5,""physical_error_rate"":5e-05}","{""detection_events"":3111,""detectors_checked"":15138816}"
     61440,         0,         0,    1.56,standalone_exact_mw,000a12f67b6d2f9febee6f900216609acb0c5281b533fe6e35129362572a0912,"{""distance"":5,""physical_error_rate"":0.0002}","{""detection_events"":11339,""detectors_checked"":13762560}"
    105472,         0,         0,    1.55,standalone_exact_mw,352a3c59735d25dbe5889f513341a2cd2ff9414321bd3c07faf1c3217f623e8c,"{""distance"":5,""physical_error_rate"":5e-05}","{""detection_events"":4843,""detectors_checked"":23625728}"
     21504,         0,         0,   0.398,standalone_exact_mw,82025e6510dee7191a337377ca233259ac8dbd3ccaf9455e916f723ab2066810,"{""distance"":5,""physical_error_rate"":0.0001}","{""detection_events"":1941,""detectors_checked"":4816896}"
     27648,         0,         0,   0.410,standalone_exact_mw,352a3c59735d25dbe5889f513341a2cd2ff9414321bd3c07faf1c3217f623e8c,"{""distance"":5,""physical_error_rate"":5e-05}","{""detection_events"":1204,""detectors_checked"":6193152}"
      2048,         0,         0,    1.41,standalone_exact_mw,7e19e1ad41727a9cde3cbef4506ed3530b76f68cf04f4bd50bdb209f12ed436c,"{""distance"":5,""physical_error_rate"":0.002}","{""detection_events"":3636,""detectors_checked"":458752}"
        17,         0,         0,   0.041,standalone_exact_mw,7a8ab0d03b7ead21ed40b3e2556c734d992a86585a3d666abe35fd996793b7e5,"{""distance"":5,""physical_error_rate"":0.0005}","{""detection_events"":8,""detectors_checked"":3808}"
      1024,         0,         0,   0.333,standalone_exact_mw,66176dfa0edb1b91f153995b3e04cb00912080f83721647eefdac2e2d96d98b0,"{""distance"":5,""physical_error_rate"":0.005}","{""detection_events"":4588,""detectors_checked"":229376}"
       256,         6,         0,   0.311,standalone_exact_mw,a7bb05ea697388040fb303af54aaa3ff48a18caf7b683b31db48b6e9be44c381,"{""distance"":5,""physical_error_rate"":0.02}","{""detection_events"":4305,""detectors_checked"":57344,""obs_mistake_mask=E"":6}"
      3072,         0,         0,   0.414,standalone_exact_mw,7e19e1ad41727a9cde3cbef4506ed3530b76f68cf04f4bd50bdb209f12ed436c,"{""distance"":5,""physical_error_rate"":0.002}","{""detection_events"":5778,""detectors_checked"":688128}"
      3072,         3,         0,    1.02,standalone_exact_mw,66176dfa0edb1b91f153995b3e04cb00912080f83721647eefdac2e2d96d98b0,"{""distance"":5,""physical_error_rate"":0.005}","{""detection_events"":13754,""detectors_checked"":688128,""obs_mistake_mask=E"":3}"
     35840,         0,         0,    1.59,standalone_exact_mw,af3bdaf1e2a77998ab67ff9e67a4429848721a57eb3f28bee3f98b2e28b36bb7,"{""distance"":5,""physical_error_rate"":0.001}","{""detection_events"":32891,""detectors_checked"":8028160}"
     11264,         0,         0,   0.294,standalone_exact_mw,000a12f67b6d2f9febee6f900216609acb0c5281b533fe6e35129362572a0912,"{""distance"":5,""physical_error_rate"":0.0002}","{""detection_events"":1971,""detectors_checked"":2523136}"
     19456,         0,         0,    1.70,standalone_exact_mw,352a3c59735d25dbe5889f513341a2cd2ff9414321bd3c07faf1c3217f623e8c,"{""distance"":5,""physical_error_rate"":5e-05}","{""detection_events"":907,""detectors_checked"":4358144}"
      1024,         3,         0,   0.620,standalone_exact_mw,6d50b7fd582d689cd34243588f2f768701e9a9d8fa2628f899f8cc10d0d983f2,"{""distance"":5,""physical_error_rate"":0.01}","{""detection_events"":8517,""detectors_checked"":229376,""obs_mistake_mask=E"":3}"
       128,         2,         0,   0.737,standalone_exact_mw,a7bb05ea697388040fb303af54aaa3ff48a18caf7b683b31db48b6e9be44c381,"{""distance"":5,""physical_error_rate"":0.02}","{""detection_events"":2228,""detectors_checked"":28672,""obs_mistake_mask=E"":2}"
      1024,         3,         0,   0.693,standalone_exact_mw,6d50b7fd582d689cd34243588f2f768701e9a9d8fa2628f899f8cc10d0d983f2,"{""distance"":5,""physical_error_rate"":0.01}","{""detection_events"":9422,""detectors_checked"":229376,""obs_mistake_mask=E"":3}"
       512,        16,         0,   0.450,standalone_exact_mw,a7bb05ea697388040fb303af54aaa3ff48a18caf7b683b31db48b6e9be44c381,"{""distance"":5,""physical_error_rate"":0.02}","{""detection_events"":8608,""detectors_checked"":114688,""obs_mistake_mask=E"":16}"
      7168,         2,         0,    1.15,standalone_exact_mw,66176dfa0edb1b91f153995b3e04cb00912080f83721647eefdac2e2d96d98b0,"{""distance"":5,""physical_error_rate"":0.005}","{""detection_events"":31911,""detectors_checked"":1605632,""obs_mistake_mask=E"":2}"
     47104,         0,         0,   0.573,standalone_exact_mw,82025e6510dee7191a337377ca233259ac8dbd3ccaf9455e916f723ab2066810,"{""distance"":5,""physical_error_rate"":0.0001}","{""detection_events"":4346,""detectors_checked"":10551296}"
      1536,        27,         0,    1.08,standalone_exact_mw,a7bb05ea697388040fb303af54aaa3ff48a18caf7b683b31db48b6e9be44c381,"{""distance"":5,""physical_error_rate"":0.02}","{""detection_events"":25243,""detectors_checked"":344064,""obs_mistake_mask=E"":27}"
      3072,         9,         0,   0.951,standalone_exact_mw,6d50b7fd582d689cd34243588f2f768701e9a9d8fa2628f899f8cc10d0d983f2,"{""distance"":5,""physical_error_rate"":0.01}","{""detection_events"":27113,""detectors_checked"":688128,""obs_mistake_mask=E"":9}"
     62464,         0,         0,    1.57,standalone_exact_mw,000a12f67b6d2f9febee6f900216609acb0c5281b533fe6e35129362572a0912,"{""distance"":5,""physical_error_rate"":0.0002}","{""detection_events"":11797,""detectors_checked"":13991936}"
       512,         0,         0,   0.837,standalone_exact_mw,66176dfa0edb1b91f153995b3e04cb00912080f83721647eefdac2e2d96d98b0,"{""distance"":5,""physical_error_rate"":0.005}","{""detection_events"":2446,""detectors_checked"":114688}"
      1024,        22,         0,    1.20,standalone_exact_mw,a7bb05ea697388040fb303af54aaa3ff48a18caf7b683b31db48b6e9be44c381,"{""distance"":5,""physical_error_rate"":0.02}","{""detection_events"":16911,""detectors_checked"":229376,""obs_mistake_mask=E"":22}"
      1152,         0,         0,   0.226,standalone_exact_mw,7a8ab0d03b7ead21ed40b3e2556c734d992a86585a3d666abe35fd996793b7e5,"{""distance"":5,""physical_error_rate"":0.0005}","{""detection_events"":556,""detectors_checked"":258048}"
      2048,         0,         0,    1.48,standalone_exact_mw,7e19e1ad41727a9cde3cbef4506ed3530b76f68cf04f4bd50bdb209f12ed436c,"{""distance"":5,""physical_error_rate"":0.002}","{""detection_events"":3693,""detectors_checked"":458752}"
    105472,         0,         0,   0.801,standalone_exact_mw,352a3c59735d25dbe5889f513341a2cd2ff9414321bd3c07faf1c3217f623e8c,"{""distance"":5,""physical_error_rate"":5e-05}","{""detection_events"":5012,""detectors_checked"":23625728}"
     36864,         0,         0,    1.58,standalone_exact_mw,7a8ab0d03b7ead21ed40b3e2556c734d992a86585a3d666abe35fd996793b7e5,"{""distance"":5,""physical_error_rate"":0.0005}","{""detection_events"":16428,""detectors_checked"":8257536}"
     21504,         2,         0,    1.61,standalone_exact_mw,7e19e1ad41727a9cde3cbef4506ed3530b76f68cf04f4bd50bdb209f12ed436c,"{""distance"":5,""physical_error_rate"":0.002}","{""detection_events"":38859,""detectors_checked"":4816896,""obs_mistake_mask=E"":2}"
     16384,         0,         0,    1.54,standalone_exact_mw,82025e6510dee7191a337377ca233259ac8dbd3ccaf9455e916f723ab2066810,"{""distance"":5,""physical_error_rate"":0.0001}","{""detection_events"":1491,""detectors_checked"":3670016}"
      1024,         4,         0,   0.637,standalone_exact_mw,6d50b7fd582d689cd34243588f2f768701e9a9d8fa2628f899f8cc10d0d983f2,"{""distance"":5,""physical_error_rate"":0.01}","{""detection_events"":8715,""detectors_checked"":229376,""obs_mistake_mask=E"":4}"
     14336,         2,         0,   0.577,standalone_exact_mw,af3bdaf1e2a77998ab67ff9e67a4429848721a57eb3f28bee3f98b2e28b36bb7,"{""distance"":5,""physical_error_rate"":0.001}","{""detection_events"":12953,""detectors_checked"":3211264,""obs_mistake_mask=E"":2}"
       256,         9,         0,   0.292,standalone_exact_mw,a7bb05ea697388040fb303af54aaa3ff48a18caf7b683b31db48b6e9be44c381,"{""distance"":5,""physical_error_rate"":0.02}","{""detection_events"":4266,""detectors_checked"":57344,""obs_mistake_mask=E"":9}"
      1024,         2,         0,   0.344,standalone_exact_mw,66176dfa0edb1b91f153995b3e04cb00912080f83721647eefdac2e2d96d98b0,"{""distance"":5,""physical_error_rate"":0.005}","{""detection_events"":4708,""detectors_checked"":229376,""obs_mistake_mask=E"":2}"
     43008,         0,         0,   0.807,standalone_exact_mw,82025e6510dee7191a337377ca233259ac8dbd3ccaf9455e916f723ab2066810,"{""distance"":5,""physical_error_rate"":0.0001}","{""detection_events"":3881,""detectors_checked"":9633792}"
       512,         0,         0,   0.899,standalone_exact_mw,66176dfa0edb1b91f153995b3e04cb00912080f83721647eefdac2e2d96d98b0,"{""distance"":5,""physical_error_rate"":0.005}","{""detection_events"":2226,""detectors_checked"":114688}"
       256,         4,         0,    1.68,standalone_exact_mw,a7bb05ea697388040fb303af54aaa3ff48a18caf7b683b31db48b6e9be44c381,"{""distance"":5,""physical_error_rate"":0.02}","{""detection_events"":4259,""detectors_checked"":57344,""obs_mistake_mask=E"":4}"
      3072,         0,         0,   0.426,standalone_exact_mw,7e19e1ad41727a9cde3cbef4506ed3530b76f68cf04f4bd50bdb209f12ed436c,"{""distance"":5,""physical_error_rate"":0.002}","{""detection_events"":5782,""detectors_checked"":688128}"
     31744,         0,         0,   0.803,standalone_exact_mw,000a12f67b6d2f9febee6f900216609acb0c5281b533fe6e35129362572a0912,"{""distance"":5,""physical_error_rate"":0.0002}","{""detection_events"":5829,""detectors_checked"":7110656}"
      1024,         0,         0,   0.287,standalone_exact_mw,7a8ab0d03b7ead21ed40b3e2556c734d992a86585a3d666abe35fd996793b7e5,"{""distance"":5,""physical_error_rate"":0.0005}","{""detection_events"":457,""detectors_checked"":229376}"
     17408,         0,         0,   0.404,standalone_exact_mw,000a12f67b6d2f9febee6f900216609acb0c5281b533fe6e35129362572a0912,"{""distance"":5,""physical_error_rate"":0.0002}","{""detection_events"":3202,""detectors_checked"":3899392}"
     29696,         1,         0,   0.582,standalone_exact_mw,82025e6510dee7191a337377ca233259ac8dbd3ccaf9455e916f723ab2066810,"{""distance"":5,""physical_error_rate"":0.0001}","{""detection_events"":2814,""detectors_checked"":6651904,""obs_mistake_mask=E"":1}"
      3072,         0,         0,    1.17,standalone_exact_mw,af3bdaf1e2a77998ab67ff9e67a4429848721a57eb3f28bee3f98b2e28b36bb7,"{""distance"":5,""physical_error_rate"":0.001}","{""detection_events"":2634,""detectors_checked"":688128}"
       512,        12,         0,   0.444,standalone_exact_mw,a7bb05ea697388040fb303af54aaa3ff48a18caf7b683b31db48b6e9be44c381,"{""distance"":5,""physical_error_rate"":0.02}","{""detection_events"":8667,""detectors_checked"":114688,""obs_mistake_mask=E"":12}"
     35840,         0,         0,    1.58,standalone_exact_mw,7a8ab0d03b7ead21ed40b3e2556c734d992a86585a3d666abe35fd996793b7e5,"{""distance"":5,""physical_error_rate"":0.0005}","{""detection_events"":16680,""detectors_checked"":8028160}"
     18432,         0,         0,   0.811,standalone_exact_mw,7a8ab0d03b7ead21ed40b3e2556c734d992a86585a3d666abe35fd996793b7e5,"{""distance"":5,""physical_error_rate"":0.0005}","{""detection_events"":8450,""detectors_checked"":4128768}"
     19456,         0,         0,   0.656,standalone_exact_mw,352a3c59735d25dbe5889f513341a2cd2ff9414321bd3c07faf1c3217f623e8c,"{""distance"":5,""physical_error_rate"":5e-05}","{""detection_events"":911,""detectors_checked"":4358144}"
     97280,         0,         0,   0.792,standalone_exact_mw,352a3c59735d25dbe5889f513341a2cd2ff9414321bd3c07faf1c3217f623e8c,"{""distance"":5,""physical_error_rate"":5e-05}","{""detection_events"":4586,""detectors_checked"":21790720}"
     19456,         1,         0,    1.58,standalone_exact_mw,af3bdaf1e2a77998ab67ff9e67a4429848721a57eb3f28bee3f98b2e28b36bb7,"{""distance"":5,""physical_error_rate"":0.001}","{""detection_events"":17419,""detectors_checked"":4358144,""obs_mistake_mask=E"":1}"
      1024,         0,         0,   0.373,standalone_exact_mw,66176dfa0edb1b91f153995b3e04cb00912080f83721647eefdac2e2d96d98b0,"{""distance"":5,""physical_error_rate"":0.005}","{""detection_events"":4783,""detectors_checked"":229376}"
      1024,         2,         0,   0.632,standalone_exact_mw,6d50b7fd582d689cd34243588f2f768701e9a9d8fa2628f899f8cc10d0d983f2,"{""distance"":5,""physical_error_rate"":0.01}","{""detection_events"":9108,""detectors_checked"":229376,""obs_mistake_mask=E"":2}"
      1024,         6,         0,   0.620,standalone_exact_mw,6d50b7fd582d689cd34243588f2f768701e9a9d8fa2628f899f8cc10d0d983f2,"{""distance"":5,""physical_error_rate"":0.01}","{""detection_events"":8869,""detectors_checked"":229376,""obs_mistake_mask=E"":6}"
     15360,         0,         0,    1.65,standalone_exact_mw,82025e6510dee7191a337377ca233259ac8dbd3ccaf9455e916f723ab2066810,"{""distance"":5,""physical_error_rate"":0.0001}","{""detection_events"":1445,""detectors_checked"":3440640}"
      1024,         0,         0,   0.298,standalone_exact_mw,7a8ab0d03b7ead21ed40b3e2556c734d992a86585a3d666abe35fd996793b7e5,"{""distance"":5,""physical_error_rate"":0.0005}","{""detection_events"":510,""detectors_checked"":229376}"
      3072,        20,         0,    1.11,standalone_exact_mw,6d50b7fd582d689cd34243588f2f768701e9a9d8fa2628f899f8cc10d0d983f2,"{""distance"":5,""physical_error_rate"":0.01}","{""detection_events"":26565,""detectors_checked"":688128,""obs_mistake_mask=E"":20}"
     18432,         1,         0,    1.61,standalone_exact_mw,7e19e1ad41727a9cde3cbef4506ed3530b76f68cf04f4bd50bdb209f12ed436c,"{""distance"":5,""physical_error_rate"":0.002}","{""detection_events"":33411,""detectors_checked"":4128768,""obs_mistake_mask=E"":1}"
      1024,         5,         0,   0.634,standalone_exact_mw,6d50b7fd582d689cd34243588f2f768701e9a9d8fa2628f899f8cc10d0d983f2,"{""distance"":5,""physical_error_rate"":0.01}","{""detection_events"":8789,""detectors_checked"":229376,""obs_mistake_mask=E"":5}"
       512,        12,         0,   0.601,standalone_exact_mw,a7bb05ea697388040fb303af54aaa3ff48a18caf7b683b31db48b6e9be44c381,"{""distance"":5,""physical_error_rate"":0.02}","{""detection_events"":8356,""detectors_checked"":114688,""obs_mistake_mask=E"":12}"
     63488,         0,         0,   0.808,standalone_exact_mw,82025e6510dee7191a337377ca233259ac8dbd3ccaf9455e916f723ab2066810,"{""distance"":5,""physical_error_rate"":0.0001}","{""detection_events"":5737,""detectors_checked"":14221312}"
      1024,         0,         0,   0.212,standalone_exact_mw,7a8ab0d03b7ead21ed40b3e2556c734d992a86585a3d666abe35fd996793b7e5,"{""distance"":5,""physical_error_rate"":0.0005}","{""detection_events"":498,""detectors_checked"":229376}"
       128,         5,         0,   0.896,standalone_exact_mw,a7bb05ea697388040fb303af54aaa3ff48a18caf7b683b31db48b6e9be44c381,"{""distance"":5,""physical_error_rate"":0.02}","{""detection_events"":2165,""detectors_checked"":28672,""obs_mistake_mask=E"":5}"
       512,         0,         0,   0.847,standalone_exact_mw,66176dfa0edb1b91f153995b3e04cb00912080f83721647eefdac2e2d96d98b0,"{""distance"":5,""physical_error_rate"":0.005}","{""detection_events"":2237,""detectors_checked"":114688}"
      1024,         0,         0,   0.331,standalone_exact_mw,66176dfa0edb1b91f153995b3e04cb00912080f83721647eefdac2e2d96d98b0,"{""distance"":5,""physical_error_rate"":0.005}","{""detection_events"":4545,""detectors_checked"":229376}"
      4096,         0,         0,   0.586,standalone_exact_mw,7e19e1ad41727a9cde3cbef4506ed3530b76f68cf04f4bd50bdb209f12ed436c,"{""distance"":5,""physical_error_rate"":0.002}","{""detection_events"":7506,""detectors_checked"":917504}"
     22528,         0,         0,   0.597,standalone_exact_mw,000a12f67b6d2f9febee6f900216609acb0c5281b533fe6e35129362572a0912,"{""distance"":5,""physical_error_rate"":0.0002}","{""detection_events"":4030,""detectors_checked"":5046272}"
     18432,         0,         0,   0.818,standalone_exact_mw,af3bdaf1e2a77998ab67ff9e67a4429848721a57eb3f28bee3f98b2e28b36bb7,"{""distance"":5,""physical_error_rate"":0.001}","{""detection_events"":17038,""detectors_checked"":4128768}"
       512,        13,         0,   0.579,standalone_exact_mw,a7bb05ea697388040fb303af54aaa3ff48a18caf7b683b31db48b6e9be44c381,"{""distance"":5,""physical_error_rate"":0.02}","{""detection_events"":8537,""detectors_checked"":114688,""obs_mistake_mask=E"":13}"
      6144,         2,         0,    1.16,standalone_exact_mw,66176dfa0edb1b91f153995b3e04cb00912080f83721647eefdac2e2d96d98b0,"{""distance"":5,""physical_error_rate"":0.005}","{""detection_events"":27158,""detectors_checked"":1376256,""obs_mistake_mask=E"":2}"
    138240,         0,         0,    1.10,standalone_exact_mw,352a3c59735d25dbe5889f513341a2cd2ff9414321bd3c07faf1c3217f623e8c,"{""distance"":5,""physical_error_rate"":5e-05}","{""detection_events"":6436,""detectors_checked"":30965760}"
     24576,         0,         0,   0.765,standalone_exact_mw,82025e6510dee7191a337377ca233259ac8dbd3ccaf9455e916f723ab2066810,"{""distance"":5,""physical_error_rate"":0.0001}","{""detection_events"":2487,""detectors_checked"":5505024}"
       128,         3,         0,   0.871,standalone_exact_mw,a7bb05ea697388040fb303af54aaa3ff48a18caf7b683b31db48b6e9be44c381,"{""distance"":5,""physical_error_rate"":0.02}","{""detection_events"":2076,""detectors_checked"":28672,""obs_mistake_mask=E"":3}"
      1024,         0,         0,   0.359,standalone_exact_mw,7a8ab0d03b7ead21ed40b3e2556c734d992a86585a3d666abe35fd996793b7e5,"{""distance"":5,""physical_error_rate"":0.0005}","{""detection_events"":418,""detectors_checked"":229376}"
      1024,         3,         0,   0.629,standalone_exact_mw,6d50b7fd582d689cd34243588f2f768701e9a9d8fa2628f899f8cc10d0d983f2,"{""distance"":5,""physical_error_rate"":0.01}","{""detection_events"":8840,""detectors_checked"":229376,""obs_mistake_mask=E"":3}"
      1024,         1,         0,   0.340,standalone_exact_mw,66176dfa0edb1b91f153995b3e04cb00912080f83721647eefdac2e2d96d98b0,"{""distance"":5,""physical_error_rate"":0.005}","{""detection_events"":4680,""detectors_checked"":229376,""obs_mistake_mask=E"":1}"
      1024,        19,         0,    1.20,standalone_exact_mw,a7bb05ea697388040fb303af54aaa3ff48a18caf7b683b31db48b6e9be44c381,"{""distance"":5,""physical_error_rate"":0.02}","{""detection_events"":16885,""detectors_checked"":229376,""obs_mistake_mask=E"":19}"
       512,         1,         0,    1.06,standalone_exact_mw,66176dfa0edb1b91f153995b3e04cb00912080f83721647eefdac2e2d96d98b0,"{""distance"":5,""physical_error_rate"":0.005}","{""detection_events"":2151,""detectors_checked"":114688,""obs_mistake_mask=E"":1}"
      9216,         0,         0,   0.825,standalone_exact_mw,352a3c59735d25dbe5889f513341a2cd2ff9414321bd3c07faf1c3217f623e8c,"{""distance"":5,""physical_error_rate"":5e-05}","{""detection_events"":401,""detectors_checked"":2064384}"
      1024,         6,         0,   0.684,standalone_exact_mw,6d50b7fd582d689cd34243588f2f768701e9a9d8fa2628f899f8cc10d0d983f2,"{""distance"":5,""physical_error_rate"":0.01}","{""detection_events"":8905,""detectors_checked"":229376,""obs_mistake_mask=E"":6}"
      2048,        50,         0,    1.29,standalone_exact_mw,a7bb05ea697388040fb303af54aaa3ff48a18caf7b683b31db48b6e9be44c381,"{""distance"":5,""physical_error_rate"":0.02}","{""detection_events"":34141,""detectors_checked"":458752,""obs_mistake_mask=E"":50}"
     77824,         0,         0,    1.13,standalone_exact_mw,82025e6510dee7191a337377ca233259ac8dbd3ccaf9455e916f723ab2066810,"{""distance"":5,""physical_error_rate"":0.0001}","{""detection_events"":7172,""detectors_checked"":17432576}"
       512,        14,         0,   0.575,standalone_exact_mw,a7bb05ea697388040fb303af54aaa3ff48a18caf7b683b31db48b6e9be44c381,"{""distance"":5,""physical_error_rate"":0.02}","{""detection_events"":8457,""detectors_checked"":114688,""obs_mistake_mask=E"":14}"
      4096,        10,         0,    1.40,standalone_exact_mw,6d50b7fd582d689cd34243588f2f768701e9a9d8fa2628f899f8cc10d0d983f2,"{""distance"":5,""physical_error_rate"":0.01}","{""detection_events"":35492,""detectors_checked"":917504,""obs_mistake_mask=E"":10}"
      1024,         0,         0,   0.262,standalone_exact_mw,7a8ab0d03b7ead21ed40b3e2556c734d992a86585a3d666abe35fd996793b7e5,"{""distance"":5,""physical_error_rate"":0.0005}","{""detection_events"":484,""detectors_checked"":229376}"
     45056,         0,         0,    1.15,standalone_exact_mw,000a12f67b6d2f9febee6f900216609acb0c5281b533fe6e35129362572a0912,"{""distance"":5,""physical_error_rate"":0.0002}","{""detection_events"":7925,""detectors_checked"":10092544}"
    182272,         0,         0,    2.18,standalone_exact_mw,82025e6510dee7191a337377ca233259ac8dbd3ccaf9455e916f723ab2066810,"{""distance"":5,""physical_error_rate"":0.0001}","{""detection_events"":16790,""detectors_checked"":40828928}"
       512,        18,         0,   0.575,standalone_exact_mw,a7bb05ea697388040fb303af54aaa3ff48a18caf7b683b31db48b6e9be44c381,"{""distance"":5,""physical_error_rate"":0.02}","{""detection_events"":8515,""detectors_checked"":114688,""obs_mistake_mask=E"":18}"
     26624,         0,         0,    1.14,standalone_exact_mw,7a8ab0d03b7ead21ed40b3e2556c734d992a86585a3d666abe35fd996793b7e5,"{""distance"":5,""physical_error_rate"":0.0005}","{""detection_events"":12120,""detectors_checked"":5963776}"
      1024,         1,         0,   0.369,standalone_exact_mw,66176dfa0edb1b91f153995b3e04cb00912080f83721647eefdac2e2d96d98b0,"{""distance"":5,""physical_error_rate"":0.005}","{""detection_events"":4651,""detectors_checked"":229376,""obs_mistake_mask=E"":1}"
      9216,         6,         0,    1.62,standalone_exact_mw,66176dfa0edb1b91f153995b3e04cb00912080f83721647eefdac2e2d96d98b0,"{""distance"":5,""physical_error_rate"":0.005}","{""detection_events"":42140,""detectors_checked"":2064384,""obs_mistake_mask=E"":6}"
    126976,         0,         0,    1.11,standalone_exact_mw,352a3c59735d25dbe5889f513341a2cd2ff9414321bd3c07faf1c3217f623e8c,"{""distance"":5,""physical_error_rate"":5e-05}","{""detection_events"":5799,""detectors_checked"":28442624}"
      2048,         0,         0,    1.85,standalone_exact_mw,7e19e1ad41727a9cde3cbef4506ed3530b76f68cf04f4bd50bdb209f12ed436c,"{""distance"":5,""physical_error_rate"":0.002}","{""detection_events"":3762,""detectors_checked"":458752}"
    275456,         0,         0,    2.17,standalone_exact_mw,352a3c59735d25dbe5889f513341a2cd2ff9414321bd3c07faf1c3217f623e8c,"{""distance"":5,""physical_error_rate"":5e-05}","{""detection_events"":12421,""detectors_checked"":61702144}"
    139264,         0,         0,    2.17,standalone_exact_mw,000a12f67b6d2f9febee6f900216609acb0c5281b533fe6e35129362572a0912,"{""distance"":5,""physical_error_rate"":0.0002}","{""detection_events"":25732,""detectors_checked"":31195136}"
      2048,         1,         0,    1.68,standalone_exact_mw,7e19e1ad41727a9cde3cbef4506ed3530b76f68cf04f4bd50bdb209f12ed436c,"{""distance"":5,""physical_error_rate"":0.002}","{""detection_events"":4017,""detectors_checked"":458752,""obs_mistake_mask=E"":1}"
     10240,         0,         0,   0.844,standalone_exact_mw,7e19e1ad41727a9cde3cbef4506ed3530b76f68cf04f4bd50bdb209f12ed436c,"{""distance"":5,""physical_error_rate"":0.002}","{""detection_events"":18560,""detectors_checked"":2293760}"
     89088,         0,         0,    2.19,standalone_exact_mw,7a8ab0d03b7ead21ed40b3e2556c734d992a86585a3d666abe35fd996793b7e5,"{""distance"":5,""physical_error_rate"":0.0005}","{""detection_events"":40596,""detectors_checked"":19955712}"
       512,         0,         0,   0.928,standalone_exact_mw,66176dfa0edb1b91f153995b3e04cb00912080f83721647eefdac2e2d96d98b0,"{""distance"":5,""physical_error_rate"":0.005}","{""detection_events"":2252,""detectors_checked"":114688}"
      1024,         0,         0,   0.363,standalone_exact_mw,7a8ab0d03b7ead21ed40b3e2556c734d992a86585a3d666abe35fd996793b7e5,"{""distance"":5,""physical_error_rate"":0.0005}","{""detection_events"":530,""detectors_checked"":229376}"
      1024,         5,         0,   0.606,standalone_exact_mw,6d50b7fd582d689cd34243588f2f768701e9a9d8fa2628f899f8cc10d0d983f2,"{""distance"":5,""physical_error_rate"":0.01}","{""detection_events"":9046,""detectors_checked"":229376,""obs_mistake_mask=E"":5}"
       128,         6,         0,    1.06,standalone_exact_mw,a7bb05ea697388040fb303af54aaa3ff48a18caf7b683b31db48b6e9be44c381,"{""distance"":5,""physical_error_rate"":0.02}","{""detection_events"":2133,""detectors_checked"":28672,""obs_mistake_mask=E"":6}"
      5120,         0,         0,   0.987,standalone_exact_mw,000a12f67b6d2f9febee6f900216609acb0c5281b533fe6e35129362572a0912,"{""distance"":5,""physical_error_rate"":0.0002}","{""detection_events"":1039,""detectors_checked"":1146880}"
     87040,         1,         0,    2.20,standalone_exact_mw,000a12f67b6d2f9febee6f900216609acb0c5281b533fe6e35129362572a0912,"{""distance"":5,""physical_error_rate"":0.0002}","{""detection_events"":16140,""detectors_checked"":19496960,""obs_mistake_mask=E"":1}"
    143360,         0,         0,    2.18,standalone_exact_mw,352a3c59735d25dbe5889f513341a2cd2ff9414321bd3c07faf1c3217f623e8c,"{""distance"":5,""physical_error_rate"":5e-05}","{""detection_events"":6562,""detectors_checked"":32112640}"
     58368,         0,         0,    1.13,standalone_exact_mw,82025e6510dee7191a337377ca233259ac8dbd3ccaf9455e916f723ab2066810,"{""distance"":5,""physical_error_rate"":0.0001}","{""detection_events"":5194,""detectors_checked"":13074432}"
       512,        12,         0,   0.604,standalone_exact_mw,a7bb05ea697388040fb303af54aaa3ff48a18caf7b683b31db48b6e9be44c381,"{""distance"":5,""physical_error_rate"":0.02}","{""detection_events"":8634,""detectors_checked"":114688,""obs_mistake_mask=E"":12}"
     47104,         1,         0,    2.24,standalone_exact_mw,af3bdaf1e2a77998ab67ff9e67a4429848721a57eb3f28bee3f98b2e28b36bb7,"{""distance"":5,""physical_error_rate"":0.001}","{""detection_events"":42578,""detectors_checked"":10551296,""obs_mistake_mask=E"":1}"
      1024,         0,         0,   0.262,standalone_exact_mw,7a8ab0d03b7ead21ed40b3e2556c734d992a86585a3d666abe35fd996793b7e5,"{""distance"":5,""physical_error_rate"":0.0005}","{""detection_events"":470,""detectors_checked"":229376}"
      2048,         7,         0,    1.38,standalone_exact_mw,6d50b7fd582d689cd34243588f2f768701e9a9d8fa2628f899f8cc10d0d983f2,"{""distance"":5,""physical_error_rate"":0.01}","{""detection_events"":17767,""detectors_checked"":458752,""obs_mistake_mask=E"":7}"
      4096,        14,         0,    1.47,standalone_exact_mw,6d50b7fd582d689cd34243588f2f768701e9a9d8fa2628f899f8cc10d0d983f2,"{""distance"":5,""physical_error_rate"":0.01}","{""detection_events"":35769,""detectors_checked"":917504,""obs_mistake_mask=E"":14}"
     30720,         0,         0,    2.21,standalone_exact_mw,af3bdaf1e2a77998ab67ff9e67a4429848721a57eb3f28bee3f98b2e28b36bb7,"{""distance"":5,""physical_error_rate"":0.001}","{""detection_events"":27874,""detectors_checked"":6881280}"
     90112,         0,         0,    2.19,standalone_exact_mw,352a3c59735d25dbe5889f513341a2cd2ff9414321bd3c07faf1c3217f623e8c,"{""distance"":5,""physical_error_rate"":5e-05}","{""detection_events"":4215,""detectors_checked"":20185088}"
     26624,         0,         0,    1.20,standalone_exact_mw,af3bdaf1e2a77998ab67ff9e67a4429848721a57eb3f28bee3f98b2e28b36bb7,"{""distance"":5,""physical_error_rate"":0.001}","{""detection_events"":24365,""detectors_checked"":5963776}"
       128,         3,         0,   0.984,standalone_exact_mw,a7bb05ea697388040fb303af54aaa3ff48a18caf7b683b31db48b6e9be44c381,"{""distance"":5,""physical_error_rate"":0.02}","{""detection_events"":2210,""detectors_checked"":28672,""obs_mistake_mask=E"":3}"
       512,         9,         0,   0.584,standalone_exact_mw,a7bb05ea697388040fb303af54aaa3ff48a18caf7b683b31db48b6e9be44c381,"{""distance"":5,""physical_error_rate"":0.02}","{""detection_events"":8287,""detectors_checked"":114688,""obs_mistake_mask=E"":9}"
      1024,        24,         0,   0.979,standalone_exact_mw,a7bb05ea697388040fb303af54aaa3ff48a18caf7b683b31db48b6e9be44c381,"{""distance"":5,""physical_error_rate"":0.02}","{""detection_events"":17217,""detectors_checked"":229376,""obs_mistake_mask=E"":24}"
     86016,         0,         0,    2.19,standalone_exact_mw,000a12f67b6d2f9febee6f900216609acb0c5281b533fe6e35129362572a0912,"{""distance"":5,""physical_error_rate"":0.0002}","{""detection_events"":15744,""detectors_checked"":19267584}"
     49152,         1,         0,    2.17,standalone_exact_mw,7a8ab0d03b7ead21ed40b3e2556c734d992a86585a3d666abe35fd996793b7e5,"{""distance"":5,""physical_error_rate"":0.0005}","{""detection_events"":22311,""detectors_checked"":11010048,""obs_mistake_mask=E"":1}"
      4096,         0,         0,    1.91,standalone_exact_mw,af3bdaf1e2a77998ab67ff9e67a4429848721a57eb3f28bee3f98b2e28b36bb7,"{""distance"":5,""physical_error_rate"":0.001}","{""detection_events"":3661,""detectors_checked"":917504}"
     27648,         1,         0,    2.21,standalone_exact_mw,7e19e1ad41727a9cde3cbef4506ed3530b76f68cf04f4bd50bdb209f12ed436c,"{""distance"":5,""physical_error_rate"":0.002}","{""detection_events"":50068,""detectors_checked"":6193152,""obs_mistake_mask=E"":1}"
      2048,         0,         0,   0.674,standalone_exact_mw,66176dfa0edb1b91f153995b3e04cb00912080f83721647eefdac2e2d96d98b0,"{""distance"":5,""physical_error_rate"":0.005}","{""detection_events"":9109,""detectors_checked"":458752}"
     59392,         0,         0,    1.10,standalone_exact_mw,82025e6510dee7191a337377ca233259ac8dbd3ccaf9455e916f723ab2066810,"{""distance"":5,""physical_error_rate"":0.0001}","{""detection_events"":5553,""detectors_checked"":13303808}"
     19456,         0,         0,    2.20,standalone_exact_mw,82025e6510dee7191a337377ca233259ac8dbd3ccaf9455e916f723ab2066810,"{""distance"":5,""physical_error_rate"":0.0001}","{""detection_events"":1754,""detectors_checked"":4358144}"
      1024,         0,         0,   0.259,standalone_exact_mw,7a8ab0d03b7ead21ed40b3e2556c734d992a86585a3d666abe35fd996793b7e5,"{""distance"":5,""physical_error_rate"":0.0005}","{""detection_events"":397,""detectors_checked"":229376}"
      2048,         6,         0,    1.20,standalone_exact_mw,6d50b7fd582d689cd34243588f2f768701e9a9d8fa2628f899f8cc10d0d983f2,"{""distance"":5,""physical_error_rate"":0.01}","{""detection_events"":17773,""detectors_checked"":458752,""obs_mistake_mask=E"":6}"
     12288,         0,         0,    1.20,standalone_exact_mw,352a3c59735d25dbe5889f513341a2cd2ff9414321bd3c07faf1c3217f623e8c,"{""distance"":5,""physical_error_rate"":5e-05}","{""detection_events"":460,""detectors_checked"":2752512}"
      1024,         4,         0,   0.627,standalone_exact_mw,6d50b7fd582d689cd34243588f2f768701e9a9d8fa2628f899f8cc10d0d983f2,"{""distance"":5,""physical_error_rate"":0.01}","{""detection_events"":9248,""detectors_checked"":229376,""obs_mistake_mask=E"":4}"
       512,        12,         0,   0.568,standalone_exact_mw,a7bb05ea697388040fb303af54aaa3ff48a18caf7b683b31db48b6e9be44c381,"{""distance"":5,""physical_error_rate"":0.02}","{""detection_events"":8363,""detectors_checked"":114688,""obs_mistake_mask=E"":12}"
      2048,        58,         0,    1.29,standalone_exact_mw,a7bb05ea697388040fb303af54aaa3ff48a18caf7b683b31db48b6e9be44c381,"{""distance"":5,""physical_error_rate"":0.02}","{""detection_events"":33442,""detectors_checked"":458752,""obs_mistake_mask=E"":58}"
     50176,         0,         0,    2.19,standalone_exact_mw,7a8ab0d03b7ead21ed40b3e2556c734d992a86585a3d666abe35fd996793b7e5,"{""distance"":5,""physical_error_rate"":0.0005}","{""detection_events"":22783,""detectors_checked"":11239424}"
      1024,         0,         0,   0.368,standalone_exact_mw,7a8ab0d03b7ead21ed40b3e2556c734d992a86585a3d666abe35fd996793b7e5,"{""distance"":5,""physical_error_rate"":0.0005}","{""detection_events"":482,""detectors_checked"":229376}"
    194560,         0,         0,    1.55,standalone_exact_mw,352a3c59735d25dbe5889f513341a2cd2ff9414321bd3c07faf1c3217f623e8c,"{""distance"":5,""physical_error_rate"":5e-05}","{""detection_events"":8643,""detectors_checked"":43581440}"
       512,        11,         0,   0.565,standalone_exact_mw,a7bb05ea697388040fb303af54aaa3ff48a18caf7b683b31db48b6e9be44c381,"{""distance"":5,""physical_error_rate"":0.02}","{""detection_events"":8334,""detectors_checked"":114688,""obs_mistake_mask=E"":11}"
      6144,         4,         0,    1.70,standalone_exact_mw,66176dfa0edb1b91f153995b3e04cb00912080f83721647eefdac2e2d96d98b0,"{""distance"":5,""physical_error_rate"":0.005}","{""detection_events"":27358,""detectors_checked"":1376256,""obs_mistake_mask=E"":4}"
     25600,         5,         0,    2.18,standalone_exact_mw,7e19e1ad41727a9cde3cbef4506ed3530b76f68cf04f4bd50bdb209f12ed436c,"{""distance"":5,""physical_error_rate"":0.002}","{""detection_events"":46322,""detectors_checked"":5734400,""obs_mistake_mask=E"":5}"
     12288,         0,         0,    1.12,standalone_exact_mw,7e19e1ad41727a9cde3cbef4506ed3530b76f68cf04f4bd50bdb209f12ed436c,"{""distance"":5,""physical_error_rate"":0.002}","{""detection_events"":22670,""detectors_checked"":2752512}"
     19456,         0,         0,    2.22,standalone_exact_mw,82025e6510dee7191a337377ca233259ac8dbd3ccaf9455e916f723ab2066810,"{""distance"":5,""physical_error_rate"":0.0001}","{""detection_events"":1865,""detectors_checked"":4358144}"
    105472,         0,         0,    1.56,standalone_exact_mw,82025e6510dee7191a337377ca233259ac8dbd3ccaf9455e916f723ab2066810,"{""distance"":5,""physical_error_rate"":0.0001}","{""detection_events"":9718,""detectors_checked"":23625728}"
      2048,         4,         0,   0.651,standalone_exact_mw,66176dfa0edb1b91f153995b3e04cb00912080f83721647eefdac2e2d96d98b0,"{""distance"":5,""physical_error_rate"":0.005}","{""detection_events"":8972,""detectors_checked"":458752,""obs_mistake_mask=E"":4}"
       128,         3,         0,    1.04,standalone_exact_mw,a7bb05ea697388040fb303af54aaa3ff48a18caf7b683b31db48b6e9be44c381,"{""distance"":5,""physical_error_rate"":0.02}","{""detection_events"":2151,""detectors_checked"":28672,""obs_mistake_mask=E"":3}"
     63488,         0,         0,    1.55,standalone_exact_mw,000a12f67b6d2f9febee6f900216609acb0c5281b533fe6e35129362572a0912,"{""distance"":5,""physical_error_rate"":0.0002}","{""detection_events"":11510,""detectors_checked"":14221312}"
       128,         2,         0,   0.886,standalone_exact_mw,a7bb05ea697388040fb303af54aaa3ff48a18caf7b683b31db48b6e9be44c381,"{""distance"":5,""physical_error_rate"":0.02}","{""detection_events"":2120,""detectors_checked"":28672,""obs_mistake_mask=E"":2}"
       768,         1,         0,    1.82,standalone_exact_mw,66176dfa0edb1b91f153995b3e04cb00912080f83721647eefdac2e2d96d98b0,"{""distance"":5,""physical_error_rate"":0.005}","{""detection_events"":3286,""detectors_checked"":172032,""obs_mistake_mask=E"":1}"
     35840,         0,         0,    1.57,standalone_exact_mw,7a8ab0d03b7ead21ed40b3e2556c734d992a86585a3d666abe35fd996793b7e5,"{""distance"":5,""physical_error_rate"":0.0005}","{""detection_events"":16462,""detectors_checked"":8028160}"
       512,        15,         0,   0.646,standalone_exact_mw,a7bb05ea697388040fb303af54aaa3ff48a18caf7b683b31db48b6e9be44c381,"{""distance"":5,""physical_error_rate"":0.02}","{""detection_events"":8443,""detectors_checked"":114688,""obs_mistake_mask=E"":15}"
      8192,         0,         0,    1.25,standalone_exact_mw,000a12f67b6d2f9febee6f900216609acb0c5281b533fe6e35129362572a0912,"{""distance"":5,""physical_error_rate"":0.0002}","{""detection_events"":1544,""detectors_checked"":1835008}"
      2048,         0,         0,   0.467,standalone_exact_mw,7a8ab0d03b7ead21ed40b3e2556c734d992a86585a3d666abe35fd996793b7e5,"{""distance"":5,""physical_error_rate"":0.0005}","{""detection_events"":875,""detectors_checked"":458752}"
      1024,         9,         0,   0.685,standalone_exact_mw,6d50b7fd582d689cd34243588f2f768701e9a9d8fa2628f899f8cc10d0d983f2,"{""distance"":5,""physical_error_rate"":0.01}","{""detection_events"":9060,""detectors_checked"":229376,""obs_mistake_mask=E"":9}"
    195584,         0,         0,    1.56,standalone_exact_mw,352a3c59735d25dbe5889f513341a2cd2ff9414321bd3c07faf1c3217f623e8c,"{""distance"":5,""physical_error_rate"":5e-05}","{""detection_events"":8973,""detectors_checked"":43810816}"
      5120,        22,         0,    1.77,standalone_exact_mw,6d50b7fd582d689cd34243588f2f768701e9a9d8fa2628f899f8cc10d0d983f2,"{""distance"":5,""physical_error_rate"":0.01}","{""detection_events"":44715,""detectors_checked"":1146880,""obs_mistake_mask=E"":22}"
      2048,         0,         0,    1.57,standalone_exact_mw,7e19e1ad41727a9cde3cbef4506ed3530b76f68cf04f4bd50bdb209f12ed436c,"{""distance"":5,""physical_error_rate"":0.002}","{""detection_events"":3703,""detectors_checked"":458752}"
      1024,        26,         0,   0.993,standalone_exact_mw,a7bb05ea697388040fb303af54aaa3ff48a18caf7b683b31db48b6e9be44c381,"{""distance"":5,""physical_error_rate"":0.02}","{""detection_events"":16963,""detectors_checked"":229376,""obs_mistake_mask=E"":26}"
      6144,         0,         0,    2.71,standalone_exact_mw,af3bdaf1e2a77998ab67ff9e67a4429848721a57eb3f28bee3f98b2e28b36bb7,"{""distance"":5,""physical_error_rate"":0.001}","{""detection_events"":5623,""detectors_checked"":1376256}"
       512,        10,         0,   0.542,standalone_exact_mw,a7bb05ea697388040fb303af54aaa3ff48a18caf7b683b31db48b6e9be44c381,"{""distance"":5,""physical_error_rate"":0.02}","{""detection_events"":8591,""detectors_checked"":114688,""obs_mistake_mask=E"":10}"
     87040,         0,         0,    1.56,standalone_exact_mw,82025e6510dee7191a337377ca233259ac8dbd3ccaf9455e916f723ab2066810,"{""distance"":5,""physical_error_rate"":0.0001}","{""detection_events"":7918,""detectors_checked"":19496960}"
     35840,         1,         0,    1.56,standalone_exact_mw,af3bdaf1e2a77998ab67ff9e67a4429848721a57eb3f28bee3f98b2e28b36bb7,"{""distance"":5,""physical_error_rate"":0.001}","{""detection_events"":32546,""detectors_checked"":8028160,""obs_mistake_mask=E"":1}"
      2048,         7,         0,    1.31,standalone_exact_mw,6d50b7fd582d689cd34243588f2f768701e9a9d8fa2628f899f8cc10d0d983f2,"{""distance"":5,""physical_error_rate"":0.01}","{""detection_events"":17399,""detectors_checked"":458752,""obs_mistake_mask=E"":7}"
     84992,         0,         0,    1.57,standalone_exact_mw,82025e6510dee7191a337377ca233259ac8dbd3ccaf9455e916f723ab2066810,"{""distance"":5,""physical_error_rate"":0.0001}","{""detection_events"":7731,""detectors_checked"":19038208}"
      1024,        24,         0,   0.693,standalone_exact_mw,a7bb05ea697388040fb303af54aaa3ff48a18caf7b683b31db48b6e9be44c381,"{""distance"":5,""physical_error_rate"":0.02}","{""detection_events"":17008,""detectors_checked"":229376,""obs_mistake_mask=E"":24}"
      1024,         5,         0,   0.672,standalone_exact_mw,6d50b7fd582d689cd34243588f2f768701e9a9d8fa2628f899f8cc10d0d983f2,"{""distance"":5,""physical_error_rate"":0.01}","{""detection_events"":9042,""detectors_checked"":229376,""obs_mistake_mask=E"":5}"
      2048,         0,         0,   0.691,standalone_exact_mw,7a8ab0d03b7ead21ed40b3e2556c734d992a86585a3d666abe35fd996793b7e5,"{""distance"":5,""physical_error_rate"":0.0005}","{""detection_events"":1016,""detectors_checked"":458752}"
       512,        15,         0,   0.624,standalone_exact_mw,a7bb05ea697388040fb303af54aaa3ff48a18caf7b683b31db48b6e9be44c381,"{""distance"":5,""physical_error_rate"":0.02}","{""detection_events"":8463,""detectors_checked"":114688,""obs_mistake_mask=E"":15}"
     12288,        14,         0,    2.28,standalone_exact_mw,66176dfa0edb1b91f153995b3e04cb00912080f83721647eefdac2e2d96d98b0,"{""distance"":5,""physical_error_rate"":0.005}","{""detection_events"":54403,""detectors_checked"":2752512,""obs_mistake_mask=E"":14}"
      5120,        13,         0,    1.85,standalone_exact_mw,6d50b7fd582d689cd34243588f2f768701e9a9d8fa2628f899f8cc10d0d983f2,"{""distance"":5,""physical_error_rate"":0.01}","{""detection_events"":45025,""detectors_checked"":1146880,""obs_mistake_mask=E"":13}"
     16384,         0,         0,    1.56,standalone_exact_mw,352a3c59735d25dbe5889f513341a2cd2ff9414321bd3c07faf1c3217f623e8c,"{""distance"":5,""physical_error_rate"":5e-05}","{""detection_events"":685,""detectors_checked"":3670016}"
      1024,         0,         0,    2.26,standalone_exact_mw,66176dfa0edb1b91f153995b3e04cb00912080f83721647eefdac2e2d96d98b0,"{""distance"":5,""physical_error_rate"":0.005}","{""detection_events"":4664,""detectors_checked"":229376}"
       128,         1,         0,    1.31,standalone_exact_mw,a7bb05ea697388040fb303af54aaa3ff48a18caf7b683b31db48b6e9be44c381,"{""distance"":5,""physical_error_rate"":0.02}","{""detection_events"":2096,""detectors_checked"":28672,""obs_mistake_mask=E"":1}"
      2048,         9,         0,    2.15,standalone_exact_mw,6d50b7fd582d689cd34243588f2f768701e9a9d8fa2628f899f8cc10d0d983f2,"{""distance"":5,""physical_error_rate"":0.01}","{""detection_events"":17745,""detectors_checked"":458752,""obs_mistake_mask=E"":9}"
      3072,        58,         0,    1.81,standalone_exact_mw,a7bb05ea697388040fb303af54aaa3ff48a18caf7b683b31db48b6e9be44c381,"{""distance"":5,""physical_error_rate"":0.02}","{""detection_events"":50376,""detectors_checked"":688128,""obs_mistake_mask=E"":58}"
       128,         5,         0,    1.33,standalone_exact_mw,a7bb05ea697388040fb303af54aaa3ff48a18caf7b683b31db48b6e9be44c381,"{""distance"":5,""physical_error_rate"":0.02}","{""detection_events"":2105,""detectors_checked"":28672,""obs_mistake_mask=E"":5}"
     19456,         1,         0,    1.63,standalone_exact_mw,7e19e1ad41727a9cde3cbef4506ed3530b76f68cf04f4bd50bdb209f12ed436c,"{""distance"":5,""physical_error_rate"":0.002}","{""detection_events"":35189,""detectors_checked"":4358144,""obs_mistake_mask=E"":1}"
      1024,         5,         0,   0.646,standalone_exact_mw,6d50b7fd582d689cd34243588f2f768701e9a9d8fa2628f899f8cc10d0d983f2,"{""distance"":5,""physical_error_rate"":0.01}","{""detection_events"":9017,""detectors_checked"":229376,""obs_mistake_mask=E"":5}"
      3072,         0,         0,    2.83,standalone_exact_mw,7e19e1ad41727a9cde3cbef4506ed3530b76f68cf04f4bd50bdb209f12ed436c,"{""distance"":5,""physical_error_rate"":0.002}","{""detection_events"":5686,""detectors_checked"":688128}"
    313344,         0,         0,    3.04,standalone_exact_mw,82025e6510dee7191a337377ca233259ac8dbd3ccaf9455e916f723ab2066810,"{""distance"":5,""physical_error_rate"":0.0001}","{""detection_events"":29079,""detectors_checked"":70189056}"
      2048,        45,         0,    1.42,standalone_exact_mw,a7bb05ea697388040fb303af54aaa3ff48a18caf7b683b31db48b6e9be44c381,"{""distance"":5,""physical_error_rate"":0.02}","{""detection_events"":33910,""detectors_checked"":458752,""obs_mistake_mask=E"":45}"
        64,         1,         0,   0.205,standalone_exact_mw,a7bb05ea697388040fb303af54aaa3ff48a18caf7b683b31db48b6e9be44c381,"{""distance"":5,""physical_error_rate"":0.02}","{""detection_events"":1050,""detectors_checked"":14336,""obs_mistake_mask=E"":1}"
      2048,         0,         0,   0.811,standalone_exact_mw,7a8ab0d03b7ead21ed40b3e2556c734d992a86585a3d666abe35fd996793b7e5,"{""distance"":5,""physical_error_rate"":0.0005}","{""detection_events"":986,""detectors_checked"":458752}"
    394240,         0,         0,    3.04,standalone_exact_mw,352a3c59735d25dbe5889f513341a2cd2ff9414321bd3c07faf1c3217f623e8c,"{""distance"":5,""physical_error_rate"":5e-05}","{""detection_events"":17979,""detectors_checked"":88309760}"
    231424,         0,         0,    3.04,standalone_exact_mw,000a12f67b6d2f9febee6f900216609acb0c5281b533fe6e35129362572a0912,"{""distance"":5,""physical_error_rate"":0.0002}","{""detection_events"":42838,""detectors_checked"":51838976}"
    139264,         0,         0,    3.05,standalone_exact_mw,7a8ab0d03b7ead21ed40b3e2556c734d992a86585a3d666abe35fd996793b7e5,"{""distance"":5,""physical_error_rate"":0.0005}","{""detection_events"":63577,""detectors_checked"":31195136}"
      9216,         0,         0,    1.65,standalone_exact_mw,000a12f67b6d2f9febee6f900216609acb0c5281b533fe6e35129362572a0912,"{""distance"":5,""physical_error_rate"":0.0002}","{""detection_events"":1588,""detectors_checked"":2064384}"
      5120,         0,         0,    2.59,standalone_exact_mw,af3bdaf1e2a77998ab67ff9e67a4429848721a57eb3f28bee3f98b2e28b36bb7,"{""distance"":5,""physical_error_rate"":0.001}","{""detection_events"":4761,""detectors_checked"":1146880}"
    275456,         0,         0,    2.18,standalone_exact_mw,352a3c59735d25dbe5889f513341a2cd2ff9414321bd3c07faf1c3217f623e8c,"{""distance"":5,""physical_error_rate"":5e-05}","{""detection_events"":12696,""detectors_checked"":61702144}"
        64,         3,         0,   0.695,standalone_exact_mw,a7bb05ea697388040fb303af54aaa3ff48a18caf7b683b31db48b6e9be44c381,"{""distance"":5,""physical_error_rate"":0.02}","{""detection_events"":1106,""detectors_checked"":14336,""obs_mistake_mask=E"":3}"
       768,         0,         0,    1.90,standalone_exact_mw,66176dfa0edb1b91f153995b3e04cb00912080f83721647eefdac2e2d96d98b0,"{""distance"":5,""physical_error_rate"":0.005}","{""detection_events"":3514,""detectors_checked"":172032}"
      1536,        35,         0,    1.09,standalone_exact_mw,a7bb05ea697388040fb303af54aaa3ff48a18caf7b683b31db48b6e9be44c381,"{""distance"":5,""physical_error_rate"":0.02}","{""detection_events"":25243,""detectors_checked"":344064,""obs_mistake_mask=E"":35}"
    197632,         0,         0,    3.05,standalone_exact_mw,352a3c59735d25dbe5889f513341a2cd2ff9414321bd3c07faf1c3217f623e8c,"{""distance"":5,""physical_error_rate"":5e-05}","{""detection_events"":9000,""detectors_checked"":44269568}"
     77824,         0,         0,    3.05,standalone_exact_mw,af3bdaf1e2a77998ab67ff9e67a4429848721a57eb3f28bee3f98b2e28b36bb7,"{""distance"":5,""physical_error_rate"":0.001}","{""detection_events"":71397,""detectors_checked"":17432576}"
    119808,         0,         0,    2.18,standalone_exact_mw,82025e6510dee7191a337377ca233259ac8dbd3ccaf9455e916f723ab2066810,"{""distance"":5,""physical_error_rate"":0.0001}","{""detection_events"":11043,""detectors_checked"":26836992}"
    108544,         0,         0,    3.15,standalone_exact_mw,000a12f67b6d2f9febee6f900216609acb0c5281b533fe6e35129362572a0912,"{""distance"":5,""physical_error_rate"":0.0002}","{""detection_events"":19761,""detectors_checked"":24313856}"
      1024,         9,         0,   0.660,standalone_exact_mw,6d50b7fd582d689cd34243588f2f768701e9a9d8fa2628f899f8cc10d0d983f2,"{""distance"":5,""physical_error_rate"":0.01}","{""detection_events"":8689,""detectors_checked"":229376,""obs_mistake_mask=E"":9}"
      2048,        46,         0,    1.32,standalone_exact_mw,a7bb05ea697388040fb303af54aaa3ff48a18caf7b683b31db48b6e9be44c381,"{""distance"":5,""physical_error_rate"":0.02}","{""detection_events"":33692,""detectors_checked"":458752,""obs_mistake_mask=E"":46}"
     72704,         2,         0,    3.07,standalone_exact_mw,af3bdaf1e2a77998ab67ff9e67a4429848721a57eb3f28bee3f98b2e28b36bb7,"{""distance"":5,""physical_error_rate"":0.001}","{""detection_events"":66946,""detectors_checked"":16285696,""obs_mistake_mask=E"":2}"
     87040,         0,         0,    2.18,standalone_exact_mw,000a12f67b6d2f9febee6f900216609acb0c5281b533fe6e35129362572a0912,"{""distance"":5,""physical_error_rate"":0.0002}","{""detection_events"":15939,""detectors_checked"":19496960}"
      9216,         9,         0,    2.45,standalone_exact_mw,66176dfa0edb1b91f153995b3e04cb00912080f83721647eefdac2e2d96d98b0,"{""distance"":5,""physical_error_rate"":0.005}","{""detection_events"":41015,""detectors_checked"":2064384,""obs_mistake_mask=E"":9}"
    121856,         0,         0,    3.06,standalone_exact_mw,000a12f67b6d2f9febee6f900216609acb0c5281b533fe6e35129362572a0912,"{""distance"":5,""physical_error_rate"":0.0002}","{""detection_events"":22236,""detectors_checked"":27295744}"
      1024,        23,         0,   0.652,standalone_exact_mw,a7bb05ea697388040fb303af54aaa3ff48a18caf7b683b31db48b6e9be44c381,"{""distance"":5,""physical_error_rate"":0.02}","{""detection_events"":16876,""detectors_checked"":229376,""obs_mistake_mask=E"":23}"
     78848,         0,         0,    3.05,standalone_exact_mw,7a8ab0d03b7ead21ed40b3e2556c734d992a86585a3d666abe35fd996793b7e5,"{""distance"":5,""physical_error_rate"":0.0005}","{""detection_events"":36377,""detectors_checked"":17661952}"
       512,        13,         0,   0.317,standalone_exact_mw,a7bb05ea697388040fb303af54aaa3ff48a18caf7b683b31db48b6e9be44c381,"{""distance"":5,""physical_error_rate"":0.02}","{""detection_events"":8466,""detectors_checked"":114688,""obs_mistake_mask=E"":13}"
     77824,         0,         0,    3.18,standalone_exact_mw,352a3c59735d25dbe5889f513341a2cd2ff9414321bd3c07faf1c3217f623e8c,"{""distance"":5,""physical_error_rate"":5e-05}","{""detection_events"":3439,""detectors_checked"":17432576}"
     44032,         2,         0,    3.06,standalone_exact_mw,7e19e1ad41727a9cde3cbef4506ed3530b76f68cf04f4bd50bdb209f12ed436c,"{""distance"":5,""physical_error_rate"":0.002}","{""detection_events"":80691,""detectors_checked"":9863168,""obs_mistake_mask=E"":2}"
    286720,         0,         0,    2.17,standalone_exact_mw,352a3c59735d25dbe5889f513341a2cd2ff9414321bd3c07faf1c3217f623e8c,"{""distance"":5,""physical_error_rate"":5e-05}","{""detection_events"":12940,""detectors_checked"":64225280}"
     23552,         0,         0,    3.00,standalone_exact_mw,82025e6510dee7191a337377ca233259ac8dbd3ccaf9455e916f723ab2066810,"{""distance"":5,""physical_error_rate"":0.0001}","{""detection_events"":2053,""detectors_checked"":5275648}"
      7168,        22,         0,    2.22,standalone_exact_mw,6d50b7fd582d689cd34243588f2f768701e9a9d8fa2628f899f8cc10d0d983f2,"{""distance"":5,""physical_error_rate"":0.01}","{""detection_events"":62384,""detectors_checked"":1605632,""obs_mistake_mask=E"":22}"
       640,        14,         0,   0.763,standalone_exact_mw,a7bb05ea697388040fb303af54aaa3ff48a18caf7b683b31db48b6e9be44c381,"{""distance"":5,""physical_error_rate"":0.02}","{""detection_events"":10378,""detectors_checked"":143360,""obs_mistake_mask=E"":14}"
     11264,         0,         0,    2.22,standalone_exact_mw,7a8ab0d03b7ead21ed40b3e2556c734d992a86585a3d666abe35fd996793b7e5,"{""distance"":5,""physical_error_rate"":0.0005}","{""detection_events"":5259,""detectors_checked"":2523136}"
      4096,         1,         0,    2.25,standalone_exact_mw,7e19e1ad41727a9cde3cbef4506ed3530b76f68cf04f4bd50bdb209f12ed436c,"{""distance"":5,""physical_error_rate"":0.002}","{""detection_events"":7457,""detectors_checked"":917504,""obs_mistake_mask=E"":1}"
      2048,        47,         0,    1.20,standalone_exact_mw,a7bb05ea697388040fb303af54aaa3ff48a18caf7b683b31db48b6e9be44c381,"{""distance"":5,""physical_error_rate"":0.02}","{""detection_events"":33996,""detectors_checked"":458752,""obs_mistake_mask=E"":47}"
        64,         2,         0,   0.699,standalone_exact_mw,a7bb05ea697388040fb303af54aaa3ff48a18caf7b683b31db48b6e9be44c381,"{""distance"":5,""physical_error_rate"":0.02}","{""detection_events"":1046,""detectors_checked"":14336,""obs_mistake_mask=E"":2}"
     73728,         0,         0,    3.07,standalone_exact_mw,7a8ab0d03b7ead21ed40b3e2556c734d992a86585a3d666abe35fd996793b7e5,"{""distance"":5,""physical_error_rate"":0.0005}","{""detection_events"":34596,""detectors_checked"":16515072}"
    145408,         0,         0,    2.18,standalone_exact_mw,82025e6510dee7191a337377ca233259ac8dbd3ccaf9455e916f723ab2066810,"{""distance"":5,""physical_error_rate"":0.0001}","{""detection_events"":13422,""detectors_checked"":32571392}"
      3072,        14,         0,    2.03,standalone_exact_mw,6d50b7fd582d689cd34243588f2f768701e9a9d8fa2628f899f8cc10d0d983f2,"{""distance"":5,""physical_error_rate"":0.01}","{""detection_events"":26656,""detectors_checked"":688128,""obs_mistake_mask=E"":14}"
      3072,         0,         0,    1.20,standalone_exact_mw,7a8ab0d03b7ead21ed40b3e2556c734d992a86585a3d666abe35fd996793b7e5,"{""distance"":5,""physical_error_rate"":0.0005}","{""detection_events"":1366,""detectors_checked"":688128}"
     53248,         0,         0,    2.18,standalone_exact_mw,af3bdaf1e2a77998ab67ff9e67a4429848721a57eb3f28bee3f98b2e28b36bb7,"{""distance"":5,""physical_error_rate"":0.001}","{""detection_events"":49307,""detectors_checked"":11927552}"
     35840,         0,         0,    3.10,standalone_exact_mw,7e19e1ad41727a9cde3cbef4506ed3530b76f68cf04f4bd50bdb209f12ed436c,"{""distance"":5,""physical_error_rate"":0.002}","{""detection_events"":65779,""detectors_checked"":8028160}"
      1297,         0,         0,   0.015,standalone_exact_mw,000a12f67b6d2f9febee6f900216609acb0c5281b533fe6e35129362572a0912,"{""distance"":5,""physical_error_rate"":0.0002}","{""detection_events"":197,""detectors_checked"":290528}"
      1024,         0,         0,   0.015,standalone_exact_mw,000a12f67b6d2f9febee6f900216609acb0c5281b533fe6e35129362572a0912,"{""distance"":5,""physical_error_rate"":0.0002}","{""detection_events"":194,""detectors_checked"":229376}"
      2048,         0,         0,   0.031,standalone_exact_mw,000a12f67b6d2f9febee6f900216609acb0c5281b533fe6e35129362572a0912,"{""distance"":5,""physical_error_rate"":0.0002}","{""detection_events"":401,""detectors_checked"":458752}"
       273,         0,         0,   0.023,standalone_exact_mw,7e19e1ad41727a9cde3cbef4506ed3530b76f68cf04f4bd50bdb209f12ed436c,"{""distance"":5,""physical_error_rate"":0.002}","{""detection_events"":597,""detectors_checked"":61152}"
     47104,         0,         0,    2.23,standalone_exact_mw,82025e6510dee7191a337377ca233259ac8dbd3ccaf9455e916f723ab2066810,"{""distance"":5,""physical_error_rate"":0.0001}","{""detection_events"":4355,""detectors_checked"":10551296}"
      3072,         0,         0,   0.038,standalone_exact_mw,000a12f67b6d2f9febee6f900216609acb0c5281b533fe6e35129362572a0912,"{""distance"":5,""physical_error_rate"":0.0002}","{""detection_events"":714,""detectors_checked"":688128}"
      1297,         0,         0,   0.031,standalone_exact_mw,7a8ab0d03b7ead21ed40b3e2556c734d992a86585a3d666abe35fd996793b7e5,"{""distance"":5,""physical_error_rate"":0.0005}","{""detection_events"":701,""detectors_checked"":290528}"
      1024,         0,         0,   0.023,standalone_exact_mw,7a8ab0d03b7ead21ed40b3e2556c734d992a86585a3d666abe35fd996793b7e5,"{""distance"":5,""physical_error_rate"":0.0005}","{""detection_events"":438,""detectors_checked"":229376}"
       273,         0,         0,   0.010,standalone_exact_mw,af3bdaf1e2a77998ab67ff9e67a4429848721a57eb3f28bee3f98b2e28b36bb7,"{""distance"":5,""physical_error_rate"":0.001}","{""detection_events"":256,""detectors_checked"":61152}"
     22528,         0,         0,    3.12,standalone_exact_mw,82025e6510dee7191a337377ca233259ac8dbd3ccaf9455e916f723ab2066810,"{""distance"":5,""physical_error_rate"":0.0001}","{""detection_events"":2075,""detectors_checked"":5046272}"
      4096,         0,         0,   0.044,standalone_exact_mw,000a12f67b6d2f9febee6f900216609acb0c5281b533fe6e35129362572a0912,"{""distance"":5,""physical_error_rate"":0.0002}","{""detection_events"":780,""detectors_checked"":917504}"
      1024,         0,         0,   0.028,standalone_exact_mw,7a8ab0d03b7ead21ed40b3e2556c734d992a86585a3d666abe35fd996793b7e5,"{""distance"":5,""physical_error_rate"":0.0005}","{""detection_events"":436,""detectors_checked"":229376}"
      1024,         0,         0,   0.063,standalone_exact_mw,7e19e1ad41727a9cde3cbef4506ed3530b76f68cf04f4bd50bdb209f12ed436c,"{""distance"":5,""physical_error_rate"":0.002}","{""detection_events"":1767,""detectors_checked"":229376}"
      1024,         0,         0,   0.037,standalone_exact_mw,af3bdaf1e2a77998ab67ff9e67a4429848721a57eb3f28bee3f98b2e28b36bb7,"{""distance"":5,""physical_error_rate"":0.001}","{""detection_events"":949,""detectors_checked"":229376}"
      2048,         0,         0,   0.039,standalone_exact_mw,7a8ab0d03b7ead21ed40b3e2556c734d992a86585a3d666abe35fd996793b7e5,"{""distance"":5,""physical_error_rate"":0.0005}","{""detection_events"":1057,""detectors_checked"":458752}"
      5120,         0,         0,   0.057,standalone_exact_mw,000a12f67b6d2f9febee6f900216609acb0c5281b533fe6e35129362572a0912,"{""distance"":5,""physical_error_rate"":0.0002}","{""detection_events"":866,""detectors_checked"":1146880}"
      1024,         0,         0,   0.037,standalone_exact_mw,af3bdaf1e2a77998ab67ff9e67a4429848721a57eb3f28bee3f98b2e28b36bb7,"{""distance"":5,""physical_error_rate"":0.001}","{""detection_events"":795,""detectors_checked"":229376}"
      2048,         0,         0,   0.039,standalone_exact_mw,7a8ab0d03b7ead21ed40b3e2556c734d992a86585a3d666abe35fd996793b7e5,"{""distance"":5,""physical_error_rate"":0.0005}","{""detection_events"":861,""detectors_checked"":458752}"
      1024,         1,         0,   0.075,standalone_exact_mw,7e19e1ad41727a9cde3cbef4506ed3530b76f68cf04f4bd50bdb209f12ed436c,"{""distance"":5,""physical_error_rate"":0.002}","{""detection_events"":1907,""detectors_checked"":229376,""obs_mistake_mask=E"":1}"
     17408,         0,         0,    2.19,standalone_exact_mw,352a3c59735d25dbe5889f513341a2cd2ff9414321bd3c07faf1c3217f623e8c,"{""distance"":5,""physical_error_rate"":5e-05}","{""detection_events"":812,""detectors_checked"":3899392}"
      1024,         0,         0,   0.049,standalone_exact_mw,af3bdaf1e2a77998ab67ff9e67a4429848721a57eb3f28bee3f98b2e28b36bb7,"{""distance"":5,""physical_error_rate"":0.001}","{""detection_events"":1062,""detectors_checked"":229376}"
      6144,         0,         0,   0.086,standalone_exact_mw,000a12f67b6d2f9febee6f900216609acb0c5281b533fe6e35129362572a0912,"{""distance"":5,""physical_error_rate"":0.0002}","{""detection_events"":1185,""detectors_checked"":1376256}"
      1024,         0,         0,   0.068,standalone_exact_mw,7e19e1ad41727a9cde3cbef4506ed3530b76f68cf04f4bd50bdb209f12ed436c,"{""distance"":5,""physical_error_rate"":0.002}","{""detection_events"":1802,""detectors_checked"":229376}"
      3072,         0,         0,   0.071,standalone_exact_mw,7a8ab0d03b7ead21ed40b3e2556c734d992a86585a3d666abe35fd996793b7e5,"{""distance"":5,""physical_error_rate"":0.0005}","{""detection_events"":1375,""detectors_checked"":688128}"
      1024,         0,         0,   0.053,standalone_exact_mw,af3bdaf1e2a77998ab67ff9e67a4429848721a57eb3f28bee3f98b2e28b36bb7,"{""distance"":5,""physical_error_rate"":0.001}","{""detection_events"":984,""detectors_checked"":229376}"
       273,         1,         0,   0.107,standalone_exact_mw,66176dfa0edb1b91f153995b3e04cb00912080f83721647eefdac2e2d96d98b0,"{""distance"":5,""physical_error_rate"":0.005}","{""detection_events"":1222,""detectors_checked"":61152,""obs_mistake_mask=E"":1}"
      7168,        22,         0,    2.36,standalone_exact_mw,6d50b7fd582d689cd34243588f2f768701e9a9d8fa2628f899f8cc10d0d983f2,"{""distance"":5,""physical_error_rate"":0.01}","{""detection_events"":61343,""detectors_checked"":1605632,""obs_mistake_mask=E"":22}"
       768,         1,         0,    2.28,standalone_exact_mw,66176dfa0edb1b91f153995b3e04cb00912080f83721647eefdac2e2d96d98b0,"{""distance"":5,""physical_error_rate"":0.005}","{""detection_events"":3598,""detectors_checked"":172032,""obs_mistake_mask=E"":1}"
      1024,         0,         0,   0.071,standalone_exact_mw,7e19e1ad41727a9cde3cbef4506ed3530b76f68cf04f4bd50bdb209f12ed436c,"{""distance"":5,""physical_error_rate"":0.002}","{""detection_events"":2009,""detectors_checked"":229376}"
      4096,         0,         0,   0.089,standalone_exact_mw,7a8ab0d03b7ead21ed40b3e2556c734d992a86585a3d666abe35fd996793b7e5,"{""distance"":5,""physical_error_rate"":0.0005}","{""detection_events"":1945,""detectors_checked"":917504}"
      2048,         0,         0,   0.074,standalone_exact_mw,af3bdaf1e2a77998ab67ff9e67a4429848721a57eb3f28bee3f98b2e28b36bb7,"{""distance"":5,""physical_error_rate"":0.001}","{""detection_events"":1886,""detectors_checked"":458752}"
      8192,         0,         0,   0.110,standalone_exact_mw,000a12f67b6d2f9febee6f900216609acb0c5281b533fe6e35129362572a0912,"{""distance"":5,""physical_error_rate"":0.0002}","{""detection_events"":1447,""detectors_checked"":1835008}"
      1024,         0,         0,   0.060,standalone_exact_mw,7e19e1ad41727a9cde3cbef4506ed3530b76f68cf04f4bd50bdb209f12ed436c,"{""distance"":5,""physical_error_rate"":0.002}","{""detection_events"":1823,""detectors_checked"":229376}"
      5120,         0,         0,    3.20,standalone_exact_mw,af3bdaf1e2a77998ab67ff9e67a4429848721a57eb3f28bee3f98b2e28b36bb7,"{""distance"":5,""physical_error_rate"":0.001}","{""detection_events"":4626,""detectors_checked"":1146880}"
      3072,         0,         0,   0.111,standalone_exact_mw,af3bdaf1e2a77998ab67ff9e67a4429848721a57eb3f28bee3f98b2e28b36bb7,"{""distance"":5,""physical_error_rate"":0.001}","{""detection_events"":2807,""detectors_checked"":688128}"
      5120,         0,         0,   0.112,standalone_exact_mw,7a8ab0d03b7ead21ed40b3e2556c734d992a86585a3d666abe35fd996793b7e5,"{""distance"":5,""physical_error_rate"":0.0005}","{""detection_events"":2382,""detectors_checked"":1146880}"
     12288,         0,         0,   0.161,standalone_exact_mw,000a12f67b6d2f9febee6f900216609acb0c5281b533fe6e35129362572a0912,"{""distance"":5,""physical_error_rate"":0.0002}","{""detection_events"":2245,""detectors_checked"":2752512}"
      2048,         0,         0,   0.146,standalone_exact_mw,7e19e1ad41727a9cde3cbef4506ed3530b76f68cf04f4bd50bdb209f12ed436c,"{""distance"":5,""physical_error_rate"":0.002}","{""detection_events"":3530,""detectors_checked"":458752}"
      3072,         0,         0,   0.110,standalone_exact_mw,af3bdaf1e2a77998ab67ff9e67a4429848721a57eb3f28bee3f98b2e28b36bb7,"{""distance"":5,""physical_error_rate"":0.001}","{""detection_events"":2783,""detectors_checked"":688128}"
      7168,         0,         0,   0.168,standalone_exact_mw,7a8ab0d03b7ead21ed40b3e2556c734d992a86585a3d666abe35fd996793b7e5,"{""distance"":5,""physical_error_rate"":0.0005}","{""detection_events"":3252,""detectors_checked"":1605632}"
      1024,         0,         0,   0.362,standalone_exact_mw,66176dfa0edb1b91f153995b3e04cb00912080f83721647eefdac2e2d96d98b0,"{""distance"":5,""physical_error_rate"":0.005}","{""detection_events"":4687,""detectors_checked"":229376}"
      2048,         0,         0,   0.128,standalone_exact_mw,7e19e1ad41727a9cde3cbef4506ed3530b76f68cf04f4bd50bdb209f12ed436c,"{""distance"":5,""physical_error_rate"":0.002}","{""detection_events"":3692,""detectors_checked"":458752}"
     30720,         1,         0,    2.20,standalone_exact_mw,7e19e1ad41727a9cde3cbef4506ed3530b76f68cf04f4bd50bdb209f12ed436c,"{""distance"":5,""physical_error_rate"":0.002}","{""detection_events"":56164,""detectors_checked"":6881280,""obs_mistake_mask=E"":1}"
     15360,         0,         0,   0.213,standalone_exact_mw,000a12f67b6d2f9febee6f900216609acb0c5281b533fe6e35129362572a0912,"{""distance"":5,""physical_error_rate"":0.0002}","{""detection_events"":2836,""detectors_checked"":3440640}"
      4096,         0,         0,   0.168,standalone_exact_mw,af3bdaf1e2a77998ab67ff9e67a4429848721a57eb3f28bee3f98b2e28b36bb7,"{""distance"":5,""physical_error_rate"":0.001}","{""detection_events"":3720,""detectors_checked"":917504}"
     10240,         0,         0,   0.228,standalone_exact_mw,7a8ab0d03b7ead21ed40b3e2556c734d992a86585a3d666abe35fd996793b7e5,"{""distance"":5,""physical_error_rate"":0.0005}","{""detection_events"":4706,""detectors_checked"":2293760}"
      3072,         0,         0,   0.216,standalone_exact_mw,7e19e1ad41727a9cde3cbef4506ed3530b76f68cf04f4bd50bdb209f12ed436c,"{""distance"":5,""physical_error_rate"":0.002}","{""detection_events"":5578,""detectors_checked"":688128}"
      3072,         4,         0,    4.03,standalone_exact_mw,66176dfa0edb1b91f153995b3e04cb00912080f83721647eefdac2e2d96d98b0,"{""distance"":5,""physical_error_rate"":0.005}","{""detection_events"":14066,""detectors_checked"":688128,""obs_mistake_mask=E"":4}"
      6144,         0,         0,   0.236,standalone_exact_mw,af3bdaf1e2a77998ab67ff9e67a4429848721a57eb3f28bee3f98b2e28b36bb7,"{""distance"":5,""physical_error_rate"":0.001}","{""detection_events"":5739,""detectors_checked"":1376256}"
      1024,         0,         0,   0.329,standalone_exact_mw,66176dfa0edb1b91f153995b3e04cb00912080f83721647eefdac2e2d96d98b0,"{""distance"":5,""physical_error_rate"":0.005}","{""detection_events"":4517,""detectors_checked"":229376}"
     10240,         0,         0,    2.16,standalone_exact_mw,000a12f67b6d2f9febee6f900216609acb0c5281b533fe6e35129362572a0912,"{""distance"":5,""physical_error_rate"":0.0002}","{""detection_events"":1827,""detectors_checked"":2293760}"
     23552,         0,         0,   0.295,standalone_exact_mw,000a12f67b6d2f9febee6f900216609acb0c5281b533fe6e35129362572a0912,"{""distance"":5,""physical_error_rate"":0.0002}","{""detection_events"":4488,""detectors_checked"":5275648}"
     18432,        13,         0,    3.20,standalone_exact_mw,66176dfa0edb1b91f153995b3e04cb00912080f83721647eefdac2e2d96d98b0,"{""distance"":5,""physical_error_rate"":0.005}","{""detection_events"":82657,""detectors_checked"":4128768,""obs_mistake_mask=E"":13}"
      4096,         0,         0,   0.247,standalone_exact_mw,7e19e1ad41727a9cde3cbef4506ed3530b76f68cf04f4bd50bdb209f12ed436c,"{""distance"":5,""physical_error_rate"":0.002}","{""detection_events"":7330,""detectors_checked"":917504}"
     14336,         0,         0,   0.306,standalone_exact_mw,7a8ab0d03b7ead21ed40b3e2556c734d992a86585a3d666abe35fd996793b7e5,"{""distance"":5,""physical_error_rate"":0.0005}","{""detection_events"":6409,""detectors_checked"":3211264}"
      1024,         0,         0,   0.289,standalone_exact_mw,66176dfa0edb1b91f153995b3e04cb00912080f83721647eefdac2e2d96d98b0,"{""distance"":5,""physical_error_rate"":0.005}","{""detection_events"":4315,""detectors_checked"":229376}"
      8192,         0,         0,   0.309,standalone_exact_mw,af3bdaf1e2a77998ab67ff9e67a4429848721a57eb3f28bee3f98b2e28b36bb7,"{""distance"":5,""physical_error_rate"":0.001}","{""detection_events"":7596,""detectors_checked"":1835008}"
     31744,         0,         0,   0.405,standalone_exact_mw,000a12f67b6d2f9febee6f900216609acb0c5281b533fe6e35129362572a0912,"{""distance"":5,""physical_error_rate"":0.0002}","{""detection_events"":5815,""detectors_checked"":7110656}"
      4096,         0,         0,   0.311,standalone_exact_mw,7e19e1ad41727a9cde3cbef4506ed3530b76f68cf04f4bd50bdb209f12ed436c,"{""distance"":5,""physical_error_rate"":0.002}","{""detection_events"":7372,""detectors_checked"":917504}"
       768,         0,         0,    2.54,standalone_exact_mw,66176dfa0edb1b91f153995b3e04cb00912080f83721647eefdac2e2d96d98b0,"{""distance"":5,""physical_error_rate"":0.005}","{""detection_events"":3345,""detectors_checked"":172032}"
     14336,         1,         0,   0.410,standalone_exact_mw,7a8ab0d03b7ead21ed40b3e2556c734d992a86585a3d666abe35fd996793b7e5,"{""distance"":5,""physical_error_rate"":0.0005}","{""detection_events"":6555,""detectors_checked"":3211264,""obs_mistake_mask=E"":1}"
       512,         1,         0,    3.36,standalone_exact_mw,6d50b7fd582d689cd34243588f2f768701e9a9d8fa2628f899f8cc10d0d983f2,"{""distance"":5,""physical_error_rate"":0.01}","{""detection_events"":4735,""detectors_checked"":114688,""obs_mistake_mask=E"":1}"
      1024,         0,         0,   0.361,standalone_exact_mw,66176dfa0edb1b91f153995b3e04cb00912080f83721647eefdac2e2d96d98b0,"{""distance"":5,""physical_error_rate"":0.005}","{""detection_events"":4704,""detectors_checked"":229376}"
     11264,         0,         0,   0.425,standalone_exact_mw,af3bdaf1e2a77998ab67ff9e67a4429848721a57eb3f28bee3f98b2e28b36bb7,"{""distance"":5,""physical_error_rate"":0.001}","{""detection_events"":10071,""detectors_checked"":2523136}"
      4096,         0,         0,    1.85,standalone_exact_mw,7a8ab0d03b7ead21ed40b3e2556c734d992a86585a3d666abe35fd996793b7e5,"{""distance"":5,""physical_error_rate"":0.0005}","{""detection_events"":1927,""detectors_checked"":917504}"
      2560,         0,         0,    3.35,standalone_exact_mw,7e19e1ad41727a9cde3cbef4506ed3530b76f68cf04f4bd50bdb209f12ed436c,"{""distance"":5,""physical_error_rate"":0.002}","{""detection_events"":4613,""detectors_checked"":573440}"
      6144,         0,         0,   0.451,standalone_exact_mw,7e19e1ad41727a9cde3cbef4506ed3530b76f68cf04f4bd50bdb209f12ed436c,"{""distance"":5,""physical_error_rate"":0.002}","{""detection_events"":11216,""detectors_checked"":1376256}"
    401408,         0,         0,    3.04,standalone_exact_mw,352a3c59735d25dbe5889f513341a2cd2ff9414321bd3c07faf1c3217f623e8c,"{""distance"":5,""physical_error_rate"":5e-05}","{""detection_events"":18486,""detectors_checked"":89915392}"
      1024,         2,         0,   0.360,standalone_exact_mw,66176dfa0edb1b91f153995b3e04cb00912080f83721647eefdac2e2d96d98b0,"{""distance"":5,""physical_error_rate"":0.005}","{""detection_events"":4466,""detectors_checked"":229376,""obs_mistake_mask=E"":2}"
     46080,         0,         0,   0.571,standalone_exact_mw,000a12f67b6d2f9febee6f900216609acb0c5281b533fe6e35129362572a0912,"{""distance"":5,""physical_error_rate"":0.0002}","{""detection_events"":8310,""detectors_checked"":10321920}"
    304128,         0,         0,    3.04,standalone_exact_mw,82025e6510dee7191a337377ca233259ac8dbd3ccaf9455e916f723ab2066810,"{""distance"":5,""physical_error_rate"":0.0001}","{""detection_events"":27818,""detectors_checked"":68124672}"
     21504,         0,         0,   0.568,standalone_exact_mw,7a8ab0d03b7ead21ed40b3e2556c734d992a86585a3d666abe35fd996793b7e5,"{""distance"":5,""physical_error_rate"":0.0005}","{""detection_events"":9853,""detectors_checked"":4816896}"
     76800,         0,         0,    3.07,standalone_exact_mw,000a12f67b6d2f9febee6f900216609acb0c5281b533fe6e35129362572a0912,"{""distance"":5,""physical_error_rate"":0.0002}","{""detection_events"":14077,""detectors_checked"":17203200}"
      4096,        11,         0,    2.56,standalone_exact_mw,6d50b7fd582d689cd34243588f2f768701e9a9d8fa2628f899f8cc10d0d983f2,"{""distance"":5,""physical_error_rate"":0.01}","{""detection_events"":35912,""detectors_checked"":917504,""obs_mistake_mask=E"":11}"
     11264,         1,         0,   0.582,standalone_exact_mw,af3bdaf1e2a77998ab67ff9e67a4429848721a57eb3f28bee3f98b2e28b36bb7,"{""distance"":5,""physical_error_rate"":0.001}","{""detection_events"":10598,""detectors_checked"":2523136,""obs_mistake_mask=E"":1}"
      4096,         1,         0,    3.47,standalone_exact_mw,af3bdaf1e2a77998ab67ff9e67a4429848721a57eb3f28bee3f98b2e28b36bb7,"{""distance"":5,""physical_error_rate"":0.001}","{""detection_events"":3687,""detectors_checked"":917504,""obs_mistake_mask=E"":1}"
      1024,         0,         0,   0.345,standalone_exact_mw,66176dfa0edb1b91f153995b3e04cb00912080f83721647eefdac2e2d96d98b0,"{""distance"":5,""physical_error_rate"":0.005}","{""detection_events"":4563,""detectors_checked"":229376}"
    381952,         0,         0,    3.04,standalone_exact_mw,352a3c59735d25dbe5889f513341a2cd2ff9414321bd3c07faf1c3217f623e8c,"{""distance"":5,""physical_error_rate"":5e-05}","{""detection_events"":17665,""detectors_checked"":85557248}"
     16384,         8,         0,    3.21,standalone_exact_mw,66176dfa0edb1b91f153995b3e04cb00912080f83721647eefdac2e2d96d98b0,"{""distance"":5,""physical_error_rate"":0.005}","{""detection_events"":73450,""detectors_checked"":3670016,""obs_mistake_mask=E"":8}"
      9216,         0,         0,   0.597,standalone_exact_mw,7e19e1ad41727a9cde3cbef4506ed3530b76f68cf04f4bd50bdb209f12ed436c,"{""distance"":5,""physical_error_rate"":0.002}","{""detection_events"":16604,""detectors_checked"":2064384}"
     33792,         0,         0,    3.07,standalone_exact_mw,7a8ab0d03b7ead21ed40b3e2556c734d992a86585a3d666abe35fd996793b7e5,"{""distance"":5,""physical_error_rate"":0.0005}","{""detection_events"":15752,""detectors_checked"":7569408}"
      8192,         0,         0,    3.06,standalone_exact_mw,7e19e1ad41727a9cde3cbef4506ed3530b76f68cf04f4bd50bdb209f12ed436c,"{""distance"":5,""physical_error_rate"":0.002}","{""detection_events"":14923,""detectors_checked"":1835008}"
       512,         0,         0,    1.65,standalone_exact_mw,66176dfa0edb1b91f153995b3e04cb00912080f83721647eefdac2e2d96d98b0,"{""distance"":5,""physical_error_rate"":0.005}","{""detection_events"":2367,""detectors_checked"":114688}"
      2816,         1,         0,    2.31,standalone_exact_mw,66176dfa0edb1b91f153995b3e04cb00912080f83721647eefdac2e2d96d98b0,"{""distance"":5,""physical_error_rate"":0.005}","{""detection_events"":12523,""detectors_checked"":630784,""obs_mistake_mask=E"":1}"
      1024,         3,         0,   0.377,standalone_exact_mw,66176dfa0edb1b91f153995b3e04cb00912080f83721647eefdac2e2d96d98b0,"{""distance"":5,""physical_error_rate"":0.005}","{""detection_events"":4699,""detectors_checked"":229376,""obs_mistake_mask=E"":3}"
    308224,         0,         0,    3.05,standalone_exact_mw,82025e6510dee7191a337377ca233259ac8dbd3ccaf9455e916f723ab2066810,"{""distance"":5,""physical_error_rate"":0.0001}","{""detection_events"":28405,""detectors_checked"":69042176}"
    447488,         0,         0,    4.26,standalone_exact_mw,82025e6510dee7191a337377ca233259ac8dbd3ccaf9455e916f723ab2066810,"{""distance"":5,""physical_error_rate"":0.0001}","{""detection_events"":40806,""detectors_checked"":100237312}"
     57344,         0,         0,   0.798,standalone_exact_mw,000a12f67b6d2f9febee6f900216609acb0c5281b533fe6e35129362572a0912,"{""distance"":5,""physical_error_rate"":0.0002}","{""detection_events"":10446,""detectors_checked"":12845056}"
     11264,        34,         0,    3.47,standalone_exact_mw,6d50b7fd582d689cd34243588f2f768701e9a9d8fa2628f899f8cc10d0d983f2,"{""distance"":5,""physical_error_rate"":0.01}","{""detection_events"":98153,""detectors_checked"":2523136,""obs_mistake_mask=E"":34}"
     74752,         2,         0,    3.05,standalone_exact_mw,af3bdaf1e2a77998ab67ff9e67a4429848721a57eb3f28bee3f98b2e28b36bb7,"{""distance"":5,""physical_error_rate"":0.001}","{""detection_events"":68862,""detectors_checked"":16744448,""obs_mistake_mask=E"":2}"
     33792,         0,         0,   0.794,standalone_exact_mw,7a8ab0d03b7ead21ed40b3e2556c734d992a86585a3d666abe35fd996793b7e5,"{""distance"":5,""physical_error_rate"":0.0005}","{""detection_events"":15604,""detectors_checked"":7569408}"
    506880,         0,         0,    4.26,standalone_exact_mw,352a3c59735d25dbe5889f513341a2cd2ff9414321bd3c07faf1c3217f623e8c,"{""distance"":5,""physical_error_rate"":5e-05}","{""detection_events"":23206,""detectors_checked"":113541120}"
    336896,         0,         0,    4.27,standalone_exact_mw,000a12f67b6d2f9febee6f900216609acb0c5281b533fe6e35129362572a0912,"{""distance"":5,""physical_error_rate"":0.0002}","{""detection_events"":62203,""detectors_checked"":75464704}"
      1024,         0,         0,   0.311,standalone_exact_mw,66176dfa0edb1b91f153995b3e04cb00912080f83721647eefdac2e2d96d98b0,"{""distance"":5,""physical_error_rate"":0.005}","{""detection_events"":4538,""detectors_checked"":229376}"
    187392,         1,         0,    4.28,standalone_exact_mw,7a8ab0d03b7ead21ed40b3e2556c734d992a86585a3d666abe35fd996793b7e5,"{""distance"":5,""physical_error_rate"":0.0005}","{""detection_events"":86225,""detectors_checked"":41975808,""obs_mistake_mask=E"":1}"
     19456,         0,         0,   0.805,standalone_exact_mw,af3bdaf1e2a77998ab67ff9e67a4429848721a57eb3f28bee3f98b2e28b36bb7,"{""distance"":5,""physical_error_rate"":0.001}","{""detection_events"":17833,""detectors_checked"":4358144}"
     16384,         0,         0,    3.20,standalone_exact_mw,82025e6510dee7191a337377ca233259ac8dbd3ccaf9455e916f723ab2066810,"{""distance"":5,""physical_error_rate"":0.0001}","{""detection_events"":1599,""detectors_checked"":3670016}"
    110592,         1,         0,    4.29,standalone_exact_mw,af3bdaf1e2a77998ab67ff9e67a4429848721a57eb3f28bee3f98b2e28b36bb7,"{""distance"":5,""physical_error_rate"":0.001}","{""detection_events"":100914,""detectors_checked"":24772608,""obs_mistake_mask=E"":1}"
     10240,         1,         0,   0.801,standalone_exact_mw,7e19e1ad41727a9cde3cbef4506ed3530b76f68cf04f4bd50bdb209f12ed436c,"{""distance"":5,""physical_error_rate"":0.002}","{""detection_events"":18456,""detectors_checked"":2293760,""obs_mistake_mask=E"":1}"
     96256,         0,         0,    4.34,standalone_exact_mw,352a3c59735d25dbe5889f513341a2cd2ff9414321bd3c07faf1c3217f623e8c,"{""distance"":5,""physical_error_rate"":5e-05}","{""detection_events"":4437,""detectors_checked"":21561344}"
     16384,         0,         0,    4.31,standalone_exact_mw,000a12f67b6d2f9febee6f900216609acb0c5281b533fe6e35129362572a0912,"{""distance"":5,""physical_error_rate"":0.0002}","{""detection_events"":3161,""detectors_checked"":3670016}"
      1024,         0,         0,   0.365,standalone_exact_mw,66176dfa0edb1b91f153995b3e04cb00912080f83721647eefdac2e2d96d98b0,"{""distance"":5,""physical_error_rate"":0.005}","{""detection_events"":4559,""detectors_checked"":229376}"
     21504,         0,         0,    3.14,standalone_exact_mw,352a3c59735d25dbe5889f513341a2cd2ff9414321bd3c07faf1c3217f623e8c,"{""distance"":5,""physical_error_rate"":5e-05}","{""detection_events"":1045,""detectors_checked"":4816896}"
    101376,         0,         0,    4.29,standalone_exact_mw,af3bdaf1e2a77998ab67ff9e67a4429848721a57eb3f28bee3f98b2e28b36bb7,"{""distance"":5,""physical_error_rate"":0.001}","{""detection_events"":93319,""detectors_checked"":22708224}"
      9216,        26,         0,    3.18,standalone_exact_mw,6d50b7fd582d689cd34243588f2f768701e9a9d8fa2628f899f8cc10d0d983f2,"{""distance"":5,""physical_error_rate"":0.01}","{""detection_events"":79509,""detectors_checked"":2064384,""obs_mistake_mask=E"":26}"
    180224,         0,         0,    4.28,standalone_exact_mw,000a12f67b6d2f9febee6f900216609acb0c5281b533fe6e35129362572a0912,"{""distance"":5,""physical_error_rate"":0.0002}","{""detection_events"":33507,""detectors_checked"":40370176}"
    178176,         0,         0,    4.29,standalone_exact_mw,7a8ab0d03b7ead21ed40b3e2556c734d992a86585a3d666abe35fd996793b7e5,"{""distance"":5,""physical_error_rate"":0.0005}","{""detection_events"":82453,""detectors_checked"":39911424}"
     61440,         4,         0,    4.30,standalone_exact_mw,7e19e1ad41727a9cde3cbef4506ed3530b76f68cf04f4bd50bdb209f12ed436c,"{""distance"":5,""physical_error_rate"":0.002}","{""detection_events"":112367,""detectors_checked"":13762560,""obs_mistake_mask=E"":4}"
     28672,         0,         0,    4.33,standalone_exact_mw,352a3c59735d25dbe5889f513341a2cd2ff9414321bd3c07faf1c3217f623e8c,"{""distance"":5,""physical_error_rate"":5e-05}","{""detection_events"":1388,""detectors_checked"":6422528}"
      1024,         3,         0,   0.297,standalone_exact_mw,66176dfa0edb1b91f153995b3e04cb00912080f83721647eefdac2e2d96d98b0,"{""distance"":5,""physical_error_rate"":0.005}","{""detection_events"":4647,""detectors_checked"":229376,""obs_mistake_mask=E"":3}"
     43008,         3,         0,    3.07,standalone_exact_mw,7e19e1ad41727a9cde3cbef4506ed3530b76f68cf04f4bd50bdb209f12ed436c,"{""distance"":5,""physical_error_rate"":0.002}","{""detection_events"":78756,""detectors_checked"":9633792,""obs_mistake_mask=E"":3}"
     22528,         0,         0,    4.29,standalone_exact_mw,82025e6510dee7191a337377ca233259ac8dbd3ccaf9455e916f723ab2066810,"{""distance"":5,""physical_error_rate"":0.0001}","{""detection_events"":2053,""detectors_checked"":5046272}"
      5120,         0,         0,    2.18,standalone_exact_mw,7a8ab0d03b7ead21ed40b3e2556c734d992a86585a3d666abe35fd996793b7e5,"{""distance"":5,""physical_error_rate"":0.0005}","{""detection_events"":2366,""detectors_checked"":1146880}"
     89088,         0,         0,    1.11,standalone_exact_mw,000a12f67b6d2f9febee6f900216609acb0c5281b533fe6e35129362572a0912,"{""distance"":5,""physical_error_rate"":0.0002}","{""detection_events"":16425,""detectors_checked"":19955712}"
     49152,         0,         0,    1.11,standalone_exact_mw,7a8ab0d03b7ead21ed40b3e2556c734d992a86585a3d666abe35fd996793b7e5,"{""distance"":5,""physical_error_rate"":0.0005}","{""detection_events"":22306,""detectors_checked"":11010048}"
      1024,         4,         0,    2.39,standalone_exact_mw,6d50b7fd582d689cd34243588f2f768701e9a9d8fa2628f899f8cc10d0d983f2,"{""distance"":5,""physical_error_rate"":0.01}","{""detection_events"":9086,""detectors_checked"":229376,""obs_mistake_mask=E"":4}"
     13312,         0,         0,    4.35,standalone_exact_mw,7a8ab0d03b7ead21ed40b3e2556c734d992a86585a3d666abe35fd996793b7e5,"{""distance"":5,""physical_error_rate"":0.0005}","{""detection_events"":6085,""detectors_checked"":2981888}"
     12288,         0,         0,    3.10,standalone_exact_mw,000a12f67b6d2f9febee6f900216609acb0c5281b533fe6e35129362572a0912,"{""distance"":5,""physical_error_rate"":0.0002}","{""detection_events"":2278,""detectors_checked"":2752512}"
     55296,         5,         0,    4.31,standalone_exact_mw,7e19e1ad41727a9cde3cbef4506ed3530b76f68cf04f4bd50bdb209f12ed436c,"{""distance"":5,""physical_error_rate"":0.002}","{""detection_events"":101462,""detectors_checked"":12386304,""obs_mistake_mask=E"":5}"
     28672,         0,         0,    1.13,standalone_exact_mw,af3bdaf1e2a77998ab67ff9e67a4429848721a57eb3f28bee3f98b2e28b36bb7,"{""distance"":5,""physical_error_rate"":0.001}","{""detection_events"":26234,""detectors_checked"":6422528}"
       512,         1,         0,    1.76,standalone_exact_mw,66176dfa0edb1b91f153995b3e04cb00912080f83721647eefdac2e2d96d98b0,"{""distance"":5,""physical_error_rate"":0.005}","{""detection_events"":2251,""detectors_checked"":114688,""obs_mistake_mask=E"":1}"
      2048,         1,         0,   0.682,standalone_exact_mw,66176dfa0edb1b91f153995b3e04cb00912080f83721647eefdac2e2d96d98b0,"{""distance"":5,""physical_error_rate"":0.005}","{""detection_events"":8812,""detectors_checked"":458752,""obs_mistake_mask=E"":1}"
     22528,         0,         0,    4.15,standalone_exact_mw,82025e6510dee7191a337377ca233259ac8dbd3ccaf9455e916f723ab2066810,"{""distance"":5,""physical_error_rate"":0.0001}","{""detection_events"":1931,""detectors_checked"":5046272}"
     16384,         1,         0,    1.20,standalone_exact_mw,7e19e1ad41727a9cde3cbef4506ed3530b76f68cf04f4bd50bdb209f12ed436c,"{""distance"":5,""physical_error_rate"":0.002}","{""detection_events"":30257,""detectors_checked"":3670016,""obs_mistake_mask=E"":1}"
       273,         2,         0,   0.156,standalone_exact_mw,6d50b7fd582d689cd34243588f2f768701e9a9d8fa2628f899f8cc10d0d983f2,"{""distance"":5,""physical_error_rate"":0.01}","{""detection_events"":2312,""detectors_checked"":61152,""obs_mistake_mask=E"":2}"
       512,         0,         0,   0.299,standalone_exact_mw,6d50b7fd582d689cd34243588f2f768701e9a9d8fa2628f899f8cc10d0d983f2,"{""distance"":5,""physical_error_rate"":0.01}","{""detection_events"":4654,""detectors_checked"":114688}"
      1024,         0,         0,    3.54,standalone_exact_mw,66176dfa0edb1b91f153995b3e04cb00912080f83721647eefdac2e2d96d98b0,"{""distance"":5,""physical_error_rate"":0.005}","{""detection_events"":4701,""detectors_checked"":229376}"
      2048,         1,         0,   0.694,standalone_exact_mw,66176dfa0edb1b91f153995b3e04cb00912080f83721647eefdac2e2d96d98b0,"{""distance"":5,""physical_error_rate"":0.005}","{""detection_events"":9248,""detectors_checked"":458752,""obs_mistake_mask=E"":1}"
      6144,         0,         0,    4.79,standalone_exact_mw,af3bdaf1e2a77998ab67ff9e67a4429848721a57eb3f28bee3f98b2e28b36bb7,"{""distance"":5,""physical_error_rate"":0.001}","{""detection_events"":5452,""detectors_checked"":1376256}"
     23552,        16,         0,    4.27,standalone_exact_mw,66176dfa0edb1b91f153995b3e04cb00912080f83721647eefdac2e2d96d98b0,"{""distance"":5,""physical_error_rate"":0.005}","{""detection_events"":106497,""detectors_checked"":5275648,""obs_mistake_mask=E"":16}"
    123904,         0,         0,    1.56,standalone_exact_mw,000a12f67b6d2f9febee6f900216609acb0c5281b533fe6e35129362572a0912,"{""distance"":5,""physical_error_rate"":0.0002}","{""detection_events"":22777,""detectors_checked"":27754496}"
     37888,         0,         0,    1.57,standalone_exact_mw,7a8ab0d03b7ead21ed40b3e2556c734d992a86585a3d666abe35fd996793b7e5,"{""distance"":5,""physical_error_rate"":0.0005}","{""detection_events"":17205,""detectors_checked"":8486912}"
      5120,        22,         0,    3.53,standalone_exact_mw,6d50b7fd582d689cd34243588f2f768701e9a9d8fa2628f899f8cc10d0d983f2,"{""distance"":5,""physical_error_rate"":0.01}","{""detection_events"":44601,""detectors_checked"":1146880,""obs_mistake_mask=E"":22}"
     25600,         0,         0,    1.64,standalone_exact_mw,af3bdaf1e2a77998ab67ff9e67a4429848721a57eb3f28bee3f98b2e28b36bb7,"{""distance"":5,""physical_error_rate"":0.001}","{""detection_events"":23524,""detectors_checked"":5734400}"
      3072,        17,         0,    6.85,standalone_exact_mw,6d50b7fd582d689cd34243588f2f768701e9a9d8fa2628f899f8cc10d0d983f2,"{""distance"":5,""physical_error_rate"":0.01}","{""detection_events"":26799,""detectors_checked"":688128,""obs_mistake_mask=E"":17}"
      2048,         1,         0,   0.933,standalone_exact_mw,66176dfa0edb1b91f153995b3e04cb00912080f83721647eefdac2e2d96d98b0,"{""distance"":5,""physical_error_rate"":0.005}","{""detection_events"":9195,""detectors_checked"":458752,""obs_mistake_mask=E"":1}"
     16384,         2,         0,    1.65,standalone_exact_mw,7e19e1ad41727a9cde3cbef4506ed3530b76f68cf04f4bd50bdb209f12ed436c,"{""distance"":5,""physical_error_rate"":0.002}","{""detection_events"":29715,""detectors_checked"":3670016,""obs_mistake_mask=E"":2}"
    547840,         0,         0,    4.26,standalone_exact_mw,352a3c59735d25dbe5889f513341a2cd2ff9414321bd3c07faf1c3217f623e8c,"{""distance"":5,""physical_error_rate"":5e-05}","{""detection_events"":24978,""detectors_checked"":122716160}"
    405504,         0,         0,    4.26,standalone_exact_mw,82025e6510dee7191a337377ca233259ac8dbd3ccaf9455e916f723ab2066810,"{""distance"":5,""physical_error_rate"":0.0001}","{""detection_events"":37221,""detectors_checked"":90832896}"
      3584,         0,         0,    4.57,standalone_exact_mw,7e19e1ad41727a9cde3cbef4506ed3530b76f68cf04f4bd50bdb209f12ed436c,"{""distance"":5,""physical_error_rate"":0.002}","{""detection_events"":6411,""detectors_checked"":802816}"
     29696,         0,         0,    4.21,standalone_exact_mw,000a12f67b6d2f9febee6f900216609acb0c5281b533fe6e35129362572a0912,"{""distance"":5,""physical_error_rate"":0.0002}","{""detection_events"":5486,""detectors_checked"":6651904}"
    559104,         0,         0,    4.25,standalone_exact_mw,352a3c59735d25dbe5889f513341a2cd2ff9414321bd3c07faf1c3217f623e8c,"{""distance"":5,""physical_error_rate"":5e-05}","{""detection_events"":26060,""detectors_checked"":125239296}"
     20480,        10,         0,    4.29,standalone_exact_mw,66176dfa0edb1b91f153995b3e04cb00912080f83721647eefdac2e2d96d98b0,"{""distance"":5,""physical_error_rate"":0.005}","{""detection_events"":91501,""detectors_checked"":4587520,""obs_mistake_mask=E"":10}"
     76800,         0,         0,    4.26,standalone_exact_mw,7a8ab0d03b7ead21ed40b3e2556c734d992a86585a3d666abe35fd996793b7e5,"{""distance"":5,""physical_error_rate"":0.0005}","{""detection_events"":35010,""detectors_checked"":17203200}"
       768,         0,         0,    2.39,standalone_exact_mw,66176dfa0edb1b91f153995b3e04cb00912080f83721647eefdac2e2d96d98b0,"{""distance"":5,""physical_error_rate"":0.005}","{""detection_events"":3494,""detectors_checked"":172032}"
      7168,         0,         0,    4.66,standalone_exact_mw,af3bdaf1e2a77998ab67ff9e67a4429848721a57eb3f28bee3f98b2e28b36bb7,"{""distance"":5,""physical_error_rate"":0.001}","{""detection_events"":6341,""detectors_checked"":1605632}"
    405504,         0,         0,    4.27,standalone_exact_mw,82025e6510dee7191a337377ca233259ac8dbd3ccaf9455e916f723ab2066810,"{""distance"":5,""physical_error_rate"":0.0001}","{""detection_events"":37203,""detectors_checked"":90832896}"
      1024,         5,         0,    3.09,standalone_exact_mw,6d50b7fd582d689cd34243588f2f768701e9a9d8fa2628f899f8cc10d0d983f2,"{""distance"":5,""physical_error_rate"":0.01}","{""detection_events"":8982,""detectors_checked"":229376,""obs_mistake_mask=E"":5}"
      3584,         1,         0,    4.71,standalone_exact_mw,7e19e1ad41727a9cde3cbef4506ed3530b76f68cf04f4bd50bdb209f12ed436c,"{""distance"":5,""physical_error_rate"":0.002}","{""detection_events"":6519,""detectors_checked"":802816,""obs_mistake_mask=E"":1}"
    110592,         3,         0,    4.29,standalone_exact_mw,af3bdaf1e2a77998ab67ff9e67a4429848721a57eb3f28bee3f98b2e28b36bb7,"{""distance"":5,""physical_error_rate"":0.001}","{""detection_events"":100307,""detectors_checked"":24772608,""obs_mistake_mask=E"":3}"
     14336,        54,         0,    4.42,standalone_exact_mw,6d50b7fd582d689cd34243588f2f768701e9a9d8fa2628f899f8cc10d0d983f2,"{""distance"":5,""physical_error_rate"":0.01}","{""detection_events"":125714,""detectors_checked"":3211264,""obs_mistake_mask=E"":54}"
     14336,         0,         0,    3.44,standalone_exact_mw,7a8ab0d03b7ead21ed40b3e2556c734d992a86585a3d666abe35fd996793b7e5,"{""distance"":5,""physical_error_rate"":0.0005}","{""detection_events"":6772,""detectors_checked"":3211264}"
      3072,         0,         0,    4.78,standalone_exact_mw,66176dfa0edb1b91f153995b3e04cb00912080f83721647eefdac2e2d96d98b0,"{""distance"":5,""physical_error_rate"":0.005}","{""detection_events"":13654,""detectors_checked"":688128}"
     26624,         0,         0,    4.39,standalone_exact_mw,82025e6510dee7191a337377ca233259ac8dbd3ccaf9455e916f723ab2066810,"{""distance"":5,""physical_error_rate"":0.0001}","{""detection_events"":2350,""detectors_checked"":5963776}"
    176128,         0,         0,    2.18,standalone_exact_mw,000a12f67b6d2f9febee6f900216609acb0c5281b533fe6e35129362572a0912,"{""distance"":5,""physical_error_rate"":0.0002}","{""detection_events"":31826,""detectors_checked"":39452672}"
    175104,         0,         0,    4.29,standalone_exact_mw,352a3c59735d25dbe5889f513341a2cd2ff9414321bd3c07faf1c3217f623e8c,"{""distance"":5,""physical_error_rate"":5e-05}","{""detection_events"":7912,""detectors_checked"":39223296}"
     56320,         0,         0,    2.18,standalone_exact_mw,7a8ab0d03b7ead21ed40b3e2556c734d992a86585a3d666abe35fd996793b7e5,"{""distance"":5,""physical_error_rate"":0.0005}","{""detection_events"":25723,""detectors_checked"":12615680}"
      2048,         1,         0,    1.86,standalone_exact_mw,66176dfa0edb1b91f153995b3e04cb00912080f83721647eefdac2e2d96d98b0,"{""distance"":5,""physical_error_rate"":0.005}","{""detection_events"":9348,""detectors_checked"":458752,""obs_mistake_mask=E"":1}"
     52224,         2,         0,    4.33,standalone_exact_mw,7e19e1ad41727a9cde3cbef4506ed3530b76f68cf04f4bd50bdb209f12ed436c,"{""distance"":5,""physical_error_rate"":0.002}","{""detection_events"":95509,""detectors_checked"":11698176,""obs_mistake_mask=E"":2}"
     43008,         2,         0,    2.21,standalone_exact_mw,af3bdaf1e2a77998ab67ff9e67a4429848721a57eb3f28bee3f98b2e28b36bb7,"{""distance"":5,""physical_error_rate"":0.001}","{""detection_events"":39312,""detectors_checked"":9633792,""obs_mistake_mask=E"":2}"
     14336,        47,         0,    4.63,standalone_exact_mw,6d50b7fd582d689cd34243588f2f768701e9a9d8fa2628f899f8cc10d0d983f2,"{""distance"":5,""physical_error_rate"":0.01}","{""detection_events"":125530,""detectors_checked"":3211264,""obs_mistake_mask=E"":47}"
      1024,         5,         0,    3.59,standalone_exact_mw,6d50b7fd582d689cd34243588f2f768701e9a9d8fa2628f899f8cc10d0d983f2,"{""distance"":5,""physical_error_rate"":0.01}","{""detection_events"":8938,""detectors_checked"":229376,""obs_mistake_mask=E"":5}"
     22528,         0,         0,    2.28,standalone_exact_mw,7e19e1ad41727a9cde3cbef4506ed3530b76f68cf04f4bd50bdb209f12ed436c,"{""distance"":5,""physical_error_rate"":0.002}","{""detection_events"":41114,""detectors_checked"":5046272}"
     19456,         0,         0,    4.41,standalone_exact_mw,000a12f67b6d2f9febee6f900216609acb0c5281b533fe6e35129362572a0912,"{""distance"":5,""physical_error_rate"":0.0002}","{""detection_events"":3563,""detectors_checked"":4358144}"
    622592,         0,         0,    5.96,standalone_exact_mw,82025e6510dee7191a337377ca233259ac8dbd3ccaf9455e916f723ab2066810,"{""distance"":5,""physical_error_rate"":0.0001}","{""detection_events"":57290,""detectors_checked"":139460608}"
       512,         3,         0,    2.90,standalone_exact_mw,6d50b7fd582d689cd34243588f2f768701e9a9d8fa2628f899f8cc10d0d983f2,"{""distance"":5,""physical_error_rate"":0.01}","{""detection_events"":4317,""detectors_checked"":114688,""obs_mistake_mask=E"":3}"
    681984,         0,         0,    5.96,standalone_exact_mw,352a3c59735d25dbe5889f513341a2cd2ff9414321bd3c07faf1c3217f623e8c,"{""distance"":5,""physical_error_rate"":5e-05}","{""detection_events"":31298,""detectors_checked"":152764416}"
    468992,         0,         0,    5.97,standalone_exact_mw,000a12f67b6d2f9febee6f900216609acb0c5281b533fe6e35129362572a0912,"{""distance"":5,""physical_error_rate"":0.0002}","{""detection_events"":86081,""detectors_checked"":105054208}"
    259072,         3,         0,    5.98,standalone_exact_mw,7a8ab0d03b7ead21ed40b3e2556c734d992a86585a3d666abe35fd996793b7e5,"{""distance"":5,""physical_error_rate"":0.0005}","{""detection_events"":118984,""detectors_checked"":58032128,""obs_mistake_mask=E"":3}"
    148480,         0,         0,    5.98,standalone_exact_mw,af3bdaf1e2a77998ab67ff9e67a4429848721a57eb3f28bee3f98b2e28b36bb7,"{""distance"":5,""physical_error_rate"":0.001}","{""detection_events"":135381,""detectors_checked"":33259520}"
    224256,         0,         0,    5.99,standalone_exact_mw,352a3c59735d25dbe5889f513341a2cd2ff9414321bd3c07faf1c3217f623e8c,"{""distance"":5,""physical_error_rate"":5e-05}","{""detection_events"":10246,""detectors_checked"":50233344}"
    125952,         0,         0,    5.98,standalone_exact_mw,000a12f67b6d2f9febee6f900216609acb0c5281b533fe6e35129362572a0912,"{""distance"":5,""physical_error_rate"":0.0002}","{""detection_events"":22962,""detectors_checked"":28213248}"
    143360,         0,         0,    5.97,standalone_exact_mw,af3bdaf1e2a77998ab67ff9e67a4429848721a57eb3f28bee3f98b2e28b36bb7,"{""distance"":5,""physical_error_rate"":0.001}","{""detection_events"":132077,""detectors_checked"":32112640}"
    449536,         0,         0,    5.97,standalone_exact_mw,000a12f67b6d2f9febee6f900216609acb0c5281b533fe6e35129362572a0912,"{""distance"":5,""physical_error_rate"":0.0002}","{""detection_events"":82648,""detectors_checked"":100696064}"
    246784,         3,         0,    5.98,standalone_exact_mw,7a8ab0d03b7ead21ed40b3e2556c734d992a86585a3d666abe35fd996793b7e5,"{""distance"":5,""physical_error_rate"":0.0005}","{""detection_events"":113025,""detectors_checked"":55279616,""obs_mistake_mask=E"":3}"
      2048,         2,         0,    1.69,standalone_exact_mw,66176dfa0edb1b91f153995b3e04cb00912080f83721647eefdac2e2d96d98b0,"{""distance"":5,""physical_error_rate"":0.005}","{""detection_events"":9256,""detectors_checked"":458752,""obs_mistake_mask=E"":2}"
     45056,         0,         0,    5.94,standalone_exact_mw,352a3c59735d25dbe5889f513341a2cd2ff9414321bd3c07faf1c3217f623e8c,"{""distance"":5,""physical_error_rate"":5e-05}","{""detection_events"":2029,""detectors_checked"":10092544}"
     83968,         4,         0,    6.05,standalone_exact_mw,7e19e1ad41727a9cde3cbef4506ed3530b76f68cf04f4bd50bdb209f12ed436c,"{""distance"":5,""physical_error_rate"":0.002}","{""detection_events"":152919,""detectors_checked"":18808832,""obs_mistake_mask=E"":4}"
    190464,         0,         0,    5.98,standalone_exact_mw,82025e6510dee7191a337377ca233259ac8dbd3ccaf9455e916f723ab2066810,"{""distance"":5,""physical_error_rate"":0.0001}","{""detection_events"":17868,""detectors_checked"":42663936}"
      4352,         1,         0,    5.07,standalone_exact_mw,66176dfa0edb1b91f153995b3e04cb00912080f83721647eefdac2e2d96d98b0,"{""distance"":5,""physical_error_rate"":0.005}","{""detection_events"":19309,""detectors_checked"":974848,""obs_mistake_mask=E"":1}"
     84992,         9,         0,    6.00,standalone_exact_mw,7e19e1ad41727a9cde3cbef4506ed3530b76f68cf04f4bd50bdb209f12ed436c,"{""distance"":5,""physical_error_rate"":0.002}","{""detection_events"":154153,""detectors_checked"":19038208,""obs_mistake_mask=E"":9}"
     15360,         0,         0,    6.23,standalone_exact_mw,7a8ab0d03b7ead21ed40b3e2556c734d992a86585a3d666abe35fd996793b7e5,"{""distance"":5,""physical_error_rate"":0.0005}","{""detection_events"":7046,""detectors_checked"":3440640}"
     34816,         0,         0,    6.04,standalone_exact_mw,82025e6510dee7191a337377ca233259ac8dbd3ccaf9455e916f723ab2066810,"{""distance"":5,""physical_error_rate"":0.0001}","{""detection_events"":3262,""detectors_checked"":7798784}"
      1024,         0,         0,    3.83,standalone_exact_mw,66176dfa0edb1b91f153995b3e04cb00912080f83721647eefdac2e2d96d98b0,"{""distance"":5,""physical_error_rate"":0.005}","{""detection_events"":4839,""detectors_checked"":229376}"
    234496,         0,         0,    3.04,standalone_exact_mw,000a12f67b6d2f9febee6f900216609acb0c5281b533fe6e35129362572a0912,"{""distance"":5,""physical_error_rate"":0.0002}","{""detection_events"":42874,""detectors_checked"":52527104}"
    130048,         0,         0,    3.07,standalone_exact_mw,7a8ab0d03b7ead21ed40b3e2556c734d992a86585a3d666abe35fd996793b7e5,"{""distance"":5,""physical_error_rate"":0.0005}","{""detection_events"":59747,""detectors_checked"":29130752}"
      1536,         8,         0,    5.28,standalone_exact_mw,6d50b7fd582d689cd34243588f2f768701e9a9d8fa2628f899f8cc10d0d983f2,"{""distance"":5,""physical_error_rate"":0.01}","{""detection_events"":13539,""detectors_checked"":344064,""obs_mistake_mask=E"":8}"
     71680,         0,         0,    3.06,standalone_exact_mw,af3bdaf1e2a77998ab67ff9e67a4429848721a57eb3f28bee3f98b2e28b36bb7,"{""distance"":5,""physical_error_rate"":0.001}","{""detection_events"":65077,""detectors_checked"":16056320}"
      8192,         1,         0,    6.01,standalone_exact_mw,af3bdaf1e2a77998ab67ff9e67a4429848721a57eb3f28bee3f98b2e28b36bb7,"{""distance"":5,""physical_error_rate"":0.001}","{""detection_events"":7407,""detectors_checked"":1835008,""obs_mistake_mask=E"":1}"
     35840,        18,         0,    6.04,standalone_exact_mw,66176dfa0edb1b91f153995b3e04cb00912080f83721647eefdac2e2d96d98b0,"{""distance"":5,""physical_error_rate"":0.005}","{""detection_events"":161043,""detectors_checked"":8028160,""obs_mistake_mask=E"":18}"
     22528,         0,         0,    3.06,standalone_exact_mw,7e19e1ad41727a9cde3cbef4506ed3530b76f68cf04f4bd50bdb209f12ed436c,"{""distance"":5,""physical_error_rate"":0.002}","{""detection_events"":40847,""detectors_checked"":5046272}"
       512,         3,         0,    2.62,standalone_exact_mw,6d50b7fd582d689cd34243588f2f768701e9a9d8fa2628f899f8cc10d0d983f2,"{""distance"":5,""physical_error_rate"":0.01}","{""detection_events"":4230,""detectors_checked"":114688,""obs_mistake_mask=E"":3}"
       512,         1,         0,    3.13,standalone_exact_mw,6d50b7fd582d689cd34243588f2f768701e9a9d8fa2628f899f8cc10d0d983f2,"{""distance"":5,""physical_error_rate"":0.01}","{""detection_events"":4542,""detectors_checked"":114688,""obs_mistake_mask=E"":1}"
      1536,         0,         0,    4.33,standalone_exact_mw,66176dfa0edb1b91f153995b3e04cb00912080f83721647eefdac2e2d96d98b0,"{""distance"":5,""physical_error_rate"":0.005}","{""detection_events"":6911,""detectors_checked"":344064}"
      1280,         2,         0,    4.80,standalone_exact_mw,6d50b7fd582d689cd34243588f2f768701e9a9d8fa2628f899f8cc10d0d983f2,"{""distance"":5,""physical_error_rate"":0.01}","{""detection_events"":11222,""detectors_checked"":286720,""obs_mistake_mask=E"":2}"
      7168,         4,         0,    2.42,standalone_exact_mw,66176dfa0edb1b91f153995b3e04cb00912080f83721647eefdac2e2d96d98b0,"{""distance"":5,""physical_error_rate"":0.005}","{""detection_events"":32113,""detectors_checked"":1605632,""obs_mistake_mask=E"":4}"
     11264,         0,         0,    4.70,standalone_exact_mw,7a8ab0d03b7ead21ed40b3e2556c734d992a86585a3d666abe35fd996793b7e5,"{""distance"":5,""physical_error_rate"":0.0005}","{""detection_events"":4977,""detectors_checked"":2523136}"
    730112,         0,         0,    5.96,standalone_exact_mw,352a3c59735d25dbe5889f513341a2cd2ff9414321bd3c07faf1c3217f623e8c,"{""distance"":5,""physical_error_rate"":5e-05}","{""detection_events"":33353,""detectors_checked"":163545088}"
    542720,         0,         0,    5.97,standalone_exact_mw,82025e6510dee7191a337377ca233259ac8dbd3ccaf9455e916f723ab2066810,"{""distance"":5,""physical_error_rate"":0.0001}","{""detection_events"":50156,""detectors_checked"":121569280}"
     92160,         0,         0,    5.97,standalone_exact_mw,000a12f67b6d2f9febee6f900216609acb0c5281b533fe6e35129362572a0912,"{""distance"":5,""physical_error_rate"":0.0002}","{""detection_events"":16758,""detectors_checked"":20643840}"
    723968,         0,         0,    5.96,standalone_exact_mw,352a3c59735d25dbe5889f513341a2cd2ff9414321bd3c07faf1c3217f623e8c,"{""distance"":5,""physical_error_rate"":5e-05}","{""detection_events"":34054,""detectors_checked"":162168832}"
    128000,         1,         0,    5.97,standalone_exact_mw,7a8ab0d03b7ead21ed40b3e2556c734d992a86585a3d666abe35fd996793b7e5,"{""distance"":5,""physical_error_rate"":0.0005}","{""detection_events"":58491,""detectors_checked"":28672000,""obs_mistake_mask=E"":1}"
     34816,        28,         0,    6.05,standalone_exact_mw,66176dfa0edb1b91f153995b3e04cb00912080f83721647eefdac2e2d96d98b0,"{""distance"":5,""physical_error_rate"":0.005}","{""detection_events"":156515,""detectors_checked"":7798784,""obs_mistake_mask=E"":28}"
       256,         1,         0,    1.45,standalone_exact_mw,6d50b7fd582d689cd34243588f2f768701e9a9d8fa2628f899f8cc10d0d983f2,"{""distance"":5,""physical_error_rate"":0.01}","{""detection_events"":2371,""detectors_checked"":57344,""obs_mistake_mask=E"":1}"
      5120,         0,         0,    6.44,standalone_exact_mw,7e19e1ad41727a9cde3cbef4506ed3530b76f68cf04f4bd50bdb209f12ed436c,"{""distance"":5,""physical_error_rate"":0.002}","{""detection_events"":9282,""detectors_checked"":1146880}"
    574464,         0,         0,    5.97,standalone_exact_mw,82025e6510dee7191a337377ca233259ac8dbd3ccaf9455e916f723ab2066810,"{""distance"":5,""physical_error_rate"":0.0001}","{""detection_events"":52694,""detectors_checked"":128679936}"
    136192,         2,         0,    5.99,standalone_exact_mw,af3bdaf1e2a77998ab67ff9e67a4429848721a57eb3f28bee3f98b2e28b36bb7,"{""distance"":5,""physical_error_rate"":0.001}","{""detection_events"":124432,""detectors_checked"":30507008,""obs_mistake_mask=E"":2}"
     14336,         0,         0,    6.04,standalone_exact_mw,7e19e1ad41727a9cde3cbef4506ed3530b76f68cf04f4bd50bdb209f12ed436c,"{""distance"":5,""physical_error_rate"":0.002}","{""detection_events"":25906,""detectors_checked"":3211264}"
     18432,        59,         0,    6.10,standalone_exact_mw,6d50b7fd582d689cd34243588f2f768701e9a9d8fa2628f899f8cc10d0d983f2,"{""distance"":5,""physical_error_rate"":0.01}","{""detection_events"":160630,""detectors_checked"":4128768,""obs_mistake_mask=E"":59}"
       128,         0,         0,   0.646,standalone_exact_mw,6d50b7fd582d689cd34243588f2f768701e9a9d8fa2628f899f8cc10d0d983f2,"{""distance"":5,""physical_error_rate"":0.01}","{""detection_events"":1209,""detectors_checked"":28672}"
     15360,         0,         0,    6.70,standalone_exact_mw,af3bdaf1e2a77998ab67ff9e67a4429848721a57eb3f28bee3f98b2e28b36bb7,"{""distance"":5,""physical_error_rate"":0.001}","{""detection_events"":14056,""detectors_checked"":3440640}"
     43008,         0,         0,    6.08,standalone_exact_mw,352a3c59735d25dbe5889f513341a2cd2ff9414321bd3c07faf1c3217f623e8c,"{""distance"":5,""physical_error_rate"":5e-05}","{""detection_events"":2145,""detectors_checked"":9633792}"
     33792,         0,         0,    6.14,standalone_exact_mw,82025e6510dee7191a337377ca233259ac8dbd3ccaf9455e916f723ab2066810,"{""distance"":5,""physical_error_rate"":0.0001}","{""detection_events"":3008,""detectors_checked"":7569408}"
       512,         3,         0,    2.39,standalone_exact_mw,6d50b7fd582d689cd34243588f2f768701e9a9d8fa2628f899f8cc10d0d983f2,"{""distance"":5,""physical_error_rate"":0.01}","{""detection_events"":4313,""detectors_checked"":114688,""obs_mistake_mask=E"":3}"
     17408,        65,         0,    6.02,standalone_exact_mw,6d50b7fd582d689cd34243588f2f768701e9a9d8fa2628f899f8cc10d0d983f2,"{""distance"":5,""physical_error_rate"":0.01}","{""detection_events"":150369,""detectors_checked"":3899392,""obs_mistake_mask=E"":65}"
     78848,         6,         0,    6.07,standalone_exact_mw,7e19e1ad41727a9cde3cbef4506ed3530b76f68cf04f4bd50bdb209f12ed436c,"{""distance"":5,""physical_error_rate"":0.002}","{""detection_events"":143252,""detectors_checked"":17661952,""obs_mistake_mask=E"":6}"
       128,         1,         0,   0.722,standalone_exact_mw,6d50b7fd582d689cd34243588f2f768701e9a9d8fa2628f899f8cc10d0d983f2,"{""distance"":5,""physical_error_rate"":0.01}","{""detection_events"":1164,""detectors_checked"":28672,""obs_mistake_mask=E"":1}"
     26624,         0,         0,    6.06,standalone_exact_mw,000a12f67b6d2f9febee6f900216609acb0c5281b533fe6e35129362572a0912,"{""distance"":5,""physical_error_rate"":0.0002}","{""detection_events"":4956,""detectors_checked"":5963776}"
    329728,         0,         0,    4.27,standalone_exact_mw,000a12f67b6d2f9febee6f900216609acb0c5281b533fe6e35129362572a0912,"{""distance"":5,""physical_error_rate"":0.0002}","{""detection_events"":60093,""detectors_checked"":73859072}"
       128,         1,         0,   0.705,standalone_exact_mw,6d50b7fd582d689cd34243588f2f768701e9a9d8fa2628f899f8cc10d0d983f2,"{""distance"":5,""physical_error_rate"":0.01}","{""detection_events"":1140,""detectors_checked"":28672,""obs_mistake_mask=E"":1}"
    155648,         2,         0,    4.27,standalone_exact_mw,7a8ab0d03b7ead21ed40b3e2556c734d992a86585a3d666abe35fd996793b7e5,"{""distance"":5,""physical_error_rate"":0.0005}","{""detection_events"":71822,""detectors_checked"":34865152,""obs_mistake_mask=E"":2}"
      1536,         0,         0,    4.56,standalone_exact_mw,66176dfa0edb1b91f153995b3e04cb00912080f83721647eefdac2e2d96d98b0,"{""distance"":5,""physical_error_rate"":0.005}","{""detection_events"":6824,""detectors_checked"":344064}"
     10240,        11,         0,    3.35,standalone_exact_mw,66176dfa0edb1b91f153995b3e04cb00912080f83721647eefdac2e2d96d98b0,"{""distance"":5,""physical_error_rate"":0.005}","{""detection_events"":46097,""detectors_checked"":2293760,""obs_mistake_mask=E"":11}"
     60416,         1,         0,    4.30,standalone_exact_mw,af3bdaf1e2a77998ab67ff9e67a4429848721a57eb3f28bee3f98b2e28b36bb7,"{""distance"":5,""physical_error_rate"":0.001}","{""detection_events"":55421,""detectors_checked"":13533184,""obs_mistake_mask=E"":1}"
       128,         1,         0,   0.742,standalone_exact_mw,6d50b7fd582d689cd34243588f2f768701e9a9d8fa2628f899f8cc10d0d983f2,"{""distance"":5,""physical_error_rate"":0.01}","{""detection_events"":1133,""detectors_checked"":28672,""obs_mistake_mask=E"":1}"
     34816,         0,         0,    4.31,standalone_exact_mw,7e19e1ad41727a9cde3cbef4506ed3530b76f68cf04f4bd50bdb209f12ed436c,"{""distance"":5,""physical_error_rate"":0.002}","{""detection_events"":63516,""detectors_checked"":7798784}"
       128,         2,         0,   0.563,standalone_exact_mw,6d50b7fd582d689cd34243588f2f768701e9a9d8fa2628f899f8cc10d0d983f2,"{""distance"":5,""physical_error_rate"":0.01}","{""detection_events"":1070,""detectors_checked"":28672,""obs_mistake_mask=E"":2}"
      2304,         1,         0,    6.38,standalone_exact_mw,66176dfa0edb1b91f153995b3e04cb00912080f83721647eefdac2e2d96d98b0,"{""distance"":5,""physical_error_rate"":0.005}","{""detection_events"":10288,""detectors_checked"":516096,""obs_mistake_mask=E"":1}"
       128,         1,         0,   0.696,standalone_exact_mw,6d50b7fd582d689cd34243588f2f768701e9a9d8fa2628f899f8cc10d0d983f2,"{""distance"":5,""physical_error_rate"":0.01}","{""detection_events"":1115,""detectors_checked"":28672,""obs_mistake_mask=E"":1}"
    859136,         0,         0,    8.35,standalone_exact_mw,82025e6510dee7191a337377ca233259ac8dbd3ccaf9455e916f723ab2066810,"{""distance"":5,""physical_error_rate"":0.0001}","{""detection_events"":79556,""detectors_checked"":192446464}"
       640,         3,         0,    3.33,standalone_exact_mw,6d50b7fd582d689cd34243588f2f768701e9a9d8fa2628f899f8cc10d0d983f2,"{""distance"":5,""physical_error_rate"":0.01}","{""detection_events"":5465,""detectors_checked"":143360,""obs_mistake_mask=E"":3}"
    983040,         0,         0,    8.34,standalone_exact_mw,352a3c59735d25dbe5889f513341a2cd2ff9414321bd3c07faf1c3217f623e8c,"{""distance"":5,""physical_error_rate"":5e-05}","{""detection_events"":45043,""detectors_checked"":220200960}"
    637952,         2,         0,    8.35,standalone_exact_mw,000a12f67b6d2f9febee6f900216609acb0c5281b533fe6e35129362572a0912,"{""distance"":5,""physical_error_rate"":0.0002}","{""detection_events"":118438,""detectors_checked"":142901248,""obs_mistake_mask=E"":2}"
    365568,         1,         0,    8.36,standalone_exact_mw,7a8ab0d03b7ead21ed40b3e2556c734d992a86585a3d666abe35fd996793b7e5,"{""distance"":5,""physical_error_rate"":0.0005}","{""detection_events"":167672,""detectors_checked"":81887232,""obs_mistake_mask=E"":1}"
    215040,         1,         0,    8.37,standalone_exact_mw,af3bdaf1e2a77998ab67ff9e67a4429848721a57eb3f28bee3f98b2e28b36bb7,"{""distance"":5,""physical_error_rate"":0.001}","{""detection_events"":196020,""detectors_checked"":48168960,""obs_mistake_mask=E"":1}"
      1280,         5,         0,    6.59,standalone_exact_mw,6d50b7fd582d689cd34243588f2f768701e9a9d8fa2628f899f8cc10d0d983f2,"{""distance"":5,""physical_error_rate"":0.01}","{""detection_events"":10954,""detectors_checked"":286720,""obs_mistake_mask=E"":5}"
     63488,         0,         0,    8.23,standalone_exact_mw,352a3c59735d25dbe5889f513341a2cd2ff9414321bd3c07faf1c3217f623e8c,"{""distance"":5,""physical_error_rate"":5e-05}","{""detection_events"":2875,""detectors_checked"":14221312}"
       128,         2,         0,   0.629,standalone_exact_mw,6d50b7fd582d689cd34243588f2f768701e9a9d8fa2628f899f8cc10d0d983f2,"{""distance"":5,""physical_error_rate"":0.01}","{""detection_events"":1293,""detectors_checked"":28672,""obs_mistake_mask=E"":2}"
    199680,         2,         0,    8.42,standalone_exact_mw,af3bdaf1e2a77998ab67ff9e67a4429848721a57eb3f28bee3f98b2e28b36bb7,"{""distance"":5,""physical_error_rate"":0.001}","{""detection_events"":183573,""detectors_checked"":44728320,""obs_mistake_mask=E"":2}"
    289792,         0,         0,    8.49,standalone_exact_mw,000a12f67b6d2f9febee6f900216609acb0c5281b533fe6e35129362572a0912,"{""distance"":5,""physical_error_rate"":0.0002}","{""detection_events"":53147,""detectors_checked"":64913408}"
    610304,         0,         0,    8.36,standalone_exact_mw,000a12f67b6d2f9febee6f900216609acb0c5281b533fe6e35129362572a0912,"{""distance"":5,""physical_error_rate"":0.0002}","{""detection_events"":112409,""detectors_checked"":136708096}"
    343040,         0,         0,    8.37,standalone_exact_mw,7a8ab0d03b7ead21ed40b3e2556c734d992a86585a3d666abe35fd996793b7e5,"{""distance"":5,""physical_error_rate"":0.0005}","{""detection_events"":157490,""detectors_checked"":76840960}"
     11008,        11,         0,    6.17,standalone_exact_mw,66176dfa0edb1b91f153995b3e04cb00912080f83721647eefdac2e2d96d98b0,"{""distance"":5,""physical_error_rate"":0.005}","{""detection_events"":49294,""detectors_checked"":2465792,""obs_mistake_mask=E"":11}"
    116736,         8,         0,    8.36,standalone_exact_mw,7e19e1ad41727a9cde3cbef4506ed3530b76f68cf04f4bd50bdb209f12ed436c,"{""distance"":5,""physical_error_rate"":0.002}","{""detection_events"":213114,""detectors_checked"":26148864,""obs_mistake_mask=E"":8}"
     65536,         0,         0,    8.36,standalone_exact_mw,352a3c59735d25dbe5889f513341a2cd2ff9414321bd3c07faf1c3217f623e8c,"{""distance"":5,""physical_error_rate"":5e-05}","{""detection_events"":3058,""detectors_checked"":14680064}"
     15360,         0,         0,    6.05,standalone_exact_mw,7a8ab0d03b7ead21ed40b3e2556c734d992a86585a3d666abe35fd996793b7e5,"{""distance"":5,""physical_error_rate"":0.0005}","{""detection_events"":6959,""detectors_checked"":3440640}"
    180224,         0,         0,    8.38,standalone_exact_mw,82025e6510dee7191a337377ca233259ac8dbd3ccaf9455e916f723ab2066810,"{""distance"":5,""physical_error_rate"":0.0001}","{""detection_events"":16214,""detectors_checked"":40370176}"
       128,         1,         0,   0.738,standalone_exact_mw,6d50b7fd582d689cd34243588f2f768701e9a9d8fa2628f899f8cc10d0d983f2,"{""distance"":5,""physical_error_rate"":0.01}","{""detection_events"":1185,""detectors_checked"":28672,""obs_mistake_mask=E"":1}"
    112640,        13,         0,    8.38,standalone_exact_mw,7e19e1ad41727a9cde3cbef4506ed3530b76f68cf04f4bd50bdb209f12ed436c,"{""distance"":5,""physical_error_rate"":0.002}","{""detection_events"":206010,""detectors_checked"":25231360,""obs_mistake_mask=E"":13}"
     23552,         0,         0,    8.47,standalone_exact_mw,7a8ab0d03b7ead21ed40b3e2556c734d992a86585a3d666abe35fd996793b7e5,"{""distance"":5,""physical_error_rate"":0.0005}","{""detection_events"":10683,""detectors_checked"":5275648}"
     52224,         0,         0,    8.16,standalone_exact_mw,82025e6510dee7191a337377ca233259ac8dbd3ccaf9455e916f723ab2066810,"{""distance"":5,""physical_error_rate"":0.0001}","{""detection_events"":4616,""detectors_checked"":11698176}"
     13312,         5,         0,    4.38,standalone_exact_mw,66176dfa0edb1b91f153995b3e04cb00912080f83721647eefdac2e2d96d98b0,"{""distance"":5,""physical_error_rate"":0.005}","{""detection_events"":59190,""detectors_checked"":2981888,""obs_mistake_mask=E"":5}"
       256,         1,         0,    1.27,standalone_exact_mw,6d50b7fd582d689cd34243588f2f768701e9a9d8fa2628f899f8cc10d0d983f2,"{""distance"":5,""physical_error_rate"":0.01}","{""detection_events"":2167,""detectors_checked"":57344,""obs_mistake_mask=E"":1}"
     43008,        20,         0,    8.42,standalone_exact_mw,66176dfa0edb1b91f153995b3e04cb00912080f83721647eefdac2e2d96d98b0,"{""distance"":5,""physical_error_rate"":0.005}","{""detection_events"":192575,""detectors_checked"":9633792,""obs_mistake_mask=E"":20}"
     65536,         1,         0,    9.04,standalone_exact_mw,af3bdaf1e2a77998ab67ff9e67a4429848721a57eb3f28bee3f98b2e28b36bb7,"{""distance"":5,""physical_error_rate"":0.001}","{""detection_events"":59836,""detectors_checked"":14680064,""obs_mistake_mask=E"":1}"
    913408,         0,         0,    8.33,standalone_exact_mw,352a3c59735d25dbe5889f513341a2cd2ff9414321bd3c07faf1c3217f623e8c,"{""distance"":5,""physical_error_rate"":5e-05}","{""detection_events"":41058,""detectors_checked"":204603392}"
    796672,         0,         0,    8.35,standalone_exact_mw,82025e6510dee7191a337377ca233259ac8dbd3ccaf9455e916f723ab2066810,"{""distance"":5,""physical_error_rate"":0.0001}","{""detection_events"":73994,""detectors_checked"":178454528}"
    433152,         0,         0,    5.98,standalone_exact_mw,000a12f67b6d2f9febee6f900216609acb0c5281b533fe6e35129362572a0912,"{""distance"":5,""physical_error_rate"":0.0002}","{""detection_events"":79936,""detectors_checked"":97026048}"
    990208,         0,         0,    8.34,standalone_exact_mw,352a3c59735d25dbe5889f513341a2cd2ff9414321bd3c07faf1c3217f623e8c,"{""distance"":5,""physical_error_rate"":5e-05}","{""detection_events"":45508,""detectors_checked"":221806592}"
       256,         0,         0,    1.39,standalone_exact_mw,6d50b7fd582d689cd34243588f2f768701e9a9d8fa2628f899f8cc10d0d983f2,"{""distance"":5,""physical_error_rate"":0.01}","{""detection_events"":2116,""detectors_checked"":57344}"
     32768,        14,         0,    8.38,standalone_exact_mw,66176dfa0edb1b91f153995b3e04cb00912080f83721647eefdac2e2d96d98b0,"{""distance"":5,""physical_error_rate"":0.005}","{""detection_events"":145734,""detectors_checked"":7340032,""obs_mistake_mask=E"":14}"
    163840,         0,         0,    8.36,standalone_exact_mw,7a8ab0d03b7ead21ed40b3e2556c734d992a86585a3d666abe35fd996793b7e5,"{""distance"":5,""physical_error_rate"":0.0005}","{""detection_events"":75036,""detectors_checked"":36700160}"
    230400,         1,         0,    5.98,standalone_exact_mw,7a8ab0d03b7ead21ed40b3e2556c734d992a86585a3d666abe35fd996793b7e5,"{""distance"":5,""physical_error_rate"":0.0005}","{""detection_events"":105033,""detectors_checked"":51609600,""obs_mistake_mask=E"":1}"
     98304,         0,         0,    8.56,standalone_exact_mw,000a12f67b6d2f9febee6f900216609acb0c5281b533fe6e35129362572a0912,"{""distance"":5,""physical_error_rate"":0.0002}","{""detection_events"":18450,""detectors_checked"":22020096}"
    822272,         0,         0,    8.35,standalone_exact_mw,82025e6510dee7191a337377ca233259ac8dbd3ccaf9455e916f723ab2066810,"{""distance"":5,""physical_error_rate"":0.0001}","{""detection_events"":76055,""detectors_checked"":184188928}"
    141312,         5,         0,    6.00,standalone_exact_mw,af3bdaf1e2a77998ab67ff9e67a4429848721a57eb3f28bee3f98b2e28b36bb7,"{""distance"":5,""physical_error_rate"":0.001}","{""detection_events"":128733,""detectors_checked"":31653888,""obs_mistake_mask=E"":5}"
      7168,         1,         0,    6.32,standalone_exact_mw,66176dfa0edb1b91f153995b3e04cb00912080f83721647eefdac2e2d96d98b0,"{""distance"":5,""physical_error_rate"":0.005}","{""detection_events"":31735,""detectors_checked"":1605632,""obs_mistake_mask=E"":1}"
    202752,         3,         0,    8.39,standalone_exact_mw,af3bdaf1e2a77998ab67ff9e67a4429848721a57eb3f28bee3f98b2e28b36bb7,"{""distance"":5,""physical_error_rate"":0.001}","{""detection_events"":185951,""detectors_checked"":45416448,""obs_mistake_mask=E"":3}"
      6656,         0,         0,    8.81,standalone_exact_mw,7e19e1ad41727a9cde3cbef4506ed3530b76f68cf04f4bd50bdb209f12ed436c,"{""distance"":5,""physical_error_rate"":0.002}","{""detection_events"":12117,""detectors_checked"":1490944}"
     80896,         5,         0,    6.08,standalone_exact_mw,7e19e1ad41727a9cde3cbef4506ed3530b76f68cf04f4bd50bdb209f12ed436c,"{""distance"":5,""physical_error_rate"":0.002}","{""detection_events"":147761,""detectors_checked"":18120704,""obs_mistake_mask=E"":5}"
     26624,        97,         0,    8.59,standalone_exact_mw,6d50b7fd582d689cd34243588f2f768701e9a9d8fa2628f899f8cc10d0d983f2,"{""distance"":5,""physical_error_rate"":0.01}","{""detection_events"":233491,""detectors_checked"":5963776,""obs_mistake_mask=E"":97}"
     65536,         0,         0,    8.37,standalone_exact_mw,352a3c59735d25dbe5889f513341a2cd2ff9414321bd3c07faf1c3217f623e8c,"{""distance"":5,""physical_error_rate"":5e-05}","{""detection_events"":3114,""detectors_checked"":14680064}"
      1024,         4,         0,    4.94,standalone_exact_mw,6d50b7fd582d689cd34243588f2f768701e9a9d8fa2628f899f8cc10d0d983f2,"{""distance"":5,""physical_error_rate"":0.01}","{""detection_events"":8762,""detectors_checked"":229376,""obs_mistake_mask=E"":4}"
     51200,         0,         0,    8.38,standalone_exact_mw,82025e6510dee7191a337377ca233259ac8dbd3ccaf9455e916f723ab2066810,"{""distance"":5,""physical_error_rate"":0.0001}","{""detection_events"":4813,""detectors_checked"":11468800}"
     31744,         3,         0,    8.98,standalone_exact_mw,7e19e1ad41727a9cde3cbef4506ed3530b76f68cf04f4bd50bdb209f12ed436c,"{""distance"":5,""physical_error_rate"":0.002}","{""detection_events"":58068,""detectors_checked"":7110656,""obs_mistake_mask=E"":3}"
     31744,         0,         0,    8.75,standalone_exact_mw,af3bdaf1e2a77998ab67ff9e67a4429848721a57eb3f28bee3f98b2e28b36bb7,"{""distance"":5,""physical_error_rate"":0.001}","{""detection_events"":29075,""detectors_checked"":7110656}"
    105472,         6,         0,    8.44,standalone_exact_mw,7e19e1ad41727a9cde3cbef4506ed3530b76f68cf04f4bd50bdb209f12ed436c,"{""distance"":5,""physical_error_rate"":0.002}","{""detection_events"":191675,""detectors_checked"":23625728,""obs_mistake_mask=E"":6}"
     24576,        95,         0,    8.70,standalone_exact_mw,6d50b7fd582d689cd34243588f2f768701e9a9d8fa2628f899f8cc10d0d983f2,"{""distance"":5,""physical_error_rate"":0.01}","{""detection_events"":214175,""detectors_checked"":5505024,""obs_mistake_mask=E"":95}"
       384,         0,         0,    1.73,standalone_exact_mw,6d50b7fd582d689cd34243588f2f768701e9a9d8fa2628f899f8cc10d0d983f2,"{""distance"":5,""physical_error_rate"":0.01}","{""detection_events"":3510,""detectors_checked"":86016}"
      3968,        14,         0,    10.9,standalone_exact_mw,6d50b7fd582d689cd34243588f2f768701e9a9d8fa2628f899f8cc10d0d983f2,"{""distance"":5,""physical_error_rate"":0.01}","{""detection_events"":34580,""detectors_checked"":888832,""obs_mistake_mask=E"":14}"
    108544,         0,         0,    8.24,standalone_exact_mw,000a12f67b6d2f9febee6f900216609acb0c5281b533fe6e35129362572a0912,"{""distance"":5,""physical_error_rate"":0.0002}","{""detection_events"":19877,""detectors_checked"":24313856}"
      3072,         6,         0,    1.04,standalone_exact_mw,6d50b7fd582d689cd34243588f2f768701e9a9d8fa2628f899f8cc10d0d983f2,"{""distance"":5,""physical_error_rate"":0.01}","{""detection_events"":26262,""detectors_checked"":688128,""obs_mistake_mask=E"":6}"
      1024,         3,         0,   0.416,standalone_exact_mw,6d50b7fd582d689cd34243588f2f768701e9a9d8fa2628f899f8cc10d0d983f2,"{""distance"":5,""physical_error_rate"":0.01}","{""detection_events"":8847,""detectors_checked"":229376,""obs_mistake_mask=E"":3}"
       128,         1,         0,   0.537,standalone_exact_mw,6d50b7fd582d689cd34243588f2f768701e9a9d8fa2628f899f8cc10d0d983f2,"{""distance"":5,""physical_error_rate"":0.01}","{""detection_events"":1112,""detectors_checked"":28672,""obs_mistake_mask=E"":1}"
      1024,         7,         0,    5.75,standalone_exact_mw,6d50b7fd582d689cd34243588f2f768701e9a9d8fa2628f899f8cc10d0d983f2,"{""distance"":5,""physical_error_rate"":0.01}","{""detection_events"":9027,""detectors_checked"":229376,""obs_mistake_mask=E"":7}"
       512,         0,         0,   0.615,standalone_exact_mw,6d50b7fd582d689cd34243588f2f768701e9a9d8fa2628f899f8cc10d0d983f2,"{""distance"":5,""physical_error_rate"":0.01}","{""detection_events"":4738,""detectors_checked"":114688}"
       256,         0,         0,    1.45,standalone_exact_mw,6d50b7fd582d689cd34243588f2f768701e9a9d8fa2628f899f8cc10d0d983f2,"{""distance"":5,""physical_error_rate"":0.01}","{""detection_events"":2223,""detectors_checked"":57344}"
      1297,         0,         0,   0.010,standalone_exact_mw,82025e6510dee7191a337377ca233259ac8dbd3ccaf9455e916f723ab2066810,"{""distance"":5,""physical_error_rate"":0.0001}","{""detection_events"":79,""detectors_checked"":290528}"
      2048,         0,         0,   0.023,standalone_exact_mw,82025e6510dee7191a337377ca233259ac8dbd3ccaf9455e916f723ab2066810,"{""distance"":5,""physical_error_rate"":0.0001}","{""detection_events"":221,""detectors_checked"":458752}"
      2048,         0,         0,   0.020,standalone_exact_mw,82025e6510dee7191a337377ca233259ac8dbd3ccaf9455e916f723ab2066810,"{""distance"":5,""physical_error_rate"":0.0001}","{""detection_events"":198,""detectors_checked"":458752}"
      4096,         0,         0,   0.037,standalone_exact_mw,82025e6510dee7191a337377ca233259ac8dbd3ccaf9455e916f723ab2066810,"{""distance"":5,""physical_error_rate"":0.0001}","{""detection_events"":403,""detectors_checked"":917504}"
      4096,         0,         0,   0.041,standalone_exact_mw,82025e6510dee7191a337377ca233259ac8dbd3ccaf9455e916f723ab2066810,"{""distance"":5,""physical_error_rate"":0.0001}","{""detection_events"":359,""detectors_checked"":917504}"
      5120,         0,         0,   0.059,standalone_exact_mw,82025e6510dee7191a337377ca233259ac8dbd3ccaf9455e916f723ab2066810,"{""distance"":5,""physical_error_rate"":0.0001}","{""detection_events"":444,""detectors_checked"":1146880}"
      5120,         0,         0,   0.085,standalone_exact_mw,82025e6510dee7191a337377ca233259ac8dbd3ccaf9455e916f723ab2066810,"{""distance"":5,""physical_error_rate"":0.0001}","{""detection_events"":471,""detectors_checked"":1146880}"
       273,         0,         0,   0.022,standalone_exact_mw,7a8ab0d03b7ead21ed40b3e2556c734d992a86585a3d666abe35fd996793b7e5,"{""distance"":5,""physical_error_rate"":0.0005}","{""detection_events"":120,""detectors_checked"":61152}"
      1297,         0,         0,   0.025,standalone_exact_mw,352a3c59735d25dbe5889f513341a2cd2ff9414321bd3c07faf1c3217f623e8c,"{""distance"":5,""physical_error_rate"":5e-05}","{""detection_events"":62,""detectors_checked"":290528}"
       273,         0,         0,   0.022,standalone_exact_mw,000a12f67b6d2f9febee6f900216609acb0c5281b533fe6e35129362572a0912,"{""distance"":5,""physical_error_rate"":0.0002}","{""detection_events"":50,""detectors_checked"":61152}"
       273,         1,         0,   0.031,standalone_exact_mw,7e19e1ad41727a9cde3cbef4506ed3530b76f68cf04f4bd50bdb209f12ed436c,"{""distance"":5,""physical_error_rate"":0.002}","{""detection_events"":468,""detectors_checked"":61152,""obs_mistake_mask=E"":1}"
      1024,         0,         0,   0.022,standalone_exact_mw,352a3c59735d25dbe5889f513341a2cd2ff9414321bd3c07faf1c3217f623e8c,"{""distance"":5,""physical_error_rate"":5e-05}","{""detection_events"":46,""detectors_checked"":229376}"
      1024,         0,         0,   0.027,standalone_exact_mw,000a12f67b6d2f9febee6f900216609acb0c5281b533fe6e35129362572a0912,"{""distance"":5,""physical_error_rate"":0.0002}","{""detection_events"":183,""detectors_checked"":229376}"
      1024,         0,         0,   0.051,standalone_exact_mw,7a8ab0d03b7ead21ed40b3e2556c734d992a86585a3d666abe35fd996793b7e5,"{""distance"":5,""physical_error_rate"":0.0005}","{""detection_events"":441,""detectors_checked"":229376}"
      2048,         0,         0,   0.028,standalone_exact_mw,352a3c59735d25dbe5889f513341a2cd2ff9414321bd3c07faf1c3217f623e8c,"{""distance"":5,""physical_error_rate"":5e-05}","{""detection_events"":75,""detectors_checked"":458752}"
      1024,         0,         0,   0.023,standalone_exact_mw,000a12f67b6d2f9febee6f900216609acb0c5281b533fe6e35129362572a0912,"{""distance"":5,""physical_error_rate"":0.0002}","{""detection_events"":176,""detectors_checked"":229376}"
      8192,         0,         0,   0.114,standalone_exact_mw,82025e6510dee7191a337377ca233259ac8dbd3ccaf9455e916f723ab2066810,"{""distance"":5,""physical_error_rate"":0.0001}","{""detection_events"":720,""detectors_checked"":1835008}"
      1024,         0,         0,   0.028,standalone_exact_mw,7a8ab0d03b7ead21ed40b3e2556c734d992a86585a3d666abe35fd996793b7e5,"{""distance"":5,""physical_error_rate"":0.0005}","{""detection_events"":420,""detectors_checked"":229376}"
      2048,         0,         0,   0.028,standalone_exact_mw,352a3c59735d25dbe5889f513341a2cd2ff9414321bd3c07faf1c3217f623e8c,"{""distance"":5,""physical_error_rate"":5e-05}","{""detection_events"":93,""detectors_checked"":458752}"
      2048,         0,         0,   0.034,standalone_exact_mw,000a12f67b6d2f9febee6f900216609acb0c5281b533fe6e35129362572a0912,"{""distance"":5,""physical_error_rate"":0.0002}","{""detection_events"":338,""detectors_checked"":458752}"
      1024,         0,         0,   0.050,standalone_exact_mw,7a8ab0d03b7ead21ed40b3e2556c734d992a86585a3d666abe35fd996793b7e5,"{""distance"":5,""physical_error_rate"":0.0005}","{""detection_events"":414,""detectors_checked"":229376}"
      3072,         0,         0,   0.052,standalone_exact_mw,352a3c59735d25dbe5889f513341a2cd2ff9414321bd3c07faf1c3217f623e8c,"{""distance"":5,""physical_error_rate"":5e-05}","{""detection_events"":163,""detectors_checked"":688128}"
      2048,         0,         0,   0.051,standalone_exact_mw,000a12f67b6d2f9febee6f900216609acb0c5281b533fe6e35129362572a0912,"{""distance"":5,""physical_error_rate"":0.0002}","{""detection_events"":390,""detectors_checked"":458752}"
      1024,         0,         0,   0.150,standalone_exact_mw,7e19e1ad41727a9cde3cbef4506ed3530b76f68cf04f4bd50bdb209f12ed436c,"{""distance"":5,""physical_error_rate"":0.002}","{""detection_events"":1978,""detectors_checked"":229376}"
      2048,         0,         0,   0.081,standalone_exact_mw,7a8ab0d03b7ead21ed40b3e2556c734d992a86585a3d666abe35fd996793b7e5,"{""distance"":5,""physical_error_rate"":0.0005}","{""detection_events"":859,""detectors_checked"":458752}"
      4096,         0,         0,   0.073,standalone_exact_mw,352a3c59735d25dbe5889f513341a2cd2ff9414321bd3c07faf1c3217f623e8c,"{""distance"":5,""physical_error_rate"":5e-05}","{""detection_events"":207,""detectors_checked"":917504}"
     16384,         0,         0,   0.152,standalone_exact_mw,82025e6510dee7191a337377ca233259ac8dbd3ccaf9455e916f723ab2066810,"{""distance"":5,""physical_error_rate"":0.0001}","{""detection_events"":1469,""detectors_checked"":3670016}"
      3072,         0,         0,   0.075,standalone_exact_mw,000a12f67b6d2f9febee6f900216609acb0c5281b533fe6e35129362572a0912,"{""distance"":5,""physical_error_rate"":0.0002}","{""detection_events"":454,""detectors_checked"":688128}"
      5120,         0,         0,   0.078,standalone_exact_mw,352a3c59735d25dbe5889f513341a2cd2ff9414321bd3c07faf1c3217f623e8c,"{""distance"":5,""physical_error_rate"":5e-05}","{""detection_events"":186,""detectors_checked"":1146880}"
      2048,         0,         0,   0.100,standalone_exact_mw,7a8ab0d03b7ead21ed40b3e2556c734d992a86585a3d666abe35fd996793b7e5,"{""distance"":5,""physical_error_rate"":0.0005}","{""detection_events"":903,""detectors_checked"":458752}"
      3072,         0,         0,   0.082,standalone_exact_mw,000a12f67b6d2f9febee6f900216609acb0c5281b533fe6e35129362572a0912,"{""distance"":5,""physical_error_rate"":0.0002}","{""detection_events"":589,""detectors_checked"":688128}"
      1024,         0,         0,   0.183,standalone_exact_mw,7e19e1ad41727a9cde3cbef4506ed3530b76f68cf04f4bd50bdb209f12ed436c,"{""distance"":5,""physical_error_rate"":0.002}","{""detection_events"":1835,""detectors_checked"":229376}"
      2048,         0,         0,   0.064,standalone_exact_mw,7a8ab0d03b7ead21ed40b3e2556c734d992a86585a3d666abe35fd996793b7e5,"{""distance"":5,""physical_error_rate"":0.0005}","{""detection_events"":924,""detectors_checked"":458752}"
      8192,         0,         0,   0.107,standalone_exact_mw,352a3c59735d25dbe5889f513341a2cd2ff9414321bd3c07faf1c3217f623e8c,"{""distance"":5,""physical_error_rate"":5e-05}","{""detection_events"":399,""detectors_checked"":1835008}"
      5120,         0,         0,   0.114,standalone_exact_mw,000a12f67b6d2f9febee6f900216609acb0c5281b533fe6e35129362572a0912,"{""distance"":5,""physical_error_rate"":0.0002}","{""detection_events"":937,""detectors_checked"":1146880}"
     19456,         0,         0,   0.220,standalone_exact_mw,82025e6510dee7191a337377ca233259ac8dbd3ccaf9455e916f723ab2066810,"{""distance"":5,""physical_error_rate"":0.0001}","{""detection_events"":1852,""detectors_checked"":4358144}"
      1024,         0,         0,   0.130,standalone_exact_mw,7e19e1ad41727a9cde3cbef4506ed3530b76f68cf04f4bd50bdb209f12ed436c,"{""distance"":5,""physical_error_rate"":0.002}","{""detection_events"":1827,""detectors_checked"":229376}"
      3072,         0,         0,   0.151,standalone_exact_mw,7a8ab0d03b7ead21ed40b3e2556c734d992a86585a3d666abe35fd996793b7e5,"{""distance"":5,""physical_error_rate"":0.0005}","{""detection_events"":1415,""detectors_checked"":688128}"
     10240,         0,         0,   0.156,standalone_exact_mw,352a3c59735d25dbe5889f513341a2cd2ff9414321bd3c07faf1c3217f623e8c,"{""distance"":5,""physical_error_rate"":5e-05}","{""detection_events"":450,""detectors_checked"":2293760}"
      5120,         0,         0,   0.140,standalone_exact_mw,000a12f67b6d2f9febee6f900216609acb0c5281b533fe6e35129362572a0912,"{""distance"":5,""physical_error_rate"":0.0002}","{""detection_events"":912,""detectors_checked"":1146880}"
      1024,         0,         0,   0.129,standalone_exact_mw,7e19e1ad41727a9cde3cbef4506ed3530b76f68cf04f4bd50bdb209f12ed436c,"{""distance"":5,""physical_error_rate"":0.002}","{""detection_events"":1666,""detectors_checked"":229376}"
      3072,         0,         0,   0.151,standalone_exact_mw,7a8ab0d03b7ead21ed40b3e2556c734d992a86585a3d666abe35fd996793b7e5,"{""distance"":5,""physical_error_rate"":0.0005}","{""detection_events"":1409,""detectors_checked"":688128}"
     29696,         0,         0,   0.292,standalone_exact_mw,82025e6510dee7191a337377ca233259ac8dbd3ccaf9455e916f723ab2066810,"{""distance"":5,""physical_error_rate"":0.0001}","{""detection_events"":2617,""detectors_checked"":6651904}"
     16384,         0,         0,   0.198,standalone_exact_mw,352a3c59735d25dbe5889f513341a2cd2ff9414321bd3c07faf1c3217f623e8c,"{""distance"":5,""physical_error_rate"":5e-05}","{""detection_events"":736,""detectors_checked"":3670016}"
      1024,         0,         0,   0.159,standalone_exact_mw,7e19e1ad41727a9cde3cbef4506ed3530b76f68cf04f4bd50bdb209f12ed436c,"{""distance"":5,""physical_error_rate"":0.002}","{""detection_events"":1946,""detectors_checked"":229376}"
      9216,         0,         0,   0.210,standalone_exact_mw,000a12f67b6d2f9febee6f900216609acb0c5281b533fe6e35129362572a0912,"{""distance"":5,""physical_error_rate"":0.0002}","{""detection_events"":1645,""detectors_checked"":2064384}"
      1024,         0,         0,   0.127,standalone_exact_mw,7e19e1ad41727a9cde3cbef4506ed3530b76f68cf04f4bd50bdb209f12ed436c,"{""distance"":5,""physical_error_rate"":0.002}","{""detection_events"":1910,""detectors_checked"":229376}"
      5120,         0,         0,   0.221,standalone_exact_mw,7a8ab0d03b7ead21ed40b3e2556c734d992a86585a3d666abe35fd996793b7e5,"{""distance"":5,""physical_error_rate"":0.0005}","{""detection_events"":2275,""detectors_checked"":1146880}"
      3328,         1,         0,    8.63,standalone_exact_mw,66176dfa0edb1b91f153995b3e04cb00912080f83721647eefdac2e2d96d98b0,"{""distance"":5,""physical_error_rate"":0.005}","{""detection_events"":15113,""detectors_checked"":745472,""obs_mistake_mask=E"":1}"
      1024,         0,         0,   0.137,standalone_exact_mw,7e19e1ad41727a9cde3cbef4506ed3530b76f68cf04f4bd50bdb209f12ed436c,"{""distance"":5,""physical_error_rate"":0.002}","{""detection_events"":1986,""detectors_checked"":229376}"
     37888,         0,         0,   0.291,standalone_exact_mw,352a3c59735d25dbe5889f513341a2cd2ff9414321bd3c07faf1c3217f623e8c,"{""distance"":5,""physical_error_rate"":5e-05}","{""detection_events"":1768,""detectors_checked"":8486912}"
     12288,         0,         0,   0.309,standalone_exact_mw,000a12f67b6d2f9febee6f900216609acb0c5281b533fe6e35129362572a0912,"{""distance"":5,""physical_error_rate"":0.0002}","{""detection_events"":2250,""detectors_checked"":2752512}"
     37888,         0,         0,   0.406,standalone_exact_mw,82025e6510dee7191a337377ca233259ac8dbd3ccaf9455e916f723ab2066810,"{""distance"":5,""physical_error_rate"":0.0001}","{""detection_events"":3327,""detectors_checked"":8486912}"
      7168,         0,         0,   0.315,standalone_exact_mw,7a8ab0d03b7ead21ed40b3e2556c734d992a86585a3d666abe35fd996793b7e5,"{""distance"":5,""physical_error_rate"":0.0005}","{""detection_events"":3080,""detectors_checked"":1605632}"
      2048,         0,         0,   0.284,standalone_exact_mw,7e19e1ad41727a9cde3cbef4506ed3530b76f68cf04f4bd50bdb209f12ed436c,"{""distance"":5,""physical_error_rate"":0.002}","{""detection_events"":3639,""detectors_checked"":458752}"
     27648,         0,         0,   0.411,standalone_exact_mw,352a3c59735d25dbe5889f513341a2cd2ff9414321bd3c07faf1c3217f623e8c,"{""distance"":5,""physical_error_rate"":5e-05}","{""detection_events"":1283,""detectors_checked"":6193152}"
     16384,         0,         0,   0.419,standalone_exact_mw,000a12f67b6d2f9febee6f900216609acb0c5281b533fe6e35129362572a0912,"{""distance"":5,""physical_error_rate"":0.0002}","{""detection_events"":2904,""detectors_checked"":3670016}"
      2048,         0,         0,   0.307,standalone_exact_mw,7e19e1ad41727a9cde3cbef4506ed3530b76f68cf04f4bd50bdb209f12ed436c,"{""distance"":5,""physical_error_rate"":0.002}","{""detection_events"":3803,""detectors_checked"":458752}"
      9216,         0,         0,   0.392,standalone_exact_mw,7a8ab0d03b7ead21ed40b3e2556c734d992a86585a3d666abe35fd996793b7e5,"{""distance"":5,""physical_error_rate"":0.0005}","{""detection_events"":4228,""detectors_checked"":2064384}"
     56320,         0,         0,   0.568,standalone_exact_mw,82025e6510dee7191a337377ca233259ac8dbd3ccaf9455e916f723ab2066810,"{""distance"":5,""physical_error_rate"":0.0001}","{""detection_events"":5270,""detectors_checked"":12615680}"
      2048,         0,         0,   0.306,standalone_exact_mw,7e19e1ad41727a9cde3cbef4506ed3530b76f68cf04f4bd50bdb209f12ed436c,"{""distance"":5,""physical_error_rate"":0.002}","{""detection_events"":3958,""detectors_checked"":458752}"
     12800,         8,         0,    6.51,standalone_exact_mw,66176dfa0edb1b91f153995b3e04cb00912080f83721647eefdac2e2d96d98b0,"{""distance"":5,""physical_error_rate"":0.005}","{""detection_events"":57648,""detectors_checked"":2867200,""obs_mistake_mask=E"":8}"
     41984,         0,         0,   0.576,standalone_exact_mw,352a3c59735d25dbe5889f513341a2cd2ff9414321bd3c07faf1c3217f623e8c,"{""distance"":5,""physical_error_rate"":5e-05}","{""detection_events"":2054,""detectors_checked"":9404416}"
     23552,         0,         0,   0.577,standalone_exact_mw,000a12f67b6d2f9febee6f900216609acb0c5281b533fe6e35129362572a0912,"{""distance"":5,""physical_error_rate"":0.0002}","{""detection_events"":4335,""detectors_checked"":5275648}"
     14336,         0,         0,   0.594,standalone_exact_mw,7a8ab0d03b7ead21ed40b3e2556c734d992a86585a3d666abe35fd996793b7e5,"{""distance"":5,""physical_error_rate"":0.0005}","{""detection_events"":6775,""detectors_checked"":3211264}"
     25600,        14,         0,    8.66,standalone_exact_mw,66176dfa0edb1b91f153995b3e04cb00912080f83721647eefdac2e2d96d98b0,"{""distance"":5,""physical_error_rate"":0.005}","{""detection_events"":114792,""detectors_checked"":5734400,""obs_mistake_mask=E"":14}"
      3072,         0,         0,   0.449,standalone_exact_mw,7e19e1ad41727a9cde3cbef4506ed3530b76f68cf04f4bd50bdb209f12ed436c,"{""distance"":5,""physical_error_rate"":0.002}","{""detection_events"":5564,""detectors_checked"":688128}"
     23552,         0,         0,    8.54,standalone_exact_mw,7a8ab0d03b7ead21ed40b3e2556c734d992a86585a3d666abe35fd996793b7e5,"{""distance"":5,""physical_error_rate"":0.0005}","{""detection_events"":11086,""detectors_checked"":5275648}"
     81920,         0,         0,   0.795,standalone_exact_mw,82025e6510dee7191a337377ca233259ac8dbd3ccaf9455e916f723ab2066810,"{""distance"":5,""physical_error_rate"":0.0001}","{""detection_events"":7598,""detectors_checked"":18350080}"
       273,         0,         0,   0.203,standalone_exact_mw,af3bdaf1e2a77998ab67ff9e67a4429848721a57eb3f28bee3f98b2e28b36bb7,"{""distance"":5,""physical_error_rate"":0.001}","{""detection_events"":247,""detectors_checked"":61152}"
     88064,         0,         0,   0.792,standalone_exact_mw,352a3c59735d25dbe5889f513341a2cd2ff9414321bd3c07faf1c3217f623e8c,"{""distance"":5,""physical_error_rate"":5e-05}","{""detection_events"":4043,""detectors_checked"":19726336}"
     32768,         0,         0,   0.808,standalone_exact_mw,000a12f67b6d2f9febee6f900216609acb0c5281b533fe6e35129362572a0912,"{""distance"":5,""physical_error_rate"":0.0002}","{""detection_events"":6012,""detectors_checked"":7340032}"
       512,         0,         0,   0.272,standalone_exact_mw,af3bdaf1e2a77998ab67ff9e67a4429848721a57eb3f28bee3f98b2e28b36bb7,"{""distance"":5,""physical_error_rate"":0.001}","{""detection_events"":456,""detectors_checked"":114688}"
     18432,         0,         0,   0.821,standalone_exact_mw,7a8ab0d03b7ead21ed40b3e2556c734d992a86585a3d666abe35fd996793b7e5,"{""distance"":5,""physical_error_rate"":0.0005}","{""detection_events"":8516,""detectors_checked"":4128768}"
      5120,         0,         0,   0.674,standalone_exact_mw,7e19e1ad41727a9cde3cbef4506ed3530b76f68cf04f4bd50bdb209f12ed436c,"{""distance"":5,""physical_error_rate"":0.002}","{""detection_events"":9169,""detectors_checked"":1146880}"
      1024,         0,         0,   0.271,standalone_exact_mw,af3bdaf1e2a77998ab67ff9e67a4429848721a57eb3f28bee3f98b2e28b36bb7,"{""distance"":5,""physical_error_rate"":0.001}","{""detection_events"":915,""detectors_checked"":229376}"
    108544,         0,         0,    1.11,standalone_exact_mw,82025e6510dee7191a337377ca233259ac8dbd3ccaf9455e916f723ab2066810,"{""distance"":5,""physical_error_rate"":0.0001}","{""detection_events"":9864,""detectors_checked"":24313856}"
      6144,         0,         0,   0.874,standalone_exact_mw,7e19e1ad41727a9cde3cbef4506ed3530b76f68cf04f4bd50bdb209f12ed436c,"{""distance"":5,""physical_error_rate"":0.002}","{""detection_events"":11207,""detectors_checked"":1376256}"
      1024,         0,         0,   0.635,standalone_exact_mw,af3bdaf1e2a77998ab67ff9e67a4429848721a57eb3f28bee3f98b2e28b36bb7,"{""distance"":5,""physical_error_rate"":0.001}","{""detection_events"":884,""detectors_checked"":229376}"
    117760,         0,         0,    1.11,standalone_exact_mw,352a3c59735d25dbe5889f513341a2cd2ff9414321bd3c07faf1c3217f623e8c,"{""distance"":5,""physical_error_rate"":5e-05}","{""detection_events"":5397,""detectors_checked"":26378240}"
     41984,         0,         0,    1.14,standalone_exact_mw,000a12f67b6d2f9febee6f900216609acb0c5281b533fe6e35129362572a0912,"{""distance"":5,""physical_error_rate"":0.0002}","{""detection_events"":8016,""detectors_checked"":9404416}"
     25600,         0,         0,    1.16,standalone_exact_mw,7a8ab0d03b7ead21ed40b3e2556c734d992a86585a3d666abe35fd996793b7e5,"{""distance"":5,""physical_error_rate"":0.0005}","{""detection_events"":11727,""detectors_checked"":5734400}"
      1024,         0,         0,   0.573,standalone_exact_mw,af3bdaf1e2a77998ab67ff9e67a4429848721a57eb3f28bee3f98b2e28b36bb7,"{""distance"":5,""physical_error_rate"":0.001}","{""detection_events"":843,""detectors_checked"":229376}"
   1222656,         0,         0,    11.7,standalone_exact_mw,82025e6510dee7191a337377ca233259ac8dbd3ccaf9455e916f723ab2066810,"{""distance"":5,""physical_error_rate"":0.0001}","{""detection_events"":112271,""detectors_checked"":273874944}"
   1319936,         0,         0,    11.7,standalone_exact_mw,352a3c59735d25dbe5889f513341a2cd2ff9414321bd3c07faf1c3217f623e8c,"{""distance"":5,""physical_error_rate"":5e-05}","{""detection_events"":60688,""detectors_checked"":295665664}"
    888832,         0,         0,    11.7,standalone_exact_mw,000a12f67b6d2f9febee6f900216609acb0c5281b533fe6e35129362572a0912,"{""distance"":5,""physical_error_rate"":0.0002}","{""detection_events"":162979,""detectors_checked"":199098368}"
    516096,         3,         0,    11.7,standalone_exact_mw,7a8ab0d03b7ead21ed40b3e2556c734d992a86585a3d666abe35fd996793b7e5,"{""distance"":5,""physical_error_rate"":0.0005}","{""detection_events"":236048,""detectors_checked"":115605504,""obs_mistake_mask=E"":3}"
    289792,         2,         0,    11.7,standalone_exact_mw,af3bdaf1e2a77998ab67ff9e67a4429848721a57eb3f28bee3f98b2e28b36bb7,"{""distance"":5,""physical_error_rate"":0.001}","{""detection_events"":264859,""detectors_checked"":64913408,""obs_mistake_mask=E"":2}"
    463872,         0,         0,    8.36,standalone_exact_mw,000a12f67b6d2f9febee6f900216609acb0c5281b533fe6e35129362572a0912,"{""distance"":5,""physical_error_rate"":0.0002}","{""detection_events"":85754,""detectors_checked"":103907328}"
      1024,         0,         0,   0.609,standalone_exact_mw,af3bdaf1e2a77998ab67ff9e67a4429848721a57eb3f28bee3f98b2e28b36bb7,"{""distance"":5,""physical_error_rate"":0.001}","{""detection_events"":1059,""detectors_checked"":229376}"
      9216,         0,         0,    1.23,standalone_exact_mw,7e19e1ad41727a9cde3cbef4506ed3530b76f68cf04f4bd50bdb209f12ed436c,"{""distance"":5,""physical_error_rate"":0.002}","{""detection_events"":17007,""detectors_checked"":2064384}"
    151552,         0,         0,    1.56,standalone_exact_mw,82025e6510dee7191a337377ca233259ac8dbd3ccaf9455e916f723ab2066810,"{""distance"":5,""physical_error_rate"":0.0001}","{""detection_events"":14226,""detectors_checked"":33947648}"
    289792,         0,         0,    11.7,standalone_exact_mw,352a3c59735d25dbe5889f513341a2cd2ff9414321bd3c07faf1c3217f623e8c,"{""distance"":5,""physical_error_rate"":5e-05}","{""detection_events"":12908,""detectors_checked"":64913408}"
    337920,         1,         0,    8.36,standalone_exact_mw,7a8ab0d03b7ead21ed40b3e2556c734d992a86585a3d666abe35fd996793b7e5,"{""distance"":5,""physical_error_rate"":0.0005}","{""detection_events"":154150,""detectors_checked"":75694080,""obs_mistake_mask=E"":1}"
    246784,         1,         0,    11.7,standalone_exact_mw,af3bdaf1e2a77998ab67ff9e67a4429848721a57eb3f28bee3f98b2e28b36bb7,"{""distance"":5,""physical_error_rate"":0.001}","{""detection_events"":226972,""detectors_checked"":55279616,""obs_mistake_mask=E"":1}"
    858112,         0,         0,    11.7,standalone_exact_mw,000a12f67b6d2f9febee6f900216609acb0c5281b533fe6e35129362572a0912,"{""distance"":5,""physical_error_rate"":0.0002}","{""detection_events"":157384,""detectors_checked"":192217088}"
    397312,         0,         0,    11.7,standalone_exact_mw,7a8ab0d03b7ead21ed40b3e2556c734d992a86585a3d666abe35fd996793b7e5,"{""distance"":5,""physical_error_rate"":0.0005}","{""detection_events"":181872,""detectors_checked"":88997888}"
     58368,         0,         0,    11.8,standalone_exact_mw,000a12f67b6d2f9febee6f900216609acb0c5281b533fe6e35129362572a0912,"{""distance"":5,""physical_error_rate"":0.0002}","{""detection_events"":10617,""detectors_checked"":13074432}"
    175104,         0,         0,    1.55,standalone_exact_mw,352a3c59735d25dbe5889f513341a2cd2ff9414321bd3c07faf1c3217f623e8c,"{""distance"":5,""physical_error_rate"":5e-05}","{""detection_events"":8241,""detectors_checked"":39223296}"
    197632,         2,         0,    8.39,standalone_exact_mw,af3bdaf1e2a77998ab67ff9e67a4429848721a57eb3f28bee3f98b2e28b36bb7,"{""distance"":5,""physical_error_rate"":0.001}","{""detection_events"":181302,""detectors_checked"":44269568,""obs_mistake_mask=E"":2}"
    166912,        12,         0,    11.8,standalone_exact_mw,7e19e1ad41727a9cde3cbef4506ed3530b76f68cf04f4bd50bdb209f12ed436c,"{""distance"":5,""physical_error_rate"":0.002}","{""detection_events"":303430,""detectors_checked"":37388288,""obs_mistake_mask=E"":12}"
     26112,         9,         0,    8.37,standalone_exact_mw,66176dfa0edb1b91f153995b3e04cb00912080f83721647eefdac2e2d96d98b0,"{""distance"":5,""physical_error_rate"":0.005}","{""detection_events"":116507,""detectors_checked"":5849088,""obs_mistake_mask=E"":9}"
     98304,         0,         0,    11.7,standalone_exact_mw,352a3c59735d25dbe5889f513341a2cd2ff9414321bd3c07faf1c3217f623e8c,"{""distance"":5,""physical_error_rate"":5e-05}","{""detection_events"":4441,""detectors_checked"":22020096}"
    514048,         0,         0,    11.7,standalone_exact_mw,82025e6510dee7191a337377ca233259ac8dbd3ccaf9455e916f723ab2066810,"{""distance"":5,""physical_error_rate"":0.0001}","{""detection_events"":47479,""detectors_checked"":115146752}"
     62464,         0,         0,    1.58,standalone_exact_mw,000a12f67b6d2f9febee6f900216609acb0c5281b533fe6e35129362572a0912,"{""distance"":5,""physical_error_rate"":0.0002}","{""detection_events"":11351,""detectors_checked"":13991936}"
      1024,         0,         0,   0.540,standalone_exact_mw,af3bdaf1e2a77998ab67ff9e67a4429848721a57eb3f28bee3f98b2e28b36bb7,"{""distance"":5,""physical_error_rate"":0.001}","{""detection_events"":926,""detectors_checked"":229376}"
     33792,         0,         0,    1.55,standalone_exact_mw,7a8ab0d03b7ead21ed40b3e2556c734d992a86585a3d666abe35fd996793b7e5,"{""distance"":5,""physical_error_rate"":0.0005}","{""detection_events"":15982,""detectors_checked"":7569408}"
     95232,         7,         0,    8.43,standalone_exact_mw,7e19e1ad41727a9cde3cbef4506ed3530b76f68cf04f4bd50bdb209f12ed436c,"{""distance"":5,""physical_error_rate"":0.002}","{""detection_events"":172574,""detectors_checked"":21331968,""obs_mistake_mask=E"":7}"
    152576,        11,         0,    11.7,standalone_exact_mw,7e19e1ad41727a9cde3cbef4506ed3530b76f68cf04f4bd50bdb209f12ed436c,"{""distance"":5,""physical_error_rate"":0.002}","{""detection_events"":277689,""detectors_checked"":34177024,""obs_mistake_mask=E"":11}"
      1024,         0,         0,   0.399,standalone_exact_mw,af3bdaf1e2a77998ab67ff9e67a4429848721a57eb3f28bee3f98b2e28b36bb7,"{""distance"":5,""physical_error_rate"":0.001}","{""detection_events"":941,""detectors_checked"":229376}"
     80896,         0,         0,    11.8,standalone_exact_mw,82025e6510dee7191a337377ca233259ac8dbd3ccaf9455e916f723ab2066810,"{""distance"":5,""physical_error_rate"":0.0001}","{""detection_events"":7292,""detectors_checked"":18120704}"
     34816,         0,         0,    12.1,standalone_exact_mw,7a8ab0d03b7ead21ed40b3e2556c734d992a86585a3d666abe35fd996793b7e5,"{""distance"":5,""physical_error_rate"":0.0005}","{""detection_events"":15955,""detectors_checked"":7798784}"
      1024,         0,         0,   0.601,standalone_exact_mw,af3bdaf1e2a77998ab67ff9e67a4429848721a57eb3f28bee3f98b2e28b36bb7,"{""distance"":5,""physical_error_rate"":0.001}","{""detection_events"":966,""detectors_checked"":229376}"
     11264,         1,         0,    1.67,standalone_exact_mw,7e19e1ad41727a9cde3cbef4506ed3530b76f68cf04f4bd50bdb209f12ed436c,"{""distance"":5,""physical_error_rate"":0.002}","{""detection_events"":20263,""detectors_checked"":2523136,""obs_mistake_mask=E"":1}"
      1024,         0,         0,   0.575,standalone_exact_mw,af3bdaf1e2a77998ab67ff9e67a4429848721a57eb3f28bee3f98b2e28b36bb7,"{""distance"":5,""physical_error_rate"":0.001}","{""detection_events"":866,""detectors_checked"":229376}"
     64512,        38,         0,    11.8,standalone_exact_mw,66176dfa0edb1b91f153995b3e04cb00912080f83721647eefdac2e2d96d98b0,"{""distance"":5,""physical_error_rate"":0.005}","{""detection_events"":287959,""detectors_checked"":14450688,""obs_mistake_mask=E"":38}"
    206848,         0,         0,    2.18,standalone_exact_mw,82025e6510dee7191a337377ca233259ac8dbd3ccaf9455e916f723ab2066810,"{""distance"":5,""physical_error_rate"":0.0001}","{""detection_events"":19141,""detectors_checked"":46333952}"
    199680,         0,         0,    2.17,standalone_exact_mw,352a3c59735d25dbe5889f513341a2cd2ff9414321bd3c07faf1c3217f623e8c,"{""distance"":5,""physical_error_rate"":5e-05}","{""detection_events"":9612,""detectors_checked"":44728320}"
     49152,         0,         0,    11.6,standalone_exact_mw,af3bdaf1e2a77998ab67ff9e67a4429848721a57eb3f28bee3f98b2e28b36bb7,"{""distance"":5,""physical_error_rate"":0.001}","{""detection_events"":44843,""detectors_checked"":11010048}"
      1024,         0,         0,   0.612,standalone_exact_mw,af3bdaf1e2a77998ab67ff9e67a4429848721a57eb3f28bee3f98b2e28b36bb7,"{""distance"":5,""physical_error_rate"":0.001}","{""detection_events"":984,""detectors_checked"":229376}"
     47104,         1,         0,    2.21,standalone_exact_mw,7a8ab0d03b7ead21ed40b3e2556c734d992a86585a3d666abe35fd996793b7e5,"{""distance"":5,""physical_error_rate"":0.0005}","{""detection_events"":21747,""detectors_checked"":10551296,""obs_mistake_mask=E"":1}"
    908288,         0,         0,    11.7,standalone_exact_mw,352a3c59735d25dbe5889f513341a2cd2ff9414321bd3c07faf1c3217f623e8c,"{""distance"":5,""physical_error_rate"":5e-05}","{""detection_events"":41882,""detectors_checked"":203456512}"
     18432,         0,         0,    2.38,standalone_exact_mw,000a12f67b6d2f9febee6f900216609acb0c5281b533fe6e35129362572a0912,"{""distance"":5,""physical_error_rate"":0.0002}","{""detection_events"":3457,""detectors_checked"":4128768}"
   1139712,         0,         0,    11.7,standalone_exact_mw,82025e6510dee7191a337377ca233259ac8dbd3ccaf9455e916f723ab2066810,"{""distance"":5,""physical_error_rate"":0.0001}","{""detection_events"":104550,""detectors_checked"":255295488}"
   1261568,         0,         0,    11.7,standalone_exact_mw,352a3c59735d25dbe5889f513341a2cd2ff9414321bd3c07faf1c3217f623e8c,"{""distance"":5,""physical_error_rate"":5e-05}","{""detection_events"":58706,""detectors_checked"":282591232}"
      1024,         0,         0,   0.746,standalone_exact_mw,af3bdaf1e2a77998ab67ff9e67a4429848721a57eb3f28bee3f98b2e28b36bb7,"{""distance"":5,""physical_error_rate"":0.001}","{""detection_events"":960,""detectors_checked"":229376}"
     56320,        24,         0,    11.8,standalone_exact_mw,66176dfa0edb1b91f153995b3e04cb00912080f83721647eefdac2e2d96d98b0,"{""distance"":5,""physical_error_rate"":0.005}","{""detection_events"":252057,""detectors_checked"":12615680,""obs_mistake_mask=E"":24}"
     60416,         0,         0,    11.7,standalone_exact_mw,000a12f67b6d2f9febee6f900216609acb0c5281b533fe6e35129362572a0912,"{""distance"":5,""physical_error_rate"":0.0002}","{""detection_events"":11044,""detectors_checked"":13533184}"
    197632,         0,         0,    11.9,standalone_exact_mw,7a8ab0d03b7ead21ed40b3e2556c734d992a86585a3d666abe35fd996793b7e5,"{""distance"":5,""physical_error_rate"":0.0005}","{""detection_events"":91227,""detectors_checked"":44269568}"
   1174528,         0,         0,    11.7,standalone_exact_mw,82025e6510dee7191a337377ca233259ac8dbd3ccaf9455e916f723ab2066810,"{""distance"":5,""physical_error_rate"":0.0001}","{""detection_events"":108207,""detectors_checked"":263094272}"
    189440,         4,         0,    11.8,standalone_exact_mw,af3bdaf1e2a77998ab67ff9e67a4429848721a57eb3f28bee3f98b2e28b36bb7,"{""distance"":5,""physical_error_rate"":0.001}","{""detection_events"":174471,""detectors_checked"":42434560,""obs_mistake_mask=E"":4}"
     17408,         0,         0,    2.30,standalone_exact_mw,7e19e1ad41727a9cde3cbef4506ed3530b76f68cf04f4bd50bdb209f12ed436c,"{""distance"":5,""physical_error_rate"":0.002}","{""detection_events"":31513,""detectors_checked"":3899392}"
      1024,         0,         0,   0.620,standalone_exact_mw,af3bdaf1e2a77998ab67ff9e67a4429848721a57eb3f28bee3f98b2e28b36bb7,"{""distance"":5,""physical_error_rate"":0.001}","{""detection_events"":908,""detectors_checked"":229376}"
    100352,         0,         0,    11.7,standalone_exact_mw,352a3c59735d25dbe5889f513341a2cd2ff9414321bd3c07faf1c3217f623e8c,"{""distance"":5,""physical_error_rate"":5e-05}","{""detection_events"":4479,""detectors_checked"":22478848}"
     78848,         0,         0,    11.9,standalone_exact_mw,82025e6510dee7191a337377ca233259ac8dbd3ccaf9455e916f723ab2066810,"{""distance"":5,""physical_error_rate"":0.0001}","{""detection_events"":7444,""detectors_checked"":17661952}"
     10752,         0,         0,    11.8,standalone_exact_mw,7e19e1ad41727a9cde3cbef4506ed3530b76f68cf04f4bd50bdb209f12ed436c,"{""distance"":5,""physical_error_rate"":0.002}","{""detection_events"":19499,""detectors_checked"":2408448}"
    157696,        17,         0,    11.8,standalone_exact_mw,7e19e1ad41727a9cde3cbef4506ed3530b76f68cf04f4bd50bdb209f12ed436c,"{""distance"":5,""physical_error_rate"":0.002}","{""detection_events"":286777,""detectors_checked"":35323904,""obs_mistake_mask=E"":17}"
     26112,         2,         0,    12.7,standalone_exact_mw,7e19e1ad41727a9cde3cbef4506ed3530b76f68cf04f4bd50bdb209f12ed436c,"{""distance"":5,""physical_error_rate"":0.002}","{""detection_events"":47773,""detectors_checked"":5849088,""obs_mistake_mask=E"":2}"
    463872,         0,         0,    11.7,standalone_exact_mw,000a12f67b6d2f9febee6f900216609acb0c5281b533fe6e35129362572a0912,"{""distance"":5,""physical_error_rate"":0.0002}","{""detection_events"":85525,""detectors_checked"":103907328}"
     21504,         0,         0,    12.2,standalone_exact_mw,af3bdaf1e2a77998ab67ff9e67a4429848721a57eb3f28bee3f98b2e28b36bb7,"{""distance"":5,""physical_error_rate"":0.001}","{""detection_events"":19655,""detectors_checked"":4816896}"
    286720,         0,         0,    3.05,standalone_exact_mw,82025e6510dee7191a337377ca233259ac8dbd3ccaf9455e916f723ab2066810,"{""distance"":5,""physical_error_rate"":0.0001}","{""detection_events"":26485,""detectors_checked"":64225280}"
      2048,         1,         0,    1.41,standalone_exact_mw,af3bdaf1e2a77998ab67ff9e67a4429848721a57eb3f28bee3f98b2e28b36bb7,"{""distance"":5,""physical_error_rate"":0.001}","{""detection_events"":1977,""detectors_checked"":458752,""obs_mistake_mask=E"":1}"
    344064,         1,         0,    3.04,standalone_exact_mw,352a3c59735d25dbe5889f513341a2cd2ff9414321bd3c07faf1c3217f623e8c,"{""distance"":5,""physical_error_rate"":5e-05}","{""detection_events"":15907,""detectors_checked"":77070336,""obs_mistake_mask=E"":1}"
     73728,         1,         0,    3.09,standalone_exact_mw,7a8ab0d03b7ead21ed40b3e2556c734d992a86585a3d666abe35fd996793b7e5,"{""distance"":5,""physical_error_rate"":0.0005}","{""detection_events"":33775,""detectors_checked"":16515072,""obs_mistake_mask=E"":1}"
     16384,         0,         0,    3.11,standalone_exact_mw,000a12f67b6d2f9febee6f900216609acb0c5281b533fe6e35129362572a0912,"{""distance"":5,""physical_error_rate"":0.0002}","{""detection_events"":2864,""detectors_checked"":3670016}"
     17152,         6,         0,    9.94,standalone_exact_mw,66176dfa0edb1b91f153995b3e04cb00912080f83721647eefdac2e2d96d98b0,"{""distance"":5,""physical_error_rate"":0.005}","{""detection_events"":76449,""detectors_checked"":3842048,""obs_mistake_mask=E"":6}"
     22528,         3,         0,    3.07,standalone_exact_mw,7e19e1ad41727a9cde3cbef4506ed3530b76f68cf04f4bd50bdb209f12ed436c,"{""distance"":5,""physical_error_rate"":0.002}","{""detection_events"":41129,""detectors_checked"":5046272,""obs_mistake_mask=E"":3}"
      2048,         0,         0,    1.52,standalone_exact_mw,af3bdaf1e2a77998ab67ff9e67a4429848721a57eb3f28bee3f98b2e28b36bb7,"{""distance"":5,""physical_error_rate"":0.001}","{""detection_events"":1948,""detectors_checked"":458752}"
      4864,         5,         0,    12.0,standalone_exact_mw,66176dfa0edb1b91f153995b3e04cb00912080f83721647eefdac2e2d96d98b0,"{""distance"":5,""physical_error_rate"":0.005}","{""detection_events"":21895,""detectors_checked"":1089536,""obs_mistake_mask=E"":5}"
      6400,         2,         0,    11.8,standalone_exact_mw,66176dfa0edb1b91f153995b3e04cb00912080f83721647eefdac2e2d96d98b0,"{""distance"":5,""physical_error_rate"":0.005}","{""detection_events"":28554,""detectors_checked"":1433600,""obs_mistake_mask=E"":2}"
     30720,         0,         0,    11.9,standalone_exact_mw,7a8ab0d03b7ead21ed40b3e2556c734d992a86585a3d666abe35fd996793b7e5,"{""distance"":5,""physical_error_rate"":0.0005}","{""detection_events"":14477,""detectors_checked"":6881280}"
      3072,         0,         0,    2.21,standalone_exact_mw,af3bdaf1e2a77998ab67ff9e67a4429848721a57eb3f28bee3f98b2e28b36bb7,"{""distance"":5,""physical_error_rate"":0.001}","{""detection_events"":2832,""detectors_checked"":688128}"
    395264,         0,         0,    4.26,standalone_exact_mw,82025e6510dee7191a337377ca233259ac8dbd3ccaf9455e916f723ab2066810,"{""distance"":5,""physical_error_rate"":0.0001}","{""detection_events"":36292,""detectors_checked"":88539136}"
    529408,         0,         0,    4.25,standalone_exact_mw,352a3c59735d25dbe5889f513341a2cd2ff9414321bd3c07faf1c3217f623e8c,"{""distance"":5,""physical_error_rate"":5e-05}","{""detection_events"":24598,""detectors_checked"":118587392}"
     16384,         0,         0,    4.35,standalone_exact_mw,000a12f67b6d2f9febee6f900216609acb0c5281b533fe6e35129362572a0912,"{""distance"":5,""physical_error_rate"":0.0002}","{""detection_events"":2978,""detectors_checked"":3670016}"
     26624,         0,         0,    4.73,standalone_exact_mw,7a8ab0d03b7ead21ed40b3e2556c734d992a86585a3d666abe35fd996793b7e5,"{""distance"":5,""physical_error_rate"":0.0005}","{""detection_events"":12090,""detectors_checked"":5963776}"
     30720,         3,         0,    4.26,standalone_exact_mw,7e19e1ad41727a9cde3cbef4506ed3530b76f68cf04f4bd50bdb209f12ed436c,"{""distance"":5,""physical_error_rate"":0.002}","{""detection_events"":55742,""detectors_checked"":6881280,""obs_mistake_mask=E"":3}"
    844800,         0,         0,    11.7,standalone_exact_mw,000a12f67b6d2f9febee6f900216609acb0c5281b533fe6e35129362572a0912,"{""distance"":5,""physical_error_rate"":0.0002}","{""detection_events"":155258,""detectors_checked"":189235200}"
      3072,         0,         0,    2.45,standalone_exact_mw,af3bdaf1e2a77998ab67ff9e67a4429848721a57eb3f28bee3f98b2e28b36bb7,"{""distance"":5,""physical_error_rate"":0.001}","{""detection_events"":2971,""detectors_checked"":688128}"
    483328,         1,         0,    11.7,standalone_exact_mw,7a8ab0d03b7ead21ed40b3e2556c734d992a86585a3d666abe35fd996793b7e5,"{""distance"":5,""physical_error_rate"":0.0005}","{""detection_events"":221762,""detectors_checked"":108265472,""obs_mistake_mask=E"":1}"
    262144,         7,         0,    11.7,standalone_exact_mw,af3bdaf1e2a77998ab67ff9e67a4429848721a57eb3f28bee3f98b2e28b36bb7,"{""distance"":5,""physical_error_rate"":0.001}","{""detection_events"":240019,""detectors_checked"":58720256,""obs_mistake_mask=E"":7}"
     32768,        19,         0,    11.7,standalone_exact_mw,66176dfa0edb1b91f153995b3e04cb00912080f83721647eefdac2e2d96d98b0,"{""distance"":5,""physical_error_rate"":0.005}","{""detection_events"":146812,""detectors_checked"":7340032,""obs_mistake_mask=E"":19}"
    160768,        11,         0,    11.7,standalone_exact_mw,7e19e1ad41727a9cde3cbef4506ed3530b76f68cf04f4bd50bdb209f12ed436c,"{""distance"":5,""physical_error_rate"":0.002}","{""detection_events"":292329,""detectors_checked"":36012032,""obs_mistake_mask=E"":11}"
      4096,         0,         0,    3.40,standalone_exact_mw,af3bdaf1e2a77998ab67ff9e67a4429848721a57eb3f28bee3f98b2e28b36bb7,"{""distance"":5,""physical_error_rate"":0.001}","{""detection_events"":3953,""detectors_checked"":917504}"
    589824,         1,         0,    5.97,standalone_exact_mw,82025e6510dee7191a337377ca233259ac8dbd3ccaf9455e916f723ab2066810,"{""distance"":5,""physical_error_rate"":0.0001}","{""detection_events"":54232,""detectors_checked"":132120576,""obs_mistake_mask=E"":1}"
    691200,         0,         0,    5.96,standalone_exact_mw,352a3c59735d25dbe5889f513341a2cd2ff9414321bd3c07faf1c3217f623e8c,"{""distance"":5,""physical_error_rate"":5e-05}","{""detection_events"":31539,""detectors_checked"":154828800}"
   1596416,         0,         0,    16.4,standalone_exact_mw,82025e6510dee7191a337377ca233259ac8dbd3ccaf9455e916f723ab2066810,"{""distance"":5,""physical_error_rate"":0.0001}","{""detection_events"":147309,""detectors_checked"":357597184}"
   1827840,         0,         0,    16.3,standalone_exact_mw,352a3c59735d25dbe5889f513341a2cd2ff9414321bd3c07faf1c3217f623e8c,"{""distance"":5,""physical_error_rate"":5e-05}","{""detection_events"":84165,""detectors_checked"":409436160}"
   1233920,         1,         0,    16.4,standalone_exact_mw,000a12f67b6d2f9febee6f900216609acb0c5281b533fe6e35129362572a0912,"{""distance"":5,""physical_error_rate"":0.0002}","{""detection_events"":226084,""detectors_checked"":276398080,""obs_mistake_mask=E"":1}"
    694272,         3,         0,    16.4,standalone_exact_mw,7a8ab0d03b7ead21ed40b3e2556c734d992a86585a3d666abe35fd996793b7e5,"{""distance"":5,""physical_error_rate"":0.0005}","{""detection_events"":319266,""detectors_checked"":155516928,""obs_mistake_mask=E"":3}"
    390144,         7,         0,    16.4,standalone_exact_mw,af3bdaf1e2a77998ab67ff9e67a4429848721a57eb3f28bee3f98b2e28b36bb7,"{""distance"":5,""physical_error_rate"":0.001}","{""detection_events"":356530,""detectors_checked"":87392256,""obs_mistake_mask=E"":7}"
    228352,         0,         0,    16.3,standalone_exact_mw,352a3c59735d25dbe5889f513341a2cd2ff9414321bd3c07faf1c3217f623e8c,"{""distance"":5,""physical_error_rate"":5e-05}","{""detection_events"":10572,""detectors_checked"":51150848}"
    404480,         5,         0,    16.4,standalone_exact_mw,af3bdaf1e2a77998ab67ff9e67a4429848721a57eb3f28bee3f98b2e28b36bb7,"{""distance"":5,""physical_error_rate"":0.001}","{""detection_events"":370120,""detectors_checked"":90603520,""obs_mistake_mask=E"":5}"
   1255424,         1,         0,    16.4,standalone_exact_mw,000a12f67b6d2f9febee6f900216609acb0c5281b533fe6e35129362572a0912,"{""distance"":5,""physical_error_rate"":0.0002}","{""detection_events"":230617,""detectors_checked"":281214976,""obs_mistake_mask=E"":1}"
    610304,         2,         0,    16.4,standalone_exact_mw,7a8ab0d03b7ead21ed40b3e2556c734d992a86585a3d666abe35fd996793b7e5,"{""distance"":5,""physical_error_rate"":0.0005}","{""detection_events"":280296,""detectors_checked"":136708096,""obs_mistake_mask=E"":2}"
     69632,         1,         0,    16.4,standalone_exact_mw,000a12f67b6d2f9febee6f900216609acb0c5281b533fe6e35129362572a0912,"{""distance"":5,""physical_error_rate"":0.0002}","{""detection_events"":12462,""detectors_checked"":15597568,""obs_mistake_mask=E"":1}"
    109568,         0,         0,    6.11,standalone_exact_mw,000a12f67b6d2f9febee6f900216609acb0c5281b533fe6e35129362572a0912,"{""distance"":5,""physical_error_rate"":0.0002}","{""detection_events"":20221,""detectors_checked"":24543232}"
     13312,         0,         0,    6.08,standalone_exact_mw,7a8ab0d03b7ead21ed40b3e2556c734d992a86585a3d666abe35fd996793b7e5,"{""distance"":5,""physical_error_rate"":0.0005}","{""detection_events"":6320,""detectors_checked"":2981888}"
    223232,        16,         0,    16.4,standalone_exact_mw,7e19e1ad41727a9cde3cbef4506ed3530b76f68cf04f4bd50bdb209f12ed436c,"{""distance"":5,""physical_error_rate"":0.002}","{""detection_events"":405672,""detectors_checked"":50003968,""obs_mistake_mask=E"":16}"
    118784,         0,         0,    16.4,standalone_exact_mw,352a3c59735d25dbe5889f513341a2cd2ff9414321bd3c07faf1c3217f623e8c,"{""distance"":5,""physical_error_rate"":5e-05}","{""detection_events"":5511,""detectors_checked"":26607616}"
    302080,         0,         0,    16.6,standalone_exact_mw,82025e6510dee7191a337377ca233259ac8dbd3ccaf9455e916f723ab2066810,"{""distance"":5,""physical_error_rate"":0.0001}","{""detection_events"":27545,""detectors_checked"":67665920}"
    223232,        12,         0,    16.4,standalone_exact_mw,7e19e1ad41727a9cde3cbef4506ed3530b76f68cf04f4bd50bdb209f12ed436c,"{""distance"":5,""physical_error_rate"":0.002}","{""detection_events"":405216,""detectors_checked"":50003968,""obs_mistake_mask=E"":12}"
     43008,         4,         0,    6.00,standalone_exact_mw,7e19e1ad41727a9cde3cbef4506ed3530b76f68cf04f4bd50bdb209f12ed436c,"{""distance"":5,""physical_error_rate"":0.002}","{""detection_events"":76892,""detectors_checked"":9633792,""obs_mistake_mask=E"":4}"
     93184,         0,         0,    16.3,standalone_exact_mw,82025e6510dee7191a337377ca233259ac8dbd3ccaf9455e916f723ab2066810,"{""distance"":5,""physical_error_rate"":0.0001}","{""detection_events"":8763,""detectors_checked"":20873216}"
     41984,         0,         0,    16.7,standalone_exact_mw,7a8ab0d03b7ead21ed40b3e2556c734d992a86585a3d666abe35fd996793b7e5,"{""distance"":5,""physical_error_rate"":0.0005}","{""detection_events"":19381,""detectors_checked"":9404416}"
     93184,        43,         0,    16.4,standalone_exact_mw,66176dfa0edb1b91f153995b3e04cb00912080f83721647eefdac2e2d96d98b0,"{""distance"":5,""physical_error_rate"":0.005}","{""detection_events"":416640,""detectors_checked"":20873216,""obs_mistake_mask=E"":43}"
      3840,         2,         0,    12.3,standalone_exact_mw,66176dfa0edb1b91f153995b3e04cb00912080f83721647eefdac2e2d96d98b0,"{""distance"":5,""physical_error_rate"":0.005}","{""detection_events"":16848,""detectors_checked"":860160,""obs_mistake_mask=E"":2}"
     73728,         1,         0,    16.5,standalone_exact_mw,af3bdaf1e2a77998ab67ff9e67a4429848721a57eb3f28bee3f98b2e28b36bb7,"{""distance"":5,""physical_error_rate"":0.001}","{""detection_events"":66990,""detectors_checked"":16515072,""obs_mistake_mask=E"":1}"
   1939456,         0,         0,    16.3,standalone_exact_mw,352a3c59735d25dbe5889f513341a2cd2ff9414321bd3c07faf1c3217f623e8c,"{""distance"":5,""physical_error_rate"":5e-05}","{""detection_events"":88925,""detectors_checked"":434438144}"
   1514496,         0,         0,    16.3,standalone_exact_mw,82025e6510dee7191a337377ca233259ac8dbd3ccaf9455e916f723ab2066810,"{""distance"":5,""physical_error_rate"":0.0001}","{""detection_events"":138399,""detectors_checked"":339247104}"
   1863680,         0,         0,    16.3,standalone_exact_mw,352a3c59735d25dbe5889f513341a2cd2ff9414321bd3c07faf1c3217f623e8c,"{""distance"":5,""physical_error_rate"":5e-05}","{""detection_events"":84844,""detectors_checked"":417464320}"
      6144,         0,         0,    4.48,standalone_exact_mw,af3bdaf1e2a77998ab67ff9e67a4429848721a57eb3f28bee3f98b2e28b36bb7,"{""distance"":5,""physical_error_rate"":0.001}","{""detection_events"":5518,""detectors_checked"":1376256}"
     96256,        45,         0,    16.5,standalone_exact_mw,66176dfa0edb1b91f153995b3e04cb00912080f83721647eefdac2e2d96d98b0,"{""distance"":5,""physical_error_rate"":0.005}","{""detection_events"":430602,""detectors_checked"":21561344,""obs_mistake_mask=E"":45}"
   1638400,         0,         0,    16.4,standalone_exact_mw,82025e6510dee7191a337377ca233259ac8dbd3ccaf9455e916f723ab2066810,"{""distance"":5,""physical_error_rate"":0.0001}","{""detection_events"":149475,""detectors_checked"":367001600}"
     71680,         1,         0,    16.4,standalone_exact_mw,000a12f67b6d2f9febee6f900216609acb0c5281b533fe6e35129362572a0912,"{""distance"":5,""physical_error_rate"":0.0002}","{""detection_events"":12829,""detectors_checked"":16056320,""obs_mistake_mask=E"":1}"
    385024,         2,         0,    16.4,standalone_exact_mw,af3bdaf1e2a77998ab67ff9e67a4429848721a57eb3f28bee3f98b2e28b36bb7,"{""distance"":5,""physical_error_rate"":0.001}","{""detection_events"":353563,""detectors_checked"":86245376,""obs_mistake_mask=E"":2}"
     37888,         0,         0,    16.8,standalone_exact_mw,7a8ab0d03b7ead21ed40b3e2556c734d992a86585a3d666abe35fd996793b7e5,"{""distance"":5,""physical_error_rate"":0.0005}","{""detection_events"":17796,""detectors_checked"":8486912}"
    114688,         0,         0,    16.4,standalone_exact_mw,352a3c59735d25dbe5889f513341a2cd2ff9414321bd3c07faf1c3217f623e8c,"{""distance"":5,""physical_error_rate"":5e-05}","{""detection_events"":5584,""detectors_checked"":25690112}"
     92160,         0,         0,    16.3,standalone_exact_mw,82025e6510dee7191a337377ca233259ac8dbd3ccaf9455e916f723ab2066810,"{""distance"":5,""physical_error_rate"":0.0001}","{""detection_events"":8354,""detectors_checked"":20643840}"
    221184,        18,         0,    16.5,standalone_exact_mw,7e19e1ad41727a9cde3cbef4506ed3530b76f68cf04f4bd50bdb209f12ed436c,"{""distance"":5,""physical_error_rate"":0.002}","{""detection_events"":403337,""detectors_checked"":49545216,""obs_mistake_mask=E"":18}"
     12800,         0,         0,    16.5,standalone_exact_mw,7e19e1ad41727a9cde3cbef4506ed3530b76f68cf04f4bd50bdb209f12ed436c,"{""distance"":5,""physical_error_rate"":0.002}","{""detection_events"":23323,""detectors_checked"":2867200}"
    642048,         0,         0,    16.4,standalone_exact_mw,000a12f67b6d2f9febee6f900216609acb0c5281b533fe6e35129362572a0912,"{""distance"":5,""physical_error_rate"":0.0002}","{""detection_events"":117123,""detectors_checked"":143818752}"
     12288,         2,         0,    16.8,standalone_exact_mw,7e19e1ad41727a9cde3cbef4506ed3530b76f68cf04f4bd50bdb209f12ed436c,"{""distance"":5,""physical_error_rate"":0.002}","{""detection_events"":22401,""detectors_checked"":2752512,""obs_mistake_mask=E"":2}"
     21504,         0,         0,    16.7,standalone_exact_mw,af3bdaf1e2a77998ab67ff9e67a4429848721a57eb3f28bee3f98b2e28b36bb7,"{""distance"":5,""physical_error_rate"":0.001}","{""detection_events"":20066,""detectors_checked"":4816896}"
    802816,         0,         0,    8.35,standalone_exact_mw,82025e6510dee7191a337377ca233259ac8dbd3ccaf9455e916f723ab2066810,"{""distance"":5,""physical_error_rate"":0.0001}","{""detection_events"":73331,""detectors_checked"":179830784}"
   1062912,         0,         0,    8.34,standalone_exact_mw,352a3c59735d25dbe5889f513341a2cd2ff9414321bd3c07faf1c3217f623e8c,"{""distance"":5,""physical_error_rate"":5e-05}","{""detection_events"":48812,""detectors_checked"":238092288}"
      5376,         1,         0,    16.4,standalone_exact_mw,66176dfa0edb1b91f153995b3e04cb00912080f83721647eefdac2e2d96d98b0,"{""distance"":5,""physical_error_rate"":0.005}","{""detection_events"":24643,""detectors_checked"":1204224,""obs_mistake_mask=E"":1}"
    102400,         0,         0,    8.29,standalone_exact_mw,7a8ab0d03b7ead21ed40b3e2556c734d992a86585a3d666abe35fd996793b7e5,"{""distance"":5,""physical_error_rate"":0.0005}","{""detection_events"":47019,""detectors_checked"":22937600}"
    186368,         0,         0,    8.41,standalone_exact_mw,000a12f67b6d2f9febee6f900216609acb0c5281b533fe6e35129362572a0912,"{""distance"":5,""physical_error_rate"":0.0002}","{""detection_events"":34294,""detectors_checked"":41746432}"
     41984,         0,         0,    16.4,standalone_exact_mw,7a8ab0d03b7ead21ed40b3e2556c734d992a86585a3d666abe35fd996793b7e5,"{""distance"":5,""physical_error_rate"":0.0005}","{""detection_events"":19220,""detectors_checked"":9404416}"
      9984,         6,         0,    16.6,standalone_exact_mw,66176dfa0edb1b91f153995b3e04cb00912080f83721647eefdac2e2d96d98b0,"{""distance"":5,""physical_error_rate"":0.005}","{""detection_events"":44861,""detectors_checked"":2236416,""obs_mistake_mask=E"":6}"
     57344,         8,         0,    8.45,standalone_exact_mw,7e19e1ad41727a9cde3cbef4506ed3530b76f68cf04f4bd50bdb209f12ed436c,"{""distance"":5,""physical_error_rate"":0.002}","{""detection_events"":104399,""detectors_checked"":12845056,""obs_mistake_mask=E"":8}"
      9216,         0,         0,    6.35,standalone_exact_mw,af3bdaf1e2a77998ab67ff9e67a4429848721a57eb3f28bee3f98b2e28b36bb7,"{""distance"":5,""physical_error_rate"":0.001}","{""detection_events"":8642,""detectors_checked"":2064384}"
   1049600,         0,         0,    16.4,standalone_exact_mw,000a12f67b6d2f9febee6f900216609acb0c5281b533fe6e35129362572a0912,"{""distance"":5,""physical_error_rate"":0.0002}","{""detection_events"":192641,""detectors_checked"":235110400}"
    675840,         0,         0,    16.4,standalone_exact_mw,7a8ab0d03b7ead21ed40b3e2556c734d992a86585a3d666abe35fd996793b7e5,"{""distance"":5,""physical_error_rate"":0.0005}","{""detection_events"":309074,""detectors_checked"":151388160}"
    395264,         2,         0,    16.4,standalone_exact_mw,af3bdaf1e2a77998ab67ff9e67a4429848721a57eb3f28bee3f98b2e28b36bb7,"{""distance"":5,""physical_error_rate"":0.001}","{""detection_events"":361849,""detectors_checked"":88539136,""obs_mistake_mask=E"":2}"
     35072,        14,         0,    16.6,standalone_exact_mw,66176dfa0edb1b91f153995b3e04cb00912080f83721647eefdac2e2d96d98b0,"{""distance"":5,""physical_error_rate"":0.005}","{""detection_events"":156485,""detectors_checked"":7856128,""obs_mistake_mask=E"":14}"
    178176,         7,         0,    16.5,standalone_exact_mw,7e19e1ad41727a9cde3cbef4506ed3530b76f68cf04f4bd50bdb209f12ed436c,"{""distance"":5,""physical_error_rate"":0.002}","{""detection_events"":324499,""detectors_checked"":39911424,""obs_mistake_mask=E"":7}"
     12288,         0,         0,    9.22,standalone_exact_mw,af3bdaf1e2a77998ab67ff9e67a4429848721a57eb3f28bee3f98b2e28b36bb7,"{""distance"":5,""physical_error_rate"":0.001}","{""detection_events"":11296,""detectors_checked"":2752512}"
   1146880,         0,         0,    11.7,standalone_exact_mw,82025e6510dee7191a337377ca233259ac8dbd3ccaf9455e916f723ab2066810,"{""distance"":5,""physical_error_rate"":0.0001}","{""detection_events"":105240,""detectors_checked"":256901120}"
   1457152,         0,         0,    11.7,standalone_exact_mw,352a3c59735d25dbe5889f513341a2cd2ff9414321bd3c07faf1c3217f623e8c,"{""distance"":5,""physical_error_rate"":5e-05}","{""detection_events"":66766,""detectors_checked"":326402048}"
     46080,         0,         0,    11.7,standalone_exact_mw,000a12f67b6d2f9febee6f900216609acb0c5281b533fe6e35129362572a0912,"{""distance"":5,""physical_error_rate"":0.0002}","{""detection_events"":8470,""detectors_checked"":10321920}"
    144384,         3,         0,    12.1,standalone_exact_mw,7a8ab0d03b7ead21ed40b3e2556c734d992a86585a3d666abe35fd996793b7e5,"{""distance"":5,""physical_error_rate"":0.0005}","{""detection_events"":66331,""detectors_checked"":32342016,""obs_mistake_mask=E"":3}"
     27648,         2,         0,    12.6,standalone_exact_mw,7e19e1ad41727a9cde3cbef4506ed3530b76f68cf04f4bd50bdb209f12ed436c,"{""distance"":5,""physical_error_rate"":0.002}","{""detection_events"":50966,""detectors_checked"":6193152,""obs_mistake_mask=E"":2}"
   2340864,         0,         0,    22.9,standalone_exact_mw,82025e6510dee7191a337377ca233259ac8dbd3ccaf9455e916f723ab2066810,"{""distance"":5,""physical_error_rate"":0.0001}","{""detection_events"":214605,""detectors_checked"":524353536}"
   2673664,         0,         0,    22.9,standalone_exact_mw,352a3c59735d25dbe5889f513341a2cd2ff9414321bd3c07faf1c3217f623e8c,"{""distance"":5,""physical_error_rate"":5e-05}","{""detection_events"":122668,""detectors_checked"":598900736}"
   1753088,         1,         0,    22.9,standalone_exact_mw,000a12f67b6d2f9febee6f900216609acb0c5281b533fe6e35129362572a0912,"{""distance"":5,""physical_error_rate"":0.0002}","{""detection_events"":323183,""detectors_checked"":392691712,""obs_mistake_mask=E"":1}"
    985088,         3,         0,    22.9,standalone_exact_mw,7a8ab0d03b7ead21ed40b3e2556c734d992a86585a3d666abe35fd996793b7e5,"{""distance"":5,""physical_error_rate"":0.0005}","{""detection_events"":452197,""detectors_checked"":220659712,""obs_mistake_mask=E"":3}"
     39936,        32,         0,    20.1,standalone_exact_mw,66176dfa0edb1b91f153995b3e04cb00912080f83721647eefdac2e2d96d98b0,"{""distance"":5,""physical_error_rate"":0.005}","{""detection_events"":179384,""detectors_checked"":8945664,""obs_mistake_mask=E"":32}"
    563200,         8,         0,    22.9,standalone_exact_mw,af3bdaf1e2a77998ab67ff9e67a4429848721a57eb3f28bee3f98b2e28b36bb7,"{""distance"":5,""physical_error_rate"":0.001}","{""detection_events"":515805,""detectors_checked"":126156800,""obs_mistake_mask=E"":8}"
    566272,        13,         0,    23.0,standalone_exact_mw,af3bdaf1e2a77998ab67ff9e67a4429848721a57eb3f28bee3f98b2e28b36bb7,"{""distance"":5,""physical_error_rate"":0.001}","{""detection_events"":517697,""detectors_checked"":126844928,""obs_mistake_mask=E"":13}"
   1786880,         0,         0,    22.9,standalone_exact_mw,000a12f67b6d2f9febee6f900216609acb0c5281b533fe6e35129362572a0912,"{""distance"":5,""physical_error_rate"":0.0002}","{""detection_events"":328650,""detectors_checked"":400261120}"
    982016,         4,         0,    22.9,standalone_exact_mw,7a8ab0d03b7ead21ed40b3e2556c734d992a86585a3d666abe35fd996793b7e5,"{""distance"":5,""physical_error_rate"":0.0005}","{""detection_events"":448655,""detectors_checked"":219971584,""obs_mistake_mask=E"":4}"
    165888,         0,         0,    22.9,standalone_exact_mw,000a12f67b6d2f9febee6f900216609acb0c5281b533fe6e35129362572a0912,"{""distance"":5,""physical_error_rate"":0.0002}","{""detection_events"":30721,""detectors_checked"":37158912}"
    607232,         0,         0,    22.9,standalone_exact_mw,352a3c59735d25dbe5889f513341a2cd2ff9414321bd3c07faf1c3217f623e8c,"{""distance"":5,""physical_error_rate"":5e-05}","{""detection_events"":28002,""detectors_checked"":136019968}"
    316416,        19,         0,    23.0,standalone_exact_mw,7e19e1ad41727a9cde3cbef4506ed3530b76f68cf04f4bd50bdb209f12ed436c,"{""distance"":5,""physical_error_rate"":0.002}","{""detection_events"":575732,""detectors_checked"":70877184,""obs_mistake_mask=E"":19}"
    157696,         0,         0,    22.8,standalone_exact_mw,352a3c59735d25dbe5889f513341a2cd2ff9414321bd3c07faf1c3217f623e8c,"{""distance"":5,""physical_error_rate"":5e-05}","{""detection_events"":7196,""detectors_checked"":35323904}"
    125952,         0,         0,    22.7,standalone_exact_mw,82025e6510dee7191a337377ca233259ac8dbd3ccaf9455e916f723ab2066810,"{""distance"":5,""physical_error_rate"":0.0001}","{""detection_events"":11867,""detectors_checked"":28213248}"
    313344,        32,         0,    23.0,standalone_exact_mw,7e19e1ad41727a9cde3cbef4506ed3530b76f68cf04f4bd50bdb209f12ed436c,"{""distance"":5,""physical_error_rate"":0.002}","{""detection_events"":570472,""detectors_checked"":70189056,""obs_mistake_mask=E"":32}"
    123904,         0,         0,    22.9,standalone_exact_mw,82025e6510dee7191a337377ca233259ac8dbd3ccaf9455e916f723ab2066810,"{""distance"":5,""physical_error_rate"":0.0001}","{""detection_events"":11367,""detectors_checked"":27754496}"
     53248,         0,         0,    23.3,standalone_exact_mw,7a8ab0d03b7ead21ed40b3e2556c734d992a86585a3d666abe35fd996793b7e5,"{""distance"":5,""physical_error_rate"":0.0005}","{""detection_events"":25218,""detectors_checked"":11927552}"
    133120,        67,         0,    23.0,standalone_exact_mw,66176dfa0edb1b91f153995b3e04cb00912080f83721647eefdac2e2d96d98b0,"{""distance"":5,""physical_error_rate"":0.005}","{""detection_events"":594657,""detectors_checked"":29818880,""obs_mistake_mask=E"":67}"
   2881536,         0,         0,    22.9,standalone_exact_mw,352a3c59735d25dbe5889f513341a2cd2ff9414321bd3c07faf1c3217f623e8c,"{""distance"":5,""physical_error_rate"":5e-05}","{""detection_events"":132835,""detectors_checked"":645464064}"
   2212864,         0,         0,    22.9,standalone_exact_mw,82025e6510dee7191a337377ca233259ac8dbd3ccaf9455e916f723ab2066810,"{""distance"":5,""physical_error_rate"":0.0001}","{""detection_events"":202781,""detectors_checked"":495681536}"
     30720,         0,         0,    23.4,standalone_exact_mw,af3bdaf1e2a77998ab67ff9e67a4429848721a57eb3f28bee3f98b2e28b36bb7,"{""distance"":5,""physical_error_rate"":0.001}","{""detection_events"":27662,""detectors_checked"":6881280}"
   2866176,         0,         0,    22.9,standalone_exact_mw,352a3c59735d25dbe5889f513341a2cd2ff9414321bd3c07faf1c3217f623e8c,"{""distance"":5,""physical_error_rate"":5e-05}","{""detection_events"":131520,""detectors_checked"":642023424}"
   2329600,         0,         0,    22.9,standalone_exact_mw,82025e6510dee7191a337377ca233259ac8dbd3ccaf9455e916f723ab2066810,"{""distance"":5,""physical_error_rate"":0.0001}","{""detection_events"":214246,""detectors_checked"":521830400}"
    141312,        72,         0,    23.1,standalone_exact_mw,66176dfa0edb1b91f153995b3e04cb00912080f83721647eefdac2e2d96d98b0,"{""distance"":5,""physical_error_rate"":0.005}","{""detection_events"":630934,""detectors_checked"":31653888,""obs_mistake_mask=E"":72}"
     96256,         0,         0,    22.9,standalone_exact_mw,000a12f67b6d2f9febee6f900216609acb0c5281b533fe6e35129362572a0912,"{""distance"":5,""physical_error_rate"":0.0002}","{""detection_events"":17338,""detectors_checked"":21561344}"
    548864,         8,         0,    22.9,standalone_exact_mw,af3bdaf1e2a77998ab67ff9e67a4429848721a57eb3f28bee3f98b2e28b36bb7,"{""distance"":5,""physical_error_rate"":0.001}","{""detection_events"":503158,""detectors_checked"":122945536,""obs_mistake_mask=E"":8}"
     66560,         0,         0,    23.2,standalone_exact_mw,7a8ab0d03b7ead21ed40b3e2556c734d992a86585a3d666abe35fd996793b7e5,"{""distance"":5,""physical_error_rate"":0.0005}","{""detection_events"":30791,""detectors_checked"":14909440}"
    153600,         0,         0,    22.7,standalone_exact_mw,352a3c59735d25dbe5889f513341a2cd2ff9414321bd3c07faf1c3217f623e8c,"{""distance"":5,""physical_error_rate"":5e-05}","{""detection_events"":7169,""detectors_checked"":34406400}"
    123904,         0,         0,    22.9,standalone_exact_mw,82025e6510dee7191a337377ca233259ac8dbd3ccaf9455e916f723ab2066810,"{""distance"":5,""physical_error_rate"":0.0001}","{""detection_events"":11288,""detectors_checked"":27754496}"
    319488,        23,         0,    23.0,standalone_exact_mw,7e19e1ad41727a9cde3cbef4506ed3530b76f68cf04f4bd50bdb209f12ed436c,"{""distance"":5,""physical_error_rate"":0.002}","{""detection_events"":581788,""detectors_checked"":71565312,""obs_mistake_mask=E"":23}"
    487424,         1,         0,    23.0,standalone_exact_mw,000a12f67b6d2f9febee6f900216609acb0c5281b533fe6e35129362572a0912,"{""distance"":5,""physical_error_rate"":0.0002}","{""detection_events"":88930,""detectors_checked"":109182976,""obs_mistake_mask=E"":1}"
     28672,         0,         0,    22.9,standalone_exact_mw,af3bdaf1e2a77998ab67ff9e67a4429848721a57eb3f28bee3f98b2e28b36bb7,"{""distance"":5,""physical_error_rate"":0.001}","{""detection_events"":26949,""detectors_checked"":6422528}"
     16896,         1,         0,    23.2,standalone_exact_mw,7e19e1ad41727a9cde3cbef4506ed3530b76f68cf04f4bd50bdb209f12ed436c,"{""distance"":5,""physical_error_rate"":0.002}","{""detection_events"":30689,""detectors_checked"":3784704,""obs_mistake_mask=E"":1}"
     16384,         3,         0,    23.1,standalone_exact_mw,7e19e1ad41727a9cde3cbef4506ed3530b76f68cf04f4bd50bdb209f12ed436c,"{""distance"":5,""physical_error_rate"":0.002}","{""detection_events"":29894,""detectors_checked"":3670016,""obs_mistake_mask=E"":3}"
     13312,         1,         0,    11.6,standalone_exact_mw,af3bdaf1e2a77998ab67ff9e67a4429848721a57eb3f28bee3f98b2e28b36bb7,"{""distance"":5,""physical_error_rate"":0.001}","{""detection_events"":12315,""detectors_checked"":2981888,""obs_mistake_mask=E"":1}"
      7168,         2,         0,    23.2,standalone_exact_mw,66176dfa0edb1b91f153995b3e04cb00912080f83721647eefdac2e2d96d98b0,"{""distance"":5,""physical_error_rate"":0.005}","{""detection_events"":32498,""detectors_checked"":1605632,""obs_mistake_mask=E"":2}"
     52224,         0,         0,    22.9,standalone_exact_mw,7a8ab0d03b7ead21ed40b3e2556c734d992a86585a3d666abe35fd996793b7e5,"{""distance"":5,""physical_error_rate"":0.0005}","{""detection_events"":23665,""detectors_checked"":11698176}"
     15872,        13,         0,    23.2,standalone_exact_mw,66176dfa0edb1b91f153995b3e04cb00912080f83721647eefdac2e2d96d98b0,"{""distance"":5,""physical_error_rate"":0.005}","{""detection_events"":71042,""detectors_checked"":3555328,""obs_mistake_mask=E"":13}"
   1764352,         1,         0,    22.9,standalone_exact_mw,000a12f67b6d2f9febee6f900216609acb0c5281b533fe6e35129362572a0912,"{""distance"":5,""physical_error_rate"":0.0002}","{""detection_events"":323883,""detectors_checked"":395214848,""obs_mistake_mask=E"":1}"
    909312,         0,         0,    22.9,standalone_exact_mw,7a8ab0d03b7ead21ed40b3e2556c734d992a86585a3d666abe35fd996793b7e5,"{""distance"":5,""physical_error_rate"":0.0005}","{""detection_events"":417454,""detectors_checked"":203685888}"
    545792,         5,         0,    23.0,standalone_exact_mw,af3bdaf1e2a77998ab67ff9e67a4429848721a57eb3f28bee3f98b2e28b36bb7,"{""distance"":5,""physical_error_rate"":0.001}","{""detection_events"":498159,""detectors_checked"":122257408,""obs_mistake_mask=E"":5}"
   1673216,         0,         0,    16.4,standalone_exact_mw,82025e6510dee7191a337377ca233259ac8dbd3ccaf9455e916f723ab2066810,"{""distance"":5,""physical_error_rate"":0.0001}","{""detection_events"":154748,""detectors_checked"":374800384}"
     22016,        11,         0,    23.2,standalone_exact_mw,66176dfa0edb1b91f153995b3e04cb00912080f83721647eefdac2e2d96d98b0,"{""distance"":5,""physical_error_rate"":0.005}","{""detection_events"":98754,""detectors_checked"":4931584,""obs_mistake_mask=E"":11}"
    304128,        22,         0,    23.0,standalone_exact_mw,7e19e1ad41727a9cde3cbef4506ed3530b76f68cf04f4bd50bdb209f12ed436c,"{""distance"":5,""physical_error_rate"":0.002}","{""detection_events"":554204,""detectors_checked"":68124672,""obs_mistake_mask=E"":22}"
   2110464,         0,         0,    16.3,standalone_exact_mw,352a3c59735d25dbe5889f513341a2cd2ff9414321bd3c07faf1c3217f623e8c,"{""distance"":5,""physical_error_rate"":5e-05}","{""detection_events"":97175,""detectors_checked"":472743936}"
     62464,         0,         0,    16.5,standalone_exact_mw,000a12f67b6d2f9febee6f900216609acb0c5281b533fe6e35129362572a0912,"{""distance"":5,""physical_error_rate"":0.0002}","{""detection_events"":11490,""detectors_checked"":13991936}"
    182272,         0,         0,    16.3,standalone_exact_mw,7a8ab0d03b7ead21ed40b3e2556c734d992a86585a3d666abe35fd996793b7e5,"{""distance"":5,""physical_error_rate"":0.0005}","{""detection_events"":83403,""detectors_checked"":40828928}"
     11264,         0,         0,    16.8,standalone_exact_mw,7e19e1ad41727a9cde3cbef4506ed3530b76f68cf04f4bd50bdb209f12ed436c,"{""distance"":5,""physical_error_rate"":0.002}","{""detection_events"":20782,""detectors_checked"":2523136}"
     36352,        18,         0,    23.2,standalone_exact_mw,66176dfa0edb1b91f153995b3e04cb00912080f83721647eefdac2e2d96d98b0,"{""distance"":5,""physical_error_rate"":0.005}","{""detection_events"":163147,""detectors_checked"":8142848,""obs_mistake_mask=E"":18}"
     21504,         1,         0,    17.3,standalone_exact_mw,af3bdaf1e2a77998ab67ff9e67a4429848721a57eb3f28bee3f98b2e28b36bb7,"{""distance"":5,""physical_error_rate"":0.001}","{""detection_events"":19579,""detectors_checked"":4816896,""obs_mistake_mask=E"":1}"
   3225600,         0,         0,    32.0,standalone_exact_mw,82025e6510dee7191a337377ca233259ac8dbd3ccaf9455e916f723ab2066810,"{""distance"":5,""physical_error_rate"":0.0001}","{""detection_events"":297196,""detectors_checked"":722534400}"
   3564544,         0,         0,    32.0,standalone_exact_mw,352a3c59735d25dbe5889f513341a2cd2ff9414321bd3c07faf1c3217f623e8c,"{""distance"":5,""physical_error_rate"":5e-05}","{""detection_events"":164476,""detectors_checked"":798457856}"
   2476032,         0,         0,    32.1,standalone_exact_mw,000a12f67b6d2f9febee6f900216609acb0c5281b533fe6e35129362572a0912,"{""distance"":5,""physical_error_rate"":0.0002}","{""detection_events"":454690,""detectors_checked"":554631168}"
   1386496,         4,         0,    32.1,standalone_exact_mw,7a8ab0d03b7ead21ed40b3e2556c734d992a86585a3d666abe35fd996793b7e5,"{""distance"":5,""physical_error_rate"":0.0005}","{""detection_events"":636221,""detectors_checked"":310575104,""obs_mistake_mask=E"":4}"
    787456,         7,         0,    32.1,standalone_exact_mw,af3bdaf1e2a77998ab67ff9e67a4429848721a57eb3f28bee3f98b2e28b36bb7,"{""distance"":5,""physical_error_rate"":0.001}","{""detection_events"":718718,""detectors_checked"":176390144,""obs_mistake_mask=E"":7}"
   2486272,         2,         0,    32.1,standalone_exact_mw,000a12f67b6d2f9febee6f900216609acb0c5281b533fe6e35129362572a0912,"{""distance"":5,""physical_error_rate"":0.0002}","{""detection_events"":456779,""detectors_checked"":556924928,""obs_mistake_mask=E"":2}"
    809984,         8,         0,    32.1,standalone_exact_mw,af3bdaf1e2a77998ab67ff9e67a4429848721a57eb3f28bee3f98b2e28b36bb7,"{""distance"":5,""physical_error_rate"":0.001}","{""detection_events"":742265,""detectors_checked"":181436416,""obs_mistake_mask=E"":8}"
   1409024,         5,         0,    32.1,standalone_exact_mw,7a8ab0d03b7ead21ed40b3e2556c734d992a86585a3d666abe35fd996793b7e5,"{""distance"":5,""physical_error_rate"":0.0005}","{""detection_events"":646778,""detectors_checked"":315621376,""obs_mistake_mask=E"":5}"
    323584,         0,         0,    31.7,standalone_exact_mw,352a3c59735d25dbe5889f513341a2cd2ff9414321bd3c07faf1c3217f623e8c,"{""distance"":5,""physical_error_rate"":5e-05}","{""detection_events"":14920,""detectors_checked"":72482816}"
    422912,         0,         0,    32.2,standalone_exact_mw,000a12f67b6d2f9febee6f900216609acb0c5281b533fe6e35129362572a0912,"{""distance"":5,""physical_error_rate"":0.0002}","{""detection_events"":77748,""detectors_checked"":94732288}"
    444416,        23,         0,    32.1,standalone_exact_mw,7e19e1ad41727a9cde3cbef4506ed3530b76f68cf04f4bd50bdb209f12ed436c,"{""distance"":5,""physical_error_rate"":0.002}","{""detection_events"":808928,""detectors_checked"":99549184,""obs_mistake_mask=E"":23}"
    205824,         0,         0,    32.2,standalone_exact_mw,352a3c59735d25dbe5889f513341a2cd2ff9414321bd3c07faf1c3217f623e8c,"{""distance"":5,""physical_error_rate"":5e-05}","{""detection_events"":9426,""detectors_checked"":46104576}"
    172032,         0,         0,    32.1,standalone_exact_mw,82025e6510dee7191a337377ca233259ac8dbd3ccaf9455e916f723ab2066810,"{""distance"":5,""physical_error_rate"":0.0001}","{""detection_events"":15575,""detectors_checked"":38535168}"
    448512,        23,         0,    32.1,standalone_exact_mw,7e19e1ad41727a9cde3cbef4506ed3530b76f68cf04f4bd50bdb209f12ed436c,"{""distance"":5,""physical_error_rate"":0.002}","{""detection_events"":816660,""detectors_checked"":100466688,""obs_mistake_mask=E"":23}"
    168960,         0,         0,    32.0,standalone_exact_mw,82025e6510dee7191a337377ca233259ac8dbd3ccaf9455e916f723ab2066810,"{""distance"":5,""physical_error_rate"":0.0001}","{""detection_events"":15333,""detectors_checked"":37847040}"
     73728,         0,         0,    32.0,standalone_exact_mw,7a8ab0d03b7ead21ed40b3e2556c734d992a86585a3d666abe35fd996793b7e5,"{""distance"":5,""physical_error_rate"":0.0005}","{""detection_events"":33267,""detectors_checked"":16515072}"
    186368,       101,         0,    32.3,standalone_exact_mw,66176dfa0edb1b91f153995b3e04cb00912080f83721647eefdac2e2d96d98b0,"{""distance"":5,""physical_error_rate"":0.005}","{""detection_events"":837463,""detectors_checked"":41746432,""obs_mistake_mask=E"":101}"
   4045824,         0,         0,    32.0,standalone_exact_mw,352a3c59735d25dbe5889f513341a2cd2ff9414321bd3c07faf1c3217f623e8c,"{""distance"":5,""physical_error_rate"":5e-05}","{""detection_events"":186786,""detectors_checked"":906264576}"
   3193856,         1,         0,    32.0,standalone_exact_mw,82025e6510dee7191a337377ca233259ac8dbd3ccaf9455e916f723ab2066810,"{""distance"":5,""physical_error_rate"":0.0001}","{""detection_events"":294839,""detectors_checked"":715423744,""obs_mistake_mask=E"":1}"
   4048896,         1,         0,    32.0,standalone_exact_mw,352a3c59735d25dbe5889f513341a2cd2ff9414321bd3c07faf1c3217f623e8c,"{""distance"":5,""physical_error_rate"":5e-05}","{""detection_events"":184831,""detectors_checked"":906952704,""obs_mistake_mask=E"":1}"
   2274304,         1,         0,    22.9,standalone_exact_mw,82025e6510dee7191a337377ca233259ac8dbd3ccaf9455e916f723ab2066810,"{""distance"":5,""physical_error_rate"":0.0001}","{""detection_events"":209651,""detectors_checked"":509444096,""obs_mistake_mask=E"":1}"
   3271680,         1,         0,    32.0,standalone_exact_mw,82025e6510dee7191a337377ca233259ac8dbd3ccaf9455e916f723ab2066810,"{""distance"":5,""physical_error_rate"":0.0001}","{""detection_events"":301554,""detectors_checked"":732856320,""obs_mistake_mask=E"":1}"
   2919424,         0,         0,    22.9,standalone_exact_mw,352a3c59735d25dbe5889f513341a2cd2ff9414321bd3c07faf1c3217f623e8c,"{""distance"":5,""physical_error_rate"":5e-05}","{""detection_events"":134434,""detectors_checked"":653950976}"
    195584,       116,         0,    32.2,standalone_exact_mw,66176dfa0edb1b91f153995b3e04cb00912080f83721647eefdac2e2d96d98b0,"{""distance"":5,""physical_error_rate"":0.005}","{""detection_events"":875886,""detectors_checked"":43810816,""obs_mistake_mask=E"":116}"
     40960,         0,         0,    32.8,standalone_exact_mw,af3bdaf1e2a77998ab67ff9e67a4429848721a57eb3f28bee3f98b2e28b36bb7,"{""distance"":5,""physical_error_rate"":0.001}","{""detection_events"":37060,""detectors_checked"":9175040}"
    802816,         7,         0,    32.2,standalone_exact_mw,af3bdaf1e2a77998ab67ff9e67a4429848721a57eb3f28bee3f98b2e28b36bb7,"{""distance"":5,""physical_error_rate"":0.001}","{""detection_events"":735996,""detectors_checked"":179830784,""obs_mistake_mask=E"":7}"
    128000,         0,         0,    32.4,standalone_exact_mw,000a12f67b6d2f9febee6f900216609acb0c5281b533fe6e35129362572a0912,"{""distance"":5,""physical_error_rate"":0.0002}","{""detection_events"":23540,""detectors_checked"":28672000}"
     82944,         1,         0,    32.1,standalone_exact_mw,7a8ab0d03b7ead21ed40b3e2556c734d992a86585a3d666abe35fd996793b7e5,"{""distance"":5,""physical_error_rate"":0.0005}","{""detection_events"":37781,""detectors_checked"":18579456,""obs_mistake_mask=E"":1}"
    208896,         0,         0,    32.1,standalone_exact_mw,352a3c59735d25dbe5889f513341a2cd2ff9414321bd3c07faf1c3217f623e8c,"{""distance"":5,""physical_error_rate"":5e-05}","{""detection_events"":9495,""detectors_checked"":46792704}"
    595968,         0,         0,    31.9,standalone_exact_mw,82025e6510dee7191a337377ca233259ac8dbd3ccaf9455e916f723ab2066810,"{""distance"":5,""physical_error_rate"":0.0001}","{""detection_events"":54825,""detectors_checked"":133496832}"
    447488,        30,         0,    32.2,standalone_exact_mw,7e19e1ad41727a9cde3cbef4506ed3530b76f68cf04f4bd50bdb209f12ed436c,"{""distance"":5,""physical_error_rate"":0.002}","{""detection_events"":812850,""detectors_checked"":100237312,""obs_mistake_mask=E"":30}"
    435200,         0,         0,    23.0,standalone_exact_mw,000a12f67b6d2f9febee6f900216609acb0c5281b533fe6e35129362572a0912,"{""distance"":5,""physical_error_rate"":0.0002}","{""detection_events"":79984,""detectors_checked"":97484800}"
    673792,         0,         0,    31.7,standalone_exact_mw,000a12f67b6d2f9febee6f900216609acb0c5281b533fe6e35129362572a0912,"{""distance"":5,""physical_error_rate"":0.0002}","{""detection_events"":123918,""detectors_checked"":150929408}"
    218112,         0,         0,    23.2,standalone_exact_mw,7a8ab0d03b7ead21ed40b3e2556c734d992a86585a3d666abe35fd996793b7e5,"{""distance"":5,""physical_error_rate"":0.0005}","{""detection_events"":100930,""detectors_checked"":48857088}"
     41472,         1,         0,    32.2,standalone_exact_mw,7e19e1ad41727a9cde3cbef4506ed3530b76f68cf04f4bd50bdb209f12ed436c,"{""distance"":5,""physical_error_rate"":0.002}","{""detection_events"":76097,""detectors_checked"":9289728,""obs_mistake_mask=E"":1}"
     23040,         3,         0,    32.7,standalone_exact_mw,7e19e1ad41727a9cde3cbef4506ed3530b76f68cf04f4bd50bdb209f12ed436c,"{""distance"":5,""physical_error_rate"":0.002}","{""detection_events"":41795,""detectors_checked"":5160960,""obs_mistake_mask=E"":3}"
     43008,         1,         0,    32.9,standalone_exact_mw,af3bdaf1e2a77998ab67ff9e67a4429848721a57eb3f28bee3f98b2e28b36bb7,"{""distance"":5,""physical_error_rate"":0.001}","{""detection_events"":38770,""detectors_checked"":9633792,""obs_mistake_mask=E"":1}"
     15872,         1,         0,    23.3,standalone_exact_mw,7e19e1ad41727a9cde3cbef4506ed3530b76f68cf04f4bd50bdb209f12ed436c,"{""distance"":5,""physical_error_rate"":0.002}","{""detection_events"":29112,""detectors_checked"":3555328,""obs_mistake_mask=E"":1}"
     10240,         2,         0,    32.5,standalone_exact_mw,66176dfa0edb1b91f153995b3e04cb00912080f83721647eefdac2e2d96d98b0,"{""distance"":5,""physical_error_rate"":0.005}","{""detection_events"":45140,""detectors_checked"":2293760,""obs_mistake_mask=E"":2}"
     69632,         1,         0,    31.9,standalone_exact_mw,7a8ab0d03b7ead21ed40b3e2556c734d992a86585a3d666abe35fd996793b7e5,"{""distance"":5,""physical_error_rate"":0.0005}","{""detection_events"":32125,""detectors_checked"":15597568,""obs_mistake_mask=E"":1}"
      9728,        10,         0,    32.9,standalone_exact_mw,66176dfa0edb1b91f153995b3e04cb00912080f83721647eefdac2e2d96d98b0,"{""distance"":5,""physical_error_rate"":0.005}","{""detection_events"":43530,""detectors_checked"":2179072,""obs_mistake_mask=E"":10}"
   2502656,         3,         0,    32.1,standalone_exact_mw,000a12f67b6d2f9febee6f900216609acb0c5281b533fe6e35129362572a0912,"{""distance"":5,""physical_error_rate"":0.0002}","{""detection_events"":460968,""detectors_checked"":560594944,""obs_mistake_mask=E"":3}"
   1381376,         2,         0,    32.1,standalone_exact_mw,7a8ab0d03b7ead21ed40b3e2556c734d992a86585a3d666abe35fd996793b7e5,"{""distance"":5,""physical_error_rate"":0.0005}","{""detection_events"":635574,""detectors_checked"":309428224,""obs_mistake_mask=E"":2}"
    805888,         5,         0,    32.1,standalone_exact_mw,af3bdaf1e2a77998ab67ff9e67a4429848721a57eb3f28bee3f98b2e28b36bb7,"{""distance"":5,""physical_error_rate"":0.001}","{""detection_events"":735176,""detectors_checked"":180518912,""obs_mistake_mask=E"":5}"
    453632,        34,         0,    32.1,standalone_exact_mw,7e19e1ad41727a9cde3cbef4506ed3530b76f68cf04f4bd50bdb209f12ed436c,"{""distance"":5,""physical_error_rate"":0.002}","{""detection_events"":827715,""detectors_checked"":101613568,""obs_mistake_mask=E"":34}"
      9344,         6,         0,    32.6,standalone_exact_mw,66176dfa0edb1b91f153995b3e04cb00912080f83721647eefdac2e2d96d98b0,"{""distance"":5,""physical_error_rate"":0.005}","{""detection_events"":42172,""detectors_checked"":2093056,""obs_mistake_mask=E"":6}"
     27648,         1,         0,    23.5,standalone_exact_mw,af3bdaf1e2a77998ab67ff9e67a4429848721a57eb3f28bee3f98b2e28b36bb7,"{""distance"":5,""physical_error_rate"":0.001}","{""detection_events"":25297,""detectors_checked"":6193152,""obs_mistake_mask=E"":1}"
     12544,         9,         0,    32.7,standalone_exact_mw,66176dfa0edb1b91f153995b3e04cb00912080f83721647eefdac2e2d96d98b0,"{""distance"":5,""physical_error_rate"":0.005}","{""detection_events"":55661,""detectors_checked"":2809856,""obs_mistake_mask=E"":9}"
   3320832,         1,         0,    32.0,standalone_exact_mw,82025e6510dee7191a337377ca233259ac8dbd3ccaf9455e916f723ab2066810,"{""distance"":5,""physical_error_rate"":0.0001}","{""detection_events"":305812,""detectors_checked"":743866368,""obs_mistake_mask=E"":1}"
   4156416,         0,         0,    32.0,standalone_exact_mw,352a3c59735d25dbe5889f513341a2cd2ff9414321bd3c07faf1c3217f623e8c,"{""distance"":5,""physical_error_rate"":5e-05}","{""detection_events"":191260,""detectors_checked"":931037184}"
    407552,         0,         0,    32.1,standalone_exact_mw,000a12f67b6d2f9febee6f900216609acb0c5281b533fe6e35129362572a0912,"{""distance"":5,""physical_error_rate"":0.0002}","{""detection_events"":74517,""detectors_checked"":91291648}"
    215040,         0,         0,    32.2,standalone_exact_mw,7a8ab0d03b7ead21ed40b3e2556c734d992a86585a3d666abe35fd996793b7e5,"{""distance"":5,""physical_error_rate"":0.0005}","{""detection_events"":98116,""detectors_checked"":48168960}"
     20992,         3,         0,    32.4,standalone_exact_mw,7e19e1ad41727a9cde3cbef4506ed3530b76f68cf04f4bd50bdb209f12ed436c,"{""distance"":5,""physical_error_rate"":0.002}","{""detection_events"":38361,""detectors_checked"":4702208,""obs_mistake_mask=E"":3}"
   4703232,         1,         0,    44.9,standalone_exact_mw,82025e6510dee7191a337377ca233259ac8dbd3ccaf9455e916f723ab2066810,"{""distance"":5,""physical_error_rate"":0.0001}","{""detection_events"":432743,""detectors_checked"":1053523968,""obs_mistake_mask=E"":1}"
   5525504,         1,         0,    44.8,standalone_exact_mw,352a3c59735d25dbe5889f513341a2cd2ff9414321bd3c07faf1c3217f623e8c,"{""distance"":5,""physical_error_rate"":5e-05}","{""detection_events"":253630,""detectors_checked"":1237712896,""obs_mistake_mask=E"":1}"
   3526656,         1,         0,    44.9,standalone_exact_mw,000a12f67b6d2f9febee6f900216609acb0c5281b533fe6e35129362572a0912,"{""distance"":5,""physical_error_rate"":0.0002}","{""detection_events"":648645,""detectors_checked"":789970944,""obs_mistake_mask=E"":1}"
   1996800,         4,         0,    44.9,standalone_exact_mw,7a8ab0d03b7ead21ed40b3e2556c734d992a86585a3d666abe35fd996793b7e5,"{""distance"":5,""physical_error_rate"":0.0005}","{""detection_events"":918044,""detectors_checked"":447283200,""obs_mistake_mask=E"":4}"
   1129472,         8,         0,    45.0,standalone_exact_mw,af3bdaf1e2a77998ab67ff9e67a4429848721a57eb3f28bee3f98b2e28b36bb7,"{""distance"":5,""physical_error_rate"":0.001}","{""detection_events"":1031569,""detectors_checked"":253001728,""obs_mistake_mask=E"":8}"
   3574784,         1,         0,    44.9,standalone_exact_mw,000a12f67b6d2f9febee6f900216609acb0c5281b533fe6e35129362572a0912,"{""distance"":5,""physical_error_rate"":0.0002}","{""detection_events"":657231,""detectors_checked"":800751616,""obs_mistake_mask=E"":1}"
   1137664,        21,         0,    45.0,standalone_exact_mw,af3bdaf1e2a77998ab67ff9e67a4429848721a57eb3f28bee3f98b2e28b36bb7,"{""distance"":5,""physical_error_rate"":0.001}","{""detection_events"":1042971,""detectors_checked"":254836736,""obs_mistake_mask=E"":21}"
   1941504,         3,         0,    44.9,standalone_exact_mw,7a8ab0d03b7ead21ed40b3e2556c734d992a86585a3d666abe35fd996793b7e5,"{""distance"":5,""physical_error_rate"":0.0005}","{""detection_events"":889939,""detectors_checked"":434896896,""obs_mistake_mask=E"":3}"
    370688,         0,         0,    44.8,standalone_exact_mw,000a12f67b6d2f9febee6f900216609acb0c5281b533fe6e35129362572a0912,"{""distance"":5,""physical_error_rate"":0.0002}","{""detection_events"":67920,""detectors_checked"":83034112}"
    646144,        48,         0,    45.0,standalone_exact_mw,7e19e1ad41727a9cde3cbef4506ed3530b76f68cf04f4bd50bdb209f12ed436c,"{""distance"":5,""physical_error_rate"":0.002}","{""detection_events"":1175510,""detectors_checked"":144736256,""obs_mistake_mask=E"":48}"
    267264,         0,         0,    44.9,standalone_exact_mw,352a3c59735d25dbe5889f513341a2cd2ff9414321bd3c07faf1c3217f623e8c,"{""distance"":5,""physical_error_rate"":5e-05}","{""detection_events"":11870,""detectors_checked"":59867136}"
    275456,         0,         0,    44.7,standalone_exact_mw,352a3c59735d25dbe5889f513341a2cd2ff9414321bd3c07faf1c3217f623e8c,"{""distance"":5,""physical_error_rate"":5e-05}","{""detection_events"":12772,""detectors_checked"":61702144}"
    546816,         0,         0,    44.7,standalone_exact_mw,82025e6510dee7191a337377ca233259ac8dbd3ccaf9455e916f723ab2066810,"{""distance"":5,""physical_error_rate"":0.0001}","{""detection_events"":50328,""detectors_checked"":122486784}"
    643072,        49,         0,    45.1,standalone_exact_mw,7e19e1ad41727a9cde3cbef4506ed3530b76f68cf04f4bd50bdb209f12ed436c,"{""distance"":5,""physical_error_rate"":0.002}","{""detection_events"":1169444,""detectors_checked"":144048128,""obs_mistake_mask=E"":49}"
    217088,         0,         0,    44.9,standalone_exact_mw,82025e6510dee7191a337377ca233259ac8dbd3ccaf9455e916f723ab2066810,"{""distance"":5,""physical_error_rate"":0.0001}","{""detection_events"":20044,""detectors_checked"":48627712}"
    269312,       148,         0,    45.1,standalone_exact_mw,66176dfa0edb1b91f153995b3e04cb00912080f83721647eefdac2e2d96d98b0,"{""distance"":5,""physical_error_rate"":0.005}","{""detection_events"":1207564,""detectors_checked"":60325888,""obs_mistake_mask=E"":148}"
    267264,       159,         0,    43.7,standalone_exact_mw,66176dfa0edb1b91f153995b3e04cb00912080f83721647eefdac2e2d96d98b0,"{""distance"":5,""physical_error_rate"":0.005}","{""detection_events"":1196505,""detectors_checked"":59867136,""obs_mistake_mask=E"":159}"
     94208,         0,         0,    45.1,standalone_exact_mw,7a8ab0d03b7ead21ed40b3e2556c734d992a86585a3d666abe35fd996793b7e5,"{""distance"":5,""physical_error_rate"":0.0005}","{""detection_events"":43198,""detectors_checked"":21102592}"
      1024,         0,         0,   0.173,standalone_exact_mw,66176dfa0edb1b91f153995b3e04cb00912080f83721647eefdac2e2d96d98b0,"{""distance"":5,""physical_error_rate"":0.005}","{""detection_events"":4534,""detectors_checked"":229376}"
     10880,        10,         0,    39.0,standalone_exact_mw,66176dfa0edb1b91f153995b3e04cb00912080f83721647eefdac2e2d96d98b0,"{""distance"":5,""physical_error_rate"":0.005}","{""detection_events"":49202,""detectors_checked"":2437120,""obs_mistake_mask=E"":10}"
   5813248,         0,         0,    44.8,standalone_exact_mw,352a3c59735d25dbe5889f513341a2cd2ff9414321bd3c07faf1c3217f623e8c,"{""distance"":5,""physical_error_rate"":5e-05}","{""detection_events"":267786,""detectors_checked"":1302167552}"
      6400,         4,         0,    24.2,standalone_exact_mw,66176dfa0edb1b91f153995b3e04cb00912080f83721647eefdac2e2d96d98b0,"{""distance"":5,""physical_error_rate"":0.005}","{""detection_events"":28842,""detectors_checked"":1433600,""obs_mistake_mask=E"":4}"
   4719616,         0,         0,    44.9,standalone_exact_mw,82025e6510dee7191a337377ca233259ac8dbd3ccaf9455e916f723ab2066810,"{""distance"":5,""physical_error_rate"":0.0001}","{""detection_events"":432155,""detectors_checked"":1057193984}"
     11264,         6,         0,    37.7,standalone_exact_mw,66176dfa0edb1b91f153995b3e04cb00912080f83721647eefdac2e2d96d98b0,"{""distance"":5,""physical_error_rate"":0.005}","{""detection_events"":50659,""detectors_checked"":2523136,""obs_mistake_mask=E"":6}"
      9984,         6,         0,    35.0,standalone_exact_mw,66176dfa0edb1b91f153995b3e04cb00912080f83721647eefdac2e2d96d98b0,"{""distance"":5,""physical_error_rate"":0.005}","{""detection_events"":43985,""detectors_checked"":2236416,""obs_mistake_mask=E"":6}"
   5824512,         0,         0,    44.8,standalone_exact_mw,352a3c59735d25dbe5889f513341a2cd2ff9414321bd3c07faf1c3217f623e8c,"{""distance"":5,""physical_error_rate"":5e-05}","{""detection_events"":267304,""detectors_checked"":1304690688}"
   4760576,         0,         0,    44.9,standalone_exact_mw,82025e6510dee7191a337377ca233259ac8dbd3ccaf9455e916f723ab2066810,"{""distance"":5,""physical_error_rate"":0.0001}","{""detection_events"":438613,""detectors_checked"":1066369024}"
      1297,         0,         0,   0.010,standalone_exact_mw,82025e6510dee7191a337377ca233259ac8dbd3ccaf9455e916f723ab2066810,"{""distance"":5,""physical_error_rate"":0.0001}","{""detection_events"":120,""detectors_checked"":290528}"
      1024,         0,         0,   0.011,standalone_exact_mw,82025e6510dee7191a337377ca233259ac8dbd3ccaf9455e916f723ab2066810,"{""distance"":5,""physical_error_rate"":0.0001}","{""detection_events"":107,""detectors_checked"":229376}"
      1297,         0,         0,   0.024,standalone_exact_mw,352a3c59735d25dbe5889f513341a2cd2ff9414321bd3c07faf1c3217f623e8c,"{""distance"":5,""physical_error_rate"":5e-05}","{""detection_events"":90,""detectors_checked"":290528}"
       273,         0,         0,   0.022,standalone_exact_mw,7a8ab0d03b7ead21ed40b3e2556c734d992a86585a3d666abe35fd996793b7e5,"{""distance"":5,""physical_error_rate"":0.0005}","{""detection_events"":151,""detectors_checked"":61152}"
      1024,         0,         0,   0.025,standalone_exact_mw,82025e6510dee7191a337377ca233259ac8dbd3ccaf9455e916f723ab2066810,"{""distance"":5,""physical_error_rate"":0.0001}","{""detection_events"":129,""detectors_checked"":229376}"
      1297,         0,         0,   0.030,standalone_exact_mw,000a12f67b6d2f9febee6f900216609acb0c5281b533fe6e35129362572a0912,"{""distance"":5,""physical_error_rate"":0.0002}","{""detection_events"":186,""detectors_checked"":290528}"
         1,         0,         0,   0.000,standalone_exact_mw,af3bdaf1e2a77998ab67ff9e67a4429848721a57eb3f28bee3f98b2e28b36bb7,"{""distance"":5,""physical_error_rate"":0.001}","{""detectors_checked"":224}"
      2048,         0,         0,   0.031,standalone_exact_mw,82025e6510dee7191a337377ca233259ac8dbd3ccaf9455e916f723ab2066810,"{""distance"":5,""physical_error_rate"":0.0001}","{""detection_events"":171,""detectors_checked"":458752}"
      2048,         0,         0,   0.044,standalone_exact_mw,352a3c59735d25dbe5889f513341a2cd2ff9414321bd3c07faf1c3217f623e8c,"{""distance"":5,""physical_error_rate"":5e-05}","{""detection_events"":119,""detectors_checked"":458752}"
     38912,         1,         0,    32.3,standalone_exact_mw,af3bdaf1e2a77998ab67ff9e67a4429848721a57eb3f28bee3f98b2e28b36bb7,"{""distance"":5,""physical_error_rate"":0.001}","{""detection_events"":35374,""detectors_checked"":8716288,""obs_mistake_mask=E"":1}"
      1024,         0,         0,   0.055,standalone_exact_mw,7a8ab0d03b7ead21ed40b3e2556c734d992a86585a3d666abe35fd996793b7e5,"{""distance"":5,""physical_error_rate"":0.0005}","{""detection_events"":538,""detectors_checked"":229376}"
      1024,         0,         0,   0.026,standalone_exact_mw,000a12f67b6d2f9febee6f900216609acb0c5281b533fe6e35129362572a0912,"{""distance"":5,""physical_error_rate"":0.0002}","{""detection_events"":194,""detectors_checked"":229376}"
      2048,         0,         0,   0.030,standalone_exact_mw,352a3c59735d25dbe5889f513341a2cd2ff9414321bd3c07faf1c3217f623e8c,"{""distance"":5,""physical_error_rate"":5e-05}","{""detection_events"":112,""detectors_checked"":458752}"
      1024,         0,         0,   0.024,standalone_exact_mw,000a12f67b6d2f9febee6f900216609acb0c5281b533fe6e35129362572a0912,"{""distance"":5,""physical_error_rate"":0.0002}","{""detection_events"":157,""detectors_checked"":229376}"
      1024,         0,         0,   0.032,standalone_exact_mw,7a8ab0d03b7ead21ed40b3e2556c734d992a86585a3d666abe35fd996793b7e5,"{""distance"":5,""physical_error_rate"":0.0005}","{""detection_events"":449,""detectors_checked"":229376}"
      3072,         0,         0,   0.055,standalone_exact_mw,82025e6510dee7191a337377ca233259ac8dbd3ccaf9455e916f723ab2066810,"{""distance"":5,""physical_error_rate"":0.0001}","{""detection_events"":271,""detectors_checked"":688128}"
      2048,         0,         0,   0.028,standalone_exact_mw,352a3c59735d25dbe5889f513341a2cd2ff9414321bd3c07faf1c3217f623e8c,"{""distance"":5,""physical_error_rate"":5e-05}","{""detection_events"":85,""detectors_checked"":458752}"
      1024,         0,         0,   0.028,standalone_exact_mw,000a12f67b6d2f9febee6f900216609acb0c5281b533fe6e35129362572a0912,"{""distance"":5,""physical_error_rate"":0.0002}","{""detection_events"":149,""detectors_checked"":229376}"
      1296,         0,         0,   0.096,standalone_exact_mw,af3bdaf1e2a77998ab67ff9e67a4429848721a57eb3f28bee3f98b2e28b36bb7,"{""distance"":5,""physical_error_rate"":0.001}","{""detection_events"":1106,""detectors_checked"":290304}"
      1024,         0,         0,   0.052,standalone_exact_mw,7a8ab0d03b7ead21ed40b3e2556c734d992a86585a3d666abe35fd996793b7e5,"{""distance"":5,""physical_error_rate"":0.0005}","{""detection_events"":445,""detectors_checked"":229376}"
      2048,         0,         0,   0.054,standalone_exact_mw,82025e6510dee7191a337377ca233259ac8dbd3ccaf9455e916f723ab2066810,"{""distance"":5,""physical_error_rate"":0.0001}","{""detection_events"":218,""detectors_checked"":458752}"
      3072,         0,         0,   0.050,standalone_exact_mw,352a3c59735d25dbe5889f513341a2cd2ff9414321bd3c07faf1c3217f623e8c,"{""distance"":5,""physical_error_rate"":5e-05}","{""detection_events"":156,""detectors_checked"":688128}"
      2048,         0,         0,   0.054,standalone_exact_mw,000a12f67b6d2f9febee6f900216609acb0c5281b533fe6e35129362572a0912,"{""distance"":5,""physical_error_rate"":0.0002}","{""detection_events"":388,""detectors_checked"":458752}"
     77824,         3,         0,    45.0,standalone_exact_mw,af3bdaf1e2a77998ab67ff9e67a4429848721a57eb3f28bee3f98b2e28b36bb7,"{""distance"":5,""physical_error_rate"":0.001}","{""detection_events"":71365,""detectors_checked"":17432576,""obs_mistake_mask=E"":3}"
      1024,         0,         0,   0.048,standalone_exact_mw,7a8ab0d03b7ead21ed40b3e2556c734d992a86585a3d666abe35fd996793b7e5,"{""distance"":5,""physical_error_rate"":0.0005}","{""detection_events"":459,""detectors_checked"":229376}"
      1024,         0,         0,   0.078,standalone_exact_mw,af3bdaf1e2a77998ab67ff9e67a4429848721a57eb3f28bee3f98b2e28b36bb7,"{""distance"":5,""physical_error_rate"":0.001}","{""detection_events"":1005,""detectors_checked"":229376}"
      4096,         0,         0,   0.056,standalone_exact_mw,352a3c59735d25dbe5889f513341a2cd2ff9414321bd3c07faf1c3217f623e8c,"{""distance"":5,""physical_error_rate"":5e-05}","{""detection_events"":202,""detectors_checked"":917504}"
      3072,         0,         0,   0.056,standalone_exact_mw,000a12f67b6d2f9febee6f900216609acb0c5281b533fe6e35129362572a0912,"{""distance"":5,""physical_error_rate"":0.0002}","{""detection_events"":552,""detectors_checked"":688128}"
      3072,         0,         0,   0.076,standalone_exact_mw,82025e6510dee7191a337377ca233259ac8dbd3ccaf9455e916f723ab2066810,"{""distance"":5,""physical_error_rate"":0.0001}","{""detection_events"":303,""detectors_checked"":688128}"
   1149952,        17,         0,    45.0,standalone_exact_mw,af3bdaf1e2a77998ab67ff9e67a4429848721a57eb3f28bee3f98b2e28b36bb7,"{""distance"":5,""physical_error_rate"":0.001}","{""detection_events"":1051402,""detectors_checked"":257589248,""obs_mistake_mask=E"":17}"
      2048,         0,         0,   0.087,standalone_exact_mw,7a8ab0d03b7ead21ed40b3e2556c734d992a86585a3d666abe35fd996793b7e5,"{""distance"":5,""physical_error_rate"":0.0005}","{""detection_events"":917,""detectors_checked"":458752}"
      5120,         0,         0,   0.075,standalone_exact_mw,352a3c59735d25dbe5889f513341a2cd2ff9414321bd3c07faf1c3217f623e8c,"{""distance"":5,""physical_error_rate"":5e-05}","{""detection_events"":237,""detectors_checked"":1146880}"
      1024,         0,         0,   0.095,standalone_exact_mw,af3bdaf1e2a77998ab67ff9e67a4429848721a57eb3f28bee3f98b2e28b36bb7,"{""distance"":5,""physical_error_rate"":0.001}","{""detection_events"":952,""detectors_checked"":229376}"
      4096,         0,         0,   0.096,standalone_exact_mw,000a12f67b6d2f9febee6f900216609acb0c5281b533fe6e35129362572a0912,"{""distance"":5,""physical_error_rate"":0.0002}","{""detection_events"":788,""detectors_checked"":917504}"
      6144,         0,         0,   0.125,standalone_exact_mw,82025e6510dee7191a337377ca233259ac8dbd3ccaf9455e916f723ab2066810,"{""distance"":5,""physical_error_rate"":0.0001}","{""detection_events"":626,""detectors_checked"":1376256}"
      2048,         0,         0,   0.097,standalone_exact_mw,7a8ab0d03b7ead21ed40b3e2556c734d992a86585a3d666abe35fd996793b7e5,"{""distance"":5,""physical_error_rate"":0.0005}","{""detection_events"":946,""detectors_checked"":458752}"
      1024,         0,         0,   0.076,standalone_exact_mw,af3bdaf1e2a77998ab67ff9e67a4429848721a57eb3f28bee3f98b2e28b36bb7,"{""distance"":5,""physical_error_rate"":0.001}","{""detection_events"":964,""detectors_checked"":229376}"
      7168,         0,         0,   0.126,standalone_exact_mw,352a3c59735d25dbe5889f513341a2cd2ff9414321bd3c07faf1c3217f623e8c,"{""distance"":5,""physical_error_rate"":5e-05}","{""detection_events"":296,""detectors_checked"":1605632}"
      5120,         0,         0,   0.131,standalone_exact_mw,000a12f67b6d2f9febee6f900216609acb0c5281b533fe6e35129362572a0912,"{""distance"":5,""physical_error_rate"":0.0002}","{""detection_events"":921,""detectors_checked"":1146880}"
      1024,         0,         0,   0.078,standalone_exact_mw,af3bdaf1e2a77998ab67ff9e67a4429848721a57eb3f28bee3f98b2e28b36bb7,"{""distance"":5,""physical_error_rate"":0.001}","{""detection_events"":973,""detectors_checked"":229376}"
      9216,         0,         0,   0.157,standalone_exact_mw,82025e6510dee7191a337377ca233259ac8dbd3ccaf9455e916f723ab2066810,"{""distance"":5,""physical_error_rate"":0.0001}","{""detection_events"":868,""detectors_checked"":2064384}"
      3072,         0,         0,   0.136,standalone_exact_mw,7a8ab0d03b7ead21ed40b3e2556c734d992a86585a3d666abe35fd996793b7e5,"{""distance"":5,""physical_error_rate"":0.0005}","{""detection_events"":1400,""detectors_checked"":688128}"
    163840,         0,         0,    44.7,standalone_exact_mw,000a12f67b6d2f9febee6f900216609acb0c5281b533fe6e35129362572a0912,"{""distance"":5,""physical_error_rate"":0.0002}","{""detection_events"":30615,""detectors_checked"":36700160}"
      1024,         0,         0,   0.108,standalone_exact_mw,af3bdaf1e2a77998ab67ff9e67a4429848721a57eb3f28bee3f98b2e28b36bb7,"{""distance"":5,""physical_error_rate"":0.001}","{""detection_events"":1026,""detectors_checked"":229376}"
     10240,         0,         0,   0.157,standalone_exact_mw,352a3c59735d25dbe5889f513341a2cd2ff9414321bd3c07faf1c3217f623e8c,"{""distance"":5,""physical_error_rate"":5e-05}","{""detection_events"":442,""detectors_checked"":2293760}"
      7168,         0,         0,   0.158,standalone_exact_mw,000a12f67b6d2f9febee6f900216609acb0c5281b533fe6e35129362572a0912,"{""distance"":5,""physical_error_rate"":0.0002}","{""detection_events"":1238,""detectors_checked"":1605632}"
      3072,         0,         0,   0.171,standalone_exact_mw,7a8ab0d03b7ead21ed40b3e2556c734d992a86585a3d666abe35fd996793b7e5,"{""distance"":5,""physical_error_rate"":0.0005}","{""detection_events"":1498,""detectors_checked"":688128}"
    124928,         0,         0,    44.9,standalone_exact_mw,7a8ab0d03b7ead21ed40b3e2556c734d992a86585a3d666abe35fd996793b7e5,"{""distance"":5,""physical_error_rate"":0.0005}","{""detection_events"":57343,""detectors_checked"":27983872}"
      2048,         0,         0,   0.142,standalone_exact_mw,af3bdaf1e2a77998ab67ff9e67a4429848721a57eb3f28bee3f98b2e28b36bb7,"{""distance"":5,""physical_error_rate"":0.001}","{""detection_events"":1828,""detectors_checked"":458752}"
     10240,         0,         0,   0.207,standalone_exact_mw,82025e6510dee7191a337377ca233259ac8dbd3ccaf9455e916f723ab2066810,"{""distance"":5,""physical_error_rate"":0.0001}","{""detection_events"":955,""detectors_checked"":2293760}"
     13312,         0,         0,   0.195,standalone_exact_mw,352a3c59735d25dbe5889f513341a2cd2ff9414321bd3c07faf1c3217f623e8c,"{""distance"":5,""physical_error_rate"":5e-05}","{""detection_events"":592,""detectors_checked"":2981888}"
     10240,         0,         0,   0.231,standalone_exact_mw,000a12f67b6d2f9febee6f900216609acb0c5281b533fe6e35129362572a0912,"{""distance"":5,""physical_error_rate"":0.0002}","{""detection_events"":1949,""detectors_checked"":2293760}"
      2048,         0,         0,   0.165,standalone_exact_mw,af3bdaf1e2a77998ab67ff9e67a4429848721a57eb3f28bee3f98b2e28b36bb7,"{""distance"":5,""physical_error_rate"":0.001}","{""detection_events"":1961,""detectors_checked"":458752}"
      5120,         0,         0,   0.212,standalone_exact_mw,7a8ab0d03b7ead21ed40b3e2556c734d992a86585a3d666abe35fd996793b7e5,"{""distance"":5,""physical_error_rate"":0.0005}","{""detection_events"":2188,""detectors_checked"":1146880}"
     15360,         0,         0,   0.294,standalone_exact_mw,82025e6510dee7191a337377ca233259ac8dbd3ccaf9455e916f723ab2066810,"{""distance"":5,""physical_error_rate"":0.0001}","{""detection_events"":1427,""detectors_checked"":3440640}"
    277504,         0,         0,    44.7,standalone_exact_mw,352a3c59735d25dbe5889f513341a2cd2ff9414321bd3c07faf1c3217f623e8c,"{""distance"":5,""physical_error_rate"":5e-05}","{""detection_events"":12262,""detectors_checked"":62160896}"
     19456,         0,         0,   0.308,standalone_exact_mw,352a3c59735d25dbe5889f513341a2cd2ff9414321bd3c07faf1c3217f623e8c,"{""distance"":5,""physical_error_rate"":5e-05}","{""detection_events"":1032,""detectors_checked"":4358144}"
     12288,         0,         0,   0.294,standalone_exact_mw,000a12f67b6d2f9febee6f900216609acb0c5281b533fe6e35129362572a0912,"{""distance"":5,""physical_error_rate"":0.0002}","{""detection_events"":2327,""detectors_checked"":2752512}"
      3072,         0,         0,   0.265,standalone_exact_mw,af3bdaf1e2a77998ab67ff9e67a4429848721a57eb3f28bee3f98b2e28b36bb7,"{""distance"":5,""physical_error_rate"":0.001}","{""detection_events"":2742,""detectors_checked"":688128}"
      8192,         0,         0,   0.313,standalone_exact_mw,7a8ab0d03b7ead21ed40b3e2556c734d992a86585a3d666abe35fd996793b7e5,"{""distance"":5,""physical_error_rate"":0.0005}","{""detection_events"":3726,""detectors_checked"":1835008}"
    323584,         0,         0,    44.8,standalone_exact_mw,82025e6510dee7191a337377ca233259ac8dbd3ccaf9455e916f723ab2066810,"{""distance"":5,""physical_error_rate"":0.0001}","{""detection_events"":29923,""detectors_checked"":72482816}"
    651264,        41,         0,    45.0,standalone_exact_mw,7e19e1ad41727a9cde3cbef4506ed3530b76f68cf04f4bd50bdb209f12ed436c,"{""distance"":5,""physical_error_rate"":0.002}","{""detection_events"":1184592,""detectors_checked"":145883136,""obs_mistake_mask=E"":41}"
     23552,         0,         0,   0.415,standalone_exact_mw,82025e6510dee7191a337377ca233259ac8dbd3ccaf9455e916f723ab2066810,"{""distance"":5,""physical_error_rate"":0.0001}","{""detection_events"":2208,""detectors_checked"":5275648}"
      4096,         0,         0,   0.325,standalone_exact_mw,af3bdaf1e2a77998ab67ff9e67a4429848721a57eb3f28bee3f98b2e28b36bb7,"{""distance"":5,""physical_error_rate"":0.001}","{""detection_events"":3772,""detectors_checked"":917504}"
     45056,         0,         0,   0.404,standalone_exact_mw,352a3c59735d25dbe5889f513341a2cd2ff9414321bd3c07faf1c3217f623e8c,"{""distance"":5,""physical_error_rate"":5e-05}","{""detection_events"":2069,""detectors_checked"":10092544}"
     15360,         0,         0,   0.420,standalone_exact_mw,000a12f67b6d2f9febee6f900216609acb0c5281b533fe6e35129362572a0912,"{""distance"":5,""physical_error_rate"":0.0002}","{""detection_events"":2849,""detectors_checked"":3440640}"
      9216,         0,         0,   0.411,standalone_exact_mw,7a8ab0d03b7ead21ed40b3e2556c734d992a86585a3d666abe35fd996793b7e5,"{""distance"":5,""physical_error_rate"":0.0005}","{""detection_events"":4095,""detectors_checked"":2064384}"
    273408,         0,         0,    44.9,standalone_exact_mw,000a12f67b6d2f9febee6f900216609acb0c5281b533fe6e35129362572a0912,"{""distance"":5,""physical_error_rate"":0.0002}","{""detection_events"":50804,""detectors_checked"":61243392}"
      6144,         0,         0,   0.473,standalone_exact_mw,af3bdaf1e2a77998ab67ff9e67a4429848721a57eb3f28bee3f98b2e28b36bb7,"{""distance"":5,""physical_error_rate"":0.001}","{""detection_events"":5420,""detectors_checked"":1376256}"
     28672,         0,         0,   0.576,standalone_exact_mw,82025e6510dee7191a337377ca233259ac8dbd3ccaf9455e916f723ab2066810,"{""distance"":5,""physical_error_rate"":0.0001}","{""detection_events"":2680,""detectors_checked"":6422528}"
     67584,         0,         0,   0.570,standalone_exact_mw,352a3c59735d25dbe5889f513341a2cd2ff9414321bd3c07faf1c3217f623e8c,"{""distance"":5,""physical_error_rate"":5e-05}","{""detection_events"":3069,""detectors_checked"":15138816}"
     24576,         0,         0,   0.592,standalone_exact_mw,000a12f67b6d2f9febee6f900216609acb0c5281b533fe6e35129362572a0912,"{""distance"":5,""physical_error_rate"":0.0002}","{""detection_events"":4338,""detectors_checked"":5505024}"
     12288,         0,         0,   0.586,standalone_exact_mw,7a8ab0d03b7ead21ed40b3e2556c734d992a86585a3d666abe35fd996793b7e5,"{""distance"":5,""physical_error_rate"":0.0005}","{""detection_events"":5704,""detectors_checked"":2752512}"
     29184,         1,         0,    45.0,standalone_exact_mw,7e19e1ad41727a9cde3cbef4506ed3530b76f68cf04f4bd50bdb209f12ed436c,"{""distance"":5,""physical_error_rate"":0.002}","{""detection_events"":53506,""detectors_checked"":6537216,""obs_mistake_mask=E"":1}"
      7168,         0,         0,   0.600,standalone_exact_mw,af3bdaf1e2a77998ab67ff9e67a4429848721a57eb3f28bee3f98b2e28b36bb7,"{""distance"":5,""physical_error_rate"":0.001}","{""detection_events"":6511,""detectors_checked"":1605632}"
     43008,         0,         0,   0.810,standalone_exact_mw,82025e6510dee7191a337377ca233259ac8dbd3ccaf9455e916f723ab2066810,"{""distance"":5,""physical_error_rate"":0.0001}","{""detection_events"":3939,""detectors_checked"":9633792}"
    100352,         0,         0,   0.799,standalone_exact_mw,352a3c59735d25dbe5889f513341a2cd2ff9414321bd3c07faf1c3217f623e8c,"{""distance"":5,""physical_error_rate"":5e-05}","{""detection_events"":4558,""detectors_checked"":22478848}"
     32768,         0,         0,   0.808,standalone_exact_mw,000a12f67b6d2f9febee6f900216609acb0c5281b533fe6e35129362572a0912,"{""distance"":5,""physical_error_rate"":0.0002}","{""detection_events"":5969,""detectors_checked"":7340032}"
     17408,         0,         0,   0.804,standalone_exact_mw,7a8ab0d03b7ead21ed40b3e2556c734d992a86585a3d666abe35fd996793b7e5,"{""distance"":5,""physical_error_rate"":0.0005}","{""detection_events"":7730,""detectors_checked"":3899392}"
     30208,         1,         0,    45.4,standalone_exact_mw,7e19e1ad41727a9cde3cbef4506ed3530b76f68cf04f4bd50bdb209f12ed436c,"{""distance"":5,""physical_error_rate"":0.002}","{""detection_events"":54802,""detectors_checked"":6766592,""obs_mistake_mask=E"":1}"
     10240,         0,         0,   0.812,standalone_exact_mw,af3bdaf1e2a77998ab67ff9e67a4429848721a57eb3f28bee3f98b2e28b36bb7,"{""distance"":5,""physical_error_rate"":0.001}","{""detection_events"":9356,""detectors_checked"":2293760}"
     57344,         0,         0,    45.5,standalone_exact_mw,af3bdaf1e2a77998ab67ff9e67a4429848721a57eb3f28bee3f98b2e28b36bb7,"{""distance"":5,""physical_error_rate"":0.001}","{""detection_events"":52561,""detectors_checked"":12845056}"
       273,         0,         0,   0.227,standalone_exact_mw,7e19e1ad41727a9cde3cbef4506ed3530b76f68cf04f4bd50bdb209f12ed436c,"{""distance"":5,""physical_error_rate"":0.002}","{""detection_events"":453,""detectors_checked"":61152}"
     59392,         0,         0,    1.11,standalone_exact_mw,82025e6510dee7191a337377ca233259ac8dbd3ccaf9455e916f723ab2066810,"{""distance"":5,""physical_error_rate"":0.0001}","{""detection_events"":5310,""detectors_checked"":13303808}"
    130048,         0,         0,    1.11,standalone_exact_mw,352a3c59735d25dbe5889f513341a2cd2ff9414321bd3c07faf1c3217f623e8c,"{""distance"":5,""physical_error_rate"":5e-05}","{""detection_events"":6072,""detectors_checked"":29130752}"
     45056,         0,         0,    1.13,standalone_exact_mw,000a12f67b6d2f9febee6f900216609acb0c5281b533fe6e35129362572a0912,"{""distance"":5,""physical_error_rate"":0.0002}","{""detection_events"":8041,""detectors_checked"":10092544}"
     23552,         0,         0,    1.11,standalone_exact_mw,7a8ab0d03b7ead21ed40b3e2556c734d992a86585a3d666abe35fd996793b7e5,"{""distance"":5,""physical_error_rate"":0.0005}","{""detection_events"":10877,""detectors_checked"":5275648}"
     14336,         1,         0,    1.19,standalone_exact_mw,af3bdaf1e2a77998ab67ff9e67a4429848721a57eb3f28bee3f98b2e28b36bb7,"{""distance"":5,""physical_error_rate"":0.001}","{""detection_events"":13209,""detectors_checked"":3211264,""obs_mistake_mask=E"":1}"
       512,         0,         0,   0.787,standalone_exact_mw,7e19e1ad41727a9cde3cbef4506ed3530b76f68cf04f4bd50bdb209f12ed436c,"{""distance"":5,""physical_error_rate"":0.002}","{""detection_events"":902,""detectors_checked"":114688}"
       512,         0,         0,   0.562,standalone_exact_mw,7e19e1ad41727a9cde3cbef4506ed3530b76f68cf04f4bd50bdb209f12ed436c,"{""distance"":5,""physical_error_rate"":0.002}","{""detection_events"":961,""detectors_checked"":114688}"
    144384,         0,         0,    1.56,standalone_exact_mw,82025e6510dee7191a337377ca233259ac8dbd3ccaf9455e916f723ab2066810,"{""distance"":5,""physical_error_rate"":0.0001}","{""detection_events"":13368,""detectors_checked"":32342016}"
    192512,         0,         0,    1.55,standalone_exact_mw,352a3c59735d25dbe5889f513341a2cd2ff9414321bd3c07faf1c3217f623e8c,"{""distance"":5,""physical_error_rate"":5e-05}","{""detection_events"":8705,""detectors_checked"":43122688}"
     95232,         0,         0,    44.8,standalone_exact_mw,7a8ab0d03b7ead21ed40b3e2556c734d992a86585a3d666abe35fd996793b7e5,"{""distance"":5,""physical_error_rate"":0.0005}","{""detection_events"":43150,""detectors_checked"":21331968}"
     62464,         0,         0,    1.57,standalone_exact_mw,000a12f67b6d2f9febee6f900216609acb0c5281b533fe6e35129362572a0912,"{""distance"":5,""physical_error_rate"":0.0002}","{""detection_events"":11683,""detectors_checked"":13991936}"
     27648,         0,         0,    1.63,standalone_exact_mw,7a8ab0d03b7ead21ed40b3e2556c734d992a86585a3d666abe35fd996793b7e5,"{""distance"":5,""physical_error_rate"":0.0005}","{""detection_events"":12278,""detectors_checked"":6193152}"
       512,         0,         0,   0.664,standalone_exact_mw,7e19e1ad41727a9cde3cbef4506ed3530b76f68cf04f4bd50bdb209f12ed436c,"{""distance"":5,""physical_error_rate"":0.002}","{""detection_events"":908,""detectors_checked"":114688}"
     20480,         0,         0,    1.63,standalone_exact_mw,af3bdaf1e2a77998ab67ff9e67a4429848721a57eb3f28bee3f98b2e28b36bb7,"{""distance"":5,""physical_error_rate"":0.001}","{""detection_events"":18090,""detectors_checked"":4587520}"
       512,         1,         0,   0.583,standalone_exact_mw,7e19e1ad41727a9cde3cbef4506ed3530b76f68cf04f4bd50bdb209f12ed436c,"{""distance"":5,""physical_error_rate"":0.002}","{""detection_events"":1026,""detectors_checked"":114688,""obs_mistake_mask=E"":1}"
       512,         0,         0,   0.581,standalone_exact_mw,7e19e1ad41727a9cde3cbef4506ed3530b76f68cf04f4bd50bdb209f12ed436c,"{""distance"":5,""physical_error_rate"":0.002}","{""detection_events"":811,""detectors_checked"":114688}"
    222208,         0,         0,    2.17,standalone_exact_mw,82025e6510dee7191a337377ca233259ac8dbd3ccaf9455e916f723ab2066810,"{""distance"":5,""physical_error_rate"":0.0001}","{""detection_events"":20699,""detectors_checked"":49774592}"
    264192,         0,         0,    2.18,standalone_exact_mw,352a3c59735d25dbe5889f513341a2cd2ff9414321bd3c07faf1c3217f623e8c,"{""distance"":5,""physical_error_rate"":5e-05}","{""detection_events"":11909,""detectors_checked"":59179008}"
       512,         0,         0,   0.726,standalone_exact_mw,7e19e1ad41727a9cde3cbef4506ed3530b76f68cf04f4bd50bdb209f12ed436c,"{""distance"":5,""physical_error_rate"":0.002}","{""detection_events"":982,""detectors_checked"":114688}"
     84992,         0,         0,    2.18,standalone_exact_mw,000a12f67b6d2f9febee6f900216609acb0c5281b533fe6e35129362572a0912,"{""distance"":5,""physical_error_rate"":0.0002}","{""detection_events"":15810,""detectors_checked"":19038208}"
   3521536,         1,         0,    44.9,standalone_exact_mw,000a12f67b6d2f9febee6f900216609acb0c5281b533fe6e35129362572a0912,"{""distance"":5,""physical_error_rate"":0.0002}","{""detection_events"":647222,""detectors_checked"":788824064,""obs_mistake_mask=E"":1}"
   1979392,         5,         0,    44.9,standalone_exact_mw,7a8ab0d03b7ead21ed40b3e2556c734d992a86585a3d666abe35fd996793b7e5,"{""distance"":5,""physical_error_rate"":0.0005}","{""detection_events"":907730,""detectors_checked"":443383808,""obs_mistake_mask=E"":5}"
       512,         0,         0,   0.679,standalone_exact_mw,7e19e1ad41727a9cde3cbef4506ed3530b76f68cf04f4bd50bdb209f12ed436c,"{""distance"":5,""physical_error_rate"":0.002}","{""detection_events"":1018,""detectors_checked"":114688}"
   1143808,        14,         0,    45.0,standalone_exact_mw,af3bdaf1e2a77998ab67ff9e67a4429848721a57eb3f28bee3f98b2e28b36bb7,"{""distance"":5,""physical_error_rate"":0.001}","{""detection_events"":1044422,""detectors_checked"":256212992,""obs_mistake_mask=E"":14}"
     26624,         0,         0,    2.75,standalone_exact_mw,7a8ab0d03b7ead21ed40b3e2556c734d992a86585a3d666abe35fd996793b7e5,"{""distance"":5,""physical_error_rate"":0.0005}","{""detection_events"":12477,""detectors_checked"":5963776}"
     16384,         0,         0,    2.71,standalone_exact_mw,af3bdaf1e2a77998ab67ff9e67a4429848721a57eb3f28bee3f98b2e28b36bb7,"{""distance"":5,""physical_error_rate"":0.001}","{""detection_events"":15224,""detectors_checked"":3670016}"
    642048,        46,         0,    45.0,standalone_exact_mw,7e19e1ad41727a9cde3cbef4506ed3530b76f68cf04f4bd50bdb209f12ed436c,"{""distance"":5,""physical_error_rate"":0.002}","{""detection_events"":1168570,""detectors_checked"":143818752,""obs_mistake_mask=E"":46}"
       512,         0,         0,   0.836,standalone_exact_mw,7e19e1ad41727a9cde3cbef4506ed3530b76f68cf04f4bd50bdb209f12ed436c,"{""distance"":5,""physical_error_rate"":0.002}","{""detection_events"":940,""detectors_checked"":114688}"
       512,         1,         0,   0.957,standalone_exact_mw,7e19e1ad41727a9cde3cbef4506ed3530b76f68cf04f4bd50bdb209f12ed436c,"{""distance"":5,""physical_error_rate"":0.002}","{""detection_events"":949,""detectors_checked"":114688,""obs_mistake_mask=E"":1}"
    323584,         0,         0,    3.04,standalone_exact_mw,82025e6510dee7191a337377ca233259ac8dbd3ccaf9455e916f723ab2066810,"{""distance"":5,""physical_error_rate"":0.0001}","{""detection_events"":30452,""detectors_checked"":72482816}"
    394240,         0,         0,    3.04,standalone_exact_mw,352a3c59735d25dbe5889f513341a2cd2ff9414321bd3c07faf1c3217f623e8c,"{""distance"":5,""physical_error_rate"":5e-05}","{""detection_events"":18257,""detectors_checked"":88309760}"
     26624,         0,         0,    3.24,standalone_exact_mw,000a12f67b6d2f9febee6f900216609acb0c5281b533fe6e35129362572a0912,"{""distance"":5,""physical_error_rate"":0.0002}","{""detection_events"":4886,""detectors_checked"":5963776}"
       512,         0,         0,    1.07,standalone_exact_mw,7e19e1ad41727a9cde3cbef4506ed3530b76f68cf04f4bd50bdb209f12ed436c,"{""distance"":5,""physical_error_rate"":0.002}","{""detection_events"":923,""detectors_checked"":114688}"
      6144,         0,         0,    3.52,standalone_exact_mw,7a8ab0d03b7ead21ed40b3e2556c734d992a86585a3d666abe35fd996793b7e5,"{""distance"":5,""physical_error_rate"":0.0005}","{""detection_events"":2890,""detectors_checked"":1376256}"
       512,         0,         0,   0.947,standalone_exact_mw,7e19e1ad41727a9cde3cbef4506ed3530b76f68cf04f4bd50bdb209f12ed436c,"{""distance"":5,""physical_error_rate"":0.002}","{""detection_events"":889,""detectors_checked"":114688}"
      3072,         0,         0,    3.35,standalone_exact_mw,af3bdaf1e2a77998ab67ff9e67a4429848721a57eb3f28bee3f98b2e28b36bb7,"{""distance"":5,""physical_error_rate"":0.001}","{""detection_events"":2886,""detectors_checked"":688128}"
       512,         0,         0,   0.771,standalone_exact_mw,7e19e1ad41727a9cde3cbef4506ed3530b76f68cf04f4bd50bdb209f12ed436c,"{""distance"":5,""physical_error_rate"":0.002}","{""detection_events"":935,""detectors_checked"":114688}"
       512,         0,         0,   0.964,standalone_exact_mw,7e19e1ad41727a9cde3cbef4506ed3530b76f68cf04f4bd50bdb209f12ed436c,"{""distance"":5,""physical_error_rate"":0.002}","{""detection_events"":1016,""detectors_checked"":114688}"
    451584,         0,         0,    4.26,standalone_exact_mw,82025e6510dee7191a337377ca233259ac8dbd3ccaf9455e916f723ab2066810,"{""distance"":5,""physical_error_rate"":0.0001}","{""detection_events"":42198,""detectors_checked"":101154816}"
    550912,         0,         0,    4.26,standalone_exact_mw,352a3c59735d25dbe5889f513341a2cd2ff9414321bd3c07faf1c3217f623e8c,"{""distance"":5,""physical_error_rate"":5e-05}","{""detection_events"":25476,""detectors_checked"":123404288}"
     15360,         0,         0,    4.41,standalone_exact_mw,000a12f67b6d2f9febee6f900216609acb0c5281b533fe6e35129362572a0912,"{""distance"":5,""physical_error_rate"":0.0002}","{""detection_events"":3012,""detectors_checked"":3440640}"
      1024,         0,         0,    1.73,standalone_exact_mw,7e19e1ad41727a9cde3cbef4506ed3530b76f68cf04f4bd50bdb209f12ed436c,"{""distance"":5,""physical_error_rate"":0.002}","{""detection_events"":1832,""detectors_checked"":229376}"
      5120,         0,         0,    4.58,standalone_exact_mw,af3bdaf1e2a77998ab67ff9e67a4429848721a57eb3f28bee3f98b2e28b36bb7,"{""distance"":5,""physical_error_rate"":0.001}","{""detection_events"":4930,""detectors_checked"":1146880}"
      8192,         0,         0,    4.70,standalone_exact_mw,7a8ab0d03b7ead21ed40b3e2556c734d992a86585a3d666abe35fd996793b7e5,"{""distance"":5,""physical_error_rate"":0.0005}","{""detection_events"":3551,""detectors_checked"":1835008}"
      1024,         0,         0,    1.73,standalone_exact_mw,7e19e1ad41727a9cde3cbef4506ed3530b76f68cf04f4bd50bdb209f12ed436c,"{""distance"":5,""physical_error_rate"":0.002}","{""detection_events"":1952,""detectors_checked"":229376}"
      1536,         0,         0,    2.67,standalone_exact_mw,7e19e1ad41727a9cde3cbef4506ed3530b76f68cf04f4bd50bdb209f12ed436c,"{""distance"":5,""physical_error_rate"":0.002}","{""detection_events"":2894,""detectors_checked"":344064}"
    636928,         0,         0,    5.96,standalone_exact_mw,82025e6510dee7191a337377ca233259ac8dbd3ccaf9455e916f723ab2066810,"{""distance"":5,""physical_error_rate"":0.0001}","{""detection_events"":57994,""detectors_checked"":142671872}"
    773120,         0,         0,    5.95,standalone_exact_mw,352a3c59735d25dbe5889f513341a2cd2ff9414321bd3c07faf1c3217f623e8c,"{""distance"":5,""physical_error_rate"":5e-05}","{""detection_events"":35232,""detectors_checked"":173178880}"
     53248,         0,         0,    5.91,standalone_exact_mw,000a12f67b6d2f9febee6f900216609acb0c5281b533fe6e35129362572a0912,"{""distance"":5,""physical_error_rate"":0.0002}","{""detection_events"":9527,""detectors_checked"":11927552}"
     24576,         0,         0,    5.95,standalone_exact_mw,af3bdaf1e2a77998ab67ff9e67a4429848721a57eb3f28bee3f98b2e28b36bb7,"{""distance"":5,""physical_error_rate"":0.001}","{""detection_events"":21988,""detectors_checked"":5505024}"
     18432,         0,         0,    5.92,standalone_exact_mw,7a8ab0d03b7ead21ed40b3e2556c734d992a86585a3d666abe35fd996793b7e5,"{""distance"":5,""physical_error_rate"":0.0005}","{""detection_events"":8586,""detectors_checked"":4128768}"
      2560,         0,         0,    3.53,standalone_exact_mw,7e19e1ad41727a9cde3cbef4506ed3530b76f68cf04f4bd50bdb209f12ed436c,"{""distance"":5,""physical_error_rate"":0.002}","{""detection_events"":4731,""detectors_checked"":573440}"
      3584,         0,         0,    4.73,standalone_exact_mw,7e19e1ad41727a9cde3cbef4506ed3530b76f68cf04f4bd50bdb209f12ed436c,"{""distance"":5,""physical_error_rate"":0.002}","{""detection_events"":6314,""detectors_checked"":802816}"
    822272,         0,         0,    8.34,standalone_exact_mw,82025e6510dee7191a337377ca233259ac8dbd3ccaf9455e916f723ab2066810,"{""distance"":5,""physical_error_rate"":0.0001}","{""detection_events"":75700,""detectors_checked"":184188928}"
   1020928,         0,         0,    8.34,standalone_exact_mw,352a3c59735d25dbe5889f513341a2cd2ff9414321bd3c07faf1c3217f623e8c,"{""distance"":5,""physical_error_rate"":5e-05}","{""detection_events"":46290,""detectors_checked"":228687872}"
    191488,         0,         0,    8.35,standalone_exact_mw,000a12f67b6d2f9febee6f900216609acb0c5281b533fe6e35129362572a0912,"{""distance"":5,""physical_error_rate"":0.0002}","{""detection_events"":35082,""detectors_checked"":42893312}"
     93184,         0,         0,    8.39,standalone_exact_mw,af3bdaf1e2a77998ab67ff9e67a4429848721a57eb3f28bee3f98b2e28b36bb7,"{""distance"":5,""physical_error_rate"":0.001}","{""detection_events"":85588,""detectors_checked"":20873216}"
     84992,         0,         0,    8.55,standalone_exact_mw,7a8ab0d03b7ead21ed40b3e2556c734d992a86585a3d666abe35fd996793b7e5,"{""distance"":5,""physical_error_rate"":0.0005}","{""detection_events"":39049,""detectors_checked"":19038208}"
   4596736,         0,         0,    44.9,standalone_exact_mw,82025e6510dee7191a337377ca233259ac8dbd3ccaf9455e916f723ab2066810,"{""distance"":5,""physical_error_rate"":0.0001}","{""detection_events"":422964,""detectors_checked"":1029668864}"
   5661696,         0,         0,    44.8,standalone_exact_mw,352a3c59735d25dbe5889f513341a2cd2ff9414321bd3c07faf1c3217f623e8c,"{""distance"":5,""physical_error_rate"":5e-05}","{""detection_events"":260042,""detectors_checked"":1268219904}"
    172032,         0,         0,    44.8,standalone_exact_mw,000a12f67b6d2f9febee6f900216609acb0c5281b533fe6e35129362572a0912,"{""distance"":5,""physical_error_rate"":0.0002}","{""detection_events"":31928,""detectors_checked"":38535168}"
    225280,         0,         0,    44.8,standalone_exact_mw,7a8ab0d03b7ead21ed40b3e2556c734d992a86585a3d666abe35fd996793b7e5,"{""distance"":5,""physical_error_rate"":0.0005}","{""detection_events"":103121,""detectors_checked"":50462720}"
      4608,         0,         0,    6.06,standalone_exact_mw,7e19e1ad41727a9cde3cbef4506ed3530b76f68cf04f4bd50bdb209f12ed436c,"{""distance"":5,""physical_error_rate"":0.002}","{""detection_events"":8301,""detectors_checked"":1032192}"
     31744,         3,         0,    45.6,standalone_exact_mw,7e19e1ad41727a9cde3cbef4506ed3530b76f68cf04f4bd50bdb209f12ed436c,"{""distance"":5,""physical_error_rate"":0.002}","{""detection_events"":57127,""detectors_checked"":7110656,""obs_mistake_mask=E"":3}"
   1178624,         0,         0,    11.7,standalone_exact_mw,82025e6510dee7191a337377ca233259ac8dbd3ccaf9455e916f723ab2066810,"{""distance"":5,""physical_error_rate"":0.0001}","{""detection_events"":107086,""detectors_checked"":264011776}"
   1303552,         0,         0,    11.7,standalone_exact_mw,352a3c59735d25dbe5889f513341a2cd2ff9414321bd3c07faf1c3217f623e8c,"{""distance"":5,""physical_error_rate"":5e-05}","{""detection_events"":59869,""detectors_checked"":291995648}"
    455680,         0,         0,    11.6,standalone_exact_mw,000a12f67b6d2f9febee6f900216609acb0c5281b533fe6e35129362572a0912,"{""distance"":5,""physical_error_rate"":0.0002}","{""detection_events"":83382,""detectors_checked"":102072320}"
      6144,         1,         0,    8.52,standalone_exact_mw,7e19e1ad41727a9cde3cbef4506ed3530b76f68cf04f4bd50bdb209f12ed436c,"{""distance"":5,""physical_error_rate"":0.002}","{""detection_events"":11476,""detectors_checked"":1376256,""obs_mistake_mask=E"":1}"
     26624,         0,         0,    11.8,standalone_exact_mw,7a8ab0d03b7ead21ed40b3e2556c734d992a86585a3d666abe35fd996793b7e5,"{""distance"":5,""physical_error_rate"":0.0005}","{""detection_events"":12003,""detectors_checked"":5963776}"
     64512,         1,         0,    12.0,standalone_exact_mw,af3bdaf1e2a77998ab67ff9e67a4429848721a57eb3f28bee3f98b2e28b36bb7,"{""distance"":5,""physical_error_rate"":0.001}","{""detection_events"":59007,""detectors_checked"":14450688,""obs_mistake_mask=E"":1}"
     60416,         1,         0,    45.8,standalone_exact_mw,af3bdaf1e2a77998ab67ff9e67a4429848721a57eb3f28bee3f98b2e28b36bb7,"{""distance"":5,""physical_error_rate"":0.001}","{""detection_events"":55246,""detectors_checked"":13533184,""obs_mistake_mask=E"":1}"
      9216,         0,         0,    12.2,standalone_exact_mw,7e19e1ad41727a9cde3cbef4506ed3530b76f68cf04f4bd50bdb209f12ed436c,"{""distance"":5,""physical_error_rate"":0.002}","{""detection_events"":16551,""detectors_checked"":2064384}"
   1667072,         0,         0,    16.3,standalone_exact_mw,82025e6510dee7191a337377ca233259ac8dbd3ccaf9455e916f723ab2066810,"{""distance"":5,""physical_error_rate"":0.0001}","{""detection_events"":153515,""detectors_checked"":373424128}"
   1965056,         0,         0,    16.3,standalone_exact_mw,352a3c59735d25dbe5889f513341a2cd2ff9414321bd3c07faf1c3217f623e8c,"{""distance"":5,""physical_error_rate"":5e-05}","{""detection_events"":90199,""detectors_checked"":440172544}"
    133120,         1,         0,    16.5,standalone_exact_mw,000a12f67b6d2f9febee6f900216609acb0c5281b533fe6e35129362572a0912,"{""distance"":5,""physical_error_rate"":0.0002}","{""detection_events"":24403,""detectors_checked"":29818880,""obs_mistake_mask=E"":1}"
   6379520,         0,         0,    62.8,standalone_exact_mw,82025e6510dee7191a337377ca233259ac8dbd3ccaf9455e916f723ab2066810,"{""distance"":5,""physical_error_rate"":0.0001}","{""detection_events"":586830,""detectors_checked"":1429012480}"
   7359488,         0,         0,    62.7,standalone_exact_mw,352a3c59735d25dbe5889f513341a2cd2ff9414321bd3c07faf1c3217f623e8c,"{""distance"":5,""physical_error_rate"":5e-05}","{""detection_events"":337078,""detectors_checked"":1648525312}"
   4840448,         3,         0,    62.8,standalone_exact_mw,000a12f67b6d2f9febee6f900216609acb0c5281b533fe6e35129362572a0912,"{""distance"":5,""physical_error_rate"":0.0002}","{""detection_events"":888649,""detectors_checked"":1084260352,""obs_mistake_mask=E"":3}"
   2705408,        12,         0,    62.9,standalone_exact_mw,7a8ab0d03b7ead21ed40b3e2556c734d992a86585a3d666abe35fd996793b7e5,"{""distance"":5,""physical_error_rate"":0.0005}","{""detection_events"":1240804,""detectors_checked"":606011392,""obs_mistake_mask=E"":12}"
   1545216,        18,         0,    62.9,standalone_exact_mw,af3bdaf1e2a77998ab67ff9e67a4429848721a57eb3f28bee3f98b2e28b36bb7,"{""distance"":5,""physical_error_rate"":0.001}","{""detection_events"":1411907,""detectors_checked"":346128384,""obs_mistake_mask=E"":18}"
   4822016,         3,         0,    62.9,standalone_exact_mw,000a12f67b6d2f9febee6f900216609acb0c5281b533fe6e35129362572a0912,"{""distance"":5,""physical_error_rate"":0.0002}","{""detection_events"":885232,""detectors_checked"":1080131584,""obs_mistake_mask=E"":3}"
   2716672,        13,         0,    62.9,standalone_exact_mw,7a8ab0d03b7ead21ed40b3e2556c734d992a86585a3d666abe35fd996793b7e5,"{""distance"":5,""physical_error_rate"":0.0005}","{""detection_events"":1243831,""detectors_checked"":608534528,""obs_mistake_mask=E"":13}"
   1529856,        19,         0,    63.0,standalone_exact_mw,af3bdaf1e2a77998ab67ff9e67a4429848721a57eb3f28bee3f98b2e28b36bb7,"{""distance"":5,""physical_error_rate"":0.001}","{""detection_events"":1400421,""detectors_checked"":342687744,""obs_mistake_mask=E"":19}"
     38912,         0,         0,    16.1,standalone_exact_mw,7a8ab0d03b7ead21ed40b3e2556c734d992a86585a3d666abe35fd996793b7e5,"{""distance"":5,""physical_error_rate"":0.0005}","{""detection_events"":18049,""detectors_checked"":8716288}"
    254976,         0,         0,    62.7,standalone_exact_mw,000a12f67b6d2f9febee6f900216609acb0c5281b533fe6e35129362572a0912,"{""distance"":5,""physical_error_rate"":0.0002}","{""detection_events"":45844,""detectors_checked"":57114624}"
    884736,        59,         0,    63.0,standalone_exact_mw,7e19e1ad41727a9cde3cbef4506ed3530b76f68cf04f4bd50bdb209f12ed436c,"{""distance"":5,""physical_error_rate"":0.002}","{""detection_events"":1609167,""detectors_checked"":198180864,""obs_mistake_mask=E"":59}"
   1838080,         0,         0,    62.7,standalone_exact_mw,352a3c59735d25dbe5889f513341a2cd2ff9414321bd3c07faf1c3217f623e8c,"{""distance"":5,""physical_error_rate"":5e-05}","{""detection_events"":84248,""detectors_checked"":411729920}"
    137216,         3,         0,    16.4,standalone_exact_mw,af3bdaf1e2a77998ab67ff9e67a4429848721a57eb3f28bee3f98b2e28b36bb7,"{""distance"":5,""physical_error_rate"":0.001}","{""detection_events"":126543,""detectors_checked"":30736384,""obs_mistake_mask=E"":3}"
    419840,         0,         0,    62.7,standalone_exact_mw,352a3c59735d25dbe5889f513341a2cd2ff9414321bd3c07faf1c3217f623e8c,"{""distance"":5,""physical_error_rate"":5e-05}","{""detection_events"":19373,""detectors_checked"":94044160}"
    609280,         0,         0,    62.6,standalone_exact_mw,82025e6510dee7191a337377ca233259ac8dbd3ccaf9455e916f723ab2066810,"{""distance"":5,""physical_error_rate"":0.0001}","{""detection_events"":55921,""detectors_checked"":136478720}"
    864256,        72,         0,    63.0,standalone_exact_mw,7e19e1ad41727a9cde3cbef4506ed3530b76f68cf04f4bd50bdb209f12ed436c,"{""distance"":5,""physical_error_rate"":0.002}","{""detection_events"":1568726,""detectors_checked"":193593344,""obs_mistake_mask=E"":72}"
    337920,         0,         0,    62.6,standalone_exact_mw,82025e6510dee7191a337377ca233259ac8dbd3ccaf9455e916f723ab2066810,"{""distance"":5,""physical_error_rate"":0.0001}","{""detection_events"":30764,""detectors_checked"":75694080}"
    142336,         0,         0,    63.0,standalone_exact_mw,7a8ab0d03b7ead21ed40b3e2556c734d992a86585a3d666abe35fd996793b7e5,"{""distance"":5,""physical_error_rate"":0.0005}","{""detection_events"":65422,""detectors_checked"":31883264}"
   7928832,         0,         0,    62.7,standalone_exact_mw,352a3c59735d25dbe5889f513341a2cd2ff9414321bd3c07faf1c3217f623e8c,"{""distance"":5,""physical_error_rate"":5e-05}","{""detection_events"":364770,""detectors_checked"":1776058368}"
   6334464,         0,         0,    62.8,standalone_exact_mw,82025e6510dee7191a337377ca233259ac8dbd3ccaf9455e916f723ab2066810,"{""distance"":5,""physical_error_rate"":0.0001}","{""detection_events"":581583,""detectors_checked"":1418919936}"
   7826432,         1,         0,    62.7,standalone_exact_mw,352a3c59735d25dbe5889f513341a2cd2ff9414321bd3c07faf1c3217f623e8c,"{""distance"":5,""physical_error_rate"":5e-05}","{""detection_events"":358290,""detectors_checked"":1753120768,""obs_mistake_mask=E"":1}"
   6276096,         1,         0,    62.8,standalone_exact_mw,82025e6510dee7191a337377ca233259ac8dbd3ccaf9455e916f723ab2066810,"{""distance"":5,""physical_error_rate"":0.0001}","{""detection_events"":578103,""detectors_checked"":1405845504,""obs_mistake_mask=E"":1}"
   1568768,        15,         0,    63.0,standalone_exact_mw,af3bdaf1e2a77998ab67ff9e67a4429848721a57eb3f28bee3f98b2e28b36bb7,"{""distance"":5,""physical_error_rate"":0.001}","{""detection_events"":1433848,""detectors_checked"":351404032,""obs_mistake_mask=E"":15}"
    387072,         3,         0,    63.3,standalone_exact_mw,af3bdaf1e2a77998ab67ff9e67a4429848721a57eb3f28bee3f98b2e28b36bb7,"{""distance"":5,""physical_error_rate"":0.001}","{""detection_events"":354157,""detectors_checked"":86704128,""obs_mistake_mask=E"":3}"
    254976,         0,         0,    62.8,standalone_exact_mw,000a12f67b6d2f9febee6f900216609acb0c5281b533fe6e35129362572a0912,"{""distance"":5,""physical_error_rate"":0.0002}","{""detection_events"":46771,""detectors_checked"":57114624}"
    594944,         2,         0,    62.9,standalone_exact_mw,7a8ab0d03b7ead21ed40b3e2556c734d992a86585a3d666abe35fd996793b7e5,"{""distance"":5,""physical_error_rate"":0.0005}","{""detection_events"":272200,""detectors_checked"":133267456,""obs_mistake_mask=E"":2}"
    417792,         0,         0,    62.9,standalone_exact_mw,352a3c59735d25dbe5889f513341a2cd2ff9414321bd3c07faf1c3217f623e8c,"{""distance"":5,""physical_error_rate"":5e-05}","{""detection_events"":19109,""detectors_checked"":93585408}"
    866304,        76,         0,    63.0,standalone_exact_mw,7e19e1ad41727a9cde3cbef4506ed3530b76f68cf04f4bd50bdb209f12ed436c,"{""distance"":5,""physical_error_rate"":0.002}","{""detection_events"":1574649,""detectors_checked"":194052096,""obs_mistake_mask=E"":76}"
    336896,         0,         0,    62.9,standalone_exact_mw,82025e6510dee7191a337377ca233259ac8dbd3ccaf9455e916f723ab2066810,"{""distance"":5,""physical_error_rate"":0.0001}","{""detection_events"":31917,""detectors_checked"":75464704}"
    253952,         1,         0,    62.6,standalone_exact_mw,000a12f67b6d2f9febee6f900216609acb0c5281b533fe6e35129362572a0912,"{""distance"":5,""physical_error_rate"":0.0002}","{""detection_events"":46045,""detectors_checked"":56885248,""obs_mistake_mask=E"":1}"
     44544,         5,         0,    62.7,standalone_exact_mw,7e19e1ad41727a9cde3cbef4506ed3530b76f68cf04f4bd50bdb209f12ed436c,"{""distance"":5,""physical_error_rate"":0.002}","{""detection_events"":82147,""detectors_checked"":9977856,""obs_mistake_mask=E"":5}"
     45056,         3,         0,    63.4,standalone_exact_mw,7e19e1ad41727a9cde3cbef4506ed3530b76f68cf04f4bd50bdb209f12ed436c,"{""distance"":5,""physical_error_rate"":0.002}","{""detection_events"":81745,""detectors_checked"":10092544,""obs_mistake_mask=E"":3}"
     80896,         0,         0,    63.0,standalone_exact_mw,af3bdaf1e2a77998ab67ff9e67a4429848721a57eb3f28bee3f98b2e28b36bb7,"{""distance"":5,""physical_error_rate"":0.001}","{""detection_events"":74765,""detectors_checked"":18120704}"
    140288,         0,         0,    63.3,standalone_exact_mw,7a8ab0d03b7ead21ed40b3e2556c734d992a86585a3d666abe35fd996793b7e5,"{""distance"":5,""physical_error_rate"":0.0005}","{""detection_events"":63415,""detectors_checked"":31424512}"
   4802560,         1,         0,    62.8,standalone_exact_mw,000a12f67b6d2f9febee6f900216609acb0c5281b533fe6e35129362572a0912,"{""distance"":5,""physical_error_rate"":0.0002}","{""detection_events"":884175,""detectors_checked"":1075773440,""obs_mistake_mask=E"":1}"
   2641920,         4,         0,    62.9,standalone_exact_mw,7a8ab0d03b7ead21ed40b3e2556c734d992a86585a3d666abe35fd996793b7e5,"{""distance"":5,""physical_error_rate"":0.0005}","{""detection_events"":1211031,""detectors_checked"":591790080,""obs_mistake_mask=E"":4}"
   1563648,        30,         0,    63.0,standalone_exact_mw,af3bdaf1e2a77998ab67ff9e67a4429848721a57eb3f28bee3f98b2e28b36bb7,"{""distance"":5,""physical_error_rate"":0.001}","{""detection_events"":1431738,""detectors_checked"":350257152,""obs_mistake_mask=E"":30}"
     11264,         1,         0,    16.6,standalone_exact_mw,7e19e1ad41727a9cde3cbef4506ed3530b76f68cf04f4bd50bdb209f12ed436c,"{""distance"":5,""physical_error_rate"":0.002}","{""detection_events"":20873,""detectors_checked"":2523136,""obs_mistake_mask=E"":1}"
    866304,        57,         0,    63.0,standalone_exact_mw,7e19e1ad41727a9cde3cbef4506ed3530b76f68cf04f4bd50bdb209f12ed436c,"{""distance"":5,""physical_error_rate"":0.002}","{""detection_events"":1577067,""detectors_checked"":194052096,""obs_mistake_mask=E"":57}"
   2345984,         1,         0,    22.9,standalone_exact_mw,82025e6510dee7191a337377ca233259ac8dbd3ccaf9455e916f723ab2066810,"{""distance"":5,""physical_error_rate"":0.0001}","{""detection_events"":216377,""detectors_checked"":525500416,""obs_mistake_mask=E"":1}"
   2778112,         0,         0,    22.9,standalone_exact_mw,352a3c59735d25dbe5889f513341a2cd2ff9414321bd3c07faf1c3217f623e8c,"{""distance"":5,""physical_error_rate"":5e-05}","{""detection_events"":127219,""detectors_checked"":622297088}"
     92160,         0,         0,    23.1,standalone_exact_mw,000a12f67b6d2f9febee6f900216609acb0c5281b533fe6e35129362572a0912,"{""distance"":5,""physical_error_rate"":0.0002}","{""detection_events"":17102,""detectors_checked"":20643840}"
    109568,         0,         0,    22.9,standalone_exact_mw,7a8ab0d03b7ead21ed40b3e2556c734d992a86585a3d666abe35fd996793b7e5,"{""distance"":5,""physical_error_rate"":0.0005}","{""detection_events"":50189,""detectors_checked"":24543232}"
    188416,         6,         0,    22.8,standalone_exact_mw,af3bdaf1e2a77998ab67ff9e67a4429848721a57eb3f28bee3f98b2e28b36bb7,"{""distance"":5,""physical_error_rate"":0.001}","{""detection_events"":171688,""detectors_checked"":42205184,""obs_mistake_mask=E"":6}"
   6214656,         0,         0,    62.8,standalone_exact_mw,82025e6510dee7191a337377ca233259ac8dbd3ccaf9455e916f723ab2066810,"{""distance"":5,""physical_error_rate"":0.0001}","{""detection_events"":573597,""detectors_checked"":1392082944}"
     15872,         1,         0,    22.9,standalone_exact_mw,7e19e1ad41727a9cde3cbef4506ed3530b76f68cf04f4bd50bdb209f12ed436c,"{""distance"":5,""physical_error_rate"":0.002}","{""detection_events"":29629,""detectors_checked"":3555328,""obs_mistake_mask=E"":1}"
   7781376,         1,         0,    62.8,standalone_exact_mw,352a3c59735d25dbe5889f513341a2cd2ff9414321bd3c07faf1c3217f623e8c,"{""distance"":5,""physical_error_rate"":5e-05}","{""detection_events"":357222,""detectors_checked"":1743028224,""obs_mistake_mask=E"":1}"
    410624,         0,         0,    63.2,standalone_exact_mw,000a12f67b6d2f9febee6f900216609acb0c5281b533fe6e35129362572a0912,"{""distance"":5,""physical_error_rate"":0.0002}","{""detection_events"":74915,""detectors_checked"":91979776}"
    412672,         0,         0,    62.7,standalone_exact_mw,7a8ab0d03b7ead21ed40b3e2556c734d992a86585a3d666abe35fd996793b7e5,"{""distance"":5,""physical_error_rate"":0.0005}","{""detection_events"":189088,""detectors_checked"":92438528}"
     43520,         4,         0,    63.2,standalone_exact_mw,7e19e1ad41727a9cde3cbef4506ed3530b76f68cf04f4bd50bdb209f12ed436c,"{""distance"":5,""physical_error_rate"":0.002}","{""detection_events"":79736,""detectors_checked"":9748480,""obs_mistake_mask=E"":4}"
     77824,         2,         0,    63.1,standalone_exact_mw,af3bdaf1e2a77998ab67ff9e67a4429848721a57eb3f28bee3f98b2e28b36bb7,"{""distance"":5,""physical_error_rate"":0.001}","{""detection_events"":71437,""detectors_checked"":17432576,""obs_mistake_mask=E"":2}"
   3424256,         0,         0,    32.0,standalone_exact_mw,82025e6510dee7191a337377ca233259ac8dbd3ccaf9455e916f723ab2066810,"{""distance"":5,""physical_error_rate"":0.0001}","{""detection_events"":313306,""detectors_checked"":767033344}"
   3984384,         0,         0,    32.0,standalone_exact_mw,352a3c59735d25dbe5889f513341a2cd2ff9414321bd3c07faf1c3217f623e8c,"{""distance"":5,""physical_error_rate"":5e-05}","{""detection_events"":184607,""detectors_checked"":892502016}"
    115712,         0,         0,    32.2,standalone_exact_mw,000a12f67b6d2f9febee6f900216609acb0c5281b533fe6e35129362572a0912,"{""distance"":5,""physical_error_rate"":0.0002}","{""detection_events"":21629,""detectors_checked"":25919488}"
    120832,         0,         0,    32.2,standalone_exact_mw,7a8ab0d03b7ead21ed40b3e2556c734d992a86585a3d666abe35fd996793b7e5,"{""distance"":5,""physical_error_rate"":0.0005}","{""detection_events"":55886,""detectors_checked"":27066368}"
    112640,         0,         0,    32.1,standalone_exact_mw,af3bdaf1e2a77998ab67ff9e67a4429848721a57eb3f28bee3f98b2e28b36bb7,"{""distance"":5,""physical_error_rate"":0.001}","{""detection_events"":103665,""detectors_checked"":25231360}"
     22016,         2,         0,    32.3,standalone_exact_mw,7e19e1ad41727a9cde3cbef4506ed3530b76f68cf04f4bd50bdb209f12ed436c,"{""distance"":5,""physical_error_rate"":0.002}","{""detection_events"":40080,""detectors_checked"":4931584,""obs_mistake_mask=E"":2}"
   9211904,         4,         0,    87.9,standalone_exact_mw,82025e6510dee7191a337377ca233259ac8dbd3ccaf9455e916f723ab2066810,"{""distance"":5,""physical_error_rate"":0.0001}","{""detection_events"":846979,""detectors_checked"":2063466496,""obs_mistake_mask=E"":4}"
  10570752,         1,         0,    87.8,standalone_exact_mw,352a3c59735d25dbe5889f513341a2cd2ff9414321bd3c07faf1c3217f623e8c,"{""distance"":5,""physical_error_rate"":5e-05}","{""detection_events"":486977,""detectors_checked"":2367848448,""obs_mistake_mask=E"":1}"
   6932480,         4,         0,    88.0,standalone_exact_mw,000a12f67b6d2f9febee6f900216609acb0c5281b533fe6e35129362572a0912,"{""distance"":5,""physical_error_rate"":0.0002}","{""detection_events"":1273833,""detectors_checked"":1552875520,""obs_mistake_mask=E"":4}"
   3893248,        18,         0,    88.1,standalone_exact_mw,7a8ab0d03b7ead21ed40b3e2556c734d992a86585a3d666abe35fd996793b7e5,"{""distance"":5,""physical_error_rate"":0.0005}","{""detection_events"":1781558,""detectors_checked"":872087552,""obs_mistake_mask=E"":18}"
   2189312,        24,         0,    88.2,standalone_exact_mw,af3bdaf1e2a77998ab67ff9e67a4429848721a57eb3f28bee3f98b2e28b36bb7,"{""distance"":5,""physical_error_rate"":0.001}","{""detection_events"":2006774,""detectors_checked"":490405888,""obs_mistake_mask=E"":24}"
   6950912,         6,         0,    88.0,standalone_exact_mw,000a12f67b6d2f9febee6f900216609acb0c5281b533fe6e35129362572a0912,"{""distance"":5,""physical_error_rate"":0.0002}","{""detection_events"":1276299,""detectors_checked"":1557004288,""obs_mistake_mask=E"":6}"
   3891200,        13,         0,    88.1,standalone_exact_mw,7a8ab0d03b7ead21ed40b3e2556c734d992a86585a3d666abe35fd996793b7e5,"{""distance"":5,""physical_error_rate"":0.0005}","{""detection_events"":1780499,""detectors_checked"":871628800,""obs_mistake_mask=E"":13}"
   2228224,        32,         0,    88.1,standalone_exact_mw,af3bdaf1e2a77998ab67ff9e67a4429848721a57eb3f28bee3f98b2e28b36bb7,"{""distance"":5,""physical_error_rate"":0.001}","{""detection_events"":2030880,""detectors_checked"":499122176,""obs_mistake_mask=E"":32}"
   1251328,        98,         0,    88.2,standalone_exact_mw,7e19e1ad41727a9cde3cbef4506ed3530b76f68cf04f4bd50bdb209f12ed436c,"{""distance"":5,""physical_error_rate"":0.002}","{""detection_events"":2274890,""detectors_checked"":280297472,""obs_mistake_mask=E"":98}"
   1245184,        75,         0,    87.8,standalone_exact_mw,7e19e1ad41727a9cde3cbef4506ed3530b76f68cf04f4bd50bdb209f12ed436c,"{""distance"":5,""physical_error_rate"":0.002}","{""detection_events"":2264606,""detectors_checked"":278921216,""obs_mistake_mask=E"":75}"
     54272,         6,         0,    82.5,standalone_exact_mw,7e19e1ad41727a9cde3cbef4506ed3530b76f68cf04f4bd50bdb209f12ed436c,"{""distance"":5,""physical_error_rate"":0.002}","{""detection_events"":98624,""detectors_checked"":12156928,""obs_mistake_mask=E"":6}"
     12800,         0,         0,    20.8,standalone_exact_mw,7e19e1ad41727a9cde3cbef4506ed3530b76f68cf04f4bd50bdb209f12ed436c,"{""distance"":5,""physical_error_rate"":0.002}","{""detection_events"":23506,""detectors_checked"":2867200}"
   1181696,        94,         0,    83.6,standalone_exact_mw,7e19e1ad41727a9cde3cbef4506ed3530b76f68cf04f4bd50bdb209f12ed436c,"{""distance"":5,""physical_error_rate"":0.002}","{""detection_events"":2149328,""detectors_checked"":264699904,""obs_mistake_mask=E"":94}"
   1076224,        76,         0,    76.0,standalone_exact_mw,7e19e1ad41727a9cde3cbef4506ed3530b76f68cf04f4bd50bdb209f12ed436c,"{""distance"":5,""physical_error_rate"":0.002}","{""detection_events"":1954786,""detectors_checked"":241074176,""obs_mistake_mask=E"":76}"
      1024,         0,         0,   0.071,standalone_exact_mw,7e19e1ad41727a9cde3cbef4506ed3530b76f68cf04f4bd50bdb209f12ed436c,"{""distance"":5,""physical_error_rate"":0.002}","{""detection_events"":1821,""detectors_checked"":229376}"
    329728,         0,         0,    88.0,standalone_exact_mw,000a12f67b6d2f9febee6f900216609acb0c5281b533fe6e35129362572a0912,"{""distance"":5,""physical_error_rate"":0.0002}","{""detection_events"":59214,""detectors_checked"":73859072}"
   1646592,         0,         0,    87.5,standalone_exact_mw,352a3c59735d25dbe5889f513341a2cd2ff9414321bd3c07faf1c3217f623e8c,"{""distance"":5,""physical_error_rate"":5e-05}","{""detection_events"":76513,""detectors_checked"":368836608}"
    549888,         0,         0,    87.9,standalone_exact_mw,352a3c59735d25dbe5889f513341a2cd2ff9414321bd3c07faf1c3217f623e8c,"{""distance"":5,""physical_error_rate"":5e-05}","{""detection_events"":25611,""detectors_checked"":123174912}"
     54784,         3,         0,    81.4,standalone_exact_mw,7e19e1ad41727a9cde3cbef4506ed3530b76f68cf04f4bd50bdb209f12ed436c,"{""distance"":5,""physical_error_rate"":0.002}","{""detection_events"":100498,""detectors_checked"":12271616,""obs_mistake_mask=E"":3}"
    455680,         0,         0,    87.2,standalone_exact_mw,82025e6510dee7191a337377ca233259ac8dbd3ccaf9455e916f723ab2066810,"{""distance"":5,""physical_error_rate"":0.0001}","{""detection_events"":41762,""detectors_checked"":102072320}"
     31744,         0,         0,    48.3,standalone_exact_mw,7e19e1ad41727a9cde3cbef4506ed3530b76f68cf04f4bd50bdb209f12ed436c,"{""distance"":5,""physical_error_rate"":0.002}","{""detection_events"":57707,""detectors_checked"":7110656}"
      1297,         0,         0,   0.012,standalone_exact_mw,82025e6510dee7191a337377ca233259ac8dbd3ccaf9455e916f723ab2066810,"{""distance"":5,""physical_error_rate"":0.0001}","{""detection_events"":146,""detectors_checked"":290528}"
      1297,         0,         0,   0.030,standalone_exact_mw,7a8ab0d03b7ead21ed40b3e2556c734d992a86585a3d666abe35fd996793b7e5,"{""distance"":5,""physical_error_rate"":0.0005}","{""detection_events"":556,""detectors_checked"":290528}"
      2048,         0,         0,   0.021,standalone_exact_mw,82025e6510dee7191a337377ca233259ac8dbd3ccaf9455e916f723ab2066810,"{""distance"":5,""physical_error_rate"":0.0001}","{""detection_events"":189,""detectors_checked"":458752}"
      1024,         0,         0,   0.025,standalone_exact_mw,7a8ab0d03b7ead21ed40b3e2556c734d992a86585a3d666abe35fd996793b7e5,"{""distance"":5,""physical_error_rate"":0.0005}","{""detection_events"":535,""detectors_checked"":229376}"
      3072,         0,         0,   0.028,standalone_exact_mw,82025e6510dee7191a337377ca233259ac8dbd3ccaf9455e916f723ab2066810,"{""distance"":5,""physical_error_rate"":0.0001}","{""detection_events"":266,""detectors_checked"":688128}"
      1024,         0,         0,   0.032,standalone_exact_mw,7a8ab0d03b7ead21ed40b3e2556c734d992a86585a3d666abe35fd996793b7e5,"{""distance"":5,""physical_error_rate"":0.0005}","{""detection_events"":427,""detectors_checked"":229376}"
      3072,         0,         0,   0.031,standalone_exact_mw,82025e6510dee7191a337377ca233259ac8dbd3ccaf9455e916f723ab2066810,"{""distance"":5,""physical_error_rate"":0.0001}","{""detection_events"":287,""detectors_checked"":688128}"
      1297,         0,         0,   0.025,standalone_exact_mw,000a12f67b6d2f9febee6f900216609acb0c5281b533fe6e35129362572a0912,"{""distance"":5,""physical_error_rate"":0.0002}","{""detection_events"":283,""detectors_checked"":290528}"
      1297,         0,         0,   0.019,standalone_exact_mw,352a3c59735d25dbe5889f513341a2cd2ff9414321bd3c07faf1c3217f623e8c,"{""distance"":5,""physical_error_rate"":5e-05}","{""detection_events"":51,""detectors_checked"":290528}"
       273,         0,         0,   0.010,standalone_exact_mw,af3bdaf1e2a77998ab67ff9e67a4429848721a57eb3f28bee3f98b2e28b36bb7,"{""distance"":5,""physical_error_rate"":0.001}","{""detection_events"":274,""detectors_checked"":61152}"
      1024,         0,         0,   0.026,standalone_exact_mw,000a12f67b6d2f9febee6f900216609acb0c5281b533fe6e35129362572a0912,"{""distance"":5,""physical_error_rate"":0.0002}","{""detection_events"":182,""detectors_checked"":229376}"
       273,         0,         0,   0.022,standalone_exact_mw,af3bdaf1e2a77998ab67ff9e67a4429848721a57eb3f28bee3f98b2e28b36bb7,"{""distance"":5,""physical_error_rate"":0.001}","{""detection_events"":254,""detectors_checked"":61152}"
      2048,         0,         0,   0.025,standalone_exact_mw,352a3c59735d25dbe5889f513341a2cd2ff9414321bd3c07faf1c3217f623e8c,"{""distance"":5,""physical_error_rate"":5e-05}","{""detection_events"":93,""detectors_checked"":458752}"
      1297,         0,         0,   0.043,standalone_exact_mw,7a8ab0d03b7ead21ed40b3e2556c734d992a86585a3d666abe35fd996793b7e5,"{""distance"":5,""physical_error_rate"":0.0005}","{""detection_events"":631,""detectors_checked"":290528}"
      4096,         0,         0,   0.042,standalone_exact_mw,82025e6510dee7191a337377ca233259ac8dbd3ccaf9455e916f723ab2066810,"{""distance"":5,""physical_error_rate"":0.0001}","{""detection_events"":421,""detectors_checked"":917504}"
      2048,         0,         0,   0.048,standalone_exact_mw,7a8ab0d03b7ead21ed40b3e2556c734d992a86585a3d666abe35fd996793b7e5,"{""distance"":5,""physical_error_rate"":0.0005}","{""detection_events"":950,""detectors_checked"":458752}"
      1024,         0,         0,   0.024,standalone_exact_mw,000a12f67b6d2f9febee6f900216609acb0c5281b533fe6e35129362572a0912,"{""distance"":5,""physical_error_rate"":0.0002}","{""detection_events"":201,""detectors_checked"":229376}"
      2048,         0,         0,   0.026,standalone_exact_mw,352a3c59735d25dbe5889f513341a2cd2ff9414321bd3c07faf1c3217f623e8c,"{""distance"":5,""physical_error_rate"":5e-05}","{""detection_events"":53,""detectors_checked"":458752}"
      2048,         0,         0,   0.055,standalone_exact_mw,7a8ab0d03b7ead21ed40b3e2556c734d992a86585a3d666abe35fd996793b7e5,"{""distance"":5,""physical_error_rate"":0.0005}","{""detection_events"":1007,""detectors_checked"":458752}"
      2048,         0,         0,   0.031,standalone_exact_mw,352a3c59735d25dbe5889f513341a2cd2ff9414321bd3c07faf1c3217f623e8c,"{""distance"":5,""physical_error_rate"":5e-05}","{""detection_events"":87,""detectors_checked"":458752}"
      5120,         0,         0,   0.056,standalone_exact_mw,82025e6510dee7191a337377ca233259ac8dbd3ccaf9455e916f723ab2066810,"{""distance"":5,""physical_error_rate"":0.0001}","{""detection_events"":503,""detectors_checked"":1146880}"
      1024,         0,         0,   0.058,standalone_exact_mw,7a8ab0d03b7ead21ed40b3e2556c734d992a86585a3d666abe35fd996793b7e5,"{""distance"":5,""physical_error_rate"":0.0005}","{""detection_events"":515,""detectors_checked"":229376}"
      1024,         0,         0,   0.081,standalone_exact_mw,af3bdaf1e2a77998ab67ff9e67a4429848721a57eb3f28bee3f98b2e28b36bb7,"{""distance"":5,""physical_error_rate"":0.001}","{""detection_events"":862,""detectors_checked"":229376}"
    438272,         0,         0,    87.4,standalone_exact_mw,82025e6510dee7191a337377ca233259ac8dbd3ccaf9455e916f723ab2066810,"{""distance"":5,""physical_error_rate"":0.0001}","{""detection_events"":40088,""detectors_checked"":98172928}"
      2048,         0,         0,   0.046,standalone_exact_mw,000a12f67b6d2f9febee6f900216609acb0c5281b533fe6e35129362572a0912,"{""distance"":5,""physical_error_rate"":0.0002}","{""detection_events"":358,""detectors_checked"":458752}"
      1024,         0,         0,   0.080,standalone_exact_mw,af3bdaf1e2a77998ab67ff9e67a4429848721a57eb3f28bee3f98b2e28b36bb7,"{""distance"":5,""physical_error_rate"":0.001}","{""detection_events"":886,""detectors_checked"":229376}"
      3072,         0,         0,   0.049,standalone_exact_mw,352a3c59735d25dbe5889f513341a2cd2ff9414321bd3c07faf1c3217f623e8c,"{""distance"":5,""physical_error_rate"":5e-05}","{""detection_events"":152,""detectors_checked"":688128}"
      1024,         0,         0,   0.048,standalone_exact_mw,7a8ab0d03b7ead21ed40b3e2556c734d992a86585a3d666abe35fd996793b7e5,"{""distance"":5,""physical_error_rate"":0.0005}","{""detection_events"":476,""detectors_checked"":229376}"
      3072,         0,         0,   0.066,standalone_exact_mw,7a8ab0d03b7ead21ed40b3e2556c734d992a86585a3d666abe35fd996793b7e5,"{""distance"":5,""physical_error_rate"":0.0005}","{""detection_events"":1450,""detectors_checked"":688128}"
      2048,         0,         0,   0.061,standalone_exact_mw,000a12f67b6d2f9febee6f900216609acb0c5281b533fe6e35129362572a0912,"{""distance"":5,""physical_error_rate"":0.0002}","{""detection_events"":388,""detectors_checked"":458752}"
      1024,         0,         0,   0.065,standalone_exact_mw,af3bdaf1e2a77998ab67ff9e67a4429848721a57eb3f28bee3f98b2e28b36bb7,"{""distance"":5,""physical_error_rate"":0.001}","{""detection_events"":899,""detectors_checked"":229376}"
      8192,         0,         0,   0.075,standalone_exact_mw,82025e6510dee7191a337377ca233259ac8dbd3ccaf9455e916f723ab2066810,"{""distance"":5,""physical_error_rate"":0.0001}","{""detection_events"":780,""detectors_checked"":1835008}"
      1024,         0,         0,   0.074,standalone_exact_mw,af3bdaf1e2a77998ab67ff9e67a4429848721a57eb3f28bee3f98b2e28b36bb7,"{""distance"":5,""physical_error_rate"":0.001}","{""detection_events"":1015,""detectors_checked"":229376}"
      1024,         0,         0,   0.050,standalone_exact_mw,7a8ab0d03b7ead21ed40b3e2556c734d992a86585a3d666abe35fd996793b7e5,"{""distance"":5,""physical_error_rate"":0.0005}","{""detection_events"":408,""detectors_checked"":229376}"
      4096,         0,         0,   0.054,standalone_exact_mw,352a3c59735d25dbe5889f513341a2cd2ff9414321bd3c07faf1c3217f623e8c,"{""distance"":5,""physical_error_rate"":5e-05}","{""detection_events"":148,""detectors_checked"":917504}"
      1024,         0,         0,   0.071,standalone_exact_mw,af3bdaf1e2a77998ab67ff9e67a4429848721a57eb3f28bee3f98b2e28b36bb7,"{""distance"":5,""physical_error_rate"":0.001}","{""detection_events"":899,""detectors_checked"":229376}"
      3072,         0,         0,   0.073,standalone_exact_mw,000a12f67b6d2f9febee6f900216609acb0c5281b533fe6e35129362572a0912,"{""distance"":5,""physical_error_rate"":0.0002}","{""detection_events"":570,""detectors_checked"":688128}"
      4096,         0,         0,   0.091,standalone_exact_mw,7a8ab0d03b7ead21ed40b3e2556c734d992a86585a3d666abe35fd996793b7e5,"{""distance"":5,""physical_error_rate"":0.0005}","{""detection_events"":1844,""detectors_checked"":917504}"
      1024,         0,         0,   0.085,standalone_exact_mw,af3bdaf1e2a77998ab67ff9e67a4429848721a57eb3f28bee3f98b2e28b36bb7,"{""distance"":5,""physical_error_rate"":0.001}","{""detection_events"":885,""detectors_checked"":229376}"
     11264,         0,         0,   0.117,standalone_exact_mw,82025e6510dee7191a337377ca233259ac8dbd3ccaf9455e916f723ab2066810,"{""distance"":5,""physical_error_rate"":0.0001}","{""detection_events"":1121,""detectors_checked"":2523136}"
      6144,         0,         0,   0.094,standalone_exact_mw,352a3c59735d25dbe5889f513341a2cd2ff9414321bd3c07faf1c3217f623e8c,"{""distance"":5,""physical_error_rate"":5e-05}","{""detection_events"":278,""detectors_checked"":1376256}"
      3072,         0,         0,   0.078,standalone_exact_mw,000a12f67b6d2f9febee6f900216609acb0c5281b533fe6e35129362572a0912,"{""distance"":5,""physical_error_rate"":0.0002}","{""detection_events"":629,""detectors_checked"":688128}"
      1024,         0,         0,   0.094,standalone_exact_mw,af3bdaf1e2a77998ab67ff9e67a4429848721a57eb3f28bee3f98b2e28b36bb7,"{""distance"":5,""physical_error_rate"":0.001}","{""detection_events"":980,""detectors_checked"":229376}"
      1024,         0,         0,   0.078,standalone_exact_mw,af3bdaf1e2a77998ab67ff9e67a4429848721a57eb3f28bee3f98b2e28b36bb7,"{""distance"":5,""physical_error_rate"":0.001}","{""detection_events"":928,""detectors_checked"":229376}"
      5120,         0,         0,   0.124,standalone_exact_mw,7a8ab0d03b7ead21ed40b3e2556c734d992a86585a3d666abe35fd996793b7e5,"{""distance"":5,""physical_error_rate"":0.0005}","{""detection_events"":2400,""detectors_checked"":1146880}"
      7168,         0,         0,   0.107,standalone_exact_mw,352a3c59735d25dbe5889f513341a2cd2ff9414321bd3c07faf1c3217f623e8c,"{""distance"":5,""physical_error_rate"":5e-05}","{""detection_events"":383,""detectors_checked"":1605632}"
      1024,         0,         0,   0.089,standalone_exact_mw,af3bdaf1e2a77998ab67ff9e67a4429848721a57eb3f28bee3f98b2e28b36bb7,"{""distance"":5,""physical_error_rate"":0.001}","{""detection_events"":1055,""detectors_checked"":229376}"
      5120,         0,         0,   0.107,standalone_exact_mw,000a12f67b6d2f9febee6f900216609acb0c5281b533fe6e35129362572a0912,"{""distance"":5,""physical_error_rate"":0.0002}","{""detection_events"":895,""detectors_checked"":1146880}"
     12288,         0,         0,   0.148,standalone_exact_mw,82025e6510dee7191a337377ca233259ac8dbd3ccaf9455e916f723ab2066810,"{""distance"":5,""physical_error_rate"":0.0001}","{""detection_events"":1041,""detectors_checked"":2752512}"
      1024,         0,         0,   0.096,standalone_exact_mw,af3bdaf1e2a77998ab67ff9e67a4429848721a57eb3f28bee3f98b2e28b36bb7,"{""distance"":5,""physical_error_rate"":0.001}","{""detection_events"":919,""detectors_checked"":229376}"
      1024,         0,         0,   0.079,standalone_exact_mw,af3bdaf1e2a77998ab67ff9e67a4429848721a57eb3f28bee3f98b2e28b36bb7,"{""distance"":5,""physical_error_rate"":0.001}","{""detection_events"":966,""detectors_checked"":229376}"
      1024,         0,         0,   0.081,standalone_exact_mw,af3bdaf1e2a77998ab67ff9e67a4429848721a57eb3f28bee3f98b2e28b36bb7,"{""distance"":5,""physical_error_rate"":0.001}","{""detection_events"":896,""detectors_checked"":229376}"
      6144,         0,         0,   0.164,standalone_exact_mw,7a8ab0d03b7ead21ed40b3e2556c734d992a86585a3d666abe35fd996793b7e5,"{""distance"":5,""physical_error_rate"":0.0005}","{""detection_events"":2996,""detectors_checked"":1376256}"
      9216,         0,         0,   0.150,standalone_exact_mw,352a3c59735d25dbe5889f513341a2cd2ff9414321bd3c07faf1c3217f623e8c,"{""distance"":5,""physical_error_rate"":5e-05}","{""detection_events"":423,""detectors_checked"":2064384}"
      7168,         0,         0,   0.160,standalone_exact_mw,000a12f67b6d2f9febee6f900216609acb0c5281b533fe6e35129362572a0912,"{""distance"":5,""physical_error_rate"":0.0002}","{""detection_events"":1235,""detectors_checked"":1605632}"
     16384,         0,         0,   0.209,standalone_exact_mw,82025e6510dee7191a337377ca233259ac8dbd3ccaf9455e916f723ab2066810,"{""distance"":5,""physical_error_rate"":0.0001}","{""detection_events"":1608,""detectors_checked"":3670016}"
      2048,         0,         0,   0.152,standalone_exact_mw,af3bdaf1e2a77998ab67ff9e67a4429848721a57eb3f28bee3f98b2e28b36bb7,"{""distance"":5,""physical_error_rate"":0.001}","{""detection_events"":1940,""detectors_checked"":458752}"
      2048,         0,         0,   0.151,standalone_exact_mw,af3bdaf1e2a77998ab67ff9e67a4429848721a57eb3f28bee3f98b2e28b36bb7,"{""distance"":5,""physical_error_rate"":0.001}","{""detection_events"":1877,""detectors_checked"":458752}"
      2048,         0,         0,   0.546,standalone_exact_mw,7a8ab0d03b7ead21ed40b3e2556c734d992a86585a3d666abe35fd996793b7e5,"{""distance"":5,""physical_error_rate"":0.0005}","{""detection_events"":1037,""detectors_checked"":458752}"
     10240,         0,         0,   0.220,standalone_exact_mw,7a8ab0d03b7ead21ed40b3e2556c734d992a86585a3d666abe35fd996793b7e5,"{""distance"":5,""physical_error_rate"":0.0005}","{""detection_events"":4845,""detectors_checked"":2293760}"
     15360,         0,         0,   0.227,standalone_exact_mw,352a3c59735d25dbe5889f513341a2cd2ff9414321bd3c07faf1c3217f623e8c,"{""distance"":5,""physical_error_rate"":5e-05}","{""detection_events"":710,""detectors_checked"":3440640}"
     18432,         0,         0,   0.215,standalone_exact_mw,000a12f67b6d2f9febee6f900216609acb0c5281b533fe6e35129362572a0912,"{""distance"":5,""physical_error_rate"":0.0002}","{""detection_events"":3434,""detectors_checked"":4128768}"
      2048,         0,         0,   0.161,standalone_exact_mw,af3bdaf1e2a77998ab67ff9e67a4429848721a57eb3f28bee3f98b2e28b36bb7,"{""distance"":5,""physical_error_rate"":0.001}","{""detection_events"":1903,""detectors_checked"":458752}"
      2048,         0,         0,   0.174,standalone_exact_mw,af3bdaf1e2a77998ab67ff9e67a4429848721a57eb3f28bee3f98b2e28b36bb7,"{""distance"":5,""physical_error_rate"":0.001}","{""detection_events"":1964,""detectors_checked"":458752}"
     31744,         0,         0,   0.294,standalone_exact_mw,82025e6510dee7191a337377ca233259ac8dbd3ccaf9455e916f723ab2066810,"{""distance"":5,""physical_error_rate"":0.0001}","{""detection_events"":2889,""detectors_checked"":7110656}"
     11264,         0,         0,   0.297,standalone_exact_mw,7a8ab0d03b7ead21ed40b3e2556c734d992a86585a3d666abe35fd996793b7e5,"{""distance"":5,""physical_error_rate"":0.0005}","{""detection_events"":5302,""detectors_checked"":2523136}"
     19456,         0,         0,   0.289,standalone_exact_mw,352a3c59735d25dbe5889f513341a2cd2ff9414321bd3c07faf1c3217f623e8c,"{""distance"":5,""physical_error_rate"":5e-05}","{""detection_events"":899,""detectors_checked"":4358144}"
      3072,         0,         0,   0.259,standalone_exact_mw,af3bdaf1e2a77998ab67ff9e67a4429848721a57eb3f28bee3f98b2e28b36bb7,"{""distance"":5,""physical_error_rate"":0.001}","{""detection_events"":2861,""detectors_checked"":688128}"
      3072,         0,         0,   0.238,standalone_exact_mw,af3bdaf1e2a77998ab67ff9e67a4429848721a57eb3f28bee3f98b2e28b36bb7,"{""distance"":5,""physical_error_rate"":0.001}","{""detection_events"":2701,""detectors_checked"":688128}"
     22528,         0,         0,   0.303,standalone_exact_mw,000a12f67b6d2f9febee6f900216609acb0c5281b533fe6e35129362572a0912,"{""distance"":5,""physical_error_rate"":0.0002}","{""detection_events"":4331,""detectors_checked"":5046272}"
      1024,         0,         0,   0.507,standalone_exact_mw,7a8ab0d03b7ead21ed40b3e2556c734d992a86585a3d666abe35fd996793b7e5,"{""distance"":5,""physical_error_rate"":0.0005}","{""detection_events"":535,""detectors_checked"":229376}"
  11164672,         0,         0,    87.8,standalone_exact_mw,352a3c59735d25dbe5889f513341a2cd2ff9414321bd3c07faf1c3217f623e8c,"{""distance"":5,""physical_error_rate"":5e-05}","{""detection_events"":513052,""detectors_checked"":2500886528}"
     43008,         0,         0,   0.406,standalone_exact_mw,82025e6510dee7191a337377ca233259ac8dbd3ccaf9455e916f723ab2066810,"{""distance"":5,""physical_error_rate"":0.0001}","{""detection_events"":3999,""detectors_checked"":9633792}"
      4096,         0,         0,   0.319,standalone_exact_mw,af3bdaf1e2a77998ab67ff9e67a4429848721a57eb3f28bee3f98b2e28b36bb7,"{""distance"":5,""physical_error_rate"":0.001}","{""detection_events"":3826,""detectors_checked"":917504}"
      4096,         0,         0,   0.354,standalone_exact_mw,af3bdaf1e2a77998ab67ff9e67a4429848721a57eb3f28bee3f98b2e28b36bb7,"{""distance"":5,""physical_error_rate"":0.001}","{""detection_events"":3873,""detectors_checked"":917504}"
    243712,         3,         0,    88.1,standalone_exact_mw,7a8ab0d03b7ead21ed40b3e2556c734d992a86585a3d666abe35fd996793b7e5,"{""distance"":5,""physical_error_rate"":0.0005}","{""detection_events"":111919,""detectors_checked"":54591488,""obs_mistake_mask=E"":3}"
     18432,         0,         0,   0.416,standalone_exact_mw,7a8ab0d03b7ead21ed40b3e2556c734d992a86585a3d666abe35fd996793b7e5,"{""distance"":5,""physical_error_rate"":0.0005}","{""detection_events"":8474,""detectors_checked"":4128768}"
     40960,         0,         0,   0.397,standalone_exact_mw,352a3c59735d25dbe5889f513341a2cd2ff9414321bd3c07faf1c3217f623e8c,"{""distance"":5,""physical_error_rate"":5e-05}","{""detection_events"":1858,""detectors_checked"":9175040}"
   8986624,         0,         0,    87.9,standalone_exact_mw,82025e6510dee7191a337377ca233259ac8dbd3ccaf9455e916f723ab2066810,"{""distance"":5,""physical_error_rate"":0.0001}","{""detection_events"":828986,""detectors_checked"":2013003776}"
     33792,         0,         0,   0.406,standalone_exact_mw,000a12f67b6d2f9febee6f900216609acb0c5281b533fe6e35129362572a0912,"{""distance"":5,""physical_error_rate"":0.0002}","{""detection_events"":6202,""detectors_checked"":7569408}"
      1024,         0,         0,   0.424,standalone_exact_mw,7a8ab0d03b7ead21ed40b3e2556c734d992a86585a3d666abe35fd996793b7e5,"{""distance"":5,""physical_error_rate"":0.0005}","{""detection_events"":433,""detectors_checked"":229376}"
  11301888,         0,         0,    87.9,standalone_exact_mw,352a3c59735d25dbe5889f513341a2cd2ff9414321bd3c07faf1c3217f623e8c,"{""distance"":5,""physical_error_rate"":5e-05}","{""detection_events"":520635,""detectors_checked"":2531622912}"
      6144,         0,         0,   0.418,standalone_exact_mw,af3bdaf1e2a77998ab67ff9e67a4429848721a57eb3f28bee3f98b2e28b36bb7,"{""distance"":5,""physical_error_rate"":0.001}","{""detection_events"":5449,""detectors_checked"":1376256}"
      6144,         0,         0,   0.462,standalone_exact_mw,af3bdaf1e2a77998ab67ff9e67a4429848721a57eb3f28bee3f98b2e28b36bb7,"{""distance"":5,""physical_error_rate"":0.001}","{""detection_events"":5694,""detectors_checked"":1376256}"
     61440,         0,         0,   0.567,standalone_exact_mw,82025e6510dee7191a337377ca233259ac8dbd3ccaf9455e916f723ab2066810,"{""distance"":5,""physical_error_rate"":0.0001}","{""detection_events"":5665,""detectors_checked"":13762560}"
     72704,         0,         0,   0.566,standalone_exact_mw,352a3c59735d25dbe5889f513341a2cd2ff9414321bd3c07faf1c3217f623e8c,"{""distance"":5,""physical_error_rate"":5e-05}","{""detection_events"":3249,""detectors_checked"":16285696}"
     26624,         0,         0,   0.592,standalone_exact_mw,7a8ab0d03b7ead21ed40b3e2556c734d992a86585a3d666abe35fd996793b7e5,"{""distance"":5,""physical_error_rate"":0.0005}","{""detection_events"":11845,""detectors_checked"":5963776}"
     43008,         0,         0,   0.573,standalone_exact_mw,000a12f67b6d2f9febee6f900216609acb0c5281b533fe6e35129362572a0912,"{""distance"":5,""physical_error_rate"":0.0002}","{""detection_events"":7714,""detectors_checked"":9633792}"
   9327616,         3,         0,    87.9,standalone_exact_mw,82025e6510dee7191a337377ca233259ac8dbd3ccaf9455e916f723ab2066810,"{""distance"":5,""physical_error_rate"":0.0001}","{""detection_events"":857460,""detectors_checked"":2089385984,""obs_mistake_mask=E"":3}"
      1297,         0,         0,   0.036,standalone_exact_mw,000a12f67b6d2f9febee6f900216609acb0c5281b533fe6e35129362572a0912,"{""distance"":5,""physical_error_rate"":0.0002}","{""detection_events"":217,""detectors_checked"":290528}"
      1024,         0,         0,   0.666,standalone_exact_mw,7a8ab0d03b7ead21ed40b3e2556c734d992a86585a3d666abe35fd996793b7e5,"{""distance"":5,""physical_error_rate"":0.0005}","{""detection_events"":468,""detectors_checked"":229376}"
      2048,         0,         0,   0.115,standalone_exact_mw,000a12f67b6d2f9febee6f900216609acb0c5281b533fe6e35129362572a0912,"{""distance"":5,""physical_error_rate"":0.0002}","{""detection_events"":324,""detectors_checked"":458752}"
      7168,         0,         0,   0.618,standalone_exact_mw,af3bdaf1e2a77998ab67ff9e67a4429848721a57eb3f28bee3f98b2e28b36bb7,"{""distance"":5,""physical_error_rate"":0.001}","{""detection_events"":6467,""detectors_checked"":1605632}"
      7168,         0,         0,   0.603,standalone_exact_mw,af3bdaf1e2a77998ab67ff9e67a4429848721a57eb3f28bee3f98b2e28b36bb7,"{""distance"":5,""physical_error_rate"":0.001}","{""detection_events"":6677,""detectors_checked"":1605632}"
   2234368,        30,         0,    88.1,standalone_exact_mw,af3bdaf1e2a77998ab67ff9e67a4429848721a57eb3f28bee3f98b2e28b36bb7,"{""distance"":5,""physical_error_rate"":0.001}","{""detection_events"":2049107,""detectors_checked"":500498432,""obs_mistake_mask=E"":30}"
      1024,         0,         0,   0.258,standalone_exact_mw,000a12f67b6d2f9febee6f900216609acb0c5281b533fe6e35129362572a0912,"{""distance"":5,""physical_error_rate"":0.0002}","{""detection_events"":200,""detectors_checked"":229376}"
     82944,         0,         0,   0.794,standalone_exact_mw,82025e6510dee7191a337377ca233259ac8dbd3ccaf9455e916f723ab2066810,"{""distance"":5,""physical_error_rate"":0.0001}","{""detection_events"":7569,""detectors_checked"":18579456}"
    103424,         0,         0,   0.796,standalone_exact_mw,352a3c59735d25dbe5889f513341a2cd2ff9414321bd3c07faf1c3217f623e8c,"{""distance"":5,""physical_error_rate"":5e-05}","{""detection_events"":4724,""detectors_checked"":23166976}"
      1024,         0,         0,   0.522,standalone_exact_mw,7a8ab0d03b7ead21ed40b3e2556c734d992a86585a3d666abe35fd996793b7e5,"{""distance"":5,""physical_error_rate"":0.0005}","{""detection_events"":491,""detectors_checked"":229376}"
     30720,         0,         0,   0.808,standalone_exact_mw,7a8ab0d03b7ead21ed40b3e2556c734d992a86585a3d666abe35fd996793b7e5,"{""distance"":5,""physical_error_rate"":0.0005}","{""detection_events"":13604,""detectors_checked"":6881280}"
     55296,         0,         0,   0.801,standalone_exact_mw,000a12f67b6d2f9febee6f900216609acb0c5281b533fe6e35129362572a0912,"{""distance"":5,""physical_error_rate"":0.0002}","{""detection_events"":10128,""detectors_checked"":12386304}"
      1024,         0,         0,   0.264,standalone_exact_mw,000a12f67b6d2f9febee6f900216609acb0c5281b533fe6e35129362572a0912,"{""distance"":5,""physical_error_rate"":0.0002}","{""detection_events"":181,""detectors_checked"":229376}"
    335872,         0,         0,    88.0,standalone_exact_mw,000a12f67b6d2f9febee6f900216609acb0c5281b533fe6e35129362572a0912,"{""distance"":5,""physical_error_rate"":0.0002}","{""detection_events"":61507,""detectors_checked"":75235328}"
      1024,         0,         0,   0.350,standalone_exact_mw,000a12f67b6d2f9febee6f900216609acb0c5281b533fe6e35129362572a0912,"{""distance"":5,""physical_error_rate"":0.0002}","{""detection_events"":195,""detectors_checked"":229376}"
     10240,         0,         0,   0.828,standalone_exact_mw,af3bdaf1e2a77998ab67ff9e67a4429848721a57eb3f28bee3f98b2e28b36bb7,"{""distance"":5,""physical_error_rate"":0.001}","{""detection_events"":9031,""detectors_checked"":2293760}"
     10240,         1,         0,   0.804,standalone_exact_mw,af3bdaf1e2a77998ab67ff9e67a4429848721a57eb3f28bee3f98b2e28b36bb7,"{""distance"":5,""physical_error_rate"":0.001}","{""detection_events"":9314,""detectors_checked"":2293760,""obs_mistake_mask=E"":1}"
      1024,         0,         0,   0.438,standalone_exact_mw,7a8ab0d03b7ead21ed40b3e2556c734d992a86585a3d666abe35fd996793b7e5,"{""distance"":5,""physical_error_rate"":0.0005}","{""detection_events"":453,""detectors_checked"":229376}"
      1024,         0,         0,   0.186,standalone_exact_mw,000a12f67b6d2f9febee6f900216609acb0c5281b533fe6e35129362572a0912,"{""distance"":5,""physical_error_rate"":0.0002}","{""detection_events"":158,""detectors_checked"":229376}"
    583680,         1,         0,    87.9,standalone_exact_mw,7a8ab0d03b7ead21ed40b3e2556c734d992a86585a3d666abe35fd996793b7e5,"{""distance"":5,""physical_error_rate"":0.0005}","{""detection_events"":268559,""detectors_checked"":130744320,""obs_mistake_mask=E"":1}"
    594944,         0,         0,    88.1,standalone_exact_mw,352a3c59735d25dbe5889f513341a2cd2ff9414321bd3c07faf1c3217f623e8c,"{""distance"":5,""physical_error_rate"":5e-05}","{""detection_events"":27481,""detectors_checked"":133267456}"
    317952,         4,         0,    88.8,standalone_exact_mw,af3bdaf1e2a77998ab67ff9e67a4429848721a57eb3f28bee3f98b2e28b36bb7,"{""distance"":5,""physical_error_rate"":0.001}","{""detection_events"":288878,""detectors_checked"":71221248,""obs_mistake_mask=E"":4}"
      1024,         0,         0,   0.267,standalone_exact_mw,000a12f67b6d2f9febee6f900216609acb0c5281b533fe6e35129362572a0912,"{""distance"":5,""physical_error_rate"":0.0002}","{""detection_events"":149,""detectors_checked"":229376}"
      1024,         0,         0,   0.465,standalone_exact_mw,7a8ab0d03b7ead21ed40b3e2556c734d992a86585a3d666abe35fd996793b7e5,"{""distance"":5,""physical_error_rate"":0.0005}","{""detection_events"":481,""detectors_checked"":229376}"
    520192,         1,         0,    87.6,standalone_exact_mw,82025e6510dee7191a337377ca233259ac8dbd3ccaf9455e916f723ab2066810,"{""distance"":5,""physical_error_rate"":0.0001}","{""detection_events"":48406,""detectors_checked"":116523008,""obs_mistake_mask=E"":1}"
    116736,         0,         0,    1.11,standalone_exact_mw,82025e6510dee7191a337377ca233259ac8dbd3ccaf9455e916f723ab2066810,"{""distance"":5,""physical_error_rate"":0.0001}","{""detection_events"":10571,""detectors_checked"":26148864}"
    142336,         0,         0,    1.11,standalone_exact_mw,352a3c59735d25dbe5889f513341a2cd2ff9414321bd3c07faf1c3217f623e8c,"{""distance"":5,""physical_error_rate"":5e-05}","{""detection_events"":6665,""detectors_checked"":31883264}"
     44032,         1,         0,    1.13,standalone_exact_mw,7a8ab0d03b7ead21ed40b3e2556c734d992a86585a3d666abe35fd996793b7e5,"{""distance"":5,""physical_error_rate"":0.0005}","{""detection_events"":20440,""detectors_checked"":9863168,""obs_mistake_mask=E"":1}"
     86016,         0,         0,    1.11,standalone_exact_mw,000a12f67b6d2f9febee6f900216609acb0c5281b533fe6e35129362572a0912,"{""distance"":5,""physical_error_rate"":0.0002}","{""detection_events"":15870,""detectors_checked"":19267584}"
      1024,         0,         0,   0.378,standalone_exact_mw,000a12f67b6d2f9febee6f900216609acb0c5281b533fe6e35129362572a0912,"{""distance"":5,""physical_error_rate"":0.0002}","{""detection_events"":162,""detectors_checked"":229376}"
    334848,         0,         0,    88.0,standalone_exact_mw,000a12f67b6d2f9febee6f900216609acb0c5281b533fe6e35129362572a0912,"{""distance"":5,""physical_error_rate"":0.0002}","{""detection_events"":61772,""detectors_checked"":75005952}"
      1024,         0,         0,   0.289,standalone_exact_mw,000a12f67b6d2f9febee6f900216609acb0c5281b533fe6e35129362572a0912,"{""distance"":5,""physical_error_rate"":0.0002}","{""detection_events"":181,""detectors_checked"":229376}"
      1024,         0,         0,   0.670,standalone_exact_mw,7a8ab0d03b7ead21ed40b3e2556c734d992a86585a3d666abe35fd996793b7e5,"{""distance"":5,""physical_error_rate"":0.0005}","{""detection_events"":475,""detectors_checked"":229376}"
      3072,         0,         0,    1.29,standalone_exact_mw,af3bdaf1e2a77998ab67ff9e67a4429848721a57eb3f28bee3f98b2e28b36bb7,"{""distance"":5,""physical_error_rate"":0.001}","{""detection_events"":2896,""detectors_checked"":688128}"
      1024,         0,         0,   0.292,standalone_exact_mw,000a12f67b6d2f9febee6f900216609acb0c5281b533fe6e35129362572a0912,"{""distance"":5,""physical_error_rate"":0.0002}","{""detection_events"":192,""detectors_checked"":229376}"
      4096,         0,         0,    1.47,standalone_exact_mw,af3bdaf1e2a77998ab67ff9e67a4429848721a57eb3f28bee3f98b2e28b36bb7,"{""distance"":5,""physical_error_rate"":0.001}","{""detection_events"":3867,""detectors_checked"":917504}"
      1024,         0,         0,   0.383,standalone_exact_mw,000a12f67b6d2f9febee6f900216609acb0c5281b533fe6e35129362572a0912,"{""distance"":5,""physical_error_rate"":0.0002}","{""detection_events"":207,""detectors_checked"":229376}"
    167936,         0,         0,    1.55,standalone_exact_mw,82025e6510dee7191a337377ca233259ac8dbd3ccaf9455e916f723ab2066810,"{""distance"":5,""physical_error_rate"":0.0001}","{""detection_events"":15397,""detectors_checked"":37617664}"
    199680,         0,         0,    1.56,standalone_exact_mw,352a3c59735d25dbe5889f513341a2cd2ff9414321bd3c07faf1c3217f623e8c,"{""distance"":5,""physical_error_rate"":5e-05}","{""detection_events"":9166,""detectors_checked"":44728320}"
    122880,         0,         0,    1.55,standalone_exact_mw,000a12f67b6d2f9febee6f900216609acb0c5281b533fe6e35129362572a0912,"{""distance"":5,""physical_error_rate"":0.0002}","{""detection_events"":22306,""detectors_checked"":27525120}"
     70656,         0,         0,    1.57,standalone_exact_mw,7a8ab0d03b7ead21ed40b3e2556c734d992a86585a3d666abe35fd996793b7e5,"{""distance"":5,""physical_error_rate"":0.0005}","{""detection_events"":32424,""detectors_checked"":15826944}"
      2048,         0,         0,    1.15,standalone_exact_mw,7a8ab0d03b7ead21ed40b3e2556c734d992a86585a3d666abe35fd996793b7e5,"{""distance"":5,""physical_error_rate"":0.0005}","{""detection_events"":930,""detectors_checked"":458752}"
      2048,         0,         0,   0.671,standalone_exact_mw,000a12f67b6d2f9febee6f900216609acb0c5281b533fe6e35129362572a0912,"{""distance"":5,""physical_error_rate"":0.0002}","{""detection_events"":411,""detectors_checked"":458752}"
    119808,         1,         0,    88.7,standalone_exact_mw,af3bdaf1e2a77998ab67ff9e67a4429848721a57eb3f28bee3f98b2e28b36bb7,"{""distance"":5,""physical_error_rate"":0.001}","{""detection_events"":109265,""detectors_checked"":26836992,""obs_mistake_mask=E"":1}"
      3072,         0,         0,   0.860,standalone_exact_mw,000a12f67b6d2f9febee6f900216609acb0c5281b533fe6e35129362572a0912,"{""distance"":5,""physical_error_rate"":0.0002}","{""detection_events"":542,""detectors_checked"":688128}"
      2048,         0,         0,    1.83,standalone_exact_mw,af3bdaf1e2a77998ab67ff9e67a4429848721a57eb3f28bee3f98b2e28b36bb7,"{""distance"":5,""physical_error_rate"":0.001}","{""detection_events"":1882,""detectors_checked"":458752}"
      2048,         0,         0,    1.06,standalone_exact_mw,7a8ab0d03b7ead21ed40b3e2556c734d992a86585a3d666abe35fd996793b7e5,"{""distance"":5,""physical_error_rate"":0.0005}","{""detection_events"":1003,""detectors_checked"":458752}"
      2048,         0,         0,    2.11,standalone_exact_mw,af3bdaf1e2a77998ab67ff9e67a4429848721a57eb3f28bee3f98b2e28b36bb7,"{""distance"":5,""physical_error_rate"":0.001}","{""detection_events"":1850,""detectors_checked"":458752}"
      3072,         0,         0,   0.799,standalone_exact_mw,000a12f67b6d2f9febee6f900216609acb0c5281b533fe6e35129362572a0912,"{""distance"":5,""physical_error_rate"":0.0002}","{""detection_events"":477,""detectors_checked"":688128}"
    236544,         0,         0,    2.18,standalone_exact_mw,82025e6510dee7191a337377ca233259ac8dbd3ccaf9455e916f723ab2066810,"{""distance"":5,""physical_error_rate"":0.0001}","{""detection_events"":21408,""detectors_checked"":52985856}"
    283648,         0,         0,    2.17,standalone_exact_mw,352a3c59735d25dbe5889f513341a2cd2ff9414321bd3c07faf1c3217f623e8c,"{""distance"":5,""physical_error_rate"":5e-05}","{""detection_events"":12906,""detectors_checked"":63537152}"
    168960,         0,         0,    2.17,standalone_exact_mw,000a12f67b6d2f9febee6f900216609acb0c5281b533fe6e35129362572a0912,"{""distance"":5,""physical_error_rate"":0.0002}","{""detection_events"":31444,""detectors_checked"":37847040}"
     96256,         0,         0,    2.19,standalone_exact_mw,7a8ab0d03b7ead21ed40b3e2556c734d992a86585a3d666abe35fd996793b7e5,"{""distance"":5,""physical_error_rate"":0.0005}","{""detection_events"":44445,""detectors_checked"":21561344}"
      2048,         0,         0,    1.15,standalone_exact_mw,7a8ab0d03b7ead21ed40b3e2556c734d992a86585a3d666abe35fd996793b7e5,"{""distance"":5,""physical_error_rate"":0.0005}","{""detection_events"":1020,""detectors_checked"":458752}"
    229376,         2,         0,    88.1,standalone_exact_mw,7a8ab0d03b7ead21ed40b3e2556c734d992a86585a3d666abe35fd996793b7e5,"{""distance"":5,""physical_error_rate"":0.0005}","{""detection_events"":104712,""detectors_checked"":51380224,""obs_mistake_mask=E"":2}"
      4096,         0,         0,    1.25,standalone_exact_mw,000a12f67b6d2f9febee6f900216609acb0c5281b533fe6e35129362572a0912,"{""distance"":5,""physical_error_rate"":0.0002}","{""detection_events"":853,""detectors_checked"":917504}"
   4728832,         0,         0,    44.9,standalone_exact_mw,82025e6510dee7191a337377ca233259ac8dbd3ccaf9455e916f723ab2066810,"{""distance"":5,""physical_error_rate"":0.0001}","{""detection_events"":436286,""detectors_checked"":1059258368}"
   5613568,         0,         0,    44.8,standalone_exact_mw,352a3c59735d25dbe5889f513341a2cd2ff9414321bd3c07faf1c3217f623e8c,"{""distance"":5,""physical_error_rate"":5e-05}","{""detection_events"":256456,""detectors_checked"":1257439232}"
      3072,         0,         0,    2.49,standalone_exact_mw,af3bdaf1e2a77998ab67ff9e67a4429848721a57eb3f28bee3f98b2e28b36bb7,"{""distance"":5,""physical_error_rate"":0.001}","{""detection_events"":2792,""detectors_checked"":688128}"
      3072,         0,         0,    1.62,standalone_exact_mw,7a8ab0d03b7ead21ed40b3e2556c734d992a86585a3d666abe35fd996793b7e5,"{""distance"":5,""physical_error_rate"":0.0005}","{""detection_events"":1356,""detectors_checked"":688128}"
      3072,         0,         0,    2.77,standalone_exact_mw,af3bdaf1e2a77998ab67ff9e67a4429848721a57eb3f28bee3f98b2e28b36bb7,"{""distance"":5,""physical_error_rate"":0.001}","{""detection_events"":2643,""detectors_checked"":688128}"
    166912,         0,         0,    44.5,standalone_exact_mw,000a12f67b6d2f9febee6f900216609acb0c5281b533fe6e35129362572a0912,"{""distance"":5,""physical_error_rate"":0.0002}","{""detection_events"":30451,""detectors_checked"":37388288}"
   6926336,         2,         0,    88.0,standalone_exact_mw,000a12f67b6d2f9febee6f900216609acb0c5281b533fe6e35129362572a0912,"{""distance"":5,""physical_error_rate"":0.0002}","{""detection_events"":1271918,""detectors_checked"":1551499264,""obs_mistake_mask=E"":2}"
      5120,         0,         0,    1.73,standalone_exact_mw,000a12f67b6d2f9febee6f900216609acb0c5281b533fe6e35129362572a0912,"{""distance"":5,""physical_error_rate"":0.0002}","{""detection_events"":907,""detectors_checked"":1146880}"
   3830784,        12,         0,    88.1,standalone_exact_mw,7a8ab0d03b7ead21ed40b3e2556c734d992a86585a3d666abe35fd996793b7e5,"{""distance"":5,""physical_error_rate"":0.0005}","{""detection_events"":1759185,""detectors_checked"":858095616,""obs_mistake_mask=E"":12}"
    323584,         0,         0,    3.04,standalone_exact_mw,82025e6510dee7191a337377ca233259ac8dbd3ccaf9455e916f723ab2066810,"{""distance"":5,""physical_error_rate"":0.0001}","{""detection_events"":29703,""detectors_checked"":72482816}"
   2249728,        30,         0,    88.1,standalone_exact_mw,af3bdaf1e2a77998ab67ff9e67a4429848721a57eb3f28bee3f98b2e28b36bb7,"{""distance"":5,""physical_error_rate"":0.001}","{""detection_events"":2057311,""detectors_checked"":503939072,""obs_mistake_mask=E"":30}"
    398336,         0,         0,    3.04,standalone_exact_mw,352a3c59735d25dbe5889f513341a2cd2ff9414321bd3c07faf1c3217f623e8c,"{""distance"":5,""physical_error_rate"":5e-05}","{""detection_events"":18503,""detectors_checked"":89227264}"
    235520,         0,         0,    3.04,standalone_exact_mw,000a12f67b6d2f9febee6f900216609acb0c5281b533fe6e35129362572a0912,"{""distance"":5,""physical_error_rate"":0.0002}","{""detection_events"":43431,""detectors_checked"":52756480}"
    140288,         0,         0,    3.07,standalone_exact_mw,7a8ab0d03b7ead21ed40b3e2556c734d992a86585a3d666abe35fd996793b7e5,"{""distance"":5,""physical_error_rate"":0.0005}","{""detection_events"":64991,""detectors_checked"":31424512}"
    136192,         1,         0,    45.0,standalone_exact_mw,7a8ab0d03b7ead21ed40b3e2556c734d992a86585a3d666abe35fd996793b7e5,"{""distance"":5,""physical_error_rate"":0.0005}","{""detection_events"":62722,""detectors_checked"":30507008,""obs_mistake_mask=E"":1}"
    216576,         2,         0,    45.0,standalone_exact_mw,af3bdaf1e2a77998ab67ff9e67a4429848721a57eb3f28bee3f98b2e28b36bb7,"{""distance"":5,""physical_error_rate"":0.001}","{""detection_events"":198772,""detectors_checked"":48513024,""obs_mistake_mask=E"":2}"
      5120,         0,         0,    2.46,standalone_exact_mw,7a8ab0d03b7ead21ed40b3e2556c734d992a86585a3d666abe35fd996793b7e5,"{""distance"":5,""physical_error_rate"":0.0005}","{""detection_events"":2265,""detectors_checked"":1146880}"
      4096,         0,         0,    3.13,standalone_exact_mw,af3bdaf1e2a77998ab67ff9e67a4429848721a57eb3f28bee3f98b2e28b36bb7,"{""distance"":5,""physical_error_rate"":0.001}","{""detection_events"":3685,""detectors_checked"":917504}"
     37888,         2,         0,    3.63,standalone_exact_mw,af3bdaf1e2a77998ab67ff9e67a4429848721a57eb3f28bee3f98b2e28b36bb7,"{""distance"":5,""physical_error_rate"":0.001}","{""detection_events"":35443,""detectors_checked"":8486912,""obs_mistake_mask=E"":2}"
      8192,         0,         0,    2.50,standalone_exact_mw,000a12f67b6d2f9febee6f900216609acb0c5281b533fe6e35129362572a0912,"{""distance"":5,""physical_error_rate"":0.0002}","{""detection_events"":1488,""detectors_checked"":1835008}"
    440320,         0,         0,    4.26,standalone_exact_mw,82025e6510dee7191a337377ca233259ac8dbd3ccaf9455e916f723ab2066810,"{""distance"":5,""physical_error_rate"":0.0001}","{""detection_events"":40890,""detectors_checked"":98631680}"
    556032,         0,         0,    4.25,standalone_exact_mw,352a3c59735d25dbe5889f513341a2cd2ff9414321bd3c07faf1c3217f623e8c,"{""distance"":5,""physical_error_rate"":5e-05}","{""detection_events"":25351,""detectors_checked"":124551168}"
    326656,         0,         0,    4.27,standalone_exact_mw,000a12f67b6d2f9febee6f900216609acb0c5281b533fe6e35129362572a0912,"{""distance"":5,""physical_error_rate"":0.0002}","{""detection_events"":59948,""detectors_checked"":73170944}"
    162816,         1,         0,    4.28,standalone_exact_mw,7a8ab0d03b7ead21ed40b3e2556c734d992a86585a3d666abe35fd996793b7e5,"{""distance"":5,""physical_error_rate"":0.0005}","{""detection_events"":73916,""detectors_checked"":36470784,""obs_mistake_mask=E"":1}"
      7168,         0,         0,    3.50,standalone_exact_mw,7a8ab0d03b7ead21ed40b3e2556c734d992a86585a3d666abe35fd996793b7e5,"{""distance"":5,""physical_error_rate"":0.0005}","{""detection_events"":3224,""detectors_checked"":1605632}"
     12288,         0,         0,    3.07,standalone_exact_mw,000a12f67b6d2f9febee6f900216609acb0c5281b533fe6e35129362572a0912,"{""distance"":5,""physical_error_rate"":0.0002}","{""detection_events"":2317,""detectors_checked"":2752512}"
     22528,         1,         0,    4.81,standalone_exact_mw,af3bdaf1e2a77998ab67ff9e67a4429848721a57eb3f28bee3f98b2e28b36bb7,"{""distance"":5,""physical_error_rate"":0.001}","{""detection_events"":20022,""detectors_checked"":5046272,""obs_mistake_mask=E"":1}"
     19456,         1,         0,    5.07,standalone_exact_mw,af3bdaf1e2a77998ab67ff9e67a4429848721a57eb3f28bee3f98b2e28b36bb7,"{""distance"":5,""physical_error_rate"":0.001}","{""detection_events"":17718,""detectors_checked"":4358144,""obs_mistake_mask=E"":1}"
      8192,         0,         0,    4.34,standalone_exact_mw,7a8ab0d03b7ead21ed40b3e2556c734d992a86585a3d666abe35fd996793b7e5,"{""distance"":5,""physical_error_rate"":0.0005}","{""detection_events"":3737,""detectors_checked"":1835008}"
     17408,         0,         0,    4.54,standalone_exact_mw,000a12f67b6d2f9febee6f900216609acb0c5281b533fe6e35129362572a0912,"{""distance"":5,""physical_error_rate"":0.0002}","{""detection_events"":3185,""detectors_checked"":3899392}"
    638976,         0,         0,    5.96,standalone_exact_mw,82025e6510dee7191a337377ca233259ac8dbd3ccaf9455e916f723ab2066810,"{""distance"":5,""physical_error_rate"":0.0001}","{""detection_events"":59006,""detectors_checked"":143130624}"
    775168,         0,         0,    5.96,standalone_exact_mw,352a3c59735d25dbe5889f513341a2cd2ff9414321bd3c07faf1c3217f623e8c,"{""distance"":5,""physical_error_rate"":5e-05}","{""detection_events"":35171,""detectors_checked"":173637632}"
    470016,         0,         0,    5.97,standalone_exact_mw,000a12f67b6d2f9febee6f900216609acb0c5281b533fe6e35129362572a0912,"{""distance"":5,""physical_error_rate"":0.0002}","{""detection_events"":87207,""detectors_checked"":105283584}"
    273408,         1,         0,    5.98,standalone_exact_mw,7a8ab0d03b7ead21ed40b3e2556c734d992a86585a3d666abe35fd996793b7e5,"{""distance"":5,""physical_error_rate"":0.0005}","{""detection_events"":124283,""detectors_checked"":61243392,""obs_mistake_mask=E"":1}"
      7168,         0,         0,    6.52,standalone_exact_mw,af3bdaf1e2a77998ab67ff9e67a4429848721a57eb3f28bee3f98b2e28b36bb7,"{""distance"":5,""physical_error_rate"":0.001}","{""detection_events"":6630,""detectors_checked"":1605632}"
      8192,         0,         0,    6.90,standalone_exact_mw,af3bdaf1e2a77998ab67ff9e67a4429848721a57eb3f28bee3f98b2e28b36bb7,"{""distance"":5,""physical_error_rate"":0.001}","{""detection_events"":7446,""detectors_checked"":1835008}"
     12288,         0,         0,    6.25,standalone_exact_mw,7a8ab0d03b7ead21ed40b3e2556c734d992a86585a3d666abe35fd996793b7e5,"{""distance"":5,""physical_error_rate"":0.0005}","{""detection_events"":5651,""detectors_checked"":2752512}"
     21504,         0,         0,    6.17,standalone_exact_mw,000a12f67b6d2f9febee6f900216609acb0c5281b533fe6e35129362572a0912,"{""distance"":5,""physical_error_rate"":0.0002}","{""detection_events"":4002,""detectors_checked"":4816896}"
    897024,         0,         0,    8.34,standalone_exact_mw,82025e6510dee7191a337377ca233259ac8dbd3ccaf9455e916f723ab2066810,"{""distance"":5,""physical_error_rate"":0.0001}","{""detection_events"":82438,""detectors_checked"":200933376}"
   1093632,         0,         0,    8.34,standalone_exact_mw,352a3c59735d25dbe5889f513341a2cd2ff9414321bd3c07faf1c3217f623e8c,"{""distance"":5,""physical_error_rate"":5e-05}","{""detection_events"":49823,""detectors_checked"":244973568}"
    657408,         1,         0,    8.36,standalone_exact_mw,000a12f67b6d2f9febee6f900216609acb0c5281b533fe6e35129362572a0912,"{""distance"":5,""physical_error_rate"":0.0002}","{""detection_events"":120654,""detectors_checked"":147259392,""obs_mistake_mask=E"":1}"
    372736,         0,         0,    8.37,standalone_exact_mw,7a8ab0d03b7ead21ed40b3e2556c734d992a86585a3d666abe35fd996793b7e5,"{""distance"":5,""physical_error_rate"":0.0005}","{""detection_events"":172801,""detectors_checked"":83492864}"
     10240,         0,         0,    9.17,standalone_exact_mw,af3bdaf1e2a77998ab67ff9e67a4429848721a57eb3f28bee3f98b2e28b36bb7,"{""distance"":5,""physical_error_rate"":0.001}","{""detection_events"":9383,""detectors_checked"":2293760}"
     11264,         0,         0,    9.10,standalone_exact_mw,af3bdaf1e2a77998ab67ff9e67a4429848721a57eb3f28bee3f98b2e28b36bb7,"{""distance"":5,""physical_error_rate"":0.001}","{""detection_events"":10520,""detectors_checked"":2523136}"
   9100288,         0,         0,    87.9,standalone_exact_mw,82025e6510dee7191a337377ca233259ac8dbd3ccaf9455e916f723ab2066810,"{""distance"":5,""physical_error_rate"":0.0001}","{""detection_events"":836022,""detectors_checked"":2038464512}"
  11445248,         1,         0,    87.9,standalone_exact_mw,352a3c59735d25dbe5889f513341a2cd2ff9414321bd3c07faf1c3217f623e8c,"{""distance"":5,""physical_error_rate"":5e-05}","{""detection_events"":526009,""detectors_checked"":2563735552,""obs_mistake_mask=E"":1}"
     18432,         0,         0,    8.63,standalone_exact_mw,7a8ab0d03b7ead21ed40b3e2556c734d992a86585a3d666abe35fd996793b7e5,"{""distance"":5,""physical_error_rate"":0.0005}","{""detection_events"":8404,""detectors_checked"":4128768}"
    102400,         0,         0,    8.61,standalone_exact_mw,000a12f67b6d2f9febee6f900216609acb0c5281b533fe6e35129362572a0912,"{""distance"":5,""physical_error_rate"":0.0002}","{""detection_events"":18812,""detectors_checked"":22937600}"
    325632,         0,         0,    87.5,standalone_exact_mw,000a12f67b6d2f9febee6f900216609acb0c5281b533fe6e35129362572a0912,"{""distance"":5,""physical_error_rate"":0.0002}","{""detection_events"":59974,""detectors_checked"":72941568}"
    221184,         0,         0,    87.7,standalone_exact_mw,7a8ab0d03b7ead21ed40b3e2556c734d992a86585a3d666abe35fd996793b7e5,"{""distance"":5,""physical_error_rate"":0.0005}","{""detection_events"":101949,""detectors_checked"":49545216}"
   1251328,         0,         0,    11.7,standalone_exact_mw,82025e6510dee7191a337377ca233259ac8dbd3ccaf9455e916f723ab2066810,"{""distance"":5,""physical_error_rate"":0.0001}","{""detection_events"":114800,""detectors_checked"":280297472}"
   1526784,         0,         0,    11.7,standalone_exact_mw,352a3c59735d25dbe5889f513341a2cd2ff9414321bd3c07faf1c3217f623e8c,"{""distance"":5,""physical_error_rate"":5e-05}","{""detection_events"":69456,""detectors_checked"":341999616}"
    908288,         0,         0,    11.7,standalone_exact_mw,000a12f67b6d2f9febee6f900216609acb0c5281b533fe6e35129362572a0912,"{""distance"":5,""physical_error_rate"":0.0002}","{""detection_events"":165876,""detectors_checked"":203456512}"
    529408,         1,         0,    11.7,standalone_exact_mw,7a8ab0d03b7ead21ed40b3e2556c734d992a86585a3d666abe35fd996793b7e5,"{""distance"":5,""physical_error_rate"":0.0005}","{""detection_events"":242598,""detectors_checked"":118587392,""obs_mistake_mask=E"":1}"
     22528,         0,         0,    11.7,standalone_exact_mw,af3bdaf1e2a77998ab67ff9e67a4429848721a57eb3f28bee3f98b2e28b36bb7,"{""distance"":5,""physical_error_rate"":0.001}","{""detection_events"":20502,""detectors_checked"":5046272}"
     13312,         0,         0,    12.1,standalone_exact_mw,af3bdaf1e2a77998ab67ff9e67a4429848721a57eb3f28bee3f98b2e28b36bb7,"{""distance"":5,""physical_error_rate"":0.001}","{""detection_events"":12383,""detectors_checked"":2981888}"
     22528,         1,         0,    11.8,standalone_exact_mw,7a8ab0d03b7ead21ed40b3e2556c734d992a86585a3d666abe35fd996793b7e5,"{""distance"":5,""physical_error_rate"":0.0005}","{""detection_events"":10217,""detectors_checked"":5046272,""obs_mistake_mask=E"":1}"
     40960,         0,         0,    11.7,standalone_exact_mw,000a12f67b6d2f9febee6f900216609acb0c5281b533fe6e35129362572a0912,"{""distance"":5,""physical_error_rate"":0.0002}","{""detection_events"":7308,""detectors_checked"":9175040}"
    121856,         2,         0,    88.6,standalone_exact_mw,af3bdaf1e2a77998ab67ff9e67a4429848721a57eb3f28bee3f98b2e28b36bb7,"{""distance"":5,""physical_error_rate"":0.001}","{""detection_events"":112222,""detectors_checked"":27295744,""obs_mistake_mask=E"":2}"
   1752064,         0,         0,    16.3,standalone_exact_mw,82025e6510dee7191a337377ca233259ac8dbd3ccaf9455e916f723ab2066810,"{""distance"":5,""physical_error_rate"":0.0001}","{""detection_events"":160844,""detectors_checked"":392462336}"
   2126848,         0,         0,    16.3,standalone_exact_mw,352a3c59735d25dbe5889f513341a2cd2ff9414321bd3c07faf1c3217f623e8c,"{""distance"":5,""physical_error_rate"":5e-05}","{""detection_events"":97484,""detectors_checked"":476413952}"
   1308672,         1,         0,    16.4,standalone_exact_mw,000a12f67b6d2f9febee6f900216609acb0c5281b533fe6e35129362572a0912,"{""distance"":5,""physical_error_rate"":0.0002}","{""detection_events"":239555,""detectors_checked"":293142528,""obs_mistake_mask=E"":1}"
    732160,         1,         0,    16.4,standalone_exact_mw,7a8ab0d03b7ead21ed40b3e2556c734d992a86585a3d666abe35fd996793b7e5,"{""distance"":5,""physical_error_rate"":0.0005}","{""detection_events"":338115,""detectors_checked"":164003840,""obs_mistake_mask=E"":1}"
     31744,         1,         0,    16.7,standalone_exact_mw,af3bdaf1e2a77998ab67ff9e67a4429848721a57eb3f28bee3f98b2e28b36bb7,"{""distance"":5,""physical_error_rate"":0.001}","{""detection_events"":28833,""detectors_checked"":7110656,""obs_mistake_mask=E"":1}"
    115712,         1,         0,    16.5,standalone_exact_mw,af3bdaf1e2a77998ab67ff9e67a4429848721a57eb3f28bee3f98b2e28b36bb7,"{""distance"":5,""physical_error_rate"":0.001}","{""detection_events"":106862,""detectors_checked"":25919488,""obs_mistake_mask=E"":1}"
     33792,         0,         0,    16.6,standalone_exact_mw,7a8ab0d03b7ead21ed40b3e2556c734d992a86585a3d666abe35fd996793b7e5,"{""distance"":5,""physical_error_rate"":0.0005}","{""detection_events"":15840,""detectors_checked"":7569408}"
    133120,         0,         0,    16.5,standalone_exact_mw,000a12f67b6d2f9febee6f900216609acb0c5281b533fe6e35129362572a0912,"{""distance"":5,""physical_error_rate"":0.0002}","{""detection_events"":24435,""detectors_checked"":29818880}"
   6647808,         2,         0,    62.8,standalone_exact_mw,82025e6510dee7191a337377ca233259ac8dbd3ccaf9455e916f723ab2066810,"{""distance"":5,""physical_error_rate"":0.0001}","{""detection_events"":612646,""detectors_checked"":1489108992,""obs_mistake_mask=E"":2}"
   7919616,         0,         0,    62.8,standalone_exact_mw,352a3c59735d25dbe5889f513341a2cd2ff9414321bd3c07faf1c3217f623e8c,"{""distance"":5,""physical_error_rate"":5e-05}","{""detection_events"":365037,""detectors_checked"":1773993984}"
    222208,         0,         0,    62.8,standalone_exact_mw,000a12f67b6d2f9febee6f900216609acb0c5281b533fe6e35129362572a0912,"{""distance"":5,""physical_error_rate"":0.0002}","{""detection_events"":40376,""detectors_checked"":49774592}"
    129024,         0,         0,    63.2,standalone_exact_mw,7a8ab0d03b7ead21ed40b3e2556c734d992a86585a3d666abe35fd996793b7e5,"{""distance"":5,""physical_error_rate"":0.0005}","{""detection_events"":58925,""detectors_checked"":28901376}"
     90112,         0,         0,    63.4,standalone_exact_mw,af3bdaf1e2a77998ab67ff9e67a4429848721a57eb3f28bee3f98b2e28b36bb7,"{""distance"":5,""physical_error_rate"":0.001}","{""detection_events"":83024,""detectors_checked"":20185088}"
   2429952,         0,         0,    22.9,standalone_exact_mw,82025e6510dee7191a337377ca233259ac8dbd3ccaf9455e916f723ab2066810,"{""distance"":5,""physical_error_rate"":0.0001}","{""detection_events"":222854,""detectors_checked"":544309248}"
   2991104,         0,         0,    22.9,standalone_exact_mw,352a3c59735d25dbe5889f513341a2cd2ff9414321bd3c07faf1c3217f623e8c,"{""distance"":5,""physical_error_rate"":5e-05}","{""detection_events"":137968,""detectors_checked"":670007296}"
   1793024,         2,         0,    22.9,standalone_exact_mw,000a12f67b6d2f9febee6f900216609acb0c5281b533fe6e35129362572a0912,"{""distance"":5,""physical_error_rate"":0.0002}","{""detection_events"":328799,""detectors_checked"":401637376,""obs_mistake_mask=E"":2}"
   1026048,         3,         0,    22.9,standalone_exact_mw,7a8ab0d03b7ead21ed40b3e2556c734d992a86585a3d666abe35fd996793b7e5,"{""distance"":5,""physical_error_rate"":0.0005}","{""detection_events"":470059,""detectors_checked"":229834752,""obs_mistake_mask=E"":3}"
     50176,         0,         0,    23.2,standalone_exact_mw,af3bdaf1e2a77998ab67ff9e67a4429848721a57eb3f28bee3f98b2e28b36bb7,"{""distance"":5,""physical_error_rate"":0.001}","{""detection_events"":45629,""detectors_checked"":11239424}"
    102400,         2,         0,    23.3,standalone_exact_mw,af3bdaf1e2a77998ab67ff9e67a4429848721a57eb3f28bee3f98b2e28b36bb7,"{""distance"":5,""physical_error_rate"":0.001}","{""detection_events"":93501,""detectors_checked"":22937600,""obs_mistake_mask=E"":2}"
     50176,         0,         0,    23.0,standalone_exact_mw,7a8ab0d03b7ead21ed40b3e2556c734d992a86585a3d666abe35fd996793b7e5,"{""distance"":5,""physical_error_rate"":0.0005}","{""detection_events"":23154,""detectors_checked"":11239424}"
    138240,         0,         0,    22.6,standalone_exact_mw,000a12f67b6d2f9febee6f900216609acb0c5281b533fe6e35129362572a0912,"{""distance"":5,""physical_error_rate"":0.0002}","{""detection_events"":25410,""detectors_checked"":30965760}"
   3368960,         0,         0,    32.0,standalone_exact_mw,82025e6510dee7191a337377ca233259ac8dbd3ccaf9455e916f723ab2066810,"{""distance"":5,""physical_error_rate"":0.0001}","{""detection_events"":310642,""detectors_checked"":754647040}"
   4112384,         0,         0,    32.0,standalone_exact_mw,352a3c59735d25dbe5889f513341a2cd2ff9414321bd3c07faf1c3217f623e8c,"{""distance"":5,""physical_error_rate"":5e-05}","{""detection_events"":190630,""detectors_checked"":921174016}"
   2471936,         1,         0,    32.1,standalone_exact_mw,000a12f67b6d2f9febee6f900216609acb0c5281b533fe6e35129362572a0912,"{""distance"":5,""physical_error_rate"":0.0002}","{""detection_events"":454832,""detectors_checked"":553713664,""obs_mistake_mask=E"":1}"
   1422336,         7,         0,    32.1,standalone_exact_mw,7a8ab0d03b7ead21ed40b3e2556c734d992a86585a3d666abe35fd996793b7e5,"{""distance"":5,""physical_error_rate"":0.0005}","{""detection_events"":653273,""detectors_checked"":318603264,""obs_mistake_mask=E"":7}"
     39936,         0,         0,    32.6,standalone_exact_mw,af3bdaf1e2a77998ab67ff9e67a4429848721a57eb3f28bee3f98b2e28b36bb7,"{""distance"":5,""physical_error_rate"":0.001}","{""detection_events"":36635,""detectors_checked"":8945664}"
     39936,         1,         0,    32.2,standalone_exact_mw,af3bdaf1e2a77998ab67ff9e67a4429848721a57eb3f28bee3f98b2e28b36bb7,"{""distance"":5,""physical_error_rate"":0.001}","{""detection_events"":36287,""detectors_checked"":8945664,""obs_mistake_mask=E"":1}"
  12500992,         2,         0,   119.6,standalone_exact_mw,82025e6510dee7191a337377ca233259ac8dbd3ccaf9455e916f723ab2066810,"{""distance"":5,""physical_error_rate"":0.0001}","{""detection_events"":1151038,""detectors_checked"":2800222208,""obs_mistake_mask=E"":2}"
  14407680,         1,         0,   119.5,standalone_exact_mw,352a3c59735d25dbe5889f513341a2cd2ff9414321bd3c07faf1c3217f623e8c,"{""distance"":5,""physical_error_rate"":5e-05}","{""detection_events"":661092,""detectors_checked"":3227320320,""obs_mistake_mask=E"":1}"
   9451520,         4,         0,   119.7,standalone_exact_mw,000a12f67b6d2f9febee6f900216609acb0c5281b533fe6e35129362572a0912,"{""distance"":5,""physical_error_rate"":0.0002}","{""detection_events"":1738017,""detectors_checked"":2117140480,""obs_mistake_mask=E"":4}"
   5338112,        12,         0,   119.8,standalone_exact_mw,7a8ab0d03b7ead21ed40b3e2556c734d992a86585a3d666abe35fd996793b7e5,"{""distance"":5,""physical_error_rate"":0.0005}","{""detection_events"":2445418,""detectors_checked"":1195737088,""obs_mistake_mask=E"":12}"
   2999296,        45,         0,   119.9,standalone_exact_mw,af3bdaf1e2a77998ab67ff9e67a4429848721a57eb3f28bee3f98b2e28b36bb7,"{""distance"":5,""physical_error_rate"":0.001}","{""detection_events"":2747300,""detectors_checked"":671842304,""obs_mistake_mask=E"":45}"
   9425920,         5,         0,   119.7,standalone_exact_mw,000a12f67b6d2f9febee6f900216609acb0c5281b533fe6e35129362572a0912,"{""distance"":5,""physical_error_rate"":0.0002}","{""detection_events"":1733643,""detectors_checked"":2111406080,""obs_mistake_mask=E"":5}"
   5348352,        19,         0,   119.8,standalone_exact_mw,7a8ab0d03b7ead21ed40b3e2556c734d992a86585a3d666abe35fd996793b7e5,"{""distance"":5,""physical_error_rate"":0.0005}","{""detection_events"":2456477,""detectors_checked"":1198030848,""obs_mistake_mask=E"":19}"
    823296,         0,         0,    32.0,standalone_exact_mw,000a12f67b6d2f9febee6f900216609acb0c5281b533fe6e35129362572a0912,"{""distance"":5,""physical_error_rate"":0.0002}","{""detection_events"":151493,""detectors_checked"":184418304}"
   3018752,        33,         0,   119.9,standalone_exact_mw,af3bdaf1e2a77998ab67ff9e67a4429848721a57eb3f28bee3f98b2e28b36bb7,"{""distance"":5,""physical_error_rate"":0.001}","{""detection_events"":2761860,""detectors_checked"":676200448,""obs_mistake_mask=E"":33}"
     68608,         0,         0,    32.2,standalone_exact_mw,7a8ab0d03b7ead21ed40b3e2556c734d992a86585a3d666abe35fd996793b7e5,"{""distance"":5,""physical_error_rate"":0.0005}","{""detection_events"":31098,""detectors_checked"":15368192}"
    445440,         0,         0,   119.3,standalone_exact_mw,000a12f67b6d2f9febee6f900216609acb0c5281b533fe6e35129362572a0912,"{""distance"":5,""physical_error_rate"":0.0002}","{""detection_events"":81098,""detectors_checked"":99778560}"
    711680,         0,         0,   119.4,standalone_exact_mw,352a3c59735d25dbe5889f513341a2cd2ff9414321bd3c07faf1c3217f623e8c,"{""distance"":5,""physical_error_rate"":5e-05}","{""detection_events"":32729,""detectors_checked"":159416320}"
    731136,         0,         0,   119.1,standalone_exact_mw,352a3c59735d25dbe5889f513341a2cd2ff9414321bd3c07faf1c3217f623e8c,"{""distance"":5,""physical_error_rate"":5e-05}","{""detection_events"":33935,""detectors_checked"":163774464}"
    584704,         0,         0,   119.4,standalone_exact_mw,82025e6510dee7191a337377ca233259ac8dbd3ccaf9455e916f723ab2066810,"{""distance"":5,""physical_error_rate"":0.0001}","{""detection_events"":53327,""detectors_checked"":130973696}"
    582656,         1,         0,   119.4,standalone_exact_mw,82025e6510dee7191a337377ca233259ac8dbd3ccaf9455e916f723ab2066810,"{""distance"":5,""physical_error_rate"":0.0001}","{""detection_events"":53791,""detectors_checked"":130514944,""obs_mistake_mask=E"":1}"
  15417344,         0,         0,   119.5,standalone_exact_mw,352a3c59735d25dbe5889f513341a2cd2ff9414321bd3c07faf1c3217f623e8c,"{""distance"":5,""physical_error_rate"":5e-05}","{""detection_events"":709484,""detectors_checked"":3453485056}"
  12422144,         3,         0,   119.6,standalone_exact_mw,82025e6510dee7191a337377ca233259ac8dbd3ccaf9455e916f723ab2066810,"{""distance"":5,""physical_error_rate"":0.0001}","{""detection_events"":1139000,""detectors_checked"":2782560256,""obs_mistake_mask=E"":3}"
    247808,         0,         0,   119.9,standalone_exact_mw,7a8ab0d03b7ead21ed40b3e2556c734d992a86585a3d666abe35fd996793b7e5,"{""distance"":5,""physical_error_rate"":0.0005}","{""detection_events"":113319,""detectors_checked"":55508992}"
  15440896,         1,         0,   119.5,standalone_exact_mw,352a3c59735d25dbe5889f513341a2cd2ff9414321bd3c07faf1c3217f623e8c,"{""distance"":5,""physical_error_rate"":5e-05}","{""detection_events"":707560,""detectors_checked"":3458760704,""obs_mistake_mask=E"":1}"
  12601344,         2,         0,   119.6,standalone_exact_mw,82025e6510dee7191a337377ca233259ac8dbd3ccaf9455e916f723ab2066810,"{""distance"":5,""physical_error_rate"":0.0001}","{""detection_events"":1159613,""detectors_checked"":2822701056,""obs_mistake_mask=E"":2}"
   3052544,        43,         0,   119.9,standalone_exact_mw,af3bdaf1e2a77998ab67ff9e67a4429848721a57eb3f28bee3f98b2e28b36bb7,"{""distance"":5,""physical_error_rate"":0.001}","{""detection_events"":2795449,""detectors_checked"":683769856,""obs_mistake_mask=E"":43}"
    439296,         0,         0,   119.5,standalone_exact_mw,000a12f67b6d2f9febee6f900216609acb0c5281b533fe6e35129362572a0912,"{""distance"":5,""physical_error_rate"":0.0002}","{""detection_events"":80713,""detectors_checked"":98402304}"
    250880,         1,         0,   119.9,standalone_exact_mw,7a8ab0d03b7ead21ed40b3e2556c734d992a86585a3d666abe35fd996793b7e5,"{""distance"":5,""physical_error_rate"":0.0005}","{""detection_events"":113779,""detectors_checked"":56197120,""obs_mistake_mask=E"":1}"
    726016,         0,         0,   119.4,standalone_exact_mw,352a3c59735d25dbe5889f513341a2cd2ff9414321bd3c07faf1c3217f623e8c,"{""distance"":5,""physical_error_rate"":5e-05}","{""detection_events"":33669,""detectors_checked"":162627584}"
    712704,         0,         0,   119.4,standalone_exact_mw,82025e6510dee7191a337377ca233259ac8dbd3ccaf9455e916f723ab2066810,"{""distance"":5,""physical_error_rate"":0.0001}","{""detection_events"":65674,""detectors_checked"":159645696}"
    182272,         0,         0,   120.2,standalone_exact_mw,af3bdaf1e2a77998ab67ff9e67a4429848721a57eb3f28bee3f98b2e28b36bb7,"{""distance"":5,""physical_error_rate"":0.001}","{""detection_events"":165096,""detectors_checked"":40828928}"
    804864,         1,         0,   119.4,standalone_exact_mw,000a12f67b6d2f9febee6f900216609acb0c5281b533fe6e35129362572a0912,"{""distance"":5,""physical_error_rate"":0.0002}","{""detection_events"":148394,""detectors_checked"":180289536,""obs_mistake_mask=E"":1}"
    434176,         9,         0,   120.4,standalone_exact_mw,af3bdaf1e2a77998ab67ff9e67a4429848721a57eb3f28bee3f98b2e28b36bb7,"{""distance"":5,""physical_error_rate"":0.001}","{""detection_events"":396823,""detectors_checked"":97255424,""obs_mistake_mask=E"":9}"
    559104,         3,         0,   119.9,standalone_exact_mw,7a8ab0d03b7ead21ed40b3e2556c734d992a86585a3d666abe35fd996793b7e5,"{""distance"":5,""physical_error_rate"":0.0005}","{""detection_events"":256402,""detectors_checked"":125239296,""obs_mistake_mask=E"":3}"
   9506816,         3,         0,   119.7,standalone_exact_mw,000a12f67b6d2f9febee6f900216609acb0c5281b533fe6e35129362572a0912,"{""distance"":5,""physical_error_rate"":0.0002}","{""detection_events"":1746808,""detectors_checked"":2129526784,""obs_mistake_mask=E"":3}"
   5234688,        20,         0,   119.8,standalone_exact_mw,7a8ab0d03b7ead21ed40b3e2556c734d992a86585a3d666abe35fd996793b7e5,"{""distance"":5,""physical_error_rate"":0.0005}","{""detection_events"":2400016,""detectors_checked"":1172570112,""obs_mistake_mask=E"":20}"
   3090432,        52,         0,   119.9,standalone_exact_mw,af3bdaf1e2a77998ab67ff9e67a4429848721a57eb3f28bee3f98b2e28b36bb7,"{""distance"":5,""physical_error_rate"":0.001}","{""detection_events"":2829380,""detectors_checked"":692256768,""obs_mistake_mask=E"":52}"
  12334080,         0,         0,   119.6,standalone_exact_mw,82025e6510dee7191a337377ca233259ac8dbd3ccaf9455e916f723ab2066810,"{""distance"":5,""physical_error_rate"":0.0001}","{""detection_events"":1134351,""detectors_checked"":2762833920}"
  15385600,         0,         0,   119.5,standalone_exact_mw,352a3c59735d25dbe5889f513341a2cd2ff9414321bd3c07faf1c3217f623e8c,"{""distance"":5,""physical_error_rate"":5e-05}","{""detection_events"":709593,""detectors_checked"":3446374400}"
    514048,         0,         0,   119.5,standalone_exact_mw,000a12f67b6d2f9febee6f900216609acb0c5281b533fe6e35129362572a0912,"{""distance"":5,""physical_error_rate"":0.0002}","{""detection_events"":95335,""detectors_checked"":115146752}"
    252928,         1,         0,   119.3,standalone_exact_mw,7a8ab0d03b7ead21ed40b3e2556c734d992a86585a3d666abe35fd996793b7e5,"{""distance"":5,""physical_error_rate"":0.0005}","{""detection_events"":116041,""detectors_checked"":56655872,""obs_mistake_mask=E"":1}"
   4786176,         0,         0,    44.9,standalone_exact_mw,82025e6510dee7191a337377ca233259ac8dbd3ccaf9455e916f723ab2066810,"{""distance"":5,""physical_error_rate"":0.0001}","{""detection_events"":439970,""detectors_checked"":1072103424}"
   5795840,         0,         0,    44.8,standalone_exact_mw,352a3c59735d25dbe5889f513341a2cd2ff9414321bd3c07faf1c3217f623e8c,"{""distance"":5,""physical_error_rate"":5e-05}","{""detection_events"":265911,""detectors_checked"":1298268160}"
   3554304,         4,         0,    44.9,standalone_exact_mw,000a12f67b6d2f9febee6f900216609acb0c5281b533fe6e35129362572a0912,"{""distance"":5,""physical_error_rate"":0.0002}","{""detection_events"":654279,""detectors_checked"":796164096,""obs_mistake_mask=E"":4}"
   2034688,        11,         0,    44.9,standalone_exact_mw,7a8ab0d03b7ead21ed40b3e2556c734d992a86585a3d666abe35fd996793b7e5,"{""distance"":5,""physical_error_rate"":0.0005}","{""detection_events"":931886,""detectors_checked"":455770112,""obs_mistake_mask=E"":11}"
   9300992,         1,         0,    87.9,standalone_exact_mw,82025e6510dee7191a337377ca233259ac8dbd3ccaf9455e916f723ab2066810,"{""distance"":5,""physical_error_rate"":0.0001}","{""detection_events"":854047,""detectors_checked"":2083422208,""obs_mistake_mask=E"":1}"
  10831872,         0,         0,    87.8,standalone_exact_mw,352a3c59735d25dbe5889f513341a2cd2ff9414321bd3c07faf1c3217f623e8c,"{""distance"":5,""physical_error_rate"":5e-05}","{""detection_events"":496977,""detectors_checked"":2426339328}"
    322560,         0,         0,    88.0,standalone_exact_mw,000a12f67b6d2f9febee6f900216609acb0c5281b533fe6e35129362572a0912,"{""distance"":5,""physical_error_rate"":0.0002}","{""detection_events"":59414,""detectors_checked"":72253440}"
     54272,         0,         0,    45.0,standalone_exact_mw,af3bdaf1e2a77998ab67ff9e67a4429848721a57eb3f28bee3f98b2e28b36bb7,"{""distance"":5,""physical_error_rate"":0.001}","{""detection_events"":50402,""detectors_checked"":12156928}"
     70656,         0,         0,    45.0,standalone_exact_mw,af3bdaf1e2a77998ab67ff9e67a4429848721a57eb3f28bee3f98b2e28b36bb7,"{""distance"":5,""physical_error_rate"":0.001}","{""detection_events"":64996,""detectors_checked"":15826944}"
    185344,         0,         0,    88.2,standalone_exact_mw,7a8ab0d03b7ead21ed40b3e2556c734d992a86585a3d666abe35fd996793b7e5,"{""distance"":5,""physical_error_rate"":0.0005}","{""detection_events"":84895,""detectors_checked"":41517056}"
    109568,         4,         0,    88.5,standalone_exact_mw,af3bdaf1e2a77998ab67ff9e67a4429848721a57eb3f28bee3f98b2e28b36bb7,"{""distance"":5,""physical_error_rate"":0.001}","{""detection_events"":100611,""detectors_checked"":24543232,""obs_mistake_mask=E"":4}"
    246784,         0,         0,    44.6,standalone_exact_mw,000a12f67b6d2f9febee6f900216609acb0c5281b533fe6e35129362572a0912,"{""distance"":5,""physical_error_rate"":0.0002}","{""detection_events"":45143,""detectors_checked"":55279616}"
     93184,         1,         0,    45.0,standalone_exact_mw,7a8ab0d03b7ead21ed40b3e2556c734d992a86585a3d666abe35fd996793b7e5,"{""distance"":5,""physical_error_rate"":0.0005}","{""detection_events"":42661,""detectors_checked"":20873216,""obs_mistake_mask=E"":1}"
    176128,         1,         0,   120.1,standalone_exact_mw,af3bdaf1e2a77998ab67ff9e67a4429848721a57eb3f28bee3f98b2e28b36bb7,"{""distance"":5,""physical_error_rate"":0.001}","{""detection_events"":160803,""detectors_checked"":39452672,""obs_mistake_mask=E"":1}"
   6762496,         2,         0,    62.8,standalone_exact_mw,82025e6510dee7191a337377ca233259ac8dbd3ccaf9455e916f723ab2066810,"{""distance"":5,""physical_error_rate"":0.0001}","{""detection_events"":619485,""detectors_checked"":1514799104,""obs_mistake_mask=E"":2}"
   8128512,         2,         0,    62.8,standalone_exact_mw,352a3c59735d25dbe5889f513341a2cd2ff9414321bd3c07faf1c3217f623e8c,"{""distance"":5,""physical_error_rate"":5e-05}","{""detection_events"":372242,""detectors_checked"":1820786688,""obs_mistake_mask=E"":2}"
   4972544,         2,         0,    62.8,standalone_exact_mw,000a12f67b6d2f9febee6f900216609acb0c5281b533fe6e35129362572a0912,"{""distance"":5,""physical_error_rate"":0.0002}","{""detection_events"":914806,""detectors_checked"":1113849856,""obs_mistake_mask=E"":2}"
   2839552,         9,         0,    62.9,standalone_exact_mw,7a8ab0d03b7ead21ed40b3e2556c734d992a86585a3d666abe35fd996793b7e5,"{""distance"":5,""physical_error_rate"":0.0005}","{""detection_events"":1303328,""detectors_checked"":636059648,""obs_mistake_mask=E"":9}"
     71680,         1,         0,    63.2,standalone_exact_mw,af3bdaf1e2a77998ab67ff9e67a4429848721a57eb3f28bee3f98b2e28b36bb7,"{""distance"":5,""physical_error_rate"":0.001}","{""detection_events"":64757,""detectors_checked"":16056320,""obs_mistake_mask=E"":1}"
     74752,         1,         0,    63.4,standalone_exact_mw,af3bdaf1e2a77998ab67ff9e67a4429848721a57eb3f28bee3f98b2e28b36bb7,"{""distance"":5,""physical_error_rate"":0.001}","{""detection_events"":68789,""detectors_checked"":16744448,""obs_mistake_mask=E"":1}"
    222208,         0,         0,    62.8,standalone_exact_mw,000a12f67b6d2f9febee6f900216609acb0c5281b533fe6e35129362572a0912,"{""distance"":5,""physical_error_rate"":0.0002}","{""detection_events"":40744,""detectors_checked"":49774592}"
    124928,         0,         0,    63.2,standalone_exact_mw,7a8ab0d03b7ead21ed40b3e2556c734d992a86585a3d666abe35fd996793b7e5,"{""distance"":5,""physical_error_rate"":0.0005}","{""detection_events"":57599,""detectors_checked"":27983872}"
  12611584,         2,         0,   119.6,standalone_exact_mw,82025e6510dee7191a337377ca233259ac8dbd3ccaf9455e916f723ab2066810,"{""distance"":5,""physical_error_rate"":0.0001}","{""detection_events"":1158787,""detectors_checked"":2824994816,""obs_mistake_mask=E"":2}"
  15076352,         0,         0,   119.5,standalone_exact_mw,352a3c59735d25dbe5889f513341a2cd2ff9414321bd3c07faf1c3217f623e8c,"{""distance"":5,""physical_error_rate"":5e-05}","{""detection_events"":694878,""detectors_checked"":3377102848}"
   9566208,         4,         0,   119.7,standalone_exact_mw,000a12f67b6d2f9febee6f900216609acb0c5281b533fe6e35129362572a0912,"{""distance"":5,""physical_error_rate"":0.0002}","{""detection_events"":1757698,""detectors_checked"":2142830592,""obs_mistake_mask=E"":4}"
   5364736,        19,         0,   119.8,standalone_exact_mw,7a8ab0d03b7ead21ed40b3e2556c734d992a86585a3d666abe35fd996793b7e5,"{""distance"":5,""physical_error_rate"":0.0005}","{""detection_events"":2462440,""detectors_checked"":1201700864,""obs_mistake_mask=E"":19}"
   3079168,        43,         0,   119.9,standalone_exact_mw,af3bdaf1e2a77998ab67ff9e67a4429848721a57eb3f28bee3f98b2e28b36bb7,"{""distance"":5,""physical_error_rate"":0.001}","{""detection_events"":2816428,""detectors_checked"":689733632,""obs_mistake_mask=E"":43}"
   9573376,         2,         0,   119.7,standalone_exact_mw,000a12f67b6d2f9febee6f900216609acb0c5281b533fe6e35129362572a0912,"{""distance"":5,""physical_error_rate"":0.0002}","{""detection_events"":1758637,""detectors_checked"":2144436224,""obs_mistake_mask=E"":2}"
   5390336,        17,         0,   119.8,standalone_exact_mw,7a8ab0d03b7ead21ed40b3e2556c734d992a86585a3d666abe35fd996793b7e5,"{""distance"":5,""physical_error_rate"":0.0005}","{""detection_events"":2473044,""detectors_checked"":1207435264,""obs_mistake_mask=E"":17}"
   3078144,        48,         0,   119.9,standalone_exact_mw,af3bdaf1e2a77998ab67ff9e67a4429848721a57eb3f28bee3f98b2e28b36bb7,"{""distance"":5,""physical_error_rate"":0.001}","{""detection_events"":2818516,""detectors_checked"":689504256,""obs_mistake_mask=E"":48}"
    706560,         0,         0,   118.9,standalone_exact_mw,352a3c59735d25dbe5889f513341a2cd2ff9414321bd3c07faf1c3217f623e8c,"{""distance"":5,""physical_error_rate"":5e-05}","{""detection_events"":32283,""detectors_checked"":158269440}"
    695296,         0,         0,   118.8,standalone_exact_mw,352a3c59735d25dbe5889f513341a2cd2ff9414321bd3c07faf1c3217f623e8c,"{""distance"":5,""physical_error_rate"":5e-05}","{""detection_events"":31913,""detectors_checked"":155746304}"
    445440,         0,         0,   119.8,standalone_exact_mw,000a12f67b6d2f9febee6f900216609acb0c5281b533fe6e35129362572a0912,"{""distance"":5,""physical_error_rate"":0.0002}","{""detection_events"":82109,""detectors_checked"":99778560}"
    568320,         0,         0,   119.4,standalone_exact_mw,82025e6510dee7191a337377ca233259ac8dbd3ccaf9455e916f723ab2066810,"{""distance"":5,""physical_error_rate"":0.0001}","{""detection_events"":52426,""detectors_checked"":127303680}"
    568320,         0,         0,   119.1,standalone_exact_mw,82025e6510dee7191a337377ca233259ac8dbd3ccaf9455e916f723ab2066810,"{""distance"":5,""physical_error_rate"":0.0001}","{""detection_events"":52368,""detectors_checked"":127303680}"
  15602688,         1,         0,   119.5,standalone_exact_mw,352a3c59735d25dbe5889f513341a2cd2ff9414321bd3c07faf1c3217f623e8c,"{""distance"":5,""physical_error_rate"":5e-05}","{""detection_events"":716332,""detectors_checked"":3495002112,""obs_mistake_mask=E"":1}"
  12664832,         2,         0,   119.6,standalone_exact_mw,82025e6510dee7191a337377ca233259ac8dbd3ccaf9455e916f723ab2066810,"{""distance"":5,""physical_error_rate"":0.0001}","{""detection_events"":1165455,""detectors_checked"":2836922368,""obs_mistake_mask=E"":2}"
    243712,         0,         0,   119.8,standalone_exact_mw,7a8ab0d03b7ead21ed40b3e2556c734d992a86585a3d666abe35fd996793b7e5,"{""distance"":5,""physical_error_rate"":0.0005}","{""detection_events"":111989,""detectors_checked"":54591488}"
  15680512,         0,         0,   119.5,standalone_exact_mw,352a3c59735d25dbe5889f513341a2cd2ff9414321bd3c07faf1c3217f623e8c,"{""distance"":5,""physical_error_rate"":5e-05}","{""detection_events"":718874,""detectors_checked"":3512434688}"
  12884992,         0,         0,   119.6,standalone_exact_mw,82025e6510dee7191a337377ca233259ac8dbd3ccaf9455e916f723ab2066810,"{""distance"":5,""physical_error_rate"":0.0001}","{""detection_events"":1185945,""detectors_checked"":2886238208}"
   3085312,        35,         0,   119.9,standalone_exact_mw,af3bdaf1e2a77998ab67ff9e67a4429848721a57eb3f28bee3f98b2e28b36bb7,"{""distance"":5,""physical_error_rate"":0.001}","{""detection_events"":2824974,""detectors_checked"":691109888,""obs_mistake_mask=E"":35}"
    428032,         0,         0,   119.8,standalone_exact_mw,000a12f67b6d2f9febee6f900216609acb0c5281b533fe6e35129362572a0912,"{""distance"":5,""physical_error_rate"":0.0002}","{""detection_events"":79205,""detectors_checked"":95879168}"
    695296,         0,         0,   119.7,standalone_exact_mw,352a3c59735d25dbe5889f513341a2cd2ff9414321bd3c07faf1c3217f623e8c,"{""distance"":5,""physical_error_rate"":5e-05}","{""detection_events"":32055,""detectors_checked"":155746304}"
    568320,         0,         0,   119.4,standalone_exact_mw,82025e6510dee7191a337377ca233259ac8dbd3ccaf9455e916f723ab2066810,"{""distance"":5,""physical_error_rate"":0.0001}","{""detection_events"":52322,""detectors_checked"":127303680}"
    236544,         0,         0,   120.1,standalone_exact_mw,7a8ab0d03b7ead21ed40b3e2556c734d992a86585a3d666abe35fd996793b7e5,"{""distance"":5,""physical_error_rate"":0.0005}","{""detection_events"":109392,""detectors_checked"":52985856}"
    760832,         0,         0,   119.2,standalone_exact_mw,000a12f67b6d2f9febee6f900216609acb0c5281b533fe6e35129362572a0912,"{""distance"":5,""physical_error_rate"":0.0002}","{""detection_events"":139236,""detectors_checked"":170426368}"
    142848,         3,         0,   119.9,standalone_exact_mw,af3bdaf1e2a77998ab67ff9e67a4429848721a57eb3f28bee3f98b2e28b36bb7,"{""distance"":5,""physical_error_rate"":0.001}","{""detection_events"":130341,""detectors_checked"":31997952,""obs_mistake_mask=E"":3}"
    149504,         1,         0,   120.3,standalone_exact_mw,af3bdaf1e2a77998ab67ff9e67a4429848721a57eb3f28bee3f98b2e28b36bb7,"{""distance"":5,""physical_error_rate"":0.001}","{""detection_events"":136749,""detectors_checked"":33488896,""obs_mistake_mask=E"":1}"
    320512,         0,         0,   119.3,standalone_exact_mw,7a8ab0d03b7ead21ed40b3e2556c734d992a86585a3d666abe35fd996793b7e5,"{""distance"":5,""physical_error_rate"":0.0005}","{""detection_events"":147012,""detectors_checked"":71794688}"
   9597952,         5,         0,   119.7,standalone_exact_mw,000a12f67b6d2f9febee6f900216609acb0c5281b533fe6e35129362572a0912,"{""distance"":5,""physical_error_rate"":0.0002}","{""detection_events"":1765201,""detectors_checked"":2149941248,""obs_mistake_mask=E"":5}"
   5384192,        19,         0,   119.8,standalone_exact_mw,7a8ab0d03b7ead21ed40b3e2556c734d992a86585a3d666abe35fd996793b7e5,"{""distance"":5,""physical_error_rate"":0.0005}","{""detection_events"":2474357,""detectors_checked"":1206059008,""obs_mistake_mask=E"":19}"
   3118080,        42,         0,   119.9,standalone_exact_mw,af3bdaf1e2a77998ab67ff9e67a4429848721a57eb3f28bee3f98b2e28b36bb7,"{""distance"":5,""physical_error_rate"":0.001}","{""detection_events"":2852996,""detectors_checked"":698449920,""obs_mistake_mask=E"":42}"
  12618752,         2,         0,   119.6,standalone_exact_mw,82025e6510dee7191a337377ca233259ac8dbd3ccaf9455e916f723ab2066810,"{""distance"":5,""physical_error_rate"":0.0001}","{""detection_events"":1162756,""detectors_checked"":2826600448,""obs_mistake_mask=E"":2}"
  15607808,         0,         0,   119.5,standalone_exact_mw,352a3c59735d25dbe5889f513341a2cd2ff9414321bd3c07faf1c3217f623e8c,"{""distance"":5,""physical_error_rate"":5e-05}","{""detection_events"":715527,""detectors_checked"":3496148992}"
    500736,         0,         0,   119.2,standalone_exact_mw,000a12f67b6d2f9febee6f900216609acb0c5281b533fe6e35129362572a0912,"{""distance"":5,""physical_error_rate"":0.0002}","{""detection_events"":91628,""detectors_checked"":112164864}"
    367616,         1,         0,   119.9,standalone_exact_mw,7a8ab0d03b7ead21ed40b3e2556c734d992a86585a3d666abe35fd996793b7e5,"{""distance"":5,""physical_error_rate"":0.0005}","{""detection_events"":168680,""detectors_checked"":82345984,""obs_mistake_mask=E"":1}"
  12786688,         3,         0,   119.6,standalone_exact_mw,82025e6510dee7191a337377ca233259ac8dbd3ccaf9455e916f723ab2066810,"{""distance"":5,""physical_error_rate"":0.0001}","{""detection_events"":1179079,""detectors_checked"":2864218112,""obs_mistake_mask=E"":3}"
  15389696,         1,         0,   119.5,standalone_exact_mw,352a3c59735d25dbe5889f513341a2cd2ff9414321bd3c07faf1c3217f623e8c,"{""distance"":5,""physical_error_rate"":5e-05}","{""detection_events"":707659,""detectors_checked"":3447291904,""obs_mistake_mask=E"":1}"
    452608,         0,         0,   118.9,standalone_exact_mw,000a12f67b6d2f9febee6f900216609acb0c5281b533fe6e35129362572a0912,"{""distance"":5,""physical_error_rate"":0.0002}","{""detection_events"":83976,""detectors_checked"":101384192}"
    259072,         1,         0,   119.6,standalone_exact_mw,7a8ab0d03b7ead21ed40b3e2556c734d992a86585a3d666abe35fd996793b7e5,"{""distance"":5,""physical_error_rate"":0.0005}","{""detection_events"":118391,""detectors_checked"":58032128,""obs_mistake_mask=E"":1}"
    137216,         5,         0,   120.3,standalone_exact_mw,af3bdaf1e2a77998ab67ff9e67a4429848721a57eb3f28bee3f98b2e28b36bb7,"{""distance"":5,""physical_error_rate"":0.001}","{""detection_events"":125494,""detectors_checked"":30736384,""obs_mistake_mask=E"":5}"
    160768,         1,         0,   119.5,standalone_exact_mw,af3bdaf1e2a77998ab67ff9e67a4429848721a57eb3f28bee3f98b2e28b36bb7,"{""distance"":5,""physical_error_rate"":0.001}","{""detection_events"":147388,""detectors_checked"":36012032,""obs_mistake_mask=E"":1}"
   9437184,         0,         0,    87.9,standalone_exact_mw,82025e6510dee7191a337377ca233259ac8dbd3ccaf9455e916f723ab2066810,"{""distance"":5,""physical_error_rate"":0.0001}","{""detection_events"":867696,""detectors_checked"":2113929216}"
  11392000,         0,         0,    87.8,standalone_exact_mw,352a3c59735d25dbe5889f513341a2cd2ff9414321bd3c07faf1c3217f623e8c,"{""distance"":5,""physical_error_rate"":5e-05}","{""detection_events"":523771,""detectors_checked"":2551808000}"
   6948864,         2,         0,    88.0,standalone_exact_mw,000a12f67b6d2f9febee6f900216609acb0c5281b533fe6e35129362572a0912,"{""distance"":5,""physical_error_rate"":0.0002}","{""detection_events"":1279304,""detectors_checked"":1556545536,""obs_mistake_mask=E"":2}"
   3944448,        11,         0,    88.1,standalone_exact_mw,7a8ab0d03b7ead21ed40b3e2556c734d992a86585a3d666abe35fd996793b7e5,"{""distance"":5,""physical_error_rate"":0.0005}","{""detection_events"":1809559,""detectors_checked"":883556352,""obs_mistake_mask=E"":11}"
    101376,         2,         0,    87.9,standalone_exact_mw,af3bdaf1e2a77998ab67ff9e67a4429848721a57eb3f28bee3f98b2e28b36bb7,"{""distance"":5,""physical_error_rate"":0.001}","{""detection_events"":93013,""detectors_checked"":22708224,""obs_mistake_mask=E"":2}"
    310272,         0,         0,    87.7,standalone_exact_mw,000a12f67b6d2f9febee6f900216609acb0c5281b533fe6e35129362572a0912,"{""distance"":5,""physical_error_rate"":0.0002}","{""detection_events"":57083,""detectors_checked"":69500928}"
    102400,         1,         0,    89.0,standalone_exact_mw,af3bdaf1e2a77998ab67ff9e67a4429848721a57eb3f28bee3f98b2e28b36bb7,"{""distance"":5,""physical_error_rate"":0.001}","{""detection_events"":93111,""detectors_checked"":22937600,""obs_mistake_mask=E"":1}"
    280576,         0,         0,    88.0,standalone_exact_mw,7a8ab0d03b7ead21ed40b3e2556c734d992a86585a3d666abe35fd996793b7e5,"{""distance"":5,""physical_error_rate"":0.0005}","{""detection_events"":128946,""detectors_checked"":62849024}"
  12580864,         1,         0,   119.6,standalone_exact_mw,82025e6510dee7191a337377ca233259ac8dbd3ccaf9455e916f723ab2066810,"{""distance"":5,""physical_error_rate"":0.0001}","{""detection_events"":1157498,""detectors_checked"":2818113536,""obs_mistake_mask=E"":1}"
  15036416,         0,         0,   119.5,standalone_exact_mw,352a3c59735d25dbe5889f513341a2cd2ff9414321bd3c07faf1c3217f623e8c,"{""distance"":5,""physical_error_rate"":5e-05}","{""detection_events"":693902,""detectors_checked"":3368157184}"
   9569280,         2,         0,   119.7,standalone_exact_mw,000a12f67b6d2f9febee6f900216609acb0c5281b533fe6e35129362572a0912,"{""distance"":5,""physical_error_rate"":0.0002}","{""detection_events"":1764948,""detectors_checked"":2143518720,""obs_mistake_mask=E"":2}"
   5388288,        17,         0,   119.8,standalone_exact_mw,7a8ab0d03b7ead21ed40b3e2556c734d992a86585a3d666abe35fd996793b7e5,"{""distance"":5,""physical_error_rate"":0.0005}","{""detection_events"":2469483,""detectors_checked"":1206976512,""obs_mistake_mask=E"":17}"
   3059712,        40,         0,   119.9,standalone_exact_mw,af3bdaf1e2a77998ab67ff9e67a4429848721a57eb3f28bee3f98b2e28b36bb7,"{""distance"":5,""physical_error_rate"":0.001}","{""detection_events"":2803174,""detectors_checked"":685375488,""obs_mistake_mask=E"":40}"
   9568256,         3,         0,   119.7,standalone_exact_mw,000a12f67b6d2f9febee6f900216609acb0c5281b533fe6e35129362572a0912,"{""distance"":5,""physical_error_rate"":0.0002}","{""detection_events"":1762062,""detectors_checked"":2143289344,""obs_mistake_mask=E"":3}"
   5380096,        10,         0,   119.8,standalone_exact_mw,7a8ab0d03b7ead21ed40b3e2556c734d992a86585a3d666abe35fd996793b7e5,"{""distance"":5,""physical_error_rate"":0.0005}","{""detection_events"":2466235,""detectors_checked"":1205141504,""obs_mistake_mask=E"":10}"
   3082240,        34,         0,   119.9,standalone_exact_mw,af3bdaf1e2a77998ab67ff9e67a4429848721a57eb3f28bee3f98b2e28b36bb7,"{""distance"":5,""physical_error_rate"":0.001}","{""detection_events"":2819293,""detectors_checked"":690421760,""obs_mistake_mask=E"":34}"
    699392,         0,         0,   118.8,standalone_exact_mw,352a3c59735d25dbe5889f513341a2cd2ff9414321bd3c07faf1c3217f623e8c,"{""distance"":5,""physical_error_rate"":5e-05}","{""detection_events"":32108,""detectors_checked"":156663808}"
    428032,         1,         0,   119.4,standalone_exact_mw,000a12f67b6d2f9febee6f900216609acb0c5281b533fe6e35129362572a0912,"{""distance"":5,""physical_error_rate"":0.0002}","{""detection_events"":79260,""detectors_checked"":95879168,""obs_mistake_mask=E"":1}"
    693248,         0,         0,   119.0,standalone_exact_mw,352a3c59735d25dbe5889f513341a2cd2ff9414321bd3c07faf1c3217f623e8c,"{""distance"":5,""physical_error_rate"":5e-05}","{""detection_events"":31904,""detectors_checked"":155287552}"
    566272,         0,         0,   119.5,standalone_exact_mw,82025e6510dee7191a337377ca233259ac8dbd3ccaf9455e916f723ab2066810,"{""distance"":5,""physical_error_rate"":0.0001}","{""detection_events"":51506,""detectors_checked"":126844928}"
    563200,         0,         0,   119.5,standalone_exact_mw,82025e6510dee7191a337377ca233259ac8dbd3ccaf9455e916f723ab2066810,"{""distance"":5,""physical_error_rate"":0.0001}","{""detection_events"":51823,""detectors_checked"":126156800}"
  15609856,         0,         0,   119.5,standalone_exact_mw,352a3c59735d25dbe5889f513341a2cd2ff9414321bd3c07faf1c3217f623e8c,"{""distance"":5,""physical_error_rate"":5e-05}","{""detection_events"":720719,""detectors_checked"":3496607744}"
  12625920,         2,         0,   119.6,standalone_exact_mw,82025e6510dee7191a337377ca233259ac8dbd3ccaf9455e916f723ab2066810,"{""distance"":5,""physical_error_rate"":0.0001}","{""detection_events"":1162307,""detectors_checked"":2828206080,""obs_mistake_mask=E"":2}"
  15721472,         0,         0,   119.5,standalone_exact_mw,352a3c59735d25dbe5889f513341a2cd2ff9414321bd3c07faf1c3217f623e8c,"{""distance"":5,""physical_error_rate"":5e-05}","{""detection_events"":722965,""detectors_checked"":3521609728}"
    240640,         2,         0,   119.9,standalone_exact_mw,7a8ab0d03b7ead21ed40b3e2556c734d992a86585a3d666abe35fd996793b7e5,"{""distance"":5,""physical_error_rate"":0.0005}","{""detection_events"":110958,""detectors_checked"":53903360,""obs_mistake_mask=E"":2}"
  12935168,         1,         0,   119.6,standalone_exact_mw,82025e6510dee7191a337377ca233259ac8dbd3ccaf9455e916f723ab2066810,"{""distance"":5,""physical_error_rate"":0.0001}","{""detection_events"":1190424,""detectors_checked"":2897477632,""obs_mistake_mask=E"":1}"
   3082240,        49,         0,   119.9,standalone_exact_mw,af3bdaf1e2a77998ab67ff9e67a4429848721a57eb3f28bee3f98b2e28b36bb7,"{""distance"":5,""physical_error_rate"":0.001}","{""detection_events"":2822484,""detectors_checked"":690421760,""obs_mistake_mask=E"":49}"
    432128,         0,         0,   119.3,standalone_exact_mw,000a12f67b6d2f9febee6f900216609acb0c5281b533fe6e35129362572a0912,"{""distance"":5,""physical_error_rate"":0.0002}","{""detection_events"":78666,""detectors_checked"":96796672}"
    704512,         0,         0,   119.4,standalone_exact_mw,352a3c59735d25dbe5889f513341a2cd2ff9414321bd3c07faf1c3217f623e8c,"{""distance"":5,""physical_error_rate"":5e-05}","{""detection_events"":32256,""detectors_checked"":157810688}"
    575488,         0,         0,   119.2,standalone_exact_mw,82025e6510dee7191a337377ca233259ac8dbd3ccaf9455e916f723ab2066810,"{""distance"":5,""physical_error_rate"":0.0001}","{""detection_events"":52675,""detectors_checked"":128909312}"
    243712,         1,         0,   120.0,standalone_exact_mw,7a8ab0d03b7ead21ed40b3e2556c734d992a86585a3d666abe35fd996793b7e5,"{""distance"":5,""physical_error_rate"":0.0005}","{""detection_events"":112349,""detectors_checked"":54591488,""obs_mistake_mask=E"":1}"
    428032,         0,         0,   119.4,standalone_exact_mw,000a12f67b6d2f9febee6f900216609acb0c5281b533fe6e35129362572a0912,"{""distance"":5,""physical_error_rate"":0.0002}","{""detection_events"":78826,""detectors_checked"":95879168}"
    140288,         1,         0,   119.9,standalone_exact_mw,af3bdaf1e2a77998ab67ff9e67a4429848721a57eb3f28bee3f98b2e28b36bb7,"{""distance"":5,""physical_error_rate"":0.001}","{""detection_events"":127828,""detectors_checked"":31424512,""obs_mistake_mask=E"":1}"
    137216,         1,         0,   119.7,standalone_exact_mw,af3bdaf1e2a77998ab67ff9e67a4429848721a57eb3f28bee3f98b2e28b36bb7,"{""distance"":5,""physical_error_rate"":0.001}","{""detection_events"":125742,""detectors_checked"":30736384,""obs_mistake_mask=E"":1}"
    398336,         1,         0,   119.7,standalone_exact_mw,7a8ab0d03b7ead21ed40b3e2556c734d992a86585a3d666abe35fd996793b7e5,"{""distance"":5,""physical_error_rate"":0.0005}","{""detection_events"":182685,""detectors_checked"":89227264,""obs_mistake_mask=E"":1}"
   9578496,         3,         0,   119.7,standalone_exact_mw,000a12f67b6d2f9febee6f900216609acb0c5281b533fe6e35129362572a0912,"{""distance"":5,""physical_error_rate"":0.0002}","{""detection_events"":1763743,""detectors_checked"":2145583104,""obs_mistake_mask=E"":3}"
   5369856,        19,         0,   119.8,standalone_exact_mw,7a8ab0d03b7ead21ed40b3e2556c734d992a86585a3d666abe35fd996793b7e5,"{""distance"":5,""physical_error_rate"":0.0005}","{""detection_events"":2465260,""detectors_checked"":1202847744,""obs_mistake_mask=E"":19}"
   3091456,        40,         0,   119.9,standalone_exact_mw,af3bdaf1e2a77998ab67ff9e67a4429848721a57eb3f28bee3f98b2e28b36bb7,"{""distance"":5,""physical_error_rate"":0.001}","{""detection_events"":2828900,""detectors_checked"":692486144,""obs_mistake_mask=E"":40}"
  12583936,         3,         0,   119.6,standalone_exact_mw,82025e6510dee7191a337377ca233259ac8dbd3ccaf9455e916f723ab2066810,"{""distance"":5,""physical_error_rate"":0.0001}","{""detection_events"":1154165,""detectors_checked"":2818801664,""obs_mistake_mask=E"":3}"
  15617024,         1,         0,   119.5,standalone_exact_mw,352a3c59735d25dbe5889f513341a2cd2ff9414321bd3c07faf1c3217f623e8c,"{""distance"":5,""physical_error_rate"":5e-05}","{""detection_events"":718445,""detectors_checked"":3498213376,""obs_mistake_mask=E"":1}"
    433152,         0,         0,   119.7,standalone_exact_mw,000a12f67b6d2f9febee6f900216609acb0c5281b533fe6e35129362572a0912,"{""distance"":5,""physical_error_rate"":0.0002}","{""detection_events"":79834,""detectors_checked"":97026048}"
    241664,         2,         0,   119.8,standalone_exact_mw,7a8ab0d03b7ead21ed40b3e2556c734d992a86585a3d666abe35fd996793b7e5,"{""distance"":5,""physical_error_rate"":0.0005}","{""detection_events"":112089,""detectors_checked"":54132736,""obs_mistake_mask=E"":2}"
  12791808,         1,         0,   119.6,standalone_exact_mw,82025e6510dee7191a337377ca233259ac8dbd3ccaf9455e916f723ab2066810,"{""distance"":5,""physical_error_rate"":0.0001}","{""detection_events"":1175078,""detectors_checked"":2865364992,""obs_mistake_mask=E"":1}"
  15212544,         1,         0,   119.5,standalone_exact_mw,352a3c59735d25dbe5889f513341a2cd2ff9414321bd3c07faf1c3217f623e8c,"{""distance"":5,""physical_error_rate"":5e-05}","{""detection_events"":701144,""detectors_checked"":3407609856,""obs_mistake_mask=E"":1}"
    460800,         1,         0,   119.7,standalone_exact_mw,000a12f67b6d2f9febee6f900216609acb0c5281b533fe6e35129362572a0912,"{""distance"":5,""physical_error_rate"":0.0002}","{""detection_events"":84891,""detectors_checked"":103219200,""obs_mistake_mask=E"":1}"
    245760,         0,         0,   119.9,standalone_exact_mw,7a8ab0d03b7ead21ed40b3e2556c734d992a86585a3d666abe35fd996793b7e5,"{""distance"":5,""physical_error_rate"":0.0005}","{""detection_events"":112194,""detectors_checked"":55050240}"
    135168,         2,         0,   120.2,standalone_exact_mw,af3bdaf1e2a77998ab67ff9e67a4429848721a57eb3f28bee3f98b2e28b36bb7,"{""distance"":5,""physical_error_rate"":0.001}","{""detection_events"":123053,""detectors_checked"":30277632,""obs_mistake_mask=E"":2}"
    282624,         2,         0,   120.2,standalone_exact_mw,af3bdaf1e2a77998ab67ff9e67a4429848721a57eb3f28bee3f98b2e28b36bb7,"{""distance"":5,""physical_error_rate"":0.001}","{""detection_events"":257592,""detectors_checked"":63307776,""obs_mistake_mask=E"":2}"
  12756992,         1,         0,   119.6,standalone_exact_mw,82025e6510dee7191a337377ca233259ac8dbd3ccaf9455e916f723ab2066810,"{""distance"":5,""physical_error_rate"":0.0001}","{""detection_events"":1169698,""detectors_checked"":2857566208,""obs_mistake_mask=E"":1}"
  15434752,         1,         0,   119.5,standalone_exact_mw,352a3c59735d25dbe5889f513341a2cd2ff9414321bd3c07faf1c3217f623e8c,"{""distance"":5,""physical_error_rate"":5e-05}","{""detection_events"":708946,""detectors_checked"":3457384448,""obs_mistake_mask=E"":1}"
   9463808,         6,         0,   119.7,standalone_exact_mw,000a12f67b6d2f9febee6f900216609acb0c5281b533fe6e35129362572a0912,"{""distance"":5,""physical_error_rate"":0.0002}","{""detection_events"":1741039,""detectors_checked"":2119892992,""obs_mistake_mask=E"":6}"
   5410816,        19,         0,   119.8,standalone_exact_mw,7a8ab0d03b7ead21ed40b3e2556c734d992a86585a3d666abe35fd996793b7e5,"{""distance"":5,""physical_error_rate"":0.0005}","{""detection_events"":2479264,""detectors_checked"":1212022784,""obs_mistake_mask=E"":19}"
    138240,         0,         0,   120.2,standalone_exact_mw,af3bdaf1e2a77998ab67ff9e67a4429848721a57eb3f28bee3f98b2e28b36bb7,"{""distance"":5,""physical_error_rate"":0.001}","{""detection_events"":127478,""detectors_checked"":30965760}"
    431104,         0,         0,   119.9,standalone_exact_mw,000a12f67b6d2f9febee6f900216609acb0c5281b533fe6e35129362572a0912,"{""distance"":5,""physical_error_rate"":0.0002}","{""detection_events"":78587,""detectors_checked"":96567296}"
    137216,         0,         0,   120.1,standalone_exact_mw,af3bdaf1e2a77998ab67ff9e67a4429848721a57eb3f28bee3f98b2e28b36bb7,"{""distance"":5,""physical_error_rate"":0.001}","{""detection_events"":125787,""detectors_checked"":30736384}"
    477184,         2,         0,   119.7,standalone_exact_mw,7a8ab0d03b7ead21ed40b3e2556c734d992a86585a3d666abe35fd996793b7e5,"{""distance"":5,""physical_error_rate"":0.0005}","{""detection_events"":218377,""detectors_checked"":106889216,""obs_mistake_mask=E"":2}"
  12568576,         1,         0,   119.6,standalone_exact_mw,82025e6510dee7191a337377ca233259ac8dbd3ccaf9455e916f723ab2066810,"{""distance"":5,""physical_error_rate"":0.0001}","{""detection_events"":1155869,""detectors_checked"":2815361024,""obs_mistake_mask=E"":1}"
  14897152,         0,         0,   119.5,standalone_exact_mw,352a3c59735d25dbe5889f513341a2cd2ff9414321bd3c07faf1c3217f623e8c,"{""distance"":5,""physical_error_rate"":5e-05}","{""detection_events"":687626,""detectors_checked"":3336962048}"
   9513984,         8,         0,   119.7,standalone_exact_mw,000a12f67b6d2f9febee6f900216609acb0c5281b533fe6e35129362572a0912,"{""distance"":5,""physical_error_rate"":0.0002}","{""detection_events"":1747933,""detectors_checked"":2131132416,""obs_mistake_mask=E"":8}"
   5353472,        16,         0,   119.8,standalone_exact_mw,7a8ab0d03b7ead21ed40b3e2556c734d992a86585a3d666abe35fd996793b7e5,"{""distance"":5,""physical_error_rate"":0.0005}","{""detection_events"":2457256,""detectors_checked"":1199177728,""obs_mistake_mask=E"":16}"
   3064832,        35,         0,   119.9,standalone_exact_mw,af3bdaf1e2a77998ab67ff9e67a4429848721a57eb3f28bee3f98b2e28b36bb7,"{""distance"":5,""physical_error_rate"":0.001}","{""detection_events"":2806974,""detectors_checked"":686522368,""obs_mistake_mask=E"":35}"
   2793472,        37,         0,   107.7,standalone_exact_mw,af3bdaf1e2a77998ab67ff9e67a4429848721a57eb3f28bee3f98b2e28b36bb7,"{""distance"":5,""physical_error_rate"":0.001}","{""detection_events"":2557824,""detectors_checked"":625737728,""obs_mistake_mask=E"":37}"
   3061760,        40,         0,   119.6,standalone_exact_mw,af3bdaf1e2a77998ab67ff9e67a4429848721a57eb3f28bee3f98b2e28b36bb7,"{""distance"":5,""physical_error_rate"":0.001}","{""detection_events"":2801287,""detectors_checked"":685834240,""obs_mistake_mask=E"":40}"
   2979840,        43,         0,   115.9,standalone_exact_mw,af3bdaf1e2a77998ab67ff9e67a4429848721a57eb3f28bee3f98b2e28b36bb7,"{""distance"":5,""physical_error_rate"":0.001}","{""detection_events"":2734673,""detectors_checked"":667484160,""obs_mistake_mask=E"":43}"
      1024,         0,         0,   0.035,standalone_exact_mw,af3bdaf1e2a77998ab67ff9e67a4429848721a57eb3f28bee3f98b2e28b36bb7,"{""distance"":5,""physical_error_rate"":0.001}","{""detection_events"":968,""detectors_checked"":229376}"
     51200,         0,         0,    42.8,standalone_exact_mw,af3bdaf1e2a77998ab67ff9e67a4429848721a57eb3f28bee3f98b2e28b36bb7,"{""distance"":5,""physical_error_rate"":0.001}","{""detection_events"":46776,""detectors_checked"":11468800}"
    128512,         1,         0,   110.2,standalone_exact_mw,af3bdaf1e2a77998ab67ff9e67a4429848721a57eb3f28bee3f98b2e28b36bb7,"{""distance"":5,""physical_error_rate"":0.001}","{""detection_events"":117700,""detectors_checked"":28786688,""obs_mistake_mask=E"":1}"
     49152,         2,         0,    43.2,standalone_exact_mw,af3bdaf1e2a77998ab67ff9e67a4429848721a57eb3f28bee3f98b2e28b36bb7,"{""distance"":5,""physical_error_rate"":0.001}","{""detection_events"":44980,""detectors_checked"":11010048,""obs_mistake_mask=E"":2}"
   9542656,         4,         0,   119.7,standalone_exact_mw,000a12f67b6d2f9febee6f900216609acb0c5281b533fe6e35129362572a0912,"{""distance"":5,""physical_error_rate"":0.0002}","{""detection_events"":1756614,""detectors_checked"":2137554944,""obs_mistake_mask=E"":4}"
   5369856,        14,         0,   119.8,standalone_exact_mw,7a8ab0d03b7ead21ed40b3e2556c734d992a86585a3d666abe35fd996793b7e5,"{""distance"":5,""physical_error_rate"":0.0005}","{""detection_events"":2468127,""detectors_checked"":1202847744,""obs_mistake_mask=E"":14}"
     78848,         0,         0,    68.6,standalone_exact_mw,af3bdaf1e2a77998ab67ff9e67a4429848721a57eb3f28bee3f98b2e28b36bb7,"{""distance"":5,""physical_error_rate"":0.001}","{""detection_events"":71623,""detectors_checked"":17661952}"
    132608,         3,         0,   113.8,standalone_exact_mw,af3bdaf1e2a77998ab67ff9e67a4429848721a57eb3f28bee3f98b2e28b36bb7,"{""distance"":5,""physical_error_rate"":0.001}","{""detection_events"":121304,""detectors_checked"":29704192,""obs_mistake_mask=E"":3}"
     83968,         3,         0,    74.2,standalone_exact_mw,af3bdaf1e2a77998ab67ff9e67a4429848721a57eb3f28bee3f98b2e28b36bb7,"{""distance"":5,""physical_error_rate"":0.001}","{""detection_events"":76820,""detectors_checked"":18808832,""obs_mistake_mask=E"":3}"
      1297,         0,         0,   0.010,standalone_exact_mw,352a3c59735d25dbe5889f513341a2cd2ff9414321bd3c07faf1c3217f623e8c,"{""distance"":5,""physical_error_rate"":5e-05}","{""detection_events"":67,""detectors_checked"":290528}"
    712704,         0,         0,   119.2,standalone_exact_mw,352a3c59735d25dbe5889f513341a2cd2ff9414321bd3c07faf1c3217f623e8c,"{""distance"":5,""physical_error_rate"":5e-05}","{""detection_events"":32587,""detectors_checked"":159645696}"
      1297,         0,         0,   0.015,standalone_exact_mw,82025e6510dee7191a337377ca233259ac8dbd3ccaf9455e916f723ab2066810,"{""distance"":5,""physical_error_rate"":0.0001}","{""detection_events"":125,""detectors_checked"":290528}"
      1297,         0,         0,   0.014,standalone_exact_mw,82025e6510dee7191a337377ca233259ac8dbd3ccaf9455e916f723ab2066810,"{""distance"":5,""physical_error_rate"":0.0001}","{""detection_events"":139,""detectors_checked"":290528}"
      1297,         0,         0,   0.016,standalone_exact_mw,82025e6510dee7191a337377ca233259ac8dbd3ccaf9455e916f723ab2066810,"{""distance"":5,""physical_error_rate"":0.0001}","{""detection_events"":120,""detectors_checked"":290528}"
      1297,         0,         0,   0.024,standalone_exact_mw,000a12f67b6d2f9febee6f900216609acb0c5281b533fe6e35129362572a0912,"{""distance"":5,""physical_error_rate"":0.0002}","{""detection_events"":165,""detectors_checked"":290528}"
      1024,         0,         0,   0.011,standalone_exact_mw,82025e6510dee7191a337377ca233259ac8dbd3ccaf9455e916f723ab2066810,"{""distance"":5,""physical_error_rate"":0.0001}","{""detection_events"":115,""detectors_checked"":229376}"
      1024,         0,         0,   0.012,standalone_exact_mw,82025e6510dee7191a337377ca233259ac8dbd3ccaf9455e916f723ab2066810,"{""distance"":5,""physical_error_rate"":0.0001}","{""detection_events"":61,""detectors_checked"":229376}"
      1024,         0,         0,   0.030,standalone_exact_mw,352a3c59735d25dbe5889f513341a2cd2ff9414321bd3c07faf1c3217f623e8c,"{""distance"":5,""physical_error_rate"":5e-05}","{""detection_events"":53,""detectors_checked"":229376}"
      1024,         0,         0,   0.026,standalone_exact_mw,82025e6510dee7191a337377ca233259ac8dbd3ccaf9455e916f723ab2066810,"{""distance"":5,""physical_error_rate"":0.0001}","{""detection_events"":89,""detectors_checked"":229376}"
    789504,         0,         0,   119.1,standalone_exact_mw,352a3c59735d25dbe5889f513341a2cd2ff9414321bd3c07faf1c3217f623e8c,"{""distance"":5,""physical_error_rate"":5e-05}","{""detection_events"":35872,""detectors_checked"":176848896}"
      1297,         0,         0,   0.051,standalone_exact_mw,000a12f67b6d2f9febee6f900216609acb0c5281b533fe6e35129362572a0912,"{""distance"":5,""physical_error_rate"":0.0002}","{""detection_events"":283,""detectors_checked"":290528}"
      1024,         0,         0,   0.024,standalone_exact_mw,000a12f67b6d2f9febee6f900216609acb0c5281b533fe6e35129362572a0912,"{""distance"":5,""physical_error_rate"":0.0002}","{""detection_events"":158,""detectors_checked"":229376}"
    753664,         0,         0,   119.5,standalone_exact_mw,000a12f67b6d2f9febee6f900216609acb0c5281b533fe6e35129362572a0912,"{""distance"":5,""physical_error_rate"":0.0002}","{""detection_events"":138865,""detectors_checked"":168820736}"
      1024,         0,         0,   0.026,standalone_exact_mw,82025e6510dee7191a337377ca233259ac8dbd3ccaf9455e916f723ab2066810,"{""distance"":5,""physical_error_rate"":0.0001}","{""detection_events"":82,""detectors_checked"":229376}"
      1297,         0,         0,   0.021,standalone_exact_mw,352a3c59735d25dbe5889f513341a2cd2ff9414321bd3c07faf1c3217f623e8c,"{""distance"":5,""physical_error_rate"":5e-05}","{""detection_events"":56,""detectors_checked"":290528}"
      2048,         0,         0,   0.031,standalone_exact_mw,352a3c59735d25dbe5889f513341a2cd2ff9414321bd3c07faf1c3217f623e8c,"{""distance"":5,""physical_error_rate"":5e-05}","{""detection_events"":63,""detectors_checked"":458752}"
      1024,         0,         0,   0.024,standalone_exact_mw,000a12f67b6d2f9febee6f900216609acb0c5281b533fe6e35129362572a0912,"{""distance"":5,""physical_error_rate"":0.0002}","{""detection_events"":181,""detectors_checked"":229376}"
      1297,         0,         0,   0.020,standalone_exact_mw,352a3c59735d25dbe5889f513341a2cd2ff9414321bd3c07faf1c3217f623e8c,"{""distance"":5,""physical_error_rate"":5e-05}","{""detection_events"":50,""detectors_checked"":290528}"
      1024,         0,         0,   0.042,standalone_exact_mw,82025e6510dee7191a337377ca233259ac8dbd3ccaf9455e916f723ab2066810,"{""distance"":5,""physical_error_rate"":0.0001}","{""detection_events"":124,""detectors_checked"":229376}"
      2048,         0,         0,   0.031,standalone_exact_mw,82025e6510dee7191a337377ca233259ac8dbd3ccaf9455e916f723ab2066810,"{""distance"":5,""physical_error_rate"":0.0001}","{""detection_events"":190,""detectors_checked"":458752}"
      1024,         0,         0,   0.029,standalone_exact_mw,000a12f67b6d2f9febee6f900216609acb0c5281b533fe6e35129362572a0912,"{""distance"":5,""physical_error_rate"":0.0002}","{""detection_events"":194,""detectors_checked"":229376}"
      1297,         0,         0,   0.056,standalone_exact_mw,7a8ab0d03b7ead21ed40b3e2556c734d992a86585a3d666abe35fd996793b7e5,"{""distance"":5,""physical_error_rate"":0.0005}","{""detection_events"":599,""detectors_checked"":290528}"
      1024,         0,         0,   0.024,standalone_exact_mw,000a12f67b6d2f9febee6f900216609acb0c5281b533fe6e35129362572a0912,"{""distance"":5,""physical_error_rate"":0.0002}","{""detection_events"":170,""detectors_checked"":229376}"
      2048,         0,         0,   0.032,standalone_exact_mw,352a3c59735d25dbe5889f513341a2cd2ff9414321bd3c07faf1c3217f623e8c,"{""distance"":5,""physical_error_rate"":5e-05}","{""detection_events"":103,""detectors_checked"":458752}"
      3072,         0,         0,   0.032,standalone_exact_mw,352a3c59735d25dbe5889f513341a2cd2ff9414321bd3c07faf1c3217f623e8c,"{""distance"":5,""physical_error_rate"":5e-05}","{""detection_events"":115,""detectors_checked"":688128}"
      2048,         0,         0,   0.048,standalone_exact_mw,82025e6510dee7191a337377ca233259ac8dbd3ccaf9455e916f723ab2066810,"{""distance"":5,""physical_error_rate"":0.0001}","{""detection_events"":225,""detectors_checked"":458752}"
      2048,         0,         0,   0.032,standalone_exact_mw,82025e6510dee7191a337377ca233259ac8dbd3ccaf9455e916f723ab2066810,"{""distance"":5,""physical_error_rate"":0.0001}","{""detection_events"":183,""detectors_checked"":458752}"
      2048,         0,         0,   0.034,standalone_exact_mw,352a3c59735d25dbe5889f513341a2cd2ff9414321bd3c07faf1c3217f623e8c,"{""distance"":5,""physical_error_rate"":5e-05}","{""detection_events"":87,""detectors_checked"":458752}"
      2048,         0,         0,   0.033,standalone_exact_mw,82025e6510dee7191a337377ca233259ac8dbd3ccaf9455e916f723ab2066810,"{""distance"":5,""physical_error_rate"":0.0001}","{""detection_events"":156,""detectors_checked"":458752}"
      1297,         0,         0,   0.059,standalone_exact_mw,7a8ab0d03b7ead21ed40b3e2556c734d992a86585a3d666abe35fd996793b7e5,"{""distance"":5,""physical_error_rate"":0.0005}","{""detection_events"":578,""detectors_checked"":290528}"
      1024,         0,         0,   0.008,standalone_exact_mw,352a3c59735d25dbe5889f513341a2cd2ff9414321bd3c07faf1c3217f623e8c,"{""distance"":5,""physical_error_rate"":5e-05}","{""detection_events"":62,""detectors_checked"":229376}"
      2048,         0,         0,   0.034,standalone_exact_mw,000a12f67b6d2f9febee6f900216609acb0c5281b533fe6e35129362572a0912,"{""distance"":5,""physical_error_rate"":0.0002}","{""detection_events"":315,""detectors_checked"":458752}"
      1024,         0,         0,   0.012,standalone_exact_mw,7a8ab0d03b7ead21ed40b3e2556c734d992a86585a3d666abe35fd996793b7e5,"{""distance"":5,""physical_error_rate"":0.0005}","{""detection_events"":373,""detectors_checked"":229376}"
      3072,         0,         0,   0.034,standalone_exact_mw,352a3c59735d25dbe5889f513341a2cd2ff9414321bd3c07faf1c3217f623e8c,"{""distance"":5,""physical_error_rate"":5e-05}","{""detection_events"":128,""detectors_checked"":688128}"
      1024,         0,         0,   0.046,standalone_exact_mw,7a8ab0d03b7ead21ed40b3e2556c734d992a86585a3d666abe35fd996793b7e5,"{""distance"":5,""physical_error_rate"":0.0005}","{""detection_events"":485,""detectors_checked"":229376}"
      2048,         0,         0,   0.063,standalone_exact_mw,000a12f67b6d2f9febee6f900216609acb0c5281b533fe6e35129362572a0912,"{""distance"":5,""physical_error_rate"":0.0002}","{""detection_events"":370,""detectors_checked"":458752}"
      2048,         0,         0,   0.033,standalone_exact_mw,82025e6510dee7191a337377ca233259ac8dbd3ccaf9455e916f723ab2066810,"{""distance"":5,""physical_error_rate"":0.0001}","{""detection_events"":223,""detectors_checked"":458752}"
      2048,         0,         0,   0.050,standalone_exact_mw,352a3c59735d25dbe5889f513341a2cd2ff9414321bd3c07faf1c3217f623e8c,"{""distance"":5,""physical_error_rate"":5e-05}","{""detection_events"":76,""detectors_checked"":458752}"
      2048,         0,         0,   0.036,standalone_exact_mw,82025e6510dee7191a337377ca233259ac8dbd3ccaf9455e916f723ab2066810,"{""distance"":5,""physical_error_rate"":0.0001}","{""detection_events"":186,""detectors_checked"":458752}"
      2048,         0,         0,   0.029,standalone_exact_mw,352a3c59735d25dbe5889f513341a2cd2ff9414321bd3c07faf1c3217f623e8c,"{""distance"":5,""physical_error_rate"":5e-05}","{""detection_events"":74,""detectors_checked"":458752}"
      3072,         0,         0,   0.053,standalone_exact_mw,82025e6510dee7191a337377ca233259ac8dbd3ccaf9455e916f723ab2066810,"{""distance"":5,""physical_error_rate"":0.0001}","{""detection_events"":310,""detectors_checked"":688128}"
      1024,         0,         0,   0.033,standalone_exact_mw,7a8ab0d03b7ead21ed40b3e2556c734d992a86585a3d666abe35fd996793b7e5,"{""distance"":5,""physical_error_rate"":0.0005}","{""detection_events"":482,""detectors_checked"":229376}"
      2048,         0,         0,   0.030,standalone_exact_mw,352a3c59735d25dbe5889f513341a2cd2ff9414321bd3c07faf1c3217f623e8c,"{""distance"":5,""physical_error_rate"":5e-05}","{""detection_events"":72,""detectors_checked"":458752}"
      1024,         0,         0,   0.034,standalone_exact_mw,7a8ab0d03b7ead21ed40b3e2556c734d992a86585a3d666abe35fd996793b7e5,"{""distance"":5,""physical_error_rate"":0.0005}","{""detection_events"":484,""detectors_checked"":229376}"
      2048,         0,         0,   0.052,standalone_exact_mw,000a12f67b6d2f9febee6f900216609acb0c5281b533fe6e35129362572a0912,"{""distance"":5,""physical_error_rate"":0.0002}","{""detection_events"":383,""detectors_checked"":458752}"
      2048,         0,         0,   0.052,standalone_exact_mw,000a12f67b6d2f9febee6f900216609acb0c5281b533fe6e35129362572a0912,"{""distance"":5,""physical_error_rate"":0.0002}","{""detection_events"":353,""detectors_checked"":458752}"
      2048,         0,         0,   0.038,standalone_exact_mw,352a3c59735d25dbe5889f513341a2cd2ff9414321bd3c07faf1c3217f623e8c,"{""distance"":5,""physical_error_rate"":5e-05}","{""detection_events"":70,""detectors_checked"":458752}"
      3072,         0,         0,   0.056,standalone_exact_mw,82025e6510dee7191a337377ca233259ac8dbd3ccaf9455e916f723ab2066810,"{""distance"":5,""physical_error_rate"":0.0001}","{""detection_events"":244,""detectors_checked"":688128}"
      2048,         0,         0,   0.044,standalone_exact_mw,352a3c59735d25dbe5889f513341a2cd2ff9414321bd3c07faf1c3217f623e8c,"{""distance"":5,""physical_error_rate"":5e-05}","{""detection_events"":99,""detectors_checked"":458752}"
      1024,         0,         0,   0.044,standalone_exact_mw,7a8ab0d03b7ead21ed40b3e2556c734d992a86585a3d666abe35fd996793b7e5,"{""distance"":5,""physical_error_rate"":0.0005}","{""detection_events"":436,""detectors_checked"":229376}"
      4096,         0,         0,   0.056,standalone_exact_mw,352a3c59735d25dbe5889f513341a2cd2ff9414321bd3c07faf1c3217f623e8c,"{""distance"":5,""physical_error_rate"":5e-05}","{""detection_events"":167,""detectors_checked"":917504}"
      1024,         0,         0,   0.043,standalone_exact_mw,7a8ab0d03b7ead21ed40b3e2556c734d992a86585a3d666abe35fd996793b7e5,"{""distance"":5,""physical_error_rate"":0.0005}","{""detection_events"":469,""detectors_checked"":229376}"
      4096,         0,         0,   0.061,standalone_exact_mw,82025e6510dee7191a337377ca233259ac8dbd3ccaf9455e916f723ab2066810,"{""distance"":5,""physical_error_rate"":0.0001}","{""detection_events"":343,""detectors_checked"":917504}"
    565248,         0,         0,   119.2,standalone_exact_mw,82025e6510dee7191a337377ca233259ac8dbd3ccaf9455e916f723ab2066810,"{""distance"":5,""physical_error_rate"":0.0001}","{""detection_events"":52069,""detectors_checked"":126615552}"
      4096,         0,         0,   0.074,standalone_exact_mw,82025e6510dee7191a337377ca233259ac8dbd3ccaf9455e916f723ab2066810,"{""distance"":5,""physical_error_rate"":0.0001}","{""detection_events"":329,""detectors_checked"":917504}"
      4096,         0,         0,   0.056,standalone_exact_mw,352a3c59735d25dbe5889f513341a2cd2ff9414321bd3c07faf1c3217f623e8c,"{""distance"":5,""physical_error_rate"":5e-05}","{""detection_events"":142,""detectors_checked"":917504}"
      3072,         0,         0,   0.079,standalone_exact_mw,000a12f67b6d2f9febee6f900216609acb0c5281b533fe6e35129362572a0912,"{""distance"":5,""physical_error_rate"":0.0002}","{""detection_events"":562,""detectors_checked"":688128}"
      1024,         0,         0,   0.055,standalone_exact_mw,7a8ab0d03b7ead21ed40b3e2556c734d992a86585a3d666abe35fd996793b7e5,"{""distance"":5,""physical_error_rate"":0.0005}","{""detection_events"":554,""detectors_checked"":229376}"
      4096,         0,         0,   0.058,standalone_exact_mw,352a3c59735d25dbe5889f513341a2cd2ff9414321bd3c07faf1c3217f623e8c,"{""distance"":5,""physical_error_rate"":5e-05}","{""detection_events"":180,""detectors_checked"":917504}"
      3072,         0,         0,   0.075,standalone_exact_mw,000a12f67b6d2f9febee6f900216609acb0c5281b533fe6e35129362572a0912,"{""distance"":5,""physical_error_rate"":0.0002}","{""detection_events"":558,""detectors_checked"":688128}"
      5120,         0,         0,   0.077,standalone_exact_mw,352a3c59735d25dbe5889f513341a2cd2ff9414321bd3c07faf1c3217f623e8c,"{""distance"":5,""physical_error_rate"":5e-05}","{""detection_events"":235,""detectors_checked"":1146880}"
      4096,         0,         0,   0.079,standalone_exact_mw,82025e6510dee7191a337377ca233259ac8dbd3ccaf9455e916f723ab2066810,"{""distance"":5,""physical_error_rate"":0.0001}","{""detection_events"":430,""detectors_checked"":917504}"
      2048,         0,         0,   0.077,standalone_exact_mw,7a8ab0d03b7ead21ed40b3e2556c734d992a86585a3d666abe35fd996793b7e5,"{""distance"":5,""physical_error_rate"":0.0005}","{""detection_events"":934,""detectors_checked"":458752}"
      4096,         0,         0,   0.098,standalone_exact_mw,82025e6510dee7191a337377ca233259ac8dbd3ccaf9455e916f723ab2066810,"{""distance"":5,""physical_error_rate"":0.0001}","{""detection_events"":425,""detectors_checked"":917504}"
      5120,         0,         0,   0.099,standalone_exact_mw,82025e6510dee7191a337377ca233259ac8dbd3ccaf9455e916f723ab2066810,"{""distance"":5,""physical_error_rate"":0.0001}","{""detection_events"":411,""detectors_checked"":1146880}"
      5120,         0,         0,   0.081,standalone_exact_mw,352a3c59735d25dbe5889f513341a2cd2ff9414321bd3c07faf1c3217f623e8c,"{""distance"":5,""physical_error_rate"":5e-05}","{""detection_events"":264,""detectors_checked"":1146880}"
      1024,         0,         0,   0.072,standalone_exact_mw,7a8ab0d03b7ead21ed40b3e2556c734d992a86585a3d666abe35fd996793b7e5,"{""distance"":5,""physical_error_rate"":0.0005}","{""detection_events"":595,""detectors_checked"":229376}"
      3072,         0,         0,   0.078,standalone_exact_mw,000a12f67b6d2f9febee6f900216609acb0c5281b533fe6e35129362572a0912,"{""distance"":5,""physical_error_rate"":0.0002}","{""detection_events"":572,""detectors_checked"":688128}"
      5120,         0,         0,   0.076,standalone_exact_mw,352a3c59735d25dbe5889f513341a2cd2ff9414321bd3c07faf1c3217f623e8c,"{""distance"":5,""physical_error_rate"":5e-05}","{""detection_events"":195,""detectors_checked"":1146880}"
      3072,         0,         0,   0.087,standalone_exact_mw,000a12f67b6d2f9febee6f900216609acb0c5281b533fe6e35129362572a0912,"{""distance"":5,""physical_error_rate"":0.0002}","{""detection_events"":512,""detectors_checked"":688128}"
      2048,         0,         0,   0.080,standalone_exact_mw,7a8ab0d03b7ead21ed40b3e2556c734d992a86585a3d666abe35fd996793b7e5,"{""distance"":5,""physical_error_rate"":0.0005}","{""detection_events"":873,""detectors_checked"":458752}"
      7168,         0,         0,   0.108,standalone_exact_mw,352a3c59735d25dbe5889f513341a2cd2ff9414321bd3c07faf1c3217f623e8c,"{""distance"":5,""physical_error_rate"":5e-05}","{""detection_events"":362,""detectors_checked"":1605632}"
      6144,         0,         0,   0.111,standalone_exact_mw,82025e6510dee7191a337377ca233259ac8dbd3ccaf9455e916f723ab2066810,"{""distance"":5,""physical_error_rate"":0.0001}","{""detection_events"":548,""detectors_checked"":1376256}"
      6144,         0,         0,   0.109,standalone_exact_mw,82025e6510dee7191a337377ca233259ac8dbd3ccaf9455e916f723ab2066810,"{""distance"":5,""physical_error_rate"":0.0001}","{""detection_events"":590,""detectors_checked"":1376256}"
      7168,         0,         0,   0.107,standalone_exact_mw,352a3c59735d25dbe5889f513341a2cd2ff9414321bd3c07faf1c3217f623e8c,"{""distance"":5,""physical_error_rate"":5e-05}","{""detection_events"":343,""detectors_checked"":1605632}"
      2048,         0,         0,   0.106,standalone_exact_mw,7a8ab0d03b7ead21ed40b3e2556c734d992a86585a3d666abe35fd996793b7e5,"{""distance"":5,""physical_error_rate"":0.0005}","{""detection_events"":984,""detectors_checked"":458752}"
      6144,         0,         0,   0.112,standalone_exact_mw,82025e6510dee7191a337377ca233259ac8dbd3ccaf9455e916f723ab2066810,"{""distance"":5,""physical_error_rate"":0.0001}","{""detection_events"":630,""detectors_checked"":1376256}"
      7168,         0,         0,   0.111,standalone_exact_mw,352a3c59735d25dbe5889f513341a2cd2ff9414321bd3c07faf1c3217f623e8c,"{""distance"":5,""physical_error_rate"":5e-05}","{""detection_events"":344,""detectors_checked"":1605632}"
      2048,         0,         0,   0.083,standalone_exact_mw,7a8ab0d03b7ead21ed40b3e2556c734d992a86585a3d666abe35fd996793b7e5,"{""distance"":5,""physical_error_rate"":0.0005}","{""detection_events"":940,""detectors_checked"":458752}"
      4096,         0,         0,   0.107,standalone_exact_mw,000a12f67b6d2f9febee6f900216609acb0c5281b533fe6e35129362572a0912,"{""distance"":5,""physical_error_rate"":0.0002}","{""detection_events"":713,""detectors_checked"":917504}"
      5120,         0,         0,   0.144,standalone_exact_mw,000a12f67b6d2f9febee6f900216609acb0c5281b533fe6e35129362572a0912,"{""distance"":5,""physical_error_rate"":0.0002}","{""detection_events"":1008,""detectors_checked"":1146880}"
     10240,         0,         0,   0.137,standalone_exact_mw,352a3c59735d25dbe5889f513341a2cd2ff9414321bd3c07faf1c3217f623e8c,"{""distance"":5,""physical_error_rate"":5e-05}","{""detection_events"":486,""detectors_checked"":2293760}"
      2048,         0,         0,   0.113,standalone_exact_mw,7a8ab0d03b7ead21ed40b3e2556c734d992a86585a3d666abe35fd996793b7e5,"{""distance"":5,""physical_error_rate"":0.0005}","{""detection_events"":974,""detectors_checked"":458752}"
      8192,         0,         0,   0.157,standalone_exact_mw,82025e6510dee7191a337377ca233259ac8dbd3ccaf9455e916f723ab2066810,"{""distance"":5,""physical_error_rate"":0.0001}","{""detection_events"":760,""detectors_checked"":1835008}"
      7168,         0,         0,   0.148,standalone_exact_mw,82025e6510dee7191a337377ca233259ac8dbd3ccaf9455e916f723ab2066810,"{""distance"":5,""physical_error_rate"":0.0001}","{""detection_events"":709,""detectors_checked"":1605632}"
      7168,         0,         0,   0.148,standalone_exact_mw,82025e6510dee7191a337377ca233259ac8dbd3ccaf9455e916f723ab2066810,"{""distance"":5,""physical_error_rate"":0.0001}","{""detection_events"":739,""detectors_checked"":1605632}"
      3072,         0,         0,   0.137,standalone_exact_mw,7a8ab0d03b7ead21ed40b3e2556c734d992a86585a3d666abe35fd996793b7e5,"{""distance"":5,""physical_error_rate"":0.0005}","{""detection_events"":1431,""detectors_checked"":688128}"
      9216,         0,         0,   0.151,standalone_exact_mw,352a3c59735d25dbe5889f513341a2cd2ff9414321bd3c07faf1c3217f623e8c,"{""distance"":5,""physical_error_rate"":5e-05}","{""detection_events"":460,""detectors_checked"":2064384}"
      9216,         0,         0,   0.166,standalone_exact_mw,352a3c59735d25dbe5889f513341a2cd2ff9414321bd3c07faf1c3217f623e8c,"{""distance"":5,""physical_error_rate"":5e-05}","{""detection_events"":392,""detectors_checked"":2064384}"
      6144,         0,         0,   0.145,standalone_exact_mw,000a12f67b6d2f9febee6f900216609acb0c5281b533fe6e35129362572a0912,"{""distance"":5,""physical_error_rate"":0.0002}","{""detection_events"":1118,""detectors_checked"":1376256}"
      3072,         0,         0,   0.168,standalone_exact_mw,7a8ab0d03b7ead21ed40b3e2556c734d992a86585a3d666abe35fd996793b7e5,"{""distance"":5,""physical_error_rate"":0.0005}","{""detection_events"":1399,""detectors_checked"":688128}"
      2048,         0,         0,   0.238,standalone_exact_mw,000a12f67b6d2f9febee6f900216609acb0c5281b533fe6e35129362572a0912,"{""distance"":5,""physical_error_rate"":0.0002}","{""detection_events"":386,""detectors_checked"":458752}"
      3072,         0,         0,   0.151,standalone_exact_mw,7a8ab0d03b7ead21ed40b3e2556c734d992a86585a3d666abe35fd996793b7e5,"{""distance"":5,""physical_error_rate"":0.0005}","{""detection_events"":1347,""detectors_checked"":688128}"
     16384,         0,         0,   0.209,standalone_exact_mw,82025e6510dee7191a337377ca233259ac8dbd3ccaf9455e916f723ab2066810,"{""distance"":5,""physical_error_rate"":0.0001}","{""detection_events"":1540,""detectors_checked"":3670016}"
     13312,         0,         0,   0.220,standalone_exact_mw,352a3c59735d25dbe5889f513341a2cd2ff9414321bd3c07faf1c3217f623e8c,"{""distance"":5,""physical_error_rate"":5e-05}","{""detection_events"":738,""detectors_checked"":2981888}"
     13312,         0,         0,   0.216,standalone_exact_mw,82025e6510dee7191a337377ca233259ac8dbd3ccaf9455e916f723ab2066810,"{""distance"":5,""physical_error_rate"":0.0001}","{""detection_events"":1220,""detectors_checked"":2981888}"
     14336,         0,         0,   0.209,standalone_exact_mw,352a3c59735d25dbe5889f513341a2cd2ff9414321bd3c07faf1c3217f623e8c,"{""distance"":5,""physical_error_rate"":5e-05}","{""detection_events"":671,""detectors_checked"":3211264}"
      7168,         0,         0,   0.247,standalone_exact_mw,82025e6510dee7191a337377ca233259ac8dbd3ccaf9455e916f723ab2066810,"{""distance"":5,""physical_error_rate"":0.0001}","{""detection_events"":665,""detectors_checked"":1605632}"
     16384,         0,         0,   0.228,standalone_exact_mw,352a3c59735d25dbe5889f513341a2cd2ff9414321bd3c07faf1c3217f623e8c,"{""distance"":5,""physical_error_rate"":5e-05}","{""detection_events"":750,""detectors_checked"":3670016}"
      9216,         0,         0,   0.224,standalone_exact_mw,000a12f67b6d2f9febee6f900216609acb0c5281b533fe6e35129362572a0912,"{""distance"":5,""physical_error_rate"":0.0002}","{""detection_events"":1637,""detectors_checked"":2064384}"
    577536,         1,         0,   119.5,standalone_exact_mw,82025e6510dee7191a337377ca233259ac8dbd3ccaf9455e916f723ab2066810,"{""distance"":5,""physical_error_rate"":0.0001}","{""detection_events"":52751,""detectors_checked"":129368064,""obs_mistake_mask=E"":1}"
      5120,         0,         0,   0.209,standalone_exact_mw,7a8ab0d03b7ead21ed40b3e2556c734d992a86585a3d666abe35fd996793b7e5,"{""distance"":5,""physical_error_rate"":0.0005}","{""detection_events"":2294,""detectors_checked"":1146880}"
      5120,         0,         0,   0.214,standalone_exact_mw,7a8ab0d03b7ead21ed40b3e2556c734d992a86585a3d666abe35fd996793b7e5,"{""distance"":5,""physical_error_rate"":0.0005}","{""detection_events"":2282,""detectors_checked"":1146880}"
      1024,         0,         0,   0.250,standalone_exact_mw,000a12f67b6d2f9febee6f900216609acb0c5281b533fe6e35129362572a0912,"{""distance"":5,""physical_error_rate"":0.0002}","{""detection_events"":159,""detectors_checked"":229376}"
     31744,         0,         0,   0.296,standalone_exact_mw,82025e6510dee7191a337377ca233259ac8dbd3ccaf9455e916f723ab2066810,"{""distance"":5,""physical_error_rate"":0.0001}","{""detection_events"":3045,""detectors_checked"":7110656}"
     20480,         0,         0,   0.296,standalone_exact_mw,352a3c59735d25dbe5889f513341a2cd2ff9414321bd3c07faf1c3217f623e8c,"{""distance"":5,""physical_error_rate"":5e-05}","{""detection_events"":863,""detectors_checked"":4587520}"
     20480,         0,         0,   0.295,standalone_exact_mw,82025e6510dee7191a337377ca233259ac8dbd3ccaf9455e916f723ab2066810,"{""distance"":5,""physical_error_rate"":0.0001}","{""detection_events"":1994,""detectors_checked"":4587520}"
     19456,         0,         0,   0.294,standalone_exact_mw,352a3c59735d25dbe5889f513341a2cd2ff9414321bd3c07faf1c3217f623e8c,"{""distance"":5,""physical_error_rate"":5e-05}","{""detection_events"":886,""detectors_checked"":4358144}"
     20480,         0,         0,   0.301,standalone_exact_mw,352a3c59735d25dbe5889f513341a2cd2ff9414321bd3c07faf1c3217f623e8c,"{""distance"":5,""physical_error_rate"":5e-05}","{""detection_events"":887,""detectors_checked"":4587520}"
      2048,         0,         0,   0.315,standalone_exact_mw,82025e6510dee7191a337377ca233259ac8dbd3ccaf9455e916f723ab2066810,"{""distance"":5,""physical_error_rate"":0.0001}","{""detection_events"":181,""detectors_checked"":458752}"
     12288,         0,         0,   0.311,standalone_exact_mw,000a12f67b6d2f9febee6f900216609acb0c5281b533fe6e35129362572a0912,"{""distance"":5,""physical_error_rate"":0.0002}","{""detection_events"":2339,""detectors_checked"":2752512}"
      7168,         0,         0,   0.320,standalone_exact_mw,7a8ab0d03b7ead21ed40b3e2556c734d992a86585a3d666abe35fd996793b7e5,"{""distance"":5,""physical_error_rate"":0.0005}","{""detection_events"":3191,""detectors_checked"":1605632}"
      7168,         0,         0,   0.310,standalone_exact_mw,7a8ab0d03b7ead21ed40b3e2556c734d992a86585a3d666abe35fd996793b7e5,"{""distance"":5,""physical_error_rate"":0.0005}","{""detection_events"":3164,""detectors_checked"":1605632}"
      2048,         0,         0,   0.416,standalone_exact_mw,000a12f67b6d2f9febee6f900216609acb0c5281b533fe6e35129362572a0912,"{""distance"":5,""physical_error_rate"":0.0002}","{""detection_events"":328,""detectors_checked"":458752}"
     36864,         0,         0,   0.405,standalone_exact_mw,82025e6510dee7191a337377ca233259ac8dbd3ccaf9455e916f723ab2066810,"{""distance"":5,""physical_error_rate"":0.0001}","{""detection_events"":3318,""detectors_checked"":8257536}"
     54272,         0,         0,   0.410,standalone_exact_mw,352a3c59735d25dbe5889f513341a2cd2ff9414321bd3c07faf1c3217f623e8c,"{""distance"":5,""physical_error_rate"":5e-05}","{""detection_events"":2525,""detectors_checked"":12156928}"
     41984,         0,         0,   0.408,standalone_exact_mw,82025e6510dee7191a337377ca233259ac8dbd3ccaf9455e916f723ab2066810,"{""distance"":5,""physical_error_rate"":0.0001}","{""detection_events"":3934,""detectors_checked"":9404416}"
     44032,         0,         0,   0.409,standalone_exact_mw,352a3c59735d25dbe5889f513341a2cd2ff9414321bd3c07faf1c3217f623e8c,"{""distance"":5,""physical_error_rate"":5e-05}","{""detection_events"":2076,""detectors_checked"":9863168}"
     17408,         0,         0,   0.445,standalone_exact_mw,000a12f67b6d2f9febee6f900216609acb0c5281b533fe6e35129362572a0912,"{""distance"":5,""physical_error_rate"":0.0002}","{""detection_events"":3009,""detectors_checked"":3899392}"
      3072,         0,         0,   0.501,standalone_exact_mw,82025e6510dee7191a337377ca233259ac8dbd3ccaf9455e916f723ab2066810,"{""distance"":5,""physical_error_rate"":0.0001}","{""detection_events"":311,""detectors_checked"":688128}"
      8192,         0,         0,   0.509,standalone_exact_mw,352a3c59735d25dbe5889f513341a2cd2ff9414321bd3c07faf1c3217f623e8c,"{""distance"":5,""physical_error_rate"":5e-05}","{""detection_events"":347,""detectors_checked"":1835008}"
      9216,         0,         0,   0.385,standalone_exact_mw,7a8ab0d03b7ead21ed40b3e2556c734d992a86585a3d666abe35fd996793b7e5,"{""distance"":5,""physical_error_rate"":0.0005}","{""detection_events"":4406,""detectors_checked"":2064384}"
      9216,         0,         0,   0.417,standalone_exact_mw,7a8ab0d03b7ead21ed40b3e2556c734d992a86585a3d666abe35fd996793b7e5,"{""distance"":5,""physical_error_rate"":0.0005}","{""detection_events"":4266,""detectors_checked"":2064384}"
  15568896,         0,         0,   119.5,standalone_exact_mw,352a3c59735d25dbe5889f513341a2cd2ff9414321bd3c07faf1c3217f623e8c,"{""distance"":5,""physical_error_rate"":5e-05}","{""detection_events"":713299,""detectors_checked"":3487432704}"
      2048,         0,         0,   0.435,standalone_exact_mw,000a12f67b6d2f9febee6f900216609acb0c5281b533fe6e35129362572a0912,"{""distance"":5,""physical_error_rate"":0.0002}","{""detection_events"":341,""detectors_checked"":458752}"
  12621824,         3,         0,   119.6,standalone_exact_mw,82025e6510dee7191a337377ca233259ac8dbd3ccaf9455e916f723ab2066810,"{""distance"":5,""physical_error_rate"":0.0001}","{""detection_events"":1161226,""detectors_checked"":2827288576,""obs_mistake_mask=E"":3}"
     60416,         0,         0,   0.566,standalone_exact_mw,352a3c59735d25dbe5889f513341a2cd2ff9414321bd3c07faf1c3217f623e8c,"{""distance"":5,""physical_error_rate"":5e-05}","{""detection_events"":2888,""detectors_checked"":13533184}"
     56320,         0,         0,   0.575,standalone_exact_mw,82025e6510dee7191a337377ca233259ac8dbd3ccaf9455e916f723ab2066810,"{""distance"":5,""physical_error_rate"":0.0001}","{""detection_events"":5025,""detectors_checked"":12615680}"
     56320,         0,         0,   0.566,standalone_exact_mw,82025e6510dee7191a337377ca233259ac8dbd3ccaf9455e916f723ab2066810,"{""distance"":5,""physical_error_rate"":0.0001}","{""detection_events"":5117,""detectors_checked"":12615680}"
     66560,         0,         0,   0.568,standalone_exact_mw,352a3c59735d25dbe5889f513341a2cd2ff9414321bd3c07faf1c3217f623e8c,"{""distance"":5,""physical_error_rate"":5e-05}","{""detection_events"":3137,""detectors_checked"":14909440}"
     24576,         0,         0,   0.571,standalone_exact_mw,000a12f67b6d2f9febee6f900216609acb0c5281b533fe6e35129362572a0912,"{""distance"":5,""physical_error_rate"":0.0002}","{""detection_events"":4410,""detectors_checked"":5505024}"
  15618048,         2,         0,   119.5,standalone_exact_mw,352a3c59735d25dbe5889f513341a2cd2ff9414321bd3c07faf1c3217f623e8c,"{""distance"":5,""physical_error_rate"":5e-05}","{""detection_events"":720164,""detectors_checked"":3498442752,""obs_mistake_mask=E"":2}"
     13312,         0,         0,   0.597,standalone_exact_mw,7a8ab0d03b7ead21ed40b3e2556c734d992a86585a3d666abe35fd996793b7e5,"{""distance"":5,""physical_error_rate"":0.0005}","{""detection_events"":6083,""detectors_checked"":2981888}"
     12288,         0,         0,   0.593,standalone_exact_mw,7a8ab0d03b7ead21ed40b3e2556c734d992a86585a3d666abe35fd996793b7e5,"{""distance"":5,""physical_error_rate"":0.0005}","{""detection_events"":5666,""detectors_checked"":2752512}"
      4096,         0,         0,   0.673,standalone_exact_mw,82025e6510dee7191a337377ca233259ac8dbd3ccaf9455e916f723ab2066810,"{""distance"":5,""physical_error_rate"":0.0001}","{""detection_events"":400,""detectors_checked"":917504}"
      4096,         0,         0,   0.669,standalone_exact_mw,352a3c59735d25dbe5889f513341a2cd2ff9414321bd3c07faf1c3217f623e8c,"{""distance"":5,""physical_error_rate"":5e-05}","{""detection_events"":218,""detectors_checked"":917504}"
    289792,         1,         0,   119.7,standalone_exact_mw,7a8ab0d03b7ead21ed40b3e2556c734d992a86585a3d666abe35fd996793b7e5,"{""distance"":5,""physical_error_rate"":0.0005}","{""detection_events"":131620,""detectors_checked"":64913408,""obs_mistake_mask=E"":1}"
  12733440,         3,         0,   119.6,standalone_exact_mw,82025e6510dee7191a337377ca233259ac8dbd3ccaf9455e916f723ab2066810,"{""distance"":5,""physical_error_rate"":0.0001}","{""detection_events"":1174507,""detectors_checked"":2852290560,""obs_mistake_mask=E"":3}"
      3072,         0,         0,   0.833,standalone_exact_mw,000a12f67b6d2f9febee6f900216609acb0c5281b533fe6e35129362572a0912,"{""distance"":5,""physical_error_rate"":0.0002}","{""detection_events"":520,""detectors_checked"":688128}"
     83968,         0,         0,   0.791,standalone_exact_mw,82025e6510dee7191a337377ca233259ac8dbd3ccaf9455e916f723ab2066810,"{""distance"":5,""physical_error_rate"":0.0001}","{""detection_events"":7532,""detectors_checked"":18808832}"
    104448,         0,         0,   0.797,standalone_exact_mw,352a3c59735d25dbe5889f513341a2cd2ff9414321bd3c07faf1c3217f623e8c,"{""distance"":5,""physical_error_rate"":5e-05}","{""detection_events"":4981,""detectors_checked"":23396352}"
     82944,         0,         0,   0.798,standalone_exact_mw,82025e6510dee7191a337377ca233259ac8dbd3ccaf9455e916f723ab2066810,"{""distance"":5,""physical_error_rate"":0.0001}","{""detection_events"":7688,""detectors_checked"":18579456}"
     91136,         0,         0,   0.792,standalone_exact_mw,352a3c59735d25dbe5889f513341a2cd2ff9414321bd3c07faf1c3217f623e8c,"{""distance"":5,""physical_error_rate"":5e-05}","{""detection_events"":4264,""detectors_checked"":20414464}"
     32768,         0,         0,   0.794,standalone_exact_mw,000a12f67b6d2f9febee6f900216609acb0c5281b533fe6e35129362572a0912,"{""distance"":5,""physical_error_rate"":0.0002}","{""detection_events"":5970,""detectors_checked"":7340032}"
     17408,         0,         0,   0.804,standalone_exact_mw,7a8ab0d03b7ead21ed40b3e2556c734d992a86585a3d666abe35fd996793b7e5,"{""distance"":5,""physical_error_rate"":0.0005}","{""detection_events"":8103,""detectors_checked"":3899392}"
      3072,         0,         0,   0.863,standalone_exact_mw,7a8ab0d03b7ead21ed40b3e2556c734d992a86585a3d666abe35fd996793b7e5,"{""distance"":5,""physical_error_rate"":0.0005}","{""detection_events"":1317,""detectors_checked"":688128}"
      5120,         0,         0,   0.867,standalone_exact_mw,82025e6510dee7191a337377ca233259ac8dbd3ccaf9455e916f723ab2066810,"{""distance"":5,""physical_error_rate"":0.0001}","{""detection_events"":438,""detectors_checked"":1146880}"
      6144,         0,         0,   0.949,standalone_exact_mw,352a3c59735d25dbe5889f513341a2cd2ff9414321bd3c07faf1c3217f623e8c,"{""distance"":5,""physical_error_rate"":5e-05}","{""detection_events"":316,""detectors_checked"":1376256}"
      3072,         0,         0,   0.799,standalone_exact_mw,000a12f67b6d2f9febee6f900216609acb0c5281b533fe6e35129362572a0912,"{""distance"":5,""physical_error_rate"":0.0002}","{""detection_events"":609,""detectors_checked"":688128}"
    112640,         0,         0,    1.11,standalone_exact_mw,82025e6510dee7191a337377ca233259ac8dbd3ccaf9455e916f723ab2066810,"{""distance"":5,""physical_error_rate"":0.0001}","{""detection_events"":10246,""detectors_checked"":25231360}"
    129024,         0,         0,    1.11,standalone_exact_mw,352a3c59735d25dbe5889f513341a2cd2ff9414321bd3c07faf1c3217f623e8c,"{""distance"":5,""physical_error_rate"":5e-05}","{""detection_events"":6357,""detectors_checked"":28901376}"
    111616,         0,         0,    1.11,standalone_exact_mw,82025e6510dee7191a337377ca233259ac8dbd3ccaf9455e916f723ab2066810,"{""distance"":5,""physical_error_rate"":0.0001}","{""detection_events"":10432,""detectors_checked"":25001984}"
    135168,         0,         0,    1.12,standalone_exact_mw,352a3c59735d25dbe5889f513341a2cd2ff9414321bd3c07faf1c3217f623e8c,"{""distance"":5,""physical_error_rate"":5e-05}","{""detection_events"":6529,""detectors_checked"":30277632}"
     46080,         0,         0,    1.12,standalone_exact_mw,000a12f67b6d2f9febee6f900216609acb0c5281b533fe6e35129362572a0912,"{""distance"":5,""physical_error_rate"":0.0002}","{""detection_events"":8496,""detectors_checked"":10321920}"
     23552,         0,         0,    1.12,standalone_exact_mw,7a8ab0d03b7ead21ed40b3e2556c734d992a86585a3d666abe35fd996793b7e5,"{""distance"":5,""physical_error_rate"":0.0005}","{""detection_events"":10658,""detectors_checked"":5275648}"
    441344,         0,         0,   119.4,standalone_exact_mw,000a12f67b6d2f9febee6f900216609acb0c5281b533fe6e35129362572a0912,"{""distance"":5,""physical_error_rate"":0.0002}","{""detection_events"":80929,""detectors_checked"":98861056}"
      3072,         0,         0,    1.13,standalone_exact_mw,7a8ab0d03b7ead21ed40b3e2556c734d992a86585a3d666abe35fd996793b7e5,"{""distance"":5,""physical_error_rate"":0.0005}","{""detection_events"":1471,""detectors_checked"":688128}"
      6144,         0,         0,    1.12,standalone_exact_mw,82025e6510dee7191a337377ca233259ac8dbd3ccaf9455e916f723ab2066810,"{""distance"":5,""physical_error_rate"":0.0001}","{""detection_events"":562,""detectors_checked"":1376256}"
      7168,         0,         0,    1.13,standalone_exact_mw,352a3c59735d25dbe5889f513341a2cd2ff9414321bd3c07faf1c3217f623e8c,"{""distance"":5,""physical_error_rate"":5e-05}","{""detection_events"":301,""detectors_checked"":1605632}"
    714752,         0,         0,   119.1,standalone_exact_mw,352a3c59735d25dbe5889f513341a2cd2ff9414321bd3c07faf1c3217f623e8c,"{""distance"":5,""physical_error_rate"":5e-05}","{""detection_events"":32720,""detectors_checked"":160104448}"
    696320,         0,         0,   119.3,standalone_exact_mw,82025e6510dee7191a337377ca233259ac8dbd3ccaf9455e916f723ab2066810,"{""distance"":5,""physical_error_rate"":0.0001}","{""detection_events"":63677,""detectors_checked"":155975680}"
      4096,         0,         0,    1.22,standalone_exact_mw,000a12f67b6d2f9febee6f900216609acb0c5281b533fe6e35129362572a0912,"{""distance"":5,""physical_error_rate"":0.0002}","{""detection_events"":787,""detectors_checked"":917504}"
    431104,         0,         0,   119.4,standalone_exact_mw,000a12f67b6d2f9febee6f900216609acb0c5281b533fe6e35129362572a0912,"{""distance"":5,""physical_error_rate"":0.0002}","{""detection_events"":78437,""detectors_checked"":96567296}"
    577536,         2,         0,   119.5,standalone_exact_mw,7a8ab0d03b7ead21ed40b3e2556c734d992a86585a3d666abe35fd996793b7e5,"{""distance"":5,""physical_error_rate"":0.0005}","{""detection_events"":265942,""detectors_checked"":129368064,""obs_mistake_mask=E"":2}"
    203776,         0,         0,    1.55,standalone_exact_mw,352a3c59735d25dbe5889f513341a2cd2ff9414321bd3c07faf1c3217f623e8c,"{""distance"":5,""physical_error_rate"":5e-05}","{""detection_events"":9078,""detectors_checked"":45645824}"
    154624,         1,         0,    1.57,standalone_exact_mw,82025e6510dee7191a337377ca233259ac8dbd3ccaf9455e916f723ab2066810,"{""distance"":5,""physical_error_rate"":0.0001}","{""detection_events"":14147,""detectors_checked"":34635776,""obs_mistake_mask=E"":1}"
    162816,         0,         0,    1.56,standalone_exact_mw,82025e6510dee7191a337377ca233259ac8dbd3ccaf9455e916f723ab2066810,"{""distance"":5,""physical_error_rate"":0.0001}","{""detection_events"":14658,""detectors_checked"":36470784}"
    186368,         0,         0,    1.56,standalone_exact_mw,352a3c59735d25dbe5889f513341a2cd2ff9414321bd3c07faf1c3217f623e8c,"{""distance"":5,""physical_error_rate"":5e-05}","{""detection_events"":8594,""detectors_checked"":41746432}"
     34816,         0,         0,    1.58,standalone_exact_mw,7a8ab0d03b7ead21ed40b3e2556c734d992a86585a3d666abe35fd996793b7e5,"{""distance"":5,""physical_error_rate"":0.0005}","{""detection_events"":16170,""detectors_checked"":7798784}"
     40960,         0,         0,    1.79,standalone_exact_mw,000a12f67b6d2f9febee6f900216609acb0c5281b533fe6e35129362572a0912,"{""distance"":5,""physical_error_rate"":0.0002}","{""detection_events"":7471,""detectors_checked"":9175040}"
      4096,         0,         0,    1.63,standalone_exact_mw,7a8ab0d03b7ead21ed40b3e2556c734d992a86585a3d666abe35fd996793b7e5,"{""distance"":5,""physical_error_rate"":0.0005}","{""detection_events"":1881,""detectors_checked"":917504}"
      9216,         0,         0,    1.64,standalone_exact_mw,82025e6510dee7191a337377ca233259ac8dbd3ccaf9455e916f723ab2066810,"{""distance"":5,""physical_error_rate"":0.0001}","{""detection_events"":775,""detectors_checked"":2064384}"
     10240,         0,         0,    1.71,standalone_exact_mw,352a3c59735d25dbe5889f513341a2cd2ff9414321bd3c07faf1c3217f623e8c,"{""distance"":5,""physical_error_rate"":5e-05}","{""detection_events"":456,""detectors_checked"":2293760}"
      6144,         0,         0,    1.58,standalone_exact_mw,000a12f67b6d2f9febee6f900216609acb0c5281b533fe6e35129362572a0912,"{""distance"":5,""physical_error_rate"":0.0002}","{""detection_events"":1105,""detectors_checked"":1376256}"
    257024,         0,         0,    2.18,standalone_exact_mw,352a3c59735d25dbe5889f513341a2cd2ff9414321bd3c07faf1c3217f623e8c,"{""distance"":5,""physical_error_rate"":5e-05}","{""detection_events"":12096,""detectors_checked"":57573376}"
    229376,         0,         0,    2.18,standalone_exact_mw,82025e6510dee7191a337377ca233259ac8dbd3ccaf9455e916f723ab2066810,"{""distance"":5,""physical_error_rate"":0.0001}","{""detection_events"":21362,""detectors_checked"":51380224}"
    227328,         0,         0,    2.17,standalone_exact_mw,82025e6510dee7191a337377ca233259ac8dbd3ccaf9455e916f723ab2066810,"{""distance"":5,""physical_error_rate"":0.0001}","{""detection_events"":20861,""detectors_checked"":50921472}"
    279552,         0,         0,    2.18,standalone_exact_mw,352a3c59735d25dbe5889f513341a2cd2ff9414321bd3c07faf1c3217f623e8c,"{""distance"":5,""physical_error_rate"":5e-05}","{""detection_events"":13286,""detectors_checked"":62619648}"
     50176,         0,         0,    2.21,standalone_exact_mw,7a8ab0d03b7ead21ed40b3e2556c734d992a86585a3d666abe35fd996793b7e5,"{""distance"":5,""physical_error_rate"":0.0005}","{""detection_events"":23255,""detectors_checked"":11239424}"
     12288,         0,         0,    2.20,standalone_exact_mw,82025e6510dee7191a337377ca233259ac8dbd3ccaf9455e916f723ab2066810,"{""distance"":5,""physical_error_rate"":0.0001}","{""detection_events"":1180,""detectors_checked"":2752512}"
      8192,         0,         0,    2.27,standalone_exact_mw,000a12f67b6d2f9febee6f900216609acb0c5281b533fe6e35129362572a0912,"{""distance"":5,""physical_error_rate"":0.0002}","{""detection_events"":1574,""detectors_checked"":1835008}"
     14336,         0,         0,    2.19,standalone_exact_mw,352a3c59735d25dbe5889f513341a2cd2ff9414321bd3c07faf1c3217f623e8c,"{""distance"":5,""physical_error_rate"":5e-05}","{""detection_events"":624,""detectors_checked"":3211264}"
      5120,         0,         0,    2.54,standalone_exact_mw,7a8ab0d03b7ead21ed40b3e2556c734d992a86585a3d666abe35fd996793b7e5,"{""distance"":5,""physical_error_rate"":0.0005}","{""detection_events"":2424,""detectors_checked"":1146880}"
      9216,         0,         0,    2.47,standalone_exact_mw,000a12f67b6d2f9febee6f900216609acb0c5281b533fe6e35129362572a0912,"{""distance"":5,""physical_error_rate"":0.0002}","{""detection_events"":1596,""detectors_checked"":2064384}"
    312320,         0,         0,   119.9,standalone_exact_mw,7a8ab0d03b7ead21ed40b3e2556c734d992a86585a3d666abe35fd996793b7e5,"{""distance"":5,""physical_error_rate"":0.0005}","{""detection_events"":143025,""detectors_checked"":69959680}"
   9519104,         3,         0,   119.7,standalone_exact_mw,000a12f67b6d2f9febee6f900216609acb0c5281b533fe6e35129362572a0912,"{""distance"":5,""physical_error_rate"":0.0002}","{""detection_events"":1747058,""detectors_checked"":2132279296,""obs_mistake_mask=E"":3}"
    397312,         0,         0,    3.04,standalone_exact_mw,352a3c59735d25dbe5889f513341a2cd2ff9414321bd3c07faf1c3217f623e8c,"{""distance"":5,""physical_error_rate"":5e-05}","{""detection_events"":18357,""detectors_checked"":88997888}"
    326656,         0,         0,    3.04,standalone_exact_mw,82025e6510dee7191a337377ca233259ac8dbd3ccaf9455e916f723ab2066810,"{""distance"":5,""physical_error_rate"":0.0001}","{""detection_events"":29552,""detectors_checked"":73170944}"
    309248,         0,         0,    3.04,standalone_exact_mw,82025e6510dee7191a337377ca233259ac8dbd3ccaf9455e916f723ab2066810,"{""distance"":5,""physical_error_rate"":0.0001}","{""detection_events"":28597,""detectors_checked"":69271552}"
    394240,         0,         0,    3.04,standalone_exact_mw,352a3c59735d25dbe5889f513341a2cd2ff9414321bd3c07faf1c3217f623e8c,"{""distance"":5,""physical_error_rate"":5e-05}","{""detection_events"":18077,""detectors_checked"":88309760}"
   5339136,        16,         0,   119.8,standalone_exact_mw,7a8ab0d03b7ead21ed40b3e2556c734d992a86585a3d666abe35fd996793b7e5,"{""distance"":5,""physical_error_rate"":0.0005}","{""detection_events"":2447395,""detectors_checked"":1195966464,""obs_mistake_mask=E"":16}"
     15360,         0,         0,    3.12,standalone_exact_mw,82025e6510dee7191a337377ca233259ac8dbd3ccaf9455e916f723ab2066810,"{""distance"":5,""physical_error_rate"":0.0001}","{""detection_events"":1424,""detectors_checked"":3440640}"
     18432,         0,         0,    3.03,standalone_exact_mw,352a3c59735d25dbe5889f513341a2cd2ff9414321bd3c07faf1c3217f623e8c,"{""distance"":5,""physical_error_rate"":5e-05}","{""detection_events"":913,""detectors_checked"":4128768}"
     27648,         0,         0,    3.41,standalone_exact_mw,7a8ab0d03b7ead21ed40b3e2556c734d992a86585a3d666abe35fd996793b7e5,"{""distance"":5,""physical_error_rate"":0.0005}","{""detection_events"":12767,""detectors_checked"":6193152}"
     11264,         0,         0,    3.37,standalone_exact_mw,000a12f67b6d2f9febee6f900216609acb0c5281b533fe6e35129362572a0912,"{""distance"":5,""physical_error_rate"":0.0002}","{""detection_events"":1934,""detectors_checked"":2523136}"
      7168,         0,         0,    3.41,standalone_exact_mw,7a8ab0d03b7ead21ed40b3e2556c734d992a86585a3d666abe35fd996793b7e5,"{""distance"":5,""physical_error_rate"":0.0005}","{""detection_events"":3374,""detectors_checked"":1605632}"
     12288,         0,         0,    3.34,standalone_exact_mw,000a12f67b6d2f9febee6f900216609acb0c5281b533fe6e35129362572a0912,"{""distance"":5,""physical_error_rate"":0.0002}","{""detection_events"":2216,""detectors_checked"":2752512}"
    548864,         0,         0,    4.26,standalone_exact_mw,352a3c59735d25dbe5889f513341a2cd2ff9414321bd3c07faf1c3217f623e8c,"{""distance"":5,""physical_error_rate"":5e-05}","{""detection_events"":25605,""detectors_checked"":122945536}"
    449536,         0,         0,    4.26,standalone_exact_mw,82025e6510dee7191a337377ca233259ac8dbd3ccaf9455e916f723ab2066810,"{""distance"":5,""physical_error_rate"":0.0001}","{""detection_events"":41309,""detectors_checked"":100696064}"
    464896,         0,         0,    4.26,standalone_exact_mw,82025e6510dee7191a337377ca233259ac8dbd3ccaf9455e916f723ab2066810,"{""distance"":5,""physical_error_rate"":0.0001}","{""detection_events"":42880,""detectors_checked"":104136704}"
    557056,         0,         0,    4.25,standalone_exact_mw,352a3c59735d25dbe5889f513341a2cd2ff9414321bd3c07faf1c3217f623e8c,"{""distance"":5,""physical_error_rate"":5e-05}","{""detection_events"":25237,""detectors_checked"":124780544}"
     40960,         0,         0,    4.28,standalone_exact_mw,352a3c59735d25dbe5889f513341a2cd2ff9414321bd3c07faf1c3217f623e8c,"{""distance"":5,""physical_error_rate"":5e-05}","{""detection_events"":1908,""detectors_checked"":9175040}"
     34816,         0,         0,    4.29,standalone_exact_mw,7a8ab0d03b7ead21ed40b3e2556c734d992a86585a3d666abe35fd996793b7e5,"{""distance"":5,""physical_error_rate"":0.0005}","{""detection_events"":16063,""detectors_checked"":7798784}"
     20480,         0,         0,    4.41,standalone_exact_mw,82025e6510dee7191a337377ca233259ac8dbd3ccaf9455e916f723ab2066810,"{""distance"":5,""physical_error_rate"":0.0001}","{""detection_events"":1879,""detectors_checked"":4587520}"
     15360,         0,         0,    4.41,standalone_exact_mw,000a12f67b6d2f9febee6f900216609acb0c5281b533fe6e35129362572a0912,"{""distance"":5,""physical_error_rate"":0.0002}","{""detection_events"":2776,""detectors_checked"":3440640}"
      9216,         0,         0,    4.38,standalone_exact_mw,7a8ab0d03b7ead21ed40b3e2556c734d992a86585a3d666abe35fd996793b7e5,"{""distance"":5,""physical_error_rate"":0.0005}","{""detection_events"":4292,""detectors_checked"":2064384}"
     15360,         0,         0,    4.38,standalone_exact_mw,000a12f67b6d2f9febee6f900216609acb0c5281b533fe6e35129362572a0912,"{""distance"":5,""physical_error_rate"":0.0002}","{""detection_events"":2792,""detectors_checked"":3440640}"
    755712,         0,         0,    5.95,standalone_exact_mw,352a3c59735d25dbe5889f513341a2cd2ff9414321bd3c07faf1c3217f623e8c,"{""distance"":5,""physical_error_rate"":5e-05}","{""detection_events"":34999,""detectors_checked"":169279488}"
    632832,         0,         0,    5.96,standalone_exact_mw,82025e6510dee7191a337377ca233259ac8dbd3ccaf9455e916f723ab2066810,"{""distance"":5,""physical_error_rate"":0.0001}","{""detection_events"":58509,""detectors_checked"":141754368}"
    633856,         0,         0,    5.96,standalone_exact_mw,82025e6510dee7191a337377ca233259ac8dbd3ccaf9455e916f723ab2066810,"{""distance"":5,""physical_error_rate"":0.0001}","{""detection_events"":58163,""detectors_checked"":141983744}"
    758784,         0,         0,    5.95,standalone_exact_mw,352a3c59735d25dbe5889f513341a2cd2ff9414321bd3c07faf1c3217f623e8c,"{""distance"":5,""physical_error_rate"":5e-05}","{""detection_events"":34904,""detectors_checked"":169967616}"
    377856,         0,         0,    5.97,standalone_exact_mw,352a3c59735d25dbe5889f513341a2cd2ff9414321bd3c07faf1c3217f623e8c,"{""distance"":5,""physical_error_rate"":5e-05}","{""detection_events"":17621,""detectors_checked"":84639744}"
     29696,         0,         0,    6.04,standalone_exact_mw,82025e6510dee7191a337377ca233259ac8dbd3ccaf9455e916f723ab2066810,"{""distance"":5,""physical_error_rate"":0.0001}","{""detection_events"":2729,""detectors_checked"":6651904}"
     90112,         0,         0,    5.90,standalone_exact_mw,000a12f67b6d2f9febee6f900216609acb0c5281b533fe6e35129362572a0912,"{""distance"":5,""physical_error_rate"":0.0002}","{""detection_events"":16766,""detectors_checked"":20185088}"
     22528,         0,         0,    6.38,standalone_exact_mw,7a8ab0d03b7ead21ed40b3e2556c734d992a86585a3d666abe35fd996793b7e5,"{""distance"":5,""physical_error_rate"":0.0005}","{""detection_events"":10472,""detectors_checked"":5046272}"
     22528,         0,         0,    5.94,standalone_exact_mw,000a12f67b6d2f9febee6f900216609acb0c5281b533fe6e35129362572a0912,"{""distance"":5,""physical_error_rate"":0.0002}","{""detection_events"":4153,""detectors_checked"":5046272}"
     63488,         0,         0,    6.28,standalone_exact_mw,7a8ab0d03b7ead21ed40b3e2556c734d992a86585a3d666abe35fd996793b7e5,"{""distance"":5,""physical_error_rate"":0.0005}","{""detection_events"":28924,""detectors_checked"":14221312}"
   1017856,         0,         0,    8.34,standalone_exact_mw,352a3c59735d25dbe5889f513341a2cd2ff9414321bd3c07faf1c3217f623e8c,"{""distance"":5,""physical_error_rate"":5e-05}","{""detection_events"":47055,""detectors_checked"":227999744}"
    871424,         0,         0,    8.35,standalone_exact_mw,82025e6510dee7191a337377ca233259ac8dbd3ccaf9455e916f723ab2066810,"{""distance"":5,""physical_error_rate"":0.0001}","{""detection_events"":80794,""detectors_checked"":195198976}"
    858112,         0,         0,    8.35,standalone_exact_mw,82025e6510dee7191a337377ca233259ac8dbd3ccaf9455e916f723ab2066810,"{""distance"":5,""physical_error_rate"":0.0001}","{""detection_events"":79182,""detectors_checked"":192217088}"
    978944,         0,         0,    8.36,standalone_exact_mw,352a3c59735d25dbe5889f513341a2cd2ff9414321bd3c07faf1c3217f623e8c,"{""distance"":5,""physical_error_rate"":5e-05}","{""detection_events"":45465,""detectors_checked"":219283456}"
    457728,         0,         0,    8.34,standalone_exact_mw,352a3c59735d25dbe5889f513341a2cd2ff9414321bd3c07faf1c3217f623e8c,"{""distance"":5,""physical_error_rate"":5e-05}","{""detection_events"":20920,""detectors_checked"":102531072}"
    106496,         0,         0,    8.31,standalone_exact_mw,82025e6510dee7191a337377ca233259ac8dbd3ccaf9455e916f723ab2066810,"{""distance"":5,""physical_error_rate"":0.0001}","{""detection_events"":9769,""detectors_checked"":23855104}"
    330752,         0,         0,    8.37,standalone_exact_mw,000a12f67b6d2f9febee6f900216609acb0c5281b533fe6e35129362572a0912,"{""distance"":5,""physical_error_rate"":0.0002}","{""detection_events"":60231,""detectors_checked"":74088448}"
     26624,         0,         0,    8.56,standalone_exact_mw,7a8ab0d03b7ead21ed40b3e2556c734d992a86585a3d666abe35fd996793b7e5,"{""distance"":5,""physical_error_rate"":0.0005}","{""detection_events"":12434,""detectors_checked"":5963776}"
    185344,         1,         0,    8.38,standalone_exact_mw,7a8ab0d03b7ead21ed40b3e2556c734d992a86585a3d666abe35fd996793b7e5,"{""distance"":5,""physical_error_rate"":0.0005}","{""detection_events"":84553,""detectors_checked"":41517056,""obs_mistake_mask=E"":1}"
     88064,         0,         0,    8.59,standalone_exact_mw,000a12f67b6d2f9febee6f900216609acb0c5281b533fe6e35129362572a0912,"{""distance"":5,""physical_error_rate"":0.0002}","{""detection_events"":16373,""detectors_checked"":19726336}"
  12284928,         2,         0,   119.6,standalone_exact_mw,82025e6510dee7191a337377ca233259ac8dbd3ccaf9455e916f723ab2066810,"{""distance"":5,""physical_error_rate"":0.0001}","{""detection_events"":1133078,""detectors_checked"":2751823872,""obs_mistake_mask=E"":2}"
  15404032,         0,         0,   119.5,standalone_exact_mw,352a3c59735d25dbe5889f513341a2cd2ff9414321bd3c07faf1c3217f623e8c,"{""distance"":5,""physical_error_rate"":5e-05}","{""detection_events"":708441,""detectors_checked"":3450503168}"
    456704,         0,         0,   118.8,standalone_exact_mw,000a12f67b6d2f9febee6f900216609acb0c5281b533fe6e35129362572a0912,"{""distance"":5,""physical_error_rate"":0.0002}","{""detection_events"":83777,""detectors_checked"":102301696}"
    260096,         1,         0,   119.5,standalone_exact_mw,7a8ab0d03b7ead21ed40b3e2556c734d992a86585a3d666abe35fd996793b7e5,"{""distance"":5,""physical_error_rate"":0.0005}","{""detection_events"":119729,""detectors_checked"":58261504,""obs_mistake_mask=E"":1}"
  12571648,         1,         0,   119.6,standalone_exact_mw,82025e6510dee7191a337377ca233259ac8dbd3ccaf9455e916f723ab2066810,"{""distance"":5,""physical_error_rate"":0.0001}","{""detection_events"":1157039,""detectors_checked"":2816049152,""obs_mistake_mask=E"":1}"
  14808064,         1,         0,   119.5,standalone_exact_mw,352a3c59735d25dbe5889f513341a2cd2ff9414321bd3c07faf1c3217f623e8c,"{""distance"":5,""physical_error_rate"":5e-05}","{""detection_events"":680574,""detectors_checked"":3317006336,""obs_mistake_mask=E"":1}"
   1375232,         0,         0,    11.7,standalone_exact_mw,352a3c59735d25dbe5889f513341a2cd2ff9414321bd3c07faf1c3217f623e8c,"{""distance"":5,""physical_error_rate"":5e-05}","{""detection_events"":63357,""detectors_checked"":308051968}"
   1078272,         0,         0,    11.7,standalone_exact_mw,82025e6510dee7191a337377ca233259ac8dbd3ccaf9455e916f723ab2066810,"{""distance"":5,""physical_error_rate"":0.0001}","{""detection_events"":98683,""detectors_checked"":241532928}"
   1029120,         0,         0,    11.7,standalone_exact_mw,82025e6510dee7191a337377ca233259ac8dbd3ccaf9455e916f723ab2066810,"{""distance"":5,""physical_error_rate"":0.0001}","{""detection_events"":95599,""detectors_checked"":230522880}"
   1381376,         0,         0,    11.7,standalone_exact_mw,352a3c59735d25dbe5889f513341a2cd2ff9414321bd3c07faf1c3217f623e8c,"{""distance"":5,""physical_error_rate"":5e-05}","{""detection_events"":63406,""detectors_checked"":309428224}"
    755712,         0,         0,    11.7,standalone_exact_mw,352a3c59735d25dbe5889f513341a2cd2ff9414321bd3c07faf1c3217f623e8c,"{""distance"":5,""physical_error_rate"":5e-05}","{""detection_events"":34670,""detectors_checked"":169279488}"
    318464,         0,         0,    11.8,standalone_exact_mw,82025e6510dee7191a337377ca233259ac8dbd3ccaf9455e916f723ab2066810,"{""distance"":5,""physical_error_rate"":0.0001}","{""detection_events"":29190,""detectors_checked"":71335936}"
    358400,         0,         0,    11.6,standalone_exact_mw,000a12f67b6d2f9febee6f900216609acb0c5281b533fe6e35129362572a0912,"{""distance"":5,""physical_error_rate"":0.0002}","{""detection_events"":66085,""detectors_checked"":80281600}"
     96256,         0,         0,    11.8,standalone_exact_mw,7a8ab0d03b7ead21ed40b3e2556c734d992a86585a3d666abe35fd996793b7e5,"{""distance"":5,""physical_error_rate"":0.0005}","{""detection_events"":43966,""detectors_checked"":21561344}"
    489472,         0,         0,   118.9,standalone_exact_mw,000a12f67b6d2f9febee6f900216609acb0c5281b533fe6e35129362572a0912,"{""distance"":5,""physical_error_rate"":0.0002}","{""detection_events"":90064,""detectors_checked"":109641728}"
    265216,         1,         0,    11.8,standalone_exact_mw,7a8ab0d03b7ead21ed40b3e2556c734d992a86585a3d666abe35fd996793b7e5,"{""distance"":5,""physical_error_rate"":0.0005}","{""detection_events"":121791,""detectors_checked"":59408384,""obs_mistake_mask=E"":1}"
    242688,         1,         0,    11.7,standalone_exact_mw,000a12f67b6d2f9febee6f900216609acb0c5281b533fe6e35129362572a0912,"{""distance"":5,""physical_error_rate"":0.0002}","{""detection_events"":44416,""detectors_checked"":54362112,""obs_mistake_mask=E"":1}"
    263168,         1,         0,   119.6,standalone_exact_mw,7a8ab0d03b7ead21ed40b3e2556c734d992a86585a3d666abe35fd996793b7e5,"{""distance"":5,""physical_error_rate"":0.0005}","{""detection_events"":120119,""detectors_checked"":58949632,""obs_mistake_mask=E"":1}"
   1793024,         0,         0,    16.3,standalone_exact_mw,352a3c59735d25dbe5889f513341a2cd2ff9414321bd3c07faf1c3217f623e8c,"{""distance"":5,""physical_error_rate"":5e-05}","{""detection_events"":83644,""detectors_checked"":401637376}"
   1564672,         0,         0,    16.4,standalone_exact_mw,82025e6510dee7191a337377ca233259ac8dbd3ccaf9455e916f723ab2066810,"{""distance"":5,""physical_error_rate"":0.0001}","{""detection_events"":144107,""detectors_checked"":350486528}"
   1567744,         0,         0,    16.3,standalone_exact_mw,82025e6510dee7191a337377ca233259ac8dbd3ccaf9455e916f723ab2066810,"{""distance"":5,""physical_error_rate"":0.0001}","{""detection_events"":143945,""detectors_checked"":351174656}"
   1884160,         0,         0,    16.3,standalone_exact_mw,352a3c59735d25dbe5889f513341a2cd2ff9414321bd3c07faf1c3217f623e8c,"{""distance"":5,""physical_error_rate"":5e-05}","{""detection_events"":85889,""detectors_checked"":422051840}"
   1070080,         0,         0,    16.3,standalone_exact_mw,352a3c59735d25dbe5889f513341a2cd2ff9414321bd3c07faf1c3217f623e8c,"{""distance"":5,""physical_error_rate"":5e-05}","{""detection_events"":49348,""detectors_checked"":239697920}"
    638976,         1,         0,    16.4,standalone_exact_mw,000a12f67b6d2f9febee6f900216609acb0c5281b533fe6e35129362572a0912,"{""distance"":5,""physical_error_rate"":0.0002}","{""detection_events"":117316,""detectors_checked"":143130624,""obs_mistake_mask=E"":1}"
    121856,         0,         0,    16.5,standalone_exact_mw,82025e6510dee7191a337377ca233259ac8dbd3ccaf9455e916f723ab2066810,"{""distance"":5,""physical_error_rate"":0.0001}","{""detection_events"":11324,""detectors_checked"":27295744}"
    338944,         1,         0,    16.4,standalone_exact_mw,7a8ab0d03b7ead21ed40b3e2556c734d992a86585a3d666abe35fd996793b7e5,"{""distance"":5,""physical_error_rate"":0.0005}","{""detection_events"":155371,""detectors_checked"":75923456,""obs_mistake_mask=E"":1}"
    365568,         2,         0,    16.4,standalone_exact_mw,7a8ab0d03b7ead21ed40b3e2556c734d992a86585a3d666abe35fd996793b7e5,"{""distance"":5,""physical_error_rate"":0.0005}","{""detection_events"":168562,""detectors_checked"":81887232,""obs_mistake_mask=E"":2}"
    661504,         0,         0,    16.4,standalone_exact_mw,000a12f67b6d2f9febee6f900216609acb0c5281b533fe6e35129362572a0912,"{""distance"":5,""physical_error_rate"":0.0002}","{""detection_events"":121247,""detectors_checked"":148176896}"
  11996160,         2,         0,   119.6,standalone_exact_mw,82025e6510dee7191a337377ca233259ac8dbd3ccaf9455e916f723ab2066810,"{""distance"":5,""physical_error_rate"":0.0001}","{""detection_events"":1100622,""detectors_checked"":2687139840,""obs_mistake_mask=E"":2}"
  14570496,         0,         0,   119.5,standalone_exact_mw,352a3c59735d25dbe5889f513341a2cd2ff9414321bd3c07faf1c3217f623e8c,"{""distance"":5,""physical_error_rate"":5e-05}","{""detection_events"":671361,""detectors_checked"":3263791104}"
   9085952,         1,         0,   119.7,standalone_exact_mw,000a12f67b6d2f9febee6f900216609acb0c5281b533fe6e35129362572a0912,"{""distance"":5,""physical_error_rate"":0.0002}","{""detection_events"":1670139,""detectors_checked"":2035253248,""obs_mistake_mask=E"":1}"
   5203968,        14,         0,   119.8,standalone_exact_mw,7a8ab0d03b7ead21ed40b3e2556c734d992a86585a3d666abe35fd996793b7e5,"{""distance"":5,""physical_error_rate"":0.0005}","{""detection_events"":2387097,""detectors_checked"":1165688832,""obs_mistake_mask=E"":14}"
   1626112,         0,         0,   119.7,standalone_exact_mw,000a12f67b6d2f9febee6f900216609acb0c5281b533fe6e35129362572a0912,"{""distance"":5,""physical_error_rate"":0.0002}","{""detection_events"":298566,""detectors_checked"":364249088}"
    283648,         1,         0,   119.9,standalone_exact_mw,7a8ab0d03b7ead21ed40b3e2556c734d992a86585a3d666abe35fd996793b7e5,"{""distance"":5,""physical_error_rate"":0.0005}","{""detection_events"":129936,""detectors_checked"":63537152,""obs_mistake_mask=E"":1}"
   2871296,         0,         0,    22.9,standalone_exact_mw,352a3c59735d25dbe5889f513341a2cd2ff9414321bd3c07faf1c3217f623e8c,"{""distance"":5,""physical_error_rate"":5e-05}","{""detection_events"":131998,""detectors_checked"":643170304}"
   2241536,         0,         0,    22.9,standalone_exact_mw,82025e6510dee7191a337377ca233259ac8dbd3ccaf9455e916f723ab2066810,"{""distance"":5,""physical_error_rate"":0.0001}","{""detection_events"":205140,""detectors_checked"":502104064}"
   2378752,         1,         0,    22.9,standalone_exact_mw,82025e6510dee7191a337377ca233259ac8dbd3ccaf9455e916f723ab2066810,"{""distance"":5,""physical_error_rate"":0.0001}","{""detection_events"":218723,""detectors_checked"":532840448,""obs_mistake_mask=E"":1}"
   2814976,         1,         0,    22.9,standalone_exact_mw,352a3c59735d25dbe5889f513341a2cd2ff9414321bd3c07faf1c3217f623e8c,"{""distance"":5,""physical_error_rate"":5e-05}","{""detection_events"":130046,""detectors_checked"":630554624,""obs_mistake_mask=E"":1}"
    488448,         0,         0,    22.8,standalone_exact_mw,352a3c59735d25dbe5889f513341a2cd2ff9414321bd3c07faf1c3217f623e8c,"{""distance"":5,""physical_error_rate"":5e-05}","{""detection_events"":22696,""detectors_checked"":109412352}"
    293888,         0,         0,    22.8,standalone_exact_mw,000a12f67b6d2f9febee6f900216609acb0c5281b533fe6e35129362572a0912,"{""distance"":5,""physical_error_rate"":0.0002}","{""detection_events"":53506,""detectors_checked"":65830912}"
    131072,         0,         0,    22.9,standalone_exact_mw,82025e6510dee7191a337377ca233259ac8dbd3ccaf9455e916f723ab2066810,"{""distance"":5,""physical_error_rate"":0.0001}","{""detection_events"":12122,""detectors_checked"":29360128}"
    233472,         0,         0,    23.0,standalone_exact_mw,7a8ab0d03b7ead21ed40b3e2556c734d992a86585a3d666abe35fd996793b7e5,"{""distance"":5,""physical_error_rate"":0.0005}","{""detection_events"":106175,""detectors_checked"":52297728}"
    300032,         0,         0,    22.7,standalone_exact_mw,000a12f67b6d2f9febee6f900216609acb0c5281b533fe6e35129362572a0912,"{""distance"":5,""physical_error_rate"":0.0002}","{""detection_events"":56136,""detectors_checked"":67207168}"
    165888,         1,         0,    23.2,standalone_exact_mw,7a8ab0d03b7ead21ed40b3e2556c734d992a86585a3d666abe35fd996793b7e5,"{""distance"":5,""physical_error_rate"":0.0005}","{""detection_events"":75922,""detectors_checked"":37158912,""obs_mistake_mask=E"":1}"
   4016128,         0,         0,    32.0,standalone_exact_mw,352a3c59735d25dbe5889f513341a2cd2ff9414321bd3c07faf1c3217f623e8c,"{""distance"":5,""physical_error_rate"":5e-05}","{""detection_events"":184844,""detectors_checked"":899612672}"
   3361792,         2,         0,    32.0,standalone_exact_mw,82025e6510dee7191a337377ca233259ac8dbd3ccaf9455e916f723ab2066810,"{""distance"":5,""physical_error_rate"":0.0001}","{""detection_events"":308294,""detectors_checked"":753041408,""obs_mistake_mask=E"":2}"
   3322880,         2,         0,    32.0,standalone_exact_mw,82025e6510dee7191a337377ca233259ac8dbd3ccaf9455e916f723ab2066810,"{""distance"":5,""physical_error_rate"":0.0001}","{""detection_events"":305112,""detectors_checked"":744325120,""obs_mistake_mask=E"":2}"
   3910656,         0,         0,    32.0,standalone_exact_mw,352a3c59735d25dbe5889f513341a2cd2ff9414321bd3c07faf1c3217f623e8c,"{""distance"":5,""physical_error_rate"":5e-05}","{""detection_events"":179281,""detectors_checked"":875986944}"
   1080320,         0,         0,    31.9,standalone_exact_mw,352a3c59735d25dbe5889f513341a2cd2ff9414321bd3c07faf1c3217f623e8c,"{""distance"":5,""physical_error_rate"":5e-05}","{""detection_events"":50469,""detectors_checked"":241991680}"
    164864,         0,         0,    31.8,standalone_exact_mw,000a12f67b6d2f9febee6f900216609acb0c5281b533fe6e35129362572a0912,"{""distance"":5,""physical_error_rate"":0.0002}","{""detection_events"":29928,""detectors_checked"":36929536}"
    168960,         0,         0,    32.1,standalone_exact_mw,82025e6510dee7191a337377ca233259ac8dbd3ccaf9455e916f723ab2066810,"{""distance"":5,""physical_error_rate"":0.0001}","{""detection_events"":15612,""detectors_checked"":37847040}"
    167936,         0,         0,    32.2,standalone_exact_mw,7a8ab0d03b7ead21ed40b3e2556c734d992a86585a3d666abe35fd996793b7e5,"{""distance"":5,""physical_error_rate"":0.0005}","{""detection_events"":77128,""detectors_checked"":37617664}"
    224256,         1,         0,    32.1,standalone_exact_mw,000a12f67b6d2f9febee6f900216609acb0c5281b533fe6e35129362572a0912,"{""distance"":5,""physical_error_rate"":0.0002}","{""detection_events"":41674,""detectors_checked"":50233344,""obs_mistake_mask=E"":1}"
    105472,         2,         0,    32.2,standalone_exact_mw,7a8ab0d03b7ead21ed40b3e2556c734d992a86585a3d666abe35fd996793b7e5,"{""distance"":5,""physical_error_rate"":0.0005}","{""detection_events"":48513,""detectors_checked"":23625728,""obs_mistake_mask=E"":2}"
  11908096,         0,         0,   119.6,standalone_exact_mw,82025e6510dee7191a337377ca233259ac8dbd3ccaf9455e916f723ab2066810,"{""distance"":5,""physical_error_rate"":0.0001}","{""detection_events"":1096122,""detectors_checked"":2667413504}"
  13448192,         0,         0,   119.5,standalone_exact_mw,352a3c59735d25dbe5889f513341a2cd2ff9414321bd3c07faf1c3217f623e8c,"{""distance"":5,""physical_error_rate"":5e-05}","{""detection_events"":618560,""detectors_checked"":3012395008}"
   9105408,         8,         0,   119.7,standalone_exact_mw,000a12f67b6d2f9febee6f900216609acb0c5281b533fe6e35129362572a0912,"{""distance"":5,""physical_error_rate"":0.0002}","{""detection_events"":1675509,""detectors_checked"":2039611392,""obs_mistake_mask=E"":8}"
   4930560,        23,         0,   119.9,standalone_exact_mw,7a8ab0d03b7ead21ed40b3e2556c734d992a86585a3d666abe35fd996793b7e5,"{""distance"":5,""physical_error_rate"":0.0005}","{""detection_events"":2263969,""detectors_checked"":1104445440,""obs_mistake_mask=E"":23}"
   8517632,         0,         0,   119.7,standalone_exact_mw,000a12f67b6d2f9febee6f900216609acb0c5281b533fe6e35129362572a0912,"{""distance"":5,""physical_error_rate"":0.0002}","{""detection_events"":1566122,""detectors_checked"":1907949568}"
   5081088,        14,         0,   119.8,standalone_exact_mw,7a8ab0d03b7ead21ed40b3e2556c734d992a86585a3d666abe35fd996793b7e5,"{""distance"":5,""physical_error_rate"":0.0005}","{""detection_events"":2332411,""detectors_checked"":1138163712,""obs_mistake_mask=E"":14}"
   1732608,         0,         0,   119.0,standalone_exact_mw,352a3c59735d25dbe5889f513341a2cd2ff9414321bd3c07faf1c3217f623e8c,"{""distance"":5,""physical_error_rate"":5e-05}","{""detection_events"":79992,""detectors_checked"":388104192}"
   1015808,         0,         0,   119.4,standalone_exact_mw,352a3c59735d25dbe5889f513341a2cd2ff9414321bd3c07faf1c3217f623e8c,"{""distance"":5,""physical_error_rate"":5e-05}","{""detection_events"":47109,""detectors_checked"":227540992}"
   2364416,         0,         0,   119.6,standalone_exact_mw,000a12f67b6d2f9febee6f900216609acb0c5281b533fe6e35129362572a0912,"{""distance"":5,""physical_error_rate"":0.0002}","{""detection_events"":433574,""detectors_checked"":529629184}"
    944128,         0,         0,   119.4,standalone_exact_mw,82025e6510dee7191a337377ca233259ac8dbd3ccaf9455e916f723ab2066810,"{""distance"":5,""physical_error_rate"":0.0001}","{""detection_events"":86629,""detectors_checked"":211484672}"
    688128,         1,         0,   119.3,standalone_exact_mw,82025e6510dee7191a337377ca233259ac8dbd3ccaf9455e916f723ab2066810,"{""distance"":5,""physical_error_rate"":0.0001}","{""detection_events"":63726,""detectors_checked"":154140672,""obs_mistake_mask=E"":1}"
  14028800,         1,         0,   119.6,standalone_exact_mw,352a3c59735d25dbe5889f513341a2cd2ff9414321bd3c07faf1c3217f623e8c,"{""distance"":5,""physical_error_rate"":5e-05}","{""detection_events"":644472,""detectors_checked"":3142451200,""obs_mistake_mask=E"":1}"
  11651072,         3,         0,   119.6,standalone_exact_mw,82025e6510dee7191a337377ca233259ac8dbd3ccaf9455e916f723ab2066810,"{""distance"":5,""physical_error_rate"":0.0001}","{""detection_events"":1071925,""detectors_checked"":2609840128,""obs_mistake_mask=E"":3}"
  14532608,         0,         0,   119.5,standalone_exact_mw,352a3c59735d25dbe5889f513341a2cd2ff9414321bd3c07faf1c3217f623e8c,"{""distance"":5,""physical_error_rate"":5e-05}","{""detection_events"":665322,""detectors_checked"":3255304192}"
  12077056,         0,         0,   119.6,standalone_exact_mw,82025e6510dee7191a337377ca233259ac8dbd3ccaf9455e916f723ab2066810,"{""distance"":5,""physical_error_rate"":0.0001}","{""detection_events"":1110999,""detectors_checked"":2705260544}"
   1205248,         5,         0,   119.6,standalone_exact_mw,7a8ab0d03b7ead21ed40b3e2556c734d992a86585a3d666abe35fd996793b7e5,"{""distance"":5,""physical_error_rate"":0.0005}","{""detection_events"":551773,""detectors_checked"":269975552,""obs_mistake_mask=E"":5}"
    517120,         0,         0,   119.1,standalone_exact_mw,000a12f67b6d2f9febee6f900216609acb0c5281b533fe6e35129362572a0912,"{""distance"":5,""physical_error_rate"":0.0002}","{""detection_events"":96081,""detectors_checked"":115834880}"
    854016,         0,         0,   119.3,standalone_exact_mw,352a3c59735d25dbe5889f513341a2cd2ff9414321bd3c07faf1c3217f623e8c,"{""distance"":5,""physical_error_rate"":5e-05}","{""detection_events"":39051,""detectors_checked"":191299584}"
   1664000,         1,         0,   119.6,standalone_exact_mw,82025e6510dee7191a337377ca233259ac8dbd3ccaf9455e916f723ab2066810,"{""distance"":5,""physical_error_rate"":0.0001}","{""detection_events"":153955,""detectors_checked"":372736000,""obs_mistake_mask=E"":1}"
    516096,         0,         0,   119.7,standalone_exact_mw,000a12f67b6d2f9febee6f900216609acb0c5281b533fe6e35129362572a0912,"{""distance"":5,""physical_error_rate"":0.0002}","{""detection_events"":95123,""detectors_checked"":115605504}"
    610304,         4,         0,   119.5,standalone_exact_mw,7a8ab0d03b7ead21ed40b3e2556c734d992a86585a3d666abe35fd996793b7e5,"{""distance"":5,""physical_error_rate"":0.0005}","{""detection_events"":280429,""detectors_checked"":136708096,""obs_mistake_mask=E"":4}"
    301056,         0,         0,   119.3,standalone_exact_mw,7a8ab0d03b7ead21ed40b3e2556c734d992a86585a3d666abe35fd996793b7e5,"{""distance"":5,""physical_error_rate"":0.0005}","{""detection_events"":138407,""detectors_checked"":67436544}"
   8875008,         4,         0,   119.7,standalone_exact_mw,000a12f67b6d2f9febee6f900216609acb0c5281b533fe6e35129362572a0912,"{""distance"":5,""physical_error_rate"":0.0002}","{""detection_events"":1631963,""detectors_checked"":1988001792,""obs_mistake_mask=E"":4}"
   4950016,        23,         0,   119.8,standalone_exact_mw,7a8ab0d03b7ead21ed40b3e2556c734d992a86585a3d666abe35fd996793b7e5,"{""distance"":5,""physical_error_rate"":0.0005}","{""detection_events"":2264653,""detectors_checked"":1108803584,""obs_mistake_mask=E"":23}"
  11535360,         0,         0,   119.6,standalone_exact_mw,82025e6510dee7191a337377ca233259ac8dbd3ccaf9455e916f723ab2066810,"{""distance"":5,""physical_error_rate"":0.0001}","{""detection_events"":1058856,""detectors_checked"":2583920640}"
  14589952,         0,         0,   119.5,standalone_exact_mw,352a3c59735d25dbe5889f513341a2cd2ff9414321bd3c07faf1c3217f623e8c,"{""distance"":5,""physical_error_rate"":5e-05}","{""detection_events"":670734,""detectors_checked"":3268149248}"
    696320,         0,         0,   119.2,standalone_exact_mw,000a12f67b6d2f9febee6f900216609acb0c5281b533fe6e35129362572a0912,"{""distance"":5,""physical_error_rate"":0.0002}","{""detection_events"":127684,""detectors_checked"":155975680}"
   5719040,         0,         0,    44.8,standalone_exact_mw,352a3c59735d25dbe5889f513341a2cd2ff9414321bd3c07faf1c3217f623e8c,"{""distance"":5,""physical_error_rate"":5e-05}","{""detection_events"":262328,""detectors_checked"":1281064960}"
   4703232,         1,         0,    44.8,standalone_exact_mw,82025e6510dee7191a337377ca233259ac8dbd3ccaf9455e916f723ab2066810,"{""distance"":5,""physical_error_rate"":0.0001}","{""detection_events"":434924,""detectors_checked"":1053523968,""obs_mistake_mask=E"":1}"
   4746240,         1,         0,    44.9,standalone_exact_mw,82025e6510dee7191a337377ca233259ac8dbd3ccaf9455e916f723ab2066810,"{""distance"":5,""physical_error_rate"":0.0001}","{""detection_events"":437703,""detectors_checked"":1063157760,""obs_mistake_mask=E"":1}"
   5693440,         1,         0,    44.8,standalone_exact_mw,352a3c59735d25dbe5889f513341a2cd2ff9414321bd3c07faf1c3217f623e8c,"{""distance"":5,""physical_error_rate"":5e-05}","{""detection_events"":261167,""detectors_checked"":1275330560,""obs_mistake_mask=E"":1}"
    416768,         1,         0,   119.8,standalone_exact_mw,7a8ab0d03b7ead21ed40b3e2556c734d992a86585a3d666abe35fd996793b7e5,"{""distance"":5,""physical_error_rate"":0.0005}","{""detection_events"":192269,""detectors_checked"":93356032,""obs_mistake_mask=E"":1}"
   1061888,         0,         0,    44.7,standalone_exact_mw,352a3c59735d25dbe5889f513341a2cd2ff9414321bd3c07faf1c3217f623e8c,"{""distance"":5,""physical_error_rate"":5e-05}","{""detection_events"":48795,""detectors_checked"":237862912}"
    299008,         0,         0,    44.7,standalone_exact_mw,000a12f67b6d2f9febee6f900216609acb0c5281b533fe6e35129362572a0912,"{""distance"":5,""physical_error_rate"":0.0002}","{""detection_events"":55282,""detectors_checked"":66977792}"
    504832,         4,         0,    44.9,standalone_exact_mw,7a8ab0d03b7ead21ed40b3e2556c734d992a86585a3d666abe35fd996793b7e5,"{""distance"":5,""physical_error_rate"":0.0005}","{""detection_events"":231275,""detectors_checked"":113082368,""obs_mistake_mask=E"":4}"
    229376,         0,         0,    44.9,standalone_exact_mw,82025e6510dee7191a337377ca233259ac8dbd3ccaf9455e916f723ab2066810,"{""distance"":5,""physical_error_rate"":0.0001}","{""detection_events"":21104,""detectors_checked"":51380224}"
    166912,         0,         0,    44.9,standalone_exact_mw,000a12f67b6d2f9febee6f900216609acb0c5281b533fe6e35129362572a0912,"{""distance"":5,""physical_error_rate"":0.0002}","{""detection_events"":31125,""detectors_checked"":37388288}"
     95232,         0,         0,    45.0,standalone_exact_mw,7a8ab0d03b7ead21ed40b3e2556c734d992a86585a3d666abe35fd996793b7e5,"{""distance"":5,""physical_error_rate"":0.0005}","{""detection_events"":43965,""detectors_checked"":21331968}"
  12361728,         0,         0,   119.6,standalone_exact_mw,82025e6510dee7191a337377ca233259ac8dbd3ccaf9455e916f723ab2066810,"{""distance"":5,""physical_error_rate"":0.0001}","{""detection_events"":1135582,""detectors_checked"":2769027072}"
  13800448,         0,         0,   119.5,standalone_exact_mw,352a3c59735d25dbe5889f513341a2cd2ff9414321bd3c07faf1c3217f623e8c,"{""distance"":5,""physical_error_rate"":5e-05}","{""detection_events"":634662,""detectors_checked"":3091300352}"
    502784,         0,         0,   119.8,standalone_exact_mw,000a12f67b6d2f9febee6f900216609acb0c5281b533fe6e35129362572a0912,"{""distance"":5,""physical_error_rate"":0.0002}","{""detection_events"":92074,""detectors_checked"":112623616}"
    278528,         3,         0,   120.1,standalone_exact_mw,7a8ab0d03b7ead21ed40b3e2556c734d992a86585a3d666abe35fd996793b7e5,"{""distance"":5,""physical_error_rate"":0.0005}","{""detection_events"":128510,""detectors_checked"":62390272,""obs_mistake_mask=E"":3}"
  12607488,         0,         0,   119.6,standalone_exact_mw,82025e6510dee7191a337377ca233259ac8dbd3ccaf9455e916f723ab2066810,"{""distance"":5,""physical_error_rate"":0.0001}","{""detection_events"":1159654,""detectors_checked"":2824077312}"
  15172608,         2,         0,   119.5,standalone_exact_mw,352a3c59735d25dbe5889f513341a2cd2ff9414321bd3c07faf1c3217f623e8c,"{""distance"":5,""physical_error_rate"":5e-05}","{""detection_events"":695453,""detectors_checked"":3398664192,""obs_mistake_mask=E"":2}"
   9264128,         7,         0,   119.7,standalone_exact_mw,000a12f67b6d2f9febee6f900216609acb0c5281b533fe6e35129362572a0912,"{""distance"":5,""physical_error_rate"":0.0002}","{""detection_events"":1700889,""detectors_checked"":2075164672,""obs_mistake_mask=E"":7}"
   5335040,        19,         0,   119.8,standalone_exact_mw,7a8ab0d03b7ead21ed40b3e2556c734d992a86585a3d666abe35fd996793b7e5,"{""distance"":5,""physical_error_rate"":0.0005}","{""detection_events"":2448224,""detectors_checked"":1195048960,""obs_mistake_mask=E"":19}"
    543744,         1,         0,   119.5,standalone_exact_mw,000a12f67b6d2f9febee6f900216609acb0c5281b533fe6e35129362572a0912,"{""distance"":5,""physical_error_rate"":0.0002}","{""detection_events"":101247,""detectors_checked"":121798656,""obs_mistake_mask=E"":1}"
    246784,         3,         0,   120.3,standalone_exact_mw,7a8ab0d03b7ead21ed40b3e2556c734d992a86585a3d666abe35fd996793b7e5,"{""distance"":5,""physical_error_rate"":0.0005}","{""detection_events"":115334,""detectors_checked"":55279616,""obs_mistake_mask=E"":3}"
  12122462,         0,         0,    92.8,standalone_exact_mw,352a3c59735d25dbe5889f513341a2cd2ff9414321bd3c07faf1c3217f623e8c,"{""distance"":5,""physical_error_rate"":5e-05}","{""detection_events"":559501,""detectors_checked"":2715431488}"
   8082432,         0,         0,    62.8,standalone_exact_mw,352a3c59735d25dbe5889f513341a2cd2ff9414321bd3c07faf1c3217f623e8c,"{""distance"":5,""physical_error_rate"":5e-05}","{""detection_events"":373712,""detectors_checked"":1810464768}"
   6711296,         0,         0,    62.8,standalone_exact_mw,82025e6510dee7191a337377ca233259ac8dbd3ccaf9455e916f723ab2066810,"{""distance"":5,""physical_error_rate"":0.0001}","{""detection_events"":615959,""detectors_checked"":1503330304}"
   6696960,         3,         0,    62.8,standalone_exact_mw,82025e6510dee7191a337377ca233259ac8dbd3ccaf9455e916f723ab2066810,"{""distance"":5,""physical_error_rate"":0.0001}","{""detection_events"":616919,""detectors_checked"":1500119040,""obs_mistake_mask=E"":3}"
   8143872,         0,         0,    62.8,standalone_exact_mw,352a3c59735d25dbe5889f513341a2cd2ff9414321bd3c07faf1c3217f623e8c,"{""distance"":5,""physical_error_rate"":5e-05}","{""detection_events"":374268,""detectors_checked"":1824227328}"
    596992,         0,         0,    62.5,standalone_exact_mw,352a3c59735d25dbe5889f513341a2cd2ff9414321bd3c07faf1c3217f623e8c,"{""distance"":5,""physical_error_rate"":5e-05}","{""detection_events"":26628,""detectors_checked"":133726208}"
    225280,         1,         0,    62.8,standalone_exact_mw,000a12f67b6d2f9febee6f900216609acb0c5281b533fe6e35129362572a0912,"{""distance"":5,""physical_error_rate"":0.0002}","{""detection_events"":41330,""detectors_checked"":50462720,""obs_mistake_mask=E"":1}"
    174080,         1,         0,    62.8,standalone_exact_mw,7a8ab0d03b7ead21ed40b3e2556c734d992a86585a3d666abe35fd996793b7e5,"{""distance"":5,""physical_error_rate"":0.0005}","{""detection_events"":80138,""detectors_checked"":38993920,""obs_mistake_mask=E"":1}"
    300032,         0,         0,    62.5,standalone_exact_mw,82025e6510dee7191a337377ca233259ac8dbd3ccaf9455e916f723ab2066810,"{""distance"":5,""physical_error_rate"":0.0001}","{""detection_events"":27329,""detectors_checked"":67207168}"
    228352,         0,         0,    63.3,standalone_exact_mw,000a12f67b6d2f9febee6f900216609acb0c5281b533fe6e35129362572a0912,"{""distance"":5,""physical_error_rate"":0.0002}","{""detection_events"":42522,""detectors_checked"":51150848}"
    191488,         0,         0,    63.0,standalone_exact_mw,7a8ab0d03b7ead21ed40b3e2556c734d992a86585a3d666abe35fd996793b7e5,"{""distance"":5,""physical_error_rate"":0.0005}","{""detection_events"":88060,""detectors_checked"":42893312}"
  12323840,         0,         0,   119.6,standalone_exact_mw,82025e6510dee7191a337377ca233259ac8dbd3ccaf9455e916f723ab2066810,"{""distance"":5,""physical_error_rate"":0.0001}","{""detection_events"":1135807,""detectors_checked"":2760540160}"
  14315520,         1,         0,   119.5,standalone_exact_mw,352a3c59735d25dbe5889f513341a2cd2ff9414321bd3c07faf1c3217f623e8c,"{""distance"":5,""physical_error_rate"":5e-05}","{""detection_events"":656910,""detectors_checked"":3206676480,""obs_mistake_mask=E"":1}"
   9584640,         0,         0,   119.7,standalone_exact_mw,000a12f67b6d2f9febee6f900216609acb0c5281b533fe6e35129362572a0912,"{""distance"":5,""physical_error_rate"":0.0002}","{""detection_events"":1760999,""detectors_checked"":2146959360}"
   5347328,        14,         0,   119.8,standalone_exact_mw,7a8ab0d03b7ead21ed40b3e2556c734d992a86585a3d666abe35fd996793b7e5,"{""distance"":5,""physical_error_rate"":0.0005}","{""detection_events"":2450343,""detectors_checked"":1197801472,""obs_mistake_mask=E"":14}"
   9496576,         2,         0,   119.7,standalone_exact_mw,000a12f67b6d2f9febee6f900216609acb0c5281b533fe6e35129362572a0912,"{""distance"":5,""physical_error_rate"":0.0002}","{""detection_events"":1746090,""detectors_checked"":2127233024,""obs_mistake_mask=E"":2}"
   5351424,        12,         0,   119.8,standalone_exact_mw,7a8ab0d03b7ead21ed40b3e2556c734d992a86585a3d666abe35fd996793b7e5,"{""distance"":5,""physical_error_rate"":0.0005}","{""detection_events"":2454675,""detectors_checked"":1198718976,""obs_mistake_mask=E"":12}"
   2031616,         0,         0,   119.1,standalone_exact_mw,352a3c59735d25dbe5889f513341a2cd2ff9414321bd3c07faf1c3217f623e8c,"{""distance"":5,""physical_error_rate"":5e-05}","{""detection_events"":93490,""detectors_checked"":455081984}"
    857088,         0,         0,   119.5,standalone_exact_mw,352a3c59735d25dbe5889f513341a2cd2ff9414321bd3c07faf1c3217f623e8c,"{""distance"":5,""physical_error_rate"":5e-05}","{""detection_events"":38844,""detectors_checked"":191987712}"
    430080,         1,         0,   119.3,standalone_exact_mw,000a12f67b6d2f9febee6f900216609acb0c5281b533fe6e35129362572a0912,"{""distance"":5,""physical_error_rate"":0.0002}","{""detection_events"":78845,""detectors_checked"":96337920,""obs_mistake_mask=E"":1}"
    591872,         0,         0,   118.8,standalone_exact_mw,82025e6510dee7191a337377ca233259ac8dbd3ccaf9455e916f723ab2066810,"{""distance"":5,""physical_error_rate"":0.0001}","{""detection_events"":54205,""detectors_checked"":132579328}"
    575488,         2,         0,   119.3,standalone_exact_mw,82025e6510dee7191a337377ca233259ac8dbd3ccaf9455e916f723ab2066810,"{""distance"":5,""physical_error_rate"":0.0001}","{""detection_events"":52915,""detectors_checked"":128909312,""obs_mistake_mask=E"":2}"
  15511552,         0,         0,   119.5,standalone_exact_mw,352a3c59735d25dbe5889f513341a2cd2ff9414321bd3c07faf1c3217f623e8c,"{""distance"":5,""physical_error_rate"":5e-05}","{""detection_events"":712412,""detectors_checked"":3474587648}"
  12549120,         1,         0,   119.6,standalone_exact_mw,82025e6510dee7191a337377ca233259ac8dbd3ccaf9455e916f723ab2066810,"{""distance"":5,""physical_error_rate"":0.0001}","{""detection_events"":1156107,""detectors_checked"":2811002880,""obs_mistake_mask=E"":1}"
  12809216,         1,         0,   119.6,standalone_exact_mw,82025e6510dee7191a337377ca233259ac8dbd3ccaf9455e916f723ab2066810,"{""distance"":5,""physical_error_rate"":0.0001}","{""detection_events"":1180630,""detectors_checked"":2869264384,""obs_mistake_mask=E"":1}"
    245760,         2,         0,   119.6,standalone_exact_mw,7a8ab0d03b7ead21ed40b3e2556c734d992a86585a3d666abe35fd996793b7e5,"{""distance"":5,""physical_error_rate"":0.0005}","{""detection_events"":112369,""detectors_checked"":55050240,""obs_mistake_mask=E"":2}"
    495616,         1,         0,   118.7,standalone_exact_mw,000a12f67b6d2f9febee6f900216609acb0c5281b533fe6e35129362572a0912,"{""distance"":5,""physical_error_rate"":0.0002}","{""detection_events"":90931,""detectors_checked"":111017984,""obs_mistake_mask=E"":1}"
    993280,         0,         0,   119.4,standalone_exact_mw,352a3c59735d25dbe5889f513341a2cd2ff9414321bd3c07faf1c3217f623e8c,"{""distance"":5,""physical_error_rate"":5e-05}","{""detection_events"":45729,""detectors_checked"":222494720}"
    727040,         0,         0,   119.2,standalone_exact_mw,82025e6510dee7191a337377ca233259ac8dbd3ccaf9455e916f723ab2066810,"{""distance"":5,""physical_error_rate"":0.0001}","{""detection_events"":67523,""detectors_checked"":162856960}"
    434176,         0,         0,   119.2,standalone_exact_mw,000a12f67b6d2f9febee6f900216609acb0c5281b533fe6e35129362572a0912,"{""distance"":5,""physical_error_rate"":0.0002}","{""detection_events"":80234,""detectors_checked"":97255424}"
    245760,         0,         0,   119.9,standalone_exact_mw,7a8ab0d03b7ead21ed40b3e2556c734d992a86585a3d666abe35fd996793b7e5,"{""distance"":5,""physical_error_rate"":0.0005}","{""detection_events"":112421,""detectors_checked"":55050240}"
    246784,         0,         0,   120.0,standalone_exact_mw,7a8ab0d03b7ead21ed40b3e2556c734d992a86585a3d666abe35fd996793b7e5,"{""distance"":5,""physical_error_rate"":0.0005}","{""detection_events"":112191,""detectors_checked"":55279616}"
   9537536,         5,         0,   119.7,standalone_exact_mw,000a12f67b6d2f9febee6f900216609acb0c5281b533fe6e35129362572a0912,"{""distance"":5,""physical_error_rate"":0.0002}","{""detection_events"":1751990,""detectors_checked"":2136408064,""obs_mistake_mask=E"":5}"
   5322752,        12,         0,   119.8,standalone_exact_mw,7a8ab0d03b7ead21ed40b3e2556c734d992a86585a3d666abe35fd996793b7e5,"{""distance"":5,""physical_error_rate"":0.0005}","{""detection_events"":2444327,""detectors_checked"":1192296448,""obs_mistake_mask=E"":12}"
  12575744,         1,         0,   119.6,standalone_exact_mw,82025e6510dee7191a337377ca233259ac8dbd3ccaf9455e916f723ab2066810,"{""distance"":5,""physical_error_rate"":0.0001}","{""detection_events"":1156818,""detectors_checked"":2816966656,""obs_mistake_mask=E"":1}"
  15606784,         0,         0,   119.5,standalone_exact_mw,352a3c59735d25dbe5889f513341a2cd2ff9414321bd3c07faf1c3217f623e8c,"{""distance"":5,""physical_error_rate"":5e-05}","{""detection_events"":717038,""detectors_checked"":3495919616}"
    429056,         0,         0,   119.4,standalone_exact_mw,000a12f67b6d2f9febee6f900216609acb0c5281b533fe6e35129362572a0912,"{""distance"":5,""physical_error_rate"":0.0002}","{""detection_events"":78709,""detectors_checked"":96108544}"
    246784,         0,         0,   119.6,standalone_exact_mw,7a8ab0d03b7ead21ed40b3e2556c734d992a86585a3d666abe35fd996793b7e5,"{""distance"":5,""physical_error_rate"":0.0005}","{""detection_events"":112083,""detectors_checked"":55279616}"
  12806144,         1,         0,   119.6,standalone_exact_mw,82025e6510dee7191a337377ca233259ac8dbd3ccaf9455e916f723ab2066810,"{""distance"":5,""physical_error_rate"":0.0001}","{""detection_events"":1177074,""detectors_checked"":2868576256,""obs_mistake_mask=E"":1}"
  15192064,         0,         0,   119.5,standalone_exact_mw,352a3c59735d25dbe5889f513341a2cd2ff9414321bd3c07faf1c3217f623e8c,"{""distance"":5,""physical_error_rate"":5e-05}","{""detection_events"":699202,""detectors_checked"":3403022336}"
    675840,         0,         0,   119.1,standalone_exact_mw,000a12f67b6d2f9febee6f900216609acb0c5281b533fe6e35129362572a0912,"{""distance"":5,""physical_error_rate"":0.0002}","{""detection_events"":124315,""detectors_checked"":151388160}"
    246784,         2,         0,   119.7,standalone_exact_mw,7a8ab0d03b7ead21ed40b3e2556c734d992a86585a3d666abe35fd996793b7e5,"{""distance"":5,""physical_error_rate"":0.0005}","{""detection_events"":112034,""detectors_checked"":55279616,""obs_mistake_mask=E"":2}"
   8130216,         0,         0,    62.3,standalone_exact_mw,352a3c59735d25dbe5889f513341a2cd2ff9414321bd3c07faf1c3217f623e8c,"{""distance"":5,""physical_error_rate"":5e-05}","{""detection_events"":372670,""detectors_checked"":1821168384}"
  11382784,         1,         0,    87.9,standalone_exact_mw,352a3c59735d25dbe5889f513341a2cd2ff9414321bd3c07faf1c3217f623e8c,"{""distance"":5,""physical_error_rate"":5e-05}","{""detection_events"":521837,""detectors_checked"":2549743616,""obs_mistake_mask=E"":1}"
   9351168,         1,         0,    87.9,standalone_exact_mw,82025e6510dee7191a337377ca233259ac8dbd3ccaf9455e916f723ab2066810,"{""distance"":5,""physical_error_rate"":0.0001}","{""detection_events"":858567,""detectors_checked"":2094661632,""obs_mistake_mask=E"":1}"
   9377792,         1,         0,    87.9,standalone_exact_mw,82025e6510dee7191a337377ca233259ac8dbd3ccaf9455e916f723ab2066810,"{""distance"":5,""physical_error_rate"":0.0001}","{""detection_events"":864470,""detectors_checked"":2100625408,""obs_mistake_mask=E"":1}"
  11390976,         0,         0,    87.9,standalone_exact_mw,352a3c59735d25dbe5889f513341a2cd2ff9414321bd3c07faf1c3217f623e8c,"{""distance"":5,""physical_error_rate"":5e-05}","{""detection_events"":524336,""detectors_checked"":2551578624}"
  12772352,         2,         0,   119.6,standalone_exact_mw,82025e6510dee7191a337377ca233259ac8dbd3ccaf9455e916f723ab2066810,"{""distance"":5,""physical_error_rate"":0.0001}","{""detection_events"":1175758,""detectors_checked"":2861006848,""obs_mistake_mask=E"":2}"
  15410176,         1,         0,   119.5,standalone_exact_mw,352a3c59735d25dbe5889f513341a2cd2ff9414321bd3c07faf1c3217f623e8c,"{""distance"":5,""physical_error_rate"":5e-05}","{""detection_events"":705551,""detectors_checked"":3451879424,""obs_mistake_mask=E"":1}"
   9483264,         4,         0,   119.7,standalone_exact_mw,000a12f67b6d2f9febee6f900216609acb0c5281b533fe6e35129362572a0912,"{""distance"":5,""physical_error_rate"":0.0002}","{""detection_events"":1743374,""detectors_checked"":2124251136,""obs_mistake_mask=E"":4}"
   5400576,        15,         0,   119.8,standalone_exact_mw,7a8ab0d03b7ead21ed40b3e2556c734d992a86585a3d666abe35fd996793b7e5,"{""distance"":5,""physical_error_rate"":0.0005}","{""detection_events"":2476555,""detectors_checked"":1209729024,""obs_mistake_mask=E"":15}"
    518144,         0,         0,    87.9,standalone_exact_mw,352a3c59735d25dbe5889f513341a2cd2ff9414321bd3c07faf1c3217f623e8c,"{""distance"":5,""physical_error_rate"":5e-05}","{""detection_events"":24290,""detectors_checked"":116064256}"
    502784,         0,         0,    87.1,standalone_exact_mw,000a12f67b6d2f9febee6f900216609acb0c5281b533fe6e35129362572a0912,"{""distance"":5,""physical_error_rate"":0.0002}","{""detection_events"":92456,""detectors_checked"":112623616}"
    429056,         0,         0,    87.8,standalone_exact_mw,82025e6510dee7191a337377ca233259ac8dbd3ccaf9455e916f723ab2066810,"{""distance"":5,""physical_error_rate"":0.0001}","{""detection_events"":38869,""detectors_checked"":96108544}"
    177152,         0,         0,    88.3,standalone_exact_mw,7a8ab0d03b7ead21ed40b3e2556c734d992a86585a3d666abe35fd996793b7e5,"{""distance"":5,""physical_error_rate"":0.0005}","{""detection_events"":81435,""detectors_checked"":39682048}"
    322560,         0,         0,    87.7,standalone_exact_mw,000a12f67b6d2f9febee6f900216609acb0c5281b533fe6e35129362572a0912,"{""distance"":5,""physical_error_rate"":0.0002}","{""detection_events"":58744,""detectors_checked"":72253440}"
    182272,         2,         0,    87.9,standalone_exact_mw,7a8ab0d03b7ead21ed40b3e2556c734d992a86585a3d666abe35fd996793b7e5,"{""distance"":5,""physical_error_rate"":0.0005}","{""detection_events"":84106,""detectors_checked"":40828928,""obs_mistake_mask=E"":2}"
    776474,         0,         0,    5.91,standalone_exact_mw,352a3c59735d25dbe5889f513341a2cd2ff9414321bd3c07faf1c3217f623e8c,"{""distance"":5,""physical_error_rate"":5e-05}","{""detection_events"":35567,""detectors_checked"":173930176}"
  13022208,         1,         0,    99.3,standalone_exact_mw,352a3c59735d25dbe5889f513341a2cd2ff9414321bd3c07faf1c3217f623e8c,"{""distance"":5,""physical_error_rate"":5e-05}","{""detection_events"":598971,""detectors_checked"":2916974592,""obs_mistake_mask=E"":1}"
    432128,         0,         0,   119.4,standalone_exact_mw,000a12f67b6d2f9febee6f900216609acb0c5281b533fe6e35129362572a0912,"{""distance"":5,""physical_error_rate"":0.0002}","{""detection_events"":80376,""detectors_checked"":96796672}"
    373760,         0,         0,   119.3,standalone_exact_mw,7a8ab0d03b7ead21ed40b3e2556c734d992a86585a3d666abe35fd996793b7e5,"{""distance"":5,""physical_error_rate"":0.0005}","{""detection_events"":171610,""detectors_checked"":83722240}"
  12896770,         0,         0,   102.7,standalone_exact_mw,352a3c59735d25dbe5889f513341a2cd2ff9414321bd3c07faf1c3217f623e8c,"{""distance"":5,""physical_error_rate"":5e-05}","{""detection_events"":592031,""detectors_checked"":2888876480}"
  11980212,         1,         0,   111.6,standalone_exact_mw,82025e6510dee7191a337377ca233259ac8dbd3ccaf9455e916f723ab2066810,"{""distance"":5,""physical_error_rate"":0.0001}","{""detection_events"":1103384,""detectors_checked"":2683567488,""obs_mistake_mask=E"":1}"
  10736855,         0,         0,    82.5,standalone_exact_mw,352a3c59735d25dbe5889f513341a2cd2ff9414321bd3c07faf1c3217f623e8c,"{""distance"":5,""physical_error_rate"":5e-05}","{""detection_events"":496704,""detectors_checked"":2405055520}"
   9871360,         0,         0,    77.1,standalone_exact_mw,352a3c59735d25dbe5889f513341a2cd2ff9414321bd3c07faf1c3217f623e8c,"{""distance"":5,""physical_error_rate"":5e-05}","{""detection_events"":452924,""detectors_checked"":2211184640}"
  12535808,         3,         0,   119.6,standalone_exact_mw,82025e6510dee7191a337377ca233259ac8dbd3ccaf9455e916f723ab2066810,"{""distance"":5,""physical_error_rate"":0.0001}","{""detection_events"":1154150,""detectors_checked"":2808020992,""obs_mistake_mask=E"":3}"
   9544704,         7,         0,   119.7,standalone_exact_mw,000a12f67b6d2f9febee6f900216609acb0c5281b533fe6e35129362572a0912,"{""distance"":5,""physical_error_rate"":0.0002}","{""detection_events"":1756600,""detectors_checked"":2138013696,""obs_mistake_mask=E"":7}"
   5398528,        17,         0,   119.8,standalone_exact_mw,7a8ab0d03b7ead21ed40b3e2556c734d992a86585a3d666abe35fd996793b7e5,"{""distance"":5,""physical_error_rate"":0.0005}","{""detection_events"":2479013,""detectors_checked"":1209270272,""obs_mistake_mask=E"":17}"
   9590784,         3,         0,   119.7,standalone_exact_mw,000a12f67b6d2f9febee6f900216609acb0c5281b533fe6e35129362572a0912,"{""distance"":5,""physical_error_rate"":0.0002}","{""detection_events"":1760529,""detectors_checked"":2148335616,""obs_mistake_mask=E"":3}"
   5393408,        16,         0,   119.8,standalone_exact_mw,7a8ab0d03b7ead21ed40b3e2556c734d992a86585a3d666abe35fd996793b7e5,"{""distance"":5,""physical_error_rate"":0.0005}","{""detection_events"":2471257,""detectors_checked"":1208123392,""obs_mistake_mask=E"":16}"
    704512,         0,         0,   119.2,standalone_exact_mw,352a3c59735d25dbe5889f513341a2cd2ff9414321bd3c07faf1c3217f623e8c,"{""distance"":5,""physical_error_rate"":5e-05}","{""detection_events"":32168,""detectors_checked"":157810688}"
    860160,         0,         0,   119.1,standalone_exact_mw,352a3c59735d25dbe5889f513341a2cd2ff9414321bd3c07faf1c3217f623e8c,"{""distance"":5,""physical_error_rate"":5e-05}","{""detection_events"":39713,""detectors_checked"":192675840}"
    430080,         0,         0,   119.4,standalone_exact_mw,000a12f67b6d2f9febee6f900216609acb0c5281b533fe6e35129362572a0912,"{""distance"":5,""physical_error_rate"":0.0002}","{""detection_events"":78850,""detectors_checked"":96337920}"
    572416,         0,         0,   119.2,standalone_exact_mw,82025e6510dee7191a337377ca233259ac8dbd3ccaf9455e916f723ab2066810,"{""distance"":5,""physical_error_rate"":0.0001}","{""detection_events"":52653,""detectors_checked"":128221184}"
    575488,         0,         0,   119.1,standalone_exact_mw,82025e6510dee7191a337377ca233259ac8dbd3ccaf9455e916f723ab2066810,"{""distance"":5,""physical_error_rate"":0.0001}","{""detection_events"":52459,""detectors_checked"":128909312}"
  12594176,         1,         0,   119.6,standalone_exact_mw,82025e6510dee7191a337377ca233259ac8dbd3ccaf9455e916f723ab2066810,"{""distance"":5,""physical_error_rate"":0.0001}","{""detection_events"":1158606,""detectors_checked"":2821095424,""obs_mistake_mask=E"":1}"
    305152,         1,         0,   119.8,standalone_exact_mw,7a8ab0d03b7ead21ed40b3e2556c734d992a86585a3d666abe35fd996793b7e5,"{""distance"":5,""physical_error_rate"":0.0005}","{""detection_events"":140579,""detectors_checked"":68354048,""obs_mistake_mask=E"":1}"
    865280,         0,         0,   119.2,standalone_exact_mw,000a12f67b6d2f9febee6f900216609acb0c5281b533fe6e35129362572a0912,"{""distance"":5,""physical_error_rate"":0.0002}","{""detection_events"":158834,""detectors_checked"":193822720}"
    807936,         0,         0,   119.5,standalone_exact_mw,352a3c59735d25dbe5889f513341a2cd2ff9414321bd3c07faf1c3217f623e8c,"{""distance"":5,""physical_error_rate"":5e-05}","{""detection_events"":37352,""detectors_checked"":180977664}"
   1138688,         0,         0,   119.2,standalone_exact_mw,82025e6510dee7191a337377ca233259ac8dbd3ccaf9455e916f723ab2066810,"{""distance"":5,""physical_error_rate"":0.0001}","{""detection_events"":104276,""detectors_checked"":255066112}"
    640000,         0,         0,   119.3,standalone_exact_mw,000a12f67b6d2f9febee6f900216609acb0c5281b533fe6e35129362572a0912,"{""distance"":5,""physical_error_rate"":0.0002}","{""detection_events"":117371,""detectors_checked"":143360000}"
    250880,         0,         0,   120.0,standalone_exact_mw,7a8ab0d03b7ead21ed40b3e2556c734d992a86585a3d666abe35fd996793b7e5,"{""distance"":5,""physical_error_rate"":0.0005}","{""detection_events"":115181,""detectors_checked"":56197120}"
   9532416,         3,         0,   119.7,standalone_exact_mw,000a12f67b6d2f9febee6f900216609acb0c5281b533fe6e35129362572a0912,"{""distance"":5,""physical_error_rate"":0.0002}","{""detection_events"":1751869,""detectors_checked"":2135261184,""obs_mistake_mask=E"":3}"
   5340160,        10,         0,   119.9,standalone_exact_mw,7a8ab0d03b7ead21ed40b3e2556c734d992a86585a3d666abe35fd996793b7e5,"{""distance"":5,""physical_error_rate"":0.0005}","{""detection_events"":2444939,""detectors_checked"":1196195840,""obs_mistake_mask=E"":10}"
    242688,         3,         0,   120.2,standalone_exact_mw,7a8ab0d03b7ead21ed40b3e2556c734d992a86585a3d666abe35fd996793b7e5,"{""distance"":5,""physical_error_rate"":0.0005}","{""detection_events"":110137,""detectors_checked"":54362112,""obs_mistake_mask=E"":3}"
   9842117,         0,         0,    75.6,standalone_exact_mw,352a3c59735d25dbe5889f513341a2cd2ff9414321bd3c07faf1c3217f623e8c,"{""distance"":5,""physical_error_rate"":5e-05}","{""detection_events"":452956,""detectors_checked"":2204634208}"
   8420352,         0,         0,    64.6,standalone_exact_mw,352a3c59735d25dbe5889f513341a2cd2ff9414321bd3c07faf1c3217f623e8c,"{""distance"":5,""physical_error_rate"":5e-05}","{""detection_events"":388790,""detectors_checked"":1886158848}"
   9164800,         0,         0,    71.2,standalone_exact_mw,352a3c59735d25dbe5889f513341a2cd2ff9414321bd3c07faf1c3217f623e8c,"{""distance"":5,""physical_error_rate"":5e-05}","{""detection_events"":421436,""detectors_checked"":2052915200}"
   9174016,         0,         0,    71.1,standalone_exact_mw,352a3c59735d25dbe5889f513341a2cd2ff9414321bd3c07faf1c3217f623e8c,"{""distance"":5,""physical_error_rate"":5e-05}","{""detection_events"":422705,""detectors_checked"":2054979584}"
   8375296,         0,         0,    64.6,standalone_exact_mw,352a3c59735d25dbe5889f513341a2cd2ff9414321bd3c07faf1c3217f623e8c,"{""distance"":5,""physical_error_rate"":5e-05}","{""detection_events"":386722,""detectors_checked"":1876066304}"
   4473690,         0,         0,    35.7,standalone_exact_mw,352a3c59735d25dbe5889f513341a2cd2ff9414321bd3c07faf1c3217f623e8c,"{""distance"":5,""physical_error_rate"":5e-05}","{""detection_events"":206637,""detectors_checked"":1002106560}"
   6006784,         0,         0,    51.7,standalone_exact_mw,352a3c59735d25dbe5889f513341a2cd2ff9414321bd3c07faf1c3217f623e8c,"{""distance"":5,""physical_error_rate"":5e-05}","{""detection_events"":276350,""detectors_checked"":1345519616}"
  12464128,         1,         0,   119.6,standalone_exact_mw,82025e6510dee7191a337377ca233259ac8dbd3ccaf9455e916f723ab2066810,"{""distance"":5,""physical_error_rate"":0.0001}","{""detection_events"":1142168,""detectors_checked"":2791964672,""obs_mistake_mask=E"":1}"
    444416,         1,         0,   119.4,standalone_exact_mw,000a12f67b6d2f9febee6f900216609acb0c5281b533fe6e35129362572a0912,"{""distance"":5,""physical_error_rate"":0.0002}","{""detection_events"":81273,""detectors_checked"":99549184,""obs_mistake_mask=E"":1}"
   4700931,         0,         0,    39.6,standalone_exact_mw,352a3c59735d25dbe5889f513341a2cd2ff9414321bd3c07faf1c3217f623e8c,"{""distance"":5,""physical_error_rate"":5e-05}","{""detection_events"":214123,""detectors_checked"":1053008544}"
    252928,         0,         0,   119.8,standalone_exact_mw,7a8ab0d03b7ead21ed40b3e2556c734d992a86585a3d666abe35fd996793b7e5,"{""distance"":5,""physical_error_rate"":0.0005}","{""detection_events"":114885,""detectors_checked"":56655872}"
  12688384,         1,         0,   119.6,standalone_exact_mw,82025e6510dee7191a337377ca233259ac8dbd3ccaf9455e916f723ab2066810,"{""distance"":5,""physical_error_rate"":0.0001}","{""detection_events"":1165507,""detectors_checked"":2842198016,""obs_mistake_mask=E"":1}"
   1086464,         0,         0,   119.1,standalone_exact_mw,000a12f67b6d2f9febee6f900216609acb0c5281b533fe6e35129362572a0912,"{""distance"":5,""physical_error_rate"":0.0002}","{""detection_events"":199230,""detectors_checked"":243367936}"
    253952,         1,         0,   119.8,standalone_exact_mw,7a8ab0d03b7ead21ed40b3e2556c734d992a86585a3d666abe35fd996793b7e5,"{""distance"":5,""physical_error_rate"":0.0005}","{""detection_events"":115638,""detectors_checked"":56885248,""obs_mistake_mask=E"":1}"
   3808621,         0,         0,    30.6,standalone_exact_mw,352a3c59735d25dbe5889f513341a2cd2ff9414321bd3c07faf1c3217f623e8c,"{""distance"":5,""physical_error_rate"":5e-05}","{""detection_events"":174269,""detectors_checked"":853131104}"
   3808256,         0,         0,    30.6,standalone_exact_mw,352a3c59735d25dbe5889f513341a2cd2ff9414321bd3c07faf1c3217f623e8c,"{""distance"":5,""physical_error_rate"":5e-05}","{""detection_events"":176930,""detectors_checked"":853049344}"
   3672064,         0,         0,    30.6,standalone_exact_mw,352a3c59735d25dbe5889f513341a2cd2ff9414321bd3c07faf1c3217f623e8c,"{""distance"":5,""physical_error_rate"":5e-05}","{""detection_events"":169116,""detectors_checked"":822542336}"
   3624960,         0,         0,    30.6,standalone_exact_mw,352a3c59735d25dbe5889f513341a2cd2ff9414321bd3c07faf1c3217f623e8c,"{""distance"":5,""physical_error_rate"":5e-05}","{""detection_events"":167821,""detectors_checked"":811991040}"
   3764224,         0,         0,    30.6,standalone_exact_mw,352a3c59735d25dbe5889f513341a2cd2ff9414321bd3c07faf1c3217f623e8c,"{""distance"":5,""physical_error_rate"":5e-05}","{""detection_events"":173271,""detectors_checked"":843186176}"
    361782,         0,         0,    3.56,standalone_exact_mw,352a3c59735d25dbe5889f513341a2cd2ff9414321bd3c07faf1c3217f623e8c,"{""distance"":5,""physical_error_rate"":5e-05}","{""detection_events"":16376,""detectors_checked"":81039168}"
   2365440,         0,         0,   103.5,standalone_exact_mw,352a3c59735d25dbe5889f513341a2cd2ff9414321bd3c07faf1c3217f623e8c,"{""distance"":5,""physical_error_rate"":5e-05}","{""detection_events"":108305,""detectors_checked"":529858560}"
   2642944,         0,         0,    20.9,standalone_exact_mw,352a3c59735d25dbe5889f513341a2cd2ff9414321bd3c07faf1c3217f623e8c,"{""distance"":5,""physical_error_rate"":5e-05}","{""detection_events"":121185,""detectors_checked"":592019456}"
   2501632,         0,         0,    20.8,standalone_exact_mw,352a3c59735d25dbe5889f513341a2cd2ff9414321bd3c07faf1c3217f623e8c,"{""distance"":5,""physical_error_rate"":5e-05}","{""detection_events"":116404,""detectors_checked"":560365568}"
   2221962,         2,         0,    18.9,standalone_exact_mw,352a3c59735d25dbe5889f513341a2cd2ff9414321bd3c07faf1c3217f623e8c,"{""distance"":5,""physical_error_rate"":5e-05}","{""detection_events"":101841,""detectors_checked"":497719488,""obs_mistake_mask=E"":2}"
   1991680,         0,         0,    51.9,standalone_exact_mw,352a3c59735d25dbe5889f513341a2cd2ff9414321bd3c07faf1c3217f623e8c,"{""distance"":5,""physical_error_rate"":5e-05}","{""detection_events"":92233,""detectors_checked"":446136320}"
    936412,         0,         0,    7.96,standalone_exact_mw,352a3c59735d25dbe5889f513341a2cd2ff9414321bd3c07faf1c3217f623e8c,"{""distance"":5,""physical_error_rate"":5e-05}","{""detection_events"":43145,""detectors_checked"":209756288}"
   1166956,         0,         0,    9.66,standalone_exact_mw,352a3c59735d25dbe5889f513341a2cd2ff9414321bd3c07faf1c3217f623e8c,"{""distance"":5,""physical_error_rate"":5e-05}","{""detection_events"":54085,""detectors_checked"":261398144}"
   1122304,         0,         0,    9.67,standalone_exact_mw,352a3c59735d25dbe5889f513341a2cd2ff9414321bd3c07faf1c3217f623e8c,"{""distance"":5,""physical_error_rate"":5e-05}","{""detection_events"":51501,""detectors_checked"":251396096}"
   1069710,         0,         0,    10.6,standalone_exact_mw,352a3c59735d25dbe5889f513341a2cd2ff9414321bd3c07faf1c3217f623e8c,"{""distance"":5,""physical_error_rate"":5e-05}","{""detection_events"":49682,""detectors_checked"":239615040}"
    887042,         0,         0,    7.50,standalone_exact_mw,352a3c59735d25dbe5889f513341a2cd2ff9414321bd3c07faf1c3217f623e8c,"{""distance"":5,""physical_error_rate"":5e-05}","{""detection_events"":41086,""detectors_checked"":198697408}"
    851968,         0,         0,    7.53,standalone_exact_mw,352a3c59735d25dbe5889f513341a2cd2ff9414321bd3c07faf1c3217f623e8c,"{""distance"":5,""physical_error_rate"":5e-05}","{""detection_events"":38948,""detectors_checked"":190840832}"
    813122,         0,         0,    6.92,standalone_exact_mw,352a3c59735d25dbe5889f513341a2cd2ff9414321bd3c07faf1c3217f623e8c,"{""distance"":5,""physical_error_rate"":5e-05}","{""detection_events"":37171,""detectors_checked"":182139328}"
    752640,         0,         0,    9.04,standalone_exact_mw,352a3c59735d25dbe5889f513341a2cd2ff9414321bd3c07faf1c3217f623e8c,"{""distance"":5,""physical_error_rate"":5e-05}","{""detection_events"":34525,""detectors_checked"":168591360}"
    674365,         0,         0,    5.55,standalone_exact_mw,352a3c59735d25dbe5889f513341a2cd2ff9414321bd3c07faf1c3217f623e8c,"{""distance"":5,""physical_error_rate"":5e-05}","{""detection_events"":31097,""detectors_checked"":151057760}"
    649216,         0,         0,    9.84,standalone_exact_mw,352a3c59735d25dbe5889f513341a2cd2ff9414321bd3c07faf1c3217f623e8c,"{""distance"":5,""physical_error_rate"":5e-05}","{""detection_events"":30139,""detectors_checked"":145424384}"
    566272,         0,         0,    63.7,standalone_exact_mw,352a3c59735d25dbe5889f513341a2cd2ff9414321bd3c07faf1c3217f623e8c,"{""distance"":5,""physical_error_rate"":5e-05}","{""detection_events"":26193,""detectors_checked"":126844928}"
    555448,         0,         0,    8.24,standalone_exact_mw,352a3c59735d25dbe5889f513341a2cd2ff9414321bd3c07faf1c3217f623e8c,"{""distance"":5,""physical_error_rate"":5e-05}","{""detection_events"":25519,""detectors_checked"":124420352}"
    432128,         0,         0,    4.43,standalone_exact_mw,352a3c59735d25dbe5889f513341a2cd2ff9414321bd3c07faf1c3217f623e8c,"{""distance"":5,""physical_error_rate"":5e-05}","{""detection_events"":19860,""detectors_checked"":96796672}"
    468992,         0,         0,    64.4,standalone_exact_mw,352a3c59735d25dbe5889f513341a2cd2ff9414321bd3c07faf1c3217f623e8c,"{""distance"":5,""physical_error_rate"":5e-05}","{""detection_events"":21372,""detectors_checked"":105054208}"
    407870,         0,         0,    3.67,standalone_exact_mw,352a3c59735d25dbe5889f513341a2cd2ff9414321bd3c07faf1c3217f623e8c,"{""distance"":5,""physical_error_rate"":5e-05}","{""detection_events"":18659,""detectors_checked"":91362880}"
    345088,         0,         0,    3.17,standalone_exact_mw,352a3c59735d25dbe5889f513341a2cd2ff9414321bd3c07faf1c3217f623e8c,"{""distance"":5,""physical_error_rate"":5e-05}","{""detection_events"":16091,""detectors_checked"":77299712}"
    306176,         0,         0,    4.57,standalone_exact_mw,352a3c59735d25dbe5889f513341a2cd2ff9414321bd3c07faf1c3217f623e8c,"{""distance"":5,""physical_error_rate"":5e-05}","{""detection_events"":13867,""detectors_checked"":68583424}"
    298787,         0,         0,    3.57,standalone_exact_mw,352a3c59735d25dbe5889f513341a2cd2ff9414321bd3c07faf1c3217f623e8c,"{""distance"":5,""physical_error_rate"":5e-05}","{""detection_events"":13975,""detectors_checked"":66928288}"
    237568,         0,         0,    2.14,standalone_exact_mw,352a3c59735d25dbe5889f513341a2cd2ff9414321bd3c07faf1c3217f623e8c,"{""distance"":5,""physical_error_rate"":5e-05}","{""detection_events"":11205,""detectors_checked"":53215232}"
    219616,         0,         0,    2.06,standalone_exact_mw,352a3c59735d25dbe5889f513341a2cd2ff9414321bd3c07faf1c3217f623e8c,"{""distance"":5,""physical_error_rate"":5e-05}","{""detection_events"":9797,""detectors_checked"":49193984}"
    181517,         0,         0,    1.39,standalone_exact_mw,352a3c59735d25dbe5889f513341a2cd2ff9414321bd3c07faf1c3217f623e8c,"{""distance"":5,""physical_error_rate"":5e-05}","{""detection_events"":8523,""detectors_checked"":40659808}"
    166391,         0,         0,    1.39,standalone_exact_mw,352a3c59735d25dbe5889f513341a2cd2ff9414321bd3c07faf1c3217f623e8c,"{""distance"":5,""physical_error_rate"":5e-05}","{""detection_events"":7646,""detectors_checked"":37271584}"
    152525,         0,         0,    2.33,standalone_exact_mw,352a3c59735d25dbe5889f513341a2cd2ff9414321bd3c07faf1c3217f623e8c,"{""distance"":5,""physical_error_rate"":5e-05}","{""detection_events"":6992,""detectors_checked"":34165600}"
    149504,         0,         0,    2.27,standalone_exact_mw,352a3c59735d25dbe5889f513341a2cd2ff9414321bd3c07faf1c3217f623e8c,"{""distance"":5,""physical_error_rate"":5e-05}","{""detection_events"":6820,""detectors_checked"":33488896}"
    139815,         0,         0,    1.27,standalone_exact_mw,352a3c59735d25dbe5889f513341a2cd2ff9414321bd3c07faf1c3217f623e8c,"{""distance"":5,""physical_error_rate"":5e-05}","{""detection_events"":6540,""detectors_checked"":31318560}"
    120832,         0,         0,    1.85,standalone_exact_mw,352a3c59735d25dbe5889f513341a2cd2ff9414321bd3c07faf1c3217f623e8c,"{""distance"":5,""physical_error_rate"":5e-05}","{""detection_events"":5678,""detectors_checked"":27066368}"
    116736,         0,         0,    1.70,standalone_exact_mw,352a3c59735d25dbe5889f513341a2cd2ff9414321bd3c07faf1c3217f623e8c,"{""distance"":5,""physical_error_rate"":5e-05}","{""detection_events"":5380,""detectors_checked"":26148864}"
    136192,         0,         0,    1.96,standalone_exact_mw,352a3c59735d25dbe5889f513341a2cd2ff9414321bd3c07faf1c3217f623e8c,"{""distance"":5,""physical_error_rate"":5e-05}","{""detection_events"":6151,""detectors_checked"":30507008}"
    115705,         0,         0,    1.70,standalone_exact_mw,352a3c59735d25dbe5889f513341a2cd2ff9414321bd3c07faf1c3217f623e8c,"{""distance"":5,""physical_error_rate"":5e-05}","{""detection_events"":5098,""detectors_checked"":25917920}"
     15731,         0,         0,   0.234,standalone_exact_mw,352a3c59735d25dbe5889f513341a2cd2ff9414321bd3c07faf1c3217f623e8c,"{""distance"":5,""physical_error_rate"":5e-05}","{""detection_events"":629,""detectors_checked"":3523744}"
    113664,         0,         0,    1.20,standalone_exact_mw,352a3c59735d25dbe5889f513341a2cd2ff9414321bd3c07faf1c3217f623e8c,"{""distance"":5,""physical_error_rate"":5e-05}","{""detection_events"":5278,""detectors_checked"":25460736}"
    114688,         0,         0,    1.34,standalone_exact_mw,352a3c59735d25dbe5889f513341a2cd2ff9414321bd3c07faf1c3217f623e8c,"{""distance"":5,""physical_error_rate"":5e-05}","{""detection_events"":5328,""detectors_checked"":25690112}"
      2041,         0,         0,   0.027,standalone_exact_mw,352a3c59735d25dbe5889f513341a2cd2ff9414321bd3c07faf1c3217f623e8c,"{""distance"":5,""physical_error_rate"":5e-05}","{""detection_events"":85,""detectors_checked"":457184}"
     57344,         0,         0,   0.525,standalone_exact_mw,352a3c59735d25dbe5889f513341a2cd2ff9414321bd3c07faf1c3217f623e8c,"{""distance"":5,""physical_error_rate"":5e-05}","{""detection_events"":2646,""detectors_checked"":12845056}"
     70656,         0,         0,   0.681,standalone_exact_mw,352a3c59735d25dbe5889f513341a2cd2ff9414321bd3c07faf1c3217f623e8c,"{""distance"":5,""physical_error_rate"":5e-05}","{""detection_events"":3256,""detectors_checked"":15826944}"
     54406,         0,         0,    2.57,standalone_exact_mw,352a3c59735d25dbe5889f513341a2cd2ff9414321bd3c07faf1c3217f623e8c,"{""distance"":5,""physical_error_rate"":5e-05}","{""detection_events"":2506,""detectors_checked"":12186944}"
     39205,         0,         0,   0.506,standalone_exact_mw,352a3c59735d25dbe5889f513341a2cd2ff9414321bd3c07faf1c3217f623e8c,"{""distance"":5,""physical_error_rate"":5e-05}","{""detection_events"":1878,""detectors_checked"":8781920}"
     35938,         0,         0,   0.282,standalone_exact_mw,352a3c59735d25dbe5889f513341a2cd2ff9414321bd3c07faf1c3217f623e8c,"{""distance"":5,""physical_error_rate"":5e-05}","{""detection_events"":1611,""detectors_checked"":8050112}"
     35840,         0,         0,   0.397,standalone_exact_mw,352a3c59735d25dbe5889f513341a2cd2ff9414321bd3c07faf1c3217f623e8c,"{""distance"":5,""physical_error_rate"":5e-05}","{""detection_events"":1730,""detectors_checked"":8028160}"
     32943,         0,         0,   0.404,standalone_exact_mw,352a3c59735d25dbe5889f513341a2cd2ff9414321bd3c07faf1c3217f623e8c,"{""distance"":5,""physical_error_rate"":5e-05}","{""detection_events"":1553,""detectors_checked"":7379232}"
     27648,         0,         0,   0.384,standalone_exact_mw,352a3c59735d25dbe5889f513341a2cd2ff9414321bd3c07faf1c3217f623e8c,"{""distance"":5,""physical_error_rate"":5e-05}","{""detection_events"":1113,""detectors_checked"":6193152}"
     27211,         0,         0,   0.383,standalone_exact_mw,352a3c59735d25dbe5889f513341a2cd2ff9414321bd3c07faf1c3217f623e8c,"{""distance"":5,""physical_error_rate"":5e-05}","{""detection_events"":1190,""detectors_checked"":6095264}"
     30720,         0,         0,   0.396,standalone_exact_mw,352a3c59735d25dbe5889f513341a2cd2ff9414321bd3c07faf1c3217f623e8c,"{""distance"":5,""physical_error_rate"":5e-05}","{""detection_events"":1451,""detectors_checked"":6881280}"
     27211,         0,         0,   0.378,standalone_exact_mw,352a3c59735d25dbe5889f513341a2cd2ff9414321bd3c07faf1c3217f623e8c,"{""distance"":5,""physical_error_rate"":5e-05}","{""detection_events"":1247,""detectors_checked"":6095264}"
     22640,         0,         0,   0.288,standalone_exact_mw,352a3c59735d25dbe5889f513341a2cd2ff9414321bd3c07faf1c3217f623e8c,"{""distance"":5,""physical_error_rate"":5e-05}","{""detection_events"":1101,""detectors_checked"":5071360}"
     18432,         0,         0,   0.292,standalone_exact_mw,352a3c59735d25dbe5889f513341a2cd2ff9414321bd3c07faf1c3217f623e8c,"{""distance"":5,""physical_error_rate"":5e-05}","{""detection_events"":870,""detectors_checked"":4128768}"
     20480,         0,         0,   0.297,standalone_exact_mw,352a3c59735d25dbe5889f513341a2cd2ff9414321bd3c07faf1c3217f623e8c,"{""distance"":5,""physical_error_rate"":5e-05}","{""detection_events"":997,""detectors_checked"":4587520}"
     21504,         0,         0,   0.296,standalone_exact_mw,352a3c59735d25dbe5889f513341a2cd2ff9414321bd3c07faf1c3217f623e8c,"{""distance"":5,""physical_error_rate"":5e-05}","{""detection_events"":1015,""detectors_checked"":4816896}"
     15926,         0,         0,   0.125,standalone_exact_mw,352a3c59735d25dbe5889f513341a2cd2ff9414321bd3c07faf1c3217f623e8c,"{""distance"":5,""physical_error_rate"":5e-05}","{""detection_events"":754,""detectors_checked"":3567424}"
     15926,         0,         0,   0.199,standalone_exact_mw,352a3c59735d25dbe5889f513341a2cd2ff9414321bd3c07faf1c3217f623e8c,"{""distance"":5,""physical_error_rate"":5e-05}","{""detection_events"":820,""detectors_checked"":3567424}"
     11362,         0,         0,   0.099,standalone_exact_mw,352a3c59735d25dbe5889f513341a2cd2ff9414321bd3c07faf1c3217f623e8c,"{""distance"":5,""physical_error_rate"":5e-05}","{""detection_events"":506,""detectors_checked"":2545088}"
     12288,         0,         0,   0.152,standalone_exact_mw,352a3c59735d25dbe5889f513341a2cd2ff9414321bd3c07faf1c3217f623e8c,"{""distance"":5,""physical_error_rate"":5e-05}","{""detection_events"":553,""detectors_checked"":2752512}"
     12288,         0,         0,   0.155,standalone_exact_mw,352a3c59735d25dbe5889f513341a2cd2ff9414321bd3c07faf1c3217f623e8c,"{""distance"":5,""physical_error_rate"":5e-05}","{""detection_events"":532,""detectors_checked"":2752512}"
     10240,         0,         0,   0.124,standalone_exact_mw,352a3c59735d25dbe5889f513341a2cd2ff9414321bd3c07faf1c3217f623e8c,"{""distance"":5,""physical_error_rate"":5e-05}","{""detection_events"":478,""detectors_checked"":2293760}"
      9564,         0,         0,   0.127,standalone_exact_mw,352a3c59735d25dbe5889f513341a2cd2ff9414321bd3c07faf1c3217f623e8c,"{""distance"":5,""physical_error_rate"":5e-05}","{""detection_events"":432,""detectors_checked"":2142336}"
      3772,         0,         0,   0.028,standalone_exact_mw,352a3c59735d25dbe5889f513341a2cd2ff9414321bd3c07faf1c3217f623e8c,"{""distance"":5,""physical_error_rate"":5e-05}","{""detection_events"":195,""detectors_checked"":844928}"
      2406,         0,         0,   0.028,standalone_exact_mw,352a3c59735d25dbe5889f513341a2cd2ff9414321bd3c07faf1c3217f623e8c,"{""distance"":5,""physical_error_rate"":5e-05}","{""detection_events"":100,""detectors_checked"":538944}"
      4208,         0,         0,   0.032,standalone_exact_mw,352a3c59735d25dbe5889f513341a2cd2ff9414321bd3c07faf1c3217f623e8c,"{""distance"":5,""physical_error_rate"":5e-05}","{""detection_events"":194,""detectors_checked"":942592}"
      8237,         0,         0,   0.064,standalone_exact_mw,352a3c59735d25dbe5889f513341a2cd2ff9414321bd3c07faf1c3217f623e8c,"{""distance"":5,""physical_error_rate"":5e-05}","{""detection_events"":400,""detectors_checked"":1845088}"
        47,         0,         0,   0.001,standalone_exact_mw,352a3c59735d25dbe5889f513341a2cd2ff9414321bd3c07faf1c3217f623e8c,"{""distance"":5,""physical_error_rate"":5e-05}","{""detection_events"":2,""detectors_checked"":10528}"
        63,         0,         0,   0.001,standalone_exact_mw,352a3c59735d25dbe5889f513341a2cd2ff9414321bd3c07faf1c3217f623e8c,"{""distance"":5,""physical_error_rate"":5e-05}","{""detection_events"":2,""detectors_checked"":14112}"
     14336,         0,         0,   0.223,standalone_exact_mw,352a3c59735d25dbe5889f513341a2cd2ff9414321bd3c07faf1c3217f623e8c,"{""distance"":5,""physical_error_rate"":5e-05}","{""detection_events"":665,""detectors_checked"":3211264}"
        47,         0,         0,   0.001,standalone_exact_mw,352a3c59735d25dbe5889f513341a2cd2ff9414321bd3c07faf1c3217f623e8c,"{""distance"":5,""physical_error_rate"":5e-05}","{""detection_events"":4,""detectors_checked"":10528}"
        54,         0,         0,   0.001,standalone_exact_mw,352a3c59735d25dbe5889f513341a2cd2ff9414321bd3c07faf1c3217f623e8c,"{""distance"":5,""physical_error_rate"":5e-05}","{""detection_events"":4,""detectors_checked"":12096}"
       637,         0,         0,   0.006,standalone_exact_mw,352a3c59735d25dbe5889f513341a2cd2ff9414321bd3c07faf1c3217f623e8c,"{""distance"":5,""physical_error_rate"":5e-05}","{""detection_events"":31,""detectors_checked"":142688}"
        16,         0,         0,   0.000,standalone_exact_mw,352a3c59735d25dbe5889f513341a2cd2ff9414321bd3c07faf1c3217f623e8c,"{""distance"":5,""physical_error_rate"":5e-05}","{""detectors_checked"":3584}"
      1024,         0,         0,   0.009,standalone_exact_mw,352a3c59735d25dbe5889f513341a2cd2ff9414321bd3c07faf1c3217f623e8c,"{""distance"":5,""physical_error_rate"":5e-05}","{""detection_events"":56,""detectors_checked"":229376}"
      2030,         0,         0,   0.017,standalone_exact_mw,352a3c59735d25dbe5889f513341a2cd2ff9414321bd3c07faf1c3217f623e8c,"{""distance"":5,""physical_error_rate"":5e-05}","{""detection_events"":87,""detectors_checked"":454720}"
       729,         0,         0,   0.005,standalone_exact_mw,352a3c59735d25dbe5889f513341a2cd2ff9414321bd3c07faf1c3217f623e8c,"{""distance"":5,""physical_error_rate"":5e-05}","{""detection_events"":45,""detectors_checked"":163296}"
       827,         0,         0,   0.011,standalone_exact_mw,352a3c59735d25dbe5889f513341a2cd2ff9414321bd3c07faf1c3217f623e8c,"{""distance"":5,""physical_error_rate"":5e-05}","{""detection_events"":51,""detectors_checked"":185248}"
        47,         0,         0,   0.001,standalone_exact_mw,352a3c59735d25dbe5889f513341a2cd2ff9414321bd3c07faf1c3217f623e8c,"{""distance"":5,""physical_error_rate"":5e-05}","{""detection_events"":2,""detectors_checked"":10528}"
       328,         0,         0,   0.002,standalone_exact_mw,352a3c59735d25dbe5889f513341a2cd2ff9414321bd3c07faf1c3217f623e8c,"{""distance"":5,""physical_error_rate"":5e-05}","{""detection_events"":27,""detectors_checked"":73472}"
         5,         0,         0,   0.000,standalone_exact_mw,352a3c59735d25dbe5889f513341a2cd2ff9414321bd3c07faf1c3217f623e8c,"{""distance"":5,""physical_error_rate"":5e-05}","{""detectors_checked"":1120}"
       518,         0,         0,   0.003,standalone_exact_mw,352a3c59735d25dbe5889f513341a2cd2ff9414321bd3c07faf1c3217f623e8c,"{""distance"":5,""physical_error_rate"":5e-05}","{""detection_events"":23,""detectors_checked"":116032}"
       169,         0,         0,   0.001,standalone_exact_mw,352a3c59735d25dbe5889f513341a2cd2ff9414321bd3c07faf1c3217f623e8c,"{""distance"":5,""physical_error_rate"":5e-05}","{""detection_events"":4,""detectors_checked"":37856}"
      3072,         0,         0,   0.119,standalone_exact_mw,352a3c59735d25dbe5889f513341a2cd2ff9414321bd3c07faf1c3217f623e8c,"{""distance"":5,""physical_error_rate"":5e-05}","{""detection_events"":148,""detectors_checked"":688128}"
        44,         0,         0,   0.000,standalone_exact_mw,352a3c59735d25dbe5889f513341a2cd2ff9414321bd3c07faf1c3217f623e8c,"{""distance"":5,""physical_error_rate"":5e-05}","{""detectors_checked"":9856}"
        44,         0,         0,   0.000,standalone_exact_mw,352a3c59735d25dbe5889f513341a2cd2ff9414321bd3c07faf1c3217f623e8c,"{""distance"":5,""physical_error_rate"":5e-05}","{""detection_events"":1,""detectors_checked"":9856}"
        44,         0,         0,   0.001,standalone_exact_mw,352a3c59735d25dbe5889f513341a2cd2ff9414321bd3c07faf1c3217f623e8c,"{""distance"":5,""physical_error_rate"":5e-05}","{""detection_events"":2,""detectors_checked"":9856}"
        40,         0,         0,   0.000,standalone_exact_mw,352a3c59735d25dbe5889f513341a2cd2ff9414321bd3c07faf1c3217f623e8c,"{""distance"":5,""physical_error_rate"":5e-05}","{""detectors_checked"":8960}"
        40,         0,         0,   0.000,standalone_exact_mw,352a3c59735d25dbe5889f513341a2cd2ff9414321bd3c07faf1c3217f623e8c,"{""distance"":5,""physical_error_rate"":5e-05}","{""detection_events"":2,""detectors_checked"":8960}"
        40,         0,         0,   0.000,standalone_exact_mw,352a3c59735d25dbe5889f513341a2cd2ff9414321bd3c07faf1c3217f623e8c,"{""distance"":5,""physical_error_rate"":5e-05}","{""detection_events"":2,""detectors_checked"":8960}"
        40,         0,         0,   0.000,standalone_exact_mw,352a3c59735d25dbe5889f513341a2cd2ff9414321bd3c07faf1c3217f623e8c,"{""distance"":5,""physical_error_rate"":5e-05}","{""detectors_checked"":8960}"
        40,         0,         0,   0.000,standalone_exact_mw,352a3c59735d25dbe5889f513341a2cd2ff9414321bd3c07faf1c3217f623e8c,"{""distance"":5,""physical_error_rate"":5e-05}","{""detection_events"":2,""detectors_checked"":8960}"
        40,         0,         0,   0.001,standalone_exact_mw,352a3c59735d25dbe5889f513341a2cd2ff9414321bd3c07faf1c3217f623e8c,"{""distance"":5,""physical_error_rate"":5e-05}","{""detection_events"":4,""detectors_checked"":8960}"
        40,         0,         0,   0.001,standalone_exact_mw,352a3c59735d25dbe5889f513341a2cd2ff9414321bd3c07faf1c3217f623e8c,"{""distance"":5,""physical_error_rate"":5e-05}","{""detection_events"":3,""detectors_checked"":8960}"
        40,         0,         0,   0.000,standalone_exact_mw,352a3c59735d25dbe5889f513341a2cd2ff9414321bd3c07faf1c3217f623e8c,"{""distance"":5,""physical_error_rate"":5e-05}","{""detection_events"":2,""detectors_checked"":8960}"
        35,         0,         0,   0.000,standalone_exact_mw,352a3c59735d25dbe5889f513341a2cd2ff9414321bd3c07faf1c3217f623e8c,"{""distance"":5,""physical_error_rate"":5e-05}","{""detection_events"":2,""detectors_checked"":7840}"
         3,         0,         0,   0.000,standalone_exact_mw,352a3c59735d25dbe5889f513341a2cd2ff9414321bd3c07faf1c3217f623e8c,"{""distance"":5,""physical_error_rate"":5e-05}","{""detectors_checked"":672}"
         3,         0,         0,   0.000,standalone_exact_mw,352a3c59735d25dbe5889f513341a2cd2ff9414321bd3c07faf1c3217f623e8c,"{""distance"":5,""physical_error_rate"":5e-05}","{""detectors_checked"":672}"
         3,         0,         0,   0.000,standalone_exact_mw,352a3c59735d25dbe5889f513341a2cd2ff9414321bd3c07faf1c3217f623e8c,"{""distance"":5,""physical_error_rate"":5e-05}","{""detectors_checked"":672}"
         4,         0,         0,   0.000,standalone_exact_mw,352a3c59735d25dbe5889f513341a2cd2ff9414321bd3c07faf1c3217f623e8c,"{""distance"":5,""physical_error_rate"":5e-05}","{""detectors_checked"":896}"
         4,         0,         0,   0.000,standalone_exact_mw,352a3c59735d25dbe5889f513341a2cd2ff9414321bd3c07faf1c3217f623e8c,"{""distance"":5,""physical_error_rate"":5e-05}","{""detectors_checked"":896}"
         4,         0,         0,   0.000,standalone_exact_mw,352a3c59735d25dbe5889f513341a2cd2ff9414321bd3c07faf1c3217f623e8c,"{""distance"":5,""physical_error_rate"":5e-05}","{""detectors_checked"":896}"
         4,         0,         0,   0.000,standalone_exact_mw,352a3c59735d25dbe5889f513341a2cd2ff9414321bd3c07faf1c3217f623e8c,"{""distance"":5,""physical_error_rate"":5e-05}","{""detectors_checked"":896}"
         4,         0,         0,   0.000,standalone_exact_mw,352a3c59735d25dbe5889f513341a2cd2ff9414321bd3c07faf1c3217f623e8c,"{""distance"":5,""physical_error_rate"":5e-05}","{""detectors_checked"":896}"
         1,         0,         0,   0.000,standalone_exact_mw,352a3c59735d25dbe5889f513341a2cd2ff9414321bd3c07faf1c3217f623e8c,"{""distance"":5,""physical_error_rate"":5e-05}","{""detectors_checked"":224}"
         1,         0,         0,   0.000,standalone_exact_mw,352a3c59735d25dbe5889f513341a2cd2ff9414321bd3c07faf1c3217f623e8c,"{""distance"":5,""physical_error_rate"":5e-05}","{""detectors_checked"":224}"
         1,         0,         0,   0.000,standalone_exact_mw,352a3c59735d25dbe5889f513341a2cd2ff9414321bd3c07faf1c3217f623e8c,"{""distance"":5,""physical_error_rate"":5e-05}","{""detectors_checked"":224}"
      1297,         0,         0,   0.015,standalone_exact_mw,000a12f67b6d2f9febee6f900216609acb0c5281b533fe6e35129362572a0912,"{""distance"":5,""physical_error_rate"":0.0002}","{""detection_events"":223,""detectors_checked"":290528}"
      1297,         0,         0,   0.025,standalone_exact_mw,7a8ab0d03b7ead21ed40b3e2556c734d992a86585a3d666abe35fd996793b7e5,"{""distance"":5,""physical_error_rate"":0.0005}","{""detection_events"":611,""detectors_checked"":290528}"
      2048,         0,         0,   0.027,standalone_exact_mw,000a12f67b6d2f9febee6f900216609acb0c5281b533fe6e35129362572a0912,"{""distance"":5,""physical_error_rate"":0.0002}","{""detection_events"":368,""detectors_checked"":458752}"
      1024,         0,         0,   0.023,standalone_exact_mw,7a8ab0d03b7ead21ed40b3e2556c734d992a86585a3d666abe35fd996793b7e5,"{""distance"":5,""physical_error_rate"":0.0005}","{""detection_events"":473,""detectors_checked"":229376}"
      2048,         0,         0,   0.028,standalone_exact_mw,000a12f67b6d2f9febee6f900216609acb0c5281b533fe6e35129362572a0912,"{""distance"":5,""physical_error_rate"":0.0002}","{""detection_events"":344,""detectors_checked"":458752}"
      1024,         0,         0,   0.021,standalone_exact_mw,7a8ab0d03b7ead21ed40b3e2556c734d992a86585a3d666abe35fd996793b7e5,"{""distance"":5,""physical_error_rate"":0.0005}","{""detection_events"":496,""detectors_checked"":229376}"
      3072,         0,         0,   0.040,standalone_exact_mw,000a12f67b6d2f9febee6f900216609acb0c5281b533fe6e35129362572a0912,"{""distance"":5,""physical_error_rate"":0.0002}","{""detection_events"":521,""detectors_checked"":688128}"
      2048,         0,         0,   0.052,standalone_exact_mw,7a8ab0d03b7ead21ed40b3e2556c734d992a86585a3d666abe35fd996793b7e5,"{""distance"":5,""physical_error_rate"":0.0005}","{""detection_events"":1068,""detectors_checked"":458752}"
  12317696,         1,         0,   119.6,standalone_exact_mw,82025e6510dee7191a337377ca233259ac8dbd3ccaf9455e916f723ab2066810,"{""distance"":5,""physical_error_rate"":0.0001}","{""detection_events"":1136172,""detectors_checked"":2759163904,""obs_mistake_mask=E"":1}"
  12422144,         0,         0,   119.6,standalone_exact_mw,82025e6510dee7191a337377ca233259ac8dbd3ccaf9455e916f723ab2066810,"{""distance"":5,""physical_error_rate"":0.0001}","{""detection_events"":1141291,""detectors_checked"":2782560256}"
      4096,         0,         0,   0.046,standalone_exact_mw,000a12f67b6d2f9febee6f900216609acb0c5281b533fe6e35129362572a0912,"{""distance"":5,""physical_error_rate"":0.0002}","{""detection_events"":649,""detectors_checked"":917504}"
      2048,         0,         0,   0.051,standalone_exact_mw,7a8ab0d03b7ead21ed40b3e2556c734d992a86585a3d666abe35fd996793b7e5,"{""distance"":5,""physical_error_rate"":0.0005}","{""detection_events"":931,""detectors_checked"":458752}"
      1297,         0,         0,   0.026,standalone_exact_mw,000a12f67b6d2f9febee6f900216609acb0c5281b533fe6e35129362572a0912,"{""distance"":5,""physical_error_rate"":0.0002}","{""detection_events"":225,""detectors_checked"":290528}"
      5120,         0,         0,   0.061,standalone_exact_mw,000a12f67b6d2f9febee6f900216609acb0c5281b533fe6e35129362572a0912,"{""distance"":5,""physical_error_rate"":0.0002}","{""detection_events"":963,""detectors_checked"":1146880}"
      1297,         0,         0,   0.020,standalone_exact_mw,82025e6510dee7191a337377ca233259ac8dbd3ccaf9455e916f723ab2066810,"{""distance"":5,""physical_error_rate"":0.0001}","{""detection_events"":138,""detectors_checked"":290528}"
      1297,         0,         0,   0.025,standalone_exact_mw,82025e6510dee7191a337377ca233259ac8dbd3ccaf9455e916f723ab2066810,"{""distance"":5,""physical_error_rate"":0.0001}","{""detection_events"":149,""detectors_checked"":290528}"
      1297,         0,         0,   0.018,standalone_exact_mw,000a12f67b6d2f9febee6f900216609acb0c5281b533fe6e35129362572a0912,"{""distance"":5,""physical_error_rate"":0.0002}","{""detection_events"":229,""detectors_checked"":290528}"
      1297,         0,         0,   0.011,standalone_exact_mw,82025e6510dee7191a337377ca233259ac8dbd3ccaf9455e916f723ab2066810,"{""distance"":5,""physical_error_rate"":0.0001}","{""detection_events"":102,""detectors_checked"":290528}"
      3072,         0,         0,   0.058,standalone_exact_mw,7a8ab0d03b7ead21ed40b3e2556c734d992a86585a3d666abe35fd996793b7e5,"{""distance"":5,""physical_error_rate"":0.0005}","{""detection_events"":1389,""detectors_checked"":688128}"
      1024,         0,         0,   0.015,standalone_exact_mw,82025e6510dee7191a337377ca233259ac8dbd3ccaf9455e916f723ab2066810,"{""distance"":5,""physical_error_rate"":0.0001}","{""detection_events"":90,""detectors_checked"":229376}"
      2048,         0,         0,   0.022,standalone_exact_mw,82025e6510dee7191a337377ca233259ac8dbd3ccaf9455e916f723ab2066810,"{""distance"":5,""physical_error_rate"":0.0001}","{""detection_events"":171,""detectors_checked"":458752}"
      1024,         0,         0,   0.027,standalone_exact_mw,000a12f67b6d2f9febee6f900216609acb0c5281b533fe6e35129362572a0912,"{""distance"":5,""physical_error_rate"":0.0002}","{""detection_events"":172,""detectors_checked"":229376}"
      1024,         0,         0,   0.016,standalone_exact_mw,82025e6510dee7191a337377ca233259ac8dbd3ccaf9455e916f723ab2066810,"{""distance"":5,""physical_error_rate"":0.0001}","{""detection_events"":118,""detectors_checked"":229376}"
      1297,         0,         0,   0.068,standalone_exact_mw,7a8ab0d03b7ead21ed40b3e2556c734d992a86585a3d666abe35fd996793b7e5,"{""distance"":5,""physical_error_rate"":0.0005}","{""detection_events"":582,""detectors_checked"":290528}"
      1024,         0,         0,   0.026,standalone_exact_mw,82025e6510dee7191a337377ca233259ac8dbd3ccaf9455e916f723ab2066810,"{""distance"":5,""physical_error_rate"":0.0001}","{""detection_events"":104,""detectors_checked"":229376}"
      1024,         0,         0,   0.023,standalone_exact_mw,82025e6510dee7191a337377ca233259ac8dbd3ccaf9455e916f723ab2066810,"{""distance"":5,""physical_error_rate"":0.0001}","{""detection_events"":79,""detectors_checked"":229376}"
      2048,         0,         0,   0.028,standalone_exact_mw,82025e6510dee7191a337377ca233259ac8dbd3ccaf9455e916f723ab2066810,"{""distance"":5,""physical_error_rate"":0.0001}","{""detection_events"":196,""detectors_checked"":458752}"
      1024,         0,         0,   0.042,standalone_exact_mw,000a12f67b6d2f9febee6f900216609acb0c5281b533fe6e35129362572a0912,"{""distance"":5,""physical_error_rate"":0.0002}","{""detection_events"":182,""detectors_checked"":229376}"
      1024,         0,         0,   0.029,standalone_exact_mw,000a12f67b6d2f9febee6f900216609acb0c5281b533fe6e35129362572a0912,"{""distance"":5,""physical_error_rate"":0.0002}","{""detection_events"":189,""detectors_checked"":229376}"
      1024,         0,         0,   0.022,standalone_exact_mw,000a12f67b6d2f9febee6f900216609acb0c5281b533fe6e35129362572a0912,"{""distance"":5,""physical_error_rate"":0.0002}","{""detection_events"":172,""detectors_checked"":229376}"
      1024,         0,         0,   0.028,standalone_exact_mw,82025e6510dee7191a337377ca233259ac8dbd3ccaf9455e916f723ab2066810,"{""distance"":5,""physical_error_rate"":0.0001}","{""detection_events"":132,""detectors_checked"":229376}"
      1024,         0,         0,   0.028,standalone_exact_mw,82025e6510dee7191a337377ca233259ac8dbd3ccaf9455e916f723ab2066810,"{""distance"":5,""physical_error_rate"":0.0001}","{""detection_events"":94,""detectors_checked"":229376}"
      2048,         0,         0,   0.036,standalone_exact_mw,82025e6510dee7191a337377ca233259ac8dbd3ccaf9455e916f723ab2066810,"{""distance"":5,""physical_error_rate"":0.0001}","{""detection_events"":208,""detectors_checked"":458752}"
      5120,         0,         0,   0.094,standalone_exact_mw,000a12f67b6d2f9febee6f900216609acb0c5281b533fe6e35129362572a0912,"{""distance"":5,""physical_error_rate"":0.0002}","{""detection_events"":929,""detectors_checked"":1146880}"
      1024,         0,         0,   0.051,standalone_exact_mw,7a8ab0d03b7ead21ed40b3e2556c734d992a86585a3d666abe35fd996793b7e5,"{""distance"":5,""physical_error_rate"":0.0005}","{""detection_events"":424,""detectors_checked"":229376}"
      1297,         0,         0,   0.014,standalone_exact_mw,82025e6510dee7191a337377ca233259ac8dbd3ccaf9455e916f723ab2066810,"{""distance"":5,""physical_error_rate"":0.0001}","{""detection_events"":118,""detectors_checked"":290528}"
       273,         0,         0,   0.027,standalone_exact_mw,7a8ab0d03b7ead21ed40b3e2556c734d992a86585a3d666abe35fd996793b7e5,"{""distance"":5,""physical_error_rate"":0.0005}","{""detection_events"":150,""detectors_checked"":61152}"
      1024,         0,         0,   0.041,standalone_exact_mw,000a12f67b6d2f9febee6f900216609acb0c5281b533fe6e35129362572a0912,"{""distance"":5,""physical_error_rate"":0.0002}","{""detection_events"":211,""detectors_checked"":229376}"
      4096,         0,         0,   0.086,standalone_exact_mw,7a8ab0d03b7ead21ed40b3e2556c734d992a86585a3d666abe35fd996793b7e5,"{""distance"":5,""physical_error_rate"":0.0005}","{""detection_events"":1905,""detectors_checked"":917504}"
      1297,         0,         0,   0.036,standalone_exact_mw,000a12f67b6d2f9febee6f900216609acb0c5281b533fe6e35129362572a0912,"{""distance"":5,""physical_error_rate"":0.0002}","{""detection_events"":221,""detectors_checked"":290528}"
       273,         0,         0,   0.029,standalone_exact_mw,7a8ab0d03b7ead21ed40b3e2556c734d992a86585a3d666abe35fd996793b7e5,"{""distance"":5,""physical_error_rate"":0.0005}","{""detection_events"":127,""detectors_checked"":61152}"
      2048,         0,         0,   0.051,standalone_exact_mw,000a12f67b6d2f9febee6f900216609acb0c5281b533fe6e35129362572a0912,"{""distance"":5,""physical_error_rate"":0.0002}","{""detection_events"":353,""detectors_checked"":458752}"
      1024,         0,         0,   0.028,standalone_exact_mw,82025e6510dee7191a337377ca233259ac8dbd3ccaf9455e916f723ab2066810,"{""distance"":5,""physical_error_rate"":0.0001}","{""detection_events"":78,""detectors_checked"":229376}"
      3072,         0,         0,   0.056,standalone_exact_mw,82025e6510dee7191a337377ca233259ac8dbd3ccaf9455e916f723ab2066810,"{""distance"":5,""physical_error_rate"":0.0001}","{""detection_events"":290,""detectors_checked"":688128}"
      2048,         0,         0,   0.029,standalone_exact_mw,000a12f67b6d2f9febee6f900216609acb0c5281b533fe6e35129362572a0912,"{""distance"":5,""physical_error_rate"":0.0002}","{""detection_events"":417,""detectors_checked"":458752}"
      1024,         0,         0,   0.036,standalone_exact_mw,7a8ab0d03b7ead21ed40b3e2556c734d992a86585a3d666abe35fd996793b7e5,"{""distance"":5,""physical_error_rate"":0.0005}","{""detection_events"":433,""detectors_checked"":229376}"
      3072,         0,         0,   0.060,standalone_exact_mw,82025e6510dee7191a337377ca233259ac8dbd3ccaf9455e916f723ab2066810,"{""distance"":5,""physical_error_rate"":0.0001}","{""detection_events"":272,""detectors_checked"":688128}"
      3072,         0,         0,   0.054,standalone_exact_mw,82025e6510dee7191a337377ca233259ac8dbd3ccaf9455e916f723ab2066810,"{""distance"":5,""physical_error_rate"":0.0001}","{""detection_events"":277,""detectors_checked"":688128}"
      2048,         0,         0,   0.038,standalone_exact_mw,000a12f67b6d2f9febee6f900216609acb0c5281b533fe6e35129362572a0912,"{""distance"":5,""physical_error_rate"":0.0002}","{""detection_events"":436,""detectors_checked"":458752}"
      1024,         0,         0,   0.064,standalone_exact_mw,7a8ab0d03b7ead21ed40b3e2556c734d992a86585a3d666abe35fd996793b7e5,"{""distance"":5,""physical_error_rate"":0.0005}","{""detection_events"":560,""detectors_checked"":229376}"
      1024,         0,         0,   0.038,standalone_exact_mw,7a8ab0d03b7ead21ed40b3e2556c734d992a86585a3d666abe35fd996793b7e5,"{""distance"":5,""physical_error_rate"":0.0005}","{""detection_events"":469,""detectors_checked"":229376}"
      2048,         0,         0,   0.032,standalone_exact_mw,82025e6510dee7191a337377ca233259ac8dbd3ccaf9455e916f723ab2066810,"{""distance"":5,""physical_error_rate"":0.0001}","{""detection_events"":210,""detectors_checked"":458752}"
      2048,         0,         0,   0.042,standalone_exact_mw,000a12f67b6d2f9febee6f900216609acb0c5281b533fe6e35129362572a0912,"{""distance"":5,""physical_error_rate"":0.0002}","{""detection_events"":365,""detectors_checked"":458752}"
      3072,         0,         0,   0.056,standalone_exact_mw,82025e6510dee7191a337377ca233259ac8dbd3ccaf9455e916f723ab2066810,"{""distance"":5,""physical_error_rate"":0.0001}","{""detection_events"":252,""detectors_checked"":688128}"
      1024,         0,         0,   0.054,standalone_exact_mw,7a8ab0d03b7ead21ed40b3e2556c734d992a86585a3d666abe35fd996793b7e5,"{""distance"":5,""physical_error_rate"":0.0005}","{""detection_events"":453,""detectors_checked"":229376}"
      2048,         0,         0,   0.063,standalone_exact_mw,82025e6510dee7191a337377ca233259ac8dbd3ccaf9455e916f723ab2066810,"{""distance"":5,""physical_error_rate"":0.0001}","{""detection_events"":159,""detectors_checked"":458752}"
      5120,         0,         0,   0.066,standalone_exact_mw,000a12f67b6d2f9febee6f900216609acb0c5281b533fe6e35129362572a0912,"{""distance"":5,""physical_error_rate"":0.0002}","{""detection_events"":938,""detectors_checked"":1146880}"
      1024,         0,         0,   0.031,standalone_exact_mw,7a8ab0d03b7ead21ed40b3e2556c734d992a86585a3d666abe35fd996793b7e5,"{""distance"":5,""physical_error_rate"":0.0005}","{""detection_events"":466,""detectors_checked"":229376}"
  12351488,         4,         0,   119.6,standalone_exact_mw,82025e6510dee7191a337377ca233259ac8dbd3ccaf9455e916f723ab2066810,"{""distance"":5,""physical_error_rate"":0.0001}","{""detection_events"":1137926,""detectors_checked"":2766733312,""obs_mistake_mask=E"":4}"
      7168,         0,         0,   0.116,standalone_exact_mw,000a12f67b6d2f9febee6f900216609acb0c5281b533fe6e35129362572a0912,"{""distance"":5,""physical_error_rate"":0.0002}","{""detection_events"":1427,""detectors_checked"":1605632}"
      2048,         0,         0,   0.037,standalone_exact_mw,82025e6510dee7191a337377ca233259ac8dbd3ccaf9455e916f723ab2066810,"{""distance"":5,""physical_error_rate"":0.0001}","{""detection_events"":201,""detectors_checked"":458752}"
      1024,         0,         0,   0.021,standalone_exact_mw,7a8ab0d03b7ead21ed40b3e2556c734d992a86585a3d666abe35fd996793b7e5,"{""distance"":5,""physical_error_rate"":0.0005}","{""detection_events"":411,""detectors_checked"":229376}"
      2048,         0,         0,   0.065,standalone_exact_mw,000a12f67b6d2f9febee6f900216609acb0c5281b533fe6e35129362572a0912,"{""distance"":5,""physical_error_rate"":0.0002}","{""detection_events"":382,""detectors_checked"":458752}"
      4096,         0,         0,   0.078,standalone_exact_mw,82025e6510dee7191a337377ca233259ac8dbd3ccaf9455e916f723ab2066810,"{""distance"":5,""physical_error_rate"":0.0001}","{""detection_events"":385,""detectors_checked"":917504}"
      4096,         0,         0,   0.123,standalone_exact_mw,7a8ab0d03b7ead21ed40b3e2556c734d992a86585a3d666abe35fd996793b7e5,"{""distance"":5,""physical_error_rate"":0.0005}","{""detection_events"":1965,""detectors_checked"":917504}"
      1024,         0,         0,   0.035,standalone_exact_mw,7a8ab0d03b7ead21ed40b3e2556c734d992a86585a3d666abe35fd996793b7e5,"{""distance"":5,""physical_error_rate"":0.0005}","{""detection_events"":414,""detectors_checked"":229376}"
      3072,         0,         0,   0.063,standalone_exact_mw,000a12f67b6d2f9febee6f900216609acb0c5281b533fe6e35129362572a0912,"{""distance"":5,""physical_error_rate"":0.0002}","{""detection_events"":570,""detectors_checked"":688128}"
      1024,         0,         0,   0.030,standalone_exact_mw,000a12f67b6d2f9febee6f900216609acb0c5281b533fe6e35129362572a0912,"{""distance"":5,""physical_error_rate"":0.0002}","{""detection_events"":155,""detectors_checked"":229376}"
      1024,         0,         0,   0.035,standalone_exact_mw,7a8ab0d03b7ead21ed40b3e2556c734d992a86585a3d666abe35fd996793b7e5,"{""distance"":5,""physical_error_rate"":0.0005}","{""detection_events"":518,""detectors_checked"":229376}"
      1024,         0,         0,   0.049,standalone_exact_mw,7a8ab0d03b7ead21ed40b3e2556c734d992a86585a3d666abe35fd996793b7e5,"{""distance"":5,""physical_error_rate"":0.0005}","{""detection_events"":493,""detectors_checked"":229376}"
      2048,         0,         0,   0.053,standalone_exact_mw,82025e6510dee7191a337377ca233259ac8dbd3ccaf9455e916f723ab2066810,"{""distance"":5,""physical_error_rate"":0.0001}","{""detection_events"":167,""detectors_checked"":458752}"
      1024,         0,         0,   0.043,standalone_exact_mw,7a8ab0d03b7ead21ed40b3e2556c734d992a86585a3d666abe35fd996793b7e5,"{""distance"":5,""physical_error_rate"":0.0005}","{""detection_events"":420,""detectors_checked"":229376}"
      4096,         0,         0,   0.076,standalone_exact_mw,82025e6510dee7191a337377ca233259ac8dbd3ccaf9455e916f723ab2066810,"{""distance"":5,""physical_error_rate"":0.0001}","{""detection_events"":382,""detectors_checked"":917504}"
      5120,         0,         0,   0.081,standalone_exact_mw,82025e6510dee7191a337377ca233259ac8dbd3ccaf9455e916f723ab2066810,"{""distance"":5,""physical_error_rate"":0.0001}","{""detection_events"":505,""detectors_checked"":1146880}"
      3072,         0,         0,   0.080,standalone_exact_mw,000a12f67b6d2f9febee6f900216609acb0c5281b533fe6e35129362572a0912,"{""distance"":5,""physical_error_rate"":0.0002}","{""detection_events"":578,""detectors_checked"":688128}"
      1024,         0,         0,   0.047,standalone_exact_mw,000a12f67b6d2f9febee6f900216609acb0c5281b533fe6e35129362572a0912,"{""distance"":5,""physical_error_rate"":0.0002}","{""detection_events"":149,""detectors_checked"":229376}"
      4096,         0,         0,   0.080,standalone_exact_mw,82025e6510dee7191a337377ca233259ac8dbd3ccaf9455e916f723ab2066810,"{""distance"":5,""physical_error_rate"":0.0001}","{""detection_events"":422,""detectors_checked"":917504}"
      1024,         0,         0,   0.054,standalone_exact_mw,7a8ab0d03b7ead21ed40b3e2556c734d992a86585a3d666abe35fd996793b7e5,"{""distance"":5,""physical_error_rate"":0.0005}","{""detection_events"":500,""detectors_checked"":229376}"
      2048,         0,         0,   0.057,standalone_exact_mw,82025e6510dee7191a337377ca233259ac8dbd3ccaf9455e916f723ab2066810,"{""distance"":5,""physical_error_rate"":0.0001}","{""detection_events"":204,""detectors_checked"":458752}"
      4096,         0,         0,   0.095,standalone_exact_mw,000a12f67b6d2f9febee6f900216609acb0c5281b533fe6e35129362572a0912,"{""distance"":5,""physical_error_rate"":0.0002}","{""detection_events"":746,""detectors_checked"":917504}"
      2048,         0,         0,   0.080,standalone_exact_mw,7a8ab0d03b7ead21ed40b3e2556c734d992a86585a3d666abe35fd996793b7e5,"{""distance"":5,""physical_error_rate"":0.0005}","{""detection_events"":893,""detectors_checked"":458752}"
      2048,         0,         0,   0.061,standalone_exact_mw,7a8ab0d03b7ead21ed40b3e2556c734d992a86585a3d666abe35fd996793b7e5,"{""distance"":5,""physical_error_rate"":0.0005}","{""detection_events"":904,""detectors_checked"":458752}"
      2048,         0,         0,   0.064,standalone_exact_mw,000a12f67b6d2f9febee6f900216609acb0c5281b533fe6e35129362572a0912,"{""distance"":5,""physical_error_rate"":0.0002}","{""detection_events"":371,""detectors_checked"":458752}"
     12288,         0,         0,   0.151,standalone_exact_mw,000a12f67b6d2f9febee6f900216609acb0c5281b533fe6e35129362572a0912,"{""distance"":5,""physical_error_rate"":0.0002}","{""detection_events"":2234,""detectors_checked"":2752512}"
      5120,         0,         0,   0.106,standalone_exact_mw,82025e6510dee7191a337377ca233259ac8dbd3ccaf9455e916f723ab2066810,"{""distance"":5,""physical_error_rate"":0.0001}","{""detection_events"":468,""detectors_checked"":1146880}"
      4096,         0,         0,   0.169,standalone_exact_mw,7a8ab0d03b7ead21ed40b3e2556c734d992a86585a3d666abe35fd996793b7e5,"{""distance"":5,""physical_error_rate"":0.0005}","{""detection_events"":1891,""detectors_checked"":917504}"
      3072,         0,         0,   0.078,standalone_exact_mw,82025e6510dee7191a337377ca233259ac8dbd3ccaf9455e916f723ab2066810,"{""distance"":5,""physical_error_rate"":0.0001}","{""detection_events"":302,""detectors_checked"":688128}"
      6144,         0,         0,   0.104,standalone_exact_mw,82025e6510dee7191a337377ca233259ac8dbd3ccaf9455e916f723ab2066810,"{""distance"":5,""physical_error_rate"":0.0001}","{""detection_events"":502,""detectors_checked"":1376256}"
      5120,         0,         0,   0.111,standalone_exact_mw,000a12f67b6d2f9febee6f900216609acb0c5281b533fe6e35129362572a0912,"{""distance"":5,""physical_error_rate"":0.0002}","{""detection_events"":949,""detectors_checked"":1146880}"
      2048,         0,         0,   0.082,standalone_exact_mw,7a8ab0d03b7ead21ed40b3e2556c734d992a86585a3d666abe35fd996793b7e5,"{""distance"":5,""physical_error_rate"":0.0005}","{""detection_events"":921,""detectors_checked"":458752}"
      2048,         0,         0,   0.076,standalone_exact_mw,7a8ab0d03b7ead21ed40b3e2556c734d992a86585a3d666abe35fd996793b7e5,"{""distance"":5,""physical_error_rate"":0.0005}","{""detection_events"":897,""detectors_checked"":458752}"
      7168,         0,         0,   0.124,standalone_exact_mw,82025e6510dee7191a337377ca233259ac8dbd3ccaf9455e916f723ab2066810,"{""distance"":5,""physical_error_rate"":0.0001}","{""detection_events"":720,""detectors_checked"":1605632}"
   9197568,         6,         0,   119.6,standalone_exact_mw,000a12f67b6d2f9febee6f900216609acb0c5281b533fe6e35129362572a0912,"{""distance"":5,""physical_error_rate"":0.0002}","{""detection_events"":1694060,""detectors_checked"":2060255232,""obs_mistake_mask=E"":6}"
      2048,         0,         0,   0.129,standalone_exact_mw,7a8ab0d03b7ead21ed40b3e2556c734d992a86585a3d666abe35fd996793b7e5,"{""distance"":5,""physical_error_rate"":0.0005}","{""detection_events"":922,""detectors_checked"":458752}"
      3072,         0,         0,   0.080,standalone_exact_mw,000a12f67b6d2f9febee6f900216609acb0c5281b533fe6e35129362572a0912,"{""distance"":5,""physical_error_rate"":0.0002}","{""detection_events"":576,""detectors_checked"":688128}"
      5120,         0,         0,   0.110,standalone_exact_mw,000a12f67b6d2f9febee6f900216609acb0c5281b533fe6e35129362572a0912,"{""distance"":5,""physical_error_rate"":0.0002}","{""detection_events"":864,""detectors_checked"":1146880}"
      2048,         0,         0,   0.089,standalone_exact_mw,7a8ab0d03b7ead21ed40b3e2556c734d992a86585a3d666abe35fd996793b7e5,"{""distance"":5,""physical_error_rate"":0.0005}","{""detection_events"":894,""detectors_checked"":458752}"
      6144,         0,         0,   0.127,standalone_exact_mw,82025e6510dee7191a337377ca233259ac8dbd3ccaf9455e916f723ab2066810,"{""distance"":5,""physical_error_rate"":0.0001}","{""detection_events"":618,""detectors_checked"":1376256}"
      8192,         0,         0,   0.152,standalone_exact_mw,82025e6510dee7191a337377ca233259ac8dbd3ccaf9455e916f723ab2066810,"{""distance"":5,""physical_error_rate"":0.0001}","{""detection_events"":763,""detectors_checked"":1835008}"
      3072,         0,         0,   0.129,standalone_exact_mw,7a8ab0d03b7ead21ed40b3e2556c734d992a86585a3d666abe35fd996793b7e5,"{""distance"":5,""physical_error_rate"":0.0005}","{""detection_events"":1433,""detectors_checked"":688128}"
      3072,         0,         0,   0.133,standalone_exact_mw,7a8ab0d03b7ead21ed40b3e2556c734d992a86585a3d666abe35fd996793b7e5,"{""distance"":5,""physical_error_rate"":0.0005}","{""detection_events"":1334,""detectors_checked"":688128}"
      8192,         0,         0,   0.158,standalone_exact_mw,82025e6510dee7191a337377ca233259ac8dbd3ccaf9455e916f723ab2066810,"{""distance"":5,""physical_error_rate"":0.0001}","{""detection_events"":786,""detectors_checked"":1835008}"
      5120,         0,         0,   0.127,standalone_exact_mw,000a12f67b6d2f9febee6f900216609acb0c5281b533fe6e35129362572a0912,"{""distance"":5,""physical_error_rate"":0.0002}","{""detection_events"":978,""detectors_checked"":1146880}"
      8192,         0,         0,   0.158,standalone_exact_mw,82025e6510dee7191a337377ca233259ac8dbd3ccaf9455e916f723ab2066810,"{""distance"":5,""physical_error_rate"":0.0001}","{""detection_events"":683,""detectors_checked"":1835008}"
     13312,         0,         0,   0.222,standalone_exact_mw,000a12f67b6d2f9febee6f900216609acb0c5281b533fe6e35129362572a0912,"{""distance"":5,""physical_error_rate"":0.0002}","{""detection_events"":2587,""detectors_checked"":2981888}"
      6144,         0,         0,   0.177,standalone_exact_mw,000a12f67b6d2f9febee6f900216609acb0c5281b533fe6e35129362572a0912,"{""distance"":5,""physical_error_rate"":0.0002}","{""detection_events"":1166,""detectors_checked"":1376256}"
      4096,         0,         0,   0.207,standalone_exact_mw,7a8ab0d03b7ead21ed40b3e2556c734d992a86585a3d666abe35fd996793b7e5,"{""distance"":5,""physical_error_rate"":0.0005}","{""detection_events"":1920,""detectors_checked"":917504}"
      6144,         0,         0,   0.151,standalone_exact_mw,000a12f67b6d2f9febee6f900216609acb0c5281b533fe6e35129362572a0912,"{""distance"":5,""physical_error_rate"":0.0002}","{""detection_events"":1123,""detectors_checked"":1376256}"
   5140480,        18,         0,   119.9,standalone_exact_mw,7a8ab0d03b7ead21ed40b3e2556c734d992a86585a3d666abe35fd996793b7e5,"{""distance"":5,""physical_error_rate"":0.0005}","{""detection_events"":2362442,""detectors_checked"":1151467520,""obs_mistake_mask=E"":18}"
      3072,         0,         0,   0.135,standalone_exact_mw,7a8ab0d03b7ead21ed40b3e2556c734d992a86585a3d666abe35fd996793b7e5,"{""distance"":5,""physical_error_rate"":0.0005}","{""detection_events"":1376,""detectors_checked"":688128}"
      8192,         0,         0,   0.161,standalone_exact_mw,82025e6510dee7191a337377ca233259ac8dbd3ccaf9455e916f723ab2066810,"{""distance"":5,""physical_error_rate"":0.0001}","{""detection_events"":692,""detectors_checked"":1835008}"
      4096,         0,         0,   0.155,standalone_exact_mw,7a8ab0d03b7ead21ed40b3e2556c734d992a86585a3d666abe35fd996793b7e5,"{""distance"":5,""physical_error_rate"":0.0005}","{""detection_events"":1848,""detectors_checked"":917504}"
      3072,         0,         0,   0.155,standalone_exact_mw,7a8ab0d03b7ead21ed40b3e2556c734d992a86585a3d666abe35fd996793b7e5,"{""distance"":5,""physical_error_rate"":0.0005}","{""detection_events"":1409,""detectors_checked"":688128}"
      6144,         0,         0,   0.151,standalone_exact_mw,000a12f67b6d2f9febee6f900216609acb0c5281b533fe6e35129362572a0912,"{""distance"":5,""physical_error_rate"":0.0002}","{""detection_events"":1004,""detectors_checked"":1376256}"
     12288,         0,         0,   0.207,standalone_exact_mw,82025e6510dee7191a337377ca233259ac8dbd3ccaf9455e916f723ab2066810,"{""distance"":5,""physical_error_rate"":0.0001}","{""detection_events"":1106,""detectors_checked"":2752512}"
     11264,         0,         0,   0.223,standalone_exact_mw,82025e6510dee7191a337377ca233259ac8dbd3ccaf9455e916f723ab2066810,"{""distance"":5,""physical_error_rate"":0.0001}","{""detection_events"":1007,""detectors_checked"":2523136}"
     10240,         0,         0,   0.210,standalone_exact_mw,82025e6510dee7191a337377ca233259ac8dbd3ccaf9455e916f723ab2066810,"{""distance"":5,""physical_error_rate"":0.0001}","{""detection_events"":959,""detectors_checked"":2293760}"
      9216,         0,         0,   0.203,standalone_exact_mw,000a12f67b6d2f9febee6f900216609acb0c5281b533fe6e35129362572a0912,"{""distance"":5,""physical_error_rate"":0.0002}","{""detection_events"":1587,""detectors_checked"":2064384}"
      4096,         0,         0,   0.158,standalone_exact_mw,7a8ab0d03b7ead21ed40b3e2556c734d992a86585a3d666abe35fd996793b7e5,"{""distance"":5,""physical_error_rate"":0.0005}","{""detection_events"":1894,""detectors_checked"":917504}"
      8192,         0,         0,   0.221,standalone_exact_mw,000a12f67b6d2f9febee6f900216609acb0c5281b533fe6e35129362572a0912,"{""distance"":5,""physical_error_rate"":0.0002}","{""detection_events"":1417,""detectors_checked"":1835008}"
     11264,         0,         0,   0.291,standalone_exact_mw,000a12f67b6d2f9febee6f900216609acb0c5281b533fe6e35129362572a0912,"{""distance"":5,""physical_error_rate"":0.0002}","{""detection_events"":2100,""detectors_checked"":2523136}"
     12288,         0,         0,   0.211,standalone_exact_mw,82025e6510dee7191a337377ca233259ac8dbd3ccaf9455e916f723ab2066810,"{""distance"":5,""physical_error_rate"":0.0001}","{""detection_events"":1090,""detectors_checked"":2752512}"
      7168,         0,         0,   0.298,standalone_exact_mw,7a8ab0d03b7ead21ed40b3e2556c734d992a86585a3d666abe35fd996793b7e5,"{""distance"":5,""physical_error_rate"":0.0005}","{""detection_events"":3288,""detectors_checked"":1605632}"
      8192,         0,         0,   0.213,standalone_exact_mw,000a12f67b6d2f9febee6f900216609acb0c5281b533fe6e35129362572a0912,"{""distance"":5,""physical_error_rate"":0.0002}","{""detection_events"":1437,""detectors_checked"":1835008}"
      5120,         0,         0,   0.233,standalone_exact_mw,7a8ab0d03b7ead21ed40b3e2556c734d992a86585a3d666abe35fd996793b7e5,"{""distance"":5,""physical_error_rate"":0.0005}","{""detection_events"":2240,""detectors_checked"":1146880}"
      5120,         0,         0,   0.237,standalone_exact_mw,7a8ab0d03b7ead21ed40b3e2556c734d992a86585a3d666abe35fd996793b7e5,"{""distance"":5,""physical_error_rate"":0.0005}","{""detection_events"":2359,""detectors_checked"":1146880}"
     15360,         0,         0,   0.302,standalone_exact_mw,82025e6510dee7191a337377ca233259ac8dbd3ccaf9455e916f723ab2066810,"{""distance"":5,""physical_error_rate"":0.0001}","{""detection_events"":1457,""detectors_checked"":3440640}"
      5120,         0,         0,   0.249,standalone_exact_mw,7a8ab0d03b7ead21ed40b3e2556c734d992a86585a3d666abe35fd996793b7e5,"{""distance"":5,""physical_error_rate"":0.0005}","{""detection_events"":2349,""detectors_checked"":1146880}"
     16384,         0,         0,   0.295,standalone_exact_mw,82025e6510dee7191a337377ca233259ac8dbd3ccaf9455e916f723ab2066810,"{""distance"":5,""physical_error_rate"":0.0001}","{""detection_events"":1552,""detectors_checked"":3670016}"
     26624,         0,         0,   0.295,standalone_exact_mw,82025e6510dee7191a337377ca233259ac8dbd3ccaf9455e916f723ab2066810,"{""distance"":5,""physical_error_rate"":0.0001}","{""detection_events"":2521,""detectors_checked"":5963776}"
     11264,         0,         0,   0.294,standalone_exact_mw,000a12f67b6d2f9febee6f900216609acb0c5281b533fe6e35129362572a0912,"{""distance"":5,""physical_error_rate"":0.0002}","{""detection_events"":2073,""detectors_checked"":2523136}"
     12288,         0,         0,   0.312,standalone_exact_mw,000a12f67b6d2f9febee6f900216609acb0c5281b533fe6e35129362572a0912,"{""distance"":5,""physical_error_rate"":0.0002}","{""detection_events"":2262,""detectors_checked"":2752512}"
     15360,         0,         0,   0.304,standalone_exact_mw,82025e6510dee7191a337377ca233259ac8dbd3ccaf9455e916f723ab2066810,"{""distance"":5,""physical_error_rate"":0.0001}","{""detection_events"":1307,""detectors_checked"":3440640}"
     11264,         0,         0,   0.291,standalone_exact_mw,000a12f67b6d2f9febee6f900216609acb0c5281b533fe6e35129362572a0912,"{""distance"":5,""physical_error_rate"":0.0002}","{""detection_events"":2066,""detectors_checked"":2523136}"
      7168,         0,         0,   0.292,standalone_exact_mw,7a8ab0d03b7ead21ed40b3e2556c734d992a86585a3d666abe35fd996793b7e5,"{""distance"":5,""physical_error_rate"":0.0005}","{""detection_events"":3173,""detectors_checked"":1605632}"
      7168,         0,         0,   0.333,standalone_exact_mw,7a8ab0d03b7ead21ed40b3e2556c734d992a86585a3d666abe35fd996793b7e5,"{""distance"":5,""physical_error_rate"":0.0005}","{""detection_events"":3432,""detectors_checked"":1605632}"
    688128,         0,         0,   119.7,standalone_exact_mw,000a12f67b6d2f9febee6f900216609acb0c5281b533fe6e35129362572a0912,"{""distance"":5,""physical_error_rate"":0.0002}","{""detection_events"":127427,""detectors_checked"":154140672}"
     16384,         0,         0,   0.417,standalone_exact_mw,000a12f67b6d2f9febee6f900216609acb0c5281b533fe6e35129362572a0912,"{""distance"":5,""physical_error_rate"":0.0002}","{""detection_events"":2760,""detectors_checked"":3670016}"
     10240,         0,         0,   0.437,standalone_exact_mw,7a8ab0d03b7ead21ed40b3e2556c734d992a86585a3d666abe35fd996793b7e5,"{""distance"":5,""physical_error_rate"":0.0005}","{""detection_events"":4673,""detectors_checked"":2293760}"
      7168,         0,         0,   0.338,standalone_exact_mw,7a8ab0d03b7ead21ed40b3e2556c734d992a86585a3d666abe35fd996793b7e5,"{""distance"":5,""physical_error_rate"":0.0005}","{""detection_events"":3390,""detectors_checked"":1605632}"
     23552,         0,         0,   0.420,standalone_exact_mw,82025e6510dee7191a337377ca233259ac8dbd3ccaf9455e916f723ab2066810,"{""distance"":5,""physical_error_rate"":0.0001}","{""detection_events"":2222,""detectors_checked"":5275648}"
     20480,         0,         0,   0.409,standalone_exact_mw,82025e6510dee7191a337377ca233259ac8dbd3ccaf9455e916f723ab2066810,"{""distance"":5,""physical_error_rate"":0.0001}","{""detection_events"":1956,""detectors_checked"":4587520}"
     31744,         0,         0,   0.406,standalone_exact_mw,82025e6510dee7191a337377ca233259ac8dbd3ccaf9455e916f723ab2066810,"{""distance"":5,""physical_error_rate"":0.0001}","{""detection_events"":2926,""detectors_checked"":7110656}"
     18432,         0,         0,   0.416,standalone_exact_mw,000a12f67b6d2f9febee6f900216609acb0c5281b533fe6e35129362572a0912,"{""distance"":5,""physical_error_rate"":0.0002}","{""detection_events"":3472,""detectors_checked"":4128768}"
     16384,         0,         0,   0.416,standalone_exact_mw,000a12f67b6d2f9febee6f900216609acb0c5281b533fe6e35129362572a0912,"{""distance"":5,""physical_error_rate"":0.0002}","{""detection_events"":2942,""detectors_checked"":3670016}"
    988160,         0,         0,   119.1,standalone_exact_mw,82025e6510dee7191a337377ca233259ac8dbd3ccaf9455e916f723ab2066810,"{""distance"":5,""physical_error_rate"":0.0001}","{""detection_events"":90868,""detectors_checked"":221347840}"
     22528,         0,         0,   0.410,standalone_exact_mw,82025e6510dee7191a337377ca233259ac8dbd3ccaf9455e916f723ab2066810,"{""distance"":5,""physical_error_rate"":0.0001}","{""detection_events"":2021,""detectors_checked"":5046272}"
     10240,         0,         0,   0.426,standalone_exact_mw,7a8ab0d03b7ead21ed40b3e2556c734d992a86585a3d666abe35fd996793b7e5,"{""distance"":5,""physical_error_rate"":0.0005}","{""detection_events"":4678,""detectors_checked"":2293760}"
     17408,         0,         0,   0.442,standalone_exact_mw,000a12f67b6d2f9febee6f900216609acb0c5281b533fe6e35129362572a0912,"{""distance"":5,""physical_error_rate"":0.0002}","{""detection_events"":3255,""detectors_checked"":3899392}"
      9216,         0,         0,   0.417,standalone_exact_mw,7a8ab0d03b7ead21ed40b3e2556c734d992a86585a3d666abe35fd996793b7e5,"{""distance"":5,""physical_error_rate"":0.0005}","{""detection_events"":4250,""detectors_checked"":2064384}"
    300032,         1,         0,   119.5,standalone_exact_mw,7a8ab0d03b7ead21ed40b3e2556c734d992a86585a3d666abe35fd996793b7e5,"{""distance"":5,""physical_error_rate"":0.0005}","{""detection_events"":137193,""detectors_checked"":67207168,""obs_mistake_mask=E"":1}"
     10240,         0,         0,   0.428,standalone_exact_mw,7a8ab0d03b7ead21ed40b3e2556c734d992a86585a3d666abe35fd996793b7e5,"{""distance"":5,""physical_error_rate"":0.0005}","{""detection_events"":4678,""detectors_checked"":2293760}"
     23552,         0,         0,   0.592,standalone_exact_mw,000a12f67b6d2f9febee6f900216609acb0c5281b533fe6e35129362572a0912,"{""distance"":5,""physical_error_rate"":0.0002}","{""detection_events"":4350,""detectors_checked"":5275648}"
     14336,         0,         0,   0.601,standalone_exact_mw,7a8ab0d03b7ead21ed40b3e2556c734d992a86585a3d666abe35fd996793b7e5,"{""distance"":5,""physical_error_rate"":0.0005}","{""detection_events"":6634,""detectors_checked"":3211264}"
     29696,         0,         0,   0.573,standalone_exact_mw,82025e6510dee7191a337377ca233259ac8dbd3ccaf9455e916f723ab2066810,"{""distance"":5,""physical_error_rate"":0.0001}","{""detection_events"":2733,""detectors_checked"":6651904}"
     30720,         0,         0,   0.567,standalone_exact_mw,82025e6510dee7191a337377ca233259ac8dbd3ccaf9455e916f723ab2066810,"{""distance"":5,""physical_error_rate"":0.0001}","{""detection_events"":2949,""detectors_checked"":6881280}"
     30720,         0,         0,   0.570,standalone_exact_mw,82025e6510dee7191a337377ca233259ac8dbd3ccaf9455e916f723ab2066810,"{""distance"":5,""physical_error_rate"":0.0001}","{""detection_events"":2871,""detectors_checked"":6881280}"
     38912,         0,         0,   0.571,standalone_exact_mw,000a12f67b6d2f9febee6f900216609acb0c5281b533fe6e35129362572a0912,"{""distance"":5,""physical_error_rate"":0.0002}","{""detection_events"":7260,""detectors_checked"":8716288}"
     21504,         0,         0,   0.569,standalone_exact_mw,000a12f67b6d2f9febee6f900216609acb0c5281b533fe6e35129362572a0912,"{""distance"":5,""physical_error_rate"":0.0002}","{""detection_events"":3884,""detectors_checked"":4816896}"
     31744,         0,         0,   0.574,standalone_exact_mw,82025e6510dee7191a337377ca233259ac8dbd3ccaf9455e916f723ab2066810,"{""distance"":5,""physical_error_rate"":0.0001}","{""detection_events"":2721,""detectors_checked"":7110656}"
     13312,         0,         0,   0.555,standalone_exact_mw,7a8ab0d03b7ead21ed40b3e2556c734d992a86585a3d666abe35fd996793b7e5,"{""distance"":5,""physical_error_rate"":0.0005}","{""detection_events"":5969,""detectors_checked"":2981888}"
     22528,         0,         0,   0.578,standalone_exact_mw,000a12f67b6d2f9febee6f900216609acb0c5281b533fe6e35129362572a0912,"{""distance"":5,""physical_error_rate"":0.0002}","{""detection_events"":4025,""detectors_checked"":5046272}"
     12288,         0,         0,   0.571,standalone_exact_mw,7a8ab0d03b7ead21ed40b3e2556c734d992a86585a3d666abe35fd996793b7e5,"{""distance"":5,""physical_error_rate"":0.0005}","{""detection_events"":5685,""detectors_checked"":2752512}"
    635904,         0,         0,   119.4,standalone_exact_mw,000a12f67b6d2f9febee6f900216609acb0c5281b533fe6e35129362572a0912,"{""distance"":5,""physical_error_rate"":0.0002}","{""detection_events"":117197,""detectors_checked"":142442496}"
     13312,         1,         0,   0.578,standalone_exact_mw,7a8ab0d03b7ead21ed40b3e2556c734d992a86585a3d666abe35fd996793b7e5,"{""distance"":5,""physical_error_rate"":0.0005}","{""detection_events"":5997,""detectors_checked"":2981888,""obs_mistake_mask=E"":1}"
   1283072,         4,         0,   119.5,standalone_exact_mw,7a8ab0d03b7ead21ed40b3e2556c734d992a86585a3d666abe35fd996793b7e5,"{""distance"":5,""physical_error_rate"":0.0005}","{""detection_events"":590311,""detectors_checked"":287408128,""obs_mistake_mask=E"":4}"
     32768,         0,         0,   0.800,standalone_exact_mw,000a12f67b6d2f9febee6f900216609acb0c5281b533fe6e35129362572a0912,"{""distance"":5,""physical_error_rate"":0.0002}","{""detection_events"":6053,""detectors_checked"":7340032}"
     21504,         0,         0,   0.794,standalone_exact_mw,7a8ab0d03b7ead21ed40b3e2556c734d992a86585a3d666abe35fd996793b7e5,"{""distance"":5,""physical_error_rate"":0.0005}","{""detection_events"":9845,""detectors_checked"":4816896}"
     43008,         0,         0,   0.806,standalone_exact_mw,82025e6510dee7191a337377ca233259ac8dbd3ccaf9455e916f723ab2066810,"{""distance"":5,""physical_error_rate"":0.0001}","{""detection_events"":4098,""detectors_checked"":9633792}"
     40960,         0,         0,   0.784,standalone_exact_mw,82025e6510dee7191a337377ca233259ac8dbd3ccaf9455e916f723ab2066810,"{""distance"":5,""physical_error_rate"":0.0001}","{""detection_events"":3629,""detectors_checked"":9175040}"
     44032,         0,         0,   0.804,standalone_exact_mw,82025e6510dee7191a337377ca233259ac8dbd3ccaf9455e916f723ab2066810,"{""distance"":5,""physical_error_rate"":0.0001}","{""detection_events"":3990,""detectors_checked"":9863168}"
     56320,         0,         0,   0.792,standalone_exact_mw,000a12f67b6d2f9febee6f900216609acb0c5281b533fe6e35129362572a0912,"{""distance"":5,""physical_error_rate"":0.0002}","{""detection_events"":10437,""detectors_checked"":12615680}"
     32768,         0,         0,   0.790,standalone_exact_mw,000a12f67b6d2f9febee6f900216609acb0c5281b533fe6e35129362572a0912,"{""distance"":5,""physical_error_rate"":0.0002}","{""detection_events"":5895,""detectors_checked"":7340032}"
     44032,         0,         0,   0.796,standalone_exact_mw,82025e6510dee7191a337377ca233259ac8dbd3ccaf9455e916f723ab2066810,"{""distance"":5,""physical_error_rate"":0.0001}","{""detection_events"":3831,""detectors_checked"":9863168}"
     17408,         0,         0,   0.793,standalone_exact_mw,7a8ab0d03b7ead21ed40b3e2556c734d992a86585a3d666abe35fd996793b7e5,"{""distance"":5,""physical_error_rate"":0.0005}","{""detection_events"":7886,""detectors_checked"":3899392}"
     31744,         0,         0,   0.801,standalone_exact_mw,000a12f67b6d2f9febee6f900216609acb0c5281b533fe6e35129362572a0912,"{""distance"":5,""physical_error_rate"":0.0002}","{""detection_events"":5955,""detectors_checked"":7110656}"
     29696,         0,         0,   0.813,standalone_exact_mw,7a8ab0d03b7ead21ed40b3e2556c734d992a86585a3d666abe35fd996793b7e5,"{""distance"":5,""physical_error_rate"":0.0005}","{""detection_events"":13643,""detectors_checked"":6651904}"
     19456,         0,         0,   0.823,standalone_exact_mw,7a8ab0d03b7ead21ed40b3e2556c734d992a86585a3d666abe35fd996793b7e5,"{""distance"":5,""physical_error_rate"":0.0005}","{""detection_events"":8788,""detectors_checked"":4358144}"
     55296,         0,         0,    1.11,standalone_exact_mw,000a12f67b6d2f9febee6f900216609acb0c5281b533fe6e35129362572a0912,"{""distance"":5,""physical_error_rate"":0.0002}","{""detection_events"":10125,""detectors_checked"":12386304}"
     35840,         0,         0,    1.14,standalone_exact_mw,7a8ab0d03b7ead21ed40b3e2556c734d992a86585a3d666abe35fd996793b7e5,"{""distance"":5,""physical_error_rate"":0.0005}","{""detection_events"":16385,""detectors_checked"":8028160}"
     92160,         0,         0,    1.10,standalone_exact_mw,82025e6510dee7191a337377ca233259ac8dbd3ccaf9455e916f723ab2066810,"{""distance"":5,""physical_error_rate"":0.0001}","{""detection_events"":8372,""detectors_checked"":20643840}"
    106496,         0,         0,    1.11,standalone_exact_mw,82025e6510dee7191a337377ca233259ac8dbd3ccaf9455e916f723ab2066810,"{""distance"":5,""physical_error_rate"":0.0001}","{""detection_events"":9819,""detectors_checked"":23855104}"
     56320,         0,         0,    1.11,standalone_exact_mw,82025e6510dee7191a337377ca233259ac8dbd3ccaf9455e916f723ab2066810,"{""distance"":5,""physical_error_rate"":0.0001}","{""detection_events"":5181,""detectors_checked"":12615680}"
     74752,         0,         0,    1.11,standalone_exact_mw,000a12f67b6d2f9febee6f900216609acb0c5281b533fe6e35129362572a0912,"{""distance"":5,""physical_error_rate"":0.0002}","{""detection_events"":14069,""detectors_checked"":16744448}"
     44032,         0,         0,    1.13,standalone_exact_mw,000a12f67b6d2f9febee6f900216609acb0c5281b533fe6e35129362572a0912,"{""distance"":5,""physical_error_rate"":0.0002}","{""detection_events"":8025,""detectors_checked"":9863168}"
     61440,         0,         0,    1.11,standalone_exact_mw,82025e6510dee7191a337377ca233259ac8dbd3ccaf9455e916f723ab2066810,"{""distance"":5,""physical_error_rate"":0.0001}","{""detection_events"":5611,""detectors_checked"":13762560}"
     24576,         0,         0,    1.12,standalone_exact_mw,7a8ab0d03b7ead21ed40b3e2556c734d992a86585a3d666abe35fd996793b7e5,"{""distance"":5,""physical_error_rate"":0.0005}","{""detection_events"":11563,""detectors_checked"":5505024}"
     45056,         0,         0,    1.11,standalone_exact_mw,000a12f67b6d2f9febee6f900216609acb0c5281b533fe6e35129362572a0912,"{""distance"":5,""physical_error_rate"":0.0002}","{""detection_events"":8240,""detectors_checked"":10092544}"
     39936,         0,         0,    1.15,standalone_exact_mw,7a8ab0d03b7ead21ed40b3e2556c734d992a86585a3d666abe35fd996793b7e5,"{""distance"":5,""physical_error_rate"":0.0005}","{""detection_events"":17899,""detectors_checked"":8945664}"
     25600,         0,         0,    1.17,standalone_exact_mw,7a8ab0d03b7ead21ed40b3e2556c734d992a86585a3d666abe35fd996793b7e5,"{""distance"":5,""physical_error_rate"":0.0005}","{""detection_events"":11966,""detectors_checked"":5734400}"
     99328,         0,         0,    1.54,standalone_exact_mw,000a12f67b6d2f9febee6f900216609acb0c5281b533fe6e35129362572a0912,"{""distance"":5,""physical_error_rate"":0.0002}","{""detection_events"":17972,""detectors_checked"":22249472}"
     54272,         0,         0,    1.60,standalone_exact_mw,7a8ab0d03b7ead21ed40b3e2556c734d992a86585a3d666abe35fd996793b7e5,"{""distance"":5,""physical_error_rate"":0.0005}","{""detection_events"":24891,""detectors_checked"":12156928}"
    106496,         0,         0,    1.56,standalone_exact_mw,82025e6510dee7191a337377ca233259ac8dbd3ccaf9455e916f723ab2066810,"{""distance"":5,""physical_error_rate"":0.0001}","{""detection_events"":9852,""detectors_checked"":23855104}"
    143360,         0,         0,    1.55,standalone_exact_mw,82025e6510dee7191a337377ca233259ac8dbd3ccaf9455e916f723ab2066810,"{""distance"":5,""physical_error_rate"":0.0001}","{""detection_events"":13254,""detectors_checked"":32112640}"
    112640,         0,         0,    1.56,standalone_exact_mw,82025e6510dee7191a337377ca233259ac8dbd3ccaf9455e916f723ab2066810,"{""distance"":5,""physical_error_rate"":0.0001}","{""detection_events"":10557,""detectors_checked"":25231360}"
     82944,         0,         0,    1.55,standalone_exact_mw,000a12f67b6d2f9febee6f900216609acb0c5281b533fe6e35129362572a0912,"{""distance"":5,""physical_error_rate"":0.0002}","{""detection_events"":14937,""detectors_checked"":18579456}"
     62464,         0,         0,    1.56,standalone_exact_mw,000a12f67b6d2f9febee6f900216609acb0c5281b533fe6e35129362572a0912,"{""distance"":5,""physical_error_rate"":0.0002}","{""detection_events"":11490,""detectors_checked"":13991936}"
     86016,         0,         0,    1.56,standalone_exact_mw,82025e6510dee7191a337377ca233259ac8dbd3ccaf9455e916f723ab2066810,"{""distance"":5,""physical_error_rate"":0.0001}","{""detection_events"":7719,""detectors_checked"":19267584}"
     35840,         0,         0,    1.58,standalone_exact_mw,7a8ab0d03b7ead21ed40b3e2556c734d992a86585a3d666abe35fd996793b7e5,"{""distance"":5,""physical_error_rate"":0.0005}","{""detection_events"":16874,""detectors_checked"":8028160}"
     71680,         0,         0,    1.57,standalone_exact_mw,000a12f67b6d2f9febee6f900216609acb0c5281b533fe6e35129362572a0912,"{""distance"":5,""physical_error_rate"":0.0002}","{""detection_events"":12829,""detectors_checked"":16056320}"
     51200,         0,         0,    1.55,standalone_exact_mw,7a8ab0d03b7ead21ed40b3e2556c734d992a86585a3d666abe35fd996793b7e5,"{""distance"":5,""physical_error_rate"":0.0005}","{""detection_events"":23718,""detectors_checked"":11468800}"
     34816,         0,         0,    1.57,standalone_exact_mw,7a8ab0d03b7ead21ed40b3e2556c734d992a86585a3d666abe35fd996793b7e5,"{""distance"":5,""physical_error_rate"":0.0005}","{""detection_events"":15884,""detectors_checked"":7798784}"
    843776,         0,         0,   119.7,standalone_exact_mw,000a12f67b6d2f9febee6f900216609acb0c5281b533fe6e35129362572a0912,"{""distance"":5,""physical_error_rate"":0.0002}","{""detection_events"":155581,""detectors_checked"":189005824}"
    153600,         1,         0,    2.20,standalone_exact_mw,000a12f67b6d2f9febee6f900216609acb0c5281b533fe6e35129362572a0912,"{""distance"":5,""physical_error_rate"":0.0002}","{""detection_events"":28113,""detectors_checked"":34406400,""obs_mistake_mask=E"":1}"
     63488,         0,         0,    2.21,standalone_exact_mw,7a8ab0d03b7ead21ed40b3e2556c734d992a86585a3d666abe35fd996793b7e5,"{""distance"":5,""physical_error_rate"":0.0005}","{""detection_events"":29556,""detectors_checked"":14221312}"
    114688,         0,         0,    2.18,standalone_exact_mw,82025e6510dee7191a337377ca233259ac8dbd3ccaf9455e916f723ab2066810,"{""distance"":5,""physical_error_rate"":0.0001}","{""detection_events"":10750,""detectors_checked"":25690112}"
    156672,         0,         0,    2.17,standalone_exact_mw,82025e6510dee7191a337377ca233259ac8dbd3ccaf9455e916f723ab2066810,"{""distance"":5,""physical_error_rate"":0.0001}","{""detection_events"":14632,""detectors_checked"":35094528}"
    219136,         0,         0,    2.17,standalone_exact_mw,82025e6510dee7191a337377ca233259ac8dbd3ccaf9455e916f723ab2066810,"{""distance"":5,""physical_error_rate"":0.0001}","{""detection_events"":19912,""detectors_checked"":49086464}"
    113664,         0,         0,    2.16,standalone_exact_mw,000a12f67b6d2f9febee6f900216609acb0c5281b533fe6e35129362572a0912,"{""distance"":5,""physical_error_rate"":0.0002}","{""detection_events"":21039,""detectors_checked"":25460736}"
     87040,         0,         0,    2.19,standalone_exact_mw,000a12f67b6d2f9febee6f900216609acb0c5281b533fe6e35129362572a0912,"{""distance"":5,""physical_error_rate"":0.0002}","{""detection_events"":16093,""detectors_checked"":19496960}"
    114688,         0,         0,    2.18,standalone_exact_mw,82025e6510dee7191a337377ca233259ac8dbd3ccaf9455e916f723ab2066810,"{""distance"":5,""physical_error_rate"":0.0001}","{""detection_events"":10299,""detectors_checked"":25690112}"
     47104,         0,         0,    2.19,standalone_exact_mw,7a8ab0d03b7ead21ed40b3e2556c734d992a86585a3d666abe35fd996793b7e5,"{""distance"":5,""physical_error_rate"":0.0005}","{""detection_events"":21728,""detectors_checked"":10551296}"
    129024,         0,         0,    2.18,standalone_exact_mw,000a12f67b6d2f9febee6f900216609acb0c5281b533fe6e35129362572a0912,"{""distance"":5,""physical_error_rate"":0.0002}","{""detection_events"":23611,""detectors_checked"":28901376}"
     66560,         0,         0,    2.18,standalone_exact_mw,7a8ab0d03b7ead21ed40b3e2556c734d992a86585a3d666abe35fd996793b7e5,"{""distance"":5,""physical_error_rate"":0.0005}","{""detection_events"":30506,""detectors_checked"":14909440}"
     48128,         0,         0,    2.18,standalone_exact_mw,7a8ab0d03b7ead21ed40b3e2556c734d992a86585a3d666abe35fd996793b7e5,"{""distance"":5,""physical_error_rate"":0.0005}","{""detection_events"":22097,""detectors_checked"":10780672}"
    390144,         0,         0,   119.6,standalone_exact_mw,7a8ab0d03b7ead21ed40b3e2556c734d992a86585a3d666abe35fd996793b7e5,"{""distance"":5,""physical_error_rate"":0.0005}","{""detection_events"":178647,""detectors_checked"":87392256}"
    214016,         0,         0,    3.05,standalone_exact_mw,000a12f67b6d2f9febee6f900216609acb0c5281b533fe6e35129362572a0912,"{""distance"":5,""physical_error_rate"":0.0002}","{""detection_events"":38986,""detectors_checked"":47939584}"
     75776,         0,         0,    3.06,standalone_exact_mw,7a8ab0d03b7ead21ed40b3e2556c734d992a86585a3d666abe35fd996793b7e5,"{""distance"":5,""physical_error_rate"":0.0005}","{""detection_events"":34205,""detectors_checked"":16973824}"
    163840,         0,         0,    3.03,standalone_exact_mw,82025e6510dee7191a337377ca233259ac8dbd3ccaf9455e916f723ab2066810,"{""distance"":5,""physical_error_rate"":0.0001}","{""detection_events"":14874,""detectors_checked"":36700160}"
    163840,         0,         0,    3.04,standalone_exact_mw,82025e6510dee7191a337377ca233259ac8dbd3ccaf9455e916f723ab2066810,"{""distance"":5,""physical_error_rate"":0.0001}","{""detection_events"":15535,""detectors_checked"":36700160}"
    231424,         0,         0,    3.05,standalone_exact_mw,000a12f67b6d2f9febee6f900216609acb0c5281b533fe6e35129362572a0912,"{""distance"":5,""physical_error_rate"":0.0002}","{""detection_events"":42688,""detectors_checked"":51838976}"
    279552,         0,         0,    3.06,standalone_exact_mw,82025e6510dee7191a337377ca233259ac8dbd3ccaf9455e916f723ab2066810,"{""distance"":5,""physical_error_rate"":0.0001}","{""detection_events"":25879,""detectors_checked"":62619648}"
    122880,         0,         0,    3.05,standalone_exact_mw,000a12f67b6d2f9febee6f900216609acb0c5281b533fe6e35129362572a0912,"{""distance"":5,""physical_error_rate"":0.0002}","{""detection_events"":23031,""detectors_checked"":27525120}"
    160768,         0,         0,    3.04,standalone_exact_mw,82025e6510dee7191a337377ca233259ac8dbd3ccaf9455e916f723ab2066810,"{""distance"":5,""physical_error_rate"":0.0001}","{""detection_events"":14645,""detectors_checked"":36012032}"
    208896,         0,         0,    3.05,standalone_exact_mw,000a12f67b6d2f9febee6f900216609acb0c5281b533fe6e35129362572a0912,"{""distance"":5,""physical_error_rate"":0.0002}","{""detection_events"":38356,""detectors_checked"":46792704}"
     83968,         0,         0,    3.05,standalone_exact_mw,7a8ab0d03b7ead21ed40b3e2556c734d992a86585a3d666abe35fd996793b7e5,"{""distance"":5,""physical_error_rate"":0.0005}","{""detection_events"":38036,""detectors_checked"":18808832}"
     44032,         0,         0,    3.19,standalone_exact_mw,7a8ab0d03b7ead21ed40b3e2556c734d992a86585a3d666abe35fd996793b7e5,"{""distance"":5,""physical_error_rate"":0.0005}","{""detection_events"":20621,""detectors_checked"":9863168}"
     68608,         0,         0,    3.05,standalone_exact_mw,7a8ab0d03b7ead21ed40b3e2556c734d992a86585a3d666abe35fd996793b7e5,"{""distance"":5,""physical_error_rate"":0.0005}","{""detection_events"":31110,""detectors_checked"":15368192}"
    296960,         0,         0,    4.27,standalone_exact_mw,000a12f67b6d2f9febee6f900216609acb0c5281b533fe6e35129362572a0912,"{""distance"":5,""physical_error_rate"":0.0002}","{""detection_events"":54981,""detectors_checked"":66519040}"
    134144,         1,         0,    4.28,standalone_exact_mw,7a8ab0d03b7ead21ed40b3e2556c734d992a86585a3d666abe35fd996793b7e5,"{""distance"":5,""physical_error_rate"":0.0005}","{""detection_events"":61478,""detectors_checked"":30048256,""obs_mistake_mask=E"":1}"
    399360,         0,         0,    4.27,standalone_exact_mw,82025e6510dee7191a337377ca233259ac8dbd3ccaf9455e916f723ab2066810,"{""distance"":5,""physical_error_rate"":0.0001}","{""detection_events"":36883,""detectors_checked"":89456640}"
    228352,         0,         0,    4.26,standalone_exact_mw,82025e6510dee7191a337377ca233259ac8dbd3ccaf9455e916f723ab2066810,"{""distance"":5,""physical_error_rate"":0.0001}","{""detection_events"":20682,""detectors_checked"":51150848}"
    256000,         0,         0,    4.28,standalone_exact_mw,000a12f67b6d2f9febee6f900216609acb0c5281b533fe6e35129362572a0912,"{""distance"":5,""physical_error_rate"":0.0002}","{""detection_events"":46806,""detectors_checked"":57344000}"
    219136,         0,         0,    4.29,standalone_exact_mw,82025e6510dee7191a337377ca233259ac8dbd3ccaf9455e916f723ab2066810,"{""distance"":5,""physical_error_rate"":0.0001}","{""detection_events"":20546,""detectors_checked"":49086464}"
    174080,         1,         0,    4.27,standalone_exact_mw,000a12f67b6d2f9febee6f900216609acb0c5281b533fe6e35129362572a0912,"{""distance"":5,""physical_error_rate"":0.0002}","{""detection_events"":31878,""detectors_checked"":38993920,""obs_mistake_mask=E"":1}"
    225280,         0,         0,    4.27,standalone_exact_mw,82025e6510dee7191a337377ca233259ac8dbd3ccaf9455e916f723ab2066810,"{""distance"":5,""physical_error_rate"":0.0001}","{""detection_events"":20420,""detectors_checked"":50462720}"
    293888,         0,         0,    4.25,standalone_exact_mw,000a12f67b6d2f9febee6f900216609acb0c5281b533fe6e35129362572a0912,"{""distance"":5,""physical_error_rate"":0.0002}","{""detection_events"":54059,""detectors_checked"":65830912}"
    142336,         1,         0,    4.30,standalone_exact_mw,7a8ab0d03b7ead21ed40b3e2556c734d992a86585a3d666abe35fd996793b7e5,"{""distance"":5,""physical_error_rate"":0.0005}","{""detection_events"":65804,""detectors_checked"":31883264,""obs_mistake_mask=E"":1}"
     17408,         0,         0,    4.28,standalone_exact_mw,7a8ab0d03b7ead21ed40b3e2556c734d992a86585a3d666abe35fd996793b7e5,"{""distance"":5,""physical_error_rate"":0.0005}","{""detection_events"":8097,""detectors_checked"":3899392}"
     95232,         0,         0,    4.28,standalone_exact_mw,7a8ab0d03b7ead21ed40b3e2556c734d992a86585a3d666abe35fd996793b7e5,"{""distance"":5,""physical_error_rate"":0.0005}","{""detection_events"":43935,""detectors_checked"":21331968}"
    428032,         0,         0,    5.97,standalone_exact_mw,000a12f67b6d2f9febee6f900216609acb0c5281b533fe6e35129362572a0912,"{""distance"":5,""physical_error_rate"":0.0002}","{""detection_events"":77980,""detectors_checked"":95879168}"
    446464,         0,         0,    5.97,standalone_exact_mw,82025e6510dee7191a337377ca233259ac8dbd3ccaf9455e916f723ab2066810,"{""distance"":5,""physical_error_rate"":0.0001}","{""detection_events"":41428,""detectors_checked"":100007936}"
    162816,         1,         0,    5.99,standalone_exact_mw,7a8ab0d03b7ead21ed40b3e2556c734d992a86585a3d666abe35fd996793b7e5,"{""distance"":5,""physical_error_rate"":0.0005}","{""detection_events"":74284,""detectors_checked"":36470784,""obs_mistake_mask=E"":1}"
    564224,         0,         0,    5.98,standalone_exact_mw,82025e6510dee7191a337377ca233259ac8dbd3ccaf9455e916f723ab2066810,"{""distance"":5,""physical_error_rate"":0.0001}","{""detection_events"":51433,""detectors_checked"":126386176}"
    335872,         0,         0,    5.97,standalone_exact_mw,000a12f67b6d2f9febee6f900216609acb0c5281b533fe6e35129362572a0912,"{""distance"":5,""physical_error_rate"":0.0002}","{""detection_events"":61861,""detectors_checked"":75235328}"
    445440,         0,         0,    5.96,standalone_exact_mw,82025e6510dee7191a337377ca233259ac8dbd3ccaf9455e916f723ab2066810,"{""distance"":5,""physical_error_rate"":0.0001}","{""detection_events"":40718,""detectors_checked"":99778560}"
    239616,         0,         0,    5.98,standalone_exact_mw,000a12f67b6d2f9febee6f900216609acb0c5281b533fe6e35129362572a0912,"{""distance"":5,""physical_error_rate"":0.0002}","{""detection_events"":44339,""detectors_checked"":53673984}"
    315392,         0,         0,    5.97,standalone_exact_mw,82025e6510dee7191a337377ca233259ac8dbd3ccaf9455e916f723ab2066810,"{""distance"":5,""physical_error_rate"":0.0001}","{""detection_events"":28973,""detectors_checked"":70647808}"
    310272,         0,         0,    5.99,standalone_exact_mw,000a12f67b6d2f9febee6f900216609acb0c5281b533fe6e35129362572a0912,"{""distance"":5,""physical_error_rate"":0.0002}","{""detection_events"":56817,""detectors_checked"":69500928}"
    146432,         1,         0,    5.98,standalone_exact_mw,7a8ab0d03b7ead21ed40b3e2556c734d992a86585a3d666abe35fd996793b7e5,"{""distance"":5,""physical_error_rate"":0.0005}","{""detection_events"":66883,""detectors_checked"":32800768,""obs_mistake_mask=E"":1}"
    122880,         0,         0,    6.22,standalone_exact_mw,7a8ab0d03b7ead21ed40b3e2556c734d992a86585a3d666abe35fd996793b7e5,"{""distance"":5,""physical_error_rate"":0.0005}","{""detection_events"":56034,""detectors_checked"":27525120}"
     31744,         0,         0,    6.36,standalone_exact_mw,7a8ab0d03b7ead21ed40b3e2556c734d992a86585a3d666abe35fd996793b7e5,"{""distance"":5,""physical_error_rate"":0.0005}","{""detection_events"":14260,""detectors_checked"":7110656}"
    593920,         0,         0,    8.36,standalone_exact_mw,000a12f67b6d2f9febee6f900216609acb0c5281b533fe6e35129362572a0912,"{""distance"":5,""physical_error_rate"":0.0002}","{""detection_events"":108584,""detectors_checked"":133038080}"
    854016,         0,         0,    8.33,standalone_exact_mw,82025e6510dee7191a337377ca233259ac8dbd3ccaf9455e916f723ab2066810,"{""distance"":5,""physical_error_rate"":0.0001}","{""detection_events"":79110,""detectors_checked"":191299584}"
    372736,         2,         0,    8.36,standalone_exact_mw,7a8ab0d03b7ead21ed40b3e2556c734d992a86585a3d666abe35fd996793b7e5,"{""distance"":5,""physical_error_rate"":0.0005}","{""detection_events"":171103,""detectors_checked"":83492864,""obs_mistake_mask=E"":2}"
    838656,         0,         0,    8.36,standalone_exact_mw,82025e6510dee7191a337377ca233259ac8dbd3ccaf9455e916f723ab2066810,"{""distance"":5,""physical_error_rate"":0.0001}","{""detection_events"":77587,""detectors_checked"":187858944}"
    662528,         0,         0,    8.35,standalone_exact_mw,000a12f67b6d2f9febee6f900216609acb0c5281b533fe6e35129362572a0912,"{""distance"":5,""physical_error_rate"":0.0002}","{""detection_events"":120964,""detectors_checked"":148406272}"
    838656,         0,         0,    8.35,standalone_exact_mw,82025e6510dee7191a337377ca233259ac8dbd3ccaf9455e916f723ab2066810,"{""distance"":5,""physical_error_rate"":0.0001}","{""detection_events"":77539,""detectors_checked"":187858944}"
    111616,         0,         0,    8.46,standalone_exact_mw,000a12f67b6d2f9febee6f900216609acb0c5281b533fe6e35129362572a0912,"{""distance"":5,""physical_error_rate"":0.0002}","{""detection_events"":20605,""detectors_checked"":25001984}"
    423936,         0,         0,    8.36,standalone_exact_mw,82025e6510dee7191a337377ca233259ac8dbd3ccaf9455e916f723ab2066810,"{""distance"":5,""physical_error_rate"":0.0001}","{""detection_events"":38637,""detectors_checked"":94961664}"
    615424,         2,         0,    8.35,standalone_exact_mw,000a12f67b6d2f9febee6f900216609acb0c5281b533fe6e35129362572a0912,"{""distance"":5,""physical_error_rate"":0.0002}","{""detection_events"":112551,""detectors_checked"":137854976,""obs_mistake_mask=E"":2}"
    337920,         1,         0,    8.36,standalone_exact_mw,7a8ab0d03b7ead21ed40b3e2556c734d992a86585a3d666abe35fd996793b7e5,"{""distance"":5,""physical_error_rate"":0.0005}","{""detection_events"":155030,""detectors_checked"":75694080,""obs_mistake_mask=E"":1}"
     96256,         0,         0,    8.32,standalone_exact_mw,7a8ab0d03b7ead21ed40b3e2556c734d992a86585a3d666abe35fd996793b7e5,"{""distance"":5,""physical_error_rate"":0.0005}","{""detection_events"":43987,""detectors_checked"":21561344}"
     44032,         0,         0,    8.51,standalone_exact_mw,7a8ab0d03b7ead21ed40b3e2556c734d992a86585a3d666abe35fd996793b7e5,"{""distance"":5,""physical_error_rate"":0.0005}","{""detection_events"":20258,""detectors_checked"":9863168}"
   3105272,         0,         0,    34.0,standalone_exact_mw,82025e6510dee7191a337377ca233259ac8dbd3ccaf9455e916f723ab2066810,"{""distance"":5,""physical_error_rate"":0.0001}","{""detection_events"":284648,""detectors_checked"":695580928}"
    867328,         1,         0,    11.7,standalone_exact_mw,000a12f67b6d2f9febee6f900216609acb0c5281b533fe6e35129362572a0912,"{""distance"":5,""physical_error_rate"":0.0002}","{""detection_events"":159838,""detectors_checked"":194281472,""obs_mistake_mask=E"":1}"
    707584,         0,         0,    11.7,standalone_exact_mw,82025e6510dee7191a337377ca233259ac8dbd3ccaf9455e916f723ab2066810,"{""distance"":5,""physical_error_rate"":0.0001}","{""detection_events"":64972,""detectors_checked"":158498816}"
   1090560,         0,         0,    11.7,standalone_exact_mw,82025e6510dee7191a337377ca233259ac8dbd3ccaf9455e916f723ab2066810,"{""distance"":5,""physical_error_rate"":0.0001}","{""detection_events"":99726,""detectors_checked"":244285440}"
    817152,         2,         0,    11.7,standalone_exact_mw,000a12f67b6d2f9febee6f900216609acb0c5281b533fe6e35129362572a0912,"{""distance"":5,""physical_error_rate"":0.0002}","{""detection_events"":150834,""detectors_checked"":183042048,""obs_mistake_mask=E"":2}"
    316416,         5,         0,    11.7,standalone_exact_mw,7a8ab0d03b7ead21ed40b3e2556c734d992a86585a3d666abe35fd996793b7e5,"{""distance"":5,""physical_error_rate"":0.0005}","{""detection_events"":145811,""detectors_checked"":70877184,""obs_mistake_mask=E"":5}"
    836608,         0,         0,    11.7,standalone_exact_mw,82025e6510dee7191a337377ca233259ac8dbd3ccaf9455e916f723ab2066810,"{""distance"":5,""physical_error_rate"":0.0001}","{""detection_events"":77088,""detectors_checked"":187400192}"
    611328,         0,         0,    11.7,standalone_exact_mw,82025e6510dee7191a337377ca233259ac8dbd3ccaf9455e916f723ab2066810,"{""distance"":5,""physical_error_rate"":0.0001}","{""detection_events"":56453,""detectors_checked"":136937472}"
    864256,         0,         0,    11.7,standalone_exact_mw,000a12f67b6d2f9febee6f900216609acb0c5281b533fe6e35129362572a0912,"{""distance"":5,""physical_error_rate"":0.0002}","{""detection_events"":159036,""detectors_checked"":193593344}"
    492544,         0,         0,    11.7,standalone_exact_mw,7a8ab0d03b7ead21ed40b3e2556c734d992a86585a3d666abe35fd996793b7e5,"{""distance"":5,""physical_error_rate"":0.0005}","{""detection_events"":225203,""detectors_checked"":110329856}"
     97280,         0,         0,    11.9,standalone_exact_mw,000a12f67b6d2f9febee6f900216609acb0c5281b533fe6e35129362572a0912,"{""distance"":5,""physical_error_rate"":0.0002}","{""detection_events"":17860,""detectors_checked"":21790720}"
    264192,         1,         0,    11.7,standalone_exact_mw,7a8ab0d03b7ead21ed40b3e2556c734d992a86585a3d666abe35fd996793b7e5,"{""distance"":5,""physical_error_rate"":0.0005}","{""detection_events"":121292,""detectors_checked"":59179008,""obs_mistake_mask=E"":1}"
     55296,         0,         0,    11.8,standalone_exact_mw,7a8ab0d03b7ead21ed40b3e2556c734d992a86585a3d666abe35fd996793b7e5,"{""distance"":5,""physical_error_rate"":0.0005}","{""detection_events"":25264,""detectors_checked"":12386304}"
  11751424,         4,         0,   119.6,standalone_exact_mw,82025e6510dee7191a337377ca233259ac8dbd3ccaf9455e916f723ab2066810,"{""distance"":5,""physical_error_rate"":0.0001}","{""detection_events"":1082097,""detectors_checked"":2632318976,""obs_mistake_mask=E"":4}"
  11619328,         0,         0,   119.6,standalone_exact_mw,82025e6510dee7191a337377ca233259ac8dbd3ccaf9455e916f723ab2066810,"{""distance"":5,""physical_error_rate"":0.0001}","{""detection_events"":1067931,""detectors_checked"":2602729472}"
   8685568,         7,         0,   119.7,standalone_exact_mw,000a12f67b6d2f9febee6f900216609acb0c5281b533fe6e35129362572a0912,"{""distance"":5,""physical_error_rate"":0.0002}","{""detection_events"":1597626,""detectors_checked"":1945567232,""obs_mistake_mask=E"":7}"
   4858880,        14,         0,   119.9,standalone_exact_mw,7a8ab0d03b7ead21ed40b3e2556c734d992a86585a3d666abe35fd996793b7e5,"{""distance"":5,""physical_error_rate"":0.0005}","{""detection_events"":2233124,""detectors_checked"":1088389120,""obs_mistake_mask=E"":14}"
   8782848,         5,         0,   119.7,standalone_exact_mw,000a12f67b6d2f9febee6f900216609acb0c5281b533fe6e35129362572a0912,"{""distance"":5,""physical_error_rate"":0.0002}","{""detection_events"":1615237,""detectors_checked"":1967357952,""obs_mistake_mask=E"":5}"
   4577280,        12,         0,   119.8,standalone_exact_mw,7a8ab0d03b7ead21ed40b3e2556c734d992a86585a3d666abe35fd996793b7e5,"{""distance"":5,""physical_error_rate"":0.0005}","{""detection_events"":2101855,""detectors_checked"":1025310720,""obs_mistake_mask=E"":12}"
    595968,         0,         0,   119.7,standalone_exact_mw,000a12f67b6d2f9febee6f900216609acb0c5281b533fe6e35129362572a0912,"{""distance"":5,""physical_error_rate"":0.0002}","{""detection_events"":108896,""detectors_checked"":133496832}"
   2331648,         0,         0,   119.1,standalone_exact_mw,82025e6510dee7191a337377ca233259ac8dbd3ccaf9455e916f723ab2066810,"{""distance"":5,""physical_error_rate"":0.0001}","{""detection_events"":215295,""detectors_checked"":522289152}"
    797696,         0,         0,   119.4,standalone_exact_mw,82025e6510dee7191a337377ca233259ac8dbd3ccaf9455e916f723ab2066810,"{""distance"":5,""physical_error_rate"":0.0001}","{""detection_events"":73374,""detectors_checked"":178683904}"
    595733,         0,         0,    7.05,standalone_exact_mw,82025e6510dee7191a337377ca233259ac8dbd3ccaf9455e916f723ab2066810,"{""distance"":5,""physical_error_rate"":0.0001}","{""detection_events"":54464,""detectors_checked"":133444192}"
  11010048,         1,         0,   119.3,standalone_exact_mw,82025e6510dee7191a337377ca233259ac8dbd3ccaf9455e916f723ab2066810,"{""distance"":5,""physical_error_rate"":0.0001}","{""detection_events"":1011047,""detectors_checked"":2466250752,""obs_mistake_mask=E"":1}"
   1391616,         3,         0,   120.1,standalone_exact_mw,7a8ab0d03b7ead21ed40b3e2556c734d992a86585a3d666abe35fd996793b7e5,"{""distance"":5,""physical_error_rate"":0.0005}","{""detection_events"":639667,""detectors_checked"":311721984,""obs_mistake_mask=E"":3}"
    637952,         0,         0,   119.8,standalone_exact_mw,000a12f67b6d2f9febee6f900216609acb0c5281b533fe6e35129362572a0912,"{""distance"":5,""physical_error_rate"":0.0002}","{""detection_events"":117463,""detectors_checked"":142901248}"
    803840,         0,         0,   119.7,standalone_exact_mw,82025e6510dee7191a337377ca233259ac8dbd3ccaf9455e916f723ab2066810,"{""distance"":5,""physical_error_rate"":0.0001}","{""detection_events"":74039,""detectors_checked"":180060160}"
   1590272,         0,         0,   119.6,standalone_exact_mw,000a12f67b6d2f9febee6f900216609acb0c5281b533fe6e35129362572a0912,"{""distance"":5,""physical_error_rate"":0.0002}","{""detection_events"":294092,""detectors_checked"":356220928}"
    354304,         0,         0,   120.1,standalone_exact_mw,7a8ab0d03b7ead21ed40b3e2556c734d992a86585a3d666abe35fd996793b7e5,"{""distance"":5,""physical_error_rate"":0.0005}","{""detection_events"":161822,""detectors_checked"":79364096}"
   1134592,         0,         0,    16.4,standalone_exact_mw,000a12f67b6d2f9febee6f900216609acb0c5281b533fe6e35129362572a0912,"{""distance"":5,""physical_error_rate"":0.0002}","{""detection_events"":209956,""detectors_checked"":254148608}"
   1397760,         0,         0,    16.3,standalone_exact_mw,82025e6510dee7191a337377ca233259ac8dbd3ccaf9455e916f723ab2066810,"{""distance"":5,""physical_error_rate"":0.0001}","{""detection_events"":129123,""detectors_checked"":313098240}"
   1585152,         0,         0,    16.4,standalone_exact_mw,82025e6510dee7191a337377ca233259ac8dbd3ccaf9455e916f723ab2066810,"{""distance"":5,""physical_error_rate"":0.0001}","{""detection_events"":145895,""detectors_checked"":355074048}"
    622592,         3,         0,    16.4,standalone_exact_mw,7a8ab0d03b7ead21ed40b3e2556c734d992a86585a3d666abe35fd996793b7e5,"{""distance"":5,""physical_error_rate"":0.0005}","{""detection_events"":285165,""detectors_checked"":139460608,""obs_mistake_mask=E"":3}"
   1269760,         0,         0,    16.4,standalone_exact_mw,000a12f67b6d2f9febee6f900216609acb0c5281b533fe6e35129362572a0912,"{""distance"":5,""physical_error_rate"":0.0002}","{""detection_events"":233555,""detectors_checked"":284426240}"
   1593344,         0,         0,    16.4,standalone_exact_mw,82025e6510dee7191a337377ca233259ac8dbd3ccaf9455e916f723ab2066810,"{""distance"":5,""physical_error_rate"":0.0001}","{""detection_events"":146023,""detectors_checked"":356909056}"
   1016832,         1,         0,    16.4,standalone_exact_mw,000a12f67b6d2f9febee6f900216609acb0c5281b533fe6e35129362572a0912,"{""distance"":5,""physical_error_rate"":0.0002}","{""detection_events"":188121,""detectors_checked"":227770368,""obs_mistake_mask=E"":1}"
    132096,         0,         0,    16.4,standalone_exact_mw,82025e6510dee7191a337377ca233259ac8dbd3ccaf9455e916f723ab2066810,"{""distance"":5,""physical_error_rate"":0.0001}","{""detection_events"":12122,""detectors_checked"":29589504}"
    645120,         2,         0,    16.4,standalone_exact_mw,7a8ab0d03b7ead21ed40b3e2556c734d992a86585a3d666abe35fd996793b7e5,"{""distance"":5,""physical_error_rate"":0.0005}","{""detection_events"":297811,""detectors_checked"":144506880,""obs_mistake_mask=E"":2}"
    643072,         0,         0,    16.4,standalone_exact_mw,000a12f67b6d2f9febee6f900216609acb0c5281b533fe6e35129362572a0912,"{""distance"":5,""physical_error_rate"":0.0002}","{""detection_events"":117797,""detectors_checked"":144048128}"
    220160,         0,         0,    16.7,standalone_exact_mw,7a8ab0d03b7ead21ed40b3e2556c734d992a86585a3d666abe35fd996793b7e5,"{""distance"":5,""physical_error_rate"":0.0005}","{""detection_events"":101787,""detectors_checked"":49315840}"
    131072,         0,         0,    16.8,standalone_exact_mw,7a8ab0d03b7ead21ed40b3e2556c734d992a86585a3d666abe35fd996793b7e5,"{""distance"":5,""physical_error_rate"":0.0005}","{""detection_events"":59707,""detectors_checked"":29360128}"
   8483840,         2,         0,   119.6,standalone_exact_mw,000a12f67b6d2f9febee6f900216609acb0c5281b533fe6e35129362572a0912,"{""distance"":5,""physical_error_rate"":0.0002}","{""detection_events"":1560037,""detectors_checked"":1900380160,""obs_mistake_mask=E"":2}"
   4753408,        12,         0,   119.8,standalone_exact_mw,7a8ab0d03b7ead21ed40b3e2556c734d992a86585a3d666abe35fd996793b7e5,"{""distance"":5,""physical_error_rate"":0.0005}","{""detection_events"":2179065,""detectors_checked"":1064763392,""obs_mistake_mask=E"":12}"
   1082368,         1,         0,   119.5,standalone_exact_mw,7a8ab0d03b7ead21ed40b3e2556c734d992a86585a3d666abe35fd996793b7e5,"{""distance"":5,""physical_error_rate"":0.0005}","{""detection_events"":496747,""detectors_checked"":242450432,""obs_mistake_mask=E"":1}"
  10450787,         4,         0,   112.6,standalone_exact_mw,82025e6510dee7191a337377ca233259ac8dbd3ccaf9455e916f723ab2066810,"{""distance"":5,""physical_error_rate"":0.0001}","{""detection_events"":959753,""detectors_checked"":2340976288,""obs_mistake_mask=E"":4}"
  10151936,         4,         0,   106.9,standalone_exact_mw,82025e6510dee7191a337377ca233259ac8dbd3ccaf9455e916f723ab2066810,"{""distance"":5,""physical_error_rate"":0.0001}","{""detection_events"":933392,""detectors_checked"":2274033664,""obs_mistake_mask=E"":4}"
   1644544,         1,         0,    22.9,standalone_exact_mw,000a12f67b6d2f9febee6f900216609acb0c5281b533fe6e35129362572a0912,"{""distance"":5,""physical_error_rate"":0.0002}","{""detection_events"":300504,""detectors_checked"":368377856,""obs_mistake_mask=E"":1}"
   1945600,         0,         0,    22.9,standalone_exact_mw,82025e6510dee7191a337377ca233259ac8dbd3ccaf9455e916f723ab2066810,"{""distance"":5,""physical_error_rate"":0.0001}","{""detection_events"":179748,""detectors_checked"":435814400}"
   2251776,         0,         0,    22.9,standalone_exact_mw,82025e6510dee7191a337377ca233259ac8dbd3ccaf9455e916f723ab2066810,"{""distance"":5,""physical_error_rate"":0.0001}","{""detection_events"":207423,""detectors_checked"":504397824}"
   1300480,         1,         0,    22.9,standalone_exact_mw,000a12f67b6d2f9febee6f900216609acb0c5281b533fe6e35129362572a0912,"{""distance"":5,""physical_error_rate"":0.0002}","{""detection_events"":239409,""detectors_checked"":291307520,""obs_mistake_mask=E"":1}"
    845824,         2,         0,    22.9,standalone_exact_mw,7a8ab0d03b7ead21ed40b3e2556c734d992a86585a3d666abe35fd996793b7e5,"{""distance"":5,""physical_error_rate"":0.0005}","{""detection_events"":386795,""detectors_checked"":189464576,""obs_mistake_mask=E"":2}"
   1524736,         0,         0,    22.9,standalone_exact_mw,82025e6510dee7191a337377ca233259ac8dbd3ccaf9455e916f723ab2066810,"{""distance"":5,""physical_error_rate"":0.0001}","{""detection_events"":140076,""detectors_checked"":341540864}"
   1651712,         0,         0,    22.9,standalone_exact_mw,000a12f67b6d2f9febee6f900216609acb0c5281b533fe6e35129362572a0912,"{""distance"":5,""physical_error_rate"":0.0002}","{""detection_events"":302387,""detectors_checked"":369983488}"
    934912,         3,         0,    22.9,standalone_exact_mw,7a8ab0d03b7ead21ed40b3e2556c734d992a86585a3d666abe35fd996793b7e5,"{""distance"":5,""physical_error_rate"":0.0005}","{""detection_events"":430999,""detectors_checked"":209420288,""obs_mistake_mask=E"":3}"
    248832,         0,         0,    23.0,standalone_exact_mw,82025e6510dee7191a337377ca233259ac8dbd3ccaf9455e916f723ab2066810,"{""distance"":5,""physical_error_rate"":0.0001}","{""detection_events"":23296,""detectors_checked"":55738368}"
    865280,         0,         0,    22.9,standalone_exact_mw,000a12f67b6d2f9febee6f900216609acb0c5281b533fe6e35129362572a0912,"{""distance"":5,""physical_error_rate"":0.0002}","{""detection_events"":159206,""detectors_checked"":193822720}"
     67584,         0,         0,    23.0,standalone_exact_mw,7a8ab0d03b7ead21ed40b3e2556c734d992a86585a3d666abe35fd996793b7e5,"{""distance"":5,""physical_error_rate"":0.0005}","{""detection_events"":31078,""detectors_checked"":15138816}"
     65536,         0,         0,    23.5,standalone_exact_mw,7a8ab0d03b7ead21ed40b3e2556c734d992a86585a3d666abe35fd996793b7e5,"{""distance"":5,""physical_error_rate"":0.0005}","{""detection_events"":29233,""detectors_checked"":14680064}"
    666624,         1,         0,   119.5,standalone_exact_mw,000a12f67b6d2f9febee6f900216609acb0c5281b533fe6e35129362572a0912,"{""distance"":5,""physical_error_rate"":0.0002}","{""detection_events"":122711,""detectors_checked"":149323776,""obs_mistake_mask=E"":1}"
    360448,         4,         0,   119.6,standalone_exact_mw,7a8ab0d03b7ead21ed40b3e2556c734d992a86585a3d666abe35fd996793b7e5,"{""distance"":5,""physical_error_rate"":0.0005}","{""detection_events"":164932,""detectors_checked"":80740352,""obs_mistake_mask=E"":4}"
   8764973,         0,         0,    93.4,standalone_exact_mw,82025e6510dee7191a337377ca233259ac8dbd3ccaf9455e916f723ab2066810,"{""distance"":5,""physical_error_rate"":0.0001}","{""detection_events"":805779,""detectors_checked"":1963353952}"
   8729600,         0,         0,    93.4,standalone_exact_mw,82025e6510dee7191a337377ca233259ac8dbd3ccaf9455e916f723ab2066810,"{""distance"":5,""physical_error_rate"":0.0001}","{""detection_events"":802774,""detectors_checked"":1955430400}"
   3476480,         0,         0,   119.6,standalone_exact_mw,000a12f67b6d2f9febee6f900216609acb0c5281b533fe6e35129362572a0912,"{""distance"":5,""physical_error_rate"":0.0002}","{""detection_events"":640838,""detectors_checked"":778731520}"
    393216,         2,         0,   119.9,standalone_exact_mw,7a8ab0d03b7ead21ed40b3e2556c734d992a86585a3d666abe35fd996793b7e5,"{""distance"":5,""physical_error_rate"":0.0005}","{""detection_events"":180833,""detectors_checked"":88080384,""obs_mistake_mask=E"":2}"
   2148352,         1,         0,    32.1,standalone_exact_mw,000a12f67b6d2f9febee6f900216609acb0c5281b533fe6e35129362572a0912,"{""distance"":5,""physical_error_rate"":0.0002}","{""detection_events"":394450,""detectors_checked"":481230848,""obs_mistake_mask=E"":1}"
   3164160,         0,         0,    32.1,standalone_exact_mw,82025e6510dee7191a337377ca233259ac8dbd3ccaf9455e916f723ab2066810,"{""distance"":5,""physical_error_rate"":0.0001}","{""detection_events"":291174,""detectors_checked"":708771840}"
   3119104,         0,         0,    32.1,standalone_exact_mw,82025e6510dee7191a337377ca233259ac8dbd3ccaf9455e916f723ab2066810,"{""distance"":5,""physical_error_rate"":0.0001}","{""detection_events"":286660,""detectors_checked"":698679296}"
   2343936,         0,         0,    32.1,standalone_exact_mw,000a12f67b6d2f9febee6f900216609acb0c5281b533fe6e35129362572a0912,"{""distance"":5,""physical_error_rate"":0.0002}","{""detection_events"":432011,""detectors_checked"":525041664}"
   1271808,         4,         0,    32.1,standalone_exact_mw,7a8ab0d03b7ead21ed40b3e2556c734d992a86585a3d666abe35fd996793b7e5,"{""distance"":5,""physical_error_rate"":0.0005}","{""detection_events"":583818,""detectors_checked"":284884992,""obs_mistake_mask=E"":4}"
   2814976,         0,         0,    32.0,standalone_exact_mw,82025e6510dee7191a337377ca233259ac8dbd3ccaf9455e916f723ab2066810,"{""distance"":5,""physical_error_rate"":0.0001}","{""detection_events"":259467,""detectors_checked"":630554624}"
   2370560,         2,         0,    32.1,standalone_exact_mw,000a12f67b6d2f9febee6f900216609acb0c5281b533fe6e35129362572a0912,"{""distance"":5,""physical_error_rate"":0.0002}","{""detection_events"":437738,""detectors_checked"":531005440,""obs_mistake_mask=E"":2}"
   1250304,         3,         0,    32.1,standalone_exact_mw,7a8ab0d03b7ead21ed40b3e2556c734d992a86585a3d666abe35fd996793b7e5,"{""distance"":5,""physical_error_rate"":0.0005}","{""detection_events"":572691,""detectors_checked"":280068096,""obs_mistake_mask=E"":3}"
   1075200,         0,         0,    32.0,standalone_exact_mw,82025e6510dee7191a337377ca233259ac8dbd3ccaf9455e916f723ab2066810,"{""distance"":5,""physical_error_rate"":0.0001}","{""detection_events"":98028,""detectors_checked"":240844800}"
    736256,         1,         0,    32.0,standalone_exact_mw,000a12f67b6d2f9febee6f900216609acb0c5281b533fe6e35129362572a0912,"{""distance"":5,""physical_error_rate"":0.0002}","{""detection_events"":136073,""detectors_checked"":164921344,""obs_mistake_mask=E"":1}"
     80896,         1,         0,    32.1,standalone_exact_mw,7a8ab0d03b7ead21ed40b3e2556c734d992a86585a3d666abe35fd996793b7e5,"{""distance"":5,""physical_error_rate"":0.0005}","{""detection_events"":37305,""detectors_checked"":18120704,""obs_mistake_mask=E"":1}"
   7209482,         0,         0,    79.9,standalone_exact_mw,82025e6510dee7191a337377ca233259ac8dbd3ccaf9455e916f723ab2066810,"{""distance"":5,""physical_error_rate"":0.0001}","{""detection_events"":663992,""detectors_checked"":1614923968}"
   5852160,         0,         0,    64.8,standalone_exact_mw,82025e6510dee7191a337377ca233259ac8dbd3ccaf9455e916f723ab2066810,"{""distance"":5,""physical_error_rate"":0.0001}","{""detection_events"":538989,""detectors_checked"":1310883840}"
   5715968,         2,         0,    61.5,standalone_exact_mw,82025e6510dee7191a337377ca233259ac8dbd3ccaf9455e916f723ab2066810,"{""distance"":5,""physical_error_rate"":0.0001}","{""detection_events"":523009,""detectors_checked"":1280376832,""obs_mistake_mask=E"":2}"
    453632,         0,         0,    32.3,standalone_exact_mw,7a8ab0d03b7ead21ed40b3e2556c734d992a86585a3d666abe35fd996793b7e5,"{""distance"":5,""physical_error_rate"":0.0005}","{""detection_events"":208934,""detectors_checked"":101613568}"
   7813120,         5,         0,   119.6,standalone_exact_mw,000a12f67b6d2f9febee6f900216609acb0c5281b533fe6e35129362572a0912,"{""distance"":5,""physical_error_rate"":0.0002}","{""detection_events"":1435438,""detectors_checked"":1750138880,""obs_mistake_mask=E"":5}"
   5577450,         0,         0,    67.6,standalone_exact_mw,82025e6510dee7191a337377ca233259ac8dbd3ccaf9455e916f723ab2066810,"{""distance"":5,""physical_error_rate"":0.0001}","{""detection_events"":514534,""detectors_checked"":1249348800}"
   4885504,        21,         0,   119.8,standalone_exact_mw,7a8ab0d03b7ead21ed40b3e2556c734d992a86585a3d666abe35fd996793b7e5,"{""distance"":5,""physical_error_rate"":0.0005}","{""detection_events"":2240254,""detectors_checked"":1094352896,""obs_mistake_mask=E"":21}"
   1903616,         1,         0,   119.4,standalone_exact_mw,000a12f67b6d2f9febee6f900216609acb0c5281b533fe6e35129362572a0912,"{""distance"":5,""physical_error_rate"":0.0002}","{""detection_events"":350137,""detectors_checked"":426409984,""obs_mistake_mask=E"":1}"
   3902464,         0,         0,   119.7,standalone_exact_mw,82025e6510dee7191a337377ca233259ac8dbd3ccaf9455e916f723ab2066810,"{""distance"":5,""physical_error_rate"":0.0001}","{""detection_events"":360054,""detectors_checked"":874151936}"
    506880,         3,         0,   119.7,standalone_exact_mw,7a8ab0d03b7ead21ed40b3e2556c734d992a86585a3d666abe35fd996793b7e5,"{""distance"":5,""physical_error_rate"":0.0005}","{""detection_events"":231923,""detectors_checked"":113541120,""obs_mistake_mask=E"":3}"
   3841024,         2,         0,   119.7,standalone_exact_mw,000a12f67b6d2f9febee6f900216609acb0c5281b533fe6e35129362572a0912,"{""distance"":5,""physical_error_rate"":0.0002}","{""detection_events"":705411,""detectors_checked"":860389376,""obs_mistake_mask=E"":2}"
   2207744,         6,         0,   119.7,standalone_exact_mw,7a8ab0d03b7ead21ed40b3e2556c734d992a86585a3d666abe35fd996793b7e5,"{""distance"":5,""physical_error_rate"":0.0005}","{""detection_events"":1012715,""detectors_checked"":494534656,""obs_mistake_mask=E"":6}"
   4505851,         1,         0,    46.4,standalone_exact_mw,82025e6510dee7191a337377ca233259ac8dbd3ccaf9455e916f723ab2066810,"{""distance"":5,""physical_error_rate"":0.0001}","{""detection_events"":413517,""detectors_checked"":1009310624,""obs_mistake_mask=E"":1}"
   4489216,         0,         0,    46.2,standalone_exact_mw,82025e6510dee7191a337377ca233259ac8dbd3ccaf9455e916f723ab2066810,"{""distance"":5,""physical_error_rate"":0.0001}","{""detection_events"":413557,""detectors_checked"":1005584384}"
   1790976,         0,         0,   119.0,standalone_exact_mw,000a12f67b6d2f9febee6f900216609acb0c5281b533fe6e35129362572a0912,"{""distance"":5,""physical_error_rate"":0.0002}","{""detection_events"":327654,""detectors_checked"":401178624}"
    619520,         0,         0,   120.2,standalone_exact_mw,7a8ab0d03b7ead21ed40b3e2556c734d992a86585a3d666abe35fd996793b7e5,"{""distance"":5,""physical_error_rate"":0.0005}","{""detection_events"":282998,""detectors_checked"":138772480}"
   3980331,         1,         0,    81.0,standalone_exact_mw,82025e6510dee7191a337377ca233259ac8dbd3ccaf9455e916f723ab2066810,"{""distance"":5,""physical_error_rate"":0.0001}","{""detection_events"":365137,""detectors_checked"":891594144,""obs_mistake_mask=E"":1}"
   3912704,         1,         0,    39.0,standalone_exact_mw,82025e6510dee7191a337377ca233259ac8dbd3ccaf9455e916f723ab2066810,"{""distance"":5,""physical_error_rate"":0.0001}","{""detection_events"":360349,""detectors_checked"":876445696,""obs_mistake_mask=E"":1}"
   3642368,         0,         0,    39.1,standalone_exact_mw,82025e6510dee7191a337377ca233259ac8dbd3ccaf9455e916f723ab2066810,"{""distance"":5,""physical_error_rate"":0.0001}","{""detection_events"":334435,""detectors_checked"":815890432}"
   3450985,         1,         0,    35.2,standalone_exact_mw,82025e6510dee7191a337377ca233259ac8dbd3ccaf9455e916f723ab2066810,"{""distance"":5,""physical_error_rate"":0.0001}","{""detection_events"":316860,""detectors_checked"":773020640,""obs_mistake_mask=E"":1}"
   3031040,         0,         0,    35.2,standalone_exact_mw,82025e6510dee7191a337377ca233259ac8dbd3ccaf9455e916f723ab2066810,"{""distance"":5,""physical_error_rate"":0.0001}","{""detection_events"":279348,""detectors_checked"":678952960}"
   2882560,         0,         0,    33.3,standalone_exact_mw,82025e6510dee7191a337377ca233259ac8dbd3ccaf9455e916f723ab2066810,"{""distance"":5,""physical_error_rate"":0.0001}","{""detection_events"":264337,""detectors_checked"":645693440}"
   3273728,         0,         0,    35.3,standalone_exact_mw,82025e6510dee7191a337377ca233259ac8dbd3ccaf9455e916f723ab2066810,"{""distance"":5,""physical_error_rate"":0.0001}","{""detection_events"":301883,""detectors_checked"":733315072}"
   3101696,         0,         0,    33.2,standalone_exact_mw,82025e6510dee7191a337377ca233259ac8dbd3ccaf9455e916f723ab2066810,"{""distance"":5,""physical_error_rate"":0.0001}","{""detection_events"":285929,""detectors_checked"":694779904}"
   2982912,         1,         0,    33.2,standalone_exact_mw,82025e6510dee7191a337377ca233259ac8dbd3ccaf9455e916f723ab2066810,"{""distance"":5,""physical_error_rate"":0.0001}","{""detection_events"":273823,""detectors_checked"":668172288,""obs_mistake_mask=E"":1}"
   2763106,         0,         0,    27.9,standalone_exact_mw,82025e6510dee7191a337377ca233259ac8dbd3ccaf9455e916f723ab2066810,"{""distance"":5,""physical_error_rate"":0.0001}","{""detection_events"":253583,""detectors_checked"":618935744}"
   2252800,         0,         0,    23.2,standalone_exact_mw,82025e6510dee7191a337377ca233259ac8dbd3ccaf9455e916f723ab2066810,"{""distance"":5,""physical_error_rate"":0.0001}","{""detection_events"":207460,""detectors_checked"":504627200}"
   2116608,         0,         0,    23.4,standalone_exact_mw,82025e6510dee7191a337377ca233259ac8dbd3ccaf9455e916f723ab2066810,"{""distance"":5,""physical_error_rate"":0.0001}","{""detection_events"":194177,""detectors_checked"":474120192}"
   1635916,         0,         0,    17.0,standalone_exact_mw,82025e6510dee7191a337377ca233259ac8dbd3ccaf9455e916f723ab2066810,"{""distance"":5,""physical_error_rate"":0.0001}","{""detection_events"":150134,""detectors_checked"":366445184}"
   1614848,         0,         0,    17.0,standalone_exact_mw,82025e6510dee7191a337377ca233259ac8dbd3ccaf9455e916f723ab2066810,"{""distance"":5,""physical_error_rate"":0.0001}","{""detection_events"":148676,""detectors_checked"":361725952}"
   3232768,         0,         0,    44.9,standalone_exact_mw,000a12f67b6d2f9febee6f900216609acb0c5281b533fe6e35129362572a0912,"{""distance"":5,""physical_error_rate"":0.0002}","{""detection_events"":594265,""detectors_checked"":724140032}"
   3267584,         3,         0,    44.9,standalone_exact_mw,000a12f67b6d2f9febee6f900216609acb0c5281b533fe6e35129362572a0912,"{""distance"":5,""physical_error_rate"":0.0002}","{""detection_events"":600203,""detectors_checked"":731938816,""obs_mistake_mask=E"":3}"
   1748992,         2,         0,    44.9,standalone_exact_mw,7a8ab0d03b7ead21ed40b3e2556c734d992a86585a3d666abe35fd996793b7e5,"{""distance"":5,""physical_error_rate"":0.0005}","{""detection_events"":804066,""detectors_checked"":391774208,""obs_mistake_mask=E"":2}"
   3050496,         1,         0,    44.9,standalone_exact_mw,000a12f67b6d2f9febee6f900216609acb0c5281b533fe6e35129362572a0912,"{""distance"":5,""physical_error_rate"":0.0002}","{""detection_events"":559904,""detectors_checked"":683311104,""obs_mistake_mask=E"":1}"
   1828864,         5,         0,    44.9,standalone_exact_mw,7a8ab0d03b7ead21ed40b3e2556c734d992a86585a3d666abe35fd996793b7e5,"{""distance"":5,""physical_error_rate"":0.0005}","{""detection_events"":837653,""detectors_checked"":409665536,""obs_mistake_mask=E"":5}"
   1203200,         0,         0,    44.8,standalone_exact_mw,000a12f67b6d2f9febee6f900216609acb0c5281b533fe6e35129362572a0912,"{""distance"":5,""physical_error_rate"":0.0002}","{""detection_events"":221710,""detectors_checked"":269516800}"
    854016,         0,         0,    45.0,standalone_exact_mw,82025e6510dee7191a337377ca233259ac8dbd3ccaf9455e916f723ab2066810,"{""distance"":5,""physical_error_rate"":0.0001}","{""detection_events"":77864,""detectors_checked"":191299584}"
   1091097,         0,         0,    11.3,standalone_exact_mw,82025e6510dee7191a337377ca233259ac8dbd3ccaf9455e916f723ab2066810,"{""distance"":5,""physical_error_rate"":0.0001}","{""detection_events"":100389,""detectors_checked"":244405728}"
   1059840,         0,         0,    11.4,standalone_exact_mw,82025e6510dee7191a337377ca233259ac8dbd3ccaf9455e916f723ab2066810,"{""distance"":5,""physical_error_rate"":0.0001}","{""detection_events"":97480,""detectors_checked"":237404160}"
   1126400,         0,         0,    11.4,standalone_exact_mw,82025e6510dee7191a337377ca233259ac8dbd3ccaf9455e916f723ab2066810,"{""distance"":5,""physical_error_rate"":0.0001}","{""detection_events"":103068,""detectors_checked"":252313600}"
   1079296,         0,         0,    10.8,standalone_exact_mw,82025e6510dee7191a337377ca233259ac8dbd3ccaf9455e916f723ab2066810,"{""distance"":5,""physical_error_rate"":0.0001}","{""detection_events"":99910,""detectors_checked"":241762304}"
   1083392,         0,         0,    10.8,standalone_exact_mw,82025e6510dee7191a337377ca233259ac8dbd3ccaf9455e916f723ab2066810,"{""distance"":5,""physical_error_rate"":0.0001}","{""detection_events"":99550,""detectors_checked"":242679808}"
    907264,         0,         0,    11.3,standalone_exact_mw,82025e6510dee7191a337377ca233259ac8dbd3ccaf9455e916f723ab2066810,"{""distance"":5,""physical_error_rate"":0.0001}","{""detection_events"":84263,""detectors_checked"":203227136}"
    928768,         0,         0,    9.25,standalone_exact_mw,82025e6510dee7191a337377ca233259ac8dbd3ccaf9455e916f723ab2066810,"{""distance"":5,""physical_error_rate"":0.0001}","{""detection_events"":85440,""detectors_checked"":208044032}"
   1038086,         0,         0,    10.8,standalone_exact_mw,82025e6510dee7191a337377ca233259ac8dbd3ccaf9455e916f723ab2066810,"{""distance"":5,""physical_error_rate"":0.0001}","{""detection_events"":95174,""detectors_checked"":232531264}"
    878592,         1,         0,    9.17,standalone_exact_mw,82025e6510dee7191a337377ca233259ac8dbd3ccaf9455e916f723ab2066810,"{""distance"":5,""physical_error_rate"":0.0001}","{""detection_events"":81300,""detectors_checked"":196804608,""obs_mistake_mask=E"":1}"
    968704,         0,         0,    11.4,standalone_exact_mw,82025e6510dee7191a337377ca233259ac8dbd3ccaf9455e916f723ab2066810,"{""distance"":5,""physical_error_rate"":0.0001}","{""detection_events"":89389,""detectors_checked"":216989696}"
    929792,         0,         0,    26.3,standalone_exact_mw,82025e6510dee7191a337377ca233259ac8dbd3ccaf9455e916f723ab2066810,"{""distance"":5,""physical_error_rate"":0.0001}","{""detection_events"":85951,""detectors_checked"":208273408}"
   1035264,         0,         0,    11.4,standalone_exact_mw,82025e6510dee7191a337377ca233259ac8dbd3ccaf9455e916f723ab2066810,"{""distance"":5,""physical_error_rate"":0.0001}","{""detection_events"":94577,""detectors_checked"":231899136}"
    988160,         0,         0,    37.6,standalone_exact_mw,82025e6510dee7191a337377ca233259ac8dbd3ccaf9455e916f723ab2066810,"{""distance"":5,""physical_error_rate"":0.0001}","{""detection_events"":90462,""detectors_checked"":221347840}"
    150528,         0,         0,    45.0,standalone_exact_mw,7a8ab0d03b7ead21ed40b3e2556c734d992a86585a3d666abe35fd996793b7e5,"{""distance"":5,""physical_error_rate"":0.0005}","{""detection_events"":68924,""detectors_checked"":33718272}"
    119808,         0,         0,    45.0,standalone_exact_mw,7a8ab0d03b7ead21ed40b3e2556c734d992a86585a3d666abe35fd996793b7e5,"{""distance"":5,""physical_error_rate"":0.0005}","{""detection_events"":55366,""detectors_checked"":26836992}"
     26388,         0,         0,   0.311,standalone_exact_mw,82025e6510dee7191a337377ca233259ac8dbd3ccaf9455e916f723ab2066810,"{""distance"":5,""physical_error_rate"":0.0001}","{""detection_events"":2287,""detectors_checked"":5910912}"
    683008,         0,         0,   103.3,standalone_exact_mw,82025e6510dee7191a337377ca233259ac8dbd3ccaf9455e916f723ab2066810,"{""distance"":5,""physical_error_rate"":0.0001}","{""detection_events"":62487,""detectors_checked"":152993792}"
    677888,         0,         0,   107.3,standalone_exact_mw,82025e6510dee7191a337377ca233259ac8dbd3ccaf9455e916f723ab2066810,"{""distance"":5,""physical_error_rate"":0.0001}","{""detection_events"":61966,""detectors_checked"":151846912}"
    118671,         0,         0,    1.26,standalone_exact_mw,82025e6510dee7191a337377ca233259ac8dbd3ccaf9455e916f723ab2066810,"{""distance"":5,""physical_error_rate"":0.0001}","{""detection_events"":10831,""detectors_checked"":26582304}"
    192491,         0,         0,    1.89,standalone_exact_mw,82025e6510dee7191a337377ca233259ac8dbd3ccaf9455e916f723ab2066810,"{""distance"":5,""physical_error_rate"":0.0001}","{""detection_events"":17482,""detectors_checked"":43117984}"
    181248,         0,         0,    1.90,standalone_exact_mw,82025e6510dee7191a337377ca233259ac8dbd3ccaf9455e916f723ab2066810,"{""distance"":5,""physical_error_rate"":0.0001}","{""detection_events"":16674,""detectors_checked"":40599552}"
    180461,         0,         0,    1.83,standalone_exact_mw,82025e6510dee7191a337377ca233259ac8dbd3ccaf9455e916f723ab2066810,"{""distance"":5,""physical_error_rate"":0.0001}","{""detection_events"":16819,""detectors_checked"":40423264}"
    180461,         0,         0,    1.90,standalone_exact_mw,82025e6510dee7191a337377ca233259ac8dbd3ccaf9455e916f723ab2066810,"{""distance"":5,""physical_error_rate"":0.0001}","{""detection_events"":16567,""detectors_checked"":40423264}"
    180461,         0,         0,    1.91,standalone_exact_mw,82025e6510dee7191a337377ca233259ac8dbd3ccaf9455e916f723ab2066810,"{""distance"":5,""physical_error_rate"":0.0001}","{""detection_events"":16460,""detectors_checked"":40423264}"
    180461,         0,         0,    2.00,standalone_exact_mw,82025e6510dee7191a337377ca233259ac8dbd3ccaf9455e916f723ab2066810,"{""distance"":5,""physical_error_rate"":0.0001}","{""detection_events"":16610,""detectors_checked"":40423264}"
    171008,         0,         0,    2.03,standalone_exact_mw,82025e6510dee7191a337377ca233259ac8dbd3ccaf9455e916f723ab2066810,"{""distance"":5,""physical_error_rate"":0.0001}","{""detection_events"":15255,""detectors_checked"":38305792}"
    146575,         0,         0,    2.52,standalone_exact_mw,82025e6510dee7191a337377ca233259ac8dbd3ccaf9455e916f723ab2066810,"{""distance"":5,""physical_error_rate"":0.0001}","{""detection_events"":13419,""detectors_checked"":32832800}"
    131072,         0,         0,    2.53,standalone_exact_mw,82025e6510dee7191a337377ca233259ac8dbd3ccaf9455e916f723ab2066810,"{""distance"":5,""physical_error_rate"":0.0001}","{""detection_events"":11823,""detectors_checked"":29360128}"
    153600,         0,         0,    2.16,standalone_exact_mw,82025e6510dee7191a337377ca233259ac8dbd3ccaf9455e916f723ab2066810,"{""distance"":5,""physical_error_rate"":0.0001}","{""detection_events"":14049,""detectors_checked"":34406400}"
    132096,         0,         0,    2.52,standalone_exact_mw,82025e6510dee7191a337377ca233259ac8dbd3ccaf9455e916f723ab2066810,"{""distance"":5,""physical_error_rate"":0.0001}","{""detection_events"":12387,""detectors_checked"":29589504}"
    135168,         0,         0,    2.52,standalone_exact_mw,82025e6510dee7191a337377ca233259ac8dbd3ccaf9455e916f723ab2066810,"{""distance"":5,""physical_error_rate"":0.0001}","{""detection_events"":12595,""detectors_checked"":30277632}"
    112640,         0,         0,    1.35,standalone_exact_mw,82025e6510dee7191a337377ca233259ac8dbd3ccaf9455e916f723ab2066810,"{""distance"":5,""physical_error_rate"":0.0001}","{""detection_events"":10382,""detectors_checked"":25231360}"
     58697,         0,         0,   0.665,standalone_exact_mw,82025e6510dee7191a337377ca233259ac8dbd3ccaf9455e916f723ab2066810,"{""distance"":5,""physical_error_rate"":0.0001}","{""detection_events"":5381,""detectors_checked"":13148128}"
     63488,         0,         0,    4.02,standalone_exact_mw,82025e6510dee7191a337377ca233259ac8dbd3ccaf9455e916f723ab2066810,"{""distance"":5,""physical_error_rate"":0.0001}","{""detection_events"":5770,""detectors_checked"":14221312}"
     61440,         0,         0,   0.670,standalone_exact_mw,82025e6510dee7191a337377ca233259ac8dbd3ccaf9455e916f723ab2066810,"{""distance"":5,""physical_error_rate"":0.0001}","{""detection_events"":5803,""detectors_checked"":13762560}"
      8632,         0,         0,   0.144,standalone_exact_mw,82025e6510dee7191a337377ca233259ac8dbd3ccaf9455e916f723ab2066810,"{""distance"":5,""physical_error_rate"":0.0001}","{""detection_events"":733,""detectors_checked"":1933568}"
     53248,         0,         0,   0.830,standalone_exact_mw,82025e6510dee7191a337377ca233259ac8dbd3ccaf9455e916f723ab2066810,"{""distance"":5,""physical_error_rate"":0.0001}","{""detection_events"":4840,""detectors_checked"":11927552}"
     73728,         0,         0,   0.831,standalone_exact_mw,82025e6510dee7191a337377ca233259ac8dbd3ccaf9455e916f723ab2066810,"{""distance"":5,""physical_error_rate"":0.0001}","{""detection_events"":6837,""detectors_checked"":16515072}"
     50616,         0,         0,   0.975,standalone_exact_mw,82025e6510dee7191a337377ca233259ac8dbd3ccaf9455e916f723ab2066810,"{""distance"":5,""physical_error_rate"":0.0001}","{""detection_events"":4685,""detectors_checked"":11337984}"
     39936,         0,         0,   0.739,standalone_exact_mw,82025e6510dee7191a337377ca233259ac8dbd3ccaf9455e916f723ab2066810,"{""distance"":5,""physical_error_rate"":0.0001}","{""detection_events"":3786,""detectors_checked"":8945664}"
     47104,         0,         0,   0.856,standalone_exact_mw,82025e6510dee7191a337377ca233259ac8dbd3ccaf9455e916f723ab2066810,"{""distance"":5,""physical_error_rate"":0.0001}","{""detection_events"":4338,""detectors_checked"":10551296}"
     39517,         0,         0,   0.381,standalone_exact_mw,82025e6510dee7191a337377ca233259ac8dbd3ccaf9455e916f723ab2066810,"{""distance"":5,""physical_error_rate"":0.0001}","{""detection_events"":3618,""detectors_checked"":8851808}"
     34536,         0,         0,   0.371,standalone_exact_mw,82025e6510dee7191a337377ca233259ac8dbd3ccaf9455e916f723ab2066810,"{""distance"":5,""physical_error_rate"":0.0001}","{""detection_events"":3181,""detectors_checked"":7736064}"
     13582,         0,         0,   0.232,standalone_exact_mw,82025e6510dee7191a337377ca233259ac8dbd3ccaf9455e916f723ab2066810,"{""distance"":5,""physical_error_rate"":0.0001}","{""detection_events"":1312,""detectors_checked"":3042368}"
     31607,         0,         0,   0.281,standalone_exact_mw,82025e6510dee7191a337377ca233259ac8dbd3ccaf9455e916f723ab2066810,"{""distance"":5,""physical_error_rate"":0.0001}","{""detection_events"":2768,""detectors_checked"":7079968}"
     23049,         0,         0,   0.478,standalone_exact_mw,82025e6510dee7191a337377ca233259ac8dbd3ccaf9455e916f723ab2066810,"{""distance"":5,""physical_error_rate"":0.0001}","{""detection_events"":2129,""detectors_checked"":5162976}"
     29448,         0,         0,   0.482,standalone_exact_mw,82025e6510dee7191a337377ca233259ac8dbd3ccaf9455e916f723ab2066810,"{""distance"":5,""physical_error_rate"":0.0001}","{""detection_events"":2688,""detectors_checked"":6596352}"
     27648,         0,         0,   0.319,standalone_exact_mw,82025e6510dee7191a337377ca233259ac8dbd3ccaf9455e916f723ab2066810,"{""distance"":5,""physical_error_rate"":0.0001}","{""detection_events"":2397,""detectors_checked"":6193152}"
     26624,         0,         0,   0.495,standalone_exact_mw,82025e6510dee7191a337377ca233259ac8dbd3ccaf9455e916f723ab2066810,"{""distance"":5,""physical_error_rate"":0.0001}","{""detection_events"":2459,""detectors_checked"":5963776}"
     29696,         0,         0,   0.510,standalone_exact_mw,82025e6510dee7191a337377ca233259ac8dbd3ccaf9455e916f723ab2066810,"{""distance"":5,""physical_error_rate"":0.0001}","{""detection_events"":2532,""detectors_checked"":6651904}"
     27648,         0,         0,   0.510,standalone_exact_mw,82025e6510dee7191a337377ca233259ac8dbd3ccaf9455e916f723ab2066810,"{""distance"":5,""physical_error_rate"":0.0001}","{""detection_events"":2533,""detectors_checked"":6193152}"
     20480,         0,         0,   0.351,standalone_exact_mw,82025e6510dee7191a337377ca233259ac8dbd3ccaf9455e916f723ab2066810,"{""distance"":5,""physical_error_rate"":0.0001}","{""detection_events"":1933,""detectors_checked"":4587520}"
     26624,         0,         0,   0.545,standalone_exact_mw,82025e6510dee7191a337377ca233259ac8dbd3ccaf9455e916f723ab2066810,"{""distance"":5,""physical_error_rate"":0.0001}","{""detection_events"":2418,""detectors_checked"":5963776}"
     16384,         0,         0,   0.168,standalone_exact_mw,82025e6510dee7191a337377ca233259ac8dbd3ccaf9455e916f723ab2066810,"{""distance"":5,""physical_error_rate"":0.0001}","{""detection_events"":1433,""detectors_checked"":3670016}"
      2688,         0,         0,   0.041,standalone_exact_mw,82025e6510dee7191a337377ca233259ac8dbd3ccaf9455e916f723ab2066810,"{""distance"":5,""physical_error_rate"":0.0001}","{""detection_events"":253,""detectors_checked"":602112}"
     19951,         0,         0,   0.356,standalone_exact_mw,82025e6510dee7191a337377ca233259ac8dbd3ccaf9455e916f723ab2066810,"{""distance"":5,""physical_error_rate"":0.0001}","{""detection_events"":1895,""detectors_checked"":4469024}"
     21504,         0,         0,   0.407,standalone_exact_mw,82025e6510dee7191a337377ca233259ac8dbd3ccaf9455e916f723ab2066810,"{""distance"":5,""physical_error_rate"":0.0001}","{""detection_events"":2082,""detectors_checked"":4816896}"
      1711,         0,         0,   0.018,standalone_exact_mw,82025e6510dee7191a337377ca233259ac8dbd3ccaf9455e916f723ab2066810,"{""distance"":5,""physical_error_rate"":0.0001}","{""detection_events"":117,""detectors_checked"":383264}"
      4094,         0,         0,   0.062,standalone_exact_mw,82025e6510dee7191a337377ca233259ac8dbd3ccaf9455e916f723ab2066810,"{""distance"":5,""physical_error_rate"":0.0001}","{""detection_events"":400,""detectors_checked"":917056}"
       111,         0,         0,   0.002,standalone_exact_mw,82025e6510dee7191a337377ca233259ac8dbd3ccaf9455e916f723ab2066810,"{""distance"":5,""physical_error_rate"":0.0001}","{""detection_events"":12,""detectors_checked"":24864}"
      4983,         0,         0,   0.088,standalone_exact_mw,82025e6510dee7191a337377ca233259ac8dbd3ccaf9455e916f723ab2066810,"{""distance"":5,""physical_error_rate"":0.0001}","{""detection_events"":479,""detectors_checked"":1116192}"
     22528,         0,         0,    2.83,standalone_exact_mw,82025e6510dee7191a337377ca233259ac8dbd3ccaf9455e916f723ab2066810,"{""distance"":5,""physical_error_rate"":0.0001}","{""detection_events"":2095,""detectors_checked"":5046272}"
     25184,         0,         0,    2.81,standalone_exact_mw,82025e6510dee7191a337377ca233259ac8dbd3ccaf9455e916f723ab2066810,"{""distance"":5,""physical_error_rate"":0.0001}","{""detection_events"":2185,""detectors_checked"":5641216}"
      1192,         0,         0,   0.012,standalone_exact_mw,82025e6510dee7191a337377ca233259ac8dbd3ccaf9455e916f723ab2066810,"{""distance"":5,""physical_error_rate"":0.0001}","{""detection_events"":124,""detectors_checked"":267008}"
      4983,         0,         0,   0.107,standalone_exact_mw,82025e6510dee7191a337377ca233259ac8dbd3ccaf9455e916f723ab2066810,"{""distance"":5,""physical_error_rate"":0.0001}","{""detection_events"":502,""detectors_checked"":1116192}"
      5912,         0,         0,   0.093,standalone_exact_mw,82025e6510dee7191a337377ca233259ac8dbd3ccaf9455e916f723ab2066810,"{""distance"":5,""physical_error_rate"":0.0001}","{""detection_events"":548,""detectors_checked"":1324288}"
      4873,         0,         0,   0.120,standalone_exact_mw,82025e6510dee7191a337377ca233259ac8dbd3ccaf9455e916f723ab2066810,"{""distance"":5,""physical_error_rate"":0.0001}","{""detection_events"":521,""detectors_checked"":1091552}"
      9270,         0,         0,   0.125,standalone_exact_mw,82025e6510dee7191a337377ca233259ac8dbd3ccaf9455e916f723ab2066810,"{""distance"":5,""physical_error_rate"":0.0001}","{""detection_events"":817,""detectors_checked"":2076480}"
      9216,         0,         0,   0.162,standalone_exact_mw,82025e6510dee7191a337377ca233259ac8dbd3ccaf9455e916f723ab2066810,"{""distance"":5,""physical_error_rate"":0.0001}","{""detection_events"":812,""detectors_checked"":2064384}"
      4672,         0,         0,   0.075,standalone_exact_mw,82025e6510dee7191a337377ca233259ac8dbd3ccaf9455e916f723ab2066810,"{""distance"":5,""physical_error_rate"":0.0001}","{""detection_events"":409,""detectors_checked"":1046528}"
      8192,         0,         0,   0.160,standalone_exact_mw,82025e6510dee7191a337377ca233259ac8dbd3ccaf9455e916f723ab2066810,"{""distance"":5,""physical_error_rate"":0.0001}","{""detection_events"":747,""detectors_checked"":1835008}"
      4096,         0,         0,   0.063,standalone_exact_mw,82025e6510dee7191a337377ca233259ac8dbd3ccaf9455e916f723ab2066810,"{""distance"":5,""physical_error_rate"":0.0001}","{""detection_events"":422,""detectors_checked"":917504}"
        88,         0,         0,   0.001,standalone_exact_mw,82025e6510dee7191a337377ca233259ac8dbd3ccaf9455e916f723ab2066810,"{""distance"":5,""physical_error_rate"":0.0001}","{""detection_events"":15,""detectors_checked"":19712}"
       334,         0,         0,   0.005,standalone_exact_mw,82025e6510dee7191a337377ca233259ac8dbd3ccaf9455e916f723ab2066810,"{""distance"":5,""physical_error_rate"":0.0001}","{""detection_events"":31,""detectors_checked"":74816}"
      9216,         0,         0,   0.164,standalone_exact_mw,82025e6510dee7191a337377ca233259ac8dbd3ccaf9455e916f723ab2066810,"{""distance"":5,""physical_error_rate"":0.0001}","{""detection_events"":846,""detectors_checked"":2064384}"
      1574,         0,         0,   0.012,standalone_exact_mw,82025e6510dee7191a337377ca233259ac8dbd3ccaf9455e916f723ab2066810,"{""distance"":5,""physical_error_rate"":0.0001}","{""detection_events"":107,""detectors_checked"":352576}"
       317,         0,         0,   0.002,standalone_exact_mw,82025e6510dee7191a337377ca233259ac8dbd3ccaf9455e916f723ab2066810,"{""distance"":5,""physical_error_rate"":0.0001}","{""detection_events"":21,""detectors_checked"":71008}"
       446,         0,         0,   0.006,standalone_exact_mw,82025e6510dee7191a337377ca233259ac8dbd3ccaf9455e916f723ab2066810,"{""distance"":5,""physical_error_rate"":0.0001}","{""detection_events"":47,""detectors_checked"":99904}"
         3,         0,         0,   0.000,standalone_exact_mw,82025e6510dee7191a337377ca233259ac8dbd3ccaf9455e916f723ab2066810,"{""distance"":5,""physical_error_rate"":0.0001}","{""detectors_checked"":672}"
       889,         0,         0,   0.014,standalone_exact_mw,82025e6510dee7191a337377ca233259ac8dbd3ccaf9455e916f723ab2066810,"{""distance"":5,""physical_error_rate"":0.0001}","{""detection_events"":64,""detectors_checked"":199136}"
       242,         0,         0,   0.003,standalone_exact_mw,82025e6510dee7191a337377ca233259ac8dbd3ccaf9455e916f723ab2066810,"{""distance"":5,""physical_error_rate"":0.0001}","{""detection_events"":26,""detectors_checked"":54208}"
      4338,         0,         0,   0.086,standalone_exact_mw,82025e6510dee7191a337377ca233259ac8dbd3ccaf9455e916f723ab2066810,"{""distance"":5,""physical_error_rate"":0.0001}","{""detection_events"":346,""detectors_checked"":971712}"
        61,         0,         0,   0.001,standalone_exact_mw,82025e6510dee7191a337377ca233259ac8dbd3ccaf9455e916f723ab2066810,"{""distance"":5,""physical_error_rate"":0.0001}","{""detection_events"":4,""detectors_checked"":13664}"
       283,         0,         0,   0.002,standalone_exact_mw,82025e6510dee7191a337377ca233259ac8dbd3ccaf9455e916f723ab2066810,"{""distance"":5,""physical_error_rate"":0.0001}","{""detection_events"":14,""detectors_checked"":63392}"
      5977,         0,         0,   0.096,standalone_exact_mw,82025e6510dee7191a337377ca233259ac8dbd3ccaf9455e916f723ab2066810,"{""distance"":5,""physical_error_rate"":0.0001}","{""detection_events"":472,""detectors_checked"":1338848}"
      1341,         0,         0,   0.012,standalone_exact_mw,82025e6510dee7191a337377ca233259ac8dbd3ccaf9455e916f723ab2066810,"{""distance"":5,""physical_error_rate"":0.0001}","{""detection_events"":134,""detectors_checked"":300384}"
       334,         0,         0,   0.002,standalone_exact_mw,82025e6510dee7191a337377ca233259ac8dbd3ccaf9455e916f723ab2066810,"{""distance"":5,""physical_error_rate"":0.0001}","{""detection_events"":19,""detectors_checked"":74816}"
      2696,         0,         0,   0.033,standalone_exact_mw,82025e6510dee7191a337377ca233259ac8dbd3ccaf9455e916f723ab2066810,"{""distance"":5,""physical_error_rate"":0.0001}","{""detection_events"":233,""detectors_checked"":603904}"
      2675,         0,         0,   0.036,standalone_exact_mw,82025e6510dee7191a337377ca233259ac8dbd3ccaf9455e916f723ab2066810,"{""distance"":5,""physical_error_rate"":0.0001}","{""detection_events"":255,""detectors_checked"":599200}"
       183,         0,         0,   0.001,standalone_exact_mw,82025e6510dee7191a337377ca233259ac8dbd3ccaf9455e916f723ab2066810,"{""distance"":5,""physical_error_rate"":0.0001}","{""detection_events"":10,""detectors_checked"":40992}"
      2048,         0,         0,   0.036,standalone_exact_mw,82025e6510dee7191a337377ca233259ac8dbd3ccaf9455e916f723ab2066810,"{""distance"":5,""physical_error_rate"":0.0001}","{""detection_events"":194,""detectors_checked"":458752}"
        21,         0,         0,   0.000,standalone_exact_mw,82025e6510dee7191a337377ca233259ac8dbd3ccaf9455e916f723ab2066810,"{""distance"":5,""physical_error_rate"":0.0001}","{""detection_events"":3,""detectors_checked"":4704}"
       576,         0,         0,   0.025,standalone_exact_mw,82025e6510dee7191a337377ca233259ac8dbd3ccaf9455e916f723ab2066810,"{""distance"":5,""physical_error_rate"":0.0001}","{""detection_events"":41,""detectors_checked"":129024}"
      1024,         0,         0,   0.018,standalone_exact_mw,82025e6510dee7191a337377ca233259ac8dbd3ccaf9455e916f723ab2066810,"{""distance"":5,""physical_error_rate"":0.0001}","{""detection_events"":75,""detectors_checked"":229376}"
       150,         0,         0,   0.002,standalone_exact_mw,82025e6510dee7191a337377ca233259ac8dbd3ccaf9455e916f723ab2066810,"{""distance"":5,""physical_error_rate"":0.0001}","{""detection_events"":15,""detectors_checked"":33600}"
      1024,         0,         0,   0.012,standalone_exact_mw,82025e6510dee7191a337377ca233259ac8dbd3ccaf9455e916f723ab2066810,"{""distance"":5,""physical_error_rate"":0.0001}","{""detection_events"":125,""detectors_checked"":229376}"
       635,         0,         0,   0.007,standalone_exact_mw,82025e6510dee7191a337377ca233259ac8dbd3ccaf9455e916f723ab2066810,"{""distance"":5,""physical_error_rate"":0.0001}","{""detection_events"":69,""detectors_checked"":142240}"
       635,         0,         0,   0.009,standalone_exact_mw,82025e6510dee7191a337377ca233259ac8dbd3ccaf9455e916f723ab2066810,"{""distance"":5,""physical_error_rate"":0.0001}","{""detection_events"":61,""detectors_checked"":142240}"
         1,         0,         0,   0.000,standalone_exact_mw,82025e6510dee7191a337377ca233259ac8dbd3ccaf9455e916f723ab2066810,"{""distance"":5,""physical_error_rate"":0.0001}","{""detectors_checked"":224}"
       111,         0,         0,   0.001,standalone_exact_mw,82025e6510dee7191a337377ca233259ac8dbd3ccaf9455e916f723ab2066810,"{""distance"":5,""physical_error_rate"":0.0001}","{""detection_events"":11,""detectors_checked"":24864}"
        42,         0,         0,   0.001,standalone_exact_mw,82025e6510dee7191a337377ca233259ac8dbd3ccaf9455e916f723ab2066810,"{""distance"":5,""physical_error_rate"":0.0001}","{""detection_events"":10,""detectors_checked"":9408}"
       382,         0,         0,   0.003,standalone_exact_mw,82025e6510dee7191a337377ca233259ac8dbd3ccaf9455e916f723ab2066810,"{""distance"":5,""physical_error_rate"":0.0001}","{""detection_events"":36,""detectors_checked"":85568}"
        87,         0,         0,   0.001,standalone_exact_mw,82025e6510dee7191a337377ca233259ac8dbd3ccaf9455e916f723ab2066810,"{""distance"":5,""physical_error_rate"":0.0001}","{""detection_events"":6,""detectors_checked"":19488}"
         1,         0,         0,   0.000,standalone_exact_mw,82025e6510dee7191a337377ca233259ac8dbd3ccaf9455e916f723ab2066810,"{""distance"":5,""physical_error_rate"":0.0001}","{""detectors_checked"":224}"
       375,         0,         0,   0.003,standalone_exact_mw,82025e6510dee7191a337377ca233259ac8dbd3ccaf9455e916f723ab2066810,"{""distance"":5,""physical_error_rate"":0.0001}","{""detection_events"":29,""detectors_checked"":84000}"
       382,         0,         0,   0.003,standalone_exact_mw,82025e6510dee7191a337377ca233259ac8dbd3ccaf9455e916f723ab2066810,"{""distance"":5,""physical_error_rate"":0.0001}","{""detection_events"":18,""detectors_checked"":85568}"
         7,         0,         0,   0.000,standalone_exact_mw,82025e6510dee7191a337377ca233259ac8dbd3ccaf9455e916f723ab2066810,"{""distance"":5,""physical_error_rate"":0.0001}","{""detectors_checked"":1568}"
       382,         0,         0,   0.005,standalone_exact_mw,82025e6510dee7191a337377ca233259ac8dbd3ccaf9455e916f723ab2066810,"{""distance"":5,""physical_error_rate"":0.0001}","{""detection_events"":54,""detectors_checked"":85568}"
      2048,         0,         0,   0.179,standalone_exact_mw,82025e6510dee7191a337377ca233259ac8dbd3ccaf9455e916f723ab2066810,"{""distance"":5,""physical_error_rate"":0.0001}","{""detection_events"":215,""detectors_checked"":458752}"
       144,         0,         0,   0.001,standalone_exact_mw,82025e6510dee7191a337377ca233259ac8dbd3ccaf9455e916f723ab2066810,"{""distance"":5,""physical_error_rate"":0.0001}","{""detection_events"":8,""detectors_checked"":32256}"
       135,         0,         0,   0.001,standalone_exact_mw,82025e6510dee7191a337377ca233259ac8dbd3ccaf9455e916f723ab2066810,"{""distance"":5,""physical_error_rate"":0.0001}","{""detection_events"":5,""detectors_checked"":30240}"
       135,         0,         0,   0.002,standalone_exact_mw,82025e6510dee7191a337377ca233259ac8dbd3ccaf9455e916f723ab2066810,"{""distance"":5,""physical_error_rate"":0.0001}","{""detection_events"":12,""detectors_checked"":30240}"
       135,         0,         0,   0.001,standalone_exact_mw,82025e6510dee7191a337377ca233259ac8dbd3ccaf9455e916f723ab2066810,"{""distance"":5,""physical_error_rate"":0.0001}","{""detection_events"":24,""detectors_checked"":30240}"
       135,         0,         0,   0.001,standalone_exact_mw,82025e6510dee7191a337377ca233259ac8dbd3ccaf9455e916f723ab2066810,"{""distance"":5,""physical_error_rate"":0.0001}","{""detection_events"":15,""detectors_checked"":30240}"
       135,         0,         0,   0.001,standalone_exact_mw,82025e6510dee7191a337377ca233259ac8dbd3ccaf9455e916f723ab2066810,"{""distance"":5,""physical_error_rate"":0.0001}","{""detection_events"":9,""detectors_checked"":30240}"
       135,         0,         0,   0.001,standalone_exact_mw,82025e6510dee7191a337377ca233259ac8dbd3ccaf9455e916f723ab2066810,"{""distance"":5,""physical_error_rate"":0.0001}","{""detection_events"":16,""detectors_checked"":30240}"
       135,         0,         0,   0.001,standalone_exact_mw,82025e6510dee7191a337377ca233259ac8dbd3ccaf9455e916f723ab2066810,"{""distance"":5,""physical_error_rate"":0.0001}","{""detection_events"":4,""detectors_checked"":30240}"
       135,         0,         0,   0.002,standalone_exact_mw,82025e6510dee7191a337377ca233259ac8dbd3ccaf9455e916f723ab2066810,"{""distance"":5,""physical_error_rate"":0.0001}","{""detection_events"":25,""detectors_checked"":30240}"
       135,         0,         0,   0.001,standalone_exact_mw,82025e6510dee7191a337377ca233259ac8dbd3ccaf9455e916f723ab2066810,"{""distance"":5,""physical_error_rate"":0.0001}","{""detection_events"":8,""detectors_checked"":30240}"
       135,         0,         0,   0.002,standalone_exact_mw,82025e6510dee7191a337377ca233259ac8dbd3ccaf9455e916f723ab2066810,"{""distance"":5,""physical_error_rate"":0.0001}","{""detection_events"":13,""detectors_checked"":30240}"
       135,         0,         0,   0.001,standalone_exact_mw,82025e6510dee7191a337377ca233259ac8dbd3ccaf9455e916f723ab2066810,"{""distance"":5,""physical_error_rate"":0.0001}","{""detection_events"":17,""detectors_checked"":30240}"
       135,         0,         0,   0.002,standalone_exact_mw,82025e6510dee7191a337377ca233259ac8dbd3ccaf9455e916f723ab2066810,"{""distance"":5,""physical_error_rate"":0.0001}","{""detection_events"":15,""detectors_checked"":30240}"
       126,         0,         0,   0.001,standalone_exact_mw,82025e6510dee7191a337377ca233259ac8dbd3ccaf9455e916f723ab2066810,"{""distance"":5,""physical_error_rate"":0.0001}","{""detection_events"":10,""detectors_checked"":28224}"
       135,         0,         0,   0.002,standalone_exact_mw,82025e6510dee7191a337377ca233259ac8dbd3ccaf9455e916f723ab2066810,"{""distance"":5,""physical_error_rate"":0.0001}","{""detection_events"":10,""detectors_checked"":30240}"
       135,         0,         0,   0.001,standalone_exact_mw,82025e6510dee7191a337377ca233259ac8dbd3ccaf9455e916f723ab2066810,"{""distance"":5,""physical_error_rate"":0.0001}","{""detection_events"":9,""detectors_checked"":30240}"
        17,         0,         0,   0.000,standalone_exact_mw,82025e6510dee7191a337377ca233259ac8dbd3ccaf9455e916f723ab2066810,"{""distance"":5,""physical_error_rate"":0.0001}","{""detection_events"":2,""detectors_checked"":3808}"
        17,         0,         0,   0.000,standalone_exact_mw,82025e6510dee7191a337377ca233259ac8dbd3ccaf9455e916f723ab2066810,"{""distance"":5,""physical_error_rate"":0.0001}","{""detection_events"":4,""detectors_checked"":3808}"
        17,         0,         0,   0.000,standalone_exact_mw,82025e6510dee7191a337377ca233259ac8dbd3ccaf9455e916f723ab2066810,"{""distance"":5,""physical_error_rate"":0.0001}","{""detectors_checked"":3808}"
        17,         0,         0,   0.000,standalone_exact_mw,82025e6510dee7191a337377ca233259ac8dbd3ccaf9455e916f723ab2066810,"{""distance"":5,""physical_error_rate"":0.0001}","{""detection_events"":4,""detectors_checked"":3808}"
        17,         0,         0,   0.000,standalone_exact_mw,82025e6510dee7191a337377ca233259ac8dbd3ccaf9455e916f723ab2066810,"{""distance"":5,""physical_error_rate"":0.0001}","{""detectors_checked"":3808}"
         8,         0,         0,   0.000,standalone_exact_mw,82025e6510dee7191a337377ca233259ac8dbd3ccaf9455e916f723ab2066810,"{""distance"":5,""physical_error_rate"":0.0001}","{""detectors_checked"":1792}"
         8,         0,         0,   0.001,standalone_exact_mw,82025e6510dee7191a337377ca233259ac8dbd3ccaf9455e916f723ab2066810,"{""distance"":5,""physical_error_rate"":0.0001}","{""detection_events"":1,""detectors_checked"":1792}"
         4,         0,         0,   0.000,standalone_exact_mw,82025e6510dee7191a337377ca233259ac8dbd3ccaf9455e916f723ab2066810,"{""distance"":5,""physical_error_rate"":0.0001}","{""detectors_checked"":896}"
         1,         0,         0,   0.000,standalone_exact_mw,82025e6510dee7191a337377ca233259ac8dbd3ccaf9455e916f723ab2066810,"{""distance"":5,""physical_error_rate"":0.0001}","{""detectors_checked"":224}"
         8,         0,         0,   0.000,standalone_exact_mw,82025e6510dee7191a337377ca233259ac8dbd3ccaf9455e916f723ab2066810,"{""distance"":5,""physical_error_rate"":0.0001}","{""detectors_checked"":1792}"
         8,         0,         0,   0.000,standalone_exact_mw,82025e6510dee7191a337377ca233259ac8dbd3ccaf9455e916f723ab2066810,"{""distance"":5,""physical_error_rate"":0.0001}","{""detection_events"":2,""detectors_checked"":1792}"
         1,         0,         0,   0.000,standalone_exact_mw,82025e6510dee7191a337377ca233259ac8dbd3ccaf9455e916f723ab2066810,"{""distance"":5,""physical_error_rate"":0.0001}","{""detectors_checked"":224}"
         1,         0,         0,   0.000,standalone_exact_mw,82025e6510dee7191a337377ca233259ac8dbd3ccaf9455e916f723ab2066810,"{""distance"":5,""physical_error_rate"":0.0001}","{""detectors_checked"":224}"
         1,         0,         0,   0.000,standalone_exact_mw,82025e6510dee7191a337377ca233259ac8dbd3ccaf9455e916f723ab2066810,"{""distance"":5,""physical_error_rate"":0.0001}","{""detectors_checked"":224}"
         1,         0,         0,   0.000,standalone_exact_mw,82025e6510dee7191a337377ca233259ac8dbd3ccaf9455e916f723ab2066810,"{""distance"":5,""physical_error_rate"":0.0001}","{""detectors_checked"":224}"
         1,         0,         0,   0.000,standalone_exact_mw,82025e6510dee7191a337377ca233259ac8dbd3ccaf9455e916f723ab2066810,"{""distance"":5,""physical_error_rate"":0.0001}","{""detectors_checked"":224}"
         1,         0,         0,   0.000,standalone_exact_mw,82025e6510dee7191a337377ca233259ac8dbd3ccaf9455e916f723ab2066810,"{""distance"":5,""physical_error_rate"":0.0001}","{""detectors_checked"":224}"
         1,         0,         0,   0.000,standalone_exact_mw,82025e6510dee7191a337377ca233259ac8dbd3ccaf9455e916f723ab2066810,"{""distance"":5,""physical_error_rate"":0.0001}","{""detectors_checked"":224}"
         1,         0,         0,   0.000,standalone_exact_mw,82025e6510dee7191a337377ca233259ac8dbd3ccaf9455e916f723ab2066810,"{""distance"":5,""physical_error_rate"":0.0001}","{""detectors_checked"":224}"
      1297,         0,         0,   0.047,standalone_exact_mw,7a8ab0d03b7ead21ed40b3e2556c734d992a86585a3d666abe35fd996793b7e5,"{""distance"":5,""physical_error_rate"":0.0005}","{""detection_events"":649,""detectors_checked"":290528}"
      1024,         0,         0,   0.022,standalone_exact_mw,7a8ab0d03b7ead21ed40b3e2556c734d992a86585a3d666abe35fd996793b7e5,"{""distance"":5,""physical_error_rate"":0.0005}","{""detection_events"":469,""detectors_checked"":229376}"
      1297,         0,         0,   0.028,standalone_exact_mw,000a12f67b6d2f9febee6f900216609acb0c5281b533fe6e35129362572a0912,"{""distance"":5,""physical_error_rate"":0.0002}","{""detection_events"":206,""detectors_checked"":290528}"
      1297,         0,         0,   0.028,standalone_exact_mw,000a12f67b6d2f9febee6f900216609acb0c5281b533fe6e35129362572a0912,"{""distance"":5,""physical_error_rate"":0.0002}","{""detection_events"":227,""detectors_checked"":290528}"
      1297,         0,         0,   0.035,standalone_exact_mw,000a12f67b6d2f9febee6f900216609acb0c5281b533fe6e35129362572a0912,"{""distance"":5,""physical_error_rate"":0.0002}","{""detection_events"":216,""detectors_checked"":290528}"
      1024,         0,         0,   0.044,standalone_exact_mw,7a8ab0d03b7ead21ed40b3e2556c734d992a86585a3d666abe35fd996793b7e5,"{""distance"":5,""physical_error_rate"":0.0005}","{""detection_events"":435,""detectors_checked"":229376}"
      1297,         0,         0,   0.029,standalone_exact_mw,000a12f67b6d2f9febee6f900216609acb0c5281b533fe6e35129362572a0912,"{""distance"":5,""physical_error_rate"":0.0002}","{""detection_events"":246,""detectors_checked"":290528}"
      1297,         0,         0,   0.032,standalone_exact_mw,7a8ab0d03b7ead21ed40b3e2556c734d992a86585a3d666abe35fd996793b7e5,"{""distance"":5,""physical_error_rate"":0.0005}","{""detection_events"":639,""detectors_checked"":290528}"
      1297,         0,         0,   0.028,standalone_exact_mw,000a12f67b6d2f9febee6f900216609acb0c5281b533fe6e35129362572a0912,"{""distance"":5,""physical_error_rate"":0.0002}","{""detection_events"":206,""detectors_checked"":290528}"
      1297,         0,         0,   0.042,standalone_exact_mw,7a8ab0d03b7ead21ed40b3e2556c734d992a86585a3d666abe35fd996793b7e5,"{""distance"":5,""physical_error_rate"":0.0005}","{""detection_events"":556,""detectors_checked"":290528}"
      1024,         0,         0,   0.012,standalone_exact_mw,000a12f67b6d2f9febee6f900216609acb0c5281b533fe6e35129362572a0912,"{""distance"":5,""physical_error_rate"":0.0002}","{""detection_events"":204,""detectors_checked"":229376}"
      1297,         0,         0,   0.060,standalone_exact_mw,7a8ab0d03b7ead21ed40b3e2556c734d992a86585a3d666abe35fd996793b7e5,"{""distance"":5,""physical_error_rate"":0.0005}","{""detection_events"":563,""detectors_checked"":290528}"
      1024,         0,         0,   0.025,standalone_exact_mw,000a12f67b6d2f9febee6f900216609acb0c5281b533fe6e35129362572a0912,"{""distance"":5,""physical_error_rate"":0.0002}","{""detection_events"":187,""detectors_checked"":229376}"
      1297,         0,         0,   0.057,standalone_exact_mw,7a8ab0d03b7ead21ed40b3e2556c734d992a86585a3d666abe35fd996793b7e5,"{""distance"":5,""physical_error_rate"":0.0005}","{""detection_events"":650,""detectors_checked"":290528}"
      1297,         0,         0,   0.034,standalone_exact_mw,7a8ab0d03b7ead21ed40b3e2556c734d992a86585a3d666abe35fd996793b7e5,"{""distance"":5,""physical_error_rate"":0.0005}","{""detection_events"":711,""detectors_checked"":290528}"
         1,         0,         0,   0.000,standalone_exact_mw,000a12f67b6d2f9febee6f900216609acb0c5281b533fe6e35129362572a0912,"{""distance"":5,""physical_error_rate"":0.0002}","{""detectors_checked"":224}"
         1,         0,         0,   0.000,standalone_exact_mw,7a8ab0d03b7ead21ed40b3e2556c734d992a86585a3d666abe35fd996793b7e5,"{""distance"":5,""physical_error_rate"":0.0005}","{""detectors_checked"":224}"
      1024,         0,         0,   0.028,standalone_exact_mw,000a12f67b6d2f9febee6f900216609acb0c5281b533fe6e35129362572a0912,"{""distance"":5,""physical_error_rate"":0.0002}","{""detection_events"":208,""detectors_checked"":229376}"
      1024,         0,         0,   0.033,standalone_exact_mw,7a8ab0d03b7ead21ed40b3e2556c734d992a86585a3d666abe35fd996793b7e5,"{""distance"":5,""physical_error_rate"":0.0005}","{""detection_events"":456,""detectors_checked"":229376}"
      2048,         0,         0,   0.036,standalone_exact_mw,000a12f67b6d2f9febee6f900216609acb0c5281b533fe6e35129362572a0912,"{""distance"":5,""physical_error_rate"":0.0002}","{""detection_events"":423,""detectors_checked"":458752}"
      1024,         0,         0,   0.012,standalone_exact_mw,000a12f67b6d2f9febee6f900216609acb0c5281b533fe6e35129362572a0912,"{""distance"":5,""physical_error_rate"":0.0002}","{""detection_events"":178,""detectors_checked"":229376}"
      1024,         0,         0,   0.028,standalone_exact_mw,000a12f67b6d2f9febee6f900216609acb0c5281b533fe6e35129362572a0912,"{""distance"":5,""physical_error_rate"":0.0002}","{""detection_events"":167,""detectors_checked"":229376}"
      1024,         0,         0,   0.028,standalone_exact_mw,000a12f67b6d2f9febee6f900216609acb0c5281b533fe6e35129362572a0912,"{""distance"":5,""physical_error_rate"":0.0002}","{""detection_events"":164,""detectors_checked"":229376}"
      1024,         0,         0,   0.026,standalone_exact_mw,000a12f67b6d2f9febee6f900216609acb0c5281b533fe6e35129362572a0912,"{""distance"":5,""physical_error_rate"":0.0002}","{""detection_events"":240,""detectors_checked"":229376}"
      1024,         0,         0,   0.034,standalone_exact_mw,7a8ab0d03b7ead21ed40b3e2556c734d992a86585a3d666abe35fd996793b7e5,"{""distance"":5,""physical_error_rate"":0.0005}","{""detection_events"":416,""detectors_checked"":229376}"
      1024,         0,         0,   0.036,standalone_exact_mw,7a8ab0d03b7ead21ed40b3e2556c734d992a86585a3d666abe35fd996793b7e5,"{""distance"":5,""physical_error_rate"":0.0005}","{""detection_events"":414,""detectors_checked"":229376}"
      1024,         0,         0,   0.027,standalone_exact_mw,000a12f67b6d2f9febee6f900216609acb0c5281b533fe6e35129362572a0912,"{""distance"":5,""physical_error_rate"":0.0002}","{""detection_events"":185,""detectors_checked"":229376}"
      1024,         0,         0,   0.036,standalone_exact_mw,7a8ab0d03b7ead21ed40b3e2556c734d992a86585a3d666abe35fd996793b7e5,"{""distance"":5,""physical_error_rate"":0.0005}","{""detection_events"":496,""detectors_checked"":229376}"
      1024,         0,         0,   0.012,standalone_exact_mw,000a12f67b6d2f9febee6f900216609acb0c5281b533fe6e35129362572a0912,"{""distance"":5,""physical_error_rate"":0.0002}","{""detection_events"":165,""detectors_checked"":229376}"
      1024,         0,         0,   0.032,standalone_exact_mw,7a8ab0d03b7ead21ed40b3e2556c734d992a86585a3d666abe35fd996793b7e5,"{""distance"":5,""physical_error_rate"":0.0005}","{""detection_events"":483,""detectors_checked"":229376}"
      1296,         0,         0,   0.041,standalone_exact_mw,000a12f67b6d2f9febee6f900216609acb0c5281b533fe6e35129362572a0912,"{""distance"":5,""physical_error_rate"":0.0002}","{""detection_events"":226,""detectors_checked"":290304}"
      1024,         0,         0,   0.037,standalone_exact_mw,7a8ab0d03b7ead21ed40b3e2556c734d992a86585a3d666abe35fd996793b7e5,"{""distance"":5,""physical_error_rate"":0.0005}","{""detection_events"":481,""detectors_checked"":229376}"
      1296,         0,         0,   0.050,standalone_exact_mw,7a8ab0d03b7ead21ed40b3e2556c734d992a86585a3d666abe35fd996793b7e5,"{""distance"":5,""physical_error_rate"":0.0005}","{""detection_events"":629,""detectors_checked"":290304}"
      1024,         0,         0,   0.028,standalone_exact_mw,000a12f67b6d2f9febee6f900216609acb0c5281b533fe6e35129362572a0912,"{""distance"":5,""physical_error_rate"":0.0002}","{""detection_events"":220,""detectors_checked"":229376}"
      1024,         0,         0,   0.054,standalone_exact_mw,7a8ab0d03b7ead21ed40b3e2556c734d992a86585a3d666abe35fd996793b7e5,"{""distance"":5,""physical_error_rate"":0.0005}","{""detection_events"":508,""detectors_checked"":229376}"
      2048,         0,         0,   0.036,standalone_exact_mw,000a12f67b6d2f9febee6f900216609acb0c5281b533fe6e35129362572a0912,"{""distance"":5,""physical_error_rate"":0.0002}","{""detection_events"":385,""detectors_checked"":458752}"
      1024,         0,         0,   0.028,standalone_exact_mw,7a8ab0d03b7ead21ed40b3e2556c734d992a86585a3d666abe35fd996793b7e5,"{""distance"":5,""physical_error_rate"":0.0005}","{""detection_events"":445,""detectors_checked"":229376}"
      1297,         0,         0,   0.023,standalone_exact_mw,000a12f67b6d2f9febee6f900216609acb0c5281b533fe6e35129362572a0912,"{""distance"":5,""physical_error_rate"":0.0002}","{""detection_events"":240,""detectors_checked"":290528}"
      1297,         0,         0,   0.068,standalone_exact_mw,7a8ab0d03b7ead21ed40b3e2556c734d992a86585a3d666abe35fd996793b7e5,"{""distance"":5,""physical_error_rate"":0.0005}","{""detection_events"":600,""detectors_checked"":290528}"
      2048,         0,         0,   0.034,standalone_exact_mw,000a12f67b6d2f9febee6f900216609acb0c5281b533fe6e35129362572a0912,"{""distance"":5,""physical_error_rate"":0.0002}","{""detection_events"":378,""detectors_checked"":458752}"
      1024,         0,         0,   0.028,standalone_exact_mw,7a8ab0d03b7ead21ed40b3e2556c734d992a86585a3d666abe35fd996793b7e5,"{""distance"":5,""physical_error_rate"":0.0005}","{""detection_events"":470,""detectors_checked"":229376}"
      2048,         0,         0,   0.034,standalone_exact_mw,000a12f67b6d2f9febee6f900216609acb0c5281b533fe6e35129362572a0912,"{""distance"":5,""physical_error_rate"":0.0002}","{""detection_events"":349,""detectors_checked"":458752}"
      1024,         0,         0,   0.034,standalone_exact_mw,7a8ab0d03b7ead21ed40b3e2556c734d992a86585a3d666abe35fd996793b7e5,"{""distance"":5,""physical_error_rate"":0.0005}","{""detection_events"":556,""detectors_checked"":229376}"
      2048,         0,         0,   0.039,standalone_exact_mw,000a12f67b6d2f9febee6f900216609acb0c5281b533fe6e35129362572a0912,"{""distance"":5,""physical_error_rate"":0.0002}","{""detection_events"":346,""detectors_checked"":458752}"
      1024,         0,         0,   0.050,standalone_exact_mw,7a8ab0d03b7ead21ed40b3e2556c734d992a86585a3d666abe35fd996793b7e5,"{""distance"":5,""physical_error_rate"":0.0005}","{""detection_events"":467,""detectors_checked"":229376}"
      2048,         0,         0,   0.052,standalone_exact_mw,000a12f67b6d2f9febee6f900216609acb0c5281b533fe6e35129362572a0912,"{""distance"":5,""physical_error_rate"":0.0002}","{""detection_events"":386,""detectors_checked"":458752}"
      1024,         0,         0,   0.022,standalone_exact_mw,000a12f67b6d2f9febee6f900216609acb0c5281b533fe6e35129362572a0912,"{""distance"":5,""physical_error_rate"":0.0002}","{""detection_events"":162,""detectors_checked"":229376}"
      1024,         0,         0,   0.033,standalone_exact_mw,7a8ab0d03b7ead21ed40b3e2556c734d992a86585a3d666abe35fd996793b7e5,"{""distance"":5,""physical_error_rate"":0.0005}","{""detection_events"":500,""detectors_checked"":229376}"
      1024,         0,         0,   0.034,standalone_exact_mw,7a8ab0d03b7ead21ed40b3e2556c734d992a86585a3d666abe35fd996793b7e5,"{""distance"":5,""physical_error_rate"":0.0005}","{""detection_events"":424,""detectors_checked"":229376}"
      1024,         0,         0,   0.031,standalone_exact_mw,7a8ab0d03b7ead21ed40b3e2556c734d992a86585a3d666abe35fd996793b7e5,"{""distance"":5,""physical_error_rate"":0.0005}","{""detection_events"":471,""detectors_checked"":229376}"
      1024,         0,         0,   0.030,standalone_exact_mw,7a8ab0d03b7ead21ed40b3e2556c734d992a86585a3d666abe35fd996793b7e5,"{""distance"":5,""physical_error_rate"":0.0005}","{""detection_events"":487,""detectors_checked"":229376}"
      2048,         0,         0,   0.037,standalone_exact_mw,000a12f67b6d2f9febee6f900216609acb0c5281b533fe6e35129362572a0912,"{""distance"":5,""physical_error_rate"":0.0002}","{""detection_events"":373,""detectors_checked"":458752}"
      1024,         0,         0,   0.035,standalone_exact_mw,7a8ab0d03b7ead21ed40b3e2556c734d992a86585a3d666abe35fd996793b7e5,"{""distance"":5,""physical_error_rate"":0.0005}","{""detection_events"":400,""detectors_checked"":229376}"
      2048,         0,         0,   0.052,standalone_exact_mw,000a12f67b6d2f9febee6f900216609acb0c5281b533fe6e35129362572a0912,"{""distance"":5,""physical_error_rate"":0.0002}","{""detection_events"":409,""detectors_checked"":458752}"
      2048,         0,         0,   0.051,standalone_exact_mw,000a12f67b6d2f9febee6f900216609acb0c5281b533fe6e35129362572a0912,"{""distance"":5,""physical_error_rate"":0.0002}","{""detection_events"":365,""detectors_checked"":458752}"
      1024,         0,         0,   0.046,standalone_exact_mw,7a8ab0d03b7ead21ed40b3e2556c734d992a86585a3d666abe35fd996793b7e5,"{""distance"":5,""physical_error_rate"":0.0005}","{""detection_events"":501,""detectors_checked"":229376}"
      2048,         0,         0,   0.048,standalone_exact_mw,000a12f67b6d2f9febee6f900216609acb0c5281b533fe6e35129362572a0912,"{""distance"":5,""physical_error_rate"":0.0002}","{""detection_events"":338,""detectors_checked"":458752}"
      1024,         0,         0,   0.029,standalone_exact_mw,7a8ab0d03b7ead21ed40b3e2556c734d992a86585a3d666abe35fd996793b7e5,"{""distance"":5,""physical_error_rate"":0.0005}","{""detection_events"":434,""detectors_checked"":229376}"
      2048,         0,         0,   0.032,standalone_exact_mw,000a12f67b6d2f9febee6f900216609acb0c5281b533fe6e35129362572a0912,"{""distance"":5,""physical_error_rate"":0.0002}","{""detection_events"":371,""detectors_checked"":458752}"
      1024,         0,         0,   0.051,standalone_exact_mw,7a8ab0d03b7ead21ed40b3e2556c734d992a86585a3d666abe35fd996793b7e5,"{""distance"":5,""physical_error_rate"":0.0005}","{""detection_events"":455,""detectors_checked"":229376}"
      2048,         0,         0,   0.099,standalone_exact_mw,7a8ab0d03b7ead21ed40b3e2556c734d992a86585a3d666abe35fd996793b7e5,"{""distance"":5,""physical_error_rate"":0.0005}","{""detection_events"":962,""detectors_checked"":458752}"
      2048,         0,         0,   0.056,standalone_exact_mw,000a12f67b6d2f9febee6f900216609acb0c5281b533fe6e35129362572a0912,"{""distance"":5,""physical_error_rate"":0.0002}","{""detection_events"":402,""detectors_checked"":458752}"
      1024,         0,         0,   0.051,standalone_exact_mw,7a8ab0d03b7ead21ed40b3e2556c734d992a86585a3d666abe35fd996793b7e5,"{""distance"":5,""physical_error_rate"":0.0005}","{""detection_events"":487,""detectors_checked"":229376}"
      2048,         0,         0,   0.062,standalone_exact_mw,000a12f67b6d2f9febee6f900216609acb0c5281b533fe6e35129362572a0912,"{""distance"":5,""physical_error_rate"":0.0002}","{""detection_events"":396,""detectors_checked"":458752}"
      3072,         0,         0,   0.079,standalone_exact_mw,000a12f67b6d2f9febee6f900216609acb0c5281b533fe6e35129362572a0912,"{""distance"":5,""physical_error_rate"":0.0002}","{""detection_events"":519,""detectors_checked"":688128}"
      1024,         0,         0,   0.071,standalone_exact_mw,7a8ab0d03b7ead21ed40b3e2556c734d992a86585a3d666abe35fd996793b7e5,"{""distance"":5,""physical_error_rate"":0.0005}","{""detection_events"":414,""detectors_checked"":229376}"
      1024,         0,         0,   0.038,standalone_exact_mw,7a8ab0d03b7ead21ed40b3e2556c734d992a86585a3d666abe35fd996793b7e5,"{""distance"":5,""physical_error_rate"":0.0005}","{""detection_events"":489,""detectors_checked"":229376}"
      1024,         0,         0,   0.039,standalone_exact_mw,7a8ab0d03b7ead21ed40b3e2556c734d992a86585a3d666abe35fd996793b7e5,"{""distance"":5,""physical_error_rate"":0.0005}","{""detection_events"":461,""detectors_checked"":229376}"
      2048,         0,         0,   0.082,standalone_exact_mw,7a8ab0d03b7ead21ed40b3e2556c734d992a86585a3d666abe35fd996793b7e5,"{""distance"":5,""physical_error_rate"":0.0005}","{""detection_events"":899,""detectors_checked"":458752}"
      1024,         0,         0,   0.071,standalone_exact_mw,7a8ab0d03b7ead21ed40b3e2556c734d992a86585a3d666abe35fd996793b7e5,"{""distance"":5,""physical_error_rate"":0.0005}","{""detection_events"":557,""detectors_checked"":229376}"
      2048,         0,         0,   0.052,standalone_exact_mw,000a12f67b6d2f9febee6f900216609acb0c5281b533fe6e35129362572a0912,"{""distance"":5,""physical_error_rate"":0.0002}","{""detection_events"":405,""detectors_checked"":458752}"
      3072,         0,         0,   0.076,standalone_exact_mw,000a12f67b6d2f9febee6f900216609acb0c5281b533fe6e35129362572a0912,"{""distance"":5,""physical_error_rate"":0.0002}","{""detection_events"":486,""detectors_checked"":688128}"
      1024,         0,         0,   0.051,standalone_exact_mw,7a8ab0d03b7ead21ed40b3e2556c734d992a86585a3d666abe35fd996793b7e5,"{""distance"":5,""physical_error_rate"":0.0005}","{""detection_events"":467,""detectors_checked"":229376}"
      2048,         0,         0,   0.054,standalone_exact_mw,000a12f67b6d2f9febee6f900216609acb0c5281b533fe6e35129362572a0912,"{""distance"":5,""physical_error_rate"":0.0002}","{""detection_events"":302,""detectors_checked"":458752}"
      3072,         0,         0,   0.075,standalone_exact_mw,000a12f67b6d2f9febee6f900216609acb0c5281b533fe6e35129362572a0912,"{""distance"":5,""physical_error_rate"":0.0002}","{""detection_events"":604,""detectors_checked"":688128}"
      1024,         0,         0,   0.050,standalone_exact_mw,7a8ab0d03b7ead21ed40b3e2556c734d992a86585a3d666abe35fd996793b7e5,"{""distance"":5,""physical_error_rate"":0.0005}","{""detection_events"":564,""detectors_checked"":229376}"
      3072,         0,         0,   0.059,standalone_exact_mw,000a12f67b6d2f9febee6f900216609acb0c5281b533fe6e35129362572a0912,"{""distance"":5,""physical_error_rate"":0.0002}","{""detection_events"":553,""detectors_checked"":688128}"
      1024,         0,         0,   0.051,standalone_exact_mw,7a8ab0d03b7ead21ed40b3e2556c734d992a86585a3d666abe35fd996793b7e5,"{""distance"":5,""physical_error_rate"":0.0005}","{""detection_events"":469,""detectors_checked"":229376}"
      2048,         0,         0,   0.058,standalone_exact_mw,000a12f67b6d2f9febee6f900216609acb0c5281b533fe6e35129362572a0912,"{""distance"":5,""physical_error_rate"":0.0002}","{""detection_events"":355,""detectors_checked"":458752}"
      2048,         0,         0,   0.035,standalone_exact_mw,000a12f67b6d2f9febee6f900216609acb0c5281b533fe6e35129362572a0912,"{""distance"":5,""physical_error_rate"":0.0002}","{""detection_events"":380,""detectors_checked"":458752}"
      1024,         0,         0,   0.072,standalone_exact_mw,7a8ab0d03b7ead21ed40b3e2556c734d992a86585a3d666abe35fd996793b7e5,"{""distance"":5,""physical_error_rate"":0.0005}","{""detection_events"":480,""detectors_checked"":229376}"
      3072,         0,         0,   0.103,standalone_exact_mw,7a8ab0d03b7ead21ed40b3e2556c734d992a86585a3d666abe35fd996793b7e5,"{""distance"":5,""physical_error_rate"":0.0005}","{""detection_events"":1353,""detectors_checked"":688128}"
      1024,         0,         0,   0.056,standalone_exact_mw,7a8ab0d03b7ead21ed40b3e2556c734d992a86585a3d666abe35fd996793b7e5,"{""distance"":5,""physical_error_rate"":0.0005}","{""detection_events"":458,""detectors_checked"":229376}"
      5120,         0,         0,   0.100,standalone_exact_mw,000a12f67b6d2f9febee6f900216609acb0c5281b533fe6e35129362572a0912,"{""distance"":5,""physical_error_rate"":0.0002}","{""detection_events"":976,""detectors_checked"":1146880}"
      3072,         0,         0,   0.064,standalone_exact_mw,000a12f67b6d2f9febee6f900216609acb0c5281b533fe6e35129362572a0912,"{""distance"":5,""physical_error_rate"":0.0002}","{""detection_events"":567,""detectors_checked"":688128}"
      3072,         0,         0,   0.078,standalone_exact_mw,000a12f67b6d2f9febee6f900216609acb0c5281b533fe6e35129362572a0912,"{""distance"":5,""physical_error_rate"":0.0002}","{""detection_events"":554,""detectors_checked"":688128}"
      3072,         0,         0,   0.081,standalone_exact_mw,000a12f67b6d2f9febee6f900216609acb0c5281b533fe6e35129362572a0912,"{""distance"":5,""physical_error_rate"":0.0002}","{""detection_events"":594,""detectors_checked"":688128}"
      2048,         0,         0,   0.083,standalone_exact_mw,7a8ab0d03b7ead21ed40b3e2556c734d992a86585a3d666abe35fd996793b7e5,"{""distance"":5,""physical_error_rate"":0.0005}","{""detection_events"":866,""detectors_checked"":458752}"
      2048,         0,         0,   0.087,standalone_exact_mw,7a8ab0d03b7ead21ed40b3e2556c734d992a86585a3d666abe35fd996793b7e5,"{""distance"":5,""physical_error_rate"":0.0005}","{""detection_events"":938,""detectors_checked"":458752}"
      3072,         0,         0,   0.077,standalone_exact_mw,000a12f67b6d2f9febee6f900216609acb0c5281b533fe6e35129362572a0912,"{""distance"":5,""physical_error_rate"":0.0002}","{""detection_events"":530,""detectors_checked"":688128}"
      2048,         0,         0,   0.057,standalone_exact_mw,000a12f67b6d2f9febee6f900216609acb0c5281b533fe6e35129362572a0912,"{""distance"":5,""physical_error_rate"":0.0002}","{""detection_events"":380,""detectors_checked"":458752}"
      2048,         0,         0,   0.098,standalone_exact_mw,7a8ab0d03b7ead21ed40b3e2556c734d992a86585a3d666abe35fd996793b7e5,"{""distance"":5,""physical_error_rate"":0.0005}","{""detection_events"":909,""detectors_checked"":458752}"
      2048,         0,         0,   0.104,standalone_exact_mw,7a8ab0d03b7ead21ed40b3e2556c734d992a86585a3d666abe35fd996793b7e5,"{""distance"":5,""physical_error_rate"":0.0005}","{""detection_events"":1007,""detectors_checked"":458752}"
      2048,         0,         0,   0.085,standalone_exact_mw,7a8ab0d03b7ead21ed40b3e2556c734d992a86585a3d666abe35fd996793b7e5,"{""distance"":5,""physical_error_rate"":0.0005}","{""detection_events"":874,""detectors_checked"":458752}"
      4096,         0,         0,   0.086,standalone_exact_mw,000a12f67b6d2f9febee6f900216609acb0c5281b533fe6e35129362572a0912,"{""distance"":5,""physical_error_rate"":0.0002}","{""detection_events"":765,""detectors_checked"":917504}"
      3072,         0,         0,   0.109,standalone_exact_mw,7a8ab0d03b7ead21ed40b3e2556c734d992a86585a3d666abe35fd996793b7e5,"{""distance"":5,""physical_error_rate"":0.0005}","{""detection_events"":1451,""detectors_checked"":688128}"
      2048,         0,         0,   0.099,standalone_exact_mw,7a8ab0d03b7ead21ed40b3e2556c734d992a86585a3d666abe35fd996793b7e5,"{""distance"":5,""physical_error_rate"":0.0005}","{""detection_events"":952,""detectors_checked"":458752}"
      5120,         0,         0,   0.112,standalone_exact_mw,7a8ab0d03b7ead21ed40b3e2556c734d992a86585a3d666abe35fd996793b7e5,"{""distance"":5,""physical_error_rate"":0.0005}","{""detection_events"":2311,""detectors_checked"":1146880}"
      3072,         0,         0,   0.081,standalone_exact_mw,000a12f67b6d2f9febee6f900216609acb0c5281b533fe6e35129362572a0912,"{""distance"":5,""physical_error_rate"":0.0002}","{""detection_events"":597,""detectors_checked"":688128}"
      2048,         0,         0,   0.086,standalone_exact_mw,7a8ab0d03b7ead21ed40b3e2556c734d992a86585a3d666abe35fd996793b7e5,"{""distance"":5,""physical_error_rate"":0.0005}","{""detection_events"":973,""detectors_checked"":458752}"
      4096,         0,         0,   0.084,standalone_exact_mw,000a12f67b6d2f9febee6f900216609acb0c5281b533fe6e35129362572a0912,"{""distance"":5,""physical_error_rate"":0.0002}","{""detection_events"":777,""detectors_checked"":917504}"
      4096,         0,         0,   0.120,standalone_exact_mw,000a12f67b6d2f9febee6f900216609acb0c5281b533fe6e35129362572a0912,"{""distance"":5,""physical_error_rate"":0.0002}","{""detection_events"":725,""detectors_checked"":917504}"
      2048,         0,         0,   0.089,standalone_exact_mw,7a8ab0d03b7ead21ed40b3e2556c734d992a86585a3d666abe35fd996793b7e5,"{""distance"":5,""physical_error_rate"":0.0005}","{""detection_events"":1105,""detectors_checked"":458752}"
      2048,         0,         0,   0.082,standalone_exact_mw,7a8ab0d03b7ead21ed40b3e2556c734d992a86585a3d666abe35fd996793b7e5,"{""distance"":5,""physical_error_rate"":0.0005}","{""detection_events"":948,""detectors_checked"":458752}"
      2048,         0,         0,   0.105,standalone_exact_mw,7a8ab0d03b7ead21ed40b3e2556c734d992a86585a3d666abe35fd996793b7e5,"{""distance"":5,""physical_error_rate"":0.0005}","{""detection_events"":996,""detectors_checked"":458752}"
      2048,         0,         0,   0.096,standalone_exact_mw,7a8ab0d03b7ead21ed40b3e2556c734d992a86585a3d666abe35fd996793b7e5,"{""distance"":5,""physical_error_rate"":0.0005}","{""detection_events"":1006,""detectors_checked"":458752}"
      4096,         0,         0,   0.104,standalone_exact_mw,000a12f67b6d2f9febee6f900216609acb0c5281b533fe6e35129362572a0912,"{""distance"":5,""physical_error_rate"":0.0002}","{""detection_events"":679,""detectors_checked"":917504}"
      5120,         0,         0,   0.116,standalone_exact_mw,000a12f67b6d2f9febee6f900216609acb0c5281b533fe6e35129362572a0912,"{""distance"":5,""physical_error_rate"":0.0002}","{""detection_events"":955,""detectors_checked"":1146880}"
      5120,         0,         0,   0.128,standalone_exact_mw,000a12f67b6d2f9febee6f900216609acb0c5281b533fe6e35129362572a0912,"{""distance"":5,""physical_error_rate"":0.0002}","{""detection_events"":897,""detectors_checked"":1146880}"
      5120,         0,         0,   0.127,standalone_exact_mw,000a12f67b6d2f9febee6f900216609acb0c5281b533fe6e35129362572a0912,"{""distance"":5,""physical_error_rate"":0.0002}","{""detection_events"":961,""detectors_checked"":1146880}"
      2048,         0,         0,   0.098,standalone_exact_mw,7a8ab0d03b7ead21ed40b3e2556c734d992a86585a3d666abe35fd996793b7e5,"{""distance"":5,""physical_error_rate"":0.0005}","{""detection_events"":967,""detectors_checked"":458752}"
      5120,         0,         0,   0.117,standalone_exact_mw,7a8ab0d03b7ead21ed40b3e2556c734d992a86585a3d666abe35fd996793b7e5,"{""distance"":5,""physical_error_rate"":0.0005}","{""detection_events"":2381,""detectors_checked"":1146880}"
      4096,         0,         0,   0.112,standalone_exact_mw,000a12f67b6d2f9febee6f900216609acb0c5281b533fe6e35129362572a0912,"{""distance"":5,""physical_error_rate"":0.0002}","{""detection_events"":753,""detectors_checked"":917504}"
      5120,         0,         0,   0.106,standalone_exact_mw,000a12f67b6d2f9febee6f900216609acb0c5281b533fe6e35129362572a0912,"{""distance"":5,""physical_error_rate"":0.0002}","{""detection_events"":903,""detectors_checked"":1146880}"
      3072,         0,         0,   0.113,standalone_exact_mw,7a8ab0d03b7ead21ed40b3e2556c734d992a86585a3d666abe35fd996793b7e5,"{""distance"":5,""physical_error_rate"":0.0005}","{""detection_events"":1386,""detectors_checked"":688128}"
      2048,         0,         0,   0.123,standalone_exact_mw,7a8ab0d03b7ead21ed40b3e2556c734d992a86585a3d666abe35fd996793b7e5,"{""distance"":5,""physical_error_rate"":0.0005}","{""detection_events"":992,""detectors_checked"":458752}"
      7168,         0,         0,   0.161,standalone_exact_mw,7a8ab0d03b7ead21ed40b3e2556c734d992a86585a3d666abe35fd996793b7e5,"{""distance"":5,""physical_error_rate"":0.0005}","{""detection_events"":3311,""detectors_checked"":1605632}"
      3072,         0,         0,   0.134,standalone_exact_mw,7a8ab0d03b7ead21ed40b3e2556c734d992a86585a3d666abe35fd996793b7e5,"{""distance"":5,""physical_error_rate"":0.0005}","{""detection_events"":1344,""detectors_checked"":688128}"
      3072,         0,         0,   0.136,standalone_exact_mw,7a8ab0d03b7ead21ed40b3e2556c734d992a86585a3d666abe35fd996793b7e5,"{""distance"":5,""physical_error_rate"":0.0005}","{""detection_events"":1383,""detectors_checked"":688128}"
      3072,         0,         0,   0.156,standalone_exact_mw,7a8ab0d03b7ead21ed40b3e2556c734d992a86585a3d666abe35fd996793b7e5,"{""distance"":5,""physical_error_rate"":0.0005}","{""detection_events"":1560,""detectors_checked"":688128}"
      7168,         0,         0,   0.159,standalone_exact_mw,000a12f67b6d2f9febee6f900216609acb0c5281b533fe6e35129362572a0912,"{""distance"":5,""physical_error_rate"":0.0002}","{""detection_events"":1312,""detectors_checked"":1605632}"
      7168,         0,         0,   0.138,standalone_exact_mw,000a12f67b6d2f9febee6f900216609acb0c5281b533fe6e35129362572a0912,"{""distance"":5,""physical_error_rate"":0.0002}","{""detection_events"":1337,""detectors_checked"":1605632}"
      6144,         0,         0,   0.151,standalone_exact_mw,000a12f67b6d2f9febee6f900216609acb0c5281b533fe6e35129362572a0912,"{""distance"":5,""physical_error_rate"":0.0002}","{""detection_events"":1191,""detectors_checked"":1376256}"
      2048,         0,         0,   0.107,standalone_exact_mw,7a8ab0d03b7ead21ed40b3e2556c734d992a86585a3d666abe35fd996793b7e5,"{""distance"":5,""physical_error_rate"":0.0005}","{""detection_events"":968,""detectors_checked"":458752}"
      6144,         0,         0,   0.156,standalone_exact_mw,000a12f67b6d2f9febee6f900216609acb0c5281b533fe6e35129362572a0912,"{""distance"":5,""physical_error_rate"":0.0002}","{""detection_events"":1133,""detectors_checked"":1376256}"
      6144,         0,         0,   0.171,standalone_exact_mw,000a12f67b6d2f9febee6f900216609acb0c5281b533fe6e35129362572a0912,"{""distance"":5,""physical_error_rate"":0.0002}","{""detection_events"":1053,""detectors_checked"":1376256}"
      7168,         0,         0,   0.152,standalone_exact_mw,7a8ab0d03b7ead21ed40b3e2556c734d992a86585a3d666abe35fd996793b7e5,"{""distance"":5,""physical_error_rate"":0.0005}","{""detection_events"":3266,""detectors_checked"":1605632}"
      7168,         0,         0,   0.169,standalone_exact_mw,000a12f67b6d2f9febee6f900216609acb0c5281b533fe6e35129362572a0912,"{""distance"":5,""physical_error_rate"":0.0002}","{""detection_events"":1252,""detectors_checked"":1605632}"
      7168,         0,         0,   0.159,standalone_exact_mw,000a12f67b6d2f9febee6f900216609acb0c5281b533fe6e35129362572a0912,"{""distance"":5,""physical_error_rate"":0.0002}","{""detection_events"":1168,""detectors_checked"":1605632}"
      8192,         0,         0,   0.183,standalone_exact_mw,7a8ab0d03b7ead21ed40b3e2556c734d992a86585a3d666abe35fd996793b7e5,"{""distance"":5,""physical_error_rate"":0.0005}","{""detection_events"":3763,""detectors_checked"":1835008}"
      3072,         0,         0,   0.153,standalone_exact_mw,7a8ab0d03b7ead21ed40b3e2556c734d992a86585a3d666abe35fd996793b7e5,"{""distance"":5,""physical_error_rate"":0.0005}","{""detection_events"":1287,""detectors_checked"":688128}"
      3072,         0,         0,   0.156,standalone_exact_mw,7a8ab0d03b7ead21ed40b3e2556c734d992a86585a3d666abe35fd996793b7e5,"{""distance"":5,""physical_error_rate"":0.0005}","{""detection_events"":1439,""detectors_checked"":688128}"
      4096,         0,         0,   0.185,standalone_exact_mw,7a8ab0d03b7ead21ed40b3e2556c734d992a86585a3d666abe35fd996793b7e5,"{""distance"":5,""physical_error_rate"":0.0005}","{""detection_events"":1916,""detectors_checked"":917504}"
      4096,         0,         0,   0.159,standalone_exact_mw,7a8ab0d03b7ead21ed40b3e2556c734d992a86585a3d666abe35fd996793b7e5,"{""distance"":5,""physical_error_rate"":0.0005}","{""detection_events"":1891,""detectors_checked"":917504}"
      5120,         0,         0,   0.225,standalone_exact_mw,7a8ab0d03b7ead21ed40b3e2556c734d992a86585a3d666abe35fd996793b7e5,"{""distance"":5,""physical_error_rate"":0.0005}","{""detection_events"":2605,""detectors_checked"":1146880}"
      5120,         0,         0,   0.210,standalone_exact_mw,7a8ab0d03b7ead21ed40b3e2556c734d992a86585a3d666abe35fd996793b7e5,"{""distance"":5,""physical_error_rate"":0.0005}","{""detection_events"":2381,""detectors_checked"":1146880}"
     14336,         0,         0,   0.197,standalone_exact_mw,000a12f67b6d2f9febee6f900216609acb0c5281b533fe6e35129362572a0912,"{""distance"":5,""physical_error_rate"":0.0002}","{""detection_events"":2779,""detectors_checked"":3211264}"
      9216,         0,         0,   0.191,standalone_exact_mw,000a12f67b6d2f9febee6f900216609acb0c5281b533fe6e35129362572a0912,"{""distance"":5,""physical_error_rate"":0.0002}","{""detection_events"":1852,""detectors_checked"":2064384}"
      1297,         0,         0,   0.077,standalone_exact_mw,000a12f67b6d2f9febee6f900216609acb0c5281b533fe6e35129362572a0912,"{""distance"":5,""physical_error_rate"":0.0002}","{""detection_events"":202,""detectors_checked"":290528}"
      9216,         0,         0,   0.216,standalone_exact_mw,000a12f67b6d2f9febee6f900216609acb0c5281b533fe6e35129362572a0912,"{""distance"":5,""physical_error_rate"":0.0002}","{""detection_events"":1644,""detectors_checked"":2064384}"
      8192,         0,         0,   0.229,standalone_exact_mw,000a12f67b6d2f9febee6f900216609acb0c5281b533fe6e35129362572a0912,"{""distance"":5,""physical_error_rate"":0.0002}","{""detection_events"":1530,""detectors_checked"":1835008}"
      9216,         0,         0,   0.224,standalone_exact_mw,000a12f67b6d2f9febee6f900216609acb0c5281b533fe6e35129362572a0912,"{""distance"":5,""physical_error_rate"":0.0002}","{""detection_events"":1769,""detectors_checked"":2064384}"
      7168,         0,         0,   0.211,standalone_exact_mw,000a12f67b6d2f9febee6f900216609acb0c5281b533fe6e35129362572a0912,"{""distance"":5,""physical_error_rate"":0.0002}","{""detection_events"":1247,""detectors_checked"":1605632}"
      8192,         0,         0,   0.215,standalone_exact_mw,7a8ab0d03b7ead21ed40b3e2556c734d992a86585a3d666abe35fd996793b7e5,"{""distance"":5,""physical_error_rate"":0.0005}","{""detection_events"":3957,""detectors_checked"":1835008}"
      6144,         0,         0,   0.216,standalone_exact_mw,7a8ab0d03b7ead21ed40b3e2556c734d992a86585a3d666abe35fd996793b7e5,"{""distance"":5,""physical_error_rate"":0.0005}","{""detection_events"":2859,""detectors_checked"":1376256}"
      8192,         0,         0,   0.228,standalone_exact_mw,000a12f67b6d2f9febee6f900216609acb0c5281b533fe6e35129362572a0912,"{""distance"":5,""physical_error_rate"":0.0002}","{""detection_events"":1429,""detectors_checked"":1835008}"
      1024,         0,         0,   0.102,standalone_exact_mw,000a12f67b6d2f9febee6f900216609acb0c5281b533fe6e35129362572a0912,"{""distance"":5,""physical_error_rate"":0.0002}","{""detection_events"":217,""detectors_checked"":229376}"
      6144,         0,         0,   0.230,standalone_exact_mw,7a8ab0d03b7ead21ed40b3e2556c734d992a86585a3d666abe35fd996793b7e5,"{""distance"":5,""physical_error_rate"":0.0005}","{""detection_events"":2628,""detectors_checked"":1376256}"
      5120,         0,         0,   0.243,standalone_exact_mw,7a8ab0d03b7ead21ed40b3e2556c734d992a86585a3d666abe35fd996793b7e5,"{""distance"":5,""physical_error_rate"":0.0005}","{""detection_events"":2175,""detectors_checked"":1146880}"
      5120,         0,         0,   0.208,standalone_exact_mw,7a8ab0d03b7ead21ed40b3e2556c734d992a86585a3d666abe35fd996793b7e5,"{""distance"":5,""physical_error_rate"":0.0005}","{""detection_events"":2245,""detectors_checked"":1146880}"
      1024,         0,         0,   0.029,standalone_exact_mw,000a12f67b6d2f9febee6f900216609acb0c5281b533fe6e35129362572a0912,"{""distance"":5,""physical_error_rate"":0.0002}","{""detection_events"":137,""detectors_checked"":229376}"
      6144,         0,         0,   0.235,standalone_exact_mw,7a8ab0d03b7ead21ed40b3e2556c734d992a86585a3d666abe35fd996793b7e5,"{""distance"":5,""physical_error_rate"":0.0005}","{""detection_events"":2788,""detectors_checked"":1376256}"
      5120,         0,         0,   0.214,standalone_exact_mw,7a8ab0d03b7ead21ed40b3e2556c734d992a86585a3d666abe35fd996793b7e5,"{""distance"":5,""physical_error_rate"":0.0005}","{""detection_events"":2335,""detectors_checked"":1146880}"
      1024,         0,         0,   0.076,standalone_exact_mw,000a12f67b6d2f9febee6f900216609acb0c5281b533fe6e35129362572a0912,"{""distance"":5,""physical_error_rate"":0.0002}","{""detection_events"":180,""detectors_checked"":229376}"
     22528,         0,         0,   0.298,standalone_exact_mw,000a12f67b6d2f9febee6f900216609acb0c5281b533fe6e35129362572a0912,"{""distance"":5,""physical_error_rate"":0.0002}","{""detection_events"":4239,""detectors_checked"":5046272}"
      7168,         0,         0,   0.325,standalone_exact_mw,7a8ab0d03b7ead21ed40b3e2556c734d992a86585a3d666abe35fd996793b7e5,"{""distance"":5,""physical_error_rate"":0.0005}","{""detection_events"":3205,""detectors_checked"":1605632}"
     12288,         0,         0,   0.311,standalone_exact_mw,000a12f67b6d2f9febee6f900216609acb0c5281b533fe6e35129362572a0912,"{""distance"":5,""physical_error_rate"":0.0002}","{""detection_events"":2250,""detectors_checked"":2752512}"
      1024,         0,         0,   0.074,standalone_exact_mw,000a12f67b6d2f9febee6f900216609acb0c5281b533fe6e35129362572a0912,"{""distance"":5,""physical_error_rate"":0.0002}","{""detection_events"":229,""detectors_checked"":229376}"
     12288,         0,         0,   0.298,standalone_exact_mw,000a12f67b6d2f9febee6f900216609acb0c5281b533fe6e35129362572a0912,"{""distance"":5,""physical_error_rate"":0.0002}","{""detection_events"":2218,""detectors_checked"":2752512}"
     12288,         0,         0,   0.309,standalone_exact_mw,000a12f67b6d2f9febee6f900216609acb0c5281b533fe6e35129362572a0912,"{""distance"":5,""physical_error_rate"":0.0002}","{""detection_events"":2323,""detectors_checked"":2752512}"
     11264,         0,         0,   0.294,standalone_exact_mw,7a8ab0d03b7ead21ed40b3e2556c734d992a86585a3d666abe35fd996793b7e5,"{""distance"":5,""physical_error_rate"":0.0005}","{""detection_events"":5199,""detectors_checked"":2523136}"
     12288,         0,         0,   0.302,standalone_exact_mw,000a12f67b6d2f9febee6f900216609acb0c5281b533fe6e35129362572a0912,"{""distance"":5,""physical_error_rate"":0.0002}","{""detection_events"":2154,""detectors_checked"":2752512}"
     13312,         0,         0,   0.305,standalone_exact_mw,000a12f67b6d2f9febee6f900216609acb0c5281b533fe6e35129362572a0912,"{""distance"":5,""physical_error_rate"":0.0002}","{""detection_events"":2420,""detectors_checked"":2981888}"
     12288,         0,         0,   0.301,standalone_exact_mw,000a12f67b6d2f9febee6f900216609acb0c5281b533fe6e35129362572a0912,"{""distance"":5,""physical_error_rate"":0.0002}","{""detection_events"":2226,""detectors_checked"":2752512}"
      2048,         0,         0,   0.109,standalone_exact_mw,000a12f67b6d2f9febee6f900216609acb0c5281b533fe6e35129362572a0912,"{""distance"":5,""physical_error_rate"":0.0002}","{""detection_events"":375,""detectors_checked"":458752}"
      6144,         0,         0,   0.292,standalone_exact_mw,7a8ab0d03b7ead21ed40b3e2556c734d992a86585a3d666abe35fd996793b7e5,"{""distance"":5,""physical_error_rate"":0.0005}","{""detection_events"":2923,""detectors_checked"":1376256}"
     10240,         1,         0,   0.337,standalone_exact_mw,7a8ab0d03b7ead21ed40b3e2556c734d992a86585a3d666abe35fd996793b7e5,"{""distance"":5,""physical_error_rate"":0.0005}","{""detection_events"":4738,""detectors_checked"":2293760,""obs_mistake_mask=E"":1}"
      7168,         0,         0,   0.333,standalone_exact_mw,7a8ab0d03b7ead21ed40b3e2556c734d992a86585a3d666abe35fd996793b7e5,"{""distance"":5,""physical_error_rate"":0.0005}","{""detection_events"":3341,""detectors_checked"":1605632}"
      8192,         0,         0,   0.329,standalone_exact_mw,7a8ab0d03b7ead21ed40b3e2556c734d992a86585a3d666abe35fd996793b7e5,"{""distance"":5,""physical_error_rate"":0.0005}","{""detection_events"":3631,""detectors_checked"":1835008}"
      7168,         0,         0,   0.300,standalone_exact_mw,7a8ab0d03b7ead21ed40b3e2556c734d992a86585a3d666abe35fd996793b7e5,"{""distance"":5,""physical_error_rate"":0.0005}","{""detection_events"":3203,""detectors_checked"":1605632}"
      7168,         0,         0,   0.327,standalone_exact_mw,7a8ab0d03b7ead21ed40b3e2556c734d992a86585a3d666abe35fd996793b7e5,"{""distance"":5,""physical_error_rate"":0.0005}","{""detection_events"":3260,""detectors_checked"":1605632}"
      1024,         0,         0,   0.062,standalone_exact_mw,000a12f67b6d2f9febee6f900216609acb0c5281b533fe6e35129362572a0912,"{""distance"":5,""physical_error_rate"":0.0002}","{""detection_events"":162,""detectors_checked"":229376}"
      2048,         0,         0,   0.145,standalone_exact_mw,000a12f67b6d2f9febee6f900216609acb0c5281b533fe6e35129362572a0912,"{""distance"":5,""physical_error_rate"":0.0002}","{""detection_events"":420,""detectors_checked"":458752}"
     28672,         0,         0,   0.428,standalone_exact_mw,000a12f67b6d2f9febee6f900216609acb0c5281b533fe6e35129362572a0912,"{""distance"":5,""physical_error_rate"":0.0002}","{""detection_events"":5432,""detectors_checked"":6422528}"
     16384,         0,         0,   0.419,standalone_exact_mw,000a12f67b6d2f9febee6f900216609acb0c5281b533fe6e35129362572a0912,"{""distance"":5,""physical_error_rate"":0.0002}","{""detection_events"":3057,""detectors_checked"":3670016}"
     15360,         0,         0,   0.420,standalone_exact_mw,000a12f67b6d2f9febee6f900216609acb0c5281b533fe6e35129362572a0912,"{""distance"":5,""physical_error_rate"":0.0002}","{""detection_events"":2994,""detectors_checked"":3440640}"
     25600,         0,         0,   0.410,standalone_exact_mw,000a12f67b6d2f9febee6f900216609acb0c5281b533fe6e35129362572a0912,"{""distance"":5,""physical_error_rate"":0.0002}","{""detection_events"":4752,""detectors_checked"":5734400}"
     10240,         0,         0,   0.442,standalone_exact_mw,7a8ab0d03b7ead21ed40b3e2556c734d992a86585a3d666abe35fd996793b7e5,"{""distance"":5,""physical_error_rate"":0.0005}","{""detection_events"":4741,""detectors_checked"":2293760}"
     15360,         0,         0,   0.417,standalone_exact_mw,000a12f67b6d2f9febee6f900216609acb0c5281b533fe6e35129362572a0912,"{""distance"":5,""physical_error_rate"":0.0002}","{""detection_events"":2958,""detectors_checked"":3440640}"
     17408,         0,         0,   0.441,standalone_exact_mw,7a8ab0d03b7ead21ed40b3e2556c734d992a86585a3d666abe35fd996793b7e5,"{""distance"":5,""physical_error_rate"":0.0005}","{""detection_events"":7975,""detectors_checked"":3899392}"
     18432,         0,         0,   0.437,standalone_exact_mw,000a12f67b6d2f9febee6f900216609acb0c5281b533fe6e35129362572a0912,"{""distance"":5,""physical_error_rate"":0.0002}","{""detection_events"":3501,""detectors_checked"":4128768}"
      2048,         0,         0,   0.177,standalone_exact_mw,000a12f67b6d2f9febee6f900216609acb0c5281b533fe6e35129362572a0912,"{""distance"":5,""physical_error_rate"":0.0002}","{""detection_events"":381,""detectors_checked"":458752}"
     17408,         0,         0,   0.415,standalone_exact_mw,000a12f67b6d2f9febee6f900216609acb0c5281b533fe6e35129362572a0912,"{""distance"":5,""physical_error_rate"":0.0002}","{""detection_events"":3220,""detectors_checked"":3899392}"
      9216,         1,         0,   0.417,standalone_exact_mw,7a8ab0d03b7ead21ed40b3e2556c734d992a86585a3d666abe35fd996793b7e5,"{""distance"":5,""physical_error_rate"":0.0005}","{""detection_events"":4369,""detectors_checked"":2064384,""obs_mistake_mask=E"":1}"
      9216,         0,         0,   0.434,standalone_exact_mw,7a8ab0d03b7ead21ed40b3e2556c734d992a86585a3d666abe35fd996793b7e5,"{""distance"":5,""physical_error_rate"":0.0005}","{""detection_events"":4494,""detectors_checked"":2064384}"
      9216,         0,         0,   0.415,standalone_exact_mw,7a8ab0d03b7ead21ed40b3e2556c734d992a86585a3d666abe35fd996793b7e5,"{""distance"":5,""physical_error_rate"":0.0005}","{""detection_events"":4135,""detectors_checked"":2064384}"
      9216,         0,         0,   0.394,standalone_exact_mw,7a8ab0d03b7ead21ed40b3e2556c734d992a86585a3d666abe35fd996793b7e5,"{""distance"":5,""physical_error_rate"":0.0005}","{""detection_events"":4130,""detectors_checked"":2064384}"
     10240,         0,         0,   0.453,standalone_exact_mw,7a8ab0d03b7ead21ed40b3e2556c734d992a86585a3d666abe35fd996793b7e5,"{""distance"":5,""physical_error_rate"":0.0005}","{""detection_events"":4615,""detectors_checked"":2293760}"
      9216,         0,         0,   0.424,standalone_exact_mw,7a8ab0d03b7ead21ed40b3e2556c734d992a86585a3d666abe35fd996793b7e5,"{""distance"":5,""physical_error_rate"":0.0005}","{""detection_events"":4284,""detectors_checked"":2064384}"
      3072,         0,         0,   0.209,standalone_exact_mw,000a12f67b6d2f9febee6f900216609acb0c5281b533fe6e35129362572a0912,"{""distance"":5,""physical_error_rate"":0.0002}","{""detection_events"":587,""detectors_checked"":688128}"
     37888,         0,         0,   0.573,standalone_exact_mw,000a12f67b6d2f9febee6f900216609acb0c5281b533fe6e35129362572a0912,"{""distance"":5,""physical_error_rate"":0.0002}","{""detection_events"":7218,""detectors_checked"":8486912}"
     24576,         0,         0,   0.581,standalone_exact_mw,000a12f67b6d2f9febee6f900216609acb0c5281b533fe6e35129362572a0912,"{""distance"":5,""physical_error_rate"":0.0002}","{""detection_events"":4491,""detectors_checked"":5505024}"
     24576,         0,         0,   0.574,standalone_exact_mw,000a12f67b6d2f9febee6f900216609acb0c5281b533fe6e35129362572a0912,"{""distance"":5,""physical_error_rate"":0.0002}","{""detection_events"":4410,""detectors_checked"":5505024}"
     35840,         0,         0,   0.580,standalone_exact_mw,000a12f67b6d2f9febee6f900216609acb0c5281b533fe6e35129362572a0912,"{""distance"":5,""physical_error_rate"":0.0002}","{""detection_events"":6550,""detectors_checked"":8028160}"
     13312,         0,         0,   0.615,standalone_exact_mw,7a8ab0d03b7ead21ed40b3e2556c734d992a86585a3d666abe35fd996793b7e5,"{""distance"":5,""physical_error_rate"":0.0005}","{""detection_events"":6210,""detectors_checked"":2981888}"
     21504,         0,         0,   0.587,standalone_exact_mw,000a12f67b6d2f9febee6f900216609acb0c5281b533fe6e35129362572a0912,"{""distance"":5,""physical_error_rate"":0.0002}","{""detection_events"":3972,""detectors_checked"":4816896}"
     21504,         0,         0,   0.585,standalone_exact_mw,7a8ab0d03b7ead21ed40b3e2556c734d992a86585a3d666abe35fd996793b7e5,"{""distance"":5,""physical_error_rate"":0.0005}","{""detection_events"":9820,""detectors_checked"":4816896}"
     21504,         0,         0,   0.578,standalone_exact_mw,000a12f67b6d2f9febee6f900216609acb0c5281b533fe6e35129362572a0912,"{""distance"":5,""physical_error_rate"":0.0002}","{""detection_events"":3945,""detectors_checked"":4816896}"
     22528,         0,         0,   0.572,standalone_exact_mw,000a12f67b6d2f9febee6f900216609acb0c5281b533fe6e35129362572a0912,"{""distance"":5,""physical_error_rate"":0.0002}","{""detection_events"":4425,""detectors_checked"":5046272}"
      5120,         0,         0,   0.346,standalone_exact_mw,000a12f67b6d2f9febee6f900216609acb0c5281b533fe6e35129362572a0912,"{""distance"":5,""physical_error_rate"":0.0002}","{""detection_events"":890,""detectors_checked"":1146880}"
     13312,         0,         0,   0.584,standalone_exact_mw,7a8ab0d03b7ead21ed40b3e2556c734d992a86585a3d666abe35fd996793b7e5,"{""distance"":5,""physical_error_rate"":0.0005}","{""detection_events"":6158,""detectors_checked"":2981888}"
     13312,         0,         0,   0.577,standalone_exact_mw,7a8ab0d03b7ead21ed40b3e2556c734d992a86585a3d666abe35fd996793b7e5,"{""distance"":5,""physical_error_rate"":0.0005}","{""detection_events"":5930,""detectors_checked"":2981888}"
     13312,         0,         0,   0.602,standalone_exact_mw,7a8ab0d03b7ead21ed40b3e2556c734d992a86585a3d666abe35fd996793b7e5,"{""distance"":5,""physical_error_rate"":0.0005}","{""detection_events"":6376,""detectors_checked"":2981888}"
     12288,         0,         0,   0.565,standalone_exact_mw,7a8ab0d03b7ead21ed40b3e2556c734d992a86585a3d666abe35fd996793b7e5,"{""distance"":5,""physical_error_rate"":0.0005}","{""detection_events"":5588,""detectors_checked"":2752512}"
     12288,         0,         0,   0.571,standalone_exact_mw,7a8ab0d03b7ead21ed40b3e2556c734d992a86585a3d666abe35fd996793b7e5,"{""distance"":5,""physical_error_rate"":0.0005}","{""detection_events"":5852,""detectors_checked"":2752512}"
     14336,         0,         0,   0.603,standalone_exact_mw,7a8ab0d03b7ead21ed40b3e2556c734d992a86585a3d666abe35fd996793b7e5,"{""distance"":5,""physical_error_rate"":0.0005}","{""detection_events"":6688,""detectors_checked"":3211264}"
      5120,         0,         0,   0.431,standalone_exact_mw,000a12f67b6d2f9febee6f900216609acb0c5281b533fe6e35129362572a0912,"{""distance"":5,""physical_error_rate"":0.0002}","{""detection_events"":999,""detectors_checked"":1146880}"
     54272,         0,         0,   0.782,standalone_exact_mw,000a12f67b6d2f9febee6f900216609acb0c5281b533fe6e35129362572a0912,"{""distance"":5,""physical_error_rate"":0.0002}","{""detection_events"":10060,""detectors_checked"":12156928}"
     31744,         0,         0,   0.783,standalone_exact_mw,000a12f67b6d2f9febee6f900216609acb0c5281b533fe6e35129362572a0912,"{""distance"":5,""physical_error_rate"":0.0002}","{""detection_events"":5853,""detectors_checked"":7110656}"
     29696,         0,         0,   0.795,standalone_exact_mw,000a12f67b6d2f9febee6f900216609acb0c5281b533fe6e35129362572a0912,"{""distance"":5,""physical_error_rate"":0.0002}","{""detection_events"":5439,""detectors_checked"":6651904}"
     35840,         0,         0,   0.802,standalone_exact_mw,000a12f67b6d2f9febee6f900216609acb0c5281b533fe6e35129362572a0912,"{""distance"":5,""physical_error_rate"":0.0002}","{""detection_events"":6538,""detectors_checked"":8028160}"
     17408,         0,         0,   0.807,standalone_exact_mw,7a8ab0d03b7ead21ed40b3e2556c734d992a86585a3d666abe35fd996793b7e5,"{""distance"":5,""physical_error_rate"":0.0005}","{""detection_events"":8107,""detectors_checked"":3899392}"
     30720,         0,         0,   0.779,standalone_exact_mw,000a12f67b6d2f9febee6f900216609acb0c5281b533fe6e35129362572a0912,"{""distance"":5,""physical_error_rate"":0.0002}","{""detection_events"":5711,""detectors_checked"":6881280}"
     29696,         0,         0,   0.795,standalone_exact_mw,000a12f67b6d2f9febee6f900216609acb0c5281b533fe6e35129362572a0912,"{""distance"":5,""physical_error_rate"":0.0002}","{""detection_events"":5266,""detectors_checked"":6651904}"
     34816,         1,         0,   0.806,standalone_exact_mw,7a8ab0d03b7ead21ed40b3e2556c734d992a86585a3d666abe35fd996793b7e5,"{""distance"":5,""physical_error_rate"":0.0005}","{""detection_events"":15877,""detectors_checked"":7798784,""obs_mistake_mask=E"":1}"
     30720,         0,         0,   0.815,standalone_exact_mw,000a12f67b6d2f9febee6f900216609acb0c5281b533fe6e35129362572a0912,"{""distance"":5,""physical_error_rate"":0.0002}","{""detection_events"":5783,""detectors_checked"":6881280}"
     18432,         0,         0,   0.801,standalone_exact_mw,7a8ab0d03b7ead21ed40b3e2556c734d992a86585a3d666abe35fd996793b7e5,"{""distance"":5,""physical_error_rate"":0.0005}","{""detection_events"":8556,""detectors_checked"":4128768}"
     18432,         0,         0,   0.844,standalone_exact_mw,7a8ab0d03b7ead21ed40b3e2556c734d992a86585a3d666abe35fd996793b7e5,"{""distance"":5,""physical_error_rate"":0.0005}","{""detection_events"":8416,""detectors_checked"":4128768}"
     26624,         1,         0,   0.784,standalone_exact_mw,7a8ab0d03b7ead21ed40b3e2556c734d992a86585a3d666abe35fd996793b7e5,"{""distance"":5,""physical_error_rate"":0.0005}","{""detection_events"":12141,""detectors_checked"":5963776,""obs_mistake_mask=E"":1}"
     27648,         0,         0,   0.792,standalone_exact_mw,7a8ab0d03b7ead21ed40b3e2556c734d992a86585a3d666abe35fd996793b7e5,"{""distance"":5,""physical_error_rate"":0.0005}","{""detection_events"":12460,""detectors_checked"":6193152}"
     19456,         0,         0,   0.804,standalone_exact_mw,7a8ab0d03b7ead21ed40b3e2556c734d992a86585a3d666abe35fd996793b7e5,"{""distance"":5,""physical_error_rate"":0.0005}","{""detection_events"":8619,""detectors_checked"":4358144}"
     18432,         0,         0,   0.806,standalone_exact_mw,7a8ab0d03b7ead21ed40b3e2556c734d992a86585a3d666abe35fd996793b7e5,"{""distance"":5,""physical_error_rate"":0.0005}","{""detection_events"":8595,""detectors_checked"":4128768}"
      6144,         0,         0,   0.650,standalone_exact_mw,000a12f67b6d2f9febee6f900216609acb0c5281b533fe6e35129362572a0912,"{""distance"":5,""physical_error_rate"":0.0002}","{""detection_events"":1165,""detectors_checked"":1376256}"
     76800,         0,         0,    1.11,standalone_exact_mw,000a12f67b6d2f9febee6f900216609acb0c5281b533fe6e35129362572a0912,"{""distance"":5,""physical_error_rate"":0.0002}","{""detection_events"":14273,""detectors_checked"":17203200}"
     46080,         0,         0,    1.12,standalone_exact_mw,000a12f67b6d2f9febee6f900216609acb0c5281b533fe6e35129362572a0912,"{""distance"":5,""physical_error_rate"":0.0002}","{""detection_events"":8233,""detectors_checked"":10321920}"
     46080,         0,         0,    1.14,standalone_exact_mw,000a12f67b6d2f9febee6f900216609acb0c5281b533fe6e35129362572a0912,"{""distance"":5,""physical_error_rate"":0.0002}","{""detection_events"":8403,""detectors_checked"":10321920}"
     24576,         0,         0,    1.12,standalone_exact_mw,7a8ab0d03b7ead21ed40b3e2556c734d992a86585a3d666abe35fd996793b7e5,"{""distance"":5,""physical_error_rate"":0.0005}","{""detection_events"":11684,""detectors_checked"":5505024}"
     43008,         0,         0,    1.11,standalone_exact_mw,000a12f67b6d2f9febee6f900216609acb0c5281b533fe6e35129362572a0912,"{""distance"":5,""physical_error_rate"":0.0002}","{""detection_events"":8273,""detectors_checked"":9633792}"
     45056,         0,         0,    1.12,standalone_exact_mw,000a12f67b6d2f9febee6f900216609acb0c5281b533fe6e35129362572a0912,"{""distance"":5,""physical_error_rate"":0.0002}","{""detection_events"":8132,""detectors_checked"":10092544}"
     22528,         0,         0,    1.23,standalone_exact_mw,000a12f67b6d2f9febee6f900216609acb0c5281b533fe6e35129362572a0912,"{""distance"":5,""physical_error_rate"":0.0002}","{""detection_events"":4186,""detectors_checked"":5046272}"
     45056,         0,         0,    1.12,standalone_exact_mw,000a12f67b6d2f9febee6f900216609acb0c5281b533fe6e35129362572a0912,"{""distance"":5,""physical_error_rate"":0.0002}","{""detection_events"":8390,""detectors_checked"":10092544}"
     46080,         0,         0,    1.13,standalone_exact_mw,7a8ab0d03b7ead21ed40b3e2556c734d992a86585a3d666abe35fd996793b7e5,"{""distance"":5,""physical_error_rate"":0.0005}","{""detection_events"":20384,""detectors_checked"":10321920}"
      7168,         0,         0,   0.849,standalone_exact_mw,000a12f67b6d2f9febee6f900216609acb0c5281b533fe6e35129362572a0912,"{""distance"":5,""physical_error_rate"":0.0002}","{""detection_events"":1197,""detectors_checked"":1605632}"
     33792,         0,         0,    1.11,standalone_exact_mw,7a8ab0d03b7ead21ed40b3e2556c734d992a86585a3d666abe35fd996793b7e5,"{""distance"":5,""physical_error_rate"":0.0005}","{""detection_events"":15750,""detectors_checked"":7569408}"
     43008,         0,         0,    1.13,standalone_exact_mw,7a8ab0d03b7ead21ed40b3e2556c734d992a86585a3d666abe35fd996793b7e5,"{""distance"":5,""physical_error_rate"":0.0005}","{""detection_events"":19598,""detectors_checked"":9633792}"
     46080,         0,         0,    1.13,standalone_exact_mw,7a8ab0d03b7ead21ed40b3e2556c734d992a86585a3d666abe35fd996793b7e5,"{""distance"":5,""physical_error_rate"":0.0005}","{""detection_events"":21129,""detectors_checked"":10321920}"
     25600,         0,         0,    1.12,standalone_exact_mw,7a8ab0d03b7ead21ed40b3e2556c734d992a86585a3d666abe35fd996793b7e5,"{""distance"":5,""physical_error_rate"":0.0005}","{""detection_events"":11583,""detectors_checked"":5734400}"
     25600,         0,         0,    1.17,standalone_exact_mw,7a8ab0d03b7ead21ed40b3e2556c734d992a86585a3d666abe35fd996793b7e5,"{""distance"":5,""physical_error_rate"":0.0005}","{""detection_events"":11591,""detectors_checked"":5734400}"
     27648,         0,         0,    1.15,standalone_exact_mw,7a8ab0d03b7ead21ed40b3e2556c734d992a86585a3d666abe35fd996793b7e5,"{""distance"":5,""physical_error_rate"":0.0005}","{""detection_events"":12736,""detectors_checked"":6193152}"
     10240,         0,         0,    1.19,standalone_exact_mw,000a12f67b6d2f9febee6f900216609acb0c5281b533fe6e35129362572a0912,"{""distance"":5,""physical_error_rate"":0.0002}","{""detection_events"":1866,""detectors_checked"":2293760}"
    115712,         0,         0,    1.56,standalone_exact_mw,000a12f67b6d2f9febee6f900216609acb0c5281b533fe6e35129362572a0912,"{""distance"":5,""physical_error_rate"":0.0002}","{""detection_events"":21414,""detectors_checked"":25919488}"
     62464,         0,         0,    1.57,standalone_exact_mw,000a12f67b6d2f9febee6f900216609acb0c5281b533fe6e35129362572a0912,"{""distance"":5,""physical_error_rate"":0.0002}","{""detection_events"":11204,""detectors_checked"":13991936}"
    102400,         0,         0,    1.56,standalone_exact_mw,000a12f67b6d2f9febee6f900216609acb0c5281b533fe6e35129362572a0912,"{""distance"":5,""physical_error_rate"":0.0002}","{""detection_events"":18777,""detectors_checked"":22937600}"
     34816,         1,         0,    1.55,standalone_exact_mw,7a8ab0d03b7ead21ed40b3e2556c734d992a86585a3d666abe35fd996793b7e5,"{""distance"":5,""physical_error_rate"":0.0005}","{""detection_events"":16123,""detectors_checked"":7798784,""obs_mistake_mask=E"":1}"
     70656,         0,         0,    1.57,standalone_exact_mw,000a12f67b6d2f9febee6f900216609acb0c5281b533fe6e35129362572a0912,"{""distance"":5,""physical_error_rate"":0.0002}","{""detection_events"":13156,""detectors_checked"":15826944}"
     64512,         0,         0,    1.54,standalone_exact_mw,000a12f67b6d2f9febee6f900216609acb0c5281b533fe6e35129362572a0912,"{""distance"":5,""physical_error_rate"":0.0002}","{""detection_events"":11621,""detectors_checked"":14450688}"
     63488,         0,         0,    1.56,standalone_exact_mw,000a12f67b6d2f9febee6f900216609acb0c5281b533fe6e35129362572a0912,"{""distance"":5,""physical_error_rate"":0.0002}","{""detection_events"":11847,""detectors_checked"":14221312}"
     13312,         0,         0,    1.58,standalone_exact_mw,000a12f67b6d2f9febee6f900216609acb0c5281b533fe6e35129362572a0912,"{""distance"":5,""physical_error_rate"":0.0002}","{""detection_events"":2411,""detectors_checked"":2981888}"
     58368,         1,         0,    1.58,standalone_exact_mw,7a8ab0d03b7ead21ed40b3e2556c734d992a86585a3d666abe35fd996793b7e5,"{""distance"":5,""physical_error_rate"":0.0005}","{""detection_events"":27276,""detectors_checked"":13074432,""obs_mistake_mask=E"":1}"
     46080,         0,         0,    1.56,standalone_exact_mw,7a8ab0d03b7ead21ed40b3e2556c734d992a86585a3d666abe35fd996793b7e5,"{""distance"":5,""physical_error_rate"":0.0005}","{""detection_events"":20813,""detectors_checked"":10321920}"
     60416,         0,         0,    1.56,standalone_exact_mw,7a8ab0d03b7ead21ed40b3e2556c734d992a86585a3d666abe35fd996793b7e5,"{""distance"":5,""physical_error_rate"":0.0005}","{""detection_events"":28031,""detectors_checked"":13533184}"
     60416,         0,         0,    1.58,standalone_exact_mw,7a8ab0d03b7ead21ed40b3e2556c734d992a86585a3d666abe35fd996793b7e5,"{""distance"":5,""physical_error_rate"":0.0005}","{""detection_events"":27868,""detectors_checked"":13533184}"
     35840,         0,         0,    1.56,standalone_exact_mw,7a8ab0d03b7ead21ed40b3e2556c734d992a86585a3d666abe35fd996793b7e5,"{""distance"":5,""physical_error_rate"":0.0005}","{""detection_events"":16346,""detectors_checked"":8028160}"
     33792,         0,         0,    1.56,standalone_exact_mw,7a8ab0d03b7ead21ed40b3e2556c734d992a86585a3d666abe35fd996793b7e5,"{""distance"":5,""physical_error_rate"":0.0005}","{""detection_events"":16017,""detectors_checked"":7569408}"
     35840,         0,         0,    1.58,standalone_exact_mw,7a8ab0d03b7ead21ed40b3e2556c734d992a86585a3d666abe35fd996793b7e5,"{""distance"":5,""physical_error_rate"":0.0005}","{""detection_events"":16521,""detectors_checked"":8028160}"
   8293376,         4,         0,   119.7,standalone_exact_mw,000a12f67b6d2f9febee6f900216609acb0c5281b533fe6e35129362572a0912,"{""distance"":5,""physical_error_rate"":0.0002}","{""detection_events"":1530268,""detectors_checked"":1857716224,""obs_mistake_mask=E"":4}"
   4774912,        21,         0,   119.8,standalone_exact_mw,7a8ab0d03b7ead21ed40b3e2556c734d992a86585a3d666abe35fd996793b7e5,"{""distance"":5,""physical_error_rate"":0.0005}","{""detection_events"":2192196,""detectors_checked"":1069580288,""obs_mistake_mask=E"":21}"
   8587264,         2,         0,   119.7,standalone_exact_mw,000a12f67b6d2f9febee6f900216609acb0c5281b533fe6e35129362572a0912,"{""distance"":5,""physical_error_rate"":0.0002}","{""detection_events"":1579585,""detectors_checked"":1923547136,""obs_mistake_mask=E"":2}"
   4773888,        19,         0,   119.8,standalone_exact_mw,7a8ab0d03b7ead21ed40b3e2556c734d992a86585a3d666abe35fd996793b7e5,"{""distance"":5,""physical_error_rate"":0.0005}","{""detection_events"":2189477,""detectors_checked"":1069350912,""obs_mistake_mask=E"":19}"
     13312,         0,         0,    1.61,standalone_exact_mw,000a12f67b6d2f9febee6f900216609acb0c5281b533fe6e35129362572a0912,"{""distance"":5,""physical_error_rate"":0.0002}","{""detection_events"":2508,""detectors_checked"":2981888}"
    625664,         1,         0,   119.6,standalone_exact_mw,000a12f67b6d2f9febee6f900216609acb0c5281b533fe6e35129362572a0912,"{""distance"":5,""physical_error_rate"":0.0002}","{""detection_events"":114509,""detectors_checked"":140148736,""obs_mistake_mask=E"":1}"
    151552,         0,         0,    2.18,standalone_exact_mw,000a12f67b6d2f9febee6f900216609acb0c5281b533fe6e35129362572a0912,"{""distance"":5,""physical_error_rate"":0.0002}","{""detection_events"":27746,""detectors_checked"":33947648}"
     83968,         0,         0,    2.19,standalone_exact_mw,000a12f67b6d2f9febee6f900216609acb0c5281b533fe6e35129362572a0912,"{""distance"":5,""physical_error_rate"":0.0002}","{""detection_events"":15435,""detectors_checked"":18808832}"
    139264,         0,         0,    2.18,standalone_exact_mw,000a12f67b6d2f9febee6f900216609acb0c5281b533fe6e35129362572a0912,"{""distance"":5,""physical_error_rate"":0.0002}","{""detection_events"":25539,""detectors_checked"":31195136}"
     48128,         0,         0,    2.19,standalone_exact_mw,7a8ab0d03b7ead21ed40b3e2556c734d992a86585a3d666abe35fd996793b7e5,"{""distance"":5,""physical_error_rate"":0.0005}","{""detection_events"":22177,""detectors_checked"":10780672}"
    138240,         0,         0,    2.17,standalone_exact_mw,000a12f67b6d2f9febee6f900216609acb0c5281b533fe6e35129362572a0912,"{""distance"":5,""physical_error_rate"":0.0002}","{""detection_events"":25363,""detectors_checked"":30965760}"
    107520,         0,         0,    2.18,standalone_exact_mw,000a12f67b6d2f9febee6f900216609acb0c5281b533fe6e35129362572a0912,"{""distance"":5,""physical_error_rate"":0.0002}","{""detection_events"":19814,""detectors_checked"":24084480}"
     83968,         0,         0,    2.18,standalone_exact_mw,000a12f67b6d2f9febee6f900216609acb0c5281b533fe6e35129362572a0912,"{""distance"":5,""physical_error_rate"":0.0002}","{""detection_events"":15741,""detectors_checked"":18808832}"
     86016,         0,         0,    2.18,standalone_exact_mw,7a8ab0d03b7ead21ed40b3e2556c734d992a86585a3d666abe35fd996793b7e5,"{""distance"":5,""physical_error_rate"":0.0005}","{""detection_events"":38992,""detectors_checked"":19267584}"
     45056,         0,         0,    2.19,standalone_exact_mw,000a12f67b6d2f9febee6f900216609acb0c5281b533fe6e35129362572a0912,"{""distance"":5,""physical_error_rate"":0.0002}","{""detection_events"":8464,""detectors_checked"":10092544}"
     83968,         0,         0,    2.18,standalone_exact_mw,7a8ab0d03b7ead21ed40b3e2556c734d992a86585a3d666abe35fd996793b7e5,"{""distance"":5,""physical_error_rate"":0.0005}","{""detection_events"":38899,""detectors_checked"":18808832}"
     79872,         0,         0,    2.19,standalone_exact_mw,7a8ab0d03b7ead21ed40b3e2556c734d992a86585a3d666abe35fd996793b7e5,"{""distance"":5,""physical_error_rate"":0.0005}","{""detection_events"":36498,""detectors_checked"":17891328}"
     89088,         0,         0,    2.19,standalone_exact_mw,7a8ab0d03b7ead21ed40b3e2556c734d992a86585a3d666abe35fd996793b7e5,"{""distance"":5,""physical_error_rate"":0.0005}","{""detection_events"":40790,""detectors_checked"":19955712}"
     49152,         0,         0,    2.18,standalone_exact_mw,7a8ab0d03b7ead21ed40b3e2556c734d992a86585a3d666abe35fd996793b7e5,"{""distance"":5,""physical_error_rate"":0.0005}","{""detection_events"":22552,""detectors_checked"":11010048}"
     68608,         0,         0,    2.21,standalone_exact_mw,7a8ab0d03b7ead21ed40b3e2556c734d992a86585a3d666abe35fd996793b7e5,"{""distance"":5,""physical_error_rate"":0.0005}","{""detection_events"":31626,""detectors_checked"":15368192}"
     50176,         0,         0,    2.18,standalone_exact_mw,7a8ab0d03b7ead21ed40b3e2556c734d992a86585a3d666abe35fd996793b7e5,"{""distance"":5,""physical_error_rate"":0.0005}","{""detection_events"":23115,""detectors_checked"":11239424}"
     18432,         0,         0,    2.20,standalone_exact_mw,000a12f67b6d2f9febee6f900216609acb0c5281b533fe6e35129362572a0912,"{""distance"":5,""physical_error_rate"":0.0002}","{""detection_events"":3373,""detectors_checked"":4128768}"
    191488,         0,         0,    3.07,standalone_exact_mw,000a12f67b6d2f9febee6f900216609acb0c5281b533fe6e35129362572a0912,"{""distance"":5,""physical_error_rate"":0.0002}","{""detection_events"":36038,""detectors_checked"":42893312}"
    119808,         0,         0,    3.06,standalone_exact_mw,000a12f67b6d2f9febee6f900216609acb0c5281b533fe6e35129362572a0912,"{""distance"":5,""physical_error_rate"":0.0002}","{""detection_events"":21615,""detectors_checked"":26836992}"
    228352,         0,         0,    3.05,standalone_exact_mw,000a12f67b6d2f9febee6f900216609acb0c5281b533fe6e35129362572a0912,"{""distance"":5,""physical_error_rate"":0.0002}","{""detection_events"":41944,""detectors_checked"":51150848}"
    492544,         1,         0,   119.7,standalone_exact_mw,7a8ab0d03b7ead21ed40b3e2556c734d992a86585a3d666abe35fd996793b7e5,"{""distance"":5,""physical_error_rate"":0.0005}","{""detection_events"":225409,""detectors_checked"":110329856,""obs_mistake_mask=E"":1}"
    105472,         0,         0,    3.04,standalone_exact_mw,7a8ab0d03b7ead21ed40b3e2556c734d992a86585a3d666abe35fd996793b7e5,"{""distance"":5,""physical_error_rate"":0.0005}","{""detection_events"":48218,""detectors_checked"":23625728}"
    131072,         0,         0,    3.03,standalone_exact_mw,000a12f67b6d2f9febee6f900216609acb0c5281b533fe6e35129362572a0912,"{""distance"":5,""physical_error_rate"":0.0002}","{""detection_events"":23847,""detectors_checked"":29360128}"
    120832,         0,         0,    3.05,standalone_exact_mw,000a12f67b6d2f9febee6f900216609acb0c5281b533fe6e35129362572a0912,"{""distance"":5,""physical_error_rate"":0.0002}","{""detection_events"":22385,""detectors_checked"":27066368}"
    123904,         0,         0,    3.04,standalone_exact_mw,000a12f67b6d2f9febee6f900216609acb0c5281b533fe6e35129362572a0912,"{""distance"":5,""physical_error_rate"":0.0002}","{""detection_events"":22692,""detectors_checked"":27754496}"
    120832,         1,         0,    3.05,standalone_exact_mw,7a8ab0d03b7ead21ed40b3e2556c734d992a86585a3d666abe35fd996793b7e5,"{""distance"":5,""physical_error_rate"":0.0005}","{""detection_events"":55605,""detectors_checked"":27066368,""obs_mistake_mask=E"":1}"
    121856,         0,         0,    3.06,standalone_exact_mw,000a12f67b6d2f9febee6f900216609acb0c5281b533fe6e35129362572a0912,"{""distance"":5,""physical_error_rate"":0.0002}","{""detection_events"":22602,""detectors_checked"":27295744}"
     84992,         0,         0,    3.04,standalone_exact_mw,7a8ab0d03b7ead21ed40b3e2556c734d992a86585a3d666abe35fd996793b7e5,"{""distance"":5,""physical_error_rate"":0.0005}","{""detection_events"":39483,""detectors_checked"":19038208}"
    100352,         0,         0,    3.03,standalone_exact_mw,7a8ab0d03b7ead21ed40b3e2556c734d992a86585a3d666abe35fd996793b7e5,"{""distance"":5,""physical_error_rate"":0.0005}","{""detection_events"":45935,""detectors_checked"":22478848}"
     96256,         0,         0,    3.11,standalone_exact_mw,7a8ab0d03b7ead21ed40b3e2556c734d992a86585a3d666abe35fd996793b7e5,"{""distance"":5,""physical_error_rate"":0.0005}","{""detection_events"":44125,""detectors_checked"":21561344}"
     68608,         0,         0,    3.05,standalone_exact_mw,7a8ab0d03b7ead21ed40b3e2556c734d992a86585a3d666abe35fd996793b7e5,"{""distance"":5,""physical_error_rate"":0.0005}","{""detection_events"":31510,""detectors_checked"":15368192}"
    111616,         0,         0,    3.05,standalone_exact_mw,7a8ab0d03b7ead21ed40b3e2556c734d992a86585a3d666abe35fd996793b7e5,"{""distance"":5,""physical_error_rate"":0.0005}","{""detection_events"":51695,""detectors_checked"":25001984}"
     67584,         0,         0,    3.09,standalone_exact_mw,7a8ab0d03b7ead21ed40b3e2556c734d992a86585a3d666abe35fd996793b7e5,"{""distance"":5,""physical_error_rate"":0.0005}","{""detection_events"":31100,""detectors_checked"":15138816}"
   1139712,         0,         0,   119.6,standalone_exact_mw,000a12f67b6d2f9febee6f900216609acb0c5281b533fe6e35129362572a0912,"{""distance"":5,""physical_error_rate"":0.0002}","{""detection_events"":210194,""detectors_checked"":255295488}"
     35840,         0,         0,    3.07,standalone_exact_mw,000a12f67b6d2f9febee6f900216609acb0c5281b533fe6e35129362572a0912,"{""distance"":5,""physical_error_rate"":0.0002}","{""detection_events"":6555,""detectors_checked"":8028160}"
   2254848,         0,         0,   119.2,standalone_exact_mw,000a12f67b6d2f9febee6f900216609acb0c5281b533fe6e35129362572a0912,"{""distance"":5,""physical_error_rate"":0.0002}","{""detection_events"":414208,""detectors_checked"":505085952}"
   1897472,         4,         0,   119.7,standalone_exact_mw,7a8ab0d03b7ead21ed40b3e2556c734d992a86585a3d666abe35fd996793b7e5,"{""distance"":5,""physical_error_rate"":0.0005}","{""detection_events"":872561,""detectors_checked"":425033728,""obs_mistake_mask=E"":4}"
    175104,         1,         0,    4.26,standalone_exact_mw,000a12f67b6d2f9febee6f900216609acb0c5281b533fe6e35129362572a0912,"{""distance"":5,""physical_error_rate"":0.0002}","{""detection_events"":32213,""detectors_checked"":39223296,""obs_mistake_mask=E"":1}"
    261120,         0,         0,    4.25,standalone_exact_mw,000a12f67b6d2f9febee6f900216609acb0c5281b533fe6e35129362572a0912,"{""distance"":5,""physical_error_rate"":0.0002}","{""detection_events"":48104,""detectors_checked"":58490880}"
    271360,         0,         0,    4.26,standalone_exact_mw,000a12f67b6d2f9febee6f900216609acb0c5281b533fe6e35129362572a0912,"{""distance"":5,""physical_error_rate"":0.0002}","{""detection_events"":50077,""detectors_checked"":60784640}"
    194560,         0,         0,    4.27,standalone_exact_mw,000a12f67b6d2f9febee6f900216609acb0c5281b533fe6e35129362572a0912,"{""distance"":5,""physical_error_rate"":0.0002}","{""detection_events"":35962,""detectors_checked"":43581440}"
    179200,         0,         0,    4.30,standalone_exact_mw,7a8ab0d03b7ead21ed40b3e2556c734d992a86585a3d666abe35fd996793b7e5,"{""distance"":5,""physical_error_rate"":0.0005}","{""detection_events"":82508,""detectors_checked"":40140800}"
    215040,         0,         0,    4.27,standalone_exact_mw,000a12f67b6d2f9febee6f900216609acb0c5281b533fe6e35129362572a0912,"{""distance"":5,""physical_error_rate"":0.0002}","{""detection_events"":40005,""detectors_checked"":48168960}"
    166912,         1,         0,    4.28,standalone_exact_mw,000a12f67b6d2f9febee6f900216609acb0c5281b533fe6e35129362572a0912,"{""distance"":5,""physical_error_rate"":0.0002}","{""detection_events"":31127,""detectors_checked"":37388288,""obs_mistake_mask=E"":1}"
    176128,         1,         0,    4.27,standalone_exact_mw,7a8ab0d03b7ead21ed40b3e2556c734d992a86585a3d666abe35fd996793b7e5,"{""distance"":5,""physical_error_rate"":0.0005}","{""detection_events"":81952,""detectors_checked"":39452672,""obs_mistake_mask=E"":1}"
    174080,         0,         0,    4.27,standalone_exact_mw,000a12f67b6d2f9febee6f900216609acb0c5281b533fe6e35129362572a0912,"{""distance"":5,""physical_error_rate"":0.0002}","{""detection_events"":31667,""detectors_checked"":38993920}"
     99328,         0,         0,    4.27,standalone_exact_mw,7a8ab0d03b7ead21ed40b3e2556c734d992a86585a3d666abe35fd996793b7e5,"{""distance"":5,""physical_error_rate"":0.0005}","{""detection_events"":45881,""detectors_checked"":22249472}"
     96256,         0,         0,    4.28,standalone_exact_mw,7a8ab0d03b7ead21ed40b3e2556c734d992a86585a3d666abe35fd996793b7e5,"{""distance"":5,""physical_error_rate"":0.0005}","{""detection_events"":44172,""detectors_checked"":21561344}"
     96256,         0,         0,    4.31,standalone_exact_mw,7a8ab0d03b7ead21ed40b3e2556c734d992a86585a3d666abe35fd996793b7e5,"{""distance"":5,""physical_error_rate"":0.0005}","{""detection_events"":43998,""detectors_checked"":21561344}"
     97280,         1,         0,    4.27,standalone_exact_mw,7a8ab0d03b7ead21ed40b3e2556c734d992a86585a3d666abe35fd996793b7e5,"{""distance"":5,""physical_error_rate"":0.0005}","{""detection_events"":44855,""detectors_checked"":21790720,""obs_mistake_mask=E"":1}"
     96256,         0,         0,    4.28,standalone_exact_mw,7a8ab0d03b7ead21ed40b3e2556c734d992a86585a3d666abe35fd996793b7e5,"{""distance"":5,""physical_error_rate"":0.0005}","{""detection_events"":44375,""detectors_checked"":21561344}"
    111616,         0,         0,    4.30,standalone_exact_mw,7a8ab0d03b7ead21ed40b3e2556c734d992a86585a3d666abe35fd996793b7e5,"{""distance"":5,""physical_error_rate"":0.0005}","{""detection_events"":51127,""detectors_checked"":25001984}"
     44032,         0,         0,    4.35,standalone_exact_mw,000a12f67b6d2f9febee6f900216609acb0c5281b533fe6e35129362572a0912,"{""distance"":5,""physical_error_rate"":0.0002}","{""detection_events"":8392,""detectors_checked"":9863168}"
   8427520,         2,         0,   119.7,standalone_exact_mw,000a12f67b6d2f9febee6f900216609acb0c5281b533fe6e35129362572a0912,"{""distance"":5,""physical_error_rate"":0.0002}","{""detection_events"":1551995,""detectors_checked"":1887764480,""obs_mistake_mask=E"":2}"
   4546560,        18,         0,   119.9,standalone_exact_mw,7a8ab0d03b7ead21ed40b3e2556c734d992a86585a3d666abe35fd996793b7e5,"{""distance"":5,""physical_error_rate"":0.0005}","{""detection_events"":2087440,""detectors_checked"":1018429440,""obs_mistake_mask=E"":18}"
    405504,         1,         0,   119.6,standalone_exact_mw,7a8ab0d03b7ead21ed40b3e2556c734d992a86585a3d666abe35fd996793b7e5,"{""distance"":5,""physical_error_rate"":0.0005}","{""detection_events"":186223,""detectors_checked"":90832896,""obs_mistake_mask=E"":1}"
    349184,         0,         0,    5.98,standalone_exact_mw,000a12f67b6d2f9febee6f900216609acb0c5281b533fe6e35129362572a0912,"{""distance"":5,""physical_error_rate"":0.0002}","{""detection_events"":64435,""detectors_checked"":78217216}"
    436224,         0,         0,    5.96,standalone_exact_mw,000a12f67b6d2f9febee6f900216609acb0c5281b533fe6e35129362572a0912,"{""distance"":5,""physical_error_rate"":0.0002}","{""detection_events"":80376,""detectors_checked"":97714176}"
    419840,         0,         0,    5.97,standalone_exact_mw,000a12f67b6d2f9febee6f900216609acb0c5281b533fe6e35129362572a0912,"{""distance"":5,""physical_error_rate"":0.0002}","{""detection_events"":76411,""detectors_checked"":94044160}"
    257024,         0,         0,    5.96,standalone_exact_mw,7a8ab0d03b7ead21ed40b3e2556c734d992a86585a3d666abe35fd996793b7e5,"{""distance"":5,""physical_error_rate"":0.0005}","{""detection_events"":117412,""detectors_checked"":57573376}"
    254976,         0,         0,    5.98,standalone_exact_mw,000a12f67b6d2f9febee6f900216609acb0c5281b533fe6e35129362572a0912,"{""distance"":5,""physical_error_rate"":0.0002}","{""detection_events"":46602,""detectors_checked"":57114624}"
    279552,         0,         0,    5.97,standalone_exact_mw,000a12f67b6d2f9febee6f900216609acb0c5281b533fe6e35129362572a0912,"{""distance"":5,""physical_error_rate"":0.0002}","{""detection_events"":51145,""detectors_checked"":62619648}"
    238592,         0,         0,    5.97,standalone_exact_mw,000a12f67b6d2f9febee6f900216609acb0c5281b533fe6e35129362572a0912,"{""distance"":5,""physical_error_rate"":0.0002}","{""detection_events"":43235,""detectors_checked"":53444608}"
    252928,         0,         0,    5.99,standalone_exact_mw,7a8ab0d03b7ead21ed40b3e2556c734d992a86585a3d666abe35fd996793b7e5,"{""distance"":5,""physical_error_rate"":0.0005}","{""detection_events"":115759,""detectors_checked"":56655872}"
    240640,         0,         0,    5.97,standalone_exact_mw,000a12f67b6d2f9febee6f900216609acb0c5281b533fe6e35129362572a0912,"{""distance"":5,""physical_error_rate"":0.0002}","{""detection_events"":43798,""detectors_checked"":53903360}"
    236544,         0,         0,    5.98,standalone_exact_mw,7a8ab0d03b7ead21ed40b3e2556c734d992a86585a3d666abe35fd996793b7e5,"{""distance"":5,""physical_error_rate"":0.0005}","{""detection_events"":108613,""detectors_checked"":52985856}"
    169984,         1,         0,    6.01,standalone_exact_mw,7a8ab0d03b7ead21ed40b3e2556c734d992a86585a3d666abe35fd996793b7e5,"{""distance"":5,""physical_error_rate"":0.0005}","{""detection_events"":77798,""detectors_checked"":38076416,""obs_mistake_mask=E"":1}"
    131072,         0,         0,    5.98,standalone_exact_mw,7a8ab0d03b7ead21ed40b3e2556c734d992a86585a3d666abe35fd996793b7e5,"{""distance"":5,""physical_error_rate"":0.0005}","{""detection_events"":61374,""detectors_checked"":29360128}"
    133120,         1,         0,    6.01,standalone_exact_mw,7a8ab0d03b7ead21ed40b3e2556c734d992a86585a3d666abe35fd996793b7e5,"{""distance"":5,""physical_error_rate"":0.0005}","{""detection_events"":61789,""detectors_checked"":29818880,""obs_mistake_mask=E"":1}"
    161792,         0,         0,    5.99,standalone_exact_mw,7a8ab0d03b7ead21ed40b3e2556c734d992a86585a3d666abe35fd996793b7e5,"{""distance"":5,""physical_error_rate"":0.0005}","{""detection_events"":73914,""detectors_checked"":36241408}"
    131072,         0,         0,    6.01,standalone_exact_mw,7a8ab0d03b7ead21ed40b3e2556c734d992a86585a3d666abe35fd996793b7e5,"{""distance"":5,""physical_error_rate"":0.0005}","{""detection_events"":60224,""detectors_checked"":29360128}"
     40960,         0,         0,    5.93,standalone_exact_mw,000a12f67b6d2f9febee6f900216609acb0c5281b533fe6e35129362572a0912,"{""distance"":5,""physical_error_rate"":0.0002}","{""detection_events"":7781,""detectors_checked"":9175040}"
    505856,         1,         0,    8.36,standalone_exact_mw,000a12f67b6d2f9febee6f900216609acb0c5281b533fe6e35129362572a0912,"{""distance"":5,""physical_error_rate"":0.0002}","{""detection_events"":93386,""detectors_checked"":113311744,""obs_mistake_mask=E"":1}"
    600064,         0,         0,    8.36,standalone_exact_mw,000a12f67b6d2f9febee6f900216609acb0c5281b533fe6e35129362572a0912,"{""distance"":5,""physical_error_rate"":0.0002}","{""detection_events"":109610,""detectors_checked"":134414336}"
    466944,         0,         0,    8.36,standalone_exact_mw,000a12f67b6d2f9febee6f900216609acb0c5281b533fe6e35129362572a0912,"{""distance"":5,""physical_error_rate"":0.0002}","{""detection_events"":85609,""detectors_checked"":104595456}"
    333824,         0,         0,    8.37,standalone_exact_mw,000a12f67b6d2f9febee6f900216609acb0c5281b533fe6e35129362572a0912,"{""distance"":5,""physical_error_rate"":0.0002}","{""detection_events"":60793,""detectors_checked"":74776576}"
    422912,         0,         0,    8.36,standalone_exact_mw,000a12f67b6d2f9febee6f900216609acb0c5281b533fe6e35129362572a0912,"{""distance"":5,""physical_error_rate"":0.0002}","{""detection_events"":78301,""detectors_checked"":94732288}"
    340992,         0,         0,    8.39,standalone_exact_mw,7a8ab0d03b7ead21ed40b3e2556c734d992a86585a3d666abe35fd996793b7e5,"{""distance"":5,""physical_error_rate"":0.0005}","{""detection_events"":158292,""detectors_checked"":76382208}"
    354304,         1,         0,    8.37,standalone_exact_mw,7a8ab0d03b7ead21ed40b3e2556c734d992a86585a3d666abe35fd996793b7e5,"{""distance"":5,""physical_error_rate"":0.0005}","{""detection_events"":163160,""detectors_checked"":79364096,""obs_mistake_mask=E"":1}"
    334848,         0,         0,    8.34,standalone_exact_mw,000a12f67b6d2f9febee6f900216609acb0c5281b533fe6e35129362572a0912,"{""distance"":5,""physical_error_rate"":0.0002}","{""detection_events"":61518,""detectors_checked"":75005952}"
    274432,         0,         0,    8.30,standalone_exact_mw,000a12f67b6d2f9febee6f900216609acb0c5281b533fe6e35129362572a0912,"{""distance"":5,""physical_error_rate"":0.0002}","{""detection_events"":50906,""detectors_checked"":61472768}"
    291840,         1,         0,    8.39,standalone_exact_mw,7a8ab0d03b7ead21ed40b3e2556c734d992a86585a3d666abe35fd996793b7e5,"{""distance"":5,""physical_error_rate"":0.0005}","{""detection_events"":134114,""detectors_checked"":65372160,""obs_mistake_mask=E"":1}"
    260096,         0,         0,    8.37,standalone_exact_mw,7a8ab0d03b7ead21ed40b3e2556c734d992a86585a3d666abe35fd996793b7e5,"{""distance"":5,""physical_error_rate"":0.0005}","{""detection_events"":120073,""detectors_checked"":58261504}"
    216064,         1,         0,    8.37,standalone_exact_mw,7a8ab0d03b7ead21ed40b3e2556c734d992a86585a3d666abe35fd996793b7e5,"{""distance"":5,""physical_error_rate"":0.0005}","{""detection_events"":99996,""detectors_checked"":48398336,""obs_mistake_mask=E"":1}"
    188416,         1,         0,    8.37,standalone_exact_mw,7a8ab0d03b7ead21ed40b3e2556c734d992a86585a3d666abe35fd996793b7e5,"{""distance"":5,""physical_error_rate"":0.0005}","{""detection_events"":86257,""detectors_checked"":42205184,""obs_mistake_mask=E"":1}"
    195584,         0,         0,    8.37,standalone_exact_mw,7a8ab0d03b7ead21ed40b3e2556c734d992a86585a3d666abe35fd996793b7e5,"{""distance"":5,""physical_error_rate"":0.0005}","{""detection_events"":89741,""detectors_checked"":43810816}"
    106496,         0,         0,    8.64,standalone_exact_mw,7a8ab0d03b7ead21ed40b3e2556c734d992a86585a3d666abe35fd996793b7e5,"{""distance"":5,""physical_error_rate"":0.0005}","{""detection_events"":48601,""detectors_checked"":23855104}"
     63488,         0,         0,    8.60,standalone_exact_mw,000a12f67b6d2f9febee6f900216609acb0c5281b533fe6e35129362572a0912,"{""distance"":5,""physical_error_rate"":0.0002}","{""detection_events"":11732,""detectors_checked"":14221312}"
    902144,         1,         0,    11.7,standalone_exact_mw,000a12f67b6d2f9febee6f900216609acb0c5281b533fe6e35129362572a0912,"{""distance"":5,""physical_error_rate"":0.0002}","{""detection_events"":165453,""detectors_checked"":202080256,""obs_mistake_mask=E"":1}"
    921600,         0,         0,    11.7,standalone_exact_mw,000a12f67b6d2f9febee6f900216609acb0c5281b533fe6e35129362572a0912,"{""distance"":5,""physical_error_rate"":0.0002}","{""detection_events"":169633,""detectors_checked"":206438400}"
    837632,         0,         0,    11.7,standalone_exact_mw,000a12f67b6d2f9febee6f900216609acb0c5281b533fe6e35129362572a0912,"{""distance"":5,""physical_error_rate"":0.0002}","{""detection_events"":154231,""detectors_checked"":187629568}"
    890880,         0,         0,    11.7,standalone_exact_mw,000a12f67b6d2f9febee6f900216609acb0c5281b533fe6e35129362572a0912,"{""distance"":5,""physical_error_rate"":0.0002}","{""detection_events"":163703,""detectors_checked"":199557120}"
    884736,         0,         0,    11.7,standalone_exact_mw,000a12f67b6d2f9febee6f900216609acb0c5281b533fe6e35129362572a0912,"{""distance"":5,""physical_error_rate"":0.0002}","{""detection_events"":163555,""detectors_checked"":198180864}"
    517120,         3,         0,    11.7,standalone_exact_mw,7a8ab0d03b7ead21ed40b3e2556c734d992a86585a3d666abe35fd996793b7e5,"{""distance"":5,""physical_error_rate"":0.0005}","{""detection_events"":237116,""detectors_checked"":115834880,""obs_mistake_mask=E"":3}"
    518144,         2,         0,    11.7,standalone_exact_mw,7a8ab0d03b7ead21ed40b3e2556c734d992a86585a3d666abe35fd996793b7e5,"{""distance"":5,""physical_error_rate"":0.0005}","{""detection_events"":236314,""detectors_checked"":116064256,""obs_mistake_mask=E"":2}"
    195584,         0,         0,    11.7,standalone_exact_mw,000a12f67b6d2f9febee6f900216609acb0c5281b533fe6e35129362572a0912,"{""distance"":5,""physical_error_rate"":0.0002}","{""detection_events"":36145,""detectors_checked"":43810816}"
    526336,         1,         0,    11.7,standalone_exact_mw,7a8ab0d03b7ead21ed40b3e2556c734d992a86585a3d666abe35fd996793b7e5,"{""distance"":5,""physical_error_rate"":0.0005}","{""detection_events"":242140,""detectors_checked"":117899264,""obs_mistake_mask=E"":1}"
    510976,         3,         0,    11.7,standalone_exact_mw,7a8ab0d03b7ead21ed40b3e2556c734d992a86585a3d666abe35fd996793b7e5,"{""distance"":5,""physical_error_rate"":0.0005}","{""detection_events"":235056,""detectors_checked"":114458624,""obs_mistake_mask=E"":3}"
    506880,         1,         0,    11.7,standalone_exact_mw,7a8ab0d03b7ead21ed40b3e2556c734d992a86585a3d666abe35fd996793b7e5,"{""distance"":5,""physical_error_rate"":0.0005}","{""detection_events"":233549,""detectors_checked"":113541120,""obs_mistake_mask=E"":1}"
    519168,         0,         0,    11.7,standalone_exact_mw,7a8ab0d03b7ead21ed40b3e2556c734d992a86585a3d666abe35fd996793b7e5,"{""distance"":5,""physical_error_rate"":0.0005}","{""detection_events"":237258,""detectors_checked"":116293632}"
     45056,         0,         0,    11.9,standalone_exact_mw,000a12f67b6d2f9febee6f900216609acb0c5281b533fe6e35129362572a0912,"{""distance"":5,""physical_error_rate"":0.0002}","{""detection_events"":8088,""detectors_checked"":10092544}"
     80896,         1,         0,    12.1,standalone_exact_mw,7a8ab0d03b7ead21ed40b3e2556c734d992a86585a3d666abe35fd996793b7e5,"{""distance"":5,""physical_error_rate"":0.0005}","{""detection_events"":37139,""detectors_checked"":18120704,""obs_mistake_mask=E"":1}"
     25600,         0,         0,    12.0,standalone_exact_mw,7a8ab0d03b7ead21ed40b3e2556c734d992a86585a3d666abe35fd996793b7e5,"{""distance"":5,""physical_error_rate"":0.0005}","{""detection_events"":11672,""detectors_checked"":5734400}"
     44032,         0,         0,    11.7,standalone_exact_mw,000a12f67b6d2f9febee6f900216609acb0c5281b533fe6e35129362572a0912,"{""distance"":5,""physical_error_rate"":0.0002}","{""detection_events"":8076,""detectors_checked"":9863168}"
    692224,         1,         0,   119.6,standalone_exact_mw,000a12f67b6d2f9febee6f900216609acb0c5281b533fe6e35129362572a0912,"{""distance"":5,""physical_error_rate"":0.0002}","{""detection_events"":126655,""detectors_checked"":155058176,""obs_mistake_mask=E"":1}"
    865280,         3,         0,   119.7,standalone_exact_mw,7a8ab0d03b7ead21ed40b3e2556c734d992a86585a3d666abe35fd996793b7e5,"{""distance"":5,""physical_error_rate"":0.0005}","{""detection_events"":397669,""detectors_checked"":193822720,""obs_mistake_mask=E"":3}"
   2565120,         1,         0,   119.9,standalone_exact_mw,000a12f67b6d2f9febee6f900216609acb0c5281b533fe6e35129362572a0912,"{""distance"":5,""physical_error_rate"":0.0002}","{""detection_events"":471442,""detectors_checked"":574586880,""obs_mistake_mask=E"":1}"
    566272,         0,         0,   119.8,standalone_exact_mw,7a8ab0d03b7ead21ed40b3e2556c734d992a86585a3d666abe35fd996793b7e5,"{""distance"":5,""physical_error_rate"":0.0005}","{""detection_events"":260235,""detectors_checked"":126844928}"
   4262912,         3,         0,    62.8,standalone_exact_mw,000a12f67b6d2f9febee6f900216609acb0c5281b533fe6e35129362572a0912,"{""distance"":5,""physical_error_rate"":0.0002}","{""detection_events"":784050,""detectors_checked"":954892288,""obs_mistake_mask=E"":3}"
   4340736,         1,         0,    62.9,standalone_exact_mw,000a12f67b6d2f9febee6f900216609acb0c5281b533fe6e35129362572a0912,"{""distance"":5,""physical_error_rate"":0.0002}","{""detection_events"":797450,""detectors_checked"":972324864,""obs_mistake_mask=E"":1}"
   2393088,         2,         0,    62.9,standalone_exact_mw,7a8ab0d03b7ead21ed40b3e2556c734d992a86585a3d666abe35fd996793b7e5,"{""distance"":5,""physical_error_rate"":0.0005}","{""detection_events"":1098396,""detectors_checked"":536051712,""obs_mistake_mask=E"":2}"
   4539392,         3,         0,    62.9,standalone_exact_mw,000a12f67b6d2f9febee6f900216609acb0c5281b533fe6e35129362572a0912,"{""distance"":5,""physical_error_rate"":0.0002}","{""detection_events"":836652,""detectors_checked"":1016823808,""obs_mistake_mask=E"":3}"
   2579456,         4,         0,    62.9,standalone_exact_mw,7a8ab0d03b7ead21ed40b3e2556c734d992a86585a3d666abe35fd996793b7e5,"{""distance"":5,""physical_error_rate"":0.0005}","{""detection_events"":1182061,""detectors_checked"":577798144,""obs_mistake_mask=E"":4}"
   1318912,         1,         0,    16.4,standalone_exact_mw,000a12f67b6d2f9febee6f900216609acb0c5281b533fe6e35129362572a0912,"{""distance"":5,""physical_error_rate"":0.0002}","{""detection_events"":240998,""detectors_checked"":295436288,""obs_mistake_mask=E"":1}"
   1306624,         2,         0,    16.4,standalone_exact_mw,000a12f67b6d2f9febee6f900216609acb0c5281b533fe6e35129362572a0912,"{""distance"":5,""physical_error_rate"":0.0002}","{""detection_events"":239652,""detectors_checked"":292683776,""obs_mistake_mask=E"":2}"
   1285120,         0,         0,    16.4,standalone_exact_mw,000a12f67b6d2f9febee6f900216609acb0c5281b533fe6e35129362572a0912,"{""distance"":5,""physical_error_rate"":0.0002}","{""detection_events"":234530,""detectors_checked"":287866880}"
    975872,         0,         0,    62.7,standalone_exact_mw,000a12f67b6d2f9febee6f900216609acb0c5281b533fe6e35129362572a0912,"{""distance"":5,""physical_error_rate"":0.0002}","{""detection_events"":178010,""detectors_checked"":218595328}"
   1304576,         0,         0,    16.4,standalone_exact_mw,000a12f67b6d2f9febee6f900216609acb0c5281b533fe6e35129362572a0912,"{""distance"":5,""physical_error_rate"":0.0002}","{""detection_events"":241674,""detectors_checked"":292225024}"
   1332224,         0,         0,    16.4,standalone_exact_mw,000a12f67b6d2f9febee6f900216609acb0c5281b533fe6e35129362572a0912,"{""distance"":5,""physical_error_rate"":0.0002}","{""detection_events"":243397,""detectors_checked"":298418176}"
    732160,         5,         0,    16.4,standalone_exact_mw,7a8ab0d03b7ead21ed40b3e2556c734d992a86585a3d666abe35fd996793b7e5,"{""distance"":5,""physical_error_rate"":0.0005}","{""detection_events"":336003,""detectors_checked"":164003840,""obs_mistake_mask=E"":5}"
    744448,         4,         0,    16.4,standalone_exact_mw,7a8ab0d03b7ead21ed40b3e2556c734d992a86585a3d666abe35fd996793b7e5,"{""distance"":5,""physical_error_rate"":0.0005}","{""detection_events"":341003,""detectors_checked"":166756352,""obs_mistake_mask=E"":4}"
    736256,         1,         0,    16.4,standalone_exact_mw,7a8ab0d03b7ead21ed40b3e2556c734d992a86585a3d666abe35fd996793b7e5,"{""distance"":5,""physical_error_rate"":0.0005}","{""detection_events"":336677,""detectors_checked"":164921344,""obs_mistake_mask=E"":1}"
    728064,         3,         0,    16.4,standalone_exact_mw,7a8ab0d03b7ead21ed40b3e2556c734d992a86585a3d666abe35fd996793b7e5,"{""distance"":5,""physical_error_rate"":0.0005}","{""detection_events"":334924,""detectors_checked"":163086336,""obs_mistake_mask=E"":3}"
    742400,         0,         0,    16.4,standalone_exact_mw,7a8ab0d03b7ead21ed40b3e2556c734d992a86585a3d666abe35fd996793b7e5,"{""distance"":5,""physical_error_rate"":0.0005}","{""detection_events"":339759,""detectors_checked"":166297600}"
    742400,         2,         0,    16.4,standalone_exact_mw,7a8ab0d03b7ead21ed40b3e2556c734d992a86585a3d666abe35fd996793b7e5,"{""distance"":5,""physical_error_rate"":0.0005}","{""detection_events"":339265,""detectors_checked"":166297600,""obs_mistake_mask=E"":2}"
     58368,         0,         0,    16.3,standalone_exact_mw,000a12f67b6d2f9febee6f900216609acb0c5281b533fe6e35129362572a0912,"{""distance"":5,""physical_error_rate"":0.0002}","{""detection_events"":10790,""detectors_checked"":13074432}"
     57344,         0,         0,    16.3,standalone_exact_mw,000a12f67b6d2f9febee6f900216609acb0c5281b533fe6e35129362572a0912,"{""distance"":5,""physical_error_rate"":0.0002}","{""detection_events"":10364,""detectors_checked"":12845056}"
     31744,         0,         0,    16.3,standalone_exact_mw,7a8ab0d03b7ead21ed40b3e2556c734d992a86585a3d666abe35fd996793b7e5,"{""distance"":5,""physical_error_rate"":0.0005}","{""detection_events"":14098,""detectors_checked"":7110656}"
     32768,         0,         0,    16.5,standalone_exact_mw,7a8ab0d03b7ead21ed40b3e2556c734d992a86585a3d666abe35fd996793b7e5,"{""distance"":5,""physical_error_rate"":0.0005}","{""detection_events"":14947,""detectors_checked"":7340032}"
    605184,         2,         0,    62.6,standalone_exact_mw,7a8ab0d03b7ead21ed40b3e2556c734d992a86585a3d666abe35fd996793b7e5,"{""distance"":5,""physical_error_rate"":0.0005}","{""detection_events"":276845,""detectors_checked"":135561216,""obs_mistake_mask=E"":2}"
    422912,         1,         0,    62.7,standalone_exact_mw,7a8ab0d03b7ead21ed40b3e2556c734d992a86585a3d666abe35fd996793b7e5,"{""distance"":5,""physical_error_rate"":0.0005}","{""detection_events"":194045,""detectors_checked"":94732288,""obs_mistake_mask=E"":1}"
     58368,         0,         0,    16.4,standalone_exact_mw,000a12f67b6d2f9febee6f900216609acb0c5281b533fe6e35129362572a0912,"{""distance"":5,""physical_error_rate"":0.0002}","{""detection_events"":10629,""detectors_checked"":13074432}"
   8002560,         1,         0,   119.7,standalone_exact_mw,000a12f67b6d2f9febee6f900216609acb0c5281b533fe6e35129362572a0912,"{""distance"":5,""physical_error_rate"":0.0002}","{""detection_events"":1470565,""detectors_checked"":1792573440,""obs_mistake_mask=E"":1}"
   4663296,        12,         0,   119.8,standalone_exact_mw,7a8ab0d03b7ead21ed40b3e2556c734d992a86585a3d666abe35fd996793b7e5,"{""distance"":5,""physical_error_rate"":0.0005}","{""detection_events"":2142947,""detectors_checked"":1044578304,""obs_mistake_mask=E"":12}"
    650240,         0,         0,   119.7,standalone_exact_mw,000a12f67b6d2f9febee6f900216609acb0c5281b533fe6e35129362572a0912,"{""distance"":5,""physical_error_rate"":0.0002}","{""detection_events"":120188,""detectors_checked"":145653760}"
    764928,         3,         0,   119.8,standalone_exact_mw,7a8ab0d03b7ead21ed40b3e2556c734d992a86585a3d666abe35fd996793b7e5,"{""distance"":5,""physical_error_rate"":0.0005}","{""detection_events"":351354,""detectors_checked"":171343872,""obs_mistake_mask=E"":3}"
   2691072,         1,         0,   119.9,standalone_exact_mw,000a12f67b6d2f9febee6f900216609acb0c5281b533fe6e35129362572a0912,"{""distance"":5,""physical_error_rate"":0.0002}","{""detection_events"":495201,""detectors_checked"":602800128,""obs_mistake_mask=E"":1}"
   1427456,         5,         0,   119.9,standalone_exact_mw,7a8ab0d03b7ead21ed40b3e2556c734d992a86585a3d666abe35fd996793b7e5,"{""distance"":5,""physical_error_rate"":0.0005}","{""detection_events"":655878,""detectors_checked"":319750144,""obs_mistake_mask=E"":5}"
   1814528,         1,         0,    22.9,standalone_exact_mw,000a12f67b6d2f9febee6f900216609acb0c5281b533fe6e35129362572a0912,"{""distance"":5,""physical_error_rate"":0.0002}","{""detection_events"":334016,""detectors_checked"":406454272,""obs_mistake_mask=E"":1}"
   1779712,         0,         0,    22.9,standalone_exact_mw,000a12f67b6d2f9febee6f900216609acb0c5281b533fe6e35129362572a0912,"{""distance"":5,""physical_error_rate"":0.0002}","{""detection_events"":327131,""detectors_checked"":398655488}"
   1605632,         0,         0,    22.9,standalone_exact_mw,000a12f67b6d2f9febee6f900216609acb0c5281b533fe6e35129362572a0912,"{""distance"":5,""physical_error_rate"":0.0002}","{""detection_events"":294745,""detectors_checked"":359661568}"
   1799168,         0,         0,    22.9,standalone_exact_mw,000a12f67b6d2f9febee6f900216609acb0c5281b533fe6e35129362572a0912,"{""distance"":5,""physical_error_rate"":0.0002}","{""detection_events"":332346,""detectors_checked"":403013632}"
   1810432,         0,         0,    22.9,standalone_exact_mw,000a12f67b6d2f9febee6f900216609acb0c5281b533fe6e35129362572a0912,"{""distance"":5,""physical_error_rate"":0.0002}","{""detection_events"":332412,""detectors_checked"":405536768}"
    992256,         4,         0,    22.9,standalone_exact_mw,7a8ab0d03b7ead21ed40b3e2556c734d992a86585a3d666abe35fd996793b7e5,"{""distance"":5,""physical_error_rate"":0.0005}","{""detection_events"":458312,""detectors_checked"":222265344,""obs_mistake_mask=E"":4}"
   1027072,         1,         0,    22.9,standalone_exact_mw,7a8ab0d03b7ead21ed40b3e2556c734d992a86585a3d666abe35fd996793b7e5,"{""distance"":5,""physical_error_rate"":0.0005}","{""detection_events"":469294,""detectors_checked"":230064128,""obs_mistake_mask=E"":1}"
    994304,         1,         0,    22.9,standalone_exact_mw,7a8ab0d03b7ead21ed40b3e2556c734d992a86585a3d666abe35fd996793b7e5,"{""distance"":5,""physical_error_rate"":0.0005}","{""detection_events"":456315,""detectors_checked"":222724096,""obs_mistake_mask=E"":1}"
   1036288,         2,         0,    22.9,standalone_exact_mw,7a8ab0d03b7ead21ed40b3e2556c734d992a86585a3d666abe35fd996793b7e5,"{""distance"":5,""physical_error_rate"":0.0005}","{""detection_events"":476790,""detectors_checked"":232128512,""obs_mistake_mask=E"":2}"
   1022976,         7,         0,    22.9,standalone_exact_mw,7a8ab0d03b7ead21ed40b3e2556c734d992a86585a3d666abe35fd996793b7e5,"{""distance"":5,""physical_error_rate"":0.0005}","{""detection_events"":469868,""detectors_checked"":229146624,""obs_mistake_mask=E"":7}"
    993280,         3,         0,    22.9,standalone_exact_mw,7a8ab0d03b7ead21ed40b3e2556c734d992a86585a3d666abe35fd996793b7e5,"{""distance"":5,""physical_error_rate"":0.0005}","{""detection_events"":453721,""detectors_checked"":222494720,""obs_mistake_mask=E"":3}"
     88064,         0,         0,    23.0,standalone_exact_mw,000a12f67b6d2f9febee6f900216609acb0c5281b533fe6e35129362572a0912,"{""distance"":5,""physical_error_rate"":0.0002}","{""detection_events"":16337,""detectors_checked"":19726336}"
    145408,         0,         0,    23.1,standalone_exact_mw,000a12f67b6d2f9febee6f900216609acb0c5281b533fe6e35129362572a0912,"{""distance"":5,""physical_error_rate"":0.0002}","{""detection_events"":26498,""detectors_checked"":32571392}"
    147456,         0,         0,    23.2,standalone_exact_mw,7a8ab0d03b7ead21ed40b3e2556c734d992a86585a3d666abe35fd996793b7e5,"{""distance"":5,""physical_error_rate"":0.0005}","{""detection_events"":67470,""detectors_checked"":33030144}"
    108544,         0,         0,    23.0,standalone_exact_mw,7a8ab0d03b7ead21ed40b3e2556c734d992a86585a3d666abe35fd996793b7e5,"{""distance"":5,""physical_error_rate"":0.0005}","{""detection_events"":50096,""detectors_checked"":24313856}"
     82944,         0,         0,    22.8,standalone_exact_mw,000a12f67b6d2f9febee6f900216609acb0c5281b533fe6e35129362572a0912,"{""distance"":5,""physical_error_rate"":0.0002}","{""detection_events"":15242,""detectors_checked"":18579456}"
   1015808,         0,         0,   119.3,standalone_exact_mw,000a12f67b6d2f9febee6f900216609acb0c5281b533fe6e35129362572a0912,"{""distance"":5,""physical_error_rate"":0.0002}","{""detection_events"":186891,""detectors_checked"":227540992}"
    897024,         3,         0,   119.5,standalone_exact_mw,7a8ab0d03b7ead21ed40b3e2556c734d992a86585a3d666abe35fd996793b7e5,"{""distance"":5,""physical_error_rate"":0.0005}","{""detection_events"":410072,""detectors_checked"":200933376,""obs_mistake_mask=E"":3}"
   2565120,         2,         0,    32.1,standalone_exact_mw,000a12f67b6d2f9febee6f900216609acb0c5281b533fe6e35129362572a0912,"{""distance"":5,""physical_error_rate"":0.0002}","{""detection_events"":470241,""detectors_checked"":574586880,""obs_mistake_mask=E"":2}"
   2558976,         1,         0,    32.1,standalone_exact_mw,000a12f67b6d2f9febee6f900216609acb0c5281b533fe6e35129362572a0912,"{""distance"":5,""physical_error_rate"":0.0002}","{""detection_events"":469840,""detectors_checked"":573210624,""obs_mistake_mask=E"":1}"
   2333696,         1,         0,    32.1,standalone_exact_mw,000a12f67b6d2f9febee6f900216609acb0c5281b533fe6e35129362572a0912,"{""distance"":5,""physical_error_rate"":0.0002}","{""detection_events"":431016,""detectors_checked"":522747904,""obs_mistake_mask=E"":1}"
   2550784,         2,         0,    32.1,standalone_exact_mw,000a12f67b6d2f9febee6f900216609acb0c5281b533fe6e35129362572a0912,"{""distance"":5,""physical_error_rate"":0.0002}","{""detection_events"":468137,""detectors_checked"":571375616,""obs_mistake_mask=E"":2}"
   2563072,         1,         0,    32.1,standalone_exact_mw,000a12f67b6d2f9febee6f900216609acb0c5281b533fe6e35129362572a0912,"{""distance"":5,""physical_error_rate"":0.0002}","{""detection_events"":471573,""detectors_checked"":574128128,""obs_mistake_mask=E"":1}"
   1421312,         4,         0,    32.1,standalone_exact_mw,7a8ab0d03b7ead21ed40b3e2556c734d992a86585a3d666abe35fd996793b7e5,"{""distance"":5,""physical_error_rate"":0.0005}","{""detection_events"":652397,""detectors_checked"":318373888,""obs_mistake_mask=E"":4}"
   1458176,         4,         0,    32.1,standalone_exact_mw,7a8ab0d03b7ead21ed40b3e2556c734d992a86585a3d666abe35fd996793b7e5,"{""distance"":5,""physical_error_rate"":0.0005}","{""detection_events"":670371,""detectors_checked"":326631424,""obs_mistake_mask=E"":4}"
   1431552,         6,         0,    32.1,standalone_exact_mw,7a8ab0d03b7ead21ed40b3e2556c734d992a86585a3d666abe35fd996793b7e5,"{""distance"":5,""physical_error_rate"":0.0005}","{""detection_events"":655842,""detectors_checked"":320667648,""obs_mistake_mask=E"":6}"
   1439744,         3,         0,    32.1,standalone_exact_mw,7a8ab0d03b7ead21ed40b3e2556c734d992a86585a3d666abe35fd996793b7e5,"{""distance"":5,""physical_error_rate"":0.0005}","{""detection_events"":661909,""detectors_checked"":322502656,""obs_mistake_mask=E"":3}"
   1436672,         6,         0,    32.1,standalone_exact_mw,7a8ab0d03b7ead21ed40b3e2556c734d992a86585a3d666abe35fd996793b7e5,"{""distance"":5,""physical_error_rate"":0.0005}","{""detection_events"":659031,""detectors_checked"":321814528,""obs_mistake_mask=E"":6}"
   1443840,         6,         0,    32.1,standalone_exact_mw,7a8ab0d03b7ead21ed40b3e2556c734d992a86585a3d666abe35fd996793b7e5,"{""distance"":5,""physical_error_rate"":0.0005}","{""detection_events"":664743,""detectors_checked"":323420160,""obs_mistake_mask=E"":6}"
    120832,         0,         0,    32.2,standalone_exact_mw,000a12f67b6d2f9febee6f900216609acb0c5281b533fe6e35129362572a0912,"{""distance"":5,""physical_error_rate"":0.0002}","{""detection_events"":21970,""detectors_checked"":27066368}"
    115712,         0,         0,    32.3,standalone_exact_mw,000a12f67b6d2f9febee6f900216609acb0c5281b533fe6e35129362572a0912,"{""distance"":5,""physical_error_rate"":0.0002}","{""detection_events"":21649,""detectors_checked"":25919488}"
    222208,         0,         0,    32.4,standalone_exact_mw,7a8ab0d03b7ead21ed40b3e2556c734d992a86585a3d666abe35fd996793b7e5,"{""distance"":5,""physical_error_rate"":0.0005}","{""detection_events"":101292,""detectors_checked"":49774592}"
     66560,         0,         0,    32.5,standalone_exact_mw,7a8ab0d03b7ead21ed40b3e2556c734d992a86585a3d666abe35fd996793b7e5,"{""distance"":5,""physical_error_rate"":0.0005}","{""detection_events"":31054,""detectors_checked"":14909440}"
    116736,         0,         0,    32.3,standalone_exact_mw,000a12f67b6d2f9febee6f900216609acb0c5281b533fe6e35129362572a0912,"{""distance"":5,""physical_error_rate"":0.0002}","{""detection_events"":21175,""detectors_checked"":26148864}"
   8895488,         1,         0,   119.7,standalone_exact_mw,000a12f67b6d2f9febee6f900216609acb0c5281b533fe6e35129362572a0912,"{""distance"":5,""physical_error_rate"":0.0002}","{""detection_events"":1638353,""detectors_checked"":1992589312,""obs_mistake_mask=E"":1}"
   5100544,        20,         0,   119.8,standalone_exact_mw,7a8ab0d03b7ead21ed40b3e2556c734d992a86585a3d666abe35fd996793b7e5,"{""distance"":5,""physical_error_rate"":0.0005}","{""detection_events"":2342945,""detectors_checked"":1142521856,""obs_mistake_mask=E"":20}"
   2951168,        11,         0,    68.7,standalone_exact_mw,7a8ab0d03b7ead21ed40b3e2556c734d992a86585a3d666abe35fd996793b7e5,"{""distance"":5,""physical_error_rate"":0.0005}","{""detection_events"":1356809,""detectors_checked"":661061632,""obs_mistake_mask=E"":11}"
   5025792,        18,         0,   119.4,standalone_exact_mw,7a8ab0d03b7ead21ed40b3e2556c734d992a86585a3d666abe35fd996793b7e5,"{""distance"":5,""physical_error_rate"":0.0005}","{""detection_events"":2304298,""detectors_checked"":1125777408,""obs_mistake_mask=E"":18}"
    606208,         1,         0,    13.3,standalone_exact_mw,7a8ab0d03b7ead21ed40b3e2556c734d992a86585a3d666abe35fd996793b7e5,"{""distance"":5,""physical_error_rate"":0.0005}","{""detection_events"":277073,""detectors_checked"":135790592,""obs_mistake_mask=E"":1}"
    603136,         2,         0,    13.2,standalone_exact_mw,7a8ab0d03b7ead21ed40b3e2556c734d992a86585a3d666abe35fd996793b7e5,"{""distance"":5,""physical_error_rate"":0.0005}","{""detection_events"":276638,""detectors_checked"":135102464,""obs_mistake_mask=E"":2}"
   2220032,        10,         0,    49.2,standalone_exact_mw,7a8ab0d03b7ead21ed40b3e2556c734d992a86585a3d666abe35fd996793b7e5,"{""distance"":5,""physical_error_rate"":0.0005}","{""detection_events"":1016550,""detectors_checked"":497287168,""obs_mistake_mask=E"":10}"
   3025920,        10,         0,    69.1,standalone_exact_mw,7a8ab0d03b7ead21ed40b3e2556c734d992a86585a3d666abe35fd996793b7e5,"{""distance"":5,""physical_error_rate"":0.0005}","{""detection_events"":1391463,""detectors_checked"":677806080,""obs_mistake_mask=E"":10}"
    591872,         1,         0,    13.3,standalone_exact_mw,7a8ab0d03b7ead21ed40b3e2556c734d992a86585a3d666abe35fd996793b7e5,"{""distance"":5,""physical_error_rate"":0.0005}","{""detection_events"":270968,""detectors_checked"":132579328,""obs_mistake_mask=E"":1}"
   4505600,        12,         0,   107.7,standalone_exact_mw,7a8ab0d03b7ead21ed40b3e2556c734d992a86585a3d666abe35fd996793b7e5,"{""distance"":5,""physical_error_rate"":0.0005}","{""detection_events"":2069828,""detectors_checked"":1009254400,""obs_mistake_mask=E"":12}"
    260096,         0,         0,    79.8,standalone_exact_mw,7a8ab0d03b7ead21ed40b3e2556c734d992a86585a3d666abe35fd996793b7e5,"{""distance"":5,""physical_error_rate"":0.0005}","{""detection_events"":119238,""detectors_checked"":58261504}"
    596992,         0,         0,    13.2,standalone_exact_mw,7a8ab0d03b7ead21ed40b3e2556c734d992a86585a3d666abe35fd996793b7e5,"{""distance"":5,""physical_error_rate"":0.0005}","{""detection_events"":274826,""detectors_checked"":133726208}"
    590848,         1,         0,    13.2,standalone_exact_mw,7a8ab0d03b7ead21ed40b3e2556c734d992a86585a3d666abe35fd996793b7e5,"{""distance"":5,""physical_error_rate"":0.0005}","{""detection_events"":270552,""detectors_checked"":132349952,""obs_mistake_mask=E"":1}"
    589824,         4,         0,    13.2,standalone_exact_mw,7a8ab0d03b7ead21ed40b3e2556c734d992a86585a3d666abe35fd996793b7e5,"{""distance"":5,""physical_error_rate"":0.0005}","{""detection_events"":271431,""detectors_checked"":132120576,""obs_mistake_mask=E"":4}"
    161792,         0,         0,    46.7,standalone_exact_mw,7a8ab0d03b7ead21ed40b3e2556c734d992a86585a3d666abe35fd996793b7e5,"{""distance"":5,""physical_error_rate"":0.0005}","{""detection_events"":74035,""detectors_checked"":36241408}"
    310272,         1,         0,   107.4,standalone_exact_mw,7a8ab0d03b7ead21ed40b3e2556c734d992a86585a3d666abe35fd996793b7e5,"{""distance"":5,""physical_error_rate"":0.0005}","{""detection_events"":140865,""detectors_checked"":69500928,""obs_mistake_mask=E"":1}"
    150528,         0,         0,    73.2,standalone_exact_mw,7a8ab0d03b7ead21ed40b3e2556c734d992a86585a3d666abe35fd996793b7e5,"{""distance"":5,""physical_error_rate"":0.0005}","{""detection_events"":69140,""detectors_checked"":33718272}"
     79872,         1,         0,    40.3,standalone_exact_mw,7a8ab0d03b7ead21ed40b3e2556c734d992a86585a3d666abe35fd996793b7e5,"{""distance"":5,""physical_error_rate"":0.0005}","{""detection_events"":36825,""detectors_checked"":17891328,""obs_mistake_mask=E"":1}"
      1024,         0,         0,   0.022,standalone_exact_mw,7a8ab0d03b7ead21ed40b3e2556c734d992a86585a3d666abe35fd996793b7e5,"{""distance"":5,""physical_error_rate"":0.0005}","{""detection_events"":455,""detectors_checked"":229376}"
    108544,         0,         0,    47.7,standalone_exact_mw,7a8ab0d03b7ead21ed40b3e2556c734d992a86585a3d666abe35fd996793b7e5,"{""distance"":5,""physical_error_rate"":0.0005}","{""detection_events"":49771,""detectors_checked"":24313856}"
    240640,         1,         0,    67.0,standalone_exact_mw,7a8ab0d03b7ead21ed40b3e2556c734d992a86585a3d666abe35fd996793b7e5,"{""distance"":5,""physical_error_rate"":0.0005}","{""detection_events"":110447,""detectors_checked"":53903360,""obs_mistake_mask=E"":1}"
     50176,         0,         0,    11.9,standalone_exact_mw,7a8ab0d03b7ead21ed40b3e2556c734d992a86585a3d666abe35fd996793b7e5,"{""distance"":5,""physical_error_rate"":0.0005}","{""detection_events"":22981,""detectors_checked"":11239424}"
    443392,         0,         0,   112.5,standalone_exact_mw,7a8ab0d03b7ead21ed40b3e2556c734d992a86585a3d666abe35fd996793b7e5,"{""distance"":5,""physical_error_rate"":0.0005}","{""detection_events"":204237,""detectors_checked"":99319808}"
    150528,         0,         0,    67.2,standalone_exact_mw,7a8ab0d03b7ead21ed40b3e2556c734d992a86585a3d666abe35fd996793b7e5,"{""distance"":5,""physical_error_rate"":0.0005}","{""detection_events"":68028,""detectors_checked"":33718272}"
     24576,         0,         0,    11.8,standalone_exact_mw,7a8ab0d03b7ead21ed40b3e2556c734d992a86585a3d666abe35fd996793b7e5,"{""distance"":5,""physical_error_rate"":0.0005}","{""detection_events"":11508,""detectors_checked"":5505024}"
    783360,         2,         0,   115.0,standalone_exact_mw,7a8ab0d03b7ead21ed40b3e2556c734d992a86585a3d666abe35fd996793b7e5,"{""distance"":5,""physical_error_rate"":0.0005}","{""detection_events"":359003,""detectors_checked"":175472640,""obs_mistake_mask=E"":2}"
   8860672,         7,         0,   119.4,standalone_exact_mw,000a12f67b6d2f9febee6f900216609acb0c5281b533fe6e35129362572a0912,"{""distance"":5,""physical_error_rate"":0.0002}","{""detection_events"":1631421,""detectors_checked"":1984790528,""obs_mistake_mask=E"":7}"
      1297,         0,         0,   0.030,standalone_exact_mw,000a12f67b6d2f9febee6f900216609acb0c5281b533fe6e35129362572a0912,"{""distance"":5,""physical_error_rate"":0.0002}","{""detection_events"":271,""detectors_checked"":290528}"
      1024,         0,         0,   0.022,standalone_exact_mw,000a12f67b6d2f9febee6f900216609acb0c5281b533fe6e35129362572a0912,"{""distance"":5,""physical_error_rate"":0.0002}","{""detection_events"":188,""detectors_checked"":229376}"
      2048,         0,         0,   0.036,standalone_exact_mw,000a12f67b6d2f9febee6f900216609acb0c5281b533fe6e35129362572a0912,"{""distance"":5,""physical_error_rate"":0.0002}","{""detection_events"":337,""detectors_checked"":458752}"
      2048,         0,         0,   0.034,standalone_exact_mw,000a12f67b6d2f9febee6f900216609acb0c5281b533fe6e35129362572a0912,"{""distance"":5,""physical_error_rate"":0.0002}","{""detection_events"":357,""detectors_checked"":458752}"
      1297,         0,         0,   0.018,standalone_exact_mw,000a12f67b6d2f9febee6f900216609acb0c5281b533fe6e35129362572a0912,"{""distance"":5,""physical_error_rate"":0.0002}","{""detection_events"":252,""detectors_checked"":290528}"
         1,         0,         0,   0.000,standalone_exact_mw,000a12f67b6d2f9febee6f900216609acb0c5281b533fe6e35129362572a0912,"{""distance"":5,""physical_error_rate"":0.0002}","{""detectors_checked"":224}"
      2048,         0,         0,   0.046,standalone_exact_mw,000a12f67b6d2f9febee6f900216609acb0c5281b533fe6e35129362572a0912,"{""distance"":5,""physical_error_rate"":0.0002}","{""detection_events"":370,""detectors_checked"":458752}"
         1,         0,         0,   0.000,standalone_exact_mw,000a12f67b6d2f9febee6f900216609acb0c5281b533fe6e35129362572a0912,"{""distance"":5,""physical_error_rate"":0.0002}","{""detectors_checked"":224}"
      1296,         0,         0,   0.027,standalone_exact_mw,000a12f67b6d2f9febee6f900216609acb0c5281b533fe6e35129362572a0912,"{""distance"":5,""physical_error_rate"":0.0002}","{""detection_events"":194,""detectors_checked"":290304}"
      1024,         0,         0,   0.029,standalone_exact_mw,000a12f67b6d2f9febee6f900216609acb0c5281b533fe6e35129362572a0912,"{""distance"":5,""physical_error_rate"":0.0002}","{""detection_events"":244,""detectors_checked"":229376}"
      1297,         0,         0,   0.031,standalone_exact_mw,000a12f67b6d2f9febee6f900216609acb0c5281b533fe6e35129362572a0912,"{""distance"":5,""physical_error_rate"":0.0002}","{""detection_events"":252,""detectors_checked"":290528}"
         1,         0,         0,   0.014,standalone_exact_mw,000a12f67b6d2f9febee6f900216609acb0c5281b533fe6e35129362572a0912,"{""distance"":5,""physical_error_rate"":0.0002}","{""detection_events"":2,""detectors_checked"":224}"
      1297,         0,         0,   0.032,standalone_exact_mw,000a12f67b6d2f9febee6f900216609acb0c5281b533fe6e35129362572a0912,"{""distance"":5,""physical_error_rate"":0.0002}","{""detection_events"":238,""detectors_checked"":290528}"
      1297,         0,         0,   0.027,standalone_exact_mw,000a12f67b6d2f9febee6f900216609acb0c5281b533fe6e35129362572a0912,"{""distance"":5,""physical_error_rate"":0.0002}","{""detection_events"":228,""detectors_checked"":290528}"
      1296,         0,         0,   0.035,standalone_exact_mw,000a12f67b6d2f9febee6f900216609acb0c5281b533fe6e35129362572a0912,"{""distance"":5,""physical_error_rate"":0.0002}","{""detection_events"":266,""detectors_checked"":290304}"
      1024,         0,         0,   0.020,standalone_exact_mw,000a12f67b6d2f9febee6f900216609acb0c5281b533fe6e35129362572a0912,"{""distance"":5,""physical_error_rate"":0.0002}","{""detection_events"":233,""detectors_checked"":229376}"
       273,         0,         0,   0.004,standalone_exact_mw,000a12f67b6d2f9febee6f900216609acb0c5281b533fe6e35129362572a0912,"{""distance"":5,""physical_error_rate"":0.0002}","{""detection_events"":41,""detectors_checked"":61152}"
      1024,         0,         0,   0.012,standalone_exact_mw,000a12f67b6d2f9febee6f900216609acb0c5281b533fe6e35129362572a0912,"{""distance"":5,""physical_error_rate"":0.0002}","{""detection_events"":176,""detectors_checked"":229376}"
      1297,         0,         0,   0.023,standalone_exact_mw,000a12f67b6d2f9febee6f900216609acb0c5281b533fe6e35129362572a0912,"{""distance"":5,""physical_error_rate"":0.0002}","{""detection_events"":183,""detectors_checked"":290528}"
      1024,         0,         0,   0.019,standalone_exact_mw,000a12f67b6d2f9febee6f900216609acb0c5281b533fe6e35129362572a0912,"{""distance"":5,""physical_error_rate"":0.0002}","{""detection_events"":200,""detectors_checked"":229376}"
      1297,         0,         0,   0.023,standalone_exact_mw,000a12f67b6d2f9febee6f900216609acb0c5281b533fe6e35129362572a0912,"{""distance"":5,""physical_error_rate"":0.0002}","{""detection_events"":235,""detectors_checked"":290528}"
      1297,         0,         0,   0.039,standalone_exact_mw,000a12f67b6d2f9febee6f900216609acb0c5281b533fe6e35129362572a0912,"{""distance"":5,""physical_error_rate"":0.0002}","{""detection_events"":304,""detectors_checked"":290528}"
      1024,         0,         0,   0.025,standalone_exact_mw,000a12f67b6d2f9febee6f900216609acb0c5281b533fe6e35129362572a0912,"{""distance"":5,""physical_error_rate"":0.0002}","{""detection_events"":205,""detectors_checked"":229376}"
      1297,         0,         0,   0.040,standalone_exact_mw,000a12f67b6d2f9febee6f900216609acb0c5281b533fe6e35129362572a0912,"{""distance"":5,""physical_error_rate"":0.0002}","{""detection_events"":226,""detectors_checked"":290528}"
         1,         0,         0,   0.000,standalone_exact_mw,000a12f67b6d2f9febee6f900216609acb0c5281b533fe6e35129362572a0912,"{""distance"":5,""physical_error_rate"":0.0002}","{""detectors_checked"":224}"
      1297,         0,         0,   0.031,standalone_exact_mw,000a12f67b6d2f9febee6f900216609acb0c5281b533fe6e35129362572a0912,"{""distance"":5,""physical_error_rate"":0.0002}","{""detection_events"":219,""detectors_checked"":290528}"
      1296,         0,         0,   0.016,standalone_exact_mw,000a12f67b6d2f9febee6f900216609acb0c5281b533fe6e35129362572a0912,"{""distance"":5,""physical_error_rate"":0.0002}","{""detection_events"":187,""detectors_checked"":290304}"
      1297,         0,         0,   0.026,standalone_exact_mw,000a12f67b6d2f9febee6f900216609acb0c5281b533fe6e35129362572a0912,"{""distance"":5,""physical_error_rate"":0.0002}","{""detection_events"":200,""detectors_checked"":290528}"
      2048,         0,         0,   0.059,standalone_exact_mw,000a12f67b6d2f9febee6f900216609acb0c5281b533fe6e35129362572a0912,"{""distance"":5,""physical_error_rate"":0.0002}","{""detection_events"":443,""detectors_checked"":458752}"
      1024,         0,         0,   0.010,standalone_exact_mw,000a12f67b6d2f9febee6f900216609acb0c5281b533fe6e35129362572a0912,"{""distance"":5,""physical_error_rate"":0.0002}","{""detection_events"":142,""detectors_checked"":229376}"
      1297,         0,         0,   0.026,standalone_exact_mw,000a12f67b6d2f9febee6f900216609acb0c5281b533fe6e35129362572a0912,"{""distance"":5,""physical_error_rate"":0.0002}","{""detection_events"":252,""detectors_checked"":290528}"
      1024,         0,         0,   0.009,standalone_exact_mw,000a12f67b6d2f9febee6f900216609acb0c5281b533fe6e35129362572a0912,"{""distance"":5,""physical_error_rate"":0.0002}","{""detection_events"":217,""detectors_checked"":229376}"
      1024,         0,         0,   0.009,standalone_exact_mw,000a12f67b6d2f9febee6f900216609acb0c5281b533fe6e35129362572a0912,"{""distance"":5,""physical_error_rate"":0.0002}","{""detection_events"":195,""detectors_checked"":229376}"
      1024,         0,         0,   0.014,standalone_exact_mw,000a12f67b6d2f9febee6f900216609acb0c5281b533fe6e35129362572a0912,"{""distance"":5,""physical_error_rate"":0.0002}","{""detection_events"":215,""detectors_checked"":229376}"
      1024,         0,         0,   0.012,standalone_exact_mw,000a12f67b6d2f9febee6f900216609acb0c5281b533fe6e35129362572a0912,"{""distance"":5,""physical_error_rate"":0.0002}","{""detection_events"":172,""detectors_checked"":229376}"
      1024,         0,         0,   0.021,standalone_exact_mw,000a12f67b6d2f9febee6f900216609acb0c5281b533fe6e35129362572a0912,"{""distance"":5,""physical_error_rate"":0.0002}","{""detection_events"":152,""detectors_checked"":229376}"
      1024,         0,         0,   0.013,standalone_exact_mw,000a12f67b6d2f9febee6f900216609acb0c5281b533fe6e35129362572a0912,"{""distance"":5,""physical_error_rate"":0.0002}","{""detection_events"":142,""detectors_checked"":229376}"
      1024,         0,         0,   0.030,standalone_exact_mw,000a12f67b6d2f9febee6f900216609acb0c5281b533fe6e35129362572a0912,"{""distance"":5,""physical_error_rate"":0.0002}","{""detection_events"":232,""detectors_checked"":229376}"
      1024,         0,         0,   0.023,standalone_exact_mw,000a12f67b6d2f9febee6f900216609acb0c5281b533fe6e35129362572a0912,"{""distance"":5,""physical_error_rate"":0.0002}","{""detection_events"":224,""detectors_checked"":229376}"
      1024,         0,         0,   0.028,standalone_exact_mw,000a12f67b6d2f9febee6f900216609acb0c5281b533fe6e35129362572a0912,"{""distance"":5,""physical_error_rate"":0.0002}","{""detection_events"":168,""detectors_checked"":229376}"
      1297,         0,         0,   0.022,standalone_exact_mw,000a12f67b6d2f9febee6f900216609acb0c5281b533fe6e35129362572a0912,"{""distance"":5,""physical_error_rate"":0.0002}","{""detection_events"":217,""detectors_checked"":290528}"
      1024,         0,         0,   0.011,standalone_exact_mw,000a12f67b6d2f9febee6f900216609acb0c5281b533fe6e35129362572a0912,"{""distance"":5,""physical_error_rate"":0.0002}","{""detection_events"":185,""detectors_checked"":229376}"
      2048,         0,         0,   0.024,standalone_exact_mw,000a12f67b6d2f9febee6f900216609acb0c5281b533fe6e35129362572a0912,"{""distance"":5,""physical_error_rate"":0.0002}","{""detection_events"":342,""detectors_checked"":458752}"
      1024,         0,         0,   0.028,standalone_exact_mw,000a12f67b6d2f9febee6f900216609acb0c5281b533fe6e35129362572a0912,"{""distance"":5,""physical_error_rate"":0.0002}","{""detection_events"":213,""detectors_checked"":229376}"
      1024,         0,         0,   0.033,standalone_exact_mw,000a12f67b6d2f9febee6f900216609acb0c5281b533fe6e35129362572a0912,"{""distance"":5,""physical_error_rate"":0.0002}","{""detection_events"":170,""detectors_checked"":229376}"
         1,         0,         0,   0.001,standalone_exact_mw,000a12f67b6d2f9febee6f900216609acb0c5281b533fe6e35129362572a0912,"{""distance"":5,""physical_error_rate"":0.0002}","{""detection_events"":2,""detectors_checked"":224}"
      1296,         0,         0,   0.041,standalone_exact_mw,000a12f67b6d2f9febee6f900216609acb0c5281b533fe6e35129362572a0912,"{""distance"":5,""physical_error_rate"":0.0002}","{""detection_events"":210,""detectors_checked"":290304}"
      1024,         0,         0,   0.031,standalone_exact_mw,000a12f67b6d2f9febee6f900216609acb0c5281b533fe6e35129362572a0912,"{""distance"":5,""physical_error_rate"":0.0002}","{""detection_events"":207,""detectors_checked"":229376}"
      1297,         0,         0,   0.019,standalone_exact_mw,000a12f67b6d2f9febee6f900216609acb0c5281b533fe6e35129362572a0912,"{""distance"":5,""physical_error_rate"":0.0002}","{""detection_events"":216,""detectors_checked"":290528}"
       273,         0,         0,   0.005,standalone_exact_mw,000a12f67b6d2f9febee6f900216609acb0c5281b533fe6e35129362572a0912,"{""distance"":5,""physical_error_rate"":0.0002}","{""detection_events"":53,""detectors_checked"":61152}"
      1297,         0,         0,   0.039,standalone_exact_mw,000a12f67b6d2f9febee6f900216609acb0c5281b533fe6e35129362572a0912,"{""distance"":5,""physical_error_rate"":0.0002}","{""detection_events"":222,""detectors_checked"":290528}"
      1024,         0,         0,   0.043,standalone_exact_mw,000a12f67b6d2f9febee6f900216609acb0c5281b533fe6e35129362572a0912,"{""distance"":5,""physical_error_rate"":0.0002}","{""detection_events"":217,""detectors_checked"":229376}"
      1024,         0,         0,   0.040,standalone_exact_mw,000a12f67b6d2f9febee6f900216609acb0c5281b533fe6e35129362572a0912,"{""distance"":5,""physical_error_rate"":0.0002}","{""detection_events"":193,""detectors_checked"":229376}"
      1024,         0,         0,   0.024,standalone_exact_mw,000a12f67b6d2f9febee6f900216609acb0c5281b533fe6e35129362572a0912,"{""distance"":5,""physical_error_rate"":0.0002}","{""detection_events"":179,""detectors_checked"":229376}"
      2048,         0,         0,   0.024,standalone_exact_mw,000a12f67b6d2f9febee6f900216609acb0c5281b533fe6e35129362572a0912,"{""distance"":5,""physical_error_rate"":0.0002}","{""detection_events"":382,""detectors_checked"":458752}"
      2048,         0,         0,   0.049,standalone_exact_mw,000a12f67b6d2f9febee6f900216609acb0c5281b533fe6e35129362572a0912,"{""distance"":5,""physical_error_rate"":0.0002}","{""detection_events"":362,""detectors_checked"":458752}"
      1024,         0,         0,   0.015,standalone_exact_mw,000a12f67b6d2f9febee6f900216609acb0c5281b533fe6e35129362572a0912,"{""distance"":5,""physical_error_rate"":0.0002}","{""detection_events"":165,""detectors_checked"":229376}"
      1024,         0,         0,   0.023,standalone_exact_mw,000a12f67b6d2f9febee6f900216609acb0c5281b533fe6e35129362572a0912,"{""distance"":5,""physical_error_rate"":0.0002}","{""detection_events"":207,""detectors_checked"":229376}"
      1024,         0,         0,   0.032,standalone_exact_mw,000a12f67b6d2f9febee6f900216609acb0c5281b533fe6e35129362572a0912,"{""distance"":5,""physical_error_rate"":0.0002}","{""detection_events"":228,""detectors_checked"":229376}"
      2048,         0,         0,   0.034,standalone_exact_mw,000a12f67b6d2f9febee6f900216609acb0c5281b533fe6e35129362572a0912,"{""distance"":5,""physical_error_rate"":0.0002}","{""detection_events"":354,""detectors_checked"":458752}"
      1296,         0,         0,   0.024,standalone_exact_mw,000a12f67b6d2f9febee6f900216609acb0c5281b533fe6e35129362572a0912,"{""distance"":5,""physical_error_rate"":0.0002}","{""detection_events"":190,""detectors_checked"":290304}"
      1024,         0,         0,   0.035,standalone_exact_mw,000a12f67b6d2f9febee6f900216609acb0c5281b533fe6e35129362572a0912,"{""distance"":5,""physical_error_rate"":0.0002}","{""detection_events"":149,""detectors_checked"":229376}"
      2048,         0,         0,   0.049,standalone_exact_mw,000a12f67b6d2f9febee6f900216609acb0c5281b533fe6e35129362572a0912,"{""distance"":5,""physical_error_rate"":0.0002}","{""detection_events"":431,""detectors_checked"":458752}"
      1024,         0,         0,   0.027,standalone_exact_mw,000a12f67b6d2f9febee6f900216609acb0c5281b533fe6e35129362572a0912,"{""distance"":5,""physical_error_rate"":0.0002}","{""detection_events"":158,""detectors_checked"":229376}"
      1024,         0,         0,   0.011,standalone_exact_mw,000a12f67b6d2f9febee6f900216609acb0c5281b533fe6e35129362572a0912,"{""distance"":5,""physical_error_rate"":0.0002}","{""detection_events"":174,""detectors_checked"":229376}"
      2048,         0,         0,   0.035,standalone_exact_mw,000a12f67b6d2f9febee6f900216609acb0c5281b533fe6e35129362572a0912,"{""distance"":5,""physical_error_rate"":0.0002}","{""detection_events"":433,""detectors_checked"":458752}"
      1024,         0,         0,   0.031,standalone_exact_mw,000a12f67b6d2f9febee6f900216609acb0c5281b533fe6e35129362572a0912,"{""distance"":5,""physical_error_rate"":0.0002}","{""detection_events"":224,""detectors_checked"":229376}"
      1024,         0,         0,   0.027,standalone_exact_mw,000a12f67b6d2f9febee6f900216609acb0c5281b533fe6e35129362572a0912,"{""distance"":5,""physical_error_rate"":0.0002}","{""detection_events"":161,""detectors_checked"":229376}"
      1024,         0,         0,   0.028,standalone_exact_mw,000a12f67b6d2f9febee6f900216609acb0c5281b533fe6e35129362572a0912,"{""distance"":5,""physical_error_rate"":0.0002}","{""detection_events"":180,""detectors_checked"":229376}"
      1024,         0,         0,   0.027,standalone_exact_mw,000a12f67b6d2f9febee6f900216609acb0c5281b533fe6e35129362572a0912,"{""distance"":5,""physical_error_rate"":0.0002}","{""detection_events"":195,""detectors_checked"":229376}"
      1024,         0,         0,   0.029,standalone_exact_mw,000a12f67b6d2f9febee6f900216609acb0c5281b533fe6e35129362572a0912,"{""distance"":5,""physical_error_rate"":0.0002}","{""detection_events"":183,""detectors_checked"":229376}"
      1024,         0,         0,   0.023,standalone_exact_mw,000a12f67b6d2f9febee6f900216609acb0c5281b533fe6e35129362572a0912,"{""distance"":5,""physical_error_rate"":0.0002}","{""detection_events"":207,""detectors_checked"":229376}"
      1024,         0,         0,   0.030,standalone_exact_mw,000a12f67b6d2f9febee6f900216609acb0c5281b533fe6e35129362572a0912,"{""distance"":5,""physical_error_rate"":0.0002}","{""detection_events"":162,""detectors_checked"":229376}"
      2048,         0,         0,   0.030,standalone_exact_mw,000a12f67b6d2f9febee6f900216609acb0c5281b533fe6e35129362572a0912,"{""distance"":5,""physical_error_rate"":0.0002}","{""detection_events"":388,""detectors_checked"":458752}"
      2048,         0,         0,   0.049,standalone_exact_mw,000a12f67b6d2f9febee6f900216609acb0c5281b533fe6e35129362572a0912,"{""distance"":5,""physical_error_rate"":0.0002}","{""detection_events"":367,""detectors_checked"":458752}"
      2048,         0,         0,   0.035,standalone_exact_mw,000a12f67b6d2f9febee6f900216609acb0c5281b533fe6e35129362572a0912,"{""distance"":5,""physical_error_rate"":0.0002}","{""detection_events"":425,""detectors_checked"":458752}"
      3072,         0,         0,   0.084,standalone_exact_mw,000a12f67b6d2f9febee6f900216609acb0c5281b533fe6e35129362572a0912,"{""distance"":5,""physical_error_rate"":0.0002}","{""detection_events"":565,""detectors_checked"":688128}"
      1024,         0,         0,   0.042,standalone_exact_mw,000a12f67b6d2f9febee6f900216609acb0c5281b533fe6e35129362572a0912,"{""distance"":5,""physical_error_rate"":0.0002}","{""detection_events"":189,""detectors_checked"":229376}"
      1024,         0,         0,   0.049,standalone_exact_mw,000a12f67b6d2f9febee6f900216609acb0c5281b533fe6e35129362572a0912,"{""distance"":5,""physical_error_rate"":0.0002}","{""detection_events"":193,""detectors_checked"":229376}"
      1024,         0,         0,   0.039,standalone_exact_mw,000a12f67b6d2f9febee6f900216609acb0c5281b533fe6e35129362572a0912,"{""distance"":5,""physical_error_rate"":0.0002}","{""detection_events"":170,""detectors_checked"":229376}"
      1024,         0,         0,   0.032,standalone_exact_mw,000a12f67b6d2f9febee6f900216609acb0c5281b533fe6e35129362572a0912,"{""distance"":5,""physical_error_rate"":0.0002}","{""detection_events"":189,""detectors_checked"":229376}"
      2048,         0,         0,   0.039,standalone_exact_mw,000a12f67b6d2f9febee6f900216609acb0c5281b533fe6e35129362572a0912,"{""distance"":5,""physical_error_rate"":0.0002}","{""detection_events"":392,""detectors_checked"":458752}"
      1024,         0,         0,   0.025,standalone_exact_mw,000a12f67b6d2f9febee6f900216609acb0c5281b533fe6e35129362572a0912,"{""distance"":5,""physical_error_rate"":0.0002}","{""detection_events"":216,""detectors_checked"":229376}"
        17,         0,         0,   0.014,standalone_exact_mw,000a12f67b6d2f9febee6f900216609acb0c5281b533fe6e35129362572a0912,"{""distance"":5,""physical_error_rate"":0.0002}","{""detection_events"":2,""detectors_checked"":3808}"
      2048,         0,         0,   0.056,standalone_exact_mw,000a12f67b6d2f9febee6f900216609acb0c5281b533fe6e35129362572a0912,"{""distance"":5,""physical_error_rate"":0.0002}","{""detection_events"":460,""detectors_checked"":458752}"
      1024,         0,         0,   0.051,standalone_exact_mw,000a12f67b6d2f9febee6f900216609acb0c5281b533fe6e35129362572a0912,"{""distance"":5,""physical_error_rate"":0.0002}","{""detection_events"":250,""detectors_checked"":229376}"
      1024,         0,         0,   0.039,standalone_exact_mw,000a12f67b6d2f9febee6f900216609acb0c5281b533fe6e35129362572a0912,"{""distance"":5,""physical_error_rate"":0.0002}","{""detection_events"":194,""detectors_checked"":229376}"
      1024,         0,         0,   0.034,standalone_exact_mw,000a12f67b6d2f9febee6f900216609acb0c5281b533fe6e35129362572a0912,"{""distance"":5,""physical_error_rate"":0.0002}","{""detection_events"":153,""detectors_checked"":229376}"
      2048,         0,         0,   0.049,standalone_exact_mw,000a12f67b6d2f9febee6f900216609acb0c5281b533fe6e35129362572a0912,"{""distance"":5,""physical_error_rate"":0.0002}","{""detection_events"":361,""detectors_checked"":458752}"
      3072,         0,         0,   0.053,standalone_exact_mw,000a12f67b6d2f9febee6f900216609acb0c5281b533fe6e35129362572a0912,"{""distance"":5,""physical_error_rate"":0.0002}","{""detection_events"":576,""detectors_checked"":688128}"
      2048,         0,         0,   0.044,standalone_exact_mw,000a12f67b6d2f9febee6f900216609acb0c5281b533fe6e35129362572a0912,"{""distance"":5,""physical_error_rate"":0.0002}","{""detection_events"":333,""detectors_checked"":458752}"
      2048,         0,         0,   0.059,standalone_exact_mw,000a12f67b6d2f9febee6f900216609acb0c5281b533fe6e35129362572a0912,"{""distance"":5,""physical_error_rate"":0.0002}","{""detection_events"":366,""detectors_checked"":458752}"
      1024,         0,         0,   0.036,standalone_exact_mw,000a12f67b6d2f9febee6f900216609acb0c5281b533fe6e35129362572a0912,"{""distance"":5,""physical_error_rate"":0.0002}","{""detection_events"":194,""detectors_checked"":229376}"
      1024,         0,         0,   0.044,standalone_exact_mw,000a12f67b6d2f9febee6f900216609acb0c5281b533fe6e35129362572a0912,"{""distance"":5,""physical_error_rate"":0.0002}","{""detection_events"":157,""detectors_checked"":229376}"
      2048,         0,         0,   0.070,standalone_exact_mw,000a12f67b6d2f9febee6f900216609acb0c5281b533fe6e35129362572a0912,"{""distance"":5,""physical_error_rate"":0.0002}","{""detection_events"":435,""detectors_checked"":458752}"
      1297,         0,         0,   0.028,standalone_exact_mw,000a12f67b6d2f9febee6f900216609acb0c5281b533fe6e35129362572a0912,"{""distance"":5,""physical_error_rate"":0.0002}","{""detection_events"":260,""detectors_checked"":290528}"
      3072,         0,         0,   0.047,standalone_exact_mw,000a12f67b6d2f9febee6f900216609acb0c5281b533fe6e35129362572a0912,"{""distance"":5,""physical_error_rate"":0.0002}","{""detection_events"":639,""detectors_checked"":688128}"
      3072,         0,         0,   0.059,standalone_exact_mw,000a12f67b6d2f9febee6f900216609acb0c5281b533fe6e35129362572a0912,"{""distance"":5,""physical_error_rate"":0.0002}","{""detection_events"":609,""detectors_checked"":688128}"
      1024,         0,         0,   0.073,standalone_exact_mw,000a12f67b6d2f9febee6f900216609acb0c5281b533fe6e35129362572a0912,"{""distance"":5,""physical_error_rate"":0.0002}","{""detection_events"":213,""detectors_checked"":229376}"
      3072,         0,         0,   0.046,standalone_exact_mw,000a12f67b6d2f9febee6f900216609acb0c5281b533fe6e35129362572a0912,"{""distance"":5,""physical_error_rate"":0.0002}","{""detection_events"":575,""detectors_checked"":688128}"
      1280,         0,         0,   0.032,standalone_exact_mw,000a12f67b6d2f9febee6f900216609acb0c5281b533fe6e35129362572a0912,"{""distance"":5,""physical_error_rate"":0.0002}","{""detection_events"":263,""detectors_checked"":286720}"
      2048,         0,         0,   0.032,standalone_exact_mw,000a12f67b6d2f9febee6f900216609acb0c5281b533fe6e35129362572a0912,"{""distance"":5,""physical_error_rate"":0.0002}","{""detection_events"":348,""detectors_checked"":458752}"
      2048,         0,         0,   0.066,standalone_exact_mw,000a12f67b6d2f9febee6f900216609acb0c5281b533fe6e35129362572a0912,"{""distance"":5,""physical_error_rate"":0.0002}","{""detection_events"":383,""detectors_checked"":458752}"
      1024,         0,         0,   0.032,standalone_exact_mw,000a12f67b6d2f9febee6f900216609acb0c5281b533fe6e35129362572a0912,"{""distance"":5,""physical_error_rate"":0.0002}","{""detection_events"":201,""detectors_checked"":229376}"
      1024,         0,         0,   0.052,standalone_exact_mw,000a12f67b6d2f9febee6f900216609acb0c5281b533fe6e35129362572a0912,"{""distance"":5,""physical_error_rate"":0.0002}","{""detection_events"":216,""detectors_checked"":229376}"
      2048,         0,         0,   0.051,standalone_exact_mw,000a12f67b6d2f9febee6f900216609acb0c5281b533fe6e35129362572a0912,"{""distance"":5,""physical_error_rate"":0.0002}","{""detection_events"":371,""detectors_checked"":458752}"
      2048,         0,         0,   0.053,standalone_exact_mw,000a12f67b6d2f9febee6f900216609acb0c5281b533fe6e35129362572a0912,"{""distance"":5,""physical_error_rate"":0.0002}","{""detection_events"":338,""detectors_checked"":458752}"
      1024,         0,         0,   0.028,standalone_exact_mw,000a12f67b6d2f9febee6f900216609acb0c5281b533fe6e35129362572a0912,"{""distance"":5,""physical_error_rate"":0.0002}","{""detection_events"":173,""detectors_checked"":229376}"
      3072,         0,         0,   0.041,standalone_exact_mw,000a12f67b6d2f9febee6f900216609acb0c5281b533fe6e35129362572a0912,"{""distance"":5,""physical_error_rate"":0.0002}","{""detection_events"":532,""detectors_checked"":688128}"
      2048,         0,         0,   0.049,standalone_exact_mw,000a12f67b6d2f9febee6f900216609acb0c5281b533fe6e35129362572a0912,"{""distance"":5,""physical_error_rate"":0.0002}","{""detection_events"":339,""detectors_checked"":458752}"
      1024,         0,         0,   0.026,standalone_exact_mw,000a12f67b6d2f9febee6f900216609acb0c5281b533fe6e35129362572a0912,"{""distance"":5,""physical_error_rate"":0.0002}","{""detection_events"":176,""detectors_checked"":229376}"
      3072,         0,         0,   0.057,standalone_exact_mw,000a12f67b6d2f9febee6f900216609acb0c5281b533fe6e35129362572a0912,"{""distance"":5,""physical_error_rate"":0.0002}","{""detection_events"":534,""detectors_checked"":688128}"
      1024,         0,         0,   0.044,standalone_exact_mw,000a12f67b6d2f9febee6f900216609acb0c5281b533fe6e35129362572a0912,"{""distance"":5,""physical_error_rate"":0.0002}","{""detection_events"":194,""detectors_checked"":229376}"
      5120,         0,         0,   0.060,standalone_exact_mw,000a12f67b6d2f9febee6f900216609acb0c5281b533fe6e35129362572a0912,"{""distance"":5,""physical_error_rate"":0.0002}","{""detection_events"":947,""detectors_checked"":1146880}"
      3072,         0,         0,   0.078,standalone_exact_mw,000a12f67b6d2f9febee6f900216609acb0c5281b533fe6e35129362572a0912,"{""distance"":5,""physical_error_rate"":0.0002}","{""detection_events"":588,""detectors_checked"":688128}"
      3072,         0,         0,   0.072,standalone_exact_mw,000a12f67b6d2f9febee6f900216609acb0c5281b533fe6e35129362572a0912,"{""distance"":5,""physical_error_rate"":0.0002}","{""detection_events"":578,""detectors_checked"":688128}"
      2048,         0,         0,   0.055,standalone_exact_mw,000a12f67b6d2f9febee6f900216609acb0c5281b533fe6e35129362572a0912,"{""distance"":5,""physical_error_rate"":0.0002}","{""detection_events"":429,""detectors_checked"":458752}"
      4096,         0,         0,   0.055,standalone_exact_mw,000a12f67b6d2f9febee6f900216609acb0c5281b533fe6e35129362572a0912,"{""distance"":5,""physical_error_rate"":0.0002}","{""detection_events"":749,""detectors_checked"":917504}"
      1024,         0,         0,   0.029,standalone_exact_mw,000a12f67b6d2f9febee6f900216609acb0c5281b533fe6e35129362572a0912,"{""distance"":5,""physical_error_rate"":0.0002}","{""detection_events"":171,""detectors_checked"":229376}"
      2048,         0,         0,   0.063,standalone_exact_mw,000a12f67b6d2f9febee6f900216609acb0c5281b533fe6e35129362572a0912,"{""distance"":5,""physical_error_rate"":0.0002}","{""detection_events"":392,""detectors_checked"":458752}"
      2048,         0,         0,   0.071,standalone_exact_mw,000a12f67b6d2f9febee6f900216609acb0c5281b533fe6e35129362572a0912,"{""distance"":5,""physical_error_rate"":0.0002}","{""detection_events"":374,""detectors_checked"":458752}"
      2048,         0,         0,   0.050,standalone_exact_mw,000a12f67b6d2f9febee6f900216609acb0c5281b533fe6e35129362572a0912,"{""distance"":5,""physical_error_rate"":0.0002}","{""detection_events"":427,""detectors_checked"":458752}"
      2048,         0,         0,   0.047,standalone_exact_mw,000a12f67b6d2f9febee6f900216609acb0c5281b533fe6e35129362572a0912,"{""distance"":5,""physical_error_rate"":0.0002}","{""detection_events"":384,""detectors_checked"":458752}"
      3072,         0,         0,   0.074,standalone_exact_mw,000a12f67b6d2f9febee6f900216609acb0c5281b533fe6e35129362572a0912,"{""distance"":5,""physical_error_rate"":0.0002}","{""detection_events"":589,""detectors_checked"":688128}"
      3072,         0,         0,   0.079,standalone_exact_mw,000a12f67b6d2f9febee6f900216609acb0c5281b533fe6e35129362572a0912,"{""distance"":5,""physical_error_rate"":0.0002}","{""detection_events"":457,""detectors_checked"":688128}"
      5120,         0,         0,   0.126,standalone_exact_mw,000a12f67b6d2f9febee6f900216609acb0c5281b533fe6e35129362572a0912,"{""distance"":5,""physical_error_rate"":0.0002}","{""detection_events"":963,""detectors_checked"":1146880}"
      2048,         0,         0,   0.040,standalone_exact_mw,000a12f67b6d2f9febee6f900216609acb0c5281b533fe6e35129362572a0912,"{""distance"":5,""physical_error_rate"":0.0002}","{""detection_events"":355,""detectors_checked"":458752}"
      2048,         0,         0,   0.057,standalone_exact_mw,000a12f67b6d2f9febee6f900216609acb0c5281b533fe6e35129362572a0912,"{""distance"":5,""physical_error_rate"":0.0002}","{""detection_events"":375,""detectors_checked"":458752}"
      3072,         0,         0,   0.078,standalone_exact_mw,000a12f67b6d2f9febee6f900216609acb0c5281b533fe6e35129362572a0912,"{""distance"":5,""physical_error_rate"":0.0002}","{""detection_events"":499,""detectors_checked"":688128}"
      2048,         0,         0,   0.066,standalone_exact_mw,000a12f67b6d2f9febee6f900216609acb0c5281b533fe6e35129362572a0912,"{""distance"":5,""physical_error_rate"":0.0002}","{""detection_events"":363,""detectors_checked"":458752}"
      2048,         0,         0,   0.081,standalone_exact_mw,000a12f67b6d2f9febee6f900216609acb0c5281b533fe6e35129362572a0912,"{""distance"":5,""physical_error_rate"":0.0002}","{""detection_events"":386,""detectors_checked"":458752}"
      2048,         0,         0,   0.052,standalone_exact_mw,000a12f67b6d2f9febee6f900216609acb0c5281b533fe6e35129362572a0912,"{""distance"":5,""physical_error_rate"":0.0002}","{""detection_events"":393,""detectors_checked"":458752}"
      4096,         0,         0,   0.057,standalone_exact_mw,000a12f67b6d2f9febee6f900216609acb0c5281b533fe6e35129362572a0912,"{""distance"":5,""physical_error_rate"":0.0002}","{""detection_events"":703,""detectors_checked"":917504}"
      3072,         0,         0,   0.045,standalone_exact_mw,000a12f67b6d2f9febee6f900216609acb0c5281b533fe6e35129362572a0912,"{""distance"":5,""physical_error_rate"":0.0002}","{""detection_events"":508,""detectors_checked"":688128}"
      2048,         0,         0,   0.061,standalone_exact_mw,000a12f67b6d2f9febee6f900216609acb0c5281b533fe6e35129362572a0912,"{""distance"":5,""physical_error_rate"":0.0002}","{""detection_events"":417,""detectors_checked"":458752}"
      2048,         0,         0,   0.085,standalone_exact_mw,000a12f67b6d2f9febee6f900216609acb0c5281b533fe6e35129362572a0912,"{""distance"":5,""physical_error_rate"":0.0002}","{""detection_events"":364,""detectors_checked"":458752}"
      2048,         0,         0,   0.055,standalone_exact_mw,000a12f67b6d2f9febee6f900216609acb0c5281b533fe6e35129362572a0912,"{""distance"":5,""physical_error_rate"":0.0002}","{""detection_events"":305,""detectors_checked"":458752}"
      3072,         0,         0,   0.077,standalone_exact_mw,000a12f67b6d2f9febee6f900216609acb0c5281b533fe6e35129362572a0912,"{""distance"":5,""physical_error_rate"":0.0002}","{""detection_events"":627,""detectors_checked"":688128}"
      3072,         0,         0,   0.081,standalone_exact_mw,000a12f67b6d2f9febee6f900216609acb0c5281b533fe6e35129362572a0912,"{""distance"":5,""physical_error_rate"":0.0002}","{""detection_events"":532,""detectors_checked"":688128}"
      2048,         0,         0,   0.055,standalone_exact_mw,000a12f67b6d2f9febee6f900216609acb0c5281b533fe6e35129362572a0912,"{""distance"":5,""physical_error_rate"":0.0002}","{""detection_events"":340,""detectors_checked"":458752}"
      6144,         0,         0,   0.076,standalone_exact_mw,000a12f67b6d2f9febee6f900216609acb0c5281b533fe6e35129362572a0912,"{""distance"":5,""physical_error_rate"":0.0002}","{""detection_events"":1154,""detectors_checked"":1376256}"
      3072,         0,         0,   0.079,standalone_exact_mw,000a12f67b6d2f9febee6f900216609acb0c5281b533fe6e35129362572a0912,"{""distance"":5,""physical_error_rate"":0.0002}","{""detection_events"":560,""detectors_checked"":688128}"
      6144,         0,         0,   0.084,standalone_exact_mw,000a12f67b6d2f9febee6f900216609acb0c5281b533fe6e35129362572a0912,"{""distance"":5,""physical_error_rate"":0.0002}","{""detection_events"":1053,""detectors_checked"":1376256}"
      3072,         0,         0,   0.064,standalone_exact_mw,000a12f67b6d2f9febee6f900216609acb0c5281b533fe6e35129362572a0912,"{""distance"":5,""physical_error_rate"":0.0002}","{""detection_events"":589,""detectors_checked"":688128}"
      3072,         0,         0,   0.081,standalone_exact_mw,000a12f67b6d2f9febee6f900216609acb0c5281b533fe6e35129362572a0912,"{""distance"":5,""physical_error_rate"":0.0002}","{""detection_events"":569,""detectors_checked"":688128}"
      1024,         0,         0,   0.050,standalone_exact_mw,000a12f67b6d2f9febee6f900216609acb0c5281b533fe6e35129362572a0912,"{""distance"":5,""physical_error_rate"":0.0002}","{""detection_events"":233,""detectors_checked"":229376}"
      3072,         0,         0,   0.099,standalone_exact_mw,000a12f67b6d2f9febee6f900216609acb0c5281b533fe6e35129362572a0912,"{""distance"":5,""physical_error_rate"":0.0002}","{""detection_events"":570,""detectors_checked"":688128}"
      2048,         0,         0,   0.058,standalone_exact_mw,000a12f67b6d2f9febee6f900216609acb0c5281b533fe6e35129362572a0912,"{""distance"":5,""physical_error_rate"":0.0002}","{""detection_events"":451,""detectors_checked"":458752}"
      3072,         0,         0,   0.068,standalone_exact_mw,000a12f67b6d2f9febee6f900216609acb0c5281b533fe6e35129362572a0912,"{""distance"":5,""physical_error_rate"":0.0002}","{""detection_events"":571,""detectors_checked"":688128}"
      4096,         0,         0,   0.082,standalone_exact_mw,000a12f67b6d2f9febee6f900216609acb0c5281b533fe6e35129362572a0912,"{""distance"":5,""physical_error_rate"":0.0002}","{""detection_events"":722,""detectors_checked"":917504}"
      2048,         0,         0,   0.067,standalone_exact_mw,000a12f67b6d2f9febee6f900216609acb0c5281b533fe6e35129362572a0912,"{""distance"":5,""physical_error_rate"":0.0002}","{""detection_events"":333,""detectors_checked"":458752}"
      3072,         0,         0,   0.056,standalone_exact_mw,000a12f67b6d2f9febee6f900216609acb0c5281b533fe6e35129362572a0912,"{""distance"":5,""physical_error_rate"":0.0002}","{""detection_events"":533,""detectors_checked"":688128}"
      3072,         0,         0,   0.064,standalone_exact_mw,000a12f67b6d2f9febee6f900216609acb0c5281b533fe6e35129362572a0912,"{""distance"":5,""physical_error_rate"":0.0002}","{""detection_events"":574,""detectors_checked"":688128}"
      4096,         0,         0,   0.081,standalone_exact_mw,000a12f67b6d2f9febee6f900216609acb0c5281b533fe6e35129362572a0912,"{""distance"":5,""physical_error_rate"":0.0002}","{""detection_events"":662,""detectors_checked"":917504}"
      4096,         0,         0,   0.089,standalone_exact_mw,000a12f67b6d2f9febee6f900216609acb0c5281b533fe6e35129362572a0912,"{""distance"":5,""physical_error_rate"":0.0002}","{""detection_events"":697,""detectors_checked"":917504}"
      3072,         0,         0,   0.079,standalone_exact_mw,000a12f67b6d2f9febee6f900216609acb0c5281b533fe6e35129362572a0912,"{""distance"":5,""physical_error_rate"":0.0002}","{""detection_events"":553,""detectors_checked"":688128}"
      4096,         0,         0,   0.109,standalone_exact_mw,000a12f67b6d2f9febee6f900216609acb0c5281b533fe6e35129362572a0912,"{""distance"":5,""physical_error_rate"":0.0002}","{""detection_events"":757,""detectors_checked"":917504}"
      4096,         0,         0,   0.091,standalone_exact_mw,000a12f67b6d2f9febee6f900216609acb0c5281b533fe6e35129362572a0912,"{""distance"":5,""physical_error_rate"":0.0002}","{""detection_events"":681,""detectors_checked"":917504}"
      3072,         0,         0,   0.078,standalone_exact_mw,000a12f67b6d2f9febee6f900216609acb0c5281b533fe6e35129362572a0912,"{""distance"":5,""physical_error_rate"":0.0002}","{""detection_events"":580,""detectors_checked"":688128}"
      3072,         0,         0,   0.093,standalone_exact_mw,000a12f67b6d2f9febee6f900216609acb0c5281b533fe6e35129362572a0912,"{""distance"":5,""physical_error_rate"":0.0002}","{""detection_events"":518,""detectors_checked"":688128}"
      2048,         0,         0,   0.054,standalone_exact_mw,000a12f67b6d2f9febee6f900216609acb0c5281b533fe6e35129362572a0912,"{""distance"":5,""physical_error_rate"":0.0002}","{""detection_events"":373,""detectors_checked"":458752}"
      5120,         0,         0,   0.109,standalone_exact_mw,000a12f67b6d2f9febee6f900216609acb0c5281b533fe6e35129362572a0912,"{""distance"":5,""physical_error_rate"":0.0002}","{""detection_events"":892,""detectors_checked"":1146880}"
      4096,         0,         0,   0.093,standalone_exact_mw,000a12f67b6d2f9febee6f900216609acb0c5281b533fe6e35129362572a0912,"{""distance"":5,""physical_error_rate"":0.0002}","{""detection_events"":722,""detectors_checked"":917504}"
      4096,         0,         0,   0.098,standalone_exact_mw,000a12f67b6d2f9febee6f900216609acb0c5281b533fe6e35129362572a0912,"{""distance"":5,""physical_error_rate"":0.0002}","{""detection_events"":743,""detectors_checked"":917504}"
      2048,         0,         0,   0.061,standalone_exact_mw,000a12f67b6d2f9febee6f900216609acb0c5281b533fe6e35129362572a0912,"{""distance"":5,""physical_error_rate"":0.0002}","{""detection_events"":368,""detectors_checked"":458752}"
      5120,         0,         0,   0.139,standalone_exact_mw,000a12f67b6d2f9febee6f900216609acb0c5281b533fe6e35129362572a0912,"{""distance"":5,""physical_error_rate"":0.0002}","{""detection_events"":846,""detectors_checked"":1146880}"
      3072,         0,         0,   0.099,standalone_exact_mw,000a12f67b6d2f9febee6f900216609acb0c5281b533fe6e35129362572a0912,"{""distance"":5,""physical_error_rate"":0.0002}","{""detection_events"":635,""detectors_checked"":688128}"
      3072,         0,         0,   0.082,standalone_exact_mw,000a12f67b6d2f9febee6f900216609acb0c5281b533fe6e35129362572a0912,"{""distance"":5,""physical_error_rate"":0.0002}","{""detection_events"":608,""detectors_checked"":688128}"
      9216,         0,         0,   0.112,standalone_exact_mw,000a12f67b6d2f9febee6f900216609acb0c5281b533fe6e35129362572a0912,"{""distance"":5,""physical_error_rate"":0.0002}","{""detection_events"":1712,""detectors_checked"":2064384}"
      9216,         0,         0,   0.108,standalone_exact_mw,000a12f67b6d2f9febee6f900216609acb0c5281b533fe6e35129362572a0912,"{""distance"":5,""physical_error_rate"":0.0002}","{""detection_events"":1654,""detectors_checked"":2064384}"
      4096,         0,         0,   0.123,standalone_exact_mw,000a12f67b6d2f9febee6f900216609acb0c5281b533fe6e35129362572a0912,"{""distance"":5,""physical_error_rate"":0.0002}","{""detection_events"":782,""detectors_checked"":917504}"
      5120,         0,         0,   0.129,standalone_exact_mw,000a12f67b6d2f9febee6f900216609acb0c5281b533fe6e35129362572a0912,"{""distance"":5,""physical_error_rate"":0.0002}","{""detection_events"":960,""detectors_checked"":1146880}"
      3072,         0,         0,   0.112,standalone_exact_mw,000a12f67b6d2f9febee6f900216609acb0c5281b533fe6e35129362572a0912,"{""distance"":5,""physical_error_rate"":0.0002}","{""detection_events"":648,""detectors_checked"":688128}"
      4096,         0,         0,   0.105,standalone_exact_mw,000a12f67b6d2f9febee6f900216609acb0c5281b533fe6e35129362572a0912,"{""distance"":5,""physical_error_rate"":0.0002}","{""detection_events"":840,""detectors_checked"":917504}"
      4096,         0,         0,   0.104,standalone_exact_mw,000a12f67b6d2f9febee6f900216609acb0c5281b533fe6e35129362572a0912,"{""distance"":5,""physical_error_rate"":0.0002}","{""detection_events"":782,""detectors_checked"":917504}"
      6144,         0,         0,   0.128,standalone_exact_mw,000a12f67b6d2f9febee6f900216609acb0c5281b533fe6e35129362572a0912,"{""distance"":5,""physical_error_rate"":0.0002}","{""detection_events"":1064,""detectors_checked"":1376256}"
      5120,         0,         0,   0.111,standalone_exact_mw,000a12f67b6d2f9febee6f900216609acb0c5281b533fe6e35129362572a0912,"{""distance"":5,""physical_error_rate"":0.0002}","{""detection_events"":912,""detectors_checked"":1146880}"
      4096,         0,         0,   0.118,standalone_exact_mw,000a12f67b6d2f9febee6f900216609acb0c5281b533fe6e35129362572a0912,"{""distance"":5,""physical_error_rate"":0.0002}","{""detection_events"":768,""detectors_checked"":917504}"
      4096,         0,         0,   0.110,standalone_exact_mw,000a12f67b6d2f9febee6f900216609acb0c5281b533fe6e35129362572a0912,"{""distance"":5,""physical_error_rate"":0.0002}","{""detection_events"":764,""detectors_checked"":917504}"
      3072,         0,         0,   0.095,standalone_exact_mw,000a12f67b6d2f9febee6f900216609acb0c5281b533fe6e35129362572a0912,"{""distance"":5,""physical_error_rate"":0.0002}","{""detection_events"":558,""detectors_checked"":688128}"
      4096,         0,         0,   0.084,standalone_exact_mw,000a12f67b6d2f9febee6f900216609acb0c5281b533fe6e35129362572a0912,"{""distance"":5,""physical_error_rate"":0.0002}","{""detection_events"":702,""detectors_checked"":917504}"
      4096,         0,         0,   0.124,standalone_exact_mw,000a12f67b6d2f9febee6f900216609acb0c5281b533fe6e35129362572a0912,"{""distance"":5,""physical_error_rate"":0.0002}","{""detection_events"":857,""detectors_checked"":917504}"
      5120,         0,         0,   0.112,standalone_exact_mw,000a12f67b6d2f9febee6f900216609acb0c5281b533fe6e35129362572a0912,"{""distance"":5,""physical_error_rate"":0.0002}","{""detection_events"":979,""detectors_checked"":1146880}"
      3072,         0,         0,   0.078,standalone_exact_mw,000a12f67b6d2f9febee6f900216609acb0c5281b533fe6e35129362572a0912,"{""distance"":5,""physical_error_rate"":0.0002}","{""detection_events"":636,""detectors_checked"":688128}"
      5120,         0,         0,   0.131,standalone_exact_mw,000a12f67b6d2f9febee6f900216609acb0c5281b533fe6e35129362572a0912,"{""distance"":5,""physical_error_rate"":0.0002}","{""detection_events"":940,""detectors_checked"":1146880}"
      5120,         0,         0,   0.109,standalone_exact_mw,000a12f67b6d2f9febee6f900216609acb0c5281b533fe6e35129362572a0912,"{""distance"":5,""physical_error_rate"":0.0002}","{""detection_events"":994,""detectors_checked"":1146880}"
      5120,         0,         0,   0.127,standalone_exact_mw,000a12f67b6d2f9febee6f900216609acb0c5281b533fe6e35129362572a0912,"{""distance"":5,""physical_error_rate"":0.0002}","{""detection_events"":980,""detectors_checked"":1146880}"
      5120,         0,         0,   0.131,standalone_exact_mw,000a12f67b6d2f9febee6f900216609acb0c5281b533fe6e35129362572a0912,"{""distance"":5,""physical_error_rate"":0.0002}","{""detection_events"":925,""detectors_checked"":1146880}"
      6144,         0,         0,   0.161,standalone_exact_mw,000a12f67b6d2f9febee6f900216609acb0c5281b533fe6e35129362572a0912,"{""distance"":5,""physical_error_rate"":0.0002}","{""detection_events"":1109,""detectors_checked"":1376256}"
      6144,         0,         0,   0.158,standalone_exact_mw,000a12f67b6d2f9febee6f900216609acb0c5281b533fe6e35129362572a0912,"{""distance"":5,""physical_error_rate"":0.0002}","{""detection_events"":1119,""detectors_checked"":1376256}"
      5120,         0,         0,   0.134,standalone_exact_mw,000a12f67b6d2f9febee6f900216609acb0c5281b533fe6e35129362572a0912,"{""distance"":5,""physical_error_rate"":0.0002}","{""detection_events"":911,""detectors_checked"":1146880}"
      4096,         0,         0,   0.110,standalone_exact_mw,000a12f67b6d2f9febee6f900216609acb0c5281b533fe6e35129362572a0912,"{""distance"":5,""physical_error_rate"":0.0002}","{""detection_events"":928,""detectors_checked"":917504}"
     12288,         0,         0,   0.155,standalone_exact_mw,000a12f67b6d2f9febee6f900216609acb0c5281b533fe6e35129362572a0912,"{""distance"":5,""physical_error_rate"":0.0002}","{""detection_events"":2129,""detectors_checked"":2752512}"
      9216,         0,         0,   0.164,standalone_exact_mw,000a12f67b6d2f9febee6f900216609acb0c5281b533fe6e35129362572a0912,"{""distance"":5,""physical_error_rate"":0.0002}","{""detection_events"":1719,""detectors_checked"":2064384}"
      6144,         0,         0,   0.149,standalone_exact_mw,000a12f67b6d2f9febee6f900216609acb0c5281b533fe6e35129362572a0912,"{""distance"":5,""physical_error_rate"":0.0002}","{""detection_events"":1081,""detectors_checked"":1376256}"
      6144,         0,         0,   0.152,standalone_exact_mw,000a12f67b6d2f9febee6f900216609acb0c5281b533fe6e35129362572a0912,"{""distance"":5,""physical_error_rate"":0.0002}","{""detection_events"":1103,""detectors_checked"":1376256}"
      5120,         0,         0,   0.123,standalone_exact_mw,000a12f67b6d2f9febee6f900216609acb0c5281b533fe6e35129362572a0912,"{""distance"":5,""physical_error_rate"":0.0002}","{""detection_events"":892,""detectors_checked"":1146880}"
      6144,         0,         0,   0.157,standalone_exact_mw,000a12f67b6d2f9febee6f900216609acb0c5281b533fe6e35129362572a0912,"{""distance"":5,""physical_error_rate"":0.0002}","{""detection_events"":1153,""detectors_checked"":1376256}"
      4096,         0,         0,   0.090,standalone_exact_mw,000a12f67b6d2f9febee6f900216609acb0c5281b533fe6e35129362572a0912,"{""distance"":5,""physical_error_rate"":0.0002}","{""detection_events"":668,""detectors_checked"":917504}"
      7168,         0,         0,   0.166,standalone_exact_mw,000a12f67b6d2f9febee6f900216609acb0c5281b533fe6e35129362572a0912,"{""distance"":5,""physical_error_rate"":0.0002}","{""detection_events"":1226,""detectors_checked"":1605632}"
      5120,         0,         0,   0.149,standalone_exact_mw,000a12f67b6d2f9febee6f900216609acb0c5281b533fe6e35129362572a0912,"{""distance"":5,""physical_error_rate"":0.0002}","{""detection_events"":925,""detectors_checked"":1146880}"
      6144,         0,         0,   0.130,standalone_exact_mw,000a12f67b6d2f9febee6f900216609acb0c5281b533fe6e35129362572a0912,"{""distance"":5,""physical_error_rate"":0.0002}","{""detection_events"":1072,""detectors_checked"":1376256}"
      6144,         0,         0,   0.154,standalone_exact_mw,000a12f67b6d2f9febee6f900216609acb0c5281b533fe6e35129362572a0912,"{""distance"":5,""physical_error_rate"":0.0002}","{""detection_events"":1123,""detectors_checked"":1376256}"
      6144,         0,         0,   0.160,standalone_exact_mw,000a12f67b6d2f9febee6f900216609acb0c5281b533fe6e35129362572a0912,"{""distance"":5,""physical_error_rate"":0.0002}","{""detection_events"":1142,""detectors_checked"":1376256}"
     12288,         0,         0,   0.150,standalone_exact_mw,000a12f67b6d2f9febee6f900216609acb0c5281b533fe6e35129362572a0912,"{""distance"":5,""physical_error_rate"":0.0002}","{""detection_events"":2259,""detectors_checked"":2752512}"
      5120,         0,         0,   0.166,standalone_exact_mw,000a12f67b6d2f9febee6f900216609acb0c5281b533fe6e35129362572a0912,"{""distance"":5,""physical_error_rate"":0.0002}","{""detection_events"":962,""detectors_checked"":1146880}"
     10240,         0,         0,   0.228,standalone_exact_mw,000a12f67b6d2f9febee6f900216609acb0c5281b533fe6e35129362572a0912,"{""distance"":5,""physical_error_rate"":0.0002}","{""detection_events"":1798,""detectors_checked"":2293760}"
      6144,         0,         0,   0.142,standalone_exact_mw,000a12f67b6d2f9febee6f900216609acb0c5281b533fe6e35129362572a0912,"{""distance"":5,""physical_error_rate"":0.0002}","{""detection_events"":1121,""detectors_checked"":1376256}"
      6144,         0,         0,   0.139,standalone_exact_mw,000a12f67b6d2f9febee6f900216609acb0c5281b533fe6e35129362572a0912,"{""distance"":5,""physical_error_rate"":0.0002}","{""detection_events"":1096,""detectors_checked"":1376256}"
      6144,         0,         0,   0.163,standalone_exact_mw,000a12f67b6d2f9febee6f900216609acb0c5281b533fe6e35129362572a0912,"{""distance"":5,""physical_error_rate"":0.0002}","{""detection_events"":1144,""detectors_checked"":1376256}"
      6144,         0,         0,   0.135,standalone_exact_mw,000a12f67b6d2f9febee6f900216609acb0c5281b533fe6e35129362572a0912,"{""distance"":5,""physical_error_rate"":0.0002}","{""detection_events"":1194,""detectors_checked"":1376256}"
      6144,         0,         0,   0.169,standalone_exact_mw,000a12f67b6d2f9febee6f900216609acb0c5281b533fe6e35129362572a0912,"{""distance"":5,""physical_error_rate"":0.0002}","{""detection_events"":1149,""detectors_checked"":1376256}"
      6144,         0,         0,   0.155,standalone_exact_mw,000a12f67b6d2f9febee6f900216609acb0c5281b533fe6e35129362572a0912,"{""distance"":5,""physical_error_rate"":0.0002}","{""detection_events"":1179,""detectors_checked"":1376256}"
      6144,         0,         0,   0.142,standalone_exact_mw,000a12f67b6d2f9febee6f900216609acb0c5281b533fe6e35129362572a0912,"{""distance"":5,""physical_error_rate"":0.0002}","{""detection_events"":1098,""detectors_checked"":1376256}"
      8192,         0,         0,   0.214,standalone_exact_mw,000a12f67b6d2f9febee6f900216609acb0c5281b533fe6e35129362572a0912,"{""distance"":5,""physical_error_rate"":0.0002}","{""detection_events"":1551,""detectors_checked"":1835008}"
      6144,         0,         0,   0.157,standalone_exact_mw,000a12f67b6d2f9febee6f900216609acb0c5281b533fe6e35129362572a0912,"{""distance"":5,""physical_error_rate"":0.0002}","{""detection_events"":1157,""detectors_checked"":1376256}"
      8192,         0,         0,   0.225,standalone_exact_mw,000a12f67b6d2f9febee6f900216609acb0c5281b533fe6e35129362572a0912,"{""distance"":5,""physical_error_rate"":0.0002}","{""detection_events"":1534,""detectors_checked"":1835008}"
      6144,         0,         0,   0.161,standalone_exact_mw,000a12f67b6d2f9febee6f900216609acb0c5281b533fe6e35129362572a0912,"{""distance"":5,""physical_error_rate"":0.0002}","{""detection_events"":1163,""detectors_checked"":1376256}"
      6144,         0,         0,   0.160,standalone_exact_mw,000a12f67b6d2f9febee6f900216609acb0c5281b533fe6e35129362572a0912,"{""distance"":5,""physical_error_rate"":0.0002}","{""detection_events"":1135,""detectors_checked"":1376256}"
     14336,         0,         0,   0.213,standalone_exact_mw,000a12f67b6d2f9febee6f900216609acb0c5281b533fe6e35129362572a0912,"{""distance"":5,""physical_error_rate"":0.0002}","{""detection_events"":2610,""detectors_checked"":3211264}"
     17408,         0,         0,   0.219,standalone_exact_mw,000a12f67b6d2f9febee6f900216609acb0c5281b533fe6e35129362572a0912,"{""distance"":5,""physical_error_rate"":0.0002}","{""detection_events"":3041,""detectors_checked"":3899392}"
      9216,         0,         0,   0.212,standalone_exact_mw,000a12f67b6d2f9febee6f900216609acb0c5281b533fe6e35129362572a0912,"{""distance"":5,""physical_error_rate"":0.0002}","{""detection_events"":1648,""detectors_checked"":2064384}"
      9216,         0,         0,   0.216,standalone_exact_mw,000a12f67b6d2f9febee6f900216609acb0c5281b533fe6e35129362572a0912,"{""distance"":5,""physical_error_rate"":0.0002}","{""detection_events"":1652,""detectors_checked"":2064384}"
      9216,         0,         0,   0.219,standalone_exact_mw,000a12f67b6d2f9febee6f900216609acb0c5281b533fe6e35129362572a0912,"{""distance"":5,""physical_error_rate"":0.0002}","{""detection_events"":1692,""detectors_checked"":2064384}"
      6144,         0,         0,   0.224,standalone_exact_mw,000a12f67b6d2f9febee6f900216609acb0c5281b533fe6e35129362572a0912,"{""distance"":5,""physical_error_rate"":0.0002}","{""detection_events"":1195,""detectors_checked"":1376256}"
      8192,         0,         0,   0.211,standalone_exact_mw,000a12f67b6d2f9febee6f900216609acb0c5281b533fe6e35129362572a0912,"{""distance"":5,""physical_error_rate"":0.0002}","{""detection_events"":1416,""detectors_checked"":1835008}"
      9216,         0,         0,   0.215,standalone_exact_mw,000a12f67b6d2f9febee6f900216609acb0c5281b533fe6e35129362572a0912,"{""distance"":5,""physical_error_rate"":0.0002}","{""detection_events"":1679,""detectors_checked"":2064384}"
      6144,         0,         0,   0.249,standalone_exact_mw,000a12f67b6d2f9febee6f900216609acb0c5281b533fe6e35129362572a0912,"{""distance"":5,""physical_error_rate"":0.0002}","{""detection_events"":1221,""detectors_checked"":1376256}"
      8192,         0,         0,   0.219,standalone_exact_mw,000a12f67b6d2f9febee6f900216609acb0c5281b533fe6e35129362572a0912,"{""distance"":5,""physical_error_rate"":0.0002}","{""detection_events"":1456,""detectors_checked"":1835008}"
    613376,         0,         0,   119.2,standalone_exact_mw,000a12f67b6d2f9febee6f900216609acb0c5281b533fe6e35129362572a0912,"{""distance"":5,""physical_error_rate"":0.0002}","{""detection_events"":113040,""detectors_checked"":137396224}"
     13312,         0,         0,   0.232,standalone_exact_mw,000a12f67b6d2f9febee6f900216609acb0c5281b533fe6e35129362572a0912,"{""distance"":5,""physical_error_rate"":0.0002}","{""detection_events"":2569,""detectors_checked"":2981888}"
      8192,         0,         0,   0.231,standalone_exact_mw,000a12f67b6d2f9febee6f900216609acb0c5281b533fe6e35129362572a0912,"{""distance"":5,""physical_error_rate"":0.0002}","{""detection_events"":1524,""detectors_checked"":1835008}"
      8192,         0,         0,   0.217,standalone_exact_mw,000a12f67b6d2f9febee6f900216609acb0c5281b533fe6e35129362572a0912,"{""distance"":5,""physical_error_rate"":0.0002}","{""detection_events"":1595,""detectors_checked"":1835008}"
      8192,         0,         0,   0.230,standalone_exact_mw,000a12f67b6d2f9febee6f900216609acb0c5281b533fe6e35129362572a0912,"{""distance"":5,""physical_error_rate"":0.0002}","{""detection_events"":1596,""detectors_checked"":1835008}"
      8192,         0,         0,   0.213,standalone_exact_mw,000a12f67b6d2f9febee6f900216609acb0c5281b533fe6e35129362572a0912,"{""distance"":5,""physical_error_rate"":0.0002}","{""detection_events"":1601,""detectors_checked"":1835008}"
      9216,         0,         0,   0.217,standalone_exact_mw,000a12f67b6d2f9febee6f900216609acb0c5281b533fe6e35129362572a0912,"{""distance"":5,""physical_error_rate"":0.0002}","{""detection_events"":1746,""detectors_checked"":2064384}"
      9216,         0,         0,   0.216,standalone_exact_mw,000a12f67b6d2f9febee6f900216609acb0c5281b533fe6e35129362572a0912,"{""distance"":5,""physical_error_rate"":0.0002}","{""detection_events"":1563,""detectors_checked"":2064384}"
      8192,         0,         0,   0.219,standalone_exact_mw,000a12f67b6d2f9febee6f900216609acb0c5281b533fe6e35129362572a0912,"{""distance"":5,""physical_error_rate"":0.0002}","{""detection_events"":1420,""detectors_checked"":1835008}"
     11264,         0,         0,   0.310,standalone_exact_mw,000a12f67b6d2f9febee6f900216609acb0c5281b533fe6e35129362572a0912,"{""distance"":5,""physical_error_rate"":0.0002}","{""detection_events"":2116,""detectors_checked"":2523136}"
      8192,         0,         0,   0.209,standalone_exact_mw,000a12f67b6d2f9febee6f900216609acb0c5281b533fe6e35129362572a0912,"{""distance"":5,""physical_error_rate"":0.0002}","{""detection_events"":1505,""detectors_checked"":1835008}"
      7168,         0,         0,   0.193,standalone_exact_mw,000a12f67b6d2f9febee6f900216609acb0c5281b533fe6e35129362572a0912,"{""distance"":5,""physical_error_rate"":0.0002}","{""detection_events"":1415,""detectors_checked"":1605632}"
      9216,         0,         0,   0.225,standalone_exact_mw,000a12f67b6d2f9febee6f900216609acb0c5281b533fe6e35129362572a0912,"{""distance"":5,""physical_error_rate"":0.0002}","{""detection_events"":1700,""detectors_checked"":2064384}"
     12288,         0,         0,   0.295,standalone_exact_mw,000a12f67b6d2f9febee6f900216609acb0c5281b533fe6e35129362572a0912,"{""distance"":5,""physical_error_rate"":0.0002}","{""detection_events"":2161,""detectors_checked"":2752512}"
     11264,         0,         0,   0.306,standalone_exact_mw,000a12f67b6d2f9febee6f900216609acb0c5281b533fe6e35129362572a0912,"{""distance"":5,""physical_error_rate"":0.0002}","{""detection_events"":2107,""detectors_checked"":2523136}"
     21504,         0,         0,   0.299,standalone_exact_mw,000a12f67b6d2f9febee6f900216609acb0c5281b533fe6e35129362572a0912,"{""distance"":5,""physical_error_rate"":0.0002}","{""detection_events"":3920,""detectors_checked"":4816896}"
     21504,         0,         0,   0.301,standalone_exact_mw,000a12f67b6d2f9febee6f900216609acb0c5281b533fe6e35129362572a0912,"{""distance"":5,""physical_error_rate"":0.0002}","{""detection_events"":4009,""detectors_checked"":4816896}"
     12288,         0,         0,   0.291,standalone_exact_mw,000a12f67b6d2f9febee6f900216609acb0c5281b533fe6e35129362572a0912,"{""distance"":5,""physical_error_rate"":0.0002}","{""detection_events"":2337,""detectors_checked"":2752512}"
     11264,         0,         0,   0.307,standalone_exact_mw,000a12f67b6d2f9febee6f900216609acb0c5281b533fe6e35129362572a0912,"{""distance"":5,""physical_error_rate"":0.0002}","{""detection_events"":2045,""detectors_checked"":2523136}"
     12288,         0,         0,   0.309,standalone_exact_mw,000a12f67b6d2f9febee6f900216609acb0c5281b533fe6e35129362572a0912,"{""distance"":5,""physical_error_rate"":0.0002}","{""detection_events"":2367,""detectors_checked"":2752512}"
     11264,         0,         0,   0.291,standalone_exact_mw,000a12f67b6d2f9febee6f900216609acb0c5281b533fe6e35129362572a0912,"{""distance"":5,""physical_error_rate"":0.0002}","{""detection_events"":2154,""detectors_checked"":2523136}"
     11264,         0,         0,   0.293,standalone_exact_mw,000a12f67b6d2f9febee6f900216609acb0c5281b533fe6e35129362572a0912,"{""distance"":5,""physical_error_rate"":0.0002}","{""detection_events"":2114,""detectors_checked"":2523136}"
     11264,         0,         0,   0.291,standalone_exact_mw,000a12f67b6d2f9febee6f900216609acb0c5281b533fe6e35129362572a0912,"{""distance"":5,""physical_error_rate"":0.0002}","{""detection_events"":2001,""detectors_checked"":2523136}"
     11264,         0,         0,   0.315,standalone_exact_mw,000a12f67b6d2f9febee6f900216609acb0c5281b533fe6e35129362572a0912,"{""distance"":5,""physical_error_rate"":0.0002}","{""detection_events"":1980,""detectors_checked"":2523136}"
      8192,         0,         0,   0.298,standalone_exact_mw,000a12f67b6d2f9febee6f900216609acb0c5281b533fe6e35129362572a0912,"{""distance"":5,""physical_error_rate"":0.0002}","{""detection_events"":1464,""detectors_checked"":1835008}"
     11264,         0,         0,   0.297,standalone_exact_mw,000a12f67b6d2f9febee6f900216609acb0c5281b533fe6e35129362572a0912,"{""distance"":5,""physical_error_rate"":0.0002}","{""detection_events"":2174,""detectors_checked"":2523136}"
     11264,         0,         0,   0.312,standalone_exact_mw,000a12f67b6d2f9febee6f900216609acb0c5281b533fe6e35129362572a0912,"{""distance"":5,""physical_error_rate"":0.0002}","{""detection_events"":2003,""detectors_checked"":2523136}"
     11264,         0,         0,   0.298,standalone_exact_mw,000a12f67b6d2f9febee6f900216609acb0c5281b533fe6e35129362572a0912,"{""distance"":5,""physical_error_rate"":0.0002}","{""detection_events"":2067,""detectors_checked"":2523136}"
     12288,         0,         0,   0.315,standalone_exact_mw,000a12f67b6d2f9febee6f900216609acb0c5281b533fe6e35129362572a0912,"{""distance"":5,""physical_error_rate"":0.0002}","{""detection_events"":2284,""detectors_checked"":2752512}"
     12288,         0,         0,   0.304,standalone_exact_mw,000a12f67b6d2f9febee6f900216609acb0c5281b533fe6e35129362572a0912,"{""distance"":5,""physical_error_rate"":0.0002}","{""detection_events"":2220,""detectors_checked"":2752512}"
     11264,         0,         0,   0.308,standalone_exact_mw,000a12f67b6d2f9febee6f900216609acb0c5281b533fe6e35129362572a0912,"{""distance"":5,""physical_error_rate"":0.0002}","{""detection_events"":2013,""detectors_checked"":2523136}"
     12288,         0,         0,   0.307,standalone_exact_mw,000a12f67b6d2f9febee6f900216609acb0c5281b533fe6e35129362572a0912,"{""distance"":5,""physical_error_rate"":0.0002}","{""detection_events"":2203,""detectors_checked"":2752512}"
     12288,         0,         0,   0.304,standalone_exact_mw,000a12f67b6d2f9febee6f900216609acb0c5281b533fe6e35129362572a0912,"{""distance"":5,""physical_error_rate"":0.0002}","{""detection_events"":2206,""detectors_checked"":2752512}"
     11264,         0,         0,   0.289,standalone_exact_mw,000a12f67b6d2f9febee6f900216609acb0c5281b533fe6e35129362572a0912,"{""distance"":5,""physical_error_rate"":0.0002}","{""detection_events"":2083,""detectors_checked"":2523136}"
     12288,         0,         0,   0.289,standalone_exact_mw,000a12f67b6d2f9febee6f900216609acb0c5281b533fe6e35129362572a0912,"{""distance"":5,""physical_error_rate"":0.0002}","{""detection_events"":2257,""detectors_checked"":2752512}"
     12288,         0,         0,   0.315,standalone_exact_mw,000a12f67b6d2f9febee6f900216609acb0c5281b533fe6e35129362572a0912,"{""distance"":5,""physical_error_rate"":0.0002}","{""detection_events"":2379,""detectors_checked"":2752512}"
     15360,         0,         0,   0.412,standalone_exact_mw,000a12f67b6d2f9febee6f900216609acb0c5281b533fe6e35129362572a0912,"{""distance"":5,""physical_error_rate"":0.0002}","{""detection_events"":2931,""detectors_checked"":3440640}"
     16384,         0,         0,   0.413,standalone_exact_mw,000a12f67b6d2f9febee6f900216609acb0c5281b533fe6e35129362572a0912,"{""distance"":5,""physical_error_rate"":0.0002}","{""detection_events"":2994,""detectors_checked"":3670016}"
     31744,         0,         0,   0.404,standalone_exact_mw,000a12f67b6d2f9febee6f900216609acb0c5281b533fe6e35129362572a0912,"{""distance"":5,""physical_error_rate"":0.0002}","{""detection_events"":5851,""detectors_checked"":7110656}"
     16384,         0,         0,   0.439,standalone_exact_mw,000a12f67b6d2f9febee6f900216609acb0c5281b533fe6e35129362572a0912,"{""distance"":5,""physical_error_rate"":0.0002}","{""detection_events"":2797,""detectors_checked"":3670016}"
     28672,         0,         0,   0.417,standalone_exact_mw,000a12f67b6d2f9febee6f900216609acb0c5281b533fe6e35129362572a0912,"{""distance"":5,""physical_error_rate"":0.0002}","{""detection_events"":5262,""detectors_checked"":6422528}"
     16384,         0,         0,   0.421,standalone_exact_mw,000a12f67b6d2f9febee6f900216609acb0c5281b533fe6e35129362572a0912,"{""distance"":5,""physical_error_rate"":0.0002}","{""detection_events"":3109,""detectors_checked"":3670016}"
     17408,         0,         0,   0.411,standalone_exact_mw,000a12f67b6d2f9febee6f900216609acb0c5281b533fe6e35129362572a0912,"{""distance"":5,""physical_error_rate"":0.0002}","{""detection_events"":2994,""detectors_checked"":3899392}"
     17408,         0,         0,   0.413,standalone_exact_mw,000a12f67b6d2f9febee6f900216609acb0c5281b533fe6e35129362572a0912,"{""distance"":5,""physical_error_rate"":0.0002}","{""detection_events"":3134,""detectors_checked"":3899392}"
     15360,         0,         0,   0.393,standalone_exact_mw,000a12f67b6d2f9febee6f900216609acb0c5281b533fe6e35129362572a0912,"{""distance"":5,""physical_error_rate"":0.0002}","{""detection_events"":2796,""detectors_checked"":3440640}"
     15360,         0,         0,   0.409,standalone_exact_mw,000a12f67b6d2f9febee6f900216609acb0c5281b533fe6e35129362572a0912,"{""distance"":5,""physical_error_rate"":0.0002}","{""detection_events"":2816,""detectors_checked"":3440640}"
     17408,         0,         0,   0.419,standalone_exact_mw,000a12f67b6d2f9febee6f900216609acb0c5281b533fe6e35129362572a0912,"{""distance"":5,""physical_error_rate"":0.0002}","{""detection_events"":3178,""detectors_checked"":3899392}"
     15360,         0,         0,   0.417,standalone_exact_mw,000a12f67b6d2f9febee6f900216609acb0c5281b533fe6e35129362572a0912,"{""distance"":5,""physical_error_rate"":0.0002}","{""detection_events"":2809,""detectors_checked"":3440640}"
     17408,         0,         0,   0.425,standalone_exact_mw,000a12f67b6d2f9febee6f900216609acb0c5281b533fe6e35129362572a0912,"{""distance"":5,""physical_error_rate"":0.0002}","{""detection_events"":3105,""detectors_checked"":3899392}"
     15360,         1,         0,   0.393,standalone_exact_mw,000a12f67b6d2f9febee6f900216609acb0c5281b533fe6e35129362572a0912,"{""distance"":5,""physical_error_rate"":0.0002}","{""detection_events"":2717,""detectors_checked"":3440640,""obs_mistake_mask=E"":1}"
     16384,         0,         0,   0.402,standalone_exact_mw,000a12f67b6d2f9febee6f900216609acb0c5281b533fe6e35129362572a0912,"{""distance"":5,""physical_error_rate"":0.0002}","{""detection_events"":3069,""detectors_checked"":3670016}"
     16384,         0,         0,   0.400,standalone_exact_mw,000a12f67b6d2f9febee6f900216609acb0c5281b533fe6e35129362572a0912,"{""distance"":5,""physical_error_rate"":0.0002}","{""detection_events"":2994,""detectors_checked"":3670016}"
     15360,         0,         0,   0.406,standalone_exact_mw,000a12f67b6d2f9febee6f900216609acb0c5281b533fe6e35129362572a0912,"{""distance"":5,""physical_error_rate"":0.0002}","{""detection_events"":2802,""detectors_checked"":3440640}"
     16384,         0,         0,   0.424,standalone_exact_mw,000a12f67b6d2f9febee6f900216609acb0c5281b533fe6e35129362572a0912,"{""distance"":5,""physical_error_rate"":0.0002}","{""detection_events"":3081,""detectors_checked"":3670016}"
     16384,         0,         0,   0.430,standalone_exact_mw,000a12f67b6d2f9febee6f900216609acb0c5281b533fe6e35129362572a0912,"{""distance"":5,""physical_error_rate"":0.0002}","{""detection_events"":3104,""detectors_checked"":3670016}"
     14336,         0,         0,   0.407,standalone_exact_mw,000a12f67b6d2f9febee6f900216609acb0c5281b533fe6e35129362572a0912,"{""distance"":5,""physical_error_rate"":0.0002}","{""detection_events"":2702,""detectors_checked"":3211264}"
     15360,         0,         0,   0.399,standalone_exact_mw,000a12f67b6d2f9febee6f900216609acb0c5281b533fe6e35129362572a0912,"{""distance"":5,""physical_error_rate"":0.0002}","{""detection_events"":2855,""detectors_checked"":3440640}"
     16384,         0,         0,   0.418,standalone_exact_mw,000a12f67b6d2f9febee6f900216609acb0c5281b533fe6e35129362572a0912,"{""distance"":5,""physical_error_rate"":0.0002}","{""detection_events"":2955,""detectors_checked"":3670016}"
     16384,         0,         0,   0.395,standalone_exact_mw,000a12f67b6d2f9febee6f900216609acb0c5281b533fe6e35129362572a0912,"{""distance"":5,""physical_error_rate"":0.0002}","{""detection_events"":2957,""detectors_checked"":3670016}"
     15360,         0,         0,   0.408,standalone_exact_mw,000a12f67b6d2f9febee6f900216609acb0c5281b533fe6e35129362572a0912,"{""distance"":5,""physical_error_rate"":0.0002}","{""detection_events"":2760,""detectors_checked"":3440640}"
     20480,         0,         0,   0.561,standalone_exact_mw,000a12f67b6d2f9febee6f900216609acb0c5281b533fe6e35129362572a0912,"{""distance"":5,""physical_error_rate"":0.0002}","{""detection_events"":3858,""detectors_checked"":4587520}"
     29696,         0,         0,   0.557,standalone_exact_mw,000a12f67b6d2f9febee6f900216609acb0c5281b533fe6e35129362572a0912,"{""distance"":5,""physical_error_rate"":0.0002}","{""detection_events"":5418,""detectors_checked"":6651904}"
     38912,         0,         0,   0.563,standalone_exact_mw,000a12f67b6d2f9febee6f900216609acb0c5281b533fe6e35129362572a0912,"{""distance"":5,""physical_error_rate"":0.0002}","{""detection_events"":7142,""detectors_checked"":8716288}"
     39936,         0,         0,   0.568,standalone_exact_mw,000a12f67b6d2f9febee6f900216609acb0c5281b533fe6e35129362572a0912,"{""distance"":5,""physical_error_rate"":0.0002}","{""detection_events"":7219,""detectors_checked"":8945664}"
     22528,         0,         0,   0.568,standalone_exact_mw,000a12f67b6d2f9febee6f900216609acb0c5281b533fe6e35129362572a0912,"{""distance"":5,""physical_error_rate"":0.0002}","{""detection_events"":4281,""detectors_checked"":5046272}"
     33792,         0,         0,   0.574,standalone_exact_mw,000a12f67b6d2f9febee6f900216609acb0c5281b533fe6e35129362572a0912,"{""distance"":5,""physical_error_rate"":0.0002}","{""detection_events"":6372,""detectors_checked"":7569408}"
     21504,         0,         0,   0.559,standalone_exact_mw,000a12f67b6d2f9febee6f900216609acb0c5281b533fe6e35129362572a0912,"{""distance"":5,""physical_error_rate"":0.0002}","{""detection_events"":3999,""detectors_checked"":4816896}"
     30720,         0,         0,   0.576,standalone_exact_mw,000a12f67b6d2f9febee6f900216609acb0c5281b533fe6e35129362572a0912,"{""distance"":5,""physical_error_rate"":0.0002}","{""detection_events"":5690,""detectors_checked"":6881280}"
     23552,         0,         0,   0.585,standalone_exact_mw,000a12f67b6d2f9febee6f900216609acb0c5281b533fe6e35129362572a0912,"{""distance"":5,""physical_error_rate"":0.0002}","{""detection_events"":4362,""detectors_checked"":5275648}"
     23552,         0,         0,   0.583,standalone_exact_mw,000a12f67b6d2f9febee6f900216609acb0c5281b533fe6e35129362572a0912,"{""distance"":5,""physical_error_rate"":0.0002}","{""detection_events"":4262,""detectors_checked"":5275648}"
     21504,         0,         0,   0.567,standalone_exact_mw,000a12f67b6d2f9febee6f900216609acb0c5281b533fe6e35129362572a0912,"{""distance"":5,""physical_error_rate"":0.0002}","{""detection_events"":3862,""detectors_checked"":4816896}"
     22528,         0,         0,   0.588,standalone_exact_mw,000a12f67b6d2f9febee6f900216609acb0c5281b533fe6e35129362572a0912,"{""distance"":5,""physical_error_rate"":0.0002}","{""detection_events"":4114,""detectors_checked"":5046272}"
     23552,         0,         0,   0.570,standalone_exact_mw,000a12f67b6d2f9febee6f900216609acb0c5281b533fe6e35129362572a0912,"{""distance"":5,""physical_error_rate"":0.0002}","{""detection_events"":4601,""detectors_checked"":5275648}"
     21504,         0,         0,   0.570,standalone_exact_mw,000a12f67b6d2f9febee6f900216609acb0c5281b533fe6e35129362572a0912,"{""distance"":5,""physical_error_rate"":0.0002}","{""detection_events"":4131,""detectors_checked"":4816896}"
     22528,         0,         0,   0.612,standalone_exact_mw,000a12f67b6d2f9febee6f900216609acb0c5281b533fe6e35129362572a0912,"{""distance"":5,""physical_error_rate"":0.0002}","{""detection_events"":4097,""detectors_checked"":5046272}"
     22528,         0,         0,   0.559,standalone_exact_mw,000a12f67b6d2f9febee6f900216609acb0c5281b533fe6e35129362572a0912,"{""distance"":5,""physical_error_rate"":0.0002}","{""detection_events"":4109,""detectors_checked"":5046272}"
     23552,         0,         0,   0.574,standalone_exact_mw,000a12f67b6d2f9febee6f900216609acb0c5281b533fe6e35129362572a0912,"{""distance"":5,""physical_error_rate"":0.0002}","{""detection_events"":4149,""detectors_checked"":5275648}"
     22528,         0,         0,   0.622,standalone_exact_mw,000a12f67b6d2f9febee6f900216609acb0c5281b533fe6e35129362572a0912,"{""distance"":5,""physical_error_rate"":0.0002}","{""detection_events"":4452,""detectors_checked"":5046272}"
     10240,         0,         0,   0.606,standalone_exact_mw,000a12f67b6d2f9febee6f900216609acb0c5281b533fe6e35129362572a0912,"{""distance"":5,""physical_error_rate"":0.0002}","{""detection_events"":1781,""detectors_checked"":2293760}"
     23552,         0,         0,   0.604,standalone_exact_mw,000a12f67b6d2f9febee6f900216609acb0c5281b533fe6e35129362572a0912,"{""distance"":5,""physical_error_rate"":0.0002}","{""detection_events"":4180,""detectors_checked"":5275648}"
     22528,         0,         0,   0.591,standalone_exact_mw,000a12f67b6d2f9febee6f900216609acb0c5281b533fe6e35129362572a0912,"{""distance"":5,""physical_error_rate"":0.0002}","{""detection_events"":4209,""detectors_checked"":5046272}"
     22528,         0,         0,   0.554,standalone_exact_mw,000a12f67b6d2f9febee6f900216609acb0c5281b533fe6e35129362572a0912,"{""distance"":5,""physical_error_rate"":0.0002}","{""detection_events"":4181,""detectors_checked"":5046272}"
      9216,         0,         0,   0.572,standalone_exact_mw,000a12f67b6d2f9febee6f900216609acb0c5281b533fe6e35129362572a0912,"{""distance"":5,""physical_error_rate"":0.0002}","{""detection_events"":1582,""detectors_checked"":2064384}"
      8192,         0,         0,   0.617,standalone_exact_mw,000a12f67b6d2f9febee6f900216609acb0c5281b533fe6e35129362572a0912,"{""distance"":5,""physical_error_rate"":0.0002}","{""detection_events"":1430,""detectors_checked"":1835008}"
     28672,         0,         0,   0.798,standalone_exact_mw,000a12f67b6d2f9febee6f900216609acb0c5281b533fe6e35129362572a0912,"{""distance"":5,""physical_error_rate"":0.0002}","{""detection_events"":5312,""detectors_checked"":6422528}"
     53248,         0,         0,   0.792,standalone_exact_mw,000a12f67b6d2f9febee6f900216609acb0c5281b533fe6e35129362572a0912,"{""distance"":5,""physical_error_rate"":0.0002}","{""detection_events"":9730,""detectors_checked"":11927552}"
     37888,         0,         0,   0.801,standalone_exact_mw,000a12f67b6d2f9febee6f900216609acb0c5281b533fe6e35129362572a0912,"{""distance"":5,""physical_error_rate"":0.0002}","{""detection_events"":7032,""detectors_checked"":8486912}"
     57344,         1,         0,   0.797,standalone_exact_mw,000a12f67b6d2f9febee6f900216609acb0c5281b533fe6e35129362572a0912,"{""distance"":5,""physical_error_rate"":0.0002}","{""detection_events"":10636,""detectors_checked"":12845056,""obs_mistake_mask=E"":1}"
     27648,         0,         0,   0.794,standalone_exact_mw,000a12f67b6d2f9febee6f900216609acb0c5281b533fe6e35129362572a0912,"{""distance"":5,""physical_error_rate"":0.0002}","{""detection_events"":5093,""detectors_checked"":6193152}"
     50176,         0,         0,   0.799,standalone_exact_mw,000a12f67b6d2f9febee6f900216609acb0c5281b533fe6e35129362572a0912,"{""distance"":5,""physical_error_rate"":0.0002}","{""detection_events"":9263,""detectors_checked"":11239424}"
     32768,         0,         0,   0.818,standalone_exact_mw,000a12f67b6d2f9febee6f900216609acb0c5281b533fe6e35129362572a0912,"{""distance"":5,""physical_error_rate"":0.0002}","{""detection_events"":5860,""detectors_checked"":7340032}"
     53248,         0,         0,   0.802,standalone_exact_mw,000a12f67b6d2f9febee6f900216609acb0c5281b533fe6e35129362572a0912,"{""distance"":5,""physical_error_rate"":0.0002}","{""detection_events"":9952,""detectors_checked"":11927552}"
     32768,         0,         0,   0.807,standalone_exact_mw,000a12f67b6d2f9febee6f900216609acb0c5281b533fe6e35129362572a0912,"{""distance"":5,""physical_error_rate"":0.0002}","{""detection_events"":5846,""detectors_checked"":7340032}"
     30720,         0,         0,   0.795,standalone_exact_mw,000a12f67b6d2f9febee6f900216609acb0c5281b533fe6e35129362572a0912,"{""distance"":5,""physical_error_rate"":0.0002}","{""detection_events"":5504,""detectors_checked"":6881280}"
     31744,         0,         0,   0.796,standalone_exact_mw,000a12f67b6d2f9febee6f900216609acb0c5281b533fe6e35129362572a0912,"{""distance"":5,""physical_error_rate"":0.0002}","{""detection_events"":5867,""detectors_checked"":7110656}"
     43008,         0,         0,   0.799,standalone_exact_mw,000a12f67b6d2f9febee6f900216609acb0c5281b533fe6e35129362572a0912,"{""distance"":5,""physical_error_rate"":0.0002}","{""detection_events"":7781,""detectors_checked"":9633792}"
     31744,         0,         0,   0.807,standalone_exact_mw,000a12f67b6d2f9febee6f900216609acb0c5281b533fe6e35129362572a0912,"{""distance"":5,""physical_error_rate"":0.0002}","{""detection_events"":5745,""detectors_checked"":7110656}"
     48128,         0,         0,   0.797,standalone_exact_mw,000a12f67b6d2f9febee6f900216609acb0c5281b533fe6e35129362572a0912,"{""distance"":5,""physical_error_rate"":0.0002}","{""detection_events"":8843,""detectors_checked"":10780672}"
     32768,         0,         0,   0.805,standalone_exact_mw,000a12f67b6d2f9febee6f900216609acb0c5281b533fe6e35129362572a0912,"{""distance"":5,""physical_error_rate"":0.0002}","{""detection_events"":6088,""detectors_checked"":7340032}"
     33792,         0,         0,   0.813,standalone_exact_mw,000a12f67b6d2f9febee6f900216609acb0c5281b533fe6e35129362572a0912,"{""distance"":5,""physical_error_rate"":0.0002}","{""detection_events"":6404,""detectors_checked"":7569408}"
   8522712,         1,         0,   111.5,standalone_exact_mw,000a12f67b6d2f9febee6f900216609acb0c5281b533fe6e35129362572a0912,"{""distance"":5,""physical_error_rate"":0.0002}","{""detection_events"":1566912,""detectors_checked"":1909087488,""obs_mistake_mask=E"":1}"
     31744,         0,         0,   0.807,standalone_exact_mw,000a12f67b6d2f9febee6f900216609acb0c5281b533fe6e35129362572a0912,"{""distance"":5,""physical_error_rate"":0.0002}","{""detection_events"":5717,""detectors_checked"":7110656}"
     12288,         0,         0,   0.828,standalone_exact_mw,000a12f67b6d2f9febee6f900216609acb0c5281b533fe6e35129362572a0912,"{""distance"":5,""physical_error_rate"":0.0002}","{""detection_events"":2236,""detectors_checked"":2752512}"
     28672,         0,         0,   0.777,standalone_exact_mw,000a12f67b6d2f9febee6f900216609acb0c5281b533fe6e35129362572a0912,"{""distance"":5,""physical_error_rate"":0.0002}","{""detection_events"":5384,""detectors_checked"":6422528}"
     28672,         0,         0,   0.773,standalone_exact_mw,000a12f67b6d2f9febee6f900216609acb0c5281b533fe6e35129362572a0912,"{""distance"":5,""physical_error_rate"":0.0002}","{""detection_events"":5350,""detectors_checked"":6422528}"
     28672,         0,         0,   0.796,standalone_exact_mw,000a12f67b6d2f9febee6f900216609acb0c5281b533fe6e35129362572a0912,"{""distance"":5,""physical_error_rate"":0.0002}","{""detection_events"":5140,""detectors_checked"":6422528}"
     13312,         0,         0,   0.840,standalone_exact_mw,000a12f67b6d2f9febee6f900216609acb0c5281b533fe6e35129362572a0912,"{""distance"":5,""physical_error_rate"":0.0002}","{""detection_events"":2586,""detectors_checked"":2981888}"
     22528,         0,         0,   0.757,standalone_exact_mw,000a12f67b6d2f9febee6f900216609acb0c5281b533fe6e35129362572a0912,"{""distance"":5,""physical_error_rate"":0.0002}","{""detection_events"":4283,""detectors_checked"":5046272}"
     31744,         0,         0,   0.847,standalone_exact_mw,000a12f67b6d2f9febee6f900216609acb0c5281b533fe6e35129362572a0912,"{""distance"":5,""physical_error_rate"":0.0002}","{""detection_events"":5569,""detectors_checked"":7110656}"
     41984,         0,         0,    1.13,standalone_exact_mw,000a12f67b6d2f9febee6f900216609acb0c5281b533fe6e35129362572a0912,"{""distance"":5,""physical_error_rate"":0.0002}","{""detection_events"":7647,""detectors_checked"":9404416}"
     77824,         1,         0,    1.12,standalone_exact_mw,000a12f67b6d2f9febee6f900216609acb0c5281b533fe6e35129362572a0912,"{""distance"":5,""physical_error_rate"":0.0002}","{""detection_events"":14665,""detectors_checked"":17432576,""obs_mistake_mask=E"":1}"
     79872,         0,         0,    1.11,standalone_exact_mw,000a12f67b6d2f9febee6f900216609acb0c5281b533fe6e35129362572a0912,"{""distance"":5,""physical_error_rate"":0.0002}","{""detection_events"":14956,""detectors_checked"":17891328}"
     44032,         0,         0,    1.13,standalone_exact_mw,000a12f67b6d2f9febee6f900216609acb0c5281b533fe6e35129362572a0912,"{""distance"":5,""physical_error_rate"":0.0002}","{""detection_events"":8109,""detectors_checked"":9863168}"
     43008,         1,         0,    1.10,standalone_exact_mw,000a12f67b6d2f9febee6f900216609acb0c5281b533fe6e35129362572a0912,"{""distance"":5,""physical_error_rate"":0.0002}","{""detection_events"":8133,""detectors_checked"":9633792,""obs_mistake_mask=E"":1}"
     78848,         0,         0,    1.12,standalone_exact_mw,000a12f67b6d2f9febee6f900216609acb0c5281b533fe6e35129362572a0912,"{""distance"":5,""physical_error_rate"":0.0002}","{""detection_events"":14604,""detectors_checked"":17661952}"
     41984,         0,         0,    1.11,standalone_exact_mw,000a12f67b6d2f9febee6f900216609acb0c5281b533fe6e35129362572a0912,"{""distance"":5,""physical_error_rate"":0.0002}","{""detection_events"":7766,""detectors_checked"":9404416}"
     62464,         0,         0,    1.12,standalone_exact_mw,000a12f67b6d2f9febee6f900216609acb0c5281b533fe6e35129362572a0912,"{""distance"":5,""physical_error_rate"":0.0002}","{""detection_events"":11321,""detectors_checked"":13991936}"
     46080,         0,         0,    1.13,standalone_exact_mw,000a12f67b6d2f9febee6f900216609acb0c5281b533fe6e35129362572a0912,"{""distance"":5,""physical_error_rate"":0.0002}","{""detection_events"":8447,""detectors_checked"":10321920}"
     44032,         0,         0,    1.12,standalone_exact_mw,000a12f67b6d2f9febee6f900216609acb0c5281b533fe6e35129362572a0912,"{""distance"":5,""physical_error_rate"":0.0002}","{""detection_events"":8093,""detectors_checked"":9863168}"
     45056,         0,         0,    1.12,standalone_exact_mw,000a12f67b6d2f9febee6f900216609acb0c5281b533fe6e35129362572a0912,"{""distance"":5,""physical_error_rate"":0.0002}","{""detection_events"":8251,""detectors_checked"":10092544}"
     53248,         0,         0,    1.12,standalone_exact_mw,000a12f67b6d2f9febee6f900216609acb0c5281b533fe6e35129362572a0912,"{""distance"":5,""physical_error_rate"":0.0002}","{""detection_events"":9359,""detectors_checked"":11927552}"
     41984,         0,         0,    1.12,standalone_exact_mw,000a12f67b6d2f9febee6f900216609acb0c5281b533fe6e35129362572a0912,"{""distance"":5,""physical_error_rate"":0.0002}","{""detection_events"":7581,""detectors_checked"":9404416}"
     41984,         0,         0,    1.13,standalone_exact_mw,000a12f67b6d2f9febee6f900216609acb0c5281b533fe6e35129362572a0912,"{""distance"":5,""physical_error_rate"":0.0002}","{""detection_events"":7848,""detectors_checked"":9404416}"
     76800,         0,         0,    1.11,standalone_exact_mw,000a12f67b6d2f9febee6f900216609acb0c5281b533fe6e35129362572a0912,"{""distance"":5,""physical_error_rate"":0.0002}","{""detection_events"":14078,""detectors_checked"":17203200}"
     41984,         0,         0,    1.12,standalone_exact_mw,000a12f67b6d2f9febee6f900216609acb0c5281b533fe6e35129362572a0912,"{""distance"":5,""physical_error_rate"":0.0002}","{""detection_events"":7569,""detectors_checked"":9404416}"
     43008,         0,         0,    1.11,standalone_exact_mw,000a12f67b6d2f9febee6f900216609acb0c5281b533fe6e35129362572a0912,"{""distance"":5,""physical_error_rate"":0.0002}","{""detection_events"":7908,""detectors_checked"":9633792}"
     43008,         0,         0,    1.10,standalone_exact_mw,000a12f67b6d2f9febee6f900216609acb0c5281b533fe6e35129362572a0912,"{""distance"":5,""physical_error_rate"":0.0002}","{""detection_events"":8090,""detectors_checked"":9633792}"
     40960,         0,         0,    1.11,standalone_exact_mw,000a12f67b6d2f9febee6f900216609acb0c5281b533fe6e35129362572a0912,"{""distance"":5,""physical_error_rate"":0.0002}","{""detection_events"":7523,""detectors_checked"":9175040}"
     39936,         0,         0,    1.10,standalone_exact_mw,000a12f67b6d2f9febee6f900216609acb0c5281b533fe6e35129362572a0912,"{""distance"":5,""physical_error_rate"":0.0002}","{""detection_events"":7476,""detectors_checked"":8945664}"
     45056,         0,         0,    1.11,standalone_exact_mw,000a12f67b6d2f9febee6f900216609acb0c5281b533fe6e35129362572a0912,"{""distance"":5,""physical_error_rate"":0.0002}","{""detection_events"":8180,""detectors_checked"":10092544}"
     14336,         0,         0,    1.18,standalone_exact_mw,000a12f67b6d2f9febee6f900216609acb0c5281b533fe6e35129362572a0912,"{""distance"":5,""physical_error_rate"":0.0002}","{""detection_events"":2832,""detectors_checked"":3211264}"
     13312,         0,         0,    1.14,standalone_exact_mw,000a12f67b6d2f9febee6f900216609acb0c5281b533fe6e35129362572a0912,"{""distance"":5,""physical_error_rate"":0.0002}","{""detection_events"":2469,""detectors_checked"":2981888}"
     13312,         0,         0,    1.11,standalone_exact_mw,000a12f67b6d2f9febee6f900216609acb0c5281b533fe6e35129362572a0912,"{""distance"":5,""physical_error_rate"":0.0002}","{""detection_events"":2433,""detectors_checked"":2981888}"
   1316864,         0,         0,   119.6,standalone_exact_mw,000a12f67b6d2f9febee6f900216609acb0c5281b533fe6e35129362572a0912,"{""distance"":5,""physical_error_rate"":0.0002}","{""detection_events"":242589,""detectors_checked"":294977536}"
     61440,         0,         0,    1.54,standalone_exact_mw,000a12f67b6d2f9febee6f900216609acb0c5281b533fe6e35129362572a0912,"{""distance"":5,""physical_error_rate"":0.0002}","{""detection_events"":11334,""detectors_checked"":13762560}"
     70656,         0,         0,    1.55,standalone_exact_mw,000a12f67b6d2f9febee6f900216609acb0c5281b533fe6e35129362572a0912,"{""distance"":5,""physical_error_rate"":0.0002}","{""detection_events"":13048,""detectors_checked"":15826944}"
     59392,         0,         0,    1.56,standalone_exact_mw,000a12f67b6d2f9febee6f900216609acb0c5281b533fe6e35129362572a0912,"{""distance"":5,""physical_error_rate"":0.0002}","{""detection_events"":10864,""detectors_checked"":13303808}"
    101376,         0,         0,    1.56,standalone_exact_mw,000a12f67b6d2f9febee6f900216609acb0c5281b533fe6e35129362572a0912,"{""distance"":5,""physical_error_rate"":0.0002}","{""detection_events"":18420,""detectors_checked"":22708224}"
    108544,         0,         0,    1.56,standalone_exact_mw,000a12f67b6d2f9febee6f900216609acb0c5281b533fe6e35129362572a0912,"{""distance"":5,""physical_error_rate"":0.0002}","{""detection_events"":19893,""detectors_checked"":24313856}"
     77824,         0,         0,    1.57,standalone_exact_mw,000a12f67b6d2f9febee6f900216609acb0c5281b533fe6e35129362572a0912,"{""distance"":5,""physical_error_rate"":0.0002}","{""detection_events"":14111,""detectors_checked"":17432576}"
     54272,         0,         0,    1.57,standalone_exact_mw,000a12f67b6d2f9febee6f900216609acb0c5281b533fe6e35129362572a0912,"{""distance"":5,""physical_error_rate"":0.0002}","{""detection_events"":10031,""detectors_checked"":12156928}"
     61440,         0,         0,    1.58,standalone_exact_mw,000a12f67b6d2f9febee6f900216609acb0c5281b533fe6e35129362572a0912,"{""distance"":5,""physical_error_rate"":0.0002}","{""detection_events"":11187,""detectors_checked"":13762560}"
     61440,         0,         0,    1.54,standalone_exact_mw,000a12f67b6d2f9febee6f900216609acb0c5281b533fe6e35129362572a0912,"{""distance"":5,""physical_error_rate"":0.0002}","{""detection_events"":11354,""detectors_checked"":13762560}"
     58368,         0,         0,    1.55,standalone_exact_mw,000a12f67b6d2f9febee6f900216609acb0c5281b533fe6e35129362572a0912,"{""distance"":5,""physical_error_rate"":0.0002}","{""detection_events"":10850,""detectors_checked"":13074432}"
     62464,         0,         0,    1.54,standalone_exact_mw,000a12f67b6d2f9febee6f900216609acb0c5281b533fe6e35129362572a0912,"{""distance"":5,""physical_error_rate"":0.0002}","{""detection_events"":11303,""detectors_checked"":13991936}"
     64512,         0,         0,    1.55,standalone_exact_mw,000a12f67b6d2f9febee6f900216609acb0c5281b533fe6e35129362572a0912,"{""distance"":5,""physical_error_rate"":0.0002}","{""detection_events"":11667,""detectors_checked"":14450688}"
     60416,         0,         0,    1.56,standalone_exact_mw,000a12f67b6d2f9febee6f900216609acb0c5281b533fe6e35129362572a0912,"{""distance"":5,""physical_error_rate"":0.0002}","{""detection_events"":11045,""detectors_checked"":13533184}"
    118784,         0,         0,    1.56,standalone_exact_mw,000a12f67b6d2f9febee6f900216609acb0c5281b533fe6e35129362572a0912,"{""distance"":5,""physical_error_rate"":0.0002}","{""detection_events"":21463,""detectors_checked"":26607616}"
     74752,         0,         0,    1.56,standalone_exact_mw,000a12f67b6d2f9febee6f900216609acb0c5281b533fe6e35129362572a0912,"{""distance"":5,""physical_error_rate"":0.0002}","{""detection_events"":13603,""detectors_checked"":16744448}"
     57344,         0,         0,    1.56,standalone_exact_mw,000a12f67b6d2f9febee6f900216609acb0c5281b533fe6e35129362572a0912,"{""distance"":5,""physical_error_rate"":0.0002}","{""detection_events"":10653,""detectors_checked"":12845056}"
     62464,         0,         0,    1.56,standalone_exact_mw,000a12f67b6d2f9febee6f900216609acb0c5281b533fe6e35129362572a0912,"{""distance"":5,""physical_error_rate"":0.0002}","{""detection_events"":11106,""detectors_checked"":13991936}"
     60416,         0,         0,    1.57,standalone_exact_mw,000a12f67b6d2f9febee6f900216609acb0c5281b533fe6e35129362572a0912,"{""distance"":5,""physical_error_rate"":0.0002}","{""detection_events"":10963,""detectors_checked"":13533184}"
     62464,         0,         0,    1.56,standalone_exact_mw,000a12f67b6d2f9febee6f900216609acb0c5281b533fe6e35129362572a0912,"{""distance"":5,""physical_error_rate"":0.0002}","{""detection_events"":11531,""detectors_checked"":13991936}"
     63488,         0,         0,    1.55,standalone_exact_mw,000a12f67b6d2f9febee6f900216609acb0c5281b533fe6e35129362572a0912,"{""distance"":5,""physical_error_rate"":0.0002}","{""detection_events"":11682,""detectors_checked"":14221312}"
     64512,         0,         0,    1.55,standalone_exact_mw,000a12f67b6d2f9febee6f900216609acb0c5281b533fe6e35129362572a0912,"{""distance"":5,""physical_error_rate"":0.0002}","{""detection_events"":11875,""detectors_checked"":14450688}"
     16384,         0,         0,    1.61,standalone_exact_mw,000a12f67b6d2f9febee6f900216609acb0c5281b533fe6e35129362572a0912,"{""distance"":5,""physical_error_rate"":0.0002}","{""detection_events"":3128,""detectors_checked"":3670016}"
     17408,         0,         0,    1.62,standalone_exact_mw,000a12f67b6d2f9febee6f900216609acb0c5281b533fe6e35129362572a0912,"{""distance"":5,""physical_error_rate"":0.0002}","{""detection_events"":3091,""detectors_checked"":3899392}"
     18432,         0,         0,    1.64,standalone_exact_mw,000a12f67b6d2f9febee6f900216609acb0c5281b533fe6e35129362572a0912,"{""distance"":5,""physical_error_rate"":0.0002}","{""detection_events"":3400,""detectors_checked"":4128768}"
   1095680,         1,         0,   119.4,standalone_exact_mw,000a12f67b6d2f9febee6f900216609acb0c5281b533fe6e35129362572a0912,"{""distance"":5,""physical_error_rate"":0.0002}","{""detection_events"":200796,""detectors_checked"":245432320,""obs_mistake_mask=E"":1}"
    144384,         0,         0,    2.19,standalone_exact_mw,000a12f67b6d2f9febee6f900216609acb0c5281b533fe6e35129362572a0912,"{""distance"":5,""physical_error_rate"":0.0002}","{""detection_events"":26754,""detectors_checked"":32342016}"
    112640,         0,         0,    2.17,standalone_exact_mw,000a12f67b6d2f9febee6f900216609acb0c5281b533fe6e35129362572a0912,"{""distance"":5,""physical_error_rate"":0.0002}","{""detection_events"":21121,""detectors_checked"":25231360}"
    150528,         0,         0,    2.18,standalone_exact_mw,000a12f67b6d2f9febee6f900216609acb0c5281b533fe6e35129362572a0912,"{""distance"":5,""physical_error_rate"":0.0002}","{""detection_events"":27415,""detectors_checked"":33718272}"
    115712,         0,         0,    2.18,standalone_exact_mw,000a12f67b6d2f9febee6f900216609acb0c5281b533fe6e35129362572a0912,"{""distance"":5,""physical_error_rate"":0.0002}","{""detection_events"":21081,""detectors_checked"":25919488}"
    156672,         0,         0,    2.18,standalone_exact_mw,000a12f67b6d2f9febee6f900216609acb0c5281b533fe6e35129362572a0912,"{""distance"":5,""physical_error_rate"":0.0002}","{""detection_events"":28671,""detectors_checked"":35094528}"
     87040,         0,         0,    2.18,standalone_exact_mw,000a12f67b6d2f9febee6f900216609acb0c5281b533fe6e35129362572a0912,"{""distance"":5,""physical_error_rate"":0.0002}","{""detection_events"":15919,""detectors_checked"":19496960}"
     84992,         0,         0,    2.20,standalone_exact_mw,000a12f67b6d2f9febee6f900216609acb0c5281b533fe6e35129362572a0912,"{""distance"":5,""physical_error_rate"":0.0002}","{""detection_events"":15597,""detectors_checked"":19038208}"
     96256,         0,         0,    2.18,standalone_exact_mw,000a12f67b6d2f9febee6f900216609acb0c5281b533fe6e35129362572a0912,"{""distance"":5,""physical_error_rate"":0.0002}","{""detection_events"":17875,""detectors_checked"":21561344}"
     86016,         0,         0,    2.19,standalone_exact_mw,000a12f67b6d2f9febee6f900216609acb0c5281b533fe6e35129362572a0912,"{""distance"":5,""physical_error_rate"":0.0002}","{""detection_events"":15838,""detectors_checked"":19267584}"
     84992,         0,         0,    2.19,standalone_exact_mw,000a12f67b6d2f9febee6f900216609acb0c5281b533fe6e35129362572a0912,"{""distance"":5,""physical_error_rate"":0.0002}","{""detection_events"":15365,""detectors_checked"":19038208}"
    102400,         0,         0,    2.18,standalone_exact_mw,000a12f67b6d2f9febee6f900216609acb0c5281b533fe6e35129362572a0912,"{""distance"":5,""physical_error_rate"":0.0002}","{""detection_events"":18703,""detectors_checked"":22937600}"
    160768,         0,         0,    2.18,standalone_exact_mw,000a12f67b6d2f9febee6f900216609acb0c5281b533fe6e35129362572a0912,"{""distance"":5,""physical_error_rate"":0.0002}","{""detection_events"":29858,""detectors_checked"":36012032}"
     99328,         0,         0,    2.18,standalone_exact_mw,000a12f67b6d2f9febee6f900216609acb0c5281b533fe6e35129362572a0912,"{""distance"":5,""physical_error_rate"":0.0002}","{""detection_events"":18243,""detectors_checked"":22249472}"
     87040,         0,         0,    2.18,standalone_exact_mw,000a12f67b6d2f9febee6f900216609acb0c5281b533fe6e35129362572a0912,"{""distance"":5,""physical_error_rate"":0.0002}","{""detection_events"":15725,""detectors_checked"":19496960}"
     84992,         0,         0,    2.19,standalone_exact_mw,000a12f67b6d2f9febee6f900216609acb0c5281b533fe6e35129362572a0912,"{""distance"":5,""physical_error_rate"":0.0002}","{""detection_events"":15839,""detectors_checked"":19038208}"
     66560,         0,         0,    2.23,standalone_exact_mw,000a12f67b6d2f9febee6f900216609acb0c5281b533fe6e35129362572a0912,"{""distance"":5,""physical_error_rate"":0.0002}","{""detection_events"":12266,""detectors_checked"":14909440}"
     86016,         0,         0,    2.18,standalone_exact_mw,000a12f67b6d2f9febee6f900216609acb0c5281b533fe6e35129362572a0912,"{""distance"":5,""physical_error_rate"":0.0002}","{""detection_events"":15768,""detectors_checked"":19267584}"
     84992,         0,         0,    2.19,standalone_exact_mw,000a12f67b6d2f9febee6f900216609acb0c5281b533fe6e35129362572a0912,"{""distance"":5,""physical_error_rate"":0.0002}","{""detection_events"":15686,""detectors_checked"":19038208}"
     88064,         0,         0,    2.16,standalone_exact_mw,000a12f67b6d2f9febee6f900216609acb0c5281b533fe6e35129362572a0912,"{""distance"":5,""physical_error_rate"":0.0002}","{""detection_events"":15975,""detectors_checked"":19726336}"
     86016,         0,         0,    2.19,standalone_exact_mw,000a12f67b6d2f9febee6f900216609acb0c5281b533fe6e35129362572a0912,"{""distance"":5,""physical_error_rate"":0.0002}","{""detection_events"":15342,""detectors_checked"":19267584}"
     89088,         0,         0,    2.20,standalone_exact_mw,000a12f67b6d2f9febee6f900216609acb0c5281b533fe6e35129362572a0912,"{""distance"":5,""physical_error_rate"":0.0002}","{""detection_events"":16051,""detectors_checked"":19955712}"
     18432,         0,         0,    2.19,standalone_exact_mw,000a12f67b6d2f9febee6f900216609acb0c5281b533fe6e35129362572a0912,"{""distance"":5,""physical_error_rate"":0.0002}","{""detection_events"":3263,""detectors_checked"":4128768}"
     24576,         0,         0,    2.22,standalone_exact_mw,000a12f67b6d2f9febee6f900216609acb0c5281b533fe6e35129362572a0912,"{""distance"":5,""physical_error_rate"":0.0002}","{""detection_events"":4615,""detectors_checked"":5505024}"
     20480,         0,         0,    2.26,standalone_exact_mw,000a12f67b6d2f9febee6f900216609acb0c5281b533fe6e35129362572a0912,"{""distance"":5,""physical_error_rate"":0.0002}","{""detection_events"":3992,""detectors_checked"":4587520}"
    220160,         0,         0,    3.04,standalone_exact_mw,000a12f67b6d2f9febee6f900216609acb0c5281b533fe6e35129362572a0912,"{""distance"":5,""physical_error_rate"":0.0002}","{""detection_events"":40780,""detectors_checked"":49315840}"
    168960,         0,         0,    3.04,standalone_exact_mw,000a12f67b6d2f9febee6f900216609acb0c5281b533fe6e35129362572a0912,"{""distance"":5,""physical_error_rate"":0.0002}","{""detection_events"":31163,""detectors_checked"":37847040}"
    194560,         0,         0,    3.05,standalone_exact_mw,000a12f67b6d2f9febee6f900216609acb0c5281b533fe6e35129362572a0912,"{""distance"":5,""physical_error_rate"":0.0002}","{""detection_events"":35713,""detectors_checked"":43581440}"
    207872,         0,         0,    3.06,standalone_exact_mw,000a12f67b6d2f9febee6f900216609acb0c5281b533fe6e35129362572a0912,"{""distance"":5,""physical_error_rate"":0.0002}","{""detection_events"":38899,""detectors_checked"":46563328}"
    224256,         0,         0,    3.05,standalone_exact_mw,000a12f67b6d2f9febee6f900216609acb0c5281b533fe6e35129362572a0912,"{""distance"":5,""physical_error_rate"":0.0002}","{""detection_events"":41898,""detectors_checked"":50233344}"
    123904,         0,         0,    3.05,standalone_exact_mw,000a12f67b6d2f9febee6f900216609acb0c5281b533fe6e35129362572a0912,"{""distance"":5,""physical_error_rate"":0.0002}","{""detection_events"":22589,""detectors_checked"":27754496}"
    120832,         0,         0,    3.06,standalone_exact_mw,000a12f67b6d2f9febee6f900216609acb0c5281b533fe6e35129362572a0912,"{""distance"":5,""physical_error_rate"":0.0002}","{""detection_events"":22169,""detectors_checked"":27066368}"
    116736,         0,         0,    3.06,standalone_exact_mw,000a12f67b6d2f9febee6f900216609acb0c5281b533fe6e35129362572a0912,"{""distance"":5,""physical_error_rate"":0.0002}","{""detection_events"":21441,""detectors_checked"":26148864}"
    206848,         0,         0,    3.05,standalone_exact_mw,000a12f67b6d2f9febee6f900216609acb0c5281b533fe6e35129362572a0912,"{""distance"":5,""physical_error_rate"":0.0002}","{""detection_events"":38462,""detectors_checked"":46333952}"
    131072,         0,         0,    3.04,standalone_exact_mw,000a12f67b6d2f9febee6f900216609acb0c5281b533fe6e35129362572a0912,"{""distance"":5,""physical_error_rate"":0.0002}","{""detection_events"":23999,""detectors_checked"":29360128}"
    227328,         0,         0,    3.05,standalone_exact_mw,000a12f67b6d2f9febee6f900216609acb0c5281b533fe6e35129362572a0912,"{""distance"":5,""physical_error_rate"":0.0002}","{""detection_events"":42051,""detectors_checked"":50921472}"
    143360,         0,         0,    3.09,standalone_exact_mw,000a12f67b6d2f9febee6f900216609acb0c5281b533fe6e35129362572a0912,"{""distance"":5,""physical_error_rate"":0.0002}","{""detection_events"":26193,""detectors_checked"":32112640}"
    120832,         0,         0,    3.07,standalone_exact_mw,000a12f67b6d2f9febee6f900216609acb0c5281b533fe6e35129362572a0912,"{""distance"":5,""physical_error_rate"":0.0002}","{""detection_events"":22567,""detectors_checked"":27066368}"
    119808,         2,         0,    3.06,standalone_exact_mw,000a12f67b6d2f9febee6f900216609acb0c5281b533fe6e35129362572a0912,"{""distance"":5,""physical_error_rate"":0.0002}","{""detection_events"":22147,""detectors_checked"":26836992,""obs_mistake_mask=E"":2}"
    120832,         0,         0,    3.06,standalone_exact_mw,000a12f67b6d2f9febee6f900216609acb0c5281b533fe6e35129362572a0912,"{""distance"":5,""physical_error_rate"":0.0002}","{""detection_events"":22103,""detectors_checked"":27066368}"
    118784,         0,         0,    3.05,standalone_exact_mw,000a12f67b6d2f9febee6f900216609acb0c5281b533fe6e35129362572a0912,"{""distance"":5,""physical_error_rate"":0.0002}","{""detection_events"":21494,""detectors_checked"":26607616}"
     58368,         0,         0,    3.10,standalone_exact_mw,000a12f67b6d2f9febee6f900216609acb0c5281b533fe6e35129362572a0912,"{""distance"":5,""physical_error_rate"":0.0002}","{""detection_events"":10966,""detectors_checked"":13074432}"
    119808,         0,         0,    3.05,standalone_exact_mw,000a12f67b6d2f9febee6f900216609acb0c5281b533fe6e35129362572a0912,"{""distance"":5,""physical_error_rate"":0.0002}","{""detection_events"":21907,""detectors_checked"":26836992}"
    121856,         0,         0,    3.04,standalone_exact_mw,000a12f67b6d2f9febee6f900216609acb0c5281b533fe6e35129362572a0912,"{""distance"":5,""physical_error_rate"":0.0002}","{""detection_events"":22300,""detectors_checked"":27295744}"
    120832,         0,         0,    3.05,standalone_exact_mw,000a12f67b6d2f9febee6f900216609acb0c5281b533fe6e35129362572a0912,"{""distance"":5,""physical_error_rate"":0.0002}","{""detection_events"":22679,""detectors_checked"":27066368}"
    123904,         0,         0,    3.06,standalone_exact_mw,000a12f67b6d2f9febee6f900216609acb0c5281b533fe6e35129362572a0912,"{""distance"":5,""physical_error_rate"":0.0002}","{""detection_events"":22897,""detectors_checked"":27754496}"
    117760,         0,         0,    3.05,standalone_exact_mw,000a12f67b6d2f9febee6f900216609acb0c5281b533fe6e35129362572a0912,"{""distance"":5,""physical_error_rate"":0.0002}","{""detection_events"":21313,""detectors_checked"":26378240}"
     39936,         0,         0,    3.11,standalone_exact_mw,000a12f67b6d2f9febee6f900216609acb0c5281b533fe6e35129362572a0912,"{""distance"":5,""physical_error_rate"":0.0002}","{""detection_events"":7366,""detectors_checked"":8945664}"
     41984,         0,         0,    3.06,standalone_exact_mw,000a12f67b6d2f9febee6f900216609acb0c5281b533fe6e35129362572a0912,"{""distance"":5,""physical_error_rate"":0.0002}","{""detection_events"":7866,""detectors_checked"":9404416}"
    290816,         1,         0,    4.26,standalone_exact_mw,000a12f67b6d2f9febee6f900216609acb0c5281b533fe6e35129362572a0912,"{""distance"":5,""physical_error_rate"":0.0002}","{""detection_events"":54098,""detectors_checked"":65142784,""obs_mistake_mask=E"":1}"
    185344,         0,         0,    4.28,standalone_exact_mw,000a12f67b6d2f9febee6f900216609acb0c5281b533fe6e35129362572a0912,"{""distance"":5,""physical_error_rate"":0.0002}","{""detection_events"":33874,""detectors_checked"":41517056}"
    312320,         0,         0,    4.27,standalone_exact_mw,000a12f67b6d2f9febee6f900216609acb0c5281b533fe6e35129362572a0912,"{""distance"":5,""physical_error_rate"":0.0002}","{""detection_events"":57802,""detectors_checked"":69959680}"
    302080,         0,         0,    4.27,standalone_exact_mw,000a12f67b6d2f9febee6f900216609acb0c5281b533fe6e35129362572a0912,"{""distance"":5,""physical_error_rate"":0.0002}","{""detection_events"":55963,""detectors_checked"":67665920}"
    257024,         0,         0,    4.27,standalone_exact_mw,000a12f67b6d2f9febee6f900216609acb0c5281b533fe6e35129362572a0912,"{""distance"":5,""physical_error_rate"":0.0002}","{""detection_events"":47675,""detectors_checked"":57573376}"
    167936,         0,         0,    4.27,standalone_exact_mw,000a12f67b6d2f9febee6f900216609acb0c5281b533fe6e35129362572a0912,"{""distance"":5,""physical_error_rate"":0.0002}","{""detection_events"":31040,""detectors_checked"":37617664}"
    290816,         1,         0,    4.25,standalone_exact_mw,000a12f67b6d2f9febee6f900216609acb0c5281b533fe6e35129362572a0912,"{""distance"":5,""physical_error_rate"":0.0002}","{""detection_events"":53156,""detectors_checked"":65142784,""obs_mistake_mask=E"":1}"
    167936,         0,         0,    4.25,standalone_exact_mw,000a12f67b6d2f9febee6f900216609acb0c5281b533fe6e35129362572a0912,"{""distance"":5,""physical_error_rate"":0.0002}","{""detection_events"":31024,""detectors_checked"":37617664}"
    308224,         0,         0,    4.26,standalone_exact_mw,000a12f67b6d2f9febee6f900216609acb0c5281b533fe6e35129362572a0912,"{""distance"":5,""physical_error_rate"":0.0002}","{""detection_events"":57081,""detectors_checked"":69042176}"
    235520,         0,         0,    4.26,standalone_exact_mw,000a12f67b6d2f9febee6f900216609acb0c5281b533fe6e35129362572a0912,"{""distance"":5,""physical_error_rate"":0.0002}","{""detection_events"":43423,""detectors_checked"":52756480}"
    324608,         0,         0,    4.27,standalone_exact_mw,000a12f67b6d2f9febee6f900216609acb0c5281b533fe6e35129362572a0912,"{""distance"":5,""physical_error_rate"":0.0002}","{""detection_events"":59498,""detectors_checked"":72712192}"
    210944,         0,         0,    4.26,standalone_exact_mw,000a12f67b6d2f9febee6f900216609acb0c5281b533fe6e35129362572a0912,"{""distance"":5,""physical_error_rate"":0.0002}","{""detection_events"":39039,""detectors_checked"":47251456}"
    172032,         1,         0,    4.26,standalone_exact_mw,000a12f67b6d2f9febee6f900216609acb0c5281b533fe6e35129362572a0912,"{""distance"":5,""physical_error_rate"":0.0002}","{""detection_events"":31678,""detectors_checked"":38535168,""obs_mistake_mask=E"":1}"
    167936,         0,         0,    4.27,standalone_exact_mw,000a12f67b6d2f9febee6f900216609acb0c5281b533fe6e35129362572a0912,"{""distance"":5,""physical_error_rate"":0.0002}","{""detection_events"":31466,""detectors_checked"":37617664}"
    188416,         0,         0,    4.25,standalone_exact_mw,000a12f67b6d2f9febee6f900216609acb0c5281b533fe6e35129362572a0912,"{""distance"":5,""physical_error_rate"":0.0002}","{""detection_events"":34296,""detectors_checked"":42205184}"
     35840,         0,         0,    4.35,standalone_exact_mw,000a12f67b6d2f9febee6f900216609acb0c5281b533fe6e35129362572a0912,"{""distance"":5,""physical_error_rate"":0.0002}","{""detection_events"":6649,""detectors_checked"":8028160}"
    169984,         0,         0,    4.25,standalone_exact_mw,000a12f67b6d2f9febee6f900216609acb0c5281b533fe6e35129362572a0912,"{""distance"":5,""physical_error_rate"":0.0002}","{""detection_events"":31718,""detectors_checked"":38076416}"
    173056,         0,         0,    4.28,standalone_exact_mw,000a12f67b6d2f9febee6f900216609acb0c5281b533fe6e35129362572a0912,"{""distance"":5,""physical_error_rate"":0.0002}","{""detection_events"":31100,""detectors_checked"":38764544}"
    171008,         0,         0,    4.29,standalone_exact_mw,000a12f67b6d2f9febee6f900216609acb0c5281b533fe6e35129362572a0912,"{""distance"":5,""physical_error_rate"":0.0002}","{""detection_events"":31034,""detectors_checked"":38305792}"
    145408,         0,         0,    4.36,standalone_exact_mw,000a12f67b6d2f9febee6f900216609acb0c5281b533fe6e35129362572a0912,"{""distance"":5,""physical_error_rate"":0.0002}","{""detection_events"":27002,""detectors_checked"":32571392}"
     32768,         0,         0,    4.39,standalone_exact_mw,000a12f67b6d2f9febee6f900216609acb0c5281b533fe6e35129362572a0912,"{""distance"":5,""physical_error_rate"":0.0002}","{""detection_events"":5788,""detectors_checked"":7340032}"
     46080,         0,         0,    4.28,standalone_exact_mw,000a12f67b6d2f9febee6f900216609acb0c5281b533fe6e35129362572a0912,"{""distance"":5,""physical_error_rate"":0.0002}","{""detection_events"":8274,""detectors_checked"":10321920}"
    150528,         0,         0,    4.30,standalone_exact_mw,000a12f67b6d2f9febee6f900216609acb0c5281b533fe6e35129362572a0912,"{""distance"":5,""physical_error_rate"":0.0002}","{""detection_events"":27465,""detectors_checked"":33718272}"
     31744,         0,         0,    4.32,standalone_exact_mw,000a12f67b6d2f9febee6f900216609acb0c5281b533fe6e35129362572a0912,"{""distance"":5,""physical_error_rate"":0.0002}","{""detection_events"":5889,""detectors_checked"":7110656}"
   6444032,         3,         0,    88.0,standalone_exact_mw,000a12f67b6d2f9febee6f900216609acb0c5281b533fe6e35129362572a0912,"{""distance"":5,""physical_error_rate"":0.0002}","{""detection_events"":1186765,""detectors_checked"":1443463168,""obs_mistake_mask=E"":3}"
   6437888,         3,         0,    88.0,standalone_exact_mw,000a12f67b6d2f9febee6f900216609acb0c5281b533fe6e35129362572a0912,"{""distance"":5,""physical_error_rate"":0.0002}","{""detection_events"":1184777,""detectors_checked"":1442086912,""obs_mistake_mask=E"":3}"
   6336512,         6,         0,    88.0,standalone_exact_mw,000a12f67b6d2f9febee6f900216609acb0c5281b533fe6e35129362572a0912,"{""distance"":5,""physical_error_rate"":0.0002}","{""detection_events"":1165760,""detectors_checked"":1419378688,""obs_mistake_mask=E"":6}"
    680960,         0,         0,    87.7,standalone_exact_mw,000a12f67b6d2f9febee6f900216609acb0c5281b533fe6e35129362572a0912,"{""distance"":5,""physical_error_rate"":0.0002}","{""detection_events"":124954,""detectors_checked"":152535040}"
    431104,         0,         0,    5.96,standalone_exact_mw,000a12f67b6d2f9febee6f900216609acb0c5281b533fe6e35129362572a0912,"{""distance"":5,""physical_error_rate"":0.0002}","{""detection_events"":79938,""detectors_checked"":96567296}"
    415744,         1,         0,    5.95,standalone_exact_mw,000a12f67b6d2f9febee6f900216609acb0c5281b533fe6e35129362572a0912,"{""distance"":5,""physical_error_rate"":0.0002}","{""detection_events"":76061,""detectors_checked"":93126656,""obs_mistake_mask=E"":1}"
    278528,         0,         0,    5.97,standalone_exact_mw,000a12f67b6d2f9febee6f900216609acb0c5281b533fe6e35129362572a0912,"{""distance"":5,""physical_error_rate"":0.0002}","{""detection_events"":51622,""detectors_checked"":62390272}"
    463872,         0,         0,    5.98,standalone_exact_mw,000a12f67b6d2f9febee6f900216609acb0c5281b533fe6e35129362572a0912,"{""distance"":5,""physical_error_rate"":0.0002}","{""detection_events"":85141,""detectors_checked"":103907328}"
    237568,         0,         0,    5.98,standalone_exact_mw,000a12f67b6d2f9febee6f900216609acb0c5281b533fe6e35129362572a0912,"{""distance"":5,""physical_error_rate"":0.0002}","{""detection_events"":44263,""detectors_checked"":53215232}"
    378880,         0,         0,    5.95,standalone_exact_mw,000a12f67b6d2f9febee6f900216609acb0c5281b533fe6e35129362572a0912,"{""distance"":5,""physical_error_rate"":0.0002}","{""detection_events"":69300,""detectors_checked"":84869120}"
    467968,         0,         0,    5.97,standalone_exact_mw,000a12f67b6d2f9febee6f900216609acb0c5281b533fe6e35129362572a0912,"{""distance"":5,""physical_error_rate"":0.0002}","{""detection_events"":85681,""detectors_checked"":104824832}"
    241664,         0,         0,    5.96,standalone_exact_mw,000a12f67b6d2f9febee6f900216609acb0c5281b533fe6e35129362572a0912,"{""distance"":5,""physical_error_rate"":0.0002}","{""detection_events"":44024,""detectors_checked"":54132736}"
    411648,         0,         0,    5.97,standalone_exact_mw,000a12f67b6d2f9febee6f900216609acb0c5281b533fe6e35129362572a0912,"{""distance"":5,""physical_error_rate"":0.0002}","{""detection_events"":75332,""detectors_checked"":92209152}"
    477184,         0,         0,    5.97,standalone_exact_mw,000a12f67b6d2f9febee6f900216609acb0c5281b533fe6e35129362572a0912,"{""distance"":5,""physical_error_rate"":0.0002}","{""detection_events"":88098,""detectors_checked"":106889216}"
    436224,         0,         0,    5.97,standalone_exact_mw,000a12f67b6d2f9febee6f900216609acb0c5281b533fe6e35129362572a0912,"{""distance"":5,""physical_error_rate"":0.0002}","{""detection_events"":81204,""detectors_checked"":97714176}"
    412672,         0,         0,    5.97,standalone_exact_mw,000a12f67b6d2f9febee6f900216609acb0c5281b533fe6e35129362572a0912,"{""distance"":5,""physical_error_rate"":0.0002}","{""detection_events"":75209,""detectors_checked"":92438528}"
    438272,         0,         0,    5.97,standalone_exact_mw,000a12f67b6d2f9febee6f900216609acb0c5281b533fe6e35129362572a0912,"{""distance"":5,""physical_error_rate"":0.0002}","{""detection_events"":81173,""detectors_checked"":98172928}"
     71680,         0,         0,    5.94,standalone_exact_mw,000a12f67b6d2f9febee6f900216609acb0c5281b533fe6e35129362572a0912,"{""distance"":5,""physical_error_rate"":0.0002}","{""detection_events"":13049,""detectors_checked"":16056320}"
    238592,         0,         0,    5.96,standalone_exact_mw,000a12f67b6d2f9febee6f900216609acb0c5281b533fe6e35129362572a0912,"{""distance"":5,""physical_error_rate"":0.0002}","{""detection_events"":43708,""detectors_checked"":53444608}"
     91136,         0,         0,    5.84,standalone_exact_mw,000a12f67b6d2f9febee6f900216609acb0c5281b533fe6e35129362572a0912,"{""distance"":5,""physical_error_rate"":0.0002}","{""detection_events"":16921,""detectors_checked"":20414464}"
     90112,         0,         0,    6.15,standalone_exact_mw,000a12f67b6d2f9febee6f900216609acb0c5281b533fe6e35129362572a0912,"{""distance"":5,""physical_error_rate"":0.0002}","{""detection_events"":16587,""detectors_checked"":20185088}"
    162816,         0,         0,    6.04,standalone_exact_mw,000a12f67b6d2f9febee6f900216609acb0c5281b533fe6e35129362572a0912,"{""distance"":5,""physical_error_rate"":0.0002}","{""detection_events"":29391,""detectors_checked"":36470784}"
    194560,         0,         0,    6.00,standalone_exact_mw,000a12f67b6d2f9febee6f900216609acb0c5281b533fe6e35129362572a0912,"{""distance"":5,""physical_error_rate"":0.0002}","{""detection_events"":35320,""detectors_checked"":43581440}"
     90112,         0,         0,    5.97,standalone_exact_mw,000a12f67b6d2f9febee6f900216609acb0c5281b533fe6e35129362572a0912,"{""distance"":5,""physical_error_rate"":0.0002}","{""detection_events"":16607,""detectors_checked"":20185088}"
     38912,         0,         0,    5.88,standalone_exact_mw,000a12f67b6d2f9febee6f900216609acb0c5281b533fe6e35129362572a0912,"{""distance"":5,""physical_error_rate"":0.0002}","{""detection_events"":7057,""detectors_checked"":8716288}"
    137216,         0,         0,    6.15,standalone_exact_mw,000a12f67b6d2f9febee6f900216609acb0c5281b533fe6e35129362572a0912,"{""distance"":5,""physical_error_rate"":0.0002}","{""detection_events"":25347,""detectors_checked"":30736384}"
    198656,         0,         0,    5.97,standalone_exact_mw,000a12f67b6d2f9febee6f900216609acb0c5281b533fe6e35129362572a0912,"{""distance"":5,""physical_error_rate"":0.0002}","{""detection_events"":36635,""detectors_checked"":44498944}"
     34816,         0,         0,    6.14,standalone_exact_mw,000a12f67b6d2f9febee6f900216609acb0c5281b533fe6e35129362572a0912,"{""distance"":5,""physical_error_rate"":0.0002}","{""detection_events"":6318,""detectors_checked"":7798784}"
    590848,         0,         0,    8.35,standalone_exact_mw,000a12f67b6d2f9febee6f900216609acb0c5281b533fe6e35129362572a0912,"{""distance"":5,""physical_error_rate"":0.0002}","{""detection_events"":108453,""detectors_checked"":132349952}"
    590848,         0,         0,    8.35,standalone_exact_mw,000a12f67b6d2f9febee6f900216609acb0c5281b533fe6e35129362572a0912,"{""distance"":5,""physical_error_rate"":0.0002}","{""detection_events"":108511,""detectors_checked"":132349952}"
    331776,         0,         0,    8.34,standalone_exact_mw,000a12f67b6d2f9febee6f900216609acb0c5281b533fe6e35129362572a0912,"{""distance"":5,""physical_error_rate"":0.0002}","{""detection_events"":61388,""detectors_checked"":74317824}"
    327680,         0,         0,    8.36,standalone_exact_mw,000a12f67b6d2f9febee6f900216609acb0c5281b533fe6e35129362572a0912,"{""distance"":5,""physical_error_rate"":0.0002}","{""detection_events"":60222,""detectors_checked"":73400320}"
    503808,         0,         0,    8.37,standalone_exact_mw,000a12f67b6d2f9febee6f900216609acb0c5281b533fe6e35129362572a0912,"{""distance"":5,""physical_error_rate"":0.0002}","{""detection_events"":92519,""detectors_checked"":112852992}"
    498688,         0,         0,    8.35,standalone_exact_mw,000a12f67b6d2f9febee6f900216609acb0c5281b533fe6e35129362572a0912,"{""distance"":5,""physical_error_rate"":0.0002}","{""detection_events"":92446,""detectors_checked"":111706112}"
    445440,         0,         0,    8.33,standalone_exact_mw,000a12f67b6d2f9febee6f900216609acb0c5281b533fe6e35129362572a0912,"{""distance"":5,""physical_error_rate"":0.0002}","{""detection_events"":81592,""detectors_checked"":99778560}"
    473088,         1,         0,    8.36,standalone_exact_mw,000a12f67b6d2f9febee6f900216609acb0c5281b533fe6e35129362572a0912,"{""distance"":5,""physical_error_rate"":0.0002}","{""detection_events"":87208,""detectors_checked"":105971712,""obs_mistake_mask=E"":1}"
    370688,         0,         0,    8.34,standalone_exact_mw,000a12f67b6d2f9febee6f900216609acb0c5281b533fe6e35129362572a0912,"{""distance"":5,""physical_error_rate"":0.0002}","{""detection_events"":68023,""detectors_checked"":83034112}"
    585728,         0,         0,    8.36,standalone_exact_mw,000a12f67b6d2f9febee6f900216609acb0c5281b533fe6e35129362572a0912,"{""distance"":5,""physical_error_rate"":0.0002}","{""detection_events"":107182,""detectors_checked"":131203072}"
    515072,         0,         0,    8.36,standalone_exact_mw,000a12f67b6d2f9febee6f900216609acb0c5281b533fe6e35129362572a0912,"{""distance"":5,""physical_error_rate"":0.0002}","{""detection_events"":95408,""detectors_checked"":115376128}"
    536576,         1,         0,    8.37,standalone_exact_mw,000a12f67b6d2f9febee6f900216609acb0c5281b533fe6e35129362572a0912,"{""distance"":5,""physical_error_rate"":0.0002}","{""detection_events"":99439,""detectors_checked"":120193024,""obs_mistake_mask=E"":1}"
     69632,         0,         0,    8.29,standalone_exact_mw,000a12f67b6d2f9febee6f900216609acb0c5281b533fe6e35129362572a0912,"{""distance"":5,""physical_error_rate"":0.0002}","{""detection_events"":12782,""detectors_checked"":15597568}"
    332800,         0,         0,    8.37,standalone_exact_mw,000a12f67b6d2f9febee6f900216609acb0c5281b533fe6e35129362572a0912,"{""distance"":5,""physical_error_rate"":0.0002}","{""detection_events"":61193,""detectors_checked"":74547200}"
    334848,         0,         0,    8.35,standalone_exact_mw,000a12f67b6d2f9febee6f900216609acb0c5281b533fe6e35129362572a0912,"{""distance"":5,""physical_error_rate"":0.0002}","{""detection_events"":61638,""detectors_checked"":75005952}"
    278528,         0,         0,    8.34,standalone_exact_mw,000a12f67b6d2f9febee6f900216609acb0c5281b533fe6e35129362572a0912,"{""distance"":5,""physical_error_rate"":0.0002}","{""detection_events"":51556,""detectors_checked"":62390272}"
     60416,         0,         0,    8.47,standalone_exact_mw,000a12f67b6d2f9febee6f900216609acb0c5281b533fe6e35129362572a0912,"{""distance"":5,""physical_error_rate"":0.0002}","{""detection_events"":10909,""detectors_checked"":13533184}"
    219136,         0,         0,    8.38,standalone_exact_mw,000a12f67b6d2f9febee6f900216609acb0c5281b533fe6e35129362572a0912,"{""distance"":5,""physical_error_rate"":0.0002}","{""detection_events"":40222,""detectors_checked"":49086464}"
    331776,         0,         0,    8.36,standalone_exact_mw,000a12f67b6d2f9febee6f900216609acb0c5281b533fe6e35129362572a0912,"{""distance"":5,""physical_error_rate"":0.0002}","{""detection_events"":61580,""detectors_checked"":74317824}"
    331776,         0,         0,    8.38,standalone_exact_mw,000a12f67b6d2f9febee6f900216609acb0c5281b533fe6e35129362572a0912,"{""distance"":5,""physical_error_rate"":0.0002}","{""detection_events"":62352,""detectors_checked"":74317824}"
    108544,         0,         0,    8.39,standalone_exact_mw,000a12f67b6d2f9febee6f900216609acb0c5281b533fe6e35129362572a0912,"{""distance"":5,""physical_error_rate"":0.0002}","{""detection_events"":19464,""detectors_checked"":24313856}"
    285696,         0,         0,    8.36,standalone_exact_mw,000a12f67b6d2f9febee6f900216609acb0c5281b533fe6e35129362572a0912,"{""distance"":5,""physical_error_rate"":0.0002}","{""detection_events"":52486,""detectors_checked"":63995904}"
    323584,         1,         0,    8.31,standalone_exact_mw,000a12f67b6d2f9febee6f900216609acb0c5281b533fe6e35129362572a0912,"{""distance"":5,""physical_error_rate"":0.0002}","{""detection_events"":58372,""detectors_checked"":72482816,""obs_mistake_mask=E"":1}"
    216064,         0,         0,    8.37,standalone_exact_mw,000a12f67b6d2f9febee6f900216609acb0c5281b533fe6e35129362572a0912,"{""distance"":5,""physical_error_rate"":0.0002}","{""detection_events"":39448,""detectors_checked"":48398336}"
   2825216,         0,         0,    44.9,standalone_exact_mw,000a12f67b6d2f9febee6f900216609acb0c5281b533fe6e35129362572a0912,"{""distance"":5,""physical_error_rate"":0.0002}","{""detection_events"":519068,""detectors_checked"":632848384}"
   2715648,         0,         0,    44.9,standalone_exact_mw,000a12f67b6d2f9febee6f900216609acb0c5281b533fe6e35129362572a0912,"{""distance"":5,""physical_error_rate"":0.0002}","{""detection_events"":496419,""detectors_checked"":608305152}"
   2951168,         1,         0,    44.8,standalone_exact_mw,000a12f67b6d2f9febee6f900216609acb0c5281b533fe6e35129362572a0912,"{""distance"":5,""physical_error_rate"":0.0002}","{""detection_events"":541641,""detectors_checked"":661061632,""obs_mistake_mask=E"":1}"
   2981888,         0,         0,    44.8,standalone_exact_mw,000a12f67b6d2f9febee6f900216609acb0c5281b533fe6e35129362572a0912,"{""distance"":5,""physical_error_rate"":0.0002}","{""detection_events"":547771,""detectors_checked"":667942912}"
   2946048,         2,         0,    44.9,standalone_exact_mw,000a12f67b6d2f9febee6f900216609acb0c5281b533fe6e35129362572a0912,"{""distance"":5,""physical_error_rate"":0.0002}","{""detection_events"":539602,""detectors_checked"":659914752,""obs_mistake_mask=E"":2}"
    376832,         0,         0,    44.7,standalone_exact_mw,000a12f67b6d2f9febee6f900216609acb0c5281b533fe6e35129362572a0912,"{""distance"":5,""physical_error_rate"":0.0002}","{""detection_events"":69430,""detectors_checked"":84410368}"
   1036288,         1,         0,    44.6,standalone_exact_mw,000a12f67b6d2f9febee6f900216609acb0c5281b533fe6e35129362572a0912,"{""distance"":5,""physical_error_rate"":0.0002}","{""detection_events"":191951,""detectors_checked"":232128512,""obs_mistake_mask=E"":1}"
    380928,         0,         0,    44.6,standalone_exact_mw,000a12f67b6d2f9febee6f900216609acb0c5281b533fe6e35129362572a0912,"{""distance"":5,""physical_error_rate"":0.0002}","{""detection_events"":70522,""detectors_checked"":85327872}"
   1874944,         0,         0,   119.6,standalone_exact_mw,000a12f67b6d2f9febee6f900216609acb0c5281b533fe6e35129362572a0912,"{""distance"":5,""physical_error_rate"":0.0002}","{""detection_events"":344914,""detectors_checked"":419987456}"
    842752,         0,         0,    11.7,standalone_exact_mw,000a12f67b6d2f9febee6f900216609acb0c5281b533fe6e35129362572a0912,"{""distance"":5,""physical_error_rate"":0.0002}","{""detection_events"":156580,""detectors_checked"":188776448}"
    693248,         0,         0,    11.7,standalone_exact_mw,000a12f67b6d2f9febee6f900216609acb0c5281b533fe6e35129362572a0912,"{""distance"":5,""physical_error_rate"":0.0002}","{""detection_events"":128555,""detectors_checked"":155287552}"
    826368,         0,         0,    11.7,standalone_exact_mw,000a12f67b6d2f9febee6f900216609acb0c5281b533fe6e35129362572a0912,"{""distance"":5,""physical_error_rate"":0.0002}","{""detection_events"":151230,""detectors_checked"":185106432}"
    453632,         0,         0,    11.7,standalone_exact_mw,000a12f67b6d2f9febee6f900216609acb0c5281b533fe6e35129362572a0912,"{""distance"":5,""physical_error_rate"":0.0002}","{""detection_events"":83360,""detectors_checked"":101613568}"
    762880,         1,         0,    11.7,standalone_exact_mw,000a12f67b6d2f9febee6f900216609acb0c5281b533fe6e35129362572a0912,"{""distance"":5,""physical_error_rate"":0.0002}","{""detection_events"":138820,""detectors_checked"":170885120,""obs_mistake_mask=E"":1}"
    809984,         1,         0,    11.7,standalone_exact_mw,000a12f67b6d2f9febee6f900216609acb0c5281b533fe6e35129362572a0912,"{""distance"":5,""physical_error_rate"":0.0002}","{""detection_events"":148826,""detectors_checked"":181436416,""obs_mistake_mask=E"":1}"
    883712,         0,         0,    11.7,standalone_exact_mw,000a12f67b6d2f9febee6f900216609acb0c5281b533fe6e35129362572a0912,"{""distance"":5,""physical_error_rate"":0.0002}","{""detection_events"":162219,""detectors_checked"":197951488}"
    568320,         0,         0,    11.7,standalone_exact_mw,000a12f67b6d2f9febee6f900216609acb0c5281b533fe6e35129362572a0912,"{""distance"":5,""physical_error_rate"":0.0002}","{""detection_events"":104012,""detectors_checked"":127303680}"
    733184,         1,         0,    11.7,standalone_exact_mw,000a12f67b6d2f9febee6f900216609acb0c5281b533fe6e35129362572a0912,"{""distance"":5,""physical_error_rate"":0.0002}","{""detection_events"":134603,""detectors_checked"":164233216,""obs_mistake_mask=E"":1}"
    801792,         0,         0,    11.7,standalone_exact_mw,000a12f67b6d2f9febee6f900216609acb0c5281b533fe6e35129362572a0912,"{""distance"":5,""physical_error_rate"":0.0002}","{""detection_events"":147445,""detectors_checked"":179601408}"
    803840,         0,         0,    11.7,standalone_exact_mw,000a12f67b6d2f9febee6f900216609acb0c5281b533fe6e35129362572a0912,"{""distance"":5,""physical_error_rate"":0.0002}","{""detection_events"":147919,""detectors_checked"":180060160}"
    691200,         0,         0,    11.7,standalone_exact_mw,000a12f67b6d2f9febee6f900216609acb0c5281b533fe6e35129362572a0912,"{""distance"":5,""physical_error_rate"":0.0002}","{""detection_events"":126508,""detectors_checked"":154828800}"
    101376,         0,         0,    11.7,standalone_exact_mw,000a12f67b6d2f9febee6f900216609acb0c5281b533fe6e35129362572a0912,"{""distance"":5,""physical_error_rate"":0.0002}","{""detection_events"":18511,""detectors_checked"":22708224}"
    364544,         0,         0,    11.7,standalone_exact_mw,000a12f67b6d2f9febee6f900216609acb0c5281b533fe6e35129362572a0912,"{""distance"":5,""physical_error_rate"":0.0002}","{""detection_events"":66541,""detectors_checked"":81657856}"
    290816,         0,         0,    11.6,standalone_exact_mw,000a12f67b6d2f9febee6f900216609acb0c5281b533fe6e35129362572a0912,"{""distance"":5,""physical_error_rate"":0.0002}","{""detection_events"":53621,""detectors_checked"":65142784}"
    282624,         0,         0,    11.7,standalone_exact_mw,000a12f67b6d2f9febee6f900216609acb0c5281b533fe6e35129362572a0912,"{""distance"":5,""physical_error_rate"":0.0002}","{""detection_events"":51689,""detectors_checked"":63307776}"
    297984,         0,         0,    11.7,standalone_exact_mw,000a12f67b6d2f9febee6f900216609acb0c5281b533fe6e35129362572a0912,"{""distance"":5,""physical_error_rate"":0.0002}","{""detection_events"":55183,""detectors_checked"":66748416}"
    462848,         0,         0,    11.7,standalone_exact_mw,000a12f67b6d2f9febee6f900216609acb0c5281b533fe6e35129362572a0912,"{""distance"":5,""physical_error_rate"":0.0002}","{""detection_events"":85227,""detectors_checked"":103677952}"
    244736,         0,         0,    11.6,standalone_exact_mw,000a12f67b6d2f9febee6f900216609acb0c5281b533fe6e35129362572a0912,"{""distance"":5,""physical_error_rate"":0.0002}","{""detection_events"":45046,""detectors_checked"":54820864}"
    116736,         0,         0,    11.7,standalone_exact_mw,000a12f67b6d2f9febee6f900216609acb0c5281b533fe6e35129362572a0912,"{""distance"":5,""physical_error_rate"":0.0002}","{""detection_events"":21584,""detectors_checked"":26148864}"
    366592,         1,         0,    11.7,standalone_exact_mw,000a12f67b6d2f9febee6f900216609acb0c5281b533fe6e35129362572a0912,"{""distance"":5,""physical_error_rate"":0.0002}","{""detection_events"":68333,""detectors_checked"":82116608,""obs_mistake_mask=E"":1}"
    435200,         1,         0,    11.8,standalone_exact_mw,000a12f67b6d2f9febee6f900216609acb0c5281b533fe6e35129362572a0912,"{""distance"":5,""physical_error_rate"":0.0002}","{""detection_events"":79755,""detectors_checked"":97484800,""obs_mistake_mask=E"":1}"
    190464,         0,         0,    11.7,standalone_exact_mw,000a12f67b6d2f9febee6f900216609acb0c5281b533fe6e35129362572a0912,"{""distance"":5,""physical_error_rate"":0.0002}","{""detection_events"":35504,""detectors_checked"":42663936}"
    348160,         0,         0,    11.7,standalone_exact_mw,000a12f67b6d2f9febee6f900216609acb0c5281b533fe6e35129362572a0912,"{""distance"":5,""physical_error_rate"":0.0002}","{""detection_events"":64558,""detectors_checked"":77987840}"
   1837798,         0,         0,    24.9,standalone_exact_mw,000a12f67b6d2f9febee6f900216609acb0c5281b533fe6e35129362572a0912,"{""distance"":5,""physical_error_rate"":0.0002}","{""detection_events"":335521,""detectors_checked"":411666752}"
    927744,         0,         0,   119.2,standalone_exact_mw,000a12f67b6d2f9febee6f900216609acb0c5281b533fe6e35129362572a0912,"{""distance"":5,""physical_error_rate"":0.0002}","{""detection_events"":171129,""detectors_checked"":207814656}"
   6554604,         2,         0,   101.8,standalone_exact_mw,000a12f67b6d2f9febee6f900216609acb0c5281b533fe6e35129362572a0912,"{""distance"":5,""physical_error_rate"":0.0002}","{""detection_events"":1206163,""detectors_checked"":1468231296,""obs_mistake_mask=E"":2}"
   1017856,         0,         0,    16.3,standalone_exact_mw,000a12f67b6d2f9febee6f900216609acb0c5281b533fe6e35129362572a0912,"{""distance"":5,""physical_error_rate"":0.0002}","{""detection_events"":187513,""detectors_checked"":227999744}"
    929792,         0,         0,    16.3,standalone_exact_mw,000a12f67b6d2f9febee6f900216609acb0c5281b533fe6e35129362572a0912,"{""distance"":5,""physical_error_rate"":0.0002}","{""detection_events"":171516,""detectors_checked"":208273408}"
    819200,         0,         0,    16.3,standalone_exact_mw,000a12f67b6d2f9febee6f900216609acb0c5281b533fe6e35129362572a0912,"{""distance"":5,""physical_error_rate"":0.0002}","{""detection_events"":150287,""detectors_checked"":183500800}"
    967680,         0,         0,    16.4,standalone_exact_mw,000a12f67b6d2f9febee6f900216609acb0c5281b533fe6e35129362572a0912,"{""distance"":5,""physical_error_rate"":0.0002}","{""detection_events"":177604,""detectors_checked"":216760320}"
    715776,         0,         0,    16.3,standalone_exact_mw,000a12f67b6d2f9febee6f900216609acb0c5281b533fe6e35129362572a0912,"{""distance"":5,""physical_error_rate"":0.0002}","{""detection_events"":131190,""detectors_checked"":160333824}"
    982016,         0,         0,    16.3,standalone_exact_mw,000a12f67b6d2f9febee6f900216609acb0c5281b533fe6e35129362572a0912,"{""distance"":5,""physical_error_rate"":0.0002}","{""detection_events"":180155,""detectors_checked"":219971584}"
   1016832,         1,         0,    16.4,standalone_exact_mw,000a12f67b6d2f9febee6f900216609acb0c5281b533fe6e35129362572a0912,"{""distance"":5,""physical_error_rate"":0.0002}","{""detection_events"":187117,""detectors_checked"":227770368,""obs_mistake_mask=E"":1}"
    931840,         1,         0,    16.3,standalone_exact_mw,000a12f67b6d2f9febee6f900216609acb0c5281b533fe6e35129362572a0912,"{""distance"":5,""physical_error_rate"":0.0002}","{""detection_events"":171882,""detectors_checked"":208732160,""obs_mistake_mask=E"":1}"
   1165312,         1,         0,    16.3,standalone_exact_mw,000a12f67b6d2f9febee6f900216609acb0c5281b533fe6e35129362572a0912,"{""distance"":5,""physical_error_rate"":0.0002}","{""detection_events"":214594,""detectors_checked"":261029888,""obs_mistake_mask=E"":1}"
    946176,         0,         0,    16.4,standalone_exact_mw,000a12f67b6d2f9febee6f900216609acb0c5281b533fe6e35129362572a0912,"{""distance"":5,""physical_error_rate"":0.0002}","{""detection_events"":174869,""detectors_checked"":211943424}"
    749568,         0,         0,    16.3,standalone_exact_mw,000a12f67b6d2f9febee6f900216609acb0c5281b533fe6e35129362572a0912,"{""distance"":5,""physical_error_rate"":0.0002}","{""detection_events"":137411,""detectors_checked"":167903232}"
    730112,         1,         0,    16.4,standalone_exact_mw,000a12f67b6d2f9febee6f900216609acb0c5281b533fe6e35129362572a0912,"{""distance"":5,""physical_error_rate"":0.0002}","{""detection_events"":134257,""detectors_checked"":163545088,""obs_mistake_mask=E"":1}"
    638976,         1,         0,    16.4,standalone_exact_mw,000a12f67b6d2f9febee6f900216609acb0c5281b533fe6e35129362572a0912,"{""distance"":5,""physical_error_rate"":0.0002}","{""detection_events"":117129,""detectors_checked"":143130624,""obs_mistake_mask=E"":1}"
    654336,         0,         0,    16.4,standalone_exact_mw,000a12f67b6d2f9febee6f900216609acb0c5281b533fe6e35129362572a0912,"{""distance"":5,""physical_error_rate"":0.0002}","{""detection_events"":119599,""detectors_checked"":146571264}"
    628736,         1,         0,    16.3,standalone_exact_mw,000a12f67b6d2f9febee6f900216609acb0c5281b533fe6e35129362572a0912,"{""distance"":5,""physical_error_rate"":0.0002}","{""detection_events"":116515,""detectors_checked"":140836864,""obs_mistake_mask=E"":1}"
    233472,         0,         0,    16.4,standalone_exact_mw,000a12f67b6d2f9febee6f900216609acb0c5281b533fe6e35129362572a0912,"{""distance"":5,""physical_error_rate"":0.0002}","{""detection_events"":42815,""detectors_checked"":52297728}"
    590848,         0,         0,    16.2,standalone_exact_mw,000a12f67b6d2f9febee6f900216609acb0c5281b533fe6e35129362572a0912,"{""distance"":5,""physical_error_rate"":0.0002}","{""detection_events"":108119,""detectors_checked"":132349952}"
    635904,         0,         0,    16.3,standalone_exact_mw,000a12f67b6d2f9febee6f900216609acb0c5281b533fe6e35129362572a0912,"{""distance"":5,""physical_error_rate"":0.0002}","{""detection_events"":117394,""detectors_checked"":142442496}"
    173056,         0,         0,    16.3,standalone_exact_mw,000a12f67b6d2f9febee6f900216609acb0c5281b533fe6e35129362572a0912,"{""distance"":5,""physical_error_rate"":0.0002}","{""detection_events"":31818,""detectors_checked"":38764544}"
    179200,         0,         0,    16.4,standalone_exact_mw,000a12f67b6d2f9febee6f900216609acb0c5281b533fe6e35129362572a0912,"{""distance"":5,""physical_error_rate"":0.0002}","{""detection_events"":33441,""detectors_checked"":40140800}"
    311296,         0,         0,    16.4,standalone_exact_mw,000a12f67b6d2f9febee6f900216609acb0c5281b533fe6e35129362572a0912,"{""distance"":5,""physical_error_rate"":0.0002}","{""detection_events"":56736,""detectors_checked"":69730304}"
    492544,         0,         0,    16.3,standalone_exact_mw,000a12f67b6d2f9febee6f900216609acb0c5281b533fe6e35129362572a0912,"{""distance"":5,""physical_error_rate"":0.0002}","{""detection_events"":89955,""detectors_checked"":110329856}"
    642048,         0,         0,    16.3,standalone_exact_mw,000a12f67b6d2f9febee6f900216609acb0c5281b533fe6e35129362572a0912,"{""distance"":5,""physical_error_rate"":0.0002}","{""detection_events"":118043,""detectors_checked"":143818752}"
    595968,         0,         0,    16.3,standalone_exact_mw,000a12f67b6d2f9febee6f900216609acb0c5281b533fe6e35129362572a0912,"{""distance"":5,""physical_error_rate"":0.0002}","{""detection_events"":110228,""detectors_checked"":133496832}"
   2839552,         0,         0,   119.4,standalone_exact_mw,000a12f67b6d2f9febee6f900216609acb0c5281b533fe6e35129362572a0912,"{""distance"":5,""physical_error_rate"":0.0002}","{""detection_events"":524108,""detectors_checked"":636059648}"
    949248,         0,         0,   119.3,standalone_exact_mw,000a12f67b6d2f9febee6f900216609acb0c5281b533fe6e35129362572a0912,"{""distance"":5,""physical_error_rate"":0.0002}","{""detection_events"":173961,""detectors_checked"":212631552}"
   1488896,         0,         0,   119.4,standalone_exact_mw,000a12f67b6d2f9febee6f900216609acb0c5281b533fe6e35129362572a0912,"{""distance"":5,""physical_error_rate"":0.0002}","{""detection_events"":275393,""detectors_checked"":333512704}"
   1532928,         1,         0,    22.9,standalone_exact_mw,000a12f67b6d2f9febee6f900216609acb0c5281b533fe6e35129362572a0912,"{""distance"":5,""physical_error_rate"":0.0002}","{""detection_events"":280824,""detectors_checked"":343375872,""obs_mistake_mask=E"":1}"
   1376256,         0,         0,    22.9,standalone_exact_mw,000a12f67b6d2f9febee6f900216609acb0c5281b533fe6e35129362572a0912,"{""distance"":5,""physical_error_rate"":0.0002}","{""detection_events"":254006,""detectors_checked"":308281344}"
   1190912,         0,         0,    22.9,standalone_exact_mw,000a12f67b6d2f9febee6f900216609acb0c5281b533fe6e35129362572a0912,"{""distance"":5,""physical_error_rate"":0.0002}","{""detection_events"":219519,""detectors_checked"":266764288}"
   1350656,         0,         0,    22.9,standalone_exact_mw,000a12f67b6d2f9febee6f900216609acb0c5281b533fe6e35129362572a0912,"{""distance"":5,""physical_error_rate"":0.0002}","{""detection_events"":247789,""detectors_checked"":302546944}"
   1215488,         1,         0,    22.9,standalone_exact_mw,000a12f67b6d2f9febee6f900216609acb0c5281b533fe6e35129362572a0912,"{""distance"":5,""physical_error_rate"":0.0002}","{""detection_events"":222280,""detectors_checked"":272269312,""obs_mistake_mask=E"":1}"
   1634304,         1,         0,    22.9,standalone_exact_mw,000a12f67b6d2f9febee6f900216609acb0c5281b533fe6e35129362572a0912,"{""distance"":5,""physical_error_rate"":0.0002}","{""detection_events"":299441,""detectors_checked"":366084096,""obs_mistake_mask=E"":1}"
   1294336,         0,         0,    22.9,standalone_exact_mw,000a12f67b6d2f9febee6f900216609acb0c5281b533fe6e35129362572a0912,"{""distance"":5,""physical_error_rate"":0.0002}","{""detection_events"":238901,""detectors_checked"":289931264}"
   1547264,         1,         0,    22.9,standalone_exact_mw,000a12f67b6d2f9febee6f900216609acb0c5281b533fe6e35129362572a0912,"{""distance"":5,""physical_error_rate"":0.0002}","{""detection_events"":284164,""detectors_checked"":346587136,""obs_mistake_mask=E"":1}"
   1422336,         2,         0,    22.9,standalone_exact_mw,000a12f67b6d2f9febee6f900216609acb0c5281b533fe6e35129362572a0912,"{""distance"":5,""physical_error_rate"":0.0002}","{""detection_events"":260761,""detectors_checked"":318603264,""obs_mistake_mask=E"":2}"
   1112064,         2,         0,    22.9,standalone_exact_mw,000a12f67b6d2f9febee6f900216609acb0c5281b533fe6e35129362572a0912,"{""distance"":5,""physical_error_rate"":0.0002}","{""detection_events"":204270,""detectors_checked"":249102336,""obs_mistake_mask=E"":2}"
   1288192,         1,         0,    22.9,standalone_exact_mw,000a12f67b6d2f9febee6f900216609acb0c5281b533fe6e35129362572a0912,"{""distance"":5,""physical_error_rate"":0.0002}","{""detection_events"":235873,""detectors_checked"":288555008,""obs_mistake_mask=E"":1}"
   1509376,         0,         0,    22.9,standalone_exact_mw,000a12f67b6d2f9febee6f900216609acb0c5281b533fe6e35129362572a0912,"{""distance"":5,""physical_error_rate"":0.0002}","{""detection_events"":277337,""detectors_checked"":338100224}"
    674816,         0,         0,    22.9,standalone_exact_mw,000a12f67b6d2f9febee6f900216609acb0c5281b533fe6e35129362572a0912,"{""distance"":5,""physical_error_rate"":0.0002}","{""detection_events"":123636,""detectors_checked"":151158784}"
    222208,         0,         0,    22.9,standalone_exact_mw,000a12f67b6d2f9febee6f900216609acb0c5281b533fe6e35129362572a0912,"{""distance"":5,""physical_error_rate"":0.0002}","{""detection_events"":41190,""detectors_checked"":49774592}"
    870400,         0,         0,    22.9,standalone_exact_mw,000a12f67b6d2f9febee6f900216609acb0c5281b533fe6e35129362572a0912,"{""distance"":5,""physical_error_rate"":0.0002}","{""detection_events"":161557,""detectors_checked"":194969600}"
    489472,         0,         0,    23.0,standalone_exact_mw,000a12f67b6d2f9febee6f900216609acb0c5281b533fe6e35129362572a0912,"{""distance"":5,""physical_error_rate"":0.0002}","{""detection_events"":89706,""detectors_checked"":109641728}"
    512000,         0,         0,    23.1,standalone_exact_mw,000a12f67b6d2f9febee6f900216609acb0c5281b533fe6e35129362572a0912,"{""distance"":5,""physical_error_rate"":0.0002}","{""detection_events"":93798,""detectors_checked"":114688000}"
    350208,         0,         0,    22.9,standalone_exact_mw,000a12f67b6d2f9febee6f900216609acb0c5281b533fe6e35129362572a0912,"{""distance"":5,""physical_error_rate"":0.0002}","{""detection_events"":63870,""detectors_checked"":78446592}"
    194560,         0,         0,    22.8,standalone_exact_mw,000a12f67b6d2f9febee6f900216609acb0c5281b533fe6e35129362572a0912,"{""distance"":5,""physical_error_rate"":0.0002}","{""detection_events"":35796,""detectors_checked"":43581440}"
    707584,         0,         0,    23.0,standalone_exact_mw,000a12f67b6d2f9febee6f900216609acb0c5281b533fe6e35129362572a0912,"{""distance"":5,""physical_error_rate"":0.0002}","{""detection_events"":129351,""detectors_checked"":158498816}"
    257024,         1,         0,    22.9,standalone_exact_mw,000a12f67b6d2f9febee6f900216609acb0c5281b533fe6e35129362572a0912,"{""distance"":5,""physical_error_rate"":0.0002}","{""detection_events"":47275,""detectors_checked"":57573376,""obs_mistake_mask=E"":1}"
    836608,         1,         0,    22.9,standalone_exact_mw,000a12f67b6d2f9febee6f900216609acb0c5281b533fe6e35129362572a0912,"{""distance"":5,""physical_error_rate"":0.0002}","{""detection_events"":153283,""detectors_checked"":187400192,""obs_mistake_mask=E"":1}"
    838656,         0,         0,    22.9,standalone_exact_mw,000a12f67b6d2f9febee6f900216609acb0c5281b533fe6e35129362572a0912,"{""distance"":5,""physical_error_rate"":0.0002}","{""detection_events"":155593,""detectors_checked"":187858944}"
    522240,         0,         0,    23.0,standalone_exact_mw,000a12f67b6d2f9febee6f900216609acb0c5281b533fe6e35129362572a0912,"{""distance"":5,""physical_error_rate"":0.0002}","{""detection_events"":96280,""detectors_checked"":116981760}"
   3762176,         3,         0,    62.8,standalone_exact_mw,000a12f67b6d2f9febee6f900216609acb0c5281b533fe6e35129362572a0912,"{""distance"":5,""physical_error_rate"":0.0002}","{""detection_events"":689319,""detectors_checked"":842727424,""obs_mistake_mask=E"":3}"
   3444736,         1,         0,    62.8,standalone_exact_mw,000a12f67b6d2f9febee6f900216609acb0c5281b533fe6e35129362572a0912,"{""distance"":5,""physical_error_rate"":0.0002}","{""detection_events"":633260,""detectors_checked"":771620864,""obs_mistake_mask=E"":1}"
   3640320,         0,         0,    62.8,standalone_exact_mw,000a12f67b6d2f9febee6f900216609acb0c5281b533fe6e35129362572a0912,"{""distance"":5,""physical_error_rate"":0.0002}","{""detection_events"":667400,""detectors_checked"":815431680}"
   3244032,         3,         0,    62.8,standalone_exact_mw,000a12f67b6d2f9febee6f900216609acb0c5281b533fe6e35129362572a0912,"{""distance"":5,""physical_error_rate"":0.0002}","{""detection_events"":596090,""detectors_checked"":726663168,""obs_mistake_mask=E"":3}"
   2862080,         1,         0,    62.8,standalone_exact_mw,000a12f67b6d2f9febee6f900216609acb0c5281b533fe6e35129362572a0912,"{""distance"":5,""physical_error_rate"":0.0002}","{""detection_events"":527013,""detectors_checked"":641105920,""obs_mistake_mask=E"":1}"
   1311744,         0,         0,    62.8,standalone_exact_mw,000a12f67b6d2f9febee6f900216609acb0c5281b533fe6e35129362572a0912,"{""distance"":5,""physical_error_rate"":0.0002}","{""detection_events"":242157,""detectors_checked"":293830656}"
   1835008,         0,         0,    62.7,standalone_exact_mw,000a12f67b6d2f9febee6f900216609acb0c5281b533fe6e35129362572a0912,"{""distance"":5,""physical_error_rate"":0.0002}","{""detection_events"":337477,""detectors_checked"":411041792}"
   6398721,         3,         0,    96.6,standalone_exact_mw,000a12f67b6d2f9febee6f900216609acb0c5281b533fe6e35129362572a0912,"{""distance"":5,""physical_error_rate"":0.0002}","{""detection_events"":1178102,""detectors_checked"":1433313504,""obs_mistake_mask=E"":3}"
   5001216,         2,         0,    77.9,standalone_exact_mw,000a12f67b6d2f9febee6f900216609acb0c5281b533fe6e35129362572a0912,"{""distance"":5,""physical_error_rate"":0.0002}","{""detection_events"":921901,""detectors_checked"":1120272384,""obs_mistake_mask=E"":2}"
   5075968,         2,         0,    93.1,standalone_exact_mw,000a12f67b6d2f9febee6f900216609acb0c5281b533fe6e35129362572a0912,"{""distance"":5,""physical_error_rate"":0.0002}","{""detection_events"":934521,""detectors_checked"":1137016832,""obs_mistake_mask=E"":2}"
   5643264,         4,         0,    96.9,standalone_exact_mw,000a12f67b6d2f9febee6f900216609acb0c5281b533fe6e35129362572a0912,"{""distance"":5,""physical_error_rate"":0.0002}","{""detection_events"":1041239,""detectors_checked"":1264091136,""obs_mistake_mask=E"":4}"
    532480,         1,         0,    62.9,standalone_exact_mw,000a12f67b6d2f9febee6f900216609acb0c5281b533fe6e35129362572a0912,"{""distance"":5,""physical_error_rate"":0.0002}","{""detection_events"":98167,""detectors_checked"":119275520,""obs_mistake_mask=E"":1}"
   4909660,         1,         0,    87.4,standalone_exact_mw,000a12f67b6d2f9febee6f900216609acb0c5281b533fe6e35129362572a0912,"{""distance"":5,""physical_error_rate"":0.0002}","{""detection_events"":903817,""detectors_checked"":1099763840,""obs_mistake_mask=E"":1}"
   2095104,         1,         0,    32.1,standalone_exact_mw,000a12f67b6d2f9febee6f900216609acb0c5281b533fe6e35129362572a0912,"{""distance"":5,""physical_error_rate"":0.0002}","{""detection_events"":384549,""detectors_checked"":469303296,""obs_mistake_mask=E"":1}"
   2252800,         1,         0,    32.0,standalone_exact_mw,000a12f67b6d2f9febee6f900216609acb0c5281b533fe6e35129362572a0912,"{""distance"":5,""physical_error_rate"":0.0002}","{""detection_events"":413877,""detectors_checked"":504627200,""obs_mistake_mask=E"":1}"
   2053120,         3,         0,    32.1,standalone_exact_mw,000a12f67b6d2f9febee6f900216609acb0c5281b533fe6e35129362572a0912,"{""distance"":5,""physical_error_rate"":0.0002}","{""detection_events"":378374,""detectors_checked"":459898880,""obs_mistake_mask=E"":3}"
   1596416,         0,         0,    32.1,standalone_exact_mw,000a12f67b6d2f9febee6f900216609acb0c5281b533fe6e35129362572a0912,"{""distance"":5,""physical_error_rate"":0.0002}","{""detection_events"":294737,""detectors_checked"":357597184}"
   2035712,         3,         0,    32.1,standalone_exact_mw,000a12f67b6d2f9febee6f900216609acb0c5281b533fe6e35129362572a0912,"{""distance"":5,""physical_error_rate"":0.0002}","{""detection_events"":375240,""detectors_checked"":455999488,""obs_mistake_mask=E"":3}"
   2064384,         2,         0,    32.1,standalone_exact_mw,000a12f67b6d2f9febee6f900216609acb0c5281b533fe6e35129362572a0912,"{""distance"":5,""physical_error_rate"":0.0002}","{""detection_events"":379577,""detectors_checked"":462422016,""obs_mistake_mask=E"":2}"
   1523712,         0,         0,    32.1,standalone_exact_mw,000a12f67b6d2f9febee6f900216609acb0c5281b533fe6e35129362572a0912,"{""distance"":5,""physical_error_rate"":0.0002}","{""detection_events"":281127,""detectors_checked"":341311488}"
   2229248,         0,         0,    32.0,standalone_exact_mw,000a12f67b6d2f9febee6f900216609acb0c5281b533fe6e35129362572a0912,"{""distance"":5,""physical_error_rate"":0.0002}","{""detection_events"":409914,""detectors_checked"":499351552}"
   1634304,         0,         0,    32.1,standalone_exact_mw,000a12f67b6d2f9febee6f900216609acb0c5281b533fe6e35129362572a0912,"{""distance"":5,""physical_error_rate"":0.0002}","{""detection_events"":301652,""detectors_checked"":366084096}"
   1769472,         0,         0,    32.1,standalone_exact_mw,000a12f67b6d2f9febee6f900216609acb0c5281b533fe6e35129362572a0912,"{""distance"":5,""physical_error_rate"":0.0002}","{""detection_events"":326088,""detectors_checked"":396361728}"
   2024448,         1,         0,    32.1,standalone_exact_mw,000a12f67b6d2f9febee6f900216609acb0c5281b533fe6e35129362572a0912,"{""distance"":5,""physical_error_rate"":0.0002}","{""detection_events"":372651,""detectors_checked"":453476352,""obs_mistake_mask=E"":1}"
   2096128,         3,         0,    32.1,standalone_exact_mw,000a12f67b6d2f9febee6f900216609acb0c5281b533fe6e35129362572a0912,"{""distance"":5,""physical_error_rate"":0.0002}","{""detection_events"":384688,""detectors_checked"":469532672,""obs_mistake_mask=E"":3}"
   1258496,         0,         0,    32.1,standalone_exact_mw,000a12f67b6d2f9febee6f900216609acb0c5281b533fe6e35129362572a0912,"{""distance"":5,""physical_error_rate"":0.0002}","{""detection_events"":230346,""detectors_checked"":281903104}"
   1203200,         0,         0,    32.1,standalone_exact_mw,000a12f67b6d2f9febee6f900216609acb0c5281b533fe6e35129362572a0912,"{""distance"":5,""physical_error_rate"":0.0002}","{""detection_events"":222462,""detectors_checked"":269516800}"
    377856,         0,         0,    31.9,standalone_exact_mw,000a12f67b6d2f9febee6f900216609acb0c5281b533fe6e35129362572a0912,"{""distance"":5,""physical_error_rate"":0.0002}","{""detection_events"":70522,""detectors_checked"":84639744}"
   1156096,         0,         0,    32.1,standalone_exact_mw,000a12f67b6d2f9febee6f900216609acb0c5281b533fe6e35129362572a0912,"{""distance"":5,""physical_error_rate"":0.0002}","{""detection_events"":214621,""detectors_checked"":258965504}"
    917504,         0,         0,    31.9,standalone_exact_mw,000a12f67b6d2f9febee6f900216609acb0c5281b533fe6e35129362572a0912,"{""distance"":5,""physical_error_rate"":0.0002}","{""detection_events"":168050,""detectors_checked"":205520896}"
    892928,         0,         0,    32.0,standalone_exact_mw,000a12f67b6d2f9febee6f900216609acb0c5281b533fe6e35129362572a0912,"{""distance"":5,""physical_error_rate"":0.0002}","{""detection_events"":164369,""detectors_checked"":200015872}"
    245760,         0,         0,    31.9,standalone_exact_mw,000a12f67b6d2f9febee6f900216609acb0c5281b533fe6e35129362572a0912,"{""distance"":5,""physical_error_rate"":0.0002}","{""detection_events"":44800,""detectors_checked"":55050240}"
    649216,         0,         0,    32.0,standalone_exact_mw,000a12f67b6d2f9febee6f900216609acb0c5281b533fe6e35129362572a0912,"{""distance"":5,""physical_error_rate"":0.0002}","{""detection_events"":120958,""detectors_checked"":145424384}"
    324608,         0,         0,    32.2,standalone_exact_mw,000a12f67b6d2f9febee6f900216609acb0c5281b533fe6e35129362572a0912,"{""distance"":5,""physical_error_rate"":0.0002}","{""detection_events"":59931,""detectors_checked"":72712192}"
   1291264,         0,         0,    32.1,standalone_exact_mw,000a12f67b6d2f9febee6f900216609acb0c5281b533fe6e35129362572a0912,"{""distance"":5,""physical_error_rate"":0.0002}","{""detection_events"":234686,""detectors_checked"":289243136}"
   1277952,         0,         0,    32.0,standalone_exact_mw,000a12f67b6d2f9febee6f900216609acb0c5281b533fe6e35129362572a0912,"{""distance"":5,""physical_error_rate"":0.0002}","{""detection_events"":234465,""detectors_checked"":286261248}"
    230400,         0,         0,    32.1,standalone_exact_mw,000a12f67b6d2f9febee6f900216609acb0c5281b533fe6e35129362572a0912,"{""distance"":5,""physical_error_rate"":0.0002}","{""detection_events"":43000,""detectors_checked"":51609600}"
   2843648,         1,         0,   119.7,standalone_exact_mw,000a12f67b6d2f9febee6f900216609acb0c5281b533fe6e35129362572a0912,"{""distance"":5,""physical_error_rate"":0.0002}","{""detection_events"":522667,""detectors_checked"":636977152,""obs_mistake_mask=E"":1}"
   4468773,         0,         0,    78.8,standalone_exact_mw,000a12f67b6d2f9febee6f900216609acb0c5281b533fe6e35129362572a0912,"{""distance"":5,""physical_error_rate"":0.0002}","{""detection_events"":821269,""detectors_checked"":1001005152}"
   3913728,         0,         0,    70.2,standalone_exact_mw,000a12f67b6d2f9febee6f900216609acb0c5281b533fe6e35129362572a0912,"{""distance"":5,""physical_error_rate"":0.0002}","{""detection_events"":719777,""detectors_checked"":876675072}"
   4085760,         0,         0,   116.7,standalone_exact_mw,000a12f67b6d2f9febee6f900216609acb0c5281b533fe6e35129362572a0912,"{""distance"":5,""physical_error_rate"":0.0002}","{""detection_events"":749815,""detectors_checked"":915210240}"
   2583552,         2,         0,   119.6,standalone_exact_mw,000a12f67b6d2f9febee6f900216609acb0c5281b533fe6e35129362572a0912,"{""distance"":5,""physical_error_rate"":0.0002}","{""detection_events"":473461,""detectors_checked"":578715648,""obs_mistake_mask=E"":2}"
   3624761,         1,         0,   114.3,standalone_exact_mw,000a12f67b6d2f9febee6f900216609acb0c5281b533fe6e35129362572a0912,"{""distance"":5,""physical_error_rate"":0.0002}","{""detection_events"":667483,""detectors_checked"":811946464,""obs_mistake_mask=E"":1}"
   3328765,         0,         0,    48.9,standalone_exact_mw,000a12f67b6d2f9febee6f900216609acb0c5281b533fe6e35129362572a0912,"{""distance"":5,""physical_error_rate"":0.0002}","{""detection_events"":610543,""detectors_checked"":745643360}"
   3262464,         2,         0,    48.9,standalone_exact_mw,000a12f67b6d2f9febee6f900216609acb0c5281b533fe6e35129362572a0912,"{""distance"":5,""physical_error_rate"":0.0002}","{""detection_events"":598979,""detectors_checked"":730791936,""obs_mistake_mask=E"":2}"
   3259416,         1,         0,    51.6,standalone_exact_mw,000a12f67b6d2f9febee6f900216609acb0c5281b533fe6e35129362572a0912,"{""distance"":5,""physical_error_rate"":0.0002}","{""detection_events"":599504,""detectors_checked"":730109184,""obs_mistake_mask=E"":1}"
   3151872,         0,         0,    54.1,standalone_exact_mw,000a12f67b6d2f9febee6f900216609acb0c5281b533fe6e35129362572a0912,"{""distance"":5,""physical_error_rate"":0.0002}","{""detection_events"":581317,""detectors_checked"":706019328}"
   3123544,         0,         0,    55.3,standalone_exact_mw,000a12f67b6d2f9febee6f900216609acb0c5281b533fe6e35129362572a0912,"{""distance"":5,""physical_error_rate"":0.0002}","{""detection_events"":571915,""detectors_checked"":699673856}"
   3099648,         2,         0,    52.9,standalone_exact_mw,000a12f67b6d2f9febee6f900216609acb0c5281b533fe6e35129362572a0912,"{""distance"":5,""physical_error_rate"":0.0002}","{""detection_events"":567985,""detectors_checked"":694321152,""obs_mistake_mask=E"":2}"
   3094528,         1,         0,    78.2,standalone_exact_mw,000a12f67b6d2f9febee6f900216609acb0c5281b533fe6e35129362572a0912,"{""distance"":5,""physical_error_rate"":0.0002}","{""detection_events"":567164,""detectors_checked"":693174272,""obs_mistake_mask=E"":1}"
   2992806,         0,         0,    53.3,standalone_exact_mw,000a12f67b6d2f9febee6f900216609acb0c5281b533fe6e35129362572a0912,"{""distance"":5,""physical_error_rate"":0.0002}","{""detection_events"":549672,""detectors_checked"":670388544}"
   2906112,         2,         0,    53.3,standalone_exact_mw,000a12f67b6d2f9febee6f900216609acb0c5281b533fe6e35129362572a0912,"{""distance"":5,""physical_error_rate"":0.0002}","{""detection_events"":531514,""detectors_checked"":650969088,""obs_mistake_mask=E"":2}"
   2832384,         4,         0,    55.7,standalone_exact_mw,000a12f67b6d2f9febee6f900216609acb0c5281b533fe6e35129362572a0912,"{""distance"":5,""physical_error_rate"":0.0002}","{""detection_events"":518848,""detectors_checked"":634454016,""obs_mistake_mask=E"":4}"
   2801410,         0,         0,    39.5,standalone_exact_mw,000a12f67b6d2f9febee6f900216609acb0c5281b533fe6e35129362572a0912,"{""distance"":5,""physical_error_rate"":0.0002}","{""detection_events"":513997,""detectors_checked"":627515840}"
   2723840,         2,         0,    39.5,standalone_exact_mw,000a12f67b6d2f9febee6f900216609acb0c5281b533fe6e35129362572a0912,"{""distance"":5,""physical_error_rate"":0.0002}","{""detection_events"":500551,""detectors_checked"":610140160,""obs_mistake_mask=E"":2}"
   2623496,         0,         0,    40.1,standalone_exact_mw,000a12f67b6d2f9febee6f900216609acb0c5281b533fe6e35129362572a0912,"{""distance"":5,""physical_error_rate"":0.0002}","{""detection_events"":482190,""detectors_checked"":587663104}"
   2518016,         3,         0,    40.1,standalone_exact_mw,000a12f67b6d2f9febee6f900216609acb0c5281b533fe6e35129362572a0912,"{""distance"":5,""physical_error_rate"":0.0002}","{""detection_events"":463714,""detectors_checked"":564035584,""obs_mistake_mask=E"":3}"
   2538496,         1,         0,   114.1,standalone_exact_mw,000a12f67b6d2f9febee6f900216609acb0c5281b533fe6e35129362572a0912,"{""distance"":5,""physical_error_rate"":0.0002}","{""detection_events"":468487,""detectors_checked"":568623104,""obs_mistake_mask=E"":1}"
   2512093,         0,         0,    40.7,standalone_exact_mw,000a12f67b6d2f9febee6f900216609acb0c5281b533fe6e35129362572a0912,"{""distance"":5,""physical_error_rate"":0.0002}","{""detection_events"":459795,""detectors_checked"":562708832}"
   2405376,         0,         0,    40.6,standalone_exact_mw,000a12f67b6d2f9febee6f900216609acb0c5281b533fe6e35129362572a0912,"{""distance"":5,""physical_error_rate"":0.0002}","{""detection_events"":441755,""detectors_checked"":538804224}"
   2447360,         1,         0,    46.9,standalone_exact_mw,000a12f67b6d2f9febee6f900216609acb0c5281b533fe6e35129362572a0912,"{""distance"":5,""physical_error_rate"":0.0002}","{""detection_events"":449979,""detectors_checked"":548208640,""obs_mistake_mask=E"":1}"
   2354414,         0,         0,    40.8,standalone_exact_mw,000a12f67b6d2f9febee6f900216609acb0c5281b533fe6e35129362572a0912,"{""distance"":5,""physical_error_rate"":0.0002}","{""detection_events"":434754,""detectors_checked"":527388736}"
   2212864,         1,         0,    40.9,standalone_exact_mw,000a12f67b6d2f9febee6f900216609acb0c5281b533fe6e35129362572a0912,"{""distance"":5,""physical_error_rate"":0.0002}","{""detection_events"":407394,""detectors_checked"":495681536,""obs_mistake_mask=E"":1}"
   2258944,         1,         0,    40.8,standalone_exact_mw,000a12f67b6d2f9febee6f900216609acb0c5281b533fe6e35129362572a0912,"{""distance"":5,""physical_error_rate"":0.0002}","{""detection_events"":414232,""detectors_checked"":506003456,""obs_mistake_mask=E"":1}"
   2228224,         0,         0,    41.1,standalone_exact_mw,000a12f67b6d2f9febee6f900216609acb0c5281b533fe6e35129362572a0912,"{""distance"":5,""physical_error_rate"":0.0002}","{""detection_events"":409457,""detectors_checked"":499122176}"
   2204265,         0,         0,    42.8,standalone_exact_mw,000a12f67b6d2f9febee6f900216609acb0c5281b533fe6e35129362572a0912,"{""distance"":5,""physical_error_rate"":0.0002}","{""detection_events"":405536,""detectors_checked"":493755360}"
   2021376,         1,         0,    33.2,standalone_exact_mw,000a12f67b6d2f9febee6f900216609acb0c5281b533fe6e35129362572a0912,"{""distance"":5,""physical_error_rate"":0.0002}","{""detection_events"":371292,""detectors_checked"":452788224,""obs_mistake_mask=E"":1}"
   2141184,         1,         0,    42.9,standalone_exact_mw,000a12f67b6d2f9febee6f900216609acb0c5281b533fe6e35129362572a0912,"{""distance"":5,""physical_error_rate"":0.0002}","{""detection_events"":393262,""detectors_checked"":479625216,""obs_mistake_mask=E"":1}"
   2018758,         0,         0,   112.8,standalone_exact_mw,000a12f67b6d2f9febee6f900216609acb0c5281b533fe6e35129362572a0912,"{""distance"":5,""physical_error_rate"":0.0002}","{""detection_events"":369643,""detectors_checked"":452201792}"
   1627136,         0,         0,    44.7,standalone_exact_mw,000a12f67b6d2f9febee6f900216609acb0c5281b533fe6e35129362572a0912,"{""distance"":5,""physical_error_rate"":0.0002}","{""detection_events"":301163,""detectors_checked"":364478464}"
   1497088,         3,         0,    44.9,standalone_exact_mw,000a12f67b6d2f9febee6f900216609acb0c5281b533fe6e35129362572a0912,"{""distance"":5,""physical_error_rate"":0.0002}","{""detection_events"":275706,""detectors_checked"":335347712,""obs_mistake_mask=E"":3}"
   1214464,         0,         0,    44.9,standalone_exact_mw,000a12f67b6d2f9febee6f900216609acb0c5281b533fe6e35129362572a0912,"{""distance"":5,""physical_error_rate"":0.0002}","{""detection_events"":223759,""detectors_checked"":272039936}"
   1000448,         0,         0,    44.8,standalone_exact_mw,000a12f67b6d2f9febee6f900216609acb0c5281b533fe6e35129362572a0912,"{""distance"":5,""physical_error_rate"":0.0002}","{""detection_events"":184124,""detectors_checked"":224100352}"
   1707008,         0,         0,    44.9,standalone_exact_mw,000a12f67b6d2f9febee6f900216609acb0c5281b533fe6e35129362572a0912,"{""distance"":5,""physical_error_rate"":0.0002}","{""detection_events"":314766,""detectors_checked"":382369792}"
   1660928,         0,         0,    44.8,standalone_exact_mw,000a12f67b6d2f9febee6f900216609acb0c5281b533fe6e35129362572a0912,"{""distance"":5,""physical_error_rate"":0.0002}","{""detection_events"":305833,""detectors_checked"":372047872}"
    833536,         1,         0,    44.8,standalone_exact_mw,000a12f67b6d2f9febee6f900216609acb0c5281b533fe6e35129362572a0912,"{""distance"":5,""physical_error_rate"":0.0002}","{""detection_events"":152856,""detectors_checked"":186712064,""obs_mistake_mask=E"":1}"
   1645568,         1,         0,    44.8,standalone_exact_mw,000a12f67b6d2f9febee6f900216609acb0c5281b533fe6e35129362572a0912,"{""distance"":5,""physical_error_rate"":0.0002}","{""detection_events"":301246,""detectors_checked"":368607232,""obs_mistake_mask=E"":1}"
   1117184,         0,         0,    44.9,standalone_exact_mw,000a12f67b6d2f9febee6f900216609acb0c5281b533fe6e35129362572a0912,"{""distance"":5,""physical_error_rate"":0.0002}","{""detection_events"":205023,""detectors_checked"":250249216}"
    882688,         0,         0,    45.0,standalone_exact_mw,000a12f67b6d2f9febee6f900216609acb0c5281b533fe6e35129362572a0912,"{""distance"":5,""physical_error_rate"":0.0002}","{""detection_events"":160910,""detectors_checked"":197722112}"
   1491968,         0,         0,    44.8,standalone_exact_mw,000a12f67b6d2f9febee6f900216609acb0c5281b533fe6e35129362572a0912,"{""distance"":5,""physical_error_rate"":0.0002}","{""detection_events"":274372,""detectors_checked"":334200832}"
    393216,         0,         0,    45.0,standalone_exact_mw,000a12f67b6d2f9febee6f900216609acb0c5281b533fe6e35129362572a0912,"{""distance"":5,""physical_error_rate"":0.0002}","{""detection_events"":72919,""detectors_checked"":88080384}"
   1889981,         0,         0,    81.5,standalone_exact_mw,000a12f67b6d2f9febee6f900216609acb0c5281b533fe6e35129362572a0912,"{""distance"":5,""physical_error_rate"":0.0002}","{""detection_events"":347189,""detectors_checked"":423355744}"
   1584128,         0,         0,    36.6,standalone_exact_mw,000a12f67b6d2f9febee6f900216609acb0c5281b533fe6e35129362572a0912,"{""distance"":5,""physical_error_rate"":0.0002}","{""detection_events"":292795,""detectors_checked"":354844672}"
   1536622,         1,         0,    23.0,standalone_exact_mw,000a12f67b6d2f9febee6f900216609acb0c5281b533fe6e35129362572a0912,"{""distance"":5,""physical_error_rate"":0.0002}","{""detection_events"":282797,""detectors_checked"":344203328,""obs_mistake_mask=E"":1}"
   1471607,         1,         0,    24.6,standalone_exact_mw,000a12f67b6d2f9febee6f900216609acb0c5281b533fe6e35129362572a0912,"{""distance"":5,""physical_error_rate"":0.0002}","{""detection_events"":270510,""detectors_checked"":329639968,""obs_mistake_mask=E"":1}"
   1442816,         0,         0,    41.6,standalone_exact_mw,000a12f67b6d2f9febee6f900216609acb0c5281b533fe6e35129362572a0912,"{""distance"":5,""physical_error_rate"":0.0002}","{""detection_events"":265041,""detectors_checked"":323190784}"
   1440948,         0,         0,    20.8,standalone_exact_mw,000a12f67b6d2f9febee6f900216609acb0c5281b533fe6e35129362572a0912,"{""distance"":5,""physical_error_rate"":0.0002}","{""detection_events"":266248,""detectors_checked"":322772352}"
   1385472,         0,         0,    19.1,standalone_exact_mw,000a12f67b6d2f9febee6f900216609acb0c5281b533fe6e35129362572a0912,"{""distance"":5,""physical_error_rate"":0.0002}","{""detection_events"":254385,""detectors_checked"":310345728}"
   1395712,         0,         0,    19.6,standalone_exact_mw,000a12f67b6d2f9febee6f900216609acb0c5281b533fe6e35129362572a0912,"{""distance"":5,""physical_error_rate"":0.0002}","{""detection_events"":256152,""detectors_checked"":312639488}"
   1409024,         0,         0,    46.4,standalone_exact_mw,000a12f67b6d2f9febee6f900216609acb0c5281b533fe6e35129362572a0912,"{""distance"":5,""physical_error_rate"":0.0002}","{""detection_events"":258236,""detectors_checked"":315621376}"
   1380870,         0,         0,    19.5,standalone_exact_mw,000a12f67b6d2f9febee6f900216609acb0c5281b533fe6e35129362572a0912,"{""distance"":5,""physical_error_rate"":0.0002}","{""detection_events"":253655,""detectors_checked"":309314880}"
   1264806,         1,         0,    17.2,standalone_exact_mw,000a12f67b6d2f9febee6f900216609acb0c5281b533fe6e35129362572a0912,"{""distance"":5,""physical_error_rate"":0.0002}","{""detection_events"":233411,""detectors_checked"":283316544,""obs_mistake_mask=E"":1}"
   1375232,         0,         0,    74.6,standalone_exact_mw,000a12f67b6d2f9febee6f900216609acb0c5281b533fe6e35129362572a0912,"{""distance"":5,""physical_error_rate"":0.0002}","{""detection_events"":252245,""detectors_checked"":308051968}"
   1238456,         1,         0,    21.7,standalone_exact_mw,000a12f67b6d2f9febee6f900216609acb0c5281b533fe6e35129362572a0912,"{""distance"":5,""physical_error_rate"":0.0002}","{""detection_events"":227840,""detectors_checked"":277414144,""obs_mistake_mask=E"":1}"
   1192960,         0,         0,    20.5,standalone_exact_mw,000a12f67b6d2f9febee6f900216609acb0c5281b533fe6e35129362572a0912,"{""distance"":5,""physical_error_rate"":0.0002}","{""detection_events"":220467,""detectors_checked"":267223040}"
   1225728,         0,         0,    16.6,standalone_exact_mw,000a12f67b6d2f9febee6f900216609acb0c5281b533fe6e35129362572a0912,"{""distance"":5,""physical_error_rate"":0.0002}","{""detection_events"":225536,""detectors_checked"":274563072}"
   1216512,         0,         0,    17.2,standalone_exact_mw,000a12f67b6d2f9febee6f900216609acb0c5281b533fe6e35129362572a0912,"{""distance"":5,""physical_error_rate"":0.0002}","{""detection_events"":224482,""detectors_checked"":272498688}"
   1198080,         1,         0,    17.6,standalone_exact_mw,000a12f67b6d2f9febee6f900216609acb0c5281b533fe6e35129362572a0912,"{""distance"":5,""physical_error_rate"":0.0002}","{""detection_events"":219572,""detectors_checked"":268369920,""obs_mistake_mask=E"":1}"
   1199104,         0,         0,    16.4,standalone_exact_mw,000a12f67b6d2f9febee6f900216609acb0c5281b533fe6e35129362572a0912,"{""distance"":5,""physical_error_rate"":0.0002}","{""detection_events"":218847,""detectors_checked"":268599296}"
   1184004,         0,         0,    16.7,standalone_exact_mw,000a12f67b6d2f9febee6f900216609acb0c5281b533fe6e35129362572a0912,"{""distance"":5,""physical_error_rate"":0.0002}","{""detection_events"":218468,""detectors_checked"":265216896}"
   1043456,         1,         0,    16.6,standalone_exact_mw,000a12f67b6d2f9febee6f900216609acb0c5281b533fe6e35129362572a0912,"{""distance"":5,""physical_error_rate"":0.0002}","{""detection_events"":191200,""detectors_checked"":233734144,""obs_mistake_mask=E"":1}"
   1162240,         0,         0,    20.4,standalone_exact_mw,000a12f67b6d2f9febee6f900216609acb0c5281b533fe6e35129362572a0912,"{""distance"":5,""physical_error_rate"":0.0002}","{""detection_events"":213109,""detectors_checked"":260341760}"
   1131520,         1,         0,    17.3,standalone_exact_mw,000a12f67b6d2f9febee6f900216609acb0c5281b533fe6e35129362572a0912,"{""distance"":5,""physical_error_rate"":0.0002}","{""detection_events"":207951,""detectors_checked"":253460480,""obs_mistake_mask=E"":1}"
   1033662,         1,         0,    14.7,standalone_exact_mw,000a12f67b6d2f9febee6f900216609acb0c5281b533fe6e35129362572a0912,"{""distance"":5,""physical_error_rate"":0.0002}","{""detection_events"":190257,""detectors_checked"":231540288,""obs_mistake_mask=E"":1}"
   1026048,         1,         0,    14.7,standalone_exact_mw,000a12f67b6d2f9febee6f900216609acb0c5281b533fe6e35129362572a0912,"{""distance"":5,""physical_error_rate"":0.0002}","{""detection_events"":189737,""detectors_checked"":229834752,""obs_mistake_mask=E"":1}"
    945152,         0,         0,    17.0,standalone_exact_mw,000a12f67b6d2f9febee6f900216609acb0c5281b533fe6e35129362572a0912,"{""distance"":5,""physical_error_rate"":0.0002}","{""detection_events"":174605,""detectors_checked"":211714048}"
   1050624,         0,         0,    75.0,standalone_exact_mw,000a12f67b6d2f9febee6f900216609acb0c5281b533fe6e35129362572a0912,"{""distance"":5,""physical_error_rate"":0.0002}","{""detection_events"":194459,""detectors_checked"":235339776}"
    942602,         1,         0,    14.7,standalone_exact_mw,000a12f67b6d2f9febee6f900216609acb0c5281b533fe6e35129362572a0912,"{""distance"":5,""physical_error_rate"":0.0002}","{""detection_events"":173795,""detectors_checked"":211142848,""obs_mistake_mask=E"":1}"
    929792,         0,         0,    36.4,standalone_exact_mw,000a12f67b6d2f9febee6f900216609acb0c5281b533fe6e35129362572a0912,"{""distance"":5,""physical_error_rate"":0.0002}","{""detection_events"":170842,""detectors_checked"":208273408}"
   1173504,         0,         0,    98.3,standalone_exact_mw,000a12f67b6d2f9febee6f900216609acb0c5281b533fe6e35129362572a0912,"{""distance"":5,""physical_error_rate"":0.0002}","{""detection_events"":214239,""detectors_checked"":262864896}"
    860010,         1,         0,    17.4,standalone_exact_mw,000a12f67b6d2f9febee6f900216609acb0c5281b533fe6e35129362572a0912,"{""distance"":5,""physical_error_rate"":0.0002}","{""detection_events"":157725,""detectors_checked"":192642240,""obs_mistake_mask=E"":1}"
    857088,         0,         0,    21.7,standalone_exact_mw,000a12f67b6d2f9febee6f900216609acb0c5281b533fe6e35129362572a0912,"{""distance"":5,""physical_error_rate"":0.0002}","{""detection_events"":156072,""detectors_checked"":191987712}"
    798275,         0,         0,    13.0,standalone_exact_mw,000a12f67b6d2f9febee6f900216609acb0c5281b533fe6e35129362572a0912,"{""distance"":5,""physical_error_rate"":0.0002}","{""detection_events"":146956,""detectors_checked"":178813600}"
    763788,         1,         0,    19.6,standalone_exact_mw,000a12f67b6d2f9febee6f900216609acb0c5281b533fe6e35129362572a0912,"{""distance"":5,""physical_error_rate"":0.0002}","{""detection_events"":139998,""detectors_checked"":171088512,""obs_mistake_mask=E"":1}"
    747876,         0,         0,    19.7,standalone_exact_mw,000a12f67b6d2f9febee6f900216609acb0c5281b533fe6e35129362572a0912,"{""distance"":5,""physical_error_rate"":0.0002}","{""detection_events"":138187,""detectors_checked"":167524224}"
    732295,         0,         0,    10.0,standalone_exact_mw,000a12f67b6d2f9febee6f900216609acb0c5281b533fe6e35129362572a0912,"{""distance"":5,""physical_error_rate"":0.0002}","{""detection_events"":134251,""detectors_checked"":164034080}"
    727040,         1,         0,    9.92,standalone_exact_mw,000a12f67b6d2f9febee6f900216609acb0c5281b533fe6e35129362572a0912,"{""distance"":5,""physical_error_rate"":0.0002}","{""detection_events"":133705,""detectors_checked"":162856960,""obs_mistake_mask=E"":1}"
    717039,         0,         0,    10.6,standalone_exact_mw,000a12f67b6d2f9febee6f900216609acb0c5281b533fe6e35129362572a0912,"{""distance"":5,""physical_error_rate"":0.0002}","{""detection_events"":132378,""detectors_checked"":160616736}"
    704512,         1,         0,    9.62,standalone_exact_mw,000a12f67b6d2f9febee6f900216609acb0c5281b533fe6e35129362572a0912,"{""distance"":5,""physical_error_rate"":0.0002}","{""detection_events"":129008,""detectors_checked"":157810688,""obs_mistake_mask=E"":1}"
    716800,         0,         0,    10.5,standalone_exact_mw,000a12f67b6d2f9febee6f900216609acb0c5281b533fe6e35129362572a0912,"{""distance"":5,""physical_error_rate"":0.0002}","{""detection_events"":131184,""detectors_checked"":160563200}"
    688128,         0,         0,    9.55,standalone_exact_mw,000a12f67b6d2f9febee6f900216609acb0c5281b533fe6e35129362572a0912,"{""distance"":5,""physical_error_rate"":0.0002}","{""detection_events"":126383,""detectors_checked"":154140672}"
    711680,         1,         0,    9.52,standalone_exact_mw,000a12f67b6d2f9febee6f900216609acb0c5281b533fe6e35129362572a0912,"{""distance"":5,""physical_error_rate"":0.0002}","{""detection_events"":129458,""detectors_checked"":159416320,""obs_mistake_mask=E"":1}"
    711680,         0,         0,    9.56,standalone_exact_mw,000a12f67b6d2f9febee6f900216609acb0c5281b533fe6e35129362572a0912,"{""distance"":5,""physical_error_rate"":0.0002}","{""detection_events"":130611,""detectors_checked"":159416320}"
    706560,         0,         0,    9.55,standalone_exact_mw,000a12f67b6d2f9febee6f900216609acb0c5281b533fe6e35129362572a0912,"{""distance"":5,""physical_error_rate"":0.0002}","{""detection_events"":128496,""detectors_checked"":158269440}"
    686954,         0,         0,    9.62,standalone_exact_mw,000a12f67b6d2f9febee6f900216609acb0c5281b533fe6e35129362572a0912,"{""distance"":5,""physical_error_rate"":0.0002}","{""detection_events"":126407,""detectors_checked"":153877696}"
    686954,         0,         0,    9.35,standalone_exact_mw,000a12f67b6d2f9febee6f900216609acb0c5281b533fe6e35129362572a0912,"{""distance"":5,""physical_error_rate"":0.0002}","{""detection_events"":126602,""detectors_checked"":153877696}"
    686954,         0,         0,    14.0,standalone_exact_mw,000a12f67b6d2f9febee6f900216609acb0c5281b533fe6e35129362572a0912,"{""distance"":5,""physical_error_rate"":0.0002}","{""detection_events"":127391,""detectors_checked"":153877696}"
    586752,         0,         0,    7.66,standalone_exact_mw,000a12f67b6d2f9febee6f900216609acb0c5281b533fe6e35129362572a0912,"{""distance"":5,""physical_error_rate"":0.0002}","{""detection_events"":107667,""detectors_checked"":131432448}"
    643072,         0,         0,    9.46,standalone_exact_mw,000a12f67b6d2f9febee6f900216609acb0c5281b533fe6e35129362572a0912,"{""distance"":5,""physical_error_rate"":0.0002}","{""detection_events"":118510,""detectors_checked"":144048128}"
    659456,         0,         0,    9.33,standalone_exact_mw,000a12f67b6d2f9febee6f900216609acb0c5281b533fe6e35129362572a0912,"{""distance"":5,""physical_error_rate"":0.0002}","{""detection_events"":121625,""detectors_checked"":147718144}"
    672768,         1,         0,    9.53,standalone_exact_mw,000a12f67b6d2f9febee6f900216609acb0c5281b533fe6e35129362572a0912,"{""distance"":5,""physical_error_rate"":0.0002}","{""detection_events"":123959,""detectors_checked"":150700032,""obs_mistake_mask=E"":1}"
    602112,         0,         0,    8.78,standalone_exact_mw,000a12f67b6d2f9febee6f900216609acb0c5281b533fe6e35129362572a0912,"{""distance"":5,""physical_error_rate"":0.0002}","{""detection_events"":110222,""detectors_checked"":134873088}"
    587776,         1,         0,    22.9,standalone_exact_mw,000a12f67b6d2f9febee6f900216609acb0c5281b533fe6e35129362572a0912,"{""distance"":5,""physical_error_rate"":0.0002}","{""detection_events"":107371,""detectors_checked"":131661824,""obs_mistake_mask=E"":1}"
    595968,         0,         0,    9.47,standalone_exact_mw,000a12f67b6d2f9febee6f900216609acb0c5281b533fe6e35129362572a0912,"{""distance"":5,""physical_error_rate"":0.0002}","{""detection_events"":110333,""detectors_checked"":133496832}"
    620544,         0,         0,    21.9,standalone_exact_mw,000a12f67b6d2f9febee6f900216609acb0c5281b533fe6e35129362572a0912,"{""distance"":5,""physical_error_rate"":0.0002}","{""detection_events"":113037,""detectors_checked"":139001856}"
    679936,         0,         0,    9.47,standalone_exact_mw,000a12f67b6d2f9febee6f900216609acb0c5281b533fe6e35129362572a0912,"{""distance"":5,""physical_error_rate"":0.0002}","{""detection_events"":124741,""detectors_checked"":152305664}"
    608256,         2,         0,    20.7,standalone_exact_mw,000a12f67b6d2f9febee6f900216609acb0c5281b533fe6e35129362572a0912,"{""distance"":5,""physical_error_rate"":0.0002}","{""detection_events"":112959,""detectors_checked"":136249344,""obs_mistake_mask=E"":2}"
    604160,         1,         0,    12.2,standalone_exact_mw,000a12f67b6d2f9febee6f900216609acb0c5281b533fe6e35129362572a0912,"{""distance"":5,""physical_error_rate"":0.0002}","{""detection_events"":110339,""detectors_checked"":135331840,""obs_mistake_mask=E"":1}"
    677888,         0,         0,    22.1,standalone_exact_mw,000a12f67b6d2f9febee6f900216609acb0c5281b533fe6e35129362572a0912,"{""distance"":5,""physical_error_rate"":0.0002}","{""detection_events"":124777,""detectors_checked"":151846912}"
    630784,         0,         0,    83.2,standalone_exact_mw,000a12f67b6d2f9febee6f900216609acb0c5281b533fe6e35129362572a0912,"{""distance"":5,""physical_error_rate"":0.0002}","{""detection_events"":116988,""detectors_checked"":141295616}"
    584322,         0,         0,    11.4,standalone_exact_mw,000a12f67b6d2f9febee6f900216609acb0c5281b533fe6e35129362572a0912,"{""distance"":5,""physical_error_rate"":0.0002}","{""detection_events"":108562,""detectors_checked"":130888128}"
    468992,         0,         0,    7.42,standalone_exact_mw,000a12f67b6d2f9febee6f900216609acb0c5281b533fe6e35129362572a0912,"{""distance"":5,""physical_error_rate"":0.0002}","{""detection_events"":86194,""detectors_checked"":105054208}"
    410624,         1,         0,    26.9,standalone_exact_mw,000a12f67b6d2f9febee6f900216609acb0c5281b533fe6e35129362572a0912,"{""distance"":5,""physical_error_rate"":0.0002}","{""detection_events"":75406,""detectors_checked"":91979776,""obs_mistake_mask=E"":1}"
    425984,         0,         0,    12.3,standalone_exact_mw,000a12f67b6d2f9febee6f900216609acb0c5281b533fe6e35129362572a0912,"{""distance"":5,""physical_error_rate"":0.0002}","{""detection_events"":78576,""detectors_checked"":95420416}"
    424960,         0,         0,    21.9,standalone_exact_mw,000a12f67b6d2f9febee6f900216609acb0c5281b533fe6e35129362572a0912,"{""distance"":5,""physical_error_rate"":0.0002}","{""detection_events"":78539,""detectors_checked"":95191040}"
    565248,         0,         0,    9.93,standalone_exact_mw,000a12f67b6d2f9febee6f900216609acb0c5281b533fe6e35129362572a0912,"{""distance"":5,""physical_error_rate"":0.0002}","{""detection_events"":104427,""detectors_checked"":126615552}"
    581632,         0,         0,    9.90,standalone_exact_mw,000a12f67b6d2f9febee6f900216609acb0c5281b533fe6e35129362572a0912,"{""distance"":5,""physical_error_rate"":0.0002}","{""detection_events"":107347,""detectors_checked"":130285568}"
    510976,         1,         0,    59.2,standalone_exact_mw,000a12f67b6d2f9febee6f900216609acb0c5281b533fe6e35129362572a0912,"{""distance"":5,""physical_error_rate"":0.0002}","{""detection_events"":93573,""detectors_checked"":114458624,""obs_mistake_mask=E"":1}"
    519168,         0,         0,    22.2,standalone_exact_mw,000a12f67b6d2f9febee6f900216609acb0c5281b533fe6e35129362572a0912,"{""distance"":5,""physical_error_rate"":0.0002}","{""detection_events"":95997,""detectors_checked"":116293632}"
    373328,         0,         0,    23.2,standalone_exact_mw,000a12f67b6d2f9febee6f900216609acb0c5281b533fe6e35129362572a0912,"{""distance"":5,""physical_error_rate"":0.0002}","{""detection_events"":68919,""detectors_checked"":83625472}"
    316416,         0,         0,    23.2,standalone_exact_mw,000a12f67b6d2f9febee6f900216609acb0c5281b533fe6e35129362572a0912,"{""distance"":5,""physical_error_rate"":0.0002}","{""detection_events"":58328,""detectors_checked"":70877184}"
    297984,         0,         0,    23.2,standalone_exact_mw,000a12f67b6d2f9febee6f900216609acb0c5281b533fe6e35129362572a0912,"{""distance"":5,""physical_error_rate"":0.0002}","{""detection_events"":54322,""detectors_checked"":66748416}"
    290816,         0,         0,    11.0,standalone_exact_mw,000a12f67b6d2f9febee6f900216609acb0c5281b533fe6e35129362572a0912,"{""distance"":5,""physical_error_rate"":0.0002}","{""detection_events"":53765,""detectors_checked"":65142784}"
    340992,         1,         0,    11.0,standalone_exact_mw,000a12f67b6d2f9febee6f900216609acb0c5281b533fe6e35129362572a0912,"{""distance"":5,""physical_error_rate"":0.0002}","{""detection_events"":62063,""detectors_checked"":76382208,""obs_mistake_mask=E"":1}"
    219450,         0,         0,    3.15,standalone_exact_mw,000a12f67b6d2f9febee6f900216609acb0c5281b533fe6e35129362572a0912,"{""distance"":5,""physical_error_rate"":0.0002}","{""detection_events"":40435,""detectors_checked"":49156800}"
    253608,         0,         0,    3.71,standalone_exact_mw,000a12f67b6d2f9febee6f900216609acb0c5281b533fe6e35129362572a0912,"{""distance"":5,""physical_error_rate"":0.0002}","{""detection_events"":47428,""detectors_checked"":56808192}"
    248325,         0,         0,    24.9,standalone_exact_mw,000a12f67b6d2f9febee6f900216609acb0c5281b533fe6e35129362572a0912,"{""distance"":5,""physical_error_rate"":0.0002}","{""detection_events"":45449,""detectors_checked"":55624800}"
    248325,         1,         0,    12.9,standalone_exact_mw,000a12f67b6d2f9febee6f900216609acb0c5281b533fe6e35129362572a0912,"{""distance"":5,""physical_error_rate"":0.0002}","{""detection_events"":45577,""detectors_checked"":55624800,""obs_mistake_mask=E"":1}"
    243151,         0,         0,    3.58,standalone_exact_mw,000a12f67b6d2f9febee6f900216609acb0c5281b533fe6e35129362572a0912,"{""distance"":5,""physical_error_rate"":0.0002}","{""detection_events"":44809,""detectors_checked"":54465824}"
    232912,         0,         0,    5.77,standalone_exact_mw,000a12f67b6d2f9febee6f900216609acb0c5281b533fe6e35129362572a0912,"{""distance"":5,""physical_error_rate"":0.0002}","{""detection_events"":42182,""detectors_checked"":52172288}"
    228060,         0,         0,    25.3,standalone_exact_mw,000a12f67b6d2f9febee6f900216609acb0c5281b533fe6e35129362572a0912,"{""distance"":5,""physical_error_rate"":0.0002}","{""detection_events"":42247,""detectors_checked"":51085440}"
    223309,         0,         0,    3.87,standalone_exact_mw,000a12f67b6d2f9febee6f900216609acb0c5281b533fe6e35129362572a0912,"{""distance"":5,""physical_error_rate"":0.0002}","{""detection_events"":41172,""detectors_checked"":50021216}"
    218656,         0,         0,    12.6,standalone_exact_mw,000a12f67b6d2f9febee6f900216609acb0c5281b533fe6e35129362572a0912,"{""distance"":5,""physical_error_rate"":0.0002}","{""detection_events"":40465,""detectors_checked"":48978944}"
    214101,         0,         0,    4.09,standalone_exact_mw,000a12f67b6d2f9febee6f900216609acb0c5281b533fe6e35129362572a0912,"{""distance"":5,""physical_error_rate"":0.0002}","{""detection_events"":39448,""detectors_checked"":47958624}"
    214016,         0,         0,    14.2,standalone_exact_mw,000a12f67b6d2f9febee6f900216609acb0c5281b533fe6e35129362572a0912,"{""distance"":5,""physical_error_rate"":0.0002}","{""detection_events"":39452,""detectors_checked"":47939584}"
    210944,         0,         0,    3.61,standalone_exact_mw,000a12f67b6d2f9febee6f900216609acb0c5281b533fe6e35129362572a0912,"{""distance"":5,""physical_error_rate"":0.0002}","{""detection_events"":38836,""detectors_checked"":47251456}"
    214016,         1,         0,    25.9,standalone_exact_mw,000a12f67b6d2f9febee6f900216609acb0c5281b533fe6e35129362572a0912,"{""distance"":5,""physical_error_rate"":0.0002}","{""detection_events"":39149,""detectors_checked"":47939584,""obs_mistake_mask=E"":1}"
    209641,         0,         0,    4.07,standalone_exact_mw,000a12f67b6d2f9febee6f900216609acb0c5281b533fe6e35129362572a0912,"{""distance"":5,""physical_error_rate"":0.0002}","{""detection_events"":38204,""detectors_checked"":46959584}"
    208896,         0,         0,    4.33,standalone_exact_mw,000a12f67b6d2f9febee6f900216609acb0c5281b533fe6e35129362572a0912,"{""distance"":5,""physical_error_rate"":0.0002}","{""detection_events"":38489,""detectors_checked"":46792704}"
    201728,         0,         0,    4.09,standalone_exact_mw,000a12f67b6d2f9febee6f900216609acb0c5281b533fe6e35129362572a0912,"{""distance"":5,""physical_error_rate"":0.0002}","{""detection_events"":36713,""detectors_checked"":45187072}"
    198656,         1,         0,    3.66,standalone_exact_mw,000a12f67b6d2f9febee6f900216609acb0c5281b533fe6e35129362572a0912,"{""distance"":5,""physical_error_rate"":0.0002}","{""detection_events"":36450,""detectors_checked"":44498944,""obs_mistake_mask=E"":1}"
    200704,         0,         0,    25.8,standalone_exact_mw,000a12f67b6d2f9febee6f900216609acb0c5281b533fe6e35129362572a0912,"{""distance"":5,""physical_error_rate"":0.0002}","{""detection_events"":36954,""detectors_checked"":44957696}"
    201728,         0,         0,    4.12,standalone_exact_mw,000a12f67b6d2f9febee6f900216609acb0c5281b533fe6e35129362572a0912,"{""distance"":5,""physical_error_rate"":0.0002}","{""detection_events"":36825,""detectors_checked"":45187072}"
    204800,         0,         0,    4.21,standalone_exact_mw,000a12f67b6d2f9febee6f900216609acb0c5281b533fe6e35129362572a0912,"{""distance"":5,""physical_error_rate"":0.0002}","{""detection_events"":37578,""detectors_checked"":45875200}"
    206848,         0,         0,    3.63,standalone_exact_mw,000a12f67b6d2f9febee6f900216609acb0c5281b533fe6e35129362572a0912,"{""distance"":5,""physical_error_rate"":0.0002}","{""detection_events"":37788,""detectors_checked"":46333952}"
    206848,         0,         0,    4.13,standalone_exact_mw,000a12f67b6d2f9febee6f900216609acb0c5281b533fe6e35129362572a0912,"{""distance"":5,""physical_error_rate"":0.0002}","{""detection_events"":38395,""detectors_checked"":46333952}"
    191961,         1,         0,    14.9,standalone_exact_mw,000a12f67b6d2f9febee6f900216609acb0c5281b533fe6e35129362572a0912,"{""distance"":5,""physical_error_rate"":0.0002}","{""detection_events"":36170,""detectors_checked"":42999264,""obs_mistake_mask=E"":1}"
    168960,         0,         0,    3.69,standalone_exact_mw,000a12f67b6d2f9febee6f900216609acb0c5281b533fe6e35129362572a0912,"{""distance"":5,""physical_error_rate"":0.0002}","{""detection_events"":31467,""detectors_checked"":37847040}"
    169984,         0,         0,    4.23,standalone_exact_mw,000a12f67b6d2f9febee6f900216609acb0c5281b533fe6e35129362572a0912,"{""distance"":5,""physical_error_rate"":0.0002}","{""detection_events"":31224,""detectors_checked"":38076416}"
    168960,         0,         0,    4.20,standalone_exact_mw,000a12f67b6d2f9febee6f900216609acb0c5281b533fe6e35129362572a0912,"{""distance"":5,""physical_error_rate"":0.0002}","{""detection_events"":30886,""detectors_checked"":37847040}"
    165888,         0,         0,    4.16,standalone_exact_mw,000a12f67b6d2f9febee6f900216609acb0c5281b533fe6e35129362572a0912,"{""distance"":5,""physical_error_rate"":0.0002}","{""detection_events"":31118,""detectors_checked"":37158912}"
    191488,         0,         0,    4.22,standalone_exact_mw,000a12f67b6d2f9febee6f900216609acb0c5281b533fe6e35129362572a0912,"{""distance"":5,""physical_error_rate"":0.0002}","{""detection_events"":34975,""detectors_checked"":42893312}"
    184320,         0,         0,    4.22,standalone_exact_mw,000a12f67b6d2f9febee6f900216609acb0c5281b533fe6e35129362572a0912,"{""distance"":5,""physical_error_rate"":0.0002}","{""detection_events"":34029,""detectors_checked"":41287680}"
    162816,         0,         0,    4.18,standalone_exact_mw,000a12f67b6d2f9febee6f900216609acb0c5281b533fe6e35129362572a0912,"{""distance"":5,""physical_error_rate"":0.0002}","{""detection_events"":29843,""detectors_checked"":36470784}"
    167936,         0,         0,    4.22,standalone_exact_mw,000a12f67b6d2f9febee6f900216609acb0c5281b533fe6e35129362572a0912,"{""distance"":5,""physical_error_rate"":0.0002}","{""detection_events"":30818,""detectors_checked"":37617664}"
    183296,         0,         0,    4.19,standalone_exact_mw,000a12f67b6d2f9febee6f900216609acb0c5281b533fe6e35129362572a0912,"{""distance"":5,""physical_error_rate"":0.0002}","{""detection_events"":34047,""detectors_checked"":41058304}"
    166912,         0,         0,    4.21,standalone_exact_mw,000a12f67b6d2f9febee6f900216609acb0c5281b533fe6e35129362572a0912,"{""distance"":5,""physical_error_rate"":0.0002}","{""detection_events"":30823,""detectors_checked"":37388288}"
    177152,         0,         0,    4.52,standalone_exact_mw,000a12f67b6d2f9febee6f900216609acb0c5281b533fe6e35129362572a0912,"{""distance"":5,""physical_error_rate"":0.0002}","{""detection_events"":33039,""detectors_checked"":39682048}"
    162816,         0,         0,    4.19,standalone_exact_mw,000a12f67b6d2f9febee6f900216609acb0c5281b533fe6e35129362572a0912,"{""distance"":5,""physical_error_rate"":0.0002}","{""detection_events"":30158,""detectors_checked"":36470784}"
    168960,         0,         0,    4.15,standalone_exact_mw,000a12f67b6d2f9febee6f900216609acb0c5281b533fe6e35129362572a0912,"{""distance"":5,""physical_error_rate"":0.0002}","{""detection_events"":31069,""detectors_checked"":37847040}"
    165888,         0,         0,    4.15,standalone_exact_mw,000a12f67b6d2f9febee6f900216609acb0c5281b533fe6e35129362572a0912,"{""distance"":5,""physical_error_rate"":0.0002}","{""detection_events"":29754,""detectors_checked"":37158912}"
    153999,         0,         0,    3.83,standalone_exact_mw,000a12f67b6d2f9febee6f900216609acb0c5281b533fe6e35129362572a0912,"{""distance"":5,""physical_error_rate"":0.0002}","{""detection_events"":28689,""detectors_checked"":34495776}"
    108544,         0,         0,    4.25,standalone_exact_mw,000a12f67b6d2f9febee6f900216609acb0c5281b533fe6e35129362572a0912,"{""distance"":5,""physical_error_rate"":0.0002}","{""detection_events"":20268,""detectors_checked"":24313856}"
    150528,         0,         0,    3.79,standalone_exact_mw,000a12f67b6d2f9febee6f900216609acb0c5281b533fe6e35129362572a0912,"{""distance"":5,""physical_error_rate"":0.0002}","{""detection_events"":27694,""detectors_checked"":33718272}"
    104448,         0,         0,    2.68,standalone_exact_mw,000a12f67b6d2f9febee6f900216609acb0c5281b533fe6e35129362572a0912,"{""distance"":5,""physical_error_rate"":0.0002}","{""detection_events"":19295,""detectors_checked"":23396352}"
    152576,         0,         0,    3.82,standalone_exact_mw,000a12f67b6d2f9febee6f900216609acb0c5281b533fe6e35129362572a0912,"{""distance"":5,""physical_error_rate"":0.0002}","{""detection_events"":27851,""detectors_checked"":34177024}"
    103424,         0,         0,    2.61,standalone_exact_mw,000a12f67b6d2f9febee6f900216609acb0c5281b533fe6e35129362572a0912,"{""distance"":5,""physical_error_rate"":0.0002}","{""detection_events"":18837,""detectors_checked"":23166976}"
    102400,         0,         0,    2.60,standalone_exact_mw,000a12f67b6d2f9febee6f900216609acb0c5281b533fe6e35129362572a0912,"{""distance"":5,""physical_error_rate"":0.0002}","{""detection_events"":18975,""detectors_checked"":22937600}"
    107520,         0,         0,    2.61,standalone_exact_mw,000a12f67b6d2f9febee6f900216609acb0c5281b533fe6e35129362572a0912,"{""distance"":5,""physical_error_rate"":0.0002}","{""detection_events"":19890,""detectors_checked"":24084480}"
    100679,         0,         0,    4.06,standalone_exact_mw,000a12f67b6d2f9febee6f900216609acb0c5281b533fe6e35129362572a0912,"{""distance"":5,""physical_error_rate"":0.0002}","{""detection_events"":18802,""detectors_checked"":22552096}"
    100679,         0,         0,    2.90,standalone_exact_mw,000a12f67b6d2f9febee6f900216609acb0c5281b533fe6e35129362572a0912,"{""distance"":5,""physical_error_rate"":0.0002}","{""detection_events"":18347,""detectors_checked"":22552096}"
     91136,         0,         0,    4.13,standalone_exact_mw,000a12f67b6d2f9febee6f900216609acb0c5281b533fe6e35129362572a0912,"{""distance"":5,""physical_error_rate"":0.0002}","{""detection_events"":16274,""detectors_checked"":20414464}"
     81301,         0,         0,    1.60,standalone_exact_mw,000a12f67b6d2f9febee6f900216609acb0c5281b533fe6e35129362572a0912,"{""distance"":5,""physical_error_rate"":0.0002}","{""detection_events"":14669,""detectors_checked"":18211424}"
     75611,         0,         0,    1.31,standalone_exact_mw,000a12f67b6d2f9febee6f900216609acb0c5281b533fe6e35129362572a0912,"{""distance"":5,""physical_error_rate"":0.0002}","{""detection_events"":13923,""detectors_checked"":16936864}"
     74036,         0,         0,    1.73,standalone_exact_mw,000a12f67b6d2f9febee6f900216609acb0c5281b533fe6e35129362572a0912,"{""distance"":5,""physical_error_rate"":0.0002}","{""detection_events"":13424,""detectors_checked"":16584064}"
     72494,         0,         0,   0.984,standalone_exact_mw,000a12f67b6d2f9febee6f900216609acb0c5281b533fe6e35129362572a0912,"{""distance"":5,""physical_error_rate"":0.0002}","{""detection_events"":13050,""detectors_checked"":16238656}"
     70984,         0,         0,    1.10,standalone_exact_mw,000a12f67b6d2f9febee6f900216609acb0c5281b533fe6e35129362572a0912,"{""distance"":5,""physical_error_rate"":0.0002}","{""detection_events"":13238,""detectors_checked"":15900416}"
     70984,         0,         0,    1.18,standalone_exact_mw,000a12f67b6d2f9febee6f900216609acb0c5281b533fe6e35129362572a0912,"{""distance"":5,""physical_error_rate"":0.0002}","{""detection_events"":13126,""detectors_checked"":15900416}"
     69632,         0,         0,    1.21,standalone_exact_mw,000a12f67b6d2f9febee6f900216609acb0c5281b533fe6e35129362572a0912,"{""distance"":5,""physical_error_rate"":0.0002}","{""detection_events"":12718,""detectors_checked"":15597568}"
     69505,         0,         0,    1.74,standalone_exact_mw,000a12f67b6d2f9febee6f900216609acb0c5281b533fe6e35129362572a0912,"{""distance"":5,""physical_error_rate"":0.0002}","{""detection_events"":12892,""detectors_checked"":15569120}"
     69505,         0,         0,    1.17,standalone_exact_mw,000a12f67b6d2f9febee6f900216609acb0c5281b533fe6e35129362572a0912,"{""distance"":5,""physical_error_rate"":0.0002}","{""detection_events"":12895,""detectors_checked"":15569120}"
     67584,         0,         0,    1.13,standalone_exact_mw,000a12f67b6d2f9febee6f900216609acb0c5281b533fe6e35129362572a0912,"{""distance"":5,""physical_error_rate"":0.0002}","{""detection_events"":12504,""detectors_checked"":15138816}"
     67584,         0,         0,    1.67,standalone_exact_mw,000a12f67b6d2f9febee6f900216609acb0c5281b533fe6e35129362572a0912,"{""distance"":5,""physical_error_rate"":0.0002}","{""detection_events"":12263,""detectors_checked"":15138816}"
     65536,         0,         0,    1.18,standalone_exact_mw,000a12f67b6d2f9febee6f900216609acb0c5281b533fe6e35129362572a0912,"{""distance"":5,""physical_error_rate"":0.0002}","{""detection_events"":11897,""detectors_checked"":14680064}"
     67584,         0,         0,    1.65,standalone_exact_mw,000a12f67b6d2f9febee6f900216609acb0c5281b533fe6e35129362572a0912,"{""distance"":5,""physical_error_rate"":0.0002}","{""detection_events"":12469,""detectors_checked"":15138816}"
     65127,         0,         0,    1.53,standalone_exact_mw,000a12f67b6d2f9febee6f900216609acb0c5281b533fe6e35129362572a0912,"{""distance"":5,""physical_error_rate"":0.0002}","{""detection_events"":12314,""detectors_checked"":14588448}"
     64512,         0,         0,    1.60,standalone_exact_mw,000a12f67b6d2f9febee6f900216609acb0c5281b533fe6e35129362572a0912,"{""distance"":5,""physical_error_rate"":0.0002}","{""detection_events"":11913,""detectors_checked"":14450688}"
     58368,         0,         0,    1.28,standalone_exact_mw,000a12f67b6d2f9febee6f900216609acb0c5281b533fe6e35129362572a0912,"{""distance"":5,""physical_error_rate"":0.0002}","{""detection_events"":10751,""detectors_checked"":13074432}"
     58368,         0,         0,    1.34,standalone_exact_mw,000a12f67b6d2f9febee6f900216609acb0c5281b533fe6e35129362572a0912,"{""distance"":5,""physical_error_rate"":0.0002}","{""detection_events"":10642,""detectors_checked"":13074432}"
     60416,         0,         0,    1.38,standalone_exact_mw,000a12f67b6d2f9febee6f900216609acb0c5281b533fe6e35129362572a0912,"{""distance"":5,""physical_error_rate"":0.0002}","{""detection_events"":11124,""detectors_checked"":13533184}"
     56733,         0,         0,    1.47,standalone_exact_mw,000a12f67b6d2f9febee6f900216609acb0c5281b533fe6e35129362572a0912,"{""distance"":5,""physical_error_rate"":0.0002}","{""detection_events"":10464,""detectors_checked"":12708192}"
     56733,         0,         0,    1.37,standalone_exact_mw,000a12f67b6d2f9febee6f900216609acb0c5281b533fe6e35129362572a0912,"{""distance"":5,""physical_error_rate"":0.0002}","{""detection_events"":10495,""detectors_checked"":12708192}"
     56733,         0,         0,    1.40,standalone_exact_mw,000a12f67b6d2f9febee6f900216609acb0c5281b533fe6e35129362572a0912,"{""distance"":5,""physical_error_rate"":0.0002}","{""detection_events"":10612,""detectors_checked"":12708192}"
     55296,         0,         0,    1.37,standalone_exact_mw,000a12f67b6d2f9febee6f900216609acb0c5281b533fe6e35129362572a0912,"{""distance"":5,""physical_error_rate"":0.0002}","{""detection_events"":9893,""detectors_checked"":12386304}"
     51200,         0,         0,    1.24,standalone_exact_mw,000a12f67b6d2f9febee6f900216609acb0c5281b533fe6e35129362572a0912,"{""distance"":5,""physical_error_rate"":0.0002}","{""detection_events"":9345,""detectors_checked"":11468800}"
     52224,         0,         0,    1.29,standalone_exact_mw,000a12f67b6d2f9febee6f900216609acb0c5281b533fe6e35129362572a0912,"{""distance"":5,""physical_error_rate"":0.0002}","{""detection_events"":9681,""detectors_checked"":11698176}"
     53248,         0,         0,    1.29,standalone_exact_mw,000a12f67b6d2f9febee6f900216609acb0c5281b533fe6e35129362572a0912,"{""distance"":5,""physical_error_rate"":0.0002}","{""detection_events"":9691,""detectors_checked"":11927552}"
     56320,         0,         0,    1.29,standalone_exact_mw,000a12f67b6d2f9febee6f900216609acb0c5281b533fe6e35129362572a0912,"{""distance"":5,""physical_error_rate"":0.0002}","{""detection_events"":10191,""detectors_checked"":12615680}"
     56320,         0,         0,    1.42,standalone_exact_mw,000a12f67b6d2f9febee6f900216609acb0c5281b533fe6e35129362572a0912,"{""distance"":5,""physical_error_rate"":0.0002}","{""detection_events"":10603,""detectors_checked"":12615680}"
     50516,         0,         0,    1.30,standalone_exact_mw,000a12f67b6d2f9febee6f900216609acb0c5281b533fe6e35129362572a0912,"{""distance"":5,""physical_error_rate"":0.0002}","{""detection_events"":9379,""detectors_checked"":11315584}"
     56320,         0,         0,    1.37,standalone_exact_mw,000a12f67b6d2f9febee6f900216609acb0c5281b533fe6e35129362572a0912,"{""distance"":5,""physical_error_rate"":0.0002}","{""detection_events"":10311,""detectors_checked"":12615680}"
     53248,         0,         0,    1.33,standalone_exact_mw,000a12f67b6d2f9febee6f900216609acb0c5281b533fe6e35129362572a0912,"{""distance"":5,""physical_error_rate"":0.0002}","{""detection_events"":9995,""detectors_checked"":11927552}"
     52224,         0,         0,    1.40,standalone_exact_mw,000a12f67b6d2f9febee6f900216609acb0c5281b533fe6e35129362572a0912,"{""distance"":5,""physical_error_rate"":0.0002}","{""detection_events"":9585,""detectors_checked"":11698176}"
     55296,         0,         0,    1.30,standalone_exact_mw,000a12f67b6d2f9febee6f900216609acb0c5281b533fe6e35129362572a0912,"{""distance"":5,""physical_error_rate"":0.0002}","{""detection_events"":10159,""detectors_checked"":12386304}"
     46080,         0,         0,    1.31,standalone_exact_mw,000a12f67b6d2f9febee6f900216609acb0c5281b533fe6e35129362572a0912,"{""distance"":5,""physical_error_rate"":0.0002}","{""detection_events"":8484,""detectors_checked"":10321920}"
     50516,         0,         0,    1.34,standalone_exact_mw,000a12f67b6d2f9febee6f900216609acb0c5281b533fe6e35129362572a0912,"{""distance"":5,""physical_error_rate"":0.0002}","{""detection_events"":8896,""detectors_checked"":11315584}"
     40337,         0,         0,    1.22,standalone_exact_mw,000a12f67b6d2f9febee6f900216609acb0c5281b533fe6e35129362572a0912,"{""distance"":5,""physical_error_rate"":0.0002}","{""detection_events"":7335,""detectors_checked"":9035488}"
     41984,         0,         0,    1.14,standalone_exact_mw,000a12f67b6d2f9febee6f900216609acb0c5281b533fe6e35129362572a0912,"{""distance"":5,""physical_error_rate"":0.0002}","{""detection_events"":7652,""detectors_checked"":9404416}"
     56320,         0,         0,    1.31,standalone_exact_mw,000a12f67b6d2f9febee6f900216609acb0c5281b533fe6e35129362572a0912,"{""distance"":5,""physical_error_rate"":0.0002}","{""detection_events"":10458,""detectors_checked"":12615680}"
     50176,         0,         0,    1.21,standalone_exact_mw,000a12f67b6d2f9febee6f900216609acb0c5281b533fe6e35129362572a0912,"{""distance"":5,""physical_error_rate"":0.0002}","{""detection_events"":9149,""detectors_checked"":11239424}"
     50176,         0,         0,    1.18,standalone_exact_mw,000a12f67b6d2f9febee6f900216609acb0c5281b533fe6e35129362572a0912,"{""distance"":5,""physical_error_rate"":0.0002}","{""detection_events"":8906,""detectors_checked"":11239424}"
     50176,         0,         0,    1.33,standalone_exact_mw,000a12f67b6d2f9febee6f900216609acb0c5281b533fe6e35129362572a0912,"{""distance"":5,""physical_error_rate"":0.0002}","{""detection_events"":9198,""detectors_checked"":11239424}"
     48128,         0,         0,    1.23,standalone_exact_mw,000a12f67b6d2f9febee6f900216609acb0c5281b533fe6e35129362572a0912,"{""distance"":5,""physical_error_rate"":0.0002}","{""detection_events"":8738,""detectors_checked"":10780672}"
     49334,         0,         0,    1.20,standalone_exact_mw,000a12f67b6d2f9febee6f900216609acb0c5281b533fe6e35129362572a0912,"{""distance"":5,""physical_error_rate"":0.0002}","{""detection_events"":9328,""detectors_checked"":11050816}"
     33792,         0,         0,   0.893,standalone_exact_mw,000a12f67b6d2f9febee6f900216609acb0c5281b533fe6e35129362572a0912,"{""distance"":5,""physical_error_rate"":0.0002}","{""detection_events"":6145,""detectors_checked"":7569408}"
     29696,         0,         0,   0.816,standalone_exact_mw,000a12f67b6d2f9febee6f900216609acb0c5281b533fe6e35129362572a0912,"{""distance"":5,""physical_error_rate"":0.0002}","{""detection_events"":5452,""detectors_checked"":6651904}"
     44032,         0,         0,    1.45,standalone_exact_mw,000a12f67b6d2f9febee6f900216609acb0c5281b533fe6e35129362572a0912,"{""distance"":5,""physical_error_rate"":0.0002}","{""detection_events"":8137,""detectors_checked"":9863168}"
     45056,         0,         0,    1.21,standalone_exact_mw,000a12f67b6d2f9febee6f900216609acb0c5281b533fe6e35129362572a0912,"{""distance"":5,""physical_error_rate"":0.0002}","{""detection_events"":8192,""detectors_checked"":10092544}"
     38912,         0,         0,   0.926,standalone_exact_mw,000a12f67b6d2f9febee6f900216609acb0c5281b533fe6e35129362572a0912,"{""distance"":5,""physical_error_rate"":0.0002}","{""detection_events"":6868,""detectors_checked"":8716288}"
     26624,         0,         0,   0.611,standalone_exact_mw,000a12f67b6d2f9febee6f900216609acb0c5281b533fe6e35129362572a0912,"{""distance"":5,""physical_error_rate"":0.0002}","{""detection_events"":4786,""detectors_checked"":5963776}"
     29696,         0,         0,   0.903,standalone_exact_mw,000a12f67b6d2f9febee6f900216609acb0c5281b533fe6e35129362572a0912,"{""distance"":5,""physical_error_rate"":0.0002}","{""detection_events"":5586,""detectors_checked"":6651904}"
     49152,         0,         0,    1.24,standalone_exact_mw,000a12f67b6d2f9febee6f900216609acb0c5281b533fe6e35129362572a0912,"{""distance"":5,""physical_error_rate"":0.0002}","{""detection_events"":8912,""detectors_checked"":11010048}"
     25748,         0,         0,   0.506,standalone_exact_mw,000a12f67b6d2f9febee6f900216609acb0c5281b533fe6e35129362572a0912,"{""distance"":5,""physical_error_rate"":0.0002}","{""detection_events"":4828,""detectors_checked"":5767552}"
     19024,         0,         0,   0.302,standalone_exact_mw,000a12f67b6d2f9febee6f900216609acb0c5281b533fe6e35129362572a0912,"{""distance"":5,""physical_error_rate"":0.0002}","{""detection_events"":3506,""detectors_checked"":4261376}"
     20480,         0,         0,   0.281,standalone_exact_mw,000a12f67b6d2f9febee6f900216609acb0c5281b533fe6e35129362572a0912,"{""distance"":5,""physical_error_rate"":0.0002}","{""detection_events"":3744,""detectors_checked"":4587520}"
     21504,         0,         0,   0.580,standalone_exact_mw,000a12f67b6d2f9febee6f900216609acb0c5281b533fe6e35129362572a0912,"{""distance"":5,""physical_error_rate"":0.0002}","{""detection_events"":3953,""detectors_checked"":4816896}"
     18628,         0,         0,   0.372,standalone_exact_mw,000a12f67b6d2f9febee6f900216609acb0c5281b533fe6e35129362572a0912,"{""distance"":5,""physical_error_rate"":0.0002}","{""detection_events"":3418,""detectors_checked"":4172672}"
     17365,         0,         0,   0.206,standalone_exact_mw,000a12f67b6d2f9febee6f900216609acb0c5281b533fe6e35129362572a0912,"{""distance"":5,""physical_error_rate"":0.0002}","{""detection_events"":3197,""detectors_checked"":3889760}"
     18432,         0,         0,   0.370,standalone_exact_mw,000a12f67b6d2f9febee6f900216609acb0c5281b533fe6e35129362572a0912,"{""distance"":5,""physical_error_rate"":0.0002}","{""detection_events"":3518,""detectors_checked"":4128768}"
     17365,         0,         0,   0.391,standalone_exact_mw,000a12f67b6d2f9febee6f900216609acb0c5281b533fe6e35129362572a0912,"{""distance"":5,""physical_error_rate"":0.0002}","{""detection_events"":3134,""detectors_checked"":3889760}"
     16384,         0,         0,   0.223,standalone_exact_mw,000a12f67b6d2f9febee6f900216609acb0c5281b533fe6e35129362572a0912,"{""distance"":5,""physical_error_rate"":0.0002}","{""detection_events"":2922,""detectors_checked"":3670016}"
     17004,         0,         0,   0.390,standalone_exact_mw,000a12f67b6d2f9febee6f900216609acb0c5281b533fe6e35129362572a0912,"{""distance"":5,""physical_error_rate"":0.0002}","{""detection_events"":3228,""detectors_checked"":3808896}"
     16384,         0,         0,   0.298,standalone_exact_mw,000a12f67b6d2f9febee6f900216609acb0c5281b533fe6e35129362572a0912,"{""distance"":5,""physical_error_rate"":0.0002}","{""detection_events"":3093,""detectors_checked"":3670016}"
     15562,         0,         0,   0.259,standalone_exact_mw,000a12f67b6d2f9febee6f900216609acb0c5281b533fe6e35129362572a0912,"{""distance"":5,""physical_error_rate"":0.0002}","{""detection_events"":2975,""detectors_checked"":3485888}"
     16384,         0,         0,   0.413,standalone_exact_mw,000a12f67b6d2f9febee6f900216609acb0c5281b533fe6e35129362572a0912,"{""distance"":5,""physical_error_rate"":0.0002}","{""detection_events"":3118,""detectors_checked"":3670016}"
     14897,         0,         0,   0.260,standalone_exact_mw,000a12f67b6d2f9febee6f900216609acb0c5281b533fe6e35129362572a0912,"{""distance"":5,""physical_error_rate"":0.0002}","{""detection_events"":2706,""detectors_checked"":3336928}"
     15360,         0,         0,   0.412,standalone_exact_mw,000a12f67b6d2f9febee6f900216609acb0c5281b533fe6e35129362572a0912,"{""distance"":5,""physical_error_rate"":0.0002}","{""detection_events"":2811,""detectors_checked"":3440640}"
     15360,         0,         0,   0.347,standalone_exact_mw,000a12f67b6d2f9febee6f900216609acb0c5281b533fe6e35129362572a0912,"{""distance"":5,""physical_error_rate"":0.0002}","{""detection_events"":2992,""detectors_checked"":3440640}"
     14245,         0,         0,   0.307,standalone_exact_mw,000a12f67b6d2f9febee6f900216609acb0c5281b533fe6e35129362572a0912,"{""distance"":5,""physical_error_rate"":0.0002}","{""detection_events"":2671,""detectors_checked"":3190880}"
     15360,         0,         0,   0.208,standalone_exact_mw,000a12f67b6d2f9febee6f900216609acb0c5281b533fe6e35129362572a0912,"{""distance"":5,""physical_error_rate"":0.0002}","{""detection_events"":2689,""detectors_checked"":3440640}"
     13312,         0,         0,   0.398,standalone_exact_mw,000a12f67b6d2f9febee6f900216609acb0c5281b533fe6e35129362572a0912,"{""distance"":5,""physical_error_rate"":0.0002}","{""detection_events"":2431,""detectors_checked"":2981888}"
     15360,         0,         0,   0.362,standalone_exact_mw,000a12f67b6d2f9febee6f900216609acb0c5281b533fe6e35129362572a0912,"{""distance"":5,""physical_error_rate"":0.0002}","{""detection_events"":2942,""detectors_checked"":3440640}"
     13312,         0,         0,   0.295,standalone_exact_mw,000a12f67b6d2f9febee6f900216609acb0c5281b533fe6e35129362572a0912,"{""distance"":5,""physical_error_rate"":0.0002}","{""detection_events"":2517,""detectors_checked"":2981888}"
     14336,         0,         0,   0.351,standalone_exact_mw,000a12f67b6d2f9febee6f900216609acb0c5281b533fe6e35129362572a0912,"{""distance"":5,""physical_error_rate"":0.0002}","{""detection_events"":2570,""detectors_checked"":3211264}"
     13312,         0,         0,   0.318,standalone_exact_mw,000a12f67b6d2f9febee6f900216609acb0c5281b533fe6e35129362572a0912,"{""distance"":5,""physical_error_rate"":0.0002}","{""detection_events"":2635,""detectors_checked"":2981888}"
     13312,         0,         0,   0.294,standalone_exact_mw,000a12f67b6d2f9febee6f900216609acb0c5281b533fe6e35129362572a0912,"{""distance"":5,""physical_error_rate"":0.0002}","{""detection_events"":2553,""detectors_checked"":2981888}"
     13308,         0,         0,   0.272,standalone_exact_mw,000a12f67b6d2f9febee6f900216609acb0c5281b533fe6e35129362572a0912,"{""distance"":5,""physical_error_rate"":0.0002}","{""detection_events"":2402,""detectors_checked"":2980992}"
     14245,         0,         0,   0.336,standalone_exact_mw,000a12f67b6d2f9febee6f900216609acb0c5281b533fe6e35129362572a0912,"{""distance"":5,""physical_error_rate"":0.0002}","{""detection_events"":2551,""detectors_checked"":3190880}"
     13312,         0,         0,   0.305,standalone_exact_mw,000a12f67b6d2f9febee6f900216609acb0c5281b533fe6e35129362572a0912,"{""distance"":5,""physical_error_rate"":0.0002}","{""detection_events"":2381,""detectors_checked"":2981888}"
     13308,         0,         0,   0.296,standalone_exact_mw,000a12f67b6d2f9febee6f900216609acb0c5281b533fe6e35129362572a0912,"{""distance"":5,""physical_error_rate"":0.0002}","{""detection_events"":2500,""detectors_checked"":2980992}"
     13312,         0,         0,   0.311,standalone_exact_mw,000a12f67b6d2f9febee6f900216609acb0c5281b533fe6e35129362572a0912,"{""distance"":5,""physical_error_rate"":0.0002}","{""detection_events"":2546,""detectors_checked"":2981888}"
     13312,         0,         0,   0.294,standalone_exact_mw,000a12f67b6d2f9febee6f900216609acb0c5281b533fe6e35129362572a0912,"{""distance"":5,""physical_error_rate"":0.0002}","{""detection_events"":2471,""detectors_checked"":2981888}"
     12288,         0,         0,   0.231,standalone_exact_mw,000a12f67b6d2f9febee6f900216609acb0c5281b533fe6e35129362572a0912,"{""distance"":5,""physical_error_rate"":0.0002}","{""detection_events"":2243,""detectors_checked"":2752512}"
     11264,         0,         0,   0.296,standalone_exact_mw,000a12f67b6d2f9febee6f900216609acb0c5281b533fe6e35129362572a0912,"{""distance"":5,""physical_error_rate"":0.0002}","{""detection_events"":2239,""detectors_checked"":2523136}"
     10983,         0,         0,   0.202,standalone_exact_mw,000a12f67b6d2f9febee6f900216609acb0c5281b533fe6e35129362572a0912,"{""distance"":5,""physical_error_rate"":0.0002}","{""detection_events"":1979,""detectors_checked"":2460192}"
     13308,         0,         0,   0.340,standalone_exact_mw,000a12f67b6d2f9febee6f900216609acb0c5281b533fe6e35129362572a0912,"{""distance"":5,""physical_error_rate"":0.0002}","{""detection_events"":2586,""detectors_checked"":2980992}"
     10240,         0,         0,   0.198,standalone_exact_mw,000a12f67b6d2f9febee6f900216609acb0c5281b533fe6e35129362572a0912,"{""distance"":5,""physical_error_rate"":0.0002}","{""detection_events"":1817,""detectors_checked"":2293760}"
     12288,         0,         0,   0.354,standalone_exact_mw,000a12f67b6d2f9febee6f900216609acb0c5281b533fe6e35129362572a0912,"{""distance"":5,""physical_error_rate"":0.0002}","{""detection_events"":2345,""detectors_checked"":2752512}"
     13308,         0,         0,   0.349,standalone_exact_mw,000a12f67b6d2f9febee6f900216609acb0c5281b533fe6e35129362572a0912,"{""distance"":5,""physical_error_rate"":0.0002}","{""detection_events"":2444,""detectors_checked"":2980992}"
     11264,         0,         0,   0.272,standalone_exact_mw,000a12f67b6d2f9febee6f900216609acb0c5281b533fe6e35129362572a0912,"{""distance"":5,""physical_error_rate"":0.0002}","{""detection_events"":2173,""detectors_checked"":2523136}"
     12288,         0,         0,   0.336,standalone_exact_mw,000a12f67b6d2f9febee6f900216609acb0c5281b533fe6e35129362572a0912,"{""distance"":5,""physical_error_rate"":0.0002}","{""detection_events"":2414,""detectors_checked"":2752512}"
     12288,         0,         0,   0.254,standalone_exact_mw,000a12f67b6d2f9febee6f900216609acb0c5281b533fe6e35129362572a0912,"{""distance"":5,""physical_error_rate"":0.0002}","{""detection_events"":2217,""detectors_checked"":2752512}"
     13308,         0,         0,   0.313,standalone_exact_mw,000a12f67b6d2f9febee6f900216609acb0c5281b533fe6e35129362572a0912,"{""distance"":5,""physical_error_rate"":0.0002}","{""detection_events"":2448,""detectors_checked"":2980992}"
      9216,         0,         0,   0.215,standalone_exact_mw,000a12f67b6d2f9febee6f900216609acb0c5281b533fe6e35129362572a0912,"{""distance"":5,""physical_error_rate"":0.0002}","{""detection_events"":1690,""detectors_checked"":2064384}"
      8192,         0,         0,   0.117,standalone_exact_mw,000a12f67b6d2f9febee6f900216609acb0c5281b533fe6e35129362572a0912,"{""distance"":5,""physical_error_rate"":0.0002}","{""detection_events"":1516,""detectors_checked"":1835008}"
     13308,         0,         0,   0.293,standalone_exact_mw,000a12f67b6d2f9febee6f900216609acb0c5281b533fe6e35129362572a0912,"{""distance"":5,""physical_error_rate"":0.0002}","{""detection_events"":2315,""detectors_checked"":2980992}"
     13308,         0,         0,   0.315,standalone_exact_mw,000a12f67b6d2f9febee6f900216609acb0c5281b533fe6e35129362572a0912,"{""distance"":5,""physical_error_rate"":0.0002}","{""detection_events"":2328,""detectors_checked"":2980992}"
     13308,         0,         0,   0.323,standalone_exact_mw,000a12f67b6d2f9febee6f900216609acb0c5281b533fe6e35129362572a0912,"{""distance"":5,""physical_error_rate"":0.0002}","{""detection_events"":2480,""detectors_checked"":2980992}"
     11264,         0,         0,   0.299,standalone_exact_mw,000a12f67b6d2f9febee6f900216609acb0c5281b533fe6e35129362572a0912,"{""distance"":5,""physical_error_rate"":0.0002}","{""detection_events"":2250,""detectors_checked"":2523136}"
      2254,         0,         0,   0.031,standalone_exact_mw,000a12f67b6d2f9febee6f900216609acb0c5281b533fe6e35129362572a0912,"{""distance"":5,""physical_error_rate"":0.0002}","{""detection_events"":433,""detectors_checked"":504896}"
     10240,         0,         0,   0.285,standalone_exact_mw,000a12f67b6d2f9febee6f900216609acb0c5281b533fe6e35129362572a0912,"{""distance"":5,""physical_error_rate"":0.0002}","{""detection_events"":1781,""detectors_checked"":2293760}"
      1870,         0,         0,   0.038,standalone_exact_mw,000a12f67b6d2f9febee6f900216609acb0c5281b533fe6e35129362572a0912,"{""distance"":5,""physical_error_rate"":0.0002}","{""detection_events"":321,""detectors_checked"":418880}"
      7168,         0,         0,   0.084,standalone_exact_mw,000a12f67b6d2f9febee6f900216609acb0c5281b533fe6e35129362572a0912,"{""distance"":5,""physical_error_rate"":0.0002}","{""detection_events"":1266,""detectors_checked"":1605632}"
     13308,         0,         0,   0.349,standalone_exact_mw,000a12f67b6d2f9febee6f900216609acb0c5281b533fe6e35129362572a0912,"{""distance"":5,""physical_error_rate"":0.0002}","{""detection_events"":2506,""detectors_checked"":2980992}"
     10983,         0,         0,   0.321,standalone_exact_mw,000a12f67b6d2f9febee6f900216609acb0c5281b533fe6e35129362572a0912,"{""distance"":5,""physical_error_rate"":0.0002}","{""detection_events"":1934,""detectors_checked"":2460192}"
      2145,         0,         0,   0.030,standalone_exact_mw,000a12f67b6d2f9febee6f900216609acb0c5281b533fe6e35129362572a0912,"{""distance"":5,""physical_error_rate"":0.0002}","{""detection_events"":360,""detectors_checked"":480480}"
      2807,         0,         0,   0.049,standalone_exact_mw,000a12f67b6d2f9febee6f900216609acb0c5281b533fe6e35129362572a0912,"{""distance"":5,""physical_error_rate"":0.0002}","{""detection_events"":528,""detectors_checked"":628768}"
      2469,         0,         0,   0.045,standalone_exact_mw,000a12f67b6d2f9febee6f900216609acb0c5281b533fe6e35129362572a0912,"{""distance"":5,""physical_error_rate"":0.0002}","{""detection_events"":437,""detectors_checked"":553056}"
      7168,         0,         0,   0.130,standalone_exact_mw,000a12f67b6d2f9febee6f900216609acb0c5281b533fe6e35129362572a0912,"{""distance"":5,""physical_error_rate"":0.0002}","{""detection_events"":1250,""detectors_checked"":1605632}"
      6170,         0,         0,   0.124,standalone_exact_mw,000a12f67b6d2f9febee6f900216609acb0c5281b533fe6e35129362572a0912,"{""distance"":5,""physical_error_rate"":0.0002}","{""detection_events"":1078,""detectors_checked"":1382080}"
      4780,         0,         0,   0.071,standalone_exact_mw,000a12f67b6d2f9febee6f900216609acb0c5281b533fe6e35129362572a0912,"{""distance"":5,""physical_error_rate"":0.0002}","{""detection_events"":819,""detectors_checked"":1070720}"
      1872,         0,         0,   0.034,standalone_exact_mw,000a12f67b6d2f9febee6f900216609acb0c5281b533fe6e35129362572a0912,"{""distance"":5,""physical_error_rate"":0.0002}","{""detection_events"":381,""detectors_checked"":419328}"
      8192,         0,         0,   0.217,standalone_exact_mw,000a12f67b6d2f9febee6f900216609acb0c5281b533fe6e35129362572a0912,"{""distance"":5,""physical_error_rate"":0.0002}","{""detection_events"":1564,""detectors_checked"":1835008}"
     10983,         0,         0,   0.374,standalone_exact_mw,000a12f67b6d2f9febee6f900216609acb0c5281b533fe6e35129362572a0912,"{""distance"":5,""physical_error_rate"":0.0002}","{""detection_events"":1987,""detectors_checked"":2460192}"
      1980,         0,         0,   0.041,standalone_exact_mw,000a12f67b6d2f9febee6f900216609acb0c5281b533fe6e35129362572a0912,"{""distance"":5,""physical_error_rate"":0.0002}","{""detection_events"":395,""detectors_checked"":443520}"
     10240,         0,         0,   0.303,standalone_exact_mw,000a12f67b6d2f9febee6f900216609acb0c5281b533fe6e35129362572a0912,"{""distance"":5,""physical_error_rate"":0.0002}","{""detection_events"":1806,""detectors_checked"":2293760}"
      2044,         0,         0,   0.032,standalone_exact_mw,000a12f67b6d2f9febee6f900216609acb0c5281b533fe6e35129362572a0912,"{""distance"":5,""physical_error_rate"":0.0002}","{""detection_events"":367,""detectors_checked"":457856}"
      6810,         0,         0,   0.101,standalone_exact_mw,000a12f67b6d2f9febee6f900216609acb0c5281b533fe6e35129362572a0912,"{""distance"":5,""physical_error_rate"":0.0002}","{""detection_events"":1291,""detectors_checked"":1525440}"
      2325,         0,         0,   0.057,standalone_exact_mw,000a12f67b6d2f9febee6f900216609acb0c5281b533fe6e35129362572a0912,"{""distance"":5,""physical_error_rate"":0.0002}","{""detection_events"":434,""detectors_checked"":520800}"
      2326,         0,         0,   0.039,standalone_exact_mw,000a12f67b6d2f9febee6f900216609acb0c5281b533fe6e35129362572a0912,"{""distance"":5,""physical_error_rate"":0.0002}","{""detection_events"":413,""detectors_checked"":521024}"
      5893,         0,         0,   0.154,standalone_exact_mw,000a12f67b6d2f9febee6f900216609acb0c5281b533fe6e35129362572a0912,"{""distance"":5,""physical_error_rate"":0.0002}","{""detection_events"":1173,""detectors_checked"":1320032}"
      2295,         0,         0,   0.032,standalone_exact_mw,000a12f67b6d2f9febee6f900216609acb0c5281b533fe6e35129362572a0912,"{""distance"":5,""physical_error_rate"":0.0002}","{""detection_events"":440,""detectors_checked"":514080}"
      2044,         0,         0,   0.045,standalone_exact_mw,000a12f67b6d2f9febee6f900216609acb0c5281b533fe6e35129362572a0912,"{""distance"":5,""physical_error_rate"":0.0002}","{""detection_events"":396,""detectors_checked"":457856}"
        25,         0,         0,   0.000,standalone_exact_mw,000a12f67b6d2f9febee6f900216609acb0c5281b533fe6e35129362572a0912,"{""distance"":5,""physical_error_rate"":0.0002}","{""detection_events"":6,""detectors_checked"":5600}"
      6144,         0,         0,   0.104,standalone_exact_mw,000a12f67b6d2f9febee6f900216609acb0c5281b533fe6e35129362572a0912,"{""distance"":5,""physical_error_rate"":0.0002}","{""detection_events"":1095,""detectors_checked"":1376256}"
      2522,         0,         0,   0.066,standalone_exact_mw,000a12f67b6d2f9febee6f900216609acb0c5281b533fe6e35129362572a0912,"{""distance"":5,""physical_error_rate"":0.0002}","{""detection_events"":404,""detectors_checked"":564928}"
      1957,         0,         0,   0.052,standalone_exact_mw,000a12f67b6d2f9febee6f900216609acb0c5281b533fe6e35129362572a0912,"{""distance"":5,""physical_error_rate"":0.0002}","{""detection_events"":345,""detectors_checked"":438368}"
      5334,         0,         0,   0.120,standalone_exact_mw,000a12f67b6d2f9febee6f900216609acb0c5281b533fe6e35129362572a0912,"{""distance"":5,""physical_error_rate"":0.0002}","{""detection_events"":1026,""detectors_checked"":1194816}"
      4655,         0,         0,   0.081,standalone_exact_mw,000a12f67b6d2f9febee6f900216609acb0c5281b533fe6e35129362572a0912,"{""distance"":5,""physical_error_rate"":0.0002}","{""detection_events"":868,""detectors_checked"":1042720}"
       158,         0,         0,   0.002,standalone_exact_mw,000a12f67b6d2f9febee6f900216609acb0c5281b533fe6e35129362572a0912,"{""distance"":5,""physical_error_rate"":0.0002}","{""detection_events"":31,""detectors_checked"":35392}"
       133,         0,         0,   0.001,standalone_exact_mw,000a12f67b6d2f9febee6f900216609acb0c5281b533fe6e35129362572a0912,"{""distance"":5,""physical_error_rate"":0.0002}","{""detection_events"":26,""detectors_checked"":29792}"
        73,         0,         0,   0.002,standalone_exact_mw,000a12f67b6d2f9febee6f900216609acb0c5281b533fe6e35129362572a0912,"{""distance"":5,""physical_error_rate"":0.0002}","{""detection_events"":9,""detectors_checked"":16352}"
      3201,         0,         0,   0.053,standalone_exact_mw,000a12f67b6d2f9febee6f900216609acb0c5281b533fe6e35129362572a0912,"{""distance"":5,""physical_error_rate"":0.0002}","{""detection_events"":565,""detectors_checked"":717024}"
       121,         0,         0,   0.001,standalone_exact_mw,000a12f67b6d2f9febee6f900216609acb0c5281b533fe6e35129362572a0912,"{""distance"":5,""physical_error_rate"":0.0002}","{""detection_events"":31,""detectors_checked"":27104}"
      4655,         0,         0,   0.090,standalone_exact_mw,000a12f67b6d2f9febee6f900216609acb0c5281b533fe6e35129362572a0912,"{""distance"":5,""physical_error_rate"":0.0002}","{""detection_events"":787,""detectors_checked"":1042720}"
      3201,         0,         0,   0.050,standalone_exact_mw,000a12f67b6d2f9febee6f900216609acb0c5281b533fe6e35129362572a0912,"{""distance"":5,""physical_error_rate"":0.0002}","{""detection_events"":541,""detectors_checked"":717024}"
       743,         0,         0,   0.008,standalone_exact_mw,000a12f67b6d2f9febee6f900216609acb0c5281b533fe6e35129362572a0912,"{""distance"":5,""physical_error_rate"":0.0002}","{""detection_events"":133,""detectors_checked"":166432}"
      3752,         0,         0,   0.074,standalone_exact_mw,000a12f67b6d2f9febee6f900216609acb0c5281b533fe6e35129362572a0912,"{""distance"":5,""physical_error_rate"":0.0002}","{""detection_events"":643,""detectors_checked"":840448}"
      1023,         0,         0,   0.011,standalone_exact_mw,000a12f67b6d2f9febee6f900216609acb0c5281b533fe6e35129362572a0912,"{""distance"":5,""physical_error_rate"":0.0002}","{""detection_events"":155,""detectors_checked"":229152}"
       665,         0,         0,   0.011,standalone_exact_mw,000a12f67b6d2f9febee6f900216609acb0c5281b533fe6e35129362572a0912,"{""distance"":5,""physical_error_rate"":0.0002}","{""detection_events"":130,""detectors_checked"":148960}"
      4096,         0,         0,   0.095,standalone_exact_mw,000a12f67b6d2f9febee6f900216609acb0c5281b533fe6e35129362572a0912,"{""distance"":5,""physical_error_rate"":0.0002}","{""detection_events"":885,""detectors_checked"":917504}"
       111,         0,         0,   0.001,standalone_exact_mw,000a12f67b6d2f9febee6f900216609acb0c5281b533fe6e35129362572a0912,"{""distance"":5,""physical_error_rate"":0.0002}","{""detection_events"":19,""detectors_checked"":24864}"
      6144,         0,         0,   0.140,standalone_exact_mw,000a12f67b6d2f9febee6f900216609acb0c5281b533fe6e35129362572a0912,"{""distance"":5,""physical_error_rate"":0.0002}","{""detection_events"":1117,""detectors_checked"":1376256}"
       931,         0,         0,   0.012,standalone_exact_mw,000a12f67b6d2f9febee6f900216609acb0c5281b533fe6e35129362572a0912,"{""distance"":5,""physical_error_rate"":0.0002}","{""detection_events"":189,""detectors_checked"":208544}"
       327,         0,         0,   0.003,standalone_exact_mw,000a12f67b6d2f9febee6f900216609acb0c5281b533fe6e35129362572a0912,"{""distance"":5,""physical_error_rate"":0.0002}","{""detection_events"":71,""detectors_checked"":73248}"
        23,         0,         0,   0.000,standalone_exact_mw,000a12f67b6d2f9febee6f900216609acb0c5281b533fe6e35129362572a0912,"{""distance"":5,""physical_error_rate"":0.0002}","{""detection_events"":2,""detectors_checked"":5152}"
       146,         0,         0,   0.002,standalone_exact_mw,000a12f67b6d2f9febee6f900216609acb0c5281b533fe6e35129362572a0912,"{""distance"":5,""physical_error_rate"":0.0002}","{""detection_events"":23,""detectors_checked"":32704}"
        78,         0,         0,   0.001,standalone_exact_mw,000a12f67b6d2f9febee6f900216609acb0c5281b533fe6e35129362572a0912,"{""distance"":5,""physical_error_rate"":0.0002}","{""detection_events"":17,""detectors_checked"":17472}"
      3072,         0,         0,   0.050,standalone_exact_mw,000a12f67b6d2f9febee6f900216609acb0c5281b533fe6e35129362572a0912,"{""distance"":5,""physical_error_rate"":0.0002}","{""detection_events"":659,""detectors_checked"":688128}"
       960,         0,         0,   0.010,standalone_exact_mw,000a12f67b6d2f9febee6f900216609acb0c5281b533fe6e35129362572a0912,"{""distance"":5,""physical_error_rate"":0.0002}","{""detection_events"":141,""detectors_checked"":215040}"
        44,         0,         0,   0.001,standalone_exact_mw,000a12f67b6d2f9febee6f900216609acb0c5281b533fe6e35129362572a0912,"{""distance"":5,""physical_error_rate"":0.0002}","{""detection_events"":11,""detectors_checked"":9856}"
        17,         0,         0,   0.000,standalone_exact_mw,000a12f67b6d2f9febee6f900216609acb0c5281b533fe6e35129362572a0912,"{""distance"":5,""physical_error_rate"":0.0002}","{""detectors_checked"":3808}"
        61,         0,         0,   0.002,standalone_exact_mw,000a12f67b6d2f9febee6f900216609acb0c5281b533fe6e35129362572a0912,"{""distance"":5,""physical_error_rate"":0.0002}","{""detection_events"":14,""detectors_checked"":13664}"
      4655,         0,         0,   0.088,standalone_exact_mw,000a12f67b6d2f9febee6f900216609acb0c5281b533fe6e35129362572a0912,"{""distance"":5,""physical_error_rate"":0.0002}","{""detection_events"":808,""detectors_checked"":1042720}"
      2273,         0,         0,   0.024,standalone_exact_mw,000a12f67b6d2f9febee6f900216609acb0c5281b533fe6e35129362572a0912,"{""distance"":5,""physical_error_rate"":0.0002}","{""detection_events"":363,""detectors_checked"":509152}"
      3072,         0,         0,   0.052,standalone_exact_mw,000a12f67b6d2f9febee6f900216609acb0c5281b533fe6e35129362572a0912,"{""distance"":5,""physical_error_rate"":0.0002}","{""detection_events"":520,""detectors_checked"":688128}"
        29,         0,         0,   0.000,standalone_exact_mw,000a12f67b6d2f9febee6f900216609acb0c5281b533fe6e35129362572a0912,"{""distance"":5,""physical_error_rate"":0.0002}","{""detection_events"":5,""detectors_checked"":6496}"
       144,         0,         0,   0.003,standalone_exact_mw,000a12f67b6d2f9febee6f900216609acb0c5281b533fe6e35129362572a0912,"{""distance"":5,""physical_error_rate"":0.0002}","{""detection_events"":40,""detectors_checked"":32256}"
      3016,         0,         0,   0.049,standalone_exact_mw,000a12f67b6d2f9febee6f900216609acb0c5281b533fe6e35129362572a0912,"{""distance"":5,""physical_error_rate"":0.0002}","{""detection_events"":484,""detectors_checked"":675584}"
      1195,         0,         0,   0.017,standalone_exact_mw,000a12f67b6d2f9febee6f900216609acb0c5281b533fe6e35129362572a0912,"{""distance"":5,""physical_error_rate"":0.0002}","{""detection_events"":216,""detectors_checked"":267680}"
      2373,         0,         0,   0.038,standalone_exact_mw,000a12f67b6d2f9febee6f900216609acb0c5281b533fe6e35129362572a0912,"{""distance"":5,""physical_error_rate"":0.0002}","{""detection_events"":464,""detectors_checked"":531552}"
       234,         0,         0,   0.003,standalone_exact_mw,000a12f67b6d2f9febee6f900216609acb0c5281b533fe6e35129362572a0912,"{""distance"":5,""physical_error_rate"":0.0002}","{""detection_events"":63,""detectors_checked"":52416}"
       128,         0,         0,   0.002,standalone_exact_mw,000a12f67b6d2f9febee6f900216609acb0c5281b533fe6e35129362572a0912,"{""distance"":5,""physical_error_rate"":0.0002}","{""detection_events"":17,""detectors_checked"":28672}"
         8,         0,         0,   0.000,standalone_exact_mw,000a12f67b6d2f9febee6f900216609acb0c5281b533fe6e35129362572a0912,"{""distance"":5,""physical_error_rate"":0.0002}","{""detectors_checked"":1792}"
      4096,         0,         0,   0.075,standalone_exact_mw,000a12f67b6d2f9febee6f900216609acb0c5281b533fe6e35129362572a0912,"{""distance"":5,""physical_error_rate"":0.0002}","{""detection_events"":816,""detectors_checked"":917504}"
      2103,         0,         0,   0.026,standalone_exact_mw,000a12f67b6d2f9febee6f900216609acb0c5281b533fe6e35129362572a0912,"{""distance"":5,""physical_error_rate"":0.0002}","{""detection_events"":344,""detectors_checked"":471072}"
      4655,         0,         0,   0.104,standalone_exact_mw,000a12f67b6d2f9febee6f900216609acb0c5281b533fe6e35129362572a0912,"{""distance"":5,""physical_error_rate"":0.0002}","{""detection_events"":832,""detectors_checked"":1042720}"
      2036,         0,         0,   0.042,standalone_exact_mw,000a12f67b6d2f9febee6f900216609acb0c5281b533fe6e35129362572a0912,"{""distance"":5,""physical_error_rate"":0.0002}","{""detection_events"":418,""detectors_checked"":456064}"
        18,         0,         0,   0.000,standalone_exact_mw,000a12f67b6d2f9febee6f900216609acb0c5281b533fe6e35129362572a0912,"{""distance"":5,""physical_error_rate"":0.0002}","{""detectors_checked"":4032}"
        22,         0,         0,   0.002,standalone_exact_mw,000a12f67b6d2f9febee6f900216609acb0c5281b533fe6e35129362572a0912,"{""distance"":5,""physical_error_rate"":0.0002}","{""detection_events"":7,""detectors_checked"":4928}"
      2968,         0,         0,   0.052,standalone_exact_mw,000a12f67b6d2f9febee6f900216609acb0c5281b533fe6e35129362572a0912,"{""distance"":5,""physical_error_rate"":0.0002}","{""detection_events"":487,""detectors_checked"":664832}"
       252,         0,         0,   0.002,standalone_exact_mw,000a12f67b6d2f9febee6f900216609acb0c5281b533fe6e35129362572a0912,"{""distance"":5,""physical_error_rate"":0.0002}","{""detection_events"":37,""detectors_checked"":56448}"
        17,         0,         0,   0.000,standalone_exact_mw,000a12f67b6d2f9febee6f900216609acb0c5281b533fe6e35129362572a0912,"{""distance"":5,""physical_error_rate"":0.0002}","{""detection_events"":2,""detectors_checked"":3808}"
      4096,         0,         0,   0.109,standalone_exact_mw,000a12f67b6d2f9febee6f900216609acb0c5281b533fe6e35129362572a0912,"{""distance"":5,""physical_error_rate"":0.0002}","{""detection_events"":801,""detectors_checked"":917504}"
        30,         0,         0,   0.000,standalone_exact_mw,000a12f67b6d2f9febee6f900216609acb0c5281b533fe6e35129362572a0912,"{""distance"":5,""physical_error_rate"":0.0002}","{""detection_events"":4,""detectors_checked"":6720}"
       121,         0,         0,   0.002,standalone_exact_mw,000a12f67b6d2f9febee6f900216609acb0c5281b533fe6e35129362572a0912,"{""distance"":5,""physical_error_rate"":0.0002}","{""detection_events"":19,""detectors_checked"":27104}"
      1672,         0,         0,   0.027,standalone_exact_mw,000a12f67b6d2f9febee6f900216609acb0c5281b533fe6e35129362572a0912,"{""distance"":5,""physical_error_rate"":0.0002}","{""detection_events"":306,""detectors_checked"":374528}"
        45,         0,         0,   0.000,standalone_exact_mw,000a12f67b6d2f9febee6f900216609acb0c5281b533fe6e35129362572a0912,"{""distance"":5,""physical_error_rate"":0.0002}","{""detection_events"":4,""detectors_checked"":10080}"
      4096,         0,         0,   0.098,standalone_exact_mw,000a12f67b6d2f9febee6f900216609acb0c5281b533fe6e35129362572a0912,"{""distance"":5,""physical_error_rate"":0.0002}","{""detection_events"":763,""detectors_checked"":917504}"
      2485,         0,         0,   0.055,standalone_exact_mw,000a12f67b6d2f9febee6f900216609acb0c5281b533fe6e35129362572a0912,"{""distance"":5,""physical_error_rate"":0.0002}","{""detection_events"":443,""detectors_checked"":556640}"
      2036,         0,         0,   0.026,standalone_exact_mw,000a12f67b6d2f9febee6f900216609acb0c5281b533fe6e35129362572a0912,"{""distance"":5,""physical_error_rate"":0.0002}","{""detection_events"":386,""detectors_checked"":456064}"
       540,         0,         0,   0.010,standalone_exact_mw,000a12f67b6d2f9febee6f900216609acb0c5281b533fe6e35129362572a0912,"{""distance"":5,""physical_error_rate"":0.0002}","{""detection_events"":130,""detectors_checked"":120960}"
        11,         0,         0,   0.000,standalone_exact_mw,000a12f67b6d2f9febee6f900216609acb0c5281b533fe6e35129362572a0912,"{""distance"":5,""physical_error_rate"":0.0002}","{""detection_events"":2,""detectors_checked"":2464}"
        26,         0,         0,   0.000,standalone_exact_mw,000a12f67b6d2f9febee6f900216609acb0c5281b533fe6e35129362572a0912,"{""distance"":5,""physical_error_rate"":0.0002}","{""detection_events"":7,""detectors_checked"":5824}"
        14,         0,         0,   0.000,standalone_exact_mw,000a12f67b6d2f9febee6f900216609acb0c5281b533fe6e35129362572a0912,"{""distance"":5,""physical_error_rate"":0.0002}","{""detectors_checked"":3136}"
       666,         0,         0,   0.008,standalone_exact_mw,000a12f67b6d2f9febee6f900216609acb0c5281b533fe6e35129362572a0912,"{""distance"":5,""physical_error_rate"":0.0002}","{""detection_events"":136,""detectors_checked"":149184}"
       109,         0,         0,   0.001,standalone_exact_mw,000a12f67b6d2f9febee6f900216609acb0c5281b533fe6e35129362572a0912,"{""distance"":5,""physical_error_rate"":0.0002}","{""detection_events"":15,""detectors_checked"":24416}"
       612,         0,         0,   0.008,standalone_exact_mw,000a12f67b6d2f9febee6f900216609acb0c5281b533fe6e35129362572a0912,"{""distance"":5,""physical_error_rate"":0.0002}","{""detection_events"":76,""detectors_checked"":137088}"
      2020,         0,         0,   0.023,standalone_exact_mw,000a12f67b6d2f9febee6f900216609acb0c5281b533fe6e35129362572a0912,"{""distance"":5,""physical_error_rate"":0.0002}","{""detection_events"":321,""detectors_checked"":452480}"
         2,         0,         0,   0.000,standalone_exact_mw,000a12f67b6d2f9febee6f900216609acb0c5281b533fe6e35129362572a0912,"{""distance"":5,""physical_error_rate"":0.0002}","{""detectors_checked"":448}"
      2048,         0,         0,   0.036,standalone_exact_mw,000a12f67b6d2f9febee6f900216609acb0c5281b533fe6e35129362572a0912,"{""distance"":5,""physical_error_rate"":0.0002}","{""detection_events"":335,""detectors_checked"":458752}"
      2103,         0,         0,   0.034,standalone_exact_mw,000a12f67b6d2f9febee6f900216609acb0c5281b533fe6e35129362572a0912,"{""distance"":5,""physical_error_rate"":0.0002}","{""detection_events"":431,""detectors_checked"":471072}"
       558,         0,         0,   0.009,standalone_exact_mw,000a12f67b6d2f9febee6f900216609acb0c5281b533fe6e35129362572a0912,"{""distance"":5,""physical_error_rate"":0.0002}","{""detection_events"":104,""detectors_checked"":124992}"
      1299,         0,         0,   0.014,standalone_exact_mw,000a12f67b6d2f9febee6f900216609acb0c5281b533fe6e35129362572a0912,"{""distance"":5,""physical_error_rate"":0.0002}","{""detection_events"":286,""detectors_checked"":290976}"
        11,         0,         0,   0.000,standalone_exact_mw,000a12f67b6d2f9febee6f900216609acb0c5281b533fe6e35129362572a0912,"{""distance"":5,""physical_error_rate"":0.0002}","{""detectors_checked"":2464}"
        46,         0,         0,   0.001,standalone_exact_mw,000a12f67b6d2f9febee6f900216609acb0c5281b533fe6e35129362572a0912,"{""distance"":5,""physical_error_rate"":0.0002}","{""detection_events"":6,""detectors_checked"":10304}"
      1024,         0,         0,   0.012,standalone_exact_mw,000a12f67b6d2f9febee6f900216609acb0c5281b533fe6e35129362572a0912,"{""distance"":5,""physical_error_rate"":0.0002}","{""detection_events"":223,""detectors_checked"":229376}"
      3016,         0,         0,   0.059,standalone_exact_mw,000a12f67b6d2f9febee6f900216609acb0c5281b533fe6e35129362572a0912,"{""distance"":5,""physical_error_rate"":0.0002}","{""detection_events"":569,""detectors_checked"":675584}"
         3,         0,         0,   0.000,standalone_exact_mw,000a12f67b6d2f9febee6f900216609acb0c5281b533fe6e35129362572a0912,"{""distance"":5,""physical_error_rate"":0.0002}","{""detection_events"":4,""detectors_checked"":672}"
      1217,         0,         0,   0.016,standalone_exact_mw,000a12f67b6d2f9febee6f900216609acb0c5281b533fe6e35129362572a0912,"{""distance"":5,""physical_error_rate"":0.0002}","{""detection_events"":230,""detectors_checked"":272608}"
         7,         0,         0,   0.000,standalone_exact_mw,000a12f67b6d2f9febee6f900216609acb0c5281b533fe6e35129362572a0912,"{""distance"":5,""physical_error_rate"":0.0002}","{""detectors_checked"":1568}"
      1024,         0,         0,   0.011,standalone_exact_mw,000a12f67b6d2f9febee6f900216609acb0c5281b533fe6e35129362572a0912,"{""distance"":5,""physical_error_rate"":0.0002}","{""detection_events"":192,""detectors_checked"":229376}"
      1665,         0,         0,   0.024,standalone_exact_mw,000a12f67b6d2f9febee6f900216609acb0c5281b533fe6e35129362572a0912,"{""distance"":5,""physical_error_rate"":0.0002}","{""detection_events"":285,""detectors_checked"":372960}"
        46,         0,         0,   0.002,standalone_exact_mw,000a12f67b6d2f9febee6f900216609acb0c5281b533fe6e35129362572a0912,"{""distance"":5,""physical_error_rate"":0.0002}","{""detection_events"":7,""detectors_checked"":10304}"
       670,         0,         0,   0.009,standalone_exact_mw,000a12f67b6d2f9febee6f900216609acb0c5281b533fe6e35129362572a0912,"{""distance"":5,""physical_error_rate"":0.0002}","{""detection_events"":129,""detectors_checked"":150080}"
       422,         0,         0,   0.005,standalone_exact_mw,000a12f67b6d2f9febee6f900216609acb0c5281b533fe6e35129362572a0912,"{""distance"":5,""physical_error_rate"":0.0002}","{""detection_events"":67,""detectors_checked"":94528}"
        43,         0,         0,   0.001,standalone_exact_mw,000a12f67b6d2f9febee6f900216609acb0c5281b533fe6e35129362572a0912,"{""distance"":5,""physical_error_rate"":0.0002}","{""detection_events"":15,""detectors_checked"":9632}"
      2036,         0,         0,   0.038,standalone_exact_mw,000a12f67b6d2f9febee6f900216609acb0c5281b533fe6e35129362572a0912,"{""distance"":5,""physical_error_rate"":0.0002}","{""detection_events"":356,""detectors_checked"":456064}"
        55,         0,         0,   0.001,standalone_exact_mw,000a12f67b6d2f9febee6f900216609acb0c5281b533fe6e35129362572a0912,"{""distance"":5,""physical_error_rate"":0.0002}","{""detection_events"":8,""detectors_checked"":12320}"
        54,         0,         0,   0.001,standalone_exact_mw,000a12f67b6d2f9febee6f900216609acb0c5281b533fe6e35129362572a0912,"{""distance"":5,""physical_error_rate"":0.0002}","{""detection_events"":8,""detectors_checked"":12096}"
       670,         0,         0,   0.008,standalone_exact_mw,000a12f67b6d2f9febee6f900216609acb0c5281b533fe6e35129362572a0912,"{""distance"":5,""physical_error_rate"":0.0002}","{""detection_events"":129,""detectors_checked"":150080}"
      1024,         0,         0,   0.015,standalone_exact_mw,000a12f67b6d2f9febee6f900216609acb0c5281b533fe6e35129362572a0912,"{""distance"":5,""physical_error_rate"":0.0002}","{""detection_events"":186,""detectors_checked"":229376}"
        22,         0,         0,   0.000,standalone_exact_mw,000a12f67b6d2f9febee6f900216609acb0c5281b533fe6e35129362572a0912,"{""distance"":5,""physical_error_rate"":0.0002}","{""detection_events"":5,""detectors_checked"":4928}"
       282,         0,         0,   0.005,standalone_exact_mw,000a12f67b6d2f9febee6f900216609acb0c5281b533fe6e35129362572a0912,"{""distance"":5,""physical_error_rate"":0.0002}","{""detection_events"":59,""detectors_checked"":63168}"
        80,         0,         0,   0.001,standalone_exact_mw,000a12f67b6d2f9febee6f900216609acb0c5281b533fe6e35129362572a0912,"{""distance"":5,""physical_error_rate"":0.0002}","{""detection_events"":19,""detectors_checked"":17920}"
       795,         0,         0,   0.012,standalone_exact_mw,000a12f67b6d2f9febee6f900216609acb0c5281b533fe6e35129362572a0912,"{""distance"":5,""physical_error_rate"":0.0002}","{""detection_events"":202,""detectors_checked"":178080}"
       406,         0,         0,   0.004,standalone_exact_mw,000a12f67b6d2f9febee6f900216609acb0c5281b533fe6e35129362572a0912,"{""distance"":5,""physical_error_rate"":0.0002}","{""detection_events"":38,""detectors_checked"":90944}"
         1,         0,         0,   0.000,standalone_exact_mw,000a12f67b6d2f9febee6f900216609acb0c5281b533fe6e35129362572a0912,"{""distance"":5,""physical_error_rate"":0.0002}","{""detectors_checked"":224}"
       235,         0,         0,   0.003,standalone_exact_mw,000a12f67b6d2f9febee6f900216609acb0c5281b533fe6e35129362572a0912,"{""distance"":5,""physical_error_rate"":0.0002}","{""detection_events"":48,""detectors_checked"":52640}"
       794,         0,         0,   0.011,standalone_exact_mw,000a12f67b6d2f9febee6f900216609acb0c5281b533fe6e35129362572a0912,"{""distance"":5,""physical_error_rate"":0.0002}","{""detection_events"":174,""detectors_checked"":177856}"
       564,         0,         0,   0.008,standalone_exact_mw,000a12f67b6d2f9febee6f900216609acb0c5281b533fe6e35129362572a0912,"{""distance"":5,""physical_error_rate"":0.0002}","{""detection_events"":97,""detectors_checked"":126336}"
         1,         0,         0,   0.000,standalone_exact_mw,000a12f67b6d2f9febee6f900216609acb0c5281b533fe6e35129362572a0912,"{""distance"":5,""physical_error_rate"":0.0002}","{""detection_events"":6,""detectors_checked"":224}"
       345,         0,         0,   0.005,standalone_exact_mw,000a12f67b6d2f9febee6f900216609acb0c5281b533fe6e35129362572a0912,"{""distance"":5,""physical_error_rate"":0.0002}","{""detection_events"":44,""detectors_checked"":77280}"
        42,         0,         0,   0.001,standalone_exact_mw,000a12f67b6d2f9febee6f900216609acb0c5281b533fe6e35129362572a0912,"{""distance"":5,""physical_error_rate"":0.0002}","{""detection_events"":4,""detectors_checked"":9408}"
       201,         0,         0,   0.003,standalone_exact_mw,000a12f67b6d2f9febee6f900216609acb0c5281b533fe6e35129362572a0912,"{""distance"":5,""physical_error_rate"":0.0002}","{""detection_events"":45,""detectors_checked"":45024}"
        42,         0,         0,   0.000,standalone_exact_mw,000a12f67b6d2f9febee6f900216609acb0c5281b533fe6e35129362572a0912,"{""distance"":5,""physical_error_rate"":0.0002}","{""detection_events"":2,""detectors_checked"":9408}"
        96,         0,         0,   0.003,standalone_exact_mw,000a12f67b6d2f9febee6f900216609acb0c5281b533fe6e35129362572a0912,"{""distance"":5,""physical_error_rate"":0.0002}","{""detection_events"":22,""detectors_checked"":21504}"
       282,         0,         0,   0.006,standalone_exact_mw,000a12f67b6d2f9febee6f900216609acb0c5281b533fe6e35129362572a0912,"{""distance"":5,""physical_error_rate"":0.0002}","{""detection_events"":81,""detectors_checked"":63168}"
        90,         0,         0,   0.001,standalone_exact_mw,000a12f67b6d2f9febee6f900216609acb0c5281b533fe6e35129362572a0912,"{""distance"":5,""physical_error_rate"":0.0002}","{""detection_events"":4,""detectors_checked"":20160}"
        72,         0,         0,   0.002,standalone_exact_mw,000a12f67b6d2f9febee6f900216609acb0c5281b533fe6e35129362572a0912,"{""distance"":5,""physical_error_rate"":0.0002}","{""detection_events"":12,""detectors_checked"":16128}"
         1,         0,         0,   0.000,standalone_exact_mw,000a12f67b6d2f9febee6f900216609acb0c5281b533fe6e35129362572a0912,"{""distance"":5,""physical_error_rate"":0.0002}","{""detectors_checked"":224}"
        90,         0,         0,   0.002,standalone_exact_mw,000a12f67b6d2f9febee6f900216609acb0c5281b533fe6e35129362572a0912,"{""distance"":5,""physical_error_rate"":0.0002}","{""detection_events"":16,""detectors_checked"":20160}"
        18,         0,         0,   0.000,standalone_exact_mw,000a12f67b6d2f9febee6f900216609acb0c5281b533fe6e35129362572a0912,"{""distance"":5,""physical_error_rate"":0.0002}","{""detection_events"":4,""detectors_checked"":4032}"
         6,         0,         0,   0.000,standalone_exact_mw,000a12f67b6d2f9febee6f900216609acb0c5281b533fe6e35129362572a0912,"{""distance"":5,""physical_error_rate"":0.0002}","{""detectors_checked"":1344}"
         1,         0,         0,   0.000,standalone_exact_mw,000a12f67b6d2f9febee6f900216609acb0c5281b533fe6e35129362572a0912,"{""distance"":5,""physical_error_rate"":0.0002}","{""detectors_checked"":224}"
        42,         0,         0,   0.000,standalone_exact_mw,000a12f67b6d2f9febee6f900216609acb0c5281b533fe6e35129362572a0912,"{""distance"":5,""physical_error_rate"":0.0002}","{""detection_events"":9,""detectors_checked"":9408}"
         4,         0,         0,   0.000,standalone_exact_mw,000a12f67b6d2f9febee6f900216609acb0c5281b533fe6e35129362572a0912,"{""distance"":5,""physical_error_rate"":0.0002}","{""detectors_checked"":896}"
         3,         0,         0,   0.000,standalone_exact_mw,000a12f67b6d2f9febee6f900216609acb0c5281b533fe6e35129362572a0912,"{""distance"":5,""physical_error_rate"":0.0002}","{""detectors_checked"":672}"
        23,         0,         0,   0.000,standalone_exact_mw,000a12f67b6d2f9febee6f900216609acb0c5281b533fe6e35129362572a0912,"{""distance"":5,""physical_error_rate"":0.0002}","{""detection_events"":4,""detectors_checked"":5152}"
         2,         0,         0,   0.000,standalone_exact_mw,000a12f67b6d2f9febee6f900216609acb0c5281b533fe6e35129362572a0912,"{""distance"":5,""physical_error_rate"":0.0002}","{""detectors_checked"":448}"
         9,         0,         0,   0.000,standalone_exact_mw,000a12f67b6d2f9febee6f900216609acb0c5281b533fe6e35129362572a0912,"{""distance"":5,""physical_error_rate"":0.0002}","{""detection_events"":4,""detectors_checked"":2016}"
         2,         0,         0,   0.000,standalone_exact_mw,000a12f67b6d2f9febee6f900216609acb0c5281b533fe6e35129362572a0912,"{""distance"":5,""physical_error_rate"":0.0002}","{""detectors_checked"":448}"
         4,         0,         0,   0.000,standalone_exact_mw,000a12f67b6d2f9febee6f900216609acb0c5281b533fe6e35129362572a0912,"{""distance"":5,""physical_error_rate"":0.0002}","{""detectors_checked"":896}"
         4,         0,         0,   0.000,standalone_exact_mw,000a12f67b6d2f9febee6f900216609acb0c5281b533fe6e35129362572a0912,"{""distance"":5,""physical_error_rate"":0.0002}","{""detectors_checked"":896}"
         2,         0,         0,   0.000,standalone_exact_mw,000a12f67b6d2f9febee6f900216609acb0c5281b533fe6e35129362572a0912,"{""distance"":5,""physical_error_rate"":0.0002}","{""detectors_checked"":448}"
         3,         0,         0,   0.000,standalone_exact_mw,000a12f67b6d2f9febee6f900216609acb0c5281b533fe6e35129362572a0912,"{""distance"":5,""physical_error_rate"":0.0002}","{""detectors_checked"":672}"
         2,         0,         0,   0.000,standalone_exact_mw,000a12f67b6d2f9febee6f900216609acb0c5281b533fe6e35129362572a0912,"{""distance"":5,""physical_error_rate"":0.0002}","{""detectors_checked"":448}"
         1,         0,         0,   0.000,standalone_exact_mw,000a12f67b6d2f9febee6f900216609acb0c5281b533fe6e35129362572a0912,"{""distance"":5,""physical_error_rate"":0.0002}","{""detectors_checked"":224}"
         2,         0,         0,   0.000,standalone_exact_mw,000a12f67b6d2f9febee6f900216609acb0c5281b533fe6e35129362572a0912,"{""distance"":5,""physical_error_rate"":0.0002}","{""detectors_checked"":448}"
         1,         0,         0,   0.000,standalone_exact_mw,000a12f67b6d2f9febee6f900216609acb0c5281b533fe6e35129362572a0912,"{""distance"":5,""physical_error_rate"":0.0002}","{""detectors_checked"":224}"
         1,         0,         0,   0.000,standalone_exact_mw,000a12f67b6d2f9febee6f900216609acb0c5281b533fe6e35129362572a0912,"{""distance"":5,""physical_error_rate"":0.0002}","{""detectors_checked"":224}"
         1,         0,         0,   0.000,standalone_exact_mw,000a12f67b6d2f9febee6f900216609acb0c5281b533fe6e35129362572a0912,"{""distance"":5,""physical_error_rate"":0.0002}","{""detectors_checked"":224}"
         2,         0,         0,   0.000,standalone_exact_mw,000a12f67b6d2f9febee6f900216609acb0c5281b533fe6e35129362572a0912,"{""distance"":5,""physical_error_rate"":0.0002}","{""detectors_checked"":448}"
         2,         0,         0,   0.000,standalone_exact_mw,000a12f67b6d2f9febee6f900216609acb0c5281b533fe6e35129362572a0912,"{""distance"":5,""physical_error_rate"":0.0002}","{""detection_events"":2,""detectors_checked"":448}"
         1,         0,         0,   0.000,standalone_exact_mw,000a12f67b6d2f9febee6f900216609acb0c5281b533fe6e35129362572a0912,"{""distance"":5,""physical_error_rate"":0.0002}","{""detectors_checked"":224}"
         1,         0,         0,   0.000,standalone_exact_mw,000a12f67b6d2f9febee6f900216609acb0c5281b533fe6e35129362572a0912,"{""distance"":5,""physical_error_rate"":0.0002}","{""detectors_checked"":224}"
         1,         0,         0,   0.000,standalone_exact_mw,000a12f67b6d2f9febee6f900216609acb0c5281b533fe6e35129362572a0912,"{""distance"":5,""physical_error_rate"":0.0002}","{""detectors_checked"":224}"
         1,         0,         0,   0.000,standalone_exact_mw,000a12f67b6d2f9febee6f900216609acb0c5281b533fe6e35129362572a0912,"{""distance"":5,""physical_error_rate"":0.0002}","{""detectors_checked"":224}"
         1,         0,         0,   0.000,standalone_exact_mw,000a12f67b6d2f9febee6f900216609acb0c5281b533fe6e35129362572a0912,"{""distance"":5,""physical_error_rate"":0.0002}","{""detectors_checked"":224}"
         1,         0,         0,   0.000,standalone_exact_mw,000a12f67b6d2f9febee6f900216609acb0c5281b533fe6e35129362572a0912,"{""distance"":5,""physical_error_rate"":0.0002}","{""detectors_checked"":224}"
         1,         0,         0,   0.000,standalone_exact_mw,000a12f67b6d2f9febee6f900216609acb0c5281b533fe6e35129362572a0912,"{""distance"":5,""physical_error_rate"":0.0002}","{""detectors_checked"":224}"
         1,         0,         0,   0.000,standalone_exact_mw,000a12f67b6d2f9febee6f900216609acb0c5281b533fe6e35129362572a0912,"{""distance"":5,""physical_error_rate"":0.0002}","{""detectors_checked"":224}"
         1,         0,         0,   0.000,standalone_exact_mw,000a12f67b6d2f9febee6f900216609acb0c5281b533fe6e35129362572a0912,"{""distance"":5,""physical_error_rate"":0.0002}","{""detectors_checked"":224}"
         1,         0,         0,   0.000,standalone_exact_mw,000a12f67b6d2f9febee6f900216609acb0c5281b533fe6e35129362572a0912,"{""distance"":5,""physical_error_rate"":0.0002}","{""detectors_checked"":224}"
         1,         0,         0,   0.000,standalone_exact_mw,000a12f67b6d2f9febee6f900216609acb0c5281b533fe6e35129362572a0912,"{""distance"":5,""physical_error_rate"":0.0002}","{""detectors_checked"":224}"
         1,         0,         0,   0.000,standalone_exact_mw,000a12f67b6d2f9febee6f900216609acb0c5281b533fe6e35129362572a0912,"{""distance"":5,""physical_error_rate"":0.0002}","{""detectors_checked"":224}"
         1,         0,         0,   0.000,standalone_exact_mw,000a12f67b6d2f9febee6f900216609acb0c5281b533fe6e35129362572a0912,"{""distance"":5,""physical_error_rate"":0.0002}","{""detectors_checked"":224}"
         1,         0,         0,   0.000,standalone_exact_mw,000a12f67b6d2f9febee6f900216609acb0c5281b533fe6e35129362572a0912,"{""distance"":5,""physical_error_rate"":0.0002}","{""detectors_checked"":224}"
         1,         0,         0,   0.000,standalone_exact_mw,000a12f67b6d2f9febee6f900216609acb0c5281b533fe6e35129362572a0912,"{""distance"":5,""physical_error_rate"":0.0002}","{""detectors_checked"":224}"
         1,         0,         0,   0.000,standalone_exact_mw,000a12f67b6d2f9febee6f900216609acb0c5281b533fe6e35129362572a0912,"{""distance"":5,""physical_error_rate"":0.0002}","{""detectors_checked"":224}"
         1,         0,         0,   0.000,standalone_exact_mw,000a12f67b6d2f9febee6f900216609acb0c5281b533fe6e35129362572a0912,"{""distance"":5,""physical_error_rate"":0.0002}","{""detectors_checked"":224}"
         1,         0,         0,   0.000,standalone_exact_mw,000a12f67b6d2f9febee6f900216609acb0c5281b533fe6e35129362572a0912,"{""distance"":5,""physical_error_rate"":0.0002}","{""detectors_checked"":224}"
