     shots,    errors,  discards, seconds,decoder,strong_id,json_metadata,custom_counts
         1,         0,         0,   0.014,exact_mw,cb12ae119b9b2ba18d0216e7235b403229e92fd0743ede48fe7f1a2c6f45d594,"{""distance"":5,""physical_error_rate"":0.0005}","{""detectors_checked"":224}"
      3344,         0,         0,   0.024,exact_mw,cb12ae119b9b2ba18d0216e7235b403229e92fd0743ede48fe7f1a2c6f45d594,"{""distance"":5,""physical_error_rate"":0.0005}","{""detection_events"":1714,""detectors_checked"":749056}"
      3072,         0,         0,   0.027,exact_mw,cb12ae119b9b2ba18d0216e7235b403229e92fd0743ede48fe7f1a2c6f45d594,"{""distance"":5,""physical_error_rate"":0.0005}","{""detection_events"":1588,""detectors_checked"":688128}"
      2048,         0,         0,   0.028,exact_mw,cb12ae119b9b2ba18d0216e7235b403229e92fd0743ede48fe7f1a2c6f45d594,"{""distance"":5,""physical_error_rate"":0.0005}","{""detection_events"":907,""detectors_checked"":458752}"
      3072,         0,         0,   0.051,exact_mw,cb12ae119b9b2ba18d0216e7235b403229e92fd0743ede48fe7f1a2c6f45d594,"{""distance"":5,""physical_error_rate"":0.0005}","{""detection_events"":1509,""detectors_checked"":688128}"
      5120,         0,         0,   0.062,exact_mw,cb12ae119b9b2ba18d0216e7235b403229e92fd0743ede48fe7f1a2c6f45d594,"{""distance"":5,""physical_error_rate"":0.0005}","{""detection_events"":2522,""detectors_checked"":1146880}"
      4096,         0,         0,   0.081,exact_mw,cb12ae119b9b2ba18d0216e7235b403229e92fd0743ede48fe7f1a2c6f45d594,"{""distance"":5,""physical_error_rate"":0.0005}","{""detection_events"":2210,""detectors_checked"":917504}"
      5120,         0,         0,   0.110,exact_mw,cb12ae119b9b2ba18d0216e7235b403229e92fd0743ede48fe7f1a2c6f45d594,"{""distance"":5,""physical_error_rate"":0.0005}","{""detection_events"":2610,""detectors_checked"":1146880}"
         1,         0,         0,   0.005,exact_mw,7b4896c0e7f0a510554d89637fd747b157418067a95869d1f0661294d473d1dc,"{""distance"":5,""physical_error_rate"":0.02}","{""detection_events"":35,""detectors_checked"":224}"
        17,         0,         0,   0.030,exact_mw,38b7ae1c4e8407fc325e0d9e43e9f92ff26dcb3f5cf7b98d24ea74c9e5188d39,"{""distance"":5,""physical_error_rate"":0.005}","{""detection_events"":70,""detectors_checked"":3808}"
      7168,         0,         0,   0.159,exact_mw,cb12ae119b9b2ba18d0216e7235b403229e92fd0743ede48fe7f1a2c6f45d594,"{""distance"":5,""physical_error_rate"":0.0005}","{""detection_events"":3518,""detectors_checked"":1605632}"
        16,         0,         0,   0.194,exact_mw,7b4896c0e7f0a510554d89637fd747b157418067a95869d1f0661294d473d1dc,"{""distance"":5,""physical_error_rate"":0.02}","{""detection_events"":304,""detectors_checked"":3584}"
     19456,         0,         0,   0.207,exact_mw,cb12ae119b9b2ba18d0216e7235b403229e92fd0743ede48fe7f1a2c6f45d594,"{""distance"":5,""physical_error_rate"":0.0005}","{""detection_events"":9489,""detectors_checked"":4358144}"
         1,         0,         0,   0.008,exact_mw,7fd11737ba5953e5998cf5d5ab7672462ce2ff07a9ab0f8628176a3f70e7a095,"{""distance"":5,""physical_error_rate"":0.05}","{""detection_events"":44,""detectors_checked"":224}"
       256,         1,         0,   0.512,exact_mw,38b7ae1c4e8407fc325e0d9e43e9f92ff26dcb3f5cf7b98d24ea74c9e5188d39,"{""distance"":5,""physical_error_rate"":0.005}","{""detection_events"":1181,""detectors_checked"":57344,""obs_mistake_mask=E"":1}"
        32,         1,         0,   0.364,exact_mw,7b4896c0e7f0a510554d89637fd747b157418067a95869d1f0661294d473d1dc,"{""distance"":5,""physical_error_rate"":0.02}","{""detection_events"":587,""detectors_checked"":7168,""obs_mistake_mask=E"":1}"
     20480,         0,         0,   0.282,exact_mw,cb12ae119b9b2ba18d0216e7235b403229e92fd0743ede48fe7f1a2c6f45d594,"{""distance"":5,""physical_error_rate"":0.0005}","{""detection_events"":10315,""detectors_checked"":4587520}"
        16,         3,         0,   0.232,exact_mw,7fd11737ba5953e5998cf5d5ab7672462ce2ff07a9ab0f8628176a3f70e7a095,"{""distance"":5,""physical_error_rate"":0.05}","{""detection_events"":657,""detectors_checked"":3584,""obs_mistake_mask=E"":3}"
         1,         0,         0,   0.011,exact_mw,d68317bf2f4c69d73359111c5597779a07d8ed85f1f94573f1c8a2f6c683850d,"{""distance"":5,""physical_error_rate"":0.2}","{""detection_events"":89,""detectors_checked"":224}"
         1,         0,         0,   0.010,exact_mw,70a969f5042aec17ac076c6379f4170fb7c69b8e925756ef3b7334e28a33338b,"{""distance"":5,""physical_error_rate"":0.0001}","{""detectors_checked"":224}"
      2320,         0,         0,   0.029,exact_mw,70a969f5042aec17ac076c6379f4170fb7c69b8e925756ef3b7334e28a33338b,"{""distance"":5,""physical_error_rate"":0.0001}","{""detection_events"":253,""detectors_checked"":519680}"
        32,         3,         0,   0.381,exact_mw,7b4896c0e7f0a510554d89637fd747b157418067a95869d1f0661294d473d1dc,"{""distance"":5,""physical_error_rate"":0.02}","{""detection_events"":554,""detectors_checked"":7168,""obs_mistake_mask=E"":3}"
       256,         0,         0,   0.382,exact_mw,38b7ae1c4e8407fc325e0d9e43e9f92ff26dcb3f5cf7b98d24ea74c9e5188d39,"{""distance"":5,""physical_error_rate"":0.005}","{""detection_events"":1162,""detectors_checked"":57344}"
      1024,         0,         0,   0.033,exact_mw,70a969f5042aec17ac076c6379f4170fb7c69b8e925756ef3b7334e28a33338b,"{""distance"":5,""physical_error_rate"":0.0001}","{""detection_events"":86,""detectors_checked"":229376}"
      2048,         0,         0,   0.031,exact_mw,70a969f5042aec17ac076c6379f4170fb7c69b8e925756ef3b7334e28a33338b,"{""distance"":5,""physical_error_rate"":0.0001}","{""detection_events"":221,""detectors_checked"":458752}"
     29696,         1,         0,   0.406,exact_mw,cb12ae119b9b2ba18d0216e7235b403229e92fd0743ede48fe7f1a2c6f45d594,"{""distance"":5,""physical_error_rate"":0.0005}","{""detection_events"":14839,""detectors_checked"":6651904,""obs_mistake_mask=E"":1}"
      3072,         0,         0,   0.059,exact_mw,70a969f5042aec17ac076c6379f4170fb7c69b8e925756ef3b7334e28a33338b,"{""distance"":5,""physical_error_rate"":0.0001}","{""detection_events"":263,""detectors_checked"":688128}"
         1,         0,         0,   0.009,exact_mw,d68317bf2f4c69d73359111c5597779a07d8ed85f1f94573f1c8a2f6c683850d,"{""distance"":5,""physical_error_rate"":0.2}","{""detection_events"":81,""detectors_checked"":224}"
         1,         0,         0,   0.022,exact_mw,7b4896c0e7f0a510554d89637fd747b157418067a95869d1f0661294d473d1dc,"{""distance"":5,""physical_error_rate"":0.02}","{""detection_events"":6,""detectors_checked"":224}"
        16,         8,         0,   0.251,exact_mw,d68317bf2f4c69d73359111c5597779a07d8ed85f1f94573f1c8a2f6c683850d,"{""distance"":5,""physical_error_rate"":0.2}","{""detection_events"":1442,""detectors_checked"":3584,""obs_mistake_mask=E"":8}"
         1,         0,         0,   0.011,exact_mw,bb90ec3459e353008cf9a5bb9142bf1e8515517a9e167021b225104594e48e8a,"{""distance"":5,""physical_error_rate"":0.001}","{""detection_events"":4,""detectors_checked"":224}"
      4096,         0,         0,   0.063,exact_mw,70a969f5042aec17ac076c6379f4170fb7c69b8e925756ef3b7334e28a33338b,"{""distance"":5,""physical_error_rate"":0.0001}","{""detection_events"":411,""detectors_checked"":917504}"
      1296,         0,         0,   0.070,exact_mw,bb90ec3459e353008cf9a5bb9142bf1e8515517a9e167021b225104594e48e8a,"{""distance"":5,""physical_error_rate"":0.001}","{""detection_events"":1279,""detectors_checked"":290304}"
      4096,         0,         0,   0.088,exact_mw,70a969f5042aec17ac076c6379f4170fb7c69b8e925756ef3b7334e28a33338b,"{""distance"":5,""physical_error_rate"":0.0001}","{""detection_events"":403,""detectors_checked"":917504}"
        16,         0,         0,   0.154,exact_mw,7b4896c0e7f0a510554d89637fd747b157418067a95869d1f0661294d473d1dc,"{""distance"":5,""physical_error_rate"":0.02}","{""detection_events"":287,""detectors_checked"":3584}"
        32,         6,         0,   0.481,exact_mw,7fd11737ba5953e5998cf5d5ab7672462ce2ff07a9ab0f8628176a3f70e7a095,"{""distance"":5,""physical_error_rate"":0.05}","{""detection_events"":1237,""detectors_checked"":7168,""obs_mistake_mask=E"":6}"
      1024,         0,         0,   0.101,exact_mw,bb90ec3459e353008cf9a5bb9142bf1e8515517a9e167021b225104594e48e8a,"{""distance"":5,""physical_error_rate"":0.001}","{""detection_events"":940,""detectors_checked"":229376}"
         1,         0,         0,   0.017,exact_mw,3208f56225bbcac0e2804eb6f92d0a8b681652a702ca1ec920ccd7367f0e0899,"{""distance"":5,""physical_error_rate"":0.002}","{""detectors_checked"":224}"
      6144,         0,         0,   0.119,exact_mw,70a969f5042aec17ac076c6379f4170fb7c69b8e925756ef3b7334e28a33338b,"{""distance"":5,""physical_error_rate"":0.0001}","{""detection_events"":609,""detectors_checked"":1376256}"
        32,         2,         0,   0.386,exact_mw,7b4896c0e7f0a510554d89637fd747b157418067a95869d1f0661294d473d1dc,"{""distance"":5,""physical_error_rate"":0.02}","{""detection_events"":587,""detectors_checked"":7168,""obs_mistake_mask=E"":2}"
        16,         7,         0,   0.260,exact_mw,d68317bf2f4c69d73359111c5597779a07d8ed85f1f94573f1c8a2f6c683850d,"{""distance"":5,""physical_error_rate"":0.2}","{""detection_events"":1418,""detectors_checked"":3584,""obs_mistake_mask=E"":7}"
         1,         0,         0,   0.011,exact_mw,7fd11737ba5953e5998cf5d5ab7672462ce2ff07a9ab0f8628176a3f70e7a095,"{""distance"":5,""physical_error_rate"":0.05}","{""detection_events"":35,""detectors_checked"":224}"
       272,         0,         0,   0.054,exact_mw,3208f56225bbcac0e2804eb6f92d0a8b681652a702ca1ec920ccd7367f0e0899,"{""distance"":5,""physical_error_rate"":0.002}","{""detection_events"":509,""detectors_checked"":60928}"
      2048,         0,         0,   0.100,exact_mw,bb90ec3459e353008cf9a5bb9142bf1e8515517a9e167021b225104594e48e8a,"{""distance"":5,""physical_error_rate"":0.001}","{""detection_events"":2015,""detectors_checked"":458752}"
       256,         1,         0,   0.470,exact_mw,38b7ae1c4e8407fc325e0d9e43e9f92ff26dcb3f5cf7b98d24ea74c9e5188d39,"{""distance"":5,""physical_error_rate"":0.005}","{""detection_events"":1239,""detectors_checked"":57344,""obs_mistake_mask=E"":1}"
      2048,         0,         0,   0.087,exact_mw,bb90ec3459e353008cf9a5bb9142bf1e8515517a9e167021b225104594e48e8a,"{""distance"":5,""physical_error_rate"":0.001}","{""detection_events"":2095,""detectors_checked"":458752}"
      7168,         0,         0,   0.168,exact_mw,70a969f5042aec17ac076c6379f4170fb7c69b8e925756ef3b7334e28a33338b,"{""distance"":5,""physical_error_rate"":0.0001}","{""detection_events"":708,""detectors_checked"":1605632}"
         1,         0,         0,   0.007,exact_mw,bb90ec3459e353008cf9a5bb9142bf1e8515517a9e167021b225104594e48e8a,"{""distance"":5,""physical_error_rate"":0.001}","{""detectors_checked"":224}"
        17,         7,         0,   0.287,exact_mw,d68317bf2f4c69d73359111c5597779a07d8ed85f1f94573f1c8a2f6c683850d,"{""distance"":5,""physical_error_rate"":0.2}","{""detection_events"":1548,""detectors_checked"":3808,""obs_mistake_mask=E"":7}"
      1024,         0,         0,   0.060,exact_mw,bb90ec3459e353008cf9a5bb9142bf1e8515517a9e167021b225104594e48e8a,"{""distance"":5,""physical_error_rate"":0.001}","{""detection_events"":893,""detectors_checked"":229376}"
      1296,         0,         0,   0.065,exact_mw,bb90ec3459e353008cf9a5bb9142bf1e8515517a9e167021b225104594e48e8a,"{""distance"":5,""physical_error_rate"":0.001}","{""detection_events"":1273,""detectors_checked"":290304}"
        16,         5,         0,   0.245,exact_mw,7fd11737ba5953e5998cf5d5ab7672462ce2ff07a9ab0f8628176a3f70e7a095,"{""distance"":5,""physical_error_rate"":0.05}","{""detection_events"":624,""detectors_checked"":3584,""obs_mistake_mask=E"":5}"
      1024,         0,         0,   0.029,exact_mw,bb90ec3459e353008cf9a5bb9142bf1e8515517a9e167021b225104594e48e8a,"{""distance"":5,""physical_error_rate"":0.001}","{""detection_events"":939,""detectors_checked"":229376}"
     35840,         0,         0,   0.582,exact_mw,cb12ae119b9b2ba18d0216e7235b403229e92fd0743ede48fe7f1a2c6f45d594,"{""distance"":5,""physical_error_rate"":0.0005}","{""detection_events"":17482,""detectors_checked"":8028160}"
        32,         1,         0,   0.389,exact_mw,7b4896c0e7f0a510554d89637fd747b157418067a95869d1f0661294d473d1dc,"{""distance"":5,""physical_error_rate"":0.02}","{""detection_events"":512,""detectors_checked"":7168,""obs_mistake_mask=E"":1}"
        32,        11,         0,   0.555,exact_mw,d68317bf2f4c69d73359111c5597779a07d8ed85f1f94573f1c8a2f6c683850d,"{""distance"":5,""physical_error_rate"":0.2}","{""detection_events"":2762,""detectors_checked"":7168,""obs_mistake_mask=E"":11}"
      1024,         0,         0,   0.025,exact_mw,bb90ec3459e353008cf9a5bb9142bf1e8515517a9e167021b225104594e48e8a,"{""distance"":5,""physical_error_rate"":0.001}","{""detection_events"":918,""detectors_checked"":229376}"
        32,         1,         0,   0.363,exact_mw,7b4896c0e7f0a510554d89637fd747b157418067a95869d1f0661294d473d1dc,"{""distance"":5,""physical_error_rate"":0.02}","{""detection_events"":636,""detectors_checked"":7168,""obs_mistake_mask=E"":1}"
        32,         7,         0,   0.434,exact_mw,7fd11737ba5953e5998cf5d5ab7672462ce2ff07a9ab0f8628176a3f70e7a095,"{""distance"":5,""physical_error_rate"":0.05}","{""detection_events"":1194,""detectors_checked"":7168,""obs_mistake_mask=E"":7}"
     10240,         0,         0,   0.224,exact_mw,70a969f5042aec17ac076c6379f4170fb7c69b8e925756ef3b7334e28a33338b,"{""distance"":5,""physical_error_rate"":0.0001}","{""detection_events"":998,""detectors_checked"":2293760}"
      2048,         0,         0,   0.178,exact_mw,bb90ec3459e353008cf9a5bb9142bf1e8515517a9e167021b225104594e48e8a,"{""distance"":5,""physical_error_rate"":0.001}","{""detection_events"":2120,""detectors_checked"":458752}"
      1024,         0,         0,   0.350,exact_mw,3208f56225bbcac0e2804eb6f92d0a8b681652a702ca1ec920ccd7367f0e0899,"{""distance"":5,""physical_error_rate"":0.002}","{""detection_events"":2105,""detectors_checked"":229376}"
      2048,         0,         0,   0.096,exact_mw,bb90ec3459e353008cf9a5bb9142bf1e8515517a9e167021b225104594e48e8a,"{""distance"":5,""physical_error_rate"":0.001}","{""detection_events"":2104,""detectors_checked"":458752}"
       256,         0,         0,   0.336,exact_mw,38b7ae1c4e8407fc325e0d9e43e9f92ff26dcb3f5cf7b98d24ea74c9e5188d39,"{""distance"":5,""physical_error_rate"":0.005}","{""detection_events"":1072,""detectors_checked"":57344}"
      1297,         0,         0,   0.011,exact_mw,f32ebecd8e105e50ec838d33c5ed9b45444b6b44a3c6ac541111079f2b14e893,"{""distance"":5,""physical_error_rate"":5e-05}","{""detection_events"":65,""detectors_checked"":290528}"
         1,         0,         0,   0.020,exact_mw,14059eecea5f7bdc562c01e7682d53b775a747f80d40379178915ac673e3b6bb,"{""distance"":5,""physical_error_rate"":0.5}","{""detection_events"":122,""detectors_checked"":224}"
      1024,         0,         0,   0.025,exact_mw,f32ebecd8e105e50ec838d33c5ed9b45444b6b44a3c6ac541111079f2b14e893,"{""distance"":5,""physical_error_rate"":5e-05}","{""detection_events"":75,""detectors_checked"":229376}"
         1,         0,         0,   0.014,exact_mw,38b7ae1c4e8407fc325e0d9e43e9f92ff26dcb3f5cf7b98d24ea74c9e5188d39,"{""distance"":5,""physical_error_rate"":0.005}","{""detection_events"":4,""detectors_checked"":224}"
      2048,         0,         0,   0.006,exact_mw,f32ebecd8e105e50ec838d33c5ed9b45444b6b44a3c6ac541111079f2b14e893,"{""distance"":5,""physical_error_rate"":5e-05}","{""detection_events"":90,""detectors_checked"":458752}"
        16,         0,         0,   0.031,exact_mw,38b7ae1c4e8407fc325e0d9e43e9f92ff26dcb3f5cf7b98d24ea74c9e5188d39,"{""distance"":5,""physical_error_rate"":0.005}","{""detection_events"":68,""detectors_checked"":3584}"
      2048,         0,         0,   0.102,exact_mw,bb90ec3459e353008cf9a5bb9142bf1e8515517a9e167021b225104594e48e8a,"{""distance"":5,""physical_error_rate"":0.001}","{""detection_events"":2030,""detectors_checked"":458752}"
      3072,         0,         0,   0.030,exact_mw,f32ebecd8e105e50ec838d33c5ed9b45444b6b44a3c6ac541111079f2b14e893,"{""distance"":5,""physical_error_rate"":5e-05}","{""detection_events"":138,""detectors_checked"":688128}"
      2048,         0,         0,   0.182,exact_mw,bb90ec3459e353008cf9a5bb9142bf1e8515517a9e167021b225104594e48e8a,"{""distance"":5,""physical_error_rate"":0.001}","{""detection_events"":1878,""detectors_checked"":458752}"
        32,        18,         0,   0.559,exact_mw,d68317bf2f4c69d73359111c5597779a07d8ed85f1f94573f1c8a2f6c683850d,"{""distance"":5,""physical_error_rate"":0.2}","{""detection_events"":2813,""detectors_checked"":7168,""obs_mistake_mask=E"":18}"
      1024,         0,         0,   0.183,exact_mw,3208f56225bbcac0e2804eb6f92d0a8b681652a702ca1ec920ccd7367f0e0899,"{""distance"":5,""physical_error_rate"":0.002}","{""detection_events"":1997,""detectors_checked"":229376}"
      4096,         0,         0,   0.035,exact_mw,f32ebecd8e105e50ec838d33c5ed9b45444b6b44a3c6ac541111079f2b14e893,"{""distance"":5,""physical_error_rate"":5e-05}","{""detection_events"":203,""detectors_checked"":917504}"
      4096,         0,         0,   0.033,exact_mw,f32ebecd8e105e50ec838d33c5ed9b45444b6b44a3c6ac541111079f2b14e893,"{""distance"":5,""physical_error_rate"":5e-05}","{""detection_events"":170,""detectors_checked"":917504}"
        32,         0,         0,   0.313,exact_mw,7b4896c0e7f0a510554d89637fd747b157418067a95869d1f0661294d473d1dc,"{""distance"":5,""physical_error_rate"":0.02}","{""detection_events"":490,""detectors_checked"":7168}"
      2048,         0,         0,   0.125,exact_mw,bb90ec3459e353008cf9a5bb9142bf1e8515517a9e167021b225104594e48e8a,"{""distance"":5,""physical_error_rate"":0.001}","{""detection_events"":2069,""detectors_checked"":458752}"
     14336,         0,         0,   0.302,exact_mw,70a969f5042aec17ac076c6379f4170fb7c69b8e925756ef3b7334e28a33338b,"{""distance"":5,""physical_error_rate"":0.0001}","{""detection_events"":1358,""detectors_checked"":3211264}"
      5120,         0,         0,   0.057,exact_mw,f32ebecd8e105e50ec838d33c5ed9b45444b6b44a3c6ac541111079f2b14e893,"{""distance"":5,""physical_error_rate"":5e-05}","{""detection_events"":273,""detectors_checked"":1146880}"
      2048,         0,         0,   0.149,exact_mw,bb90ec3459e353008cf9a5bb9142bf1e8515517a9e167021b225104594e48e8a,"{""distance"":5,""physical_error_rate"":0.001}","{""detection_events"":1884,""detectors_checked"":458752}"
        32,        10,         0,   0.340,exact_mw,7fd11737ba5953e5998cf5d5ab7672462ce2ff07a9ab0f8628176a3f70e7a095,"{""distance"":5,""physical_error_rate"":0.05}","{""detection_events"":1212,""detectors_checked"":7168,""obs_mistake_mask=E"":10}"
        32,        16,         0,   0.536,exact_mw,d68317bf2f4c69d73359111c5597779a07d8ed85f1f94573f1c8a2f6c683850d,"{""distance"":5,""physical_error_rate"":0.2}","{""detection_events"":2823,""detectors_checked"":7168,""obs_mistake_mask=E"":16}"
        32,         0,         0,   0.361,exact_mw,7b4896c0e7f0a510554d89637fd747b157418067a95869d1f0661294d473d1dc,"{""distance"":5,""physical_error_rate"":0.02}","{""detection_events"":584,""detectors_checked"":7168}"
         1,         0,         0,   0.001,exact_mw,70a969f5042aec17ac076c6379f4170fb7c69b8e925756ef3b7334e28a33338b,"{""distance"":5,""physical_error_rate"":0.0001}","{""detectors_checked"":224}"
      2320,         0,         0,   0.022,exact_mw,70a969f5042aec17ac076c6379f4170fb7c69b8e925756ef3b7334e28a33338b,"{""distance"":5,""physical_error_rate"":0.0001}","{""detection_events"":227,""detectors_checked"":519680}"
      3072,         0,         0,   0.019,exact_mw,70a969f5042aec17ac076c6379f4170fb7c69b8e925756ef3b7334e28a33338b,"{""distance"":5,""physical_error_rate"":0.0001}","{""detection_events"":254,""detectors_checked"":688128}"
      3072,         0,         0,   0.127,exact_mw,bb90ec3459e353008cf9a5bb9142bf1e8515517a9e167021b225104594e48e8a,"{""distance"":5,""physical_error_rate"":0.001}","{""detection_events"":3064,""detectors_checked"":688128}"
        16,         7,         0,   0.340,exact_mw,14059eecea5f7bdc562c01e7682d53b775a747f80d40379178915ac673e3b6bb,"{""distance"":5,""physical_error_rate"":0.5}","{""detection_events"":1800,""detectors_checked"":3584,""obs_mistake_mask=E"":7}"
        32,        16,         0,   0.492,exact_mw,d68317bf2f4c69d73359111c5597779a07d8ed85f1f94573f1c8a2f6c683850d,"{""distance"":5,""physical_error_rate"":0.2}","{""detection_events"":2793,""detectors_checked"":7168,""obs_mistake_mask=E"":16}"
      9216,         0,         0,   0.117,exact_mw,f32ebecd8e105e50ec838d33c5ed9b45444b6b44a3c6ac541111079f2b14e893,"{""distance"":5,""physical_error_rate"":5e-05}","{""detection_events"":462,""detectors_checked"":2064384}"
      3072,         0,         0,   0.030,exact_mw,70a969f5042aec17ac076c6379f4170fb7c69b8e925756ef3b7334e28a33338b,"{""distance"":5,""physical_error_rate"":0.0001}","{""detection_events"":370,""detectors_checked"":688128}"
        32,         6,         0,   0.592,exact_mw,7fd11737ba5953e5998cf5d5ab7672462ce2ff07a9ab0f8628176a3f70e7a095,"{""distance"":5,""physical_error_rate"":0.05}","{""detection_events"":1234,""detectors_checked"":7168,""obs_mistake_mask=E"":6}"
      2048,         0,         0,   0.006,exact_mw,70a969f5042aec17ac076c6379f4170fb7c69b8e925756ef3b7334e28a33338b,"{""distance"":5,""physical_error_rate"":0.0001}","{""detection_events"":185,""detectors_checked"":458752}"
      1024,         0,         0,   0.302,exact_mw,3208f56225bbcac0e2804eb6f92d0a8b681652a702ca1ec920ccd7367f0e0899,"{""distance"":5,""physical_error_rate"":0.002}","{""detection_events"":1913,""detectors_checked"":229376}"
       256,         0,         0,   0.470,exact_mw,38b7ae1c4e8407fc325e0d9e43e9f92ff26dcb3f5cf7b98d24ea74c9e5188d39,"{""distance"":5,""physical_error_rate"":0.005}","{""detection_events"":1178,""detectors_checked"":57344}"
      6144,         0,         0,   0.054,exact_mw,70a969f5042aec17ac076c6379f4170fb7c69b8e925756ef3b7334e28a33338b,"{""distance"":5,""physical_error_rate"":0.0001}","{""detection_events"":604,""detectors_checked"":1376256}"
      3072,         0,         0,   0.148,exact_mw,bb90ec3459e353008cf9a5bb9142bf1e8515517a9e167021b225104594e48e8a,"{""distance"":5,""physical_error_rate"":0.001}","{""detection_events"":3112,""detectors_checked"":688128}"
       256,         0,         0,   0.452,exact_mw,38b7ae1c4e8407fc325e0d9e43e9f92ff26dcb3f5cf7b98d24ea74c9e5188d39,"{""distance"":5,""physical_error_rate"":0.005}","{""detection_events"":1197,""detectors_checked"":57344}"
     11264,         0,         0,   0.147,exact_mw,f32ebecd8e105e50ec838d33c5ed9b45444b6b44a3c6ac541111079f2b14e893,"{""distance"":5,""physical_error_rate"":5e-05}","{""detection_events"":600,""detectors_checked"":2523136}"
      4096,         0,         0,   0.271,exact_mw,bb90ec3459e353008cf9a5bb9142bf1e8515517a9e167021b225104594e48e8a,"{""distance"":5,""physical_error_rate"":0.001}","{""detection_events"":3882,""detectors_checked"":917504}"
        32,         2,         0,   0.366,exact_mw,7b4896c0e7f0a510554d89637fd747b157418067a95869d1f0661294d473d1dc,"{""distance"":5,""physical_error_rate"":0.02}","{""detection_events"":623,""detectors_checked"":7168,""obs_mistake_mask=E"":2}"
         1,         0,         0,   0.001,exact_mw,3208f56225bbcac0e2804eb6f92d0a8b681652a702ca1ec920ccd7367f0e0899,"{""distance"":5,""physical_error_rate"":0.002}","{""detectors_checked"":224}"
      7168,         0,         0,   0.060,exact_mw,70a969f5042aec17ac076c6379f4170fb7c69b8e925756ef3b7334e28a33338b,"{""distance"":5,""physical_error_rate"":0.0001}","{""detection_events"":629,""detectors_checked"":1605632}"
         1,         0,         0,   0.005,exact_mw,7fd11737ba5953e5998cf5d5ab7672462ce2ff07a9ab0f8628176a3f70e7a095,"{""distance"":5,""physical_error_rate"":0.05}","{""detection_events"":32,""detectors_checked"":224}"
        32,         0,         0,   0.289,exact_mw,7b4896c0e7f0a510554d89637fd747b157418067a95869d1f0661294d473d1dc,"{""distance"":5,""physical_error_rate"":0.02}","{""detection_events"":540,""detectors_checked"":7168}"
       272,         0,         0,   0.028,exact_mw,3208f56225bbcac0e2804eb6f92d0a8b681652a702ca1ec920ccd7367f0e0899,"{""distance"":5,""physical_error_rate"":0.002}","{""detection_events"":534,""detectors_checked"":60928}"
      1297,         0,         0,   0.028,exact_mw,cdc4a450a40af8e24899239080e4c40992fb5baf91c5a31ab3a165eacb3a1ab3,"{""distance"":5,""physical_error_rate"":0.0002}","{""detection_events"":281,""detectors_checked"":290528}"
      1024,         0,         0,   0.003,exact_mw,cdc4a450a40af8e24899239080e4c40992fb5baf91c5a31ab3a165eacb3a1ab3,"{""distance"":5,""physical_error_rate"":0.0002}","{""detection_events"":232,""detectors_checked"":229376}"
         1,         0,         0,   0.001,exact_mw,70a969f5042aec17ac076c6379f4170fb7c69b8e925756ef3b7334e28a33338b,"{""distance"":5,""physical_error_rate"":0.0001}","{""detectors_checked"":224}"
        32,        11,         0,   0.530,exact_mw,d68317bf2f4c69d73359111c5597779a07d8ed85f1f94573f1c8a2f6c683850d,"{""distance"":5,""physical_error_rate"":0.2}","{""detection_events"":2869,""detectors_checked"":7168,""obs_mistake_mask=E"":11}"
     62464,         0,         0,   0.794,exact_mw,cb12ae119b9b2ba18d0216e7235b403229e92fd0743ede48fe7f1a2c6f45d594,"{""distance"":5,""physical_error_rate"":0.0005}","{""detection_events"":30727,""detectors_checked"":13991936}"
      1024,         0,         0,   0.025,exact_mw,cdc4a450a40af8e24899239080e4c40992fb5baf91c5a31ab3a165eacb3a1ab3,"{""distance"":5,""physical_error_rate"":0.0002}","{""detection_events"":193,""detectors_checked"":229376}"
     22528,         0,         0,   0.420,exact_mw,70a969f5042aec17ac076c6379f4170fb7c69b8e925756ef3b7334e28a33338b,"{""distance"":5,""physical_error_rate"":0.0001}","{""detection_events"":2313,""detectors_checked"":5046272}"
      6144,         0,         0,   0.077,exact_mw,70a969f5042aec17ac076c6379f4170fb7c69b8e925756ef3b7334e28a33338b,"{""distance"":5,""physical_error_rate"":0.0001}","{""detection_events"":580,""detectors_checked"":1376256}"
      3344,         0,         0,   0.030,exact_mw,70a969f5042aec17ac076c6379f4170fb7c69b8e925756ef3b7334e28a33338b,"{""distance"":5,""physical_error_rate"":0.0001}","{""detection_events"":322,""detectors_checked"":749056}"
         1,         0,         0,   0.001,exact_mw,70a969f5042aec17ac076c6379f4170fb7c69b8e925756ef3b7334e28a33338b,"{""distance"":5,""physical_error_rate"":0.0001}","{""detectors_checked"":224}"
      2048,         0,         0,   0.028,exact_mw,cdc4a450a40af8e24899239080e4c40992fb5baf91c5a31ab3a165eacb3a1ab3,"{""distance"":5,""physical_error_rate"":0.0002}","{""detection_events"":434,""detectors_checked"":458752}"
        32,         6,         0,   0.425,exact_mw,7fd11737ba5953e5998cf5d5ab7672462ce2ff07a9ab0f8628176a3f70e7a095,"{""distance"":5,""physical_error_rate"":0.05}","{""detection_events"":1214,""detectors_checked"":7168,""obs_mistake_mask=E"":6}"
      2048,         0,         0,   0.018,exact_mw,70a969f5042aec17ac076c6379f4170fb7c69b8e925756ef3b7334e28a33338b,"{""distance"":5,""physical_error_rate"":0.0001}","{""detection_events"":191,""detectors_checked"":458752}"
      3344,         0,         0,   0.023,exact_mw,70a969f5042aec17ac076c6379f4170fb7c69b8e925756ef3b7334e28a33338b,"{""distance"":5,""physical_error_rate"":0.0001}","{""detection_events"":275,""detectors_checked"":749056}"
      4096,         0,         0,   0.032,exact_mw,cdc4a450a40af8e24899239080e4c40992fb5baf91c5a31ab3a165eacb3a1ab3,"{""distance"":5,""physical_error_rate"":0.0002}","{""detection_events"":745,""detectors_checked"":917504}"
        16,         7,         0,   0.374,exact_mw,14059eecea5f7bdc562c01e7682d53b775a747f80d40379178915ac673e3b6bb,"{""distance"":5,""physical_error_rate"":0.5}","{""detection_events"":1749,""detectors_checked"":3584,""obs_mistake_mask=E"":7}"
     17408,         0,         0,   0.198,exact_mw,f32ebecd8e105e50ec838d33c5ed9b45444b6b44a3c6ac541111079f2b14e893,"{""distance"":5,""physical_error_rate"":5e-05}","{""detection_events"":918,""detectors_checked"":3899392}"
      3072,         1,         0,   0.224,exact_mw,bb90ec3459e353008cf9a5bb9142bf1e8515517a9e167021b225104594e48e8a,"{""distance"":5,""physical_error_rate"":0.001}","{""detection_events"":2941,""detectors_checked"":688128,""obs_mistake_mask=E"":1}"
      2048,         0,         0,   0.007,exact_mw,70a969f5042aec17ac076c6379f4170fb7c69b8e925756ef3b7334e28a33338b,"{""distance"":5,""physical_error_rate"":0.0001}","{""detection_events"":187,""detectors_checked"":458752}"
      2048,         0,         0,   0.037,exact_mw,70a969f5042aec17ac076c6379f4170fb7c69b8e925756ef3b7334e28a33338b,"{""distance"":5,""physical_error_rate"":0.0001}","{""detection_events"":188,""detectors_checked"":458752}"
      1024,         0,         0,   0.003,exact_mw,70a969f5042aec17ac076c6379f4170fb7c69b8e925756ef3b7334e28a33338b,"{""distance"":5,""physical_error_rate"":0.0001}","{""detection_events"":104,""detectors_checked"":229376}"
      1024,         0,         0,   0.327,exact_mw,3208f56225bbcac0e2804eb6f92d0a8b681652a702ca1ec920ccd7367f0e0899,"{""distance"":5,""physical_error_rate"":0.002}","{""detection_events"":2194,""detectors_checked"":229376}"
      4096,         0,         0,   0.038,exact_mw,70a969f5042aec17ac076c6379f4170fb7c69b8e925756ef3b7334e28a33338b,"{""distance"":5,""physical_error_rate"":0.0001}","{""detection_events"":348,""detectors_checked"":917504}"
      6144,         0,         0,   0.037,exact_mw,cdc4a450a40af8e24899239080e4c40992fb5baf91c5a31ab3a165eacb3a1ab3,"{""distance"":5,""physical_error_rate"":0.0002}","{""detection_events"":1177,""detectors_checked"":1376256}"
      5120,         0,         0,   0.061,exact_mw,70a969f5042aec17ac076c6379f4170fb7c69b8e925756ef3b7334e28a33338b,"{""distance"":5,""physical_error_rate"":0.0001}","{""detection_events"":508,""detectors_checked"":1146880}"
         1,         0,         0,   0.020,exact_mw,7b4896c0e7f0a510554d89637fd747b157418067a95869d1f0661294d473d1dc,"{""distance"":5,""physical_error_rate"":0.02}","{""detection_events"":33,""detectors_checked"":224}"
        32,        19,         0,   0.522,exact_mw,d68317bf2f4c69d73359111c5597779a07d8ed85f1f94573f1c8a2f6c683850d,"{""distance"":5,""physical_error_rate"":0.2}","{""detection_events"":2867,""detectors_checked"":7168,""obs_mistake_mask=E"":19}"
        16,         4,         0,   0.222,exact_mw,7fd11737ba5953e5998cf5d5ab7672462ce2ff07a9ab0f8628176a3f70e7a095,"{""distance"":5,""physical_error_rate"":0.05}","{""detection_events"":612,""detectors_checked"":3584,""obs_mistake_mask=E"":4}"
      4096,         0,         0,   0.271,exact_mw,bb90ec3459e353008cf9a5bb9142bf1e8515517a9e167021b225104594e48e8a,"{""distance"":5,""physical_error_rate"":0.001}","{""detection_events"":3868,""detectors_checked"":917504}"
     11264,         0,         0,   0.169,exact_mw,70a969f5042aec17ac076c6379f4170fb7c69b8e925756ef3b7334e28a33338b,"{""distance"":5,""physical_error_rate"":0.0001}","{""detection_events"":1181,""detectors_checked"":2523136}"
         1,         1,         0,   0.010,exact_mw,7def73f725f8347dc4de7c57664b66d91778cc6018e33f45b3defe89c7a0cfc0,"{""distance"":5,""physical_error_rate"":0.1}","{""detection_events"":65,""detectors_checked"":224,""obs_mistake_mask=E"":1}"
      4096,         0,         0,   0.050,exact_mw,70a969f5042aec17ac076c6379f4170fb7c69b8e925756ef3b7334e28a33338b,"{""distance"":5,""physical_error_rate"":0.0001}","{""detection_events"":369,""detectors_checked"":917504}"
      6144,         0,         0,   0.061,exact_mw,cdc4a450a40af8e24899239080e4c40992fb5baf91c5a31ab3a165eacb3a1ab3,"{""distance"":5,""physical_error_rate"":0.0002}","{""detection_events"":1305,""detectors_checked"":1376256}"
      4096,         0,         0,   0.054,exact_mw,70a969f5042aec17ac076c6379f4170fb7c69b8e925756ef3b7334e28a33338b,"{""distance"":5,""physical_error_rate"":0.0001}","{""detection_events"":393,""detectors_checked"":917504}"
         1,         0,         0,   0.020,exact_mw,d68317bf2f4c69d73359111c5597779a07d8ed85f1f94573f1c8a2f6c683850d,"{""distance"":5,""physical_error_rate"":0.2}","{""detection_events"":88,""detectors_checked"":224}"
      1024,         0,         0,   0.255,exact_mw,3208f56225bbcac0e2804eb6f92d0a8b681652a702ca1ec920ccd7367f0e0899,"{""distance"":5,""physical_error_rate"":0.002}","{""detection_events"":2129,""detectors_checked"":229376}"
        32,        14,         0,   0.531,exact_mw,d68317bf2f4c69d73359111c5597779a07d8ed85f1f94573f1c8a2f6c683850d,"{""distance"":5,""physical_error_rate"":0.2}","{""detection_events"":2849,""detectors_checked"":7168,""obs_mistake_mask=E"":14}"
       256,         0,         0,   0.452,exact_mw,38b7ae1c4e8407fc325e0d9e43e9f92ff26dcb3f5cf7b98d24ea74c9e5188d39,"{""distance"":5,""physical_error_rate"":0.005}","{""detection_events"":1125,""detectors_checked"":57344}"
      6144,         0,         0,   0.082,exact_mw,70a969f5042aec17ac076c6379f4170fb7c69b8e925756ef3b7334e28a33338b,"{""distance"":5,""physical_error_rate"":0.0001}","{""detection_events"":554,""detectors_checked"":1376256}"
      5120,         0,         0,   0.077,exact_mw,70a969f5042aec17ac076c6379f4170fb7c69b8e925756ef3b7334e28a33338b,"{""distance"":5,""physical_error_rate"":0.0001}","{""detection_events"":456,""detectors_checked"":1146880}"
        32,         1,         0,   0.382,exact_mw,7b4896c0e7f0a510554d89637fd747b157418067a95869d1f0661294d473d1dc,"{""distance"":5,""physical_error_rate"":0.02}","{""detection_events"":504,""detectors_checked"":7168,""obs_mistake_mask=E"":1}"
       256,         0,         0,   0.417,exact_mw,38b7ae1c4e8407fc325e0d9e43e9f92ff26dcb3f5cf7b98d24ea74c9e5188d39,"{""distance"":5,""physical_error_rate"":0.005}","{""detection_events"":1243,""detectors_checked"":57344}"
      6144,         0,         0,   0.099,exact_mw,cdc4a450a40af8e24899239080e4c40992fb5baf91c5a31ab3a165eacb3a1ab3,"{""distance"":5,""physical_error_rate"":0.0002}","{""detection_events"":1216,""detectors_checked"":1376256}"
         1,         0,         0,   0.016,exact_mw,cdc4a450a40af8e24899239080e4c40992fb5baf91c5a31ab3a165eacb3a1ab3,"{""distance"":5,""physical_error_rate"":0.0002}","{""detectors_checked"":224}"
      1296,         0,         0,   0.021,exact_mw,cdc4a450a40af8e24899239080e4c40992fb5baf91c5a31ab3a165eacb3a1ab3,"{""distance"":5,""physical_error_rate"":0.0002}","{""detection_events"":218,""detectors_checked"":290304}"
         1,         0,         0,   0.005,exact_mw,7def73f725f8347dc4de7c57664b66d91778cc6018e33f45b3defe89c7a0cfc0,"{""distance"":5,""physical_error_rate"":0.1}","{""detection_events"":69,""detectors_checked"":224}"
        32,         8,         0,   0.621,exact_mw,7fd11737ba5953e5998cf5d5ab7672462ce2ff07a9ab0f8628176a3f70e7a095,"{""distance"":5,""physical_error_rate"":0.05}","{""detection_events"":1268,""detectors_checked"":7168,""obs_mistake_mask=E"":8}"
        16,         1,         0,   0.210,exact_mw,7b4896c0e7f0a510554d89637fd747b157418067a95869d1f0661294d473d1dc,"{""distance"":5,""physical_error_rate"":0.02}","{""detection_events"":293,""detectors_checked"":3584,""obs_mistake_mask=E"":1}"
      8192,         0,         0,   0.107,exact_mw,70a969f5042aec17ac076c6379f4170fb7c69b8e925756ef3b7334e28a33338b,"{""distance"":5,""physical_error_rate"":0.0001}","{""detection_events"":876,""detectors_checked"":1835008}"
         1,         1,         0,   0.005,exact_mw,14059eecea5f7bdc562c01e7682d53b775a747f80d40379178915ac673e3b6bb,"{""distance"":5,""physical_error_rate"":0.5}","{""detection_events"":108,""detectors_checked"":224,""obs_mistake_mask=E"":1}"
      2048,         0,         0,   0.029,exact_mw,cdc4a450a40af8e24899239080e4c40992fb5baf91c5a31ab3a165eacb3a1ab3,"{""distance"":5,""physical_error_rate"":0.0002}","{""detection_events"":386,""detectors_checked"":458752}"
     22528,         0,         0,   0.299,exact_mw,f32ebecd8e105e50ec838d33c5ed9b45444b6b44a3c6ac541111079f2b14e893,"{""distance"":5,""physical_error_rate"":5e-05}","{""detection_events"":982,""detectors_checked"":5046272}"
     13312,         0,         0,   0.215,exact_mw,70a969f5042aec17ac076c6379f4170fb7c69b8e925756ef3b7334e28a33338b,"{""distance"":5,""physical_error_rate"":0.0001}","{""detection_events"":1296,""detectors_checked"":2981888}"
      2048,         0,         0,   0.022,exact_mw,cdc4a450a40af8e24899239080e4c40992fb5baf91c5a31ab3a165eacb3a1ab3,"{""distance"":5,""physical_error_rate"":0.0002}","{""detection_events"":415,""detectors_checked"":458752}"
      6144,         0,         0,   0.124,exact_mw,70a969f5042aec17ac076c6379f4170fb7c69b8e925756ef3b7334e28a33338b,"{""distance"":5,""physical_error_rate"":0.0001}","{""detection_events"":544,""detectors_checked"":1376256}"
        16,         7,         0,   0.350,exact_mw,14059eecea5f7bdc562c01e7682d53b775a747f80d40379178915ac673e3b6bb,"{""distance"":5,""physical_error_rate"":0.5}","{""detection_events"":1767,""detectors_checked"":3584,""obs_mistake_mask=E"":7}"
      2048,         0,         0,   0.023,exact_mw,cdc4a450a40af8e24899239080e4c40992fb5baf91c5a31ab3a165eacb3a1ab3,"{""distance"":5,""physical_error_rate"":0.0002}","{""detection_events"":389,""detectors_checked"":458752}"
      6144,         0,         0,   0.329,exact_mw,bb90ec3459e353008cf9a5bb9142bf1e8515517a9e167021b225104594e48e8a,"{""distance"":5,""physical_error_rate"":0.001}","{""detection_events"":6124,""detectors_checked"":1376256}"
      1024,         0,         0,   0.310,exact_mw,3208f56225bbcac0e2804eb6f92d0a8b681652a702ca1ec920ccd7367f0e0899,"{""distance"":5,""physical_error_rate"":0.002}","{""detection_events"":2051,""detectors_checked"":229376}"
         1,         0,         0,   0.007,exact_mw,f32ebecd8e105e50ec838d33c5ed9b45444b6b44a3c6ac541111079f2b14e893,"{""distance"":5,""physical_error_rate"":5e-05}","{""detectors_checked"":224}"
      8192,         0,         0,   0.165,exact_mw,cdc4a450a40af8e24899239080e4c40992fb5baf91c5a31ab3a165eacb3a1ab3,"{""distance"":5,""physical_error_rate"":0.0002}","{""detection_events"":1682,""detectors_checked"":1835008}"
        16,         6,         0,   0.122,exact_mw,7def73f725f8347dc4de7c57664b66d91778cc6018e33f45b3defe89c7a0cfc0,"{""distance"":5,""physical_error_rate"":0.1}","{""detection_events"":1004,""detectors_checked"":3584,""obs_mistake_mask=E"":6}"
        32,         7,         0,   0.460,exact_mw,7fd11737ba5953e5998cf5d5ab7672462ce2ff07a9ab0f8628176a3f70e7a095,"{""distance"":5,""physical_error_rate"":0.05}","{""detection_events"":1211,""detectors_checked"":7168,""obs_mistake_mask=E"":7}"
      2320,         0,         0,   0.032,exact_mw,f32ebecd8e105e50ec838d33c5ed9b45444b6b44a3c6ac541111079f2b14e893,"{""distance"":5,""physical_error_rate"":5e-05}","{""detection_events"":148,""detectors_checked"":519680}"
      2048,         0,         0,   0.056,exact_mw,cdc4a450a40af8e24899239080e4c40992fb5baf91c5a31ab3a165eacb3a1ab3,"{""distance"":5,""physical_error_rate"":0.0002}","{""detection_events"":395,""detectors_checked"":458752}"
       256,         1,         0,   0.243,exact_mw,38b7ae1c4e8407fc325e0d9e43e9f92ff26dcb3f5cf7b98d24ea74c9e5188d39,"{""distance"":5,""physical_error_rate"":0.005}","{""detection_events"":1288,""detectors_checked"":57344,""obs_mistake_mask=E"":1}"
      1024,         0,         0,   0.277,exact_mw,3208f56225bbcac0e2804eb6f92d0a8b681652a702ca1ec920ccd7367f0e0899,"{""distance"":5,""physical_error_rate"":0.002}","{""detection_events"":1964,""detectors_checked"":229376}"
        16,         4,         0,   0.339,exact_mw,7def73f725f8347dc4de7c57664b66d91778cc6018e33f45b3defe89c7a0cfc0,"{""distance"":5,""physical_error_rate"":0.1}","{""detection_events"":1005,""detectors_checked"":3584,""obs_mistake_mask=E"":4}"
        32,        20,         0,   0.543,exact_mw,d68317bf2f4c69d73359111c5597779a07d8ed85f1f94573f1c8a2f6c683850d,"{""distance"":5,""physical_error_rate"":0.2}","{""detection_events"":2861,""detectors_checked"":7168,""obs_mistake_mask=E"":20}"
      1024,         0,         0,   0.023,exact_mw,f32ebecd8e105e50ec838d33c5ed9b45444b6b44a3c6ac541111079f2b14e893,"{""distance"":5,""physical_error_rate"":5e-05}","{""detection_events"":56,""detectors_checked"":229376}"
        17,         0,         0,   0.062,exact_mw,38b7ae1c4e8407fc325e0d9e43e9f92ff26dcb3f5cf7b98d24ea74c9e5188d39,"{""distance"":5,""physical_error_rate"":0.005}","{""detection_events"":103,""detectors_checked"":3808}"
      2048,         0,         0,   0.013,exact_mw,f32ebecd8e105e50ec838d33c5ed9b45444b6b44a3c6ac541111079f2b14e893,"{""distance"":5,""physical_error_rate"":5e-05}","{""detection_events"":99,""detectors_checked"":458752}"
     11264,         0,         0,   0.149,exact_mw,70a969f5042aec17ac076c6379f4170fb7c69b8e925756ef3b7334e28a33338b,"{""distance"":5,""physical_error_rate"":0.0001}","{""detection_events"":1152,""detectors_checked"":2523136}"
         1,         0,         0,   0.005,exact_mw,f32ebecd8e105e50ec838d33c5ed9b45444b6b44a3c6ac541111079f2b14e893,"{""distance"":5,""physical_error_rate"":5e-05}","{""detection_events"":2,""detectors_checked"":224}"
      7168,         0,         0,   0.116,exact_mw,70a969f5042aec17ac076c6379f4170fb7c69b8e925756ef3b7334e28a33338b,"{""distance"":5,""physical_error_rate"":0.0001}","{""detection_events"":715,""detectors_checked"":1605632}"
     29696,         0,         0,   0.584,exact_mw,70a969f5042aec17ac076c6379f4170fb7c69b8e925756ef3b7334e28a33338b,"{""distance"":5,""physical_error_rate"":0.0001}","{""detection_events"":2833,""detectors_checked"":6651904}"
      1296,         0,         0,   0.016,exact_mw,f32ebecd8e105e50ec838d33c5ed9b45444b6b44a3c6ac541111079f2b14e893,"{""distance"":5,""physical_error_rate"":5e-05}","{""detection_events"":89,""detectors_checked"":290304}"
      5120,         0,         0,   0.091,exact_mw,cdc4a450a40af8e24899239080e4c40992fb5baf91c5a31ab3a165eacb3a1ab3,"{""distance"":5,""physical_error_rate"":0.0002}","{""detection_events"":1027,""detectors_checked"":1146880}"
        16,         8,         0,   0.382,exact_mw,d68317bf2f4c69d73359111c5597779a07d8ed85f1f94573f1c8a2f6c683850d,"{""distance"":5,""physical_error_rate"":0.2}","{""detection_events"":1427,""detectors_checked"":3584,""obs_mistake_mask=E"":8}"
      1024,         0,         0,   0.032,exact_mw,f32ebecd8e105e50ec838d33c5ed9b45444b6b44a3c6ac541111079f2b14e893,"{""distance"":5,""physical_error_rate"":5e-05}","{""detection_events"":37,""detectors_checked"":229376}"
      5120,         0,         0,   0.058,exact_mw,f32ebecd8e105e50ec838d33c5ed9b45444b6b44a3c6ac541111079f2b14e893,"{""distance"":5,""physical_error_rate"":5e-05}","{""detection_events"":282,""detectors_checked"":1146880}"
      7168,         0,         0,   0.470,exact_mw,bb90ec3459e353008cf9a5bb9142bf1e8515517a9e167021b225104594e48e8a,"{""distance"":5,""physical_error_rate"":0.001}","{""detection_events"":7128,""detectors_checked"":1605632}"
         1,         0,         0,   0.011,exact_mw,7fd11737ba5953e5998cf5d5ab7672462ce2ff07a9ab0f8628176a3f70e7a095,"{""distance"":5,""physical_error_rate"":0.05}","{""detection_events"":41,""detectors_checked"":224}"
      4096,         0,         0,   0.048,exact_mw,f32ebecd8e105e50ec838d33c5ed9b45444b6b44a3c6ac541111079f2b14e893,"{""distance"":5,""physical_error_rate"":5e-05}","{""detection_events"":169,""detectors_checked"":917504}"
      4096,         0,         0,   0.055,exact_mw,f32ebecd8e105e50ec838d33c5ed9b45444b6b44a3c6ac541111079f2b14e893,"{""distance"":5,""physical_error_rate"":5e-05}","{""detection_events"":222,""detectors_checked"":917504}"
        32,        10,         0,   0.527,exact_mw,d68317bf2f4c69d73359111c5597779a07d8ed85f1f94573f1c8a2f6c683850d,"{""distance"":5,""physical_error_rate"":0.2}","{""detection_events"":2836,""detectors_checked"":7168,""obs_mistake_mask=E"":10}"
     22528,         0,         0,   0.280,exact_mw,70a969f5042aec17ac076c6379f4170fb7c69b8e925756ef3b7334e28a33338b,"{""distance"":5,""physical_error_rate"":0.0001}","{""detection_events"":2151,""detectors_checked"":5046272}"
         1,         0,         0,   0.002,exact_mw,3208f56225bbcac0e2804eb6f92d0a8b681652a702ca1ec920ccd7367f0e0899,"{""distance"":5,""physical_error_rate"":0.002}","{""detection_events"":2,""detectors_checked"":224}"
         1,         0,         0,   0.006,exact_mw,72230d8c06b5a71069df48ede6f7f3e6128cd83e8239dd1b2e5fe023578b6eb1,"{""distance"":5,""physical_error_rate"":0.01}","{""detection_events"":9,""detectors_checked"":224}"
     13312,         0,         0,   0.203,exact_mw,cdc4a450a40af8e24899239080e4c40992fb5baf91c5a31ab3a165eacb3a1ab3,"{""distance"":5,""physical_error_rate"":0.0002}","{""detection_events"":2669,""detectors_checked"":2981888}"
      5120,         0,         0,   0.105,exact_mw,cdc4a450a40af8e24899239080e4c40992fb5baf91c5a31ab3a165eacb3a1ab3,"{""distance"":5,""physical_error_rate"":0.0002}","{""detection_events"":1078,""detectors_checked"":1146880}"
        32,         9,         0,   0.562,exact_mw,7fd11737ba5953e5998cf5d5ab7672462ce2ff07a9ab0f8628176a3f70e7a095,"{""distance"":5,""physical_error_rate"":0.05}","{""detection_events"":1158,""detectors_checked"":7168,""obs_mistake_mask=E"":9}"
        16,         8,         0,   0.324,exact_mw,14059eecea5f7bdc562c01e7682d53b775a747f80d40379178915ac673e3b6bb,"{""distance"":5,""physical_error_rate"":0.5}","{""detection_events"":1852,""detectors_checked"":3584,""obs_mistake_mask=E"":8}"
      5120,         0,         0,   0.058,exact_mw,f32ebecd8e105e50ec838d33c5ed9b45444b6b44a3c6ac541111079f2b14e893,"{""distance"":5,""physical_error_rate"":5e-05}","{""detection_events"":285,""detectors_checked"":1146880}"
        64,         4,         0,   0.809,exact_mw,7b4896c0e7f0a510554d89637fd747b157418067a95869d1f0661294d473d1dc,"{""distance"":5,""physical_error_rate"":0.02}","{""detection_events"":1230,""detectors_checked"":14336,""obs_mistake_mask=E"":4}"
     12288,         0,         0,   0.185,exact_mw,70a969f5042aec17ac076c6379f4170fb7c69b8e925756ef3b7334e28a33338b,"{""distance"":5,""physical_error_rate"":0.0001}","{""detection_events"":1190,""detectors_checked"":2752512}"
         1,         1,         0,   0.022,exact_mw,7def73f725f8347dc4de7c57664b66d91778cc6018e33f45b3defe89c7a0cfc0,"{""distance"":5,""physical_error_rate"":0.1}","{""detection_events"":57,""detectors_checked"":224,""obs_mistake_mask=E"":1}"
       272,         0,         0,   0.028,exact_mw,3208f56225bbcac0e2804eb6f92d0a8b681652a702ca1ec920ccd7367f0e0899,"{""distance"":5,""physical_error_rate"":0.002}","{""detection_events"":481,""detectors_checked"":60928}"
      6144,         0,         0,   0.082,exact_mw,f32ebecd8e105e50ec838d33c5ed9b45444b6b44a3c6ac541111079f2b14e893,"{""distance"":5,""physical_error_rate"":5e-05}","{""detection_events"":318,""detectors_checked"":1376256}"
      1024,         0,         0,   0.309,exact_mw,3208f56225bbcac0e2804eb6f92d0a8b681652a702ca1ec920ccd7367f0e0899,"{""distance"":5,""physical_error_rate"":0.002}","{""detection_events"":1975,""detectors_checked"":229376}"
         1,         0,         0,   0.010,exact_mw,14059eecea5f7bdc562c01e7682d53b775a747f80d40379178915ac673e3b6bb,"{""distance"":5,""physical_error_rate"":0.5}","{""detection_events"":114,""detectors_checked"":224}"
      1024,         0,         0,   0.271,exact_mw,3208f56225bbcac0e2804eb6f92d0a8b681652a702ca1ec920ccd7367f0e0899,"{""distance"":5,""physical_error_rate"":0.002}","{""detection_events"":1992,""detectors_checked"":229376}"
     12288,         0,         0,   0.212,exact_mw,70a969f5042aec17ac076c6379f4170fb7c69b8e925756ef3b7334e28a33338b,"{""distance"":5,""physical_error_rate"":0.0001}","{""detection_events"":1313,""detectors_checked"":2752512}"
        16,         7,         0,   0.333,exact_mw,14059eecea5f7bdc562c01e7682d53b775a747f80d40379178915ac673e3b6bb,"{""distance"":5,""physical_error_rate"":0.5}","{""detection_events"":1851,""detectors_checked"":3584,""obs_mistake_mask=E"":7}"
      5120,         0,         0,   0.060,exact_mw,f32ebecd8e105e50ec838d33c5ed9b45444b6b44a3c6ac541111079f2b14e893,"{""distance"":5,""physical_error_rate"":5e-05}","{""detection_events"":308,""detectors_checked"":1146880}"
        32,        13,         0,   0.547,exact_mw,d68317bf2f4c69d73359111c5597779a07d8ed85f1f94573f1c8a2f6c683850d,"{""distance"":5,""physical_error_rate"":0.2}","{""detection_events"":2849,""detectors_checked"":7168,""obs_mistake_mask=E"":13}"
     32768,         0,         0,   0.421,exact_mw,f32ebecd8e105e50ec838d33c5ed9b45444b6b44a3c6ac541111079f2b14e893,"{""distance"":5,""physical_error_rate"":5e-05}","{""detection_events"":1612,""detectors_checked"":7340032}"
        16,        10,         0,   0.280,exact_mw,7def73f725f8347dc4de7c57664b66d91778cc6018e33f45b3defe89c7a0cfc0,"{""distance"":5,""physical_error_rate"":0.1}","{""detection_events"":991,""detectors_checked"":3584,""obs_mistake_mask=E"":10}"
        16,         0,         0,   0.095,exact_mw,72230d8c06b5a71069df48ede6f7f3e6128cd83e8239dd1b2e5fe023578b6eb1,"{""distance"":5,""physical_error_rate"":0.01}","{""detection_events"":132,""detectors_checked"":3584}"
        32,         1,         0,   0.510,exact_mw,7b4896c0e7f0a510554d89637fd747b157418067a95869d1f0661294d473d1dc,"{""distance"":5,""physical_error_rate"":0.02}","{""detection_events"":626,""detectors_checked"":7168,""obs_mistake_mask=E"":1}"
       256,         2,         0,   0.516,exact_mw,38b7ae1c4e8407fc325e0d9e43e9f92ff26dcb3f5cf7b98d24ea74c9e5188d39,"{""distance"":5,""physical_error_rate"":0.005}","{""detection_events"":1266,""detectors_checked"":57344,""obs_mistake_mask=E"":2}"
         1,         0,         0,   0.005,exact_mw,cb12ae119b9b2ba18d0216e7235b403229e92fd0743ede48fe7f1a2c6f45d594,"{""distance"":5,""physical_error_rate"":0.0005}","{""detectors_checked"":224}"
        32,         9,         0,   0.459,exact_mw,7fd11737ba5953e5998cf5d5ab7672462ce2ff07a9ab0f8628176a3f70e7a095,"{""distance"":5,""physical_error_rate"":0.05}","{""detection_events"":1272,""detectors_checked"":7168,""obs_mistake_mask=E"":9}"
      9216,         0,         0,   0.126,exact_mw,cdc4a450a40af8e24899239080e4c40992fb5baf91c5a31ab3a165eacb3a1ab3,"{""distance"":5,""physical_error_rate"":0.0002}","{""detection_events"":1869,""detectors_checked"":2064384}"
         1,         0,         0,   0.004,exact_mw,bb90ec3459e353008cf9a5bb9142bf1e8515517a9e167021b225104594e48e8a,"{""distance"":5,""physical_error_rate"":0.001}","{""detection_events"":2,""detectors_checked"":224}"
        16,         0,         0,   0.000,exact_mw,bb90ec3459e353008cf9a5bb9142bf1e8515517a9e167021b225104594e48e8a,"{""distance"":5,""physical_error_rate"":0.001}","{""detection_events"":10,""detectors_checked"":3584}"
      7168,         0,         0,   0.420,exact_mw,bb90ec3459e353008cf9a5bb9142bf1e8515517a9e167021b225104594e48e8a,"{""distance"":5,""physical_error_rate"":0.001}","{""detection_events"":7235,""detectors_checked"":1605632}"
      1296,         0,         0,   0.027,exact_mw,cb12ae119b9b2ba18d0216e7235b403229e92fd0743ede48fe7f1a2c6f45d594,"{""distance"":5,""physical_error_rate"":0.0005}","{""detection_events"":682,""detectors_checked"":290304}"
      7168,         0,         0,   0.061,exact_mw,f32ebecd8e105e50ec838d33c5ed9b45444b6b44a3c6ac541111079f2b14e893,"{""distance"":5,""physical_error_rate"":5e-05}","{""detection_events"":392,""detectors_checked"":1605632}"
      6144,         0,         0,   0.095,exact_mw,f32ebecd8e105e50ec838d33c5ed9b45444b6b44a3c6ac541111079f2b14e893,"{""distance"":5,""physical_error_rate"":5e-05}","{""detection_events"":280,""detectors_checked"":1376256}"
         1,         0,         0,   0.004,exact_mw,70a969f5042aec17ac076c6379f4170fb7c69b8e925756ef3b7334e28a33338b,"{""distance"":5,""physical_error_rate"":0.0001}","{""detectors_checked"":224}"
        32,         7,         0,   0.519,exact_mw,7b4896c0e7f0a510554d89637fd747b157418067a95869d1f0661294d473d1dc,"{""distance"":5,""physical_error_rate"":0.02}","{""detection_events"":645,""detectors_checked"":7168,""obs_mistake_mask=E"":7}"
         1,         0,         0,   0.021,exact_mw,cdc4a450a40af8e24899239080e4c40992fb5baf91c5a31ab3a165eacb3a1ab3,"{""distance"":5,""physical_error_rate"":0.0002}","{""detectors_checked"":224}"
      2048,         0,         0,   0.033,exact_mw,cb12ae119b9b2ba18d0216e7235b403229e92fd0743ede48fe7f1a2c6f45d594,"{""distance"":5,""physical_error_rate"":0.0005}","{""detection_events"":1027,""detectors_checked"":458752}"
        16,         4,         0,   0.245,exact_mw,7fd11737ba5953e5998cf5d5ab7672462ce2ff07a9ab0f8628176a3f70e7a095,"{""distance"":5,""physical_error_rate"":0.05}","{""detection_events"":590,""detectors_checked"":3584,""obs_mistake_mask=E"":4}"
      2320,         0,         0,   0.029,exact_mw,70a969f5042aec17ac076c6379f4170fb7c69b8e925756ef3b7334e28a33338b,"{""distance"":5,""physical_error_rate"":0.0001}","{""detection_events"":284,""detectors_checked"":519680}"
         1,         0,         0,   0.002,exact_mw,cdc4a450a40af8e24899239080e4c40992fb5baf91c5a31ab3a165eacb3a1ab3,"{""distance"":5,""physical_error_rate"":0.0002}","{""detectors_checked"":224}"
         1,         0,         0,   0.024,exact_mw,38b7ae1c4e8407fc325e0d9e43e9f92ff26dcb3f5cf7b98d24ea74c9e5188d39,"{""distance"":5,""physical_error_rate"":0.005}","{""detection_events"":8,""detectors_checked"":224}"
         1,         0,         0,   0.023,exact_mw,7b4896c0e7f0a510554d89637fd747b157418067a95869d1f0661294d473d1dc,"{""distance"":5,""physical_error_rate"":0.02}","{""detection_events"":36,""detectors_checked"":224}"
      1024,         0,         0,   0.166,exact_mw,3208f56225bbcac0e2804eb6f92d0a8b681652a702ca1ec920ccd7367f0e0899,"{""distance"":5,""physical_error_rate"":0.002}","{""detection_events"":1883,""detectors_checked"":229376}"
      1296,         0,         0,   0.036,exact_mw,cdc4a450a40af8e24899239080e4c40992fb5baf91c5a31ab3a165eacb3a1ab3,"{""distance"":5,""physical_error_rate"":0.0002}","{""detection_events"":271,""detectors_checked"":290304}"
      1024,         0,         0,   0.029,exact_mw,cb12ae119b9b2ba18d0216e7235b403229e92fd0743ede48fe7f1a2c6f45d594,"{""distance"":5,""physical_error_rate"":0.0005}","{""detection_events"":548,""detectors_checked"":229376}"
      2048,         0,         0,   0.024,exact_mw,70a969f5042aec17ac076c6379f4170fb7c69b8e925756ef3b7334e28a33338b,"{""distance"":5,""physical_error_rate"":0.0001}","{""detection_events"":158,""detectors_checked"":458752}"
        64,         0,         0,   0.115,exact_mw,72230d8c06b5a71069df48ede6f7f3e6128cd83e8239dd1b2e5fe023578b6eb1,"{""distance"":5,""physical_error_rate"":0.01}","{""detection_events"":559,""detectors_checked"":14336}"
         1,         1,         0,   0.010,exact_mw,14059eecea5f7bdc562c01e7682d53b775a747f80d40379178915ac673e3b6bb,"{""distance"":5,""physical_error_rate"":0.5}","{""detection_events"":119,""detectors_checked"":224,""obs_mistake_mask=E"":1}"
      2320,         0,         0,   0.022,exact_mw,cdc4a450a40af8e24899239080e4c40992fb5baf91c5a31ab3a165eacb3a1ab3,"{""distance"":5,""physical_error_rate"":0.0002}","{""detection_events"":504,""detectors_checked"":519680}"
      1024,         0,         0,   0.029,exact_mw,cdc4a450a40af8e24899239080e4c40992fb5baf91c5a31ab3a165eacb3a1ab3,"{""distance"":5,""physical_error_rate"":0.0002}","{""detection_events"":177,""detectors_checked"":229376}"
      3072,         0,         0,   0.031,exact_mw,70a969f5042aec17ac076c6379f4170fb7c69b8e925756ef3b7334e28a33338b,"{""distance"":5,""physical_error_rate"":0.0001}","{""detection_events"":289,""detectors_checked"":688128}"
      1280,         0,         0,   0.108,exact_mw,bb90ec3459e353008cf9a5bb9142bf1e8515517a9e167021b225104594e48e8a,"{""distance"":5,""physical_error_rate"":0.001}","{""detection_events"":1297,""detectors_checked"":286720}"
      1024,         0,         0,   0.004,exact_mw,cdc4a450a40af8e24899239080e4c40992fb5baf91c5a31ab3a165eacb3a1ab3,"{""distance"":5,""physical_error_rate"":0.0002}","{""detection_events"":217,""detectors_checked"":229376}"
        16,         0,         0,   0.050,exact_mw,38b7ae1c4e8407fc325e0d9e43e9f92ff26dcb3f5cf7b98d24ea74c9e5188d39,"{""distance"":5,""physical_error_rate"":0.005}","{""detection_events"":84,""detectors_checked"":3584}"
         1,         0,         0,   0.009,exact_mw,7fd11737ba5953e5998cf5d5ab7672462ce2ff07a9ab0f8628176a3f70e7a095,"{""distance"":5,""physical_error_rate"":0.05}","{""detection_events"":41,""detectors_checked"":224}"
        16,         9,         0,   0.361,exact_mw,d68317bf2f4c69d73359111c5597779a07d8ed85f1f94573f1c8a2f6c683850d,"{""distance"":5,""physical_error_rate"":0.2}","{""detection_events"":1395,""detectors_checked"":3584,""obs_mistake_mask=E"":9}"
        32,         7,         0,   0.472,exact_mw,7fd11737ba5953e5998cf5d5ab7672462ce2ff07a9ab0f8628176a3f70e7a095,"{""distance"":5,""physical_error_rate"":0.05}","{""detection_events"":1257,""detectors_checked"":7168,""obs_mistake_mask=E"":7}"
      2048,         0,         0,   0.060,exact_mw,cb12ae119b9b2ba18d0216e7235b403229e92fd0743ede48fe7f1a2c6f45d594,"{""distance"":5,""physical_error_rate"":0.0005}","{""detection_events"":1002,""detectors_checked"":458752}"
     18432,         0,         0,   0.272,exact_mw,cdc4a450a40af8e24899239080e4c40992fb5baf91c5a31ab3a165eacb3a1ab3,"{""distance"":5,""physical_error_rate"":0.0002}","{""detection_events"":3524,""detectors_checked"":4128768}"
      2048,         0,         0,   0.022,exact_mw,cdc4a450a40af8e24899239080e4c40992fb5baf91c5a31ab3a165eacb3a1ab3,"{""distance"":5,""physical_error_rate"":0.0002}","{""detection_events"":409,""detectors_checked"":458752}"
      8192,         0,         0,   0.121,exact_mw,f32ebecd8e105e50ec838d33c5ed9b45444b6b44a3c6ac541111079f2b14e893,"{""distance"":5,""physical_error_rate"":5e-05}","{""detection_events"":416,""detectors_checked"":1835008}"
      3072,         0,         0,   0.029,exact_mw,cdc4a450a40af8e24899239080e4c40992fb5baf91c5a31ab3a165eacb3a1ab3,"{""distance"":5,""physical_error_rate"":0.0002}","{""detection_events"":560,""detectors_checked"":688128}"
       128,         0,         0,   0.449,exact_mw,38b7ae1c4e8407fc325e0d9e43e9f92ff26dcb3f5cf7b98d24ea74c9e5188d39,"{""distance"":5,""physical_error_rate"":0.005}","{""detection_events"":662,""detectors_checked"":28672}"
      3072,         0,         0,   0.049,exact_mw,70a969f5042aec17ac076c6379f4170fb7c69b8e925756ef3b7334e28a33338b,"{""distance"":5,""physical_error_rate"":0.0001}","{""detection_events"":305,""detectors_checked"":688128}"
      7168,         0,         0,   0.141,exact_mw,f32ebecd8e105e50ec838d33c5ed9b45444b6b44a3c6ac541111079f2b14e893,"{""distance"":5,""physical_error_rate"":5e-05}","{""detection_events"":372,""detectors_checked"":1605632}"
         1,         0,         0,   0.006,exact_mw,7def73f725f8347dc4de7c57664b66d91778cc6018e33f45b3defe89c7a0cfc0,"{""distance"":5,""physical_error_rate"":0.1}","{""detection_events"":65,""detectors_checked"":224}"
        16,         9,         0,   0.273,exact_mw,14059eecea5f7bdc562c01e7682d53b775a747f80d40379178915ac673e3b6bb,"{""distance"":5,""physical_error_rate"":0.5}","{""detection_events"":1762,""detectors_checked"":3584,""obs_mistake_mask=E"":9}"
     10240,         0,         0,   0.181,exact_mw,cdc4a450a40af8e24899239080e4c40992fb5baf91c5a31ab3a165eacb3a1ab3,"{""distance"":5,""physical_error_rate"":0.0002}","{""detection_events"":2043,""detectors_checked"":2293760}"
      3072,         0,         0,   0.030,exact_mw,cdc4a450a40af8e24899239080e4c40992fb5baf91c5a31ab3a165eacb3a1ab3,"{""distance"":5,""physical_error_rate"":0.0002}","{""detection_events"":571,""detectors_checked"":688128}"
      2048,         0,         0,   0.055,exact_mw,cdc4a450a40af8e24899239080e4c40992fb5baf91c5a31ab3a165eacb3a1ab3,"{""distance"":5,""physical_error_rate"":0.0002}","{""detection_events"":415,""detectors_checked"":458752}"
      2048,         0,         0,   0.060,exact_mw,cb12ae119b9b2ba18d0216e7235b403229e92fd0743ede48fe7f1a2c6f45d594,"{""distance"":5,""physical_error_rate"":0.0005}","{""detection_events"":970,""detectors_checked"":458752}"
        16,         4,         0,   0.310,exact_mw,7def73f725f8347dc4de7c57664b66d91778cc6018e33f45b3defe89c7a0cfc0,"{""distance"":5,""physical_error_rate"":0.1}","{""detection_events"":944,""detectors_checked"":3584,""obs_mistake_mask=E"":4}"
     19456,         0,         0,   0.297,exact_mw,70a969f5042aec17ac076c6379f4170fb7c69b8e925756ef3b7334e28a33338b,"{""distance"":5,""physical_error_rate"":0.0001}","{""detection_events"":1944,""detectors_checked"":4358144}"
     15360,         0,         0,   0.295,exact_mw,70a969f5042aec17ac076c6379f4170fb7c69b8e925756ef3b7334e28a33338b,"{""distance"":5,""physical_error_rate"":0.0001}","{""detection_events"":1370,""detectors_checked"":3440640}"
      1024,         0,         0,   0.085,exact_mw,bb90ec3459e353008cf9a5bb9142bf1e8515517a9e167021b225104594e48e8a,"{""distance"":5,""physical_error_rate"":0.001}","{""detection_events"":908,""detectors_checked"":229376}"
        16,         9,         0,   0.293,exact_mw,14059eecea5f7bdc562c01e7682d53b775a747f80d40379178915ac673e3b6bb,"{""distance"":5,""physical_error_rate"":0.5}","{""detection_events"":1816,""detectors_checked"":3584,""obs_mistake_mask=E"":9}"
     88064,         0,         0,    1.08,exact_mw,cb12ae119b9b2ba18d0216e7235b403229e92fd0743ede48fe7f1a2c6f45d594,"{""distance"":5,""physical_error_rate"":0.0005}","{""detection_events"":43731,""detectors_checked"":19726336}"
         1,         0,         0,   0.011,exact_mw,cb12ae119b9b2ba18d0216e7235b403229e92fd0743ede48fe7f1a2c6f45d594,"{""distance"":5,""physical_error_rate"":0.0005}","{""detectors_checked"":224}"
      4096,         0,         0,   0.043,exact_mw,cdc4a450a40af8e24899239080e4c40992fb5baf91c5a31ab3a165eacb3a1ab3,"{""distance"":5,""physical_error_rate"":0.0002}","{""detection_events"":766,""detectors_checked"":917504}"
      4096,         0,         0,   0.072,exact_mw,70a969f5042aec17ac076c6379f4170fb7c69b8e925756ef3b7334e28a33338b,"{""distance"":5,""physical_error_rate"":0.0001}","{""detection_events"":381,""detectors_checked"":917504}"
        16,         6,         0,   0.342,exact_mw,14059eecea5f7bdc562c01e7682d53b775a747f80d40379178915ac673e3b6bb,"{""distance"":5,""physical_error_rate"":0.5}","{""detection_events"":1779,""detectors_checked"":3584,""obs_mistake_mask=E"":6}"
        16,         0,         0,   0.000,exact_mw,cb12ae119b9b2ba18d0216e7235b403229e92fd0743ede48fe7f1a2c6f45d594,"{""distance"":5,""physical_error_rate"":0.0005}","{""detection_events"":7,""detectors_checked"":3584}"
     30720,         0,         0,   0.383,exact_mw,70a969f5042aec17ac076c6379f4170fb7c69b8e925756ef3b7334e28a33338b,"{""distance"":5,""physical_error_rate"":0.0001}","{""detection_events"":2878,""detectors_checked"":6881280}"
         1,         0,         0,   0.004,exact_mw,f32ebecd8e105e50ec838d33c5ed9b45444b6b44a3c6ac541111079f2b14e893,"{""distance"":5,""physical_error_rate"":5e-05}","{""detectors_checked"":224}"
        32,        13,         0,   0.557,exact_mw,d68317bf2f4c69d73359111c5597779a07d8ed85f1f94573f1c8a2f6c683850d,"{""distance"":5,""physical_error_rate"":0.2}","{""detection_events"":2850,""detectors_checked"":7168,""obs_mistake_mask=E"":13}"
      3072,         0,         0,   0.059,exact_mw,cdc4a450a40af8e24899239080e4c40992fb5baf91c5a31ab3a165eacb3a1ab3,"{""distance"":5,""physical_error_rate"":0.0002}","{""detection_events"":668,""detectors_checked"":688128}"
      1024,         0,         0,   0.051,exact_mw,bb90ec3459e353008cf9a5bb9142bf1e8515517a9e167021b225104594e48e8a,"{""distance"":5,""physical_error_rate"":0.001}","{""detection_events"":948,""detectors_checked"":229376}"
      1296,         0,         0,   0.004,exact_mw,f32ebecd8e105e50ec838d33c5ed9b45444b6b44a3c6ac541111079f2b14e893,"{""distance"":5,""physical_error_rate"":5e-05}","{""detection_events"":59,""detectors_checked"":290304}"
      2304,         0,         0,   0.035,exact_mw,cb12ae119b9b2ba18d0216e7235b403229e92fd0743ede48fe7f1a2c6f45d594,"{""distance"":5,""physical_error_rate"":0.0005}","{""detection_events"":1009,""detectors_checked"":516096}"
     12288,         0,         0,   0.141,exact_mw,f32ebecd8e105e50ec838d33c5ed9b45444b6b44a3c6ac541111079f2b14e893,"{""distance"":5,""physical_error_rate"":5e-05}","{""detection_events"":552,""detectors_checked"":2752512}"
      1024,         0,         0,   0.212,exact_mw,3208f56225bbcac0e2804eb6f92d0a8b681652a702ca1ec920ccd7367f0e0899,"{""distance"":5,""physical_error_rate"":0.002}","{""detection_events"":1953,""detectors_checked"":229376}"
      2048,         0,         0,   0.021,exact_mw,f32ebecd8e105e50ec838d33c5ed9b45444b6b44a3c6ac541111079f2b14e893,"{""distance"":5,""physical_error_rate"":5e-05}","{""detection_events"":94,""detectors_checked"":458752}"
         1,         0,         0,   0.003,exact_mw,f32ebecd8e105e50ec838d33c5ed9b45444b6b44a3c6ac541111079f2b14e893,"{""distance"":5,""physical_error_rate"":5e-05}","{""detectors_checked"":224}"
        16,         0,         0,   0.000,exact_mw,f32ebecd8e105e50ec838d33c5ed9b45444b6b44a3c6ac541111079f2b14e893,"{""distance"":5,""physical_error_rate"":5e-05}","{""detectors_checked"":3584}"
      1024,         0,         0,   0.381,exact_mw,3208f56225bbcac0e2804eb6f92d0a8b681652a702ca1ec920ccd7367f0e0899,"{""distance"":5,""physical_error_rate"":0.002}","{""detection_events"":1987,""detectors_checked"":229376}"
      4096,         0,         0,   0.075,exact_mw,cb12ae119b9b2ba18d0216e7235b403229e92fd0743ede48fe7f1a2c6f45d594,"{""distance"":5,""physical_error_rate"":0.0005}","{""detection_events"":1945,""detectors_checked"":917504}"
      5120,         0,         0,   0.071,exact_mw,70a969f5042aec17ac076c6379f4170fb7c69b8e925756ef3b7334e28a33338b,"{""distance"":5,""physical_error_rate"":0.0001}","{""detection_events"":518,""detectors_checked"":1146880}"
      1024,         0,         0,   0.407,exact_mw,3208f56225bbcac0e2804eb6f92d0a8b681652a702ca1ec920ccd7367f0e0899,"{""distance"":5,""physical_error_rate"":0.002}","{""detection_events"":2164,""detectors_checked"":229376}"
        16,         0,         0,   0.253,exact_mw,7b4896c0e7f0a510554d89637fd747b157418067a95869d1f0661294d473d1dc,"{""distance"":5,""physical_error_rate"":0.02}","{""detection_events"":336,""detectors_checked"":3584}"
      2048,         0,         0,   0.032,exact_mw,cb12ae119b9b2ba18d0216e7235b403229e92fd0743ede48fe7f1a2c6f45d594,"{""distance"":5,""physical_error_rate"":0.0005}","{""detection_events"":968,""detectors_checked"":458752}"
      2048,         0,         0,   0.027,exact_mw,f32ebecd8e105e50ec838d33c5ed9b45444b6b44a3c6ac541111079f2b14e893,"{""distance"":5,""physical_error_rate"":5e-05}","{""detection_events"":93,""detectors_checked"":458752}"
      4352,         0,         0,   0.039,exact_mw,f32ebecd8e105e50ec838d33c5ed9b45444b6b44a3c6ac541111079f2b14e893,"{""distance"":5,""physical_error_rate"":5e-05}","{""detection_events"":238,""detectors_checked"":974848}"
        32,        14,         0,   0.532,exact_mw,d68317bf2f4c69d73359111c5597779a07d8ed85f1f94573f1c8a2f6c683850d,"{""distance"":5,""physical_error_rate"":0.2}","{""detection_events"":2828,""detectors_checked"":7168,""obs_mistake_mask=E"":14}"
      5120,         0,         0,   0.103,exact_mw,cdc4a450a40af8e24899239080e4c40992fb5baf91c5a31ab3a165eacb3a1ab3,"{""distance"":5,""physical_error_rate"":0.0002}","{""detection_events"":1038,""detectors_checked"":1146880}"
      7168,         0,         0,   0.579,exact_mw,bb90ec3459e353008cf9a5bb9142bf1e8515517a9e167021b225104594e48e8a,"{""distance"":5,""physical_error_rate"":0.001}","{""detection_events"":7224,""detectors_checked"":1605632}"
      2048,         0,         0,   0.083,exact_mw,bb90ec3459e353008cf9a5bb9142bf1e8515517a9e167021b225104594e48e8a,"{""distance"":5,""physical_error_rate"":0.001}","{""detection_events"":1983,""detectors_checked"":458752}"
      5120,         0,         0,   0.091,exact_mw,cdc4a450a40af8e24899239080e4c40992fb5baf91c5a31ab3a165eacb3a1ab3,"{""distance"":5,""physical_error_rate"":0.0002}","{""detection_events"":1064,""detectors_checked"":1146880}"
      1297,         0,         0,   0.032,exact_mw,cb12ae119b9b2ba18d0216e7235b403229e92fd0743ede48fe7f1a2c6f45d594,"{""distance"":5,""physical_error_rate"":0.0005}","{""detection_events"":647,""detectors_checked"":290528}"
     12288,         0,         0,   0.211,exact_mw,f32ebecd8e105e50ec838d33c5ed9b45444b6b44a3c6ac541111079f2b14e893,"{""distance"":5,""physical_error_rate"":5e-05}","{""detection_events"":639,""detectors_checked"":2752512}"
         1,         0,         0,   0.015,exact_mw,72230d8c06b5a71069df48ede6f7f3e6128cd83e8239dd1b2e5fe023578b6eb1,"{""distance"":5,""physical_error_rate"":0.01}","{""detection_events"":6,""detectors_checked"":224}"
      3072,         0,         0,   0.049,exact_mw,f32ebecd8e105e50ec838d33c5ed9b45444b6b44a3c6ac541111079f2b14e893,"{""distance"":5,""physical_error_rate"":5e-05}","{""detection_events"":158,""detectors_checked"":688128}"
      2048,         0,         0,   0.059,exact_mw,cb12ae119b9b2ba18d0216e7235b403229e92fd0743ede48fe7f1a2c6f45d594,"{""distance"":5,""physical_error_rate"":0.0005}","{""detection_events"":979,""detectors_checked"":458752}"
      3072,         0,         0,   0.049,exact_mw,f32ebecd8e105e50ec838d33c5ed9b45444b6b44a3c6ac541111079f2b14e893,"{""distance"":5,""physical_error_rate"":5e-05}","{""detection_events"":163,""detectors_checked"":688128}"
      1024,         0,         0,   0.031,exact_mw,cb12ae119b9b2ba18d0216e7235b403229e92fd0743ede48fe7f1a2c6f45d594,"{""distance"":5,""physical_error_rate"":0.0005}","{""detection_events"":516,""detectors_checked"":229376}"
         1,         0,         0,   0.008,exact_mw,38b7ae1c4e8407fc325e0d9e43e9f92ff26dcb3f5cf7b98d24ea74c9e5188d39,"{""distance"":5,""physical_error_rate"":0.005}","{""detection_events"":5,""detectors_checked"":224}"
      5120,         0,         0,   0.111,exact_mw,cb12ae119b9b2ba18d0216e7235b403229e92fd0743ede48fe7f1a2c6f45d594,"{""distance"":5,""physical_error_rate"":0.0005}","{""detection_events"":2598,""detectors_checked"":1146880}"
        16,         9,         0,   0.250,exact_mw,7def73f725f8347dc4de7c57664b66d91778cc6018e33f45b3defe89c7a0cfc0,"{""distance"":5,""physical_error_rate"":0.1}","{""detection_events"":954,""detectors_checked"":3584,""obs_mistake_mask=E"":9}"
        16,         1,         0,   0.299,exact_mw,7fd11737ba5953e5998cf5d5ab7672462ce2ff07a9ab0f8628176a3f70e7a095,"{""distance"":5,""physical_error_rate"":0.05}","{""detection_events"":606,""detectors_checked"":3584,""obs_mistake_mask=E"":1}"
        16,         7,         0,   0.296,exact_mw,d68317bf2f4c69d73359111c5597779a07d8ed85f1f94573f1c8a2f6c683850d,"{""distance"":5,""physical_error_rate"":0.2}","{""detection_events"":1400,""detectors_checked"":3584,""obs_mistake_mask=E"":7}"
      1024,         0,         0,   0.030,exact_mw,cb12ae119b9b2ba18d0216e7235b403229e92fd0743ede48fe7f1a2c6f45d594,"{""distance"":5,""physical_error_rate"":0.0005}","{""detection_events"":476,""detectors_checked"":229376}"
      4096,         0,         0,   0.052,exact_mw,f32ebecd8e105e50ec838d33c5ed9b45444b6b44a3c6ac541111079f2b14e893,"{""distance"":5,""physical_error_rate"":5e-05}","{""detection_events"":224,""detectors_checked"":917504}"
       128,         1,         0,   0.325,exact_mw,38b7ae1c4e8407fc325e0d9e43e9f92ff26dcb3f5cf7b98d24ea74c9e5188d39,"{""distance"":5,""physical_error_rate"":0.005}","{""detection_events"":683,""detectors_checked"":28672,""obs_mistake_mask=E"":1}"
      7168,         0,         0,   0.127,exact_mw,70a969f5042aec17ac076c6379f4170fb7c69b8e925756ef3b7334e28a33338b,"{""distance"":5,""physical_error_rate"":0.0001}","{""detection_events"":749,""detectors_checked"":1605632}"
        16,         6,         0,   0.340,exact_mw,14059eecea5f7bdc562c01e7682d53b775a747f80d40379178915ac673e3b6bb,"{""distance"":5,""physical_error_rate"":0.5}","{""detection_events"":1840,""detectors_checked"":3584,""obs_mistake_mask=E"":6}"
      2048,         0,         0,   0.049,exact_mw,cb12ae119b9b2ba18d0216e7235b403229e92fd0743ede48fe7f1a2c6f45d594,"{""distance"":5,""physical_error_rate"":0.0005}","{""detection_events"":1007,""detectors_checked"":458752}"
      3072,         0,         0,   0.060,exact_mw,cb12ae119b9b2ba18d0216e7235b403229e92fd0743ede48fe7f1a2c6f45d594,"{""distance"":5,""physical_error_rate"":0.0005}","{""detection_events"":1470,""detectors_checked"":688128}"
      5120,         0,         0,   0.076,exact_mw,f32ebecd8e105e50ec838d33c5ed9b45444b6b44a3c6ac541111079f2b14e893,"{""distance"":5,""physical_error_rate"":5e-05}","{""detection_events"":286,""detectors_checked"":1146880}"
        16,         1,         0,   0.092,exact_mw,72230d8c06b5a71069df48ede6f7f3e6128cd83e8239dd1b2e5fe023578b6eb1,"{""distance"":5,""physical_error_rate"":0.01}","{""detection_events"":211,""detectors_checked"":3584,""obs_mistake_mask=E"":1}"
        32,        16,         0,   0.523,exact_mw,d68317bf2f4c69d73359111c5597779a07d8ed85f1f94573f1c8a2f6c683850d,"{""distance"":5,""physical_error_rate"":0.2}","{""detection_events"":2868,""detectors_checked"":7168,""obs_mistake_mask=E"":16}"
        32,        11,         0,   0.575,exact_mw,7fd11737ba5953e5998cf5d5ab7672462ce2ff07a9ab0f8628176a3f70e7a095,"{""distance"":5,""physical_error_rate"":0.05}","{""detection_events"":1130,""detectors_checked"":7168,""obs_mistake_mask=E"":11}"
      1024,         0,         0,   0.108,exact_mw,bb90ec3459e353008cf9a5bb9142bf1e8515517a9e167021b225104594e48e8a,"{""distance"":5,""physical_error_rate"":0.001}","{""detection_events"":1095,""detectors_checked"":229376}"
      8192,         0,         0,   0.126,exact_mw,cdc4a450a40af8e24899239080e4c40992fb5baf91c5a31ab3a165eacb3a1ab3,"{""distance"":5,""physical_error_rate"":0.0002}","{""detection_events"":1606,""detectors_checked"":1835008}"
         1,         0,         0,   0.004,exact_mw,38b7ae1c4e8407fc325e0d9e43e9f92ff26dcb3f5cf7b98d24ea74c9e5188d39,"{""distance"":5,""physical_error_rate"":0.005}","{""detection_events"":8,""detectors_checked"":224}"
        16,         0,         0,   0.049,exact_mw,38b7ae1c4e8407fc325e0d9e43e9f92ff26dcb3f5cf7b98d24ea74c9e5188d39,"{""distance"":5,""physical_error_rate"":0.005}","{""detection_events"":86,""detectors_checked"":3584}"
        32,         1,         0,   0.508,exact_mw,7b4896c0e7f0a510554d89637fd747b157418067a95869d1f0661294d473d1dc,"{""distance"":5,""physical_error_rate"":0.02}","{""detection_events"":557,""detectors_checked"":7168,""obs_mistake_mask=E"":1}"
      5120,         0,         0,   0.120,exact_mw,cdc4a450a40af8e24899239080e4c40992fb5baf91c5a31ab3a165eacb3a1ab3,"{""distance"":5,""physical_error_rate"":0.0002}","{""detection_events"":948,""detectors_checked"":1146880}"
        32,        13,         0,   0.537,exact_mw,7def73f725f8347dc4de7c57664b66d91778cc6018e33f45b3defe89c7a0cfc0,"{""distance"":5,""physical_error_rate"":0.1}","{""detection_events"":1931,""detectors_checked"":7168,""obs_mistake_mask=E"":13}"
         1,         0,         0,   0.010,exact_mw,7def73f725f8347dc4de7c57664b66d91778cc6018e33f45b3defe89c7a0cfc0,"{""distance"":5,""physical_error_rate"":0.1}","{""detection_events"":73,""detectors_checked"":224}"
         1,         1,         0,   0.011,exact_mw,7fd11737ba5953e5998cf5d5ab7672462ce2ff07a9ab0f8628176a3f70e7a095,"{""distance"":5,""physical_error_rate"":0.05}","{""detection_events"":34,""detectors_checked"":224,""obs_mistake_mask=E"":1}"
         1,         1,         0,   0.015,exact_mw,7def73f725f8347dc4de7c57664b66d91778cc6018e33f45b3defe89c7a0cfc0,"{""distance"":5,""physical_error_rate"":0.1}","{""detection_events"":64,""detectors_checked"":224,""obs_mistake_mask=E"":1}"
     45056,         0,         0,   0.566,exact_mw,f32ebecd8e105e50ec838d33c5ed9b45444b6b44a3c6ac541111079f2b14e893,"{""distance"":5,""physical_error_rate"":5e-05}","{""detection_events"":2318,""detectors_checked"":10092544}"
     24576,         0,         0,   0.315,exact_mw,cdc4a450a40af8e24899239080e4c40992fb5baf91c5a31ab3a165eacb3a1ab3,"{""distance"":5,""physical_error_rate"":0.0002}","{""detection_events"":4903,""detectors_checked"":5505024}"
        32,         5,         0,   0.478,exact_mw,7fd11737ba5953e5998cf5d5ab7672462ce2ff07a9ab0f8628176a3f70e7a095,"{""distance"":5,""physical_error_rate"":0.05}","{""detection_events"":1143,""detectors_checked"":7168,""obs_mistake_mask=E"":5}"
      2048,         0,         0,   0.034,exact_mw,cb12ae119b9b2ba18d0216e7235b403229e92fd0743ede48fe7f1a2c6f45d594,"{""distance"":5,""physical_error_rate"":0.0005}","{""detection_events"":983,""detectors_checked"":458752}"
      3072,         0,         0,   0.041,exact_mw,cb12ae119b9b2ba18d0216e7235b403229e92fd0743ede48fe7f1a2c6f45d594,"{""distance"":5,""physical_error_rate"":0.0005}","{""detection_events"":1447,""detectors_checked"":688128}"
        32,         2,         0,   0.489,exact_mw,7b4896c0e7f0a510554d89637fd747b157418067a95869d1f0661294d473d1dc,"{""distance"":5,""physical_error_rate"":0.02}","{""detection_events"":599,""detectors_checked"":7168,""obs_mistake_mask=E"":2}"
     57344,         0,         0,   0.818,exact_mw,70a969f5042aec17ac076c6379f4170fb7c69b8e925756ef3b7334e28a33338b,"{""distance"":5,""physical_error_rate"":0.0001}","{""detection_events"":5768,""detectors_checked"":12845056}"
        32,         7,         0,   0.565,exact_mw,7fd11737ba5953e5998cf5d5ab7672462ce2ff07a9ab0f8628176a3f70e7a095,"{""distance"":5,""physical_error_rate"":0.05}","{""detection_events"":1243,""detectors_checked"":7168,""obs_mistake_mask=E"":7}"
      4096,         0,         0,   0.049,exact_mw,f32ebecd8e105e50ec838d33c5ed9b45444b6b44a3c6ac541111079f2b14e893,"{""distance"":5,""physical_error_rate"":5e-05}","{""detection_events"":207,""detectors_checked"":917504}"
     21504,         0,         0,   0.243,exact_mw,f32ebecd8e105e50ec838d33c5ed9b45444b6b44a3c6ac541111079f2b14e893,"{""distance"":5,""physical_error_rate"":5e-05}","{""detection_events"":1095,""detectors_checked"":4816896}"
      4096,         0,         0,   0.092,exact_mw,f32ebecd8e105e50ec838d33c5ed9b45444b6b44a3c6ac541111079f2b14e893,"{""distance"":5,""physical_error_rate"":5e-05}","{""detection_events"":177,""detectors_checked"":917504}"
        16,        13,         0,   0.304,exact_mw,14059eecea5f7bdc562c01e7682d53b775a747f80d40379178915ac673e3b6bb,"{""distance"":5,""physical_error_rate"":0.5}","{""detection_events"":1841,""detectors_checked"":3584,""obs_mistake_mask=E"":13}"
      1024,         0,         0,   0.275,exact_mw,3208f56225bbcac0e2804eb6f92d0a8b681652a702ca1ec920ccd7367f0e0899,"{""distance"":5,""physical_error_rate"":0.002}","{""detection_events"":1986,""detectors_checked"":229376}"
        16,         5,         0,   0.346,exact_mw,7def73f725f8347dc4de7c57664b66d91778cc6018e33f45b3defe89c7a0cfc0,"{""distance"":5,""physical_error_rate"":0.1}","{""detection_events"":1000,""detectors_checked"":3584,""obs_mistake_mask=E"":5}"
     26624,         0,         0,   0.405,exact_mw,cdc4a450a40af8e24899239080e4c40992fb5baf91c5a31ab3a165eacb3a1ab3,"{""distance"":5,""physical_error_rate"":0.0002}","{""detection_events"":5313,""detectors_checked"":5963776}"
      3072,         0,         0,   0.088,exact_mw,bb90ec3459e353008cf9a5bb9142bf1e8515517a9e167021b225104594e48e8a,"{""distance"":5,""physical_error_rate"":0.001}","{""detection_events"":3052,""detectors_checked"":688128}"
       256,         0,         0,   0.561,exact_mw,38b7ae1c4e8407fc325e0d9e43e9f92ff26dcb3f5cf7b98d24ea74c9e5188d39,"{""distance"":5,""physical_error_rate"":0.005}","{""detection_events"":1278,""detectors_checked"":57344}"
        64,        26,         0,   0.976,exact_mw,7def73f725f8347dc4de7c57664b66d91778cc6018e33f45b3defe89c7a0cfc0,"{""distance"":5,""physical_error_rate"":0.1}","{""detection_events"":4024,""detectors_checked"":14336,""obs_mistake_mask=E"":26}"
         1,         0,         0,   0.008,exact_mw,72230d8c06b5a71069df48ede6f7f3e6128cd83e8239dd1b2e5fe023578b6eb1,"{""distance"":5,""physical_error_rate"":0.01}","{""detection_events"":17,""detectors_checked"":224}"
      2048,         0,         0,   0.045,exact_mw,cb12ae119b9b2ba18d0216e7235b403229e92fd0743ede48fe7f1a2c6f45d594,"{""distance"":5,""physical_error_rate"":0.0005}","{""detection_events"":963,""detectors_checked"":458752}"
      8192,         0,         0,   0.164,exact_mw,cb12ae119b9b2ba18d0216e7235b403229e92fd0743ede48fe7f1a2c6f45d594,"{""distance"":5,""physical_error_rate"":0.0005}","{""detection_events"":4025,""detectors_checked"":1835008}"
        64,         4,         0,   0.719,exact_mw,7b4896c0e7f0a510554d89637fd747b157418067a95869d1f0661294d473d1dc,"{""distance"":5,""physical_error_rate"":0.02}","{""detection_events"":1150,""detectors_checked"":14336,""obs_mistake_mask=E"":4}"
     29696,         0,         0,   0.370,exact_mw,70a969f5042aec17ac076c6379f4170fb7c69b8e925756ef3b7334e28a33338b,"{""distance"":5,""physical_error_rate"":0.0001}","{""detection_events"":3127,""detectors_checked"":6651904}"
       128,         0,         0,   0.435,exact_mw,38b7ae1c4e8407fc325e0d9e43e9f92ff26dcb3f5cf7b98d24ea74c9e5188d39,"{""distance"":5,""physical_error_rate"":0.005}","{""detection_events"":619,""detectors_checked"":28672}"
      8192,         0,         0,   0.582,exact_mw,bb90ec3459e353008cf9a5bb9142bf1e8515517a9e167021b225104594e48e8a,"{""distance"":5,""physical_error_rate"":0.001}","{""detection_events"":8179,""detectors_checked"":1835008}"
      5120,         0,         0,   0.054,exact_mw,f32ebecd8e105e50ec838d33c5ed9b45444b6b44a3c6ac541111079f2b14e893,"{""distance"":5,""physical_error_rate"":5e-05}","{""detection_events"":262,""detectors_checked"":1146880}"
        32,         1,         0,   0.302,exact_mw,7b4896c0e7f0a510554d89637fd747b157418067a95869d1f0661294d473d1dc,"{""distance"":5,""physical_error_rate"":0.02}","{""detection_events"":545,""detectors_checked"":7168,""obs_mistake_mask=E"":1}"
         1,         0,         0,   0.004,exact_mw,cb12ae119b9b2ba18d0216e7235b403229e92fd0743ede48fe7f1a2c6f45d594,"{""distance"":5,""physical_error_rate"":0.0005}","{""detection_events"":2,""detectors_checked"":224}"
         1,         0,         0,   0.012,exact_mw,7b4896c0e7f0a510554d89637fd747b157418067a95869d1f0661294d473d1dc,"{""distance"":5,""physical_error_rate"":0.02}","{""detection_events"":20,""detectors_checked"":224}"
     22528,         0,         0,   0.411,exact_mw,70a969f5042aec17ac076c6379f4170fb7c69b8e925756ef3b7334e28a33338b,"{""distance"":5,""physical_error_rate"":0.0001}","{""detection_events"":2205,""detectors_checked"":5046272}"
     10240,         0,         0,   0.145,exact_mw,70a969f5042aec17ac076c6379f4170fb7c69b8e925756ef3b7334e28a33338b,"{""distance"":5,""physical_error_rate"":0.0001}","{""detection_events"":1027,""detectors_checked"":2293760}"
         1,         0,         0,   0.011,exact_mw,7fd11737ba5953e5998cf5d5ab7672462ce2ff07a9ab0f8628176a3f70e7a095,"{""distance"":5,""physical_error_rate"":0.05}","{""detection_events"":30,""detectors_checked"":224}"
      1024,         0,         0,   0.345,exact_mw,3208f56225bbcac0e2804eb6f92d0a8b681652a702ca1ec920ccd7367f0e0899,"{""distance"":5,""physical_error_rate"":0.002}","{""detection_events"":1872,""detectors_checked"":229376}"
        32,         5,         0,   0.517,exact_mw,7fd11737ba5953e5998cf5d5ab7672462ce2ff07a9ab0f8628176a3f70e7a095,"{""distance"":5,""physical_error_rate"":0.05}","{""detection_events"":1184,""detectors_checked"":7168,""obs_mistake_mask=E"":5}"
      9216,         0,         0,   0.141,exact_mw,cdc4a450a40af8e24899239080e4c40992fb5baf91c5a31ab3a165eacb3a1ab3,"{""distance"":5,""physical_error_rate"":0.0002}","{""detection_events"":1873,""detectors_checked"":2064384}"
     11264,         0,         0,   0.151,exact_mw,cdc4a450a40af8e24899239080e4c40992fb5baf91c5a31ab3a165eacb3a1ab3,"{""distance"":5,""physical_error_rate"":0.0002}","{""detection_events"":2185,""detectors_checked"":2523136}"
        16,         0,         0,   0.057,exact_mw,72230d8c06b5a71069df48ede6f7f3e6128cd83e8239dd1b2e5fe023578b6eb1,"{""distance"":5,""physical_error_rate"":0.01}","{""detection_events"":149,""detectors_checked"":3584}"
      1296,         0,         0,   0.022,exact_mw,cb12ae119b9b2ba18d0216e7235b403229e92fd0743ede48fe7f1a2c6f45d594,"{""distance"":5,""physical_error_rate"":0.0005}","{""detection_events"":688,""detectors_checked"":290304}"
      5120,         0,         0,   0.107,exact_mw,cb12ae119b9b2ba18d0216e7235b403229e92fd0743ede48fe7f1a2c6f45d594,"{""distance"":5,""physical_error_rate"":0.0005}","{""detection_events"":2551,""detectors_checked"":1146880}"
     16384,         0,         0,   0.295,exact_mw,f32ebecd8e105e50ec838d33c5ed9b45444b6b44a3c6ac541111079f2b14e893,"{""distance"":5,""physical_error_rate"":5e-05}","{""detection_events"":868,""detectors_checked"":3670016}"
      7168,         0,         0,   0.086,exact_mw,f32ebecd8e105e50ec838d33c5ed9b45444b6b44a3c6ac541111079f2b14e893,"{""distance"":5,""physical_error_rate"":5e-05}","{""detection_events"":311,""detectors_checked"":1605632}"
         1,         0,         0,   0.001,exact_mw,f32ebecd8e105e50ec838d33c5ed9b45444b6b44a3c6ac541111079f2b14e893,"{""distance"":5,""physical_error_rate"":5e-05}","{""detectors_checked"":224}"
         1,         0,         0,   0.004,exact_mw,70a969f5042aec17ac076c6379f4170fb7c69b8e925756ef3b7334e28a33338b,"{""distance"":5,""physical_error_rate"":0.0001}","{""detectors_checked"":224}"
        16,         0,         0,   0.000,exact_mw,70a969f5042aec17ac076c6379f4170fb7c69b8e925756ef3b7334e28a33338b,"{""distance"":5,""physical_error_rate"":0.0001}","{""detectors_checked"":3584}"
      1024,         0,         0,   0.004,exact_mw,cb12ae119b9b2ba18d0216e7235b403229e92fd0743ede48fe7f1a2c6f45d594,"{""distance"":5,""physical_error_rate"":0.0005}","{""detection_events"":476,""detectors_checked"":229376}"
         1,         0,         0,   0.008,exact_mw,3208f56225bbcac0e2804eb6f92d0a8b681652a702ca1ec920ccd7367f0e0899,"{""distance"":5,""physical_error_rate"":0.002}","{""detectors_checked"":224}"
        16,         0,         0,   0.000,exact_mw,3208f56225bbcac0e2804eb6f92d0a8b681652a702ca1ec920ccd7367f0e0899,"{""distance"":5,""physical_error_rate"":0.002}","{""detection_events"":25,""detectors_checked"":3584}"
      3344,         0,         0,   0.015,exact_mw,f32ebecd8e105e50ec838d33c5ed9b45444b6b44a3c6ac541111079f2b14e893,"{""distance"":5,""physical_error_rate"":5e-05}","{""detection_events"":158,""detectors_checked"":749056}"
       128,         0,         0,   0.231,exact_mw,38b7ae1c4e8407fc325e0d9e43e9f92ff26dcb3f5cf7b98d24ea74c9e5188d39,"{""distance"":5,""physical_error_rate"":0.005}","{""detection_events"":560,""detectors_checked"":28672}"
      2048,         0,         0,   0.109,exact_mw,cb12ae119b9b2ba18d0216e7235b403229e92fd0743ede48fe7f1a2c6f45d594,"{""distance"":5,""physical_error_rate"":0.0005}","{""detection_events"":1021,""detectors_checked"":458752}"
         1,         0,         0,   0.011,exact_mw,72230d8c06b5a71069df48ede6f7f3e6128cd83e8239dd1b2e5fe023578b6eb1,"{""distance"":5,""physical_error_rate"":0.01}","{""detection_events"":13,""detectors_checked"":224}"
      4352,         0,         0,   0.035,exact_mw,70a969f5042aec17ac076c6379f4170fb7c69b8e925756ef3b7334e28a33338b,"{""distance"":5,""physical_error_rate"":0.0001}","{""detection_events"":507,""detectors_checked"":974848}"
      2048,         0,         0,   0.034,exact_mw,cb12ae119b9b2ba18d0216e7235b403229e92fd0743ede48fe7f1a2c6f45d594,"{""distance"":5,""physical_error_rate"":0.0005}","{""detection_events"":948,""detectors_checked"":458752}"
      2048,         0,         0,   0.416,exact_mw,3208f56225bbcac0e2804eb6f92d0a8b681652a702ca1ec920ccd7367f0e0899,"{""distance"":5,""physical_error_rate"":0.002}","{""detection_events"":3985,""detectors_checked"":458752}"
        32,        16,         0,   0.545,exact_mw,14059eecea5f7bdc562c01e7682d53b775a747f80d40379178915ac673e3b6bb,"{""distance"":5,""physical_error_rate"":0.5}","{""detection_events"":3517,""detectors_checked"":7168,""obs_mistake_mask=E"":16}"
      6144,         0,         0,   0.114,exact_mw,f32ebecd8e105e50ec838d33c5ed9b45444b6b44a3c6ac541111079f2b14e893,"{""distance"":5,""physical_error_rate"":5e-05}","{""detection_events"":326,""detectors_checked"":1376256}"
      2048,         0,         0,   0.030,exact_mw,70a969f5042aec17ac076c6379f4170fb7c69b8e925756ef3b7334e28a33338b,"{""distance"":5,""physical_error_rate"":0.0001}","{""detection_events"":197,""detectors_checked"":458752}"
      3072,         0,         0,   0.131,exact_mw,bb90ec3459e353008cf9a5bb9142bf1e8515517a9e167021b225104594e48e8a,"{""distance"":5,""physical_error_rate"":0.001}","{""detection_events"":3081,""detectors_checked"":688128}"
      2048,         0,         0,   0.021,exact_mw,f32ebecd8e105e50ec838d33c5ed9b45444b6b44a3c6ac541111079f2b14e893,"{""distance"":5,""physical_error_rate"":5e-05}","{""detection_events"":118,""detectors_checked"":458752}"
       128,         0,         0,   0.142,exact_mw,38b7ae1c4e8407fc325e0d9e43e9f92ff26dcb3f5cf7b98d24ea74c9e5188d39,"{""distance"":5,""physical_error_rate"":0.005}","{""detection_events"":655,""detectors_checked"":28672}"
        32,         2,         0,   0.257,exact_mw,7b4896c0e7f0a510554d89637fd747b157418067a95869d1f0661294d473d1dc,"{""distance"":5,""physical_error_rate"":0.02}","{""detection_events"":578,""detectors_checked"":7168,""obs_mistake_mask=E"":2}"
         1,         0,         0,   0.023,exact_mw,cb12ae119b9b2ba18d0216e7235b403229e92fd0743ede48fe7f1a2c6f45d594,"{""distance"":5,""physical_error_rate"":0.0005}","{""detectors_checked"":224}"
        32,        14,         0,   0.529,exact_mw,14059eecea5f7bdc562c01e7682d53b775a747f80d40379178915ac673e3b6bb,"{""distance"":5,""physical_error_rate"":0.5}","{""detection_events"":3630,""detectors_checked"":7168,""obs_mistake_mask=E"":14}"
        16,         0,         0,   0.000,exact_mw,cb12ae119b9b2ba18d0216e7235b403229e92fd0743ede48fe7f1a2c6f45d594,"{""distance"":5,""physical_error_rate"":0.0005}","{""detection_events"":6,""detectors_checked"":3584}"
         1,         0,         0,   0.002,exact_mw,bb90ec3459e353008cf9a5bb9142bf1e8515517a9e167021b225104594e48e8a,"{""distance"":5,""physical_error_rate"":0.001}","{""detectors_checked"":224}"
        32,        19,         0,   0.511,exact_mw,d68317bf2f4c69d73359111c5597779a07d8ed85f1f94573f1c8a2f6c683850d,"{""distance"":5,""physical_error_rate"":0.2}","{""detection_events"":2771,""detectors_checked"":7168,""obs_mistake_mask=E"":19}"
      2048,         0,         0,   0.030,exact_mw,cb12ae119b9b2ba18d0216e7235b403229e92fd0743ede48fe7f1a2c6f45d594,"{""distance"":5,""physical_error_rate"":0.0005}","{""detection_events"":1102,""detectors_checked"":458752}"
         1,         1,         0,   0.006,exact_mw,14059eecea5f7bdc562c01e7682d53b775a747f80d40379178915ac673e3b6bb,"{""distance"":5,""physical_error_rate"":0.5}","{""detection_events"":116,""detectors_checked"":224,""obs_mistake_mask=E"":1}"
       512,         0,         0,    1.14,exact_mw,38b7ae1c4e8407fc325e0d9e43e9f92ff26dcb3f5cf7b98d24ea74c9e5188d39,"{""distance"":5,""physical_error_rate"":0.005}","{""detection_events"":2443,""detectors_checked"":114688}"
      1024,         0,         0,   0.003,exact_mw,f32ebecd8e105e50ec838d33c5ed9b45444b6b44a3c6ac541111079f2b14e893,"{""distance"":5,""physical_error_rate"":5e-05}","{""detection_events"":48,""detectors_checked"":229376}"
      2048,         0,         0,   0.026,exact_mw,70a969f5042aec17ac076c6379f4170fb7c69b8e925756ef3b7334e28a33338b,"{""distance"":5,""physical_error_rate"":0.0001}","{""detection_events"":184,""detectors_checked"":458752}"
       272,         0,         0,   0.020,exact_mw,bb90ec3459e353008cf9a5bb9142bf1e8515517a9e167021b225104594e48e8a,"{""distance"":5,""physical_error_rate"":0.001}","{""detection_events"":320,""detectors_checked"":60928}"
      7168,         0,         0,   0.116,exact_mw,f32ebecd8e105e50ec838d33c5ed9b45444b6b44a3c6ac541111079f2b14e893,"{""distance"":5,""physical_error_rate"":5e-05}","{""detection_events"":322,""detectors_checked"":1605632}"
       256,         0,         0,   0.096,exact_mw,3208f56225bbcac0e2804eb6f92d0a8b681652a702ca1ec920ccd7367f0e0899,"{""distance"":5,""physical_error_rate"":0.002}","{""detection_events"":519,""detectors_checked"":57344}"
      7168,         0,         0,   0.194,exact_mw,cb12ae119b9b2ba18d0216e7235b403229e92fd0743ede48fe7f1a2c6f45d594,"{""distance"":5,""physical_error_rate"":0.0005}","{""detection_events"":3570,""detectors_checked"":1605632}"
        16,         6,         0,   0.331,exact_mw,14059eecea5f7bdc562c01e7682d53b775a747f80d40379178915ac673e3b6bb,"{""distance"":5,""physical_error_rate"":0.5}","{""detection_events"":1797,""detectors_checked"":3584,""obs_mistake_mask=E"":6}"
         1,         0,         0,   0.004,exact_mw,bb90ec3459e353008cf9a5bb9142bf1e8515517a9e167021b225104594e48e8a,"{""distance"":5,""physical_error_rate"":0.001}","{""detectors_checked"":224}"
     45056,         0,         0,   0.560,exact_mw,70a969f5042aec17ac076c6379f4170fb7c69b8e925756ef3b7334e28a33338b,"{""distance"":5,""physical_error_rate"":0.0001}","{""detection_events"":4457,""detectors_checked"":10092544}"
      2304,         0,         0,   0.034,exact_mw,cb12ae119b9b2ba18d0216e7235b403229e92fd0743ede48fe7f1a2c6f45d594,"{""distance"":5,""physical_error_rate"":0.0005}","{""detection_events"":1120,""detectors_checked"":516096}"
     14336,         0,         0,   0.180,exact_mw,70a969f5042aec17ac076c6379f4170fb7c69b8e925756ef3b7334e28a33338b,"{""distance"":5,""physical_error_rate"":0.0001}","{""detection_events"":1382,""detectors_checked"":3211264}"
      2048,         0,         0,   0.033,exact_mw,cb12ae119b9b2ba18d0216e7235b403229e92fd0743ede48fe7f1a2c6f45d594,"{""distance"":5,""physical_error_rate"":0.0005}","{""detection_events"":1131,""detectors_checked"":458752}"
      5120,         0,         0,   0.115,exact_mw,cb12ae119b9b2ba18d0216e7235b403229e92fd0743ede48fe7f1a2c6f45d594,"{""distance"":5,""physical_error_rate"":0.0005}","{""detection_events"":2650,""detectors_checked"":1146880}"
       272,         0,         0,   0.028,exact_mw,bb90ec3459e353008cf9a5bb9142bf1e8515517a9e167021b225104594e48e8a,"{""distance"":5,""physical_error_rate"":0.001}","{""detection_events"":275,""detectors_checked"":60928}"
        16,         5,         0,   0.330,exact_mw,7fd11737ba5953e5998cf5d5ab7672462ce2ff07a9ab0f8628176a3f70e7a095,"{""distance"":5,""physical_error_rate"":0.05}","{""detection_events"":597,""detectors_checked"":3584,""obs_mistake_mask=E"":5}"
        16,         5,         0,   0.312,exact_mw,7def73f725f8347dc4de7c57664b66d91778cc6018e33f45b3defe89c7a0cfc0,"{""distance"":5,""physical_error_rate"":0.1}","{""detection_events"":1018,""detectors_checked"":3584,""obs_mistake_mask=E"":5}"
      3072,         0,         0,   0.056,exact_mw,f32ebecd8e105e50ec838d33c5ed9b45444b6b44a3c6ac541111079f2b14e893,"{""distance"":5,""physical_error_rate"":5e-05}","{""detection_events"":149,""detectors_checked"":688128}"
     12288,         0,         0,   0.171,exact_mw,cdc4a450a40af8e24899239080e4c40992fb5baf91c5a31ab3a165eacb3a1ab3,"{""distance"":5,""physical_error_rate"":0.0002}","{""detection_events"":2327,""detectors_checked"":2752512}"
      5120,         0,         0,   0.131,exact_mw,cb12ae119b9b2ba18d0216e7235b403229e92fd0743ede48fe7f1a2c6f45d594,"{""distance"":5,""physical_error_rate"":0.0005}","{""detection_events"":2602,""detectors_checked"":1146880}"
      2048,         0,         0,   0.028,exact_mw,cb12ae119b9b2ba18d0216e7235b403229e92fd0743ede48fe7f1a2c6f45d594,"{""distance"":5,""physical_error_rate"":0.0005}","{""detection_events"":986,""detectors_checked"":458752}"
       128,         0,         0,   0.343,exact_mw,38b7ae1c4e8407fc325e0d9e43e9f92ff26dcb3f5cf7b98d24ea74c9e5188d39,"{""distance"":5,""physical_error_rate"":0.005}","{""detection_events"":621,""detectors_checked"":28672}"
       273,         0,         0,   0.061,exact_mw,3208f56225bbcac0e2804eb6f92d0a8b681652a702ca1ec920ccd7367f0e0899,"{""distance"":5,""physical_error_rate"":0.002}","{""detection_events"":470,""detectors_checked"":61152}"
        16,         0,         0,   0.121,exact_mw,72230d8c06b5a71069df48ede6f7f3e6128cd83e8239dd1b2e5fe023578b6eb1,"{""distance"":5,""physical_error_rate"":0.01}","{""detection_events"":135,""detectors_checked"":3584}"
      1024,         0,         0,   0.059,exact_mw,bb90ec3459e353008cf9a5bb9142bf1e8515517a9e167021b225104594e48e8a,"{""distance"":5,""physical_error_rate"":0.001}","{""detection_events"":922,""detectors_checked"":229376}"
     18432,         0,         0,   0.285,exact_mw,f32ebecd8e105e50ec838d33c5ed9b45444b6b44a3c6ac541111079f2b14e893,"{""distance"":5,""physical_error_rate"":5e-05}","{""detection_events"":886,""detectors_checked"":4128768}"
        16,         0,         0,   0.202,exact_mw,7b4896c0e7f0a510554d89637fd747b157418067a95869d1f0661294d473d1dc,"{""distance"":5,""physical_error_rate"":0.02}","{""detection_events"":318,""detectors_checked"":3584}"
        16,         6,         0,   0.299,exact_mw,14059eecea5f7bdc562c01e7682d53b775a747f80d40379178915ac673e3b6bb,"{""distance"":5,""physical_error_rate"":0.5}","{""detection_events"":1822,""detectors_checked"":3584,""obs_mistake_mask=E"":6}"
      3072,         0,         0,   0.064,exact_mw,70a969f5042aec17ac076c6379f4170fb7c69b8e925756ef3b7334e28a33338b,"{""distance"":5,""physical_error_rate"":0.0001}","{""detection_events"":276,""detectors_checked"":688128}"
     12288,         0,         0,   0.151,exact_mw,f32ebecd8e105e50ec838d33c5ed9b45444b6b44a3c6ac541111079f2b14e893,"{""distance"":5,""physical_error_rate"":5e-05}","{""detection_events"":608,""detectors_checked"":2752512}"
      1024,         0,         0,   0.304,exact_mw,3208f56225bbcac0e2804eb6f92d0a8b681652a702ca1ec920ccd7367f0e0899,"{""distance"":5,""physical_error_rate"":0.002}","{""detection_events"":1982,""detectors_checked"":229376}"
     12288,         0,         0,   0.178,exact_mw,cdc4a450a40af8e24899239080e4c40992fb5baf91c5a31ab3a165eacb3a1ab3,"{""distance"":5,""physical_error_rate"":0.0002}","{""detection_events"":2334,""detectors_checked"":2752512}"
      2048,         0,         0,   0.044,exact_mw,cb12ae119b9b2ba18d0216e7235b403229e92fd0743ede48fe7f1a2c6f45d594,"{""distance"":5,""physical_error_rate"":0.0005}","{""detection_events"":981,""detectors_checked"":458752}"
      4096,         0,         0,   0.079,exact_mw,cb12ae119b9b2ba18d0216e7235b403229e92fd0743ede48fe7f1a2c6f45d594,"{""distance"":5,""physical_error_rate"":0.0005}","{""detection_events"":1972,""detectors_checked"":917504}"
        64,         0,         0,   0.415,exact_mw,72230d8c06b5a71069df48ede6f7f3e6128cd83e8239dd1b2e5fe023578b6eb1,"{""distance"":5,""physical_error_rate"":0.01}","{""detection_events"":577,""detectors_checked"":14336}"
      1024,         0,         0,   0.039,exact_mw,bb90ec3459e353008cf9a5bb9142bf1e8515517a9e167021b225104594e48e8a,"{""distance"":5,""physical_error_rate"":0.001}","{""detection_events"":1016,""detectors_checked"":229376}"
      4096,         0,         0,   0.074,exact_mw,f32ebecd8e105e50ec838d33c5ed9b45444b6b44a3c6ac541111079f2b14e893,"{""distance"":5,""physical_error_rate"":5e-05}","{""detection_events"":209,""detectors_checked"":917504}"
        16,         8,         0,   0.417,exact_mw,7def73f725f8347dc4de7c57664b66d91778cc6018e33f45b3defe89c7a0cfc0,"{""distance"":5,""physical_error_rate"":0.1}","{""detection_events"":1015,""detectors_checked"":3584,""obs_mistake_mask=E"":8}"
        16,         8,         0,   0.305,exact_mw,7def73f725f8347dc4de7c57664b66d91778cc6018e33f45b3defe89c7a0cfc0,"{""distance"":5,""physical_error_rate"":0.1}","{""detection_events"":991,""detectors_checked"":3584,""obs_mistake_mask=E"":8}"
     28672,         0,         0,   0.411,exact_mw,cdc4a450a40af8e24899239080e4c40992fb5baf91c5a31ab3a165eacb3a1ab3,"{""distance"":5,""physical_error_rate"":0.0002}","{""detection_events"":5673,""detectors_checked"":6422528}"
        16,         6,         0,   0.303,exact_mw,7fd11737ba5953e5998cf5d5ab7672462ce2ff07a9ab0f8628176a3f70e7a095,"{""distance"":5,""physical_error_rate"":0.05}","{""detection_events"":611,""detectors_checked"":3584,""obs_mistake_mask=E"":6}"
      1024,         0,         0,   0.043,exact_mw,bb90ec3459e353008cf9a5bb9142bf1e8515517a9e167021b225104594e48e8a,"{""distance"":5,""physical_error_rate"":0.001}","{""detection_events"":941,""detectors_checked"":229376}"
        32,         9,         0,   0.521,exact_mw,7fd11737ba5953e5998cf5d5ab7672462ce2ff07a9ab0f8628176a3f70e7a095,"{""distance"":5,""physical_error_rate"":0.05}","{""detection_events"":1255,""detectors_checked"":7168,""obs_mistake_mask=E"":9}"
      1024,         0,         0,   0.050,exact_mw,bb90ec3459e353008cf9a5bb9142bf1e8515517a9e167021b225104594e48e8a,"{""distance"":5,""physical_error_rate"":0.001}","{""detection_events"":1069,""detectors_checked"":229376}"
      4096,         0,         0,   0.184,exact_mw,bb90ec3459e353008cf9a5bb9142bf1e8515517a9e167021b225104594e48e8a,"{""distance"":5,""physical_error_rate"":0.001}","{""detection_events"":3919,""detectors_checked"":917504}"
      4096,         0,         0,   0.055,exact_mw,70a969f5042aec17ac076c6379f4170fb7c69b8e925756ef3b7334e28a33338b,"{""distance"":5,""physical_error_rate"":0.0001}","{""detection_events"":428,""detectors_checked"":917504}"
      1024,         0,         0,   0.301,exact_mw,3208f56225bbcac0e2804eb6f92d0a8b681652a702ca1ec920ccd7367f0e0899,"{""distance"":5,""physical_error_rate"":0.002}","{""detection_events"":2011,""detectors_checked"":229376}"
       272,         0,         0,   0.476,exact_mw,38b7ae1c4e8407fc325e0d9e43e9f92ff26dcb3f5cf7b98d24ea74c9e5188d39,"{""distance"":5,""physical_error_rate"":0.005}","{""detection_events"":1265,""detectors_checked"":60928}"
        32,        17,         0,   0.546,exact_mw,d68317bf2f4c69d73359111c5597779a07d8ed85f1f94573f1c8a2f6c683850d,"{""distance"":5,""physical_error_rate"":0.2}","{""detection_events"":2845,""detectors_checked"":7168,""obs_mistake_mask=E"":17}"
      3072,         0,         0,   0.058,exact_mw,cb12ae119b9b2ba18d0216e7235b403229e92fd0743ede48fe7f1a2c6f45d594,"{""distance"":5,""physical_error_rate"":0.0005}","{""detection_events"":1471,""detectors_checked"":688128}"
        32,        17,         0,   0.634,exact_mw,d68317bf2f4c69d73359111c5597779a07d8ed85f1f94573f1c8a2f6c683850d,"{""distance"":5,""physical_error_rate"":0.2}","{""detection_events"":2824,""detectors_checked"":7168,""obs_mistake_mask=E"":17}"
      5120,         0,         0,   0.152,exact_mw,cb12ae119b9b2ba18d0216e7235b403229e92fd0743ede48fe7f1a2c6f45d594,"{""distance"":5,""physical_error_rate"":0.0005}","{""detection_events"":2443,""detectors_checked"":1146880}"
        32,         2,         0,   0.451,exact_mw,7b4896c0e7f0a510554d89637fd747b157418067a95869d1f0661294d473d1dc,"{""distance"":5,""physical_error_rate"":0.02}","{""detection_events"":615,""detectors_checked"":7168,""obs_mistake_mask=E"":2}"
      5120,         0,         0,   0.078,exact_mw,f32ebecd8e105e50ec838d33c5ed9b45444b6b44a3c6ac541111079f2b14e893,"{""distance"":5,""physical_error_rate"":5e-05}","{""detection_events"":226,""detectors_checked"":1146880}"
      1024,         0,         0,   0.051,exact_mw,bb90ec3459e353008cf9a5bb9142bf1e8515517a9e167021b225104594e48e8a,"{""distance"":5,""physical_error_rate"":0.001}","{""detection_events"":923,""detectors_checked"":229376}"
      1024,         0,         0,   0.060,exact_mw,bb90ec3459e353008cf9a5bb9142bf1e8515517a9e167021b225104594e48e8a,"{""distance"":5,""physical_error_rate"":0.001}","{""detection_events"":926,""detectors_checked"":229376}"
     13312,         0,         0,   0.220,exact_mw,f32ebecd8e105e50ec838d33c5ed9b45444b6b44a3c6ac541111079f2b14e893,"{""distance"":5,""physical_error_rate"":5e-05}","{""detection_events"":645,""detectors_checked"":2981888}"
         1,         0,         0,   0.024,exact_mw,3208f56225bbcac0e2804eb6f92d0a8b681652a702ca1ec920ccd7367f0e0899,"{""distance"":5,""physical_error_rate"":0.002}","{""detection_events"":3,""detectors_checked"":224}"
        32,         9,         0,   0.546,exact_mw,7fd11737ba5953e5998cf5d5ab7672462ce2ff07a9ab0f8628176a3f70e7a095,"{""distance"":5,""physical_error_rate"":0.05}","{""detection_events"":1151,""detectors_checked"":7168,""obs_mistake_mask=E"":9}"
      6144,         0,         0,   0.126,exact_mw,cb12ae119b9b2ba18d0216e7235b403229e92fd0743ede48fe7f1a2c6f45d594,"{""distance"":5,""physical_error_rate"":0.0005}","{""detection_events"":3089,""detectors_checked"":1376256}"
        32,        14,         0,   0.622,exact_mw,7def73f725f8347dc4de7c57664b66d91778cc6018e33f45b3defe89c7a0cfc0,"{""distance"":5,""physical_error_rate"":0.1}","{""detection_events"":2066,""detectors_checked"":7168,""obs_mistake_mask=E"":14}"
      4096,         0,         0,   0.070,exact_mw,cb12ae119b9b2ba18d0216e7235b403229e92fd0743ede48fe7f1a2c6f45d594,"{""distance"":5,""physical_error_rate"":0.0005}","{""detection_events"":2048,""detectors_checked"":917504}"
        32,        18,         0,   0.547,exact_mw,7def73f725f8347dc4de7c57664b66d91778cc6018e33f45b3defe89c7a0cfc0,"{""distance"":5,""physical_error_rate"":0.1}","{""detection_events"":2008,""detectors_checked"":7168,""obs_mistake_mask=E"":18}"
      5120,         0,         0,   0.099,exact_mw,70a969f5042aec17ac076c6379f4170fb7c69b8e925756ef3b7334e28a33338b,"{""distance"":5,""physical_error_rate"":0.0001}","{""detection_events"":504,""detectors_checked"":1146880}"
      8192,         0,         0,   0.194,exact_mw,cb12ae119b9b2ba18d0216e7235b403229e92fd0743ede48fe7f1a2c6f45d594,"{""distance"":5,""physical_error_rate"":0.0005}","{""detection_events"":4158,""detectors_checked"":1835008}"
      1024,         1,         0,   0.276,exact_mw,3208f56225bbcac0e2804eb6f92d0a8b681652a702ca1ec920ccd7367f0e0899,"{""distance"":5,""physical_error_rate"":0.002}","{""detection_events"":1993,""detectors_checked"":229376,""obs_mistake_mask=E"":1}"
         1,         0,         0,   0.001,exact_mw,bb90ec3459e353008cf9a5bb9142bf1e8515517a9e167021b225104594e48e8a,"{""distance"":5,""physical_error_rate"":0.001}","{""detectors_checked"":224}"
      1024,         0,         0,   0.061,exact_mw,bb90ec3459e353008cf9a5bb9142bf1e8515517a9e167021b225104594e48e8a,"{""distance"":5,""physical_error_rate"":0.001}","{""detection_events"":938,""detectors_checked"":229376}"
     28672,         0,         0,   0.408,exact_mw,f32ebecd8e105e50ec838d33c5ed9b45444b6b44a3c6ac541111079f2b14e893,"{""distance"":5,""physical_error_rate"":5e-05}","{""detection_events"":1446,""detectors_checked"":6422528}"
        32,         1,         0,   0.461,exact_mw,7b4896c0e7f0a510554d89637fd747b157418067a95869d1f0661294d473d1dc,"{""distance"":5,""physical_error_rate"":0.02}","{""detection_events"":560,""detectors_checked"":7168,""obs_mistake_mask=E"":1}"
      1297,         0,         0,   0.084,exact_mw,bb90ec3459e353008cf9a5bb9142bf1e8515517a9e167021b225104594e48e8a,"{""distance"":5,""physical_error_rate"":0.001}","{""detection_events"":1212,""detectors_checked"":290528}"
         1,         0,         0,   0.004,exact_mw,7b4896c0e7f0a510554d89637fd747b157418067a95869d1f0661294d473d1dc,"{""distance"":5,""physical_error_rate"":0.02}","{""detection_events"":11,""detectors_checked"":224}"
        32,        10,         0,   0.537,exact_mw,7fd11737ba5953e5998cf5d5ab7672462ce2ff07a9ab0f8628176a3f70e7a095,"{""distance"":5,""physical_error_rate"":0.05}","{""detection_events"":1292,""detectors_checked"":7168,""obs_mistake_mask=E"":10}"
     13312,         0,         0,   0.196,exact_mw,f32ebecd8e105e50ec838d33c5ed9b45444b6b44a3c6ac541111079f2b14e893,"{""distance"":5,""physical_error_rate"":5e-05}","{""detection_events"":639,""detectors_checked"":2981888}"
         1,         0,         0,   0.005,exact_mw,f32ebecd8e105e50ec838d33c5ed9b45444b6b44a3c6ac541111079f2b14e893,"{""distance"":5,""physical_error_rate"":5e-05}","{""detectors_checked"":224}"
      9216,         0,         0,   0.310,exact_mw,cb12ae119b9b2ba18d0216e7235b403229e92fd0743ede48fe7f1a2c6f45d594,"{""distance"":5,""physical_error_rate"":0.0005}","{""detection_events"":4730,""detectors_checked"":2064384}"
      1024,         0,         0,   0.082,exact_mw,bb90ec3459e353008cf9a5bb9142bf1e8515517a9e167021b225104594e48e8a,"{""distance"":5,""physical_error_rate"":0.001}","{""detection_events"":1041,""detectors_checked"":229376}"
     19456,         0,         0,   0.294,exact_mw,70a969f5042aec17ac076c6379f4170fb7c69b8e925756ef3b7334e28a33338b,"{""distance"":5,""physical_error_rate"":0.0001}","{""detection_events"":1951,""detectors_checked"":4358144}"
      1024,         0,         0,   0.214,exact_mw,3208f56225bbcac0e2804eb6f92d0a8b681652a702ca1ec920ccd7367f0e0899,"{""distance"":5,""physical_error_rate"":0.002}","{""detection_events"":1927,""detectors_checked"":229376}"
        32,        11,         0,   0.599,exact_mw,7fd11737ba5953e5998cf5d5ab7672462ce2ff07a9ab0f8628176a3f70e7a095,"{""distance"":5,""physical_error_rate"":0.05}","{""detection_events"":1399,""detectors_checked"":7168,""obs_mistake_mask=E"":11}"
        32,        13,         0,   0.623,exact_mw,d68317bf2f4c69d73359111c5597779a07d8ed85f1f94573f1c8a2f6c683850d,"{""distance"":5,""physical_error_rate"":0.2}","{""detection_events"":2928,""detectors_checked"":7168,""obs_mistake_mask=E"":13}"
      9216,         0,         0,   0.125,exact_mw,f32ebecd8e105e50ec838d33c5ed9b45444b6b44a3c6ac541111079f2b14e893,"{""distance"":5,""physical_error_rate"":5e-05}","{""detection_events"":486,""detectors_checked"":2064384}"
      2048,         0,         0,   0.394,exact_mw,3208f56225bbcac0e2804eb6f92d0a8b681652a702ca1ec920ccd7367f0e0899,"{""distance"":5,""physical_error_rate"":0.002}","{""detection_events"":3934,""detectors_checked"":458752}"
      2320,         0,         0,   0.021,exact_mw,f32ebecd8e105e50ec838d33c5ed9b45444b6b44a3c6ac541111079f2b14e893,"{""distance"":5,""physical_error_rate"":5e-05}","{""detection_events"":82,""detectors_checked"":519680}"
       512,         0,         0,   0.367,exact_mw,38b7ae1c4e8407fc325e0d9e43e9f92ff26dcb3f5cf7b98d24ea74c9e5188d39,"{""distance"":5,""physical_error_rate"":0.005}","{""detection_events"":2386,""detectors_checked"":114688}"
       256,         0,         0,   0.548,exact_mw,38b7ae1c4e8407fc325e0d9e43e9f92ff26dcb3f5cf7b98d24ea74c9e5188d39,"{""distance"":5,""physical_error_rate"":0.005}","{""detection_events"":1304,""detectors_checked"":57344}"
        16,         8,         0,   0.328,exact_mw,14059eecea5f7bdc562c01e7682d53b775a747f80d40379178915ac673e3b6bb,"{""distance"":5,""physical_error_rate"":0.5}","{""detection_events"":1842,""detectors_checked"":3584,""obs_mistake_mask=E"":8}"
         1,         0,         0,   0.010,exact_mw,72230d8c06b5a71069df48ede6f7f3e6128cd83e8239dd1b2e5fe023578b6eb1,"{""distance"":5,""physical_error_rate"":0.01}","{""detection_events"":16,""detectors_checked"":224}"
       272,         0,         0,   0.095,exact_mw,3208f56225bbcac0e2804eb6f92d0a8b681652a702ca1ec920ccd7367f0e0899,"{""distance"":5,""physical_error_rate"":0.002}","{""detection_events"":579,""detectors_checked"":60928}"
     15360,         0,         0,   0.248,exact_mw,cdc4a450a40af8e24899239080e4c40992fb5baf91c5a31ab3a165eacb3a1ab3,"{""distance"":5,""physical_error_rate"":0.0002}","{""detection_events"":2995,""detectors_checked"":3440640}"
     43008,         0,         0,   0.565,exact_mw,cdc4a450a40af8e24899239080e4c40992fb5baf91c5a31ab3a165eacb3a1ab3,"{""distance"":5,""physical_error_rate"":0.0002}","{""detection_events"":8290,""detectors_checked"":9633792}"
        64,        31,         0,   0.571,exact_mw,7def73f725f8347dc4de7c57664b66d91778cc6018e33f45b3defe89c7a0cfc0,"{""distance"":5,""physical_error_rate"":0.1}","{""detection_events"":3980,""detectors_checked"":14336,""obs_mistake_mask=E"":31}"
        16,        12,         0,   0.371,exact_mw,14059eecea5f7bdc562c01e7682d53b775a747f80d40379178915ac673e3b6bb,"{""distance"":5,""physical_error_rate"":0.5}","{""detection_events"":1801,""detectors_checked"":3584,""obs_mistake_mask=E"":12}"
         1,         0,         0,   0.005,exact_mw,14059eecea5f7bdc562c01e7682d53b775a747f80d40379178915ac673e3b6bb,"{""distance"":5,""physical_error_rate"":0.5}","{""detection_events"":122,""detectors_checked"":224}"
     17408,         0,         0,   0.290,exact_mw,cdc4a450a40af8e24899239080e4c40992fb5baf91c5a31ab3a165eacb3a1ab3,"{""distance"":5,""physical_error_rate"":0.0002}","{""detection_events"":3381,""detectors_checked"":3899392}"
      1296,         0,         0,   0.063,exact_mw,bb90ec3459e353008cf9a5bb9142bf1e8515517a9e167021b225104594e48e8a,"{""distance"":5,""physical_error_rate"":0.001}","{""detection_events"":1286,""detectors_checked"":290304}"
      2048,         0,         0,   0.030,exact_mw,f32ebecd8e105e50ec838d33c5ed9b45444b6b44a3c6ac541111079f2b14e893,"{""distance"":5,""physical_error_rate"":5e-05}","{""detection_events"":87,""detectors_checked"":458752}"
      1024,         0,         0,   0.033,exact_mw,bb90ec3459e353008cf9a5bb9142bf1e8515517a9e167021b225104594e48e8a,"{""distance"":5,""physical_error_rate"":0.001}","{""detection_events"":937,""detectors_checked"":229376}"
         1,         1,         0,   0.025,exact_mw,d68317bf2f4c69d73359111c5597779a07d8ed85f1f94573f1c8a2f6c683850d,"{""distance"":5,""physical_error_rate"":0.2}","{""detection_events"":90,""detectors_checked"":224,""obs_mistake_mask=E"":1}"
      5120,         0,         0,   0.086,exact_mw,cb12ae119b9b2ba18d0216e7235b403229e92fd0743ede48fe7f1a2c6f45d594,"{""distance"":5,""physical_error_rate"":0.0005}","{""detection_events"":2452,""detectors_checked"":1146880}"
      2048,         0,         0,   0.085,exact_mw,bb90ec3459e353008cf9a5bb9142bf1e8515517a9e167021b225104594e48e8a,"{""distance"":5,""physical_error_rate"":0.001}","{""detection_events"":2073,""detectors_checked"":458752}"
     32768,         0,         0,   0.571,exact_mw,70a969f5042aec17ac076c6379f4170fb7c69b8e925756ef3b7334e28a33338b,"{""distance"":5,""physical_error_rate"":0.0001}","{""detection_events"":3225,""detectors_checked"":7340032}"
         1,         0,         0,   0.004,exact_mw,38b7ae1c4e8407fc325e0d9e43e9f92ff26dcb3f5cf7b98d24ea74c9e5188d39,"{""distance"":5,""physical_error_rate"":0.005}","{""detection_events"":4,""detectors_checked"":224}"
      8192,         0,         0,   0.152,exact_mw,cb12ae119b9b2ba18d0216e7235b403229e92fd0743ede48fe7f1a2c6f45d594,"{""distance"":5,""physical_error_rate"":0.0005}","{""detection_events"":3940,""detectors_checked"":1835008}"
     11264,         0,         0,   0.826,exact_mw,bb90ec3459e353008cf9a5bb9142bf1e8515517a9e167021b225104594e48e8a,"{""distance"":5,""physical_error_rate"":0.001}","{""detection_events"":10716,""detectors_checked"":2523136}"
      2048,         0,         0,   0.102,exact_mw,bb90ec3459e353008cf9a5bb9142bf1e8515517a9e167021b225104594e48e8a,"{""distance"":5,""physical_error_rate"":0.001}","{""detection_events"":1999,""detectors_checked"":458752}"
        16,         7,         0,   0.364,exact_mw,7def73f725f8347dc4de7c57664b66d91778cc6018e33f45b3defe89c7a0cfc0,"{""distance"":5,""physical_error_rate"":0.1}","{""detection_events"":1030,""detectors_checked"":3584,""obs_mistake_mask=E"":7}"
         1,         1,         0,   0.015,exact_mw,d68317bf2f4c69d73359111c5597779a07d8ed85f1f94573f1c8a2f6c683850d,"{""distance"":5,""physical_error_rate"":0.2}","{""detection_events"":88,""detectors_checked"":224,""obs_mistake_mask=E"":1}"
         1,         0,         0,   0.004,exact_mw,38b7ae1c4e8407fc325e0d9e43e9f92ff26dcb3f5cf7b98d24ea74c9e5188d39,"{""distance"":5,""physical_error_rate"":0.005}","{""detectors_checked"":224}"
        16,         0,         0,   0.011,exact_mw,38b7ae1c4e8407fc325e0d9e43e9f92ff26dcb3f5cf7b98d24ea74c9e5188d39,"{""distance"":5,""physical_error_rate"":0.005}","{""detection_events"":87,""detectors_checked"":3584}"
      8192,         0,         0,   0.194,exact_mw,cb12ae119b9b2ba18d0216e7235b403229e92fd0743ede48fe7f1a2c6f45d594,"{""distance"":5,""physical_error_rate"":0.0005}","{""detection_events"":4159,""detectors_checked"":1835008}"
      1024,         0,         0,   0.042,exact_mw,bb90ec3459e353008cf9a5bb9142bf1e8515517a9e167021b225104594e48e8a,"{""distance"":5,""physical_error_rate"":0.001}","{""detection_events"":1004,""detectors_checked"":229376}"
      1024,         0,         0,   0.261,exact_mw,3208f56225bbcac0e2804eb6f92d0a8b681652a702ca1ec920ccd7367f0e0899,"{""distance"":5,""physical_error_rate"":0.002}","{""detection_events"":2070,""detectors_checked"":229376}"
      1024,         0,         0,   0.051,exact_mw,bb90ec3459e353008cf9a5bb9142bf1e8515517a9e167021b225104594e48e8a,"{""distance"":5,""physical_error_rate"":0.001}","{""detection_events"":993,""detectors_checked"":229376}"
     10240,         0,         0,   0.125,exact_mw,70a969f5042aec17ac076c6379f4170fb7c69b8e925756ef3b7334e28a33338b,"{""distance"":5,""physical_error_rate"":0.0001}","{""detection_events"":1003,""detectors_checked"":2293760}"
        32,         4,         0,   0.579,exact_mw,7fd11737ba5953e5998cf5d5ab7672462ce2ff07a9ab0f8628176a3f70e7a095,"{""distance"":5,""physical_error_rate"":0.05}","{""detection_events"":1147,""detectors_checked"":7168,""obs_mistake_mask=E"":4}"
      1024,         0,         0,   0.009,exact_mw,bb90ec3459e353008cf9a5bb9142bf1e8515517a9e167021b225104594e48e8a,"{""distance"":5,""physical_error_rate"":0.001}","{""detection_events"":1055,""detectors_checked"":229376}"
         1,         0,         0,   0.027,exact_mw,38b7ae1c4e8407fc325e0d9e43e9f92ff26dcb3f5cf7b98d24ea74c9e5188d39,"{""distance"":5,""physical_error_rate"":0.005}","{""detection_events"":5,""detectors_checked"":224}"
        16,         4,         0,   0.381,exact_mw,7fd11737ba5953e5998cf5d5ab7672462ce2ff07a9ab0f8628176a3f70e7a095,"{""distance"":5,""physical_error_rate"":0.05}","{""detection_events"":629,""detectors_checked"":3584,""obs_mistake_mask=E"":4}"
      3072,         0,         0,   0.031,exact_mw,f32ebecd8e105e50ec838d33c5ed9b45444b6b44a3c6ac541111079f2b14e893,"{""distance"":5,""physical_error_rate"":5e-05}","{""detection_events"":185,""detectors_checked"":688128}"
        16,         0,         0,   0.020,exact_mw,38b7ae1c4e8407fc325e0d9e43e9f92ff26dcb3f5cf7b98d24ea74c9e5188d39,"{""distance"":5,""physical_error_rate"":0.005}","{""detection_events"":89,""detectors_checked"":3584}"
     38912,         0,         0,   0.586,exact_mw,70a969f5042aec17ac076c6379f4170fb7c69b8e925756ef3b7334e28a33338b,"{""distance"":5,""physical_error_rate"":0.0001}","{""detection_events"":3950,""detectors_checked"":8716288}"
         1,         0,         0,   0.008,exact_mw,cdc4a450a40af8e24899239080e4c40992fb5baf91c5a31ab3a165eacb3a1ab3,"{""distance"":5,""physical_error_rate"":0.0002}","{""detectors_checked"":224}"
        16,         0,         0,   0.009,exact_mw,38b7ae1c4e8407fc325e0d9e43e9f92ff26dcb3f5cf7b98d24ea74c9e5188d39,"{""distance"":5,""physical_error_rate"":0.005}","{""detection_events"":60,""detectors_checked"":3584}"
       128,         0,         0,   0.393,exact_mw,38b7ae1c4e8407fc325e0d9e43e9f92ff26dcb3f5cf7b98d24ea74c9e5188d39,"{""distance"":5,""physical_error_rate"":0.005}","{""detection_events"":641,""detectors_checked"":28672}"
       256,         0,         0,   0.546,exact_mw,38b7ae1c4e8407fc325e0d9e43e9f92ff26dcb3f5cf7b98d24ea74c9e5188d39,"{""distance"":5,""physical_error_rate"":0.005}","{""detection_events"":1217,""detectors_checked"":57344}"
       256,         0,         0,    1.18,exact_mw,72230d8c06b5a71069df48ede6f7f3e6128cd83e8239dd1b2e5fe023578b6eb1,"{""distance"":5,""physical_error_rate"":0.01}","{""detection_events"":2451,""detectors_checked"":57344}"
     24576,         0,         0,   0.388,exact_mw,f32ebecd8e105e50ec838d33c5ed9b45444b6b44a3c6ac541111079f2b14e893,"{""distance"":5,""physical_error_rate"":5e-05}","{""detection_events"":1239,""detectors_checked"":5505024}"
      3072,         0,         0,   0.015,exact_mw,f32ebecd8e105e50ec838d33c5ed9b45444b6b44a3c6ac541111079f2b14e893,"{""distance"":5,""physical_error_rate"":5e-05}","{""detection_events"":113,""detectors_checked"":688128}"
        16,         6,         0,   0.344,exact_mw,7def73f725f8347dc4de7c57664b66d91778cc6018e33f45b3defe89c7a0cfc0,"{""distance"":5,""physical_error_rate"":0.1}","{""detection_events"":964,""detectors_checked"":3584,""obs_mistake_mask=E"":6}"
         1,         0,         0,   0.051,exact_mw,7fd11737ba5953e5998cf5d5ab7672462ce2ff07a9ab0f8628176a3f70e7a095,"{""distance"":5,""physical_error_rate"":0.05}","{""detection_events"":46,""detectors_checked"":224}"
       273,         0,         0,   0.010,exact_mw,cdc4a450a40af8e24899239080e4c40992fb5baf91c5a31ab3a165eacb3a1ab3,"{""distance"":5,""physical_error_rate"":0.0002}","{""detection_events"":67,""detectors_checked"":61152}"
      1024,         0,         0,   0.361,exact_mw,3208f56225bbcac0e2804eb6f92d0a8b681652a702ca1ec920ccd7367f0e0899,"{""distance"":5,""physical_error_rate"":0.002}","{""detection_events"":1995,""detectors_checked"":229376}"
        16,         5,         0,   0.288,exact_mw,7fd11737ba5953e5998cf5d5ab7672462ce2ff07a9ab0f8628176a3f70e7a095,"{""distance"":5,""physical_error_rate"":0.05}","{""detection_events"":633,""detectors_checked"":3584,""obs_mistake_mask=E"":5}"
      1024,         0,         0,   0.003,exact_mw,cdc4a450a40af8e24899239080e4c40992fb5baf91c5a31ab3a165eacb3a1ab3,"{""distance"":5,""physical_error_rate"":0.0002}","{""detection_events"":163,""detectors_checked"":229376}"
     11264,         0,         0,   0.162,exact_mw,f32ebecd8e105e50ec838d33c5ed9b45444b6b44a3c6ac541111079f2b14e893,"{""distance"":5,""physical_error_rate"":5e-05}","{""detection_events"":603,""detectors_checked"":2523136}"
        16,         0,         0,   0.130,exact_mw,72230d8c06b5a71069df48ede6f7f3e6128cd83e8239dd1b2e5fe023578b6eb1,"{""distance"":5,""physical_error_rate"":0.01}","{""detection_events"":137,""detectors_checked"":3584}"
      2320,         0,         0,   0.040,exact_mw,cdc4a450a40af8e24899239080e4c40992fb5baf91c5a31ab3a165eacb3a1ab3,"{""distance"":5,""physical_error_rate"":0.0002}","{""detection_events"":483,""detectors_checked"":519680}"
        17,        10,         0,   0.446,exact_mw,14059eecea5f7bdc562c01e7682d53b775a747f80d40379178915ac673e3b6bb,"{""distance"":5,""physical_error_rate"":0.5}","{""detection_events"":1899,""detectors_checked"":3808,""obs_mistake_mask=E"":10}"
      1024,         0,         0,   0.077,exact_mw,bb90ec3459e353008cf9a5bb9142bf1e8515517a9e167021b225104594e48e8a,"{""distance"":5,""physical_error_rate"":0.001}","{""detection_events"":932,""detectors_checked"":229376}"
         1,         0,         0,   0.021,exact_mw,cdc4a450a40af8e24899239080e4c40992fb5baf91c5a31ab3a165eacb3a1ab3,"{""distance"":5,""physical_error_rate"":0.0002}","{""detectors_checked"":224}"
     20480,         0,         0,   0.290,exact_mw,f32ebecd8e105e50ec838d33c5ed9b45444b6b44a3c6ac541111079f2b14e893,"{""distance"":5,""physical_error_rate"":5e-05}","{""detection_events"":954,""detectors_checked"":4587520}"
      6144,         0,         0,   0.116,exact_mw,cb12ae119b9b2ba18d0216e7235b403229e92fd0743ede48fe7f1a2c6f45d594,"{""distance"":5,""physical_error_rate"":0.0005}","{""detection_events"":2987,""detectors_checked"":1376256}"
      1024,         0,         0,   0.023,exact_mw,cdc4a450a40af8e24899239080e4c40992fb5baf91c5a31ab3a165eacb3a1ab3,"{""distance"":5,""physical_error_rate"":0.0002}","{""detection_events"":223,""detectors_checked"":229376}"
         1,         1,         0,   0.030,exact_mw,d68317bf2f4c69d73359111c5597779a07d8ed85f1f94573f1c8a2f6c683850d,"{""distance"":5,""physical_error_rate"":0.2}","{""detection_events"":96,""detectors_checked"":224,""obs_mistake_mask=E"":1}"
         1,         0,         0,   0.028,exact_mw,72230d8c06b5a71069df48ede6f7f3e6128cd83e8239dd1b2e5fe023578b6eb1,"{""distance"":5,""physical_error_rate"":0.01}","{""detection_events"":11,""detectors_checked"":224}"
      1024,         0,         0,   0.020,exact_mw,cdc4a450a40af8e24899239080e4c40992fb5baf91c5a31ab3a165eacb3a1ab3,"{""distance"":5,""physical_error_rate"":0.0002}","{""detection_events"":183,""detectors_checked"":229376}"
      1024,         0,         0,   0.050,exact_mw,bb90ec3459e353008cf9a5bb9142bf1e8515517a9e167021b225104594e48e8a,"{""distance"":5,""physical_error_rate"":0.001}","{""detection_events"":934,""detectors_checked"":229376}"
      1024,         0,         0,   0.222,exact_mw,3208f56225bbcac0e2804eb6f92d0a8b681652a702ca1ec920ccd7367f0e0899,"{""distance"":5,""physical_error_rate"":0.002}","{""detection_events"":1970,""detectors_checked"":229376}"
     57344,         0,         0,   0.786,exact_mw,f32ebecd8e105e50ec838d33c5ed9b45444b6b44a3c6ac541111079f2b14e893,"{""distance"":5,""physical_error_rate"":5e-05}","{""detection_events"":2883,""detectors_checked"":12845056}"
      1296,         0,         0,   0.022,exact_mw,cdc4a450a40af8e24899239080e4c40992fb5baf91c5a31ab3a165eacb3a1ab3,"{""distance"":5,""physical_error_rate"":0.0002}","{""detection_events"":293,""detectors_checked"":290304}"
      3072,         0,         0,   0.045,exact_mw,f32ebecd8e105e50ec838d33c5ed9b45444b6b44a3c6ac541111079f2b14e893,"{""distance"":5,""physical_error_rate"":5e-05}","{""detection_events"":154,""detectors_checked"":688128}"
      5120,         0,         0,   0.368,exact_mw,bb90ec3459e353008cf9a5bb9142bf1e8515517a9e167021b225104594e48e8a,"{""distance"":5,""physical_error_rate"":0.001}","{""detection_events"":5004,""detectors_checked"":1146880}"
         1,         0,         0,   0.016,exact_mw,3208f56225bbcac0e2804eb6f92d0a8b681652a702ca1ec920ccd7367f0e0899,"{""distance"":5,""physical_error_rate"":0.002}","{""detectors_checked"":224}"
        16,         0,         0,   0.001,exact_mw,3208f56225bbcac0e2804eb6f92d0a8b681652a702ca1ec920ccd7367f0e0899,"{""distance"":5,""physical_error_rate"":0.002}","{""detection_events"":27,""detectors_checked"":3584}"
      1024,         0,         0,   0.028,exact_mw,cdc4a450a40af8e24899239080e4c40992fb5baf91c5a31ab3a165eacb3a1ab3,"{""distance"":5,""physical_error_rate"":0.0002}","{""detection_events"":243,""detectors_checked"":229376}"
        16,        11,         0,   0.433,exact_mw,7def73f725f8347dc4de7c57664b66d91778cc6018e33f45b3defe89c7a0cfc0,"{""distance"":5,""physical_error_rate"":0.1}","{""detection_events"":1026,""detectors_checked"":3584,""obs_mistake_mask=E"":11}"
         1,         0,         0,   0.030,exact_mw,7def73f725f8347dc4de7c57664b66d91778cc6018e33f45b3defe89c7a0cfc0,"{""distance"":5,""physical_error_rate"":0.1}","{""detection_events"":74,""detectors_checked"":224}"
      2048,         0,         0,   0.142,exact_mw,bb90ec3459e353008cf9a5bb9142bf1e8515517a9e167021b225104594e48e8a,"{""distance"":5,""physical_error_rate"":0.001}","{""detection_events"":2068,""detectors_checked"":458752}"
      1024,         0,         0,   0.050,exact_mw,bb90ec3459e353008cf9a5bb9142bf1e8515517a9e167021b225104594e48e8a,"{""distance"":5,""physical_error_rate"":0.001}","{""detection_events"":976,""detectors_checked"":229376}"
        64,         0,         0,   0.732,exact_mw,7b4896c0e7f0a510554d89637fd747b157418067a95869d1f0661294d473d1dc,"{""distance"":5,""physical_error_rate"":0.02}","{""detection_events"":1139,""detectors_checked"":14336}"
      2048,         0,         0,   0.057,exact_mw,cdc4a450a40af8e24899239080e4c40992fb5baf91c5a31ab3a165eacb3a1ab3,"{""distance"":5,""physical_error_rate"":0.0002}","{""detection_events"":368,""detectors_checked"":458752}"
      2048,         0,         0,   0.028,exact_mw,cdc4a450a40af8e24899239080e4c40992fb5baf91c5a31ab3a165eacb3a1ab3,"{""distance"":5,""physical_error_rate"":0.0002}","{""detection_events"":454,""detectors_checked"":458752}"
        64,         2,         0,   0.476,exact_mw,72230d8c06b5a71069df48ede6f7f3e6128cd83e8239dd1b2e5fe023578b6eb1,"{""distance"":5,""physical_error_rate"":0.01}","{""detection_events"":727,""detectors_checked"":14336,""obs_mistake_mask=E"":2}"
        64,         0,         0,   0.451,exact_mw,72230d8c06b5a71069df48ede6f7f3e6128cd83e8239dd1b2e5fe023578b6eb1,"{""distance"":5,""physical_error_rate"":0.01}","{""detection_events"":603,""detectors_checked"":14336}"
      1024,         0,         0,   0.251,exact_mw,3208f56225bbcac0e2804eb6f92d0a8b681652a702ca1ec920ccd7367f0e0899,"{""distance"":5,""physical_error_rate"":0.002}","{""detection_events"":2082,""detectors_checked"":229376}"
      9216,         0,         0,   0.263,exact_mw,cb12ae119b9b2ba18d0216e7235b403229e92fd0743ede48fe7f1a2c6f45d594,"{""distance"":5,""physical_error_rate"":0.0005}","{""detection_events"":4659,""detectors_checked"":2064384}"
      1024,         0,         0,   0.236,exact_mw,3208f56225bbcac0e2804eb6f92d0a8b681652a702ca1ec920ccd7367f0e0899,"{""distance"":5,""physical_error_rate"":0.002}","{""detection_events"":2077,""detectors_checked"":229376}"
       128,         0,         0,   0.723,exact_mw,72230d8c06b5a71069df48ede6f7f3e6128cd83e8239dd1b2e5fe023578b6eb1,"{""distance"":5,""physical_error_rate"":0.01}","{""detection_events"":1156,""detectors_checked"":28672}"
      2048,         0,         0,   0.017,exact_mw,cdc4a450a40af8e24899239080e4c40992fb5baf91c5a31ab3a165eacb3a1ab3,"{""distance"":5,""physical_error_rate"":0.0002}","{""detection_events"":364,""detectors_checked"":458752}"
       273,         0,         0,   0.103,exact_mw,3208f56225bbcac0e2804eb6f92d0a8b681652a702ca1ec920ccd7367f0e0899,"{""distance"":5,""physical_error_rate"":0.002}","{""detection_events"":552,""detectors_checked"":61152}"
      3072,         0,         0,   0.177,exact_mw,bb90ec3459e353008cf9a5bb9142bf1e8515517a9e167021b225104594e48e8a,"{""distance"":5,""physical_error_rate"":0.001}","{""detection_events"":3009,""detectors_checked"":688128}"
         1,         0,         0,   0.001,exact_mw,38b7ae1c4e8407fc325e0d9e43e9f92ff26dcb3f5cf7b98d24ea74c9e5188d39,"{""distance"":5,""physical_error_rate"":0.005}","{""detection_events"":4,""detectors_checked"":224}"
      3072,         0,         0,   0.050,exact_mw,cdc4a450a40af8e24899239080e4c40992fb5baf91c5a31ab3a165eacb3a1ab3,"{""distance"":5,""physical_error_rate"":0.0002}","{""detection_events"":541,""detectors_checked"":688128}"
        32,         0,         0,   0.407,exact_mw,7b4896c0e7f0a510554d89637fd747b157418067a95869d1f0661294d473d1dc,"{""distance"":5,""physical_error_rate"":0.02}","{""detection_events"":545,""detectors_checked"":7168}"
         1,         0,         0,   0.005,exact_mw,7b4896c0e7f0a510554d89637fd747b157418067a95869d1f0661294d473d1dc,"{""distance"":5,""physical_error_rate"":0.02}","{""detection_events"":18,""detectors_checked"":224}"
     15360,         0,         0,   0.779,exact_mw,bb90ec3459e353008cf9a5bb9142bf1e8515517a9e167021b225104594e48e8a,"{""distance"":5,""physical_error_rate"":0.001}","{""detection_events"":15136,""detectors_checked"":3440640}"
      9216,         0,         0,   0.202,exact_mw,cb12ae119b9b2ba18d0216e7235b403229e92fd0743ede48fe7f1a2c6f45d594,"{""distance"":5,""physical_error_rate"":0.0005}","{""detection_events"":4479,""detectors_checked"":2064384}"
         1,         0,         0,   0.008,exact_mw,14059eecea5f7bdc562c01e7682d53b775a747f80d40379178915ac673e3b6bb,"{""distance"":5,""physical_error_rate"":0.5}","{""detection_events"":114,""detectors_checked"":224}"
        16,         0,         0,   0.260,exact_mw,7b4896c0e7f0a510554d89637fd747b157418067a95869d1f0661294d473d1dc,"{""distance"":5,""physical_error_rate"":0.02}","{""detection_events"":256,""detectors_checked"":3584}"
      2048,         0,         0,   0.081,exact_mw,bb90ec3459e353008cf9a5bb9142bf1e8515517a9e167021b225104594e48e8a,"{""distance"":5,""physical_error_rate"":0.001}","{""detection_events"":2106,""detectors_checked"":458752}"
         1,         0,         0,   0.005,exact_mw,72230d8c06b5a71069df48ede6f7f3e6128cd83e8239dd1b2e5fe023578b6eb1,"{""distance"":5,""physical_error_rate"":0.01}","{""detection_events"":4,""detectors_checked"":224}"
      1297,         0,         0,   0.011,exact_mw,70a969f5042aec17ac076c6379f4170fb7c69b8e925756ef3b7334e28a33338b,"{""distance"":5,""physical_error_rate"":0.0001}","{""detection_events"":117,""detectors_checked"":290528}"
       256,         0,         0,   0.065,exact_mw,3208f56225bbcac0e2804eb6f92d0a8b681652a702ca1ec920ccd7367f0e0899,"{""distance"":5,""physical_error_rate"":0.002}","{""detection_events"":538,""detectors_checked"":57344}"
      3072,         0,         0,   0.087,exact_mw,f32ebecd8e105e50ec838d33c5ed9b45444b6b44a3c6ac541111079f2b14e893,"{""distance"":5,""physical_error_rate"":5e-05}","{""detection_events"":177,""detectors_checked"":688128}"
        32,        14,         0,   0.665,exact_mw,14059eecea5f7bdc562c01e7682d53b775a747f80d40379178915ac673e3b6bb,"{""distance"":5,""physical_error_rate"":0.5}","{""detection_events"":3665,""detectors_checked"":7168,""obs_mistake_mask=E"":14}"
      1024,         0,         0,   0.054,exact_mw,bb90ec3459e353008cf9a5bb9142bf1e8515517a9e167021b225104594e48e8a,"{""distance"":5,""physical_error_rate"":0.001}","{""detection_events"":959,""detectors_checked"":229376}"
         1,         0,         0,   0.011,exact_mw,3208f56225bbcac0e2804eb6f92d0a8b681652a702ca1ec920ccd7367f0e0899,"{""distance"":5,""physical_error_rate"":0.002}","{""detection_events"":14,""detectors_checked"":224}"
     13312,         0,         0,   0.191,exact_mw,70a969f5042aec17ac076c6379f4170fb7c69b8e925756ef3b7334e28a33338b,"{""distance"":5,""physical_error_rate"":0.0001}","{""detection_events"":1224,""detectors_checked"":2981888}"
      4096,         0,         0,   0.060,exact_mw,cdc4a450a40af8e24899239080e4c40992fb5baf91c5a31ab3a165eacb3a1ab3,"{""distance"":5,""physical_error_rate"":0.0002}","{""detection_events"":882,""detectors_checked"":917504}"
      5120,         0,         0,   0.051,exact_mw,cdc4a450a40af8e24899239080e4c40992fb5baf91c5a31ab3a165eacb3a1ab3,"{""distance"":5,""physical_error_rate"":0.0002}","{""detection_events"":930,""detectors_checked"":1146880}"
       512,         2,         0,   0.294,exact_mw,38b7ae1c4e8407fc325e0d9e43e9f92ff26dcb3f5cf7b98d24ea74c9e5188d39,"{""distance"":5,""physical_error_rate"":0.005}","{""detection_events"":2504,""detectors_checked"":114688,""obs_mistake_mask=E"":2}"
     19456,         0,         0,   0.320,exact_mw,f32ebecd8e105e50ec838d33c5ed9b45444b6b44a3c6ac541111079f2b14e893,"{""distance"":5,""physical_error_rate"":5e-05}","{""detection_events"":917,""detectors_checked"":4358144}"
        16,         0,         0,   0.004,exact_mw,3208f56225bbcac0e2804eb6f92d0a8b681652a702ca1ec920ccd7367f0e0899,"{""distance"":5,""physical_error_rate"":0.002}","{""detection_events"":46,""detectors_checked"":3584}"
      1024,         0,         0,   0.028,exact_mw,70a969f5042aec17ac076c6379f4170fb7c69b8e925756ef3b7334e28a33338b,"{""distance"":5,""physical_error_rate"":0.0001}","{""detection_events"":95,""detectors_checked"":229376}"
      4096,         0,         0,   0.055,exact_mw,cdc4a450a40af8e24899239080e4c40992fb5baf91c5a31ab3a165eacb3a1ab3,"{""distance"":5,""physical_error_rate"":0.0002}","{""detection_events"":824,""detectors_checked"":917504}"
        16,         7,         0,   0.311,exact_mw,14059eecea5f7bdc562c01e7682d53b775a747f80d40379178915ac673e3b6bb,"{""distance"":5,""physical_error_rate"":0.5}","{""detection_events"":1779,""detectors_checked"":3584,""obs_mistake_mask=E"":7}"
        16,         9,         0,   0.318,exact_mw,14059eecea5f7bdc562c01e7682d53b775a747f80d40379178915ac673e3b6bb,"{""distance"":5,""physical_error_rate"":0.5}","{""detection_events"":1770,""detectors_checked"":3584,""obs_mistake_mask=E"":9}"
        16,         9,         0,   0.291,exact_mw,d68317bf2f4c69d73359111c5597779a07d8ed85f1f94573f1c8a2f6c683850d,"{""distance"":5,""physical_error_rate"":0.2}","{""detection_events"":1424,""detectors_checked"":3584,""obs_mistake_mask=E"":9}"
      1024,         0,         0,   0.236,exact_mw,3208f56225bbcac0e2804eb6f92d0a8b681652a702ca1ec920ccd7367f0e0899,"{""distance"":5,""physical_error_rate"":0.002}","{""detection_events"":1964,""detectors_checked"":229376}"
         1,         0,         0,   0.001,exact_mw,70a969f5042aec17ac076c6379f4170fb7c69b8e925756ef3b7334e28a33338b,"{""distance"":5,""physical_error_rate"":0.0001}","{""detectors_checked"":224}"
        32,         2,         0,   0.566,exact_mw,7b4896c0e7f0a510554d89637fd747b157418067a95869d1f0661294d473d1dc,"{""distance"":5,""physical_error_rate"":0.02}","{""detection_events"":602,""detectors_checked"":7168,""obs_mistake_mask=E"":2}"
        16,         5,         0,   0.236,exact_mw,7fd11737ba5953e5998cf5d5ab7672462ce2ff07a9ab0f8628176a3f70e7a095,"{""distance"":5,""physical_error_rate"":0.05}","{""detection_events"":607,""detectors_checked"":3584,""obs_mistake_mask=E"":5}"
      5120,         0,         0,   0.038,exact_mw,cdc4a450a40af8e24899239080e4c40992fb5baf91c5a31ab3a165eacb3a1ab3,"{""distance"":5,""physical_error_rate"":0.0002}","{""detection_events"":1020,""detectors_checked"":1146880}"
        64,         5,         0,   0.665,exact_mw,7b4896c0e7f0a510554d89637fd747b157418067a95869d1f0661294d473d1dc,"{""distance"":5,""physical_error_rate"":0.02}","{""detection_events"":1058,""detectors_checked"":14336,""obs_mistake_mask=E"":5}"
         8,         1,         0,   0.181,exact_mw,7fd11737ba5953e5998cf5d5ab7672462ce2ff07a9ab0f8628176a3f70e7a095,"{""distance"":5,""physical_error_rate"":0.05}","{""detection_events"":290,""detectors_checked"":1792,""obs_mistake_mask=E"":1}"
      4096,         0,         0,   0.054,exact_mw,cdc4a450a40af8e24899239080e4c40992fb5baf91c5a31ab3a165eacb3a1ab3,"{""distance"":5,""physical_error_rate"":0.0002}","{""detection_events"":811,""detectors_checked"":917504}"
        32,        12,         0,   0.713,exact_mw,d68317bf2f4c69d73359111c5597779a07d8ed85f1f94573f1c8a2f6c683850d,"{""distance"":5,""physical_error_rate"":0.2}","{""detection_events"":2795,""detectors_checked"":7168,""obs_mistake_mask=E"":12}"
     12288,         0,         0,   0.216,exact_mw,f32ebecd8e105e50ec838d33c5ed9b45444b6b44a3c6ac541111079f2b14e893,"{""distance"":5,""physical_error_rate"":5e-05}","{""detection_events"":640,""detectors_checked"":2752512}"
        16,         0,         0,   0.195,exact_mw,72230d8c06b5a71069df48ede6f7f3e6128cd83e8239dd1b2e5fe023578b6eb1,"{""distance"":5,""physical_error_rate"":0.01}","{""detection_events"":170,""detectors_checked"":3584}"
      3344,         0,         0,   0.015,exact_mw,70a969f5042aec17ac076c6379f4170fb7c69b8e925756ef3b7334e28a33338b,"{""distance"":5,""physical_error_rate"":0.0001}","{""detection_events"":352,""detectors_checked"":749056}"
      2048,         0,         0,   0.016,exact_mw,70a969f5042aec17ac076c6379f4170fb7c69b8e925756ef3b7334e28a33338b,"{""distance"":5,""physical_error_rate"":0.0001}","{""detection_events"":228,""detectors_checked"":458752}"
      9216,         0,         0,   0.299,exact_mw,cb12ae119b9b2ba18d0216e7235b403229e92fd0743ede48fe7f1a2c6f45d594,"{""distance"":5,""physical_error_rate"":0.0005}","{""detection_events"":4648,""detectors_checked"":2064384}"
      1024,         0,         0,   0.003,exact_mw,70a969f5042aec17ac076c6379f4170fb7c69b8e925756ef3b7334e28a33338b,"{""distance"":5,""physical_error_rate"":0.0001}","{""detection_events"":125,""detectors_checked"":229376}"
      2048,         0,         0,   0.082,exact_mw,bb90ec3459e353008cf9a5bb9142bf1e8515517a9e167021b225104594e48e8a,"{""distance"":5,""physical_error_rate"":0.001}","{""detection_events"":1949,""detectors_checked"":458752}"
       256,         0,         0,   0.552,exact_mw,38b7ae1c4e8407fc325e0d9e43e9f92ff26dcb3f5cf7b98d24ea74c9e5188d39,"{""distance"":5,""physical_error_rate"":0.005}","{""detection_events"":1325,""detectors_checked"":57344}"
     27648,         0,         0,   0.404,exact_mw,70a969f5042aec17ac076c6379f4170fb7c69b8e925756ef3b7334e28a33338b,"{""distance"":5,""physical_error_rate"":0.0001}","{""detection_events"":2746,""detectors_checked"":6193152}"
      8192,         0,         0,   0.109,exact_mw,f32ebecd8e105e50ec838d33c5ed9b45444b6b44a3c6ac541111079f2b14e893,"{""distance"":5,""physical_error_rate"":5e-05}","{""detection_events"":349,""detectors_checked"":1835008}"
     10240,         0,         0,   0.226,exact_mw,cb12ae119b9b2ba18d0216e7235b403229e92fd0743ede48fe7f1a2c6f45d594,"{""distance"":5,""physical_error_rate"":0.0005}","{""detection_events"":4890,""detectors_checked"":2293760}"
      1024,         0,         0,   0.096,exact_mw,bb90ec3459e353008cf9a5bb9142bf1e8515517a9e167021b225104594e48e8a,"{""distance"":5,""physical_error_rate"":0.001}","{""detection_events"":1023,""detectors_checked"":229376}"
      3072,         0,         0,   0.152,exact_mw,bb90ec3459e353008cf9a5bb9142bf1e8515517a9e167021b225104594e48e8a,"{""distance"":5,""physical_error_rate"":0.001}","{""detection_events"":3009,""detectors_checked"":688128}"
     15360,         0,         0,   0.407,exact_mw,cb12ae119b9b2ba18d0216e7235b403229e92fd0743ede48fe7f1a2c6f45d594,"{""distance"":5,""physical_error_rate"":0.0005}","{""detection_events"":7477,""detectors_checked"":3440640}"
      2048,         0,         0,   0.184,exact_mw,bb90ec3459e353008cf9a5bb9142bf1e8515517a9e167021b225104594e48e8a,"{""distance"":5,""physical_error_rate"":0.001}","{""detection_events"":2104,""detectors_checked"":458752}"
        32,         7,         0,   0.597,exact_mw,7fd11737ba5953e5998cf5d5ab7672462ce2ff07a9ab0f8628176a3f70e7a095,"{""distance"":5,""physical_error_rate"":0.05}","{""detection_events"":1250,""detectors_checked"":7168,""obs_mistake_mask=E"":7}"
      1024,         0,         0,   0.031,exact_mw,70a969f5042aec17ac076c6379f4170fb7c69b8e925756ef3b7334e28a33338b,"{""distance"":5,""physical_error_rate"":0.0001}","{""detection_events"":132,""detectors_checked"":229376}"
     37888,         0,         0,   0.587,exact_mw,cdc4a450a40af8e24899239080e4c40992fb5baf91c5a31ab3a165eacb3a1ab3,"{""distance"":5,""physical_error_rate"":0.0002}","{""detection_events"":7609,""detectors_checked"":8486912}"
         1,         0,         0,   0.013,exact_mw,7def73f725f8347dc4de7c57664b66d91778cc6018e33f45b3defe89c7a0cfc0,"{""distance"":5,""physical_error_rate"":0.1}","{""detection_events"":73,""detectors_checked"":224}"
      3072,         0,         0,   0.057,exact_mw,70a969f5042aec17ac076c6379f4170fb7c69b8e925756ef3b7334e28a33338b,"{""distance"":5,""physical_error_rate"":0.0001}","{""detection_events"":312,""detectors_checked"":688128}"
       256,         0,         0,   0.075,exact_mw,3208f56225bbcac0e2804eb6f92d0a8b681652a702ca1ec920ccd7367f0e0899,"{""distance"":5,""physical_error_rate"":0.002}","{""detection_events"":429,""detectors_checked"":57344}"
      1024,         0,         0,   0.003,exact_mw,70a969f5042aec17ac076c6379f4170fb7c69b8e925756ef3b7334e28a33338b,"{""distance"":5,""physical_error_rate"":0.0001}","{""detection_events"":116,""detectors_checked"":229376}"
        16,         8,         0,   0.294,exact_mw,7def73f725f8347dc4de7c57664b66d91778cc6018e33f45b3defe89c7a0cfc0,"{""distance"":5,""physical_error_rate"":0.1}","{""detection_events"":995,""detectors_checked"":3584,""obs_mistake_mask=E"":8}"
        16,         0,         0,   0.121,exact_mw,72230d8c06b5a71069df48ede6f7f3e6128cd83e8239dd1b2e5fe023578b6eb1,"{""distance"":5,""physical_error_rate"":0.01}","{""detection_events"":199,""detectors_checked"":3584}"
        16,         7,         0,   0.352,exact_mw,7def73f725f8347dc4de7c57664b66d91778cc6018e33f45b3defe89c7a0cfc0,"{""distance"":5,""physical_error_rate"":0.1}","{""detection_events"":1051,""detectors_checked"":3584,""obs_mistake_mask=E"":7}"
        32,        18,         0,   0.623,exact_mw,d68317bf2f4c69d73359111c5597779a07d8ed85f1f94573f1c8a2f6c683850d,"{""distance"":5,""physical_error_rate"":0.2}","{""detection_events"":2837,""detectors_checked"":7168,""obs_mistake_mask=E"":18}"
     21504,         0,         0,   0.393,exact_mw,cdc4a450a40af8e24899239080e4c40992fb5baf91c5a31ab3a165eacb3a1ab3,"{""distance"":5,""physical_error_rate"":0.0002}","{""detection_events"":4228,""detectors_checked"":4816896}"
      5120,         0,         0,   0.061,exact_mw,cdc4a450a40af8e24899239080e4c40992fb5baf91c5a31ab3a165eacb3a1ab3,"{""distance"":5,""physical_error_rate"":0.0002}","{""detection_events"":1087,""detectors_checked"":1146880}"
      5120,         0,         0,   0.087,exact_mw,cdc4a450a40af8e24899239080e4c40992fb5baf91c5a31ab3a165eacb3a1ab3,"{""distance"":5,""physical_error_rate"":0.0002}","{""detection_events"":1084,""detectors_checked"":1146880}"
        16,         7,         0,   0.201,exact_mw,7def73f725f8347dc4de7c57664b66d91778cc6018e33f45b3defe89c7a0cfc0,"{""distance"":5,""physical_error_rate"":0.1}","{""detection_events"":1007,""detectors_checked"":3584,""obs_mistake_mask=E"":7}"
        16,         8,         0,   0.366,exact_mw,14059eecea5f7bdc562c01e7682d53b775a747f80d40379178915ac673e3b6bb,"{""distance"":5,""physical_error_rate"":0.5}","{""detection_events"":1775,""detectors_checked"":3584,""obs_mistake_mask=E"":8}"
        32,        13,         0,   0.778,exact_mw,14059eecea5f7bdc562c01e7682d53b775a747f80d40379178915ac673e3b6bb,"{""distance"":5,""physical_error_rate"":0.5}","{""detection_events"":3560,""detectors_checked"":7168,""obs_mistake_mask=E"":13}"
     26624,         0,         0,   0.416,exact_mw,cdc4a450a40af8e24899239080e4c40992fb5baf91c5a31ab3a165eacb3a1ab3,"{""distance"":5,""physical_error_rate"":0.0002}","{""detection_events"":5192,""detectors_checked"":5963776}"
        32,         0,         0,   0.479,exact_mw,7b4896c0e7f0a510554d89637fd747b157418067a95869d1f0661294d473d1dc,"{""distance"":5,""physical_error_rate"":0.02}","{""detection_events"":576,""detectors_checked"":7168}"
         1,         0,         0,   0.001,exact_mw,cb12ae119b9b2ba18d0216e7235b403229e92fd0743ede48fe7f1a2c6f45d594,"{""distance"":5,""physical_error_rate"":0.0005}","{""detection_events"":3,""detectors_checked"":224}"
        32,         5,         0,   0.557,exact_mw,7fd11737ba5953e5998cf5d5ab7672462ce2ff07a9ab0f8628176a3f70e7a095,"{""distance"":5,""physical_error_rate"":0.05}","{""detection_events"":1154,""detectors_checked"":7168,""obs_mistake_mask=E"":5}"
        16,        10,         0,   0.380,exact_mw,d68317bf2f4c69d73359111c5597779a07d8ed85f1f94573f1c8a2f6c683850d,"{""distance"":5,""physical_error_rate"":0.2}","{""detection_events"":1434,""detectors_checked"":3584,""obs_mistake_mask=E"":10}"
      6144,         0,         0,   0.085,exact_mw,cdc4a450a40af8e24899239080e4c40992fb5baf91c5a31ab3a165eacb3a1ab3,"{""distance"":5,""physical_error_rate"":0.0002}","{""detection_events"":1211,""detectors_checked"":1376256}"
       128,         0,         0,   0.315,exact_mw,38b7ae1c4e8407fc325e0d9e43e9f92ff26dcb3f5cf7b98d24ea74c9e5188d39,"{""distance"":5,""physical_error_rate"":0.005}","{""detection_events"":648,""detectors_checked"":28672}"
      1024,         0,         0,   0.301,exact_mw,3208f56225bbcac0e2804eb6f92d0a8b681652a702ca1ec920ccd7367f0e0899,"{""distance"":5,""physical_error_rate"":0.002}","{""detection_events"":1945,""detectors_checked"":229376}"
         1,         0,         0,   0.005,exact_mw,d68317bf2f4c69d73359111c5597779a07d8ed85f1f94573f1c8a2f6c683850d,"{""distance"":5,""physical_error_rate"":0.2}","{""detection_events"":96,""detectors_checked"":224}"
     46080,         0,         0,   0.808,exact_mw,70a969f5042aec17ac076c6379f4170fb7c69b8e925756ef3b7334e28a33338b,"{""distance"":5,""physical_error_rate"":0.0001}","{""detection_events"":4534,""detectors_checked"":10321920}"
      3072,         0,         0,   0.059,exact_mw,70a969f5042aec17ac076c6379f4170fb7c69b8e925756ef3b7334e28a33338b,"{""distance"":5,""physical_error_rate"":0.0001}","{""detection_events"":338,""detectors_checked"":688128}"
      2048,         0,         0,   0.500,exact_mw,3208f56225bbcac0e2804eb6f92d0a8b681652a702ca1ec920ccd7367f0e0899,"{""distance"":5,""physical_error_rate"":0.002}","{""detection_events"":3896,""detectors_checked"":458752}"
        32,        12,         0,   0.566,exact_mw,7def73f725f8347dc4de7c57664b66d91778cc6018e33f45b3defe89c7a0cfc0,"{""distance"":5,""physical_error_rate"":0.1}","{""detection_events"":2061,""detectors_checked"":7168,""obs_mistake_mask=E"":12}"
      5120,         0,         0,   0.045,exact_mw,70a969f5042aec17ac076c6379f4170fb7c69b8e925756ef3b7334e28a33338b,"{""distance"":5,""physical_error_rate"":0.0001}","{""detection_events"":518,""detectors_checked"":1146880}"
      1024,         0,         0,   0.355,exact_mw,3208f56225bbcac0e2804eb6f92d0a8b681652a702ca1ec920ccd7367f0e0899,"{""distance"":5,""physical_error_rate"":0.002}","{""detection_events"":2098,""detectors_checked"":229376}"
      3344,         0,         0,   0.032,exact_mw,cb12ae119b9b2ba18d0216e7235b403229e92fd0743ede48fe7f1a2c6f45d594,"{""distance"":5,""physical_error_rate"":0.0005}","{""detection_events"":1705,""detectors_checked"":749056}"
      2048,         0,         0,   0.127,exact_mw,bb90ec3459e353008cf9a5bb9142bf1e8515517a9e167021b225104594e48e8a,"{""distance"":5,""physical_error_rate"":0.001}","{""detection_events"":2042,""detectors_checked"":458752}"
     56320,         0,         0,    1.10,exact_mw,70a969f5042aec17ac076c6379f4170fb7c69b8e925756ef3b7334e28a33338b,"{""distance"":5,""physical_error_rate"":0.0001}","{""detection_events"":5529,""detectors_checked"":12615680}"
        16,         1,         0,   0.254,exact_mw,7b4896c0e7f0a510554d89637fd747b157418067a95869d1f0661294d473d1dc,"{""distance"":5,""physical_error_rate"":0.02}","{""detection_events"":291,""detectors_checked"":3584,""obs_mistake_mask=E"":1}"
        32,        22,         0,   0.679,exact_mw,d68317bf2f4c69d73359111c5597779a07d8ed85f1f94573f1c8a2f6c683850d,"{""distance"":5,""physical_error_rate"":0.2}","{""detection_events"":2827,""detectors_checked"":7168,""obs_mistake_mask=E"":22}"
        32,        16,         0,   0.774,exact_mw,14059eecea5f7bdc562c01e7682d53b775a747f80d40379178915ac673e3b6bb,"{""distance"":5,""physical_error_rate"":0.5}","{""detection_events"":3547,""detectors_checked"":7168,""obs_mistake_mask=E"":16}"
      1024,         0,         0,   0.256,exact_mw,3208f56225bbcac0e2804eb6f92d0a8b681652a702ca1ec920ccd7367f0e0899,"{""distance"":5,""physical_error_rate"":0.002}","{""detection_events"":2063,""detectors_checked"":229376}"
      1024,         0,         0,   0.273,exact_mw,3208f56225bbcac0e2804eb6f92d0a8b681652a702ca1ec920ccd7367f0e0899,"{""distance"":5,""physical_error_rate"":0.002}","{""detection_events"":1935,""detectors_checked"":229376}"
        16,        10,         0,   0.375,exact_mw,14059eecea5f7bdc562c01e7682d53b775a747f80d40379178915ac673e3b6bb,"{""distance"":5,""physical_error_rate"":0.5}","{""detection_events"":1814,""detectors_checked"":3584,""obs_mistake_mask=E"":10}"
     35840,         0,         0,   0.573,exact_mw,f32ebecd8e105e50ec838d33c5ed9b45444b6b44a3c6ac541111079f2b14e893,"{""distance"":5,""physical_error_rate"":5e-05}","{""detection_events"":1778,""detectors_checked"":8028160}"
        16,         4,         0,   0.365,exact_mw,d68317bf2f4c69d73359111c5597779a07d8ed85f1f94573f1c8a2f6c683850d,"{""distance"":5,""physical_error_rate"":0.2}","{""detection_events"":1425,""detectors_checked"":3584,""obs_mistake_mask=E"":4}"
         1,         0,         0,   0.014,exact_mw,7b4896c0e7f0a510554d89637fd747b157418067a95869d1f0661294d473d1dc,"{""distance"":5,""physical_error_rate"":0.02}","{""detection_events"":14,""detectors_checked"":224}"
      3072,         0,         0,   0.130,exact_mw,bb90ec3459e353008cf9a5bb9142bf1e8515517a9e167021b225104594e48e8a,"{""distance"":5,""physical_error_rate"":0.001}","{""detection_events"":2854,""detectors_checked"":688128}"
      2048,         0,         0,   0.038,exact_mw,cb12ae119b9b2ba18d0216e7235b403229e92fd0743ede48fe7f1a2c6f45d594,"{""distance"":5,""physical_error_rate"":0.0005}","{""detection_events"":995,""detectors_checked"":458752}"
      5120,         0,         0,   0.080,exact_mw,cdc4a450a40af8e24899239080e4c40992fb5baf91c5a31ab3a165eacb3a1ab3,"{""distance"":5,""physical_error_rate"":0.0002}","{""detection_events"":1017,""detectors_checked"":1146880}"
      5120,         0,         0,   0.085,exact_mw,cdc4a450a40af8e24899239080e4c40992fb5baf91c5a31ab3a165eacb3a1ab3,"{""distance"":5,""physical_error_rate"":0.0002}","{""detection_events"":1078,""detectors_checked"":1146880}"
        16,        12,         0,   0.322,exact_mw,7def73f725f8347dc4de7c57664b66d91778cc6018e33f45b3defe89c7a0cfc0,"{""distance"":5,""physical_error_rate"":0.1}","{""detection_events"":1047,""detectors_checked"":3584,""obs_mistake_mask=E"":12}"
         1,         0,         0,   0.054,exact_mw,14059eecea5f7bdc562c01e7682d53b775a747f80d40379178915ac673e3b6bb,"{""distance"":5,""physical_error_rate"":0.5}","{""detection_events"":110,""detectors_checked"":224}"
     14336,         0,         0,   0.155,exact_mw,f32ebecd8e105e50ec838d33c5ed9b45444b6b44a3c6ac541111079f2b14e893,"{""distance"":5,""physical_error_rate"":5e-05}","{""detection_events"":769,""detectors_checked"":3211264}"
     13312,         0,         0,   0.289,exact_mw,cb12ae119b9b2ba18d0216e7235b403229e92fd0743ede48fe7f1a2c6f45d594,"{""distance"":5,""physical_error_rate"":0.0005}","{""detection_events"":6568,""detectors_checked"":2981888}"
      5120,         0,         0,   0.080,exact_mw,cdc4a450a40af8e24899239080e4c40992fb5baf91c5a31ab3a165eacb3a1ab3,"{""distance"":5,""physical_error_rate"":0.0002}","{""detection_events"":974,""detectors_checked"":1146880}"
      1024,         0,         0,   0.301,exact_mw,3208f56225bbcac0e2804eb6f92d0a8b681652a702ca1ec920ccd7367f0e0899,"{""distance"":5,""physical_error_rate"":0.002}","{""detection_events"":1967,""detectors_checked"":229376}"
      2048,         0,         0,   0.028,exact_mw,cb12ae119b9b2ba18d0216e7235b403229e92fd0743ede48fe7f1a2c6f45d594,"{""distance"":5,""physical_error_rate"":0.0005}","{""detection_events"":994,""detectors_checked"":458752}"
      5120,         0,         0,   0.076,exact_mw,70a969f5042aec17ac076c6379f4170fb7c69b8e925756ef3b7334e28a33338b,"{""distance"":5,""physical_error_rate"":0.0001}","{""detection_events"":478,""detectors_checked"":1146880}"
        32,         0,         0,   0.204,exact_mw,72230d8c06b5a71069df48ede6f7f3e6128cd83e8239dd1b2e5fe023578b6eb1,"{""distance"":5,""physical_error_rate"":0.01}","{""detection_events"":282,""detectors_checked"":7168}"
        32,         7,         0,   0.587,exact_mw,7fd11737ba5953e5998cf5d5ab7672462ce2ff07a9ab0f8628176a3f70e7a095,"{""distance"":5,""physical_error_rate"":0.05}","{""detection_events"":1234,""detectors_checked"":7168,""obs_mistake_mask=E"":7}"
        32,        10,         0,   0.609,exact_mw,7fd11737ba5953e5998cf5d5ab7672462ce2ff07a9ab0f8628176a3f70e7a095,"{""distance"":5,""physical_error_rate"":0.05}","{""detection_events"":1231,""detectors_checked"":7168,""obs_mistake_mask=E"":10}"
        16,         8,         0,   0.224,exact_mw,14059eecea5f7bdc562c01e7682d53b775a747f80d40379178915ac673e3b6bb,"{""distance"":5,""physical_error_rate"":0.5}","{""detection_events"":1793,""detectors_checked"":3584,""obs_mistake_mask=E"":8}"
       256,         0,         0,   0.438,exact_mw,38b7ae1c4e8407fc325e0d9e43e9f92ff26dcb3f5cf7b98d24ea74c9e5188d39,"{""distance"":5,""physical_error_rate"":0.005}","{""detection_events"":1156,""detectors_checked"":57344}"
      4096,         0,         0,   0.088,exact_mw,70a969f5042aec17ac076c6379f4170fb7c69b8e925756ef3b7334e28a33338b,"{""distance"":5,""physical_error_rate"":0.0001}","{""detection_events"":304,""detectors_checked"":917504}"
     20480,         0,         0,   0.261,exact_mw,70a969f5042aec17ac076c6379f4170fb7c69b8e925756ef3b7334e28a33338b,"{""distance"":5,""physical_error_rate"":0.0001}","{""detection_events"":2146,""detectors_checked"":4587520}"
         1,         0,         0,   0.021,exact_mw,cb12ae119b9b2ba18d0216e7235b403229e92fd0743ede48fe7f1a2c6f45d594,"{""distance"":5,""physical_error_rate"":0.0005}","{""detection_events"":2,""detectors_checked"":224}"
      1024,         0,         0,   0.326,exact_mw,3208f56225bbcac0e2804eb6f92d0a8b681652a702ca1ec920ccd7367f0e0899,"{""distance"":5,""physical_error_rate"":0.002}","{""detection_events"":2098,""detectors_checked"":229376}"
       256,         0,         0,   0.514,exact_mw,38b7ae1c4e8407fc325e0d9e43e9f92ff26dcb3f5cf7b98d24ea74c9e5188d39,"{""distance"":5,""physical_error_rate"":0.005}","{""detection_events"":1135,""detectors_checked"":57344}"
     31744,         0,         0,   0.415,exact_mw,f32ebecd8e105e50ec838d33c5ed9b45444b6b44a3c6ac541111079f2b14e893,"{""distance"":5,""physical_error_rate"":5e-05}","{""detection_events"":1481,""detectors_checked"":7110656}"
        32,        12,         0,   0.692,exact_mw,7def73f725f8347dc4de7c57664b66d91778cc6018e33f45b3defe89c7a0cfc0,"{""distance"":5,""physical_error_rate"":0.1}","{""detection_events"":1983,""detectors_checked"":7168,""obs_mistake_mask=E"":12}"
        32,         8,         0,   0.498,exact_mw,7fd11737ba5953e5998cf5d5ab7672462ce2ff07a9ab0f8628176a3f70e7a095,"{""distance"":5,""physical_error_rate"":0.05}","{""detection_events"":1202,""detectors_checked"":7168,""obs_mistake_mask=E"":8}"
      2320,         0,         0,   0.031,exact_mw,cb12ae119b9b2ba18d0216e7235b403229e92fd0743ede48fe7f1a2c6f45d594,"{""distance"":5,""physical_error_rate"":0.0005}","{""detection_events"":1098,""detectors_checked"":519680}"
      3072,         0,         0,   0.056,exact_mw,cb12ae119b9b2ba18d0216e7235b403229e92fd0743ede48fe7f1a2c6f45d594,"{""distance"":5,""physical_error_rate"":0.0005}","{""detection_events"":1558,""detectors_checked"":688128}"
        32,        15,         0,   0.646,exact_mw,d68317bf2f4c69d73359111c5597779a07d8ed85f1f94573f1c8a2f6c683850d,"{""distance"":5,""physical_error_rate"":0.2}","{""detection_events"":2853,""detectors_checked"":7168,""obs_mistake_mask=E"":15}"
        16,        11,         0,   0.365,exact_mw,14059eecea5f7bdc562c01e7682d53b775a747f80d40379178915ac673e3b6bb,"{""distance"":5,""physical_error_rate"":0.5}","{""detection_events"":1828,""detectors_checked"":3584,""obs_mistake_mask=E"":11}"
         1,         0,         0,   0.016,exact_mw,f32ebecd8e105e50ec838d33c5ed9b45444b6b44a3c6ac541111079f2b14e893,"{""distance"":5,""physical_error_rate"":5e-05}","{""detectors_checked"":224}"
      8192,         0,         0,   0.435,exact_mw,bb90ec3459e353008cf9a5bb9142bf1e8515517a9e167021b225104594e48e8a,"{""distance"":5,""physical_error_rate"":0.001}","{""detection_events"":8022,""detectors_checked"":1835008}"
      2048,         0,         0,   0.154,exact_mw,bb90ec3459e353008cf9a5bb9142bf1e8515517a9e167021b225104594e48e8a,"{""distance"":5,""physical_error_rate"":0.001}","{""detection_events"":1947,""detectors_checked"":458752}"
     15360,         0,         0,   0.379,exact_mw,cb12ae119b9b2ba18d0216e7235b403229e92fd0743ede48fe7f1a2c6f45d594,"{""distance"":5,""physical_error_rate"":0.0005}","{""detection_events"":7486,""detectors_checked"":3440640}"
      3072,         0,         0,   0.230,exact_mw,bb90ec3459e353008cf9a5bb9142bf1e8515517a9e167021b225104594e48e8a,"{""distance"":5,""physical_error_rate"":0.001}","{""detection_events"":3137,""detectors_checked"":688128}"
      5120,         0,         0,   0.254,exact_mw,bb90ec3459e353008cf9a5bb9142bf1e8515517a9e167021b225104594e48e8a,"{""distance"":5,""physical_error_rate"":0.001}","{""detection_events"":4759,""detectors_checked"":1146880}"
    139264,         0,         0,    1.55,exact_mw,cb12ae119b9b2ba18d0216e7235b403229e92fd0743ede48fe7f1a2c6f45d594,"{""distance"":5,""physical_error_rate"":0.0005}","{""detection_events"":68077,""detectors_checked"":31195136}"
      3072,         0,         0,   0.040,exact_mw,cb12ae119b9b2ba18d0216e7235b403229e92fd0743ede48fe7f1a2c6f45d594,"{""distance"":5,""physical_error_rate"":0.0005}","{""detection_events"":1496,""detectors_checked"":688128}"
     19456,         0,         0,   0.303,exact_mw,f32ebecd8e105e50ec838d33c5ed9b45444b6b44a3c6ac541111079f2b14e893,"{""distance"":5,""physical_error_rate"":5e-05}","{""detection_events"":870,""detectors_checked"":4358144}"
      6144,         0,         0,   0.100,exact_mw,70a969f5042aec17ac076c6379f4170fb7c69b8e925756ef3b7334e28a33338b,"{""distance"":5,""physical_error_rate"":0.0001}","{""detection_events"":615,""detectors_checked"":1376256}"
      1296,         0,         0,   0.030,exact_mw,f32ebecd8e105e50ec838d33c5ed9b45444b6b44a3c6ac541111079f2b14e893,"{""distance"":5,""physical_error_rate"":5e-05}","{""detection_events"":68,""detectors_checked"":290304}"
        16,         8,         0,   0.220,exact_mw,7def73f725f8347dc4de7c57664b66d91778cc6018e33f45b3defe89c7a0cfc0,"{""distance"":5,""physical_error_rate"":0.1}","{""detection_events"":963,""detectors_checked"":3584,""obs_mistake_mask=E"":8}"
        64,         0,         0,   0.525,exact_mw,72230d8c06b5a71069df48ede6f7f3e6128cd83e8239dd1b2e5fe023578b6eb1,"{""distance"":5,""physical_error_rate"":0.01}","{""detection_events"":569,""detectors_checked"":14336}"
        32,         0,         0,   0.425,exact_mw,7b4896c0e7f0a510554d89637fd747b157418067a95869d1f0661294d473d1dc,"{""distance"":5,""physical_error_rate"":0.02}","{""detection_events"":519,""detectors_checked"":7168}"
     15360,         0,         0,   0.297,exact_mw,cb12ae119b9b2ba18d0216e7235b403229e92fd0743ede48fe7f1a2c6f45d594,"{""distance"":5,""physical_error_rate"":0.0005}","{""detection_events"":7619,""detectors_checked"":3440640}"
      2048,         0,         0,   0.040,exact_mw,f32ebecd8e105e50ec838d33c5ed9b45444b6b44a3c6ac541111079f2b14e893,"{""distance"":5,""physical_error_rate"":5e-05}","{""detection_events"":85,""detectors_checked"":458752}"
       256,         0,         0,   0.698,exact_mw,38b7ae1c4e8407fc325e0d9e43e9f92ff26dcb3f5cf7b98d24ea74c9e5188d39,"{""distance"":5,""physical_error_rate"":0.005}","{""detection_events"":1290,""detectors_checked"":57344}"
      3072,         0,         0,   0.174,exact_mw,bb90ec3459e353008cf9a5bb9142bf1e8515517a9e167021b225104594e48e8a,"{""distance"":5,""physical_error_rate"":0.001}","{""detection_events"":2879,""detectors_checked"":688128}"
      2048,         0,         0,   0.023,exact_mw,cb12ae119b9b2ba18d0216e7235b403229e92fd0743ede48fe7f1a2c6f45d594,"{""distance"":5,""physical_error_rate"":0.0005}","{""detection_events"":930,""detectors_checked"":458752}"
      6144,         0,         0,   0.122,exact_mw,70a969f5042aec17ac076c6379f4170fb7c69b8e925756ef3b7334e28a33338b,"{""distance"":5,""physical_error_rate"":0.0001}","{""detection_events"":507,""detectors_checked"":1376256}"
      4096,         0,         0,   0.075,exact_mw,cb12ae119b9b2ba18d0216e7235b403229e92fd0743ede48fe7f1a2c6f45d594,"{""distance"":5,""physical_error_rate"":0.0005}","{""detection_events"":2019,""detectors_checked"":917504}"
        32,         6,         0,   0.571,exact_mw,7fd11737ba5953e5998cf5d5ab7672462ce2ff07a9ab0f8628176a3f70e7a095,"{""distance"":5,""physical_error_rate"":0.05}","{""detection_events"":1238,""detectors_checked"":7168,""obs_mistake_mask=E"":6}"
      7168,         0,         0,   0.169,exact_mw,cdc4a450a40af8e24899239080e4c40992fb5baf91c5a31ab3a165eacb3a1ab3,"{""distance"":5,""physical_error_rate"":0.0002}","{""detection_events"":1400,""detectors_checked"":1605632}"
     22528,         0,         0,   0.404,exact_mw,f32ebecd8e105e50ec838d33c5ed9b45444b6b44a3c6ac541111079f2b14e893,"{""distance"":5,""physical_error_rate"":5e-05}","{""detection_events"":1036,""detectors_checked"":5046272}"
      7168,         0,         0,   0.147,exact_mw,cdc4a450a40af8e24899239080e4c40992fb5baf91c5a31ab3a165eacb3a1ab3,"{""distance"":5,""physical_error_rate"":0.0002}","{""detection_events"":1480,""detectors_checked"":1605632}"
        64,         1,         0,   0.494,exact_mw,72230d8c06b5a71069df48ede6f7f3e6128cd83e8239dd1b2e5fe023578b6eb1,"{""distance"":5,""physical_error_rate"":0.01}","{""detection_events"":587,""detectors_checked"":14336,""obs_mistake_mask=E"":1}"
      1024,         0,         0,   0.225,exact_mw,3208f56225bbcac0e2804eb6f92d0a8b681652a702ca1ec920ccd7367f0e0899,"{""distance"":5,""physical_error_rate"":0.002}","{""detection_events"":2112,""detectors_checked"":229376}"
      7168,         0,         0,   0.158,exact_mw,cdc4a450a40af8e24899239080e4c40992fb5baf91c5a31ab3a165eacb3a1ab3,"{""distance"":5,""physical_error_rate"":0.0002}","{""detection_events"":1426,""detectors_checked"":1605632}"
        64,        28,         0,   0.704,exact_mw,7def73f725f8347dc4de7c57664b66d91778cc6018e33f45b3defe89c7a0cfc0,"{""distance"":5,""physical_error_rate"":0.1}","{""detection_events"":4004,""detectors_checked"":14336,""obs_mistake_mask=E"":28}"
     37888,         0,         0,   0.586,exact_mw,f32ebecd8e105e50ec838d33c5ed9b45444b6b44a3c6ac541111079f2b14e893,"{""distance"":5,""physical_error_rate"":5e-05}","{""detection_events"":1768,""detectors_checked"":8486912}"
        64,         0,         0,   0.481,exact_mw,72230d8c06b5a71069df48ede6f7f3e6128cd83e8239dd1b2e5fe023578b6eb1,"{""distance"":5,""physical_error_rate"":0.01}","{""detection_events"":622,""detectors_checked"":14336}"
      1024,         0,         0,   0.304,exact_mw,3208f56225bbcac0e2804eb6f92d0a8b681652a702ca1ec920ccd7367f0e0899,"{""distance"":5,""physical_error_rate"":0.002}","{""detection_events"":2089,""detectors_checked"":229376}"
        16,         9,         0,   0.226,exact_mw,14059eecea5f7bdc562c01e7682d53b775a747f80d40379178915ac673e3b6bb,"{""distance"":5,""physical_error_rate"":0.5}","{""detection_events"":1799,""detectors_checked"":3584,""obs_mistake_mask=E"":9}"
         1,         0,         0,   0.004,exact_mw,cdc4a450a40af8e24899239080e4c40992fb5baf91c5a31ab3a165eacb3a1ab3,"{""distance"":5,""physical_error_rate"":0.0002}","{""detectors_checked"":224}"
      2048,         0,         0,   0.025,exact_mw,cb12ae119b9b2ba18d0216e7235b403229e92fd0743ede48fe7f1a2c6f45d594,"{""distance"":5,""physical_error_rate"":0.0005}","{""detection_events"":992,""detectors_checked"":458752}"
        16,         3,         0,   0.365,exact_mw,7fd11737ba5953e5998cf5d5ab7672462ce2ff07a9ab0f8628176a3f70e7a095,"{""distance"":5,""physical_error_rate"":0.05}","{""detection_events"":579,""detectors_checked"":3584,""obs_mistake_mask=E"":3}"
      1296,         0,         0,   0.021,exact_mw,cdc4a450a40af8e24899239080e4c40992fb5baf91c5a31ab3a165eacb3a1ab3,"{""distance"":5,""physical_error_rate"":0.0002}","{""detection_events"":243,""detectors_checked"":290304}"
         1,         0,         0,   0.001,exact_mw,cdc4a450a40af8e24899239080e4c40992fb5baf91c5a31ab3a165eacb3a1ab3,"{""distance"":5,""physical_error_rate"":0.0002}","{""detectors_checked"":224}"
      1024,         0,         0,   0.267,exact_mw,3208f56225bbcac0e2804eb6f92d0a8b681652a702ca1ec920ccd7367f0e0899,"{""distance"":5,""physical_error_rate"":0.002}","{""detection_events"":2033,""detectors_checked"":229376}"
        16,         6,         0,   0.295,exact_mw,7def73f725f8347dc4de7c57664b66d91778cc6018e33f45b3defe89c7a0cfc0,"{""distance"":5,""physical_error_rate"":0.1}","{""detection_events"":971,""detectors_checked"":3584,""obs_mistake_mask=E"":6}"
     17408,         0,         0,   0.211,exact_mw,f32ebecd8e105e50ec838d33c5ed9b45444b6b44a3c6ac541111079f2b14e893,"{""distance"":5,""physical_error_rate"":5e-05}","{""detection_events"":837,""detectors_checked"":3899392}"
        16,         9,         0,   0.408,exact_mw,14059eecea5f7bdc562c01e7682d53b775a747f80d40379178915ac673e3b6bb,"{""distance"":5,""physical_error_rate"":0.5}","{""detection_events"":1779,""detectors_checked"":3584,""obs_mistake_mask=E"":9}"
      2320,         0,         0,   0.013,exact_mw,cdc4a450a40af8e24899239080e4c40992fb5baf91c5a31ab3a165eacb3a1ab3,"{""distance"":5,""physical_error_rate"":0.0002}","{""detection_events"":457,""detectors_checked"":519680}"
         1,         1,         0,   0.009,exact_mw,d68317bf2f4c69d73359111c5597779a07d8ed85f1f94573f1c8a2f6c683850d,"{""distance"":5,""physical_error_rate"":0.2}","{""detection_events"":100,""detectors_checked"":224,""obs_mistake_mask=E"":1}"
     14336,         0,         0,   0.405,exact_mw,cb12ae119b9b2ba18d0216e7235b403229e92fd0743ede48fe7f1a2c6f45d594,"{""distance"":5,""physical_error_rate"":0.0005}","{""detection_events"":7140,""detectors_checked"":3211264}"
      2048,         0,         0,   0.006,exact_mw,f32ebecd8e105e50ec838d33c5ed9b45444b6b44a3c6ac541111079f2b14e893,"{""distance"":5,""physical_error_rate"":5e-05}","{""detection_events"":122,""detectors_checked"":458752}"
         8,         3,         0,   0.237,exact_mw,14059eecea5f7bdc562c01e7682d53b775a747f80d40379178915ac673e3b6bb,"{""distance"":5,""physical_error_rate"":0.5}","{""detection_events"":873,""detectors_checked"":1792,""obs_mistake_mask=E"":3}"
      4096,         0,         0,   0.071,exact_mw,cb12ae119b9b2ba18d0216e7235b403229e92fd0743ede48fe7f1a2c6f45d594,"{""distance"":5,""physical_error_rate"":0.0005}","{""detection_events"":2205,""detectors_checked"":917504}"
      1024,         0,         0,   0.028,exact_mw,cdc4a450a40af8e24899239080e4c40992fb5baf91c5a31ab3a165eacb3a1ab3,"{""distance"":5,""physical_error_rate"":0.0002}","{""detection_events"":225,""detectors_checked"":229376}"
      6144,         0,         0,   0.119,exact_mw,70a969f5042aec17ac076c6379f4170fb7c69b8e925756ef3b7334e28a33338b,"{""distance"":5,""physical_error_rate"":0.0001}","{""detection_events"":550,""detectors_checked"":1376256}"
        16,        11,         0,   0.323,exact_mw,d68317bf2f4c69d73359111c5597779a07d8ed85f1f94573f1c8a2f6c683850d,"{""distance"":5,""physical_error_rate"":0.2}","{""detection_events"":1468,""detectors_checked"":3584,""obs_mistake_mask=E"":11}"
      4096,         0,         0,   0.054,exact_mw,cb12ae119b9b2ba18d0216e7235b403229e92fd0743ede48fe7f1a2c6f45d594,"{""distance"":5,""physical_error_rate"":0.0005}","{""detection_events"":1946,""detectors_checked"":917504}"
       256,         0,         0,   0.723,exact_mw,38b7ae1c4e8407fc325e0d9e43e9f92ff26dcb3f5cf7b98d24ea74c9e5188d39,"{""distance"":5,""physical_error_rate"":0.005}","{""detection_events"":1128,""detectors_checked"":57344}"
      1024,         2,         0,   0.516,exact_mw,38b7ae1c4e8407fc325e0d9e43e9f92ff26dcb3f5cf7b98d24ea74c9e5188d39,"{""distance"":5,""physical_error_rate"":0.005}","{""detection_events"":4968,""detectors_checked"":229376,""obs_mistake_mask=E"":2}"
     62464,         0,         0,   0.775,exact_mw,cdc4a450a40af8e24899239080e4c40992fb5baf91c5a31ab3a165eacb3a1ab3,"{""distance"":5,""physical_error_rate"":0.0002}","{""detection_events"":11933,""detectors_checked"":13991936}"
        32,         4,         0,   0.478,exact_mw,7fd11737ba5953e5998cf5d5ab7672462ce2ff07a9ab0f8628176a3f70e7a095,"{""distance"":5,""physical_error_rate"":0.05}","{""detection_events"":1190,""detectors_checked"":7168,""obs_mistake_mask=E"":4}"
         1,         1,         0,   0.008,exact_mw,14059eecea5f7bdc562c01e7682d53b775a747f80d40379178915ac673e3b6bb,"{""distance"":5,""physical_error_rate"":0.5}","{""detection_events"":110,""detectors_checked"":224,""obs_mistake_mask=E"":1}"
      2048,         0,         0,   0.027,exact_mw,cdc4a450a40af8e24899239080e4c40992fb5baf91c5a31ab3a165eacb3a1ab3,"{""distance"":5,""physical_error_rate"":0.0002}","{""detection_events"":448,""detectors_checked"":458752}"
       128,         0,         0,   0.366,exact_mw,38b7ae1c4e8407fc325e0d9e43e9f92ff26dcb3f5cf7b98d24ea74c9e5188d39,"{""distance"":5,""physical_error_rate"":0.005}","{""detection_events"":670,""detectors_checked"":28672}"
      9216,         0,         0,   0.137,exact_mw,70a969f5042aec17ac076c6379f4170fb7c69b8e925756ef3b7334e28a33338b,"{""distance"":5,""physical_error_rate"":0.0001}","{""detection_events"":924,""detectors_checked"":2064384}"
     38912,         0,         0,   0.781,exact_mw,70a969f5042aec17ac076c6379f4170fb7c69b8e925756ef3b7334e28a33338b,"{""distance"":5,""physical_error_rate"":0.0001}","{""detection_events"":3874,""detectors_checked"":8716288}"
         1,         0,         0,   0.025,exact_mw,7fd11737ba5953e5998cf5d5ab7672462ce2ff07a9ab0f8628176a3f70e7a095,"{""distance"":5,""physical_error_rate"":0.05}","{""detection_events"":29,""detectors_checked"":224}"
      2048,         0,         0,   0.520,exact_mw,3208f56225bbcac0e2804eb6f92d0a8b681652a702ca1ec920ccd7367f0e0899,"{""distance"":5,""physical_error_rate"":0.002}","{""detection_events"":3926,""detectors_checked"":458752}"
      2048,         0,         0,   0.026,exact_mw,cdc4a450a40af8e24899239080e4c40992fb5baf91c5a31ab3a165eacb3a1ab3,"{""distance"":5,""physical_error_rate"":0.0002}","{""detection_events"":332,""detectors_checked"":458752}"
      1024,         0,         0,   0.003,exact_mw,cdc4a450a40af8e24899239080e4c40992fb5baf91c5a31ab3a165eacb3a1ab3,"{""distance"":5,""physical_error_rate"":0.0002}","{""detection_events"":162,""detectors_checked"":229376}"
      2048,         0,         0,   0.061,exact_mw,f32ebecd8e105e50ec838d33c5ed9b45444b6b44a3c6ac541111079f2b14e893,"{""distance"":5,""physical_error_rate"":5e-05}","{""detection_events"":123,""detectors_checked"":458752}"
        32,         0,         0,   0.545,exact_mw,7b4896c0e7f0a510554d89637fd747b157418067a95869d1f0661294d473d1dc,"{""distance"":5,""physical_error_rate"":0.02}","{""detection_events"":583,""detectors_checked"":7168}"
        16,        10,         0,   0.306,exact_mw,7def73f725f8347dc4de7c57664b66d91778cc6018e33f45b3defe89c7a0cfc0,"{""distance"":5,""physical_error_rate"":0.1}","{""detection_events"":1022,""detectors_checked"":3584,""obs_mistake_mask=E"":10}"
      5120,         0,         0,   0.222,exact_mw,bb90ec3459e353008cf9a5bb9142bf1e8515517a9e167021b225104594e48e8a,"{""distance"":5,""physical_error_rate"":0.001}","{""detection_events"":5305,""detectors_checked"":1146880}"
      1024,         0,         0,   0.003,exact_mw,f32ebecd8e105e50ec838d33c5ed9b45444b6b44a3c6ac541111079f2b14e893,"{""distance"":5,""physical_error_rate"":5e-05}","{""detection_events"":37,""detectors_checked"":229376}"
      3072,         0,         0,   0.050,exact_mw,cdc4a450a40af8e24899239080e4c40992fb5baf91c5a31ab3a165eacb3a1ab3,"{""distance"":5,""physical_error_rate"":0.0002}","{""detection_events"":756,""detectors_checked"":688128}"
       256,         0,         0,   0.789,exact_mw,38b7ae1c4e8407fc325e0d9e43e9f92ff26dcb3f5cf7b98d24ea74c9e5188d39,"{""distance"":5,""physical_error_rate"":0.005}","{""detection_events"":1192,""detectors_checked"":57344}"
        16,         2,         0,   0.326,exact_mw,7b4896c0e7f0a510554d89637fd747b157418067a95869d1f0661294d473d1dc,"{""distance"":5,""physical_error_rate"":0.02}","{""detection_events"":254,""detectors_checked"":3584,""obs_mistake_mask=E"":2}"
        32,         1,         0,   0.622,exact_mw,7b4896c0e7f0a510554d89637fd747b157418067a95869d1f0661294d473d1dc,"{""distance"":5,""physical_error_rate"":0.02}","{""detection_events"":592,""detectors_checked"":7168,""obs_mistake_mask=E"":1}"
      1024,         0,         0,   0.376,exact_mw,3208f56225bbcac0e2804eb6f92d0a8b681652a702ca1ec920ccd7367f0e0899,"{""distance"":5,""physical_error_rate"":0.002}","{""detection_events"":1966,""detectors_checked"":229376}"
     53248,         0,         0,   0.763,exact_mw,70a969f5042aec17ac076c6379f4170fb7c69b8e925756ef3b7334e28a33338b,"{""distance"":5,""physical_error_rate"":0.0001}","{""detection_events"":5151,""detectors_checked"":11927552}"
      3072,         0,         0,   0.054,exact_mw,cb12ae119b9b2ba18d0216e7235b403229e92fd0743ede48fe7f1a2c6f45d594,"{""distance"":5,""physical_error_rate"":0.0005}","{""detection_events"":1619,""detectors_checked"":688128}"
      9216,         0,         0,   0.180,exact_mw,cdc4a450a40af8e24899239080e4c40992fb5baf91c5a31ab3a165eacb3a1ab3,"{""distance"":5,""physical_error_rate"":0.0002}","{""detection_events"":1758,""detectors_checked"":2064384}"
        16,        10,         0,   0.375,exact_mw,14059eecea5f7bdc562c01e7682d53b775a747f80d40379178915ac673e3b6bb,"{""distance"":5,""physical_error_rate"":0.5}","{""detection_events"":1831,""detectors_checked"":3584,""obs_mistake_mask=E"":10}"
        16,         5,         0,   0.378,exact_mw,d68317bf2f4c69d73359111c5597779a07d8ed85f1f94573f1c8a2f6c683850d,"{""distance"":5,""physical_error_rate"":0.2}","{""detection_events"":1441,""detectors_checked"":3584,""obs_mistake_mask=E"":5}"
        64,         1,         0,   0.465,exact_mw,72230d8c06b5a71069df48ede6f7f3e6128cd83e8239dd1b2e5fe023578b6eb1,"{""distance"":5,""physical_error_rate"":0.01}","{""detection_events"":578,""detectors_checked"":14336,""obs_mistake_mask=E"":1}"
      6144,         0,         0,   0.113,exact_mw,cb12ae119b9b2ba18d0216e7235b403229e92fd0743ede48fe7f1a2c6f45d594,"{""distance"":5,""physical_error_rate"":0.0005}","{""detection_events"":3123,""detectors_checked"":1376256}"
      1024,         0,         0,   0.353,exact_mw,3208f56225bbcac0e2804eb6f92d0a8b681652a702ca1ec920ccd7367f0e0899,"{""distance"":5,""physical_error_rate"":0.002}","{""detection_events"":1999,""detectors_checked"":229376}"
      9216,         0,         0,   0.208,exact_mw,cdc4a450a40af8e24899239080e4c40992fb5baf91c5a31ab3a165eacb3a1ab3,"{""distance"":5,""physical_error_rate"":0.0002}","{""detection_events"":1798,""detectors_checked"":2064384}"
        32,         2,         0,   0.458,exact_mw,7b4896c0e7f0a510554d89637fd747b157418067a95869d1f0661294d473d1dc,"{""distance"":5,""physical_error_rate"":0.02}","{""detection_events"":624,""detectors_checked"":7168,""obs_mistake_mask=E"":2}"
     13312,         0,         0,   0.204,exact_mw,cdc4a450a40af8e24899239080e4c40992fb5baf91c5a31ab3a165eacb3a1ab3,"{""distance"":5,""physical_error_rate"":0.0002}","{""detection_events"":2652,""detectors_checked"":2981888}"
      7168,         0,         0,   0.126,exact_mw,70a969f5042aec17ac076c6379f4170fb7c69b8e925756ef3b7334e28a33338b,"{""distance"":5,""physical_error_rate"":0.0001}","{""detection_events"":666,""detectors_checked"":1605632}"
      3072,         0,         0,   0.043,exact_mw,cdc4a450a40af8e24899239080e4c40992fb5baf91c5a31ab3a165eacb3a1ab3,"{""distance"":5,""physical_error_rate"":0.0002}","{""detection_events"":562,""detectors_checked"":688128}"
      4096,         0,         0,   0.237,exact_mw,bb90ec3459e353008cf9a5bb9142bf1e8515517a9e167021b225104594e48e8a,"{""distance"":5,""physical_error_rate"":0.001}","{""detection_events"":3926,""detectors_checked"":917504}"
      1024,         0,         0,   0.421,exact_mw,3208f56225bbcac0e2804eb6f92d0a8b681652a702ca1ec920ccd7367f0e0899,"{""distance"":5,""physical_error_rate"":0.002}","{""detection_events"":1994,""detectors_checked"":229376}"
      5120,         0,         0,   0.291,exact_mw,bb90ec3459e353008cf9a5bb9142bf1e8515517a9e167021b225104594e48e8a,"{""distance"":5,""physical_error_rate"":0.001}","{""detection_events"":4967,""detectors_checked"":1146880}"
      6144,         0,         0,   0.301,exact_mw,bb90ec3459e353008cf9a5bb9142bf1e8515517a9e167021b225104594e48e8a,"{""distance"":5,""physical_error_rate"":0.001}","{""detection_events"":6060,""detectors_checked"":1376256}"
      1024,         1,         0,   0.367,exact_mw,3208f56225bbcac0e2804eb6f92d0a8b681652a702ca1ec920ccd7367f0e0899,"{""distance"":5,""physical_error_rate"":0.002}","{""detection_events"":1980,""detectors_checked"":229376,""obs_mistake_mask=E"":1}"
     29696,         0,         0,   0.571,exact_mw,70a969f5042aec17ac076c6379f4170fb7c69b8e925756ef3b7334e28a33338b,"{""distance"":5,""physical_error_rate"":0.0001}","{""detection_events"":2971,""detectors_checked"":6651904}"
     15360,         0,         0,   0.408,exact_mw,cb12ae119b9b2ba18d0216e7235b403229e92fd0743ede48fe7f1a2c6f45d594,"{""distance"":5,""physical_error_rate"":0.0005}","{""detection_events"":7661,""detectors_checked"":3440640}"
     21504,         0,         0,   0.560,exact_mw,cb12ae119b9b2ba18d0216e7235b403229e92fd0743ede48fe7f1a2c6f45d594,"{""distance"":5,""physical_error_rate"":0.0005}","{""detection_events"":10577,""detectors_checked"":4816896}"
      4096,         0,         0,   0.053,exact_mw,cdc4a450a40af8e24899239080e4c40992fb5baf91c5a31ab3a165eacb3a1ab3,"{""distance"":5,""physical_error_rate"":0.0002}","{""detection_events"":779,""detectors_checked"":917504}"
        16,        10,         0,   0.503,exact_mw,d68317bf2f4c69d73359111c5597779a07d8ed85f1f94573f1c8a2f6c683850d,"{""distance"":5,""physical_error_rate"":0.2}","{""detection_events"":1462,""detectors_checked"":3584,""obs_mistake_mask=E"":10}"
        64,         0,         0,   0.411,exact_mw,72230d8c06b5a71069df48ede6f7f3e6128cd83e8239dd1b2e5fe023578b6eb1,"{""distance"":5,""physical_error_rate"":0.01}","{""detection_events"":623,""detectors_checked"":14336}"
       256,         2,         0,   0.844,exact_mw,72230d8c06b5a71069df48ede6f7f3e6128cd83e8239dd1b2e5fe023578b6eb1,"{""distance"":5,""physical_error_rate"":0.01}","{""detection_events"":2259,""detectors_checked"":57344,""obs_mistake_mask=E"":2}"
        32,        13,         0,   0.529,exact_mw,d68317bf2f4c69d73359111c5597779a07d8ed85f1f94573f1c8a2f6c683850d,"{""distance"":5,""physical_error_rate"":0.2}","{""detection_events"":2817,""detectors_checked"":7168,""obs_mistake_mask=E"":13}"
      5120,         0,         0,   0.087,exact_mw,cb12ae119b9b2ba18d0216e7235b403229e92fd0743ede48fe7f1a2c6f45d594,"{""distance"":5,""physical_error_rate"":0.0005}","{""detection_events"":2520,""detectors_checked"":1146880}"
     24576,         0,         0,   0.539,exact_mw,cdc4a450a40af8e24899239080e4c40992fb5baf91c5a31ab3a165eacb3a1ab3,"{""distance"":5,""physical_error_rate"":0.0002}","{""detection_events"":5208,""detectors_checked"":5505024}"
     33792,         0,         0,   0.410,exact_mw,70a969f5042aec17ac076c6379f4170fb7c69b8e925756ef3b7334e28a33338b,"{""distance"":5,""physical_error_rate"":0.0001}","{""detection_events"":3288,""detectors_checked"":7569408}"
      3072,         0,         0,   0.050,exact_mw,cdc4a450a40af8e24899239080e4c40992fb5baf91c5a31ab3a165eacb3a1ab3,"{""distance"":5,""physical_error_rate"":0.0002}","{""detection_events"":589,""detectors_checked"":688128}"
      7168,         0,         0,   0.102,exact_mw,f32ebecd8e105e50ec838d33c5ed9b45444b6b44a3c6ac541111079f2b14e893,"{""distance"":5,""physical_error_rate"":5e-05}","{""detection_events"":310,""detectors_checked"":1605632}"
     34816,         0,         0,   0.534,exact_mw,cdc4a450a40af8e24899239080e4c40992fb5baf91c5a31ab3a165eacb3a1ab3,"{""distance"":5,""physical_error_rate"":0.0002}","{""detection_events"":6937,""detectors_checked"":7798784}"
        16,        10,         0,   0.393,exact_mw,14059eecea5f7bdc562c01e7682d53b775a747f80d40379178915ac673e3b6bb,"{""distance"":5,""physical_error_rate"":0.5}","{""detection_events"":1795,""detectors_checked"":3584,""obs_mistake_mask=E"":10}"
      3072,         0,         0,   0.061,exact_mw,cdc4a450a40af8e24899239080e4c40992fb5baf91c5a31ab3a165eacb3a1ab3,"{""distance"":5,""physical_error_rate"":0.0002}","{""detection_events"":630,""detectors_checked"":688128}"
        32,        13,         0,   0.593,exact_mw,7def73f725f8347dc4de7c57664b66d91778cc6018e33f45b3defe89c7a0cfc0,"{""distance"":5,""physical_error_rate"":0.1}","{""detection_events"":1962,""detectors_checked"":7168,""obs_mistake_mask=E"":13}"
        32,        19,         0,   0.703,exact_mw,d68317bf2f4c69d73359111c5597779a07d8ed85f1f94573f1c8a2f6c683850d,"{""distance"":5,""physical_error_rate"":0.2}","{""detection_events"":2832,""detectors_checked"":7168,""obs_mistake_mask=E"":19}"
      1297,         0,         0,   0.056,exact_mw,cb12ae119b9b2ba18d0216e7235b403229e92fd0743ede48fe7f1a2c6f45d594,"{""distance"":5,""physical_error_rate"":0.0005}","{""detection_events"":655,""detectors_checked"":290528}"
      1024,         0,         0,   0.307,exact_mw,3208f56225bbcac0e2804eb6f92d0a8b681652a702ca1ec920ccd7367f0e0899,"{""distance"":5,""physical_error_rate"":0.002}","{""detection_events"":2063,""detectors_checked"":229376}"
      5120,         0,         0,   0.127,exact_mw,cb12ae119b9b2ba18d0216e7235b403229e92fd0743ede48fe7f1a2c6f45d594,"{""distance"":5,""physical_error_rate"":0.0005}","{""detection_events"":2567,""detectors_checked"":1146880}"
      5120,         0,         0,   0.076,exact_mw,cdc4a450a40af8e24899239080e4c40992fb5baf91c5a31ab3a165eacb3a1ab3,"{""distance"":5,""physical_error_rate"":0.0002}","{""detection_events"":1069,""detectors_checked"":1146880}"
        32,         0,         0,   0.563,exact_mw,7b4896c0e7f0a510554d89637fd747b157418067a95869d1f0661294d473d1dc,"{""distance"":5,""physical_error_rate"":0.02}","{""detection_events"":580,""detectors_checked"":7168}"
      1024,         0,         0,   0.354,exact_mw,3208f56225bbcac0e2804eb6f92d0a8b681652a702ca1ec920ccd7367f0e0899,"{""distance"":5,""physical_error_rate"":0.002}","{""detection_events"":1989,""detectors_checked"":229376}"
     14336,         0,         0,   0.319,exact_mw,f32ebecd8e105e50ec838d33c5ed9b45444b6b44a3c6ac541111079f2b14e893,"{""distance"":5,""physical_error_rate"":5e-05}","{""detection_events"":710,""detectors_checked"":3211264}"
     11264,         0,         0,   0.213,exact_mw,70a969f5042aec17ac076c6379f4170fb7c69b8e925756ef3b7334e28a33338b,"{""distance"":5,""physical_error_rate"":0.0001}","{""detection_events"":1154,""detectors_checked"":2523136}"
       272,         2,         0,   0.829,exact_mw,38b7ae1c4e8407fc325e0d9e43e9f92ff26dcb3f5cf7b98d24ea74c9e5188d39,"{""distance"":5,""physical_error_rate"":0.005}","{""detection_events"":1276,""detectors_checked"":60928,""obs_mistake_mask=E"":2}"
     24576,         0,         0,   0.416,exact_mw,f32ebecd8e105e50ec838d33c5ed9b45444b6b44a3c6ac541111079f2b14e893,"{""distance"":5,""physical_error_rate"":5e-05}","{""detection_events"":1190,""detectors_checked"":5505024}"
        32,         8,         0,   0.656,exact_mw,7fd11737ba5953e5998cf5d5ab7672462ce2ff07a9ab0f8628176a3f70e7a095,"{""distance"":5,""physical_error_rate"":0.05}","{""detection_events"":1154,""detectors_checked"":7168,""obs_mistake_mask=E"":8}"
      1024,         0,         0,   0.030,exact_mw,cb12ae119b9b2ba18d0216e7235b403229e92fd0743ede48fe7f1a2c6f45d594,"{""distance"":5,""physical_error_rate"":0.0005}","{""detection_events"":559,""detectors_checked"":229376}"
        64,         3,         0,   0.739,exact_mw,7b4896c0e7f0a510554d89637fd747b157418067a95869d1f0661294d473d1dc,"{""distance"":5,""physical_error_rate"":0.02}","{""detection_events"":1105,""detectors_checked"":14336,""obs_mistake_mask=E"":3}"
        32,         1,         0,   0.410,exact_mw,7b4896c0e7f0a510554d89637fd747b157418067a95869d1f0661294d473d1dc,"{""distance"":5,""physical_error_rate"":0.02}","{""detection_events"":586,""detectors_checked"":7168,""obs_mistake_mask=E"":1}"
       256,         0,         0,   0.524,exact_mw,38b7ae1c4e8407fc325e0d9e43e9f92ff26dcb3f5cf7b98d24ea74c9e5188d39,"{""distance"":5,""physical_error_rate"":0.005}","{""detection_events"":1216,""detectors_checked"":57344}"
     15360,         0,         0,   0.391,exact_mw,cb12ae119b9b2ba18d0216e7235b403229e92fd0743ede48fe7f1a2c6f45d594,"{""distance"":5,""physical_error_rate"":0.0005}","{""detection_events"":7395,""detectors_checked"":3440640}"
        32,         6,         0,   0.633,exact_mw,7fd11737ba5953e5998cf5d5ab7672462ce2ff07a9ab0f8628176a3f70e7a095,"{""distance"":5,""physical_error_rate"":0.05}","{""detection_events"":1224,""detectors_checked"":7168,""obs_mistake_mask=E"":6}"
        32,        11,         0,   0.641,exact_mw,7def73f725f8347dc4de7c57664b66d91778cc6018e33f45b3defe89c7a0cfc0,"{""distance"":5,""physical_error_rate"":0.1}","{""detection_events"":1928,""detectors_checked"":7168,""obs_mistake_mask=E"":11}"
       512,         0,         0,    1.47,exact_mw,38b7ae1c4e8407fc325e0d9e43e9f92ff26dcb3f5cf7b98d24ea74c9e5188d39,"{""distance"":5,""physical_error_rate"":0.005}","{""detection_events"":2471,""detectors_checked"":114688}"
        32,        14,         0,   0.831,exact_mw,14059eecea5f7bdc562c01e7682d53b775a747f80d40379178915ac673e3b6bb,"{""distance"":5,""physical_error_rate"":0.5}","{""detection_events"":3583,""detectors_checked"":7168,""obs_mistake_mask=E"":14}"
        32,        17,         0,   0.647,exact_mw,14059eecea5f7bdc562c01e7682d53b775a747f80d40379178915ac673e3b6bb,"{""distance"":5,""physical_error_rate"":0.5}","{""detection_events"":3611,""detectors_checked"":7168,""obs_mistake_mask=E"":17}"
      1024,         0,         0,   0.382,exact_mw,3208f56225bbcac0e2804eb6f92d0a8b681652a702ca1ec920ccd7367f0e0899,"{""distance"":5,""physical_error_rate"":0.002}","{""detection_events"":2165,""detectors_checked"":229376}"
        16,        11,         0,   0.349,exact_mw,14059eecea5f7bdc562c01e7682d53b775a747f80d40379178915ac673e3b6bb,"{""distance"":5,""physical_error_rate"":0.5}","{""detection_events"":1761,""detectors_checked"":3584,""obs_mistake_mask=E"":11}"
      1024,         0,         0,   0.028,exact_mw,cb12ae119b9b2ba18d0216e7235b403229e92fd0743ede48fe7f1a2c6f45d594,"{""distance"":5,""physical_error_rate"":0.0005}","{""detection_events"":503,""detectors_checked"":229376}"
      6144,         0,         0,   0.122,exact_mw,f32ebecd8e105e50ec838d33c5ed9b45444b6b44a3c6ac541111079f2b14e893,"{""distance"":5,""physical_error_rate"":5e-05}","{""detection_events"":292,""detectors_checked"":1376256}"
       256,         0,         0,   0.756,exact_mw,38b7ae1c4e8407fc325e0d9e43e9f92ff26dcb3f5cf7b98d24ea74c9e5188d39,"{""distance"":5,""physical_error_rate"":0.005}","{""detection_events"":1244,""detectors_checked"":57344}"
        32,         6,         0,   0.534,exact_mw,7fd11737ba5953e5998cf5d5ab7672462ce2ff07a9ab0f8628176a3f70e7a095,"{""distance"":5,""physical_error_rate"":0.05}","{""detection_events"":1169,""detectors_checked"":7168,""obs_mistake_mask=E"":6}"
         1,         0,         0,   0.028,exact_mw,72230d8c06b5a71069df48ede6f7f3e6128cd83e8239dd1b2e5fe023578b6eb1,"{""distance"":5,""physical_error_rate"":0.01}","{""detection_events"":8,""detectors_checked"":224}"
         1,         0,         0,   0.022,exact_mw,72230d8c06b5a71069df48ede6f7f3e6128cd83e8239dd1b2e5fe023578b6eb1,"{""distance"":5,""physical_error_rate"":0.01}","{""detection_events"":11,""detectors_checked"":224}"
     10240,         0,         0,   0.207,exact_mw,70a969f5042aec17ac076c6379f4170fb7c69b8e925756ef3b7334e28a33338b,"{""distance"":5,""physical_error_rate"":0.0001}","{""detection_events"":932,""detectors_checked"":2293760}"
       128,         0,         0,   0.299,exact_mw,38b7ae1c4e8407fc325e0d9e43e9f92ff26dcb3f5cf7b98d24ea74c9e5188d39,"{""distance"":5,""physical_error_rate"":0.005}","{""detection_events"":581,""detectors_checked"":28672}"
      6144,         0,         0,   0.119,exact_mw,cdc4a450a40af8e24899239080e4c40992fb5baf91c5a31ab3a165eacb3a1ab3,"{""distance"":5,""physical_error_rate"":0.0002}","{""detection_events"":1136,""detectors_checked"":1376256}"
      1024,         0,         0,   0.029,exact_mw,cb12ae119b9b2ba18d0216e7235b403229e92fd0743ede48fe7f1a2c6f45d594,"{""distance"":5,""physical_error_rate"":0.0005}","{""detection_events"":520,""detectors_checked"":229376}"
        32,        19,         0,   0.791,exact_mw,d68317bf2f4c69d73359111c5597779a07d8ed85f1f94573f1c8a2f6c683850d,"{""distance"":5,""physical_error_rate"":0.2}","{""detection_events"":2832,""detectors_checked"":7168,""obs_mistake_mask=E"":19}"
      6144,         0,         0,   0.171,exact_mw,cb12ae119b9b2ba18d0216e7235b403229e92fd0743ede48fe7f1a2c6f45d594,"{""distance"":5,""physical_error_rate"":0.0005}","{""detection_events"":2949,""detectors_checked"":1376256}"
        32,         8,         0,   0.596,exact_mw,7fd11737ba5953e5998cf5d5ab7672462ce2ff07a9ab0f8628176a3f70e7a095,"{""distance"":5,""physical_error_rate"":0.05}","{""detection_events"":1221,""detectors_checked"":7168,""obs_mistake_mask=E"":8}"
        17,         0,         0,   0.056,exact_mw,72230d8c06b5a71069df48ede6f7f3e6128cd83e8239dd1b2e5fe023578b6eb1,"{""distance"":5,""physical_error_rate"":0.01}","{""detection_events"":175,""detectors_checked"":3808}"
        16,         2,         0,   0.269,exact_mw,7b4896c0e7f0a510554d89637fd747b157418067a95869d1f0661294d473d1dc,"{""distance"":5,""physical_error_rate"":0.02}","{""detection_events"":372,""detectors_checked"":3584,""obs_mistake_mask=E"":2}"
     39936,         0,         0,   0.571,exact_mw,f32ebecd8e105e50ec838d33c5ed9b45444b6b44a3c6ac541111079f2b14e893,"{""distance"":5,""physical_error_rate"":5e-05}","{""detection_events"":1909,""detectors_checked"":8945664}"
        16,         3,         0,   0.400,exact_mw,7fd11737ba5953e5998cf5d5ab7672462ce2ff07a9ab0f8628176a3f70e7a095,"{""distance"":5,""physical_error_rate"":0.05}","{""detection_events"":675,""detectors_checked"":3584,""obs_mistake_mask=E"":3}"
     43008,         0,         0,   0.719,exact_mw,cdc4a450a40af8e24899239080e4c40992fb5baf91c5a31ab3a165eacb3a1ab3,"{""distance"":5,""physical_error_rate"":0.0002}","{""detection_events"":8223,""detectors_checked"":9633792}"
        32,        17,         0,   0.665,exact_mw,d68317bf2f4c69d73359111c5597779a07d8ed85f1f94573f1c8a2f6c683850d,"{""distance"":5,""physical_error_rate"":0.2}","{""detection_events"":2980,""detectors_checked"":7168,""obs_mistake_mask=E"":17}"
      2048,         0,         0,   0.687,exact_mw,3208f56225bbcac0e2804eb6f92d0a8b681652a702ca1ec920ccd7367f0e0899,"{""distance"":5,""physical_error_rate"":0.002}","{""detection_events"":4151,""detectors_checked"":458752}"
       256,         0,         0,   0.598,exact_mw,38b7ae1c4e8407fc325e0d9e43e9f92ff26dcb3f5cf7b98d24ea74c9e5188d39,"{""distance"":5,""physical_error_rate"":0.005}","{""detection_events"":1173,""detectors_checked"":57344}"
      7168,         0,         0,   0.106,exact_mw,cdc4a450a40af8e24899239080e4c40992fb5baf91c5a31ab3a165eacb3a1ab3,"{""distance"":5,""physical_error_rate"":0.0002}","{""detection_events"":1429,""detectors_checked"":1605632}"
     11264,         0,         0,   0.285,exact_mw,bb90ec3459e353008cf9a5bb9142bf1e8515517a9e167021b225104594e48e8a,"{""distance"":5,""physical_error_rate"":0.001}","{""detection_events"":11129,""detectors_checked"":2523136}"
        16,         6,         0,   0.349,exact_mw,14059eecea5f7bdc562c01e7682d53b775a747f80d40379178915ac673e3b6bb,"{""distance"":5,""physical_error_rate"":0.5}","{""detection_events"":1805,""detectors_checked"":3584,""obs_mistake_mask=E"":6}"
        16,         4,         0,   0.335,exact_mw,7fd11737ba5953e5998cf5d5ab7672462ce2ff07a9ab0f8628176a3f70e7a095,"{""distance"":5,""physical_error_rate"":0.05}","{""detection_events"":581,""detectors_checked"":3584,""obs_mistake_mask=E"":4}"
        16,         0,         0,   0.072,exact_mw,72230d8c06b5a71069df48ede6f7f3e6128cd83e8239dd1b2e5fe023578b6eb1,"{""distance"":5,""physical_error_rate"":0.01}","{""detection_events"":139,""detectors_checked"":3584}"
        16,        10,         0,   0.324,exact_mw,7def73f725f8347dc4de7c57664b66d91778cc6018e33f45b3defe89c7a0cfc0,"{""distance"":5,""physical_error_rate"":0.1}","{""detection_events"":1012,""detectors_checked"":3584,""obs_mistake_mask=E"":10}"
      1024,         0,         0,   0.223,exact_mw,3208f56225bbcac0e2804eb6f92d0a8b681652a702ca1ec920ccd7367f0e0899,"{""distance"":5,""physical_error_rate"":0.002}","{""detection_events"":1921,""detectors_checked"":229376}"
        64,         0,         0,   0.502,exact_mw,72230d8c06b5a71069df48ede6f7f3e6128cd83e8239dd1b2e5fe023578b6eb1,"{""distance"":5,""physical_error_rate"":0.01}","{""detection_events"":583,""detectors_checked"":14336}"
      3072,         0,         0,   0.049,exact_mw,cb12ae119b9b2ba18d0216e7235b403229e92fd0743ede48fe7f1a2c6f45d594,"{""distance"":5,""physical_error_rate"":0.0005}","{""detection_events"":1498,""detectors_checked"":688128}"
     18432,         0,         0,   0.306,exact_mw,cdc4a450a40af8e24899239080e4c40992fb5baf91c5a31ab3a165eacb3a1ab3,"{""distance"":5,""physical_error_rate"":0.0002}","{""detection_events"":3628,""detectors_checked"":4128768}"
     15360,         0,         0,   0.291,exact_mw,cdc4a450a40af8e24899239080e4c40992fb5baf91c5a31ab3a165eacb3a1ab3,"{""distance"":5,""physical_error_rate"":0.0002}","{""detection_events"":3105,""detectors_checked"":3440640}"
        64,         1,         0,   0.227,exact_mw,72230d8c06b5a71069df48ede6f7f3e6128cd83e8239dd1b2e5fe023578b6eb1,"{""distance"":5,""physical_error_rate"":0.01}","{""detection_events"":623,""detectors_checked"":14336,""obs_mistake_mask=E"":1}"
        64,         3,         0,    1.01,exact_mw,7b4896c0e7f0a510554d89637fd747b157418067a95869d1f0661294d473d1dc,"{""distance"":5,""physical_error_rate"":0.02}","{""detection_events"":1196,""detectors_checked"":14336,""obs_mistake_mask=E"":3}"
     16384,         0,         0,    1.13,exact_mw,bb90ec3459e353008cf9a5bb9142bf1e8515517a9e167021b225104594e48e8a,"{""distance"":5,""physical_error_rate"":0.001}","{""detection_events"":16025,""detectors_checked"":3670016}"
         1,         0,         0,   0.001,exact_mw,cb12ae119b9b2ba18d0216e7235b403229e92fd0743ede48fe7f1a2c6f45d594,"{""distance"":5,""physical_error_rate"":0.0005}","{""detectors_checked"":224}"
       128,         0,         0,   0.965,exact_mw,72230d8c06b5a71069df48ede6f7f3e6128cd83e8239dd1b2e5fe023578b6eb1,"{""distance"":5,""physical_error_rate"":0.01}","{""detection_events"":1294,""detectors_checked"":28672}"
        32,         9,         0,   0.747,exact_mw,7def73f725f8347dc4de7c57664b66d91778cc6018e33f45b3defe89c7a0cfc0,"{""distance"":5,""physical_error_rate"":0.1}","{""detection_events"":2030,""detectors_checked"":7168,""obs_mistake_mask=E"":9}"
        16,         5,         0,   0.463,exact_mw,d68317bf2f4c69d73359111c5597779a07d8ed85f1f94573f1c8a2f6c683850d,"{""distance"":5,""physical_error_rate"":0.2}","{""detection_events"":1422,""detectors_checked"":3584,""obs_mistake_mask=E"":5}"
        64,         1,         0,   0.578,exact_mw,72230d8c06b5a71069df48ede6f7f3e6128cd83e8239dd1b2e5fe023578b6eb1,"{""distance"":5,""physical_error_rate"":0.01}","{""detection_events"":561,""detectors_checked"":14336,""obs_mistake_mask=E"":1}"
     14336,         0,         0,   0.314,exact_mw,cdc4a450a40af8e24899239080e4c40992fb5baf91c5a31ab3a165eacb3a1ab3,"{""distance"":5,""physical_error_rate"":0.0002}","{""detection_events"":2845,""detectors_checked"":3211264}"
        16,         9,         0,   0.328,exact_mw,14059eecea5f7bdc562c01e7682d53b775a747f80d40379178915ac673e3b6bb,"{""distance"":5,""physical_error_rate"":0.5}","{""detection_events"":1817,""detectors_checked"":3584,""obs_mistake_mask=E"":9}"
     24576,         0,         0,   0.569,exact_mw,cb12ae119b9b2ba18d0216e7235b403229e92fd0743ede48fe7f1a2c6f45d594,"{""distance"":5,""physical_error_rate"":0.0005}","{""detection_events"":12209,""detectors_checked"":5505024}"
      1296,         0,         0,   0.009,exact_mw,cb12ae119b9b2ba18d0216e7235b403229e92fd0743ede48fe7f1a2c6f45d594,"{""distance"":5,""physical_error_rate"":0.0005}","{""detection_events"":721,""detectors_checked"":290304}"
        32,         4,         0,   0.674,exact_mw,7fd11737ba5953e5998cf5d5ab7672462ce2ff07a9ab0f8628176a3f70e7a095,"{""distance"":5,""physical_error_rate"":0.05}","{""detection_events"":1218,""detectors_checked"":7168,""obs_mistake_mask=E"":4}"
        16,         6,         0,   0.477,exact_mw,14059eecea5f7bdc562c01e7682d53b775a747f80d40379178915ac673e3b6bb,"{""distance"":5,""physical_error_rate"":0.5}","{""detection_events"":1791,""detectors_checked"":3584,""obs_mistake_mask=E"":6}"
        64,         1,         0,   0.539,exact_mw,72230d8c06b5a71069df48ede6f7f3e6128cd83e8239dd1b2e5fe023578b6eb1,"{""distance"":5,""physical_error_rate"":0.01}","{""detection_events"":570,""detectors_checked"":14336,""obs_mistake_mask=E"":1}"
        16,         7,         0,   0.325,exact_mw,d68317bf2f4c69d73359111c5597779a07d8ed85f1f94573f1c8a2f6c683850d,"{""distance"":5,""physical_error_rate"":0.2}","{""detection_events"":1408,""detectors_checked"":3584,""obs_mistake_mask=E"":7}"
        16,         8,         0,   0.419,exact_mw,d68317bf2f4c69d73359111c5597779a07d8ed85f1f94573f1c8a2f6c683850d,"{""distance"":5,""physical_error_rate"":0.2}","{""detection_events"":1405,""detectors_checked"":3584,""obs_mistake_mask=E"":8}"
      1024,         0,         0,   0.344,exact_mw,3208f56225bbcac0e2804eb6f92d0a8b681652a702ca1ec920ccd7367f0e0899,"{""distance"":5,""physical_error_rate"":0.002}","{""detection_events"":1929,""detectors_checked"":229376}"
        32,        13,         0,   0.694,exact_mw,14059eecea5f7bdc562c01e7682d53b775a747f80d40379178915ac673e3b6bb,"{""distance"":5,""physical_error_rate"":0.5}","{""detection_events"":3600,""detectors_checked"":7168,""obs_mistake_mask=E"":13}"
     28672,         0,         0,   0.562,exact_mw,f32ebecd8e105e50ec838d33c5ed9b45444b6b44a3c6ac541111079f2b14e893,"{""distance"":5,""physical_error_rate"":5e-05}","{""detection_events"":1447,""detectors_checked"":6422528}"
      9216,         0,         0,   0.156,exact_mw,f32ebecd8e105e50ec838d33c5ed9b45444b6b44a3c6ac541111079f2b14e893,"{""distance"":5,""physical_error_rate"":5e-05}","{""detection_events"":531,""detectors_checked"":2064384}"
      6144,         0,         0,   0.325,exact_mw,bb90ec3459e353008cf9a5bb9142bf1e8515517a9e167021b225104594e48e8a,"{""distance"":5,""physical_error_rate"":0.001}","{""detection_events"":6091,""detectors_checked"":1376256}"
     10240,         0,         0,   0.214,exact_mw,cb12ae119b9b2ba18d0216e7235b403229e92fd0743ede48fe7f1a2c6f45d594,"{""distance"":5,""physical_error_rate"":0.0005}","{""detection_events"":5016,""detectors_checked"":2293760}"
        16,         0,         0,   0.148,exact_mw,72230d8c06b5a71069df48ede6f7f3e6128cd83e8239dd1b2e5fe023578b6eb1,"{""distance"":5,""physical_error_rate"":0.01}","{""detection_events"":157,""detectors_checked"":3584}"
      3072,         0,         0,   0.053,exact_mw,cb12ae119b9b2ba18d0216e7235b403229e92fd0743ede48fe7f1a2c6f45d594,"{""distance"":5,""physical_error_rate"":0.0005}","{""detection_events"":1493,""detectors_checked"":688128}"
      2048,         0,         0,   0.031,exact_mw,cb12ae119b9b2ba18d0216e7235b403229e92fd0743ede48fe7f1a2c6f45d594,"{""distance"":5,""physical_error_rate"":0.0005}","{""detection_events"":1010,""detectors_checked"":458752}"
        32,        16,         0,   0.662,exact_mw,d68317bf2f4c69d73359111c5597779a07d8ed85f1f94573f1c8a2f6c683850d,"{""distance"":5,""physical_error_rate"":0.2}","{""detection_events"":2887,""detectors_checked"":7168,""obs_mistake_mask=E"":16}"
     59392,         0,         0,    1.11,exact_mw,f32ebecd8e105e50ec838d33c5ed9b45444b6b44a3c6ac541111079f2b14e893,"{""distance"":5,""physical_error_rate"":5e-05}","{""detection_events"":2932,""detectors_checked"":13303808}"
      1024,         0,         0,   0.391,exact_mw,3208f56225bbcac0e2804eb6f92d0a8b681652a702ca1ec920ccd7367f0e0899,"{""distance"":5,""physical_error_rate"":0.002}","{""detection_events"":2102,""detectors_checked"":229376}"
        32,        14,         0,   0.710,exact_mw,7def73f725f8347dc4de7c57664b66d91778cc6018e33f45b3defe89c7a0cfc0,"{""distance"":5,""physical_error_rate"":0.1}","{""detection_events"":1957,""detectors_checked"":7168,""obs_mistake_mask=E"":14}"
         1,         0,         0,   0.030,exact_mw,70a969f5042aec17ac076c6379f4170fb7c69b8e925756ef3b7334e28a33338b,"{""distance"":5,""physical_error_rate"":0.0001}","{""detectors_checked"":224}"
      8192,         0,         0,   0.652,exact_mw,bb90ec3459e353008cf9a5bb9142bf1e8515517a9e167021b225104594e48e8a,"{""distance"":5,""physical_error_rate"":0.001}","{""detection_events"":8126,""detectors_checked"":1835008}"
     11264,         0,         0,   0.160,exact_mw,cdc4a450a40af8e24899239080e4c40992fb5baf91c5a31ab3a165eacb3a1ab3,"{""distance"":5,""physical_error_rate"":0.0002}","{""detection_events"":2353,""detectors_checked"":2523136}"
     49152,         0,         0,   0.771,exact_mw,f32ebecd8e105e50ec838d33c5ed9b45444b6b44a3c6ac541111079f2b14e893,"{""distance"":5,""physical_error_rate"":5e-05}","{""detection_events"":2380,""detectors_checked"":11010048}"
      6144,         0,         0,   0.149,exact_mw,cdc4a450a40af8e24899239080e4c40992fb5baf91c5a31ab3a165eacb3a1ab3,"{""distance"":5,""physical_error_rate"":0.0002}","{""detection_events"":1263,""detectors_checked"":1376256}"
      2048,         0,         0,   0.049,exact_mw,cb12ae119b9b2ba18d0216e7235b403229e92fd0743ede48fe7f1a2c6f45d594,"{""distance"":5,""physical_error_rate"":0.0005}","{""detection_events"":1104,""detectors_checked"":458752}"
      1296,         0,         0,   0.004,exact_mw,70a969f5042aec17ac076c6379f4170fb7c69b8e925756ef3b7334e28a33338b,"{""distance"":5,""physical_error_rate"":0.0001}","{""detection_events"":117,""detectors_checked"":290304}"
        16,        10,         0,   0.364,exact_mw,d68317bf2f4c69d73359111c5597779a07d8ed85f1f94573f1c8a2f6c683850d,"{""distance"":5,""physical_error_rate"":0.2}","{""detection_events"":1435,""detectors_checked"":3584,""obs_mistake_mask=E"":10}"
      1024,         0,         0,   0.266,exact_mw,3208f56225bbcac0e2804eb6f92d0a8b681652a702ca1ec920ccd7367f0e0899,"{""distance"":5,""physical_error_rate"":0.002}","{""detection_events"":1906,""detectors_checked"":229376}"
        32,         6,         0,   0.629,exact_mw,7fd11737ba5953e5998cf5d5ab7672462ce2ff07a9ab0f8628176a3f70e7a095,"{""distance"":5,""physical_error_rate"":0.05}","{""detection_events"":1188,""detectors_checked"":7168,""obs_mistake_mask=E"":6}"
     22528,         0,         0,   0.569,exact_mw,cb12ae119b9b2ba18d0216e7235b403229e92fd0743ede48fe7f1a2c6f45d594,"{""distance"":5,""physical_error_rate"":0.0005}","{""detection_events"":11234,""detectors_checked"":5046272}"
        32,        20,         0,   0.684,exact_mw,7def73f725f8347dc4de7c57664b66d91778cc6018e33f45b3defe89c7a0cfc0,"{""distance"":5,""physical_error_rate"":0.1}","{""detection_events"":1981,""detectors_checked"":7168,""obs_mistake_mask=E"":20}"
         1,         0,         0,   0.016,exact_mw,cdc4a450a40af8e24899239080e4c40992fb5baf91c5a31ab3a165eacb3a1ab3,"{""distance"":5,""physical_error_rate"":0.0002}","{""detection_events"":4,""detectors_checked"":224}"
        16,         5,         0,   0.336,exact_mw,14059eecea5f7bdc562c01e7682d53b775a747f80d40379178915ac673e3b6bb,"{""distance"":5,""physical_error_rate"":0.5}","{""detection_events"":1808,""detectors_checked"":3584,""obs_mistake_mask=E"":5}"
     18432,         0,         0,   0.264,exact_mw,70a969f5042aec17ac076c6379f4170fb7c69b8e925756ef3b7334e28a33338b,"{""distance"":5,""physical_error_rate"":0.0001}","{""detection_events"":1932,""detectors_checked"":4128768}"
      1024,         0,         0,   0.408,exact_mw,3208f56225bbcac0e2804eb6f92d0a8b681652a702ca1ec920ccd7367f0e0899,"{""distance"":5,""physical_error_rate"":0.002}","{""detection_events"":1991,""detectors_checked"":229376}"
      1296,         0,         0,   0.020,exact_mw,cdc4a450a40af8e24899239080e4c40992fb5baf91c5a31ab3a165eacb3a1ab3,"{""distance"":5,""physical_error_rate"":0.0002}","{""detection_events"":233,""detectors_checked"":290304}"
      9216,         0,         0,   0.210,exact_mw,cb12ae119b9b2ba18d0216e7235b403229e92fd0743ede48fe7f1a2c6f45d594,"{""distance"":5,""physical_error_rate"":0.0005}","{""detection_events"":4418,""detectors_checked"":2064384}"
      7168,         0,         0,   0.397,exact_mw,bb90ec3459e353008cf9a5bb9142bf1e8515517a9e167021b225104594e48e8a,"{""distance"":5,""physical_error_rate"":0.001}","{""detection_events"":6919,""detectors_checked"":1605632}"
         1,         0,         0,   0.010,exact_mw,7b4896c0e7f0a510554d89637fd747b157418067a95869d1f0661294d473d1dc,"{""distance"":5,""physical_error_rate"":0.02}","{""detection_events"":31,""detectors_checked"":224}"
       256,         0,         0,   0.669,exact_mw,38b7ae1c4e8407fc325e0d9e43e9f92ff26dcb3f5cf7b98d24ea74c9e5188d39,"{""distance"":5,""physical_error_rate"":0.005}","{""detection_events"":1172,""detectors_checked"":57344}"
      2048,         0,         0,   0.042,exact_mw,70a969f5042aec17ac076c6379f4170fb7c69b8e925756ef3b7334e28a33338b,"{""distance"":5,""physical_error_rate"":0.0001}","{""detection_events"":162,""detectors_checked"":458752}"
      4096,         0,         0,   0.093,exact_mw,cb12ae119b9b2ba18d0216e7235b403229e92fd0743ede48fe7f1a2c6f45d594,"{""distance"":5,""physical_error_rate"":0.0005}","{""detection_events"":2213,""detectors_checked"":917504}"
      3072,         0,         0,   0.051,exact_mw,cb12ae119b9b2ba18d0216e7235b403229e92fd0743ede48fe7f1a2c6f45d594,"{""distance"":5,""physical_error_rate"":0.0005}","{""detection_events"":1467,""detectors_checked"":688128}"
      1024,         0,         0,   0.324,exact_mw,3208f56225bbcac0e2804eb6f92d0a8b681652a702ca1ec920ccd7367f0e0899,"{""distance"":5,""physical_error_rate"":0.002}","{""detection_events"":2133,""detectors_checked"":229376}"
        32,         1,         0,   0.487,exact_mw,7b4896c0e7f0a510554d89637fd747b157418067a95869d1f0661294d473d1dc,"{""distance"":5,""physical_error_rate"":0.02}","{""detection_events"":571,""detectors_checked"":7168,""obs_mistake_mask=E"":1}"
     20480,         0,         0,    1.10,exact_mw,bb90ec3459e353008cf9a5bb9142bf1e8515517a9e167021b225104594e48e8a,"{""distance"":5,""physical_error_rate"":0.001}","{""detection_events"":20611,""detectors_checked"":4587520}"
        32,         1,         0,   0.459,exact_mw,7b4896c0e7f0a510554d89637fd747b157418067a95869d1f0661294d473d1dc,"{""distance"":5,""physical_error_rate"":0.02}","{""detection_events"":618,""detectors_checked"":7168,""obs_mistake_mask=E"":1}"
      7168,         0,         0,   0.442,exact_mw,bb90ec3459e353008cf9a5bb9142bf1e8515517a9e167021b225104594e48e8a,"{""distance"":5,""physical_error_rate"":0.001}","{""detection_events"":6979,""detectors_checked"":1605632}"
      2048,         0,         0,   0.031,exact_mw,70a969f5042aec17ac076c6379f4170fb7c69b8e925756ef3b7334e28a33338b,"{""distance"":5,""physical_error_rate"":0.0001}","{""detection_events"":194,""detectors_checked"":458752}"
      3072,         0,         0,   0.040,exact_mw,cdc4a450a40af8e24899239080e4c40992fb5baf91c5a31ab3a165eacb3a1ab3,"{""distance"":5,""physical_error_rate"":0.0002}","{""detection_events"":539,""detectors_checked"":688128}"
        32,         6,         0,   0.585,exact_mw,7fd11737ba5953e5998cf5d5ab7672462ce2ff07a9ab0f8628176a3f70e7a095,"{""distance"":5,""physical_error_rate"":0.05}","{""detection_events"":1196,""detectors_checked"":7168,""obs_mistake_mask=E"":6}"
      1024,         0,         0,   0.186,exact_mw,3208f56225bbcac0e2804eb6f92d0a8b681652a702ca1ec920ccd7367f0e0899,"{""distance"":5,""physical_error_rate"":0.002}","{""detection_events"":1894,""detectors_checked"":229376}"
        16,         8,         0,   0.240,exact_mw,14059eecea5f7bdc562c01e7682d53b775a747f80d40379178915ac673e3b6bb,"{""distance"":5,""physical_error_rate"":0.5}","{""detection_events"":1807,""detectors_checked"":3584,""obs_mistake_mask=E"":8}"
      1024,         0,         0,   0.329,exact_mw,3208f56225bbcac0e2804eb6f92d0a8b681652a702ca1ec920ccd7367f0e0899,"{""distance"":5,""physical_error_rate"":0.002}","{""detection_events"":2081,""detectors_checked"":229376}"
        32,        22,         0,   0.919,exact_mw,14059eecea5f7bdc562c01e7682d53b775a747f80d40379178915ac673e3b6bb,"{""distance"":5,""physical_error_rate"":0.5}","{""detection_events"":3635,""detectors_checked"":7168,""obs_mistake_mask=E"":22}"
     16384,         0,         0,   0.302,exact_mw,70a969f5042aec17ac076c6379f4170fb7c69b8e925756ef3b7334e28a33338b,"{""distance"":5,""physical_error_rate"":0.0001}","{""detection_events"":1695,""detectors_checked"":3670016}"
        64,         1,         0,   0.542,exact_mw,72230d8c06b5a71069df48ede6f7f3e6128cd83e8239dd1b2e5fe023578b6eb1,"{""distance"":5,""physical_error_rate"":0.01}","{""detection_events"":678,""detectors_checked"":14336,""obs_mistake_mask=E"":1}"
        16,         9,         0,   0.345,exact_mw,14059eecea5f7bdc562c01e7682d53b775a747f80d40379178915ac673e3b6bb,"{""distance"":5,""physical_error_rate"":0.5}","{""detection_events"":1803,""detectors_checked"":3584,""obs_mistake_mask=E"":9}"
        32,         0,         0,   0.364,exact_mw,7b4896c0e7f0a510554d89637fd747b157418067a95869d1f0661294d473d1dc,"{""distance"":5,""physical_error_rate"":0.02}","{""detection_events"":520,""detectors_checked"":7168}"
      2048,         0,         0,   0.072,exact_mw,cb12ae119b9b2ba18d0216e7235b403229e92fd0743ede48fe7f1a2c6f45d594,"{""distance"":5,""physical_error_rate"":0.0005}","{""detection_events"":873,""detectors_checked"":458752}"
        16,         1,         0,   0.246,exact_mw,7fd11737ba5953e5998cf5d5ab7672462ce2ff07a9ab0f8628176a3f70e7a095,"{""distance"":5,""physical_error_rate"":0.05}","{""detection_events"":512,""detectors_checked"":3584,""obs_mistake_mask=E"":1}"
      4096,         0,         0,   0.063,exact_mw,70a969f5042aec17ac076c6379f4170fb7c69b8e925756ef3b7334e28a33338b,"{""distance"":5,""physical_error_rate"":0.0001}","{""detection_events"":382,""detectors_checked"":917504}"
      3072,         0,         0,   0.050,exact_mw,cdc4a450a40af8e24899239080e4c40992fb5baf91c5a31ab3a165eacb3a1ab3,"{""distance"":5,""physical_error_rate"":0.0002}","{""detection_events"":609,""detectors_checked"":688128}"
     30720,         0,         0,   0.422,exact_mw,f32ebecd8e105e50ec838d33c5ed9b45444b6b44a3c6ac541111079f2b14e893,"{""distance"":5,""physical_error_rate"":5e-05}","{""detection_events"":1499,""detectors_checked"":6881280}"
        16,         2,         0,   0.331,exact_mw,7fd11737ba5953e5998cf5d5ab7672462ce2ff07a9ab0f8628176a3f70e7a095,"{""distance"":5,""physical_error_rate"":0.05}","{""detection_events"":595,""detectors_checked"":3584,""obs_mistake_mask=E"":2}"
      2048,         0,         0,   0.027,exact_mw,cdc4a450a40af8e24899239080e4c40992fb5baf91c5a31ab3a165eacb3a1ab3,"{""distance"":5,""physical_error_rate"":0.0002}","{""detection_events"":433,""detectors_checked"":458752}"
     14336,         0,         0,   0.225,exact_mw,f32ebecd8e105e50ec838d33c5ed9b45444b6b44a3c6ac541111079f2b14e893,"{""distance"":5,""physical_error_rate"":5e-05}","{""detection_events"":726,""detectors_checked"":3211264}"
        17,        10,         0,   0.408,exact_mw,7def73f725f8347dc4de7c57664b66d91778cc6018e33f45b3defe89c7a0cfc0,"{""distance"":5,""physical_error_rate"":0.1}","{""detection_events"":1044,""detectors_checked"":3808,""obs_mistake_mask=E"":10}"
       256,         0,         0,   0.696,exact_mw,38b7ae1c4e8407fc325e0d9e43e9f92ff26dcb3f5cf7b98d24ea74c9e5188d39,"{""distance"":5,""physical_error_rate"":0.005}","{""detection_events"":1168,""detectors_checked"":57344}"
      5120,         0,         0,   0.150,exact_mw,cb12ae119b9b2ba18d0216e7235b403229e92fd0743ede48fe7f1a2c6f45d594,"{""distance"":5,""physical_error_rate"":0.0005}","{""detection_events"":2477,""detectors_checked"":1146880}"
      3072,         0,         0,   0.060,exact_mw,70a969f5042aec17ac076c6379f4170fb7c69b8e925756ef3b7334e28a33338b,"{""distance"":5,""physical_error_rate"":0.0001}","{""detection_events"":287,""detectors_checked"":688128}"
     40960,         0,         0,   0.774,exact_mw,f32ebecd8e105e50ec838d33c5ed9b45444b6b44a3c6ac541111079f2b14e893,"{""distance"":5,""physical_error_rate"":5e-05}","{""detection_events"":2022,""detectors_checked"":9175040}"
     11264,         0,         0,   0.208,exact_mw,cdc4a450a40af8e24899239080e4c40992fb5baf91c5a31ab3a165eacb3a1ab3,"{""distance"":5,""physical_error_rate"":0.0002}","{""detection_events"":2348,""detectors_checked"":2523136}"
      4096,         0,         0,   0.076,exact_mw,cb12ae119b9b2ba18d0216e7235b403229e92fd0743ede48fe7f1a2c6f45d594,"{""distance"":5,""physical_error_rate"":0.0005}","{""detection_events"":1942,""detectors_checked"":917504}"
        32,        18,         0,   0.809,exact_mw,14059eecea5f7bdc562c01e7682d53b775a747f80d40379178915ac673e3b6bb,"{""distance"":5,""physical_error_rate"":0.5}","{""detection_events"":3689,""detectors_checked"":7168,""obs_mistake_mask=E"":18}"
        16,         7,         0,   0.307,exact_mw,7def73f725f8347dc4de7c57664b66d91778cc6018e33f45b3defe89c7a0cfc0,"{""distance"":5,""physical_error_rate"":0.1}","{""detection_events"":954,""detectors_checked"":3584,""obs_mistake_mask=E"":7}"
     27648,         0,         0,   0.578,exact_mw,cb12ae119b9b2ba18d0216e7235b403229e92fd0743ede48fe7f1a2c6f45d594,"{""distance"":5,""physical_error_rate"":0.0005}","{""detection_events"":13447,""detectors_checked"":6193152}"
     15360,         0,         0,   0.228,exact_mw,cdc4a450a40af8e24899239080e4c40992fb5baf91c5a31ab3a165eacb3a1ab3,"{""distance"":5,""physical_error_rate"":0.0002}","{""detection_events"":3236,""detectors_checked"":3440640}"
     43008,         0,         0,   0.570,exact_mw,70a969f5042aec17ac076c6379f4170fb7c69b8e925756ef3b7334e28a33338b,"{""distance"":5,""physical_error_rate"":0.0001}","{""detection_events"":4108,""detectors_checked"":9633792}"
        32,         2,         0,   0.646,exact_mw,7b4896c0e7f0a510554d89637fd747b157418067a95869d1f0661294d473d1dc,"{""distance"":5,""physical_error_rate"":0.02}","{""detection_events"":561,""detectors_checked"":7168,""obs_mistake_mask=E"":2}"
        32,        18,         0,   0.585,exact_mw,d68317bf2f4c69d73359111c5597779a07d8ed85f1f94573f1c8a2f6c683850d,"{""distance"":5,""physical_error_rate"":0.2}","{""detection_events"":2877,""detectors_checked"":7168,""obs_mistake_mask=E"":18}"
        16,         8,         0,   0.328,exact_mw,d68317bf2f4c69d73359111c5597779a07d8ed85f1f94573f1c8a2f6c683850d,"{""distance"":5,""physical_error_rate"":0.2}","{""detection_events"":1397,""detectors_checked"":3584,""obs_mistake_mask=E"":8}"
      4096,         0,         0,   0.074,exact_mw,cdc4a450a40af8e24899239080e4c40992fb5baf91c5a31ab3a165eacb3a1ab3,"{""distance"":5,""physical_error_rate"":0.0002}","{""detection_events"":808,""detectors_checked"":917504}"
        32,        16,         0,   0.821,exact_mw,7def73f725f8347dc4de7c57664b66d91778cc6018e33f45b3defe89c7a0cfc0,"{""distance"":5,""physical_error_rate"":0.1}","{""detection_events"":2004,""detectors_checked"":7168,""obs_mistake_mask=E"":16}"
      2048,         0,         0,   0.691,exact_mw,3208f56225bbcac0e2804eb6f92d0a8b681652a702ca1ec920ccd7367f0e0899,"{""distance"":5,""physical_error_rate"":0.002}","{""detection_events"":4181,""detectors_checked"":458752}"
     14336,         0,         0,   0.299,exact_mw,cb12ae119b9b2ba18d0216e7235b403229e92fd0743ede48fe7f1a2c6f45d594,"{""distance"":5,""physical_error_rate"":0.0005}","{""detection_events"":7305,""detectors_checked"":3211264}"
        16,         7,         0,   0.326,exact_mw,d68317bf2f4c69d73359111c5597779a07d8ed85f1f94573f1c8a2f6c683850d,"{""distance"":5,""physical_error_rate"":0.2}","{""detection_events"":1403,""detectors_checked"":3584,""obs_mistake_mask=E"":7}"
       256,         0,         0,   0.498,exact_mw,38b7ae1c4e8407fc325e0d9e43e9f92ff26dcb3f5cf7b98d24ea74c9e5188d39,"{""distance"":5,""physical_error_rate"":0.005}","{""detection_events"":1196,""detectors_checked"":57344}"
     11264,         0,         0,   0.406,exact_mw,bb90ec3459e353008cf9a5bb9142bf1e8515517a9e167021b225104594e48e8a,"{""distance"":5,""physical_error_rate"":0.001}","{""detection_events"":10764,""detectors_checked"":2523136}"
      1024,         0,         0,   0.188,exact_mw,3208f56225bbcac0e2804eb6f92d0a8b681652a702ca1ec920ccd7367f0e0899,"{""distance"":5,""physical_error_rate"":0.002}","{""detection_events"":1907,""detectors_checked"":229376}"
     67584,         0,         0,    1.13,exact_mw,70a969f5042aec17ac076c6379f4170fb7c69b8e925756ef3b7334e28a33338b,"{""distance"":5,""physical_error_rate"":0.0001}","{""detection_events"":6447,""detectors_checked"":15138816}"
      1024,         0,         0,   0.268,exact_mw,3208f56225bbcac0e2804eb6f92d0a8b681652a702ca1ec920ccd7367f0e0899,"{""distance"":5,""physical_error_rate"":0.002}","{""detection_events"":2053,""detectors_checked"":229376}"
      1024,         0,         0,   0.224,exact_mw,3208f56225bbcac0e2804eb6f92d0a8b681652a702ca1ec920ccd7367f0e0899,"{""distance"":5,""physical_error_rate"":0.002}","{""detection_events"":1996,""detectors_checked"":229376}"
      1024,         0,         0,   0.242,exact_mw,3208f56225bbcac0e2804eb6f92d0a8b681652a702ca1ec920ccd7367f0e0899,"{""distance"":5,""physical_error_rate"":0.002}","{""detection_events"":1868,""detectors_checked"":229376}"
        16,         8,         0,   0.358,exact_mw,14059eecea5f7bdc562c01e7682d53b775a747f80d40379178915ac673e3b6bb,"{""distance"":5,""physical_error_rate"":0.5}","{""detection_events"":1717,""detectors_checked"":3584,""obs_mistake_mask=E"":8}"
        16,        10,         0,   0.356,exact_mw,d68317bf2f4c69d73359111c5597779a07d8ed85f1f94573f1c8a2f6c683850d,"{""distance"":5,""physical_error_rate"":0.2}","{""detection_events"":1449,""detectors_checked"":3584,""obs_mistake_mask=E"":10}"
       256,         1,         0,   0.718,exact_mw,38b7ae1c4e8407fc325e0d9e43e9f92ff26dcb3f5cf7b98d24ea74c9e5188d39,"{""distance"":5,""physical_error_rate"":0.005}","{""detection_events"":1285,""detectors_checked"":57344,""obs_mistake_mask=E"":1}"
     25600,         0,         0,   0.382,exact_mw,cdc4a450a40af8e24899239080e4c40992fb5baf91c5a31ab3a165eacb3a1ab3,"{""distance"":5,""physical_error_rate"":0.0002}","{""detection_events"":5458,""detectors_checked"":5734400}"
      4096,         0,         0,   0.087,exact_mw,70a969f5042aec17ac076c6379f4170fb7c69b8e925756ef3b7334e28a33338b,"{""distance"":5,""physical_error_rate"":0.0001}","{""detection_events"":423,""detectors_checked"":917504}"
     26624,         0,         0,   0.386,exact_mw,cdc4a450a40af8e24899239080e4c40992fb5baf91c5a31ab3a165eacb3a1ab3,"{""distance"":5,""physical_error_rate"":0.0002}","{""detection_events"":5506,""detectors_checked"":5963776}"
        32,         1,         0,   0.548,exact_mw,7b4896c0e7f0a510554d89637fd747b157418067a95869d1f0661294d473d1dc,"{""distance"":5,""physical_error_rate"":0.02}","{""detection_events"":521,""detectors_checked"":7168,""obs_mistake_mask=E"":1}"
       256,         0,         0,   0.470,exact_mw,38b7ae1c4e8407fc325e0d9e43e9f92ff26dcb3f5cf7b98d24ea74c9e5188d39,"{""distance"":5,""physical_error_rate"":0.005}","{""detection_events"":1242,""detectors_checked"":57344}"
      1024,         0,         0,   0.334,exact_mw,3208f56225bbcac0e2804eb6f92d0a8b681652a702ca1ec920ccd7367f0e0899,"{""distance"":5,""physical_error_rate"":0.002}","{""detection_events"":1995,""detectors_checked"":229376}"
        16,        11,         0,   0.369,exact_mw,14059eecea5f7bdc562c01e7682d53b775a747f80d40379178915ac673e3b6bb,"{""distance"":5,""physical_error_rate"":0.5}","{""detection_events"":1749,""detectors_checked"":3584,""obs_mistake_mask=E"":11}"
        32,         8,         0,   0.467,exact_mw,7fd11737ba5953e5998cf5d5ab7672462ce2ff07a9ab0f8628176a3f70e7a095,"{""distance"":5,""physical_error_rate"":0.05}","{""detection_events"":1209,""detectors_checked"":7168,""obs_mistake_mask=E"":8}"
       128,         0,         0,   0.466,exact_mw,72230d8c06b5a71069df48ede6f7f3e6128cd83e8239dd1b2e5fe023578b6eb1,"{""distance"":5,""physical_error_rate"":0.01}","{""detection_events"":1203,""detectors_checked"":28672}"
         1,         0,         0,   0.025,exact_mw,3208f56225bbcac0e2804eb6f92d0a8b681652a702ca1ec920ccd7367f0e0899,"{""distance"":5,""physical_error_rate"":0.002}","{""detection_events"":2,""detectors_checked"":224}"
     22528,         0,         0,   0.396,exact_mw,cdc4a450a40af8e24899239080e4c40992fb5baf91c5a31ab3a165eacb3a1ab3,"{""distance"":5,""physical_error_rate"":0.0002}","{""detection_events"":4462,""detectors_checked"":5046272}"
      5120,         0,         0,   0.076,exact_mw,cdc4a450a40af8e24899239080e4c40992fb5baf91c5a31ab3a165eacb3a1ab3,"{""distance"":5,""physical_error_rate"":0.0002}","{""detection_events"":943,""detectors_checked"":1146880}"
      3072,         0,         0,   0.119,exact_mw,cb12ae119b9b2ba18d0216e7235b403229e92fd0743ede48fe7f1a2c6f45d594,"{""distance"":5,""physical_error_rate"":0.0005}","{""detection_events"":1673,""detectors_checked"":688128}"
       256,         0,         0,   0.529,exact_mw,38b7ae1c4e8407fc325e0d9e43e9f92ff26dcb3f5cf7b98d24ea74c9e5188d39,"{""distance"":5,""physical_error_rate"":0.005}","{""detection_events"":1185,""detectors_checked"":57344}"
     37888,         0,         0,   0.576,exact_mw,f32ebecd8e105e50ec838d33c5ed9b45444b6b44a3c6ac541111079f2b14e893,"{""distance"":5,""physical_error_rate"":5e-05}","{""detection_events"":1802,""detectors_checked"":8486912}"
        16,         8,         0,   0.329,exact_mw,d68317bf2f4c69d73359111c5597779a07d8ed85f1f94573f1c8a2f6c683850d,"{""distance"":5,""physical_error_rate"":0.2}","{""detection_events"":1368,""detectors_checked"":3584,""obs_mistake_mask=E"":8}"
        16,         2,         0,   0.292,exact_mw,7b4896c0e7f0a510554d89637fd747b157418067a95869d1f0661294d473d1dc,"{""distance"":5,""physical_error_rate"":0.02}","{""detection_events"":280,""detectors_checked"":3584,""obs_mistake_mask=E"":2}"
     23552,         0,         0,   0.568,exact_mw,cb12ae119b9b2ba18d0216e7235b403229e92fd0743ede48fe7f1a2c6f45d594,"{""distance"":5,""physical_error_rate"":0.0005}","{""detection_events"":11757,""detectors_checked"":5275648}"
     11264,         0,         0,   0.302,exact_mw,cb12ae119b9b2ba18d0216e7235b403229e92fd0743ede48fe7f1a2c6f45d594,"{""distance"":5,""physical_error_rate"":0.0005}","{""detection_events"":5498,""detectors_checked"":2523136}"
      5120,         0,         0,   0.149,exact_mw,cb12ae119b9b2ba18d0216e7235b403229e92fd0743ede48fe7f1a2c6f45d594,"{""distance"":5,""physical_error_rate"":0.0005}","{""detection_events"":2595,""detectors_checked"":1146880}"
        32,        13,         0,   0.648,exact_mw,7def73f725f8347dc4de7c57664b66d91778cc6018e33f45b3defe89c7a0cfc0,"{""distance"":5,""physical_error_rate"":0.1}","{""detection_events"":2065,""detectors_checked"":7168,""obs_mistake_mask=E"":13}"
        32,        18,         0,   0.650,exact_mw,d68317bf2f4c69d73359111c5597779a07d8ed85f1f94573f1c8a2f6c683850d,"{""distance"":5,""physical_error_rate"":0.2}","{""detection_events"":2789,""detectors_checked"":7168,""obs_mistake_mask=E"":18}"
      6144,         0,         0,   0.420,exact_mw,bb90ec3459e353008cf9a5bb9142bf1e8515517a9e167021b225104594e48e8a,"{""distance"":5,""physical_error_rate"":0.001}","{""detection_events"":5999,""detectors_checked"":1376256}"
        32,        20,         0,   0.528,exact_mw,d68317bf2f4c69d73359111c5597779a07d8ed85f1f94573f1c8a2f6c683850d,"{""distance"":5,""physical_error_rate"":0.2}","{""detection_events"":2869,""detectors_checked"":7168,""obs_mistake_mask=E"":20}"
        16,         8,         0,   0.347,exact_mw,14059eecea5f7bdc562c01e7682d53b775a747f80d40379178915ac673e3b6bb,"{""distance"":5,""physical_error_rate"":0.5}","{""detection_events"":1787,""detectors_checked"":3584,""obs_mistake_mask=E"":8}"
        32,         6,         0,   0.576,exact_mw,7fd11737ba5953e5998cf5d5ab7672462ce2ff07a9ab0f8628176a3f70e7a095,"{""distance"":5,""physical_error_rate"":0.05}","{""detection_events"":1275,""detectors_checked"":7168,""obs_mistake_mask=E"":6}"
        16,         8,         0,   0.145,exact_mw,d68317bf2f4c69d73359111c5597779a07d8ed85f1f94573f1c8a2f6c683850d,"{""distance"":5,""physical_error_rate"":0.2}","{""detection_events"":1415,""detectors_checked"":3584,""obs_mistake_mask=E"":8}"
        32,         1,         0,   0.554,exact_mw,7b4896c0e7f0a510554d89637fd747b157418067a95869d1f0661294d473d1dc,"{""distance"":5,""physical_error_rate"":0.02}","{""detection_events"":580,""detectors_checked"":7168,""obs_mistake_mask=E"":1}"
        32,         9,         0,   0.640,exact_mw,7fd11737ba5953e5998cf5d5ab7672462ce2ff07a9ab0f8628176a3f70e7a095,"{""distance"":5,""physical_error_rate"":0.05}","{""detection_events"":1247,""detectors_checked"":7168,""obs_mistake_mask=E"":9}"
      7168,         0,         0,   0.121,exact_mw,70a969f5042aec17ac076c6379f4170fb7c69b8e925756ef3b7334e28a33338b,"{""distance"":5,""physical_error_rate"":0.0001}","{""detection_events"":690,""detectors_checked"":1605632}"
       256,         0,         0,   0.676,exact_mw,38b7ae1c4e8407fc325e0d9e43e9f92ff26dcb3f5cf7b98d24ea74c9e5188d39,"{""distance"":5,""physical_error_rate"":0.005}","{""detection_events"":1198,""detectors_checked"":57344}"
       272,         0,         0,   0.118,exact_mw,3208f56225bbcac0e2804eb6f92d0a8b681652a702ca1ec920ccd7367f0e0899,"{""distance"":5,""physical_error_rate"":0.002}","{""detection_events"":580,""detectors_checked"":60928}"
     52224,         0,         0,   0.804,exact_mw,70a969f5042aec17ac076c6379f4170fb7c69b8e925756ef3b7334e28a33338b,"{""distance"":5,""physical_error_rate"":0.0001}","{""detection_events"":5128,""detectors_checked"":11698176}"
     44032,         0,         0,   0.804,exact_mw,cb12ae119b9b2ba18d0216e7235b403229e92fd0743ede48fe7f1a2c6f45d594,"{""distance"":5,""physical_error_rate"":0.0005}","{""detection_events"":22163,""detectors_checked"":9863168}"
     26624,         0,         0,   0.404,exact_mw,70a969f5042aec17ac076c6379f4170fb7c69b8e925756ef3b7334e28a33338b,"{""distance"":5,""physical_error_rate"":0.0001}","{""detection_events"":2556,""detectors_checked"":5963776}"
      1024,         0,         0,   0.333,exact_mw,3208f56225bbcac0e2804eb6f92d0a8b681652a702ca1ec920ccd7367f0e0899,"{""distance"":5,""physical_error_rate"":0.002}","{""detection_events"":1901,""detectors_checked"":229376}"
      8192,         0,         0,   0.125,exact_mw,cdc4a450a40af8e24899239080e4c40992fb5baf91c5a31ab3a165eacb3a1ab3,"{""distance"":5,""physical_error_rate"":0.0002}","{""detection_events"":1658,""detectors_checked"":1835008}"
        32,         7,         0,   0.691,exact_mw,7fd11737ba5953e5998cf5d5ab7672462ce2ff07a9ab0f8628176a3f70e7a095,"{""distance"":5,""physical_error_rate"":0.05}","{""detection_events"":1169,""detectors_checked"":7168,""obs_mistake_mask=E"":7}"
        64,         1,         0,   0.547,exact_mw,72230d8c06b5a71069df48ede6f7f3e6128cd83e8239dd1b2e5fe023578b6eb1,"{""distance"":5,""physical_error_rate"":0.01}","{""detection_events"":592,""detectors_checked"":14336,""obs_mistake_mask=E"":1}"
        64,         1,         0,   0.544,exact_mw,72230d8c06b5a71069df48ede6f7f3e6128cd83e8239dd1b2e5fe023578b6eb1,"{""distance"":5,""physical_error_rate"":0.01}","{""detection_events"":617,""detectors_checked"":14336,""obs_mistake_mask=E"":1}"
        32,         2,         0,   0.334,exact_mw,7b4896c0e7f0a510554d89637fd747b157418067a95869d1f0661294d473d1dc,"{""distance"":5,""physical_error_rate"":0.02}","{""detection_events"":514,""detectors_checked"":7168,""obs_mistake_mask=E"":2}"
     19456,         0,         0,   0.297,exact_mw,f32ebecd8e105e50ec838d33c5ed9b45444b6b44a3c6ac541111079f2b14e893,"{""distance"":5,""physical_error_rate"":5e-05}","{""detection_events"":1015,""detectors_checked"":4358144}"
        32,        15,         0,   0.517,exact_mw,d68317bf2f4c69d73359111c5597779a07d8ed85f1f94573f1c8a2f6c683850d,"{""distance"":5,""physical_error_rate"":0.2}","{""detection_events"":2871,""detectors_checked"":7168,""obs_mistake_mask=E"":15}"
     47104,         0,         0,   0.792,exact_mw,cdc4a450a40af8e24899239080e4c40992fb5baf91c5a31ab3a165eacb3a1ab3,"{""distance"":5,""physical_error_rate"":0.0002}","{""detection_events"":9135,""detectors_checked"":10551296}"
     45056,         0,         0,   0.807,exact_mw,cdc4a450a40af8e24899239080e4c40992fb5baf91c5a31ab3a165eacb3a1ab3,"{""distance"":5,""physical_error_rate"":0.0002}","{""detection_events"":8937,""detectors_checked"":10092544}"
        32,        19,         0,   0.733,exact_mw,7def73f725f8347dc4de7c57664b66d91778cc6018e33f45b3defe89c7a0cfc0,"{""distance"":5,""physical_error_rate"":0.1}","{""detection_events"":2071,""detectors_checked"":7168,""obs_mistake_mask=E"":19}"
     15360,         0,         0,   0.297,exact_mw,cdc4a450a40af8e24899239080e4c40992fb5baf91c5a31ab3a165eacb3a1ab3,"{""distance"":5,""physical_error_rate"":0.0002}","{""detection_events"":3244,""detectors_checked"":3440640}"
        16,         7,         0,   0.377,exact_mw,14059eecea5f7bdc562c01e7682d53b775a747f80d40379178915ac673e3b6bb,"{""distance"":5,""physical_error_rate"":0.5}","{""detection_events"":1812,""detectors_checked"":3584,""obs_mistake_mask=E"":7}"
      7168,         0,         0,   0.180,exact_mw,cb12ae119b9b2ba18d0216e7235b403229e92fd0743ede48fe7f1a2c6f45d594,"{""distance"":5,""physical_error_rate"":0.0005}","{""detection_events"":3562,""detectors_checked"":1605632}"
     25600,         0,         0,   0.308,exact_mw,cdc4a450a40af8e24899239080e4c40992fb5baf91c5a31ab3a165eacb3a1ab3,"{""distance"":5,""physical_error_rate"":0.0002}","{""detection_events"":5027,""detectors_checked"":5734400}"
        64,         0,         0,   0.578,exact_mw,72230d8c06b5a71069df48ede6f7f3e6128cd83e8239dd1b2e5fe023578b6eb1,"{""distance"":5,""physical_error_rate"":0.01}","{""detection_events"":579,""detectors_checked"":14336}"
        16,         3,         0,   0.360,exact_mw,7fd11737ba5953e5998cf5d5ab7672462ce2ff07a9ab0f8628176a3f70e7a095,"{""distance"":5,""physical_error_rate"":0.05}","{""detection_events"":651,""detectors_checked"":3584,""obs_mistake_mask=E"":3}"
        16,         9,         0,   0.322,exact_mw,7def73f725f8347dc4de7c57664b66d91778cc6018e33f45b3defe89c7a0cfc0,"{""distance"":5,""physical_error_rate"":0.1}","{""detection_events"":987,""detectors_checked"":3584,""obs_mistake_mask=E"":9}"
     23552,         0,         0,   0.420,exact_mw,70a969f5042aec17ac076c6379f4170fb7c69b8e925756ef3b7334e28a33338b,"{""distance"":5,""physical_error_rate"":0.0001}","{""detection_events"":2288,""detectors_checked"":5275648}"
      1024,         0,         0,   0.274,exact_mw,3208f56225bbcac0e2804eb6f92d0a8b681652a702ca1ec920ccd7367f0e0899,"{""distance"":5,""physical_error_rate"":0.002}","{""detection_events"":1891,""detectors_checked"":229376}"
        32,         2,         0,   0.499,exact_mw,7b4896c0e7f0a510554d89637fd747b157418067a95869d1f0661294d473d1dc,"{""distance"":5,""physical_error_rate"":0.02}","{""detection_events"":573,""detectors_checked"":7168,""obs_mistake_mask=E"":2}"
      7168,         0,         0,   0.209,exact_mw,cb12ae119b9b2ba18d0216e7235b403229e92fd0743ede48fe7f1a2c6f45d594,"{""distance"":5,""physical_error_rate"":0.0005}","{""detection_events"":3588,""detectors_checked"":1605632}"
        32,        16,         0,   0.647,exact_mw,7def73f725f8347dc4de7c57664b66d91778cc6018e33f45b3defe89c7a0cfc0,"{""distance"":5,""physical_error_rate"":0.1}","{""detection_events"":1938,""detectors_checked"":7168,""obs_mistake_mask=E"":16}"
        32,         0,         0,   0.495,exact_mw,7b4896c0e7f0a510554d89637fd747b157418067a95869d1f0661294d473d1dc,"{""distance"":5,""physical_error_rate"":0.02}","{""detection_events"":508,""detectors_checked"":7168}"
      1024,         0,         0,   0.300,exact_mw,3208f56225bbcac0e2804eb6f92d0a8b681652a702ca1ec920ccd7367f0e0899,"{""distance"":5,""physical_error_rate"":0.002}","{""detection_events"":1962,""detectors_checked"":229376}"
     60416,         0,         0,    1.08,exact_mw,cdc4a450a40af8e24899239080e4c40992fb5baf91c5a31ab3a165eacb3a1ab3,"{""distance"":5,""physical_error_rate"":0.0002}","{""detection_events"":12078,""detectors_checked"":13533184}"
      1024,         0,         0,   0.299,exact_mw,3208f56225bbcac0e2804eb6f92d0a8b681652a702ca1ec920ccd7367f0e0899,"{""distance"":5,""physical_error_rate"":0.002}","{""detection_events"":2106,""detectors_checked"":229376}"
        64,         3,         0,   0.817,exact_mw,7b4896c0e7f0a510554d89637fd747b157418067a95869d1f0661294d473d1dc,"{""distance"":5,""physical_error_rate"":0.02}","{""detection_events"":1106,""detectors_checked"":14336,""obs_mistake_mask=E"":3}"
      8192,         0,         0,   0.178,exact_mw,70a969f5042aec17ac076c6379f4170fb7c69b8e925756ef3b7334e28a33338b,"{""distance"":5,""physical_error_rate"":0.0001}","{""detection_events"":767,""detectors_checked"":1835008}"
        16,         8,         0,   0.418,exact_mw,7def73f725f8347dc4de7c57664b66d91778cc6018e33f45b3defe89c7a0cfc0,"{""distance"":5,""physical_error_rate"":0.1}","{""detection_events"":1000,""detectors_checked"":3584,""obs_mistake_mask=E"":8}"
      8192,         0,         0,   0.149,exact_mw,cdc4a450a40af8e24899239080e4c40992fb5baf91c5a31ab3a165eacb3a1ab3,"{""distance"":5,""physical_error_rate"":0.0002}","{""detection_events"":1740,""detectors_checked"":1835008}"
        32,        11,         0,   0.666,exact_mw,14059eecea5f7bdc562c01e7682d53b775a747f80d40379178915ac673e3b6bb,"{""distance"":5,""physical_error_rate"":0.5}","{""detection_events"":3522,""detectors_checked"":7168,""obs_mistake_mask=E"":11}"
        16,         5,         0,   0.347,exact_mw,d68317bf2f4c69d73359111c5597779a07d8ed85f1f94573f1c8a2f6c683850d,"{""distance"":5,""physical_error_rate"":0.2}","{""detection_events"":1418,""detectors_checked"":3584,""obs_mistake_mask=E"":5}"
        32,        15,         0,   0.786,exact_mw,14059eecea5f7bdc562c01e7682d53b775a747f80d40379178915ac673e3b6bb,"{""distance"":5,""physical_error_rate"":0.5}","{""detection_events"":3535,""detectors_checked"":7168,""obs_mistake_mask=E"":15}"
        64,         2,         0,   0.689,exact_mw,72230d8c06b5a71069df48ede6f7f3e6128cd83e8239dd1b2e5fe023578b6eb1,"{""distance"":5,""physical_error_rate"":0.01}","{""detection_events"":650,""detectors_checked"":14336,""obs_mistake_mask=E"":2}"
       256,         0,         0,   0.574,exact_mw,38b7ae1c4e8407fc325e0d9e43e9f92ff26dcb3f5cf7b98d24ea74c9e5188d39,"{""distance"":5,""physical_error_rate"":0.005}","{""detection_events"":1232,""detectors_checked"":57344}"
        32,         7,         0,   0.694,exact_mw,7fd11737ba5953e5998cf5d5ab7672462ce2ff07a9ab0f8628176a3f70e7a095,"{""distance"":5,""physical_error_rate"":0.05}","{""detection_events"":1275,""detectors_checked"":7168,""obs_mistake_mask=E"":7}"
        16,         8,         0,   0.328,exact_mw,14059eecea5f7bdc562c01e7682d53b775a747f80d40379178915ac673e3b6bb,"{""distance"":5,""physical_error_rate"":0.5}","{""detection_events"":1824,""detectors_checked"":3584,""obs_mistake_mask=E"":8}"
     40960,         0,         0,   0.737,exact_mw,f32ebecd8e105e50ec838d33c5ed9b45444b6b44a3c6ac541111079f2b14e893,"{""distance"":5,""physical_error_rate"":5e-05}","{""detection_events"":2135,""detectors_checked"":9175040}"
        32,        15,         0,   0.524,exact_mw,14059eecea5f7bdc562c01e7682d53b775a747f80d40379178915ac673e3b6bb,"{""distance"":5,""physical_error_rate"":0.5}","{""detection_events"":3616,""detectors_checked"":7168,""obs_mistake_mask=E"":15}"
         1,         0,         0,   0.037,exact_mw,bb90ec3459e353008cf9a5bb9142bf1e8515517a9e167021b225104594e48e8a,"{""distance"":5,""physical_error_rate"":0.001}","{""detection_events"":2,""detectors_checked"":224}"
     61440,         0,         0,    1.09,exact_mw,70a969f5042aec17ac076c6379f4170fb7c69b8e925756ef3b7334e28a33338b,"{""distance"":5,""physical_error_rate"":0.0001}","{""detection_events"":6114,""detectors_checked"":13762560}"
        32,        14,         0,   0.865,exact_mw,14059eecea5f7bdc562c01e7682d53b775a747f80d40379178915ac673e3b6bb,"{""distance"":5,""physical_error_rate"":0.5}","{""detection_events"":3561,""detectors_checked"":7168,""obs_mistake_mask=E"":14}"
     11264,         0,         0,   0.602,exact_mw,bb90ec3459e353008cf9a5bb9142bf1e8515517a9e167021b225104594e48e8a,"{""distance"":5,""physical_error_rate"":0.001}","{""detection_events"":11063,""detectors_checked"":2523136}"
      2048,         1,         0,   0.718,exact_mw,3208f56225bbcac0e2804eb6f92d0a8b681652a702ca1ec920ccd7367f0e0899,"{""distance"":5,""physical_error_rate"":0.002}","{""detection_events"":3961,""detectors_checked"":458752,""obs_mistake_mask=E"":1}"
      1024,         0,         0,   0.357,exact_mw,3208f56225bbcac0e2804eb6f92d0a8b681652a702ca1ec920ccd7367f0e0899,"{""distance"":5,""physical_error_rate"":0.002}","{""detection_events"":2198,""detectors_checked"":229376}"
       256,         0,         0,   0.810,exact_mw,38b7ae1c4e8407fc325e0d9e43e9f92ff26dcb3f5cf7b98d24ea74c9e5188d39,"{""distance"":5,""physical_error_rate"":0.005}","{""detection_events"":1339,""detectors_checked"":57344}"
     67584,         0,         0,    1.08,exact_mw,70a969f5042aec17ac076c6379f4170fb7c69b8e925756ef3b7334e28a33338b,"{""distance"":5,""physical_error_rate"":0.0001}","{""detection_events"":6818,""detectors_checked"":15138816}"
        64,         3,         0,   0.746,exact_mw,7b4896c0e7f0a510554d89637fd747b157418067a95869d1f0661294d473d1dc,"{""distance"":5,""physical_error_rate"":0.02}","{""detection_events"":1032,""detectors_checked"":14336,""obs_mistake_mask=E"":3}"
        16,         9,         0,   0.326,exact_mw,d68317bf2f4c69d73359111c5597779a07d8ed85f1f94573f1c8a2f6c683850d,"{""distance"":5,""physical_error_rate"":0.2}","{""detection_events"":1386,""detectors_checked"":3584,""obs_mistake_mask=E"":9}"
        32,        15,         0,   0.836,exact_mw,d68317bf2f4c69d73359111c5597779a07d8ed85f1f94573f1c8a2f6c683850d,"{""distance"":5,""physical_error_rate"":0.2}","{""detection_events"":2867,""detectors_checked"":7168,""obs_mistake_mask=E"":15}"
        32,        16,         0,   0.646,exact_mw,7def73f725f8347dc4de7c57664b66d91778cc6018e33f45b3defe89c7a0cfc0,"{""distance"":5,""physical_error_rate"":0.1}","{""detection_events"":2040,""detectors_checked"":7168,""obs_mistake_mask=E"":16}"
      1024,         0,         0,   0.389,exact_mw,3208f56225bbcac0e2804eb6f92d0a8b681652a702ca1ec920ccd7367f0e0899,"{""distance"":5,""physical_error_rate"":0.002}","{""detection_events"":2086,""detectors_checked"":229376}"
      9216,         1,         0,   0.574,exact_mw,bb90ec3459e353008cf9a5bb9142bf1e8515517a9e167021b225104594e48e8a,"{""distance"":5,""physical_error_rate"":0.001}","{""detection_events"":9056,""detectors_checked"":2064384,""obs_mistake_mask=E"":1}"
        16,         8,         0,   0.391,exact_mw,d68317bf2f4c69d73359111c5597779a07d8ed85f1f94573f1c8a2f6c683850d,"{""distance"":5,""physical_error_rate"":0.2}","{""detection_events"":1378,""detectors_checked"":3584,""obs_mistake_mask=E"":8}"
     18432,         0,         0,   0.424,exact_mw,cb12ae119b9b2ba18d0216e7235b403229e92fd0743ede48fe7f1a2c6f45d594,"{""distance"":5,""physical_error_rate"":0.0005}","{""detection_events"":9414,""detectors_checked"":4128768}"
       128,         0,         0,   0.775,exact_mw,72230d8c06b5a71069df48ede6f7f3e6128cd83e8239dd1b2e5fe023578b6eb1,"{""distance"":5,""physical_error_rate"":0.01}","{""detection_events"":1166,""detectors_checked"":28672}"
       256,         1,         0,   0.926,exact_mw,38b7ae1c4e8407fc325e0d9e43e9f92ff26dcb3f5cf7b98d24ea74c9e5188d39,"{""distance"":5,""physical_error_rate"":0.005}","{""detection_events"":1226,""detectors_checked"":57344,""obs_mistake_mask=E"":1}"
     28672,         0,         0,   0.776,exact_mw,cb12ae119b9b2ba18d0216e7235b403229e92fd0743ede48fe7f1a2c6f45d594,"{""distance"":5,""physical_error_rate"":0.0005}","{""detection_events"":13926,""detectors_checked"":6422528}"
        32,         8,         0,   0.694,exact_mw,7fd11737ba5953e5998cf5d5ab7672462ce2ff07a9ab0f8628176a3f70e7a095,"{""distance"":5,""physical_error_rate"":0.05}","{""detection_events"":1191,""detectors_checked"":7168,""obs_mistake_mask=E"":8}"
        32,         4,         0,   0.598,exact_mw,7fd11737ba5953e5998cf5d5ab7672462ce2ff07a9ab0f8628176a3f70e7a095,"{""distance"":5,""physical_error_rate"":0.05}","{""detection_events"":1217,""detectors_checked"":7168,""obs_mistake_mask=E"":4}"
        16,         6,         0,   0.419,exact_mw,14059eecea5f7bdc562c01e7682d53b775a747f80d40379178915ac673e3b6bb,"{""distance"":5,""physical_error_rate"":0.5}","{""detection_events"":1799,""detectors_checked"":3584,""obs_mistake_mask=E"":6}"
      8192,         0,         0,   0.209,exact_mw,cb12ae119b9b2ba18d0216e7235b403229e92fd0743ede48fe7f1a2c6f45d594,"{""distance"":5,""physical_error_rate"":0.0005}","{""detection_events"":3892,""detectors_checked"":1835008}"
        32,         5,         0,   0.563,exact_mw,7fd11737ba5953e5998cf5d5ab7672462ce2ff07a9ab0f8628176a3f70e7a095,"{""distance"":5,""physical_error_rate"":0.05}","{""detection_events"":1234,""detectors_checked"":7168,""obs_mistake_mask=E"":5}"
        16,         9,         0,   0.353,exact_mw,14059eecea5f7bdc562c01e7682d53b775a747f80d40379178915ac673e3b6bb,"{""distance"":5,""physical_error_rate"":0.5}","{""detection_events"":1810,""detectors_checked"":3584,""obs_mistake_mask=E"":9}"
      1024,         0,         0,   0.301,exact_mw,3208f56225bbcac0e2804eb6f92d0a8b681652a702ca1ec920ccd7367f0e0899,"{""distance"":5,""physical_error_rate"":0.002}","{""detection_events"":2014,""detectors_checked"":229376}"
      1296,         0,         0,   0.099,exact_mw,bb90ec3459e353008cf9a5bb9142bf1e8515517a9e167021b225104594e48e8a,"{""distance"":5,""physical_error_rate"":0.001}","{""detection_events"":1299,""detectors_checked"":290304}"
        32,         1,         0,   0.499,exact_mw,7b4896c0e7f0a510554d89637fd747b157418067a95869d1f0661294d473d1dc,"{""distance"":5,""physical_error_rate"":0.02}","{""detection_events"":572,""detectors_checked"":7168,""obs_mistake_mask=E"":1}"
    230400,         0,         0,    1.54,exact_mw,70a969f5042aec17ac076c6379f4170fb7c69b8e925756ef3b7334e28a33338b,"{""distance"":5,""physical_error_rate"":0.0001}","{""detection_events"":22185,""detectors_checked"":51609600}"
        32,         6,         0,   0.780,exact_mw,7def73f725f8347dc4de7c57664b66d91778cc6018e33f45b3defe89c7a0cfc0,"{""distance"":5,""physical_error_rate"":0.1}","{""detection_events"":2017,""detectors_checked"":7168,""obs_mistake_mask=E"":6}"
        32,         5,         0,   0.451,exact_mw,7fd11737ba5953e5998cf5d5ab7672462ce2ff07a9ab0f8628176a3f70e7a095,"{""distance"":5,""physical_error_rate"":0.05}","{""detection_events"":1222,""detectors_checked"":7168,""obs_mistake_mask=E"":5}"
     48128,         0,         0,   0.581,exact_mw,f32ebecd8e105e50ec838d33c5ed9b45444b6b44a3c6ac541111079f2b14e893,"{""distance"":5,""physical_error_rate"":5e-05}","{""detection_events"":2263,""detectors_checked"":10780672}"
     41984,         0,         0,   0.815,exact_mw,f32ebecd8e105e50ec838d33c5ed9b45444b6b44a3c6ac541111079f2b14e893,"{""distance"":5,""physical_error_rate"":5e-05}","{""detection_events"":2236,""detectors_checked"":9404416}"
        64,        34,         0,    1.37,exact_mw,7def73f725f8347dc4de7c57664b66d91778cc6018e33f45b3defe89c7a0cfc0,"{""distance"":5,""physical_error_rate"":0.1}","{""detection_events"":3958,""detectors_checked"":14336,""obs_mistake_mask=E"":34}"
     17408,         0,         0,   0.420,exact_mw,cb12ae119b9b2ba18d0216e7235b403229e92fd0743ede48fe7f1a2c6f45d594,"{""distance"":5,""physical_error_rate"":0.0005}","{""detection_events"":8542,""detectors_checked"":3899392}"
       256,         1,         0,   0.577,exact_mw,38b7ae1c4e8407fc325e0d9e43e9f92ff26dcb3f5cf7b98d24ea74c9e5188d39,"{""distance"":5,""physical_error_rate"":0.005}","{""detection_events"":1161,""detectors_checked"":57344,""obs_mistake_mask=E"":1}"
        32,        17,         0,   0.659,exact_mw,14059eecea5f7bdc562c01e7682d53b775a747f80d40379178915ac673e3b6bb,"{""distance"":5,""physical_error_rate"":0.5}","{""detection_events"":3623,""detectors_checked"":7168,""obs_mistake_mask=E"":17}"
      1024,         0,         0,   0.329,exact_mw,3208f56225bbcac0e2804eb6f92d0a8b681652a702ca1ec920ccd7367f0e0899,"{""distance"":5,""physical_error_rate"":0.002}","{""detection_events"":2060,""detectors_checked"":229376}"
       256,         1,         0,   0.496,exact_mw,38b7ae1c4e8407fc325e0d9e43e9f92ff26dcb3f5cf7b98d24ea74c9e5188d39,"{""distance"":5,""physical_error_rate"":0.005}","{""detection_events"":1129,""detectors_checked"":57344,""obs_mistake_mask=E"":1}"
        64,         0,         0,   0.659,exact_mw,72230d8c06b5a71069df48ede6f7f3e6128cd83e8239dd1b2e5fe023578b6eb1,"{""distance"":5,""physical_error_rate"":0.01}","{""detection_events"":609,""detectors_checked"":14336}"
        32,         2,         0,   0.335,exact_mw,7b4896c0e7f0a510554d89637fd747b157418067a95869d1f0661294d473d1dc,"{""distance"":5,""physical_error_rate"":0.02}","{""detection_events"":475,""detectors_checked"":7168,""obs_mistake_mask=E"":2}"
     11264,         0,         0,   0.212,exact_mw,70a969f5042aec17ac076c6379f4170fb7c69b8e925756ef3b7334e28a33338b,"{""distance"":5,""physical_error_rate"":0.0001}","{""detection_events"":1199,""detectors_checked"":2523136}"
        32,         0,         0,   0.511,exact_mw,7b4896c0e7f0a510554d89637fd747b157418067a95869d1f0661294d473d1dc,"{""distance"":5,""physical_error_rate"":0.02}","{""detection_events"":529,""detectors_checked"":7168}"
      3072,         0,         0,   0.958,exact_mw,3208f56225bbcac0e2804eb6f92d0a8b681652a702ca1ec920ccd7367f0e0899,"{""distance"":5,""physical_error_rate"":0.002}","{""detection_events"":6093,""detectors_checked"":688128}"
     14336,         1,         0,   0.838,exact_mw,bb90ec3459e353008cf9a5bb9142bf1e8515517a9e167021b225104594e48e8a,"{""distance"":5,""physical_error_rate"":0.001}","{""detection_events"":13798,""detectors_checked"":3211264,""obs_mistake_mask=E"":1}"
     32768,         0,         0,   0.800,exact_mw,cb12ae119b9b2ba18d0216e7235b403229e92fd0743ede48fe7f1a2c6f45d594,"{""distance"":5,""physical_error_rate"":0.0005}","{""detection_events"":15712,""detectors_checked"":7340032}"
     13312,         0,         0,   0.202,exact_mw,cdc4a450a40af8e24899239080e4c40992fb5baf91c5a31ab3a165eacb3a1ab3,"{""distance"":5,""physical_error_rate"":0.0002}","{""detection_events"":2586,""detectors_checked"":2981888}"
      1024,         0,         0,   0.275,exact_mw,3208f56225bbcac0e2804eb6f92d0a8b681652a702ca1ec920ccd7367f0e0899,"{""distance"":5,""physical_error_rate"":0.002}","{""detection_events"":1920,""detectors_checked"":229376}"
      1024,         0,         0,   0.098,exact_mw,bb90ec3459e353008cf9a5bb9142bf1e8515517a9e167021b225104594e48e8a,"{""distance"":5,""physical_error_rate"":0.001}","{""detection_events"":1029,""detectors_checked"":229376}"
        16,        10,         0,   0.303,exact_mw,7def73f725f8347dc4de7c57664b66d91778cc6018e33f45b3defe89c7a0cfc0,"{""distance"":5,""physical_error_rate"":0.1}","{""detection_events"":969,""detectors_checked"":3584,""obs_mistake_mask=E"":10}"
       256,         0,         0,   0.545,exact_mw,38b7ae1c4e8407fc325e0d9e43e9f92ff26dcb3f5cf7b98d24ea74c9e5188d39,"{""distance"":5,""physical_error_rate"":0.005}","{""detection_events"":1258,""detectors_checked"":57344}"
       128,         1,         0,   0.929,exact_mw,72230d8c06b5a71069df48ede6f7f3e6128cd83e8239dd1b2e5fe023578b6eb1,"{""distance"":5,""physical_error_rate"":0.01}","{""detection_events"":1067,""detectors_checked"":28672,""obs_mistake_mask=E"":1}"
         1,         0,         0,   0.049,exact_mw,7b4896c0e7f0a510554d89637fd747b157418067a95869d1f0661294d473d1dc,"{""distance"":5,""physical_error_rate"":0.02}","{""detection_events"":22,""detectors_checked"":224}"
      1024,         0,         0,   0.276,exact_mw,3208f56225bbcac0e2804eb6f92d0a8b681652a702ca1ec920ccd7367f0e0899,"{""distance"":5,""physical_error_rate"":0.002}","{""detection_events"":1965,""detectors_checked"":229376}"
     14336,         1,         0,   0.588,exact_mw,bb90ec3459e353008cf9a5bb9142bf1e8515517a9e167021b225104594e48e8a,"{""distance"":5,""physical_error_rate"":0.001}","{""detection_events"":14169,""detectors_checked"":3211264,""obs_mistake_mask=E"":1}"
     11264,         0,         0,   0.276,exact_mw,cb12ae119b9b2ba18d0216e7235b403229e92fd0743ede48fe7f1a2c6f45d594,"{""distance"":5,""physical_error_rate"":0.0005}","{""detection_events"":5608,""detectors_checked"":2523136}"
     33792,         0,         0,   0.532,exact_mw,cdc4a450a40af8e24899239080e4c40992fb5baf91c5a31ab3a165eacb3a1ab3,"{""distance"":5,""physical_error_rate"":0.0002}","{""detection_events"":6686,""detectors_checked"":7569408}"
     36864,         0,         0,   0.564,exact_mw,cdc4a450a40af8e24899239080e4c40992fb5baf91c5a31ab3a165eacb3a1ab3,"{""distance"":5,""physical_error_rate"":0.0002}","{""detection_events"":7165,""detectors_checked"":8257536}"
        32,        12,         0,   0.625,exact_mw,7def73f725f8347dc4de7c57664b66d91778cc6018e33f45b3defe89c7a0cfc0,"{""distance"":5,""physical_error_rate"":0.1}","{""detection_events"":1976,""detectors_checked"":7168,""obs_mistake_mask=E"":12}"
        32,         0,         0,   0.513,exact_mw,7b4896c0e7f0a510554d89637fd747b157418067a95869d1f0661294d473d1dc,"{""distance"":5,""physical_error_rate"":0.02}","{""detection_events"":511,""detectors_checked"":7168}"
       128,         0,         0,   0.573,exact_mw,72230d8c06b5a71069df48ede6f7f3e6128cd83e8239dd1b2e5fe023578b6eb1,"{""distance"":5,""physical_error_rate"":0.01}","{""detection_events"":1148,""detectors_checked"":28672}"
       256,         0,         0,   0.614,exact_mw,38b7ae1c4e8407fc325e0d9e43e9f92ff26dcb3f5cf7b98d24ea74c9e5188d39,"{""distance"":5,""physical_error_rate"":0.005}","{""detection_events"":1272,""detectors_checked"":57344}"
        16,         6,         0,   0.381,exact_mw,14059eecea5f7bdc562c01e7682d53b775a747f80d40379178915ac673e3b6bb,"{""distance"":5,""physical_error_rate"":0.5}","{""detection_events"":1765,""detectors_checked"":3584,""obs_mistake_mask=E"":6}"
     35840,         0,         0,   0.572,exact_mw,cdc4a450a40af8e24899239080e4c40992fb5baf91c5a31ab3a165eacb3a1ab3,"{""distance"":5,""physical_error_rate"":0.0002}","{""detection_events"":7038,""detectors_checked"":8028160}"
     28672,         0,         0,   0.426,exact_mw,f32ebecd8e105e50ec838d33c5ed9b45444b6b44a3c6ac541111079f2b14e893,"{""distance"":5,""physical_error_rate"":5e-05}","{""detection_events"":1488,""detectors_checked"":6422528}"
        32,        15,         0,   0.528,exact_mw,d68317bf2f4c69d73359111c5597779a07d8ed85f1f94573f1c8a2f6c683850d,"{""distance"":5,""physical_error_rate"":0.2}","{""detection_events"":2844,""detectors_checked"":7168,""obs_mistake_mask=E"":15}"
         1,         1,         0,   0.026,exact_mw,d68317bf2f4c69d73359111c5597779a07d8ed85f1f94573f1c8a2f6c683850d,"{""distance"":5,""physical_error_rate"":0.2}","{""detection_events"":80,""detectors_checked"":224,""obs_mistake_mask=E"":1}"
        16,         6,         0,   0.386,exact_mw,7fd11737ba5953e5998cf5d5ab7672462ce2ff07a9ab0f8628176a3f70e7a095,"{""distance"":5,""physical_error_rate"":0.05}","{""detection_events"":660,""detectors_checked"":3584,""obs_mistake_mask=E"":6}"
        64,        38,         0,   0.534,exact_mw,d68317bf2f4c69d73359111c5597779a07d8ed85f1f94573f1c8a2f6c683850d,"{""distance"":5,""physical_error_rate"":0.2}","{""detection_events"":5773,""detectors_checked"":14336,""obs_mistake_mask=E"":38}"
     21504,         0,         0,   0.419,exact_mw,cdc4a450a40af8e24899239080e4c40992fb5baf91c5a31ab3a165eacb3a1ab3,"{""distance"":5,""physical_error_rate"":0.0002}","{""detection_events"":4215,""detectors_checked"":4816896}"
      2048,         0,         0,   0.677,exact_mw,3208f56225bbcac0e2804eb6f92d0a8b681652a702ca1ec920ccd7367f0e0899,"{""distance"":5,""physical_error_rate"":0.002}","{""detection_events"":4058,""detectors_checked"":458752}"
        32,        14,         0,   0.673,exact_mw,d68317bf2f4c69d73359111c5597779a07d8ed85f1f94573f1c8a2f6c683850d,"{""distance"":5,""physical_error_rate"":0.2}","{""detection_events"":2819,""detectors_checked"":7168,""obs_mistake_mask=E"":14}"
      1024,         0,         0,   0.276,exact_mw,3208f56225bbcac0e2804eb6f92d0a8b681652a702ca1ec920ccd7367f0e0899,"{""distance"":5,""physical_error_rate"":0.002}","{""detection_events"":1982,""detectors_checked"":229376}"
        16,         6,         0,   0.326,exact_mw,d68317bf2f4c69d73359111c5597779a07d8ed85f1f94573f1c8a2f6c683850d,"{""distance"":5,""physical_error_rate"":0.2}","{""detection_events"":1392,""detectors_checked"":3584,""obs_mistake_mask=E"":6}"
       256,         1,         0,    1.27,exact_mw,72230d8c06b5a71069df48ede6f7f3e6128cd83e8239dd1b2e5fe023578b6eb1,"{""distance"":5,""physical_error_rate"":0.01}","{""detection_events"":2241,""detectors_checked"":57344,""obs_mistake_mask=E"":1}"
     28672,         0,         0,   0.391,exact_mw,cdc4a450a40af8e24899239080e4c40992fb5baf91c5a31ab3a165eacb3a1ab3,"{""distance"":5,""physical_error_rate"":0.0002}","{""detection_events"":5668,""detectors_checked"":6422528}"
       256,         0,         0,   0.624,exact_mw,38b7ae1c4e8407fc325e0d9e43e9f92ff26dcb3f5cf7b98d24ea74c9e5188d39,"{""distance"":5,""physical_error_rate"":0.005}","{""detection_events"":1219,""detectors_checked"":57344}"
     60416,         0,         0,    1.08,exact_mw,cdc4a450a40af8e24899239080e4c40992fb5baf91c5a31ab3a165eacb3a1ab3,"{""distance"":5,""physical_error_rate"":0.0002}","{""detection_events"":11996,""detectors_checked"":13533184}"
        64,         0,         0,   0.426,exact_mw,72230d8c06b5a71069df48ede6f7f3e6128cd83e8239dd1b2e5fe023578b6eb1,"{""distance"":5,""physical_error_rate"":0.01}","{""detection_events"":616,""detectors_checked"":14336}"
        32,         1,         0,   0.566,exact_mw,7b4896c0e7f0a510554d89637fd747b157418067a95869d1f0661294d473d1dc,"{""distance"":5,""physical_error_rate"":0.02}","{""detection_events"":543,""detectors_checked"":7168,""obs_mistake_mask=E"":1}"
        64,         0,         0,   0.500,exact_mw,72230d8c06b5a71069df48ede6f7f3e6128cd83e8239dd1b2e5fe023578b6eb1,"{""distance"":5,""physical_error_rate"":0.01}","{""detection_events"":619,""detectors_checked"":14336}"
        16,         9,         0,   0.365,exact_mw,7def73f725f8347dc4de7c57664b66d91778cc6018e33f45b3defe89c7a0cfc0,"{""distance"":5,""physical_error_rate"":0.1}","{""detection_events"":1007,""detectors_checked"":3584,""obs_mistake_mask=E"":9}"
         8,         0,         0,   0.120,exact_mw,7b4896c0e7f0a510554d89637fd747b157418067a95869d1f0661294d473d1dc,"{""distance"":5,""physical_error_rate"":0.02}","{""detection_events"":109,""detectors_checked"":1792}"
        32,        16,         0,   0.599,exact_mw,d68317bf2f4c69d73359111c5597779a07d8ed85f1f94573f1c8a2f6c683850d,"{""distance"":5,""physical_error_rate"":0.2}","{""detection_events"":2838,""detectors_checked"":7168,""obs_mistake_mask=E"":16}"
        16,        12,         0,   0.346,exact_mw,14059eecea5f7bdc562c01e7682d53b775a747f80d40379178915ac673e3b6bb,"{""distance"":5,""physical_error_rate"":0.5}","{""detection_events"":1799,""detectors_checked"":3584,""obs_mistake_mask=E"":12}"
        32,        12,         0,   0.604,exact_mw,7def73f725f8347dc4de7c57664b66d91778cc6018e33f45b3defe89c7a0cfc0,"{""distance"":5,""physical_error_rate"":0.1}","{""detection_events"":1945,""detectors_checked"":7168,""obs_mistake_mask=E"":12}"
      1024,         0,         0,   0.145,exact_mw,bb90ec3459e353008cf9a5bb9142bf1e8515517a9e167021b225104594e48e8a,"{""distance"":5,""physical_error_rate"":0.001}","{""detection_events"":1040,""detectors_checked"":229376}"
       128,         1,         0,    1.08,exact_mw,72230d8c06b5a71069df48ede6f7f3e6128cd83e8239dd1b2e5fe023578b6eb1,"{""distance"":5,""physical_error_rate"":0.01}","{""detection_events"":1195,""detectors_checked"":28672,""obs_mistake_mask=E"":1}"
      9216,         0,         0,   0.602,exact_mw,bb90ec3459e353008cf9a5bb9142bf1e8515517a9e167021b225104594e48e8a,"{""distance"":5,""physical_error_rate"":0.001}","{""detection_events"":9222,""detectors_checked"":2064384}"
        32,        15,         0,   0.530,exact_mw,d68317bf2f4c69d73359111c5597779a07d8ed85f1f94573f1c8a2f6c683850d,"{""distance"":5,""physical_error_rate"":0.2}","{""detection_events"":2878,""detectors_checked"":7168,""obs_mistake_mask=E"":15}"
        16,         7,         0,   0.323,exact_mw,d68317bf2f4c69d73359111c5597779a07d8ed85f1f94573f1c8a2f6c683850d,"{""distance"":5,""physical_error_rate"":0.2}","{""detection_events"":1415,""detectors_checked"":3584,""obs_mistake_mask=E"":7}"
        32,         3,         0,   0.452,exact_mw,7b4896c0e7f0a510554d89637fd747b157418067a95869d1f0661294d473d1dc,"{""distance"":5,""physical_error_rate"":0.02}","{""detection_events"":621,""detectors_checked"":7168,""obs_mistake_mask=E"":3}"
      2048,         0,         0,   0.437,exact_mw,3208f56225bbcac0e2804eb6f92d0a8b681652a702ca1ec920ccd7367f0e0899,"{""distance"":5,""physical_error_rate"":0.002}","{""detection_events"":3974,""detectors_checked"":458752}"
     36864,         0,         0,   0.572,exact_mw,70a969f5042aec17ac076c6379f4170fb7c69b8e925756ef3b7334e28a33338b,"{""distance"":5,""physical_error_rate"":0.0001}","{""detection_events"":3444,""detectors_checked"":8257536}"
     15360,         0,         0,   0.299,exact_mw,cb12ae119b9b2ba18d0216e7235b403229e92fd0743ede48fe7f1a2c6f45d594,"{""distance"":5,""physical_error_rate"":0.0005}","{""detection_events"":7278,""detectors_checked"":3440640}"
        32,        12,         0,   0.811,exact_mw,14059eecea5f7bdc562c01e7682d53b775a747f80d40379178915ac673e3b6bb,"{""distance"":5,""physical_error_rate"":0.5}","{""detection_events"":3636,""detectors_checked"":7168,""obs_mistake_mask=E"":12}"
        64,         1,         0,   0.566,exact_mw,72230d8c06b5a71069df48ede6f7f3e6128cd83e8239dd1b2e5fe023578b6eb1,"{""distance"":5,""physical_error_rate"":0.01}","{""detection_events"":567,""detectors_checked"":14336,""obs_mistake_mask=E"":1}"
        16,        11,         0,   0.326,exact_mw,d68317bf2f4c69d73359111c5597779a07d8ed85f1f94573f1c8a2f6c683850d,"{""distance"":5,""physical_error_rate"":0.2}","{""detection_events"":1441,""detectors_checked"":3584,""obs_mistake_mask=E"":11}"
     40960,         0,         0,   0.810,exact_mw,cb12ae119b9b2ba18d0216e7235b403229e92fd0743ede48fe7f1a2c6f45d594,"{""distance"":5,""physical_error_rate"":0.0005}","{""detection_events"":20145,""detectors_checked"":9175040}"
      1024,         0,         0,   0.262,exact_mw,3208f56225bbcac0e2804eb6f92d0a8b681652a702ca1ec920ccd7367f0e0899,"{""distance"":5,""physical_error_rate"":0.002}","{""detection_events"":1958,""detectors_checked"":229376}"
     53248,         0,         0,   0.801,exact_mw,70a969f5042aec17ac076c6379f4170fb7c69b8e925756ef3b7334e28a33338b,"{""distance"":5,""physical_error_rate"":0.0001}","{""detection_events"":5280,""detectors_checked"":11927552}"
      1024,         0,         0,   0.380,exact_mw,3208f56225bbcac0e2804eb6f92d0a8b681652a702ca1ec920ccd7367f0e0899,"{""distance"":5,""physical_error_rate"":0.002}","{""detection_events"":1987,""detectors_checked"":229376}"
        32,         3,         0,   0.492,exact_mw,7b4896c0e7f0a510554d89637fd747b157418067a95869d1f0661294d473d1dc,"{""distance"":5,""physical_error_rate"":0.02}","{""detection_events"":658,""detectors_checked"":7168,""obs_mistake_mask=E"":3}"
        32,         9,         0,   0.647,exact_mw,7fd11737ba5953e5998cf5d5ab7672462ce2ff07a9ab0f8628176a3f70e7a095,"{""distance"":5,""physical_error_rate"":0.05}","{""detection_events"":1232,""detectors_checked"":7168,""obs_mistake_mask=E"":9}"
      1024,         0,         0,   0.061,exact_mw,bb90ec3459e353008cf9a5bb9142bf1e8515517a9e167021b225104594e48e8a,"{""distance"":5,""physical_error_rate"":0.001}","{""detection_events"":941,""detectors_checked"":229376}"
     30720,         0,         0,   0.567,exact_mw,70a969f5042aec17ac076c6379f4170fb7c69b8e925756ef3b7334e28a33338b,"{""distance"":5,""physical_error_rate"":0.0001}","{""detection_events"":3038,""detectors_checked"":6881280}"
     16384,         0,         0,   0.280,exact_mw,70a969f5042aec17ac076c6379f4170fb7c69b8e925756ef3b7334e28a33338b,"{""distance"":5,""physical_error_rate"":0.0001}","{""detection_events"":1727,""detectors_checked"":3670016}"
      1024,         0,         0,   0.281,exact_mw,3208f56225bbcac0e2804eb6f92d0a8b681652a702ca1ec920ccd7367f0e0899,"{""distance"":5,""physical_error_rate"":0.002}","{""detection_events"":1924,""detectors_checked"":229376}"
     73728,         0,         0,    1.12,exact_mw,f32ebecd8e105e50ec838d33c5ed9b45444b6b44a3c6ac541111079f2b14e893,"{""distance"":5,""physical_error_rate"":5e-05}","{""detection_events"":3548,""detectors_checked"":16515072}"
        16,        11,         0,   0.397,exact_mw,14059eecea5f7bdc562c01e7682d53b775a747f80d40379178915ac673e3b6bb,"{""distance"":5,""physical_error_rate"":0.5}","{""detection_events"":1841,""detectors_checked"":3584,""obs_mistake_mask=E"":11}"
        16,         9,         0,   0.420,exact_mw,14059eecea5f7bdc562c01e7682d53b775a747f80d40379178915ac673e3b6bb,"{""distance"":5,""physical_error_rate"":0.5}","{""detection_events"":1811,""detectors_checked"":3584,""obs_mistake_mask=E"":9}"
     47104,         0,         0,   0.775,exact_mw,f32ebecd8e105e50ec838d33c5ed9b45444b6b44a3c6ac541111079f2b14e893,"{""distance"":5,""physical_error_rate"":5e-05}","{""detection_events"":2507,""detectors_checked"":10551296}"
        64,         0,         0,   0.512,exact_mw,72230d8c06b5a71069df48ede6f7f3e6128cd83e8239dd1b2e5fe023578b6eb1,"{""distance"":5,""physical_error_rate"":0.01}","{""detection_events"":575,""detectors_checked"":14336}"
     20480,         0,         0,   0.312,exact_mw,cdc4a450a40af8e24899239080e4c40992fb5baf91c5a31ab3a165eacb3a1ab3,"{""distance"":5,""physical_error_rate"":0.0002}","{""detection_events"":4138,""detectors_checked"":4587520}"
        32,        19,         0,   0.490,exact_mw,14059eecea5f7bdc562c01e7682d53b775a747f80d40379178915ac673e3b6bb,"{""distance"":5,""physical_error_rate"":0.5}","{""detection_events"":3641,""detectors_checked"":7168,""obs_mistake_mask=E"":19}"
     30720,         0,         0,   0.781,exact_mw,cb12ae119b9b2ba18d0216e7235b403229e92fd0743ede48fe7f1a2c6f45d594,"{""distance"":5,""physical_error_rate"":0.0005}","{""detection_events"":15510,""detectors_checked"":6881280}"
      1024,         0,         0,   0.092,exact_mw,bb90ec3459e353008cf9a5bb9142bf1e8515517a9e167021b225104594e48e8a,"{""distance"":5,""physical_error_rate"":0.001}","{""detection_events"":1030,""detectors_checked"":229376}"
        32,         0,         0,   0.420,exact_mw,7b4896c0e7f0a510554d89637fd747b157418067a95869d1f0661294d473d1dc,"{""distance"":5,""physical_error_rate"":0.02}","{""detection_events"":501,""detectors_checked"":7168}"
      1297,         0,         0,   0.071,exact_mw,bb90ec3459e353008cf9a5bb9142bf1e8515517a9e167021b225104594e48e8a,"{""distance"":5,""physical_error_rate"":0.001}","{""detection_events"":1233,""detectors_checked"":290528}"
      1024,         0,         0,   0.237,exact_mw,3208f56225bbcac0e2804eb6f92d0a8b681652a702ca1ec920ccd7367f0e0899,"{""distance"":5,""physical_error_rate"":0.002}","{""detection_events"":1983,""detectors_checked"":229376}"
        32,        10,         0,   0.718,exact_mw,7fd11737ba5953e5998cf5d5ab7672462ce2ff07a9ab0f8628176a3f70e7a095,"{""distance"":5,""physical_error_rate"":0.05}","{""detection_events"":1208,""detectors_checked"":7168,""obs_mistake_mask=E"":10}"
        16,         9,         0,   0.360,exact_mw,7def73f725f8347dc4de7c57664b66d91778cc6018e33f45b3defe89c7a0cfc0,"{""distance"":5,""physical_error_rate"":0.1}","{""detection_events"":1034,""detectors_checked"":3584,""obs_mistake_mask=E"":9}"
        16,         5,         0,   0.297,exact_mw,d68317bf2f4c69d73359111c5597779a07d8ed85f1f94573f1c8a2f6c683850d,"{""distance"":5,""physical_error_rate"":0.2}","{""detection_events"":1388,""detectors_checked"":3584,""obs_mistake_mask=E"":5}"
      1024,         0,         0,   0.479,exact_mw,3208f56225bbcac0e2804eb6f92d0a8b681652a702ca1ec920ccd7367f0e0899,"{""distance"":5,""physical_error_rate"":0.002}","{""detection_events"":2042,""detectors_checked"":229376}"
        32,        14,         0,   0.652,exact_mw,7def73f725f8347dc4de7c57664b66d91778cc6018e33f45b3defe89c7a0cfc0,"{""distance"":5,""physical_error_rate"":0.1}","{""detection_events"":1968,""detectors_checked"":7168,""obs_mistake_mask=E"":14}"
      1024,         0,         0,   0.053,exact_mw,bb90ec3459e353008cf9a5bb9142bf1e8515517a9e167021b225104594e48e8a,"{""distance"":5,""physical_error_rate"":0.001}","{""detection_events"":1032,""detectors_checked"":229376}"
        32,         6,         0,   0.478,exact_mw,7fd11737ba5953e5998cf5d5ab7672462ce2ff07a9ab0f8628176a3f70e7a095,"{""distance"":5,""physical_error_rate"":0.05}","{""detection_events"":1354,""detectors_checked"":7168,""obs_mistake_mask=E"":6}"
        16,        12,         0,   0.350,exact_mw,14059eecea5f7bdc562c01e7682d53b775a747f80d40379178915ac673e3b6bb,"{""distance"":5,""physical_error_rate"":0.5}","{""detection_events"":1802,""detectors_checked"":3584,""obs_mistake_mask=E"":12}"
      1024,         1,         0,    1.76,exact_mw,38b7ae1c4e8407fc325e0d9e43e9f92ff26dcb3f5cf7b98d24ea74c9e5188d39,"{""distance"":5,""physical_error_rate"":0.005}","{""detection_events"":4797,""detectors_checked"":229376,""obs_mistake_mask=E"":1}"
     24576,         0,         0,   0.560,exact_mw,cb12ae119b9b2ba18d0216e7235b403229e92fd0743ede48fe7f1a2c6f45d594,"{""distance"":5,""physical_error_rate"":0.0005}","{""detection_events"":12328,""detectors_checked"":5505024}"
     15360,         0,         0,   0.420,exact_mw,cb12ae119b9b2ba18d0216e7235b403229e92fd0743ede48fe7f1a2c6f45d594,"{""distance"":5,""physical_error_rate"":0.0005}","{""detection_events"":7741,""detectors_checked"":3440640}"
        32,        15,         0,   0.696,exact_mw,14059eecea5f7bdc562c01e7682d53b775a747f80d40379178915ac673e3b6bb,"{""distance"":5,""physical_error_rate"":0.5}","{""detection_events"":3574,""detectors_checked"":7168,""obs_mistake_mask=E"":15}"
      2048,         0,         0,   0.119,exact_mw,bb90ec3459e353008cf9a5bb9142bf1e8515517a9e167021b225104594e48e8a,"{""distance"":5,""physical_error_rate"":0.001}","{""detection_events"":1890,""detectors_checked"":458752}"
        16,        11,         0,   0.348,exact_mw,d68317bf2f4c69d73359111c5597779a07d8ed85f1f94573f1c8a2f6c683850d,"{""distance"":5,""physical_error_rate"":0.2}","{""detection_events"":1415,""detectors_checked"":3584,""obs_mistake_mask=E"":11}"
       256,         0,         0,   0.574,exact_mw,38b7ae1c4e8407fc325e0d9e43e9f92ff26dcb3f5cf7b98d24ea74c9e5188d39,"{""distance"":5,""physical_error_rate"":0.005}","{""detection_events"":1209,""detectors_checked"":57344}"
        16,         5,         0,   0.384,exact_mw,7fd11737ba5953e5998cf5d5ab7672462ce2ff07a9ab0f8628176a3f70e7a095,"{""distance"":5,""physical_error_rate"":0.05}","{""detection_events"":665,""detectors_checked"":3584,""obs_mistake_mask=E"":5}"
        32,        15,         0,   0.779,exact_mw,7def73f725f8347dc4de7c57664b66d91778cc6018e33f45b3defe89c7a0cfc0,"{""distance"":5,""physical_error_rate"":0.1}","{""detection_events"":2031,""detectors_checked"":7168,""obs_mistake_mask=E"":15}"
        32,         4,         0,   0.573,exact_mw,7fd11737ba5953e5998cf5d5ab7672462ce2ff07a9ab0f8628176a3f70e7a095,"{""distance"":5,""physical_error_rate"":0.05}","{""detection_events"":1131,""detectors_checked"":7168,""obs_mistake_mask=E"":4}"
      1024,         0,         0,   0.051,exact_mw,bb90ec3459e353008cf9a5bb9142bf1e8515517a9e167021b225104594e48e8a,"{""distance"":5,""physical_error_rate"":0.001}","{""detection_events"":1085,""detectors_checked"":229376}"
        32,         6,         0,   0.603,exact_mw,7fd11737ba5953e5998cf5d5ab7672462ce2ff07a9ab0f8628176a3f70e7a095,"{""distance"":5,""physical_error_rate"":0.05}","{""detection_events"":1295,""detectors_checked"":7168,""obs_mistake_mask=E"":6}"
      1024,         0,         0,   0.300,exact_mw,3208f56225bbcac0e2804eb6f92d0a8b681652a702ca1ec920ccd7367f0e0899,"{""distance"":5,""physical_error_rate"":0.002}","{""detection_events"":2052,""detectors_checked"":229376}"
        32,        15,         0,   0.658,exact_mw,7def73f725f8347dc4de7c57664b66d91778cc6018e33f45b3defe89c7a0cfc0,"{""distance"":5,""physical_error_rate"":0.1}","{""detection_events"":2003,""detectors_checked"":7168,""obs_mistake_mask=E"":15}"
     77824,         0,         0,    1.12,exact_mw,f32ebecd8e105e50ec838d33c5ed9b45444b6b44a3c6ac541111079f2b14e893,"{""distance"":5,""physical_error_rate"":5e-05}","{""detection_events"":3845,""detectors_checked"":17432576}"
     21504,         0,         0,   0.572,exact_mw,cb12ae119b9b2ba18d0216e7235b403229e92fd0743ede48fe7f1a2c6f45d594,"{""distance"":5,""physical_error_rate"":0.0005}","{""detection_events"":10804,""detectors_checked"":4816896}"
        32,         4,         0,   0.703,exact_mw,7fd11737ba5953e5998cf5d5ab7672462ce2ff07a9ab0f8628176a3f70e7a095,"{""distance"":5,""physical_error_rate"":0.05}","{""detection_events"":1170,""detectors_checked"":7168,""obs_mistake_mask=E"":4}"
       256,         1,         0,   0.903,exact_mw,38b7ae1c4e8407fc325e0d9e43e9f92ff26dcb3f5cf7b98d24ea74c9e5188d39,"{""distance"":5,""physical_error_rate"":0.005}","{""detection_events"":1341,""detectors_checked"":57344,""obs_mistake_mask=E"":1}"
        32,        18,         0,   0.737,exact_mw,14059eecea5f7bdc562c01e7682d53b775a747f80d40379178915ac673e3b6bb,"{""distance"":5,""physical_error_rate"":0.5}","{""detection_events"":3644,""detectors_checked"":7168,""obs_mistake_mask=E"":18}"
        16,         8,         0,   0.327,exact_mw,d68317bf2f4c69d73359111c5597779a07d8ed85f1f94573f1c8a2f6c683850d,"{""distance"":5,""physical_error_rate"":0.2}","{""detection_events"":1448,""detectors_checked"":3584,""obs_mistake_mask=E"":8}"
        16,         9,         0,   0.400,exact_mw,14059eecea5f7bdc562c01e7682d53b775a747f80d40379178915ac673e3b6bb,"{""distance"":5,""physical_error_rate"":0.5}","{""detection_events"":1842,""detectors_checked"":3584,""obs_mistake_mask=E"":9}"
      1024,         0,         0,   0.068,exact_mw,bb90ec3459e353008cf9a5bb9142bf1e8515517a9e167021b225104594e48e8a,"{""distance"":5,""physical_error_rate"":0.001}","{""detection_events"":1093,""detectors_checked"":229376}"
       256,         0,         0,   0.716,exact_mw,38b7ae1c4e8407fc325e0d9e43e9f92ff26dcb3f5cf7b98d24ea74c9e5188d39,"{""distance"":5,""physical_error_rate"":0.005}","{""detection_events"":1207,""detectors_checked"":57344}"
        16,         7,         0,   0.392,exact_mw,7def73f725f8347dc4de7c57664b66d91778cc6018e33f45b3defe89c7a0cfc0,"{""distance"":5,""physical_error_rate"":0.1}","{""detection_events"":988,""detectors_checked"":3584,""obs_mistake_mask=E"":7}"
        64,        21,         0,    1.02,exact_mw,7fd11737ba5953e5998cf5d5ab7672462ce2ff07a9ab0f8628176a3f70e7a095,"{""distance"":5,""physical_error_rate"":0.05}","{""detection_events"":2357,""detectors_checked"":14336,""obs_mistake_mask=E"":21}"
       256,         0,         0,   0.761,exact_mw,38b7ae1c4e8407fc325e0d9e43e9f92ff26dcb3f5cf7b98d24ea74c9e5188d39,"{""distance"":5,""physical_error_rate"":0.005}","{""detection_events"":1252,""detectors_checked"":57344}"
      1024,         0,         0,   0.333,exact_mw,3208f56225bbcac0e2804eb6f92d0a8b681652a702ca1ec920ccd7367f0e0899,"{""distance"":5,""physical_error_rate"":0.002}","{""detection_events"":1833,""detectors_checked"":229376}"
        32,         3,         0,   0.584,exact_mw,7b4896c0e7f0a510554d89637fd747b157418067a95869d1f0661294d473d1dc,"{""distance"":5,""physical_error_rate"":0.02}","{""detection_events"":640,""detectors_checked"":7168,""obs_mistake_mask=E"":3}"
        64,         0,         0,   0.572,exact_mw,72230d8c06b5a71069df48ede6f7f3e6128cd83e8239dd1b2e5fe023578b6eb1,"{""distance"":5,""physical_error_rate"":0.01}","{""detection_events"":540,""detectors_checked"":14336}"
      2048,         0,         0,   0.546,exact_mw,3208f56225bbcac0e2804eb6f92d0a8b681652a702ca1ec920ccd7367f0e0899,"{""distance"":5,""physical_error_rate"":0.002}","{""detection_events"":4005,""detectors_checked"":458752}"
        32,         1,         0,   0.403,exact_mw,7b4896c0e7f0a510554d89637fd747b157418067a95869d1f0661294d473d1dc,"{""distance"":5,""physical_error_rate"":0.02}","{""detection_events"":473,""detectors_checked"":7168,""obs_mistake_mask=E"":1}"
        32,        15,         0,   0.266,exact_mw,14059eecea5f7bdc562c01e7682d53b775a747f80d40379178915ac673e3b6bb,"{""distance"":5,""physical_error_rate"":0.5}","{""detection_events"":3588,""detectors_checked"":7168,""obs_mistake_mask=E"":15}"
      1024,         0,         0,   0.328,exact_mw,3208f56225bbcac0e2804eb6f92d0a8b681652a702ca1ec920ccd7367f0e0899,"{""distance"":5,""physical_error_rate"":0.002}","{""detection_events"":1920,""detectors_checked"":229376}"
      2048,         0,         0,   0.098,exact_mw,bb90ec3459e353008cf9a5bb9142bf1e8515517a9e167021b225104594e48e8a,"{""distance"":5,""physical_error_rate"":0.001}","{""detection_events"":1937,""detectors_checked"":458752}"
        16,         3,         0,   0.415,exact_mw,d68317bf2f4c69d73359111c5597779a07d8ed85f1f94573f1c8a2f6c683850d,"{""distance"":5,""physical_error_rate"":0.2}","{""detection_events"":1420,""detectors_checked"":3584,""obs_mistake_mask=E"":3}"
        32,         0,         0,   0.526,exact_mw,7b4896c0e7f0a510554d89637fd747b157418067a95869d1f0661294d473d1dc,"{""distance"":5,""physical_error_rate"":0.02}","{""detection_events"":592,""detectors_checked"":7168}"
        32,         7,         0,   0.722,exact_mw,7fd11737ba5953e5998cf5d5ab7672462ce2ff07a9ab0f8628176a3f70e7a095,"{""distance"":5,""physical_error_rate"":0.05}","{""detection_events"":1209,""detectors_checked"":7168,""obs_mistake_mask=E"":7}"
     19456,         0,         0,   0.383,exact_mw,cb12ae119b9b2ba18d0216e7235b403229e92fd0743ede48fe7f1a2c6f45d594,"{""distance"":5,""physical_error_rate"":0.0005}","{""detection_events"":9174,""detectors_checked"":4358144}"
       256,         1,         0,   0.549,exact_mw,38b7ae1c4e8407fc325e0d9e43e9f92ff26dcb3f5cf7b98d24ea74c9e5188d39,"{""distance"":5,""physical_error_rate"":0.005}","{""detection_events"":1335,""detectors_checked"":57344,""obs_mistake_mask=E"":1}"
        32,        15,         0,   0.695,exact_mw,7def73f725f8347dc4de7c57664b66d91778cc6018e33f45b3defe89c7a0cfc0,"{""distance"":5,""physical_error_rate"":0.1}","{""detection_events"":1975,""detectors_checked"":7168,""obs_mistake_mask=E"":15}"
        64,         3,         0,   0.867,exact_mw,7b4896c0e7f0a510554d89637fd747b157418067a95869d1f0661294d473d1dc,"{""distance"":5,""physical_error_rate"":0.02}","{""detection_events"":1101,""detectors_checked"":14336,""obs_mistake_mask=E"":3}"
      1024,         0,         0,   0.058,exact_mw,bb90ec3459e353008cf9a5bb9142bf1e8515517a9e167021b225104594e48e8a,"{""distance"":5,""physical_error_rate"":0.001}","{""detection_events"":1083,""detectors_checked"":229376}"
        32,        16,         0,   0.549,exact_mw,d68317bf2f4c69d73359111c5597779a07d8ed85f1f94573f1c8a2f6c683850d,"{""distance"":5,""physical_error_rate"":0.2}","{""detection_events"":2860,""detectors_checked"":7168,""obs_mistake_mask=E"":16}"
         1,         0,         0,   0.010,exact_mw,7fd11737ba5953e5998cf5d5ab7672462ce2ff07a9ab0f8628176a3f70e7a095,"{""distance"":5,""physical_error_rate"":0.05}","{""detection_events"":32,""detectors_checked"":224}"
       256,         1,         0,   0.622,exact_mw,38b7ae1c4e8407fc325e0d9e43e9f92ff26dcb3f5cf7b98d24ea74c9e5188d39,"{""distance"":5,""physical_error_rate"":0.005}","{""detection_events"":1243,""detectors_checked"":57344,""obs_mistake_mask=E"":1}"
     26624,         0,         0,    1.55,exact_mw,bb90ec3459e353008cf9a5bb9142bf1e8515517a9e167021b225104594e48e8a,"{""distance"":5,""physical_error_rate"":0.001}","{""detection_events"":26384,""detectors_checked"":5963776}"
       256,         0,         0,   0.690,exact_mw,38b7ae1c4e8407fc325e0d9e43e9f92ff26dcb3f5cf7b98d24ea74c9e5188d39,"{""distance"":5,""physical_error_rate"":0.005}","{""detection_events"":1278,""detectors_checked"":57344}"
     14336,         0,         0,   0.825,exact_mw,bb90ec3459e353008cf9a5bb9142bf1e8515517a9e167021b225104594e48e8a,"{""distance"":5,""physical_error_rate"":0.001}","{""detection_events"":14587,""detectors_checked"":3211264}"
     36864,         0,         0,   0.553,exact_mw,f32ebecd8e105e50ec838d33c5ed9b45444b6b44a3c6ac541111079f2b14e893,"{""distance"":5,""physical_error_rate"":5e-05}","{""detection_events"":1768,""detectors_checked"":8257536}"
       256,         0,         0,   0.524,exact_mw,38b7ae1c4e8407fc325e0d9e43e9f92ff26dcb3f5cf7b98d24ea74c9e5188d39,"{""distance"":5,""physical_error_rate"":0.005}","{""detection_events"":1191,""detectors_checked"":57344}"
        32,        14,         0,   0.835,exact_mw,14059eecea5f7bdc562c01e7682d53b775a747f80d40379178915ac673e3b6bb,"{""distance"":5,""physical_error_rate"":0.5}","{""detection_events"":3634,""detectors_checked"":7168,""obs_mistake_mask=E"":14}"
        32,        13,         0,   0.714,exact_mw,7def73f725f8347dc4de7c57664b66d91778cc6018e33f45b3defe89c7a0cfc0,"{""distance"":5,""physical_error_rate"":0.1}","{""detection_events"":1967,""detectors_checked"":7168,""obs_mistake_mask=E"":13}"
    328704,         0,         0,    2.16,exact_mw,cb12ae119b9b2ba18d0216e7235b403229e92fd0743ede48fe7f1a2c6f45d594,"{""distance"":5,""physical_error_rate"":0.0005}","{""detection_events"":161541,""detectors_checked"":73629696}"
      1024,         1,         0,   0.274,exact_mw,3208f56225bbcac0e2804eb6f92d0a8b681652a702ca1ec920ccd7367f0e0899,"{""distance"":5,""physical_error_rate"":0.002}","{""detection_events"":1903,""detectors_checked"":229376,""obs_mistake_mask=E"":1}"
     13312,         0,         0,   0.809,exact_mw,bb90ec3459e353008cf9a5bb9142bf1e8515517a9e167021b225104594e48e8a,"{""distance"":5,""physical_error_rate"":0.001}","{""detection_events"":13031,""detectors_checked"":2981888}"
        64,         2,         0,   0.699,exact_mw,7b4896c0e7f0a510554d89637fd747b157418067a95869d1f0661294d473d1dc,"{""distance"":5,""physical_error_rate"":0.02}","{""detection_events"":1121,""detectors_checked"":14336,""obs_mistake_mask=E"":2}"
        32,        12,         0,   0.814,exact_mw,d68317bf2f4c69d73359111c5597779a07d8ed85f1f94573f1c8a2f6c683850d,"{""distance"":5,""physical_error_rate"":0.2}","{""detection_events"":2875,""detectors_checked"":7168,""obs_mistake_mask=E"":12}"
      1024,         0,         0,   0.349,exact_mw,3208f56225bbcac0e2804eb6f92d0a8b681652a702ca1ec920ccd7367f0e0899,"{""distance"":5,""physical_error_rate"":0.002}","{""detection_events"":2083,""detectors_checked"":229376}"
      3072,         0,         0,   0.869,exact_mw,3208f56225bbcac0e2804eb6f92d0a8b681652a702ca1ec920ccd7367f0e0899,"{""distance"":5,""physical_error_rate"":0.002}","{""detection_events"":6036,""detectors_checked"":688128}"
        64,         1,         0,   0.497,exact_mw,72230d8c06b5a71069df48ede6f7f3e6128cd83e8239dd1b2e5fe023578b6eb1,"{""distance"":5,""physical_error_rate"":0.01}","{""detection_events"":556,""detectors_checked"":14336,""obs_mistake_mask=E"":1}"
     27648,         0,         0,   0.584,exact_mw,cdc4a450a40af8e24899239080e4c40992fb5baf91c5a31ab3a165eacb3a1ab3,"{""distance"":5,""physical_error_rate"":0.0002}","{""detection_events"":5335,""detectors_checked"":6193152}"
        32,        22,         0,   0.551,exact_mw,d68317bf2f4c69d73359111c5597779a07d8ed85f1f94573f1c8a2f6c683850d,"{""distance"":5,""physical_error_rate"":0.2}","{""detection_events"":2843,""detectors_checked"":7168,""obs_mistake_mask=E"":22}"
        64,         1,         0,   0.560,exact_mw,72230d8c06b5a71069df48ede6f7f3e6128cd83e8239dd1b2e5fe023578b6eb1,"{""distance"":5,""physical_error_rate"":0.01}","{""detection_events"":612,""detectors_checked"":14336,""obs_mistake_mask=E"":1}"
     38912,         0,         0,   0.562,exact_mw,cdc4a450a40af8e24899239080e4c40992fb5baf91c5a31ab3a165eacb3a1ab3,"{""distance"":5,""physical_error_rate"":0.0002}","{""detection_events"":7850,""detectors_checked"":8716288}"
        16,        10,         0,   0.399,exact_mw,14059eecea5f7bdc562c01e7682d53b775a747f80d40379178915ac673e3b6bb,"{""distance"":5,""physical_error_rate"":0.5}","{""detection_events"":1793,""detectors_checked"":3584,""obs_mistake_mask=E"":10}"
     82944,         0,         0,    1.56,exact_mw,f32ebecd8e105e50ec838d33c5ed9b45444b6b44a3c6ac541111079f2b14e893,"{""distance"":5,""physical_error_rate"":5e-05}","{""detection_events"":4213,""detectors_checked"":18579456}"
        32,        14,         0,   0.659,exact_mw,7def73f725f8347dc4de7c57664b66d91778cc6018e33f45b3defe89c7a0cfc0,"{""distance"":5,""physical_error_rate"":0.1}","{""detection_events"":1950,""detectors_checked"":7168,""obs_mistake_mask=E"":14}"
     23552,         0,         0,   0.426,exact_mw,70a969f5042aec17ac076c6379f4170fb7c69b8e925756ef3b7334e28a33338b,"{""distance"":5,""physical_error_rate"":0.0001}","{""detection_events"":2273,""detectors_checked"":5275648}"
        32,         0,         0,   0.544,exact_mw,7b4896c0e7f0a510554d89637fd747b157418067a95869d1f0661294d473d1dc,"{""distance"":5,""physical_error_rate"":0.02}","{""detection_events"":632,""detectors_checked"":7168}"
        32,         0,         0,   0.482,exact_mw,7b4896c0e7f0a510554d89637fd747b157418067a95869d1f0661294d473d1dc,"{""distance"":5,""physical_error_rate"":0.02}","{""detection_events"":527,""detectors_checked"":7168}"
       256,         1,         0,   0.778,exact_mw,38b7ae1c4e8407fc325e0d9e43e9f92ff26dcb3f5cf7b98d24ea74c9e5188d39,"{""distance"":5,""physical_error_rate"":0.005}","{""detection_events"":1241,""detectors_checked"":57344,""obs_mistake_mask=E"":1}"
        16,         7,         0,   0.292,exact_mw,14059eecea5f7bdc562c01e7682d53b775a747f80d40379178915ac673e3b6bb,"{""distance"":5,""physical_error_rate"":0.5}","{""detection_events"":1799,""detectors_checked"":3584,""obs_mistake_mask=E"":7}"
     68608,         0,         0,    1.10,exact_mw,70a969f5042aec17ac076c6379f4170fb7c69b8e925756ef3b7334e28a33338b,"{""distance"":5,""physical_error_rate"":0.0001}","{""detection_events"":6625,""detectors_checked"":15368192}"
     71680,         0,         0,    1.10,exact_mw,cb12ae119b9b2ba18d0216e7235b403229e92fd0743ede48fe7f1a2c6f45d594,"{""distance"":5,""physical_error_rate"":0.0005}","{""detection_events"":35448,""detectors_checked"":16056320}"
        32,        14,         0,   0.767,exact_mw,14059eecea5f7bdc562c01e7682d53b775a747f80d40379178915ac673e3b6bb,"{""distance"":5,""physical_error_rate"":0.5}","{""detection_events"":3623,""detectors_checked"":7168,""obs_mistake_mask=E"":14}"
        16,         9,         0,   0.428,exact_mw,14059eecea5f7bdc562c01e7682d53b775a747f80d40379178915ac673e3b6bb,"{""distance"":5,""physical_error_rate"":0.5}","{""detection_events"":1752,""detectors_checked"":3584,""obs_mistake_mask=E"":9}"
     25600,         0,         0,   0.421,exact_mw,cdc4a450a40af8e24899239080e4c40992fb5baf91c5a31ab3a165eacb3a1ab3,"{""distance"":5,""physical_error_rate"":0.0002}","{""detection_events"":5080,""detectors_checked"":5734400}"
        32,         1,         0,   0.586,exact_mw,7b4896c0e7f0a510554d89637fd747b157418067a95869d1f0661294d473d1dc,"{""distance"":5,""physical_error_rate"":0.02}","{""detection_events"":554,""detectors_checked"":7168,""obs_mistake_mask=E"":1}"
     64512,         0,         0,   0.775,exact_mw,f32ebecd8e105e50ec838d33c5ed9b45444b6b44a3c6ac541111079f2b14e893,"{""distance"":5,""physical_error_rate"":5e-05}","{""detection_events"":3174,""detectors_checked"":14450688}"
         1,         0,         0,   0.001,exact_mw,bb90ec3459e353008cf9a5bb9142bf1e8515517a9e167021b225104594e48e8a,"{""distance"":5,""physical_error_rate"":0.001}","{""detection_events"":2,""detectors_checked"":224}"
        64,         0,         0,   0.897,exact_mw,7b4896c0e7f0a510554d89637fd747b157418067a95869d1f0661294d473d1dc,"{""distance"":5,""physical_error_rate"":0.02}","{""detection_events"":1087,""detectors_checked"":14336}"
        16,         9,         0,   0.397,exact_mw,7def73f725f8347dc4de7c57664b66d91778cc6018e33f45b3defe89c7a0cfc0,"{""distance"":5,""physical_error_rate"":0.1}","{""detection_events"":1002,""detectors_checked"":3584,""obs_mistake_mask=E"":9}"
        32,         5,         0,   0.553,exact_mw,7fd11737ba5953e5998cf5d5ab7672462ce2ff07a9ab0f8628176a3f70e7a095,"{""distance"":5,""physical_error_rate"":0.05}","{""detection_events"":1310,""detectors_checked"":7168,""obs_mistake_mask=E"":5}"
      2048,         0,         0,   0.150,exact_mw,bb90ec3459e353008cf9a5bb9142bf1e8515517a9e167021b225104594e48e8a,"{""distance"":5,""physical_error_rate"":0.001}","{""detection_events"":2060,""detectors_checked"":458752}"
        32,        14,         0,   0.684,exact_mw,d68317bf2f4c69d73359111c5597779a07d8ed85f1f94573f1c8a2f6c683850d,"{""distance"":5,""physical_error_rate"":0.2}","{""detection_events"":2855,""detectors_checked"":7168,""obs_mistake_mask=E"":14}"
     59392,         0,         0,    1.12,exact_mw,cdc4a450a40af8e24899239080e4c40992fb5baf91c5a31ab3a165eacb3a1ab3,"{""distance"":5,""physical_error_rate"":0.0002}","{""detection_events"":11644,""detectors_checked"":13303808}"
        64,         0,         0,   0.625,exact_mw,72230d8c06b5a71069df48ede6f7f3e6128cd83e8239dd1b2e5fe023578b6eb1,"{""distance"":5,""physical_error_rate"":0.01}","{""detection_events"":676,""detectors_checked"":14336}"
       128,         1,         0,   0.921,exact_mw,72230d8c06b5a71069df48ede6f7f3e6128cd83e8239dd1b2e5fe023578b6eb1,"{""distance"":5,""physical_error_rate"":0.01}","{""detection_events"":1140,""detectors_checked"":28672,""obs_mistake_mask=E"":1}"
      3072,         0,         0,   0.606,exact_mw,3208f56225bbcac0e2804eb6f92d0a8b681652a702ca1ec920ccd7367f0e0899,"{""distance"":5,""physical_error_rate"":0.002}","{""detection_events"":6052,""detectors_checked"":688128}"
      1296,         0,         0,   0.017,exact_mw,bb90ec3459e353008cf9a5bb9142bf1e8515517a9e167021b225104594e48e8a,"{""distance"":5,""physical_error_rate"":0.001}","{""detection_events"":1334,""detectors_checked"":290304}"
     65536,         0,         0,    1.10,exact_mw,cdc4a450a40af8e24899239080e4c40992fb5baf91c5a31ab3a165eacb3a1ab3,"{""distance"":5,""physical_error_rate"":0.0002}","{""detection_events"":13147,""detectors_checked"":14680064}"
     26624,         1,         0,    1.56,exact_mw,bb90ec3459e353008cf9a5bb9142bf1e8515517a9e167021b225104594e48e8a,"{""distance"":5,""physical_error_rate"":0.001}","{""detection_events"":26385,""detectors_checked"":5963776,""obs_mistake_mask=E"":1}"
      3072,         0,         0,   0.168,exact_mw,bb90ec3459e353008cf9a5bb9142bf1e8515517a9e167021b225104594e48e8a,"{""distance"":5,""physical_error_rate"":0.001}","{""detection_events"":2984,""detectors_checked"":688128}"
        16,        10,         0,   0.305,exact_mw,d68317bf2f4c69d73359111c5597779a07d8ed85f1f94573f1c8a2f6c683850d,"{""distance"":5,""physical_error_rate"":0.2}","{""detection_events"":1465,""detectors_checked"":3584,""obs_mistake_mask=E"":10}"
      1024,         0,         0,   0.019,exact_mw,bb90ec3459e353008cf9a5bb9142bf1e8515517a9e167021b225104594e48e8a,"{""distance"":5,""physical_error_rate"":0.001}","{""detection_events"":1003,""detectors_checked"":229376}"
     39936,         0,         0,   0.799,exact_mw,cdc4a450a40af8e24899239080e4c40992fb5baf91c5a31ab3a165eacb3a1ab3,"{""distance"":5,""physical_error_rate"":0.0002}","{""detection_events"":7786,""detectors_checked"":8945664}"
        16,         2,         0,   0.362,exact_mw,7fd11737ba5953e5998cf5d5ab7672462ce2ff07a9ab0f8628176a3f70e7a095,"{""distance"":5,""physical_error_rate"":0.05}","{""detection_events"":554,""detectors_checked"":3584,""obs_mistake_mask=E"":2}"
        32,         0,         0,   0.515,exact_mw,7b4896c0e7f0a510554d89637fd747b157418067a95869d1f0661294d473d1dc,"{""distance"":5,""physical_error_rate"":0.02}","{""detection_events"":605,""detectors_checked"":7168}"
        16,         8,         0,   0.278,exact_mw,d68317bf2f4c69d73359111c5597779a07d8ed85f1f94573f1c8a2f6c683850d,"{""distance"":5,""physical_error_rate"":0.2}","{""detection_events"":1420,""detectors_checked"":3584,""obs_mistake_mask=E"":8}"
      1024,         0,         0,   0.320,exact_mw,3208f56225bbcac0e2804eb6f92d0a8b681652a702ca1ec920ccd7367f0e0899,"{""distance"":5,""physical_error_rate"":0.002}","{""detection_events"":2059,""detectors_checked"":229376}"
       128,         0,         0,   0.819,exact_mw,72230d8c06b5a71069df48ede6f7f3e6128cd83e8239dd1b2e5fe023578b6eb1,"{""distance"":5,""physical_error_rate"":0.01}","{""detection_events"":1240,""detectors_checked"":28672}"
      2048,         0,         0,   0.086,exact_mw,bb90ec3459e353008cf9a5bb9142bf1e8515517a9e167021b225104594e48e8a,"{""distance"":5,""physical_error_rate"":0.001}","{""detection_events"":1866,""detectors_checked"":458752}"
     43008,         0,         0,   0.787,exact_mw,cdc4a450a40af8e24899239080e4c40992fb5baf91c5a31ab3a165eacb3a1ab3,"{""distance"":5,""physical_error_rate"":0.0002}","{""detection_events"":8226,""detectors_checked"":9633792}"
     56320,         0,         0,   0.813,exact_mw,cdc4a450a40af8e24899239080e4c40992fb5baf91c5a31ab3a165eacb3a1ab3,"{""distance"":5,""physical_error_rate"":0.0002}","{""detection_events"":11354,""detectors_checked"":12615680}"
        16,         5,         0,   0.261,exact_mw,7fd11737ba5953e5998cf5d5ab7672462ce2ff07a9ab0f8628176a3f70e7a095,"{""distance"":5,""physical_error_rate"":0.05}","{""detection_events"":648,""detectors_checked"":3584,""obs_mistake_mask=E"":5}"
        32,         6,         0,   0.459,exact_mw,7fd11737ba5953e5998cf5d5ab7672462ce2ff07a9ab0f8628176a3f70e7a095,"{""distance"":5,""physical_error_rate"":0.05}","{""detection_events"":1186,""detectors_checked"":7168,""obs_mistake_mask=E"":6}"
     60416,         0,         0,    1.11,exact_mw,f32ebecd8e105e50ec838d33c5ed9b45444b6b44a3c6ac541111079f2b14e893,"{""distance"":5,""physical_error_rate"":5e-05}","{""detection_events"":3001,""detectors_checked"":13533184}"
      2048,         0,         0,   0.304,exact_mw,3208f56225bbcac0e2804eb6f92d0a8b681652a702ca1ec920ccd7367f0e0899,"{""distance"":5,""physical_error_rate"":0.002}","{""detection_events"":3892,""detectors_checked"":458752}"
      1024,         0,         0,   0.032,exact_mw,bb90ec3459e353008cf9a5bb9142bf1e8515517a9e167021b225104594e48e8a,"{""distance"":5,""physical_error_rate"":0.001}","{""detection_events"":1062,""detectors_checked"":229376}"
     19456,         0,         0,   0.843,exact_mw,bb90ec3459e353008cf9a5bb9142bf1e8515517a9e167021b225104594e48e8a,"{""distance"":5,""physical_error_rate"":0.001}","{""detection_events"":19173,""detectors_checked"":4358144}"
        32,         1,         0,   0.263,exact_mw,7b4896c0e7f0a510554d89637fd747b157418067a95869d1f0661294d473d1dc,"{""distance"":5,""physical_error_rate"":0.02}","{""detection_events"":564,""detectors_checked"":7168,""obs_mistake_mask=E"":1}"
        32,        12,         0,   0.756,exact_mw,7def73f725f8347dc4de7c57664b66d91778cc6018e33f45b3defe89c7a0cfc0,"{""distance"":5,""physical_error_rate"":0.1}","{""detection_events"":1948,""detectors_checked"":7168,""obs_mistake_mask=E"":12}"
        16,         9,         0,   0.342,exact_mw,7def73f725f8347dc4de7c57664b66d91778cc6018e33f45b3defe89c7a0cfc0,"{""distance"":5,""physical_error_rate"":0.1}","{""detection_events"":971,""detectors_checked"":3584,""obs_mistake_mask=E"":9}"
        64,         0,         0,   0.630,exact_mw,72230d8c06b5a71069df48ede6f7f3e6128cd83e8239dd1b2e5fe023578b6eb1,"{""distance"":5,""physical_error_rate"":0.01}","{""detection_events"":605,""detectors_checked"":14336}"
         1,         1,         0,   0.025,exact_mw,7def73f725f8347dc4de7c57664b66d91778cc6018e33f45b3defe89c7a0cfc0,"{""distance"":5,""physical_error_rate"":0.1}","{""detection_events"":59,""detectors_checked"":224,""obs_mistake_mask=E"":1}"
        16,         5,         0,   0.331,exact_mw,d68317bf2f4c69d73359111c5597779a07d8ed85f1f94573f1c8a2f6c683850d,"{""distance"":5,""physical_error_rate"":0.2}","{""detection_events"":1430,""detectors_checked"":3584,""obs_mistake_mask=E"":5}"
        32,         8,         0,   0.605,exact_mw,7fd11737ba5953e5998cf5d5ab7672462ce2ff07a9ab0f8628176a3f70e7a095,"{""distance"":5,""physical_error_rate"":0.05}","{""detection_events"":1215,""detectors_checked"":7168,""obs_mistake_mask=E"":8}"
      1024,         0,         0,   0.040,exact_mw,bb90ec3459e353008cf9a5bb9142bf1e8515517a9e167021b225104594e48e8a,"{""distance"":5,""physical_error_rate"":0.001}","{""detection_events"":1042,""detectors_checked"":229376}"
        16,         6,         0,   0.410,exact_mw,14059eecea5f7bdc562c01e7682d53b775a747f80d40379178915ac673e3b6bb,"{""distance"":5,""physical_error_rate"":0.5}","{""detection_events"":1776,""detectors_checked"":3584,""obs_mistake_mask=E"":6}"
      2048,         0,         0,   0.122,exact_mw,bb90ec3459e353008cf9a5bb9142bf1e8515517a9e167021b225104594e48e8a,"{""distance"":5,""physical_error_rate"":0.001}","{""detection_events"":1953,""detectors_checked"":458752}"
        32,         2,         0,   0.387,exact_mw,7b4896c0e7f0a510554d89637fd747b157418067a95869d1f0661294d473d1dc,"{""distance"":5,""physical_error_rate"":0.02}","{""detection_events"":565,""detectors_checked"":7168,""obs_mistake_mask=E"":2}"
     47104,         0,         0,   0.806,exact_mw,70a969f5042aec17ac076c6379f4170fb7c69b8e925756ef3b7334e28a33338b,"{""distance"":5,""physical_error_rate"":0.0001}","{""detection_events"":4643,""detectors_checked"":10551296}"
     91136,         0,         0,    1.55,exact_mw,70a969f5042aec17ac076c6379f4170fb7c69b8e925756ef3b7334e28a33338b,"{""distance"":5,""physical_error_rate"":0.0001}","{""detection_events"":8982,""detectors_checked"":20414464}"
      3072,         0,         0,   0.204,exact_mw,bb90ec3459e353008cf9a5bb9142bf1e8515517a9e167021b225104594e48e8a,"{""distance"":5,""physical_error_rate"":0.001}","{""detection_events"":2908,""detectors_checked"":688128}"
       256,         0,         0,   0.483,exact_mw,38b7ae1c4e8407fc325e0d9e43e9f92ff26dcb3f5cf7b98d24ea74c9e5188d39,"{""distance"":5,""physical_error_rate"":0.005}","{""detection_events"":1265,""detectors_checked"":57344}"
     43008,         0,         0,    1.13,exact_mw,cb12ae119b9b2ba18d0216e7235b403229e92fd0743ede48fe7f1a2c6f45d594,"{""distance"":5,""physical_error_rate"":0.0005}","{""detection_events"":21130,""detectors_checked"":9633792}"
         1,         0,         0,   0.006,exact_mw,f32ebecd8e105e50ec838d33c5ed9b45444b6b44a3c6ac541111079f2b14e893,"{""distance"":5,""physical_error_rate"":5e-05}","{""detectors_checked"":224}"
        32,        16,         0,   0.832,exact_mw,14059eecea5f7bdc562c01e7682d53b775a747f80d40379178915ac673e3b6bb,"{""distance"":5,""physical_error_rate"":0.5}","{""detection_events"":3585,""detectors_checked"":7168,""obs_mistake_mask=E"":16}"
     14336,         0,         0,   0.851,exact_mw,bb90ec3459e353008cf9a5bb9142bf1e8515517a9e167021b225104594e48e8a,"{""distance"":5,""physical_error_rate"":0.001}","{""detection_events"":14018,""detectors_checked"":3211264}"
      2320,         0,         0,   0.023,exact_mw,f32ebecd8e105e50ec838d33c5ed9b45444b6b44a3c6ac541111079f2b14e893,"{""distance"":5,""physical_error_rate"":5e-05}","{""detection_events"":65,""detectors_checked"":519680}"
     23552,         0,         0,   0.579,exact_mw,cb12ae119b9b2ba18d0216e7235b403229e92fd0743ede48fe7f1a2c6f45d594,"{""distance"":5,""physical_error_rate"":0.0005}","{""detection_events"":12069,""detectors_checked"":5275648}"
        32,        15,         0,   0.581,exact_mw,14059eecea5f7bdc562c01e7682d53b775a747f80d40379178915ac673e3b6bb,"{""distance"":5,""physical_error_rate"":0.5}","{""detection_events"":3540,""detectors_checked"":7168,""obs_mistake_mask=E"":15}"
     59392,         0,         0,    1.09,exact_mw,f32ebecd8e105e50ec838d33c5ed9b45444b6b44a3c6ac541111079f2b14e893,"{""distance"":5,""physical_error_rate"":5e-05}","{""detection_events"":2979,""detectors_checked"":13303808}"
        32,        19,         0,   0.677,exact_mw,d68317bf2f4c69d73359111c5597779a07d8ed85f1f94573f1c8a2f6c683850d,"{""distance"":5,""physical_error_rate"":0.2}","{""detection_events"":2868,""detectors_checked"":7168,""obs_mistake_mask=E"":19}"
       256,         0,         0,   0.582,exact_mw,38b7ae1c4e8407fc325e0d9e43e9f92ff26dcb3f5cf7b98d24ea74c9e5188d39,"{""distance"":5,""physical_error_rate"":0.005}","{""detection_events"":1244,""detectors_checked"":57344}"
      2048,         0,         0,   0.014,exact_mw,f32ebecd8e105e50ec838d33c5ed9b45444b6b44a3c6ac541111079f2b14e893,"{""distance"":5,""physical_error_rate"":5e-05}","{""detection_events"":106,""detectors_checked"":458752}"
      1024,         1,         0,   0.377,exact_mw,3208f56225bbcac0e2804eb6f92d0a8b681652a702ca1ec920ccd7367f0e0899,"{""distance"":5,""physical_error_rate"":0.002}","{""detection_events"":2064,""detectors_checked"":229376,""obs_mistake_mask=E"":1}"
      4096,         0,         0,   0.973,exact_mw,3208f56225bbcac0e2804eb6f92d0a8b681652a702ca1ec920ccd7367f0e0899,"{""distance"":5,""physical_error_rate"":0.002}","{""detection_events"":7936,""detectors_checked"":917504}"
        32,         0,         0,   0.333,exact_mw,7b4896c0e7f0a510554d89637fd747b157418067a95869d1f0661294d473d1dc,"{""distance"":5,""physical_error_rate"":0.02}","{""detection_events"":563,""detectors_checked"":7168}"
        64,         0,         0,   0.366,exact_mw,72230d8c06b5a71069df48ede6f7f3e6128cd83e8239dd1b2e5fe023578b6eb1,"{""distance"":5,""physical_error_rate"":0.01}","{""detection_events"":525,""detectors_checked"":14336}"
     49152,         0,         0,   0.809,exact_mw,70a969f5042aec17ac076c6379f4170fb7c69b8e925756ef3b7334e28a33338b,"{""distance"":5,""physical_error_rate"":0.0001}","{""detection_events"":4959,""detectors_checked"":11010048}"
      2048,         0,         0,   0.121,exact_mw,bb90ec3459e353008cf9a5bb9142bf1e8515517a9e167021b225104594e48e8a,"{""distance"":5,""physical_error_rate"":0.001}","{""detection_events"":1966,""detectors_checked"":458752}"
      4096,         0,         0,   0.044,exact_mw,f32ebecd8e105e50ec838d33c5ed9b45444b6b44a3c6ac541111079f2b14e893,"{""distance"":5,""physical_error_rate"":5e-05}","{""detection_events"":244,""detectors_checked"":917504}"
        64,        29,         0,    1.00,exact_mw,d68317bf2f4c69d73359111c5597779a07d8ed85f1f94573f1c8a2f6c683850d,"{""distance"":5,""physical_error_rate"":0.2}","{""detection_events"":5710,""detectors_checked"":14336,""obs_mistake_mask=E"":29}"
      2048,         0,         0,   0.438,exact_mw,3208f56225bbcac0e2804eb6f92d0a8b681652a702ca1ec920ccd7367f0e0899,"{""distance"":5,""physical_error_rate"":0.002}","{""detection_events"":3787,""detectors_checked"":458752}"
        32,        16,         0,   0.606,exact_mw,7def73f725f8347dc4de7c57664b66d91778cc6018e33f45b3defe89c7a0cfc0,"{""distance"":5,""physical_error_rate"":0.1}","{""detection_events"":1970,""detectors_checked"":7168,""obs_mistake_mask=E"":16}"
       256,         0,         0,   0.542,exact_mw,38b7ae1c4e8407fc325e0d9e43e9f92ff26dcb3f5cf7b98d24ea74c9e5188d39,"{""distance"":5,""physical_error_rate"":0.005}","{""detection_events"":1134,""detectors_checked"":57344}"
        32,        18,         0,   0.731,exact_mw,7def73f725f8347dc4de7c57664b66d91778cc6018e33f45b3defe89c7a0cfc0,"{""distance"":5,""physical_error_rate"":0.1}","{""detection_events"":2010,""detectors_checked"":7168,""obs_mistake_mask=E"":18}"
     41984,         0,         0,    1.06,exact_mw,cb12ae119b9b2ba18d0216e7235b403229e92fd0743ede48fe7f1a2c6f45d594,"{""distance"":5,""physical_error_rate"":0.0005}","{""detection_events"":21550,""detectors_checked"":9404416}"
       256,         0,         0,   0.490,exact_mw,38b7ae1c4e8407fc325e0d9e43e9f92ff26dcb3f5cf7b98d24ea74c9e5188d39,"{""distance"":5,""physical_error_rate"":0.005}","{""detection_events"":1225,""detectors_checked"":57344}"
        16,         6,         0,   0.421,exact_mw,14059eecea5f7bdc562c01e7682d53b775a747f80d40379178915ac673e3b6bb,"{""distance"":5,""physical_error_rate"":0.5}","{""detection_events"":1805,""detectors_checked"":3584,""obs_mistake_mask=E"":6}"
        32,         2,         0,   0.522,exact_mw,7b4896c0e7f0a510554d89637fd747b157418067a95869d1f0661294d473d1dc,"{""distance"":5,""physical_error_rate"":0.02}","{""detection_events"":594,""detectors_checked"":7168,""obs_mistake_mask=E"":2}"
       128,         1,         0,    1.11,exact_mw,72230d8c06b5a71069df48ede6f7f3e6128cd83e8239dd1b2e5fe023578b6eb1,"{""distance"":5,""physical_error_rate"":0.01}","{""detection_events"":1170,""detectors_checked"":28672,""obs_mistake_mask=E"":1}"
        32,         7,         0,   0.650,exact_mw,7fd11737ba5953e5998cf5d5ab7672462ce2ff07a9ab0f8628176a3f70e7a095,"{""distance"":5,""physical_error_rate"":0.05}","{""detection_events"":1197,""detectors_checked"":7168,""obs_mistake_mask=E"":7}"
        32,         2,         0,   0.426,exact_mw,7b4896c0e7f0a510554d89637fd747b157418067a95869d1f0661294d473d1dc,"{""distance"":5,""physical_error_rate"":0.02}","{""detection_events"":627,""detectors_checked"":7168,""obs_mistake_mask=E"":2}"
        16,         3,         0,   0.302,exact_mw,7fd11737ba5953e5998cf5d5ab7672462ce2ff07a9ab0f8628176a3f70e7a095,"{""distance"":5,""physical_error_rate"":0.05}","{""detection_events"":623,""detectors_checked"":3584,""obs_mistake_mask=E"":3}"
      2048,         0,         0,   0.564,exact_mw,3208f56225bbcac0e2804eb6f92d0a8b681652a702ca1ec920ccd7367f0e0899,"{""distance"":5,""physical_error_rate"":0.002}","{""detection_events"":4245,""detectors_checked"":458752}"
        32,        14,         0,   0.535,exact_mw,7def73f725f8347dc4de7c57664b66d91778cc6018e33f45b3defe89c7a0cfc0,"{""distance"":5,""physical_error_rate"":0.1}","{""detection_events"":1976,""detectors_checked"":7168,""obs_mistake_mask=E"":14}"
      2048,         0,         0,   0.046,exact_mw,bb90ec3459e353008cf9a5bb9142bf1e8515517a9e167021b225104594e48e8a,"{""distance"":5,""physical_error_rate"":0.001}","{""detection_events"":2055,""detectors_checked"":458752}"
      3072,         0,         0,   0.055,exact_mw,f32ebecd8e105e50ec838d33c5ed9b45444b6b44a3c6ac541111079f2b14e893,"{""distance"":5,""physical_error_rate"":5e-05}","{""detection_events"":113,""detectors_checked"":688128}"
       256,         0,         0,   0.534,exact_mw,38b7ae1c4e8407fc325e0d9e43e9f92ff26dcb3f5cf7b98d24ea74c9e5188d39,"{""distance"":5,""physical_error_rate"":0.005}","{""detection_events"":1119,""detectors_checked"":57344}"
        16,         7,         0,   0.402,exact_mw,14059eecea5f7bdc562c01e7682d53b775a747f80d40379178915ac673e3b6bb,"{""distance"":5,""physical_error_rate"":0.5}","{""detection_events"":1780,""detectors_checked"":3584,""obs_mistake_mask=E"":7}"
        64,         1,         0,   0.489,exact_mw,72230d8c06b5a71069df48ede6f7f3e6128cd83e8239dd1b2e5fe023578b6eb1,"{""distance"":5,""physical_error_rate"":0.01}","{""detection_events"":611,""detectors_checked"":14336,""obs_mistake_mask=E"":1}"
      1024,         0,         0,   0.477,exact_mw,3208f56225bbcac0e2804eb6f92d0a8b681652a702ca1ec920ccd7367f0e0899,"{""distance"":5,""physical_error_rate"":0.002}","{""detection_events"":2161,""detectors_checked"":229376}"
       256,         0,         0,   0.533,exact_mw,38b7ae1c4e8407fc325e0d9e43e9f92ff26dcb3f5cf7b98d24ea74c9e5188d39,"{""distance"":5,""physical_error_rate"":0.005}","{""detection_events"":1181,""detectors_checked"":57344}"
      3072,         0,         0,   0.179,exact_mw,bb90ec3459e353008cf9a5bb9142bf1e8515517a9e167021b225104594e48e8a,"{""distance"":5,""physical_error_rate"":0.001}","{""detection_events"":3039,""detectors_checked"":688128}"
     32768,         0,         0,   0.566,exact_mw,cb12ae119b9b2ba18d0216e7235b403229e92fd0743ede48fe7f1a2c6f45d594,"{""distance"":5,""physical_error_rate"":0.0005}","{""detection_events"":16521,""detectors_checked"":7340032}"
        32,        12,         0,   0.647,exact_mw,7fd11737ba5953e5998cf5d5ab7672462ce2ff07a9ab0f8628176a3f70e7a095,"{""distance"":5,""physical_error_rate"":0.05}","{""detection_events"":1179,""detectors_checked"":7168,""obs_mistake_mask=E"":12}"
     19456,         0,         0,    1.18,exact_mw,bb90ec3459e353008cf9a5bb9142bf1e8515517a9e167021b225104594e48e8a,"{""distance"":5,""physical_error_rate"":0.001}","{""detection_events"":18648,""detectors_checked"":4358144}"
        32,        12,         0,   0.686,exact_mw,14059eecea5f7bdc562c01e7682d53b775a747f80d40379178915ac673e3b6bb,"{""distance"":5,""physical_error_rate"":0.5}","{""detection_events"":3496,""detectors_checked"":7168,""obs_mistake_mask=E"":12}"
        32,        14,         0,   0.732,exact_mw,7def73f725f8347dc4de7c57664b66d91778cc6018e33f45b3defe89c7a0cfc0,"{""distance"":5,""physical_error_rate"":0.1}","{""detection_events"":1951,""detectors_checked"":7168,""obs_mistake_mask=E"":14}"
        32,         5,         0,   0.708,exact_mw,7fd11737ba5953e5998cf5d5ab7672462ce2ff07a9ab0f8628176a3f70e7a095,"{""distance"":5,""physical_error_rate"":0.05}","{""detection_events"":1189,""detectors_checked"":7168,""obs_mistake_mask=E"":5}"
        16,         8,         0,   0.387,exact_mw,d68317bf2f4c69d73359111c5597779a07d8ed85f1f94573f1c8a2f6c683850d,"{""distance"":5,""physical_error_rate"":0.2}","{""detection_events"":1462,""detectors_checked"":3584,""obs_mistake_mask=E"":8}"
        32,         5,         0,   0.607,exact_mw,7fd11737ba5953e5998cf5d5ab7672462ce2ff07a9ab0f8628176a3f70e7a095,"{""distance"":5,""physical_error_rate"":0.05}","{""detection_events"":1225,""detectors_checked"":7168,""obs_mistake_mask=E"":5}"
        32,        17,         0,   0.535,exact_mw,d68317bf2f4c69d73359111c5597779a07d8ed85f1f94573f1c8a2f6c683850d,"{""distance"":5,""physical_error_rate"":0.2}","{""detection_events"":2894,""detectors_checked"":7168,""obs_mistake_mask=E"":17}"
        32,         2,         0,   0.482,exact_mw,7b4896c0e7f0a510554d89637fd747b157418067a95869d1f0661294d473d1dc,"{""distance"":5,""physical_error_rate"":0.02}","{""detection_events"":612,""detectors_checked"":7168,""obs_mistake_mask=E"":2}"
      4096,         0,         0,   0.053,exact_mw,f32ebecd8e105e50ec838d33c5ed9b45444b6b44a3c6ac541111079f2b14e893,"{""distance"":5,""physical_error_rate"":5e-05}","{""detection_events"":172,""detectors_checked"":917504}"
       128,         0,         0,    1.07,exact_mw,72230d8c06b5a71069df48ede6f7f3e6128cd83e8239dd1b2e5fe023578b6eb1,"{""distance"":5,""physical_error_rate"":0.01}","{""detection_events"":1296,""detectors_checked"":28672}"
     44032,         0,         0,   0.786,exact_mw,cb12ae119b9b2ba18d0216e7235b403229e92fd0743ede48fe7f1a2c6f45d594,"{""distance"":5,""physical_error_rate"":0.0005}","{""detection_events"":21796,""detectors_checked"":9863168}"
        64,        28,         0,    1.09,exact_mw,d68317bf2f4c69d73359111c5597779a07d8ed85f1f94573f1c8a2f6c683850d,"{""distance"":5,""physical_error_rate"":0.2}","{""detection_events"":5832,""detectors_checked"":14336,""obs_mistake_mask=E"":28}"
        16,         6,         0,   0.305,exact_mw,7def73f725f8347dc4de7c57664b66d91778cc6018e33f45b3defe89c7a0cfc0,"{""distance"":5,""physical_error_rate"":0.1}","{""detection_events"":1016,""detectors_checked"":3584,""obs_mistake_mask=E"":6}"
        64,         0,         0,   0.662,exact_mw,72230d8c06b5a71069df48ede6f7f3e6128cd83e8239dd1b2e5fe023578b6eb1,"{""distance"":5,""physical_error_rate"":0.01}","{""detection_events"":638,""detectors_checked"":14336}"
       256,         2,         0,    1.15,exact_mw,72230d8c06b5a71069df48ede6f7f3e6128cd83e8239dd1b2e5fe023578b6eb1,"{""distance"":5,""physical_error_rate"":0.01}","{""detection_events"":2374,""detectors_checked"":57344,""obs_mistake_mask=E"":2}"
        32,        15,         0,   0.628,exact_mw,d68317bf2f4c69d73359111c5597779a07d8ed85f1f94573f1c8a2f6c683850d,"{""distance"":5,""physical_error_rate"":0.2}","{""detection_events"":2814,""detectors_checked"":7168,""obs_mistake_mask=E"":15}"
     30720,         0,         0,   0.565,exact_mw,70a969f5042aec17ac076c6379f4170fb7c69b8e925756ef3b7334e28a33338b,"{""distance"":5,""physical_error_rate"":0.0001}","{""detection_events"":3024,""detectors_checked"":6881280}"
        32,         3,         0,   0.515,exact_mw,7fd11737ba5953e5998cf5d5ab7672462ce2ff07a9ab0f8628176a3f70e7a095,"{""distance"":5,""physical_error_rate"":0.05}","{""detection_events"":1218,""detectors_checked"":7168,""obs_mistake_mask=E"":3}"
      3072,         0,         0,   0.126,exact_mw,bb90ec3459e353008cf9a5bb9142bf1e8515517a9e167021b225104594e48e8a,"{""distance"":5,""physical_error_rate"":0.001}","{""detection_events"":2936,""detectors_checked"":688128}"
     29696,         0,         0,   0.529,exact_mw,cdc4a450a40af8e24899239080e4c40992fb5baf91c5a31ab3a165eacb3a1ab3,"{""distance"":5,""physical_error_rate"":0.0002}","{""detection_events"":5859,""detectors_checked"":6651904}"
        16,         7,         0,   0.367,exact_mw,d68317bf2f4c69d73359111c5597779a07d8ed85f1f94573f1c8a2f6c683850d,"{""distance"":5,""physical_error_rate"":0.2}","{""detection_events"":1441,""detectors_checked"":3584,""obs_mistake_mask=E"":7}"
      5120,         0,         0,   0.073,exact_mw,f32ebecd8e105e50ec838d33c5ed9b45444b6b44a3c6ac541111079f2b14e893,"{""distance"":5,""physical_error_rate"":5e-05}","{""detection_events"":245,""detectors_checked"":1146880}"
     33792,         0,         0,   0.800,exact_mw,cb12ae119b9b2ba18d0216e7235b403229e92fd0743ede48fe7f1a2c6f45d594,"{""distance"":5,""physical_error_rate"":0.0005}","{""detection_events"":16758,""detectors_checked"":7569408}"
        16,         6,         0,   0.363,exact_mw,7def73f725f8347dc4de7c57664b66d91778cc6018e33f45b3defe89c7a0cfc0,"{""distance"":5,""physical_error_rate"":0.1}","{""detection_events"":992,""detectors_checked"":3584,""obs_mistake_mask=E"":6}"
       256,         1,         0,   0.736,exact_mw,38b7ae1c4e8407fc325e0d9e43e9f92ff26dcb3f5cf7b98d24ea74c9e5188d39,"{""distance"":5,""physical_error_rate"":0.005}","{""detection_events"":1208,""detectors_checked"":57344,""obs_mistake_mask=E"":1}"
     86016,         0,         0,    1.54,exact_mw,cdc4a450a40af8e24899239080e4c40992fb5baf91c5a31ab3a165eacb3a1ab3,"{""distance"":5,""physical_error_rate"":0.0002}","{""detection_events"":16532,""detectors_checked"":19267584}"
     45056,         0,         0,    1.13,exact_mw,cb12ae119b9b2ba18d0216e7235b403229e92fd0743ede48fe7f1a2c6f45d594,"{""distance"":5,""physical_error_rate"":0.0005}","{""detection_events"":22250,""detectors_checked"":10092544}"
      1024,         0,         0,   0.256,exact_mw,3208f56225bbcac0e2804eb6f92d0a8b681652a702ca1ec920ccd7367f0e0899,"{""distance"":5,""physical_error_rate"":0.002}","{""detection_events"":1997,""detectors_checked"":229376}"
       256,         0,         0,   0.617,exact_mw,38b7ae1c4e8407fc325e0d9e43e9f92ff26dcb3f5cf7b98d24ea74c9e5188d39,"{""distance"":5,""physical_error_rate"":0.005}","{""detection_events"":1143,""detectors_checked"":57344}"
      6144,         0,         0,   0.345,exact_mw,bb90ec3459e353008cf9a5bb9142bf1e8515517a9e167021b225104594e48e8a,"{""distance"":5,""physical_error_rate"":0.001}","{""detection_events"":5808,""detectors_checked"":1376256}"
        64,         2,         0,   0.565,exact_mw,72230d8c06b5a71069df48ede6f7f3e6128cd83e8239dd1b2e5fe023578b6eb1,"{""distance"":5,""physical_error_rate"":0.01}","{""detection_events"":563,""detectors_checked"":14336,""obs_mistake_mask=E"":2}"
     65536,         0,         0,    1.13,exact_mw,70a969f5042aec17ac076c6379f4170fb7c69b8e925756ef3b7334e28a33338b,"{""distance"":5,""physical_error_rate"":0.0001}","{""detection_events"":6506,""detectors_checked"":14680064}"
      4096,         1,         0,    1.38,exact_mw,3208f56225bbcac0e2804eb6f92d0a8b681652a702ca1ec920ccd7367f0e0899,"{""distance"":5,""physical_error_rate"":0.002}","{""detection_events"":8094,""detectors_checked"":917504,""obs_mistake_mask=E"":1}"
        32,        21,         0,   0.624,exact_mw,14059eecea5f7bdc562c01e7682d53b775a747f80d40379178915ac673e3b6bb,"{""distance"":5,""physical_error_rate"":0.5}","{""detection_events"":3696,""detectors_checked"":7168,""obs_mistake_mask=E"":21}"
     97280,         0,         0,    1.57,exact_mw,70a969f5042aec17ac076c6379f4170fb7c69b8e925756ef3b7334e28a33338b,"{""distance"":5,""physical_error_rate"":0.0001}","{""detection_events"":9434,""detectors_checked"":21790720}"
        16,        10,         0,   0.425,exact_mw,14059eecea5f7bdc562c01e7682d53b775a747f80d40379178915ac673e3b6bb,"{""distance"":5,""physical_error_rate"":0.5}","{""detection_events"":1784,""detectors_checked"":3584,""obs_mistake_mask=E"":10}"
      3072,         0,         0,   0.190,exact_mw,bb90ec3459e353008cf9a5bb9142bf1e8515517a9e167021b225104594e48e8a,"{""distance"":5,""physical_error_rate"":0.001}","{""detection_events"":3158,""detectors_checked"":688128}"
        64,         2,         0,   0.712,exact_mw,7b4896c0e7f0a510554d89637fd747b157418067a95869d1f0661294d473d1dc,"{""distance"":5,""physical_error_rate"":0.02}","{""detection_events"":1102,""detectors_checked"":14336,""obs_mistake_mask=E"":2}"
     91136,         0,         0,    1.56,exact_mw,70a969f5042aec17ac076c6379f4170fb7c69b8e925756ef3b7334e28a33338b,"{""distance"":5,""physical_error_rate"":0.0001}","{""detection_events"":8962,""detectors_checked"":20414464}"
        32,        17,         0,   0.700,exact_mw,7def73f725f8347dc4de7c57664b66d91778cc6018e33f45b3defe89c7a0cfc0,"{""distance"":5,""physical_error_rate"":0.1}","{""detection_events"":1969,""detectors_checked"":7168,""obs_mistake_mask=E"":17}"
        32,         0,         0,   0.513,exact_mw,7b4896c0e7f0a510554d89637fd747b157418067a95869d1f0661294d473d1dc,"{""distance"":5,""physical_error_rate"":0.02}","{""detection_events"":591,""detectors_checked"":7168}"
     62464,         0,         0,    1.06,exact_mw,f32ebecd8e105e50ec838d33c5ed9b45444b6b44a3c6ac541111079f2b14e893,"{""distance"":5,""physical_error_rate"":5e-05}","{""detection_events"":3156,""detectors_checked"":13991936}"
      2048,         0,         0,   0.556,exact_mw,3208f56225bbcac0e2804eb6f92d0a8b681652a702ca1ec920ccd7367f0e0899,"{""distance"":5,""physical_error_rate"":0.002}","{""detection_events"":3977,""detectors_checked"":458752}"
        32,        14,         0,   0.731,exact_mw,d68317bf2f4c69d73359111c5597779a07d8ed85f1f94573f1c8a2f6c683850d,"{""distance"":5,""physical_error_rate"":0.2}","{""detection_events"":2796,""detectors_checked"":7168,""obs_mistake_mask=E"":14}"
      7168,         0,         0,   0.109,exact_mw,f32ebecd8e105e50ec838d33c5ed9b45444b6b44a3c6ac541111079f2b14e893,"{""distance"":5,""physical_error_rate"":5e-05}","{""detection_events"":354,""detectors_checked"":1605632}"
        32,         7,         0,   0.524,exact_mw,7fd11737ba5953e5998cf5d5ab7672462ce2ff07a9ab0f8628176a3f70e7a095,"{""distance"":5,""physical_error_rate"":0.05}","{""detection_events"":1226,""detectors_checked"":7168,""obs_mistake_mask=E"":7}"
      3072,         0,         0,   0.143,exact_mw,bb90ec3459e353008cf9a5bb9142bf1e8515517a9e167021b225104594e48e8a,"{""distance"":5,""physical_error_rate"":0.001}","{""detection_events"":3106,""detectors_checked"":688128}"
        32,        14,         0,   0.763,exact_mw,7def73f725f8347dc4de7c57664b66d91778cc6018e33f45b3defe89c7a0cfc0,"{""distance"":5,""physical_error_rate"":0.1}","{""detection_events"":1916,""detectors_checked"":7168,""obs_mistake_mask=E"":14}"
        32,        11,         0,   0.640,exact_mw,7def73f725f8347dc4de7c57664b66d91778cc6018e33f45b3defe89c7a0cfc0,"{""distance"":5,""physical_error_rate"":0.1}","{""detection_events"":1962,""detectors_checked"":7168,""obs_mistake_mask=E"":11}"
        32,        13,         0,   0.791,exact_mw,14059eecea5f7bdc562c01e7682d53b775a747f80d40379178915ac673e3b6bb,"{""distance"":5,""physical_error_rate"":0.5}","{""detection_events"":3569,""detectors_checked"":7168,""obs_mistake_mask=E"":13}"
     44032,         0,         0,    1.11,exact_mw,cb12ae119b9b2ba18d0216e7235b403229e92fd0743ede48fe7f1a2c6f45d594,"{""distance"":5,""physical_error_rate"":0.0005}","{""detection_events"":21448,""detectors_checked"":9863168}"
       256,         2,         0,   0.438,exact_mw,38b7ae1c4e8407fc325e0d9e43e9f92ff26dcb3f5cf7b98d24ea74c9e5188d39,"{""distance"":5,""physical_error_rate"":0.005}","{""detection_events"":1188,""detectors_checked"":57344,""obs_mistake_mask=E"":2}"
        64,         2,         0,   0.536,exact_mw,72230d8c06b5a71069df48ede6f7f3e6128cd83e8239dd1b2e5fe023578b6eb1,"{""distance"":5,""physical_error_rate"":0.01}","{""detection_events"":620,""detectors_checked"":14336,""obs_mistake_mask=E"":2}"
     43008,         0,         0,   0.764,exact_mw,f32ebecd8e105e50ec838d33c5ed9b45444b6b44a3c6ac541111079f2b14e893,"{""distance"":5,""physical_error_rate"":5e-05}","{""detection_events"":2091,""detectors_checked"":9633792}"
        16,         3,         0,   0.310,exact_mw,7fd11737ba5953e5998cf5d5ab7672462ce2ff07a9ab0f8628176a3f70e7a095,"{""distance"":5,""physical_error_rate"":0.05}","{""detection_events"":648,""detectors_checked"":3584,""obs_mistake_mask=E"":3}"
       256,         1,         0,   0.771,exact_mw,38b7ae1c4e8407fc325e0d9e43e9f92ff26dcb3f5cf7b98d24ea74c9e5188d39,"{""distance"":5,""physical_error_rate"":0.005}","{""detection_events"":1271,""detectors_checked"":57344,""obs_mistake_mask=E"":1}"
        16,         9,         0,   0.271,exact_mw,14059eecea5f7bdc562c01e7682d53b775a747f80d40379178915ac673e3b6bb,"{""distance"":5,""physical_error_rate"":0.5}","{""detection_events"":1774,""detectors_checked"":3584,""obs_mistake_mask=E"":9}"
        32,         7,         0,   0.536,exact_mw,7fd11737ba5953e5998cf5d5ab7672462ce2ff07a9ab0f8628176a3f70e7a095,"{""distance"":5,""physical_error_rate"":0.05}","{""detection_events"":1280,""detectors_checked"":7168,""obs_mistake_mask=E"":7}"
      1024,         0,         0,   0.277,exact_mw,3208f56225bbcac0e2804eb6f92d0a8b681652a702ca1ec920ccd7367f0e0899,"{""distance"":5,""physical_error_rate"":0.002}","{""detection_events"":1970,""detectors_checked"":229376}"
     46080,         0,         0,   0.766,exact_mw,cdc4a450a40af8e24899239080e4c40992fb5baf91c5a31ab3a165eacb3a1ab3,"{""distance"":5,""physical_error_rate"":0.0002}","{""detection_events"":9496,""detectors_checked"":10321920}"
        32,        13,         0,   0.746,exact_mw,14059eecea5f7bdc562c01e7682d53b775a747f80d40379178915ac673e3b6bb,"{""distance"":5,""physical_error_rate"":0.5}","{""detection_events"":3561,""detectors_checked"":7168,""obs_mistake_mask=E"":13}"
     73728,         0,         0,   0.799,exact_mw,cdc4a450a40af8e24899239080e4c40992fb5baf91c5a31ab3a165eacb3a1ab3,"{""distance"":5,""physical_error_rate"":0.0002}","{""detection_events"":14529,""detectors_checked"":16515072}"
       256,         0,         0,   0.385,exact_mw,38b7ae1c4e8407fc325e0d9e43e9f92ff26dcb3f5cf7b98d24ea74c9e5188d39,"{""distance"":5,""physical_error_rate"":0.005}","{""detection_events"":1218,""detectors_checked"":57344}"
        16,         7,         0,   0.383,exact_mw,14059eecea5f7bdc562c01e7682d53b775a747f80d40379178915ac673e3b6bb,"{""distance"":5,""physical_error_rate"":0.5}","{""detection_events"":1745,""detectors_checked"":3584,""obs_mistake_mask=E"":7}"
      2048,         0,         0,   0.593,exact_mw,3208f56225bbcac0e2804eb6f92d0a8b681652a702ca1ec920ccd7367f0e0899,"{""distance"":5,""physical_error_rate"":0.002}","{""detection_events"":3995,""detectors_checked"":458752}"
        32,         1,         0,   0.522,exact_mw,7b4896c0e7f0a510554d89637fd747b157418067a95869d1f0661294d473d1dc,"{""distance"":5,""physical_error_rate"":0.02}","{""detection_events"":601,""detectors_checked"":7168,""obs_mistake_mask=E"":1}"
        64,         1,         0,   0.334,exact_mw,72230d8c06b5a71069df48ede6f7f3e6128cd83e8239dd1b2e5fe023578b6eb1,"{""distance"":5,""physical_error_rate"":0.01}","{""detection_events"":556,""detectors_checked"":14336,""obs_mistake_mask=E"":1}"
        32,         0,         0,   0.449,exact_mw,7b4896c0e7f0a510554d89637fd747b157418067a95869d1f0661294d473d1dc,"{""distance"":5,""physical_error_rate"":0.02}","{""detection_events"":544,""detectors_checked"":7168}"
        16,         4,         0,   0.301,exact_mw,7def73f725f8347dc4de7c57664b66d91778cc6018e33f45b3defe89c7a0cfc0,"{""distance"":5,""physical_error_rate"":0.1}","{""detection_events"":1011,""detectors_checked"":3584,""obs_mistake_mask=E"":4}"
        32,        18,         0,   0.652,exact_mw,7def73f725f8347dc4de7c57664b66d91778cc6018e33f45b3defe89c7a0cfc0,"{""distance"":5,""physical_error_rate"":0.1}","{""detection_events"":1984,""detectors_checked"":7168,""obs_mistake_mask=E"":18}"
        32,         0,         0,   0.432,exact_mw,7b4896c0e7f0a510554d89637fd747b157418067a95869d1f0661294d473d1dc,"{""distance"":5,""physical_error_rate"":0.02}","{""detection_events"":562,""detectors_checked"":7168}"
        32,        11,         0,   0.808,exact_mw,d68317bf2f4c69d73359111c5597779a07d8ed85f1f94573f1c8a2f6c683850d,"{""distance"":5,""physical_error_rate"":0.2}","{""detection_events"":2898,""detectors_checked"":7168,""obs_mistake_mask=E"":11}"
        32,         0,         0,   0.463,exact_mw,7b4896c0e7f0a510554d89637fd747b157418067a95869d1f0661294d473d1dc,"{""distance"":5,""physical_error_rate"":0.02}","{""detection_events"":547,""detectors_checked"":7168}"
      1024,         0,         0,   0.253,exact_mw,3208f56225bbcac0e2804eb6f92d0a8b681652a702ca1ec920ccd7367f0e0899,"{""distance"":5,""physical_error_rate"":0.002}","{""detection_events"":1974,""detectors_checked"":229376}"
     13312,         0,         0,   0.162,exact_mw,f32ebecd8e105e50ec838d33c5ed9b45444b6b44a3c6ac541111079f2b14e893,"{""distance"":5,""physical_error_rate"":5e-05}","{""detection_events"":703,""detectors_checked"":2981888}"
       256,         1,         0,   0.483,exact_mw,38b7ae1c4e8407fc325e0d9e43e9f92ff26dcb3f5cf7b98d24ea74c9e5188d39,"{""distance"":5,""physical_error_rate"":0.005}","{""detection_events"":1265,""detectors_checked"":57344,""obs_mistake_mask=E"":1}"
        16,         7,         0,   0.382,exact_mw,d68317bf2f4c69d73359111c5597779a07d8ed85f1f94573f1c8a2f6c683850d,"{""distance"":5,""physical_error_rate"":0.2}","{""detection_events"":1382,""detectors_checked"":3584,""obs_mistake_mask=E"":7}"
        32,        19,         0,   0.710,exact_mw,d68317bf2f4c69d73359111c5597779a07d8ed85f1f94573f1c8a2f6c683850d,"{""distance"":5,""physical_error_rate"":0.2}","{""detection_events"":2876,""detectors_checked"":7168,""obs_mistake_mask=E"":19}"
        32,        11,         0,   0.668,exact_mw,7fd11737ba5953e5998cf5d5ab7672462ce2ff07a9ab0f8628176a3f70e7a095,"{""distance"":5,""physical_error_rate"":0.05}","{""detection_events"":1282,""detectors_checked"":7168,""obs_mistake_mask=E"":11}"
        64,         0,         0,   0.526,exact_mw,72230d8c06b5a71069df48ede6f7f3e6128cd83e8239dd1b2e5fe023578b6eb1,"{""distance"":5,""physical_error_rate"":0.01}","{""detection_events"":575,""detectors_checked"":14336}"
        16,         5,         0,   0.302,exact_mw,7def73f725f8347dc4de7c57664b66d91778cc6018e33f45b3defe89c7a0cfc0,"{""distance"":5,""physical_error_rate"":0.1}","{""detection_events"":1044,""detectors_checked"":3584,""obs_mistake_mask=E"":5}"
        64,         3,         0,   0.997,exact_mw,7b4896c0e7f0a510554d89637fd747b157418067a95869d1f0661294d473d1dc,"{""distance"":5,""physical_error_rate"":0.02}","{""detection_events"":1155,""detectors_checked"":14336,""obs_mistake_mask=E"":3}"
      4096,         0,         0,   0.198,exact_mw,bb90ec3459e353008cf9a5bb9142bf1e8515517a9e167021b225104594e48e8a,"{""distance"":5,""physical_error_rate"":0.001}","{""detection_events"":4066,""detectors_checked"":917504}"
        32,        13,         0,   0.520,exact_mw,7def73f725f8347dc4de7c57664b66d91778cc6018e33f45b3defe89c7a0cfc0,"{""distance"":5,""physical_error_rate"":0.1}","{""detection_events"":2039,""detectors_checked"":7168,""obs_mistake_mask=E"":13}"
      3072,         1,         0,   0.986,exact_mw,3208f56225bbcac0e2804eb6f92d0a8b681652a702ca1ec920ccd7367f0e0899,"{""distance"":5,""physical_error_rate"":0.002}","{""detection_events"":5944,""detectors_checked"":688128,""obs_mistake_mask=E"":1}"
     82944,         0,         0,    1.55,exact_mw,cdc4a450a40af8e24899239080e4c40992fb5baf91c5a31ab3a165eacb3a1ab3,"{""distance"":5,""physical_error_rate"":0.0002}","{""detection_events"":16412,""detectors_checked"":18579456}"
        32,         9,         0,   0.553,exact_mw,7fd11737ba5953e5998cf5d5ab7672462ce2ff07a9ab0f8628176a3f70e7a095,"{""distance"":5,""physical_error_rate"":0.05}","{""detection_events"":1356,""detectors_checked"":7168,""obs_mistake_mask=E"":9}"
       256,         0,         0,   0.507,exact_mw,38b7ae1c4e8407fc325e0d9e43e9f92ff26dcb3f5cf7b98d24ea74c9e5188d39,"{""distance"":5,""physical_error_rate"":0.005}","{""detection_events"":1279,""detectors_checked"":57344}"
       128,         2,         0,   0.835,exact_mw,72230d8c06b5a71069df48ede6f7f3e6128cd83e8239dd1b2e5fe023578b6eb1,"{""distance"":5,""physical_error_rate"":0.01}","{""detection_events"":1192,""detectors_checked"":28672,""obs_mistake_mask=E"":2}"
        32,        17,         0,   0.658,exact_mw,d68317bf2f4c69d73359111c5597779a07d8ed85f1f94573f1c8a2f6c683850d,"{""distance"":5,""physical_error_rate"":0.2}","{""detection_events"":2825,""detectors_checked"":7168,""obs_mistake_mask=E"":17}"
        64,        37,         0,    1.12,exact_mw,14059eecea5f7bdc562c01e7682d53b775a747f80d40379178915ac673e3b6bb,"{""distance"":5,""physical_error_rate"":0.5}","{""detection_events"":7168,""detectors_checked"":14336,""obs_mistake_mask=E"":37}"
        32,        21,         0,   0.514,exact_mw,7def73f725f8347dc4de7c57664b66d91778cc6018e33f45b3defe89c7a0cfc0,"{""distance"":5,""physical_error_rate"":0.1}","{""detection_events"":1995,""detectors_checked"":7168,""obs_mistake_mask=E"":21}"
      3072,         0,         0,   0.932,exact_mw,3208f56225bbcac0e2804eb6f92d0a8b681652a702ca1ec920ccd7367f0e0899,"{""distance"":5,""physical_error_rate"":0.002}","{""detection_events"":6169,""detectors_checked"":688128}"
        32,         1,         0,   0.514,exact_mw,7b4896c0e7f0a510554d89637fd747b157418067a95869d1f0661294d473d1dc,"{""distance"":5,""physical_error_rate"":0.02}","{""detection_events"":547,""detectors_checked"":7168,""obs_mistake_mask=E"":1}"
        16,         8,         0,   0.360,exact_mw,14059eecea5f7bdc562c01e7682d53b775a747f80d40379178915ac673e3b6bb,"{""distance"":5,""physical_error_rate"":0.5}","{""detection_events"":1758,""detectors_checked"":3584,""obs_mistake_mask=E"":8}"
        32,        17,         0,   0.730,exact_mw,14059eecea5f7bdc562c01e7682d53b775a747f80d40379178915ac673e3b6bb,"{""distance"":5,""physical_error_rate"":0.5}","{""detection_events"":3593,""detectors_checked"":7168,""obs_mistake_mask=E"":17}"
      5120,         0,         0,   0.356,exact_mw,bb90ec3459e353008cf9a5bb9142bf1e8515517a9e167021b225104594e48e8a,"{""distance"":5,""physical_error_rate"":0.001}","{""detection_events"":4874,""detectors_checked"":1146880}"
     22528,         0,         0,    1.11,exact_mw,bb90ec3459e353008cf9a5bb9142bf1e8515517a9e167021b225104594e48e8a,"{""distance"":5,""physical_error_rate"":0.001}","{""detection_events"":22324,""detectors_checked"":5046272}"
        32,        14,         0,   0.633,exact_mw,7def73f725f8347dc4de7c57664b66d91778cc6018e33f45b3defe89c7a0cfc0,"{""distance"":5,""physical_error_rate"":0.1}","{""detection_events"":2046,""detectors_checked"":7168,""obs_mistake_mask=E"":14}"
      7168,         1,         0,   0.417,exact_mw,bb90ec3459e353008cf9a5bb9142bf1e8515517a9e167021b225104594e48e8a,"{""distance"":5,""physical_error_rate"":0.001}","{""detection_events"":7123,""detectors_checked"":1605632,""obs_mistake_mask=E"":1}"
     18432,         0,         0,    1.09,exact_mw,bb90ec3459e353008cf9a5bb9142bf1e8515517a9e167021b225104594e48e8a,"{""distance"":5,""physical_error_rate"":0.001}","{""detection_events"":18214,""detectors_checked"":4128768}"
      2048,         0,         0,   0.631,exact_mw,3208f56225bbcac0e2804eb6f92d0a8b681652a702ca1ec920ccd7367f0e0899,"{""distance"":5,""physical_error_rate"":0.002}","{""detection_events"":3967,""detectors_checked"":458752}"
     13312,         0,         0,   0.214,exact_mw,f32ebecd8e105e50ec838d33c5ed9b45444b6b44a3c6ac541111079f2b14e893,"{""distance"":5,""physical_error_rate"":5e-05}","{""detection_events"":639,""detectors_checked"":2981888}"
        32,         7,         0,   0.606,exact_mw,7fd11737ba5953e5998cf5d5ab7672462ce2ff07a9ab0f8628176a3f70e7a095,"{""distance"":5,""physical_error_rate"":0.05}","{""detection_events"":1343,""detectors_checked"":7168,""obs_mistake_mask=E"":7}"
        32,        14,         0,   0.713,exact_mw,7def73f725f8347dc4de7c57664b66d91778cc6018e33f45b3defe89c7a0cfc0,"{""distance"":5,""physical_error_rate"":0.1}","{""detection_events"":1927,""detectors_checked"":7168,""obs_mistake_mask=E"":14}"
        32,        16,         0,   0.788,exact_mw,14059eecea5f7bdc562c01e7682d53b775a747f80d40379178915ac673e3b6bb,"{""distance"":5,""physical_error_rate"":0.5}","{""detection_events"":3654,""detectors_checked"":7168,""obs_mistake_mask=E"":16}"
        16,        10,         0,   0.322,exact_mw,14059eecea5f7bdc562c01e7682d53b775a747f80d40379178915ac673e3b6bb,"{""distance"":5,""physical_error_rate"":0.5}","{""detection_events"":1848,""detectors_checked"":3584,""obs_mistake_mask=E"":10}"
     47104,         0,         0,   0.814,exact_mw,cb12ae119b9b2ba18d0216e7235b403229e92fd0743ede48fe7f1a2c6f45d594,"{""distance"":5,""physical_error_rate"":0.0005}","{""detection_events"":23203,""detectors_checked"":10551296}"
        64,         0,         0,   0.478,exact_mw,72230d8c06b5a71069df48ede6f7f3e6128cd83e8239dd1b2e5fe023578b6eb1,"{""distance"":5,""physical_error_rate"":0.01}","{""detection_events"":571,""detectors_checked"":14336}"
        32,         5,         0,   0.664,exact_mw,7fd11737ba5953e5998cf5d5ab7672462ce2ff07a9ab0f8628176a3f70e7a095,"{""distance"":5,""physical_error_rate"":0.05}","{""detection_events"":1187,""detectors_checked"":7168,""obs_mistake_mask=E"":5}"
     81920,         0,         0,    1.10,exact_mw,f32ebecd8e105e50ec838d33c5ed9b45444b6b44a3c6ac541111079f2b14e893,"{""distance"":5,""physical_error_rate"":5e-05}","{""detection_events"":4072,""detectors_checked"":18350080}"
        32,         0,         0,   0.459,exact_mw,7b4896c0e7f0a510554d89637fd747b157418067a95869d1f0661294d473d1dc,"{""distance"":5,""physical_error_rate"":0.02}","{""detection_events"":546,""detectors_checked"":7168}"
     89088,         0,         0,    1.56,exact_mw,f32ebecd8e105e50ec838d33c5ed9b45444b6b44a3c6ac541111079f2b14e893,"{""distance"":5,""physical_error_rate"":5e-05}","{""detection_events"":4447,""detectors_checked"":19955712}"
      1024,         0,         0,   0.260,exact_mw,3208f56225bbcac0e2804eb6f92d0a8b681652a702ca1ec920ccd7367f0e0899,"{""distance"":5,""physical_error_rate"":0.002}","{""detection_events"":1923,""detectors_checked"":229376}"
       512,         0,         0,    1.38,exact_mw,38b7ae1c4e8407fc325e0d9e43e9f92ff26dcb3f5cf7b98d24ea74c9e5188d39,"{""distance"":5,""physical_error_rate"":0.005}","{""detection_events"":2450,""detectors_checked"":114688}"
       256,         0,         0,   0.596,exact_mw,38b7ae1c4e8407fc325e0d9e43e9f92ff26dcb3f5cf7b98d24ea74c9e5188d39,"{""distance"":5,""physical_error_rate"":0.005}","{""detection_events"":1197,""detectors_checked"":57344}"
        64,         0,         0,   0.643,exact_mw,72230d8c06b5a71069df48ede6f7f3e6128cd83e8239dd1b2e5fe023578b6eb1,"{""distance"":5,""physical_error_rate"":0.01}","{""detection_events"":604,""detectors_checked"":14336}"
        32,        19,         0,   0.682,exact_mw,14059eecea5f7bdc562c01e7682d53b775a747f80d40379178915ac673e3b6bb,"{""distance"":5,""physical_error_rate"":0.5}","{""detection_events"":3693,""detectors_checked"":7168,""obs_mistake_mask=E"":19}"
        64,         1,         0,    1.00,exact_mw,7b4896c0e7f0a510554d89637fd747b157418067a95869d1f0661294d473d1dc,"{""distance"":5,""physical_error_rate"":0.02}","{""detection_events"":1127,""detectors_checked"":14336,""obs_mistake_mask=E"":1}"
        32,         1,         0,   0.698,exact_mw,7fd11737ba5953e5998cf5d5ab7672462ce2ff07a9ab0f8628176a3f70e7a095,"{""distance"":5,""physical_error_rate"":0.05}","{""detection_events"":1181,""detectors_checked"":7168,""obs_mistake_mask=E"":1}"
        16,         8,         0,   0.296,exact_mw,7def73f725f8347dc4de7c57664b66d91778cc6018e33f45b3defe89c7a0cfc0,"{""distance"":5,""physical_error_rate"":0.1}","{""detection_events"":1015,""detectors_checked"":3584,""obs_mistake_mask=E"":8}"
       256,         0,         0,   0.483,exact_mw,38b7ae1c4e8407fc325e0d9e43e9f92ff26dcb3f5cf7b98d24ea74c9e5188d39,"{""distance"":5,""physical_error_rate"":0.005}","{""detection_events"":1181,""detectors_checked"":57344}"
        32,         1,         0,   0.375,exact_mw,7b4896c0e7f0a510554d89637fd747b157418067a95869d1f0661294d473d1dc,"{""distance"":5,""physical_error_rate"":0.02}","{""detection_events"":527,""detectors_checked"":7168,""obs_mistake_mask=E"":1}"
        64,         0,         0,   0.455,exact_mw,72230d8c06b5a71069df48ede6f7f3e6128cd83e8239dd1b2e5fe023578b6eb1,"{""distance"":5,""physical_error_rate"":0.01}","{""detection_events"":555,""detectors_checked"":14336}"
        32,        14,         0,   0.482,exact_mw,14059eecea5f7bdc562c01e7682d53b775a747f80d40379178915ac673e3b6bb,"{""distance"":5,""physical_error_rate"":0.5}","{""detection_events"":3572,""detectors_checked"":7168,""obs_mistake_mask=E"":14}"
        96,        26,         0,    1.38,exact_mw,7fd11737ba5953e5998cf5d5ab7672462ce2ff07a9ab0f8628176a3f70e7a095,"{""distance"":5,""physical_error_rate"":0.05}","{""detection_events"":3785,""detectors_checked"":21504,""obs_mistake_mask=E"":26}"
        32,        21,         0,   0.742,exact_mw,d68317bf2f4c69d73359111c5597779a07d8ed85f1f94573f1c8a2f6c683850d,"{""distance"":5,""physical_error_rate"":0.2}","{""detection_events"":2801,""detectors_checked"":7168,""obs_mistake_mask=E"":21}"
      2048,         0,         0,   0.833,exact_mw,3208f56225bbcac0e2804eb6f92d0a8b681652a702ca1ec920ccd7367f0e0899,"{""distance"":5,""physical_error_rate"":0.002}","{""detection_events"":4145,""detectors_checked"":458752}"
     64512,         0,         0,    1.11,exact_mw,cdc4a450a40af8e24899239080e4c40992fb5baf91c5a31ab3a165eacb3a1ab3,"{""distance"":5,""physical_error_rate"":0.0002}","{""detection_events"":12881,""detectors_checked"":14450688}"
        16,         6,         0,   0.387,exact_mw,7def73f725f8347dc4de7c57664b66d91778cc6018e33f45b3defe89c7a0cfc0,"{""distance"":5,""physical_error_rate"":0.1}","{""detection_events"":932,""detectors_checked"":3584,""obs_mistake_mask=E"":6}"
     30720,         0,         0,   0.769,exact_mw,cb12ae119b9b2ba18d0216e7235b403229e92fd0743ede48fe7f1a2c6f45d594,"{""distance"":5,""physical_error_rate"":0.0005}","{""detection_events"":15658,""detectors_checked"":6881280}"
      2048,         0,         0,   0.470,exact_mw,3208f56225bbcac0e2804eb6f92d0a8b681652a702ca1ec920ccd7367f0e0899,"{""distance"":5,""physical_error_rate"":0.002}","{""detection_events"":3854,""detectors_checked"":458752}"
      5120,         0,         0,   0.304,exact_mw,bb90ec3459e353008cf9a5bb9142bf1e8515517a9e167021b225104594e48e8a,"{""distance"":5,""physical_error_rate"":0.001}","{""detection_events"":5232,""detectors_checked"":1146880}"
     59392,         0,         0,    1.07,exact_mw,cdc4a450a40af8e24899239080e4c40992fb5baf91c5a31ab3a165eacb3a1ab3,"{""distance"":5,""physical_error_rate"":0.0002}","{""detection_events"":11511,""detectors_checked"":13303808}"
     62464,         0,         0,    1.09,exact_mw,cdc4a450a40af8e24899239080e4c40992fb5baf91c5a31ab3a165eacb3a1ab3,"{""distance"":5,""physical_error_rate"":0.0002}","{""detection_events"":12424,""detectors_checked"":13991936}"
        32,        20,         0,   0.723,exact_mw,d68317bf2f4c69d73359111c5597779a07d8ed85f1f94573f1c8a2f6c683850d,"{""distance"":5,""physical_error_rate"":0.2}","{""detection_events"":2814,""detectors_checked"":7168,""obs_mistake_mask=E"":20}"
       256,         0,         0,   0.478,exact_mw,38b7ae1c4e8407fc325e0d9e43e9f92ff26dcb3f5cf7b98d24ea74c9e5188d39,"{""distance"":5,""physical_error_rate"":0.005}","{""detection_events"":1225,""detectors_checked"":57344}"
      2048,         0,         0,   0.588,exact_mw,3208f56225bbcac0e2804eb6f92d0a8b681652a702ca1ec920ccd7367f0e0899,"{""distance"":5,""physical_error_rate"":0.002}","{""detection_events"":3838,""detectors_checked"":458752}"
       256,         1,         0,   0.753,exact_mw,72230d8c06b5a71069df48ede6f7f3e6128cd83e8239dd1b2e5fe023578b6eb1,"{""distance"":5,""physical_error_rate"":0.01}","{""detection_events"":2411,""detectors_checked"":57344,""obs_mistake_mask=E"":1}"
       128,         1,         0,    1.25,exact_mw,72230d8c06b5a71069df48ede6f7f3e6128cd83e8239dd1b2e5fe023578b6eb1,"{""distance"":5,""physical_error_rate"":0.01}","{""detection_events"":1114,""detectors_checked"":28672,""obs_mistake_mask=E"":1}"
        32,         6,         0,   0.607,exact_mw,7fd11737ba5953e5998cf5d5ab7672462ce2ff07a9ab0f8628176a3f70e7a095,"{""distance"":5,""physical_error_rate"":0.05}","{""detection_events"":1202,""detectors_checked"":7168,""obs_mistake_mask=E"":6}"
        32,        13,         0,   0.553,exact_mw,14059eecea5f7bdc562c01e7682d53b775a747f80d40379178915ac673e3b6bb,"{""distance"":5,""physical_error_rate"":0.5}","{""detection_events"":3605,""detectors_checked"":7168,""obs_mistake_mask=E"":13}"
        32,         5,         0,   0.753,exact_mw,7fd11737ba5953e5998cf5d5ab7672462ce2ff07a9ab0f8628176a3f70e7a095,"{""distance"":5,""physical_error_rate"":0.05}","{""detection_events"":1246,""detectors_checked"":7168,""obs_mistake_mask=E"":5}"
     18432,         0,         0,    1.12,exact_mw,bb90ec3459e353008cf9a5bb9142bf1e8515517a9e167021b225104594e48e8a,"{""distance"":5,""physical_error_rate"":0.001}","{""detection_events"":18248,""detectors_checked"":4128768}"
        32,         1,         0,   0.465,exact_mw,7b4896c0e7f0a510554d89637fd747b157418067a95869d1f0661294d473d1dc,"{""distance"":5,""physical_error_rate"":0.02}","{""detection_events"":603,""detectors_checked"":7168,""obs_mistake_mask=E"":1}"
    148480,         0,         0,    1.55,exact_mw,f32ebecd8e105e50ec838d33c5ed9b45444b6b44a3c6ac541111079f2b14e893,"{""distance"":5,""physical_error_rate"":5e-05}","{""detection_events"":7506,""detectors_checked"":33259520}"
        32,         4,         0,   0.539,exact_mw,7b4896c0e7f0a510554d89637fd747b157418067a95869d1f0661294d473d1dc,"{""distance"":5,""physical_error_rate"":0.02}","{""detection_events"":603,""detectors_checked"":7168,""obs_mistake_mask=E"":4}"
     55296,         0,         0,   0.788,exact_mw,70a969f5042aec17ac076c6379f4170fb7c69b8e925756ef3b7334e28a33338b,"{""distance"":5,""physical_error_rate"":0.0001}","{""detection_events"":5611,""detectors_checked"":12386304}"
        32,        12,         0,   0.628,exact_mw,7def73f725f8347dc4de7c57664b66d91778cc6018e33f45b3defe89c7a0cfc0,"{""distance"":5,""physical_error_rate"":0.1}","{""detection_events"":1967,""detectors_checked"":7168,""obs_mistake_mask=E"":12}"
        32,         6,         0,   0.626,exact_mw,7fd11737ba5953e5998cf5d5ab7672462ce2ff07a9ab0f8628176a3f70e7a095,"{""distance"":5,""physical_error_rate"":0.05}","{""detection_events"":1272,""detectors_checked"":7168,""obs_mistake_mask=E"":6}"
    274432,         0,         0,    2.18,exact_mw,70a969f5042aec17ac076c6379f4170fb7c69b8e925756ef3b7334e28a33338b,"{""distance"":5,""physical_error_rate"":0.0001}","{""detection_events"":27402,""detectors_checked"":61472768}"
        32,        14,         0,   0.649,exact_mw,7def73f725f8347dc4de7c57664b66d91778cc6018e33f45b3defe89c7a0cfc0,"{""distance"":5,""physical_error_rate"":0.1}","{""detection_events"":2002,""detectors_checked"":7168,""obs_mistake_mask=E"":14}"
       128,         2,         0,   0.983,exact_mw,72230d8c06b5a71069df48ede6f7f3e6128cd83e8239dd1b2e5fe023578b6eb1,"{""distance"":5,""physical_error_rate"":0.01}","{""detection_events"":1306,""detectors_checked"":28672,""obs_mistake_mask=E"":2}"
     47104,         0,         0,   0.806,exact_mw,cdc4a450a40af8e24899239080e4c40992fb5baf91c5a31ab3a165eacb3a1ab3,"{""distance"":5,""physical_error_rate"":0.0002}","{""detection_events"":9385,""detectors_checked"":10551296}"
     65536,         0,         0,    1.11,exact_mw,70a969f5042aec17ac076c6379f4170fb7c69b8e925756ef3b7334e28a33338b,"{""distance"":5,""physical_error_rate"":0.0001}","{""detection_events"":6268,""detectors_checked"":14680064}"
        64,         1,         0,   0.483,exact_mw,72230d8c06b5a71069df48ede6f7f3e6128cd83e8239dd1b2e5fe023578b6eb1,"{""distance"":5,""physical_error_rate"":0.01}","{""detection_events"":563,""detectors_checked"":14336,""obs_mistake_mask=E"":1}"
     19456,         0,         0,   0.287,exact_mw,f32ebecd8e105e50ec838d33c5ed9b45444b6b44a3c6ac541111079f2b14e893,"{""distance"":5,""physical_error_rate"":5e-05}","{""detection_events"":911,""detectors_checked"":4358144}"
        32,         6,         0,   0.497,exact_mw,7fd11737ba5953e5998cf5d5ab7672462ce2ff07a9ab0f8628176a3f70e7a095,"{""distance"":5,""physical_error_rate"":0.05}","{""detection_events"":1268,""detectors_checked"":7168,""obs_mistake_mask=E"":6}"
        32,         2,         0,   0.568,exact_mw,7b4896c0e7f0a510554d89637fd747b157418067a95869d1f0661294d473d1dc,"{""distance"":5,""physical_error_rate"":0.02}","{""detection_events"":584,""detectors_checked"":7168,""obs_mistake_mask=E"":2}"
        16,         7,         0,   0.279,exact_mw,14059eecea5f7bdc562c01e7682d53b775a747f80d40379178915ac673e3b6bb,"{""distance"":5,""physical_error_rate"":0.5}","{""detection_events"":1802,""detectors_checked"":3584,""obs_mistake_mask=E"":7}"
        32,        19,         0,   0.734,exact_mw,7def73f725f8347dc4de7c57664b66d91778cc6018e33f45b3defe89c7a0cfc0,"{""distance"":5,""physical_error_rate"":0.1}","{""detection_events"":1997,""detectors_checked"":7168,""obs_mistake_mask=E"":19}"
        32,        16,         0,   0.675,exact_mw,14059eecea5f7bdc562c01e7682d53b775a747f80d40379178915ac673e3b6bb,"{""distance"":5,""physical_error_rate"":0.5}","{""detection_events"":3579,""detectors_checked"":7168,""obs_mistake_mask=E"":16}"
        16,         4,         0,   0.407,exact_mw,14059eecea5f7bdc562c01e7682d53b775a747f80d40379178915ac673e3b6bb,"{""distance"":5,""physical_error_rate"":0.5}","{""detection_events"":1804,""detectors_checked"":3584,""obs_mistake_mask=E"":4}"
     19456,         0,         0,    1.11,exact_mw,bb90ec3459e353008cf9a5bb9142bf1e8515517a9e167021b225104594e48e8a,"{""distance"":5,""physical_error_rate"":0.001}","{""detection_events"":19573,""detectors_checked"":4358144}"
      1024,         0,         0,   0.263,exact_mw,3208f56225bbcac0e2804eb6f92d0a8b681652a702ca1ec920ccd7367f0e0899,"{""distance"":5,""physical_error_rate"":0.002}","{""detection_events"":1967,""detectors_checked"":229376}"
       256,         1,         0,   0.711,exact_mw,38b7ae1c4e8407fc325e0d9e43e9f92ff26dcb3f5cf7b98d24ea74c9e5188d39,"{""distance"":5,""physical_error_rate"":0.005}","{""detection_events"":1369,""detectors_checked"":57344,""obs_mistake_mask=E"":1}"
        32,        13,         0,   0.520,exact_mw,7def73f725f8347dc4de7c57664b66d91778cc6018e33f45b3defe89c7a0cfc0,"{""distance"":5,""physical_error_rate"":0.1}","{""detection_events"":1936,""detectors_checked"":7168,""obs_mistake_mask=E"":13}"
       256,         0,         0,   0.486,exact_mw,38b7ae1c4e8407fc325e0d9e43e9f92ff26dcb3f5cf7b98d24ea74c9e5188d39,"{""distance"":5,""physical_error_rate"":0.005}","{""detection_events"":1210,""detectors_checked"":57344}"
      6144,         0,         0,   0.456,exact_mw,bb90ec3459e353008cf9a5bb9142bf1e8515517a9e167021b225104594e48e8a,"{""distance"":5,""physical_error_rate"":0.001}","{""detection_events"":6004,""detectors_checked"":1376256}"
        32,        17,         0,   0.809,exact_mw,14059eecea5f7bdc562c01e7682d53b775a747f80d40379178915ac673e3b6bb,"{""distance"":5,""physical_error_rate"":0.5}","{""detection_events"":3640,""detectors_checked"":7168,""obs_mistake_mask=E"":17}"
        32,         1,         0,   0.453,exact_mw,7b4896c0e7f0a510554d89637fd747b157418067a95869d1f0661294d473d1dc,"{""distance"":5,""physical_error_rate"":0.02}","{""detection_events"":560,""detectors_checked"":7168,""obs_mistake_mask=E"":1}"
     68608,         0,         0,    1.11,exact_mw,70a969f5042aec17ac076c6379f4170fb7c69b8e925756ef3b7334e28a33338b,"{""distance"":5,""physical_error_rate"":0.0001}","{""detection_events"":6905,""detectors_checked"":15368192}"
      3072,         1,         0,   0.713,exact_mw,3208f56225bbcac0e2804eb6f92d0a8b681652a702ca1ec920ccd7367f0e0899,"{""distance"":5,""physical_error_rate"":0.002}","{""detection_events"":6154,""detectors_checked"":688128,""obs_mistake_mask=E"":1}"
        16,         5,         0,   0.253,exact_mw,7def73f725f8347dc4de7c57664b66d91778cc6018e33f45b3defe89c7a0cfc0,"{""distance"":5,""physical_error_rate"":0.1}","{""detection_events"":1000,""detectors_checked"":3584,""obs_mistake_mask=E"":5}"
        32,        13,         0,   0.627,exact_mw,7def73f725f8347dc4de7c57664b66d91778cc6018e33f45b3defe89c7a0cfc0,"{""distance"":5,""physical_error_rate"":0.1}","{""detection_events"":1902,""detectors_checked"":7168,""obs_mistake_mask=E"":13}"
       256,         0,         0,    1.04,exact_mw,38b7ae1c4e8407fc325e0d9e43e9f92ff26dcb3f5cf7b98d24ea74c9e5188d39,"{""distance"":5,""physical_error_rate"":0.005}","{""detection_events"":1274,""detectors_checked"":57344}"
        64,        33,         0,    1.14,exact_mw,d68317bf2f4c69d73359111c5597779a07d8ed85f1f94573f1c8a2f6c683850d,"{""distance"":5,""physical_error_rate"":0.2}","{""detection_events"":5685,""detectors_checked"":14336,""obs_mistake_mask=E"":33}"
       256,         0,         0,   0.654,exact_mw,38b7ae1c4e8407fc325e0d9e43e9f92ff26dcb3f5cf7b98d24ea74c9e5188d39,"{""distance"":5,""physical_error_rate"":0.005}","{""detection_events"":1238,""detectors_checked"":57344}"
     61440,         0,         0,    1.47,exact_mw,cb12ae119b9b2ba18d0216e7235b403229e92fd0743ede48fe7f1a2c6f45d594,"{""distance"":5,""physical_error_rate"":0.0005}","{""detection_events"":30220,""detectors_checked"":13762560}"
       512,         0,         0,    1.21,exact_mw,38b7ae1c4e8407fc325e0d9e43e9f92ff26dcb3f5cf7b98d24ea74c9e5188d39,"{""distance"":5,""physical_error_rate"":0.005}","{""detection_events"":2457,""detectors_checked"":114688}"
     92160,         0,         0,    1.53,exact_mw,70a969f5042aec17ac076c6379f4170fb7c69b8e925756ef3b7334e28a33338b,"{""distance"":5,""physical_error_rate"":0.0001}","{""detection_events"":9011,""detectors_checked"":20643840}"
      5120,         0,         0,    1.20,exact_mw,3208f56225bbcac0e2804eb6f92d0a8b681652a702ca1ec920ccd7367f0e0899,"{""distance"":5,""physical_error_rate"":0.002}","{""detection_events"":10342,""detectors_checked"":1146880}"
        32,         9,         0,   0.600,exact_mw,7fd11737ba5953e5998cf5d5ab7672462ce2ff07a9ab0f8628176a3f70e7a095,"{""distance"":5,""physical_error_rate"":0.05}","{""detection_events"":1280,""detectors_checked"":7168,""obs_mistake_mask=E"":9}"
        64,         0,         0,   0.391,exact_mw,72230d8c06b5a71069df48ede6f7f3e6128cd83e8239dd1b2e5fe023578b6eb1,"{""distance"":5,""physical_error_rate"":0.01}","{""detection_events"":593,""detectors_checked"":14336}"
       128,         2,         0,   0.604,exact_mw,72230d8c06b5a71069df48ede6f7f3e6128cd83e8239dd1b2e5fe023578b6eb1,"{""distance"":5,""physical_error_rate"":0.01}","{""detection_events"":1198,""detectors_checked"":28672,""obs_mistake_mask=E"":2}"
    110592,         0,         0,    1.51,exact_mw,cdc4a450a40af8e24899239080e4c40992fb5baf91c5a31ab3a165eacb3a1ab3,"{""distance"":5,""physical_error_rate"":0.0002}","{""detection_events"":21516,""detectors_checked"":24772608}"
    103424,         0,         0,    1.55,exact_mw,cdc4a450a40af8e24899239080e4c40992fb5baf91c5a31ab3a165eacb3a1ab3,"{""distance"":5,""physical_error_rate"":0.0002}","{""detection_events"":20487,""detectors_checked"":23166976}"
       256,         0,         0,   0.990,exact_mw,38b7ae1c4e8407fc325e0d9e43e9f92ff26dcb3f5cf7b98d24ea74c9e5188d39,"{""distance"":5,""physical_error_rate"":0.005}","{""detection_events"":1270,""detectors_checked"":57344}"
     41984,         0,         0,    1.04,exact_mw,cb12ae119b9b2ba18d0216e7235b403229e92fd0743ede48fe7f1a2c6f45d594,"{""distance"":5,""physical_error_rate"":0.0005}","{""detection_events"":20409,""detectors_checked"":9404416}"
        32,        15,         0,   0.630,exact_mw,7def73f725f8347dc4de7c57664b66d91778cc6018e33f45b3defe89c7a0cfc0,"{""distance"":5,""physical_error_rate"":0.1}","{""detection_events"":1934,""detectors_checked"":7168,""obs_mistake_mask=E"":15}"
        32,         5,         0,   0.910,exact_mw,7fd11737ba5953e5998cf5d5ab7672462ce2ff07a9ab0f8628176a3f70e7a095,"{""distance"":5,""physical_error_rate"":0.05}","{""detection_events"":1104,""detectors_checked"":7168,""obs_mistake_mask=E"":5}"
        64,         6,         0,   0.997,exact_mw,7b4896c0e7f0a510554d89637fd747b157418067a95869d1f0661294d473d1dc,"{""distance"":5,""physical_error_rate"":0.02}","{""detection_events"":1163,""detectors_checked"":14336,""obs_mistake_mask=E"":6}"
        32,        20,         0,   0.407,exact_mw,14059eecea5f7bdc562c01e7682d53b775a747f80d40379178915ac673e3b6bb,"{""distance"":5,""physical_error_rate"":0.5}","{""detection_events"":3630,""detectors_checked"":7168,""obs_mistake_mask=E"":20}"
        32,        18,         0,   0.598,exact_mw,7def73f725f8347dc4de7c57664b66d91778cc6018e33f45b3defe89c7a0cfc0,"{""distance"":5,""physical_error_rate"":0.1}","{""detection_events"":2003,""detectors_checked"":7168,""obs_mistake_mask=E"":18}"
        64,         0,         0,   0.448,exact_mw,72230d8c06b5a71069df48ede6f7f3e6128cd83e8239dd1b2e5fe023578b6eb1,"{""distance"":5,""physical_error_rate"":0.01}","{""detection_events"":577,""detectors_checked"":14336}"
        32,        14,         0,   0.585,exact_mw,7def73f725f8347dc4de7c57664b66d91778cc6018e33f45b3defe89c7a0cfc0,"{""distance"":5,""physical_error_rate"":0.1}","{""detection_events"":1950,""detectors_checked"":7168,""obs_mistake_mask=E"":14}"
     10240,         0,         0,   0.595,exact_mw,bb90ec3459e353008cf9a5bb9142bf1e8515517a9e167021b225104594e48e8a,"{""distance"":5,""physical_error_rate"":0.001}","{""detection_events"":9823,""detectors_checked"":2293760}"
       256,         0,         0,   0.544,exact_mw,38b7ae1c4e8407fc325e0d9e43e9f92ff26dcb3f5cf7b98d24ea74c9e5188d39,"{""distance"":5,""physical_error_rate"":0.005}","{""detection_events"":1282,""detectors_checked"":57344}"
        32,        16,         0,   0.664,exact_mw,14059eecea5f7bdc562c01e7682d53b775a747f80d40379178915ac673e3b6bb,"{""distance"":5,""physical_error_rate"":0.5}","{""detection_events"":3623,""detectors_checked"":7168,""obs_mistake_mask=E"":16}"
        32,         1,         0,   0.360,exact_mw,7b4896c0e7f0a510554d89637fd747b157418067a95869d1f0661294d473d1dc,"{""distance"":5,""physical_error_rate"":0.02}","{""detection_events"":517,""detectors_checked"":7168,""obs_mistake_mask=E"":1}"
     53248,         0,         0,    1.10,exact_mw,cb12ae119b9b2ba18d0216e7235b403229e92fd0743ede48fe7f1a2c6f45d594,"{""distance"":5,""physical_error_rate"":0.0005}","{""detection_events"":25946,""detectors_checked"":11927552}"
       128,         0,         0,   0.891,exact_mw,72230d8c06b5a71069df48ede6f7f3e6128cd83e8239dd1b2e5fe023578b6eb1,"{""distance"":5,""physical_error_rate"":0.01}","{""detection_events"":1300,""detectors_checked"":28672}"
        32,         0,         0,   0.464,exact_mw,7b4896c0e7f0a510554d89637fd747b157418067a95869d1f0661294d473d1dc,"{""distance"":5,""physical_error_rate"":0.02}","{""detection_events"":608,""detectors_checked"":7168}"
       256,         0,         0,   0.463,exact_mw,38b7ae1c4e8407fc325e0d9e43e9f92ff26dcb3f5cf7b98d24ea74c9e5188d39,"{""distance"":5,""physical_error_rate"":0.005}","{""detection_events"":1296,""detectors_checked"":57344}"
    108544,         0,         0,    1.47,exact_mw,f32ebecd8e105e50ec838d33c5ed9b45444b6b44a3c6ac541111079f2b14e893,"{""distance"":5,""physical_error_rate"":5e-05}","{""detection_events"":5374,""detectors_checked"":24313856}"
        32,         7,         0,   0.648,exact_mw,7fd11737ba5953e5998cf5d5ab7672462ce2ff07a9ab0f8628176a3f70e7a095,"{""distance"":5,""physical_error_rate"":0.05}","{""detection_events"":1254,""detectors_checked"":7168,""obs_mistake_mask=E"":7}"
      8192,         1,         0,   0.453,exact_mw,bb90ec3459e353008cf9a5bb9142bf1e8515517a9e167021b225104594e48e8a,"{""distance"":5,""physical_error_rate"":0.001}","{""detection_events"":8037,""detectors_checked"":1835008,""obs_mistake_mask=E"":1}"
        32,        20,         0,   0.570,exact_mw,14059eecea5f7bdc562c01e7682d53b775a747f80d40379178915ac673e3b6bb,"{""distance"":5,""physical_error_rate"":0.5}","{""detection_events"":3603,""detectors_checked"":7168,""obs_mistake_mask=E"":20}"
        16,         9,         0,   0.401,exact_mw,7def73f725f8347dc4de7c57664b66d91778cc6018e33f45b3defe89c7a0cfc0,"{""distance"":5,""physical_error_rate"":0.1}","{""detection_events"":992,""detectors_checked"":3584,""obs_mistake_mask=E"":9}"
       256,         0,         0,   0.563,exact_mw,38b7ae1c4e8407fc325e0d9e43e9f92ff26dcb3f5cf7b98d24ea74c9e5188d39,"{""distance"":5,""physical_error_rate"":0.005}","{""detection_events"":1155,""detectors_checked"":57344}"
        32,         1,         0,   0.396,exact_mw,7b4896c0e7f0a510554d89637fd747b157418067a95869d1f0661294d473d1dc,"{""distance"":5,""physical_error_rate"":0.02}","{""detection_events"":563,""detectors_checked"":7168,""obs_mistake_mask=E"":1}"
       256,         0,         0,   0.322,exact_mw,38b7ae1c4e8407fc325e0d9e43e9f92ff26dcb3f5cf7b98d24ea74c9e5188d39,"{""distance"":5,""physical_error_rate"":0.005}","{""detection_events"":1126,""detectors_checked"":57344}"
        64,         0,         0,   0.632,exact_mw,72230d8c06b5a71069df48ede6f7f3e6128cd83e8239dd1b2e5fe023578b6eb1,"{""distance"":5,""physical_error_rate"":0.01}","{""detection_events"":618,""detectors_checked"":14336}"
     30720,         0,         0,   0.386,exact_mw,f32ebecd8e105e50ec838d33c5ed9b45444b6b44a3c6ac541111079f2b14e893,"{""distance"":5,""physical_error_rate"":5e-05}","{""detection_events"":1524,""detectors_checked"":6881280}"
        64,         0,         0,   0.442,exact_mw,72230d8c06b5a71069df48ede6f7f3e6128cd83e8239dd1b2e5fe023578b6eb1,"{""distance"":5,""physical_error_rate"":0.01}","{""detection_events"":567,""detectors_checked"":14336}"
     80896,         0,         0,    1.54,exact_mw,cb12ae119b9b2ba18d0216e7235b403229e92fd0743ede48fe7f1a2c6f45d594,"{""distance"":5,""physical_error_rate"":0.0005}","{""detection_events"":40200,""detectors_checked"":18120704}"
       128,         0,         0,    1.31,exact_mw,72230d8c06b5a71069df48ede6f7f3e6128cd83e8239dd1b2e5fe023578b6eb1,"{""distance"":5,""physical_error_rate"":0.01}","{""detection_events"":1129,""detectors_checked"":28672}"
     74752,         0,         0,    1.07,exact_mw,f32ebecd8e105e50ec838d33c5ed9b45444b6b44a3c6ac541111079f2b14e893,"{""distance"":5,""physical_error_rate"":5e-05}","{""detection_events"":3618,""detectors_checked"":16744448}"
     80896,         0,         0,    1.08,exact_mw,cdc4a450a40af8e24899239080e4c40992fb5baf91c5a31ab3a165eacb3a1ab3,"{""distance"":5,""physical_error_rate"":0.0002}","{""detection_events"":16047,""detectors_checked"":18120704}"
        32,         1,         0,   0.542,exact_mw,7b4896c0e7f0a510554d89637fd747b157418067a95869d1f0661294d473d1dc,"{""distance"":5,""physical_error_rate"":0.02}","{""detection_events"":591,""detectors_checked"":7168,""obs_mistake_mask=E"":1}"
       128,         9,         0,    1.85,exact_mw,7b4896c0e7f0a510554d89637fd747b157418067a95869d1f0661294d473d1dc,"{""distance"":5,""physical_error_rate"":0.02}","{""detection_events"":2222,""detectors_checked"":28672,""obs_mistake_mask=E"":9}"
        32,        13,         0,   0.761,exact_mw,14059eecea5f7bdc562c01e7682d53b775a747f80d40379178915ac673e3b6bb,"{""distance"":5,""physical_error_rate"":0.5}","{""detection_events"":3491,""detectors_checked"":7168,""obs_mistake_mask=E"":13}"
     95232,         0,         0,    1.11,exact_mw,cdc4a450a40af8e24899239080e4c40992fb5baf91c5a31ab3a165eacb3a1ab3,"{""distance"":5,""physical_error_rate"":0.0002}","{""detection_events"":18745,""detectors_checked"":21331968}"
    111616,         0,         0,    1.55,exact_mw,f32ebecd8e105e50ec838d33c5ed9b45444b6b44a3c6ac541111079f2b14e893,"{""distance"":5,""physical_error_rate"":5e-05}","{""detection_events"":5311,""detectors_checked"":25001984}"
      3072,         0,         0,   0.828,exact_mw,3208f56225bbcac0e2804eb6f92d0a8b681652a702ca1ec920ccd7367f0e0899,"{""distance"":5,""physical_error_rate"":0.002}","{""detection_events"":6044,""detectors_checked"":688128}"
     71680,         0,         0,    1.56,exact_mw,cb12ae119b9b2ba18d0216e7235b403229e92fd0743ede48fe7f1a2c6f45d594,"{""distance"":5,""physical_error_rate"":0.0005}","{""detection_events"":34762,""detectors_checked"":16056320}"
      2048,         0,         0,   0.699,exact_mw,3208f56225bbcac0e2804eb6f92d0a8b681652a702ca1ec920ccd7367f0e0899,"{""distance"":5,""physical_error_rate"":0.002}","{""detection_events"":4147,""detectors_checked"":458752}"
        64,         0,         0,   0.375,exact_mw,72230d8c06b5a71069df48ede6f7f3e6128cd83e8239dd1b2e5fe023578b6eb1,"{""distance"":5,""physical_error_rate"":0.01}","{""detection_events"":600,""detectors_checked"":14336}"
        32,        22,         0,   0.766,exact_mw,7def73f725f8347dc4de7c57664b66d91778cc6018e33f45b3defe89c7a0cfc0,"{""distance"":5,""physical_error_rate"":0.1}","{""detection_events"":1978,""detectors_checked"":7168,""obs_mistake_mask=E"":22}"
        32,        11,         0,   0.523,exact_mw,7def73f725f8347dc4de7c57664b66d91778cc6018e33f45b3defe89c7a0cfc0,"{""distance"":5,""physical_error_rate"":0.1}","{""detection_events"":1946,""detectors_checked"":7168,""obs_mistake_mask=E"":11}"
     23552,         0,         0,    1.46,exact_mw,bb90ec3459e353008cf9a5bb9142bf1e8515517a9e167021b225104594e48e8a,"{""distance"":5,""physical_error_rate"":0.001}","{""detection_events"":23095,""detectors_checked"":5275648}"
        32,         7,         0,   0.819,exact_mw,7fd11737ba5953e5998cf5d5ab7672462ce2ff07a9ab0f8628176a3f70e7a095,"{""distance"":5,""physical_error_rate"":0.05}","{""detection_events"":1204,""detectors_checked"":7168,""obs_mistake_mask=E"":7}"
      2048,         0,         0,   0.745,exact_mw,3208f56225bbcac0e2804eb6f92d0a8b681652a702ca1ec920ccd7367f0e0899,"{""distance"":5,""physical_error_rate"":0.002}","{""detection_events"":3858,""detectors_checked"":458752}"
        32,        13,         0,   0.629,exact_mw,7def73f725f8347dc4de7c57664b66d91778cc6018e33f45b3defe89c7a0cfc0,"{""distance"":5,""physical_error_rate"":0.1}","{""detection_events"":2038,""detectors_checked"":7168,""obs_mistake_mask=E"":13}"
      8192,         1,         0,   0.599,exact_mw,bb90ec3459e353008cf9a5bb9142bf1e8515517a9e167021b225104594e48e8a,"{""distance"":5,""physical_error_rate"":0.001}","{""detection_events"":8241,""detectors_checked"":1835008,""obs_mistake_mask=E"":1}"
        32,         0,         0,   0.368,exact_mw,7b4896c0e7f0a510554d89637fd747b157418067a95869d1f0661294d473d1dc,"{""distance"":5,""physical_error_rate"":0.02}","{""detection_events"":605,""detectors_checked"":7168}"
        32,        15,         0,   0.726,exact_mw,7def73f725f8347dc4de7c57664b66d91778cc6018e33f45b3defe89c7a0cfc0,"{""distance"":5,""physical_error_rate"":0.1}","{""detection_events"":2033,""detectors_checked"":7168,""obs_mistake_mask=E"":15}"
        64,         4,         0,   0.926,exact_mw,7b4896c0e7f0a510554d89637fd747b157418067a95869d1f0661294d473d1dc,"{""distance"":5,""physical_error_rate"":0.02}","{""detection_events"":1126,""detectors_checked"":14336,""obs_mistake_mask=E"":4}"
      2048,         0,         0,   0.639,exact_mw,3208f56225bbcac0e2804eb6f92d0a8b681652a702ca1ec920ccd7367f0e0899,"{""distance"":5,""physical_error_rate"":0.002}","{""detection_events"":4114,""detectors_checked"":458752}"
        32,         6,         0,   0.706,exact_mw,7fd11737ba5953e5998cf5d5ab7672462ce2ff07a9ab0f8628176a3f70e7a095,"{""distance"":5,""physical_error_rate"":0.05}","{""detection_events"":1211,""detectors_checked"":7168,""obs_mistake_mask=E"":6}"
     48128,         0,         0,    2.20,exact_mw,bb90ec3459e353008cf9a5bb9142bf1e8515517a9e167021b225104594e48e8a,"{""distance"":5,""physical_error_rate"":0.001}","{""detection_events"":46994,""detectors_checked"":10780672}"
        32,        13,         0,   0.617,exact_mw,7def73f725f8347dc4de7c57664b66d91778cc6018e33f45b3defe89c7a0cfc0,"{""distance"":5,""physical_error_rate"":0.1}","{""detection_events"":1989,""detectors_checked"":7168,""obs_mistake_mask=E"":13}"
      4096,         0,         0,    1.18,exact_mw,3208f56225bbcac0e2804eb6f92d0a8b681652a702ca1ec920ccd7367f0e0899,"{""distance"":5,""physical_error_rate"":0.002}","{""detection_events"":7608,""detectors_checked"":917504}"
    169984,         0,         0,    2.14,exact_mw,f32ebecd8e105e50ec838d33c5ed9b45444b6b44a3c6ac541111079f2b14e893,"{""distance"":5,""physical_error_rate"":5e-05}","{""detection_events"":8768,""detectors_checked"":38076416}"
       256,         0,         0,   0.681,exact_mw,38b7ae1c4e8407fc325e0d9e43e9f92ff26dcb3f5cf7b98d24ea74c9e5188d39,"{""distance"":5,""physical_error_rate"":0.005}","{""detection_events"":1182,""detectors_checked"":57344}"
        32,        17,         0,   0.650,exact_mw,7def73f725f8347dc4de7c57664b66d91778cc6018e33f45b3defe89c7a0cfc0,"{""distance"":5,""physical_error_rate"":0.1}","{""detection_events"":1991,""detectors_checked"":7168,""obs_mistake_mask=E"":17}"
      4096,         0,         0,    1.16,exact_mw,3208f56225bbcac0e2804eb6f92d0a8b681652a702ca1ec920ccd7367f0e0899,"{""distance"":5,""physical_error_rate"":0.002}","{""detection_events"":7969,""detectors_checked"":917504}"
        64,         1,         0,   0.688,exact_mw,7b4896c0e7f0a510554d89637fd747b157418067a95869d1f0661294d473d1dc,"{""distance"":5,""physical_error_rate"":0.02}","{""detection_events"":1214,""detectors_checked"":14336,""obs_mistake_mask=E"":1}"
     69632,         0,         0,    1.49,exact_mw,cb12ae119b9b2ba18d0216e7235b403229e92fd0743ede48fe7f1a2c6f45d594,"{""distance"":5,""physical_error_rate"":0.0005}","{""detection_events"":34123,""detectors_checked"":15597568}"
      6144,         0,         0,    1.55,exact_mw,3208f56225bbcac0e2804eb6f92d0a8b681652a702ca1ec920ccd7367f0e0899,"{""distance"":5,""physical_error_rate"":0.002}","{""detection_events"":12042,""detectors_checked"":1376256}"
        32,         0,         0,   0.376,exact_mw,7b4896c0e7f0a510554d89637fd747b157418067a95869d1f0661294d473d1dc,"{""distance"":5,""physical_error_rate"":0.02}","{""detection_events"":585,""detectors_checked"":7168}"
        64,        28,         0,    1.21,exact_mw,14059eecea5f7bdc562c01e7682d53b775a747f80d40379178915ac673e3b6bb,"{""distance"":5,""physical_error_rate"":0.5}","{""detection_events"":7290,""detectors_checked"":14336,""obs_mistake_mask=E"":28}"
     93184,         0,         0,    1.49,exact_mw,70a969f5042aec17ac076c6379f4170fb7c69b8e925756ef3b7334e28a33338b,"{""distance"":5,""physical_error_rate"":0.0001}","{""detection_events"":9265,""detectors_checked"":20873216}"
     91136,         0,         0,    1.52,exact_mw,f32ebecd8e105e50ec838d33c5ed9b45444b6b44a3c6ac541111079f2b14e893,"{""distance"":5,""physical_error_rate"":5e-05}","{""detection_events"":4271,""detectors_checked"":20414464}"
       256,         1,         0,   0.491,exact_mw,38b7ae1c4e8407fc325e0d9e43e9f92ff26dcb3f5cf7b98d24ea74c9e5188d39,"{""distance"":5,""physical_error_rate"":0.005}","{""detection_events"":1219,""detectors_checked"":57344,""obs_mistake_mask=E"":1}"
        64,         0,         0,   0.403,exact_mw,72230d8c06b5a71069df48ede6f7f3e6128cd83e8239dd1b2e5fe023578b6eb1,"{""distance"":5,""physical_error_rate"":0.01}","{""detection_events"":477,""detectors_checked"":14336}"
      5120,         1,         0,   0.964,exact_mw,3208f56225bbcac0e2804eb6f92d0a8b681652a702ca1ec920ccd7367f0e0899,"{""distance"":5,""physical_error_rate"":0.002}","{""detection_events"":10186,""detectors_checked"":1146880,""obs_mistake_mask=E"":1}"
        32,        10,         0,   0.465,exact_mw,7fd11737ba5953e5998cf5d5ab7672462ce2ff07a9ab0f8628176a3f70e7a095,"{""distance"":5,""physical_error_rate"":0.05}","{""detection_events"":1291,""detectors_checked"":7168,""obs_mistake_mask=E"":10}"
        32,         7,         0,   0.603,exact_mw,7fd11737ba5953e5998cf5d5ab7672462ce2ff07a9ab0f8628176a3f70e7a095,"{""distance"":5,""physical_error_rate"":0.05}","{""detection_events"":1208,""detectors_checked"":7168,""obs_mistake_mask=E"":7}"
     52224,         0,         0,    1.07,exact_mw,cb12ae119b9b2ba18d0216e7235b403229e92fd0743ede48fe7f1a2c6f45d594,"{""distance"":5,""physical_error_rate"":0.0005}","{""detection_events"":25927,""detectors_checked"":11698176}"
        64,         2,         0,   0.437,exact_mw,72230d8c06b5a71069df48ede6f7f3e6128cd83e8239dd1b2e5fe023578b6eb1,"{""distance"":5,""physical_error_rate"":0.01}","{""detection_events"":641,""detectors_checked"":14336,""obs_mistake_mask=E"":2}"
        64,        21,         0,    1.08,exact_mw,7fd11737ba5953e5998cf5d5ab7672462ce2ff07a9ab0f8628176a3f70e7a095,"{""distance"":5,""physical_error_rate"":0.05}","{""detection_events"":2626,""detectors_checked"":14336,""obs_mistake_mask=E"":21}"
     80896,         0,         0,    1.51,exact_mw,cb12ae119b9b2ba18d0216e7235b403229e92fd0743ede48fe7f1a2c6f45d594,"{""distance"":5,""physical_error_rate"":0.0005}","{""detection_events"":40010,""detectors_checked"":18120704}"
        32,         7,         0,   0.697,exact_mw,7fd11737ba5953e5998cf5d5ab7672462ce2ff07a9ab0f8628176a3f70e7a095,"{""distance"":5,""physical_error_rate"":0.05}","{""detection_events"":1306,""detectors_checked"":7168,""obs_mistake_mask=E"":7}"
        64,         5,         0,    1.10,exact_mw,7b4896c0e7f0a510554d89637fd747b157418067a95869d1f0661294d473d1dc,"{""distance"":5,""physical_error_rate"":0.02}","{""detection_events"":1146,""detectors_checked"":14336,""obs_mistake_mask=E"":5}"
        32,         2,         0,   0.563,exact_mw,7b4896c0e7f0a510554d89637fd747b157418067a95869d1f0661294d473d1dc,"{""distance"":5,""physical_error_rate"":0.02}","{""detection_events"":634,""detectors_checked"":7168,""obs_mistake_mask=E"":2}"
       256,         0,         0,   0.488,exact_mw,38b7ae1c4e8407fc325e0d9e43e9f92ff26dcb3f5cf7b98d24ea74c9e5188d39,"{""distance"":5,""physical_error_rate"":0.005}","{""detection_events"":1212,""detectors_checked"":57344}"
        32,         6,         0,   0.302,exact_mw,7fd11737ba5953e5998cf5d5ab7672462ce2ff07a9ab0f8628176a3f70e7a095,"{""distance"":5,""physical_error_rate"":0.05}","{""detection_events"":1149,""detectors_checked"":7168,""obs_mistake_mask=E"":6}"
        64,         0,         0,   0.356,exact_mw,72230d8c06b5a71069df48ede6f7f3e6128cd83e8239dd1b2e5fe023578b6eb1,"{""distance"":5,""physical_error_rate"":0.01}","{""detection_events"":534,""detectors_checked"":14336}"
     10240,         0,         0,   0.549,exact_mw,bb90ec3459e353008cf9a5bb9142bf1e8515517a9e167021b225104594e48e8a,"{""distance"":5,""physical_error_rate"":0.001}","{""detection_events"":9881,""detectors_checked"":2293760}"
        64,        12,         0,   0.964,exact_mw,7fd11737ba5953e5998cf5d5ab7672462ce2ff07a9ab0f8628176a3f70e7a095,"{""distance"":5,""physical_error_rate"":0.05}","{""detection_events"":2548,""detectors_checked"":14336,""obs_mistake_mask=E"":12}"
     39936,         0,         0,    2.23,exact_mw,bb90ec3459e353008cf9a5bb9142bf1e8515517a9e167021b225104594e48e8a,"{""distance"":5,""physical_error_rate"":0.001}","{""detection_events"":39289,""detectors_checked"":8945664}"
       256,         1,         0,   0.732,exact_mw,38b7ae1c4e8407fc325e0d9e43e9f92ff26dcb3f5cf7b98d24ea74c9e5188d39,"{""distance"":5,""physical_error_rate"":0.005}","{""detection_events"":1225,""detectors_checked"":57344,""obs_mistake_mask=E"":1}"
     47104,         0,         0,    1.07,exact_mw,cb12ae119b9b2ba18d0216e7235b403229e92fd0743ede48fe7f1a2c6f45d594,"{""distance"":5,""physical_error_rate"":0.0005}","{""detection_events"":22919,""detectors_checked"":10551296}"
       128,         3,         0,    1.48,exact_mw,7b4896c0e7f0a510554d89637fd747b157418067a95869d1f0661294d473d1dc,"{""distance"":5,""physical_error_rate"":0.02}","{""detection_events"":2203,""detectors_checked"":28672,""obs_mistake_mask=E"":3}"
       128,         2,         0,    1.08,exact_mw,72230d8c06b5a71069df48ede6f7f3e6128cd83e8239dd1b2e5fe023578b6eb1,"{""distance"":5,""physical_error_rate"":0.01}","{""detection_events"":1179,""detectors_checked"":28672,""obs_mistake_mask=E"":2}"
        64,        14,         0,    1.07,exact_mw,7fd11737ba5953e5998cf5d5ab7672462ce2ff07a9ab0f8628176a3f70e7a095,"{""distance"":5,""physical_error_rate"":0.05}","{""detection_events"":2479,""detectors_checked"":14336,""obs_mistake_mask=E"":14}"
     39936,         0,         0,   0.550,exact_mw,f32ebecd8e105e50ec838d33c5ed9b45444b6b44a3c6ac541111079f2b14e893,"{""distance"":5,""physical_error_rate"":5e-05}","{""detection_events"":1886,""detectors_checked"":8945664}"
       256,         0,         0,   0.560,exact_mw,38b7ae1c4e8407fc325e0d9e43e9f92ff26dcb3f5cf7b98d24ea74c9e5188d39,"{""distance"":5,""physical_error_rate"":0.005}","{""detection_events"":1206,""detectors_checked"":57344}"
        64,        13,         0,    1.08,exact_mw,7fd11737ba5953e5998cf5d5ab7672462ce2ff07a9ab0f8628176a3f70e7a095,"{""distance"":5,""physical_error_rate"":0.05}","{""detection_events"":2479,""detectors_checked"":14336,""obs_mistake_mask=E"":13}"
        32,         1,         0,   0.528,exact_mw,7b4896c0e7f0a510554d89637fd747b157418067a95869d1f0661294d473d1dc,"{""distance"":5,""physical_error_rate"":0.02}","{""detection_events"":653,""detectors_checked"":7168,""obs_mistake_mask=E"":1}"
      4096,         0,         0,   0.942,exact_mw,3208f56225bbcac0e2804eb6f92d0a8b681652a702ca1ec920ccd7367f0e0899,"{""distance"":5,""physical_error_rate"":0.002}","{""detection_events"":8000,""detectors_checked"":917504}"
    132096,         0,         0,    2.13,exact_mw,70a969f5042aec17ac076c6379f4170fb7c69b8e925756ef3b7334e28a33338b,"{""distance"":5,""physical_error_rate"":0.0001}","{""detection_events"":13304,""detectors_checked"":29589504}"
     87040,         0,         0,    1.12,exact_mw,70a969f5042aec17ac076c6379f4170fb7c69b8e925756ef3b7334e28a33338b,"{""distance"":5,""physical_error_rate"":0.0001}","{""detection_events"":8593,""detectors_checked"":19496960}"
     16384,         0,         0,   0.779,exact_mw,bb90ec3459e353008cf9a5bb9142bf1e8515517a9e167021b225104594e48e8a,"{""distance"":5,""physical_error_rate"":0.001}","{""detection_events"":16092,""detectors_checked"":3670016}"
       128,         2,         0,   0.921,exact_mw,72230d8c06b5a71069df48ede6f7f3e6128cd83e8239dd1b2e5fe023578b6eb1,"{""distance"":5,""physical_error_rate"":0.01}","{""detection_events"":1186,""detectors_checked"":28672,""obs_mistake_mask=E"":2}"
     83968,         0,         0,    1.10,exact_mw,cdc4a450a40af8e24899239080e4c40992fb5baf91c5a31ab3a165eacb3a1ab3,"{""distance"":5,""physical_error_rate"":0.0002}","{""detection_events"":16284,""detectors_checked"":18808832}"
       128,         0,         0,   0.837,exact_mw,72230d8c06b5a71069df48ede6f7f3e6128cd83e8239dd1b2e5fe023578b6eb1,"{""distance"":5,""physical_error_rate"":0.01}","{""detection_events"":1233,""detectors_checked"":28672}"
       512,         1,         0,    1.41,exact_mw,38b7ae1c4e8407fc325e0d9e43e9f92ff26dcb3f5cf7b98d24ea74c9e5188d39,"{""distance"":5,""physical_error_rate"":0.005}","{""detection_events"":2560,""detectors_checked"":114688,""obs_mistake_mask=E"":1}"
       128,         1,         0,   0.897,exact_mw,72230d8c06b5a71069df48ede6f7f3e6128cd83e8239dd1b2e5fe023578b6eb1,"{""distance"":5,""physical_error_rate"":0.01}","{""detection_events"":1047,""detectors_checked"":28672,""obs_mistake_mask=E"":1}"
     24576,         0,         0,    1.53,exact_mw,bb90ec3459e353008cf9a5bb9142bf1e8515517a9e167021b225104594e48e8a,"{""distance"":5,""physical_error_rate"":0.001}","{""detection_events"":24334,""detectors_checked"":5505024}"
        32,         1,         0,   0.442,exact_mw,7b4896c0e7f0a510554d89637fd747b157418067a95869d1f0661294d473d1dc,"{""distance"":5,""physical_error_rate"":0.02}","{""detection_events"":601,""detectors_checked"":7168,""obs_mistake_mask=E"":1}"
     27648,         0,         0,    1.56,exact_mw,bb90ec3459e353008cf9a5bb9142bf1e8515517a9e167021b225104594e48e8a,"{""distance"":5,""physical_error_rate"":0.001}","{""detection_events"":27398,""detectors_checked"":6193152}"
       512,         0,         0,    1.13,exact_mw,38b7ae1c4e8407fc325e0d9e43e9f92ff26dcb3f5cf7b98d24ea74c9e5188d39,"{""distance"":5,""physical_error_rate"":0.005}","{""detection_events"":2412,""detectors_checked"":114688}"
        64,         1,         0,   0.403,exact_mw,72230d8c06b5a71069df48ede6f7f3e6128cd83e8239dd1b2e5fe023578b6eb1,"{""distance"":5,""physical_error_rate"":0.01}","{""detection_events"":574,""detectors_checked"":14336,""obs_mistake_mask=E"":1}"
       256,         0,         0,   0.454,exact_mw,38b7ae1c4e8407fc325e0d9e43e9f92ff26dcb3f5cf7b98d24ea74c9e5188d39,"{""distance"":5,""physical_error_rate"":0.005}","{""detection_events"":1256,""detectors_checked"":57344}"
       128,         0,         0,   0.868,exact_mw,72230d8c06b5a71069df48ede6f7f3e6128cd83e8239dd1b2e5fe023578b6eb1,"{""distance"":5,""physical_error_rate"":0.01}","{""detection_events"":1154,""detectors_checked"":28672}"
       256,         0,         0,   0.565,exact_mw,38b7ae1c4e8407fc325e0d9e43e9f92ff26dcb3f5cf7b98d24ea74c9e5188d39,"{""distance"":5,""physical_error_rate"":0.005}","{""detection_events"":1260,""detectors_checked"":57344}"
     89088,         0,         0,    1.47,exact_mw,f32ebecd8e105e50ec838d33c5ed9b45444b6b44a3c6ac541111079f2b14e893,"{""distance"":5,""physical_error_rate"":5e-05}","{""detection_events"":4314,""detectors_checked"":19955712}"
       128,         3,         0,    1.34,exact_mw,72230d8c06b5a71069df48ede6f7f3e6128cd83e8239dd1b2e5fe023578b6eb1,"{""distance"":5,""physical_error_rate"":0.01}","{""detection_events"":1218,""detectors_checked"":28672,""obs_mistake_mask=E"":3}"
      2048,         0,         0,   0.630,exact_mw,3208f56225bbcac0e2804eb6f92d0a8b681652a702ca1ec920ccd7367f0e0899,"{""distance"":5,""physical_error_rate"":0.002}","{""detection_events"":4031,""detectors_checked"":458752}"
        32,         0,         0,   0.604,exact_mw,7b4896c0e7f0a510554d89637fd747b157418067a95869d1f0661294d473d1dc,"{""distance"":5,""physical_error_rate"":0.02}","{""detection_events"":625,""detectors_checked"":7168}"
        64,         1,         0,   0.544,exact_mw,72230d8c06b5a71069df48ede6f7f3e6128cd83e8239dd1b2e5fe023578b6eb1,"{""distance"":5,""physical_error_rate"":0.01}","{""detection_events"":601,""detectors_checked"":14336,""obs_mistake_mask=E"":1}"
    130048,         0,         0,    2.16,exact_mw,cdc4a450a40af8e24899239080e4c40992fb5baf91c5a31ab3a165eacb3a1ab3,"{""distance"":5,""physical_error_rate"":0.0002}","{""detection_events"":25870,""detectors_checked"":29130752}"
     83968,         0,         0,    1.47,exact_mw,cdc4a450a40af8e24899239080e4c40992fb5baf91c5a31ab3a165eacb3a1ab3,"{""distance"":5,""physical_error_rate"":0.0002}","{""detection_events"":16297,""detectors_checked"":18808832}"
       768,         1,         0,    1.28,exact_mw,38b7ae1c4e8407fc325e0d9e43e9f92ff26dcb3f5cf7b98d24ea74c9e5188d39,"{""distance"":5,""physical_error_rate"":0.005}","{""detection_events"":3590,""detectors_checked"":172032,""obs_mistake_mask=E"":1}"
    105472,         0,         0,    1.54,exact_mw,cdc4a450a40af8e24899239080e4c40992fb5baf91c5a31ab3a165eacb3a1ab3,"{""distance"":5,""physical_error_rate"":0.0002}","{""detection_events"":20605,""detectors_checked"":23625728}"
        32,         6,         0,   0.720,exact_mw,7fd11737ba5953e5998cf5d5ab7672462ce2ff07a9ab0f8628176a3f70e7a095,"{""distance"":5,""physical_error_rate"":0.05}","{""detection_events"":1210,""detectors_checked"":7168,""obs_mistake_mask=E"":6}"
        32,         8,         0,   0.503,exact_mw,7fd11737ba5953e5998cf5d5ab7672462ce2ff07a9ab0f8628176a3f70e7a095,"{""distance"":5,""physical_error_rate"":0.05}","{""detection_events"":1246,""detectors_checked"":7168,""obs_mistake_mask=E"":8}"
    123904,         0,         0,    2.12,exact_mw,70a969f5042aec17ac076c6379f4170fb7c69b8e925756ef3b7334e28a33338b,"{""distance"":5,""physical_error_rate"":0.0001}","{""detection_events"":12051,""detectors_checked"":27754496}"
     89088,         0,         0,    1.53,exact_mw,cdc4a450a40af8e24899239080e4c40992fb5baf91c5a31ab3a165eacb3a1ab3,"{""distance"":5,""physical_error_rate"":0.0002}","{""detection_events"":17694,""detectors_checked"":19955712}"
        32,         8,         0,   0.596,exact_mw,7fd11737ba5953e5998cf5d5ab7672462ce2ff07a9ab0f8628176a3f70e7a095,"{""distance"":5,""physical_error_rate"":0.05}","{""detection_events"":1229,""detectors_checked"":7168,""obs_mistake_mask=E"":8}"
        64,         0,         0,   0.528,exact_mw,72230d8c06b5a71069df48ede6f7f3e6128cd83e8239dd1b2e5fe023578b6eb1,"{""distance"":5,""physical_error_rate"":0.01}","{""detection_events"":666,""detectors_checked"":14336}"
    146432,         0,         0,    2.16,exact_mw,70a969f5042aec17ac076c6379f4170fb7c69b8e925756ef3b7334e28a33338b,"{""distance"":5,""physical_error_rate"":0.0001}","{""detection_events"":14542,""detectors_checked"":32800768}"
        32,         6,         0,   0.602,exact_mw,7fd11737ba5953e5998cf5d5ab7672462ce2ff07a9ab0f8628176a3f70e7a095,"{""distance"":5,""physical_error_rate"":0.05}","{""detection_events"":1194,""detectors_checked"":7168,""obs_mistake_mask=E"":6}"
     31744,         0,         0,    1.52,exact_mw,bb90ec3459e353008cf9a5bb9142bf1e8515517a9e167021b225104594e48e8a,"{""distance"":5,""physical_error_rate"":0.001}","{""detection_events"":31278,""detectors_checked"":7110656}"
        32,         8,         0,   0.603,exact_mw,7fd11737ba5953e5998cf5d5ab7672462ce2ff07a9ab0f8628176a3f70e7a095,"{""distance"":5,""physical_error_rate"":0.05}","{""detection_events"":1259,""detectors_checked"":7168,""obs_mistake_mask=E"":8}"
        64,         2,         0,   0.834,exact_mw,7b4896c0e7f0a510554d89637fd747b157418067a95869d1f0661294d473d1dc,"{""distance"":5,""physical_error_rate"":0.02}","{""detection_events"":1168,""detectors_checked"":14336,""obs_mistake_mask=E"":2}"
       512,         0,         0,    1.34,exact_mw,38b7ae1c4e8407fc325e0d9e43e9f92ff26dcb3f5cf7b98d24ea74c9e5188d39,"{""distance"":5,""physical_error_rate"":0.005}","{""detection_events"":2472,""detectors_checked"":114688}"
    108544,         0,         0,    1.50,exact_mw,70a969f5042aec17ac076c6379f4170fb7c69b8e925756ef3b7334e28a33338b,"{""distance"":5,""physical_error_rate"":0.0001}","{""detection_events"":10564,""detectors_checked"":24313856}"
        32,         1,         0,   0.659,exact_mw,7b4896c0e7f0a510554d89637fd747b157418067a95869d1f0661294d473d1dc,"{""distance"":5,""physical_error_rate"":0.02}","{""detection_events"":556,""detectors_checked"":7168,""obs_mistake_mask=E"":1}"
      1280,         2,         0,    1.25,exact_mw,38b7ae1c4e8407fc325e0d9e43e9f92ff26dcb3f5cf7b98d24ea74c9e5188d39,"{""distance"":5,""physical_error_rate"":0.005}","{""detection_events"":6122,""detectors_checked"":286720,""obs_mistake_mask=E"":2}"
       256,         0,         0,   0.554,exact_mw,38b7ae1c4e8407fc325e0d9e43e9f92ff26dcb3f5cf7b98d24ea74c9e5188d39,"{""distance"":5,""physical_error_rate"":0.005}","{""detection_events"":1130,""detectors_checked"":57344}"
     11264,         0,         0,   0.891,exact_mw,bb90ec3459e353008cf9a5bb9142bf1e8515517a9e167021b225104594e48e8a,"{""distance"":5,""physical_error_rate"":0.001}","{""detection_events"":11434,""detectors_checked"":2523136}"
        64,         2,         0,   0.875,exact_mw,7b4896c0e7f0a510554d89637fd747b157418067a95869d1f0661294d473d1dc,"{""distance"":5,""physical_error_rate"":0.02}","{""detection_events"":1184,""detectors_checked"":14336,""obs_mistake_mask=E"":2}"
        32,         1,         0,   0.569,exact_mw,7b4896c0e7f0a510554d89637fd747b157418067a95869d1f0661294d473d1dc,"{""distance"":5,""physical_error_rate"":0.02}","{""detection_events"":519,""detectors_checked"":7168,""obs_mistake_mask=E"":1}"
    132096,         0,         0,    3.00,exact_mw,cb12ae119b9b2ba18d0216e7235b403229e92fd0743ede48fe7f1a2c6f45d594,"{""distance"":5,""physical_error_rate"":0.0005}","{""detection_events"":64928,""detectors_checked"":29589504}"
       256,         0,         0,   0.665,exact_mw,38b7ae1c4e8407fc325e0d9e43e9f92ff26dcb3f5cf7b98d24ea74c9e5188d39,"{""distance"":5,""physical_error_rate"":0.005}","{""detection_events"":1234,""detectors_checked"":57344}"
      3072,         0,         0,    1.06,exact_mw,3208f56225bbcac0e2804eb6f92d0a8b681652a702ca1ec920ccd7367f0e0899,"{""distance"":5,""physical_error_rate"":0.002}","{""detection_events"":5968,""detectors_checked"":688128}"
     24576,         0,         0,    1.54,exact_mw,bb90ec3459e353008cf9a5bb9142bf1e8515517a9e167021b225104594e48e8a,"{""distance"":5,""physical_error_rate"":0.001}","{""detection_events"":24277,""detectors_checked"":5505024}"
       256,         0,         0,   0.740,exact_mw,38b7ae1c4e8407fc325e0d9e43e9f92ff26dcb3f5cf7b98d24ea74c9e5188d39,"{""distance"":5,""physical_error_rate"":0.005}","{""detection_events"":1135,""detectors_checked"":57344}"
     80896,         0,         0,    1.43,exact_mw,70a969f5042aec17ac076c6379f4170fb7c69b8e925756ef3b7334e28a33338b,"{""distance"":5,""physical_error_rate"":0.0001}","{""detection_events"":8176,""detectors_checked"":18120704}"
        96,         2,         0,    1.42,exact_mw,7b4896c0e7f0a510554d89637fd747b157418067a95869d1f0661294d473d1dc,"{""distance"":5,""physical_error_rate"":0.02}","{""detection_events"":1700,""detectors_checked"":21504,""obs_mistake_mask=E"":2}"
       256,         2,         0,    1.79,exact_mw,72230d8c06b5a71069df48ede6f7f3e6128cd83e8239dd1b2e5fe023578b6eb1,"{""distance"":5,""physical_error_rate"":0.01}","{""detection_events"":2462,""detectors_checked"":57344,""obs_mistake_mask=E"":2}"
     20480,         0,         0,   0.805,exact_mw,bb90ec3459e353008cf9a5bb9142bf1e8515517a9e167021b225104594e48e8a,"{""distance"":5,""physical_error_rate"":0.001}","{""detection_events"":20274,""detectors_checked"":4587520}"
      4096,         0,         0,    1.17,exact_mw,3208f56225bbcac0e2804eb6f92d0a8b681652a702ca1ec920ccd7367f0e0899,"{""distance"":5,""physical_error_rate"":0.002}","{""detection_events"":7978,""detectors_checked"":917504}"
    126976,         0,         0,    2.14,exact_mw,cdc4a450a40af8e24899239080e4c40992fb5baf91c5a31ab3a165eacb3a1ab3,"{""distance"":5,""physical_error_rate"":0.0002}","{""detection_events"":24492,""detectors_checked"":28442624}"
        64,         0,         0,   0.463,exact_mw,72230d8c06b5a71069df48ede6f7f3e6128cd83e8239dd1b2e5fe023578b6eb1,"{""distance"":5,""physical_error_rate"":0.01}","{""detection_events"":534,""detectors_checked"":14336}"
      6144,         0,         0,    1.58,exact_mw,3208f56225bbcac0e2804eb6f92d0a8b681652a702ca1ec920ccd7367f0e0899,"{""distance"":5,""physical_error_rate"":0.002}","{""detection_events"":11889,""detectors_checked"":1376256}"
     68608,         0,         0,    1.51,exact_mw,cb12ae119b9b2ba18d0216e7235b403229e92fd0743ede48fe7f1a2c6f45d594,"{""distance"":5,""physical_error_rate"":0.0005}","{""detection_events"":33689,""detectors_checked"":15368192}"
      4096,         1,         0,    1.17,exact_mw,3208f56225bbcac0e2804eb6f92d0a8b681652a702ca1ec920ccd7367f0e0899,"{""distance"":5,""physical_error_rate"":0.002}","{""detection_events"":8195,""detectors_checked"":917504,""obs_mistake_mask=E"":1}"
       128,        34,         0,    1.95,exact_mw,7fd11737ba5953e5998cf5d5ab7672462ce2ff07a9ab0f8628176a3f70e7a095,"{""distance"":5,""physical_error_rate"":0.05}","{""detection_events"":4906,""detectors_checked"":28672,""obs_mistake_mask=E"":34}"
        32,         2,         0,   0.554,exact_mw,7b4896c0e7f0a510554d89637fd747b157418067a95869d1f0661294d473d1dc,"{""distance"":5,""physical_error_rate"":0.02}","{""detection_events"":583,""detectors_checked"":7168,""obs_mistake_mask=E"":2}"
     48128,         0,         0,   0.797,exact_mw,f32ebecd8e105e50ec838d33c5ed9b45444b6b44a3c6ac541111079f2b14e893,"{""distance"":5,""physical_error_rate"":5e-05}","{""detection_events"":2337,""detectors_checked"":10780672}"
        64,         0,         0,   0.437,exact_mw,72230d8c06b5a71069df48ede6f7f3e6128cd83e8239dd1b2e5fe023578b6eb1,"{""distance"":5,""physical_error_rate"":0.01}","{""detection_events"":498,""detectors_checked"":14336}"
       256,         0,         0,   0.524,exact_mw,38b7ae1c4e8407fc325e0d9e43e9f92ff26dcb3f5cf7b98d24ea74c9e5188d39,"{""distance"":5,""physical_error_rate"":0.005}","{""detection_events"":1207,""detectors_checked"":57344}"
        64,         4,         0,   0.962,exact_mw,7b4896c0e7f0a510554d89637fd747b157418067a95869d1f0661294d473d1dc,"{""distance"":5,""physical_error_rate"":0.02}","{""detection_events"":1090,""detectors_checked"":14336,""obs_mistake_mask=E"":4}"
     64512,         0,         0,    1.55,exact_mw,cb12ae119b9b2ba18d0216e7235b403229e92fd0743ede48fe7f1a2c6f45d594,"{""distance"":5,""physical_error_rate"":0.0005}","{""detection_events"":31804,""detectors_checked"":14450688}"
        64,         0,         0,   0.554,exact_mw,72230d8c06b5a71069df48ede6f7f3e6128cd83e8239dd1b2e5fe023578b6eb1,"{""distance"":5,""physical_error_rate"":0.01}","{""detection_events"":634,""detectors_checked"":14336}"
    124928,         0,         0,    2.11,exact_mw,f32ebecd8e105e50ec838d33c5ed9b45444b6b44a3c6ac541111079f2b14e893,"{""distance"":5,""physical_error_rate"":5e-05}","{""detection_events"":6214,""detectors_checked"":27983872}"
      2048,         1,         0,   0.631,exact_mw,3208f56225bbcac0e2804eb6f92d0a8b681652a702ca1ec920ccd7367f0e0899,"{""distance"":5,""physical_error_rate"":0.002}","{""detection_events"":4107,""detectors_checked"":458752,""obs_mistake_mask=E"":1}"
        64,         1,         0,   0.551,exact_mw,72230d8c06b5a71069df48ede6f7f3e6128cd83e8239dd1b2e5fe023578b6eb1,"{""distance"":5,""physical_error_rate"":0.01}","{""detection_events"":596,""detectors_checked"":14336,""obs_mistake_mask=E"":1}"
    114688,         0,         0,    1.57,exact_mw,f32ebecd8e105e50ec838d33c5ed9b45444b6b44a3c6ac541111079f2b14e893,"{""distance"":5,""physical_error_rate"":5e-05}","{""detection_events"":5627,""detectors_checked"":25690112}"
     80896,         0,         0,    1.56,exact_mw,cdc4a450a40af8e24899239080e4c40992fb5baf91c5a31ab3a165eacb3a1ab3,"{""distance"":5,""physical_error_rate"":0.0002}","{""detection_events"":15713,""detectors_checked"":18120704}"
     90112,         0,         0,    1.56,exact_mw,cdc4a450a40af8e24899239080e4c40992fb5baf91c5a31ab3a165eacb3a1ab3,"{""distance"":5,""physical_error_rate"":0.0002}","{""detection_events"":17857,""detectors_checked"":20185088}"
       128,         2,         0,   0.921,exact_mw,72230d8c06b5a71069df48ede6f7f3e6128cd83e8239dd1b2e5fe023578b6eb1,"{""distance"":5,""physical_error_rate"":0.01}","{""detection_events"":1216,""detectors_checked"":28672,""obs_mistake_mask=E"":2}"
        32,         8,         0,   0.643,exact_mw,7fd11737ba5953e5998cf5d5ab7672462ce2ff07a9ab0f8628176a3f70e7a095,"{""distance"":5,""physical_error_rate"":0.05}","{""detection_events"":1311,""detectors_checked"":7168,""obs_mistake_mask=E"":8}"
        32,         7,         0,   0.626,exact_mw,7fd11737ba5953e5998cf5d5ab7672462ce2ff07a9ab0f8628176a3f70e7a095,"{""distance"":5,""physical_error_rate"":0.05}","{""detection_events"":1281,""detectors_checked"":7168,""obs_mistake_mask=E"":7}"
       128,         0,         0,    1.09,exact_mw,72230d8c06b5a71069df48ede6f7f3e6128cd83e8239dd1b2e5fe023578b6eb1,"{""distance"":5,""physical_error_rate"":0.01}","{""detection_events"":1233,""detectors_checked"":28672}"
      3072,         0,         0,    1.24,exact_mw,3208f56225bbcac0e2804eb6f92d0a8b681652a702ca1ec920ccd7367f0e0899,"{""distance"":5,""physical_error_rate"":0.002}","{""detection_events"":6100,""detectors_checked"":688128}"
       128,         1,         0,   0.996,exact_mw,72230d8c06b5a71069df48ede6f7f3e6128cd83e8239dd1b2e5fe023578b6eb1,"{""distance"":5,""physical_error_rate"":0.01}","{""detection_events"":1185,""detectors_checked"":28672,""obs_mistake_mask=E"":1}"
    145408,         0,         0,    2.16,exact_mw,f32ebecd8e105e50ec838d33c5ed9b45444b6b44a3c6ac541111079f2b14e893,"{""distance"":5,""physical_error_rate"":5e-05}","{""detection_events"":7396,""detectors_checked"":32571392}"
        32,         6,         0,   0.675,exact_mw,7fd11737ba5953e5998cf5d5ab7672462ce2ff07a9ab0f8628176a3f70e7a095,"{""distance"":5,""physical_error_rate"":0.05}","{""detection_events"":1335,""detectors_checked"":7168,""obs_mistake_mask=E"":6}"
        64,        11,         0,    1.25,exact_mw,7fd11737ba5953e5998cf5d5ab7672462ce2ff07a9ab0f8628176a3f70e7a095,"{""distance"":5,""physical_error_rate"":0.05}","{""detection_events"":2413,""detectors_checked"":14336,""obs_mistake_mask=E"":11}"
        64,        16,         0,    1.23,exact_mw,7fd11737ba5953e5998cf5d5ab7672462ce2ff07a9ab0f8628176a3f70e7a095,"{""distance"":5,""physical_error_rate"":0.05}","{""detection_events"":2372,""detectors_checked"":14336,""obs_mistake_mask=E"":16}"
        32,        13,         0,   0.761,exact_mw,7fd11737ba5953e5998cf5d5ab7672462ce2ff07a9ab0f8628176a3f70e7a095,"{""distance"":5,""physical_error_rate"":0.05}","{""detection_events"":1267,""detectors_checked"":7168,""obs_mistake_mask=E"":13}"
        32,         0,         0,   0.624,exact_mw,7b4896c0e7f0a510554d89637fd747b157418067a95869d1f0661294d473d1dc,"{""distance"":5,""physical_error_rate"":0.02}","{""detection_events"":582,""detectors_checked"":7168}"
       128,         1,         0,   0.857,exact_mw,72230d8c06b5a71069df48ede6f7f3e6128cd83e8239dd1b2e5fe023578b6eb1,"{""distance"":5,""physical_error_rate"":0.01}","{""detection_events"":1170,""detectors_checked"":28672,""obs_mistake_mask=E"":1}"
        64,        13,         0,    1.21,exact_mw,7fd11737ba5953e5998cf5d5ab7672462ce2ff07a9ab0f8628176a3f70e7a095,"{""distance"":5,""physical_error_rate"":0.05}","{""detection_events"":2327,""detectors_checked"":14336,""obs_mistake_mask=E"":13}"
     22528,         0,         0,    1.14,exact_mw,bb90ec3459e353008cf9a5bb9142bf1e8515517a9e167021b225104594e48e8a,"{""distance"":5,""physical_error_rate"":0.001}","{""detection_events"":21790,""detectors_checked"":5046272}"
        64,         0,         0,   0.706,exact_mw,7b4896c0e7f0a510554d89637fd747b157418067a95869d1f0661294d473d1dc,"{""distance"":5,""physical_error_rate"":0.02}","{""detection_events"":1134,""detectors_checked"":14336}"
       512,         0,         0,   0.970,exact_mw,38b7ae1c4e8407fc325e0d9e43e9f92ff26dcb3f5cf7b98d24ea74c9e5188d39,"{""distance"":5,""physical_error_rate"":0.005}","{""detection_events"":2421,""detectors_checked"":114688}"
       256,         0,         0,   0.682,exact_mw,38b7ae1c4e8407fc325e0d9e43e9f92ff26dcb3f5cf7b98d24ea74c9e5188d39,"{""distance"":5,""physical_error_rate"":0.005}","{""detection_events"":1342,""detectors_checked"":57344}"
        64,         2,         0,   0.944,exact_mw,7b4896c0e7f0a510554d89637fd747b157418067a95869d1f0661294d473d1dc,"{""distance"":5,""physical_error_rate"":0.02}","{""detection_events"":1092,""detectors_checked"":14336,""obs_mistake_mask=E"":2}"
       256,         0,         0,   0.782,exact_mw,38b7ae1c4e8407fc325e0d9e43e9f92ff26dcb3f5cf7b98d24ea74c9e5188d39,"{""distance"":5,""physical_error_rate"":0.005}","{""detection_events"":1276,""detectors_checked"":57344}"
        64,         1,         0,   0.518,exact_mw,72230d8c06b5a71069df48ede6f7f3e6128cd83e8239dd1b2e5fe023578b6eb1,"{""distance"":5,""physical_error_rate"":0.01}","{""detection_events"":627,""detectors_checked"":14336,""obs_mistake_mask=E"":1}"
    132096,         0,         0,    2.11,exact_mw,70a969f5042aec17ac076c6379f4170fb7c69b8e925756ef3b7334e28a33338b,"{""distance"":5,""physical_error_rate"":0.0001}","{""detection_events"":13219,""detectors_checked"":29589504}"
     84992,         0,         0,    2.14,exact_mw,cb12ae119b9b2ba18d0216e7235b403229e92fd0743ede48fe7f1a2c6f45d594,"{""distance"":5,""physical_error_rate"":0.0005}","{""detection_events"":41999,""detectors_checked"":19038208}"
       512,         2,         0,    1.14,exact_mw,38b7ae1c4e8407fc325e0d9e43e9f92ff26dcb3f5cf7b98d24ea74c9e5188d39,"{""distance"":5,""physical_error_rate"":0.005}","{""detection_events"":2525,""detectors_checked"":114688,""obs_mistake_mask=E"":2}"
    129024,         0,         0,    2.12,exact_mw,cdc4a450a40af8e24899239080e4c40992fb5baf91c5a31ab3a165eacb3a1ab3,"{""distance"":5,""physical_error_rate"":0.0002}","{""detection_events"":25458,""detectors_checked"":28901376}"
        64,        11,         0,    1.35,exact_mw,7fd11737ba5953e5998cf5d5ab7672462ce2ff07a9ab0f8628176a3f70e7a095,"{""distance"":5,""physical_error_rate"":0.05}","{""detection_events"":2385,""detectors_checked"":14336,""obs_mistake_mask=E"":11}"
       512,         2,         0,    1.17,exact_mw,38b7ae1c4e8407fc325e0d9e43e9f92ff26dcb3f5cf7b98d24ea74c9e5188d39,"{""distance"":5,""physical_error_rate"":0.005}","{""detection_events"":2296,""detectors_checked"":114688,""obs_mistake_mask=E"":2}"
    115712,         0,         0,    2.19,exact_mw,cdc4a450a40af8e24899239080e4c40992fb5baf91c5a31ab3a165eacb3a1ab3,"{""distance"":5,""physical_error_rate"":0.0002}","{""detection_events"":22835,""detectors_checked"":25919488}"
       128,         0,         0,    1.20,exact_mw,72230d8c06b5a71069df48ede6f7f3e6128cd83e8239dd1b2e5fe023578b6eb1,"{""distance"":5,""physical_error_rate"":0.01}","{""detection_events"":1229,""detectors_checked"":28672}"
      5120,         1,         0,    1.35,exact_mw,3208f56225bbcac0e2804eb6f92d0a8b681652a702ca1ec920ccd7367f0e0899,"{""distance"":5,""physical_error_rate"":0.002}","{""detection_events"":10105,""detectors_checked"":1146880,""obs_mistake_mask=E"":1}"
       128,         2,         0,    1.92,exact_mw,7b4896c0e7f0a510554d89637fd747b157418067a95869d1f0661294d473d1dc,"{""distance"":5,""physical_error_rate"":0.02}","{""detection_events"":2322,""detectors_checked"":28672,""obs_mistake_mask=E"":2}"
     60416,         0,         0,    1.53,exact_mw,cb12ae119b9b2ba18d0216e7235b403229e92fd0743ede48fe7f1a2c6f45d594,"{""distance"":5,""physical_error_rate"":0.0005}","{""detection_events"":29638,""detectors_checked"":13533184}"
       256,         1,         0,   0.794,exact_mw,38b7ae1c4e8407fc325e0d9e43e9f92ff26dcb3f5cf7b98d24ea74c9e5188d39,"{""distance"":5,""physical_error_rate"":0.005}","{""detection_events"":1322,""detectors_checked"":57344,""obs_mistake_mask=E"":1}"
      6144,         0,         0,    1.69,exact_mw,3208f56225bbcac0e2804eb6f92d0a8b681652a702ca1ec920ccd7367f0e0899,"{""distance"":5,""physical_error_rate"":0.002}","{""detection_events"":11794,""detectors_checked"":1376256}"
        64,         0,         0,   0.559,exact_mw,72230d8c06b5a71069df48ede6f7f3e6128cd83e8239dd1b2e5fe023578b6eb1,"{""distance"":5,""physical_error_rate"":0.01}","{""detection_events"":631,""detectors_checked"":14336}"
      6144,         2,         0,    1.73,exact_mw,3208f56225bbcac0e2804eb6f92d0a8b681652a702ca1ec920ccd7367f0e0899,"{""distance"":5,""physical_error_rate"":0.002}","{""detection_events"":12080,""detectors_checked"":1376256,""obs_mistake_mask=E"":2}"
       256,         0,         0,   0.679,exact_mw,38b7ae1c4e8407fc325e0d9e43e9f92ff26dcb3f5cf7b98d24ea74c9e5188d39,"{""distance"":5,""physical_error_rate"":0.005}","{""detection_events"":1262,""detectors_checked"":57344}"
    133120,         0,         0,    2.15,exact_mw,f32ebecd8e105e50ec838d33c5ed9b45444b6b44a3c6ac541111079f2b14e893,"{""distance"":5,""physical_error_rate"":5e-05}","{""detection_events"":6468,""detectors_checked"":29818880}"
     59392,         0,         0,    1.57,exact_mw,cb12ae119b9b2ba18d0216e7235b403229e92fd0743ede48fe7f1a2c6f45d594,"{""distance"":5,""physical_error_rate"":0.0005}","{""detection_events"":28955,""detectors_checked"":13303808}"
    105472,         0,         0,    2.16,exact_mw,cb12ae119b9b2ba18d0216e7235b403229e92fd0743ede48fe7f1a2c6f45d594,"{""distance"":5,""physical_error_rate"":0.0005}","{""detection_events"":51529,""detectors_checked"":23625728}"
        64,         1,         0,   0.607,exact_mw,72230d8c06b5a71069df48ede6f7f3e6128cd83e8239dd1b2e5fe023578b6eb1,"{""distance"":5,""physical_error_rate"":0.01}","{""detection_events"":643,""detectors_checked"":14336,""obs_mistake_mask=E"":1}"
     97280,         0,         0,    1.53,exact_mw,70a969f5042aec17ac076c6379f4170fb7c69b8e925756ef3b7334e28a33338b,"{""distance"":5,""physical_error_rate"":0.0001}","{""detection_events"":9346,""detectors_checked"":21790720}"
       128,         0,         0,   0.893,exact_mw,72230d8c06b5a71069df48ede6f7f3e6128cd83e8239dd1b2e5fe023578b6eb1,"{""distance"":5,""physical_error_rate"":0.01}","{""detection_events"":1194,""detectors_checked"":28672}"
        64,         1,         0,   0.851,exact_mw,7b4896c0e7f0a510554d89637fd747b157418067a95869d1f0661294d473d1dc,"{""distance"":5,""physical_error_rate"":0.02}","{""detection_events"":1135,""detectors_checked"":14336,""obs_mistake_mask=E"":1}"
       512,         0,         0,    1.26,exact_mw,38b7ae1c4e8407fc325e0d9e43e9f92ff26dcb3f5cf7b98d24ea74c9e5188d39,"{""distance"":5,""physical_error_rate"":0.005}","{""detection_events"":2433,""detectors_checked"":114688}"
     93184,         0,         0,    1.53,exact_mw,cdc4a450a40af8e24899239080e4c40992fb5baf91c5a31ab3a165eacb3a1ab3,"{""distance"":5,""physical_error_rate"":0.0002}","{""detection_events"":18554,""detectors_checked"":20873216}"
     19456,         0,         0,    1.07,exact_mw,bb90ec3459e353008cf9a5bb9142bf1e8515517a9e167021b225104594e48e8a,"{""distance"":5,""physical_error_rate"":0.001}","{""detection_events"":19531,""detectors_checked"":4358144}"
        32,        10,         0,   0.620,exact_mw,7fd11737ba5953e5998cf5d5ab7672462ce2ff07a9ab0f8628176a3f70e7a095,"{""distance"":5,""physical_error_rate"":0.05}","{""detection_events"":1255,""detectors_checked"":7168,""obs_mistake_mask=E"":10}"
    152576,         0,         0,    2.15,exact_mw,f32ebecd8e105e50ec838d33c5ed9b45444b6b44a3c6ac541111079f2b14e893,"{""distance"":5,""physical_error_rate"":5e-05}","{""detection_events"":7736,""detectors_checked"":34177024}"
        64,         2,         0,    1.11,exact_mw,7b4896c0e7f0a510554d89637fd747b157418067a95869d1f0661294d473d1dc,"{""distance"":5,""physical_error_rate"":0.02}","{""detection_events"":1109,""detectors_checked"":14336,""obs_mistake_mask=E"":2}"
        64,        15,         0,    1.20,exact_mw,7fd11737ba5953e5998cf5d5ab7672462ce2ff07a9ab0f8628176a3f70e7a095,"{""distance"":5,""physical_error_rate"":0.05}","{""detection_events"":2541,""detectors_checked"":14336,""obs_mistake_mask=E"":15}"
     93184,         0,         0,    2.17,exact_mw,cb12ae119b9b2ba18d0216e7235b403229e92fd0743ede48fe7f1a2c6f45d594,"{""distance"":5,""physical_error_rate"":0.0005}","{""detection_events"":45936,""detectors_checked"":20873216}"
        32,         1,         0,   0.542,exact_mw,7b4896c0e7f0a510554d89637fd747b157418067a95869d1f0661294d473d1dc,"{""distance"":5,""physical_error_rate"":0.02}","{""detection_events"":562,""detectors_checked"":7168,""obs_mistake_mask=E"":1}"
       128,         0,         0,    1.02,exact_mw,72230d8c06b5a71069df48ede6f7f3e6128cd83e8239dd1b2e5fe023578b6eb1,"{""distance"":5,""physical_error_rate"":0.01}","{""detection_events"":1225,""detectors_checked"":28672}"
     34816,         0,         0,    2.17,exact_mw,bb90ec3459e353008cf9a5bb9142bf1e8515517a9e167021b225104594e48e8a,"{""distance"":5,""physical_error_rate"":0.001}","{""detection_events"":34421,""detectors_checked"":7798784}"
      3072,         1,         0,   0.845,exact_mw,3208f56225bbcac0e2804eb6f92d0a8b681652a702ca1ec920ccd7367f0e0899,"{""distance"":5,""physical_error_rate"":0.002}","{""detection_events"":6047,""detectors_checked"":688128,""obs_mistake_mask=E"":1}"
       128,         4,         0,    1.84,exact_mw,7b4896c0e7f0a510554d89637fd747b157418067a95869d1f0661294d473d1dc,"{""distance"":5,""physical_error_rate"":0.02}","{""detection_events"":2248,""detectors_checked"":28672,""obs_mistake_mask=E"":4}"
        32,         7,         0,   0.695,exact_mw,7fd11737ba5953e5998cf5d5ab7672462ce2ff07a9ab0f8628176a3f70e7a095,"{""distance"":5,""physical_error_rate"":0.05}","{""detection_events"":1278,""detectors_checked"":7168,""obs_mistake_mask=E"":7}"
     17408,         0,         0,    1.11,exact_mw,bb90ec3459e353008cf9a5bb9142bf1e8515517a9e167021b225104594e48e8a,"{""distance"":5,""physical_error_rate"":0.001}","{""detection_events"":17473,""detectors_checked"":3899392}"
        64,         0,         0,    1.02,exact_mw,7b4896c0e7f0a510554d89637fd747b157418067a95869d1f0661294d473d1dc,"{""distance"":5,""physical_error_rate"":0.02}","{""detection_events"":1155,""detectors_checked"":14336}"
      4096,         0,         0,    1.26,exact_mw,3208f56225bbcac0e2804eb6f92d0a8b681652a702ca1ec920ccd7367f0e0899,"{""distance"":5,""physical_error_rate"":0.002}","{""detection_events"":8164,""detectors_checked"":917504}"
       256,         1,         0,   0.624,exact_mw,38b7ae1c4e8407fc325e0d9e43e9f92ff26dcb3f5cf7b98d24ea74c9e5188d39,"{""distance"":5,""physical_error_rate"":0.005}","{""detection_events"":1287,""detectors_checked"":57344,""obs_mistake_mask=E"":1}"
     70656,         0,         0,    1.09,exact_mw,f32ebecd8e105e50ec838d33c5ed9b45444b6b44a3c6ac541111079f2b14e893,"{""distance"":5,""physical_error_rate"":5e-05}","{""detection_events"":3547,""detectors_checked"":15826944}"
        64,         0,         0,   0.476,exact_mw,72230d8c06b5a71069df48ede6f7f3e6128cd83e8239dd1b2e5fe023578b6eb1,"{""distance"":5,""physical_error_rate"":0.01}","{""detection_events"":601,""detectors_checked"":14336}"
        64,         0,         0,   0.609,exact_mw,72230d8c06b5a71069df48ede6f7f3e6128cd83e8239dd1b2e5fe023578b6eb1,"{""distance"":5,""physical_error_rate"":0.01}","{""detection_events"":637,""detectors_checked"":14336}"
     99328,         0,         0,    2.18,exact_mw,cb12ae119b9b2ba18d0216e7235b403229e92fd0743ede48fe7f1a2c6f45d594,"{""distance"":5,""physical_error_rate"":0.0005}","{""detection_events"":49063,""detectors_checked"":22249472}"
    139264,         0,         0,    2.19,exact_mw,70a969f5042aec17ac076c6379f4170fb7c69b8e925756ef3b7334e28a33338b,"{""distance"":5,""physical_error_rate"":0.0001}","{""detection_events"":13793,""detectors_checked"":31195136}"
        96,         4,         0,    1.44,exact_mw,7b4896c0e7f0a510554d89637fd747b157418067a95869d1f0661294d473d1dc,"{""distance"":5,""physical_error_rate"":0.02}","{""detection_events"":1806,""detectors_checked"":21504,""obs_mistake_mask=E"":4}"
       128,         0,         0,   0.929,exact_mw,72230d8c06b5a71069df48ede6f7f3e6128cd83e8239dd1b2e5fe023578b6eb1,"{""distance"":5,""physical_error_rate"":0.01}","{""detection_events"":1184,""detectors_checked"":28672}"
    116736,         0,         0,    2.17,exact_mw,f32ebecd8e105e50ec838d33c5ed9b45444b6b44a3c6ac541111079f2b14e893,"{""distance"":5,""physical_error_rate"":5e-05}","{""detection_events"":5606,""detectors_checked"":26148864}"
    201728,         0,         0,    3.04,exact_mw,70a969f5042aec17ac076c6379f4170fb7c69b8e925756ef3b7334e28a33338b,"{""distance"":5,""physical_error_rate"":0.0001}","{""detection_events"":19572,""detectors_checked"":45187072}"
    101376,         0,         0,    2.17,exact_mw,cb12ae119b9b2ba18d0216e7235b403229e92fd0743ede48fe7f1a2c6f45d594,"{""distance"":5,""physical_error_rate"":0.0005}","{""detection_events"":49860,""detectors_checked"":22708224}"
       256,         0,         0,   0.559,exact_mw,38b7ae1c4e8407fc325e0d9e43e9f92ff26dcb3f5cf7b98d24ea74c9e5188d39,"{""distance"":5,""physical_error_rate"":0.005}","{""detection_events"":1358,""detectors_checked"":57344}"
       128,         2,         0,   0.896,exact_mw,72230d8c06b5a71069df48ede6f7f3e6128cd83e8239dd1b2e5fe023578b6eb1,"{""distance"":5,""physical_error_rate"":0.01}","{""detection_events"":1140,""detectors_checked"":28672,""obs_mistake_mask=E"":2}"
       128,         1,         0,    1.02,exact_mw,72230d8c06b5a71069df48ede6f7f3e6128cd83e8239dd1b2e5fe023578b6eb1,"{""distance"":5,""physical_error_rate"":0.01}","{""detection_events"":1138,""detectors_checked"":28672,""obs_mistake_mask=E"":1}"
       192,         0,         0,    1.10,exact_mw,72230d8c06b5a71069df48ede6f7f3e6128cd83e8239dd1b2e5fe023578b6eb1,"{""distance"":5,""physical_error_rate"":0.01}","{""detection_events"":1797,""detectors_checked"":43008}"
      8192,         0,         0,    2.38,exact_mw,3208f56225bbcac0e2804eb6f92d0a8b681652a702ca1ec920ccd7367f0e0899,"{""distance"":5,""physical_error_rate"":0.002}","{""detection_events"":16300,""detectors_checked"":1835008}"
        96,         1,         0,   0.963,exact_mw,7b4896c0e7f0a510554d89637fd747b157418067a95869d1f0661294d473d1dc,"{""distance"":5,""physical_error_rate"":0.02}","{""detection_events"":1589,""detectors_checked"":21504,""obs_mistake_mask=E"":1}"
        64,        12,         0,    1.15,exact_mw,7fd11737ba5953e5998cf5d5ab7672462ce2ff07a9ab0f8628176a3f70e7a095,"{""distance"":5,""physical_error_rate"":0.05}","{""detection_events"":2361,""detectors_checked"":14336,""obs_mistake_mask=E"":12}"
        32,         2,         0,   0.541,exact_mw,7b4896c0e7f0a510554d89637fd747b157418067a95869d1f0661294d473d1dc,"{""distance"":5,""physical_error_rate"":0.02}","{""detection_events"":591,""detectors_checked"":7168,""obs_mistake_mask=E"":2}"
        64,        12,         0,    1.12,exact_mw,7fd11737ba5953e5998cf5d5ab7672462ce2ff07a9ab0f8628176a3f70e7a095,"{""distance"":5,""physical_error_rate"":0.05}","{""detection_events"":2502,""detectors_checked"":14336,""obs_mistake_mask=E"":12}"
        64,        20,         0,    1.18,exact_mw,7fd11737ba5953e5998cf5d5ab7672462ce2ff07a9ab0f8628176a3f70e7a095,"{""distance"":5,""physical_error_rate"":0.05}","{""detection_events"":2449,""detectors_checked"":14336,""obs_mistake_mask=E"":20}"
        64,         4,         0,   0.406,exact_mw,72230d8c06b5a71069df48ede6f7f3e6128cd83e8239dd1b2e5fe023578b6eb1,"{""distance"":5,""physical_error_rate"":0.01}","{""detection_events"":591,""detectors_checked"":14336,""obs_mistake_mask=E"":4}"
        32,         6,         0,   0.560,exact_mw,7fd11737ba5953e5998cf5d5ab7672462ce2ff07a9ab0f8628176a3f70e7a095,"{""distance"":5,""physical_error_rate"":0.05}","{""detection_events"":1218,""detectors_checked"":7168,""obs_mistake_mask=E"":6}"
     34816,         0,         0,    2.19,exact_mw,bb90ec3459e353008cf9a5bb9142bf1e8515517a9e167021b225104594e48e8a,"{""distance"":5,""physical_error_rate"":0.001}","{""detection_events"":34350,""detectors_checked"":7798784}"
       128,         0,         0,   0.706,exact_mw,72230d8c06b5a71069df48ede6f7f3e6128cd83e8239dd1b2e5fe023578b6eb1,"{""distance"":5,""physical_error_rate"":0.01}","{""detection_events"":1205,""detectors_checked"":28672}"
        64,         1,         0,   0.505,exact_mw,72230d8c06b5a71069df48ede6f7f3e6128cd83e8239dd1b2e5fe023578b6eb1,"{""distance"":5,""physical_error_rate"":0.01}","{""detection_events"":635,""detectors_checked"":14336,""obs_mistake_mask=E"":1}"
     49152,         0,         0,    2.19,exact_mw,bb90ec3459e353008cf9a5bb9142bf1e8515517a9e167021b225104594e48e8a,"{""distance"":5,""physical_error_rate"":0.001}","{""detection_events"":48421,""detectors_checked"":11010048}"
    113664,         0,         0,    2.10,exact_mw,f32ebecd8e105e50ec838d33c5ed9b45444b6b44a3c6ac541111079f2b14e893,"{""distance"":5,""physical_error_rate"":5e-05}","{""detection_events"":5561,""detectors_checked"":25460736}"
       128,         2,         0,    1.78,exact_mw,7b4896c0e7f0a510554d89637fd747b157418067a95869d1f0661294d473d1dc,"{""distance"":5,""physical_error_rate"":0.02}","{""detection_events"":2320,""detectors_checked"":28672,""obs_mistake_mask=E"":2}"
      6144,         0,         0,    1.71,exact_mw,3208f56225bbcac0e2804eb6f92d0a8b681652a702ca1ec920ccd7367f0e0899,"{""distance"":5,""physical_error_rate"":0.002}","{""detection_events"":12038,""detectors_checked"":1376256}"
       512,         1,         0,    1.12,exact_mw,38b7ae1c4e8407fc325e0d9e43e9f92ff26dcb3f5cf7b98d24ea74c9e5188d39,"{""distance"":5,""physical_error_rate"":0.005}","{""detection_events"":2359,""detectors_checked"":114688,""obs_mistake_mask=E"":1}"
       128,         0,         0,   0.858,exact_mw,72230d8c06b5a71069df48ede6f7f3e6128cd83e8239dd1b2e5fe023578b6eb1,"{""distance"":5,""physical_error_rate"":0.01}","{""detection_events"":1222,""detectors_checked"":28672}"
        64,        11,         0,    1.35,exact_mw,7fd11737ba5953e5998cf5d5ab7672462ce2ff07a9ab0f8628176a3f70e7a095,"{""distance"":5,""physical_error_rate"":0.05}","{""detection_events"":2287,""detectors_checked"":14336,""obs_mistake_mask=E"":11}"
        64,        14,         0,    1.13,exact_mw,7fd11737ba5953e5998cf5d5ab7672462ce2ff07a9ab0f8628176a3f70e7a095,"{""distance"":5,""physical_error_rate"":0.05}","{""detection_events"":2463,""detectors_checked"":14336,""obs_mistake_mask=E"":14}"
       512,         0,         0,    1.28,exact_mw,38b7ae1c4e8407fc325e0d9e43e9f92ff26dcb3f5cf7b98d24ea74c9e5188d39,"{""distance"":5,""physical_error_rate"":0.005}","{""detection_events"":2433,""detectors_checked"":114688}"
    133120,         0,         0,    2.15,exact_mw,cdc4a450a40af8e24899239080e4c40992fb5baf91c5a31ab3a165eacb3a1ab3,"{""distance"":5,""physical_error_rate"":0.0002}","{""detection_events"":26652,""detectors_checked"":29818880}"
       128,         1,         0,   0.977,exact_mw,72230d8c06b5a71069df48ede6f7f3e6128cd83e8239dd1b2e5fe023578b6eb1,"{""distance"":5,""physical_error_rate"":0.01}","{""detection_events"":1235,""detectors_checked"":28672,""obs_mistake_mask=E"":1}"
      7168,         0,         0,    1.84,exact_mw,3208f56225bbcac0e2804eb6f92d0a8b681652a702ca1ec920ccd7367f0e0899,"{""distance"":5,""physical_error_rate"":0.002}","{""detection_events"":13838,""detectors_checked"":1605632}"
    138240,         0,         0,    2.19,exact_mw,cdc4a450a40af8e24899239080e4c40992fb5baf91c5a31ab3a165eacb3a1ab3,"{""distance"":5,""physical_error_rate"":0.0002}","{""detection_events"":27404,""detectors_checked"":30965760}"
    137216,         0,         0,    2.16,exact_mw,cdc4a450a40af8e24899239080e4c40992fb5baf91c5a31ab3a165eacb3a1ab3,"{""distance"":5,""physical_error_rate"":0.0002}","{""detection_events"":26570,""detectors_checked"":30736384}"
       128,         1,         0,    1.23,exact_mw,72230d8c06b5a71069df48ede6f7f3e6128cd83e8239dd1b2e5fe023578b6eb1,"{""distance"":5,""physical_error_rate"":0.01}","{""detection_events"":1288,""detectors_checked"":28672,""obs_mistake_mask=E"":1}"
       768,         1,         0,    2.12,exact_mw,38b7ae1c4e8407fc325e0d9e43e9f92ff26dcb3f5cf7b98d24ea74c9e5188d39,"{""distance"":5,""physical_error_rate"":0.005}","{""detection_events"":3593,""detectors_checked"":172032,""obs_mistake_mask=E"":1}"
     37888,         0,         0,    2.17,exact_mw,bb90ec3459e353008cf9a5bb9142bf1e8515517a9e167021b225104594e48e8a,"{""distance"":5,""physical_error_rate"":0.001}","{""detection_events"":37546,""detectors_checked"":8486912}"
      5120,         0,         0,    1.60,exact_mw,3208f56225bbcac0e2804eb6f92d0a8b681652a702ca1ec920ccd7367f0e0899,"{""distance"":5,""physical_error_rate"":0.002}","{""detection_events"":10036,""detectors_checked"":1146880}"
        96,         4,         0,    1.39,exact_mw,7b4896c0e7f0a510554d89637fd747b157418067a95869d1f0661294d473d1dc,"{""distance"":5,""physical_error_rate"":0.02}","{""detection_events"":1708,""detectors_checked"":21504,""obs_mistake_mask=E"":4}"
    144384,         0,         0,    2.16,exact_mw,70a969f5042aec17ac076c6379f4170fb7c69b8e925756ef3b7334e28a33338b,"{""distance"":5,""physical_error_rate"":0.0001}","{""detection_events"":14153,""detectors_checked"":32342016}"
        64,         4,         0,   0.872,exact_mw,7b4896c0e7f0a510554d89637fd747b157418067a95869d1f0661294d473d1dc,"{""distance"":5,""physical_error_rate"":0.02}","{""detection_events"":1157,""detectors_checked"":14336,""obs_mistake_mask=E"":4}"
       512,         0,         0,    1.43,exact_mw,38b7ae1c4e8407fc325e0d9e43e9f92ff26dcb3f5cf7b98d24ea74c9e5188d39,"{""distance"":5,""physical_error_rate"":0.005}","{""detection_events"":2371,""detectors_checked"":114688}"
     61440,         0,         0,    3.07,exact_mw,bb90ec3459e353008cf9a5bb9142bf1e8515517a9e167021b225104594e48e8a,"{""distance"":5,""physical_error_rate"":0.001}","{""detection_events"":60263,""detectors_checked"":13762560}"
    200704,         0,         0,    3.02,exact_mw,f32ebecd8e105e50ec838d33c5ed9b45444b6b44a3c6ac541111079f2b14e893,"{""distance"":5,""physical_error_rate"":5e-05}","{""detection_events"":9752,""detectors_checked"":44957696}"
     26624,         0,         0,    1.61,exact_mw,bb90ec3459e353008cf9a5bb9142bf1e8515517a9e167021b225104594e48e8a,"{""distance"":5,""physical_error_rate"":0.001}","{""detection_events"":26113,""detectors_checked"":5963776}"
        64,        18,         0,    1.15,exact_mw,7fd11737ba5953e5998cf5d5ab7672462ce2ff07a9ab0f8628176a3f70e7a095,"{""distance"":5,""physical_error_rate"":0.05}","{""detection_events"":2479,""detectors_checked"":14336,""obs_mistake_mask=E"":18}"
       512,         1,         0,    1.39,exact_mw,38b7ae1c4e8407fc325e0d9e43e9f92ff26dcb3f5cf7b98d24ea74c9e5188d39,"{""distance"":5,""physical_error_rate"":0.005}","{""detection_events"":2455,""detectors_checked"":114688,""obs_mistake_mask=E"":1}"
     34816,         0,         0,    2.19,exact_mw,bb90ec3459e353008cf9a5bb9142bf1e8515517a9e167021b225104594e48e8a,"{""distance"":5,""physical_error_rate"":0.001}","{""detection_events"":34529,""detectors_checked"":7798784}"
    118784,         0,         0,    2.18,exact_mw,70a969f5042aec17ac076c6379f4170fb7c69b8e925756ef3b7334e28a33338b,"{""distance"":5,""physical_error_rate"":0.0001}","{""detection_events"":11914,""detectors_checked"":26607616}"
       512,         0,         0,   0.837,exact_mw,38b7ae1c4e8407fc325e0d9e43e9f92ff26dcb3f5cf7b98d24ea74c9e5188d39,"{""distance"":5,""physical_error_rate"":0.005}","{""detection_events"":2420,""detectors_checked"":114688}"
        64,        11,         0,    1.21,exact_mw,7fd11737ba5953e5998cf5d5ab7672462ce2ff07a9ab0f8628176a3f70e7a095,"{""distance"":5,""physical_error_rate"":0.05}","{""detection_events"":2335,""detectors_checked"":14336,""obs_mistake_mask=E"":11}"
       512,         0,         0,    1.04,exact_mw,38b7ae1c4e8407fc325e0d9e43e9f92ff26dcb3f5cf7b98d24ea74c9e5188d39,"{""distance"":5,""physical_error_rate"":0.005}","{""detection_events"":2317,""detectors_checked"":114688}"
       128,         1,         0,   0.847,exact_mw,72230d8c06b5a71069df48ede6f7f3e6128cd83e8239dd1b2e5fe023578b6eb1,"{""distance"":5,""physical_error_rate"":0.01}","{""detection_events"":1167,""detectors_checked"":28672,""obs_mistake_mask=E"":1}"
      1024,         0,         0,    2.40,exact_mw,38b7ae1c4e8407fc325e0d9e43e9f92ff26dcb3f5cf7b98d24ea74c9e5188d39,"{""distance"":5,""physical_error_rate"":0.005}","{""detection_events"":4868,""detectors_checked"":229376}"
    103424,         0,         0,    2.18,exact_mw,cb12ae119b9b2ba18d0216e7235b403229e92fd0743ede48fe7f1a2c6f45d594,"{""distance"":5,""physical_error_rate"":0.0005}","{""detection_events"":50852,""detectors_checked"":23166976}"
     65536,         1,         0,    3.00,exact_mw,bb90ec3459e353008cf9a5bb9142bf1e8515517a9e167021b225104594e48e8a,"{""distance"":5,""physical_error_rate"":0.001}","{""detection_events"":64539,""detectors_checked"":14680064,""obs_mistake_mask=E"":1}"
        96,         3,         0,    1.29,exact_mw,7b4896c0e7f0a510554d89637fd747b157418067a95869d1f0661294d473d1dc,"{""distance"":5,""physical_error_rate"":0.02}","{""detection_events"":1771,""detectors_checked"":21504,""obs_mistake_mask=E"":3}"
        32,         7,         0,   0.613,exact_mw,7fd11737ba5953e5998cf5d5ab7672462ce2ff07a9ab0f8628176a3f70e7a095,"{""distance"":5,""physical_error_rate"":0.05}","{""detection_events"":1309,""detectors_checked"":7168,""obs_mistake_mask=E"":7}"
        32,         5,         0,   0.678,exact_mw,7fd11737ba5953e5998cf5d5ab7672462ce2ff07a9ab0f8628176a3f70e7a095,"{""distance"":5,""physical_error_rate"":0.05}","{""detection_events"":1224,""detectors_checked"":7168,""obs_mistake_mask=E"":5}"
    100352,         1,         0,    2.15,exact_mw,cb12ae119b9b2ba18d0216e7235b403229e92fd0743ede48fe7f1a2c6f45d594,"{""distance"":5,""physical_error_rate"":0.0005}","{""detection_events"":49081,""detectors_checked"":22478848,""obs_mistake_mask=E"":1}"
       128,        36,         0,    2.34,exact_mw,7fd11737ba5953e5998cf5d5ab7672462ce2ff07a9ab0f8628176a3f70e7a095,"{""distance"":5,""physical_error_rate"":0.05}","{""detection_events"":4965,""detectors_checked"":28672,""obs_mistake_mask=E"":36}"
    221184,         0,         0,    3.04,exact_mw,70a969f5042aec17ac076c6379f4170fb7c69b8e925756ef3b7334e28a33338b,"{""distance"":5,""physical_error_rate"":0.0001}","{""detection_events"":21625,""detectors_checked"":49545216}"
        64,        17,         0,   0.932,exact_mw,7fd11737ba5953e5998cf5d5ab7672462ce2ff07a9ab0f8628176a3f70e7a095,"{""distance"":5,""physical_error_rate"":0.05}","{""detection_events"":2471,""detectors_checked"":14336,""obs_mistake_mask=E"":17}"
      6144,         0,         0,    1.75,exact_mw,3208f56225bbcac0e2804eb6f92d0a8b681652a702ca1ec920ccd7367f0e0899,"{""distance"":5,""physical_error_rate"":0.002}","{""detection_events"":11812,""detectors_checked"":1376256}"
     10240,         0,         0,    2.43,exact_mw,3208f56225bbcac0e2804eb6f92d0a8b681652a702ca1ec920ccd7367f0e0899,"{""distance"":5,""physical_error_rate"":0.002}","{""detection_events"":19667,""detectors_checked"":2293760}"
      5120,         0,         0,    1.38,exact_mw,3208f56225bbcac0e2804eb6f92d0a8b681652a702ca1ec920ccd7367f0e0899,"{""distance"":5,""physical_error_rate"":0.002}","{""detection_events"":9855,""detectors_checked"":1146880}"
    179200,         0,         0,    2.14,exact_mw,f32ebecd8e105e50ec838d33c5ed9b45444b6b44a3c6ac541111079f2b14e893,"{""distance"":5,""physical_error_rate"":5e-05}","{""detection_events"":8816,""detectors_checked"":40140800}"
        96,        25,         0,    2.10,exact_mw,7fd11737ba5953e5998cf5d5ab7672462ce2ff07a9ab0f8628176a3f70e7a095,"{""distance"":5,""physical_error_rate"":0.05}","{""detection_events"":3747,""detectors_checked"":21504,""obs_mistake_mask=E"":25}"
    128000,         0,         0,    2.14,exact_mw,cdc4a450a40af8e24899239080e4c40992fb5baf91c5a31ab3a165eacb3a1ab3,"{""distance"":5,""physical_error_rate"":0.0002}","{""detection_events"":25517,""detectors_checked"":28672000}"
    132096,         0,         0,    2.13,exact_mw,cdc4a450a40af8e24899239080e4c40992fb5baf91c5a31ab3a165eacb3a1ab3,"{""distance"":5,""physical_error_rate"":0.0002}","{""detection_events"":26144,""detectors_checked"":29589504}"
      1024,         4,         0,    1.92,exact_mw,38b7ae1c4e8407fc325e0d9e43e9f92ff26dcb3f5cf7b98d24ea74c9e5188d39,"{""distance"":5,""physical_error_rate"":0.005}","{""detection_events"":4800,""detectors_checked"":229376,""obs_mistake_mask=E"":4}"
     30720,         0,         0,    1.63,exact_mw,bb90ec3459e353008cf9a5bb9142bf1e8515517a9e167021b225104594e48e8a,"{""distance"":5,""physical_error_rate"":0.001}","{""detection_events"":30487,""detectors_checked"":6881280}"
        64,        17,         0,   0.991,exact_mw,7fd11737ba5953e5998cf5d5ab7672462ce2ff07a9ab0f8628176a3f70e7a095,"{""distance"":5,""physical_error_rate"":0.05}","{""detection_events"":2537,""detectors_checked"":14336,""obs_mistake_mask=E"":17}"
        96,         5,         0,    1.66,exact_mw,7b4896c0e7f0a510554d89637fd747b157418067a95869d1f0661294d473d1dc,"{""distance"":5,""physical_error_rate"":0.02}","{""detection_events"":1618,""detectors_checked"":21504,""obs_mistake_mask=E"":5}"
        32,        14,         0,   0.518,exact_mw,7fd11737ba5953e5998cf5d5ab7672462ce2ff07a9ab0f8628176a3f70e7a095,"{""distance"":5,""physical_error_rate"":0.05}","{""detection_events"":1211,""detectors_checked"":7168,""obs_mistake_mask=E"":14}"
        32,         4,         0,   0.818,exact_mw,7fd11737ba5953e5998cf5d5ab7672462ce2ff07a9ab0f8628176a3f70e7a095,"{""distance"":5,""physical_error_rate"":0.05}","{""detection_events"":1256,""detectors_checked"":7168,""obs_mistake_mask=E"":4}"
        32,         7,         0,   0.422,exact_mw,7fd11737ba5953e5998cf5d5ab7672462ce2ff07a9ab0f8628176a3f70e7a095,"{""distance"":5,""physical_error_rate"":0.05}","{""detection_events"":1216,""detectors_checked"":7168,""obs_mistake_mask=E"":7}"
        96,         2,         0,    1.17,exact_mw,7b4896c0e7f0a510554d89637fd747b157418067a95869d1f0661294d473d1dc,"{""distance"":5,""physical_error_rate"":0.02}","{""detection_events"":1626,""detectors_checked"":21504,""obs_mistake_mask=E"":2}"
        32,         6,         0,   0.840,exact_mw,7fd11737ba5953e5998cf5d5ab7672462ce2ff07a9ab0f8628176a3f70e7a095,"{""distance"":5,""physical_error_rate"":0.05}","{""detection_events"":1222,""detectors_checked"":7168,""obs_mistake_mask=E"":6}"
       128,         0,         0,    1.36,exact_mw,72230d8c06b5a71069df48ede6f7f3e6128cd83e8239dd1b2e5fe023578b6eb1,"{""distance"":5,""physical_error_rate"":0.01}","{""detection_events"":1259,""detectors_checked"":28672}"
       320,         3,         0,    1.23,exact_mw,72230d8c06b5a71069df48ede6f7f3e6128cd83e8239dd1b2e5fe023578b6eb1,"{""distance"":5,""physical_error_rate"":0.01}","{""detection_events"":3070,""detectors_checked"":71680,""obs_mistake_mask=E"":3}"
     31744,         1,         0,    1.55,exact_mw,bb90ec3459e353008cf9a5bb9142bf1e8515517a9e167021b225104594e48e8a,"{""distance"":5,""physical_error_rate"":0.001}","{""detection_events"":31459,""detectors_checked"":7110656,""obs_mistake_mask=E"":1}"
        64,         0,         0,    1.14,exact_mw,7b4896c0e7f0a510554d89637fd747b157418067a95869d1f0661294d473d1dc,"{""distance"":5,""physical_error_rate"":0.02}","{""detection_events"":1061,""detectors_checked"":14336}"
       192,         0,         0,    1.04,exact_mw,72230d8c06b5a71069df48ede6f7f3e6128cd83e8239dd1b2e5fe023578b6eb1,"{""distance"":5,""physical_error_rate"":0.01}","{""detection_events"":1703,""detectors_checked"":43008}"
    191488,         0,         0,    3.04,exact_mw,cdc4a450a40af8e24899239080e4c40992fb5baf91c5a31ab3a165eacb3a1ab3,"{""distance"":5,""physical_error_rate"":0.0002}","{""detection_events"":38126,""detectors_checked"":42893312}"
       128,         0,         0,    1.01,exact_mw,72230d8c06b5a71069df48ede6f7f3e6128cd83e8239dd1b2e5fe023578b6eb1,"{""distance"":5,""physical_error_rate"":0.01}","{""detection_events"":1163,""detectors_checked"":28672}"
    162816,         0,         0,    3.05,exact_mw,70a969f5042aec17ac076c6379f4170fb7c69b8e925756ef3b7334e28a33338b,"{""distance"":5,""physical_error_rate"":0.0001}","{""detection_events"":16099,""detectors_checked"":36470784}"
    100352,         0,         0,    1.53,exact_mw,f32ebecd8e105e50ec838d33c5ed9b45444b6b44a3c6ac541111079f2b14e893,"{""distance"":5,""physical_error_rate"":5e-05}","{""detection_events"":4999,""detectors_checked"":22478848}"
    193536,         0,         0,    3.06,exact_mw,70a969f5042aec17ac076c6379f4170fb7c69b8e925756ef3b7334e28a33338b,"{""distance"":5,""physical_error_rate"":0.0001}","{""detection_events"":18666,""detectors_checked"":43352064}"
       768,         1,         0,    1.84,exact_mw,38b7ae1c4e8407fc325e0d9e43e9f92ff26dcb3f5cf7b98d24ea74c9e5188d39,"{""distance"":5,""physical_error_rate"":0.005}","{""detection_events"":3563,""detectors_checked"":172032,""obs_mistake_mask=E"":1}"
     80896,         0,         0,    2.16,exact_mw,cb12ae119b9b2ba18d0216e7235b403229e92fd0743ede48fe7f1a2c6f45d594,"{""distance"":5,""physical_error_rate"":0.0005}","{""detection_events"":39581,""detectors_checked"":18120704}"
       192,         2,         0,    1.51,exact_mw,72230d8c06b5a71069df48ede6f7f3e6128cd83e8239dd1b2e5fe023578b6eb1,"{""distance"":5,""physical_error_rate"":0.01}","{""detection_events"":1754,""detectors_checked"":43008,""obs_mistake_mask=E"":2}"
        96,         3,         0,    1.61,exact_mw,7b4896c0e7f0a510554d89637fd747b157418067a95869d1f0661294d473d1dc,"{""distance"":5,""physical_error_rate"":0.02}","{""detection_events"":1698,""detectors_checked"":21504,""obs_mistake_mask=E"":3}"
      5120,         0,         0,    1.78,exact_mw,3208f56225bbcac0e2804eb6f92d0a8b681652a702ca1ec920ccd7367f0e0899,"{""distance"":5,""physical_error_rate"":0.002}","{""detection_events"":10355,""detectors_checked"":1146880}"
      8192,         1,         0,    2.20,exact_mw,3208f56225bbcac0e2804eb6f92d0a8b681652a702ca1ec920ccd7367f0e0899,"{""distance"":5,""physical_error_rate"":0.002}","{""detection_events"":15881,""detectors_checked"":1835008,""obs_mistake_mask=E"":1}"
       128,         2,         0,   0.731,exact_mw,72230d8c06b5a71069df48ede6f7f3e6128cd83e8239dd1b2e5fe023578b6eb1,"{""distance"":5,""physical_error_rate"":0.01}","{""detection_events"":1286,""detectors_checked"":28672,""obs_mistake_mask=E"":2}"
      8192,         0,         0,    2.21,exact_mw,3208f56225bbcac0e2804eb6f92d0a8b681652a702ca1ec920ccd7367f0e0899,"{""distance"":5,""physical_error_rate"":0.002}","{""detection_events"":16146,""detectors_checked"":1835008}"
     86016,         0,         0,    2.13,exact_mw,cb12ae119b9b2ba18d0216e7235b403229e92fd0743ede48fe7f1a2c6f45d594,"{""distance"":5,""physical_error_rate"":0.0005}","{""detection_events"":42422,""detectors_checked"":19267584}"
    217088,         0,         0,    3.02,exact_mw,cdc4a450a40af8e24899239080e4c40992fb5baf91c5a31ab3a165eacb3a1ab3,"{""distance"":5,""physical_error_rate"":0.0002}","{""detection_events"":42780,""detectors_checked"":48627712}"
       512,         1,         0,   0.837,exact_mw,38b7ae1c4e8407fc325e0d9e43e9f92ff26dcb3f5cf7b98d24ea74c9e5188d39,"{""distance"":5,""physical_error_rate"":0.005}","{""detection_events"":2370,""detectors_checked"":114688,""obs_mistake_mask=E"":1}"
    139264,         0,         0,    2.18,exact_mw,70a969f5042aec17ac076c6379f4170fb7c69b8e925756ef3b7334e28a33338b,"{""distance"":5,""physical_error_rate"":0.0001}","{""detection_events"":14110,""detectors_checked"":31195136}"
       512,         0,         0,    1.26,exact_mw,38b7ae1c4e8407fc325e0d9e43e9f92ff26dcb3f5cf7b98d24ea74c9e5188d39,"{""distance"":5,""physical_error_rate"":0.005}","{""detection_events"":2372,""detectors_checked"":114688}"
    118784,         0,         0,    2.15,exact_mw,cdc4a450a40af8e24899239080e4c40992fb5baf91c5a31ab3a165eacb3a1ab3,"{""distance"":5,""physical_error_rate"":0.0002}","{""detection_events"":23093,""detectors_checked"":26607616}"
       192,         4,         0,    1.34,exact_mw,72230d8c06b5a71069df48ede6f7f3e6128cd83e8239dd1b2e5fe023578b6eb1,"{""distance"":5,""physical_error_rate"":0.01}","{""detection_events"":1793,""detectors_checked"":43008,""obs_mistake_mask=E"":4}"
       384,         3,         0,    1.45,exact_mw,72230d8c06b5a71069df48ede6f7f3e6128cd83e8239dd1b2e5fe023578b6eb1,"{""distance"":5,""physical_error_rate"":0.01}","{""detection_events"":3648,""detectors_checked"":86016,""obs_mistake_mask=E"":3}"
       512,         0,         0,   0.994,exact_mw,38b7ae1c4e8407fc325e0d9e43e9f92ff26dcb3f5cf7b98d24ea74c9e5188d39,"{""distance"":5,""physical_error_rate"":0.005}","{""detection_events"":2472,""detectors_checked"":114688}"
        64,         4,         0,    1.17,exact_mw,7b4896c0e7f0a510554d89637fd747b157418067a95869d1f0661294d473d1dc,"{""distance"":5,""physical_error_rate"":0.02}","{""detection_events"":1134,""detectors_checked"":14336,""obs_mistake_mask=E"":4}"
        64,         0,         0,   0.542,exact_mw,72230d8c06b5a71069df48ede6f7f3e6128cd83e8239dd1b2e5fe023578b6eb1,"{""distance"":5,""physical_error_rate"":0.01}","{""detection_events"":597,""detectors_checked"":14336}"
       192,         1,         0,    1.36,exact_mw,72230d8c06b5a71069df48ede6f7f3e6128cd83e8239dd1b2e5fe023578b6eb1,"{""distance"":5,""physical_error_rate"":0.01}","{""detection_events"":1796,""detectors_checked"":43008,""obs_mistake_mask=E"":1}"
    160768,         0,         0,    3.02,exact_mw,f32ebecd8e105e50ec838d33c5ed9b45444b6b44a3c6ac541111079f2b14e893,"{""distance"":5,""physical_error_rate"":5e-05}","{""detection_events"":8003,""detectors_checked"":36012032}"
      1297,         0,         0,   0.025,exact_mw,70a969f5042aec17ac076c6379f4170fb7c69b8e925756ef3b7334e28a33338b,"{""distance"":5,""physical_error_rate"":0.0001}","{""detection_events"":130,""detectors_checked"":290528}"
      2048,         0,         0,   0.027,exact_mw,70a969f5042aec17ac076c6379f4170fb7c69b8e925756ef3b7334e28a33338b,"{""distance"":5,""physical_error_rate"":0.0001}","{""detection_events"":213,""detectors_checked"":458752}"
       512,         0,         0,    1.22,exact_mw,38b7ae1c4e8407fc325e0d9e43e9f92ff26dcb3f5cf7b98d24ea74c9e5188d39,"{""distance"":5,""physical_error_rate"":0.005}","{""detection_events"":2448,""detectors_checked"":114688}"
      1024,         0,         0,   0.023,exact_mw,70a969f5042aec17ac076c6379f4170fb7c69b8e925756ef3b7334e28a33338b,"{""distance"":5,""physical_error_rate"":0.0001}","{""detection_events"":97,""detectors_checked"":229376}"
      1297,         0,         0,   0.007,exact_mw,cb12ae119b9b2ba18d0216e7235b403229e92fd0743ede48fe7f1a2c6f45d594,"{""distance"":5,""physical_error_rate"":0.0005}","{""detection_events"":718,""detectors_checked"":290528}"
      3072,         0,         0,   0.050,exact_mw,70a969f5042aec17ac076c6379f4170fb7c69b8e925756ef3b7334e28a33338b,"{""distance"":5,""physical_error_rate"":0.0001}","{""detection_events"":343,""detectors_checked"":688128}"
      1024,         0,         0,   0.025,exact_mw,cb12ae119b9b2ba18d0216e7235b403229e92fd0743ede48fe7f1a2c6f45d594,"{""distance"":5,""physical_error_rate"":0.0005}","{""detection_events"":521,""detectors_checked"":229376}"
       273,         0,         0,   0.024,exact_mw,bb90ec3459e353008cf9a5bb9142bf1e8515517a9e167021b225104594e48e8a,"{""distance"":5,""physical_error_rate"":0.001}","{""detection_events"":290,""detectors_checked"":61152}"
      1024,         0,         0,   0.029,exact_mw,cb12ae119b9b2ba18d0216e7235b403229e92fd0743ede48fe7f1a2c6f45d594,"{""distance"":5,""physical_error_rate"":0.0005}","{""detection_events"":438,""detectors_checked"":229376}"
      3072,         0,         0,   0.047,exact_mw,70a969f5042aec17ac076c6379f4170fb7c69b8e925756ef3b7334e28a33338b,"{""distance"":5,""physical_error_rate"":0.0001}","{""detection_events"":275,""detectors_checked"":688128}"
    232448,         0,         0,    3.05,exact_mw,f32ebecd8e105e50ec838d33c5ed9b45444b6b44a3c6ac541111079f2b14e893,"{""distance"":5,""physical_error_rate"":5e-05}","{""detection_events"":11630,""detectors_checked"":52068352}"
      2048,         0,         0,   0.030,exact_mw,cb12ae119b9b2ba18d0216e7235b403229e92fd0743ede48fe7f1a2c6f45d594,"{""distance"":5,""physical_error_rate"":0.0005}","{""detection_events"":906,""detectors_checked"":458752}"
       512,         0,         0,    1.25,exact_mw,38b7ae1c4e8407fc325e0d9e43e9f92ff26dcb3f5cf7b98d24ea74c9e5188d39,"{""distance"":5,""physical_error_rate"":0.005}","{""detection_events"":2492,""detectors_checked"":114688}"
      1024,         0,         0,   0.081,exact_mw,bb90ec3459e353008cf9a5bb9142bf1e8515517a9e167021b225104594e48e8a,"{""distance"":5,""physical_error_rate"":0.001}","{""detection_events"":988,""detectors_checked"":229376}"
      5120,         0,         0,   0.075,exact_mw,70a969f5042aec17ac076c6379f4170fb7c69b8e925756ef3b7334e28a33338b,"{""distance"":5,""physical_error_rate"":0.0001}","{""detection_events"":556,""detectors_checked"":1146880}"
      4096,         0,         0,   0.056,exact_mw,cb12ae119b9b2ba18d0216e7235b403229e92fd0743ede48fe7f1a2c6f45d594,"{""distance"":5,""physical_error_rate"":0.0005}","{""detection_events"":1957,""detectors_checked"":917504}"
      1024,         0,         0,   0.057,exact_mw,bb90ec3459e353008cf9a5bb9142bf1e8515517a9e167021b225104594e48e8a,"{""distance"":5,""physical_error_rate"":0.001}","{""detection_events"":1047,""detectors_checked"":229376}"
         1,         0,         0,   0.000,exact_mw,f32ebecd8e105e50ec838d33c5ed9b45444b6b44a3c6ac541111079f2b14e893,"{""distance"":5,""physical_error_rate"":5e-05}","{""detectors_checked"":224}"
      5120,         0,         0,   0.059,exact_mw,cb12ae119b9b2ba18d0216e7235b403229e92fd0743ede48fe7f1a2c6f45d594,"{""distance"":5,""physical_error_rate"":0.0005}","{""detection_events"":2503,""detectors_checked"":1146880}"
       128,         2,         0,   0.855,exact_mw,72230d8c06b5a71069df48ede6f7f3e6128cd83e8239dd1b2e5fe023578b6eb1,"{""distance"":5,""physical_error_rate"":0.01}","{""detection_events"":1225,""detectors_checked"":28672,""obs_mistake_mask=E"":2}"
      3344,         0,         0,   0.019,exact_mw,f32ebecd8e105e50ec838d33c5ed9b45444b6b44a3c6ac541111079f2b14e893,"{""distance"":5,""physical_error_rate"":5e-05}","{""detection_events"":176,""detectors_checked"":749056}"
      1024,         0,         0,   0.034,exact_mw,bb90ec3459e353008cf9a5bb9142bf1e8515517a9e167021b225104594e48e8a,"{""distance"":5,""physical_error_rate"":0.001}","{""detection_events"":993,""detectors_checked"":229376}"
      5120,         0,         0,   0.075,exact_mw,70a969f5042aec17ac076c6379f4170fb7c69b8e925756ef3b7334e28a33338b,"{""distance"":5,""physical_error_rate"":0.0001}","{""detection_events"":434,""detectors_checked"":1146880}"
      3072,         0,         0,   0.013,exact_mw,f32ebecd8e105e50ec838d33c5ed9b45444b6b44a3c6ac541111079f2b14e893,"{""distance"":5,""physical_error_rate"":5e-05}","{""detection_events"":137,""detectors_checked"":688128}"
        64,         3,         0,   0.942,exact_mw,7b4896c0e7f0a510554d89637fd747b157418067a95869d1f0661294d473d1dc,"{""distance"":5,""physical_error_rate"":0.02}","{""detection_events"":1111,""detectors_checked"":14336,""obs_mistake_mask=E"":3}"
      4096,         0,         0,   0.030,exact_mw,f32ebecd8e105e50ec838d33c5ed9b45444b6b44a3c6ac541111079f2b14e893,"{""distance"":5,""physical_error_rate"":5e-05}","{""detection_events"":194,""detectors_checked"":917504}"
       320,         7,         0,    2.53,exact_mw,7b4896c0e7f0a510554d89637fd747b157418067a95869d1f0661294d473d1dc,"{""distance"":5,""physical_error_rate"":0.02}","{""detection_events"":5373,""detectors_checked"":71680,""obs_mistake_mask=E"":7}"
      5120,         0,         0,   0.076,exact_mw,cb12ae119b9b2ba18d0216e7235b403229e92fd0743ede48fe7f1a2c6f45d594,"{""distance"":5,""physical_error_rate"":0.0005}","{""detection_events"":2488,""detectors_checked"":1146880}"
      1024,         0,         0,   0.048,exact_mw,bb90ec3459e353008cf9a5bb9142bf1e8515517a9e167021b225104594e48e8a,"{""distance"":5,""physical_error_rate"":0.001}","{""detection_events"":1021,""detectors_checked"":229376}"
       512,         0,         0,    1.62,exact_mw,38b7ae1c4e8407fc325e0d9e43e9f92ff26dcb3f5cf7b98d24ea74c9e5188d39,"{""distance"":5,""physical_error_rate"":0.005}","{""detection_events"":2448,""detectors_checked"":114688}"
       128,         0,         0,   0.926,exact_mw,72230d8c06b5a71069df48ede6f7f3e6128cd83e8239dd1b2e5fe023578b6eb1,"{""distance"":5,""physical_error_rate"":0.01}","{""detection_events"":1228,""detectors_checked"":28672}"
       192,         3,         0,    1.77,exact_mw,72230d8c06b5a71069df48ede6f7f3e6128cd83e8239dd1b2e5fe023578b6eb1,"{""distance"":5,""physical_error_rate"":0.01}","{""detection_events"":1746,""detectors_checked"":43008,""obs_mistake_mask=E"":3}"
    179200,         0,         0,    3.05,exact_mw,70a969f5042aec17ac076c6379f4170fb7c69b8e925756ef3b7334e28a33338b,"{""distance"":5,""physical_error_rate"":0.0001}","{""detection_events"":17797,""detectors_checked"":40140800}"
      4096,         0,         0,   0.042,exact_mw,f32ebecd8e105e50ec838d33c5ed9b45444b6b44a3c6ac541111079f2b14e893,"{""distance"":5,""physical_error_rate"":5e-05}","{""detection_events"":205,""detectors_checked"":917504}"
      8192,         0,         0,   0.085,exact_mw,70a969f5042aec17ac076c6379f4170fb7c69b8e925756ef3b7334e28a33338b,"{""distance"":5,""physical_error_rate"":0.0001}","{""detection_events"":819,""detectors_checked"":1835008}"
      1297,         0,         0,   0.025,exact_mw,f32ebecd8e105e50ec838d33c5ed9b45444b6b44a3c6ac541111079f2b14e893,"{""distance"":5,""physical_error_rate"":5e-05}","{""detection_events"":69,""detectors_checked"":290528}"
        64,         1,         0,   0.503,exact_mw,72230d8c06b5a71069df48ede6f7f3e6128cd83e8239dd1b2e5fe023578b6eb1,"{""distance"":5,""physical_error_rate"":0.01}","{""detection_events"":636,""detectors_checked"":14336,""obs_mistake_mask=E"":1}"
    175104,         0,         0,    3.05,exact_mw,cdc4a450a40af8e24899239080e4c40992fb5baf91c5a31ab3a165eacb3a1ab3,"{""distance"":5,""physical_error_rate"":0.0002}","{""detection_events"":34268,""detectors_checked"":39223296}"
    122880,         0,         0,    2.99,exact_mw,cb12ae119b9b2ba18d0216e7235b403229e92fd0743ede48fe7f1a2c6f45d594,"{""distance"":5,""physical_error_rate"":0.0005}","{""detection_events"":60559,""detectors_checked"":27525120}"
      1024,         0,         0,   0.023,exact_mw,f32ebecd8e105e50ec838d33c5ed9b45444b6b44a3c6ac541111079f2b14e893,"{""distance"":5,""physical_error_rate"":5e-05}","{""detection_events"":39,""detectors_checked"":229376}"
    162816,         0,         0,    3.00,exact_mw,cdc4a450a40af8e24899239080e4c40992fb5baf91c5a31ab3a165eacb3a1ab3,"{""distance"":5,""physical_error_rate"":0.0002}","{""detection_events"":32098,""detectors_checked"":36470784}"
      1280,         2,         0,    1.93,exact_mw,38b7ae1c4e8407fc325e0d9e43e9f92ff26dcb3f5cf7b98d24ea74c9e5188d39,"{""distance"":5,""physical_error_rate"":0.005}","{""detection_events"":5968,""detectors_checked"":286720,""obs_mistake_mask=E"":2}"
       192,         8,         0,    3.02,exact_mw,7b4896c0e7f0a510554d89637fd747b157418067a95869d1f0661294d473d1dc,"{""distance"":5,""physical_error_rate"":0.02}","{""detection_events"":3217,""detectors_checked"":43008,""obs_mistake_mask=E"":8}"
      2048,         0,         0,   0.026,exact_mw,f32ebecd8e105e50ec838d33c5ed9b45444b6b44a3c6ac541111079f2b14e893,"{""distance"":5,""physical_error_rate"":5e-05}","{""detection_events"":92,""detectors_checked"":458752}"
      6144,         0,         0,   0.060,exact_mw,f32ebecd8e105e50ec838d33c5ed9b45444b6b44a3c6ac541111079f2b14e893,"{""distance"":5,""physical_error_rate"":5e-05}","{""detection_events"":244,""detectors_checked"":1376256}"
      2048,         0,         0,   0.100,exact_mw,bb90ec3459e353008cf9a5bb9142bf1e8515517a9e167021b225104594e48e8a,"{""distance"":5,""physical_error_rate"":0.001}","{""detection_events"":2115,""detectors_checked"":458752}"
      9216,         0,         0,   0.128,exact_mw,cb12ae119b9b2ba18d0216e7235b403229e92fd0743ede48fe7f1a2c6f45d594,"{""distance"":5,""physical_error_rate"":0.0005}","{""detection_events"":4495,""detectors_checked"":2064384}"
      3072,         0,         0,   0.050,exact_mw,f32ebecd8e105e50ec838d33c5ed9b45444b6b44a3c6ac541111079f2b14e893,"{""distance"":5,""physical_error_rate"":5e-05}","{""detection_events"":162,""detectors_checked"":688128}"
      9216,         0,         0,   0.091,exact_mw,f32ebecd8e105e50ec838d33c5ed9b45444b6b44a3c6ac541111079f2b14e893,"{""distance"":5,""physical_error_rate"":5e-05}","{""detection_events"":487,""detectors_checked"":2064384}"
      9216,         0,         0,   0.149,exact_mw,70a969f5042aec17ac076c6379f4170fb7c69b8e925756ef3b7334e28a33338b,"{""distance"":5,""physical_error_rate"":0.0001}","{""detection_events"":875,""detectors_checked"":2064384}"
      3072,         0,         0,   0.050,exact_mw,f32ebecd8e105e50ec838d33c5ed9b45444b6b44a3c6ac541111079f2b14e893,"{""distance"":5,""physical_error_rate"":5e-05}","{""detection_events"":133,""detectors_checked"":688128}"
    251904,         0,         0,    2.97,exact_mw,f32ebecd8e105e50ec838d33c5ed9b45444b6b44a3c6ac541111079f2b14e893,"{""distance"":5,""physical_error_rate"":5e-05}","{""detection_events"":12541,""detectors_checked"":56426496}"
       128,         4,         0,    1.84,exact_mw,7b4896c0e7f0a510554d89637fd747b157418067a95869d1f0661294d473d1dc,"{""distance"":5,""physical_error_rate"":0.02}","{""detection_events"":2227,""detectors_checked"":28672,""obs_mistake_mask=E"":4}"
      2048,         0,         0,   0.148,exact_mw,bb90ec3459e353008cf9a5bb9142bf1e8515517a9e167021b225104594e48e8a,"{""distance"":5,""physical_error_rate"":0.001}","{""detection_events"":1891,""detectors_checked"":458752}"
      4096,         0,         0,   0.073,exact_mw,f32ebecd8e105e50ec838d33c5ed9b45444b6b44a3c6ac541111079f2b14e893,"{""distance"":5,""physical_error_rate"":5e-05}","{""detection_events"":201,""detectors_checked"":917504}"
     12288,         0,         0,   0.148,exact_mw,cb12ae119b9b2ba18d0216e7235b403229e92fd0743ede48fe7f1a2c6f45d594,"{""distance"":5,""physical_error_rate"":0.0005}","{""detection_events"":5851,""detectors_checked"":2752512}"
    162816,         0,         0,    3.01,exact_mw,cb12ae119b9b2ba18d0216e7235b403229e92fd0743ede48fe7f1a2c6f45d594,"{""distance"":5,""physical_error_rate"":0.0005}","{""detection_events"":79875,""detectors_checked"":36470784}"
     12288,         0,         0,   0.112,exact_mw,f32ebecd8e105e50ec838d33c5ed9b45444b6b44a3c6ac541111079f2b14e893,"{""distance"":5,""physical_error_rate"":5e-05}","{""detection_events"":598,""detectors_checked"":2752512}"
         1,         0,         0,   0.004,exact_mw,72230d8c06b5a71069df48ede6f7f3e6128cd83e8239dd1b2e5fe023578b6eb1,"{""distance"":5,""physical_error_rate"":0.01}","{""detection_events"":7,""detectors_checked"":224}"
         1,         0,         0,   0.000,exact_mw,bb90ec3459e353008cf9a5bb9142bf1e8515517a9e167021b225104594e48e8a,"{""distance"":5,""physical_error_rate"":0.001}","{""detectors_checked"":224}"
      5120,         0,         0,   0.076,exact_mw,f32ebecd8e105e50ec838d33c5ed9b45444b6b44a3c6ac541111079f2b14e893,"{""distance"":5,""physical_error_rate"":5e-05}","{""detection_events"":241,""detectors_checked"":1146880}"
       192,         9,         0,    1.75,exact_mw,7b4896c0e7f0a510554d89637fd747b157418067a95869d1f0661294d473d1dc,"{""distance"":5,""physical_error_rate"":0.02}","{""detection_events"":3364,""detectors_checked"":43008,""obs_mistake_mask=E"":9}"
       272,         0,         0,   0.025,exact_mw,bb90ec3459e353008cf9a5bb9142bf1e8515517a9e167021b225104594e48e8a,"{""distance"":5,""physical_error_rate"":0.001}","{""detection_events"":270,""detectors_checked"":60928}"
        16,         0,         0,   0.054,exact_mw,72230d8c06b5a71069df48ede6f7f3e6128cd83e8239dd1b2e5fe023578b6eb1,"{""distance"":5,""physical_error_rate"":0.01}","{""detection_events"":138,""detectors_checked"":3584}"
    201728,         0,         0,    3.03,exact_mw,f32ebecd8e105e50ec838d33c5ed9b45444b6b44a3c6ac541111079f2b14e893,"{""distance"":5,""physical_error_rate"":5e-05}","{""detection_events"":9877,""detectors_checked"":45187072}"
       128,         2,         0,    1.08,exact_mw,72230d8c06b5a71069df48ede6f7f3e6128cd83e8239dd1b2e5fe023578b6eb1,"{""distance"":5,""physical_error_rate"":0.01}","{""detection_events"":1317,""detectors_checked"":28672,""obs_mistake_mask=E"":2}"
      7168,         0,         0,    2.28,exact_mw,3208f56225bbcac0e2804eb6f92d0a8b681652a702ca1ec920ccd7367f0e0899,"{""distance"":5,""physical_error_rate"":0.002}","{""detection_events"":14053,""detectors_checked"":1605632}"
      1024,         0,         0,   0.049,exact_mw,bb90ec3459e353008cf9a5bb9142bf1e8515517a9e167021b225104594e48e8a,"{""distance"":5,""physical_error_rate"":0.001}","{""detection_events"":971,""detectors_checked"":229376}"
    160768,         0,         0,    2.98,exact_mw,cb12ae119b9b2ba18d0216e7235b403229e92fd0743ede48fe7f1a2c6f45d594,"{""distance"":5,""physical_error_rate"":0.0005}","{""detection_events"":78049,""detectors_checked"":36012032}"
      4096,         0,         0,   0.151,exact_mw,bb90ec3459e353008cf9a5bb9142bf1e8515517a9e167021b225104594e48e8a,"{""distance"":5,""physical_error_rate"":0.001}","{""detection_events"":3931,""detectors_checked"":917504}"
      6144,         0,         0,    1.60,exact_mw,3208f56225bbcac0e2804eb6f92d0a8b681652a702ca1ec920ccd7367f0e0899,"{""distance"":5,""physical_error_rate"":0.002}","{""detection_events"":11999,""detectors_checked"":1376256}"
     13312,         0,         0,   0.223,exact_mw,70a969f5042aec17ac076c6379f4170fb7c69b8e925756ef3b7334e28a33338b,"{""distance"":5,""physical_error_rate"":0.0001}","{""detection_events"":1260,""detectors_checked"":2981888}"
      9216,         1,         0,    2.21,exact_mw,3208f56225bbcac0e2804eb6f92d0a8b681652a702ca1ec920ccd7367f0e0899,"{""distance"":5,""physical_error_rate"":0.002}","{""detection_events"":18433,""detectors_checked"":2064384,""obs_mistake_mask=E"":1}"
     14336,         0,         0,   0.148,exact_mw,f32ebecd8e105e50ec838d33c5ed9b45444b6b44a3c6ac541111079f2b14e893,"{""distance"":5,""physical_error_rate"":5e-05}","{""detection_events"":667,""detectors_checked"":3211264}"
       128,         6,         0,    2.35,exact_mw,7b4896c0e7f0a510554d89637fd747b157418067a95869d1f0661294d473d1dc,"{""distance"":5,""physical_error_rate"":0.02}","{""detection_events"":2336,""detectors_checked"":28672,""obs_mistake_mask=E"":6}"
      1024,         0,         0,   0.052,exact_mw,bb90ec3459e353008cf9a5bb9142bf1e8515517a9e167021b225104594e48e8a,"{""distance"":5,""physical_error_rate"":0.001}","{""detection_events"":1068,""detectors_checked"":229376}"
      7168,         0,         0,   0.123,exact_mw,f32ebecd8e105e50ec838d33c5ed9b45444b6b44a3c6ac541111079f2b14e893,"{""distance"":5,""physical_error_rate"":5e-05}","{""detection_events"":340,""detectors_checked"":1605632}"
     15360,         0,         0,   0.198,exact_mw,cb12ae119b9b2ba18d0216e7235b403229e92fd0743ede48fe7f1a2c6f45d594,"{""distance"":5,""physical_error_rate"":0.0005}","{""detection_events"":7544,""detectors_checked"":3440640}"
    159744,         0,         0,    4.23,exact_mw,cb12ae119b9b2ba18d0216e7235b403229e92fd0743ede48fe7f1a2c6f45d594,"{""distance"":5,""physical_error_rate"":0.0005}","{""detection_events"":79261,""detectors_checked"":35782656}"
     41984,         0,         0,    3.11,exact_mw,bb90ec3459e353008cf9a5bb9142bf1e8515517a9e167021b225104594e48e8a,"{""distance"":5,""physical_error_rate"":0.001}","{""detection_events"":41111,""detectors_checked"":9404416}"
      1280,         1,         0,    2.25,exact_mw,38b7ae1c4e8407fc325e0d9e43e9f92ff26dcb3f5cf7b98d24ea74c9e5188d39,"{""distance"":5,""physical_error_rate"":0.005}","{""detection_events"":6248,""detectors_checked"":286720,""obs_mistake_mask=E"":1}"
         1,         0,         0,   0.000,exact_mw,cdc4a450a40af8e24899239080e4c40992fb5baf91c5a31ab3a165eacb3a1ab3,"{""distance"":5,""physical_error_rate"":0.0002}","{""detection_events"":2,""detectors_checked"":224}"
      1024,         0,         0,   0.047,exact_mw,bb90ec3459e353008cf9a5bb9142bf1e8515517a9e167021b225104594e48e8a,"{""distance"":5,""physical_error_rate"":0.001}","{""detection_events"":982,""detectors_checked"":229376}"
         1,         0,         0,   0.000,exact_mw,70a969f5042aec17ac076c6379f4170fb7c69b8e925756ef3b7334e28a33338b,"{""distance"":5,""physical_error_rate"":0.0001}","{""detectors_checked"":224}"
      1296,         0,         0,   0.029,exact_mw,cdc4a450a40af8e24899239080e4c40992fb5baf91c5a31ab3a165eacb3a1ab3,"{""distance"":5,""physical_error_rate"":0.0002}","{""detection_events"":263,""detectors_checked"":290304}"
       512,         0,         0,    1.17,exact_mw,38b7ae1c4e8407fc325e0d9e43e9f92ff26dcb3f5cf7b98d24ea74c9e5188d39,"{""distance"":5,""physical_error_rate"":0.005}","{""detection_events"":2344,""detectors_checked"":114688}"
      7168,         1,         0,    2.27,exact_mw,3208f56225bbcac0e2804eb6f92d0a8b681652a702ca1ec920ccd7367f0e0899,"{""distance"":5,""physical_error_rate"":0.002}","{""detection_events"":13881,""detectors_checked"":1605632,""obs_mistake_mask=E"":1}"
      2048,         0,         0,   0.154,exact_mw,bb90ec3459e353008cf9a5bb9142bf1e8515517a9e167021b225104594e48e8a,"{""distance"":5,""physical_error_rate"":0.001}","{""detection_events"":2038,""detectors_checked"":458752}"
      2048,         0,         0,   0.022,exact_mw,cdc4a450a40af8e24899239080e4c40992fb5baf91c5a31ab3a165eacb3a1ab3,"{""distance"":5,""physical_error_rate"":0.0002}","{""detection_events"":460,""detectors_checked"":458752}"
      1296,         0,         0,   0.019,exact_mw,70a969f5042aec17ac076c6379f4170fb7c69b8e925756ef3b7334e28a33338b,"{""distance"":5,""physical_error_rate"":0.0001}","{""detection_events"":108,""detectors_checked"":290304}"
     10240,         0,         0,   0.148,exact_mw,f32ebecd8e105e50ec838d33c5ed9b45444b6b44a3c6ac541111079f2b14e893,"{""distance"":5,""physical_error_rate"":5e-05}","{""detection_events"":495,""detectors_checked"":2293760}"
      1024,         0,         0,   0.028,exact_mw,cdc4a450a40af8e24899239080e4c40992fb5baf91c5a31ab3a165eacb3a1ab3,"{""distance"":5,""physical_error_rate"":0.0002}","{""detection_events"":199,""detectors_checked"":229376}"
      2048,         0,         0,   0.032,exact_mw,70a969f5042aec17ac076c6379f4170fb7c69b8e925756ef3b7334e28a33338b,"{""distance"":5,""physical_error_rate"":0.0001}","{""detection_events"":231,""detectors_checked"":458752}"
    154624,         0,         0,    3.06,exact_mw,cb12ae119b9b2ba18d0216e7235b403229e92fd0743ede48fe7f1a2c6f45d594,"{""distance"":5,""physical_error_rate"":0.0005}","{""detection_events"":76383,""detectors_checked"":34635776}"
      2048,         0,         0,   0.108,exact_mw,bb90ec3459e353008cf9a5bb9142bf1e8515517a9e167021b225104594e48e8a,"{""distance"":5,""physical_error_rate"":0.001}","{""detection_events"":2050,""detectors_checked"":458752}"
     18432,         0,         0,   0.198,exact_mw,f32ebecd8e105e50ec838d33c5ed9b45444b6b44a3c6ac541111079f2b14e893,"{""distance"":5,""physical_error_rate"":5e-05}","{""detection_events"":893,""detectors_checked"":4128768}"
      2048,         0,         0,   0.031,exact_mw,70a969f5042aec17ac076c6379f4170fb7c69b8e925756ef3b7334e28a33338b,"{""distance"":5,""physical_error_rate"":0.0001}","{""detection_events"":217,""detectors_checked"":458752}"
    166912,         0,         0,    3.04,exact_mw,70a969f5042aec17ac076c6379f4170fb7c69b8e925756ef3b7334e28a33338b,"{""distance"":5,""physical_error_rate"":0.0001}","{""detection_events"":16072,""detectors_checked"":37388288}"
      1297,         0,         0,   0.025,exact_mw,cdc4a450a40af8e24899239080e4c40992fb5baf91c5a31ab3a165eacb3a1ab3,"{""distance"":5,""physical_error_rate"":0.0002}","{""detection_events"":234,""detectors_checked"":290528}"
     33792,         1,         0,    2.23,exact_mw,bb90ec3459e353008cf9a5bb9142bf1e8515517a9e167021b225104594e48e8a,"{""distance"":5,""physical_error_rate"":0.001}","{""detection_events"":32822,""detectors_checked"":7569408,""obs_mistake_mask=E"":1}"
      4096,         0,         0,   0.037,exact_mw,cdc4a450a40af8e24899239080e4c40992fb5baf91c5a31ab3a165eacb3a1ab3,"{""distance"":5,""physical_error_rate"":0.0002}","{""detection_events"":866,""detectors_checked"":917504}"
         1,         0,         0,   0.024,exact_mw,38b7ae1c4e8407fc325e0d9e43e9f92ff26dcb3f5cf7b98d24ea74c9e5188d39,"{""distance"":5,""physical_error_rate"":0.005}","{""detection_events"":7,""detectors_checked"":224}"
      2048,         0,         0,   0.027,exact_mw,cdc4a450a40af8e24899239080e4c40992fb5baf91c5a31ab3a165eacb3a1ab3,"{""distance"":5,""physical_error_rate"":0.0002}","{""detection_events"":401,""detectors_checked"":458752}"
    149504,         0,         0,    3.04,exact_mw,f32ebecd8e105e50ec838d33c5ed9b45444b6b44a3c6ac541111079f2b14e893,"{""distance"":5,""physical_error_rate"":5e-05}","{""detection_events"":7448,""detectors_checked"":33488896}"
       128,         4,         0,    1.72,exact_mw,7b4896c0e7f0a510554d89637fd747b157418067a95869d1f0661294d473d1dc,"{""distance"":5,""physical_error_rate"":0.02}","{""detection_events"":2239,""detectors_checked"":28672,""obs_mistake_mask=E"":4}"
        64,         2,         0,    1.17,exact_mw,7b4896c0e7f0a510554d89637fd747b157418067a95869d1f0661294d473d1dc,"{""distance"":5,""physical_error_rate"":0.02}","{""detection_events"":1109,""detectors_checked"":14336,""obs_mistake_mask=E"":2}"
         1,         0,         0,   0.000,exact_mw,cdc4a450a40af8e24899239080e4c40992fb5baf91c5a31ab3a165eacb3a1ab3,"{""distance"":5,""physical_error_rate"":0.0002}","{""detectors_checked"":224}"
     22528,         0,         0,   0.284,exact_mw,70a969f5042aec17ac076c6379f4170fb7c69b8e925756ef3b7334e28a33338b,"{""distance"":5,""physical_error_rate"":0.0001}","{""detection_events"":2162,""detectors_checked"":5046272}"
    167936,         0,         0,    3.04,exact_mw,cb12ae119b9b2ba18d0216e7235b403229e92fd0743ede48fe7f1a2c6f45d594,"{""distance"":5,""physical_error_rate"":0.0005}","{""detection_events"":82123,""detectors_checked"":37617664}"
         1,         0,         0,   0.001,exact_mw,7b4896c0e7f0a510554d89637fd747b157418067a95869d1f0661294d473d1dc,"{""distance"":5,""physical_error_rate"":0.02}","{""detection_events"":9,""detectors_checked"":224}"
      1296,         0,         0,   0.004,exact_mw,cdc4a450a40af8e24899239080e4c40992fb5baf91c5a31ab3a165eacb3a1ab3,"{""distance"":5,""physical_error_rate"":0.0002}","{""detection_events"":217,""detectors_checked"":290304}"
      1297,         0,         0,   0.024,exact_mw,f32ebecd8e105e50ec838d33c5ed9b45444b6b44a3c6ac541111079f2b14e893,"{""distance"":5,""physical_error_rate"":5e-05}","{""detection_events"":52,""detectors_checked"":290528}"
      1024,         0,         0,   0.003,exact_mw,f32ebecd8e105e50ec838d33c5ed9b45444b6b44a3c6ac541111079f2b14e893,"{""distance"":5,""physical_error_rate"":5e-05}","{""detection_events"":23,""detectors_checked"":229376}"
      3072,         0,         0,   0.064,exact_mw,70a969f5042aec17ac076c6379f4170fb7c69b8e925756ef3b7334e28a33338b,"{""distance"":5,""physical_error_rate"":0.0001}","{""detection_events"":312,""detectors_checked"":688128}"
      2048,         0,         0,   0.022,exact_mw,cdc4a450a40af8e24899239080e4c40992fb5baf91c5a31ab3a165eacb3a1ab3,"{""distance"":5,""physical_error_rate"":0.0002}","{""detection_events"":377,""detectors_checked"":458752}"
      3072,         0,         0,   0.061,exact_mw,cdc4a450a40af8e24899239080e4c40992fb5baf91c5a31ab3a165eacb3a1ab3,"{""distance"":5,""physical_error_rate"":0.0002}","{""detection_events"":693,""detectors_checked"":688128}"
      2048,         0,         0,   0.026,exact_mw,f32ebecd8e105e50ec838d33c5ed9b45444b6b44a3c6ac541111079f2b14e893,"{""distance"":5,""physical_error_rate"":5e-05}","{""detection_events"":118,""detectors_checked"":458752}"
        16,         0,         0,   0.057,exact_mw,38b7ae1c4e8407fc325e0d9e43e9f92ff26dcb3f5cf7b98d24ea74c9e5188d39,"{""distance"":5,""physical_error_rate"":0.005}","{""detection_events"":90,""detectors_checked"":3584}"
      4096,         0,         0,   0.174,exact_mw,bb90ec3459e353008cf9a5bb9142bf1e8515517a9e167021b225104594e48e8a,"{""distance"":5,""physical_error_rate"":0.001}","{""detection_events"":3963,""detectors_checked"":917504}"
      3072,         0,         0,   0.039,exact_mw,cdc4a450a40af8e24899239080e4c40992fb5baf91c5a31ab3a165eacb3a1ab3,"{""distance"":5,""physical_error_rate"":0.0002}","{""detection_events"":638,""detectors_checked"":688128}"
      3072,         0,         0,   0.051,exact_mw,cdc4a450a40af8e24899239080e4c40992fb5baf91c5a31ab3a165eacb3a1ab3,"{""distance"":5,""physical_error_rate"":0.0002}","{""detection_events"":633,""detectors_checked"":688128}"
     24576,         0,         0,   0.252,exact_mw,cb12ae119b9b2ba18d0216e7235b403229e92fd0743ede48fe7f1a2c6f45d594,"{""distance"":5,""physical_error_rate"":0.0005}","{""detection_events"":12212,""detectors_checked"":5505024}"
        17,         1,         0,   0.276,exact_mw,7b4896c0e7f0a510554d89637fd747b157418067a95869d1f0661294d473d1dc,"{""distance"":5,""physical_error_rate"":0.02}","{""detection_events"":279,""detectors_checked"":3808,""obs_mistake_mask=E"":1}"
      4096,         0,         0,   0.062,exact_mw,70a969f5042aec17ac076c6379f4170fb7c69b8e925756ef3b7334e28a33338b,"{""distance"":5,""physical_error_rate"":0.0001}","{""detection_events"":429,""detectors_checked"":917504}"
      3072,         0,         0,   0.047,exact_mw,f32ebecd8e105e50ec838d33c5ed9b45444b6b44a3c6ac541111079f2b14e893,"{""distance"":5,""physical_error_rate"":5e-05}","{""detection_events"":151,""detectors_checked"":688128}"
      2048,         0,         0,   0.026,exact_mw,cdc4a450a40af8e24899239080e4c40992fb5baf91c5a31ab3a165eacb3a1ab3,"{""distance"":5,""physical_error_rate"":0.0002}","{""detection_events"":456,""detectors_checked"":458752}"
      2048,         0,         0,   0.152,exact_mw,bb90ec3459e353008cf9a5bb9142bf1e8515517a9e167021b225104594e48e8a,"{""distance"":5,""physical_error_rate"":0.001}","{""detection_events"":2062,""detectors_checked"":458752}"
       128,         2,         0,    1.86,exact_mw,7b4896c0e7f0a510554d89637fd747b157418067a95869d1f0661294d473d1dc,"{""distance"":5,""physical_error_rate"":0.02}","{""detection_events"":2217,""detectors_checked"":28672,""obs_mistake_mask=E"":2}"
      4096,         0,         0,   0.088,exact_mw,cdc4a450a40af8e24899239080e4c40992fb5baf91c5a31ab3a165eacb3a1ab3,"{""distance"":5,""physical_error_rate"":0.0002}","{""detection_events"":772,""detectors_checked"":917504}"
      3072,         0,         0,   0.049,exact_mw,cdc4a450a40af8e24899239080e4c40992fb5baf91c5a31ab3a165eacb3a1ab3,"{""distance"":5,""physical_error_rate"":0.0002}","{""detection_events"":604,""detectors_checked"":688128}"
     17408,         0,         0,   0.225,exact_mw,f32ebecd8e105e50ec838d33c5ed9b45444b6b44a3c6ac541111079f2b14e893,"{""distance"":5,""physical_error_rate"":5e-05}","{""detection_events"":851,""detectors_checked"":3899392}"
      3072,         0,         0,   0.049,exact_mw,cdc4a450a40af8e24899239080e4c40992fb5baf91c5a31ab3a165eacb3a1ab3,"{""distance"":5,""physical_error_rate"":0.0002}","{""detection_events"":645,""detectors_checked"":688128}"
      3072,         0,         0,   0.059,exact_mw,f32ebecd8e105e50ec838d33c5ed9b45444b6b44a3c6ac541111079f2b14e893,"{""distance"":5,""physical_error_rate"":5e-05}","{""detection_events"":167,""detectors_checked"":688128}"
      5120,         0,         0,   0.090,exact_mw,70a969f5042aec17ac076c6379f4170fb7c69b8e925756ef3b7334e28a33338b,"{""distance"":5,""physical_error_rate"":0.0001}","{""detection_events"":531,""detectors_checked"":1146880}"
        16,         0,         0,   0.167,exact_mw,7b4896c0e7f0a510554d89637fd747b157418067a95869d1f0661294d473d1dc,"{""distance"":5,""physical_error_rate"":0.02}","{""detection_events"":270,""detectors_checked"":3584}"
         1,         0,         0,   0.021,exact_mw,38b7ae1c4e8407fc325e0d9e43e9f92ff26dcb3f5cf7b98d24ea74c9e5188d39,"{""distance"":5,""physical_error_rate"":0.005}","{""detection_events"":6,""detectors_checked"":224}"
      5120,         0,         0,   0.076,exact_mw,cdc4a450a40af8e24899239080e4c40992fb5baf91c5a31ab3a165eacb3a1ab3,"{""distance"":5,""physical_error_rate"":0.0002}","{""detection_events"":1015,""detectors_checked"":1146880}"
      5120,         0,         0,   0.076,exact_mw,cdc4a450a40af8e24899239080e4c40992fb5baf91c5a31ab3a165eacb3a1ab3,"{""distance"":5,""physical_error_rate"":0.0002}","{""detection_events"":946,""detectors_checked"":1146880}"
       128,         0,         0,    1.01,exact_mw,72230d8c06b5a71069df48ede6f7f3e6128cd83e8239dd1b2e5fe023578b6eb1,"{""distance"":5,""physical_error_rate"":0.01}","{""detection_events"":1318,""detectors_checked"":28672}"
      3072,         0,         0,   0.059,exact_mw,f32ebecd8e105e50ec838d33c5ed9b45444b6b44a3c6ac541111079f2b14e893,"{""distance"":5,""physical_error_rate"":5e-05}","{""detection_events"":156,""detectors_checked"":688128}"
      2321,         0,         0,   0.032,exact_mw,cb12ae119b9b2ba18d0216e7235b403229e92fd0743ede48fe7f1a2c6f45d594,"{""distance"":5,""physical_error_rate"":0.0005}","{""detection_events"":1160,""detectors_checked"":519904}"
      1024,         0,         0,   0.004,exact_mw,cb12ae119b9b2ba18d0216e7235b403229e92fd0743ede48fe7f1a2c6f45d594,"{""distance"":5,""physical_error_rate"":0.0005}","{""detection_events"":524,""detectors_checked"":229376}"
     23552,         0,         0,   0.295,exact_mw,f32ebecd8e105e50ec838d33c5ed9b45444b6b44a3c6ac541111079f2b14e893,"{""distance"":5,""physical_error_rate"":5e-05}","{""detection_events"":1130,""detectors_checked"":5275648}"
      7168,         0,         0,   0.097,exact_mw,cdc4a450a40af8e24899239080e4c40992fb5baf91c5a31ab3a165eacb3a1ab3,"{""distance"":5,""physical_error_rate"":0.0002}","{""detection_events"":1489,""detectors_checked"":1605632}"
      2048,         0,         0,   0.147,exact_mw,bb90ec3459e353008cf9a5bb9142bf1e8515517a9e167021b225104594e48e8a,"{""distance"":5,""physical_error_rate"":0.001}","{""detection_events"":1952,""detectors_checked"":458752}"
       128,         2,         0,   0.589,exact_mw,72230d8c06b5a71069df48ede6f7f3e6128cd83e8239dd1b2e5fe023578b6eb1,"{""distance"":5,""physical_error_rate"":0.01}","{""detection_events"":1218,""detectors_checked"":28672,""obs_mistake_mask=E"":2}"
         1,         0,         0,   0.000,exact_mw,3208f56225bbcac0e2804eb6f92d0a8b681652a702ca1ec920ccd7367f0e0899,"{""distance"":5,""physical_error_rate"":0.002}","{""detectors_checked"":224}"
      4096,         0,         0,   0.039,exact_mw,f32ebecd8e105e50ec838d33c5ed9b45444b6b44a3c6ac541111079f2b14e893,"{""distance"":5,""physical_error_rate"":5e-05}","{""detection_events"":233,""detectors_checked"":917504}"
     13312,         1,         0,    3.21,exact_mw,3208f56225bbcac0e2804eb6f92d0a8b681652a702ca1ec920ccd7367f0e0899,"{""distance"":5,""physical_error_rate"":0.002}","{""detection_events"":25449,""detectors_checked"":2981888,""obs_mistake_mask=E"":1}"
      2048,         0,         0,   0.030,exact_mw,cb12ae119b9b2ba18d0216e7235b403229e92fd0743ede48fe7f1a2c6f45d594,"{""distance"":5,""physical_error_rate"":0.0005}","{""detection_events"":1130,""detectors_checked"":458752}"
      5120,         0,         0,   0.077,exact_mw,cdc4a450a40af8e24899239080e4c40992fb5baf91c5a31ab3a165eacb3a1ab3,"{""distance"":5,""physical_error_rate"":0.0002}","{""detection_events"":958,""detectors_checked"":1146880}"
       128,         0,         0,   0.252,exact_mw,38b7ae1c4e8407fc325e0d9e43e9f92ff26dcb3f5cf7b98d24ea74c9e5188d39,"{""distance"":5,""physical_error_rate"":0.005}","{""detection_events"":605,""detectors_checked"":28672}"
      6144,         0,         0,   0.130,exact_mw,70a969f5042aec17ac076c6379f4170fb7c69b8e925756ef3b7334e28a33338b,"{""distance"":5,""physical_error_rate"":0.0001}","{""detection_events"":649,""detectors_checked"":1376256}"
      5120,         0,         0,   0.076,exact_mw,cdc4a450a40af8e24899239080e4c40992fb5baf91c5a31ab3a165eacb3a1ab3,"{""distance"":5,""physical_error_rate"":0.0002}","{""detection_events"":957,""detectors_checked"":1146880}"
      1024,         0,         0,   0.017,exact_mw,cb12ae119b9b2ba18d0216e7235b403229e92fd0743ede48fe7f1a2c6f45d594,"{""distance"":5,""physical_error_rate"":0.0005}","{""detection_events"":507,""detectors_checked"":229376}"
       128,         0,         0,   0.970,exact_mw,72230d8c06b5a71069df48ede6f7f3e6128cd83e8239dd1b2e5fe023578b6eb1,"{""distance"":5,""physical_error_rate"":0.01}","{""detection_events"":1143,""detectors_checked"":28672}"
       272,         0,         0,   0.038,exact_mw,3208f56225bbcac0e2804eb6f92d0a8b681652a702ca1ec920ccd7367f0e0899,"{""distance"":5,""physical_error_rate"":0.002}","{""detection_events"":516,""detectors_checked"":60928}"
       768,         1,         0,    1.54,exact_mw,38b7ae1c4e8407fc325e0d9e43e9f92ff26dcb3f5cf7b98d24ea74c9e5188d39,"{""distance"":5,""physical_error_rate"":0.005}","{""detection_events"":3838,""detectors_checked"":172032,""obs_mistake_mask=E"":1}"
      5120,         0,         0,   0.300,exact_mw,bb90ec3459e353008cf9a5bb9142bf1e8515517a9e167021b225104594e48e8a,"{""distance"":5,""physical_error_rate"":0.001}","{""detection_events"":5116,""detectors_checked"":1146880}"
      3072,         0,         0,   0.058,exact_mw,cb12ae119b9b2ba18d0216e7235b403229e92fd0743ede48fe7f1a2c6f45d594,"{""distance"":5,""physical_error_rate"":0.0005}","{""detection_events"":1506,""detectors_checked"":688128}"
     40960,         0,         0,    3.07,exact_mw,bb90ec3459e353008cf9a5bb9142bf1e8515517a9e167021b225104594e48e8a,"{""distance"":5,""physical_error_rate"":0.001}","{""detection_events"":40319,""detectors_checked"":9175040}"
       192,         2,         0,    1.60,exact_mw,72230d8c06b5a71069df48ede6f7f3e6128cd83e8239dd1b2e5fe023578b6eb1,"{""distance"":5,""physical_error_rate"":0.01}","{""detection_events"":1984,""detectors_checked"":43008,""obs_mistake_mask=E"":2}"
      1280,         1,         0,    2.18,exact_mw,38b7ae1c4e8407fc325e0d9e43e9f92ff26dcb3f5cf7b98d24ea74c9e5188d39,"{""distance"":5,""physical_error_rate"":0.005}","{""detection_events"":6033,""detectors_checked"":286720,""obs_mistake_mask=E"":1}"
     46080,         1,         0,    2.13,exact_mw,bb90ec3459e353008cf9a5bb9142bf1e8515517a9e167021b225104594e48e8a,"{""distance"":5,""physical_error_rate"":0.001}","{""detection_events"":45443,""detectors_checked"":10321920,""obs_mistake_mask=E"":1}"
      6144,         0,         0,   0.090,exact_mw,cdc4a450a40af8e24899239080e4c40992fb5baf91c5a31ab3a165eacb3a1ab3,"{""distance"":5,""physical_error_rate"":0.0002}","{""detection_events"":1148,""detectors_checked"":1376256}"
      7168,         0,         0,   0.092,exact_mw,f32ebecd8e105e50ec838d33c5ed9b45444b6b44a3c6ac541111079f2b14e893,"{""distance"":5,""physical_error_rate"":5e-05}","{""detection_events"":380,""detectors_checked"":1605632}"
      9216,         0,         0,   0.138,exact_mw,cdc4a450a40af8e24899239080e4c40992fb5baf91c5a31ab3a165eacb3a1ab3,"{""distance"":5,""physical_error_rate"":0.0002}","{""detection_events"":1763,""detectors_checked"":2064384}"
     53248,         0,         0,    3.05,exact_mw,bb90ec3459e353008cf9a5bb9142bf1e8515517a9e167021b225104594e48e8a,"{""distance"":5,""physical_error_rate"":0.001}","{""detection_events"":51996,""detectors_checked"":11927552}"
     28672,         0,         0,   0.408,exact_mw,70a969f5042aec17ac076c6379f4170fb7c69b8e925756ef3b7334e28a33338b,"{""distance"":5,""physical_error_rate"":0.0001}","{""detection_events"":2829,""detectors_checked"":6422528}"
      3072,         0,         0,   0.154,exact_mw,bb90ec3459e353008cf9a5bb9142bf1e8515517a9e167021b225104594e48e8a,"{""distance"":5,""physical_error_rate"":0.001}","{""detection_events"":3068,""detectors_checked"":688128}"
      7168,         0,         0,   0.106,exact_mw,cdc4a450a40af8e24899239080e4c40992fb5baf91c5a31ab3a165eacb3a1ab3,"{""distance"":5,""physical_error_rate"":0.0002}","{""detection_events"":1353,""detectors_checked"":1605632}"
    175104,         0,         0,    2.99,exact_mw,f32ebecd8e105e50ec838d33c5ed9b45444b6b44a3c6ac541111079f2b14e893,"{""distance"":5,""physical_error_rate"":5e-05}","{""detection_events"":8892,""detectors_checked"":39223296}"
     25600,         0,         0,   0.305,exact_mw,f32ebecd8e105e50ec838d33c5ed9b45444b6b44a3c6ac541111079f2b14e893,"{""distance"":5,""physical_error_rate"":5e-05}","{""detection_events"":1190,""detectors_checked"":5734400}"
       256,         1,         0,    1.93,exact_mw,72230d8c06b5a71069df48ede6f7f3e6128cd83e8239dd1b2e5fe023578b6eb1,"{""distance"":5,""physical_error_rate"":0.01}","{""detection_events"":2440,""detectors_checked"":57344,""obs_mistake_mask=E"":1}"
      3072,         0,         0,   0.078,exact_mw,cb12ae119b9b2ba18d0216e7235b403229e92fd0743ede48fe7f1a2c6f45d594,"{""distance"":5,""physical_error_rate"":0.0005}","{""detection_events"":1503,""detectors_checked"":688128}"
      8192,         1,         0,    2.38,exact_mw,3208f56225bbcac0e2804eb6f92d0a8b681652a702ca1ec920ccd7367f0e0899,"{""distance"":5,""physical_error_rate"":0.002}","{""detection_events"":15890,""detectors_checked"":1835008,""obs_mistake_mask=E"":1}"
     33792,         0,         0,   0.389,exact_mw,cb12ae119b9b2ba18d0216e7235b403229e92fd0743ede48fe7f1a2c6f45d594,"{""distance"":5,""physical_error_rate"":0.0005}","{""detection_events"":16572,""detectors_checked"":7569408}"
     10240,         0,         0,   0.147,exact_mw,70a969f5042aec17ac076c6379f4170fb7c69b8e925756ef3b7334e28a33338b,"{""distance"":5,""physical_error_rate"":0.0001}","{""detection_events"":1066,""detectors_checked"":2293760}"
       512,         1,         0,    1.41,exact_mw,38b7ae1c4e8407fc325e0d9e43e9f92ff26dcb3f5cf7b98d24ea74c9e5188d39,"{""distance"":5,""physical_error_rate"":0.005}","{""detection_events"":2539,""detectors_checked"":114688,""obs_mistake_mask=E"":1}"
    178176,         0,         0,    3.03,exact_mw,cdc4a450a40af8e24899239080e4c40992fb5baf91c5a31ab3a165eacb3a1ab3,"{""distance"":5,""physical_error_rate"":0.0002}","{""detection_events"":35114,""detectors_checked"":39911424}"
      1297,         0,         0,   0.026,exact_mw,f32ebecd8e105e50ec838d33c5ed9b45444b6b44a3c6ac541111079f2b14e893,"{""distance"":5,""physical_error_rate"":5e-05}","{""detection_events"":64,""detectors_checked"":290528}"
      1024,         0,         0,   0.019,exact_mw,f32ebecd8e105e50ec838d33c5ed9b45444b6b44a3c6ac541111079f2b14e893,"{""distance"":5,""physical_error_rate"":5e-05}","{""detection_events"":33,""detectors_checked"":229376}"
      4096,         0,         0,   0.077,exact_mw,cb12ae119b9b2ba18d0216e7235b403229e92fd0743ede48fe7f1a2c6f45d594,"{""distance"":5,""physical_error_rate"":0.0005}","{""detection_events"":1885,""detectors_checked"":917504}"
     39936,         0,         0,    2.22,exact_mw,bb90ec3459e353008cf9a5bb9142bf1e8515517a9e167021b225104594e48e8a,"{""distance"":5,""physical_error_rate"":0.001}","{""detection_events"":39284,""detectors_checked"":8945664}"
      9216,         0,         0,   0.150,exact_mw,f32ebecd8e105e50ec838d33c5ed9b45444b6b44a3c6ac541111079f2b14e893,"{""distance"":5,""physical_error_rate"":5e-05}","{""detection_events"":455,""detectors_checked"":2064384}"
    191488,         0,         0,    2.95,exact_mw,cdc4a450a40af8e24899239080e4c40992fb5baf91c5a31ab3a165eacb3a1ab3,"{""distance"":5,""physical_error_rate"":0.0002}","{""detection_events"":37449,""detectors_checked"":42893312}"
      8192,         0,         0,   0.152,exact_mw,cdc4a450a40af8e24899239080e4c40992fb5baf91c5a31ab3a165eacb3a1ab3,"{""distance"":5,""physical_error_rate"":0.0002}","{""detection_events"":1673,""detectors_checked"":1835008}"
    182272,         0,         0,    3.05,exact_mw,cdc4a450a40af8e24899239080e4c40992fb5baf91c5a31ab3a165eacb3a1ab3,"{""distance"":5,""physical_error_rate"":0.0002}","{""detection_events"":36137,""detectors_checked"":40828928}"
      2048,         0,         0,   0.036,exact_mw,f32ebecd8e105e50ec838d33c5ed9b45444b6b44a3c6ac541111079f2b14e893,"{""distance"":5,""physical_error_rate"":5e-05}","{""detection_events"":93,""detectors_checked"":458752}"
    171008,         0,         0,    2.11,exact_mw,f32ebecd8e105e50ec838d33c5ed9b45444b6b44a3c6ac541111079f2b14e893,"{""distance"":5,""physical_error_rate"":5e-05}","{""detection_events"":8198,""detectors_checked"":38305792}"
      9216,         0,         0,   0.150,exact_mw,cdc4a450a40af8e24899239080e4c40992fb5baf91c5a31ab3a165eacb3a1ab3,"{""distance"":5,""physical_error_rate"":0.0002}","{""detection_events"":1878,""detectors_checked"":2064384}"
       256,         2,         0,    1.80,exact_mw,72230d8c06b5a71069df48ede6f7f3e6128cd83e8239dd1b2e5fe023578b6eb1,"{""distance"":5,""physical_error_rate"":0.01}","{""detection_events"":2549,""detectors_checked"":57344,""obs_mistake_mask=E"":2}"
        32,         1,         0,   0.521,exact_mw,7b4896c0e7f0a510554d89637fd747b157418067a95869d1f0661294d473d1dc,"{""distance"":5,""physical_error_rate"":0.02}","{""detection_events"":610,""detectors_checked"":7168,""obs_mistake_mask=E"":1}"
      2048,         0,         0,   0.030,exact_mw,f32ebecd8e105e50ec838d33c5ed9b45444b6b44a3c6ac541111079f2b14e893,"{""distance"":5,""physical_error_rate"":5e-05}","{""detection_events"":104,""detectors_checked"":458752}"
     57344,         0,         0,    3.05,exact_mw,bb90ec3459e353008cf9a5bb9142bf1e8515517a9e167021b225104594e48e8a,"{""distance"":5,""physical_error_rate"":0.001}","{""detection_events"":56682,""detectors_checked"":12845056}"
         1,         0,         0,   0.000,exact_mw,70a969f5042aec17ac076c6379f4170fb7c69b8e925756ef3b7334e28a33338b,"{""distance"":5,""physical_error_rate"":0.0001}","{""detectors_checked"":224}"
       273,         0,         0,   0.115,exact_mw,3208f56225bbcac0e2804eb6f92d0a8b681652a702ca1ec920ccd7367f0e0899,"{""distance"":5,""physical_error_rate"":0.002}","{""detection_events"":537,""detectors_checked"":61152}"
     16384,         0,         0,   0.209,exact_mw,cdc4a450a40af8e24899239080e4c40992fb5baf91c5a31ab3a165eacb3a1ab3,"{""distance"":5,""physical_error_rate"":0.0002}","{""detection_events"":3274,""detectors_checked"":3670016}"
      2320,         0,         0,   0.008,exact_mw,70a969f5042aec17ac076c6379f4170fb7c69b8e925756ef3b7334e28a33338b,"{""distance"":5,""physical_error_rate"":0.0001}","{""detection_events"":247,""detectors_checked"":519680}"
       768,         0,         0,    1.91,exact_mw,38b7ae1c4e8407fc325e0d9e43e9f92ff26dcb3f5cf7b98d24ea74c9e5188d39,"{""distance"":5,""physical_error_rate"":0.005}","{""detection_events"":3769,""detectors_checked"":172032}"
      1297,         0,         0,   0.010,exact_mw,70a969f5042aec17ac076c6379f4170fb7c69b8e925756ef3b7334e28a33338b,"{""distance"":5,""physical_error_rate"":0.0001}","{""detection_events"":138,""detectors_checked"":290528}"
        32,         1,         0,   0.458,exact_mw,7b4896c0e7f0a510554d89637fd747b157418067a95869d1f0661294d473d1dc,"{""distance"":5,""physical_error_rate"":0.02}","{""detection_events"":579,""detectors_checked"":7168,""obs_mistake_mask=E"":1}"
     31744,         0,         0,   0.386,exact_mw,f32ebecd8e105e50ec838d33c5ed9b45444b6b44a3c6ac541111079f2b14e893,"{""distance"":5,""physical_error_rate"":5e-05}","{""detection_events"":1609,""detectors_checked"":7110656}"
         1,         0,         0,   0.001,exact_mw,38b7ae1c4e8407fc325e0d9e43e9f92ff26dcb3f5cf7b98d24ea74c9e5188d39,"{""distance"":5,""physical_error_rate"":0.005}","{""detection_events"":8,""detectors_checked"":224}"
      1024,         0,         0,   0.003,exact_mw,70a969f5042aec17ac076c6379f4170fb7c69b8e925756ef3b7334e28a33338b,"{""distance"":5,""physical_error_rate"":0.0001}","{""detection_events"":124,""detectors_checked"":229376}"
        17,         1,         0,   0.165,exact_mw,72230d8c06b5a71069df48ede6f7f3e6128cd83e8239dd1b2e5fe023578b6eb1,"{""distance"":5,""physical_error_rate"":0.01}","{""detection_events"":151,""detectors_checked"":3808,""obs_mistake_mask=E"":1}"
      1024,         0,         0,   0.003,exact_mw,70a969f5042aec17ac076c6379f4170fb7c69b8e925756ef3b7334e28a33338b,"{""distance"":5,""physical_error_rate"":0.0001}","{""detection_events"":112,""detectors_checked"":229376}"
      3072,         0,         0,   0.056,exact_mw,f32ebecd8e105e50ec838d33c5ed9b45444b6b44a3c6ac541111079f2b14e893,"{""distance"":5,""physical_error_rate"":5e-05}","{""detection_events"":148,""detectors_checked"":688128}"
      1024,         0,         0,   0.336,exact_mw,3208f56225bbcac0e2804eb6f92d0a8b681652a702ca1ec920ccd7367f0e0899,"{""distance"":5,""physical_error_rate"":0.002}","{""detection_events"":2101,""detectors_checked"":229376}"
      5120,         0,         0,   0.123,exact_mw,cb12ae119b9b2ba18d0216e7235b403229e92fd0743ede48fe7f1a2c6f45d594,"{""distance"":5,""physical_error_rate"":0.0005}","{""detection_events"":2599,""detectors_checked"":1146880}"
      5120,         0,         0,   0.251,exact_mw,bb90ec3459e353008cf9a5bb9142bf1e8515517a9e167021b225104594e48e8a,"{""distance"":5,""physical_error_rate"":0.001}","{""detection_events"":5009,""detectors_checked"":1146880}"
      2048,         0,         0,   0.021,exact_mw,70a969f5042aec17ac076c6379f4170fb7c69b8e925756ef3b7334e28a33338b,"{""distance"":5,""physical_error_rate"":0.0001}","{""detection_events"":177,""detectors_checked"":458752}"
    281600,         0,         0,    2.99,exact_mw,70a969f5042aec17ac076c6379f4170fb7c69b8e925756ef3b7334e28a33338b,"{""distance"":5,""physical_error_rate"":0.0001}","{""detection_events"":28017,""detectors_checked"":63078400}"
     13312,         0,         0,   0.219,exact_mw,70a969f5042aec17ac076c6379f4170fb7c69b8e925756ef3b7334e28a33338b,"{""distance"":5,""physical_error_rate"":0.0001}","{""detection_events"":1377,""detectors_checked"":2981888}"
         1,         0,         0,   0.000,exact_mw,3208f56225bbcac0e2804eb6f92d0a8b681652a702ca1ec920ccd7367f0e0899,"{""distance"":5,""physical_error_rate"":0.002}","{""detectors_checked"":224}"
      1297,         0,         0,   0.026,exact_mw,cb12ae119b9b2ba18d0216e7235b403229e92fd0743ede48fe7f1a2c6f45d594,"{""distance"":5,""physical_error_rate"":0.0005}","{""detection_events"":658,""detectors_checked"":290528}"
         1,         0,         0,   0.025,exact_mw,72230d8c06b5a71069df48ede6f7f3e6128cd83e8239dd1b2e5fe023578b6eb1,"{""distance"":5,""physical_error_rate"":0.01}","{""detection_events"":11,""detectors_checked"":224}"
        16,         0,         0,   0.037,exact_mw,38b7ae1c4e8407fc325e0d9e43e9f92ff26dcb3f5cf7b98d24ea74c9e5188d39,"{""distance"":5,""physical_error_rate"":0.005}","{""detection_events"":93,""detectors_checked"":3584}"
      2048,         0,         0,   0.042,exact_mw,70a969f5042aec17ac076c6379f4170fb7c69b8e925756ef3b7334e28a33338b,"{""distance"":5,""physical_error_rate"":0.0001}","{""detection_events"":213,""detectors_checked"":458752}"
        96,         5,         0,    1.45,exact_mw,7b4896c0e7f0a510554d89637fd747b157418067a95869d1f0661294d473d1dc,"{""distance"":5,""physical_error_rate"":0.02}","{""detection_events"":1579,""detectors_checked"":21504,""obs_mistake_mask=E"":5}"
      2048,         0,         0,   0.031,exact_mw,70a969f5042aec17ac076c6379f4170fb7c69b8e925756ef3b7334e28a33338b,"{""distance"":5,""physical_error_rate"":0.0001}","{""detection_events"":177,""detectors_checked"":458752}"
      2048,         0,         0,   0.029,exact_mw,cb12ae119b9b2ba18d0216e7235b403229e92fd0743ede48fe7f1a2c6f45d594,"{""distance"":5,""physical_error_rate"":0.0005}","{""detection_events"":1023,""detectors_checked"":458752}"
       128,         2,         0,    2.21,exact_mw,7b4896c0e7f0a510554d89637fd747b157418067a95869d1f0661294d473d1dc,"{""distance"":5,""physical_error_rate"":0.02}","{""detection_events"":2238,""detectors_checked"":28672,""obs_mistake_mask=E"":2}"
      5120,         0,         0,   0.068,exact_mw,f32ebecd8e105e50ec838d33c5ed9b45444b6b44a3c6ac541111079f2b14e893,"{""distance"":5,""physical_error_rate"":5e-05}","{""detection_events"":228,""detectors_checked"":1146880}"
       768,         5,         0,    2.45,exact_mw,72230d8c06b5a71069df48ede6f7f3e6128cd83e8239dd1b2e5fe023578b6eb1,"{""distance"":5,""physical_error_rate"":0.01}","{""detection_events"":7119,""detectors_checked"":172032,""obs_mistake_mask=E"":5}"
      1024,         0,         0,   0.023,exact_mw,cb12ae119b9b2ba18d0216e7235b403229e92fd0743ede48fe7f1a2c6f45d594,"{""distance"":5,""physical_error_rate"":0.0005}","{""detection_events"":521,""detectors_checked"":229376}"
      1024,         1,         0,    2.34,exact_mw,38b7ae1c4e8407fc325e0d9e43e9f92ff26dcb3f5cf7b98d24ea74c9e5188d39,"{""distance"":5,""physical_error_rate"":0.005}","{""detection_events"":5034,""detectors_checked"":229376,""obs_mistake_mask=E"":1}"
      3072,         0,         0,   0.060,exact_mw,70a969f5042aec17ac076c6379f4170fb7c69b8e925756ef3b7334e28a33338b,"{""distance"":5,""physical_error_rate"":0.0001}","{""detection_events"":354,""detectors_checked"":688128}"
     14336,         0,         0,   0.197,exact_mw,f32ebecd8e105e50ec838d33c5ed9b45444b6b44a3c6ac541111079f2b14e893,"{""distance"":5,""physical_error_rate"":5e-05}","{""detection_events"":702,""detectors_checked"":3211264}"
      4096,         0,         0,   0.055,exact_mw,70a969f5042aec17ac076c6379f4170fb7c69b8e925756ef3b7334e28a33338b,"{""distance"":5,""physical_error_rate"":0.0001}","{""detection_events"":392,""detectors_checked"":917504}"
       272,         0,         0,   0.093,exact_mw,3208f56225bbcac0e2804eb6f92d0a8b681652a702ca1ec920ccd7367f0e0899,"{""distance"":5,""physical_error_rate"":0.002}","{""detection_events"":559,""detectors_checked"":60928}"
       128,         1,         0,   0.511,exact_mw,72230d8c06b5a71069df48ede6f7f3e6128cd83e8239dd1b2e5fe023578b6eb1,"{""distance"":5,""physical_error_rate"":0.01}","{""detection_events"":1145,""detectors_checked"":28672,""obs_mistake_mask=E"":1}"
        16,         0,         0,   0.094,exact_mw,72230d8c06b5a71069df48ede6f7f3e6128cd83e8239dd1b2e5fe023578b6eb1,"{""distance"":5,""physical_error_rate"":0.01}","{""detection_events"":158,""detectors_checked"":3584}"
     14336,         0,         0,   0.230,exact_mw,cdc4a450a40af8e24899239080e4c40992fb5baf91c5a31ab3a165eacb3a1ab3,"{""distance"":5,""physical_error_rate"":0.0002}","{""detection_events"":2725,""detectors_checked"":3211264}"
     12288,         0,         0,   0.232,exact_mw,cdc4a450a40af8e24899239080e4c40992fb5baf91c5a31ab3a165eacb3a1ab3,"{""distance"":5,""physical_error_rate"":0.0002}","{""detection_events"":2382,""detectors_checked"":2752512}"
      5120,         0,         0,   0.077,exact_mw,f32ebecd8e105e50ec838d33c5ed9b45444b6b44a3c6ac541111079f2b14e893,"{""distance"":5,""physical_error_rate"":5e-05}","{""detection_events"":226,""detectors_checked"":1146880}"
      2048,         0,         0,   0.048,exact_mw,cb12ae119b9b2ba18d0216e7235b403229e92fd0743ede48fe7f1a2c6f45d594,"{""distance"":5,""physical_error_rate"":0.0005}","{""detection_events"":1090,""detectors_checked"":458752}"
      7168,         0,         0,   0.404,exact_mw,bb90ec3459e353008cf9a5bb9142bf1e8515517a9e167021b225104594e48e8a,"{""distance"":5,""physical_error_rate"":0.001}","{""detection_events"":6817,""detectors_checked"":1605632}"
       192,         0,         0,    1.50,exact_mw,72230d8c06b5a71069df48ede6f7f3e6128cd83e8239dd1b2e5fe023578b6eb1,"{""distance"":5,""physical_error_rate"":0.01}","{""detection_events"":1773,""detectors_checked"":43008}"
       272,         0,         0,   0.607,exact_mw,38b7ae1c4e8407fc325e0d9e43e9f92ff26dcb3f5cf7b98d24ea74c9e5188d39,"{""distance"":5,""physical_error_rate"":0.005}","{""detection_events"":1241,""detectors_checked"":60928}"
      6144,         0,         0,   0.145,exact_mw,cb12ae119b9b2ba18d0216e7235b403229e92fd0743ede48fe7f1a2c6f45d594,"{""distance"":5,""physical_error_rate"":0.0005}","{""detection_events"":2903,""detectors_checked"":1376256}"
     59392,         0,         0,    3.04,exact_mw,bb90ec3459e353008cf9a5bb9142bf1e8515517a9e167021b225104594e48e8a,"{""distance"":5,""physical_error_rate"":0.001}","{""detection_events"":57711,""detectors_checked"":13303808}"
    147456,         0,         0,    3.02,exact_mw,70a969f5042aec17ac076c6379f4170fb7c69b8e925756ef3b7334e28a33338b,"{""distance"":5,""physical_error_rate"":0.0001}","{""detection_events"":14706,""detectors_checked"":33030144}"
        32,         0,         0,   0.178,exact_mw,72230d8c06b5a71069df48ede6f7f3e6128cd83e8239dd1b2e5fe023578b6eb1,"{""distance"":5,""physical_error_rate"":0.01}","{""detection_events"":317,""detectors_checked"":7168}"
     29696,         0,         0,   0.399,exact_mw,f32ebecd8e105e50ec838d33c5ed9b45444b6b44a3c6ac541111079f2b14e893,"{""distance"":5,""physical_error_rate"":5e-05}","{""detection_events"":1380,""detectors_checked"":6651904}"
      1024,         0,         0,   0.005,exact_mw,cb12ae119b9b2ba18d0216e7235b403229e92fd0743ede48fe7f1a2c6f45d594,"{""distance"":5,""physical_error_rate"":0.0005}","{""detection_events"":504,""detectors_checked"":229376}"
      4096,         0,         0,   0.054,exact_mw,70a969f5042aec17ac076c6379f4170fb7c69b8e925756ef3b7334e28a33338b,"{""distance"":5,""physical_error_rate"":0.0001}","{""detection_events"":395,""detectors_checked"":917504}"
      1297,         0,         0,   0.082,exact_mw,bb90ec3459e353008cf9a5bb9142bf1e8515517a9e167021b225104594e48e8a,"{""distance"":5,""physical_error_rate"":0.001}","{""detection_events"":1267,""detectors_checked"":290528}"
      6144,         0,         0,   0.096,exact_mw,70a969f5042aec17ac076c6379f4170fb7c69b8e925756ef3b7334e28a33338b,"{""distance"":5,""physical_error_rate"":0.0001}","{""detection_events"":626,""detectors_checked"":1376256}"
      1024,         0,         0,   0.050,exact_mw,bb90ec3459e353008cf9a5bb9142bf1e8515517a9e167021b225104594e48e8a,"{""distance"":5,""physical_error_rate"":0.001}","{""detection_events"":982,""detectors_checked"":229376}"
      1024,         0,         0,   0.291,exact_mw,3208f56225bbcac0e2804eb6f92d0a8b681652a702ca1ec920ccd7367f0e0899,"{""distance"":5,""physical_error_rate"":0.002}","{""detection_events"":2048,""detectors_checked"":229376}"
      4096,         0,         0,   0.053,exact_mw,70a969f5042aec17ac076c6379f4170fb7c69b8e925756ef3b7334e28a33338b,"{""distance"":5,""physical_error_rate"":0.0001}","{""detection_events"":341,""detectors_checked"":917504}"
      3072,         0,         0,   0.058,exact_mw,cb12ae119b9b2ba18d0216e7235b403229e92fd0743ede48fe7f1a2c6f45d594,"{""distance"":5,""physical_error_rate"":0.0005}","{""detection_events"":1509,""detectors_checked"":688128}"
     17408,         0,         0,   0.291,exact_mw,cdc4a450a40af8e24899239080e4c40992fb5baf91c5a31ab3a165eacb3a1ab3,"{""distance"":5,""physical_error_rate"":0.0002}","{""detection_events"":3603,""detectors_checked"":3899392}"
    171008,         0,         0,    3.02,exact_mw,cb12ae119b9b2ba18d0216e7235b403229e92fd0743ede48fe7f1a2c6f45d594,"{""distance"":5,""physical_error_rate"":0.0005}","{""detection_events"":83535,""detectors_checked"":38305792}"
      7168,         0,         0,   0.084,exact_mw,f32ebecd8e105e50ec838d33c5ed9b45444b6b44a3c6ac541111079f2b14e893,"{""distance"":5,""physical_error_rate"":5e-05}","{""detection_events"":346,""detectors_checked"":1605632}"
      1024,         0,         0,   0.286,exact_mw,3208f56225bbcac0e2804eb6f92d0a8b681652a702ca1ec920ccd7367f0e0899,"{""distance"":5,""physical_error_rate"":0.002}","{""detection_events"":2137,""detectors_checked"":229376}"
      5120,         0,         0,   0.076,exact_mw,70a969f5042aec17ac076c6379f4170fb7c69b8e925756ef3b7334e28a33338b,"{""distance"":5,""physical_error_rate"":0.0001}","{""detection_events"":567,""detectors_checked"":1146880}"
      1024,         0,         0,   0.029,exact_mw,bb90ec3459e353008cf9a5bb9142bf1e8515517a9e167021b225104594e48e8a,"{""distance"":5,""physical_error_rate"":0.001}","{""detection_events"":1055,""detectors_checked"":229376}"
     34816,         0,         0,   0.547,exact_mw,70a969f5042aec17ac076c6379f4170fb7c69b8e925756ef3b7334e28a33338b,"{""distance"":5,""physical_error_rate"":0.0001}","{""detection_events"":3241,""detectors_checked"":7798784}"
       384,         2,         0,    2.13,exact_mw,72230d8c06b5a71069df48ede6f7f3e6128cd83e8239dd1b2e5fe023578b6eb1,"{""distance"":5,""physical_error_rate"":0.01}","{""detection_events"":3836,""detectors_checked"":86016,""obs_mistake_mask=E"":2}"
       256,         0,         0,   0.644,exact_mw,38b7ae1c4e8407fc325e0d9e43e9f92ff26dcb3f5cf7b98d24ea74c9e5188d39,"{""distance"":5,""physical_error_rate"":0.005}","{""detection_events"":1213,""detectors_checked"":57344}"
      8192,         0,         0,    2.44,exact_mw,3208f56225bbcac0e2804eb6f92d0a8b681652a702ca1ec920ccd7367f0e0899,"{""distance"":5,""physical_error_rate"":0.002}","{""detection_events"":15923,""detectors_checked"":1835008}"
     18432,         0,         0,   0.302,exact_mw,70a969f5042aec17ac076c6379f4170fb7c69b8e925756ef3b7334e28a33338b,"{""distance"":5,""physical_error_rate"":0.0001}","{""detection_events"":1797,""detectors_checked"":4128768}"
      3072,         0,         0,   0.077,exact_mw,cb12ae119b9b2ba18d0216e7235b403229e92fd0743ede48fe7f1a2c6f45d594,"{""distance"":5,""physical_error_rate"":0.0005}","{""detection_events"":1638,""detectors_checked"":688128}"
        32,         3,         0,   0.397,exact_mw,7b4896c0e7f0a510554d89637fd747b157418067a95869d1f0661294d473d1dc,"{""distance"":5,""physical_error_rate"":0.02}","{""detection_events"":595,""detectors_checked"":7168,""obs_mistake_mask=E"":3}"
      6144,         0,         0,   0.338,exact_mw,bb90ec3459e353008cf9a5bb9142bf1e8515517a9e167021b225104594e48e8a,"{""distance"":5,""physical_error_rate"":0.001}","{""detection_events"":5947,""detectors_checked"":1376256}"
    139264,         0,         0,    3.05,exact_mw,cb12ae119b9b2ba18d0216e7235b403229e92fd0743ede48fe7f1a2c6f45d594,"{""distance"":5,""physical_error_rate"":0.0005}","{""detection_events"":68575,""detectors_checked"":31195136}"
      6144,         0,         0,   0.117,exact_mw,70a969f5042aec17ac076c6379f4170fb7c69b8e925756ef3b7334e28a33338b,"{""distance"":5,""physical_error_rate"":0.0001}","{""detection_events"":595,""detectors_checked"":1376256}"
        32,         2,         0,   0.392,exact_mw,7b4896c0e7f0a510554d89637fd747b157418067a95869d1f0661294d473d1dc,"{""distance"":5,""physical_error_rate"":0.02}","{""detection_events"":577,""detectors_checked"":7168,""obs_mistake_mask=E"":2}"
      1024,         0,         0,   0.044,exact_mw,bb90ec3459e353008cf9a5bb9142bf1e8515517a9e167021b225104594e48e8a,"{""distance"":5,""physical_error_rate"":0.001}","{""detection_events"":995,""detectors_checked"":229376}"
      1024,         0,         0,   0.258,exact_mw,3208f56225bbcac0e2804eb6f92d0a8b681652a702ca1ec920ccd7367f0e0899,"{""distance"":5,""physical_error_rate"":0.002}","{""detection_events"":1896,""detectors_checked"":229376}"
     45056,         0,         0,   0.563,exact_mw,cb12ae119b9b2ba18d0216e7235b403229e92fd0743ede48fe7f1a2c6f45d594,"{""distance"":5,""physical_error_rate"":0.0005}","{""detection_events"":21710,""detectors_checked"":10092544}"
     11264,         0,         0,   0.114,exact_mw,f32ebecd8e105e50ec838d33c5ed9b45444b6b44a3c6ac541111079f2b14e893,"{""distance"":5,""physical_error_rate"":5e-05}","{""detection_events"":462,""detectors_checked"":2523136}"
      8192,         0,         0,   0.195,exact_mw,cb12ae119b9b2ba18d0216e7235b403229e92fd0743ede48fe7f1a2c6f45d594,"{""distance"":5,""physical_error_rate"":0.0005}","{""detection_events"":4144,""detectors_checked"":1835008}"
      1024,         0,         0,   0.010,exact_mw,bb90ec3459e353008cf9a5bb9142bf1e8515517a9e167021b225104594e48e8a,"{""distance"":5,""physical_error_rate"":0.001}","{""detection_events"":977,""detectors_checked"":229376}"
      7168,         0,         0,   0.077,exact_mw,70a969f5042aec17ac076c6379f4170fb7c69b8e925756ef3b7334e28a33338b,"{""distance"":5,""physical_error_rate"":0.0001}","{""detection_events"":688,""detectors_checked"":1605632}"
        64,         1,         0,    1.07,exact_mw,7b4896c0e7f0a510554d89637fd747b157418067a95869d1f0661294d473d1dc,"{""distance"":5,""physical_error_rate"":0.02}","{""detection_events"":1152,""detectors_checked"":14336,""obs_mistake_mask=E"":1}"
     17408,         0,         0,   0.296,exact_mw,f32ebecd8e105e50ec838d33c5ed9b45444b6b44a3c6ac541111079f2b14e893,"{""distance"":5,""physical_error_rate"":5e-05}","{""detection_events"":884,""detectors_checked"":3899392}"
     18432,         0,         0,   0.280,exact_mw,cdc4a450a40af8e24899239080e4c40992fb5baf91c5a31ab3a165eacb3a1ab3,"{""distance"":5,""physical_error_rate"":0.0002}","{""detection_events"":3691,""detectors_checked"":4128768}"
      6144,         0,         0,   0.106,exact_mw,cb12ae119b9b2ba18d0216e7235b403229e92fd0743ede48fe7f1a2c6f45d594,"{""distance"":5,""physical_error_rate"":0.0005}","{""detection_events"":3153,""detectors_checked"":1376256}"
     17408,         0,         0,   0.282,exact_mw,cdc4a450a40af8e24899239080e4c40992fb5baf91c5a31ab3a165eacb3a1ab3,"{""distance"":5,""physical_error_rate"":0.0002}","{""detection_events"":3437,""detectors_checked"":3899392}"
    181248,         0,         0,    3.04,exact_mw,f32ebecd8e105e50ec838d33c5ed9b45444b6b44a3c6ac541111079f2b14e893,"{""distance"":5,""physical_error_rate"":5e-05}","{""detection_events"":9408,""detectors_checked"":40599552}"
      1024,         0,         0,   0.058,exact_mw,bb90ec3459e353008cf9a5bb9142bf1e8515517a9e167021b225104594e48e8a,"{""distance"":5,""physical_error_rate"":0.001}","{""detection_events"":1016,""detectors_checked"":229376}"
      1024,         0,         0,    2.19,exact_mw,38b7ae1c4e8407fc325e0d9e43e9f92ff26dcb3f5cf7b98d24ea74c9e5188d39,"{""distance"":5,""physical_error_rate"":0.005}","{""detection_events"":5148,""detectors_checked"":229376}"
    233472,         0,         0,    3.03,exact_mw,cdc4a450a40af8e24899239080e4c40992fb5baf91c5a31ab3a165eacb3a1ab3,"{""distance"":5,""physical_error_rate"":0.0002}","{""detection_events"":46184,""detectors_checked"":52297728}"
       512,         1,         0,    1.31,exact_mw,38b7ae1c4e8407fc325e0d9e43e9f92ff26dcb3f5cf7b98d24ea74c9e5188d39,"{""distance"":5,""physical_error_rate"":0.005}","{""detection_events"":2553,""detectors_checked"":114688,""obs_mistake_mask=E"":1}"
      9216,         0,         0,   0.132,exact_mw,70a969f5042aec17ac076c6379f4170fb7c69b8e925756ef3b7334e28a33338b,"{""distance"":5,""physical_error_rate"":0.0001}","{""detection_events"":910,""detectors_checked"":2064384}"
    191488,         0,         0,    3.03,exact_mw,cdc4a450a40af8e24899239080e4c40992fb5baf91c5a31ab3a165eacb3a1ab3,"{""distance"":5,""physical_error_rate"":0.0002}","{""detection_events"":37223,""detectors_checked"":42893312}"
     10240,         0,         0,   0.115,exact_mw,70a969f5042aec17ac076c6379f4170fb7c69b8e925756ef3b7334e28a33338b,"{""distance"":5,""physical_error_rate"":0.0001}","{""detection_events"":955,""detectors_checked"":2293760}"
        64,         1,         0,   0.401,exact_mw,72230d8c06b5a71069df48ede6f7f3e6128cd83e8239dd1b2e5fe023578b6eb1,"{""distance"":5,""physical_error_rate"":0.01}","{""detection_events"":637,""detectors_checked"":14336,""obs_mistake_mask=E"":1}"
      1024,         0,         0,   0.298,exact_mw,3208f56225bbcac0e2804eb6f92d0a8b681652a702ca1ec920ccd7367f0e0899,"{""distance"":5,""physical_error_rate"":0.002}","{""detection_events"":1844,""detectors_checked"":229376}"
     35840,         0,         0,   0.508,exact_mw,f32ebecd8e105e50ec838d33c5ed9b45444b6b44a3c6ac541111079f2b14e893,"{""distance"":5,""physical_error_rate"":5e-05}","{""detection_events"":1645,""detectors_checked"":8028160}"
    281600,         0,         0,    4.27,exact_mw,70a969f5042aec17ac076c6379f4170fb7c69b8e925756ef3b7334e28a33338b,"{""distance"":5,""physical_error_rate"":0.0001}","{""detection_events"":27773,""detectors_checked"":63078400}"
      2048,         0,         0,   0.102,exact_mw,bb90ec3459e353008cf9a5bb9142bf1e8515517a9e167021b225104594e48e8a,"{""distance"":5,""physical_error_rate"":0.001}","{""detection_events"":2045,""detectors_checked"":458752}"
      7168,         0,         0,   0.166,exact_mw,cb12ae119b9b2ba18d0216e7235b403229e92fd0743ede48fe7f1a2c6f45d594,"{""distance"":5,""physical_error_rate"":0.0005}","{""detection_events"":3649,""detectors_checked"":1605632}"
     16384,         0,         0,    3.19,exact_mw,3208f56225bbcac0e2804eb6f92d0a8b681652a702ca1ec920ccd7367f0e0899,"{""distance"":5,""physical_error_rate"":0.002}","{""detection_events"":32375,""detectors_checked"":3670016}"
       256,         0,         0,   0.451,exact_mw,38b7ae1c4e8407fc325e0d9e43e9f92ff26dcb3f5cf7b98d24ea74c9e5188d39,"{""distance"":5,""physical_error_rate"":0.005}","{""detection_events"":1094,""detectors_checked"":57344}"
        64,         0,         0,   0.435,exact_mw,72230d8c06b5a71069df48ede6f7f3e6128cd83e8239dd1b2e5fe023578b6eb1,"{""distance"":5,""physical_error_rate"":0.01}","{""detection_events"":654,""detectors_checked"":14336}"
     10240,         0,         0,   0.185,exact_mw,f32ebecd8e105e50ec838d33c5ed9b45444b6b44a3c6ac541111079f2b14e893,"{""distance"":5,""physical_error_rate"":5e-05}","{""detection_events"":508,""detectors_checked"":2293760}"
       128,         2,         0,   0.992,exact_mw,72230d8c06b5a71069df48ede6f7f3e6128cd83e8239dd1b2e5fe023578b6eb1,"{""distance"":5,""physical_error_rate"":0.01}","{""detection_events"":1341,""detectors_checked"":28672,""obs_mistake_mask=E"":2}"
      1024,         0,         0,   0.322,exact_mw,3208f56225bbcac0e2804eb6f92d0a8b681652a702ca1ec920ccd7367f0e0899,"{""distance"":5,""physical_error_rate"":0.002}","{""detection_events"":2163,""detectors_checked"":229376}"
     24576,         0,         0,   0.380,exact_mw,cdc4a450a40af8e24899239080e4c40992fb5baf91c5a31ab3a165eacb3a1ab3,"{""distance"":5,""physical_error_rate"":0.0002}","{""detection_events"":4753,""detectors_checked"":5505024}"
     10240,         0,         0,   0.235,exact_mw,cb12ae119b9b2ba18d0216e7235b403229e92fd0743ede48fe7f1a2c6f45d594,"{""distance"":5,""physical_error_rate"":0.0005}","{""detection_events"":5129,""detectors_checked"":2293760}"
      3072,         0,         0,   0.125,exact_mw,bb90ec3459e353008cf9a5bb9142bf1e8515517a9e167021b225104594e48e8a,"{""distance"":5,""physical_error_rate"":0.001}","{""detection_events"":2990,""detectors_checked"":688128}"
     11264,         0,         0,   0.554,exact_mw,bb90ec3459e353008cf9a5bb9142bf1e8515517a9e167021b225104594e48e8a,"{""distance"":5,""physical_error_rate"":0.001}","{""detection_events"":10981,""detectors_checked"":2523136}"
       256,         0,         0,   0.700,exact_mw,38b7ae1c4e8407fc325e0d9e43e9f92ff26dcb3f5cf7b98d24ea74c9e5188d39,"{""distance"":5,""physical_error_rate"":0.005}","{""detection_events"":1313,""detectors_checked"":57344}"
     13312,         0,         0,   0.222,exact_mw,70a969f5042aec17ac076c6379f4170fb7c69b8e925756ef3b7334e28a33338b,"{""distance"":5,""physical_error_rate"":0.0001}","{""detection_events"":1369,""detectors_checked"":2981888}"
     26624,         0,         0,   0.424,exact_mw,70a969f5042aec17ac076c6379f4170fb7c69b8e925756ef3b7334e28a33338b,"{""distance"":5,""physical_error_rate"":0.0001}","{""detection_events"":2603,""detectors_checked"":5963776}"
     16384,         0,         0,   0.220,exact_mw,70a969f5042aec17ac076c6379f4170fb7c69b8e925756ef3b7334e28a33338b,"{""distance"":5,""physical_error_rate"":0.0001}","{""detection_events"":1724,""detectors_checked"":3670016}"
      7168,         0,         0,   0.417,exact_mw,bb90ec3459e353008cf9a5bb9142bf1e8515517a9e167021b225104594e48e8a,"{""distance"":5,""physical_error_rate"":0.001}","{""detection_events"":7038,""detectors_checked"":1605632}"
       768,         1,         0,    2.14,exact_mw,38b7ae1c4e8407fc325e0d9e43e9f92ff26dcb3f5cf7b98d24ea74c9e5188d39,"{""distance"":5,""physical_error_rate"":0.005}","{""detection_events"":3736,""detectors_checked"":172032,""obs_mistake_mask=E"":1}"
     36864,         0,         0,   0.560,exact_mw,f32ebecd8e105e50ec838d33c5ed9b45444b6b44a3c6ac541111079f2b14e893,"{""distance"":5,""physical_error_rate"":5e-05}","{""detection_events"":1739,""detectors_checked"":8257536}"
        32,         3,         0,   0.449,exact_mw,7b4896c0e7f0a510554d89637fd747b157418067a95869d1f0661294d473d1dc,"{""distance"":5,""physical_error_rate"":0.02}","{""detection_events"":569,""detectors_checked"":7168,""obs_mistake_mask=E"":3}"
       128,         1,         0,   0.683,exact_mw,72230d8c06b5a71069df48ede6f7f3e6128cd83e8239dd1b2e5fe023578b6eb1,"{""distance"":5,""physical_error_rate"":0.01}","{""detection_events"":1238,""detectors_checked"":28672,""obs_mistake_mask=E"":1}"
      1024,         0,         0,   0.370,exact_mw,3208f56225bbcac0e2804eb6f92d0a8b681652a702ca1ec920ccd7367f0e0899,"{""distance"":5,""physical_error_rate"":0.002}","{""detection_events"":2189,""detectors_checked"":229376}"
     20480,         0,         0,   0.394,exact_mw,f32ebecd8e105e50ec838d33c5ed9b45444b6b44a3c6ac541111079f2b14e893,"{""distance"":5,""physical_error_rate"":5e-05}","{""detection_events"":1085,""detectors_checked"":4587520}"
        32,         0,         0,   0.422,exact_mw,7b4896c0e7f0a510554d89637fd747b157418067a95869d1f0661294d473d1dc,"{""distance"":5,""physical_error_rate"":0.02}","{""detection_events"":602,""detectors_checked"":7168}"
      1024,         0,         0,   0.286,exact_mw,3208f56225bbcac0e2804eb6f92d0a8b681652a702ca1ec920ccd7367f0e0899,"{""distance"":5,""physical_error_rate"":0.002}","{""detection_events"":1965,""detectors_checked"":229376}"
     23552,         0,         0,   0.380,exact_mw,cdc4a450a40af8e24899239080e4c40992fb5baf91c5a31ab3a165eacb3a1ab3,"{""distance"":5,""physical_error_rate"":0.0002}","{""detection_events"":4575,""detectors_checked"":5275648}"
     12288,         0,         0,   0.263,exact_mw,cb12ae119b9b2ba18d0216e7235b403229e92fd0743ede48fe7f1a2c6f45d594,"{""distance"":5,""physical_error_rate"":0.0005}","{""detection_events"":5981,""detectors_checked"":2752512}"
     24576,         0,         0,   0.362,exact_mw,cdc4a450a40af8e24899239080e4c40992fb5baf91c5a31ab3a165eacb3a1ab3,"{""distance"":5,""physical_error_rate"":0.0002}","{""detection_events"":5060,""detectors_checked"":5505024}"
      3072,         0,         0,   0.167,exact_mw,bb90ec3459e353008cf9a5bb9142bf1e8515517a9e167021b225104594e48e8a,"{""distance"":5,""physical_error_rate"":0.001}","{""detection_events"":3025,""detectors_checked"":688128}"
    121856,         1,         0,    2.99,exact_mw,cb12ae119b9b2ba18d0216e7235b403229e92fd0743ede48fe7f1a2c6f45d594,"{""distance"":5,""physical_error_rate"":0.0005}","{""detection_events"":60218,""detectors_checked"":27295744,""obs_mistake_mask=E"":1}"
       256,         1,         0,    2.30,exact_mw,72230d8c06b5a71069df48ede6f7f3e6128cd83e8239dd1b2e5fe023578b6eb1,"{""distance"":5,""physical_error_rate"":0.01}","{""detection_events"":2502,""detectors_checked"":57344,""obs_mistake_mask=E"":1}"
     13312,         0,         0,   0.284,exact_mw,f32ebecd8e105e50ec838d33c5ed9b45444b6b44a3c6ac541111079f2b14e893,"{""distance"":5,""physical_error_rate"":5e-05}","{""detection_events"":601,""detectors_checked"":2981888}"
       128,         2,         0,    1.01,exact_mw,72230d8c06b5a71069df48ede6f7f3e6128cd83e8239dd1b2e5fe023578b6eb1,"{""distance"":5,""physical_error_rate"":0.01}","{""detection_events"":1340,""detectors_checked"":28672,""obs_mistake_mask=E"":2}"
       256,         2,         0,   0.634,exact_mw,38b7ae1c4e8407fc325e0d9e43e9f92ff26dcb3f5cf7b98d24ea74c9e5188d39,"{""distance"":5,""physical_error_rate"":0.005}","{""detection_events"":1354,""detectors_checked"":57344,""obs_mistake_mask=E"":2}"
      1024,         0,         0,   0.302,exact_mw,3208f56225bbcac0e2804eb6f92d0a8b681652a702ca1ec920ccd7367f0e0899,"{""distance"":5,""physical_error_rate"":0.002}","{""detection_events"":1919,""detectors_checked"":229376}"
       256,         1,         0,    2.02,exact_mw,72230d8c06b5a71069df48ede6f7f3e6128cd83e8239dd1b2e5fe023578b6eb1,"{""distance"":5,""physical_error_rate"":0.01}","{""detection_events"":2450,""detectors_checked"":57344,""obs_mistake_mask=E"":1}"
        64,         0,         0,   0.471,exact_mw,72230d8c06b5a71069df48ede6f7f3e6128cd83e8239dd1b2e5fe023578b6eb1,"{""distance"":5,""physical_error_rate"":0.01}","{""detection_events"":623,""detectors_checked"":14336}"
    123904,         0,         0,    2.99,exact_mw,cb12ae119b9b2ba18d0216e7235b403229e92fd0743ede48fe7f1a2c6f45d594,"{""distance"":5,""physical_error_rate"":0.0005}","{""detection_events"":61457,""detectors_checked"":27754496}"
     25600,         0,         0,   0.287,exact_mw,70a969f5042aec17ac076c6379f4170fb7c69b8e925756ef3b7334e28a33338b,"{""distance"":5,""physical_error_rate"":0.0001}","{""detection_events"":2614,""detectors_checked"":5734400}"
     16384,         0,         0,   0.402,exact_mw,cb12ae119b9b2ba18d0216e7235b403229e92fd0743ede48fe7f1a2c6f45d594,"{""distance"":5,""physical_error_rate"":0.0005}","{""detection_events"":8111,""detectors_checked"":3670016}"
     22528,         0,         0,   0.302,exact_mw,70a969f5042aec17ac076c6379f4170fb7c69b8e925756ef3b7334e28a33338b,"{""distance"":5,""physical_error_rate"":0.0001}","{""detection_events"":2470,""detectors_checked"":5046272}"
     11264,         0,         0,    3.17,exact_mw,3208f56225bbcac0e2804eb6f92d0a8b681652a702ca1ec920ccd7367f0e0899,"{""distance"":5,""physical_error_rate"":0.002}","{""detection_events"":21668,""detectors_checked"":2523136}"
    202752,         0,         0,    2.94,exact_mw,70a969f5042aec17ac076c6379f4170fb7c69b8e925756ef3b7334e28a33338b,"{""distance"":5,""physical_error_rate"":0.0001}","{""detection_events"":19622,""detectors_checked"":45416448}"
     55296,         0,         0,   0.776,exact_mw,70a969f5042aec17ac076c6379f4170fb7c69b8e925756ef3b7334e28a33338b,"{""distance"":5,""physical_error_rate"":0.0001}","{""detection_events"":5389,""detectors_checked"":12386304}"
     11264,         1,         0,    3.16,exact_mw,3208f56225bbcac0e2804eb6f92d0a8b681652a702ca1ec920ccd7367f0e0899,"{""distance"":5,""physical_error_rate"":0.002}","{""detection_events"":21820,""detectors_checked"":2523136,""obs_mistake_mask=E"":1}"
      1024,         0,         0,   0.322,exact_mw,3208f56225bbcac0e2804eb6f92d0a8b681652a702ca1ec920ccd7367f0e0899,"{""distance"":5,""physical_error_rate"":0.002}","{""detection_events"":2005,""detectors_checked"":229376}"
      5120,         0,         0,   0.234,exact_mw,bb90ec3459e353008cf9a5bb9142bf1e8515517a9e167021b225104594e48e8a,"{""distance"":5,""physical_error_rate"":0.001}","{""detection_events"":4817,""detectors_checked"":1146880}"
    183296,         0,         0,    2.98,exact_mw,cdc4a450a40af8e24899239080e4c40992fb5baf91c5a31ab3a165eacb3a1ab3,"{""distance"":5,""physical_error_rate"":0.0002}","{""detection_events"":35851,""detectors_checked"":41058304}"
       256,         0,         0,   0.542,exact_mw,38b7ae1c4e8407fc325e0d9e43e9f92ff26dcb3f5cf7b98d24ea74c9e5188d39,"{""distance"":5,""physical_error_rate"":0.005}","{""detection_events"":1219,""detectors_checked"":57344}"
     12288,         0,         0,   0.301,exact_mw,cb12ae119b9b2ba18d0216e7235b403229e92fd0743ede48fe7f1a2c6f45d594,"{""distance"":5,""physical_error_rate"":0.0005}","{""detection_events"":6256,""detectors_checked"":2752512}"
        32,         0,         0,   0.361,exact_mw,7b4896c0e7f0a510554d89637fd747b157418067a95869d1f0661294d473d1dc,"{""distance"":5,""physical_error_rate"":0.02}","{""detection_events"":593,""detectors_checked"":7168}"
     50176,         0,         0,   0.759,exact_mw,cb12ae119b9b2ba18d0216e7235b403229e92fd0743ede48fe7f1a2c6f45d594,"{""distance"":5,""physical_error_rate"":0.0005}","{""detection_events"":24355,""detectors_checked"":11239424}"
      1024,         0,         0,   0.362,exact_mw,3208f56225bbcac0e2804eb6f92d0a8b681652a702ca1ec920ccd7367f0e0899,"{""distance"":5,""physical_error_rate"":0.002}","{""detection_events"":2001,""detectors_checked"":229376}"
     39936,         0,         0,   0.576,exact_mw,cdc4a450a40af8e24899239080e4c40992fb5baf91c5a31ab3a165eacb3a1ab3,"{""distance"":5,""physical_error_rate"":0.0002}","{""detection_events"":7950,""detectors_checked"":8945664}"
    286720,         0,         0,    4.24,exact_mw,f32ebecd8e105e50ec838d33c5ed9b45444b6b44a3c6ac541111079f2b14e893,"{""distance"":5,""physical_error_rate"":5e-05}","{""detection_events"":14094,""detectors_checked"":64225280}"
      8192,         1,         0,    2.29,exact_mw,3208f56225bbcac0e2804eb6f92d0a8b681652a702ca1ec920ccd7367f0e0899,"{""distance"":5,""physical_error_rate"":0.002}","{""detection_events"":16049,""detectors_checked"":1835008,""obs_mistake_mask=E"":1}"
       192,         5,         0,    2.35,exact_mw,7b4896c0e7f0a510554d89637fd747b157418067a95869d1f0661294d473d1dc,"{""distance"":5,""physical_error_rate"":0.02}","{""detection_events"":3441,""detectors_checked"":43008,""obs_mistake_mask=E"":5}"
      1024,         0,         0,   0.338,exact_mw,3208f56225bbcac0e2804eb6f92d0a8b681652a702ca1ec920ccd7367f0e0899,"{""distance"":5,""physical_error_rate"":0.002}","{""detection_events"":1895,""detectors_checked"":229376}"
     45056,         0,         0,   0.557,exact_mw,70a969f5042aec17ac076c6379f4170fb7c69b8e925756ef3b7334e28a33338b,"{""distance"":5,""physical_error_rate"":0.0001}","{""detection_events"":4447,""detectors_checked"":10092544}"
     12288,         0,         0,   0.577,exact_mw,bb90ec3459e353008cf9a5bb9142bf1e8515517a9e167021b225104594e48e8a,"{""distance"":5,""physical_error_rate"":0.001}","{""detection_events"":12116,""detectors_checked"":2752512}"
     17408,         0,         0,   0.394,exact_mw,f32ebecd8e105e50ec838d33c5ed9b45444b6b44a3c6ac541111079f2b14e893,"{""distance"":5,""physical_error_rate"":5e-05}","{""detection_events"":884,""detectors_checked"":3899392}"
     94208,         1,         0,    4.28,exact_mw,bb90ec3459e353008cf9a5bb9142bf1e8515517a9e167021b225104594e48e8a,"{""distance"":5,""physical_error_rate"":0.001}","{""detection_events"":92565,""detectors_checked"":21102592,""obs_mistake_mask=E"":1}"
        64,         0,         0,   0.721,exact_mw,72230d8c06b5a71069df48ede6f7f3e6128cd83e8239dd1b2e5fe023578b6eb1,"{""distance"":5,""physical_error_rate"":0.01}","{""detection_events"":598,""detectors_checked"":14336}"
     48128,         0,         0,   0.790,exact_mw,f32ebecd8e105e50ec838d33c5ed9b45444b6b44a3c6ac541111079f2b14e893,"{""distance"":5,""physical_error_rate"":5e-05}","{""detection_events"":2421,""detectors_checked"":10780672}"
        32,         0,         0,   0.537,exact_mw,7b4896c0e7f0a510554d89637fd747b157418067a95869d1f0661294d473d1dc,"{""distance"":5,""physical_error_rate"":0.02}","{""detection_events"":528,""detectors_checked"":7168}"
        64,         0,         0,   0.362,exact_mw,72230d8c06b5a71069df48ede6f7f3e6128cd83e8239dd1b2e5fe023578b6eb1,"{""distance"":5,""physical_error_rate"":0.01}","{""detection_events"":625,""detectors_checked"":14336}"
     35840,         0,         0,   0.542,exact_mw,f32ebecd8e105e50ec838d33c5ed9b45444b6b44a3c6ac541111079f2b14e893,"{""distance"":5,""physical_error_rate"":5e-05}","{""detection_events"":1760,""detectors_checked"":8028160}"
       256,         0,         0,   0.433,exact_mw,38b7ae1c4e8407fc325e0d9e43e9f92ff26dcb3f5cf7b98d24ea74c9e5188d39,"{""distance"":5,""physical_error_rate"":0.005}","{""detection_events"":1164,""detectors_checked"":57344}"
      1024,         0,         0,   0.255,exact_mw,3208f56225bbcac0e2804eb6f92d0a8b681652a702ca1ec920ccd7367f0e0899,"{""distance"":5,""physical_error_rate"":0.002}","{""detection_events"":2101,""detectors_checked"":229376}"
     40960,         0,         0,   0.567,exact_mw,cdc4a450a40af8e24899239080e4c40992fb5baf91c5a31ab3a165eacb3a1ab3,"{""distance"":5,""physical_error_rate"":0.0002}","{""detection_events"":8066,""detectors_checked"":9175040}"
     37888,         0,         0,   0.558,exact_mw,cdc4a450a40af8e24899239080e4c40992fb5baf91c5a31ab3a165eacb3a1ab3,"{""distance"":5,""physical_error_rate"":0.0002}","{""detection_events"":7537,""detectors_checked"":8486912}"
      5120,         0,         0,   0.302,exact_mw,bb90ec3459e353008cf9a5bb9142bf1e8515517a9e167021b225104594e48e8a,"{""distance"":5,""physical_error_rate"":0.001}","{""detection_events"":5390,""detectors_checked"":1146880}"
     25600,         0,         0,   0.384,exact_mw,70a969f5042aec17ac076c6379f4170fb7c69b8e925756ef3b7334e28a33338b,"{""distance"":5,""physical_error_rate"":0.0001}","{""detection_events"":2376,""detectors_checked"":5734400}"
     31744,         0,         0,   0.404,exact_mw,70a969f5042aec17ac076c6379f4170fb7c69b8e925756ef3b7334e28a33338b,"{""distance"":5,""physical_error_rate"":0.0001}","{""detection_events"":3099,""detectors_checked"":7110656}"
     82944,         0,         0,    4.24,exact_mw,bb90ec3459e353008cf9a5bb9142bf1e8515517a9e167021b225104594e48e8a,"{""distance"":5,""physical_error_rate"":0.001}","{""detection_events"":81225,""detectors_checked"":18579456}"
       256,         0,         0,   0.763,exact_mw,38b7ae1c4e8407fc325e0d9e43e9f92ff26dcb3f5cf7b98d24ea74c9e5188d39,"{""distance"":5,""physical_error_rate"":0.005}","{""detection_events"":1172,""detectors_checked"":57344}"
     19456,         0,         0,   0.819,exact_mw,bb90ec3459e353008cf9a5bb9142bf1e8515517a9e167021b225104594e48e8a,"{""distance"":5,""physical_error_rate"":0.001}","{""detection_events"":19221,""detectors_checked"":4358144}"
     56320,         0,         0,   0.767,exact_mw,f32ebecd8e105e50ec838d33c5ed9b45444b6b44a3c6ac541111079f2b14e893,"{""distance"":5,""physical_error_rate"":5e-05}","{""detection_events"":2782,""detectors_checked"":12615680}"
      1024,         0,         0,   0.179,exact_mw,3208f56225bbcac0e2804eb6f92d0a8b681652a702ca1ec920ccd7367f0e0899,"{""distance"":5,""physical_error_rate"":0.002}","{""detection_events"":2079,""detectors_checked"":229376}"
        32,         0,         0,   0.405,exact_mw,7b4896c0e7f0a510554d89637fd747b157418067a95869d1f0661294d473d1dc,"{""distance"":5,""physical_error_rate"":0.02}","{""detection_events"":535,""detectors_checked"":7168}"
     22528,         0,         0,   0.403,exact_mw,cb12ae119b9b2ba18d0216e7235b403229e92fd0743ede48fe7f1a2c6f45d594,"{""distance"":5,""physical_error_rate"":0.0005}","{""detection_events"":11191,""detectors_checked"":5046272}"
      1024,         0,         0,   0.401,exact_mw,3208f56225bbcac0e2804eb6f92d0a8b681652a702ca1ec920ccd7367f0e0899,"{""distance"":5,""physical_error_rate"":0.002}","{""detection_events"":1927,""detectors_checked"":229376}"
       192,        10,         0,    2.78,exact_mw,7b4896c0e7f0a510554d89637fd747b157418067a95869d1f0661294d473d1dc,"{""distance"":5,""physical_error_rate"":0.02}","{""detection_events"":3257,""detectors_checked"":43008,""obs_mistake_mask=E"":10}"
       768,         2,         0,    1.94,exact_mw,38b7ae1c4e8407fc325e0d9e43e9f92ff26dcb3f5cf7b98d24ea74c9e5188d39,"{""distance"":5,""physical_error_rate"":0.005}","{""detection_events"":3832,""detectors_checked"":172032,""obs_mistake_mask=E"":2}"
      1024,         0,         0,   0.300,exact_mw,3208f56225bbcac0e2804eb6f92d0a8b681652a702ca1ec920ccd7367f0e0899,"{""distance"":5,""physical_error_rate"":0.002}","{""detection_events"":2030,""detectors_checked"":229376}"
     25600,         0,         0,   0.566,exact_mw,cb12ae119b9b2ba18d0216e7235b403229e92fd0743ede48fe7f1a2c6f45d594,"{""distance"":5,""physical_error_rate"":0.0005}","{""detection_events"":12293,""detectors_checked"":5734400}"
    262144,         0,         0,    4.16,exact_mw,70a969f5042aec17ac076c6379f4170fb7c69b8e925756ef3b7334e28a33338b,"{""distance"":5,""physical_error_rate"":0.0001}","{""detection_events"":25633,""detectors_checked"":58720256}"
       128,         6,         0,    2.32,exact_mw,7b4896c0e7f0a510554d89637fd747b157418067a95869d1f0661294d473d1dc,"{""distance"":5,""physical_error_rate"":0.02}","{""detection_events"":2272,""detectors_checked"":28672,""obs_mistake_mask=E"":6}"
        64,         0,         0,   0.320,exact_mw,72230d8c06b5a71069df48ede6f7f3e6128cd83e8239dd1b2e5fe023578b6eb1,"{""distance"":5,""physical_error_rate"":0.01}","{""detection_events"":598,""detectors_checked"":14336}"
       128,         0,         0,   0.909,exact_mw,72230d8c06b5a71069df48ede6f7f3e6128cd83e8239dd1b2e5fe023578b6eb1,"{""distance"":5,""physical_error_rate"":0.01}","{""detection_events"":1278,""detectors_checked"":28672}"
       128,         2,         0,    1.68,exact_mw,7b4896c0e7f0a510554d89637fd747b157418067a95869d1f0661294d473d1dc,"{""distance"":5,""physical_error_rate"":0.02}","{""detection_events"":2306,""detectors_checked"":28672,""obs_mistake_mask=E"":2}"
        64,         4,         0,    1.33,exact_mw,7b4896c0e7f0a510554d89637fd747b157418067a95869d1f0661294d473d1dc,"{""distance"":5,""physical_error_rate"":0.02}","{""detection_events"":1107,""detectors_checked"":14336,""obs_mistake_mask=E"":4}"
      1024,         0,         0,   0.187,exact_mw,3208f56225bbcac0e2804eb6f92d0a8b681652a702ca1ec920ccd7367f0e0899,"{""distance"":5,""physical_error_rate"":0.002}","{""detection_events"":1921,""detectors_checked"":229376}"
       256,         0,         0,   0.593,exact_mw,38b7ae1c4e8407fc325e0d9e43e9f92ff26dcb3f5cf7b98d24ea74c9e5188d39,"{""distance"":5,""physical_error_rate"":0.005}","{""detection_events"":1233,""detectors_checked"":57344}"
       128,         0,         0,    1.18,exact_mw,72230d8c06b5a71069df48ede6f7f3e6128cd83e8239dd1b2e5fe023578b6eb1,"{""distance"":5,""physical_error_rate"":0.01}","{""detection_events"":1194,""detectors_checked"":28672}"
       256,         3,         0,    2.30,exact_mw,72230d8c06b5a71069df48ede6f7f3e6128cd83e8239dd1b2e5fe023578b6eb1,"{""distance"":5,""physical_error_rate"":0.01}","{""detection_events"":2492,""detectors_checked"":57344,""obs_mistake_mask=E"":3}"
        32,         0,         0,   0.484,exact_mw,7b4896c0e7f0a510554d89637fd747b157418067a95869d1f0661294d473d1dc,"{""distance"":5,""physical_error_rate"":0.02}","{""detection_events"":484,""detectors_checked"":7168}"
        64,         0,         0,   0.556,exact_mw,72230d8c06b5a71069df48ede6f7f3e6128cd83e8239dd1b2e5fe023578b6eb1,"{""distance"":5,""physical_error_rate"":0.01}","{""detection_events"":602,""detectors_checked"":14336}"
     28672,         0,         0,   0.567,exact_mw,f32ebecd8e105e50ec838d33c5ed9b45444b6b44a3c6ac541111079f2b14e893,"{""distance"":5,""physical_error_rate"":5e-05}","{""detection_events"":1492,""detectors_checked"":6422528}"
       256,         0,         0,   0.532,exact_mw,38b7ae1c4e8407fc325e0d9e43e9f92ff26dcb3f5cf7b98d24ea74c9e5188d39,"{""distance"":5,""physical_error_rate"":0.005}","{""detection_events"":1304,""detectors_checked"":57344}"
      1024,         1,         0,   0.302,exact_mw,3208f56225bbcac0e2804eb6f92d0a8b681652a702ca1ec920ccd7367f0e0899,"{""distance"":5,""physical_error_rate"":0.002}","{""detection_events"":1943,""detectors_checked"":229376,""obs_mistake_mask=E"":1}"
      1536,         2,         0,    3.26,exact_mw,38b7ae1c4e8407fc325e0d9e43e9f92ff26dcb3f5cf7b98d24ea74c9e5188d39,"{""distance"":5,""physical_error_rate"":0.005}","{""detection_events"":7133,""detectors_checked"":344064,""obs_mistake_mask=E"":2}"
    263168,         0,         0,    4.15,exact_mw,cdc4a450a40af8e24899239080e4c40992fb5baf91c5a31ab3a165eacb3a1ab3,"{""distance"":5,""physical_error_rate"":0.0002}","{""detection_events"":52361,""detectors_checked"":58949632}"
      7168,         0,         0,   0.521,exact_mw,bb90ec3459e353008cf9a5bb9142bf1e8515517a9e167021b225104594e48e8a,"{""distance"":5,""physical_error_rate"":0.001}","{""detection_events"":7392,""detectors_checked"":1605632}"
       192,         3,         0,    3.27,exact_mw,7b4896c0e7f0a510554d89637fd747b157418067a95869d1f0661294d473d1dc,"{""distance"":5,""physical_error_rate"":0.02}","{""detection_events"":3329,""detectors_checked"":43008,""obs_mistake_mask=E"":3}"
      1024,         0,         0,   0.347,exact_mw,3208f56225bbcac0e2804eb6f92d0a8b681652a702ca1ec920ccd7367f0e0899,"{""distance"":5,""physical_error_rate"":0.002}","{""detection_events"":1994,""detectors_checked"":229376}"
       256,         4,         0,    2.24,exact_mw,72230d8c06b5a71069df48ede6f7f3e6128cd83e8239dd1b2e5fe023578b6eb1,"{""distance"":5,""physical_error_rate"":0.01}","{""detection_events"":2400,""detectors_checked"":57344,""obs_mistake_mask=E"":4}"
       768,         0,         0,    2.16,exact_mw,38b7ae1c4e8407fc325e0d9e43e9f92ff26dcb3f5cf7b98d24ea74c9e5188d39,"{""distance"":5,""physical_error_rate"":0.005}","{""detection_events"":3750,""detectors_checked"":172032}"
    246784,         0,         0,    4.18,exact_mw,70a969f5042aec17ac076c6379f4170fb7c69b8e925756ef3b7334e28a33338b,"{""distance"":5,""physical_error_rate"":0.0001}","{""detection_events"":23743,""detectors_checked"":55279616}"
       320,         2,         0,    1.85,exact_mw,72230d8c06b5a71069df48ede6f7f3e6128cd83e8239dd1b2e5fe023578b6eb1,"{""distance"":5,""physical_error_rate"":0.01}","{""detection_events"":2900,""detectors_checked"":71680,""obs_mistake_mask=E"":2}"
    273408,         0,         0,    4.23,exact_mw,70a969f5042aec17ac076c6379f4170fb7c69b8e925756ef3b7334e28a33338b,"{""distance"":5,""physical_error_rate"":0.0001}","{""detection_events"":27059,""detectors_checked"":61243392}"
      1024,         0,         0,   0.248,exact_mw,3208f56225bbcac0e2804eb6f92d0a8b681652a702ca1ec920ccd7367f0e0899,"{""distance"":5,""physical_error_rate"":0.002}","{""detection_events"":1991,""detectors_checked"":229376}"
     37888,         0,         0,   0.580,exact_mw,70a969f5042aec17ac076c6379f4170fb7c69b8e925756ef3b7334e28a33338b,"{""distance"":5,""physical_error_rate"":0.0001}","{""detection_events"":3608,""detectors_checked"":8486912}"
     60416,         0,         0,   0.813,exact_mw,cdc4a450a40af8e24899239080e4c40992fb5baf91c5a31ab3a165eacb3a1ab3,"{""distance"":5,""physical_error_rate"":0.0002}","{""detection_events"":11997,""detectors_checked"":13533184}"
     37888,         0,         0,   0.562,exact_mw,70a969f5042aec17ac076c6379f4170fb7c69b8e925756ef3b7334e28a33338b,"{""distance"":5,""physical_error_rate"":0.0001}","{""detection_events"":3455,""detectors_checked"":8486912}"
     10240,         0,         0,    3.05,exact_mw,3208f56225bbcac0e2804eb6f92d0a8b681652a702ca1ec920ccd7367f0e0899,"{""distance"":5,""physical_error_rate"":0.002}","{""detection_events"":20173,""detectors_checked"":2293760}"
        64,         0,         0,   0.361,exact_mw,72230d8c06b5a71069df48ede6f7f3e6128cd83e8239dd1b2e5fe023578b6eb1,"{""distance"":5,""physical_error_rate"":0.01}","{""detection_events"":595,""detectors_checked"":14336}"
        32,         3,         0,   0.478,exact_mw,7b4896c0e7f0a510554d89637fd747b157418067a95869d1f0661294d473d1dc,"{""distance"":5,""physical_error_rate"":0.02}","{""detection_events"":568,""detectors_checked"":7168,""obs_mistake_mask=E"":3}"
       192,         5,         0,    2.67,exact_mw,7b4896c0e7f0a510554d89637fd747b157418067a95869d1f0661294d473d1dc,"{""distance"":5,""physical_error_rate"":0.02}","{""detection_events"":3317,""detectors_checked"":43008,""obs_mistake_mask=E"":5}"
       512,         0,         0,    1.61,exact_mw,38b7ae1c4e8407fc325e0d9e43e9f92ff26dcb3f5cf7b98d24ea74c9e5188d39,"{""distance"":5,""physical_error_rate"":0.005}","{""detection_events"":2522,""detectors_checked"":114688}"
     63488,         0,         0,   0.792,exact_mw,70a969f5042aec17ac076c6379f4170fb7c69b8e925756ef3b7334e28a33338b,"{""distance"":5,""physical_error_rate"":0.0001}","{""detection_events"":6404,""detectors_checked"":14221312}"
     19456,         0,         0,   0.806,exact_mw,bb90ec3459e353008cf9a5bb9142bf1e8515517a9e167021b225104594e48e8a,"{""distance"":5,""physical_error_rate"":0.001}","{""detection_events"":19132,""detectors_checked"":4358144}"
       256,         0,         0,   0.661,exact_mw,38b7ae1c4e8407fc325e0d9e43e9f92ff26dcb3f5cf7b98d24ea74c9e5188d39,"{""distance"":5,""physical_error_rate"":0.005}","{""detection_events"":1224,""detectors_checked"":57344}"
     34816,         0,         0,   0.540,exact_mw,cb12ae119b9b2ba18d0216e7235b403229e92fd0743ede48fe7f1a2c6f45d594,"{""distance"":5,""physical_error_rate"":0.0005}","{""detection_events"":17087,""detectors_checked"":7798784}"
     37888,         0,         0,   0.791,exact_mw,f32ebecd8e105e50ec838d33c5ed9b45444b6b44a3c6ac541111079f2b14e893,"{""distance"":5,""physical_error_rate"":5e-05}","{""detection_events"":1933,""detectors_checked"":8486912}"
     49152,         0,         0,   0.787,exact_mw,cdc4a450a40af8e24899239080e4c40992fb5baf91c5a31ab3a165eacb3a1ab3,"{""distance"":5,""physical_error_rate"":0.0002}","{""detection_events"":9433,""detectors_checked"":11010048}"
     61440,         0,         0,   0.774,exact_mw,cdc4a450a40af8e24899239080e4c40992fb5baf91c5a31ab3a165eacb3a1ab3,"{""distance"":5,""physical_error_rate"":0.0002}","{""detection_events"":11881,""detectors_checked"":13762560}"
      1792,         2,         0,    3.11,exact_mw,38b7ae1c4e8407fc325e0d9e43e9f92ff26dcb3f5cf7b98d24ea74c9e5188d39,"{""distance"":5,""physical_error_rate"":0.005}","{""detection_events"":8272,""detectors_checked"":401408,""obs_mistake_mask=E"":2}"
     10240,         1,         0,    3.01,exact_mw,3208f56225bbcac0e2804eb6f92d0a8b681652a702ca1ec920ccd7367f0e0899,"{""distance"":5,""physical_error_rate"":0.002}","{""detection_events"":19984,""detectors_checked"":2293760,""obs_mistake_mask=E"":1}"
      1024,         0,         0,   0.211,exact_mw,3208f56225bbcac0e2804eb6f92d0a8b681652a702ca1ec920ccd7367f0e0899,"{""distance"":5,""physical_error_rate"":0.002}","{""detection_events"":1926,""detectors_checked"":229376}"
    373760,         0,         0,    4.16,exact_mw,cdc4a450a40af8e24899239080e4c40992fb5baf91c5a31ab3a165eacb3a1ab3,"{""distance"":5,""physical_error_rate"":0.0002}","{""detection_events"":73003,""detectors_checked"":83722240}"
     66560,         0,         0,    1.14,exact_mw,70a969f5042aec17ac076c6379f4170fb7c69b8e925756ef3b7334e28a33338b,"{""distance"":5,""physical_error_rate"":0.0001}","{""detection_events"":6779,""detectors_checked"":14909440}"
     54272,         0,         0,    1.10,exact_mw,cb12ae119b9b2ba18d0216e7235b403229e92fd0743ede48fe7f1a2c6f45d594,"{""distance"":5,""physical_error_rate"":0.0005}","{""detection_events"":26688,""detectors_checked"":12156928}"
      1024,         0,         0,   0.417,exact_mw,3208f56225bbcac0e2804eb6f92d0a8b681652a702ca1ec920ccd7367f0e0899,"{""distance"":5,""physical_error_rate"":0.002}","{""detection_events"":1967,""detectors_checked"":229376}"
       256,         0,         0,   0.447,exact_mw,38b7ae1c4e8407fc325e0d9e43e9f92ff26dcb3f5cf7b98d24ea74c9e5188d39,"{""distance"":5,""physical_error_rate"":0.005}","{""detection_events"":1159,""detectors_checked"":57344}"
     48128,         0,         0,    2.95,exact_mw,bb90ec3459e353008cf9a5bb9142bf1e8515517a9e167021b225104594e48e8a,"{""distance"":5,""physical_error_rate"":0.001}","{""detection_events"":47063,""detectors_checked"":10780672}"
     14336,         0,         0,    3.31,exact_mw,3208f56225bbcac0e2804eb6f92d0a8b681652a702ca1ec920ccd7367f0e0899,"{""distance"":5,""physical_error_rate"":0.002}","{""detection_events"":27881,""detectors_checked"":3211264}"
       256,         1,         0,    2.61,exact_mw,72230d8c06b5a71069df48ede6f7f3e6128cd83e8239dd1b2e5fe023578b6eb1,"{""distance"":5,""physical_error_rate"":0.01}","{""detection_events"":2419,""detectors_checked"":57344,""obs_mistake_mask=E"":1}"
       224,        11,         0,    3.33,exact_mw,7b4896c0e7f0a510554d89637fd747b157418067a95869d1f0661294d473d1dc,"{""distance"":5,""physical_error_rate"":0.02}","{""detection_events"":4097,""detectors_checked"":50176,""obs_mistake_mask=E"":11}"
        64,         1,         0,   0.343,exact_mw,72230d8c06b5a71069df48ede6f7f3e6128cd83e8239dd1b2e5fe023578b6eb1,"{""distance"":5,""physical_error_rate"":0.01}","{""detection_events"":588,""detectors_checked"":14336,""obs_mistake_mask=E"":1}"
        32,         1,         0,   0.540,exact_mw,7b4896c0e7f0a510554d89637fd747b157418067a95869d1f0661294d473d1dc,"{""distance"":5,""physical_error_rate"":0.02}","{""detection_events"":608,""detectors_checked"":7168,""obs_mistake_mask=E"":1}"
     32768,         0,         0,   0.761,exact_mw,cb12ae119b9b2ba18d0216e7235b403229e92fd0743ede48fe7f1a2c6f45d594,"{""distance"":5,""physical_error_rate"":0.0005}","{""detection_events"":15853,""detectors_checked"":7340032}"
      1024,         0,         0,   0.467,exact_mw,3208f56225bbcac0e2804eb6f92d0a8b681652a702ca1ec920ccd7367f0e0899,"{""distance"":5,""physical_error_rate"":0.002}","{""detection_events"":1984,""detectors_checked"":229376}"
    227328,         0,         0,    4.19,exact_mw,f32ebecd8e105e50ec838d33c5ed9b45444b6b44a3c6ac541111079f2b14e893,"{""distance"":5,""physical_error_rate"":5e-05}","{""detection_events"":11161,""detectors_checked"":50921472}"
       384,         3,         0,    1.54,exact_mw,72230d8c06b5a71069df48ede6f7f3e6128cd83e8239dd1b2e5fe023578b6eb1,"{""distance"":5,""physical_error_rate"":0.01}","{""detection_events"":3616,""detectors_checked"":86016,""obs_mistake_mask=E"":3}"
        64,         0,         0,   0.569,exact_mw,72230d8c06b5a71069df48ede6f7f3e6128cd83e8239dd1b2e5fe023578b6eb1,"{""distance"":5,""physical_error_rate"":0.01}","{""detection_events"":606,""detectors_checked"":14336}"
     54272,         0,         0,    1.13,exact_mw,f32ebecd8e105e50ec838d33c5ed9b45444b6b44a3c6ac541111079f2b14e893,"{""distance"":5,""physical_error_rate"":5e-05}","{""detection_events"":2628,""detectors_checked"":12156928}"
       256,         2,         0,    2.15,exact_mw,72230d8c06b5a71069df48ede6f7f3e6128cd83e8239dd1b2e5fe023578b6eb1,"{""distance"":5,""physical_error_rate"":0.01}","{""detection_events"":2301,""detectors_checked"":57344,""obs_mistake_mask=E"":2}"
        32,         1,         0,   0.447,exact_mw,7b4896c0e7f0a510554d89637fd747b157418067a95869d1f0661294d473d1dc,"{""distance"":5,""physical_error_rate"":0.02}","{""detection_events"":581,""detectors_checked"":7168,""obs_mistake_mask=E"":1}"
      9216,         0,         0,   0.608,exact_mw,bb90ec3459e353008cf9a5bb9142bf1e8515517a9e167021b225104594e48e8a,"{""distance"":5,""physical_error_rate"":0.001}","{""detection_events"":9077,""detectors_checked"":2064384}"
       256,         0,         0,   0.857,exact_mw,38b7ae1c4e8407fc325e0d9e43e9f92ff26dcb3f5cf7b98d24ea74c9e5188d39,"{""distance"":5,""physical_error_rate"":0.005}","{""detection_events"":1238,""detectors_checked"":57344}"
     25600,         0,         0,    1.12,exact_mw,bb90ec3459e353008cf9a5bb9142bf1e8515517a9e167021b225104594e48e8a,"{""distance"":5,""physical_error_rate"":0.001}","{""detection_events"":24765,""detectors_checked"":5734400}"
    245760,         0,         0,    4.21,exact_mw,f32ebecd8e105e50ec838d33c5ed9b45444b6b44a3c6ac541111079f2b14e893,"{""distance"":5,""physical_error_rate"":5e-05}","{""detection_events"":12221,""detectors_checked"":55050240}"
     82944,         0,         0,    1.09,exact_mw,f32ebecd8e105e50ec838d33c5ed9b45444b6b44a3c6ac541111079f2b14e893,"{""distance"":5,""physical_error_rate"":5e-05}","{""detection_events"":4094,""detectors_checked"":18579456}"
      1024,         0,         0,   0.370,exact_mw,3208f56225bbcac0e2804eb6f92d0a8b681652a702ca1ec920ccd7367f0e0899,"{""distance"":5,""physical_error_rate"":0.002}","{""detection_events"":1991,""detectors_checked"":229376}"
        64,         0,         0,   0.311,exact_mw,72230d8c06b5a71069df48ede6f7f3e6128cd83e8239dd1b2e5fe023578b6eb1,"{""distance"":5,""physical_error_rate"":0.01}","{""detection_events"":550,""detectors_checked"":14336}"
     45056,         0,         0,   0.768,exact_mw,f32ebecd8e105e50ec838d33c5ed9b45444b6b44a3c6ac541111079f2b14e893,"{""distance"":5,""physical_error_rate"":5e-05}","{""detection_events"":2340,""detectors_checked"":10092544}"
      1024,         2,         0,    2.70,exact_mw,38b7ae1c4e8407fc325e0d9e43e9f92ff26dcb3f5cf7b98d24ea74c9e5188d39,"{""distance"":5,""physical_error_rate"":0.005}","{""detection_events"":4871,""detectors_checked"":229376,""obs_mistake_mask=E"":2}"
       256,         0,         0,   0.596,exact_mw,38b7ae1c4e8407fc325e0d9e43e9f92ff26dcb3f5cf7b98d24ea74c9e5188d39,"{""distance"":5,""physical_error_rate"":0.005}","{""detection_events"":1242,""detectors_checked"":57344}"
       128,         0,         0,    1.05,exact_mw,72230d8c06b5a71069df48ede6f7f3e6128cd83e8239dd1b2e5fe023578b6eb1,"{""distance"":5,""physical_error_rate"":0.01}","{""detection_events"":1268,""detectors_checked"":28672}"
      2048,         0,         0,   0.514,exact_mw,3208f56225bbcac0e2804eb6f92d0a8b681652a702ca1ec920ccd7367f0e0899,"{""distance"":5,""physical_error_rate"":0.002}","{""detection_events"":4067,""detectors_checked"":458752}"
     52224,         0,         0,    3.08,exact_mw,bb90ec3459e353008cf9a5bb9142bf1e8515517a9e167021b225104594e48e8a,"{""distance"":5,""physical_error_rate"":0.001}","{""detection_events"":51214,""detectors_checked"":11698176}"
     11264,         1,         0,    3.02,exact_mw,3208f56225bbcac0e2804eb6f92d0a8b681652a702ca1ec920ccd7367f0e0899,"{""distance"":5,""physical_error_rate"":0.002}","{""detection_events"":22121,""detectors_checked"":2523136,""obs_mistake_mask=E"":1}"
        64,         0,         0,   0.335,exact_mw,72230d8c06b5a71069df48ede6f7f3e6128cd83e8239dd1b2e5fe023578b6eb1,"{""distance"":5,""physical_error_rate"":0.01}","{""detection_events"":594,""detectors_checked"":14336}"
     51200,         0,         0,   0.799,exact_mw,70a969f5042aec17ac076c6379f4170fb7c69b8e925756ef3b7334e28a33338b,"{""distance"":5,""physical_error_rate"":0.0001}","{""detection_events"":5106,""detectors_checked"":11468800}"
     43008,         0,         0,   0.806,exact_mw,70a969f5042aec17ac076c6379f4170fb7c69b8e925756ef3b7334e28a33338b,"{""distance"":5,""physical_error_rate"":0.0001}","{""detection_events"":4276,""detectors_checked"":9633792}"
        64,         2,         0,    1.12,exact_mw,7b4896c0e7f0a510554d89637fd747b157418067a95869d1f0661294d473d1dc,"{""distance"":5,""physical_error_rate"":0.02}","{""detection_events"":1084,""detectors_checked"":14336,""obs_mistake_mask=E"":2}"
       384,         2,         0,    2.80,exact_mw,72230d8c06b5a71069df48ede6f7f3e6128cd83e8239dd1b2e5fe023578b6eb1,"{""distance"":5,""physical_error_rate"":0.01}","{""detection_events"":3687,""detectors_checked"":86016,""obs_mistake_mask=E"":2}"
       256,         0,         0,   0.521,exact_mw,38b7ae1c4e8407fc325e0d9e43e9f92ff26dcb3f5cf7b98d24ea74c9e5188d39,"{""distance"":5,""physical_error_rate"":0.005}","{""detection_events"":1263,""detectors_checked"":57344}"
    216064,         0,         0,    4.22,exact_mw,70a969f5042aec17ac076c6379f4170fb7c69b8e925756ef3b7334e28a33338b,"{""distance"":5,""physical_error_rate"":0.0001}","{""detection_events"":21472,""detectors_checked"":48398336}"
     56320,         0,         0,    3.03,exact_mw,bb90ec3459e353008cf9a5bb9142bf1e8515517a9e167021b225104594e48e8a,"{""distance"":5,""physical_error_rate"":0.001}","{""detection_events"":55294,""detectors_checked"":12615680}"
    211968,         0,         0,    4.18,exact_mw,cb12ae119b9b2ba18d0216e7235b403229e92fd0743ede48fe7f1a2c6f45d594,"{""distance"":5,""physical_error_rate"":0.0005}","{""detection_events"":103393,""detectors_checked"":47480832}"
    243712,         0,         0,    4.28,exact_mw,cdc4a450a40af8e24899239080e4c40992fb5baf91c5a31ab3a165eacb3a1ab3,"{""distance"":5,""physical_error_rate"":0.0002}","{""detection_events"":47472,""detectors_checked"":54591488}"
       256,         3,         0,    1.95,exact_mw,72230d8c06b5a71069df48ede6f7f3e6128cd83e8239dd1b2e5fe023578b6eb1,"{""distance"":5,""physical_error_rate"":0.01}","{""detection_events"":2444,""detectors_checked"":57344,""obs_mistake_mask=E"":3}"
    250880,         0,         0,    4.21,exact_mw,cdc4a450a40af8e24899239080e4c40992fb5baf91c5a31ab3a165eacb3a1ab3,"{""distance"":5,""physical_error_rate"":0.0002}","{""detection_events"":49803,""detectors_checked"":56197120}"
    191488,         0,         0,    2.97,exact_mw,f32ebecd8e105e50ec838d33c5ed9b45444b6b44a3c6ac541111079f2b14e893,"{""distance"":5,""physical_error_rate"":5e-05}","{""detection_events"":9738,""detectors_checked"":42893312}"
     43008,         0,         0,   0.808,exact_mw,cb12ae119b9b2ba18d0216e7235b403229e92fd0743ede48fe7f1a2c6f45d594,"{""distance"":5,""physical_error_rate"":0.0005}","{""detection_events"":20860,""detectors_checked"":9633792}"
      1024,         1,         0,    2.50,exact_mw,38b7ae1c4e8407fc325e0d9e43e9f92ff26dcb3f5cf7b98d24ea74c9e5188d39,"{""distance"":5,""physical_error_rate"":0.005}","{""detection_events"":4734,""detectors_checked"":229376,""obs_mistake_mask=E"":1}"
        32,         0,         0,   0.472,exact_mw,7b4896c0e7f0a510554d89637fd747b157418067a95869d1f0661294d473d1dc,"{""distance"":5,""physical_error_rate"":0.02}","{""detection_events"":559,""detectors_checked"":7168}"
      1024,         0,         0,   0.292,exact_mw,3208f56225bbcac0e2804eb6f92d0a8b681652a702ca1ec920ccd7367f0e0899,"{""distance"":5,""physical_error_rate"":0.002}","{""detection_events"":1848,""detectors_checked"":229376}"
        32,         2,         0,   0.600,exact_mw,7b4896c0e7f0a510554d89637fd747b157418067a95869d1f0661294d473d1dc,"{""distance"":5,""physical_error_rate"":0.02}","{""detection_events"":565,""detectors_checked"":7168,""obs_mistake_mask=E"":2}"
      1536,         0,         0,    3.31,exact_mw,38b7ae1c4e8407fc325e0d9e43e9f92ff26dcb3f5cf7b98d24ea74c9e5188d39,"{""distance"":5,""physical_error_rate"":0.005}","{""detection_events"":7420,""detectors_checked"":344064}"
    307200,         0,         0,    4.22,exact_mw,f32ebecd8e105e50ec838d33c5ed9b45444b6b44a3c6ac541111079f2b14e893,"{""distance"":5,""physical_error_rate"":5e-05}","{""detection_events"":15234,""detectors_checked"":68812800}"
    223232,         0,         0,    4.15,exact_mw,cb12ae119b9b2ba18d0216e7235b403229e92fd0743ede48fe7f1a2c6f45d594,"{""distance"":5,""physical_error_rate"":0.0005}","{""detection_events"":109579,""detectors_checked"":50003968}"
       192,         3,         0,    3.08,exact_mw,7b4896c0e7f0a510554d89637fd747b157418067a95869d1f0661294d473d1dc,"{""distance"":5,""physical_error_rate"":0.02}","{""detection_events"":3484,""detectors_checked"":43008,""obs_mistake_mask=E"":3}"
     61440,         0,         0,    1.08,exact_mw,cdc4a450a40af8e24899239080e4c40992fb5baf91c5a31ab3a165eacb3a1ab3,"{""distance"":5,""physical_error_rate"":0.0002}","{""detection_events"":12488,""detectors_checked"":13762560}"
       256,         0,         0,   0.576,exact_mw,38b7ae1c4e8407fc325e0d9e43e9f92ff26dcb3f5cf7b98d24ea74c9e5188d39,"{""distance"":5,""physical_error_rate"":0.005}","{""detection_events"":1286,""detectors_checked"":57344}"
        64,         0,         0,   0.513,exact_mw,72230d8c06b5a71069df48ede6f7f3e6128cd83e8239dd1b2e5fe023578b6eb1,"{""distance"":5,""physical_error_rate"":0.01}","{""detection_events"":655,""detectors_checked"":14336}"
       384,        18,         0,    4.63,exact_mw,7b4896c0e7f0a510554d89637fd747b157418067a95869d1f0661294d473d1dc,"{""distance"":5,""physical_error_rate"":0.02}","{""detection_events"":6769,""detectors_checked"":86016,""obs_mistake_mask=E"":18}"
      2048,         0,         0,   0.793,exact_mw,3208f56225bbcac0e2804eb6f92d0a8b681652a702ca1ec920ccd7367f0e0899,"{""distance"":5,""physical_error_rate"":0.002}","{""detection_events"":4094,""detectors_checked"":458752}"
     91136,         0,         0,    1.12,exact_mw,70a969f5042aec17ac076c6379f4170fb7c69b8e925756ef3b7334e28a33338b,"{""distance"":5,""physical_error_rate"":0.0001}","{""detection_events"":8924,""detectors_checked"":20414464}"
      2048,         0,         0,   0.473,exact_mw,3208f56225bbcac0e2804eb6f92d0a8b681652a702ca1ec920ccd7367f0e0899,"{""distance"":5,""physical_error_rate"":0.002}","{""detection_events"":3692,""detectors_checked"":458752}"
    311296,         0,         0,    4.23,exact_mw,f32ebecd8e105e50ec838d33c5ed9b45444b6b44a3c6ac541111079f2b14e893,"{""distance"":5,""physical_error_rate"":5e-05}","{""detection_events"":15221,""detectors_checked"":69730304}"
    206848,         0,         0,    4.21,exact_mw,cb12ae119b9b2ba18d0216e7235b403229e92fd0743ede48fe7f1a2c6f45d594,"{""distance"":5,""physical_error_rate"":0.0005}","{""detection_events"":102505,""detectors_checked"":46333952}"
     25600,         0,         0,    1.14,exact_mw,bb90ec3459e353008cf9a5bb9142bf1e8515517a9e167021b225104594e48e8a,"{""distance"":5,""physical_error_rate"":0.001}","{""detection_events"":25399,""detectors_checked"":5734400}"
      1024,         0,         0,   0.301,exact_mw,3208f56225bbcac0e2804eb6f92d0a8b681652a702ca1ec920ccd7367f0e0899,"{""distance"":5,""physical_error_rate"":0.002}","{""detection_events"":1942,""detectors_checked"":229376}"
     61440,         0,         0,    1.11,exact_mw,f32ebecd8e105e50ec838d33c5ed9b45444b6b44a3c6ac541111079f2b14e893,"{""distance"":5,""physical_error_rate"":5e-05}","{""detection_events"":3106,""detectors_checked"":13762560}"
     70656,         0,         0,    1.12,exact_mw,cdc4a450a40af8e24899239080e4c40992fb5baf91c5a31ab3a165eacb3a1ab3,"{""distance"":5,""physical_error_rate"":0.0002}","{""detection_events"":13948,""detectors_checked"":15826944}"
     80896,         0,         0,    1.11,exact_mw,cdc4a450a40af8e24899239080e4c40992fb5baf91c5a31ab3a165eacb3a1ab3,"{""distance"":5,""physical_error_rate"":0.0002}","{""detection_events"":16223,""detectors_checked"":18120704}"
       256,         1,         0,   0.545,exact_mw,38b7ae1c4e8407fc325e0d9e43e9f92ff26dcb3f5cf7b98d24ea74c9e5188d39,"{""distance"":5,""physical_error_rate"":0.005}","{""detection_events"":1118,""detectors_checked"":57344,""obs_mistake_mask=E"":1}"
       256,         0,         0,   0.435,exact_mw,38b7ae1c4e8407fc325e0d9e43e9f92ff26dcb3f5cf7b98d24ea74c9e5188d39,"{""distance"":5,""physical_error_rate"":0.005}","{""detection_events"":1226,""detectors_checked"":57344}"
        64,         0,         0,   0.573,exact_mw,72230d8c06b5a71069df48ede6f7f3e6128cd83e8239dd1b2e5fe023578b6eb1,"{""distance"":5,""physical_error_rate"":0.01}","{""detection_events"":606,""detectors_checked"":14336}"
     11264,         0,         0,   0.796,exact_mw,bb90ec3459e353008cf9a5bb9142bf1e8515517a9e167021b225104594e48e8a,"{""distance"":5,""physical_error_rate"":0.001}","{""detection_events"":11104,""detectors_checked"":2523136}"
     64512,         0,         0,    4.28,exact_mw,bb90ec3459e353008cf9a5bb9142bf1e8515517a9e167021b225104594e48e8a,"{""distance"":5,""physical_error_rate"":0.001}","{""detection_events"":62982,""detectors_checked"":14450688}"
       192,         2,         0,    1.61,exact_mw,72230d8c06b5a71069df48ede6f7f3e6128cd83e8239dd1b2e5fe023578b6eb1,"{""distance"":5,""physical_error_rate"":0.01}","{""detection_events"":1704,""detectors_checked"":43008,""obs_mistake_mask=E"":2}"
        32,         1,         0,   0.523,exact_mw,7b4896c0e7f0a510554d89637fd747b157418067a95869d1f0661294d473d1dc,"{""distance"":5,""physical_error_rate"":0.02}","{""detection_events"":592,""detectors_checked"":7168,""obs_mistake_mask=E"":1}"
    197632,         0,         0,    4.19,exact_mw,cb12ae119b9b2ba18d0216e7235b403229e92fd0743ede48fe7f1a2c6f45d594,"{""distance"":5,""physical_error_rate"":0.0005}","{""detection_events"":99393,""detectors_checked"":44269568}"
     46080,         0,         0,    1.11,exact_mw,cb12ae119b9b2ba18d0216e7235b403229e92fd0743ede48fe7f1a2c6f45d594,"{""distance"":5,""physical_error_rate"":0.0005}","{""detection_events"":22252,""detectors_checked"":10321920}"
    240640,         0,         0,    4.18,exact_mw,70a969f5042aec17ac076c6379f4170fb7c69b8e925756ef3b7334e28a33338b,"{""distance"":5,""physical_error_rate"":0.0001}","{""detection_events"":23520,""detectors_checked"":53903360}"
    244736,         0,         0,    4.20,exact_mw,f32ebecd8e105e50ec838d33c5ed9b45444b6b44a3c6ac541111079f2b14e893,"{""distance"":5,""physical_error_rate"":5e-05}","{""detection_events"":12035,""detectors_checked"":54820864}"
        64,         0,         0,   0.389,exact_mw,72230d8c06b5a71069df48ede6f7f3e6128cd83e8239dd1b2e5fe023578b6eb1,"{""distance"":5,""physical_error_rate"":0.01}","{""detection_events"":542,""detectors_checked"":14336}"
    174080,         0,         0,    4.22,exact_mw,cb12ae119b9b2ba18d0216e7235b403229e92fd0743ede48fe7f1a2c6f45d594,"{""distance"":5,""physical_error_rate"":0.0005}","{""detection_events"":85366,""detectors_checked"":38993920}"
        32,         2,         0,   0.631,exact_mw,7b4896c0e7f0a510554d89637fd747b157418067a95869d1f0661294d473d1dc,"{""distance"":5,""physical_error_rate"":0.02}","{""detection_events"":605,""detectors_checked"":7168,""obs_mistake_mask=E"":2}"
      1536,         1,         0,    3.57,exact_mw,38b7ae1c4e8407fc325e0d9e43e9f92ff26dcb3f5cf7b98d24ea74c9e5188d39,"{""distance"":5,""physical_error_rate"":0.005}","{""detection_events"":7527,""detectors_checked"":344064,""obs_mistake_mask=E"":1}"
     11264,         1,         0,    3.39,exact_mw,3208f56225bbcac0e2804eb6f92d0a8b681652a702ca1ec920ccd7367f0e0899,"{""distance"":5,""physical_error_rate"":0.002}","{""detection_events"":21867,""detectors_checked"":2523136,""obs_mistake_mask=E"":1}"
       128,         0,         0,   0.985,exact_mw,72230d8c06b5a71069df48ede6f7f3e6128cd83e8239dd1b2e5fe023578b6eb1,"{""distance"":5,""physical_error_rate"":0.01}","{""detection_events"":1227,""detectors_checked"":28672}"
    118784,         0,         0,    1.11,exact_mw,f32ebecd8e105e50ec838d33c5ed9b45444b6b44a3c6ac541111079f2b14e893,"{""distance"":5,""physical_error_rate"":5e-05}","{""detection_events"":5775,""detectors_checked"":26607616}"
       384,         3,         0,    1.98,exact_mw,72230d8c06b5a71069df48ede6f7f3e6128cd83e8239dd1b2e5fe023578b6eb1,"{""distance"":5,""physical_error_rate"":0.01}","{""detection_events"":3863,""detectors_checked"":86016,""obs_mistake_mask=E"":3}"
    102400,         0,         0,    1.53,exact_mw,70a969f5042aec17ac076c6379f4170fb7c69b8e925756ef3b7334e28a33338b,"{""distance"":5,""physical_error_rate"":0.0001}","{""detection_events"":10239,""detectors_checked"":22937600}"
       256,         0,         0,   0.515,exact_mw,38b7ae1c4e8407fc325e0d9e43e9f92ff26dcb3f5cf7b98d24ea74c9e5188d39,"{""distance"":5,""physical_error_rate"":0.005}","{""detection_events"":1329,""detectors_checked"":57344}"
     67584,         0,         0,    1.57,exact_mw,cb12ae119b9b2ba18d0216e7235b403229e92fd0743ede48fe7f1a2c6f45d594,"{""distance"":5,""physical_error_rate"":0.0005}","{""detection_events"":33473,""detectors_checked"":15138816}"
      1024,         2,         0,    3.12,exact_mw,38b7ae1c4e8407fc325e0d9e43e9f92ff26dcb3f5cf7b98d24ea74c9e5188d39,"{""distance"":5,""physical_error_rate"":0.005}","{""detection_events"":5067,""detectors_checked"":229376,""obs_mistake_mask=E"":2}"
       256,         0,         0,   0.676,exact_mw,38b7ae1c4e8407fc325e0d9e43e9f92ff26dcb3f5cf7b98d24ea74c9e5188d39,"{""distance"":5,""physical_error_rate"":0.005}","{""detection_events"":1278,""detectors_checked"":57344}"
      2048,         0,         0,   0.681,exact_mw,3208f56225bbcac0e2804eb6f92d0a8b681652a702ca1ec920ccd7367f0e0899,"{""distance"":5,""physical_error_rate"":0.002}","{""detection_events"":3983,""detectors_checked"":458752}"
        64,         0,         0,   0.531,exact_mw,72230d8c06b5a71069df48ede6f7f3e6128cd83e8239dd1b2e5fe023578b6eb1,"{""distance"":5,""physical_error_rate"":0.01}","{""detection_events"":583,""detectors_checked"":14336}"
      2048,         0,         0,   0.648,exact_mw,3208f56225bbcac0e2804eb6f92d0a8b681652a702ca1ec920ccd7367f0e0899,"{""distance"":5,""physical_error_rate"":0.002}","{""detection_events"":3982,""detectors_checked"":458752}"
       768,         1,         0,    2.34,exact_mw,38b7ae1c4e8407fc325e0d9e43e9f92ff26dcb3f5cf7b98d24ea74c9e5188d39,"{""distance"":5,""physical_error_rate"":0.005}","{""detection_events"":3721,""detectors_checked"":172032,""obs_mistake_mask=E"":1}"
      2048,         0,         0,   0.705,exact_mw,3208f56225bbcac0e2804eb6f92d0a8b681652a702ca1ec920ccd7367f0e0899,"{""distance"":5,""physical_error_rate"":0.002}","{""detection_events"":4173,""detectors_checked"":458752}"
     75776,         0,         0,    1.10,exact_mw,70a969f5042aec17ac076c6379f4170fb7c69b8e925756ef3b7334e28a33338b,"{""distance"":5,""physical_error_rate"":0.0001}","{""detection_events"":7440,""detectors_checked"":16973824}"
     68608,         0,         0,    1.09,exact_mw,70a969f5042aec17ac076c6379f4170fb7c69b8e925756ef3b7334e28a33338b,"{""distance"":5,""physical_error_rate"":0.0001}","{""detection_events"":6780,""detectors_checked"":15368192}"
     70656,         1,         0,    4.22,exact_mw,bb90ec3459e353008cf9a5bb9142bf1e8515517a9e167021b225104594e48e8a,"{""distance"":5,""physical_error_rate"":0.001}","{""detection_events"":69910,""detectors_checked"":15826944,""obs_mistake_mask=E"":1}"
    388096,         0,         0,    4.18,exact_mw,f32ebecd8e105e50ec838d33c5ed9b45444b6b44a3c6ac541111079f2b14e893,"{""distance"":5,""physical_error_rate"":5e-05}","{""detection_events"":19232,""detectors_checked"":86933504}"
     77824,         0,         0,    1.56,exact_mw,f32ebecd8e105e50ec838d33c5ed9b45444b6b44a3c6ac541111079f2b14e893,"{""distance"":5,""physical_error_rate"":5e-05}","{""detection_events"":3878,""detectors_checked"":17432576}"
     81920,         1,         0,    4.26,exact_mw,bb90ec3459e353008cf9a5bb9142bf1e8515517a9e167021b225104594e48e8a,"{""distance"":5,""physical_error_rate"":0.001}","{""detection_events"":80543,""detectors_checked"":18350080,""obs_mistake_mask=E"":1}"
        64,         0,         0,   0.462,exact_mw,72230d8c06b5a71069df48ede6f7f3e6128cd83e8239dd1b2e5fe023578b6eb1,"{""distance"":5,""physical_error_rate"":0.01}","{""detection_events"":586,""detectors_checked"":14336}"
        32,         1,         0,   0.456,exact_mw,7b4896c0e7f0a510554d89637fd747b157418067a95869d1f0661294d473d1dc,"{""distance"":5,""physical_error_rate"":0.02}","{""detection_events"":574,""detectors_checked"":7168,""obs_mistake_mask=E"":1}"
     56320,         0,         0,    1.11,exact_mw,cb12ae119b9b2ba18d0216e7235b403229e92fd0743ede48fe7f1a2c6f45d594,"{""distance"":5,""physical_error_rate"":0.0005}","{""detection_events"":27798,""detectors_checked"":12615680}"
     15360,         0,         0,    4.47,exact_mw,3208f56225bbcac0e2804eb6f92d0a8b681652a702ca1ec920ccd7367f0e0899,"{""distance"":5,""physical_error_rate"":0.002}","{""detection_events"":29941,""detectors_checked"":3440640}"
    254976,         0,         0,    4.22,exact_mw,cdc4a450a40af8e24899239080e4c40992fb5baf91c5a31ab3a165eacb3a1ab3,"{""distance"":5,""physical_error_rate"":0.0002}","{""detection_events"":50492,""detectors_checked"":57114624}"
       256,         0,         0,   0.791,exact_mw,38b7ae1c4e8407fc325e0d9e43e9f92ff26dcb3f5cf7b98d24ea74c9e5188d39,"{""distance"":5,""physical_error_rate"":0.005}","{""detection_events"":1186,""detectors_checked"":57344}"
    317440,         0,         0,    4.19,exact_mw,cdc4a450a40af8e24899239080e4c40992fb5baf91c5a31ab3a165eacb3a1ab3,"{""distance"":5,""physical_error_rate"":0.0002}","{""detection_events"":62271,""detectors_checked"":71106560}"
        32,         0,         0,   0.646,exact_mw,7b4896c0e7f0a510554d89637fd747b157418067a95869d1f0661294d473d1dc,"{""distance"":5,""physical_error_rate"":0.02}","{""detection_events"":503,""detectors_checked"":7168}"
    244736,         0,         0,    4.18,exact_mw,cdc4a450a40af8e24899239080e4c40992fb5baf91c5a31ab3a165eacb3a1ab3,"{""distance"":5,""physical_error_rate"":0.0002}","{""detection_events"":47734,""detectors_checked"":54820864}"
     90112,         0,         0,    4.26,exact_mw,bb90ec3459e353008cf9a5bb9142bf1e8515517a9e167021b225104594e48e8a,"{""distance"":5,""physical_error_rate"":0.001}","{""detection_events"":87842,""detectors_checked"":20185088}"
     34816,         0,         0,    1.55,exact_mw,bb90ec3459e353008cf9a5bb9142bf1e8515517a9e167021b225104594e48e8a,"{""distance"":5,""physical_error_rate"":0.001}","{""detection_events"":34466,""detectors_checked"":7798784}"
    114688,         0,         0,    1.51,exact_mw,f32ebecd8e105e50ec838d33c5ed9b45444b6b44a3c6ac541111079f2b14e893,"{""distance"":5,""physical_error_rate"":5e-05}","{""detection_events"":5858,""detectors_checked"":25690112}"
    241664,         0,         0,    4.18,exact_mw,70a969f5042aec17ac076c6379f4170fb7c69b8e925756ef3b7334e28a33338b,"{""distance"":5,""physical_error_rate"":0.0001}","{""detection_events"":23779,""detectors_checked"":54132736}"
        64,         0,         0,   0.400,exact_mw,72230d8c06b5a71069df48ede6f7f3e6128cd83e8239dd1b2e5fe023578b6eb1,"{""distance"":5,""physical_error_rate"":0.01}","{""detection_events"":551,""detectors_checked"":14336}"
       512,         5,         0,    3.40,exact_mw,72230d8c06b5a71069df48ede6f7f3e6128cd83e8239dd1b2e5fe023578b6eb1,"{""distance"":5,""physical_error_rate"":0.01}","{""detection_events"":4973,""detectors_checked"":114688,""obs_mistake_mask=E"":5}"
     59392,         0,         0,    4.20,exact_mw,bb90ec3459e353008cf9a5bb9142bf1e8515517a9e167021b225104594e48e8a,"{""distance"":5,""physical_error_rate"":0.001}","{""detection_events"":58509,""detectors_checked"":13303808}"
    312320,         0,         0,    4.16,exact_mw,70a969f5042aec17ac076c6379f4170fb7c69b8e925756ef3b7334e28a33338b,"{""distance"":5,""physical_error_rate"":0.0001}","{""detection_events"":31002,""detectors_checked"":69959680}"
      9216,         1,         0,    3.20,exact_mw,3208f56225bbcac0e2804eb6f92d0a8b681652a702ca1ec920ccd7367f0e0899,"{""distance"":5,""physical_error_rate"":0.002}","{""detection_events"":17941,""detectors_checked"":2064384,""obs_mistake_mask=E"":1}"
       384,         1,         0,    2.04,exact_mw,72230d8c06b5a71069df48ede6f7f3e6128cd83e8239dd1b2e5fe023578b6eb1,"{""distance"":5,""physical_error_rate"":0.01}","{""detection_events"":3637,""detectors_checked"":86016,""obs_mistake_mask=E"":1}"
     22528,         0,         0,    1.12,exact_mw,bb90ec3459e353008cf9a5bb9142bf1e8515517a9e167021b225104594e48e8a,"{""distance"":5,""physical_error_rate"":0.001}","{""detection_events"":21679,""detectors_checked"":5046272}"
    192512,         0,         0,    4.23,exact_mw,cb12ae119b9b2ba18d0216e7235b403229e92fd0743ede48fe7f1a2c6f45d594,"{""distance"":5,""physical_error_rate"":0.0005}","{""detection_events"":94457,""detectors_checked"":43122688}"
      1024,         1,         0,    2.54,exact_mw,38b7ae1c4e8407fc325e0d9e43e9f92ff26dcb3f5cf7b98d24ea74c9e5188d39,"{""distance"":5,""physical_error_rate"":0.005}","{""detection_events"":4996,""detectors_checked"":229376,""obs_mistake_mask=E"":1}"
       256,         1,         0,   0.664,exact_mw,38b7ae1c4e8407fc325e0d9e43e9f92ff26dcb3f5cf7b98d24ea74c9e5188d39,"{""distance"":5,""physical_error_rate"":0.005}","{""detection_events"":1221,""detectors_checked"":57344,""obs_mistake_mask=E"":1}"
      2048,         0,         0,   0.701,exact_mw,3208f56225bbcac0e2804eb6f92d0a8b681652a702ca1ec920ccd7367f0e0899,"{""distance"":5,""physical_error_rate"":0.002}","{""detection_events"":3722,""detectors_checked"":458752}"
    172032,         0,         0,    4.25,exact_mw,cb12ae119b9b2ba18d0216e7235b403229e92fd0743ede48fe7f1a2c6f45d594,"{""distance"":5,""physical_error_rate"":0.0005}","{""detection_events"":85331,""detectors_checked"":38535168}"
        32,         0,         0,   0.568,exact_mw,7b4896c0e7f0a510554d89637fd747b157418067a95869d1f0661294d473d1dc,"{""distance"":5,""physical_error_rate"":0.02}","{""detection_events"":617,""detectors_checked"":7168}"
      3072,         0,         0,   0.753,exact_mw,3208f56225bbcac0e2804eb6f92d0a8b681652a702ca1ec920ccd7367f0e0899,"{""distance"":5,""physical_error_rate"":0.002}","{""detection_events"":5828,""detectors_checked"":688128}"
       256,         0,         0,   0.785,exact_mw,38b7ae1c4e8407fc325e0d9e43e9f92ff26dcb3f5cf7b98d24ea74c9e5188d39,"{""distance"":5,""physical_error_rate"":0.005}","{""detection_events"":1276,""detectors_checked"":57344}"
        32,         0,         0,   0.555,exact_mw,7b4896c0e7f0a510554d89637fd747b157418067a95869d1f0661294d473d1dc,"{""distance"":5,""physical_error_rate"":0.02}","{""detection_events"":533,""detectors_checked"":7168}"
    227328,         0,         0,    4.21,exact_mw,f32ebecd8e105e50ec838d33c5ed9b45444b6b44a3c6ac541111079f2b14e893,"{""distance"":5,""physical_error_rate"":5e-05}","{""detection_events"":11060,""detectors_checked"":50921472}"
     73728,         0,         0,    1.57,exact_mw,cdc4a450a40af8e24899239080e4c40992fb5baf91c5a31ab3a165eacb3a1ab3,"{""distance"":5,""physical_error_rate"":0.0002}","{""detection_events"":14634,""detectors_checked"":16515072}"
       384,         0,         0,    2.77,exact_mw,72230d8c06b5a71069df48ede6f7f3e6128cd83e8239dd1b2e5fe023578b6eb1,"{""distance"":5,""physical_error_rate"":0.01}","{""detection_events"":3604,""detectors_checked"":86016}"
    270336,         0,         0,    4.27,exact_mw,cdc4a450a40af8e24899239080e4c40992fb5baf91c5a31ab3a165eacb3a1ab3,"{""distance"":5,""physical_error_rate"":0.0002}","{""detection_events"":53072,""detectors_checked"":60555264}"
    219136,         0,         0,    4.14,exact_mw,cdc4a450a40af8e24899239080e4c40992fb5baf91c5a31ab3a165eacb3a1ab3,"{""distance"":5,""physical_error_rate"":0.0002}","{""detection_events"":43418,""detectors_checked"":49086464}"
       320,        10,         0,    3.06,exact_mw,7b4896c0e7f0a510554d89637fd747b157418067a95869d1f0661294d473d1dc,"{""distance"":5,""physical_error_rate"":0.02}","{""detection_events"":5499,""detectors_checked"":71680,""obs_mistake_mask=E"":10}"
    129024,         0,         0,    1.53,exact_mw,70a969f5042aec17ac076c6379f4170fb7c69b8e925756ef3b7334e28a33338b,"{""distance"":5,""physical_error_rate"":0.0001}","{""detection_events"":12749,""detectors_checked"":28901376}"
     38912,         0,         0,    1.53,exact_mw,bb90ec3459e353008cf9a5bb9142bf1e8515517a9e167021b225104594e48e8a,"{""distance"":5,""physical_error_rate"":0.001}","{""detection_events"":38399,""detectors_checked"":8716288}"
        64,         0,         0,   0.527,exact_mw,72230d8c06b5a71069df48ede6f7f3e6128cd83e8239dd1b2e5fe023578b6eb1,"{""distance"":5,""physical_error_rate"":0.01}","{""detection_events"":675,""detectors_checked"":14336}"
      4096,         0,         0,   0.920,exact_mw,3208f56225bbcac0e2804eb6f92d0a8b681652a702ca1ec920ccd7367f0e0899,"{""distance"":5,""physical_error_rate"":0.002}","{""detection_events"":7937,""detectors_checked"":917504}"
     78848,         0,         0,    1.56,exact_mw,f32ebecd8e105e50ec838d33c5ed9b45444b6b44a3c6ac541111079f2b14e893,"{""distance"":5,""physical_error_rate"":5e-05}","{""detection_events"":3974,""detectors_checked"":17661952}"
     70656,         0,         0,    1.52,exact_mw,cdc4a450a40af8e24899239080e4c40992fb5baf91c5a31ab3a165eacb3a1ab3,"{""distance"":5,""physical_error_rate"":0.0002}","{""detection_events"":14421,""detectors_checked"":15826944}"
     70656,         0,         0,    1.54,exact_mw,cdc4a450a40af8e24899239080e4c40992fb5baf91c5a31ab3a165eacb3a1ab3,"{""distance"":5,""physical_error_rate"":0.0002}","{""detection_events"":13859,""detectors_checked"":15826944}"
       192,         3,         0,    3.61,exact_mw,7b4896c0e7f0a510554d89637fd747b157418067a95869d1f0661294d473d1dc,"{""distance"":5,""physical_error_rate"":0.02}","{""detection_events"":3618,""detectors_checked"":43008,""obs_mistake_mask=E"":3}"
      1280,         3,         0,    2.85,exact_mw,38b7ae1c4e8407fc325e0d9e43e9f92ff26dcb3f5cf7b98d24ea74c9e5188d39,"{""distance"":5,""physical_error_rate"":0.005}","{""detection_events"":5903,""detectors_checked"":286720,""obs_mistake_mask=E"":3}"
       128,         0,         0,    1.27,exact_mw,72230d8c06b5a71069df48ede6f7f3e6128cd83e8239dd1b2e5fe023578b6eb1,"{""distance"":5,""physical_error_rate"":0.01}","{""detection_events"":1195,""detectors_checked"":28672}"
       256,         1,         0,   0.872,exact_mw,38b7ae1c4e8407fc325e0d9e43e9f92ff26dcb3f5cf7b98d24ea74c9e5188d39,"{""distance"":5,""physical_error_rate"":0.005}","{""detection_events"":1259,""detectors_checked"":57344,""obs_mistake_mask=E"":1}"
       128,         3,         0,    2.16,exact_mw,7b4896c0e7f0a510554d89637fd747b157418067a95869d1f0661294d473d1dc,"{""distance"":5,""physical_error_rate"":0.02}","{""detection_events"":2262,""detectors_checked"":28672,""obs_mistake_mask=E"":3}"
       128,         0,         0,   0.982,exact_mw,72230d8c06b5a71069df48ede6f7f3e6128cd83e8239dd1b2e5fe023578b6eb1,"{""distance"":5,""physical_error_rate"":0.01}","{""detection_events"":1263,""detectors_checked"":28672}"
    658432,         0,         0,    5.81,exact_mw,cb12ae119b9b2ba18d0216e7235b403229e92fd0743ede48fe7f1a2c6f45d594,"{""distance"":5,""physical_error_rate"":0.0005}","{""detection_events"":324678,""detectors_checked"":147488768}"
     53248,         0,         0,    1.55,exact_mw,cb12ae119b9b2ba18d0216e7235b403229e92fd0743ede48fe7f1a2c6f45d594,"{""distance"":5,""physical_error_rate"":0.0005}","{""detection_events"":25715,""detectors_checked"":11927552}"
       256,        12,         0,    3.54,exact_mw,7b4896c0e7f0a510554d89637fd747b157418067a95869d1f0661294d473d1dc,"{""distance"":5,""physical_error_rate"":0.02}","{""detection_events"":4433,""detectors_checked"":57344,""obs_mistake_mask=E"":12}"
    167936,         0,         0,    4.21,exact_mw,cb12ae119b9b2ba18d0216e7235b403229e92fd0743ede48fe7f1a2c6f45d594,"{""distance"":5,""physical_error_rate"":0.0005}","{""detection_events"":83189,""detectors_checked"":37617664}"
     14336,         1,         0,    4.55,exact_mw,3208f56225bbcac0e2804eb6f92d0a8b681652a702ca1ec920ccd7367f0e0899,"{""distance"":5,""physical_error_rate"":0.002}","{""detection_events"":27560,""detectors_checked"":3211264,""obs_mistake_mask=E"":1}"
       160,         4,         0,    3.14,exact_mw,7b4896c0e7f0a510554d89637fd747b157418067a95869d1f0661294d473d1dc,"{""distance"":5,""physical_error_rate"":0.02}","{""detection_events"":2836,""detectors_checked"":35840,""obs_mistake_mask=E"":4}"
        64,         1,         0,   0.392,exact_mw,72230d8c06b5a71069df48ede6f7f3e6128cd83e8239dd1b2e5fe023578b6eb1,"{""distance"":5,""physical_error_rate"":0.01}","{""detection_events"":587,""detectors_checked"":14336,""obs_mistake_mask=E"":1}"
       192,        14,         0,    3.57,exact_mw,7b4896c0e7f0a510554d89637fd747b157418067a95869d1f0661294d473d1dc,"{""distance"":5,""physical_error_rate"":0.02}","{""detection_events"":3425,""detectors_checked"":43008,""obs_mistake_mask=E"":14}"
    162816,         0,         0,    4.24,exact_mw,cb12ae119b9b2ba18d0216e7235b403229e92fd0743ede48fe7f1a2c6f45d594,"{""distance"":5,""physical_error_rate"":0.0005}","{""detection_events"":80381,""detectors_checked"":36470784}"
       256,         0,         0,   0.707,exact_mw,38b7ae1c4e8407fc325e0d9e43e9f92ff26dcb3f5cf7b98d24ea74c9e5188d39,"{""distance"":5,""physical_error_rate"":0.005}","{""detection_events"":1212,""detectors_checked"":57344}"
      1024,         1,         0,    3.40,exact_mw,38b7ae1c4e8407fc325e0d9e43e9f92ff26dcb3f5cf7b98d24ea74c9e5188d39,"{""distance"":5,""physical_error_rate"":0.005}","{""detection_events"":5010,""detectors_checked"":229376,""obs_mistake_mask=E"":1}"
    277504,         0,         0,    4.22,exact_mw,70a969f5042aec17ac076c6379f4170fb7c69b8e925756ef3b7334e28a33338b,"{""distance"":5,""physical_error_rate"":0.0001}","{""detection_events"":27854,""detectors_checked"":62160896}"
    148480,         0,         0,    1.55,exact_mw,f32ebecd8e105e50ec838d33c5ed9b45444b6b44a3c6ac541111079f2b14e893,"{""distance"":5,""physical_error_rate"":5e-05}","{""detection_events"":7395,""detectors_checked"":33259520}"
     12288,         0,         0,    4.30,exact_mw,3208f56225bbcac0e2804eb6f92d0a8b681652a702ca1ec920ccd7367f0e0899,"{""distance"":5,""physical_error_rate"":0.002}","{""detection_events"":24214,""detectors_checked"":2752512}"
      2048,         0,         0,   0.811,exact_mw,3208f56225bbcac0e2804eb6f92d0a8b681652a702ca1ec920ccd7367f0e0899,"{""distance"":5,""physical_error_rate"":0.002}","{""detection_events"":3817,""detectors_checked"":458752}"
    239616,         0,         0,    4.27,exact_mw,cdc4a450a40af8e24899239080e4c40992fb5baf91c5a31ab3a165eacb3a1ab3,"{""distance"":5,""physical_error_rate"":0.0002}","{""detection_events"":46623,""detectors_checked"":53673984}"
     16384,         0,         0,    4.29,exact_mw,3208f56225bbcac0e2804eb6f92d0a8b681652a702ca1ec920ccd7367f0e0899,"{""distance"":5,""physical_error_rate"":0.002}","{""detection_events"":32067,""detectors_checked"":3670016}"
        64,         3,         0,   0.749,exact_mw,7b4896c0e7f0a510554d89637fd747b157418067a95869d1f0661294d473d1dc,"{""distance"":5,""physical_error_rate"":0.02}","{""detection_events"":1183,""detectors_checked"":14336,""obs_mistake_mask=E"":3}"
       384,         2,         0,    3.51,exact_mw,72230d8c06b5a71069df48ede6f7f3e6128cd83e8239dd1b2e5fe023578b6eb1,"{""distance"":5,""physical_error_rate"":0.01}","{""detection_events"":3602,""detectors_checked"":86016,""obs_mistake_mask=E"":2}"
     73728,         0,         0,    1.56,exact_mw,70a969f5042aec17ac076c6379f4170fb7c69b8e925756ef3b7334e28a33338b,"{""distance"":5,""physical_error_rate"":0.0001}","{""detection_events"":7265,""detectors_checked"":16515072}"
    105472,         0,         0,    1.55,exact_mw,70a969f5042aec17ac076c6379f4170fb7c69b8e925756ef3b7334e28a33338b,"{""distance"":5,""physical_error_rate"":0.0001}","{""detection_events"":10463,""detectors_checked"":23625728}"
       256,         0,         0,   0.618,exact_mw,38b7ae1c4e8407fc325e0d9e43e9f92ff26dcb3f5cf7b98d24ea74c9e5188d39,"{""distance"":5,""physical_error_rate"":0.005}","{""detection_events"":1270,""detectors_checked"":57344}"
     80896,         0,         0,    1.57,exact_mw,cb12ae119b9b2ba18d0216e7235b403229e92fd0743ede48fe7f1a2c6f45d594,"{""distance"":5,""physical_error_rate"":0.0005}","{""detection_events"":39514,""detectors_checked"":18120704}"
       512,         2,         0,    2.75,exact_mw,72230d8c06b5a71069df48ede6f7f3e6128cd83e8239dd1b2e5fe023578b6eb1,"{""distance"":5,""physical_error_rate"":0.01}","{""detection_events"":4937,""detectors_checked"":114688,""obs_mistake_mask=E"":2}"
        64,         4,         0,    1.05,exact_mw,7b4896c0e7f0a510554d89637fd747b157418067a95869d1f0661294d473d1dc,"{""distance"":5,""physical_error_rate"":0.02}","{""detection_events"":1213,""detectors_checked"":14336,""obs_mistake_mask=E"":4}"
      3072,         0,         0,    1.04,exact_mw,3208f56225bbcac0e2804eb6f92d0a8b681652a702ca1ec920ccd7367f0e0899,"{""distance"":5,""physical_error_rate"":0.002}","{""detection_events"":6209,""detectors_checked"":688128}"
       384,         2,         0,    3.41,exact_mw,72230d8c06b5a71069df48ede6f7f3e6128cd83e8239dd1b2e5fe023578b6eb1,"{""distance"":5,""physical_error_rate"":0.01}","{""detection_events"":3784,""detectors_checked"":86016,""obs_mistake_mask=E"":2}"
        64,         0,         0,   0.571,exact_mw,72230d8c06b5a71069df48ede6f7f3e6128cd83e8239dd1b2e5fe023578b6eb1,"{""distance"":5,""physical_error_rate"":0.01}","{""detection_events"":588,""detectors_checked"":14336}"
    220160,         0,         0,    2.15,exact_mw,70a969f5042aec17ac076c6379f4170fb7c69b8e925756ef3b7334e28a33338b,"{""distance"":5,""physical_error_rate"":0.0001}","{""detection_events"":21855,""detectors_checked"":49315840}"
       512,         0,         0,    1.34,exact_mw,38b7ae1c4e8407fc325e0d9e43e9f92ff26dcb3f5cf7b98d24ea74c9e5188d39,"{""distance"":5,""physical_error_rate"":0.005}","{""detection_events"":2490,""detectors_checked"":114688}"
     87040,         0,         0,    2.16,exact_mw,cb12ae119b9b2ba18d0216e7235b403229e92fd0743ede48fe7f1a2c6f45d594,"{""distance"":5,""physical_error_rate"":0.0005}","{""detection_events"":42355,""detectors_checked"":19496960}"
       256,         1,         0,   0.459,exact_mw,38b7ae1c4e8407fc325e0d9e43e9f92ff26dcb3f5cf7b98d24ea74c9e5188d39,"{""distance"":5,""physical_error_rate"":0.005}","{""detection_events"":1282,""detectors_checked"":57344,""obs_mistake_mask=E"":1}"
       448,         4,         0,    2.67,exact_mw,72230d8c06b5a71069df48ede6f7f3e6128cd83e8239dd1b2e5fe023578b6eb1,"{""distance"":5,""physical_error_rate"":0.01}","{""detection_events"":4114,""detectors_checked"":100352,""obs_mistake_mask=E"":4}"
     30720,         0,         0,    1.59,exact_mw,bb90ec3459e353008cf9a5bb9142bf1e8515517a9e167021b225104594e48e8a,"{""distance"":5,""physical_error_rate"":0.001}","{""detection_events"":30002,""detectors_checked"":6881280}"
      1536,         2,         0,    3.17,exact_mw,38b7ae1c4e8407fc325e0d9e43e9f92ff26dcb3f5cf7b98d24ea74c9e5188d39,"{""distance"":5,""physical_error_rate"":0.005}","{""detection_events"":7346,""detectors_checked"":344064,""obs_mistake_mask=E"":2}"
       448,         4,         0,    3.66,exact_mw,72230d8c06b5a71069df48ede6f7f3e6128cd83e8239dd1b2e5fe023578b6eb1,"{""distance"":5,""physical_error_rate"":0.01}","{""detection_events"":4098,""detectors_checked"":100352,""obs_mistake_mask=E"":4}"
       256,         0,         0,   0.847,exact_mw,38b7ae1c4e8407fc325e0d9e43e9f92ff26dcb3f5cf7b98d24ea74c9e5188d39,"{""distance"":5,""physical_error_rate"":0.005}","{""detection_events"":1313,""detectors_checked"":57344}"
       128,         0,         0,    1.11,exact_mw,72230d8c06b5a71069df48ede6f7f3e6128cd83e8239dd1b2e5fe023578b6eb1,"{""distance"":5,""physical_error_rate"":0.01}","{""detection_events"":1150,""detectors_checked"":28672}"
      4096,         0,         0,    1.26,exact_mw,3208f56225bbcac0e2804eb6f92d0a8b681652a702ca1ec920ccd7367f0e0899,"{""distance"":5,""physical_error_rate"":0.002}","{""detection_events"":7831,""detectors_checked"":917504}"
      1280,         1,         0,    3.51,exact_mw,38b7ae1c4e8407fc325e0d9e43e9f92ff26dcb3f5cf7b98d24ea74c9e5188d39,"{""distance"":5,""physical_error_rate"":0.005}","{""detection_events"":6272,""detectors_checked"":286720,""obs_mistake_mask=E"":1}"
    101376,         0,         0,    2.13,exact_mw,f32ebecd8e105e50ec838d33c5ed9b45444b6b44a3c6ac541111079f2b14e893,"{""distance"":5,""physical_error_rate"":5e-05}","{""detection_events"":5026,""detectors_checked"":22708224}"
       128,         1,         0,    1.36,exact_mw,72230d8c06b5a71069df48ede6f7f3e6128cd83e8239dd1b2e5fe023578b6eb1,"{""distance"":5,""physical_error_rate"":0.01}","{""detection_events"":1220,""detectors_checked"":28672,""obs_mistake_mask=E"":1}"
     41984,         0,         0,    2.20,exact_mw,bb90ec3459e353008cf9a5bb9142bf1e8515517a9e167021b225104594e48e8a,"{""distance"":5,""physical_error_rate"":0.001}","{""detection_events"":40756,""detectors_checked"":9404416}"
    138240,         0,         0,    2.13,exact_mw,f32ebecd8e105e50ec838d33c5ed9b45444b6b44a3c6ac541111079f2b14e893,"{""distance"":5,""physical_error_rate"":5e-05}","{""detection_events"":6706,""detectors_checked"":30965760}"
       384,         3,         0,    2.61,exact_mw,72230d8c06b5a71069df48ede6f7f3e6128cd83e8239dd1b2e5fe023578b6eb1,"{""distance"":5,""physical_error_rate"":0.01}","{""detection_events"":3610,""detectors_checked"":86016,""obs_mistake_mask=E"":3}"
     17408,         1,         0,    4.46,exact_mw,3208f56225bbcac0e2804eb6f92d0a8b681652a702ca1ec920ccd7367f0e0899,"{""distance"":5,""physical_error_rate"":0.002}","{""detection_events"":33796,""detectors_checked"":3899392,""obs_mistake_mask=E"":1}"
    958464,         0,         0,    5.84,exact_mw,70a969f5042aec17ac076c6379f4170fb7c69b8e925756ef3b7334e28a33338b,"{""distance"":5,""physical_error_rate"":0.0001}","{""detection_events"":94044,""detectors_checked"":214695936}"
      1792,         2,         0,    4.30,exact_mw,38b7ae1c4e8407fc325e0d9e43e9f92ff26dcb3f5cf7b98d24ea74c9e5188d39,"{""distance"":5,""physical_error_rate"":0.005}","{""detection_events"":8640,""detectors_checked"":401408,""obs_mistake_mask=E"":2}"
       288,         8,         0,    4.56,exact_mw,7b4896c0e7f0a510554d89637fd747b157418067a95869d1f0661294d473d1dc,"{""distance"":5,""physical_error_rate"":0.02}","{""detection_events"":5094,""detectors_checked"":64512,""obs_mistake_mask=E"":8}"
        17,         1,         0,   0.154,exact_mw,7b4896c0e7f0a510554d89637fd747b157418067a95869d1f0661294d473d1dc,"{""distance"":5,""physical_error_rate"":0.02}","{""detection_events"":334,""detectors_checked"":3808,""obs_mistake_mask=E"":1}"
     11264,         0,         0,    4.29,exact_mw,3208f56225bbcac0e2804eb6f92d0a8b681652a702ca1ec920ccd7367f0e0899,"{""distance"":5,""physical_error_rate"":0.002}","{""detection_events"":22431,""detectors_checked"":2523136}"
       256,         1,         0,   0.578,exact_mw,38b7ae1c4e8407fc325e0d9e43e9f92ff26dcb3f5cf7b98d24ea74c9e5188d39,"{""distance"":5,""physical_error_rate"":0.005}","{""detection_events"":1349,""detectors_checked"":57344,""obs_mistake_mask=E"":1}"
     59392,         0,         0,    4.32,exact_mw,bb90ec3459e353008cf9a5bb9142bf1e8515517a9e167021b225104594e48e8a,"{""distance"":5,""physical_error_rate"":0.001}","{""detection_events"":58225,""detectors_checked"":13303808}"
        17,         0,         0,   0.033,exact_mw,38b7ae1c4e8407fc325e0d9e43e9f92ff26dcb3f5cf7b98d24ea74c9e5188d39,"{""distance"":5,""physical_error_rate"":0.005}","{""detection_events"":92,""detectors_checked"":3808}"
     12288,         0,         0,    4.38,exact_mw,3208f56225bbcac0e2804eb6f92d0a8b681652a702ca1ec920ccd7367f0e0899,"{""distance"":5,""physical_error_rate"":0.002}","{""detection_events"":23994,""detectors_checked"":2752512}"
      3072,         1,         0,    1.34,exact_mw,3208f56225bbcac0e2804eb6f92d0a8b681652a702ca1ec920ccd7367f0e0899,"{""distance"":5,""physical_error_rate"":0.002}","{""detection_events"":6062,""detectors_checked"":688128,""obs_mistake_mask=E"":1}"
        64,         2,         0,    1.08,exact_mw,7b4896c0e7f0a510554d89637fd747b157418067a95869d1f0661294d473d1dc,"{""distance"":5,""physical_error_rate"":0.02}","{""detection_events"":1116,""detectors_checked"":14336,""obs_mistake_mask=E"":2}"
       384,         6,         0,    3.93,exact_mw,72230d8c06b5a71069df48ede6f7f3e6128cd83e8239dd1b2e5fe023578b6eb1,"{""distance"":5,""physical_error_rate"":0.01}","{""detection_events"":3753,""detectors_checked"":86016,""obs_mistake_mask=E"":6}"
      3072,         1,         0,    1.12,exact_mw,3208f56225bbcac0e2804eb6f92d0a8b681652a702ca1ec920ccd7367f0e0899,"{""distance"":5,""physical_error_rate"":0.002}","{""detection_events"":6192,""detectors_checked"":688128,""obs_mistake_mask=E"":1}"
         1,         0,         0,   0.004,exact_mw,38b7ae1c4e8407fc325e0d9e43e9f92ff26dcb3f5cf7b98d24ea74c9e5188d39,"{""distance"":5,""physical_error_rate"":0.005}","{""detection_events"":6,""detectors_checked"":224}"
       640,         8,         0,    2.36,exact_mw,72230d8c06b5a71069df48ede6f7f3e6128cd83e8239dd1b2e5fe023578b6eb1,"{""distance"":5,""physical_error_rate"":0.01}","{""detection_events"":5880,""detectors_checked"":143360,""obs_mistake_mask=E"":8}"
       256,         0,         0,   0.753,exact_mw,38b7ae1c4e8407fc325e0d9e43e9f92ff26dcb3f5cf7b98d24ea74c9e5188d39,"{""distance"":5,""physical_error_rate"":0.005}","{""detection_events"":1358,""detectors_checked"":57344}"
        16,         0,         0,   0.028,exact_mw,38b7ae1c4e8407fc325e0d9e43e9f92ff26dcb3f5cf7b98d24ea74c9e5188d39,"{""distance"":5,""physical_error_rate"":0.005}","{""detection_events"":88,""detectors_checked"":3584}"
    112640,         0,         0,    2.17,exact_mw,cdc4a450a40af8e24899239080e4c40992fb5baf91c5a31ab3a165eacb3a1ab3,"{""distance"":5,""physical_error_rate"":0.0002}","{""detection_events"":21963,""detectors_checked"":25231360}"
         1,         0,         0,   0.000,exact_mw,f32ebecd8e105e50ec838d33c5ed9b45444b6b44a3c6ac541111079f2b14e893,"{""distance"":5,""physical_error_rate"":5e-05}","{""detectors_checked"":224}"
         1,         0,         0,   0.000,exact_mw,bb90ec3459e353008cf9a5bb9142bf1e8515517a9e167021b225104594e48e8a,"{""distance"":5,""physical_error_rate"":0.001}","{""detectors_checked"":224}"
       288,        13,         0,    4.55,exact_mw,7b4896c0e7f0a510554d89637fd747b157418067a95869d1f0661294d473d1dc,"{""distance"":5,""physical_error_rate"":0.02}","{""detection_events"":5227,""detectors_checked"":64512,""obs_mistake_mask=E"":13}"
         1,         0,         0,   0.000,exact_mw,cb12ae119b9b2ba18d0216e7235b403229e92fd0743ede48fe7f1a2c6f45d594,"{""distance"":5,""physical_error_rate"":0.0005}","{""detectors_checked"":224}"
        64,         1,         0,   0.589,exact_mw,72230d8c06b5a71069df48ede6f7f3e6128cd83e8239dd1b2e5fe023578b6eb1,"{""distance"":5,""physical_error_rate"":0.01}","{""detection_events"":552,""detectors_checked"":14336,""obs_mistake_mask=E"":1}"
       128,         6,         0,    1.51,exact_mw,7b4896c0e7f0a510554d89637fd747b157418067a95869d1f0661294d473d1dc,"{""distance"":5,""physical_error_rate"":0.02}","{""detection_events"":2248,""detectors_checked"":28672,""obs_mistake_mask=E"":6}"
      1296,         0,         0,   0.016,exact_mw,f32ebecd8e105e50ec838d33c5ed9b45444b6b44a3c6ac541111079f2b14e893,"{""distance"":5,""physical_error_rate"":5e-05}","{""detection_events"":87,""detectors_checked"":290304}"
       272,         0,         0,   0.023,exact_mw,bb90ec3459e353008cf9a5bb9142bf1e8515517a9e167021b225104594e48e8a,"{""distance"":5,""physical_error_rate"":0.001}","{""detection_events"":247,""detectors_checked"":60928}"
      1296,         0,         0,   0.030,exact_mw,cb12ae119b9b2ba18d0216e7235b403229e92fd0743ede48fe7f1a2c6f45d594,"{""distance"":5,""physical_error_rate"":0.0005}","{""detection_events"":606,""detectors_checked"":290304}"
    124928,         0,         0,    2.15,exact_mw,70a969f5042aec17ac076c6379f4170fb7c69b8e925756ef3b7334e28a33338b,"{""distance"":5,""physical_error_rate"":0.0001}","{""detection_events"":12335,""detectors_checked"":27983872}"
      3072,         0,         0,   0.047,exact_mw,f32ebecd8e105e50ec838d33c5ed9b45444b6b44a3c6ac541111079f2b14e893,"{""distance"":5,""physical_error_rate"":5e-05}","{""detection_events"":189,""detectors_checked"":688128}"
      1024,         0,         0,   0.027,exact_mw,cb12ae119b9b2ba18d0216e7235b403229e92fd0743ede48fe7f1a2c6f45d594,"{""distance"":5,""physical_error_rate"":0.0005}","{""detection_events"":371,""detectors_checked"":229376}"
     32768,         0,         0,    2.14,exact_mw,bb90ec3459e353008cf9a5bb9142bf1e8515517a9e167021b225104594e48e8a,"{""distance"":5,""physical_error_rate"":0.001}","{""detection_events"":32470,""detectors_checked"":7340032}"
      2048,         0,         0,   0.026,exact_mw,f32ebecd8e105e50ec838d33c5ed9b45444b6b44a3c6ac541111079f2b14e893,"{""distance"":5,""physical_error_rate"":5e-05}","{""detection_events"":84,""detectors_checked"":458752}"
    119808,         0,         0,    2.11,exact_mw,f32ebecd8e105e50ec838d33c5ed9b45444b6b44a3c6ac541111079f2b14e893,"{""distance"":5,""physical_error_rate"":5e-05}","{""detection_events"":5910,""detectors_checked"":26836992}"
      1280,         4,         0,    3.12,exact_mw,38b7ae1c4e8407fc325e0d9e43e9f92ff26dcb3f5cf7b98d24ea74c9e5188d39,"{""distance"":5,""physical_error_rate"":0.005}","{""detection_events"":6137,""detectors_checked"":286720,""obs_mistake_mask=E"":4}"
    102400,         0,         0,    4.26,exact_mw,bb90ec3459e353008cf9a5bb9142bf1e8515517a9e167021b225104594e48e8a,"{""distance"":5,""physical_error_rate"":0.001}","{""detection_events"":100674,""detectors_checked"":22937600}"
       128,         0,         0,    1.26,exact_mw,72230d8c06b5a71069df48ede6f7f3e6128cd83e8239dd1b2e5fe023578b6eb1,"{""distance"":5,""physical_error_rate"":0.01}","{""detection_events"":1251,""detectors_checked"":28672}"
    114688,         0,         0,    2.18,exact_mw,cdc4a450a40af8e24899239080e4c40992fb5baf91c5a31ab3a165eacb3a1ab3,"{""distance"":5,""physical_error_rate"":0.0002}","{""detection_events"":22842,""detectors_checked"":25690112}"
      1024,         0,         0,   0.088,exact_mw,bb90ec3459e353008cf9a5bb9142bf1e8515517a9e167021b225104594e48e8a,"{""distance"":5,""physical_error_rate"":0.001}","{""detection_events"":993,""detectors_checked"":229376}"
      1024,         1,         0,   0.061,exact_mw,cb12ae119b9b2ba18d0216e7235b403229e92fd0743ede48fe7f1a2c6f45d594,"{""distance"":5,""physical_error_rate"":0.0005}","{""detection_events"":516,""detectors_checked"":229376,""obs_mistake_mask=E"":1}"
    174080,         0,         0,    2.19,exact_mw,cdc4a450a40af8e24899239080e4c40992fb5baf91c5a31ab3a165eacb3a1ab3,"{""distance"":5,""physical_error_rate"":0.0002}","{""detection_events"":34065,""detectors_checked"":38993920}"
        32,         1,         0,   0.541,exact_mw,7b4896c0e7f0a510554d89637fd747b157418067a95869d1f0661294d473d1dc,"{""distance"":5,""physical_error_rate"":0.02}","{""detection_events"":567,""detectors_checked"":7168,""obs_mistake_mask=E"":1}"
      3072,         0,         0,   0.059,exact_mw,f32ebecd8e105e50ec838d33c5ed9b45444b6b44a3c6ac541111079f2b14e893,"{""distance"":5,""physical_error_rate"":5e-05}","{""detection_events"":143,""detectors_checked"":688128}"
     12288,         5,         0,    4.33,exact_mw,3208f56225bbcac0e2804eb6f92d0a8b681652a702ca1ec920ccd7367f0e0899,"{""distance"":5,""physical_error_rate"":0.002}","{""detection_events"":24111,""detectors_checked"":2752512,""obs_mistake_mask=E"":5}"
      2048,         0,         0,   0.060,exact_mw,cb12ae119b9b2ba18d0216e7235b403229e92fd0743ede48fe7f1a2c6f45d594,"{""distance"":5,""physical_error_rate"":0.0005}","{""detection_events"":1078,""detectors_checked"":458752}"
      1297,         0,         0,   0.030,exact_mw,cdc4a450a40af8e24899239080e4c40992fb5baf91c5a31ab3a165eacb3a1ab3,"{""distance"":5,""physical_error_rate"":0.0002}","{""detection_events"":224,""detectors_checked"":290528}"
      1024,         0,         0,   0.063,exact_mw,bb90ec3459e353008cf9a5bb9142bf1e8515517a9e167021b225104594e48e8a,"{""distance"":5,""physical_error_rate"":0.001}","{""detection_events"":1055,""detectors_checked"":229376}"
      3072,         0,         0,   0.059,exact_mw,f32ebecd8e105e50ec838d33c5ed9b45444b6b44a3c6ac541111079f2b14e893,"{""distance"":5,""physical_error_rate"":5e-05}","{""detection_events"":117,""detectors_checked"":688128}"
      2048,         0,         0,   0.032,exact_mw,cdc4a450a40af8e24899239080e4c40992fb5baf91c5a31ab3a165eacb3a1ab3,"{""distance"":5,""physical_error_rate"":0.0002}","{""detection_events"":486,""detectors_checked"":458752}"
      1024,         0,         0,   0.028,exact_mw,cdc4a450a40af8e24899239080e4c40992fb5baf91c5a31ab3a165eacb3a1ab3,"{""distance"":5,""physical_error_rate"":0.0002}","{""detection_events"":202,""detectors_checked"":229376}"
      3072,         0,         0,   0.062,exact_mw,cb12ae119b9b2ba18d0216e7235b403229e92fd0743ede48fe7f1a2c6f45d594,"{""distance"":5,""physical_error_rate"":0.0005}","{""detection_events"":1420,""detectors_checked"":688128}"
    141312,         1,         0,    4.29,exact_mw,bb90ec3459e353008cf9a5bb9142bf1e8515517a9e167021b225104594e48e8a,"{""distance"":5,""physical_error_rate"":0.001}","{""detection_events"":138556,""detectors_checked"":31653888,""obs_mistake_mask=E"":1}"
         1,         0,         0,   0.029,exact_mw,7b4896c0e7f0a510554d89637fd747b157418067a95869d1f0661294d473d1dc,"{""distance"":5,""physical_error_rate"":0.02}","{""detection_events"":11,""detectors_checked"":224}"
    204800,         0,         0,    4.20,exact_mw,f32ebecd8e105e50ec838d33c5ed9b45444b6b44a3c6ac541111079f2b14e893,"{""distance"":5,""physical_error_rate"":5e-05}","{""detection_events"":9898,""detectors_checked"":45875200}"
      1024,         0,         0,   0.087,exact_mw,bb90ec3459e353008cf9a5bb9142bf1e8515517a9e167021b225104594e48e8a,"{""distance"":5,""physical_error_rate"":0.001}","{""detection_events"":1017,""detectors_checked"":229376}"
      2048,         0,         0,   0.031,exact_mw,cdc4a450a40af8e24899239080e4c40992fb5baf91c5a31ab3a165eacb3a1ab3,"{""distance"":5,""physical_error_rate"":0.0002}","{""detection_events"":427,""detectors_checked"":458752}"
      5120,         0,         0,   0.091,exact_mw,f32ebecd8e105e50ec838d33c5ed9b45444b6b44a3c6ac541111079f2b14e893,"{""distance"":5,""physical_error_rate"":5e-05}","{""detection_events"":236,""detectors_checked"":1146880}"
    398336,         0,         0,    5.96,exact_mw,f32ebecd8e105e50ec838d33c5ed9b45444b6b44a3c6ac541111079f2b14e893,"{""distance"":5,""physical_error_rate"":5e-05}","{""detection_events"":19933,""detectors_checked"":89227264}"
         1,         0,         0,   0.000,exact_mw,72230d8c06b5a71069df48ede6f7f3e6128cd83e8239dd1b2e5fe023578b6eb1,"{""distance"":5,""physical_error_rate"":0.01}","{""detection_events"":1,""detectors_checked"":224}"
      1024,         0,         0,   0.060,exact_mw,bb90ec3459e353008cf9a5bb9142bf1e8515517a9e167021b225104594e48e8a,"{""distance"":5,""physical_error_rate"":0.001}","{""detection_events"":955,""detectors_checked"":229376}"
      4096,         0,         0,   0.089,exact_mw,cb12ae119b9b2ba18d0216e7235b403229e92fd0743ede48fe7f1a2c6f45d594,"{""distance"":5,""physical_error_rate"":0.0005}","{""detection_events"":2001,""detectors_checked"":917504}"
      3072,         0,         0,   0.060,exact_mw,cdc4a450a40af8e24899239080e4c40992fb5baf91c5a31ab3a165eacb3a1ab3,"{""distance"":5,""physical_error_rate"":0.0002}","{""detection_events"":571,""detectors_checked"":688128}"
       256,         0,         0,   0.539,exact_mw,38b7ae1c4e8407fc325e0d9e43e9f92ff26dcb3f5cf7b98d24ea74c9e5188d39,"{""distance"":5,""physical_error_rate"":0.005}","{""detection_events"":1202,""detectors_checked"":57344}"
     86016,         0,         0,    2.19,exact_mw,cb12ae119b9b2ba18d0216e7235b403229e92fd0743ede48fe7f1a2c6f45d594,"{""distance"":5,""physical_error_rate"":0.0005}","{""detection_events"":42093,""detectors_checked"":19267584}"
      1280,         0,         0,    3.44,exact_mw,38b7ae1c4e8407fc325e0d9e43e9f92ff26dcb3f5cf7b98d24ea74c9e5188d39,"{""distance"":5,""physical_error_rate"":0.005}","{""detection_events"":6166,""detectors_checked"":286720}"
    158720,         1,         0,    5.95,exact_mw,bb90ec3459e353008cf9a5bb9142bf1e8515517a9e167021b225104594e48e8a,"{""distance"":5,""physical_error_rate"":0.001}","{""detection_events"":155892,""detectors_checked"":35553280,""obs_mistake_mask=E"":1}"
      3072,         0,         0,   0.054,exact_mw,cdc4a450a40af8e24899239080e4c40992fb5baf91c5a31ab3a165eacb3a1ab3,"{""distance"":5,""physical_error_rate"":0.0002}","{""detection_events"":625,""detectors_checked"":688128}"
       256,         1,         0,   0.677,exact_mw,38b7ae1c4e8407fc325e0d9e43e9f92ff26dcb3f5cf7b98d24ea74c9e5188d39,"{""distance"":5,""physical_error_rate"":0.005}","{""detection_events"":1243,""detectors_checked"":57344,""obs_mistake_mask=E"":1}"
      7168,         0,         0,   0.130,exact_mw,f32ebecd8e105e50ec838d33c5ed9b45444b6b44a3c6ac541111079f2b14e893,"{""distance"":5,""physical_error_rate"":5e-05}","{""detection_events"":350,""detectors_checked"":1605632}"
        16,         0,         0,   0.100,exact_mw,72230d8c06b5a71069df48ede6f7f3e6128cd83e8239dd1b2e5fe023578b6eb1,"{""distance"":5,""physical_error_rate"":0.01}","{""detection_events"":119,""detectors_checked"":3584}"
      1297,         0,         0,   0.005,exact_mw,70a969f5042aec17ac076c6379f4170fb7c69b8e925756ef3b7334e28a33338b,"{""distance"":5,""physical_error_rate"":0.0001}","{""detection_events"":110,""detectors_checked"":290528}"
      2048,         0,         0,   0.124,exact_mw,bb90ec3459e353008cf9a5bb9142bf1e8515517a9e167021b225104594e48e8a,"{""distance"":5,""physical_error_rate"":0.001}","{""detection_events"":2016,""detectors_checked"":458752}"
      5120,         0,         0,   0.121,exact_mw,cb12ae119b9b2ba18d0216e7235b403229e92fd0743ede48fe7f1a2c6f45d594,"{""distance"":5,""physical_error_rate"":0.0005}","{""detection_events"":2590,""detectors_checked"":1146880}"
       273,         0,         0,   0.079,exact_mw,3208f56225bbcac0e2804eb6f92d0a8b681652a702ca1ec920ccd7367f0e0899,"{""distance"":5,""physical_error_rate"":0.002}","{""detection_events"":587,""detectors_checked"":61152}"
        64,         3,         0,   0.490,exact_mw,72230d8c06b5a71069df48ede6f7f3e6128cd83e8239dd1b2e5fe023578b6eb1,"{""distance"":5,""physical_error_rate"":0.01}","{""detection_events"":616,""detectors_checked"":14336,""obs_mistake_mask=E"":3}"
      1024,         0,         0,   0.025,exact_mw,70a969f5042aec17ac076c6379f4170fb7c69b8e925756ef3b7334e28a33338b,"{""distance"":5,""physical_error_rate"":0.0001}","{""detection_events"":110,""detectors_checked"":229376}"
      3072,         0,         0,   0.108,exact_mw,cdc4a450a40af8e24899239080e4c40992fb5baf91c5a31ab3a165eacb3a1ab3,"{""distance"":5,""physical_error_rate"":0.0002}","{""detection_events"":583,""detectors_checked"":688128}"
      3072,         0,         0,   0.031,exact_mw,70a969f5042aec17ac076c6379f4170fb7c69b8e925756ef3b7334e28a33338b,"{""distance"":5,""physical_error_rate"":0.0001}","{""detection_events"":300,""detectors_checked"":688128}"
       128,         4,         0,    2.50,exact_mw,7b4896c0e7f0a510554d89637fd747b157418067a95869d1f0661294d473d1dc,"{""distance"":5,""physical_error_rate"":0.02}","{""detection_events"":2256,""detectors_checked"":28672,""obs_mistake_mask=E"":4}"
     99328,         2,         0,    6.02,exact_mw,bb90ec3459e353008cf9a5bb9142bf1e8515517a9e167021b225104594e48e8a,"{""distance"":5,""physical_error_rate"":0.001}","{""detection_events"":97438,""detectors_checked"":22249472,""obs_mistake_mask=E"":2}"
      3072,         0,         0,   0.029,exact_mw,70a969f5042aec17ac076c6379f4170fb7c69b8e925756ef3b7334e28a33338b,"{""distance"":5,""physical_error_rate"":0.0001}","{""detection_events"":307,""detectors_checked"":688128}"
        16,         1,         0,   0.297,exact_mw,7b4896c0e7f0a510554d89637fd747b157418067a95869d1f0661294d473d1dc,"{""distance"":5,""physical_error_rate"":0.02}","{""detection_events"":316,""detectors_checked"":3584,""obs_mistake_mask=E"":1}"
      7168,         0,         0,   0.142,exact_mw,f32ebecd8e105e50ec838d33c5ed9b45444b6b44a3c6ac541111079f2b14e893,"{""distance"":5,""physical_error_rate"":5e-05}","{""detection_events"":335,""detectors_checked"":1605632}"
      2048,         0,         0,   0.121,exact_mw,bb90ec3459e353008cf9a5bb9142bf1e8515517a9e167021b225104594e48e8a,"{""distance"":5,""physical_error_rate"":0.001}","{""detection_events"":2051,""detectors_checked"":458752}"
      3072,         0,         0,   0.029,exact_mw,70a969f5042aec17ac076c6379f4170fb7c69b8e925756ef3b7334e28a33338b,"{""distance"":5,""physical_error_rate"":0.0001}","{""detection_events"":342,""detectors_checked"":688128}"
    115712,         0,         0,    2.13,exact_mw,f32ebecd8e105e50ec838d33c5ed9b45444b6b44a3c6ac541111079f2b14e893,"{""distance"":5,""physical_error_rate"":5e-05}","{""detection_events"":5649,""detectors_checked"":25919488}"
      5120,         0,         0,   0.112,exact_mw,cdc4a450a40af8e24899239080e4c40992fb5baf91c5a31ab3a165eacb3a1ab3,"{""distance"":5,""physical_error_rate"":0.0002}","{""detection_events"":1026,""detectors_checked"":1146880}"
       512,         0,         0,    1.53,exact_mw,38b7ae1c4e8407fc325e0d9e43e9f92ff26dcb3f5cf7b98d24ea74c9e5188d39,"{""distance"":5,""physical_error_rate"":0.005}","{""detection_events"":2406,""detectors_checked"":114688}"
      5120,         0,         0,   0.172,exact_mw,cb12ae119b9b2ba18d0216e7235b403229e92fd0743ede48fe7f1a2c6f45d594,"{""distance"":5,""physical_error_rate"":0.0005}","{""detection_events"":2449,""detectors_checked"":1146880}"
       256,         0,         0,   0.689,exact_mw,38b7ae1c4e8407fc325e0d9e43e9f92ff26dcb3f5cf7b98d24ea74c9e5188d39,"{""distance"":5,""physical_error_rate"":0.005}","{""detection_events"":1212,""detectors_checked"":57344}"
        32,         1,         0,   0.517,exact_mw,7b4896c0e7f0a510554d89637fd747b157418067a95869d1f0661294d473d1dc,"{""distance"":5,""physical_error_rate"":0.02}","{""detection_events"":485,""detectors_checked"":7168,""obs_mistake_mask=E"":1}"
      3072,         0,         0,   0.035,exact_mw,70a969f5042aec17ac076c6379f4170fb7c69b8e925756ef3b7334e28a33338b,"{""distance"":5,""physical_error_rate"":0.0001}","{""detection_events"":374,""detectors_checked"":688128}"
    321536,         0,         0,    5.95,exact_mw,70a969f5042aec17ac076c6379f4170fb7c69b8e925756ef3b7334e28a33338b,"{""distance"":5,""physical_error_rate"":0.0001}","{""detection_events"":31812,""detectors_checked"":72024064}"
       256,         7,         0,    4.48,exact_mw,7b4896c0e7f0a510554d89637fd747b157418067a95869d1f0661294d473d1dc,"{""distance"":5,""physical_error_rate"":0.02}","{""detection_events"":4812,""detectors_checked"":57344,""obs_mistake_mask=E"":7}"
      4096,         0,         0,   0.048,exact_mw,70a969f5042aec17ac076c6379f4170fb7c69b8e925756ef3b7334e28a33338b,"{""distance"":5,""physical_error_rate"":0.0001}","{""detection_events"":428,""detectors_checked"":917504}"
      1024,         0,         0,   0.258,exact_mw,3208f56225bbcac0e2804eb6f92d0a8b681652a702ca1ec920ccd7367f0e0899,"{""distance"":5,""physical_error_rate"":0.002}","{""detection_events"":2045,""detectors_checked"":229376}"
       192,         0,         0,    1.56,exact_mw,72230d8c06b5a71069df48ede6f7f3e6128cd83e8239dd1b2e5fe023578b6eb1,"{""distance"":5,""physical_error_rate"":0.01}","{""detection_events"":1753,""detectors_checked"":43008}"
    107520,         0,         0,    2.12,exact_mw,70a969f5042aec17ac076c6379f4170fb7c69b8e925756ef3b7334e28a33338b,"{""distance"":5,""physical_error_rate"":0.0001}","{""detection_events"":10372,""detectors_checked"":24084480}"
      3072,         0,         0,   0.180,exact_mw,bb90ec3459e353008cf9a5bb9142bf1e8515517a9e167021b225104594e48e8a,"{""distance"":5,""physical_error_rate"":0.001}","{""detection_events"":3103,""detectors_checked"":688128}"
    131072,         0,         0,    2.20,exact_mw,70a969f5042aec17ac076c6379f4170fb7c69b8e925756ef3b7334e28a33338b,"{""distance"":5,""physical_error_rate"":0.0001}","{""detection_events"":12747,""detectors_checked"":29360128}"
       512,         1,         0,   0.839,exact_mw,38b7ae1c4e8407fc325e0d9e43e9f92ff26dcb3f5cf7b98d24ea74c9e5188d39,"{""distance"":5,""physical_error_rate"":0.005}","{""detection_events"":2178,""detectors_checked"":114688,""obs_mistake_mask=E"":1}"
     13312,         0,         0,   0.208,exact_mw,f32ebecd8e105e50ec838d33c5ed9b45444b6b44a3c6ac541111079f2b14e893,"{""distance"":5,""physical_error_rate"":5e-05}","{""detection_events"":642,""detectors_checked"":2981888}"
      8192,         0,         0,   0.168,exact_mw,cdc4a450a40af8e24899239080e4c40992fb5baf91c5a31ab3a165eacb3a1ab3,"{""distance"":5,""physical_error_rate"":0.0002}","{""detection_events"":1681,""detectors_checked"":1835008}"
      7168,         0,         0,   0.120,exact_mw,70a969f5042aec17ac076c6379f4170fb7c69b8e925756ef3b7334e28a33338b,"{""distance"":5,""physical_error_rate"":0.0001}","{""detection_events"":678,""detectors_checked"":1605632}"
      7168,         0,         0,   0.185,exact_mw,cb12ae119b9b2ba18d0216e7235b403229e92fd0743ede48fe7f1a2c6f45d594,"{""distance"":5,""physical_error_rate"":0.0005}","{""detection_events"":3466,""detectors_checked"":1605632}"
     90112,         0,         0,    2.16,exact_mw,cb12ae119b9b2ba18d0216e7235b403229e92fd0743ede48fe7f1a2c6f45d594,"{""distance"":5,""physical_error_rate"":0.0005}","{""detection_events"":43846,""detectors_checked"":20185088}"
      5120,         0,         0,    1.75,exact_mw,3208f56225bbcac0e2804eb6f92d0a8b681652a702ca1ec920ccd7367f0e0899,"{""distance"":5,""physical_error_rate"":0.002}","{""detection_events"":10156,""detectors_checked"":1146880}"
      2304,         4,         0,    4.87,exact_mw,38b7ae1c4e8407fc325e0d9e43e9f92ff26dcb3f5cf7b98d24ea74c9e5188d39,"{""distance"":5,""physical_error_rate"":0.005}","{""detection_events"":10990,""detectors_checked"":516096,""obs_mistake_mask=E"":4}"
      4096,         0,         0,   0.213,exact_mw,bb90ec3459e353008cf9a5bb9142bf1e8515517a9e167021b225104594e48e8a,"{""distance"":5,""physical_error_rate"":0.001}","{""detection_events"":4155,""detectors_checked"":917504}"
    305152,         0,         0,    5.90,exact_mw,cdc4a450a40af8e24899239080e4c40992fb5baf91c5a31ab3a165eacb3a1ab3,"{""distance"":5,""physical_error_rate"":0.0002}","{""detection_events"":59662,""detectors_checked"":68354048}"
    377856,         0,         0,    5.93,exact_mw,70a969f5042aec17ac076c6379f4170fb7c69b8e925756ef3b7334e28a33338b,"{""distance"":5,""physical_error_rate"":0.0001}","{""detection_events"":37111,""detectors_checked"":84639744}"
      4096,         0,         0,   0.208,exact_mw,cdc4a450a40af8e24899239080e4c40992fb5baf91c5a31ab3a165eacb3a1ab3,"{""distance"":5,""physical_error_rate"":0.0002}","{""detection_events"":916,""detectors_checked"":917504}"
      9216,         0,         0,   0.151,exact_mw,70a969f5042aec17ac076c6379f4170fb7c69b8e925756ef3b7334e28a33338b,"{""distance"":5,""physical_error_rate"":0.0001}","{""detection_events"":889,""detectors_checked"":2064384}"
        64,         0,         0,   0.578,exact_mw,72230d8c06b5a71069df48ede6f7f3e6128cd83e8239dd1b2e5fe023578b6eb1,"{""distance"":5,""physical_error_rate"":0.01}","{""detection_events"":587,""detectors_checked"":14336}"
      1024,         0,         0,   0.298,exact_mw,3208f56225bbcac0e2804eb6f92d0a8b681652a702ca1ec920ccd7367f0e0899,"{""distance"":5,""physical_error_rate"":0.002}","{""detection_events"":2047,""detectors_checked"":229376}"
       448,        15,         0,    4.86,exact_mw,7b4896c0e7f0a510554d89637fd747b157418067a95869d1f0661294d473d1dc,"{""distance"":5,""physical_error_rate"":0.02}","{""detection_events"":8147,""detectors_checked"":100352,""obs_mistake_mask=E"":15}"
        32,         1,         0,   0.483,exact_mw,7b4896c0e7f0a510554d89637fd747b157418067a95869d1f0661294d473d1dc,"{""distance"":5,""physical_error_rate"":0.02}","{""detection_events"":581,""detectors_checked"":7168,""obs_mistake_mask=E"":1}"
    294912,         0,         0,    5.95,exact_mw,70a969f5042aec17ac076c6379f4170fb7c69b8e925756ef3b7334e28a33338b,"{""distance"":5,""physical_error_rate"":0.0001}","{""detection_events"":29002,""detectors_checked"":66060288}"
        64,         1,         0,   0.581,exact_mw,72230d8c06b5a71069df48ede6f7f3e6128cd83e8239dd1b2e5fe023578b6eb1,"{""distance"":5,""physical_error_rate"":0.01}","{""detection_events"":687,""detectors_checked"":14336,""obs_mistake_mask=E"":1}"
     17408,         0,         0,   0.297,exact_mw,f32ebecd8e105e50ec838d33c5ed9b45444b6b44a3c6ac541111079f2b14e893,"{""distance"":5,""physical_error_rate"":5e-05}","{""detection_events"":826,""detectors_checked"":3899392}"
      1536,         3,         0,    3.16,exact_mw,38b7ae1c4e8407fc325e0d9e43e9f92ff26dcb3f5cf7b98d24ea74c9e5188d39,"{""distance"":5,""physical_error_rate"":0.005}","{""detection_events"":7613,""detectors_checked"":344064,""obs_mistake_mask=E"":3}"
     14336,         0,         0,   0.287,exact_mw,cb12ae119b9b2ba18d0216e7235b403229e92fd0743ede48fe7f1a2c6f45d594,"{""distance"":5,""physical_error_rate"":0.0005}","{""detection_events"":7361,""detectors_checked"":3211264}"
      1536,         2,         0,    3.50,exact_mw,38b7ae1c4e8407fc325e0d9e43e9f92ff26dcb3f5cf7b98d24ea74c9e5188d39,"{""distance"":5,""physical_error_rate"":0.005}","{""detection_events"":7589,""detectors_checked"":344064,""obs_mistake_mask=E"":2}"
         1,         0,         0,   0.001,exact_mw,72230d8c06b5a71069df48ede6f7f3e6128cd83e8239dd1b2e5fe023578b6eb1,"{""distance"":5,""physical_error_rate"":0.01}","{""detection_events"":6,""detectors_checked"":224}"
        32,         1,         0,   0.485,exact_mw,7b4896c0e7f0a510554d89637fd747b157418067a95869d1f0661294d473d1dc,"{""distance"":5,""physical_error_rate"":0.02}","{""detection_events"":540,""detectors_checked"":7168,""obs_mistake_mask=E"":1}"
       384,         1,         0,    3.35,exact_mw,72230d8c06b5a71069df48ede6f7f3e6128cd83e8239dd1b2e5fe023578b6eb1,"{""distance"":5,""physical_error_rate"":0.01}","{""detection_events"":3569,""detectors_checked"":86016,""obs_mistake_mask=E"":1}"
      1536,         2,         0,    4.50,exact_mw,38b7ae1c4e8407fc325e0d9e43e9f92ff26dcb3f5cf7b98d24ea74c9e5188d39,"{""distance"":5,""physical_error_rate"":0.005}","{""detection_events"":7394,""detectors_checked"":344064,""obs_mistake_mask=E"":2}"
     12288,         0,         0,   0.209,exact_mw,70a969f5042aec17ac076c6379f4170fb7c69b8e925756ef3b7334e28a33338b,"{""distance"":5,""physical_error_rate"":0.0001}","{""detection_events"":1276,""detectors_checked"":2752512}"
       256,        11,         0,    3.42,exact_mw,7b4896c0e7f0a510554d89637fd747b157418067a95869d1f0661294d473d1dc,"{""distance"":5,""physical_error_rate"":0.02}","{""detection_events"":4524,""detectors_checked"":57344,""obs_mistake_mask=E"":11}"
        16,         0,         0,   0.119,exact_mw,72230d8c06b5a71069df48ede6f7f3e6128cd83e8239dd1b2e5fe023578b6eb1,"{""distance"":5,""physical_error_rate"":0.01}","{""detection_events"":138,""detectors_checked"":3584}"
    325632,         0,         0,    5.93,exact_mw,cdc4a450a40af8e24899239080e4c40992fb5baf91c5a31ab3a165eacb3a1ab3,"{""distance"":5,""physical_error_rate"":0.0002}","{""detection_events"":64374,""detectors_checked"":72941568}"
       128,         1,         0,    1.17,exact_mw,72230d8c06b5a71069df48ede6f7f3e6128cd83e8239dd1b2e5fe023578b6eb1,"{""distance"":5,""physical_error_rate"":0.01}","{""detection_events"":1179,""detectors_checked"":28672,""obs_mistake_mask=E"":1}"
      5120,         0,         0,   0.328,exact_mw,bb90ec3459e353008cf9a5bb9142bf1e8515517a9e167021b225104594e48e8a,"{""distance"":5,""physical_error_rate"":0.001}","{""detection_events"":5277,""detectors_checked"":1146880}"
      1024,         0,         0,   0.287,exact_mw,3208f56225bbcac0e2804eb6f92d0a8b681652a702ca1ec920ccd7367f0e0899,"{""distance"":5,""physical_error_rate"":0.002}","{""detection_events"":2130,""detectors_checked"":229376}"
      7168,         0,         0,   0.281,exact_mw,cdc4a450a40af8e24899239080e4c40992fb5baf91c5a31ab3a165eacb3a1ab3,"{""distance"":5,""physical_error_rate"":0.0002}","{""detection_events"":1392,""detectors_checked"":1605632}"
     46080,         0,         0,    2.19,exact_mw,bb90ec3459e353008cf9a5bb9142bf1e8515517a9e167021b225104594e48e8a,"{""distance"":5,""physical_error_rate"":0.001}","{""detection_events"":45553,""detectors_checked"":10321920}"
       256,         0,         0,   0.693,exact_mw,38b7ae1c4e8407fc325e0d9e43e9f92ff26dcb3f5cf7b98d24ea74c9e5188d39,"{""distance"":5,""physical_error_rate"":0.005}","{""detection_events"":1177,""detectors_checked"":57344}"
        96,         1,         0,    1.57,exact_mw,7b4896c0e7f0a510554d89637fd747b157418067a95869d1f0661294d473d1dc,"{""distance"":5,""physical_error_rate"":0.02}","{""detection_events"":1729,""detectors_checked"":21504,""obs_mistake_mask=E"":1}"
    425984,         0,         0,    5.94,exact_mw,f32ebecd8e105e50ec838d33c5ed9b45444b6b44a3c6ac541111079f2b14e893,"{""distance"":5,""physical_error_rate"":5e-05}","{""detection_events"":20751,""detectors_checked"":95420416}"
     23552,         0,         0,   0.403,exact_mw,f32ebecd8e105e50ec838d33c5ed9b45444b6b44a3c6ac541111079f2b14e893,"{""distance"":5,""physical_error_rate"":5e-05}","{""detection_events"":1018,""detectors_checked"":5275648}"
        32,         0,         0,   0.427,exact_mw,7b4896c0e7f0a510554d89637fd747b157418067a95869d1f0661294d473d1dc,"{""distance"":5,""physical_error_rate"":0.02}","{""detection_events"":606,""detectors_checked"":7168}"
     18432,         0,         0,   0.277,exact_mw,70a969f5042aec17ac076c6379f4170fb7c69b8e925756ef3b7334e28a33338b,"{""distance"":5,""physical_error_rate"":0.0001}","{""detection_events"":1760,""detectors_checked"":4128768}"
      6144,         0,         0,    1.66,exact_mw,3208f56225bbcac0e2804eb6f92d0a8b681652a702ca1ec920ccd7367f0e0899,"{""distance"":5,""physical_error_rate"":0.002}","{""detection_events"":12036,""detectors_checked"":1376256}"
      5120,         0,         0,    1.77,exact_mw,3208f56225bbcac0e2804eb6f92d0a8b681652a702ca1ec920ccd7367f0e0899,"{""distance"":5,""physical_error_rate"":0.002}","{""detection_events"":10227,""detectors_checked"":1146880}"
     16384,         0,         0,   0.381,exact_mw,cb12ae119b9b2ba18d0216e7235b403229e92fd0743ede48fe7f1a2c6f45d594,"{""distance"":5,""physical_error_rate"":0.0005}","{""detection_events"":8124,""detectors_checked"":3670016}"
        32,         0,         0,   0.449,exact_mw,7b4896c0e7f0a510554d89637fd747b157418067a95869d1f0661294d473d1dc,"{""distance"":5,""physical_error_rate"":0.02}","{""detection_events"":509,""detectors_checked"":7168}"
      1024,         0,         0,   0.317,exact_mw,3208f56225bbcac0e2804eb6f92d0a8b681652a702ca1ec920ccd7367f0e0899,"{""distance"":5,""physical_error_rate"":0.002}","{""detection_events"":2008,""detectors_checked"":229376}"
       128,         5,         0,    1.68,exact_mw,7b4896c0e7f0a510554d89637fd747b157418067a95869d1f0661294d473d1dc,"{""distance"":5,""physical_error_rate"":0.02}","{""detection_events"":2238,""detectors_checked"":28672,""obs_mistake_mask=E"":5}"
        64,         2,         0,   0.650,exact_mw,72230d8c06b5a71069df48ede6f7f3e6128cd83e8239dd1b2e5fe023578b6eb1,"{""distance"":5,""physical_error_rate"":0.01}","{""detection_events"":662,""detectors_checked"":14336,""obs_mistake_mask=E"":2}"
    833536,         0,         0,    5.99,exact_mw,f32ebecd8e105e50ec838d33c5ed9b45444b6b44a3c6ac541111079f2b14e893,"{""distance"":5,""physical_error_rate"":5e-05}","{""detection_events"":41094,""detectors_checked"":186712064}"
        64,         0,         0,   0.450,exact_mw,72230d8c06b5a71069df48ede6f7f3e6128cd83e8239dd1b2e5fe023578b6eb1,"{""distance"":5,""physical_error_rate"":0.01}","{""detection_events"":511,""detectors_checked"":14336}"
      7168,         0,         0,   0.453,exact_mw,bb90ec3459e353008cf9a5bb9142bf1e8515517a9e167021b225104594e48e8a,"{""distance"":5,""physical_error_rate"":0.001}","{""detection_events"":6895,""detectors_checked"":1605632}"
      8192,         0,         0,   0.432,exact_mw,cdc4a450a40af8e24899239080e4c40992fb5baf91c5a31ab3a165eacb3a1ab3,"{""distance"":5,""physical_error_rate"":0.0002}","{""detection_events"":1658,""detectors_checked"":1835008}"
     14336,         0,         0,    5.05,exact_mw,3208f56225bbcac0e2804eb6f92d0a8b681652a702ca1ec920ccd7367f0e0899,"{""distance"":5,""physical_error_rate"":0.002}","{""detection_events"":28112,""detectors_checked"":3211264}"
       256,         0,         0,    1.49,exact_mw,38b7ae1c4e8407fc325e0d9e43e9f92ff26dcb3f5cf7b98d24ea74c9e5188d39,"{""distance"":5,""physical_error_rate"":0.005}","{""detection_events"":1275,""detectors_checked"":57344}"
     14336,         1,         0,    4.33,exact_mw,3208f56225bbcac0e2804eb6f92d0a8b681652a702ca1ec920ccd7367f0e0899,"{""distance"":5,""physical_error_rate"":0.002}","{""detection_events"":27940,""detectors_checked"":3211264,""obs_mistake_mask=E"":1}"
      1024,         0,         0,   0.202,exact_mw,3208f56225bbcac0e2804eb6f92d0a8b681652a702ca1ec920ccd7367f0e0899,"{""distance"":5,""physical_error_rate"":0.002}","{""detection_events"":1996,""detectors_checked"":229376}"
       512,         0,         0,    1.46,exact_mw,38b7ae1c4e8407fc325e0d9e43e9f92ff26dcb3f5cf7b98d24ea74c9e5188d39,"{""distance"":5,""physical_error_rate"":0.005}","{""detection_events"":2344,""detectors_checked"":114688}"
       512,         1,         0,    1.26,exact_mw,38b7ae1c4e8407fc325e0d9e43e9f92ff26dcb3f5cf7b98d24ea74c9e5188d39,"{""distance"":5,""physical_error_rate"":0.005}","{""detection_events"":2381,""detectors_checked"":114688,""obs_mistake_mask=E"":1}"
       256,         0,         0,    1.12,exact_mw,38b7ae1c4e8407fc325e0d9e43e9f92ff26dcb3f5cf7b98d24ea74c9e5188d39,"{""distance"":5,""physical_error_rate"":0.005}","{""detection_events"":1197,""detectors_checked"":57344}"
    343040,         0,         0,    5.91,exact_mw,70a969f5042aec17ac076c6379f4170fb7c69b8e925756ef3b7334e28a33338b,"{""distance"":5,""physical_error_rate"":0.0001}","{""detection_events"":33408,""detectors_checked"":76840960}"
    228352,         0,         0,    5.97,exact_mw,cb12ae119b9b2ba18d0216e7235b403229e92fd0743ede48fe7f1a2c6f45d594,"{""distance"":5,""physical_error_rate"":0.0005}","{""detection_events"":112419,""detectors_checked"":51150848}"
     13312,         0,         0,   0.424,exact_mw,70a969f5042aec17ac076c6379f4170fb7c69b8e925756ef3b7334e28a33338b,"{""distance"":5,""physical_error_rate"":0.0001}","{""detection_events"":1239,""detectors_checked"":2981888}"
    606208,         0,         0,    5.93,exact_mw,cdc4a450a40af8e24899239080e4c40992fb5baf91c5a31ab3a165eacb3a1ab3,"{""distance"":5,""physical_error_rate"":0.0002}","{""detection_events"":117991,""detectors_checked"":135790592}"
    364544,         0,         0,    5.90,exact_mw,cdc4a450a40af8e24899239080e4c40992fb5baf91c5a31ab3a165eacb3a1ab3,"{""distance"":5,""physical_error_rate"":0.0002}","{""detection_events"":72005,""detectors_checked"":81657856}"
       576,         3,         0,    4.64,exact_mw,72230d8c06b5a71069df48ede6f7f3e6128cd83e8239dd1b2e5fe023578b6eb1,"{""distance"":5,""physical_error_rate"":0.01}","{""detection_events"":5303,""detectors_checked"":129024,""obs_mistake_mask=E"":3}"
        32,         0,         0,   0.507,exact_mw,7b4896c0e7f0a510554d89637fd747b157418067a95869d1f0661294d473d1dc,"{""distance"":5,""physical_error_rate"":0.02}","{""detection_events"":569,""detectors_checked"":7168}"
       128,         0,         0,   0.230,exact_mw,38b7ae1c4e8407fc325e0d9e43e9f92ff26dcb3f5cf7b98d24ea74c9e5188d39,"{""distance"":5,""physical_error_rate"":0.005}","{""detection_events"":669,""detectors_checked"":28672}"
     32768,         0,         0,   0.570,exact_mw,f32ebecd8e105e50ec838d33c5ed9b45444b6b44a3c6ac541111079f2b14e893,"{""distance"":5,""physical_error_rate"":5e-05}","{""detection_events"":1565,""detectors_checked"":7340032}"
    288768,         0,         0,    5.88,exact_mw,f32ebecd8e105e50ec838d33c5ed9b45444b6b44a3c6ac541111079f2b14e893,"{""distance"":5,""physical_error_rate"":5e-05}","{""detection_events"":14541,""detectors_checked"":64684032}"
    315392,         0,         0,    3.01,exact_mw,70a969f5042aec17ac076c6379f4170fb7c69b8e925756ef3b7334e28a33338b,"{""distance"":5,""physical_error_rate"":0.0001}","{""detection_events"":30641,""detectors_checked"":70647808}"
      1024,         0,         0,   0.255,exact_mw,3208f56225bbcac0e2804eb6f92d0a8b681652a702ca1ec920ccd7367f0e0899,"{""distance"":5,""physical_error_rate"":0.002}","{""detection_events"":1947,""detectors_checked"":229376}"
       256,         0,         0,   0.751,exact_mw,38b7ae1c4e8407fc325e0d9e43e9f92ff26dcb3f5cf7b98d24ea74c9e5188d39,"{""distance"":5,""physical_error_rate"":0.005}","{""detection_events"":1229,""detectors_checked"":57344}"
       128,         1,         0,    1.04,exact_mw,72230d8c06b5a71069df48ede6f7f3e6128cd83e8239dd1b2e5fe023578b6eb1,"{""distance"":5,""physical_error_rate"":0.01}","{""detection_events"":1294,""detectors_checked"":28672,""obs_mistake_mask=E"":1}"
     22528,         0,         0,   0.571,exact_mw,cb12ae119b9b2ba18d0216e7235b403229e92fd0743ede48fe7f1a2c6f45d594,"{""distance"":5,""physical_error_rate"":0.0005}","{""detection_events"":11119,""detectors_checked"":5046272}"
    121856,         1,         0,    3.00,exact_mw,cb12ae119b9b2ba18d0216e7235b403229e92fd0743ede48fe7f1a2c6f45d594,"{""distance"":5,""physical_error_rate"":0.0005}","{""detection_events"":60321,""detectors_checked"":27295744,""obs_mistake_mask=E"":1}"
    207872,         0,         0,    5.78,exact_mw,cb12ae119b9b2ba18d0216e7235b403229e92fd0743ede48fe7f1a2c6f45d594,"{""distance"":5,""physical_error_rate"":0.0005}","{""detection_events"":102566,""detectors_checked"":46563328}"
        64,         0,         0,   0.513,exact_mw,72230d8c06b5a71069df48ede6f7f3e6128cd83e8239dd1b2e5fe023578b6eb1,"{""distance"":5,""physical_error_rate"":0.01}","{""detection_events"":538,""detectors_checked"":14336}"
        64,         0,         0,   0.483,exact_mw,72230d8c06b5a71069df48ede6f7f3e6128cd83e8239dd1b2e5fe023578b6eb1,"{""distance"":5,""physical_error_rate"":0.01}","{""detection_events"":542,""detectors_checked"":14336}"
       384,         1,         0,    3.51,exact_mw,72230d8c06b5a71069df48ede6f7f3e6128cd83e8239dd1b2e5fe023578b6eb1,"{""distance"":5,""physical_error_rate"":0.01}","{""detection_events"":3505,""detectors_checked"":86016,""obs_mistake_mask=E"":1}"
        32,         0,         0,   0.657,exact_mw,7b4896c0e7f0a510554d89637fd747b157418067a95869d1f0661294d473d1dc,"{""distance"":5,""physical_error_rate"":0.02}","{""detection_events"":645,""detectors_checked"":7168}"
    256000,         0,         0,    5.94,exact_mw,cb12ae119b9b2ba18d0216e7235b403229e92fd0743ede48fe7f1a2c6f45d594,"{""distance"":5,""physical_error_rate"":0.0005}","{""detection_events"":125266,""detectors_checked"":57344000}"
    348160,         0,         0,    5.96,exact_mw,f32ebecd8e105e50ec838d33c5ed9b45444b6b44a3c6ac541111079f2b14e893,"{""distance"":5,""physical_error_rate"":5e-05}","{""detection_events"":16965,""detectors_checked"":77987840}"
      8192,         0,         0,   0.570,exact_mw,bb90ec3459e353008cf9a5bb9142bf1e8515517a9e167021b225104594e48e8a,"{""distance"":5,""physical_error_rate"":0.001}","{""detection_events"":8112,""detectors_checked"":1835008}"
    165888,         0,         0,    2.99,exact_mw,f32ebecd8e105e50ec838d33c5ed9b45444b6b44a3c6ac541111079f2b14e893,"{""distance"":5,""physical_error_rate"":5e-05}","{""detection_events"":8105,""detectors_checked"":37158912}"
      1024,         0,         0,   0.228,exact_mw,3208f56225bbcac0e2804eb6f92d0a8b681652a702ca1ec920ccd7367f0e0899,"{""distance"":5,""physical_error_rate"":0.002}","{""detection_events"":2006,""detectors_checked"":229376}"
     23552,         0,         0,   0.573,exact_mw,cdc4a450a40af8e24899239080e4c40992fb5baf91c5a31ab3a165eacb3a1ab3,"{""distance"":5,""physical_error_rate"":0.0002}","{""detection_events"":4680,""detectors_checked"":5275648}"
     96256,         0,         0,    5.99,exact_mw,bb90ec3459e353008cf9a5bb9142bf1e8515517a9e167021b225104594e48e8a,"{""distance"":5,""physical_error_rate"":0.001}","{""detection_events"":94029,""detectors_checked"":21561344}"
    173056,         0,         0,    2.99,exact_mw,f32ebecd8e105e50ec838d33c5ed9b45444b6b44a3c6ac541111079f2b14e893,"{""distance"":5,""physical_error_rate"":5e-05}","{""detection_events"":8435,""detectors_checked"":38764544}"
    273408,         0,         0,    5.88,exact_mw,cb12ae119b9b2ba18d0216e7235b403229e92fd0743ede48fe7f1a2c6f45d594,"{""distance"":5,""physical_error_rate"":0.0005}","{""detection_events"":133486,""detectors_checked"":61243392}"
        32,         1,         0,   0.509,exact_mw,7b4896c0e7f0a510554d89637fd747b157418067a95869d1f0661294d473d1dc,"{""distance"":5,""physical_error_rate"":0.02}","{""detection_events"":553,""detectors_checked"":7168,""obs_mistake_mask=E"":1}"
       224,         5,         0,    4.60,exact_mw,7b4896c0e7f0a510554d89637fd747b157418067a95869d1f0661294d473d1dc,"{""distance"":5,""physical_error_rate"":0.02}","{""detection_events"":4056,""detectors_checked"":50176,""obs_mistake_mask=E"":5}"
     27648,         0,         0,   0.592,exact_mw,70a969f5042aec17ac076c6379f4170fb7c69b8e925756ef3b7334e28a33338b,"{""distance"":5,""physical_error_rate"":0.0001}","{""detection_events"":2632,""detectors_checked"":6193152}"
     49152,         1,         0,    3.11,exact_mw,bb90ec3459e353008cf9a5bb9142bf1e8515517a9e167021b225104594e48e8a,"{""distance"":5,""physical_error_rate"":0.001}","{""detection_events"":47381,""detectors_checked"":11010048,""obs_mistake_mask=E"":1}"
       320,         8,         0,    4.38,exact_mw,7b4896c0e7f0a510554d89637fd747b157418067a95869d1f0661294d473d1dc,"{""distance"":5,""physical_error_rate"":0.02}","{""detection_events"":5643,""detectors_checked"":71680,""obs_mistake_mask=E"":8}"
       384,         1,         0,    3.10,exact_mw,72230d8c06b5a71069df48ede6f7f3e6128cd83e8239dd1b2e5fe023578b6eb1,"{""distance"":5,""physical_error_rate"":0.01}","{""detection_events"":3575,""detectors_checked"":86016,""obs_mistake_mask=E"":1}"
       256,         0,         0,   0.503,exact_mw,38b7ae1c4e8407fc325e0d9e43e9f92ff26dcb3f5cf7b98d24ea74c9e5188d39,"{""distance"":5,""physical_error_rate"":0.005}","{""detection_events"":1301,""detectors_checked"":57344}"
       256,         8,         0,    4.32,exact_mw,7b4896c0e7f0a510554d89637fd747b157418067a95869d1f0661294d473d1dc,"{""distance"":5,""physical_error_rate"":0.02}","{""detection_events"":4521,""detectors_checked"":57344,""obs_mistake_mask=E"":8}"
    310272,         0,         0,    5.93,exact_mw,70a969f5042aec17ac076c6379f4170fb7c69b8e925756ef3b7334e28a33338b,"{""distance"":5,""physical_error_rate"":0.0001}","{""detection_events"":30587,""detectors_checked"":69500928}"
    368640,         0,         0,    5.89,exact_mw,f32ebecd8e105e50ec838d33c5ed9b45444b6b44a3c6ac541111079f2b14e893,"{""distance"":5,""physical_error_rate"":5e-05}","{""detection_events"":18049,""detectors_checked"":82575360}"
    236544,         0,         0,    5.87,exact_mw,cb12ae119b9b2ba18d0216e7235b403229e92fd0743ede48fe7f1a2c6f45d594,"{""distance"":5,""physical_error_rate"":0.0005}","{""detection_events"":117076,""detectors_checked"":52985856}"
      1024,         0,         0,   0.298,exact_mw,3208f56225bbcac0e2804eb6f92d0a8b681652a702ca1ec920ccd7367f0e0899,"{""distance"":5,""physical_error_rate"":0.002}","{""detection_events"":2066,""detectors_checked"":229376}"
        32,         1,         0,   0.386,exact_mw,7b4896c0e7f0a510554d89637fd747b157418067a95869d1f0661294d473d1dc,"{""distance"":5,""physical_error_rate"":0.02}","{""detection_events"":558,""detectors_checked"":7168,""obs_mistake_mask=E"":1}"
      1280,         1,         0,    4.33,exact_mw,38b7ae1c4e8407fc325e0d9e43e9f92ff26dcb3f5cf7b98d24ea74c9e5188d39,"{""distance"":5,""physical_error_rate"":0.005}","{""detection_events"":6233,""detectors_checked"":286720,""obs_mistake_mask=E"":1}"
       256,         1,         0,    1.97,exact_mw,72230d8c06b5a71069df48ede6f7f3e6128cd83e8239dd1b2e5fe023578b6eb1,"{""distance"":5,""physical_error_rate"":0.01}","{""detection_events"":2357,""detectors_checked"":57344,""obs_mistake_mask=E"":1}"
       256,        11,         0,    4.44,exact_mw,7b4896c0e7f0a510554d89637fd747b157418067a95869d1f0661294d473d1dc,"{""distance"":5,""physical_error_rate"":0.02}","{""detection_events"":4763,""detectors_checked"":57344,""obs_mistake_mask=E"":11}"
       320,         3,         0,    3.63,exact_mw,72230d8c06b5a71069df48ede6f7f3e6128cd83e8239dd1b2e5fe023578b6eb1,"{""distance"":5,""physical_error_rate"":0.01}","{""detection_events"":3115,""detectors_checked"":71680,""obs_mistake_mask=E"":3}"
        64,         0,         0,   0.582,exact_mw,72230d8c06b5a71069df48ede6f7f3e6128cd83e8239dd1b2e5fe023578b6eb1,"{""distance"":5,""physical_error_rate"":0.01}","{""detection_events"":565,""detectors_checked"":14336}"
       256,         0,         0,   0.697,exact_mw,38b7ae1c4e8407fc325e0d9e43e9f92ff26dcb3f5cf7b98d24ea74c9e5188d39,"{""distance"":5,""physical_error_rate"":0.005}","{""detection_events"":1125,""detectors_checked"":57344}"
        64,         1,         0,   0.677,exact_mw,72230d8c06b5a71069df48ede6f7f3e6128cd83e8239dd1b2e5fe023578b6eb1,"{""distance"":5,""physical_error_rate"":0.01}","{""detection_events"":645,""detectors_checked"":14336,""obs_mistake_mask=E"":1}"
     43008,         0,         0,   0.795,exact_mw,f32ebecd8e105e50ec838d33c5ed9b45444b6b44a3c6ac541111079f2b14e893,"{""distance"":5,""physical_error_rate"":5e-05}","{""detection_events"":2186,""detectors_checked"":9633792}"
       192,         2,         0,    1.62,exact_mw,72230d8c06b5a71069df48ede6f7f3e6128cd83e8239dd1b2e5fe023578b6eb1,"{""distance"":5,""physical_error_rate"":0.01}","{""detection_events"":1716,""detectors_checked"":43008,""obs_mistake_mask=E"":2}"
     28672,         0,         0,   0.744,exact_mw,cb12ae119b9b2ba18d0216e7235b403229e92fd0743ede48fe7f1a2c6f45d594,"{""distance"":5,""physical_error_rate"":0.0005}","{""detection_events"":13839,""detectors_checked"":6422528}"
    166912,         0,         0,    2.95,exact_mw,cdc4a450a40af8e24899239080e4c40992fb5baf91c5a31ab3a165eacb3a1ab3,"{""distance"":5,""physical_error_rate"":0.0002}","{""detection_events"":33070,""detectors_checked"":37388288}"
       512,         3,         0,    4.52,exact_mw,72230d8c06b5a71069df48ede6f7f3e6128cd83e8239dd1b2e5fe023578b6eb1,"{""distance"":5,""physical_error_rate"":0.01}","{""detection_events"":4790,""detectors_checked"":114688,""obs_mistake_mask=E"":3}"
      1024,         0,         0,   0.391,exact_mw,3208f56225bbcac0e2804eb6f92d0a8b681652a702ca1ec920ccd7367f0e0899,"{""distance"":5,""physical_error_rate"":0.002}","{""detection_events"":2039,""detectors_checked"":229376}"
    106496,         1,         0,    5.89,exact_mw,bb90ec3459e353008cf9a5bb9142bf1e8515517a9e167021b225104594e48e8a,"{""distance"":5,""physical_error_rate"":0.001}","{""detection_events"":104283,""detectors_checked"":23855104,""obs_mistake_mask=E"":1}"
        32,         2,         0,   0.493,exact_mw,7b4896c0e7f0a510554d89637fd747b157418067a95869d1f0661294d473d1dc,"{""distance"":5,""physical_error_rate"":0.02}","{""detection_events"":617,""detectors_checked"":7168,""obs_mistake_mask=E"":2}"
    378880,         0,         0,    5.94,exact_mw,f32ebecd8e105e50ec838d33c5ed9b45444b6b44a3c6ac541111079f2b14e893,"{""distance"":5,""physical_error_rate"":5e-05}","{""detection_events"":18518,""detectors_checked"":84869120}"
    167936,         0,         0,    2.98,exact_mw,70a969f5042aec17ac076c6379f4170fb7c69b8e925756ef3b7334e28a33338b,"{""distance"":5,""physical_error_rate"":0.0001}","{""detection_events"":16539,""detectors_checked"":37617664}"
        32,         2,         0,   0.437,exact_mw,7b4896c0e7f0a510554d89637fd747b157418067a95869d1f0661294d473d1dc,"{""distance"":5,""physical_error_rate"":0.02}","{""detection_events"":593,""detectors_checked"":7168,""obs_mistake_mask=E"":2}"
    105472,         0,         0,    6.03,exact_mw,bb90ec3459e353008cf9a5bb9142bf1e8515517a9e167021b225104594e48e8a,"{""distance"":5,""physical_error_rate"":0.001}","{""detection_events"":104506,""detectors_checked"":23625728}"
     47104,         0,         0,    2.98,exact_mw,bb90ec3459e353008cf9a5bb9142bf1e8515517a9e167021b225104594e48e8a,"{""distance"":5,""physical_error_rate"":0.001}","{""detection_events"":46385,""detectors_checked"":10551296}"
       256,         0,         0,   0.493,exact_mw,38b7ae1c4e8407fc325e0d9e43e9f92ff26dcb3f5cf7b98d24ea74c9e5188d39,"{""distance"":5,""physical_error_rate"":0.005}","{""detection_events"":1238,""detectors_checked"":57344}"
    478208,         0,         0,    5.96,exact_mw,cdc4a450a40af8e24899239080e4c40992fb5baf91c5a31ab3a165eacb3a1ab3,"{""distance"":5,""physical_error_rate"":0.0002}","{""detection_events"":94510,""detectors_checked"":107118592}"
     55296,         0,         0,   0.799,exact_mw,cdc4a450a40af8e24899239080e4c40992fb5baf91c5a31ab3a165eacb3a1ab3,"{""distance"":5,""physical_error_rate"":0.0002}","{""detection_events"":10876,""detectors_checked"":12386304}"
    181248,         0,         0,    3.06,exact_mw,f32ebecd8e105e50ec838d33c5ed9b45444b6b44a3c6ac541111079f2b14e893,"{""distance"":5,""physical_error_rate"":5e-05}","{""detection_events"":8881,""detectors_checked"":40599552}"
     11264,         0,         0,   0.834,exact_mw,bb90ec3459e353008cf9a5bb9142bf1e8515517a9e167021b225104594e48e8a,"{""distance"":5,""physical_error_rate"":0.001}","{""detection_events"":10953,""detectors_checked"":2523136}"
    339968,         0,         0,    5.98,exact_mw,cdc4a450a40af8e24899239080e4c40992fb5baf91c5a31ab3a165eacb3a1ab3,"{""distance"":5,""physical_error_rate"":0.0002}","{""detection_events"":67012,""detectors_checked"":76152832}"
    221184,         0,         0,    3.00,exact_mw,cdc4a450a40af8e24899239080e4c40992fb5baf91c5a31ab3a165eacb3a1ab3,"{""distance"":5,""physical_error_rate"":0.0002}","{""detection_events"":44134,""detectors_checked"":49545216}"
    175104,         0,         0,    3.04,exact_mw,cdc4a450a40af8e24899239080e4c40992fb5baf91c5a31ab3a165eacb3a1ab3,"{""distance"":5,""physical_error_rate"":0.0002}","{""detection_events"":34598,""detectors_checked"":39223296}"
    440320,         0,         0,    5.90,exact_mw,cdc4a450a40af8e24899239080e4c40992fb5baf91c5a31ab3a165eacb3a1ab3,"{""distance"":5,""physical_error_rate"":0.0002}","{""detection_events"":87056,""detectors_checked"":98631680}"
     91136,         0,         0,    5.96,exact_mw,bb90ec3459e353008cf9a5bb9142bf1e8515517a9e167021b225104594e48e8a,"{""distance"":5,""physical_error_rate"":0.001}","{""detection_events"":90203,""detectors_checked"":20414464}"
       128,         0,         0,    1.11,exact_mw,72230d8c06b5a71069df48ede6f7f3e6128cd83e8239dd1b2e5fe023578b6eb1,"{""distance"":5,""physical_error_rate"":0.01}","{""detection_events"":1166,""detectors_checked"":28672}"
    380928,         0,         0,    5.97,exact_mw,70a969f5042aec17ac076c6379f4170fb7c69b8e925756ef3b7334e28a33338b,"{""distance"":5,""physical_error_rate"":0.0001}","{""detection_events"":36946,""detectors_checked"":85327872}"
      7168,         0,         0,    2.37,exact_mw,3208f56225bbcac0e2804eb6f92d0a8b681652a702ca1ec920ccd7367f0e0899,"{""distance"":5,""physical_error_rate"":0.002}","{""detection_events"":14112,""detectors_checked"":1605632}"
       512,         0,         0,    1.43,exact_mw,38b7ae1c4e8407fc325e0d9e43e9f92ff26dcb3f5cf7b98d24ea74c9e5188d39,"{""distance"":5,""physical_error_rate"":0.005}","{""detection_events"":2386,""detectors_checked"":114688}"
     40960,         0,         0,   0.792,exact_mw,70a969f5042aec17ac076c6379f4170fb7c69b8e925756ef3b7334e28a33338b,"{""distance"":5,""physical_error_rate"":0.0001}","{""detection_events"":4139,""detectors_checked"":9175040}"
      1280,         6,         0,    3.43,exact_mw,72230d8c06b5a71069df48ede6f7f3e6128cd83e8239dd1b2e5fe023578b6eb1,"{""distance"":5,""physical_error_rate"":0.01}","{""detection_events"":11916,""detectors_checked"":286720,""obs_mistake_mask=E"":6}"
      1024,         0,         0,   0.304,exact_mw,3208f56225bbcac0e2804eb6f92d0a8b681652a702ca1ec920ccd7367f0e0899,"{""distance"":5,""physical_error_rate"":0.002}","{""detection_events"":2005,""detectors_checked"":229376}"
    122880,         0,         0,    2.97,exact_mw,cb12ae119b9b2ba18d0216e7235b403229e92fd0743ede48fe7f1a2c6f45d594,"{""distance"":5,""physical_error_rate"":0.0005}","{""detection_events"":60850,""detectors_checked"":27525120}"
     19456,         1,         0,    6.27,exact_mw,3208f56225bbcac0e2804eb6f92d0a8b681652a702ca1ec920ccd7367f0e0899,"{""distance"":5,""physical_error_rate"":0.002}","{""detection_events"":38064,""detectors_checked"":4358144,""obs_mistake_mask=E"":1}"
       512,         2,         0,    1.58,exact_mw,38b7ae1c4e8407fc325e0d9e43e9f92ff26dcb3f5cf7b98d24ea74c9e5188d39,"{""distance"":5,""physical_error_rate"":0.005}","{""detection_events"":2470,""detectors_checked"":114688,""obs_mistake_mask=E"":2}"
     98304,         0,         0,    5.86,exact_mw,bb90ec3459e353008cf9a5bb9142bf1e8515517a9e167021b225104594e48e8a,"{""distance"":5,""physical_error_rate"":0.001}","{""detection_events"":96690,""detectors_checked"":22020096}"
    417792,         0,         0,    5.95,exact_mw,70a969f5042aec17ac076c6379f4170fb7c69b8e925756ef3b7334e28a33338b,"{""distance"":5,""physical_error_rate"":0.0001}","{""detection_events"":41853,""detectors_checked"":93585408}"
        64,         1,         0,   0.666,exact_mw,72230d8c06b5a71069df48ede6f7f3e6128cd83e8239dd1b2e5fe023578b6eb1,"{""distance"":5,""physical_error_rate"":0.01}","{""detection_events"":568,""detectors_checked"":14336,""obs_mistake_mask=E"":1}"
       128,         7,         0,    2.07,exact_mw,7b4896c0e7f0a510554d89637fd747b157418067a95869d1f0661294d473d1dc,"{""distance"":5,""physical_error_rate"":0.02}","{""detection_events"":2343,""detectors_checked"":28672,""obs_mistake_mask=E"":7}"
       640,         2,         0,    4.68,exact_mw,72230d8c06b5a71069df48ede6f7f3e6128cd83e8239dd1b2e5fe023578b6eb1,"{""distance"":5,""physical_error_rate"":0.01}","{""detection_events"":5827,""detectors_checked"":143360,""obs_mistake_mask=E"":2}"
        32,         2,         0,   0.477,exact_mw,7b4896c0e7f0a510554d89637fd747b157418067a95869d1f0661294d473d1dc,"{""distance"":5,""physical_error_rate"":0.02}","{""detection_events"":615,""detectors_checked"":7168,""obs_mistake_mask=E"":2}"
    276480,         0,         0,    5.87,exact_mw,cb12ae119b9b2ba18d0216e7235b403229e92fd0743ede48fe7f1a2c6f45d594,"{""distance"":5,""physical_error_rate"":0.0005}","{""detection_events"":136508,""detectors_checked"":61931520}"
        32,         2,         0,   0.443,exact_mw,7b4896c0e7f0a510554d89637fd747b157418067a95869d1f0661294d473d1dc,"{""distance"":5,""physical_error_rate"":0.02}","{""detection_events"":518,""detectors_checked"":7168,""obs_mistake_mask=E"":2}"
       512,         8,         0,    4.42,exact_mw,72230d8c06b5a71069df48ede6f7f3e6128cd83e8239dd1b2e5fe023578b6eb1,"{""distance"":5,""physical_error_rate"":0.01}","{""detection_events"":4854,""detectors_checked"":114688,""obs_mistake_mask=E"":8}"
      1792,         5,         0,    4.45,exact_mw,38b7ae1c4e8407fc325e0d9e43e9f92ff26dcb3f5cf7b98d24ea74c9e5188d39,"{""distance"":5,""physical_error_rate"":0.005}","{""detection_events"":8596,""detectors_checked"":401408,""obs_mistake_mask=E"":5}"
        64,         2,         0,   0.759,exact_mw,72230d8c06b5a71069df48ede6f7f3e6128cd83e8239dd1b2e5fe023578b6eb1,"{""distance"":5,""physical_error_rate"":0.01}","{""detection_events"":607,""detectors_checked"":14336,""obs_mistake_mask=E"":2}"
    226304,         0,         0,    5.94,exact_mw,cb12ae119b9b2ba18d0216e7235b403229e92fd0743ede48fe7f1a2c6f45d594,"{""distance"":5,""physical_error_rate"":0.0005}","{""detection_events"":111983,""detectors_checked"":50692096}"
    196608,         0,         0,    3.01,exact_mw,f32ebecd8e105e50ec838d33c5ed9b45444b6b44a3c6ac541111079f2b14e893,"{""distance"":5,""physical_error_rate"":5e-05}","{""detection_events"":9586,""detectors_checked"":44040192}"
       192,         6,         0,    3.13,exact_mw,7b4896c0e7f0a510554d89637fd747b157418067a95869d1f0661294d473d1dc,"{""distance"":5,""physical_error_rate"":0.02}","{""detection_events"":3522,""detectors_checked"":43008,""obs_mistake_mask=E"":6}"
    343040,         0,         0,    5.92,exact_mw,f32ebecd8e105e50ec838d33c5ed9b45444b6b44a3c6ac541111079f2b14e893,"{""distance"":5,""physical_error_rate"":5e-05}","{""detection_events"":17057,""detectors_checked"":76840960}"
      6144,         1,         0,    2.21,exact_mw,3208f56225bbcac0e2804eb6f92d0a8b681652a702ca1ec920ccd7367f0e0899,"{""distance"":5,""physical_error_rate"":0.002}","{""detection_events"":11815,""detectors_checked"":1376256,""obs_mistake_mask=E"":1}"
       256,         0,         0,   0.972,exact_mw,38b7ae1c4e8407fc325e0d9e43e9f92ff26dcb3f5cf7b98d24ea74c9e5188d39,"{""distance"":5,""physical_error_rate"":0.005}","{""detection_events"":1280,""detectors_checked"":57344}"
    334848,         0,         0,    5.94,exact_mw,cdc4a450a40af8e24899239080e4c40992fb5baf91c5a31ab3a165eacb3a1ab3,"{""distance"":5,""physical_error_rate"":0.0002}","{""detection_events"":65517,""detectors_checked"":75005952}"
    310272,         0,         0,    5.96,exact_mw,cdc4a450a40af8e24899239080e4c40992fb5baf91c5a31ab3a165eacb3a1ab3,"{""distance"":5,""physical_error_rate"":0.0002}","{""detection_events"":61533,""detectors_checked"":69500928}"
    185344,         0,         0,    3.04,exact_mw,70a969f5042aec17ac076c6379f4170fb7c69b8e925756ef3b7334e28a33338b,"{""distance"":5,""physical_error_rate"":0.0001}","{""detection_events"":18611,""detectors_checked"":41517056}"
    169984,         0,         0,    2.99,exact_mw,70a969f5042aec17ac076c6379f4170fb7c69b8e925756ef3b7334e28a33338b,"{""distance"":5,""physical_error_rate"":0.0001}","{""detection_events"":16668,""detectors_checked"":38076416}"
      1792,         0,         0,    4.64,exact_mw,38b7ae1c4e8407fc325e0d9e43e9f92ff26dcb3f5cf7b98d24ea74c9e5188d39,"{""distance"":5,""physical_error_rate"":0.005}","{""detection_events"":8702,""detectors_checked"":401408}"
    142336,         0,         0,    3.06,exact_mw,cb12ae119b9b2ba18d0216e7235b403229e92fd0743ede48fe7f1a2c6f45d594,"{""distance"":5,""physical_error_rate"":0.0005}","{""detection_events"":70187,""detectors_checked"":31883264}"
       256,         0,         0,   0.838,exact_mw,38b7ae1c4e8407fc325e0d9e43e9f92ff26dcb3f5cf7b98d24ea74c9e5188d39,"{""distance"":5,""physical_error_rate"":0.005}","{""detection_events"":1223,""detectors_checked"":57344}"
      2048,         0,         0,   0.620,exact_mw,3208f56225bbcac0e2804eb6f92d0a8b681652a702ca1ec920ccd7367f0e0899,"{""distance"":5,""physical_error_rate"":0.002}","{""detection_events"":3990,""detectors_checked"":458752}"
     10240,         0,         0,    2.43,exact_mw,3208f56225bbcac0e2804eb6f92d0a8b681652a702ca1ec920ccd7367f0e0899,"{""distance"":5,""physical_error_rate"":0.002}","{""detection_events"":20109,""detectors_checked"":2293760}"
        32,         1,         0,   0.451,exact_mw,7b4896c0e7f0a510554d89637fd747b157418067a95869d1f0661294d473d1dc,"{""distance"":5,""physical_error_rate"":0.02}","{""detection_events"":546,""detectors_checked"":7168,""obs_mistake_mask=E"":1}"
     48128,         0,         0,    1.13,exact_mw,f32ebecd8e105e50ec838d33c5ed9b45444b6b44a3c6ac541111079f2b14e893,"{""distance"":5,""physical_error_rate"":5e-05}","{""detection_events"":2430,""detectors_checked"":10780672}"
        32,         1,         0,   0.501,exact_mw,7b4896c0e7f0a510554d89637fd747b157418067a95869d1f0661294d473d1dc,"{""distance"":5,""physical_error_rate"":0.02}","{""detection_events"":519,""detectors_checked"":7168,""obs_mistake_mask=E"":1}"
     34816,         0,         0,    1.13,exact_mw,cb12ae119b9b2ba18d0216e7235b403229e92fd0743ede48fe7f1a2c6f45d594,"{""distance"":5,""physical_error_rate"":0.0005}","{""detection_events"":17413,""detectors_checked"":7798784}"
       768,         0,         0,    2.19,exact_mw,38b7ae1c4e8407fc325e0d9e43e9f92ff26dcb3f5cf7b98d24ea74c9e5188d39,"{""distance"":5,""physical_error_rate"":0.005}","{""detection_events"":3692,""detectors_checked"":172032}"
        64,         0,         0,   0.653,exact_mw,72230d8c06b5a71069df48ede6f7f3e6128cd83e8239dd1b2e5fe023578b6eb1,"{""distance"":5,""physical_error_rate"":0.01}","{""detection_events"":585,""detectors_checked"":14336}"
    380928,         0,         0,    5.95,exact_mw,cb12ae119b9b2ba18d0216e7235b403229e92fd0743ede48fe7f1a2c6f45d594,"{""distance"":5,""physical_error_rate"":0.0005}","{""detection_events"":187164,""detectors_checked"":85327872}"
       256,        14,         0,    2.52,exact_mw,7b4896c0e7f0a510554d89637fd747b157418067a95869d1f0661294d473d1dc,"{""distance"":5,""physical_error_rate"":0.02}","{""detection_events"":4611,""detectors_checked"":57344,""obs_mistake_mask=E"":14}"
     34816,         1,         0,    6.00,exact_mw,3208f56225bbcac0e2804eb6f92d0a8b681652a702ca1ec920ccd7367f0e0899,"{""distance"":5,""physical_error_rate"":0.002}","{""detection_events"":67485,""detectors_checked"":7798784,""obs_mistake_mask=E"":1}"
    262144,         0,         0,    5.89,exact_mw,cb12ae119b9b2ba18d0216e7235b403229e92fd0743ede48fe7f1a2c6f45d594,"{""distance"":5,""physical_error_rate"":0.0005}","{""detection_events"":128862,""detectors_checked"":58720256}"
     77824,         0,         0,    1.10,exact_mw,cdc4a450a40af8e24899239080e4c40992fb5baf91c5a31ab3a165eacb3a1ab3,"{""distance"":5,""physical_error_rate"":0.0002}","{""detection_events"":14893,""detectors_checked"":17432576}"
     19456,         0,         0,    1.16,exact_mw,bb90ec3459e353008cf9a5bb9142bf1e8515517a9e167021b225104594e48e8a,"{""distance"":5,""physical_error_rate"":0.001}","{""detection_events"":18992,""detectors_checked"":4358144}"
    375808,         0,         0,    5.95,exact_mw,70a969f5042aec17ac076c6379f4170fb7c69b8e925756ef3b7334e28a33338b,"{""distance"":5,""physical_error_rate"":0.0001}","{""detection_events"":36091,""detectors_checked"":84180992}"
     84992,         0,         0,    3.06,exact_mw,bb90ec3459e353008cf9a5bb9142bf1e8515517a9e167021b225104594e48e8a,"{""distance"":5,""physical_error_rate"":0.001}","{""detection_events"":84157,""detectors_checked"":19038208}"
        32,         1,         0,   0.420,exact_mw,7b4896c0e7f0a510554d89637fd747b157418067a95869d1f0661294d473d1dc,"{""distance"":5,""physical_error_rate"":0.02}","{""detection_events"":573,""detectors_checked"":7168,""obs_mistake_mask=E"":1}"
        32,         1,         0,   0.402,exact_mw,7b4896c0e7f0a510554d89637fd747b157418067a95869d1f0661294d473d1dc,"{""distance"":5,""physical_error_rate"":0.02}","{""detection_events"":565,""detectors_checked"":7168,""obs_mistake_mask=E"":1}"
    308224,         0,         0,    5.90,exact_mw,cdc4a450a40af8e24899239080e4c40992fb5baf91c5a31ab3a165eacb3a1ab3,"{""distance"":5,""physical_error_rate"":0.0002}","{""detection_events"":60660,""detectors_checked"":69042176}"
     80896,         0,         0,    1.10,exact_mw,70a969f5042aec17ac076c6379f4170fb7c69b8e925756ef3b7334e28a33338b,"{""distance"":5,""physical_error_rate"":0.0001}","{""detection_events"":8206,""detectors_checked"":18120704}"
        64,         0,         0,   0.818,exact_mw,72230d8c06b5a71069df48ede6f7f3e6128cd83e8239dd1b2e5fe023578b6eb1,"{""distance"":5,""physical_error_rate"":0.01}","{""detection_events"":683,""detectors_checked"":14336}"
      1280,         2,         0,    4.44,exact_mw,38b7ae1c4e8407fc325e0d9e43e9f92ff26dcb3f5cf7b98d24ea74c9e5188d39,"{""distance"":5,""physical_error_rate"":0.005}","{""detection_events"":6300,""detectors_checked"":286720,""obs_mistake_mask=E"":2}"
      2048,         0,         0,   0.599,exact_mw,3208f56225bbcac0e2804eb6f92d0a8b681652a702ca1ec920ccd7367f0e0899,"{""distance"":5,""physical_error_rate"":0.002}","{""detection_events"":3957,""detectors_checked"":458752}"
     19456,         1,         0,    6.15,exact_mw,3208f56225bbcac0e2804eb6f92d0a8b681652a702ca1ec920ccd7367f0e0899,"{""distance"":5,""physical_error_rate"":0.002}","{""detection_events"":37931,""detectors_checked"":4358144,""obs_mistake_mask=E"":1}"
       256,         0,         0,   0.673,exact_mw,38b7ae1c4e8407fc325e0d9e43e9f92ff26dcb3f5cf7b98d24ea74c9e5188d39,"{""distance"":5,""physical_error_rate"":0.005}","{""detection_events"":1218,""detectors_checked"":57344}"
       512,         4,         0,    4.80,exact_mw,72230d8c06b5a71069df48ede6f7f3e6128cd83e8239dd1b2e5fe023578b6eb1,"{""distance"":5,""physical_error_rate"":0.01}","{""detection_events"":4712,""detectors_checked"":114688,""obs_mistake_mask=E"":4}"
      1536,         1,         0,    4.32,exact_mw,38b7ae1c4e8407fc325e0d9e43e9f92ff26dcb3f5cf7b98d24ea74c9e5188d39,"{""distance"":5,""physical_error_rate"":0.005}","{""detection_events"":7234,""detectors_checked"":344064,""obs_mistake_mask=E"":1}"
     19456,         2,         0,    6.23,exact_mw,3208f56225bbcac0e2804eb6f92d0a8b681652a702ca1ec920ccd7367f0e0899,"{""distance"":5,""physical_error_rate"":0.002}","{""detection_events"":37891,""detectors_checked"":4358144,""obs_mistake_mask=E"":2}"
       256,         0,         0,   0.980,exact_mw,38b7ae1c4e8407fc325e0d9e43e9f92ff26dcb3f5cf7b98d24ea74c9e5188d39,"{""distance"":5,""physical_error_rate"":0.005}","{""detection_events"":1285,""detectors_checked"":57344}"
        32,         2,         0,   0.451,exact_mw,7b4896c0e7f0a510554d89637fd747b157418067a95869d1f0661294d473d1dc,"{""distance"":5,""physical_error_rate"":0.02}","{""detection_events"":599,""detectors_checked"":7168,""obs_mistake_mask=E"":2}"
        64,         5,         0,   0.787,exact_mw,72230d8c06b5a71069df48ede6f7f3e6128cd83e8239dd1b2e5fe023578b6eb1,"{""distance"":5,""physical_error_rate"":0.01}","{""detection_events"":622,""detectors_checked"":14336,""obs_mistake_mask=E"":5}"
        32,         0,         0,   0.479,exact_mw,7b4896c0e7f0a510554d89637fd747b157418067a95869d1f0661294d473d1dc,"{""distance"":5,""physical_error_rate"":0.02}","{""detection_events"":522,""detectors_checked"":7168}"
       192,         2,         0,    1.74,exact_mw,72230d8c06b5a71069df48ede6f7f3e6128cd83e8239dd1b2e5fe023578b6eb1,"{""distance"":5,""physical_error_rate"":0.01}","{""detection_events"":1808,""detectors_checked"":43008,""obs_mistake_mask=E"":2}"
       512,         0,         0,    1.71,exact_mw,38b7ae1c4e8407fc325e0d9e43e9f92ff26dcb3f5cf7b98d24ea74c9e5188d39,"{""distance"":5,""physical_error_rate"":0.005}","{""detection_events"":2511,""detectors_checked"":114688}"
        64,         0,         0,   0.671,exact_mw,72230d8c06b5a71069df48ede6f7f3e6128cd83e8239dd1b2e5fe023578b6eb1,"{""distance"":5,""physical_error_rate"":0.01}","{""detection_events"":610,""detectors_checked"":14336}"
       768,         2,         0,    1.71,exact_mw,38b7ae1c4e8407fc325e0d9e43e9f92ff26dcb3f5cf7b98d24ea74c9e5188d39,"{""distance"":5,""physical_error_rate"":0.005}","{""detection_events"":3732,""detectors_checked"":172032,""obs_mistake_mask=E"":2}"
       320,         1,         0,    2.53,exact_mw,72230d8c06b5a71069df48ede6f7f3e6128cd83e8239dd1b2e5fe023578b6eb1,"{""distance"":5,""physical_error_rate"":0.01}","{""detection_events"":3039,""detectors_checked"":71680,""obs_mistake_mask=E"":1}"
        32,         0,         0,   0.524,exact_mw,7b4896c0e7f0a510554d89637fd747b157418067a95869d1f0661294d473d1dc,"{""distance"":5,""physical_error_rate"":0.02}","{""detection_events"":700,""detectors_checked"":7168}"
       352,        10,         0,    5.96,exact_mw,7b4896c0e7f0a510554d89637fd747b157418067a95869d1f0661294d473d1dc,"{""distance"":5,""physical_error_rate"":0.02}","{""detection_events"":6364,""detectors_checked"":78848,""obs_mistake_mask=E"":10}"
       256,         0,         0,    2.62,exact_mw,72230d8c06b5a71069df48ede6f7f3e6128cd83e8239dd1b2e5fe023578b6eb1,"{""distance"":5,""physical_error_rate"":0.01}","{""detection_events"":2274,""detectors_checked"":57344}"
     29696,         1,         0,    5.99,exact_mw,3208f56225bbcac0e2804eb6f92d0a8b681652a702ca1ec920ccd7367f0e0899,"{""distance"":5,""physical_error_rate"":0.002}","{""detection_events"":58012,""detectors_checked"":6651904,""obs_mistake_mask=E"":1}"
       256,         0,         0,   0.919,exact_mw,38b7ae1c4e8407fc325e0d9e43e9f92ff26dcb3f5cf7b98d24ea74c9e5188d39,"{""distance"":5,""physical_error_rate"":0.005}","{""detection_events"":1242,""detectors_checked"":57344}"
      2304,         3,         0,    6.03,exact_mw,38b7ae1c4e8407fc325e0d9e43e9f92ff26dcb3f5cf7b98d24ea74c9e5188d39,"{""distance"":5,""physical_error_rate"":0.005}","{""detection_events"":11098,""detectors_checked"":516096,""obs_mistake_mask=E"":3}"
     74752,         0,         0,    1.56,exact_mw,f32ebecd8e105e50ec838d33c5ed9b45444b6b44a3c6ac541111079f2b14e893,"{""distance"":5,""physical_error_rate"":5e-05}","{""detection_events"":3972,""detectors_checked"":16744448}"
      3072,         0,         0,    1.05,exact_mw,3208f56225bbcac0e2804eb6f92d0a8b681652a702ca1ec920ccd7367f0e0899,"{""distance"":5,""physical_error_rate"":0.002}","{""detection_events"":6144,""detectors_checked"":688128}"
     52224,         0,         0,    1.56,exact_mw,cb12ae119b9b2ba18d0216e7235b403229e92fd0743ede48fe7f1a2c6f45d594,"{""distance"":5,""physical_error_rate"":0.0005}","{""detection_events"":25516,""detectors_checked"":11698176}"
       256,         0,         0,   0.875,exact_mw,38b7ae1c4e8407fc325e0d9e43e9f92ff26dcb3f5cf7b98d24ea74c9e5188d39,"{""distance"":5,""physical_error_rate"":0.005}","{""detection_events"":1187,""detectors_checked"":57344}"
        64,         2,         0,   0.750,exact_mw,72230d8c06b5a71069df48ede6f7f3e6128cd83e8239dd1b2e5fe023578b6eb1,"{""distance"":5,""physical_error_rate"":0.01}","{""detection_events"":586,""detectors_checked"":14336,""obs_mistake_mask=E"":2}"
     80896,         0,         0,    5.99,exact_mw,bb90ec3459e353008cf9a5bb9142bf1e8515517a9e167021b225104594e48e8a,"{""distance"":5,""physical_error_rate"":0.001}","{""detection_events"":79536,""detectors_checked"":18120704}"
       160,         5,         0,    2.29,exact_mw,7b4896c0e7f0a510554d89637fd747b157418067a95869d1f0661294d473d1dc,"{""distance"":5,""physical_error_rate"":0.02}","{""detection_events"":2878,""detectors_checked"":35840,""obs_mistake_mask=E"":5}"
        64,         1,         0,   0.644,exact_mw,72230d8c06b5a71069df48ede6f7f3e6128cd83e8239dd1b2e5fe023578b6eb1,"{""distance"":5,""physical_error_rate"":0.01}","{""detection_events"":548,""detectors_checked"":14336,""obs_mistake_mask=E"":1}"
      1792,         0,         0,    4.63,exact_mw,38b7ae1c4e8407fc325e0d9e43e9f92ff26dcb3f5cf7b98d24ea74c9e5188d39,"{""distance"":5,""physical_error_rate"":0.005}","{""detection_events"":8391,""detectors_checked"":401408}"
        64,         3,         0,   0.899,exact_mw,7b4896c0e7f0a510554d89637fd747b157418067a95869d1f0661294d473d1dc,"{""distance"":5,""physical_error_rate"":0.02}","{""detection_events"":1163,""detectors_checked"":14336,""obs_mistake_mask=E"":3}"
       512,        19,         0,    4.58,exact_mw,7b4896c0e7f0a510554d89637fd747b157418067a95869d1f0661294d473d1dc,"{""distance"":5,""physical_error_rate"":0.02}","{""detection_events"":9161,""detectors_checked"":114688,""obs_mistake_mask=E"":19}"
    124928,         0,         0,    1.53,exact_mw,cdc4a450a40af8e24899239080e4c40992fb5baf91c5a31ab3a165eacb3a1ab3,"{""distance"":5,""physical_error_rate"":0.0002}","{""detection_events"":24938,""detectors_checked"":27983872}"
     21504,         1,         0,    6.31,exact_mw,3208f56225bbcac0e2804eb6f92d0a8b681652a702ca1ec920ccd7367f0e0899,"{""distance"":5,""physical_error_rate"":0.002}","{""detection_events"":42021,""detectors_checked"":4816896,""obs_mistake_mask=E"":1}"
     25600,         0,         0,    1.61,exact_mw,bb90ec3459e353008cf9a5bb9142bf1e8515517a9e167021b225104594e48e8a,"{""distance"":5,""physical_error_rate"":0.001}","{""detection_events"":25475,""detectors_checked"":5734400}"
      2560,         1,         0,    4.79,exact_mw,38b7ae1c4e8407fc325e0d9e43e9f92ff26dcb3f5cf7b98d24ea74c9e5188d39,"{""distance"":5,""physical_error_rate"":0.005}","{""detection_events"":12013,""detectors_checked"":573440,""obs_mistake_mask=E"":1}"
     17408,         0,         0,    6.24,exact_mw,3208f56225bbcac0e2804eb6f92d0a8b681652a702ca1ec920ccd7367f0e0899,"{""distance"":5,""physical_error_rate"":0.002}","{""detection_events"":33845,""detectors_checked"":3899392}"
    126976,         0,         0,    1.53,exact_mw,70a969f5042aec17ac076c6379f4170fb7c69b8e925756ef3b7334e28a33338b,"{""distance"":5,""physical_error_rate"":0.0001}","{""detection_events"":12760,""detectors_checked"":28442624}"
       768,        12,         0,    4.95,exact_mw,72230d8c06b5a71069df48ede6f7f3e6128cd83e8239dd1b2e5fe023578b6eb1,"{""distance"":5,""physical_error_rate"":0.01}","{""detection_events"":7135,""detectors_checked"":172032,""obs_mistake_mask=E"":12}"
     97280,         0,         0,    6.01,exact_mw,bb90ec3459e353008cf9a5bb9142bf1e8515517a9e167021b225104594e48e8a,"{""distance"":5,""physical_error_rate"":0.001}","{""detection_events"":94465,""detectors_checked"":21790720}"
     18432,         1,         0,    6.02,exact_mw,3208f56225bbcac0e2804eb6f92d0a8b681652a702ca1ec920ccd7367f0e0899,"{""distance"":5,""physical_error_rate"":0.002}","{""detection_events"":35817,""detectors_checked"":4128768,""obs_mistake_mask=E"":1}"
    359424,         0,         0,    5.92,exact_mw,f32ebecd8e105e50ec838d33c5ed9b45444b6b44a3c6ac541111079f2b14e893,"{""distance"":5,""physical_error_rate"":5e-05}","{""detection_events"":17572,""detectors_checked"":80510976}"
    121856,         0,         0,    5.96,exact_mw,bb90ec3459e353008cf9a5bb9142bf1e8515517a9e167021b225104594e48e8a,"{""distance"":5,""physical_error_rate"":0.001}","{""detection_events"":119124,""detectors_checked"":27295744}"
        64,         1,         0,   0.921,exact_mw,7b4896c0e7f0a510554d89637fd747b157418067a95869d1f0661294d473d1dc,"{""distance"":5,""physical_error_rate"":0.02}","{""detection_events"":1156,""detectors_checked"":14336,""obs_mistake_mask=E"":1}"
       352,        11,         0,    6.37,exact_mw,7b4896c0e7f0a510554d89637fd747b157418067a95869d1f0661294d473d1dc,"{""distance"":5,""physical_error_rate"":0.02}","{""detection_events"":6148,""detectors_checked"":78848,""obs_mistake_mask=E"":11}"
        64,         0,         0,   0.745,exact_mw,72230d8c06b5a71069df48ede6f7f3e6128cd83e8239dd1b2e5fe023578b6eb1,"{""distance"":5,""physical_error_rate"":0.01}","{""detection_events"":575,""detectors_checked"":14336}"
       256,         0,         0,   0.835,exact_mw,38b7ae1c4e8407fc325e0d9e43e9f92ff26dcb3f5cf7b98d24ea74c9e5188d39,"{""distance"":5,""physical_error_rate"":0.005}","{""detection_events"":1239,""detectors_checked"":57344}"
    433152,         0,         0,    4.20,exact_mw,70a969f5042aec17ac076c6379f4170fb7c69b8e925756ef3b7334e28a33338b,"{""distance"":5,""physical_error_rate"":0.0001}","{""detection_events"":42401,""detectors_checked"":97026048}"
    169984,         0,         0,    4.17,exact_mw,cb12ae119b9b2ba18d0216e7235b403229e92fd0743ede48fe7f1a2c6f45d594,"{""distance"":5,""physical_error_rate"":0.0005}","{""detection_events"":83219,""detectors_checked"":38076416}"
     12288,         2,         0,    3.10,exact_mw,3208f56225bbcac0e2804eb6f92d0a8b681652a702ca1ec920ccd7367f0e0899,"{""distance"":5,""physical_error_rate"":0.002}","{""detection_events"":23895,""detectors_checked"":2752512,""obs_mistake_mask=E"":2}"
   1217536,         0,         0,    8.28,exact_mw,cb12ae119b9b2ba18d0216e7235b403229e92fd0743ede48fe7f1a2c6f45d594,"{""distance"":5,""physical_error_rate"":0.0005}","{""detection_events"":596801,""detectors_checked"":272728064}"
       256,         0,         0,   0.890,exact_mw,38b7ae1c4e8407fc325e0d9e43e9f92ff26dcb3f5cf7b98d24ea74c9e5188d39,"{""distance"":5,""physical_error_rate"":0.005}","{""detection_events"":1238,""detectors_checked"":57344}"
        64,         0,         0,   0.766,exact_mw,72230d8c06b5a71069df48ede6f7f3e6128cd83e8239dd1b2e5fe023578b6eb1,"{""distance"":5,""physical_error_rate"":0.01}","{""detection_events"":594,""detectors_checked"":14336}"
    207872,         0,         0,    4.24,exact_mw,f32ebecd8e105e50ec838d33c5ed9b45444b6b44a3c6ac541111079f2b14e893,"{""distance"":5,""physical_error_rate"":5e-05}","{""detection_events"":10381,""detectors_checked"":46563328}"
      1024,         0,         0,    2.61,exact_mw,38b7ae1c4e8407fc325e0d9e43e9f92ff26dcb3f5cf7b98d24ea74c9e5188d39,"{""distance"":5,""physical_error_rate"":0.005}","{""detection_events"":4776,""detectors_checked"":229376}"
        64,         4,         0,   0.905,exact_mw,7b4896c0e7f0a510554d89637fd747b157418067a95869d1f0661294d473d1dc,"{""distance"":5,""physical_error_rate"":0.02}","{""detection_events"":1204,""detectors_checked"":14336,""obs_mistake_mask=E"":4}"
       640,         6,         0,    4.49,exact_mw,72230d8c06b5a71069df48ede6f7f3e6128cd83e8239dd1b2e5fe023578b6eb1,"{""distance"":5,""physical_error_rate"":0.01}","{""detection_events"":5821,""detectors_checked"":143360,""obs_mistake_mask=E"":6}"
    282624,         0,         0,    4.24,exact_mw,f32ebecd8e105e50ec838d33c5ed9b45444b6b44a3c6ac541111079f2b14e893,"{""distance"":5,""physical_error_rate"":5e-05}","{""detection_events"":13885,""detectors_checked"":63307776}"
       384,        20,         0,    6.10,exact_mw,7b4896c0e7f0a510554d89637fd747b157418067a95869d1f0661294d473d1dc,"{""distance"":5,""physical_error_rate"":0.02}","{""detection_events"":6707,""detectors_checked"":86016,""obs_mistake_mask=E"":20}"
     59392,         0,         0,    4.25,exact_mw,bb90ec3459e353008cf9a5bb9142bf1e8515517a9e167021b225104594e48e8a,"{""distance"":5,""physical_error_rate"":0.001}","{""detection_events"":57773,""detectors_checked"":13303808}"
       192,         8,         0,    2.70,exact_mw,7b4896c0e7f0a510554d89637fd747b157418067a95869d1f0661294d473d1dc,"{""distance"":5,""physical_error_rate"":0.02}","{""detection_events"":3475,""detectors_checked"":43008,""obs_mistake_mask=E"":8}"
      4096,         0,         0,    1.35,exact_mw,3208f56225bbcac0e2804eb6f92d0a8b681652a702ca1ec920ccd7367f0e0899,"{""distance"":5,""physical_error_rate"":0.002}","{""detection_events"":8098,""detectors_checked"":917504}"
      1216,        11,         0,    4.28,exact_mw,72230d8c06b5a71069df48ede6f7f3e6128cd83e8239dd1b2e5fe023578b6eb1,"{""distance"":5,""physical_error_rate"":0.01}","{""detection_events"":11327,""detectors_checked"":272384,""obs_mistake_mask=E"":11}"
       256,         1,         0,   0.700,exact_mw,38b7ae1c4e8407fc325e0d9e43e9f92ff26dcb3f5cf7b98d24ea74c9e5188d39,"{""distance"":5,""physical_error_rate"":0.005}","{""detection_events"":1146,""detectors_checked"":57344,""obs_mistake_mask=E"":1}"
        64,         1,         0,   0.706,exact_mw,72230d8c06b5a71069df48ede6f7f3e6128cd83e8239dd1b2e5fe023578b6eb1,"{""distance"":5,""physical_error_rate"":0.01}","{""detection_events"":591,""detectors_checked"":14336,""obs_mistake_mask=E"":1}"
     14336,         1,         0,    3.19,exact_mw,3208f56225bbcac0e2804eb6f92d0a8b681652a702ca1ec920ccd7367f0e0899,"{""distance"":5,""physical_error_rate"":0.002}","{""detection_events"":28320,""detectors_checked"":3211264,""obs_mistake_mask=E"":1}"
        64,         1,         0,   0.849,exact_mw,7b4896c0e7f0a510554d89637fd747b157418067a95869d1f0661294d473d1dc,"{""distance"":5,""physical_error_rate"":0.02}","{""detection_events"":1108,""detectors_checked"":14336,""obs_mistake_mask=E"":1}"
      9216,         2,         0,    3.45,exact_mw,3208f56225bbcac0e2804eb6f92d0a8b681652a702ca1ec920ccd7367f0e0899,"{""distance"":5,""physical_error_rate"":0.002}","{""detection_events"":18219,""detectors_checked"":2064384,""obs_mistake_mask=E"":2}"
        64,         0,         0,   0.673,exact_mw,72230d8c06b5a71069df48ede6f7f3e6128cd83e8239dd1b2e5fe023578b6eb1,"{""distance"":5,""physical_error_rate"":0.01}","{""detection_events"":604,""detectors_checked"":14336}"
    199680,         0,         0,    4.24,exact_mw,cdc4a450a40af8e24899239080e4c40992fb5baf91c5a31ab3a165eacb3a1ab3,"{""distance"":5,""physical_error_rate"":0.0002}","{""detection_events"":39421,""detectors_checked"":44728320}"
       256,         0,         0,   0.788,exact_mw,38b7ae1c4e8407fc325e0d9e43e9f92ff26dcb3f5cf7b98d24ea74c9e5188d39,"{""distance"":5,""physical_error_rate"":0.005}","{""detection_events"":1192,""detectors_checked"":57344}"
      2816,         4,         0,    6.15,exact_mw,38b7ae1c4e8407fc325e0d9e43e9f92ff26dcb3f5cf7b98d24ea74c9e5188d39,"{""distance"":5,""physical_error_rate"":0.005}","{""detection_events"":12957,""detectors_checked"":630784,""obs_mistake_mask=E"":4}"
    195584,         0,         0,    4.24,exact_mw,70a969f5042aec17ac076c6379f4170fb7c69b8e925756ef3b7334e28a33338b,"{""distance"":5,""physical_error_rate"":0.0001}","{""detection_events"":19326,""detectors_checked"":43810816}"
      1280,         0,         0,    2.21,exact_mw,38b7ae1c4e8407fc325e0d9e43e9f92ff26dcb3f5cf7b98d24ea74c9e5188d39,"{""distance"":5,""physical_error_rate"":0.005}","{""detection_events"":6082,""detectors_checked"":286720}"
       448,         2,         0,    4.81,exact_mw,72230d8c06b5a71069df48ede6f7f3e6128cd83e8239dd1b2e5fe023578b6eb1,"{""distance"":5,""physical_error_rate"":0.01}","{""detection_events"":4221,""detectors_checked"":100352,""obs_mistake_mask=E"":2}"
    279552,         0,         0,    4.24,exact_mw,f32ebecd8e105e50ec838d33c5ed9b45444b6b44a3c6ac541111079f2b14e893,"{""distance"":5,""physical_error_rate"":5e-05}","{""detection_events"":13952,""detectors_checked"":62619648}"
     56320,         1,         0,    4.31,exact_mw,bb90ec3459e353008cf9a5bb9142bf1e8515517a9e167021b225104594e48e8a,"{""distance"":5,""physical_error_rate"":0.001}","{""detection_events"":55642,""detectors_checked"":12615680,""obs_mistake_mask=E"":1}"
    271360,         0,         0,    4.22,exact_mw,cdc4a450a40af8e24899239080e4c40992fb5baf91c5a31ab3a165eacb3a1ab3,"{""distance"":5,""physical_error_rate"":0.0002}","{""detection_events"":53617,""detectors_checked"":60784640}"
    411648,         0,         0,    4.27,exact_mw,cdc4a450a40af8e24899239080e4c40992fb5baf91c5a31ab3a165eacb3a1ab3,"{""distance"":5,""physical_error_rate"":0.0002}","{""detection_events"":81599,""detectors_checked"":92209152}"
       256,         0,         0,    2.53,exact_mw,72230d8c06b5a71069df48ede6f7f3e6128cd83e8239dd1b2e5fe023578b6eb1,"{""distance"":5,""physical_error_rate"":0.01}","{""detection_events"":2451,""detectors_checked"":57344}"
      1024,         0,         0,    2.49,exact_mw,38b7ae1c4e8407fc325e0d9e43e9f92ff26dcb3f5cf7b98d24ea74c9e5188d39,"{""distance"":5,""physical_error_rate"":0.005}","{""detection_events"":4781,""detectors_checked"":229376}"
       352,        12,         0,    6.51,exact_mw,7b4896c0e7f0a510554d89637fd747b157418067a95869d1f0661294d473d1dc,"{""distance"":5,""physical_error_rate"":0.02}","{""detection_events"":6377,""detectors_checked"":78848,""obs_mistake_mask=E"":12}"
      2304,         1,         0,    6.59,exact_mw,38b7ae1c4e8407fc325e0d9e43e9f92ff26dcb3f5cf7b98d24ea74c9e5188d39,"{""distance"":5,""physical_error_rate"":0.005}","{""detection_events"":11573,""detectors_checked"":516096,""obs_mistake_mask=E"":1}"
    151552,         0,         0,    4.25,exact_mw,cb12ae119b9b2ba18d0216e7235b403229e92fd0743ede48fe7f1a2c6f45d594,"{""distance"":5,""physical_error_rate"":0.0005}","{""detection_events"":74008,""detectors_checked"":33947648}"
     91136,         0,         0,    2.15,exact_mw,f32ebecd8e105e50ec838d33c5ed9b45444b6b44a3c6ac541111079f2b14e893,"{""distance"":5,""physical_error_rate"":5e-05}","{""detection_events"":4446,""detectors_checked"":20414464}"
        64,         0,         0,   0.704,exact_mw,72230d8c06b5a71069df48ede6f7f3e6128cd83e8239dd1b2e5fe023578b6eb1,"{""distance"":5,""physical_error_rate"":0.01}","{""detection_events"":572,""detectors_checked"":14336}"
     67584,         0,         0,    2.16,exact_mw,cb12ae119b9b2ba18d0216e7235b403229e92fd0743ede48fe7f1a2c6f45d594,"{""distance"":5,""physical_error_rate"":0.0005}","{""detection_events"":33255,""detectors_checked"":15138816}"
     31744,         3,         0,    6.00,exact_mw,3208f56225bbcac0e2804eb6f92d0a8b681652a702ca1ec920ccd7367f0e0899,"{""distance"":5,""physical_error_rate"":0.002}","{""detection_events"":62008,""detectors_checked"":7110656,""obs_mistake_mask=E"":3}"
      2304,        22,         0,    4.52,exact_mw,72230d8c06b5a71069df48ede6f7f3e6128cd83e8239dd1b2e5fe023578b6eb1,"{""distance"":5,""physical_error_rate"":0.01}","{""detection_events"":21667,""detectors_checked"":516096,""obs_mistake_mask=E"":22}"
   1321984,         0,         0,    8.27,exact_mw,70a969f5042aec17ac076c6379f4170fb7c69b8e925756ef3b7334e28a33338b,"{""distance"":5,""physical_error_rate"":0.0001}","{""detection_events"":131246,""detectors_checked"":296124416}"
    229376,         0,         0,    4.24,exact_mw,f32ebecd8e105e50ec838d33c5ed9b45444b6b44a3c6ac541111079f2b14e893,"{""distance"":5,""physical_error_rate"":5e-05}","{""detection_events"":11334,""detectors_checked"":51380224}"
        64,         1,         0,   0.733,exact_mw,72230d8c06b5a71069df48ede6f7f3e6128cd83e8239dd1b2e5fe023578b6eb1,"{""distance"":5,""physical_error_rate"":0.01}","{""detection_events"":537,""detectors_checked"":14336,""obs_mistake_mask=E"":1}"
       256,         0,         0,   0.922,exact_mw,38b7ae1c4e8407fc325e0d9e43e9f92ff26dcb3f5cf7b98d24ea74c9e5188d39,"{""distance"":5,""physical_error_rate"":0.005}","{""detection_events"":1240,""detectors_checked"":57344}"
    169984,         0,         0,    2.07,exact_mw,cdc4a450a40af8e24899239080e4c40992fb5baf91c5a31ab3a165eacb3a1ab3,"{""distance"":5,""physical_error_rate"":0.0002}","{""detection_events"":33273,""detectors_checked"":38076416}"
       256,         0,         0,   0.729,exact_mw,38b7ae1c4e8407fc325e0d9e43e9f92ff26dcb3f5cf7b98d24ea74c9e5188d39,"{""distance"":5,""physical_error_rate"":0.005}","{""detection_events"":1230,""detectors_checked"":57344}"
       832,         9,         0,    6.02,exact_mw,72230d8c06b5a71069df48ede6f7f3e6128cd83e8239dd1b2e5fe023578b6eb1,"{""distance"":5,""physical_error_rate"":0.01}","{""detection_events"":7696,""detectors_checked"":186368,""obs_mistake_mask=E"":9}"
        96,         5,         0,    1.35,exact_mw,7b4896c0e7f0a510554d89637fd747b157418067a95869d1f0661294d473d1dc,"{""distance"":5,""physical_error_rate"":0.02}","{""detection_events"":1737,""detectors_checked"":21504,""obs_mistake_mask=E"":5}"
    281600,         0,         0,    4.26,exact_mw,70a969f5042aec17ac076c6379f4170fb7c69b8e925756ef3b7334e28a33338b,"{""distance"":5,""physical_error_rate"":0.0001}","{""detection_events"":27799,""detectors_checked"":63078400}"
    199680,         0,         0,    4.20,exact_mw,70a969f5042aec17ac076c6379f4170fb7c69b8e925756ef3b7334e28a33338b,"{""distance"":5,""physical_error_rate"":0.0001}","{""detection_events"":19616,""detectors_checked"":44728320}"
     31744,         0,         0,    2.19,exact_mw,bb90ec3459e353008cf9a5bb9142bf1e8515517a9e167021b225104594e48e8a,"{""distance"":5,""physical_error_rate"":0.001}","{""detection_events"":31509,""detectors_checked"":7110656}"
     18432,         0,         0,    6.36,exact_mw,3208f56225bbcac0e2804eb6f92d0a8b681652a702ca1ec920ccd7367f0e0899,"{""distance"":5,""physical_error_rate"":0.002}","{""detection_events"":35607,""detectors_checked"":4128768}"
    183296,         0,         0,    2.17,exact_mw,70a969f5042aec17ac076c6379f4170fb7c69b8e925756ef3b7334e28a33338b,"{""distance"":5,""physical_error_rate"":0.0001}","{""detection_events"":18111,""detectors_checked"":41058304}"
    214016,         0,         0,    4.27,exact_mw,cb12ae119b9b2ba18d0216e7235b403229e92fd0743ede48fe7f1a2c6f45d594,"{""distance"":5,""physical_error_rate"":0.0005}","{""detection_events"":103989,""detectors_checked"":47939584}"
        96,         5,         0,    1.33,exact_mw,7b4896c0e7f0a510554d89637fd747b157418067a95869d1f0661294d473d1dc,"{""distance"":5,""physical_error_rate"":0.02}","{""detection_events"":1728,""detectors_checked"":21504,""obs_mistake_mask=E"":5}"
       256,         8,         0,    4.85,exact_mw,7b4896c0e7f0a510554d89637fd747b157418067a95869d1f0661294d473d1dc,"{""distance"":5,""physical_error_rate"":0.02}","{""detection_events"":4553,""detectors_checked"":57344,""obs_mistake_mask=E"":8}"
       448,         1,         0,    3.38,exact_mw,72230d8c06b5a71069df48ede6f7f3e6128cd83e8239dd1b2e5fe023578b6eb1,"{""distance"":5,""physical_error_rate"":0.01}","{""detection_events"":4100,""detectors_checked"":100352,""obs_mistake_mask=E"":1}"
        64,         0,         0,   0.845,exact_mw,72230d8c06b5a71069df48ede6f7f3e6128cd83e8239dd1b2e5fe023578b6eb1,"{""distance"":5,""physical_error_rate"":0.01}","{""detection_events"":641,""detectors_checked"":14336}"
    527360,         0,         0,    8.26,exact_mw,f32ebecd8e105e50ec838d33c5ed9b45444b6b44a3c6ac541111079f2b14e893,"{""distance"":5,""physical_error_rate"":5e-05}","{""detection_events"":26785,""detectors_checked"":118128640}"
        64,         0,         0,   0.705,exact_mw,72230d8c06b5a71069df48ede6f7f3e6128cd83e8239dd1b2e5fe023578b6eb1,"{""distance"":5,""physical_error_rate"":0.01}","{""detection_events"":554,""detectors_checked"":14336}"
    145408,         0,         0,    4.22,exact_mw,bb90ec3459e353008cf9a5bb9142bf1e8515517a9e167021b225104594e48e8a,"{""distance"":5,""physical_error_rate"":0.001}","{""detection_events"":142099,""detectors_checked"":32571392}"
    202752,         2,         0,    8.36,exact_mw,bb90ec3459e353008cf9a5bb9142bf1e8515517a9e167021b225104594e48e8a,"{""distance"":5,""physical_error_rate"":0.001}","{""detection_events"":199581,""detectors_checked"":45416448,""obs_mistake_mask=E"":2}"
       320,         0,         0,    3.22,exact_mw,72230d8c06b5a71069df48ede6f7f3e6128cd83e8239dd1b2e5fe023578b6eb1,"{""distance"":5,""physical_error_rate"":0.01}","{""detection_events"":2985,""detectors_checked"":71680}"
       640,        22,         0,    6.20,exact_mw,7b4896c0e7f0a510554d89637fd747b157418067a95869d1f0661294d473d1dc,"{""distance"":5,""physical_error_rate"":0.02}","{""detection_events"":11218,""detectors_checked"":143360,""obs_mistake_mask=E"":22}"
       256,         0,         0,   0.759,exact_mw,38b7ae1c4e8407fc325e0d9e43e9f92ff26dcb3f5cf7b98d24ea74c9e5188d39,"{""distance"":5,""physical_error_rate"":0.005}","{""detection_events"":1203,""detectors_checked"":57344}"
       256,         1,         0,   0.787,exact_mw,38b7ae1c4e8407fc325e0d9e43e9f92ff26dcb3f5cf7b98d24ea74c9e5188d39,"{""distance"":5,""physical_error_rate"":0.005}","{""detection_events"":1217,""detectors_checked"":57344,""obs_mistake_mask=E"":1}"
      6144,         2,         0,    1.92,exact_mw,3208f56225bbcac0e2804eb6f92d0a8b681652a702ca1ec920ccd7367f0e0899,"{""distance"":5,""physical_error_rate"":0.002}","{""detection_events"":11975,""detectors_checked"":1376256,""obs_mistake_mask=E"":2}"
       224,         6,         0,    3.15,exact_mw,7b4896c0e7f0a510554d89637fd747b157418067a95869d1f0661294d473d1dc,"{""distance"":5,""physical_error_rate"":0.02}","{""detection_events"":3918,""detectors_checked"":50176,""obs_mistake_mask=E"":6}"
    116736,         1,         0,    8.29,exact_mw,bb90ec3459e353008cf9a5bb9142bf1e8515517a9e167021b225104594e48e8a,"{""distance"":5,""physical_error_rate"":0.001}","{""detection_events"":113846,""detectors_checked"":26148864,""obs_mistake_mask=E"":1}"
    416768,         0,         0,    8.27,exact_mw,70a969f5042aec17ac076c6379f4170fb7c69b8e925756ef3b7334e28a33338b,"{""distance"":5,""physical_error_rate"":0.0001}","{""detection_events"":41349,""detectors_checked"":93356032}"
       320,         5,         0,    6.48,exact_mw,7b4896c0e7f0a510554d89637fd747b157418067a95869d1f0661294d473d1dc,"{""distance"":5,""physical_error_rate"":0.02}","{""detection_events"":5568,""detectors_checked"":71680,""obs_mistake_mask=E"":5}"
      1792,         0,         0,    6.39,exact_mw,38b7ae1c4e8407fc325e0d9e43e9f92ff26dcb3f5cf7b98d24ea74c9e5188d39,"{""distance"":5,""physical_error_rate"":0.005}","{""detection_events"":8948,""detectors_checked"":401408}"
       320,        10,         0,    6.45,exact_mw,7b4896c0e7f0a510554d89637fd747b157418067a95869d1f0661294d473d1dc,"{""distance"":5,""physical_error_rate"":0.02}","{""detection_events"":5704,""detectors_checked"":71680,""obs_mistake_mask=E"":10}"
       320,        10,         0,    6.69,exact_mw,7b4896c0e7f0a510554d89637fd747b157418067a95869d1f0661294d473d1dc,"{""distance"":5,""physical_error_rate"":0.02}","{""detection_events"":5571,""detectors_checked"":71680,""obs_mistake_mask=E"":10}"
       832,         2,         0,    6.28,exact_mw,72230d8c06b5a71069df48ede6f7f3e6128cd83e8239dd1b2e5fe023578b6eb1,"{""distance"":5,""physical_error_rate"":0.01}","{""detection_events"":7982,""detectors_checked"":186368,""obs_mistake_mask=E"":2}"
    394240,         0,         0,    8.27,exact_mw,cdc4a450a40af8e24899239080e4c40992fb5baf91c5a31ab3a165eacb3a1ab3,"{""distance"":5,""physical_error_rate"":0.0002}","{""detection_events"":78337,""detectors_checked"":88309760}"
    528384,         0,         0,    8.27,exact_mw,70a969f5042aec17ac076c6379f4170fb7c69b8e925756ef3b7334e28a33338b,"{""distance"":5,""physical_error_rate"":0.0001}","{""detection_events"":51065,""detectors_checked"":118358016}"
    437248,         0,         0,    8.17,exact_mw,70a969f5042aec17ac076c6379f4170fb7c69b8e925756ef3b7334e28a33338b,"{""distance"":5,""physical_error_rate"":0.0001}","{""detection_events"":43339,""detectors_checked"":97943552}"
        64,         1,         0,   0.800,exact_mw,72230d8c06b5a71069df48ede6f7f3e6128cd83e8239dd1b2e5fe023578b6eb1,"{""distance"":5,""physical_error_rate"":0.01}","{""detection_events"":581,""detectors_checked"":14336,""obs_mistake_mask=E"":1}"
    461824,         0,         0,    8.21,exact_mw,cdc4a450a40af8e24899239080e4c40992fb5baf91c5a31ab3a165eacb3a1ab3,"{""distance"":5,""physical_error_rate"":0.0002}","{""detection_events"":89724,""detectors_checked"":103448576}"
       256,         0,         0,   0.898,exact_mw,38b7ae1c4e8407fc325e0d9e43e9f92ff26dcb3f5cf7b98d24ea74c9e5188d39,"{""distance"":5,""physical_error_rate"":0.005}","{""detection_events"":1106,""detectors_checked"":57344}"
    533504,         0,         0,    8.29,exact_mw,f32ebecd8e105e50ec838d33c5ed9b45444b6b44a3c6ac541111079f2b14e893,"{""distance"":5,""physical_error_rate"":5e-05}","{""detection_events"":26276,""detectors_checked"":119504896}"
      1024,         0,         0,    3.18,exact_mw,38b7ae1c4e8407fc325e0d9e43e9f92ff26dcb3f5cf7b98d24ea74c9e5188d39,"{""distance"":5,""physical_error_rate"":0.005}","{""detection_events"":5000,""detectors_checked"":229376}"
      1152,         4,         0,    6.41,exact_mw,72230d8c06b5a71069df48ede6f7f3e6128cd83e8239dd1b2e5fe023578b6eb1,"{""distance"":5,""physical_error_rate"":0.01}","{""detection_events"":10564,""detectors_checked"":258048,""obs_mistake_mask=E"":4}"
       768,         0,         0,    1.11,exact_mw,38b7ae1c4e8407fc325e0d9e43e9f92ff26dcb3f5cf7b98d24ea74c9e5188d39,"{""distance"":5,""physical_error_rate"":0.005}","{""detection_events"":3728,""detectors_checked"":172032}"
       128,         3,         0,    1.97,exact_mw,7b4896c0e7f0a510554d89637fd747b157418067a95869d1f0661294d473d1dc,"{""distance"":5,""physical_error_rate"":0.02}","{""detection_events"":2161,""detectors_checked"":28672,""obs_mistake_mask=E"":3}"
      2816,         1,         0,    6.43,exact_mw,38b7ae1c4e8407fc325e0d9e43e9f92ff26dcb3f5cf7b98d24ea74c9e5188d39,"{""distance"":5,""physical_error_rate"":0.005}","{""detection_events"":13198,""detectors_checked"":630784,""obs_mistake_mask=E"":1}"
   1232896,         0,         0,    8.34,exact_mw,f32ebecd8e105e50ec838d33c5ed9b45444b6b44a3c6ac541111079f2b14e893,"{""distance"":5,""physical_error_rate"":5e-05}","{""detection_events"":60448,""detectors_checked"":276168704}"
       576,         3,         0,    6.48,exact_mw,72230d8c06b5a71069df48ede6f7f3e6128cd83e8239dd1b2e5fe023578b6eb1,"{""distance"":5,""physical_error_rate"":0.01}","{""detection_events"":5389,""detectors_checked"":129024,""obs_mistake_mask=E"":3}"
       128,         1,         0,    1.54,exact_mw,72230d8c06b5a71069df48ede6f7f3e6128cd83e8239dd1b2e5fe023578b6eb1,"{""distance"":5,""physical_error_rate"":0.01}","{""detection_events"":1127,""detectors_checked"":28672,""obs_mistake_mask=E"":1}"
    388096,         0,         0,    8.26,exact_mw,70a969f5042aec17ac076c6379f4170fb7c69b8e925756ef3b7334e28a33338b,"{""distance"":5,""physical_error_rate"":0.0001}","{""detection_events"":38243,""detectors_checked"":86933504}"
    287744,         0,         0,    8.31,exact_mw,cb12ae119b9b2ba18d0216e7235b403229e92fd0743ede48fe7f1a2c6f45d594,"{""distance"":5,""physical_error_rate"":0.0005}","{""detection_events"":141818,""detectors_checked"":64454656}"
    624640,         0,         0,    8.28,exact_mw,cdc4a450a40af8e24899239080e4c40992fb5baf91c5a31ab3a165eacb3a1ab3,"{""distance"":5,""physical_error_rate"":0.0002}","{""detection_events"":122976,""detectors_checked"":139919360}"
      2816,         7,         0,    6.47,exact_mw,38b7ae1c4e8407fc325e0d9e43e9f92ff26dcb3f5cf7b98d24ea74c9e5188d39,"{""distance"":5,""physical_error_rate"":0.005}","{""detection_events"":13598,""detectors_checked"":630784,""obs_mistake_mask=E"":7}"
    520192,         0,         0,    8.28,exact_mw,cdc4a450a40af8e24899239080e4c40992fb5baf91c5a31ab3a165eacb3a1ab3,"{""distance"":5,""physical_error_rate"":0.0002}","{""detection_events"":103462,""detectors_checked"":116523008}"
       128,         5,         0,    1.88,exact_mw,7b4896c0e7f0a510554d89637fd747b157418067a95869d1f0661294d473d1dc,"{""distance"":5,""physical_error_rate"":0.02}","{""detection_events"":2230,""detectors_checked"":28672,""obs_mistake_mask=E"":5}"
    379904,         0,         0,    8.27,exact_mw,f32ebecd8e105e50ec838d33c5ed9b45444b6b44a3c6ac541111079f2b14e893,"{""distance"":5,""physical_error_rate"":5e-05}","{""detection_events"":18475,""detectors_checked"":85098496}"
    279552,         0,         0,    8.28,exact_mw,cb12ae119b9b2ba18d0216e7235b403229e92fd0743ede48fe7f1a2c6f45d594,"{""distance"":5,""physical_error_rate"":0.0005}","{""detection_events"":137862,""detectors_checked"":62619648}"
      3328,         6,         0,    6.02,exact_mw,38b7ae1c4e8407fc325e0d9e43e9f92ff26dcb3f5cf7b98d24ea74c9e5188d39,"{""distance"":5,""physical_error_rate"":0.005}","{""detection_events"":16271,""detectors_checked"":745472,""obs_mistake_mask=E"":6}"
       320,         2,         0,    3.12,exact_mw,72230d8c06b5a71069df48ede6f7f3e6128cd83e8239dd1b2e5fe023578b6eb1,"{""distance"":5,""physical_error_rate"":0.01}","{""detection_events"":2941,""detectors_checked"":71680,""obs_mistake_mask=E"":2}"
    446464,         0,         0,    8.11,exact_mw,f32ebecd8e105e50ec838d33c5ed9b45444b6b44a3c6ac541111079f2b14e893,"{""distance"":5,""physical_error_rate"":5e-05}","{""detection_events"":22467,""detectors_checked"":100007936}"
    283648,         1,         0,    8.25,exact_mw,cb12ae119b9b2ba18d0216e7235b403229e92fd0743ede48fe7f1a2c6f45d594,"{""distance"":5,""physical_error_rate"":0.0005}","{""detection_events"":140722,""detectors_checked"":63537152,""obs_mistake_mask=E"":1}"
       256,         8,         0,    3.78,exact_mw,7b4896c0e7f0a510554d89637fd747b157418067a95869d1f0661294d473d1dc,"{""distance"":5,""physical_error_rate"":0.02}","{""detection_events"":4694,""detectors_checked"":57344,""obs_mistake_mask=E"":8}"
      2048,         1,         0,    3.33,exact_mw,38b7ae1c4e8407fc325e0d9e43e9f92ff26dcb3f5cf7b98d24ea74c9e5188d39,"{""distance"":5,""physical_error_rate"":0.005}","{""detection_events"":9809,""detectors_checked"":458752,""obs_mistake_mask=E"":1}"
    121856,         0,         0,    3.07,exact_mw,f32ebecd8e105e50ec838d33c5ed9b45444b6b44a3c6ac541111079f2b14e893,"{""distance"":5,""physical_error_rate"":5e-05}","{""detection_events"":5877,""detectors_checked"":27295744}"
     94208,         0,         0,    3.06,exact_mw,cb12ae119b9b2ba18d0216e7235b403229e92fd0743ede48fe7f1a2c6f45d594,"{""distance"":5,""physical_error_rate"":0.0005}","{""detection_events"":46570,""detectors_checked"":21102592}"
    116736,         1,         0,    8.38,exact_mw,bb90ec3459e353008cf9a5bb9142bf1e8515517a9e167021b225104594e48e8a,"{""distance"":5,""physical_error_rate"":0.001}","{""detection_events"":114664,""detectors_checked"":26148864,""obs_mistake_mask=E"":1}"
     16384,         3,         0,    4.46,exact_mw,3208f56225bbcac0e2804eb6f92d0a8b681652a702ca1ec920ccd7367f0e0899,"{""distance"":5,""physical_error_rate"":0.002}","{""detection_events"":31543,""detectors_checked"":3670016,""obs_mistake_mask=E"":3}"
    283648,         0,         0,    8.32,exact_mw,cb12ae119b9b2ba18d0216e7235b403229e92fd0743ede48fe7f1a2c6f45d594,"{""distance"":5,""physical_error_rate"":0.0005}","{""detection_events"":140090,""detectors_checked"":63537152}"
    392192,         0,         0,    8.26,exact_mw,70a969f5042aec17ac076c6379f4170fb7c69b8e925756ef3b7334e28a33338b,"{""distance"":5,""physical_error_rate"":0.0001}","{""detection_events"":38365,""detectors_checked"":87851008}"
    323584,         1,         0,    8.23,exact_mw,cb12ae119b9b2ba18d0216e7235b403229e92fd0743ede48fe7f1a2c6f45d594,"{""distance"":5,""physical_error_rate"":0.0005}","{""detection_events"":159998,""detectors_checked"":72482816,""obs_mistake_mask=E"":1}"
    389120,         0,         0,    8.29,exact_mw,f32ebecd8e105e50ec838d33c5ed9b45444b6b44a3c6ac541111079f2b14e893,"{""distance"":5,""physical_error_rate"":5e-05}","{""detection_events"":19443,""detectors_checked"":87162880}"
      2304,         2,         0,    6.32,exact_mw,38b7ae1c4e8407fc325e0d9e43e9f92ff26dcb3f5cf7b98d24ea74c9e5188d39,"{""distance"":5,""physical_error_rate"":0.005}","{""detection_events"":11147,""detectors_checked"":516096,""obs_mistake_mask=E"":2}"
       128,         0,         0,    1.60,exact_mw,72230d8c06b5a71069df48ede6f7f3e6128cd83e8239dd1b2e5fe023578b6eb1,"{""distance"":5,""physical_error_rate"":0.01}","{""detection_events"":1162,""detectors_checked"":28672}"
    294912,         0,         0,    2.99,exact_mw,cdc4a450a40af8e24899239080e4c40992fb5baf91c5a31ab3a165eacb3a1ab3,"{""distance"":5,""physical_error_rate"":0.0002}","{""detection_events"":58874,""detectors_checked"":66060288}"
      6144,         0,         0,    2.22,exact_mw,3208f56225bbcac0e2804eb6f92d0a8b681652a702ca1ec920ccd7367f0e0899,"{""distance"":5,""physical_error_rate"":0.002}","{""detection_events"":11906,""detectors_checked"":1376256}"
       768,         0,         0,    1.28,exact_mw,38b7ae1c4e8407fc325e0d9e43e9f92ff26dcb3f5cf7b98d24ea74c9e5188d39,"{""distance"":5,""physical_error_rate"":0.005}","{""detection_events"":3673,""detectors_checked"":172032}"
     46080,         0,         0,    3.03,exact_mw,bb90ec3459e353008cf9a5bb9142bf1e8515517a9e167021b225104594e48e8a,"{""distance"":5,""physical_error_rate"":0.001}","{""detection_events"":45781,""detectors_checked"":10321920}"
       640,         8,         0,    6.59,exact_mw,72230d8c06b5a71069df48ede6f7f3e6128cd83e8239dd1b2e5fe023578b6eb1,"{""distance"":5,""physical_error_rate"":0.01}","{""detection_events"":6026,""detectors_checked"":143360,""obs_mistake_mask=E"":8}"
    223232,         0,         0,    2.99,exact_mw,70a969f5042aec17ac076c6379f4170fb7c69b8e925756ef3b7334e28a33338b,"{""distance"":5,""physical_error_rate"":0.0001}","{""detection_events"":21791,""detectors_checked"":50003968}"
    148480,         1,         0,    8.30,exact_mw,bb90ec3459e353008cf9a5bb9142bf1e8515517a9e167021b225104594e48e8a,"{""distance"":5,""physical_error_rate"":0.001}","{""detection_events"":146033,""detectors_checked"":33259520,""obs_mistake_mask=E"":1}"
    519168,         0,         0,    8.30,exact_mw,f32ebecd8e105e50ec838d33c5ed9b45444b6b44a3c6ac541111079f2b14e893,"{""distance"":5,""physical_error_rate"":5e-05}","{""detection_events"":25227,""detectors_checked"":116293632}"
    108544,         0,         0,    8.31,exact_mw,bb90ec3459e353008cf9a5bb9142bf1e8515517a9e167021b225104594e48e8a,"{""distance"":5,""physical_error_rate"":0.001}","{""detection_events"":106684,""detectors_checked"":24313856}"
    510976,         0,         0,    8.24,exact_mw,cdc4a450a40af8e24899239080e4c40992fb5baf91c5a31ab3a165eacb3a1ab3,"{""distance"":5,""physical_error_rate"":0.0002}","{""detection_events"":100116,""detectors_checked"":114458624}"
      1280,         1,         0,    3.95,exact_mw,38b7ae1c4e8407fc325e0d9e43e9f92ff26dcb3f5cf7b98d24ea74c9e5188d39,"{""distance"":5,""physical_error_rate"":0.005}","{""detection_events"":6026,""detectors_checked"":286720,""obs_mistake_mask=E"":1}"
     22528,         0,         0,    4.38,exact_mw,3208f56225bbcac0e2804eb6f92d0a8b681652a702ca1ec920ccd7367f0e0899,"{""distance"":5,""physical_error_rate"":0.002}","{""detection_events"":44176,""detectors_checked"":5046272}"
    389120,         0,         0,    8.23,exact_mw,cdc4a450a40af8e24899239080e4c40992fb5baf91c5a31ab3a165eacb3a1ab3,"{""distance"":5,""physical_error_rate"":0.0002}","{""detection_events"":76263,""detectors_checked"":87162880}"
    674816,         0,         0,    8.25,exact_mw,cdc4a450a40af8e24899239080e4c40992fb5baf91c5a31ab3a165eacb3a1ab3,"{""distance"":5,""physical_error_rate"":0.0002}","{""detection_events"":133008,""detectors_checked"":151158784}"
       512,         0,         0,    1.87,exact_mw,38b7ae1c4e8407fc325e0d9e43e9f92ff26dcb3f5cf7b98d24ea74c9e5188d39,"{""distance"":5,""physical_error_rate"":0.005}","{""detection_events"":2415,""detectors_checked"":114688}"
    131072,         0,         0,    8.33,exact_mw,bb90ec3459e353008cf9a5bb9142bf1e8515517a9e167021b225104594e48e8a,"{""distance"":5,""physical_error_rate"":0.001}","{""detection_events"":127672,""detectors_checked"":29360128}"
    435200,         0,         0,    8.34,exact_mw,70a969f5042aec17ac076c6379f4170fb7c69b8e925756ef3b7334e28a33338b,"{""distance"":5,""physical_error_rate"":0.0001}","{""detection_events"":42222,""detectors_checked"":97484800}"
    349184,         0,         0,    8.22,exact_mw,70a969f5042aec17ac076c6379f4170fb7c69b8e925756ef3b7334e28a33338b,"{""distance"":5,""physical_error_rate"":0.0001}","{""detection_events"":34421,""detectors_checked"":78217216}"
    189440,         0,         0,    8.34,exact_mw,bb90ec3459e353008cf9a5bb9142bf1e8515517a9e167021b225104594e48e8a,"{""distance"":5,""physical_error_rate"":0.001}","{""detection_events"":186719,""detectors_checked"":42434560}"
     11264,         0,         0,    4.69,exact_mw,3208f56225bbcac0e2804eb6f92d0a8b681652a702ca1ec920ccd7367f0e0899,"{""distance"":5,""physical_error_rate"":0.002}","{""detection_events"":21592,""detectors_checked"":2523136}"
    489472,         0,         0,    8.27,exact_mw,cb12ae119b9b2ba18d0216e7235b403229e92fd0743ede48fe7f1a2c6f45d594,"{""distance"":5,""physical_error_rate"":0.0005}","{""detection_events"":240792,""detectors_checked"":109641728}"
      1024,        39,         0,    6.10,exact_mw,7b4896c0e7f0a510554d89637fd747b157418067a95869d1f0661294d473d1dc,"{""distance"":5,""physical_error_rate"":0.02}","{""detection_events"":17729,""detectors_checked"":229376,""obs_mistake_mask=E"":39}"
    271360,         0,         0,    8.23,exact_mw,cb12ae119b9b2ba18d0216e7235b403229e92fd0743ede48fe7f1a2c6f45d594,"{""distance"":5,""physical_error_rate"":0.0005}","{""detection_events"":133367,""detectors_checked"":60784640}"
     23552,         0,         0,    8.63,exact_mw,3208f56225bbcac0e2804eb6f92d0a8b681652a702ca1ec920ccd7367f0e0899,"{""distance"":5,""physical_error_rate"":0.002}","{""detection_events"":46420,""detectors_checked"":5275648}"
      3584,         5,         0,    6.14,exact_mw,38b7ae1c4e8407fc325e0d9e43e9f92ff26dcb3f5cf7b98d24ea74c9e5188d39,"{""distance"":5,""physical_error_rate"":0.005}","{""detection_events"":17269,""detectors_checked"":802816,""obs_mistake_mask=E"":5}"
    543744,         0,         0,    8.27,exact_mw,f32ebecd8e105e50ec838d33c5ed9b45444b6b44a3c6ac541111079f2b14e893,"{""distance"":5,""physical_error_rate"":5e-05}","{""detection_events"":26413,""detectors_checked"":121798656}"
       576,         5,         0,    6.00,exact_mw,72230d8c06b5a71069df48ede6f7f3e6128cd83e8239dd1b2e5fe023578b6eb1,"{""distance"":5,""physical_error_rate"":0.01}","{""detection_events"":5396,""detectors_checked"":129024,""obs_mistake_mask=E"":5}"
    413696,         0,         0,    8.33,exact_mw,cdc4a450a40af8e24899239080e4c40992fb5baf91c5a31ab3a165eacb3a1ab3,"{""distance"":5,""physical_error_rate"":0.0002}","{""detection_events"":81348,""detectors_checked"":92667904}"
    337920,         0,         0,    8.25,exact_mw,cdc4a450a40af8e24899239080e4c40992fb5baf91c5a31ab3a165eacb3a1ab3,"{""distance"":5,""physical_error_rate"":0.0002}","{""detection_events"":67150,""detectors_checked"":75694080}"
       192,         3,         0,    2.14,exact_mw,72230d8c06b5a71069df48ede6f7f3e6128cd83e8239dd1b2e5fe023578b6eb1,"{""distance"":5,""physical_error_rate"":0.01}","{""detection_events"":1809,""detectors_checked"":43008,""obs_mistake_mask=E"":3}"
    482304,         0,         0,    5.85,exact_mw,70a969f5042aec17ac076c6379f4170fb7c69b8e925756ef3b7334e28a33338b,"{""distance"":5,""physical_error_rate"":0.0001}","{""detection_events"":47659,""detectors_checked"":108036096}"
    242688,         0,         0,    5.89,exact_mw,cb12ae119b9b2ba18d0216e7235b403229e92fd0743ede48fe7f1a2c6f45d594,"{""distance"":5,""physical_error_rate"":0.0005}","{""detection_events"":118757,""detectors_checked"":54362112}"
      2048,         1,         0,    6.67,exact_mw,38b7ae1c4e8407fc325e0d9e43e9f92ff26dcb3f5cf7b98d24ea74c9e5188d39,"{""distance"":5,""physical_error_rate"":0.005}","{""detection_events"":9964,""detectors_checked"":458752,""obs_mistake_mask=E"":1}"
    609280,         0,         0,    8.34,exact_mw,cb12ae119b9b2ba18d0216e7235b403229e92fd0743ede48fe7f1a2c6f45d594,"{""distance"":5,""physical_error_rate"":0.0005}","{""detection_events"":299011,""detectors_checked"":136478720}"
    268288,         0,         0,    5.95,exact_mw,f32ebecd8e105e50ec838d33c5ed9b45444b6b44a3c6ac541111079f2b14e893,"{""distance"":5,""physical_error_rate"":5e-05}","{""detection_events"":13272,""detectors_checked"":60096512}"
    280576,         0,         0,    8.28,exact_mw,cb12ae119b9b2ba18d0216e7235b403229e92fd0743ede48fe7f1a2c6f45d594,"{""distance"":5,""physical_error_rate"":0.0005}","{""detection_events"":137990,""detectors_checked"":62849024}"
       192,         2,         0,    2.66,exact_mw,7b4896c0e7f0a510554d89637fd747b157418067a95869d1f0661294d473d1dc,"{""distance"":5,""physical_error_rate"":0.02}","{""detection_events"":3459,""detectors_checked"":43008,""obs_mistake_mask=E"":2}"
       160,         8,         0,    2.35,exact_mw,7b4896c0e7f0a510554d89637fd747b157418067a95869d1f0661294d473d1dc,"{""distance"":5,""physical_error_rate"":0.02}","{""detection_events"":2805,""detectors_checked"":35840,""obs_mistake_mask=E"":8}"
    366592,         0,         0,    5.89,exact_mw,f32ebecd8e105e50ec838d33c5ed9b45444b6b44a3c6ac541111079f2b14e893,"{""distance"":5,""physical_error_rate"":5e-05}","{""detection_events"":17962,""detectors_checked"":82116608}"
    528384,         0,         0,    8.31,exact_mw,70a969f5042aec17ac076c6379f4170fb7c69b8e925756ef3b7334e28a33338b,"{""distance"":5,""physical_error_rate"":0.0001}","{""detection_events"":51902,""detectors_checked"":118358016}"
     38912,         3,         0,    8.57,exact_mw,3208f56225bbcac0e2804eb6f92d0a8b681652a702ca1ec920ccd7367f0e0899,"{""distance"":5,""physical_error_rate"":0.002}","{""detection_events"":76963,""detectors_checked"":8716288,""obs_mistake_mask=E"":3}"
    367616,         0,         0,    8.23,exact_mw,cdc4a450a40af8e24899239080e4c40992fb5baf91c5a31ab3a165eacb3a1ab3,"{""distance"":5,""physical_error_rate"":0.0002}","{""detection_events"":73692,""detectors_checked"":82345984}"
     84992,         0,         0,    5.98,exact_mw,bb90ec3459e353008cf9a5bb9142bf1e8515517a9e167021b225104594e48e8a,"{""distance"":5,""physical_error_rate"":0.001}","{""detection_events"":82282,""detectors_checked"":19038208}"
      1280,         2,         0,    1.70,exact_mw,38b7ae1c4e8407fc325e0d9e43e9f92ff26dcb3f5cf7b98d24ea74c9e5188d39,"{""distance"":5,""physical_error_rate"":0.005}","{""detection_events"":5943,""detectors_checked"":286720,""obs_mistake_mask=E"":2}"
       960,         9,         0,    6.25,exact_mw,72230d8c06b5a71069df48ede6f7f3e6128cd83e8239dd1b2e5fe023578b6eb1,"{""distance"":5,""physical_error_rate"":0.01}","{""detection_events"":8968,""detectors_checked"":215040,""obs_mistake_mask=E"":9}"
       192,         1,         0,    1.96,exact_mw,72230d8c06b5a71069df48ede6f7f3e6128cd83e8239dd1b2e5fe023578b6eb1,"{""distance"":5,""physical_error_rate"":0.01}","{""detection_events"":1817,""detectors_checked"":43008,""obs_mistake_mask=E"":1}"
     24576,         1,         0,    8.46,exact_mw,3208f56225bbcac0e2804eb6f92d0a8b681652a702ca1ec920ccd7367f0e0899,"{""distance"":5,""physical_error_rate"":0.002}","{""detection_events"":48255,""detectors_checked"":5505024,""obs_mistake_mask=E"":1}"
       576,         5,         0,    4.49,exact_mw,72230d8c06b5a71069df48ede6f7f3e6128cd83e8239dd1b2e5fe023578b6eb1,"{""distance"":5,""physical_error_rate"":0.01}","{""detection_events"":5368,""detectors_checked"":129024,""obs_mistake_mask=E"":5}"
     25600,         3,         0,    8.43,exact_mw,3208f56225bbcac0e2804eb6f92d0a8b681652a702ca1ec920ccd7367f0e0899,"{""distance"":5,""physical_error_rate"":0.002}","{""detection_events"":50062,""detectors_checked"":5734400,""obs_mistake_mask=E"":3}"
      1920,        14,         0,    6.08,exact_mw,72230d8c06b5a71069df48ede6f7f3e6128cd83e8239dd1b2e5fe023578b6eb1,"{""distance"":5,""physical_error_rate"":0.01}","{""detection_events"":17759,""detectors_checked"":430080,""obs_mistake_mask=E"":14}"
    260096,         0,         0,    5.91,exact_mw,cdc4a450a40af8e24899239080e4c40992fb5baf91c5a31ab3a165eacb3a1ab3,"{""distance"":5,""physical_error_rate"":0.0002}","{""detection_events"":51710,""detectors_checked"":58261504}"
    302080,         0,         0,    5.84,exact_mw,70a969f5042aec17ac076c6379f4170fb7c69b8e925756ef3b7334e28a33338b,"{""distance"":5,""physical_error_rate"":0.0001}","{""detection_events"":29898,""detectors_checked"":67665920}"
    356352,         0,         0,    5.96,exact_mw,f32ebecd8e105e50ec838d33c5ed9b45444b6b44a3c6ac541111079f2b14e893,"{""distance"":5,""physical_error_rate"":5e-05}","{""detection_events"":17429,""detectors_checked"":79822848}"
    503808,         0,         0,    5.84,exact_mw,cdc4a450a40af8e24899239080e4c40992fb5baf91c5a31ab3a165eacb3a1ab3,"{""distance"":5,""physical_error_rate"":0.0002}","{""detection_events"":99852,""detectors_checked"":112852992}"
    339968,         0,         0,    5.91,exact_mw,cdc4a450a40af8e24899239080e4c40992fb5baf91c5a31ab3a165eacb3a1ab3,"{""distance"":5,""physical_error_rate"":0.0002}","{""detection_events"":67264,""detectors_checked"":76152832}"
     88064,         1,         0,    5.97,exact_mw,bb90ec3459e353008cf9a5bb9142bf1e8515517a9e167021b225104594e48e8a,"{""distance"":5,""physical_error_rate"":0.001}","{""detection_events"":86837,""detectors_checked"":19726336,""obs_mistake_mask=E"":1}"
       512,         0,         0,    1.92,exact_mw,38b7ae1c4e8407fc325e0d9e43e9f92ff26dcb3f5cf7b98d24ea74c9e5188d39,"{""distance"":5,""physical_error_rate"":0.005}","{""detection_events"":2462,""detectors_checked"":114688}"
       512,         4,         0,    4.87,exact_mw,72230d8c06b5a71069df48ede6f7f3e6128cd83e8239dd1b2e5fe023578b6eb1,"{""distance"":5,""physical_error_rate"":0.01}","{""detection_events"":4658,""detectors_checked"":114688,""obs_mistake_mask=E"":4}"
       320,        10,         0,    4.70,exact_mw,7b4896c0e7f0a510554d89637fd747b157418067a95869d1f0661294d473d1dc,"{""distance"":5,""physical_error_rate"":0.02}","{""detection_events"":5887,""detectors_checked"":71680,""obs_mistake_mask=E"":10}"
    199680,         0,         0,    5.98,exact_mw,cb12ae119b9b2ba18d0216e7235b403229e92fd0743ede48fe7f1a2c6f45d594,"{""distance"":5,""physical_error_rate"":0.0005}","{""detection_events"":98444,""detectors_checked"":44728320}"
       576,         2,         0,    6.27,exact_mw,72230d8c06b5a71069df48ede6f7f3e6128cd83e8239dd1b2e5fe023578b6eb1,"{""distance"":5,""physical_error_rate"":0.01}","{""detection_events"":5438,""detectors_checked"":129024,""obs_mistake_mask=E"":2}"
    283648,         0,         0,    5.92,exact_mw,f32ebecd8e105e50ec838d33c5ed9b45444b6b44a3c6ac541111079f2b14e893,"{""distance"":5,""physical_error_rate"":5e-05}","{""detection_events"":14124,""detectors_checked"":63537152}"
     40960,         3,         0,    8.49,exact_mw,3208f56225bbcac0e2804eb6f92d0a8b681652a702ca1ec920ccd7367f0e0899,"{""distance"":5,""physical_error_rate"":0.002}","{""detection_events"":79784,""detectors_checked"":9175040,""obs_mistake_mask=E"":3}"
    380928,         0,         0,    5.88,exact_mw,70a969f5042aec17ac076c6379f4170fb7c69b8e925756ef3b7334e28a33338b,"{""distance"":5,""physical_error_rate"":0.0001}","{""detection_events"":37826,""detectors_checked"":85327872}"
    268288,         0,         0,    5.90,exact_mw,70a969f5042aec17ac076c6379f4170fb7c69b8e925756ef3b7334e28a33338b,"{""distance"":5,""physical_error_rate"":0.0001}","{""detection_events"":26414,""detectors_checked"":60096512}"
       416,         9,         0,    8.58,exact_mw,7b4896c0e7f0a510554d89637fd747b157418067a95869d1f0661294d473d1dc,"{""distance"":5,""physical_error_rate"":0.02}","{""detection_events"":7487,""detectors_checked"":93184,""obs_mistake_mask=E"":9}"
    120832,         0,         0,    8.38,exact_mw,bb90ec3459e353008cf9a5bb9142bf1e8515517a9e167021b225104594e48e8a,"{""distance"":5,""physical_error_rate"":0.001}","{""detection_events"":118848,""detectors_checked"":27066368}"
      3328,        23,         0,    6.28,exact_mw,72230d8c06b5a71069df48ede6f7f3e6128cd83e8239dd1b2e5fe023578b6eb1,"{""distance"":5,""physical_error_rate"":0.01}","{""detection_events"":31171,""detectors_checked"":745472,""obs_mistake_mask=E"":23}"
    258048,         0,         0,    5.92,exact_mw,cb12ae119b9b2ba18d0216e7235b403229e92fd0743ede48fe7f1a2c6f45d594,"{""distance"":5,""physical_error_rate"":0.0005}","{""detection_events"":126730,""detectors_checked"":57802752}"
      8192,         0,         0,    3.14,exact_mw,3208f56225bbcac0e2804eb6f92d0a8b681652a702ca1ec920ccd7367f0e0899,"{""distance"":5,""physical_error_rate"":0.002}","{""detection_events"":16234,""detectors_checked"":1835008}"
     28672,         5,         0,    8.36,exact_mw,3208f56225bbcac0e2804eb6f92d0a8b681652a702ca1ec920ccd7367f0e0899,"{""distance"":5,""physical_error_rate"":0.002}","{""detection_events"":56032,""detectors_checked"":6422528,""obs_mistake_mask=E"":5}"
      3072,         1,         0,    8.82,exact_mw,38b7ae1c4e8407fc325e0d9e43e9f92ff26dcb3f5cf7b98d24ea74c9e5188d39,"{""distance"":5,""physical_error_rate"":0.005}","{""detection_events"":15218,""detectors_checked"":688128,""obs_mistake_mask=E"":1}"
     23552,         1,         0,    8.44,exact_mw,3208f56225bbcac0e2804eb6f92d0a8b681652a702ca1ec920ccd7367f0e0899,"{""distance"":5,""physical_error_rate"":0.002}","{""detection_events"":46263,""detectors_checked"":5275648,""obs_mistake_mask=E"":1}"
    112640,         0,         0,    8.32,exact_mw,bb90ec3459e353008cf9a5bb9142bf1e8515517a9e167021b225104594e48e8a,"{""distance"":5,""physical_error_rate"":0.001}","{""detection_events"":110564,""detectors_checked"":25231360}"
      2048,         2,         0,    4.74,exact_mw,38b7ae1c4e8407fc325e0d9e43e9f92ff26dcb3f5cf7b98d24ea74c9e5188d39,"{""distance"":5,""physical_error_rate"":0.005}","{""detection_events"":9526,""detectors_checked"":458752,""obs_mistake_mask=E"":2}"
    403456,         0,         0,    8.15,exact_mw,f32ebecd8e105e50ec838d33c5ed9b45444b6b44a3c6ac541111079f2b14e893,"{""distance"":5,""physical_error_rate"":5e-05}","{""detection_events"":19733,""detectors_checked"":90374144}"
    187392,         2,         0,    5.95,exact_mw,bb90ec3459e353008cf9a5bb9142bf1e8515517a9e167021b225104594e48e8a,"{""distance"":5,""physical_error_rate"":0.001}","{""detection_events"":182490,""detectors_checked"":41975808,""obs_mistake_mask=E"":2}"
    192512,         1,         0,    8.37,exact_mw,bb90ec3459e353008cf9a5bb9142bf1e8515517a9e167021b225104594e48e8a,"{""distance"":5,""physical_error_rate"":0.001}","{""detection_events"":188550,""detectors_checked"":43122688,""obs_mistake_mask=E"":1}"
     21504,         0,         0,    8.54,exact_mw,3208f56225bbcac0e2804eb6f92d0a8b681652a702ca1ec920ccd7367f0e0899,"{""distance"":5,""physical_error_rate"":0.002}","{""detection_events"":41894,""detectors_checked"":4816896}"
       320,        14,         0,    6.28,exact_mw,7b4896c0e7f0a510554d89637fd747b157418067a95869d1f0661294d473d1dc,"{""distance"":5,""physical_error_rate"":0.02}","{""detection_events"":5734,""detectors_checked"":71680,""obs_mistake_mask=E"":14}"
       320,         2,         0,    2.67,exact_mw,72230d8c06b5a71069df48ede6f7f3e6128cd83e8239dd1b2e5fe023578b6eb1,"{""distance"":5,""physical_error_rate"":0.01}","{""detection_events"":2921,""detectors_checked"":71680,""obs_mistake_mask=E"":2}"
      2304,         2,         0,    4.28,exact_mw,38b7ae1c4e8407fc325e0d9e43e9f92ff26dcb3f5cf7b98d24ea74c9e5188d39,"{""distance"":5,""physical_error_rate"":0.005}","{""detection_events"":11219,""detectors_checked"":516096,""obs_mistake_mask=E"":2}"
       256,        13,         0,    4.37,exact_mw,7b4896c0e7f0a510554d89637fd747b157418067a95869d1f0661294d473d1dc,"{""distance"":5,""physical_error_rate"":0.02}","{""detection_events"":4549,""detectors_checked"":57344,""obs_mistake_mask=E"":13}"
    194560,         0,         0,    4.17,exact_mw,f32ebecd8e105e50ec838d33c5ed9b45444b6b44a3c6ac541111079f2b14e893,"{""distance"":5,""physical_error_rate"":5e-05}","{""detection_events"":9970,""detectors_checked"":43581440}"
       448,        14,         0,    8.79,exact_mw,7b4896c0e7f0a510554d89637fd747b157418067a95869d1f0661294d473d1dc,"{""distance"":5,""physical_error_rate"":0.02}","{""detection_events"":7731,""detectors_checked"":100352,""obs_mistake_mask=E"":14}"
    141312,         0,         0,    4.21,exact_mw,cb12ae119b9b2ba18d0216e7235b403229e92fd0743ede48fe7f1a2c6f45d594,"{""distance"":5,""physical_error_rate"":0.0005}","{""detection_events"":69617,""detectors_checked"":31653888}"
       448,        18,         0,    8.45,exact_mw,7b4896c0e7f0a510554d89637fd747b157418067a95869d1f0661294d473d1dc,"{""distance"":5,""physical_error_rate"":0.02}","{""detection_events"":8077,""detectors_checked"":100352,""obs_mistake_mask=E"":18}"
       448,         8,         0,    4.73,exact_mw,72230d8c06b5a71069df48ede6f7f3e6128cd83e8239dd1b2e5fe023578b6eb1,"{""distance"":5,""physical_error_rate"":0.01}","{""detection_events"":4030,""detectors_checked"":100352,""obs_mistake_mask=E"":8}"
    342016,         0,         0,    4.25,exact_mw,cdc4a450a40af8e24899239080e4c40992fb5baf91c5a31ab3a165eacb3a1ab3,"{""distance"":5,""physical_error_rate"":0.0002}","{""detection_events"":67399,""detectors_checked"":76611584}"
     56320,         0,         0,    4.29,exact_mw,bb90ec3459e353008cf9a5bb9142bf1e8515517a9e167021b225104594e48e8a,"{""distance"":5,""physical_error_rate"":0.001}","{""detection_events"":55467,""detectors_checked"":12615680}"
    410624,         0,         0,    4.25,exact_mw,70a969f5042aec17ac076c6379f4170fb7c69b8e925756ef3b7334e28a33338b,"{""distance"":5,""physical_error_rate"":0.0001}","{""detection_events"":40013,""detectors_checked"":91979776}"
      1536,         2,         0,    2.80,exact_mw,38b7ae1c4e8407fc325e0d9e43e9f92ff26dcb3f5cf7b98d24ea74c9e5188d39,"{""distance"":5,""physical_error_rate"":0.005}","{""detection_events"":7420,""detectors_checked"":344064,""obs_mistake_mask=E"":2}"
       224,         9,         0,    3.07,exact_mw,7b4896c0e7f0a510554d89637fd747b157418067a95869d1f0661294d473d1dc,"{""distance"":5,""physical_error_rate"":0.02}","{""detection_events"":3925,""detectors_checked"":50176,""obs_mistake_mask=E"":9}"
       256,         2,         0,    2.77,exact_mw,72230d8c06b5a71069df48ede6f7f3e6128cd83e8239dd1b2e5fe023578b6eb1,"{""distance"":5,""physical_error_rate"":0.01}","{""detection_events"":2403,""detectors_checked"":57344,""obs_mistake_mask=E"":2}"
       224,        13,         0,    3.05,exact_mw,7b4896c0e7f0a510554d89637fd747b157418067a95869d1f0661294d473d1dc,"{""distance"":5,""physical_error_rate"":0.02}","{""detection_events"":3905,""detectors_checked"":50176,""obs_mistake_mask=E"":13}"
      3584,         2,         0,    8.65,exact_mw,38b7ae1c4e8407fc325e0d9e43e9f92ff26dcb3f5cf7b98d24ea74c9e5188d39,"{""distance"":5,""physical_error_rate"":0.005}","{""detection_events"":17449,""detectors_checked"":802816,""obs_mistake_mask=E"":2}"
       384,         7,         0,    8.51,exact_mw,7b4896c0e7f0a510554d89637fd747b157418067a95869d1f0661294d473d1dc,"{""distance"":5,""physical_error_rate"":0.02}","{""detection_events"":6720,""detectors_checked"":86016,""obs_mistake_mask=E"":7}"
      1792,         1,         0,    4.62,exact_mw,38b7ae1c4e8407fc325e0d9e43e9f92ff26dcb3f5cf7b98d24ea74c9e5188d39,"{""distance"":5,""physical_error_rate"":0.005}","{""detection_events"":8394,""detectors_checked"":401408,""obs_mistake_mask=E"":1}"
     47104,         2,         0,    8.33,exact_mw,3208f56225bbcac0e2804eb6f92d0a8b681652a702ca1ec920ccd7367f0e0899,"{""distance"":5,""physical_error_rate"":0.002}","{""detection_events"":91910,""detectors_checked"":10551296,""obs_mistake_mask=E"":2}"
      2560,         1,         0,    8.70,exact_mw,38b7ae1c4e8407fc325e0d9e43e9f92ff26dcb3f5cf7b98d24ea74c9e5188d39,"{""distance"":5,""physical_error_rate"":0.005}","{""detection_events"":12285,""detectors_checked"":573440,""obs_mistake_mask=E"":1}"
       768,         1,         0,    3.05,exact_mw,38b7ae1c4e8407fc325e0d9e43e9f92ff26dcb3f5cf7b98d24ea74c9e5188d39,"{""distance"":5,""physical_error_rate"":0.005}","{""detection_events"":3759,""detectors_checked"":172032,""obs_mistake_mask=E"":1}"
      1152,        15,         0,    8.61,exact_mw,72230d8c06b5a71069df48ede6f7f3e6128cd83e8239dd1b2e5fe023578b6eb1,"{""distance"":5,""physical_error_rate"":0.01}","{""detection_events"":10665,""detectors_checked"":258048,""obs_mistake_mask=E"":15}"
     22528,         0,         0,    8.60,exact_mw,3208f56225bbcac0e2804eb6f92d0a8b681652a702ca1ec920ccd7367f0e0899,"{""distance"":5,""physical_error_rate"":0.002}","{""detection_events"":43334,""detectors_checked"":5046272}"
     18432,         2,         0,    6.06,exact_mw,3208f56225bbcac0e2804eb6f92d0a8b681652a702ca1ec920ccd7367f0e0899,"{""distance"":5,""physical_error_rate"":0.002}","{""detection_events"":35876,""detectors_checked"":4128768,""obs_mistake_mask=E"":2}"
     25600,         3,         0,    6.08,exact_mw,3208f56225bbcac0e2804eb6f92d0a8b681652a702ca1ec920ccd7367f0e0899,"{""distance"":5,""physical_error_rate"":0.002}","{""detection_events"":49781,""detectors_checked"":5734400,""obs_mistake_mask=E"":3}"
       896,        28,         0,    8.84,exact_mw,7b4896c0e7f0a510554d89637fd747b157418067a95869d1f0661294d473d1dc,"{""distance"":5,""physical_error_rate"":0.02}","{""detection_events"":16081,""detectors_checked"":200704,""obs_mistake_mask=E"":28}"
      1088,         5,         0,    8.37,exact_mw,72230d8c06b5a71069df48ede6f7f3e6128cd83e8239dd1b2e5fe023578b6eb1,"{""distance"":5,""physical_error_rate"":0.01}","{""detection_events"":9968,""detectors_checked"":243712,""obs_mistake_mask=E"":5}"
       480,        11,         0,    8.52,exact_mw,7b4896c0e7f0a510554d89637fd747b157418067a95869d1f0661294d473d1dc,"{""distance"":5,""physical_error_rate"":0.02}","{""detection_events"":8363,""detectors_checked"":107520,""obs_mistake_mask=E"":11}"
       416,        13,         0,    8.65,exact_mw,7b4896c0e7f0a510554d89637fd747b157418067a95869d1f0661294d473d1dc,"{""distance"":5,""physical_error_rate"":0.02}","{""detection_events"":7579,""detectors_checked"":93184,""obs_mistake_mask=E"":13}"
       416,        22,         0,    8.68,exact_mw,7b4896c0e7f0a510554d89637fd747b157418067a95869d1f0661294d473d1dc,"{""distance"":5,""physical_error_rate"":0.02}","{""detection_events"":7528,""detectors_checked"":93184,""obs_mistake_mask=E"":22}"
       320,         0,         0,    3.12,exact_mw,72230d8c06b5a71069df48ede6f7f3e6128cd83e8239dd1b2e5fe023578b6eb1,"{""distance"":5,""physical_error_rate"":0.01}","{""detection_events"":2925,""detectors_checked"":71680}"
      2560,         2,         0,    9.01,exact_mw,38b7ae1c4e8407fc325e0d9e43e9f92ff26dcb3f5cf7b98d24ea74c9e5188d39,"{""distance"":5,""physical_error_rate"":0.005}","{""detection_events"":12371,""detectors_checked"":573440,""obs_mistake_mask=E"":2}"
   1186816,         0,         0,    11.6,exact_mw,cb12ae119b9b2ba18d0216e7235b403229e92fd0743ede48fe7f1a2c6f45d594,"{""distance"":5,""physical_error_rate"":0.0005}","{""detection_events"":584561,""detectors_checked"":265846784}"
     16384,         0,         0,    6.34,exact_mw,3208f56225bbcac0e2804eb6f92d0a8b681652a702ca1ec920ccd7367f0e0899,"{""distance"":5,""physical_error_rate"":0.002}","{""detection_events"":31688,""detectors_checked"":3670016}"
       768,         8,         0,    8.42,exact_mw,72230d8c06b5a71069df48ede6f7f3e6128cd83e8239dd1b2e5fe023578b6eb1,"{""distance"":5,""physical_error_rate"":0.01}","{""detection_events"":7078,""detectors_checked"":172032,""obs_mistake_mask=E"":8}"
     13312,         1,         0,    4.53,exact_mw,3208f56225bbcac0e2804eb6f92d0a8b681652a702ca1ec920ccd7367f0e0899,"{""distance"":5,""physical_error_rate"":0.002}","{""detection_events"":26112,""detectors_checked"":2981888,""obs_mistake_mask=E"":1}"
      1536,         9,         0,    8.92,exact_mw,72230d8c06b5a71069df48ede6f7f3e6128cd83e8239dd1b2e5fe023578b6eb1,"{""distance"":5,""physical_error_rate"":0.01}","{""detection_events"":14760,""detectors_checked"":344064,""obs_mistake_mask=E"":9}"
       256,         4,         0,    3.22,exact_mw,72230d8c06b5a71069df48ede6f7f3e6128cd83e8239dd1b2e5fe023578b6eb1,"{""distance"":5,""physical_error_rate"":0.01}","{""detection_events"":2478,""detectors_checked"":57344,""obs_mistake_mask=E"":4}"
      2048,         2,         0,    3.31,exact_mw,38b7ae1c4e8407fc325e0d9e43e9f92ff26dcb3f5cf7b98d24ea74c9e5188d39,"{""distance"":5,""physical_error_rate"":0.005}","{""detection_events"":9711,""detectors_checked"":458752,""obs_mistake_mask=E"":2}"
      3840,         3,         0,    8.94,exact_mw,38b7ae1c4e8407fc325e0d9e43e9f92ff26dcb3f5cf7b98d24ea74c9e5188d39,"{""distance"":5,""physical_error_rate"":0.005}","{""detection_events"":18450,""detectors_checked"":860160,""obs_mistake_mask=E"":3}"
       896,         7,         0,    6.34,exact_mw,72230d8c06b5a71069df48ede6f7f3e6128cd83e8239dd1b2e5fe023578b6eb1,"{""distance"":5,""physical_error_rate"":0.01}","{""detection_events"":8299,""detectors_checked"":200704,""obs_mistake_mask=E"":7}"
      3840,         5,         0,    9.11,exact_mw,38b7ae1c4e8407fc325e0d9e43e9f92ff26dcb3f5cf7b98d24ea74c9e5188d39,"{""distance"":5,""physical_error_rate"":0.005}","{""detection_events"":18516,""detectors_checked"":860160,""obs_mistake_mask=E"":5}"
      4608,         5,         0,    8.94,exact_mw,38b7ae1c4e8407fc325e0d9e43e9f92ff26dcb3f5cf7b98d24ea74c9e5188d39,"{""distance"":5,""physical_error_rate"":0.005}","{""detection_events"":22010,""detectors_checked"":1032192,""obs_mistake_mask=E"":5}"
      3072,         1,         0,    8.47,exact_mw,38b7ae1c4e8407fc325e0d9e43e9f92ff26dcb3f5cf7b98d24ea74c9e5188d39,"{""distance"":5,""physical_error_rate"":0.005}","{""detection_events"":14327,""detectors_checked"":688128,""obs_mistake_mask=E"":1}"
   1079296,         0,         0,    11.5,exact_mw,70a969f5042aec17ac076c6379f4170fb7c69b8e925756ef3b7334e28a33338b,"{""distance"":5,""physical_error_rate"":0.0001}","{""detection_events"":106992,""detectors_checked"":241762304}"
       640,         3,         0,    6.09,exact_mw,72230d8c06b5a71069df48ede6f7f3e6128cd83e8239dd1b2e5fe023578b6eb1,"{""distance"":5,""physical_error_rate"":0.01}","{""detection_events"":6062,""detectors_checked"":143360,""obs_mistake_mask=E"":3}"
       448,        14,         0,    6.30,exact_mw,7b4896c0e7f0a510554d89637fd747b157418067a95869d1f0661294d473d1dc,"{""distance"":5,""physical_error_rate"":0.02}","{""detection_events"":7934,""detectors_checked"":100352,""obs_mistake_mask=E"":14}"
      1024,         1,         0,    3.50,exact_mw,38b7ae1c4e8407fc325e0d9e43e9f92ff26dcb3f5cf7b98d24ea74c9e5188d39,"{""distance"":5,""physical_error_rate"":0.005}","{""detection_events"":4972,""detectors_checked"":229376,""obs_mistake_mask=E"":1}"
       320,        18,         0,    4.35,exact_mw,7b4896c0e7f0a510554d89637fd747b157418067a95869d1f0661294d473d1dc,"{""distance"":5,""physical_error_rate"":0.02}","{""detection_events"":5550,""detectors_checked"":71680,""obs_mistake_mask=E"":18}"
       128,         5,         0,    2.44,exact_mw,7b4896c0e7f0a510554d89637fd747b157418067a95869d1f0661294d473d1dc,"{""distance"":5,""physical_error_rate"":0.02}","{""detection_events"":2228,""detectors_checked"":28672,""obs_mistake_mask=E"":5}"
       288,        13,         0,    5.01,exact_mw,7b4896c0e7f0a510554d89637fd747b157418067a95869d1f0661294d473d1dc,"{""distance"":5,""physical_error_rate"":0.02}","{""detection_events"":5196,""detectors_checked"":64512,""obs_mistake_mask=E"":13}"
       832,         6,         0,    9.05,exact_mw,72230d8c06b5a71069df48ede6f7f3e6128cd83e8239dd1b2e5fe023578b6eb1,"{""distance"":5,""physical_error_rate"":0.01}","{""detection_events"":7724,""detectors_checked"":186368,""obs_mistake_mask=E"":6}"
       256,         9,         0,    5.12,exact_mw,7b4896c0e7f0a510554d89637fd747b157418067a95869d1f0661294d473d1dc,"{""distance"":5,""physical_error_rate"":0.02}","{""detection_events"":4611,""detectors_checked"":57344,""obs_mistake_mask=E"":9}"
    647168,         0,         0,    11.6,exact_mw,f32ebecd8e105e50ec838d33c5ed9b45444b6b44a3c6ac541111079f2b14e893,"{""distance"":5,""physical_error_rate"":5e-05}","{""detection_events"":32029,""detectors_checked"":144965632}"
        32,         0,         0,   0.479,exact_mw,7b4896c0e7f0a510554d89637fd747b157418067a95869d1f0661294d473d1dc,"{""distance"":5,""physical_error_rate"":0.02}","{""detection_events"":576,""detectors_checked"":7168}"
       320,         9,         0,    4.65,exact_mw,7b4896c0e7f0a510554d89637fd747b157418067a95869d1f0661294d473d1dc,"{""distance"":5,""physical_error_rate"":0.02}","{""detection_events"":5575,""detectors_checked"":71680,""obs_mistake_mask=E"":9}"
       320,         6,         0,    5.42,exact_mw,7b4896c0e7f0a510554d89637fd747b157418067a95869d1f0661294d473d1dc,"{""distance"":5,""physical_error_rate"":0.02}","{""detection_events"":5519,""detectors_checked"":71680,""obs_mistake_mask=E"":6}"
    308224,         0,         0,    11.7,exact_mw,bb90ec3459e353008cf9a5bb9142bf1e8515517a9e167021b225104594e48e8a,"{""distance"":5,""physical_error_rate"":0.001}","{""detection_events"":303320,""detectors_checked"":69042176}"
      1472,        51,         0,    8.55,exact_mw,7b4896c0e7f0a510554d89637fd747b157418067a95869d1f0661294d473d1dc,"{""distance"":5,""physical_error_rate"":0.02}","{""detection_events"":25894,""detectors_checked"":329728,""obs_mistake_mask=E"":51}"
        32,         1,         0,   0.346,exact_mw,7b4896c0e7f0a510554d89637fd747b157418067a95869d1f0661294d473d1dc,"{""distance"":5,""physical_error_rate"":0.02}","{""detection_events"":522,""detectors_checked"":7168,""obs_mistake_mask=E"":1}"
       160,         8,         0,    2.79,exact_mw,7b4896c0e7f0a510554d89637fd747b157418067a95869d1f0661294d473d1dc,"{""distance"":5,""physical_error_rate"":0.02}","{""detection_events"":2824,""detectors_checked"":35840,""obs_mistake_mask=E"":8}"
       256,        11,         0,    2.92,exact_mw,7b4896c0e7f0a510554d89637fd747b157418067a95869d1f0661294d473d1dc,"{""distance"":5,""physical_error_rate"":0.02}","{""detection_events"":4656,""detectors_checked"":57344,""obs_mistake_mask=E"":11}"
       320,         6,         0,    6.49,exact_mw,7b4896c0e7f0a510554d89637fd747b157418067a95869d1f0661294d473d1dc,"{""distance"":5,""physical_error_rate"":0.02}","{""detection_events"":5548,""detectors_checked"":71680,""obs_mistake_mask=E"":6}"
       288,         6,         0,    5.83,exact_mw,7b4896c0e7f0a510554d89637fd747b157418067a95869d1f0661294d473d1dc,"{""distance"":5,""physical_error_rate"":0.02}","{""detection_events"":5175,""detectors_checked"":64512,""obs_mistake_mask=E"":6}"
    147456,         3,         0,    11.7,exact_mw,bb90ec3459e353008cf9a5bb9142bf1e8515517a9e167021b225104594e48e8a,"{""distance"":5,""physical_error_rate"":0.001}","{""detection_events"":144683,""detectors_checked"":33030144,""obs_mistake_mask=E"":3}"
       128,         7,         0,    2.78,exact_mw,7b4896c0e7f0a510554d89637fd747b157418067a95869d1f0661294d473d1dc,"{""distance"":5,""physical_error_rate"":0.02}","{""detection_events"":2286,""detectors_checked"":28672,""obs_mistake_mask=E"":7}"
       224,        15,         0,    4.67,exact_mw,7b4896c0e7f0a510554d89637fd747b157418067a95869d1f0661294d473d1dc,"{""distance"":5,""physical_error_rate"":0.02}","{""detection_events"":4074,""detectors_checked"":50176,""obs_mistake_mask=E"":15}"
       768,         6,         0,    8.63,exact_mw,72230d8c06b5a71069df48ede6f7f3e6128cd83e8239dd1b2e5fe023578b6eb1,"{""distance"":5,""physical_error_rate"":0.01}","{""detection_events"":7337,""detectors_checked"":172032,""obs_mistake_mask=E"":6}"
    828416,         0,         0,    8.25,exact_mw,70a969f5042aec17ac076c6379f4170fb7c69b8e925756ef3b7334e28a33338b,"{""distance"":5,""physical_error_rate"":0.0001}","{""detection_events"":82161,""detectors_checked"":185565184}"
    338944,         1,         0,    8.11,exact_mw,cb12ae119b9b2ba18d0216e7235b403229e92fd0743ede48fe7f1a2c6f45d594,"{""distance"":5,""physical_error_rate"":0.0005}","{""detection_events"":166463,""detectors_checked"":75923456,""obs_mistake_mask=E"":1}"
    534528,         0,         0,    11.5,exact_mw,70a969f5042aec17ac076c6379f4170fb7c69b8e925756ef3b7334e28a33338b,"{""distance"":5,""physical_error_rate"":0.0001}","{""detection_events"":52861,""detectors_checked"":119734272}"
    388096,         0,         0,    8.18,exact_mw,f32ebecd8e105e50ec838d33c5ed9b45444b6b44a3c6ac541111079f2b14e893,"{""distance"":5,""physical_error_rate"":5e-05}","{""detection_events"":18985,""detectors_checked"":86933504}"
      2304,         1,         0,    6.43,exact_mw,38b7ae1c4e8407fc325e0d9e43e9f92ff26dcb3f5cf7b98d24ea74c9e5188d39,"{""distance"":5,""physical_error_rate"":0.005}","{""detection_events"":10966,""detectors_checked"":516096,""obs_mistake_mask=E"":1}"
      5632,         6,         0,    8.99,exact_mw,38b7ae1c4e8407fc325e0d9e43e9f92ff26dcb3f5cf7b98d24ea74c9e5188d39,"{""distance"":5,""physical_error_rate"":0.005}","{""detection_events"":26855,""detectors_checked"":1261568,""obs_mistake_mask=E"":6}"
    512000,         0,         0,    11.5,exact_mw,cdc4a450a40af8e24899239080e4c40992fb5baf91c5a31ab3a165eacb3a1ab3,"{""distance"":5,""physical_error_rate"":0.0002}","{""detection_events"":101588,""detectors_checked"":114688000}"
    750592,         0,         0,    11.6,exact_mw,70a969f5042aec17ac076c6379f4170fb7c69b8e925756ef3b7334e28a33338b,"{""distance"":5,""physical_error_rate"":0.0001}","{""detection_events"":72807,""detectors_checked"":168132608}"
    277504,         0,         0,    5.87,exact_mw,f32ebecd8e105e50ec838d33c5ed9b45444b6b44a3c6ac541111079f2b14e893,"{""distance"":5,""physical_error_rate"":5e-05}","{""detection_events"":13566,""detectors_checked"":62160896}"
    527360,         0,         0,    11.6,exact_mw,70a969f5042aec17ac076c6379f4170fb7c69b8e925756ef3b7334e28a33338b,"{""distance"":5,""physical_error_rate"":0.0001}","{""detection_events"":51849,""detectors_checked"":118128640}"
    461824,         0,         0,    8.25,exact_mw,f32ebecd8e105e50ec838d33c5ed9b45444b6b44a3c6ac541111079f2b14e893,"{""distance"":5,""physical_error_rate"":5e-05}","{""detection_events"":22724,""detectors_checked"":103448576}"
    198656,         0,         0,    5.96,exact_mw,cb12ae119b9b2ba18d0216e7235b403229e92fd0743ede48fe7f1a2c6f45d594,"{""distance"":5,""physical_error_rate"":0.0005}","{""detection_events"":98316,""detectors_checked"":44498944}"
    125952,         0,         0,    8.37,exact_mw,bb90ec3459e353008cf9a5bb9142bf1e8515517a9e167021b225104594e48e8a,"{""distance"":5,""physical_error_rate"":0.001}","{""detection_events"":124599,""detectors_checked"":28213248}"
      4096,         3,         0,    6.33,exact_mw,38b7ae1c4e8407fc325e0d9e43e9f92ff26dcb3f5cf7b98d24ea74c9e5188d39,"{""distance"":5,""physical_error_rate"":0.005}","{""detection_events"":19950,""detectors_checked"":917504,""obs_mistake_mask=E"":3}"
      2816,         3,         0,    8.86,exact_mw,38b7ae1c4e8407fc325e0d9e43e9f92ff26dcb3f5cf7b98d24ea74c9e5188d39,"{""distance"":5,""physical_error_rate"":0.005}","{""detection_events"":13256,""detectors_checked"":630784,""obs_mistake_mask=E"":3}"
    384000,         0,         0,    5.94,exact_mw,cdc4a450a40af8e24899239080e4c40992fb5baf91c5a31ab3a165eacb3a1ab3,"{""distance"":5,""physical_error_rate"":0.0002}","{""detection_events"":75995,""detectors_checked"":86016000}"
    577536,         0,         0,    11.5,exact_mw,cdc4a450a40af8e24899239080e4c40992fb5baf91c5a31ab3a165eacb3a1ab3,"{""distance"":5,""physical_error_rate"":0.0002}","{""detection_events"":112561,""detectors_checked"":129368064}"
    555008,         0,         0,    5.91,exact_mw,70a969f5042aec17ac076c6379f4170fb7c69b8e925756ef3b7334e28a33338b,"{""distance"":5,""physical_error_rate"":0.0001}","{""detection_events"":55081,""detectors_checked"":124321792}"
    664576,         0,         0,    11.6,exact_mw,f32ebecd8e105e50ec838d33c5ed9b45444b6b44a3c6ac541111079f2b14e893,"{""distance"":5,""physical_error_rate"":5e-05}","{""detection_events"":32596,""detectors_checked"":148865024}"
      1280,        10,         0,    8.59,exact_mw,72230d8c06b5a71069df48ede6f7f3e6128cd83e8239dd1b2e5fe023578b6eb1,"{""distance"":5,""physical_error_rate"":0.01}","{""detection_events"":12209,""detectors_checked"":286720,""obs_mistake_mask=E"":10}"
     94208,         0,         0,    5.90,exact_mw,bb90ec3459e353008cf9a5bb9142bf1e8515517a9e167021b225104594e48e8a,"{""distance"":5,""physical_error_rate"":0.001}","{""detection_events"":92666,""detectors_checked"":21102592}"
    388096,         0,         0,    8.23,exact_mw,cdc4a450a40af8e24899239080e4c40992fb5baf91c5a31ab3a165eacb3a1ab3,"{""distance"":5,""physical_error_rate"":0.0002}","{""detection_events"":75866,""detectors_checked"":86933504}"
    449536,         0,         0,    8.19,exact_mw,70a969f5042aec17ac076c6379f4170fb7c69b8e925756ef3b7334e28a33338b,"{""distance"":5,""physical_error_rate"":0.0001}","{""detection_events"":44115,""detectors_checked"":100696064}"
       576,         5,         0,    6.30,exact_mw,72230d8c06b5a71069df48ede6f7f3e6128cd83e8239dd1b2e5fe023578b6eb1,"{""distance"":5,""physical_error_rate"":0.01}","{""detection_events"":5345,""detectors_checked"":129024,""obs_mistake_mask=E"":5}"
   1704960,         0,         0,    11.6,exact_mw,f32ebecd8e105e50ec838d33c5ed9b45444b6b44a3c6ac541111079f2b14e893,"{""distance"":5,""physical_error_rate"":5e-05}","{""detection_events"":83943,""detectors_checked"":381911040}"
    457728,         0,         0,    8.31,exact_mw,cdc4a450a40af8e24899239080e4c40992fb5baf91c5a31ab3a165eacb3a1ab3,"{""distance"":5,""physical_error_rate"":0.0002}","{""detection_events"":89605,""detectors_checked"":102531072}"
    501760,         0,         0,    8.24,exact_mw,f32ebecd8e105e50ec838d33c5ed9b45444b6b44a3c6ac541111079f2b14e893,"{""distance"":5,""physical_error_rate"":5e-05}","{""detection_events"":25025,""detectors_checked"":112394240}"
    886784,         0,         0,    8.29,exact_mw,cdc4a450a40af8e24899239080e4c40992fb5baf91c5a31ab3a165eacb3a1ab3,"{""distance"":5,""physical_error_rate"":0.0002}","{""detection_events"":175887,""detectors_checked"":198639616}"
    130048,         0,         0,    8.26,exact_mw,bb90ec3459e353008cf9a5bb9142bf1e8515517a9e167021b225104594e48e8a,"{""distance"":5,""physical_error_rate"":0.001}","{""detection_events"":128459,""detectors_checked"":29130752}"
      2688,        22,         0,    8.85,exact_mw,72230d8c06b5a71069df48ede6f7f3e6128cd83e8239dd1b2e5fe023578b6eb1,"{""distance"":5,""physical_error_rate"":0.01}","{""detection_events"":25289,""detectors_checked"":602112,""obs_mistake_mask=E"":22}"
    531456,         0,         0,    11.4,exact_mw,70a969f5042aec17ac076c6379f4170fb7c69b8e925756ef3b7334e28a33338b,"{""distance"":5,""physical_error_rate"":0.0001}","{""detection_events"":52749,""detectors_checked"":119046144}"
    875520,         0,         0,    11.6,exact_mw,cdc4a450a40af8e24899239080e4c40992fb5baf91c5a31ab3a165eacb3a1ab3,"{""distance"":5,""physical_error_rate"":0.0002}","{""detection_events"":172168,""detectors_checked"":196116480}"
    407552,         0,         0,    11.5,exact_mw,cb12ae119b9b2ba18d0216e7235b403229e92fd0743ede48fe7f1a2c6f45d594,"{""distance"":5,""physical_error_rate"":0.0005}","{""detection_events"":199863,""detectors_checked"":91291648}"
    277504,         0,         0,    8.30,exact_mw,cb12ae119b9b2ba18d0216e7235b403229e92fd0743ede48fe7f1a2c6f45d594,"{""distance"":5,""physical_error_rate"":0.0005}","{""detection_events"":136286,""detectors_checked"":62160896}"
    745472,         0,         0,    11.5,exact_mw,cdc4a450a40af8e24899239080e4c40992fb5baf91c5a31ab3a165eacb3a1ab3,"{""distance"":5,""physical_error_rate"":0.0002}","{""detection_events"":148202,""detectors_checked"":166985728}"
    552960,         0,         0,    11.5,exact_mw,f32ebecd8e105e50ec838d33c5ed9b45444b6b44a3c6ac541111079f2b14e893,"{""distance"":5,""physical_error_rate"":5e-05}","{""detection_events"":26728,""detectors_checked"":123863040}"
       832,         5,         0,    8.55,exact_mw,72230d8c06b5a71069df48ede6f7f3e6128cd83e8239dd1b2e5fe023578b6eb1,"{""distance"":5,""physical_error_rate"":0.01}","{""detection_events"":7903,""detectors_checked"":186368,""obs_mistake_mask=E"":5}"
    410624,         0,         0,    11.6,exact_mw,cb12ae119b9b2ba18d0216e7235b403229e92fd0743ede48fe7f1a2c6f45d594,"{""distance"":5,""physical_error_rate"":0.0005}","{""detection_events"":199491,""detectors_checked"":91979776}"
    449536,         0,         0,    8.31,exact_mw,f32ebecd8e105e50ec838d33c5ed9b45444b6b44a3c6ac541111079f2b14e893,"{""distance"":5,""physical_error_rate"":5e-05}","{""detection_events"":21517,""detectors_checked"":100696064}"
    691200,         0,         0,    11.6,exact_mw,f32ebecd8e105e50ec838d33c5ed9b45444b6b44a3c6ac541111079f2b14e893,"{""distance"":5,""physical_error_rate"":5e-05}","{""detection_events"":33704,""detectors_checked"":154828800}"
    413696,         0,         0,    11.5,exact_mw,cb12ae119b9b2ba18d0216e7235b403229e92fd0743ede48fe7f1a2c6f45d594,"{""distance"":5,""physical_error_rate"":0.0005}","{""detection_events"":204113,""detectors_checked"":92667904}"
       512,         4,         0,    4.31,exact_mw,72230d8c06b5a71069df48ede6f7f3e6128cd83e8239dd1b2e5fe023578b6eb1,"{""distance"":5,""physical_error_rate"":0.01}","{""detection_events"":4828,""detectors_checked"":114688,""obs_mistake_mask=E"":4}"
    542720,         0,         0,    8.23,exact_mw,70a969f5042aec17ac076c6379f4170fb7c69b8e925756ef3b7334e28a33338b,"{""distance"":5,""physical_error_rate"":0.0001}","{""detection_events"":53074,""detectors_checked"":121569280}"
    405504,         0,         0,    8.16,exact_mw,70a969f5042aec17ac076c6379f4170fb7c69b8e925756ef3b7334e28a33338b,"{""distance"":5,""physical_error_rate"":0.0001}","{""detection_events"":40537,""detectors_checked"":90832896}"
      2560,         3,         0,    6.44,exact_mw,38b7ae1c4e8407fc325e0d9e43e9f92ff26dcb3f5cf7b98d24ea74c9e5188d39,"{""distance"":5,""physical_error_rate"":0.005}","{""detection_events"":12187,""detectors_checked"":573440,""obs_mistake_mask=E"":3}"
    305152,         0,         0,    8.32,exact_mw,cb12ae119b9b2ba18d0216e7235b403229e92fd0743ede48fe7f1a2c6f45d594,"{""distance"":5,""physical_error_rate"":0.0005}","{""detection_events"":150198,""detectors_checked"":68354048}"
    473088,         0,         0,    11.6,exact_mw,cb12ae119b9b2ba18d0216e7235b403229e92fd0743ede48fe7f1a2c6f45d594,"{""distance"":5,""physical_error_rate"":0.0005}","{""detection_events"":233241,""detectors_checked"":105971712}"
    154624,         1,         0,    11.7,exact_mw,bb90ec3459e353008cf9a5bb9142bf1e8515517a9e167021b225104594e48e8a,"{""distance"":5,""physical_error_rate"":0.001}","{""detection_events"":151214,""detectors_checked"":34635776,""obs_mistake_mask=E"":1}"
    560128,         0,         0,    11.7,exact_mw,70a969f5042aec17ac076c6379f4170fb7c69b8e925756ef3b7334e28a33338b,"{""distance"":5,""physical_error_rate"":0.0001}","{""detection_events"":54669,""detectors_checked"":125468672}"
    479232,         0,         0,    11.5,exact_mw,cb12ae119b9b2ba18d0216e7235b403229e92fd0743ede48fe7f1a2c6f45d594,"{""distance"":5,""physical_error_rate"":0.0005}","{""detection_events"":235805,""detectors_checked"":107347968}"
    657408,         0,         0,    11.5,exact_mw,f32ebecd8e105e50ec838d33c5ed9b45444b6b44a3c6ac541111079f2b14e893,"{""distance"":5,""physical_error_rate"":5e-05}","{""detection_events"":32386,""detectors_checked"":147259392}"
    181248,         1,         0,    8.29,exact_mw,bb90ec3459e353008cf9a5bb9142bf1e8515517a9e167021b225104594e48e8a,"{""distance"":5,""physical_error_rate"":0.001}","{""detection_events"":177071,""detectors_checked"":40599552,""obs_mistake_mask=E"":1}"
    221184,         1,         0,    11.7,exact_mw,bb90ec3459e353008cf9a5bb9142bf1e8515517a9e167021b225104594e48e8a,"{""distance"":5,""physical_error_rate"":0.001}","{""detection_events"":217517,""detectors_checked"":49545216,""obs_mistake_mask=E"":1}"
    594944,         0,         0,    11.5,exact_mw,f32ebecd8e105e50ec838d33c5ed9b45444b6b44a3c6ac541111079f2b14e893,"{""distance"":5,""physical_error_rate"":5e-05}","{""detection_events"":29128,""detectors_checked"":133267456}"
    182272,         0,         0,    11.6,exact_mw,bb90ec3459e353008cf9a5bb9142bf1e8515517a9e167021b225104594e48e8a,"{""distance"":5,""physical_error_rate"":0.001}","{""detection_events"":177392,""detectors_checked"":40828928}"
    641024,         0,         0,    11.5,exact_mw,cdc4a450a40af8e24899239080e4c40992fb5baf91c5a31ab3a165eacb3a1ab3,"{""distance"":5,""physical_error_rate"":0.0002}","{""detection_events"":125802,""detectors_checked"":143589376}"
      3840,        29,         0,    9.11,exact_mw,72230d8c06b5a71069df48ede6f7f3e6128cd83e8239dd1b2e5fe023578b6eb1,"{""distance"":5,""physical_error_rate"":0.01}","{""detection_events"":36540,""detectors_checked"":860160,""obs_mistake_mask=E"":29}"
    658432,         0,         0,    11.6,exact_mw,cdc4a450a40af8e24899239080e4c40992fb5baf91c5a31ab3a165eacb3a1ab3,"{""distance"":5,""physical_error_rate"":0.0002}","{""detection_events"":130056,""detectors_checked"":147488768}"
   1155072,         0,         0,    11.6,exact_mw,cdc4a450a40af8e24899239080e4c40992fb5baf91c5a31ab3a165eacb3a1ab3,"{""distance"":5,""physical_error_rate"":0.0002}","{""detection_events"":225818,""detectors_checked"":258736128}"
    203776,         1,         0,    11.7,exact_mw,bb90ec3459e353008cf9a5bb9142bf1e8515517a9e167021b225104594e48e8a,"{""distance"":5,""physical_error_rate"":0.001}","{""detection_events"":198254,""detectors_checked"":45645824,""obs_mistake_mask=E"":1}"
    618496,         0,         0,    11.6,exact_mw,70a969f5042aec17ac076c6379f4170fb7c69b8e925756ef3b7334e28a33338b,"{""distance"":5,""physical_error_rate"":0.0001}","{""detection_events"":60623,""detectors_checked"":138543104}"
    582656,         0,         0,    11.6,exact_mw,70a969f5042aec17ac076c6379f4170fb7c69b8e925756ef3b7334e28a33338b,"{""distance"":5,""physical_error_rate"":0.0001}","{""detection_events"":57193,""detectors_checked"":130514944}"
    358400,         0,         0,    11.7,exact_mw,bb90ec3459e353008cf9a5bb9142bf1e8515517a9e167021b225104594e48e8a,"{""distance"":5,""physical_error_rate"":0.001}","{""detection_events"":350934,""detectors_checked"":80281600}"
      2560,         3,         0,    4.58,exact_mw,38b7ae1c4e8407fc325e0d9e43e9f92ff26dcb3f5cf7b98d24ea74c9e5188d39,"{""distance"":5,""physical_error_rate"":0.005}","{""detection_events"":12589,""detectors_checked"":573440,""obs_mistake_mask=E"":3}"
       512,         1,         0,    4.61,exact_mw,72230d8c06b5a71069df48ede6f7f3e6128cd83e8239dd1b2e5fe023578b6eb1,"{""distance"":5,""physical_error_rate"":0.01}","{""detection_events"":4726,""detectors_checked"":114688,""obs_mistake_mask=E"":1}"
    774144,         1,         0,    11.6,exact_mw,cb12ae119b9b2ba18d0216e7235b403229e92fd0743ede48fe7f1a2c6f45d594,"{""distance"":5,""physical_error_rate"":0.0005}","{""detection_events"":379923,""detectors_checked"":173408256,""obs_mistake_mask=E"":1}"
    345088,         0,         0,    11.7,exact_mw,cb12ae119b9b2ba18d0216e7235b403229e92fd0743ede48fe7f1a2c6f45d594,"{""distance"":5,""physical_error_rate"":0.0005}","{""detection_events"":169878,""detectors_checked"":77299712}"
      3345,         0,         0,   0.011,exact_mw,f32ebecd8e105e50ec838d33c5ed9b45444b6b44a3c6ac541111079f2b14e893,"{""distance"":5,""physical_error_rate"":5e-05}","{""detection_events"":161,""detectors_checked"":749280}"
      2048,         0,         0,   0.006,exact_mw,f32ebecd8e105e50ec838d33c5ed9b45444b6b44a3c6ac541111079f2b14e893,"{""distance"":5,""physical_error_rate"":5e-05}","{""detection_events"":96,""detectors_checked"":458752}"
      3072,         0,         0,   0.022,exact_mw,f32ebecd8e105e50ec838d33c5ed9b45444b6b44a3c6ac541111079f2b14e893,"{""distance"":5,""physical_error_rate"":5e-05}","{""detection_events"":149,""detectors_checked"":688128}"
    652288,         0,         0,    11.5,exact_mw,f32ebecd8e105e50ec838d33c5ed9b45444b6b44a3c6ac541111079f2b14e893,"{""distance"":5,""physical_error_rate"":5e-05}","{""detection_events"":32267,""detectors_checked"":146112512}"
      5120,         0,         0,   0.028,exact_mw,f32ebecd8e105e50ec838d33c5ed9b45444b6b44a3c6ac541111079f2b14e893,"{""distance"":5,""physical_error_rate"":5e-05}","{""detection_events"":221,""detectors_checked"":1146880}"
     36864,         5,         0,    11.8,exact_mw,3208f56225bbcac0e2804eb6f92d0a8b681652a702ca1ec920ccd7367f0e0899,"{""distance"":5,""physical_error_rate"":0.002}","{""detection_events"":70784,""detectors_checked"":8257536,""obs_mistake_mask=E"":5}"
    558080,         0,         0,    11.5,exact_mw,cdc4a450a40af8e24899239080e4c40992fb5baf91c5a31ab3a165eacb3a1ab3,"{""distance"":5,""physical_error_rate"":0.0002}","{""detection_events"":109465,""detectors_checked"":125009920}"
    623616,         0,         0,    11.5,exact_mw,cdc4a450a40af8e24899239080e4c40992fb5baf91c5a31ab3a165eacb3a1ab3,"{""distance"":5,""physical_error_rate"":0.0002}","{""detection_events"":122958,""detectors_checked"":139689984}"
      7168,         0,         0,   0.045,exact_mw,f32ebecd8e105e50ec838d33c5ed9b45444b6b44a3c6ac541111079f2b14e893,"{""distance"":5,""physical_error_rate"":5e-05}","{""detection_events"":281,""detectors_checked"":1605632}"
      3345,         0,         0,   0.011,exact_mw,cdc4a450a40af8e24899239080e4c40992fb5baf91c5a31ab3a165eacb3a1ab3,"{""distance"":5,""physical_error_rate"":0.0002}","{""detection_events"":647,""detectors_checked"":749280}"
      9216,         0,         0,   0.059,exact_mw,f32ebecd8e105e50ec838d33c5ed9b45444b6b44a3c6ac541111079f2b14e893,"{""distance"":5,""physical_error_rate"":5e-05}","{""detection_events"":433,""detectors_checked"":2064384}"
      3072,         0,         0,   0.031,exact_mw,cdc4a450a40af8e24899239080e4c40992fb5baf91c5a31ab3a165eacb3a1ab3,"{""distance"":5,""physical_error_rate"":0.0002}","{""detection_events"":602,""detectors_checked"":688128}"
      6144,         0,         0,   0.033,exact_mw,cdc4a450a40af8e24899239080e4c40992fb5baf91c5a31ab3a165eacb3a1ab3,"{""distance"":5,""physical_error_rate"":0.0002}","{""detection_events"":1209,""detectors_checked"":1376256}"
     11264,         0,         0,   0.068,exact_mw,f32ebecd8e105e50ec838d33c5ed9b45444b6b44a3c6ac541111079f2b14e893,"{""distance"":5,""physical_error_rate"":5e-05}","{""detection_events"":580,""detectors_checked"":2523136}"
      5120,         0,         0,   0.030,exact_mw,cdc4a450a40af8e24899239080e4c40992fb5baf91c5a31ab3a165eacb3a1ab3,"{""distance"":5,""physical_error_rate"":0.0002}","{""detection_events"":969,""detectors_checked"":1146880}"
      7168,         0,         0,   0.037,exact_mw,cdc4a450a40af8e24899239080e4c40992fb5baf91c5a31ab3a165eacb3a1ab3,"{""distance"":5,""physical_error_rate"":0.0002}","{""detection_events"":1473,""detectors_checked"":1605632}"
     17408,         0,         0,   0.129,exact_mw,f32ebecd8e105e50ec838d33c5ed9b45444b6b44a3c6ac541111079f2b14e893,"{""distance"":5,""physical_error_rate"":5e-05}","{""detection_events"":878,""detectors_checked"":3899392}"
      5120,         0,         0,   0.053,exact_mw,cdc4a450a40af8e24899239080e4c40992fb5baf91c5a31ab3a165eacb3a1ab3,"{""distance"":5,""physical_error_rate"":0.0002}","{""detection_events"":1081,""detectors_checked"":1146880}"
      3072,         0,         0,   0.076,exact_mw,cdc4a450a40af8e24899239080e4c40992fb5baf91c5a31ab3a165eacb3a1ab3,"{""distance"":5,""physical_error_rate"":0.0002}","{""detection_events"":604,""detectors_checked"":688128}"
    467968,         1,         0,    11.6,exact_mw,cb12ae119b9b2ba18d0216e7235b403229e92fd0743ede48fe7f1a2c6f45d594,"{""distance"":5,""physical_error_rate"":0.0005}","{""detection_events"":230066,""detectors_checked"":104824832,""obs_mistake_mask=E"":1}"
      6144,         0,         0,   0.161,exact_mw,f32ebecd8e105e50ec838d33c5ed9b45444b6b44a3c6ac541111079f2b14e893,"{""distance"":5,""physical_error_rate"":5e-05}","{""detection_events"":283,""detectors_checked"":1376256}"
      4096,         0,         0,   0.105,exact_mw,cdc4a450a40af8e24899239080e4c40992fb5baf91c5a31ab3a165eacb3a1ab3,"{""distance"":5,""physical_error_rate"":0.0002}","{""detection_events"":801,""detectors_checked"":917504}"
    451584,         0,         0,    11.6,exact_mw,cb12ae119b9b2ba18d0216e7235b403229e92fd0743ede48fe7f1a2c6f45d594,"{""distance"":5,""physical_error_rate"":0.0005}","{""detection_events"":223522,""detectors_checked"":101154816}"
      1536,         5,         0,    4.38,exact_mw,38b7ae1c4e8407fc325e0d9e43e9f92ff26dcb3f5cf7b98d24ea74c9e5188d39,"{""distance"":5,""physical_error_rate"":0.005}","{""detection_events"":7295,""detectors_checked"":344064,""obs_mistake_mask=E"":5}"
    667648,         0,         0,    11.4,exact_mw,70a969f5042aec17ac076c6379f4170fb7c69b8e925756ef3b7334e28a33338b,"{""distance"":5,""physical_error_rate"":0.0001}","{""detection_events"":65420,""detectors_checked"":149553152}"
      7168,         0,         0,   0.167,exact_mw,cdc4a450a40af8e24899239080e4c40992fb5baf91c5a31ab3a165eacb3a1ab3,"{""distance"":5,""physical_error_rate"":0.0002}","{""detection_events"":1401,""detectors_checked"":1605632}"
     53248,         5,         0,    11.7,exact_mw,3208f56225bbcac0e2804eb6f92d0a8b681652a702ca1ec920ccd7367f0e0899,"{""distance"":5,""physical_error_rate"":0.002}","{""detection_events"":103977,""detectors_checked"":11927552,""obs_mistake_mask=E"":5}"
    445440,         0,         0,    11.6,exact_mw,cdc4a450a40af8e24899239080e4c40992fb5baf91c5a31ab3a165eacb3a1ab3,"{""distance"":5,""physical_error_rate"":0.0002}","{""detection_events"":87807,""detectors_checked"":99778560}"
     10240,         0,         0,   0.225,exact_mw,f32ebecd8e105e50ec838d33c5ed9b45444b6b44a3c6ac541111079f2b14e893,"{""distance"":5,""physical_error_rate"":5e-05}","{""detection_events"":475,""detectors_checked"":2293760}"
      1297,         0,         0,   0.005,exact_mw,70a969f5042aec17ac076c6379f4170fb7c69b8e925756ef3b7334e28a33338b,"{""distance"":5,""physical_error_rate"":0.0001}","{""detection_events"":122,""detectors_checked"":290528}"
      1024,         0,         0,   0.003,exact_mw,70a969f5042aec17ac076c6379f4170fb7c69b8e925756ef3b7334e28a33338b,"{""distance"":5,""physical_error_rate"":0.0001}","{""detection_events"":124,""detectors_checked"":229376}"
      9216,         0,         0,   0.225,exact_mw,cdc4a450a40af8e24899239080e4c40992fb5baf91c5a31ab3a165eacb3a1ab3,"{""distance"":5,""physical_error_rate"":0.0002}","{""detection_events"":1779,""detectors_checked"":2064384}"
       273,         0,         0,   0.001,exact_mw,f32ebecd8e105e50ec838d33c5ed9b45444b6b44a3c6ac541111079f2b14e893,"{""distance"":5,""physical_error_rate"":5e-05}","{""detection_events"":21,""detectors_checked"":61152}"
     22528,         1,         0,    5.97,exact_mw,3208f56225bbcac0e2804eb6f92d0a8b681652a702ca1ec920ccd7367f0e0899,"{""distance"":5,""physical_error_rate"":0.002}","{""detection_events"":43643,""detectors_checked"":5046272,""obs_mistake_mask=E"":1}"
      2048,         0,         0,   0.021,exact_mw,f32ebecd8e105e50ec838d33c5ed9b45444b6b44a3c6ac541111079f2b14e893,"{""distance"":5,""physical_error_rate"":5e-05}","{""detection_events"":81,""detectors_checked"":458752}"
      2048,         0,         0,   0.031,exact_mw,70a969f5042aec17ac076c6379f4170fb7c69b8e925756ef3b7334e28a33338b,"{""distance"":5,""physical_error_rate"":0.0001}","{""detection_events"":197,""detectors_checked"":458752}"
      1024,         0,         0,   0.028,exact_mw,f32ebecd8e105e50ec838d33c5ed9b45444b6b44a3c6ac541111079f2b14e893,"{""distance"":5,""physical_error_rate"":5e-05}","{""detection_events"":33,""detectors_checked"":229376}"
      2048,         0,         0,   0.031,exact_mw,70a969f5042aec17ac076c6379f4170fb7c69b8e925756ef3b7334e28a33338b,"{""distance"":5,""physical_error_rate"":0.0001}","{""detection_events"":179,""detectors_checked"":458752}"
      2048,         0,         0,   0.031,exact_mw,f32ebecd8e105e50ec838d33c5ed9b45444b6b44a3c6ac541111079f2b14e893,"{""distance"":5,""physical_error_rate"":5e-05}","{""detection_events"":111,""detectors_checked"":458752}"
     14336,         0,         0,   0.313,exact_mw,f32ebecd8e105e50ec838d33c5ed9b45444b6b44a3c6ac541111079f2b14e893,"{""distance"":5,""physical_error_rate"":5e-05}","{""detection_events"":723,""detectors_checked"":3211264}"
      3072,         0,         0,   0.057,exact_mw,70a969f5042aec17ac076c6379f4170fb7c69b8e925756ef3b7334e28a33338b,"{""distance"":5,""physical_error_rate"":0.0001}","{""detection_events"":274,""detectors_checked"":688128}"
      3072,         0,         0,   0.060,exact_mw,f32ebecd8e105e50ec838d33c5ed9b45444b6b44a3c6ac541111079f2b14e893,"{""distance"":5,""physical_error_rate"":5e-05}","{""detection_events"":152,""detectors_checked"":688128}"
     37888,         0,         0,    11.8,exact_mw,3208f56225bbcac0e2804eb6f92d0a8b681652a702ca1ec920ccd7367f0e0899,"{""distance"":5,""physical_error_rate"":0.002}","{""detection_events"":73682,""detectors_checked"":8486912}"
      3072,         0,         0,   0.060,exact_mw,70a969f5042aec17ac076c6379f4170fb7c69b8e925756ef3b7334e28a33338b,"{""distance"":5,""physical_error_rate"":0.0001}","{""detection_events"":275,""detectors_checked"":688128}"
     38912,         1,         0,    11.8,exact_mw,3208f56225bbcac0e2804eb6f92d0a8b681652a702ca1ec920ccd7367f0e0899,"{""distance"":5,""physical_error_rate"":0.002}","{""detection_events"":76127,""detectors_checked"":8716288,""obs_mistake_mask=E"":1}"
      3072,         0,         0,   0.060,exact_mw,f32ebecd8e105e50ec838d33c5ed9b45444b6b44a3c6ac541111079f2b14e893,"{""distance"":5,""physical_error_rate"":5e-05}","{""detection_events"":156,""detectors_checked"":688128}"
      4096,         0,         0,   0.088,exact_mw,70a969f5042aec17ac076c6379f4170fb7c69b8e925756ef3b7334e28a33338b,"{""distance"":5,""physical_error_rate"":0.0001}","{""detection_events"":425,""detectors_checked"":917504}"
      3072,         0,         0,   0.060,exact_mw,f32ebecd8e105e50ec838d33c5ed9b45444b6b44a3c6ac541111079f2b14e893,"{""distance"":5,""physical_error_rate"":5e-05}","{""detection_events"":118,""detectors_checked"":688128}"
     14336,         0,         0,   0.299,exact_mw,cdc4a450a40af8e24899239080e4c40992fb5baf91c5a31ab3a165eacb3a1ab3,"{""distance"":5,""physical_error_rate"":0.0002}","{""detection_events"":2699,""detectors_checked"":3211264}"
      5120,         0,         0,   0.066,exact_mw,70a969f5042aec17ac076c6379f4170fb7c69b8e925756ef3b7334e28a33338b,"{""distance"":5,""physical_error_rate"":0.0001}","{""detection_events"":549,""detectors_checked"":1146880}"
      6144,         0,         0,   0.119,exact_mw,f32ebecd8e105e50ec838d33c5ed9b45444b6b44a3c6ac541111079f2b14e893,"{""distance"":5,""physical_error_rate"":5e-05}","{""detection_events"":260,""detectors_checked"":1376256}"
      7168,         0,         0,   0.148,exact_mw,70a969f5042aec17ac076c6379f4170fb7c69b8e925756ef3b7334e28a33338b,"{""distance"":5,""physical_error_rate"":0.0001}","{""detection_events"":705,""detectors_checked"":1605632}"
     17408,         0,         0,   0.417,exact_mw,f32ebecd8e105e50ec838d33c5ed9b45444b6b44a3c6ac541111079f2b14e893,"{""distance"":5,""physical_error_rate"":5e-05}","{""detection_events"":856,""detectors_checked"":3899392}"
      6144,         0,         0,   0.156,exact_mw,f32ebecd8e105e50ec838d33c5ed9b45444b6b44a3c6ac541111079f2b14e893,"{""distance"":5,""physical_error_rate"":5e-05}","{""detection_events"":276,""detectors_checked"":1376256}"
     17408,         0,         0,   0.417,exact_mw,cdc4a450a40af8e24899239080e4c40992fb5baf91c5a31ab3a165eacb3a1ab3,"{""distance"":5,""physical_error_rate"":0.0002}","{""detection_events"":3227,""detectors_checked"":3899392}"
     11264,         0,         0,   0.211,exact_mw,70a969f5042aec17ac076c6379f4170fb7c69b8e925756ef3b7334e28a33338b,"{""distance"":5,""physical_error_rate"":0.0001}","{""detection_events"":1117,""detectors_checked"":2523136}"
     30720,         1,         0,    8.45,exact_mw,3208f56225bbcac0e2804eb6f92d0a8b681652a702ca1ec920ccd7367f0e0899,"{""distance"":5,""physical_error_rate"":0.002}","{""detection_events"":60153,""detectors_checked"":6881280,""obs_mistake_mask=E"":1}"
         1,         0,         0,   0.000,exact_mw,72230d8c06b5a71069df48ede6f7f3e6128cd83e8239dd1b2e5fe023578b6eb1,"{""distance"":5,""physical_error_rate"":0.01}","{""detection_events"":2,""detectors_checked"":224}"
       273,         0,         0,   0.026,exact_mw,3208f56225bbcac0e2804eb6f92d0a8b681652a702ca1ec920ccd7367f0e0899,"{""distance"":5,""physical_error_rate"":0.002}","{""detection_events"":508,""detectors_checked"":61152}"
     12288,         0,         0,   0.226,exact_mw,f32ebecd8e105e50ec838d33c5ed9b45444b6b44a3c6ac541111079f2b14e893,"{""distance"":5,""physical_error_rate"":5e-05}","{""detection_events"":623,""detectors_checked"":2752512}"
      1024,         0,         0,   0.096,exact_mw,3208f56225bbcac0e2804eb6f92d0a8b681652a702ca1ec920ccd7367f0e0899,"{""distance"":5,""physical_error_rate"":0.002}","{""detection_events"":2067,""detectors_checked"":229376}"
        16,         0,         0,   0.224,exact_mw,72230d8c06b5a71069df48ede6f7f3e6128cd83e8239dd1b2e5fe023578b6eb1,"{""distance"":5,""physical_error_rate"":0.01}","{""detection_events"":116,""detectors_checked"":3584}"
      1024,         0,         0,   0.118,exact_mw,3208f56225bbcac0e2804eb6f92d0a8b681652a702ca1ec920ccd7367f0e0899,"{""distance"":5,""physical_error_rate"":0.002}","{""detection_events"":2058,""detectors_checked"":229376}"
     15360,         0,         0,   0.298,exact_mw,70a969f5042aec17ac076c6379f4170fb7c69b8e925756ef3b7334e28a33338b,"{""distance"":5,""physical_error_rate"":0.0001}","{""detection_events"":1433,""detectors_checked"":3440640}"
        17,         0,         0,   0.021,exact_mw,bb90ec3459e353008cf9a5bb9142bf1e8515517a9e167021b225104594e48e8a,"{""distance"":5,""physical_error_rate"":0.001}","{""detection_events"":8,""detectors_checked"":3808}"
     18432,         0,         0,   0.297,exact_mw,f32ebecd8e105e50ec838d33c5ed9b45444b6b44a3c6ac541111079f2b14e893,"{""distance"":5,""physical_error_rate"":5e-05}","{""detection_events"":917,""detectors_checked"":4128768}"
      1024,         0,         0,   0.098,exact_mw,3208f56225bbcac0e2804eb6f92d0a8b681652a702ca1ec920ccd7367f0e0899,"{""distance"":5,""physical_error_rate"":0.002}","{""detection_events"":1965,""detectors_checked"":229376}"
    197632,         1,         0,    11.7,exact_mw,bb90ec3459e353008cf9a5bb9142bf1e8515517a9e167021b225104594e48e8a,"{""distance"":5,""physical_error_rate"":0.001}","{""detection_events"":193805,""detectors_checked"":44269568,""obs_mistake_mask=E"":1}"
     26624,         0,         0,   0.591,exact_mw,f32ebecd8e105e50ec838d33c5ed9b45444b6b44a3c6ac541111079f2b14e893,"{""distance"":5,""physical_error_rate"":5e-05}","{""detection_events"":1225,""detectors_checked"":5963776}"
     50176,         5,         0,    11.8,exact_mw,3208f56225bbcac0e2804eb6f92d0a8b681652a702ca1ec920ccd7367f0e0899,"{""distance"":5,""physical_error_rate"":0.002}","{""detection_events"":97035,""detectors_checked"":11239424,""obs_mistake_mask=E"":5}"
      1280,         0,         0,   0.053,exact_mw,bb90ec3459e353008cf9a5bb9142bf1e8515517a9e167021b225104594e48e8a,"{""distance"":5,""physical_error_rate"":0.001}","{""detection_events"":1246,""detectors_checked"":286720}"
      1024,         0,         0,   0.102,exact_mw,3208f56225bbcac0e2804eb6f92d0a8b681652a702ca1ec920ccd7367f0e0899,"{""distance"":5,""physical_error_rate"":0.002}","{""detection_events"":2019,""detectors_checked"":229376}"
      1024,         0,         0,   0.074,exact_mw,bb90ec3459e353008cf9a5bb9142bf1e8515517a9e167021b225104594e48e8a,"{""distance"":5,""physical_error_rate"":0.001}","{""detection_events"":957,""detectors_checked"":229376}"
        32,         0,         0,   0.286,exact_mw,72230d8c06b5a71069df48ede6f7f3e6128cd83e8239dd1b2e5fe023578b6eb1,"{""distance"":5,""physical_error_rate"":0.01}","{""detection_events"":274,""detectors_checked"":7168}"
     25600,         0,         0,   0.587,exact_mw,cdc4a450a40af8e24899239080e4c40992fb5baf91c5a31ab3a165eacb3a1ab3,"{""distance"":5,""physical_error_rate"":0.0002}","{""detection_events"":5137,""detectors_checked"":5734400}"
      1024,         0,         0,   0.098,exact_mw,bb90ec3459e353008cf9a5bb9142bf1e8515517a9e167021b225104594e48e8a,"{""distance"":5,""physical_error_rate"":0.001}","{""detection_events"":1060,""detectors_checked"":229376}"
         1,         0,         0,   0.000,exact_mw,cb12ae119b9b2ba18d0216e7235b403229e92fd0743ede48fe7f1a2c6f45d594,"{""distance"":5,""physical_error_rate"":0.0005}","{""detectors_checked"":224}"
      1024,         0,         0,   0.123,exact_mw,3208f56225bbcac0e2804eb6f92d0a8b681652a702ca1ec920ccd7367f0e0899,"{""distance"":5,""physical_error_rate"":0.002}","{""detection_events"":2015,""detectors_checked"":229376}"
      1296,         0,         0,   0.027,exact_mw,cb12ae119b9b2ba18d0216e7235b403229e92fd0743ede48fe7f1a2c6f45d594,"{""distance"":5,""physical_error_rate"":0.0005}","{""detection_events"":549,""detectors_checked"":290304}"
      1024,         0,         0,   0.026,exact_mw,cb12ae119b9b2ba18d0216e7235b403229e92fd0743ede48fe7f1a2c6f45d594,"{""distance"":5,""physical_error_rate"":0.0005}","{""detection_events"":529,""detectors_checked"":229376}"
      2048,         0,         0,   0.102,exact_mw,bb90ec3459e353008cf9a5bb9142bf1e8515517a9e167021b225104594e48e8a,"{""distance"":5,""physical_error_rate"":0.001}","{""detection_events"":1937,""detectors_checked"":458752}"
      1024,         0,         0,   0.050,exact_mw,cb12ae119b9b2ba18d0216e7235b403229e92fd0743ede48fe7f1a2c6f45d594,"{""distance"":5,""physical_error_rate"":0.0005}","{""detection_events"":524,""detectors_checked"":229376}"
      1024,         0,         0,   0.115,exact_mw,3208f56225bbcac0e2804eb6f92d0a8b681652a702ca1ec920ccd7367f0e0899,"{""distance"":5,""physical_error_rate"":0.002}","{""detection_events"":2010,""detectors_checked"":229376}"
     21504,         0,         0,   0.394,exact_mw,70a969f5042aec17ac076c6379f4170fb7c69b8e925756ef3b7334e28a33338b,"{""distance"":5,""physical_error_rate"":0.0001}","{""detection_events"":2195,""detectors_checked"":4816896}"
     41984,         4,         0,    11.9,exact_mw,3208f56225bbcac0e2804eb6f92d0a8b681652a702ca1ec920ccd7367f0e0899,"{""distance"":5,""physical_error_rate"":0.002}","{""detection_events"":82769,""detectors_checked"":9404416,""obs_mistake_mask=E"":4}"
      1024,         0,         0,   0.074,exact_mw,bb90ec3459e353008cf9a5bb9142bf1e8515517a9e167021b225104594e48e8a,"{""distance"":5,""physical_error_rate"":0.001}","{""detection_events"":1064,""detectors_checked"":229376}"
      2048,         0,         0,   0.074,exact_mw,cb12ae119b9b2ba18d0216e7235b403229e92fd0743ede48fe7f1a2c6f45d594,"{""distance"":5,""physical_error_rate"":0.0005}","{""detection_events"":981,""detectors_checked"":458752}"
     37888,         3,         0,    8.60,exact_mw,3208f56225bbcac0e2804eb6f92d0a8b681652a702ca1ec920ccd7367f0e0899,"{""distance"":5,""physical_error_rate"":0.002}","{""detection_events"":74205,""detectors_checked"":8486912,""obs_mistake_mask=E"":3}"
     26624,         0,         0,   0.425,exact_mw,f32ebecd8e105e50ec838d33c5ed9b45444b6b44a3c6ac541111079f2b14e893,"{""distance"":5,""physical_error_rate"":5e-05}","{""detection_events"":1332,""detectors_checked"":5963776}"
    179200,         1,         0,    11.6,exact_mw,bb90ec3459e353008cf9a5bb9142bf1e8515517a9e167021b225104594e48e8a,"{""distance"":5,""physical_error_rate"":0.001}","{""detection_events"":176580,""detectors_checked"":40140800,""obs_mistake_mask=E"":1}"
      1024,         0,         0,   0.101,exact_mw,3208f56225bbcac0e2804eb6f92d0a8b681652a702ca1ec920ccd7367f0e0899,"{""distance"":5,""physical_error_rate"":0.002}","{""detection_events"":2037,""detectors_checked"":229376}"
    688128,         0,         0,    11.5,exact_mw,f32ebecd8e105e50ec838d33c5ed9b45444b6b44a3c6ac541111079f2b14e893,"{""distance"":5,""physical_error_rate"":5e-05}","{""detection_events"":34523,""detectors_checked"":154140672}"
      3072,         0,         0,   0.075,exact_mw,cb12ae119b9b2ba18d0216e7235b403229e92fd0743ede48fe7f1a2c6f45d594,"{""distance"":5,""physical_error_rate"":0.0005}","{""detection_events"":1535,""detectors_checked"":688128}"
      2048,         0,         0,   0.124,exact_mw,bb90ec3459e353008cf9a5bb9142bf1e8515517a9e167021b225104594e48e8a,"{""distance"":5,""physical_error_rate"":0.001}","{""detection_events"":2140,""detectors_checked"":458752}"
     38912,         1,         0,    11.8,exact_mw,3208f56225bbcac0e2804eb6f92d0a8b681652a702ca1ec920ccd7367f0e0899,"{""distance"":5,""physical_error_rate"":0.002}","{""detection_events"":75927,""detectors_checked"":8716288,""obs_mistake_mask=E"":1}"
      3072,         0,         0,   0.096,exact_mw,cb12ae119b9b2ba18d0216e7235b403229e92fd0743ede48fe7f1a2c6f45d594,"{""distance"":5,""physical_error_rate"":0.0005}","{""detection_events"":1581,""detectors_checked"":688128}"
    292864,         0,         0,    11.7,exact_mw,bb90ec3459e353008cf9a5bb9142bf1e8515517a9e167021b225104594e48e8a,"{""distance"":5,""physical_error_rate"":0.001}","{""detection_events"":288624,""detectors_checked"":65601536}"
      3072,         0,         0,   0.151,exact_mw,bb90ec3459e353008cf9a5bb9142bf1e8515517a9e167021b225104594e48e8a,"{""distance"":5,""physical_error_rate"":0.001}","{""detection_events"":2939,""detectors_checked"":688128}"
      6144,         0,         0,   0.124,exact_mw,cb12ae119b9b2ba18d0216e7235b403229e92fd0743ede48fe7f1a2c6f45d594,"{""distance"":5,""physical_error_rate"":0.0005}","{""detection_events"":3057,""detectors_checked"":1376256}"
      2048,         0,         0,   0.264,exact_mw,3208f56225bbcac0e2804eb6f92d0a8b681652a702ca1ec920ccd7367f0e0899,"{""distance"":5,""physical_error_rate"":0.002}","{""detection_events"":4261,""detectors_checked"":458752}"
     23552,         2,         0,    8.38,exact_mw,3208f56225bbcac0e2804eb6f92d0a8b681652a702ca1ec920ccd7367f0e0899,"{""distance"":5,""physical_error_rate"":0.002}","{""detection_events"":45768,""detectors_checked"":5275648,""obs_mistake_mask=E"":2}"
        64,         0,         0,   0.599,exact_mw,72230d8c06b5a71069df48ede6f7f3e6128cd83e8239dd1b2e5fe023578b6eb1,"{""distance"":5,""physical_error_rate"":0.01}","{""detection_events"":632,""detectors_checked"":14336}"
       273,         0,         0,   0.024,exact_mw,bb90ec3459e353008cf9a5bb9142bf1e8515517a9e167021b225104594e48e8a,"{""distance"":5,""physical_error_rate"":0.001}","{""detection_events"":284,""detectors_checked"":61152}"
      1024,         0,         0,   0.053,exact_mw,bb90ec3459e353008cf9a5bb9142bf1e8515517a9e167021b225104594e48e8a,"{""distance"":5,""physical_error_rate"":0.001}","{""detection_events"":915,""detectors_checked"":229376}"
     28672,         1,         0,    11.9,exact_mw,3208f56225bbcac0e2804eb6f92d0a8b681652a702ca1ec920ccd7367f0e0899,"{""distance"":5,""physical_error_rate"":0.002}","{""detection_events"":56939,""detectors_checked"":6422528,""obs_mistake_mask=E"":1}"
     35840,         0,         0,   0.786,exact_mw,f32ebecd8e105e50ec838d33c5ed9b45444b6b44a3c6ac541111079f2b14e893,"{""distance"":5,""physical_error_rate"":5e-05}","{""detection_events"":1902,""detectors_checked"":8028160}"
      6144,         0,         0,   0.150,exact_mw,cb12ae119b9b2ba18d0216e7235b403229e92fd0743ede48fe7f1a2c6f45d594,"{""distance"":5,""physical_error_rate"":0.0005}","{""detection_events"":3032,""detectors_checked"":1376256}"
      3072,         0,         0,   0.197,exact_mw,bb90ec3459e353008cf9a5bb9142bf1e8515517a9e167021b225104594e48e8a,"{""distance"":5,""physical_error_rate"":0.001}","{""detection_events"":2971,""detectors_checked"":688128}"
      1024,         1,         0,   0.075,exact_mw,bb90ec3459e353008cf9a5bb9142bf1e8515517a9e167021b225104594e48e8a,"{""distance"":5,""physical_error_rate"":0.001}","{""detection_events"":1061,""detectors_checked"":229376,""obs_mistake_mask=E"":1}"
     29696,         0,         0,   0.572,exact_mw,70a969f5042aec17ac076c6379f4170fb7c69b8e925756ef3b7334e28a33338b,"{""distance"":5,""physical_error_rate"":0.0001}","{""detection_events"":2886,""detectors_checked"":6651904}"
      1024,         0,         0,   0.050,exact_mw,bb90ec3459e353008cf9a5bb9142bf1e8515517a9e167021b225104594e48e8a,"{""distance"":5,""physical_error_rate"":0.001}","{""detection_events"":1001,""detectors_checked"":229376}"
      2048,         0,         0,   0.220,exact_mw,3208f56225bbcac0e2804eb6f92d0a8b681652a702ca1ec920ccd7367f0e0899,"{""distance"":5,""physical_error_rate"":0.002}","{""detection_events"":4002,""detectors_checked"":458752}"
     35840,         0,         0,   0.568,exact_mw,f32ebecd8e105e50ec838d33c5ed9b45444b6b44a3c6ac541111079f2b14e893,"{""distance"":5,""physical_error_rate"":5e-05}","{""detection_events"":1741,""detectors_checked"":8028160}"
      5888,         7,         0,    12.4,exact_mw,38b7ae1c4e8407fc325e0d9e43e9f92ff26dcb3f5cf7b98d24ea74c9e5188d39,"{""distance"":5,""physical_error_rate"":0.005}","{""detection_events"":28241,""detectors_checked"":1318912,""obs_mistake_mask=E"":7}"
      1024,         0,         0,   0.072,exact_mw,bb90ec3459e353008cf9a5bb9142bf1e8515517a9e167021b225104594e48e8a,"{""distance"":5,""physical_error_rate"":0.001}","{""detection_events"":1038,""detectors_checked"":229376}"
     33792,         0,         0,   0.808,exact_mw,cdc4a450a40af8e24899239080e4c40992fb5baf91c5a31ab3a165eacb3a1ab3,"{""distance"":5,""physical_error_rate"":0.0002}","{""detection_events"":6530,""detectors_checked"":7569408}"
      1297,         0,         0,   0.024,exact_mw,70a969f5042aec17ac076c6379f4170fb7c69b8e925756ef3b7334e28a33338b,"{""distance"":5,""physical_error_rate"":0.0001}","{""detection_events"":118,""detectors_checked"":290528}"
      1024,         0,         0,   0.023,exact_mw,70a969f5042aec17ac076c6379f4170fb7c69b8e925756ef3b7334e28a33338b,"{""distance"":5,""physical_error_rate"":0.0001}","{""detection_events"":113,""detectors_checked"":229376}"
      2048,         0,         0,   0.026,exact_mw,70a969f5042aec17ac076c6379f4170fb7c69b8e925756ef3b7334e28a33338b,"{""distance"":5,""physical_error_rate"":0.0001}","{""detection_events"":187,""detectors_checked"":458752}"
     11264,         0,         0,   0.232,exact_mw,cb12ae119b9b2ba18d0216e7235b403229e92fd0743ede48fe7f1a2c6f45d594,"{""distance"":5,""physical_error_rate"":0.0005}","{""detection_events"":5667,""detectors_checked"":2523136}"
      5120,         0,         0,   0.229,exact_mw,bb90ec3459e353008cf9a5bb9142bf1e8515517a9e167021b225104594e48e8a,"{""distance"":5,""physical_error_rate"":0.001}","{""detection_events"":4874,""detectors_checked"":1146880}"
      1024,         0,         0,   0.100,exact_mw,bb90ec3459e353008cf9a5bb9142bf1e8515517a9e167021b225104594e48e8a,"{""distance"":5,""physical_error_rate"":0.001}","{""detection_events"":1021,""detectors_checked"":229376}"
      3072,         0,         0,   0.050,exact_mw,70a969f5042aec17ac076c6379f4170fb7c69b8e925756ef3b7334e28a33338b,"{""distance"":5,""physical_error_rate"":0.0001}","{""detection_events"":372,""detectors_checked"":688128}"
      3072,         0,         0,   0.050,exact_mw,70a969f5042aec17ac076c6379f4170fb7c69b8e925756ef3b7334e28a33338b,"{""distance"":5,""physical_error_rate"":0.0001}","{""detection_events"":292,""detectors_checked"":688128}"
      2048,         0,         0,   0.124,exact_mw,bb90ec3459e353008cf9a5bb9142bf1e8515517a9e167021b225104594e48e8a,"{""distance"":5,""physical_error_rate"":0.001}","{""detection_events"":1852,""detectors_checked"":458752}"
      4096,         0,         0,   0.074,exact_mw,70a969f5042aec17ac076c6379f4170fb7c69b8e925756ef3b7334e28a33338b,"{""distance"":5,""physical_error_rate"":0.0001}","{""detection_events"":426,""detectors_checked"":917504}"
       273,         0,         0,   0.025,exact_mw,cdc4a450a40af8e24899239080e4c40992fb5baf91c5a31ab3a165eacb3a1ab3,"{""distance"":5,""physical_error_rate"":0.0002}","{""detection_events"":46,""detectors_checked"":61152}"
      1024,         0,         0,   0.027,exact_mw,cdc4a450a40af8e24899239080e4c40992fb5baf91c5a31ab3a165eacb3a1ab3,"{""distance"":5,""physical_error_rate"":0.0002}","{""detection_events"":180,""detectors_checked"":229376}"
        64,         0,         0,   0.542,exact_mw,72230d8c06b5a71069df48ede6f7f3e6128cd83e8239dd1b2e5fe023578b6eb1,"{""distance"":5,""physical_error_rate"":0.01}","{""detection_events"":561,""detectors_checked"":14336}"
      2048,         0,         0,   0.030,exact_mw,cdc4a450a40af8e24899239080e4c40992fb5baf91c5a31ab3a165eacb3a1ab3,"{""distance"":5,""physical_error_rate"":0.0002}","{""detection_events"":422,""detectors_checked"":458752}"
      5120,         0,         0,   0.075,exact_mw,70a969f5042aec17ac076c6379f4170fb7c69b8e925756ef3b7334e28a33338b,"{""distance"":5,""physical_error_rate"":0.0001}","{""detection_events"":521,""detectors_checked"":1146880}"
      4096,         0,         0,   0.390,exact_mw,3208f56225bbcac0e2804eb6f92d0a8b681652a702ca1ec920ccd7367f0e0899,"{""distance"":5,""physical_error_rate"":0.002}","{""detection_events"":7988,""detectors_checked"":917504}"
      2048,         0,         0,   0.054,exact_mw,cdc4a450a40af8e24899239080e4c40992fb5baf91c5a31ab3a165eacb3a1ab3,"{""distance"":5,""physical_error_rate"":0.0002}","{""detection_events"":399,""detectors_checked"":458752}"
      3072,         0,         0,   0.125,exact_mw,bb90ec3459e353008cf9a5bb9142bf1e8515517a9e167021b225104594e48e8a,"{""distance"":5,""physical_error_rate"":0.001}","{""detection_events"":2878,""detectors_checked"":688128}"
         1,         0,         0,   0.021,exact_mw,38b7ae1c4e8407fc325e0d9e43e9f92ff26dcb3f5cf7b98d24ea74c9e5188d39,"{""distance"":5,""physical_error_rate"":0.005}","{""detection_events"":16,""detectors_checked"":224}"
     14336,         0,         0,   0.300,exact_mw,cb12ae119b9b2ba18d0216e7235b403229e92fd0743ede48fe7f1a2c6f45d594,"{""distance"":5,""physical_error_rate"":0.0005}","{""detection_events"":7390,""detectors_checked"":3211264}"
      2048,         0,         0,   0.055,exact_mw,cdc4a450a40af8e24899239080e4c40992fb5baf91c5a31ab3a165eacb3a1ab3,"{""distance"":5,""physical_error_rate"":0.0002}","{""detection_events"":443,""detectors_checked"":458752}"
      7168,         0,         0,   0.328,exact_mw,bb90ec3459e353008cf9a5bb9142bf1e8515517a9e167021b225104594e48e8a,"{""distance"":5,""physical_error_rate"":0.001}","{""detection_events"":7057,""detectors_checked"":1605632}"
      8192,         0,         0,   0.124,exact_mw,70a969f5042aec17ac076c6379f4170fb7c69b8e925756ef3b7334e28a33338b,"{""distance"":5,""physical_error_rate"":0.0001}","{""detection_events"":824,""detectors_checked"":1835008}"
      3072,         0,         0,   0.057,exact_mw,cdc4a450a40af8e24899239080e4c40992fb5baf91c5a31ab3a165eacb3a1ab3,"{""distance"":5,""physical_error_rate"":0.0002}","{""detection_events"":626,""detectors_checked"":688128}"
      3072,         0,         0,   0.176,exact_mw,bb90ec3459e353008cf9a5bb9142bf1e8515517a9e167021b225104594e48e8a,"{""distance"":5,""physical_error_rate"":0.001}","{""detection_events"":2905,""detectors_checked"":688128}"
      3072,         0,         0,   0.081,exact_mw,cdc4a450a40af8e24899239080e4c40992fb5baf91c5a31ab3a165eacb3a1ab3,"{""distance"":5,""physical_error_rate"":0.0002}","{""detection_events"":605,""detectors_checked"":688128}"
      9216,         0,         0,   0.149,exact_mw,70a969f5042aec17ac076c6379f4170fb7c69b8e925756ef3b7334e28a33338b,"{""distance"":5,""physical_error_rate"":0.0001}","{""detection_events"":941,""detectors_checked"":2064384}"
      5120,         0,         0,   0.113,exact_mw,cdc4a450a40af8e24899239080e4c40992fb5baf91c5a31ab3a165eacb3a1ab3,"{""distance"":5,""physical_error_rate"":0.0002}","{""detection_events"":1061,""detectors_checked"":1146880}"
     43008,         0,         0,   0.806,exact_mw,70a969f5042aec17ac076c6379f4170fb7c69b8e925756ef3b7334e28a33338b,"{""distance"":5,""physical_error_rate"":0.0001}","{""detection_events"":4366,""detectors_checked"":9633792}"
      5120,         0,         0,   0.227,exact_mw,bb90ec3459e353008cf9a5bb9142bf1e8515517a9e167021b225104594e48e8a,"{""distance"":5,""physical_error_rate"":0.001}","{""detection_events"":4900,""detectors_checked"":1146880}"
     52224,         0,         0,   0.798,exact_mw,f32ebecd8e105e50ec838d33c5ed9b45444b6b44a3c6ac541111079f2b14e893,"{""distance"":5,""physical_error_rate"":5e-05}","{""detection_events"":2610,""detectors_checked"":11698176}"
     19456,         0,         0,   0.422,exact_mw,cb12ae119b9b2ba18d0216e7235b403229e92fd0743ede48fe7f1a2c6f45d594,"{""distance"":5,""physical_error_rate"":0.0005}","{""detection_events"":9601,""detectors_checked"":4358144}"
      4096,         0,         0,   0.468,exact_mw,3208f56225bbcac0e2804eb6f92d0a8b681652a702ca1ec920ccd7367f0e0899,"{""distance"":5,""physical_error_rate"":0.002}","{""detection_events"":8004,""detectors_checked"":917504}"
     14336,         0,         0,   0.224,exact_mw,70a969f5042aec17ac076c6379f4170fb7c69b8e925756ef3b7334e28a33338b,"{""distance"":5,""physical_error_rate"":0.0001}","{""detection_events"":1509,""detectors_checked"":3211264}"
        64,         0,         0,   0.530,exact_mw,72230d8c06b5a71069df48ede6f7f3e6128cd83e8239dd1b2e5fe023578b6eb1,"{""distance"":5,""physical_error_rate"":0.01}","{""detection_events"":620,""detectors_checked"":14336}"
      8192,         0,         0,   0.169,exact_mw,cdc4a450a40af8e24899239080e4c40992fb5baf91c5a31ab3a165eacb3a1ab3,"{""distance"":5,""physical_error_rate"":0.0002}","{""detection_events"":1593,""detectors_checked"":1835008}"
      8192,         0,         0,   0.422,exact_mw,bb90ec3459e353008cf9a5bb9142bf1e8515517a9e167021b225104594e48e8a,"{""distance"":5,""physical_error_rate"":0.001}","{""detection_events"":7952,""detectors_checked"":1835008}"
     51200,         0,         0,    1.12,exact_mw,f32ebecd8e105e50ec838d33c5ed9b45444b6b44a3c6ac541111079f2b14e893,"{""distance"":5,""physical_error_rate"":5e-05}","{""detection_events"":2516,""detectors_checked"":11468800}"
       272,         0,         0,   0.578,exact_mw,38b7ae1c4e8407fc325e0d9e43e9f92ff26dcb3f5cf7b98d24ea74c9e5188d39,"{""distance"":5,""physical_error_rate"":0.005}","{""detection_events"":1307,""detectors_checked"":60928}"
      9216,         0,         0,   0.221,exact_mw,cdc4a450a40af8e24899239080e4c40992fb5baf91c5a31ab3a165eacb3a1ab3,"{""distance"":5,""physical_error_rate"":0.0002}","{""detection_events"":1869,""detectors_checked"":2064384}"
      6144,         0,         0,   0.298,exact_mw,bb90ec3459e353008cf9a5bb9142bf1e8515517a9e167021b225104594e48e8a,"{""distance"":5,""physical_error_rate"":0.001}","{""detection_events"":5831,""detectors_checked"":1376256}"
     53248,         4,         0,    11.7,exact_mw,3208f56225bbcac0e2804eb6f92d0a8b681652a702ca1ec920ccd7367f0e0899,"{""distance"":5,""physical_error_rate"":0.002}","{""detection_events"":103850,""detectors_checked"":11927552,""obs_mistake_mask=E"":4}"
     19456,         0,         0,   0.299,exact_mw,70a969f5042aec17ac076c6379f4170fb7c69b8e925756ef3b7334e28a33338b,"{""distance"":5,""physical_error_rate"":0.0001}","{""detection_events"":1862,""detectors_checked"":4358144}"
      3200,         1,         0,    11.7,exact_mw,38b7ae1c4e8407fc325e0d9e43e9f92ff26dcb3f5cf7b98d24ea74c9e5188d39,"{""distance"":5,""physical_error_rate"":0.005}","{""detection_events"":15428,""detectors_checked"":716800,""obs_mistake_mask=E"":1}"
     50176,         0,         0,    1.12,exact_mw,cdc4a450a40af8e24899239080e4c40992fb5baf91c5a31ab3a165eacb3a1ab3,"{""distance"":5,""physical_error_rate"":0.0002}","{""detection_events"":9465,""detectors_checked"":11239424}"
      1152,         8,         0,    8.64,exact_mw,72230d8c06b5a71069df48ede6f7f3e6128cd83e8239dd1b2e5fe023578b6eb1,"{""distance"":5,""physical_error_rate"":0.01}","{""detection_events"":10674,""detectors_checked"":258048,""obs_mistake_mask=E"":8}"
      1088,         5,         0,    8.43,exact_mw,72230d8c06b5a71069df48ede6f7f3e6128cd83e8239dd1b2e5fe023578b6eb1,"{""distance"":5,""physical_error_rate"":0.01}","{""detection_events"":10172,""detectors_checked"":243712,""obs_mistake_mask=E"":5}"
     14336,         0,         0,   0.308,exact_mw,cdc4a450a40af8e24899239080e4c40992fb5baf91c5a31ab3a165eacb3a1ab3,"{""distance"":5,""physical_error_rate"":0.0002}","{""detection_events"":2911,""detectors_checked"":3211264}"
      5376,         3,         0,    12.2,exact_mw,38b7ae1c4e8407fc325e0d9e43e9f92ff26dcb3f5cf7b98d24ea74c9e5188d39,"{""distance"":5,""physical_error_rate"":0.005}","{""detection_events"":25732,""detectors_checked"":1204224,""obs_mistake_mask=E"":3}"
        64,         0,         0,   0.573,exact_mw,72230d8c06b5a71069df48ede6f7f3e6128cd83e8239dd1b2e5fe023578b6eb1,"{""distance"":5,""physical_error_rate"":0.01}","{""detection_events"":605,""detectors_checked"":14336}"
     30720,         0,         0,   0.577,exact_mw,cb12ae119b9b2ba18d0216e7235b403229e92fd0743ede48fe7f1a2c6f45d594,"{""distance"":5,""physical_error_rate"":0.0005}","{""detection_events"":14914,""detectors_checked"":6881280}"
      6144,         0,         0,   0.619,exact_mw,3208f56225bbcac0e2804eb6f92d0a8b681652a702ca1ec920ccd7367f0e0899,"{""distance"":5,""physical_error_rate"":0.002}","{""detection_events"":11759,""detectors_checked"":1376256}"
     10240,         0,         0,   0.623,exact_mw,bb90ec3459e353008cf9a5bb9142bf1e8515517a9e167021b225104594e48e8a,"{""distance"":5,""physical_error_rate"":0.001}","{""detection_events"":10139,""detectors_checked"":2293760}"
      7168,         0,         0,   0.445,exact_mw,bb90ec3459e353008cf9a5bb9142bf1e8515517a9e167021b225104594e48e8a,"{""distance"":5,""physical_error_rate"":0.001}","{""detection_events"":7105,""detectors_checked"":1605632}"
     28672,         0,         0,   0.423,exact_mw,70a969f5042aec17ac076c6379f4170fb7c69b8e925756ef3b7334e28a33338b,"{""distance"":5,""physical_error_rate"":0.0001}","{""detection_events"":2947,""detectors_checked"":6422528}"
       256,         1,         0,   0.623,exact_mw,38b7ae1c4e8407fc325e0d9e43e9f92ff26dcb3f5cf7b98d24ea74c9e5188d39,"{""distance"":5,""physical_error_rate"":0.005}","{""detection_events"":1177,""detectors_checked"":57344,""obs_mistake_mask=E"":1}"
      1600,        14,         0,    11.9,exact_mw,72230d8c06b5a71069df48ede6f7f3e6128cd83e8239dd1b2e5fe023578b6eb1,"{""distance"":5,""physical_error_rate"":0.01}","{""detection_events"":14985,""detectors_checked"":358400,""obs_mistake_mask=E"":14}"
     19456,         0,         0,   0.423,exact_mw,cdc4a450a40af8e24899239080e4c40992fb5baf91c5a31ab3a165eacb3a1ab3,"{""distance"":5,""physical_error_rate"":0.0002}","{""detection_events"":3827,""detectors_checked"":4358144}"
     62464,         0,         0,    1.11,exact_mw,70a969f5042aec17ac076c6379f4170fb7c69b8e925756ef3b7334e28a33338b,"{""distance"":5,""physical_error_rate"":0.0001}","{""detection_events"":6010,""detectors_checked"":13991936}"
       832,         5,         0,    6.30,exact_mw,72230d8c06b5a71069df48ede6f7f3e6128cd83e8239dd1b2e5fe023578b6eb1,"{""distance"":5,""physical_error_rate"":0.01}","{""detection_events"":7934,""detectors_checked"":186368,""obs_mistake_mask=E"":5}"
     26624,         1,         0,    11.9,exact_mw,3208f56225bbcac0e2804eb6f92d0a8b681652a702ca1ec920ccd7367f0e0899,"{""distance"":5,""physical_error_rate"":0.002}","{""detection_events"":52375,""detectors_checked"":5963776,""obs_mistake_mask=E"":1}"
     74752,         0,         0,    1.10,exact_mw,f32ebecd8e105e50ec838d33c5ed9b45444b6b44a3c6ac541111079f2b14e893,"{""distance"":5,""physical_error_rate"":5e-05}","{""detection_events"":3703,""detectors_checked"":16744448}"
        64,         1,         0,   0.509,exact_mw,72230d8c06b5a71069df48ede6f7f3e6128cd83e8239dd1b2e5fe023578b6eb1,"{""distance"":5,""physical_error_rate"":0.01}","{""detection_events"":572,""detectors_checked"":14336,""obs_mistake_mask=E"":1}"
     10240,         0,         0,   0.576,exact_mw,bb90ec3459e353008cf9a5bb9142bf1e8515517a9e167021b225104594e48e8a,"{""distance"":5,""physical_error_rate"":0.001}","{""detection_events"":10087,""detectors_checked"":2293760}"
     37888,         0,         0,   0.573,exact_mw,70a969f5042aec17ac076c6379f4170fb7c69b8e925756ef3b7334e28a33338b,"{""distance"":5,""physical_error_rate"":0.0001}","{""detection_events"":3711,""detectors_checked"":8486912}"
     43008,         0,         0,   0.794,exact_mw,cb12ae119b9b2ba18d0216e7235b403229e92fd0743ede48fe7f1a2c6f45d594,"{""distance"":5,""physical_error_rate"":0.0005}","{""detection_events"":20939,""detectors_checked"":9633792}"
       256,         1,         0,   0.624,exact_mw,38b7ae1c4e8407fc325e0d9e43e9f92ff26dcb3f5cf7b98d24ea74c9e5188d39,"{""distance"":5,""physical_error_rate"":0.005}","{""detection_events"":1143,""detectors_checked"":57344,""obs_mistake_mask=E"":1}"
      7168,         0,         0,   0.808,exact_mw,3208f56225bbcac0e2804eb6f92d0a8b681652a702ca1ec920ccd7367f0e0899,"{""distance"":5,""physical_error_rate"":0.002}","{""detection_events"":14150,""detectors_checked"":1605632}"
     14336,         0,         0,   0.825,exact_mw,bb90ec3459e353008cf9a5bb9142bf1e8515517a9e167021b225104594e48e8a,"{""distance"":5,""physical_error_rate"":0.001}","{""detection_events"":14287,""detectors_checked"":3211264}"
     26624,         0,         0,   0.586,exact_mw,cdc4a450a40af8e24899239080e4c40992fb5baf91c5a31ab3a165eacb3a1ab3,"{""distance"":5,""physical_error_rate"":0.0002}","{""detection_events"":5362,""detectors_checked"":5963776}"
        64,         0,         0,   0.502,exact_mw,72230d8c06b5a71069df48ede6f7f3e6128cd83e8239dd1b2e5fe023578b6eb1,"{""distance"":5,""physical_error_rate"":0.01}","{""detection_events"":545,""detectors_checked"":14336}"
     74752,         0,         0,    1.54,exact_mw,f32ebecd8e105e50ec838d33c5ed9b45444b6b44a3c6ac541111079f2b14e893,"{""distance"":5,""physical_error_rate"":5e-05}","{""detection_events"":3543,""detectors_checked"":16744448}"
       273,         0,         0,   0.091,exact_mw,3208f56225bbcac0e2804eb6f92d0a8b681652a702ca1ec920ccd7367f0e0899,"{""distance"":5,""physical_error_rate"":0.002}","{""detection_events"":499,""detectors_checked"":61152}"
    479232,         0,         0,    8.26,exact_mw,f32ebecd8e105e50ec838d33c5ed9b45444b6b44a3c6ac541111079f2b14e893,"{""distance"":5,""physical_error_rate"":5e-05}","{""detection_events"":23615,""detectors_checked"":107347968}"
    353280,         1,         0,    8.28,exact_mw,cb12ae119b9b2ba18d0216e7235b403229e92fd0743ede48fe7f1a2c6f45d594,"{""distance"":5,""physical_error_rate"":0.0005}","{""detection_events"":175014,""detectors_checked"":79134720,""obs_mistake_mask=E"":1}"
     70656,         0,         0,    1.57,exact_mw,cdc4a450a40af8e24899239080e4c40992fb5baf91c5a31ab3a165eacb3a1ab3,"{""distance"":5,""physical_error_rate"":0.0002}","{""detection_events"":13903,""detectors_checked"":15826944}"
       256,         1,         0,   0.600,exact_mw,38b7ae1c4e8407fc325e0d9e43e9f92ff26dcb3f5cf7b98d24ea74c9e5188d39,"{""distance"":5,""physical_error_rate"":0.005}","{""detection_events"":1175,""detectors_checked"":57344,""obs_mistake_mask=E"":1}"
      1024,         0,         0,   0.269,exact_mw,3208f56225bbcac0e2804eb6f92d0a8b681652a702ca1ec920ccd7367f0e0899,"{""distance"":5,""physical_error_rate"":0.002}","{""detection_events"":1747,""detectors_checked"":229376}"
    694272,         0,         0,    8.35,exact_mw,cdc4a450a40af8e24899239080e4c40992fb5baf91c5a31ab3a165eacb3a1ab3,"{""distance"":5,""physical_error_rate"":0.0002}","{""detection_events"":137180,""detectors_checked"":155516928}"
     52224,         0,         0,   0.755,exact_mw,70a969f5042aec17ac076c6379f4170fb7c69b8e925756ef3b7334e28a33338b,"{""distance"":5,""physical_error_rate"":0.0001}","{""detection_events"":5367,""detectors_checked"":11698176}"
     16384,         0,         0,   0.872,exact_mw,bb90ec3459e353008cf9a5bb9142bf1e8515517a9e167021b225104594e48e8a,"{""distance"":5,""physical_error_rate"":0.001}","{""detection_events"":15581,""detectors_checked"":3670016}"
      3840,         4,         0,    8.79,exact_mw,38b7ae1c4e8407fc325e0d9e43e9f92ff26dcb3f5cf7b98d24ea74c9e5188d39,"{""distance"":5,""physical_error_rate"":0.005}","{""detection_events"":18628,""detectors_checked"":860160,""obs_mistake_mask=E"":4}"
      4352,         5,         0,    8.54,exact_mw,38b7ae1c4e8407fc325e0d9e43e9f92ff26dcb3f5cf7b98d24ea74c9e5188d39,"{""distance"":5,""physical_error_rate"":0.005}","{""detection_events"":20768,""detectors_checked"":974848,""obs_mistake_mask=E"":5}"
      1297,         0,         0,   0.029,exact_mw,cb12ae119b9b2ba18d0216e7235b403229e92fd0743ede48fe7f1a2c6f45d594,"{""distance"":5,""physical_error_rate"":0.0005}","{""detection_events"":542,""detectors_checked"":290528}"
       960,        11,         0,    6.23,exact_mw,72230d8c06b5a71069df48ede6f7f3e6128cd83e8239dd1b2e5fe023578b6eb1,"{""distance"":5,""physical_error_rate"":0.01}","{""detection_events"":8961,""detectors_checked"":215040,""obs_mistake_mask=E"":11}"
      1024,         0,         0,   0.028,exact_mw,cb12ae119b9b2ba18d0216e7235b403229e92fd0743ede48fe7f1a2c6f45d594,"{""distance"":5,""physical_error_rate"":0.0005}","{""detection_events"":487,""detectors_checked"":229376}"
      1024,         0,         0,   0.212,exact_mw,3208f56225bbcac0e2804eb6f92d0a8b681652a702ca1ec920ccd7367f0e0899,"{""distance"":5,""physical_error_rate"":0.002}","{""detection_events"":1959,""detectors_checked"":229376}"
    525312,         0,         0,    8.32,exact_mw,70a969f5042aec17ac076c6379f4170fb7c69b8e925756ef3b7334e28a33338b,"{""distance"":5,""physical_error_rate"":0.0001}","{""detection_events"":52400,""detectors_checked"":117669888}"
      1024,         0,         0,   0.027,exact_mw,cb12ae119b9b2ba18d0216e7235b403229e92fd0743ede48fe7f1a2c6f45d594,"{""distance"":5,""physical_error_rate"":0.0005}","{""detection_events"":472,""detectors_checked"":229376}"
        64,         1,         0,   0.664,exact_mw,72230d8c06b5a71069df48ede6f7f3e6128cd83e8239dd1b2e5fe023578b6eb1,"{""distance"":5,""physical_error_rate"":0.01}","{""detection_events"":578,""detectors_checked"":14336,""obs_mistake_mask=E"":1}"
      1024,         0,         0,   0.028,exact_mw,cb12ae119b9b2ba18d0216e7235b403229e92fd0743ede48fe7f1a2c6f45d594,"{""distance"":5,""physical_error_rate"":0.0005}","{""detection_events"":525,""detectors_checked"":229376}"
    133120,         1,         0,    8.25,exact_mw,bb90ec3459e353008cf9a5bb9142bf1e8515517a9e167021b225104594e48e8a,"{""distance"":5,""physical_error_rate"":0.001}","{""detection_events"":130209,""detectors_checked"":29818880,""obs_mistake_mask=E"":1}"
      2048,         0,         0,   0.057,exact_mw,cb12ae119b9b2ba18d0216e7235b403229e92fd0743ede48fe7f1a2c6f45d594,"{""distance"":5,""physical_error_rate"":0.0005}","{""detection_events"":1075,""detectors_checked"":458752}"
      2816,         5,         0,    6.40,exact_mw,38b7ae1c4e8407fc325e0d9e43e9f92ff26dcb3f5cf7b98d24ea74c9e5188d39,"{""distance"":5,""physical_error_rate"":0.005}","{""detection_events"":13339,""detectors_checked"":630784,""obs_mistake_mask=E"":5}"
     38912,         0,         0,   0.812,exact_mw,cdc4a450a40af8e24899239080e4c40992fb5baf91c5a31ab3a165eacb3a1ab3,"{""distance"":5,""physical_error_rate"":0.0002}","{""detection_events"":7795,""detectors_checked"":8716288}"
      2048,         0,         0,   0.055,exact_mw,cb12ae119b9b2ba18d0216e7235b403229e92fd0743ede48fe7f1a2c6f45d594,"{""distance"":5,""physical_error_rate"":0.0005}","{""detection_events"":968,""detectors_checked"":458752}"
      1120,         5,         0,    12.4,exact_mw,72230d8c06b5a71069df48ede6f7f3e6128cd83e8239dd1b2e5fe023578b6eb1,"{""distance"":5,""physical_error_rate"":0.01}","{""detection_events"":10439,""detectors_checked"":250880,""obs_mistake_mask=E"":5}"
      3072,         0,         0,   0.084,exact_mw,cb12ae119b9b2ba18d0216e7235b403229e92fd0743ede48fe7f1a2c6f45d594,"{""distance"":5,""physical_error_rate"":0.0005}","{""detection_events"":1556,""detectors_checked"":688128}"
     55296,         0,         0,    1.12,exact_mw,cb12ae119b9b2ba18d0216e7235b403229e92fd0743ede48fe7f1a2c6f45d594,"{""distance"":5,""physical_error_rate"":0.0005}","{""detection_events"":27121,""detectors_checked"":12386304}"
     10240,         2,         0,    1.12,exact_mw,3208f56225bbcac0e2804eb6f92d0a8b681652a702ca1ec920ccd7367f0e0899,"{""distance"":5,""physical_error_rate"":0.002}","{""detection_events"":20370,""detectors_checked"":2293760,""obs_mistake_mask=E"":2}"
      4096,         0,         0,   0.111,exact_mw,cb12ae119b9b2ba18d0216e7235b403229e92fd0743ede48fe7f1a2c6f45d594,"{""distance"":5,""physical_error_rate"":0.0005}","{""detection_events"":1919,""detectors_checked"":917504}"
       256,         1,         0,   0.600,exact_mw,38b7ae1c4e8407fc325e0d9e43e9f92ff26dcb3f5cf7b98d24ea74c9e5188d39,"{""distance"":5,""physical_error_rate"":0.005}","{""detection_events"":1261,""detectors_checked"":57344,""obs_mistake_mask=E"":1}"
     86016,         0,         0,    1.53,exact_mw,70a969f5042aec17ac076c6379f4170fb7c69b8e925756ef3b7334e28a33338b,"{""distance"":5,""physical_error_rate"":0.0001}","{""detection_events"":8387,""detectors_checked"":19267584}"
       672,         2,         0,    8.57,exact_mw,72230d8c06b5a71069df48ede6f7f3e6128cd83e8239dd1b2e5fe023578b6eb1,"{""distance"":5,""physical_error_rate"":0.01}","{""detection_events"":6346,""detectors_checked"":150528,""obs_mistake_mask=E"":2}"
      1024,         0,         0,   0.419,exact_mw,3208f56225bbcac0e2804eb6f92d0a8b681652a702ca1ec920ccd7367f0e0899,"{""distance"":5,""physical_error_rate"":0.002}","{""detection_events"":2018,""detectors_checked"":229376}"
     20480,         0,         0,    1.15,exact_mw,bb90ec3459e353008cf9a5bb9142bf1e8515517a9e167021b225104594e48e8a,"{""distance"":5,""physical_error_rate"":0.001}","{""detection_events"":20158,""detectors_checked"":4587520}"
    106496,         0,         0,    1.57,exact_mw,f32ebecd8e105e50ec838d33c5ed9b45444b6b44a3c6ac541111079f2b14e893,"{""distance"":5,""physical_error_rate"":5e-05}","{""detection_events"":5175,""detectors_checked"":23855104}"
      3712,         3,         0,    12.2,exact_mw,38b7ae1c4e8407fc325e0d9e43e9f92ff26dcb3f5cf7b98d24ea74c9e5188d39,"{""distance"":5,""physical_error_rate"":0.005}","{""detection_events"":18134,""detectors_checked"":831488,""obs_mistake_mask=E"":3}"
      6144,         0,         0,   0.166,exact_mw,cb12ae119b9b2ba18d0216e7235b403229e92fd0743ede48fe7f1a2c6f45d594,"{""distance"":5,""physical_error_rate"":0.0005}","{""detection_events"":2895,""detectors_checked"":1376256}"
      2304,         0,         0,    6.10,exact_mw,38b7ae1c4e8407fc325e0d9e43e9f92ff26dcb3f5cf7b98d24ea74c9e5188d39,"{""distance"":5,""physical_error_rate"":0.005}","{""detection_events"":11022,""detectors_checked"":516096}"
        64,         0,         0,   0.606,exact_mw,72230d8c06b5a71069df48ede6f7f3e6128cd83e8239dd1b2e5fe023578b6eb1,"{""distance"":5,""physical_error_rate"":0.01}","{""detection_events"":585,""detectors_checked"":14336}"
      8192,         0,         0,   0.225,exact_mw,cb12ae119b9b2ba18d0216e7235b403229e92fd0743ede48fe7f1a2c6f45d594,"{""distance"":5,""physical_error_rate"":0.0005}","{""detection_events"":3993,""detectors_checked"":1835008}"
      1024,         0,         0,   0.327,exact_mw,3208f56225bbcac0e2804eb6f92d0a8b681652a702ca1ec920ccd7367f0e0899,"{""distance"":5,""physical_error_rate"":0.002}","{""detection_events"":2091,""detectors_checked"":229376}"
      1280,         7,         0,    12.2,exact_mw,72230d8c06b5a71069df48ede6f7f3e6128cd83e8239dd1b2e5fe023578b6eb1,"{""distance"":5,""physical_error_rate"":0.01}","{""detection_events"":12078,""detectors_checked"":286720,""obs_mistake_mask=E"":7}"
       256,         0,         0,   0.622,exact_mw,38b7ae1c4e8407fc325e0d9e43e9f92ff26dcb3f5cf7b98d24ea74c9e5188d39,"{""distance"":5,""physical_error_rate"":0.005}","{""detection_events"":1200,""detectors_checked"":57344}"
     74752,         0,         0,    1.10,exact_mw,70a969f5042aec17ac076c6379f4170fb7c69b8e925756ef3b7334e28a33338b,"{""distance"":5,""physical_error_rate"":0.0001}","{""detection_events"":7304,""detectors_checked"":16744448}"
     19456,         0,         0,    1.12,exact_mw,bb90ec3459e353008cf9a5bb9142bf1e8515517a9e167021b225104594e48e8a,"{""distance"":5,""physical_error_rate"":0.001}","{""detection_events"":18478,""detectors_checked"":4358144}"
     10240,         0,         0,   0.306,exact_mw,cb12ae119b9b2ba18d0216e7235b403229e92fd0743ede48fe7f1a2c6f45d594,"{""distance"":5,""physical_error_rate"":0.0005}","{""detection_events"":5314,""detectors_checked"":2293760}"
      1024,         0,         0,   0.360,exact_mw,3208f56225bbcac0e2804eb6f92d0a8b681652a702ca1ec920ccd7367f0e0899,"{""distance"":5,""physical_error_rate"":0.002}","{""detection_events"":2178,""detectors_checked"":229376}"
      2176,        14,         0,    12.3,exact_mw,72230d8c06b5a71069df48ede6f7f3e6128cd83e8239dd1b2e5fe023578b6eb1,"{""distance"":5,""physical_error_rate"":0.01}","{""detection_events"":20145,""detectors_checked"":487424,""obs_mistake_mask=E"":14}"
      2816,         1,         0,    8.53,exact_mw,38b7ae1c4e8407fc325e0d9e43e9f92ff26dcb3f5cf7b98d24ea74c9e5188d39,"{""distance"":5,""physical_error_rate"":0.005}","{""detection_events"":13316,""detectors_checked"":630784,""obs_mistake_mask=E"":1}"
        64,         2,         0,   0.624,exact_mw,72230d8c06b5a71069df48ede6f7f3e6128cd83e8239dd1b2e5fe023578b6eb1,"{""distance"":5,""physical_error_rate"":0.01}","{""detection_events"":618,""detectors_checked"":14336,""obs_mistake_mask=E"":2}"
     53248,         0,         0,    1.12,exact_mw,cdc4a450a40af8e24899239080e4c40992fb5baf91c5a31ab3a165eacb3a1ab3,"{""distance"":5,""physical_error_rate"":0.0002}","{""detection_events"":10554,""detectors_checked"":11927552}"
      5376,         2,         0,    11.8,exact_mw,38b7ae1c4e8407fc325e0d9e43e9f92ff26dcb3f5cf7b98d24ea74c9e5188d39,"{""distance"":5,""physical_error_rate"":0.005}","{""detection_events"":25984,""detectors_checked"":1204224,""obs_mistake_mask=E"":2}"
      1024,         0,         0,   0.300,exact_mw,3208f56225bbcac0e2804eb6f92d0a8b681652a702ca1ec920ccd7367f0e0899,"{""distance"":5,""physical_error_rate"":0.002}","{""detection_events"":1957,""detectors_checked"":229376}"
      5120,         5,         0,    12.2,exact_mw,38b7ae1c4e8407fc325e0d9e43e9f92ff26dcb3f5cf7b98d24ea74c9e5188d39,"{""distance"":5,""physical_error_rate"":0.005}","{""detection_events"":24843,""detectors_checked"":1146880,""obs_mistake_mask=E"":5}"
     14336,         0,         0,   0.379,exact_mw,cb12ae119b9b2ba18d0216e7235b403229e92fd0743ede48fe7f1a2c6f45d594,"{""distance"":5,""physical_error_rate"":0.0005}","{""detection_events"":7024,""detectors_checked"":3211264}"
       256,         0,         0,   0.531,exact_mw,38b7ae1c4e8407fc325e0d9e43e9f92ff26dcb3f5cf7b98d24ea74c9e5188d39,"{""distance"":5,""physical_error_rate"":0.005}","{""detection_events"":1243,""detectors_checked"":57344}"
     95232,         0,         0,    2.17,exact_mw,f32ebecd8e105e50ec838d33c5ed9b45444b6b44a3c6ac541111079f2b14e893,"{""distance"":5,""physical_error_rate"":5e-05}","{""detection_events"":4609,""detectors_checked"":21331968}"
      1024,         0,         0,   0.387,exact_mw,3208f56225bbcac0e2804eb6f92d0a8b681652a702ca1ec920ccd7367f0e0899,"{""distance"":5,""physical_error_rate"":0.002}","{""detection_events"":2003,""detectors_checked"":229376}"
      5632,         8,         0,    12.2,exact_mw,38b7ae1c4e8407fc325e0d9e43e9f92ff26dcb3f5cf7b98d24ea74c9e5188d39,"{""distance"":5,""physical_error_rate"":0.005}","{""detection_events"":27107,""detectors_checked"":1261568,""obs_mistake_mask=E"":8}"
        64,         0,         0,   0.585,exact_mw,72230d8c06b5a71069df48ede6f7f3e6128cd83e8239dd1b2e5fe023578b6eb1,"{""distance"":5,""physical_error_rate"":0.01}","{""detection_events"":585,""detectors_checked"":14336}"
     91136,         0,         0,    2.14,exact_mw,cdc4a450a40af8e24899239080e4c40992fb5baf91c5a31ab3a165eacb3a1ab3,"{""distance"":5,""physical_error_rate"":0.0002}","{""detection_events"":17837,""detectors_checked"":20414464}"
     76800,         0,         0,    1.55,exact_mw,cb12ae119b9b2ba18d0216e7235b403229e92fd0743ede48fe7f1a2c6f45d594,"{""distance"":5,""physical_error_rate"":0.0005}","{""detection_events"":37114,""detectors_checked"":17203200}"
     11264,         3,         0,    1.61,exact_mw,3208f56225bbcac0e2804eb6f92d0a8b681652a702ca1ec920ccd7367f0e0899,"{""distance"":5,""physical_error_rate"":0.002}","{""detection_events"":21853,""detectors_checked"":2523136,""obs_mistake_mask=E"":3}"
      4352,         5,         0,    12.4,exact_mw,38b7ae1c4e8407fc325e0d9e43e9f92ff26dcb3f5cf7b98d24ea74c9e5188d39,"{""distance"":5,""physical_error_rate"":0.005}","{""detection_events"":20840,""detectors_checked"":974848,""obs_mistake_mask=E"":5}"
     24576,         1,         0,    1.61,exact_mw,bb90ec3459e353008cf9a5bb9142bf1e8515517a9e167021b225104594e48e8a,"{""distance"":5,""physical_error_rate"":0.001}","{""detection_events"":24319,""detectors_checked"":5505024,""obs_mistake_mask=E"":1}"
     19456,         0,         0,   0.583,exact_mw,cb12ae119b9b2ba18d0216e7235b403229e92fd0743ede48fe7f1a2c6f45d594,"{""distance"":5,""physical_error_rate"":0.0005}","{""detection_events"":9385,""detectors_checked"":4358144}"
       256,         1,         0,   0.551,exact_mw,38b7ae1c4e8407fc325e0d9e43e9f92ff26dcb3f5cf7b98d24ea74c9e5188d39,"{""distance"":5,""physical_error_rate"":0.005}","{""detection_events"":1165,""detectors_checked"":57344,""obs_mistake_mask=E"":1}"
      1024,         0,         0,   0.303,exact_mw,3208f56225bbcac0e2804eb6f92d0a8b681652a702ca1ec920ccd7367f0e0899,"{""distance"":5,""physical_error_rate"":0.002}","{""detection_events"":1847,""detectors_checked"":229376}"
      1024,         0,         0,   0.297,exact_mw,3208f56225bbcac0e2804eb6f92d0a8b681652a702ca1ec920ccd7367f0e0899,"{""distance"":5,""physical_error_rate"":0.002}","{""detection_events"":1924,""detectors_checked"":229376}"
    120832,         0,         0,    2.15,exact_mw,70a969f5042aec17ac076c6379f4170fb7c69b8e925756ef3b7334e28a33338b,"{""distance"":5,""physical_error_rate"":0.0001}","{""detection_events"":11663,""detectors_checked"":27066368}"
    735232,         0,         0,    11.6,exact_mw,70a969f5042aec17ac076c6379f4170fb7c69b8e925756ef3b7334e28a33338b,"{""distance"":5,""physical_error_rate"":0.0001}","{""detection_events"":72372,""detectors_checked"":164691968}"
    104448,         0,         0,    1.57,exact_mw,70a969f5042aec17ac076c6379f4170fb7c69b8e925756ef3b7334e28a33338b,"{""distance"":5,""physical_error_rate"":0.0001}","{""detection_events"":10588,""detectors_checked"":23396352}"
      1344,         7,         0,    12.2,exact_mw,72230d8c06b5a71069df48ede6f7f3e6128cd83e8239dd1b2e5fe023578b6eb1,"{""distance"":5,""physical_error_rate"":0.01}","{""detection_events"":12340,""detectors_checked"":301056,""obs_mistake_mask=E"":7}"
    461824,         1,         0,    11.6,exact_mw,cb12ae119b9b2ba18d0216e7235b403229e92fd0743ede48fe7f1a2c6f45d594,"{""distance"":5,""physical_error_rate"":0.0005}","{""detection_events"":227419,""detectors_checked"":103448576,""obs_mistake_mask=E"":1}"
     19456,         0,         0,    1.54,exact_mw,bb90ec3459e353008cf9a5bb9142bf1e8515517a9e167021b225104594e48e8a,"{""distance"":5,""physical_error_rate"":0.001}","{""detection_events"":19099,""detectors_checked"":4358144}"
    109568,         0,         0,    2.13,exact_mw,f32ebecd8e105e50ec838d33c5ed9b45444b6b44a3c6ac541111079f2b14e893,"{""distance"":5,""physical_error_rate"":5e-05}","{""detection_events"":5722,""detectors_checked"":24543232}"
       256,         1,         0,   0.678,exact_mw,38b7ae1c4e8407fc325e0d9e43e9f92ff26dcb3f5cf7b98d24ea74c9e5188d39,"{""distance"":5,""physical_error_rate"":0.005}","{""detection_events"":1235,""detectors_checked"":57344,""obs_mistake_mask=E"":1}"
    726016,         0,         0,    11.6,exact_mw,f32ebecd8e105e50ec838d33c5ed9b45444b6b44a3c6ac541111079f2b14e893,"{""distance"":5,""physical_error_rate"":5e-05}","{""detection_events"":35503,""detectors_checked"":162627584}"
    100352,         0,         0,    1.52,exact_mw,cdc4a450a40af8e24899239080e4c40992fb5baf91c5a31ab3a165eacb3a1ab3,"{""distance"":5,""physical_error_rate"":0.0002}","{""detection_events"":19738,""detectors_checked"":22478848}"
     28672,         0,         0,   0.810,exact_mw,cb12ae119b9b2ba18d0216e7235b403229e92fd0743ede48fe7f1a2c6f45d594,"{""distance"":5,""physical_error_rate"":0.0005}","{""detection_events"":14197,""detectors_checked"":6422528}"
      6400,         5,         0,    11.7,exact_mw,38b7ae1c4e8407fc325e0d9e43e9f92ff26dcb3f5cf7b98d24ea74c9e5188d39,"{""distance"":5,""physical_error_rate"":0.005}","{""detection_events"":30552,""detectors_checked"":1433600,""obs_mistake_mask=E"":5}"
    812032,         0,         0,    11.5,exact_mw,f32ebecd8e105e50ec838d33c5ed9b45444b6b44a3c6ac541111079f2b14e893,"{""distance"":5,""physical_error_rate"":5e-05}","{""detection_events"":40042,""detectors_checked"":181895168}"
      2048,         0,         0,   0.572,exact_mw,3208f56225bbcac0e2804eb6f92d0a8b681652a702ca1ec920ccd7367f0e0899,"{""distance"":5,""physical_error_rate"":0.002}","{""detection_events"":4018,""detectors_checked"":458752}"
    223232,         1,         0,    11.7,exact_mw,bb90ec3459e353008cf9a5bb9142bf1e8515517a9e167021b225104594e48e8a,"{""distance"":5,""physical_error_rate"":0.001}","{""detection_events"":220041,""detectors_checked"":50003968,""obs_mistake_mask=E"":1}"
       128,         0,         0,    1.29,exact_mw,72230d8c06b5a71069df48ede6f7f3e6128cd83e8239dd1b2e5fe023578b6eb1,"{""distance"":5,""physical_error_rate"":0.01}","{""detection_events"":1235,""detectors_checked"":28672}"
      1664,         8,         0,    12.3,exact_mw,72230d8c06b5a71069df48ede6f7f3e6128cd83e8239dd1b2e5fe023578b6eb1,"{""distance"":5,""physical_error_rate"":0.01}","{""detection_events"":15582,""detectors_checked"":372736,""obs_mistake_mask=E"":8}"
      4096,         4,         0,    11.9,exact_mw,38b7ae1c4e8407fc325e0d9e43e9f92ff26dcb3f5cf7b98d24ea74c9e5188d39,"{""distance"":5,""physical_error_rate"":0.005}","{""detection_events"":19809,""detectors_checked"":917504,""obs_mistake_mask=E"":4}"
     37888,         2,         0,    8.51,exact_mw,3208f56225bbcac0e2804eb6f92d0a8b681652a702ca1ec920ccd7367f0e0899,"{""distance"":5,""physical_error_rate"":0.002}","{""detection_events"":73829,""detectors_checked"":8486912,""obs_mistake_mask=E"":2}"
       256,         1,         0,   0.650,exact_mw,38b7ae1c4e8407fc325e0d9e43e9f92ff26dcb3f5cf7b98d24ea74c9e5188d39,"{""distance"":5,""physical_error_rate"":0.005}","{""detection_events"":1158,""detectors_checked"":57344,""obs_mistake_mask=E"":1}"
    745472,         0,         0,    11.6,exact_mw,cdc4a450a40af8e24899239080e4c40992fb5baf91c5a31ab3a165eacb3a1ab3,"{""distance"":5,""physical_error_rate"":0.0002}","{""detection_events"":145288,""detectors_checked"":166985728}"
      1408,        10,         0,    11.8,exact_mw,72230d8c06b5a71069df48ede6f7f3e6128cd83e8239dd1b2e5fe023578b6eb1,"{""distance"":5,""physical_error_rate"":0.01}","{""detection_events"":12878,""detectors_checked"":315392,""obs_mistake_mask=E"":10}"
    763904,         0,         0,    11.5,exact_mw,70a969f5042aec17ac076c6379f4170fb7c69b8e925756ef3b7334e28a33338b,"{""distance"":5,""physical_error_rate"":0.0001}","{""detection_events"":75668,""detectors_checked"":171114496}"
    543744,         0,         0,    11.6,exact_mw,cdc4a450a40af8e24899239080e4c40992fb5baf91c5a31ab3a165eacb3a1ab3,"{""distance"":5,""physical_error_rate"":0.0002}","{""detection_events"":106931,""detectors_checked"":121798656}"
   1034240,         0,         0,    11.6,exact_mw,cdc4a450a40af8e24899239080e4c40992fb5baf91c5a31ab3a165eacb3a1ab3,"{""distance"":5,""physical_error_rate"":0.0002}","{""detection_events"":203276,""detectors_checked"":231669760}"
    995328,         0,         0,    11.6,exact_mw,f32ebecd8e105e50ec838d33c5ed9b45444b6b44a3c6ac541111079f2b14e893,"{""distance"":5,""physical_error_rate"":5e-05}","{""detection_events"":49433,""detectors_checked"":222953472}"
    216064,         0,         0,    11.7,exact_mw,bb90ec3459e353008cf9a5bb9142bf1e8515517a9e167021b225104594e48e8a,"{""distance"":5,""physical_error_rate"":0.001}","{""detection_events"":212101,""detectors_checked"":48398336}"
      2048,         1,         0,   0.754,exact_mw,3208f56225bbcac0e2804eb6f92d0a8b681652a702ca1ec920ccd7367f0e0899,"{""distance"":5,""physical_error_rate"":0.002}","{""detection_events"":4230,""detectors_checked"":458752,""obs_mistake_mask=E"":1}"
    345088,         0,         0,    11.6,exact_mw,cb12ae119b9b2ba18d0216e7235b403229e92fd0743ede48fe7f1a2c6f45d594,"{""distance"":5,""physical_error_rate"":0.0005}","{""detection_events"":170679,""detectors_checked"":77299712}"
       256,         0,         0,   0.527,exact_mw,38b7ae1c4e8407fc325e0d9e43e9f92ff26dcb3f5cf7b98d24ea74c9e5188d39,"{""distance"":5,""physical_error_rate"":0.005}","{""detection_events"":1115,""detectors_checked"":57344}"
     40960,         0,         0,    1.14,exact_mw,cb12ae119b9b2ba18d0216e7235b403229e92fd0743ede48fe7f1a2c6f45d594,"{""distance"":5,""physical_error_rate"":0.0005}","{""detection_events"":20123,""detectors_checked"":9175040}"
    105472,         0,         0,    2.14,exact_mw,cb12ae119b9b2ba18d0216e7235b403229e92fd0743ede48fe7f1a2c6f45d594,"{""distance"":5,""physical_error_rate"":0.0005}","{""detection_events"":52163,""detectors_checked"":23625728}"
    833536,         0,         0,    11.6,exact_mw,f32ebecd8e105e50ec838d33c5ed9b45444b6b44a3c6ac541111079f2b14e893,"{""distance"":5,""physical_error_rate"":5e-05}","{""detection_events"":40832,""detectors_checked"":186712064}"
      1216,        10,         0,    12.1,exact_mw,72230d8c06b5a71069df48ede6f7f3e6128cd83e8239dd1b2e5fe023578b6eb1,"{""distance"":5,""physical_error_rate"":0.01}","{""detection_events"":11196,""detectors_checked"":272384,""obs_mistake_mask=E"":10}"
     14336,         0,         0,    2.26,exact_mw,3208f56225bbcac0e2804eb6f92d0a8b681652a702ca1ec920ccd7367f0e0899,"{""distance"":5,""physical_error_rate"":0.002}","{""detection_events"":27724,""detectors_checked"":3211264}"
    775168,         0,         0,    11.6,exact_mw,70a969f5042aec17ac076c6379f4170fb7c69b8e925756ef3b7334e28a33338b,"{""distance"":5,""physical_error_rate"":0.0001}","{""detection_events"":76385,""detectors_checked"":173637632}"
    633856,         0,         0,    11.6,exact_mw,70a969f5042aec17ac076c6379f4170fb7c69b8e925756ef3b7334e28a33338b,"{""distance"":5,""physical_error_rate"":0.0001}","{""detection_events"":62999,""detectors_checked"":141983744}"
     35840,         0,         0,    2.25,exact_mw,bb90ec3459e353008cf9a5bb9142bf1e8515517a9e167021b225104594e48e8a,"{""distance"":5,""physical_error_rate"":0.001}","{""detection_events"":35619,""detectors_checked"":8028160}"
      1216,        16,         0,    12.1,exact_mw,72230d8c06b5a71069df48ede6f7f3e6128cd83e8239dd1b2e5fe023578b6eb1,"{""distance"":5,""physical_error_rate"":0.01}","{""detection_events"":11522,""detectors_checked"":272384,""obs_mistake_mask=E"":16}"
    441344,         0,         0,    11.6,exact_mw,cb12ae119b9b2ba18d0216e7235b403229e92fd0743ede48fe7f1a2c6f45d594,"{""distance"":5,""physical_error_rate"":0.0005}","{""detection_events"":217457,""detectors_checked"":98861056}"
       128,         2,         0,    1.32,exact_mw,72230d8c06b5a71069df48ede6f7f3e6128cd83e8239dd1b2e5fe023578b6eb1,"{""distance"":5,""physical_error_rate"":0.01}","{""detection_events"":1262,""detectors_checked"":28672,""obs_mistake_mask=E"":2}"
      2048,         0,         0,   0.748,exact_mw,3208f56225bbcac0e2804eb6f92d0a8b681652a702ca1ec920ccd7367f0e0899,"{""distance"":5,""physical_error_rate"":0.002}","{""detection_events"":4059,""detectors_checked"":458752}"
       256,         1,         0,   0.625,exact_mw,38b7ae1c4e8407fc325e0d9e43e9f92ff26dcb3f5cf7b98d24ea74c9e5188d39,"{""distance"":5,""physical_error_rate"":0.005}","{""detection_events"":1232,""detectors_checked"":57344,""obs_mistake_mask=E"":1}"
   1342464,         1,         0,    16.3,exact_mw,cb12ae119b9b2ba18d0216e7235b403229e92fd0743ede48fe7f1a2c6f45d594,"{""distance"":5,""physical_error_rate"":0.0005}","{""detection_events"":659327,""detectors_checked"":300711936,""obs_mistake_mask=E"":1}"
    131072,         0,         0,    3.04,exact_mw,f32ebecd8e105e50ec838d33c5ed9b45444b6b44a3c6ac541111079f2b14e893,"{""distance"":5,""physical_error_rate"":5e-05}","{""detection_events"":6388,""detectors_checked"":29360128}"
    148480,         0,         0,    2.15,exact_mw,70a969f5042aec17ac076c6379f4170fb7c69b8e925756ef3b7334e28a33338b,"{""distance"":5,""physical_error_rate"":0.0001}","{""detection_events"":14579,""detectors_checked"":33259520}"
     28672,         0,         0,    2.21,exact_mw,bb90ec3459e353008cf9a5bb9142bf1e8515517a9e167021b225104594e48e8a,"{""distance"":5,""physical_error_rate"":0.001}","{""detection_events"":27895,""detectors_checked"":6422528}"
    219136,         1,         0,    11.7,exact_mw,bb90ec3459e353008cf9a5bb9142bf1e8515517a9e167021b225104594e48e8a,"{""distance"":5,""physical_error_rate"":0.001}","{""detection_events"":215261,""detectors_checked"":49086464,""obs_mistake_mask=E"":1}"
    154624,         0,         0,    3.03,exact_mw,cdc4a450a40af8e24899239080e4c40992fb5baf91c5a31ab3a165eacb3a1ab3,"{""distance"":5,""physical_error_rate"":0.0002}","{""detection_events"":30148,""detectors_checked"":34635776}"
    145408,         0,         0,    2.17,exact_mw,cdc4a450a40af8e24899239080e4c40992fb5baf91c5a31ab3a165eacb3a1ab3,"{""distance"":5,""physical_error_rate"":0.0002}","{""detection_events"":28873,""detectors_checked"":32571392}"
      3072,         0,         0,   0.932,exact_mw,3208f56225bbcac0e2804eb6f92d0a8b681652a702ca1ec920ccd7367f0e0899,"{""distance"":5,""physical_error_rate"":0.002}","{""detection_events"":5898,""detectors_checked"":688128}"
     54272,         0,         0,    1.52,exact_mw,cb12ae119b9b2ba18d0216e7235b403229e92fd0743ede48fe7f1a2c6f45d594,"{""distance"":5,""physical_error_rate"":0.0005}","{""detection_events"":26768,""detectors_checked"":12156928}"
    172032,         0,         0,    3.05,exact_mw,70a969f5042aec17ac076c6379f4170fb7c69b8e925756ef3b7334e28a33338b,"{""distance"":5,""physical_error_rate"":0.0001}","{""detection_events"":16922,""detectors_checked"":38535168}"
    147456,         0,         0,    3.02,exact_mw,f32ebecd8e105e50ec838d33c5ed9b45444b6b44a3c6ac541111079f2b14e893,"{""distance"":5,""physical_error_rate"":5e-05}","{""detection_events"":7441,""detectors_checked"":33030144}"
       512,         0,         0,    1.10,exact_mw,38b7ae1c4e8407fc325e0d9e43e9f92ff26dcb3f5cf7b98d24ea74c9e5188d39,"{""distance"":5,""physical_error_rate"":0.005}","{""detection_events"":2444,""detectors_checked"":114688}"
      3456,        26,         0,    12.4,exact_mw,72230d8c06b5a71069df48ede6f7f3e6128cd83e8239dd1b2e5fe023578b6eb1,"{""distance"":5,""physical_error_rate"":0.01}","{""detection_events"":32206,""detectors_checked"":774144,""obs_mistake_mask=E"":26}"
   2034688,         0,         0,    16.2,exact_mw,70a969f5042aec17ac076c6379f4170fb7c69b8e925756ef3b7334e28a33338b,"{""distance"":5,""physical_error_rate"":0.0001}","{""detection_events"":200781,""detectors_checked"":455770112}"
       192,         1,         0,    1.79,exact_mw,72230d8c06b5a71069df48ede6f7f3e6128cd83e8239dd1b2e5fe023578b6eb1,"{""distance"":5,""physical_error_rate"":0.01}","{""detection_events"":1706,""detectors_checked"":43008,""obs_mistake_mask=E"":1}"
      4096,         0,         0,    1.26,exact_mw,3208f56225bbcac0e2804eb6f92d0a8b681652a702ca1ec920ccd7367f0e0899,"{""distance"":5,""physical_error_rate"":0.002}","{""detection_events"":8008,""detectors_checked"":917504}"
   1127424,         0,         0,    16.2,exact_mw,f32ebecd8e105e50ec838d33c5ed9b45444b6b44a3c6ac541111079f2b14e893,"{""distance"":5,""physical_error_rate"":5e-05}","{""detection_events"":56085,""detectors_checked"":252542976}"
    329728,         2,         0,    16.3,exact_mw,bb90ec3459e353008cf9a5bb9142bf1e8515517a9e167021b225104594e48e8a,"{""distance"":5,""physical_error_rate"":0.001}","{""detection_events"":325502,""detectors_checked"":73859072,""obs_mistake_mask=E"":2}"
    151552,         0,         0,    2.98,exact_mw,cb12ae119b9b2ba18d0216e7235b403229e92fd0743ede48fe7f1a2c6f45d594,"{""distance"":5,""physical_error_rate"":0.0005}","{""detection_events"":74638,""detectors_checked"":33947648}"
       768,         0,         0,    1.48,exact_mw,38b7ae1c4e8407fc325e0d9e43e9f92ff26dcb3f5cf7b98d24ea74c9e5188d39,"{""distance"":5,""physical_error_rate"":0.005}","{""detection_events"":3691,""detectors_checked"":172032}"
    261120,         4,         0,    16.4,exact_mw,bb90ec3459e353008cf9a5bb9142bf1e8515517a9e167021b225104594e48e8a,"{""distance"":5,""physical_error_rate"":0.001}","{""detection_events"":255151,""detectors_checked"":58490880,""obs_mistake_mask=E"":4}"
   1199104,         0,         0,    16.2,exact_mw,70a969f5042aec17ac076c6379f4170fb7c69b8e925756ef3b7334e28a33338b,"{""distance"":5,""physical_error_rate"":0.0001}","{""detection_events"":119734,""detectors_checked"":268599296}"
     49152,         0,         0,    3.06,exact_mw,bb90ec3459e353008cf9a5bb9142bf1e8515517a9e167021b225104594e48e8a,"{""distance"":5,""physical_error_rate"":0.001}","{""detection_events"":47572,""detectors_checked"":11010048}"
       896,         5,         0,    8.56,exact_mw,72230d8c06b5a71069df48ede6f7f3e6128cd83e8239dd1b2e5fe023578b6eb1,"{""distance"":5,""physical_error_rate"":0.01}","{""detection_events"":8440,""detectors_checked"":200704,""obs_mistake_mask=E"":5}"
     32768,         3,         0,    3.26,exact_mw,3208f56225bbcac0e2804eb6f92d0a8b681652a702ca1ec920ccd7367f0e0899,"{""distance"":5,""physical_error_rate"":0.002}","{""detection_events"":63380,""detectors_checked"":7340032,""obs_mistake_mask=E"":3}"
    971776,         0,         0,    16.2,exact_mw,cdc4a450a40af8e24899239080e4c40992fb5baf91c5a31ab3a165eacb3a1ab3,"{""distance"":5,""physical_error_rate"":0.0002}","{""detection_events"":190709,""detectors_checked"":217677824}"
   1071104,         0,         0,    16.2,exact_mw,70a969f5042aec17ac076c6379f4170fb7c69b8e925756ef3b7334e28a33338b,"{""distance"":5,""physical_error_rate"":0.0001}","{""detection_events"":106362,""detectors_checked"":239927296}"
    822272,         0,         0,    16.4,exact_mw,70a969f5042aec17ac076c6379f4170fb7c69b8e925756ef3b7334e28a33338b,"{""distance"":5,""physical_error_rate"":0.0001}","{""detection_events"":81361,""detectors_checked"":184188928}"
     36864,         2,         0,    12.1,exact_mw,3208f56225bbcac0e2804eb6f92d0a8b681652a702ca1ec920ccd7367f0e0899,"{""distance"":5,""physical_error_rate"":0.002}","{""detection_events"":72410,""detectors_checked"":8257536,""obs_mistake_mask=E"":2}"
     83968,         0,         0,    2.20,exact_mw,cb12ae119b9b2ba18d0216e7235b403229e92fd0743ede48fe7f1a2c6f45d594,"{""distance"":5,""physical_error_rate"":0.0005}","{""detection_events"":41794,""detectors_checked"":18808832}"
    203776,         0,         0,    2.98,exact_mw,70a969f5042aec17ac076c6379f4170fb7c69b8e925756ef3b7334e28a33338b,"{""distance"":5,""physical_error_rate"":0.0001}","{""detection_events"":19834,""detectors_checked"":45645824}"
    888832,         0,         0,    16.2,exact_mw,cdc4a450a40af8e24899239080e4c40992fb5baf91c5a31ab3a165eacb3a1ab3,"{""distance"":5,""physical_error_rate"":0.0002}","{""detection_events"":175750,""detectors_checked"":199098368}"
     41984,         1,         0,    3.06,exact_mw,bb90ec3459e353008cf9a5bb9142bf1e8515517a9e167021b225104594e48e8a,"{""distance"":5,""physical_error_rate"":0.001}","{""detection_events"":41530,""detectors_checked"":9404416,""obs_mistake_mask=E"":1}"
    968704,         0,         0,    16.2,exact_mw,f32ebecd8e105e50ec838d33c5ed9b45444b6b44a3c6ac541111079f2b14e893,"{""distance"":5,""physical_error_rate"":5e-05}","{""detection_events"":47416,""detectors_checked"":216989696}"
    198656,         0,         0,    2.98,exact_mw,cdc4a450a40af8e24899239080e4c40992fb5baf91c5a31ab3a165eacb3a1ab3,"{""distance"":5,""physical_error_rate"":0.0002}","{""detection_events"":39087,""detectors_checked"":44498944}"
   1563648,         0,         0,    16.2,exact_mw,f32ebecd8e105e50ec838d33c5ed9b45444b6b44a3c6ac541111079f2b14e893,"{""distance"":5,""physical_error_rate"":5e-05}","{""detection_events"":76492,""detectors_checked"":350257152}"
      4096,         1,         0,    1.68,exact_mw,3208f56225bbcac0e2804eb6f92d0a8b681652a702ca1ec920ccd7367f0e0899,"{""distance"":5,""physical_error_rate"":0.002}","{""detection_events"":8153,""detectors_checked"":917504,""obs_mistake_mask=E"":1}"
    873472,         0,         0,    16.1,exact_mw,70a969f5042aec17ac076c6379f4170fb7c69b8e925756ef3b7334e28a33338b,"{""distance"":5,""physical_error_rate"":0.0001}","{""detection_events"":86321,""detectors_checked"":195657728}"
   1200128,         0,         0,    16.2,exact_mw,cdc4a450a40af8e24899239080e4c40992fb5baf91c5a31ab3a165eacb3a1ab3,"{""distance"":5,""physical_error_rate"":0.0002}","{""detection_events"":235604,""detectors_checked"":268828672}"
     49152,         2,         0,    12.2,exact_mw,3208f56225bbcac0e2804eb6f92d0a8b681652a702ca1ec920ccd7367f0e0899,"{""distance"":5,""physical_error_rate"":0.002}","{""detection_events"":95744,""detectors_checked"":11010048,""obs_mistake_mask=E"":2}"
    658432,         0,         0,    16.2,exact_mw,cb12ae119b9b2ba18d0216e7235b403229e92fd0743ede48fe7f1a2c6f45d594,"{""distance"":5,""physical_error_rate"":0.0005}","{""detection_events"":325346,""detectors_checked"":147488768}"
    930816,         0,         0,    16.1,exact_mw,cdc4a450a40af8e24899239080e4c40992fb5baf91c5a31ab3a165eacb3a1ab3,"{""distance"":5,""physical_error_rate"":0.0002}","{""detection_events"":183445,""detectors_checked"":208502784}"
       256,         1,         0,    2.37,exact_mw,72230d8c06b5a71069df48ede6f7f3e6128cd83e8239dd1b2e5fe023578b6eb1,"{""distance"":5,""physical_error_rate"":0.01}","{""detection_events"":2434,""detectors_checked"":57344,""obs_mistake_mask=E"":1}"
     36864,         4,         0,    12.0,exact_mw,3208f56225bbcac0e2804eb6f92d0a8b681652a702ca1ec920ccd7367f0e0899,"{""distance"":5,""physical_error_rate"":0.002}","{""detection_events"":72258,""detectors_checked"":8257536,""obs_mistake_mask=E"":4}"
      1024,         5,         0,    8.72,exact_mw,72230d8c06b5a71069df48ede6f7f3e6128cd83e8239dd1b2e5fe023578b6eb1,"{""distance"":5,""physical_error_rate"":0.01}","{""detection_events"":9546,""detectors_checked"":229376,""obs_mistake_mask=E"":5}"
    899072,         0,         0,    16.2,exact_mw,f32ebecd8e105e50ec838d33c5ed9b45444b6b44a3c6ac541111079f2b14e893,"{""distance"":5,""physical_error_rate"":5e-05}","{""detection_events"":44207,""detectors_checked"":201392128}"
      3840,         5,         0,    8.60,exact_mw,38b7ae1c4e8407fc325e0d9e43e9f92ff26dcb3f5cf7b98d24ea74c9e5188d39,"{""distance"":5,""physical_error_rate"":0.005}","{""detection_events"":18622,""detectors_checked"":860160,""obs_mistake_mask=E"":5}"
    647168,         0,         0,    16.1,exact_mw,cb12ae119b9b2ba18d0216e7235b403229e92fd0743ede48fe7f1a2c6f45d594,"{""distance"":5,""physical_error_rate"":0.0005}","{""detection_events"":318768,""detectors_checked"":144965632}"
   1083392,         0,         0,    16.2,exact_mw,f32ebecd8e105e50ec838d33c5ed9b45444b6b44a3c6ac541111079f2b14e893,"{""distance"":5,""physical_error_rate"":5e-05}","{""detection_events"":53179,""detectors_checked"":242679808}"
       768,         3,         0,    1.70,exact_mw,38b7ae1c4e8407fc325e0d9e43e9f92ff26dcb3f5cf7b98d24ea74c9e5188d39,"{""distance"":5,""physical_error_rate"":0.005}","{""detection_events"":3622,""detectors_checked"":172032,""obs_mistake_mask=E"":3}"
    801792,         1,         0,    16.2,exact_mw,cb12ae119b9b2ba18d0216e7235b403229e92fd0743ede48fe7f1a2c6f45d594,"{""distance"":5,""physical_error_rate"":0.0005}","{""detection_events"":395166,""detectors_checked"":179601408,""obs_mistake_mask=E"":1}"
      3072,         2,         0,    8.40,exact_mw,38b7ae1c4e8407fc325e0d9e43e9f92ff26dcb3f5cf7b98d24ea74c9e5188d39,"{""distance"":5,""physical_error_rate"":0.005}","{""detection_events"":14971,""detectors_checked"":688128,""obs_mistake_mask=E"":2}"
    176128,         0,         0,    4.19,exact_mw,f32ebecd8e105e50ec838d33c5ed9b45444b6b44a3c6ac541111079f2b14e893,"{""distance"":5,""physical_error_rate"":5e-05}","{""detection_events"":8724,""detectors_checked"":39452672}"
    792576,         1,         0,    16.3,exact_mw,cb12ae119b9b2ba18d0216e7235b403229e92fd0743ede48fe7f1a2c6f45d594,"{""distance"":5,""physical_error_rate"":0.0005}","{""detection_events"":390301,""detectors_checked"":177537024,""obs_mistake_mask=E"":1}"
    891904,         0,         0,    16.3,exact_mw,70a969f5042aec17ac076c6379f4170fb7c69b8e925756ef3b7334e28a33338b,"{""distance"":5,""physical_error_rate"":0.0001}","{""detection_events"":87473,""detectors_checked"":199786496}"
    164864,         0,         0,    4.17,exact_mw,cdc4a450a40af8e24899239080e4c40992fb5baf91c5a31ab3a165eacb3a1ab3,"{""distance"":5,""physical_error_rate"":0.0002}","{""detection_events"":32492,""detectors_checked"":36929536}"
    687104,         1,         0,    16.2,exact_mw,cb12ae119b9b2ba18d0216e7235b403229e92fd0743ede48fe7f1a2c6f45d594,"{""distance"":5,""physical_error_rate"":0.0005}","{""detection_events"":336001,""detectors_checked"":153911296,""obs_mistake_mask=E"":1}"
    256000,         1,         0,    16.4,exact_mw,bb90ec3459e353008cf9a5bb9142bf1e8515517a9e167021b225104594e48e8a,"{""distance"":5,""physical_error_rate"":0.001}","{""detection_events"":250418,""detectors_checked"":57344000,""obs_mistake_mask=E"":1}"
    986112,         0,         0,    16.2,exact_mw,f32ebecd8e105e50ec838d33c5ed9b45444b6b44a3c6ac541111079f2b14e893,"{""distance"":5,""physical_error_rate"":5e-05}","{""detection_events"":47661,""detectors_checked"":220889088}"
    314368,         0,         0,    16.4,exact_mw,bb90ec3459e353008cf9a5bb9142bf1e8515517a9e167021b225104594e48e8a,"{""distance"":5,""physical_error_rate"":0.001}","{""detection_events"":307226,""detectors_checked"":70418432}"
   1201152,         0,         0,    16.3,exact_mw,f32ebecd8e105e50ec838d33c5ed9b45444b6b44a3c6ac541111079f2b14e893,"{""distance"":5,""physical_error_rate"":5e-05}","{""detection_events"":59147,""detectors_checked"":269058048}"
    301056,         3,         0,    16.2,exact_mw,bb90ec3459e353008cf9a5bb9142bf1e8515517a9e167021b225104594e48e8a,"{""distance"":5,""physical_error_rate"":0.001}","{""detection_events"":295019,""detectors_checked"":67436544,""obs_mistake_mask=E"":3}"
    903168,         0,         0,    16.3,exact_mw,cdc4a450a40af8e24899239080e4c40992fb5baf91c5a31ab3a165eacb3a1ab3,"{""distance"":5,""physical_error_rate"":0.0002}","{""detection_events"":177698,""detectors_checked"":202309632}"
   1057792,         1,         0,    16.2,exact_mw,cdc4a450a40af8e24899239080e4c40992fb5baf91c5a31ab3a165eacb3a1ab3,"{""distance"":5,""physical_error_rate"":0.0002}","{""detection_events"":208701,""detectors_checked"":236945408,""obs_mistake_mask=E"":1}"
   1211392,         0,         0,    16.2,exact_mw,cdc4a450a40af8e24899239080e4c40992fb5baf91c5a31ab3a165eacb3a1ab3,"{""distance"":5,""physical_error_rate"":0.0002}","{""detection_events"":238498,""detectors_checked"":271351808}"
    304128,         0,         0,    16.3,exact_mw,bb90ec3459e353008cf9a5bb9142bf1e8515517a9e167021b225104594e48e8a,"{""distance"":5,""physical_error_rate"":0.001}","{""detection_events"":297264,""detectors_checked"":68124672}"
   1196032,         0,         0,    16.2,exact_mw,70a969f5042aec17ac076c6379f4170fb7c69b8e925756ef3b7334e28a33338b,"{""distance"":5,""physical_error_rate"":0.0001}","{""detection_events"":118278,""detectors_checked"":267911168}"
    232448,         0,         0,    4.16,exact_mw,70a969f5042aec17ac076c6379f4170fb7c69b8e925756ef3b7334e28a33338b,"{""distance"":5,""physical_error_rate"":0.0001}","{""detection_events"":22696,""detectors_checked"":52068352}"
    303104,         0,         0,    4.14,exact_mw,f32ebecd8e105e50ec838d33c5ed9b45444b6b44a3c6ac541111079f2b14e893,"{""distance"":5,""physical_error_rate"":5e-05}","{""detection_events"":15131,""detectors_checked"":67895296}"
      1600,        12,         0,    11.8,exact_mw,72230d8c06b5a71069df48ede6f7f3e6128cd83e8239dd1b2e5fe023578b6eb1,"{""distance"":5,""physical_error_rate"":0.01}","{""detection_events"":15152,""detectors_checked"":358400,""obs_mistake_mask=E"":12}"
    898048,         0,         0,    16.1,exact_mw,70a969f5042aec17ac076c6379f4170fb7c69b8e925756ef3b7334e28a33338b,"{""distance"":5,""physical_error_rate"":0.0001}","{""detection_events"":88005,""detectors_checked"":201162752}"
    366592,         2,         0,    16.3,exact_mw,bb90ec3459e353008cf9a5bb9142bf1e8515517a9e167021b225104594e48e8a,"{""distance"":5,""physical_error_rate"":0.001}","{""detection_events"":361328,""detectors_checked"":82116608,""obs_mistake_mask=E"":2}"
    877568,         0,         0,    16.3,exact_mw,cb12ae119b9b2ba18d0216e7235b403229e92fd0743ede48fe7f1a2c6f45d594,"{""distance"":5,""physical_error_rate"":0.0005}","{""detection_events"":433034,""detectors_checked"":196575232}"
    560128,         2,         0,    16.1,exact_mw,cb12ae119b9b2ba18d0216e7235b403229e92fd0743ede48fe7f1a2c6f45d594,"{""distance"":5,""physical_error_rate"":0.0005}","{""detection_events"":275076,""detectors_checked"":125468672,""obs_mistake_mask=E"":2}"
      1600,        13,         0,    12.0,exact_mw,72230d8c06b5a71069df48ede6f7f3e6128cd83e8239dd1b2e5fe023578b6eb1,"{""distance"":5,""physical_error_rate"":0.01}","{""detection_events"":14800,""detectors_checked"":358400,""obs_mistake_mask=E"":13}"
   1852416,         0,         0,    16.1,exact_mw,f32ebecd8e105e50ec838d33c5ed9b45444b6b44a3c6ac541111079f2b14e893,"{""distance"":5,""physical_error_rate"":5e-05}","{""detection_events"":92288,""detectors_checked"":414941184}"
    875520,         0,         0,    16.1,exact_mw,cdc4a450a40af8e24899239080e4c40992fb5baf91c5a31ab3a165eacb3a1ab3,"{""distance"":5,""physical_error_rate"":0.0002}","{""detection_events"":172852,""detectors_checked"":196116480}"
     51200,         1,         0,    16.4,exact_mw,3208f56225bbcac0e2804eb6f92d0a8b681652a702ca1ec920ccd7367f0e0899,"{""distance"":5,""physical_error_rate"":0.002}","{""detection_events"":99985,""detectors_checked"":11468800,""obs_mistake_mask=E"":1}"
   1017856,         0,         0,    16.2,exact_mw,cdc4a450a40af8e24899239080e4c40992fb5baf91c5a31ab3a165eacb3a1ab3,"{""distance"":5,""physical_error_rate"":0.0002}","{""detection_events"":200568,""detectors_checked"":227999744}"
      7168,         0,         0,    2.24,exact_mw,3208f56225bbcac0e2804eb6f92d0a8b681652a702ca1ec920ccd7367f0e0899,"{""distance"":5,""physical_error_rate"":0.002}","{""detection_events"":13977,""detectors_checked"":1605632}"
    700416,         0,         0,    16.2,exact_mw,cb12ae119b9b2ba18d0216e7235b403229e92fd0743ede48fe7f1a2c6f45d594,"{""distance"":5,""physical_error_rate"":0.0005}","{""detection_events"":343855,""detectors_checked"":156893184}"
    118784,         0,         0,    3.07,exact_mw,cb12ae119b9b2ba18d0216e7235b403229e92fd0743ede48fe7f1a2c6f45d594,"{""distance"":5,""physical_error_rate"":0.0005}","{""detection_events"":58035,""detectors_checked"":26607616}"
    647168,         0,         0,    16.2,exact_mw,cb12ae119b9b2ba18d0216e7235b403229e92fd0743ede48fe7f1a2c6f45d594,"{""distance"":5,""physical_error_rate"":0.0005}","{""detection_events"":320002,""detectors_checked"":144965632}"
   1079296,         0,         0,    16.2,exact_mw,70a969f5042aec17ac076c6379f4170fb7c69b8e925756ef3b7334e28a33338b,"{""distance"":5,""physical_error_rate"":0.0001}","{""detection_events"":106535,""detectors_checked"":241762304}"
   1081344,         0,         0,    16.2,exact_mw,cdc4a450a40af8e24899239080e4c40992fb5baf91c5a31ab3a165eacb3a1ab3,"{""distance"":5,""physical_error_rate"":0.0002}","{""detection_events"":214028,""detectors_checked"":242221056}"
     74752,         1,         0,    16.4,exact_mw,3208f56225bbcac0e2804eb6f92d0a8b681652a702ca1ec920ccd7367f0e0899,"{""distance"":5,""physical_error_rate"":0.002}","{""detection_events"":145066,""detectors_checked"":16744448,""obs_mistake_mask=E"":1}"
      1024,         1,         0,    2.41,exact_mw,38b7ae1c4e8407fc325e0d9e43e9f92ff26dcb3f5cf7b98d24ea74c9e5188d39,"{""distance"":5,""physical_error_rate"":0.005}","{""detection_events"":4860,""detectors_checked"":229376,""obs_mistake_mask=E"":1}"
    665600,         0,         0,    11.6,exact_mw,f32ebecd8e105e50ec838d33c5ed9b45444b6b44a3c6ac541111079f2b14e893,"{""distance"":5,""physical_error_rate"":5e-05}","{""detection_events"":32439,""detectors_checked"":149094400}"
    468992,         1,         0,    11.6,exact_mw,cb12ae119b9b2ba18d0216e7235b403229e92fd0743ede48fe7f1a2c6f45d594,"{""distance"":5,""physical_error_rate"":0.0005}","{""detection_events"":230048,""detectors_checked"":105054208,""obs_mistake_mask=E"":1}"
    203776,         0,         0,    4.28,exact_mw,cb12ae119b9b2ba18d0216e7235b403229e92fd0743ede48fe7f1a2c6f45d594,"{""distance"":5,""physical_error_rate"":0.0005}","{""detection_events"":101172,""detectors_checked"":45645824}"
     62464,         6,         0,    16.4,exact_mw,3208f56225bbcac0e2804eb6f92d0a8b681652a702ca1ec920ccd7367f0e0899,"{""distance"":5,""physical_error_rate"":0.002}","{""detection_events"":122661,""detectors_checked"":13991936,""obs_mistake_mask=E"":6}"
   1013760,         0,         0,    11.6,exact_mw,cdc4a450a40af8e24899239080e4c40992fb5baf91c5a31ab3a165eacb3a1ab3,"{""distance"":5,""physical_error_rate"":0.0002}","{""detection_events"":199341,""detectors_checked"":227082240}"
     51200,         3,         0,    16.6,exact_mw,3208f56225bbcac0e2804eb6f92d0a8b681652a702ca1ec920ccd7367f0e0899,"{""distance"":5,""physical_error_rate"":0.002}","{""detection_events"":99426,""detectors_checked"":11468800,""obs_mistake_mask=E"":3}"
     61440,         0,         0,    4.31,exact_mw,bb90ec3459e353008cf9a5bb9142bf1e8515517a9e167021b225104594e48e8a,"{""distance"":5,""physical_error_rate"":0.001}","{""detection_events"":61538,""detectors_checked"":13762560}"
    596992,         0,         0,    11.6,exact_mw,70a969f5042aec17ac076c6379f4170fb7c69b8e925756ef3b7334e28a33338b,"{""distance"":5,""physical_error_rate"":0.0001}","{""detection_events"":58678,""detectors_checked"":133726208}"
    185344,         0,         0,    11.7,exact_mw,bb90ec3459e353008cf9a5bb9142bf1e8515517a9e167021b225104594e48e8a,"{""distance"":5,""physical_error_rate"":0.001}","{""detection_events"":180089,""detectors_checked"":41517056}"
     20480,         1,         0,    4.42,exact_mw,3208f56225bbcac0e2804eb6f92d0a8b681652a702ca1ec920ccd7367f0e0899,"{""distance"":5,""physical_error_rate"":0.002}","{""detection_events"":39678,""detectors_checked"":4587520,""obs_mistake_mask=E"":1}"
    238592,         0,         0,    4.26,exact_mw,70a969f5042aec17ac076c6379f4170fb7c69b8e925756ef3b7334e28a33338b,"{""distance"":5,""physical_error_rate"":0.0001}","{""detection_events"":23343,""detectors_checked"":53444608}"
      5376,         7,         0,    12.2,exact_mw,38b7ae1c4e8407fc325e0d9e43e9f92ff26dcb3f5cf7b98d24ea74c9e5188d39,"{""distance"":5,""physical_error_rate"":0.005}","{""detection_events"":25719,""detectors_checked"":1204224,""obs_mistake_mask=E"":7}"
     58368,         2,         0,    4.29,exact_mw,bb90ec3459e353008cf9a5bb9142bf1e8515517a9e167021b225104594e48e8a,"{""distance"":5,""physical_error_rate"":0.001}","{""detection_events"":57038,""detectors_checked"":13074432,""obs_mistake_mask=E"":2}"
       384,         4,         0,    3.62,exact_mw,72230d8c06b5a71069df48ede6f7f3e6128cd83e8239dd1b2e5fe023578b6eb1,"{""distance"":5,""physical_error_rate"":0.01}","{""detection_events"":3517,""detectors_checked"":86016,""obs_mistake_mask=E"":4}"
      1152,        11,         0,    12.0,exact_mw,72230d8c06b5a71069df48ede6f7f3e6128cd83e8239dd1b2e5fe023578b6eb1,"{""distance"":5,""physical_error_rate"":0.01}","{""detection_events"":11001,""detectors_checked"":258048,""obs_mistake_mask=E"":11}"
    275456,         0,         0,    4.25,exact_mw,cdc4a450a40af8e24899239080e4c40992fb5baf91c5a31ab3a165eacb3a1ab3,"{""distance"":5,""physical_error_rate"":0.0002}","{""detection_events"":54809,""detectors_checked"":61702144}"
    266240,         2,         0,    16.3,exact_mw,bb90ec3459e353008cf9a5bb9142bf1e8515517a9e167021b225104594e48e8a,"{""distance"":5,""physical_error_rate"":0.001}","{""detection_events"":260769,""detectors_checked"":59637760,""obs_mistake_mask=E"":2}"
     63488,         1,         0,    16.4,exact_mw,3208f56225bbcac0e2804eb6f92d0a8b681652a702ca1ec920ccd7367f0e0899,"{""distance"":5,""physical_error_rate"":0.002}","{""detection_events"":124143,""detectors_checked"":14221312,""obs_mistake_mask=E"":1}"
      5632,         5,         0,    12.6,exact_mw,38b7ae1c4e8407fc325e0d9e43e9f92ff26dcb3f5cf7b98d24ea74c9e5188d39,"{""distance"":5,""physical_error_rate"":0.005}","{""detection_events"":27047,""detectors_checked"":1261568,""obs_mistake_mask=E"":5}"
    265216,         1,         0,    16.3,exact_mw,bb90ec3459e353008cf9a5bb9142bf1e8515517a9e167021b225104594e48e8a,"{""distance"":5,""physical_error_rate"":0.001}","{""detection_events"":260357,""detectors_checked"":59408384,""obs_mistake_mask=E"":1}"
   1075200,         0,         0,    16.2,exact_mw,f32ebecd8e105e50ec838d33c5ed9b45444b6b44a3c6ac541111079f2b14e893,"{""distance"":5,""physical_error_rate"":5e-05}","{""detection_events"":52931,""detectors_checked"":240844800}"
    257024,         0,         0,    16.3,exact_mw,bb90ec3459e353008cf9a5bb9142bf1e8515517a9e167021b225104594e48e8a,"{""distance"":5,""physical_error_rate"":0.001}","{""detection_events"":252541,""detectors_checked"":57573376}"
     70656,         2,         0,    16.5,exact_mw,3208f56225bbcac0e2804eb6f92d0a8b681652a702ca1ec920ccd7367f0e0899,"{""distance"":5,""physical_error_rate"":0.002}","{""detection_events"":138066,""detectors_checked"":15826944,""obs_mistake_mask=E"":2}"
     61440,         9,         0,    16.7,exact_mw,3208f56225bbcac0e2804eb6f92d0a8b681652a702ca1ec920ccd7367f0e0899,"{""distance"":5,""physical_error_rate"":0.002}","{""detection_events"":120461,""detectors_checked"":13762560,""obs_mistake_mask=E"":9}"
      6400,         9,         0,    12.0,exact_mw,38b7ae1c4e8407fc325e0d9e43e9f92ff26dcb3f5cf7b98d24ea74c9e5188d39,"{""distance"":5,""physical_error_rate"":0.005}","{""detection_events"":30871,""detectors_checked"":1433600,""obs_mistake_mask=E"":9}"
      6656,         7,         0,    16.4,exact_mw,38b7ae1c4e8407fc325e0d9e43e9f92ff26dcb3f5cf7b98d24ea74c9e5188d39,"{""distance"":5,""physical_error_rate"":0.005}","{""detection_events"":32569,""detectors_checked"":1490944,""obs_mistake_mask=E"":7}"
     51200,         5,         0,    16.6,exact_mw,3208f56225bbcac0e2804eb6f92d0a8b681652a702ca1ec920ccd7367f0e0899,"{""distance"":5,""physical_error_rate"":0.002}","{""detection_events"":100103,""detectors_checked"":11468800,""obs_mistake_mask=E"":5}"
     11264,         1,         0,    3.19,exact_mw,3208f56225bbcac0e2804eb6f92d0a8b681652a702ca1ec920ccd7367f0e0899,"{""distance"":5,""physical_error_rate"":0.002}","{""detection_events"":22544,""detectors_checked"":2523136,""obs_mistake_mask=E"":1}"
      1280,         3,         0,    3.08,exact_mw,38b7ae1c4e8407fc325e0d9e43e9f92ff26dcb3f5cf7b98d24ea74c9e5188d39,"{""distance"":5,""physical_error_rate"":0.005}","{""detection_events"":6160,""detectors_checked"":286720,""obs_mistake_mask=E"":3}"
      7936,         8,         0,    16.8,exact_mw,38b7ae1c4e8407fc325e0d9e43e9f92ff26dcb3f5cf7b98d24ea74c9e5188d39,"{""distance"":5,""physical_error_rate"":0.005}","{""detection_events"":38323,""detectors_checked"":1777664,""obs_mistake_mask=E"":8}"
     59392,         1,         0,    16.9,exact_mw,3208f56225bbcac0e2804eb6f92d0a8b681652a702ca1ec920ccd7367f0e0899,"{""distance"":5,""physical_error_rate"":0.002}","{""detection_events"":116254,""detectors_checked"":13303808,""obs_mistake_mask=E"":1}"
    327680,         0,         0,    5.97,exact_mw,f32ebecd8e105e50ec838d33c5ed9b45444b6b44a3c6ac541111079f2b14e893,"{""distance"":5,""physical_error_rate"":5e-05}","{""detection_events"":15959,""detectors_checked"":73400320}"
    147456,         0,         0,    4.20,exact_mw,cb12ae119b9b2ba18d0216e7235b403229e92fd0743ede48fe7f1a2c6f45d594,"{""distance"":5,""physical_error_rate"":0.0005}","{""detection_events"":72397,""detectors_checked"":33030144}"
    434176,         0,         0,    5.91,exact_mw,cdc4a450a40af8e24899239080e4c40992fb5baf91c5a31ab3a165eacb3a1ab3,"{""distance"":5,""physical_error_rate"":0.0002}","{""detection_events"":85871,""detectors_checked"":97255424}"
      7168,         8,         0,    16.9,exact_mw,38b7ae1c4e8407fc325e0d9e43e9f92ff26dcb3f5cf7b98d24ea74c9e5188d39,"{""distance"":5,""physical_error_rate"":0.005}","{""detection_events"":34943,""detectors_checked"":1605632,""obs_mistake_mask=E"":8}"
      2176,        10,         0,    16.7,exact_mw,72230d8c06b5a71069df48ede6f7f3e6128cd83e8239dd1b2e5fe023578b6eb1,"{""distance"":5,""physical_error_rate"":0.01}","{""detection_events"":20408,""detectors_checked"":487424,""obs_mistake_mask=E"":10}"
     55296,         5,         0,    16.6,exact_mw,3208f56225bbcac0e2804eb6f92d0a8b681652a702ca1ec920ccd7367f0e0899,"{""distance"":5,""physical_error_rate"":0.002}","{""detection_events"":107814,""detectors_checked"":12386304,""obs_mistake_mask=E"":5}"
     41984,         3,         0,    12.1,exact_mw,3208f56225bbcac0e2804eb6f92d0a8b681652a702ca1ec920ccd7367f0e0899,"{""distance"":5,""physical_error_rate"":0.002}","{""detection_events"":82243,""detectors_checked"":9404416,""obs_mistake_mask=E"":3}"
    328704,         0,         0,    5.89,exact_mw,70a969f5042aec17ac076c6379f4170fb7c69b8e925756ef3b7334e28a33338b,"{""distance"":5,""physical_error_rate"":0.0001}","{""detection_events"":33149,""detectors_checked"":73629696}"
    294912,         0,         0,    5.87,exact_mw,f32ebecd8e105e50ec838d33c5ed9b45444b6b44a3c6ac541111079f2b14e893,"{""distance"":5,""physical_error_rate"":5e-05}","{""detection_events"":14941,""detectors_checked"":66060288}"
      1344,         8,         0,    16.4,exact_mw,72230d8c06b5a71069df48ede6f7f3e6128cd83e8239dd1b2e5fe023578b6eb1,"{""distance"":5,""physical_error_rate"":0.01}","{""detection_events"":12650,""detectors_checked"":301056,""obs_mistake_mask=E"":8}"
       448,         2,         0,    4.58,exact_mw,72230d8c06b5a71069df48ede6f7f3e6128cd83e8239dd1b2e5fe023578b6eb1,"{""distance"":5,""physical_error_rate"":0.01}","{""detection_events"":4297,""detectors_checked"":100352,""obs_mistake_mask=E"":2}"
      6400,         8,         0,    16.7,exact_mw,38b7ae1c4e8407fc325e0d9e43e9f92ff26dcb3f5cf7b98d24ea74c9e5188d39,"{""distance"":5,""physical_error_rate"":0.005}","{""detection_events"":31166,""detectors_checked"":1433600,""obs_mistake_mask=E"":8}"
      1792,        11,         0,    16.5,exact_mw,72230d8c06b5a71069df48ede6f7f3e6128cd83e8239dd1b2e5fe023578b6eb1,"{""distance"":5,""physical_error_rate"":0.01}","{""detection_events"":17105,""detectors_checked"":401408,""obs_mistake_mask=E"":11}"
    257024,         0,         0,    5.89,exact_mw,cb12ae119b9b2ba18d0216e7235b403229e92fd0743ede48fe7f1a2c6f45d594,"{""distance"":5,""physical_error_rate"":0.0005}","{""detection_events"":125957,""detectors_checked"":57573376}"
     87040,         0,         0,    5.94,exact_mw,bb90ec3459e353008cf9a5bb9142bf1e8515517a9e167021b225104594e48e8a,"{""distance"":5,""physical_error_rate"":0.001}","{""detection_events"":85144,""detectors_checked"":19496960}"
      2944,        22,         0,    16.5,exact_mw,72230d8c06b5a71069df48ede6f7f3e6128cd83e8239dd1b2e5fe023578b6eb1,"{""distance"":5,""physical_error_rate"":0.01}","{""detection_events"":27309,""detectors_checked"":659456,""obs_mistake_mask=E"":22}"
      9728,        10,         0,    16.5,exact_mw,38b7ae1c4e8407fc325e0d9e43e9f92ff26dcb3f5cf7b98d24ea74c9e5188d39,"{""distance"":5,""physical_error_rate"":0.005}","{""detection_events"":46301,""detectors_checked"":2179072,""obs_mistake_mask=E"":10}"
     54272,         3,         0,    6.07,exact_mw,3208f56225bbcac0e2804eb6f92d0a8b681652a702ca1ec920ccd7367f0e0899,"{""distance"":5,""physical_error_rate"":0.002}","{""detection_events"":105871,""detectors_checked"":12156928,""obs_mistake_mask=E"":3}"
      5888,         1,         0,    16.7,exact_mw,38b7ae1c4e8407fc325e0d9e43e9f92ff26dcb3f5cf7b98d24ea74c9e5188d39,"{""distance"":5,""physical_error_rate"":0.005}","{""detection_events"":28568,""detectors_checked"":1318912,""obs_mistake_mask=E"":1}"
    332800,         0,         0,    5.94,exact_mw,70a969f5042aec17ac076c6379f4170fb7c69b8e925756ef3b7334e28a33338b,"{""distance"":5,""physical_error_rate"":0.0001}","{""detection_events"":32387,""detectors_checked"":74547200}"
     78848,         0,         0,    6.02,exact_mw,bb90ec3459e353008cf9a5bb9142bf1e8515517a9e167021b225104594e48e8a,"{""distance"":5,""physical_error_rate"":0.001}","{""detection_events"":77915,""detectors_checked"":17661952}"
     14336,         1,         0,    4.47,exact_mw,3208f56225bbcac0e2804eb6f92d0a8b681652a702ca1ec920ccd7367f0e0899,"{""distance"":5,""physical_error_rate"":0.002}","{""detection_events"":27736,""detectors_checked"":3211264,""obs_mistake_mask=E"":1}"
      7680,         8,         0,    16.5,exact_mw,38b7ae1c4e8407fc325e0d9e43e9f92ff26dcb3f5cf7b98d24ea74c9e5188d39,"{""distance"":5,""physical_error_rate"":0.005}","{""detection_events"":36615,""detectors_checked"":1720320,""obs_mistake_mask=E"":8}"
    328704,         0,         0,    5.92,exact_mw,cdc4a450a40af8e24899239080e4c40992fb5baf91c5a31ab3a165eacb3a1ab3,"{""distance"":5,""physical_error_rate"":0.0002}","{""detection_events"":64268,""detectors_checked"":73629696}"
      6400,         7,         0,    16.9,exact_mw,38b7ae1c4e8407fc325e0d9e43e9f92ff26dcb3f5cf7b98d24ea74c9e5188d39,"{""distance"":5,""physical_error_rate"":0.005}","{""detection_events"":30900,""detectors_checked"":1433600,""obs_mistake_mask=E"":7}"
   1022976,         0,         0,    16.2,exact_mw,70a969f5042aec17ac076c6379f4170fb7c69b8e925756ef3b7334e28a33338b,"{""distance"":5,""physical_error_rate"":0.0001}","{""detection_events"":100417,""detectors_checked"":229146624}"
      1536,         1,         0,    4.64,exact_mw,38b7ae1c4e8407fc325e0d9e43e9f92ff26dcb3f5cf7b98d24ea74c9e5188d39,"{""distance"":5,""physical_error_rate"":0.005}","{""detection_events"":7168,""detectors_checked"":344064,""obs_mistake_mask=E"":1}"
    706560,         1,         0,    16.3,exact_mw,cb12ae119b9b2ba18d0216e7235b403229e92fd0743ede48fe7f1a2c6f45d594,"{""distance"":5,""physical_error_rate"":0.0005}","{""detection_events"":347475,""detectors_checked"":158269440,""obs_mistake_mask=E"":1}"
      1728,        15,         0,    16.5,exact_mw,72230d8c06b5a71069df48ede6f7f3e6128cd83e8239dd1b2e5fe023578b6eb1,"{""distance"":5,""physical_error_rate"":0.01}","{""detection_events"":16244,""detectors_checked"":387072,""obs_mistake_mask=E"":15}"
    877568,         0,         0,    16.2,exact_mw,f32ebecd8e105e50ec838d33c5ed9b45444b6b44a3c6ac541111079f2b14e893,"{""distance"":5,""physical_error_rate"":5e-05}","{""detection_events"":43189,""detectors_checked"":196575232}"
   1039360,         0,         0,    16.2,exact_mw,f32ebecd8e105e50ec838d33c5ed9b45444b6b44a3c6ac541111079f2b14e893,"{""distance"":5,""physical_error_rate"":5e-05}","{""detection_events"":51003,""detectors_checked"":232816640}"
     10496,        10,         0,    16.6,exact_mw,38b7ae1c4e8407fc325e0d9e43e9f92ff26dcb3f5cf7b98d24ea74c9e5188d39,"{""distance"":5,""physical_error_rate"":0.005}","{""detection_events"":50719,""detectors_checked"":2351104,""obs_mistake_mask=E"":10}"
    267264,         4,         0,    16.3,exact_mw,bb90ec3459e353008cf9a5bb9142bf1e8515517a9e167021b225104594e48e8a,"{""distance"":5,""physical_error_rate"":0.001}","{""detection_events"":262797,""detectors_checked"":59867136,""obs_mistake_mask=E"":4}"
      1216,         7,         0,    12.2,exact_mw,72230d8c06b5a71069df48ede6f7f3e6128cd83e8239dd1b2e5fe023578b6eb1,"{""distance"":5,""physical_error_rate"":0.01}","{""detection_events"":11144,""detectors_checked"":272384,""obs_mistake_mask=E"":7}"
      1856,        15,         0,    16.5,exact_mw,72230d8c06b5a71069df48ede6f7f3e6128cd83e8239dd1b2e5fe023578b6eb1,"{""distance"":5,""physical_error_rate"":0.01}","{""detection_events"":17573,""detectors_checked"":415744,""obs_mistake_mask=E"":15}"
    992256,         0,         0,    16.3,exact_mw,cdc4a450a40af8e24899239080e4c40992fb5baf91c5a31ab3a165eacb3a1ab3,"{""distance"":5,""physical_error_rate"":0.0002}","{""detection_events"":195924,""detectors_checked"":222265344}"
    949248,         0,         0,    16.1,exact_mw,70a969f5042aec17ac076c6379f4170fb7c69b8e925756ef3b7334e28a33338b,"{""distance"":5,""physical_error_rate"":0.0001}","{""detection_events"":92891,""detectors_checked"":212631552}"
    970752,         0,         0,    16.3,exact_mw,cdc4a450a40af8e24899239080e4c40992fb5baf91c5a31ab3a165eacb3a1ab3,"{""distance"":5,""physical_error_rate"":0.0002}","{""detection_events"":190986,""detectors_checked"":217448448}"
   1303552,         0,         0,    16.3,exact_mw,f32ebecd8e105e50ec838d33c5ed9b45444b6b44a3c6ac541111079f2b14e893,"{""distance"":5,""physical_error_rate"":5e-05}","{""detection_events"":64396,""detectors_checked"":291995648}"
   1089536,         0,         0,    16.2,exact_mw,cdc4a450a40af8e24899239080e4c40992fb5baf91c5a31ab3a165eacb3a1ab3,"{""distance"":5,""physical_error_rate"":0.0002}","{""detection_events"":214886,""detectors_checked"":244056064}"
    266240,         1,         0,    16.3,exact_mw,bb90ec3459e353008cf9a5bb9142bf1e8515517a9e167021b225104594e48e8a,"{""distance"":5,""physical_error_rate"":0.001}","{""detection_events"":261409,""detectors_checked"":59637760,""obs_mistake_mask=E"":1}"
      5632,         4,         0,    16.8,exact_mw,38b7ae1c4e8407fc325e0d9e43e9f92ff26dcb3f5cf7b98d24ea74c9e5188d39,"{""distance"":5,""physical_error_rate"":0.005}","{""detection_events"":26879,""detectors_checked"":1261568,""obs_mistake_mask=E"":4}"
    550912,         0,         0,    16.1,exact_mw,cb12ae119b9b2ba18d0216e7235b403229e92fd0743ede48fe7f1a2c6f45d594,"{""distance"":5,""physical_error_rate"":0.0005}","{""detection_events"":271120,""detectors_checked"":123404288}"
   1303552,         0,         0,    16.3,exact_mw,f32ebecd8e105e50ec838d33c5ed9b45444b6b44a3c6ac541111079f2b14e893,"{""distance"":5,""physical_error_rate"":5e-05}","{""detection_events"":64918,""detectors_checked"":291995648}"
      2368,        16,         0,    17.2,exact_mw,72230d8c06b5a71069df48ede6f7f3e6128cd83e8239dd1b2e5fe023578b6eb1,"{""distance"":5,""physical_error_rate"":0.01}","{""detection_events"":22199,""detectors_checked"":530432,""obs_mistake_mask=E"":16}"
   1006592,         0,         0,    16.2,exact_mw,70a969f5042aec17ac076c6379f4170fb7c69b8e925756ef3b7334e28a33338b,"{""distance"":5,""physical_error_rate"":0.0001}","{""detection_events"":99136,""detectors_checked"":225476608}"
      1536,        13,         0,    12.0,exact_mw,72230d8c06b5a71069df48ede6f7f3e6128cd83e8239dd1b2e5fe023578b6eb1,"{""distance"":5,""physical_error_rate"":0.01}","{""detection_events"":14353,""detectors_checked"":344064,""obs_mistake_mask=E"":13}"
    877568,         0,         0,    16.1,exact_mw,70a969f5042aec17ac076c6379f4170fb7c69b8e925756ef3b7334e28a33338b,"{""distance"":5,""physical_error_rate"":0.0001}","{""detection_events"":87292,""detectors_checked"":196575232}"
    765952,         0,         0,    16.3,exact_mw,cb12ae119b9b2ba18d0216e7235b403229e92fd0743ede48fe7f1a2c6f45d594,"{""distance"":5,""physical_error_rate"":0.0005}","{""detection_events"":378632,""detectors_checked"":171573248}"
      4096,         4,         0,    11.9,exact_mw,38b7ae1c4e8407fc325e0d9e43e9f92ff26dcb3f5cf7b98d24ea74c9e5188d39,"{""distance"":5,""physical_error_rate"":0.005}","{""detection_events"":19872,""detectors_checked"":917504,""obs_mistake_mask=E"":4}"
      4352,         5,         0,    12.4,exact_mw,38b7ae1c4e8407fc325e0d9e43e9f92ff26dcb3f5cf7b98d24ea74c9e5188d39,"{""distance"":5,""physical_error_rate"":0.005}","{""detection_events"":21203,""detectors_checked"":974848,""obs_mistake_mask=E"":5}"
      1920,        17,         0,    16.9,exact_mw,72230d8c06b5a71069df48ede6f7f3e6128cd83e8239dd1b2e5fe023578b6eb1,"{""distance"":5,""physical_error_rate"":0.01}","{""detection_events"":17556,""detectors_checked"":430080,""obs_mistake_mask=E"":17}"
    266240,         0,         0,    5.90,exact_mw,cb12ae119b9b2ba18d0216e7235b403229e92fd0743ede48fe7f1a2c6f45d594,"{""distance"":5,""physical_error_rate"":0.0005}","{""detection_events"":131045,""detectors_checked"":59637760}"
      2112,        18,         0,    16.8,exact_mw,72230d8c06b5a71069df48ede6f7f3e6128cd83e8239dd1b2e5fe023578b6eb1,"{""distance"":5,""physical_error_rate"":0.01}","{""detection_events"":19815,""detectors_checked"":473088,""obs_mistake_mask=E"":18}"
    277504,         3,         0,    16.2,exact_mw,bb90ec3459e353008cf9a5bb9142bf1e8515517a9e167021b225104594e48e8a,"{""distance"":5,""physical_error_rate"":0.001}","{""detection_events"":272990,""detectors_checked"":62160896,""obs_mistake_mask=E"":3}"
      4224,        35,         0,    17.1,exact_mw,72230d8c06b5a71069df48ede6f7f3e6128cd83e8239dd1b2e5fe023578b6eb1,"{""distance"":5,""physical_error_rate"":0.01}","{""detection_events"":39872,""detectors_checked"":946176,""obs_mistake_mask=E"":35}"
       640,         4,         0,    6.03,exact_mw,72230d8c06b5a71069df48ede6f7f3e6128cd83e8239dd1b2e5fe023578b6eb1,"{""distance"":5,""physical_error_rate"":0.01}","{""detection_events"":6035,""detectors_checked"":143360,""obs_mistake_mask=E"":4}"
    460800,         0,         0,    8.16,exact_mw,f32ebecd8e105e50ec838d33c5ed9b45444b6b44a3c6ac541111079f2b14e893,"{""distance"":5,""physical_error_rate"":5e-05}","{""detection_events"":23135,""detectors_checked"":103219200}"
    621568,         0,         0,    8.23,exact_mw,cdc4a450a40af8e24899239080e4c40992fb5baf91c5a31ab3a165eacb3a1ab3,"{""distance"":5,""physical_error_rate"":0.0002}","{""detection_events"":121976,""detectors_checked"":139231232}"
    457728,         0,         0,    8.31,exact_mw,70a969f5042aec17ac076c6379f4170fb7c69b8e925756ef3b7334e28a33338b,"{""distance"":5,""physical_error_rate"":0.0001}","{""detection_events"":45442,""detectors_checked"":102531072}"
    576512,         0,         0,    8.28,exact_mw,f32ebecd8e105e50ec838d33c5ed9b45444b6b44a3c6ac541111079f2b14e893,"{""distance"":5,""physical_error_rate"":5e-05}","{""detection_events"":28920,""detectors_checked"":129138688}"
     53248,         2,         0,    16.6,exact_mw,3208f56225bbcac0e2804eb6f92d0a8b681652a702ca1ec920ccd7367f0e0899,"{""distance"":5,""physical_error_rate"":0.002}","{""detection_events"":104218,""detectors_checked"":11927552,""obs_mistake_mask=E"":2}"
     19456,         1,         0,    6.12,exact_mw,3208f56225bbcac0e2804eb6f92d0a8b681652a702ca1ec920ccd7367f0e0899,"{""distance"":5,""physical_error_rate"":0.002}","{""detection_events"":37492,""detectors_checked"":4358144,""obs_mistake_mask=E"":1}"
     49152,         2,         0,    16.5,exact_mw,3208f56225bbcac0e2804eb6f92d0a8b681652a702ca1ec920ccd7367f0e0899,"{""distance"":5,""physical_error_rate"":0.002}","{""detection_events"":95479,""detectors_checked"":11010048,""obs_mistake_mask=E"":2}"
     47104,         4,         0,    16.5,exact_mw,3208f56225bbcac0e2804eb6f92d0a8b681652a702ca1ec920ccd7367f0e0899,"{""distance"":5,""physical_error_rate"":0.002}","{""detection_events"":92081,""detectors_checked"":10551296,""obs_mistake_mask=E"":4}"
      2304,         2,         0,    6.51,exact_mw,38b7ae1c4e8407fc325e0d9e43e9f92ff26dcb3f5cf7b98d24ea74c9e5188d39,"{""distance"":5,""physical_error_rate"":0.005}","{""detection_events"":11256,""detectors_checked"":516096,""obs_mistake_mask=E"":2}"
    331776,         0,         0,    8.30,exact_mw,cb12ae119b9b2ba18d0216e7235b403229e92fd0743ede48fe7f1a2c6f45d594,"{""distance"":5,""physical_error_rate"":0.0005}","{""detection_events"":162555,""detectors_checked"":74317824}"
    128000,         0,         0,    8.32,exact_mw,bb90ec3459e353008cf9a5bb9142bf1e8515517a9e167021b225104594e48e8a,"{""distance"":5,""physical_error_rate"":0.001}","{""detection_events"":126434,""detectors_checked"":28672000}"
    530432,         0,         0,    8.21,exact_mw,70a969f5042aec17ac076c6379f4170fb7c69b8e925756ef3b7334e28a33338b,"{""distance"":5,""physical_error_rate"":0.0001}","{""detection_events"":52264,""detectors_checked"":118816768}"
     53248,         3,         0,    8.52,exact_mw,3208f56225bbcac0e2804eb6f92d0a8b681652a702ca1ec920ccd7367f0e0899,"{""distance"":5,""physical_error_rate"":0.002}","{""detection_events"":104001,""detectors_checked"":11927552,""obs_mistake_mask=E"":3}"
      1920,        10,         0,    16.5,exact_mw,72230d8c06b5a71069df48ede6f7f3e6128cd83e8239dd1b2e5fe023578b6eb1,"{""distance"":5,""physical_error_rate"":0.01}","{""detection_events"":18090,""detectors_checked"":430080,""obs_mistake_mask=E"":10}"
    124928,         1,         0,    8.34,exact_mw,bb90ec3459e353008cf9a5bb9142bf1e8515517a9e167021b225104594e48e8a,"{""distance"":5,""physical_error_rate"":0.001}","{""detection_events"":121661,""detectors_checked"":27983872,""obs_mistake_mask=E"":1}"
    420864,         0,         0,    8.30,exact_mw,cdc4a450a40af8e24899239080e4c40992fb5baf91c5a31ab3a165eacb3a1ab3,"{""distance"":5,""physical_error_rate"":0.0002}","{""detection_events"":81912,""detectors_checked"":94273536}"
      1664,        12,         0,    16.5,exact_mw,72230d8c06b5a71069df48ede6f7f3e6128cd83e8239dd1b2e5fe023578b6eb1,"{""distance"":5,""physical_error_rate"":0.01}","{""detection_events"":15783,""detectors_checked"":372736,""obs_mistake_mask=E"":12}"
   2414592,         0,         0,    22.8,exact_mw,cb12ae119b9b2ba18d0216e7235b403229e92fd0743ede48fe7f1a2c6f45d594,"{""distance"":5,""physical_error_rate"":0.0005}","{""detection_events"":1191037,""detectors_checked"":540868608}"
   1019904,         0,         0,    16.1,exact_mw,f32ebecd8e105e50ec838d33c5ed9b45444b6b44a3c6ac541111079f2b14e893,"{""distance"":5,""physical_error_rate"":5e-05}","{""detection_events"":49652,""detectors_checked"":228458496}"
    702464,         0,         0,    16.3,exact_mw,cb12ae119b9b2ba18d0216e7235b403229e92fd0743ede48fe7f1a2c6f45d594,"{""distance"":5,""physical_error_rate"":0.0005}","{""detection_events"":344458,""detectors_checked"":157351936}"
    955392,         0,         0,    16.2,exact_mw,cdc4a450a40af8e24899239080e4c40992fb5baf91c5a31ab3a165eacb3a1ab3,"{""distance"":5,""physical_error_rate"":0.0002}","{""detection_events"":186917,""detectors_checked"":214007808}"
    846848,         0,         0,    16.2,exact_mw,70a969f5042aec17ac076c6379f4170fb7c69b8e925756ef3b7334e28a33338b,"{""distance"":5,""physical_error_rate"":0.0001}","{""detection_events"":82727,""detectors_checked"":189693952}"
    241664,         0,         0,    16.3,exact_mw,bb90ec3459e353008cf9a5bb9142bf1e8515517a9e167021b225104594e48e8a,"{""distance"":5,""physical_error_rate"":0.001}","{""detection_events"":237715,""detectors_checked"":54132736}"
      1920,        20,         0,    16.5,exact_mw,72230d8c06b5a71069df48ede6f7f3e6128cd83e8239dd1b2e5fe023578b6eb1,"{""distance"":5,""physical_error_rate"":0.01}","{""detection_events"":18070,""detectors_checked"":430080,""obs_mistake_mask=E"":20}"
   4768768,         0,         0,    22.8,exact_mw,70a969f5042aec17ac076c6379f4170fb7c69b8e925756ef3b7334e28a33338b,"{""distance"":5,""physical_error_rate"":0.0001}","{""detection_events"":470946,""detectors_checked"":1068204032}"
      6656,         4,         0,    17.0,exact_mw,38b7ae1c4e8407fc325e0d9e43e9f92ff26dcb3f5cf7b98d24ea74c9e5188d39,"{""distance"":5,""physical_error_rate"":0.005}","{""detection_events"":32155,""detectors_checked"":1490944,""obs_mistake_mask=E"":4}"
    454656,         1,         0,    8.23,exact_mw,cb12ae119b9b2ba18d0216e7235b403229e92fd0743ede48fe7f1a2c6f45d594,"{""distance"":5,""physical_error_rate"":0.0005}","{""detection_events"":222884,""detectors_checked"":101842944,""obs_mistake_mask=E"":1}"
   1245184,         0,         0,    22.6,exact_mw,f32ebecd8e105e50ec838d33c5ed9b45444b6b44a3c6ac541111079f2b14e893,"{""distance"":5,""physical_error_rate"":5e-05}","{""detection_events"":61636,""detectors_checked"":278921216}"
    690176,         1,         0,    22.8,exact_mw,bb90ec3459e353008cf9a5bb9142bf1e8515517a9e167021b225104594e48e8a,"{""distance"":5,""physical_error_rate"":0.001}","{""detection_events"":674443,""detectors_checked"":154599424,""obs_mistake_mask=E"":1}"
      8192,         9,         0,    17.6,exact_mw,38b7ae1c4e8407fc325e0d9e43e9f92ff26dcb3f5cf7b98d24ea74c9e5188d39,"{""distance"":5,""physical_error_rate"":0.005}","{""detection_events"":39382,""detectors_checked"":1835008,""obs_mistake_mask=E"":9}"
    396288,         1,         0,    22.9,exact_mw,bb90ec3459e353008cf9a5bb9142bf1e8515517a9e167021b225104594e48e8a,"{""distance"":5,""physical_error_rate"":0.001}","{""detection_events"":388401,""detectors_checked"":88768512,""obs_mistake_mask=E"":1}"
   1807360,         0,         0,    22.8,exact_mw,70a969f5042aec17ac076c6379f4170fb7c69b8e925756ef3b7334e28a33338b,"{""distance"":5,""physical_error_rate"":0.0001}","{""detection_events"":180215,""detectors_checked"":404848640}"
   1141760,         0,         0,    22.6,exact_mw,cdc4a450a40af8e24899239080e4c40992fb5baf91c5a31ab3a165eacb3a1ab3,"{""distance"":5,""physical_error_rate"":0.0002}","{""detection_events"":224901,""detectors_checked"":255754240}"
   1323008,         0,         0,    22.6,exact_mw,70a969f5042aec17ac076c6379f4170fb7c69b8e925756ef3b7334e28a33338b,"{""distance"":5,""physical_error_rate"":0.0001}","{""detection_events"":130641,""detectors_checked"":296353792}"
   1362944,         0,         0,    22.7,exact_mw,70a969f5042aec17ac076c6379f4170fb7c69b8e925756ef3b7334e28a33338b,"{""distance"":5,""physical_error_rate"":0.0001}","{""detection_events"":133859,""detectors_checked"":305299456}"
      9728,         7,         0,    17.5,exact_mw,38b7ae1c4e8407fc325e0d9e43e9f92ff26dcb3f5cf7b98d24ea74c9e5188d39,"{""distance"":5,""physical_error_rate"":0.005}","{""detection_events"":46962,""detectors_checked"":2179072,""obs_mistake_mask=E"":7}"
   1565696,         0,         0,    22.8,exact_mw,cdc4a450a40af8e24899239080e4c40992fb5baf91c5a31ab3a165eacb3a1ab3,"{""distance"":5,""physical_error_rate"":0.0002}","{""detection_events"":309391,""detectors_checked"":350715904}"
   1309696,         0,         0,    22.7,exact_mw,f32ebecd8e105e50ec838d33c5ed9b45444b6b44a3c6ac541111079f2b14e893,"{""distance"":5,""physical_error_rate"":5e-05}","{""detection_events"":64403,""detectors_checked"":293371904}"
   4193280,         0,         0,    22.7,exact_mw,f32ebecd8e105e50ec838d33c5ed9b45444b6b44a3c6ac541111079f2b14e893,"{""distance"":5,""physical_error_rate"":5e-05}","{""detection_events"":206867,""detectors_checked"":939294720}"
   1168384,         0,         0,    22.7,exact_mw,70a969f5042aec17ac076c6379f4170fb7c69b8e925756ef3b7334e28a33338b,"{""distance"":5,""physical_error_rate"":0.0001}","{""detection_events"":115339,""detectors_checked"":261718016}"
   1488896,         1,         0,    22.7,exact_mw,cb12ae119b9b2ba18d0216e7235b403229e92fd0743ede48fe7f1a2c6f45d594,"{""distance"":5,""physical_error_rate"":0.0005}","{""detection_events"":733715,""detectors_checked"":333512704,""obs_mistake_mask=E"":1}"
   1823744,         0,         0,    22.8,exact_mw,cdc4a450a40af8e24899239080e4c40992fb5baf91c5a31ab3a165eacb3a1ab3,"{""distance"":5,""physical_error_rate"":0.0002}","{""detection_events"":358494,""detectors_checked"":408518656}"
   1253376,         0,         0,    22.7,exact_mw,cdc4a450a40af8e24899239080e4c40992fb5baf91c5a31ab3a165eacb3a1ab3,"{""distance"":5,""physical_error_rate"":0.0002}","{""detection_events"":247366,""detectors_checked"":280756224}"
   1469440,         0,         0,    22.7,exact_mw,f32ebecd8e105e50ec838d33c5ed9b45444b6b44a3c6ac541111079f2b14e893,"{""distance"":5,""physical_error_rate"":5e-05}","{""detection_events"":71480,""detectors_checked"":329154560}"
       960,        11,         0,    8.79,exact_mw,72230d8c06b5a71069df48ede6f7f3e6128cd83e8239dd1b2e5fe023578b6eb1,"{""distance"":5,""physical_error_rate"":0.01}","{""detection_events"":9359,""detectors_checked"":215040,""obs_mistake_mask=E"":11}"
    868352,         0,         0,    22.6,exact_mw,cb12ae119b9b2ba18d0216e7235b403229e92fd0743ede48fe7f1a2c6f45d594,"{""distance"":5,""physical_error_rate"":0.0005}","{""detection_events"":426520,""detectors_checked"":194510848}"
   1410048,         0,         0,    22.6,exact_mw,f32ebecd8e105e50ec838d33c5ed9b45444b6b44a3c6ac541111079f2b14e893,"{""distance"":5,""physical_error_rate"":5e-05}","{""detection_events"":69475,""detectors_checked"":315850752}"
    932864,         0,         0,    22.8,exact_mw,cb12ae119b9b2ba18d0216e7235b403229e92fd0743ede48fe7f1a2c6f45d594,"{""distance"":5,""physical_error_rate"":0.0005}","{""detection_events"":458275,""detectors_checked"":208961536}"
    994304,         0,         0,    22.7,exact_mw,cb12ae119b9b2ba18d0216e7235b403229e92fd0743ede48fe7f1a2c6f45d594,"{""distance"":5,""physical_error_rate"":0.0005}","{""detection_events"":489378,""detectors_checked"":222724096}"
   1242112,         0,         0,    22.9,exact_mw,70a969f5042aec17ac076c6379f4170fb7c69b8e925756ef3b7334e28a33338b,"{""distance"":5,""physical_error_rate"":0.0001}","{""detection_events"":123183,""detectors_checked"":278233088}"
   1035264,         0,         0,    22.7,exact_mw,cb12ae119b9b2ba18d0216e7235b403229e92fd0743ede48fe7f1a2c6f45d594,"{""distance"":5,""physical_error_rate"":0.0005}","{""detection_events"":508627,""detectors_checked"":231899136}"
     52224,         2,         0,    16.7,exact_mw,3208f56225bbcac0e2804eb6f92d0a8b681652a702ca1ec920ccd7367f0e0899,"{""distance"":5,""physical_error_rate"":0.002}","{""detection_events"":101356,""detectors_checked"":11698176,""obs_mistake_mask=E"":2}"
   1251328,         0,         0,    22.6,exact_mw,f32ebecd8e105e50ec838d33c5ed9b45444b6b44a3c6ac541111079f2b14e893,"{""distance"":5,""physical_error_rate"":5e-05}","{""detection_events"":61649,""detectors_checked"":280297472}"
    392192,         3,         0,    23.0,exact_mw,bb90ec3459e353008cf9a5bb9142bf1e8515517a9e167021b225104594e48e8a,"{""distance"":5,""physical_error_rate"":0.001}","{""detection_events"":384665,""detectors_checked"":87851008,""obs_mistake_mask=E"":3}"
   1795072,         0,         0,    22.7,exact_mw,f32ebecd8e105e50ec838d33c5ed9b45444b6b44a3c6ac541111079f2b14e893,"{""distance"":5,""physical_error_rate"":5e-05}","{""detection_events"":88481,""detectors_checked"":402096128}"
    489472,         2,         0,    22.9,exact_mw,bb90ec3459e353008cf9a5bb9142bf1e8515517a9e167021b225104594e48e8a,"{""distance"":5,""physical_error_rate"":0.001}","{""detection_events"":482257,""detectors_checked"":109641728,""obs_mistake_mask=E"":2}"
   1217536,         0,         0,    22.7,exact_mw,cdc4a450a40af8e24899239080e4c40992fb5baf91c5a31ab3a165eacb3a1ab3,"{""distance"":5,""physical_error_rate"":0.0002}","{""detection_events"":241511,""detectors_checked"":272728064}"
    343040,         2,         0,    22.8,exact_mw,bb90ec3459e353008cf9a5bb9142bf1e8515517a9e167021b225104594e48e8a,"{""distance"":5,""physical_error_rate"":0.001}","{""detection_events"":336762,""detectors_checked"":76840960,""obs_mistake_mask=E"":2}"
   1241088,         0,         0,    22.7,exact_mw,cdc4a450a40af8e24899239080e4c40992fb5baf91c5a31ab3a165eacb3a1ab3,"{""distance"":5,""physical_error_rate"":0.0002}","{""detection_events"":243736,""detectors_checked"":278003712}"
   1176576,         0,         0,    22.5,exact_mw,cdc4a450a40af8e24899239080e4c40992fb5baf91c5a31ab3a165eacb3a1ab3,"{""distance"":5,""physical_error_rate"":0.0002}","{""detection_events"":230648,""detectors_checked"":263553024}"
    388096,         3,         0,    22.9,exact_mw,bb90ec3459e353008cf9a5bb9142bf1e8515517a9e167021b225104594e48e8a,"{""distance"":5,""physical_error_rate"":0.001}","{""detection_events"":378666,""detectors_checked"":86933504,""obs_mistake_mask=E"":3}"
   1143808,         0,         0,    22.7,exact_mw,70a969f5042aec17ac076c6379f4170fb7c69b8e925756ef3b7334e28a33338b,"{""distance"":5,""physical_error_rate"":0.0001}","{""detection_events"":113867,""detectors_checked"":256212992}"
    419840,         3,         0,    22.8,exact_mw,bb90ec3459e353008cf9a5bb9142bf1e8515517a9e167021b225104594e48e8a,"{""distance"":5,""physical_error_rate"":0.001}","{""detection_events"":411523,""detectors_checked"":94044160,""obs_mistake_mask=E"":3}"
   1248256,         0,         0,    22.7,exact_mw,70a969f5042aec17ac076c6379f4170fb7c69b8e925756ef3b7334e28a33338b,"{""distance"":5,""physical_error_rate"":0.0001}","{""detection_events"":122981,""detectors_checked"":279609344}"
   1540096,         1,         0,    22.8,exact_mw,cb12ae119b9b2ba18d0216e7235b403229e92fd0743ede48fe7f1a2c6f45d594,"{""distance"":5,""physical_error_rate"":0.0005}","{""detection_events"":759833,""detectors_checked"":344981504,""obs_mistake_mask=E"":1}"
     27648,         4,         0,    8.78,exact_mw,3208f56225bbcac0e2804eb6f92d0a8b681652a702ca1ec920ccd7367f0e0899,"{""distance"":5,""physical_error_rate"":0.002}","{""detection_events"":54169,""detectors_checked"":6193152,""obs_mistake_mask=E"":4}"
    965632,         0,         0,    22.8,exact_mw,cb12ae119b9b2ba18d0216e7235b403229e92fd0743ede48fe7f1a2c6f45d594,"{""distance"":5,""physical_error_rate"":0.0005}","{""detection_events"":476314,""detectors_checked"":216301568}"
   1911808,         0,         0,    22.6,exact_mw,f32ebecd8e105e50ec838d33c5ed9b45444b6b44a3c6ac541111079f2b14e893,"{""distance"":5,""physical_error_rate"":5e-05}","{""detection_events"":94952,""detectors_checked"":428244992}"
   1165312,         0,         0,    22.7,exact_mw,cdc4a450a40af8e24899239080e4c40992fb5baf91c5a31ab3a165eacb3a1ab3,"{""distance"":5,""physical_error_rate"":0.0002}","{""detection_events"":229690,""detectors_checked"":261029888}"
   1134592,         0,         0,    22.8,exact_mw,cdc4a450a40af8e24899239080e4c40992fb5baf91c5a31ab3a165eacb3a1ab3,"{""distance"":5,""physical_error_rate"":0.0002}","{""detection_events"":222665,""detectors_checked"":254148608}"
     71680,         4,         0,    23.2,exact_mw,3208f56225bbcac0e2804eb6f92d0a8b681652a702ca1ec920ccd7367f0e0899,"{""distance"":5,""physical_error_rate"":0.002}","{""detection_events"":141260,""detectors_checked"":16056320,""obs_mistake_mask=E"":4}"
    919552,         0,         0,    22.7,exact_mw,cb12ae119b9b2ba18d0216e7235b403229e92fd0743ede48fe7f1a2c6f45d594,"{""distance"":5,""physical_error_rate"":0.0005}","{""detection_events"":453149,""detectors_checked"":205979648}"
   1018880,         2,         0,    22.6,exact_mw,cb12ae119b9b2ba18d0216e7235b403229e92fd0743ede48fe7f1a2c6f45d594,"{""distance"":5,""physical_error_rate"":0.0005}","{""detection_events"":501347,""detectors_checked"":228229120,""obs_mistake_mask=E"":2}"
   1189888,         0,         0,    22.7,exact_mw,70a969f5042aec17ac076c6379f4170fb7c69b8e925756ef3b7334e28a33338b,"{""distance"":5,""physical_error_rate"":0.0001}","{""detection_events"":116431,""detectors_checked"":266534912}"
   1293312,         0,         0,    22.6,exact_mw,cdc4a450a40af8e24899239080e4c40992fb5baf91c5a31ab3a165eacb3a1ab3,"{""distance"":5,""physical_error_rate"":0.0002}","{""detection_events"":254712,""detectors_checked"":289701888}"
      3072,         4,         0,    8.53,exact_mw,38b7ae1c4e8407fc325e0d9e43e9f92ff26dcb3f5cf7b98d24ea74c9e5188d39,"{""distance"":5,""physical_error_rate"":0.005}","{""detection_events"":14673,""detectors_checked"":688128,""obs_mistake_mask=E"":4}"
     68608,         2,         0,    23.1,exact_mw,3208f56225bbcac0e2804eb6f92d0a8b681652a702ca1ec920ccd7367f0e0899,"{""distance"":5,""physical_error_rate"":0.002}","{""detection_events"":133541,""detectors_checked"":15368192,""obs_mistake_mask=E"":2}"
     84992,         2,         0,    23.1,exact_mw,3208f56225bbcac0e2804eb6f92d0a8b681652a702ca1ec920ccd7367f0e0899,"{""distance"":5,""physical_error_rate"":0.002}","{""detection_events"":166088,""detectors_checked"":19038208,""obs_mistake_mask=E"":2}"
     69632,         5,         0,    23.0,exact_mw,3208f56225bbcac0e2804eb6f92d0a8b681652a702ca1ec920ccd7367f0e0899,"{""distance"":5,""physical_error_rate"":0.002}","{""detection_events"":135657,""detectors_checked"":15597568,""obs_mistake_mask=E"":5}"
    795648,         0,         0,    11.5,exact_mw,f32ebecd8e105e50ec838d33c5ed9b45444b6b44a3c6ac541111079f2b14e893,"{""distance"":5,""physical_error_rate"":5e-05}","{""detection_events"":38969,""detectors_checked"":178225152}"
    812032,         0,         0,    11.6,exact_mw,cdc4a450a40af8e24899239080e4c40992fb5baf91c5a31ab3a165eacb3a1ab3,"{""distance"":5,""physical_error_rate"":0.0002}","{""detection_events"":159687,""detectors_checked"":181895168}"
    363520,         0,         0,    22.8,exact_mw,bb90ec3459e353008cf9a5bb9142bf1e8515517a9e167021b225104594e48e8a,"{""distance"":5,""physical_error_rate"":0.001}","{""detection_events"":354764,""detectors_checked"":81428480}"
    124928,        11,         0,    23.0,exact_mw,3208f56225bbcac0e2804eb6f92d0a8b681652a702ca1ec920ccd7367f0e0899,"{""distance"":5,""physical_error_rate"":0.002}","{""detection_events"":243837,""detectors_checked"":27983872,""obs_mistake_mask=E"":11}"
   1587200,         0,         0,    22.6,exact_mw,f32ebecd8e105e50ec838d33c5ed9b45444b6b44a3c6ac541111079f2b14e893,"{""distance"":5,""physical_error_rate"":5e-05}","{""detection_events"":78113,""detectors_checked"":355532800}"
    393216,         2,         0,    22.8,exact_mw,bb90ec3459e353008cf9a5bb9142bf1e8515517a9e167021b225104594e48e8a,"{""distance"":5,""physical_error_rate"":0.001}","{""detection_events"":386830,""detectors_checked"":88080384,""obs_mistake_mask=E"":2}"
    355328,         1,         0,    22.9,exact_mw,bb90ec3459e353008cf9a5bb9142bf1e8515517a9e167021b225104594e48e8a,"{""distance"":5,""physical_error_rate"":0.001}","{""detection_events"":348709,""detectors_checked"":79593472,""obs_mistake_mask=E"":1}"
    652288,         0,         0,    11.6,exact_mw,70a969f5042aec17ac076c6379f4170fb7c69b8e925756ef3b7334e28a33338b,"{""distance"":5,""physical_error_rate"":0.0001}","{""detection_events"":63799,""detectors_checked"":146112512}"
    924672,         0,         0,    11.6,exact_mw,f32ebecd8e105e50ec838d33c5ed9b45444b6b44a3c6ac541111079f2b14e893,"{""distance"":5,""physical_error_rate"":5e-05}","{""detection_events"":46144,""detectors_checked"":207126528}"
     71680,         4,         0,    23.1,exact_mw,3208f56225bbcac0e2804eb6f92d0a8b681652a702ca1ec920ccd7367f0e0899,"{""distance"":5,""physical_error_rate"":0.002}","{""detection_events"":140078,""detectors_checked"":16056320,""obs_mistake_mask=E"":4}"
     97280,         2,         0,    23.2,exact_mw,3208f56225bbcac0e2804eb6f92d0a8b681652a702ca1ec920ccd7367f0e0899,"{""distance"":5,""physical_error_rate"":0.002}","{""detection_events"":190171,""detectors_checked"":21790720,""obs_mistake_mask=E"":2}"
      1792,        23,         0,    16.6,exact_mw,72230d8c06b5a71069df48ede6f7f3e6128cd83e8239dd1b2e5fe023578b6eb1,"{""distance"":5,""physical_error_rate"":0.01}","{""detection_events"":16972,""detectors_checked"":401408,""obs_mistake_mask=E"":23}"
      1856,        15,         0,    15.6,exact_mw,72230d8c06b5a71069df48ede6f7f3e6128cd83e8239dd1b2e5fe023578b6eb1,"{""distance"":5,""physical_error_rate"":0.01}","{""detection_events"":17436,""detectors_checked"":415744,""obs_mistake_mask=E"":15}"
       960,         5,         0,    9.48,exact_mw,72230d8c06b5a71069df48ede6f7f3e6128cd83e8239dd1b2e5fe023578b6eb1,"{""distance"":5,""physical_error_rate"":0.01}","{""detection_events"":9219,""detectors_checked"":215040,""obs_mistake_mask=E"":5}"
      1984,        19,         0,    15.2,exact_mw,72230d8c06b5a71069df48ede6f7f3e6128cd83e8239dd1b2e5fe023578b6eb1,"{""distance"":5,""physical_error_rate"":0.01}","{""detection_events"":18518,""detectors_checked"":444416,""obs_mistake_mask=E"":19}"
       512,         4,         0,    4.71,exact_mw,72230d8c06b5a71069df48ede6f7f3e6128cd83e8239dd1b2e5fe023578b6eb1,"{""distance"":5,""physical_error_rate"":0.01}","{""detection_events"":4908,""detectors_checked"":114688,""obs_mistake_mask=E"":4}"
      2304,        17,         0,    21.0,exact_mw,72230d8c06b5a71069df48ede6f7f3e6128cd83e8239dd1b2e5fe023578b6eb1,"{""distance"":5,""physical_error_rate"":0.01}","{""detection_events"":21748,""detectors_checked"":516096,""obs_mistake_mask=E"":17}"
      2176,        12,         0,    19.1,exact_mw,72230d8c06b5a71069df48ede6f7f3e6128cd83e8239dd1b2e5fe023578b6eb1,"{""distance"":5,""physical_error_rate"":0.01}","{""detection_events"":20521,""detectors_checked"":487424,""obs_mistake_mask=E"":12}"
      2176,        10,         0,    19.8,exact_mw,72230d8c06b5a71069df48ede6f7f3e6128cd83e8239dd1b2e5fe023578b6eb1,"{""distance"":5,""physical_error_rate"":0.01}","{""detection_events"":20251,""detectors_checked"":487424,""obs_mistake_mask=E"":10}"
      1984,        15,         0,    15.8,exact_mw,72230d8c06b5a71069df48ede6f7f3e6128cd83e8239dd1b2e5fe023578b6eb1,"{""distance"":5,""physical_error_rate"":0.01}","{""detection_events"":18708,""detectors_checked"":444416,""obs_mistake_mask=E"":15}"
     71680,         3,         0,    23.1,exact_mw,3208f56225bbcac0e2804eb6f92d0a8b681652a702ca1ec920ccd7367f0e0899,"{""distance"":5,""physical_error_rate"":0.002}","{""detection_events"":139497,""detectors_checked"":16056320,""obs_mistake_mask=E"":3}"
      1664,        12,         0,    15.4,exact_mw,72230d8c06b5a71069df48ede6f7f3e6128cd83e8239dd1b2e5fe023578b6eb1,"{""distance"":5,""physical_error_rate"":0.01}","{""detection_events"":15803,""detectors_checked"":372736,""obs_mistake_mask=E"":12}"
      1152,         6,         0,    9.97,exact_mw,72230d8c06b5a71069df48ede6f7f3e6128cd83e8239dd1b2e5fe023578b6eb1,"{""distance"":5,""physical_error_rate"":0.01}","{""detection_events"":10725,""detectors_checked"":258048,""obs_mistake_mask=E"":6}"
      1856,        19,         0,    16.8,exact_mw,72230d8c06b5a71069df48ede6f7f3e6128cd83e8239dd1b2e5fe023578b6eb1,"{""distance"":5,""physical_error_rate"":0.01}","{""detection_events"":17341,""detectors_checked"":415744,""obs_mistake_mask=E"":19}"
      2560,        23,         0,    13.7,exact_mw,72230d8c06b5a71069df48ede6f7f3e6128cd83e8239dd1b2e5fe023578b6eb1,"{""distance"":5,""physical_error_rate"":0.01}","{""detection_events"":23808,""detectors_checked"":573440,""obs_mistake_mask=E"":23}"
       832,         5,         0,    7.71,exact_mw,72230d8c06b5a71069df48ede6f7f3e6128cd83e8239dd1b2e5fe023578b6eb1,"{""distance"":5,""physical_error_rate"":0.01}","{""detection_events"":7888,""detectors_checked"":186368,""obs_mistake_mask=E"":5}"
      1920,        19,         0,    17.6,exact_mw,72230d8c06b5a71069df48ede6f7f3e6128cd83e8239dd1b2e5fe023578b6eb1,"{""distance"":5,""physical_error_rate"":0.01}","{""detection_events"":18430,""detectors_checked"":430080,""obs_mistake_mask=E"":19}"
        64,         0,         0,   0.546,exact_mw,72230d8c06b5a71069df48ede6f7f3e6128cd83e8239dd1b2e5fe023578b6eb1,"{""distance"":5,""physical_error_rate"":0.01}","{""detection_events"":616,""detectors_checked"":14336}"
      2944,        23,         0,    19.2,exact_mw,72230d8c06b5a71069df48ede6f7f3e6128cd83e8239dd1b2e5fe023578b6eb1,"{""distance"":5,""physical_error_rate"":0.01}","{""detection_events"":27122,""detectors_checked"":659456,""obs_mistake_mask=E"":23}"
     11264,         8,         0,    23.5,exact_mw,38b7ae1c4e8407fc325e0d9e43e9f92ff26dcb3f5cf7b98d24ea74c9e5188d39,"{""distance"":5,""physical_error_rate"":0.005}","{""detection_events"":53862,""detectors_checked"":2523136,""obs_mistake_mask=E"":8}"
    490496,         0,         0,    11.6,exact_mw,cb12ae119b9b2ba18d0216e7235b403229e92fd0743ede48fe7f1a2c6f45d594,"{""distance"":5,""physical_error_rate"":0.0005}","{""detection_events"":241626,""detectors_checked"":109871104}"
      6144,         4,         0,    16.5,exact_mw,38b7ae1c4e8407fc325e0d9e43e9f92ff26dcb3f5cf7b98d24ea74c9e5188d39,"{""distance"":5,""physical_error_rate"":0.005}","{""detection_events"":29283,""detectors_checked"":1376256,""obs_mistake_mask=E"":4}"
    184320,         1,         0,    11.6,exact_mw,bb90ec3459e353008cf9a5bb9142bf1e8515517a9e167021b225104594e48e8a,"{""distance"":5,""physical_error_rate"":0.001}","{""detection_events"":180018,""detectors_checked"":41287680,""obs_mistake_mask=E"":1}"
      6912,        10,         0,    17.2,exact_mw,38b7ae1c4e8407fc325e0d9e43e9f92ff26dcb3f5cf7b98d24ea74c9e5188d39,"{""distance"":5,""physical_error_rate"":0.005}","{""detection_events"":33024,""detectors_checked"":1548288,""obs_mistake_mask=E"":10}"
      8448,         3,         0,    23.3,exact_mw,38b7ae1c4e8407fc325e0d9e43e9f92ff26dcb3f5cf7b98d24ea74c9e5188d39,"{""distance"":5,""physical_error_rate"":0.005}","{""detection_events"":40959,""detectors_checked"":1892352,""obs_mistake_mask=E"":3}"
    784384,         0,         0,    11.5,exact_mw,70a969f5042aec17ac076c6379f4170fb7c69b8e925756ef3b7334e28a33338b,"{""distance"":5,""physical_error_rate"":0.0001}","{""detection_events"":77642,""detectors_checked"":175702016}"
     75776,         5,         0,    23.1,exact_mw,3208f56225bbcac0e2804eb6f92d0a8b681652a702ca1ec920ccd7367f0e0899,"{""distance"":5,""physical_error_rate"":0.002}","{""detection_events"":147931,""detectors_checked"":16973824,""obs_mistake_mask=E"":5}"
      8704,         4,         0,    23.1,exact_mw,38b7ae1c4e8407fc325e0d9e43e9f92ff26dcb3f5cf7b98d24ea74c9e5188d39,"{""distance"":5,""physical_error_rate"":0.005}","{""detection_events"":41405,""detectors_checked"":1949696,""obs_mistake_mask=E"":4}"
    176128,         2,         0,    11.7,exact_mw,bb90ec3459e353008cf9a5bb9142bf1e8515517a9e167021b225104594e48e8a,"{""distance"":5,""physical_error_rate"":0.001}","{""detection_events"":173176,""detectors_checked"":39452672,""obs_mistake_mask=E"":2}"
    665600,         0,         0,    11.5,exact_mw,cdc4a450a40af8e24899239080e4c40992fb5baf91c5a31ab3a165eacb3a1ab3,"{""distance"":5,""physical_error_rate"":0.0002}","{""detection_events"":131465,""detectors_checked"":149094400}"
     74752,         7,         0,    22.9,exact_mw,3208f56225bbcac0e2804eb6f92d0a8b681652a702ca1ec920ccd7367f0e0899,"{""distance"":5,""physical_error_rate"":0.002}","{""detection_events"":145051,""detectors_checked"":16744448,""obs_mistake_mask=E"":7}"
     51200,         4,         0,    12.0,exact_mw,3208f56225bbcac0e2804eb6f92d0a8b681652a702ca1ec920ccd7367f0e0899,"{""distance"":5,""physical_error_rate"":0.002}","{""detection_events"":100102,""detectors_checked"":11468800,""obs_mistake_mask=E"":4}"
     12672,         8,         0,    23.1,exact_mw,38b7ae1c4e8407fc325e0d9e43e9f92ff26dcb3f5cf7b98d24ea74c9e5188d39,"{""distance"":5,""physical_error_rate"":0.005}","{""detection_events"":61252,""detectors_checked"":2838528,""obs_mistake_mask=E"":8}"
         1,         0,         0,   0.000,exact_mw,f32ebecd8e105e50ec838d33c5ed9b45444b6b44a3c6ac541111079f2b14e893,"{""distance"":5,""physical_error_rate"":5e-05}","{""detectors_checked"":224}"
      2320,         0,         0,   0.028,exact_mw,f32ebecd8e105e50ec838d33c5ed9b45444b6b44a3c6ac541111079f2b14e893,"{""distance"":5,""physical_error_rate"":5e-05}","{""detection_events"":84,""detectors_checked"":519680}"
      3072,         0,         0,   0.029,exact_mw,f32ebecd8e105e50ec838d33c5ed9b45444b6b44a3c6ac541111079f2b14e893,"{""distance"":5,""physical_error_rate"":5e-05}","{""detection_events"":133,""detectors_checked"":688128}"
      3072,         0,         0,   0.027,exact_mw,f32ebecd8e105e50ec838d33c5ed9b45444b6b44a3c6ac541111079f2b14e893,"{""distance"":5,""physical_error_rate"":5e-05}","{""detection_events"":174,""detectors_checked"":688128}"
      3072,         0,         0,   0.030,exact_mw,f32ebecd8e105e50ec838d33c5ed9b45444b6b44a3c6ac541111079f2b14e893,"{""distance"":5,""physical_error_rate"":5e-05}","{""detection_events"":154,""detectors_checked"":688128}"
      5120,         0,         0,   0.060,exact_mw,f32ebecd8e105e50ec838d33c5ed9b45444b6b44a3c6ac541111079f2b14e893,"{""distance"":5,""physical_error_rate"":5e-05}","{""detection_events"":260,""detectors_checked"":1146880}"
      8192,         0,         0,   0.089,exact_mw,f32ebecd8e105e50ec838d33c5ed9b45444b6b44a3c6ac541111079f2b14e893,"{""distance"":5,""physical_error_rate"":5e-05}","{""detection_events"":413,""detectors_checked"":1835008}"
     10496,         7,         0,    23.1,exact_mw,38b7ae1c4e8407fc325e0d9e43e9f92ff26dcb3f5cf7b98d24ea74c9e5188d39,"{""distance"":5,""physical_error_rate"":0.005}","{""detection_events"":50636,""detectors_checked"":2351104,""obs_mistake_mask=E"":7}"
     10240,         0,         0,   0.131,exact_mw,f32ebecd8e105e50ec838d33c5ed9b45444b6b44a3c6ac541111079f2b14e893,"{""distance"":5,""physical_error_rate"":5e-05}","{""detection_events"":540,""detectors_checked"":2293760}"
    632832,         0,         0,    11.5,exact_mw,cb12ae119b9b2ba18d0216e7235b403229e92fd0743ede48fe7f1a2c6f45d594,"{""distance"":5,""physical_error_rate"":0.0005}","{""detection_events"":309702,""detectors_checked"":141754368}"
      7168,         0,         0,   0.147,exact_mw,f32ebecd8e105e50ec838d33c5ed9b45444b6b44a3c6ac541111079f2b14e893,"{""distance"":5,""physical_error_rate"":5e-05}","{""detection_events"":427,""detectors_checked"":1605632}"
      9216,        12,         0,    23.3,exact_mw,38b7ae1c4e8407fc325e0d9e43e9f92ff26dcb3f5cf7b98d24ea74c9e5188d39,"{""distance"":5,""physical_error_rate"":0.005}","{""detection_events"":43545,""detectors_checked"":2064384,""obs_mistake_mask=E"":12}"
     16384,         0,         0,   0.223,exact_mw,f32ebecd8e105e50ec838d33c5ed9b45444b6b44a3c6ac541111079f2b14e893,"{""distance"":5,""physical_error_rate"":5e-05}","{""detection_events"":742,""detectors_checked"":3670016}"
      9216,        12,         0,    23.2,exact_mw,38b7ae1c4e8407fc325e0d9e43e9f92ff26dcb3f5cf7b98d24ea74c9e5188d39,"{""distance"":5,""physical_error_rate"":0.005}","{""detection_events"":44081,""detectors_checked"":2064384,""obs_mistake_mask=E"":12}"
     25600,         0,         0,   0.305,exact_mw,f32ebecd8e105e50ec838d33c5ed9b45444b6b44a3c6ac541111079f2b14e893,"{""distance"":5,""physical_error_rate"":5e-05}","{""detection_events"":1349,""detectors_checked"":5734400}"
      9472,        11,         0,    22.9,exact_mw,38b7ae1c4e8407fc325e0d9e43e9f92ff26dcb3f5cf7b98d24ea74c9e5188d39,"{""distance"":5,""physical_error_rate"":0.005}","{""detection_events"":45263,""detectors_checked"":2121728,""obs_mistake_mask=E"":11}"
   1241088,         0,         0,    22.6,exact_mw,70a969f5042aec17ac076c6379f4170fb7c69b8e925756ef3b7334e28a33338b,"{""distance"":5,""physical_error_rate"":0.0001}","{""detection_events"":122086,""detectors_checked"":278003712}"
   1374208,         0,         0,    22.7,exact_mw,cb12ae119b9b2ba18d0216e7235b403229e92fd0743ede48fe7f1a2c6f45d594,"{""distance"":5,""physical_error_rate"":0.0005}","{""detection_events"":678723,""detectors_checked"":307822592}"
   1520640,         0,         0,    22.6,exact_mw,f32ebecd8e105e50ec838d33c5ed9b45444b6b44a3c6ac541111079f2b14e893,"{""distance"":5,""physical_error_rate"":5e-05}","{""detection_events"":75236,""detectors_checked"":340623360}"
     35840,         0,         0,   0.397,exact_mw,f32ebecd8e105e50ec838d33c5ed9b45444b6b44a3c6ac541111079f2b14e893,"{""distance"":5,""physical_error_rate"":5e-05}","{""detection_events"":1793,""detectors_checked"":8028160}"
         1,         0,         0,   0.000,exact_mw,cb12ae119b9b2ba18d0216e7235b403229e92fd0743ede48fe7f1a2c6f45d594,"{""distance"":5,""physical_error_rate"":0.0005}","{""detectors_checked"":224}"
   1324032,         0,         0,    22.6,exact_mw,f32ebecd8e105e50ec838d33c5ed9b45444b6b44a3c6ac541111079f2b14e893,"{""distance"":5,""physical_error_rate"":5e-05}","{""detection_events"":65567,""detectors_checked"":296583168}"
      1296,         0,         0,   0.027,exact_mw,cb12ae119b9b2ba18d0216e7235b403229e92fd0743ede48fe7f1a2c6f45d594,"{""distance"":5,""physical_error_rate"":0.0005}","{""detection_events"":626,""detectors_checked"":290304}"
        17,         0,         0,   0.026,exact_mw,38b7ae1c4e8407fc325e0d9e43e9f92ff26dcb3f5cf7b98d24ea74c9e5188d39,"{""distance"":5,""physical_error_rate"":0.005}","{""detection_events"":60,""detectors_checked"":3808}"
      1024,         0,         0,   0.026,exact_mw,cb12ae119b9b2ba18d0216e7235b403229e92fd0743ede48fe7f1a2c6f45d594,"{""distance"":5,""physical_error_rate"":0.0005}","{""detection_events"":505,""detectors_checked"":229376}"
      2048,         0,         0,   0.047,exact_mw,cb12ae119b9b2ba18d0216e7235b403229e92fd0743ede48fe7f1a2c6f45d594,"{""distance"":5,""physical_error_rate"":0.0005}","{""detection_events"":1041,""detectors_checked"":458752}"
      3072,         0,         0,   0.051,exact_mw,cb12ae119b9b2ba18d0216e7235b403229e92fd0743ede48fe7f1a2c6f45d594,"{""distance"":5,""physical_error_rate"":0.0005}","{""detection_events"":1447,""detectors_checked"":688128}"
    342016,         2,         0,    22.8,exact_mw,bb90ec3459e353008cf9a5bb9142bf1e8515517a9e167021b225104594e48e8a,"{""distance"":5,""physical_error_rate"":0.001}","{""detection_events"":336295,""detectors_checked"":76611584,""obs_mistake_mask=E"":2}"
      4096,         0,         0,   0.075,exact_mw,cb12ae119b9b2ba18d0216e7235b403229e92fd0743ede48fe7f1a2c6f45d594,"{""distance"":5,""physical_error_rate"":0.0005}","{""detection_events"":2003,""detectors_checked"":917504}"
      4096,         0,         0,   0.076,exact_mw,cb12ae119b9b2ba18d0216e7235b403229e92fd0743ede48fe7f1a2c6f45d594,"{""distance"":5,""physical_error_rate"":0.0005}","{""detection_events"":2099,""detectors_checked"":917504}"
       273,         0,         0,   0.088,exact_mw,3208f56225bbcac0e2804eb6f92d0a8b681652a702ca1ec920ccd7367f0e0899,"{""distance"":5,""physical_error_rate"":0.002}","{""detection_events"":538,""detectors_checked"":61152}"
      1297,         0,         0,   0.025,exact_mw,70a969f5042aec17ac076c6379f4170fb7c69b8e925756ef3b7334e28a33338b,"{""distance"":5,""physical_error_rate"":0.0001}","{""detection_events"":139,""detectors_checked"":290528}"
       273,         0,         0,   0.022,exact_mw,bb90ec3459e353008cf9a5bb9142bf1e8515517a9e167021b225104594e48e8a,"{""distance"":5,""physical_error_rate"":0.001}","{""detection_events"":242,""detectors_checked"":61152}"
      5120,         0,         0,   0.104,exact_mw,cb12ae119b9b2ba18d0216e7235b403229e92fd0743ede48fe7f1a2c6f45d594,"{""distance"":5,""physical_error_rate"":0.0005}","{""detection_events"":2417,""detectors_checked"":1146880}"
      1024,         0,         0,   0.023,exact_mw,70a969f5042aec17ac076c6379f4170fb7c69b8e925756ef3b7334e28a33338b,"{""distance"":5,""physical_error_rate"":0.0001}","{""detection_events"":121,""detectors_checked"":229376}"
      1024,         0,         0,   0.029,exact_mw,bb90ec3459e353008cf9a5bb9142bf1e8515517a9e167021b225104594e48e8a,"{""distance"":5,""physical_error_rate"":0.001}","{""detection_events"":1026,""detectors_checked"":229376}"
      2048,         0,         0,   0.026,exact_mw,70a969f5042aec17ac076c6379f4170fb7c69b8e925756ef3b7334e28a33338b,"{""distance"":5,""physical_error_rate"":0.0001}","{""detection_events"":200,""detectors_checked"":458752}"
      1024,         0,         0,   0.046,exact_mw,bb90ec3459e353008cf9a5bb9142bf1e8515517a9e167021b225104594e48e8a,"{""distance"":5,""physical_error_rate"":0.001}","{""detection_events"":1003,""detectors_checked"":229376}"
     47104,         0,         0,   0.588,exact_mw,f32ebecd8e105e50ec838d33c5ed9b45444b6b44a3c6ac541111079f2b14e893,"{""distance"":5,""physical_error_rate"":5e-05}","{""detection_events"":2379,""detectors_checked"":10551296}"
       256,         0,         0,   0.477,exact_mw,38b7ae1c4e8407fc325e0d9e43e9f92ff26dcb3f5cf7b98d24ea74c9e5188d39,"{""distance"":5,""physical_error_rate"":0.005}","{""detection_events"":1175,""detectors_checked"":57344}"
      3072,         0,         0,   0.049,exact_mw,70a969f5042aec17ac076c6379f4170fb7c69b8e925756ef3b7334e28a33338b,"{""distance"":5,""physical_error_rate"":0.0001}","{""detection_events"":290,""detectors_checked"":688128}"
      1024,         0,         0,   0.028,exact_mw,bb90ec3459e353008cf9a5bb9142bf1e8515517a9e167021b225104594e48e8a,"{""distance"":5,""physical_error_rate"":0.001}","{""detection_events"":962,""detectors_checked"":229376}"
   1209344,         1,         0,    22.4,exact_mw,cdc4a450a40af8e24899239080e4c40992fb5baf91c5a31ab3a165eacb3a1ab3,"{""distance"":5,""physical_error_rate"":0.0002}","{""detection_events"":239287,""detectors_checked"":270893056,""obs_mistake_mask=E"":1}"
      3072,         0,         0,   0.049,exact_mw,70a969f5042aec17ac076c6379f4170fb7c69b8e925756ef3b7334e28a33338b,"{""distance"":5,""physical_error_rate"":0.0001}","{""detection_events"":329,""detectors_checked"":688128}"
      1024,         0,         0,   0.046,exact_mw,bb90ec3459e353008cf9a5bb9142bf1e8515517a9e167021b225104594e48e8a,"{""distance"":5,""physical_error_rate"":0.001}","{""detection_events"":958,""detectors_checked"":229376}"
      7168,         0,         0,   0.148,exact_mw,cb12ae119b9b2ba18d0216e7235b403229e92fd0743ede48fe7f1a2c6f45d594,"{""distance"":5,""physical_error_rate"":0.0005}","{""detection_events"":3619,""detectors_checked"":1605632}"
     12288,        18,         0,    23.3,exact_mw,38b7ae1c4e8407fc325e0d9e43e9f92ff26dcb3f5cf7b98d24ea74c9e5188d39,"{""distance"":5,""physical_error_rate"":0.005}","{""detection_events"":59017,""detectors_checked"":2752512,""obs_mistake_mask=E"":18}"
      1297,         0,         0,   0.029,exact_mw,70a969f5042aec17ac076c6379f4170fb7c69b8e925756ef3b7334e28a33338b,"{""distance"":5,""physical_error_rate"":0.0001}","{""detection_events"":113,""detectors_checked"":290528}"
   1232896,         0,         0,    22.6,exact_mw,70a969f5042aec17ac076c6379f4170fb7c69b8e925756ef3b7334e28a33338b,"{""distance"":5,""physical_error_rate"":0.0001}","{""detection_events"":120159,""detectors_checked"":276168704}"
      1024,         0,         0,   0.028,exact_mw,70a969f5042aec17ac076c6379f4170fb7c69b8e925756ef3b7334e28a33338b,"{""distance"":5,""physical_error_rate"":0.0001}","{""detection_events"":100,""detectors_checked"":229376}"
      5120,         0,         0,   0.071,exact_mw,70a969f5042aec17ac076c6379f4170fb7c69b8e925756ef3b7334e28a33338b,"{""distance"":5,""physical_error_rate"":0.0001}","{""detection_events"":493,""detectors_checked"":1146880}"
      2048,         0,         0,   0.034,exact_mw,70a969f5042aec17ac076c6379f4170fb7c69b8e925756ef3b7334e28a33338b,"{""distance"":5,""physical_error_rate"":0.0001}","{""detection_events"":177,""detectors_checked"":458752}"
       273,         0,         0,   0.053,exact_mw,3208f56225bbcac0e2804eb6f92d0a8b681652a702ca1ec920ccd7367f0e0899,"{""distance"":5,""physical_error_rate"":0.002}","{""detection_events"":476,""detectors_checked"":61152}"
      2048,         0,         0,   0.105,exact_mw,bb90ec3459e353008cf9a5bb9142bf1e8515517a9e167021b225104594e48e8a,"{""distance"":5,""physical_error_rate"":0.001}","{""detection_events"":2025,""detectors_checked"":458752}"
      1024,         0,         0,   0.028,exact_mw,70a969f5042aec17ac076c6379f4170fb7c69b8e925756ef3b7334e28a33338b,"{""distance"":5,""physical_error_rate"":0.0001}","{""detection_events"":79,""detectors_checked"":229376}"
   1837056,         0,         0,    22.7,exact_mw,cdc4a450a40af8e24899239080e4c40992fb5baf91c5a31ab3a165eacb3a1ab3,"{""distance"":5,""physical_error_rate"":0.0002}","{""detection_events"":360447,""detectors_checked"":411500544}"
      5120,         0,         0,   0.076,exact_mw,70a969f5042aec17ac076c6379f4170fb7c69b8e925756ef3b7334e28a33338b,"{""distance"":5,""physical_error_rate"":0.0001}","{""detection_events"":520,""detectors_checked"":1146880}"
        17,         0,         0,   0.025,exact_mw,38b7ae1c4e8407fc325e0d9e43e9f92ff26dcb3f5cf7b98d24ea74c9e5188d39,"{""distance"":5,""physical_error_rate"":0.005}","{""detection_events"":82,""detectors_checked"":3808}"
   1697792,         0,         0,    22.5,exact_mw,f32ebecd8e105e50ec838d33c5ed9b45444b6b44a3c6ac541111079f2b14e893,"{""distance"":5,""physical_error_rate"":5e-05}","{""detection_events"":83359,""detectors_checked"":380305408}"
   1373184,         0,         0,    22.6,exact_mw,cdc4a450a40af8e24899239080e4c40992fb5baf91c5a31ab3a165eacb3a1ab3,"{""distance"":5,""physical_error_rate"":0.0002}","{""detection_events"":270667,""detectors_checked"":307593216}"
      1024,         0,         0,   0.334,exact_mw,3208f56225bbcac0e2804eb6f92d0a8b681652a702ca1ec920ccd7367f0e0899,"{""distance"":5,""physical_error_rate"":0.002}","{""detection_events"":2029,""detectors_checked"":229376}"
      3072,         0,         0,   0.060,exact_mw,70a969f5042aec17ac076c6379f4170fb7c69b8e925756ef3b7334e28a33338b,"{""distance"":5,""physical_error_rate"":0.0001}","{""detection_events"":275,""detectors_checked"":688128}"
      2048,         0,         0,   0.098,exact_mw,bb90ec3459e353008cf9a5bb9142bf1e8515517a9e167021b225104594e48e8a,"{""distance"":5,""physical_error_rate"":0.001}","{""detection_events"":1851,""detectors_checked"":458752}"
    384000,         2,         0,    22.7,exact_mw,bb90ec3459e353008cf9a5bb9142bf1e8515517a9e167021b225104594e48e8a,"{""distance"":5,""physical_error_rate"":0.001}","{""detection_events"":375525,""detectors_checked"":86016000,""obs_mistake_mask=E"":2}"
      3072,         0,         0,   0.060,exact_mw,70a969f5042aec17ac076c6379f4170fb7c69b8e925756ef3b7334e28a33338b,"{""distance"":5,""physical_error_rate"":0.0001}","{""detection_events"":285,""detectors_checked"":688128}"
     10240,         0,         0,   0.227,exact_mw,cb12ae119b9b2ba18d0216e7235b403229e92fd0743ede48fe7f1a2c6f45d594,"{""distance"":5,""physical_error_rate"":0.0005}","{""detection_events"":5031,""detectors_checked"":2293760}"
       273,         0,         0,   0.024,exact_mw,bb90ec3459e353008cf9a5bb9142bf1e8515517a9e167021b225104594e48e8a,"{""distance"":5,""physical_error_rate"":0.001}","{""detection_events"":290,""detectors_checked"":61152}"
      7168,         0,         0,   0.123,exact_mw,70a969f5042aec17ac076c6379f4170fb7c69b8e925756ef3b7334e28a33338b,"{""distance"":5,""physical_error_rate"":0.0001}","{""detection_events"":710,""detectors_checked"":1605632}"
      1024,         0,         0,   0.029,exact_mw,bb90ec3459e353008cf9a5bb9142bf1e8515517a9e167021b225104594e48e8a,"{""distance"":5,""physical_error_rate"":0.001}","{""detection_events"":908,""detectors_checked"":229376}"
      5120,         0,         0,   0.091,exact_mw,70a969f5042aec17ac076c6379f4170fb7c69b8e925756ef3b7334e28a33338b,"{""distance"":5,""physical_error_rate"":0.0001}","{""detection_events"":530,""detectors_checked"":1146880}"
      2048,         0,         0,   0.128,exact_mw,bb90ec3459e353008cf9a5bb9142bf1e8515517a9e167021b225104594e48e8a,"{""distance"":5,""physical_error_rate"":0.001}","{""detection_events"":2136,""detectors_checked"":458752}"
      1024,         0,         0,   0.228,exact_mw,3208f56225bbcac0e2804eb6f92d0a8b681652a702ca1ec920ccd7367f0e0899,"{""distance"":5,""physical_error_rate"":0.002}","{""detection_events"":2005,""detectors_checked"":229376}"
      1024,         0,         0,   0.071,exact_mw,bb90ec3459e353008cf9a5bb9142bf1e8515517a9e167021b225104594e48e8a,"{""distance"":5,""physical_error_rate"":0.001}","{""detection_events"":1115,""detectors_checked"":229376}"
   1064960,         1,         0,    22.5,exact_mw,cb12ae119b9b2ba18d0216e7235b403229e92fd0743ede48fe7f1a2c6f45d594,"{""distance"":5,""physical_error_rate"":0.0005}","{""detection_events"":523541,""detectors_checked"":238551040,""obs_mistake_mask=E"":1}"
      8704,        10,         0,    23.0,exact_mw,38b7ae1c4e8407fc325e0d9e43e9f92ff26dcb3f5cf7b98d24ea74c9e5188d39,"{""distance"":5,""physical_error_rate"":0.005}","{""detection_events"":41996,""detectors_checked"":1949696,""obs_mistake_mask=E"":10}"
      1024,         0,         0,   0.053,exact_mw,bb90ec3459e353008cf9a5bb9142bf1e8515517a9e167021b225104594e48e8a,"{""distance"":5,""physical_error_rate"":0.001}","{""detection_events"":1026,""detectors_checked"":229376}"
     10240,         0,         0,   0.151,exact_mw,70a969f5042aec17ac076c6379f4170fb7c69b8e925756ef3b7334e28a33338b,"{""distance"":5,""physical_error_rate"":0.0001}","{""detection_events"":936,""detectors_checked"":2293760}"
      6144,         0,         0,   0.118,exact_mw,70a969f5042aec17ac076c6379f4170fb7c69b8e925756ef3b7334e28a33338b,"{""distance"":5,""physical_error_rate"":0.0001}","{""detection_events"":550,""detectors_checked"":1376256}"
      1024,         0,         0,   0.049,exact_mw,bb90ec3459e353008cf9a5bb9142bf1e8515517a9e167021b225104594e48e8a,"{""distance"":5,""physical_error_rate"":0.001}","{""detection_events"":1074,""detectors_checked"":229376}"
      3072,         0,         0,   0.174,exact_mw,bb90ec3459e353008cf9a5bb9142bf1e8515517a9e167021b225104594e48e8a,"{""distance"":5,""physical_error_rate"":0.001}","{""detection_events"":3087,""detectors_checked"":688128}"
      1024,         0,         0,   0.361,exact_mw,3208f56225bbcac0e2804eb6f92d0a8b681652a702ca1ec920ccd7367f0e0899,"{""distance"":5,""physical_error_rate"":0.002}","{""detection_events"":1913,""detectors_checked"":229376}"
      1024,         0,         0,   0.201,exact_mw,3208f56225bbcac0e2804eb6f92d0a8b681652a702ca1ec920ccd7367f0e0899,"{""distance"":5,""physical_error_rate"":0.002}","{""detection_events"":2054,""detectors_checked"":229376}"
     15360,         0,         0,   0.280,exact_mw,cb12ae119b9b2ba18d0216e7235b403229e92fd0743ede48fe7f1a2c6f45d594,"{""distance"":5,""physical_error_rate"":0.0005}","{""detection_events"":7661,""detectors_checked"":3440640}"
      1024,         0,         0,   0.099,exact_mw,bb90ec3459e353008cf9a5bb9142bf1e8515517a9e167021b225104594e48e8a,"{""distance"":5,""physical_error_rate"":0.001}","{""detection_events"":1148,""detectors_checked"":229376}"
      1297,         0,         0,   0.029,exact_mw,cdc4a450a40af8e24899239080e4c40992fb5baf91c5a31ab3a165eacb3a1ab3,"{""distance"":5,""physical_error_rate"":0.0002}","{""detection_events"":255,""detectors_checked"":290528}"
      8192,         0,         0,   0.151,exact_mw,70a969f5042aec17ac076c6379f4170fb7c69b8e925756ef3b7334e28a33338b,"{""distance"":5,""physical_error_rate"":0.0001}","{""detection_events"":808,""detectors_checked"":1835008}"
      1297,         0,         0,   0.030,exact_mw,cdc4a450a40af8e24899239080e4c40992fb5baf91c5a31ab3a165eacb3a1ab3,"{""distance"":5,""physical_error_rate"":0.0002}","{""detection_events"":242,""detectors_checked"":290528}"
      1024,         0,         0,   0.029,exact_mw,cdc4a450a40af8e24899239080e4c40992fb5baf91c5a31ab3a165eacb3a1ab3,"{""distance"":5,""physical_error_rate"":0.0002}","{""detection_events"":180,""detectors_checked"":229376}"
   1750016,         0,         0,    22.6,exact_mw,f32ebecd8e105e50ec838d33c5ed9b45444b6b44a3c6ac541111079f2b14e893,"{""distance"":5,""physical_error_rate"":5e-05}","{""detection_events"":86557,""detectors_checked"":392003584}"
      1024,         0,         0,   0.028,exact_mw,cdc4a450a40af8e24899239080e4c40992fb5baf91c5a31ab3a165eacb3a1ab3,"{""distance"":5,""physical_error_rate"":0.0002}","{""detection_events"":199,""detectors_checked"":229376}"
      1024,         0,         0,   0.028,exact_mw,cdc4a450a40af8e24899239080e4c40992fb5baf91c5a31ab3a165eacb3a1ab3,"{""distance"":5,""physical_error_rate"":0.0002}","{""detection_events"":220,""detectors_checked"":229376}"
      2048,         0,         0,   0.075,exact_mw,bb90ec3459e353008cf9a5bb9142bf1e8515517a9e167021b225104594e48e8a,"{""distance"":5,""physical_error_rate"":0.001}","{""detection_events"":1838,""detectors_checked"":458752}"
     14336,         0,         0,   0.223,exact_mw,70a969f5042aec17ac076c6379f4170fb7c69b8e925756ef3b7334e28a33338b,"{""distance"":5,""physical_error_rate"":0.0001}","{""detection_events"":1487,""detectors_checked"":3211264}"
      2048,         0,         0,   0.033,exact_mw,cdc4a450a40af8e24899239080e4c40992fb5baf91c5a31ab3a165eacb3a1ab3,"{""distance"":5,""physical_error_rate"":0.0002}","{""detection_events"":357,""detectors_checked"":458752}"
      2048,         0,         0,   0.032,exact_mw,cdc4a450a40af8e24899239080e4c40992fb5baf91c5a31ab3a165eacb3a1ab3,"{""distance"":5,""physical_error_rate"":0.0002}","{""detection_events"":331,""detectors_checked"":458752}"
      1024,         0,         0,   0.028,exact_mw,cdc4a450a40af8e24899239080e4c40992fb5baf91c5a31ab3a165eacb3a1ab3,"{""distance"":5,""physical_error_rate"":0.0002}","{""detection_events"":253,""detectors_checked"":229376}"
       256,         0,         0,   0.748,exact_mw,38b7ae1c4e8407fc325e0d9e43e9f92ff26dcb3f5cf7b98d24ea74c9e5188d39,"{""distance"":5,""physical_error_rate"":0.005}","{""detection_events"":1241,""detectors_checked"":57344}"
       273,         0,         0,   0.021,exact_mw,f32ebecd8e105e50ec838d33c5ed9b45444b6b44a3c6ac541111079f2b14e893,"{""distance"":5,""physical_error_rate"":5e-05}","{""detection_events"":23,""detectors_checked"":61152}"
      3072,         0,         0,   0.060,exact_mw,cdc4a450a40af8e24899239080e4c40992fb5baf91c5a31ab3a165eacb3a1ab3,"{""distance"":5,""physical_error_rate"":0.0002}","{""detection_events"":656,""detectors_checked"":688128}"
      2048,         0,         0,   0.026,exact_mw,f32ebecd8e105e50ec838d33c5ed9b45444b6b44a3c6ac541111079f2b14e893,"{""distance"":5,""physical_error_rate"":5e-05}","{""detection_events"":91,""detectors_checked"":458752}"
     66560,         0,         0,   0.804,exact_mw,f32ebecd8e105e50ec838d33c5ed9b45444b6b44a3c6ac541111079f2b14e893,"{""distance"":5,""physical_error_rate"":5e-05}","{""detection_events"":3075,""detectors_checked"":14909440}"
      3072,         0,         0,   0.060,exact_mw,cdc4a450a40af8e24899239080e4c40992fb5baf91c5a31ab3a165eacb3a1ab3,"{""distance"":5,""physical_error_rate"":0.0002}","{""detection_events"":537,""detectors_checked"":688128}"
      3072,         0,         0,   0.252,exact_mw,bb90ec3459e353008cf9a5bb9142bf1e8515517a9e167021b225104594e48e8a,"{""distance"":5,""physical_error_rate"":0.001}","{""detection_events"":2879,""detectors_checked"":688128}"
      2048,         0,         0,   0.027,exact_mw,f32ebecd8e105e50ec838d33c5ed9b45444b6b44a3c6ac541111079f2b14e893,"{""distance"":5,""physical_error_rate"":5e-05}","{""detection_events"":140,""detectors_checked"":458752}"
      2048,         0,         0,   0.151,exact_mw,bb90ec3459e353008cf9a5bb9142bf1e8515517a9e167021b225104594e48e8a,"{""distance"":5,""physical_error_rate"":0.001}","{""detection_events"":2156,""detectors_checked"":458752}"
      3072,         0,         0,   0.060,exact_mw,cdc4a450a40af8e24899239080e4c40992fb5baf91c5a31ab3a165eacb3a1ab3,"{""distance"":5,""physical_error_rate"":0.0002}","{""detection_events"":660,""detectors_checked"":688128}"
   1337344,         0,         0,    22.6,exact_mw,70a969f5042aec17ac076c6379f4170fb7c69b8e925756ef3b7334e28a33338b,"{""distance"":5,""physical_error_rate"":0.0001}","{""detection_events"":131199,""detectors_checked"":299565056}"
   1353728,         0,         0,    22.4,exact_mw,70a969f5042aec17ac076c6379f4170fb7c69b8e925756ef3b7334e28a33338b,"{""distance"":5,""physical_error_rate"":0.0001}","{""detection_events"":132995,""detectors_checked"":303235072}"
       256,         0,         0,   0.624,exact_mw,38b7ae1c4e8407fc325e0d9e43e9f92ff26dcb3f5cf7b98d24ea74c9e5188d39,"{""distance"":5,""physical_error_rate"":0.005}","{""detection_events"":1203,""detectors_checked"":57344}"
     11264,         0,         0,   0.210,exact_mw,70a969f5042aec17ac076c6379f4170fb7c69b8e925756ef3b7334e28a33338b,"{""distance"":5,""physical_error_rate"":0.0001}","{""detection_events"":1115,""detectors_checked"":2523136}"
      2048,         0,         0,   0.016,exact_mw,f32ebecd8e105e50ec838d33c5ed9b45444b6b44a3c6ac541111079f2b14e893,"{""distance"":5,""physical_error_rate"":5e-05}","{""detection_events"":95,""detectors_checked"":458752}"
      3072,         0,         0,   0.029,exact_mw,cdc4a450a40af8e24899239080e4c40992fb5baf91c5a31ab3a165eacb3a1ab3,"{""distance"":5,""physical_error_rate"":0.0002}","{""detection_events"":584,""detectors_checked"":688128}"
      1024,         1,         0,   0.279,exact_mw,3208f56225bbcac0e2804eb6f92d0a8b681652a702ca1ec920ccd7367f0e0899,"{""distance"":5,""physical_error_rate"":0.002}","{""detection_events"":2003,""detectors_checked"":229376,""obs_mistake_mask=E"":1}"
      3072,         0,         0,   0.059,exact_mw,f32ebecd8e105e50ec838d33c5ed9b45444b6b44a3c6ac541111079f2b14e893,"{""distance"":5,""physical_error_rate"":5e-05}","{""detection_events"":118,""detectors_checked"":688128}"
      5120,         0,         0,   0.091,exact_mw,cdc4a450a40af8e24899239080e4c40992fb5baf91c5a31ab3a165eacb3a1ab3,"{""distance"":5,""physical_error_rate"":0.0002}","{""detection_events"":976,""detectors_checked"":1146880}"
      5120,         0,         0,   0.087,exact_mw,cdc4a450a40af8e24899239080e4c40992fb5baf91c5a31ab3a165eacb3a1ab3,"{""distance"":5,""physical_error_rate"":0.0002}","{""detection_events"":972,""detectors_checked"":1146880}"
      1024,         0,         0,   0.360,exact_mw,3208f56225bbcac0e2804eb6f92d0a8b681652a702ca1ec920ccd7367f0e0899,"{""distance"":5,""physical_error_rate"":0.002}","{""detection_events"":2010,""detectors_checked"":229376}"
   1298432,         1,         0,    22.6,exact_mw,cb12ae119b9b2ba18d0216e7235b403229e92fd0743ede48fe7f1a2c6f45d594,"{""distance"":5,""physical_error_rate"":0.0005}","{""detection_events"":639761,""detectors_checked"":290848768,""obs_mistake_mask=E"":1}"
      3072,         0,         0,   0.059,exact_mw,f32ebecd8e105e50ec838d33c5ed9b45444b6b44a3c6ac541111079f2b14e893,"{""distance"":5,""physical_error_rate"":5e-05}","{""detection_events"":159,""detectors_checked"":688128}"
     18432,         0,         0,   0.264,exact_mw,70a969f5042aec17ac076c6379f4170fb7c69b8e925756ef3b7334e28a33338b,"{""distance"":5,""physical_error_rate"":0.0001}","{""detection_events"":1802,""detectors_checked"":4128768}"
      1297,         0,         0,   0.029,exact_mw,f32ebecd8e105e50ec838d33c5ed9b45444b6b44a3c6ac541111079f2b14e893,"{""distance"":5,""physical_error_rate"":5e-05}","{""detection_events"":52,""detectors_checked"":290528}"
     18432,         0,         0,   0.407,exact_mw,cb12ae119b9b2ba18d0216e7235b403229e92fd0743ede48fe7f1a2c6f45d594,"{""distance"":5,""physical_error_rate"":0.0005}","{""detection_events"":9363,""detectors_checked"":4128768}"
      3072,         0,         0,   0.180,exact_mw,bb90ec3459e353008cf9a5bb9142bf1e8515517a9e167021b225104594e48e8a,"{""distance"":5,""physical_error_rate"":0.001}","{""detection_events"":2890,""detectors_checked"":688128}"
      2048,         0,         0,   0.006,exact_mw,f32ebecd8e105e50ec838d33c5ed9b45444b6b44a3c6ac541111079f2b14e893,"{""distance"":5,""physical_error_rate"":5e-05}","{""detection_events"":103,""detectors_checked"":458752}"
      1024,         0,         0,   0.028,exact_mw,f32ebecd8e105e50ec838d33c5ed9b45444b6b44a3c6ac541111079f2b14e893,"{""distance"":5,""physical_error_rate"":5e-05}","{""detection_events"":42,""detectors_checked"":229376}"
      6144,         0,         0,   0.115,exact_mw,cdc4a450a40af8e24899239080e4c40992fb5baf91c5a31ab3a165eacb3a1ab3,"{""distance"":5,""physical_error_rate"":0.0002}","{""detection_events"":1280,""detectors_checked"":1376256}"
      5120,         0,         0,   0.111,exact_mw,cdc4a450a40af8e24899239080e4c40992fb5baf91c5a31ab3a165eacb3a1ab3,"{""distance"":5,""physical_error_rate"":0.0002}","{""detection_events"":980,""detectors_checked"":1146880}"
      5120,         0,         0,   0.090,exact_mw,f32ebecd8e105e50ec838d33c5ed9b45444b6b44a3c6ac541111079f2b14e893,"{""distance"":5,""physical_error_rate"":5e-05}","{""detection_events"":236,""detectors_checked"":1146880}"
      2048,         0,         0,   0.031,exact_mw,f32ebecd8e105e50ec838d33c5ed9b45444b6b44a3c6ac541111079f2b14e893,"{""distance"":5,""physical_error_rate"":5e-05}","{""detection_events"":119,""detectors_checked"":458752}"
      6144,         0,         0,   0.256,exact_mw,bb90ec3459e353008cf9a5bb9142bf1e8515517a9e167021b225104594e48e8a,"{""distance"":5,""physical_error_rate"":0.001}","{""detection_events"":5947,""detectors_checked"":1376256}"
       256,         0,         0,   0.392,exact_mw,38b7ae1c4e8407fc325e0d9e43e9f92ff26dcb3f5cf7b98d24ea74c9e5188d39,"{""distance"":5,""physical_error_rate"":0.005}","{""detection_events"":1108,""detectors_checked"":57344}"
      3072,         0,         0,   0.060,exact_mw,f32ebecd8e105e50ec838d33c5ed9b45444b6b44a3c6ac541111079f2b14e893,"{""distance"":5,""physical_error_rate"":5e-05}","{""detection_events"":172,""detectors_checked"":688128}"
     19456,         0,         0,   0.311,exact_mw,70a969f5042aec17ac076c6379f4170fb7c69b8e925756ef3b7334e28a33338b,"{""distance"":5,""physical_error_rate"":0.0001}","{""detection_events"":1869,""detectors_checked"":4358144}"
      7168,         0,         0,   0.122,exact_mw,f32ebecd8e105e50ec838d33c5ed9b45444b6b44a3c6ac541111079f2b14e893,"{""distance"":5,""physical_error_rate"":5e-05}","{""detection_events"":366,""detectors_checked"":1605632}"
      4096,         0,         0,   0.052,exact_mw,f32ebecd8e105e50ec838d33c5ed9b45444b6b44a3c6ac541111079f2b14e893,"{""distance"":5,""physical_error_rate"":5e-05}","{""detection_events"":235,""detectors_checked"":917504}"
      8192,         0,         0,   0.170,exact_mw,cdc4a450a40af8e24899239080e4c40992fb5baf91c5a31ab3a165eacb3a1ab3,"{""distance"":5,""physical_error_rate"":0.0002}","{""detection_events"":1504,""detectors_checked"":1835008}"
      8192,         0,         0,   0.147,exact_mw,cdc4a450a40af8e24899239080e4c40992fb5baf91c5a31ab3a165eacb3a1ab3,"{""distance"":5,""physical_error_rate"":0.0002}","{""detection_events"":1601,""detectors_checked"":1835008}"
      3072,         0,         0,   0.209,exact_mw,bb90ec3459e353008cf9a5bb9142bf1e8515517a9e167021b225104594e48e8a,"{""distance"":5,""physical_error_rate"":0.001}","{""detection_events"":2969,""detectors_checked"":688128}"
      1024,         0,         0,   0.293,exact_mw,3208f56225bbcac0e2804eb6f92d0a8b681652a702ca1ec920ccd7367f0e0899,"{""distance"":5,""physical_error_rate"":0.002}","{""detection_events"":1895,""detectors_checked"":229376}"
      6144,         0,         0,   0.092,exact_mw,f32ebecd8e105e50ec838d33c5ed9b45444b6b44a3c6ac541111079f2b14e893,"{""distance"":5,""physical_error_rate"":5e-05}","{""detection_events"":305,""detectors_checked"":1376256}"
      1024,         0,         0,   0.449,exact_mw,3208f56225bbcac0e2804eb6f92d0a8b681652a702ca1ec920ccd7367f0e0899,"{""distance"":5,""physical_error_rate"":0.002}","{""detection_events"":2044,""detectors_checked"":229376}"
      9216,         0,         0,   0.150,exact_mw,f32ebecd8e105e50ec838d33c5ed9b45444b6b44a3c6ac541111079f2b14e893,"{""distance"":5,""physical_error_rate"":5e-05}","{""detection_events"":433,""detectors_checked"":2064384}"
     28672,         0,         0,   0.400,exact_mw,70a969f5042aec17ac076c6379f4170fb7c69b8e925756ef3b7334e28a33338b,"{""distance"":5,""physical_error_rate"":0.0001}","{""detection_events"":2797,""detectors_checked"":6422528}"
       256,         0,         0,   0.565,exact_mw,38b7ae1c4e8407fc325e0d9e43e9f92ff26dcb3f5cf7b98d24ea74c9e5188d39,"{""distance"":5,""physical_error_rate"":0.005}","{""detection_events"":1235,""detectors_checked"":57344}"
     10240,         0,         0,   0.190,exact_mw,cdc4a450a40af8e24899239080e4c40992fb5baf91c5a31ab3a165eacb3a1ab3,"{""distance"":5,""physical_error_rate"":0.0002}","{""detection_events"":2099,""detectors_checked"":2293760}"
      6144,         0,         0,   0.092,exact_mw,f32ebecd8e105e50ec838d33c5ed9b45444b6b44a3c6ac541111079f2b14e893,"{""distance"":5,""physical_error_rate"":5e-05}","{""detection_events"":260,""detectors_checked"":1376256}"
     10240,         0,         0,   0.201,exact_mw,cdc4a450a40af8e24899239080e4c40992fb5baf91c5a31ab3a165eacb3a1ab3,"{""distance"":5,""physical_error_rate"":0.0002}","{""detection_events"":2015,""detectors_checked"":2293760}"
    384000,         2,         0,    22.8,exact_mw,bb90ec3459e353008cf9a5bb9142bf1e8515517a9e167021b225104594e48e8a,"{""distance"":5,""physical_error_rate"":0.001}","{""detection_events"":377453,""detectors_checked"":86016000,""obs_mistake_mask=E"":2}"
      3072,         0,         0,   0.291,exact_mw,bb90ec3459e353008cf9a5bb9142bf1e8515517a9e167021b225104594e48e8a,"{""distance"":5,""physical_error_rate"":0.001}","{""detection_events"":3299,""detectors_checked"":688128}"
      9216,         0,         0,   0.430,exact_mw,bb90ec3459e353008cf9a5bb9142bf1e8515517a9e167021b225104594e48e8a,"{""distance"":5,""physical_error_rate"":0.001}","{""detection_events"":9014,""detectors_checked"":2064384}"
     29696,         0,         0,   0.551,exact_mw,cb12ae119b9b2ba18d0216e7235b403229e92fd0743ede48fe7f1a2c6f45d594,"{""distance"":5,""physical_error_rate"":0.0005}","{""detection_events"":15121,""detectors_checked"":6651904}"
      1024,         0,         0,   0.263,exact_mw,3208f56225bbcac0e2804eb6f92d0a8b681652a702ca1ec920ccd7367f0e0899,"{""distance"":5,""physical_error_rate"":0.002}","{""detection_events"":1985,""detectors_checked"":229376}"
      9216,         0,         0,   0.154,exact_mw,f32ebecd8e105e50ec838d33c5ed9b45444b6b44a3c6ac541111079f2b14e893,"{""distance"":5,""physical_error_rate"":5e-05}","{""detection_events"":405,""detectors_checked"":2064384}"
     30720,         0,         0,   0.426,exact_mw,70a969f5042aec17ac076c6379f4170fb7c69b8e925756ef3b7334e28a33338b,"{""distance"":5,""physical_error_rate"":0.0001}","{""detection_events"":2991,""detectors_checked"":6881280}"
      1024,         0,         0,   0.339,exact_mw,3208f56225bbcac0e2804eb6f92d0a8b681652a702ca1ec920ccd7367f0e0899,"{""distance"":5,""physical_error_rate"":0.002}","{""detection_events"":2002,""detectors_checked"":229376}"
     13312,         0,         0,   0.229,exact_mw,f32ebecd8e105e50ec838d33c5ed9b45444b6b44a3c6ac541111079f2b14e893,"{""distance"":5,""physical_error_rate"":5e-05}","{""detection_events"":629,""detectors_checked"":2981888}"
     15360,         0,         0,   0.304,exact_mw,cdc4a450a40af8e24899239080e4c40992fb5baf91c5a31ab3a165eacb3a1ab3,"{""distance"":5,""physical_error_rate"":0.0002}","{""detection_events"":2749,""detectors_checked"":3440640}"
     15360,         0,         0,   0.315,exact_mw,cdc4a450a40af8e24899239080e4c40992fb5baf91c5a31ab3a165eacb3a1ab3,"{""distance"":5,""physical_error_rate"":0.0002}","{""detection_events"":3190,""detectors_checked"":3440640}"
       256,         0,         0,   0.615,exact_mw,38b7ae1c4e8407fc325e0d9e43e9f92ff26dcb3f5cf7b98d24ea74c9e5188d39,"{""distance"":5,""physical_error_rate"":0.005}","{""detection_events"":1243,""detectors_checked"":57344}"
     11264,         0,         0,   0.192,exact_mw,f32ebecd8e105e50ec838d33c5ed9b45444b6b44a3c6ac541111079f2b14e893,"{""distance"":5,""physical_error_rate"":5e-05}","{""detection_events"":527,""detectors_checked"":2523136}"
    132096,         0,         0,    1.09,exact_mw,f32ebecd8e105e50ec838d33c5ed9b45444b6b44a3c6ac541111079f2b14e893,"{""distance"":5,""physical_error_rate"":5e-05}","{""detection_events"":6784,""detectors_checked"":29589504}"
     16384,         0,         0,   0.289,exact_mw,f32ebecd8e105e50ec838d33c5ed9b45444b6b44a3c6ac541111079f2b14e893,"{""distance"":5,""physical_error_rate"":5e-05}","{""detection_events"":815,""detectors_checked"":3670016}"
      1024,         0,         0,   0.334,exact_mw,3208f56225bbcac0e2804eb6f92d0a8b681652a702ca1ec920ccd7367f0e0899,"{""distance"":5,""physical_error_rate"":0.002}","{""detection_events"":2082,""detectors_checked"":229376}"
      6144,         0,         0,   0.388,exact_mw,bb90ec3459e353008cf9a5bb9142bf1e8515517a9e167021b225104594e48e8a,"{""distance"":5,""physical_error_rate"":0.001}","{""detection_events"":5989,""detectors_checked"":1376256}"
     82944,         0,         0,   0.557,exact_mw,70a969f5042aec17ac076c6379f4170fb7c69b8e925756ef3b7334e28a33338b,"{""distance"":5,""physical_error_rate"":0.0001}","{""detection_events"":8434,""detectors_checked"":18579456}"
      1024,         0,         0,   0.401,exact_mw,3208f56225bbcac0e2804eb6f92d0a8b681652a702ca1ec920ccd7367f0e0899,"{""distance"":5,""physical_error_rate"":0.002}","{""detection_events"":2122,""detectors_checked"":229376}"
       256,         0,         0,   0.599,exact_mw,38b7ae1c4e8407fc325e0d9e43e9f92ff26dcb3f5cf7b98d24ea74c9e5188d39,"{""distance"":5,""physical_error_rate"":0.005}","{""detection_events"":1210,""detectors_checked"":57344}"
     39936,         2,         0,    11.7,exact_mw,3208f56225bbcac0e2804eb6f92d0a8b681652a702ca1ec920ccd7367f0e0899,"{""distance"":5,""physical_error_rate"":0.002}","{""detection_events"":78061,""detectors_checked"":8945664,""obs_mistake_mask=E"":2}"
     16384,         0,         0,   0.300,exact_mw,f32ebecd8e105e50ec838d33c5ed9b45444b6b44a3c6ac541111079f2b14e893,"{""distance"":5,""physical_error_rate"":5e-05}","{""detection_events"":838,""detectors_checked"":3670016}"
     12288,         0,         0,   0.555,exact_mw,bb90ec3459e353008cf9a5bb9142bf1e8515517a9e167021b225104594e48e8a,"{""distance"":5,""physical_error_rate"":0.001}","{""detection_events"":11775,""detectors_checked"":2752512}"
     21504,         0,         0,   0.421,exact_mw,cdc4a450a40af8e24899239080e4c40992fb5baf91c5a31ab3a165eacb3a1ab3,"{""distance"":5,""physical_error_rate"":0.0002}","{""detection_events"":4248,""detectors_checked"":4816896}"
     30720,         0,         0,   0.563,exact_mw,70a969f5042aec17ac076c6379f4170fb7c69b8e925756ef3b7334e28a33338b,"{""distance"":5,""physical_error_rate"":0.0001}","{""detection_events"":3194,""detectors_checked"":6881280}"
     22528,         0,         0,   0.421,exact_mw,cdc4a450a40af8e24899239080e4c40992fb5baf91c5a31ab3a165eacb3a1ab3,"{""distance"":5,""physical_error_rate"":0.0002}","{""detection_events"":4471,""detectors_checked"":5046272}"
      1024,         0,         0,   0.300,exact_mw,3208f56225bbcac0e2804eb6f92d0a8b681652a702ca1ec920ccd7367f0e0899,"{""distance"":5,""physical_error_rate"":0.002}","{""detection_events"":1967,""detectors_checked"":229376}"
     22528,         0,         0,   0.420,exact_mw,f32ebecd8e105e50ec838d33c5ed9b45444b6b44a3c6ac541111079f2b14e893,"{""distance"":5,""physical_error_rate"":5e-05}","{""detection_events"":1139,""detectors_checked"":5046272}"
      1024,         0,         0,   0.332,exact_mw,3208f56225bbcac0e2804eb6f92d0a8b681652a702ca1ec920ccd7367f0e0899,"{""distance"":5,""physical_error_rate"":0.002}","{""detection_events"":1976,""detectors_checked"":229376}"
     28672,         0,         0,   0.787,exact_mw,cb12ae119b9b2ba18d0216e7235b403229e92fd0743ede48fe7f1a2c6f45d594,"{""distance"":5,""physical_error_rate"":0.0005}","{""detection_events"":14425,""detectors_checked"":6422528}"
       256,         1,         0,   0.721,exact_mw,38b7ae1c4e8407fc325e0d9e43e9f92ff26dcb3f5cf7b98d24ea74c9e5188d39,"{""distance"":5,""physical_error_rate"":0.005}","{""detection_events"":1326,""detectors_checked"":57344,""obs_mistake_mask=E"":1}"
     22528,         0,         0,   0.419,exact_mw,f32ebecd8e105e50ec838d33c5ed9b45444b6b44a3c6ac541111079f2b14e893,"{""distance"":5,""physical_error_rate"":5e-05}","{""detection_events"":1099,""detectors_checked"":5046272}"
     10240,         0,         0,   0.522,exact_mw,bb90ec3459e353008cf9a5bb9142bf1e8515517a9e167021b225104594e48e8a,"{""distance"":5,""physical_error_rate"":0.001}","{""detection_events"":10011,""detectors_checked"":2293760}"
      1024,         1,         0,   0.346,exact_mw,3208f56225bbcac0e2804eb6f92d0a8b681652a702ca1ec920ccd7367f0e0899,"{""distance"":5,""physical_error_rate"":0.002}","{""detection_events"":1958,""detectors_checked"":229376,""obs_mistake_mask=E"":1}"
       256,         0,         0,   0.572,exact_mw,38b7ae1c4e8407fc325e0d9e43e9f92ff26dcb3f5cf7b98d24ea74c9e5188d39,"{""distance"":5,""physical_error_rate"":0.005}","{""detection_events"":1207,""detectors_checked"":57344}"
      1024,         0,         0,   0.392,exact_mw,3208f56225bbcac0e2804eb6f92d0a8b681652a702ca1ec920ccd7367f0e0899,"{""distance"":5,""physical_error_rate"":0.002}","{""detection_events"":1878,""detectors_checked"":229376}"
     29696,         0,         0,   0.546,exact_mw,cdc4a450a40af8e24899239080e4c40992fb5baf91c5a31ab3a165eacb3a1ab3,"{""distance"":5,""physical_error_rate"":0.0002}","{""detection_events"":5818,""detectors_checked"":6651904}"
     29696,         0,         0,   0.569,exact_mw,cdc4a450a40af8e24899239080e4c40992fb5baf91c5a31ab3a165eacb3a1ab3,"{""distance"":5,""physical_error_rate"":0.0002}","{""detection_events"":5599,""detectors_checked"":6651904}"
     99328,         0,         0,   0.810,exact_mw,70a969f5042aec17ac076c6379f4170fb7c69b8e925756ef3b7334e28a33338b,"{""distance"":5,""physical_error_rate"":0.0001}","{""detection_events"":9964,""detectors_checked"":22249472}"
     31744,         0,         0,   0.583,exact_mw,f32ebecd8e105e50ec838d33c5ed9b45444b6b44a3c6ac541111079f2b14e893,"{""distance"":5,""physical_error_rate"":5e-05}","{""detection_events"":1597,""detectors_checked"":7110656}"
     12288,         0,         0,   0.812,exact_mw,bb90ec3459e353008cf9a5bb9142bf1e8515517a9e167021b225104594e48e8a,"{""distance"":5,""physical_error_rate"":0.001}","{""detection_events"":12167,""detectors_checked"":2752512}"
     43008,         0,         0,   0.806,exact_mw,70a969f5042aec17ac076c6379f4170fb7c69b8e925756ef3b7334e28a33338b,"{""distance"":5,""physical_error_rate"":0.0001}","{""detection_events"":4309,""detectors_checked"":9633792}"
      1024,         0,         0,   0.453,exact_mw,3208f56225bbcac0e2804eb6f92d0a8b681652a702ca1ec920ccd7367f0e0899,"{""distance"":5,""physical_error_rate"":0.002}","{""detection_events"":2049,""detectors_checked"":229376}"
      1024,         0,         0,   0.330,exact_mw,3208f56225bbcac0e2804eb6f92d0a8b681652a702ca1ec920ccd7367f0e0899,"{""distance"":5,""physical_error_rate"":0.002}","{""detection_events"":1921,""detectors_checked"":229376}"
     20480,         0,         0,   0.570,exact_mw,f32ebecd8e105e50ec838d33c5ed9b45444b6b44a3c6ac541111079f2b14e893,"{""distance"":5,""physical_error_rate"":5e-05}","{""detection_events"":960,""detectors_checked"":4587520}"
       256,         0,         0,   0.813,exact_mw,38b7ae1c4e8407fc325e0d9e43e9f92ff26dcb3f5cf7b98d24ea74c9e5188d39,"{""distance"":5,""physical_error_rate"":0.005}","{""detection_events"":1307,""detectors_checked"":57344}"
     13312,         0,         0,   0.840,exact_mw,bb90ec3459e353008cf9a5bb9142bf1e8515517a9e167021b225104594e48e8a,"{""distance"":5,""physical_error_rate"":0.001}","{""detection_events"":12809,""detectors_checked"":2981888}"
      1024,         0,         0,   0.362,exact_mw,3208f56225bbcac0e2804eb6f92d0a8b681652a702ca1ec920ccd7367f0e0899,"{""distance"":5,""physical_error_rate"":0.002}","{""detection_events"":2019,""detectors_checked"":229376}"
      4864,         8,         0,    12.2,exact_mw,38b7ae1c4e8407fc325e0d9e43e9f92ff26dcb3f5cf7b98d24ea74c9e5188d39,"{""distance"":5,""physical_error_rate"":0.005}","{""detection_events"":23503,""detectors_checked"":1089536,""obs_mistake_mask=E"":8}"
    256000,         0,         0,    1.56,exact_mw,f32ebecd8e105e50ec838d33c5ed9b45444b6b44a3c6ac541111079f2b14e893,"{""distance"":5,""physical_error_rate"":5e-05}","{""detection_events"":12695,""detectors_checked"":57344000}"
      1024,         0,         0,   0.417,exact_mw,3208f56225bbcac0e2804eb6f92d0a8b681652a702ca1ec920ccd7367f0e0899,"{""distance"":5,""physical_error_rate"":0.002}","{""detection_events"":2210,""detectors_checked"":229376}"
       256,         0,         0,   0.889,exact_mw,38b7ae1c4e8407fc325e0d9e43e9f92ff26dcb3f5cf7b98d24ea74c9e5188d39,"{""distance"":5,""physical_error_rate"":0.005}","{""detection_events"":1227,""detectors_checked"":57344}"
     40960,         0,         0,    1.12,exact_mw,cb12ae119b9b2ba18d0216e7235b403229e92fd0743ede48fe7f1a2c6f45d594,"{""distance"":5,""physical_error_rate"":0.0005}","{""detection_events"":20685,""detectors_checked"":9175040}"
     41984,         0,         0,   0.808,exact_mw,cdc4a450a40af8e24899239080e4c40992fb5baf91c5a31ab3a165eacb3a1ab3,"{""distance"":5,""physical_error_rate"":0.0002}","{""detection_events"":8304,""detectors_checked"":9404416}"
     41984,         0,         0,   0.809,exact_mw,cdc4a450a40af8e24899239080e4c40992fb5baf91c5a31ab3a165eacb3a1ab3,"{""distance"":5,""physical_error_rate"":0.0002}","{""detection_events"":7853,""detectors_checked"":9404416}"
     41984,         0,         0,   0.784,exact_mw,f32ebecd8e105e50ec838d33c5ed9b45444b6b44a3c6ac541111079f2b14e893,"{""distance"":5,""physical_error_rate"":5e-05}","{""detection_events"":1980,""detectors_checked"":9404416}"
     35840,         0,         0,   0.793,exact_mw,f32ebecd8e105e50ec838d33c5ed9b45444b6b44a3c6ac541111079f2b14e893,"{""distance"":5,""physical_error_rate"":5e-05}","{""detection_events"":1695,""detectors_checked"":8028160}"
    156672,         0,         0,    1.10,exact_mw,70a969f5042aec17ac076c6379f4170fb7c69b8e925756ef3b7334e28a33338b,"{""distance"":5,""physical_error_rate"":0.0001}","{""detection_events"":15525,""detectors_checked"":35094528}"
     14336,         0,         0,    1.14,exact_mw,bb90ec3459e353008cf9a5bb9142bf1e8515517a9e167021b225104594e48e8a,"{""distance"":5,""physical_error_rate"":0.001}","{""detection_events"":14590,""detectors_checked"":3211264}"
     58368,         0,         0,    1.12,exact_mw,70a969f5042aec17ac076c6379f4170fb7c69b8e925756ef3b7334e28a33338b,"{""distance"":5,""physical_error_rate"":0.0001}","{""detection_events"":5998,""detectors_checked"":13074432}"
      2048,         0,         0,   0.700,exact_mw,3208f56225bbcac0e2804eb6f92d0a8b681652a702ca1ec920ccd7367f0e0899,"{""distance"":5,""physical_error_rate"":0.002}","{""detection_events"":4081,""detectors_checked"":458752}"
      2048,         0,         0,   0.642,exact_mw,3208f56225bbcac0e2804eb6f92d0a8b681652a702ca1ec920ccd7367f0e0899,"{""distance"":5,""physical_error_rate"":0.002}","{""detection_events"":3949,""detectors_checked"":458752}"
       256,         0,         0,   0.823,exact_mw,38b7ae1c4e8407fc325e0d9e43e9f92ff26dcb3f5cf7b98d24ea74c9e5188d39,"{""distance"":5,""physical_error_rate"":0.005}","{""detection_events"":1326,""detectors_checked"":57344}"
       256,         1,         0,   0.672,exact_mw,38b7ae1c4e8407fc325e0d9e43e9f92ff26dcb3f5cf7b98d24ea74c9e5188d39,"{""distance"":5,""physical_error_rate"":0.005}","{""detection_events"":1177,""detectors_checked"":57344,""obs_mistake_mask=E"":1}"
     16384,         0,         0,    1.14,exact_mw,bb90ec3459e353008cf9a5bb9142bf1e8515517a9e167021b225104594e48e8a,"{""distance"":5,""physical_error_rate"":0.001}","{""detection_events"":16002,""detectors_checked"":3670016}"
     63488,         0,         0,    1.11,exact_mw,cdc4a450a40af8e24899239080e4c40992fb5baf91c5a31ab3a165eacb3a1ab3,"{""distance"":5,""physical_error_rate"":0.0002}","{""detection_events"":12492,""detectors_checked"":14221312}"
     62464,         0,         0,    1.11,exact_mw,cdc4a450a40af8e24899239080e4c40992fb5baf91c5a31ab3a165eacb3a1ab3,"{""distance"":5,""physical_error_rate"":0.0002}","{""detection_events"":12379,""detectors_checked"":13991936}"
     75776,         5,         0,    23.2,exact_mw,3208f56225bbcac0e2804eb6f92d0a8b681652a702ca1ec920ccd7367f0e0899,"{""distance"":5,""physical_error_rate"":0.002}","{""detection_events"":148810,""detectors_checked"":16973824,""obs_mistake_mask=E"":5}"
      2048,         0,         0,   0.669,exact_mw,3208f56225bbcac0e2804eb6f92d0a8b681652a702ca1ec920ccd7367f0e0899,"{""distance"":5,""physical_error_rate"":0.002}","{""detection_events"":3917,""detectors_checked"":458752}"
       256,         0,         0,   0.677,exact_mw,38b7ae1c4e8407fc325e0d9e43e9f92ff26dcb3f5cf7b98d24ea74c9e5188d39,"{""distance"":5,""physical_error_rate"":0.005}","{""detection_events"":1109,""detectors_checked"":57344}"
     56320,         0,         0,    1.05,exact_mw,f32ebecd8e105e50ec838d33c5ed9b45444b6b44a3c6ac541111079f2b14e893,"{""distance"":5,""physical_error_rate"":5e-05}","{""detection_events"":2793,""detectors_checked"":12615680}"
      2048,         0,         0,   0.839,exact_mw,3208f56225bbcac0e2804eb6f92d0a8b681652a702ca1ec920ccd7367f0e0899,"{""distance"":5,""physical_error_rate"":0.002}","{""detection_events"":4126,""detectors_checked"":458752}"
     55296,         0,         0,    1.11,exact_mw,f32ebecd8e105e50ec838d33c5ed9b45444b6b44a3c6ac541111079f2b14e893,"{""distance"":5,""physical_error_rate"":5e-05}","{""detection_events"":2774,""detectors_checked"":12386304}"
       256,         1,         0,   0.842,exact_mw,38b7ae1c4e8407fc325e0d9e43e9f92ff26dcb3f5cf7b98d24ea74c9e5188d39,"{""distance"":5,""physical_error_rate"":0.005}","{""detection_events"":1282,""detectors_checked"":57344,""obs_mistake_mask=E"":1}"
     54272,         0,         0,    1.54,exact_mw,cb12ae119b9b2ba18d0216e7235b403229e92fd0743ede48fe7f1a2c6f45d594,"{""distance"":5,""physical_error_rate"":0.0005}","{""detection_events"":26824,""detectors_checked"":12156928}"
     99328,         7,         0,    22.9,exact_mw,3208f56225bbcac0e2804eb6f92d0a8b681652a702ca1ec920ccd7367f0e0899,"{""distance"":5,""physical_error_rate"":0.002}","{""detection_events"":193910,""detectors_checked"":22249472,""obs_mistake_mask=E"":7}"
       273,         0,         0,   0.037,exact_mw,70a969f5042aec17ac076c6379f4170fb7c69b8e925756ef3b7334e28a33338b,"{""distance"":5,""physical_error_rate"":0.0001}","{""detection_events"":42,""detectors_checked"":61152}"
    281600,         0,         0,    1.56,exact_mw,70a969f5042aec17ac076c6379f4170fb7c69b8e925756ef3b7334e28a33338b,"{""distance"":5,""physical_error_rate"":0.0001}","{""detection_events"":27598,""detectors_checked"":63078400}"
      2048,         0,         0,   0.042,exact_mw,70a969f5042aec17ac076c6379f4170fb7c69b8e925756ef3b7334e28a33338b,"{""distance"":5,""physical_error_rate"":0.0001}","{""detection_events"":198,""detectors_checked"":458752}"
     78848,         8,         0,    23.1,exact_mw,3208f56225bbcac0e2804eb6f92d0a8b681652a702ca1ec920ccd7367f0e0899,"{""distance"":5,""physical_error_rate"":0.002}","{""detection_events"":153753,""detectors_checked"":17661952,""obs_mistake_mask=E"":8}"
      1024,         0,         0,   0.039,exact_mw,70a969f5042aec17ac076c6379f4170fb7c69b8e925756ef3b7334e28a33338b,"{""distance"":5,""physical_error_rate"":0.0001}","{""detection_events"":66,""detectors_checked"":229376}"
         1,         0,         0,   0.000,exact_mw,cb12ae119b9b2ba18d0216e7235b403229e92fd0743ede48fe7f1a2c6f45d594,"{""distance"":5,""physical_error_rate"":0.0005}","{""detectors_checked"":224}"
      1024,         0,         0,   0.039,exact_mw,70a969f5042aec17ac076c6379f4170fb7c69b8e925756ef3b7334e28a33338b,"{""distance"":5,""physical_error_rate"":0.0001}","{""detection_events"":105,""detectors_checked"":229376}"
      1296,         0,         0,   0.041,exact_mw,cb12ae119b9b2ba18d0216e7235b403229e92fd0743ede48fe7f1a2c6f45d594,"{""distance"":5,""physical_error_rate"":0.0005}","{""detection_events"":636,""detectors_checked"":290304}"
      1024,         0,         0,   0.039,exact_mw,70a969f5042aec17ac076c6379f4170fb7c69b8e925756ef3b7334e28a33338b,"{""distance"":5,""physical_error_rate"":0.0001}","{""detection_events"":129,""detectors_checked"":229376}"
      1024,         0,         0,   0.040,exact_mw,cb12ae119b9b2ba18d0216e7235b403229e92fd0743ede48fe7f1a2c6f45d594,"{""distance"":5,""physical_error_rate"":0.0005}","{""detection_events"":522,""detectors_checked"":229376}"
    381952,         0,         0,    2.12,exact_mw,f32ebecd8e105e50ec838d33c5ed9b45444b6b44a3c6ac541111079f2b14e893,"{""distance"":5,""physical_error_rate"":5e-05}","{""detection_events"":18701,""detectors_checked"":85557248}"
     25600,         0,         0,    1.57,exact_mw,bb90ec3459e353008cf9a5bb9142bf1e8515517a9e167021b225104594e48e8a,"{""distance"":5,""physical_error_rate"":0.001}","{""detection_events"":24844,""detectors_checked"":5734400}"
     84992,         0,         0,    1.55,exact_mw,70a969f5042aec17ac076c6379f4170fb7c69b8e925756ef3b7334e28a33338b,"{""distance"":5,""physical_error_rate"":0.0001}","{""detection_events"":8347,""detectors_checked"":19038208}"
      1024,         0,         0,   0.041,exact_mw,cb12ae119b9b2ba18d0216e7235b403229e92fd0743ede48fe7f1a2c6f45d594,"{""distance"":5,""physical_error_rate"":0.0005}","{""detection_events"":524,""detectors_checked"":229376}"
      3072,         0,         0,   0.081,exact_mw,70a969f5042aec17ac076c6379f4170fb7c69b8e925756ef3b7334e28a33338b,"{""distance"":5,""physical_error_rate"":0.0001}","{""detection_events"":288,""detectors_checked"":688128}"
       256,         0,         0,   0.892,exact_mw,38b7ae1c4e8407fc325e0d9e43e9f92ff26dcb3f5cf7b98d24ea74c9e5188d39,"{""distance"":5,""physical_error_rate"":0.005}","{""detection_events"":1258,""detectors_checked"":57344}"
      1024,         0,         0,   0.077,exact_mw,cb12ae119b9b2ba18d0216e7235b403229e92fd0743ede48fe7f1a2c6f45d594,"{""distance"":5,""physical_error_rate"":0.0005}","{""detection_events"":552,""detectors_checked"":229376}"
      2048,         0,         0,   0.042,exact_mw,70a969f5042aec17ac076c6379f4170fb7c69b8e925756ef3b7334e28a33338b,"{""distance"":5,""physical_error_rate"":0.0001}","{""detection_events"":246,""detectors_checked"":458752}"
       256,         0,         0,   0.758,exact_mw,38b7ae1c4e8407fc325e0d9e43e9f92ff26dcb3f5cf7b98d24ea74c9e5188d39,"{""distance"":5,""physical_error_rate"":0.005}","{""detection_events"":1294,""detectors_checked"":57344}"
      2048,         0,         0,   0.080,exact_mw,cb12ae119b9b2ba18d0216e7235b403229e92fd0743ede48fe7f1a2c6f45d594,"{""distance"":5,""physical_error_rate"":0.0005}","{""detection_events"":1058,""detectors_checked"":458752}"
      3072,         1,         0,    1.05,exact_mw,3208f56225bbcac0e2804eb6f92d0a8b681652a702ca1ec920ccd7367f0e0899,"{""distance"":5,""physical_error_rate"":0.002}","{""detection_events"":6333,""detectors_checked"":688128,""obs_mistake_mask=E"":1}"
      4096,         0,         0,   0.120,exact_mw,70a969f5042aec17ac076c6379f4170fb7c69b8e925756ef3b7334e28a33338b,"{""distance"":5,""physical_error_rate"":0.0001}","{""detection_events"":385,""detectors_checked"":917504}"
      2048,         0,         0,   0.080,exact_mw,cb12ae119b9b2ba18d0216e7235b403229e92fd0743ede48fe7f1a2c6f45d594,"{""distance"":5,""physical_error_rate"":0.0005}","{""detection_events"":1114,""detectors_checked"":458752}"
      3072,         0,         0,    1.06,exact_mw,3208f56225bbcac0e2804eb6f92d0a8b681652a702ca1ec920ccd7367f0e0899,"{""distance"":5,""physical_error_rate"":0.002}","{""detection_events"":6041,""detectors_checked"":688128}"
      4096,         0,         0,   0.122,exact_mw,cb12ae119b9b2ba18d0216e7235b403229e92fd0743ede48fe7f1a2c6f45d594,"{""distance"":5,""physical_error_rate"":0.0005}","{""detection_events"":2090,""detectors_checked"":917504}"
      6144,         0,         0,   0.161,exact_mw,70a969f5042aec17ac076c6379f4170fb7c69b8e925756ef3b7334e28a33338b,"{""distance"":5,""physical_error_rate"":0.0001}","{""detection_events"":614,""detectors_checked"":1376256}"
     24576,         0,         0,    1.56,exact_mw,bb90ec3459e353008cf9a5bb9142bf1e8515517a9e167021b225104594e48e8a,"{""distance"":5,""physical_error_rate"":0.001}","{""detection_events"":23834,""detectors_checked"":5505024}"
      4096,         0,         0,   0.159,exact_mw,cb12ae119b9b2ba18d0216e7235b403229e92fd0743ede48fe7f1a2c6f45d594,"{""distance"":5,""physical_error_rate"":0.0005}","{""detection_events"":1845,""detectors_checked"":917504}"
     88064,         0,         0,    1.56,exact_mw,cdc4a450a40af8e24899239080e4c40992fb5baf91c5a31ab3a165eacb3a1ab3,"{""distance"":5,""physical_error_rate"":0.0002}","{""detection_events"":17234,""detectors_checked"":19726336}"
     89088,         0,         0,    1.56,exact_mw,cdc4a450a40af8e24899239080e4c40992fb5baf91c5a31ab3a165eacb3a1ab3,"{""distance"":5,""physical_error_rate"":0.0002}","{""detection_events"":17488,""detectors_checked"":19955712}"
      8192,         0,         0,   0.240,exact_mw,70a969f5042aec17ac076c6379f4170fb7c69b8e925756ef3b7334e28a33338b,"{""distance"":5,""physical_error_rate"":0.0001}","{""detection_events"":815,""detectors_checked"":1835008}"
     83968,         0,         0,    1.55,exact_mw,f32ebecd8e105e50ec838d33c5ed9b45444b6b44a3c6ac541111079f2b14e893,"{""distance"":5,""physical_error_rate"":5e-05}","{""detection_events"":4235,""detectors_checked"":18808832}"
      5120,         0,         0,   0.237,exact_mw,cb12ae119b9b2ba18d0216e7235b403229e92fd0743ede48fe7f1a2c6f45d594,"{""distance"":5,""physical_error_rate"":0.0005}","{""detection_events"":2555,""detectors_checked"":1146880}"
       256,         0,         0,   0.672,exact_mw,38b7ae1c4e8407fc325e0d9e43e9f92ff26dcb3f5cf7b98d24ea74c9e5188d39,"{""distance"":5,""physical_error_rate"":0.005}","{""detection_events"":1235,""detectors_checked"":57344}"
       256,         0,         0,   0.842,exact_mw,38b7ae1c4e8407fc325e0d9e43e9f92ff26dcb3f5cf7b98d24ea74c9e5188d39,"{""distance"":5,""physical_error_rate"":0.005}","{""detection_events"":1353,""detectors_checked"":57344}"
     91136,         0,         0,    1.53,exact_mw,f32ebecd8e105e50ec838d33c5ed9b45444b6b44a3c6ac541111079f2b14e893,"{""distance"":5,""physical_error_rate"":5e-05}","{""detection_events"":4505,""detectors_checked"":20414464}"
     11264,         0,         0,   0.284,exact_mw,70a969f5042aec17ac076c6379f4170fb7c69b8e925756ef3b7334e28a33338b,"{""distance"":5,""physical_error_rate"":0.0001}","{""detection_events"":1154,""detectors_checked"":2523136}"
      7168,         0,         0,   0.289,exact_mw,cb12ae119b9b2ba18d0216e7235b403229e92fd0743ede48fe7f1a2c6f45d594,"{""distance"":5,""physical_error_rate"":0.0005}","{""detection_events"":3410,""detectors_checked"":1605632}"
     17408,         0,         0,   0.416,exact_mw,70a969f5042aec17ac076c6379f4170fb7c69b8e925756ef3b7334e28a33338b,"{""distance"":5,""physical_error_rate"":0.0001}","{""detection_events"":1608,""detectors_checked"":3899392}"
      3072,         0,         0,    1.24,exact_mw,3208f56225bbcac0e2804eb6f92d0a8b681652a702ca1ec920ccd7367f0e0899,"{""distance"":5,""physical_error_rate"":0.002}","{""detection_events"":6246,""detectors_checked"":688128}"
      8192,         0,         0,   0.404,exact_mw,cb12ae119b9b2ba18d0216e7235b403229e92fd0743ede48fe7f1a2c6f45d594,"{""distance"":5,""physical_error_rate"":0.0005}","{""detection_events"":4047,""detectors_checked"":1835008}"
     90112,         1,         0,    2.18,exact_mw,cb12ae119b9b2ba18d0216e7235b403229e92fd0743ede48fe7f1a2c6f45d594,"{""distance"":5,""physical_error_rate"":0.0005}","{""detection_events"":44374,""detectors_checked"":20185088,""obs_mistake_mask=E"":1}"
      3072,         0,         0,    1.29,exact_mw,3208f56225bbcac0e2804eb6f92d0a8b681652a702ca1ec920ccd7367f0e0899,"{""distance"":5,""physical_error_rate"":0.002}","{""detection_events"":6246,""detectors_checked"":688128}"
       256,         1,         0,   0.781,exact_mw,38b7ae1c4e8407fc325e0d9e43e9f92ff26dcb3f5cf7b98d24ea74c9e5188d39,"{""distance"":5,""physical_error_rate"":0.005}","{""detection_events"":1287,""detectors_checked"":57344,""obs_mistake_mask=E"":1}"
       256,         0,         0,   0.951,exact_mw,38b7ae1c4e8407fc325e0d9e43e9f92ff26dcb3f5cf7b98d24ea74c9e5188d39,"{""distance"":5,""physical_error_rate"":0.005}","{""detection_events"":1298,""detectors_checked"":57344}"
     22528,         0,         0,   0.572,exact_mw,70a969f5042aec17ac076c6379f4170fb7c69b8e925756ef3b7334e28a33338b,"{""distance"":5,""physical_error_rate"":0.0001}","{""detection_events"":2217,""detectors_checked"":5046272}"
    384000,         0,         0,    2.16,exact_mw,70a969f5042aec17ac076c6379f4170fb7c69b8e925756ef3b7334e28a33338b,"{""distance"":5,""physical_error_rate"":0.0001}","{""detection_events"":38094,""detectors_checked"":86016000}"
     15360,         0,         0,   0.600,exact_mw,cb12ae119b9b2ba18d0216e7235b403229e92fd0743ede48fe7f1a2c6f45d594,"{""distance"":5,""physical_error_rate"":0.0005}","{""detection_events"":7535,""detectors_checked"":3440640}"
   1435648,         0,         0,    22.6,exact_mw,f32ebecd8e105e50ec838d33c5ed9b45444b6b44a3c6ac541111079f2b14e893,"{""distance"":5,""physical_error_rate"":5e-05}","{""detection_events"":71593,""detectors_checked"":321585152}"
    125952,         0,         0,    2.19,exact_mw,70a969f5042aec17ac076c6379f4170fb7c69b8e925756ef3b7334e28a33338b,"{""distance"":5,""physical_error_rate"":0.0001}","{""detection_events"":12486,""detectors_checked"":28213248}"
     34816,         0,         0,    2.22,exact_mw,bb90ec3459e353008cf9a5bb9142bf1e8515517a9e167021b225104594e48e8a,"{""distance"":5,""physical_error_rate"":0.001}","{""detection_events"":34176,""detectors_checked"":7798784}"
   1073152,         0,         0,    22.7,exact_mw,cb12ae119b9b2ba18d0216e7235b403229e92fd0743ede48fe7f1a2c6f45d594,"{""distance"":5,""physical_error_rate"":0.0005}","{""detection_events"":528366,""detectors_checked"":240386048}"
       256,         0,         0,   0.719,exact_mw,38b7ae1c4e8407fc325e0d9e43e9f92ff26dcb3f5cf7b98d24ea74c9e5188d39,"{""distance"":5,""physical_error_rate"":0.005}","{""detection_events"":1271,""detectors_checked"":57344}"
   1281024,         0,         0,    22.6,exact_mw,cdc4a450a40af8e24899239080e4c40992fb5baf91c5a31ab3a165eacb3a1ab3,"{""distance"":5,""physical_error_rate"":0.0002}","{""detection_events"":252406,""detectors_checked"":286949376}"
       256,         0,         0,   0.730,exact_mw,38b7ae1c4e8407fc325e0d9e43e9f92ff26dcb3f5cf7b98d24ea74c9e5188d39,"{""distance"":5,""physical_error_rate"":0.005}","{""detection_events"":1225,""detectors_checked"":57344}"
     36864,         0,         0,    2.17,exact_mw,bb90ec3459e353008cf9a5bb9142bf1e8515517a9e167021b225104594e48e8a,"{""distance"":5,""physical_error_rate"":0.001}","{""detection_events"":35592,""detectors_checked"":8257536}"
   1299456,         0,         0,    22.6,exact_mw,70a969f5042aec17ac076c6379f4170fb7c69b8e925756ef3b7334e28a33338b,"{""distance"":5,""physical_error_rate"":0.0001}","{""detection_events"":127905,""detectors_checked"":291078144}"
    385024,         1,         0,    22.8,exact_mw,bb90ec3459e353008cf9a5bb9142bf1e8515517a9e167021b225104594e48e8a,"{""distance"":5,""physical_error_rate"":0.001}","{""detection_events"":378336,""detectors_checked"":86245376,""obs_mistake_mask=E"":1}"
     34816,         0,         0,   0.800,exact_mw,70a969f5042aec17ac076c6379f4170fb7c69b8e925756ef3b7334e28a33338b,"{""distance"":5,""physical_error_rate"":0.0001}","{""detection_events"":3447,""detectors_checked"":7798784}"
    121856,         0,         0,    2.16,exact_mw,cdc4a450a40af8e24899239080e4c40992fb5baf91c5a31ab3a165eacb3a1ab3,"{""distance"":5,""physical_error_rate"":0.0002}","{""detection_events"":23805,""detectors_checked"":27295744}"
    122880,         0,         0,    2.18,exact_mw,cdc4a450a40af8e24899239080e4c40992fb5baf91c5a31ab3a165eacb3a1ab3,"{""distance"":5,""physical_error_rate"":0.0002}","{""detection_events"":24578,""detectors_checked"":27525120}"
     19456,         0,         0,   0.799,exact_mw,cb12ae119b9b2ba18d0216e7235b403229e92fd0743ede48fe7f1a2c6f45d594,"{""distance"":5,""physical_error_rate"":0.0005}","{""detection_events"":9358,""detectors_checked"":4358144}"
    124928,         0,         0,    2.13,exact_mw,f32ebecd8e105e50ec838d33c5ed9b45444b6b44a3c6ac541111079f2b14e893,"{""distance"":5,""physical_error_rate"":5e-05}","{""detection_events"":6554,""detectors_checked"":27983872}"
    544768,         0,         0,    3.04,exact_mw,f32ebecd8e105e50ec838d33c5ed9b45444b6b44a3c6ac541111079f2b14e893,"{""distance"":5,""physical_error_rate"":5e-05}","{""detection_events"":27459,""detectors_checked"":122028032}"
    945152,         0,         0,    16.2,exact_mw,f32ebecd8e105e50ec838d33c5ed9b45444b6b44a3c6ac541111079f2b14e893,"{""distance"":5,""physical_error_rate"":5e-05}","{""detection_events"":46504,""detectors_checked"":211714048}"
     75776,         0,         0,    2.19,exact_mw,f32ebecd8e105e50ec838d33c5ed9b45444b6b44a3c6ac541111079f2b14e893,"{""distance"":5,""physical_error_rate"":5e-05}","{""detection_events"":3860,""detectors_checked"":16973824}"
   1242112,         0,         0,    16.2,exact_mw,cdc4a450a40af8e24899239080e4c40992fb5baf91c5a31ab3a165eacb3a1ab3,"{""distance"":5,""physical_error_rate"":0.0002}","{""detection_events"":244476,""detectors_checked"":278233088}"
      4096,         0,         0,    1.56,exact_mw,3208f56225bbcac0e2804eb6f92d0a8b681652a702ca1ec920ccd7367f0e0899,"{""distance"":5,""physical_error_rate"":0.002}","{""detection_events"":8150,""detectors_checked"":917504}"
      6144,         1,         0,    1.84,exact_mw,3208f56225bbcac0e2804eb6f92d0a8b681652a702ca1ec920ccd7367f0e0899,"{""distance"":5,""physical_error_rate"":0.002}","{""detection_events"":11538,""detectors_checked"":1376256,""obs_mistake_mask=E"":1}"
       256,         1,         0,   0.922,exact_mw,38b7ae1c4e8407fc325e0d9e43e9f92ff26dcb3f5cf7b98d24ea74c9e5188d39,"{""distance"":5,""physical_error_rate"":0.005}","{""detection_events"":1208,""detectors_checked"":57344,""obs_mistake_mask=E"":1}"
       512,         1,         0,    1.38,exact_mw,38b7ae1c4e8407fc325e0d9e43e9f92ff26dcb3f5cf7b98d24ea74c9e5188d39,"{""distance"":5,""physical_error_rate"":0.005}","{""detection_events"":2591,""detectors_checked"":114688,""obs_mistake_mask=E"":1}"
     46080,         0,         0,    1.12,exact_mw,70a969f5042aec17ac076c6379f4170fb7c69b8e925756ef3b7334e28a33338b,"{""distance"":5,""physical_error_rate"":0.0001}","{""detection_events"":4780,""detectors_checked"":10321920}"
    983040,         0,         0,    16.2,exact_mw,70a969f5042aec17ac076c6379f4170fb7c69b8e925756ef3b7334e28a33338b,"{""distance"":5,""physical_error_rate"":0.0001}","{""detection_events"":97090,""detectors_checked"":220200960}"
    995328,         0,         0,    16.1,exact_mw,f32ebecd8e105e50ec838d33c5ed9b45444b6b44a3c6ac541111079f2b14e893,"{""distance"":5,""physical_error_rate"":5e-05}","{""detection_events"":48676,""detectors_checked"":222953472}"
     27648,         0,         0,    1.15,exact_mw,cb12ae119b9b2ba18d0216e7235b403229e92fd0743ede48fe7f1a2c6f45d594,"{""distance"":5,""physical_error_rate"":0.0005}","{""detection_events"":13766,""detectors_checked"":6193152}"
      8960,        11,         0,    23.5,exact_mw,38b7ae1c4e8407fc325e0d9e43e9f92ff26dcb3f5cf7b98d24ea74c9e5188d39,"{""distance"":5,""physical_error_rate"":0.005}","{""detection_events"":43035,""detectors_checked"":2007040,""obs_mistake_mask=E"":11}"
       256,         0,         0,    1.03,exact_mw,38b7ae1c4e8407fc325e0d9e43e9f92ff26dcb3f5cf7b98d24ea74c9e5188d39,"{""distance"":5,""physical_error_rate"":0.005}","{""detection_events"":1325,""detectors_checked"":57344}"
     93184,         0,         0,    3.07,exact_mw,cb12ae119b9b2ba18d0216e7235b403229e92fd0743ede48fe7f1a2c6f45d594,"{""distance"":5,""physical_error_rate"":0.0005}","{""detection_events"":45594,""detectors_checked"":20873216}"
      5632,         8,         0,    23.2,exact_mw,38b7ae1c4e8407fc325e0d9e43e9f92ff26dcb3f5cf7b98d24ea74c9e5188d39,"{""distance"":5,""physical_error_rate"":0.005}","{""detection_events"":27467,""detectors_checked"":1261568,""obs_mistake_mask=E"":8}"
    445440,         0,         0,    3.02,exact_mw,70a969f5042aec17ac076c6379f4170fb7c69b8e925756ef3b7334e28a33338b,"{""distance"":5,""physical_error_rate"":0.0001}","{""detection_events"":43898,""detectors_checked"":99778560}"
    171008,         0,         0,    3.05,exact_mw,70a969f5042aec17ac076c6379f4170fb7c69b8e925756ef3b7334e28a33338b,"{""distance"":5,""physical_error_rate"":0.0001}","{""detection_events"":17025,""detectors_checked"":38305792}"
     47104,         0,         0,    3.09,exact_mw,bb90ec3459e353008cf9a5bb9142bf1e8515517a9e167021b225104594e48e8a,"{""distance"":5,""physical_error_rate"":0.001}","{""detection_events"":46693,""detectors_checked"":10551296}"
    671744,         0,         0,    16.1,exact_mw,cb12ae119b9b2ba18d0216e7235b403229e92fd0743ede48fe7f1a2c6f45d594,"{""distance"":5,""physical_error_rate"":0.0005}","{""detection_events"":331462,""detectors_checked"":150470656}"
      6144,         0,         0,    2.18,exact_mw,3208f56225bbcac0e2804eb6f92d0a8b681652a702ca1ec920ccd7367f0e0899,"{""distance"":5,""physical_error_rate"":0.002}","{""detection_events"":11893,""detectors_checked"":1376256}"
     60416,         0,         0,    1.57,exact_mw,70a969f5042aec17ac076c6379f4170fb7c69b8e925756ef3b7334e28a33338b,"{""distance"":5,""physical_error_rate"":0.0001}","{""detection_events"":5843,""detectors_checked"":13533184}"
       512,         0,         0,    1.71,exact_mw,38b7ae1c4e8407fc325e0d9e43e9f92ff26dcb3f5cf7b98d24ea74c9e5188d39,"{""distance"":5,""physical_error_rate"":0.005}","{""detection_events"":2520,""detectors_checked"":114688}"
      6272,         3,         0,    23.3,exact_mw,38b7ae1c4e8407fc325e0d9e43e9f92ff26dcb3f5cf7b98d24ea74c9e5188d39,"{""distance"":5,""physical_error_rate"":0.005}","{""detection_events"":30263,""detectors_checked"":1404928,""obs_mistake_mask=E"":3}"
     35840,         0,         0,    1.56,exact_mw,cb12ae119b9b2ba18d0216e7235b403229e92fd0743ede48fe7f1a2c6f45d594,"{""distance"":5,""physical_error_rate"":0.0005}","{""detection_events"":17183,""detectors_checked"":8028160}"
     46080,         1,         0,    3.09,exact_mw,bb90ec3459e353008cf9a5bb9142bf1e8515517a9e167021b225104594e48e8a,"{""distance"":5,""physical_error_rate"":0.001}","{""detection_events"":45688,""detectors_checked"":10321920,""obs_mistake_mask=E"":1}"
      7168,         0,         0,    2.48,exact_mw,3208f56225bbcac0e2804eb6f92d0a8b681652a702ca1ec920ccd7367f0e0899,"{""distance"":5,""physical_error_rate"":0.002}","{""detection_events"":14277,""detectors_checked"":1605632}"
    251904,         1,         0,    16.4,exact_mw,bb90ec3459e353008cf9a5bb9142bf1e8515517a9e167021b225104594e48e8a,"{""distance"":5,""physical_error_rate"":0.001}","{""detection_events"":246246,""detectors_checked"":56426496,""obs_mistake_mask=E"":1}"
    163840,         0,         0,    3.03,exact_mw,cdc4a450a40af8e24899239080e4c40992fb5baf91c5a31ab3a165eacb3a1ab3,"{""distance"":5,""physical_error_rate"":0.0002}","{""detection_events"":32456,""detectors_checked"":36700160}"
    162816,         0,         0,    3.05,exact_mw,cdc4a450a40af8e24899239080e4c40992fb5baf91c5a31ab3a165eacb3a1ab3,"{""distance"":5,""physical_error_rate"":0.0002}","{""detection_events"":31621,""detectors_checked"":36470784}"
    167936,         0,         0,    3.00,exact_mw,f32ebecd8e105e50ec838d33c5ed9b45444b6b44a3c6ac541111079f2b14e893,"{""distance"":5,""physical_error_rate"":5e-05}","{""detection_events"":8536,""detectors_checked"":37617664}"
       512,         2,         0,    1.62,exact_mw,38b7ae1c4e8407fc325e0d9e43e9f92ff26dcb3f5cf7b98d24ea74c9e5188d39,"{""distance"":5,""physical_error_rate"":0.005}","{""detection_events"":2422,""detectors_checked"":114688,""obs_mistake_mask=E"":2}"
    934912,         0,         0,    16.2,exact_mw,70a969f5042aec17ac076c6379f4170fb7c69b8e925756ef3b7334e28a33338b,"{""distance"":5,""physical_error_rate"":0.0001}","{""detection_events"":92374,""detectors_checked"":209420288}"
    100352,         0,         0,    3.02,exact_mw,f32ebecd8e105e50ec838d33c5ed9b45444b6b44a3c6ac541111079f2b14e893,"{""distance"":5,""physical_error_rate"":5e-05}","{""detection_events"":4858,""detectors_checked"":22478848}"
    239616,         1,         0,    16.4,exact_mw,bb90ec3459e353008cf9a5bb9142bf1e8515517a9e167021b225104594e48e8a,"{""distance"":5,""physical_error_rate"":0.001}","{""detection_events"":236125,""detectors_checked"":53673984,""obs_mistake_mask=E"":1}"
    951296,         0,         0,    16.2,exact_mw,cdc4a450a40af8e24899239080e4c40992fb5baf91c5a31ab3a165eacb3a1ab3,"{""distance"":5,""physical_error_rate"":0.0002}","{""detection_events"":188016,""detectors_checked"":213090304}"
     62464,         2,         0,    16.4,exact_mw,3208f56225bbcac0e2804eb6f92d0a8b681652a702ca1ec920ccd7367f0e0899,"{""distance"":5,""physical_error_rate"":0.002}","{""detection_events"":122503,""detectors_checked"":13991936,""obs_mistake_mask=E"":2}"
    106496,        10,         0,    22.8,exact_mw,3208f56225bbcac0e2804eb6f92d0a8b681652a702ca1ec920ccd7367f0e0899,"{""distance"":5,""physical_error_rate"":0.002}","{""detection_events"":207797,""detectors_checked"":23855104,""obs_mistake_mask=E"":10}"
       512,         1,         0,    1.59,exact_mw,38b7ae1c4e8407fc325e0d9e43e9f92ff26dcb3f5cf7b98d24ea74c9e5188d39,"{""distance"":5,""physical_error_rate"":0.005}","{""detection_events"":2502,""detectors_checked"":114688,""obs_mistake_mask=E"":1}"
    714752,         0,         0,    4.22,exact_mw,f32ebecd8e105e50ec838d33c5ed9b45444b6b44a3c6ac541111079f2b14e893,"{""distance"":5,""physical_error_rate"":5e-05}","{""detection_events"":35329,""detectors_checked"":160104448}"
     88064,         0,         0,    2.15,exact_mw,70a969f5042aec17ac076c6379f4170fb7c69b8e925756ef3b7334e28a33338b,"{""distance"":5,""physical_error_rate"":0.0001}","{""detection_events"":8740,""detectors_checked"":19726336}"
     58368,         0,         0,    2.20,exact_mw,cb12ae119b9b2ba18d0216e7235b403229e92fd0743ede48fe7f1a2c6f45d594,"{""distance"":5,""physical_error_rate"":0.0005}","{""detection_events"":29050,""detectors_checked"":13074432}"
       512,         1,         0,    1.73,exact_mw,38b7ae1c4e8407fc325e0d9e43e9f92ff26dcb3f5cf7b98d24ea74c9e5188d39,"{""distance"":5,""physical_error_rate"":0.005}","{""detection_events"":2507,""detectors_checked"":114688,""obs_mistake_mask=E"":1}"
      8192,         0,         0,    3.13,exact_mw,3208f56225bbcac0e2804eb6f92d0a8b681652a702ca1ec920ccd7367f0e0899,"{""distance"":5,""physical_error_rate"":0.002}","{""detection_events"":16075,""detectors_checked"":1835008}"
    129024,         0,         0,    4.20,exact_mw,cb12ae119b9b2ba18d0216e7235b403229e92fd0743ede48fe7f1a2c6f45d594,"{""distance"":5,""physical_error_rate"":0.0005}","{""detection_events"":64466,""detectors_checked"":28901376}"
     10240,         0,         0,    3.36,exact_mw,3208f56225bbcac0e2804eb6f92d0a8b681652a702ca1ec920ccd7367f0e0899,"{""distance"":5,""physical_error_rate"":0.002}","{""detection_events"":20357,""detectors_checked"":2293760}"
   1050624,         1,         0,    16.2,exact_mw,cb12ae119b9b2ba18d0216e7235b403229e92fd0743ede48fe7f1a2c6f45d594,"{""distance"":5,""physical_error_rate"":0.0005}","{""detection_events"":515981,""detectors_checked"":235339776,""obs_mistake_mask=E"":1}"
    402432,         0,         0,    4.24,exact_mw,70a969f5042aec17ac076c6379f4170fb7c69b8e925756ef3b7334e28a33338b,"{""distance"":5,""physical_error_rate"":0.0001}","{""detection_events"":40263,""detectors_checked"":90144768}"
    241664,         0,         0,    4.29,exact_mw,70a969f5042aec17ac076c6379f4170fb7c69b8e925756ef3b7334e28a33338b,"{""distance"":5,""physical_error_rate"":0.0001}","{""detection_events"":23696,""detectors_checked"":54132736}"
     49152,         1,         0,    4.30,exact_mw,bb90ec3459e353008cf9a5bb9142bf1e8515517a9e167021b225104594e48e8a,"{""distance"":5,""physical_error_rate"":0.001}","{""detection_events"":48310,""detectors_checked"":11010048,""obs_mistake_mask=E"":1}"
      1024,         1,         0,    2.61,exact_mw,38b7ae1c4e8407fc325e0d9e43e9f92ff26dcb3f5cf7b98d24ea74c9e5188d39,"{""distance"":5,""physical_error_rate"":0.005}","{""detection_events"":4732,""detectors_checked"":229376,""obs_mistake_mask=E"":1}"
     66560,         0,         0,    4.30,exact_mw,bb90ec3459e353008cf9a5bb9142bf1e8515517a9e167021b225104594e48e8a,"{""distance"":5,""physical_error_rate"":0.001}","{""detection_events"":65967,""detectors_checked"":14909440}"
       768,         2,         0,    2.22,exact_mw,38b7ae1c4e8407fc325e0d9e43e9f92ff26dcb3f5cf7b98d24ea74c9e5188d39,"{""distance"":5,""physical_error_rate"":0.005}","{""detection_events"":3913,""detectors_checked"":172032,""obs_mistake_mask=E"":2}"
    224256,         0,         0,    4.21,exact_mw,cdc4a450a40af8e24899239080e4c40992fb5baf91c5a31ab3a165eacb3a1ab3,"{""distance"":5,""physical_error_rate"":0.0002}","{""detection_events"":44815,""detectors_checked"":50233344}"
    222208,         0,         0,    4.23,exact_mw,cdc4a450a40af8e24899239080e4c40992fb5baf91c5a31ab3a165eacb3a1ab3,"{""distance"":5,""physical_error_rate"":0.0002}","{""detection_events"":44047,""detectors_checked"":49774592}"
    240640,         0,         0,    4.19,exact_mw,f32ebecd8e105e50ec838d33c5ed9b45444b6b44a3c6ac541111079f2b14e893,"{""distance"":5,""physical_error_rate"":5e-05}","{""detection_events"":12182,""detectors_checked"":53903360}"
    193536,         0,         0,    4.16,exact_mw,f32ebecd8e105e50ec838d33c5ed9b45444b6b44a3c6ac541111079f2b14e893,"{""distance"":5,""physical_error_rate"":5e-05}","{""detection_events"":9610,""detectors_checked"":43352064}"
    150528,         0,         0,    2.98,exact_mw,70a969f5042aec17ac076c6379f4170fb7c69b8e925756ef3b7334e28a33338b,"{""distance"":5,""physical_error_rate"":0.0001}","{""detection_events"":15002,""detectors_checked"":33718272}"
    107520,         0,         0,    3.09,exact_mw,cb12ae119b9b2ba18d0216e7235b403229e92fd0743ede48fe7f1a2c6f45d594,"{""distance"":5,""physical_error_rate"":0.0005}","{""detection_events"":53373,""detectors_checked"":24084480}"
   3336192,         1,         0,    31.9,exact_mw,cb12ae119b9b2ba18d0216e7235b403229e92fd0743ede48fe7f1a2c6f45d594,"{""distance"":5,""physical_error_rate"":0.0005}","{""detection_events"":1645850,""detectors_checked"":747307008,""obs_mistake_mask=E"":1}"
      8448,        15,         0,    23.3,exact_mw,38b7ae1c4e8407fc325e0d9e43e9f92ff26dcb3f5cf7b98d24ea74c9e5188d39,"{""distance"":5,""physical_error_rate"":0.005}","{""detection_events"":40292,""detectors_checked"":1892352,""obs_mistake_mask=E"":15}"
   7731200,         0,         0,    31.8,exact_mw,70a969f5042aec17ac076c6379f4170fb7c69b8e925756ef3b7334e28a33338b,"{""distance"":5,""physical_error_rate"":0.0001}","{""detection_events"":762393,""detectors_checked"":1731788800}"
      1280,         2,         0,    3.18,exact_mw,38b7ae1c4e8407fc325e0d9e43e9f92ff26dcb3f5cf7b98d24ea74c9e5188d39,"{""distance"":5,""physical_error_rate"":0.005}","{""detection_events"":5936,""detectors_checked"":286720,""obs_mistake_mask=E"":2}"
     14336,         3,         0,    4.32,exact_mw,3208f56225bbcac0e2804eb6f92d0a8b681652a702ca1ec920ccd7367f0e0899,"{""distance"":5,""physical_error_rate"":0.002}","{""detection_events"":27750,""detectors_checked"":3211264,""obs_mistake_mask=E"":3}"
     56320,         4,         0,    16.6,exact_mw,3208f56225bbcac0e2804eb6f92d0a8b681652a702ca1ec920ccd7367f0e0899,"{""distance"":5,""physical_error_rate"":0.002}","{""detection_events"":110891,""detectors_checked"":12615680,""obs_mistake_mask=E"":4}"
      7936,         7,         0,    23.6,exact_mw,38b7ae1c4e8407fc325e0d9e43e9f92ff26dcb3f5cf7b98d24ea74c9e5188d39,"{""distance"":5,""physical_error_rate"":0.005}","{""detection_events"":38132,""detectors_checked"":1777664,""obs_mistake_mask=E"":7}"
      1280,         3,         0,    3.27,exact_mw,38b7ae1c4e8407fc325e0d9e43e9f92ff26dcb3f5cf7b98d24ea74c9e5188d39,"{""distance"":5,""physical_error_rate"":0.005}","{""detection_events"":6014,""detectors_checked"":286720,""obs_mistake_mask=E"":3}"
   1056768,         0,         0,    5.93,exact_mw,f32ebecd8e105e50ec838d33c5ed9b45444b6b44a3c6ac541111079f2b14e893,"{""distance"":5,""physical_error_rate"":5e-05}","{""detection_events"":51848,""detectors_checked"":236716032}"
   1692672,         0,         0,    31.7,exact_mw,f32ebecd8e105e50ec838d33c5ed9b45444b6b44a3c6ac541111079f2b14e893,"{""distance"":5,""physical_error_rate"":5e-05}","{""detection_events"":83332,""detectors_checked"":379158528}"
     14336,         1,         0,    4.46,exact_mw,3208f56225bbcac0e2804eb6f92d0a8b681652a702ca1ec920ccd7367f0e0899,"{""distance"":5,""physical_error_rate"":0.002}","{""detection_events"":27714,""detectors_checked"":3211264,""obs_mistake_mask=E"":1}"
   1920000,        13,         0,    31.9,exact_mw,bb90ec3459e353008cf9a5bb9142bf1e8515517a9e167021b225104594e48e8a,"{""distance"":5,""physical_error_rate"":0.001}","{""detection_events"":1884025,""detectors_checked"":430080000,""obs_mistake_mask=E"":13}"
    522240,         4,         0,    31.7,exact_mw,bb90ec3459e353008cf9a5bb9142bf1e8515517a9e167021b225104594e48e8a,"{""distance"":5,""physical_error_rate"":0.001}","{""detection_events"":512123,""detectors_checked"":116981760,""obs_mistake_mask=E"":4}"
   2017280,         0,         0,    31.7,exact_mw,70a969f5042aec17ac076c6379f4170fb7c69b8e925756ef3b7334e28a33338b,"{""distance"":5,""physical_error_rate"":0.0001}","{""detection_events"":198481,""detectors_checked"":451870720}"
   1633280,         0,         0,    31.5,exact_mw,cdc4a450a40af8e24899239080e4c40992fb5baf91c5a31ab3a165eacb3a1ab3,"{""distance"":5,""physical_error_rate"":0.0002}","{""detection_events"":322771,""detectors_checked"":365854720}"
   1746944,         0,         0,    31.7,exact_mw,70a969f5042aec17ac076c6379f4170fb7c69b8e925756ef3b7334e28a33338b,"{""distance"":5,""physical_error_rate"":0.0001}","{""detection_events"":171815,""detectors_checked"":391315456}"
   1718272,         0,         0,    31.7,exact_mw,70a969f5042aec17ac076c6379f4170fb7c69b8e925756ef3b7334e28a33338b,"{""distance"":5,""physical_error_rate"":0.0001}","{""detection_events"":170859,""detectors_checked"":384892928}"
   3204096,         0,         0,    31.8,exact_mw,cdc4a450a40af8e24899239080e4c40992fb5baf91c5a31ab3a165eacb3a1ab3,"{""distance"":5,""physical_error_rate"":0.0002}","{""detection_events"":631994,""detectors_checked"":717717504}"
      5888,         9,         0,    16.9,exact_mw,38b7ae1c4e8407fc325e0d9e43e9f92ff26dcb3f5cf7b98d24ea74c9e5188d39,"{""distance"":5,""physical_error_rate"":0.005}","{""detection_events"":28115,""detectors_checked"":1318912,""obs_mistake_mask=E"":9}"
   1908736,         0,         0,    31.6,exact_mw,f32ebecd8e105e50ec838d33c5ed9b45444b6b44a3c6ac541111079f2b14e893,"{""distance"":5,""physical_error_rate"":5e-05}","{""detection_events"":93804,""detectors_checked"":427556864}"
   5167104,         0,         0,    31.8,exact_mw,f32ebecd8e105e50ec838d33c5ed9b45444b6b44a3c6ac541111079f2b14e893,"{""distance"":5,""physical_error_rate"":5e-05}","{""detection_events"":255681,""detectors_checked"":1157431296}"
    310272,         0,         0,    4.24,exact_mw,70a969f5042aec17ac076c6379f4170fb7c69b8e925756ef3b7334e28a33338b,"{""distance"":5,""physical_error_rate"":0.0001}","{""detection_events"":30546,""detectors_checked"":69500928}"
    333824,         0,         0,    5.95,exact_mw,cb12ae119b9b2ba18d0216e7235b403229e92fd0743ede48fe7f1a2c6f45d594,"{""distance"":5,""physical_error_rate"":0.0005}","{""detection_events"":163904,""detectors_checked"":74776576}"
    165888,         0,         0,    4.22,exact_mw,cb12ae119b9b2ba18d0216e7235b403229e92fd0743ede48fe7f1a2c6f45d594,"{""distance"":5,""physical_error_rate"":0.0005}","{""detection_events"":81923,""detectors_checked"":37158912}"
   3958784,         0,         0,    31.8,exact_mw,cdc4a450a40af8e24899239080e4c40992fb5baf91c5a31ab3a165eacb3a1ab3,"{""distance"":5,""physical_error_rate"":0.0002}","{""detection_events"":780023,""detectors_checked"":886767616}"
    970752,         0,         0,    31.7,exact_mw,cb12ae119b9b2ba18d0216e7235b403229e92fd0743ede48fe7f1a2c6f45d594,"{""distance"":5,""physical_error_rate"":0.0005}","{""detection_events"":478295,""detectors_checked"":217448448}"
   1759232,         0,         0,    31.7,exact_mw,70a969f5042aec17ac076c6379f4170fb7c69b8e925756ef3b7334e28a33338b,"{""distance"":5,""physical_error_rate"":0.0001}","{""detection_events"":173527,""detectors_checked"":394067968}"
   1835008,         0,         0,    31.6,exact_mw,cdc4a450a40af8e24899239080e4c40992fb5baf91c5a31ab3a165eacb3a1ab3,"{""distance"":5,""physical_error_rate"":0.0002}","{""detection_events"":360463,""detectors_checked"":411041792}"
   1607680,         0,         0,    31.7,exact_mw,f32ebecd8e105e50ec838d33c5ed9b45444b6b44a3c6ac541111079f2b14e893,"{""distance"":5,""physical_error_rate"":5e-05}","{""detection_events"":78831,""detectors_checked"":360120320}"
    409600,         0,         0,    5.91,exact_mw,70a969f5042aec17ac076c6379f4170fb7c69b8e925756ef3b7334e28a33338b,"{""distance"":5,""physical_error_rate"":0.0001}","{""detection_events"":40068,""detectors_checked"":91750400}"
   1276928,         0,         0,    31.7,exact_mw,cb12ae119b9b2ba18d0216e7235b403229e92fd0743ede48fe7f1a2c6f45d594,"{""distance"":5,""physical_error_rate"":0.0005}","{""detection_events"":628800,""detectors_checked"":286031872}"
   1695744,         0,         0,    31.5,exact_mw,f32ebecd8e105e50ec838d33c5ed9b45444b6b44a3c6ac541111079f2b14e893,"{""distance"":5,""physical_error_rate"":5e-05}","{""detection_events"":83500,""detectors_checked"":379846656}"
   1255424,         1,         0,    31.8,exact_mw,cb12ae119b9b2ba18d0216e7235b403229e92fd0743ede48fe7f1a2c6f45d594,"{""distance"":5,""physical_error_rate"":0.0005}","{""detection_events"":616799,""detectors_checked"":281214976,""obs_mistake_mask=E"":1}"
    337920,         0,         0,    5.92,exact_mw,70a969f5042aec17ac076c6379f4170fb7c69b8e925756ef3b7334e28a33338b,"{""distance"":5,""physical_error_rate"":0.0001}","{""detection_events"":33079,""detectors_checked"":75694080}"
    176128,         3,         0,    6.00,exact_mw,bb90ec3459e353008cf9a5bb9142bf1e8515517a9e167021b225104594e48e8a,"{""distance"":5,""physical_error_rate"":0.001}","{""detection_events"":171811,""detectors_checked"":39452672,""obs_mistake_mask=E"":3}"
   2951168,         0,         0,    31.8,exact_mw,cb12ae119b9b2ba18d0216e7235b403229e92fd0743ede48fe7f1a2c6f45d594,"{""distance"":5,""physical_error_rate"":0.0005}","{""detection_events"":1449013,""detectors_checked"":661061632}"
   1781760,         0,         0,    31.8,exact_mw,70a969f5042aec17ac076c6379f4170fb7c69b8e925756ef3b7334e28a33338b,"{""distance"":5,""physical_error_rate"":0.0001}","{""detection_events"":175718,""detectors_checked"":399114240}"
   1111040,         0,         0,    31.5,exact_mw,cb12ae119b9b2ba18d0216e7235b403229e92fd0743ede48fe7f1a2c6f45d594,"{""distance"":5,""physical_error_rate"":0.0005}","{""detection_events"":545743,""detectors_checked"":248872960}"
   1893376,         0,         0,    31.7,exact_mw,f32ebecd8e105e50ec838d33c5ed9b45444b6b44a3c6ac541111079f2b14e893,"{""distance"":5,""physical_error_rate"":5e-05}","{""detection_events"":92831,""detectors_checked"":424116224}"
    473088,         5,         0,    31.9,exact_mw,bb90ec3459e353008cf9a5bb9142bf1e8515517a9e167021b225104594e48e8a,"{""distance"":5,""physical_error_rate"":0.001}","{""detection_events"":463224,""detectors_checked"":105971712,""obs_mistake_mask=E"":5}"
     92160,         1,         0,    6.03,exact_mw,bb90ec3459e353008cf9a5bb9142bf1e8515517a9e167021b225104594e48e8a,"{""distance"":5,""physical_error_rate"":0.001}","{""detection_events"":90503,""detectors_checked"":20643840,""obs_mistake_mask=E"":1}"
    322560,         0,         0,    5.93,exact_mw,cdc4a450a40af8e24899239080e4c40992fb5baf91c5a31ab3a165eacb3a1ab3,"{""distance"":5,""physical_error_rate"":0.0002}","{""detection_events"":63071,""detectors_checked"":72253440}"
    318464,         0,         0,    5.93,exact_mw,cdc4a450a40af8e24899239080e4c40992fb5baf91c5a31ab3a165eacb3a1ab3,"{""distance"":5,""physical_error_rate"":0.0002}","{""detection_events"":63214,""detectors_checked"":71335936}"
    331776,         0,         0,    5.89,exact_mw,f32ebecd8e105e50ec838d33c5ed9b45444b6b44a3c6ac541111079f2b14e893,"{""distance"":5,""physical_error_rate"":5e-05}","{""detection_events"":16001,""detectors_checked"":74317824}"
   2252800,         0,         0,    31.7,exact_mw,f32ebecd8e105e50ec838d33c5ed9b45444b6b44a3c6ac541111079f2b14e893,"{""distance"":5,""physical_error_rate"":5e-05}","{""detection_events"":112061,""detectors_checked"":504627200}"
    605184,         3,         0,    32.0,exact_mw,bb90ec3459e353008cf9a5bb9142bf1e8515517a9e167021b225104594e48e8a,"{""distance"":5,""physical_error_rate"":0.001}","{""detection_events"":595932,""detectors_checked"":135561216,""obs_mistake_mask=E"":3}"
   1807360,         0,         0,    31.9,exact_mw,cdc4a450a40af8e24899239080e4c40992fb5baf91c5a31ab3a165eacb3a1ab3,"{""distance"":5,""physical_error_rate"":0.0002}","{""detection_events"":356670,""detectors_checked"":404848640}"
    520192,         4,         0,    32.0,exact_mw,bb90ec3459e353008cf9a5bb9142bf1e8515517a9e167021b225104594e48e8a,"{""distance"":5,""physical_error_rate"":0.001}","{""detection_events"":510138,""detectors_checked"":116523008,""obs_mistake_mask=E"":4}"
   1637376,         0,         0,    31.5,exact_mw,cdc4a450a40af8e24899239080e4c40992fb5baf91c5a31ab3a165eacb3a1ab3,"{""distance"":5,""physical_error_rate"":0.0002}","{""detection_events"":321739,""detectors_checked"":366772224}"
   1765376,         0,         0,    31.7,exact_mw,cdc4a450a40af8e24899239080e4c40992fb5baf91c5a31ab3a165eacb3a1ab3,"{""distance"":5,""physical_error_rate"":0.0002}","{""detection_events"":349329,""detectors_checked"":395444224}"
    282624,         0,         0,    5.87,exact_mw,f32ebecd8e105e50ec838d33c5ed9b45444b6b44a3c6ac541111079f2b14e893,"{""distance"":5,""physical_error_rate"":5e-05}","{""detection_events"":13819,""detectors_checked"":63307776}"
   2222080,         0,         0,    31.6,exact_mw,70a969f5042aec17ac076c6379f4170fb7c69b8e925756ef3b7334e28a33338b,"{""distance"":5,""physical_error_rate"":0.0001}","{""detection_events"":219657,""detectors_checked"":497745920}"
    423936,         7,         0,    31.9,exact_mw,bb90ec3459e353008cf9a5bb9142bf1e8515517a9e167021b225104594e48e8a,"{""distance"":5,""physical_error_rate"":0.001}","{""detection_events"":417643,""detectors_checked"":94961664,""obs_mistake_mask=E"":7}"
   1708032,         0,         0,    31.7,exact_mw,70a969f5042aec17ac076c6379f4170fb7c69b8e925756ef3b7334e28a33338b,"{""distance"":5,""physical_error_rate"":0.0001}","{""detection_events"":168602,""detectors_checked"":382599168}"
    545792,         1,         0,    31.9,exact_mw,bb90ec3459e353008cf9a5bb9142bf1e8515517a9e167021b225104594e48e8a,"{""distance"":5,""physical_error_rate"":0.001}","{""detection_events"":535296,""detectors_checked"":122257408,""obs_mistake_mask=E"":1}"
   1452032,         2,         0,    31.7,exact_mw,cb12ae119b9b2ba18d0216e7235b403229e92fd0743ede48fe7f1a2c6f45d594,"{""distance"":5,""physical_error_rate"":0.0005}","{""detection_events"":714128,""detectors_checked"":325255168,""obs_mistake_mask=E"":2}"
   1220608,         1,         0,    31.6,exact_mw,cb12ae119b9b2ba18d0216e7235b403229e92fd0743ede48fe7f1a2c6f45d594,"{""distance"":5,""physical_error_rate"":0.0005}","{""detection_events"":599734,""detectors_checked"":273416192,""obs_mistake_mask=E"":1}"
   1275904,         0,         0,    31.7,exact_mw,f32ebecd8e105e50ec838d33c5ed9b45444b6b44a3c6ac541111079f2b14e893,"{""distance"":5,""physical_error_rate"":5e-05}","{""detection_events"":63323,""detectors_checked"":285802496}"
   1786880,         0,         0,    31.5,exact_mw,cdc4a450a40af8e24899239080e4c40992fb5baf91c5a31ab3a165eacb3a1ab3,"{""distance"":5,""physical_error_rate"":0.0002}","{""detection_events"":352984,""detectors_checked"":400261120}"
   1636352,         0,         0,    31.7,exact_mw,cdc4a450a40af8e24899239080e4c40992fb5baf91c5a31ab3a165eacb3a1ab3,"{""distance"":5,""physical_error_rate"":0.0002}","{""detection_events"":322618,""detectors_checked"":366542848}"
   1145856,         0,         0,    31.6,exact_mw,cb12ae119b9b2ba18d0216e7235b403229e92fd0743ede48fe7f1a2c6f45d594,"{""distance"":5,""physical_error_rate"":0.0005}","{""detection_events"":562251,""detectors_checked"":256671744}"
      1792,         1,         0,    4.56,exact_mw,38b7ae1c4e8407fc325e0d9e43e9f92ff26dcb3f5cf7b98d24ea74c9e5188d39,"{""distance"":5,""physical_error_rate"":0.005}","{""detection_events"":8412,""detectors_checked"":401408,""obs_mistake_mask=E"":1}"
    106496,         8,         0,    32.3,exact_mw,3208f56225bbcac0e2804eb6f92d0a8b681652a702ca1ec920ccd7367f0e0899,"{""distance"":5,""physical_error_rate"":0.002}","{""detection_events"":207814,""detectors_checked"":23855104,""obs_mistake_mask=E"":8}"
   1332224,         1,         0,    31.7,exact_mw,cb12ae119b9b2ba18d0216e7235b403229e92fd0743ede48fe7f1a2c6f45d594,"{""distance"":5,""physical_error_rate"":0.0005}","{""detection_events"":653046,""detectors_checked"":298418176,""obs_mistake_mask=E"":1}"
   3915776,         0,         0,    31.8,exact_mw,70a969f5042aec17ac076c6379f4170fb7c69b8e925756ef3b7334e28a33338b,"{""distance"":5,""physical_error_rate"":0.0001}","{""detection_events"":385694,""detectors_checked"":877133824}"
   1512448,         0,         0,    31.6,exact_mw,cdc4a450a40af8e24899239080e4c40992fb5baf91c5a31ab3a165eacb3a1ab3,"{""distance"":5,""physical_error_rate"":0.0002}","{""detection_events"":298322,""detectors_checked"":338788352}"
      1536,         1,         0,    4.60,exact_mw,38b7ae1c4e8407fc325e0d9e43e9f92ff26dcb3f5cf7b98d24ea74c9e5188d39,"{""distance"":5,""physical_error_rate"":0.005}","{""detection_events"":7336,""detectors_checked"":344064,""obs_mistake_mask=E"":1}"
    103424,         7,         0,    32.4,exact_mw,3208f56225bbcac0e2804eb6f92d0a8b681652a702ca1ec920ccd7367f0e0899,"{""distance"":5,""physical_error_rate"":0.002}","{""detection_events"":201858,""detectors_checked"":23166976,""obs_mistake_mask=E"":7}"
    100352,         5,         0,    32.1,exact_mw,3208f56225bbcac0e2804eb6f92d0a8b681652a702ca1ec920ccd7367f0e0899,"{""distance"":5,""physical_error_rate"":0.002}","{""detection_events"":195422,""detectors_checked"":22478848,""obs_mistake_mask=E"":5}"
    104448,         4,         0,    32.5,exact_mw,3208f56225bbcac0e2804eb6f92d0a8b681652a702ca1ec920ccd7367f0e0899,"{""distance"":5,""physical_error_rate"":0.002}","{""detection_events"":204581,""detectors_checked"":23396352,""obs_mistake_mask=E"":4}"
    534528,         1,         0,    31.9,exact_mw,bb90ec3459e353008cf9a5bb9142bf1e8515517a9e167021b225104594e48e8a,"{""distance"":5,""physical_error_rate"":0.001}","{""detection_events"":525406,""detectors_checked"":119734272,""obs_mistake_mask=E"":1}"
    223232,        11,         0,    32.2,exact_mw,3208f56225bbcac0e2804eb6f92d0a8b681652a702ca1ec920ccd7367f0e0899,"{""distance"":5,""physical_error_rate"":0.002}","{""detection_events"":437026,""detectors_checked"":50003968,""obs_mistake_mask=E"":11}"
     19456,         1,         0,    6.28,exact_mw,3208f56225bbcac0e2804eb6f92d0a8b681652a702ca1ec920ccd7367f0e0899,"{""distance"":5,""physical_error_rate"":0.002}","{""detection_events"":37758,""detectors_checked"":4358144,""obs_mistake_mask=E"":1}"
   2222080,         0,         0,    31.6,exact_mw,f32ebecd8e105e50ec838d33c5ed9b45444b6b44a3c6ac541111079f2b14e893,"{""distance"":5,""physical_error_rate"":5e-05}","{""detection_events"":110158,""detectors_checked"":497745920}"
    484352,         3,         0,    32.0,exact_mw,bb90ec3459e353008cf9a5bb9142bf1e8515517a9e167021b225104594e48e8a,"{""distance"":5,""physical_error_rate"":0.001}","{""detection_events"":475172,""detectors_checked"":108494848,""obs_mistake_mask=E"":3}"
    490496,         3,         0,    31.9,exact_mw,bb90ec3459e353008cf9a5bb9142bf1e8515517a9e167021b225104594e48e8a,"{""distance"":5,""physical_error_rate"":0.001}","{""detection_events"":481958,""detectors_checked"":109871104,""obs_mistake_mask=E"":3}"
     19456,         0,         0,    6.18,exact_mw,3208f56225bbcac0e2804eb6f92d0a8b681652a702ca1ec920ccd7367f0e0899,"{""distance"":5,""physical_error_rate"":0.002}","{""detection_events"":37900,""detectors_checked"":4358144}"
    106496,         4,         0,    32.2,exact_mw,3208f56225bbcac0e2804eb6f92d0a8b681652a702ca1ec920ccd7367f0e0899,"{""distance"":5,""physical_error_rate"":0.002}","{""detection_events"":206510,""detectors_checked"":23855104,""obs_mistake_mask=E"":4}"
    107520,         6,         0,    32.3,exact_mw,3208f56225bbcac0e2804eb6f92d0a8b681652a702ca1ec920ccd7367f0e0899,"{""distance"":5,""physical_error_rate"":0.002}","{""detection_events"":210821,""detectors_checked"":24084480,""obs_mistake_mask=E"":6}"
     98304,         5,         0,    32.2,exact_mw,3208f56225bbcac0e2804eb6f92d0a8b681652a702ca1ec920ccd7367f0e0899,"{""distance"":5,""physical_error_rate"":0.002}","{""detection_events"":191093,""detectors_checked"":22020096,""obs_mistake_mask=E"":5}"
    470016,         0,         0,    5.95,exact_mw,70a969f5042aec17ac076c6379f4170fb7c69b8e925756ef3b7334e28a33338b,"{""distance"":5,""physical_error_rate"":0.0001}","{""detection_events"":45772,""detectors_checked"":105283584}"
     14080,        12,         0,    32.5,exact_mw,38b7ae1c4e8407fc325e0d9e43e9f92ff26dcb3f5cf7b98d24ea74c9e5188d39,"{""distance"":5,""physical_error_rate"":0.005}","{""detection_events"":68013,""detectors_checked"":3153920,""obs_mistake_mask=E"":12}"
    185344,         1,         0,    5.89,exact_mw,cb12ae119b9b2ba18d0216e7235b403229e92fd0743ede48fe7f1a2c6f45d594,"{""distance"":5,""physical_error_rate"":0.0005}","{""detection_events"":90980,""detectors_checked"":41517056,""obs_mistake_mask=E"":1}"
   1762304,         0,         0,    8.33,exact_mw,f32ebecd8e105e50ec838d33c5ed9b45444b6b44a3c6ac541111079f2b14e893,"{""distance"":5,""physical_error_rate"":5e-05}","{""detection_events"":87423,""detectors_checked"":394756096}"
     95232,         4,         0,    32.2,exact_mw,3208f56225bbcac0e2804eb6f92d0a8b681652a702ca1ec920ccd7367f0e0899,"{""distance"":5,""physical_error_rate"":0.002}","{""detection_events"":188680,""detectors_checked"":21331968,""obs_mistake_mask=E"":4}"
     13312,        12,         0,    32.7,exact_mw,38b7ae1c4e8407fc325e0d9e43e9f92ff26dcb3f5cf7b98d24ea74c9e5188d39,"{""distance"":5,""physical_error_rate"":0.005}","{""detection_events"":63671,""detectors_checked"":2981888,""obs_mistake_mask=E"":12}"
    102400,         7,         0,    32.4,exact_mw,3208f56225bbcac0e2804eb6f92d0a8b681652a702ca1ec920ccd7367f0e0899,"{""distance"":5,""physical_error_rate"":0.002}","{""detection_events"":199178,""detectors_checked"":22937600,""obs_mistake_mask=E"":7}"
     11776,        13,         0,    32.9,exact_mw,38b7ae1c4e8407fc325e0d9e43e9f92ff26dcb3f5cf7b98d24ea74c9e5188d39,"{""distance"":5,""physical_error_rate"":0.005}","{""detection_events"":56647,""detectors_checked"":2637824,""obs_mistake_mask=E"":13}"
    747520,         1,         0,    8.29,exact_mw,cb12ae119b9b2ba18d0216e7235b403229e92fd0743ede48fe7f1a2c6f45d594,"{""distance"":5,""physical_error_rate"":0.0005}","{""detection_events"":367288,""detectors_checked"":167444480,""obs_mistake_mask=E"":1}"
    499712,         0,         0,    8.29,exact_mw,70a969f5042aec17ac076c6379f4170fb7c69b8e925756ef3b7334e28a33338b,"{""distance"":5,""physical_error_rate"":0.0001}","{""detection_events"":48745,""detectors_checked"":111935488}"
    434176,         0,         0,    8.37,exact_mw,70a969f5042aec17ac076c6379f4170fb7c69b8e925756ef3b7334e28a33338b,"{""distance"":5,""physical_error_rate"":0.0001}","{""detection_events"":43212,""detectors_checked"":97255424}"
      2048,         1,         0,    6.58,exact_mw,38b7ae1c4e8407fc325e0d9e43e9f92ff26dcb3f5cf7b98d24ea74c9e5188d39,"{""distance"":5,""physical_error_rate"":0.005}","{""detection_events"":9969,""detectors_checked"":458752,""obs_mistake_mask=E"":1}"
    252928,         2,         0,    8.36,exact_mw,bb90ec3459e353008cf9a5bb9142bf1e8515517a9e167021b225104594e48e8a,"{""distance"":5,""physical_error_rate"":0.001}","{""detection_events"":248212,""detectors_checked"":56655872,""obs_mistake_mask=E"":2}"
     10752,        12,         0,    32.4,exact_mw,38b7ae1c4e8407fc325e0d9e43e9f92ff26dcb3f5cf7b98d24ea74c9e5188d39,"{""distance"":5,""physical_error_rate"":0.005}","{""detection_events"":51785,""detectors_checked"":2408448,""obs_mistake_mask=E"":12}"
    141312,         2,         0,    8.39,exact_mw,bb90ec3459e353008cf9a5bb9142bf1e8515517a9e167021b225104594e48e8a,"{""distance"":5,""physical_error_rate"":0.001}","{""detection_events"":138673,""detectors_checked"":31653888,""obs_mistake_mask=E"":2}"
    459776,         0,         0,    8.20,exact_mw,cdc4a450a40af8e24899239080e4c40992fb5baf91c5a31ab3a165eacb3a1ab3,"{""distance"":5,""physical_error_rate"":0.0002}","{""detection_events"":90629,""detectors_checked"":102989824}"
    493568,         0,         0,    8.25,exact_mw,cdc4a450a40af8e24899239080e4c40992fb5baf91c5a31ab3a165eacb3a1ab3,"{""distance"":5,""physical_error_rate"":0.0002}","{""detection_events"":97615,""detectors_checked"":110559232}"
    427008,         0,         0,    8.24,exact_mw,f32ebecd8e105e50ec838d33c5ed9b45444b6b44a3c6ac541111079f2b14e893,"{""distance"":5,""physical_error_rate"":5e-05}","{""detection_events"":21199,""detectors_checked"":95649792}"
      2304,         3,         0,    6.79,exact_mw,38b7ae1c4e8407fc325e0d9e43e9f92ff26dcb3f5cf7b98d24ea74c9e5188d39,"{""distance"":5,""physical_error_rate"":0.005}","{""detection_events"":11140,""detectors_checked"":516096,""obs_mistake_mask=E"":3}"
    338944,         0,         0,    8.30,exact_mw,f32ebecd8e105e50ec838d33c5ed9b45444b6b44a3c6ac541111079f2b14e893,"{""distance"":5,""physical_error_rate"":5e-05}","{""detection_events"":16359,""detectors_checked"":75923456}"
      9600,         5,         0,    32.5,exact_mw,38b7ae1c4e8407fc325e0d9e43e9f92ff26dcb3f5cf7b98d24ea74c9e5188d39,"{""distance"":5,""physical_error_rate"":0.005}","{""detection_events"":45839,""detectors_checked"":2150400,""obs_mistake_mask=E"":5}"
     11008,        11,         0,    32.5,exact_mw,38b7ae1c4e8407fc325e0d9e43e9f92ff26dcb3f5cf7b98d24ea74c9e5188d39,"{""distance"":5,""physical_error_rate"":0.005}","{""detection_events"":53036,""detectors_checked"":2465792,""obs_mistake_mask=E"":11}"
     11776,        23,         0,    32.5,exact_mw,38b7ae1c4e8407fc325e0d9e43e9f92ff26dcb3f5cf7b98d24ea74c9e5188d39,"{""distance"":5,""physical_error_rate"":0.005}","{""detection_events"":57605,""detectors_checked"":2637824,""obs_mistake_mask=E"":23}"
   1719296,         0,         0,    31.9,exact_mw,70a969f5042aec17ac076c6379f4170fb7c69b8e925756ef3b7334e28a33338b,"{""distance"":5,""physical_error_rate"":0.0001}","{""detection_events"":169491,""detectors_checked"":385122304}"
   1267712,         0,         0,    31.9,exact_mw,cb12ae119b9b2ba18d0216e7235b403229e92fd0743ede48fe7f1a2c6f45d594,"{""distance"":5,""physical_error_rate"":0.0005}","{""detection_events"":624460,""detectors_checked"":283967488}"
   1574912,         0,         0,    31.8,exact_mw,f32ebecd8e105e50ec838d33c5ed9b45444b6b44a3c6ac541111079f2b14e893,"{""distance"":5,""physical_error_rate"":5e-05}","{""detection_events"":77144,""detectors_checked"":352780288}"
   1710080,         0,         0,    31.9,exact_mw,f32ebecd8e105e50ec838d33c5ed9b45444b6b44a3c6ac541111079f2b14e893,"{""distance"":5,""physical_error_rate"":5e-05}","{""detection_events"":84133,""detectors_checked"":383057920}"
   1118208,         0,         0,    22.5,exact_mw,f32ebecd8e105e50ec838d33c5ed9b45444b6b44a3c6ac541111079f2b14e893,"{""distance"":5,""physical_error_rate"":5e-05}","{""detection_events"":55129,""detectors_checked"":250478592}"
   1601536,         0,         0,    22.7,exact_mw,cdc4a450a40af8e24899239080e4c40992fb5baf91c5a31ab3a165eacb3a1ab3,"{""distance"":5,""physical_error_rate"":0.0002}","{""detection_events"":314934,""detectors_checked"":358744064}"
     12800,        17,         0,    32.7,exact_mw,38b7ae1c4e8407fc325e0d9e43e9f92ff26dcb3f5cf7b98d24ea74c9e5188d39,"{""distance"":5,""physical_error_rate"":0.005}","{""detection_events"":61141,""detectors_checked"":2867200,""obs_mistake_mask=E"":17}"
    487424,         2,         0,    32.0,exact_mw,bb90ec3459e353008cf9a5bb9142bf1e8515517a9e167021b225104594e48e8a,"{""distance"":5,""physical_error_rate"":0.001}","{""detection_events"":479562,""detectors_checked"":109182976,""obs_mistake_mask=E"":2}"
   1631232,         0,         0,    31.8,exact_mw,cdc4a450a40af8e24899239080e4c40992fb5baf91c5a31ab3a165eacb3a1ab3,"{""distance"":5,""physical_error_rate"":0.0002}","{""detection_events"":322176,""detectors_checked"":365395968}"
   1667072,         0,         0,    31.7,exact_mw,70a969f5042aec17ac076c6379f4170fb7c69b8e925756ef3b7334e28a33338b,"{""distance"":5,""physical_error_rate"":0.0001}","{""detection_events"":163305,""detectors_checked"":373424128}"
   1556480,         0,         0,    31.7,exact_mw,cdc4a450a40af8e24899239080e4c40992fb5baf91c5a31ab3a165eacb3a1ab3,"{""distance"":5,""physical_error_rate"":0.0002}","{""detection_events"":307342,""detectors_checked"":348651520}"
   1650688,         0,         0,    31.8,exact_mw,cdc4a450a40af8e24899239080e4c40992fb5baf91c5a31ab3a165eacb3a1ab3,"{""distance"":5,""physical_error_rate"":0.0002}","{""detection_events"":325962,""detectors_checked"":369754112}"
   1389568,         0,         0,    31.6,exact_mw,f32ebecd8e105e50ec838d33c5ed9b45444b6b44a3c6ac541111079f2b14e893,"{""distance"":5,""physical_error_rate"":5e-05}","{""detection_events"":69095,""detectors_checked"":311263232}"
    441344,         1,         0,    32.0,exact_mw,bb90ec3459e353008cf9a5bb9142bf1e8515517a9e167021b225104594e48e8a,"{""distance"":5,""physical_error_rate"":0.001}","{""detection_events"":431953,""detectors_checked"":98861056,""obs_mistake_mask=E"":1}"
   1204224,         0,         0,    22.7,exact_mw,70a969f5042aec17ac076c6379f4170fb7c69b8e925756ef3b7334e28a33338b,"{""distance"":5,""physical_error_rate"":0.0001}","{""detection_events"":120152,""detectors_checked"":269746176}"
   1604608,         0,         0,    31.8,exact_mw,cb12ae119b9b2ba18d0216e7235b403229e92fd0743ede48fe7f1a2c6f45d594,"{""distance"":5,""physical_error_rate"":0.0005}","{""detection_events"":788893,""detectors_checked"":359432192}"
   1229824,         0,         0,    22.7,exact_mw,f32ebecd8e105e50ec838d33c5ed9b45444b6b44a3c6ac541111079f2b14e893,"{""distance"":5,""physical_error_rate"":5e-05}","{""detection_events"":61002,""detectors_checked"":275480576}"
     11264,         8,         0,    32.4,exact_mw,38b7ae1c4e8407fc325e0d9e43e9f92ff26dcb3f5cf7b98d24ea74c9e5188d39,"{""distance"":5,""physical_error_rate"":0.005}","{""detection_events"":53826,""detectors_checked"":2523136,""obs_mistake_mask=E"":8}"
   1659904,         0,         0,    31.7,exact_mw,f32ebecd8e105e50ec838d33c5ed9b45444b6b44a3c6ac541111079f2b14e893,"{""distance"":5,""physical_error_rate"":5e-05}","{""detection_events"":81231,""detectors_checked"":371818496}"
     47104,        61,         0,    32.8,exact_mw,38b7ae1c4e8407fc325e0d9e43e9f92ff26dcb3f5cf7b98d24ea74c9e5188d39,"{""distance"":5,""physical_error_rate"":0.005}","{""detection_events"":227500,""detectors_checked"":10551296,""obs_mistake_mask=E"":61}"
   1595392,         0,         0,    31.7,exact_mw,70a969f5042aec17ac076c6379f4170fb7c69b8e925756ef3b7334e28a33338b,"{""distance"":5,""physical_error_rate"":0.0001}","{""detection_events"":158364,""detectors_checked"":357367808}"
   1724416,         0,         0,    31.7,exact_mw,70a969f5042aec17ac076c6379f4170fb7c69b8e925756ef3b7334e28a33338b,"{""distance"":5,""physical_error_rate"":0.0001}","{""detection_events"":169569,""detectors_checked"":386269184}"
   1266688,         1,         0,    31.8,exact_mw,cb12ae119b9b2ba18d0216e7235b403229e92fd0743ede48fe7f1a2c6f45d594,"{""distance"":5,""physical_error_rate"":0.0005}","{""detection_events"":623680,""detectors_checked"":283738112,""obs_mistake_mask=E"":1}"
    515072,         3,         0,    32.0,exact_mw,bb90ec3459e353008cf9a5bb9142bf1e8515517a9e167021b225104594e48e8a,"{""distance"":5,""physical_error_rate"":0.001}","{""detection_events"":504251,""detectors_checked"":115376128,""obs_mistake_mask=E"":3}"
     29696,         2,         0,    8.80,exact_mw,3208f56225bbcac0e2804eb6f92d0a8b681652a702ca1ec920ccd7367f0e0899,"{""distance"":5,""physical_error_rate"":0.002}","{""detection_events"":57832,""detectors_checked"":6651904,""obs_mistake_mask=E"":2}"
    901120,         2,         0,    22.8,exact_mw,cb12ae119b9b2ba18d0216e7235b403229e92fd0743ede48fe7f1a2c6f45d594,"{""distance"":5,""physical_error_rate"":0.0005}","{""detection_events"":443764,""detectors_checked"":201850880,""obs_mistake_mask=E"":2}"
     23552,         3,         0,    8.65,exact_mw,3208f56225bbcac0e2804eb6f92d0a8b681652a702ca1ec920ccd7367f0e0899,"{""distance"":5,""physical_error_rate"":0.002}","{""detection_events"":46424,""detectors_checked"":5275648,""obs_mistake_mask=E"":3}"
    384000,         1,         0,    22.8,exact_mw,bb90ec3459e353008cf9a5bb9142bf1e8515517a9e167021b225104594e48e8a,"{""distance"":5,""physical_error_rate"":0.001}","{""detection_events"":376210,""detectors_checked"":86016000,""obs_mistake_mask=E"":1}"
   1164288,         0,         0,    22.8,exact_mw,70a969f5042aec17ac076c6379f4170fb7c69b8e925756ef3b7334e28a33338b,"{""distance"":5,""physical_error_rate"":0.0001}","{""detection_events"":115134,""detectors_checked"":260800512}"
    749568,         0,         0,    8.28,exact_mw,70a969f5042aec17ac076c6379f4170fb7c69b8e925756ef3b7334e28a33338b,"{""distance"":5,""physical_error_rate"":0.0001}","{""detection_events"":74110,""detectors_checked"":167903232}"
    309248,         0,         0,    22.9,exact_mw,bb90ec3459e353008cf9a5bb9142bf1e8515517a9e167021b225104594e48e8a,"{""distance"":5,""physical_error_rate"":0.001}","{""detection_events"":303113,""detectors_checked"":69271552}"
   1238016,         0,         0,    22.7,exact_mw,cdc4a450a40af8e24899239080e4c40992fb5baf91c5a31ab3a165eacb3a1ab3,"{""distance"":5,""physical_error_rate"":0.0002}","{""detection_events"":241880,""detectors_checked"":277315584}"
    327680,         0,         0,    8.26,exact_mw,cb12ae119b9b2ba18d0216e7235b403229e92fd0743ede48fe7f1a2c6f45d594,"{""distance"":5,""physical_error_rate"":0.0005}","{""detection_events"":161450,""detectors_checked"":73400320}"
    144384,         8,         0,    23.0,exact_mw,3208f56225bbcac0e2804eb6f92d0a8b681652a702ca1ec920ccd7367f0e0899,"{""distance"":5,""physical_error_rate"":0.002}","{""detection_events"":281651,""detectors_checked"":32342016,""obs_mistake_mask=E"":8}"
     97280,         9,         0,    32.4,exact_mw,3208f56225bbcac0e2804eb6f92d0a8b681652a702ca1ec920ccd7367f0e0899,"{""distance"":5,""physical_error_rate"":0.002}","{""detection_events"":190055,""detectors_checked"":21790720,""obs_mistake_mask=E"":9}"
    172032,        16,         0,    32.3,exact_mw,3208f56225bbcac0e2804eb6f92d0a8b681652a702ca1ec920ccd7367f0e0899,"{""distance"":5,""physical_error_rate"":0.002}","{""detection_events"":336944,""detectors_checked"":38535168,""obs_mistake_mask=E"":16}"
     88064,         4,         0,    32.2,exact_mw,3208f56225bbcac0e2804eb6f92d0a8b681652a702ca1ec920ccd7367f0e0899,"{""distance"":5,""physical_error_rate"":0.002}","{""detection_events"":172716,""detectors_checked"":19726336,""obs_mistake_mask=E"":4}"
   1796096,         0,         0,    22.8,exact_mw,cb12ae119b9b2ba18d0216e7235b403229e92fd0743ede48fe7f1a2c6f45d594,"{""distance"":5,""physical_error_rate"":0.0005}","{""detection_events"":884814,""detectors_checked"":402325504}"
   2595840,         0,         0,    11.6,exact_mw,f32ebecd8e105e50ec838d33c5ed9b45444b6b44a3c6ac541111079f2b14e893,"{""distance"":5,""physical_error_rate"":5e-05}","{""detection_events"":128175,""detectors_checked"":581468160}"
      2816,         4,         0,    9.42,exact_mw,38b7ae1c4e8407fc325e0d9e43e9f92ff26dcb3f5cf7b98d24ea74c9e5188d39,"{""distance"":5,""physical_error_rate"":0.005}","{""detection_events"":13613,""detectors_checked"":630784,""obs_mistake_mask=E"":4}"
      1792,         4,         0,    9.49,exact_mw,38b7ae1c4e8407fc325e0d9e43e9f92ff26dcb3f5cf7b98d24ea74c9e5188d39,"{""distance"":5,""physical_error_rate"":0.005}","{""detection_events"":8777,""detectors_checked"":401408,""obs_mistake_mask=E"":4}"
   1650688,         0,         0,    31.5,exact_mw,f32ebecd8e105e50ec838d33c5ed9b45444b6b44a3c6ac541111079f2b14e893,"{""distance"":5,""physical_error_rate"":5e-05}","{""detection_events"":81598,""detectors_checked"":369754112}"
   1208320,         1,         0,    31.8,exact_mw,cb12ae119b9b2ba18d0216e7235b403229e92fd0743ede48fe7f1a2c6f45d594,"{""distance"":5,""physical_error_rate"":0.0005}","{""detection_events"":595715,""detectors_checked"":270663680,""obs_mistake_mask=E"":1}"
   1742848,         0,         0,    31.8,exact_mw,cdc4a450a40af8e24899239080e4c40992fb5baf91c5a31ab3a165eacb3a1ab3,"{""distance"":5,""physical_error_rate"":0.0002}","{""detection_events"":342499,""detectors_checked"":390397952}"
   1756160,         0,         0,    31.7,exact_mw,70a969f5042aec17ac076c6379f4170fb7c69b8e925756ef3b7334e28a33338b,"{""distance"":5,""physical_error_rate"":0.0001}","{""detection_events"":173057,""detectors_checked"":393379840}"
    497664,         6,         0,    31.9,exact_mw,bb90ec3459e353008cf9a5bb9142bf1e8515517a9e167021b225104594e48e8a,"{""distance"":5,""physical_error_rate"":0.001}","{""detection_events"":486412,""detectors_checked"":111476736,""obs_mistake_mask=E"":6}"
    601088,         1,         0,    11.6,exact_mw,cb12ae119b9b2ba18d0216e7235b403229e92fd0743ede48fe7f1a2c6f45d594,"{""distance"":5,""physical_error_rate"":0.0005}","{""detection_events"":293928,""detectors_checked"":134643712,""obs_mistake_mask=E"":1}"
    652288,         0,         0,    11.6,exact_mw,70a969f5042aec17ac076c6379f4170fb7c69b8e925756ef3b7334e28a33338b,"{""distance"":5,""physical_error_rate"":0.0001}","{""detection_events"":64576,""detectors_checked"":146112512}"
    790528,         0,         0,    11.6,exact_mw,70a969f5042aec17ac076c6379f4170fb7c69b8e925756ef3b7334e28a33338b,"{""distance"":5,""physical_error_rate"":0.0001}","{""detection_events"":77262,""detectors_checked"":177078272}"
    219136,         1,         0,    11.7,exact_mw,bb90ec3459e353008cf9a5bb9142bf1e8515517a9e167021b225104594e48e8a,"{""distance"":5,""physical_error_rate"":0.001}","{""detection_events"":215182,""detectors_checked"":49086464,""obs_mistake_mask=E"":1}"
     55808,         4,         0,    23.0,exact_mw,3208f56225bbcac0e2804eb6f92d0a8b681652a702ca1ec920ccd7367f0e0899,"{""distance"":5,""physical_error_rate"":0.002}","{""detection_events"":109092,""detectors_checked"":12500992,""obs_mistake_mask=E"":4}"
    771072,         0,         0,    11.6,exact_mw,cdc4a450a40af8e24899239080e4c40992fb5baf91c5a31ab3a165eacb3a1ab3,"{""distance"":5,""physical_error_rate"":0.0002}","{""detection_events"":152436,""detectors_checked"":172720128}"
    615424,         0,         0,    11.5,exact_mw,cdc4a450a40af8e24899239080e4c40992fb5baf91c5a31ab3a165eacb3a1ab3,"{""distance"":5,""physical_error_rate"":0.0002}","{""detection_events"":121551,""detectors_checked"":137854976}"
    212992,         0,         0,    11.7,exact_mw,bb90ec3459e353008cf9a5bb9142bf1e8515517a9e167021b225104594e48e8a,"{""distance"":5,""physical_error_rate"":0.001}","{""detection_events"":209329,""detectors_checked"":47710208}"
    764928,         0,         0,    11.6,exact_mw,f32ebecd8e105e50ec838d33c5ed9b45444b6b44a3c6ac541111079f2b14e893,"{""distance"":5,""physical_error_rate"":5e-05}","{""detection_events"":37847,""detectors_checked"":171343872}"
    745472,         0,         0,    11.6,exact_mw,f32ebecd8e105e50ec838d33c5ed9b45444b6b44a3c6ac541111079f2b14e893,"{""distance"":5,""physical_error_rate"":5e-05}","{""detection_events"":36837,""detectors_checked"":166985728}"
     12288,        19,         0,    32.7,exact_mw,38b7ae1c4e8407fc325e0d9e43e9f92ff26dcb3f5cf7b98d24ea74c9e5188d39,"{""distance"":5,""physical_error_rate"":0.005}","{""detection_events"":59232,""detectors_checked"":2752512,""obs_mistake_mask=E"":19}"
     12416,        14,         0,    32.9,exact_mw,38b7ae1c4e8407fc325e0d9e43e9f92ff26dcb3f5cf7b98d24ea74c9e5188d39,"{""distance"":5,""physical_error_rate"":0.005}","{""detection_events"":58995,""detectors_checked"":2781184,""obs_mistake_mask=E"":14}"
     10368,         9,         0,    23.2,exact_mw,38b7ae1c4e8407fc325e0d9e43e9f92ff26dcb3f5cf7b98d24ea74c9e5188d39,"{""distance"":5,""physical_error_rate"":0.005}","{""detection_events"":50195,""detectors_checked"":2322432,""obs_mistake_mask=E"":9}"
     12032,        14,         0,    32.7,exact_mw,38b7ae1c4e8407fc325e0d9e43e9f92ff26dcb3f5cf7b98d24ea74c9e5188d39,"{""distance"":5,""physical_error_rate"":0.005}","{""detection_events"":58125,""detectors_checked"":2695168,""obs_mistake_mask=E"":14}"
    159232,         5,         0,    32.3,exact_mw,3208f56225bbcac0e2804eb6f92d0a8b681652a702ca1ec920ccd7367f0e0899,"{""distance"":5,""physical_error_rate"":0.002}","{""detection_events"":310446,""detectors_checked"":35667968,""obs_mistake_mask=E"":5}"
     40960,         2,         0,    12.0,exact_mw,3208f56225bbcac0e2804eb6f92d0a8b681652a702ca1ec920ccd7367f0e0899,"{""distance"":5,""physical_error_rate"":0.002}","{""detection_events"":79645,""detectors_checked"":9175040,""obs_mistake_mask=E"":2}"
     48128,         3,         0,    11.9,exact_mw,3208f56225bbcac0e2804eb6f92d0a8b681652a702ca1ec920ccd7367f0e0899,"{""distance"":5,""physical_error_rate"":0.002}","{""detection_events"":94008,""detectors_checked"":10780672,""obs_mistake_mask=E"":3}"
    685056,         0,         0,    11.7,exact_mw,70a969f5042aec17ac076c6379f4170fb7c69b8e925756ef3b7334e28a33338b,"{""distance"":5,""physical_error_rate"":0.0001}","{""detection_events"":68084,""detectors_checked"":153452544}"
    542720,         1,         0,    11.6,exact_mw,cb12ae119b9b2ba18d0216e7235b403229e92fd0743ede48fe7f1a2c6f45d594,"{""distance"":5,""physical_error_rate"":0.0005}","{""detection_events"":266873,""detectors_checked"":121569280,""obs_mistake_mask=E"":1}"
     12544,        13,         0,    32.2,exact_mw,38b7ae1c4e8407fc325e0d9e43e9f92ff26dcb3f5cf7b98d24ea74c9e5188d39,"{""distance"":5,""physical_error_rate"":0.005}","{""detection_events"":60529,""detectors_checked"":2809856,""obs_mistake_mask=E"":13}"
      1920,         2,         0,    12.3,exact_mw,38b7ae1c4e8407fc325e0d9e43e9f92ff26dcb3f5cf7b98d24ea74c9e5188d39,"{""distance"":5,""physical_error_rate"":0.005}","{""detection_events"":9023,""detectors_checked"":430080,""obs_mistake_mask=E"":2}"
     10240,        15,         0,    32.8,exact_mw,38b7ae1c4e8407fc325e0d9e43e9f92ff26dcb3f5cf7b98d24ea74c9e5188d39,"{""distance"":5,""physical_error_rate"":0.005}","{""detection_events"":49345,""detectors_checked"":2293760,""obs_mistake_mask=E"":15}"
      2624,         2,         0,    11.9,exact_mw,38b7ae1c4e8407fc325e0d9e43e9f92ff26dcb3f5cf7b98d24ea74c9e5188d39,"{""distance"":5,""physical_error_rate"":0.005}","{""detection_events"":12756,""detectors_checked"":587776,""obs_mistake_mask=E"":2}"
   4567040,         0,         0,    16.3,exact_mw,f32ebecd8e105e50ec838d33c5ed9b45444b6b44a3c6ac541111079f2b14e893,"{""distance"":5,""physical_error_rate"":5e-05}","{""detection_events"":225247,""detectors_checked"":1023016960}"
    532480,         0,         0,    16.3,exact_mw,cb12ae119b9b2ba18d0216e7235b403229e92fd0743ede48fe7f1a2c6f45d594,"{""distance"":5,""physical_error_rate"":0.0005}","{""detection_events"":261736,""detectors_checked"":119275520}"
   1288192,         0,         0,    16.2,exact_mw,70a969f5042aec17ac076c6379f4170fb7c69b8e925756ef3b7334e28a33338b,"{""distance"":5,""physical_error_rate"":0.0001}","{""detection_events"":126579,""detectors_checked"":288555008}"
    965632,         0,         0,    16.3,exact_mw,70a969f5042aec17ac076c6379f4170fb7c69b8e925756ef3b7334e28a33338b,"{""distance"":5,""physical_error_rate"":0.0001}","{""detection_events"":95940,""detectors_checked"":216301568}"
    195584,         3,         0,    16.3,exact_mw,bb90ec3459e353008cf9a5bb9142bf1e8515517a9e167021b225104594e48e8a,"{""distance"":5,""physical_error_rate"":0.001}","{""detection_events"":192947,""detectors_checked"":43810816,""obs_mistake_mask=E"":3}"
    867328,         0,         0,    16.2,exact_mw,cdc4a450a40af8e24899239080e4c40992fb5baf91c5a31ab3a165eacb3a1ab3,"{""distance"":5,""physical_error_rate"":0.0002}","{""detection_events"":170583,""detectors_checked"":194281472}"
    870400,         0,         0,    16.2,exact_mw,cdc4a450a40af8e24899239080e4c40992fb5baf91c5a31ab3a165eacb3a1ab3,"{""distance"":5,""physical_error_rate"":0.0002}","{""detection_events"":172921,""detectors_checked"":194969600}"
    205824,         3,         0,    16.3,exact_mw,bb90ec3459e353008cf9a5bb9142bf1e8515517a9e167021b225104594e48e8a,"{""distance"":5,""physical_error_rate"":0.001}","{""detection_events"":202388,""detectors_checked"":46104576,""obs_mistake_mask=E"":3}"
    851968,         0,         0,    16.3,exact_mw,f32ebecd8e105e50ec838d33c5ed9b45444b6b44a3c6ac541111079f2b14e893,"{""distance"":5,""physical_error_rate"":5e-05}","{""detection_events"":42025,""detectors_checked"":190840832}"
    697344,         0,         0,    16.1,exact_mw,f32ebecd8e105e50ec838d33c5ed9b45444b6b44a3c6ac541111079f2b14e893,"{""distance"":5,""physical_error_rate"":5e-05}","{""detection_events"":34609,""detectors_checked"":156205056}"
   6074368,         5,         0,    44.7,exact_mw,cb12ae119b9b2ba18d0216e7235b403229e92fd0743ede48fe7f1a2c6f45d594,"{""distance"":5,""physical_error_rate"":0.0005}","{""detection_events"":2983204,""detectors_checked"":1360658432,""obs_mistake_mask=E"":5}"
     54272,         4,         0,    16.4,exact_mw,3208f56225bbcac0e2804eb6f92d0a8b681652a702ca1ec920ccd7367f0e0899,"{""distance"":5,""physical_error_rate"":0.002}","{""detection_events"":105572,""detectors_checked"":12156928,""obs_mistake_mask=E"":4}"
     46080,         8,         0,    16.8,exact_mw,3208f56225bbcac0e2804eb6f92d0a8b681652a702ca1ec920ccd7367f0e0899,"{""distance"":5,""physical_error_rate"":0.002}","{""detection_events"":90611,""detectors_checked"":10321920,""obs_mistake_mask=E"":8}"
    935936,         0,         0,    16.1,exact_mw,70a969f5042aec17ac076c6379f4170fb7c69b8e925756ef3b7334e28a33338b,"{""distance"":5,""physical_error_rate"":0.0001}","{""detection_events"":93283,""detectors_checked"":209649664}"
    653312,         2,         0,    16.2,exact_mw,cb12ae119b9b2ba18d0216e7235b403229e92fd0743ede48fe7f1a2c6f45d594,"{""distance"":5,""physical_error_rate"":0.0005}","{""detection_events"":321374,""detectors_checked"":146341888,""obs_mistake_mask=E"":2}"
   7836672,         0,         0,    44.7,exact_mw,70a969f5042aec17ac076c6379f4170fb7c69b8e925756ef3b7334e28a33338b,"{""distance"":5,""physical_error_rate"":0.0001}","{""detection_events"":771470,""detectors_checked"":1755414528}"
   2964480,         0,         0,    31.9,exact_mw,f32ebecd8e105e50ec838d33c5ed9b45444b6b44a3c6ac541111079f2b14e893,"{""distance"":5,""physical_error_rate"":5e-05}","{""detection_events"":146723,""detectors_checked"":664043520}"
   3207168,         0,         0,    31.8,exact_mw,cdc4a450a40af8e24899239080e4c40992fb5baf91c5a31ab3a165eacb3a1ab3,"{""distance"":5,""physical_error_rate"":0.0002}","{""detection_events"":633389,""detectors_checked"":718405632}"
   2348032,         0,         0,    44.4,exact_mw,f32ebecd8e105e50ec838d33c5ed9b45444b6b44a3c6ac541111079f2b14e893,"{""distance"":5,""physical_error_rate"":5e-05}","{""detection_events"":116104,""detectors_checked"":525959168}"
   2101248,        11,         0,    44.7,exact_mw,bb90ec3459e353008cf9a5bb9142bf1e8515517a9e167021b225104594e48e8a,"{""distance"":5,""physical_error_rate"":0.001}","{""detection_events"":2064562,""detectors_checked"":470679552,""obs_mistake_mask=E"":11}"
    675840,         0,         0,    44.7,exact_mw,bb90ec3459e353008cf9a5bb9142bf1e8515517a9e167021b225104594e48e8a,"{""distance"":5,""physical_error_rate"":0.001}","{""detection_events"":663987,""detectors_checked"":151388160}"
   1979392,         0,         0,    44.6,exact_mw,70a969f5042aec17ac076c6379f4170fb7c69b8e925756ef3b7334e28a33338b,"{""distance"":5,""physical_error_rate"":0.0001}","{""detection_events"":194674,""detectors_checked"":443383808}"
   1390592,         0,         0,    31.7,exact_mw,f32ebecd8e105e50ec838d33c5ed9b45444b6b44a3c6ac541111079f2b14e893,"{""distance"":5,""physical_error_rate"":5e-05}","{""detection_events"":68695,""detectors_checked"":311492608}"
   2165760,         0,         0,    31.8,exact_mw,70a969f5042aec17ac076c6379f4170fb7c69b8e925756ef3b7334e28a33338b,"{""distance"":5,""physical_error_rate"":0.0001}","{""detection_events"":213727,""detectors_checked"":485130240}"
   2337792,         0,         0,    44.4,exact_mw,cdc4a450a40af8e24899239080e4c40992fb5baf91c5a31ab3a165eacb3a1ab3,"{""distance"":5,""physical_error_rate"":0.0002}","{""detection_events"":461490,""detectors_checked"":523665408}"
   2560000,         0,         0,    44.5,exact_mw,70a969f5042aec17ac076c6379f4170fb7c69b8e925756ef3b7334e28a33338b,"{""distance"":5,""physical_error_rate"":0.0001}","{""detection_events"":250903,""detectors_checked"":573440000}"
   2500608,         0,         0,    44.4,exact_mw,70a969f5042aec17ac076c6379f4170fb7c69b8e925756ef3b7334e28a33338b,"{""distance"":5,""physical_error_rate"":0.0001}","{""detection_events"":247296,""detectors_checked"":560136192}"
   2056192,         0,         0,    44.4,exact_mw,cdc4a450a40af8e24899239080e4c40992fb5baf91c5a31ab3a165eacb3a1ab3,"{""distance"":5,""physical_error_rate"":0.0002}","{""detection_events"":404556,""detectors_checked"":460587008}"
   2576384,         0,         0,    44.6,exact_mw,f32ebecd8e105e50ec838d33c5ed9b45444b6b44a3c6ac541111079f2b14e893,"{""distance"":5,""physical_error_rate"":5e-05}","{""detection_events"":126662,""detectors_checked"":577110016}"
   8293376,         0,         0,    44.5,exact_mw,f32ebecd8e105e50ec838d33c5ed9b45444b6b44a3c6ac541111079f2b14e893,"{""distance"":5,""physical_error_rate"":5e-05}","{""detection_events"":409462,""detectors_checked"":1857716224}"
   1485824,         1,         0,    44.4,exact_mw,cb12ae119b9b2ba18d0216e7235b403229e92fd0743ede48fe7f1a2c6f45d594,"{""distance"":5,""physical_error_rate"":0.0005}","{""detection_events"":729807,""detectors_checked"":332824576,""obs_mistake_mask=E"":1}"
   4984832,         0,         0,    44.5,exact_mw,cdc4a450a40af8e24899239080e4c40992fb5baf91c5a31ab3a165eacb3a1ab3,"{""distance"":5,""physical_error_rate"":0.0002}","{""detection_events"":983376,""detectors_checked"":1116602368}"
   3440640,         0,         0,    44.5,exact_mw,70a969f5042aec17ac076c6379f4170fb7c69b8e925756ef3b7334e28a33338b,"{""distance"":5,""physical_error_rate"":0.0001}","{""detection_events"":339118,""detectors_checked"":770703360}"
   2508800,         0,         0,    44.3,exact_mw,cdc4a450a40af8e24899239080e4c40992fb5baf91c5a31ab3a165eacb3a1ab3,"{""distance"":5,""physical_error_rate"":0.0002}","{""detection_events"":492871,""detectors_checked"":561971200}"
   3382272,         0,         0,    44.5,exact_mw,f32ebecd8e105e50ec838d33c5ed9b45444b6b44a3c6ac541111079f2b14e893,"{""distance"":5,""physical_error_rate"":5e-05}","{""detection_events"":165831,""detectors_checked"":757628928}"
   1765376,         1,         0,    44.5,exact_mw,cb12ae119b9b2ba18d0216e7235b403229e92fd0743ede48fe7f1a2c6f45d594,"{""distance"":5,""physical_error_rate"":0.0005}","{""detection_events"":870211,""detectors_checked"":395444224,""obs_mistake_mask=E"":1}"
   2805760,         0,         0,    44.5,exact_mw,f32ebecd8e105e50ec838d33c5ed9b45444b6b44a3c6ac541111079f2b14e893,"{""distance"":5,""physical_error_rate"":5e-05}","{""detection_events"":138181,""detectors_checked"":628490240}"
   2739200,         0,         0,    44.5,exact_mw,cb12ae119b9b2ba18d0216e7235b403229e92fd0743ede48fe7f1a2c6f45d594,"{""distance"":5,""physical_error_rate"":0.0005}","{""detection_events"":1353154,""detectors_checked"":613580800}"
   1336320,         0,         0,    31.9,exact_mw,cb12ae119b9b2ba18d0216e7235b403229e92fd0743ede48fe7f1a2c6f45d594,"{""distance"":5,""physical_error_rate"":0.0005}","{""detection_events"":657980,""detectors_checked"":299335680}"
   2367488,         1,         0,    44.6,exact_mw,cb12ae119b9b2ba18d0216e7235b403229e92fd0743ede48fe7f1a2c6f45d594,"{""distance"":5,""physical_error_rate"":0.0005}","{""detection_events"":1165953,""detectors_checked"":530317312,""obs_mistake_mask=E"":1}"
   3376128,         0,         0,    44.6,exact_mw,70a969f5042aec17ac076c6379f4170fb7c69b8e925756ef3b7334e28a33338b,"{""distance"":5,""physical_error_rate"":0.0001}","{""detection_events"":334124,""detectors_checked"":756252672}"
   1459200,         1,         0,    44.5,exact_mw,cb12ae119b9b2ba18d0216e7235b403229e92fd0743ede48fe7f1a2c6f45d594,"{""distance"":5,""physical_error_rate"":0.0005}","{""detection_events"":717298,""detectors_checked"":326860800,""obs_mistake_mask=E"":1}"
   2597888,         0,         0,    44.4,exact_mw,f32ebecd8e105e50ec838d33c5ed9b45444b6b44a3c6ac541111079f2b14e893,"{""distance"":5,""physical_error_rate"":5e-05}","{""detection_events"":128431,""detectors_checked"":581926912}"
    473088,         4,         0,    32.0,exact_mw,bb90ec3459e353008cf9a5bb9142bf1e8515517a9e167021b225104594e48e8a,"{""distance"":5,""physical_error_rate"":0.001}","{""detection_events"":464426,""detectors_checked"":105971712,""obs_mistake_mask=E"":4}"
    755712,         5,         0,    44.9,exact_mw,bb90ec3459e353008cf9a5bb9142bf1e8515517a9e167021b225104594e48e8a,"{""distance"":5,""physical_error_rate"":0.001}","{""detection_events"":742930,""detectors_checked"":169279488,""obs_mistake_mask=E"":5}"
   1626112,         0,         0,    31.7,exact_mw,70a969f5042aec17ac076c6379f4170fb7c69b8e925756ef3b7334e28a33338b,"{""distance"":5,""physical_error_rate"":0.0001}","{""detection_events"":159230,""detectors_checked"":364249088}"
   3240960,         0,         0,    44.5,exact_mw,f32ebecd8e105e50ec838d33c5ed9b45444b6b44a3c6ac541111079f2b14e893,"{""distance"":5,""physical_error_rate"":5e-05}","{""detection_events"":159780,""detectors_checked"":725975040}"
   2448384,         0,         0,    44.6,exact_mw,cdc4a450a40af8e24899239080e4c40992fb5baf91c5a31ab3a165eacb3a1ab3,"{""distance"":5,""physical_error_rate"":0.0002}","{""detection_events"":484733,""detectors_checked"":548438016}"
    701440,         7,         0,    44.9,exact_mw,bb90ec3459e353008cf9a5bb9142bf1e8515517a9e167021b225104594e48e8a,"{""distance"":5,""physical_error_rate"":0.001}","{""detection_events"":687840,""detectors_checked"":157122560,""obs_mistake_mask=E"":7}"
   2499584,         0,         0,    44.5,exact_mw,cdc4a450a40af8e24899239080e4c40992fb5baf91c5a31ab3a165eacb3a1ab3,"{""distance"":5,""physical_error_rate"":0.0002}","{""detection_events"":492513,""detectors_checked"":559906816}"
   2022400,         0,         0,    44.6,exact_mw,cdc4a450a40af8e24899239080e4c40992fb5baf91c5a31ab3a165eacb3a1ab3,"{""distance"":5,""physical_error_rate"":0.0002}","{""detection_events"":397567,""detectors_checked"":453017600}"
    907264,         2,         0,    44.8,exact_mw,bb90ec3459e353008cf9a5bb9142bf1e8515517a9e167021b225104594e48e8a,"{""distance"":5,""physical_error_rate"":0.001}","{""detection_events"":888913,""detectors_checked"":203227136,""obs_mistake_mask=E"":2}"
    443392,         4,         0,    32.0,exact_mw,bb90ec3459e353008cf9a5bb9142bf1e8515517a9e167021b225104594e48e8a,"{""distance"":5,""physical_error_rate"":0.001}","{""detection_events"":437060,""detectors_checked"":99319808,""obs_mistake_mask=E"":4}"
   1977344,         0,         0,    31.7,exact_mw,cdc4a450a40af8e24899239080e4c40992fb5baf91c5a31ab3a165eacb3a1ab3,"{""distance"":5,""physical_error_rate"":0.0002}","{""detection_events"":390456,""detectors_checked"":442925056}"
   2616320,         0,         0,    44.3,exact_mw,70a969f5042aec17ac076c6379f4170fb7c69b8e925756ef3b7334e28a33338b,"{""distance"":5,""physical_error_rate"":0.0001}","{""detection_events"":258124,""detectors_checked"":586055680}"
    666624,         4,         0,    44.5,exact_mw,bb90ec3459e353008cf9a5bb9142bf1e8515517a9e167021b225104594e48e8a,"{""distance"":5,""physical_error_rate"":0.001}","{""detection_events"":654601,""detectors_checked"":149323776,""obs_mistake_mask=E"":4}"
   2504704,         0,         0,    44.6,exact_mw,70a969f5042aec17ac076c6379f4170fb7c69b8e925756ef3b7334e28a33338b,"{""distance"":5,""physical_error_rate"":0.0001}","{""detection_events"":245427,""detectors_checked"":561053696}"
    728064,         0,         0,    44.8,exact_mw,bb90ec3459e353008cf9a5bb9142bf1e8515517a9e167021b225104594e48e8a,"{""distance"":5,""physical_error_rate"":0.001}","{""detection_events"":718288,""detectors_checked"":163086336}"
   1745920,         1,         0,    44.3,exact_mw,cb12ae119b9b2ba18d0216e7235b403229e92fd0743ede48fe7f1a2c6f45d594,"{""distance"":5,""physical_error_rate"":0.0005}","{""detection_events"":861396,""detectors_checked"":391086080,""obs_mistake_mask=E"":1}"
    211456,        13,         0,    32.3,exact_mw,3208f56225bbcac0e2804eb6f92d0a8b681652a702ca1ec920ccd7367f0e0899,"{""distance"":5,""physical_error_rate"":0.002}","{""detection_events"":412295,""detectors_checked"":47366144,""obs_mistake_mask=E"":13}"
   1775616,         0,         0,    44.5,exact_mw,cb12ae119b9b2ba18d0216e7235b403229e92fd0743ede48fe7f1a2c6f45d594,"{""distance"":5,""physical_error_rate"":0.0005}","{""detection_events"":876825,""detectors_checked"":397737984}"
   2304000,         0,         0,    44.5,exact_mw,f32ebecd8e105e50ec838d33c5ed9b45444b6b44a3c6ac541111079f2b14e893,"{""distance"":5,""physical_error_rate"":5e-05}","{""detection_events"":114559,""detectors_checked"":516096000}"
   2564096,         0,         0,    44.1,exact_mw,cdc4a450a40af8e24899239080e4c40992fb5baf91c5a31ab3a165eacb3a1ab3,"{""distance"":5,""physical_error_rate"":0.0002}","{""detection_events"":505641,""detectors_checked"":574357504}"
   2523136,         0,         0,    44.6,exact_mw,cdc4a450a40af8e24899239080e4c40992fb5baf91c5a31ab3a165eacb3a1ab3,"{""distance"":5,""physical_error_rate"":0.0002}","{""detection_events"":496257,""detectors_checked"":565182464}"
   2320384,         0,         0,    44.5,exact_mw,cb12ae119b9b2ba18d0216e7235b403229e92fd0743ede48fe7f1a2c6f45d594,"{""distance"":5,""physical_error_rate"":0.0005}","{""detection_events"":1139031,""detectors_checked"":519766016}"
     15936,        17,         0,    16.6,exact_mw,38b7ae1c4e8407fc325e0d9e43e9f92ff26dcb3f5cf7b98d24ea74c9e5188d39,"{""distance"":5,""physical_error_rate"":0.005}","{""detection_events"":76834,""detectors_checked"":3569664,""obs_mistake_mask=E"":17}"
   1610752,         1,         0,    44.4,exact_mw,cb12ae119b9b2ba18d0216e7235b403229e92fd0743ede48fe7f1a2c6f45d594,"{""distance"":5,""physical_error_rate"":0.0005}","{""detection_events"":793015,""detectors_checked"":360808448,""obs_mistake_mask=E"":1}"
      6144,         9,         0,    16.4,exact_mw,38b7ae1c4e8407fc325e0d9e43e9f92ff26dcb3f5cf7b98d24ea74c9e5188d39,"{""distance"":5,""physical_error_rate"":0.005}","{""detection_events"":29391,""detectors_checked"":1376256,""obs_mistake_mask=E"":9}"
    135168,         7,         0,    45.1,exact_mw,3208f56225bbcac0e2804eb6f92d0a8b681652a702ca1ec920ccd7367f0e0899,"{""distance"":5,""physical_error_rate"":0.002}","{""detection_events"":265136,""detectors_checked"":30277632,""obs_mistake_mask=E"":7}"
   3549184,         0,         0,    44.5,exact_mw,70a969f5042aec17ac076c6379f4170fb7c69b8e925756ef3b7334e28a33338b,"{""distance"":5,""physical_error_rate"":0.0001}","{""detection_events"":349589,""detectors_checked"":795017216}"
   2817024,         1,         0,    44.5,exact_mw,cdc4a450a40af8e24899239080e4c40992fb5baf91c5a31ab3a165eacb3a1ab3,"{""distance"":5,""physical_error_rate"":0.0002}","{""detection_events"":555211,""detectors_checked"":631013376,""obs_mistake_mask=E"":1}"
    192512,         6,         0,    44.9,exact_mw,3208f56225bbcac0e2804eb6f92d0a8b681652a702ca1ec920ccd7367f0e0899,"{""distance"":5,""physical_error_rate"":0.002}","{""detection_events"":376347,""detectors_checked"":43122688,""obs_mistake_mask=E"":6}"
    173568,        15,         0,    45.0,exact_mw,3208f56225bbcac0e2804eb6f92d0a8b681652a702ca1ec920ccd7367f0e0899,"{""distance"":5,""physical_error_rate"":0.002}","{""detection_events"":338292,""detectors_checked"":38879232,""obs_mistake_mask=E"":15}"
    250880,         8,         0,    45.2,exact_mw,3208f56225bbcac0e2804eb6f92d0a8b681652a702ca1ec920ccd7367f0e0899,"{""distance"":5,""physical_error_rate"":0.002}","{""detection_events"":489813,""detectors_checked"":56197120,""obs_mistake_mask=E"":8}"
    805888,         7,         0,    44.9,exact_mw,bb90ec3459e353008cf9a5bb9142bf1e8515517a9e167021b225104594e48e8a,"{""distance"":5,""physical_error_rate"":0.001}","{""detection_events"":789813,""detectors_checked"":180518912,""obs_mistake_mask=E"":7}"
    353280,        16,         0,    45.0,exact_mw,3208f56225bbcac0e2804eb6f92d0a8b681652a702ca1ec920ccd7367f0e0899,"{""distance"":5,""physical_error_rate"":0.002}","{""detection_events"":688664,""detectors_checked"":79134720,""obs_mistake_mask=E"":16}"
   1016832,         0,         0,    31.8,exact_mw,cb12ae119b9b2ba18d0216e7235b403229e92fd0743ede48fe7f1a2c6f45d594,"{""distance"":5,""physical_error_rate"":0.0005}","{""detection_events"":502214,""detectors_checked"":227770368}"
   3646464,         0,         0,    44.5,exact_mw,f32ebecd8e105e50ec838d33c5ed9b45444b6b44a3c6ac541111079f2b14e893,"{""distance"":5,""physical_error_rate"":5e-05}","{""detection_events"":181325,""detectors_checked"":816807936}"
    657408,         4,         0,    44.7,exact_mw,bb90ec3459e353008cf9a5bb9142bf1e8515517a9e167021b225104594e48e8a,"{""distance"":5,""physical_error_rate"":0.001}","{""detection_events"":644650,""detectors_checked"":147259392,""obs_mistake_mask=E"":4}"
    674816,         4,         0,    44.9,exact_mw,bb90ec3459e353008cf9a5bb9142bf1e8515517a9e167021b225104594e48e8a,"{""distance"":5,""physical_error_rate"":0.001}","{""detection_events"":661513,""detectors_checked"":151158784,""obs_mistake_mask=E"":4}"
    135680,        14,         0,    45.0,exact_mw,3208f56225bbcac0e2804eb6f92d0a8b681652a702ca1ec920ccd7367f0e0899,"{""distance"":5,""physical_error_rate"":0.002}","{""detection_events"":262992,""detectors_checked"":30392320,""obs_mistake_mask=E"":14}"
    165376,        12,         0,    44.9,exact_mw,3208f56225bbcac0e2804eb6f92d0a8b681652a702ca1ec920ccd7367f0e0899,"{""distance"":5,""physical_error_rate"":0.002}","{""detection_events"":322163,""detectors_checked"":37044224,""obs_mistake_mask=E"":12}"
    144384,        11,         0,    45.0,exact_mw,3208f56225bbcac0e2804eb6f92d0a8b681652a702ca1ec920ccd7367f0e0899,"{""distance"":5,""physical_error_rate"":0.002}","{""detection_events"":281507,""detectors_checked"":32342016,""obs_mistake_mask=E"":11}"
     22272,        32,         0,    45.5,exact_mw,38b7ae1c4e8407fc325e0d9e43e9f92ff26dcb3f5cf7b98d24ea74c9e5188d39,"{""distance"":5,""physical_error_rate"":0.005}","{""detection_events"":107918,""detectors_checked"":4988928,""obs_mistake_mask=E"":32}"
    143360,        15,         0,    45.1,exact_mw,3208f56225bbcac0e2804eb6f92d0a8b681652a702ca1ec920ccd7367f0e0899,"{""distance"":5,""physical_error_rate"":0.002}","{""detection_events"":280132,""detectors_checked"":32112640,""obs_mistake_mask=E"":15}"
    123392,        12,         0,    45.1,exact_mw,3208f56225bbcac0e2804eb6f92d0a8b681652a702ca1ec920ccd7367f0e0899,"{""distance"":5,""physical_error_rate"":0.002}","{""detection_events"":241822,""detectors_checked"":27639808,""obs_mistake_mask=E"":12}"
     14592,        14,         0,    45.4,exact_mw,38b7ae1c4e8407fc325e0d9e43e9f92ff26dcb3f5cf7b98d24ea74c9e5188d39,"{""distance"":5,""physical_error_rate"":0.005}","{""detection_events"":70351,""detectors_checked"":3268608,""obs_mistake_mask=E"":14}"
     13632,        12,         0,    45.6,exact_mw,38b7ae1c4e8407fc325e0d9e43e9f92ff26dcb3f5cf7b98d24ea74c9e5188d39,"{""distance"":5,""physical_error_rate"":0.005}","{""detection_events"":65126,""detectors_checked"":3053568,""obs_mistake_mask=E"":12}"
    151552,         7,         0,    32.5,exact_mw,3208f56225bbcac0e2804eb6f92d0a8b681652a702ca1ec920ccd7367f0e0899,"{""distance"":5,""physical_error_rate"":0.002}","{""detection_events"":295182,""detectors_checked"":33947648,""obs_mistake_mask=E"":7}"
     15616,        23,         0,    45.4,exact_mw,38b7ae1c4e8407fc325e0d9e43e9f92ff26dcb3f5cf7b98d24ea74c9e5188d39,"{""distance"":5,""physical_error_rate"":0.005}","{""detection_events"":74189,""detectors_checked"":3497984,""obs_mistake_mask=E"":23}"
      9984,        10,         0,    32.4,exact_mw,38b7ae1c4e8407fc325e0d9e43e9f92ff26dcb3f5cf7b98d24ea74c9e5188d39,"{""distance"":5,""physical_error_rate"":0.005}","{""detection_events"":47690,""detectors_checked"":2236416,""obs_mistake_mask=E"":10}"
     14592,        15,         0,    45.4,exact_mw,38b7ae1c4e8407fc325e0d9e43e9f92ff26dcb3f5cf7b98d24ea74c9e5188d39,"{""distance"":5,""physical_error_rate"":0.005}","{""detection_events"":69911,""detectors_checked"":3268608,""obs_mistake_mask=E"":15}"
      9984,         8,         0,    24.4,exact_mw,38b7ae1c4e8407fc325e0d9e43e9f92ff26dcb3f5cf7b98d24ea74c9e5188d39,"{""distance"":5,""physical_error_rate"":0.005}","{""detection_events"":47757,""detectors_checked"":2236416,""obs_mistake_mask=E"":8}"
     11520,        14,         0,    32.3,exact_mw,38b7ae1c4e8407fc325e0d9e43e9f92ff26dcb3f5cf7b98d24ea74c9e5188d39,"{""distance"":5,""physical_error_rate"":0.005}","{""detection_events"":55958,""detectors_checked"":2580480,""obs_mistake_mask=E"":14}"
       256,         0,         0,   0.814,exact_mw,38b7ae1c4e8407fc325e0d9e43e9f92ff26dcb3f5cf7b98d24ea74c9e5188d39,"{""distance"":5,""physical_error_rate"":0.005}","{""detection_events"":1197,""detectors_checked"":57344}"
     19200,        22,         0,    44.3,exact_mw,38b7ae1c4e8407fc325e0d9e43e9f92ff26dcb3f5cf7b98d24ea74c9e5188d39,"{""distance"":5,""physical_error_rate"":0.005}","{""detection_events"":92906,""detectors_checked"":4300800,""obs_mistake_mask=E"":22}"
   2524160,         0,         0,    44.5,exact_mw,70a969f5042aec17ac076c6379f4170fb7c69b8e925756ef3b7334e28a33338b,"{""distance"":5,""physical_error_rate"":0.0001}","{""detection_events"":250104,""detectors_checked"":565411840}"
      9472,        18,         0,    26.0,exact_mw,38b7ae1c4e8407fc325e0d9e43e9f92ff26dcb3f5cf7b98d24ea74c9e5188d39,"{""distance"":5,""physical_error_rate"":0.005}","{""detection_events"":45809,""detectors_checked"":2121728,""obs_mistake_mask=E"":18}"
   1597440,         1,         0,    44.5,exact_mw,cb12ae119b9b2ba18d0216e7235b403229e92fd0743ede48fe7f1a2c6f45d594,"{""distance"":5,""physical_error_rate"":0.0005}","{""detection_events"":787199,""detectors_checked"":357826560,""obs_mistake_mask=E"":1}"
     12544,        12,         0,    33.8,exact_mw,38b7ae1c4e8407fc325e0d9e43e9f92ff26dcb3f5cf7b98d24ea74c9e5188d39,"{""distance"":5,""physical_error_rate"":0.005}","{""detection_events"":59967,""detectors_checked"":2809856,""obs_mistake_mask=E"":12}"
     16640,        16,         0,    45.1,exact_mw,38b7ae1c4e8407fc325e0d9e43e9f92ff26dcb3f5cf7b98d24ea74c9e5188d39,"{""distance"":5,""physical_error_rate"":0.005}","{""detection_events"":80327,""detectors_checked"":3727360,""obs_mistake_mask=E"":16}"
     11008,        17,         0,    33.0,exact_mw,38b7ae1c4e8407fc325e0d9e43e9f92ff26dcb3f5cf7b98d24ea74c9e5188d39,"{""distance"":5,""physical_error_rate"":0.005}","{""detection_events"":52707,""detectors_checked"":2465792,""obs_mistake_mask=E"":17}"
       768,         2,         0,    2.44,exact_mw,38b7ae1c4e8407fc325e0d9e43e9f92ff26dcb3f5cf7b98d24ea74c9e5188d39,"{""distance"":5,""physical_error_rate"":0.005}","{""detection_events"":3833,""detectors_checked"":172032,""obs_mistake_mask=E"":2}"
   2196480,         0,         0,    44.5,exact_mw,f32ebecd8e105e50ec838d33c5ed9b45444b6b44a3c6ac541111079f2b14e893,"{""distance"":5,""physical_error_rate"":5e-05}","{""detection_events"":108698,""detectors_checked"":492011520}"
     21248,        24,         0,    43.7,exact_mw,38b7ae1c4e8407fc325e0d9e43e9f92ff26dcb3f5cf7b98d24ea74c9e5188d39,"{""distance"":5,""physical_error_rate"":0.005}","{""detection_events"":101466,""detectors_checked"":4759552,""obs_mistake_mask=E"":24}"
      1024,         2,         0,    3.05,exact_mw,38b7ae1c4e8407fc325e0d9e43e9f92ff26dcb3f5cf7b98d24ea74c9e5188d39,"{""distance"":5,""physical_error_rate"":0.005}","{""detection_events"":5024,""detectors_checked"":229376,""obs_mistake_mask=E"":2}"
      5632,         3,         0,    8.43,exact_mw,38b7ae1c4e8407fc325e0d9e43e9f92ff26dcb3f5cf7b98d24ea74c9e5188d39,"{""distance"":5,""physical_error_rate"":0.005}","{""detection_events"":27038,""detectors_checked"":1261568,""obs_mistake_mask=E"":3}"
     32768,        30,         0,    43.7,exact_mw,38b7ae1c4e8407fc325e0d9e43e9f92ff26dcb3f5cf7b98d24ea74c9e5188d39,"{""distance"":5,""physical_error_rate"":0.005}","{""detection_events"":157261,""detectors_checked"":7340032,""obs_mistake_mask=E"":30}"
   2583552,         0,         0,    44.4,exact_mw,f32ebecd8e105e50ec838d33c5ed9b45444b6b44a3c6ac541111079f2b14e893,"{""distance"":5,""physical_error_rate"":5e-05}","{""detection_events"":127351,""detectors_checked"":578715648}"
       256,         0,         0,   0.666,exact_mw,38b7ae1c4e8407fc325e0d9e43e9f92ff26dcb3f5cf7b98d24ea74c9e5188d39,"{""distance"":5,""physical_error_rate"":0.005}","{""detection_events"":1193,""detectors_checked"":57344}"
      2816,         3,         0,    8.51,exact_mw,38b7ae1c4e8407fc325e0d9e43e9f92ff26dcb3f5cf7b98d24ea74c9e5188d39,"{""distance"":5,""physical_error_rate"":0.005}","{""detection_events"":13672,""detectors_checked"":630784,""obs_mistake_mask=E"":3}"
       256,         0,         0,   0.725,exact_mw,38b7ae1c4e8407fc325e0d9e43e9f92ff26dcb3f5cf7b98d24ea74c9e5188d39,"{""distance"":5,""physical_error_rate"":0.005}","{""detection_events"":1311,""detectors_checked"":57344}"
      2304,         5,         0,    4.67,exact_mw,38b7ae1c4e8407fc325e0d9e43e9f92ff26dcb3f5cf7b98d24ea74c9e5188d39,"{""distance"":5,""physical_error_rate"":0.005}","{""detection_events"":11210,""detectors_checked"":516096,""obs_mistake_mask=E"":5}"
    735232,         1,         0,    44.5,exact_mw,bb90ec3459e353008cf9a5bb9142bf1e8515517a9e167021b225104594e48e8a,"{""distance"":5,""physical_error_rate"":0.001}","{""detection_events"":724506,""detectors_checked"":164691968,""obs_mistake_mask=E"":1}"
   2742272,         0,         0,    44.7,exact_mw,cdc4a450a40af8e24899239080e4c40992fb5baf91c5a31ab3a165eacb3a1ab3,"{""distance"":5,""physical_error_rate"":0.0002}","{""detection_events"":542374,""detectors_checked"":614268928}"
     16896,        15,         0,    46.0,exact_mw,38b7ae1c4e8407fc325e0d9e43e9f92ff26dcb3f5cf7b98d24ea74c9e5188d39,"{""distance"":5,""physical_error_rate"":0.005}","{""detection_events"":81606,""detectors_checked"":3784704,""obs_mistake_mask=E"":15}"
   2548736,         0,         0,    44.6,exact_mw,70a969f5042aec17ac076c6379f4170fb7c69b8e925756ef3b7334e28a33338b,"{""distance"":5,""physical_error_rate"":0.0001}","{""detection_events"":252118,""detectors_checked"":570916864}"
   2564096,         0,         0,    44.3,exact_mw,cdc4a450a40af8e24899239080e4c40992fb5baf91c5a31ab3a165eacb3a1ab3,"{""distance"":5,""physical_error_rate"":0.0002}","{""detection_events"":505284,""detectors_checked"":574357504}"
   2741248,         0,         0,    44.5,exact_mw,cdc4a450a40af8e24899239080e4c40992fb5baf91c5a31ab3a165eacb3a1ab3,"{""distance"":5,""physical_error_rate"":0.0002}","{""detection_events"":539554,""detectors_checked"":614039552}"
   2225152,         0,         0,    44.6,exact_mw,f32ebecd8e105e50ec838d33c5ed9b45444b6b44a3c6ac541111079f2b14e893,"{""distance"":5,""physical_error_rate"":5e-05}","{""detection_events"":109719,""detectors_checked"":498434048}"
    800768,         4,         0,    44.8,exact_mw,bb90ec3459e353008cf9a5bb9142bf1e8515517a9e167021b225104594e48e8a,"{""distance"":5,""physical_error_rate"":0.001}","{""detection_events"":786479,""detectors_checked"":179372032,""obs_mistake_mask=E"":4}"
   2931712,         1,         0,    44.6,exact_mw,cb12ae119b9b2ba18d0216e7235b403229e92fd0743ede48fe7f1a2c6f45d594,"{""distance"":5,""physical_error_rate"":0.0005}","{""detection_events"":1446135,""detectors_checked"":656703488,""obs_mistake_mask=E"":1}"
   3105792,         0,         0,    44.5,exact_mw,f32ebecd8e105e50ec838d33c5ed9b45444b6b44a3c6ac541111079f2b14e893,"{""distance"":5,""physical_error_rate"":5e-05}","{""detection_events"":152187,""detectors_checked"":695697408}"
   3113984,         0,         0,    44.7,exact_mw,70a969f5042aec17ac076c6379f4170fb7c69b8e925756ef3b7334e28a33338b,"{""distance"":5,""physical_error_rate"":0.0001}","{""detection_events"":306148,""detectors_checked"":697532416}"
   2323456,         0,         0,    44.2,exact_mw,70a969f5042aec17ac076c6379f4170fb7c69b8e925756ef3b7334e28a33338b,"{""distance"":5,""physical_error_rate"":0.0001}","{""detection_events"":228561,""detectors_checked"":520454144}"
   2067456,         3,         0,    44.2,exact_mw,cb12ae119b9b2ba18d0216e7235b403229e92fd0743ede48fe7f1a2c6f45d594,"{""distance"":5,""physical_error_rate"":0.0005}","{""detection_events"":1019984,""detectors_checked"":463110144,""obs_mistake_mask=E"":3}"
   4038656,         0,         0,    22.8,exact_mw,f32ebecd8e105e50ec838d33c5ed9b45444b6b44a3c6ac541111079f2b14e893,"{""distance"":5,""physical_error_rate"":5e-05}","{""detection_events"":199016,""detectors_checked"":904658944}"
    750592,         6,         0,    44.7,exact_mw,bb90ec3459e353008cf9a5bb9142bf1e8515517a9e167021b225104594e48e8a,"{""distance"":5,""physical_error_rate"":0.001}","{""detection_events"":738672,""detectors_checked"":168132608,""obs_mistake_mask=E"":6}"
      3345,         0,         0,   0.010,exact_mw,cdc4a450a40af8e24899239080e4c40992fb5baf91c5a31ab3a165eacb3a1ab3,"{""distance"":5,""physical_error_rate"":0.0002}","{""detection_events"":664,""detectors_checked"":749280}"
      5120,         0,         0,   0.014,exact_mw,cdc4a450a40af8e24899239080e4c40992fb5baf91c5a31ab3a165eacb3a1ab3,"{""distance"":5,""physical_error_rate"":0.0002}","{""detection_events"":953,""detectors_checked"":1146880}"
      8192,         0,         0,   0.022,exact_mw,cdc4a450a40af8e24899239080e4c40992fb5baf91c5a31ab3a165eacb3a1ab3,"{""distance"":5,""physical_error_rate"":0.0002}","{""detection_events"":1507,""detectors_checked"":1835008}"
     10240,         0,         0,   0.028,exact_mw,cdc4a450a40af8e24899239080e4c40992fb5baf91c5a31ab3a165eacb3a1ab3,"{""distance"":5,""physical_error_rate"":0.0002}","{""detection_events"":1941,""detectors_checked"":2293760}"
     14336,         0,         0,   0.038,exact_mw,cdc4a450a40af8e24899239080e4c40992fb5baf91c5a31ab3a165eacb3a1ab3,"{""distance"":5,""physical_error_rate"":0.0002}","{""detection_events"":2794,""detectors_checked"":3211264}"
     19456,         0,         0,   0.054,exact_mw,cdc4a450a40af8e24899239080e4c40992fb5baf91c5a31ab3a165eacb3a1ab3,"{""distance"":5,""physical_error_rate"":0.0002}","{""detection_events"":3882,""detectors_checked"":4358144}"
     27648,         0,         0,   0.075,exact_mw,cdc4a450a40af8e24899239080e4c40992fb5baf91c5a31ab3a165eacb3a1ab3,"{""distance"":5,""physical_error_rate"":0.0002}","{""detection_events"":5329,""detectors_checked"":6193152}"
     37888,         0,         0,   0.104,exact_mw,cdc4a450a40af8e24899239080e4c40992fb5baf91c5a31ab3a165eacb3a1ab3,"{""distance"":5,""physical_error_rate"":0.0002}","{""detection_events"":7512,""detectors_checked"":8486912}"
     54272,         0,         0,   0.147,exact_mw,cdc4a450a40af8e24899239080e4c40992fb5baf91c5a31ab3a165eacb3a1ab3,"{""distance"":5,""physical_error_rate"":0.0002}","{""detection_events"":10696,""detectors_checked"":12156928}"
     76800,         0,         0,   0.207,exact_mw,cdc4a450a40af8e24899239080e4c40992fb5baf91c5a31ab3a165eacb3a1ab3,"{""distance"":5,""physical_error_rate"":0.0002}","{""detection_events"":15139,""detectors_checked"":17203200}"
    107520,         0,         0,   0.289,exact_mw,cdc4a450a40af8e24899239080e4c40992fb5baf91c5a31ab3a165eacb3a1ab3,"{""distance"":5,""physical_error_rate"":0.0002}","{""detection_events"":21161,""detectors_checked"":24084480}"
    141312,         0,         0,   0.403,exact_mw,cdc4a450a40af8e24899239080e4c40992fb5baf91c5a31ab3a165eacb3a1ab3,"{""distance"":5,""physical_error_rate"":0.0002}","{""detection_events"":28009,""detectors_checked"":31653888}"
   1725440,         0,         0,    22.7,exact_mw,cb12ae119b9b2ba18d0216e7235b403229e92fd0743ede48fe7f1a2c6f45d594,"{""distance"":5,""physical_error_rate"":0.0005}","{""detection_events"":848272,""detectors_checked"":386498560}"
   2151424,         0,         0,    22.7,exact_mw,70a969f5042aec17ac076c6379f4170fb7c69b8e925756ef3b7334e28a33338b,"{""distance"":5,""physical_error_rate"":0.0001}","{""detection_events"":213208,""detectors_checked"":481918976}"
   1445888,         0,         0,    22.8,exact_mw,70a969f5042aec17ac076c6379f4170fb7c69b8e925756ef3b7334e28a33338b,"{""distance"":5,""physical_error_rate"":0.0001}","{""detection_events"":143621,""detectors_checked"":323878912}"
    191488,         0,         0,   0.565,exact_mw,cdc4a450a40af8e24899239080e4c40992fb5baf91c5a31ab3a165eacb3a1ab3,"{""distance"":5,""physical_error_rate"":0.0002}","{""detection_events"":37533,""detectors_checked"":42893312}"
    313344,         1,         0,    22.8,exact_mw,bb90ec3459e353008cf9a5bb9142bf1e8515517a9e167021b225104594e48e8a,"{""distance"":5,""physical_error_rate"":0.001}","{""detection_events"":307476,""detectors_checked"":70189056,""obs_mistake_mask=E"":1}"
   1077248,         0,         0,    22.6,exact_mw,cdc4a450a40af8e24899239080e4c40992fb5baf91c5a31ab3a165eacb3a1ab3,"{""distance"":5,""physical_error_rate"":0.0002}","{""detection_events"":212069,""detectors_checked"":241303552}"
   1018880,         0,         0,    22.7,exact_mw,cdc4a450a40af8e24899239080e4c40992fb5baf91c5a31ab3a165eacb3a1ab3,"{""distance"":5,""physical_error_rate"":0.0002}","{""detection_events"":200656,""detectors_checked"":228229120}"
    316416,         4,         0,    22.8,exact_mw,bb90ec3459e353008cf9a5bb9142bf1e8515517a9e167021b225104594e48e8a,"{""distance"":5,""physical_error_rate"":0.001}","{""detection_events"":310428,""detectors_checked"":70877184,""obs_mistake_mask=E"":4}"
   1129472,         0,         0,    22.6,exact_mw,f32ebecd8e105e50ec838d33c5ed9b45444b6b44a3c6ac541111079f2b14e893,"{""distance"":5,""physical_error_rate"":5e-05}","{""detection_events"":55836,""detectors_checked"":253001728}"
    266240,         0,         0,   0.791,exact_mw,cdc4a450a40af8e24899239080e4c40992fb5baf91c5a31ab3a165eacb3a1ab3,"{""distance"":5,""physical_error_rate"":0.0002}","{""detection_events"":52260,""detectors_checked"":59637760}"
   1085440,         0,         0,    22.7,exact_mw,f32ebecd8e105e50ec838d33c5ed9b45444b6b44a3c6ac541111079f2b14e893,"{""distance"":5,""physical_error_rate"":5e-05}","{""detection_events"":53611,""detectors_checked"":243138560}"
       273,         0,         0,   0.027,exact_mw,bb90ec3459e353008cf9a5bb9142bf1e8515517a9e167021b225104594e48e8a,"{""distance"":5,""physical_error_rate"":0.001}","{""detection_events"":294,""detectors_checked"":61152}"
      1024,         0,         0,   0.108,exact_mw,bb90ec3459e353008cf9a5bb9142bf1e8515517a9e167021b225104594e48e8a,"{""distance"":5,""physical_error_rate"":0.001}","{""detection_events"":1098,""detectors_checked"":229376}"
       273,         0,         0,   0.028,exact_mw,bb90ec3459e353008cf9a5bb9142bf1e8515517a9e167021b225104594e48e8a,"{""distance"":5,""physical_error_rate"":0.001}","{""detection_events"":311,""detectors_checked"":61152}"
      1024,         0,         0,   0.085,exact_mw,bb90ec3459e353008cf9a5bb9142bf1e8515517a9e167021b225104594e48e8a,"{""distance"":5,""physical_error_rate"":0.001}","{""detection_events"":938,""detectors_checked"":229376}"
      1024,         0,         0,   0.084,exact_mw,bb90ec3459e353008cf9a5bb9142bf1e8515517a9e167021b225104594e48e8a,"{""distance"":5,""physical_error_rate"":0.001}","{""detection_events"":1061,""detectors_checked"":229376}"
    132608,         5,         0,    45.2,exact_mw,3208f56225bbcac0e2804eb6f92d0a8b681652a702ca1ec920ccd7367f0e0899,"{""distance"":5,""physical_error_rate"":0.002}","{""detection_events"":258936,""detectors_checked"":29704192,""obs_mistake_mask=E"":5}"
      1024,         0,         0,   0.055,exact_mw,bb90ec3459e353008cf9a5bb9142bf1e8515517a9e167021b225104594e48e8a,"{""distance"":5,""physical_error_rate"":0.001}","{""detection_events"":931,""detectors_checked"":229376}"
      1024,         0,         0,   0.058,exact_mw,bb90ec3459e353008cf9a5bb9142bf1e8515517a9e167021b225104594e48e8a,"{""distance"":5,""physical_error_rate"":0.001}","{""detection_events"":1153,""detectors_checked"":229376}"
      1024,         0,         0,   0.055,exact_mw,bb90ec3459e353008cf9a5bb9142bf1e8515517a9e167021b225104594e48e8a,"{""distance"":5,""physical_error_rate"":0.001}","{""detection_events"":975,""detectors_checked"":229376}"
      1024,         0,         0,   0.082,exact_mw,bb90ec3459e353008cf9a5bb9142bf1e8515517a9e167021b225104594e48e8a,"{""distance"":5,""physical_error_rate"":0.001}","{""detection_events"":1064,""detectors_checked"":229376}"
      1024,         0,         0,   0.086,exact_mw,bb90ec3459e353008cf9a5bb9142bf1e8515517a9e167021b225104594e48e8a,"{""distance"":5,""physical_error_rate"":0.001}","{""detection_events"":1029,""detectors_checked"":229376}"
      1024,         0,         0,   0.087,exact_mw,bb90ec3459e353008cf9a5bb9142bf1e8515517a9e167021b225104594e48e8a,"{""distance"":5,""physical_error_rate"":0.001}","{""detection_events"":1021,""detectors_checked"":229376}"
    369664,         0,         0,    1.11,exact_mw,cdc4a450a40af8e24899239080e4c40992fb5baf91c5a31ab3a165eacb3a1ab3,"{""distance"":5,""physical_error_rate"":0.0002}","{""detection_events"":73282,""detectors_checked"":82804736}"
      1024,         0,         0,   0.081,exact_mw,bb90ec3459e353008cf9a5bb9142bf1e8515517a9e167021b225104594e48e8a,"{""distance"":5,""physical_error_rate"":0.001}","{""detection_events"":1000,""detectors_checked"":229376}"
      1024,         0,         0,   0.085,exact_mw,bb90ec3459e353008cf9a5bb9142bf1e8515517a9e167021b225104594e48e8a,"{""distance"":5,""physical_error_rate"":0.001}","{""detection_events"":979,""detectors_checked"":229376}"
    145408,        12,         0,    44.9,exact_mw,3208f56225bbcac0e2804eb6f92d0a8b681652a702ca1ec920ccd7367f0e0899,"{""distance"":5,""physical_error_rate"":0.002}","{""detection_events"":283699,""detectors_checked"":32571392,""obs_mistake_mask=E"":12}"
      1024,         0,         0,   0.111,exact_mw,bb90ec3459e353008cf9a5bb9142bf1e8515517a9e167021b225104594e48e8a,"{""distance"":5,""physical_error_rate"":0.001}","{""detection_events"":1026,""detectors_checked"":229376}"
      2048,         0,         0,   0.198,exact_mw,bb90ec3459e353008cf9a5bb9142bf1e8515517a9e167021b225104594e48e8a,"{""distance"":5,""physical_error_rate"":0.001}","{""detection_events"":1957,""detectors_checked"":458752}"
      2048,         0,         0,   0.170,exact_mw,bb90ec3459e353008cf9a5bb9142bf1e8515517a9e167021b225104594e48e8a,"{""distance"":5,""physical_error_rate"":0.001}","{""detection_events"":2059,""detectors_checked"":458752}"
      3072,         0,         0,   0.194,exact_mw,bb90ec3459e353008cf9a5bb9142bf1e8515517a9e167021b225104594e48e8a,"{""distance"":5,""physical_error_rate"":0.001}","{""detection_events"":2921,""detectors_checked"":688128}"
    125952,         4,         0,    45.5,exact_mw,3208f56225bbcac0e2804eb6f92d0a8b681652a702ca1ec920ccd7367f0e0899,"{""distance"":5,""physical_error_rate"":0.002}","{""detection_events"":246969,""detectors_checked"":28213248,""obs_mistake_mask=E"":4}"
      3072,         0,         0,   0.194,exact_mw,bb90ec3459e353008cf9a5bb9142bf1e8515517a9e167021b225104594e48e8a,"{""distance"":5,""physical_error_rate"":0.001}","{""detection_events"":3002,""detectors_checked"":688128}"
      3072,         0,         0,   0.252,exact_mw,bb90ec3459e353008cf9a5bb9142bf1e8515517a9e167021b225104594e48e8a,"{""distance"":5,""physical_error_rate"":0.001}","{""detection_events"":3034,""detectors_checked"":688128}"
      4096,         0,         0,   0.281,exact_mw,bb90ec3459e353008cf9a5bb9142bf1e8515517a9e167021b225104594e48e8a,"{""distance"":5,""physical_error_rate"":0.001}","{""detection_events"":4063,""detectors_checked"":917504}"
      1297,         0,         0,   0.092,exact_mw,bb90ec3459e353008cf9a5bb9142bf1e8515517a9e167021b225104594e48e8a,"{""distance"":5,""physical_error_rate"":0.001}","{""detection_events"":1381,""detectors_checked"":290528}"
      1024,         0,         0,   0.086,exact_mw,bb90ec3459e353008cf9a5bb9142bf1e8515517a9e167021b225104594e48e8a,"{""distance"":5,""physical_error_rate"":0.001}","{""detection_events"":1055,""detectors_checked"":229376}"
      4096,         0,         0,   0.339,exact_mw,bb90ec3459e353008cf9a5bb9142bf1e8515517a9e167021b225104594e48e8a,"{""distance"":5,""physical_error_rate"":0.001}","{""detection_events"":3972,""detectors_checked"":917504}"
      1024,         0,         0,   0.063,exact_mw,bb90ec3459e353008cf9a5bb9142bf1e8515517a9e167021b225104594e48e8a,"{""distance"":5,""physical_error_rate"":0.001}","{""detection_events"":1018,""detectors_checked"":229376}"
      1297,         0,         0,   0.031,exact_mw,cb12ae119b9b2ba18d0216e7235b403229e92fd0743ede48fe7f1a2c6f45d594,"{""distance"":5,""physical_error_rate"":0.0005}","{""detection_events"":612,""detectors_checked"":290528}"
      1024,         0,         0,   0.028,exact_mw,cb12ae119b9b2ba18d0216e7235b403229e92fd0743ede48fe7f1a2c6f45d594,"{""distance"":5,""physical_error_rate"":0.0005}","{""detection_events"":478,""detectors_checked"":229376}"
      3072,         0,         0,   0.334,exact_mw,bb90ec3459e353008cf9a5bb9142bf1e8515517a9e167021b225104594e48e8a,"{""distance"":5,""physical_error_rate"":0.001}","{""detection_events"":3131,""detectors_checked"":688128}"
      1024,         0,         0,   0.089,exact_mw,bb90ec3459e353008cf9a5bb9142bf1e8515517a9e167021b225104594e48e8a,"{""distance"":5,""physical_error_rate"":0.001}","{""detection_events"":1040,""detectors_checked"":229376}"
      1024,         0,         0,   0.059,exact_mw,cb12ae119b9b2ba18d0216e7235b403229e92fd0743ede48fe7f1a2c6f45d594,"{""distance"":5,""physical_error_rate"":0.0005}","{""detection_events"":498,""detectors_checked"":229376}"
      1024,         0,         0,   0.058,exact_mw,bb90ec3459e353008cf9a5bb9142bf1e8515517a9e167021b225104594e48e8a,"{""distance"":5,""physical_error_rate"":0.001}","{""detection_events"":963,""detectors_checked"":229376}"
      1024,         0,         0,   0.031,exact_mw,cb12ae119b9b2ba18d0216e7235b403229e92fd0743ede48fe7f1a2c6f45d594,"{""distance"":5,""physical_error_rate"":0.0005}","{""detection_events"":517,""detectors_checked"":229376}"
      1024,         0,         0,   0.062,exact_mw,bb90ec3459e353008cf9a5bb9142bf1e8515517a9e167021b225104594e48e8a,"{""distance"":5,""physical_error_rate"":0.001}","{""detection_events"":1056,""detectors_checked"":229376}"
      2048,         0,         0,   0.058,exact_mw,cb12ae119b9b2ba18d0216e7235b403229e92fd0743ede48fe7f1a2c6f45d594,"{""distance"":5,""physical_error_rate"":0.0005}","{""detection_events"":1039,""detectors_checked"":458752}"
      2048,         0,         0,   0.059,exact_mw,cb12ae119b9b2ba18d0216e7235b403229e92fd0743ede48fe7f1a2c6f45d594,"{""distance"":5,""physical_error_rate"":0.0005}","{""detection_events"":1066,""detectors_checked"":458752}"
      1024,         0,         0,   0.089,exact_mw,bb90ec3459e353008cf9a5bb9142bf1e8515517a9e167021b225104594e48e8a,"{""distance"":5,""physical_error_rate"":0.001}","{""detection_events"":1014,""detectors_checked"":229376}"
         1,         0,         0,   0.000,exact_mw,3208f56225bbcac0e2804eb6f92d0a8b681652a702ca1ec920ccd7367f0e0899,"{""distance"":5,""physical_error_rate"":0.002}","{""detection_events"":2,""detectors_checked"":224}"
      5120,         0,         0,   0.422,exact_mw,bb90ec3459e353008cf9a5bb9142bf1e8515517a9e167021b225104594e48e8a,"{""distance"":5,""physical_error_rate"":0.001}","{""detection_events"":4846,""detectors_checked"":1146880}"
      4096,         0,         0,   0.092,exact_mw,cb12ae119b9b2ba18d0216e7235b403229e92fd0743ede48fe7f1a2c6f45d594,"{""distance"":5,""physical_error_rate"":0.0005}","{""detection_events"":2082,""detectors_checked"":917504}"
      2048,         0,         0,   0.122,exact_mw,bb90ec3459e353008cf9a5bb9142bf1e8515517a9e167021b225104594e48e8a,"{""distance"":5,""physical_error_rate"":0.001}","{""detection_events"":1893,""detectors_checked"":458752}"
       272,         0,         0,   0.089,exact_mw,3208f56225bbcac0e2804eb6f92d0a8b681652a702ca1ec920ccd7367f0e0899,"{""distance"":5,""physical_error_rate"":0.002}","{""detection_events"":515,""detectors_checked"":60928}"
    247808,         0,         0,    1.53,exact_mw,cdc4a450a40af8e24899239080e4c40992fb5baf91c5a31ab3a165eacb3a1ab3,"{""distance"":5,""physical_error_rate"":0.0002}","{""detection_events"":48781,""detectors_checked"":55508992}"
      4096,         0,         0,   0.118,exact_mw,cb12ae119b9b2ba18d0216e7235b403229e92fd0743ede48fe7f1a2c6f45d594,"{""distance"":5,""physical_error_rate"":0.0005}","{""detection_events"":1927,""detectors_checked"":917504}"
      2048,         0,         0,   0.150,exact_mw,bb90ec3459e353008cf9a5bb9142bf1e8515517a9e167021b225104594e48e8a,"{""distance"":5,""physical_error_rate"":0.001}","{""detection_events"":2083,""detectors_checked"":458752}"
      7168,         0,         0,   0.481,exact_mw,bb90ec3459e353008cf9a5bb9142bf1e8515517a9e167021b225104594e48e8a,"{""distance"":5,""physical_error_rate"":0.001}","{""detection_events"":6819,""detectors_checked"":1605632}"
      5120,         0,         0,   0.151,exact_mw,cb12ae119b9b2ba18d0216e7235b403229e92fd0743ede48fe7f1a2c6f45d594,"{""distance"":5,""physical_error_rate"":0.0005}","{""detection_events"":2509,""detectors_checked"":1146880}"
      1024,         0,         0,   0.298,exact_mw,3208f56225bbcac0e2804eb6f92d0a8b681652a702ca1ec920ccd7367f0e0899,"{""distance"":5,""physical_error_rate"":0.002}","{""detection_events"":2072,""detectors_checked"":229376}"
      4096,         0,         0,   0.237,exact_mw,bb90ec3459e353008cf9a5bb9142bf1e8515517a9e167021b225104594e48e8a,"{""distance"":5,""physical_error_rate"":0.001}","{""detection_events"":3974,""detectors_checked"":917504}"
      9216,         0,         0,   0.211,exact_mw,cb12ae119b9b2ba18d0216e7235b403229e92fd0743ede48fe7f1a2c6f45d594,"{""distance"":5,""physical_error_rate"":0.0005}","{""detection_events"":4568,""detectors_checked"":2064384}"
         1,         0,         0,   0.000,exact_mw,cb12ae119b9b2ba18d0216e7235b403229e92fd0743ede48fe7f1a2c6f45d594,"{""distance"":5,""physical_error_rate"":0.0005}","{""detectors_checked"":224}"
      2320,         0,         0,   0.010,exact_mw,cb12ae119b9b2ba18d0216e7235b403229e92fd0743ede48fe7f1a2c6f45d594,"{""distance"":5,""physical_error_rate"":0.0005}","{""detection_events"":1226,""detectors_checked"":519680}"
        17,         0,         0,   0.025,exact_mw,3208f56225bbcac0e2804eb6f92d0a8b681652a702ca1ec920ccd7367f0e0899,"{""distance"":5,""physical_error_rate"":0.002}","{""detection_events"":22,""detectors_checked"":3808}"
      1024,         0,         0,   0.024,exact_mw,cb12ae119b9b2ba18d0216e7235b403229e92fd0743ede48fe7f1a2c6f45d594,"{""distance"":5,""physical_error_rate"":0.0005}","{""detection_events"":472,""detectors_checked"":229376}"
      8192,         0,         0,   0.589,exact_mw,bb90ec3459e353008cf9a5bb9142bf1e8515517a9e167021b225104594e48e8a,"{""distance"":5,""physical_error_rate"":0.001}","{""detection_events"":8078,""detectors_checked"":1835008}"
      2048,         0,         0,   0.030,exact_mw,cb12ae119b9b2ba18d0216e7235b403229e92fd0743ede48fe7f1a2c6f45d594,"{""distance"":5,""physical_error_rate"":0.0005}","{""detection_events"":898,""detectors_checked"":458752}"
      3072,         0,         0,   0.057,exact_mw,cb12ae119b9b2ba18d0216e7235b403229e92fd0743ede48fe7f1a2c6f45d594,"{""distance"":5,""physical_error_rate"":0.0005}","{""detection_events"":1579,""detectors_checked"":688128}"
       273,         0,         0,   0.026,exact_mw,cdc4a450a40af8e24899239080e4c40992fb5baf91c5a31ab3a165eacb3a1ab3,"{""distance"":5,""physical_error_rate"":0.0002}","{""detection_events"":52,""detectors_checked"":61152}"
       256,         0,         0,   0.113,exact_mw,3208f56225bbcac0e2804eb6f92d0a8b681652a702ca1ec920ccd7367f0e0899,"{""distance"":5,""physical_error_rate"":0.002}","{""detection_events"":512,""detectors_checked"":57344}"
      1024,         0,         0,   0.028,exact_mw,cdc4a450a40af8e24899239080e4c40992fb5baf91c5a31ab3a165eacb3a1ab3,"{""distance"":5,""physical_error_rate"":0.0002}","{""detection_events"":193,""detectors_checked"":229376}"
      2048,         0,         0,   0.054,exact_mw,cb12ae119b9b2ba18d0216e7235b403229e92fd0743ede48fe7f1a2c6f45d594,"{""distance"":5,""physical_error_rate"":0.0005}","{""detection_events"":1012,""detectors_checked"":458752}"
      1024,         0,         0,   0.332,exact_mw,3208f56225bbcac0e2804eb6f92d0a8b681652a702ca1ec920ccd7367f0e0899,"{""distance"":5,""physical_error_rate"":0.002}","{""detection_events"":1997,""detectors_checked"":229376}"
      1024,         0,         0,   0.028,exact_mw,cdc4a450a40af8e24899239080e4c40992fb5baf91c5a31ab3a165eacb3a1ab3,"{""distance"":5,""physical_error_rate"":0.0002}","{""detection_events"":227,""detectors_checked"":229376}"
      1024,         0,         0,   0.028,exact_mw,cdc4a450a40af8e24899239080e4c40992fb5baf91c5a31ab3a165eacb3a1ab3,"{""distance"":5,""physical_error_rate"":0.0002}","{""detection_events"":198,""detectors_checked"":229376}"
      7168,         0,         0,   0.594,exact_mw,bb90ec3459e353008cf9a5bb9142bf1e8515517a9e167021b225104594e48e8a,"{""distance"":5,""physical_error_rate"":0.001}","{""detection_events"":6958,""detectors_checked"":1605632}"
      5120,         0,         0,   0.088,exact_mw,cb12ae119b9b2ba18d0216e7235b403229e92fd0743ede48fe7f1a2c6f45d594,"{""distance"":5,""physical_error_rate"":0.0005}","{""detection_events"":2574,""detectors_checked"":1146880}"
      2048,         0,         0,   0.055,exact_mw,cdc4a450a40af8e24899239080e4c40992fb5baf91c5a31ab3a165eacb3a1ab3,"{""distance"":5,""physical_error_rate"":0.0002}","{""detection_events"":414,""detectors_checked"":458752}"
     11264,         0,         0,   0.326,exact_mw,cb12ae119b9b2ba18d0216e7235b403229e92fd0743ede48fe7f1a2c6f45d594,"{""distance"":5,""physical_error_rate"":0.0005}","{""detection_events"":5639,""detectors_checked"":2523136}"
      5120,         0,         0,   0.393,exact_mw,bb90ec3459e353008cf9a5bb9142bf1e8515517a9e167021b225104594e48e8a,"{""distance"":5,""physical_error_rate"":0.001}","{""detection_events"":5112,""detectors_checked"":1146880}"
      3072,         0,         0,   0.058,exact_mw,cdc4a450a40af8e24899239080e4c40992fb5baf91c5a31ab3a165eacb3a1ab3,"{""distance"":5,""physical_error_rate"":0.0002}","{""detection_events"":690,""detectors_checked"":688128}"
      6144,         0,         0,   0.108,exact_mw,cb12ae119b9b2ba18d0216e7235b403229e92fd0743ede48fe7f1a2c6f45d594,"{""distance"":5,""physical_error_rate"":0.0005}","{""detection_events"":2937,""detectors_checked"":1376256}"
   2239488,         0,         0,    44.6,exact_mw,f32ebecd8e105e50ec838d33c5ed9b45444b6b44a3c6ac541111079f2b14e893,"{""distance"":5,""physical_error_rate"":5e-05}","{""detection_events"":110204,""detectors_checked"":501645312}"
      3072,         0,         0,   0.082,exact_mw,cdc4a450a40af8e24899239080e4c40992fb5baf91c5a31ab3a165eacb3a1ab3,"{""distance"":5,""physical_error_rate"":0.0002}","{""detection_events"":697,""detectors_checked"":688128}"
      1297,         0,         0,   0.029,exact_mw,70a969f5042aec17ac076c6379f4170fb7c69b8e925756ef3b7334e28a33338b,"{""distance"":5,""physical_error_rate"":0.0001}","{""detection_events"":130,""detectors_checked"":290528}"
   1486848,         1,         0,    44.5,exact_mw,cb12ae119b9b2ba18d0216e7235b403229e92fd0743ede48fe7f1a2c6f45d594,"{""distance"":5,""physical_error_rate"":0.0005}","{""detection_events"":732249,""detectors_checked"":333053952,""obs_mistake_mask=E"":1}"
      2048,         0,         0,   0.035,exact_mw,70a969f5042aec17ac076c6379f4170fb7c69b8e925756ef3b7334e28a33338b,"{""distance"":5,""physical_error_rate"":0.0001}","{""detection_events"":215,""detectors_checked"":458752}"
      1024,         0,         0,   0.027,exact_mw,70a969f5042aec17ac076c6379f4170fb7c69b8e925756ef3b7334e28a33338b,"{""distance"":5,""physical_error_rate"":0.0001}","{""detection_events"":84,""detectors_checked"":229376}"
      1024,         0,         0,   0.330,exact_mw,3208f56225bbcac0e2804eb6f92d0a8b681652a702ca1ec920ccd7367f0e0899,"{""distance"":5,""physical_error_rate"":0.002}","{""detection_events"":1931,""detectors_checked"":229376}"
      5120,         0,         0,   0.113,exact_mw,cdc4a450a40af8e24899239080e4c40992fb5baf91c5a31ab3a165eacb3a1ab3,"{""distance"":5,""physical_error_rate"":0.0002}","{""detection_events"":986,""detectors_checked"":1146880}"
      1024,         0,         0,   0.027,exact_mw,70a969f5042aec17ac076c6379f4170fb7c69b8e925756ef3b7334e28a33338b,"{""distance"":5,""physical_error_rate"":0.0001}","{""detection_events"":108,""detectors_checked"":229376}"
      8192,         0,         0,   0.169,exact_mw,cb12ae119b9b2ba18d0216e7235b403229e92fd0743ede48fe7f1a2c6f45d594,"{""distance"":5,""physical_error_rate"":0.0005}","{""detection_events"":4059,""detectors_checked"":1835008}"
      1024,         0,         0,   0.448,exact_mw,3208f56225bbcac0e2804eb6f92d0a8b681652a702ca1ec920ccd7367f0e0899,"{""distance"":5,""physical_error_rate"":0.002}","{""detection_events"":2141,""detectors_checked"":229376}"
      2048,         0,         0,   0.055,exact_mw,70a969f5042aec17ac076c6379f4170fb7c69b8e925756ef3b7334e28a33338b,"{""distance"":5,""physical_error_rate"":0.0001}","{""detection_events"":179,""detectors_checked"":458752}"
      3072,         0,         0,   0.058,exact_mw,70a969f5042aec17ac076c6379f4170fb7c69b8e925756ef3b7334e28a33338b,"{""distance"":5,""physical_error_rate"":0.0001}","{""detection_events"":290,""detectors_checked"":688128}"
   2685952,         0,         0,    44.6,exact_mw,cdc4a450a40af8e24899239080e4c40992fb5baf91c5a31ab3a165eacb3a1ab3,"{""distance"":5,""physical_error_rate"":0.0002}","{""detection_events"":524603,""detectors_checked"":601653248}"
      7168,         0,         0,   0.168,exact_mw,cdc4a450a40af8e24899239080e4c40992fb5baf91c5a31ab3a165eacb3a1ab3,"{""distance"":5,""physical_error_rate"":0.0002}","{""detection_events"":1512,""detectors_checked"":1605632}"
      5120,         0,         0,   0.387,exact_mw,bb90ec3459e353008cf9a5bb9142bf1e8515517a9e167021b225104594e48e8a,"{""distance"":5,""physical_error_rate"":0.001}","{""detection_events"":5046,""detectors_checked"":1146880}"
     16384,         0,         0,   0.426,exact_mw,cb12ae119b9b2ba18d0216e7235b403229e92fd0743ede48fe7f1a2c6f45d594,"{""distance"":5,""physical_error_rate"":0.0005}","{""detection_events"":8108,""detectors_checked"":3670016}"
      3072,         0,         0,   0.082,exact_mw,70a969f5042aec17ac076c6379f4170fb7c69b8e925756ef3b7334e28a33338b,"{""distance"":5,""physical_error_rate"":0.0001}","{""detection_events"":286,""detectors_checked"":688128}"
         1,         0,         0,   0.024,exact_mw,3208f56225bbcac0e2804eb6f92d0a8b681652a702ca1ec920ccd7367f0e0899,"{""distance"":5,""physical_error_rate"":0.002}","{""detectors_checked"":224}"
     11264,         0,         0,   0.222,exact_mw,cb12ae119b9b2ba18d0216e7235b403229e92fd0743ede48fe7f1a2c6f45d594,"{""distance"":5,""physical_error_rate"":0.0005}","{""detection_events"":5500,""detectors_checked"":2523136}"
       273,         0,         0,   0.029,exact_mw,f32ebecd8e105e50ec838d33c5ed9b45444b6b44a3c6ac541111079f2b14e893,"{""distance"":5,""physical_error_rate"":5e-05}","{""detection_events"":16,""detectors_checked"":61152}"
       272,         0,         0,   0.087,exact_mw,3208f56225bbcac0e2804eb6f92d0a8b681652a702ca1ec920ccd7367f0e0899,"{""distance"":5,""physical_error_rate"":0.002}","{""detection_events"":551,""detectors_checked"":60928}"
     80896,         4,         0,    22.9,exact_mw,3208f56225bbcac0e2804eb6f92d0a8b681652a702ca1ec920ccd7367f0e0899,"{""distance"":5,""physical_error_rate"":0.002}","{""detection_events"":159159,""detectors_checked"":18120704,""obs_mistake_mask=E"":4}"
      2048,         0,         0,   0.031,exact_mw,f32ebecd8e105e50ec838d33c5ed9b45444b6b44a3c6ac541111079f2b14e893,"{""distance"":5,""physical_error_rate"":5e-05}","{""detection_events"":118,""detectors_checked"":458752}"
      1297,         0,         0,   0.029,exact_mw,f32ebecd8e105e50ec838d33c5ed9b45444b6b44a3c6ac541111079f2b14e893,"{""distance"":5,""physical_error_rate"":5e-05}","{""detection_events"":50,""detectors_checked"":290528}"
      5120,         0,         0,   0.113,exact_mw,70a969f5042aec17ac076c6379f4170fb7c69b8e925756ef3b7334e28a33338b,"{""distance"":5,""physical_error_rate"":0.0001}","{""detection_events"":472,""detectors_checked"":1146880}"
   2135040,         0,         0,    44.3,exact_mw,70a969f5042aec17ac076c6379f4170fb7c69b8e925756ef3b7334e28a33338b,"{""distance"":5,""physical_error_rate"":0.0001}","{""detection_events"":211471,""detectors_checked"":478248960}"
      1024,         0,         0,   0.027,exact_mw,f32ebecd8e105e50ec838d33c5ed9b45444b6b44a3c6ac541111079f2b14e893,"{""distance"":5,""physical_error_rate"":5e-05}","{""detection_events"":42,""detectors_checked"":229376}"
      1024,         0,         0,   0.027,exact_mw,f32ebecd8e105e50ec838d33c5ed9b45444b6b44a3c6ac541111079f2b14e893,"{""distance"":5,""physical_error_rate"":5e-05}","{""detection_events"":60,""detectors_checked"":229376}"
     10240,         0,         0,   0.810,exact_mw,bb90ec3459e353008cf9a5bb9142bf1e8515517a9e167021b225104594e48e8a,"{""distance"":5,""physical_error_rate"":0.001}","{""detection_events"":9986,""detectors_checked"":2293760}"
      1024,         1,         0,   0.360,exact_mw,3208f56225bbcac0e2804eb6f92d0a8b681652a702ca1ec920ccd7367f0e0899,"{""distance"":5,""physical_error_rate"":0.002}","{""detection_events"":2119,""detectors_checked"":229376,""obs_mistake_mask=E"":1}"
      1024,         0,         0,   0.027,exact_mw,f32ebecd8e105e50ec838d33c5ed9b45444b6b44a3c6ac541111079f2b14e893,"{""distance"":5,""physical_error_rate"":5e-05}","{""detection_events"":46,""detectors_checked"":229376}"
      9216,         0,         0,   0.222,exact_mw,cdc4a450a40af8e24899239080e4c40992fb5baf91c5a31ab3a165eacb3a1ab3,"{""distance"":5,""physical_error_rate"":0.0002}","{""detection_events"":1958,""detectors_checked"":2064384}"
      2048,         0,         0,   0.055,exact_mw,f32ebecd8e105e50ec838d33c5ed9b45444b6b44a3c6ac541111079f2b14e893,"{""distance"":5,""physical_error_rate"":5e-05}","{""detection_events"":136,""detectors_checked"":458752}"
      1024,         0,         0,   0.027,exact_mw,f32ebecd8e105e50ec838d33c5ed9b45444b6b44a3c6ac541111079f2b14e893,"{""distance"":5,""physical_error_rate"":5e-05}","{""detection_events"":59,""detectors_checked"":229376}"
    649216,         3,         0,    44.7,exact_mw,bb90ec3459e353008cf9a5bb9142bf1e8515517a9e167021b225104594e48e8a,"{""distance"":5,""physical_error_rate"":0.001}","{""detection_events"":636740,""detectors_checked"":145424384,""obs_mistake_mask=E"":3}"
      3072,         0,         0,   0.054,exact_mw,f32ebecd8e105e50ec838d33c5ed9b45444b6b44a3c6ac541111079f2b14e893,"{""distance"":5,""physical_error_rate"":5e-05}","{""detection_events"":118,""detectors_checked"":688128}"
      2048,         0,         0,   0.055,exact_mw,f32ebecd8e105e50ec838d33c5ed9b45444b6b44a3c6ac541111079f2b14e893,"{""distance"":5,""physical_error_rate"":5e-05}","{""detection_events"":98,""detectors_checked"":458752}"
      1297,         0,         0,   0.037,exact_mw,70a969f5042aec17ac076c6379f4170fb7c69b8e925756ef3b7334e28a33338b,"{""distance"":5,""physical_error_rate"":0.0001}","{""detection_events"":144,""detectors_checked"":290528}"
      1024,         0,         0,   0.034,exact_mw,70a969f5042aec17ac076c6379f4170fb7c69b8e925756ef3b7334e28a33338b,"{""distance"":5,""physical_error_rate"":0.0001}","{""detection_events"":99,""detectors_checked"":229376}"
      7168,         0,         0,   0.169,exact_mw,70a969f5042aec17ac076c6379f4170fb7c69b8e925756ef3b7334e28a33338b,"{""distance"":5,""physical_error_rate"":0.0001}","{""detection_events"":764,""detectors_checked"":1605632}"
      2048,         0,         0,   0.054,exact_mw,f32ebecd8e105e50ec838d33c5ed9b45444b6b44a3c6ac541111079f2b14e893,"{""distance"":5,""physical_error_rate"":5e-05}","{""detection_events"":88,""detectors_checked"":458752}"
      3072,         0,         0,   0.056,exact_mw,f32ebecd8e105e50ec838d33c5ed9b45444b6b44a3c6ac541111079f2b14e893,"{""distance"":5,""physical_error_rate"":5e-05}","{""detection_events"":133,""detectors_checked"":688128}"
      1024,         0,         0,   0.446,exact_mw,3208f56225bbcac0e2804eb6f92d0a8b681652a702ca1ec920ccd7367f0e0899,"{""distance"":5,""physical_error_rate"":0.002}","{""detection_events"":2061,""detectors_checked"":229376}"
      1024,         0,         0,   0.035,exact_mw,70a969f5042aec17ac076c6379f4170fb7c69b8e925756ef3b7334e28a33338b,"{""distance"":5,""physical_error_rate"":0.0001}","{""detection_events"":120,""detectors_checked"":229376}"
     15360,         0,         0,   0.313,exact_mw,cb12ae119b9b2ba18d0216e7235b403229e92fd0743ede48fe7f1a2c6f45d594,"{""distance"":5,""physical_error_rate"":0.0005}","{""detection_events"":7576,""detectors_checked"":3440640}"
      1024,         0,         0,   0.035,exact_mw,70a969f5042aec17ac076c6379f4170fb7c69b8e925756ef3b7334e28a33338b,"{""distance"":5,""physical_error_rate"":0.0001}","{""detection_events"":91,""detectors_checked"":229376}"
      4096,         0,         0,   0.084,exact_mw,f32ebecd8e105e50ec838d33c5ed9b45444b6b44a3c6ac541111079f2b14e893,"{""distance"":5,""physical_error_rate"":5e-05}","{""detection_events"":169,""detectors_checked"":917504}"
      3072,         0,         0,   0.082,exact_mw,f32ebecd8e105e50ec838d33c5ed9b45444b6b44a3c6ac541111079f2b14e893,"{""distance"":5,""physical_error_rate"":5e-05}","{""detection_events"":161,""detectors_checked"":688128}"
      2048,         0,         0,   0.038,exact_mw,70a969f5042aec17ac076c6379f4170fb7c69b8e925756ef3b7334e28a33338b,"{""distance"":5,""physical_error_rate"":0.0001}","{""detection_events"":156,""detectors_checked"":458752}"
     10240,         1,         0,   0.843,exact_mw,bb90ec3459e353008cf9a5bb9142bf1e8515517a9e167021b225104594e48e8a,"{""distance"":5,""physical_error_rate"":0.001}","{""detection_events"":10020,""detectors_checked"":2293760,""obs_mistake_mask=E"":1}"
      1024,         0,         0,   0.273,exact_mw,3208f56225bbcac0e2804eb6f92d0a8b681652a702ca1ec920ccd7367f0e0899,"{""distance"":5,""physical_error_rate"":0.002}","{""detection_events"":1852,""detectors_checked"":229376}"
      2048,         0,         0,   0.071,exact_mw,70a969f5042aec17ac076c6379f4170fb7c69b8e925756ef3b7334e28a33338b,"{""distance"":5,""physical_error_rate"":0.0001}","{""detection_events"":281,""detectors_checked"":458752}"
      5120,         0,         0,   0.112,exact_mw,f32ebecd8e105e50ec838d33c5ed9b45444b6b44a3c6ac541111079f2b14e893,"{""distance"":5,""physical_error_rate"":5e-05}","{""detection_events"":287,""detectors_checked"":1146880}"
      5120,         0,         0,   0.112,exact_mw,f32ebecd8e105e50ec838d33c5ed9b45444b6b44a3c6ac541111079f2b14e893,"{""distance"":5,""physical_error_rate"":5e-05}","{""detection_events"":234,""detectors_checked"":1146880}"
     13312,         0,         0,   0.291,exact_mw,cdc4a450a40af8e24899239080e4c40992fb5baf91c5a31ab3a165eacb3a1ab3,"{""distance"":5,""physical_error_rate"":0.0002}","{""detection_events"":2685,""detectors_checked"":2981888}"
     10240,         0,         0,   0.200,exact_mw,70a969f5042aec17ac076c6379f4170fb7c69b8e925756ef3b7334e28a33338b,"{""distance"":5,""physical_error_rate"":0.0001}","{""detection_events"":990,""detectors_checked"":2293760}"
      1024,         0,         0,   0.474,exact_mw,3208f56225bbcac0e2804eb6f92d0a8b681652a702ca1ec920ccd7367f0e0899,"{""distance"":5,""physical_error_rate"":0.002}","{""detection_events"":2053,""detectors_checked"":229376}"
      4096,         0,         0,   0.110,exact_mw,70a969f5042aec17ac076c6379f4170fb7c69b8e925756ef3b7334e28a33338b,"{""distance"":5,""physical_error_rate"":0.0001}","{""detection_events"":412,""detectors_checked"":917504}"
     22528,         0,         0,   0.568,exact_mw,cb12ae119b9b2ba18d0216e7235b403229e92fd0743ede48fe7f1a2c6f45d594,"{""distance"":5,""physical_error_rate"":0.0005}","{""detection_events"":11197,""detectors_checked"":5046272}"
     10240,         0,         0,   0.635,exact_mw,bb90ec3459e353008cf9a5bb9142bf1e8515517a9e167021b225104594e48e8a,"{""distance"":5,""physical_error_rate"":0.001}","{""detection_events"":9942,""detectors_checked"":2293760}"
     63488,         4,         0,    23.4,exact_mw,3208f56225bbcac0e2804eb6f92d0a8b681652a702ca1ec920ccd7367f0e0899,"{""distance"":5,""physical_error_rate"":0.002}","{""detection_events"":124122,""detectors_checked"":14221312,""obs_mistake_mask=E"":4}"
      7168,         0,         0,   0.168,exact_mw,f32ebecd8e105e50ec838d33c5ed9b45444b6b44a3c6ac541111079f2b14e893,"{""distance"":5,""physical_error_rate"":5e-05}","{""detection_events"":306,""detectors_checked"":1605632}"
      7168,         0,         0,   0.171,exact_mw,f32ebecd8e105e50ec838d33c5ed9b45444b6b44a3c6ac541111079f2b14e893,"{""distance"":5,""physical_error_rate"":5e-05}","{""detection_events"":340,""detectors_checked"":1605632}"
      3072,         0,         0,   0.106,exact_mw,70a969f5042aec17ac076c6379f4170fb7c69b8e925756ef3b7334e28a33338b,"{""distance"":5,""physical_error_rate"":0.0001}","{""detection_events"":251,""detectors_checked"":688128}"
      1024,         0,         0,   0.268,exact_mw,3208f56225bbcac0e2804eb6f92d0a8b681652a702ca1ec920ccd7367f0e0899,"{""distance"":5,""physical_error_rate"":0.002}","{""detection_events"":1871,""detectors_checked"":229376}"
      1024,         0,         0,   0.421,exact_mw,3208f56225bbcac0e2804eb6f92d0a8b681652a702ca1ec920ccd7367f0e0899,"{""distance"":5,""physical_error_rate"":0.002}","{""detection_events"":1966,""detectors_checked"":229376}"
   1414144,         0,         0,    22.7,exact_mw,70a969f5042aec17ac076c6379f4170fb7c69b8e925756ef3b7334e28a33338b,"{""distance"":5,""physical_error_rate"":0.0001}","{""detection_events"":140256,""detectors_checked"":316768256}"
     24576,         0,         0,   0.401,exact_mw,cb12ae119b9b2ba18d0216e7235b403229e92fd0743ede48fe7f1a2c6f45d594,"{""distance"":5,""physical_error_rate"":0.0005}","{""detection_events"":12270,""detectors_checked"":5505024}"
         1,         0,         0,   0.032,exact_mw,bb90ec3459e353008cf9a5bb9142bf1e8515517a9e167021b225104594e48e8a,"{""distance"":5,""physical_error_rate"":0.001}","{""detectors_checked"":224}"
     13312,         0,         0,   0.306,exact_mw,70a969f5042aec17ac076c6379f4170fb7c69b8e925756ef3b7334e28a33338b,"{""distance"":5,""physical_error_rate"":0.0001}","{""detection_events"":1292,""detectors_checked"":2981888}"
       272,         0,         0,   0.037,exact_mw,bb90ec3459e353008cf9a5bb9142bf1e8515517a9e167021b225104594e48e8a,"{""distance"":5,""physical_error_rate"":0.001}","{""detection_events"":233,""detectors_checked"":60928}"
      6144,         0,         0,   0.148,exact_mw,70a969f5042aec17ac076c6379f4170fb7c69b8e925756ef3b7334e28a33338b,"{""distance"":5,""physical_error_rate"":0.0001}","{""detection_events"":611,""detectors_checked"":1376256}"
     10240,         0,         0,   0.224,exact_mw,f32ebecd8e105e50ec838d33c5ed9b45444b6b44a3c6ac541111079f2b14e893,"{""distance"":5,""physical_error_rate"":5e-05}","{""detection_events"":550,""detectors_checked"":2293760}"
     10240,         0,         0,   0.224,exact_mw,f32ebecd8e105e50ec838d33c5ed9b45444b6b44a3c6ac541111079f2b14e893,"{""distance"":5,""physical_error_rate"":5e-05}","{""detection_events"":504,""detectors_checked"":2293760}"
     17408,         0,         0,   0.369,exact_mw,cdc4a450a40af8e24899239080e4c40992fb5baf91c5a31ab3a165eacb3a1ab3,"{""distance"":5,""physical_error_rate"":0.0002}","{""detection_events"":3650,""detectors_checked"":3899392}"
      1024,         0,         0,   0.271,exact_mw,3208f56225bbcac0e2804eb6f92d0a8b681652a702ca1ec920ccd7367f0e0899,"{""distance"":5,""physical_error_rate"":0.002}","{""detection_events"":2008,""detectors_checked"":229376}"
      1024,         0,         0,   0.392,exact_mw,3208f56225bbcac0e2804eb6f92d0a8b681652a702ca1ec920ccd7367f0e0899,"{""distance"":5,""physical_error_rate"":0.002}","{""detection_events"":1998,""detectors_checked"":229376}"
    917504,         0,         0,    22.7,exact_mw,cb12ae119b9b2ba18d0216e7235b403229e92fd0743ede48fe7f1a2c6f45d594,"{""distance"":5,""physical_error_rate"":0.0005}","{""detection_events"":449324,""detectors_checked"":205520896}"
      1024,         0,         0,   0.144,exact_mw,bb90ec3459e353008cf9a5bb9142bf1e8515517a9e167021b225104594e48e8a,"{""distance"":5,""physical_error_rate"":0.001}","{""detection_events"":1073,""detectors_checked"":229376}"
    348160,         0,         0,    2.18,exact_mw,cdc4a450a40af8e24899239080e4c40992fb5baf91c5a31ab3a165eacb3a1ab3,"{""distance"":5,""physical_error_rate"":0.0002}","{""detection_events"":68728,""detectors_checked"":77987840}"
      1024,         0,         0,   0.072,exact_mw,bb90ec3459e353008cf9a5bb9142bf1e8515517a9e167021b225104594e48e8a,"{""distance"":5,""physical_error_rate"":0.001}","{""detection_events"":1024,""detectors_checked"":229376}"
      7168,         0,         0,   0.182,exact_mw,70a969f5042aec17ac076c6379f4170fb7c69b8e925756ef3b7334e28a33338b,"{""distance"":5,""physical_error_rate"":0.0001}","{""detection_events"":682,""detectors_checked"":1605632}"
      1024,         0,         0,   0.365,exact_mw,3208f56225bbcac0e2804eb6f92d0a8b681652a702ca1ec920ccd7367f0e0899,"{""distance"":5,""physical_error_rate"":0.002}","{""detection_events"":1992,""detectors_checked"":229376}"
      1297,         0,         0,   0.030,exact_mw,cdc4a450a40af8e24899239080e4c40992fb5baf91c5a31ab3a165eacb3a1ab3,"{""distance"":5,""physical_error_rate"":0.0002}","{""detection_events"":220,""detectors_checked"":290528}"
      1024,         0,         0,   0.028,exact_mw,cdc4a450a40af8e24899239080e4c40992fb5baf91c5a31ab3a165eacb3a1ab3,"{""distance"":5,""physical_error_rate"":0.0002}","{""detection_events"":164,""detectors_checked"":229376}"
      1024,         0,         0,   0.109,exact_mw,bb90ec3459e353008cf9a5bb9142bf1e8515517a9e167021b225104594e48e8a,"{""distance"":5,""physical_error_rate"":0.001}","{""detection_events"":991,""detectors_checked"":229376}"
      2048,         0,         0,   0.032,exact_mw,cdc4a450a40af8e24899239080e4c40992fb5baf91c5a31ab3a165eacb3a1ab3,"{""distance"":5,""physical_error_rate"":0.0002}","{""detection_events"":424,""detectors_checked"":458752}"
     14336,         0,         0,   0.307,exact_mw,f32ebecd8e105e50ec838d33c5ed9b45444b6b44a3c6ac541111079f2b14e893,"{""distance"":5,""physical_error_rate"":5e-05}","{""detection_events"":699,""detectors_checked"":3211264}"
     14336,         0,         0,   0.306,exact_mw,f32ebecd8e105e50ec838d33c5ed9b45444b6b44a3c6ac541111079f2b14e893,"{""distance"":5,""physical_error_rate"":5e-05}","{""detection_events"":680,""detectors_checked"":3211264}"
      1024,         0,         0,   0.029,exact_mw,cdc4a450a40af8e24899239080e4c40992fb5baf91c5a31ab3a165eacb3a1ab3,"{""distance"":5,""physical_error_rate"":0.0002}","{""detection_events"":154,""detectors_checked"":229376}"
      1024,         0,         0,   0.071,exact_mw,bb90ec3459e353008cf9a5bb9142bf1e8515517a9e167021b225104594e48e8a,"{""distance"":5,""physical_error_rate"":0.001}","{""detection_events"":990,""detectors_checked"":229376}"
     19456,         0,         0,   0.419,exact_mw,70a969f5042aec17ac076c6379f4170fb7c69b8e925756ef3b7334e28a33338b,"{""distance"":5,""physical_error_rate"":0.0001}","{""detection_events"":1943,""detectors_checked"":4358144}"
      3072,         0,         0,   0.059,exact_mw,cdc4a450a40af8e24899239080e4c40992fb5baf91c5a31ab3a165eacb3a1ab3,"{""distance"":5,""physical_error_rate"":0.0002}","{""detection_events"":630,""detectors_checked"":688128}"
      1024,         0,         0,   0.308,exact_mw,3208f56225bbcac0e2804eb6f92d0a8b681652a702ca1ec920ccd7367f0e0899,"{""distance"":5,""physical_error_rate"":0.002}","{""detection_events"":2025,""detectors_checked"":229376}"
      1024,         0,         0,   0.082,exact_mw,bb90ec3459e353008cf9a5bb9142bf1e8515517a9e167021b225104594e48e8a,"{""distance"":5,""physical_error_rate"":0.001}","{""detection_events"":1003,""detectors_checked"":229376}"
     14336,         0,         0,    1.18,exact_mw,bb90ec3459e353008cf9a5bb9142bf1e8515517a9e167021b225104594e48e8a,"{""distance"":5,""physical_error_rate"":0.001}","{""detection_events"":14158,""detectors_checked"":3211264}"
      3072,         0,         0,   0.055,exact_mw,cdc4a450a40af8e24899239080e4c40992fb5baf91c5a31ab3a165eacb3a1ab3,"{""distance"":5,""physical_error_rate"":0.0002}","{""detection_events"":603,""detectors_checked"":688128}"
      1024,         0,         0,   0.358,exact_mw,3208f56225bbcac0e2804eb6f92d0a8b681652a702ca1ec920ccd7367f0e0899,"{""distance"":5,""physical_error_rate"":0.002}","{""detection_events"":2101,""detectors_checked"":229376}"
     32768,         0,         0,   0.586,exact_mw,cb12ae119b9b2ba18d0216e7235b403229e92fd0743ede48fe7f1a2c6f45d594,"{""distance"":5,""physical_error_rate"":0.0005}","{""detection_events"":16262,""detectors_checked"":7340032}"
     11264,         0,         0,   0.259,exact_mw,70a969f5042aec17ac076c6379f4170fb7c69b8e925756ef3b7334e28a33338b,"{""distance"":5,""physical_error_rate"":0.0001}","{""detection_events"":1221,""detectors_checked"":2523136}"
     31744,         0,         0,   0.814,exact_mw,cb12ae119b9b2ba18d0216e7235b403229e92fd0743ede48fe7f1a2c6f45d594,"{""distance"":5,""physical_error_rate"":0.0005}","{""detection_events"":15821,""detectors_checked"":7110656}"
      5120,         0,         0,   0.090,exact_mw,cdc4a450a40af8e24899239080e4c40992fb5baf91c5a31ab3a165eacb3a1ab3,"{""distance"":5,""physical_error_rate"":0.0002}","{""detection_events"":1008,""detectors_checked"":1146880}"
      1024,         0,         0,   0.107,exact_mw,bb90ec3459e353008cf9a5bb9142bf1e8515517a9e167021b225104594e48e8a,"{""distance"":5,""physical_error_rate"":0.001}","{""detection_events"":1019,""detectors_checked"":229376}"
      1024,         0,         0,   0.362,exact_mw,3208f56225bbcac0e2804eb6f92d0a8b681652a702ca1ec920ccd7367f0e0899,"{""distance"":5,""physical_error_rate"":0.002}","{""detection_events"":1993,""detectors_checked"":229376}"
     12288,         1,         0,   0.832,exact_mw,bb90ec3459e353008cf9a5bb9142bf1e8515517a9e167021b225104594e48e8a,"{""distance"":5,""physical_error_rate"":0.001}","{""detection_events"":12178,""detectors_checked"":2752512,""obs_mistake_mask=E"":1}"
     26624,         0,         0,   0.585,exact_mw,cdc4a450a40af8e24899239080e4c40992fb5baf91c5a31ab3a165eacb3a1ab3,"{""distance"":5,""physical_error_rate"":0.0002}","{""detection_events"":5199,""detectors_checked"":5963776}"
      6144,         0,         0,   0.118,exact_mw,cdc4a450a40af8e24899239080e4c40992fb5baf91c5a31ab3a165eacb3a1ab3,"{""distance"":5,""physical_error_rate"":0.0002}","{""detection_events"":1209,""detectors_checked"":1376256}"
     15360,         0,         0,    1.13,exact_mw,bb90ec3459e353008cf9a5bb9142bf1e8515517a9e167021b225104594e48e8a,"{""distance"":5,""physical_error_rate"":0.001}","{""detection_events"":14949,""detectors_checked"":3440640}"
     19456,         0,         0,   0.417,exact_mw,f32ebecd8e105e50ec838d33c5ed9b45444b6b44a3c6ac541111079f2b14e893,"{""distance"":5,""physical_error_rate"":5e-05}","{""detection_events"":1061,""detectors_checked"":4358144}"
     19456,         0,         0,   0.418,exact_mw,f32ebecd8e105e50ec838d33c5ed9b45444b6b44a3c6ac541111079f2b14e893,"{""distance"":5,""physical_error_rate"":5e-05}","{""detection_events"":1107,""detectors_checked"":4358144}"
      2048,         0,         0,   0.215,exact_mw,bb90ec3459e353008cf9a5bb9142bf1e8515517a9e167021b225104594e48e8a,"{""distance"":5,""physical_error_rate"":0.001}","{""detection_events"":2014,""detectors_checked"":458752}"
      1024,         0,         0,   0.329,exact_mw,3208f56225bbcac0e2804eb6f92d0a8b681652a702ca1ec920ccd7367f0e0899,"{""distance"":5,""physical_error_rate"":0.002}","{""detection_events"":1910,""detectors_checked"":229376}"
      8192,         0,         0,   0.151,exact_mw,cdc4a450a40af8e24899239080e4c40992fb5baf91c5a31ab3a165eacb3a1ab3,"{""distance"":5,""physical_error_rate"":0.0002}","{""detection_events"":1562,""detectors_checked"":1835008}"
      1024,         0,         0,   0.419,exact_mw,3208f56225bbcac0e2804eb6f92d0a8b681652a702ca1ec920ccd7367f0e0899,"{""distance"":5,""physical_error_rate"":0.002}","{""detection_events"":1946,""detectors_checked"":229376}"
      1024,         0,         0,   0.334,exact_mw,3208f56225bbcac0e2804eb6f92d0a8b681652a702ca1ec920ccd7367f0e0899,"{""distance"":5,""physical_error_rate"":0.002}","{""detection_events"":1810,""detectors_checked"":229376}"
     15360,         0,         0,   0.429,exact_mw,70a969f5042aec17ac076c6379f4170fb7c69b8e925756ef3b7334e28a33338b,"{""distance"":5,""physical_error_rate"":0.0001}","{""detection_events"":1475,""detectors_checked"":3440640}"
     27648,         0,         0,   0.586,exact_mw,70a969f5042aec17ac076c6379f4170fb7c69b8e925756ef3b7334e28a33338b,"{""distance"":5,""physical_error_rate"":0.0001}","{""detection_events"":2798,""detectors_checked"":6193152}"
      3072,         0,         0,   0.251,exact_mw,bb90ec3459e353008cf9a5bb9142bf1e8515517a9e167021b225104594e48e8a,"{""distance"":5,""physical_error_rate"":0.001}","{""detection_events"":3195,""detectors_checked"":688128}"
     11264,         0,         0,   0.184,exact_mw,cdc4a450a40af8e24899239080e4c40992fb5baf91c5a31ab3a165eacb3a1ab3,"{""distance"":5,""physical_error_rate"":0.0002}","{""detection_events"":2221,""detectors_checked"":2523136}"
      1024,         0,         0,   0.450,exact_mw,3208f56225bbcac0e2804eb6f92d0a8b681652a702ca1ec920ccd7367f0e0899,"{""distance"":5,""physical_error_rate"":0.002}","{""detection_events"":2071,""detectors_checked"":229376}"
      1024,         0,         0,   0.384,exact_mw,3208f56225bbcac0e2804eb6f92d0a8b681652a702ca1ec920ccd7367f0e0899,"{""distance"":5,""physical_error_rate"":0.002}","{""detection_events"":1989,""detectors_checked"":229376}"
     50176,         0,         0,   0.807,exact_mw,cb12ae119b9b2ba18d0216e7235b403229e92fd0743ede48fe7f1a2c6f45d594,"{""distance"":5,""physical_error_rate"":0.0005}","{""detection_events"":24543,""detectors_checked"":11239424}"
     16384,         0,         0,   0.299,exact_mw,cdc4a450a40af8e24899239080e4c40992fb5baf91c5a31ab3a165eacb3a1ab3,"{""distance"":5,""physical_error_rate"":0.0002}","{""detection_events"":3210,""detectors_checked"":3670016}"
      1024,         0,         0,   0.505,exact_mw,3208f56225bbcac0e2804eb6f92d0a8b681652a702ca1ec920ccd7367f0e0899,"{""distance"":5,""physical_error_rate"":0.002}","{""detection_events"":2077,""detectors_checked"":229376}"
     27648,         0,         0,   0.586,exact_mw,f32ebecd8e105e50ec838d33c5ed9b45444b6b44a3c6ac541111079f2b14e893,"{""distance"":5,""physical_error_rate"":5e-05}","{""detection_events"":1266,""detectors_checked"":6193152}"
     28672,         0,         0,   0.588,exact_mw,f32ebecd8e105e50ec838d33c5ed9b45444b6b44a3c6ac541111079f2b14e893,"{""distance"":5,""physical_error_rate"":5e-05}","{""detection_events"":1521,""detectors_checked"":6422528}"
      4096,         0,         0,   0.362,exact_mw,bb90ec3459e353008cf9a5bb9142bf1e8515517a9e167021b225104594e48e8a,"{""distance"":5,""physical_error_rate"":0.001}","{""detection_events"":4080,""detectors_checked"":917504}"
     35840,         0,         0,   0.805,exact_mw,cdc4a450a40af8e24899239080e4c40992fb5baf91c5a31ab3a165eacb3a1ab3,"{""distance"":5,""physical_error_rate"":0.0002}","{""detection_events"":7289,""detectors_checked"":8028160}"
     20480,         0,         0,   0.574,exact_mw,70a969f5042aec17ac076c6379f4170fb7c69b8e925756ef3b7334e28a33338b,"{""distance"":5,""physical_error_rate"":0.0001}","{""detection_events"":2200,""detectors_checked"":4587520}"
     44032,         0,         0,    1.13,exact_mw,cb12ae119b9b2ba18d0216e7235b403229e92fd0743ede48fe7f1a2c6f45d594,"{""distance"":5,""physical_error_rate"":0.0005}","{""detection_events"":22008,""detectors_checked"":9863168}"
      1024,         0,         0,   0.369,exact_mw,3208f56225bbcac0e2804eb6f92d0a8b681652a702ca1ec920ccd7367f0e0899,"{""distance"":5,""physical_error_rate"":0.002}","{""detection_events"":1989,""detectors_checked"":229376}"
     22528,         0,         0,   0.419,exact_mw,cdc4a450a40af8e24899239080e4c40992fb5baf91c5a31ab3a165eacb3a1ab3,"{""distance"":5,""physical_error_rate"":0.0002}","{""detection_events"":4471,""detectors_checked"":5046272}"
      1024,         0,         0,   0.419,exact_mw,3208f56225bbcac0e2804eb6f92d0a8b681652a702ca1ec920ccd7367f0e0899,"{""distance"":5,""physical_error_rate"":0.002}","{""detection_events"":1971,""detectors_checked"":229376}"
     38912,         0,         0,   0.811,exact_mw,70a969f5042aec17ac076c6379f4170fb7c69b8e925756ef3b7334e28a33338b,"{""distance"":5,""physical_error_rate"":0.0001}","{""detection_events"":3736,""detectors_checked"":8716288}"
     18432,         0,         0,    1.20,exact_mw,bb90ec3459e353008cf9a5bb9142bf1e8515517a9e167021b225104594e48e8a,"{""distance"":5,""physical_error_rate"":0.001}","{""detection_events"":17916,""detectors_checked"":4128768}"
      6144,         0,         0,   0.464,exact_mw,bb90ec3459e353008cf9a5bb9142bf1e8515517a9e167021b225104594e48e8a,"{""distance"":5,""physical_error_rate"":0.001}","{""detection_events"":6157,""detectors_checked"":1376256}"
      2048,         0,         0,   0.633,exact_mw,3208f56225bbcac0e2804eb6f92d0a8b681652a702ca1ec920ccd7367f0e0899,"{""distance"":5,""physical_error_rate"":0.002}","{""detection_events"":3990,""detectors_checked"":458752}"
     19456,         0,         0,    1.57,exact_mw,bb90ec3459e353008cf9a5bb9142bf1e8515517a9e167021b225104594e48e8a,"{""distance"":5,""physical_error_rate"":0.001}","{""detection_events"":19234,""detectors_checked"":4358144}"
      1024,         0,         0,   0.363,exact_mw,3208f56225bbcac0e2804eb6f92d0a8b681652a702ca1ec920ccd7367f0e0899,"{""distance"":5,""physical_error_rate"":0.002}","{""detection_events"":2001,""detectors_checked"":229376}"
     36864,         0,         0,   0.792,exact_mw,f32ebecd8e105e50ec838d33c5ed9b45444b6b44a3c6ac541111079f2b14e893,"{""distance"":5,""physical_error_rate"":5e-05}","{""detection_events"":1706,""detectors_checked"":8257536}"
     37888,         0,         0,   0.782,exact_mw,f32ebecd8e105e50ec838d33c5ed9b45444b6b44a3c6ac541111079f2b14e893,"{""distance"":5,""physical_error_rate"":5e-05}","{""detection_events"":1859,""detectors_checked"":8486912}"
     47104,         0,         0,    1.57,exact_mw,bb90ec3459e353008cf9a5bb9142bf1e8515517a9e167021b225104594e48e8a,"{""distance"":5,""physical_error_rate"":0.001}","{""detection_events"":46742,""detectors_checked"":10551296}"
      1024,         0,         0,   0.531,exact_mw,3208f56225bbcac0e2804eb6f92d0a8b681652a702ca1ec920ccd7367f0e0899,"{""distance"":5,""physical_error_rate"":0.002}","{""detection_events"":2045,""detectors_checked"":229376}"
     30720,         0,         0,   0.572,exact_mw,cdc4a450a40af8e24899239080e4c40992fb5baf91c5a31ab3a165eacb3a1ab3,"{""distance"":5,""physical_error_rate"":0.0002}","{""detection_events"":5880,""detectors_checked"":6881280}"
     41984,         0,         0,   0.793,exact_mw,70a969f5042aec17ac076c6379f4170fb7c69b8e925756ef3b7334e28a33338b,"{""distance"":5,""physical_error_rate"":0.0001}","{""detection_events"":4066,""detectors_checked"":9404416}"
     65536,         0,         0,    1.10,exact_mw,cb12ae119b9b2ba18d0216e7235b403229e92fd0743ede48fe7f1a2c6f45d594,"{""distance"":5,""physical_error_rate"":0.0005}","{""detection_events"":32451,""detectors_checked"":14680064}"
      9216,         0,         0,   0.609,exact_mw,bb90ec3459e353008cf9a5bb9142bf1e8515517a9e167021b225104594e48e8a,"{""distance"":5,""physical_error_rate"":0.001}","{""detection_events"":9017,""detectors_checked"":2064384}"
     38912,         0,         0,    1.11,exact_mw,cdc4a450a40af8e24899239080e4c40992fb5baf91c5a31ab3a165eacb3a1ab3,"{""distance"":5,""physical_error_rate"":0.0002}","{""detection_events"":7787,""detectors_checked"":8716288}"
      1024,         1,         0,   0.478,exact_mw,3208f56225bbcac0e2804eb6f92d0a8b681652a702ca1ec920ccd7367f0e0899,"{""distance"":5,""physical_error_rate"":0.002}","{""detection_events"":2059,""detectors_checked"":229376,""obs_mistake_mask=E"":1}"
      2048,         0,         0,   0.730,exact_mw,3208f56225bbcac0e2804eb6f92d0a8b681652a702ca1ec920ccd7367f0e0899,"{""distance"":5,""physical_error_rate"":0.002}","{""detection_events"":4127,""detectors_checked"":458752}"
     52224,         0,         0,    1.12,exact_mw,70a969f5042aec17ac076c6379f4170fb7c69b8e925756ef3b7334e28a33338b,"{""distance"":5,""physical_error_rate"":0.0001}","{""detection_events"":5408,""detectors_checked"":11698176}"
      3072,         0,         0,    1.06,exact_mw,3208f56225bbcac0e2804eb6f92d0a8b681652a702ca1ec920ccd7367f0e0899,"{""distance"":5,""physical_error_rate"":0.002}","{""detection_events"":5998,""detectors_checked"":688128}"
      1024,         0,         0,   0.284,exact_mw,3208f56225bbcac0e2804eb6f92d0a8b681652a702ca1ec920ccd7367f0e0899,"{""distance"":5,""physical_error_rate"":0.002}","{""detection_events"":2026,""detectors_checked"":229376}"
     43008,         0,         0,   0.810,exact_mw,cdc4a450a40af8e24899239080e4c40992fb5baf91c5a31ab3a165eacb3a1ab3,"{""distance"":5,""physical_error_rate"":0.0002}","{""detection_events"":8725,""detectors_checked"":9633792}"
    508928,         0,         0,    3.02,exact_mw,cdc4a450a40af8e24899239080e4c40992fb5baf91c5a31ab3a165eacb3a1ab3,"{""distance"":5,""physical_error_rate"":0.0002}","{""detection_events"":100512,""detectors_checked"":113999872}"
     51200,         0,         0,    1.12,exact_mw,f32ebecd8e105e50ec838d33c5ed9b45444b6b44a3c6ac541111079f2b14e893,"{""distance"":5,""physical_error_rate"":5e-05}","{""detection_events"":2364,""detectors_checked"":11468800}"
     60416,         0,         0,    1.54,exact_mw,cb12ae119b9b2ba18d0216e7235b403229e92fd0743ede48fe7f1a2c6f45d594,"{""distance"":5,""physical_error_rate"":0.0005}","{""detection_events"":29597,""detectors_checked"":13533184}"
     51200,         0,         0,    1.12,exact_mw,f32ebecd8e105e50ec838d33c5ed9b45444b6b44a3c6ac541111079f2b14e893,"{""distance"":5,""physical_error_rate"":5e-05}","{""detection_events"":2552,""detectors_checked"":11468800}"
     11264,         0,         0,   0.835,exact_mw,bb90ec3459e353008cf9a5bb9142bf1e8515517a9e167021b225104594e48e8a,"{""distance"":5,""physical_error_rate"":0.001}","{""detection_events"":11062,""detectors_checked"":2523136}"
     20480,         0,         0,    1.53,exact_mw,bb90ec3459e353008cf9a5bb9142bf1e8515517a9e167021b225104594e48e8a,"{""distance"":5,""physical_error_rate"":0.001}","{""detection_events"":20371,""detectors_checked"":4587520}"
      1297,         0,         0,   0.030,exact_mw,cb12ae119b9b2ba18d0216e7235b403229e92fd0743ede48fe7f1a2c6f45d594,"{""distance"":5,""physical_error_rate"":0.0005}","{""detection_events"":650,""detectors_checked"":290528}"
     60416,         0,         0,    1.11,exact_mw,70a969f5042aec17ac076c6379f4170fb7c69b8e925756ef3b7334e28a33338b,"{""distance"":5,""physical_error_rate"":0.0001}","{""detection_events"":6103,""detectors_checked"":13533184}"
      1024,         0,         0,   0.029,exact_mw,cb12ae119b9b2ba18d0216e7235b403229e92fd0743ede48fe7f1a2c6f45d594,"{""distance"":5,""physical_error_rate"":0.0005}","{""detection_events"":505,""detectors_checked"":229376}"
      1024,         0,         0,   0.052,exact_mw,cb12ae119b9b2ba18d0216e7235b403229e92fd0743ede48fe7f1a2c6f45d594,"{""distance"":5,""physical_error_rate"":0.0005}","{""detection_events"":540,""detectors_checked"":229376}"
      1024,         0,         0,   0.028,exact_mw,cb12ae119b9b2ba18d0216e7235b403229e92fd0743ede48fe7f1a2c6f45d594,"{""distance"":5,""physical_error_rate"":0.0005}","{""detection_events"":461,""detectors_checked"":229376}"
      1024,         0,         0,   0.056,exact_mw,cb12ae119b9b2ba18d0216e7235b403229e92fd0743ede48fe7f1a2c6f45d594,"{""distance"":5,""physical_error_rate"":0.0005}","{""detection_events"":507,""detectors_checked"":229376}"
      2048,         0,         0,   0.055,exact_mw,cb12ae119b9b2ba18d0216e7235b403229e92fd0743ede48fe7f1a2c6f45d594,"{""distance"":5,""physical_error_rate"":0.0005}","{""detection_events"":975,""detectors_checked"":458752}"
      2048,         0,         0,   0.894,exact_mw,3208f56225bbcac0e2804eb6f92d0a8b681652a702ca1ec920ccd7367f0e0899,"{""distance"":5,""physical_error_rate"":0.002}","{""detection_events"":4026,""detectors_checked"":458752}"
      3072,         0,         0,   0.084,exact_mw,cb12ae119b9b2ba18d0216e7235b403229e92fd0743ede48fe7f1a2c6f45d594,"{""distance"":5,""physical_error_rate"":0.0005}","{""detection_events"":1404,""detectors_checked"":688128}"
      2048,         0,         0,   0.726,exact_mw,3208f56225bbcac0e2804eb6f92d0a8b681652a702ca1ec920ccd7367f0e0899,"{""distance"":5,""physical_error_rate"":0.002}","{""detection_events"":3841,""detectors_checked"":458752}"
    182784,        12,         0,    45.2,exact_mw,3208f56225bbcac0e2804eb6f92d0a8b681652a702ca1ec920ccd7367f0e0899,"{""distance"":5,""physical_error_rate"":0.002}","{""detection_events"":357810,""detectors_checked"":40943616,""obs_mistake_mask=E"":12}"
      4096,         0,         0,   0.112,exact_mw,cb12ae119b9b2ba18d0216e7235b403229e92fd0743ede48fe7f1a2c6f45d594,"{""distance"":5,""physical_error_rate"":0.0005}","{""detection_events"":1883,""detectors_checked"":917504}"
     84992,         1,         0,    1.56,exact_mw,cb12ae119b9b2ba18d0216e7235b403229e92fd0743ede48fe7f1a2c6f45d594,"{""distance"":5,""physical_error_rate"":0.0005}","{""detection_events"":41755,""detectors_checked"":19038208,""obs_mistake_mask=E"":1}"
        17,         0,         0,   0.025,exact_mw,3208f56225bbcac0e2804eb6f92d0a8b681652a702ca1ec920ccd7367f0e0899,"{""distance"":5,""physical_error_rate"":0.002}","{""detection_events"":33,""detectors_checked"":3808}"
      6144,         0,         0,   0.223,exact_mw,cb12ae119b9b2ba18d0216e7235b403229e92fd0743ede48fe7f1a2c6f45d594,"{""distance"":5,""physical_error_rate"":0.0005}","{""detection_events"":3079,""detectors_checked"":1376256}"
     55296,         0,         0,    1.53,exact_mw,cdc4a450a40af8e24899239080e4c40992fb5baf91c5a31ab3a165eacb3a1ab3,"{""distance"":5,""physical_error_rate"":0.0002}","{""detection_events"":11325,""detectors_checked"":12386304}"
       256,         0,         0,   0.112,exact_mw,3208f56225bbcac0e2804eb6f92d0a8b681652a702ca1ec920ccd7367f0e0899,"{""distance"":5,""physical_error_rate"":0.002}","{""detection_events"":481,""detectors_checked"":57344}"
     27648,         0,         0,    2.18,exact_mw,bb90ec3459e353008cf9a5bb9142bf1e8515517a9e167021b225104594e48e8a,"{""distance"":5,""physical_error_rate"":0.001}","{""detection_events"":27404,""detectors_checked"":6193152}"
     51200,         0,         0,    1.11,exact_mw,cdc4a450a40af8e24899239080e4c40992fb5baf91c5a31ab3a165eacb3a1ab3,"{""distance"":5,""physical_error_rate"":0.0002}","{""detection_events"":10007,""detectors_checked"":11468800}"
      9216,         0,         0,   0.226,exact_mw,cb12ae119b9b2ba18d0216e7235b403229e92fd0743ede48fe7f1a2c6f45d594,"{""distance"":5,""physical_error_rate"":0.0005}","{""detection_events"":4344,""detectors_checked"":2064384}"
      4096,         0,         0,    1.37,exact_mw,3208f56225bbcac0e2804eb6f92d0a8b681652a702ca1ec920ccd7367f0e0899,"{""distance"":5,""physical_error_rate"":0.002}","{""detection_events"":7807,""detectors_checked"":917504}"
     71680,         0,         0,    1.57,exact_mw,70a969f5042aec17ac076c6379f4170fb7c69b8e925756ef3b7334e28a33338b,"{""distance"":5,""physical_error_rate"":0.0001}","{""detection_events"":7166,""detectors_checked"":16056320}"
     18432,         0,         0,    1.19,exact_mw,bb90ec3459e353008cf9a5bb9142bf1e8515517a9e167021b225104594e48e8a,"{""distance"":5,""physical_error_rate"":0.001}","{""detection_events"":17613,""detectors_checked"":4128768}"
      1024,         0,         0,   0.338,exact_mw,3208f56225bbcac0e2804eb6f92d0a8b681652a702ca1ec920ccd7367f0e0899,"{""distance"":5,""physical_error_rate"":0.002}","{""detection_events"":1947,""detectors_checked"":229376}"
     33792,         0,         0,    2.23,exact_mw,bb90ec3459e353008cf9a5bb9142bf1e8515517a9e167021b225104594e48e8a,"{""distance"":5,""physical_error_rate"":0.001}","{""detection_events"":33000,""detectors_checked"":7569408}"
      2048,         0,         0,   0.755,exact_mw,3208f56225bbcac0e2804eb6f92d0a8b681652a702ca1ec920ccd7367f0e0899,"{""distance"":5,""physical_error_rate"":0.002}","{""detection_events"":3958,""detectors_checked"":458752}"
     12288,         0,         0,   0.335,exact_mw,cb12ae119b9b2ba18d0216e7235b403229e92fd0743ede48fe7f1a2c6f45d594,"{""distance"":5,""physical_error_rate"":0.0005}","{""detection_events"":5991,""detectors_checked"":2752512}"
     70656,         0,         0,    1.54,exact_mw,f32ebecd8e105e50ec838d33c5ed9b45444b6b44a3c6ac541111079f2b14e893,"{""distance"":5,""physical_error_rate"":5e-05}","{""detection_events"":3466,""detectors_checked"":15826944}"
     71680,         0,         0,    1.54,exact_mw,f32ebecd8e105e50ec838d33c5ed9b45444b6b44a3c6ac541111079f2b14e893,"{""distance"":5,""physical_error_rate"":5e-05}","{""detection_events"":3583,""detectors_checked"":16056320}"
      1024,         0,         0,   0.392,exact_mw,3208f56225bbcac0e2804eb6f92d0a8b681652a702ca1ec920ccd7367f0e0899,"{""distance"":5,""physical_error_rate"":0.002}","{""detection_events"":2094,""detectors_checked"":229376}"
      3072,         1,         0,    1.26,exact_mw,3208f56225bbcac0e2804eb6f92d0a8b681652a702ca1ec920ccd7367f0e0899,"{""distance"":5,""physical_error_rate"":0.002}","{""detection_events"":6003,""detectors_checked"":688128,""obs_mistake_mask=E"":1}"
     70656,         0,         0,    1.54,exact_mw,70a969f5042aec17ac076c6379f4170fb7c69b8e925756ef3b7334e28a33338b,"{""distance"":5,""physical_error_rate"":0.0001}","{""detection_events"":6955,""detectors_checked"":15826944}"
     14336,         0,         0,   0.445,exact_mw,cb12ae119b9b2ba18d0216e7235b403229e92fd0743ede48fe7f1a2c6f45d594,"{""distance"":5,""physical_error_rate"":0.0005}","{""detection_events"":7148,""detectors_checked"":3211264}"
      1024,         0,         0,   0.308,exact_mw,3208f56225bbcac0e2804eb6f92d0a8b681652a702ca1ec920ccd7367f0e0899,"{""distance"":5,""physical_error_rate"":0.002}","{""detection_events"":2003,""detectors_checked"":229376}"
      2048,         0,         0,   0.869,exact_mw,3208f56225bbcac0e2804eb6f92d0a8b681652a702ca1ec920ccd7367f0e0899,"{""distance"":5,""physical_error_rate"":0.002}","{""detection_events"":4140,""detectors_checked"":458752}"
     68608,         0,         0,    2.16,exact_mw,cb12ae119b9b2ba18d0216e7235b403229e92fd0743ede48fe7f1a2c6f45d594,"{""distance"":5,""physical_error_rate"":0.0005}","{""detection_events"":34468,""detectors_checked"":15368192}"
     27648,         0,         0,    2.24,exact_mw,bb90ec3459e353008cf9a5bb9142bf1e8515517a9e167021b225104594e48e8a,"{""distance"":5,""physical_error_rate"":0.001}","{""detection_events"":26909,""detectors_checked"":6193152}"
      1024,         0,         0,   0.419,exact_mw,3208f56225bbcac0e2804eb6f92d0a8b681652a702ca1ec920ccd7367f0e0899,"{""distance"":5,""physical_error_rate"":0.002}","{""detection_events"":1990,""detectors_checked"":229376}"
     21504,         0,         0,   0.586,exact_mw,cb12ae119b9b2ba18d0216e7235b403229e92fd0743ede48fe7f1a2c6f45d594,"{""distance"":5,""physical_error_rate"":0.0005}","{""detection_events"":10562,""detectors_checked"":4816896}"
     68608,         0,         0,    1.56,exact_mw,cdc4a450a40af8e24899239080e4c40992fb5baf91c5a31ab3a165eacb3a1ab3,"{""distance"":5,""physical_error_rate"":0.0002}","{""detection_events"":13488,""detectors_checked"":15368192}"
      1024,         0,         0,   0.409,exact_mw,3208f56225bbcac0e2804eb6f92d0a8b681652a702ca1ec920ccd7367f0e0899,"{""distance"":5,""physical_error_rate"":0.002}","{""detection_events"":1953,""detectors_checked"":229376}"
     23552,         0,         0,    1.61,exact_mw,bb90ec3459e353008cf9a5bb9142bf1e8515517a9e167021b225104594e48e8a,"{""distance"":5,""physical_error_rate"":0.001}","{""detection_events"":22809,""detectors_checked"":5275648}"
      5120,         1,         0,    1.79,exact_mw,3208f56225bbcac0e2804eb6f92d0a8b681652a702ca1ec920ccd7367f0e0899,"{""distance"":5,""physical_error_rate"":0.002}","{""detection_events"":9844,""detectors_checked"":1146880,""obs_mistake_mask=E"":1}"
    120832,         0,         0,    2.16,exact_mw,cb12ae119b9b2ba18d0216e7235b403229e92fd0743ede48fe7f1a2c6f45d594,"{""distance"":5,""physical_error_rate"":0.0005}","{""detection_events"":58950,""detectors_checked"":27066368}"
     82944,         0,         0,    2.18,exact_mw,cdc4a450a40af8e24899239080e4c40992fb5baf91c5a31ab3a165eacb3a1ab3,"{""distance"":5,""physical_error_rate"":0.0002}","{""detection_events"":16731,""detectors_checked"":18579456}"
      1024,         0,         0,   0.310,exact_mw,3208f56225bbcac0e2804eb6f92d0a8b681652a702ca1ec920ccd7367f0e0899,"{""distance"":5,""physical_error_rate"":0.002}","{""detection_events"":2027,""detectors_checked"":229376}"
      4096,         0,         0,    1.43,exact_mw,3208f56225bbcac0e2804eb6f92d0a8b681652a702ca1ec920ccd7367f0e0899,"{""distance"":5,""physical_error_rate"":0.002}","{""detection_events"":7902,""detectors_checked"":917504}"
     25600,         0,         0,   0.816,exact_mw,cb12ae119b9b2ba18d0216e7235b403229e92fd0743ede48fe7f1a2c6f45d594,"{""distance"":5,""physical_error_rate"":0.0005}","{""detection_events"":12687,""detectors_checked"":5734400}"
      3072,         0,         0,    1.12,exact_mw,3208f56225bbcac0e2804eb6f92d0a8b681652a702ca1ec920ccd7367f0e0899,"{""distance"":5,""physical_error_rate"":0.002}","{""detection_events"":5882,""detectors_checked"":688128}"
     98304,         0,         0,    2.16,exact_mw,70a969f5042aec17ac076c6379f4170fb7c69b8e925756ef3b7334e28a33338b,"{""distance"":5,""physical_error_rate"":0.0001}","{""detection_events"":9771,""detectors_checked"":22020096}"
      1024,         0,         0,   0.370,exact_mw,3208f56225bbcac0e2804eb6f92d0a8b681652a702ca1ec920ccd7367f0e0899,"{""distance"":5,""physical_error_rate"":0.002}","{""detection_events"":1920,""detectors_checked"":229376}"
     98304,         0,         0,    2.11,exact_mw,f32ebecd8e105e50ec838d33c5ed9b45444b6b44a3c6ac541111079f2b14e893,"{""distance"":5,""physical_error_rate"":5e-05}","{""detection_events"":4914,""detectors_checked"":22020096}"
     98304,         0,         0,    2.17,exact_mw,f32ebecd8e105e50ec838d33c5ed9b45444b6b44a3c6ac541111079f2b14e893,"{""distance"":5,""physical_error_rate"":5e-05}","{""detection_events"":4878,""detectors_checked"":22020096}"
      1024,         0,         0,   0.422,exact_mw,3208f56225bbcac0e2804eb6f92d0a8b681652a702ca1ec920ccd7367f0e0899,"{""distance"":5,""physical_error_rate"":0.002}","{""detection_events"":2039,""detectors_checked"":229376}"
     96256,         0,         0,    2.13,exact_mw,70a969f5042aec17ac076c6379f4170fb7c69b8e925756ef3b7334e28a33338b,"{""distance"":5,""physical_error_rate"":0.0001}","{""detection_events"":9669,""detectors_checked"":21561344}"
     39936,         1,         0,    3.11,exact_mw,bb90ec3459e353008cf9a5bb9142bf1e8515517a9e167021b225104594e48e8a,"{""distance"":5,""physical_error_rate"":0.001}","{""detection_events"":39213,""detectors_checked"":8945664,""obs_mistake_mask=E"":1}"
   1286144,         0,         0,    4.24,exact_mw,cdc4a450a40af8e24899239080e4c40992fb5baf91c5a31ab3a165eacb3a1ab3,"{""distance"":5,""physical_error_rate"":0.0002}","{""detection_events"":253369,""detectors_checked"":288096256}"
      1024,         0,         0,   0.421,exact_mw,3208f56225bbcac0e2804eb6f92d0a8b681652a702ca1ec920ccd7367f0e0899,"{""distance"":5,""physical_error_rate"":0.002}","{""detection_events"":2000,""detectors_checked"":229376}"
     36864,         0,         0,    1.12,exact_mw,cb12ae119b9b2ba18d0216e7235b403229e92fd0743ede48fe7f1a2c6f45d594,"{""distance"":5,""physical_error_rate"":0.0005}","{""detection_events"":18072,""detectors_checked"":8257536}"
     39936,         1,         0,    3.11,exact_mw,bb90ec3459e353008cf9a5bb9142bf1e8515517a9e167021b225104594e48e8a,"{""distance"":5,""physical_error_rate"":0.001}","{""detection_events"":39151,""detectors_checked"":8945664,""obs_mistake_mask=E"":1}"
      4096,         0,         0,    1.63,exact_mw,3208f56225bbcac0e2804eb6f92d0a8b681652a702ca1ec920ccd7367f0e0899,"{""distance"":5,""physical_error_rate"":0.002}","{""detection_events"":7620,""detectors_checked"":917504}"
     94208,         0,         0,    2.16,exact_mw,cdc4a450a40af8e24899239080e4c40992fb5baf91c5a31ab3a165eacb3a1ab3,"{""distance"":5,""physical_error_rate"":0.0002}","{""detection_events"":18116,""detectors_checked"":21102592}"
      2048,         0,         0,   0.730,exact_mw,3208f56225bbcac0e2804eb6f92d0a8b681652a702ca1ec920ccd7367f0e0899,"{""distance"":5,""physical_error_rate"":0.002}","{""detection_events"":4074,""detectors_checked"":458752}"
     25600,         0,         0,    2.19,exact_mw,bb90ec3459e353008cf9a5bb9142bf1e8515517a9e167021b225104594e48e8a,"{""distance"":5,""physical_error_rate"":0.001}","{""detection_events"":25001,""detectors_checked"":5734400}"
      6144,         0,         0,    2.27,exact_mw,3208f56225bbcac0e2804eb6f92d0a8b681652a702ca1ec920ccd7367f0e0899,"{""distance"":5,""physical_error_rate"":0.002}","{""detection_events"":11956,""detectors_checked"":1376256}"
    103424,         0,         0,    2.98,exact_mw,cb12ae119b9b2ba18d0216e7235b403229e92fd0743ede48fe7f1a2c6f45d594,"{""distance"":5,""physical_error_rate"":0.0005}","{""detection_events"":50707,""detectors_checked"":23166976}"
      5120,         0,         0,    2.04,exact_mw,3208f56225bbcac0e2804eb6f92d0a8b681652a702ca1ec920ccd7367f0e0899,"{""distance"":5,""physical_error_rate"":0.002}","{""detection_events"":9787,""detectors_checked"":1146880}"
     38912,         1,         0,    3.06,exact_mw,bb90ec3459e353008cf9a5bb9142bf1e8515517a9e167021b225104594e48e8a,"{""distance"":5,""physical_error_rate"":0.001}","{""detection_events"":37794,""detectors_checked"":8716288,""obs_mistake_mask=E"":1}"
      2048,         0,         0,   0.757,exact_mw,3208f56225bbcac0e2804eb6f92d0a8b681652a702ca1ec920ccd7367f0e0899,"{""distance"":5,""physical_error_rate"":0.002}","{""detection_events"":3823,""detectors_checked"":458752}"
     53248,         0,         0,    1.51,exact_mw,cb12ae119b9b2ba18d0216e7235b403229e92fd0743ede48fe7f1a2c6f45d594,"{""distance"":5,""physical_error_rate"":0.0005}","{""detection_events"":25756,""detectors_checked"":11927552}"
    167936,         1,         0,    3.00,exact_mw,cb12ae119b9b2ba18d0216e7235b403229e92fd0743ede48fe7f1a2c6f45d594,"{""distance"":5,""physical_error_rate"":0.0005}","{""detection_events"":83315,""detectors_checked"":37617664,""obs_mistake_mask=E"":1}"
    117760,         0,         0,    3.01,exact_mw,cdc4a450a40af8e24899239080e4c40992fb5baf91c5a31ab3a165eacb3a1ab3,"{""distance"":5,""physical_error_rate"":0.0002}","{""detection_events"":23197,""detectors_checked"":26378240}"
    140288,         0,         0,    3.02,exact_mw,70a969f5042aec17ac076c6379f4170fb7c69b8e925756ef3b7334e28a33338b,"{""distance"":5,""physical_error_rate"":0.0001}","{""detection_events"":13829,""detectors_checked"":31424512}"
    141312,         0,         0,    3.02,exact_mw,f32ebecd8e105e50ec838d33c5ed9b45444b6b44a3c6ac541111079f2b14e893,"{""distance"":5,""physical_error_rate"":5e-05}","{""detection_events"":6842,""detectors_checked"":31653888}"
    140288,         0,         0,    3.02,exact_mw,f32ebecd8e105e50ec838d33c5ed9b45444b6b44a3c6ac541111079f2b14e893,"{""distance"":5,""physical_error_rate"":5e-05}","{""detection_events"":6762,""detectors_checked"":31424512}"
      3072,         0,         0,    1.17,exact_mw,3208f56225bbcac0e2804eb6f92d0a8b681652a702ca1ec920ccd7367f0e0899,"{""distance"":5,""physical_error_rate"":0.002}","{""detection_events"":5864,""detectors_checked"":688128}"
    140288,         0,         0,    3.05,exact_mw,70a969f5042aec17ac076c6379f4170fb7c69b8e925756ef3b7334e28a33338b,"{""distance"":5,""physical_error_rate"":0.0001}","{""detection_events"":13836,""detectors_checked"":31424512}"
      7168,         0,         0,    2.55,exact_mw,3208f56225bbcac0e2804eb6f92d0a8b681652a702ca1ec920ccd7367f0e0899,"{""distance"":5,""physical_error_rate"":0.002}","{""detection_events"":13923,""detectors_checked"":1605632}"
      6144,         0,         0,    2.26,exact_mw,3208f56225bbcac0e2804eb6f92d0a8b681652a702ca1ec920ccd7367f0e0899,"{""distance"":5,""physical_error_rate"":0.002}","{""detection_events"":11453,""detectors_checked"":1376256}"
    138240,         0,         0,    3.07,exact_mw,cdc4a450a40af8e24899239080e4c40992fb5baf91c5a31ab3a165eacb3a1ab3,"{""distance"":5,""physical_error_rate"":0.0002}","{""detection_events"":27411,""detectors_checked"":30965760}"
     69632,         0,         0,    2.18,exact_mw,cb12ae119b9b2ba18d0216e7235b403229e92fd0743ede48fe7f1a2c6f45d594,"{""distance"":5,""physical_error_rate"":0.0005}","{""detection_events"":34037,""detectors_checked"":15597568}"
     40960,         1,         0,    3.11,exact_mw,bb90ec3459e353008cf9a5bb9142bf1e8515517a9e167021b225104594e48e8a,"{""distance"":5,""physical_error_rate"":0.001}","{""detection_events"":40429,""detectors_checked"":9175040,""obs_mistake_mask=E"":1}"
     56320,         0,         0,    4.28,exact_mw,bb90ec3459e353008cf9a5bb9142bf1e8515517a9e167021b225104594e48e8a,"{""distance"":5,""physical_error_rate"":0.001}","{""detection_events"":55277,""detectors_checked"":12615680}"
      8192,         0,         0,    3.26,exact_mw,3208f56225bbcac0e2804eb6f92d0a8b681652a702ca1ec920ccd7367f0e0899,"{""distance"":5,""physical_error_rate"":0.002}","{""detection_events"":16185,""detectors_checked"":1835008}"
      4096,         0,         0,    1.60,exact_mw,3208f56225bbcac0e2804eb6f92d0a8b681652a702ca1ec920ccd7367f0e0899,"{""distance"":5,""physical_error_rate"":0.002}","{""detection_events"":8107,""detectors_checked"":917504}"
     57344,         2,         0,    4.36,exact_mw,bb90ec3459e353008cf9a5bb9142bf1e8515517a9e167021b225104594e48e8a,"{""distance"":5,""physical_error_rate"":0.001}","{""detection_events"":56252,""detectors_checked"":12845056,""obs_mistake_mask=E"":2}"
    171008,         0,         0,    4.17,exact_mw,cb12ae119b9b2ba18d0216e7235b403229e92fd0743ede48fe7f1a2c6f45d594,"{""distance"":5,""physical_error_rate"":0.0005}","{""detection_events"":83308,""detectors_checked"":38305792}"
     61440,         0,         0,    4.33,exact_mw,bb90ec3459e353008cf9a5bb9142bf1e8515517a9e167021b225104594e48e8a,"{""distance"":5,""physical_error_rate"":0.001}","{""detection_events"":60948,""detectors_checked"":13762560}"
      4096,         0,         0,    1.61,exact_mw,3208f56225bbcac0e2804eb6f92d0a8b681652a702ca1ec920ccd7367f0e0899,"{""distance"":5,""physical_error_rate"":0.002}","{""detection_events"":7987,""detectors_checked"":917504}"
   1980416,         0,         0,    5.94,exact_mw,cdc4a450a40af8e24899239080e4c40992fb5baf91c5a31ab3a165eacb3a1ab3,"{""distance"":5,""physical_error_rate"":0.0002}","{""detection_events"":389369,""detectors_checked"":443613184}"
    234496,         0,         0,    4.23,exact_mw,cb12ae119b9b2ba18d0216e7235b403229e92fd0743ede48fe7f1a2c6f45d594,"{""distance"":5,""physical_error_rate"":0.0005}","{""detection_events"":115411,""detectors_checked"":52527104}"
    164864,         0,         0,    4.19,exact_mw,cdc4a450a40af8e24899239080e4c40992fb5baf91c5a31ab3a165eacb3a1ab3,"{""distance"":5,""physical_error_rate"":0.0002}","{""detection_events"":32614,""detectors_checked"":36929536}"
      8192,         0,         0,    3.24,exact_mw,3208f56225bbcac0e2804eb6f92d0a8b681652a702ca1ec920ccd7367f0e0899,"{""distance"":5,""physical_error_rate"":0.002}","{""detection_events"":16178,""detectors_checked"":1835008}"
    193536,         0,         0,    4.19,exact_mw,70a969f5042aec17ac076c6379f4170fb7c69b8e925756ef3b7334e28a33338b,"{""distance"":5,""physical_error_rate"":0.0001}","{""detection_events"":19457,""detectors_checked"":43352064}"
      8192,         1,         0,    3.28,exact_mw,3208f56225bbcac0e2804eb6f92d0a8b681652a702ca1ec920ccd7367f0e0899,"{""distance"":5,""physical_error_rate"":0.002}","{""detection_events"":15971,""detectors_checked"":1835008,""obs_mistake_mask=E"":1}"
    187392,         0,         0,    4.21,exact_mw,f32ebecd8e105e50ec838d33c5ed9b45444b6b44a3c6ac541111079f2b14e893,"{""distance"":5,""physical_error_rate"":5e-05}","{""detection_events"":9222,""detectors_checked"":41975808}"
    192512,         0,         0,    4.17,exact_mw,f32ebecd8e105e50ec838d33c5ed9b45444b6b44a3c6ac541111079f2b14e893,"{""distance"":5,""physical_error_rate"":5e-05}","{""detection_events"":9394,""detectors_checked"":43122688}"
     99328,         0,         0,    3.06,exact_mw,cb12ae119b9b2ba18d0216e7235b403229e92fd0743ede48fe7f1a2c6f45d594,"{""distance"":5,""physical_error_rate"":0.0005}","{""detection_events"":48575,""detectors_checked"":22249472}"
    192512,         0,         0,    4.18,exact_mw,70a969f5042aec17ac076c6379f4170fb7c69b8e925756ef3b7334e28a33338b,"{""distance"":5,""physical_error_rate"":0.0001}","{""detection_events"":18722,""detectors_checked"":43122688}"
    189440,         0,         0,    4.20,exact_mw,cdc4a450a40af8e24899239080e4c40992fb5baf91c5a31ab3a165eacb3a1ab3,"{""distance"":5,""physical_error_rate"":0.0002}","{""detection_events"":37339,""detectors_checked"":42434560}"
     53248,         0,         0,    4.21,exact_mw,bb90ec3459e353008cf9a5bb9142bf1e8515517a9e167021b225104594e48e8a,"{""distance"":5,""physical_error_rate"":0.001}","{""detection_events"":52166,""detectors_checked"":11927552}"
      6144,         0,         0,    2.41,exact_mw,3208f56225bbcac0e2804eb6f92d0a8b681652a702ca1ec920ccd7367f0e0899,"{""distance"":5,""physical_error_rate"":0.002}","{""detection_events"":11880,""detectors_checked"":1376256}"
     11264,         2,         0,    4.35,exact_mw,3208f56225bbcac0e2804eb6f92d0a8b681652a702ca1ec920ccd7367f0e0899,"{""distance"":5,""physical_error_rate"":0.002}","{""detection_events"":21846,""detectors_checked"":2523136,""obs_mistake_mask=E"":2}"
     78848,         1,         0,    5.91,exact_mw,bb90ec3459e353008cf9a5bb9142bf1e8515517a9e167021b225104594e48e8a,"{""distance"":5,""physical_error_rate"":0.001}","{""detection_events"":76571,""detectors_checked"":17661952,""obs_mistake_mask=E"":1}"
    109568,         0,         0,    5.96,exact_mw,bb90ec3459e353008cf9a5bb9142bf1e8515517a9e167021b225104594e48e8a,"{""distance"":5,""physical_error_rate"":0.001}","{""detection_events"":108412,""detectors_checked"":24543232}"
     11264,         0,         0,    4.39,exact_mw,3208f56225bbcac0e2804eb6f92d0a8b681652a702ca1ec920ccd7367f0e0899,"{""distance"":5,""physical_error_rate"":0.002}","{""detection_events"":22097,""detectors_checked"":2523136}"
     11264,         2,         0,    4.43,exact_mw,3208f56225bbcac0e2804eb6f92d0a8b681652a702ca1ec920ccd7367f0e0899,"{""distance"":5,""physical_error_rate"":0.002}","{""detection_events"":22140,""detectors_checked"":2523136,""obs_mistake_mask=E"":2}"
    157696,         0,         0,    4.24,exact_mw,cb12ae119b9b2ba18d0216e7235b403229e92fd0743ede48fe7f1a2c6f45d594,"{""distance"":5,""physical_error_rate"":0.0005}","{""detection_events"":77845,""detectors_checked"":35323904}"
    199680,         1,         0,    5.88,exact_mw,cb12ae119b9b2ba18d0216e7235b403229e92fd0743ede48fe7f1a2c6f45d594,"{""distance"":5,""physical_error_rate"":0.0005}","{""detection_events"":99570,""detectors_checked"":44728320,""obs_mistake_mask=E"":1}"
     76800,         0,         0,    6.01,exact_mw,bb90ec3459e353008cf9a5bb9142bf1e8515517a9e167021b225104594e48e8a,"{""distance"":5,""physical_error_rate"":0.001}","{""detection_events"":75553,""detectors_checked"":17203200}"
      9216,         0,         0,    3.22,exact_mw,3208f56225bbcac0e2804eb6f92d0a8b681652a702ca1ec920ccd7367f0e0899,"{""distance"":5,""physical_error_rate"":0.002}","{""detection_events"":18025,""detectors_checked"":2064384}"
    275456,         1,         0,    5.94,exact_mw,cb12ae119b9b2ba18d0216e7235b403229e92fd0743ede48fe7f1a2c6f45d594,"{""distance"":5,""physical_error_rate"":0.0005}","{""detection_events"":134988,""detectors_checked"":61702144,""obs_mistake_mask=E"":1}"
    233472,         0,         0,    5.90,exact_mw,cdc4a450a40af8e24899239080e4c40992fb5baf91c5a31ab3a165eacb3a1ab3,"{""distance"":5,""physical_error_rate"":0.0002}","{""detection_events"":45947,""detectors_checked"":52297728}"
    282624,         0,         0,    5.95,exact_mw,70a969f5042aec17ac076c6379f4170fb7c69b8e925756ef3b7334e28a33338b,"{""distance"":5,""physical_error_rate"":0.0001}","{""detection_events"":27770,""detectors_checked"":63307776}"
    281600,         0,         0,    5.91,exact_mw,f32ebecd8e105e50ec838d33c5ed9b45444b6b44a3c6ac541111079f2b14e893,"{""distance"":5,""physical_error_rate"":5e-05}","{""detection_events"":14171,""detectors_checked"":63078400}"
    289792,         0,         0,    5.99,exact_mw,f32ebecd8e105e50ec838d33c5ed9b45444b6b44a3c6ac541111079f2b14e893,"{""distance"":5,""physical_error_rate"":5e-05}","{""detection_events"":13979,""detectors_checked"":64913408}"
    251904,         0,         0,    5.87,exact_mw,70a969f5042aec17ac076c6379f4170fb7c69b8e925756ef3b7334e28a33338b,"{""distance"":5,""physical_error_rate"":0.0001}","{""detection_events"":25355,""detectors_checked"":56426496}"
    277504,         0,         0,    5.88,exact_mw,cdc4a450a40af8e24899239080e4c40992fb5baf91c5a31ab3a165eacb3a1ab3,"{""distance"":5,""physical_error_rate"":0.0002}","{""detection_events"":55019,""detectors_checked"":62160896}"
     76800,         0,         0,    5.97,exact_mw,bb90ec3459e353008cf9a5bb9142bf1e8515517a9e167021b225104594e48e8a,"{""distance"":5,""physical_error_rate"":0.001}","{""detection_events"":75572,""detectors_checked"":17203200}"
   2794496,         0,         0,    8.31,exact_mw,cdc4a450a40af8e24899239080e4c40992fb5baf91c5a31ab3a165eacb3a1ab3,"{""distance"":5,""physical_error_rate"":0.0002}","{""detection_events"":547972,""detectors_checked"":625967104}"
     18432,         0,         0,    6.07,exact_mw,3208f56225bbcac0e2804eb6f92d0a8b681652a702ca1ec920ccd7367f0e0899,"{""distance"":5,""physical_error_rate"":0.002}","{""detection_events"":36183,""detectors_checked"":4128768}"
   2274304,         0,         0,    44.2,exact_mw,f32ebecd8e105e50ec838d33c5ed9b45444b6b44a3c6ac541111079f2b14e893,"{""distance"":5,""physical_error_rate"":5e-05}","{""detection_events"":111350,""detectors_checked"":509444096}"
   1910784,         0,         0,    44.5,exact_mw,cdc4a450a40af8e24899239080e4c40992fb5baf91c5a31ab3a165eacb3a1ab3,"{""distance"":5,""physical_error_rate"":0.0002}","{""detection_events"":377507,""detectors_checked"":428015616}"
     12288,         0,         0,    4.28,exact_mw,3208f56225bbcac0e2804eb6f92d0a8b681652a702ca1ec920ccd7367f0e0899,"{""distance"":5,""physical_error_rate"":0.002}","{""detection_events"":24077,""detectors_checked"":2752512}"
   2232320,         0,         0,    44.4,exact_mw,70a969f5042aec17ac076c6379f4170fb7c69b8e925756ef3b7334e28a33338b,"{""distance"":5,""physical_error_rate"":0.0001}","{""detection_events"":220790,""detectors_checked"":500039680}"
   2061312,         0,         0,    44.4,exact_mw,f32ebecd8e105e50ec838d33c5ed9b45444b6b44a3c6ac541111079f2b14e893,"{""distance"":5,""physical_error_rate"":5e-05}","{""detection_events"":102260,""detectors_checked"":461733888}"
     15360,         1,         0,    5.99,exact_mw,3208f56225bbcac0e2804eb6f92d0a8b681652a702ca1ec920ccd7367f0e0899,"{""distance"":5,""physical_error_rate"":0.002}","{""detection_events"":30435,""detectors_checked"":3440640,""obs_mistake_mask=E"":1}"
  10139648,         0,         0,    31.9,exact_mw,f32ebecd8e105e50ec838d33c5ed9b45444b6b44a3c6ac541111079f2b14e893,"{""distance"":5,""physical_error_rate"":5e-05}","{""detection_events"":497011,""detectors_checked"":2271281152}"
    224256,         0,         0,    5.96,exact_mw,cb12ae119b9b2ba18d0216e7235b403229e92fd0743ede48fe7f1a2c6f45d594,"{""distance"":5,""physical_error_rate"":0.0005}","{""detection_events"":110139,""detectors_checked"":50233344}"
     18432,         1,         0,    6.16,exact_mw,3208f56225bbcac0e2804eb6f92d0a8b681652a702ca1ec920ccd7367f0e0899,"{""distance"":5,""physical_error_rate"":0.002}","{""detection_events"":35597,""detectors_checked"":4128768,""obs_mistake_mask=E"":1}"
   1683456,         0,         0,    44.4,exact_mw,cb12ae119b9b2ba18d0216e7235b403229e92fd0743ede48fe7f1a2c6f45d594,"{""distance"":5,""physical_error_rate"":0.0005}","{""detection_events"":826944,""detectors_checked"":377094144}"
    565248,         6,         0,    44.7,exact_mw,bb90ec3459e353008cf9a5bb9142bf1e8515517a9e167021b225104594e48e8a,"{""distance"":5,""physical_error_rate"":0.001}","{""detection_events"":554028,""detectors_checked"":126615552,""obs_mistake_mask=E"":6}"
   1946624,         0,         0,    44.4,exact_mw,70a969f5042aec17ac076c6379f4170fb7c69b8e925756ef3b7334e28a33338b,"{""distance"":5,""physical_error_rate"":0.0001}","{""detection_events"":191485,""detectors_checked"":436043776}"
    545792,         3,         0,    44.8,exact_mw,bb90ec3459e353008cf9a5bb9142bf1e8515517a9e167021b225104594e48e8a,"{""distance"":5,""physical_error_rate"":0.001}","{""detection_events"":534005,""detectors_checked"":122257408,""obs_mistake_mask=E"":3}"
   2203648,         0,         0,    44.4,exact_mw,cdc4a450a40af8e24899239080e4c40992fb5baf91c5a31ab3a165eacb3a1ab3,"{""distance"":5,""physical_error_rate"":0.0002}","{""detection_events"":432286,""detectors_checked"":493617152}"
    124928,         0,         0,    8.36,exact_mw,bb90ec3459e353008cf9a5bb9142bf1e8515517a9e167021b225104594e48e8a,"{""distance"":5,""physical_error_rate"":0.001}","{""detection_events"":121334,""detectors_checked"":27983872}"
   3447808,         4,         0,    31.9,exact_mw,cb12ae119b9b2ba18d0216e7235b403229e92fd0743ede48fe7f1a2c6f45d594,"{""distance"":5,""physical_error_rate"":0.0005}","{""detection_events"":1695510,""detectors_checked"":772308992,""obs_mistake_mask=E"":4}"
    121856,         0,         0,    8.24,exact_mw,bb90ec3459e353008cf9a5bb9142bf1e8515517a9e167021b225104594e48e8a,"{""distance"":5,""physical_error_rate"":0.001}","{""detection_events"":119037,""detectors_checked"":27295744}"
   1472512,         0,         0,    31.6,exact_mw,70a969f5042aec17ac076c6379f4170fb7c69b8e925756ef3b7334e28a33338b,"{""distance"":5,""physical_error_rate"":0.0001}","{""detection_events"":144916,""detectors_checked"":329842688}"
    202752,        11,         0,    45.0,exact_mw,3208f56225bbcac0e2804eb6f92d0a8b681652a702ca1ec920ccd7367f0e0899,"{""distance"":5,""physical_error_rate"":0.002}","{""detection_events"":395434,""detectors_checked"":45416448,""obs_mistake_mask=E"":11}"
   1583104,         0,         0,    31.8,exact_mw,70a969f5042aec17ac076c6379f4170fb7c69b8e925756ef3b7334e28a33338b,"{""distance"":5,""physical_error_rate"":0.0001}","{""detection_events"":155618,""detectors_checked"":354615296}"
    397312,         5,         0,    32.0,exact_mw,bb90ec3459e353008cf9a5bb9142bf1e8515517a9e167021b225104594e48e8a,"{""distance"":5,""physical_error_rate"":0.001}","{""detection_events"":389098,""detectors_checked"":88997888,""obs_mistake_mask=E"":5}"
    299008,         0,         0,    8.29,exact_mw,cb12ae119b9b2ba18d0216e7235b403229e92fd0743ede48fe7f1a2c6f45d594,"{""distance"":5,""physical_error_rate"":0.0005}","{""detection_events"":147274,""detectors_checked"":66977792}"
   1354752,         0,         0,    31.8,exact_mw,cdc4a450a40af8e24899239080e4c40992fb5baf91c5a31ab3a165eacb3a1ab3,"{""distance"":5,""physical_error_rate"":0.0002}","{""detection_events"":267440,""detectors_checked"":303464448}"
   1441792,         0,         0,    31.7,exact_mw,cdc4a450a40af8e24899239080e4c40992fb5baf91c5a31ab3a165eacb3a1ab3,"{""distance"":5,""physical_error_rate"":0.0002}","{""detection_events"":284540,""detectors_checked"":322961408}"
    391168,         2,         0,    32.0,exact_mw,bb90ec3459e353008cf9a5bb9142bf1e8515517a9e167021b225104594e48e8a,"{""distance"":5,""physical_error_rate"":0.001}","{""detection_events"":384108,""detectors_checked"":87621632,""obs_mistake_mask=E"":2}"
   1417216,         0,         0,    31.7,exact_mw,f32ebecd8e105e50ec838d33c5ed9b45444b6b44a3c6ac541111079f2b14e893,"{""distance"":5,""physical_error_rate"":5e-05}","{""detection_events"":69664,""detectors_checked"":317456384}"
    111616,         1,         0,    8.35,exact_mw,bb90ec3459e353008cf9a5bb9142bf1e8515517a9e167021b225104594e48e8a,"{""distance"":5,""physical_error_rate"":0.001}","{""detection_events"":109813,""detectors_checked"":25001984,""obs_mistake_mask=E"":1}"
   1354752,         0,         0,    31.6,exact_mw,f32ebecd8e105e50ec838d33c5ed9b45444b6b44a3c6ac541111079f2b14e893,"{""distance"":5,""physical_error_rate"":5e-05}","{""detection_events"":66788,""detectors_checked"":303464448}"
    181248,         0,         0,    8.14,exact_mw,cb12ae119b9b2ba18d0216e7235b403229e92fd0743ede48fe7f1a2c6f45d594,"{""distance"":5,""physical_error_rate"":0.0005}","{""detection_events"":90009,""detectors_checked"":40599552}"
    364544,         0,         0,    8.24,exact_mw,cdc4a450a40af8e24899239080e4c40992fb5baf91c5a31ab3a165eacb3a1ab3,"{""distance"":5,""physical_error_rate"":0.0002}","{""detection_events"":72512,""detectors_checked"":81657856}"
   1085440,         0,         0,    8.34,exact_mw,70a969f5042aec17ac076c6379f4170fb7c69b8e925756ef3b7334e28a33338b,"{""distance"":5,""physical_error_rate"":0.0001}","{""detection_events"":106417,""detectors_checked"":243138560}"
    421888,         0,         0,    8.18,exact_mw,f32ebecd8e105e50ec838d33c5ed9b45444b6b44a3c6ac541111079f2b14e893,"{""distance"":5,""physical_error_rate"":5e-05}","{""detection_events"":20921,""detectors_checked"":94502912}"
    358400,         0,         0,    8.19,exact_mw,f32ebecd8e105e50ec838d33c5ed9b45444b6b44a3c6ac541111079f2b14e893,"{""distance"":5,""physical_error_rate"":5e-05}","{""detection_events"":17305,""detectors_checked"":80281600}"
   1472512,         2,         0,    44.4,exact_mw,cb12ae119b9b2ba18d0216e7235b403229e92fd0743ede48fe7f1a2c6f45d594,"{""distance"":5,""physical_error_rate"":0.0005}","{""detection_events"":722682,""detectors_checked"":329842688,""obs_mistake_mask=E"":2}"
    382976,         0,         0,    8.22,exact_mw,70a969f5042aec17ac076c6379f4170fb7c69b8e925756ef3b7334e28a33338b,"{""distance"":5,""physical_error_rate"":0.0001}","{""detection_events"":37777,""detectors_checked"":85786624}"
     16384,         1,         0,    6.29,exact_mw,3208f56225bbcac0e2804eb6f92d0a8b681652a702ca1ec920ccd7367f0e0899,"{""distance"":5,""physical_error_rate"":0.002}","{""detection_events"":32053,""detectors_checked"":3670016,""obs_mistake_mask=E"":1}"
    393216,         0,         0,    8.34,exact_mw,cdc4a450a40af8e24899239080e4c40992fb5baf91c5a31ab3a165eacb3a1ab3,"{""distance"":5,""physical_error_rate"":0.0002}","{""detection_events"":78198,""detectors_checked"":88080384}"
    111616,         0,         0,    8.40,exact_mw,bb90ec3459e353008cf9a5bb9142bf1e8515517a9e167021b225104594e48e8a,"{""distance"":5,""physical_error_rate"":0.001}","{""detection_events"":108876,""detectors_checked"":25001984}"
     24576,         0,         0,    8.64,exact_mw,3208f56225bbcac0e2804eb6f92d0a8b681652a702ca1ec920ccd7367f0e0899,"{""distance"":5,""physical_error_rate"":0.002}","{""detection_events"":47970,""detectors_checked"":5505024}"
     86016,         8,         0,    32.6,exact_mw,3208f56225bbcac0e2804eb6f92d0a8b681652a702ca1ec920ccd7367f0e0899,"{""distance"":5,""physical_error_rate"":0.002}","{""detection_events"":168366,""detectors_checked"":19267584,""obs_mistake_mask=E"":8}"
   1469440,         0,         0,    31.8,exact_mw,70a969f5042aec17ac076c6379f4170fb7c69b8e925756ef3b7334e28a33338b,"{""distance"":5,""physical_error_rate"":0.0001}","{""detection_events"":144576,""detectors_checked"":329154560}"
     86016,         5,         0,    32.2,exact_mw,3208f56225bbcac0e2804eb6f92d0a8b681652a702ca1ec920ccd7367f0e0899,"{""distance"":5,""physical_error_rate"":0.002}","{""detection_events"":169135,""detectors_checked"":19267584,""obs_mistake_mask=E"":5}"
   1103872,         0,         0,    31.6,exact_mw,cb12ae119b9b2ba18d0216e7235b403229e92fd0743ede48fe7f1a2c6f45d594,"{""distance"":5,""physical_error_rate"":0.0005}","{""detection_events"":541894,""detectors_checked"":247267328}"
     24576,         1,         0,    8.66,exact_mw,3208f56225bbcac0e2804eb6f92d0a8b681652a702ca1ec920ccd7367f0e0899,"{""distance"":5,""physical_error_rate"":0.002}","{""detection_events"":47794,""detectors_checked"":5505024,""obs_mistake_mask=E"":1}"
    243712,         0,         0,    8.34,exact_mw,cb12ae119b9b2ba18d0216e7235b403229e92fd0743ede48fe7f1a2c6f45d594,"{""distance"":5,""physical_error_rate"":0.0005}","{""detection_events"":120110,""detectors_checked"":54591488}"
     22528,         2,         0,    8.48,exact_mw,3208f56225bbcac0e2804eb6f92d0a8b681652a702ca1ec920ccd7367f0e0899,"{""distance"":5,""physical_error_rate"":0.002}","{""detection_events"":43861,""detectors_checked"":5046272,""obs_mistake_mask=E"":2}"
    110592,         7,         0,    45.3,exact_mw,3208f56225bbcac0e2804eb6f92d0a8b681652a702ca1ec920ccd7367f0e0899,"{""distance"":5,""physical_error_rate"":0.002}","{""detection_events"":214283,""detectors_checked"":24772608,""obs_mistake_mask=E"":7}"
   1966080,         0,         0,    11.6,exact_mw,cdc4a450a40af8e24899239080e4c40992fb5baf91c5a31ab3a165eacb3a1ab3,"{""distance"":5,""physical_error_rate"":0.0002}","{""detection_events"":387875,""detectors_checked"":440401920}"
    166912,         1,         0,    11.6,exact_mw,bb90ec3459e353008cf9a5bb9142bf1e8515517a9e167021b225104594e48e8a,"{""distance"":5,""physical_error_rate"":0.001}","{""detection_events"":164257,""detectors_checked"":37388288,""obs_mistake_mask=E"":1}"
    198656,         1,         0,    11.7,exact_mw,bb90ec3459e353008cf9a5bb9142bf1e8515517a9e167021b225104594e48e8a,"{""distance"":5,""physical_error_rate"":0.001}","{""detection_events"":196296,""detectors_checked"":44498944,""obs_mistake_mask=E"":1}"
     22528,         0,         0,    8.71,exact_mw,3208f56225bbcac0e2804eb6f92d0a8b681652a702ca1ec920ccd7367f0e0899,"{""distance"":5,""physical_error_rate"":0.002}","{""detection_events"":44134,""detectors_checked"":5046272}"
  12475392,         5,         0,    62.6,exact_mw,cb12ae119b9b2ba18d0216e7235b403229e92fd0743ede48fe7f1a2c6f45d594,"{""distance"":5,""physical_error_rate"":0.0005}","{""detection_events"":6139117,""detectors_checked"":2794487808,""obs_mistake_mask=E"":5}"
    348160,         0,         0,    11.6,exact_mw,cb12ae119b9b2ba18d0216e7235b403229e92fd0743ede48fe7f1a2c6f45d594,"{""distance"":5,""physical_error_rate"":0.0005}","{""detection_events"":170691,""detectors_checked"":77987840}"
    136192,         1,         0,    11.6,exact_mw,bb90ec3459e353008cf9a5bb9142bf1e8515517a9e167021b225104594e48e8a,"{""distance"":5,""physical_error_rate"":0.001}","{""detection_events"":133413,""detectors_checked"":30507008,""obs_mistake_mask=E"":1}"
    302080,         0,         0,    11.5,exact_mw,cb12ae119b9b2ba18d0216e7235b403229e92fd0743ede48fe7f1a2c6f45d594,"{""distance"":5,""physical_error_rate"":0.0005}","{""detection_events"":149555,""detectors_checked"":67665920}"
    517120,         0,         0,    11.5,exact_mw,cdc4a450a40af8e24899239080e4c40992fb5baf91c5a31ab3a165eacb3a1ab3,"{""distance"":5,""physical_error_rate"":0.0002}","{""detection_events"":103578,""detectors_checked"":115834880}"
   1753088,         0,         0,    11.6,exact_mw,70a969f5042aec17ac076c6379f4170fb7c69b8e925756ef3b7334e28a33338b,"{""distance"":5,""physical_error_rate"":0.0001}","{""detection_events"":173513,""detectors_checked"":392691712}"
  17758208,         0,         0,    62.6,exact_mw,70a969f5042aec17ac076c6379f4170fb7c69b8e925756ef3b7334e28a33338b,"{""distance"":5,""physical_error_rate"":0.0001}","{""detection_events"":1749172,""detectors_checked"":3977838592}"
    540672,         0,         0,    11.5,exact_mw,f32ebecd8e105e50ec838d33c5ed9b45444b6b44a3c6ac541111079f2b14e893,"{""distance"":5,""physical_error_rate"":5e-05}","{""detection_events"":26264,""detectors_checked"":121110528}"
    414720,         0,         0,    11.6,exact_mw,f32ebecd8e105e50ec838d33c5ed9b45444b6b44a3c6ac541111079f2b14e893,"{""distance"":5,""physical_error_rate"":5e-05}","{""detection_events"":20394,""detectors_checked"":92897280}"
    536576,         0,         0,    11.5,exact_mw,70a969f5042aec17ac076c6379f4170fb7c69b8e925756ef3b7334e28a33338b,"{""distance"":5,""physical_error_rate"":0.0001}","{""detection_events"":53407,""detectors_checked"":120193024}"
   3096576,         0,         0,    62.2,exact_mw,f32ebecd8e105e50ec838d33c5ed9b45444b6b44a3c6ac541111079f2b14e893,"{""distance"":5,""physical_error_rate"":5e-05}","{""detection_events"":152671,""detectors_checked"":693633024}"
   5251072,        29,         0,    62.8,exact_mw,bb90ec3459e353008cf9a5bb9142bf1e8515517a9e167021b225104594e48e8a,"{""distance"":5,""physical_error_rate"":0.001}","{""detection_events"":5150417,""detectors_checked"":1176240128,""obs_mistake_mask=E"":29}"
    887808,         7,         0,    62.7,exact_mw,bb90ec3459e353008cf9a5bb9142bf1e8515517a9e167021b225104594e48e8a,"{""distance"":5,""physical_error_rate"":0.001}","{""detection_events"":869203,""detectors_checked"":198868992,""obs_mistake_mask=E"":7}"
   2940928,         0,         0,    62.1,exact_mw,70a969f5042aec17ac076c6379f4170fb7c69b8e925756ef3b7334e28a33338b,"{""distance"":5,""physical_error_rate"":0.0001}","{""detection_events"":289703,""detectors_checked"":658767872}"
    524288,         0,         0,    11.6,exact_mw,cdc4a450a40af8e24899239080e4c40992fb5baf91c5a31ab3a165eacb3a1ab3,"{""distance"":5,""physical_error_rate"":0.0002}","{""detection_events"":103103,""detectors_checked"":117440512}"
   2847744,         0,         0,    62.5,exact_mw,cdc4a450a40af8e24899239080e4c40992fb5baf91c5a31ab3a165eacb3a1ab3,"{""distance"":5,""physical_error_rate"":0.0002}","{""detection_events"":564775,""detectors_checked"":637894656}"
   3016704,         0,         0,    62.2,exact_mw,70a969f5042aec17ac076c6379f4170fb7c69b8e925756ef3b7334e28a33338b,"{""distance"":5,""physical_error_rate"":0.0001}","{""detection_events"":297837,""detectors_checked"":675741696}"
   3022848,         0,         0,    61.9,exact_mw,70a969f5042aec17ac076c6379f4170fb7c69b8e925756ef3b7334e28a33338b,"{""distance"":5,""physical_error_rate"":0.0001}","{""detection_events"":298615,""detectors_checked"":677117952}"
    153600,         3,         0,    11.7,exact_mw,bb90ec3459e353008cf9a5bb9142bf1e8515517a9e167021b225104594e48e8a,"{""distance"":5,""physical_error_rate"":0.001}","{""detection_events"":151296,""detectors_checked"":34406400,""obs_mistake_mask=E"":3}"
   2915328,         0,         0,    62.2,exact_mw,cdc4a450a40af8e24899239080e4c40992fb5baf91c5a31ab3a165eacb3a1ab3,"{""distance"":5,""physical_error_rate"":0.0002}","{""detection_events"":572349,""detectors_checked"":653033472}"
   3070976,         0,         0,    62.4,exact_mw,f32ebecd8e105e50ec838d33c5ed9b45444b6b44a3c6ac541111079f2b14e893,"{""distance"":5,""physical_error_rate"":5e-05}","{""detection_events"":150834,""detectors_checked"":687898624}"
  17252352,         0,         0,    62.6,exact_mw,f32ebecd8e105e50ec838d33c5ed9b45444b6b44a3c6ac541111079f2b14e893,"{""distance"":5,""physical_error_rate"":5e-05}","{""detection_events"":851548,""detectors_checked"":3864526848}"
   3343360,         3,         0,    62.0,exact_mw,cb12ae119b9b2ba18d0216e7235b403229e92fd0743ede48fe7f1a2c6f45d594,"{""distance"":5,""physical_error_rate"":0.0005}","{""detection_events"":1643466,""detectors_checked"":748912640,""obs_mistake_mask=E"":3}"
  16477184,         0,         0,    62.6,exact_mw,cdc4a450a40af8e24899239080e4c40992fb5baf91c5a31ab3a165eacb3a1ab3,"{""distance"":5,""physical_error_rate"":0.0002}","{""detection_events"":3250251,""detectors_checked"":3690889216}"
   2846720,         0,         0,    62.0,exact_mw,70a969f5042aec17ac076c6379f4170fb7c69b8e925756ef3b7334e28a33338b,"{""distance"":5,""physical_error_rate"":0.0001}","{""detection_events"":282052,""detectors_checked"":637665280}"
   3049472,         0,         0,    62.2,exact_mw,cdc4a450a40af8e24899239080e4c40992fb5baf91c5a31ab3a165eacb3a1ab3,"{""distance"":5,""physical_error_rate"":0.0002}","{""detection_events"":598496,""detectors_checked"":683081728}"
     30720,         0,         0,    11.9,exact_mw,3208f56225bbcac0e2804eb6f92d0a8b681652a702ca1ec920ccd7367f0e0899,"{""distance"":5,""physical_error_rate"":0.002}","{""detection_events"":60579,""detectors_checked"":6881280}"
   3024896,         0,         0,    62.4,exact_mw,f32ebecd8e105e50ec838d33c5ed9b45444b6b44a3c6ac541111079f2b14e893,"{""distance"":5,""physical_error_rate"":5e-05}","{""detection_events"":148975,""detectors_checked"":677576704}"
   2167808,         1,         0,    62.2,exact_mw,cb12ae119b9b2ba18d0216e7235b403229e92fd0743ede48fe7f1a2c6f45d594,"{""distance"":5,""physical_error_rate"":0.0005}","{""detection_events"":1066797,""detectors_checked"":485588992,""obs_mistake_mask=E"":1}"
   2832384,         0,         0,    62.1,exact_mw,f32ebecd8e105e50ec838d33c5ed9b45444b6b44a3c6ac541111079f2b14e893,"{""distance"":5,""physical_error_rate"":5e-05}","{""detection_events"":140301,""detectors_checked"":634454016}"
   2329600,         2,         0,    62.1,exact_mw,cb12ae119b9b2ba18d0216e7235b403229e92fd0743ede48fe7f1a2c6f45d594,"{""distance"":5,""physical_error_rate"":0.0005}","{""detection_events"":1148336,""detectors_checked"":521830400,""obs_mistake_mask=E"":2}"
   2074624,         1,         0,    62.4,exact_mw,cb12ae119b9b2ba18d0216e7235b403229e92fd0743ede48fe7f1a2c6f45d594,"{""distance"":5,""physical_error_rate"":0.0005}","{""detection_events"":1019222,""detectors_checked"":464715776,""obs_mistake_mask=E"":1}"
   3288064,         0,         0,    62.1,exact_mw,70a969f5042aec17ac076c6379f4170fb7c69b8e925756ef3b7334e28a33338b,"{""distance"":5,""physical_error_rate"":0.0001}","{""detection_events"":322996,""detectors_checked"":736526336}"
   1970176,         0,         0,    62.1,exact_mw,cb12ae119b9b2ba18d0216e7235b403229e92fd0743ede48fe7f1a2c6f45d594,"{""distance"":5,""physical_error_rate"":0.0005}","{""detection_events"":969753,""detectors_checked"":441319424}"
   3095552,         0,         0,    62.4,exact_mw,f32ebecd8e105e50ec838d33c5ed9b45444b6b44a3c6ac541111079f2b14e893,"{""distance"":5,""physical_error_rate"":5e-05}","{""detection_events"":152088,""detectors_checked"":693403648}"
    867328,         2,         0,    62.6,exact_mw,bb90ec3459e353008cf9a5bb9142bf1e8515517a9e167021b225104594e48e8a,"{""distance"":5,""physical_error_rate"":0.001}","{""detection_events"":852589,""detectors_checked"":194281472,""obs_mistake_mask=E"":2}"
   5678080,         0,         0,    62.0,exact_mw,f32ebecd8e105e50ec838d33c5ed9b45444b6b44a3c6ac541111079f2b14e893,"{""distance"":5,""physical_error_rate"":5e-05}","{""detection_events"":279379,""detectors_checked"":1271889920}"
   2880512,         0,         0,    62.3,exact_mw,cdc4a450a40af8e24899239080e4c40992fb5baf91c5a31ab3a165eacb3a1ab3,"{""distance"":5,""physical_error_rate"":0.0002}","{""detection_events"":568344,""detectors_checked"":645234688}"
   2903040,         0,         0,    62.0,exact_mw,cdc4a450a40af8e24899239080e4c40992fb5baf91c5a31ab3a165eacb3a1ab3,"{""distance"":5,""physical_error_rate"":0.0002}","{""detection_events"":570983,""detectors_checked"":650280960}"
   2916352,         1,         0,    62.1,exact_mw,cdc4a450a40af8e24899239080e4c40992fb5baf91c5a31ab3a165eacb3a1ab3,"{""distance"":5,""physical_error_rate"":0.0002}","{""detection_events"":574842,""detectors_checked"":653262848,""obs_mistake_mask=E"":1}"
    874496,         3,         0,    62.6,exact_mw,bb90ec3459e353008cf9a5bb9142bf1e8515517a9e167021b225104594e48e8a,"{""distance"":5,""physical_error_rate"":0.001}","{""detection_events"":858976,""detectors_checked"":195887104,""obs_mistake_mask=E"":3}"
    759808,         3,         0,    62.6,exact_mw,bb90ec3459e353008cf9a5bb9142bf1e8515517a9e167021b225104594e48e8a,"{""distance"":5,""physical_error_rate"":0.001}","{""detection_events"":748208,""detectors_checked"":170196992,""obs_mistake_mask=E"":3}"
   2863104,         0,         0,    61.9,exact_mw,70a969f5042aec17ac076c6379f4170fb7c69b8e925756ef3b7334e28a33338b,"{""distance"":5,""physical_error_rate"":0.0001}","{""detection_events"":283042,""detectors_checked"":641335296}"
    862208,         8,         0,    62.5,exact_mw,bb90ec3459e353008cf9a5bb9142bf1e8515517a9e167021b225104594e48e8a,"{""distance"":5,""physical_error_rate"":0.001}","{""detection_events"":844157,""detectors_checked"":193134592,""obs_mistake_mask=E"":8}"
   2790400,         0,         0,    62.1,exact_mw,70a969f5042aec17ac076c6379f4170fb7c69b8e925756ef3b7334e28a33338b,"{""distance"":5,""physical_error_rate"":0.0001}","{""detection_events"":275983,""detectors_checked"":625049600}"
    909312,         6,         0,    62.5,exact_mw,bb90ec3459e353008cf9a5bb9142bf1e8515517a9e167021b225104594e48e8a,"{""distance"":5,""physical_error_rate"":0.001}","{""detection_events"":891902,""detectors_checked"":203685888,""obs_mistake_mask=E"":6}"
   2040832,         2,         0,    62.0,exact_mw,cb12ae119b9b2ba18d0216e7235b403229e92fd0743ede48fe7f1a2c6f45d594,"{""distance"":5,""physical_error_rate"":0.0005}","{""detection_events"":1002576,""detectors_checked"":457146368,""obs_mistake_mask=E"":2}"
   2091008,         0,         0,    61.9,exact_mw,cb12ae119b9b2ba18d0216e7235b403229e92fd0743ede48fe7f1a2c6f45d594,"{""distance"":5,""physical_error_rate"":0.0005}","{""detection_events"":1029405,""detectors_checked"":468385792}"
   2814976,         0,         0,    62.3,exact_mw,f32ebecd8e105e50ec838d33c5ed9b45444b6b44a3c6ac541111079f2b14e893,"{""distance"":5,""physical_error_rate"":5e-05}","{""detection_events"":139713,""detectors_checked"":630554624}"
   2728960,         0,         0,    62.1,exact_mw,cdc4a450a40af8e24899239080e4c40992fb5baf91c5a31ab3a165eacb3a1ab3,"{""distance"":5,""physical_error_rate"":0.0002}","{""detection_events"":536212,""detectors_checked"":611287040}"
   2928640,         0,         0,    61.8,exact_mw,cdc4a450a40af8e24899239080e4c40992fb5baf91c5a31ab3a165eacb3a1ab3,"{""distance"":5,""physical_error_rate"":0.0002}","{""detection_events"":577734,""detectors_checked"":656015360}"
     36864,         4,         0,    11.7,exact_mw,3208f56225bbcac0e2804eb6f92d0a8b681652a702ca1ec920ccd7367f0e0899,"{""distance"":5,""physical_error_rate"":0.002}","{""detection_events"":72212,""detectors_checked"":8257536,""obs_mistake_mask=E"":4}"
    358400,         0,         0,    11.4,exact_mw,cb12ae119b9b2ba18d0216e7235b403229e92fd0743ede48fe7f1a2c6f45d594,"{""distance"":5,""physical_error_rate"":0.0005}","{""detection_events"":175357,""detectors_checked"":80281600}"
   2294784,         2,         0,    62.3,exact_mw,cb12ae119b9b2ba18d0216e7235b403229e92fd0743ede48fe7f1a2c6f45d594,"{""distance"":5,""physical_error_rate"":0.0005}","{""detection_events"":1127874,""detectors_checked"":514031616,""obs_mistake_mask=E"":2}"
   2192384,         0,         0,    62.2,exact_mw,cb12ae119b9b2ba18d0216e7235b403229e92fd0743ede48fe7f1a2c6f45d594,"{""distance"":5,""physical_error_rate"":0.0005}","{""detection_events"":1076529,""detectors_checked"":491094016}"
   3107840,         0,         0,    62.0,exact_mw,70a969f5042aec17ac076c6379f4170fb7c69b8e925756ef3b7334e28a33338b,"{""distance"":5,""physical_error_rate"":0.0001}","{""detection_events"":307187,""detectors_checked"":696156160}"
   2896896,         1,         0,    62.2,exact_mw,cdc4a450a40af8e24899239080e4c40992fb5baf91c5a31ab3a165eacb3a1ab3,"{""distance"":5,""physical_error_rate"":0.0002}","{""detection_events"":571433,""detectors_checked"":648904704,""obs_mistake_mask=E"":1}"
     31744,         1,         0,    11.9,exact_mw,3208f56225bbcac0e2804eb6f92d0a8b681652a702ca1ec920ccd7367f0e0899,"{""distance"":5,""physical_error_rate"":0.002}","{""detection_events"":61843,""detectors_checked"":7110656,""obs_mistake_mask=E"":1}"
    172032,         7,         0,    63.1,exact_mw,3208f56225bbcac0e2804eb6f92d0a8b681652a702ca1ec920ccd7367f0e0899,"{""distance"":5,""physical_error_rate"":0.002}","{""detection_events"":336319,""detectors_checked"":38535168,""obs_mistake_mask=E"":7}"
    166912,         4,         0,    63.1,exact_mw,3208f56225bbcac0e2804eb6f92d0a8b681652a702ca1ec920ccd7367f0e0899,"{""distance"":5,""physical_error_rate"":0.002}","{""detection_events"":324774,""detectors_checked"":37388288,""obs_mistake_mask=E"":4}"
    173056,        10,         0,    63.3,exact_mw,3208f56225bbcac0e2804eb6f92d0a8b681652a702ca1ec920ccd7367f0e0899,"{""distance"":5,""physical_error_rate"":0.002}","{""detection_events"":337373,""detectors_checked"":38764544,""obs_mistake_mask=E"":10}"
    748544,         5,         0,    62.6,exact_mw,bb90ec3459e353008cf9a5bb9142bf1e8515517a9e167021b225104594e48e8a,"{""distance"":5,""physical_error_rate"":0.001}","{""detection_events"":735881,""detectors_checked"":167673856,""obs_mistake_mask=E"":5}"
   1075200,        55,         0,    63.0,exact_mw,3208f56225bbcac0e2804eb6f92d0a8b681652a702ca1ec920ccd7367f0e0899,"{""distance"":5,""physical_error_rate"":0.002}","{""detection_events"":2096350,""detectors_checked"":240844800,""obs_mistake_mask=E"":55}"
   2804736,         0,         0,    62.2,exact_mw,f32ebecd8e105e50ec838d33c5ed9b45444b6b44a3c6ac541111079f2b14e893,"{""distance"":5,""physical_error_rate"":5e-05}","{""detection_events"":137712,""detectors_checked"":628260864}"
    175104,        13,         0,    63.4,exact_mw,3208f56225bbcac0e2804eb6f92d0a8b681652a702ca1ec920ccd7367f0e0899,"{""distance"":5,""physical_error_rate"":0.002}","{""detection_events"":342339,""detectors_checked"":39223296,""obs_mistake_mask=E"":13}"
    872448,         5,         0,    62.6,exact_mw,bb90ec3459e353008cf9a5bb9142bf1e8515517a9e167021b225104594e48e8a,"{""distance"":5,""physical_error_rate"":0.001}","{""detection_events"":857957,""detectors_checked"":195428352,""obs_mistake_mask=E"":5}"
    842752,         3,         0,    62.7,exact_mw,bb90ec3459e353008cf9a5bb9142bf1e8515517a9e167021b225104594e48e8a,"{""distance"":5,""physical_error_rate"":0.001}","{""detection_events"":827475,""detectors_checked"":188776448,""obs_mistake_mask=E"":3}"
    165888,        12,         0,    63.4,exact_mw,3208f56225bbcac0e2804eb6f92d0a8b681652a702ca1ec920ccd7367f0e0899,"{""distance"":5,""physical_error_rate"":0.002}","{""detection_events"":323117,""detectors_checked"":37158912,""obs_mistake_mask=E"":12}"
    165888,        11,         0,    63.2,exact_mw,3208f56225bbcac0e2804eb6f92d0a8b681652a702ca1ec920ccd7367f0e0899,"{""distance"":5,""physical_error_rate"":0.002}","{""detection_events"":324517,""detectors_checked"":37158912,""obs_mistake_mask=E"":11}"
    156672,         9,         0,    63.1,exact_mw,3208f56225bbcac0e2804eb6f92d0a8b681652a702ca1ec920ccd7367f0e0899,"{""distance"":5,""physical_error_rate"":0.002}","{""detection_events"":306378,""detectors_checked"":35094528,""obs_mistake_mask=E"":9}"
    172032,         6,         0,    63.0,exact_mw,3208f56225bbcac0e2804eb6f92d0a8b681652a702ca1ec920ccd7367f0e0899,"{""distance"":5,""physical_error_rate"":0.002}","{""detection_events"":334627,""detectors_checked"":38535168,""obs_mistake_mask=E"":6}"
   2535424,         1,         0,    16.3,exact_mw,cdc4a450a40af8e24899239080e4c40992fb5baf91c5a31ab3a165eacb3a1ab3,"{""distance"":5,""physical_error_rate"":0.0002}","{""detection_events"":500993,""detectors_checked"":567934976,""obs_mistake_mask=E"":1}"
    169984,        11,         0,    63.2,exact_mw,3208f56225bbcac0e2804eb6f92d0a8b681652a702ca1ec920ccd7367f0e0899,"{""distance"":5,""physical_error_rate"":0.002}","{""detection_events"":332173,""detectors_checked"":38076416,""obs_mistake_mask=E"":11}"
     30720,         4,         0,    12.2,exact_mw,3208f56225bbcac0e2804eb6f92d0a8b681652a702ca1ec920ccd7367f0e0899,"{""distance"":5,""physical_error_rate"":0.002}","{""detection_events"":60151,""detectors_checked"":6881280,""obs_mistake_mask=E"":4}"
   2907136,         0,         0,    62.3,exact_mw,70a969f5042aec17ac076c6379f4170fb7c69b8e925756ef3b7334e28a33338b,"{""distance"":5,""physical_error_rate"":0.0001}","{""detection_events"":287568,""detectors_checked"":651198464}"
   2302976,         0,         0,    62.1,exact_mw,cb12ae119b9b2ba18d0216e7235b403229e92fd0743ede48fe7f1a2c6f45d594,"{""distance"":5,""physical_error_rate"":0.0005}","{""detection_events"":1131323,""detectors_checked"":515866624}"
   3143680,         0,         0,    61.9,exact_mw,f32ebecd8e105e50ec838d33c5ed9b45444b6b44a3c6ac541111079f2b14e893,"{""distance"":5,""physical_error_rate"":5e-05}","{""detection_events"":155990,""detectors_checked"":704184320}"
   2726912,         0,         0,    61.9,exact_mw,f32ebecd8e105e50ec838d33c5ed9b45444b6b44a3c6ac541111079f2b14e893,"{""distance"":5,""physical_error_rate"":5e-05}","{""detection_events"":134571,""detectors_checked"":610828288}"
   1825792,        11,         0,    62.7,exact_mw,bb90ec3459e353008cf9a5bb9142bf1e8515517a9e167021b225104594e48e8a,"{""distance"":5,""physical_error_rate"":0.001}","{""detection_events"":1794591,""detectors_checked"":408977408,""obs_mistake_mask=E"":11}"
   3010560,         0,         0,    62.5,exact_mw,cdc4a450a40af8e24899239080e4c40992fb5baf91c5a31ab3a165eacb3a1ab3,"{""distance"":5,""physical_error_rate"":0.0002}","{""detection_events"":593225,""detectors_checked"":674365440}"
   3025920,         0,         0,    62.2,exact_mw,70a969f5042aec17ac076c6379f4170fb7c69b8e925756ef3b7334e28a33338b,"{""distance"":5,""physical_error_rate"":0.0001}","{""detection_events"":296333,""detectors_checked"":677806080}"
   2906112,         0,         0,    62.3,exact_mw,cdc4a450a40af8e24899239080e4c40992fb5baf91c5a31ab3a165eacb3a1ab3,"{""distance"":5,""physical_error_rate"":0.0002}","{""detection_events"":572926,""detectors_checked"":650969088}"
   2696192,         0,         0,    62.1,exact_mw,f32ebecd8e105e50ec838d33c5ed9b45444b6b44a3c6ac541111079f2b14e893,"{""distance"":5,""physical_error_rate"":5e-05}","{""detection_events"":132747,""detectors_checked"":603947008}"
   2835456,         0,         0,    62.2,exact_mw,cdc4a450a40af8e24899239080e4c40992fb5baf91c5a31ab3a165eacb3a1ab3,"{""distance"":5,""physical_error_rate"":0.0002}","{""detection_events"":560132,""detectors_checked"":635142144}"
    259072,         1,         0,    16.3,exact_mw,bb90ec3459e353008cf9a5bb9142bf1e8515517a9e167021b225104594e48e8a,"{""distance"":5,""physical_error_rate"":0.001}","{""detection_events"":252966,""detectors_checked"":58032128,""obs_mistake_mask=E"":1}"
    802816,         3,         0,    62.8,exact_mw,bb90ec3459e353008cf9a5bb9142bf1e8515517a9e167021b225104594e48e8a,"{""distance"":5,""physical_error_rate"":0.001}","{""detection_events"":789861,""detectors_checked"":179830784,""obs_mistake_mask=E"":3}"
   2079744,         1,         0,    62.2,exact_mw,cb12ae119b9b2ba18d0216e7235b403229e92fd0743ede48fe7f1a2c6f45d594,"{""distance"":5,""physical_error_rate"":0.0005}","{""detection_events"":1022824,""detectors_checked"":465862656,""obs_mistake_mask=E"":1}"
    287744,         1,         0,    16.3,exact_mw,bb90ec3459e353008cf9a5bb9142bf1e8515517a9e167021b225104594e48e8a,"{""distance"":5,""physical_error_rate"":0.001}","{""detection_events"":282228,""detectors_checked"":64454656,""obs_mistake_mask=E"":1}"
   2714624,         0,         0,    62.3,exact_mw,f32ebecd8e105e50ec838d33c5ed9b45444b6b44a3c6ac541111079f2b14e893,"{""distance"":5,""physical_error_rate"":5e-05}","{""detection_events"":135365,""detectors_checked"":608075776}"
   2666496,         0,         0,    62.1,exact_mw,70a969f5042aec17ac076c6379f4170fb7c69b8e925756ef3b7334e28a33338b,"{""distance"":5,""physical_error_rate"":0.0001}","{""detection_events"":262236,""detectors_checked"":597295104}"
   3510272,         0,         0,    62.1,exact_mw,70a969f5042aec17ac076c6379f4170fb7c69b8e925756ef3b7334e28a33338b,"{""distance"":5,""physical_error_rate"":0.0001}","{""detection_events"":344664,""detectors_checked"":786300928}"
   2194432,         0,         0,    62.3,exact_mw,cb12ae119b9b2ba18d0216e7235b403229e92fd0743ede48fe7f1a2c6f45d594,"{""distance"":5,""physical_error_rate"":0.0005}","{""detection_events"":1078765,""detectors_checked"":491552768}"
    619520,         0,         0,    16.2,exact_mw,cb12ae119b9b2ba18d0216e7235b403229e92fd0743ede48fe7f1a2c6f45d594,"{""distance"":5,""physical_error_rate"":0.0005}","{""detection_events"":304634,""detectors_checked"":138772480}"
    868352,         6,         0,    62.7,exact_mw,bb90ec3459e353008cf9a5bb9142bf1e8515517a9e167021b225104594e48e8a,"{""distance"":5,""physical_error_rate"":0.001}","{""detection_events"":854114,""detectors_checked"":194510848,""obs_mistake_mask=E"":6}"
    244736,         1,         0,    16.3,exact_mw,bb90ec3459e353008cf9a5bb9142bf1e8515517a9e167021b225104594e48e8a,"{""distance"":5,""physical_error_rate"":0.001}","{""detection_events"":240299,""detectors_checked"":54820864,""obs_mistake_mask=E"":1}"
   1015808,         0,         0,    16.2,exact_mw,cb12ae119b9b2ba18d0216e7235b403229e92fd0743ede48fe7f1a2c6f45d594,"{""distance"":5,""physical_error_rate"":0.0005}","{""detection_events"":498639,""detectors_checked"":227540992}"
    820224,         0,         0,    16.2,exact_mw,cdc4a450a40af8e24899239080e4c40992fb5baf91c5a31ab3a165eacb3a1ab3,"{""distance"":5,""physical_error_rate"":0.0002}","{""detection_events"":162307,""detectors_checked"":183730176}"
   1882112,         0,         0,    16.3,exact_mw,70a969f5042aec17ac076c6379f4170fb7c69b8e925756ef3b7334e28a33338b,"{""distance"":5,""physical_error_rate"":0.0001}","{""detection_events"":186557,""detectors_checked"":421593088}"
    780288,         0,         0,    16.2,exact_mw,f32ebecd8e105e50ec838d33c5ed9b45444b6b44a3c6ac541111079f2b14e893,"{""distance"":5,""physical_error_rate"":5e-05}","{""detection_events"":38632,""detectors_checked"":174784512}"
    677888,         0,         0,    16.3,exact_mw,f32ebecd8e105e50ec838d33c5ed9b45444b6b44a3c6ac541111079f2b14e893,"{""distance"":5,""physical_error_rate"":5e-05}","{""detection_events"":33726,""detectors_checked"":151846912}"
   1129472,         0,         0,    16.1,exact_mw,70a969f5042aec17ac076c6379f4170fb7c69b8e925756ef3b7334e28a33338b,"{""distance"":5,""physical_error_rate"":0.0001}","{""detection_events"":112005,""detectors_checked"":253001728}"
    772096,         0,         0,    16.4,exact_mw,cdc4a450a40af8e24899239080e4c40992fb5baf91c5a31ab3a165eacb3a1ab3,"{""distance"":5,""physical_error_rate"":0.0002}","{""detection_events"":153731,""detectors_checked"":172949504}"
    216064,         1,         0,    16.3,exact_mw,bb90ec3459e353008cf9a5bb9142bf1e8515517a9e167021b225104594e48e8a,"{""distance"":5,""physical_error_rate"":0.001}","{""detection_events"":212836,""detectors_checked"":48398336,""obs_mistake_mask=E"":1}"
     47104,         5,         0,    16.7,exact_mw,3208f56225bbcac0e2804eb6f92d0a8b681652a702ca1ec920ccd7367f0e0899,"{""distance"":5,""physical_error_rate"":0.002}","{""detection_events"":92190,""detectors_checked"":10551296,""obs_mistake_mask=E"":5}"
    168960,        13,         0,    63.3,exact_mw,3208f56225bbcac0e2804eb6f92d0a8b681652a702ca1ec920ccd7367f0e0899,"{""distance"":5,""physical_error_rate"":0.002}","{""detection_events"":328941,""detectors_checked"":37847040,""obs_mistake_mask=E"":13}"
    162816,         5,         0,    63.1,exact_mw,3208f56225bbcac0e2804eb6f92d0a8b681652a702ca1ec920ccd7367f0e0899,"{""distance"":5,""physical_error_rate"":0.002}","{""detection_events"":318430,""detectors_checked"":36470784,""obs_mistake_mask=E"":5}"
    143360,         5,         0,    63.2,exact_mw,3208f56225bbcac0e2804eb6f92d0a8b681652a702ca1ec920ccd7367f0e0899,"{""distance"":5,""physical_error_rate"":0.002}","{""detection_events"":280260,""detectors_checked"":32112640,""obs_mistake_mask=E"":5}"
    111616,         5,         0,    16.7,exact_mw,3208f56225bbcac0e2804eb6f92d0a8b681652a702ca1ec920ccd7367f0e0899,"{""distance"":5,""physical_error_rate"":0.002}","{""detection_events"":218407,""detectors_checked"":25001984,""obs_mistake_mask=E"":5}"
    547840,         0,         0,    16.1,exact_mw,cb12ae119b9b2ba18d0216e7235b403229e92fd0743ede48fe7f1a2c6f45d594,"{""distance"":5,""physical_error_rate"":0.0005}","{""detection_events"":271246,""detectors_checked"":122716160}"
   3226624,         0,         0,    62.1,exact_mw,f32ebecd8e105e50ec838d33c5ed9b45444b6b44a3c6ac541111079f2b14e893,"{""distance"":5,""physical_error_rate"":5e-05}","{""detection_events"":160068,""detectors_checked"":722763776}"
     43008,         1,         0,    16.6,exact_mw,3208f56225bbcac0e2804eb6f92d0a8b681652a702ca1ec920ccd7367f0e0899,"{""distance"":5,""physical_error_rate"":0.002}","{""detection_events"":84203,""detectors_checked"":9633792,""obs_mistake_mask=E"":1}"
   1996800,         0,         0,    62.2,exact_mw,cb12ae119b9b2ba18d0216e7235b403229e92fd0743ede48fe7f1a2c6f45d594,"{""distance"":5,""physical_error_rate"":0.0005}","{""detection_events"":982312,""detectors_checked"":447283200}"
   3033088,         0,         0,    62.2,exact_mw,cdc4a450a40af8e24899239080e4c40992fb5baf91c5a31ab3a165eacb3a1ab3,"{""distance"":5,""physical_error_rate"":0.0002}","{""detection_events"":599144,""detectors_checked"":679411712}"
   3132416,         0,         0,    62.1,exact_mw,70a969f5042aec17ac076c6379f4170fb7c69b8e925756ef3b7334e28a33338b,"{""distance"":5,""physical_error_rate"":0.0001}","{""detection_events"":306882,""detectors_checked"":701661184}"
    884736,         5,         0,    62.7,exact_mw,bb90ec3459e353008cf9a5bb9142bf1e8515517a9e167021b225104594e48e8a,"{""distance"":5,""physical_error_rate"":0.001}","{""detection_events"":863907,""detectors_checked"":198180864,""obs_mistake_mask=E"":5}"
    166912,         9,         0,    62.9,exact_mw,3208f56225bbcac0e2804eb6f92d0a8b681652a702ca1ec920ccd7367f0e0899,"{""distance"":5,""physical_error_rate"":0.002}","{""detection_events"":325686,""detectors_checked"":37388288,""obs_mistake_mask=E"":9}"
     43008,         1,         0,    16.4,exact_mw,3208f56225bbcac0e2804eb6f92d0a8b681652a702ca1ec920ccd7367f0e0899,"{""distance"":5,""physical_error_rate"":0.002}","{""detection_events"":82954,""detectors_checked"":9633792,""obs_mistake_mask=E"":1}"
  10711040,         0,         0,    44.7,exact_mw,f32ebecd8e105e50ec838d33c5ed9b45444b6b44a3c6ac541111079f2b14e893,"{""distance"":5,""physical_error_rate"":5e-05}","{""detection_events"":528525,""detectors_checked"":2399272960}"
   4536320,         2,         0,    44.7,exact_mw,cb12ae119b9b2ba18d0216e7235b403229e92fd0743ede48fe7f1a2c6f45d594,"{""distance"":5,""physical_error_rate"":0.0005}","{""detection_events"":2234976,""detectors_checked"":1016135680,""obs_mistake_mask=E"":2}"
   2333696,         0,         0,    44.2,exact_mw,70a969f5042aec17ac076c6379f4170fb7c69b8e925756ef3b7334e28a33338b,"{""distance"":5,""physical_error_rate"":0.0001}","{""detection_events"":229063,""detectors_checked"":522747904}"
   2282496,         0,         0,    44.7,exact_mw,70a969f5042aec17ac076c6379f4170fb7c69b8e925756ef3b7334e28a33338b,"{""distance"":5,""physical_error_rate"":0.0001}","{""detection_events"":226155,""detectors_checked"":511279104}"
    636928,         1,         0,    44.7,exact_mw,bb90ec3459e353008cf9a5bb9142bf1e8515517a9e167021b225104594e48e8a,"{""distance"":5,""physical_error_rate"":0.001}","{""detection_events"":626900,""detectors_checked"":142671872,""obs_mistake_mask=E"":1}"
   2138112,         0,         0,    44.3,exact_mw,cdc4a450a40af8e24899239080e4c40992fb5baf91c5a31ab3a165eacb3a1ab3,"{""distance"":5,""physical_error_rate"":0.0002}","{""detection_events"":421348,""detectors_checked"":478937088}"
   2187264,         0,         0,    44.4,exact_mw,cdc4a450a40af8e24899239080e4c40992fb5baf91c5a31ab3a165eacb3a1ab3,"{""distance"":5,""physical_error_rate"":0.0002}","{""detection_events"":432135,""detectors_checked"":489947136}"
    655360,         5,         0,    44.9,exact_mw,bb90ec3459e353008cf9a5bb9142bf1e8515517a9e167021b225104594e48e8a,"{""distance"":5,""physical_error_rate"":0.001}","{""detection_events"":646589,""detectors_checked"":146800640,""obs_mistake_mask=E"":5}"
   2244608,         0,         0,    44.4,exact_mw,f32ebecd8e105e50ec838d33c5ed9b45444b6b44a3c6ac541111079f2b14e893,"{""distance"":5,""physical_error_rate"":5e-05}","{""detection_events"":110259,""detectors_checked"":502792192}"
   2167808,         0,         0,    44.3,exact_mw,f32ebecd8e105e50ec838d33c5ed9b45444b6b44a3c6ac541111079f2b14e893,"{""distance"":5,""physical_error_rate"":5e-05}","{""detection_events"":106338,""detectors_checked"":485588992}"
   2445312,         0,         0,    22.7,exact_mw,cdc4a450a40af8e24899239080e4c40992fb5baf91c5a31ab3a165eacb3a1ab3,"{""distance"":5,""physical_error_rate"":0.0002}","{""detection_events"":483534,""detectors_checked"":547749888}"
    119808,        10,         0,    45.1,exact_mw,3208f56225bbcac0e2804eb6f92d0a8b681652a702ca1ec920ccd7367f0e0899,"{""distance"":5,""physical_error_rate"":0.002}","{""detection_events"":234755,""detectors_checked"":26836992,""obs_mistake_mask=E"":10}"
   2265088,         0,         0,    44.4,exact_mw,70a969f5042aec17ac076c6379f4170fb7c69b8e925756ef3b7334e28a33338b,"{""distance"":5,""physical_error_rate"":0.0001}","{""detection_events"":223518,""detectors_checked"":507379712}"
    150528,         9,         0,    45.0,exact_mw,3208f56225bbcac0e2804eb6f92d0a8b681652a702ca1ec920ccd7367f0e0899,"{""distance"":5,""physical_error_rate"":0.002}","{""detection_events"":293845,""detectors_checked"":33718272,""obs_mistake_mask=E"":9}"
    382976,         2,         0,    22.9,exact_mw,bb90ec3459e353008cf9a5bb9142bf1e8515517a9e167021b225104594e48e8a,"{""distance"":5,""physical_error_rate"":0.001}","{""detection_events"":376316,""detectors_checked"":85786624,""obs_mistake_mask=E"":2}"
   1700864,         0,         0,    44.7,exact_mw,cb12ae119b9b2ba18d0216e7235b403229e92fd0743ede48fe7f1a2c6f45d594,"{""distance"":5,""physical_error_rate"":0.0005}","{""detection_events"":836580,""detectors_checked"":380993536}"
    515072,         2,         0,    22.9,exact_mw,bb90ec3459e353008cf9a5bb9142bf1e8515517a9e167021b225104594e48e8a,"{""distance"":5,""physical_error_rate"":0.001}","{""detection_events"":506585,""detectors_checked"":115376128,""obs_mistake_mask=E"":2}"
    928768,         0,         0,    22.8,exact_mw,cb12ae119b9b2ba18d0216e7235b403229e92fd0743ede48fe7f1a2c6f45d594,"{""distance"":5,""physical_error_rate"":0.0005}","{""detection_events"":456921,""detectors_checked"":208044032}"
    362496,         1,         0,    22.9,exact_mw,bb90ec3459e353008cf9a5bb9142bf1e8515517a9e167021b225104594e48e8a,"{""distance"":5,""physical_error_rate"":0.001}","{""detection_events"":355208,""detectors_checked"":81199104,""obs_mistake_mask=E"":1}"
   1200128,         0,         0,    22.7,exact_mw,cb12ae119b9b2ba18d0216e7235b403229e92fd0743ede48fe7f1a2c6f45d594,"{""distance"":5,""physical_error_rate"":0.0005}","{""detection_events"":591579,""detectors_checked"":268828672}"
   1071104,         0,         0,    22.5,exact_mw,cdc4a450a40af8e24899239080e4c40992fb5baf91c5a31ab3a165eacb3a1ab3,"{""distance"":5,""physical_error_rate"":0.0002}","{""detection_events"":210556,""detectors_checked"":239927296}"
   2404352,         0,         0,    22.6,exact_mw,70a969f5042aec17ac076c6379f4170fb7c69b8e925756ef3b7334e28a33338b,"{""distance"":5,""physical_error_rate"":0.0001}","{""detection_events"":236967,""detectors_checked"":538574848}"
   1287168,         0,         0,    22.6,exact_mw,f32ebecd8e105e50ec838d33c5ed9b45444b6b44a3c6ac541111079f2b14e893,"{""distance"":5,""physical_error_rate"":5e-05}","{""detection_events"":63319,""detectors_checked"":288325632}"
   1536000,         0,         0,    22.7,exact_mw,f32ebecd8e105e50ec838d33c5ed9b45444b6b44a3c6ac541111079f2b14e893,"{""distance"":5,""physical_error_rate"":5e-05}","{""detection_events"":75190,""detectors_checked"":344064000}"
   2058240,         0,         0,    22.8,exact_mw,70a969f5042aec17ac076c6379f4170fb7c69b8e925756ef3b7334e28a33338b,"{""distance"":5,""physical_error_rate"":0.0001}","{""detection_events"":203509,""detectors_checked"":461045760}"
   1294336,         0,         0,    22.8,exact_mw,cdc4a450a40af8e24899239080e4c40992fb5baf91c5a31ab3a165eacb3a1ab3,"{""distance"":5,""physical_error_rate"":0.0002}","{""detection_events"":255493,""detectors_checked"":289931264}"
    335872,         0,         0,    22.8,exact_mw,bb90ec3459e353008cf9a5bb9142bf1e8515517a9e167021b225104594e48e8a,"{""distance"":5,""physical_error_rate"":0.001}","{""detection_events"":329222,""detectors_checked"":75235328}"
     72704,         3,         0,    23.0,exact_mw,3208f56225bbcac0e2804eb6f92d0a8b681652a702ca1ec920ccd7367f0e0899,"{""distance"":5,""physical_error_rate"":0.002}","{""detection_events"":142551,""detectors_checked"":16285696,""obs_mistake_mask=E"":3}"
    907264,         1,         0,    22.6,exact_mw,cb12ae119b9b2ba18d0216e7235b403229e92fd0743ede48fe7f1a2c6f45d594,"{""distance"":5,""physical_error_rate"":0.0005}","{""detection_events"":445250,""detectors_checked"":203227136,""obs_mistake_mask=E"":1}"
    106496,         4,         0,    23.1,exact_mw,3208f56225bbcac0e2804eb6f92d0a8b681652a702ca1ec920ccd7367f0e0899,"{""distance"":5,""physical_error_rate"":0.002}","{""detection_events"":207685,""detectors_checked"":23855104,""obs_mistake_mask=E"":4}"
     69632,         5,         0,    23.0,exact_mw,3208f56225bbcac0e2804eb6f92d0a8b681652a702ca1ec920ccd7367f0e0899,"{""distance"":5,""physical_error_rate"":0.002}","{""detection_events"":135876,""detectors_checked"":15597568,""obs_mistake_mask=E"":5}"
   3137536,         0,         0,    62.3,exact_mw,f32ebecd8e105e50ec838d33c5ed9b45444b6b44a3c6ac541111079f2b14e893,"{""distance"":5,""physical_error_rate"":5e-05}","{""detection_events"":154016,""detectors_checked"":702808064}"
   4148224,         1,         0,    62.4,exact_mw,cdc4a450a40af8e24899239080e4c40992fb5baf91c5a31ab3a165eacb3a1ab3,"{""distance"":5,""physical_error_rate"":0.0002}","{""detection_events"":816331,""detectors_checked"":929202176,""obs_mistake_mask=E"":1}"
   3379200,         0,         0,    62.1,exact_mw,70a969f5042aec17ac076c6379f4170fb7c69b8e925756ef3b7334e28a33338b,"{""distance"":5,""physical_error_rate"":0.0001}","{""detection_events"":333114,""detectors_checked"":756940800}"
   3328000,         0,         0,    62.1,exact_mw,f32ebecd8e105e50ec838d33c5ed9b45444b6b44a3c6ac541111079f2b14e893,"{""distance"":5,""physical_error_rate"":5e-05}","{""detection_events"":165316,""detectors_checked"":745472000}"
   2204672,         0,         0,    62.0,exact_mw,cb12ae119b9b2ba18d0216e7235b403229e92fd0743ede48fe7f1a2c6f45d594,"{""distance"":5,""physical_error_rate"":0.0005}","{""detection_events"":1084913,""detectors_checked"":493846528}"
    982016,         2,         0,    62.6,exact_mw,bb90ec3459e353008cf9a5bb9142bf1e8515517a9e167021b225104594e48e8a,"{""distance"":5,""physical_error_rate"":0.001}","{""detection_events"":964876,""detectors_checked"":219971584,""obs_mistake_mask=E"":2}"
   4066304,         0,         0,    62.1,exact_mw,70a969f5042aec17ac076c6379f4170fb7c69b8e925756ef3b7334e28a33338b,"{""distance"":5,""physical_error_rate"":0.0001}","{""detection_events"":400087,""detectors_checked"":910852096}"
   3081216,         0,         0,    62.2,exact_mw,cdc4a450a40af8e24899239080e4c40992fb5baf91c5a31ab3a165eacb3a1ab3,"{""distance"":5,""physical_error_rate"":0.0002}","{""detection_events"":608226,""detectors_checked"":690192384}"
    838656,         6,         0,    62.5,exact_mw,bb90ec3459e353008cf9a5bb9142bf1e8515517a9e167021b225104594e48e8a,"{""distance"":5,""physical_error_rate"":0.001}","{""detection_events"":826203,""detectors_checked"":187858944,""obs_mistake_mask=E"":6}"
    449536,        28,         0,    62.9,exact_mw,3208f56225bbcac0e2804eb6f92d0a8b681652a702ca1ec920ccd7367f0e0899,"{""distance"":5,""physical_error_rate"":0.002}","{""detection_events"":874521,""detectors_checked"":100696064,""obs_mistake_mask=E"":28}"
     78848,         3,         0,    23.2,exact_mw,3208f56225bbcac0e2804eb6f92d0a8b681652a702ca1ec920ccd7367f0e0899,"{""distance"":5,""physical_error_rate"":0.002}","{""detection_events"":154078,""detectors_checked"":17661952,""obs_mistake_mask=E"":3}"
   3173376,         2,         0,    62.4,exact_mw,cb12ae119b9b2ba18d0216e7235b403229e92fd0743ede48fe7f1a2c6f45d594,"{""distance"":5,""physical_error_rate"":0.0005}","{""detection_events"":1560547,""detectors_checked"":710836224,""obs_mistake_mask=E"":2}"
    175104,        12,         0,    63.2,exact_mw,3208f56225bbcac0e2804eb6f92d0a8b681652a702ca1ec920ccd7367f0e0899,"{""distance"":5,""physical_error_rate"":0.002}","{""detection_events"":341433,""detectors_checked"":39223296,""obs_mistake_mask=E"":12}"
   3359744,         0,         0,    31.9,exact_mw,cdc4a450a40af8e24899239080e4c40992fb5baf91c5a31ab3a165eacb3a1ab3,"{""distance"":5,""physical_error_rate"":0.0002}","{""detection_events"":660078,""detectors_checked"":752582656}"
    502784,         1,         0,    32.0,exact_mw,bb90ec3459e353008cf9a5bb9142bf1e8515517a9e167021b225104594e48e8a,"{""distance"":5,""physical_error_rate"":0.001}","{""detection_events"":491885,""detectors_checked"":112623616,""obs_mistake_mask=E"":1}"
    624640,         5,         0,    32.0,exact_mw,bb90ec3459e353008cf9a5bb9142bf1e8515517a9e167021b225104594e48e8a,"{""distance"":5,""physical_error_rate"":0.001}","{""detection_events"":611293,""detectors_checked"":139919360,""obs_mistake_mask=E"":5}"
   1338368,         0,         0,    31.7,exact_mw,cb12ae119b9b2ba18d0216e7235b403229e92fd0743ede48fe7f1a2c6f45d594,"{""distance"":5,""physical_error_rate"":0.0005}","{""detection_events"":657425,""detectors_checked"":299794432}"
    509952,         3,         0,    32.0,exact_mw,bb90ec3459e353008cf9a5bb9142bf1e8515517a9e167021b225104594e48e8a,"{""distance"":5,""physical_error_rate"":0.001}","{""detection_events"":502559,""detectors_checked"":114229248,""obs_mistake_mask=E"":3}"
   2095104,         1,         0,    31.9,exact_mw,cb12ae119b9b2ba18d0216e7235b403229e92fd0743ede48fe7f1a2c6f45d594,"{""distance"":5,""physical_error_rate"":0.0005}","{""detection_events"":1031491,""detectors_checked"":469303296,""obs_mistake_mask=E"":1}"
   1660928,         0,         0,    31.7,exact_mw,cdc4a450a40af8e24899239080e4c40992fb5baf91c5a31ab3a165eacb3a1ab3,"{""distance"":5,""physical_error_rate"":0.0002}","{""detection_events"":328209,""detectors_checked"":372047872}"
   1802240,         0,         0,    31.7,exact_mw,70a969f5042aec17ac076c6379f4170fb7c69b8e925756ef3b7334e28a33338b,"{""distance"":5,""physical_error_rate"":0.0001}","{""detection_events"":178592,""detectors_checked"":403701760}"
   1715200,         0,         0,    31.8,exact_mw,f32ebecd8e105e50ec838d33c5ed9b45444b6b44a3c6ac541111079f2b14e893,"{""distance"":5,""physical_error_rate"":5e-05}","{""detection_events"":84387,""detectors_checked"":384204800}"
   2740224,         0,         0,    31.9,exact_mw,f32ebecd8e105e50ec838d33c5ed9b45444b6b44a3c6ac541111079f2b14e893,"{""distance"":5,""physical_error_rate"":5e-05}","{""detection_events"":134091,""detectors_checked"":613810176}"
   2430976,         0,         0,    31.8,exact_mw,70a969f5042aec17ac076c6379f4170fb7c69b8e925756ef3b7334e28a33338b,"{""distance"":5,""physical_error_rate"":0.0001}","{""detection_events"":239451,""detectors_checked"":544538624}"
   1762304,         0,         0,    31.9,exact_mw,cdc4a450a40af8e24899239080e4c40992fb5baf91c5a31ab3a165eacb3a1ab3,"{""distance"":5,""physical_error_rate"":0.0002}","{""detection_events"":347383,""detectors_checked"":394756096}"
    510976,         4,         0,    32.0,exact_mw,bb90ec3459e353008cf9a5bb9142bf1e8515517a9e167021b225104594e48e8a,"{""distance"":5,""physical_error_rate"":0.001}","{""detection_events"":502001,""detectors_checked"":114458624,""obs_mistake_mask=E"":4}"
     95232,         6,         0,    32.1,exact_mw,3208f56225bbcac0e2804eb6f92d0a8b681652a702ca1ec920ccd7367f0e0899,"{""distance"":5,""physical_error_rate"":0.002}","{""detection_events"":185349,""detectors_checked"":21331968,""obs_mistake_mask=E"":6}"
   1084416,         0,         0,    31.8,exact_mw,cb12ae119b9b2ba18d0216e7235b403229e92fd0743ede48fe7f1a2c6f45d594,"{""distance"":5,""physical_error_rate"":0.0005}","{""detection_events"":533558,""detectors_checked"":242909184}"
     93184,        14,         0,    32.1,exact_mw,3208f56225bbcac0e2804eb6f92d0a8b681652a702ca1ec920ccd7367f0e0899,"{""distance"":5,""physical_error_rate"":0.002}","{""detection_events"":182314,""detectors_checked"":20873216,""obs_mistake_mask=E"":14}"
     96256,         3,         0,    32.2,exact_mw,3208f56225bbcac0e2804eb6f92d0a8b681652a702ca1ec920ccd7367f0e0899,"{""distance"":5,""physical_error_rate"":0.002}","{""detection_events"":188103,""detectors_checked"":21561344,""obs_mistake_mask=E"":3}"
     99328,         1,         0,    32.4,exact_mw,3208f56225bbcac0e2804eb6f92d0a8b681652a702ca1ec920ccd7367f0e0899,"{""distance"":5,""physical_error_rate"":0.002}","{""detection_events"":193297,""detectors_checked"":22249472,""obs_mistake_mask=E"":1}"
  11722752,         6,         0,    87.5,exact_mw,cb12ae119b9b2ba18d0216e7235b403229e92fd0743ede48fe7f1a2c6f45d594,"{""distance"":5,""physical_error_rate"":0.0005}","{""detection_events"":5772448,""detectors_checked"":2625896448,""obs_mistake_mask=E"":6}"
  19813376,         0,         0,    87.6,exact_mw,70a969f5042aec17ac076c6379f4170fb7c69b8e925756ef3b7334e28a33338b,"{""distance"":5,""physical_error_rate"":0.0001}","{""detection_events"":1955449,""detectors_checked"":4438196224}"
   6080512,         0,         0,    87.2,exact_mw,f32ebecd8e105e50ec838d33c5ed9b45444b6b44a3c6ac541111079f2b14e893,"{""distance"":5,""physical_error_rate"":5e-05}","{""detection_events"":300478,""detectors_checked"":1362034688}"
   4388864,        21,         0,    87.8,exact_mw,bb90ec3459e353008cf9a5bb9142bf1e8515517a9e167021b225104594e48e8a,"{""distance"":5,""physical_error_rate"":0.001}","{""detection_events"":4308792,""detectors_checked"":983105536,""obs_mistake_mask=E"":21}"
   7531520,         0,         0,    87.2,exact_mw,70a969f5042aec17ac076c6379f4170fb7c69b8e925756ef3b7334e28a33338b,"{""distance"":5,""physical_error_rate"":0.0001}","{""detection_events"":743381,""detectors_checked"":1687060480}"
   1395712,         4,         0,    87.5,exact_mw,bb90ec3459e353008cf9a5bb9142bf1e8515517a9e167021b225104594e48e8a,"{""distance"":5,""physical_error_rate"":0.001}","{""detection_events"":1366552,""detectors_checked"":312639488,""obs_mistake_mask=E"":4}"
   4434944,         0,         0,    87.2,exact_mw,cdc4a450a40af8e24899239080e4c40992fb5baf91c5a31ab3a165eacb3a1ab3,"{""distance"":5,""physical_error_rate"":0.0002}","{""detection_events"":876404,""detectors_checked"":993427456}"
   5023744,         0,         0,    87.2,exact_mw,70a969f5042aec17ac076c6379f4170fb7c69b8e925756ef3b7334e28a33338b,"{""distance"":5,""physical_error_rate"":0.0001}","{""detection_events"":496283,""detectors_checked"":1125318656}"
   4664320,         0,         0,    87.1,exact_mw,70a969f5042aec17ac076c6379f4170fb7c69b8e925756ef3b7334e28a33338b,"{""distance"":5,""physical_error_rate"":0.0001}","{""detection_events"":460332,""detectors_checked"":1044807680}"
   5106688,         0,         0,    87.4,exact_mw,cdc4a450a40af8e24899239080e4c40992fb5baf91c5a31ab3a165eacb3a1ab3,"{""distance"":5,""physical_error_rate"":0.0002}","{""detection_events"":1007331,""detectors_checked"":1143898112}"
   4738048,         0,         0,    87.2,exact_mw,f32ebecd8e105e50ec838d33c5ed9b45444b6b44a3c6ac541111079f2b14e893,"{""distance"":5,""physical_error_rate"":5e-05}","{""detection_events"":233763,""detectors_checked"":1061322752}"
  16095232,         0,         0,    87.5,exact_mw,f32ebecd8e105e50ec838d33c5ed9b45444b6b44a3c6ac541111079f2b14e893,"{""distance"":5,""physical_error_rate"":5e-05}","{""detection_events"":795024,""detectors_checked"":3605331968}"
   4373504,         2,         0,    87.1,exact_mw,cb12ae119b9b2ba18d0216e7235b403229e92fd0743ede48fe7f1a2c6f45d594,"{""distance"":5,""physical_error_rate"":0.0005}","{""detection_events"":2149561,""detectors_checked"":979664896,""obs_mistake_mask=E"":2}"
  12145664,         0,         0,    87.5,exact_mw,cdc4a450a40af8e24899239080e4c40992fb5baf91c5a31ab3a165eacb3a1ab3,"{""distance"":5,""physical_error_rate"":0.0002}","{""detection_events"":2396581,""detectors_checked"":2720628736}"
   5708800,         0,         0,    87.2,exact_mw,70a969f5042aec17ac076c6379f4170fb7c69b8e925756ef3b7334e28a33338b,"{""distance"":5,""physical_error_rate"":0.0001}","{""detection_events"":563072,""detectors_checked"":1278771200}"
   4579328,         0,         0,    87.1,exact_mw,cdc4a450a40af8e24899239080e4c40992fb5baf91c5a31ab3a165eacb3a1ab3,"{""distance"":5,""physical_error_rate"":0.0002}","{""detection_events"":903964,""detectors_checked"":1025769472}"
   4765696,         0,         0,    87.0,exact_mw,f32ebecd8e105e50ec838d33c5ed9b45444b6b44a3c6ac541111079f2b14e893,"{""distance"":5,""physical_error_rate"":5e-05}","{""detection_events"":235236,""detectors_checked"":1067515904}"
   3439616,         3,         0,    87.0,exact_mw,cb12ae119b9b2ba18d0216e7235b403229e92fd0743ede48fe7f1a2c6f45d594,"{""distance"":5,""physical_error_rate"":0.0005}","{""detection_events"":1690179,""detectors_checked"":770473984,""obs_mistake_mask=E"":3}"
   6347776,         0,         0,    87.1,exact_mw,f32ebecd8e105e50ec838d33c5ed9b45444b6b44a3c6ac541111079f2b14e893,"{""distance"":5,""physical_error_rate"":5e-05}","{""detection_events"":312997,""detectors_checked"":1421901824}"
   3418112,         2,         0,    87.1,exact_mw,cb12ae119b9b2ba18d0216e7235b403229e92fd0743ede48fe7f1a2c6f45d594,"{""distance"":5,""physical_error_rate"":0.0005}","{""detection_events"":1684937,""detectors_checked"":765657088,""obs_mistake_mask=E"":2}"
   3384320,         0,         0,    87.2,exact_mw,cb12ae119b9b2ba18d0216e7235b403229e92fd0743ede48fe7f1a2c6f45d594,"{""distance"":5,""physical_error_rate"":0.0005}","{""detection_events"":1665411,""detectors_checked"":758087680}"
   5125120,         0,         0,    87.1,exact_mw,70a969f5042aec17ac076c6379f4170fb7c69b8e925756ef3b7334e28a33338b,"{""distance"":5,""physical_error_rate"":0.0001}","{""detection_events"":506124,""detectors_checked"":1148026880}"
   3487744,         1,         0,    87.3,exact_mw,cb12ae119b9b2ba18d0216e7235b403229e92fd0743ede48fe7f1a2c6f45d594,"{""distance"":5,""physical_error_rate"":0.0005}","{""detection_events"":1715837,""detectors_checked"":781254656,""obs_mistake_mask=E"":1}"
   4940800,         0,         0,    87.0,exact_mw,f32ebecd8e105e50ec838d33c5ed9b45444b6b44a3c6ac541111079f2b14e893,"{""distance"":5,""physical_error_rate"":5e-05}","{""detection_events"":244278,""detectors_checked"":1106739200}"
   1352704,         5,         0,    87.7,exact_mw,bb90ec3459e353008cf9a5bb9142bf1e8515517a9e167021b225104594e48e8a,"{""distance"":5,""physical_error_rate"":0.001}","{""detection_events"":1321605,""detectors_checked"":303005696,""obs_mistake_mask=E"":5}"
   4858880,         0,         0,    86.8,exact_mw,f32ebecd8e105e50ec838d33c5ed9b45444b6b44a3c6ac541111079f2b14e893,"{""distance"":5,""physical_error_rate"":5e-05}","{""detection_events"":240177,""detectors_checked"":1088389120}"
   4492288,         0,         0,    87.1,exact_mw,cdc4a450a40af8e24899239080e4c40992fb5baf91c5a31ab3a165eacb3a1ab3,"{""distance"":5,""physical_error_rate"":0.0002}","{""detection_events"":887203,""detectors_checked"":1006272512}"
   4843520,         0,         0,    87.0,exact_mw,cdc4a450a40af8e24899239080e4c40992fb5baf91c5a31ab3a165eacb3a1ab3,"{""distance"":5,""physical_error_rate"":0.0002}","{""detection_events"":955248,""detectors_checked"":1084948480}"
   6063104,         0,         0,    87.2,exact_mw,cdc4a450a40af8e24899239080e4c40992fb5baf91c5a31ab3a165eacb3a1ab3,"{""distance"":5,""physical_error_rate"":0.0002}","{""detection_events"":1194037,""detectors_checked"":1358135296}"
   1412096,         9,         0,    87.7,exact_mw,bb90ec3459e353008cf9a5bb9142bf1e8515517a9e167021b225104594e48e8a,"{""distance"":5,""physical_error_rate"":0.001}","{""detection_events"":1387994,""detectors_checked"":316309504,""obs_mistake_mask=E"":9}"
   1916928,        17,         0,    87.7,exact_mw,bb90ec3459e353008cf9a5bb9142bf1e8515517a9e167021b225104594e48e8a,"{""distance"":5,""physical_error_rate"":0.001}","{""detection_events"":1884971,""detectors_checked"":429391872,""obs_mistake_mask=E"":17}"
   4791296,         0,         0,    87.3,exact_mw,70a969f5042aec17ac076c6379f4170fb7c69b8e925756ef3b7334e28a33338b,"{""distance"":5,""physical_error_rate"":0.0001}","{""detection_events"":471777,""detectors_checked"":1073250304}"
   1337344,         5,         0,    87.7,exact_mw,bb90ec3459e353008cf9a5bb9142bf1e8515517a9e167021b225104594e48e8a,"{""distance"":5,""physical_error_rate"":0.001}","{""detection_events"":1315121,""detectors_checked"":299565056,""obs_mistake_mask=E"":5}"
  11496448,         0,         0,    62.5,exact_mw,f32ebecd8e105e50ec838d33c5ed9b45444b6b44a3c6ac541111079f2b14e893,"{""distance"":5,""physical_error_rate"":5e-05}","{""detection_events"":567487,""detectors_checked"":2575204352}"
   6177792,         0,         0,    87.3,exact_mw,70a969f5042aec17ac076c6379f4170fb7c69b8e925756ef3b7334e28a33338b,"{""distance"":5,""physical_error_rate"":0.0001}","{""detection_events"":608380,""detectors_checked"":1383825408}"
   3411968,         1,         0,    86.8,exact_mw,cb12ae119b9b2ba18d0216e7235b403229e92fd0743ede48fe7f1a2c6f45d594,"{""distance"":5,""physical_error_rate"":0.0005}","{""detection_events"":1678575,""detectors_checked"":764280832,""obs_mistake_mask=E"":1}"
   1337344,        12,         0,    87.7,exact_mw,bb90ec3459e353008cf9a5bb9142bf1e8515517a9e167021b225104594e48e8a,"{""distance"":5,""physical_error_rate"":0.001}","{""detection_events"":1306511,""detectors_checked"":299565056,""obs_mistake_mask=E"":12}"
   3435520,         2,         0,    87.0,exact_mw,cb12ae119b9b2ba18d0216e7235b403229e92fd0743ede48fe7f1a2c6f45d594,"{""distance"":5,""physical_error_rate"":0.0005}","{""detection_events"":1687362,""detectors_checked"":769556480,""obs_mistake_mask=E"":2}"
   4816896,         0,         0,    87.1,exact_mw,f32ebecd8e105e50ec838d33c5ed9b45444b6b44a3c6ac541111079f2b14e893,"{""distance"":5,""physical_error_rate"":5e-05}","{""detection_events"":236408,""detectors_checked"":1078984704}"
   5168128,         0,         0,    87.2,exact_mw,cdc4a450a40af8e24899239080e4c40992fb5baf91c5a31ab3a165eacb3a1ab3,"{""distance"":5,""physical_error_rate"":0.0002}","{""detection_events"":1022066,""detectors_checked"":1157660672}"
   4787200,         0,         0,    87.2,exact_mw,cdc4a450a40af8e24899239080e4c40992fb5baf91c5a31ab3a165eacb3a1ab3,"{""distance"":5,""physical_error_rate"":0.0002}","{""detection_events"":945015,""detectors_checked"":1072332800}"
   3408896,         1,         0,    87.1,exact_mw,cb12ae119b9b2ba18d0216e7235b403229e92fd0743ede48fe7f1a2c6f45d594,"{""distance"":5,""physical_error_rate"":0.0005}","{""detection_events"":1676335,""detectors_checked"":763592704,""obs_mistake_mask=E"":1}"
   3596288,         4,         0,    87.2,exact_mw,cb12ae119b9b2ba18d0216e7235b403229e92fd0743ede48fe7f1a2c6f45d594,"{""distance"":5,""physical_error_rate"":0.0005}","{""detection_events"":1771696,""detectors_checked"":805568512,""obs_mistake_mask=E"":4}"
   4335616,         0,         0,    87.1,exact_mw,70a969f5042aec17ac076c6379f4170fb7c69b8e925756ef3b7334e28a33338b,"{""distance"":5,""physical_error_rate"":0.0001}","{""detection_events"":428356,""detectors_checked"":971177984}"
   5767168,         1,         0,    87.2,exact_mw,cdc4a450a40af8e24899239080e4c40992fb5baf91c5a31ab3a165eacb3a1ab3,"{""distance"":5,""physical_error_rate"":0.0002}","{""detection_events"":1137752,""detectors_checked"":1291845632,""obs_mistake_mask=E"":1}"
    272384,        21,         0,    88.4,exact_mw,3208f56225bbcac0e2804eb6f92d0a8b681652a702ca1ec920ccd7367f0e0899,"{""distance"":5,""physical_error_rate"":0.002}","{""detection_events"":533261,""detectors_checked"":61014016,""obs_mistake_mask=E"":21}"
   3760128,         3,         0,    62.4,exact_mw,cb12ae119b9b2ba18d0216e7235b403229e92fd0743ede48fe7f1a2c6f45d594,"{""distance"":5,""physical_error_rate"":0.0005}","{""detection_events"":1847452,""detectors_checked"":842268672,""obs_mistake_mask=E"":3}"
    282624,        22,         0,    88.2,exact_mw,3208f56225bbcac0e2804eb6f92d0a8b681652a702ca1ec920ccd7367f0e0899,"{""distance"":5,""physical_error_rate"":0.002}","{""detection_events"":553524,""detectors_checked"":63307776,""obs_mistake_mask=E"":22}"
   1787600,         0,         0,    5.85,exact_mw,70a969f5042aec17ac076c6379f4170fb7c69b8e925756ef3b7334e28a33338b,"{""distance"":5,""physical_error_rate"":0.0001}","{""detection_events"":176384,""detectors_checked"":400422400}"
    262144,        22,         0,    88.0,exact_mw,3208f56225bbcac0e2804eb6f92d0a8b681652a702ca1ec920ccd7367f0e0899,"{""distance"":5,""physical_error_rate"":0.002}","{""detection_events"":511736,""detectors_checked"":58720256,""obs_mistake_mask=E"":22}"
    236544,        21,         0,    74.7,exact_mw,3208f56225bbcac0e2804eb6f92d0a8b681652a702ca1ec920ccd7367f0e0899,"{""distance"":5,""physical_error_rate"":0.002}","{""detection_events"":459978,""detectors_checked"":52985856,""obs_mistake_mask=E"":21}"
    591872,        39,         0,    87.4,exact_mw,3208f56225bbcac0e2804eb6f92d0a8b681652a702ca1ec920ccd7367f0e0899,"{""distance"":5,""physical_error_rate"":0.002}","{""detection_events"":1154511,""detectors_checked"":132579328,""obs_mistake_mask=E"":39}"
    258048,        16,         0,    84.5,exact_mw,3208f56225bbcac0e2804eb6f92d0a8b681652a702ca1ec920ccd7367f0e0899,"{""distance"":5,""physical_error_rate"":0.002}","{""detection_events"":505682,""detectors_checked"":57802752,""obs_mistake_mask=E"":16}"
    248832,        11,         0,    87.3,exact_mw,3208f56225bbcac0e2804eb6f92d0a8b681652a702ca1ec920ccd7367f0e0899,"{""distance"":5,""physical_error_rate"":0.002}","{""detection_events"":488008,""detectors_checked"":55738368,""obs_mistake_mask=E"":11}"
     59392,         5,         0,    17.8,exact_mw,3208f56225bbcac0e2804eb6f92d0a8b681652a702ca1ec920ccd7367f0e0899,"{""distance"":5,""physical_error_rate"":0.002}","{""detection_events"":116558,""detectors_checked"":13303808,""obs_mistake_mask=E"":5}"
   3464192,         0,         0,    62.2,exact_mw,70a969f5042aec17ac076c6379f4170fb7c69b8e925756ef3b7334e28a33338b,"{""distance"":5,""physical_error_rate"":0.0001}","{""detection_events"":342522,""detectors_checked"":775979008}"
    240640,        20,         0,    74.6,exact_mw,3208f56225bbcac0e2804eb6f92d0a8b681652a702ca1ec920ccd7367f0e0899,"{""distance"":5,""physical_error_rate"":0.002}","{""detection_events"":468358,""detectors_checked"":53903360,""obs_mistake_mask=E"":20}"
      2048,         1,         0,   0.699,exact_mw,3208f56225bbcac0e2804eb6f92d0a8b681652a702ca1ec920ccd7367f0e0899,"{""distance"":5,""physical_error_rate"":0.002}","{""detection_events"":4074,""detectors_checked"":458752,""obs_mistake_mask=E"":1}"
    248832,        15,         0,    84.1,exact_mw,3208f56225bbcac0e2804eb6f92d0a8b681652a702ca1ec920ccd7367f0e0899,"{""distance"":5,""physical_error_rate"":0.002}","{""detection_events"":487475,""detectors_checked"":55738368,""obs_mistake_mask=E"":15}"
    257024,        12,         0,    86.6,exact_mw,3208f56225bbcac0e2804eb6f92d0a8b681652a702ca1ec920ccd7367f0e0899,"{""distance"":5,""physical_error_rate"":0.002}","{""detection_events"":501690,""detectors_checked"":57573376,""obs_mistake_mask=E"":12}"
     44032,         2,         0,    17.5,exact_mw,3208f56225bbcac0e2804eb6f92d0a8b681652a702ca1ec920ccd7367f0e0899,"{""distance"":5,""physical_error_rate"":0.002}","{""detection_events"":85737,""detectors_checked"":9863168,""obs_mistake_mask=E"":2}"
    266240,        19,         0,    45.0,exact_mw,3208f56225bbcac0e2804eb6f92d0a8b681652a702ca1ec920ccd7367f0e0899,"{""distance"":5,""physical_error_rate"":0.002}","{""detection_events"":520206,""detectors_checked"":59637760,""obs_mistake_mask=E"":19}"
    117760,         5,         0,    37.8,exact_mw,3208f56225bbcac0e2804eb6f92d0a8b681652a702ca1ec920ccd7367f0e0899,"{""distance"":5,""physical_error_rate"":0.002}","{""detection_events"":230070,""detectors_checked"":26378240,""obs_mistake_mask=E"":5}"
      1024,         0,         0,   0.264,exact_mw,3208f56225bbcac0e2804eb6f92d0a8b681652a702ca1ec920ccd7367f0e0899,"{""distance"":5,""physical_error_rate"":0.002}","{""detection_events"":1956,""detectors_checked"":229376}"
    248832,        14,         0,    74.1,exact_mw,3208f56225bbcac0e2804eb6f92d0a8b681652a702ca1ec920ccd7367f0e0899,"{""distance"":5,""physical_error_rate"":0.002}","{""detection_events"":485533,""detectors_checked"":55738368,""obs_mistake_mask=E"":14}"
    214016,        17,         0,    67.7,exact_mw,3208f56225bbcac0e2804eb6f92d0a8b681652a702ca1ec920ccd7367f0e0899,"{""distance"":5,""physical_error_rate"":0.002}","{""detection_events"":417326,""detectors_checked"":47939584,""obs_mistake_mask=E"":17}"
    280576,        16,         0,    86.3,exact_mw,3208f56225bbcac0e2804eb6f92d0a8b681652a702ca1ec920ccd7367f0e0899,"{""distance"":5,""physical_error_rate"":0.002}","{""detection_events"":548784,""detectors_checked"":62849024,""obs_mistake_mask=E"":16}"
     61440,         3,         0,    19.8,exact_mw,3208f56225bbcac0e2804eb6f92d0a8b681652a702ca1ec920ccd7367f0e0899,"{""distance"":5,""physical_error_rate"":0.002}","{""detection_events"":120695,""detectors_checked"":13762560,""obs_mistake_mask=E"":3}"
    154624,        10,         0,    57.6,exact_mw,3208f56225bbcac0e2804eb6f92d0a8b681652a702ca1ec920ccd7367f0e0899,"{""distance"":5,""physical_error_rate"":0.002}","{""detection_events"":302646,""detectors_checked"":34635776,""obs_mistake_mask=E"":10}"
    180224,         9,         0,    57.3,exact_mw,3208f56225bbcac0e2804eb6f92d0a8b681652a702ca1ec920ccd7367f0e0899,"{""distance"":5,""physical_error_rate"":0.002}","{""detection_events"":351393,""detectors_checked"":40370176,""obs_mistake_mask=E"":9}"
     37888,         2,         0,    12.0,exact_mw,3208f56225bbcac0e2804eb6f92d0a8b681652a702ca1ec920ccd7367f0e0899,"{""distance"":5,""physical_error_rate"":0.002}","{""detection_events"":73857,""detectors_checked"":8486912,""obs_mistake_mask=E"":2}"
    278528,        24,         0,    86.7,exact_mw,3208f56225bbcac0e2804eb6f92d0a8b681652a702ca1ec920ccd7367f0e0899,"{""distance"":5,""physical_error_rate"":0.002}","{""detection_events"":544036,""detectors_checked"":62390272,""obs_mistake_mask=E"":24}"
   3642368,         0,         0,    62.5,exact_mw,70a969f5042aec17ac076c6379f4170fb7c69b8e925756ef3b7334e28a33338b,"{""distance"":5,""physical_error_rate"":0.0001}","{""detection_events"":358452,""detectors_checked"":815890432}"
      1024,         0,         0,   0.399,exact_mw,3208f56225bbcac0e2804eb6f92d0a8b681652a702ca1ec920ccd7367f0e0899,"{""distance"":5,""physical_error_rate"":0.002}","{""detection_events"":2039,""detectors_checked"":229376}"
   1432576,         6,         0,    87.8,exact_mw,bb90ec3459e353008cf9a5bb9142bf1e8515517a9e167021b225104594e48e8a,"{""distance"":5,""physical_error_rate"":0.001}","{""detection_events"":1405968,""detectors_checked"":320897024,""obs_mistake_mask=E"":6}"
    968704,         3,         0,    62.5,exact_mw,bb90ec3459e353008cf9a5bb9142bf1e8515517a9e167021b225104594e48e8a,"{""distance"":5,""physical_error_rate"":0.001}","{""detection_events"":950349,""detectors_checked"":216989696,""obs_mistake_mask=E"":3}"
   4766720,         0,         0,    87.2,exact_mw,f32ebecd8e105e50ec838d33c5ed9b45444b6b44a3c6ac541111079f2b14e893,"{""distance"":5,""physical_error_rate"":5e-05}","{""detection_events"":235911,""detectors_checked"":1067745280}"
   2173952,         9,         0,    87.6,exact_mw,bb90ec3459e353008cf9a5bb9142bf1e8515517a9e167021b225104594e48e8a,"{""distance"":5,""physical_error_rate"":0.001}","{""detection_events"":2137981,""detectors_checked"":486965248,""obs_mistake_mask=E"":9}"
   3419136,         0,         0,    62.2,exact_mw,cdc4a450a40af8e24899239080e4c40992fb5baf91c5a31ab3a165eacb3a1ab3,"{""distance"":5,""physical_error_rate"":0.0002}","{""detection_events"":672166,""detectors_checked"":765886464}"
   3268608,         0,         0,    62.1,exact_mw,cdc4a450a40af8e24899239080e4c40992fb5baf91c5a31ab3a165eacb3a1ab3,"{""distance"":5,""physical_error_rate"":0.0002}","{""detection_events"":644252,""detectors_checked"":732168192}"
   3478528,         0,         0,    62.3,exact_mw,f32ebecd8e105e50ec838d33c5ed9b45444b6b44a3c6ac541111079f2b14e893,"{""distance"":5,""physical_error_rate"":5e-05}","{""detection_events"":171343,""detectors_checked"":779190272}"
    958464,         3,         0,    62.7,exact_mw,bb90ec3459e353008cf9a5bb9142bf1e8515517a9e167021b225104594e48e8a,"{""distance"":5,""physical_error_rate"":0.001}","{""detection_events"":943095,""detectors_checked"":214695936,""obs_mistake_mask=E"":3}"
   1380352,         9,         0,    87.4,exact_mw,bb90ec3459e353008cf9a5bb9142bf1e8515517a9e167021b225104594e48e8a,"{""distance"":5,""physical_error_rate"":0.001}","{""detection_events"":1355131,""detectors_checked"":309198848,""obs_mistake_mask=E"":9}"
   5246976,         0,         0,    62.4,exact_mw,f32ebecd8e105e50ec838d33c5ed9b45444b6b44a3c6ac541111079f2b14e893,"{""distance"":5,""physical_error_rate"":5e-05}","{""detection_events"":258075,""detectors_checked"":1175322624}"
      4369,         0,         0,   0.012,exact_mw,f32ebecd8e105e50ec838d33c5ed9b45444b6b44a3c6ac541111079f2b14e893,"{""distance"":5,""physical_error_rate"":5e-05}","{""detection_events"":249,""detectors_checked"":978656}"
      1024,         0,         0,   0.003,exact_mw,f32ebecd8e105e50ec838d33c5ed9b45444b6b44a3c6ac541111079f2b14e893,"{""distance"":5,""physical_error_rate"":5e-05}","{""detection_events"":50,""detectors_checked"":229376}"
      3072,         0,         0,   0.008,exact_mw,f32ebecd8e105e50ec838d33c5ed9b45444b6b44a3c6ac541111079f2b14e893,"{""distance"":5,""physical_error_rate"":5e-05}","{""detection_events"":174,""detectors_checked"":688128}"
      8192,         0,         0,   0.029,exact_mw,f32ebecd8e105e50ec838d33c5ed9b45444b6b44a3c6ac541111079f2b14e893,"{""distance"":5,""physical_error_rate"":5e-05}","{""detection_events"":415,""detectors_checked"":1835008}"
     15360,         0,         0,   0.040,exact_mw,f32ebecd8e105e50ec838d33c5ed9b45444b6b44a3c6ac541111079f2b14e893,"{""distance"":5,""physical_error_rate"":5e-05}","{""detection_events"":771,""detectors_checked"":3440640}"
     20480,         0,         0,   0.054,exact_mw,f32ebecd8e105e50ec838d33c5ed9b45444b6b44a3c6ac541111079f2b14e893,"{""distance"":5,""physical_error_rate"":5e-05}","{""detection_events"":998,""detectors_checked"":4587520}"
     28672,         0,         0,   0.076,exact_mw,f32ebecd8e105e50ec838d33c5ed9b45444b6b44a3c6ac541111079f2b14e893,"{""distance"":5,""physical_error_rate"":5e-05}","{""detection_events"":1421,""detectors_checked"":6422528}"
     39936,         0,         0,   0.106,exact_mw,f32ebecd8e105e50ec838d33c5ed9b45444b6b44a3c6ac541111079f2b14e893,"{""distance"":5,""physical_error_rate"":5e-05}","{""detection_events"":1867,""detectors_checked"":8945664}"
     56320,         0,         0,   0.148,exact_mw,f32ebecd8e105e50ec838d33c5ed9b45444b6b44a3c6ac541111079f2b14e893,"{""distance"":5,""physical_error_rate"":5e-05}","{""detection_events"":2816,""detectors_checked"":12615680}"
     78848,         0,         0,   0.207,exact_mw,f32ebecd8e105e50ec838d33c5ed9b45444b6b44a3c6ac541111079f2b14e893,"{""distance"":5,""physical_error_rate"":5e-05}","{""detection_events"":3730,""detectors_checked"":17661952}"
    110592,         0,         0,   0.289,exact_mw,f32ebecd8e105e50ec838d33c5ed9b45444b6b44a3c6ac541111079f2b14e893,"{""distance"":5,""physical_error_rate"":5e-05}","{""detection_events"":5280,""detectors_checked"":24772608}"
    151552,         0,         0,   0.404,exact_mw,f32ebecd8e105e50ec838d33c5ed9b45444b6b44a3c6ac541111079f2b14e893,"{""distance"":5,""physical_error_rate"":5e-05}","{""detection_events"":7492,""detectors_checked"":33947648}"
    214016,         0,         0,   0.563,exact_mw,f32ebecd8e105e50ec838d33c5ed9b45444b6b44a3c6ac541111079f2b14e893,"{""distance"":5,""physical_error_rate"":5e-05}","{""detection_events"":10257,""detectors_checked"":47939584}"
         1,         0,         0,   0.000,exact_mw,cb12ae119b9b2ba18d0216e7235b403229e92fd0743ede48fe7f1a2c6f45d594,"{""distance"":5,""physical_error_rate"":0.0005}","{""detectors_checked"":224}"
      3344,         0,         0,   0.026,exact_mw,cb12ae119b9b2ba18d0216e7235b403229e92fd0743ede48fe7f1a2c6f45d594,"{""distance"":5,""physical_error_rate"":0.0005}","{""detection_events"":1722,""detectors_checked"":749056}"
      4096,         0,         0,   0.027,exact_mw,cb12ae119b9b2ba18d0216e7235b403229e92fd0743ede48fe7f1a2c6f45d594,"{""distance"":5,""physical_error_rate"":0.0005}","{""detection_events"":2145,""detectors_checked"":917504}"
      4096,         0,         0,   0.029,exact_mw,cb12ae119b9b2ba18d0216e7235b403229e92fd0743ede48fe7f1a2c6f45d594,"{""distance"":5,""physical_error_rate"":0.0005}","{""detection_events"":2131,""detectors_checked"":917504}"
      7168,         0,         0,   0.053,exact_mw,cb12ae119b9b2ba18d0216e7235b403229e92fd0743ede48fe7f1a2c6f45d594,"{""distance"":5,""physical_error_rate"":0.0005}","{""detection_events"":3692,""detectors_checked"":1605632}"
      7168,         0,         0,   0.052,exact_mw,cb12ae119b9b2ba18d0216e7235b403229e92fd0743ede48fe7f1a2c6f45d594,"{""distance"":5,""physical_error_rate"":0.0005}","{""detection_events"":3478,""detectors_checked"":1605632}"
     13312,         0,         0,   0.084,exact_mw,cb12ae119b9b2ba18d0216e7235b403229e92fd0743ede48fe7f1a2c6f45d594,"{""distance"":5,""physical_error_rate"":0.0005}","{""detection_events"":6682,""detectors_checked"":2981888}"
     14336,         0,         0,   0.108,exact_mw,cb12ae119b9b2ba18d0216e7235b403229e92fd0743ede48fe7f1a2c6f45d594,"{""distance"":5,""physical_error_rate"":0.0005}","{""detection_events"":7065,""detectors_checked"":3211264}"
    299008,         0,         0,   0.791,exact_mw,f32ebecd8e105e50ec838d33c5ed9b45444b6b44a3c6ac541111079f2b14e893,"{""distance"":5,""physical_error_rate"":5e-05}","{""detection_events"":14903,""detectors_checked"":66977792}"
     21504,         0,         0,   0.152,exact_mw,cb12ae119b9b2ba18d0216e7235b403229e92fd0743ede48fe7f1a2c6f45d594,"{""distance"":5,""physical_error_rate"":0.0005}","{""detection_events"":10526,""detectors_checked"":4816896}"
     28672,         0,         0,   0.205,exact_mw,cb12ae119b9b2ba18d0216e7235b403229e92fd0743ede48fe7f1a2c6f45d594,"{""distance"":5,""physical_error_rate"":0.0005}","{""detection_events"":14160,""detectors_checked"":6422528}"
       273,         0,         0,   0.022,exact_mw,f32ebecd8e105e50ec838d33c5ed9b45444b6b44a3c6ac541111079f2b14e893,"{""distance"":5,""physical_error_rate"":5e-05}","{""detection_events"":8,""detectors_checked"":61152}"
     38912,         0,         0,   0.285,exact_mw,cb12ae119b9b2ba18d0216e7235b403229e92fd0743ede48fe7f1a2c6f45d594,"{""distance"":5,""physical_error_rate"":0.0005}","{""detection_events"":19124,""detectors_checked"":8716288}"
      3072,         0,         0,   0.029,exact_mw,f32ebecd8e105e50ec838d33c5ed9b45444b6b44a3c6ac541111079f2b14e893,"{""distance"":5,""physical_error_rate"":5e-05}","{""detection_events"":202,""detectors_checked"":688128}"
      2048,         0,         0,   0.027,exact_mw,f32ebecd8e105e50ec838d33c5ed9b45444b6b44a3c6ac541111079f2b14e893,"{""distance"":5,""physical_error_rate"":5e-05}","{""detection_events"":105,""detectors_checked"":458752}"
      3072,         0,         0,   0.029,exact_mw,f32ebecd8e105e50ec838d33c5ed9b45444b6b44a3c6ac541111079f2b14e893,"{""distance"":5,""physical_error_rate"":5e-05}","{""detection_events"":154,""detectors_checked"":688128}"
   3322880,         0,         0,    62.2,exact_mw,70a969f5042aec17ac076c6379f4170fb7c69b8e925756ef3b7334e28a33338b,"{""distance"":5,""physical_error_rate"":0.0001}","{""detection_events"":327812,""detectors_checked"":744325120}"
      5120,         0,         0,   0.035,exact_mw,f32ebecd8e105e50ec838d33c5ed9b45444b6b44a3c6ac541111079f2b14e893,"{""distance"":5,""physical_error_rate"":5e-05}","{""detection_events"":291,""detectors_checked"":1146880}"
      5120,         0,         0,   0.056,exact_mw,f32ebecd8e105e50ec838d33c5ed9b45444b6b44a3c6ac541111079f2b14e893,"{""distance"":5,""physical_error_rate"":5e-05}","{""detection_events"":280,""detectors_checked"":1146880}"
      2321,         0,         0,   0.028,exact_mw,cdc4a450a40af8e24899239080e4c40992fb5baf91c5a31ab3a165eacb3a1ab3,"{""distance"":5,""physical_error_rate"":0.0002}","{""detection_events"":454,""detectors_checked"":519904}"
      2048,         0,         0,   0.027,exact_mw,cdc4a450a40af8e24899239080e4c40992fb5baf91c5a31ab3a165eacb3a1ab3,"{""distance"":5,""physical_error_rate"":0.0002}","{""detection_events"":493,""detectors_checked"":458752}"
      7168,         0,         0,   0.083,exact_mw,f32ebecd8e105e50ec838d33c5ed9b45444b6b44a3c6ac541111079f2b14e893,"{""distance"":5,""physical_error_rate"":5e-05}","{""detection_events"":384,""detectors_checked"":1605632}"
      3072,         0,         0,   0.030,exact_mw,cdc4a450a40af8e24899239080e4c40992fb5baf91c5a31ab3a165eacb3a1ab3,"{""distance"":5,""physical_error_rate"":0.0002}","{""detection_events"":609,""detectors_checked"":688128}"
      3072,         0,         0,   0.030,exact_mw,cdc4a450a40af8e24899239080e4c40992fb5baf91c5a31ab3a165eacb3a1ab3,"{""distance"":5,""physical_error_rate"":0.0002}","{""detection_events"":608,""detectors_checked"":688128}"
   2757632,         4,         0,    62.6,exact_mw,cb12ae119b9b2ba18d0216e7235b403229e92fd0743ede48fe7f1a2c6f45d594,"{""distance"":5,""physical_error_rate"":0.0005}","{""detection_events"":1358359,""detectors_checked"":617709568,""obs_mistake_mask=E"":4}"
      3072,         0,         0,   0.037,exact_mw,cdc4a450a40af8e24899239080e4c40992fb5baf91c5a31ab3a165eacb3a1ab3,"{""distance"":5,""physical_error_rate"":0.0002}","{""detection_events"":614,""detectors_checked"":688128}"
      9216,         0,         0,   0.117,exact_mw,f32ebecd8e105e50ec838d33c5ed9b45444b6b44a3c6ac541111079f2b14e893,"{""distance"":5,""physical_error_rate"":5e-05}","{""detection_events"":473,""detectors_checked"":2064384}"
      5120,         0,         0,   0.058,exact_mw,cdc4a450a40af8e24899239080e4c40992fb5baf91c5a31ab3a165eacb3a1ab3,"{""distance"":5,""physical_error_rate"":0.0002}","{""detection_events"":994,""detectors_checked"":1146880}"
     56320,         0,         0,   0.414,exact_mw,cb12ae119b9b2ba18d0216e7235b403229e92fd0743ede48fe7f1a2c6f45d594,"{""distance"":5,""physical_error_rate"":0.0005}","{""detection_events"":27538,""detectors_checked"":12615680}"
      6144,         0,         0,   0.065,exact_mw,cdc4a450a40af8e24899239080e4c40992fb5baf91c5a31ab3a165eacb3a1ab3,"{""distance"":5,""physical_error_rate"":0.0002}","{""detection_events"":1146,""detectors_checked"":1376256}"
    411648,         0,         0,    1.11,exact_mw,f32ebecd8e105e50ec838d33c5ed9b45444b6b44a3c6ac541111079f2b14e893,"{""distance"":5,""physical_error_rate"":5e-05}","{""detection_events"":20138,""detectors_checked"":92209152}"
     14336,         0,         0,   0.147,exact_mw,f32ebecd8e105e50ec838d33c5ed9b45444b6b44a3c6ac541111079f2b14e893,"{""distance"":5,""physical_error_rate"":5e-05}","{""detection_events"":596,""detectors_checked"":3211264}"
      9216,         0,         0,   0.126,exact_mw,cdc4a450a40af8e24899239080e4c40992fb5baf91c5a31ab3a165eacb3a1ab3,"{""distance"":5,""physical_error_rate"":0.0002}","{""detection_events"":1824,""detectors_checked"":2064384}"
     16384,         0,         0,   0.206,exact_mw,f32ebecd8e105e50ec838d33c5ed9b45444b6b44a3c6ac541111079f2b14e893,"{""distance"":5,""physical_error_rate"":5e-05}","{""detection_events"":890,""detectors_checked"":3670016}"
     13312,         0,         0,   0.161,exact_mw,cdc4a450a40af8e24899239080e4c40992fb5baf91c5a31ab3a165eacb3a1ab3,"{""distance"":5,""physical_error_rate"":0.0002}","{""detection_events"":2763,""detectors_checked"":2981888}"
      1297,         0,         0,   0.025,exact_mw,f32ebecd8e105e50ec838d33c5ed9b45444b6b44a3c6ac541111079f2b14e893,"{""distance"":5,""physical_error_rate"":5e-05}","{""detection_events"":72,""detectors_checked"":290528}"
      2048,         0,         0,   0.026,exact_mw,f32ebecd8e105e50ec838d33c5ed9b45444b6b44a3c6ac541111079f2b14e893,"{""distance"":5,""physical_error_rate"":5e-05}","{""detection_events"":77,""detectors_checked"":458752}"
      1024,         0,         0,   0.023,exact_mw,f32ebecd8e105e50ec838d33c5ed9b45444b6b44a3c6ac541111079f2b14e893,"{""distance"":5,""physical_error_rate"":5e-05}","{""detection_events"":55,""detectors_checked"":229376}"
      3072,         0,         0,   0.050,exact_mw,f32ebecd8e105e50ec838d33c5ed9b45444b6b44a3c6ac541111079f2b14e893,"{""distance"":5,""physical_error_rate"":5e-05}","{""detection_events"":189,""detectors_checked"":688128}"
      1297,         0,         0,   0.025,exact_mw,cdc4a450a40af8e24899239080e4c40992fb5baf91c5a31ab3a165eacb3a1ab3,"{""distance"":5,""physical_error_rate"":0.0002}","{""detection_events"":243,""detectors_checked"":290528}"
      3072,         0,         0,   0.050,exact_mw,f32ebecd8e105e50ec838d33c5ed9b45444b6b44a3c6ac541111079f2b14e893,"{""distance"":5,""physical_error_rate"":5e-05}","{""detection_events"":147,""detectors_checked"":688128}"
      1024,         0,         0,   0.023,exact_mw,cdc4a450a40af8e24899239080e4c40992fb5baf91c5a31ab3a165eacb3a1ab3,"{""distance"":5,""physical_error_rate"":0.0002}","{""detection_events"":233,""detectors_checked"":229376}"
     55296,         0,         0,   0.557,exact_mw,cb12ae119b9b2ba18d0216e7235b403229e92fd0743ede48fe7f1a2c6f45d594,"{""distance"":5,""physical_error_rate"":0.0005}","{""detection_events"":27323,""detectors_checked"":12386304}"
     16384,         0,         0,   0.217,exact_mw,cdc4a450a40af8e24899239080e4c40992fb5baf91c5a31ab3a165eacb3a1ab3,"{""distance"":5,""physical_error_rate"":0.0002}","{""detection_events"":3201,""detectors_checked"":3670016}"
      2048,         0,         0,   0.027,exact_mw,cdc4a450a40af8e24899239080e4c40992fb5baf91c5a31ab3a165eacb3a1ab3,"{""distance"":5,""physical_error_rate"":0.0002}","{""detection_events"":411,""detectors_checked"":458752}"
      4096,         0,         0,   0.074,exact_mw,f32ebecd8e105e50ec838d33c5ed9b45444b6b44a3c6ac541111079f2b14e893,"{""distance"":5,""physical_error_rate"":5e-05}","{""detection_events"":191,""detectors_checked"":917504}"
     24576,         0,         0,   0.308,exact_mw,f32ebecd8e105e50ec838d33c5ed9b45444b6b44a3c6ac541111079f2b14e893,"{""distance"":5,""physical_error_rate"":5e-05}","{""detection_events"":1235,""detectors_checked"":5505024}"
      1297,         0,         0,   0.030,exact_mw,cb12ae119b9b2ba18d0216e7235b403229e92fd0743ede48fe7f1a2c6f45d594,"{""distance"":5,""physical_error_rate"":0.0005}","{""detection_events"":663,""detectors_checked"":290528}"
      2048,         0,         0,   0.027,exact_mw,cdc4a450a40af8e24899239080e4c40992fb5baf91c5a31ab3a165eacb3a1ab3,"{""distance"":5,""physical_error_rate"":0.0002}","{""detection_events"":354,""detectors_checked"":458752}"
      1024,         0,         0,   0.026,exact_mw,cb12ae119b9b2ba18d0216e7235b403229e92fd0743ede48fe7f1a2c6f45d594,"{""distance"":5,""physical_error_rate"":0.0005}","{""detection_events"":482,""detectors_checked"":229376}"
      1024,         0,         0,   0.024,exact_mw,cb12ae119b9b2ba18d0216e7235b403229e92fd0743ede48fe7f1a2c6f45d594,"{""distance"":5,""physical_error_rate"":0.0005}","{""detection_events"":524,""detectors_checked"":229376}"
      3072,         0,         0,   0.050,exact_mw,cdc4a450a40af8e24899239080e4c40992fb5baf91c5a31ab3a165eacb3a1ab3,"{""distance"":5,""physical_error_rate"":0.0002}","{""detection_events"":619,""detectors_checked"":688128}"
      5120,         0,         0,   0.056,exact_mw,f32ebecd8e105e50ec838d33c5ed9b45444b6b44a3c6ac541111079f2b14e893,"{""distance"":5,""physical_error_rate"":5e-05}","{""detection_events"":205,""detectors_checked"":1146880}"
      1297,         0,         0,   0.024,exact_mw,f32ebecd8e105e50ec838d33c5ed9b45444b6b44a3c6ac541111079f2b14e893,"{""distance"":5,""physical_error_rate"":5e-05}","{""detection_events"":78,""detectors_checked"":290528}"
      2048,         0,         0,   0.045,exact_mw,cb12ae119b9b2ba18d0216e7235b403229e92fd0743ede48fe7f1a2c6f45d594,"{""distance"":5,""physical_error_rate"":0.0005}","{""detection_events"":1075,""detectors_checked"":458752}"
      1024,         0,         0,   0.023,exact_mw,f32ebecd8e105e50ec838d33c5ed9b45444b6b44a3c6ac541111079f2b14e893,"{""distance"":5,""physical_error_rate"":5e-05}","{""detection_events"":54,""detectors_checked"":229376}"
      5120,         0,         0,   0.075,exact_mw,cdc4a450a40af8e24899239080e4c40992fb5baf91c5a31ab3a165eacb3a1ab3,"{""distance"":5,""physical_error_rate"":0.0002}","{""detection_events"":1030,""detectors_checked"":1146880}"
      2048,         0,         0,   0.026,exact_mw,f32ebecd8e105e50ec838d33c5ed9b45444b6b44a3c6ac541111079f2b14e893,"{""distance"":5,""physical_error_rate"":5e-05}","{""detection_events"":124,""detectors_checked"":458752}"
      2048,         0,         0,   0.049,exact_mw,cb12ae119b9b2ba18d0216e7235b403229e92fd0743ede48fe7f1a2c6f45d594,"{""distance"":5,""physical_error_rate"":0.0005}","{""detection_events"":1000,""detectors_checked"":458752}"
      3072,         0,         0,   0.028,exact_mw,f32ebecd8e105e50ec838d33c5ed9b45444b6b44a3c6ac541111079f2b14e893,"{""distance"":5,""physical_error_rate"":5e-05}","{""detection_events"":136,""detectors_checked"":688128}"
       273,         0,         0,   0.021,exact_mw,70a969f5042aec17ac076c6379f4170fb7c69b8e925756ef3b7334e28a33338b,"{""distance"":5,""physical_error_rate"":0.0001}","{""detection_events"":36,""detectors_checked"":61152}"
      8192,         0,         0,   0.123,exact_mw,f32ebecd8e105e50ec838d33c5ed9b45444b6b44a3c6ac541111079f2b14e893,"{""distance"":5,""physical_error_rate"":5e-05}","{""detection_events"":379,""detectors_checked"":1835008}"
      2048,         0,         0,   0.026,exact_mw,70a969f5042aec17ac076c6379f4170fb7c69b8e925756ef3b7334e28a33338b,"{""distance"":5,""physical_error_rate"":0.0001}","{""detection_events"":178,""detectors_checked"":458752}"
      5120,         0,         0,   0.076,exact_mw,cdc4a450a40af8e24899239080e4c40992fb5baf91c5a31ab3a165eacb3a1ab3,"{""distance"":5,""physical_error_rate"":0.0002}","{""detection_events"":972,""detectors_checked"":1146880}"
      2048,         0,         0,   0.046,exact_mw,f32ebecd8e105e50ec838d33c5ed9b45444b6b44a3c6ac541111079f2b14e893,"{""distance"":5,""physical_error_rate"":5e-05}","{""detection_events"":87,""detectors_checked"":458752}"
   5443584,         0,         0,    86.9,exact_mw,70a969f5042aec17ac076c6379f4170fb7c69b8e925756ef3b7334e28a33338b,"{""distance"":5,""physical_error_rate"":0.0001}","{""detection_events"":534004,""detectors_checked"":1219362816}"
   4717568,         2,         0,    87.2,exact_mw,cb12ae119b9b2ba18d0216e7235b403229e92fd0743ede48fe7f1a2c6f45d594,"{""distance"":5,""physical_error_rate"":0.0005}","{""detection_events"":2323785,""detectors_checked"":1056735232,""obs_mistake_mask=E"":2}"
      2048,         0,         0,   0.026,exact_mw,70a969f5042aec17ac076c6379f4170fb7c69b8e925756ef3b7334e28a33338b,"{""distance"":5,""physical_error_rate"":0.0001}","{""detection_events"":235,""detectors_checked"":458752}"
      1297,         0,         0,   0.029,exact_mw,cdc4a450a40af8e24899239080e4c40992fb5baf91c5a31ab3a165eacb3a1ab3,"{""distance"":5,""physical_error_rate"":0.0002}","{""detection_events"":241,""detectors_checked"":290528}"
      4096,         0,         0,   0.078,exact_mw,cb12ae119b9b2ba18d0216e7235b403229e92fd0743ede48fe7f1a2c6f45d594,"{""distance"":5,""physical_error_rate"":0.0005}","{""detection_events"":2014,""detectors_checked"":917504}"
     24576,         0,         0,   0.307,exact_mw,cdc4a450a40af8e24899239080e4c40992fb5baf91c5a31ab3a165eacb3a1ab3,"{""distance"":5,""physical_error_rate"":0.0002}","{""detection_events"":4786,""detectors_checked"":5505024}"
      5120,         0,         0,   0.054,exact_mw,f32ebecd8e105e50ec838d33c5ed9b45444b6b44a3c6ac541111079f2b14e893,"{""distance"":5,""physical_error_rate"":5e-05}","{""detection_events"":302,""detectors_checked"":1146880}"
      3072,         0,         0,   0.049,exact_mw,70a969f5042aec17ac076c6379f4170fb7c69b8e925756ef3b7334e28a33338b,"{""distance"":5,""physical_error_rate"":0.0001}","{""detection_events"":289,""detectors_checked"":688128}"
      2048,         0,         0,   0.041,exact_mw,cdc4a450a40af8e24899239080e4c40992fb5baf91c5a31ab3a165eacb3a1ab3,"{""distance"":5,""physical_error_rate"":0.0002}","{""detection_events"":420,""detectors_checked"":458752}"
      1297,         0,         0,   0.029,exact_mw,70a969f5042aec17ac076c6379f4170fb7c69b8e925756ef3b7334e28a33338b,"{""distance"":5,""physical_error_rate"":0.0001}","{""detection_events"":133,""detectors_checked"":290528}"
      2048,         0,         0,   0.031,exact_mw,cdc4a450a40af8e24899239080e4c40992fb5baf91c5a31ab3a165eacb3a1ab3,"{""distance"":5,""physical_error_rate"":0.0002}","{""detection_events"":436,""detectors_checked"":458752}"
      3072,         0,         0,   0.038,exact_mw,70a969f5042aec17ac076c6379f4170fb7c69b8e925756ef3b7334e28a33338b,"{""distance"":5,""physical_error_rate"":0.0001}","{""detection_events"":286,""detectors_checked"":688128}"
      4096,         0,         0,   0.075,exact_mw,cb12ae119b9b2ba18d0216e7235b403229e92fd0743ede48fe7f1a2c6f45d594,"{""distance"":5,""physical_error_rate"":0.0005}","{""detection_events"":2039,""detectors_checked"":917504}"
      1297,         0,         0,   0.029,exact_mw,70a969f5042aec17ac076c6379f4170fb7c69b8e925756ef3b7334e28a33338b,"{""distance"":5,""physical_error_rate"":0.0001}","{""detection_events"":131,""detectors_checked"":290528}"
      1024,         0,         0,   0.028,exact_mw,70a969f5042aec17ac076c6379f4170fb7c69b8e925756ef3b7334e28a33338b,"{""distance"":5,""physical_error_rate"":0.0001}","{""detection_events"":79,""detectors_checked"":229376}"
     10240,         0,         0,   0.147,exact_mw,f32ebecd8e105e50ec838d33c5ed9b45444b6b44a3c6ac541111079f2b14e893,"{""distance"":5,""physical_error_rate"":5e-05}","{""detection_events"":491,""detectors_checked"":2293760}"
      9216,         0,         0,   0.125,exact_mw,cdc4a450a40af8e24899239080e4c40992fb5baf91c5a31ab3a165eacb3a1ab3,"{""distance"":5,""physical_error_rate"":0.0002}","{""detection_events"":1812,""detectors_checked"":2064384}"
      2048,         0,         0,   0.031,exact_mw,cdc4a450a40af8e24899239080e4c40992fb5baf91c5a31ab3a165eacb3a1ab3,"{""distance"":5,""physical_error_rate"":0.0002}","{""detection_events"":419,""detectors_checked"":458752}"
      1297,         0,         0,   0.024,exact_mw,f32ebecd8e105e50ec838d33c5ed9b45444b6b44a3c6ac541111079f2b14e893,"{""distance"":5,""physical_error_rate"":5e-05}","{""detection_events"":72,""detectors_checked"":290528}"
         1,         0,         0,   0.000,exact_mw,70a969f5042aec17ac076c6379f4170fb7c69b8e925756ef3b7334e28a33338b,"{""distance"":5,""physical_error_rate"":0.0001}","{""detectors_checked"":224}"
      2048,         0,         0,   0.031,exact_mw,70a969f5042aec17ac076c6379f4170fb7c69b8e925756ef3b7334e28a33338b,"{""distance"":5,""physical_error_rate"":0.0001}","{""detection_events"":198,""detectors_checked"":458752}"
      2048,         0,         0,   0.031,exact_mw,70a969f5042aec17ac076c6379f4170fb7c69b8e925756ef3b7334e28a33338b,"{""distance"":5,""physical_error_rate"":0.0001}","{""detection_events"":174,""detectors_checked"":458752}"
      6144,         0,         0,   0.097,exact_mw,f32ebecd8e105e50ec838d33c5ed9b45444b6b44a3c6ac541111079f2b14e893,"{""distance"":5,""physical_error_rate"":5e-05}","{""detection_events"":249,""detectors_checked"":1376256}"
      2048,         0,         0,   0.026,exact_mw,f32ebecd8e105e50ec838d33c5ed9b45444b6b44a3c6ac541111079f2b14e893,"{""distance"":5,""physical_error_rate"":5e-05}","{""detection_events"":110,""detectors_checked"":458752}"
      2320,         0,         0,   0.027,exact_mw,70a969f5042aec17ac076c6379f4170fb7c69b8e925756ef3b7334e28a33338b,"{""distance"":5,""physical_error_rate"":0.0001}","{""detection_events"":210,""detectors_checked"":519680}"
      2048,         0,         0,   0.031,exact_mw,70a969f5042aec17ac076c6379f4170fb7c69b8e925756ef3b7334e28a33338b,"{""distance"":5,""physical_error_rate"":0.0001}","{""detection_events"":194,""detectors_checked"":458752}"
      2048,         0,         0,   0.031,exact_mw,70a969f5042aec17ac076c6379f4170fb7c69b8e925756ef3b7334e28a33338b,"{""distance"":5,""physical_error_rate"":0.0001}","{""detection_events"":224,""detectors_checked"":458752}"
      5120,         0,         0,   0.074,exact_mw,70a969f5042aec17ac076c6379f4170fb7c69b8e925756ef3b7334e28a33338b,"{""distance"":5,""physical_error_rate"":0.0001}","{""detection_events"":485,""detectors_checked"":1146880}"
      1297,         0,         0,   0.029,exact_mw,cdc4a450a40af8e24899239080e4c40992fb5baf91c5a31ab3a165eacb3a1ab3,"{""distance"":5,""physical_error_rate"":0.0002}","{""detection_events"":273,""detectors_checked"":290528}"
      2048,         0,         0,   0.026,exact_mw,f32ebecd8e105e50ec838d33c5ed9b45444b6b44a3c6ac541111079f2b14e893,"{""distance"":5,""physical_error_rate"":5e-05}","{""detection_events"":117,""detectors_checked"":458752}"
      1024,         0,         0,   0.023,exact_mw,70a969f5042aec17ac076c6379f4170fb7c69b8e925756ef3b7334e28a33338b,"{""distance"":5,""physical_error_rate"":0.0001}","{""detection_events"":105,""detectors_checked"":229376}"
      3072,         0,         0,   0.059,exact_mw,cdc4a450a40af8e24899239080e4c40992fb5baf91c5a31ab3a165eacb3a1ab3,"{""distance"":5,""physical_error_rate"":0.0002}","{""detection_events"":621,""detectors_checked"":688128}"
     36864,         0,         0,   0.419,exact_mw,f32ebecd8e105e50ec838d33c5ed9b45444b6b44a3c6ac541111079f2b14e893,"{""distance"":5,""physical_error_rate"":5e-05}","{""detection_events"":1801,""detectors_checked"":8257536}"
      1024,         0,         0,   0.028,exact_mw,70a969f5042aec17ac076c6379f4170fb7c69b8e925756ef3b7334e28a33338b,"{""distance"":5,""physical_error_rate"":0.0001}","{""detection_events"":135,""detectors_checked"":229376}"
      2048,         0,         0,   0.031,exact_mw,cdc4a450a40af8e24899239080e4c40992fb5baf91c5a31ab3a165eacb3a1ab3,"{""distance"":5,""physical_error_rate"":0.0002}","{""detection_events"":375,""detectors_checked"":458752}"
   4793344,         0,         0,    87.1,exact_mw,f32ebecd8e105e50ec838d33c5ed9b45444b6b44a3c6ac541111079f2b14e893,"{""distance"":5,""physical_error_rate"":5e-05}","{""detection_events"":237102,""detectors_checked"":1073709056}"
      3072,         0,         0,   0.029,exact_mw,70a969f5042aec17ac076c6379f4170fb7c69b8e925756ef3b7334e28a33338b,"{""distance"":5,""physical_error_rate"":0.0001}","{""detection_events"":354,""detectors_checked"":688128}"
      6144,         0,         0,   0.124,exact_mw,cb12ae119b9b2ba18d0216e7235b403229e92fd0743ede48fe7f1a2c6f45d594,"{""distance"":5,""physical_error_rate"":0.0005}","{""detection_events"":2905,""detectors_checked"":1376256}"
      3072,         0,         0,   0.049,exact_mw,f32ebecd8e105e50ec838d33c5ed9b45444b6b44a3c6ac541111079f2b14e893,"{""distance"":5,""physical_error_rate"":5e-05}","{""detection_events"":154,""detectors_checked"":688128}"
      3072,         0,         0,   0.059,exact_mw,70a969f5042aec17ac076c6379f4170fb7c69b8e925756ef3b7334e28a33338b,"{""distance"":5,""physical_error_rate"":0.0001}","{""detection_events"":335,""detectors_checked"":688128}"
      1024,         0,         0,   0.028,exact_mw,cdc4a450a40af8e24899239080e4c40992fb5baf91c5a31ab3a165eacb3a1ab3,"{""distance"":5,""physical_error_rate"":0.0002}","{""detection_events"":163,""detectors_checked"":229376}"
      3072,         0,         0,   0.059,exact_mw,cdc4a450a40af8e24899239080e4c40992fb5baf91c5a31ab3a165eacb3a1ab3,"{""distance"":5,""physical_error_rate"":0.0002}","{""detection_events"":686,""detectors_checked"":688128}"
      5120,         0,         0,   0.075,exact_mw,70a969f5042aec17ac076c6379f4170fb7c69b8e925756ef3b7334e28a33338b,"{""distance"":5,""physical_error_rate"":0.0001}","{""detection_events"":466,""detectors_checked"":1146880}"
       273,         0,         0,   0.024,exact_mw,bb90ec3459e353008cf9a5bb9142bf1e8515517a9e167021b225104594e48e8a,"{""distance"":5,""physical_error_rate"":0.001}","{""detection_events"":253,""detectors_checked"":61152}"
      2048,         0,         0,   0.046,exact_mw,70a969f5042aec17ac076c6379f4170fb7c69b8e925756ef3b7334e28a33338b,"{""distance"":5,""physical_error_rate"":0.0001}","{""detection_events"":231,""detectors_checked"":458752}"
      4096,         0,         0,   0.062,exact_mw,70a969f5042aec17ac076c6379f4170fb7c69b8e925756ef3b7334e28a33338b,"{""distance"":5,""physical_error_rate"":0.0001}","{""detection_events"":404,""detectors_checked"":917504}"
      2048,         0,         0,   0.031,exact_mw,cdc4a450a40af8e24899239080e4c40992fb5baf91c5a31ab3a165eacb3a1ab3,"{""distance"":5,""physical_error_rate"":0.0002}","{""detection_events"":455,""detectors_checked"":458752}"
     10240,         0,         0,   0.149,exact_mw,cdc4a450a40af8e24899239080e4c40992fb5baf91c5a31ab3a165eacb3a1ab3,"{""distance"":5,""physical_error_rate"":0.0002}","{""detection_events"":1987,""detectors_checked"":2293760}"
      8192,         0,         0,   0.123,exact_mw,f32ebecd8e105e50ec838d33c5ed9b45444b6b44a3c6ac541111079f2b14e893,"{""distance"":5,""physical_error_rate"":5e-05}","{""detection_events"":395,""detectors_checked"":1835008}"
       273,         0,         0,   0.027,exact_mw,bb90ec3459e353008cf9a5bb9142bf1e8515517a9e167021b225104594e48e8a,"{""distance"":5,""physical_error_rate"":0.001}","{""detection_events"":231,""detectors_checked"":61152}"
      3072,         0,         0,   0.049,exact_mw,f32ebecd8e105e50ec838d33c5ed9b45444b6b44a3c6ac541111079f2b14e893,"{""distance"":5,""physical_error_rate"":5e-05}","{""detection_events"":147,""detectors_checked"":688128}"
      3072,         0,         0,   0.059,exact_mw,70a969f5042aec17ac076c6379f4170fb7c69b8e925756ef3b7334e28a33338b,"{""distance"":5,""physical_error_rate"":0.0001}","{""detection_events"":316,""detectors_checked"":688128}"
      1024,         0,         0,   0.050,exact_mw,bb90ec3459e353008cf9a5bb9142bf1e8515517a9e167021b225104594e48e8a,"{""distance"":5,""physical_error_rate"":0.001}","{""detection_events"":943,""detectors_checked"":229376}"
         1,         0,         0,   0.000,exact_mw,70a969f5042aec17ac076c6379f4170fb7c69b8e925756ef3b7334e28a33338b,"{""distance"":5,""physical_error_rate"":0.0001}","{""detectors_checked"":224}"
      3072,         0,         0,   0.059,exact_mw,70a969f5042aec17ac076c6379f4170fb7c69b8e925756ef3b7334e28a33338b,"{""distance"":5,""physical_error_rate"":0.0001}","{""detection_events"":266,""detectors_checked"":688128}"
      3072,         0,         0,   0.060,exact_mw,cdc4a450a40af8e24899239080e4c40992fb5baf91c5a31ab3a165eacb3a1ab3,"{""distance"":5,""physical_error_rate"":0.0002}","{""detection_events"":599,""detectors_checked"":688128}"
      5120,         0,         0,   0.054,exact_mw,f32ebecd8e105e50ec838d33c5ed9b45444b6b44a3c6ac541111079f2b14e893,"{""distance"":5,""physical_error_rate"":5e-05}","{""detection_events"":277,""detectors_checked"":1146880}"
      5120,         0,         0,   0.074,exact_mw,70a969f5042aec17ac076c6379f4170fb7c69b8e925756ef3b7334e28a33338b,"{""distance"":5,""physical_error_rate"":0.0001}","{""detection_events"":450,""detectors_checked"":1146880}"
      5120,         0,         0,   0.091,exact_mw,cdc4a450a40af8e24899239080e4c40992fb5baf91c5a31ab3a165eacb3a1ab3,"{""distance"":5,""physical_error_rate"":0.0002}","{""detection_events"":1013,""detectors_checked"":1146880}"
      2320,         0,         0,   0.032,exact_mw,70a969f5042aec17ac076c6379f4170fb7c69b8e925756ef3b7334e28a33338b,"{""distance"":5,""physical_error_rate"":0.0001}","{""detection_events"":241,""detectors_checked"":519680}"
     16384,         0,         0,   0.227,exact_mw,f32ebecd8e105e50ec838d33c5ed9b45444b6b44a3c6ac541111079f2b14e893,"{""distance"":5,""physical_error_rate"":5e-05}","{""detection_events"":913,""detectors_checked"":3670016}"
      1024,         0,         0,   0.050,exact_mw,bb90ec3459e353008cf9a5bb9142bf1e8515517a9e167021b225104594e48e8a,"{""distance"":5,""physical_error_rate"":0.001}","{""detection_events"":1040,""detectors_checked"":229376}"
      1024,         0,         0,   0.059,exact_mw,bb90ec3459e353008cf9a5bb9142bf1e8515517a9e167021b225104594e48e8a,"{""distance"":5,""physical_error_rate"":0.001}","{""detection_events"":915,""detectors_checked"":229376}"
   5314560,         0,         0,    87.0,exact_mw,f32ebecd8e105e50ec838d33c5ed9b45444b6b44a3c6ac541111079f2b14e893,"{""distance"":5,""physical_error_rate"":5e-05}","{""detection_events"":261364,""detectors_checked"":1190461440}"
      1024,         0,         0,   0.028,exact_mw,70a969f5042aec17ac076c6379f4170fb7c69b8e925756ef3b7334e28a33338b,"{""distance"":5,""physical_error_rate"":0.0001}","{""detection_events"":94,""detectors_checked"":229376}"
      9216,         0,         0,   0.126,exact_mw,70a969f5042aec17ac076c6379f4170fb7c69b8e925756ef3b7334e28a33338b,"{""distance"":5,""physical_error_rate"":0.0001}","{""detection_events"":855,""detectors_checked"":2064384}"
      7168,         0,         0,   0.151,exact_mw,cb12ae119b9b2ba18d0216e7235b403229e92fd0743ede48fe7f1a2c6f45d594,"{""distance"":5,""physical_error_rate"":0.0005}","{""detection_events"":3382,""detectors_checked"":1605632}"
      5120,         0,         0,   0.090,exact_mw,70a969f5042aec17ac076c6379f4170fb7c69b8e925756ef3b7334e28a33338b,"{""distance"":5,""physical_error_rate"":0.0001}","{""detection_events"":539,""detectors_checked"":1146880}"
      3072,         0,         0,   0.059,exact_mw,cdc4a450a40af8e24899239080e4c40992fb5baf91c5a31ab3a165eacb3a1ab3,"{""distance"":5,""physical_error_rate"":0.0002}","{""detection_events"":610,""detectors_checked"":688128}"
      2048,         0,         0,   0.031,exact_mw,70a969f5042aec17ac076c6379f4170fb7c69b8e925756ef3b7334e28a33338b,"{""distance"":5,""physical_error_rate"":0.0001}","{""detection_events"":212,""detectors_checked"":458752}"
      5120,         0,         0,   0.075,exact_mw,70a969f5042aec17ac076c6379f4170fb7c69b8e925756ef3b7334e28a33338b,"{""distance"":5,""physical_error_rate"":0.0001}","{""detection_events"":466,""detectors_checked"":1146880}"
      5120,         0,         0,   0.090,exact_mw,70a969f5042aec17ac076c6379f4170fb7c69b8e925756ef3b7334e28a33338b,"{""distance"":5,""physical_error_rate"":0.0001}","{""detection_events"":470,""detectors_checked"":1146880}"
     10240,         0,         0,   0.150,exact_mw,f32ebecd8e105e50ec838d33c5ed9b45444b6b44a3c6ac541111079f2b14e893,"{""distance"":5,""physical_error_rate"":5e-05}","{""detection_events"":571,""detectors_checked"":2293760}"
      1024,         0,         0,   0.076,exact_mw,bb90ec3459e353008cf9a5bb9142bf1e8515517a9e167021b225104594e48e8a,"{""distance"":5,""physical_error_rate"":0.001}","{""detection_events"":1129,""detectors_checked"":229376}"
      5120,         0,         0,   0.095,exact_mw,f32ebecd8e105e50ec838d33c5ed9b45444b6b44a3c6ac541111079f2b14e893,"{""distance"":5,""physical_error_rate"":5e-05}","{""detection_events"":223,""detectors_checked"":1146880}"
      1024,         0,         0,   0.090,exact_mw,bb90ec3459e353008cf9a5bb9142bf1e8515517a9e167021b225104594e48e8a,"{""distance"":5,""physical_error_rate"":0.001}","{""detection_events"":1009,""detectors_checked"":229376}"
      6144,         0,         0,   0.119,exact_mw,cdc4a450a40af8e24899239080e4c40992fb5baf91c5a31ab3a165eacb3a1ab3,"{""distance"":5,""physical_error_rate"":0.0002}","{""detection_events"":1265,""detectors_checked"":1376256}"
      3072,         0,         0,   0.059,exact_mw,70a969f5042aec17ac076c6379f4170fb7c69b8e925756ef3b7334e28a33338b,"{""distance"":5,""physical_error_rate"":0.0001}","{""detection_events"":308,""detectors_checked"":688128}"
     35840,         0,         0,   0.425,exact_mw,cdc4a450a40af8e24899239080e4c40992fb5baf91c5a31ab3a165eacb3a1ab3,"{""distance"":5,""physical_error_rate"":0.0002}","{""detection_events"":7146,""detectors_checked"":8028160}"
      5120,         0,         0,   0.091,exact_mw,cdc4a450a40af8e24899239080e4c40992fb5baf91c5a31ab3a165eacb3a1ab3,"{""distance"":5,""physical_error_rate"":0.0002}","{""detection_events"":976,""detectors_checked"":1146880}"
     14336,         0,         0,   0.224,exact_mw,cdc4a450a40af8e24899239080e4c40992fb5baf91c5a31ab3a165eacb3a1ab3,"{""distance"":5,""physical_error_rate"":0.0002}","{""detection_events"":2747,""detectors_checked"":3211264}"
      2048,         0,         0,   0.053,exact_mw,bb90ec3459e353008cf9a5bb9142bf1e8515517a9e167021b225104594e48e8a,"{""distance"":5,""physical_error_rate"":0.001}","{""detection_events"":1836,""detectors_checked"":458752}"
      6144,         0,         0,   0.119,exact_mw,70a969f5042aec17ac076c6379f4170fb7c69b8e925756ef3b7334e28a33338b,"{""distance"":5,""physical_error_rate"":0.0001}","{""detection_events"":607,""detectors_checked"":1376256}"
      3072,         0,         0,   0.059,exact_mw,70a969f5042aec17ac076c6379f4170fb7c69b8e925756ef3b7334e28a33338b,"{""distance"":5,""physical_error_rate"":0.0001}","{""detection_events"":351,""detectors_checked"":688128}"
     10240,         0,         0,   0.130,exact_mw,70a969f5042aec17ac076c6379f4170fb7c69b8e925756ef3b7334e28a33338b,"{""distance"":5,""physical_error_rate"":0.0001}","{""detection_events"":937,""detectors_checked"":2293760}"
     99328,         0,         0,   0.801,exact_mw,cb12ae119b9b2ba18d0216e7235b403229e92fd0743ede48fe7f1a2c6f45d594,"{""distance"":5,""physical_error_rate"":0.0005}","{""detection_events"":49314,""detectors_checked"":22249472}"
      6144,         0,         0,   0.093,exact_mw,70a969f5042aec17ac076c6379f4170fb7c69b8e925756ef3b7334e28a33338b,"{""distance"":5,""physical_error_rate"":0.0001}","{""detection_events"":537,""detectors_checked"":1376256}"
      8192,         0,         0,   0.124,exact_mw,70a969f5042aec17ac076c6379f4170fb7c69b8e925756ef3b7334e28a33338b,"{""distance"":5,""physical_error_rate"":0.0001}","{""detection_events"":788,""detectors_checked"":1835008}"
      1024,         0,         0,   0.092,exact_mw,bb90ec3459e353008cf9a5bb9142bf1e8515517a9e167021b225104594e48e8a,"{""distance"":5,""physical_error_rate"":0.001}","{""detection_events"":1028,""detectors_checked"":229376}"
      9216,         0,         0,   0.126,exact_mw,f32ebecd8e105e50ec838d33c5ed9b45444b6b44a3c6ac541111079f2b14e893,"{""distance"":5,""physical_error_rate"":5e-05}","{""detection_events"":485,""detectors_checked"":2064384}"
      2048,         0,         0,   0.072,exact_mw,bb90ec3459e353008cf9a5bb9142bf1e8515517a9e167021b225104594e48e8a,"{""distance"":5,""physical_error_rate"":0.001}","{""detection_events"":1881,""detectors_checked"":458752}"
      6144,         0,         0,   0.117,exact_mw,cdc4a450a40af8e24899239080e4c40992fb5baf91c5a31ab3a165eacb3a1ab3,"{""distance"":5,""physical_error_rate"":0.0002}","{""detection_events"":1242,""detectors_checked"":1376256}"
     11264,         0,         0,   0.223,exact_mw,cb12ae119b9b2ba18d0216e7235b403229e92fd0743ede48fe7f1a2c6f45d594,"{""distance"":5,""physical_error_rate"":0.0005}","{""detection_events"":5579,""detectors_checked"":2523136}"
      8192,         0,         0,   0.150,exact_mw,cdc4a450a40af8e24899239080e4c40992fb5baf91c5a31ab3a165eacb3a1ab3,"{""distance"":5,""physical_error_rate"":0.0002}","{""detection_events"":1590,""detectors_checked"":1835008}"
      5120,         0,         0,   0.092,exact_mw,70a969f5042aec17ac076c6379f4170fb7c69b8e925756ef3b7334e28a33338b,"{""distance"":5,""physical_error_rate"":0.0001}","{""detection_events"":495,""detectors_checked"":1146880}"
   1744896,        15,         0,    87.5,exact_mw,bb90ec3459e353008cf9a5bb9142bf1e8515517a9e167021b225104594e48e8a,"{""distance"":5,""physical_error_rate"":0.001}","{""detection_events"":1712191,""detectors_checked"":390856704,""obs_mistake_mask=E"":15}"
      1024,         0,         0,   0.093,exact_mw,bb90ec3459e353008cf9a5bb9142bf1e8515517a9e167021b225104594e48e8a,"{""distance"":5,""physical_error_rate"":0.001}","{""detection_events"":976,""detectors_checked"":229376}"
     19456,         0,         0,   0.299,exact_mw,f32ebecd8e105e50ec838d33c5ed9b45444b6b44a3c6ac541111079f2b14e893,"{""distance"":5,""physical_error_rate"":5e-05}","{""detection_events"":963,""detectors_checked"":4358144}"
     15360,         0,         0,   0.204,exact_mw,f32ebecd8e105e50ec838d33c5ed9b45444b6b44a3c6ac541111079f2b14e893,"{""distance"":5,""physical_error_rate"":5e-05}","{""detection_events"":781,""detectors_checked"":3440640}"
      9216,         0,         0,   0.149,exact_mw,70a969f5042aec17ac076c6379f4170fb7c69b8e925756ef3b7334e28a33338b,"{""distance"":5,""physical_error_rate"":0.0001}","{""detection_events"":932,""detectors_checked"":2064384}"
      9216,         0,         0,   0.148,exact_mw,70a969f5042aec17ac076c6379f4170fb7c69b8e925756ef3b7334e28a33338b,"{""distance"":5,""physical_error_rate"":0.0001}","{""detection_events"":779,""detectors_checked"":2064384}"
     10240,         0,         0,   0.150,exact_mw,70a969f5042aec17ac076c6379f4170fb7c69b8e925756ef3b7334e28a33338b,"{""distance"":5,""physical_error_rate"":0.0001}","{""detection_events"":1026,""detectors_checked"":2293760}"
      1024,         0,         0,   0.059,exact_mw,bb90ec3459e353008cf9a5bb9142bf1e8515517a9e167021b225104594e48e8a,"{""distance"":5,""physical_error_rate"":0.001}","{""detection_events"":887,""detectors_checked"":229376}"
      2048,         0,         0,   0.125,exact_mw,bb90ec3459e353008cf9a5bb9142bf1e8515517a9e167021b225104594e48e8a,"{""distance"":5,""physical_error_rate"":0.001}","{""detection_events"":1958,""detectors_checked"":458752}"
     11264,         0,         0,   0.170,exact_mw,f32ebecd8e105e50ec838d33c5ed9b45444b6b44a3c6ac541111079f2b14e893,"{""distance"":5,""physical_error_rate"":5e-05}","{""detection_events"":506,""detectors_checked"":2523136}"
      7168,         0,         0,   0.121,exact_mw,70a969f5042aec17ac076c6379f4170fb7c69b8e925756ef3b7334e28a33338b,"{""distance"":5,""physical_error_rate"":0.0001}","{""detection_events"":663,""detectors_checked"":1605632}"
      8192,         0,         0,   0.150,exact_mw,cdc4a450a40af8e24899239080e4c40992fb5baf91c5a31ab3a165eacb3a1ab3,"{""distance"":5,""physical_error_rate"":0.0002}","{""detection_events"":1606,""detectors_checked"":1835008}"
     14336,         0,         0,   0.220,exact_mw,70a969f5042aec17ac076c6379f4170fb7c69b8e925756ef3b7334e28a33338b,"{""distance"":5,""physical_error_rate"":0.0001}","{""detection_events"":1396,""detectors_checked"":3211264}"
     50176,         0,         0,   0.566,exact_mw,f32ebecd8e105e50ec838d33c5ed9b45444b6b44a3c6ac541111079f2b14e893,"{""distance"":5,""physical_error_rate"":5e-05}","{""detection_events"":2313,""detectors_checked"":11239424}"
     19456,         0,         0,   0.299,exact_mw,cdc4a450a40af8e24899239080e4c40992fb5baf91c5a31ab3a165eacb3a1ab3,"{""distance"":5,""physical_error_rate"":0.0002}","{""detection_events"":3893,""detectors_checked"":4358144}"
    538624,         0,         0,    1.55,exact_mw,f32ebecd8e105e50ec838d33c5ed9b45444b6b44a3c6ac541111079f2b14e893,"{""distance"":5,""physical_error_rate"":5e-05}","{""detection_events"":26586,""detectors_checked"":120651776}"
     11264,         0,         0,   0.209,exact_mw,cdc4a450a40af8e24899239080e4c40992fb5baf91c5a31ab3a165eacb3a1ab3,"{""distance"":5,""physical_error_rate"":0.0002}","{""detection_events"":2232,""detectors_checked"":2523136}"
      2048,         0,         0,   0.148,exact_mw,bb90ec3459e353008cf9a5bb9142bf1e8515517a9e167021b225104594e48e8a,"{""distance"":5,""physical_error_rate"":0.001}","{""detection_events"":1960,""detectors_checked"":458752}"
     11264,         0,         0,   0.184,exact_mw,70a969f5042aec17ac076c6379f4170fb7c69b8e925756ef3b7334e28a33338b,"{""distance"":5,""physical_error_rate"":0.0001}","{""detection_events"":1075,""detectors_checked"":2523136}"
   5871616,         0,         0,    87.3,exact_mw,cdc4a450a40af8e24899239080e4c40992fb5baf91c5a31ab3a165eacb3a1ab3,"{""distance"":5,""physical_error_rate"":0.0002}","{""detection_events"":1157486,""detectors_checked"":1315241984}"
      3072,         0,         0,   0.176,exact_mw,bb90ec3459e353008cf9a5bb9142bf1e8515517a9e167021b225104594e48e8a,"{""distance"":5,""physical_error_rate"":0.001}","{""detection_events"":2945,""detectors_checked"":688128}"
      8192,         0,         0,   0.149,exact_mw,70a969f5042aec17ac076c6379f4170fb7c69b8e925756ef3b7334e28a33338b,"{""distance"":5,""physical_error_rate"":0.0001}","{""detection_events"":733,""detectors_checked"":1835008}"
     11264,         0,         0,   0.208,exact_mw,70a969f5042aec17ac076c6379f4170fb7c69b8e925756ef3b7334e28a33338b,"{""distance"":5,""physical_error_rate"":0.0001}","{""detection_events"":1095,""detectors_checked"":2523136}"
     15360,         0,         0,   0.300,exact_mw,cb12ae119b9b2ba18d0216e7235b403229e92fd0743ede48fe7f1a2c6f45d594,"{""distance"":5,""physical_error_rate"":0.0005}","{""detection_events"":7774,""detectors_checked"":3440640}"
     15360,         0,         0,   0.225,exact_mw,70a969f5042aec17ac076c6379f4170fb7c69b8e925756ef3b7334e28a33338b,"{""distance"":5,""physical_error_rate"":0.0001}","{""detection_events"":1536,""detectors_checked"":3440640}"
   4751360,         0,         0,    87.2,exact_mw,70a969f5042aec17ac076c6379f4170fb7c69b8e925756ef3b7334e28a33338b,"{""distance"":5,""physical_error_rate"":0.0001}","{""detection_events"":468047,""detectors_checked"":1064304640}"
     20480,         0,         0,   0.300,exact_mw,f32ebecd8e105e50ec838d33c5ed9b45444b6b44a3c6ac541111079f2b14e893,"{""distance"":5,""physical_error_rate"":5e-05}","{""detection_events"":958,""detectors_checked"":4587520}"
     15360,         0,         0,   0.225,exact_mw,f32ebecd8e105e50ec838d33c5ed9b45444b6b44a3c6ac541111079f2b14e893,"{""distance"":5,""physical_error_rate"":5e-05}","{""detection_events"":703,""detectors_checked"":3440640}"
     12288,         0,         0,   0.211,exact_mw,cdc4a450a40af8e24899239080e4c40992fb5baf91c5a31ab3a165eacb3a1ab3,"{""distance"":5,""physical_error_rate"":0.0002}","{""detection_events"":2388,""detectors_checked"":2752512}"
      3072,         0,         0,   0.149,exact_mw,bb90ec3459e353008cf9a5bb9142bf1e8515517a9e167021b225104594e48e8a,"{""distance"":5,""physical_error_rate"":0.001}","{""detection_events"":2936,""detectors_checked"":688128}"
      3072,         0,         0,   0.179,exact_mw,bb90ec3459e353008cf9a5bb9142bf1e8515517a9e167021b225104594e48e8a,"{""distance"":5,""physical_error_rate"":0.001}","{""detection_events"":2970,""detectors_checked"":688128}"
   4990976,         0,         0,    87.2,exact_mw,cdc4a450a40af8e24899239080e4c40992fb5baf91c5a31ab3a165eacb3a1ab3,"{""distance"":5,""physical_error_rate"":0.0002}","{""detection_events"":985987,""detectors_checked"":1117978624}"
     47104,         0,         0,   0.571,exact_mw,cdc4a450a40af8e24899239080e4c40992fb5baf91c5a31ab3a165eacb3a1ab3,"{""distance"":5,""physical_error_rate"":0.0002}","{""detection_events"":9086,""detectors_checked"":10551296}"
     20480,         0,         0,   0.300,exact_mw,70a969f5042aec17ac076c6379f4170fb7c69b8e925756ef3b7334e28a33338b,"{""distance"":5,""physical_error_rate"":0.0001}","{""detection_events"":2039,""detectors_checked"":4587520}"
     28672,         0,         0,   0.428,exact_mw,f32ebecd8e105e50ec838d33c5ed9b45444b6b44a3c6ac541111079f2b14e893,"{""distance"":5,""physical_error_rate"":5e-05}","{""detection_events"":1494,""detectors_checked"":6422528}"
   4934656,         0,         0,    86.9,exact_mw,f32ebecd8e105e50ec838d33c5ed9b45444b6b44a3c6ac541111079f2b14e893,"{""distance"":5,""physical_error_rate"":5e-05}","{""detection_events"":242156,""detectors_checked"":1105362944}"
   4329472,         0,         0,    87.2,exact_mw,cdc4a450a40af8e24899239080e4c40992fb5baf91c5a31ab3a165eacb3a1ab3,"{""distance"":5,""physical_error_rate"":0.0002}","{""detection_events"":850719,""detectors_checked"":969801728}"
     11264,         0,         0,   0.210,exact_mw,70a969f5042aec17ac076c6379f4170fb7c69b8e925756ef3b7334e28a33338b,"{""distance"":5,""physical_error_rate"":0.0001}","{""detection_events"":1066,""detectors_checked"":2523136}"
     16384,         0,         0,   0.297,exact_mw,cdc4a450a40af8e24899239080e4c40992fb5baf91c5a31ab3a165eacb3a1ab3,"{""distance"":5,""physical_error_rate"":0.0002}","{""detection_events"":3355,""detectors_checked"":3670016}"
     15360,         0,         0,   0.297,exact_mw,70a969f5042aec17ac076c6379f4170fb7c69b8e925756ef3b7334e28a33338b,"{""distance"":5,""physical_error_rate"":0.0001}","{""detection_events"":1506,""detectors_checked"":3440640}"
      3072,         0,         0,   0.148,exact_mw,bb90ec3459e353008cf9a5bb9142bf1e8515517a9e167021b225104594e48e8a,"{""distance"":5,""physical_error_rate"":0.001}","{""detection_events"":3166,""detectors_checked"":688128}"
     17408,         0,         0,   0.304,exact_mw,70a969f5042aec17ac076c6379f4170fb7c69b8e925756ef3b7334e28a33338b,"{""distance"":5,""physical_error_rate"":0.0001}","{""detection_events"":1713,""detectors_checked"":3899392}"
   1401856,         9,         0,    87.7,exact_mw,bb90ec3459e353008cf9a5bb9142bf1e8515517a9e167021b225104594e48e8a,"{""distance"":5,""physical_error_rate"":0.001}","{""detection_events"":1375836,""detectors_checked"":314015744,""obs_mistake_mask=E"":9}"
     27648,         0,         0,   0.423,exact_mw,cdc4a450a40af8e24899239080e4c40992fb5baf91c5a31ab3a165eacb3a1ab3,"{""distance"":5,""physical_error_rate"":0.0002}","{""detection_events"":5397,""detectors_checked"":6193152}"
     20480,         0,         0,   0.310,exact_mw,70a969f5042aec17ac076c6379f4170fb7c69b8e925756ef3b7334e28a33338b,"{""distance"":5,""physical_error_rate"":0.0001}","{""detection_events"":1945,""detectors_checked"":4587520}"
      5120,         0,         0,   0.222,exact_mw,bb90ec3459e353008cf9a5bb9142bf1e8515517a9e167021b225104594e48e8a,"{""distance"":5,""physical_error_rate"":0.001}","{""detection_events"":4882,""detectors_checked"":1146880}"
     20480,         0,         0,   0.277,exact_mw,f32ebecd8e105e50ec838d33c5ed9b45444b6b44a3c6ac541111079f2b14e893,"{""distance"":5,""physical_error_rate"":5e-05}","{""detection_events"":1003,""detectors_checked"":4587520}"
     16384,         0,         0,   0.275,exact_mw,cdc4a450a40af8e24899239080e4c40992fb5baf91c5a31ab3a165eacb3a1ab3,"{""distance"":5,""physical_error_rate"":0.0002}","{""detection_events"":3169,""detectors_checked"":3670016}"
   3701760,         1,         0,    87.4,exact_mw,cb12ae119b9b2ba18d0216e7235b403229e92fd0743ede48fe7f1a2c6f45d594,"{""distance"":5,""physical_error_rate"":0.0005}","{""detection_events"":1820797,""detectors_checked"":829194240,""obs_mistake_mask=E"":1}"
     20480,         0,         0,   0.422,exact_mw,cb12ae119b9b2ba18d0216e7235b403229e92fd0743ede48fe7f1a2c6f45d594,"{""distance"":5,""physical_error_rate"":0.0005}","{""detection_events"":10055,""detectors_checked"":4587520}"
     27648,         0,         0,   0.397,exact_mw,f32ebecd8e105e50ec838d33c5ed9b45444b6b44a3c6ac541111079f2b14e893,"{""distance"":5,""physical_error_rate"":5e-05}","{""detection_events"":1232,""detectors_checked"":6193152}"
     16384,         0,         0,   0.299,exact_mw,70a969f5042aec17ac076c6379f4170fb7c69b8e925756ef3b7334e28a33338b,"{""distance"":5,""physical_error_rate"":0.0001}","{""detection_events"":1644,""detectors_checked"":3670016}"
      4096,         0,         0,   0.240,exact_mw,bb90ec3459e353008cf9a5bb9142bf1e8515517a9e167021b225104594e48e8a,"{""distance"":5,""physical_error_rate"":0.001}","{""detection_events"":3928,""detectors_checked"":917504}"
     26624,         0,         0,   0.400,exact_mw,70a969f5042aec17ac076c6379f4170fb7c69b8e925756ef3b7334e28a33338b,"{""distance"":5,""physical_error_rate"":0.0001}","{""detection_events"":2619,""detectors_checked"":5963776}"
   4928512,         0,         0,    87.1,exact_mw,f32ebecd8e105e50ec838d33c5ed9b45444b6b44a3c6ac541111079f2b14e893,"{""distance"":5,""physical_error_rate"":5e-05}","{""detection_events"":243109,""detectors_checked"":1103986688}"
     22528,         0,         0,   0.418,exact_mw,cdc4a450a40af8e24899239080e4c40992fb5baf91c5a31ab3a165eacb3a1ab3,"{""distance"":5,""physical_error_rate"":0.0002}","{""detection_events"":4557,""detectors_checked"":5046272}"
      6144,         0,         0,   0.325,exact_mw,bb90ec3459e353008cf9a5bb9142bf1e8515517a9e167021b225104594e48e8a,"{""distance"":5,""physical_error_rate"":0.001}","{""detection_events"":6274,""detectors_checked"":1376256}"
     50176,         0,         0,   0.802,exact_mw,f32ebecd8e105e50ec838d33c5ed9b45444b6b44a3c6ac541111079f2b14e893,"{""distance"":5,""physical_error_rate"":5e-05}","{""detection_events"":2698,""detectors_checked"":11239424}"
     23552,         0,         0,   0.396,exact_mw,70a969f5042aec17ac076c6379f4170fb7c69b8e925756ef3b7334e28a33338b,"{""distance"":5,""physical_error_rate"":0.0001}","{""detection_events"":2498,""detectors_checked"":5275648}"
     22528,         0,         0,   0.417,exact_mw,70a969f5042aec17ac076c6379f4170fb7c69b8e925756ef3b7334e28a33338b,"{""distance"":5,""physical_error_rate"":0.0001}","{""detection_events"":2207,""detectors_checked"":5046272}"
     37888,         0,         0,   0.553,exact_mw,f32ebecd8e105e50ec838d33c5ed9b45444b6b44a3c6ac541111079f2b14e893,"{""distance"":5,""physical_error_rate"":5e-05}","{""detection_events"":1958,""detectors_checked"":8486912}"
     28672,         0,         0,   0.426,exact_mw,70a969f5042aec17ac076c6379f4170fb7c69b8e925756ef3b7334e28a33338b,"{""distance"":5,""physical_error_rate"":0.0001}","{""detection_events"":2664,""detectors_checked"":6422528}"
     27648,         0,         0,   0.423,exact_mw,f32ebecd8e105e50ec838d33c5ed9b45444b6b44a3c6ac541111079f2b14e893,"{""distance"":5,""physical_error_rate"":5e-05}","{""detection_events"":1451,""detectors_checked"":6193152}"
     22528,         0,         0,   0.419,exact_mw,cdc4a450a40af8e24899239080e4c40992fb5baf91c5a31ab3a165eacb3a1ab3,"{""distance"":5,""physical_error_rate"":0.0002}","{""detection_events"":4502,""detectors_checked"":5046272}"
    103424,         1,         0,    1.12,exact_mw,cb12ae119b9b2ba18d0216e7235b403229e92fd0743ede48fe7f1a2c6f45d594,"{""distance"":5,""physical_error_rate"":0.0005}","{""detection_events"":50278,""detectors_checked"":23166976,""obs_mistake_mask=E"":1}"
   4433920,         0,         0,    87.0,exact_mw,70a969f5042aec17ac076c6379f4170fb7c69b8e925756ef3b7334e28a33338b,"{""distance"":5,""physical_error_rate"":0.0001}","{""detection_events"":438473,""detectors_checked"":993198080}"
   4613120,         0,         0,    86.7,exact_mw,70a969f5042aec17ac076c6379f4170fb7c69b8e925756ef3b7334e28a33338b,"{""distance"":5,""physical_error_rate"":0.0001}","{""detection_events"":455394,""detectors_checked"":1033338880}"
      5120,         0,         0,   0.330,exact_mw,bb90ec3459e353008cf9a5bb9142bf1e8515517a9e167021b225104594e48e8a,"{""distance"":5,""physical_error_rate"":0.001}","{""detection_events"":4787,""detectors_checked"":1146880}"
     36864,         0,         0,   0.571,exact_mw,cdc4a450a40af8e24899239080e4c40992fb5baf91c5a31ab3a165eacb3a1ab3,"{""distance"":5,""physical_error_rate"":0.0002}","{""detection_events"":7312,""detectors_checked"":8257536}"
     22528,         0,         0,   0.420,exact_mw,70a969f5042aec17ac076c6379f4170fb7c69b8e925756ef3b7334e28a33338b,"{""distance"":5,""physical_error_rate"":0.0001}","{""detection_events"":2071,""detectors_checked"":5046272}"
   3687424,         2,         0,    87.0,exact_mw,cb12ae119b9b2ba18d0216e7235b403229e92fd0743ede48fe7f1a2c6f45d594,"{""distance"":5,""physical_error_rate"":0.0005}","{""detection_events"":1816716,""detectors_checked"":825982976,""obs_mistake_mask=E"":2}"
     43008,         0,         0,   0.768,exact_mw,cdc4a450a40af8e24899239080e4c40992fb5baf91c5a31ab3a165eacb3a1ab3,"{""distance"":5,""physical_error_rate"":0.0002}","{""detection_events"":8581,""detectors_checked"":9633792}"
     27648,         0,         0,   0.576,exact_mw,cb12ae119b9b2ba18d0216e7235b403229e92fd0743ede48fe7f1a2c6f45d594,"{""distance"":5,""physical_error_rate"":0.0005}","{""detection_events"":13676,""detectors_checked"":6193152}"
     38912,         0,         0,   0.553,exact_mw,f32ebecd8e105e50ec838d33c5ed9b45444b6b44a3c6ac541111079f2b14e893,"{""distance"":5,""physical_error_rate"":5e-05}","{""detection_events"":1967,""detectors_checked"":8716288}"
      8192,         0,         0,   0.437,exact_mw,bb90ec3459e353008cf9a5bb9142bf1e8515517a9e167021b225104594e48e8a,"{""distance"":5,""physical_error_rate"":0.001}","{""detection_events"":8301,""detectors_checked"":1835008}"
     36864,         0,         0,   0.577,exact_mw,70a969f5042aec17ac076c6379f4170fb7c69b8e925756ef3b7334e28a33338b,"{""distance"":5,""physical_error_rate"":0.0001}","{""detection_events"":3676,""detectors_checked"":8257536}"
     31744,         0,         0,   0.571,exact_mw,cdc4a450a40af8e24899239080e4c40992fb5baf91c5a31ab3a165eacb3a1ab3,"{""distance"":5,""physical_error_rate"":0.0002}","{""detection_events"":6222,""detectors_checked"":7110656}"
     31744,         0,         0,   0.573,exact_mw,70a969f5042aec17ac076c6379f4170fb7c69b8e925756ef3b7334e28a33338b,"{""distance"":5,""physical_error_rate"":0.0001}","{""detection_events"":3193,""detectors_checked"":7110656}"
      7168,         0,         0,   0.441,exact_mw,bb90ec3459e353008cf9a5bb9142bf1e8515517a9e167021b225104594e48e8a,"{""distance"":5,""physical_error_rate"":0.001}","{""detection_events"":6998,""detectors_checked"":1605632}"
     32768,         0,         0,   0.545,exact_mw,70a969f5042aec17ac076c6379f4170fb7c69b8e925756ef3b7334e28a33338b,"{""distance"":5,""physical_error_rate"":0.0001}","{""detection_events"":3168,""detectors_checked"":7340032}"
     35840,         0,         0,   0.551,exact_mw,70a969f5042aec17ac076c6379f4170fb7c69b8e925756ef3b7334e28a33338b,"{""distance"":5,""physical_error_rate"":0.0001}","{""detection_events"":3548,""detectors_checked"":8028160}"
     31744,         0,         0,   0.566,exact_mw,f32ebecd8e105e50ec838d33c5ed9b45444b6b44a3c6ac541111079f2b14e893,"{""distance"":5,""physical_error_rate"":5e-05}","{""detection_events"":1529,""detectors_checked"":7110656}"
     32768,         0,         0,   0.584,exact_mw,cdc4a450a40af8e24899239080e4c40992fb5baf91c5a31ab3a165eacb3a1ab3,"{""distance"":5,""physical_error_rate"":0.0002}","{""detection_events"":6495,""detectors_checked"":7340032}"
     30720,         0,         0,   0.566,exact_mw,70a969f5042aec17ac076c6379f4170fb7c69b8e925756ef3b7334e28a33338b,"{""distance"":5,""physical_error_rate"":0.0001}","{""detection_events"":3023,""detectors_checked"":6881280}"
   1318912,         6,         0,    87.5,exact_mw,bb90ec3459e353008cf9a5bb9142bf1e8515517a9e167021b225104594e48e8a,"{""distance"":5,""physical_error_rate"":0.001}","{""detection_events"":1291318,""detectors_checked"":295436288,""obs_mistake_mask=E"":6}"
     51200,         0,         0,   0.799,exact_mw,f32ebecd8e105e50ec838d33c5ed9b45444b6b44a3c6ac541111079f2b14e893,"{""distance"":5,""physical_error_rate"":5e-05}","{""detection_events"":2580,""detectors_checked"":11468800}"
     51200,         0,         0,   0.802,exact_mw,cdc4a450a40af8e24899239080e4c40992fb5baf91c5a31ab3a165eacb3a1ab3,"{""distance"":5,""physical_error_rate"":0.0002}","{""detection_events"":10173,""detectors_checked"":11468800}"
      9216,         0,         0,   0.599,exact_mw,bb90ec3459e353008cf9a5bb9142bf1e8515517a9e167021b225104594e48e8a,"{""distance"":5,""physical_error_rate"":0.001}","{""detection_events"":8961,""detectors_checked"":2064384}"
     37888,         0,         0,   0.799,exact_mw,cb12ae119b9b2ba18d0216e7235b403229e92fd0743ede48fe7f1a2c6f45d594,"{""distance"":5,""physical_error_rate"":0.0005}","{""detection_events"":18338,""detectors_checked"":8486912}"
     63488,         0,         0,    1.14,exact_mw,f32ebecd8e105e50ec838d33c5ed9b45444b6b44a3c6ac541111079f2b14e893,"{""distance"":5,""physical_error_rate"":5e-05}","{""detection_events"":3132,""detectors_checked"":14221312}"
     51200,         0,         0,   0.797,exact_mw,f32ebecd8e105e50ec838d33c5ed9b45444b6b44a3c6ac541111079f2b14e893,"{""distance"":5,""physical_error_rate"":5e-05}","{""detection_events"":2558,""detectors_checked"":11468800}"
      9216,         0,         0,   0.597,exact_mw,bb90ec3459e353008cf9a5bb9142bf1e8515517a9e167021b225104594e48e8a,"{""distance"":5,""physical_error_rate"":0.001}","{""detection_events"":9149,""detectors_checked"":2064384}"
     51200,         0,         0,   0.798,exact_mw,70a969f5042aec17ac076c6379f4170fb7c69b8e925756ef3b7334e28a33338b,"{""distance"":5,""physical_error_rate"":0.0001}","{""detection_events"":5130,""detectors_checked"":11468800}"
     40960,         0,         0,   0.781,exact_mw,cdc4a450a40af8e24899239080e4c40992fb5baf91c5a31ab3a165eacb3a1ab3,"{""distance"":5,""physical_error_rate"":0.0002}","{""detection_events"":8167,""detectors_checked"":9175040}"
     40960,         0,         0,   0.781,exact_mw,70a969f5042aec17ac076c6379f4170fb7c69b8e925756ef3b7334e28a33338b,"{""distance"":5,""physical_error_rate"":0.0001}","{""detection_events"":4222,""detectors_checked"":9175040}"
    332800,         0,         0,    2.17,exact_mw,f32ebecd8e105e50ec838d33c5ed9b45444b6b44a3c6ac541111079f2b14e893,"{""distance"":5,""physical_error_rate"":5e-05}","{""detection_events"":16169,""detectors_checked"":74547200}"
     58368,         0,         0,    1.13,exact_mw,cdc4a450a40af8e24899239080e4c40992fb5baf91c5a31ab3a165eacb3a1ab3,"{""distance"":5,""physical_error_rate"":0.0002}","{""detection_events"":11551,""detectors_checked"":13074432}"
     43008,         0,         0,   0.782,exact_mw,70a969f5042aec17ac076c6379f4170fb7c69b8e925756ef3b7334e28a33338b,"{""distance"":5,""physical_error_rate"":0.0001}","{""detection_events"":4331,""detectors_checked"":9633792}"
     50176,         0,         0,   0.796,exact_mw,70a969f5042aec17ac076c6379f4170fb7c69b8e925756ef3b7334e28a33338b,"{""distance"":5,""physical_error_rate"":0.0001}","{""detection_events"":4650,""detectors_checked"":11239424}"
     44032,         0,         0,   0.811,exact_mw,f32ebecd8e105e50ec838d33c5ed9b45444b6b44a3c6ac541111079f2b14e893,"{""distance"":5,""physical_error_rate"":5e-05}","{""detection_events"":2161,""detectors_checked"":9863168}"
     40960,         0,         0,   0.781,exact_mw,cdc4a450a40af8e24899239080e4c40992fb5baf91c5a31ab3a165eacb3a1ab3,"{""distance"":5,""physical_error_rate"":0.0002}","{""detection_events"":8001,""detectors_checked"":9175040}"
     43008,         0,         0,   0.784,exact_mw,70a969f5042aec17ac076c6379f4170fb7c69b8e925756ef3b7334e28a33338b,"{""distance"":5,""physical_error_rate"":0.0001}","{""detection_events"":4347,""detectors_checked"":9633792}"
     68608,         0,         0,    1.49,exact_mw,cb12ae119b9b2ba18d0216e7235b403229e92fd0743ede48fe7f1a2c6f45d594,"{""distance"":5,""physical_error_rate"":0.0005}","{""detection_events"":33658,""detectors_checked"":15368192}"
     14336,         0,         0,   0.797,exact_mw,bb90ec3459e353008cf9a5bb9142bf1e8515517a9e167021b225104594e48e8a,"{""distance"":5,""physical_error_rate"":0.001}","{""detection_events"":13944,""detectors_checked"":3211264}"
     70656,         0,         0,    1.13,exact_mw,f32ebecd8e105e50ec838d33c5ed9b45444b6b44a3c6ac541111079f2b14e893,"{""distance"":5,""physical_error_rate"":5e-05}","{""detection_events"":3355,""detectors_checked"":15826944}"
     13312,         0,         0,   0.865,exact_mw,bb90ec3459e353008cf9a5bb9142bf1e8515517a9e167021b225104594e48e8a,"{""distance"":5,""physical_error_rate"":0.001}","{""detection_events"":13057,""detectors_checked"":2981888}"
     68608,         0,         0,    1.08,exact_mw,cdc4a450a40af8e24899239080e4c40992fb5baf91c5a31ab3a165eacb3a1ab3,"{""distance"":5,""physical_error_rate"":0.0002}","{""detection_events"":13676,""detectors_checked"":15368192}"
     53248,         0,         0,    1.12,exact_mw,cb12ae119b9b2ba18d0216e7235b403229e92fd0743ede48fe7f1a2c6f45d594,"{""distance"":5,""physical_error_rate"":0.0005}","{""detection_events"":26256,""detectors_checked"":11927552}"
     72704,         0,         0,    1.12,exact_mw,f32ebecd8e105e50ec838d33c5ed9b45444b6b44a3c6ac541111079f2b14e893,"{""distance"":5,""physical_error_rate"":5e-05}","{""detection_events"":3484,""detectors_checked"":16285696}"
     70656,         0,         0,    1.08,exact_mw,70a969f5042aec17ac076c6379f4170fb7c69b8e925756ef3b7334e28a33338b,"{""distance"":5,""physical_error_rate"":0.0001}","{""detection_events"":7137,""detectors_checked"":15826944}"
     57344,         0,         0,    1.11,exact_mw,cdc4a450a40af8e24899239080e4c40992fb5baf91c5a31ab3a165eacb3a1ab3,"{""distance"":5,""physical_error_rate"":0.0002}","{""detection_events"":11997,""detectors_checked"":12845056}"
     58368,         0,         0,    1.09,exact_mw,70a969f5042aec17ac076c6379f4170fb7c69b8e925756ef3b7334e28a33338b,"{""distance"":5,""physical_error_rate"":0.0001}","{""detection_events"":5674,""detectors_checked"":13074432}"
     70656,         0,         0,    1.11,exact_mw,70a969f5042aec17ac076c6379f4170fb7c69b8e925756ef3b7334e28a33338b,"{""distance"":5,""physical_error_rate"":0.0001}","{""detection_events"":6904,""detectors_checked"":15826944}"
     60416,         0,         0,    1.10,exact_mw,70a969f5042aec17ac076c6379f4170fb7c69b8e925756ef3b7334e28a33338b,"{""distance"":5,""physical_error_rate"":0.0001}","{""detection_events"":6033,""detectors_checked"":13533184}"
     60416,         0,         0,    1.11,exact_mw,f32ebecd8e105e50ec838d33c5ed9b45444b6b44a3c6ac541111079f2b14e893,"{""distance"":5,""physical_error_rate"":5e-05}","{""detection_events"":3151,""detectors_checked"":13533184}"
     58368,         0,         0,    1.11,exact_mw,cdc4a450a40af8e24899239080e4c40992fb5baf91c5a31ab3a165eacb3a1ab3,"{""distance"":5,""physical_error_rate"":0.0002}","{""detection_events"":11635,""detectors_checked"":13074432}"
     83968,         0,         0,    1.56,exact_mw,f32ebecd8e105e50ec838d33c5ed9b45444b6b44a3c6ac541111079f2b14e893,"{""distance"":5,""physical_error_rate"":5e-05}","{""detection_events"":3988,""detectors_checked"":18808832}"
     58368,         0,         0,    1.11,exact_mw,70a969f5042aec17ac076c6379f4170fb7c69b8e925756ef3b7334e28a33338b,"{""distance"":5,""physical_error_rate"":0.0001}","{""detection_events"":5940,""detectors_checked"":13074432}"
       273,         0,         0,   0.001,exact_mw,cb12ae119b9b2ba18d0216e7235b403229e92fd0743ede48fe7f1a2c6f45d594,"{""distance"":5,""physical_error_rate"":0.0005}","{""detection_events"":160,""detectors_checked"":61152}"
      2048,         0,         0,   0.028,exact_mw,cb12ae119b9b2ba18d0216e7235b403229e92fd0743ede48fe7f1a2c6f45d594,"{""distance"":5,""physical_error_rate"":0.0005}","{""detection_events"":1135,""detectors_checked"":458752}"
      3072,         0,         0,   0.038,exact_mw,cb12ae119b9b2ba18d0216e7235b403229e92fd0743ede48fe7f1a2c6f45d594,"{""distance"":5,""physical_error_rate"":0.0005}","{""detection_events"":1383,""detectors_checked"":688128}"
      3072,         0,         0,   0.038,exact_mw,cb12ae119b9b2ba18d0216e7235b403229e92fd0743ede48fe7f1a2c6f45d594,"{""distance"":5,""physical_error_rate"":0.0005}","{""detection_events"":1597,""detectors_checked"":688128}"
     79872,         0,         0,    1.56,exact_mw,cdc4a450a40af8e24899239080e4c40992fb5baf91c5a31ab3a165eacb3a1ab3,"{""distance"":5,""physical_error_rate"":0.0002}","{""detection_events"":15434,""detectors_checked"":17891328}"
     20480,         0,         0,    1.10,exact_mw,bb90ec3459e353008cf9a5bb9142bf1e8515517a9e167021b225104594e48e8a,"{""distance"":5,""physical_error_rate"":0.001}","{""detection_events"":19786,""detectors_checked"":4587520}"
      2048,         0,         0,   0.048,exact_mw,cb12ae119b9b2ba18d0216e7235b403229e92fd0743ede48fe7f1a2c6f45d594,"{""distance"":5,""physical_error_rate"":0.0005}","{""detection_events"":1045,""detectors_checked"":458752}"
      4096,         0,         0,   0.058,exact_mw,cb12ae119b9b2ba18d0216e7235b403229e92fd0743ede48fe7f1a2c6f45d594,"{""distance"":5,""physical_error_rate"":0.0005}","{""detection_events"":2105,""detectors_checked"":917504}"
      6144,         0,         0,   0.085,exact_mw,cb12ae119b9b2ba18d0216e7235b403229e92fd0743ede48fe7f1a2c6f45d594,"{""distance"":5,""physical_error_rate"":0.0005}","{""detection_events"":3037,""detectors_checked"":1376256}"
     21504,         0,         0,    1.17,exact_mw,bb90ec3459e353008cf9a5bb9142bf1e8515517a9e167021b225104594e48e8a,"{""distance"":5,""physical_error_rate"":0.001}","{""detection_events"":20622,""detectors_checked"":4816896}"
      6144,         0,         0,   0.110,exact_mw,cb12ae119b9b2ba18d0216e7235b403229e92fd0743ede48fe7f1a2c6f45d594,"{""distance"":5,""physical_error_rate"":0.0005}","{""detection_events"":3279,""detectors_checked"":1376256}"
      8192,         0,         0,   0.135,exact_mw,cb12ae119b9b2ba18d0216e7235b403229e92fd0743ede48fe7f1a2c6f45d594,"{""distance"":5,""physical_error_rate"":0.0005}","{""detection_events"":4007,""detectors_checked"":1835008}"
    101376,         0,         0,    1.54,exact_mw,f32ebecd8e105e50ec838d33c5ed9b45444b6b44a3c6ac541111079f2b14e893,"{""distance"":5,""physical_error_rate"":5e-05}","{""detection_events"":5057,""detectors_checked"":22708224}"
     11264,         0,         0,   0.201,exact_mw,cb12ae119b9b2ba18d0216e7235b403229e92fd0743ede48fe7f1a2c6f45d594,"{""distance"":5,""physical_error_rate"":0.0005}","{""detection_events"":5496,""detectors_checked"":2523136}"
     99328,         0,         0,    1.53,exact_mw,cdc4a450a40af8e24899239080e4c40992fb5baf91c5a31ab3a165eacb3a1ab3,"{""distance"":5,""physical_error_rate"":0.0002}","{""detection_events"":19766,""detectors_checked"":22249472}"
     75776,         0,         0,    1.52,exact_mw,cb12ae119b9b2ba18d0216e7235b403229e92fd0743ede48fe7f1a2c6f45d594,"{""distance"":5,""physical_error_rate"":0.0005}","{""detection_events"":36563,""detectors_checked"":16973824}"
    100352,         0,         0,    2.17,exact_mw,cb12ae119b9b2ba18d0216e7235b403229e92fd0743ede48fe7f1a2c6f45d594,"{""distance"":5,""physical_error_rate"":0.0005}","{""detection_events"":49769,""detectors_checked"":22478848}"
         1,         0,         0,   0.000,exact_mw,bb90ec3459e353008cf9a5bb9142bf1e8515517a9e167021b225104594e48e8a,"{""distance"":5,""physical_error_rate"":0.001}","{""detection_events"":3,""detectors_checked"":224}"
    102400,         0,         0,    1.55,exact_mw,f32ebecd8e105e50ec838d33c5ed9b45444b6b44a3c6ac541111079f2b14e893,"{""distance"":5,""physical_error_rate"":5e-05}","{""detection_events"":4922,""detectors_checked"":22937600}"
     16384,         0,         0,   0.280,exact_mw,cb12ae119b9b2ba18d0216e7235b403229e92fd0743ede48fe7f1a2c6f45d594,"{""distance"":5,""physical_error_rate"":0.0005}","{""detection_events"":8070,""detectors_checked"":3670016}"
      1296,         0,         0,   0.092,exact_mw,bb90ec3459e353008cf9a5bb9142bf1e8515517a9e167021b225104594e48e8a,"{""distance"":5,""physical_error_rate"":0.001}","{""detection_events"":1317,""detectors_checked"":290304}"
    100352,         0,         0,    1.53,exact_mw,70a969f5042aec17ac076c6379f4170fb7c69b8e925756ef3b7334e28a33338b,"{""distance"":5,""physical_error_rate"":0.0001}","{""detection_events"":10200,""detectors_checked"":22478848}"
      1024,         0,         0,   0.060,exact_mw,bb90ec3459e353008cf9a5bb9142bf1e8515517a9e167021b225104594e48e8a,"{""distance"":5,""physical_error_rate"":0.001}","{""detection_events"":940,""detectors_checked"":229376}"
     79872,         0,         0,    1.56,exact_mw,cdc4a450a40af8e24899239080e4c40992fb5baf91c5a31ab3a165eacb3a1ab3,"{""distance"":5,""physical_error_rate"":0.0002}","{""detection_events"":15985,""detectors_checked"":17891328}"
     81920,         0,         0,    1.53,exact_mw,70a969f5042aec17ac076c6379f4170fb7c69b8e925756ef3b7334e28a33338b,"{""distance"":5,""physical_error_rate"":0.0001}","{""detection_events"":8268,""detectors_checked"":18350080}"
      1024,         0,         0,   0.088,exact_mw,bb90ec3459e353008cf9a5bb9142bf1e8515517a9e167021b225104594e48e8a,"{""distance"":5,""physical_error_rate"":0.001}","{""detection_events"":980,""detectors_checked"":229376}"
     84992,         0,         0,    1.53,exact_mw,70a969f5042aec17ac076c6379f4170fb7c69b8e925756ef3b7334e28a33338b,"{""distance"":5,""physical_error_rate"":0.0001}","{""detection_events"":8266,""detectors_checked"":19038208}"
    100352,         0,         0,    1.54,exact_mw,70a969f5042aec17ac076c6379f4170fb7c69b8e925756ef3b7334e28a33338b,"{""distance"":5,""physical_error_rate"":0.0001}","{""detection_events"":9796,""detectors_checked"":22478848}"
      1024,         0,         0,   0.063,exact_mw,bb90ec3459e353008cf9a5bb9142bf1e8515517a9e167021b225104594e48e8a,"{""distance"":5,""physical_error_rate"":0.001}","{""detection_events"":1012,""detectors_checked"":229376}"
     84992,         0,         0,    1.55,exact_mw,f32ebecd8e105e50ec838d33c5ed9b45444b6b44a3c6ac541111079f2b14e893,"{""distance"":5,""physical_error_rate"":5e-05}","{""detection_events"":4163,""detectors_checked"":19038208}"
     81920,         0,         0,    1.56,exact_mw,cdc4a450a40af8e24899239080e4c40992fb5baf91c5a31ab3a165eacb3a1ab3,"{""distance"":5,""physical_error_rate"":0.0002}","{""detection_events"":16104,""detectors_checked"":18350080}"
      1024,         0,         0,   0.059,exact_mw,bb90ec3459e353008cf9a5bb9142bf1e8515517a9e167021b225104594e48e8a,"{""distance"":5,""physical_error_rate"":0.001}","{""detection_events"":1064,""detectors_checked"":229376}"
     83968,         0,         0,    1.56,exact_mw,70a969f5042aec17ac076c6379f4170fb7c69b8e925756ef3b7334e28a33338b,"{""distance"":5,""physical_error_rate"":0.0001}","{""detection_events"":8540,""detectors_checked"":18808832}"
      2048,         0,         0,   0.121,exact_mw,bb90ec3459e353008cf9a5bb9142bf1e8515517a9e167021b225104594e48e8a,"{""distance"":5,""physical_error_rate"":0.001}","{""detection_events"":1958,""detectors_checked"":458752}"
     26624,         0,         0,   0.415,exact_mw,cb12ae119b9b2ba18d0216e7235b403229e92fd0743ede48fe7f1a2c6f45d594,"{""distance"":5,""physical_error_rate"":0.0005}","{""detection_events"":12896,""detectors_checked"":5963776}"
      2048,         0,         0,   0.119,exact_mw,bb90ec3459e353008cf9a5bb9142bf1e8515517a9e167021b225104594e48e8a,"{""distance"":5,""physical_error_rate"":0.001}","{""detection_events"":1979,""detectors_checked"":458752}"
    326656,         0,         0,    3.05,exact_mw,f32ebecd8e105e50ec838d33c5ed9b45444b6b44a3c6ac541111079f2b14e893,"{""distance"":5,""physical_error_rate"":5e-05}","{""detection_events"":16182,""detectors_checked"":73170944}"
     27648,         1,         0,    1.58,exact_mw,bb90ec3459e353008cf9a5bb9142bf1e8515517a9e167021b225104594e48e8a,"{""distance"":5,""physical_error_rate"":0.001}","{""detection_events"":26865,""detectors_checked"":6193152,""obs_mistake_mask=E"":1}"
      2048,         0,         0,   0.177,exact_mw,bb90ec3459e353008cf9a5bb9142bf1e8515517a9e167021b225104594e48e8a,"{""distance"":5,""physical_error_rate"":0.001}","{""detection_events"":1951,""detectors_checked"":458752}"
         1,         0,         0,   0.000,exact_mw,bb90ec3459e353008cf9a5bb9142bf1e8515517a9e167021b225104594e48e8a,"{""distance"":5,""physical_error_rate"":0.001}","{""detectors_checked"":224}"
     25600,         0,         0,    1.59,exact_mw,bb90ec3459e353008cf9a5bb9142bf1e8515517a9e167021b225104594e48e8a,"{""distance"":5,""physical_error_rate"":0.001}","{""detection_events"":24863,""detectors_checked"":5734400}"
    118784,         0,         0,    2.10,exact_mw,f32ebecd8e105e50ec838d33c5ed9b45444b6b44a3c6ac541111079f2b14e893,"{""distance"":5,""physical_error_rate"":5e-05}","{""detection_events"":5730,""detectors_checked"":26607616}"
     33792,         0,         0,   0.565,exact_mw,cb12ae119b9b2ba18d0216e7235b403229e92fd0743ede48fe7f1a2c6f45d594,"{""distance"":5,""physical_error_rate"":0.0005}","{""detection_events"":16543,""detectors_checked"":7569408}"
      1296,         0,         0,   0.112,exact_mw,bb90ec3459e353008cf9a5bb9142bf1e8515517a9e167021b225104594e48e8a,"{""distance"":5,""physical_error_rate"":0.001}","{""detection_events"":1329,""detectors_checked"":290304}"
      4096,         0,         0,   0.329,exact_mw,bb90ec3459e353008cf9a5bb9142bf1e8515517a9e167021b225104594e48e8a,"{""distance"":5,""physical_error_rate"":0.001}","{""detection_events"":4026,""detectors_checked"":917504}"
      1024,         0,         0,   0.057,exact_mw,bb90ec3459e353008cf9a5bb9142bf1e8515517a9e167021b225104594e48e8a,"{""distance"":5,""physical_error_rate"":0.001}","{""detection_events"":1005,""detectors_checked"":229376}"
      1024,         0,         0,   0.086,exact_mw,bb90ec3459e353008cf9a5bb9142bf1e8515517a9e167021b225104594e48e8a,"{""distance"":5,""physical_error_rate"":0.001}","{""detection_events"":1079,""detectors_checked"":229376}"
      1024,         0,         0,   0.076,exact_mw,bb90ec3459e353008cf9a5bb9142bf1e8515517a9e167021b225104594e48e8a,"{""distance"":5,""physical_error_rate"":0.001}","{""detection_events"":1027,""detectors_checked"":229376}"
    113664,         0,         0,    2.16,exact_mw,cdc4a450a40af8e24899239080e4c40992fb5baf91c5a31ab3a165eacb3a1ab3,"{""distance"":5,""physical_error_rate"":0.0002}","{""detection_events"":21966,""detectors_checked"":25460736}"
      1024,         0,         0,   0.057,exact_mw,bb90ec3459e353008cf9a5bb9142bf1e8515517a9e167021b225104594e48e8a,"{""distance"":5,""physical_error_rate"":0.001}","{""detection_events"":940,""detectors_checked"":229376}"
      5120,         0,         0,   0.331,exact_mw,bb90ec3459e353008cf9a5bb9142bf1e8515517a9e167021b225104594e48e8a,"{""distance"":5,""physical_error_rate"":0.001}","{""detection_events"":5277,""detectors_checked"":1146880}"
      1024,         0,         0,   0.082,exact_mw,bb90ec3459e353008cf9a5bb9142bf1e8515517a9e167021b225104594e48e8a,"{""distance"":5,""physical_error_rate"":0.001}","{""detection_events"":996,""detectors_checked"":229376}"
         1,         0,         0,   0.000,exact_mw,cb12ae119b9b2ba18d0216e7235b403229e92fd0743ede48fe7f1a2c6f45d594,"{""distance"":5,""physical_error_rate"":0.0005}","{""detectors_checked"":224}"
      1296,         0,         0,   0.018,exact_mw,cb12ae119b9b2ba18d0216e7235b403229e92fd0743ede48fe7f1a2c6f45d594,"{""distance"":5,""physical_error_rate"":0.0005}","{""detection_events"":621,""detectors_checked"":290304}"
      1024,         0,         0,   0.055,exact_mw,cb12ae119b9b2ba18d0216e7235b403229e92fd0743ede48fe7f1a2c6f45d594,"{""distance"":5,""physical_error_rate"":0.0005}","{""detection_events"":498,""detectors_checked"":229376}"
      1024,         0,         0,   0.055,exact_mw,cb12ae119b9b2ba18d0216e7235b403229e92fd0743ede48fe7f1a2c6f45d594,"{""distance"":5,""physical_error_rate"":0.0005}","{""detection_events"":517,""detectors_checked"":229376}"
      3072,         0,         0,   0.148,exact_mw,bb90ec3459e353008cf9a5bb9142bf1e8515517a9e167021b225104594e48e8a,"{""distance"":5,""physical_error_rate"":0.001}","{""detection_events"":3183,""detectors_checked"":688128}"
      2048,         0,         0,   0.057,exact_mw,cb12ae119b9b2ba18d0216e7235b403229e92fd0743ede48fe7f1a2c6f45d594,"{""distance"":5,""physical_error_rate"":0.0005}","{""detection_events"":975,""detectors_checked"":458752}"
      2048,         0,         0,   0.058,exact_mw,cb12ae119b9b2ba18d0216e7235b403229e92fd0743ede48fe7f1a2c6f45d594,"{""distance"":5,""physical_error_rate"":0.0005}","{""detection_events"":955,""detectors_checked"":458752}"
      2048,         0,         0,   0.083,exact_mw,cb12ae119b9b2ba18d0216e7235b403229e92fd0743ede48fe7f1a2c6f45d594,"{""distance"":5,""physical_error_rate"":0.0005}","{""detection_events"":993,""detectors_checked"":458752}"
      2048,         0,         0,   0.190,exact_mw,bb90ec3459e353008cf9a5bb9142bf1e8515517a9e167021b225104594e48e8a,"{""distance"":5,""physical_error_rate"":0.001}","{""detection_events"":1915,""detectors_checked"":458752}"
     36864,         0,         0,   0.799,exact_mw,cb12ae119b9b2ba18d0216e7235b403229e92fd0743ede48fe7f1a2c6f45d594,"{""distance"":5,""physical_error_rate"":0.0005}","{""detection_events"":18339,""detectors_checked"":8257536}"
      6144,         0,         0,   0.418,exact_mw,bb90ec3459e353008cf9a5bb9142bf1e8515517a9e167021b225104594e48e8a,"{""distance"":5,""physical_error_rate"":0.001}","{""detection_events"":5769,""detectors_checked"":1376256}"
      3072,         0,         0,   0.113,exact_mw,cb12ae119b9b2ba18d0216e7235b403229e92fd0743ede48fe7f1a2c6f45d594,"{""distance"":5,""physical_error_rate"":0.0005}","{""detection_events"":1515,""detectors_checked"":688128}"
    139264,         0,         0,    2.19,exact_mw,f32ebecd8e105e50ec838d33c5ed9b45444b6b44a3c6ac541111079f2b14e893,"{""distance"":5,""physical_error_rate"":5e-05}","{""detection_events"":6799,""detectors_checked"":31195136}"
    136192,         0,         0,    2.13,exact_mw,cdc4a450a40af8e24899239080e4c40992fb5baf91c5a31ab3a165eacb3a1ab3,"{""distance"":5,""physical_error_rate"":0.0002}","{""detection_events"":26804,""detectors_checked"":30507008}"
      4096,         0,         0,   0.166,exact_mw,cb12ae119b9b2ba18d0216e7235b403229e92fd0743ede48fe7f1a2c6f45d594,"{""distance"":5,""physical_error_rate"":0.0005}","{""detection_events"":1933,""detectors_checked"":917504}"
      4096,         0,         0,   0.280,exact_mw,bb90ec3459e353008cf9a5bb9142bf1e8515517a9e167021b225104594e48e8a,"{""distance"":5,""physical_error_rate"":0.001}","{""detection_events"":4029,""detectors_checked"":917504}"
    100352,         0,         0,    2.16,exact_mw,cb12ae119b9b2ba18d0216e7235b403229e92fd0743ede48fe7f1a2c6f45d594,"{""distance"":5,""physical_error_rate"":0.0005}","{""detection_events"":49433,""detectors_checked"":22478848}"
    142336,         0,         0,    2.17,exact_mw,f32ebecd8e105e50ec838d33c5ed9b45444b6b44a3c6ac541111079f2b14e893,"{""distance"":5,""physical_error_rate"":5e-05}","{""detection_events"":6667,""detectors_checked"":31883264}"
    138240,         0,         0,    2.18,exact_mw,70a969f5042aec17ac076c6379f4170fb7c69b8e925756ef3b7334e28a33338b,"{""distance"":5,""physical_error_rate"":0.0001}","{""detection_events"":13477,""detectors_checked"":30965760}"
      7168,         0,         0,   0.227,exact_mw,cb12ae119b9b2ba18d0216e7235b403229e92fd0743ede48fe7f1a2c6f45d594,"{""distance"":5,""physical_error_rate"":0.0005}","{""detection_events"":3607,""detectors_checked"":1605632}"
    111616,         0,         0,    2.19,exact_mw,cdc4a450a40af8e24899239080e4c40992fb5baf91c5a31ab3a165eacb3a1ab3,"{""distance"":5,""physical_error_rate"":0.0002}","{""detection_events"":22073,""detectors_checked"":25001984}"
    114688,         0,         0,    2.14,exact_mw,70a969f5042aec17ac076c6379f4170fb7c69b8e925756ef3b7334e28a33338b,"{""distance"":5,""physical_error_rate"":0.0001}","{""detection_events"":11105,""detectors_checked"":25690112}"
      4096,         0,         0,   0.335,exact_mw,bb90ec3459e353008cf9a5bb9142bf1e8515517a9e167021b225104594e48e8a,"{""distance"":5,""physical_error_rate"":0.001}","{""detection_events"":4123,""detectors_checked"":917504}"
    139264,         0,         0,    2.13,exact_mw,70a969f5042aec17ac076c6379f4170fb7c69b8e925756ef3b7334e28a33338b,"{""distance"":5,""physical_error_rate"":0.0001}","{""detection_events"":13870,""detectors_checked"":31195136}"
    116736,         0,         0,    2.19,exact_mw,70a969f5042aec17ac076c6379f4170fb7c69b8e925756ef3b7334e28a33338b,"{""distance"":5,""physical_error_rate"":0.0001}","{""detection_events"":11200,""detectors_checked"":26148864}"
      8192,         0,         0,   0.566,exact_mw,bb90ec3459e353008cf9a5bb9142bf1e8515517a9e167021b225104594e48e8a,"{""distance"":5,""physical_error_rate"":0.001}","{""detection_events"":7853,""detectors_checked"":1835008}"
    117760,         0,         0,    2.16,exact_mw,f32ebecd8e105e50ec838d33c5ed9b45444b6b44a3c6ac541111079f2b14e893,"{""distance"":5,""physical_error_rate"":5e-05}","{""detection_events"":6075,""detectors_checked"":26378240}"
    111616,         0,         0,    2.10,exact_mw,cdc4a450a40af8e24899239080e4c40992fb5baf91c5a31ab3a165eacb3a1ab3,"{""distance"":5,""physical_error_rate"":0.0002}","{""detection_events"":22236,""detectors_checked"":25001984}"
     10240,         0,         0,   0.309,exact_mw,cb12ae119b9b2ba18d0216e7235b403229e92fd0743ede48fe7f1a2c6f45d594,"{""distance"":5,""physical_error_rate"":0.0005}","{""detection_events"":5111,""detectors_checked"":2293760}"
    113664,         0,         0,    2.11,exact_mw,70a969f5042aec17ac076c6379f4170fb7c69b8e925756ef3b7334e28a33338b,"{""distance"":5,""physical_error_rate"":0.0001}","{""detection_events"":11090,""detectors_checked"":25460736}"
      5120,         0,         0,   0.449,exact_mw,bb90ec3459e353008cf9a5bb9142bf1e8515517a9e167021b225104594e48e8a,"{""distance"":5,""physical_error_rate"":0.001}","{""detection_events"":5002,""detectors_checked"":1146880}"
     43008,         0,         0,    2.16,exact_mw,bb90ec3459e353008cf9a5bb9142bf1e8515517a9e167021b225104594e48e8a,"{""distance"":5,""physical_error_rate"":0.001}","{""detection_events"":42247,""detectors_checked"":9633792}"
     51200,         0,         0,    1.12,exact_mw,cb12ae119b9b2ba18d0216e7235b403229e92fd0743ede48fe7f1a2c6f45d594,"{""distance"":5,""physical_error_rate"":0.0005}","{""detection_events"":25410,""detectors_checked"":11468800}"
    169984,         0,         0,    2.99,exact_mw,cb12ae119b9b2ba18d0216e7235b403229e92fd0743ede48fe7f1a2c6f45d594,"{""distance"":5,""physical_error_rate"":0.0005}","{""detection_events"":84682,""detectors_checked"":38076416}"
     14336,         0,         0,   0.423,exact_mw,cb12ae119b9b2ba18d0216e7235b403229e92fd0743ede48fe7f1a2c6f45d594,"{""distance"":5,""physical_error_rate"":0.0005}","{""detection_events"":6885,""detectors_checked"":3211264}"
     30720,         1,         0,    2.21,exact_mw,bb90ec3459e353008cf9a5bb9142bf1e8515517a9e167021b225104594e48e8a,"{""distance"":5,""physical_error_rate"":0.001}","{""detection_events"":30525,""detectors_checked"":6881280,""obs_mistake_mask=E"":1}"
   5117952,         0,         0,    87.3,exact_mw,f32ebecd8e105e50ec838d33c5ed9b45444b6b44a3c6ac541111079f2b14e893,"{""distance"":5,""physical_error_rate"":5e-05}","{""detection_events"":253300,""detectors_checked"":1146421248}"
     10240,         0,         0,   0.837,exact_mw,bb90ec3459e353008cf9a5bb9142bf1e8515517a9e167021b225104594e48e8a,"{""distance"":5,""physical_error_rate"":0.001}","{""detection_events"":9878,""detectors_checked"":2293760}"
   3329024,         1,         0,    86.8,exact_mw,cb12ae119b9b2ba18d0216e7235b403229e92fd0743ede48fe7f1a2c6f45d594,"{""distance"":5,""physical_error_rate"":0.0005}","{""detection_events"":1636066,""detectors_checked"":745701376,""obs_mistake_mask=E"":1}"
   5538816,         0,         0,    44.6,exact_mw,cdc4a450a40af8e24899239080e4c40992fb5baf91c5a31ab3a165eacb3a1ab3,"{""distance"":5,""physical_error_rate"":0.0002}","{""detection_events"":1095712,""detectors_checked"":1240694784}"
      8192,         0,         0,   0.588,exact_mw,bb90ec3459e353008cf9a5bb9142bf1e8515517a9e167021b225104594e48e8a,"{""distance"":5,""physical_error_rate"":0.001}","{""detection_events"":8031,""detectors_checked"":1835008}"
   6049792,         0,         0,    87.0,exact_mw,cdc4a450a40af8e24899239080e4c40992fb5baf91c5a31ab3a165eacb3a1ab3,"{""distance"":5,""physical_error_rate"":0.0002}","{""detection_events"":1193749,""detectors_checked"":1355153408}"
     19456,         0,         0,   0.588,exact_mw,cb12ae119b9b2ba18d0216e7235b403229e92fd0743ede48fe7f1a2c6f45d594,"{""distance"":5,""physical_error_rate"":0.0005}","{""detection_events"":9696,""detectors_checked"":4358144}"
   5023744,         0,         0,    87.2,exact_mw,70a969f5042aec17ac076c6379f4170fb7c69b8e925756ef3b7334e28a33338b,"{""distance"":5,""physical_error_rate"":0.0001}","{""detection_events"":496368,""detectors_checked"":1125318656}"
   1597440,        15,         0,    87.7,exact_mw,bb90ec3459e353008cf9a5bb9142bf1e8515517a9e167021b225104594e48e8a,"{""distance"":5,""physical_error_rate"":0.001}","{""detection_events"":1569737,""detectors_checked"":357826560,""obs_mistake_mask=E"":15}"
    165888,         0,         0,    3.03,exact_mw,f32ebecd8e105e50ec838d33c5ed9b45444b6b44a3c6ac541111079f2b14e893,"{""distance"":5,""physical_error_rate"":5e-05}","{""detection_events"":8231,""detectors_checked"":37158912}"
     11264,         0,         0,   0.842,exact_mw,bb90ec3459e353008cf9a5bb9142bf1e8515517a9e167021b225104594e48e8a,"{""distance"":5,""physical_error_rate"":0.001}","{""detection_events"":11170,""detectors_checked"":2523136}"
    159744,         0,         0,    3.00,exact_mw,cdc4a450a40af8e24899239080e4c40992fb5baf91c5a31ab3a165eacb3a1ab3,"{""distance"":5,""physical_error_rate"":0.0002}","{""detection_events"":31445,""detectors_checked"":35782656}"
     14336,         0,         0,    1.10,exact_mw,bb90ec3459e353008cf9a5bb9142bf1e8515517a9e167021b225104594e48e8a,"{""distance"":5,""physical_error_rate"":0.001}","{""detection_events"":14088,""detectors_checked"":3211264}"
     25600,         0,         0,   0.786,exact_mw,cb12ae119b9b2ba18d0216e7235b403229e92fd0743ede48fe7f1a2c6f45d594,"{""distance"":5,""physical_error_rate"":0.0005}","{""detection_events"":12582,""detectors_checked"":5734400}"
     77824,         0,         0,    1.57,exact_mw,cb12ae119b9b2ba18d0216e7235b403229e92fd0743ede48fe7f1a2c6f45d594,"{""distance"":5,""physical_error_rate"":0.0005}","{""detection_events"":38091,""detectors_checked"":17432576}"
    477184,         0,         0,    4.24,exact_mw,f32ebecd8e105e50ec838d33c5ed9b45444b6b44a3c6ac541111079f2b14e893,"{""distance"":5,""physical_error_rate"":5e-05}","{""detection_events"":23456,""detectors_checked"":106889216}"
    196608,         0,         0,    3.04,exact_mw,f32ebecd8e105e50ec838d33c5ed9b45444b6b44a3c6ac541111079f2b14e893,"{""distance"":5,""physical_error_rate"":5e-05}","{""detection_events"":9479,""detectors_checked"":44040192}"
    179200,         0,         0,    3.01,exact_mw,cdc4a450a40af8e24899239080e4c40992fb5baf91c5a31ab3a165eacb3a1ab3,"{""distance"":5,""physical_error_rate"":0.0002}","{""detection_events"":35689,""detectors_checked"":40140800}"
    137216,         0,         0,    2.99,exact_mw,cb12ae119b9b2ba18d0216e7235b403229e92fd0743ede48fe7f1a2c6f45d594,"{""distance"":5,""physical_error_rate"":0.0005}","{""detection_events"":67992,""detectors_checked"":30736384}"
    191488,         0,         0,    3.04,exact_mw,f32ebecd8e105e50ec838d33c5ed9b45444b6b44a3c6ac541111079f2b14e893,"{""distance"":5,""physical_error_rate"":5e-05}","{""detection_events"":9378,""detectors_checked"":42893312}"
    197632,         0,         0,    3.02,exact_mw,70a969f5042aec17ac076c6379f4170fb7c69b8e925756ef3b7334e28a33338b,"{""distance"":5,""physical_error_rate"":0.0001}","{""detection_events"":19536,""detectors_checked"":44269568}"
    154624,         0,         0,    2.99,exact_mw,cdc4a450a40af8e24899239080e4c40992fb5baf91c5a31ab3a165eacb3a1ab3,"{""distance"":5,""physical_error_rate"":0.0002}","{""detection_events"":29944,""detectors_checked"":34635776}"
    171008,         0,         0,    2.98,exact_mw,70a969f5042aec17ac076c6379f4170fb7c69b8e925756ef3b7334e28a33338b,"{""distance"":5,""physical_error_rate"":0.0001}","{""detection_events"":16748,""detectors_checked"":38305792}"
     14336,         0,         0,    1.15,exact_mw,bb90ec3459e353008cf9a5bb9142bf1e8515517a9e167021b225104594e48e8a,"{""distance"":5,""physical_error_rate"":0.001}","{""detection_events"":13942,""detectors_checked"":3211264}"
    195584,         0,         0,    3.04,exact_mw,70a969f5042aec17ac076c6379f4170fb7c69b8e925756ef3b7334e28a33338b,"{""distance"":5,""physical_error_rate"":0.0001}","{""detection_events"":19360,""detectors_checked"":43810816}"
    160768,         0,         0,    3.02,exact_mw,70a969f5042aec17ac076c6379f4170fb7c69b8e925756ef3b7334e28a33338b,"{""distance"":5,""physical_error_rate"":0.0001}","{""detection_events"":15369,""detectors_checked"":36012032}"
    175104,         0,         0,    3.02,exact_mw,f32ebecd8e105e50ec838d33c5ed9b45444b6b44a3c6ac541111079f2b14e893,"{""distance"":5,""physical_error_rate"":5e-05}","{""detection_events"":8611,""detectors_checked"":39223296}"
     34816,         0,         0,    1.15,exact_mw,cb12ae119b9b2ba18d0216e7235b403229e92fd0743ede48fe7f1a2c6f45d594,"{""distance"":5,""physical_error_rate"":0.0005}","{""detection_events"":16894,""detectors_checked"":7798784}"
    150528,         0,         0,    3.05,exact_mw,cdc4a450a40af8e24899239080e4c40992fb5baf91c5a31ab3a165eacb3a1ab3,"{""distance"":5,""physical_error_rate"":0.0002}","{""detection_events"":29487,""detectors_checked"":33718272}"
    177152,         0,         0,    3.00,exact_mw,70a969f5042aec17ac076c6379f4170fb7c69b8e925756ef3b7334e28a33338b,"{""distance"":5,""physical_error_rate"":0.0001}","{""detection_events"":17386,""detectors_checked"":39682048}"
     53248,         0,         0,    3.03,exact_mw,bb90ec3459e353008cf9a5bb9142bf1e8515517a9e167021b225104594e48e8a,"{""distance"":5,""physical_error_rate"":0.001}","{""detection_events"":52775,""detectors_checked"":11927552}"
     22528,         0,         0,    1.59,exact_mw,bb90ec3459e353008cf9a5bb9142bf1e8515517a9e167021b225104594e48e8a,"{""distance"":5,""physical_error_rate"":0.001}","{""detection_events"":21700,""detectors_checked"":5046272}"
     51200,         0,         0,    3.04,exact_mw,bb90ec3459e353008cf9a5bb9142bf1e8515517a9e167021b225104594e48e8a,"{""distance"":5,""physical_error_rate"":0.001}","{""detection_events"":51089,""detectors_checked"":11468800}"
    115712,         0,         0,    2.19,exact_mw,cb12ae119b9b2ba18d0216e7235b403229e92fd0743ede48fe7f1a2c6f45d594,"{""distance"":5,""physical_error_rate"":0.0005}","{""detection_events"":57086,""detectors_checked"":25919488}"
     20480,         0,         0,    1.57,exact_mw,bb90ec3459e353008cf9a5bb9142bf1e8515517a9e167021b225104594e48e8a,"{""distance"":5,""physical_error_rate"":0.001}","{""detection_events"":20106,""detectors_checked"":4587520}"
     51200,         0,         0,    1.54,exact_mw,cb12ae119b9b2ba18d0216e7235b403229e92fd0743ede48fe7f1a2c6f45d594,"{""distance"":5,""physical_error_rate"":0.0005}","{""detection_events"":24990,""detectors_checked"":11468800}"
    257024,         0,         0,    4.16,exact_mw,cb12ae119b9b2ba18d0216e7235b403229e92fd0743ede48fe7f1a2c6f45d594,"{""distance"":5,""physical_error_rate"":0.0005}","{""detection_events"":125821,""detectors_checked"":57573376}"
    711680,         2,         0,    44.8,exact_mw,bb90ec3459e353008cf9a5bb9142bf1e8515517a9e167021b225104594e48e8a,"{""distance"":5,""physical_error_rate"":0.001}","{""detection_events"":699632,""detectors_checked"":159416320,""obs_mistake_mask=E"":2}"
    898048,         4,         0,    44.7,exact_mw,bb90ec3459e353008cf9a5bb9142bf1e8515517a9e167021b225104594e48e8a,"{""distance"":5,""physical_error_rate"":0.001}","{""detection_events"":880403,""detectors_checked"":201162752,""obs_mistake_mask=E"":4}"
     26624,         0,         0,    2.22,exact_mw,bb90ec3459e353008cf9a5bb9142bf1e8515517a9e167021b225104594e48e8a,"{""distance"":5,""physical_error_rate"":0.001}","{""detection_events"":26013,""detectors_checked"":5963776}"
    228352,         0,         0,    4.23,exact_mw,f32ebecd8e105e50ec838d33c5ed9b45444b6b44a3c6ac541111079f2b14e893,"{""distance"":5,""physical_error_rate"":5e-05}","{""detection_events"":11160,""detectors_checked"":51150848}"
    243712,         0,         0,    4.21,exact_mw,cdc4a450a40af8e24899239080e4c40992fb5baf91c5a31ab3a165eacb3a1ab3,"{""distance"":5,""physical_error_rate"":0.0002}","{""detection_events"":48092,""detectors_checked"":54591488}"
   1958912,         0,         0,    44.6,exact_mw,cb12ae119b9b2ba18d0216e7235b403229e92fd0743ede48fe7f1a2c6f45d594,"{""distance"":5,""physical_error_rate"":0.0005}","{""detection_events"":963915,""detectors_checked"":438796288}"
    720896,         2,         0,    44.7,exact_mw,bb90ec3459e353008cf9a5bb9142bf1e8515517a9e167021b225104594e48e8a,"{""distance"":5,""physical_error_rate"":0.001}","{""detection_events"":706246,""detectors_checked"":161480704,""obs_mistake_mask=E"":2}"
     30720,         0,         0,    2.18,exact_mw,bb90ec3459e353008cf9a5bb9142bf1e8515517a9e167021b225104594e48e8a,"{""distance"":5,""physical_error_rate"":0.001}","{""detection_events"":30270,""detectors_checked"":6881280}"
    254976,         0,         0,    4.23,exact_mw,f32ebecd8e105e50ec838d33c5ed9b45444b6b44a3c6ac541111079f2b14e893,"{""distance"":5,""physical_error_rate"":5e-05}","{""detection_events"":12958,""detectors_checked"":57114624}"
     96256,         0,         0,    2.09,exact_mw,cb12ae119b9b2ba18d0216e7235b403229e92fd0743ede48fe7f1a2c6f45d594,"{""distance"":5,""physical_error_rate"":0.0005}","{""detection_events"":47802,""detectors_checked"":21561344}"
    221184,         0,         0,    4.21,exact_mw,cdc4a450a40af8e24899239080e4c40992fb5baf91c5a31ab3a165eacb3a1ab3,"{""distance"":5,""physical_error_rate"":0.0002}","{""detection_events"":43286,""detectors_checked"":49545216}"
   2189312,         0,         0,    44.3,exact_mw,cb12ae119b9b2ba18d0216e7235b403229e92fd0743ede48fe7f1a2c6f45d594,"{""distance"":5,""physical_error_rate"":0.0005}","{""detection_events"":1076686,""detectors_checked"":490405888}"
    159744,         1,         0,    4.18,exact_mw,cb12ae119b9b2ba18d0216e7235b403229e92fd0743ede48fe7f1a2c6f45d594,"{""distance"":5,""physical_error_rate"":0.0005}","{""detection_events"":78417,""detectors_checked"":35782656,""obs_mistake_mask=E"":1}"
    231424,         0,         0,    4.23,exact_mw,f32ebecd8e105e50ec838d33c5ed9b45444b6b44a3c6ac541111079f2b14e893,"{""distance"":5,""physical_error_rate"":5e-05}","{""detection_events"":11630,""detectors_checked"":51838976}"
   3660800,         0,         0,    44.5,exact_mw,cdc4a450a40af8e24899239080e4c40992fb5baf91c5a31ab3a165eacb3a1ab3,"{""distance"":5,""physical_error_rate"":0.0002}","{""detection_events"":720570,""detectors_checked"":820019200}"
    236544,         0,         0,    4.26,exact_mw,70a969f5042aec17ac076c6379f4170fb7c69b8e925756ef3b7334e28a33338b,"{""distance"":5,""physical_error_rate"":0.0001}","{""detection_events"":23063,""detectors_checked"":52985856}"
    222208,         0,         0,    4.24,exact_mw,cdc4a450a40af8e24899239080e4c40992fb5baf91c5a31ab3a165eacb3a1ab3,"{""distance"":5,""physical_error_rate"":0.0002}","{""detection_events"":43678,""detectors_checked"":49774592}"
    269312,         0,         0,    4.27,exact_mw,70a969f5042aec17ac076c6379f4170fb7c69b8e925756ef3b7334e28a33338b,"{""distance"":5,""physical_error_rate"":0.0001}","{""detection_events"":26827,""detectors_checked"":60325888}"
    249856,         0,         0,    4.26,exact_mw,70a969f5042aec17ac076c6379f4170fb7c69b8e925756ef3b7334e28a33338b,"{""distance"":5,""physical_error_rate"":0.0001}","{""detection_events"":24380,""detectors_checked"":55967744}"
    229376,         0,         0,    4.20,exact_mw,70a969f5042aec17ac076c6379f4170fb7c69b8e925756ef3b7334e28a33338b,"{""distance"":5,""physical_error_rate"":0.0001}","{""detection_events"":22575,""detectors_checked"":51380224}"
    227328,         0,         0,    3.04,exact_mw,cb12ae119b9b2ba18d0216e7235b403229e92fd0743ede48fe7f1a2c6f45d594,"{""distance"":5,""physical_error_rate"":0.0005}","{""detection_events"":111191,""detectors_checked"":50921472}"
   2203648,         0,         0,    44.3,exact_mw,70a969f5042aec17ac076c6379f4170fb7c69b8e925756ef3b7334e28a33338b,"{""distance"":5,""physical_error_rate"":0.0001}","{""detection_events"":216364,""detectors_checked"":493617152}"
    278528,         0,         0,    4.20,exact_mw,f32ebecd8e105e50ec838d33c5ed9b45444b6b44a3c6ac541111079f2b14e893,"{""distance"":5,""physical_error_rate"":5e-05}","{""detection_events"":13378,""detectors_checked"":62390272}"
    222208,         0,         0,    4.22,exact_mw,cdc4a450a40af8e24899239080e4c40992fb5baf91c5a31ab3a165eacb3a1ab3,"{""distance"":5,""physical_error_rate"":0.0002}","{""detection_events"":44087,""detectors_checked"":49774592}"
    273408,         0,         0,    4.20,exact_mw,70a969f5042aec17ac076c6379f4170fb7c69b8e925756ef3b7334e28a33338b,"{""distance"":5,""physical_error_rate"":0.0001}","{""detection_events"":26389,""detectors_checked"":61243392}"
   2668544,         0,         0,    44.2,exact_mw,f32ebecd8e105e50ec838d33c5ed9b45444b6b44a3c6ac541111079f2b14e893,"{""distance"":5,""physical_error_rate"":5e-05}","{""detection_events"":130074,""detectors_checked"":597753856}"
     64512,         0,         0,    4.25,exact_mw,bb90ec3459e353008cf9a5bb9142bf1e8515517a9e167021b225104594e48e8a,"{""distance"":5,""physical_error_rate"":0.001}","{""detection_events"":63517,""detectors_checked"":14450688}"
   3337216,         0,         0,    44.4,exact_mw,f32ebecd8e105e50ec838d33c5ed9b45444b6b44a3c6ac541111079f2b14e893,"{""distance"":5,""physical_error_rate"":5e-05}","{""detection_events"":164485,""detectors_checked"":747536384}"
   2879488,         0,         0,    44.6,exact_mw,70a969f5042aec17ac076c6379f4170fb7c69b8e925756ef3b7334e28a33338b,"{""distance"":5,""physical_error_rate"":0.0001}","{""detection_events"":284548,""detectors_checked"":645005312}"
     78848,         0,         0,    4.25,exact_mw,bb90ec3459e353008cf9a5bb9142bf1e8515517a9e167021b225104594e48e8a,"{""distance"":5,""physical_error_rate"":0.001}","{""detection_events"":77629,""detectors_checked"":17661952}"
    445440,         0,         0,    5.93,exact_mw,f32ebecd8e105e50ec838d33c5ed9b45444b6b44a3c6ac541111079f2b14e893,"{""distance"":5,""physical_error_rate"":5e-05}","{""detection_events"":21967,""detectors_checked"":99778560}"
   2372608,         0,         0,    44.4,exact_mw,cdc4a450a40af8e24899239080e4c40992fb5baf91c5a31ab3a165eacb3a1ab3,"{""distance"":5,""physical_error_rate"":0.0002}","{""detection_events"":469225,""detectors_checked"":531464192}"
     43008,         0,         0,    3.06,exact_mw,bb90ec3459e353008cf9a5bb9142bf1e8515517a9e167021b225104594e48e8a,"{""distance"":5,""physical_error_rate"":0.001}","{""detection_events"":42680,""detectors_checked"":9633792}"
    649216,         2,         0,    44.8,exact_mw,bb90ec3459e353008cf9a5bb9142bf1e8515517a9e167021b225104594e48e8a,"{""distance"":5,""physical_error_rate"":0.001}","{""detection_events"":639541,""detectors_checked"":145424384,""obs_mistake_mask=E"":2}"
     54272,         1,         0,    3.07,exact_mw,bb90ec3459e353008cf9a5bb9142bf1e8515517a9e167021b225104594e48e8a,"{""distance"":5,""physical_error_rate"":0.001}","{""detection_events"":53022,""detectors_checked"":12156928,""obs_mistake_mask=E"":1}"
    345088,         1,         0,    2.99,exact_mw,cb12ae119b9b2ba18d0216e7235b403229e92fd0743ede48fe7f1a2c6f45d594,"{""distance"":5,""physical_error_rate"":0.0005}","{""detection_events"":170029,""detectors_checked"":77299712,""obs_mistake_mask=E"":1}"
    368640,         0,         0,    5.96,exact_mw,cb12ae119b9b2ba18d0216e7235b403229e92fd0743ede48fe7f1a2c6f45d594,"{""distance"":5,""physical_error_rate"":0.0005}","{""detection_events"":181659,""detectors_checked"":82575360}"
    236544,         0,         0,    4.23,exact_mw,cb12ae119b9b2ba18d0216e7235b403229e92fd0743ede48fe7f1a2c6f45d594,"{""distance"":5,""physical_error_rate"":0.0005}","{""detection_events"":117511,""detectors_checked"":52985856}"
    326656,         0,         0,    5.94,exact_mw,f32ebecd8e105e50ec838d33c5ed9b45444b6b44a3c6ac541111079f2b14e893,"{""distance"":5,""physical_error_rate"":5e-05}","{""detection_events"":16008,""detectors_checked"":73170944}"
    374784,         0,         0,    5.96,exact_mw,cdc4a450a40af8e24899239080e4c40992fb5baf91c5a31ab3a165eacb3a1ab3,"{""distance"":5,""physical_error_rate"":0.0002}","{""detection_events"":73683,""detectors_checked"":83951616}"
   1580032,         0,         0,    44.3,exact_mw,cb12ae119b9b2ba18d0216e7235b403229e92fd0743ede48fe7f1a2c6f45d594,"{""distance"":5,""physical_error_rate"":0.0005}","{""detection_events"":778111,""detectors_checked"":353927168}"
    321536,         0,         0,    5.93,exact_mw,f32ebecd8e105e50ec838d33c5ed9b45444b6b44a3c6ac541111079f2b14e893,"{""distance"":5,""physical_error_rate"":5e-05}","{""detection_events"":15899,""detectors_checked"":72024064}"
    314368,         0,         0,    5.94,exact_mw,cdc4a450a40af8e24899239080e4c40992fb5baf91c5a31ab3a165eacb3a1ab3,"{""distance"":5,""physical_error_rate"":0.0002}","{""detection_events"":61842,""detectors_checked"":70418432}"
    229376,         0,         0,    5.89,exact_mw,cb12ae119b9b2ba18d0216e7235b403229e92fd0743ede48fe7f1a2c6f45d594,"{""distance"":5,""physical_error_rate"":0.0005}","{""detection_events"":112017,""detectors_checked"":51380224}"
    325632,         0,         0,    5.91,exact_mw,f32ebecd8e105e50ec838d33c5ed9b45444b6b44a3c6ac541111079f2b14e893,"{""distance"":5,""physical_error_rate"":5e-05}","{""detection_events"":15693,""detectors_checked"":72941568}"
     67584,         0,         0,    4.29,exact_mw,bb90ec3459e353008cf9a5bb9142bf1e8515517a9e167021b225104594e48e8a,"{""distance"":5,""physical_error_rate"":0.001}","{""detection_events"":67204,""detectors_checked"":15138816}"
    319488,         0,         0,    5.86,exact_mw,70a969f5042aec17ac076c6379f4170fb7c69b8e925756ef3b7334e28a33338b,"{""distance"":5,""physical_error_rate"":0.0001}","{""detection_events"":31796,""detectors_checked"":71565312}"
    310272,         0,         0,    5.93,exact_mw,cdc4a450a40af8e24899239080e4c40992fb5baf91c5a31ab3a165eacb3a1ab3,"{""distance"":5,""physical_error_rate"":0.0002}","{""detection_events"":61653,""detectors_checked"":69500928}"
    381952,         0,         0,    5.96,exact_mw,70a969f5042aec17ac076c6379f4170fb7c69b8e925756ef3b7334e28a33338b,"{""distance"":5,""physical_error_rate"":0.0001}","{""detection_events"":37658,""detectors_checked"":85557248}"
    322560,         0,         0,    5.92,exact_mw,70a969f5042aec17ac076c6379f4170fb7c69b8e925756ef3b7334e28a33338b,"{""distance"":5,""physical_error_rate"":0.0001}","{""detection_events"":31641,""detectors_checked"":72253440}"
    323584,         0,         0,    5.93,exact_mw,70a969f5042aec17ac076c6379f4170fb7c69b8e925756ef3b7334e28a33338b,"{""distance"":5,""physical_error_rate"":0.0001}","{""detection_events"":32304,""detectors_checked"":72482816}"
    391168,         0,         0,    5.94,exact_mw,f32ebecd8e105e50ec838d33c5ed9b45444b6b44a3c6ac541111079f2b14e893,"{""distance"":5,""physical_error_rate"":5e-05}","{""detection_events"":19041,""detectors_checked"":87621632}"
    315392,         0,         0,    5.93,exact_mw,cdc4a450a40af8e24899239080e4c40992fb5baf91c5a31ab3a165eacb3a1ab3,"{""distance"":5,""physical_error_rate"":0.0002}","{""detection_events"":62185,""detectors_checked"":70647808}"
    384000,         0,         0,    5.87,exact_mw,70a969f5042aec17ac076c6379f4170fb7c69b8e925756ef3b7334e28a33338b,"{""distance"":5,""physical_error_rate"":0.0001}","{""detection_events"":37899,""detectors_checked"":86016000}"
     94208,         0,         0,    5.94,exact_mw,bb90ec3459e353008cf9a5bb9142bf1e8515517a9e167021b225104594e48e8a,"{""distance"":5,""physical_error_rate"":0.001}","{""detection_events"":91648,""detectors_checked"":21102592}"
    113664,         1,         0,    5.98,exact_mw,bb90ec3459e353008cf9a5bb9142bf1e8515517a9e167021b225104594e48e8a,"{""distance"":5,""physical_error_rate"":0.001}","{""detection_events"":112494,""detectors_checked"":25460736,""obs_mistake_mask=E"":1}"
     82944,         1,         0,    4.28,exact_mw,bb90ec3459e353008cf9a5bb9142bf1e8515517a9e167021b225104594e48e8a,"{""distance"":5,""physical_error_rate"":0.001}","{""detection_events"":80716,""detectors_checked"":18579456,""obs_mistake_mask=E"":1}"
    498688,         0,         0,    4.20,exact_mw,cb12ae119b9b2ba18d0216e7235b403229e92fd0743ede48fe7f1a2c6f45d594,"{""distance"":5,""physical_error_rate"":0.0005}","{""detection_events"":243758,""detectors_checked"":111706112}"
   1169408,         0,         0,    8.29,exact_mw,f32ebecd8e105e50ec838d33c5ed9b45444b6b44a3c6ac541111079f2b14e893,"{""distance"":5,""physical_error_rate"":5e-05}","{""detection_events"":57409,""detectors_checked"":261947392}"
    485376,         0,         0,    5.95,exact_mw,cb12ae119b9b2ba18d0216e7235b403229e92fd0743ede48fe7f1a2c6f45d594,"{""distance"":5,""physical_error_rate"":0.0005}","{""detection_events"":238101,""detectors_checked"":108724224}"
    724992,         0,         0,    8.32,exact_mw,cb12ae119b9b2ba18d0216e7235b403229e92fd0743ede48fe7f1a2c6f45d594,"{""distance"":5,""physical_error_rate"":0.0005}","{""detection_events"":357733,""detectors_checked"":162398208}"
     93184,         2,         0,    6.03,exact_mw,bb90ec3459e353008cf9a5bb9142bf1e8515517a9e167021b225104594e48e8a,"{""distance"":5,""physical_error_rate"":0.001}","{""detection_events"":91242,""detectors_checked"":20873216,""obs_mistake_mask=E"":2}"
     91136,         0,         0,    6.06,exact_mw,bb90ec3459e353008cf9a5bb9142bf1e8515517a9e167021b225104594e48e8a,"{""distance"":5,""physical_error_rate"":0.001}","{""detection_events"":89841,""detectors_checked"":20414464}"
    239616,         0,         0,    5.82,exact_mw,cb12ae119b9b2ba18d0216e7235b403229e92fd0743ede48fe7f1a2c6f45d594,"{""distance"":5,""physical_error_rate"":0.0005}","{""detection_events"":118456,""detectors_checked"":53673984}"
    466944,         0,         0,    8.24,exact_mw,f32ebecd8e105e50ec838d33c5ed9b45444b6b44a3c6ac541111079f2b14e893,"{""distance"":5,""physical_error_rate"":5e-05}","{""detection_events"":22674,""detectors_checked"":104595456}"
    460800,         0,         0,    8.26,exact_mw,cdc4a450a40af8e24899239080e4c40992fb5baf91c5a31ab3a165eacb3a1ab3,"{""distance"":5,""physical_error_rate"":0.0002}","{""detection_events"":90745,""detectors_checked"":103219200}"
    463872,         0,         0,    8.32,exact_mw,f32ebecd8e105e50ec838d33c5ed9b45444b6b44a3c6ac541111079f2b14e893,"{""distance"":5,""physical_error_rate"":5e-05}","{""detection_events"":23117,""detectors_checked"":103907328}"
    443392,         0,         0,    8.23,exact_mw,cdc4a450a40af8e24899239080e4c40992fb5baf91c5a31ab3a165eacb3a1ab3,"{""distance"":5,""physical_error_rate"":0.0002}","{""detection_events"":87571,""detectors_checked"":99319808}"
    334848,         0,         0,    8.34,exact_mw,cb12ae119b9b2ba18d0216e7235b403229e92fd0743ede48fe7f1a2c6f45d594,"{""distance"":5,""physical_error_rate"":0.0005}","{""detection_events"":164612,""detectors_checked"":75005952}"
    466944,         0,         0,    8.23,exact_mw,f32ebecd8e105e50ec838d33c5ed9b45444b6b44a3c6ac541111079f2b14e893,"{""distance"":5,""physical_error_rate"":5e-05}","{""detection_events"":22508,""detectors_checked"":104595456}"
    465920,         0,         0,    8.27,exact_mw,70a969f5042aec17ac076c6379f4170fb7c69b8e925756ef3b7334e28a33338b,"{""distance"":5,""physical_error_rate"":0.0001}","{""detection_events"":45519,""detectors_checked"":104366080}"
    438272,         0,         0,    8.22,exact_mw,cdc4a450a40af8e24899239080e4c40992fb5baf91c5a31ab3a165eacb3a1ab3,"{""distance"":5,""physical_error_rate"":0.0002}","{""detection_events"":86460,""detectors_checked"":98172928}"
    444416,         0,         0,    8.24,exact_mw,70a969f5042aec17ac076c6379f4170fb7c69b8e925756ef3b7334e28a33338b,"{""distance"":5,""physical_error_rate"":0.0001}","{""detection_events"":43458,""detectors_checked"":99549184}"
    458752,         0,         0,    8.27,exact_mw,70a969f5042aec17ac076c6379f4170fb7c69b8e925756ef3b7334e28a33338b,"{""distance"":5,""physical_error_rate"":0.0001}","{""detection_events"":45344,""detectors_checked"":102760448}"
    468992,         0,         0,    8.25,exact_mw,70a969f5042aec17ac076c6379f4170fb7c69b8e925756ef3b7334e28a33338b,"{""distance"":5,""physical_error_rate"":0.0001}","{""detection_events"":46743,""detectors_checked"":105054208}"
    457728,         0,         0,    8.30,exact_mw,f32ebecd8e105e50ec838d33c5ed9b45444b6b44a3c6ac541111079f2b14e893,"{""distance"":5,""physical_error_rate"":5e-05}","{""detection_events"":22571,""detectors_checked"":102531072}"
    438272,         0,         0,    8.34,exact_mw,cdc4a450a40af8e24899239080e4c40992fb5baf91c5a31ab3a165eacb3a1ab3,"{""distance"":5,""physical_error_rate"":0.0002}","{""detection_events"":85620,""detectors_checked"":98172928}"
    478208,         0,         0,    8.30,exact_mw,70a969f5042aec17ac076c6379f4170fb7c69b8e925756ef3b7334e28a33338b,"{""distance"":5,""physical_error_rate"":0.0001}","{""detection_events"":47489,""detectors_checked"":107118592}"
    135168,         0,         0,    8.31,exact_mw,bb90ec3459e353008cf9a5bb9142bf1e8515517a9e167021b225104594e48e8a,"{""distance"":5,""physical_error_rate"":0.001}","{""detection_events"":132259,""detectors_checked"":30277632}"
    118784,         0,         0,    8.42,exact_mw,bb90ec3459e353008cf9a5bb9142bf1e8515517a9e167021b225104594e48e8a,"{""distance"":5,""physical_error_rate"":0.001}","{""detection_events"":117482,""detectors_checked"":26607616}"
   5115904,         0,         0,    87.1,exact_mw,f32ebecd8e105e50ec838d33c5ed9b45444b6b44a3c6ac541111079f2b14e893,"{""distance"":5,""physical_error_rate"":5e-05}","{""detection_events"":251352,""detectors_checked"":1145962496}"
   4788224,         0,         0,    86.8,exact_mw,cdc4a450a40af8e24899239080e4c40992fb5baf91c5a31ab3a165eacb3a1ab3,"{""distance"":5,""physical_error_rate"":0.0002}","{""detection_events"":945544,""detectors_checked"":1072562176}"
   5414912,         0,         0,    87.0,exact_mw,70a969f5042aec17ac076c6379f4170fb7c69b8e925756ef3b7334e28a33338b,"{""distance"":5,""physical_error_rate"":0.0001}","{""detection_events"":534476,""detectors_checked"":1212940288}"
   4752384,         0,         0,    87.0,exact_mw,f32ebecd8e105e50ec838d33c5ed9b45444b6b44a3c6ac541111079f2b14e893,"{""distance"":5,""physical_error_rate"":5e-05}","{""detection_events"":235587,""detectors_checked"":1064534016}"
    803840,         1,         0,    8.32,exact_mw,cb12ae119b9b2ba18d0216e7235b403229e92fd0743ede48fe7f1a2c6f45d594,"{""distance"":5,""physical_error_rate"":0.0005}","{""detection_events"":395804,""detectors_checked"":180060160,""obs_mistake_mask=E"":1}"
   3430400,         1,         0,    87.3,exact_mw,cb12ae119b9b2ba18d0216e7235b403229e92fd0743ede48fe7f1a2c6f45d594,"{""distance"":5,""physical_error_rate"":0.0005}","{""detection_events"":1687448,""detectors_checked"":768409600,""obs_mistake_mask=E"":1}"
   1329152,         6,         0,    87.8,exact_mw,bb90ec3459e353008cf9a5bb9142bf1e8515517a9e167021b225104594e48e8a,"{""distance"":5,""physical_error_rate"":0.001}","{""detection_events"":1303874,""detectors_checked"":297730048,""obs_mistake_mask=E"":6}"
    152576,         0,         0,    8.36,exact_mw,bb90ec3459e353008cf9a5bb9142bf1e8515517a9e167021b225104594e48e8a,"{""distance"":5,""physical_error_rate"":0.001}","{""detection_events"":149802,""detectors_checked"":34177024}"
   4108288,         0,         0,    87.0,exact_mw,70a969f5042aec17ac076c6379f4170fb7c69b8e925756ef3b7334e28a33338b,"{""distance"":5,""physical_error_rate"":0.0001}","{""detection_events"":406165,""detectors_checked"":920256512}"
   4914176,         0,         0,    86.8,exact_mw,cdc4a450a40af8e24899239080e4c40992fb5baf91c5a31ab3a165eacb3a1ab3,"{""distance"":5,""physical_error_rate"":0.0002}","{""detection_events"":968453,""detectors_checked"":1100775424}"
   1304576,         8,         0,    87.5,exact_mw,bb90ec3459e353008cf9a5bb9142bf1e8515517a9e167021b225104594e48e8a,"{""distance"":5,""physical_error_rate"":0.001}","{""detection_events"":1281085,""detectors_checked"":292225024,""obs_mistake_mask=E"":8}"
   3877888,         0,         0,    11.6,exact_mw,f32ebecd8e105e50ec838d33c5ed9b45444b6b44a3c6ac541111079f2b14e893,"{""distance"":5,""physical_error_rate"":5e-05}","{""detection_events"":189797,""detectors_checked"":868646912}"
    147456,         2,         0,    8.27,exact_mw,bb90ec3459e353008cf9a5bb9142bf1e8515517a9e167021b225104594e48e8a,"{""distance"":5,""physical_error_rate"":0.001}","{""detection_events"":144968,""detectors_checked"":33030144,""obs_mistake_mask=E"":2}"
    259072,         0,         0,    8.32,exact_mw,cb12ae119b9b2ba18d0216e7235b403229e92fd0743ede48fe7f1a2c6f45d594,"{""distance"":5,""physical_error_rate"":0.0005}","{""detection_events"":127519,""detectors_checked"":58032128}"
   3526656,         1,         0,    87.3,exact_mw,cb12ae119b9b2ba18d0216e7235b403229e92fd0743ede48fe7f1a2c6f45d594,"{""distance"":5,""physical_error_rate"":0.0005}","{""detection_events"":1739175,""detectors_checked"":789970944,""obs_mistake_mask=E"":1}"
   1256448,         0,         0,    11.6,exact_mw,cb12ae119b9b2ba18d0216e7235b403229e92fd0743ede48fe7f1a2c6f45d594,"{""distance"":5,""physical_error_rate"":0.0005}","{""detection_events"":617699,""detectors_checked"":281444352}"
    660480,         0,         0,    11.6,exact_mw,f32ebecd8e105e50ec838d33c5ed9b45444b6b44a3c6ac541111079f2b14e893,"{""distance"":5,""physical_error_rate"":5e-05}","{""detection_events"":32427,""detectors_checked"":147947520}"
    883712,         0,         0,    11.6,exact_mw,cdc4a450a40af8e24899239080e4c40992fb5baf91c5a31ab3a165eacb3a1ab3,"{""distance"":5,""physical_error_rate"":0.0002}","{""detection_events"":173966,""detectors_checked"":197951488}"
    638976,         0,         0,    11.5,exact_mw,f32ebecd8e105e50ec838d33c5ed9b45444b6b44a3c6ac541111079f2b14e893,"{""distance"":5,""physical_error_rate"":5e-05}","{""detection_events"":31739,""detectors_checked"":143130624}"
    524288,         0,         0,    11.7,exact_mw,cdc4a450a40af8e24899239080e4c40992fb5baf91c5a31ab3a165eacb3a1ab3,"{""distance"":5,""physical_error_rate"":0.0002}","{""detection_events"":104347,""detectors_checked"":117440512}"
    493568,         0,         0,    11.6,exact_mw,f32ebecd8e105e50ec838d33c5ed9b45444b6b44a3c6ac541111079f2b14e893,"{""distance"":5,""physical_error_rate"":5e-05}","{""detection_events"":24157,""detectors_checked"":110559232}"
    245760,         0,         0,    11.7,exact_mw,cb12ae119b9b2ba18d0216e7235b403229e92fd0743ede48fe7f1a2c6f45d594,"{""distance"":5,""physical_error_rate"":0.0005}","{""detection_events"":120808,""detectors_checked"":55050240}"
    753664,         0,         0,    11.6,exact_mw,70a969f5042aec17ac076c6379f4170fb7c69b8e925756ef3b7334e28a33338b,"{""distance"":5,""physical_error_rate"":0.0001}","{""detection_events"":74354,""detectors_checked"":168820736}"
    467968,         0,         0,    11.5,exact_mw,cdc4a450a40af8e24899239080e4c40992fb5baf91c5a31ab3a165eacb3a1ab3,"{""distance"":5,""physical_error_rate"":0.0002}","{""detection_events"":91810,""detectors_checked"":104824832}"
    482304,         0,         0,    11.6,exact_mw,70a969f5042aec17ac076c6379f4170fb7c69b8e925756ef3b7334e28a33338b,"{""distance"":5,""physical_error_rate"":0.0001}","{""detection_events"":48270,""detectors_checked"":108036096}"
    636928,         0,         0,    11.6,exact_mw,70a969f5042aec17ac076c6379f4170fb7c69b8e925756ef3b7334e28a33338b,"{""distance"":5,""physical_error_rate"":0.0001}","{""detection_events"":62926,""detectors_checked"":142671872}"
    514048,         0,         0,    11.6,exact_mw,70a969f5042aec17ac076c6379f4170fb7c69b8e925756ef3b7334e28a33338b,"{""distance"":5,""physical_error_rate"":0.0001}","{""detection_events"":50807,""detectors_checked"":115146752}"
    498688,         0,         0,    11.6,exact_mw,f32ebecd8e105e50ec838d33c5ed9b45444b6b44a3c6ac541111079f2b14e893,"{""distance"":5,""physical_error_rate"":5e-05}","{""detection_events"":24385,""detectors_checked"":111706112}"
    509952,         0,         0,    11.6,exact_mw,cdc4a450a40af8e24899239080e4c40992fb5baf91c5a31ab3a165eacb3a1ab3,"{""distance"":5,""physical_error_rate"":0.0002}","{""detection_events"":100565,""detectors_checked"":114229248}"
    548864,         0,         0,    11.6,exact_mw,70a969f5042aec17ac076c6379f4170fb7c69b8e925756ef3b7334e28a33338b,"{""distance"":5,""physical_error_rate"":0.0001}","{""detection_events"":54363,""detectors_checked"":122945536}"
    177152,         1,         0,    11.7,exact_mw,bb90ec3459e353008cf9a5bb9142bf1e8515517a9e167021b225104594e48e8a,"{""distance"":5,""physical_error_rate"":0.001}","{""detection_events"":173931,""detectors_checked"":39682048,""obs_mistake_mask=E"":1}"
    111616,         1,         0,    11.7,exact_mw,bb90ec3459e353008cf9a5bb9142bf1e8515517a9e167021b225104594e48e8a,"{""distance"":5,""physical_error_rate"":0.001}","{""detection_events"":108843,""detectors_checked"":25001984,""obs_mistake_mask=E"":1}"
    500736,         0,         0,    11.6,exact_mw,cb12ae119b9b2ba18d0216e7235b403229e92fd0743ede48fe7f1a2c6f45d594,"{""distance"":5,""physical_error_rate"":0.0005}","{""detection_events"":246084,""detectors_checked"":112164864}"
    218112,         1,         0,    11.7,exact_mw,bb90ec3459e353008cf9a5bb9142bf1e8515517a9e167021b225104594e48e8a,"{""distance"":5,""physical_error_rate"":0.001}","{""detection_events"":213706,""detectors_checked"":48857088,""obs_mistake_mask=E"":1}"
   1097728,         1,         0,    11.6,exact_mw,cb12ae119b9b2ba18d0216e7235b403229e92fd0743ede48fe7f1a2c6f45d594,"{""distance"":5,""physical_error_rate"":0.0005}","{""detection_events"":539377,""detectors_checked"":245891072,""obs_mistake_mask=E"":1}"
    208896,         1,         0,    11.7,exact_mw,bb90ec3459e353008cf9a5bb9142bf1e8515517a9e167021b225104594e48e8a,"{""distance"":5,""physical_error_rate"":0.001}","{""detection_events"":204274,""detectors_checked"":46792704,""obs_mistake_mask=E"":1}"
   5169152,         0,         0,    16.3,exact_mw,f32ebecd8e105e50ec838d33c5ed9b45444b6b44a3c6ac541111079f2b14e893,"{""distance"":5,""physical_error_rate"":5e-05}","{""detection_events"":256196,""detectors_checked"":1157890048}"
   2002944,         1,         0,    16.3,exact_mw,cb12ae119b9b2ba18d0216e7235b403229e92fd0743ede48fe7f1a2c6f45d594,"{""distance"":5,""physical_error_rate"":0.0005}","{""detection_events"":985137,""detectors_checked"":448659456,""obs_mistake_mask=E"":1}"
    912384,         0,         0,    16.3,exact_mw,f32ebecd8e105e50ec838d33c5ed9b45444b6b44a3c6ac541111079f2b14e893,"{""distance"":5,""physical_error_rate"":5e-05}","{""detection_events"":45377,""detectors_checked"":204374016}"
   1076224,         0,         0,    16.1,exact_mw,cdc4a450a40af8e24899239080e4c40992fb5baf91c5a31ab3a165eacb3a1ab3,"{""distance"":5,""physical_error_rate"":0.0002}","{""detection_events"":211009,""detectors_checked"":241074176}"
    903168,         0,         0,    16.2,exact_mw,f32ebecd8e105e50ec838d33c5ed9b45444b6b44a3c6ac541111079f2b14e893,"{""distance"":5,""physical_error_rate"":5e-05}","{""detection_events"":45410,""detectors_checked"":202309632}"
    619520,         0,         0,    16.1,exact_mw,cdc4a450a40af8e24899239080e4c40992fb5baf91c5a31ab3a165eacb3a1ab3,"{""distance"":5,""physical_error_rate"":0.0002}","{""detection_events"":121963,""detectors_checked"":138772480}"
    634880,         0,         0,    16.2,exact_mw,f32ebecd8e105e50ec838d33c5ed9b45444b6b44a3c6ac541111079f2b14e893,"{""distance"":5,""physical_error_rate"":5e-05}","{""detection_events"":31340,""detectors_checked"":142213120}"
    387072,         1,         0,    16.3,exact_mw,cb12ae119b9b2ba18d0216e7235b403229e92fd0743ede48fe7f1a2c6f45d594,"{""distance"":5,""physical_error_rate"":0.0005}","{""detection_events"":189500,""detectors_checked"":86704128,""obs_mistake_mask=E"":1}"
   1087488,         0,         0,    16.2,exact_mw,70a969f5042aec17ac076c6379f4170fb7c69b8e925756ef3b7334e28a33338b,"{""distance"":5,""physical_error_rate"":0.0001}","{""detection_events"":107294,""detectors_checked"":243597312}"
    605184,         0,         0,    16.1,exact_mw,cdc4a450a40af8e24899239080e4c40992fb5baf91c5a31ab3a165eacb3a1ab3,"{""distance"":5,""physical_error_rate"":0.0002}","{""detection_events"":120063,""detectors_checked"":135561216}"
    673792,         0,         0,    16.2,exact_mw,70a969f5042aec17ac076c6379f4170fb7c69b8e925756ef3b7334e28a33338b,"{""distance"":5,""physical_error_rate"":0.0001}","{""detection_events"":66920,""detectors_checked"":150929408}"
    907264,         0,         0,    16.2,exact_mw,70a969f5042aec17ac076c6379f4170fb7c69b8e925756ef3b7334e28a33338b,"{""distance"":5,""physical_error_rate"":0.0001}","{""detection_events"":90023,""detectors_checked"":203227136}"
    672768,         0,         0,    16.3,exact_mw,70a969f5042aec17ac076c6379f4170fb7c69b8e925756ef3b7334e28a33338b,"{""distance"":5,""physical_error_rate"":0.0001}","{""detection_events"":65391,""detectors_checked"":150700032}"
    698368,         0,         0,    16.1,exact_mw,f32ebecd8e105e50ec838d33c5ed9b45444b6b44a3c6ac541111079f2b14e893,"{""distance"":5,""physical_error_rate"":5e-05}","{""detection_events"":33868,""detectors_checked"":156434432}"
    657408,         0,         0,    16.2,exact_mw,cdc4a450a40af8e24899239080e4c40992fb5baf91c5a31ab3a165eacb3a1ab3,"{""distance"":5,""physical_error_rate"":0.0002}","{""detection_events"":128954,""detectors_checked"":147259392}"
    673792,         0,         0,    16.1,exact_mw,70a969f5042aec17ac076c6379f4170fb7c69b8e925756ef3b7334e28a33338b,"{""distance"":5,""physical_error_rate"":0.0001}","{""detection_events"":65806,""detectors_checked"":150929408}"
    250880,         1,         0,    16.4,exact_mw,bb90ec3459e353008cf9a5bb9142bf1e8515517a9e167021b225104594e48e8a,"{""distance"":5,""physical_error_rate"":0.001}","{""detection_events"":244966,""detectors_checked"":56197120,""obs_mistake_mask=E"":1}"
    198656,         0,         0,    16.4,exact_mw,bb90ec3459e353008cf9a5bb9142bf1e8515517a9e167021b225104594e48e8a,"{""distance"":5,""physical_error_rate"":0.001}","{""detection_events"":196070,""detectors_checked"":44498944}"
    721920,         0,         0,    16.3,exact_mw,cb12ae119b9b2ba18d0216e7235b403229e92fd0743ede48fe7f1a2c6f45d594,"{""distance"":5,""physical_error_rate"":0.0005}","{""detection_events"":355841,""detectors_checked"":161710080}"
    314368,         4,         0,    16.2,exact_mw,bb90ec3459e353008cf9a5bb9142bf1e8515517a9e167021b225104594e48e8a,"{""distance"":5,""physical_error_rate"":0.001}","{""detection_events"":308447,""detectors_checked"":70418432,""obs_mistake_mask=E"":4}"
   1075200,         0,         0,    16.1,exact_mw,cb12ae119b9b2ba18d0216e7235b403229e92fd0743ede48fe7f1a2c6f45d594,"{""distance"":5,""physical_error_rate"":0.0005}","{""detection_events"":530050,""detectors_checked"":240844800}"
    303104,         0,         0,    16.3,exact_mw,bb90ec3459e353008cf9a5bb9142bf1e8515517a9e167021b225104594e48e8a,"{""distance"":5,""physical_error_rate"":0.001}","{""detection_events"":298043,""detectors_checked"":67895296}"
   8824832,         0,         0,    62.5,exact_mw,cdc4a450a40af8e24899239080e4c40992fb5baf91c5a31ab3a165eacb3a1ab3,"{""distance"":5,""physical_error_rate"":0.0002}","{""detection_events"":1737827,""detectors_checked"":1976762368}"
   3226624,         0,         0,    22.7,exact_mw,f32ebecd8e105e50ec838d33c5ed9b45444b6b44a3c6ac541111079f2b14e893,"{""distance"":5,""physical_error_rate"":5e-05}","{""detection_events"":159444,""detectors_checked"":722763776}"
   1532928,        12,         0,    62.7,exact_mw,bb90ec3459e353008cf9a5bb9142bf1e8515517a9e167021b225104594e48e8a,"{""distance"":5,""physical_error_rate"":0.001}","{""detection_events"":1505181,""detectors_checked"":343375872,""obs_mistake_mask=E"":12}"
   1134592,         8,         0,    62.7,exact_mw,bb90ec3459e353008cf9a5bb9142bf1e8515517a9e167021b225104594e48e8a,"{""distance"":5,""physical_error_rate"":0.001}","{""detection_events"":1112565,""detectors_checked"":254148608,""obs_mistake_mask=E"":8}"
   2996224,         0,         0,    62.4,exact_mw,cb12ae119b9b2ba18d0216e7235b403229e92fd0743ede48fe7f1a2c6f45d594,"{""distance"":5,""physical_error_rate"":0.0005}","{""detection_events"":1478315,""detectors_checked"":671154176}"
   1198080,         8,         0,    62.7,exact_mw,bb90ec3459e353008cf9a5bb9142bf1e8515517a9e167021b225104594e48e8a,"{""distance"":5,""physical_error_rate"":0.001}","{""detection_events"":1174844,""detectors_checked"":268369920,""obs_mistake_mask=E"":8}"
   2126848,         2,         0,    62.3,exact_mw,cb12ae119b9b2ba18d0216e7235b403229e92fd0743ede48fe7f1a2c6f45d594,"{""distance"":5,""physical_error_rate"":0.0005}","{""detection_events"":1048351,""detectors_checked"":476413952,""obs_mistake_mask=E"":2}"
   2108416,         0,         0,    62.1,exact_mw,cdc4a450a40af8e24899239080e4c40992fb5baf91c5a31ab3a165eacb3a1ab3,"{""distance"":5,""physical_error_rate"":0.0002}","{""detection_events"":415314,""detectors_checked"":472285184}"
    995328,         1,         0,    22.8,exact_mw,cb12ae119b9b2ba18d0216e7235b403229e92fd0743ede48fe7f1a2c6f45d594,"{""distance"":5,""physical_error_rate"":0.0005}","{""detection_events"":489809,""detectors_checked"":222953472,""obs_mistake_mask=E"":1}"
   3657728,         0,         0,    62.3,exact_mw,70a969f5042aec17ac076c6379f4170fb7c69b8e925756ef3b7334e28a33338b,"{""distance"":5,""physical_error_rate"":0.0001}","{""detection_events"":360028,""detectors_checked"":819331072}"
   3064832,         0,         0,    62.3,exact_mw,f32ebecd8e105e50ec838d33c5ed9b45444b6b44a3c6ac541111079f2b14e893,"{""distance"":5,""physical_error_rate"":5e-05}","{""detection_events"":151599,""detectors_checked"":686522368}"
   3505152,         0,         0,    62.0,exact_mw,f32ebecd8e105e50ec838d33c5ed9b45444b6b44a3c6ac541111079f2b14e893,"{""distance"":5,""physical_error_rate"":5e-05}","{""detection_events"":172753,""detectors_checked"":785154048}"
   3142656,         0,         0,    62.4,exact_mw,70a969f5042aec17ac076c6379f4170fb7c69b8e925756ef3b7334e28a33338b,"{""distance"":5,""physical_error_rate"":0.0001}","{""detection_events"":310067,""detectors_checked"":703954944}"
  17793024,         0,         0,    87.5,exact_mw,f32ebecd8e105e50ec838d33c5ed9b45444b6b44a3c6ac541111079f2b14e893,"{""distance"":5,""physical_error_rate"":5e-05}","{""detection_events"":876129,""detectors_checked"":3985637376}"
   1583104,         0,         0,    22.9,exact_mw,f32ebecd8e105e50ec838d33c5ed9b45444b6b44a3c6ac541111079f2b14e893,"{""distance"":5,""physical_error_rate"":5e-05}","{""detection_events"":78447,""detectors_checked"":354615296}"
   1495040,         0,         0,    22.7,exact_mw,cdc4a450a40af8e24899239080e4c40992fb5baf91c5a31ab3a165eacb3a1ab3,"{""distance"":5,""physical_error_rate"":0.0002}","{""detection_events"":294021,""detectors_checked"":334888960}"
   3554304,         0,         0,    62.3,exact_mw,cdc4a450a40af8e24899239080e4c40992fb5baf91c5a31ab3a165eacb3a1ab3,"{""distance"":5,""physical_error_rate"":0.0002}","{""detection_events"":698206,""detectors_checked"":796164096}"
   1483776,         0,         0,    22.7,exact_mw,f32ebecd8e105e50ec838d33c5ed9b45444b6b44a3c6ac541111079f2b14e893,"{""distance"":5,""physical_error_rate"":5e-05}","{""detection_events"":73250,""detectors_checked"":332365824}"
    843776,         3,         0,    62.8,exact_mw,bb90ec3459e353008cf9a5bb9142bf1e8515517a9e167021b225104594e48e8a,"{""distance"":5,""physical_error_rate"":0.001}","{""detection_events"":828935,""detectors_checked"":189005824,""obs_mistake_mask=E"":3}"
   1090560,         0,         0,    22.8,exact_mw,cdc4a450a40af8e24899239080e4c40992fb5baf91c5a31ab3a165eacb3a1ab3,"{""distance"":5,""physical_error_rate"":0.0002}","{""detection_events"":216039,""detectors_checked"":244285440}"
   1216512,         0,         0,    22.5,exact_mw,f32ebecd8e105e50ec838d33c5ed9b45444b6b44a3c6ac541111079f2b14e893,"{""distance"":5,""physical_error_rate"":5e-05}","{""detection_events"":60061,""detectors_checked"":272498688}"
    659456,         0,         0,    22.7,exact_mw,cb12ae119b9b2ba18d0216e7235b403229e92fd0743ede48fe7f1a2c6f45d594,"{""distance"":5,""physical_error_rate"":0.0005}","{""detection_events"":324619,""detectors_checked"":147718144}"
   1572864,         0,         0,    22.7,exact_mw,70a969f5042aec17ac076c6379f4170fb7c69b8e925756ef3b7334e28a33338b,"{""distance"":5,""physical_error_rate"":0.0001}","{""detection_events"":155067,""detectors_checked"":352321536}"
   1142784,         0,         0,    22.6,exact_mw,cdc4a450a40af8e24899239080e4c40992fb5baf91c5a31ab3a165eacb3a1ab3,"{""distance"":5,""physical_error_rate"":0.0002}","{""detection_events"":224597,""detectors_checked"":255983616}"
   1022976,         0,         0,    22.6,exact_mw,70a969f5042aec17ac076c6379f4170fb7c69b8e925756ef3b7334e28a33338b,"{""distance"":5,""physical_error_rate"":0.0001}","{""detection_events"":100782,""detectors_checked"":229146624}"
   1523712,         0,         0,    22.7,exact_mw,70a969f5042aec17ac076c6379f4170fb7c69b8e925756ef3b7334e28a33338b,"{""distance"":5,""physical_error_rate"":0.0001}","{""detection_events"":151104,""detectors_checked"":341311488}"
   1178624,         0,         0,    22.6,exact_mw,70a969f5042aec17ac076c6379f4170fb7c69b8e925756ef3b7334e28a33338b,"{""distance"":5,""physical_error_rate"":0.0001}","{""detection_events"":116100,""detectors_checked"":264011776}"
   1048576,         0,         0,    22.7,exact_mw,f32ebecd8e105e50ec838d33c5ed9b45444b6b44a3c6ac541111079f2b14e893,"{""distance"":5,""physical_error_rate"":5e-05}","{""detection_events"":51628,""detectors_checked"":234881024}"
   1098752,         0,         0,    22.6,exact_mw,cdc4a450a40af8e24899239080e4c40992fb5baf91c5a31ab3a165eacb3a1ab3,"{""distance"":5,""physical_error_rate"":0.0002}","{""detection_events"":215811,""detectors_checked"":246120448}"
   1911808,         0,         0,    22.7,exact_mw,70a969f5042aec17ac076c6379f4170fb7c69b8e925756ef3b7334e28a33338b,"{""distance"":5,""physical_error_rate"":0.0001}","{""detection_events"":189365,""detectors_checked"":428244992}"
   3094528,         1,         0,    86.9,exact_mw,cb12ae119b9b2ba18d0216e7235b403229e92fd0743ede48fe7f1a2c6f45d594,"{""distance"":5,""physical_error_rate"":0.0005}","{""detection_events"":1524858,""detectors_checked"":693174272,""obs_mistake_mask=E"":1}"
    452608,         4,         0,    22.9,exact_mw,bb90ec3459e353008cf9a5bb9142bf1e8515517a9e167021b225104594e48e8a,"{""distance"":5,""physical_error_rate"":0.001}","{""detection_events"":444065,""detectors_checked"":101384192,""obs_mistake_mask=E"":4}"
   4304896,         0,         0,    87.1,exact_mw,70a969f5042aec17ac076c6379f4170fb7c69b8e925756ef3b7334e28a33338b,"{""distance"":5,""physical_error_rate"":0.0001}","{""detection_events"":425363,""detectors_checked"":964296704}"
   5320704,         0,         0,    87.4,exact_mw,70a969f5042aec17ac076c6379f4170fb7c69b8e925756ef3b7334e28a33338b,"{""distance"":5,""physical_error_rate"":0.0001}","{""detection_events"":525633,""detectors_checked"":1191837696}"
    327680,         0,         0,    22.9,exact_mw,bb90ec3459e353008cf9a5bb9142bf1e8515517a9e167021b225104594e48e8a,"{""distance"":5,""physical_error_rate"":0.001}","{""detection_events"":320831,""detectors_checked"":73400320}"
   1479680,        13,         0,    87.6,exact_mw,bb90ec3459e353008cf9a5bb9142bf1e8515517a9e167021b225104594e48e8a,"{""distance"":5,""physical_error_rate"":0.001}","{""detection_events"":1448618,""detectors_checked"":331448320,""obs_mistake_mask=E"":13}"
   4226048,         0,         0,    86.7,exact_mw,cdc4a450a40af8e24899239080e4c40992fb5baf91c5a31ab3a165eacb3a1ab3,"{""distance"":5,""physical_error_rate"":0.0002}","{""detection_events"":836366,""detectors_checked"":946634752}"
   8634368,         0,         0,    87.4,exact_mw,cdc4a450a40af8e24899239080e4c40992fb5baf91c5a31ab3a165eacb3a1ab3,"{""distance"":5,""physical_error_rate"":0.0002}","{""detection_events"":1704746,""detectors_checked"":1934098432}"
   5767168,         0,         0,    87.1,exact_mw,f32ebecd8e105e50ec838d33c5ed9b45444b6b44a3c6ac541111079f2b14e893,"{""distance"":5,""physical_error_rate"":5e-05}","{""detection_events"":283923,""detectors_checked"":1291845632}"
   1429504,        12,         0,    87.7,exact_mw,bb90ec3459e353008cf9a5bb9142bf1e8515517a9e167021b225104594e48e8a,"{""distance"":5,""physical_error_rate"":0.001}","{""detection_events"":1403797,""detectors_checked"":320208896,""obs_mistake_mask=E"":12}"
   4622336,         0,         0,    86.9,exact_mw,f32ebecd8e105e50ec838d33c5ed9b45444b6b44a3c6ac541111079f2b14e893,"{""distance"":5,""physical_error_rate"":5e-05}","{""detection_events"":227718,""detectors_checked"":1035403264}"
   2949120,         2,         0,    62.4,exact_mw,cb12ae119b9b2ba18d0216e7235b403229e92fd0743ede48fe7f1a2c6f45d594,"{""distance"":5,""physical_error_rate"":0.0005}","{""detection_events"":1453095,""detectors_checked"":660602880,""obs_mistake_mask=E"":2}"
    657408,         2,         0,    22.7,exact_mw,cb12ae119b9b2ba18d0216e7235b403229e92fd0743ede48fe7f1a2c6f45d594,"{""distance"":5,""physical_error_rate"":0.0005}","{""detection_events"":322072,""detectors_checked"":147259392,""obs_mistake_mask=E"":2}"
    396288,         1,         0,    22.8,exact_mw,bb90ec3459e353008cf9a5bb9142bf1e8515517a9e167021b225104594e48e8a,"{""distance"":5,""physical_error_rate"":0.001}","{""detection_events"":388977,""detectors_checked"":88768512,""obs_mistake_mask=E"":1}"
   4234240,         0,         0,    87.0,exact_mw,70a969f5042aec17ac076c6379f4170fb7c69b8e925756ef3b7334e28a33338b,"{""distance"":5,""physical_error_rate"":0.0001}","{""detection_events"":419074,""detectors_checked"":948469760}"
   3453952,         2,         0,    87.0,exact_mw,cb12ae119b9b2ba18d0216e7235b403229e92fd0743ede48fe7f1a2c6f45d594,"{""distance"":5,""physical_error_rate"":0.0005}","{""detection_events"":1698516,""detectors_checked"":773685248,""obs_mistake_mask=E"":2}"
   2241536,         0,         0,    22.6,exact_mw,cb12ae119b9b2ba18d0216e7235b403229e92fd0743ede48fe7f1a2c6f45d594,"{""distance"":5,""physical_error_rate"":0.0005}","{""detection_events"":1105066,""detectors_checked"":502104064}"
    418816,         4,         0,    22.9,exact_mw,bb90ec3459e353008cf9a5bb9142bf1e8515517a9e167021b225104594e48e8a,"{""distance"":5,""physical_error_rate"":0.001}","{""detection_events"":411147,""detectors_checked"":93814784,""obs_mistake_mask=E"":4}"
  25070758,         0,         0,   108.5,exact_mw,70a969f5042aec17ac076c6379f4170fb7c69b8e925756ef3b7334e28a33338b,"{""distance"":5,""physical_error_rate"":0.0001}","{""detection_events"":2480242,""detectors_checked"":5615849792}"
  18212864,         6,         0,   119.1,exact_mw,cb12ae119b9b2ba18d0216e7235b403229e92fd0743ede48fe7f1a2c6f45d594,"{""distance"":5,""physical_error_rate"":0.0005}","{""detection_events"":8970877,""detectors_checked"":4079681536,""obs_mistake_mask=E"":6}"
   7354368,         0,         0,   118.3,exact_mw,f32ebecd8e105e50ec838d33c5ed9b45444b6b44a3c6ac541111079f2b14e893,"{""distance"":5,""physical_error_rate"":5e-05}","{""detection_events"":361682,""detectors_checked"":1647378432}"
   2864128,         0,         0,    31.8,exact_mw,f32ebecd8e105e50ec838d33c5ed9b45444b6b44a3c6ac541111079f2b14e893,"{""distance"":5,""physical_error_rate"":5e-05}","{""detection_events"":141149,""detectors_checked"":641564672}"
   4256768,        18,         0,   119.4,exact_mw,bb90ec3459e353008cf9a5bb9142bf1e8515517a9e167021b225104594e48e8a,"{""distance"":5,""physical_error_rate"":0.001}","{""detection_events"":4174390,""detectors_checked"":953516032,""obs_mistake_mask=E"":18}"
   7142400,         0,         0,   118.5,exact_mw,70a969f5042aec17ac076c6379f4170fb7c69b8e925756ef3b7334e28a33338b,"{""distance"":5,""physical_error_rate"":0.0001}","{""detection_events"":704023,""detectors_checked"":1599897600}"
   1817600,        13,         0,   119.1,exact_mw,bb90ec3459e353008cf9a5bb9142bf1e8515517a9e167021b225104594e48e8a,"{""distance"":5,""physical_error_rate"":0.001}","{""detection_events"":1782998,""detectors_checked"":407142400,""obs_mistake_mask=E"":13}"
   5959680,         1,         0,   118.2,exact_mw,cdc4a450a40af8e24899239080e4c40992fb5baf91c5a31ab3a165eacb3a1ab3,"{""distance"":5,""physical_error_rate"":0.0002}","{""detection_events"":1175196,""detectors_checked"":1334968320,""obs_mistake_mask=E"":1}"
   6306816,         0,         0,   117.9,exact_mw,70a969f5042aec17ac076c6379f4170fb7c69b8e925756ef3b7334e28a33338b,"{""distance"":5,""physical_error_rate"":0.0001}","{""detection_events"":621722,""detectors_checked"":1412726784}"
   7831552,         0,         0,   118.5,exact_mw,70a969f5042aec17ac076c6379f4170fb7c69b8e925756ef3b7334e28a33338b,"{""distance"":5,""physical_error_rate"":0.0001}","{""detection_events"":771489,""detectors_checked"":1754267648}"
   6014976,         0,         0,   118.5,exact_mw,cdc4a450a40af8e24899239080e4c40992fb5baf91c5a31ab3a165eacb3a1ab3,"{""distance"":5,""physical_error_rate"":0.0002}","{""detection_events"":1185535,""detectors_checked"":1347354624}"
   5603328,         0,         0,   118.5,exact_mw,f32ebecd8e105e50ec838d33c5ed9b45444b6b44a3c6ac541111079f2b14e893,"{""distance"":5,""physical_error_rate"":5e-05}","{""detection_events"":276667,""detectors_checked"":1255145472}"
  23655424,         0,         0,   118.9,exact_mw,f32ebecd8e105e50ec838d33c5ed9b45444b6b44a3c6ac541111079f2b14e893,"{""distance"":5,""physical_error_rate"":5e-05}","{""detection_events"":1171236,""detectors_checked"":5298814976}"
   5011456,         0,         0,   118.6,exact_mw,cb12ae119b9b2ba18d0216e7235b403229e92fd0743ede48fe7f1a2c6f45d594,"{""distance"":5,""physical_error_rate"":0.0005}","{""detection_events"":2471089,""detectors_checked"":1122566144}"
  18754560,         0,         0,   118.9,exact_mw,cdc4a450a40af8e24899239080e4c40992fb5baf91c5a31ab3a165eacb3a1ab3,"{""distance"":5,""physical_error_rate"":0.0002}","{""detection_events"":3701271,""detectors_checked"":4201021440}"
   7245824,         0,         0,   118.6,exact_mw,70a969f5042aec17ac076c6379f4170fb7c69b8e925756ef3b7334e28a33338b,"{""distance"":5,""physical_error_rate"":0.0001}","{""detection_events"":713498,""detectors_checked"":1623064576}"
   7316480,         0,         0,   118.5,exact_mw,cdc4a450a40af8e24899239080e4c40992fb5baf91c5a31ab3a165eacb3a1ab3,"{""distance"":5,""physical_error_rate"":0.0002}","{""detection_events"":1443711,""detectors_checked"":1638891520}"
   7299072,         0,         0,   118.6,exact_mw,f32ebecd8e105e50ec838d33c5ed9b45444b6b44a3c6ac541111079f2b14e893,"{""distance"":5,""physical_error_rate"":5e-05}","{""detection_events"":361506,""detectors_checked"":1634992128}"
   4513792,         2,         0,   118.2,exact_mw,cb12ae119b9b2ba18d0216e7235b403229e92fd0743ede48fe7f1a2c6f45d594,"{""distance"":5,""physical_error_rate"":0.0005}","{""detection_events"":2223160,""detectors_checked"":1011089408,""obs_mistake_mask=E"":2}"
   7977984,         0,         0,   118.3,exact_mw,f32ebecd8e105e50ec838d33c5ed9b45444b6b44a3c6ac541111079f2b14e893,"{""distance"":5,""physical_error_rate"":5e-05}","{""detection_events"":393012,""detectors_checked"":1787068416}"
   4831232,         2,         0,   118.5,exact_mw,cb12ae119b9b2ba18d0216e7235b403229e92fd0743ede48fe7f1a2c6f45d594,"{""distance"":5,""physical_error_rate"":0.0005}","{""detection_events"":2377558,""detectors_checked"":1082195968,""obs_mistake_mask=E"":2}"
   5039104,         0,         0,   118.5,exact_mw,cb12ae119b9b2ba18d0216e7235b403229e92fd0743ede48fe7f1a2c6f45d594,"{""distance"":5,""physical_error_rate"":0.0005}","{""detection_events"":2474594,""detectors_checked"":1128759296}"
   5963776,         0,         0,   118.5,exact_mw,70a969f5042aec17ac076c6379f4170fb7c69b8e925756ef3b7334e28a33338b,"{""distance"":5,""physical_error_rate"":0.0001}","{""detection_events"":588116,""detectors_checked"":1335885824}"
   4426752,         0,         0,   118.2,exact_mw,cb12ae119b9b2ba18d0216e7235b403229e92fd0743ede48fe7f1a2c6f45d594,"{""distance"":5,""physical_error_rate"":0.0005}","{""detection_events"":2177667,""detectors_checked"":991592448}"
   7975936,         0,         0,   117.7,exact_mw,f32ebecd8e105e50ec838d33c5ed9b45444b6b44a3c6ac541111079f2b14e893,"{""distance"":5,""physical_error_rate"":5e-05}","{""detection_events"":393637,""detectors_checked"":1786609664}"
   1316864,         0,         0,    31.9,exact_mw,cb12ae119b9b2ba18d0216e7235b403229e92fd0743ede48fe7f1a2c6f45d594,"{""distance"":5,""physical_error_rate"":0.0005}","{""detection_events"":646248,""detectors_checked"":294977536}"
   1944576,         5,         0,   119.3,exact_mw,bb90ec3459e353008cf9a5bb9142bf1e8515517a9e167021b225104594e48e8a,"{""distance"":5,""physical_error_rate"":0.001}","{""detection_events"":1910979,""detectors_checked"":435585024,""obs_mistake_mask=E"":5}"
   6945792,         0,         0,   118.3,exact_mw,f32ebecd8e105e50ec838d33c5ed9b45444b6b44a3c6ac541111079f2b14e893,"{""distance"":5,""physical_error_rate"":5e-05}","{""detection_events"":343417,""detectors_checked"":1555857408}"
   6001664,         0,         0,   118.6,exact_mw,cdc4a450a40af8e24899239080e4c40992fb5baf91c5a31ab3a165eacb3a1ab3,"{""distance"":5,""physical_error_rate"":0.0002}","{""detection_events"":1185610,""detectors_checked"":1344372736}"
   6018048,         0,         0,   118.3,exact_mw,cdc4a450a40af8e24899239080e4c40992fb5baf91c5a31ab3a165eacb3a1ab3,"{""distance"":5,""physical_error_rate"":0.0002}","{""detection_events"":1184661,""detectors_checked"":1348042752}"
   6987776,         0,         0,   118.9,exact_mw,cdc4a450a40af8e24899239080e4c40992fb5baf91c5a31ab3a165eacb3a1ab3,"{""distance"":5,""physical_error_rate"":0.0002}","{""detection_events"":1376612,""detectors_checked"":1565261824}"
   1805312,         8,         0,   119.0,exact_mw,bb90ec3459e353008cf9a5bb9142bf1e8515517a9e167021b225104594e48e8a,"{""distance"":5,""physical_error_rate"":0.001}","{""detection_events"":1774157,""detectors_checked"":404389888,""obs_mistake_mask=E"":8}"
   6778880,         0,         0,   118.4,exact_mw,70a969f5042aec17ac076c6379f4170fb7c69b8e925756ef3b7334e28a33338b,"{""distance"":5,""physical_error_rate"":0.0001}","{""detection_events"":667358,""detectors_checked"":1518469120}"
   1981440,        12,         0,   119.3,exact_mw,bb90ec3459e353008cf9a5bb9142bf1e8515517a9e167021b225104594e48e8a,"{""distance"":5,""physical_error_rate"":0.001}","{""detection_events"":1947626,""detectors_checked"":443842560,""obs_mistake_mask=E"":12}"
   2283520,        11,         0,   119.4,exact_mw,bb90ec3459e353008cf9a5bb9142bf1e8515517a9e167021b225104594e48e8a,"{""distance"":5,""physical_error_rate"":0.001}","{""detection_events"":2241274,""detectors_checked"":511508480,""obs_mistake_mask=E"":11}"
   6272000,         0,         0,   118.5,exact_mw,70a969f5042aec17ac076c6379f4170fb7c69b8e925756ef3b7334e28a33338b,"{""distance"":5,""physical_error_rate"":0.0001}","{""detection_events"":619834,""detectors_checked"":1404928000}"
   5275648,         2,         0,   118.6,exact_mw,cb12ae119b9b2ba18d0216e7235b403229e92fd0743ede48fe7f1a2c6f45d594,"{""distance"":5,""physical_error_rate"":0.0005}","{""detection_events"":2597938,""detectors_checked"":1181745152,""obs_mistake_mask=E"":2}"
   1811456,         5,         0,   119.3,exact_mw,bb90ec3459e353008cf9a5bb9142bf1e8515517a9e167021b225104594e48e8a,"{""distance"":5,""physical_error_rate"":0.001}","{""detection_events"":1778661,""detectors_checked"":405766144,""obs_mistake_mask=E"":5}"
   4655104,         3,         0,   118.3,exact_mw,cb12ae119b9b2ba18d0216e7235b403229e92fd0743ede48fe7f1a2c6f45d594,"{""distance"":5,""physical_error_rate"":0.0005}","{""detection_events"":2293061,""detectors_checked"":1042743296,""obs_mistake_mask=E"":3}"
   6993920,         0,         0,   118.3,exact_mw,f32ebecd8e105e50ec838d33c5ed9b45444b6b44a3c6ac541111079f2b14e893,"{""distance"":5,""physical_error_rate"":5e-05}","{""detection_events"":345240,""detectors_checked"":1566638080}"
   5992448,         0,         0,   118.5,exact_mw,cdc4a450a40af8e24899239080e4c40992fb5baf91c5a31ab3a165eacb3a1ab3,"{""distance"":5,""physical_error_rate"":0.0002}","{""detection_events"":1181238,""detectors_checked"":1342308352}"
   2093056,         0,         0,    31.7,exact_mw,f32ebecd8e105e50ec838d33c5ed9b45444b6b44a3c6ac541111079f2b14e893,"{""distance"":5,""physical_error_rate"":5e-05}","{""detection_events"":102613,""detectors_checked"":468844544}"
   6031360,         0,         0,   118.5,exact_mw,cdc4a450a40af8e24899239080e4c40992fb5baf91c5a31ab3a165eacb3a1ab3,"{""distance"":5,""physical_error_rate"":0.0002}","{""detection_events"":1190638,""detectors_checked"":1351024640}"
   1838080,         0,         0,    31.8,exact_mw,cdc4a450a40af8e24899239080e4c40992fb5baf91c5a31ab3a165eacb3a1ab3,"{""distance"":5,""physical_error_rate"":0.0002}","{""detection_events"":361287,""detectors_checked"":411729920}"
   5371904,         6,         0,   118.5,exact_mw,cb12ae119b9b2ba18d0216e7235b403229e92fd0743ede48fe7f1a2c6f45d594,"{""distance"":5,""physical_error_rate"":0.0005}","{""detection_events"":2639091,""detectors_checked"":1203306496,""obs_mistake_mask=E"":6}"
   5425152,         4,         0,   118.7,exact_mw,cb12ae119b9b2ba18d0216e7235b403229e92fd0743ede48fe7f1a2c6f45d594,"{""distance"":5,""physical_error_rate"":0.0005}","{""detection_events"":2669553,""detectors_checked"":1215234048,""obs_mistake_mask=E"":4}"
   7270400,         0,         0,   118.6,exact_mw,70a969f5042aec17ac076c6379f4170fb7c69b8e925756ef3b7334e28a33338b,"{""distance"":5,""physical_error_rate"":0.0001}","{""detection_events"":716354,""detectors_checked"":1628569600}"
   6342656,         0,         0,   118.7,exact_mw,cdc4a450a40af8e24899239080e4c40992fb5baf91c5a31ab3a165eacb3a1ab3,"{""distance"":5,""physical_error_rate"":0.0002}","{""detection_events"":1251367,""detectors_checked"":1420754944}"
   2009088,         0,         0,    31.8,exact_mw,f32ebecd8e105e50ec838d33c5ed9b45444b6b44a3c6ac541111079f2b14e893,"{""distance"":5,""physical_error_rate"":5e-05}","{""detection_events"":98252,""detectors_checked"":450035712}"
   1733632,         0,         0,    31.9,exact_mw,cdc4a450a40af8e24899239080e4c40992fb5baf91c5a31ab3a165eacb3a1ab3,"{""distance"":5,""physical_error_rate"":0.0002}","{""detection_events"":338917,""detectors_checked"":388333568}"
   2025472,         0,         0,    31.7,exact_mw,f32ebecd8e105e50ec838d33c5ed9b45444b6b44a3c6ac541111079f2b14e893,"{""distance"":5,""physical_error_rate"":5e-05}","{""detection_events"":100203,""detectors_checked"":453705728}"
   1361920,         1,         0,    31.8,exact_mw,cb12ae119b9b2ba18d0216e7235b403229e92fd0743ede48fe7f1a2c6f45d594,"{""distance"":5,""physical_error_rate"":0.0005}","{""detection_events"":670817,""detectors_checked"":305070080,""obs_mistake_mask=E"":1}"
   1866752,         0,         0,    31.7,exact_mw,70a969f5042aec17ac076c6379f4170fb7c69b8e925756ef3b7334e28a33338b,"{""distance"":5,""physical_error_rate"":0.0001}","{""detection_events"":183837,""detectors_checked"":418152448}"
   2488320,         0,         0,    31.9,exact_mw,70a969f5042aec17ac076c6379f4170fb7c69b8e925756ef3b7334e28a33338b,"{""distance"":5,""physical_error_rate"":0.0001}","{""detection_events"":243628,""detectors_checked"":557383680}"
   1687552,         0,         0,    31.8,exact_mw,cdc4a450a40af8e24899239080e4c40992fb5baf91c5a31ab3a165eacb3a1ab3,"{""distance"":5,""physical_error_rate"":0.0002}","{""detection_events"":333145,""detectors_checked"":378011648}"
   1768448,         0,         0,    31.7,exact_mw,70a969f5042aec17ac076c6379f4170fb7c69b8e925756ef3b7334e28a33338b,"{""distance"":5,""physical_error_rate"":0.0001}","{""detection_events"":174843,""detectors_checked"":396132352}"
   1841152,         0,         0,    31.7,exact_mw,70a969f5042aec17ac076c6379f4170fb7c69b8e925756ef3b7334e28a33338b,"{""distance"":5,""physical_error_rate"":0.0001}","{""detection_events"":182447,""detectors_checked"":412418048}"
   1759232,         0,         0,    31.9,exact_mw,f32ebecd8e105e50ec838d33c5ed9b45444b6b44a3c6ac541111079f2b14e893,"{""distance"":5,""physical_error_rate"":5e-05}","{""detection_events"":86078,""detectors_checked"":394067968}"
   1812480,         0,         0,    31.8,exact_mw,cdc4a450a40af8e24899239080e4c40992fb5baf91c5a31ab3a165eacb3a1ab3,"{""distance"":5,""physical_error_rate"":0.0002}","{""detection_events"":356247,""detectors_checked"":405995520}"
   2433024,         0,         0,    31.8,exact_mw,70a969f5042aec17ac076c6379f4170fb7c69b8e925756ef3b7334e28a33338b,"{""distance"":5,""physical_error_rate"":0.0001}","{""detection_events"":239736,""detectors_checked"":544997376}"
    592896,         2,         0,    32.0,exact_mw,bb90ec3459e353008cf9a5bb9142bf1e8515517a9e167021b225104594e48e8a,"{""distance"":5,""physical_error_rate"":0.001}","{""detection_events"":583997,""detectors_checked"":132808704,""obs_mistake_mask=E"":2}"
   1832960,        10,         0,   119.1,exact_mw,bb90ec3459e353008cf9a5bb9142bf1e8515517a9e167021b225104594e48e8a,"{""distance"":5,""physical_error_rate"":0.001}","{""detection_events"":1800135,""detectors_checked"":410583040,""obs_mistake_mask=E"":10}"
   6116352,         0,         0,   118.4,exact_mw,f32ebecd8e105e50ec838d33c5ed9b45444b6b44a3c6ac541111079f2b14e893,"{""distance"":5,""physical_error_rate"":5e-05}","{""detection_events"":302358,""detectors_checked"":1370062848}"
   1937408,        10,         0,   119.1,exact_mw,bb90ec3459e353008cf9a5bb9142bf1e8515517a9e167021b225104594e48e8a,"{""distance"":5,""physical_error_rate"":0.001}","{""detection_events"":1901134,""detectors_checked"":433979392,""obs_mistake_mask=E"":10}"
    507904,         3,         0,    32.0,exact_mw,bb90ec3459e353008cf9a5bb9142bf1e8515517a9e167021b225104594e48e8a,"{""distance"":5,""physical_error_rate"":0.001}","{""detection_events"":496879,""detectors_checked"":113770496,""obs_mistake_mask=E"":3}"
   1802240,        12,         0,   119.3,exact_mw,bb90ec3459e353008cf9a5bb9142bf1e8515517a9e167021b225104594e48e8a,"{""distance"":5,""physical_error_rate"":0.001}","{""detection_events"":1772809,""detectors_checked"":403701760,""obs_mistake_mask=E"":12}"
    974805,         0,         0,    5.74,exact_mw,f32ebecd8e105e50ec838d33c5ed9b45444b6b44a3c6ac541111079f2b14e893,"{""distance"":5,""physical_error_rate"":5e-05}","{""detection_events"":48323,""detectors_checked"":218356320}"
   1464320,         0,         0,    31.6,exact_mw,cb12ae119b9b2ba18d0216e7235b403229e92fd0743ede48fe7f1a2c6f45d594,"{""distance"":5,""physical_error_rate"":0.0005}","{""detection_events"":720742,""detectors_checked"":328007680}"
    585728,         4,         0,    32.0,exact_mw,bb90ec3459e353008cf9a5bb9142bf1e8515517a9e167021b225104594e48e8a,"{""distance"":5,""physical_error_rate"":0.001}","{""detection_events"":576165,""detectors_checked"":131203072,""obs_mistake_mask=E"":4}"
   2658304,         3,         0,    31.8,exact_mw,cb12ae119b9b2ba18d0216e7235b403229e92fd0743ede48fe7f1a2c6f45d594,"{""distance"":5,""physical_error_rate"":0.0005}","{""detection_events"":1309303,""detectors_checked"":595460096,""obs_mistake_mask=E"":3}"
    596992,         4,         0,    32.0,exact_mw,bb90ec3459e353008cf9a5bb9142bf1e8515517a9e167021b225104594e48e8a,"{""distance"":5,""physical_error_rate"":0.001}","{""detection_events"":585125,""detectors_checked"":133726208,""obs_mistake_mask=E"":4}"
   4545536,         3,         0,   118.6,exact_mw,cb12ae119b9b2ba18d0216e7235b403229e92fd0743ede48fe7f1a2c6f45d594,"{""distance"":5,""physical_error_rate"":0.0005}","{""detection_events"":2238506,""detectors_checked"":1018200064,""obs_mistake_mask=E"":3}"
   7116800,         0,         0,   118.3,exact_mw,70a969f5042aec17ac076c6379f4170fb7c69b8e925756ef3b7334e28a33338b,"{""distance"":5,""physical_error_rate"":0.0001}","{""detection_events"":698777,""detectors_checked"":1594163200}"
   8388608,         0,         0,   118.6,exact_mw,f32ebecd8e105e50ec838d33c5ed9b45444b6b44a3c6ac541111079f2b14e893,"{""distance"":5,""physical_error_rate"":5e-05}","{""detection_events"":413893,""detectors_checked"":1879048192}"
   7511040,         0,         0,   118.5,exact_mw,f32ebecd8e105e50ec838d33c5ed9b45444b6b44a3c6ac541111079f2b14e893,"{""distance"":5,""physical_error_rate"":5e-05}","{""detection_events"":371985,""detectors_checked"":1682472960}"
   2262016,        11,         0,   119.2,exact_mw,bb90ec3459e353008cf9a5bb9142bf1e8515517a9e167021b225104594e48e8a,"{""distance"":5,""physical_error_rate"":0.001}","{""detection_events"":2218056,""detectors_checked"":506691584,""obs_mistake_mask=E"":11}"
   6081536,         0,         0,   118.4,exact_mw,cdc4a450a40af8e24899239080e4c40992fb5baf91c5a31ab3a165eacb3a1ab3,"{""distance"":5,""physical_error_rate"":0.0002}","{""detection_events"":1203152,""detectors_checked"":1362264064}"
   7263232,         0,         0,   118.6,exact_mw,70a969f5042aec17ac076c6379f4170fb7c69b8e925756ef3b7334e28a33338b,"{""distance"":5,""physical_error_rate"":0.0001}","{""detection_events"":716446,""detectors_checked"":1626963968}"
   7316480,         0,         0,   118.8,exact_mw,cdc4a450a40af8e24899239080e4c40992fb5baf91c5a31ab3a165eacb3a1ab3,"{""distance"":5,""physical_error_rate"":0.0002}","{""detection_events"":1441702,""detectors_checked"":1638891520}"
   6406144,         0,         0,   118.8,exact_mw,f32ebecd8e105e50ec838d33c5ed9b45444b6b44a3c6ac541111079f2b14e893,"{""distance"":5,""physical_error_rate"":5e-05}","{""detection_events"":317493,""detectors_checked"":1434976256}"
   5858304,         0,         0,   118.4,exact_mw,cdc4a450a40af8e24899239080e4c40992fb5baf91c5a31ab3a165eacb3a1ab3,"{""distance"":5,""physical_error_rate"":0.0002}","{""detection_events"":1154494,""detectors_checked"":1312260096}"
   2254848,        11,         0,   119.3,exact_mw,bb90ec3459e353008cf9a5bb9142bf1e8515517a9e167021b225104594e48e8a,"{""distance"":5,""physical_error_rate"":0.001}","{""detection_events"":2213421,""detectors_checked"":505085952,""obs_mistake_mask=E"":11}"
   5251072,         3,         0,   118.9,exact_mw,cb12ae119b9b2ba18d0216e7235b403229e92fd0743ede48fe7f1a2c6f45d594,"{""distance"":5,""physical_error_rate"":0.0005}","{""detection_events"":2582744,""detectors_checked"":1176240128,""obs_mistake_mask=E"":3}"
   6854656,         0,         0,   118.5,exact_mw,f32ebecd8e105e50ec838d33c5ed9b45444b6b44a3c6ac541111079f2b14e893,"{""distance"":5,""physical_error_rate"":5e-05}","{""detection_events"":338578,""detectors_checked"":1535442944}"
   7494656,         0,         0,   118.4,exact_mw,70a969f5042aec17ac076c6379f4170fb7c69b8e925756ef3b7334e28a33338b,"{""distance"":5,""physical_error_rate"":0.0001}","{""detection_events"":740775,""detectors_checked"":1678802944}"
   7222272,         0,         0,   118.5,exact_mw,70a969f5042aec17ac076c6379f4170fb7c69b8e925756ef3b7334e28a33338b,"{""distance"":5,""physical_error_rate"":0.0001}","{""detection_events"":709988,""detectors_checked"":1617788928}"
   5910528,         2,         0,   118.4,exact_mw,cb12ae119b9b2ba18d0216e7235b403229e92fd0743ede48fe7f1a2c6f45d594,"{""distance"":5,""physical_error_rate"":0.0005}","{""detection_events"":2909310,""detectors_checked"":1323958272,""obs_mistake_mask=E"":2}"
   2195456,         8,         0,   119.2,exact_mw,bb90ec3459e353008cf9a5bb9142bf1e8515517a9e167021b225104594e48e8a,"{""distance"":5,""physical_error_rate"":0.001}","{""detection_events"":2156778,""detectors_checked"":491782144,""obs_mistake_mask=E"":8}"
   6603776,         0,         0,   118.6,exact_mw,f32ebecd8e105e50ec838d33c5ed9b45444b6b44a3c6ac541111079f2b14e893,"{""distance"":5,""physical_error_rate"":5e-05}","{""detection_events"":325860,""detectors_checked"":1479245824}"
   5458944,         2,         0,   119.1,exact_mw,cb12ae119b9b2ba18d0216e7235b403229e92fd0743ede48fe7f1a2c6f45d594,"{""distance"":5,""physical_error_rate"":0.0005}","{""detection_events"":2682600,""detectors_checked"":1222803456,""obs_mistake_mask=E"":2}"
  10236928,         0,         0,   118.9,exact_mw,cdc4a450a40af8e24899239080e4c40992fb5baf91c5a31ab3a165eacb3a1ab3,"{""distance"":5,""physical_error_rate"":0.0002}","{""detection_events"":2017387,""detectors_checked"":2293071872}"
   5771264,         0,         0,   118.1,exact_mw,70a969f5042aec17ac076c6379f4170fb7c69b8e925756ef3b7334e28a33338b,"{""distance"":5,""physical_error_rate"":0.0001}","{""detection_events"":569341,""detectors_checked"":1292763136}"
   1760256,         9,         0,   119.2,exact_mw,bb90ec3459e353008cf9a5bb9142bf1e8515517a9e167021b225104594e48e8a,"{""distance"":5,""physical_error_rate"":0.001}","{""detection_events"":1731990,""detectors_checked"":394297344,""obs_mistake_mask=E"":9}"
   7855104,         0,         0,   118.6,exact_mw,f32ebecd8e105e50ec838d33c5ed9b45444b6b44a3c6ac541111079f2b14e893,"{""distance"":5,""physical_error_rate"":5e-05}","{""detection_events"":386875,""detectors_checked"":1759543296}"
   6547456,         0,         0,   118.5,exact_mw,cdc4a450a40af8e24899239080e4c40992fb5baf91c5a31ab3a165eacb3a1ab3,"{""distance"":5,""physical_error_rate"":0.0002}","{""detection_events"":1291139,""detectors_checked"":1466630144}"
   5586944,         0,         0,    44.6,exact_mw,f32ebecd8e105e50ec838d33c5ed9b45444b6b44a3c6ac541111079f2b14e893,"{""distance"":5,""physical_error_rate"":5e-05}","{""detection_events"":274611,""detectors_checked"":1251475456}"
   7959552,         0,         0,   118.4,exact_mw,70a969f5042aec17ac076c6379f4170fb7c69b8e925756ef3b7334e28a33338b,"{""distance"":5,""physical_error_rate"":0.0001}","{""detection_events"":780455,""detectors_checked"":1782939648}"
   6240256,         0,         0,   118.2,exact_mw,f32ebecd8e105e50ec838d33c5ed9b45444b6b44a3c6ac541111079f2b14e893,"{""distance"":5,""physical_error_rate"":5e-05}","{""detection_events"":307732,""detectors_checked"":1397817344}"
   5214208,         2,         0,   118.8,exact_mw,cb12ae119b9b2ba18d0216e7235b403229e92fd0743ede48fe7f1a2c6f45d594,"{""distance"":5,""physical_error_rate"":0.0005}","{""detection_events"":2562456,""detectors_checked"":1167982592,""obs_mistake_mask=E"":2}"
   1884160,        11,         0,   119.3,exact_mw,bb90ec3459e353008cf9a5bb9142bf1e8515517a9e167021b225104594e48e8a,"{""distance"":5,""physical_error_rate"":0.001}","{""detection_events"":1850361,""detectors_checked"":422051840,""obs_mistake_mask=E"":11}"
   1883136,         0,         0,    44.6,exact_mw,cb12ae119b9b2ba18d0216e7235b403229e92fd0743ede48fe7f1a2c6f45d594,"{""distance"":5,""physical_error_rate"":0.0005}","{""detection_events"":929898,""detectors_checked"":421822464}"
   6363136,         0,         0,   118.3,exact_mw,70a969f5042aec17ac076c6379f4170fb7c69b8e925756ef3b7334e28a33338b,"{""distance"":5,""physical_error_rate"":0.0001}","{""detection_events"":627123,""detectors_checked"":1425342464}"
   7495680,         0,         0,   118.5,exact_mw,cdc4a450a40af8e24899239080e4c40992fb5baf91c5a31ab3a165eacb3a1ab3,"{""distance"":5,""physical_error_rate"":0.0002}","{""detection_events"":1478388,""detectors_checked"":1679032320}"
   1868800,         2,         0,   119.2,exact_mw,bb90ec3459e353008cf9a5bb9142bf1e8515517a9e167021b225104594e48e8a,"{""distance"":5,""physical_error_rate"":0.001}","{""detection_events"":1830041,""detectors_checked"":418611200,""obs_mistake_mask=E"":2}"
   2913280,         0,         0,    44.6,exact_mw,f32ebecd8e105e50ec838d33c5ed9b45444b6b44a3c6ac541111079f2b14e893,"{""distance"":5,""physical_error_rate"":5e-05}","{""detection_events"":143071,""detectors_checked"":652574720}"
   2866176,         0,         0,    44.4,exact_mw,cdc4a450a40af8e24899239080e4c40992fb5baf91c5a31ab3a165eacb3a1ab3,"{""distance"":5,""physical_error_rate"":0.0002}","{""detection_events"":564950,""detectors_checked"":642023424}"
   3176448,         0,         0,    44.3,exact_mw,f32ebecd8e105e50ec838d33c5ed9b45444b6b44a3c6ac541111079f2b14e893,"{""distance"":5,""physical_error_rate"":5e-05}","{""detection_events"":156192,""detectors_checked"":711524352}"
   2912256,         0,         0,    44.5,exact_mw,cdc4a450a40af8e24899239080e4c40992fb5baf91c5a31ab3a165eacb3a1ab3,"{""distance"":5,""physical_error_rate"":0.0002}","{""detection_events"":575062,""detectors_checked"":652345344}"
   2657280,         0,         0,    44.5,exact_mw,f32ebecd8e105e50ec838d33c5ed9b45444b6b44a3c6ac541111079f2b14e893,"{""distance"":5,""physical_error_rate"":5e-05}","{""detection_events"":131260,""detectors_checked"":595230720}"
   2073600,         0,         0,    44.4,exact_mw,cb12ae119b9b2ba18d0216e7235b403229e92fd0743ede48fe7f1a2c6f45d594,"{""distance"":5,""physical_error_rate"":0.0005}","{""detection_events"":1019977,""detectors_checked"":464486400}"
   2764800,         0,         0,    44.5,exact_mw,70a969f5042aec17ac076c6379f4170fb7c69b8e925756ef3b7334e28a33338b,"{""distance"":5,""physical_error_rate"":0.0001}","{""detection_events"":272909,""detectors_checked"":619315200}"
   2945024,         0,         0,    44.5,exact_mw,cdc4a450a40af8e24899239080e4c40992fb5baf91c5a31ab3a165eacb3a1ab3,"{""distance"":5,""physical_error_rate"":0.0002}","{""detection_events"":581162,""detectors_checked"":659685376}"
   2654208,         0,         0,    44.5,exact_mw,70a969f5042aec17ac076c6379f4170fb7c69b8e925756ef3b7334e28a33338b,"{""distance"":5,""physical_error_rate"":0.0001}","{""detection_events"":263394,""detectors_checked"":594542592}"
   2680832,         0,         0,    44.6,exact_mw,70a969f5042aec17ac076c6379f4170fb7c69b8e925756ef3b7334e28a33338b,"{""distance"":5,""physical_error_rate"":0.0001}","{""detection_events"":265231,""detectors_checked"":600506368}"
   2644992,         0,         0,    44.4,exact_mw,70a969f5042aec17ac076c6379f4170fb7c69b8e925756ef3b7334e28a33338b,"{""distance"":5,""physical_error_rate"":0.0001}","{""detection_events"":262363,""detectors_checked"":592478208}"
   2701312,         0,         0,    44.5,exact_mw,f32ebecd8e105e50ec838d33c5ed9b45444b6b44a3c6ac541111079f2b14e893,"{""distance"":5,""physical_error_rate"":5e-05}","{""detection_events"":133456,""detectors_checked"":605093888}"
   2145280,         0,         0,    44.5,exact_mw,cdc4a450a40af8e24899239080e4c40992fb5baf91c5a31ab3a165eacb3a1ab3,"{""distance"":5,""physical_error_rate"":0.0002}","{""detection_events"":422044,""detectors_checked"":480542720}"
   2804736,         0,         0,    44.4,exact_mw,70a969f5042aec17ac076c6379f4170fb7c69b8e925756ef3b7334e28a33338b,"{""distance"":5,""physical_error_rate"":0.0001}","{""detection_events"":278682,""detectors_checked"":628260864}"
    799744,         2,         0,    44.9,exact_mw,bb90ec3459e353008cf9a5bb9142bf1e8515517a9e167021b225104594e48e8a,"{""distance"":5,""physical_error_rate"":0.001}","{""detection_events"":788011,""detectors_checked"":179142656,""obs_mistake_mask=E"":2}"
   5078016,         2,         0,   118.9,exact_mw,cb12ae119b9b2ba18d0216e7235b403229e92fd0743ede48fe7f1a2c6f45d594,"{""distance"":5,""physical_error_rate"":0.0005}","{""detection_events"":2498035,""detectors_checked"":1137475584,""obs_mistake_mask=E"":2}"
    753664,         3,         0,    44.8,exact_mw,bb90ec3459e353008cf9a5bb9142bf1e8515517a9e167021b225104594e48e8a,"{""distance"":5,""physical_error_rate"":0.001}","{""detection_events"":739968,""detectors_checked"":168820736,""obs_mistake_mask=E"":3}"
   8420352,         0,         0,    87.3,exact_mw,cdc4a450a40af8e24899239080e4c40992fb5baf91c5a31ab3a165eacb3a1ab3,"{""distance"":5,""physical_error_rate"":0.0002}","{""detection_events"":1666881,""detectors_checked"":1886158848}"
   1970176,         2,         0,    44.4,exact_mw,cb12ae119b9b2ba18d0216e7235b403229e92fd0743ede48fe7f1a2c6f45d594,"{""distance"":5,""physical_error_rate"":0.0005}","{""detection_events"":965396,""detectors_checked"":441319424,""obs_mistake_mask=E"":2}"
    797696,         3,         0,    44.8,exact_mw,bb90ec3459e353008cf9a5bb9142bf1e8515517a9e167021b225104594e48e8a,"{""distance"":5,""physical_error_rate"":0.001}","{""detection_events"":784252,""detectors_checked"":178683904,""obs_mistake_mask=E"":3}"
   1372160,         9,         0,    87.6,exact_mw,bb90ec3459e353008cf9a5bb9142bf1e8515517a9e167021b225104594e48e8a,"{""distance"":5,""physical_error_rate"":0.001}","{""detection_events"":1345507,""detectors_checked"":307363840,""obs_mistake_mask=E"":9}"
   1888256,        13,         0,    87.6,exact_mw,bb90ec3459e353008cf9a5bb9142bf1e8515517a9e167021b225104594e48e8a,"{""distance"":5,""physical_error_rate"":0.001}","{""detection_events"":1854200,""detectors_checked"":422969344,""obs_mistake_mask=E"":13}"
   2595840,         1,         0,    44.6,exact_mw,cb12ae119b9b2ba18d0216e7235b403229e92fd0743ede48fe7f1a2c6f45d594,"{""distance"":5,""physical_error_rate"":0.0005}","{""detection_events"":1278091,""detectors_checked"":581468160,""obs_mistake_mask=E"":1}"
    757760,         6,         0,    44.7,exact_mw,bb90ec3459e353008cf9a5bb9142bf1e8515517a9e167021b225104594e48e8a,"{""distance"":5,""physical_error_rate"":0.001}","{""detection_events"":746510,""detectors_checked"":169738240,""obs_mistake_mask=E"":6}"
   4126720,         1,         0,    87.2,exact_mw,cb12ae119b9b2ba18d0216e7235b403229e92fd0743ede48fe7f1a2c6f45d594,"{""distance"":5,""physical_error_rate"":0.0005}","{""detection_events"":2031072,""detectors_checked"":924385280,""obs_mistake_mask=E"":1}"
   8567641,         0,         0,    55.6,exact_mw,cdc4a450a40af8e24899239080e4c40992fb5baf91c5a31ab3a165eacb3a1ab3,"{""distance"":5,""physical_error_rate"":0.0002}","{""detection_events"":1690148,""detectors_checked"":1919151584}"
   1426432,         9,         0,    87.6,exact_mw,bb90ec3459e353008cf9a5bb9142bf1e8515517a9e167021b225104594e48e8a,"{""distance"":5,""physical_error_rate"":0.001}","{""detection_events"":1395955,""detectors_checked"":319520768,""obs_mistake_mask=E"":9}"
   3667968,         3,         0,    87.4,exact_mw,cb12ae119b9b2ba18d0216e7235b403229e92fd0743ede48fe7f1a2c6f45d594,"{""distance"":5,""physical_error_rate"":0.0005}","{""detection_events"":1803320,""detectors_checked"":821624832,""obs_mistake_mask=E"":3}"
   5117952,         0,         0,    87.2,exact_mw,cdc4a450a40af8e24899239080e4c40992fb5baf91c5a31ab3a165eacb3a1ab3,"{""distance"":5,""physical_error_rate"":0.0002}","{""detection_events"":1009319,""detectors_checked"":1146421248}"
   5117952,         0,         0,    87.2,exact_mw,70a969f5042aec17ac076c6379f4170fb7c69b8e925756ef3b7334e28a33338b,"{""distance"":5,""physical_error_rate"":0.0001}","{""detection_events"":503373,""detectors_checked"":1146421248}"
   4603904,         0,         0,    86.9,exact_mw,f32ebecd8e105e50ec838d33c5ed9b45444b6b44a3c6ac541111079f2b14e893,"{""distance"":5,""physical_error_rate"":5e-05}","{""detection_events"":226738,""detectors_checked"":1031274496}"
   5328896,         0,         0,    86.8,exact_mw,f32ebecd8e105e50ec838d33c5ed9b45444b6b44a3c6ac541111079f2b14e893,"{""distance"":5,""physical_error_rate"":5e-05}","{""detection_events"":263694,""detectors_checked"":1193672704}"
   5662720,         0,         0,    87.4,exact_mw,70a969f5042aec17ac076c6379f4170fb7c69b8e925756ef3b7334e28a33338b,"{""distance"":5,""physical_error_rate"":0.0001}","{""detection_events"":560139,""detectors_checked"":1268449280}"
   5091328,         0,         0,    87.2,exact_mw,cdc4a450a40af8e24899239080e4c40992fb5baf91c5a31ab3a165eacb3a1ab3,"{""distance"":5,""physical_error_rate"":0.0002}","{""detection_events"":1003081,""detectors_checked"":1140457472}"
   1466368,         8,         0,    87.7,exact_mw,bb90ec3459e353008cf9a5bb9142bf1e8515517a9e167021b225104594e48e8a,"{""distance"":5,""physical_error_rate"":0.001}","{""detection_events"":1438191,""detectors_checked"":328466432,""obs_mistake_mask=E"":8}"
   3706880,         1,         0,    87.2,exact_mw,cb12ae119b9b2ba18d0216e7235b403229e92fd0743ede48fe7f1a2c6f45d594,"{""distance"":5,""physical_error_rate"":0.0005}","{""detection_events"":1826889,""detectors_checked"":830341120,""obs_mistake_mask=E"":1}"
  11907187,         8,         0,    85.2,exact_mw,cb12ae119b9b2ba18d0216e7235b403229e92fd0743ede48fe7f1a2c6f45d594,"{""distance"":5,""physical_error_rate"":0.0005}","{""detection_events"":5859392,""detectors_checked"":2667209888,""obs_mistake_mask=E"":8}"
  16340623,         0,         0,   114.6,exact_mw,f32ebecd8e105e50ec838d33c5ed9b45444b6b44a3c6ac541111079f2b14e893,"{""distance"":5,""physical_error_rate"":5e-05}","{""detection_events"":803739,""detectors_checked"":3660299552}"
  15198208,         0,         0,    79.2,exact_mw,f32ebecd8e105e50ec838d33c5ed9b45444b6b44a3c6ac541111079f2b14e893,"{""distance"":5,""physical_error_rate"":5e-05}","{""detection_events"":750559,""detectors_checked"":3404398592}"
  10753679,         0,         0,    44.1,exact_mw,f32ebecd8e105e50ec838d33c5ed9b45444b6b44a3c6ac541111079f2b14e893,"{""distance"":5,""physical_error_rate"":5e-05}","{""detection_events"":530898,""detectors_checked"":2408824096}"
   4945920,         3,         0,   118.8,exact_mw,cb12ae119b9b2ba18d0216e7235b403229e92fd0743ede48fe7f1a2c6f45d594,"{""distance"":5,""physical_error_rate"":0.0005}","{""detection_events"":2431423,""detectors_checked"":1107886080,""obs_mistake_mask=E"":3}"
   6611968,         0,         0,   118.6,exact_mw,70a969f5042aec17ac076c6379f4170fb7c69b8e925756ef3b7334e28a33338b,"{""distance"":5,""physical_error_rate"":0.0001}","{""detection_events"":651867,""detectors_checked"":1481080832}"
   6878208,         0,         0,   118.8,exact_mw,70a969f5042aec17ac076c6379f4170fb7c69b8e925756ef3b7334e28a33338b,"{""distance"":5,""physical_error_rate"":0.0001}","{""detection_events"":677193,""detectors_checked"":1540718592}"
   1876992,        18,         0,   118.9,exact_mw,bb90ec3459e353008cf9a5bb9142bf1e8515517a9e167021b225104594e48e8a,"{""distance"":5,""physical_error_rate"":0.001}","{""detection_events"":1845341,""detectors_checked"":420446208,""obs_mistake_mask=E"":18}"
   6668288,         0,         0,   118.2,exact_mw,cdc4a450a40af8e24899239080e4c40992fb5baf91c5a31ab3a165eacb3a1ab3,"{""distance"":5,""physical_error_rate"":0.0002}","{""detection_events"":1317498,""detectors_checked"":1493696512}"
   7092224,         0,         0,   118.6,exact_mw,cdc4a450a40af8e24899239080e4c40992fb5baf91c5a31ab3a165eacb3a1ab3,"{""distance"":5,""physical_error_rate"":0.0002}","{""detection_events"":1399152,""detectors_checked"":1588658176}"
   6445056,         0,         0,   118.7,exact_mw,f32ebecd8e105e50ec838d33c5ed9b45444b6b44a3c6ac541111079f2b14e893,"{""distance"":5,""physical_error_rate"":5e-05}","{""detection_events"":316734,""detectors_checked"":1443692544}"
   1886208,         8,         0,   119.1,exact_mw,bb90ec3459e353008cf9a5bb9142bf1e8515517a9e167021b225104594e48e8a,"{""distance"":5,""physical_error_rate"":0.001}","{""detection_events"":1845881,""detectors_checked"":422510592,""obs_mistake_mask=E"":8}"
   6728704,         0,         0,   118.3,exact_mw,f32ebecd8e105e50ec838d33c5ed9b45444b6b44a3c6ac541111079f2b14e893,"{""distance"":5,""physical_error_rate"":5e-05}","{""detection_events"":333670,""detectors_checked"":1507229696}"
  20819287,         0,         0,    99.9,exact_mw,70a969f5042aec17ac076c6379f4170fb7c69b8e925756ef3b7334e28a33338b,"{""distance"":5,""physical_error_rate"":0.0001}","{""detection_events"":2053407,""detectors_checked"":4663520288}"
   6867968,         0,         0,   118.4,exact_mw,70a969f5042aec17ac076c6379f4170fb7c69b8e925756ef3b7334e28a33338b,"{""distance"":5,""physical_error_rate"":0.0001}","{""detection_events"":676739,""detectors_checked"":1538424832}"
   4908032,         4,         0,   118.6,exact_mw,cb12ae119b9b2ba18d0216e7235b403229e92fd0743ede48fe7f1a2c6f45d594,"{""distance"":5,""physical_error_rate"":0.0005}","{""detection_events"":2414954,""detectors_checked"":1099399168,""obs_mistake_mask=E"":4}"
   2409472,         1,         0,    62.3,exact_mw,cb12ae119b9b2ba18d0216e7235b403229e92fd0743ede48fe7f1a2c6f45d594,"{""distance"":5,""physical_error_rate"":0.0005}","{""detection_events"":1183399,""detectors_checked"":539721728,""obs_mistake_mask=E"":1}"
   3026944,         0,         0,    62.5,exact_mw,f32ebecd8e105e50ec838d33c5ed9b45444b6b44a3c6ac541111079f2b14e893,"{""distance"":5,""physical_error_rate"":5e-05}","{""detection_events"":150992,""detectors_checked"":678035456}"
   3109888,         0,         0,    62.1,exact_mw,cdc4a450a40af8e24899239080e4c40992fb5baf91c5a31ab3a165eacb3a1ab3,"{""distance"":5,""physical_error_rate"":0.0002}","{""detection_events"":613327,""detectors_checked"":696614912}"
   2991104,         0,         0,    62.2,exact_mw,f32ebecd8e105e50ec838d33c5ed9b45444b6b44a3c6ac541111079f2b14e893,"{""distance"":5,""physical_error_rate"":5e-05}","{""detection_events"":147829,""detectors_checked"":670007296}"
   3140608,         0,         0,    62.1,exact_mw,cdc4a450a40af8e24899239080e4c40992fb5baf91c5a31ab3a165eacb3a1ab3,"{""distance"":5,""physical_error_rate"":0.0002}","{""detection_events"":618967,""detectors_checked"":703496192}"
   2878464,         0,         0,    62.4,exact_mw,f32ebecd8e105e50ec838d33c5ed9b45444b6b44a3c6ac541111079f2b14e893,"{""distance"":5,""physical_error_rate"":5e-05}","{""detection_events"":142675,""detectors_checked"":644775936}"
   2227200,         0,         0,    62.3,exact_mw,cb12ae119b9b2ba18d0216e7235b403229e92fd0743ede48fe7f1a2c6f45d594,"{""distance"":5,""physical_error_rate"":0.0005}","{""detection_events"":1097602,""detectors_checked"":498892800}"
   3084288,         0,         0,    62.2,exact_mw,70a969f5042aec17ac076c6379f4170fb7c69b8e925756ef3b7334e28a33338b,"{""distance"":5,""physical_error_rate"":0.0001}","{""detection_events"":305788,""detectors_checked"":690880512}"
   2912256,         0,         0,    62.4,exact_mw,70a969f5042aec17ac076c6379f4170fb7c69b8e925756ef3b7334e28a33338b,"{""distance"":5,""physical_error_rate"":0.0001}","{""detection_events"":288109,""detectors_checked"":652345344}"
   3139584,         0,         0,    62.3,exact_mw,cdc4a450a40af8e24899239080e4c40992fb5baf91c5a31ab3a165eacb3a1ab3,"{""distance"":5,""physical_error_rate"":0.0002}","{""detection_events"":615596,""detectors_checked"":703266816}"
   2766848,         0,         0,    62.2,exact_mw,70a969f5042aec17ac076c6379f4170fb7c69b8e925756ef3b7334e28a33338b,"{""distance"":5,""physical_error_rate"":0.0001}","{""detection_events"":273621,""detectors_checked"":619773952}"
   3317760,         0,         0,    62.2,exact_mw,70a969f5042aec17ac076c6379f4170fb7c69b8e925756ef3b7334e28a33338b,"{""distance"":5,""physical_error_rate"":0.0001}","{""detection_events"":325736,""detectors_checked"":743178240}"
   3269632,         0,         0,    62.3,exact_mw,f32ebecd8e105e50ec838d33c5ed9b45444b6b44a3c6ac541111079f2b14e893,"{""distance"":5,""physical_error_rate"":5e-05}","{""detection_events"":162391,""detectors_checked"":732397568}"
   2592768,         0,         0,    62.1,exact_mw,cdc4a450a40af8e24899239080e4c40992fb5baf91c5a31ab3a165eacb3a1ab3,"{""distance"":5,""physical_error_rate"":0.0002}","{""detection_events"":513325,""detectors_checked"":580780032}"
   2925568,         0,         0,    62.1,exact_mw,70a969f5042aec17ac076c6379f4170fb7c69b8e925756ef3b7334e28a33338b,"{""distance"":5,""physical_error_rate"":0.0001}","{""detection_events"":286564,""detectors_checked"":655327232}"
    850944,         7,         0,    62.6,exact_mw,bb90ec3459e353008cf9a5bb9142bf1e8515517a9e167021b225104594e48e8a,"{""distance"":5,""physical_error_rate"":0.001}","{""detection_events"":832506,""detectors_checked"":190611456,""obs_mistake_mask=E"":7}"
    910336,         2,         0,    62.7,exact_mw,bb90ec3459e353008cf9a5bb9142bf1e8515517a9e167021b225104594e48e8a,"{""distance"":5,""physical_error_rate"":0.001}","{""detection_events"":889886,""detectors_checked"":203915264,""obs_mistake_mask=E"":2}"
   2324480,         2,         0,    62.4,exact_mw,cb12ae119b9b2ba18d0216e7235b403229e92fd0743ede48fe7f1a2c6f45d594,"{""distance"":5,""physical_error_rate"":0.0005}","{""detection_events"":1143989,""detectors_checked"":520683520,""obs_mistake_mask=E"":2}"
    871424,         5,         0,    62.5,exact_mw,bb90ec3459e353008cf9a5bb9142bf1e8515517a9e167021b225104594e48e8a,"{""distance"":5,""physical_error_rate"":0.001}","{""detection_events"":857666,""detectors_checked"":195198976,""obs_mistake_mask=E"":5}"
   5947392,         2,         0,    62.1,exact_mw,cb12ae119b9b2ba18d0216e7235b403229e92fd0743ede48fe7f1a2c6f45d594,"{""distance"":5,""physical_error_rate"":0.0005}","{""detection_events"":2927613,""detectors_checked"":1332215808,""obs_mistake_mask=E"":2}"
    884736,         5,         0,    62.7,exact_mw,bb90ec3459e353008cf9a5bb9142bf1e8515517a9e167021b225104594e48e8a,"{""distance"":5,""physical_error_rate"":0.001}","{""detection_events"":868135,""detectors_checked"":198180864,""obs_mistake_mask=E"":5}"
   6651904,         0,         0,   118.6,exact_mw,f32ebecd8e105e50ec838d33c5ed9b45444b6b44a3c6ac541111079f2b14e893,"{""distance"":5,""physical_error_rate"":5e-05}","{""detection_events"":328156,""detectors_checked"":1490026496}"
   6343680,        42,         0,   119.4,exact_mw,bb90ec3459e353008cf9a5bb9142bf1e8515517a9e167021b225104594e48e8a,"{""distance"":5,""physical_error_rate"":0.001}","{""detection_events"":6237879,""detectors_checked"":1420984320,""obs_mistake_mask=E"":42}"
   6412288,         0,         0,   118.7,exact_mw,70a969f5042aec17ac076c6379f4170fb7c69b8e925756ef3b7334e28a33338b,"{""distance"":5,""physical_error_rate"":0.0001}","{""detection_events"":632147,""detectors_checked"":1436352512}"
   1891328,         6,         0,   119.4,exact_mw,bb90ec3459e353008cf9a5bb9142bf1e8515517a9e167021b225104594e48e8a,"{""distance"":5,""physical_error_rate"":0.001}","{""detection_events"":1854540,""detectors_checked"":423657472,""obs_mistake_mask=E"":6}"
   6697984,         0,         0,   118.3,exact_mw,70a969f5042aec17ac076c6379f4170fb7c69b8e925756ef3b7334e28a33338b,"{""distance"":5,""physical_error_rate"":0.0001}","{""detection_events"":659768,""detectors_checked"":1500348416}"
   6206464,         0,         0,   118.3,exact_mw,cdc4a450a40af8e24899239080e4c40992fb5baf91c5a31ab3a165eacb3a1ab3,"{""distance"":5,""physical_error_rate"":0.0002}","{""detection_events"":1224211,""detectors_checked"":1390247936}"
   6161408,         0,         0,   118.6,exact_mw,70a969f5042aec17ac076c6379f4170fb7c69b8e925756ef3b7334e28a33338b,"{""distance"":5,""physical_error_rate"":0.0001}","{""detection_events"":607439,""detectors_checked"":1380155392}"
   5902336,         0,         0,   118.6,exact_mw,cdc4a450a40af8e24899239080e4c40992fb5baf91c5a31ab3a165eacb3a1ab3,"{""distance"":5,""physical_error_rate"":0.0002}","{""detection_events"":1163565,""detectors_checked"":1322123264}"
   7469056,         0,         0,   118.3,exact_mw,f32ebecd8e105e50ec838d33c5ed9b45444b6b44a3c6ac541111079f2b14e893,"{""distance"":5,""physical_error_rate"":5e-05}","{""detection_events"":369007,""detectors_checked"":1673068544}"
   4801536,         5,         0,   118.5,exact_mw,cb12ae119b9b2ba18d0216e7235b403229e92fd0743ede48fe7f1a2c6f45d594,"{""distance"":5,""physical_error_rate"":0.0005}","{""detection_events"":2362309,""detectors_checked"":1075544064,""obs_mistake_mask=E"":5}"
   7662592,         0,         0,   118.4,exact_mw,70a969f5042aec17ac076c6379f4170fb7c69b8e925756ef3b7334e28a33338b,"{""distance"":5,""physical_error_rate"":0.0001}","{""detection_events"":757794,""detectors_checked"":1716420608}"
   6469632,         0,         0,   118.5,exact_mw,cdc4a450a40af8e24899239080e4c40992fb5baf91c5a31ab3a165eacb3a1ab3,"{""distance"":5,""physical_error_rate"":0.0002}","{""detection_events"":1274853,""detectors_checked"":1449197568}"
   8024064,         0,         0,   118.6,exact_mw,f32ebecd8e105e50ec838d33c5ed9b45444b6b44a3c6ac541111079f2b14e893,"{""distance"":5,""physical_error_rate"":5e-05}","{""detection_events"":394261,""detectors_checked"":1797390336}"
   5147648,         2,         0,   118.8,exact_mw,cb12ae119b9b2ba18d0216e7235b403229e92fd0743ede48fe7f1a2c6f45d594,"{""distance"":5,""physical_error_rate"":0.0005}","{""detection_events"":2533645,""detectors_checked"":1153073152,""obs_mistake_mask=E"":2}"
   6285312,         0,         0,   118.5,exact_mw,f32ebecd8e105e50ec838d33c5ed9b45444b6b44a3c6ac541111079f2b14e893,"{""distance"":5,""physical_error_rate"":5e-05}","{""detection_events"":309115,""detectors_checked"":1407909888}"
   4727808,         2,         0,   118.9,exact_mw,cb12ae119b9b2ba18d0216e7235b403229e92fd0743ede48fe7f1a2c6f45d594,"{""distance"":5,""physical_error_rate"":0.0005}","{""detection_events"":2326955,""detectors_checked"":1059028992,""obs_mistake_mask=E"":2}"
   4736000,         3,         0,   119.1,exact_mw,cb12ae119b9b2ba18d0216e7235b403229e92fd0743ede48fe7f1a2c6f45d594,"{""distance"":5,""physical_error_rate"":0.0005}","{""detection_events"":2331177,""detectors_checked"":1060864000,""obs_mistake_mask=E"":3}"
   7719936,         0,         0,   118.5,exact_mw,70a969f5042aec17ac076c6379f4170fb7c69b8e925756ef3b7334e28a33338b,"{""distance"":5,""physical_error_rate"":0.0001}","{""detection_events"":760450,""detectors_checked"":1729265664}"
   4515840,         2,         0,   118.4,exact_mw,cb12ae119b9b2ba18d0216e7235b403229e92fd0743ede48fe7f1a2c6f45d594,"{""distance"":5,""physical_error_rate"":0.0005}","{""detection_events"":2216686,""detectors_checked"":1011548160,""obs_mistake_mask=E"":2}"
   5945344,         0,         0,   118.5,exact_mw,f32ebecd8e105e50ec838d33c5ed9b45444b6b44a3c6ac541111079f2b14e893,"{""distance"":5,""physical_error_rate"":5e-05}","{""detection_events"":293394,""detectors_checked"":1331757056}"
   1708032,         5,         0,   119.1,exact_mw,bb90ec3459e353008cf9a5bb9142bf1e8515517a9e167021b225104594e48e8a,"{""distance"":5,""physical_error_rate"":0.001}","{""detection_events"":1674110,""detectors_checked"":382599168,""obs_mistake_mask=E"":5}"
   6556672,         0,         0,   118.3,exact_mw,f32ebecd8e105e50ec838d33c5ed9b45444b6b44a3c6ac541111079f2b14e893,"{""distance"":5,""physical_error_rate"":5e-05}","{""detection_events"":324333,""detectors_checked"":1468694528}"
   6726656,         0,         0,   118.5,exact_mw,cdc4a450a40af8e24899239080e4c40992fb5baf91c5a31ab3a165eacb3a1ab3,"{""distance"":5,""physical_error_rate"":0.0002}","{""detection_events"":1325407,""detectors_checked"":1506770944}"
   6548480,         1,         0,   118.5,exact_mw,cdc4a450a40af8e24899239080e4c40992fb5baf91c5a31ab3a165eacb3a1ab3,"{""distance"":5,""physical_error_rate"":0.0002}","{""detection_events"":1293435,""detectors_checked"":1466859520,""obs_mistake_mask=E"":1}"
   7673856,         0,         0,   118.7,exact_mw,cdc4a450a40af8e24899239080e4c40992fb5baf91c5a31ab3a165eacb3a1ab3,"{""distance"":5,""physical_error_rate"":0.0002}","{""detection_events"":1512810,""detectors_checked"":1718943744}"
   1788928,         9,         0,   119.3,exact_mw,bb90ec3459e353008cf9a5bb9142bf1e8515517a9e167021b225104594e48e8a,"{""distance"":5,""physical_error_rate"":0.001}","{""detection_events"":1757200,""detectors_checked"":400719872,""obs_mistake_mask=E"":9}"
   6608896,         0,         0,   118.5,exact_mw,70a969f5042aec17ac076c6379f4170fb7c69b8e925756ef3b7334e28a33338b,"{""distance"":5,""physical_error_rate"":0.0001}","{""detection_events"":651762,""detectors_checked"":1480392704}"
   1688576,         7,         0,   119.0,exact_mw,bb90ec3459e353008cf9a5bb9142bf1e8515517a9e167021b225104594e48e8a,"{""distance"":5,""physical_error_rate"":0.001}","{""detection_events"":1654542,""detectors_checked"":378241024,""obs_mistake_mask=E"":7}"
   1136640,         3,         0,    75.0,exact_mw,bb90ec3459e353008cf9a5bb9142bf1e8515517a9e167021b225104594e48e8a,"{""distance"":5,""physical_error_rate"":0.001}","{""detection_events"":1113510,""detectors_checked"":254607360,""obs_mistake_mask=E"":3}"
   1657856,         9,         0,   107.8,exact_mw,bb90ec3459e353008cf9a5bb9142bf1e8515517a9e167021b225104594e48e8a,"{""distance"":5,""physical_error_rate"":0.001}","{""detection_events"":1628679,""detectors_checked"":371359744,""obs_mistake_mask=E"":9}"
    421888,         2,         0,    28.4,exact_mw,bb90ec3459e353008cf9a5bb9142bf1e8515517a9e167021b225104594e48e8a,"{""distance"":5,""physical_error_rate"":0.001}","{""detection_events"":413112,""detectors_checked"":94502912,""obs_mistake_mask=E"":2}"
   2907136,        16,         0,   119.0,exact_mw,bb90ec3459e353008cf9a5bb9142bf1e8515517a9e167021b225104594e48e8a,"{""distance"":5,""physical_error_rate"":0.001}","{""detection_events"":2854452,""detectors_checked"":651198464,""obs_mistake_mask=E"":16}"
    171008,         1,         0,    9.41,exact_mw,bb90ec3459e353008cf9a5bb9142bf1e8515517a9e167021b225104594e48e8a,"{""distance"":5,""physical_error_rate"":0.001}","{""detection_events"":167602,""detectors_checked"":38305792,""obs_mistake_mask=E"":1}"
    978944,         6,         0,    66.2,exact_mw,bb90ec3459e353008cf9a5bb9142bf1e8515517a9e167021b225104594e48e8a,"{""distance"":5,""physical_error_rate"":0.001}","{""detection_events"":964648,""detectors_checked"":219283456,""obs_mistake_mask=E"":6}"
   1022976,         4,         0,    74.6,exact_mw,bb90ec3459e353008cf9a5bb9142bf1e8515517a9e167021b225104594e48e8a,"{""distance"":5,""physical_error_rate"":0.001}","{""detection_events"":1002942,""detectors_checked"":229146624,""obs_mistake_mask=E"":4}"
     69632,         0,         0,    4.03,exact_mw,bb90ec3459e353008cf9a5bb9142bf1e8515517a9e167021b225104594e48e8a,"{""distance"":5,""physical_error_rate"":0.001}","{""detection_events"":68532,""detectors_checked"":15597568}"
   1889280,        14,         0,   119.2,exact_mw,bb90ec3459e353008cf9a5bb9142bf1e8515517a9e167021b225104594e48e8a,"{""distance"":5,""physical_error_rate"":0.001}","{""detection_events"":1852234,""detectors_checked"":423198720,""obs_mistake_mask=E"":14}"
   1145856,        10,         0,    65.8,exact_mw,bb90ec3459e353008cf9a5bb9142bf1e8515517a9e167021b225104594e48e8a,"{""distance"":5,""physical_error_rate"":0.001}","{""detection_events"":1124043,""detectors_checked"":256671744,""obs_mistake_mask=E"":10}"
   1718272,         9,         0,   101.2,exact_mw,bb90ec3459e353008cf9a5bb9142bf1e8515517a9e167021b225104594e48e8a,"{""distance"":5,""physical_error_rate"":0.001}","{""detection_events"":1683948,""detectors_checked"":384892928,""obs_mistake_mask=E"":9}"
   1628160,         8,         0,   116.5,exact_mw,bb90ec3459e353008cf9a5bb9142bf1e8515517a9e167021b225104594e48e8a,"{""distance"":5,""physical_error_rate"":0.001}","{""detection_events"":1599324,""detectors_checked"":364707840,""obs_mistake_mask=E"":8}"
     59392,         0,         0,    3.11,exact_mw,bb90ec3459e353008cf9a5bb9142bf1e8515517a9e167021b225104594e48e8a,"{""distance"":5,""physical_error_rate"":0.001}","{""detection_events"":57726,""detectors_checked"":13303808}"
    185344,         2,         0,    8.89,exact_mw,bb90ec3459e353008cf9a5bb9142bf1e8515517a9e167021b225104594e48e8a,"{""distance"":5,""physical_error_rate"":0.001}","{""detection_events"":183009,""detectors_checked"":41517056,""obs_mistake_mask=E"":2}"
    850944,         3,         0,    62.1,exact_mw,bb90ec3459e353008cf9a5bb9142bf1e8515517a9e167021b225104594e48e8a,"{""distance"":5,""physical_error_rate"":0.001}","{""detection_events"":835793,""detectors_checked"":190611456,""obs_mistake_mask=E"":3}"
   1783808,        12,         0,   116.0,exact_mw,bb90ec3459e353008cf9a5bb9142bf1e8515517a9e167021b225104594e48e8a,"{""distance"":5,""physical_error_rate"":0.001}","{""detection_events"":1751164,""detectors_checked"":399572992,""obs_mistake_mask=E"":12}"
   1865728,         7,         0,   116.5,exact_mw,bb90ec3459e353008cf9a5bb9142bf1e8515517a9e167021b225104594e48e8a,"{""distance"":5,""physical_error_rate"":0.001}","{""detection_events"":1828716,""detectors_checked"":417923072,""obs_mistake_mask=E"":7}"
      2048,         0,         0,   0.094,exact_mw,bb90ec3459e353008cf9a5bb9142bf1e8515517a9e167021b225104594e48e8a,"{""distance"":5,""physical_error_rate"":0.001}","{""detection_events"":1985,""detectors_checked"":458752}"
   1641472,         8,         0,   109.1,exact_mw,bb90ec3459e353008cf9a5bb9142bf1e8515517a9e167021b225104594e48e8a,"{""distance"":5,""physical_error_rate"":0.001}","{""detection_events"":1608784,""detectors_checked"":367689728,""obs_mistake_mask=E"":8}"
     10240,         0,         0,   0.586,exact_mw,bb90ec3459e353008cf9a5bb9142bf1e8515517a9e167021b225104594e48e8a,"{""distance"":5,""physical_error_rate"":0.001}","{""detection_events"":9894,""detectors_checked"":2293760}"
    449536,         0,         0,    29.0,exact_mw,bb90ec3459e353008cf9a5bb9142bf1e8515517a9e167021b225104594e48e8a,"{""distance"":5,""physical_error_rate"":0.001}","{""detection_events"":440372,""detectors_checked"":100696064}"
     95232,         0,         0,    2.91,exact_mw,bb90ec3459e353008cf9a5bb9142bf1e8515517a9e167021b225104594e48e8a,"{""distance"":5,""physical_error_rate"":0.001}","{""detection_events"":93780,""detectors_checked"":21331968}"
    934912,         3,         0,    64.8,exact_mw,bb90ec3459e353008cf9a5bb9142bf1e8515517a9e167021b225104594e48e8a,"{""distance"":5,""physical_error_rate"":0.001}","{""detection_events"":918707,""detectors_checked"":209420288,""obs_mistake_mask=E"":3}"
   1639424,        18,         0,   109.6,exact_mw,bb90ec3459e353008cf9a5bb9142bf1e8515517a9e167021b225104594e48e8a,"{""distance"":5,""physical_error_rate"":0.001}","{""detection_events"":1611134,""detectors_checked"":367230976,""obs_mistake_mask=E"":18}"
     52224,         1,         0,    2.61,exact_mw,bb90ec3459e353008cf9a5bb9142bf1e8515517a9e167021b225104594e48e8a,"{""distance"":5,""physical_error_rate"":0.001}","{""detection_events"":50488,""detectors_checked"":11698176,""obs_mistake_mask=E"":1}"
   8337408,         0,         0,    33.4,exact_mw,f32ebecd8e105e50ec838d33c5ed9b45444b6b44a3c6ac541111079f2b14e893,"{""distance"":5,""physical_error_rate"":5e-05}","{""detection_events"":410289,""detectors_checked"":1867579392}"
  13031424,         2,         0,    70.4,exact_mw,cdc4a450a40af8e24899239080e4c40992fb5baf91c5a31ab3a165eacb3a1ab3,"{""distance"":5,""physical_error_rate"":0.0002}","{""detection_events"":2567219,""detectors_checked"":2919038976,""obs_mistake_mask=E"":2}"
   8606720,         0,         0,    35.8,exact_mw,f32ebecd8e105e50ec838d33c5ed9b45444b6b44a3c6ac541111079f2b14e893,"{""distance"":5,""physical_error_rate"":5e-05}","{""detection_events"":426187,""detectors_checked"":1927905280}"
   9932800,         0,         0,    35.8,exact_mw,f32ebecd8e105e50ec838d33c5ed9b45444b6b44a3c6ac541111079f2b14e893,"{""distance"":5,""physical_error_rate"":5e-05}","{""detection_events"":491257,""detectors_checked"":2224947200}"
   6909952,         0,         0,   115.8,exact_mw,f32ebecd8e105e50ec838d33c5ed9b45444b6b44a3c6ac541111079f2b14e893,"{""distance"":5,""physical_error_rate"":5e-05}","{""detection_events"":339916,""detectors_checked"":1547829248}"
  13628416,         0,         0,    65.0,exact_mw,cdc4a450a40af8e24899239080e4c40992fb5baf91c5a31ab3a165eacb3a1ab3,"{""distance"":5,""physical_error_rate"":0.0002}","{""detection_events"":2689782,""detectors_checked"":3052765184}"
   6980608,         0,         0,   118.8,exact_mw,70a969f5042aec17ac076c6379f4170fb7c69b8e925756ef3b7334e28a33338b,"{""distance"":5,""physical_error_rate"":0.0001}","{""detection_events"":688337,""detectors_checked"":1563656192}"
   9437184,         0,         0,   108.8,exact_mw,f32ebecd8e105e50ec838d33c5ed9b45444b6b44a3c6ac541111079f2b14e893,"{""distance"":5,""physical_error_rate"":5e-05}","{""detection_events"":465129,""detectors_checked"":2113929216}"
   5819392,         6,         0,   118.6,exact_mw,cb12ae119b9b2ba18d0216e7235b403229e92fd0743ede48fe7f1a2c6f45d594,"{""distance"":5,""physical_error_rate"":0.0005}","{""detection_events"":2863228,""detectors_checked"":1303543808,""obs_mistake_mask=E"":6}"
   4850688,         2,         0,   118.5,exact_mw,cb12ae119b9b2ba18d0216e7235b403229e92fd0743ede48fe7f1a2c6f45d594,"{""distance"":5,""physical_error_rate"":0.0005}","{""detection_events"":2385666,""detectors_checked"":1086554112,""obs_mistake_mask=E"":2}"
   7076864,         0,         0,   118.4,exact_mw,f32ebecd8e105e50ec838d33c5ed9b45444b6b44a3c6ac541111079f2b14e893,"{""distance"":5,""physical_error_rate"":5e-05}","{""detection_events"":347308,""detectors_checked"":1585217536}"
   6328320,         0,         0,   118.4,exact_mw,cdc4a450a40af8e24899239080e4c40992fb5baf91c5a31ab3a165eacb3a1ab3,"{""distance"":5,""physical_error_rate"":0.0002}","{""detection_events"":1245096,""detectors_checked"":1417543680}"
   6233088,         0,         0,   118.4,exact_mw,cdc4a450a40af8e24899239080e4c40992fb5baf91c5a31ab3a165eacb3a1ab3,"{""distance"":5,""physical_error_rate"":0.0002}","{""detection_events"":1226463,""detectors_checked"":1396211712}"
   4899840,         4,         0,   118.7,exact_mw,cb12ae119b9b2ba18d0216e7235b403229e92fd0743ede48fe7f1a2c6f45d594,"{""distance"":5,""physical_error_rate"":0.0005}","{""detection_events"":2408094,""detectors_checked"":1097564160,""obs_mistake_mask=E"":4}"
   4449280,         3,         0,   118.7,exact_mw,cb12ae119b9b2ba18d0216e7235b403229e92fd0743ede48fe7f1a2c6f45d594,"{""distance"":5,""physical_error_rate"":0.0005}","{""detection_events"":2185027,""detectors_checked"":996638720,""obs_mistake_mask=E"":3}"
   6453248,         0,         0,   118.6,exact_mw,70a969f5042aec17ac076c6379f4170fb7c69b8e925756ef3b7334e28a33338b,"{""distance"":5,""physical_error_rate"":0.0001}","{""detection_events"":637111,""detectors_checked"":1445527552}"
   6555648,         0,         0,   118.4,exact_mw,cdc4a450a40af8e24899239080e4c40992fb5baf91c5a31ab3a165eacb3a1ab3,"{""distance"":5,""physical_error_rate"":0.0002}","{""detection_events"":1289869,""detectors_checked"":1468465152}"
    145835,         0,         0,    2.02,exact_mw,f32ebecd8e105e50ec838d33c5ed9b45444b6b44a3c6ac541111079f2b14e893,"{""distance"":5,""physical_error_rate"":5e-05}","{""detection_events"":7362,""detectors_checked"":32667040}"
   5933056,         0,         0,   110.5,exact_mw,f32ebecd8e105e50ec838d33c5ed9b45444b6b44a3c6ac541111079f2b14e893,"{""distance"":5,""physical_error_rate"":5e-05}","{""detection_events"":292821,""detectors_checked"":1329004544}"
   6330368,         0,         0,   111.8,exact_mw,f32ebecd8e105e50ec838d33c5ed9b45444b6b44a3c6ac541111079f2b14e893,"{""distance"":5,""physical_error_rate"":5e-05}","{""detection_events"":313494,""detectors_checked"":1418002432}"
   6181888,         0,         0,   111.3,exact_mw,f32ebecd8e105e50ec838d33c5ed9b45444b6b44a3c6ac541111079f2b14e893,"{""distance"":5,""physical_error_rate"":5e-05}","{""detection_events"":305225,""detectors_checked"":1384742912}"
      3345,         0,         0,   0.010,exact_mw,cdc4a450a40af8e24899239080e4c40992fb5baf91c5a31ab3a165eacb3a1ab3,"{""distance"":5,""physical_error_rate"":0.0002}","{""detection_events"":678,""detectors_checked"":749280}"
      5120,         0,         0,   0.015,exact_mw,cdc4a450a40af8e24899239080e4c40992fb5baf91c5a31ab3a165eacb3a1ab3,"{""distance"":5,""physical_error_rate"":0.0002}","{""detection_events"":972,""detectors_checked"":1146880}"
      7168,         0,         0,   0.019,exact_mw,cdc4a450a40af8e24899239080e4c40992fb5baf91c5a31ab3a165eacb3a1ab3,"{""distance"":5,""physical_error_rate"":0.0002}","{""detection_events"":1415,""detectors_checked"":1605632}"
     10240,         0,         0,   0.028,exact_mw,cdc4a450a40af8e24899239080e4c40992fb5baf91c5a31ab3a165eacb3a1ab3,"{""distance"":5,""physical_error_rate"":0.0002}","{""detection_events"":2146,""detectors_checked"":2293760}"
     14336,         0,         0,   0.039,exact_mw,cdc4a450a40af8e24899239080e4c40992fb5baf91c5a31ab3a165eacb3a1ab3,"{""distance"":5,""physical_error_rate"":0.0002}","{""detection_events"":2787,""detectors_checked"":3211264}"
     19456,         0,         0,   0.055,exact_mw,cdc4a450a40af8e24899239080e4c40992fb5baf91c5a31ab3a165eacb3a1ab3,"{""distance"":5,""physical_error_rate"":0.0002}","{""detection_events"":4036,""detectors_checked"":4358144}"
     26624,         0,         0,   0.075,exact_mw,cdc4a450a40af8e24899239080e4c40992fb5baf91c5a31ab3a165eacb3a1ab3,"{""distance"":5,""physical_error_rate"":0.0002}","{""detection_events"":5256,""detectors_checked"":5963776}"
     38912,         0,         0,   0.104,exact_mw,cdc4a450a40af8e24899239080e4c40992fb5baf91c5a31ab3a165eacb3a1ab3,"{""distance"":5,""physical_error_rate"":0.0002}","{""detection_events"":7317,""detectors_checked"":8716288}"
     54272,         0,         0,   0.149,exact_mw,cdc4a450a40af8e24899239080e4c40992fb5baf91c5a31ab3a165eacb3a1ab3,"{""distance"":5,""physical_error_rate"":0.0002}","{""detection_events"":10944,""detectors_checked"":12156928}"
     74752,         0,         0,   0.206,exact_mw,cdc4a450a40af8e24899239080e4c40992fb5baf91c5a31ab3a165eacb3a1ab3,"{""distance"":5,""physical_error_rate"":0.0002}","{""detection_events"":14849,""detectors_checked"":16744448}"
    104448,         0,         0,   0.288,exact_mw,cdc4a450a40af8e24899239080e4c40992fb5baf91c5a31ab3a165eacb3a1ab3,"{""distance"":5,""physical_error_rate"":0.0002}","{""detection_events"":20855,""detectors_checked"":23396352}"
      3345,         0,         0,   0.010,exact_mw,cb12ae119b9b2ba18d0216e7235b403229e92fd0743ede48fe7f1a2c6f45d594,"{""distance"":5,""physical_error_rate"":0.0005}","{""detection_events"":1623,""detectors_checked"":749280}"
      3072,         0,         0,   0.016,exact_mw,cb12ae119b9b2ba18d0216e7235b403229e92fd0743ede48fe7f1a2c6f45d594,"{""distance"":5,""physical_error_rate"":0.0005}","{""detection_events"":1620,""detectors_checked"":688128}"
      5120,         0,         0,   0.020,exact_mw,cb12ae119b9b2ba18d0216e7235b403229e92fd0743ede48fe7f1a2c6f45d594,"{""distance"":5,""physical_error_rate"":0.0005}","{""detection_events"":2562,""detectors_checked"":1146880}"
      8192,         0,         0,   0.030,exact_mw,cb12ae119b9b2ba18d0216e7235b403229e92fd0743ede48fe7f1a2c6f45d594,"{""distance"":5,""physical_error_rate"":0.0005}","{""detection_events"":3965,""detectors_checked"":1835008}"
      7168,         0,         0,   0.041,exact_mw,cb12ae119b9b2ba18d0216e7235b403229e92fd0743ede48fe7f1a2c6f45d594,"{""distance"":5,""physical_error_rate"":0.0005}","{""detection_events"":3471,""detectors_checked"":1605632}"
      7168,         0,         0,   0.058,exact_mw,cb12ae119b9b2ba18d0216e7235b403229e92fd0743ede48fe7f1a2c6f45d594,"{""distance"":5,""physical_error_rate"":0.0005}","{""detection_events"":3635,""detectors_checked"":1605632}"
     10240,         0,         0,   0.078,exact_mw,cb12ae119b9b2ba18d0216e7235b403229e92fd0743ede48fe7f1a2c6f45d594,"{""distance"":5,""physical_error_rate"":0.0005}","{""detection_events"":5084,""detectors_checked"":2293760}"
    146432,         0,         0,   0.403,exact_mw,cdc4a450a40af8e24899239080e4c40992fb5baf91c5a31ab3a165eacb3a1ab3,"{""distance"":5,""physical_error_rate"":0.0002}","{""detection_events"":29027,""detectors_checked"":32800768}"
     10240,         0,         0,   0.112,exact_mw,cb12ae119b9b2ba18d0216e7235b403229e92fd0743ede48fe7f1a2c6f45d594,"{""distance"":5,""physical_error_rate"":0.0005}","{""detection_events"":5004,""detectors_checked"":2293760}"
     11264,         0,         0,   0.168,exact_mw,cb12ae119b9b2ba18d0216e7235b403229e92fd0743ede48fe7f1a2c6f45d594,"{""distance"":5,""physical_error_rate"":0.0005}","{""detection_events"":5568,""detectors_checked"":2523136}"
     14336,         0,         0,   0.218,exact_mw,cb12ae119b9b2ba18d0216e7235b403229e92fd0743ede48fe7f1a2c6f45d594,"{""distance"":5,""physical_error_rate"":0.0005}","{""detection_events"":6949,""detectors_checked"":3211264}"
    203776,         0,         0,   0.566,exact_mw,cdc4a450a40af8e24899239080e4c40992fb5baf91c5a31ab3a165eacb3a1ab3,"{""distance"":5,""physical_error_rate"":0.0002}","{""detection_events"":39960,""detectors_checked"":45645824}"
      1297,         0,         0,   0.076,exact_mw,f32ebecd8e105e50ec838d33c5ed9b45444b6b44a3c6ac541111079f2b14e893,"{""distance"":5,""physical_error_rate"":5e-05}","{""detection_events"":54,""detectors_checked"":290528}"
     20480,         0,         0,   0.299,exact_mw,cb12ae119b9b2ba18d0216e7235b403229e92fd0743ede48fe7f1a2c6f45d594,"{""distance"":5,""physical_error_rate"":0.0005}","{""detection_events"":10288,""detectors_checked"":4587520}"
      1024,         0,         0,   0.075,exact_mw,f32ebecd8e105e50ec838d33c5ed9b45444b6b44a3c6ac541111079f2b14e893,"{""distance"":5,""physical_error_rate"":5e-05}","{""detection_events"":65,""detectors_checked"":229376}"
      2048,         0,         0,   0.078,exact_mw,f32ebecd8e105e50ec838d33c5ed9b45444b6b44a3c6ac541111079f2b14e893,"{""distance"":5,""physical_error_rate"":5e-05}","{""detection_events"":117,""detectors_checked"":458752}"
      1024,         0,         0,   0.075,exact_mw,f32ebecd8e105e50ec838d33c5ed9b45444b6b44a3c6ac541111079f2b14e893,"{""distance"":5,""physical_error_rate"":5e-05}","{""detection_events"":35,""detectors_checked"":229376}"
      1297,         0,         0,   0.024,exact_mw,70a969f5042aec17ac076c6379f4170fb7c69b8e925756ef3b7334e28a33338b,"{""distance"":5,""physical_error_rate"":0.0001}","{""detection_events"":117,""detectors_checked"":290528}"
      1297,         0,         0,   0.027,exact_mw,cb12ae119b9b2ba18d0216e7235b403229e92fd0743ede48fe7f1a2c6f45d594,"{""distance"":5,""physical_error_rate"":0.0005}","{""detection_events"":681,""detectors_checked"":290528}"
      1024,         0,         0,   0.024,exact_mw,cb12ae119b9b2ba18d0216e7235b403229e92fd0743ede48fe7f1a2c6f45d594,"{""distance"":5,""physical_error_rate"":0.0005}","{""detection_events"":576,""detectors_checked"":229376}"
      2048,         0,         0,   0.026,exact_mw,70a969f5042aec17ac076c6379f4170fb7c69b8e925756ef3b7334e28a33338b,"{""distance"":5,""physical_error_rate"":0.0001}","{""detection_events"":202,""detectors_checked"":458752}"
      1024,         0,         0,   0.023,exact_mw,70a969f5042aec17ac076c6379f4170fb7c69b8e925756ef3b7334e28a33338b,"{""distance"":5,""physical_error_rate"":0.0001}","{""detection_events"":105,""detectors_checked"":229376}"
      1024,         0,         0,   0.025,exact_mw,cb12ae119b9b2ba18d0216e7235b403229e92fd0743ede48fe7f1a2c6f45d594,"{""distance"":5,""physical_error_rate"":0.0005}","{""detection_events"":543,""detectors_checked"":229376}"
      1024,         0,         0,   0.075,exact_mw,f32ebecd8e105e50ec838d33c5ed9b45444b6b44a3c6ac541111079f2b14e893,"{""distance"":5,""physical_error_rate"":5e-05}","{""detection_events"":53,""detectors_checked"":229376}"
      3072,         0,         0,   0.029,exact_mw,70a969f5042aec17ac076c6379f4170fb7c69b8e925756ef3b7334e28a33338b,"{""distance"":5,""physical_error_rate"":0.0001}","{""detection_events"":308,""detectors_checked"":688128}"
      1297,         0,         0,   0.024,exact_mw,cdc4a450a40af8e24899239080e4c40992fb5baf91c5a31ab3a165eacb3a1ab3,"{""distance"":5,""physical_error_rate"":0.0002}","{""detection_events"":284,""detectors_checked"":290528}"
      2321,         0,         0,   0.027,exact_mw,cdc4a450a40af8e24899239080e4c40992fb5baf91c5a31ab3a165eacb3a1ab3,"{""distance"":5,""physical_error_rate"":0.0002}","{""detection_events"":434,""detectors_checked"":519904}"
      2048,         0,         0,   0.048,exact_mw,cb12ae119b9b2ba18d0216e7235b403229e92fd0743ede48fe7f1a2c6f45d594,"{""distance"":5,""physical_error_rate"":0.0005}","{""detection_events"":1103,""detectors_checked"":458752}"
      1024,         0,         0,   0.024,exact_mw,cdc4a450a40af8e24899239080e4c40992fb5baf91c5a31ab3a165eacb3a1ab3,"{""distance"":5,""physical_error_rate"":0.0002}","{""detection_events"":174,""detectors_checked"":229376}"
      1024,         0,         0,   0.023,exact_mw,cdc4a450a40af8e24899239080e4c40992fb5baf91c5a31ab3a165eacb3a1ab3,"{""distance"":5,""physical_error_rate"":0.0002}","{""detection_events"":194,""detectors_checked"":229376}"
      7168,         0,         0,   0.058,exact_mw,f32ebecd8e105e50ec838d33c5ed9b45444b6b44a3c6ac541111079f2b14e893,"{""distance"":5,""physical_error_rate"":5e-05}","{""detection_events"":336,""detectors_checked"":1605632}"
      2048,         0,         0,   0.046,exact_mw,70a969f5042aec17ac076c6379f4170fb7c69b8e925756ef3b7334e28a33338b,"{""distance"":5,""physical_error_rate"":0.0001}","{""detection_events"":182,""detectors_checked"":458752}"
      2048,         0,         0,   0.026,exact_mw,cdc4a450a40af8e24899239080e4c40992fb5baf91c5a31ab3a165eacb3a1ab3,"{""distance"":5,""physical_error_rate"":0.0002}","{""detection_events"":389,""detectors_checked"":458752}"
      1297,         0,         0,   0.025,exact_mw,cb12ae119b9b2ba18d0216e7235b403229e92fd0743ede48fe7f1a2c6f45d594,"{""distance"":5,""physical_error_rate"":0.0005}","{""detection_events"":691,""detectors_checked"":290528}"
      2048,         0,         0,   0.027,exact_mw,cdc4a450a40af8e24899239080e4c40992fb5baf91c5a31ab3a165eacb3a1ab3,"{""distance"":5,""physical_error_rate"":0.0002}","{""detection_events"":373,""detectors_checked"":458752}"
      3072,         0,         0,   0.055,exact_mw,cb12ae119b9b2ba18d0216e7235b403229e92fd0743ede48fe7f1a2c6f45d594,"{""distance"":5,""physical_error_rate"":0.0005}","{""detection_events"":1470,""detectors_checked"":688128}"
      1024,         0,         0,   0.025,exact_mw,cb12ae119b9b2ba18d0216e7235b403229e92fd0743ede48fe7f1a2c6f45d594,"{""distance"":5,""physical_error_rate"":0.0005}","{""detection_events"":550,""detectors_checked"":229376}"
      3072,         0,         0,   0.048,exact_mw,cdc4a450a40af8e24899239080e4c40992fb5baf91c5a31ab3a165eacb3a1ab3,"{""distance"":5,""physical_error_rate"":0.0002}","{""detection_events"":596,""detectors_checked"":688128}"
      1297,         0,         0,   0.024,exact_mw,cdc4a450a40af8e24899239080e4c40992fb5baf91c5a31ab3a165eacb3a1ab3,"{""distance"":5,""physical_error_rate"":0.0002}","{""detection_events"":276,""detectors_checked"":290528}"
      3072,         0,         0,   0.049,exact_mw,cdc4a450a40af8e24899239080e4c40992fb5baf91c5a31ab3a165eacb3a1ab3,"{""distance"":5,""physical_error_rate"":0.0002}","{""detection_events"":587,""detectors_checked"":688128}"
      1024,         0,         0,   0.027,exact_mw,cb12ae119b9b2ba18d0216e7235b403229e92fd0743ede48fe7f1a2c6f45d594,"{""distance"":5,""physical_error_rate"":0.0005}","{""detection_events"":540,""detectors_checked"":229376}"
      5120,         0,         0,   0.073,exact_mw,70a969f5042aec17ac076c6379f4170fb7c69b8e925756ef3b7334e28a33338b,"{""distance"":5,""physical_error_rate"":0.0001}","{""detection_events"":509,""detectors_checked"":1146880}"
     14336,         0,         0,   0.079,exact_mw,f32ebecd8e105e50ec838d33c5ed9b45444b6b44a3c6ac541111079f2b14e893,"{""distance"":5,""physical_error_rate"":5e-05}","{""detection_events"":747,""detectors_checked"":3211264}"
      2048,         0,         0,   0.026,exact_mw,cdc4a450a40af8e24899239080e4c40992fb5baf91c5a31ab3a165eacb3a1ab3,"{""distance"":5,""physical_error_rate"":0.0002}","{""detection_events"":398,""detectors_checked"":458752}"
   5906782,         0,         0,   106.4,exact_mw,f32ebecd8e105e50ec838d33c5ed9b45444b6b44a3c6ac541111079f2b14e893,"{""distance"":5,""physical_error_rate"":5e-05}","{""detection_events"":291729,""detectors_checked"":1323119168}"
      3072,         0,         0,   0.073,exact_mw,cb12ae119b9b2ba18d0216e7235b403229e92fd0743ede48fe7f1a2c6f45d594,"{""distance"":5,""physical_error_rate"":0.0005}","{""detection_events"":1458,""detectors_checked"":688128}"
     25600,         0,         0,   0.405,exact_mw,cb12ae119b9b2ba18d0216e7235b403229e92fd0743ede48fe7f1a2c6f45d594,"{""distance"":5,""physical_error_rate"":0.0005}","{""detection_events"":12577,""detectors_checked"":5734400}"
      3072,         0,         0,   0.049,exact_mw,cdc4a450a40af8e24899239080e4c40992fb5baf91c5a31ab3a165eacb3a1ab3,"{""distance"":5,""physical_error_rate"":0.0002}","{""detection_events"":595,""detectors_checked"":688128}"
      1024,         0,         0,   0.023,exact_mw,cdc4a450a40af8e24899239080e4c40992fb5baf91c5a31ab3a165eacb3a1ab3,"{""distance"":5,""physical_error_rate"":0.0002}","{""detection_events"":212,""detectors_checked"":229376}"
      3072,         0,         0,   0.049,exact_mw,cdc4a450a40af8e24899239080e4c40992fb5baf91c5a31ab3a165eacb3a1ab3,"{""distance"":5,""physical_error_rate"":0.0002}","{""detection_events"":611,""detectors_checked"":688128}"
      2048,         0,         0,   0.050,exact_mw,cb12ae119b9b2ba18d0216e7235b403229e92fd0743ede48fe7f1a2c6f45d594,"{""distance"":5,""physical_error_rate"":0.0005}","{""detection_events"":994,""detectors_checked"":458752}"
      5120,         0,         0,   0.075,exact_mw,70a969f5042aec17ac076c6379f4170fb7c69b8e925756ef3b7334e28a33338b,"{""distance"":5,""physical_error_rate"":0.0001}","{""detection_events"":544,""detectors_checked"":1146880}"
      3072,         0,         0,   0.049,exact_mw,cdc4a450a40af8e24899239080e4c40992fb5baf91c5a31ab3a165eacb3a1ab3,"{""distance"":5,""physical_error_rate"":0.0002}","{""detection_events"":616,""detectors_checked"":688128}"
      2048,         0,         0,   0.049,exact_mw,cb12ae119b9b2ba18d0216e7235b403229e92fd0743ede48fe7f1a2c6f45d594,"{""distance"":5,""physical_error_rate"":0.0005}","{""detection_events"":947,""detectors_checked"":458752}"
      4096,         0,         0,   0.076,exact_mw,cb12ae119b9b2ba18d0216e7235b403229e92fd0743ede48fe7f1a2c6f45d594,"{""distance"":5,""physical_error_rate"":0.0005}","{""detection_events"":2055,""detectors_checked"":917504}"
     19456,         0,         0,   0.107,exact_mw,f32ebecd8e105e50ec838d33c5ed9b45444b6b44a3c6ac541111079f2b14e893,"{""distance"":5,""physical_error_rate"":5e-05}","{""detection_events"":1049,""detectors_checked"":4358144}"
      5120,         0,         0,   0.075,exact_mw,cdc4a450a40af8e24899239080e4c40992fb5baf91c5a31ab3a165eacb3a1ab3,"{""distance"":5,""physical_error_rate"":0.0002}","{""detection_events"":993,""detectors_checked"":1146880}"
         1,         0,         0,   0.000,exact_mw,70a969f5042aec17ac076c6379f4170fb7c69b8e925756ef3b7334e28a33338b,"{""distance"":5,""physical_error_rate"":0.0001}","{""detection_events"":2,""detectors_checked"":224}"
      4096,         0,         0,   0.052,exact_mw,cdc4a450a40af8e24899239080e4c40992fb5baf91c5a31ab3a165eacb3a1ab3,"{""distance"":5,""physical_error_rate"":0.0002}","{""detection_events"":780,""detectors_checked"":917504}"
      5120,         0,         0,   0.075,exact_mw,cdc4a450a40af8e24899239080e4c40992fb5baf91c5a31ab3a165eacb3a1ab3,"{""distance"":5,""physical_error_rate"":0.0002}","{""detection_events"":961,""detectors_checked"":1146880}"
      3344,         0,         0,   0.016,exact_mw,70a969f5042aec17ac076c6379f4170fb7c69b8e925756ef3b7334e28a33338b,"{""distance"":5,""physical_error_rate"":0.0001}","{""detection_events"":271,""detectors_checked"":749056}"
      4096,         0,         0,   0.074,exact_mw,cb12ae119b9b2ba18d0216e7235b403229e92fd0743ede48fe7f1a2c6f45d594,"{""distance"":5,""physical_error_rate"":0.0005}","{""detection_events"":2019,""detectors_checked"":917504}"
         1,         0,         0,   0.000,exact_mw,70a969f5042aec17ac076c6379f4170fb7c69b8e925756ef3b7334e28a33338b,"{""distance"":5,""physical_error_rate"":0.0001}","{""detectors_checked"":224}"
      2048,         0,         0,   0.027,exact_mw,70a969f5042aec17ac076c6379f4170fb7c69b8e925756ef3b7334e28a33338b,"{""distance"":5,""physical_error_rate"":0.0001}","{""detection_events"":191,""detectors_checked"":458752}"
      2320,         0,         0,   0.017,exact_mw,70a969f5042aec17ac076c6379f4170fb7c69b8e925756ef3b7334e28a33338b,"{""distance"":5,""physical_error_rate"":0.0001}","{""detection_events"":182,""detectors_checked"":519680}"
    260096,         0,         0,   0.790,exact_mw,cdc4a450a40af8e24899239080e4c40992fb5baf91c5a31ab3a165eacb3a1ab3,"{""distance"":5,""physical_error_rate"":0.0002}","{""detection_events"":50872,""detectors_checked"":58261504}"
      4096,         0,         0,   0.027,exact_mw,70a969f5042aec17ac076c6379f4170fb7c69b8e925756ef3b7334e28a33338b,"{""distance"":5,""physical_error_rate"":0.0001}","{""detection_events"":375,""detectors_checked"":917504}"
      5120,         0,         0,   0.047,exact_mw,cdc4a450a40af8e24899239080e4c40992fb5baf91c5a31ab3a165eacb3a1ab3,"{""distance"":5,""physical_error_rate"":0.0002}","{""detection_events"":1110,""detectors_checked"":1146880}"
      9216,         0,         0,   0.105,exact_mw,70a969f5042aec17ac076c6379f4170fb7c69b8e925756ef3b7334e28a33338b,"{""distance"":5,""physical_error_rate"":0.0001}","{""detection_events"":944,""detectors_checked"":2064384}"
      4096,         0,         0,   0.051,exact_mw,cdc4a450a40af8e24899239080e4c40992fb5baf91c5a31ab3a165eacb3a1ab3,"{""distance"":5,""physical_error_rate"":0.0002}","{""detection_events"":785,""detectors_checked"":917504}"
      1024,         0,         0,   0.028,exact_mw,70a969f5042aec17ac076c6379f4170fb7c69b8e925756ef3b7334e28a33338b,"{""distance"":5,""physical_error_rate"":0.0001}","{""detection_events"":93,""detectors_checked"":229376}"
      8192,         0,         0,   0.072,exact_mw,cdc4a450a40af8e24899239080e4c40992fb5baf91c5a31ab3a165eacb3a1ab3,"{""distance"":5,""physical_error_rate"":0.0002}","{""detection_events"":1682,""detectors_checked"":1835008}"
      7168,         0,         0,   0.120,exact_mw,cb12ae119b9b2ba18d0216e7235b403229e92fd0743ede48fe7f1a2c6f45d594,"{""distance"":5,""physical_error_rate"":0.0005}","{""detection_events"":3759,""detectors_checked"":1605632}"
      2048,         0,         0,   0.031,exact_mw,70a969f5042aec17ac076c6379f4170fb7c69b8e925756ef3b7334e28a33338b,"{""distance"":5,""physical_error_rate"":0.0001}","{""detection_events"":205,""detectors_checked"":458752}"
     14336,         0,         0,   0.140,exact_mw,f32ebecd8e105e50ec838d33c5ed9b45444b6b44a3c6ac541111079f2b14e893,"{""distance"":5,""physical_error_rate"":5e-05}","{""detection_events"":721,""detectors_checked"":3211264}"
      4096,         0,         0,   0.095,exact_mw,cb12ae119b9b2ba18d0216e7235b403229e92fd0743ede48fe7f1a2c6f45d594,"{""distance"":5,""physical_error_rate"":0.0005}","{""detection_events"":2060,""detectors_checked"":917504}"
      5120,         0,         0,   0.052,exact_mw,70a969f5042aec17ac076c6379f4170fb7c69b8e925756ef3b7334e28a33338b,"{""distance"":5,""physical_error_rate"":0.0001}","{""detection_events"":485,""detectors_checked"":1146880}"
      6144,         0,         0,   0.082,exact_mw,cdc4a450a40af8e24899239080e4c40992fb5baf91c5a31ab3a165eacb3a1ab3,"{""distance"":5,""physical_error_rate"":0.0002}","{""detection_events"":1121,""detectors_checked"":1376256}"
      7168,         0,         0,   0.096,exact_mw,cdc4a450a40af8e24899239080e4c40992fb5baf91c5a31ab3a165eacb3a1ab3,"{""distance"":5,""physical_error_rate"":0.0002}","{""detection_events"":1328,""detectors_checked"":1605632}"
      3072,         0,         0,   0.059,exact_mw,70a969f5042aec17ac076c6379f4170fb7c69b8e925756ef3b7334e28a33338b,"{""distance"":5,""physical_error_rate"":0.0001}","{""detection_events"":236,""detectors_checked"":688128}"
      7168,         0,         0,   0.102,exact_mw,cdc4a450a40af8e24899239080e4c40992fb5baf91c5a31ab3a165eacb3a1ab3,"{""distance"":5,""physical_error_rate"":0.0002}","{""detection_events"":1489,""detectors_checked"":1605632}"
      8192,         0,         0,   0.077,exact_mw,70a969f5042aec17ac076c6379f4170fb7c69b8e925756ef3b7334e28a33338b,"{""distance"":5,""physical_error_rate"":0.0001}","{""detection_events"":872,""detectors_checked"":1835008}"
      9216,         0,         0,   0.141,exact_mw,70a969f5042aec17ac076c6379f4170fb7c69b8e925756ef3b7334e28a33338b,"{""distance"":5,""physical_error_rate"":0.0001}","{""detection_events"":889,""detectors_checked"":2064384}"
      1297,         0,         0,   0.029,exact_mw,f32ebecd8e105e50ec838d33c5ed9b45444b6b44a3c6ac541111079f2b14e893,"{""distance"":5,""physical_error_rate"":5e-05}","{""detection_events"":39,""detectors_checked"":290528}"
      4096,         0,         0,   0.062,exact_mw,70a969f5042aec17ac076c6379f4170fb7c69b8e925756ef3b7334e28a33338b,"{""distance"":5,""physical_error_rate"":0.0001}","{""detection_events"":460,""detectors_checked"":917504}"
     10240,         0,         0,   0.147,exact_mw,cb12ae119b9b2ba18d0216e7235b403229e92fd0743ede48fe7f1a2c6f45d594,"{""distance"":5,""physical_error_rate"":0.0005}","{""detection_events"":5115,""detectors_checked"":2293760}"
      6144,         0,         0,   0.122,exact_mw,cb12ae119b9b2ba18d0216e7235b403229e92fd0743ede48fe7f1a2c6f45d594,"{""distance"":5,""physical_error_rate"":0.0005}","{""detection_events"":2962,""detectors_checked"":1376256}"
      2048,         0,         0,   0.031,exact_mw,f32ebecd8e105e50ec838d33c5ed9b45444b6b44a3c6ac541111079f2b14e893,"{""distance"":5,""physical_error_rate"":5e-05}","{""detection_events"":122,""detectors_checked"":458752}"
      7168,         0,         0,   0.120,exact_mw,cdc4a450a40af8e24899239080e4c40992fb5baf91c5a31ab3a165eacb3a1ab3,"{""distance"":5,""physical_error_rate"":0.0002}","{""detection_events"":1281,""detectors_checked"":1605632}"
      9216,         0,         0,   0.079,exact_mw,70a969f5042aec17ac076c6379f4170fb7c69b8e925756ef3b7334e28a33338b,"{""distance"":5,""physical_error_rate"":0.0001}","{""detection_events"":855,""detectors_checked"":2064384}"
     10240,         0,         0,   0.149,exact_mw,cdc4a450a40af8e24899239080e4c40992fb5baf91c5a31ab3a165eacb3a1ab3,"{""distance"":5,""physical_error_rate"":0.0002}","{""detection_events"":2141,""detectors_checked"":2293760}"
      2048,         0,         0,   0.031,exact_mw,f32ebecd8e105e50ec838d33c5ed9b45444b6b44a3c6ac541111079f2b14e893,"{""distance"":5,""physical_error_rate"":5e-05}","{""detection_events"":106,""detectors_checked"":458752}"
      1024,         0,         0,   0.003,exact_mw,f32ebecd8e105e50ec838d33c5ed9b45444b6b44a3c6ac541111079f2b14e893,"{""distance"":5,""physical_error_rate"":5e-05}","{""detection_events"":73,""detectors_checked"":229376}"
      5120,         0,         0,   0.091,exact_mw,70a969f5042aec17ac076c6379f4170fb7c69b8e925756ef3b7334e28a33338b,"{""distance"":5,""physical_error_rate"":0.0001}","{""detection_events"":462,""detectors_checked"":1146880}"
     23552,         0,         0,   0.207,exact_mw,f32ebecd8e105e50ec838d33c5ed9b45444b6b44a3c6ac541111079f2b14e893,"{""distance"":5,""physical_error_rate"":5e-05}","{""detection_events"":1190,""detectors_checked"":5275648}"
     10240,         0,         0,   0.148,exact_mw,cdc4a450a40af8e24899239080e4c40992fb5baf91c5a31ab3a165eacb3a1ab3,"{""distance"":5,""physical_error_rate"":0.0002}","{""detection_events"":1951,""detectors_checked"":2293760}"
      9216,         0,         0,   0.068,exact_mw,f32ebecd8e105e50ec838d33c5ed9b45444b6b44a3c6ac541111079f2b14e893,"{""distance"":5,""physical_error_rate"":5e-05}","{""detection_events"":427,""detectors_checked"":2064384}"
     14336,         0,         0,   0.098,exact_mw,70a969f5042aec17ac076c6379f4170fb7c69b8e925756ef3b7334e28a33338b,"{""distance"":5,""physical_error_rate"":0.0001}","{""detection_events"":1402,""detectors_checked"":3211264}"
      5120,         0,         0,   0.150,exact_mw,cb12ae119b9b2ba18d0216e7235b403229e92fd0743ede48fe7f1a2c6f45d594,"{""distance"":5,""physical_error_rate"":0.0005}","{""detection_events"":2540,""detectors_checked"":1146880}"
     12288,         0,         0,   0.213,exact_mw,70a969f5042aec17ac076c6379f4170fb7c69b8e925756ef3b7334e28a33338b,"{""distance"":5,""physical_error_rate"":0.0001}","{""detection_events"":1263,""detectors_checked"":2752512}"
      9216,         0,         0,   0.151,exact_mw,cdc4a450a40af8e24899239080e4c40992fb5baf91c5a31ab3a165eacb3a1ab3,"{""distance"":5,""physical_error_rate"":0.0002}","{""detection_events"":1756,""detectors_checked"":2064384}"
      7168,         0,         0,   0.120,exact_mw,70a969f5042aec17ac076c6379f4170fb7c69b8e925756ef3b7334e28a33338b,"{""distance"":5,""physical_error_rate"":0.0001}","{""detection_events"":707,""detectors_checked"":1605632}"
      9216,         0,         0,   0.055,exact_mw,f32ebecd8e105e50ec838d33c5ed9b45444b6b44a3c6ac541111079f2b14e893,"{""distance"":5,""physical_error_rate"":5e-05}","{""detection_events"":499,""detectors_checked"":2064384}"
     13312,         0,         0,   0.222,exact_mw,cb12ae119b9b2ba18d0216e7235b403229e92fd0743ede48fe7f1a2c6f45d594,"{""distance"":5,""physical_error_rate"":0.0005}","{""detection_events"":6495,""detectors_checked"":2981888}"
     37888,         0,         0,   0.567,exact_mw,cb12ae119b9b2ba18d0216e7235b403229e92fd0743ede48fe7f1a2c6f45d594,"{""distance"":5,""physical_error_rate"":0.0005}","{""detection_events"":18866,""detectors_checked"":8486912}"
     14336,         0,         0,   0.077,exact_mw,f32ebecd8e105e50ec838d33c5ed9b45444b6b44a3c6ac541111079f2b14e893,"{""distance"":5,""physical_error_rate"":5e-05}","{""detection_events"":733,""detectors_checked"":3211264}"
     15360,         0,         0,   0.189,exact_mw,cdc4a450a40af8e24899239080e4c40992fb5baf91c5a31ab3a165eacb3a1ab3,"{""distance"":5,""physical_error_rate"":0.0002}","{""detection_events"":2871,""detectors_checked"":3440640}"
     18432,         0,         0,   0.153,exact_mw,70a969f5042aec17ac076c6379f4170fb7c69b8e925756ef3b7334e28a33338b,"{""distance"":5,""physical_error_rate"":0.0001}","{""detection_events"":1731,""detectors_checked"":4128768}"
     14336,         0,         0,   0.222,exact_mw,cdc4a450a40af8e24899239080e4c40992fb5baf91c5a31ab3a165eacb3a1ab3,"{""distance"":5,""physical_error_rate"":0.0002}","{""detection_events"":2938,""detectors_checked"":3211264}"
      8192,         0,         0,   0.147,exact_mw,70a969f5042aec17ac076c6379f4170fb7c69b8e925756ef3b7334e28a33338b,"{""distance"":5,""physical_error_rate"":0.0001}","{""detection_events"":859,""detectors_checked"":1835008}"
     10240,         0,         0,   0.210,exact_mw,cb12ae119b9b2ba18d0216e7235b403229e92fd0743ede48fe7f1a2c6f45d594,"{""distance"":5,""physical_error_rate"":0.0005}","{""detection_events"":4908,""detectors_checked"":2293760}"
     20480,         0,         0,   0.107,exact_mw,f32ebecd8e105e50ec838d33c5ed9b45444b6b44a3c6ac541111079f2b14e893,"{""distance"":5,""physical_error_rate"":5e-05}","{""detection_events"":1094,""detectors_checked"":4587520}"
     34816,         0,         0,   0.308,exact_mw,f32ebecd8e105e50ec838d33c5ed9b45444b6b44a3c6ac541111079f2b14e893,"{""distance"":5,""physical_error_rate"":5e-05}","{""detection_events"":1759,""detectors_checked"":7798784}"
     12288,         0,         0,   0.210,exact_mw,cdc4a450a40af8e24899239080e4c40992fb5baf91c5a31ab3a165eacb3a1ab3,"{""distance"":5,""physical_error_rate"":0.0002}","{""detection_events"":2369,""detectors_checked"":2752512}"
     17408,         0,         0,   0.298,exact_mw,70a969f5042aec17ac076c6379f4170fb7c69b8e925756ef3b7334e28a33338b,"{""distance"":5,""physical_error_rate"":0.0001}","{""detection_events"":1850,""detectors_checked"":3899392}"
     19456,         0,         0,   0.288,exact_mw,cb12ae119b9b2ba18d0216e7235b403229e92fd0743ede48fe7f1a2c6f45d594,"{""distance"":5,""physical_error_rate"":0.0005}","{""detection_events"":9560,""detectors_checked"":4358144}"
     26624,         0,         0,   0.225,exact_mw,70a969f5042aec17ac076c6379f4170fb7c69b8e925756ef3b7334e28a33338b,"{""distance"":5,""physical_error_rate"":0.0001}","{""detection_events"":2611,""detectors_checked"":5963776}"
     29696,         0,         0,   0.147,exact_mw,f32ebecd8e105e50ec838d33c5ed9b45444b6b44a3c6ac541111079f2b14e893,"{""distance"":5,""physical_error_rate"":5e-05}","{""detection_events"":1498,""detectors_checked"":6651904}"
   9535116,         0,         0,    34.2,exact_mw,70a969f5042aec17ac076c6379f4170fb7c69b8e925756ef3b7334e28a33338b,"{""distance"":5,""physical_error_rate"":0.0001}","{""detection_events"":939758,""detectors_checked"":2135865984}"
     12288,         0,         0,   0.184,exact_mw,70a969f5042aec17ac076c6379f4170fb7c69b8e925756ef3b7334e28a33338b,"{""distance"":5,""physical_error_rate"":0.0001}","{""detection_events"":1275,""detectors_checked"":2752512}"
     21504,         0,         0,   0.300,exact_mw,cdc4a450a40af8e24899239080e4c40992fb5baf91c5a31ab3a165eacb3a1ab3,"{""distance"":5,""physical_error_rate"":0.0002}","{""detection_events"":4263,""detectors_checked"":4816896}"
        17,         0,         0,   0.023,exact_mw,cdc4a450a40af8e24899239080e4c40992fb5baf91c5a31ab3a165eacb3a1ab3,"{""distance"":5,""physical_error_rate"":0.0002}","{""detection_events"":2,""detectors_checked"":3808}"
       256,         0,         0,   0.001,exact_mw,cdc4a450a40af8e24899239080e4c40992fb5baf91c5a31ab3a165eacb3a1ab3,"{""distance"":5,""physical_error_rate"":0.0002}","{""detection_events"":41,""detectors_checked"":57344}"
     20480,         0,         0,   0.314,exact_mw,cdc4a450a40af8e24899239080e4c40992fb5baf91c5a31ab3a165eacb3a1ab3,"{""distance"":5,""physical_error_rate"":0.0002}","{""detection_events"":3934,""detectors_checked"":4587520}"
      2048,         0,         0,   0.022,exact_mw,cdc4a450a40af8e24899239080e4c40992fb5baf91c5a31ab3a165eacb3a1ab3,"{""distance"":5,""physical_error_rate"":0.0002}","{""detection_events"":343,""detectors_checked"":458752}"
     12288,         0,         0,   0.297,exact_mw,cb12ae119b9b2ba18d0216e7235b403229e92fd0743ede48fe7f1a2c6f45d594,"{""distance"":5,""physical_error_rate"":0.0005}","{""detection_events"":6114,""detectors_checked"":2752512}"
      2048,         0,         0,   0.054,exact_mw,cdc4a450a40af8e24899239080e4c40992fb5baf91c5a31ab3a165eacb3a1ab3,"{""distance"":5,""physical_error_rate"":0.0002}","{""detection_events"":378,""detectors_checked"":458752}"
     17408,         0,         0,   0.272,exact_mw,cdc4a450a40af8e24899239080e4c40992fb5baf91c5a31ab3a165eacb3a1ab3,"{""distance"":5,""physical_error_rate"":0.0002}","{""detection_events"":3418,""detectors_checked"":3899392}"
      3072,         0,         0,   0.057,exact_mw,cdc4a450a40af8e24899239080e4c40992fb5baf91c5a31ab3a165eacb3a1ab3,"{""distance"":5,""physical_error_rate"":0.0002}","{""detection_events"":591,""detectors_checked"":688128}"
     29696,         0,         0,   0.205,exact_mw,f32ebecd8e105e50ec838d33c5ed9b45444b6b44a3c6ac541111079f2b14e893,"{""distance"":5,""physical_error_rate"":5e-05}","{""detection_events"":1522,""detectors_checked"":6651904}"
      2048,         0,         0,   0.054,exact_mw,cdc4a450a40af8e24899239080e4c40992fb5baf91c5a31ab3a165eacb3a1ab3,"{""distance"":5,""physical_error_rate"":0.0002}","{""detection_events"":421,""detectors_checked"":458752}"
     48128,         0,         0,   0.406,exact_mw,f32ebecd8e105e50ec838d33c5ed9b45444b6b44a3c6ac541111079f2b14e893,"{""distance"":5,""physical_error_rate"":5e-05}","{""detection_events"":2527,""detectors_checked"":10780672}"
     34816,         0,         0,   0.288,exact_mw,70a969f5042aec17ac076c6379f4170fb7c69b8e925756ef3b7334e28a33338b,"{""distance"":5,""physical_error_rate"":0.0001}","{""detection_events"":3498,""detectors_checked"":7798784}"
      1297,         0,         0,   0.056,exact_mw,cb12ae119b9b2ba18d0216e7235b403229e92fd0743ede48fe7f1a2c6f45d594,"{""distance"":5,""physical_error_rate"":0.0005}","{""detection_events"":658,""detectors_checked"":290528}"
     18432,         0,         0,   0.304,exact_mw,70a969f5042aec17ac076c6379f4170fb7c69b8e925756ef3b7334e28a33338b,"{""distance"":5,""physical_error_rate"":0.0001}","{""detection_events"":1984,""detectors_checked"":4128768}"
      4096,         0,         0,   0.084,exact_mw,cdc4a450a40af8e24899239080e4c40992fb5baf91c5a31ab3a165eacb3a1ab3,"{""distance"":5,""physical_error_rate"":0.0002}","{""detection_events"":840,""detectors_checked"":917504}"
      1024,         0,         0,   0.029,exact_mw,cb12ae119b9b2ba18d0216e7235b403229e92fd0743ede48fe7f1a2c6f45d594,"{""distance"":5,""physical_error_rate"":0.0005}","{""detection_events"":517,""detectors_checked"":229376}"
       273,         0,         0,   0.026,exact_mw,cb12ae119b9b2ba18d0216e7235b403229e92fd0743ede48fe7f1a2c6f45d594,"{""distance"":5,""physical_error_rate"":0.0005}","{""detection_events"":142,""detectors_checked"":61152}"
     25600,         0,         0,   0.423,exact_mw,70a969f5042aec17ac076c6379f4170fb7c69b8e925756ef3b7334e28a33338b,"{""distance"":5,""physical_error_rate"":0.0001}","{""detection_events"":2476,""detectors_checked"":5734400}"
      1024,         0,         0,   0.028,exact_mw,cb12ae119b9b2ba18d0216e7235b403229e92fd0743ede48fe7f1a2c6f45d594,"{""distance"":5,""physical_error_rate"":0.0005}","{""detection_events"":484,""detectors_checked"":229376}"
      1024,         0,         0,   0.028,exact_mw,cb12ae119b9b2ba18d0216e7235b403229e92fd0743ede48fe7f1a2c6f45d594,"{""distance"":5,""physical_error_rate"":0.0005}","{""detection_events"":446,""detectors_checked"":229376}"
    222208,         0,         0,    1.09,exact_mw,cdc4a450a40af8e24899239080e4c40992fb5baf91c5a31ab3a165eacb3a1ab3,"{""distance"":5,""physical_error_rate"":0.0002}","{""detection_events"":43741,""detectors_checked"":49774592}"
     30720,         0,         0,   0.423,exact_mw,cb12ae119b9b2ba18d0216e7235b403229e92fd0743ede48fe7f1a2c6f45d594,"{""distance"":5,""physical_error_rate"":0.0005}","{""detection_events"":15076,""detectors_checked"":6881280}"
      1024,         0,         0,   0.028,exact_mw,cb12ae119b9b2ba18d0216e7235b403229e92fd0743ede48fe7f1a2c6f45d594,"{""distance"":5,""physical_error_rate"":0.0005}","{""detection_events"":590,""detectors_checked"":229376}"
      1024,         0,         0,   0.029,exact_mw,cb12ae119b9b2ba18d0216e7235b403229e92fd0743ede48fe7f1a2c6f45d594,"{""distance"":5,""physical_error_rate"":0.0005}","{""detection_events"":524,""detectors_checked"":229376}"
      1024,         0,         0,   0.028,exact_mw,cb12ae119b9b2ba18d0216e7235b403229e92fd0743ede48fe7f1a2c6f45d594,"{""distance"":5,""physical_error_rate"":0.0005}","{""detection_events"":551,""detectors_checked"":229376}"
     20480,         0,         0,   0.388,exact_mw,cdc4a450a40af8e24899239080e4c40992fb5baf91c5a31ab3a165eacb3a1ab3,"{""distance"":5,""physical_error_rate"":0.0002}","{""detection_events"":4031,""detectors_checked"":4587520}"
      5120,         0,         0,   0.111,exact_mw,cdc4a450a40af8e24899239080e4c40992fb5baf91c5a31ab3a165eacb3a1ab3,"{""distance"":5,""physical_error_rate"":0.0002}","{""detection_events"":1011,""detectors_checked"":1146880}"
      2048,         0,         0,   0.056,exact_mw,cb12ae119b9b2ba18d0216e7235b403229e92fd0743ede48fe7f1a2c6f45d594,"{""distance"":5,""physical_error_rate"":0.0005}","{""detection_events"":1042,""detectors_checked"":458752}"
      1024,         0,         0,   0.053,exact_mw,cb12ae119b9b2ba18d0216e7235b403229e92fd0743ede48fe7f1a2c6f45d594,"{""distance"":5,""physical_error_rate"":0.0005}","{""detection_events"":555,""detectors_checked"":229376}"
     50176,         0,         0,   0.298,exact_mw,f32ebecd8e105e50ec838d33c5ed9b45444b6b44a3c6ac541111079f2b14e893,"{""distance"":5,""physical_error_rate"":5e-05}","{""detection_events"":2413,""detectors_checked"":11239424}"
     20480,         0,         0,   0.422,exact_mw,cdc4a450a40af8e24899239080e4c40992fb5baf91c5a31ab3a165eacb3a1ab3,"{""distance"":5,""physical_error_rate"":0.0002}","{""detection_events"":4148,""detectors_checked"":4587520}"
      2048,         0,         0,   0.057,exact_mw,cb12ae119b9b2ba18d0216e7235b403229e92fd0743ede48fe7f1a2c6f45d594,"{""distance"":5,""physical_error_rate"":0.0005}","{""detection_events"":980,""detectors_checked"":458752}"
     50176,         1,         0,   0.794,exact_mw,cb12ae119b9b2ba18d0216e7235b403229e92fd0743ede48fe7f1a2c6f45d594,"{""distance"":5,""physical_error_rate"":0.0005}","{""detection_events"":24651,""detectors_checked"":11239424,""obs_mistake_mask=E"":1}"
     15360,         0,         0,   0.420,exact_mw,cb12ae119b9b2ba18d0216e7235b403229e92fd0743ede48fe7f1a2c6f45d594,"{""distance"":5,""physical_error_rate"":0.0005}","{""detection_events"":7847,""detectors_checked"":3440640}"
      2048,         0,         0,   0.060,exact_mw,cb12ae119b9b2ba18d0216e7235b403229e92fd0743ede48fe7f1a2c6f45d594,"{""distance"":5,""physical_error_rate"":0.0005}","{""detection_events"":983,""detectors_checked"":458752}"
     24576,         0,         0,   0.422,exact_mw,cdc4a450a40af8e24899239080e4c40992fb5baf91c5a31ab3a165eacb3a1ab3,"{""distance"":5,""physical_error_rate"":0.0002}","{""detection_events"":4842,""detectors_checked"":5505024}"
      3072,         0,         0,   0.085,exact_mw,cb12ae119b9b2ba18d0216e7235b403229e92fd0743ede48fe7f1a2c6f45d594,"{""distance"":5,""physical_error_rate"":0.0005}","{""detection_events"":1461,""detectors_checked"":688128}"
         1,         0,         0,   0.024,exact_mw,cdc4a450a40af8e24899239080e4c40992fb5baf91c5a31ab3a165eacb3a1ab3,"{""distance"":5,""physical_error_rate"":0.0002}","{""detectors_checked"":224}"
       273,         0,         0,   0.026,exact_mw,cdc4a450a40af8e24899239080e4c40992fb5baf91c5a31ab3a165eacb3a1ab3,"{""distance"":5,""physical_error_rate"":0.0002}","{""detection_events"":80,""detectors_checked"":61152}"
      8192,         0,         0,   0.171,exact_mw,cdc4a450a40af8e24899239080e4c40992fb5baf91c5a31ab3a165eacb3a1ab3,"{""distance"":5,""physical_error_rate"":0.0002}","{""detection_events"":1669,""detectors_checked"":1835008}"
      1296,         0,         0,   0.028,exact_mw,cdc4a450a40af8e24899239080e4c40992fb5baf91c5a31ab3a165eacb3a1ab3,"{""distance"":5,""physical_error_rate"":0.0002}","{""detection_events"":293,""detectors_checked"":290304}"
      3072,         0,         0,   0.086,exact_mw,cb12ae119b9b2ba18d0216e7235b403229e92fd0743ede48fe7f1a2c6f45d594,"{""distance"":5,""physical_error_rate"":0.0005}","{""detection_events"":1537,""detectors_checked"":688128}"
      1024,         0,         0,   0.027,exact_mw,cdc4a450a40af8e24899239080e4c40992fb5baf91c5a31ab3a165eacb3a1ab3,"{""distance"":5,""physical_error_rate"":0.0002}","{""detection_events"":164,""detectors_checked"":229376}"
      2048,         0,         0,   0.030,exact_mw,cdc4a450a40af8e24899239080e4c40992fb5baf91c5a31ab3a165eacb3a1ab3,"{""distance"":5,""physical_error_rate"":0.0002}","{""detection_events"":425,""detectors_checked"":458752}"
      2048,         0,         0,   0.030,exact_mw,cdc4a450a40af8e24899239080e4c40992fb5baf91c5a31ab3a165eacb3a1ab3,"{""distance"":5,""physical_error_rate"":0.0002}","{""detection_events"":400,""detectors_checked"":458752}"
     50176,         0,         0,   0.394,exact_mw,70a969f5042aec17ac076c6379f4170fb7c69b8e925756ef3b7334e28a33338b,"{""distance"":5,""physical_error_rate"":0.0001}","{""detection_events"":5025,""detectors_checked"":11239424}"
      3072,         0,         0,   0.109,exact_mw,cb12ae119b9b2ba18d0216e7235b403229e92fd0743ede48fe7f1a2c6f45d594,"{""distance"":5,""physical_error_rate"":0.0005}","{""detection_events"":1448,""detectors_checked"":688128}"
      2048,         0,         0,   0.052,exact_mw,cdc4a450a40af8e24899239080e4c40992fb5baf91c5a31ab3a165eacb3a1ab3,"{""distance"":5,""physical_error_rate"":0.0002}","{""detection_events"":402,""detectors_checked"":458752}"
      2048,         0,         0,   0.055,exact_mw,cdc4a450a40af8e24899239080e4c40992fb5baf91c5a31ab3a165eacb3a1ab3,"{""distance"":5,""physical_error_rate"":0.0002}","{""detection_events"":486,""detectors_checked"":458752}"
     24576,         0,         0,   0.396,exact_mw,70a969f5042aec17ac076c6379f4170fb7c69b8e925756ef3b7334e28a33338b,"{""distance"":5,""physical_error_rate"":0.0001}","{""detection_events"":2359,""detectors_checked"":5505024}"
         1,         0,         0,   0.000,exact_mw,70a969f5042aec17ac076c6379f4170fb7c69b8e925756ef3b7334e28a33338b,"{""distance"":5,""physical_error_rate"":0.0001}","{""detectors_checked"":224}"
      4096,         0,         0,   0.124,exact_mw,cb12ae119b9b2ba18d0216e7235b403229e92fd0743ede48fe7f1a2c6f45d594,"{""distance"":5,""physical_error_rate"":0.0005}","{""detection_events"":1908,""detectors_checked"":917504}"
      1296,         0,         0,   0.024,exact_mw,70a969f5042aec17ac076c6379f4170fb7c69b8e925756ef3b7334e28a33338b,"{""distance"":5,""physical_error_rate"":0.0001}","{""detection_events"":131,""detectors_checked"":290304}"
      2048,         0,         0,   0.034,exact_mw,cdc4a450a40af8e24899239080e4c40992fb5baf91c5a31ab3a165eacb3a1ab3,"{""distance"":5,""physical_error_rate"":0.0002}","{""detection_events"":372,""detectors_checked"":458752}"
      3072,         0,         0,   0.053,exact_mw,cdc4a450a40af8e24899239080e4c40992fb5baf91c5a31ab3a165eacb3a1ab3,"{""distance"":5,""physical_error_rate"":0.0002}","{""detection_events"":579,""detectors_checked"":688128}"
      2048,         0,         0,   0.030,exact_mw,70a969f5042aec17ac076c6379f4170fb7c69b8e925756ef3b7334e28a33338b,"{""distance"":5,""physical_error_rate"":0.0001}","{""detection_events"":192,""detectors_checked"":458752}"
      2048,         0,         0,   0.062,exact_mw,cdc4a450a40af8e24899239080e4c40992fb5baf91c5a31ab3a165eacb3a1ab3,"{""distance"":5,""physical_error_rate"":0.0002}","{""detection_events"":411,""detectors_checked"":458752}"
     99328,         0,         0,   0.576,exact_mw,f32ebecd8e105e50ec838d33c5ed9b45444b6b44a3c6ac541111079f2b14e893,"{""distance"":5,""physical_error_rate"":5e-05}","{""detection_events"":4952,""detectors_checked"":22249472}"
      3072,         0,         0,   0.057,exact_mw,cdc4a450a40af8e24899239080e4c40992fb5baf91c5a31ab3a165eacb3a1ab3,"{""distance"":5,""physical_error_rate"":0.0002}","{""detection_events"":665,""detectors_checked"":688128}"
      2048,         0,         0,   0.053,exact_mw,70a969f5042aec17ac076c6379f4170fb7c69b8e925756ef3b7334e28a33338b,"{""distance"":5,""physical_error_rate"":0.0001}","{""detection_events"":195,""detectors_checked"":458752}"
     11264,         0,         0,   0.225,exact_mw,cdc4a450a40af8e24899239080e4c40992fb5baf91c5a31ab3a165eacb3a1ab3,"{""distance"":5,""physical_error_rate"":0.0002}","{""detection_events"":2320,""detectors_checked"":2523136}"
      6144,         0,         0,   0.147,exact_mw,cb12ae119b9b2ba18d0216e7235b403229e92fd0743ede48fe7f1a2c6f45d594,"{""distance"":5,""physical_error_rate"":0.0005}","{""detection_events"":3097,""detectors_checked"":1376256}"
      5120,         0,         0,   0.042,exact_mw,70a969f5042aec17ac076c6379f4170fb7c69b8e925756ef3b7334e28a33338b,"{""distance"":5,""physical_error_rate"":0.0001}","{""detection_events"":517,""detectors_checked"":1146880}"
      3072,         0,         0,   0.159,exact_mw,cb12ae119b9b2ba18d0216e7235b403229e92fd0743ede48fe7f1a2c6f45d594,"{""distance"":5,""physical_error_rate"":0.0005}","{""detection_events"":1640,""detectors_checked"":688128}"
     74752,         0,         0,   0.414,exact_mw,f32ebecd8e105e50ec838d33c5ed9b45444b6b44a3c6ac541111079f2b14e893,"{""distance"":5,""physical_error_rate"":5e-05}","{""detection_events"":3606,""detectors_checked"":16744448}"
      7168,         0,         0,   0.070,exact_mw,cdc4a450a40af8e24899239080e4c40992fb5baf91c5a31ab3a165eacb3a1ab3,"{""distance"":5,""physical_error_rate"":0.0002}","{""detection_events"":1460,""detectors_checked"":1605632}"
      4096,         0,         0,   0.096,exact_mw,cdc4a450a40af8e24899239080e4c40992fb5baf91c5a31ab3a165eacb3a1ab3,"{""distance"":5,""physical_error_rate"":0.0002}","{""detection_events"":831,""detectors_checked"":917504}"
     32768,         0,         0,   0.569,exact_mw,70a969f5042aec17ac076c6379f4170fb7c69b8e925756ef3b7334e28a33338b,"{""distance"":5,""physical_error_rate"":0.0001}","{""detection_events"":3181,""detectors_checked"":7340032}"
      5120,         0,         0,   0.056,exact_mw,70a969f5042aec17ac076c6379f4170fb7c69b8e925756ef3b7334e28a33338b,"{""distance"":5,""physical_error_rate"":0.0001}","{""detection_events"":494,""detectors_checked"":1146880}"
     35840,         0,         0,   0.547,exact_mw,cb12ae119b9b2ba18d0216e7235b403229e92fd0743ede48fe7f1a2c6f45d594,"{""distance"":5,""physical_error_rate"":0.0005}","{""detection_events"":17534,""detectors_checked"":8028160}"
      1297,         0,         0,   0.032,exact_mw,f32ebecd8e105e50ec838d33c5ed9b45444b6b44a3c6ac541111079f2b14e893,"{""distance"":5,""physical_error_rate"":5e-05}","{""detection_events"":67,""detectors_checked"":290528}"
     28672,         0,         0,   0.586,exact_mw,cdc4a450a40af8e24899239080e4c40992fb5baf91c5a31ab3a165eacb3a1ab3,"{""distance"":5,""physical_error_rate"":0.0002}","{""detection_events"":5590,""detectors_checked"":6422528}"
      1297,         0,         0,   0.028,exact_mw,f32ebecd8e105e50ec838d33c5ed9b45444b6b44a3c6ac541111079f2b14e893,"{""distance"":5,""physical_error_rate"":5e-05}","{""detection_events"":60,""detectors_checked"":290528}"
      1297,         0,         0,   0.028,exact_mw,f32ebecd8e105e50ec838d33c5ed9b45444b6b44a3c6ac541111079f2b14e893,"{""distance"":5,""physical_error_rate"":5e-05}","{""detection_events"":73,""detectors_checked"":290528}"
     10240,         0,         0,   0.115,exact_mw,cdc4a450a40af8e24899239080e4c40992fb5baf91c5a31ab3a165eacb3a1ab3,"{""distance"":5,""physical_error_rate"":0.0002}","{""detection_events"":1919,""detectors_checked"":2293760}"
      1024,         0,         0,   0.031,exact_mw,f32ebecd8e105e50ec838d33c5ed9b45444b6b44a3c6ac541111079f2b14e893,"{""distance"":5,""physical_error_rate"":5e-05}","{""detection_events"":41,""detectors_checked"":229376}"
      6144,         0,         0,   0.117,exact_mw,cdc4a450a40af8e24899239080e4c40992fb5baf91c5a31ab3a165eacb3a1ab3,"{""distance"":5,""physical_error_rate"":0.0002}","{""detection_events"":1297,""detectors_checked"":1376256}"
      8192,         0,         0,   0.085,exact_mw,70a969f5042aec17ac076c6379f4170fb7c69b8e925756ef3b7334e28a33338b,"{""distance"":5,""physical_error_rate"":0.0001}","{""detection_events"":746,""detectors_checked"":1835008}"
      1024,         0,         0,   0.027,exact_mw,f32ebecd8e105e50ec838d33c5ed9b45444b6b44a3c6ac541111079f2b14e893,"{""distance"":5,""physical_error_rate"":5e-05}","{""detection_events"":66,""detectors_checked"":229376}"
      2048,         0,         0,   0.030,exact_mw,f32ebecd8e105e50ec838d33c5ed9b45444b6b44a3c6ac541111079f2b14e893,"{""distance"":5,""physical_error_rate"":5e-05}","{""detection_events"":127,""detectors_checked"":458752}"
      1024,         0,         0,   0.031,exact_mw,f32ebecd8e105e50ec838d33c5ed9b45444b6b44a3c6ac541111079f2b14e893,"{""distance"":5,""physical_error_rate"":5e-05}","{""detection_events"":63,""detectors_checked"":229376}"
      1024,         0,         0,   0.027,exact_mw,f32ebecd8e105e50ec838d33c5ed9b45444b6b44a3c6ac541111079f2b14e893,"{""distance"":5,""physical_error_rate"":5e-05}","{""detection_events"":50,""detectors_checked"":229376}"
     28672,         0,         0,   0.587,exact_mw,cdc4a450a40af8e24899239080e4c40992fb5baf91c5a31ab3a165eacb3a1ab3,"{""distance"":5,""physical_error_rate"":0.0002}","{""detection_events"":5387,""detectors_checked"":6422528}"
      1024,         0,         0,   0.028,exact_mw,f32ebecd8e105e50ec838d33c5ed9b45444b6b44a3c6ac541111079f2b14e893,"{""distance"":5,""physical_error_rate"":5e-05}","{""detection_events"":39,""detectors_checked"":229376}"
      2048,         0,         0,   0.034,exact_mw,f32ebecd8e105e50ec838d33c5ed9b45444b6b44a3c6ac541111079f2b14e893,"{""distance"":5,""physical_error_rate"":5e-05}","{""detection_events"":85,""detectors_checked"":458752}"
     24576,         0,         0,   0.569,exact_mw,cb12ae119b9b2ba18d0216e7235b403229e92fd0743ede48fe7f1a2c6f45d594,"{""distance"":5,""physical_error_rate"":0.0005}","{""detection_events"":12023,""detectors_checked"":5505024}"
      7168,         0,         0,   0.233,exact_mw,cb12ae119b9b2ba18d0216e7235b403229e92fd0743ede48fe7f1a2c6f45d594,"{""distance"":5,""physical_error_rate"":0.0005}","{""detection_events"":3492,""detectors_checked"":1605632}"
      2048,         0,         0,   0.041,exact_mw,f32ebecd8e105e50ec838d33c5ed9b45444b6b44a3c6ac541111079f2b14e893,"{""distance"":5,""physical_error_rate"":5e-05}","{""detection_events"":96,""detectors_checked"":458752}"
     14336,         0,         0,   0.273,exact_mw,cdc4a450a40af8e24899239080e4c40992fb5baf91c5a31ab3a165eacb3a1ab3,"{""distance"":5,""physical_error_rate"":0.0002}","{""detection_events"":2958,""detectors_checked"":3211264}"
      2048,         0,         0,   0.031,exact_mw,f32ebecd8e105e50ec838d33c5ed9b45444b6b44a3c6ac541111079f2b14e893,"{""distance"":5,""physical_error_rate"":5e-05}","{""detection_events"":136,""detectors_checked"":458752}"
      8192,         0,         0,   0.226,exact_mw,cb12ae119b9b2ba18d0216e7235b403229e92fd0743ede48fe7f1a2c6f45d594,"{""distance"":5,""physical_error_rate"":0.0005}","{""detection_events"":4086,""detectors_checked"":1835008}"
     31744,         0,         0,   0.542,exact_mw,cdc4a450a40af8e24899239080e4c40992fb5baf91c5a31ab3a165eacb3a1ab3,"{""distance"":5,""physical_error_rate"":0.0002}","{""detection_events"":6219,""detectors_checked"":7110656}"
     12288,         0,         0,   0.106,exact_mw,70a969f5042aec17ac076c6379f4170fb7c69b8e925756ef3b7334e28a33338b,"{""distance"":5,""physical_error_rate"":0.0001}","{""detection_events"":1216,""detectors_checked"":2752512}"
      2048,         0,         0,   0.062,exact_mw,f32ebecd8e105e50ec838d33c5ed9b45444b6b44a3c6ac541111079f2b14e893,"{""distance"":5,""physical_error_rate"":5e-05}","{""detection_events"":82,""detectors_checked"":458752}"
      2048,         0,         0,   0.026,exact_mw,f32ebecd8e105e50ec838d33c5ed9b45444b6b44a3c6ac541111079f2b14e893,"{""distance"":5,""physical_error_rate"":5e-05}","{""detection_events"":92,""detectors_checked"":458752}"
      2048,         0,         0,   0.042,exact_mw,f32ebecd8e105e50ec838d33c5ed9b45444b6b44a3c6ac541111079f2b14e893,"{""distance"":5,""physical_error_rate"":5e-05}","{""detection_events"":90,""detectors_checked"":458752}"
     26624,         0,         0,   0.153,exact_mw,cdc4a450a40af8e24899239080e4c40992fb5baf91c5a31ab3a165eacb3a1ab3,"{""distance"":5,""physical_error_rate"":0.0002}","{""detection_events"":5305,""detectors_checked"":5963776}"
      9216,         0,         0,   0.172,exact_mw,cdc4a450a40af8e24899239080e4c40992fb5baf91c5a31ab3a165eacb3a1ab3,"{""distance"":5,""physical_error_rate"":0.0002}","{""detection_events"":1761,""detectors_checked"":2064384}"
      3072,         0,         0,   0.057,exact_mw,f32ebecd8e105e50ec838d33c5ed9b45444b6b44a3c6ac541111079f2b14e893,"{""distance"":5,""physical_error_rate"":5e-05}","{""detection_events"":148,""detectors_checked"":688128}"
      2048,         0,         0,   0.054,exact_mw,f32ebecd8e105e50ec838d33c5ed9b45444b6b44a3c6ac541111079f2b14e893,"{""distance"":5,""physical_error_rate"":5e-05}","{""detection_events"":100,""detectors_checked"":458752}"
      3072,         0,         0,   0.065,exact_mw,f32ebecd8e105e50ec838d33c5ed9b45444b6b44a3c6ac541111079f2b14e893,"{""distance"":5,""physical_error_rate"":5e-05}","{""detection_events"":136,""detectors_checked"":688128}"
     61440,         0,         0,   0.579,exact_mw,70a969f5042aec17ac076c6379f4170fb7c69b8e925756ef3b7334e28a33338b,"{""distance"":5,""physical_error_rate"":0.0001}","{""detection_events"":5939,""detectors_checked"":13762560}"
     13312,         0,         0,   0.149,exact_mw,70a969f5042aec17ac076c6379f4170fb7c69b8e925756ef3b7334e28a33338b,"{""distance"":5,""physical_error_rate"":0.0001}","{""detection_events"":1440,""detectors_checked"":2981888}"
      4096,         0,         0,   0.084,exact_mw,f32ebecd8e105e50ec838d33c5ed9b45444b6b44a3c6ac541111079f2b14e893,"{""distance"":5,""physical_error_rate"":5e-05}","{""detection_events"":223,""detectors_checked"":917504}"
      4096,         0,         0,   0.084,exact_mw,f32ebecd8e105e50ec838d33c5ed9b45444b6b44a3c6ac541111079f2b14e893,"{""distance"":5,""physical_error_rate"":5e-05}","{""detection_events"":184,""detectors_checked"":917504}"
     32768,         0,         0,   0.587,exact_mw,70a969f5042aec17ac076c6379f4170fb7c69b8e925756ef3b7334e28a33338b,"{""distance"":5,""physical_error_rate"":0.0001}","{""detection_events"":3295,""detectors_checked"":7340032}"
      4096,         0,         0,   0.096,exact_mw,f32ebecd8e105e50ec838d33c5ed9b45444b6b44a3c6ac541111079f2b14e893,"{""distance"":5,""physical_error_rate"":5e-05}","{""detection_events"":231,""detectors_checked"":917504}"
     36864,         0,         0,   0.206,exact_mw,cdc4a450a40af8e24899239080e4c40992fb5baf91c5a31ab3a165eacb3a1ab3,"{""distance"":5,""physical_error_rate"":0.0002}","{""detection_events"":7257,""detectors_checked"":8257536}"
      5120,         0,         0,   0.111,exact_mw,f32ebecd8e105e50ec838d33c5ed9b45444b6b44a3c6ac541111079f2b14e893,"{""distance"":5,""physical_error_rate"":5e-05}","{""detection_events"":289,""detectors_checked"":1146880}"
     12288,         0,         0,   0.295,exact_mw,cb12ae119b9b2ba18d0216e7235b403229e92fd0743ede48fe7f1a2c6f45d594,"{""distance"":5,""physical_error_rate"":0.0005}","{""detection_events"":6201,""detectors_checked"":2752512}"
     12288,         0,         0,   0.210,exact_mw,cdc4a450a40af8e24899239080e4c40992fb5baf91c5a31ab3a165eacb3a1ab3,"{""distance"":5,""physical_error_rate"":0.0002}","{""detection_events"":2329,""detectors_checked"":2752512}"
      6144,         0,         0,   0.114,exact_mw,f32ebecd8e105e50ec838d33c5ed9b45444b6b44a3c6ac541111079f2b14e893,"{""distance"":5,""physical_error_rate"":5e-05}","{""detection_events"":271,""detectors_checked"":1376256}"
     13312,         0,         0,   0.300,exact_mw,cb12ae119b9b2ba18d0216e7235b403229e92fd0743ede48fe7f1a2c6f45d594,"{""distance"":5,""physical_error_rate"":0.0005}","{""detection_events"":6595,""detectors_checked"":2981888}"
      5120,         0,         0,   0.127,exact_mw,f32ebecd8e105e50ec838d33c5ed9b45444b6b44a3c6ac541111079f2b14e893,"{""distance"":5,""physical_error_rate"":5e-05}","{""detection_events"":252,""detectors_checked"":1146880}"
     70656,         0,         0,   0.581,exact_mw,f32ebecd8e105e50ec838d33c5ed9b45444b6b44a3c6ac541111079f2b14e893,"{""distance"":5,""physical_error_rate"":5e-05}","{""detection_events"":3647,""detectors_checked"":15826944}"
     25600,         0,         0,   0.219,exact_mw,70a969f5042aec17ac076c6379f4170fb7c69b8e925756ef3b7334e28a33338b,"{""distance"":5,""physical_error_rate"":0.0001}","{""detection_events"":2520,""detectors_checked"":5734400}"
     20480,         0,         0,   0.418,exact_mw,cdc4a450a40af8e24899239080e4c40992fb5baf91c5a31ab3a165eacb3a1ab3,"{""distance"":5,""physical_error_rate"":0.0002}","{""detection_events"":3805,""detectors_checked"":4587520}"
      8192,         0,         0,   0.168,exact_mw,f32ebecd8e105e50ec838d33c5ed9b45444b6b44a3c6ac541111079f2b14e893,"{""distance"":5,""physical_error_rate"":5e-05}","{""detection_events"":383,""detectors_checked"":1835008}"
      8192,         0,         0,   0.168,exact_mw,f32ebecd8e105e50ec838d33c5ed9b45444b6b44a3c6ac541111079f2b14e893,"{""distance"":5,""physical_error_rate"":5e-05}","{""detection_events"":449,""detectors_checked"":1835008}"
     71680,         0,         0,    1.10,exact_mw,cb12ae119b9b2ba18d0216e7235b403229e92fd0743ede48fe7f1a2c6f45d594,"{""distance"":5,""physical_error_rate"":0.0005}","{""detection_events"":35716,""detectors_checked"":16056320}"
      7168,         0,         0,   0.160,exact_mw,f32ebecd8e105e50ec838d33c5ed9b45444b6b44a3c6ac541111079f2b14e893,"{""distance"":5,""physical_error_rate"":5e-05}","{""detection_events"":352,""detectors_checked"":1605632}"
     77824,         0,         0,   0.782,exact_mw,f32ebecd8e105e50ec838d33c5ed9b45444b6b44a3c6ac541111079f2b14e893,"{""distance"":5,""physical_error_rate"":5e-05}","{""detection_events"":4055,""detectors_checked"":17432576}"
     52224,         0,         0,   0.288,exact_mw,cdc4a450a40af8e24899239080e4c40992fb5baf91c5a31ab3a165eacb3a1ab3,"{""distance"":5,""physical_error_rate"":0.0002}","{""detection_events"":10338,""detectors_checked"":11698176}"
     16384,         0,         0,   0.301,exact_mw,cdc4a450a40af8e24899239080e4c40992fb5baf91c5a31ab3a165eacb3a1ab3,"{""distance"":5,""physical_error_rate"":0.0002}","{""detection_events"":3178,""detectors_checked"":3670016}"
     48128,         0,         0,   0.785,exact_mw,70a969f5042aec17ac076c6379f4170fb7c69b8e925756ef3b7334e28a33338b,"{""distance"":5,""physical_error_rate"":0.0001}","{""detection_events"":4791,""detectors_checked"":10780672}"
     55296,         0,         0,   0.813,exact_mw,cb12ae119b9b2ba18d0216e7235b403229e92fd0743ede48fe7f1a2c6f45d594,"{""distance"":5,""physical_error_rate"":0.0005}","{""detection_events"":27767,""detectors_checked"":12386304}"
     11264,         0,         0,   0.200,exact_mw,f32ebecd8e105e50ec838d33c5ed9b45444b6b44a3c6ac541111079f2b14e893,"{""distance"":5,""physical_error_rate"":5e-05}","{""detection_events"":581,""detectors_checked"":2523136}"
     35840,         0,         0,   0.299,exact_mw,70a969f5042aec17ac076c6379f4170fb7c69b8e925756ef3b7334e28a33338b,"{""distance"":5,""physical_error_rate"":0.0001}","{""detection_events"":3428,""detectors_checked"":8028160}"
     11264,         0,         0,   0.223,exact_mw,f32ebecd8e105e50ec838d33c5ed9b45444b6b44a3c6ac541111079f2b14e893,"{""distance"":5,""physical_error_rate"":5e-05}","{""detection_events"":515,""detectors_checked"":2523136}"
     10240,         0,         0,   0.225,exact_mw,f32ebecd8e105e50ec838d33c5ed9b45444b6b44a3c6ac541111079f2b14e893,"{""distance"":5,""physical_error_rate"":5e-05}","{""detection_events"":524,""detectors_checked"":2293760}"
     40960,         0,         0,   0.812,exact_mw,cdc4a450a40af8e24899239080e4c40992fb5baf91c5a31ab3a165eacb3a1ab3,"{""distance"":5,""physical_error_rate"":0.0002}","{""detection_events"":8062,""detectors_checked"":9175040}"
     14336,         0,         0,   0.421,exact_mw,cb12ae119b9b2ba18d0216e7235b403229e92fd0743ede48fe7f1a2c6f45d594,"{""distance"":5,""physical_error_rate"":0.0005}","{""detection_events"":7409,""detectors_checked"":3211264}"
     19456,         0,         0,   0.418,exact_mw,cb12ae119b9b2ba18d0216e7235b403229e92fd0743ede48fe7f1a2c6f45d594,"{""distance"":5,""physical_error_rate"":0.0005}","{""detection_events"":9535,""detectors_checked"":4358144}"
     41984,         0,         0,   0.793,exact_mw,cdc4a450a40af8e24899239080e4c40992fb5baf91c5a31ab3a165eacb3a1ab3,"{""distance"":5,""physical_error_rate"":0.0002}","{""detection_events"":8377,""detectors_checked"":9404416}"
     28672,         0,         0,   0.793,exact_mw,cb12ae119b9b2ba18d0216e7235b403229e92fd0743ede48fe7f1a2c6f45d594,"{""distance"":5,""physical_error_rate"":0.0005}","{""detection_events"":14190,""detectors_checked"":6422528}"
    281600,         0,         0,    1.55,exact_mw,cdc4a450a40af8e24899239080e4c40992fb5baf91c5a31ab3a165eacb3a1ab3,"{""distance"":5,""physical_error_rate"":0.0002}","{""detection_events"":55145,""detectors_checked"":63078400}"
     46080,         0,         0,   0.808,exact_mw,cdc4a450a40af8e24899239080e4c40992fb5baf91c5a31ab3a165eacb3a1ab3,"{""distance"":5,""physical_error_rate"":0.0002}","{""detection_events"":9439,""detectors_checked"":10321920}"
    102400,         0,         0,   0.791,exact_mw,70a969f5042aec17ac076c6379f4170fb7c69b8e925756ef3b7334e28a33338b,"{""distance"":5,""physical_error_rate"":0.0001}","{""detection_events"":10013,""detectors_checked"":22937600}"
  10859808,         0,         0,   109.3,exact_mw,cdc4a450a40af8e24899239080e4c40992fb5baf91c5a31ab3a165eacb3a1ab3,"{""distance"":5,""physical_error_rate"":0.0002}","{""detection_events"":2136906,""detectors_checked"":2432596992}"
     71680,         0,         0,   0.392,exact_mw,cdc4a450a40af8e24899239080e4c40992fb5baf91c5a31ab3a165eacb3a1ab3,"{""distance"":5,""physical_error_rate"":0.0002}","{""detection_events"":14448,""detectors_checked"":16056320}"
     15360,         0,         0,   0.307,exact_mw,f32ebecd8e105e50ec838d33c5ed9b45444b6b44a3c6ac541111079f2b14e893,"{""distance"":5,""physical_error_rate"":5e-05}","{""detection_events"":750,""detectors_checked"":3440640}"
     27648,         0,         0,   0.561,exact_mw,cdc4a450a40af8e24899239080e4c40992fb5baf91c5a31ab3a165eacb3a1ab3,"{""distance"":5,""physical_error_rate"":0.0002}","{""detection_events"":5351,""detectors_checked"":6193152}"
     15360,         0,         0,   0.307,exact_mw,f32ebecd8e105e50ec838d33c5ed9b45444b6b44a3c6ac541111079f2b14e893,"{""distance"":5,""physical_error_rate"":5e-05}","{""detection_events"":804,""detectors_checked"":3440640}"
     13312,         0,         0,   0.289,exact_mw,f32ebecd8e105e50ec838d33c5ed9b45444b6b44a3c6ac541111079f2b14e893,"{""distance"":5,""physical_error_rate"":5e-05}","{""detection_events"":667,""detectors_checked"":2981888}"
     43008,         0,         0,   0.788,exact_mw,70a969f5042aec17ac076c6379f4170fb7c69b8e925756ef3b7334e28a33338b,"{""distance"":5,""physical_error_rate"":0.0001}","{""detection_events"":4263,""detectors_checked"":9633792}"
     24576,         0,         0,   0.393,exact_mw,cdc4a450a40af8e24899239080e4c40992fb5baf91c5a31ab3a165eacb3a1ab3,"{""distance"":5,""physical_error_rate"":0.0002}","{""detection_events"":4880,""detectors_checked"":5505024}"
     52224,         0,         0,   0.405,exact_mw,70a969f5042aec17ac076c6379f4170fb7c69b8e925756ef3b7334e28a33338b,"{""distance"":5,""physical_error_rate"":0.0001}","{""detection_events"":5357,""detectors_checked"":11698176}"
     99328,         0,         0,   0.797,exact_mw,f32ebecd8e105e50ec838d33c5ed9b45444b6b44a3c6ac541111079f2b14e893,"{""distance"":5,""physical_error_rate"":5e-05}","{""detection_events"":4869,""detectors_checked"":22249472}"
     24576,         0,         0,   0.568,exact_mw,cb12ae119b9b2ba18d0216e7235b403229e92fd0743ede48fe7f1a2c6f45d594,"{""distance"":5,""physical_error_rate"":0.0005}","{""detection_events"":12036,""detectors_checked"":5505024}"
     24576,         0,         0,   0.569,exact_mw,cb12ae119b9b2ba18d0216e7235b403229e92fd0743ede48fe7f1a2c6f45d594,"{""distance"":5,""physical_error_rate"":0.0005}","{""detection_events"":12274,""detectors_checked"":5505024}"
   5017600,         5,         0,   118.2,exact_mw,cb12ae119b9b2ba18d0216e7235b403229e92fd0743ede48fe7f1a2c6f45d594,"{""distance"":5,""physical_error_rate"":0.0005}","{""detection_events"":2467942,""detectors_checked"":1123942400,""obs_mistake_mask=E"":5}"
   7659520,         0,         0,   118.4,exact_mw,70a969f5042aec17ac076c6379f4170fb7c69b8e925756ef3b7334e28a33338b,"{""distance"":5,""physical_error_rate"":0.0001}","{""detection_events"":755391,""detectors_checked"":1715732480}"
     21504,         0,         0,   0.419,exact_mw,f32ebecd8e105e50ec838d33c5ed9b45444b6b44a3c6ac541111079f2b14e893,"{""distance"":5,""physical_error_rate"":5e-05}","{""detection_events"":1023,""detectors_checked"":4816896}"
     17408,         0,         0,   0.412,exact_mw,f32ebecd8e105e50ec838d33c5ed9b45444b6b44a3c6ac541111079f2b14e893,"{""distance"":5,""physical_error_rate"":5e-05}","{""detection_events"":806,""detectors_checked"":3899392}"
     21504,         0,         0,   0.420,exact_mw,f32ebecd8e105e50ec838d33c5ed9b45444b6b44a3c6ac541111079f2b14e893,"{""distance"":5,""physical_error_rate"":5e-05}","{""detection_events"":1027,""detectors_checked"":4816896}"
      1297,         0,         0,   0.031,exact_mw,cb12ae119b9b2ba18d0216e7235b403229e92fd0743ede48fe7f1a2c6f45d594,"{""distance"":5,""physical_error_rate"":0.0005}","{""detection_events"":653,""detectors_checked"":290528}"
    101376,         0,         0,   0.571,exact_mw,cdc4a450a40af8e24899239080e4c40992fb5baf91c5a31ab3a165eacb3a1ab3,"{""distance"":5,""physical_error_rate"":0.0002}","{""detection_events"":19804,""detectors_checked"":22708224}"
      1024,         0,         0,   0.029,exact_mw,cb12ae119b9b2ba18d0216e7235b403229e92fd0743ede48fe7f1a2c6f45d594,"{""distance"":5,""physical_error_rate"":0.0005}","{""detection_events"":497,""detectors_checked"":229376}"
     32768,         0,         0,   0.547,exact_mw,cdc4a450a40af8e24899239080e4c40992fb5baf91c5a31ab3a165eacb3a1ab3,"{""distance"":5,""physical_error_rate"":0.0002}","{""detection_events"":6233,""detectors_checked"":7340032}"
      1024,         0,         0,   0.030,exact_mw,cb12ae119b9b2ba18d0216e7235b403229e92fd0743ede48fe7f1a2c6f45d594,"{""distance"":5,""physical_error_rate"":0.0005}","{""detection_events"":578,""detectors_checked"":229376}"
      2048,         0,         0,   0.032,exact_mw,cb12ae119b9b2ba18d0216e7235b403229e92fd0743ede48fe7f1a2c6f45d594,"{""distance"":5,""physical_error_rate"":0.0005}","{""detection_events"":1033,""detectors_checked"":458752}"
    134144,         0,         0,    1.13,exact_mw,f32ebecd8e105e50ec838d33c5ed9b45444b6b44a3c6ac541111079f2b14e893,"{""distance"":5,""physical_error_rate"":5e-05}","{""detection_events"":6620,""detectors_checked"":30048256}"
     60416,         0,         0,   0.584,exact_mw,70a969f5042aec17ac076c6379f4170fb7c69b8e925756ef3b7334e28a33338b,"{""distance"":5,""physical_error_rate"":0.0001}","{""detection_events"":6236,""detectors_checked"":13533184}"
      2048,         0,         0,   0.059,exact_mw,cb12ae119b9b2ba18d0216e7235b403229e92fd0743ede48fe7f1a2c6f45d594,"{""distance"":5,""physical_error_rate"":0.0005}","{""detection_events"":993,""detectors_checked"":458752}"
     65536,         0,         0,    1.11,exact_mw,70a969f5042aec17ac076c6379f4170fb7c69b8e925756ef3b7334e28a33338b,"{""distance"":5,""physical_error_rate"":0.0001}","{""detection_events"":6559,""detectors_checked"":14680064}"
      2048,         0,         0,   0.058,exact_mw,cb12ae119b9b2ba18d0216e7235b403229e92fd0743ede48fe7f1a2c6f45d594,"{""distance"":5,""physical_error_rate"":0.0005}","{""detection_events"":1025,""detectors_checked"":458752}"
     63488,         0,         0,    1.10,exact_mw,cb12ae119b9b2ba18d0216e7235b403229e92fd0743ede48fe7f1a2c6f45d594,"{""distance"":5,""physical_error_rate"":0.0005}","{""detection_events"":31345,""detectors_checked"":14221312}"
     47104,         0,         0,   0.812,exact_mw,cdc4a450a40af8e24899239080e4c40992fb5baf91c5a31ab3a165eacb3a1ab3,"{""distance"":5,""physical_error_rate"":0.0002}","{""detection_events"":9526,""detectors_checked"":10551296}"
     66560,         0,         0,    1.08,exact_mw,cdc4a450a40af8e24899239080e4c40992fb5baf91c5a31ab3a165eacb3a1ab3,"{""distance"":5,""physical_error_rate"":0.0002}","{""detection_events"":13275,""detectors_checked"":14909440}"
      4096,         0,         0,   0.090,exact_mw,cb12ae119b9b2ba18d0216e7235b403229e92fd0743ede48fe7f1a2c6f45d594,"{""distance"":5,""physical_error_rate"":0.0005}","{""detection_events"":2001,""detectors_checked"":917504}"
     63488,         0,         0,    1.11,exact_mw,cdc4a450a40af8e24899239080e4c40992fb5baf91c5a31ab3a165eacb3a1ab3,"{""distance"":5,""physical_error_rate"":0.0002}","{""detection_events"":12560,""detectors_checked"":14221312}"
     48128,         0,         0,    1.11,exact_mw,cb12ae119b9b2ba18d0216e7235b403229e92fd0743ede48fe7f1a2c6f45d594,"{""distance"":5,""physical_error_rate"":0.0005}","{""detection_events"":23928,""detectors_checked"":10780672}"
     65536,         0,         0,    1.11,exact_mw,cdc4a450a40af8e24899239080e4c40992fb5baf91c5a31ab3a165eacb3a1ab3,"{""distance"":5,""physical_error_rate"":0.0002}","{""detection_events"":13066,""detectors_checked"":14680064}"
      5120,         0,         0,   0.135,exact_mw,cb12ae119b9b2ba18d0216e7235b403229e92fd0743ede48fe7f1a2c6f45d594,"{""distance"":5,""physical_error_rate"":0.0005}","{""detection_events"":2619,""detectors_checked"":1146880}"
     28672,         0,         0,   0.568,exact_mw,f32ebecd8e105e50ec838d33c5ed9b45444b6b44a3c6ac541111079f2b14e893,"{""distance"":5,""physical_error_rate"":5e-05}","{""detection_events"":1418,""detectors_checked"":6422528}"
     27648,         0,         0,   0.517,exact_mw,f32ebecd8e105e50ec838d33c5ed9b45444b6b44a3c6ac541111079f2b14e893,"{""distance"":5,""physical_error_rate"":5e-05}","{""detection_events"":1465,""detectors_checked"":6193152}"
     25600,         0,         0,   0.579,exact_mw,f32ebecd8e105e50ec838d33c5ed9b45444b6b44a3c6ac541111079f2b14e893,"{""distance"":5,""physical_error_rate"":5e-05}","{""detection_events"":1350,""detectors_checked"":5734400}"
    108544,         0,         0,    1.10,exact_mw,70a969f5042aec17ac076c6379f4170fb7c69b8e925756ef3b7334e28a33338b,"{""distance"":5,""physical_error_rate"":0.0001}","{""detection_events"":10820,""detectors_checked"":24313856}"
     83968,         0,         0,    1.57,exact_mw,cb12ae119b9b2ba18d0216e7235b403229e92fd0743ede48fe7f1a2c6f45d594,"{""distance"":5,""physical_error_rate"":0.0005}","{""detection_events"":41082,""detectors_checked"":18808832}"
     35840,         0,         0,   0.803,exact_mw,cb12ae119b9b2ba18d0216e7235b403229e92fd0743ede48fe7f1a2c6f45d594,"{""distance"":5,""physical_error_rate"":0.0005}","{""detection_events"":17740,""detectors_checked"":8028160}"
     32768,         0,         0,   0.816,exact_mw,cb12ae119b9b2ba18d0216e7235b403229e92fd0743ede48fe7f1a2c6f45d594,"{""distance"":5,""physical_error_rate"":0.0005}","{""detection_events"":16059,""detectors_checked"":7340032}"
      5120,         0,         0,   0.171,exact_mw,cb12ae119b9b2ba18d0216e7235b403229e92fd0743ede48fe7f1a2c6f45d594,"{""distance"":5,""physical_error_rate"":0.0005}","{""detection_events"":2601,""detectors_checked"":1146880}"
     66560,         0,         0,    1.13,exact_mw,70a969f5042aec17ac076c6379f4170fb7c69b8e925756ef3b7334e28a33338b,"{""distance"":5,""physical_error_rate"":0.0001}","{""detection_events"":6640,""detectors_checked"":14909440}"
   6575104,         0,         0,   118.4,exact_mw,cdc4a450a40af8e24899239080e4c40992fb5baf91c5a31ab3a165eacb3a1ab3,"{""distance"":5,""physical_error_rate"":0.0002}","{""detection_events"":1295387,""detectors_checked"":1472823296}"
   6342656,         0,         0,   118.2,exact_mw,70a969f5042aec17ac076c6379f4170fb7c69b8e925756ef3b7334e28a33338b,"{""distance"":5,""physical_error_rate"":0.0001}","{""detection_events"":625808,""detectors_checked"":1420754944}"
    183296,         0,         0,    1.11,exact_mw,f32ebecd8e105e50ec838d33c5ed9b45444b6b44a3c6ac541111079f2b14e893,"{""distance"":5,""physical_error_rate"":5e-05}","{""detection_events"":9168,""detectors_checked"":41058304}"
    130048,         0,         0,   0.793,exact_mw,cdc4a450a40af8e24899239080e4c40992fb5baf91c5a31ab3a165eacb3a1ab3,"{""distance"":5,""physical_error_rate"":0.0002}","{""detection_events"":24906,""detectors_checked"":29130752}"
   8016896,         0,         0,   118.5,exact_mw,cdc4a450a40af8e24899239080e4c40992fb5baf91c5a31ab3a165eacb3a1ab3,"{""distance"":5,""physical_error_rate"":0.0002}","{""detection_events"":1579969,""detectors_checked"":1795784704}"
      9216,         0,         0,   0.223,exact_mw,cb12ae119b9b2ba18d0216e7235b403229e92fd0743ede48fe7f1a2c6f45d594,"{""distance"":5,""physical_error_rate"":0.0005}","{""detection_events"":4387,""detectors_checked"":2064384}"
     43008,         0,         0,   0.807,exact_mw,cdc4a450a40af8e24899239080e4c40992fb5baf91c5a31ab3a165eacb3a1ab3,"{""distance"":5,""physical_error_rate"":0.0002}","{""detection_events"":8264,""detectors_checked"":9633792}"
   6125568,         0,         0,   118.0,exact_mw,cdc4a450a40af8e24899239080e4c40992fb5baf91c5a31ab3a165eacb3a1ab3,"{""distance"":5,""physical_error_rate"":0.0002}","{""detection_events"":1204775,""detectors_checked"":1372127232}"
     52224,         0,         0,   0.818,exact_mw,70a969f5042aec17ac076c6379f4170fb7c69b8e925756ef3b7334e28a33338b,"{""distance"":5,""physical_error_rate"":0.0001}","{""detection_events"":5130,""detectors_checked"":11698176}"
   4538368,         3,         0,   118.9,exact_mw,cb12ae119b9b2ba18d0216e7235b403229e92fd0743ede48fe7f1a2c6f45d594,"{""distance"":5,""physical_error_rate"":0.0005}","{""detection_events"":2230785,""detectors_checked"":1016594432,""obs_mistake_mask=E"":3}"
     10240,         0,         0,   0.308,exact_mw,cb12ae119b9b2ba18d0216e7235b403229e92fd0743ede48fe7f1a2c6f45d594,"{""distance"":5,""physical_error_rate"":0.0005}","{""detection_events"":5071,""detectors_checked"":2293760}"
      1297,         0,         0,   0.048,exact_mw,f32ebecd8e105e50ec838d33c5ed9b45444b6b44a3c6ac541111079f2b14e893,"{""distance"":5,""physical_error_rate"":5e-05}","{""detection_events"":79,""detectors_checked"":290528}"
         1,         0,         0,   0.000,exact_mw,70a969f5042aec17ac076c6379f4170fb7c69b8e925756ef3b7334e28a33338b,"{""distance"":5,""physical_error_rate"":0.0001}","{""detectors_checked"":224}"
     34816,         0,         0,   0.797,exact_mw,f32ebecd8e105e50ec838d33c5ed9b45444b6b44a3c6ac541111079f2b14e893,"{""distance"":5,""physical_error_rate"":5e-05}","{""detection_events"":1713,""detectors_checked"":7798784}"
      1024,         0,         0,   0.047,exact_mw,f32ebecd8e105e50ec838d33c5ed9b45444b6b44a3c6ac541111079f2b14e893,"{""distance"":5,""physical_error_rate"":5e-05}","{""detection_events"":53,""detectors_checked"":229376}"
      1024,         0,         0,   0.003,exact_mw,f32ebecd8e105e50ec838d33c5ed9b45444b6b44a3c6ac541111079f2b14e893,"{""distance"":5,""physical_error_rate"":5e-05}","{""detection_events"":40,""detectors_checked"":229376}"
      2320,         0,         0,   0.032,exact_mw,70a969f5042aec17ac076c6379f4170fb7c69b8e925756ef3b7334e28a33338b,"{""distance"":5,""physical_error_rate"":0.0001}","{""detection_events"":224,""detectors_checked"":519680}"
     40960,         0,         0,   0.786,exact_mw,f32ebecd8e105e50ec838d33c5ed9b45444b6b44a3c6ac541111079f2b14e893,"{""distance"":5,""physical_error_rate"":5e-05}","{""detection_events"":2145,""detectors_checked"":9175040}"
     35840,         0,         0,   0.774,exact_mw,f32ebecd8e105e50ec838d33c5ed9b45444b6b44a3c6ac541111079f2b14e893,"{""distance"":5,""physical_error_rate"":5e-05}","{""detection_events"":1873,""detectors_checked"":8028160}"
      2048,         0,         0,   0.018,exact_mw,70a969f5042aec17ac076c6379f4170fb7c69b8e925756ef3b7334e28a33338b,"{""distance"":5,""physical_error_rate"":0.0001}","{""detection_events"":166,""detectors_checked"":458752}"
      2048,         0,         0,   0.031,exact_mw,f32ebecd8e105e50ec838d33c5ed9b45444b6b44a3c6ac541111079f2b14e893,"{""distance"":5,""physical_error_rate"":5e-05}","{""detection_events"":129,""detectors_checked"":458752}"
      2048,         0,         0,   0.054,exact_mw,70a969f5042aec17ac076c6379f4170fb7c69b8e925756ef3b7334e28a33338b,"{""distance"":5,""physical_error_rate"":0.0001}","{""detection_events"":211,""detectors_checked"":458752}"
      3072,         0,         0,   0.059,exact_mw,f32ebecd8e105e50ec838d33c5ed9b45444b6b44a3c6ac541111079f2b14e893,"{""distance"":5,""physical_error_rate"":5e-05}","{""detection_events"":179,""detectors_checked"":688128}"
     62464,         0,         0,    1.09,exact_mw,cdc4a450a40af8e24899239080e4c40992fb5baf91c5a31ab3a165eacb3a1ab3,"{""distance"":5,""physical_error_rate"":0.0002}","{""detection_events"":12491,""detectors_checked"":13991936}"
      3072,         0,         0,   0.057,exact_mw,70a969f5042aec17ac076c6379f4170fb7c69b8e925756ef3b7334e28a33338b,"{""distance"":5,""physical_error_rate"":0.0001}","{""detection_events"":279,""detectors_checked"":688128}"
      4096,         0,         0,   0.062,exact_mw,f32ebecd8e105e50ec838d33c5ed9b45444b6b44a3c6ac541111079f2b14e893,"{""distance"":5,""physical_error_rate"":5e-05}","{""detection_events"":151,""detectors_checked"":917504}"
   6516736,         0,         0,   118.3,exact_mw,70a969f5042aec17ac076c6379f4170fb7c69b8e925756ef3b7334e28a33338b,"{""distance"":5,""physical_error_rate"":0.0001}","{""detection_events"":646765,""detectors_checked"":1459748864}"
      3072,         0,         0,   0.057,exact_mw,70a969f5042aec17ac076c6379f4170fb7c69b8e925756ef3b7334e28a33338b,"{""distance"":5,""physical_error_rate"":0.0001}","{""detection_events"":334,""detectors_checked"":688128}"
    513024,         0,         0,    2.17,exact_mw,cdc4a450a40af8e24899239080e4c40992fb5baf91c5a31ab3a165eacb3a1ab3,"{""distance"":5,""physical_error_rate"":0.0002}","{""detection_events"":101292,""detectors_checked"":114917376}"
   5630976,         0,         0,   118.6,exact_mw,70a969f5042aec17ac076c6379f4170fb7c69b8e925756ef3b7334e28a33338b,"{""distance"":5,""physical_error_rate"":0.0001}","{""detection_events"":554840,""detectors_checked"":1261338624}"
      5120,         0,         0,   0.090,exact_mw,f32ebecd8e105e50ec838d33c5ed9b45444b6b44a3c6ac541111079f2b14e893,"{""distance"":5,""physical_error_rate"":5e-05}","{""detection_events"":257,""detectors_checked"":1146880}"
      4096,         0,         0,   0.084,exact_mw,70a969f5042aec17ac076c6379f4170fb7c69b8e925756ef3b7334e28a33338b,"{""distance"":5,""physical_error_rate"":0.0001}","{""detection_events"":428,""detectors_checked"":917504}"
     15360,         0,         0,   0.414,exact_mw,cb12ae119b9b2ba18d0216e7235b403229e92fd0743ede48fe7f1a2c6f45d594,"{""distance"":5,""physical_error_rate"":0.0005}","{""detection_events"":7613,""detectors_checked"":3440640}"
   5390336,         0,         0,   118.6,exact_mw,cb12ae119b9b2ba18d0216e7235b403229e92fd0743ede48fe7f1a2c6f45d594,"{""distance"":5,""physical_error_rate"":0.0005}","{""detection_events"":2648152,""detectors_checked"":1207435264}"
      7168,         0,         0,   0.120,exact_mw,f32ebecd8e105e50ec838d33c5ed9b45444b6b44a3c6ac541111079f2b14e893,"{""distance"":5,""physical_error_rate"":5e-05}","{""detection_events"":389,""detectors_checked"":1605632}"
    173056,         0,         0,    1.53,exact_mw,f32ebecd8e105e50ec838d33c5ed9b45444b6b44a3c6ac541111079f2b14e893,"{""distance"":5,""physical_error_rate"":5e-05}","{""detection_events"":8559,""detectors_checked"":38764544}"
      5120,         0,         0,   0.110,exact_mw,70a969f5042aec17ac076c6379f4170fb7c69b8e925756ef3b7334e28a33338b,"{""distance"":5,""physical_error_rate"":0.0001}","{""detection_events"":505,""detectors_checked"":1146880}"
     52224,         0,         0,    1.11,exact_mw,cb12ae119b9b2ba18d0216e7235b403229e92fd0743ede48fe7f1a2c6f45d594,"{""distance"":5,""physical_error_rate"":0.0005}","{""detection_events"":26014,""detectors_checked"":11698176}"
     37888,         0,         0,    1.09,exact_mw,cb12ae119b9b2ba18d0216e7235b403229e92fd0743ede48fe7f1a2c6f45d594,"{""distance"":5,""physical_error_rate"":0.0005}","{""detection_events"":18883,""detectors_checked"":8486912}"
     92160,         0,         0,    1.56,exact_mw,70a969f5042aec17ac076c6379f4170fb7c69b8e925756ef3b7334e28a33338b,"{""distance"":5,""physical_error_rate"":0.0001}","{""detection_events"":8786,""detectors_checked"":20643840}"
      8192,         0,         0,   0.148,exact_mw,f32ebecd8e105e50ec838d33c5ed9b45444b6b44a3c6ac541111079f2b14e893,"{""distance"":5,""physical_error_rate"":5e-05}","{""detection_events"":450,""detectors_checked"":1835008}"
     78848,         0,         0,    1.56,exact_mw,cb12ae119b9b2ba18d0216e7235b403229e92fd0743ede48fe7f1a2c6f45d594,"{""distance"":5,""physical_error_rate"":0.0005}","{""detection_events"":38659,""detectors_checked"":17661952}"
      8192,         0,         0,   0.167,exact_mw,70a969f5042aec17ac076c6379f4170fb7c69b8e925756ef3b7334e28a33338b,"{""distance"":5,""physical_error_rate"":0.0001}","{""detection_events"":856,""detectors_checked"":1835008}"
     89088,         0,         0,    1.55,exact_mw,cdc4a450a40af8e24899239080e4c40992fb5baf91c5a31ab3a165eacb3a1ab3,"{""distance"":5,""physical_error_rate"":0.0002}","{""detection_events"":17779,""detectors_checked"":19955712}"
     87040,         0,         0,    1.56,exact_mw,cdc4a450a40af8e24899239080e4c40992fb5baf91c5a31ab3a165eacb3a1ab3,"{""distance"":5,""physical_error_rate"":0.0002}","{""detection_events"":16959,""detectors_checked"":19496960}"
    156672,         0,         0,    1.11,exact_mw,cdc4a450a40af8e24899239080e4c40992fb5baf91c5a31ab3a165eacb3a1ab3,"{""distance"":5,""physical_error_rate"":0.0002}","{""detection_events"":30912,""detectors_checked"":35094528}"
     76800,         0,         0,    1.54,exact_mw,cb12ae119b9b2ba18d0216e7235b403229e92fd0743ede48fe7f1a2c6f45d594,"{""distance"":5,""physical_error_rate"":0.0005}","{""detection_events"":37910,""detectors_checked"":17203200}"
     88064,         0,         0,    1.56,exact_mw,cdc4a450a40af8e24899239080e4c40992fb5baf91c5a31ab3a165eacb3a1ab3,"{""distance"":5,""physical_error_rate"":0.0002}","{""detection_events"":17275,""detectors_checked"":19726336}"
     54272,         0,         0,    1.09,exact_mw,cdc4a450a40af8e24899239080e4c40992fb5baf91c5a31ab3a165eacb3a1ab3,"{""distance"":5,""physical_error_rate"":0.0002}","{""detection_events"":10751,""detectors_checked"":12156928}"
     13312,         0,         0,   0.209,exact_mw,f32ebecd8e105e50ec838d33c5ed9b45444b6b44a3c6ac541111079f2b14e893,"{""distance"":5,""physical_error_rate"":5e-05}","{""detection_events"":657,""detectors_checked"":2981888}"
     11264,         0,         0,   0.222,exact_mw,70a969f5042aec17ac076c6379f4170fb7c69b8e925756ef3b7334e28a33338b,"{""distance"":5,""physical_error_rate"":0.0001}","{""detection_events"":1064,""detectors_checked"":2523136}"
     58368,         0,         0,    1.12,exact_mw,70a969f5042aec17ac076c6379f4170fb7c69b8e925756ef3b7334e28a33338b,"{""distance"":5,""physical_error_rate"":0.0001}","{""detection_events"":5757,""detectors_checked"":13074432}"
     78848,         0,         0,    1.54,exact_mw,70a969f5042aec17ac076c6379f4170fb7c69b8e925756ef3b7334e28a33338b,"{""distance"":5,""physical_error_rate"":0.0001}","{""detection_events"":7977,""detectors_checked"":17661952}"
     21504,         0,         0,   0.581,exact_mw,cb12ae119b9b2ba18d0216e7235b403229e92fd0743ede48fe7f1a2c6f45d594,"{""distance"":5,""physical_error_rate"":0.0005}","{""detection_events"":10498,""detectors_checked"":4816896}"
    103424,         0,         0,    1.54,exact_mw,70a969f5042aec17ac076c6379f4170fb7c69b8e925756ef3b7334e28a33338b,"{""distance"":5,""physical_error_rate"":0.0001}","{""detection_events"":10298,""detectors_checked"":23166976}"
     17408,         0,         0,   0.299,exact_mw,f32ebecd8e105e50ec838d33c5ed9b45444b6b44a3c6ac541111079f2b14e893,"{""distance"":5,""physical_error_rate"":5e-05}","{""detection_events"":822,""detectors_checked"":3899392}"
    212992,         0,         0,    1.54,exact_mw,f32ebecd8e105e50ec838d33c5ed9b45444b6b44a3c6ac541111079f2b14e893,"{""distance"":5,""physical_error_rate"":5e-05}","{""detection_events"":10576,""detectors_checked"":47710208}"
     15360,         0,         0,   0.286,exact_mw,70a969f5042aec17ac076c6379f4170fb7c69b8e925756ef3b7334e28a33338b,"{""distance"":5,""physical_error_rate"":0.0001}","{""detection_events"":1536,""detectors_checked"":3440640}"
     56320,         0,         0,    1.05,exact_mw,f32ebecd8e105e50ec838d33c5ed9b45444b6b44a3c6ac541111079f2b14e893,"{""distance"":5,""physical_error_rate"":5e-05}","{""detection_events"":2715,""detectors_checked"":12615680}"
     56320,         0,         0,    1.09,exact_mw,f32ebecd8e105e50ec838d33c5ed9b45444b6b44a3c6ac541111079f2b14e893,"{""distance"":5,""physical_error_rate"":5e-05}","{""detection_events"":2923,""detectors_checked"":12615680}"
     56320,         0,         0,    1.12,exact_mw,f32ebecd8e105e50ec838d33c5ed9b45444b6b44a3c6ac541111079f2b14e893,"{""distance"":5,""physical_error_rate"":5e-05}","{""detection_events"":2746,""detectors_checked"":12615680}"
      1297,         0,         0,   0.048,exact_mw,70a969f5042aec17ac076c6379f4170fb7c69b8e925756ef3b7334e28a33338b,"{""distance"":5,""physical_error_rate"":0.0001}","{""detection_events"":123,""detectors_checked"":290528}"
      2048,         0,         0,   0.050,exact_mw,70a969f5042aec17ac076c6379f4170fb7c69b8e925756ef3b7334e28a33338b,"{""distance"":5,""physical_error_rate"":0.0001}","{""detection_events"":209,""detectors_checked"":458752}"
      1024,         0,         0,   0.047,exact_mw,70a969f5042aec17ac076c6379f4170fb7c69b8e925756ef3b7334e28a33338b,"{""distance"":5,""physical_error_rate"":0.0001}","{""detection_events"":97,""detectors_checked"":229376}"
      1024,         0,         0,   0.047,exact_mw,70a969f5042aec17ac076c6379f4170fb7c69b8e925756ef3b7334e28a33338b,"{""distance"":5,""physical_error_rate"":0.0001}","{""detection_events"":85,""detectors_checked"":229376}"
      1024,         0,         0,   0.003,exact_mw,70a969f5042aec17ac076c6379f4170fb7c69b8e925756ef3b7334e28a33338b,"{""distance"":5,""physical_error_rate"":0.0001}","{""detection_events"":93,""detectors_checked"":229376}"
      3072,         0,         0,   0.089,exact_mw,70a969f5042aec17ac076c6379f4170fb7c69b8e925756ef3b7334e28a33338b,"{""distance"":5,""physical_error_rate"":0.0001}","{""detection_events"":306,""detectors_checked"":688128}"
     23552,         0,         0,   0.418,exact_mw,f32ebecd8e105e50ec838d33c5ed9b45444b6b44a3c6ac541111079f2b14e893,"{""distance"":5,""physical_error_rate"":5e-05}","{""detection_events"":1157,""detectors_checked"":5275648}"
     99328,         0,         0,    2.20,exact_mw,cb12ae119b9b2ba18d0216e7235b403229e92fd0743ede48fe7f1a2c6f45d594,"{""distance"":5,""physical_error_rate"":0.0005}","{""detection_events"":48201,""detectors_checked"":22249472}"
     20480,         0,         0,   0.419,exact_mw,70a969f5042aec17ac076c6379f4170fb7c69b8e925756ef3b7334e28a33338b,"{""distance"":5,""physical_error_rate"":0.0001}","{""detection_events"":1990,""detectors_checked"":4587520}"
      2048,         0,         0,   0.092,exact_mw,70a969f5042aec17ac076c6379f4170fb7c69b8e925756ef3b7334e28a33338b,"{""distance"":5,""physical_error_rate"":0.0001}","{""detection_events"":182,""detectors_checked"":458752}"
      4096,         0,         0,   0.144,exact_mw,70a969f5042aec17ac076c6379f4170fb7c69b8e925756ef3b7334e28a33338b,"{""distance"":5,""physical_error_rate"":0.0001}","{""detection_events"":373,""detectors_checked"":917504}"
     89088,         0,         0,    1.56,exact_mw,cdc4a450a40af8e24899239080e4c40992fb5baf91c5a31ab3a165eacb3a1ab3,"{""distance"":5,""physical_error_rate"":0.0002}","{""detection_events"":17350,""detectors_checked"":19955712}"
     30720,         0,         0,   0.818,exact_mw,cb12ae119b9b2ba18d0216e7235b403229e92fd0743ede48fe7f1a2c6f45d594,"{""distance"":5,""physical_error_rate"":0.0005}","{""detection_events"":14961,""detectors_checked"":6881280}"
        17,         0,         0,   0.045,exact_mw,cb12ae119b9b2ba18d0216e7235b403229e92fd0743ede48fe7f1a2c6f45d594,"{""distance"":5,""physical_error_rate"":0.0005}","{""detection_events"":2,""detectors_checked"":3808}"
      1152,         0,         0,   0.048,exact_mw,cb12ae119b9b2ba18d0216e7235b403229e92fd0743ede48fe7f1a2c6f45d594,"{""distance"":5,""physical_error_rate"":0.0005}","{""detection_events"":578,""detectors_checked"":258048}"
      6144,         0,         0,   0.193,exact_mw,70a969f5042aec17ac076c6379f4170fb7c69b8e925756ef3b7334e28a33338b,"{""distance"":5,""physical_error_rate"":0.0001}","{""detection_events"":618,""detectors_checked"":1376256}"
      2048,         0,         0,   0.051,exact_mw,cb12ae119b9b2ba18d0216e7235b403229e92fd0743ede48fe7f1a2c6f45d594,"{""distance"":5,""physical_error_rate"":0.0005}","{""detection_events"":929,""detectors_checked"":458752}"
     77824,         0,         0,    1.56,exact_mw,cb12ae119b9b2ba18d0216e7235b403229e92fd0743ede48fe7f1a2c6f45d594,"{""distance"":5,""physical_error_rate"":0.0005}","{""detection_events"":38416,""detectors_checked"":17432576}"
      1024,         0,         0,   0.049,exact_mw,cb12ae119b9b2ba18d0216e7235b403229e92fd0743ede48fe7f1a2c6f45d594,"{""distance"":5,""physical_error_rate"":0.0005}","{""detection_events"":501,""detectors_checked"":229376}"
     54272,         0,         0,    1.52,exact_mw,cb12ae119b9b2ba18d0216e7235b403229e92fd0743ede48fe7f1a2c6f45d594,"{""distance"":5,""physical_error_rate"":0.0005}","{""detection_events"":27084,""detectors_checked"":12156928}"
     33792,         0,         0,   0.570,exact_mw,f32ebecd8e105e50ec838d33c5ed9b45444b6b44a3c6ac541111079f2b14e893,"{""distance"":5,""physical_error_rate"":5e-05}","{""detection_events"":1745,""detectors_checked"":7569408}"
      1024,         0,         0,   0.047,exact_mw,cb12ae119b9b2ba18d0216e7235b403229e92fd0743ede48fe7f1a2c6f45d594,"{""distance"":5,""physical_error_rate"":0.0005}","{""detection_events"":543,""detectors_checked"":229376}"
     28672,         0,         0,   0.583,exact_mw,70a969f5042aec17ac076c6379f4170fb7c69b8e925756ef3b7334e28a33338b,"{""distance"":5,""physical_error_rate"":0.0001}","{""detection_events"":3074,""detectors_checked"":6422528}"
      6144,         0,         0,   0.239,exact_mw,70a969f5042aec17ac076c6379f4170fb7c69b8e925756ef3b7334e28a33338b,"{""distance"":5,""physical_error_rate"":0.0001}","{""detection_events"":528,""detectors_checked"":1376256}"
      3072,         0,         0,   0.055,exact_mw,cb12ae119b9b2ba18d0216e7235b403229e92fd0743ede48fe7f1a2c6f45d594,"{""distance"":5,""physical_error_rate"":0.0005}","{""detection_events"":1571,""detectors_checked"":688128}"
    239616,         0,         0,    1.54,exact_mw,cdc4a450a40af8e24899239080e4c40992fb5baf91c5a31ab3a165eacb3a1ab3,"{""distance"":5,""physical_error_rate"":0.0002}","{""detection_events"":47210,""detectors_checked"":53673984}"
      2048,         0,         0,   0.050,exact_mw,cb12ae119b9b2ba18d0216e7235b403229e92fd0743ede48fe7f1a2c6f45d594,"{""distance"":5,""physical_error_rate"":0.0005}","{""detection_events"":997,""detectors_checked"":458752}"
     72704,         0,         0,    1.56,exact_mw,cdc4a450a40af8e24899239080e4c40992fb5baf91c5a31ab3a165eacb3a1ab3,"{""distance"":5,""physical_error_rate"":0.0002}","{""detection_events"":14214,""detectors_checked"":16285696}"
      3072,         0,         0,   0.145,exact_mw,cb12ae119b9b2ba18d0216e7235b403229e92fd0743ede48fe7f1a2c6f45d594,"{""distance"":5,""physical_error_rate"":0.0005}","{""detection_events"":1465,""detectors_checked"":688128}"
     76800,         0,         0,    1.55,exact_mw,70a969f5042aec17ac076c6379f4170fb7c69b8e925756ef3b7334e28a33338b,"{""distance"":5,""physical_error_rate"":0.0001}","{""detection_events"":7476,""detectors_checked"":17203200}"
      9216,         0,         0,   0.335,exact_mw,70a969f5042aec17ac076c6379f4170fb7c69b8e925756ef3b7334e28a33338b,"{""distance"":5,""physical_error_rate"":0.0001}","{""detection_events"":890,""detectors_checked"":2064384}"
    340992,         0,         0,    2.16,exact_mw,f32ebecd8e105e50ec838d33c5ed9b45444b6b44a3c6ac541111079f2b14e893,"{""distance"":5,""physical_error_rate"":5e-05}","{""detection_events"":16953,""detectors_checked"":76382208}"
      3072,         0,         0,   0.191,exact_mw,cb12ae119b9b2ba18d0216e7235b403229e92fd0743ede48fe7f1a2c6f45d594,"{""distance"":5,""physical_error_rate"":0.0005}","{""detection_events"":1598,""detectors_checked"":688128}"
     77824,         0,         0,    1.56,exact_mw,f32ebecd8e105e50ec838d33c5ed9b45444b6b44a3c6ac541111079f2b14e893,"{""distance"":5,""physical_error_rate"":5e-05}","{""detection_events"":3613,""detectors_checked"":17432576}"
    126976,         0,         0,    2.15,exact_mw,70a969f5042aec17ac076c6379f4170fb7c69b8e925756ef3b7334e28a33338b,"{""distance"":5,""physical_error_rate"":0.0001}","{""detection_events"":12510,""detectors_checked"":28442624}"
     77824,         0,         0,    1.56,exact_mw,f32ebecd8e105e50ec838d33c5ed9b45444b6b44a3c6ac541111079f2b14e893,"{""distance"":5,""physical_error_rate"":5e-05}","{""detection_events"":4019,""detectors_checked"":17432576}"
     77824,         0,         0,    1.54,exact_mw,f32ebecd8e105e50ec838d33c5ed9b45444b6b44a3c6ac541111079f2b14e893,"{""distance"":5,""physical_error_rate"":5e-05}","{""detection_events"":3843,""detectors_checked"":17432576}"
    113664,         0,         0,    2.14,exact_mw,cb12ae119b9b2ba18d0216e7235b403229e92fd0743ede48fe7f1a2c6f45d594,"{""distance"":5,""physical_error_rate"":0.0005}","{""detection_events"":56147,""detectors_checked"":25460736}"
    121856,         0,         0,    2.13,exact_mw,cdc4a450a40af8e24899239080e4c40992fb5baf91c5a31ab3a165eacb3a1ab3,"{""distance"":5,""physical_error_rate"":0.0002}","{""detection_events"":24338,""detectors_checked"":27295744}"
     40960,         0,         0,    1.12,exact_mw,cb12ae119b9b2ba18d0216e7235b403229e92fd0743ede48fe7f1a2c6f45d594,"{""distance"":5,""physical_error_rate"":0.0005}","{""detection_events"":19946,""detectors_checked"":9175040}"
      4096,         0,         0,   0.239,exact_mw,cb12ae119b9b2ba18d0216e7235b403229e92fd0743ede48fe7f1a2c6f45d594,"{""distance"":5,""physical_error_rate"":0.0005}","{""detection_events"":2034,""detectors_checked"":917504}"
     46080,         0,         0,   0.805,exact_mw,f32ebecd8e105e50ec838d33c5ed9b45444b6b44a3c6ac541111079f2b14e893,"{""distance"":5,""physical_error_rate"":5e-05}","{""detection_events"":2287,""detectors_checked"":10321920}"
    122880,         0,         0,    2.17,exact_mw,cdc4a450a40af8e24899239080e4c40992fb5baf91c5a31ab3a165eacb3a1ab3,"{""distance"":5,""physical_error_rate"":0.0002}","{""detection_events"":24300,""detectors_checked"":27525120}"
     12288,         0,         0,   0.445,exact_mw,70a969f5042aec17ac076c6379f4170fb7c69b8e925756ef3b7334e28a33338b,"{""distance"":5,""physical_error_rate"":0.0001}","{""detection_events"":1323,""detectors_checked"":2752512}"
    121856,         0,         0,    2.16,exact_mw,cdc4a450a40af8e24899239080e4c40992fb5baf91c5a31ab3a165eacb3a1ab3,"{""distance"":5,""physical_error_rate"":0.0002}","{""detection_events"":24319,""detectors_checked"":27295744}"
    115712,         0,         0,    2.16,exact_mw,cb12ae119b9b2ba18d0216e7235b403229e92fd0743ede48fe7f1a2c6f45d594,"{""distance"":5,""physical_error_rate"":0.0005}","{""detection_events"":57145,""detectors_checked"":25919488}"
     39936,         0,         0,   0.811,exact_mw,70a969f5042aec17ac076c6379f4170fb7c69b8e925756ef3b7334e28a33338b,"{""distance"":5,""physical_error_rate"":0.0001}","{""detection_events"":4034,""detectors_checked"":8945664}"
    108544,         0,         0,    2.19,exact_mw,70a969f5042aec17ac076c6379f4170fb7c69b8e925756ef3b7334e28a33338b,"{""distance"":5,""physical_error_rate"":0.0001}","{""detection_events"":10265,""detectors_checked"":24313856}"
    152576,         0,         0,    2.14,exact_mw,70a969f5042aec17ac076c6379f4170fb7c69b8e925756ef3b7334e28a33338b,"{""distance"":5,""physical_error_rate"":0.0001}","{""detection_events"":15009,""detectors_checked"":34177024}"
      7168,         0,         0,   0.290,exact_mw,cb12ae119b9b2ba18d0216e7235b403229e92fd0743ede48fe7f1a2c6f45d594,"{""distance"":5,""physical_error_rate"":0.0005}","{""detection_events"":3570,""detectors_checked"":1605632}"
    910336,         0,         0,    3.01,exact_mw,cdc4a450a40af8e24899239080e4c40992fb5baf91c5a31ab3a165eacb3a1ab3,"{""distance"":5,""physical_error_rate"":0.0002}","{""detection_events"":179263,""detectors_checked"":203915264}"
    393216,         0,         0,    2.19,exact_mw,f32ebecd8e105e50ec838d33c5ed9b45444b6b44a3c6ac541111079f2b14e893,"{""distance"":5,""physical_error_rate"":5e-05}","{""detection_events"":19401,""detectors_checked"":88080384}"
     22528,         0,         0,   0.589,exact_mw,70a969f5042aec17ac076c6379f4170fb7c69b8e925756ef3b7334e28a33338b,"{""distance"":5,""physical_error_rate"":0.0001}","{""detection_events"":2134,""detectors_checked"":5046272}"
     15360,         0,         0,   0.390,exact_mw,cb12ae119b9b2ba18d0216e7235b403229e92fd0743ede48fe7f1a2c6f45d594,"{""distance"":5,""physical_error_rate"":0.0005}","{""detection_events"":7775,""detectors_checked"":3440640}"
    123904,         0,         0,    2.19,exact_mw,cdc4a450a40af8e24899239080e4c40992fb5baf91c5a31ab3a165eacb3a1ab3,"{""distance"":5,""physical_error_rate"":0.0002}","{""detection_events"":24529,""detectors_checked"":27754496}"
     65536,         0,         0,    1.12,exact_mw,f32ebecd8e105e50ec838d33c5ed9b45444b6b44a3c6ac541111079f2b14e893,"{""distance"":5,""physical_error_rate"":5e-05}","{""detection_events"":3108,""detectors_checked"":14680064}"
     55296,         0,         0,    1.09,exact_mw,70a969f5042aec17ac076c6379f4170fb7c69b8e925756ef3b7334e28a33338b,"{""distance"":5,""physical_error_rate"":0.0001}","{""detection_events"":5465,""detectors_checked"":12386304}"
     23552,         0,         0,   0.519,exact_mw,cb12ae119b9b2ba18d0216e7235b403229e92fd0743ede48fe7f1a2c6f45d594,"{""distance"":5,""physical_error_rate"":0.0005}","{""detection_events"":11594,""detectors_checked"":5275648}"
    111616,         0,         0,    2.17,exact_mw,cb12ae119b9b2ba18d0216e7235b403229e92fd0743ede48fe7f1a2c6f45d594,"{""distance"":5,""physical_error_rate"":0.0005}","{""detection_events"":54699,""detectors_checked"":25001984}"
     79872,         0,         0,    2.13,exact_mw,cb12ae119b9b2ba18d0216e7235b403229e92fd0743ede48fe7f1a2c6f45d594,"{""distance"":5,""physical_error_rate"":0.0005}","{""detection_events"":39684,""detectors_checked"":17891328}"
     57344,         0,         0,   0.824,exact_mw,70a969f5042aec17ac076c6379f4170fb7c69b8e925756ef3b7334e28a33338b,"{""distance"":5,""physical_error_rate"":0.0001}","{""detection_events"":5733,""detectors_checked"":12845056}"
     57344,         0,         0,    1.53,exact_mw,cb12ae119b9b2ba18d0216e7235b403229e92fd0743ede48fe7f1a2c6f45d594,"{""distance"":5,""physical_error_rate"":0.0005}","{""detection_events"":27901,""detectors_checked"":12845056}"
    287744,         0,         0,    2.16,exact_mw,cdc4a450a40af8e24899239080e4c40992fb5baf91c5a31ab3a165eacb3a1ab3,"{""distance"":5,""physical_error_rate"":0.0002}","{""detection_events"":57193,""detectors_checked"":64454656}"
    106496,         0,         0,    2.15,exact_mw,cdc4a450a40af8e24899239080e4c40992fb5baf91c5a31ab3a165eacb3a1ab3,"{""distance"":5,""physical_error_rate"":0.0002}","{""detection_events"":21348,""detectors_checked"":23855104}"
    131072,         0,         0,    3.03,exact_mw,cb12ae119b9b2ba18d0216e7235b403229e92fd0743ede48fe7f1a2c6f45d594,"{""distance"":5,""physical_error_rate"":0.0005}","{""detection_events"":64516,""detectors_checked"":29360128}"
    108544,         0,         0,    2.20,exact_mw,70a969f5042aec17ac076c6379f4170fb7c69b8e925756ef3b7334e28a33338b,"{""distance"":5,""physical_error_rate"":0.0001}","{""detection_events"":10598,""detectors_checked"":24313856}"
    110592,         0,         0,    2.17,exact_mw,f32ebecd8e105e50ec838d33c5ed9b45444b6b44a3c6ac541111079f2b14e893,"{""distance"":5,""physical_error_rate"":5e-05}","{""detection_events"":5424,""detectors_checked"":24772608}"
    109568,         0,         0,    2.15,exact_mw,f32ebecd8e105e50ec838d33c5ed9b45444b6b44a3c6ac541111079f2b14e893,"{""distance"":5,""physical_error_rate"":5e-05}","{""detection_events"":5336,""detectors_checked"":24543232}"
    110592,         0,         0,    2.13,exact_mw,f32ebecd8e105e50ec838d33c5ed9b45444b6b44a3c6ac541111079f2b14e893,"{""distance"":5,""physical_error_rate"":5e-05}","{""detection_events"":5374,""detectors_checked"":24772608}"
     34816,         0,         0,   0.805,exact_mw,cb12ae119b9b2ba18d0216e7235b403229e92fd0743ede48fe7f1a2c6f45d594,"{""distance"":5,""physical_error_rate"":0.0005}","{""detection_events"":17188,""detectors_checked"":7798784}"
     57344,         0,         0,    1.11,exact_mw,70a969f5042aec17ac076c6379f4170fb7c69b8e925756ef3b7334e28a33338b,"{""distance"":5,""physical_error_rate"":0.0001}","{""detection_events"":5691,""detectors_checked"":12845056}"
     93184,         0,         0,    1.53,exact_mw,f32ebecd8e105e50ec838d33c5ed9b45444b6b44a3c6ac541111079f2b14e893,"{""distance"":5,""physical_error_rate"":5e-05}","{""detection_events"":4727,""detectors_checked"":20873216}"
     79872,         0,         0,    1.56,exact_mw,70a969f5042aec17ac076c6379f4170fb7c69b8e925756ef3b7334e28a33338b,"{""distance"":5,""physical_error_rate"":0.0001}","{""detection_events"":7931,""detectors_checked"":17891328}"
    471040,         0,         0,    3.02,exact_mw,f32ebecd8e105e50ec838d33c5ed9b45444b6b44a3c6ac541111079f2b14e893,"{""distance"":5,""physical_error_rate"":5e-05}","{""detection_events"":23306,""detectors_checked"":105512960}"
    179200,         0,         0,    3.04,exact_mw,70a969f5042aec17ac076c6379f4170fb7c69b8e925756ef3b7334e28a33338b,"{""distance"":5,""physical_error_rate"":0.0001}","{""detection_events"":17947,""detectors_checked"":40140800}"
    156672,         0,         0,    3.02,exact_mw,cb12ae119b9b2ba18d0216e7235b403229e92fd0743ede48fe7f1a2c6f45d594,"{""distance"":5,""physical_error_rate"":0.0005}","{""detection_events"":77159,""detectors_checked"":35094528}"
    176128,         0,         0,    3.02,exact_mw,cdc4a450a40af8e24899239080e4c40992fb5baf91c5a31ab3a165eacb3a1ab3,"{""distance"":5,""physical_error_rate"":0.0002}","{""detection_events"":35221,""detectors_checked"":39452672}"
    172032,         0,         0,    3.05,exact_mw,cdc4a450a40af8e24899239080e4c40992fb5baf91c5a31ab3a165eacb3a1ab3,"{""distance"":5,""physical_error_rate"":0.0002}","{""detection_events"":34186,""detectors_checked"":38535168}"
    159744,         0,         0,    3.00,exact_mw,cb12ae119b9b2ba18d0216e7235b403229e92fd0743ede48fe7f1a2c6f45d594,"{""distance"":5,""physical_error_rate"":0.0005}","{""detection_events"":78435,""detectors_checked"":35782656}"
    173056,         0,         0,    2.99,exact_mw,cdc4a450a40af8e24899239080e4c40992fb5baf91c5a31ab3a165eacb3a1ab3,"{""distance"":5,""physical_error_rate"":0.0002}","{""detection_events"":33644,""detectors_checked"":38764544}"
     53248,         0,         0,    1.14,exact_mw,cb12ae119b9b2ba18d0216e7235b403229e92fd0743ede48fe7f1a2c6f45d594,"{""distance"":5,""physical_error_rate"":0.0005}","{""detection_events"":26090,""detectors_checked"":11927552}"
    154624,         0,         0,    3.07,exact_mw,70a969f5042aec17ac076c6379f4170fb7c69b8e925756ef3b7334e28a33338b,"{""distance"":5,""physical_error_rate"":0.0001}","{""detection_events"":15231,""detectors_checked"":34635776}"
    178176,         0,         0,    2.95,exact_mw,70a969f5042aec17ac076c6379f4170fb7c69b8e925756ef3b7334e28a33338b,"{""distance"":5,""physical_error_rate"":0.0001}","{""detection_events"":17490,""detectors_checked"":39911424}"
    278528,         0,         0,    3.06,exact_mw,f32ebecd8e105e50ec838d33c5ed9b45444b6b44a3c6ac541111079f2b14e893,"{""distance"":5,""physical_error_rate"":5e-05}","{""detection_events"":13766,""detectors_checked"":62390272}"
     80896,         0,         0,    2.16,exact_mw,cb12ae119b9b2ba18d0216e7235b403229e92fd0743ede48fe7f1a2c6f45d594,"{""distance"":5,""physical_error_rate"":0.0005}","{""detection_events"":39185,""detectors_checked"":18120704}"
    169984,         0,         0,    2.99,exact_mw,cdc4a450a40af8e24899239080e4c40992fb5baf91c5a31ab3a165eacb3a1ab3,"{""distance"":5,""physical_error_rate"":0.0002}","{""detection_events"":33288,""detectors_checked"":38076416}"
     78848,         0,         0,    1.49,exact_mw,70a969f5042aec17ac076c6379f4170fb7c69b8e925756ef3b7334e28a33338b,"{""distance"":5,""physical_error_rate"":0.0001}","{""detection_events"":7940,""detectors_checked"":17661952}"
    149504,         0,         0,    2.98,exact_mw,cb12ae119b9b2ba18d0216e7235b403229e92fd0743ede48fe7f1a2c6f45d594,"{""distance"":5,""physical_error_rate"":0.0005}","{""detection_events"":73419,""detectors_checked"":33488896}"
    113664,         0,         0,    3.00,exact_mw,cb12ae119b9b2ba18d0216e7235b403229e92fd0743ede48fe7f1a2c6f45d594,"{""distance"":5,""physical_error_rate"":0.0005}","{""detection_events"":56207,""detectors_checked"":25460736}"
   3945472,         4,         0,   118.4,exact_mw,cb12ae119b9b2ba18d0216e7235b403229e92fd0743ede48fe7f1a2c6f45d594,"{""distance"":5,""physical_error_rate"":0.0005}","{""detection_events"":1945781,""detectors_checked"":883785728,""obs_mistake_mask=E"":4}"
   5144906,         0,         0,    94.7,exact_mw,f32ebecd8e105e50ec838d33c5ed9b45444b6b44a3c6ac541111079f2b14e893,"{""distance"":5,""physical_error_rate"":5e-05}","{""detection_events"":254454,""detectors_checked"":1152458944}"
   4846869,         0,         0,    93.9,exact_mw,f32ebecd8e105e50ec838d33c5ed9b45444b6b44a3c6ac541111079f2b14e893,"{""distance"":5,""physical_error_rate"":5e-05}","{""detection_events"":239584,""detectors_checked"":1085698656}"
    358400,         0,         0,    3.04,exact_mw,cdc4a450a40af8e24899239080e4c40992fb5baf91c5a31ab3a165eacb3a1ab3,"{""distance"":5,""physical_error_rate"":0.0002}","{""detection_events"":70634,""detectors_checked"":80281600}"
    611328,         0,         0,    4.26,exact_mw,cdc4a450a40af8e24899239080e4c40992fb5baf91c5a31ab3a165eacb3a1ab3,"{""distance"":5,""physical_error_rate"":0.0002}","{""detection_events"":120748,""detectors_checked"":136937472}"
    151552,         0,         0,    3.04,exact_mw,cdc4a450a40af8e24899239080e4c40992fb5baf91c5a31ab3a165eacb3a1ab3,"{""distance"":5,""physical_error_rate"":0.0002}","{""detection_events"":30064,""detectors_checked"":33947648}"
     62464,         0,         0,    1.53,exact_mw,cb12ae119b9b2ba18d0216e7235b403229e92fd0743ede48fe7f1a2c6f45d594,"{""distance"":5,""physical_error_rate"":0.0005}","{""detection_events"":30787,""detectors_checked"":13991936}"
   6618112,         0,         0,   118.5,exact_mw,70a969f5042aec17ac076c6379f4170fb7c69b8e925756ef3b7334e28a33338b,"{""distance"":5,""physical_error_rate"":0.0001}","{""detection_events"":650848,""detectors_checked"":1482457088}"
    193536,         0,         0,    3.00,exact_mw,70a969f5042aec17ac076c6379f4170fb7c69b8e925756ef3b7334e28a33338b,"{""distance"":5,""physical_error_rate"":0.0001}","{""detection_events"":18853,""detectors_checked"":43352064}"
    120832,         0,         0,    2.12,exact_mw,f32ebecd8e105e50ec838d33c5ed9b45444b6b44a3c6ac541111079f2b14e893,"{""distance"":5,""physical_error_rate"":5e-05}","{""detection_events"":5891,""detectors_checked"":27066368}"
   4695405,         0,         0,    18.0,exact_mw,f32ebecd8e105e50ec838d33c5ed9b45444b6b44a3c6ac541111079f2b14e893,"{""distance"":5,""physical_error_rate"":5e-05}","{""detection_events"":231045,""detectors_checked"":1051770720}"
    128000,         0,         0,    2.15,exact_mw,70a969f5042aec17ac076c6379f4170fb7c69b8e925756ef3b7334e28a33338b,"{""distance"":5,""physical_error_rate"":0.0001}","{""detection_events"":12481,""detectors_checked"":28672000}"
    160768,         0,         0,    3.06,exact_mw,f32ebecd8e105e50ec838d33c5ed9b45444b6b44a3c6ac541111079f2b14e893,"{""distance"":5,""physical_error_rate"":5e-05}","{""detection_events"":7808,""detectors_checked"":36012032}"
    196608,         0,         0,    2.96,exact_mw,f32ebecd8e105e50ec838d33c5ed9b45444b6b44a3c6ac541111079f2b14e893,"{""distance"":5,""physical_error_rate"":5e-05}","{""detection_events"":9393,""detectors_checked"":44040192}"
    174080,         0,         0,    3.06,exact_mw,f32ebecd8e105e50ec838d33c5ed9b45444b6b44a3c6ac541111079f2b14e893,"{""distance"":5,""physical_error_rate"":5e-05}","{""detection_events"":8523,""detectors_checked"":38993920}"
    195584,         0,         0,    4.13,exact_mw,cb12ae119b9b2ba18d0216e7235b403229e92fd0743ede48fe7f1a2c6f45d594,"{""distance"":5,""physical_error_rate"":0.0005}","{""detection_events"":96444,""detectors_checked"":43810816}"
     89088,         0,         0,    2.16,exact_mw,70a969f5042aec17ac076c6379f4170fb7c69b8e925756ef3b7334e28a33338b,"{""distance"":5,""physical_error_rate"":0.0001}","{""detection_events"":8763,""detectors_checked"":19955712}"
     86016,         0,         0,    3.01,exact_mw,cb12ae119b9b2ba18d0216e7235b403229e92fd0743ede48fe7f1a2c6f45d594,"{""distance"":5,""physical_error_rate"":0.0005}","{""detection_events"":41545,""detectors_checked"":19267584}"
     80896,         0,         0,    2.13,exact_mw,cb12ae119b9b2ba18d0216e7235b403229e92fd0743ede48fe7f1a2c6f45d594,"{""distance"":5,""physical_error_rate"":0.0005}","{""detection_events"":39434,""detectors_checked"":18120704}"
    429056,         0,         0,    4.21,exact_mw,f32ebecd8e105e50ec838d33c5ed9b45444b6b44a3c6ac541111079f2b14e893,"{""distance"":5,""physical_error_rate"":5e-05}","{""detection_events"":21543,""detectors_checked"":96108544}"
    230400,         0,         0,    4.23,exact_mw,70a969f5042aec17ac076c6379f4170fb7c69b8e925756ef3b7334e28a33338b,"{""distance"":5,""physical_error_rate"":0.0001}","{""detection_events"":22628,""detectors_checked"":51609600}"
    155648,         0,         0,    4.21,exact_mw,cb12ae119b9b2ba18d0216e7235b403229e92fd0743ede48fe7f1a2c6f45d594,"{""distance"":5,""physical_error_rate"":0.0005}","{""detection_events"":76499,""detectors_checked"":34865152}"
    227328,         0,         0,    4.20,exact_mw,cdc4a450a40af8e24899239080e4c40992fb5baf91c5a31ab3a165eacb3a1ab3,"{""distance"":5,""physical_error_rate"":0.0002}","{""detection_events"":44619,""detectors_checked"":50921472}"
    222208,         0,         0,    4.28,exact_mw,cdc4a450a40af8e24899239080e4c40992fb5baf91c5a31ab3a165eacb3a1ab3,"{""distance"":5,""physical_error_rate"":0.0002}","{""detection_events"":43616,""detectors_checked"":49774592}"
    172032,         0,         0,    4.22,exact_mw,cb12ae119b9b2ba18d0216e7235b403229e92fd0743ede48fe7f1a2c6f45d594,"{""distance"":5,""physical_error_rate"":0.0005}","{""detection_events"":84948,""detectors_checked"":38535168}"
    223232,         0,         0,    4.25,exact_mw,cdc4a450a40af8e24899239080e4c40992fb5baf91c5a31ab3a165eacb3a1ab3,"{""distance"":5,""physical_error_rate"":0.0002}","{""detection_events"":44116,""detectors_checked"":50003968}"
    168960,         0,         0,    4.16,exact_mw,70a969f5042aec17ac076c6379f4170fb7c69b8e925756ef3b7334e28a33338b,"{""distance"":5,""physical_error_rate"":0.0001}","{""detection_events"":16574,""detectors_checked"":37847040}"
    212992,         0,         0,    4.27,exact_mw,70a969f5042aec17ac076c6379f4170fb7c69b8e925756ef3b7334e28a33338b,"{""distance"":5,""physical_error_rate"":0.0001}","{""detection_events"":21023,""detectors_checked"":47710208}"
    422912,         0,         0,    4.22,exact_mw,f32ebecd8e105e50ec838d33c5ed9b45444b6b44a3c6ac541111079f2b14e893,"{""distance"":5,""physical_error_rate"":5e-05}","{""detection_events"":21102,""detectors_checked"":94732288}"
    157696,         0,         0,    3.05,exact_mw,f32ebecd8e105e50ec838d33c5ed9b45444b6b44a3c6ac541111079f2b14e893,"{""distance"":5,""physical_error_rate"":5e-05}","{""detection_events"":7659,""detectors_checked"":35323904}"
    163840,         0,         0,    2.94,exact_mw,70a969f5042aec17ac076c6379f4170fb7c69b8e925756ef3b7334e28a33338b,"{""distance"":5,""physical_error_rate"":0.0001}","{""detection_events"":16305,""detectors_checked"":36700160}"
    227328,         0,         0,    4.20,exact_mw,cdc4a450a40af8e24899239080e4c40992fb5baf91c5a31ab3a165eacb3a1ab3,"{""distance"":5,""physical_error_rate"":0.0002}","{""detection_events"":45077,""detectors_checked"":50921472}"
    163840,         0,         0,    4.28,exact_mw,cb12ae119b9b2ba18d0216e7235b403229e92fd0743ede48fe7f1a2c6f45d594,"{""distance"":5,""physical_error_rate"":0.0005}","{""detection_events"":80409,""detectors_checked"":36700160}"
    105472,         0,         0,    4.27,exact_mw,cb12ae119b9b2ba18d0216e7235b403229e92fd0743ede48fe7f1a2c6f45d594,"{""distance"":5,""physical_error_rate"":0.0005}","{""detection_events"":51121,""detectors_checked"":23625728}"
    240640,         0,         0,    4.17,exact_mw,cdc4a450a40af8e24899239080e4c40992fb5baf91c5a31ab3a165eacb3a1ab3,"{""distance"":5,""physical_error_rate"":0.0002}","{""detection_events"":47444,""detectors_checked"":53903360}"
   4544897,         0,         0,    22.0,exact_mw,f32ebecd8e105e50ec838d33c5ed9b45444b6b44a3c6ac541111079f2b14e893,"{""distance"":5,""physical_error_rate"":5e-05}","{""detection_events"":223991,""detectors_checked"":1018056928}"
    134144,         0,         0,    4.28,exact_mw,cdc4a450a40af8e24899239080e4c40992fb5baf91c5a31ab3a165eacb3a1ab3,"{""distance"":5,""physical_error_rate"":0.0002}","{""detection_events"":26445,""detectors_checked"":30048256}"
    248832,         0,         0,    4.25,exact_mw,70a969f5042aec17ac076c6379f4170fb7c69b8e925756ef3b7334e28a33338b,"{""distance"":5,""physical_error_rate"":0.0001}","{""detection_events"":24382,""detectors_checked"":55738368}"
    616448,         0,         0,    4.21,exact_mw,f32ebecd8e105e50ec838d33c5ed9b45444b6b44a3c6ac541111079f2b14e893,"{""distance"":5,""physical_error_rate"":5e-05}","{""detection_events"":30655,""detectors_checked"":138084352}"
    267264,         0,         0,    4.23,exact_mw,f32ebecd8e105e50ec838d33c5ed9b45444b6b44a3c6ac541111079f2b14e893,"{""distance"":5,""physical_error_rate"":5e-05}","{""detection_events"":12983,""detectors_checked"":59867136}"
    212992,         0,         0,    4.23,exact_mw,f32ebecd8e105e50ec838d33c5ed9b45444b6b44a3c6ac541111079f2b14e893,"{""distance"":5,""physical_error_rate"":5e-05}","{""detection_events"":10932,""detectors_checked"":47710208}"
     95232,         0,         0,    3.04,exact_mw,70a969f5042aec17ac076c6379f4170fb7c69b8e925756ef3b7334e28a33338b,"{""distance"":5,""physical_error_rate"":0.0001}","{""detection_events"":9276,""detectors_checked"":21331968}"
    106496,         0,         0,    3.03,exact_mw,cb12ae119b9b2ba18d0216e7235b403229e92fd0743ede48fe7f1a2c6f45d594,"{""distance"":5,""physical_error_rate"":0.0005}","{""detection_events"":53569,""detectors_checked"":23855104}"
   1134592,         0,         0,    5.93,exact_mw,cdc4a450a40af8e24899239080e4c40992fb5baf91c5a31ab3a165eacb3a1ab3,"{""distance"":5,""physical_error_rate"":0.0002}","{""detection_events"":223084,""detectors_checked"":254148608}"
    101376,         0,         0,    4.18,exact_mw,cb12ae119b9b2ba18d0216e7235b403229e92fd0743ede48fe7f1a2c6f45d594,"{""distance"":5,""physical_error_rate"":0.0005}","{""detection_events"":50354,""detectors_checked"":22708224}"
    305152,         0,         0,    5.95,exact_mw,cb12ae119b9b2ba18d0216e7235b403229e92fd0743ede48fe7f1a2c6f45d594,"{""distance"":5,""physical_error_rate"":0.0005}","{""detection_events"":149862,""detectors_checked"":68354048}"
    216064,         0,         0,    4.20,exact_mw,f32ebecd8e105e50ec838d33c5ed9b45444b6b44a3c6ac541111079f2b14e893,"{""distance"":5,""physical_error_rate"":5e-05}","{""detection_events"":10836,""detectors_checked"":48398336}"
    254976,         0,         0,    4.20,exact_mw,70a969f5042aec17ac076c6379f4170fb7c69b8e925756ef3b7334e28a33338b,"{""distance"":5,""physical_error_rate"":0.0001}","{""detection_events"":24840,""detectors_checked"":57114624}"
    808960,         0,         0,    5.94,exact_mw,f32ebecd8e105e50ec838d33c5ed9b45444b6b44a3c6ac541111079f2b14e893,"{""distance"":5,""physical_error_rate"":5e-05}","{""detection_events"":39377,""detectors_checked"":181207040}"
    353280,         0,         0,    5.90,exact_mw,70a969f5042aec17ac076c6379f4170fb7c69b8e925756ef3b7334e28a33338b,"{""distance"":5,""physical_error_rate"":0.0001}","{""detection_events"":35040,""detectors_checked"":79134720}"
    215040,         0,         0,    5.89,exact_mw,cb12ae119b9b2ba18d0216e7235b403229e92fd0743ede48fe7f1a2c6f45d594,"{""distance"":5,""physical_error_rate"":0.0005}","{""detection_events"":106140,""detectors_checked"":48168960}"
    340992,         0,         0,    5.89,exact_mw,cdc4a450a40af8e24899239080e4c40992fb5baf91c5a31ab3a165eacb3a1ab3,"{""distance"":5,""physical_error_rate"":0.0002}","{""detection_events"":67997,""detectors_checked"":76382208}"
    337920,         0,         0,    5.91,exact_mw,cdc4a450a40af8e24899239080e4c40992fb5baf91c5a31ab3a165eacb3a1ab3,"{""distance"":5,""physical_error_rate"":0.0002}","{""detection_events"":65722,""detectors_checked"":75694080}"
    340992,         0,         0,    5.92,exact_mw,cdc4a450a40af8e24899239080e4c40992fb5baf91c5a31ab3a165eacb3a1ab3,"{""distance"":5,""physical_error_rate"":0.0002}","{""detection_events"":67856,""detectors_checked"":76382208}"
    218112,         1,         0,    5.89,exact_mw,cb12ae119b9b2ba18d0216e7235b403229e92fd0743ede48fe7f1a2c6f45d594,"{""distance"":5,""physical_error_rate"":0.0005}","{""detection_events"":106898,""detectors_checked"":48857088,""obs_mistake_mask=E"":1}"
   4354709,         0,         0,    26.5,exact_mw,f32ebecd8e105e50ec838d33c5ed9b45444b6b44a3c6ac541111079f2b14e893,"{""distance"":5,""physical_error_rate"":5e-05}","{""detection_events"":215061,""detectors_checked"":975454816}"
   4152321,         0,         0,    90.0,exact_mw,f32ebecd8e105e50ec838d33c5ed9b45444b6b44a3c6ac541111079f2b14e893,"{""distance"":5,""physical_error_rate"":5e-05}","{""detection_events"":204650,""detectors_checked"":930119904}"
   4036608,         0,         0,    89.4,exact_mw,f32ebecd8e105e50ec838d33c5ed9b45444b6b44a3c6ac541111079f2b14e893,"{""distance"":5,""physical_error_rate"":5e-05}","{""detection_events"":198742,""detectors_checked"":904200192}"
    297984,         0,         0,    5.95,exact_mw,70a969f5042aec17ac076c6379f4170fb7c69b8e925756ef3b7334e28a33338b,"{""distance"":5,""physical_error_rate"":0.0001}","{""detection_events"":29446,""detectors_checked"":66748416}"
    176128,         0,         0,    5.90,exact_mw,70a969f5042aec17ac076c6379f4170fb7c69b8e925756ef3b7334e28a33338b,"{""distance"":5,""physical_error_rate"":0.0001}","{""detection_events"":17257,""detectors_checked"":39452672}"
    120832,         0,         0,    4.31,exact_mw,70a969f5042aec17ac076c6379f4170fb7c69b8e925756ef3b7334e28a33338b,"{""distance"":5,""physical_error_rate"":0.0001}","{""detection_events"":11727,""detectors_checked"":27066368}"
    354304,         0,         0,    5.92,exact_mw,f32ebecd8e105e50ec838d33c5ed9b45444b6b44a3c6ac541111079f2b14e893,"{""distance"":5,""physical_error_rate"":5e-05}","{""detection_events"":17484,""detectors_checked"":79364096}"
    153600,         0,         0,    4.20,exact_mw,cb12ae119b9b2ba18d0216e7235b403229e92fd0743ede48fe7f1a2c6f45d594,"{""distance"":5,""physical_error_rate"":0.0005}","{""detection_events"":75711,""detectors_checked"":34406400}"
    345088,         0,         0,    5.91,exact_mw,cdc4a450a40af8e24899239080e4c40992fb5baf91c5a31ab3a165eacb3a1ab3,"{""distance"":5,""physical_error_rate"":0.0002}","{""detection_events"":67440,""detectors_checked"":77299712}"
    230400,         0,         0,    5.90,exact_mw,cb12ae119b9b2ba18d0216e7235b403229e92fd0743ede48fe7f1a2c6f45d594,"{""distance"":5,""physical_error_rate"":0.0005}","{""detection_events"":113384,""detectors_checked"":51609600}"
    118784,         0,         0,    5.97,exact_mw,cb12ae119b9b2ba18d0216e7235b403229e92fd0743ede48fe7f1a2c6f45d594,"{""distance"":5,""physical_error_rate"":0.0005}","{""detection_events"":57013,""detectors_checked"":26607616}"
    367616,         0,         0,    5.89,exact_mw,cdc4a450a40af8e24899239080e4c40992fb5baf91c5a31ab3a165eacb3a1ab3,"{""distance"":5,""physical_error_rate"":0.0002}","{""detection_events"":72322,""detectors_checked"":82345984}"
    157696,         0,         0,    6.03,exact_mw,cdc4a450a40af8e24899239080e4c40992fb5baf91c5a31ab3a165eacb3a1ab3,"{""distance"":5,""physical_error_rate"":0.0002}","{""detection_events"":31222,""detectors_checked"":35323904}"
    373760,         0,         0,    5.98,exact_mw,70a969f5042aec17ac076c6379f4170fb7c69b8e925756ef3b7334e28a33338b,"{""distance"":5,""physical_error_rate"":0.0001}","{""detection_events"":36967,""detectors_checked"":83722240}"
    900096,         0,         0,    5.92,exact_mw,f32ebecd8e105e50ec838d33c5ed9b45444b6b44a3c6ac541111079f2b14e893,"{""distance"":5,""physical_error_rate"":5e-05}","{""detection_events"":44719,""detectors_checked"":201621504}"
    354304,         0,         0,    5.88,exact_mw,f32ebecd8e105e50ec838d33c5ed9b45444b6b44a3c6ac541111079f2b14e893,"{""distance"":5,""physical_error_rate"":5e-05}","{""detection_events"":17230,""detectors_checked"":79364096}"
    311296,         0,         0,    5.92,exact_mw,f32ebecd8e105e50ec838d33c5ed9b45444b6b44a3c6ac541111079f2b14e893,"{""distance"":5,""physical_error_rate"":5e-05}","{""detection_events"":15161,""detectors_checked"":69730304}"
   4022561,         0,         0,    11.9,exact_mw,f32ebecd8e105e50ec838d33c5ed9b45444b6b44a3c6ac541111079f2b14e893,"{""distance"":5,""physical_error_rate"":5e-05}","{""detection_events"":198502,""detectors_checked"":901053664}"
    101376,         0,         0,    6.01,exact_mw,cb12ae119b9b2ba18d0216e7235b403229e92fd0743ede48fe7f1a2c6f45d594,"{""distance"":5,""physical_error_rate"":0.0005}","{""detection_events"":49920,""detectors_checked"":22708224}"
    376832,         0,         0,    5.87,exact_mw,f32ebecd8e105e50ec838d33c5ed9b45444b6b44a3c6ac541111079f2b14e893,"{""distance"":5,""physical_error_rate"":5e-05}","{""detection_events"":18570,""detectors_checked"":84410368}"
    410624,         0,         0,    5.96,exact_mw,70a969f5042aec17ac076c6379f4170fb7c69b8e925756ef3b7334e28a33338b,"{""distance"":5,""physical_error_rate"":0.0001}","{""detection_events"":40709,""detectors_checked"":91979776}"
   1903616,         0,         0,    8.35,exact_mw,cdc4a450a40af8e24899239080e4c40992fb5baf91c5a31ab3a165eacb3a1ab3,"{""distance"":5,""physical_error_rate"":0.0002}","{""detection_events"":374707,""detectors_checked"":426409984}"
    131072,         0,         0,    5.98,exact_mw,70a969f5042aec17ac076c6379f4170fb7c69b8e925756ef3b7334e28a33338b,"{""distance"":5,""physical_error_rate"":0.0001}","{""detection_events"":12937,""detectors_checked"":29360128}"
   1409884,         0,         0,    23.0,exact_mw,cdc4a450a40af8e24899239080e4c40992fb5baf91c5a31ab3a165eacb3a1ab3,"{""distance"":5,""physical_error_rate"":0.0002}","{""detection_events"":278459,""detectors_checked"":315814016}"
    229376,         0,         0,    5.93,exact_mw,cb12ae119b9b2ba18d0216e7235b403229e92fd0743ede48fe7f1a2c6f45d594,"{""distance"":5,""physical_error_rate"":0.0005}","{""detection_events"":112458,""detectors_checked"":51380224}"
    337920,         0,         0,    8.30,exact_mw,cb12ae119b9b2ba18d0216e7235b403229e92fd0743ede48fe7f1a2c6f45d594,"{""distance"":5,""physical_error_rate"":0.0005}","{""detection_events"":166389,""detectors_checked"":75694080}"
    585728,         0,         0,    8.27,exact_mw,f32ebecd8e105e50ec838d33c5ed9b45444b6b44a3c6ac541111079f2b14e893,"{""distance"":5,""physical_error_rate"":5e-05}","{""detection_events"":28587,""detectors_checked"":131203072}"
    497664,         0,         0,    8.29,exact_mw,70a969f5042aec17ac076c6379f4170fb7c69b8e925756ef3b7334e28a33338b,"{""distance"":5,""physical_error_rate"":0.0001}","{""detection_events"":49712,""detectors_checked"":111476736}"
    327680,         1,         0,    8.33,exact_mw,cb12ae119b9b2ba18d0216e7235b403229e92fd0743ede48fe7f1a2c6f45d594,"{""distance"":5,""physical_error_rate"":0.0005}","{""detection_events"":161022,""detectors_checked"":73400320,""obs_mistake_mask=E"":1}"
    475136,         0,         0,    8.29,exact_mw,cdc4a450a40af8e24899239080e4c40992fb5baf91c5a31ab3a165eacb3a1ab3,"{""distance"":5,""physical_error_rate"":0.0002}","{""detection_events"":93894,""detectors_checked"":106430464}"
    459776,         0,         0,    8.24,exact_mw,cdc4a450a40af8e24899239080e4c40992fb5baf91c5a31ab3a165eacb3a1ab3,"{""distance"":5,""physical_error_rate"":0.0002}","{""detection_events"":90161,""detectors_checked"":102989824}"
    362496,         0,         0,    8.30,exact_mw,cb12ae119b9b2ba18d0216e7235b403229e92fd0743ede48fe7f1a2c6f45d594,"{""distance"":5,""physical_error_rate"":0.0005}","{""detection_events"":175540,""detectors_checked"":81199104}"
    474112,         0,         0,    8.29,exact_mw,cdc4a450a40af8e24899239080e4c40992fb5baf91c5a31ab3a165eacb3a1ab3,"{""distance"":5,""physical_error_rate"":0.0002}","{""detection_events"":94128,""detectors_checked"":106201088}"
    450560,         0,         0,    8.30,exact_mw,70a969f5042aec17ac076c6379f4170fb7c69b8e925756ef3b7334e28a33338b,"{""distance"":5,""physical_error_rate"":0.0001}","{""detection_events"":44288,""detectors_checked"":100925440}"
    291840,         0,         0,    8.34,exact_mw,70a969f5042aec17ac076c6379f4170fb7c69b8e925756ef3b7334e28a33338b,"{""distance"":5,""physical_error_rate"":0.0001}","{""detection_events"":28827,""detectors_checked"":65372160}"
    574464,         0,         0,    8.34,exact_mw,f32ebecd8e105e50ec838d33c5ed9b45444b6b44a3c6ac541111079f2b14e893,"{""distance"":5,""physical_error_rate"":5e-05}","{""detection_events"":28842,""detectors_checked"":128679936}"
   3710711,         0,         0,    63.9,exact_mw,f32ebecd8e105e50ec838d33c5ed9b45444b6b44a3c6ac541111079f2b14e893,"{""distance"":5,""physical_error_rate"":5e-05}","{""detection_events"":182917,""detectors_checked"":831199264}"
   3560448,         0,         0,    63.6,exact_mw,f32ebecd8e105e50ec838d33c5ed9b45444b6b44a3c6ac541111079f2b14e893,"{""distance"":5,""physical_error_rate"":5e-05}","{""detection_events"":174717,""detectors_checked"":797540352}"
    481280,         0,         0,    8.32,exact_mw,cdc4a450a40af8e24899239080e4c40992fb5baf91c5a31ab3a165eacb3a1ab3,"{""distance"":5,""physical_error_rate"":0.0002}","{""detection_events"":94562,""detectors_checked"":107806720}"
    368640,         0,         0,    8.32,exact_mw,cb12ae119b9b2ba18d0216e7235b403229e92fd0743ede48fe7f1a2c6f45d594,"{""distance"":5,""physical_error_rate"":0.0005}","{""detection_events"":180735,""detectors_checked"":82575360}"
    330752,         0,         0,    8.35,exact_mw,cb12ae119b9b2ba18d0216e7235b403229e92fd0743ede48fe7f1a2c6f45d594,"{""distance"":5,""physical_error_rate"":0.0005}","{""detection_events"":163112,""detectors_checked"":74088448}"
    573440,         0,         0,    8.22,exact_mw,cdc4a450a40af8e24899239080e4c40992fb5baf91c5a31ab3a165eacb3a1ab3,"{""distance"":5,""physical_error_rate"":0.0002}","{""detection_events"":113345,""detectors_checked"":128450560}"
    304128,         0,         0,    8.26,exact_mw,cdc4a450a40af8e24899239080e4c40992fb5baf91c5a31ab3a165eacb3a1ab3,"{""distance"":5,""physical_error_rate"":0.0002}","{""detection_events"":59207,""detectors_checked"":68124672}"
    594944,         0,         0,    8.32,exact_mw,70a969f5042aec17ac076c6379f4170fb7c69b8e925756ef3b7334e28a33338b,"{""distance"":5,""physical_error_rate"":0.0001}","{""detection_events"":59142,""detectors_checked"":133267456}"
   2193214,         0,         0,    18.6,exact_mw,70a969f5042aec17ac076c6379f4170fb7c69b8e925756ef3b7334e28a33338b,"{""distance"":5,""physical_error_rate"":0.0001}","{""detection_events"":216336,""detectors_checked"":491279936}"
   8134656,         0,         0,    30.0,exact_mw,70a969f5042aec17ac076c6379f4170fb7c69b8e925756ef3b7334e28a33338b,"{""distance"":5,""physical_error_rate"":0.0001}","{""detection_events"":800378,""detectors_checked"":1822162944}"
    704512,         0,         0,    8.22,exact_mw,f32ebecd8e105e50ec838d33c5ed9b45444b6b44a3c6ac541111079f2b14e893,"{""distance"":5,""physical_error_rate"":5e-05}","{""detection_events"":35318,""detectors_checked"":157810688}"
    564224,         0,         0,    8.28,exact_mw,f32ebecd8e105e50ec838d33c5ed9b45444b6b44a3c6ac541111079f2b14e893,"{""distance"":5,""physical_error_rate"":5e-05}","{""detection_events"":27523,""detectors_checked"":126386176}"
    480256,         0,         0,    8.19,exact_mw,f32ebecd8e105e50ec838d33c5ed9b45444b6b44a3c6ac541111079f2b14e893,"{""distance"":5,""physical_error_rate"":5e-05}","{""detection_events"":23604,""detectors_checked"":107577344}"
    283648,         0,         0,    8.36,exact_mw,cb12ae119b9b2ba18d0216e7235b403229e92fd0743ede48fe7f1a2c6f45d594,"{""distance"":5,""physical_error_rate"":0.0005}","{""detection_events"":139098,""detectors_checked"":63537152}"
    871424,         0,         0,    8.35,exact_mw,f32ebecd8e105e50ec838d33c5ed9b45444b6b44a3c6ac541111079f2b14e893,"{""distance"":5,""physical_error_rate"":5e-05}","{""detection_events"":43048,""detectors_checked"":195198976}"
    552960,         0,         0,    8.32,exact_mw,70a969f5042aec17ac076c6379f4170fb7c69b8e925756ef3b7334e28a33338b,"{""distance"":5,""physical_error_rate"":0.0001}","{""detection_events"":54429,""detectors_checked"":123863040}"
   3546720,         0,         0,    51.1,exact_mw,f32ebecd8e105e50ec838d33c5ed9b45444b6b44a3c6ac541111079f2b14e893,"{""distance"":5,""physical_error_rate"":5e-05}","{""detection_events"":174013,""detectors_checked"":794465280}"
    685056,         0,         0,    8.17,exact_mw,70a969f5042aec17ac076c6379f4170fb7c69b8e925756ef3b7334e28a33338b,"{""distance"":5,""physical_error_rate"":0.0001}","{""detection_events"":67786,""detectors_checked"":153452544}"
   6265856,         0,         0,   118.2,exact_mw,cdc4a450a40af8e24899239080e4c40992fb5baf91c5a31ab3a165eacb3a1ab3,"{""distance"":5,""physical_error_rate"":0.0002}","{""detection_events"":1233593,""detectors_checked"":1403551744}"
    328704,         0,         0,    8.24,exact_mw,cb12ae119b9b2ba18d0216e7235b403229e92fd0743ede48fe7f1a2c6f45d594,"{""distance"":5,""physical_error_rate"":0.0005}","{""detection_events"":161249,""detectors_checked"":73629696}"
   6408192,         0,         0,   118.4,exact_mw,70a969f5042aec17ac076c6379f4170fb7c69b8e925756ef3b7334e28a33338b,"{""distance"":5,""physical_error_rate"":0.0001}","{""detection_events"":633454,""detectors_checked"":1435435008}"
   4664320,         3,         0,   118.5,exact_mw,cb12ae119b9b2ba18d0216e7235b403229e92fd0743ede48fe7f1a2c6f45d594,"{""distance"":5,""physical_error_rate"":0.0005}","{""detection_events"":2297757,""detectors_checked"":1044807680,""obs_mistake_mask=E"":3}"
   1516544,         0,         0,    11.6,exact_mw,cdc4a450a40af8e24899239080e4c40992fb5baf91c5a31ab3a165eacb3a1ab3,"{""distance"":5,""physical_error_rate"":0.0002}","{""detection_events"":299108,""detectors_checked"":339705856}"
   6269952,         0,         0,   118.7,exact_mw,70a969f5042aec17ac076c6379f4170fb7c69b8e925756ef3b7334e28a33338b,"{""distance"":5,""physical_error_rate"":0.0001}","{""detection_events"":618450,""detectors_checked"":1404469248}"
   8362273,         0,         0,    44.1,exact_mw,cdc4a450a40af8e24899239080e4c40992fb5baf91c5a31ab3a165eacb3a1ab3,"{""distance"":5,""physical_error_rate"":0.0002}","{""detection_events"":1650357,""detectors_checked"":1873149152}"
   3242733,         0,         0,    54.5,exact_mw,f32ebecd8e105e50ec838d33c5ed9b45444b6b44a3c6ac541111079f2b14e893,"{""distance"":5,""physical_error_rate"":5e-05}","{""detection_events"":159460,""detectors_checked"":726372192}"
   3160064,         0,         0,    55.4,exact_mw,f32ebecd8e105e50ec838d33c5ed9b45444b6b44a3c6ac541111079f2b14e893,"{""distance"":5,""physical_error_rate"":5e-05}","{""detection_events"":156407,""detectors_checked"":707854336}"
   3207168,         0,         0,    41.8,exact_mw,f32ebecd8e105e50ec838d33c5ed9b45444b6b44a3c6ac541111079f2b14e893,"{""distance"":5,""physical_error_rate"":5e-05}","{""detection_events"":157908,""detectors_checked"":718405632}"
   3141397,         0,         0,    22.3,exact_mw,f32ebecd8e105e50ec838d33c5ed9b45444b6b44a3c6ac541111079f2b14e893,"{""distance"":5,""physical_error_rate"":5e-05}","{""detection_events"":153942,""detectors_checked"":703672928}"
   2981888,         0,         0,    14.3,exact_mw,f32ebecd8e105e50ec838d33c5ed9b45444b6b44a3c6ac541111079f2b14e893,"{""distance"":5,""physical_error_rate"":5e-05}","{""detection_events"":147647,""detectors_checked"":667942912}"
   2939904,         0,         0,    43.9,exact_mw,f32ebecd8e105e50ec838d33c5ed9b45444b6b44a3c6ac541111079f2b14e893,"{""distance"":5,""physical_error_rate"":5e-05}","{""detection_events"":145578,""detectors_checked"":658538496}"
   3000320,         0,         0,    45.4,exact_mw,f32ebecd8e105e50ec838d33c5ed9b45444b6b44a3c6ac541111079f2b14e893,"{""distance"":5,""physical_error_rate"":5e-05}","{""detection_events"":148649,""detectors_checked"":672071680}"
   3060736,         0,         0,    54.1,exact_mw,f32ebecd8e105e50ec838d33c5ed9b45444b6b44a3c6ac541111079f2b14e893,"{""distance"":5,""physical_error_rate"":5e-05}","{""detection_events"":151829,""detectors_checked"":685604864}"
   3033088,         0,         0,    45.1,exact_mw,f32ebecd8e105e50ec838d33c5ed9b45444b6b44a3c6ac541111079f2b14e893,"{""distance"":5,""physical_error_rate"":5e-05}","{""detection_events"":149550,""detectors_checked"":679411712}"
   6002688,         0,         0,   118.2,exact_mw,cdc4a450a40af8e24899239080e4c40992fb5baf91c5a31ab3a165eacb3a1ab3,"{""distance"":5,""physical_error_rate"":0.0002}","{""detection_events"":1184074,""detectors_checked"":1344602112}"
   7771256,         0,         0,    44.6,exact_mw,cdc4a450a40af8e24899239080e4c40992fb5baf91c5a31ab3a165eacb3a1ab3,"{""distance"":5,""physical_error_rate"":0.0002}","{""detection_events"":1530868,""detectors_checked"":1740761344}"
   7343104,         0,         0,   106.7,exact_mw,cdc4a450a40af8e24899239080e4c40992fb5baf91c5a31ab3a165eacb3a1ab3,"{""distance"":5,""physical_error_rate"":0.0002}","{""detection_events"":1447656,""detectors_checked"":1644855296}"
    638976,         0,         0,    11.6,exact_mw,cb12ae119b9b2ba18d0216e7235b403229e92fd0743ede48fe7f1a2c6f45d594,"{""distance"":5,""physical_error_rate"":0.0005}","{""detection_events"":314311,""detectors_checked"":143130624}"
    813056,         0,         0,    11.6,exact_mw,f32ebecd8e105e50ec838d33c5ed9b45444b6b44a3c6ac541111079f2b14e893,"{""distance"":5,""physical_error_rate"":5e-05}","{""detection_events"":39853,""detectors_checked"":182124544}"
   2844253,         0,         0,    19.6,exact_mw,f32ebecd8e105e50ec838d33c5ed9b45444b6b44a3c6ac541111079f2b14e893,"{""distance"":5,""physical_error_rate"":5e-05}","{""detection_events"":140334,""detectors_checked"":637112672}"
   2598912,         0,         0,    40.1,exact_mw,f32ebecd8e105e50ec838d33c5ed9b45444b6b44a3c6ac541111079f2b14e893,"{""distance"":5,""physical_error_rate"":5e-05}","{""detection_events"":128327,""detectors_checked"":582156288}"
   2527232,         0,         0,    49.0,exact_mw,f32ebecd8e105e50ec838d33c5ed9b45444b6b44a3c6ac541111079f2b14e893,"{""distance"":5,""physical_error_rate"":5e-05}","{""detection_events"":123662,""detectors_checked"":566099968}"
   2597888,         0,         0,    43.4,exact_mw,f32ebecd8e105e50ec838d33c5ed9b45444b6b44a3c6ac541111079f2b14e893,"{""distance"":5,""physical_error_rate"":5e-05}","{""detection_events"":127433,""detectors_checked"":581926912}"
   2707456,         0,         0,    46.6,exact_mw,f32ebecd8e105e50ec838d33c5ed9b45444b6b44a3c6ac541111079f2b14e893,"{""distance"":5,""physical_error_rate"":5e-05}","{""detection_events"":132695,""detectors_checked"":606470144}"
   2678784,         0,         0,    45.7,exact_mw,f32ebecd8e105e50ec838d33c5ed9b45444b6b44a3c6ac541111079f2b14e893,"{""distance"":5,""physical_error_rate"":5e-05}","{""detection_events"":131706,""detectors_checked"":600047616}"
   2508800,         0,         0,    43.6,exact_mw,f32ebecd8e105e50ec838d33c5ed9b45444b6b44a3c6ac541111079f2b14e893,"{""distance"":5,""physical_error_rate"":5e-05}","{""detection_events"":124734,""detectors_checked"":561971200}"
   2457600,         0,         0,    45.9,exact_mw,f32ebecd8e105e50ec838d33c5ed9b45444b6b44a3c6ac541111079f2b14e893,"{""distance"":5,""physical_error_rate"":5e-05}","{""detection_events"":121289,""detectors_checked"":550502400}"
   2705408,         0,         0,    43.6,exact_mw,f32ebecd8e105e50ec838d33c5ed9b45444b6b44a3c6ac541111079f2b14e893,"{""distance"":5,""physical_error_rate"":5e-05}","{""detection_events"":133466,""detectors_checked"":606011392}"
   2734080,         0,         0,    47.9,exact_mw,f32ebecd8e105e50ec838d33c5ed9b45444b6b44a3c6ac541111079f2b14e893,"{""distance"":5,""physical_error_rate"":5e-05}","{""detection_events"":135360,""detectors_checked"":612433920}"
    635904,         0,         0,    11.6,exact_mw,70a969f5042aec17ac076c6379f4170fb7c69b8e925756ef3b7334e28a33338b,"{""distance"":5,""physical_error_rate"":0.0001}","{""detection_events"":62698,""detectors_checked"":142442496}"
    605184,         0,         0,    11.5,exact_mw,cdc4a450a40af8e24899239080e4c40992fb5baf91c5a31ab3a165eacb3a1ab3,"{""distance"":5,""physical_error_rate"":0.0002}","{""detection_events"":119148,""detectors_checked"":135561216}"
    399360,         0,         0,    11.6,exact_mw,cb12ae119b9b2ba18d0216e7235b403229e92fd0743ede48fe7f1a2c6f45d594,"{""distance"":5,""physical_error_rate"":0.0005}","{""detection_events"":197259,""detectors_checked"":89456640}"
    762880,         0,         0,    11.6,exact_mw,cdc4a450a40af8e24899239080e4c40992fb5baf91c5a31ab3a165eacb3a1ab3,"{""distance"":5,""physical_error_rate"":0.0002}","{""detection_events"":151573,""detectors_checked"":170885120}"
    475136,         0,         0,    11.6,exact_mw,cb12ae119b9b2ba18d0216e7235b403229e92fd0743ede48fe7f1a2c6f45d594,"{""distance"":5,""physical_error_rate"":0.0005}","{""detection_events"":233910,""detectors_checked"":106430464}"
    648192,         0,         0,    11.6,exact_mw,cdc4a450a40af8e24899239080e4c40992fb5baf91c5a31ab3a165eacb3a1ab3,"{""distance"":5,""physical_error_rate"":0.0002}","{""detection_events"":128504,""detectors_checked"":145195008}"
    628736,         0,         0,    11.6,exact_mw,70a969f5042aec17ac076c6379f4170fb7c69b8e925756ef3b7334e28a33338b,"{""distance"":5,""physical_error_rate"":0.0001}","{""detection_events"":61764,""detectors_checked"":140836864}"
    845824,         0,         0,    11.6,exact_mw,70a969f5042aec17ac076c6379f4170fb7c69b8e925756ef3b7334e28a33338b,"{""distance"":5,""physical_error_rate"":0.0001}","{""detection_events"":83693,""detectors_checked"":189464576}"
    960512,         0,         0,    11.6,exact_mw,f32ebecd8e105e50ec838d33c5ed9b45444b6b44a3c6ac541111079f2b14e893,"{""distance"":5,""physical_error_rate"":5e-05}","{""detection_events"":47226,""detectors_checked"":215154688}"
   4810752,         3,         0,   118.5,exact_mw,cb12ae119b9b2ba18d0216e7235b403229e92fd0743ede48fe7f1a2c6f45d594,"{""distance"":5,""physical_error_rate"":0.0005}","{""detection_events"":2364673,""detectors_checked"":1077608448,""obs_mistake_mask=E"":3}"
    592896,         0,         0,    11.7,exact_mw,cdc4a450a40af8e24899239080e4c40992fb5baf91c5a31ab3a165eacb3a1ab3,"{""distance"":5,""physical_error_rate"":0.0002}","{""detection_events"":117259,""detectors_checked"":132808704}"
   1152277,         0,         0,    3.21,exact_mw,f32ebecd8e105e50ec838d33c5ed9b45444b6b44a3c6ac541111079f2b14e893,"{""distance"":5,""physical_error_rate"":5e-05}","{""detection_events"":56899,""detectors_checked"":258110048}"
   1949696,         0,         0,    30.0,exact_mw,f32ebecd8e105e50ec838d33c5ed9b45444b6b44a3c6ac541111079f2b14e893,"{""distance"":5,""physical_error_rate"":5e-05}","{""detection_events"":95899,""detectors_checked"":436731904}"
   2126848,         0,         0,    29.8,exact_mw,f32ebecd8e105e50ec838d33c5ed9b45444b6b44a3c6ac541111079f2b14e893,"{""distance"":5,""physical_error_rate"":5e-05}","{""detection_events"":105852,""detectors_checked"":476413952}"
   1684480,         0,         0,    21.0,exact_mw,f32ebecd8e105e50ec838d33c5ed9b45444b6b44a3c6ac541111079f2b14e893,"{""distance"":5,""physical_error_rate"":5e-05}","{""detection_events"":83425,""detectors_checked"":377323520}"
    594944,         0,         0,    11.6,exact_mw,cb12ae119b9b2ba18d0216e7235b403229e92fd0743ede48fe7f1a2c6f45d594,"{""distance"":5,""physical_error_rate"":0.0005}","{""detection_events"":292767,""detectors_checked"":133267456}"
    475136,         0,         0,    11.5,exact_mw,cb12ae119b9b2ba18d0216e7235b403229e92fd0743ede48fe7f1a2c6f45d594,"{""distance"":5,""physical_error_rate"":0.0005}","{""detection_events"":234650,""detectors_checked"":106430464}"
    678912,         1,         0,    11.6,exact_mw,cdc4a450a40af8e24899239080e4c40992fb5baf91c5a31ab3a165eacb3a1ab3,"{""distance"":5,""physical_error_rate"":0.0002}","{""detection_events"":133951,""detectors_checked"":152076288,""obs_mistake_mask=E"":1}"
    674816,         0,         0,    11.6,exact_mw,cdc4a450a40af8e24899239080e4c40992fb5baf91c5a31ab3a165eacb3a1ab3,"{""distance"":5,""physical_error_rate"":0.0002}","{""detection_events"":133462,""detectors_checked"":151158784}"
    843776,         0,         0,    11.7,exact_mw,70a969f5042aec17ac076c6379f4170fb7c69b8e925756ef3b7334e28a33338b,"{""distance"":5,""physical_error_rate"":0.0001}","{""detection_events"":83528,""detectors_checked"":189005824}"
   1188576,         0,         0,    3.94,exact_mw,f32ebecd8e105e50ec838d33c5ed9b45444b6b44a3c6ac541111079f2b14e893,"{""distance"":5,""physical_error_rate"":5e-05}","{""detection_events"":58241,""detectors_checked"":266241024}"
   1312768,         0,         0,    21.6,exact_mw,f32ebecd8e105e50ec838d33c5ed9b45444b6b44a3c6ac541111079f2b14e893,"{""distance"":5,""physical_error_rate"":5e-05}","{""detection_events"":63820,""detectors_checked"":294060032}"
    461824,         0,         0,    11.6,exact_mw,f32ebecd8e105e50ec838d33c5ed9b45444b6b44a3c6ac541111079f2b14e893,"{""distance"":5,""physical_error_rate"":5e-05}","{""detection_events"":23050,""detectors_checked"":103448576}"
    538624,         0,         0,    11.7,exact_mw,f32ebecd8e105e50ec838d33c5ed9b45444b6b44a3c6ac541111079f2b14e893,"{""distance"":5,""physical_error_rate"":5e-05}","{""detection_events"":27290,""detectors_checked"":120651776}"
    677888,         0,         0,    11.6,exact_mw,f32ebecd8e105e50ec838d33c5ed9b45444b6b44a3c6ac541111079f2b14e893,"{""distance"":5,""physical_error_rate"":5e-05}","{""detection_events"":33769,""detectors_checked"":151846912}"
  15901880,         7,         0,    88.4,exact_mw,cb12ae119b9b2ba18d0216e7235b403229e92fd0743ede48fe7f1a2c6f45d594,"{""distance"":5,""physical_error_rate"":0.0005}","{""detection_events"":7831910,""detectors_checked"":3562021120,""obs_mistake_mask=E"":7}"
   7454667,         0,         0,   112.4,exact_mw,70a969f5042aec17ac076c6379f4170fb7c69b8e925756ef3b7334e28a33338b,"{""distance"":5,""physical_error_rate"":0.0001}","{""detection_events"":734249,""detectors_checked"":1669845408}"
   1167078,         0,         0,    3.41,exact_mw,f32ebecd8e105e50ec838d33c5ed9b45444b6b44a3c6ac541111079f2b14e893,"{""distance"":5,""physical_error_rate"":5e-05}","{""detection_events"":56944,""detectors_checked"":261425472}"
    307200,         0,         0,    11.4,exact_mw,cb12ae119b9b2ba18d0216e7235b403229e92fd0743ede48fe7f1a2c6f45d594,"{""distance"":5,""physical_error_rate"":0.0005}","{""detection_events"":151450,""detectors_checked"":68812800}"
   6440300,         0,         0,   114.0,exact_mw,70a969f5042aec17ac076c6379f4170fb7c69b8e925756ef3b7334e28a33338b,"{""distance"":5,""physical_error_rate"":0.0001}","{""detection_events"":638262,""detectors_checked"":1442627200}"
    522240,         0,         0,    11.4,exact_mw,f32ebecd8e105e50ec838d33c5ed9b45444b6b44a3c6ac541111079f2b14e893,"{""distance"":5,""physical_error_rate"":5e-05}","{""detection_events"":26226,""detectors_checked"":116981760}"
    661504,         0,         0,    11.6,exact_mw,70a969f5042aec17ac076c6379f4170fb7c69b8e925756ef3b7334e28a33338b,"{""distance"":5,""physical_error_rate"":0.0001}","{""detection_events"":65409,""detectors_checked"":148176896}"
    416768,         0,         0,    11.6,exact_mw,70a969f5042aec17ac076c6379f4170fb7c69b8e925756ef3b7334e28a33338b,"{""distance"":5,""physical_error_rate"":0.0001}","{""detection_events"":40872,""detectors_checked"":93356032}"
   1112691,         0,         0,    17.0,exact_mw,f32ebecd8e105e50ec838d33c5ed9b45444b6b44a3c6ac541111079f2b14e893,"{""distance"":5,""physical_error_rate"":5e-05}","{""detection_events"":54730,""detectors_checked"":249242784}"
    518144,         0,         0,    11.5,exact_mw,cb12ae119b9b2ba18d0216e7235b403229e92fd0743ede48fe7f1a2c6f45d594,"{""distance"":5,""physical_error_rate"":0.0005}","{""detection_events"":253956,""detectors_checked"":116064256}"
   4869120,         4,         0,   118.5,exact_mw,cb12ae119b9b2ba18d0216e7235b403229e92fd0743ede48fe7f1a2c6f45d594,"{""distance"":5,""physical_error_rate"":0.0005}","{""detection_events"":2396966,""detectors_checked"":1090682880,""obs_mistake_mask=E"":4}"
   4408320,         1,         0,   118.5,exact_mw,cb12ae119b9b2ba18d0216e7235b403229e92fd0743ede48fe7f1a2c6f45d594,"{""distance"":5,""physical_error_rate"":0.0005}","{""detection_events"":2169718,""detectors_checked"":987463680,""obs_mistake_mask=E"":1}"
   6406144,         0,         0,   118.1,exact_mw,cdc4a450a40af8e24899239080e4c40992fb5baf91c5a31ab3a165eacb3a1ab3,"{""distance"":5,""physical_error_rate"":0.0002}","{""detection_events"":1260532,""detectors_checked"":1434976256}"
   1061599,         0,         0,    7.51,exact_mw,f32ebecd8e105e50ec838d33c5ed9b45444b6b44a3c6ac541111079f2b14e893,"{""distance"":5,""physical_error_rate"":5e-05}","{""detection_events"":52346,""detectors_checked"":237798176}"
   1028424,         0,         0,    20.0,exact_mw,f32ebecd8e105e50ec838d33c5ed9b45444b6b44a3c6ac541111079f2b14e893,"{""distance"":5,""physical_error_rate"":5e-05}","{""detection_events"":50880,""detectors_checked"":230366976}"
    996286,         0,         0,    11.8,exact_mw,f32ebecd8e105e50ec838d33c5ed9b45444b6b44a3c6ac541111079f2b14e893,"{""distance"":5,""physical_error_rate"":5e-05}","{""detection_events"":49829,""detectors_checked"":223168064}"
    969728,         0,         0,    7.83,exact_mw,f32ebecd8e105e50ec838d33c5ed9b45444b6b44a3c6ac541111079f2b14e893,"{""distance"":5,""physical_error_rate"":5e-05}","{""detection_events"":47975,""detectors_checked"":217219072}"
    965152,         0,         0,    7.07,exact_mw,f32ebecd8e105e50ec838d33c5ed9b45444b6b44a3c6ac541111079f2b14e893,"{""distance"":5,""physical_error_rate"":5e-05}","{""detection_events"":48209,""detectors_checked"":216194048}"
    926720,         0,         0,    15.8,exact_mw,f32ebecd8e105e50ec838d33c5ed9b45444b6b44a3c6ac541111079f2b14e893,"{""distance"":5,""physical_error_rate"":5e-05}","{""detection_events"":45903,""detectors_checked"":207585280}"
    904687,         0,         0,    12.4,exact_mw,f32ebecd8e105e50ec838d33c5ed9b45444b6b44a3c6ac541111079f2b14e893,"{""distance"":5,""physical_error_rate"":5e-05}","{""detection_events"":44877,""detectors_checked"":202649888}"
    847456,         0,         0,    12.9,exact_mw,f32ebecd8e105e50ec838d33c5ed9b45444b6b44a3c6ac541111079f2b14e893,"{""distance"":5,""physical_error_rate"":5e-05}","{""detection_events"":41323,""detectors_checked"":189830144}"
    820973,         0,         0,    13.0,exact_mw,f32ebecd8e105e50ec838d33c5ed9b45444b6b44a3c6ac541111079f2b14e893,"{""distance"":5,""physical_error_rate"":5e-05}","{""detection_events"":40329,""detectors_checked"":183897952}"
    796672,         0,         0,    11.4,exact_mw,f32ebecd8e105e50ec838d33c5ed9b45444b6b44a3c6ac541111079f2b14e893,"{""distance"":5,""physical_error_rate"":5e-05}","{""detection_events"":38982,""detectors_checked"":178454528}"
    816128,         0,         0,    11.5,exact_mw,f32ebecd8e105e50ec838d33c5ed9b45444b6b44a3c6ac541111079f2b14e893,"{""distance"":5,""physical_error_rate"":5e-05}","{""detection_events"":40127,""detectors_checked"":182812672}"
    795317,         0,         0,    13.3,exact_mw,f32ebecd8e105e50ec838d33c5ed9b45444b6b44a3c6ac541111079f2b14e893,"{""distance"":5,""physical_error_rate"":5e-05}","{""detection_events"":38917,""detectors_checked"":178151008}"
    720896,         0,         0,    11.7,exact_mw,f32ebecd8e105e50ec838d33c5ed9b45444b6b44a3c6ac541111079f2b14e893,"{""distance"":5,""physical_error_rate"":5e-05}","{""detection_events"":35058,""detectors_checked"":161480704}"
    742400,         0,         0,    11.8,exact_mw,f32ebecd8e105e50ec838d33c5ed9b45444b6b44a3c6ac541111079f2b14e893,"{""distance"":5,""physical_error_rate"":5e-05}","{""detection_events"":37480,""detectors_checked"":166297600}"
    765952,         0,         0,    11.8,exact_mw,f32ebecd8e105e50ec838d33c5ed9b45444b6b44a3c6ac541111079f2b14e893,"{""distance"":5,""physical_error_rate"":5e-05}","{""detection_events"":37638,""detectors_checked"":171573248}"
    785408,         0,         0,    11.7,exact_mw,f32ebecd8e105e50ec838d33c5ed9b45444b6b44a3c6ac541111079f2b14e893,"{""distance"":5,""physical_error_rate"":5e-05}","{""detection_events"":39202,""detectors_checked"":175931392}"
    750592,         0,         0,    11.1,exact_mw,f32ebecd8e105e50ec838d33c5ed9b45444b6b44a3c6ac541111079f2b14e893,"{""distance"":5,""physical_error_rate"":5e-05}","{""detection_events"":37138,""detectors_checked"":168132608}"
    734208,         0,         0,    11.7,exact_mw,f32ebecd8e105e50ec838d33c5ed9b45444b6b44a3c6ac541111079f2b14e893,"{""distance"":5,""physical_error_rate"":5e-05}","{""detection_events"":36021,""detectors_checked"":164462592}"
    720064,         0,         0,    10.7,exact_mw,f32ebecd8e105e50ec838d33c5ed9b45444b6b44a3c6ac541111079f2b14e893,"{""distance"":5,""physical_error_rate"":5e-05}","{""detection_events"":36300,""detectors_checked"":161294336}"
    620544,         0,         0,    12.4,exact_mw,f32ebecd8e105e50ec838d33c5ed9b45444b6b44a3c6ac541111079f2b14e893,"{""distance"":5,""physical_error_rate"":5e-05}","{""detection_events"":30262,""detectors_checked"":139001856}"
    629760,         0,         0,    10.7,exact_mw,f32ebecd8e105e50ec838d33c5ed9b45444b6b44a3c6ac541111079f2b14e893,"{""distance"":5,""physical_error_rate"":5e-05}","{""detection_events"":31342,""detectors_checked"":141066240}"
    648192,         0,         0,    9.96,exact_mw,f32ebecd8e105e50ec838d33c5ed9b45444b6b44a3c6ac541111079f2b14e893,"{""distance"":5,""physical_error_rate"":5e-05}","{""detection_events"":31990,""detectors_checked"":145195008}"
    585728,         0,         0,    14.1,exact_mw,f32ebecd8e105e50ec838d33c5ed9b45444b6b44a3c6ac541111079f2b14e893,"{""distance"":5,""physical_error_rate"":5e-05}","{""detection_events"":29043,""detectors_checked"":131203072}"
    652288,         0,         0,    14.1,exact_mw,f32ebecd8e105e50ec838d33c5ed9b45444b6b44a3c6ac541111079f2b14e893,"{""distance"":5,""physical_error_rate"":5e-05}","{""detection_events"":31990,""detectors_checked"":146112512}"
    586752,         0,         0,    10.0,exact_mw,f32ebecd8e105e50ec838d33c5ed9b45444b6b44a3c6ac541111079f2b14e893,"{""distance"":5,""physical_error_rate"":5e-05}","{""detection_events"":29073,""detectors_checked"":131432448}"
    556954,         0,         0,    12.2,exact_mw,f32ebecd8e105e50ec838d33c5ed9b45444b6b44a3c6ac541111079f2b14e893,"{""distance"":5,""physical_error_rate"":5e-05}","{""detection_events"":26978,""detectors_checked"":124757696}"
    538624,         0,         0,    12.3,exact_mw,f32ebecd8e105e50ec838d33c5ed9b45444b6b44a3c6ac541111079f2b14e893,"{""distance"":5,""physical_error_rate"":5e-05}","{""detection_events"":26848,""detectors_checked"":120651776}"
    456704,         0,         0,    3.36,exact_mw,f32ebecd8e105e50ec838d33c5ed9b45444b6b44a3c6ac541111079f2b14e893,"{""distance"":5,""physical_error_rate"":5e-05}","{""detection_events"":22975,""detectors_checked"":102301696}"
    512000,         0,         0,    10.1,exact_mw,f32ebecd8e105e50ec838d33c5ed9b45444b6b44a3c6ac541111079f2b14e893,"{""distance"":5,""physical_error_rate"":5e-05}","{""detection_events"":25713,""detectors_checked"":114688000}"
    460800,         0,         0,    7.32,exact_mw,f32ebecd8e105e50ec838d33c5ed9b45444b6b44a3c6ac541111079f2b14e893,"{""distance"":5,""physical_error_rate"":5e-05}","{""detection_events"":22935,""detectors_checked"":103219200}"
    505856,         0,         0,    10.9,exact_mw,f32ebecd8e105e50ec838d33c5ed9b45444b6b44a3c6ac541111079f2b14e893,"{""distance"":5,""physical_error_rate"":5e-05}","{""detection_events"":24663,""detectors_checked"":113311744}"
    423197,         0,         0,    10.3,exact_mw,f32ebecd8e105e50ec838d33c5ed9b45444b6b44a3c6ac541111079f2b14e893,"{""distance"":5,""physical_error_rate"":5e-05}","{""detection_events"":20901,""detectors_checked"":94796128}"
    390144,         0,         0,    6.03,exact_mw,f32ebecd8e105e50ec838d33c5ed9b45444b6b44a3c6ac541111079f2b14e893,"{""distance"":5,""physical_error_rate"":5e-05}","{""detection_events"":18760,""detectors_checked"":87392256}"
   5157888,         1,         0,   118.6,exact_mw,cb12ae119b9b2ba18d0216e7235b403229e92fd0743ede48fe7f1a2c6f45d594,"{""distance"":5,""physical_error_rate"":0.0005}","{""detection_events"":2539081,""detectors_checked"":1155366912,""obs_mistake_mask=E"":1}"
   2826240,         0,         0,    16.3,exact_mw,cdc4a450a40af8e24899239080e4c40992fb5baf91c5a31ab3a165eacb3a1ab3,"{""distance"":5,""physical_error_rate"":0.0002}","{""detection_events"":558438,""detectors_checked"":633077760}"
    332660,         0,         0,    3.25,exact_mw,f32ebecd8e105e50ec838d33c5ed9b45444b6b44a3c6ac541111079f2b14e893,"{""distance"":5,""physical_error_rate"":5e-05}","{""detection_events"":16349,""detectors_checked"":74515840}"
    313344,         0,         0,    3.07,exact_mw,f32ebecd8e105e50ec838d33c5ed9b45444b6b44a3c6ac541111079f2b14e893,"{""distance"":5,""physical_error_rate"":5e-05}","{""detection_events"":15325,""detectors_checked"":70189056}"
    326656,         0,         0,    4.18,exact_mw,f32ebecd8e105e50ec838d33c5ed9b45444b6b44a3c6ac541111079f2b14e893,"{""distance"":5,""physical_error_rate"":5e-05}","{""detection_events"":16079,""detectors_checked"":73170944}"
    310072,         0,         0,    3.85,exact_mw,f32ebecd8e105e50ec838d33c5ed9b45444b6b44a3c6ac541111079f2b14e893,"{""distance"":5,""physical_error_rate"":5e-05}","{""detection_events"":15476,""detectors_checked"":69456128}"
    286720,         0,         0,    2.53,exact_mw,f32ebecd8e105e50ec838d33c5ed9b45444b6b44a3c6ac541111079f2b14e893,"{""distance"":5,""physical_error_rate"":5e-05}","{""detection_events"":14304,""detectors_checked"":64225280}"
    280383,         0,         0,    3.82,exact_mw,f32ebecd8e105e50ec838d33c5ed9b45444b6b44a3c6ac541111079f2b14e893,"{""distance"":5,""physical_error_rate"":5e-05}","{""detection_events"":14010,""detectors_checked"":62805792}"
    262661,         0,         0,    2.84,exact_mw,f32ebecd8e105e50ec838d33c5ed9b45444b6b44a3c6ac541111079f2b14e893,"{""distance"":5,""physical_error_rate"":5e-05}","{""detection_events"":12783,""detectors_checked"":58836064}"
    254452,         0,         0,    3.16,exact_mw,f32ebecd8e105e50ec838d33c5ed9b45444b6b44a3c6ac541111079f2b14e893,"{""distance"":5,""physical_error_rate"":5e-05}","{""detection_events"":12405,""detectors_checked"":56997248}"
    246501,         0,         0,    3.95,exact_mw,f32ebecd8e105e50ec838d33c5ed9b45444b6b44a3c6ac541111079f2b14e893,"{""distance"":5,""physical_error_rate"":5e-05}","{""detection_events"":11950,""detectors_checked"":55216224}"
    238798,         0,         0,    2.92,exact_mw,f32ebecd8e105e50ec838d33c5ed9b45444b6b44a3c6ac541111079f2b14e893,"{""distance"":5,""physical_error_rate"":5e-05}","{""detection_events"":11640,""detectors_checked"":53490752}"
    232448,         0,         0,    2.85,exact_mw,f32ebecd8e105e50ec838d33c5ed9b45444b6b44a3c6ac541111079f2b14e893,"{""distance"":5,""physical_error_rate"":5e-05}","{""detection_events"":11328,""detectors_checked"":52068352}"
    231335,         0,         0,    3.26,exact_mw,f32ebecd8e105e50ec838d33c5ed9b45444b6b44a3c6ac541111079f2b14e893,"{""distance"":5,""physical_error_rate"":5e-05}","{""detection_events"":11295,""detectors_checked"":51819040}"
    222208,         0,         0,    2.91,exact_mw,f32ebecd8e105e50ec838d33c5ed9b45444b6b44a3c6ac541111079f2b14e893,"{""distance"":5,""physical_error_rate"":5e-05}","{""detection_events"":11154,""detectors_checked"":49774592}"
    216842,         0,         0,    2.83,exact_mw,f32ebecd8e105e50ec838d33c5ed9b45444b6b44a3c6ac541111079f2b14e893,"{""distance"":5,""physical_error_rate"":5e-05}","{""detection_events"":10702,""detectors_checked"":48572608}"
    210944,         0,         0,    2.88,exact_mw,f32ebecd8e105e50ec838d33c5ed9b45444b6b44a3c6ac541111079f2b14e893,"{""distance"":5,""physical_error_rate"":5e-05}","{""detection_events"":10626,""detectors_checked"":47251456}"
    225280,         0,         0,    2.82,exact_mw,f32ebecd8e105e50ec838d33c5ed9b45444b6b44a3c6ac541111079f2b14e893,"{""distance"":5,""physical_error_rate"":5e-05}","{""detection_events"":11103,""detectors_checked"":50462720}"
    216064,         0,         0,    2.29,exact_mw,f32ebecd8e105e50ec838d33c5ed9b45444b6b44a3c6ac541111079f2b14e893,"{""distance"":5,""physical_error_rate"":5e-05}","{""detection_events"":10450,""detectors_checked"":48398336}"
    231424,         0,         0,    2.96,exact_mw,f32ebecd8e105e50ec838d33c5ed9b45444b6b44a3c6ac541111079f2b14e893,"{""distance"":5,""physical_error_rate"":5e-05}","{""detection_events"":11460,""detectors_checked"":51838976}"
    203122,         0,         0,    2.49,exact_mw,f32ebecd8e105e50ec838d33c5ed9b45444b6b44a3c6ac541111079f2b14e893,"{""distance"":5,""physical_error_rate"":5e-05}","{""detection_events"":9814,""detectors_checked"":45499328}"
    190464,         0,         0,    2.39,exact_mw,f32ebecd8e105e50ec838d33c5ed9b45444b6b44a3c6ac541111079f2b14e893,"{""distance"":5,""physical_error_rate"":5e-05}","{""detection_events"":9063,""detectors_checked"":42663936}"
    181248,         0,         0,    2.31,exact_mw,f32ebecd8e105e50ec838d33c5ed9b45444b6b44a3c6ac541111079f2b14e893,"{""distance"":5,""physical_error_rate"":5e-05}","{""detection_events"":9205,""detectors_checked"":40599552}"
    192512,         0,         0,    2.34,exact_mw,f32ebecd8e105e50ec838d33c5ed9b45444b6b44a3c6ac541111079f2b14e893,"{""distance"":5,""physical_error_rate"":5e-05}","{""detection_events"":9315,""detectors_checked"":43122688}"
    180224,         0,         0,    2.44,exact_mw,f32ebecd8e105e50ec838d33c5ed9b45444b6b44a3c6ac541111079f2b14e893,"{""distance"":5,""physical_error_rate"":5e-05}","{""detection_events"":8914,""detectors_checked"":40370176}"
    198656,         0,         0,    2.38,exact_mw,f32ebecd8e105e50ec838d33c5ed9b45444b6b44a3c6ac541111079f2b14e893,"{""distance"":5,""physical_error_rate"":5e-05}","{""detection_events"":10100,""detectors_checked"":44498944}"
    181248,         0,         0,    2.44,exact_mw,f32ebecd8e105e50ec838d33c5ed9b45444b6b44a3c6ac541111079f2b14e893,"{""distance"":5,""physical_error_rate"":5e-05}","{""detection_events"":9028,""detectors_checked"":40599552}"
    200704,         0,         0,    2.37,exact_mw,f32ebecd8e105e50ec838d33c5ed9b45444b6b44a3c6ac541111079f2b14e893,"{""distance"":5,""physical_error_rate"":5e-05}","{""detection_events"":10003,""detectors_checked"":44957696}"
    189440,         0,         0,    2.28,exact_mw,f32ebecd8e105e50ec838d33c5ed9b45444b6b44a3c6ac541111079f2b14e893,"{""distance"":5,""physical_error_rate"":5e-05}","{""detection_events"":9646,""detectors_checked"":42434560}"
    176128,         0,         0,   0.981,exact_mw,f32ebecd8e105e50ec838d33c5ed9b45444b6b44a3c6ac541111079f2b14e893,"{""distance"":5,""physical_error_rate"":5e-05}","{""detection_events"":8838,""detectors_checked"":39452672}"
    197632,         0,         0,    2.47,exact_mw,f32ebecd8e105e50ec838d33c5ed9b45444b6b44a3c6ac541111079f2b14e893,"{""distance"":5,""physical_error_rate"":5e-05}","{""detection_events"":9834,""detectors_checked"":44269568}"
    874496,         1,         0,    16.3,exact_mw,cb12ae119b9b2ba18d0216e7235b403229e92fd0743ede48fe7f1a2c6f45d594,"{""distance"":5,""physical_error_rate"":0.0005}","{""detection_events"":430476,""detectors_checked"":195887104,""obs_mistake_mask=E"":1}"
    169158,         0,         0,    2.31,exact_mw,f32ebecd8e105e50ec838d33c5ed9b45444b6b44a3c6ac541111079f2b14e893,"{""distance"":5,""physical_error_rate"":5e-05}","{""detection_events"":8174,""detectors_checked"":37891392}"
    106496,         0,         0,    1.06,exact_mw,f32ebecd8e105e50ec838d33c5ed9b45444b6b44a3c6ac541111079f2b14e893,"{""distance"":5,""physical_error_rate"":5e-05}","{""detection_events"":5385,""detectors_checked"":23855104}"
    169158,         0,         0,    2.33,exact_mw,f32ebecd8e105e50ec838d33c5ed9b45444b6b44a3c6ac541111079f2b14e893,"{""distance"":5,""physical_error_rate"":5e-05}","{""detection_events"":8092,""detectors_checked"":37891392}"
    113664,         0,         0,    2.67,exact_mw,f32ebecd8e105e50ec838d33c5ed9b45444b6b44a3c6ac541111079f2b14e893,"{""distance"":5,""physical_error_rate"":5e-05}","{""detection_events"":5711,""detectors_checked"":25460736}"
    104864,         0,         0,    1.17,exact_mw,f32ebecd8e105e50ec838d33c5ed9b45444b6b44a3c6ac541111079f2b14e893,"{""distance"":5,""physical_error_rate"":5e-05}","{""detection_events"":5134,""detectors_checked"":23489536}"
     98304,         0,         0,   0.983,exact_mw,f32ebecd8e105e50ec838d33c5ed9b45444b6b44a3c6ac541111079f2b14e893,"{""distance"":5,""physical_error_rate"":5e-05}","{""detection_events"":4794,""detectors_checked"":22020096}"
     97280,         0,         0,    1.18,exact_mw,f32ebecd8e105e50ec838d33c5ed9b45444b6b44a3c6ac541111079f2b14e893,"{""distance"":5,""physical_error_rate"":5e-05}","{""detection_events"":4607,""detectors_checked"":21790720}"
     63784,         0,         0,   0.596,exact_mw,f32ebecd8e105e50ec838d33c5ed9b45444b6b44a3c6ac541111079f2b14e893,"{""distance"":5,""physical_error_rate"":5e-05}","{""detection_events"":3234,""detectors_checked"":14287616}"
     92160,         0,         0,   0.704,exact_mw,f32ebecd8e105e50ec838d33c5ed9b45444b6b44a3c6ac541111079f2b14e893,"{""distance"":5,""physical_error_rate"":5e-05}","{""detection_events"":4430,""detectors_checked"":20643840}"
     79587,         0,         0,   0.591,exact_mw,f32ebecd8e105e50ec838d33c5ed9b45444b6b44a3c6ac541111079f2b14e893,"{""distance"":5,""physical_error_rate"":5e-05}","{""detection_events"":3903,""detectors_checked"":17827488}"
     89088,         0,         0,    1.04,exact_mw,f32ebecd8e105e50ec838d33c5ed9b45444b6b44a3c6ac541111079f2b14e893,"{""distance"":5,""physical_error_rate"":5e-05}","{""detection_events"":4373,""detectors_checked"":19955712}"
     81316,         0,         0,   0.707,exact_mw,f32ebecd8e105e50ec838d33c5ed9b45444b6b44a3c6ac541111079f2b14e893,"{""distance"":5,""physical_error_rate"":5e-05}","{""detection_events"":3994,""detectors_checked"":18214784}"
     82944,         0,         0,   0.854,exact_mw,f32ebecd8e105e50ec838d33c5ed9b45444b6b44a3c6ac541111079f2b14e893,"{""distance"":5,""physical_error_rate"":5e-05}","{""detection_events"":4248,""detectors_checked"":18579456}"
       332,         0,         0,   0.001,exact_mw,f32ebecd8e105e50ec838d33c5ed9b45444b6b44a3c6ac541111079f2b14e893,"{""distance"":5,""physical_error_rate"":5e-05}","{""detection_events"":19,""detectors_checked"":74368}"
     81316,         0,         0,   0.616,exact_mw,f32ebecd8e105e50ec838d33c5ed9b45444b6b44a3c6ac541111079f2b14e893,"{""distance"":5,""physical_error_rate"":5e-05}","{""detection_events"":3896,""detectors_checked"":18214784}"
     99328,         0,         0,    3.12,exact_mw,f32ebecd8e105e50ec838d33c5ed9b45444b6b44a3c6ac541111079f2b14e893,"{""distance"":5,""physical_error_rate"":5e-05}","{""detection_events"":4906,""detectors_checked"":22249472}"
     79872,         0,         0,   0.631,exact_mw,f32ebecd8e105e50ec838d33c5ed9b45444b6b44a3c6ac541111079f2b14e893,"{""distance"":5,""physical_error_rate"":5e-05}","{""detection_events"":3844,""detectors_checked"":17891328}"
     68031,         0,         0,   0.381,exact_mw,f32ebecd8e105e50ec838d33c5ed9b45444b6b44a3c6ac541111079f2b14e893,"{""distance"":5,""physical_error_rate"":5e-05}","{""detection_events"":3290,""detectors_checked"":15238944}"
     58368,         0,         0,   0.651,exact_mw,f32ebecd8e105e50ec838d33c5ed9b45444b6b44a3c6ac541111079f2b14e893,"{""distance"":5,""physical_error_rate"":5e-05}","{""detection_events"":2893,""detectors_checked"":13074432}"
     66560,         0,         0,   0.653,exact_mw,f32ebecd8e105e50ec838d33c5ed9b45444b6b44a3c6ac541111079f2b14e893,"{""distance"":5,""physical_error_rate"":5e-05}","{""detection_events"":3286,""detectors_checked"":14909440}"
     57754,         0,         0,   0.680,exact_mw,f32ebecd8e105e50ec838d33c5ed9b45444b6b44a3c6ac541111079f2b14e893,"{""distance"":5,""physical_error_rate"":5e-05}","{""detection_events"":2892,""detectors_checked"":12936896}"
     75776,         0,         0,   0.931,exact_mw,f32ebecd8e105e50ec838d33c5ed9b45444b6b44a3c6ac541111079f2b14e893,"{""distance"":5,""physical_error_rate"":5e-05}","{""detection_events"":3656,""detectors_checked"":16973824}"
     57754,         0,         0,   0.677,exact_mw,f32ebecd8e105e50ec838d33c5ed9b45444b6b44a3c6ac541111079f2b14e893,"{""distance"":5,""physical_error_rate"":5e-05}","{""detection_events"":2721,""detectors_checked"":12936896}"
     54272,         0,         0,   0.763,exact_mw,f32ebecd8e105e50ec838d33c5ed9b45444b6b44a3c6ac541111079f2b14e893,"{""distance"":5,""physical_error_rate"":5e-05}","{""detection_events"":2781,""detectors_checked"":12156928}"
     66560,         0,         0,   0.652,exact_mw,f32ebecd8e105e50ec838d33c5ed9b45444b6b44a3c6ac541111079f2b14e893,"{""distance"":5,""physical_error_rate"":5e-05}","{""detection_events"":3242,""detectors_checked"":14909440}"
     59392,         0,         0,   0.790,exact_mw,f32ebecd8e105e50ec838d33c5ed9b45444b6b44a3c6ac541111079f2b14e893,"{""distance"":5,""physical_error_rate"":5e-05}","{""detection_events"":2783,""detectors_checked"":13303808}"
     64512,         0,         0,   0.732,exact_mw,f32ebecd8e105e50ec838d33c5ed9b45444b6b44a3c6ac541111079f2b14e893,"{""distance"":5,""physical_error_rate"":5e-05}","{""detection_events"":3222,""detectors_checked"":14450688}"
     52045,         0,         0,   0.701,exact_mw,f32ebecd8e105e50ec838d33c5ed9b45444b6b44a3c6ac541111079f2b14e893,"{""distance"":5,""physical_error_rate"":5e-05}","{""detection_events"":2597,""detectors_checked"":11658080}"
     57344,         0,         0,   0.779,exact_mw,f32ebecd8e105e50ec838d33c5ed9b45444b6b44a3c6ac541111079f2b14e893,"{""distance"":5,""physical_error_rate"":5e-05}","{""detection_events"":2895,""detectors_checked"":12845056}"
     52224,         0,         0,   0.725,exact_mw,f32ebecd8e105e50ec838d33c5ed9b45444b6b44a3c6ac541111079f2b14e893,"{""distance"":5,""physical_error_rate"":5e-05}","{""detection_events"":2652,""detectors_checked"":11698176}"
     40960,         0,         0,   0.378,exact_mw,f32ebecd8e105e50ec838d33c5ed9b45444b6b44a3c6ac541111079f2b14e893,"{""distance"":5,""physical_error_rate"":5e-05}","{""detection_events"":2047,""detectors_checked"":9175040}"
     40960,         0,         0,   0.433,exact_mw,f32ebecd8e105e50ec838d33c5ed9b45444b6b44a3c6ac541111079f2b14e893,"{""distance"":5,""physical_error_rate"":5e-05}","{""detection_events"":2129,""detectors_checked"":9175040}"
      9757,         0,         0,   0.066,exact_mw,f32ebecd8e105e50ec838d33c5ed9b45444b6b44a3c6ac541111079f2b14e893,"{""distance"":5,""physical_error_rate"":5e-05}","{""detection_events"":543,""detectors_checked"":2185568}"
     46080,         0,         0,   0.508,exact_mw,f32ebecd8e105e50ec838d33c5ed9b45444b6b44a3c6ac541111079f2b14e893,"{""distance"":5,""physical_error_rate"":5e-05}","{""detection_events"":2208,""detectors_checked"":10321920}"
     43008,         0,         0,   0.438,exact_mw,f32ebecd8e105e50ec838d33c5ed9b45444b6b44a3c6ac541111079f2b14e893,"{""distance"":5,""physical_error_rate"":5e-05}","{""detection_events"":2135,""detectors_checked"":9633792}"
     47104,         0,         0,    1.52,exact_mw,f32ebecd8e105e50ec838d33c5ed9b45444b6b44a3c6ac541111079f2b14e893,"{""distance"":5,""physical_error_rate"":5e-05}","{""detection_events"":2376,""detectors_checked"":10551296}"
     12869,         0,         0,   0.084,exact_mw,f32ebecd8e105e50ec838d33c5ed9b45444b6b44a3c6ac541111079f2b14e893,"{""distance"":5,""physical_error_rate"":5e-05}","{""detection_events"":589,""detectors_checked"":2882656}"
     40960,         0,         0,   0.512,exact_mw,f32ebecd8e105e50ec838d33c5ed9b45444b6b44a3c6ac541111079f2b14e893,"{""distance"":5,""physical_error_rate"":5e-05}","{""detection_events"":2024,""detectors_checked"":9175040}"
     30869,         0,         0,   0.155,exact_mw,f32ebecd8e105e50ec838d33c5ed9b45444b6b44a3c6ac541111079f2b14e893,"{""distance"":5,""physical_error_rate"":5e-05}","{""detection_events"":1556,""detectors_checked"":6914656}"
     25406,         0,         0,   0.686,exact_mw,f32ebecd8e105e50ec838d33c5ed9b45444b6b44a3c6ac541111079f2b14e893,"{""distance"":5,""physical_error_rate"":5e-05}","{""detection_events"":1357,""detectors_checked"":5690944}"
     24612,         0,         0,   0.229,exact_mw,f32ebecd8e105e50ec838d33c5ed9b45444b6b44a3c6ac541111079f2b14e893,"{""distance"":5,""physical_error_rate"":5e-05}","{""detection_events"":1264,""detectors_checked"":5513088}"
     25406,         0,         0,   0.900,exact_mw,f32ebecd8e105e50ec838d33c5ed9b45444b6b44a3c6ac541111079f2b14e893,"{""distance"":5,""physical_error_rate"":5e-05}","{""detection_events"":1352,""detectors_checked"":5690944}"
     23843,         0,         0,   0.225,exact_mw,f32ebecd8e105e50ec838d33c5ed9b45444b6b44a3c6ac541111079f2b14e893,"{""distance"":5,""physical_error_rate"":5e-05}","{""detection_events"":1188,""detectors_checked"":5340832}"
     23843,         0,         0,   0.196,exact_mw,f32ebecd8e105e50ec838d33c5ed9b45444b6b44a3c6ac541111079f2b14e893,"{""distance"":5,""physical_error_rate"":5e-05}","{""detection_events"":1209,""detectors_checked"":5340832}"
     24612,         0,         0,   0.236,exact_mw,f32ebecd8e105e50ec838d33c5ed9b45444b6b44a3c6ac541111079f2b14e893,"{""distance"":5,""physical_error_rate"":5e-05}","{""detection_events"":1173,""detectors_checked"":5513088}"
     21559,         0,         0,   0.198,exact_mw,f32ebecd8e105e50ec838d33c5ed9b45444b6b44a3c6ac541111079f2b14e893,"{""distance"":5,""physical_error_rate"":5e-05}","{""detection_events"":1034,""detectors_checked"":4829216}"
     20480,         0,         0,   0.182,exact_mw,f32ebecd8e105e50ec838d33c5ed9b45444b6b44a3c6ac541111079f2b14e893,"{""distance"":5,""physical_error_rate"":5e-05}","{""detection_events"":1020,""detectors_checked"":4587520}"
     23843,         0,         0,   0.260,exact_mw,f32ebecd8e105e50ec838d33c5ed9b45444b6b44a3c6ac541111079f2b14e893,"{""distance"":5,""physical_error_rate"":5e-05}","{""detection_events"":1158,""detectors_checked"":5340832}"
     23552,         0,         0,   0.240,exact_mw,f32ebecd8e105e50ec838d33c5ed9b45444b6b44a3c6ac541111079f2b14e893,"{""distance"":5,""physical_error_rate"":5e-05}","{""detection_events"":1129,""detectors_checked"":5275648}"
     22528,         0,         0,   0.271,exact_mw,f32ebecd8e105e50ec838d33c5ed9b45444b6b44a3c6ac541111079f2b14e893,"{""distance"":5,""physical_error_rate"":5e-05}","{""detection_events"":1133,""detectors_checked"":5046272}"
     18731,         0,         0,   0.203,exact_mw,f32ebecd8e105e50ec838d33c5ed9b45444b6b44a3c6ac541111079f2b14e893,"{""distance"":5,""physical_error_rate"":5e-05}","{""detection_events"":889,""detectors_checked"":4195744}"
     17408,         0,         0,   0.098,exact_mw,f32ebecd8e105e50ec838d33c5ed9b45444b6b44a3c6ac541111079f2b14e893,"{""distance"":5,""physical_error_rate"":5e-05}","{""detection_events"":967,""detectors_checked"":3899392}"
     19456,         0,         0,   0.274,exact_mw,f32ebecd8e105e50ec838d33c5ed9b45444b6b44a3c6ac541111079f2b14e893,"{""distance"":5,""physical_error_rate"":5e-05}","{""detection_events"":965,""detectors_checked"":4358144}"
     20480,         0,         0,   0.205,exact_mw,f32ebecd8e105e50ec838d33c5ed9b45444b6b44a3c6ac541111079f2b14e893,"{""distance"":5,""physical_error_rate"":5e-05}","{""detection_events"":984,""detectors_checked"":4587520}"
     22528,         0,         0,   0.224,exact_mw,f32ebecd8e105e50ec838d33c5ed9b45444b6b44a3c6ac541111079f2b14e893,"{""distance"":5,""physical_error_rate"":5e-05}","{""detection_events"":1206,""detectors_checked"":5046272}"
     17408,         0,         0,   0.138,exact_mw,f32ebecd8e105e50ec838d33c5ed9b45444b6b44a3c6ac541111079f2b14e893,"{""distance"":5,""physical_error_rate"":5e-05}","{""detection_events"":943,""detectors_checked"":3899392}"
     16706,         0,         0,   0.118,exact_mw,f32ebecd8e105e50ec838d33c5ed9b45444b6b44a3c6ac541111079f2b14e893,"{""distance"":5,""physical_error_rate"":5e-05}","{""detection_events"":870,""detectors_checked"":3742144}"
     18432,         0,         0,   0.178,exact_mw,f32ebecd8e105e50ec838d33c5ed9b45444b6b44a3c6ac541111079f2b14e893,"{""distance"":5,""physical_error_rate"":5e-05}","{""detection_events"":862,""detectors_checked"":4128768}"
     13312,         0,         0,   0.125,exact_mw,f32ebecd8e105e50ec838d33c5ed9b45444b6b44a3c6ac541111079f2b14e893,"{""distance"":5,""physical_error_rate"":5e-05}","{""detection_events"":669,""detectors_checked"":2981888}"
     20480,         0,         0,   0.217,exact_mw,f32ebecd8e105e50ec838d33c5ed9b45444b6b44a3c6ac541111079f2b14e893,"{""distance"":5,""physical_error_rate"":5e-05}","{""detection_events"":1037,""detectors_checked"":4587520}"
     13312,         0,         0,   0.129,exact_mw,f32ebecd8e105e50ec838d33c5ed9b45444b6b44a3c6ac541111079f2b14e893,"{""distance"":5,""physical_error_rate"":5e-05}","{""detection_events"":669,""detectors_checked"":2981888}"
      5799,         0,         0,   0.049,exact_mw,f32ebecd8e105e50ec838d33c5ed9b45444b6b44a3c6ac541111079f2b14e893,"{""distance"":5,""physical_error_rate"":5e-05}","{""detection_events"":355,""detectors_checked"":1298976}"
     15360,         0,         0,   0.178,exact_mw,f32ebecd8e105e50ec838d33c5ed9b45444b6b44a3c6ac541111079f2b14e893,"{""distance"":5,""physical_error_rate"":5e-05}","{""detection_events"":716,""detectors_checked"":3440640}"
     12288,         0,         0,   0.110,exact_mw,f32ebecd8e105e50ec838d33c5ed9b45444b6b44a3c6ac541111079f2b14e893,"{""distance"":5,""physical_error_rate"":5e-05}","{""detection_events"":613,""detectors_checked"":2752512}"
     23049,         0,         0,   0.216,exact_mw,f32ebecd8e105e50ec838d33c5ed9b45444b6b44a3c6ac541111079f2b14e893,"{""distance"":5,""physical_error_rate"":5e-05}","{""detection_events"":1122,""detectors_checked"":5162976}"
     18731,         0,         0,   0.178,exact_mw,f32ebecd8e105e50ec838d33c5ed9b45444b6b44a3c6ac541111079f2b14e893,"{""distance"":5,""physical_error_rate"":5e-05}","{""detection_events"":884,""detectors_checked"":4195744}"
      6179,         0,         0,   0.038,exact_mw,f32ebecd8e105e50ec838d33c5ed9b45444b6b44a3c6ac541111079f2b14e893,"{""distance"":5,""physical_error_rate"":5e-05}","{""detection_events"":358,""detectors_checked"":1384096}"
     15360,         0,         0,   0.191,exact_mw,f32ebecd8e105e50ec838d33c5ed9b45444b6b44a3c6ac541111079f2b14e893,"{""distance"":5,""physical_error_rate"":5e-05}","{""detection_events"":750,""detectors_checked"":3440640}"
      3394,         0,         0,   0.011,exact_mw,f32ebecd8e105e50ec838d33c5ed9b45444b6b44a3c6ac541111079f2b14e893,"{""distance"":5,""physical_error_rate"":5e-05}","{""detection_events"":142,""detectors_checked"":760256}"
     10240,         0,         0,   0.111,exact_mw,f32ebecd8e105e50ec838d33c5ed9b45444b6b44a3c6ac541111079f2b14e893,"{""distance"":5,""physical_error_rate"":5e-05}","{""detection_events"":492,""detectors_checked"":2293760}"
      1346,         0,         0,   0.004,exact_mw,f32ebecd8e105e50ec838d33c5ed9b45444b6b44a3c6ac541111079f2b14e893,"{""distance"":5,""physical_error_rate"":5e-05}","{""detection_events"":70,""detectors_checked"":301504}"
      1323,         0,         0,   0.004,exact_mw,f32ebecd8e105e50ec838d33c5ed9b45444b6b44a3c6ac541111079f2b14e893,"{""distance"":5,""physical_error_rate"":5e-05}","{""detection_events"":82,""detectors_checked"":296352}"
      5337,         0,         0,   0.040,exact_mw,f32ebecd8e105e50ec838d33c5ed9b45444b6b44a3c6ac541111079f2b14e893,"{""distance"":5,""physical_error_rate"":5e-05}","{""detection_events"":238,""detectors_checked"":1195488}"
     15360,         0,         0,   0.200,exact_mw,f32ebecd8e105e50ec838d33c5ed9b45444b6b44a3c6ac541111079f2b14e893,"{""distance"":5,""physical_error_rate"":5e-05}","{""detection_events"":690,""detectors_checked"":3440640}"
      1824,         0,         0,   0.005,exact_mw,f32ebecd8e105e50ec838d33c5ed9b45444b6b44a3c6ac541111079f2b14e893,"{""distance"":5,""physical_error_rate"":5e-05}","{""detection_events"":104,""detectors_checked"":408576}"
       856,         0,         0,   0.002,exact_mw,f32ebecd8e105e50ec838d33c5ed9b45444b6b44a3c6ac541111079f2b14e893,"{""distance"":5,""physical_error_rate"":5e-05}","{""detection_events"":58,""detectors_checked"":191744}"
      4939,         0,         0,   0.044,exact_mw,f32ebecd8e105e50ec838d33c5ed9b45444b6b44a3c6ac541111079f2b14e893,"{""distance"":5,""physical_error_rate"":5e-05}","{""detection_events"":252,""detectors_checked"":1106336}"
       863,         0,         0,   0.002,exact_mw,f32ebecd8e105e50ec838d33c5ed9b45444b6b44a3c6ac541111079f2b14e893,"{""distance"":5,""physical_error_rate"":5e-05}","{""detection_events"":52,""detectors_checked"":193312}"
     14336,         0,         0,   0.234,exact_mw,f32ebecd8e105e50ec838d33c5ed9b45444b6b44a3c6ac541111079f2b14e893,"{""distance"":5,""physical_error_rate"":5e-05}","{""detection_events"":706,""detectors_checked"":3211264}"
      5178,         0,         0,   0.030,exact_mw,f32ebecd8e105e50ec838d33c5ed9b45444b6b44a3c6ac541111079f2b14e893,"{""distance"":5,""physical_error_rate"":5e-05}","{""detection_events"":200,""detectors_checked"":1159872}"
      2828,         0,         0,   0.008,exact_mw,f32ebecd8e105e50ec838d33c5ed9b45444b6b44a3c6ac541111079f2b14e893,"{""distance"":5,""physical_error_rate"":5e-05}","{""detection_events"":120,""detectors_checked"":633472}"
     12288,         0,         0,   0.128,exact_mw,f32ebecd8e105e50ec838d33c5ed9b45444b6b44a3c6ac541111079f2b14e893,"{""distance"":5,""physical_error_rate"":5e-05}","{""detection_events"":674,""detectors_checked"":2752512}"
      4084,         0,         0,   0.019,exact_mw,f32ebecd8e105e50ec838d33c5ed9b45444b6b44a3c6ac541111079f2b14e893,"{""distance"":5,""physical_error_rate"":5e-05}","{""detection_events"":195,""detectors_checked"":914816}"
       669,         0,         0,   0.002,exact_mw,f32ebecd8e105e50ec838d33c5ed9b45444b6b44a3c6ac541111079f2b14e893,"{""distance"":5,""physical_error_rate"":5e-05}","{""detection_events"":45,""detectors_checked"":149856}"
       394,         0,         0,   0.001,exact_mw,f32ebecd8e105e50ec838d33c5ed9b45444b6b44a3c6ac541111079f2b14e893,"{""distance"":5,""physical_error_rate"":5e-05}","{""detection_events"":11,""detectors_checked"":88256}"
      5886,         0,         0,   0.021,exact_mw,f32ebecd8e105e50ec838d33c5ed9b45444b6b44a3c6ac541111079f2b14e893,"{""distance"":5,""physical_error_rate"":5e-05}","{""detection_events"":271,""detectors_checked"":1318464}"
       477,         0,         0,   0.001,exact_mw,f32ebecd8e105e50ec838d33c5ed9b45444b6b44a3c6ac541111079f2b14e893,"{""distance"":5,""physical_error_rate"":5e-05}","{""detection_events"":14,""detectors_checked"":106848}"
       215,         0,         0,   0.001,exact_mw,f32ebecd8e105e50ec838d33c5ed9b45444b6b44a3c6ac541111079f2b14e893,"{""distance"":5,""physical_error_rate"":5e-05}","{""detection_events"":2,""detectors_checked"":48160}"
      7395,         0,         0,   0.057,exact_mw,f32ebecd8e105e50ec838d33c5ed9b45444b6b44a3c6ac541111079f2b14e893,"{""distance"":5,""physical_error_rate"":5e-05}","{""detection_events"":365,""detectors_checked"":1656480}"
      6858,         0,         0,   0.038,exact_mw,f32ebecd8e105e50ec838d33c5ed9b45444b6b44a3c6ac541111079f2b14e893,"{""distance"":5,""physical_error_rate"":5e-05}","{""detection_events"":359,""detectors_checked"":1536192}"
       399,         0,         0,   0.001,exact_mw,f32ebecd8e105e50ec838d33c5ed9b45444b6b44a3c6ac541111079f2b14e893,"{""distance"":5,""physical_error_rate"":5e-05}","{""detection_events"":30,""detectors_checked"":89376}"
       600,         0,         0,   0.002,exact_mw,f32ebecd8e105e50ec838d33c5ed9b45444b6b44a3c6ac541111079f2b14e893,"{""distance"":5,""physical_error_rate"":5e-05}","{""detection_events"":17,""detectors_checked"":134400}"
      1650,         0,         0,   0.005,exact_mw,f32ebecd8e105e50ec838d33c5ed9b45444b6b44a3c6ac541111079f2b14e893,"{""distance"":5,""physical_error_rate"":5e-05}","{""detection_events"":67,""detectors_checked"":369600}"
      1172,         0,         0,   0.003,exact_mw,f32ebecd8e105e50ec838d33c5ed9b45444b6b44a3c6ac541111079f2b14e893,"{""distance"":5,""physical_error_rate"":5e-05}","{""detection_events"":87,""detectors_checked"":262528}"
       996,         0,         0,   0.003,exact_mw,f32ebecd8e105e50ec838d33c5ed9b45444b6b44a3c6ac541111079f2b14e893,"{""distance"":5,""physical_error_rate"":5e-05}","{""detection_events"":54,""detectors_checked"":223104}"
      6202,         0,         0,   0.082,exact_mw,f32ebecd8e105e50ec838d33c5ed9b45444b6b44a3c6ac541111079f2b14e893,"{""distance"":5,""physical_error_rate"":5e-05}","{""detection_events"":302,""detectors_checked"":1389248}"
       856,         0,         0,   0.002,exact_mw,f32ebecd8e105e50ec838d33c5ed9b45444b6b44a3c6ac541111079f2b14e893,"{""distance"":5,""physical_error_rate"":5e-05}","{""detection_events"":30,""detectors_checked"":191744}"
       479,         0,         0,   0.001,exact_mw,f32ebecd8e105e50ec838d33c5ed9b45444b6b44a3c6ac541111079f2b14e893,"{""distance"":5,""physical_error_rate"":5e-05}","{""detection_events"":18,""detectors_checked"":107296}"
       633,         0,         0,   0.002,exact_mw,f32ebecd8e105e50ec838d33c5ed9b45444b6b44a3c6ac541111079f2b14e893,"{""distance"":5,""physical_error_rate"":5e-05}","{""detection_events"":41,""detectors_checked"":141792}"
      5202,         0,         0,   0.027,exact_mw,f32ebecd8e105e50ec838d33c5ed9b45444b6b44a3c6ac541111079f2b14e893,"{""distance"":5,""physical_error_rate"":5e-05}","{""detection_events"":243,""detectors_checked"":1165248}"
      5120,         0,         0,   0.023,exact_mw,f32ebecd8e105e50ec838d33c5ed9b45444b6b44a3c6ac541111079f2b14e893,"{""distance"":5,""physical_error_rate"":5e-05}","{""detection_events"":244,""detectors_checked"":1146880}"
      6650,         0,         0,   0.051,exact_mw,f32ebecd8e105e50ec838d33c5ed9b45444b6b44a3c6ac541111079f2b14e893,"{""distance"":5,""physical_error_rate"":5e-05}","{""detection_events"":326,""detectors_checked"":1489600}"
      3562,         0,         0,   0.027,exact_mw,f32ebecd8e105e50ec838d33c5ed9b45444b6b44a3c6ac541111079f2b14e893,"{""distance"":5,""physical_error_rate"":5e-05}","{""detection_events"":177,""detectors_checked"":797888}"
      4096,         0,         0,   0.031,exact_mw,f32ebecd8e105e50ec838d33c5ed9b45444b6b44a3c6ac541111079f2b14e893,"{""distance"":5,""physical_error_rate"":5e-05}","{""detection_events"":205,""detectors_checked"":917504}"
      1079,         0,         0,   0.018,exact_mw,f32ebecd8e105e50ec838d33c5ed9b45444b6b44a3c6ac541111079f2b14e893,"{""distance"":5,""physical_error_rate"":5e-05}","{""detection_events"":41,""detectors_checked"":241696}"
      3371,         0,         0,   0.032,exact_mw,f32ebecd8e105e50ec838d33c5ed9b45444b6b44a3c6ac541111079f2b14e893,"{""distance"":5,""physical_error_rate"":5e-05}","{""detection_events"":132,""detectors_checked"":755104}"
      1214,         0,         0,   0.004,exact_mw,f32ebecd8e105e50ec838d33c5ed9b45444b6b44a3c6ac541111079f2b14e893,"{""distance"":5,""physical_error_rate"":5e-05}","{""detection_events"":67,""detectors_checked"":271936}"
      6677,         0,         0,   0.081,exact_mw,f32ebecd8e105e50ec838d33c5ed9b45444b6b44a3c6ac541111079f2b14e893,"{""distance"":5,""physical_error_rate"":5e-05}","{""detection_events"":347,""detectors_checked"":1495648}"
       394,         0,         0,   0.001,exact_mw,f32ebecd8e105e50ec838d33c5ed9b45444b6b44a3c6ac541111079f2b14e893,"{""distance"":5,""physical_error_rate"":5e-05}","{""detection_events"":20,""detectors_checked"":88256}"
      4096,         0,         0,   0.026,exact_mw,f32ebecd8e105e50ec838d33c5ed9b45444b6b44a3c6ac541111079f2b14e893,"{""distance"":5,""physical_error_rate"":5e-05}","{""detection_events"":204,""detectors_checked"":917504}"
       436,         0,         0,   0.001,exact_mw,f32ebecd8e105e50ec838d33c5ed9b45444b6b44a3c6ac541111079f2b14e893,"{""distance"":5,""physical_error_rate"":5e-05}","{""detection_events"":8,""detectors_checked"":97664}"
      1650,         0,         0,   0.005,exact_mw,f32ebecd8e105e50ec838d33c5ed9b45444b6b44a3c6ac541111079f2b14e893,"{""distance"":5,""physical_error_rate"":5e-05}","{""detection_events"":70,""detectors_checked"":369600}"
         7,         0,         0,   0.000,exact_mw,f32ebecd8e105e50ec838d33c5ed9b45444b6b44a3c6ac541111079f2b14e893,"{""distance"":5,""physical_error_rate"":5e-05}","{""detectors_checked"":1568}"
      2511,         0,         0,   0.022,exact_mw,f32ebecd8e105e50ec838d33c5ed9b45444b6b44a3c6ac541111079f2b14e893,"{""distance"":5,""physical_error_rate"":5e-05}","{""detection_events"":109,""detectors_checked"":562464}"
      6144,         0,         0,   0.047,exact_mw,f32ebecd8e105e50ec838d33c5ed9b45444b6b44a3c6ac541111079f2b14e893,"{""distance"":5,""physical_error_rate"":5e-05}","{""detection_events"":328,""detectors_checked"":1376256}"
       750,         0,         0,   0.003,exact_mw,f32ebecd8e105e50ec838d33c5ed9b45444b6b44a3c6ac541111079f2b14e893,"{""distance"":5,""physical_error_rate"":5e-05}","{""detection_events"":31,""detectors_checked"":168000}"
      5440,         0,         0,   0.046,exact_mw,f32ebecd8e105e50ec838d33c5ed9b45444b6b44a3c6ac541111079f2b14e893,"{""distance"":5,""physical_error_rate"":5e-05}","{""detection_events"":270,""detectors_checked"":1218560}"
       287,         0,         0,   0.001,exact_mw,f32ebecd8e105e50ec838d33c5ed9b45444b6b44a3c6ac541111079f2b14e893,"{""distance"":5,""physical_error_rate"":5e-05}","{""detection_events"":6,""detectors_checked"":64288}"
      4385,         0,         0,   0.050,exact_mw,f32ebecd8e105e50ec838d33c5ed9b45444b6b44a3c6ac541111079f2b14e893,"{""distance"":5,""physical_error_rate"":5e-05}","{""detection_events"":191,""detectors_checked"":982240}"
      4674,         0,         0,   0.040,exact_mw,f32ebecd8e105e50ec838d33c5ed9b45444b6b44a3c6ac541111079f2b14e893,"{""distance"":5,""physical_error_rate"":5e-05}","{""detection_events"":242,""detectors_checked"":1046976}"
      5120,         0,         0,   0.060,exact_mw,f32ebecd8e105e50ec838d33c5ed9b45444b6b44a3c6ac541111079f2b14e893,"{""distance"":5,""physical_error_rate"":5e-05}","{""detection_events"":273,""detectors_checked"":1146880}"
      3573,         0,         0,   0.048,exact_mw,f32ebecd8e105e50ec838d33c5ed9b45444b6b44a3c6ac541111079f2b14e893,"{""distance"":5,""physical_error_rate"":5e-05}","{""detection_events"":182,""detectors_checked"":800352}"
       875,         0,         0,   0.003,exact_mw,f32ebecd8e105e50ec838d33c5ed9b45444b6b44a3c6ac541111079f2b14e893,"{""distance"":5,""physical_error_rate"":5e-05}","{""detection_events"":40,""detectors_checked"":196000}"
       436,         0,         0,   0.002,exact_mw,f32ebecd8e105e50ec838d33c5ed9b45444b6b44a3c6ac541111079f2b14e893,"{""distance"":5,""physical_error_rate"":5e-05}","{""detection_events"":10,""detectors_checked"":97664}"
      2653,         0,         0,   0.011,exact_mw,f32ebecd8e105e50ec838d33c5ed9b45444b6b44a3c6ac541111079f2b14e893,"{""distance"":5,""physical_error_rate"":5e-05}","{""detection_events"":111,""detectors_checked"":594272}"
      2904,         0,         0,   0.024,exact_mw,f32ebecd8e105e50ec838d33c5ed9b45444b6b44a3c6ac541111079f2b14e893,"{""distance"":5,""physical_error_rate"":5e-05}","{""detection_events"":146,""detectors_checked"":650496}"
       103,         0,         0,   0.000,exact_mw,f32ebecd8e105e50ec838d33c5ed9b45444b6b44a3c6ac541111079f2b14e893,"{""distance"":5,""physical_error_rate"":5e-05}","{""detection_events"":4,""detectors_checked"":23072}"
         2,         0,         0,   0.000,exact_mw,f32ebecd8e105e50ec838d33c5ed9b45444b6b44a3c6ac541111079f2b14e893,"{""distance"":5,""physical_error_rate"":5e-05}","{""detectors_checked"":448}"
       147,         0,         0,   0.001,exact_mw,f32ebecd8e105e50ec838d33c5ed9b45444b6b44a3c6ac541111079f2b14e893,"{""distance"":5,""physical_error_rate"":5e-05}","{""detection_events"":11,""detectors_checked"":32928}"
       875,         0,         0,   0.003,exact_mw,f32ebecd8e105e50ec838d33c5ed9b45444b6b44a3c6ac541111079f2b14e893,"{""distance"":5,""physical_error_rate"":5e-05}","{""detection_events"":47,""detectors_checked"":196000}"
       506,         0,         0,   0.002,exact_mw,f32ebecd8e105e50ec838d33c5ed9b45444b6b44a3c6ac541111079f2b14e893,"{""distance"":5,""physical_error_rate"":5e-05}","{""detection_events"":23,""detectors_checked"":113344}"
      1069,         0,         0,   0.003,exact_mw,f32ebecd8e105e50ec838d33c5ed9b45444b6b44a3c6ac541111079f2b14e893,"{""distance"":5,""physical_error_rate"":5e-05}","{""detection_events"":38,""detectors_checked"":239456}"
       534,         0,         0,   0.002,exact_mw,f32ebecd8e105e50ec838d33c5ed9b45444b6b44a3c6ac541111079f2b14e893,"{""distance"":5,""physical_error_rate"":5e-05}","{""detection_events"":35,""detectors_checked"":119616}"
      4096,         0,         0,   0.056,exact_mw,f32ebecd8e105e50ec838d33c5ed9b45444b6b44a3c6ac541111079f2b14e893,"{""distance"":5,""physical_error_rate"":5e-05}","{""detection_events"":199,""detectors_checked"":917504}"
       875,         0,         0,   0.003,exact_mw,f32ebecd8e105e50ec838d33c5ed9b45444b6b44a3c6ac541111079f2b14e893,"{""distance"":5,""physical_error_rate"":5e-05}","{""detection_events"":50,""detectors_checked"":196000}"
      9216,         0,         0,   0.656,exact_mw,f32ebecd8e105e50ec838d33c5ed9b45444b6b44a3c6ac541111079f2b14e893,"{""distance"":5,""physical_error_rate"":5e-05}","{""detection_events"":487,""detectors_checked"":2064384}"
     17408,         0,         0,    1.14,exact_mw,f32ebecd8e105e50ec838d33c5ed9b45444b6b44a3c6ac541111079f2b14e893,"{""distance"":5,""physical_error_rate"":5e-05}","{""detection_events"":876,""detectors_checked"":3899392}"
      1203,         0,         0,   0.004,exact_mw,f32ebecd8e105e50ec838d33c5ed9b45444b6b44a3c6ac541111079f2b14e893,"{""distance"":5,""physical_error_rate"":5e-05}","{""detection_events"":92,""detectors_checked"":269472}"
      1203,         0,         0,   0.004,exact_mw,f32ebecd8e105e50ec838d33c5ed9b45444b6b44a3c6ac541111079f2b14e893,"{""distance"":5,""physical_error_rate"":5e-05}","{""detection_events"":68,""detectors_checked"":269472}"
      1203,         0,         0,   0.004,exact_mw,f32ebecd8e105e50ec838d33c5ed9b45444b6b44a3c6ac541111079f2b14e893,"{""distance"":5,""physical_error_rate"":5e-05}","{""detection_events"":69,""detectors_checked"":269472}"
      1203,         0,         0,   0.004,exact_mw,f32ebecd8e105e50ec838d33c5ed9b45444b6b44a3c6ac541111079f2b14e893,"{""distance"":5,""physical_error_rate"":5e-05}","{""detection_events"":64,""detectors_checked"":269472}"
      1203,         0,         0,   0.004,exact_mw,f32ebecd8e105e50ec838d33c5ed9b45444b6b44a3c6ac541111079f2b14e893,"{""distance"":5,""physical_error_rate"":5e-05}","{""detection_events"":44,""detectors_checked"":269472}"
      1024,         0,         0,   0.003,exact_mw,f32ebecd8e105e50ec838d33c5ed9b45444b6b44a3c6ac541111079f2b14e893,"{""distance"":5,""physical_error_rate"":5e-05}","{""detection_events"":51,""detectors_checked"":229376}"
      1203,         0,         0,   0.004,exact_mw,f32ebecd8e105e50ec838d33c5ed9b45444b6b44a3c6ac541111079f2b14e893,"{""distance"":5,""physical_error_rate"":5e-05}","{""detection_events"":56,""detectors_checked"":269472}"
      1203,         0,         0,   0.004,exact_mw,f32ebecd8e105e50ec838d33c5ed9b45444b6b44a3c6ac541111079f2b14e893,"{""distance"":5,""physical_error_rate"":5e-05}","{""detection_events"":54,""detectors_checked"":269472}"
      1203,         0,         0,   0.004,exact_mw,f32ebecd8e105e50ec838d33c5ed9b45444b6b44a3c6ac541111079f2b14e893,"{""distance"":5,""physical_error_rate"":5e-05}","{""detection_events"":64,""detectors_checked"":269472}"
      1024,         0,         0,   0.003,exact_mw,f32ebecd8e105e50ec838d33c5ed9b45444b6b44a3c6ac541111079f2b14e893,"{""distance"":5,""physical_error_rate"":5e-05}","{""detection_events"":38,""detectors_checked"":229376}"
       659,         0,         0,   0.002,exact_mw,f32ebecd8e105e50ec838d33c5ed9b45444b6b44a3c6ac541111079f2b14e893,"{""distance"":5,""physical_error_rate"":5e-05}","{""detection_events"":32,""detectors_checked"":147616}"
       191,         0,         0,   0.001,exact_mw,f32ebecd8e105e50ec838d33c5ed9b45444b6b44a3c6ac541111079f2b14e893,"{""distance"":5,""physical_error_rate"":5e-05}","{""detection_events"":21,""detectors_checked"":42784}"
      1024,         0,         0,   0.003,exact_mw,f32ebecd8e105e50ec838d33c5ed9b45444b6b44a3c6ac541111079f2b14e893,"{""distance"":5,""physical_error_rate"":5e-05}","{""detection_events"":24,""detectors_checked"":229376}"
       621,         0,         0,   0.002,exact_mw,f32ebecd8e105e50ec838d33c5ed9b45444b6b44a3c6ac541111079f2b14e893,"{""distance"":5,""physical_error_rate"":5e-05}","{""detection_events"":38,""detectors_checked"":139104}"
       621,         0,         0,   0.002,exact_mw,f32ebecd8e105e50ec838d33c5ed9b45444b6b44a3c6ac541111079f2b14e893,"{""distance"":5,""physical_error_rate"":5e-05}","{""detection_events"":36,""detectors_checked"":139104}"
       471,         0,         0,   0.002,exact_mw,f32ebecd8e105e50ec838d33c5ed9b45444b6b44a3c6ac541111079f2b14e893,"{""distance"":5,""physical_error_rate"":5e-05}","{""detection_events"":24,""detectors_checked"":105504}"
       621,         0,         0,   0.002,exact_mw,f32ebecd8e105e50ec838d33c5ed9b45444b6b44a3c6ac541111079f2b14e893,"{""distance"":5,""physical_error_rate"":5e-05}","{""detection_events"":15,""detectors_checked"":139104}"
       621,         0,         0,   0.002,exact_mw,f32ebecd8e105e50ec838d33c5ed9b45444b6b44a3c6ac541111079f2b14e893,"{""distance"":5,""physical_error_rate"":5e-05}","{""detection_events"":36,""detectors_checked"":139104}"
        38,         0,         0,   0.000,exact_mw,f32ebecd8e105e50ec838d33c5ed9b45444b6b44a3c6ac541111079f2b14e893,"{""distance"":5,""physical_error_rate"":5e-05}","{""detection_events"":4,""detectors_checked"":8512}"
       621,         0,         0,   0.002,exact_mw,f32ebecd8e105e50ec838d33c5ed9b45444b6b44a3c6ac541111079f2b14e893,"{""distance"":5,""physical_error_rate"":5e-05}","{""detection_events"":37,""detectors_checked"":139104}"
      1024,         0,         0,   0.007,exact_mw,f32ebecd8e105e50ec838d33c5ed9b45444b6b44a3c6ac541111079f2b14e893,"{""distance"":5,""physical_error_rate"":5e-05}","{""detection_events"":57,""detectors_checked"":229376}"
        38,         0,         0,   0.000,exact_mw,f32ebecd8e105e50ec838d33c5ed9b45444b6b44a3c6ac541111079f2b14e893,"{""distance"":5,""physical_error_rate"":5e-05}","{""detection_events"":3,""detectors_checked"":8512}"
       179,         0,         0,   0.001,exact_mw,f32ebecd8e105e50ec838d33c5ed9b45444b6b44a3c6ac541111079f2b14e893,"{""distance"":5,""physical_error_rate"":5e-05}","{""detection_events"":8,""detectors_checked"":40096}"
       621,         0,         0,   0.002,exact_mw,f32ebecd8e105e50ec838d33c5ed9b45444b6b44a3c6ac541111079f2b14e893,"{""distance"":5,""physical_error_rate"":5e-05}","{""detection_events"":25,""detectors_checked"":139104}"
        38,         0,         0,   0.000,exact_mw,f32ebecd8e105e50ec838d33c5ed9b45444b6b44a3c6ac541111079f2b14e893,"{""distance"":5,""physical_error_rate"":5e-05}","{""detectors_checked"":8512}"
        33,         0,         0,   0.000,exact_mw,f32ebecd8e105e50ec838d33c5ed9b45444b6b44a3c6ac541111079f2b14e893,"{""distance"":5,""physical_error_rate"":5e-05}","{""detection_events"":4,""detectors_checked"":7392}"
        38,         0,         0,   0.000,exact_mw,f32ebecd8e105e50ec838d33c5ed9b45444b6b44a3c6ac541111079f2b14e893,"{""distance"":5,""physical_error_rate"":5e-05}","{""detectors_checked"":8512}"
       621,         0,         0,   0.002,exact_mw,f32ebecd8e105e50ec838d33c5ed9b45444b6b44a3c6ac541111079f2b14e893,"{""distance"":5,""physical_error_rate"":5e-05}","{""detection_events"":26,""detectors_checked"":139104}"
       162,         0,         0,   0.001,exact_mw,f32ebecd8e105e50ec838d33c5ed9b45444b6b44a3c6ac541111079f2b14e893,"{""distance"":5,""physical_error_rate"":5e-05}","{""detection_events"":4,""detectors_checked"":36288}"
        38,         0,         0,   0.000,exact_mw,f32ebecd8e105e50ec838d33c5ed9b45444b6b44a3c6ac541111079f2b14e893,"{""distance"":5,""physical_error_rate"":5e-05}","{""detectors_checked"":8512}"
       162,         0,         0,   0.001,exact_mw,f32ebecd8e105e50ec838d33c5ed9b45444b6b44a3c6ac541111079f2b14e893,"{""distance"":5,""physical_error_rate"":5e-05}","{""detection_events"":10,""detectors_checked"":36288}"
        89,         0,         0,   0.000,exact_mw,f32ebecd8e105e50ec838d33c5ed9b45444b6b44a3c6ac541111079f2b14e893,"{""distance"":5,""physical_error_rate"":5e-05}","{""detection_events"":5,""detectors_checked"":19936}"
        17,         0,         0,   0.000,exact_mw,f32ebecd8e105e50ec838d33c5ed9b45444b6b44a3c6ac541111079f2b14e893,"{""distance"":5,""physical_error_rate"":5e-05}","{""detection_events"":2,""detectors_checked"":3808}"
        36,         0,         0,   0.000,exact_mw,f32ebecd8e105e50ec838d33c5ed9b45444b6b44a3c6ac541111079f2b14e893,"{""distance"":5,""physical_error_rate"":5e-05}","{""detection_events"":2,""detectors_checked"":8064}"
        36,         0,         0,   0.000,exact_mw,f32ebecd8e105e50ec838d33c5ed9b45444b6b44a3c6ac541111079f2b14e893,"{""distance"":5,""physical_error_rate"":5e-05}","{""detectors_checked"":8064}"
        84,         0,         0,   0.000,exact_mw,f32ebecd8e105e50ec838d33c5ed9b45444b6b44a3c6ac541111079f2b14e893,"{""distance"":5,""physical_error_rate"":5e-05}","{""detectors_checked"":18816}"
         5,         0,         0,   0.000,exact_mw,f32ebecd8e105e50ec838d33c5ed9b45444b6b44a3c6ac541111079f2b14e893,"{""distance"":5,""physical_error_rate"":5e-05}","{""detectors_checked"":1120}"
        17,         0,         0,   0.000,exact_mw,f32ebecd8e105e50ec838d33c5ed9b45444b6b44a3c6ac541111079f2b14e893,"{""distance"":5,""physical_error_rate"":5e-05}","{""detectors_checked"":3808}"
         2,         0,         0,   0.000,exact_mw,f32ebecd8e105e50ec838d33c5ed9b45444b6b44a3c6ac541111079f2b14e893,"{""distance"":5,""physical_error_rate"":5e-05}","{""detectors_checked"":448}"
         2,         0,         0,   0.000,exact_mw,f32ebecd8e105e50ec838d33c5ed9b45444b6b44a3c6ac541111079f2b14e893,"{""distance"":5,""physical_error_rate"":5e-05}","{""detectors_checked"":448}"
       621,         0,         0,   0.002,exact_mw,f32ebecd8e105e50ec838d33c5ed9b45444b6b44a3c6ac541111079f2b14e893,"{""distance"":5,""physical_error_rate"":5e-05}","{""detection_events"":44,""detectors_checked"":139104}"
         2,         0,         0,   0.000,exact_mw,f32ebecd8e105e50ec838d33c5ed9b45444b6b44a3c6ac541111079f2b14e893,"{""distance"":5,""physical_error_rate"":5e-05}","{""detectors_checked"":448}"
         2,         0,         0,   0.000,exact_mw,f32ebecd8e105e50ec838d33c5ed9b45444b6b44a3c6ac541111079f2b14e893,"{""distance"":5,""physical_error_rate"":5e-05}","{""detectors_checked"":448}"
         2,         0,         0,   0.000,exact_mw,f32ebecd8e105e50ec838d33c5ed9b45444b6b44a3c6ac541111079f2b14e893,"{""distance"":5,""physical_error_rate"":5e-05}","{""detectors_checked"":448}"
         2,         0,         0,   0.000,exact_mw,f32ebecd8e105e50ec838d33c5ed9b45444b6b44a3c6ac541111079f2b14e893,"{""distance"":5,""physical_error_rate"":5e-05}","{""detectors_checked"":448}"
         2,         0,         0,   0.000,exact_mw,f32ebecd8e105e50ec838d33c5ed9b45444b6b44a3c6ac541111079f2b14e893,"{""distance"":5,""physical_error_rate"":5e-05}","{""detectors_checked"":448}"
         1,         0,         0,   0.000,exact_mw,f32ebecd8e105e50ec838d33c5ed9b45444b6b44a3c6ac541111079f2b14e893,"{""distance"":5,""physical_error_rate"":5e-05}","{""detectors_checked"":224}"
         1,         0,         0,   0.000,exact_mw,f32ebecd8e105e50ec838d33c5ed9b45444b6b44a3c6ac541111079f2b14e893,"{""distance"":5,""physical_error_rate"":5e-05}","{""detectors_checked"":224}"
         1,         0,         0,   0.000,exact_mw,f32ebecd8e105e50ec838d33c5ed9b45444b6b44a3c6ac541111079f2b14e893,"{""distance"":5,""physical_error_rate"":5e-05}","{""detectors_checked"":224}"
         1,         0,         0,   0.000,exact_mw,f32ebecd8e105e50ec838d33c5ed9b45444b6b44a3c6ac541111079f2b14e893,"{""distance"":5,""physical_error_rate"":5e-05}","{""detectors_checked"":224}"
         1,         0,         0,   0.000,exact_mw,f32ebecd8e105e50ec838d33c5ed9b45444b6b44a3c6ac541111079f2b14e893,"{""distance"":5,""physical_error_rate"":5e-05}","{""detectors_checked"":224}"
         1,         0,         0,   0.000,exact_mw,f32ebecd8e105e50ec838d33c5ed9b45444b6b44a3c6ac541111079f2b14e893,"{""distance"":5,""physical_error_rate"":5e-05}","{""detectors_checked"":224}"
         1,         0,         0,   0.000,exact_mw,f32ebecd8e105e50ec838d33c5ed9b45444b6b44a3c6ac541111079f2b14e893,"{""distance"":5,""physical_error_rate"":5e-05}","{""detectors_checked"":224}"
         1,         0,         0,   0.000,exact_mw,f32ebecd8e105e50ec838d33c5ed9b45444b6b44a3c6ac541111079f2b14e893,"{""distance"":5,""physical_error_rate"":5e-05}","{""detectors_checked"":224}"
         1,         0,         0,   0.000,exact_mw,f32ebecd8e105e50ec838d33c5ed9b45444b6b44a3c6ac541111079f2b14e893,"{""distance"":5,""physical_error_rate"":5e-05}","{""detectors_checked"":224}"
         1,         0,         0,   0.000,exact_mw,f32ebecd8e105e50ec838d33c5ed9b45444b6b44a3c6ac541111079f2b14e893,"{""distance"":5,""physical_error_rate"":5e-05}","{""detectors_checked"":224}"
         1,         0,         0,   0.000,exact_mw,f32ebecd8e105e50ec838d33c5ed9b45444b6b44a3c6ac541111079f2b14e893,"{""distance"":5,""physical_error_rate"":5e-05}","{""detectors_checked"":224}"
         1,         0,         0,   0.000,exact_mw,f32ebecd8e105e50ec838d33c5ed9b45444b6b44a3c6ac541111079f2b14e893,"{""distance"":5,""physical_error_rate"":5e-05}","{""detectors_checked"":224}"
         1,         0,         0,   0.000,exact_mw,f32ebecd8e105e50ec838d33c5ed9b45444b6b44a3c6ac541111079f2b14e893,"{""distance"":5,""physical_error_rate"":5e-05}","{""detectors_checked"":224}"
         1,         0,         0,   0.000,exact_mw,f32ebecd8e105e50ec838d33c5ed9b45444b6b44a3c6ac541111079f2b14e893,"{""distance"":5,""physical_error_rate"":5e-05}","{""detectors_checked"":224}"
         1,         0,         0,   0.000,exact_mw,f32ebecd8e105e50ec838d33c5ed9b45444b6b44a3c6ac541111079f2b14e893,"{""distance"":5,""physical_error_rate"":5e-05}","{""detectors_checked"":224}"
         1,         0,         0,   0.000,exact_mw,f32ebecd8e105e50ec838d33c5ed9b45444b6b44a3c6ac541111079f2b14e893,"{""distance"":5,""physical_error_rate"":5e-05}","{""detectors_checked"":224}"
         1,         0,         0,   0.000,exact_mw,f32ebecd8e105e50ec838d33c5ed9b45444b6b44a3c6ac541111079f2b14e893,"{""distance"":5,""physical_error_rate"":5e-05}","{""detectors_checked"":224}"
         1,         0,         0,   0.000,exact_mw,f32ebecd8e105e50ec838d33c5ed9b45444b6b44a3c6ac541111079f2b14e893,"{""distance"":5,""physical_error_rate"":5e-05}","{""detectors_checked"":224}"
         1,         0,         0,   0.000,exact_mw,f32ebecd8e105e50ec838d33c5ed9b45444b6b44a3c6ac541111079f2b14e893,"{""distance"":5,""physical_error_rate"":5e-05}","{""detectors_checked"":224}"
         1,         0,         0,   0.000,exact_mw,f32ebecd8e105e50ec838d33c5ed9b45444b6b44a3c6ac541111079f2b14e893,"{""distance"":5,""physical_error_rate"":5e-05}","{""detectors_checked"":224}"
         1,         0,         0,   0.000,exact_mw,f32ebecd8e105e50ec838d33c5ed9b45444b6b44a3c6ac541111079f2b14e893,"{""distance"":5,""physical_error_rate"":5e-05}","{""detectors_checked"":224}"
         1,         0,         0,   0.000,exact_mw,f32ebecd8e105e50ec838d33c5ed9b45444b6b44a3c6ac541111079f2b14e893,"{""distance"":5,""physical_error_rate"":5e-05}","{""detectors_checked"":224}"
         1,         0,         0,   0.000,exact_mw,f32ebecd8e105e50ec838d33c5ed9b45444b6b44a3c6ac541111079f2b14e893,"{""distance"":5,""physical_error_rate"":5e-05}","{""detectors_checked"":224}"
         1,         0,         0,   0.000,exact_mw,f32ebecd8e105e50ec838d33c5ed9b45444b6b44a3c6ac541111079f2b14e893,"{""distance"":5,""physical_error_rate"":5e-05}","{""detectors_checked"":224}"
         1,         0,         0,   0.000,exact_mw,f32ebecd8e105e50ec838d33c5ed9b45444b6b44a3c6ac541111079f2b14e893,"{""distance"":5,""physical_error_rate"":5e-05}","{""detectors_checked"":224}"
         1,         0,         0,   0.000,exact_mw,f32ebecd8e105e50ec838d33c5ed9b45444b6b44a3c6ac541111079f2b14e893,"{""distance"":5,""physical_error_rate"":5e-05}","{""detectors_checked"":224}"
         1,         0,         0,   0.000,exact_mw,f32ebecd8e105e50ec838d33c5ed9b45444b6b44a3c6ac541111079f2b14e893,"{""distance"":5,""physical_error_rate"":5e-05}","{""detectors_checked"":224}"
         1,         0,         0,   0.000,exact_mw,f32ebecd8e105e50ec838d33c5ed9b45444b6b44a3c6ac541111079f2b14e893,"{""distance"":5,""physical_error_rate"":5e-05}","{""detectors_checked"":224}"
         1,         0,         0,   0.000,exact_mw,f32ebecd8e105e50ec838d33c5ed9b45444b6b44a3c6ac541111079f2b14e893,"{""distance"":5,""physical_error_rate"":5e-05}","{""detectors_checked"":224}"
   5389312,         0,         0,    25.8,exact_mw,70a969f5042aec17ac076c6379f4170fb7c69b8e925756ef3b7334e28a33338b,"{""distance"":5,""physical_error_rate"":0.0001}","{""detection_events"":528100,""detectors_checked"":1207205888}"
   5437440,         0,         0,    90.8,exact_mw,cdc4a450a40af8e24899239080e4c40992fb5baf91c5a31ab3a165eacb3a1ab3,"{""distance"":5,""physical_error_rate"":0.0002}","{""detection_events"":1071384,""detectors_checked"":1217986560}"
   5709824,         0,         0,    91.2,exact_mw,70a969f5042aec17ac076c6379f4170fb7c69b8e925756ef3b7334e28a33338b,"{""distance"":5,""physical_error_rate"":0.0001}","{""detection_events"":563838,""detectors_checked"":1279000576}"
   4626432,         0,         0,    72.2,exact_mw,70a969f5042aec17ac076c6379f4170fb7c69b8e925756ef3b7334e28a33338b,"{""distance"":5,""physical_error_rate"":0.0001}","{""detection_events"":456324,""detectors_checked"":1036320768}"
   4621312,         0,         0,    85.6,exact_mw,70a969f5042aec17ac076c6379f4170fb7c69b8e925756ef3b7334e28a33338b,"{""distance"":5,""physical_error_rate"":0.0001}","{""detection_events"":456364,""detectors_checked"":1035173888}"
   5183488,         1,         0,    53.7,exact_mw,cdc4a450a40af8e24899239080e4c40992fb5baf91c5a31ab3a165eacb3a1ab3,"{""distance"":5,""physical_error_rate"":0.0002}","{""detection_events"":1020427,""detectors_checked"":1161101312,""obs_mistake_mask=E"":1}"
   4978688,         0,         0,    90.8,exact_mw,70a969f5042aec17ac076c6379f4170fb7c69b8e925756ef3b7334e28a33338b,"{""distance"":5,""physical_error_rate"":0.0001}","{""detection_events"":491042,""detectors_checked"":1115226112}"
   4436992,         0,         0,    72.1,exact_mw,70a969f5042aec17ac076c6379f4170fb7c69b8e925756ef3b7334e28a33338b,"{""distance"":5,""physical_error_rate"":0.0001}","{""detection_events"":436806,""detectors_checked"":993886208}"
   5370880,         0,         0,    90.6,exact_mw,cdc4a450a40af8e24899239080e4c40992fb5baf91c5a31ab3a165eacb3a1ab3,"{""distance"":5,""physical_error_rate"":0.0002}","{""detection_events"":1058060,""detectors_checked"":1203077120}"
   1441792,         0,         0,    16.3,exact_mw,70a969f5042aec17ac076c6379f4170fb7c69b8e925756ef3b7334e28a33338b,"{""distance"":5,""physical_error_rate"":0.0001}","{""detection_events"":142492,""detectors_checked"":322961408}"
   1015808,         0,         0,    16.2,exact_mw,cdc4a450a40af8e24899239080e4c40992fb5baf91c5a31ab3a165eacb3a1ab3,"{""distance"":5,""physical_error_rate"":0.0002}","{""detection_events"":200200,""detectors_checked"":227540992}"
    583680,         0,         0,    16.2,exact_mw,cb12ae119b9b2ba18d0216e7235b403229e92fd0743ede48fe7f1a2c6f45d594,"{""distance"":5,""physical_error_rate"":0.0005}","{""detection_events"":287930,""detectors_checked"":130744320}"
    761856,         0,         0,    16.2,exact_mw,cdc4a450a40af8e24899239080e4c40992fb5baf91c5a31ab3a165eacb3a1ab3,"{""distance"":5,""physical_error_rate"":0.0002}","{""detection_events"":151229,""detectors_checked"":170655744}"
    960512,         0,         0,    16.1,exact_mw,cdc4a450a40af8e24899239080e4c40992fb5baf91c5a31ab3a165eacb3a1ab3,"{""distance"":5,""physical_error_rate"":0.0002}","{""detection_events"":190119,""detectors_checked"":215154688}"
    881664,         0,         0,    16.1,exact_mw,cb12ae119b9b2ba18d0216e7235b403229e92fd0743ede48fe7f1a2c6f45d594,"{""distance"":5,""physical_error_rate"":0.0005}","{""detection_events"":432482,""detectors_checked"":197492736}"
    677888,         0,         0,    16.3,exact_mw,70a969f5042aec17ac076c6379f4170fb7c69b8e925756ef3b7334e28a33338b,"{""distance"":5,""physical_error_rate"":0.0001}","{""detection_events"":66398,""detectors_checked"":151846912}"
    773120,         0,         0,    16.3,exact_mw,70a969f5042aec17ac076c6379f4170fb7c69b8e925756ef3b7334e28a33338b,"{""distance"":5,""physical_error_rate"":0.0001}","{""detection_events"":76443,""detectors_checked"":173178880}"
    884736,         0,         0,    16.3,exact_mw,cdc4a450a40af8e24899239080e4c40992fb5baf91c5a31ab3a165eacb3a1ab3,"{""distance"":5,""physical_error_rate"":0.0002}","{""detection_events"":174251,""detectors_checked"":198180864}"
   1043456,         0,         0,    16.3,exact_mw,cb12ae119b9b2ba18d0216e7235b403229e92fd0743ede48fe7f1a2c6f45d594,"{""distance"":5,""physical_error_rate"":0.0005}","{""detection_events"":511898,""detectors_checked"":233734144}"
      1297,         0,         0,   0.032,exact_mw,70a969f5042aec17ac076c6379f4170fb7c69b8e925756ef3b7334e28a33338b,"{""distance"":5,""physical_error_rate"":0.0001}","{""detection_events"":132,""detectors_checked"":290528}"
      2048,         0,         0,   0.028,exact_mw,70a969f5042aec17ac076c6379f4170fb7c69b8e925756ef3b7334e28a33338b,"{""distance"":5,""physical_error_rate"":0.0001}","{""detection_events"":213,""detectors_checked"":458752}"
    687104,         0,         0,    16.3,exact_mw,cb12ae119b9b2ba18d0216e7235b403229e92fd0743ede48fe7f1a2c6f45d594,"{""distance"":5,""physical_error_rate"":0.0005}","{""detection_events"":339198,""detectors_checked"":153911296}"
      1024,         0,         0,   0.028,exact_mw,70a969f5042aec17ac076c6379f4170fb7c69b8e925756ef3b7334e28a33338b,"{""distance"":5,""physical_error_rate"":0.0001}","{""detection_events"":120,""detectors_checked"":229376}"
      2048,         0,         0,   0.031,exact_mw,70a969f5042aec17ac076c6379f4170fb7c69b8e925756ef3b7334e28a33338b,"{""distance"":5,""physical_error_rate"":0.0001}","{""detection_events"":187,""detectors_checked"":458752}"
   1081344,         0,         0,    16.2,exact_mw,cdc4a450a40af8e24899239080e4c40992fb5baf91c5a31ab3a165eacb3a1ab3,"{""distance"":5,""physical_error_rate"":0.0002}","{""detection_events"":212364,""detectors_checked"":242221056}"
      2048,         0,         0,   0.039,exact_mw,70a969f5042aec17ac076c6379f4170fb7c69b8e925756ef3b7334e28a33338b,"{""distance"":5,""physical_error_rate"":0.0001}","{""detection_events"":149,""detectors_checked"":458752}"
      2048,         0,         0,   0.054,exact_mw,70a969f5042aec17ac076c6379f4170fb7c69b8e925756ef3b7334e28a33338b,"{""distance"":5,""physical_error_rate"":0.0001}","{""detection_events"":213,""detectors_checked"":458752}"
      4096,         0,         0,   0.075,exact_mw,70a969f5042aec17ac076c6379f4170fb7c69b8e925756ef3b7334e28a33338b,"{""distance"":5,""physical_error_rate"":0.0001}","{""detection_events"":409,""detectors_checked"":917504}"
   1009664,         0,         0,    16.2,exact_mw,cdc4a450a40af8e24899239080e4c40992fb5baf91c5a31ab3a165eacb3a1ab3,"{""distance"":5,""physical_error_rate"":0.0002}","{""detection_events"":200142,""detectors_checked"":226164736}"
   1061888,         0,         0,    16.2,exact_mw,70a969f5042aec17ac076c6379f4170fb7c69b8e925756ef3b7334e28a33338b,"{""distance"":5,""physical_error_rate"":0.0001}","{""detection_events"":104295,""detectors_checked"":237862912}"
      6144,         0,         0,   0.113,exact_mw,70a969f5042aec17ac076c6379f4170fb7c69b8e925756ef3b7334e28a33338b,"{""distance"":5,""physical_error_rate"":0.0001}","{""detection_events"":602,""detectors_checked"":1376256}"
      9216,         0,         0,   0.151,exact_mw,70a969f5042aec17ac076c6379f4170fb7c69b8e925756ef3b7334e28a33338b,"{""distance"":5,""physical_error_rate"":0.0001}","{""detection_events"":866,""detectors_checked"":2064384}"
     16384,         0,         0,   0.227,exact_mw,70a969f5042aec17ac076c6379f4170fb7c69b8e925756ef3b7334e28a33338b,"{""distance"":5,""physical_error_rate"":0.0001}","{""detection_events"":1565,""detectors_checked"":3670016}"
   4617931,         0,         0,    74.5,exact_mw,70a969f5042aec17ac076c6379f4170fb7c69b8e925756ef3b7334e28a33338b,"{""distance"":5,""physical_error_rate"":0.0001}","{""detection_events"":456287,""detectors_checked"":1034416544}"
   4058112,         0,         0,    66.9,exact_mw,70a969f5042aec17ac076c6379f4170fb7c69b8e925756ef3b7334e28a33338b,"{""distance"":5,""physical_error_rate"":0.0001}","{""detection_events"":402161,""detectors_checked"":909017088}"
   3950592,         0,         0,    63.6,exact_mw,70a969f5042aec17ac076c6379f4170fb7c69b8e925756ef3b7334e28a33338b,"{""distance"":5,""physical_error_rate"":0.0001}","{""detection_events"":390260,""detectors_checked"":884932608}"
   4357120,         0,         0,    67.3,exact_mw,70a969f5042aec17ac076c6379f4170fb7c69b8e925756ef3b7334e28a33338b,"{""distance"":5,""physical_error_rate"":0.0001}","{""detection_events"":430683,""detectors_checked"":975994880}"
   3833856,         0,         0,    65.4,exact_mw,70a969f5042aec17ac076c6379f4170fb7c69b8e925756ef3b7334e28a33338b,"{""distance"":5,""physical_error_rate"":0.0001}","{""detection_events"":378458,""detectors_checked"":858783744}"
   4065280,         0,         0,    64.7,exact_mw,70a969f5042aec17ac076c6379f4170fb7c69b8e925756ef3b7334e28a33338b,"{""distance"":5,""physical_error_rate"":0.0001}","{""detection_events"":400879,""detectors_checked"":910622720}"
   4573184,         0,         0,    74.3,exact_mw,70a969f5042aec17ac076c6379f4170fb7c69b8e925756ef3b7334e28a33338b,"{""distance"":5,""physical_error_rate"":0.0001}","{""detection_events"":453627,""detectors_checked"":1024393216}"
   4049920,         0,         0,    65.8,exact_mw,70a969f5042aec17ac076c6379f4170fb7c69b8e925756ef3b7334e28a33338b,"{""distance"":5,""physical_error_rate"":0.0001}","{""detection_events"":399227,""detectors_checked"":907182080}"
   3806208,         0,         0,    64.4,exact_mw,70a969f5042aec17ac076c6379f4170fb7c69b8e925756ef3b7334e28a33338b,"{""distance"":5,""physical_error_rate"":0.0001}","{""detection_events"":374647,""detectors_checked"":852590592}"
   3896320,         0,         0,    66.6,exact_mw,70a969f5042aec17ac076c6379f4170fb7c69b8e925756ef3b7334e28a33338b,"{""distance"":5,""physical_error_rate"":0.0001}","{""detection_events"":384580,""detectors_checked"":872775680}"
     21504,         0,         0,   0.289,exact_mw,70a969f5042aec17ac076c6379f4170fb7c69b8e925756ef3b7334e28a33338b,"{""distance"":5,""physical_error_rate"":0.0001}","{""detection_events"":2225,""detectors_checked"":4816896}"
     39936,         0,         0,   0.406,exact_mw,70a969f5042aec17ac076c6379f4170fb7c69b8e925756ef3b7334e28a33338b,"{""distance"":5,""physical_error_rate"":0.0001}","{""detection_events"":3802,""detectors_checked"":8945664}"
         1,         0,         0,   0.000,exact_mw,cdc4a450a40af8e24899239080e4c40992fb5baf91c5a31ab3a165eacb3a1ab3,"{""distance"":5,""physical_error_rate"":0.0002}","{""detectors_checked"":224}"
      3344,         0,         0,   0.028,exact_mw,cdc4a450a40af8e24899239080e4c40992fb5baf91c5a31ab3a165eacb3a1ab3,"{""distance"":5,""physical_error_rate"":0.0002}","{""detection_events"":612,""detectors_checked"":749056}"
      3072,         0,         0,   0.028,exact_mw,cdc4a450a40af8e24899239080e4c40992fb5baf91c5a31ab3a165eacb3a1ab3,"{""distance"":5,""physical_error_rate"":0.0002}","{""detection_events"":557,""detectors_checked"":688128}"
      3072,         0,         0,   0.030,exact_mw,cdc4a450a40af8e24899239080e4c40992fb5baf91c5a31ab3a165eacb3a1ab3,"{""distance"":5,""physical_error_rate"":0.0002}","{""detection_events"":567,""detectors_checked"":688128}"
       273,         0,         0,   0.021,exact_mw,70a969f5042aec17ac076c6379f4170fb7c69b8e925756ef3b7334e28a33338b,"{""distance"":5,""physical_error_rate"":0.0001}","{""detection_events"":29,""detectors_checked"":61152}"
      2048,         0,         0,   0.026,exact_mw,70a969f5042aec17ac076c6379f4170fb7c69b8e925756ef3b7334e28a33338b,"{""distance"":5,""physical_error_rate"":0.0001}","{""detection_events"":191,""detectors_checked"":458752}"
      2048,         0,         0,   0.026,exact_mw,70a969f5042aec17ac076c6379f4170fb7c69b8e925756ef3b7334e28a33338b,"{""distance"":5,""physical_error_rate"":0.0001}","{""detection_events"":199,""detectors_checked"":458752}"
      7168,         0,         0,   0.058,exact_mw,cdc4a450a40af8e24899239080e4c40992fb5baf91c5a31ab3a165eacb3a1ab3,"{""distance"":5,""physical_error_rate"":0.0002}","{""detection_events"":1482,""detectors_checked"":1605632}"
      3072,         0,         0,   0.046,exact_mw,70a969f5042aec17ac076c6379f4170fb7c69b8e925756ef3b7334e28a33338b,"{""distance"":5,""physical_error_rate"":0.0001}","{""detection_events"":306,""detectors_checked"":688128}"
      6144,         0,         0,   0.046,exact_mw,cdc4a450a40af8e24899239080e4c40992fb5baf91c5a31ab3a165eacb3a1ab3,"{""distance"":5,""physical_error_rate"":0.0002}","{""detection_events"":1311,""detectors_checked"":1376256}"
   3725338,         0,         0,    75.9,exact_mw,70a969f5042aec17ac076c6379f4170fb7c69b8e925756ef3b7334e28a33338b,"{""distance"":5,""physical_error_rate"":0.0001}","{""detection_events"":367847,""detectors_checked"":834475712}"
   3434496,         0,         0,    55.9,exact_mw,70a969f5042aec17ac076c6379f4170fb7c69b8e925756ef3b7334e28a33338b,"{""distance"":5,""physical_error_rate"":0.0001}","{""detection_events"":338012,""detectors_checked"":769327104}"
   3403776,         0,         0,    55.1,exact_mw,70a969f5042aec17ac076c6379f4170fb7c69b8e925756ef3b7334e28a33338b,"{""distance"":5,""physical_error_rate"":0.0001}","{""detection_events"":336574,""detectors_checked"":762445824}"
    103424,         0,         0,   0.567,exact_mw,70a969f5042aec17ac076c6379f4170fb7c69b8e925756ef3b7334e28a33338b,"{""distance"":5,""physical_error_rate"":0.0001}","{""detection_events"":9913,""detectors_checked"":23166976}"
      3072,         0,         0,   0.049,exact_mw,70a969f5042aec17ac076c6379f4170fb7c69b8e925756ef3b7334e28a33338b,"{""distance"":5,""physical_error_rate"":0.0001}","{""detection_events"":307,""detectors_checked"":688128}"
   3210240,         0,         0,    56.8,exact_mw,70a969f5042aec17ac076c6379f4170fb7c69b8e925756ef3b7334e28a33338b,"{""distance"":5,""physical_error_rate"":0.0001}","{""detection_events"":316030,""detectors_checked"":719093760}"
   3160064,         0,         0,    55.3,exact_mw,70a969f5042aec17ac076c6379f4170fb7c69b8e925756ef3b7334e28a33338b,"{""distance"":5,""physical_error_rate"":0.0001}","{""detection_events"":310888,""detectors_checked"":707854336}"
      7168,         0,         0,   0.068,exact_mw,cdc4a450a40af8e24899239080e4c40992fb5baf91c5a31ab3a165eacb3a1ab3,"{""distance"":5,""physical_error_rate"":0.0002}","{""detection_events"":1380,""detectors_checked"":1605632}"
      1297,         0,         0,   0.025,exact_mw,cdc4a450a40af8e24899239080e4c40992fb5baf91c5a31ab3a165eacb3a1ab3,"{""distance"":5,""physical_error_rate"":0.0002}","{""detection_events"":277,""detectors_checked"":290528}"
      5120,         0,         0,   0.075,exact_mw,70a969f5042aec17ac076c6379f4170fb7c69b8e925756ef3b7334e28a33338b,"{""distance"":5,""physical_error_rate"":0.0001}","{""detection_events"":461,""detectors_checked"":1146880}"
      3072,         0,         0,   0.030,exact_mw,cdc4a450a40af8e24899239080e4c40992fb5baf91c5a31ab3a165eacb3a1ab3,"{""distance"":5,""physical_error_rate"":0.0002}","{""detection_events"":554,""detectors_checked"":688128}"
      2048,         0,         0,   0.006,exact_mw,cdc4a450a40af8e24899239080e4c40992fb5baf91c5a31ab3a165eacb3a1ab3,"{""distance"":5,""physical_error_rate"":0.0002}","{""detection_events"":437,""detectors_checked"":458752}"
     12288,         0,         0,   0.108,exact_mw,cdc4a450a40af8e24899239080e4c40992fb5baf91c5a31ab3a165eacb3a1ab3,"{""distance"":5,""physical_error_rate"":0.0002}","{""detection_events"":2346,""detectors_checked"":2752512}"
      5120,         0,         0,   0.075,exact_mw,70a969f5042aec17ac076c6379f4170fb7c69b8e925756ef3b7334e28a33338b,"{""distance"":5,""physical_error_rate"":0.0001}","{""detection_events"":517,""detectors_checked"":1146880}"
      3072,         0,         0,   0.035,exact_mw,cdc4a450a40af8e24899239080e4c40992fb5baf91c5a31ab3a165eacb3a1ab3,"{""distance"":5,""physical_error_rate"":0.0002}","{""detection_events"":561,""detectors_checked"":688128}"
      2321,         0,         0,   0.026,exact_mw,cb12ae119b9b2ba18d0216e7235b403229e92fd0743ede48fe7f1a2c6f45d594,"{""distance"":5,""physical_error_rate"":0.0005}","{""detection_events"":1092,""detectors_checked"":519904}"
      1024,         0,         0,   0.004,exact_mw,cb12ae119b9b2ba18d0216e7235b403229e92fd0743ede48fe7f1a2c6f45d594,"{""distance"":5,""physical_error_rate"":0.0005}","{""detection_events"":563,""detectors_checked"":229376}"
      1024,         0,         0,   0.004,exact_mw,cb12ae119b9b2ba18d0216e7235b403229e92fd0743ede48fe7f1a2c6f45d594,"{""distance"":5,""physical_error_rate"":0.0005}","{""detection_events"":513,""detectors_checked"":229376}"
      4096,         0,         0,   0.055,exact_mw,cdc4a450a40af8e24899239080e4c40992fb5baf91c5a31ab3a165eacb3a1ab3,"{""distance"":5,""physical_error_rate"":0.0002}","{""detection_events"":903,""detectors_checked"":917504}"
      2048,         0,         0,   0.022,exact_mw,cb12ae119b9b2ba18d0216e7235b403229e92fd0743ede48fe7f1a2c6f45d594,"{""distance"":5,""physical_error_rate"":0.0005}","{""detection_events"":1031,""detectors_checked"":458752}"
      8192,         0,         0,   0.125,exact_mw,70a969f5042aec17ac076c6379f4170fb7c69b8e925756ef3b7334e28a33338b,"{""distance"":5,""physical_error_rate"":0.0001}","{""detection_events"":828,""detectors_checked"":1835008}"
      5120,         0,         0,   0.058,exact_mw,cdc4a450a40af8e24899239080e4c40992fb5baf91c5a31ab3a165eacb3a1ab3,"{""distance"":5,""physical_error_rate"":0.0002}","{""detection_events"":1114,""detectors_checked"":1146880}"
      2048,         0,         0,   0.028,exact_mw,cb12ae119b9b2ba18d0216e7235b403229e92fd0743ede48fe7f1a2c6f45d594,"{""distance"":5,""physical_error_rate"":0.0005}","{""detection_events"":917,""detectors_checked"":458752}"
     17408,         0,         0,   0.166,exact_mw,cdc4a450a40af8e24899239080e4c40992fb5baf91c5a31ab3a165eacb3a1ab3,"{""distance"":5,""physical_error_rate"":0.0002}","{""detection_events"":3450,""detectors_checked"":3899392}"
      1297,         0,         0,   0.013,exact_mw,cdc4a450a40af8e24899239080e4c40992fb5baf91c5a31ab3a165eacb3a1ab3,"{""distance"":5,""physical_error_rate"":0.0002}","{""detection_events"":232,""detectors_checked"":290528}"
      2048,         0,         0,   0.006,exact_mw,cdc4a450a40af8e24899239080e4c40992fb5baf91c5a31ab3a165eacb3a1ab3,"{""distance"":5,""physical_error_rate"":0.0002}","{""detection_events"":404,""detectors_checked"":458752}"
      4096,         0,         0,   0.057,exact_mw,cb12ae119b9b2ba18d0216e7235b403229e92fd0743ede48fe7f1a2c6f45d594,"{""distance"":5,""physical_error_rate"":0.0005}","{""detection_events"":2079,""detectors_checked"":917504}"
      1024,         0,         0,   0.003,exact_mw,cdc4a450a40af8e24899239080e4c40992fb5baf91c5a31ab3a165eacb3a1ab3,"{""distance"":5,""physical_error_rate"":0.0002}","{""detection_events"":224,""detectors_checked"":229376}"
    501760,         0,         0,    16.2,exact_mw,cb12ae119b9b2ba18d0216e7235b403229e92fd0743ede48fe7f1a2c6f45d594,"{""distance"":5,""physical_error_rate"":0.0005}","{""detection_events"":248066,""detectors_checked"":112394240}"
      4096,         0,         0,   0.105,exact_mw,cdc4a450a40af8e24899239080e4c40992fb5baf91c5a31ab3a165eacb3a1ab3,"{""distance"":5,""physical_error_rate"":0.0002}","{""detection_events"":789,""detectors_checked"":917504}"
      3072,         0,         0,   0.029,exact_mw,cdc4a450a40af8e24899239080e4c40992fb5baf91c5a31ab3a165eacb3a1ab3,"{""distance"":5,""physical_error_rate"":0.0002}","{""detection_events"":673,""detectors_checked"":688128}"
      5120,         0,         0,   0.069,exact_mw,cb12ae119b9b2ba18d0216e7235b403229e92fd0743ede48fe7f1a2c6f45d594,"{""distance"":5,""physical_error_rate"":0.0005}","{""detection_events"":2423,""detectors_checked"":1146880}"
      5120,         0,         0,   0.051,exact_mw,cdc4a450a40af8e24899239080e4c40992fb5baf91c5a31ab3a165eacb3a1ab3,"{""distance"":5,""physical_error_rate"":0.0002}","{""detection_events"":1117,""detectors_checked"":1146880}"
      8192,         0,         0,   0.173,exact_mw,70a969f5042aec17ac076c6379f4170fb7c69b8e925756ef3b7334e28a33338b,"{""distance"":5,""physical_error_rate"":0.0001}","{""detection_events"":895,""detectors_checked"":1835008}"
      2321,         0,         0,   0.010,exact_mw,cb12ae119b9b2ba18d0216e7235b403229e92fd0743ede48fe7f1a2c6f45d594,"{""distance"":5,""physical_error_rate"":0.0005}","{""detection_events"":1185,""detectors_checked"":519904}"
      1024,         0,         0,   0.004,exact_mw,cb12ae119b9b2ba18d0216e7235b403229e92fd0743ede48fe7f1a2c6f45d594,"{""distance"":5,""physical_error_rate"":0.0005}","{""detection_events"":533,""detectors_checked"":229376}"
      4096,         0,         0,   0.025,exact_mw,cb12ae119b9b2ba18d0216e7235b403229e92fd0743ede48fe7f1a2c6f45d594,"{""distance"":5,""physical_error_rate"":0.0005}","{""detection_events"":2101,""detectors_checked"":917504}"
      5120,         0,         0,   0.128,exact_mw,cdc4a450a40af8e24899239080e4c40992fb5baf91c5a31ab3a165eacb3a1ab3,"{""distance"":5,""physical_error_rate"":0.0002}","{""detection_events"":988,""detectors_checked"":1146880}"
      6144,         0,         0,   0.074,exact_mw,cdc4a450a40af8e24899239080e4c40992fb5baf91c5a31ab3a165eacb3a1ab3,"{""distance"":5,""physical_error_rate"":0.0002}","{""detection_events"":1195,""detectors_checked"":1376256}"
     24576,         0,         0,   0.217,exact_mw,cdc4a450a40af8e24899239080e4c40992fb5baf91c5a31ab3a165eacb3a1ab3,"{""distance"":5,""physical_error_rate"":0.0002}","{""detection_events"":4716,""detectors_checked"":5505024}"
      4096,         0,         0,   0.037,exact_mw,cb12ae119b9b2ba18d0216e7235b403229e92fd0743ede48fe7f1a2c6f45d594,"{""distance"":5,""physical_error_rate"":0.0005}","{""detection_events"":1917,""detectors_checked"":917504}"
      7168,         0,         0,   0.118,exact_mw,cb12ae119b9b2ba18d0216e7235b403229e92fd0743ede48fe7f1a2c6f45d594,"{""distance"":5,""physical_error_rate"":0.0005}","{""detection_events"":3662,""detectors_checked"":1605632}"
      3072,         0,         0,   0.051,exact_mw,cb12ae119b9b2ba18d0216e7235b403229e92fd0743ede48fe7f1a2c6f45d594,"{""distance"":5,""physical_error_rate"":0.0005}","{""detection_events"":1475,""detectors_checked"":688128}"
      7168,         0,         0,   0.086,exact_mw,cdc4a450a40af8e24899239080e4c40992fb5baf91c5a31ab3a165eacb3a1ab3,"{""distance"":5,""physical_error_rate"":0.0002}","{""detection_events"":1385,""detectors_checked"":1605632}"
      9216,         0,         0,   0.224,exact_mw,70a969f5042aec17ac076c6379f4170fb7c69b8e925756ef3b7334e28a33338b,"{""distance"":5,""physical_error_rate"":0.0001}","{""detection_events"":848,""detectors_checked"":2064384}"
      4096,         0,         0,   0.072,exact_mw,cb12ae119b9b2ba18d0216e7235b403229e92fd0743ede48fe7f1a2c6f45d594,"{""distance"":5,""physical_error_rate"":0.0005}","{""detection_events"":2048,""detectors_checked"":917504}"
      6144,         0,         0,   0.159,exact_mw,cdc4a450a40af8e24899239080e4c40992fb5baf91c5a31ab3a165eacb3a1ab3,"{""distance"":5,""physical_error_rate"":0.0002}","{""detection_events"":1158,""detectors_checked"":1376256}"
      8192,         0,         0,   0.110,exact_mw,cdc4a450a40af8e24899239080e4c40992fb5baf91c5a31ab3a165eacb3a1ab3,"{""distance"":5,""physical_error_rate"":0.0002}","{""detection_events"":1632,""detectors_checked"":1835008}"
     10240,         0,         0,   0.167,exact_mw,cb12ae119b9b2ba18d0216e7235b403229e92fd0743ede48fe7f1a2c6f45d594,"{""distance"":5,""physical_error_rate"":0.0005}","{""detection_events"":4892,""detectors_checked"":2293760}"
      3345,         0,         0,   0.026,exact_mw,cb12ae119b9b2ba18d0216e7235b403229e92fd0743ede48fe7f1a2c6f45d594,"{""distance"":5,""physical_error_rate"":0.0005}","{""detection_events"":1644,""detectors_checked"":749280}"
      7168,         0,         0,   0.081,exact_mw,cb12ae119b9b2ba18d0216e7235b403229e92fd0743ede48fe7f1a2c6f45d594,"{""distance"":5,""physical_error_rate"":0.0005}","{""detection_events"":3428,""detectors_checked"":1605632}"
      3072,         0,         0,   0.025,exact_mw,cb12ae119b9b2ba18d0216e7235b403229e92fd0743ede48fe7f1a2c6f45d594,"{""distance"":5,""physical_error_rate"":0.0005}","{""detection_events"":1589,""detectors_checked"":688128}"
      1297,         0,         0,   0.026,exact_mw,cb12ae119b9b2ba18d0216e7235b403229e92fd0743ede48fe7f1a2c6f45d594,"{""distance"":5,""physical_error_rate"":0.0005}","{""detection_events"":584,""detectors_checked"":290528}"
    181248,         0,         0,   0.787,exact_mw,70a969f5042aec17ac076c6379f4170fb7c69b8e925756ef3b7334e28a33338b,"{""distance"":5,""physical_error_rate"":0.0001}","{""detection_events"":17995,""detectors_checked"":40599552}"
      4096,         0,         0,   0.028,exact_mw,cb12ae119b9b2ba18d0216e7235b403229e92fd0743ede48fe7f1a2c6f45d594,"{""distance"":5,""physical_error_rate"":0.0005}","{""detection_events"":2048,""detectors_checked"":917504}"
      2048,         0,         0,   0.030,exact_mw,cb12ae119b9b2ba18d0216e7235b403229e92fd0743ede48fe7f1a2c6f45d594,"{""distance"":5,""physical_error_rate"":0.0005}","{""detection_events"":1038,""detectors_checked"":458752}"
     48128,         0,         0,   0.290,exact_mw,cdc4a450a40af8e24899239080e4c40992fb5baf91c5a31ab3a165eacb3a1ab3,"{""distance"":5,""physical_error_rate"":0.0002}","{""detection_events"":9415,""detectors_checked"":10780672}"
      3072,         0,         0,   0.028,exact_mw,cb12ae119b9b2ba18d0216e7235b403229e92fd0743ede48fe7f1a2c6f45d594,"{""distance"":5,""physical_error_rate"":0.0005}","{""detection_events"":1444,""detectors_checked"":688128}"
      2048,         0,         0,   0.028,exact_mw,cb12ae119b9b2ba18d0216e7235b403229e92fd0743ede48fe7f1a2c6f45d594,"{""distance"":5,""physical_error_rate"":0.0005}","{""detection_events"":916,""detectors_checked"":458752}"
       273,         0,         0,   0.001,exact_mw,cdc4a450a40af8e24899239080e4c40992fb5baf91c5a31ab3a165eacb3a1ab3,"{""distance"":5,""physical_error_rate"":0.0002}","{""detection_events"":37,""detectors_checked"":61152}"
      2048,         0,         0,   0.022,exact_mw,cb12ae119b9b2ba18d0216e7235b403229e92fd0743ede48fe7f1a2c6f45d594,"{""distance"":5,""physical_error_rate"":0.0005}","{""detection_events"":1004,""detectors_checked"":458752}"
      8192,         0,         0,   0.107,exact_mw,cb12ae119b9b2ba18d0216e7235b403229e92fd0743ede48fe7f1a2c6f45d594,"{""distance"":5,""physical_error_rate"":0.0005}","{""detection_events"":4089,""detectors_checked"":1835008}"
      2321,         0,         0,   0.026,exact_mw,70a969f5042aec17ac076c6379f4170fb7c69b8e925756ef3b7334e28a33338b,"{""distance"":5,""physical_error_rate"":0.0001}","{""detection_events"":256,""detectors_checked"":519904}"
      2321,         0,         0,   0.032,exact_mw,cb12ae119b9b2ba18d0216e7235b403229e92fd0743ede48fe7f1a2c6f45d594,"{""distance"":5,""physical_error_rate"":0.0005}","{""detection_events"":1140,""detectors_checked"":519904}"
      4096,         0,         0,   0.039,exact_mw,cdc4a450a40af8e24899239080e4c40992fb5baf91c5a31ab3a165eacb3a1ab3,"{""distance"":5,""physical_error_rate"":0.0002}","{""detection_events"":730,""detectors_checked"":917504}"
     14336,         0,         0,   0.168,exact_mw,cdc4a450a40af8e24899239080e4c40992fb5baf91c5a31ab3a165eacb3a1ab3,"{""distance"":5,""physical_error_rate"":0.0002}","{""detection_events"":2777,""detectors_checked"":3211264}"
      5120,         0,         0,   0.046,exact_mw,cb12ae119b9b2ba18d0216e7235b403229e92fd0743ede48fe7f1a2c6f45d594,"{""distance"":5,""physical_error_rate"":0.0005}","{""detection_events"":2562,""detectors_checked"":1146880}"
      2048,         0,         0,   0.024,exact_mw,70a969f5042aec17ac076c6379f4170fb7c69b8e925756ef3b7334e28a33338b,"{""distance"":5,""physical_error_rate"":0.0001}","{""detection_events"":206,""detectors_checked"":458752}"
      9216,         0,         0,   0.224,exact_mw,cdc4a450a40af8e24899239080e4c40992fb5baf91c5a31ab3a165eacb3a1ab3,"{""distance"":5,""physical_error_rate"":0.0002}","{""detection_events"":1992,""detectors_checked"":2064384}"
      1024,         0,         0,   0.028,exact_mw,cb12ae119b9b2ba18d0216e7235b403229e92fd0743ede48fe7f1a2c6f45d594,"{""distance"":5,""physical_error_rate"":0.0005}","{""detection_events"":526,""detectors_checked"":229376}"
      3072,         0,         0,   0.027,exact_mw,cdc4a450a40af8e24899239080e4c40992fb5baf91c5a31ab3a165eacb3a1ab3,"{""distance"":5,""physical_error_rate"":0.0002}","{""detection_events"":603,""detectors_checked"":688128}"
      4096,         0,         0,   0.057,exact_mw,cb12ae119b9b2ba18d0216e7235b403229e92fd0743ede48fe7f1a2c6f45d594,"{""distance"":5,""physical_error_rate"":0.0005}","{""detection_events"":2103,""detectors_checked"":917504}"
      3072,         0,         0,   0.027,exact_mw,70a969f5042aec17ac076c6379f4170fb7c69b8e925756ef3b7334e28a33338b,"{""distance"":5,""physical_error_rate"":0.0001}","{""detection_events"":270,""detectors_checked"":688128}"
      1024,         0,         0,   0.024,exact_mw,cb12ae119b9b2ba18d0216e7235b403229e92fd0743ede48fe7f1a2c6f45d594,"{""distance"":5,""physical_error_rate"":0.0005}","{""detection_events"":554,""detectors_checked"":229376}"
      4096,         0,         0,   0.030,exact_mw,cdc4a450a40af8e24899239080e4c40992fb5baf91c5a31ab3a165eacb3a1ab3,"{""distance"":5,""physical_error_rate"":0.0002}","{""detection_events"":807,""detectors_checked"":917504}"
      5120,         0,         0,   0.056,exact_mw,cb12ae119b9b2ba18d0216e7235b403229e92fd0743ede48fe7f1a2c6f45d594,"{""distance"":5,""physical_error_rate"":0.0005}","{""detection_events"":2441,""detectors_checked"":1146880}"
     15360,         0,         0,   0.227,exact_mw,cb12ae119b9b2ba18d0216e7235b403229e92fd0743ede48fe7f1a2c6f45d594,"{""distance"":5,""physical_error_rate"":0.0005}","{""detection_events"":7510,""detectors_checked"":3440640}"
      3072,         0,         0,   0.027,exact_mw,70a969f5042aec17ac076c6379f4170fb7c69b8e925756ef3b7334e28a33338b,"{""distance"":5,""physical_error_rate"":0.0001}","{""detection_events"":230,""detectors_checked"":688128}"
      2048,         0,         0,   0.029,exact_mw,cb12ae119b9b2ba18d0216e7235b403229e92fd0743ede48fe7f1a2c6f45d594,"{""distance"":5,""physical_error_rate"":0.0005}","{""detection_events"":1049,""detectors_checked"":458752}"
      4096,         0,         0,   0.055,exact_mw,cb12ae119b9b2ba18d0216e7235b403229e92fd0743ede48fe7f1a2c6f45d594,"{""distance"":5,""physical_error_rate"":0.0005}","{""detection_events"":1974,""detectors_checked"":917504}"
       273,         0,         0,   0.022,exact_mw,70a969f5042aec17ac076c6379f4170fb7c69b8e925756ef3b7334e28a33338b,"{""distance"":5,""physical_error_rate"":0.0001}","{""detection_events"":13,""detectors_checked"":61152}"
     13312,         0,         0,   0.311,exact_mw,70a969f5042aec17ac076c6379f4170fb7c69b8e925756ef3b7334e28a33338b,"{""distance"":5,""physical_error_rate"":0.0001}","{""detection_events"":1264,""detectors_checked"":2981888}"
      5120,         0,         0,   0.051,exact_mw,cdc4a450a40af8e24899239080e4c40992fb5baf91c5a31ab3a165eacb3a1ab3,"{""distance"":5,""physical_error_rate"":0.0002}","{""detection_events"":1048,""detectors_checked"":1146880}"
      3072,         0,         0,   0.030,exact_mw,70a969f5042aec17ac076c6379f4170fb7c69b8e925756ef3b7334e28a33338b,"{""distance"":5,""physical_error_rate"":0.0001}","{""detection_events"":254,""detectors_checked"":688128}"
      6144,         0,         0,   0.055,exact_mw,70a969f5042aec17ac076c6379f4170fb7c69b8e925756ef3b7334e28a33338b,"{""distance"":5,""physical_error_rate"":0.0001}","{""detection_events"":609,""detectors_checked"":1376256}"
      3072,         0,         0,   0.056,exact_mw,cb12ae119b9b2ba18d0216e7235b403229e92fd0743ede48fe7f1a2c6f45d594,"{""distance"":5,""physical_error_rate"":0.0005}","{""detection_events"":1538,""detectors_checked"":688128}"
      1297,         0,         0,   0.022,exact_mw,cdc4a450a40af8e24899239080e4c40992fb5baf91c5a31ab3a165eacb3a1ab3,"{""distance"":5,""physical_error_rate"":0.0002}","{""detection_events"":230,""detectors_checked"":290528}"
      5120,         0,         0,   0.078,exact_mw,cb12ae119b9b2ba18d0216e7235b403229e92fd0743ede48fe7f1a2c6f45d594,"{""distance"":5,""physical_error_rate"":0.0005}","{""detection_events"":2483,""detectors_checked"":1146880}"
     13312,         0,         0,   0.162,exact_mw,cb12ae119b9b2ba18d0216e7235b403229e92fd0743ede48fe7f1a2c6f45d594,"{""distance"":5,""physical_error_rate"":0.0005}","{""detection_events"":6524,""detectors_checked"":2981888}"
      2048,         0,         0,   0.027,exact_mw,70a969f5042aec17ac076c6379f4170fb7c69b8e925756ef3b7334e28a33338b,"{""distance"":5,""physical_error_rate"":0.0001}","{""detection_events"":199,""detectors_checked"":458752}"
      6144,         0,         0,   0.054,exact_mw,cdc4a450a40af8e24899239080e4c40992fb5baf91c5a31ab3a165eacb3a1ab3,"{""distance"":5,""physical_error_rate"":0.0002}","{""detection_events"":1216,""detectors_checked"":1376256}"
      3072,         0,         0,   0.027,exact_mw,cdc4a450a40af8e24899239080e4c40992fb5baf91c5a31ab3a165eacb3a1ab3,"{""distance"":5,""physical_error_rate"":0.0002}","{""detection_events"":617,""detectors_checked"":688128}"
      5120,         0,         0,   0.083,exact_mw,cb12ae119b9b2ba18d0216e7235b403229e92fd0743ede48fe7f1a2c6f45d594,"{""distance"":5,""physical_error_rate"":0.0005}","{""detection_events"":2449,""detectors_checked"":1146880}"
      6144,         0,         0,   0.055,exact_mw,70a969f5042aec17ac076c6379f4170fb7c69b8e925756ef3b7334e28a33338b,"{""distance"":5,""physical_error_rate"":0.0001}","{""detection_events"":637,""detectors_checked"":1376256}"
      3072,         0,         0,   0.030,exact_mw,70a969f5042aec17ac076c6379f4170fb7c69b8e925756ef3b7334e28a33338b,"{""distance"":5,""physical_error_rate"":0.0001}","{""detection_events"":302,""detectors_checked"":688128}"
      4096,         0,         0,   0.057,exact_mw,cb12ae119b9b2ba18d0216e7235b403229e92fd0743ede48fe7f1a2c6f45d594,"{""distance"":5,""physical_error_rate"":0.0005}","{""detection_events"":2094,""detectors_checked"":917504}"
      3072,         0,         0,   0.027,exact_mw,cdc4a450a40af8e24899239080e4c40992fb5baf91c5a31ab3a165eacb3a1ab3,"{""distance"":5,""physical_error_rate"":0.0002}","{""detection_events"":605,""detectors_checked"":688128}"
      4096,         0,         0,   0.030,exact_mw,cdc4a450a40af8e24899239080e4c40992fb5baf91c5a31ab3a165eacb3a1ab3,"{""distance"":5,""physical_error_rate"":0.0002}","{""detection_events"":836,""detectors_checked"":917504}"
     18432,         0,         0,   0.224,exact_mw,cdc4a450a40af8e24899239080e4c40992fb5baf91c5a31ab3a165eacb3a1ab3,"{""distance"":5,""physical_error_rate"":0.0002}","{""detection_events"":3480,""detectors_checked"":4128768}"
      4096,         0,         0,   0.054,exact_mw,70a969f5042aec17ac076c6379f4170fb7c69b8e925756ef3b7334e28a33338b,"{""distance"":5,""physical_error_rate"":0.0001}","{""detection_events"":461,""detectors_checked"":917504}"
      9216,         0,         0,   0.081,exact_mw,cdc4a450a40af8e24899239080e4c40992fb5baf91c5a31ab3a165eacb3a1ab3,"{""distance"":5,""physical_error_rate"":0.0002}","{""detection_events"":1948,""detectors_checked"":2064384}"
      8192,         0,         0,   0.108,exact_mw,cb12ae119b9b2ba18d0216e7235b403229e92fd0743ede48fe7f1a2c6f45d594,"{""distance"":5,""physical_error_rate"":0.0005}","{""detection_events"":4163,""detectors_checked"":1835008}"
      8192,         0,         0,   0.079,exact_mw,70a969f5042aec17ac076c6379f4170fb7c69b8e925756ef3b7334e28a33338b,"{""distance"":5,""physical_error_rate"":0.0001}","{""detection_events"":852,""detectors_checked"":1835008}"
      4096,         0,         0,   0.049,exact_mw,cdc4a450a40af8e24899239080e4c40992fb5baf91c5a31ab3a165eacb3a1ab3,"{""distance"":5,""physical_error_rate"":0.0002}","{""detection_events"":789,""detectors_checked"":917504}"
      5120,         0,         0,   0.081,exact_mw,cb12ae119b9b2ba18d0216e7235b403229e92fd0743ede48fe7f1a2c6f45d594,"{""distance"":5,""physical_error_rate"":0.0005}","{""detection_events"":2393,""detectors_checked"":1146880}"
      7168,         0,         0,   0.110,exact_mw,cb12ae119b9b2ba18d0216e7235b403229e92fd0743ede48fe7f1a2c6f45d594,"{""distance"":5,""physical_error_rate"":0.0005}","{""detection_events"":3469,""detectors_checked"":1605632}"
      4096,         0,         0,   0.054,exact_mw,70a969f5042aec17ac076c6379f4170fb7c69b8e925756ef3b7334e28a33338b,"{""distance"":5,""physical_error_rate"":0.0001}","{""detection_events"":444,""detectors_checked"":917504}"
     12288,         0,         0,   0.289,exact_mw,cdc4a450a40af8e24899239080e4c40992fb5baf91c5a31ab3a165eacb3a1ab3,"{""distance"":5,""physical_error_rate"":0.0002}","{""detection_events"":2676,""detectors_checked"":2752512}"
      1297,         0,         0,   0.024,exact_mw,cdc4a450a40af8e24899239080e4c40992fb5baf91c5a31ab3a165eacb3a1ab3,"{""distance"":5,""physical_error_rate"":0.0002}","{""detection_events"":208,""detectors_checked"":290528}"
      6144,         0,         0,   0.055,exact_mw,cdc4a450a40af8e24899239080e4c40992fb5baf91c5a31ab3a165eacb3a1ab3,"{""distance"":5,""physical_error_rate"":0.0002}","{""detection_events"":1231,""detectors_checked"":1376256}"
      2048,         0,         0,   0.026,exact_mw,cdc4a450a40af8e24899239080e4c40992fb5baf91c5a31ab3a165eacb3a1ab3,"{""distance"":5,""physical_error_rate"":0.0002}","{""detection_events"":454,""detectors_checked"":458752}"
     45056,         0,         0,   0.394,exact_mw,cdc4a450a40af8e24899239080e4c40992fb5baf91c5a31ab3a165eacb3a1ab3,"{""distance"":5,""physical_error_rate"":0.0002}","{""detection_events"":9111,""detectors_checked"":10092544}"
     11264,         0,         0,   0.108,exact_mw,cdc4a450a40af8e24899239080e4c40992fb5baf91c5a31ab3a165eacb3a1ab3,"{""distance"":5,""physical_error_rate"":0.0002}","{""detection_events"":2174,""detectors_checked"":2523136}"
     18432,         0,         0,   0.218,exact_mw,cb12ae119b9b2ba18d0216e7235b403229e92fd0743ede48fe7f1a2c6f45d594,"{""distance"":5,""physical_error_rate"":0.0005}","{""detection_events"":9058,""detectors_checked"":4128768}"
     19456,         0,         0,   0.306,exact_mw,cb12ae119b9b2ba18d0216e7235b403229e92fd0743ede48fe7f1a2c6f45d594,"{""distance"":5,""physical_error_rate"":0.0005}","{""detection_events"":9749,""detectors_checked"":4358144}"
     11264,         0,         0,   0.108,exact_mw,70a969f5042aec17ac076c6379f4170fb7c69b8e925756ef3b7334e28a33338b,"{""distance"":5,""physical_error_rate"":0.0001}","{""detection_events"":1107,""detectors_checked"":2523136}"
      9216,         0,         0,   0.082,exact_mw,70a969f5042aec17ac076c6379f4170fb7c69b8e925756ef3b7334e28a33338b,"{""distance"":5,""physical_error_rate"":0.0001}","{""detection_events"":999,""detectors_checked"":2064384}"
      1024,         0,         0,   0.023,exact_mw,cdc4a450a40af8e24899239080e4c40992fb5baf91c5a31ab3a165eacb3a1ab3,"{""distance"":5,""physical_error_rate"":0.0002}","{""detection_events"":198,""detectors_checked"":229376}"
      7168,         0,         0,   0.114,exact_mw,cb12ae119b9b2ba18d0216e7235b403229e92fd0743ede48fe7f1a2c6f45d594,"{""distance"":5,""physical_error_rate"":0.0005}","{""detection_events"":3426,""detectors_checked"":1605632}"
      2048,         0,         0,   0.016,exact_mw,cdc4a450a40af8e24899239080e4c40992fb5baf91c5a31ab3a165eacb3a1ab3,"{""distance"":5,""physical_error_rate"":0.0002}","{""detection_events"":384,""detectors_checked"":458752}"
     14336,         0,         0,   0.163,exact_mw,cb12ae119b9b2ba18d0216e7235b403229e92fd0743ede48fe7f1a2c6f45d594,"{""distance"":5,""physical_error_rate"":0.0005}","{""detection_events"":7009,""detectors_checked"":3211264}"
     10240,         0,         0,   0.079,exact_mw,cdc4a450a40af8e24899239080e4c40992fb5baf91c5a31ab3a165eacb3a1ab3,"{""distance"":5,""physical_error_rate"":0.0002}","{""detection_events"":2043,""detectors_checked"":2293760}"
      3072,         0,         0,   0.049,exact_mw,cdc4a450a40af8e24899239080e4c40992fb5baf91c5a31ab3a165eacb3a1ab3,"{""distance"":5,""physical_error_rate"":0.0002}","{""detection_events"":639,""detectors_checked"":688128}"
     10240,         0,         0,   0.166,exact_mw,cb12ae119b9b2ba18d0216e7235b403229e92fd0743ede48fe7f1a2c6f45d594,"{""distance"":5,""physical_error_rate"":0.0005}","{""detection_events"":5023,""detectors_checked"":2293760}"
     13312,         0,         0,   0.108,exact_mw,70a969f5042aec17ac076c6379f4170fb7c69b8e925756ef3b7334e28a33338b,"{""distance"":5,""physical_error_rate"":0.0001}","{""detection_events"":1319,""detectors_checked"":2981888}"
     19456,         0,         0,   0.162,exact_mw,cdc4a450a40af8e24899239080e4c40992fb5baf91c5a31ab3a165eacb3a1ab3,"{""distance"":5,""physical_error_rate"":0.0002}","{""detection_events"":3985,""detectors_checked"":4358144}"
     16384,         0,         0,   0.416,exact_mw,70a969f5042aec17ac076c6379f4170fb7c69b8e925756ef3b7334e28a33338b,"{""distance"":5,""physical_error_rate"":0.0001}","{""detection_events"":1664,""detectors_checked"":3670016}"
      5120,         0,         0,   0.075,exact_mw,cdc4a450a40af8e24899239080e4c40992fb5baf91c5a31ab3a165eacb3a1ab3,"{""distance"":5,""physical_error_rate"":0.0002}","{""detection_events"":959,""detectors_checked"":1146880}"
     16384,         0,         0,   0.143,exact_mw,70a969f5042aec17ac076c6379f4170fb7c69b8e925756ef3b7334e28a33338b,"{""distance"":5,""physical_error_rate"":0.0001}","{""detection_events"":1563,""detectors_checked"":3670016}"
     25600,         0,         0,   0.304,exact_mw,cdc4a450a40af8e24899239080e4c40992fb5baf91c5a31ab3a165eacb3a1ab3,"{""distance"":5,""physical_error_rate"":0.0002}","{""detection_events"":4880,""detectors_checked"":5734400}"
     13312,         0,         0,   0.122,exact_mw,cdc4a450a40af8e24899239080e4c40992fb5baf91c5a31ab3a165eacb3a1ab3,"{""distance"":5,""physical_error_rate"":0.0002}","{""detection_events"":2749,""detectors_checked"":2981888}"
     12288,         0,         0,   0.167,exact_mw,cb12ae119b9b2ba18d0216e7235b403229e92fd0743ede48fe7f1a2c6f45d594,"{""distance"":5,""physical_error_rate"":0.0005}","{""detection_events"":5914,""detectors_checked"":2752512}"
      5120,         0,         0,   0.076,exact_mw,cdc4a450a40af8e24899239080e4c40992fb5baf91c5a31ab3a165eacb3a1ab3,"{""distance"":5,""physical_error_rate"":0.0002}","{""detection_events"":941,""detectors_checked"":1146880}"
         1,         0,         0,   0.021,exact_mw,70a969f5042aec17ac076c6379f4170fb7c69b8e925756ef3b7334e28a33338b,"{""distance"":5,""physical_error_rate"":0.0001}","{""detectors_checked"":224}"
     18432,         0,         0,   0.209,exact_mw,cb12ae119b9b2ba18d0216e7235b403229e92fd0743ede48fe7f1a2c6f45d594,"{""distance"":5,""physical_error_rate"":0.0005}","{""detection_events"":8911,""detectors_checked"":4128768}"
      2320,         0,         0,   0.027,exact_mw,70a969f5042aec17ac076c6379f4170fb7c69b8e925756ef3b7334e28a33338b,"{""distance"":5,""physical_error_rate"":0.0001}","{""detection_events"":203,""detectors_checked"":519680}"
    953344,         1,         0,    16.0,exact_mw,70a969f5042aec17ac076c6379f4170fb7c69b8e925756ef3b7334e28a33338b,"{""distance"":5,""physical_error_rate"":0.0001}","{""detection_events"":94472,""detectors_checked"":213549056,""obs_mistake_mask=E"":1}"
     19456,         0,         0,   0.159,exact_mw,70a969f5042aec17ac076c6379f4170fb7c69b8e925756ef3b7334e28a33338b,"{""distance"":5,""physical_error_rate"":0.0001}","{""detection_events"":1885,""detectors_checked"":4358144}"
      1024,         0,         0,   0.023,exact_mw,70a969f5042aec17ac076c6379f4170fb7c69b8e925756ef3b7334e28a33338b,"{""distance"":5,""physical_error_rate"":0.0001}","{""detection_events"":63,""detectors_checked"":229376}"
     25600,         0,         0,   0.283,exact_mw,cb12ae119b9b2ba18d0216e7235b403229e92fd0743ede48fe7f1a2c6f45d594,"{""distance"":5,""physical_error_rate"":0.0005}","{""detection_events"":12542,""detectors_checked"":5734400}"
     13312,         0,         0,   0.222,exact_mw,cb12ae119b9b2ba18d0216e7235b403229e92fd0743ede48fe7f1a2c6f45d594,"{""distance"":5,""physical_error_rate"":0.0005}","{""detection_events"":7046,""detectors_checked"":2981888}"
      3072,         0,         0,   0.029,exact_mw,70a969f5042aec17ac076c6379f4170fb7c69b8e925756ef3b7334e28a33338b,"{""distance"":5,""physical_error_rate"":0.0001}","{""detection_events"":321,""detectors_checked"":688128}"
     18432,         0,         0,   0.160,exact_mw,cdc4a450a40af8e24899239080e4c40992fb5baf91c5a31ab3a165eacb3a1ab3,"{""distance"":5,""physical_error_rate"":0.0002}","{""detection_events"":3551,""detectors_checked"":4128768}"
      6144,         0,         0,   0.113,exact_mw,cdc4a450a40af8e24899239080e4c40992fb5baf91c5a31ab3a165eacb3a1ab3,"{""distance"":5,""physical_error_rate"":0.0002}","{""detection_events"":1251,""detectors_checked"":1376256}"
     16384,         0,         0,   0.409,exact_mw,cdc4a450a40af8e24899239080e4c40992fb5baf91c5a31ab3a165eacb3a1ab3,"{""distance"":5,""physical_error_rate"":0.0002}","{""detection_events"":3235,""detectors_checked"":3670016}"
     24576,         0,         0,   0.211,exact_mw,cdc4a450a40af8e24899239080e4c40992fb5baf91c5a31ab3a165eacb3a1ab3,"{""distance"":5,""physical_error_rate"":0.0002}","{""detection_events"":4874,""detectors_checked"":5505024}"
      2048,         0,         0,   0.046,exact_mw,70a969f5042aec17ac076c6379f4170fb7c69b8e925756ef3b7334e28a33338b,"{""distance"":5,""physical_error_rate"":0.0001}","{""detection_events"":200,""detectors_checked"":458752}"
     23552,         0,         0,   0.214,exact_mw,70a969f5042aec17ac076c6379f4170fb7c69b8e925756ef3b7334e28a33338b,"{""distance"":5,""physical_error_rate"":0.0001}","{""detection_events"":2264,""detectors_checked"":5275648}"
         1,         0,         0,   0.000,exact_mw,70a969f5042aec17ac076c6379f4170fb7c69b8e925756ef3b7334e28a33338b,"{""distance"":5,""physical_error_rate"":0.0001}","{""detectors_checked"":224}"
      3344,         0,         0,   0.019,exact_mw,70a969f5042aec17ac076c6379f4170fb7c69b8e925756ef3b7334e28a33338b,"{""distance"":5,""physical_error_rate"":0.0001}","{""detection_events"":373,""detectors_checked"":749056}"
     15360,         0,         0,   0.228,exact_mw,cb12ae119b9b2ba18d0216e7235b403229e92fd0743ede48fe7f1a2c6f45d594,"{""distance"":5,""physical_error_rate"":0.0005}","{""detection_events"":7318,""detectors_checked"":3440640}"
     26624,         0,         0,   0.418,exact_mw,cb12ae119b9b2ba18d0216e7235b403229e92fd0743ede48fe7f1a2c6f45d594,"{""distance"":5,""physical_error_rate"":0.0005}","{""detection_events"":12955,""detectors_checked"":5963776}"
      3072,         0,         0,   0.027,exact_mw,70a969f5042aec17ac076c6379f4170fb7c69b8e925756ef3b7334e28a33338b,"{""distance"":5,""physical_error_rate"":0.0001}","{""detection_events"":330,""detectors_checked"":688128}"
      5120,         0,         0,   0.075,exact_mw,70a969f5042aec17ac076c6379f4170fb7c69b8e925756ef3b7334e28a33338b,"{""distance"":5,""physical_error_rate"":0.0001}","{""detection_events"":525,""detectors_checked"":1146880}"
      4096,         0,         0,   0.029,exact_mw,70a969f5042aec17ac076c6379f4170fb7c69b8e925756ef3b7334e28a33338b,"{""distance"":5,""physical_error_rate"":0.0001}","{""detection_events"":438,""detectors_checked"":917504}"
      9216,         0,         0,   0.151,exact_mw,cdc4a450a40af8e24899239080e4c40992fb5baf91c5a31ab3a165eacb3a1ab3,"{""distance"":5,""physical_error_rate"":0.0002}","{""detection_events"":1663,""detectors_checked"":2064384}"
     26624,         0,         0,   0.217,exact_mw,70a969f5042aec17ac076c6379f4170fb7c69b8e925756ef3b7334e28a33338b,"{""distance"":5,""physical_error_rate"":0.0001}","{""detection_events"":2495,""detectors_checked"":5963776}"
      6144,         0,         0,   0.078,exact_mw,70a969f5042aec17ac076c6379f4170fb7c69b8e925756ef3b7334e28a33338b,"{""distance"":5,""physical_error_rate"":0.0001}","{""detection_events"":532,""detectors_checked"":1376256}"
      6144,         0,         0,   0.053,exact_mw,70a969f5042aec17ac076c6379f4170fb7c69b8e925756ef3b7334e28a33338b,"{""distance"":5,""physical_error_rate"":0.0001}","{""detection_events"":571,""detectors_checked"":1376256}"
     33792,         0,         0,   0.206,exact_mw,cdc4a450a40af8e24899239080e4c40992fb5baf91c5a31ab3a165eacb3a1ab3,"{""distance"":5,""physical_error_rate"":0.0002}","{""detection_events"":6534,""detectors_checked"":7569408}"
     25600,         0,         0,   0.294,exact_mw,cb12ae119b9b2ba18d0216e7235b403229e92fd0743ede48fe7f1a2c6f45d594,"{""distance"":5,""physical_error_rate"":0.0005}","{""detection_events"":12402,""detectors_checked"":5734400}"
     67584,         0,         0,   0.578,exact_mw,cdc4a450a40af8e24899239080e4c40992fb5baf91c5a31ab3a165eacb3a1ab3,"{""distance"":5,""physical_error_rate"":0.0002}","{""detection_events"":13123,""detectors_checked"":15138816}"
      7168,         0,         0,   0.056,exact_mw,70a969f5042aec17ac076c6379f4170fb7c69b8e925756ef3b7334e28a33338b,"{""distance"":5,""physical_error_rate"":0.0001}","{""detection_events"":717,""detectors_checked"":1605632}"
     34816,         0,         0,   0.407,exact_mw,cdc4a450a40af8e24899239080e4c40992fb5baf91c5a31ab3a165eacb3a1ab3,"{""distance"":5,""physical_error_rate"":0.0002}","{""detection_events"":6823,""detectors_checked"":7798784}"
     21504,         0,         0,   0.308,exact_mw,cb12ae119b9b2ba18d0216e7235b403229e92fd0743ede48fe7f1a2c6f45d594,"{""distance"":5,""physical_error_rate"":0.0005}","{""detection_events"":10814,""detectors_checked"":4816896}"
      7168,         0,         0,   0.121,exact_mw,70a969f5042aec17ac076c6379f4170fb7c69b8e925756ef3b7334e28a33338b,"{""distance"":5,""physical_error_rate"":0.0001}","{""detection_events"":731,""detectors_checked"":1605632}"
    134144,         0,         0,    1.11,exact_mw,70a969f5042aec17ac076c6379f4170fb7c69b8e925756ef3b7334e28a33338b,"{""distance"":5,""physical_error_rate"":0.0001}","{""detection_events"":12988,""detectors_checked"":30048256}"
      8192,         0,         0,   0.077,exact_mw,70a969f5042aec17ac076c6379f4170fb7c69b8e925756ef3b7334e28a33338b,"{""distance"":5,""physical_error_rate"":0.0001}","{""detection_events"":786,""detectors_checked"":1835008}"
     34816,         0,         0,   0.297,exact_mw,cdc4a450a40af8e24899239080e4c40992fb5baf91c5a31ab3a165eacb3a1ab3,"{""distance"":5,""physical_error_rate"":0.0002}","{""detection_events"":6695,""detectors_checked"":7798784}"
     34816,         0,         0,   0.282,exact_mw,70a969f5042aec17ac076c6379f4170fb7c69b8e925756ef3b7334e28a33338b,"{""distance"":5,""physical_error_rate"":0.0001}","{""detection_events"":3489,""detectors_checked"":7798784}"
         1,         0,         0,   0.000,exact_mw,cdc4a450a40af8e24899239080e4c40992fb5baf91c5a31ab3a165eacb3a1ab3,"{""distance"":5,""physical_error_rate"":0.0002}","{""detectors_checked"":224}"
     12288,         0,         0,   0.185,exact_mw,cdc4a450a40af8e24899239080e4c40992fb5baf91c5a31ab3a165eacb3a1ab3,"{""distance"":5,""physical_error_rate"":0.0002}","{""detection_events"":2489,""detectors_checked"":2752512}"
     19456,         0,         0,   0.289,exact_mw,cb12ae119b9b2ba18d0216e7235b403229e92fd0743ede48fe7f1a2c6f45d594,"{""distance"":5,""physical_error_rate"":0.0005}","{""detection_events"":9448,""detectors_checked"":4358144}"
     35840,         0,         0,   0.420,exact_mw,cb12ae119b9b2ba18d0216e7235b403229e92fd0743ede48fe7f1a2c6f45d594,"{""distance"":5,""physical_error_rate"":0.0005}","{""detection_events"":17328,""detectors_checked"":8028160}"
      2320,         0,         0,   0.032,exact_mw,cdc4a450a40af8e24899239080e4c40992fb5baf91c5a31ab3a165eacb3a1ab3,"{""distance"":5,""physical_error_rate"":0.0002}","{""detection_events"":454,""detectors_checked"":519680}"
     27648,         0,         0,   0.579,exact_mw,70a969f5042aec17ac076c6379f4170fb7c69b8e925756ef3b7334e28a33338b,"{""distance"":5,""physical_error_rate"":0.0001}","{""detection_events"":2842,""detectors_checked"":6193152}"
      3072,         0,         0,   0.031,exact_mw,cdc4a450a40af8e24899239080e4c40992fb5baf91c5a31ab3a165eacb3a1ab3,"{""distance"":5,""physical_error_rate"":0.0002}","{""detection_events"":580,""detectors_checked"":688128}"
     11264,         0,         0,   0.113,exact_mw,70a969f5042aec17ac076c6379f4170fb7c69b8e925756ef3b7334e28a33338b,"{""distance"":5,""physical_error_rate"":0.0001}","{""detection_events"":1126,""detectors_checked"":2523136}"
      3072,         0,         0,   0.030,exact_mw,cdc4a450a40af8e24899239080e4c40992fb5baf91c5a31ab3a165eacb3a1ab3,"{""distance"":5,""physical_error_rate"":0.0002}","{""detection_events"":579,""detectors_checked"":688128}"
     34816,         0,         0,   0.294,exact_mw,70a969f5042aec17ac076c6379f4170fb7c69b8e925756ef3b7334e28a33338b,"{""distance"":5,""physical_error_rate"":0.0001}","{""detection_events"":3528,""detectors_checked"":7798784}"
     10240,         0,         0,   0.163,exact_mw,70a969f5042aec17ac076c6379f4170fb7c69b8e925756ef3b7334e28a33338b,"{""distance"":5,""physical_error_rate"":0.0001}","{""detection_events"":1003,""detectors_checked"":2293760}"
      3072,         0,         0,   0.052,exact_mw,cdc4a450a40af8e24899239080e4c40992fb5baf91c5a31ab3a165eacb3a1ab3,"{""distance"":5,""physical_error_rate"":0.0002}","{""detection_events"":705,""detectors_checked"":688128}"
     54272,         0,         0,   0.302,exact_mw,cdc4a450a40af8e24899239080e4c40992fb5baf91c5a31ab3a165eacb3a1ab3,"{""distance"":5,""physical_error_rate"":0.0002}","{""detection_events"":10854,""detectors_checked"":12156928}"
      5120,         0,         0,   0.057,exact_mw,cdc4a450a40af8e24899239080e4c40992fb5baf91c5a31ab3a165eacb3a1ab3,"{""distance"":5,""physical_error_rate"":0.0002}","{""detection_events"":999,""detectors_checked"":1146880}"
      1297,         0,         0,   0.062,exact_mw,cb12ae119b9b2ba18d0216e7235b403229e92fd0743ede48fe7f1a2c6f45d594,"{""distance"":5,""physical_error_rate"":0.0005}","{""detection_events"":731,""detectors_checked"":290528}"
         1,         0,         0,   0.000,exact_mw,cdc4a450a40af8e24899239080e4c40992fb5baf91c5a31ab3a165eacb3a1ab3,"{""distance"":5,""physical_error_rate"":0.0002}","{""detectors_checked"":224}"
      1024,         0,         0,   0.004,exact_mw,cb12ae119b9b2ba18d0216e7235b403229e92fd0743ede48fe7f1a2c6f45d594,"{""distance"":5,""physical_error_rate"":0.0005}","{""detection_events"":446,""detectors_checked"":229376}"
     27648,         0,         0,   0.540,exact_mw,cdc4a450a40af8e24899239080e4c40992fb5baf91c5a31ab3a165eacb3a1ab3,"{""distance"":5,""physical_error_rate"":0.0002}","{""detection_events"":5514,""detectors_checked"":6193152}"
     15360,         0,         0,   0.190,exact_mw,70a969f5042aec17ac076c6379f4170fb7c69b8e925756ef3b7334e28a33338b,"{""distance"":5,""physical_error_rate"":0.0001}","{""detection_events"":1512,""detectors_checked"":3440640}"
     35840,         0,         0,   0.406,exact_mw,cb12ae119b9b2ba18d0216e7235b403229e92fd0743ede48fe7f1a2c6f45d594,"{""distance"":5,""physical_error_rate"":0.0005}","{""detection_events"":17673,""detectors_checked"":8028160}"
      3344,         0,         0,   0.040,exact_mw,cdc4a450a40af8e24899239080e4c40992fb5baf91c5a31ab3a165eacb3a1ab3,"{""distance"":5,""physical_error_rate"":0.0002}","{""detection_events"":633,""detectors_checked"":749056}"
      2048,         0,         0,   0.042,exact_mw,cb12ae119b9b2ba18d0216e7235b403229e92fd0743ede48fe7f1a2c6f45d594,"{""distance"":5,""physical_error_rate"":0.0005}","{""detection_events"":1056,""detectors_checked"":458752}"
      7168,         0,         0,   0.078,exact_mw,cdc4a450a40af8e24899239080e4c40992fb5baf91c5a31ab3a165eacb3a1ab3,"{""distance"":5,""physical_error_rate"":0.0002}","{""detection_events"":1394,""detectors_checked"":1605632}"
     16384,         0,         0,   0.299,exact_mw,cdc4a450a40af8e24899239080e4c40992fb5baf91c5a31ab3a165eacb3a1ab3,"{""distance"":5,""physical_error_rate"":0.0002}","{""detection_events"":2975,""detectors_checked"":3670016}"
         1,         0,         0,   0.000,exact_mw,70a969f5042aec17ac076c6379f4170fb7c69b8e925756ef3b7334e28a33338b,"{""distance"":5,""physical_error_rate"":0.0001}","{""detectors_checked"":224}"
      1024,         0,         0,   0.028,exact_mw,cb12ae119b9b2ba18d0216e7235b403229e92fd0743ede48fe7f1a2c6f45d594,"{""distance"":5,""physical_error_rate"":0.0005}","{""detection_events"":561,""detectors_checked"":229376}"
      2048,         0,         0,   0.030,exact_mw,cdc4a450a40af8e24899239080e4c40992fb5baf91c5a31ab3a165eacb3a1ab3,"{""distance"":5,""physical_error_rate"":0.0002}","{""detection_events"":446,""detectors_checked"":458752}"
     33792,         0,         0,   0.588,exact_mw,cb12ae119b9b2ba18d0216e7235b403229e92fd0743ede48fe7f1a2c6f45d594,"{""distance"":5,""physical_error_rate"":0.0005}","{""detection_events"":17123,""detectors_checked"":7569408}"
     15360,         0,         0,   0.224,exact_mw,70a969f5042aec17ac076c6379f4170fb7c69b8e925756ef3b7334e28a33338b,"{""distance"":5,""physical_error_rate"":0.0001}","{""detection_events"":1525,""detectors_checked"":3440640}"
      1296,         0,         0,   0.016,exact_mw,70a969f5042aec17ac076c6379f4170fb7c69b8e925756ef3b7334e28a33338b,"{""distance"":5,""physical_error_rate"":0.0001}","{""detection_events"":146,""detectors_checked"":290304}"
     28672,         0,         0,   0.412,exact_mw,cb12ae119b9b2ba18d0216e7235b403229e92fd0743ede48fe7f1a2c6f45d594,"{""distance"":5,""physical_error_rate"":0.0005}","{""detection_events"":14088,""detectors_checked"":6422528}"
       273,         0,         0,   0.029,exact_mw,cb12ae119b9b2ba18d0216e7235b403229e92fd0743ede48fe7f1a2c6f45d594,"{""distance"":5,""physical_error_rate"":0.0005}","{""detection_events"":107,""detectors_checked"":61152}"
      2048,         0,         0,   0.031,exact_mw,cdc4a450a40af8e24899239080e4c40992fb5baf91c5a31ab3a165eacb3a1ab3,"{""distance"":5,""physical_error_rate"":0.0002}","{""detection_events"":417,""detectors_checked"":458752}"
      2048,         0,         0,   0.030,exact_mw,70a969f5042aec17ac076c6379f4170fb7c69b8e925756ef3b7334e28a33338b,"{""distance"":5,""physical_error_rate"":0.0001}","{""detection_events"":178,""detectors_checked"":458752}"
     47104,         0,         0,   0.378,exact_mw,cdc4a450a40af8e24899239080e4c40992fb5baf91c5a31ab3a165eacb3a1ab3,"{""distance"":5,""physical_error_rate"":0.0002}","{""detection_events"":9176,""detectors_checked"":10551296}"
      1297,         0,         0,   0.030,exact_mw,cb12ae119b9b2ba18d0216e7235b403229e92fd0743ede48fe7f1a2c6f45d594,"{""distance"":5,""physical_error_rate"":0.0005}","{""detection_events"":619,""detectors_checked"":290528}"
      1024,         0,         0,   0.003,exact_mw,cb12ae119b9b2ba18d0216e7235b403229e92fd0743ede48fe7f1a2c6f45d594,"{""distance"":5,""physical_error_rate"":0.0005}","{""detection_events"":422,""detectors_checked"":229376}"
     32768,         0,         0,   0.392,exact_mw,70a969f5042aec17ac076c6379f4170fb7c69b8e925756ef3b7334e28a33338b,"{""distance"":5,""physical_error_rate"":0.0001}","{""detection_events"":3217,""detectors_checked"":7340032}"
      1024,         0,         0,   0.032,exact_mw,cb12ae119b9b2ba18d0216e7235b403229e92fd0743ede48fe7f1a2c6f45d594,"{""distance"":5,""physical_error_rate"":0.0005}","{""detection_events"":446,""detectors_checked"":229376}"
      7168,         0,         0,   0.095,exact_mw,cdc4a450a40af8e24899239080e4c40992fb5baf91c5a31ab3a165eacb3a1ab3,"{""distance"":5,""physical_error_rate"":0.0002}","{""detection_events"":1513,""detectors_checked"":1605632}"
      3072,         0,         0,   0.051,exact_mw,cdc4a450a40af8e24899239080e4c40992fb5baf91c5a31ab3a165eacb3a1ab3,"{""distance"":5,""physical_error_rate"":0.0002}","{""detection_events"":657,""detectors_checked"":688128}"
      3072,         0,         0,   0.063,exact_mw,cb12ae119b9b2ba18d0216e7235b403229e92fd0743ede48fe7f1a2c6f45d594,"{""distance"":5,""physical_error_rate"":0.0005}","{""detection_events"":1560,""detectors_checked"":688128}"
      1024,         0,         0,   0.004,exact_mw,cb12ae119b9b2ba18d0216e7235b403229e92fd0743ede48fe7f1a2c6f45d594,"{""distance"":5,""physical_error_rate"":0.0005}","{""detection_events"":506,""detectors_checked"":229376}"
      2048,         0,         0,   0.051,exact_mw,70a969f5042aec17ac076c6379f4170fb7c69b8e925756ef3b7334e28a33338b,"{""distance"":5,""physical_error_rate"":0.0001}","{""detection_events"":217,""detectors_checked"":458752}"
     25600,         0,         0,   0.418,exact_mw,cb12ae119b9b2ba18d0216e7235b403229e92fd0743ede48fe7f1a2c6f45d594,"{""distance"":5,""physical_error_rate"":0.0005}","{""detection_events"":12583,""detectors_checked"":5734400}"
         1,         0,         0,   0.000,exact_mw,70a969f5042aec17ac076c6379f4170fb7c69b8e925756ef3b7334e28a33338b,"{""distance"":5,""physical_error_rate"":0.0001}","{""detectors_checked"":224}"
      2048,         0,         0,   0.021,exact_mw,cb12ae119b9b2ba18d0216e7235b403229e92fd0743ede48fe7f1a2c6f45d594,"{""distance"":5,""physical_error_rate"":0.0005}","{""detection_events"":1029,""detectors_checked"":458752}"
      2048,         0,         0,   0.011,exact_mw,cb12ae119b9b2ba18d0216e7235b403229e92fd0743ede48fe7f1a2c6f45d594,"{""distance"":5,""physical_error_rate"":0.0005}","{""detection_events"":1033,""detectors_checked"":458752}"
      2048,         0,         0,   0.012,exact_mw,cb12ae119b9b2ba18d0216e7235b403229e92fd0743ede48fe7f1a2c6f45d594,"{""distance"":5,""physical_error_rate"":0.0005}","{""detection_events"":936,""detectors_checked"":458752}"
      2048,         0,         0,   0.036,exact_mw,cb12ae119b9b2ba18d0216e7235b403229e92fd0743ede48fe7f1a2c6f45d594,"{""distance"":5,""physical_error_rate"":0.0005}","{""detection_events"":957,""detectors_checked"":458752}"
      3344,         0,         0,   0.034,exact_mw,70a969f5042aec17ac076c6379f4170fb7c69b8e925756ef3b7334e28a33338b,"{""distance"":5,""physical_error_rate"":0.0001}","{""detection_events"":346,""detectors_checked"":749056}"
      3072,         0,         0,   0.046,exact_mw,cdc4a450a40af8e24899239080e4c40992fb5baf91c5a31ab3a165eacb3a1ab3,"{""distance"":5,""physical_error_rate"":0.0002}","{""detection_events"":593,""detectors_checked"":688128}"
     50176,         0,         0,   0.586,exact_mw,cdc4a450a40af8e24899239080e4c40992fb5baf91c5a31ab3a165eacb3a1ab3,"{""distance"":5,""physical_error_rate"":0.0002}","{""detection_events"":9927,""detectors_checked"":11239424}"
     12288,         0,         0,   0.211,exact_mw,70a969f5042aec17ac076c6379f4170fb7c69b8e925756ef3b7334e28a33338b,"{""distance"":5,""physical_error_rate"":0.0001}","{""detection_events"":1211,""detectors_checked"":2752512}"
      3072,         0,         0,   0.046,exact_mw,70a969f5042aec17ac076c6379f4170fb7c69b8e925756ef3b7334e28a33338b,"{""distance"":5,""physical_error_rate"":0.0001}","{""detection_events"":332,""detectors_checked"":688128}"
      1024,         0,         0,   0.027,exact_mw,70a969f5042aec17ac076c6379f4170fb7c69b8e925756ef3b7334e28a33338b,"{""distance"":5,""physical_error_rate"":0.0001}","{""detection_events"":102,""detectors_checked"":229376}"
      2048,         0,         0,   0.054,exact_mw,cb12ae119b9b2ba18d0216e7235b403229e92fd0743ede48fe7f1a2c6f45d594,"{""distance"":5,""physical_error_rate"":0.0005}","{""detection_events"":1044,""detectors_checked"":458752}"
     49152,         0,         0,   0.404,exact_mw,70a969f5042aec17ac076c6379f4170fb7c69b8e925756ef3b7334e28a33338b,"{""distance"":5,""physical_error_rate"":0.0001}","{""detection_events"":4627,""detectors_checked"":11010048}"
      2048,         0,         0,   0.056,exact_mw,cb12ae119b9b2ba18d0216e7235b403229e92fd0743ede48fe7f1a2c6f45d594,"{""distance"":5,""physical_error_rate"":0.0005}","{""detection_events"":1092,""detectors_checked"":458752}"
      2048,         0,         0,   0.030,exact_mw,70a969f5042aec17ac076c6379f4170fb7c69b8e925756ef3b7334e28a33338b,"{""distance"":5,""physical_error_rate"":0.0001}","{""detection_events"":229,""detectors_checked"":458752}"
      4096,         0,         0,   0.094,exact_mw,cb12ae119b9b2ba18d0216e7235b403229e92fd0743ede48fe7f1a2c6f45d594,"{""distance"":5,""physical_error_rate"":0.0005}","{""detection_events"":2055,""detectors_checked"":917504}"
      3072,         0,         0,   0.059,exact_mw,70a969f5042aec17ac076c6379f4170fb7c69b8e925756ef3b7334e28a33338b,"{""distance"":5,""physical_error_rate"":0.0001}","{""detection_events"":314,""detectors_checked"":688128}"
      4096,         0,         0,   0.084,exact_mw,cdc4a450a40af8e24899239080e4c40992fb5baf91c5a31ab3a165eacb3a1ab3,"{""distance"":5,""physical_error_rate"":0.0002}","{""detection_events"":775,""detectors_checked"":917504}"
      2048,         0,         0,   0.056,exact_mw,cb12ae119b9b2ba18d0216e7235b403229e92fd0743ede48fe7f1a2c6f45d594,"{""distance"":5,""physical_error_rate"":0.0005}","{""detection_events"":995,""detectors_checked"":458752}"
     72704,         0,         0,   0.419,exact_mw,cdc4a450a40af8e24899239080e4c40992fb5baf91c5a31ab3a165eacb3a1ab3,"{""distance"":5,""physical_error_rate"":0.0002}","{""detection_events"":14080,""detectors_checked"":16285696}"
      7168,         0,         0,   0.150,exact_mw,cdc4a450a40af8e24899239080e4c40992fb5baf91c5a31ab3a165eacb3a1ab3,"{""distance"":5,""physical_error_rate"":0.0002}","{""detection_events"":1536,""detectors_checked"":1605632}"
      2048,         0,         0,   0.054,exact_mw,70a969f5042aec17ac076c6379f4170fb7c69b8e925756ef3b7334e28a33338b,"{""distance"":5,""physical_error_rate"":0.0001}","{""detection_events"":238,""detectors_checked"":458752}"
      2048,         0,         0,   0.059,exact_mw,cb12ae119b9b2ba18d0216e7235b403229e92fd0743ede48fe7f1a2c6f45d594,"{""distance"":5,""physical_error_rate"":0.0005}","{""detection_events"":1114,""detectors_checked"":458752}"
     51200,         0,         0,   0.562,exact_mw,cb12ae119b9b2ba18d0216e7235b403229e92fd0743ede48fe7f1a2c6f45d594,"{""distance"":5,""physical_error_rate"":0.0005}","{""detection_events"":24855,""detectors_checked"":11468800}"
      4096,         0,         0,   0.084,exact_mw,70a969f5042aec17ac076c6379f4170fb7c69b8e925756ef3b7334e28a33338b,"{""distance"":5,""physical_error_rate"":0.0001}","{""detection_events"":395,""detectors_checked"":917504}"
     20480,         0,         0,   0.300,exact_mw,70a969f5042aec17ac076c6379f4170fb7c69b8e925756ef3b7334e28a33338b,"{""distance"":5,""physical_error_rate"":0.0001}","{""detection_events"":2031,""detectors_checked"":4587520}"
      3072,         0,         0,   0.057,exact_mw,70a969f5042aec17ac076c6379f4170fb7c69b8e925756ef3b7334e28a33338b,"{""distance"":5,""physical_error_rate"":0.0001}","{""detection_events"":303,""detectors_checked"":688128}"
      2048,         0,         0,   0.081,exact_mw,cb12ae119b9b2ba18d0216e7235b403229e92fd0743ede48fe7f1a2c6f45d594,"{""distance"":5,""physical_error_rate"":0.0005}","{""detection_events"":989,""detectors_checked"":458752}"
      4096,         0,         0,   0.111,exact_mw,cb12ae119b9b2ba18d0216e7235b403229e92fd0743ede48fe7f1a2c6f45d594,"{""distance"":5,""physical_error_rate"":0.0005}","{""detection_events"":1992,""detectors_checked"":917504}"
       273,         0,         0,   0.025,exact_mw,cb12ae119b9b2ba18d0216e7235b403229e92fd0743ede48fe7f1a2c6f45d594,"{""distance"":5,""physical_error_rate"":0.0005}","{""detection_events"":149,""detectors_checked"":61152}"
      5120,         0,         0,   0.111,exact_mw,cdc4a450a40af8e24899239080e4c40992fb5baf91c5a31ab3a165eacb3a1ab3,"{""distance"":5,""physical_error_rate"":0.0002}","{""detection_events"":918,""detectors_checked"":1146880}"
      3072,         0,         0,   0.085,exact_mw,cb12ae119b9b2ba18d0216e7235b403229e92fd0743ede48fe7f1a2c6f45d594,"{""distance"":5,""physical_error_rate"":0.0005}","{""detection_events"":1587,""detectors_checked"":688128}"
     93184,         0,         0,   0.805,exact_mw,cdc4a450a40af8e24899239080e4c40992fb5baf91c5a31ab3a165eacb3a1ab3,"{""distance"":5,""physical_error_rate"":0.0002}","{""detection_events"":18082,""detectors_checked"":20873216}"
      1024,         0,         0,   0.027,exact_mw,cb12ae119b9b2ba18d0216e7235b403229e92fd0743ede48fe7f1a2c6f45d594,"{""distance"":5,""physical_error_rate"":0.0005}","{""detection_events"":566,""detectors_checked"":229376}"
       273,         0,         0,   0.025,exact_mw,cdc4a450a40af8e24899239080e4c40992fb5baf91c5a31ab3a165eacb3a1ab3,"{""distance"":5,""physical_error_rate"":0.0002}","{""detection_events"":35,""detectors_checked"":61152}"
      2048,         0,         0,   0.031,exact_mw,cb12ae119b9b2ba18d0216e7235b403229e92fd0743ede48fe7f1a2c6f45d594,"{""distance"":5,""physical_error_rate"":0.0005}","{""detection_events"":963,""detectors_checked"":458752}"
      4096,         0,         0,   0.084,exact_mw,70a969f5042aec17ac076c6379f4170fb7c69b8e925756ef3b7334e28a33338b,"{""distance"":5,""physical_error_rate"":0.0001}","{""detection_events"":448,""detectors_checked"":917504}"
      2048,         0,         0,   0.031,exact_mw,cdc4a450a40af8e24899239080e4c40992fb5baf91c5a31ab3a165eacb3a1ab3,"{""distance"":5,""physical_error_rate"":0.0002}","{""detection_events"":388,""detectors_checked"":458752}"
      5120,         0,         0,   0.111,exact_mw,70a969f5042aec17ac076c6379f4170fb7c69b8e925756ef3b7334e28a33338b,"{""distance"":5,""physical_error_rate"":0.0001}","{""detection_events"":493,""detectors_checked"":1146880}"
     20480,         0,         0,   0.430,exact_mw,cdc4a450a40af8e24899239080e4c40992fb5baf91c5a31ab3a165eacb3a1ab3,"{""distance"":5,""physical_error_rate"":0.0002}","{""detection_events"":3990,""detectors_checked"":4587520}"
      1024,         0,         0,   0.027,exact_mw,cdc4a450a40af8e24899239080e4c40992fb5baf91c5a31ab3a165eacb3a1ab3,"{""distance"":5,""physical_error_rate"":0.0002}","{""detection_events"":203,""detectors_checked"":229376}"
      4096,         0,         0,   0.113,exact_mw,cb12ae119b9b2ba18d0216e7235b403229e92fd0743ede48fe7f1a2c6f45d594,"{""distance"":5,""physical_error_rate"":0.0005}","{""detection_events"":1981,""detectors_checked"":917504}"
      1024,         0,         0,   0.004,exact_mw,cb12ae119b9b2ba18d0216e7235b403229e92fd0743ede48fe7f1a2c6f45d594,"{""distance"":5,""physical_error_rate"":0.0005}","{""detection_events"":571,""detectors_checked"":229376}"
       273,         0,         0,   0.025,exact_mw,70a969f5042aec17ac076c6379f4170fb7c69b8e925756ef3b7334e28a33338b,"{""distance"":5,""physical_error_rate"":0.0001}","{""detection_events"":26,""detectors_checked"":61152}"
      4096,         0,         0,   0.111,exact_mw,cb12ae119b9b2ba18d0216e7235b403229e92fd0743ede48fe7f1a2c6f45d594,"{""distance"":5,""physical_error_rate"":0.0005}","{""detection_events"":2069,""detectors_checked"":917504}"
      1024,         0,         0,   0.031,exact_mw,cdc4a450a40af8e24899239080e4c40992fb5baf91c5a31ab3a165eacb3a1ab3,"{""distance"":5,""physical_error_rate"":0.0002}","{""detection_events"":207,""detectors_checked"":229376}"
     15360,         0,         0,   0.307,exact_mw,70a969f5042aec17ac076c6379f4170fb7c69b8e925756ef3b7334e28a33338b,"{""distance"":5,""physical_error_rate"":0.0001}","{""detection_events"":1426,""detectors_checked"":3440640}"
      2048,         0,         0,   0.031,exact_mw,cb12ae119b9b2ba18d0216e7235b403229e92fd0743ede48fe7f1a2c6f45d594,"{""distance"":5,""physical_error_rate"":0.0005}","{""detection_events"":1031,""detectors_checked"":458752}"
     10240,         0,         0,   0.222,exact_mw,cdc4a450a40af8e24899239080e4c40992fb5baf91c5a31ab3a165eacb3a1ab3,"{""distance"":5,""physical_error_rate"":0.0002}","{""detection_events"":1958,""detectors_checked"":2293760}"
      2048,         0,         0,   0.030,exact_mw,70a969f5042aec17ac076c6379f4170fb7c69b8e925756ef3b7334e28a33338b,"{""distance"":5,""physical_error_rate"":0.0001}","{""detection_events"":177,""detectors_checked"":458752}"
      7168,         0,         0,   0.153,exact_mw,cdc4a450a40af8e24899239080e4c40992fb5baf91c5a31ab3a165eacb3a1ab3,"{""distance"":5,""physical_error_rate"":0.0002}","{""detection_events"":1432,""detectors_checked"":1605632}"
      6144,         0,         0,   0.184,exact_mw,cb12ae119b9b2ba18d0216e7235b403229e92fd0743ede48fe7f1a2c6f45d594,"{""distance"":5,""physical_error_rate"":0.0005}","{""detection_events"":2977,""detectors_checked"":1376256}"
      1024,         0,         0,   0.027,exact_mw,70a969f5042aec17ac076c6379f4170fb7c69b8e925756ef3b7334e28a33338b,"{""distance"":5,""physical_error_rate"":0.0001}","{""detection_events"":127,""detectors_checked"":229376}"
     49152,         0,         0,   0.567,exact_mw,cb12ae119b9b2ba18d0216e7235b403229e92fd0743ede48fe7f1a2c6f45d594,"{""distance"":5,""physical_error_rate"":0.0005}","{""detection_events"":24772,""detectors_checked"":11010048}"
      2048,         0,         0,   0.054,exact_mw,cdc4a450a40af8e24899239080e4c40992fb5baf91c5a31ab3a165eacb3a1ab3,"{""distance"":5,""physical_error_rate"":0.0002}","{""detection_events"":467,""detectors_checked"":458752}"
      1024,         0,         0,   0.054,exact_mw,cb12ae119b9b2ba18d0216e7235b403229e92fd0743ede48fe7f1a2c6f45d594,"{""distance"":5,""physical_error_rate"":0.0005}","{""detection_events"":542,""detectors_checked"":229376}"
      2321,         0,         0,   0.032,exact_mw,cdc4a450a40af8e24899239080e4c40992fb5baf91c5a31ab3a165eacb3a1ab3,"{""distance"":5,""physical_error_rate"":0.0002}","{""detection_events"":374,""detectors_checked"":519904}"
     39936,         0,         0,   0.806,exact_mw,70a969f5042aec17ac076c6379f4170fb7c69b8e925756ef3b7334e28a33338b,"{""distance"":5,""physical_error_rate"":0.0001}","{""detection_events"":4039,""detectors_checked"":8945664}"
      5120,         0,         0,   0.138,exact_mw,70a969f5042aec17ac076c6379f4170fb7c69b8e925756ef3b7334e28a33338b,"{""distance"":5,""physical_error_rate"":0.0001}","{""detection_events"":467,""detectors_checked"":1146880}"
      2048,         0,         0,   0.030,exact_mw,70a969f5042aec17ac076c6379f4170fb7c69b8e925756ef3b7334e28a33338b,"{""distance"":5,""physical_error_rate"":0.0001}","{""detection_events"":209,""detectors_checked"":458752}"
      1024,         0,         0,   0.028,exact_mw,cdc4a450a40af8e24899239080e4c40992fb5baf91c5a31ab3a165eacb3a1ab3,"{""distance"":5,""physical_error_rate"":0.0002}","{""detection_events"":204,""detectors_checked"":229376}"
      3072,         0,         0,   0.057,exact_mw,cdc4a450a40af8e24899239080e4c40992fb5baf91c5a31ab3a165eacb3a1ab3,"{""distance"":5,""physical_error_rate"":0.0002}","{""detection_events"":591,""detectors_checked"":688128}"
      8192,         0,         0,   0.167,exact_mw,70a969f5042aec17ac076c6379f4170fb7c69b8e925756ef3b7334e28a33338b,"{""distance"":5,""physical_error_rate"":0.0001}","{""detection_events"":789,""detectors_checked"":1835008}"
      2048,         0,         0,   0.032,exact_mw,cdc4a450a40af8e24899239080e4c40992fb5baf91c5a31ab3a165eacb3a1ab3,"{""distance"":5,""physical_error_rate"":0.0002}","{""detection_events"":381,""detectors_checked"":458752}"
      2048,         0,         0,   0.054,exact_mw,70a969f5042aec17ac076c6379f4170fb7c69b8e925756ef3b7334e28a33338b,"{""distance"":5,""physical_error_rate"":0.0001}","{""detection_events"":179,""detectors_checked"":458752}"
      6144,         0,         0,   0.164,exact_mw,cb12ae119b9b2ba18d0216e7235b403229e92fd0743ede48fe7f1a2c6f45d594,"{""distance"":5,""physical_error_rate"":0.0005}","{""detection_events"":2975,""detectors_checked"":1376256}"
     37888,         0,         0,   0.586,exact_mw,cb12ae119b9b2ba18d0216e7235b403229e92fd0743ede48fe7f1a2c6f45d594,"{""distance"":5,""physical_error_rate"":0.0005}","{""detection_events"":18809,""detectors_checked"":8486912}"
      3072,         0,         0,   0.084,exact_mw,cb12ae119b9b2ba18d0216e7235b403229e92fd0743ede48fe7f1a2c6f45d594,"{""distance"":5,""physical_error_rate"":0.0005}","{""detection_events"":1486,""detectors_checked"":688128}"
      1024,         0,         0,   0.028,exact_mw,cdc4a450a40af8e24899239080e4c40992fb5baf91c5a31ab3a165eacb3a1ab3,"{""distance"":5,""physical_error_rate"":0.0002}","{""detection_events"":199,""detectors_checked"":229376}"
      6144,         0,         0,   0.169,exact_mw,cb12ae119b9b2ba18d0216e7235b403229e92fd0743ede48fe7f1a2c6f45d594,"{""distance"":5,""physical_error_rate"":0.0005}","{""detection_events"":3207,""detectors_checked"":1376256}"
     63488,         0,         0,   0.562,exact_mw,cdc4a450a40af8e24899239080e4c40992fb5baf91c5a31ab3a165eacb3a1ab3,"{""distance"":5,""physical_error_rate"":0.0002}","{""detection_events"":12503,""detectors_checked"":14221312}"
     23552,         0,         0,   0.561,exact_mw,70a969f5042aec17ac076c6379f4170fb7c69b8e925756ef3b7334e28a33338b,"{""distance"":5,""physical_error_rate"":0.0001}","{""detection_events"":2256,""detectors_checked"":5275648}"
      3072,         0,         0,   0.055,exact_mw,70a969f5042aec17ac076c6379f4170fb7c69b8e925756ef3b7334e28a33338b,"{""distance"":5,""physical_error_rate"":0.0001}","{""detection_events"":304,""detectors_checked"":688128}"
      4096,         0,         0,   0.084,exact_mw,cdc4a450a40af8e24899239080e4c40992fb5baf91c5a31ab3a165eacb3a1ab3,"{""distance"":5,""physical_error_rate"":0.0002}","{""detection_events"":740,""detectors_checked"":917504}"
      4096,         0,         0,   0.062,exact_mw,cdc4a450a40af8e24899239080e4c40992fb5baf91c5a31ab3a165eacb3a1ab3,"{""distance"":5,""physical_error_rate"":0.0002}","{""detection_events"":768,""detectors_checked"":917504}"
   1276928,         0,         0,    16.0,exact_mw,70a969f5042aec17ac076c6379f4170fb7c69b8e925756ef3b7334e28a33338b,"{""distance"":5,""physical_error_rate"":0.0001}","{""detection_events"":126193,""detectors_checked"":286031872}"
     37888,         0,         0,   0.583,exact_mw,cb12ae119b9b2ba18d0216e7235b403229e92fd0743ede48fe7f1a2c6f45d594,"{""distance"":5,""physical_error_rate"":0.0005}","{""detection_events"":19168,""detectors_checked"":8486912}"
      6144,         0,         0,   0.177,exact_mw,70a969f5042aec17ac076c6379f4170fb7c69b8e925756ef3b7334e28a33338b,"{""distance"":5,""physical_error_rate"":0.0001}","{""detection_events"":644,""detectors_checked"":1376256}"
      7168,         0,         0,   0.220,exact_mw,cdc4a450a40af8e24899239080e4c40992fb5baf91c5a31ab3a165eacb3a1ab3,"{""distance"":5,""physical_error_rate"":0.0002}","{""detection_events"":1435,""detectors_checked"":1605632}"
      5120,         0,         0,   0.117,exact_mw,cb12ae119b9b2ba18d0216e7235b403229e92fd0743ede48fe7f1a2c6f45d594,"{""distance"":5,""physical_error_rate"":0.0005}","{""detection_events"":2511,""detectors_checked"":1146880}"
      3072,         0,         0,   0.055,exact_mw,cdc4a450a40af8e24899239080e4c40992fb5baf91c5a31ab3a165eacb3a1ab3,"{""distance"":5,""physical_error_rate"":0.0002}","{""detection_events"":625,""detectors_checked"":688128}"
      6144,         0,         0,   0.220,exact_mw,cb12ae119b9b2ba18d0216e7235b403229e92fd0743ede48fe7f1a2c6f45d594,"{""distance"":5,""physical_error_rate"":0.0005}","{""detection_events"":3083,""detectors_checked"":1376256}"
     38912,         0,         0,   0.807,exact_mw,cdc4a450a40af8e24899239080e4c40992fb5baf91c5a31ab3a165eacb3a1ab3,"{""distance"":5,""physical_error_rate"":0.0002}","{""detection_events"":7540,""detectors_checked"":8716288}"
     29696,         0,         0,   0.405,exact_mw,70a969f5042aec17ac076c6379f4170fb7c69b8e925756ef3b7334e28a33338b,"{""distance"":5,""physical_error_rate"":0.0001}","{""detection_events"":2913,""detectors_checked"":6651904}"
      5120,         0,         0,   0.089,exact_mw,70a969f5042aec17ac076c6379f4170fb7c69b8e925756ef3b7334e28a33338b,"{""distance"":5,""physical_error_rate"":0.0001}","{""detection_events"":497,""detectors_checked"":1146880}"
     69632,         0,         0,   0.566,exact_mw,70a969f5042aec17ac076c6379f4170fb7c69b8e925756ef3b7334e28a33338b,"{""distance"":5,""physical_error_rate"":0.0001}","{""detection_events"":7055,""detectors_checked"":15597568}"
      5120,         0,         0,   0.110,exact_mw,cdc4a450a40af8e24899239080e4c40992fb5baf91c5a31ab3a165eacb3a1ab3,"{""distance"":5,""physical_error_rate"":0.0002}","{""detection_events"":971,""detectors_checked"":1146880}"
     10240,         0,         0,   0.308,exact_mw,cdc4a450a40af8e24899239080e4c40992fb5baf91c5a31ab3a165eacb3a1ab3,"{""distance"":5,""physical_error_rate"":0.0002}","{""detection_events"":2068,""detectors_checked"":2293760}"
     11264,         0,         0,   0.223,exact_mw,70a969f5042aec17ac076c6379f4170fb7c69b8e925756ef3b7334e28a33338b,"{""distance"":5,""physical_error_rate"":0.0001}","{""detection_events"":1104,""detectors_checked"":2523136}"
      8192,         0,         0,   0.219,exact_mw,cb12ae119b9b2ba18d0216e7235b403229e92fd0743ede48fe7f1a2c6f45d594,"{""distance"":5,""physical_error_rate"":0.0005}","{""detection_events"":3917,""detectors_checked"":1835008}"
      5120,         0,         0,   0.090,exact_mw,cdc4a450a40af8e24899239080e4c40992fb5baf91c5a31ab3a165eacb3a1ab3,"{""distance"":5,""physical_error_rate"":0.0002}","{""detection_events"":1011,""detectors_checked"":1146880}"
     54272,         0,         0,   0.811,exact_mw,cb12ae119b9b2ba18d0216e7235b403229e92fd0743ede48fe7f1a2c6f45d594,"{""distance"":5,""physical_error_rate"":0.0005}","{""detection_events"":27095,""detectors_checked"":12156928}"
    104448,         0,         0,   0.561,exact_mw,cdc4a450a40af8e24899239080e4c40992fb5baf91c5a31ab3a165eacb3a1ab3,"{""distance"":5,""physical_error_rate"":0.0002}","{""detection_events"":20685,""detectors_checked"":23396352}"
      8192,         0,         0,   0.220,exact_mw,cb12ae119b9b2ba18d0216e7235b403229e92fd0743ede48fe7f1a2c6f45d594,"{""distance"":5,""physical_error_rate"":0.0005}","{""detection_events"":3959,""detectors_checked"":1835008}"
      7168,         0,         0,   0.120,exact_mw,70a969f5042aec17ac076c6379f4170fb7c69b8e925756ef3b7334e28a33338b,"{""distance"":5,""physical_error_rate"":0.0001}","{""detection_events"":653,""detectors_checked"":1605632}"
      6144,         0,         0,   0.152,exact_mw,cb12ae119b9b2ba18d0216e7235b403229e92fd0743ede48fe7f1a2c6f45d594,"{""distance"":5,""physical_error_rate"":0.0005}","{""detection_events"":2936,""detectors_checked"":1376256}"
     14336,         0,         0,   0.439,exact_mw,70a969f5042aec17ac076c6379f4170fb7c69b8e925756ef3b7334e28a33338b,"{""distance"":5,""physical_error_rate"":0.0001}","{""detection_events"":1314,""detectors_checked"":3211264}"
      7168,         0,         0,   0.165,exact_mw,cdc4a450a40af8e24899239080e4c40992fb5baf91c5a31ab3a165eacb3a1ab3,"{""distance"":5,""physical_error_rate"":0.0002}","{""detection_events"":1500,""detectors_checked"":1605632}"
      7168,         0,         0,   0.120,exact_mw,cdc4a450a40af8e24899239080e4c40992fb5baf91c5a31ab3a165eacb3a1ab3,"{""distance"":5,""physical_error_rate"":0.0002}","{""detection_events"":1399,""detectors_checked"":1605632}"
     72704,         0,         0,   0.807,exact_mw,cdc4a450a40af8e24899239080e4c40992fb5baf91c5a31ab3a165eacb3a1ab3,"{""distance"":5,""physical_error_rate"":0.0002}","{""detection_events"":14279,""detectors_checked"":16285696}"
      8192,         0,         0,   0.247,exact_mw,70a969f5042aec17ac076c6379f4170fb7c69b8e925756ef3b7334e28a33338b,"{""distance"":5,""physical_error_rate"":0.0001}","{""detection_events"":827,""detectors_checked"":1835008}"
     28672,         0,         0,   0.567,exact_mw,cdc4a450a40af8e24899239080e4c40992fb5baf91c5a31ab3a165eacb3a1ab3,"{""distance"":5,""physical_error_rate"":0.0002}","{""detection_events"":5595,""detectors_checked"":6422528}"
      9216,         0,         0,   0.299,exact_mw,cdc4a450a40af8e24899239080e4c40992fb5baf91c5a31ab3a165eacb3a1ab3,"{""distance"":5,""physical_error_rate"":0.0002}","{""detection_events"":1832,""detectors_checked"":2064384}"
      9216,         0,         0,   0.150,exact_mw,70a969f5042aec17ac076c6379f4170fb7c69b8e925756ef3b7334e28a33338b,"{""distance"":5,""physical_error_rate"":0.0001}","{""detection_events"":843,""detectors_checked"":2064384}"
      8192,         0,         0,   0.301,exact_mw,cb12ae119b9b2ba18d0216e7235b403229e92fd0743ede48fe7f1a2c6f45d594,"{""distance"":5,""physical_error_rate"":0.0005}","{""detection_events"":3948,""detectors_checked"":1835008}"
     70656,         0,         0,   0.794,exact_mw,cb12ae119b9b2ba18d0216e7235b403229e92fd0743ede48fe7f1a2c6f45d594,"{""distance"":5,""physical_error_rate"":0.0005}","{""detection_events"":34912,""detectors_checked"":15826944}"
      8192,         0,         0,   0.124,exact_mw,cdc4a450a40af8e24899239080e4c40992fb5baf91c5a31ab3a165eacb3a1ab3,"{""distance"":5,""physical_error_rate"":0.0002}","{""detection_events"":1602,""detectors_checked"":1835008}"
      9216,         0,         0,   0.208,exact_mw,cb12ae119b9b2ba18d0216e7235b403229e92fd0743ede48fe7f1a2c6f45d594,"{""distance"":5,""physical_error_rate"":0.0005}","{""detection_events"":4542,""detectors_checked"":2064384}"
     14336,         0,         0,   0.305,exact_mw,70a969f5042aec17ac076c6379f4170fb7c69b8e925756ef3b7334e28a33338b,"{""distance"":5,""physical_error_rate"":0.0001}","{""detection_events"":1386,""detectors_checked"":3211264}"
     11264,         0,         0,   0.281,exact_mw,cb12ae119b9b2ba18d0216e7235b403229e92fd0743ede48fe7f1a2c6f45d594,"{""distance"":5,""physical_error_rate"":0.0005}","{""detection_events"":5604,""detectors_checked"":2523136}"
     10240,         0,         0,   0.312,exact_mw,cb12ae119b9b2ba18d0216e7235b403229e92fd0743ede48fe7f1a2c6f45d594,"{""distance"":5,""physical_error_rate"":0.0005}","{""detection_events"":4908,""detectors_checked"":2293760}"
     11264,         0,         0,   0.225,exact_mw,cdc4a450a40af8e24899239080e4c40992fb5baf91c5a31ab3a165eacb3a1ab3,"{""distance"":5,""physical_error_rate"":0.0002}","{""detection_events"":2323,""detectors_checked"":2523136}"
       273,         0,         0,   0.025,exact_mw,70a969f5042aec17ac076c6379f4170fb7c69b8e925756ef3b7334e28a33338b,"{""distance"":5,""physical_error_rate"":0.0001}","{""detection_events"":22,""detectors_checked"":61152}"
    190464,         0,         0,    1.53,exact_mw,70a969f5042aec17ac076c6379f4170fb7c69b8e925756ef3b7334e28a33338b,"{""distance"":5,""physical_error_rate"":0.0001}","{""detection_events"":18707,""detectors_checked"":42663936}"
     13312,         0,         0,   0.433,exact_mw,cdc4a450a40af8e24899239080e4c40992fb5baf91c5a31ab3a165eacb3a1ab3,"{""distance"":5,""physical_error_rate"":0.0002}","{""detection_events"":2722,""detectors_checked"":2981888}"
      2048,         0,         0,   0.031,exact_mw,70a969f5042aec17ac076c6379f4170fb7c69b8e925756ef3b7334e28a33338b,"{""distance"":5,""physical_error_rate"":0.0001}","{""detection_events"":248,""detectors_checked"":458752}"
      1024,         0,         0,   0.027,exact_mw,70a969f5042aec17ac076c6379f4170fb7c69b8e925756ef3b7334e28a33338b,"{""distance"":5,""physical_error_rate"":0.0001}","{""detection_events"":110,""detectors_checked"":229376}"
     23552,         0,         0,   0.254,exact_mw,70a969f5042aec17ac076c6379f4170fb7c69b8e925756ef3b7334e28a33338b,"{""distance"":5,""physical_error_rate"":0.0001}","{""detection_events"":2344,""detectors_checked"":5275648}"
     12288,         0,         0,   0.231,exact_mw,70a969f5042aec17ac076c6379f4170fb7c69b8e925756ef3b7334e28a33338b,"{""distance"":5,""physical_error_rate"":0.0001}","{""detection_events"":1196,""detectors_checked"":2752512}"
    688128,         0,         0,    16.3,exact_mw,cb12ae119b9b2ba18d0216e7235b403229e92fd0743ede48fe7f1a2c6f45d594,"{""distance"":5,""physical_error_rate"":0.0005}","{""detection_events"":339377,""detectors_checked"":154140672}"
      2048,         0,         0,   0.030,exact_mw,70a969f5042aec17ac076c6379f4170fb7c69b8e925756ef3b7334e28a33338b,"{""distance"":5,""physical_error_rate"":0.0001}","{""detection_events"":206,""detectors_checked"":458752}"
     69632,         0,         0,   0.792,exact_mw,cb12ae119b9b2ba18d0216e7235b403229e92fd0743ede48fe7f1a2c6f45d594,"{""distance"":5,""physical_error_rate"":0.0005}","{""detection_events"":34227,""detectors_checked"":15597568}"
     10240,         0,         0,   0.222,exact_mw,cdc4a450a40af8e24899239080e4c40992fb5baf91c5a31ab3a165eacb3a1ab3,"{""distance"":5,""physical_error_rate"":0.0002}","{""detection_events"":2090,""detectors_checked"":2293760}"
     37888,         0,         0,   0.574,exact_mw,70a969f5042aec17ac076c6379f4170fb7c69b8e925756ef3b7334e28a33338b,"{""distance"":5,""physical_error_rate"":0.0001}","{""detection_events"":3792,""detectors_checked"":8486912}"
      2048,         0,         0,   0.054,exact_mw,70a969f5042aec17ac076c6379f4170fb7c69b8e925756ef3b7334e28a33338b,"{""distance"":5,""physical_error_rate"":0.0001}","{""detection_events"":190,""detectors_checked"":458752}"
      3072,         0,         0,   0.057,exact_mw,70a969f5042aec17ac076c6379f4170fb7c69b8e925756ef3b7334e28a33338b,"{""distance"":5,""physical_error_rate"":0.0001}","{""detection_events"":326,""detectors_checked"":688128}"
     12288,         0,         0,   0.315,exact_mw,cb12ae119b9b2ba18d0216e7235b403229e92fd0743ede48fe7f1a2c6f45d594,"{""distance"":5,""physical_error_rate"":0.0005}","{""detection_events"":6096,""detectors_checked"":2752512}"
     54272,         0,         0,   0.806,exact_mw,cb12ae119b9b2ba18d0216e7235b403229e92fd0743ede48fe7f1a2c6f45d594,"{""distance"":5,""physical_error_rate"":0.0005}","{""detection_events"":26471,""detectors_checked"":12156928}"
     15360,         0,         0,   0.406,exact_mw,cdc4a450a40af8e24899239080e4c40992fb5baf91c5a31ab3a165eacb3a1ab3,"{""distance"":5,""physical_error_rate"":0.0002}","{""detection_events"":3107,""detectors_checked"":3440640}"
     93184,         0,         0,   0.798,exact_mw,cdc4a450a40af8e24899239080e4c40992fb5baf91c5a31ab3a165eacb3a1ab3,"{""distance"":5,""physical_error_rate"":0.0002}","{""detection_events"":18511,""detectors_checked"":20873216}"
     50176,         0,         0,   0.404,exact_mw,cb12ae119b9b2ba18d0216e7235b403229e92fd0743ede48fe7f1a2c6f45d594,"{""distance"":5,""physical_error_rate"":0.0005}","{""detection_events"":24658,""detectors_checked"":11239424}"
     13312,         0,         0,   0.306,exact_mw,cdc4a450a40af8e24899239080e4c40992fb5baf91c5a31ab3a165eacb3a1ab3,"{""distance"":5,""physical_error_rate"":0.0002}","{""detection_events"":2664,""detectors_checked"":2981888}"
     28672,         0,         0,   0.822,exact_mw,70a969f5042aec17ac076c6379f4170fb7c69b8e925756ef3b7334e28a33338b,"{""distance"":5,""physical_error_rate"":0.0001}","{""detection_events"":2646,""detectors_checked"":6422528}"
      3072,         0,         0,   0.081,exact_mw,70a969f5042aec17ac076c6379f4170fb7c69b8e925756ef3b7334e28a33338b,"{""distance"":5,""physical_error_rate"":0.0001}","{""detection_events"":282,""detectors_checked"":688128}"
     22528,         0,         0,   0.575,exact_mw,70a969f5042aec17ac076c6379f4170fb7c69b8e925756ef3b7334e28a33338b,"{""distance"":5,""physical_error_rate"":0.0001}","{""detection_events"":2096,""detectors_checked"":5046272}"
    132096,         0,         0,    1.13,exact_mw,cdc4a450a40af8e24899239080e4c40992fb5baf91c5a31ab3a165eacb3a1ab3,"{""distance"":5,""physical_error_rate"":0.0002}","{""detection_events"":26064,""detectors_checked"":29589504}"
     59392,         0,         0,   0.811,exact_mw,cb12ae119b9b2ba18d0216e7235b403229e92fd0743ede48fe7f1a2c6f45d594,"{""distance"":5,""physical_error_rate"":0.0005}","{""detection_events"":29379,""detectors_checked"":13303808}"
     19456,         0,         0,   0.404,exact_mw,70a969f5042aec17ac076c6379f4170fb7c69b8e925756ef3b7334e28a33338b,"{""distance"":5,""physical_error_rate"":0.0001}","{""detection_events"":1822,""detectors_checked"":4358144}"
         1,         0,         0,   0.000,exact_mw,cb12ae119b9b2ba18d0216e7235b403229e92fd0743ede48fe7f1a2c6f45d594,"{""distance"":5,""physical_error_rate"":0.0005}","{""detectors_checked"":224}"
     15360,         0,         0,   0.416,exact_mw,cb12ae119b9b2ba18d0216e7235b403229e92fd0743ede48fe7f1a2c6f45d594,"{""distance"":5,""physical_error_rate"":0.0005}","{""detection_events"":7487,""detectors_checked"":3440640}"
      1297,         0,         0,   0.029,exact_mw,cdc4a450a40af8e24899239080e4c40992fb5baf91c5a31ab3a165eacb3a1ab3,"{""distance"":5,""physical_error_rate"":0.0002}","{""detection_events"":269,""detectors_checked"":290528}"
      1024,         0,         0,   0.003,exact_mw,cdc4a450a40af8e24899239080e4c40992fb5baf91c5a31ab3a165eacb3a1ab3,"{""distance"":5,""physical_error_rate"":0.0002}","{""detection_events"":167,""detectors_checked"":229376}"
     15360,         0,         0,   0.308,exact_mw,70a969f5042aec17ac076c6379f4170fb7c69b8e925756ef3b7334e28a33338b,"{""distance"":5,""physical_error_rate"":0.0001}","{""detection_events"":1539,""detectors_checked"":3440640}"
     95232,         0,         0,   0.807,exact_mw,70a969f5042aec17ac076c6379f4170fb7c69b8e925756ef3b7334e28a33338b,"{""distance"":5,""physical_error_rate"":0.0001}","{""detection_events"":9266,""detectors_checked"":21331968}"
      1296,         0,         0,   0.032,exact_mw,cb12ae119b9b2ba18d0216e7235b403229e92fd0743ede48fe7f1a2c6f45d594,"{""distance"":5,""physical_error_rate"":0.0005}","{""detection_events"":649,""detectors_checked"":290304}"
     13312,         0,         0,   0.421,exact_mw,cb12ae119b9b2ba18d0216e7235b403229e92fd0743ede48fe7f1a2c6f45d594,"{""distance"":5,""physical_error_rate"":0.0005}","{""detection_events"":6645,""detectors_checked"":2981888}"
      6144,         0,         0,   0.114,exact_mw,70a969f5042aec17ac076c6379f4170fb7c69b8e925756ef3b7334e28a33338b,"{""distance"":5,""physical_error_rate"":0.0001}","{""detection_events"":548,""detectors_checked"":1376256}"
      3072,         0,         0,   0.040,exact_mw,cdc4a450a40af8e24899239080e4c40992fb5baf91c5a31ab3a165eacb3a1ab3,"{""distance"":5,""physical_error_rate"":0.0002}","{""detection_events"":580,""detectors_checked"":688128}"
      1024,         0,         0,   0.029,exact_mw,cb12ae119b9b2ba18d0216e7235b403229e92fd0743ede48fe7f1a2c6f45d594,"{""distance"":5,""physical_error_rate"":0.0005}","{""detection_events"":573,""detectors_checked"":229376}"
    275456,         0,         0,   0.790,exact_mw,cdc4a450a40af8e24899239080e4c40992fb5baf91c5a31ab3a165eacb3a1ab3,"{""distance"":5,""physical_error_rate"":0.0002}","{""detection_events"":53150,""detectors_checked"":61702144}"
     14336,         0,         0,   0.311,exact_mw,cdc4a450a40af8e24899239080e4c40992fb5baf91c5a31ab3a165eacb3a1ab3,"{""distance"":5,""physical_error_rate"":0.0002}","{""detection_events"":2772,""detectors_checked"":3211264}"
      2048,         0,         0,   0.031,exact_mw,cdc4a450a40af8e24899239080e4c40992fb5baf91c5a31ab3a165eacb3a1ab3,"{""distance"":5,""physical_error_rate"":0.0002}","{""detection_events"":455,""detectors_checked"":458752}"
      1024,         0,         0,   0.028,exact_mw,cb12ae119b9b2ba18d0216e7235b403229e92fd0743ede48fe7f1a2c6f45d594,"{""distance"":5,""physical_error_rate"":0.0005}","{""detection_events"":452,""detectors_checked"":229376}"
     52224,         0,         0,    1.09,exact_mw,70a969f5042aec17ac076c6379f4170fb7c69b8e925756ef3b7334e28a33338b,"{""distance"":5,""physical_error_rate"":0.0001}","{""detection_events"":5153,""detectors_checked"":11698176}"
     36864,         0,         0,   0.407,exact_mw,70a969f5042aec17ac076c6379f4170fb7c69b8e925756ef3b7334e28a33338b,"{""distance"":5,""physical_error_rate"":0.0001}","{""detection_events"":3557,""detectors_checked"":8257536}"
      3072,         0,         0,   0.059,exact_mw,cdc4a450a40af8e24899239080e4c40992fb5baf91c5a31ab3a165eacb3a1ab3,"{""distance"":5,""physical_error_rate"":0.0002}","{""detection_events"":633,""detectors_checked"":688128}"
      1024,         0,         0,   0.054,exact_mw,cb12ae119b9b2ba18d0216e7235b403229e92fd0743ede48fe7f1a2c6f45d594,"{""distance"":5,""physical_error_rate"":0.0005}","{""detection_events"":543,""detectors_checked"":229376}"
      8192,         0,         0,   0.149,exact_mw,70a969f5042aec17ac076c6379f4170fb7c69b8e925756ef3b7334e28a33338b,"{""distance"":5,""physical_error_rate"":0.0001}","{""detection_events"":901,""detectors_checked"":1835008}"
      3072,         0,         0,   0.059,exact_mw,cdc4a450a40af8e24899239080e4c40992fb5baf91c5a31ab3a165eacb3a1ab3,"{""distance"":5,""physical_error_rate"":0.0002}","{""detection_events"":624,""detectors_checked"":688128}"
      2048,         0,         0,   0.057,exact_mw,cb12ae119b9b2ba18d0216e7235b403229e92fd0743ede48fe7f1a2c6f45d594,"{""distance"":5,""physical_error_rate"":0.0005}","{""detection_events"":1083,""detectors_checked"":458752}"
     24576,         0,         0,   0.582,exact_mw,cdc4a450a40af8e24899239080e4c40992fb5baf91c5a31ab3a165eacb3a1ab3,"{""distance"":5,""physical_error_rate"":0.0002}","{""detection_events"":4774,""detectors_checked"":5505024}"
     39936,         0,         0,   0.798,exact_mw,cdc4a450a40af8e24899239080e4c40992fb5baf91c5a31ab3a165eacb3a1ab3,"{""distance"":5,""physical_error_rate"":0.0002}","{""detection_events"":8095,""detectors_checked"":8945664}"
      3072,         0,         0,   0.084,exact_mw,cb12ae119b9b2ba18d0216e7235b403229e92fd0743ede48fe7f1a2c6f45d594,"{""distance"":5,""physical_error_rate"":0.0005}","{""detection_events"":1466,""detectors_checked"":688128}"
      5120,         0,         0,   0.093,exact_mw,cdc4a450a40af8e24899239080e4c40992fb5baf91c5a31ab3a165eacb3a1ab3,"{""distance"":5,""physical_error_rate"":0.0002}","{""detection_events"":1050,""detectors_checked"":1146880}"
     13312,         0,         0,   0.444,exact_mw,cb12ae119b9b2ba18d0216e7235b403229e92fd0743ede48fe7f1a2c6f45d594,"{""distance"":5,""physical_error_rate"":0.0005}","{""detection_events"":6681,""detectors_checked"":2981888}"
     49152,         0,         0,    1.14,exact_mw,cdc4a450a40af8e24899239080e4c40992fb5baf91c5a31ab3a165eacb3a1ab3,"{""distance"":5,""physical_error_rate"":0.0002}","{""detection_events"":9661,""detectors_checked"":11010048}"
     22528,         0,         0,   0.412,exact_mw,cdc4a450a40af8e24899239080e4c40992fb5baf91c5a31ab3a165eacb3a1ab3,"{""distance"":5,""physical_error_rate"":0.0002}","{""detection_events"":4303,""detectors_checked"":5046272}"
     12288,         0,         0,   0.212,exact_mw,70a969f5042aec17ac076c6379f4170fb7c69b8e925756ef3b7334e28a33338b,"{""distance"":5,""physical_error_rate"":0.0001}","{""detection_events"":1281,""detectors_checked"":2752512}"
      7168,         0,         0,   0.120,exact_mw,cdc4a450a40af8e24899239080e4c40992fb5baf91c5a31ab3a165eacb3a1ab3,"{""distance"":5,""physical_error_rate"":0.0002}","{""detection_events"":1315,""detectors_checked"":1605632}"
     75776,         0,         0,    1.11,exact_mw,cb12ae119b9b2ba18d0216e7235b403229e92fd0743ede48fe7f1a2c6f45d594,"{""distance"":5,""physical_error_rate"":0.0005}","{""detection_events"":37600,""detectors_checked"":16973824}"
      3072,         0,         0,   0.138,exact_mw,cb12ae119b9b2ba18d0216e7235b403229e92fd0743ede48fe7f1a2c6f45d594,"{""distance"":5,""physical_error_rate"":0.0005}","{""detection_events"":1519,""detectors_checked"":688128}"
     19456,         0,         0,   0.419,exact_mw,70a969f5042aec17ac076c6379f4170fb7c69b8e925756ef3b7334e28a33338b,"{""distance"":5,""physical_error_rate"":0.0001}","{""detection_events"":1816,""detectors_checked"":4358144}"
     23552,         0,         0,   0.570,exact_mw,cdc4a450a40af8e24899239080e4c40992fb5baf91c5a31ab3a165eacb3a1ab3,"{""distance"":5,""physical_error_rate"":0.0002}","{""detection_events"":4647,""detectors_checked"":5275648}"
     67584,         0,         0,   0.545,exact_mw,cb12ae119b9b2ba18d0216e7235b403229e92fd0743ede48fe7f1a2c6f45d594,"{""distance"":5,""physical_error_rate"":0.0005}","{""detection_events"":33221,""detectors_checked"":15138816}"
     20480,         0,         0,   0.421,exact_mw,cdc4a450a40af8e24899239080e4c40992fb5baf91c5a31ab3a165eacb3a1ab3,"{""distance"":5,""physical_error_rate"":0.0002}","{""detection_events"":3997,""detectors_checked"":4587520}"
      1297,         0,         0,   0.028,exact_mw,70a969f5042aec17ac076c6379f4170fb7c69b8e925756ef3b7334e28a33338b,"{""distance"":5,""physical_error_rate"":0.0001}","{""detection_events"":85,""detectors_checked"":290528}"
     92160,         0,         0,    1.10,exact_mw,cdc4a450a40af8e24899239080e4c40992fb5baf91c5a31ab3a165eacb3a1ab3,"{""distance"":5,""physical_error_rate"":0.0002}","{""detection_events"":18336,""detectors_checked"":20643840}"
     31744,         0,         0,   0.574,exact_mw,70a969f5042aec17ac076c6379f4170fb7c69b8e925756ef3b7334e28a33338b,"{""distance"":5,""physical_error_rate"":0.0001}","{""detection_events"":3360,""detectors_checked"":7110656}"
      2048,         0,         0,   0.030,exact_mw,70a969f5042aec17ac076c6379f4170fb7c69b8e925756ef3b7334e28a33338b,"{""distance"":5,""physical_error_rate"":0.0001}","{""detection_events"":213,""detectors_checked"":458752}"
     21504,         0,         0,   0.536,exact_mw,cb12ae119b9b2ba18d0216e7235b403229e92fd0743ede48fe7f1a2c6f45d594,"{""distance"":5,""physical_error_rate"":0.0005}","{""detection_events"":10587,""detectors_checked"":4816896}"
      8192,         0,         0,   0.150,exact_mw,cdc4a450a40af8e24899239080e4c40992fb5baf91c5a31ab3a165eacb3a1ab3,"{""distance"":5,""physical_error_rate"":0.0002}","{""detection_events"":1518,""detectors_checked"":1835008}"
     46080,         0,         0,   0.758,exact_mw,70a969f5042aec17ac076c6379f4170fb7c69b8e925756ef3b7334e28a33338b,"{""distance"":5,""physical_error_rate"":0.0001}","{""detection_events"":4489,""detectors_checked"":10321920}"
      1024,         0,         0,   0.031,exact_mw,70a969f5042aec17ac076c6379f4170fb7c69b8e925756ef3b7334e28a33338b,"{""distance"":5,""physical_error_rate"":0.0001}","{""detection_events"":74,""detectors_checked"":229376}"
      6144,         0,         0,   0.168,exact_mw,cb12ae119b9b2ba18d0216e7235b403229e92fd0743ede48fe7f1a2c6f45d594,"{""distance"":5,""physical_error_rate"":0.0005}","{""detection_events"":2894,""detectors_checked"":1376256}"
      1024,         0,         0,   0.031,exact_mw,70a969f5042aec17ac076c6379f4170fb7c69b8e925756ef3b7334e28a33338b,"{""distance"":5,""physical_error_rate"":0.0001}","{""detection_events"":117,""detectors_checked"":229376}"
     19456,         0,         0,   0.595,exact_mw,cb12ae119b9b2ba18d0216e7235b403229e92fd0743ede48fe7f1a2c6f45d594,"{""distance"":5,""physical_error_rate"":0.0005}","{""detection_events"":9588,""detectors_checked"":4358144}"
    102400,         0,         0,    1.11,exact_mw,cb12ae119b9b2ba18d0216e7235b403229e92fd0743ede48fe7f1a2c6f45d594,"{""distance"":5,""physical_error_rate"":0.0005}","{""detection_events"":50386,""detectors_checked"":22937600}"
      3072,         0,         0,   0.065,exact_mw,70a969f5042aec17ac076c6379f4170fb7c69b8e925756ef3b7334e28a33338b,"{""distance"":5,""physical_error_rate"":0.0001}","{""detection_events"":203,""detectors_checked"":688128}"
     50176,         0,         0,   0.587,exact_mw,70a969f5042aec17ac076c6379f4170fb7c69b8e925756ef3b7334e28a33338b,"{""distance"":5,""physical_error_rate"":0.0001}","{""detection_events"":5010,""detectors_checked"":11239424}"
     17408,         0,         0,   0.277,exact_mw,70a969f5042aec17ac076c6379f4170fb7c69b8e925756ef3b7334e28a33338b,"{""distance"":5,""physical_error_rate"":0.0001}","{""detection_events"":1623,""detectors_checked"":3899392}"
     37888,         0,         0,   0.777,exact_mw,70a969f5042aec17ac076c6379f4170fb7c69b8e925756ef3b7334e28a33338b,"{""distance"":5,""physical_error_rate"":0.0001}","{""detection_events"":3579,""detectors_checked"":8486912}"
      2048,         0,         0,   0.062,exact_mw,70a969f5042aec17ac076c6379f4170fb7c69b8e925756ef3b7334e28a33338b,"{""distance"":5,""physical_error_rate"":0.0001}","{""detection_events"":189,""detectors_checked"":458752}"
     11264,         0,         0,   0.207,exact_mw,cdc4a450a40af8e24899239080e4c40992fb5baf91c5a31ab3a165eacb3a1ab3,"{""distance"":5,""physical_error_rate"":0.0002}","{""detection_events"":1953,""detectors_checked"":2523136}"
   4858847,         1,         0,    80.7,exact_mw,cdc4a450a40af8e24899239080e4c40992fb5baf91c5a31ab3a165eacb3a1ab3,"{""distance"":5,""physical_error_rate"":0.0002}","{""detection_events"":956891,""detectors_checked"":1088381728,""obs_mistake_mask=E"":1}"
   4441088,         0,         0,    26.0,exact_mw,cdc4a450a40af8e24899239080e4c40992fb5baf91c5a31ab3a165eacb3a1ab3,"{""distance"":5,""physical_error_rate"":0.0002}","{""detection_events"":873618,""detectors_checked"":994803712}"
   4682752,         0,         0,    81.6,exact_mw,cdc4a450a40af8e24899239080e4c40992fb5baf91c5a31ab3a165eacb3a1ab3,"{""distance"":5,""physical_error_rate"":0.0002}","{""detection_events"":923594,""detectors_checked"":1048936448}"
   4505600,         0,         0,    80.3,exact_mw,cdc4a450a40af8e24899239080e4c40992fb5baf91c5a31ab3a165eacb3a1ab3,"{""distance"":5,""physical_error_rate"":0.0002}","{""detection_events"":886090,""detectors_checked"":1009254400}"
   4759552,         0,         0,    69.2,exact_mw,cdc4a450a40af8e24899239080e4c40992fb5baf91c5a31ab3a165eacb3a1ab3,"{""distance"":5,""physical_error_rate"":0.0002}","{""detection_events"":940956,""detectors_checked"":1066139648}"
   4443136,         0,         0,    70.6,exact_mw,cdc4a450a40af8e24899239080e4c40992fb5baf91c5a31ab3a165eacb3a1ab3,"{""distance"":5,""physical_error_rate"":0.0002}","{""detection_events"":875832,""detectors_checked"":995262464}"
   4425728,         1,         0,    71.6,exact_mw,cdc4a450a40af8e24899239080e4c40992fb5baf91c5a31ab3a165eacb3a1ab3,"{""distance"":5,""physical_error_rate"":0.0002}","{""detection_events"":875062,""detectors_checked"":991363072,""obs_mistake_mask=E"":1}"
   4532224,         0,         0,    80.5,exact_mw,cdc4a450a40af8e24899239080e4c40992fb5baf91c5a31ab3a165eacb3a1ab3,"{""distance"":5,""physical_error_rate"":0.0002}","{""detection_events"":894600,""detectors_checked"":1015218176}"
   4360192,         0,         0,    26.3,exact_mw,cdc4a450a40af8e24899239080e4c40992fb5baf91c5a31ab3a165eacb3a1ab3,"{""distance"":5,""physical_error_rate"":0.0002}","{""detection_events"":859530,""detectors_checked"":976683008}"
   4398080,         0,         0,    70.7,exact_mw,cdc4a450a40af8e24899239080e4c40992fb5baf91c5a31ab3a165eacb3a1ab3,"{""distance"":5,""physical_error_rate"":0.0002}","{""detection_events"":867711,""detectors_checked"":985169920}"
      8192,         0,         0,   0.225,exact_mw,cb12ae119b9b2ba18d0216e7235b403229e92fd0743ede48fe7f1a2c6f45d594,"{""distance"":5,""physical_error_rate"":0.0005}","{""detection_events"":4032,""detectors_checked"":1835008}"
      4096,         0,         0,   0.096,exact_mw,70a969f5042aec17ac076c6379f4170fb7c69b8e925756ef3b7334e28a33338b,"{""distance"":5,""physical_error_rate"":0.0001}","{""detection_events"":364,""detectors_checked"":917504}"
     94208,         0,         0,    1.11,exact_mw,cb12ae119b9b2ba18d0216e7235b403229e92fd0743ede48fe7f1a2c6f45d594,"{""distance"":5,""physical_error_rate"":0.0005}","{""detection_events"":45644,""detectors_checked"":21102592}"
     18432,         0,         0,   0.590,exact_mw,cb12ae119b9b2ba18d0216e7235b403229e92fd0743ede48fe7f1a2c6f45d594,"{""distance"":5,""physical_error_rate"":0.0005}","{""detection_events"":9272,""detectors_checked"":4128768}"
     31744,         0,         0,   0.561,exact_mw,cdc4a450a40af8e24899239080e4c40992fb5baf91c5a31ab3a165eacb3a1ab3,"{""distance"":5,""physical_error_rate"":0.0002}","{""detection_events"":6032,""detectors_checked"":7110656}"
      6144,         0,         0,   0.129,exact_mw,70a969f5042aec17ac076c6379f4170fb7c69b8e925756ef3b7334e28a33338b,"{""distance"":5,""physical_error_rate"":0.0001}","{""detection_events"":609,""detectors_checked"":1376256}"
     74752,         0,         0,    1.09,exact_mw,cb12ae119b9b2ba18d0216e7235b403229e92fd0743ede48fe7f1a2c6f45d594,"{""distance"":5,""physical_error_rate"":0.0005}","{""detection_events"":37277,""detectors_checked"":16744448}"
    163840,         0,         0,    1.12,exact_mw,cdc4a450a40af8e24899239080e4c40992fb5baf91c5a31ab3a165eacb3a1ab3,"{""distance"":5,""physical_error_rate"":0.0002}","{""detection_events"":32275,""detectors_checked"":36700160}"
     28672,         0,         0,   0.564,exact_mw,70a969f5042aec17ac076c6379f4170fb7c69b8e925756ef3b7334e28a33338b,"{""distance"":5,""physical_error_rate"":0.0001}","{""detection_events"":2993,""detectors_checked"":6422528}"
     31744,         0,         0,   0.802,exact_mw,cdc4a450a40af8e24899239080e4c40992fb5baf91c5a31ab3a165eacb3a1ab3,"{""distance"":5,""physical_error_rate"":0.0002}","{""detection_events"":6165,""detectors_checked"":7110656}"
     47104,         0,         0,    1.12,exact_mw,70a969f5042aec17ac076c6379f4170fb7c69b8e925756ef3b7334e28a33338b,"{""distance"":5,""physical_error_rate"":0.0001}","{""detection_events"":4652,""detectors_checked"":10551296}"
     17408,         0,         0,   0.301,exact_mw,cdc4a450a40af8e24899239080e4c40992fb5baf91c5a31ab3a165eacb3a1ab3,"{""distance"":5,""physical_error_rate"":0.0002}","{""detection_events"":3321,""detectors_checked"":3899392}"
     71680,         0,         0,    1.11,exact_mw,cb12ae119b9b2ba18d0216e7235b403229e92fd0743ede48fe7f1a2c6f45d594,"{""distance"":5,""physical_error_rate"":0.0005}","{""detection_events"":34853,""detectors_checked"":16056320}"
     27648,         0,         0,   0.586,exact_mw,cdc4a450a40af8e24899239080e4c40992fb5baf91c5a31ab3a165eacb3a1ab3,"{""distance"":5,""physical_error_rate"":0.0002}","{""detection_events"":5404,""detectors_checked"":6193152}"
      9216,         0,         0,   0.306,exact_mw,cb12ae119b9b2ba18d0216e7235b403229e92fd0743ede48fe7f1a2c6f45d594,"{""distance"":5,""physical_error_rate"":0.0005}","{""detection_events"":4575,""detectors_checked"":2064384}"
     23552,         0,         0,   0.417,exact_mw,70a969f5042aec17ac076c6379f4170fb7c69b8e925756ef3b7334e28a33338b,"{""distance"":5,""physical_error_rate"":0.0001}","{""detection_events"":2377,""detectors_checked"":5275648}"
    180224,         0,         0,    1.12,exact_mw,70a969f5042aec17ac076c6379f4170fb7c69b8e925756ef3b7334e28a33338b,"{""distance"":5,""physical_error_rate"":0.0001}","{""detection_events"":17499,""detectors_checked"":40370176}"
      8192,         0,         0,   0.168,exact_mw,70a969f5042aec17ac076c6379f4170fb7c69b8e925756ef3b7334e28a33338b,"{""distance"":5,""physical_error_rate"":0.0001}","{""detection_events"":875,""detectors_checked"":1835008}"
    206848,         0,         0,    1.10,exact_mw,cdc4a450a40af8e24899239080e4c40992fb5baf91c5a31ab3a165eacb3a1ab3,"{""distance"":5,""physical_error_rate"":0.0002}","{""detection_events"":40854,""detectors_checked"":46333952}"
     49152,         0,         0,   0.765,exact_mw,cdc4a450a40af8e24899239080e4c40992fb5baf91c5a31ab3a165eacb3a1ab3,"{""distance"":5,""physical_error_rate"":0.0002}","{""detection_events"":9442,""detectors_checked"":11010048}"
     69632,         0,         0,   0.807,exact_mw,cb12ae119b9b2ba18d0216e7235b403229e92fd0743ede48fe7f1a2c6f45d594,"{""distance"":5,""physical_error_rate"":0.0005}","{""detection_events"":34218,""detectors_checked"":15597568}"
     44032,         0,         0,   0.780,exact_mw,70a969f5042aec17ac076c6379f4170fb7c69b8e925756ef3b7334e28a33338b,"{""distance"":5,""physical_error_rate"":0.0001}","{""detection_events"":4413,""detectors_checked"":9863168}"
     10240,         0,         0,   0.223,exact_mw,70a969f5042aec17ac076c6379f4170fb7c69b8e925756ef3b7334e28a33338b,"{""distance"":5,""physical_error_rate"":0.0001}","{""detection_events"":1074,""detectors_checked"":2293760}"
     27648,         0,         0,   0.811,exact_mw,cb12ae119b9b2ba18d0216e7235b403229e92fd0743ede48fe7f1a2c6f45d594,"{""distance"":5,""physical_error_rate"":0.0005}","{""detection_events"":13658,""detectors_checked"":6193152}"
     61440,         0,         0,    1.11,exact_mw,cdc4a450a40af8e24899239080e4c40992fb5baf91c5a31ab3a165eacb3a1ab3,"{""distance"":5,""physical_error_rate"":0.0002}","{""detection_events"":12090,""detectors_checked"":13762560}"
     26624,         0,         0,   0.770,exact_mw,cb12ae119b9b2ba18d0216e7235b403229e92fd0743ede48fe7f1a2c6f45d594,"{""distance"":5,""physical_error_rate"":0.0005}","{""detection_events"":13037,""detectors_checked"":5963776}"
     21504,         0,         0,   0.419,exact_mw,cdc4a450a40af8e24899239080e4c40992fb5baf91c5a31ab3a165eacb3a1ab3,"{""distance"":5,""physical_error_rate"":0.0002}","{""detection_events"":4343,""detectors_checked"":4816896}"
    173056,         0,         0,    1.55,exact_mw,cdc4a450a40af8e24899239080e4c40992fb5baf91c5a31ab3a165eacb3a1ab3,"{""distance"":5,""physical_error_rate"":0.0002}","{""detection_events"":34400,""detectors_checked"":38764544}"
     64512,         0,         0,   0.795,exact_mw,70a969f5042aec17ac076c6379f4170fb7c69b8e925756ef3b7334e28a33338b,"{""distance"":5,""physical_error_rate"":0.0001}","{""detection_events"":6168,""detectors_checked"":14450688}"
     15360,         0,         0,   0.422,exact_mw,cb12ae119b9b2ba18d0216e7235b403229e92fd0743ede48fe7f1a2c6f45d594,"{""distance"":5,""physical_error_rate"":0.0005}","{""detection_events"":7530,""detectors_checked"":3440640}"
     13312,         0,         0,   0.302,exact_mw,70a969f5042aec17ac076c6379f4170fb7c69b8e925756ef3b7334e28a33338b,"{""distance"":5,""physical_error_rate"":0.0001}","{""detection_events"":1335,""detectors_checked"":2981888}"
     99328,         0,         0,    1.58,exact_mw,70a969f5042aec17ac076c6379f4170fb7c69b8e925756ef3b7334e28a33338b,"{""distance"":5,""physical_error_rate"":0.0001}","{""detection_events"":9791,""detectors_checked"":22249472}"
     61440,         0,         0,    1.11,exact_mw,70a969f5042aec17ac076c6379f4170fb7c69b8e925756ef3b7334e28a33338b,"{""distance"":5,""physical_error_rate"":0.0001}","{""detection_events"":6193,""detectors_checked"":13762560}"
     41984,         0,         0,   0.775,exact_mw,cdc4a450a40af8e24899239080e4c40992fb5baf91c5a31ab3a165eacb3a1ab3,"{""distance"":5,""physical_error_rate"":0.0002}","{""detection_events"":8329,""detectors_checked"":9404416}"
     30720,         0,         0,   0.585,exact_mw,70a969f5042aec17ac076c6379f4170fb7c69b8e925756ef3b7334e28a33338b,"{""distance"":5,""physical_error_rate"":0.0001}","{""detection_events"":2829,""detectors_checked"":6881280}"
     28672,         0,         0,   0.839,exact_mw,cb12ae119b9b2ba18d0216e7235b403229e92fd0743ede48fe7f1a2c6f45d594,"{""distance"":5,""physical_error_rate"":0.0005}","{""detection_events"":14012,""detectors_checked"":6422528}"
   4310248,         0,         0,    73.5,exact_mw,cdc4a450a40af8e24899239080e4c40992fb5baf91c5a31ab3a165eacb3a1ab3,"{""distance"":5,""physical_error_rate"":0.0002}","{""detection_events"":850786,""detectors_checked"":965495552}"
   3957760,         0,         0,    73.3,exact_mw,cdc4a450a40af8e24899239080e4c40992fb5baf91c5a31ab3a165eacb3a1ab3,"{""distance"":5,""physical_error_rate"":0.0002}","{""detection_events"":778962,""detectors_checked"":886538240}"
   3656704,         0,         0,    60.9,exact_mw,cdc4a450a40af8e24899239080e4c40992fb5baf91c5a31ab3a165eacb3a1ab3,"{""distance"":5,""physical_error_rate"":0.0002}","{""detection_events"":721670,""detectors_checked"":819101696}"
   4300800,         0,         0,    71.0,exact_mw,cdc4a450a40af8e24899239080e4c40992fb5baf91c5a31ab3a165eacb3a1ab3,"{""distance"":5,""physical_error_rate"":0.0002}","{""detection_events"":848551,""detectors_checked"":963379200}"
   3921920,         0,         0,    71.5,exact_mw,cdc4a450a40af8e24899239080e4c40992fb5baf91c5a31ab3a165eacb3a1ab3,"{""distance"":5,""physical_error_rate"":0.0002}","{""detection_events"":774996,""detectors_checked"":878510080}"
   4195328,         0,         0,    70.6,exact_mw,cdc4a450a40af8e24899239080e4c40992fb5baf91c5a31ab3a165eacb3a1ab3,"{""distance"":5,""physical_error_rate"":0.0002}","{""detection_events"":827201,""detectors_checked"":939753472}"
    538624,         0,         0,    2.15,exact_mw,70a969f5042aec17ac076c6379f4170fb7c69b8e925756ef3b7334e28a33338b,"{""distance"":5,""physical_error_rate"":0.0001}","{""detection_events"":53033,""detectors_checked"":120651776}"
     36864,         0,         0,   0.810,exact_mw,70a969f5042aec17ac076c6379f4170fb7c69b8e925756ef3b7334e28a33338b,"{""distance"":5,""physical_error_rate"":0.0001}","{""detection_events"":3730,""detectors_checked"":8257536}"
     51200,         0,         0,    1.10,exact_mw,70a969f5042aec17ac076c6379f4170fb7c69b8e925756ef3b7334e28a33338b,"{""distance"":5,""physical_error_rate"":0.0001}","{""detection_events"":4807,""detectors_checked"":11468800}"
     88064,         0,         0,    1.56,exact_mw,cdc4a450a40af8e24899239080e4c40992fb5baf91c5a31ab3a165eacb3a1ab3,"{""distance"":5,""physical_error_rate"":0.0002}","{""detection_events"":16945,""detectors_checked"":19726336}"
     34816,         0,         0,   0.809,exact_mw,cdc4a450a40af8e24899239080e4c40992fb5baf91c5a31ab3a165eacb3a1ab3,"{""distance"":5,""physical_error_rate"":0.0002}","{""detection_events"":7051,""detectors_checked"":7798784}"
     82944,         0,         0,    1.56,exact_mw,cb12ae119b9b2ba18d0216e7235b403229e92fd0743ede48fe7f1a2c6f45d594,"{""distance"":5,""physical_error_rate"":0.0005}","{""detection_events"":40851,""detectors_checked"":18579456}"
     25600,         0,         0,   0.565,exact_mw,cdc4a450a40af8e24899239080e4c40992fb5baf91c5a31ab3a165eacb3a1ab3,"{""distance"":5,""physical_error_rate"":0.0002}","{""detection_events"":4985,""detectors_checked"":5734400}"
     19456,         0,         0,   0.422,exact_mw,70a969f5042aec17ac076c6379f4170fb7c69b8e925756ef3b7334e28a33338b,"{""distance"":5,""physical_error_rate"":0.0001}","{""detection_events"":1855,""detectors_checked"":4358144}"
    153600,         0,         0,    1.54,exact_mw,cdc4a450a40af8e24899239080e4c40992fb5baf91c5a31ab3a165eacb3a1ab3,"{""distance"":5,""physical_error_rate"":0.0002}","{""detection_events"":30441,""detectors_checked"":34406400}"
     19456,         0,         0,   0.561,exact_mw,cb12ae119b9b2ba18d0216e7235b403229e92fd0743ede48fe7f1a2c6f45d594,"{""distance"":5,""physical_error_rate"":0.0005}","{""detection_events"":9725,""detectors_checked"":4358144}"
     74752,         0,         0,    1.11,exact_mw,cdc4a450a40af8e24899239080e4c40992fb5baf91c5a31ab3a165eacb3a1ab3,"{""distance"":5,""physical_error_rate"":0.0002}","{""detection_events"":14374,""detectors_checked"":16744448}"
    120832,         0,         0,    1.56,exact_mw,cb12ae119b9b2ba18d0216e7235b403229e92fd0743ede48fe7f1a2c6f45d594,"{""distance"":5,""physical_error_rate"":0.0005}","{""detection_events"":59609,""detectors_checked"":27066368}"
     90112,         0,         0,    1.10,exact_mw,cdc4a450a40af8e24899239080e4c40992fb5baf91c5a31ab3a165eacb3a1ab3,"{""distance"":5,""physical_error_rate"":0.0002}","{""detection_events"":17792,""detectors_checked"":20185088}"
    118784,         0,         0,    1.12,exact_mw,cb12ae119b9b2ba18d0216e7235b403229e92fd0743ede48fe7f1a2c6f45d594,"{""distance"":5,""physical_error_rate"":0.0005}","{""detection_events"":58799,""detectors_checked"":26607616}"
     76800,         0,         0,    1.55,exact_mw,cb12ae119b9b2ba18d0216e7235b403229e92fd0743ede48fe7f1a2c6f45d594,"{""distance"":5,""physical_error_rate"":0.0005}","{""detection_events"":38012,""detectors_checked"":17203200}"
     61440,         0,         0,    1.13,exact_mw,70a969f5042aec17ac076c6379f4170fb7c69b8e925756ef3b7334e28a33338b,"{""distance"":5,""physical_error_rate"":0.0001}","{""detection_events"":5978,""detectors_checked"":13762560}"
     32768,         0,         0,    1.09,exact_mw,cb12ae119b9b2ba18d0216e7235b403229e92fd0743ede48fe7f1a2c6f45d594,"{""distance"":5,""physical_error_rate"":0.0005}","{""detection_events"":16313,""detectors_checked"":7340032}"
     45056,         0,         0,   0.807,exact_mw,70a969f5042aec17ac076c6379f4170fb7c69b8e925756ef3b7334e28a33338b,"{""distance"":5,""physical_error_rate"":0.0001}","{""detection_events"":4114,""detectors_checked"":10092544}"
     35840,         0,         0,    1.09,exact_mw,cb12ae119b9b2ba18d0216e7235b403229e92fd0743ede48fe7f1a2c6f45d594,"{""distance"":5,""physical_error_rate"":0.0005}","{""detection_events"":17441,""detectors_checked"":8028160}"
     76800,         0,         0,    1.54,exact_mw,cb12ae119b9b2ba18d0216e7235b403229e92fd0743ede48fe7f1a2c6f45d594,"{""distance"":5,""physical_error_rate"":0.0005}","{""detection_events"":37709,""detectors_checked"":17203200}"
    226304,         1,         0,    1.55,exact_mw,cdc4a450a40af8e24899239080e4c40992fb5baf91c5a31ab3a165eacb3a1ab3,"{""distance"":5,""physical_error_rate"":0.0002}","{""detection_events"":44679,""detectors_checked"":50692096,""obs_mistake_mask=E"":1}"
     71680,         0,         0,    1.07,exact_mw,70a969f5042aec17ac076c6379f4170fb7c69b8e925756ef3b7334e28a33338b,"{""distance"":5,""physical_error_rate"":0.0001}","{""detection_events"":6980,""detectors_checked"":16056320}"
    108544,         0,         0,    1.56,exact_mw,70a969f5042aec17ac076c6379f4170fb7c69b8e925756ef3b7334e28a33338b,"{""distance"":5,""physical_error_rate"":0.0001}","{""detection_events"":10435,""detectors_checked"":24313856}"
     62464,         0,         0,    1.55,exact_mw,cb12ae119b9b2ba18d0216e7235b403229e92fd0743ede48fe7f1a2c6f45d594,"{""distance"":5,""physical_error_rate"":0.0005}","{""detection_events"":31361,""detectors_checked"":13991936}"
     28672,         0,         0,   0.589,exact_mw,70a969f5042aec17ac076c6379f4170fb7c69b8e925756ef3b7334e28a33338b,"{""distance"":5,""physical_error_rate"":0.0001}","{""detection_events"":2733,""detectors_checked"":6422528}"
    153600,         0,         0,    1.54,exact_mw,70a969f5042aec17ac076c6379f4170fb7c69b8e925756ef3b7334e28a33338b,"{""distance"":5,""physical_error_rate"":0.0001}","{""detection_events"":15118,""detectors_checked"":34406400}"
    143360,         0,         0,    1.53,exact_mw,cdc4a450a40af8e24899239080e4c40992fb5baf91c5a31ab3a165eacb3a1ab3,"{""distance"":5,""physical_error_rate"":0.0002}","{""detection_events"":28534,""detectors_checked"":32112640}"
     60416,         0,         0,    1.08,exact_mw,cdc4a450a40af8e24899239080e4c40992fb5baf91c5a31ab3a165eacb3a1ab3,"{""distance"":5,""physical_error_rate"":0.0002}","{""detection_events"":12109,""detectors_checked"":13533184}"
     38912,         0,         0,    1.12,exact_mw,cb12ae119b9b2ba18d0216e7235b403229e92fd0743ede48fe7f1a2c6f45d594,"{""distance"":5,""physical_error_rate"":0.0005}","{""detection_events"":19073,""detectors_checked"":8716288}"
     37888,         0,         0,   0.809,exact_mw,cdc4a450a40af8e24899239080e4c40992fb5baf91c5a31ab3a165eacb3a1ab3,"{""distance"":5,""physical_error_rate"":0.0002}","{""detection_events"":7029,""detectors_checked"":8486912}"
     29696,         0,         0,   0.812,exact_mw,cb12ae119b9b2ba18d0216e7235b403229e92fd0743ede48fe7f1a2c6f45d594,"{""distance"":5,""physical_error_rate"":0.0005}","{""detection_events"":14610,""detectors_checked"":6651904}"
     83968,         0,         0,    1.52,exact_mw,cdc4a450a40af8e24899239080e4c40992fb5baf91c5a31ab3a165eacb3a1ab3,"{""distance"":5,""physical_error_rate"":0.0002}","{""detection_events"":16355,""detectors_checked"":18808832}"
     53248,         0,         0,    1.09,exact_mw,70a969f5042aec17ac076c6379f4170fb7c69b8e925756ef3b7334e28a33338b,"{""distance"":5,""physical_error_rate"":0.0001}","{""detection_events"":4925,""detectors_checked"":11927552}"
     51200,         0,         0,    1.12,exact_mw,cdc4a450a40af8e24899239080e4c40992fb5baf91c5a31ab3a165eacb3a1ab3,"{""distance"":5,""physical_error_rate"":0.0002}","{""detection_events"":10103,""detectors_checked"":11468800}"
     86016,         0,         0,    1.55,exact_mw,70a969f5042aec17ac076c6379f4170fb7c69b8e925756ef3b7334e28a33338b,"{""distance"":5,""physical_error_rate"":0.0001}","{""detection_events"":8333,""detectors_checked"":19267584}"
     74752,         0,         0,    1.54,exact_mw,70a969f5042aec17ac076c6379f4170fb7c69b8e925756ef3b7334e28a33338b,"{""distance"":5,""physical_error_rate"":0.0001}","{""detection_events"":7532,""detectors_checked"":16744448}"
     37888,         0,         0,   0.773,exact_mw,70a969f5042aec17ac076c6379f4170fb7c69b8e925756ef3b7334e28a33338b,"{""distance"":5,""physical_error_rate"":0.0001}","{""detection_events"":3734,""detectors_checked"":8486912}"
     63488,         0,         0,    1.11,exact_mw,70a969f5042aec17ac076c6379f4170fb7c69b8e925756ef3b7334e28a33338b,"{""distance"":5,""physical_error_rate"":0.0001}","{""detection_events"":6241,""detectors_checked"":14221312}"
    101376,         0,         0,    2.14,exact_mw,cdc4a450a40af8e24899239080e4c40992fb5baf91c5a31ab3a165eacb3a1ab3,"{""distance"":5,""physical_error_rate"":0.0002}","{""detection_events"":20256,""detectors_checked"":22708224}"
    129024,         0,         0,    1.55,exact_mw,cdc4a450a40af8e24899239080e4c40992fb5baf91c5a31ab3a165eacb3a1ab3,"{""distance"":5,""physical_error_rate"":0.0002}","{""detection_events"":25551,""detectors_checked"":28901376}"
    186368,         0,         0,    2.15,exact_mw,70a969f5042aec17ac076c6379f4170fb7c69b8e925756ef3b7334e28a33338b,"{""distance"":5,""physical_error_rate"":0.0001}","{""detection_events"":18398,""detectors_checked"":41746432}"
    129024,         0,         0,    1.55,exact_mw,cdc4a450a40af8e24899239080e4c40992fb5baf91c5a31ab3a165eacb3a1ab3,"{""distance"":5,""physical_error_rate"":0.0002}","{""detection_events"":25022,""detectors_checked"":28901376}"
    184320,         0,         0,    1.54,exact_mw,cb12ae119b9b2ba18d0216e7235b403229e92fd0743ede48fe7f1a2c6f45d594,"{""distance"":5,""physical_error_rate"":0.0005}","{""detection_events"":91034,""detectors_checked"":41287680}"
     51200,         0,         0,    1.12,exact_mw,cdc4a450a40af8e24899239080e4c40992fb5baf91c5a31ab3a165eacb3a1ab3,"{""distance"":5,""physical_error_rate"":0.0002}","{""detection_events"":10303,""detectors_checked"":11468800}"
     86016,         0,         0,    1.56,exact_mw,70a969f5042aec17ac076c6379f4170fb7c69b8e925756ef3b7334e28a33338b,"{""distance"":5,""physical_error_rate"":0.0001}","{""detection_events"":8625,""detectors_checked"":19267584}"
     36864,         0,         0,    1.09,exact_mw,cb12ae119b9b2ba18d0216e7235b403229e92fd0743ede48fe7f1a2c6f45d594,"{""distance"":5,""physical_error_rate"":0.0005}","{""detection_events"":18051,""detectors_checked"":8257536}"
     54272,         0,         0,    1.58,exact_mw,cb12ae119b9b2ba18d0216e7235b403229e92fd0743ede48fe7f1a2c6f45d594,"{""distance"":5,""physical_error_rate"":0.0005}","{""detection_events"":26639,""detectors_checked"":12156928}"
    240640,         0,         0,    2.17,exact_mw,cdc4a450a40af8e24899239080e4c40992fb5baf91c5a31ab3a165eacb3a1ab3,"{""distance"":5,""physical_error_rate"":0.0002}","{""detection_events"":47328,""detectors_checked"":53903360}"
     54272,         0,         0,    1.49,exact_mw,cb12ae119b9b2ba18d0216e7235b403229e92fd0743ede48fe7f1a2c6f45d594,"{""distance"":5,""physical_error_rate"":0.0005}","{""detection_events"":26533,""detectors_checked"":12156928}"
    123904,         0,         0,    2.16,exact_mw,cb12ae119b9b2ba18d0216e7235b403229e92fd0743ede48fe7f1a2c6f45d594,"{""distance"":5,""physical_error_rate"":0.0005}","{""detection_events"":61446,""detectors_checked"":27754496}"
    124928,         0,         0,    1.55,exact_mw,70a969f5042aec17ac076c6379f4170fb7c69b8e925756ef3b7334e28a33338b,"{""distance"":5,""physical_error_rate"":0.0001}","{""detection_events"":12014,""detectors_checked"":27983872}"
    136192,         0,         0,    2.14,exact_mw,cdc4a450a40af8e24899239080e4c40992fb5baf91c5a31ab3a165eacb3a1ab3,"{""distance"":5,""physical_error_rate"":0.0002}","{""detection_events"":26560,""detectors_checked"":30507008}"
     81920,         0,         0,    1.56,exact_mw,cdc4a450a40af8e24899239080e4c40992fb5baf91c5a31ab3a165eacb3a1ab3,"{""distance"":5,""physical_error_rate"":0.0002}","{""detection_events"":16497,""detectors_checked"":18350080}"
    183296,         0,         0,    2.18,exact_mw,cb12ae119b9b2ba18d0216e7235b403229e92fd0743ede48fe7f1a2c6f45d594,"{""distance"":5,""physical_error_rate"":0.0005}","{""detection_events"":90325,""detectors_checked"":41058304}"
     55296,         0,         0,    1.57,exact_mw,cb12ae119b9b2ba18d0216e7235b403229e92fd0743ede48fe7f1a2c6f45d594,"{""distance"":5,""physical_error_rate"":0.0005}","{""detection_events"":27728,""detectors_checked"":12386304}"
     74752,         0,         0,    1.57,exact_mw,70a969f5042aec17ac076c6379f4170fb7c69b8e925756ef3b7334e28a33338b,"{""distance"":5,""physical_error_rate"":0.0001}","{""detection_events"":7321,""detectors_checked"":16744448}"
     71680,         0,         0,    1.54,exact_mw,cdc4a450a40af8e24899239080e4c40992fb5baf91c5a31ab3a165eacb3a1ab3,"{""distance"":5,""physical_error_rate"":0.0002}","{""detection_events"":14390,""detectors_checked"":16056320}"
     53248,         0,         0,    1.13,exact_mw,70a969f5042aec17ac076c6379f4170fb7c69b8e925756ef3b7334e28a33338b,"{""distance"":5,""physical_error_rate"":0.0001}","{""detection_events"":5330,""detectors_checked"":11927552}"
    103424,         0,         0,    2.17,exact_mw,cb12ae119b9b2ba18d0216e7235b403229e92fd0743ede48fe7f1a2c6f45d594,"{""distance"":5,""physical_error_rate"":0.0005}","{""detection_events"":50773,""detectors_checked"":23166976}"
    184320,         0,         0,    2.16,exact_mw,cb12ae119b9b2ba18d0216e7235b403229e92fd0743ede48fe7f1a2c6f45d594,"{""distance"":5,""physical_error_rate"":0.0005}","{""detection_events"":90919,""detectors_checked"":41287680}"
    243712,         0,         0,    2.17,exact_mw,cdc4a450a40af8e24899239080e4c40992fb5baf91c5a31ab3a165eacb3a1ab3,"{""distance"":5,""physical_error_rate"":0.0002}","{""detection_events"":47852,""detectors_checked"":54591488}"
    190464,         0,         0,    2.17,exact_mw,70a969f5042aec17ac076c6379f4170fb7c69b8e925756ef3b7334e28a33338b,"{""distance"":5,""physical_error_rate"":0.0001}","{""detection_events"":18756,""detectors_checked"":42663936}"
    107520,         0,         0,    2.15,exact_mw,cb12ae119b9b2ba18d0216e7235b403229e92fd0743ede48fe7f1a2c6f45d594,"{""distance"":5,""physical_error_rate"":0.0005}","{""detection_events"":53148,""detectors_checked"":24084480}"
    454656,         0,         0,    3.04,exact_mw,70a969f5042aec17ac076c6379f4170fb7c69b8e925756ef3b7334e28a33338b,"{""distance"":5,""physical_error_rate"":0.0001}","{""detection_events"":44601,""detectors_checked"":101842944}"
    196608,         0,         0,    2.14,exact_mw,70a969f5042aec17ac076c6379f4170fb7c69b8e925756ef3b7334e28a33338b,"{""distance"":5,""physical_error_rate"":0.0001}","{""detection_events"":19692,""detectors_checked"":44040192}"
    334848,         0,         0,    2.11,exact_mw,cdc4a450a40af8e24899239080e4c40992fb5baf91c5a31ab3a165eacb3a1ab3,"{""distance"":5,""physical_error_rate"":0.0002}","{""detection_events"":65524,""detectors_checked"":75005952}"
    120832,         0,         0,    2.17,exact_mw,cdc4a450a40af8e24899239080e4c40992fb5baf91c5a31ab3a165eacb3a1ab3,"{""distance"":5,""physical_error_rate"":0.0002}","{""detection_events"":23846,""detectors_checked"":27066368}"
     90112,         0,         0,    1.54,exact_mw,70a969f5042aec17ac076c6379f4170fb7c69b8e925756ef3b7334e28a33338b,"{""distance"":5,""physical_error_rate"":0.0001}","{""detection_events"":8675,""detectors_checked"":20185088}"
   3446784,         3,         0,    87.0,exact_mw,cb12ae119b9b2ba18d0216e7235b403229e92fd0743ede48fe7f1a2c6f45d594,"{""distance"":5,""physical_error_rate"":0.0005}","{""detection_events"":1693164,""detectors_checked"":772079616,""obs_mistake_mask=E"":3}"
    122880,         0,         0,    2.16,exact_mw,70a969f5042aec17ac076c6379f4170fb7c69b8e925756ef3b7334e28a33338b,"{""distance"":5,""physical_error_rate"":0.0001}","{""detection_events"":11717,""detectors_checked"":27525120}"
     76800,         0,         0,    1.56,exact_mw,cdc4a450a40af8e24899239080e4c40992fb5baf91c5a31ab3a165eacb3a1ab3,"{""distance"":5,""physical_error_rate"":0.0002}","{""detection_events"":14816,""detectors_checked"":17203200}"
    106496,         0,         0,    2.13,exact_mw,70a969f5042aec17ac076c6379f4170fb7c69b8e925756ef3b7334e28a33338b,"{""distance"":5,""physical_error_rate"":0.0001}","{""detection_events"":10787,""detectors_checked"":23855104}"
     53248,         0,         0,    1.56,exact_mw,cb12ae119b9b2ba18d0216e7235b403229e92fd0743ede48fe7f1a2c6f45d594,"{""distance"":5,""physical_error_rate"":0.0005}","{""detection_events"":26456,""detectors_checked"":11927552}"
    201728,         0,         0,    2.15,exact_mw,cdc4a450a40af8e24899239080e4c40992fb5baf91c5a31ab3a165eacb3a1ab3,"{""distance"":5,""physical_error_rate"":0.0002}","{""detection_events"":39973,""detectors_checked"":45187072}"
    153600,         0,         0,    2.19,exact_mw,cdc4a450a40af8e24899239080e4c40992fb5baf91c5a31ab3a165eacb3a1ab3,"{""distance"":5,""physical_error_rate"":0.0002}","{""detection_events"":30616,""detectors_checked"":34406400}"
    274432,         0,         0,    2.13,exact_mw,cb12ae119b9b2ba18d0216e7235b403229e92fd0743ede48fe7f1a2c6f45d594,"{""distance"":5,""physical_error_rate"":0.0005}","{""detection_events"":134538,""detectors_checked"":61472768}"
     78848,         0,         0,    1.54,exact_mw,70a969f5042aec17ac076c6379f4170fb7c69b8e925756ef3b7334e28a33338b,"{""distance"":5,""physical_error_rate"":0.0001}","{""detection_events"":7532,""detectors_checked"":17661952}"
    125952,         0,         0,    2.15,exact_mw,70a969f5042aec17ac076c6379f4170fb7c69b8e925756ef3b7334e28a33338b,"{""distance"":5,""physical_error_rate"":0.0001}","{""detection_events"":12351,""detectors_checked"":28213248}"
     75776,         0,         0,    2.15,exact_mw,cb12ae119b9b2ba18d0216e7235b403229e92fd0743ede48fe7f1a2c6f45d594,"{""distance"":5,""physical_error_rate"":0.0005}","{""detection_events"":37376,""detectors_checked"":16973824}"
     76800,         0,         0,    2.13,exact_mw,cb12ae119b9b2ba18d0216e7235b403229e92fd0743ede48fe7f1a2c6f45d594,"{""distance"":5,""physical_error_rate"":0.0005}","{""detection_events"":38321,""detectors_checked"":17203200}"
    201728,         0,         0,    2.18,exact_mw,70a969f5042aec17ac076c6379f4170fb7c69b8e925756ef3b7334e28a33338b,"{""distance"":5,""physical_error_rate"":0.0001}","{""detection_events"":19720,""detectors_checked"":45187072}"
    121856,         0,         0,    2.16,exact_mw,cdc4a450a40af8e24899239080e4c40992fb5baf91c5a31ab3a165eacb3a1ab3,"{""distance"":5,""physical_error_rate"":0.0002}","{""detection_events"":24144,""detectors_checked"":27295744}"
     77824,         0,         0,    2.15,exact_mw,cb12ae119b9b2ba18d0216e7235b403229e92fd0743ede48fe7f1a2c6f45d594,"{""distance"":5,""physical_error_rate"":0.0005}","{""detection_events"":38297,""detectors_checked"":17432576}"
   3247807,         0,         0,    66.3,exact_mw,cdc4a450a40af8e24899239080e4c40992fb5baf91c5a31ab3a165eacb3a1ab3,"{""distance"":5,""physical_error_rate"":0.0002}","{""detection_events"":640302,""detectors_checked"":727508768}"
   2816000,         0,         0,    43.1,exact_mw,cdc4a450a40af8e24899239080e4c40992fb5baf91c5a31ab3a165eacb3a1ab3,"{""distance"":5,""physical_error_rate"":0.0002}","{""detection_events"":554636,""detectors_checked"":630784000}"
    108544,         0,         0,    2.18,exact_mw,70a969f5042aec17ac076c6379f4170fb7c69b8e925756ef3b7334e28a33338b,"{""distance"":5,""physical_error_rate"":0.0001}","{""detection_events"":10501,""detectors_checked"":24313856}"
    146432,         0,         0,    3.00,exact_mw,cdc4a450a40af8e24899239080e4c40992fb5baf91c5a31ab3a165eacb3a1ab3,"{""distance"":5,""physical_error_rate"":0.0002}","{""detection_events"":29129,""detectors_checked"":32800768}"
    105472,         0,         0,    1.99,exact_mw,cdc4a450a40af8e24899239080e4c40992fb5baf91c5a31ab3a165eacb3a1ab3,"{""distance"":5,""physical_error_rate"":0.0002}","{""detection_events"":20296,""detectors_checked"":23625728}"
    215040,         0,         0,    3.02,exact_mw,70a969f5042aec17ac076c6379f4170fb7c69b8e925756ef3b7334e28a33338b,"{""distance"":5,""physical_error_rate"":0.0001}","{""detection_events"":21867,""detectors_checked"":48168960}"
    318464,         0,         0,    3.03,exact_mw,cdc4a450a40af8e24899239080e4c40992fb5baf91c5a31ab3a165eacb3a1ab3,"{""distance"":5,""physical_error_rate"":0.0002}","{""detection_events"":62476,""detectors_checked"":71335936}"
    235520,         1,         0,    3.00,exact_mw,cb12ae119b9b2ba18d0216e7235b403229e92fd0743ede48fe7f1a2c6f45d594,"{""distance"":5,""physical_error_rate"":0.0005}","{""detection_events"":116653,""detectors_checked"":52756480,""obs_mistake_mask=E"":1}"
    226304,         0,         0,    3.03,exact_mw,cdc4a450a40af8e24899239080e4c40992fb5baf91c5a31ab3a165eacb3a1ab3,"{""distance"":5,""physical_error_rate"":0.0002}","{""detection_events"":44681,""detectors_checked"":50692096}"
    121856,         0,         0,    2.20,exact_mw,70a969f5042aec17ac076c6379f4170fb7c69b8e925756ef3b7334e28a33338b,"{""distance"":5,""physical_error_rate"":0.0001}","{""detection_events"":11779,""detectors_checked"":27295744}"
   3343360,         0,         0,    87.0,exact_mw,cb12ae119b9b2ba18d0216e7235b403229e92fd0743ede48fe7f1a2c6f45d594,"{""distance"":5,""physical_error_rate"":0.0005}","{""detection_events"":1645902,""detectors_checked"":748912640}"
    191488,         0,         0,    3.03,exact_mw,cb12ae119b9b2ba18d0216e7235b403229e92fd0743ede48fe7f1a2c6f45d594,"{""distance"":5,""physical_error_rate"":0.0005}","{""detection_events"":93765,""detectors_checked"":42893312}"
    217088,         1,         0,    2.99,exact_mw,cb12ae119b9b2ba18d0216e7235b403229e92fd0743ede48fe7f1a2c6f45d594,"{""distance"":5,""physical_error_rate"":0.0005}","{""detection_events"":106629,""detectors_checked"":48627712,""obs_mistake_mask=E"":1}"
    106496,         0,         0,    2.13,exact_mw,cdc4a450a40af8e24899239080e4c40992fb5baf91c5a31ab3a165eacb3a1ab3,"{""distance"":5,""physical_error_rate"":0.0002}","{""detection_events"":21220,""detectors_checked"":23855104}"
    183296,         0,         0,    3.09,exact_mw,cb12ae119b9b2ba18d0216e7235b403229e92fd0743ede48fe7f1a2c6f45d594,"{""distance"":5,""physical_error_rate"":0.0005}","{""detection_events"":90331,""detectors_checked"":41058304}"
     80896,         0,         0,    2.20,exact_mw,cb12ae119b9b2ba18d0216e7235b403229e92fd0743ede48fe7f1a2c6f45d594,"{""distance"":5,""physical_error_rate"":0.0005}","{""detection_events"":39534,""detectors_checked"":18120704}"
    242688,         0,         0,    3.06,exact_mw,cdc4a450a40af8e24899239080e4c40992fb5baf91c5a31ab3a165eacb3a1ab3,"{""distance"":5,""physical_error_rate"":0.0002}","{""detection_events"":48094,""detectors_checked"":54362112}"
    222208,         0,         0,    3.03,exact_mw,70a969f5042aec17ac076c6379f4170fb7c69b8e925756ef3b7334e28a33338b,"{""distance"":5,""physical_error_rate"":0.0001}","{""detection_events"":21981,""detectors_checked"":49774592}"
    240640,         0,         0,    3.01,exact_mw,cb12ae119b9b2ba18d0216e7235b403229e92fd0743ede48fe7f1a2c6f45d594,"{""distance"":5,""physical_error_rate"":0.0005}","{""detection_events"":119104,""detectors_checked"":53903360}"
    215040,         0,         0,    3.05,exact_mw,70a969f5042aec17ac076c6379f4170fb7c69b8e925756ef3b7334e28a33338b,"{""distance"":5,""physical_error_rate"":0.0001}","{""detection_events"":21876,""detectors_checked"":48168960}"
    304128,         0,         0,    3.02,exact_mw,cdc4a450a40af8e24899239080e4c40992fb5baf91c5a31ab3a165eacb3a1ab3,"{""distance"":5,""physical_error_rate"":0.0002}","{""detection_events"":60133,""detectors_checked"":68124672}"
    162816,         0,         0,    2.98,exact_mw,cdc4a450a40af8e24899239080e4c40992fb5baf91c5a31ab3a165eacb3a1ab3,"{""distance"":5,""physical_error_rate"":0.0002}","{""detection_events"":32507,""detectors_checked"":36470784}"
    177152,         0,         0,    2.17,exact_mw,70a969f5042aec17ac076c6379f4170fb7c69b8e925756ef3b7334e28a33338b,"{""distance"":5,""physical_error_rate"":0.0001}","{""detection_events"":17418,""detectors_checked"":39682048}"
    159744,         0,         0,    3.04,exact_mw,70a969f5042aec17ac076c6379f4170fb7c69b8e925756ef3b7334e28a33338b,"{""distance"":5,""physical_error_rate"":0.0001}","{""detection_events"":15522,""detectors_checked"":35782656}"
    174080,         0,         0,    3.01,exact_mw,70a969f5042aec17ac076c6379f4170fb7c69b8e925756ef3b7334e28a33338b,"{""distance"":5,""physical_error_rate"":0.0001}","{""detection_events"":16930,""detectors_checked"":38993920}"
    363520,         0,         0,    3.00,exact_mw,cdc4a450a40af8e24899239080e4c40992fb5baf91c5a31ab3a165eacb3a1ab3,"{""distance"":5,""physical_error_rate"":0.0002}","{""detection_events"":72418,""detectors_checked"":81428480}"
   1170432,         0,         0,    4.23,exact_mw,70a969f5042aec17ac076c6379f4170fb7c69b8e925756ef3b7334e28a33338b,"{""distance"":5,""physical_error_rate"":0.0001}","{""detection_events"":114711,""detectors_checked"":262176768}"
    155648,         0,         0,    2.95,exact_mw,cdc4a450a40af8e24899239080e4c40992fb5baf91c5a31ab3a165eacb3a1ab3,"{""distance"":5,""physical_error_rate"":0.0002}","{""detection_events"":30290,""detectors_checked"":34865152}"
     13164,         0,         0,   0.039,exact_mw,70a969f5042aec17ac076c6379f4170fb7c69b8e925756ef3b7334e28a33338b,"{""distance"":5,""physical_error_rate"":0.0001}","{""detection_events"":1284,""detectors_checked"":2948736}"
   2423808,         0,         0,    16.5,exact_mw,70a969f5042aec17ac076c6379f4170fb7c69b8e925756ef3b7334e28a33338b,"{""distance"":5,""physical_error_rate"":0.0001}","{""detection_events"":239088,""detectors_checked"":542932992}"
   2327552,         0,         0,    36.5,exact_mw,70a969f5042aec17ac076c6379f4170fb7c69b8e925756ef3b7334e28a33338b,"{""distance"":5,""physical_error_rate"":0.0001}","{""detection_events"":232540,""detectors_checked"":521371648}"
    147456,         0,         0,    2.98,exact_mw,cb12ae119b9b2ba18d0216e7235b403229e92fd0743ede48fe7f1a2c6f45d594,"{""distance"":5,""physical_error_rate"":0.0005}","{""detection_events"":72612,""detectors_checked"":33030144}"
    150528,         0,         0,    3.04,exact_mw,70a969f5042aec17ac076c6379f4170fb7c69b8e925756ef3b7334e28a33338b,"{""distance"":5,""physical_error_rate"":0.0001}","{""detection_events"":15136,""detectors_checked"":33718272}"
    108544,         0,         0,    3.06,exact_mw,cb12ae119b9b2ba18d0216e7235b403229e92fd0743ede48fe7f1a2c6f45d594,"{""distance"":5,""physical_error_rate"":0.0005}","{""detection_events"":53415,""detectors_checked"":24313856}"
    123904,         0,         0,    3.06,exact_mw,cb12ae119b9b2ba18d0216e7235b403229e92fd0743ede48fe7f1a2c6f45d594,"{""distance"":5,""physical_error_rate"":0.0005}","{""detection_events"":61282,""detectors_checked"":27754496}"
    147456,         0,         0,    3.01,exact_mw,70a969f5042aec17ac076c6379f4170fb7c69b8e925756ef3b7334e28a33338b,"{""distance"":5,""physical_error_rate"":0.0001}","{""detection_events"":14726,""detectors_checked"":33030144}"
   2222402,         0,         0,    28.9,exact_mw,70a969f5042aec17ac076c6379f4170fb7c69b8e925756ef3b7334e28a33338b,"{""distance"":5,""physical_error_rate"":0.0001}","{""detection_events"":219383,""detectors_checked"":497818048}"
   2107392,         0,         0,    34.6,exact_mw,70a969f5042aec17ac076c6379f4170fb7c69b8e925756ef3b7334e28a33338b,"{""distance"":5,""physical_error_rate"":0.0001}","{""detection_events"":208662,""detectors_checked"":472055808}"
    139264,         0,         0,    3.01,exact_mw,cdc4a450a40af8e24899239080e4c40992fb5baf91c5a31ab3a165eacb3a1ab3,"{""distance"":5,""physical_error_rate"":0.0002}","{""detection_events"":27348,""detectors_checked"":31195136}"
    107520,         0,         0,    3.03,exact_mw,cb12ae119b9b2ba18d0216e7235b403229e92fd0743ede48fe7f1a2c6f45d594,"{""distance"":5,""physical_error_rate"":0.0005}","{""detection_events"":52945,""detectors_checked"":24084480}"
    176128,         0,         0,    3.06,exact_mw,70a969f5042aec17ac076c6379f4170fb7c69b8e925756ef3b7334e28a33338b,"{""distance"":5,""physical_error_rate"":0.0001}","{""detection_events"":17487,""detectors_checked"":39452672}"
    141312,         0,         0,    3.05,exact_mw,cdc4a450a40af8e24899239080e4c40992fb5baf91c5a31ab3a165eacb3a1ab3,"{""distance"":5,""physical_error_rate"":0.0002}","{""detection_events"":27080,""detectors_checked"":31653888}"
    138240,         0,         0,    2.98,exact_mw,70a969f5042aec17ac076c6379f4170fb7c69b8e925756ef3b7334e28a33338b,"{""distance"":5,""physical_error_rate"":0.0001}","{""detection_events"":13866,""detectors_checked"":30965760}"
    156672,         0,         0,    3.05,exact_mw,cdc4a450a40af8e24899239080e4c40992fb5baf91c5a31ab3a165eacb3a1ab3,"{""distance"":5,""physical_error_rate"":0.0002}","{""detection_events"":30992,""detectors_checked"":35094528}"
    107520,         0,         0,    3.07,exact_mw,cb12ae119b9b2ba18d0216e7235b403229e92fd0743ede48fe7f1a2c6f45d594,"{""distance"":5,""physical_error_rate"":0.0005}","{""detection_events"":52195,""detectors_checked"":24084480}"
   2630485,         0,         0,    20.7,exact_mw,cdc4a450a40af8e24899239080e4c40992fb5baf91c5a31ab3a165eacb3a1ab3,"{""distance"":5,""physical_error_rate"":0.0002}","{""detection_events"":519990,""detectors_checked"":589228640}"
   2053292,         0,         0,    43.8,exact_mw,70a969f5042aec17ac076c6379f4170fb7c69b8e925756ef3b7334e28a33338b,"{""distance"":5,""physical_error_rate"":0.0001}","{""detection_events"":200509,""detectors_checked"":459937408}"
    191488,         0,         0,    4.22,exact_mw,cdc4a450a40af8e24899239080e4c40992fb5baf91c5a31ab3a165eacb3a1ab3,"{""distance"":5,""physical_error_rate"":0.0002}","{""detection_events"":37433,""detectors_checked"":42893312}"
    203776,         0,         0,    4.23,exact_mw,70a969f5042aec17ac076c6379f4170fb7c69b8e925756ef3b7334e28a33338b,"{""distance"":5,""physical_error_rate"":0.0001}","{""detection_events"":20210,""detectors_checked"":45645824}"
   2444073,         0,         0,    39.5,exact_mw,cdc4a450a40af8e24899239080e4c40992fb5baf91c5a31ab3a165eacb3a1ab3,"{""distance"":5,""physical_error_rate"":0.0002}","{""detection_events"":479058,""detectors_checked"":547472352}"
    197632,         0,         0,    4.16,exact_mw,cdc4a450a40af8e24899239080e4c40992fb5baf91c5a31ab3a165eacb3a1ab3,"{""distance"":5,""physical_error_rate"":0.0002}","{""detection_events"":38891,""detectors_checked"":44269568}"
    146432,         0,         0,    3.02,exact_mw,70a969f5042aec17ac076c6379f4170fb7c69b8e925756ef3b7334e28a33338b,"{""distance"":5,""physical_error_rate"":0.0001}","{""detection_events"":14623,""detectors_checked"":32800768}"
    147456,         0,         0,    4.24,exact_mw,cb12ae119b9b2ba18d0216e7235b403229e92fd0743ede48fe7f1a2c6f45d594,"{""distance"":5,""physical_error_rate"":0.0005}","{""detection_events"":72988,""detectors_checked"":33030144}"
    190464,         0,         0,    4.19,exact_mw,cdc4a450a40af8e24899239080e4c40992fb5baf91c5a31ab3a165eacb3a1ab3,"{""distance"":5,""physical_error_rate"":0.0002}","{""detection_events"":37659,""detectors_checked"":42663936}"
    128000,         0,         0,    4.26,exact_mw,cb12ae119b9b2ba18d0216e7235b403229e92fd0743ede48fe7f1a2c6f45d594,"{""distance"":5,""physical_error_rate"":0.0005}","{""detection_events"":62340,""detectors_checked"":28672000}"
    499712,         1,         0,    4.25,exact_mw,cb12ae119b9b2ba18d0216e7235b403229e92fd0743ede48fe7f1a2c6f45d594,"{""distance"":5,""physical_error_rate"":0.0005}","{""detection_events"":244369,""detectors_checked"":111935488,""obs_mistake_mask=E"":1}"
   3501056,         2,         0,    87.1,exact_mw,cb12ae119b9b2ba18d0216e7235b403229e92fd0743ede48fe7f1a2c6f45d594,"{""distance"":5,""physical_error_rate"":0.0005}","{""detection_events"":1721307,""detectors_checked"":784236544,""obs_mistake_mask=E"":2}"
    147456,         0,         0,    4.16,exact_mw,cb12ae119b9b2ba18d0216e7235b403229e92fd0743ede48fe7f1a2c6f45d594,"{""distance"":5,""physical_error_rate"":0.0005}","{""detection_events"":72823,""detectors_checked"":33030144}"
   2382781,         0,         0,    37.1,exact_mw,cdc4a450a40af8e24899239080e4c40992fb5baf91c5a31ab3a165eacb3a1ab3,"{""distance"":5,""physical_error_rate"":0.0002}","{""detection_events"":469806,""detectors_checked"":533742944}"
    177152,         0,         0,    4.17,exact_mw,cdc4a450a40af8e24899239080e4c40992fb5baf91c5a31ab3a165eacb3a1ab3,"{""distance"":5,""physical_error_rate"":0.0002}","{""detection_events"":35216,""detectors_checked"":39682048}"
    476160,         0,         0,    4.24,exact_mw,cb12ae119b9b2ba18d0216e7235b403229e92fd0743ede48fe7f1a2c6f45d594,"{""distance"":5,""physical_error_rate"":0.0005}","{""detection_events"":234362,""detectors_checked"":106659840}"
    192512,         0,         0,    4.27,exact_mw,70a969f5042aec17ac076c6379f4170fb7c69b8e925756ef3b7334e28a33338b,"{""distance"":5,""physical_error_rate"":0.0001}","{""detection_events"":19015,""detectors_checked"":43122688}"
    216064,         0,         0,    4.25,exact_mw,70a969f5042aec17ac076c6379f4170fb7c69b8e925756ef3b7334e28a33338b,"{""distance"":5,""physical_error_rate"":0.0001}","{""detection_events"":21675,""detectors_checked"":48398336}"
    657408,         0,         0,    4.22,exact_mw,cdc4a450a40af8e24899239080e4c40992fb5baf91c5a31ab3a165eacb3a1ab3,"{""distance"":5,""physical_error_rate"":0.0002}","{""detection_events"":130353,""detectors_checked"":147259392}"
    195584,         0,         0,    4.09,exact_mw,cdc4a450a40af8e24899239080e4c40992fb5baf91c5a31ab3a165eacb3a1ab3,"{""distance"":5,""physical_error_rate"":0.0002}","{""detection_events"":37950,""detectors_checked"":43810816}"
    222208,         0,         0,    4.16,exact_mw,70a969f5042aec17ac076c6379f4170fb7c69b8e925756ef3b7334e28a33338b,"{""distance"":5,""physical_error_rate"":0.0001}","{""detection_events"":21896,""detectors_checked"":49774592}"
    321536,         0,         0,    4.20,exact_mw,70a969f5042aec17ac076c6379f4170fb7c69b8e925756ef3b7334e28a33338b,"{""distance"":5,""physical_error_rate"":0.0001}","{""detection_events"":31202,""detectors_checked"":72024064}"
    573440,         0,         0,    4.22,exact_mw,cdc4a450a40af8e24899239080e4c40992fb5baf91c5a31ab3a165eacb3a1ab3,"{""distance"":5,""physical_error_rate"":0.0002}","{""detection_events"":113017,""detectors_checked"":128450560}"
    290816,         0,         0,    4.22,exact_mw,cdc4a450a40af8e24899239080e4c40992fb5baf91c5a31ab3a165eacb3a1ab3,"{""distance"":5,""physical_error_rate"":0.0002}","{""detection_events"":57754,""detectors_checked"":65142784}"
    253952,         0,         0,    4.19,exact_mw,cb12ae119b9b2ba18d0216e7235b403229e92fd0743ede48fe7f1a2c6f45d594,"{""distance"":5,""physical_error_rate"":0.0005}","{""detection_events"":125605,""detectors_checked"":56885248}"
    214016,         0,         0,    4.26,exact_mw,70a969f5042aec17ac076c6379f4170fb7c69b8e925756ef3b7334e28a33338b,"{""distance"":5,""physical_error_rate"":0.0001}","{""detection_events"":20682,""detectors_checked"":47939584}"
    154624,         0,         0,    4.16,exact_mw,cb12ae119b9b2ba18d0216e7235b403229e92fd0743ede48fe7f1a2c6f45d594,"{""distance"":5,""physical_error_rate"":0.0005}","{""detection_events"":75829,""detectors_checked"":34635776}"
    203776,         0,         0,    4.23,exact_mw,cb12ae119b9b2ba18d0216e7235b403229e92fd0743ede48fe7f1a2c6f45d594,"{""distance"":5,""physical_error_rate"":0.0005}","{""detection_events"":99748,""detectors_checked"":45645824}"
   2318342,         0,         0,    38.6,exact_mw,cdc4a450a40af8e24899239080e4c40992fb5baf91c5a31ab3a165eacb3a1ab3,"{""distance"":5,""physical_error_rate"":0.0002}","{""detection_events"":457076,""detectors_checked"":519308608}"
    214016,         0,         0,    4.19,exact_mw,70a969f5042aec17ac076c6379f4170fb7c69b8e925756ef3b7334e28a33338b,"{""distance"":5,""physical_error_rate"":0.0001}","{""detection_events"":20867,""detectors_checked"":47939584}"
    210944,         0,         0,    4.19,exact_mw,cdc4a450a40af8e24899239080e4c40992fb5baf91c5a31ab3a165eacb3a1ab3,"{""distance"":5,""physical_error_rate"":0.0002}","{""detection_events"":41589,""detectors_checked"":47251456}"
    148480,         0,         0,    4.28,exact_mw,cb12ae119b9b2ba18d0216e7235b403229e92fd0743ede48fe7f1a2c6f45d594,"{""distance"":5,""physical_error_rate"":0.0005}","{""detection_events"":72742,""detectors_checked"":33259520}"
    257024,         0,         0,    4.24,exact_mw,70a969f5042aec17ac076c6379f4170fb7c69b8e925756ef3b7334e28a33338b,"{""distance"":5,""physical_error_rate"":0.0001}","{""detection_events"":25307,""detectors_checked"":57573376}"
    218112,         0,         0,    4.16,exact_mw,cdc4a450a40af8e24899239080e4c40992fb5baf91c5a31ab3a165eacb3a1ab3,"{""distance"":5,""physical_error_rate"":0.0002}","{""detection_events"":43161,""detectors_checked"":48857088}"
   1175552,         2,         0,    22.6,exact_mw,cb12ae119b9b2ba18d0216e7235b403229e92fd0743ede48fe7f1a2c6f45d594,"{""distance"":5,""physical_error_rate"":0.0005}","{""detection_events"":577490,""detectors_checked"":263323648,""obs_mistake_mask=E"":2}"
   4087808,         5,         0,    86.9,exact_mw,cb12ae119b9b2ba18d0216e7235b403229e92fd0743ede48fe7f1a2c6f45d594,"{""distance"":5,""physical_error_rate"":0.0005}","{""detection_events"":2011120,""detectors_checked"":915668992,""obs_mistake_mask=E"":5}"
   1949221,         0,         0,    35.0,exact_mw,70a969f5042aec17ac076c6379f4170fb7c69b8e925756ef3b7334e28a33338b,"{""distance"":5,""physical_error_rate"":0.0001}","{""detection_events"":192992,""detectors_checked"":436625504}"
   1910784,         0,         0,    5.52,exact_mw,70a969f5042aec17ac076c6379f4170fb7c69b8e925756ef3b7334e28a33338b,"{""distance"":5,""physical_error_rate"":0.0001}","{""detection_events"":188648,""detectors_checked"":428015616}"
    233472,         0,         0,    4.21,exact_mw,70a969f5042aec17ac076c6379f4170fb7c69b8e925756ef3b7334e28a33338b,"{""distance"":5,""physical_error_rate"":0.0001}","{""detection_events"":23327,""detectors_checked"":52297728}"
    230400,         0,         0,    4.19,exact_mw,cdc4a450a40af8e24899239080e4c40992fb5baf91c5a31ab3a165eacb3a1ab3,"{""distance"":5,""physical_error_rate"":0.0002}","{""detection_events"":45701,""detectors_checked"":51609600}"
    173056,         0,         0,    4.24,exact_mw,cb12ae119b9b2ba18d0216e7235b403229e92fd0743ede48fe7f1a2c6f45d594,"{""distance"":5,""physical_error_rate"":0.0005}","{""detection_events"":85387,""detectors_checked"":38764544}"
   2220371,         0,         0,    14.5,exact_mw,cdc4a450a40af8e24899239080e4c40992fb5baf91c5a31ab3a165eacb3a1ab3,"{""distance"":5,""physical_error_rate"":0.0002}","{""detection_events"":436642,""detectors_checked"":497363104}"
   1800192,         0,         0,    22.6,exact_mw,70a969f5042aec17ac076c6379f4170fb7c69b8e925756ef3b7334e28a33338b,"{""distance"":5,""physical_error_rate"":0.0001}","{""detection_events"":178080,""detectors_checked"":403243008}"
   2153399,         0,         0,    14.6,exact_mw,cdc4a450a40af8e24899239080e4c40992fb5baf91c5a31ab3a165eacb3a1ab3,"{""distance"":5,""physical_error_rate"":0.0002}","{""detection_events"":426876,""detectors_checked"":482361376}"
   1288192,         0,         0,    22.4,exact_mw,cdc4a450a40af8e24899239080e4c40992fb5baf91c5a31ab3a165eacb3a1ab3,"{""distance"":5,""physical_error_rate"":0.0002}","{""detection_events"":253643,""detectors_checked"":288555008}"
    887808,         0,         0,    22.7,exact_mw,cb12ae119b9b2ba18d0216e7235b403229e92fd0743ede48fe7f1a2c6f45d594,"{""distance"":5,""physical_error_rate"":0.0005}","{""detection_events"":436928,""detectors_checked"":198868992}"
   1557504,         0,         0,    22.5,exact_mw,cdc4a450a40af8e24899239080e4c40992fb5baf91c5a31ab3a165eacb3a1ab3,"{""distance"":5,""physical_error_rate"":0.0002}","{""detection_events"":306924,""detectors_checked"":348880896}"
   1266688,         0,         0,    22.7,exact_mw,cdc4a450a40af8e24899239080e4c40992fb5baf91c5a31ab3a165eacb3a1ab3,"{""distance"":5,""physical_error_rate"":0.0002}","{""detection_events"":249419,""detectors_checked"":283738112}"
    240640,         0,         0,    4.28,exact_mw,70a969f5042aec17ac076c6379f4170fb7c69b8e925756ef3b7334e28a33338b,"{""distance"":5,""physical_error_rate"":0.0001}","{""detection_events"":23733,""detectors_checked"":53903360}"
    957440,         1,         0,    22.6,exact_mw,cb12ae119b9b2ba18d0216e7235b403229e92fd0743ede48fe7f1a2c6f45d594,"{""distance"":5,""physical_error_rate"":0.0005}","{""detection_events"":471080,""detectors_checked"":214466560,""obs_mistake_mask=E"":1}"
   1241088,         0,         0,    22.7,exact_mw,70a969f5042aec17ac076c6379f4170fb7c69b8e925756ef3b7334e28a33338b,"{""distance"":5,""physical_error_rate"":0.0001}","{""detection_events"":121677,""detectors_checked"":278003712}"
   1373184,         0,         0,    22.6,exact_mw,70a969f5042aec17ac076c6379f4170fb7c69b8e925756ef3b7334e28a33338b,"{""distance"":5,""physical_error_rate"":0.0001}","{""detection_events"":134859,""detectors_checked"":307593216}"
     57475,         0,         0,    1.12,exact_mw,70a969f5042aec17ac076c6379f4170fb7c69b8e925756ef3b7334e28a33338b,"{""distance"":5,""physical_error_rate"":0.0001}","{""detection_events"":5644,""detectors_checked"":12874400}"
   1418240,         0,         0,    22.7,exact_mw,cdc4a450a40af8e24899239080e4c40992fb5baf91c5a31ab3a165eacb3a1ab3,"{""distance"":5,""physical_error_rate"":0.0002}","{""detection_events"":280454,""detectors_checked"":317685760}"
    546816,         0,         0,    5.95,exact_mw,cdc4a450a40af8e24899239080e4c40992fb5baf91c5a31ab3a165eacb3a1ab3,"{""distance"":5,""physical_error_rate"":0.0002}","{""detection_events"":107538,""detectors_checked"":122486784}"
   1582080,         0,         0,    22.7,exact_mw,cb12ae119b9b2ba18d0216e7235b403229e92fd0743ede48fe7f1a2c6f45d594,"{""distance"":5,""physical_error_rate"":0.0005}","{""detection_events"":778122,""detectors_checked"":354385920}"
    912384,         2,         0,    22.7,exact_mw,cb12ae119b9b2ba18d0216e7235b403229e92fd0743ede48fe7f1a2c6f45d594,"{""distance"":5,""physical_error_rate"":0.0005}","{""detection_events"":449707,""detectors_checked"":204374016,""obs_mistake_mask=E"":2}"
    280576,         0,         0,    5.84,exact_mw,70a969f5042aec17ac076c6379f4170fb7c69b8e925756ef3b7334e28a33338b,"{""distance"":5,""physical_error_rate"":0.0001}","{""detection_events"":27842,""detectors_checked"":62849024}"
   1236992,         0,         0,    22.7,exact_mw,cdc4a450a40af8e24899239080e4c40992fb5baf91c5a31ab3a165eacb3a1ab3,"{""distance"":5,""physical_error_rate"":0.0002}","{""detection_events"":244742,""detectors_checked"":277086208}"
   1256448,         0,         0,    22.6,exact_mw,cdc4a450a40af8e24899239080e4c40992fb5baf91c5a31ab3a165eacb3a1ab3,"{""distance"":5,""physical_error_rate"":0.0002}","{""detection_events"":247032,""detectors_checked"":281444352}"
    345088,         0,         0,    5.97,exact_mw,cdc4a450a40af8e24899239080e4c40992fb5baf91c5a31ab3a165eacb3a1ab3,"{""distance"":5,""physical_error_rate"":0.0002}","{""detection_events"":67709,""detectors_checked"":77299712}"
    258048,         0,         0,    5.92,exact_mw,cb12ae119b9b2ba18d0216e7235b403229e92fd0743ede48fe7f1a2c6f45d594,"{""distance"":5,""physical_error_rate"":0.0005}","{""detection_events"":126422,""detectors_checked"":57802752}"
   1266688,         0,         0,    22.6,exact_mw,70a969f5042aec17ac076c6379f4170fb7c69b8e925756ef3b7334e28a33338b,"{""distance"":5,""physical_error_rate"":0.0001}","{""detection_events"":123987,""detectors_checked"":283738112}"
    322560,         0,         0,    5.95,exact_mw,cdc4a450a40af8e24899239080e4c40992fb5baf91c5a31ab3a165eacb3a1ab3,"{""distance"":5,""physical_error_rate"":0.0002}","{""detection_events"":63602,""detectors_checked"":72253440}"
    377856,         0,         0,    5.91,exact_mw,cb12ae119b9b2ba18d0216e7235b403229e92fd0743ede48fe7f1a2c6f45d594,"{""distance"":5,""physical_error_rate"":0.0005}","{""detection_events"":185681,""detectors_checked"":84639744}"
    379904,         0,         0,    5.95,exact_mw,cb12ae119b9b2ba18d0216e7235b403229e92fd0743ede48fe7f1a2c6f45d594,"{""distance"":5,""physical_error_rate"":0.0005}","{""detection_events"":187441,""detectors_checked"":85098496}"
    227328,         0,         0,    5.92,exact_mw,cb12ae119b9b2ba18d0216e7235b403229e92fd0743ede48fe7f1a2c6f45d594,"{""distance"":5,""physical_error_rate"":0.0005}","{""detection_events"":112367,""detectors_checked"":50921472}"
    324608,         0,         0,    5.90,exact_mw,cdc4a450a40af8e24899239080e4c40992fb5baf91c5a31ab3a165eacb3a1ab3,"{""distance"":5,""physical_error_rate"":0.0002}","{""detection_events"":63431,""detectors_checked"":72712192}"
    389120,         0,         0,    5.94,exact_mw,cb12ae119b9b2ba18d0216e7235b403229e92fd0743ede48fe7f1a2c6f45d594,"{""distance"":5,""physical_error_rate"":0.0005}","{""detection_events"":191415,""detectors_checked"":87162880}"
    415744,         0,         0,    5.95,exact_mw,70a969f5042aec17ac076c6379f4170fb7c69b8e925756ef3b7334e28a33338b,"{""distance"":5,""physical_error_rate"":0.0001}","{""detection_events"":41152,""detectors_checked"":93126656}"
    375808,         0,         0,    5.87,exact_mw,70a969f5042aec17ac076c6379f4170fb7c69b8e925756ef3b7334e28a33338b,"{""distance"":5,""physical_error_rate"":0.0001}","{""detection_events"":37549,""detectors_checked"":84180992}"
    847872,         0,         0,    5.92,exact_mw,cdc4a450a40af8e24899239080e4c40992fb5baf91c5a31ab3a165eacb3a1ab3,"{""distance"":5,""physical_error_rate"":0.0002}","{""detection_events"":167242,""detectors_checked"":189923328}"
    356352,         0,         0,    5.92,exact_mw,cdc4a450a40af8e24899239080e4c40992fb5baf91c5a31ab3a165eacb3a1ab3,"{""distance"":5,""physical_error_rate"":0.0002}","{""detection_events"":70361,""detectors_checked"":79822848}"
    527360,         0,         0,    5.85,exact_mw,70a969f5042aec17ac076c6379f4170fb7c69b8e925756ef3b7334e28a33338b,"{""distance"":5,""physical_error_rate"":0.0001}","{""detection_events"":51822,""detectors_checked"":118128640}"
    539648,         0,         0,    5.93,exact_mw,70a969f5042aec17ac076c6379f4170fb7c69b8e925756ef3b7334e28a33338b,"{""distance"":5,""physical_error_rate"":0.0001}","{""detection_events"":53709,""detectors_checked"":120881152}"
   1698206,         0,         0,    9.87,exact_mw,70a969f5042aec17ac076c6379f4170fb7c69b8e925756ef3b7334e28a33338b,"{""distance"":5,""physical_error_rate"":0.0001}","{""detection_events"":166629,""detectors_checked"":380398144}"
    555008,         0,         0,    5.92,exact_mw,cdc4a450a40af8e24899239080e4c40992fb5baf91c5a31ab3a165eacb3a1ab3,"{""distance"":5,""physical_error_rate"":0.0002}","{""detection_events"":109624,""detectors_checked"":124321792}"
    322560,         0,         0,    5.90,exact_mw,cdc4a450a40af8e24899239080e4c40992fb5baf91c5a31ab3a165eacb3a1ab3,"{""distance"":5,""physical_error_rate"":0.0002}","{""detection_events"":63544,""detectors_checked"":72253440}"
    405504,         0,         0,    5.92,exact_mw,cb12ae119b9b2ba18d0216e7235b403229e92fd0743ede48fe7f1a2c6f45d594,"{""distance"":5,""physical_error_rate"":0.0005}","{""detection_events"":200706,""detectors_checked"":90832896}"
    928768,         0,         0,    22.6,exact_mw,cb12ae119b9b2ba18d0216e7235b403229e92fd0743ede48fe7f1a2c6f45d594,"{""distance"":5,""physical_error_rate"":0.0005}","{""detection_events"":458780,""detectors_checked"":208044032}"
    376832,         0,         0,    5.91,exact_mw,70a969f5042aec17ac076c6379f4170fb7c69b8e925756ef3b7334e28a33338b,"{""distance"":5,""physical_error_rate"":0.0001}","{""detection_events"":36160,""detectors_checked"":84410368}"
    250880,         0,         0,    5.90,exact_mw,cb12ae119b9b2ba18d0216e7235b403229e92fd0743ede48fe7f1a2c6f45d594,"{""distance"":5,""physical_error_rate"":0.0005}","{""detection_events"":123652,""detectors_checked"":56197120}"
    282624,         0,         0,    5.93,exact_mw,cb12ae119b9b2ba18d0216e7235b403229e92fd0743ede48fe7f1a2c6f45d594,"{""distance"":5,""physical_error_rate"":0.0005}","{""detection_events"":137382,""detectors_checked"":63307776}"
   5103616,         4,         0,   118.2,exact_mw,cb12ae119b9b2ba18d0216e7235b403229e92fd0743ede48fe7f1a2c6f45d594,"{""distance"":5,""physical_error_rate"":0.0005}","{""detection_events"":2511582,""detectors_checked"":1143209984,""obs_mistake_mask=E"":4}"
    329728,         0,         0,    5.92,exact_mw,70a969f5042aec17ac076c6379f4170fb7c69b8e925756ef3b7334e28a33338b,"{""distance"":5,""physical_error_rate"":0.0001}","{""detection_events"":32667,""detectors_checked"":73859072}"
   1579508,         0,         0,    27.1,exact_mw,70a969f5042aec17ac076c6379f4170fb7c69b8e925756ef3b7334e28a33338b,"{""distance"":5,""physical_error_rate"":0.0001}","{""detection_events"":156081,""detectors_checked"":353809792}"
   1531904,         0,         0,    27.0,exact_mw,70a969f5042aec17ac076c6379f4170fb7c69b8e925756ef3b7334e28a33338b,"{""distance"":5,""physical_error_rate"":0.0001}","{""detection_events"":151079,""detectors_checked"":343146496}"
    368640,         0,         0,    5.85,exact_mw,cdc4a450a40af8e24899239080e4c40992fb5baf91c5a31ab3a165eacb3a1ab3,"{""distance"":5,""physical_error_rate"":0.0002}","{""detection_events"":73100,""detectors_checked"":82575360}"
    234496,         0,         0,    5.90,exact_mw,cb12ae119b9b2ba18d0216e7235b403229e92fd0743ede48fe7f1a2c6f45d594,"{""distance"":5,""physical_error_rate"":0.0005}","{""detection_events"":115557,""detectors_checked"":52527104}"
   1533952,         0,         0,    27.1,exact_mw,70a969f5042aec17ac076c6379f4170fb7c69b8e925756ef3b7334e28a33338b,"{""distance"":5,""physical_error_rate"":0.0001}","{""detection_events"":150888,""detectors_checked"":343605248}"
    346112,         0,         0,    5.80,exact_mw,70a969f5042aec17ac076c6379f4170fb7c69b8e925756ef3b7334e28a33338b,"{""distance"":5,""physical_error_rate"":0.0001}","{""detection_events"":34145,""detectors_checked"":77529088}"
    342016,         0,         0,    5.93,exact_mw,cdc4a450a40af8e24899239080e4c40992fb5baf91c5a31ab3a165eacb3a1ab3,"{""distance"":5,""physical_error_rate"":0.0002}","{""detection_events"":68605,""detectors_checked"":76611584}"
   1251328,         0,         0,    22.6,exact_mw,70a969f5042aec17ac076c6379f4170fb7c69b8e925756ef3b7334e28a33338b,"{""distance"":5,""physical_error_rate"":0.0001}","{""detection_events"":125015,""detectors_checked"":280297472}"
    458752,         0,         0,    5.75,exact_mw,70a969f5042aec17ac076c6379f4170fb7c69b8e925756ef3b7334e28a33338b,"{""distance"":5,""physical_error_rate"":0.0001}","{""detection_events"":45114,""detectors_checked"":102760448}"
   1526343,         0,         0,    25.4,exact_mw,70a969f5042aec17ac076c6379f4170fb7c69b8e925756ef3b7334e28a33338b,"{""distance"":5,""physical_error_rate"":0.0001}","{""detection_events"":150917,""detectors_checked"":341900832}"
   1445888,         0,         0,    21.5,exact_mw,70a969f5042aec17ac076c6379f4170fb7c69b8e925756ef3b7334e28a33338b,"{""distance"":5,""physical_error_rate"":0.0001}","{""detection_events"":142063,""detectors_checked"":323878912}"
   1448960,         0,         0,    24.5,exact_mw,70a969f5042aec17ac076c6379f4170fb7c69b8e925756ef3b7334e28a33338b,"{""distance"":5,""physical_error_rate"":0.0001}","{""detection_events"":143621,""detectors_checked"":324567040}"
   1446912,         0,         0,    25.6,exact_mw,70a969f5042aec17ac076c6379f4170fb7c69b8e925756ef3b7334e28a33338b,"{""distance"":5,""physical_error_rate"":0.0001}","{""detection_events"":142381,""detectors_checked"":324108288}"
   1446912,         0,         0,    28.1,exact_mw,70a969f5042aec17ac076c6379f4170fb7c69b8e925756ef3b7334e28a33338b,"{""distance"":5,""physical_error_rate"":0.0001}","{""detection_events"":141518,""detectors_checked"":324108288}"
   1423360,         0,         0,    24.6,exact_mw,70a969f5042aec17ac076c6379f4170fb7c69b8e925756ef3b7334e28a33338b,"{""distance"":5,""physical_error_rate"":0.0001}","{""detection_events"":140874,""detectors_checked"":318832640}"
   1489920,         0,         0,    28.1,exact_mw,70a969f5042aec17ac076c6379f4170fb7c69b8e925756ef3b7334e28a33338b,"{""distance"":5,""physical_error_rate"":0.0001}","{""detection_events"":146200,""detectors_checked"":333742080}"
   1416192,         0,         0,    25.7,exact_mw,70a969f5042aec17ac076c6379f4170fb7c69b8e925756ef3b7334e28a33338b,"{""distance"":5,""physical_error_rate"":0.0001}","{""detection_events"":139850,""detectors_checked"":317227008}"
   1516544,         0,         0,    25.6,exact_mw,70a969f5042aec17ac076c6379f4170fb7c69b8e925756ef3b7334e28a33338b,"{""distance"":5,""physical_error_rate"":0.0001}","{""detection_events"":149365,""detectors_checked"":339705856}"
   1384448,         0,         0,    24.5,exact_mw,70a969f5042aec17ac076c6379f4170fb7c69b8e925756ef3b7334e28a33338b,"{""distance"":5,""physical_error_rate"":0.0001}","{""detection_events"":136337,""detectors_checked"":310116352}"
   1456128,         0,         0,    25.6,exact_mw,70a969f5042aec17ac076c6379f4170fb7c69b8e925756ef3b7334e28a33338b,"{""distance"":5,""physical_error_rate"":0.0001}","{""detection_events"":143419,""detectors_checked"":326172672}"
   1488896,         0,         0,    25.8,exact_mw,70a969f5042aec17ac076c6379f4170fb7c69b8e925756ef3b7334e28a33338b,"{""distance"":5,""physical_error_rate"":0.0001}","{""detection_events"":146568,""detectors_checked"":333512704}"
   1385472,         0,         0,    24.4,exact_mw,70a969f5042aec17ac076c6379f4170fb7c69b8e925756ef3b7334e28a33338b,"{""distance"":5,""physical_error_rate"":0.0001}","{""detection_events"":136855,""detectors_checked"":310345728}"
    323584,         0,         0,    5.89,exact_mw,cdc4a450a40af8e24899239080e4c40992fb5baf91c5a31ab3a165eacb3a1ab3,"{""distance"":5,""physical_error_rate"":0.0002}","{""detection_events"":64404,""detectors_checked"":72482816}"
    263168,         0,         0,    5.96,exact_mw,cb12ae119b9b2ba18d0216e7235b403229e92fd0743ede48fe7f1a2c6f45d594,"{""distance"":5,""physical_error_rate"":0.0005}","{""detection_events"":129225,""detectors_checked"":58949632}"
   1371729,         0,         0,    26.1,exact_mw,70a969f5042aec17ac076c6379f4170fb7c69b8e925756ef3b7334e28a33338b,"{""distance"":5,""physical_error_rate"":0.0001}","{""detection_events"":135565,""detectors_checked"":307267296}"
   1222656,         0,         0,    6.82,exact_mw,70a969f5042aec17ac076c6379f4170fb7c69b8e925756ef3b7334e28a33338b,"{""distance"":5,""physical_error_rate"":0.0001}","{""detection_events"":119895,""detectors_checked"":273874944}"
   1234944,         0,         0,    25.0,exact_mw,70a969f5042aec17ac076c6379f4170fb7c69b8e925756ef3b7334e28a33338b,"{""distance"":5,""physical_error_rate"":0.0001}","{""detection_events"":120897,""detectors_checked"":276627456}"
   1273856,         0,         0,    26.3,exact_mw,70a969f5042aec17ac076c6379f4170fb7c69b8e925756ef3b7334e28a33338b,"{""distance"":5,""physical_error_rate"":0.0001}","{""detection_events"":125835,""detectors_checked"":285343744}"
   1318912,         0,         0,    26.2,exact_mw,70a969f5042aec17ac076c6379f4170fb7c69b8e925756ef3b7334e28a33338b,"{""distance"":5,""physical_error_rate"":0.0001}","{""detection_events"":130065,""detectors_checked"":295436288}"
   1346560,         0,         0,    26.4,exact_mw,70a969f5042aec17ac076c6379f4170fb7c69b8e925756ef3b7334e28a33338b,"{""distance"":5,""physical_error_rate"":0.0001}","{""detection_events"":132966,""detectors_checked"":301629440}"
    369664,         0,         0,    5.88,exact_mw,70a969f5042aec17ac076c6379f4170fb7c69b8e925756ef3b7334e28a33338b,"{""distance"":5,""physical_error_rate"":0.0001}","{""detection_events"":37101,""detectors_checked"":82804736}"
   1016832,         1,         0,    22.7,exact_mw,cb12ae119b9b2ba18d0216e7235b403229e92fd0743ede48fe7f1a2c6f45d594,"{""distance"":5,""physical_error_rate"":0.0005}","{""detection_events"":499359,""detectors_checked"":227770368,""obs_mistake_mask=E"":1}"
   2103320,         0,         0,    22.0,exact_mw,cdc4a450a40af8e24899239080e4c40992fb5baf91c5a31ab3a165eacb3a1ab3,"{""distance"":5,""physical_error_rate"":0.0002}","{""detection_events"":415862,""detectors_checked"":471143680}"
   1997824,         0,         0,    37.7,exact_mw,cdc4a450a40af8e24899239080e4c40992fb5baf91c5a31ab3a165eacb3a1ab3,"{""distance"":5,""physical_error_rate"":0.0002}","{""detection_events"":396004,""detectors_checked"":447512576}"
   1783808,         0,         0,    30.0,exact_mw,cdc4a450a40af8e24899239080e4c40992fb5baf91c5a31ab3a165eacb3a1ab3,"{""distance"":5,""physical_error_rate"":0.0002}","{""detection_events"":351262,""detectors_checked"":399572992}"
   1759541,         0,         0,    31.2,exact_mw,cdc4a450a40af8e24899239080e4c40992fb5baf91c5a31ab3a165eacb3a1ab3,"{""distance"":5,""physical_error_rate"":0.0002}","{""detection_events"":347022,""detectors_checked"":394137184}"
   1670144,         0,         0,    22.1,exact_mw,cdc4a450a40af8e24899239080e4c40992fb5baf91c5a31ab3a165eacb3a1ab3,"{""distance"":5,""physical_error_rate"":0.0002}","{""detection_events"":331417,""detectors_checked"":374112256}"
   1712128,         0,         0,    31.3,exact_mw,cdc4a450a40af8e24899239080e4c40992fb5baf91c5a31ab3a165eacb3a1ab3,"{""distance"":5,""physical_error_rate"":0.0002}","{""detection_events"":336710,""detectors_checked"":383516672}"
    936349,         0,         0,    14.9,exact_mw,70a969f5042aec17ac076c6379f4170fb7c69b8e925756ef3b7334e28a33338b,"{""distance"":5,""physical_error_rate"":0.0001}","{""detection_events"":92406,""detectors_checked"":209742176}"
    902144,         0,         0,    14.6,exact_mw,70a969f5042aec17ac076c6379f4170fb7c69b8e925756ef3b7334e28a33338b,"{""distance"":5,""physical_error_rate"":0.0001}","{""detection_events"":89870,""detectors_checked"":202080256}"
    786432,         0,         0,    5.17,exact_mw,70a969f5042aec17ac076c6379f4170fb7c69b8e925756ef3b7334e28a33338b,"{""distance"":5,""physical_error_rate"":0.0001}","{""detection_events"":77336,""detectors_checked"":176160768}"
    833536,         0,         0,    14.7,exact_mw,70a969f5042aec17ac076c6379f4170fb7c69b8e925756ef3b7334e28a33338b,"{""distance"":5,""physical_error_rate"":0.0001}","{""detection_events"":81719,""detectors_checked"":186712064}"
    879616,         0,         0,    13.2,exact_mw,70a969f5042aec17ac076c6379f4170fb7c69b8e925756ef3b7334e28a33338b,"{""distance"":5,""physical_error_rate"":0.0001}","{""detection_events"":86628,""detectors_checked"":197033984}"
   1630676,         0,         0,    13.4,exact_mw,cdc4a450a40af8e24899239080e4c40992fb5baf91c5a31ab3a165eacb3a1ab3,"{""distance"":5,""physical_error_rate"":0.0002}","{""detection_events"":322842,""detectors_checked"":365271424}"
   1542144,         0,         0,    23.5,exact_mw,cdc4a450a40af8e24899239080e4c40992fb5baf91c5a31ab3a165eacb3a1ab3,"{""distance"":5,""physical_error_rate"":0.0002}","{""detection_events"":304491,""detectors_checked"":345440256}"
    757211,         0,         0,    8.29,exact_mw,70a969f5042aec17ac076c6379f4170fb7c69b8e925756ef3b7334e28a33338b,"{""distance"":5,""physical_error_rate"":0.0001}","{""detection_events"":74992,""detectors_checked"":169615264}"
    718848,         0,         0,    10.1,exact_mw,70a969f5042aec17ac076c6379f4170fb7c69b8e925756ef3b7334e28a33338b,"{""distance"":5,""physical_error_rate"":0.0001}","{""detection_events"":70498,""detectors_checked"":161021952}"
    538624,         0,         0,    8.30,exact_mw,cdc4a450a40af8e24899239080e4c40992fb5baf91c5a31ab3a165eacb3a1ab3,"{""distance"":5,""physical_error_rate"":0.0002}","{""detection_events"":105624,""detectors_checked"":120651776}"
    534528,         0,         0,    8.21,exact_mw,70a969f5042aec17ac076c6379f4170fb7c69b8e925756ef3b7334e28a33338b,"{""distance"":5,""physical_error_rate"":0.0001}","{""detection_events"":52359,""detectors_checked"":119734272}"
    584453,         0,         0,    3.97,exact_mw,70a969f5042aec17ac076c6379f4170fb7c69b8e925756ef3b7334e28a33338b,"{""distance"":5,""physical_error_rate"":0.0001}","{""detection_events"":57533,""detectors_checked"":130917472}"
    622592,         0,         0,    9.44,exact_mw,70a969f5042aec17ac076c6379f4170fb7c69b8e925756ef3b7334e28a33338b,"{""distance"":5,""physical_error_rate"":0.0001}","{""detection_events"":61016,""detectors_checked"":139460608}"
    529408,         0,         0,    8.32,exact_mw,cdc4a450a40af8e24899239080e4c40992fb5baf91c5a31ab3a165eacb3a1ab3,"{""distance"":5,""physical_error_rate"":0.0002}","{""detection_events"":104465,""detectors_checked"":118587392}"
    364544,         0,         0,    8.24,exact_mw,cb12ae119b9b2ba18d0216e7235b403229e92fd0743ede48fe7f1a2c6f45d594,"{""distance"":5,""physical_error_rate"":0.0005}","{""detection_events"":178114,""detectors_checked"":81657856}"
   4721664,         1,         0,   118.2,exact_mw,cb12ae119b9b2ba18d0216e7235b403229e92fd0743ede48fe7f1a2c6f45d594,"{""distance"":5,""physical_error_rate"":0.0005}","{""detection_events"":2325767,""detectors_checked"":1057652736,""obs_mistake_mask=E"":1}"
    410624,         0,         0,    8.26,exact_mw,cdc4a450a40af8e24899239080e4c40992fb5baf91c5a31ab3a165eacb3a1ab3,"{""distance"":5,""physical_error_rate"":0.0002}","{""detection_events"":80638,""detectors_checked"":91979776}"
    618496,         0,         0,    8.33,exact_mw,cb12ae119b9b2ba18d0216e7235b403229e92fd0743ede48fe7f1a2c6f45d594,"{""distance"":5,""physical_error_rate"":0.0005}","{""detection_events"":302887,""detectors_checked"":138543104}"
    521216,         1,         0,    8.30,exact_mw,cb12ae119b9b2ba18d0216e7235b403229e92fd0743ede48fe7f1a2c6f45d594,"{""distance"":5,""physical_error_rate"":0.0005}","{""detection_events"":257134,""detectors_checked"":116752384,""obs_mistake_mask=E"":1}"
    350208,         0,         0,    8.30,exact_mw,cb12ae119b9b2ba18d0216e7235b403229e92fd0743ede48fe7f1a2c6f45d594,"{""distance"":5,""physical_error_rate"":0.0005}","{""detection_events"":172310,""detectors_checked"":78446592}"
    299008,         0,         0,    8.30,exact_mw,cdc4a450a40af8e24899239080e4c40992fb5baf91c5a31ab3a165eacb3a1ab3,"{""distance"":5,""physical_error_rate"":0.0002}","{""detection_events"":59700,""detectors_checked"":66977792}"
    518144,         0,         0,    8.34,exact_mw,cb12ae119b9b2ba18d0216e7235b403229e92fd0743ede48fe7f1a2c6f45d594,"{""distance"":5,""physical_error_rate"":0.0005}","{""detection_events"":254736,""detectors_checked"":116064256}"
    462848,         0,         0,    8.22,exact_mw,70a969f5042aec17ac076c6379f4170fb7c69b8e925756ef3b7334e28a33338b,"{""distance"":5,""physical_error_rate"":0.0001}","{""detection_events"":45467,""detectors_checked"":103677952}"
    437248,         0,         0,    8.12,exact_mw,70a969f5042aec17ac076c6379f4170fb7c69b8e925756ef3b7334e28a33338b,"{""distance"":5,""physical_error_rate"":0.0001}","{""detection_events"":42557,""detectors_checked"":97943552}"
    814080,         0,         0,    8.29,exact_mw,cdc4a450a40af8e24899239080e4c40992fb5baf91c5a31ab3a165eacb3a1ab3,"{""distance"":5,""physical_error_rate"":0.0002}","{""detection_events"":161094,""detectors_checked"":182353920}"
    617751,         0,         0,    10.5,exact_mw,70a969f5042aec17ac076c6379f4170fb7c69b8e925756ef3b7334e28a33338b,"{""distance"":5,""physical_error_rate"":0.0001}","{""detection_events"":60129,""detectors_checked"":138376224}"
    587776,         0,         0,    8.99,exact_mw,70a969f5042aec17ac076c6379f4170fb7c69b8e925756ef3b7334e28a33338b,"{""distance"":5,""physical_error_rate"":0.0001}","{""detection_events"":58135,""detectors_checked"":131661824}"
    549888,         0,         0,    8.28,exact_mw,cdc4a450a40af8e24899239080e4c40992fb5baf91c5a31ab3a165eacb3a1ab3,"{""distance"":5,""physical_error_rate"":0.0002}","{""detection_events"":109814,""detectors_checked"":123174912}"
    567973,         0,         0,    5.11,exact_mw,70a969f5042aec17ac076c6379f4170fb7c69b8e925756ef3b7334e28a33338b,"{""distance"":5,""physical_error_rate"":0.0001}","{""detection_events"":56607,""detectors_checked"":127225952}"
    551936,         0,         0,    7.97,exact_mw,70a969f5042aec17ac076c6379f4170fb7c69b8e925756ef3b7334e28a33338b,"{""distance"":5,""physical_error_rate"":0.0001}","{""detection_events"":54437,""detectors_checked"":123633664}"
    559104,         0,         0,    5.68,exact_mw,70a969f5042aec17ac076c6379f4170fb7c69b8e925756ef3b7334e28a33338b,"{""distance"":5,""physical_error_rate"":0.0001}","{""detection_events"":55911,""detectors_checked"":125239296}"
    545792,         0,         0,    7.88,exact_mw,70a969f5042aec17ac076c6379f4170fb7c69b8e925756ef3b7334e28a33338b,"{""distance"":5,""physical_error_rate"":0.0001}","{""detection_events"":54148,""detectors_checked"":122257408}"
    541095,         0,         0,    6.95,exact_mw,70a969f5042aec17ac076c6379f4170fb7c69b8e925756ef3b7334e28a33338b,"{""distance"":5,""physical_error_rate"":0.0001}","{""detection_events"":53340,""detectors_checked"":121205280}"
    526336,         0,         0,    7.37,exact_mw,70a969f5042aec17ac076c6379f4170fb7c69b8e925756ef3b7334e28a33338b,"{""distance"":5,""physical_error_rate"":0.0001}","{""detection_events"":51806,""detectors_checked"":117899264}"
    489981,         0,         0,    5.89,exact_mw,70a969f5042aec17ac076c6379f4170fb7c69b8e925756ef3b7334e28a33338b,"{""distance"":5,""physical_error_rate"":0.0001}","{""detection_events"":48924,""detectors_checked"":109755744}"
   1514096,         0,         0,    20.3,exact_mw,cdc4a450a40af8e24899239080e4c40992fb5baf91c5a31ab3a165eacb3a1ab3,"{""distance"":5,""physical_error_rate"":0.0002}","{""detection_events"":298578,""detectors_checked"":339157504}"
   1434624,         0,         0,    25.1,exact_mw,cdc4a450a40af8e24899239080e4c40992fb5baf91c5a31ab3a165eacb3a1ab3,"{""distance"":5,""physical_error_rate"":0.0002}","{""detection_events"":281826,""detectors_checked"":321355776}"
   1453056,         0,         0,    25.3,exact_mw,cdc4a450a40af8e24899239080e4c40992fb5baf91c5a31ab3a165eacb3a1ab3,"{""distance"":5,""physical_error_rate"":0.0002}","{""detection_events"":286866,""detectors_checked"":325484544}"
   1429504,         0,         0,    25.2,exact_mw,cdc4a450a40af8e24899239080e4c40992fb5baf91c5a31ab3a165eacb3a1ab3,"{""distance"":5,""physical_error_rate"":0.0002}","{""detection_events"":280998,""detectors_checked"":320208896}"
   1415168,         0,         0,    26.1,exact_mw,cdc4a450a40af8e24899239080e4c40992fb5baf91c5a31ab3a165eacb3a1ab3,"{""distance"":5,""physical_error_rate"":0.0002}","{""detection_events"":278368,""detectors_checked"":316997632}"
   1473536,         0,         0,    25.2,exact_mw,cdc4a450a40af8e24899239080e4c40992fb5baf91c5a31ab3a165eacb3a1ab3,"{""distance"":5,""physical_error_rate"":0.0002}","{""detection_events"":291051,""detectors_checked"":330072064}"
   1444864,         0,         0,    26.2,exact_mw,cdc4a450a40af8e24899239080e4c40992fb5baf91c5a31ab3a165eacb3a1ab3,"{""distance"":5,""physical_error_rate"":0.0002}","{""detection_events"":286987,""detectors_checked"":323649536}"
   1490944,         0,         0,    26.1,exact_mw,cdc4a450a40af8e24899239080e4c40992fb5baf91c5a31ab3a165eacb3a1ab3,"{""distance"":5,""physical_error_rate"":0.0002}","{""detection_events"":293924,""detectors_checked"":333971456}"
   1445888,         0,         0,    26.2,exact_mw,cdc4a450a40af8e24899239080e4c40992fb5baf91c5a31ab3a165eacb3a1ab3,"{""distance"":5,""physical_error_rate"":0.0002}","{""detection_events"":284716,""detectors_checked"":323878912}"
    466346,         0,         0,    7.17,exact_mw,70a969f5042aec17ac076c6379f4170fb7c69b8e925756ef3b7334e28a33338b,"{""distance"":5,""physical_error_rate"":0.0001}","{""detection_events"":46068,""detectors_checked"":104461504}"
    458752,         0,         0,    5.63,exact_mw,70a969f5042aec17ac076c6379f4170fb7c69b8e925756ef3b7334e28a33338b,"{""distance"":5,""physical_error_rate"":0.0001}","{""detection_events"":44706,""detectors_checked"":102760448}"
    455500,         0,         0,    5.56,exact_mw,70a969f5042aec17ac076c6379f4170fb7c69b8e925756ef3b7334e28a33338b,"{""distance"":5,""physical_error_rate"":0.0001}","{""detection_events"":45664,""detectors_checked"":102032000}"
    466346,         0,         0,    7.27,exact_mw,70a969f5042aec17ac076c6379f4170fb7c69b8e925756ef3b7334e28a33338b,"{""distance"":5,""physical_error_rate"":0.0001}","{""detection_events"":45575,""detectors_checked"":104461504}"
    447488,         0,         0,    5.71,exact_mw,70a969f5042aec17ac076c6379f4170fb7c69b8e925756ef3b7334e28a33338b,"{""distance"":5,""physical_error_rate"":0.0001}","{""detection_events"":43873,""detectors_checked"":100237312}"
    647168,         0,         0,    8.28,exact_mw,cdc4a450a40af8e24899239080e4c40992fb5baf91c5a31ab3a165eacb3a1ab3,"{""distance"":5,""physical_error_rate"":0.0002}","{""detection_events"":127752,""detectors_checked"":144965632}"
    423393,         0,         0,    6.40,exact_mw,70a969f5042aec17ac076c6379f4170fb7c69b8e925756ef3b7334e28a33338b,"{""distance"":5,""physical_error_rate"":0.0001}","{""detection_events"":41989,""detectors_checked"":94840032}"
    433152,         0,         0,    2.99,exact_mw,70a969f5042aec17ac076c6379f4170fb7c69b8e925756ef3b7334e28a33338b,"{""distance"":5,""physical_error_rate"":0.0001}","{""detection_events"":42748,""detectors_checked"":97026048}"
    410624,         0,         0,    6.90,exact_mw,70a969f5042aec17ac076c6379f4170fb7c69b8e925756ef3b7334e28a33338b,"{""distance"":5,""physical_error_rate"":0.0001}","{""detection_events"":40884,""detectors_checked"":91979776}"
    404480,         0,         0,    6.33,exact_mw,70a969f5042aec17ac076c6379f4170fb7c69b8e925756ef3b7334e28a33338b,"{""distance"":5,""physical_error_rate"":0.0001}","{""detection_events"":40328,""detectors_checked"":90603520}"
    420864,         0,         0,    6.40,exact_mw,70a969f5042aec17ac076c6379f4170fb7c69b8e925756ef3b7334e28a33338b,"{""distance"":5,""physical_error_rate"":0.0001}","{""detection_events"":41557,""detectors_checked"":94273536}"
    403456,         0,         0,    6.38,exact_mw,70a969f5042aec17ac076c6379f4170fb7c69b8e925756ef3b7334e28a33338b,"{""distance"":5,""physical_error_rate"":0.0001}","{""detection_events"":39968,""detectors_checked"":90374144}"
    425984,         0,         0,    7.48,exact_mw,70a969f5042aec17ac076c6379f4170fb7c69b8e925756ef3b7334e28a33338b,"{""distance"":5,""physical_error_rate"":0.0001}","{""detection_events"":41548,""detectors_checked"":95420416}"
    441344,         0,         0,    5.72,exact_mw,70a969f5042aec17ac076c6379f4170fb7c69b8e925756ef3b7334e28a33338b,"{""distance"":5,""physical_error_rate"":0.0001}","{""detection_events"":43480,""detectors_checked"":98861056}"
   1369960,         0,         0,    26.5,exact_mw,cdc4a450a40af8e24899239080e4c40992fb5baf91c5a31ab3a165eacb3a1ab3,"{""distance"":5,""physical_error_rate"":0.0002}","{""detection_events"":269525,""detectors_checked"":306871040}"
   1240064,         0,         0,    26.5,exact_mw,cdc4a450a40af8e24899239080e4c40992fb5baf91c5a31ab3a165eacb3a1ab3,"{""distance"":5,""physical_error_rate"":0.0002}","{""detection_events"":244128,""detectors_checked"":277774336}"
   1130496,         0,         0,    16.1,exact_mw,cdc4a450a40af8e24899239080e4c40992fb5baf91c5a31ab3a165eacb3a1ab3,"{""distance"":5,""physical_error_rate"":0.0002}","{""detection_events"":223198,""detectors_checked"":253231104}"
   1201152,         0,         0,    20.7,exact_mw,cdc4a450a40af8e24899239080e4c40992fb5baf91c5a31ab3a165eacb3a1ab3,"{""distance"":5,""physical_error_rate"":0.0002}","{""detection_events"":236503,""detectors_checked"":269058048}"
   1268736,         1,         0,    11.9,exact_mw,cdc4a450a40af8e24899239080e4c40992fb5baf91c5a31ab3a165eacb3a1ab3,"{""distance"":5,""physical_error_rate"":0.0002}","{""detection_events"":251311,""detectors_checked"":284196864,""obs_mistake_mask=E"":1}"
   1306624,         0,         0,    25.6,exact_mw,cdc4a450a40af8e24899239080e4c40992fb5baf91c5a31ab3a165eacb3a1ab3,"{""distance"":5,""physical_error_rate"":0.0002}","{""detection_events"":257636,""detectors_checked"":292683776}"
    382976,         0,         0,    8.29,exact_mw,cdc4a450a40af8e24899239080e4c40992fb5baf91c5a31ab3a165eacb3a1ab3,"{""distance"":5,""physical_error_rate"":0.0002}","{""detection_events"":74601,""detectors_checked"":85786624}"
    499712,         0,         0,    8.32,exact_mw,cb12ae119b9b2ba18d0216e7235b403229e92fd0743ede48fe7f1a2c6f45d594,"{""distance"":5,""physical_error_rate"":0.0005}","{""detection_events"":245419,""detectors_checked"":111935488}"
    403140,         0,         0,    6.62,exact_mw,70a969f5042aec17ac076c6379f4170fb7c69b8e925756ef3b7334e28a33338b,"{""distance"":5,""physical_error_rate"":0.0001}","{""detection_events"":39464,""detectors_checked"":90303360}"
    333824,         0,         0,    6.05,exact_mw,70a969f5042aec17ac076c6379f4170fb7c69b8e925756ef3b7334e28a33338b,"{""distance"":5,""physical_error_rate"":0.0001}","{""detection_events"":33153,""detectors_checked"":74776576}"
    382976,         0,         0,    6.41,exact_mw,70a969f5042aec17ac076c6379f4170fb7c69b8e925756ef3b7334e28a33338b,"{""distance"":5,""physical_error_rate"":0.0001}","{""detection_events"":36991,""detectors_checked"":85786624}"
    355328,         0,         0,    7.95,exact_mw,70a969f5042aec17ac076c6379f4170fb7c69b8e925756ef3b7334e28a33338b,"{""distance"":5,""physical_error_rate"":0.0001}","{""detection_events"":35856,""detectors_checked"":79593472}"
    399360,         0,         0,    6.80,exact_mw,70a969f5042aec17ac076c6379f4170fb7c69b8e925756ef3b7334e28a33338b,"{""distance"":5,""physical_error_rate"":0.0001}","{""detection_events"":39392,""detectors_checked"":89456640}"
    402432,         0,         0,    6.61,exact_mw,70a969f5042aec17ac076c6379f4170fb7c69b8e925756ef3b7334e28a33338b,"{""distance"":5,""physical_error_rate"":0.0001}","{""detection_events"":39969,""detectors_checked"":90144768}"
    365568,         0,         0,    6.48,exact_mw,70a969f5042aec17ac076c6379f4170fb7c69b8e925756ef3b7334e28a33338b,"{""distance"":5,""physical_error_rate"":0.0001}","{""detection_events"":35861,""detectors_checked"":81887232}"
    393216,         0,         0,    6.62,exact_mw,70a969f5042aec17ac076c6379f4170fb7c69b8e925756ef3b7334e28a33338b,"{""distance"":5,""physical_error_rate"":0.0001}","{""detection_events"":38776,""detectors_checked"":88080384}"
    360448,         0,         0,    6.55,exact_mw,70a969f5042aec17ac076c6379f4170fb7c69b8e925756ef3b7334e28a33338b,"{""distance"":5,""physical_error_rate"":0.0001}","{""detection_events"":35903,""detectors_checked"":80740352}"
    363520,         1,         0,    8.27,exact_mw,cb12ae119b9b2ba18d0216e7235b403229e92fd0743ede48fe7f1a2c6f45d594,"{""distance"":5,""physical_error_rate"":0.0005}","{""detection_events"":178261,""detectors_checked"":81428480,""obs_mistake_mask=E"":1}"
    410624,         0,         0,    8.22,exact_mw,cb12ae119b9b2ba18d0216e7235b403229e92fd0743ede48fe7f1a2c6f45d594,"{""distance"":5,""physical_error_rate"":0.0005}","{""detection_events"":201649,""detectors_checked"":91979776}"
    576512,         0,         0,    8.21,exact_mw,cdc4a450a40af8e24899239080e4c40992fb5baf91c5a31ab3a165eacb3a1ab3,"{""distance"":5,""physical_error_rate"":0.0002}","{""detection_events"":113525,""detectors_checked"":129138688}"
    358400,         0,         0,    8.18,exact_mw,cb12ae119b9b2ba18d0216e7235b403229e92fd0743ede48fe7f1a2c6f45d594,"{""distance"":5,""physical_error_rate"":0.0005}","{""detection_events"":176927,""detectors_checked"":80281600}"
   1053571,         0,         0,    12.8,exact_mw,cdc4a450a40af8e24899239080e4c40992fb5baf91c5a31ab3a165eacb3a1ab3,"{""distance"":5,""physical_error_rate"":0.0002}","{""detection_events"":208702,""detectors_checked"":235999904}"
   1049600,         0,         0,    16.0,exact_mw,cdc4a450a40af8e24899239080e4c40992fb5baf91c5a31ab3a165eacb3a1ab3,"{""distance"":5,""physical_error_rate"":0.0002}","{""detection_events"":206263,""detectors_checked"":235110400}"
    496640,         0,         0,    8.27,exact_mw,cdc4a450a40af8e24899239080e4c40992fb5baf91c5a31ab3a165eacb3a1ab3,"{""distance"":5,""physical_error_rate"":0.0002}","{""detection_events"":98559,""detectors_checked"":111247360}"
     42692,         0,         0,   0.933,exact_mw,70a969f5042aec17ac076c6379f4170fb7c69b8e925756ef3b7334e28a33338b,"{""distance"":5,""physical_error_rate"":0.0001}","{""detection_events"":4206,""detectors_checked"":9563008}"
    320512,         0,         0,    3.01,exact_mw,70a969f5042aec17ac076c6379f4170fb7c69b8e925756ef3b7334e28a33338b,"{""distance"":5,""physical_error_rate"":0.0001}","{""detection_events"":31741,""detectors_checked"":71794688}"
    297984,         0,         0,    7.59,exact_mw,70a969f5042aec17ac076c6379f4170fb7c69b8e925756ef3b7334e28a33338b,"{""distance"":5,""physical_error_rate"":0.0001}","{""detection_events"":29472,""detectors_checked"":66748416}"
    271360,         0,         0,    4.24,exact_mw,70a969f5042aec17ac076c6379f4170fb7c69b8e925756ef3b7334e28a33338b,"{""distance"":5,""physical_error_rate"":0.0001}","{""detection_events"":26912,""detectors_checked"":60784640}"
    254794,         0,         0,    4.36,exact_mw,70a969f5042aec17ac076c6379f4170fb7c69b8e925756ef3b7334e28a33338b,"{""distance"":5,""physical_error_rate"":0.0001}","{""detection_events"":24621,""detectors_checked"":57073856}"
    241664,         0,         0,    4.39,exact_mw,70a969f5042aec17ac076c6379f4170fb7c69b8e925756ef3b7334e28a33338b,"{""distance"":5,""physical_error_rate"":0.0001}","{""detection_events"":24034,""detectors_checked"":54132736}"
    228174,         0,         0,    4.42,exact_mw,70a969f5042aec17ac076c6379f4170fb7c69b8e925756ef3b7334e28a33338b,"{""distance"":5,""physical_error_rate"":0.0001}","{""detection_events"":22572,""detectors_checked"":51110976}"
    220160,         0,         0,    3.76,exact_mw,70a969f5042aec17ac076c6379f4170fb7c69b8e925756ef3b7334e28a33338b,"{""distance"":5,""physical_error_rate"":0.0001}","{""detection_events"":21625,""detectors_checked"":49315840}"
    217248,         0,         0,    3.47,exact_mw,70a969f5042aec17ac076c6379f4170fb7c69b8e925756ef3b7334e28a33338b,"{""distance"":5,""physical_error_rate"":0.0001}","{""detection_events"":21480,""detectors_checked"":48663552}"
    214016,         0,         0,    3.33,exact_mw,70a969f5042aec17ac076c6379f4170fb7c69b8e925756ef3b7334e28a33338b,"{""distance"":5,""physical_error_rate"":0.0001}","{""detection_events"":20731,""detectors_checked"":47939584}"
    207076,         0,         0,    4.00,exact_mw,70a969f5042aec17ac076c6379f4170fb7c69b8e925756ef3b7334e28a33338b,"{""distance"":5,""physical_error_rate"":0.0001}","{""detection_events"":20544,""detectors_checked"":46385024}"
    863801,         0,         0,    13.3,exact_mw,cdc4a450a40af8e24899239080e4c40992fb5baf91c5a31ab3a165eacb3a1ab3,"{""distance"":5,""physical_error_rate"":0.0002}","{""detection_events"":170647,""detectors_checked"":193491424}"
    843776,         0,         0,    13.5,exact_mw,cdc4a450a40af8e24899239080e4c40992fb5baf91c5a31ab3a165eacb3a1ab3,"{""distance"":5,""physical_error_rate"":0.0002}","{""detection_events"":166411,""detectors_checked"":189005824}"
    197283,         0,         0,    2.24,exact_mw,70a969f5042aec17ac076c6379f4170fb7c69b8e925756ef3b7334e28a33338b,"{""distance"":5,""physical_error_rate"":0.0001}","{""detection_events"":19589,""detectors_checked"":44191392}"
    861184,         0,         0,    15.3,exact_mw,cdc4a450a40af8e24899239080e4c40992fb5baf91c5a31ab3a165eacb3a1ab3,"{""distance"":5,""physical_error_rate"":0.0002}","{""detection_events"":170283,""detectors_checked"":192905216}"
    192695,         0,         0,    1.42,exact_mw,70a969f5042aec17ac076c6379f4170fb7c69b8e925756ef3b7334e28a33338b,"{""distance"":5,""physical_error_rate"":0.0001}","{""detection_events"":18794,""detectors_checked"":43163680}"
    836608,         0,         0,    13.3,exact_mw,cdc4a450a40af8e24899239080e4c40992fb5baf91c5a31ab3a165eacb3a1ab3,"{""distance"":5,""physical_error_rate"":0.0002}","{""detection_events"":165838,""detectors_checked"":187400192}"
    195584,         0,         0,    2.28,exact_mw,70a969f5042aec17ac076c6379f4170fb7c69b8e925756ef3b7334e28a33338b,"{""distance"":5,""physical_error_rate"":0.0001}","{""detection_events"":18981,""detectors_checked"":43810816}"
    188416,         0,         0,    2.73,exact_mw,70a969f5042aec17ac076c6379f4170fb7c69b8e925756ef3b7334e28a33338b,"{""distance"":5,""physical_error_rate"":0.0001}","{""detection_events"":18988,""detectors_checked"":42205184}"
    502784,         0,         0,    8.19,exact_mw,cdc4a450a40af8e24899239080e4c40992fb5baf91c5a31ab3a165eacb3a1ab3,"{""distance"":5,""physical_error_rate"":0.0002}","{""detection_events"":99037,""detectors_checked"":112623616}"
    188214,         0,         0,    1.86,exact_mw,70a969f5042aec17ac076c6379f4170fb7c69b8e925756ef3b7334e28a33338b,"{""distance"":5,""physical_error_rate"":0.0001}","{""detection_events"":18588,""detectors_checked"":42159936}"
    182272,         0,         0,    2.41,exact_mw,70a969f5042aec17ac076c6379f4170fb7c69b8e925756ef3b7334e28a33338b,"{""distance"":5,""physical_error_rate"":0.0001}","{""detection_events"":18105,""detectors_checked"":40828928}"
    180224,         0,         0,    2.81,exact_mw,70a969f5042aec17ac076c6379f4170fb7c69b8e925756ef3b7334e28a33338b,"{""distance"":5,""physical_error_rate"":0.0001}","{""detection_events"":17581,""detectors_checked"":40370176}"
    372736,         1,         0,    8.22,exact_mw,cb12ae119b9b2ba18d0216e7235b403229e92fd0743ede48fe7f1a2c6f45d594,"{""distance"":5,""physical_error_rate"":0.0005}","{""detection_events"":183868,""detectors_checked"":83492864,""obs_mistake_mask=E"":1}"
    174906,         0,         0,    2.35,exact_mw,70a969f5042aec17ac076c6379f4170fb7c69b8e925756ef3b7334e28a33338b,"{""distance"":5,""physical_error_rate"":0.0001}","{""detection_events"":17161,""detectors_checked"":39178944}"
    183296,         0,         0,    2.32,exact_mw,70a969f5042aec17ac076c6379f4170fb7c69b8e925756ef3b7334e28a33338b,"{""distance"":5,""physical_error_rate"":0.0001}","{""detection_events"":18374,""detectors_checked"":41058304}"
    162816,         0,         0,    2.26,exact_mw,70a969f5042aec17ac076c6379f4170fb7c69b8e925756ef3b7334e28a33338b,"{""distance"":5,""physical_error_rate"":0.0001}","{""detection_events"":16591,""detectors_checked"":36470784}"
    174906,         0,         0,    2.83,exact_mw,70a969f5042aec17ac076c6379f4170fb7c69b8e925756ef3b7334e28a33338b,"{""distance"":5,""physical_error_rate"":0.0001}","{""detection_events"":17490,""detectors_checked"":39178944}"
    151552,         0,         0,    2.90,exact_mw,70a969f5042aec17ac076c6379f4170fb7c69b8e925756ef3b7334e28a33338b,"{""distance"":5,""physical_error_rate"":0.0001}","{""detection_events"":14588,""detectors_checked"":33947648}"
    150292,         0,         0,    2.14,exact_mw,70a969f5042aec17ac076c6379f4170fb7c69b8e925756ef3b7334e28a33338b,"{""distance"":5,""physical_error_rate"":0.0001}","{""detection_events"":14944,""detectors_checked"":33665408}"
    143360,         0,         0,    2.72,exact_mw,70a969f5042aec17ac076c6379f4170fb7c69b8e925756ef3b7334e28a33338b,"{""distance"":5,""physical_error_rate"":0.0001}","{""detection_events"":14064,""detectors_checked"":32112640}"
    145408,         0,         0,    1.89,exact_mw,70a969f5042aec17ac076c6379f4170fb7c69b8e925756ef3b7334e28a33338b,"{""distance"":5,""physical_error_rate"":0.0001}","{""detection_events"":14201,""detectors_checked"":32571392}"
    149504,         0,         0,    2.16,exact_mw,70a969f5042aec17ac076c6379f4170fb7c69b8e925756ef3b7334e28a33338b,"{""distance"":5,""physical_error_rate"":0.0001}","{""detection_events"":14730,""detectors_checked"":33488896}"
    144384,         0,         0,    2.17,exact_mw,70a969f5042aec17ac076c6379f4170fb7c69b8e925756ef3b7334e28a33338b,"{""distance"":5,""physical_error_rate"":0.0001}","{""detection_events"":14513,""detectors_checked"":32342016}"
    149504,         0,         0,    2.27,exact_mw,70a969f5042aec17ac076c6379f4170fb7c69b8e925756ef3b7334e28a33338b,"{""distance"":5,""physical_error_rate"":0.0001}","{""detection_events"":14516,""detectors_checked"":33488896}"
    143272,         0,         0,    2.22,exact_mw,70a969f5042aec17ac076c6379f4170fb7c69b8e925756ef3b7334e28a33338b,"{""distance"":5,""physical_error_rate"":0.0001}","{""detection_events"":13978,""detectors_checked"":32092928}"
    126976,         0,         0,    1.85,exact_mw,70a969f5042aec17ac076c6379f4170fb7c69b8e925756ef3b7334e28a33338b,"{""distance"":5,""physical_error_rate"":0.0001}","{""detection_events"":12531,""detectors_checked"":28442624}"
    143272,         0,         0,    2.08,exact_mw,70a969f5042aec17ac076c6379f4170fb7c69b8e925756ef3b7334e28a33338b,"{""distance"":5,""physical_error_rate"":0.0001}","{""detection_events"":14218,""detectors_checked"":32092928}"
    136192,         0,         0,   0.976,exact_mw,70a969f5042aec17ac076c6379f4170fb7c69b8e925756ef3b7334e28a33338b,"{""distance"":5,""physical_error_rate"":0.0001}","{""detection_events"":13654,""detectors_checked"":30507008}"
    124928,         0,         0,    2.09,exact_mw,70a969f5042aec17ac076c6379f4170fb7c69b8e925756ef3b7334e28a33338b,"{""distance"":5,""physical_error_rate"":0.0001}","{""detection_events"":12098,""detectors_checked"":27983872}"
    126976,         0,         0,    2.17,exact_mw,70a969f5042aec17ac076c6379f4170fb7c69b8e925756ef3b7334e28a33338b,"{""distance"":5,""physical_error_rate"":0.0001}","{""detection_events"":12807,""detectors_checked"":28442624}"
    121856,         0,         0,    1.88,exact_mw,70a969f5042aec17ac076c6379f4170fb7c69b8e925756ef3b7334e28a33338b,"{""distance"":5,""physical_error_rate"":0.0001}","{""detection_events"":11934,""detectors_checked"":27295744}"
    122913,         0,         0,    2.13,exact_mw,70a969f5042aec17ac076c6379f4170fb7c69b8e925756ef3b7334e28a33338b,"{""distance"":5,""physical_error_rate"":0.0001}","{""detection_events"":11984,""detectors_checked"":27532512}"
    108544,         0,         0,    2.15,exact_mw,70a969f5042aec17ac076c6379f4170fb7c69b8e925756ef3b7334e28a33338b,"{""distance"":5,""physical_error_rate"":0.0001}","{""detection_events"":10382,""detectors_checked"":24313856}"
    104448,         0,         0,    1.91,exact_mw,70a969f5042aec17ac076c6379f4170fb7c69b8e925756ef3b7334e28a33338b,"{""distance"":5,""physical_error_rate"":0.0001}","{""detection_events"":10254,""detectors_checked"":23396352}"
    116628,         0,         0,    2.23,exact_mw,70a969f5042aec17ac076c6379f4170fb7c69b8e925756ef3b7334e28a33338b,"{""distance"":5,""physical_error_rate"":0.0001}","{""detection_events"":11685,""detectors_checked"":26124672}"
    104448,         0,         0,    1.89,exact_mw,70a969f5042aec17ac076c6379f4170fb7c69b8e925756ef3b7334e28a33338b,"{""distance"":5,""physical_error_rate"":0.0001}","{""detection_events"":10343,""detectors_checked"":23396352}"
    116736,         0,         0,    2.15,exact_mw,70a969f5042aec17ac076c6379f4170fb7c69b8e925756ef3b7334e28a33338b,"{""distance"":5,""physical_error_rate"":0.0001}","{""detection_events"":11364,""detectors_checked"":26148864}"
    101376,         0,         0,    1.92,exact_mw,70a969f5042aec17ac076c6379f4170fb7c69b8e925756ef3b7334e28a33338b,"{""distance"":5,""physical_error_rate"":0.0001}","{""detection_events"":10151,""detectors_checked"":22708224}"
    102400,         0,         0,    1.97,exact_mw,70a969f5042aec17ac076c6379f4170fb7c69b8e925756ef3b7334e28a33338b,"{""distance"":5,""physical_error_rate"":0.0001}","{""detection_events"":10622,""detectors_checked"":22937600}"
    101911,         0,         0,   0.694,exact_mw,70a969f5042aec17ac076c6379f4170fb7c69b8e925756ef3b7334e28a33338b,"{""distance"":5,""physical_error_rate"":0.0001}","{""detection_events"":10312,""detectors_checked"":22828064}"
     58831,         0,         0,   0.778,exact_mw,cdc4a450a40af8e24899239080e4c40992fb5baf91c5a31ab3a165eacb3a1ab3,"{""distance"":5,""physical_error_rate"":0.0002}","{""detection_events"":11733,""detectors_checked"":13178144}"
    779264,         0,         0,    12.8,exact_mw,cdc4a450a40af8e24899239080e4c40992fb5baf91c5a31ab3a165eacb3a1ab3,"{""distance"":5,""physical_error_rate"":0.0002}","{""detection_events"":153867,""detectors_checked"":174555136}"
    735586,         0,         0,    12.6,exact_mw,cdc4a450a40af8e24899239080e4c40992fb5baf91c5a31ab3a165eacb3a1ab3,"{""distance"":5,""physical_error_rate"":0.0002}","{""detection_events"":144932,""detectors_checked"":164771264}"
    703488,         0,         0,    13.1,exact_mw,cdc4a450a40af8e24899239080e4c40992fb5baf91c5a31ab3a165eacb3a1ab3,"{""distance"":5,""physical_error_rate"":0.0002}","{""detection_events"":138593,""detectors_checked"":157581312}"
     81992,         0,         0,   0.924,exact_mw,70a969f5042aec17ac076c6379f4170fb7c69b8e925756ef3b7334e28a33338b,"{""distance"":5,""physical_error_rate"":0.0001}","{""detection_events"":7886,""detectors_checked"":18366208}"
     81992,         0,         0,    1.21,exact_mw,70a969f5042aec17ac076c6379f4170fb7c69b8e925756ef3b7334e28a33338b,"{""distance"":5,""physical_error_rate"":0.0001}","{""detection_events"":8142,""detectors_checked"":18366208}"
     80896,         0,         0,    1.28,exact_mw,70a969f5042aec17ac076c6379f4170fb7c69b8e925756ef3b7334e28a33338b,"{""distance"":5,""physical_error_rate"":0.0001}","{""detection_events"":8150,""detectors_checked"":18120704}"
     80086,         0,         0,   0.954,exact_mw,70a969f5042aec17ac076c6379f4170fb7c69b8e925756ef3b7334e28a33338b,"{""distance"":5,""physical_error_rate"":0.0001}","{""detection_events"":7922,""detectors_checked"":17939264}"
     79872,         0,         0,    1.42,exact_mw,70a969f5042aec17ac076c6379f4170fb7c69b8e925756ef3b7334e28a33338b,"{""distance"":5,""physical_error_rate"":0.0001}","{""detection_events"":7899,""detectors_checked"":17891328}"
     79872,         0,         0,    1.25,exact_mw,70a969f5042aec17ac076c6379f4170fb7c69b8e925756ef3b7334e28a33338b,"{""distance"":5,""physical_error_rate"":0.0001}","{""detection_events"":7571,""detectors_checked"":17891328}"
     74435,         0,         0,   0.948,exact_mw,70a969f5042aec17ac076c6379f4170fb7c69b8e925756ef3b7334e28a33338b,"{""distance"":5,""physical_error_rate"":0.0001}","{""detection_events"":7616,""detectors_checked"":16673440}"
     74752,         0,         0,    1.22,exact_mw,70a969f5042aec17ac076c6379f4170fb7c69b8e925756ef3b7334e28a33338b,"{""distance"":5,""physical_error_rate"":0.0001}","{""detection_events"":7210,""detectors_checked"":16744448}"
     77824,         0,         0,    1.11,exact_mw,70a969f5042aec17ac076c6379f4170fb7c69b8e925756ef3b7334e28a33338b,"{""distance"":5,""physical_error_rate"":0.0001}","{""detection_events"":7602,""detectors_checked"":17432576}"
     70656,         0,         0,    1.15,exact_mw,70a969f5042aec17ac076c6379f4170fb7c69b8e925756ef3b7334e28a33338b,"{""distance"":5,""physical_error_rate"":0.0001}","{""detection_events"":6921,""detectors_checked"":15826944}"
     69632,         0,         0,    1.02,exact_mw,70a969f5042aec17ac076c6379f4170fb7c69b8e925756ef3b7334e28a33338b,"{""distance"":5,""physical_error_rate"":0.0001}","{""detection_events"":6761,""detectors_checked"":15597568}"
    700357,         0,         0,    5.75,exact_mw,cdc4a450a40af8e24899239080e4c40992fb5baf91c5a31ab3a165eacb3a1ab3,"{""distance"":5,""physical_error_rate"":0.0002}","{""detection_events"":137609,""detectors_checked"":156879968}"
     74435,         0,         0,    1.09,exact_mw,70a969f5042aec17ac076c6379f4170fb7c69b8e925756ef3b7334e28a33338b,"{""distance"":5,""physical_error_rate"":0.0001}","{""detection_events"":7527,""detectors_checked"":16673440}"
     68608,         0,         0,    1.19,exact_mw,70a969f5042aec17ac076c6379f4170fb7c69b8e925756ef3b7334e28a33338b,"{""distance"":5,""physical_error_rate"":0.0001}","{""detection_events"":6409,""detectors_checked"":15368192}"
     74435,         0,         0,   0.877,exact_mw,70a969f5042aec17ac076c6379f4170fb7c69b8e925756ef3b7334e28a33338b,"{""distance"":5,""physical_error_rate"":0.0001}","{""detection_events"":7296,""detectors_checked"":16673440}"
     61440,         0,         0,   0.889,exact_mw,70a969f5042aec17ac076c6379f4170fb7c69b8e925756ef3b7334e28a33338b,"{""distance"":5,""physical_error_rate"":0.0001}","{""detection_events"":5950,""detectors_checked"":13762560}"
     70656,         0,         0,   0.639,exact_mw,70a969f5042aec17ac076c6379f4170fb7c69b8e925756ef3b7334e28a33338b,"{""distance"":5,""physical_error_rate"":0.0001}","{""detection_events"":6766,""detectors_checked"":15826944}"
     60447,         0,         0,   0.763,exact_mw,70a969f5042aec17ac076c6379f4170fb7c69b8e925756ef3b7334e28a33338b,"{""distance"":5,""physical_error_rate"":0.0001}","{""detection_events"":6238,""detectors_checked"":13540128}"
     58368,         0,         0,   0.957,exact_mw,70a969f5042aec17ac076c6379f4170fb7c69b8e925756ef3b7334e28a33338b,"{""distance"":5,""physical_error_rate"":0.0001}","{""detection_events"":5984,""detectors_checked"":13074432}"
     60447,         0,         0,   0.593,exact_mw,70a969f5042aec17ac076c6379f4170fb7c69b8e925756ef3b7334e28a33338b,"{""distance"":5,""physical_error_rate"":0.0001}","{""detection_events"":6062,""detectors_checked"":13540128}"
     53248,         0,         0,   0.665,exact_mw,70a969f5042aec17ac076c6379f4170fb7c69b8e925756ef3b7334e28a33338b,"{""distance"":5,""physical_error_rate"":0.0001}","{""detection_events"":5273,""detectors_checked"":11927552}"
     49880,         0,         0,   0.693,exact_mw,70a969f5042aec17ac076c6379f4170fb7c69b8e925756ef3b7334e28a33338b,"{""distance"":5,""physical_error_rate"":0.0001}","{""detection_events"":4830,""detectors_checked"":11173120}"
     47481,         0,         0,   0.680,exact_mw,70a969f5042aec17ac076c6379f4170fb7c69b8e925756ef3b7334e28a33338b,"{""distance"":5,""physical_error_rate"":0.0001}","{""detection_events"":4717,""detectors_checked"":10635744}"
     47104,         0,         0,   0.728,exact_mw,70a969f5042aec17ac076c6379f4170fb7c69b8e925756ef3b7334e28a33338b,"{""distance"":5,""physical_error_rate"":0.0001}","{""detection_events"":4571,""detectors_checked"":10551296}"
     48128,         0,         0,   0.643,exact_mw,70a969f5042aec17ac076c6379f4170fb7c69b8e925756ef3b7334e28a33338b,"{""distance"":5,""physical_error_rate"":0.0001}","{""detection_events"":4660,""detectors_checked"":10780672}"
     51200,         0,         0,   0.803,exact_mw,70a969f5042aec17ac076c6379f4170fb7c69b8e925756ef3b7334e28a33338b,"{""distance"":5,""physical_error_rate"":0.0001}","{""detection_events"":4929,""detectors_checked"":11468800}"
     52224,         0,         0,   0.994,exact_mw,70a969f5042aec17ac076c6379f4170fb7c69b8e925756ef3b7334e28a33338b,"{""distance"":5,""physical_error_rate"":0.0001}","{""detection_events"":5292,""detectors_checked"":11698176}"
     56320,         0,         0,   0.985,exact_mw,70a969f5042aec17ac076c6379f4170fb7c69b8e925756ef3b7334e28a33338b,"{""distance"":5,""physical_error_rate"":0.0001}","{""detection_events"":5248,""detectors_checked"":12615680}"
     47481,         0,         0,   0.670,exact_mw,70a969f5042aec17ac076c6379f4170fb7c69b8e925756ef3b7334e28a33338b,"{""distance"":5,""physical_error_rate"":0.0001}","{""detection_events"":4678,""detectors_checked"":10635744}"
     51200,         0,         0,   0.719,exact_mw,70a969f5042aec17ac076c6379f4170fb7c69b8e925756ef3b7334e28a33338b,"{""distance"":5,""physical_error_rate"":0.0001}","{""detection_events"":5085,""detectors_checked"":11468800}"
     52224,         0,         0,   0.646,exact_mw,70a969f5042aec17ac076c6379f4170fb7c69b8e925756ef3b7334e28a33338b,"{""distance"":5,""physical_error_rate"":0.0001}","{""detection_events"":5103,""detectors_checked"":11698176}"
     47481,         0,         0,   0.566,exact_mw,70a969f5042aec17ac076c6379f4170fb7c69b8e925756ef3b7334e28a33338b,"{""distance"":5,""physical_error_rate"":0.0001}","{""detection_events"":4744,""detectors_checked"":10635744}"
     47104,         0,         0,   0.626,exact_mw,70a969f5042aec17ac076c6379f4170fb7c69b8e925756ef3b7334e28a33338b,"{""distance"":5,""physical_error_rate"":0.0001}","{""detection_events"":4652,""detectors_checked"":10551296}"
     52224,         0,         0,   0.997,exact_mw,70a969f5042aec17ac076c6379f4170fb7c69b8e925756ef3b7334e28a33338b,"{""distance"":5,""physical_error_rate"":0.0001}","{""detection_events"":5127,""detectors_checked"":11698176}"
     39936,         0,         0,   0.212,exact_mw,70a969f5042aec17ac076c6379f4170fb7c69b8e925756ef3b7334e28a33338b,"{""distance"":5,""physical_error_rate"":0.0001}","{""detection_events"":3976,""detectors_checked"":8945664}"
     44032,         0,         0,   0.658,exact_mw,70a969f5042aec17ac076c6379f4170fb7c69b8e925756ef3b7334e28a33338b,"{""distance"":5,""physical_error_rate"":0.0001}","{""detection_events"":4248,""detectors_checked"":9863168}"
     46080,         0,         0,   0.661,exact_mw,70a969f5042aec17ac076c6379f4170fb7c69b8e925756ef3b7334e28a33338b,"{""distance"":5,""physical_error_rate"":0.0001}","{""detection_events"":4789,""detectors_checked"":10321920}"
     44032,         0,         0,   0.639,exact_mw,70a969f5042aec17ac076c6379f4170fb7c69b8e925756ef3b7334e28a33338b,"{""distance"":5,""physical_error_rate"":0.0001}","{""detection_events"":4340,""detectors_checked"":9863168}"
     48128,         0,         0,   0.712,exact_mw,70a969f5042aec17ac076c6379f4170fb7c69b8e925756ef3b7334e28a33338b,"{""distance"":5,""physical_error_rate"":0.0001}","{""detection_events"":4805,""detectors_checked"":10780672}"
     39936,         0,         0,   0.629,exact_mw,70a969f5042aec17ac076c6379f4170fb7c69b8e925756ef3b7334e28a33338b,"{""distance"":5,""physical_error_rate"":0.0001}","{""detection_events"":4052,""detectors_checked"":8945664}"
     46080,         0,         0,   0.671,exact_mw,70a969f5042aec17ac076c6379f4170fb7c69b8e925756ef3b7334e28a33338b,"{""distance"":5,""physical_error_rate"":0.0001}","{""detection_events"":4476,""detectors_checked"":10321920}"
      5421,         0,         0,   0.031,exact_mw,70a969f5042aec17ac076c6379f4170fb7c69b8e925756ef3b7334e28a33338b,"{""distance"":5,""physical_error_rate"":0.0001}","{""detection_events"":546,""detectors_checked"":1214304}"
     41984,         0,         0,   0.530,exact_mw,70a969f5042aec17ac076c6379f4170fb7c69b8e925756ef3b7334e28a33338b,"{""distance"":5,""physical_error_rate"":0.0001}","{""detection_events"":4232,""detectors_checked"":9404416}"
     36864,         0,         0,   0.685,exact_mw,70a969f5042aec17ac076c6379f4170fb7c69b8e925756ef3b7334e28a33338b,"{""distance"":5,""physical_error_rate"":0.0001}","{""detection_events"":3591,""detectors_checked"":8257536}"
     38912,         0,         0,   0.632,exact_mw,70a969f5042aec17ac076c6379f4170fb7c69b8e925756ef3b7334e28a33338b,"{""distance"":5,""physical_error_rate"":0.0001}","{""detection_events"":3983,""detectors_checked"":8716288}"
     30720,         0,         0,   0.410,exact_mw,70a969f5042aec17ac076c6379f4170fb7c69b8e925756ef3b7334e28a33338b,"{""distance"":5,""physical_error_rate"":0.0001}","{""detection_events"":3020,""detectors_checked"":6881280}"
     46080,         0,         0,   0.770,exact_mw,70a969f5042aec17ac076c6379f4170fb7c69b8e925756ef3b7334e28a33338b,"{""distance"":5,""physical_error_rate"":0.0001}","{""detection_events"":4256,""detectors_checked"":10321920}"
     26230,         0,         0,   0.378,exact_mw,70a969f5042aec17ac076c6379f4170fb7c69b8e925756ef3b7334e28a33338b,"{""distance"":5,""physical_error_rate"":0.0001}","{""detection_events"":2709,""detectors_checked"":5875520}"
     22528,         0,         0,   0.371,exact_mw,70a969f5042aec17ac076c6379f4170fb7c69b8e925756ef3b7334e28a33338b,"{""distance"":5,""physical_error_rate"":0.0001}","{""detection_events"":2122,""detectors_checked"":5046272}"
     22528,         0,         0,   0.292,exact_mw,70a969f5042aec17ac076c6379f4170fb7c69b8e925756ef3b7334e28a33338b,"{""distance"":5,""physical_error_rate"":0.0001}","{""detection_events"":2238,""detectors_checked"":5046272}"
     21095,         0,         0,   0.325,exact_mw,70a969f5042aec17ac076c6379f4170fb7c69b8e925756ef3b7334e28a33338b,"{""distance"":5,""physical_error_rate"":0.0001}","{""detection_events"":2201,""detectors_checked"":4725280}"
     19557,         0,         0,   0.327,exact_mw,70a969f5042aec17ac076c6379f4170fb7c69b8e925756ef3b7334e28a33338b,"{""distance"":5,""physical_error_rate"":0.0001}","{""detection_events"":1789,""detectors_checked"":4380768}"
     21095,         0,         0,   0.275,exact_mw,70a969f5042aec17ac076c6379f4170fb7c69b8e925756ef3b7334e28a33338b,"{""distance"":5,""physical_error_rate"":0.0001}","{""detection_events"":2013,""detectors_checked"":4725280}"
     19456,         0,         0,   0.352,exact_mw,70a969f5042aec17ac076c6379f4170fb7c69b8e925756ef3b7334e28a33338b,"{""distance"":5,""physical_error_rate"":0.0001}","{""detection_events"":1875,""detectors_checked"":4358144}"
     20480,         0,         0,   0.402,exact_mw,70a969f5042aec17ac076c6379f4170fb7c69b8e925756ef3b7334e28a33338b,"{""distance"":5,""physical_error_rate"":0.0001}","{""detection_events"":1976,""detectors_checked"":4587520}"
     21095,         0,         0,   0.363,exact_mw,70a969f5042aec17ac076c6379f4170fb7c69b8e925756ef3b7334e28a33338b,"{""distance"":5,""physical_error_rate"":0.0001}","{""detection_events"":2120,""detectors_checked"":4725280}"
     19557,         0,         0,   0.280,exact_mw,70a969f5042aec17ac076c6379f4170fb7c69b8e925756ef3b7334e28a33338b,"{""distance"":5,""physical_error_rate"":0.0001}","{""detection_events"":1936,""detectors_checked"":4380768}"
     19557,         0,         0,   0.329,exact_mw,70a969f5042aec17ac076c6379f4170fb7c69b8e925756ef3b7334e28a33338b,"{""distance"":5,""physical_error_rate"":0.0001}","{""detection_events"":1930,""detectors_checked"":4380768}"
     18432,         0,         0,   0.237,exact_mw,70a969f5042aec17ac076c6379f4170fb7c69b8e925756ef3b7334e28a33338b,"{""distance"":5,""physical_error_rate"":0.0001}","{""detection_events"":1890,""detectors_checked"":4128768}"
     18432,         0,         0,   0.148,exact_mw,70a969f5042aec17ac076c6379f4170fb7c69b8e925756ef3b7334e28a33338b,"{""distance"":5,""physical_error_rate"":0.0001}","{""detection_events"":1874,""detectors_checked"":4128768}"
     19102,         0,         0,   0.159,exact_mw,70a969f5042aec17ac076c6379f4170fb7c69b8e925756ef3b7334e28a33338b,"{""distance"":5,""physical_error_rate"":0.0001}","{""detection_events"":1883,""detectors_checked"":4278848}"
     16384,         0,         0,   0.240,exact_mw,70a969f5042aec17ac076c6379f4170fb7c69b8e925756ef3b7334e28a33338b,"{""distance"":5,""physical_error_rate"":0.0001}","{""detection_events"":1624,""detectors_checked"":3670016}"
     19456,         0,         0,   0.218,exact_mw,70a969f5042aec17ac076c6379f4170fb7c69b8e925756ef3b7334e28a33338b,"{""distance"":5,""physical_error_rate"":0.0001}","{""detection_events"":2031,""detectors_checked"":4358144}"
     18432,         0,         0,   0.315,exact_mw,70a969f5042aec17ac076c6379f4170fb7c69b8e925756ef3b7334e28a33338b,"{""distance"":5,""physical_error_rate"":0.0001}","{""detection_events"":1766,""detectors_checked"":4128768}"
     16737,         0,         0,   0.219,exact_mw,70a969f5042aec17ac076c6379f4170fb7c69b8e925756ef3b7334e28a33338b,"{""distance"":5,""physical_error_rate"":0.0001}","{""detection_events"":1712,""detectors_checked"":3749088}"
     17408,         0,         0,   0.237,exact_mw,70a969f5042aec17ac076c6379f4170fb7c69b8e925756ef3b7334e28a33338b,"{""distance"":5,""physical_error_rate"":0.0001}","{""detection_events"":1761,""detectors_checked"":3899392}"
     16384,         0,         0,   0.198,exact_mw,70a969f5042aec17ac076c6379f4170fb7c69b8e925756ef3b7334e28a33338b,"{""distance"":5,""physical_error_rate"":0.0001}","{""detection_events"":1667,""detectors_checked"":3670016}"
     14336,         0,         0,   0.195,exact_mw,70a969f5042aec17ac076c6379f4170fb7c69b8e925756ef3b7334e28a33338b,"{""distance"":5,""physical_error_rate"":0.0001}","{""detection_events"":1371,""detectors_checked"":3211264}"
     17192,         0,         0,   0.186,exact_mw,70a969f5042aec17ac076c6379f4170fb7c69b8e925756ef3b7334e28a33338b,"{""distance"":5,""physical_error_rate"":0.0001}","{""detection_events"":1682,""detectors_checked"":3851008}"
     17408,         0,         0,   0.253,exact_mw,70a969f5042aec17ac076c6379f4170fb7c69b8e925756ef3b7334e28a33338b,"{""distance"":5,""physical_error_rate"":0.0001}","{""detection_events"":1727,""detectors_checked"":3899392}"
     14981,         0,         0,   0.202,exact_mw,70a969f5042aec17ac076c6379f4170fb7c69b8e925756ef3b7334e28a33338b,"{""distance"":5,""physical_error_rate"":0.0001}","{""detection_events"":1440,""detectors_checked"":3355744}"
     12288,         0,         0,   0.179,exact_mw,70a969f5042aec17ac076c6379f4170fb7c69b8e925756ef3b7334e28a33338b,"{""distance"":5,""physical_error_rate"":0.0001}","{""detection_events"":1243,""detectors_checked"":2752512}"
      3606,         0,         0,   0.018,exact_mw,70a969f5042aec17ac076c6379f4170fb7c69b8e925756ef3b7334e28a33338b,"{""distance"":5,""physical_error_rate"":0.0001}","{""detection_events"":329,""detectors_checked"":807744}"
     12288,         0,         0,   0.133,exact_mw,70a969f5042aec17ac076c6379f4170fb7c69b8e925756ef3b7334e28a33338b,"{""distance"":5,""physical_error_rate"":0.0001}","{""detection_events"":1218,""detectors_checked"":2752512}"
     13312,         0,         0,   0.214,exact_mw,70a969f5042aec17ac076c6379f4170fb7c69b8e925756ef3b7334e28a33338b,"{""distance"":5,""physical_error_rate"":0.0001}","{""detection_events"":1209,""detectors_checked"":2981888}"
     15360,         0,         0,   0.170,exact_mw,70a969f5042aec17ac076c6379f4170fb7c69b8e925756ef3b7334e28a33338b,"{""distance"":5,""physical_error_rate"":0.0001}","{""detection_events"":1508,""detectors_checked"":3440640}"
     13329,         0,         0,   0.172,exact_mw,70a969f5042aec17ac076c6379f4170fb7c69b8e925756ef3b7334e28a33338b,"{""distance"":5,""physical_error_rate"":0.0001}","{""detection_events"":1307,""detectors_checked"":2985696}"
     11264,         0,         0,   0.143,exact_mw,70a969f5042aec17ac076c6379f4170fb7c69b8e925756ef3b7334e28a33338b,"{""distance"":5,""physical_error_rate"":0.0001}","{""detection_events"":1168,""detectors_checked"":2523136}"
     11264,         0,         0,   0.132,exact_mw,70a969f5042aec17ac076c6379f4170fb7c69b8e925756ef3b7334e28a33338b,"{""distance"":5,""physical_error_rate"":0.0001}","{""detection_events"":1168,""detectors_checked"":2523136}"
     16282,         0,         0,   0.228,exact_mw,70a969f5042aec17ac076c6379f4170fb7c69b8e925756ef3b7334e28a33338b,"{""distance"":5,""physical_error_rate"":0.0001}","{""detection_events"":1504,""detectors_checked"":3647168}"
     16384,         0,         0,   0.257,exact_mw,70a969f5042aec17ac076c6379f4170fb7c69b8e925756ef3b7334e28a33338b,"{""distance"":5,""physical_error_rate"":0.0001}","{""detection_events"":1653,""detectors_checked"":3670016}"
      7552,         0,         0,   0.063,exact_mw,70a969f5042aec17ac076c6379f4170fb7c69b8e925756ef3b7334e28a33338b,"{""distance"":5,""physical_error_rate"":0.0001}","{""detection_events"":715,""detectors_checked"":1691648}"
      9425,         0,         0,   0.080,exact_mw,70a969f5042aec17ac076c6379f4170fb7c69b8e925756ef3b7334e28a33338b,"{""distance"":5,""physical_error_rate"":0.0001}","{""detection_events"":903,""detectors_checked"":2111200}"
     12288,         0,         0,   0.172,exact_mw,70a969f5042aec17ac076c6379f4170fb7c69b8e925756ef3b7334e28a33338b,"{""distance"":5,""physical_error_rate"":0.0001}","{""detection_events"":1215,""detectors_checked"":2752512}"
      6776,         0,         0,   0.081,exact_mw,70a969f5042aec17ac076c6379f4170fb7c69b8e925756ef3b7334e28a33338b,"{""distance"":5,""physical_error_rate"":0.0001}","{""detection_events"":582,""detectors_checked"":1517824}"
     15360,         0,         0,   0.182,exact_mw,70a969f5042aec17ac076c6379f4170fb7c69b8e925756ef3b7334e28a33338b,"{""distance"":5,""physical_error_rate"":0.0001}","{""detection_events"":1551,""detectors_checked"":3440640}"
     16282,         0,         0,   0.221,exact_mw,70a969f5042aec17ac076c6379f4170fb7c69b8e925756ef3b7334e28a33338b,"{""distance"":5,""physical_error_rate"":0.0001}","{""detection_events"":1655,""detectors_checked"":3647168}"
      4899,         0,         0,   0.041,exact_mw,70a969f5042aec17ac076c6379f4170fb7c69b8e925756ef3b7334e28a33338b,"{""distance"":5,""physical_error_rate"":0.0001}","{""detection_events"":545,""detectors_checked"":1097376}"
     15360,         0,         0,   0.227,exact_mw,70a969f5042aec17ac076c6379f4170fb7c69b8e925756ef3b7334e28a33338b,"{""distance"":5,""physical_error_rate"":0.0001}","{""detection_events"":1503,""detectors_checked"":3440640}"
      4968,         0,         0,   0.044,exact_mw,70a969f5042aec17ac076c6379f4170fb7c69b8e925756ef3b7334e28a33338b,"{""distance"":5,""physical_error_rate"":0.0001}","{""detection_events"":574,""detectors_checked"":1112832}"
      3035,         0,         0,   0.041,exact_mw,70a969f5042aec17ac076c6379f4170fb7c69b8e925756ef3b7334e28a33338b,"{""distance"":5,""physical_error_rate"":0.0001}","{""detection_events"":284,""detectors_checked"":679840}"
      5403,         0,         0,   0.024,exact_mw,70a969f5042aec17ac076c6379f4170fb7c69b8e925756ef3b7334e28a33338b,"{""distance"":5,""physical_error_rate"":0.0001}","{""detection_events"":581,""detectors_checked"":1210272}"
     12288,         0,         0,   0.120,exact_mw,70a969f5042aec17ac076c6379f4170fb7c69b8e925756ef3b7334e28a33338b,"{""distance"":5,""physical_error_rate"":0.0001}","{""detection_events"":1145,""detectors_checked"":2752512}"
     12288,         0,         0,   0.186,exact_mw,70a969f5042aec17ac076c6379f4170fb7c69b8e925756ef3b7334e28a33338b,"{""distance"":5,""physical_error_rate"":0.0001}","{""detection_events"":1213,""detectors_checked"":2752512}"
     10240,         0,         0,   0.104,exact_mw,70a969f5042aec17ac076c6379f4170fb7c69b8e925756ef3b7334e28a33338b,"{""distance"":5,""physical_error_rate"":0.0001}","{""detection_events"":1036,""detectors_checked"":2293760}"
     14336,         0,         0,   0.180,exact_mw,70a969f5042aec17ac076c6379f4170fb7c69b8e925756ef3b7334e28a33338b,"{""distance"":5,""physical_error_rate"":0.0001}","{""detection_events"":1357,""detectors_checked"":3211264}"
     15360,         0,         0,   0.227,exact_mw,70a969f5042aec17ac076c6379f4170fb7c69b8e925756ef3b7334e28a33338b,"{""distance"":5,""physical_error_rate"":0.0001}","{""detection_events"":1485,""detectors_checked"":3440640}"
      5604,         0,         0,   0.032,exact_mw,70a969f5042aec17ac076c6379f4170fb7c69b8e925756ef3b7334e28a33338b,"{""distance"":5,""physical_error_rate"":0.0001}","{""detection_events"":568,""detectors_checked"":1255296}"
       922,         0,         0,   0.019,exact_mw,70a969f5042aec17ac076c6379f4170fb7c69b8e925756ef3b7334e28a33338b,"{""distance"":5,""physical_error_rate"":0.0001}","{""detection_events"":77,""detectors_checked"":206528}"
      4154,         0,         0,   0.032,exact_mw,70a969f5042aec17ac076c6379f4170fb7c69b8e925756ef3b7334e28a33338b,"{""distance"":5,""physical_error_rate"":0.0001}","{""detection_events"":340,""detectors_checked"":930496}"
     15360,         0,         0,   0.272,exact_mw,70a969f5042aec17ac076c6379f4170fb7c69b8e925756ef3b7334e28a33338b,"{""distance"":5,""physical_error_rate"":0.0001}","{""detection_events"":1582,""detectors_checked"":3440640}"
      1022,         0,         0,   0.003,exact_mw,70a969f5042aec17ac076c6379f4170fb7c69b8e925756ef3b7334e28a33338b,"{""distance"":5,""physical_error_rate"":0.0001}","{""detection_events"":87,""detectors_checked"":228928}"
       645,         0,         0,   0.002,exact_mw,70a969f5042aec17ac076c6379f4170fb7c69b8e925756ef3b7334e28a33338b,"{""distance"":5,""physical_error_rate"":0.0001}","{""detection_events"":53,""detectors_checked"":144480}"
      5784,         0,         0,   0.059,exact_mw,70a969f5042aec17ac076c6379f4170fb7c69b8e925756ef3b7334e28a33338b,"{""distance"":5,""physical_error_rate"":0.0001}","{""detection_events"":605,""detectors_checked"":1295616}"
      1832,         0,         0,   0.005,exact_mw,70a969f5042aec17ac076c6379f4170fb7c69b8e925756ef3b7334e28a33338b,"{""distance"":5,""physical_error_rate"":0.0001}","{""detection_events"":152,""detectors_checked"":410368}"
      4096,         0,         0,   0.016,exact_mw,70a969f5042aec17ac076c6379f4170fb7c69b8e925756ef3b7334e28a33338b,"{""distance"":5,""physical_error_rate"":0.0001}","{""detection_events"":376,""detectors_checked"":917504}"
       817,         0,         0,   0.004,exact_mw,70a969f5042aec17ac076c6379f4170fb7c69b8e925756ef3b7334e28a33338b,"{""distance"":5,""physical_error_rate"":0.0001}","{""detection_events"":70,""detectors_checked"":183008}"
      1041,         0,         0,   0.003,exact_mw,70a969f5042aec17ac076c6379f4170fb7c69b8e925756ef3b7334e28a33338b,"{""distance"":5,""physical_error_rate"":0.0001}","{""detection_events"":107,""detectors_checked"":233184}"
      5120,         0,         0,   0.031,exact_mw,70a969f5042aec17ac076c6379f4170fb7c69b8e925756ef3b7334e28a33338b,"{""distance"":5,""physical_error_rate"":0.0001}","{""detection_events"":569,""detectors_checked"":1146880}"
      1377,         0,         0,   0.006,exact_mw,70a969f5042aec17ac076c6379f4170fb7c69b8e925756ef3b7334e28a33338b,"{""distance"":5,""physical_error_rate"":0.0001}","{""detection_events"":134,""detectors_checked"":308448}"
     11264,         0,         0,   0.196,exact_mw,70a969f5042aec17ac076c6379f4170fb7c69b8e925756ef3b7334e28a33338b,"{""distance"":5,""physical_error_rate"":0.0001}","{""detection_events"":1043,""detectors_checked"":2523136}"
       331,         0,         0,   0.001,exact_mw,70a969f5042aec17ac076c6379f4170fb7c69b8e925756ef3b7334e28a33338b,"{""distance"":5,""physical_error_rate"":0.0001}","{""detection_events"":61,""detectors_checked"":74144}"
      1519,         0,         0,   0.026,exact_mw,70a969f5042aec17ac076c6379f4170fb7c69b8e925756ef3b7334e28a33338b,"{""distance"":5,""physical_error_rate"":0.0001}","{""detection_events"":167,""detectors_checked"":340256}"
      2211,         0,         0,   0.016,exact_mw,70a969f5042aec17ac076c6379f4170fb7c69b8e925756ef3b7334e28a33338b,"{""distance"":5,""physical_error_rate"":0.0001}","{""detection_events"":208,""detectors_checked"":495264}"
      2365,         0,         0,   0.027,exact_mw,70a969f5042aec17ac076c6379f4170fb7c69b8e925756ef3b7334e28a33338b,"{""distance"":5,""physical_error_rate"":0.0001}","{""detection_events"":227,""detectors_checked"":529760}"
      1055,         0,         0,   0.003,exact_mw,70a969f5042aec17ac076c6379f4170fb7c69b8e925756ef3b7334e28a33338b,"{""distance"":5,""physical_error_rate"":0.0001}","{""detection_events"":106,""detectors_checked"":236320}"
      5120,         0,         0,   0.045,exact_mw,70a969f5042aec17ac076c6379f4170fb7c69b8e925756ef3b7334e28a33338b,"{""distance"":5,""physical_error_rate"":0.0001}","{""detection_events"":555,""detectors_checked"":1146880}"
      2385,         0,         0,   0.012,exact_mw,70a969f5042aec17ac076c6379f4170fb7c69b8e925756ef3b7334e28a33338b,"{""distance"":5,""physical_error_rate"":0.0001}","{""detection_events"":239,""detectors_checked"":534240}"
      6096,         0,         0,   0.082,exact_mw,70a969f5042aec17ac076c6379f4170fb7c69b8e925756ef3b7334e28a33338b,"{""distance"":5,""physical_error_rate"":0.0001}","{""detection_events"":605,""detectors_checked"":1365504}"
      3072,         0,         0,   0.034,exact_mw,70a969f5042aec17ac076c6379f4170fb7c69b8e925756ef3b7334e28a33338b,"{""distance"":5,""physical_error_rate"":0.0001}","{""detection_events"":270,""detectors_checked"":688128}"
      3640,         0,         0,   0.030,exact_mw,70a969f5042aec17ac076c6379f4170fb7c69b8e925756ef3b7334e28a33338b,"{""distance"":5,""physical_error_rate"":0.0001}","{""detection_events"":402,""detectors_checked"":815360}"
      5779,         0,         0,   0.091,exact_mw,70a969f5042aec17ac076c6379f4170fb7c69b8e925756ef3b7334e28a33338b,"{""distance"":5,""physical_error_rate"":0.0001}","{""detection_events"":665,""detectors_checked"":1294496}"
        39,         0,         0,   0.000,exact_mw,70a969f5042aec17ac076c6379f4170fb7c69b8e925756ef3b7334e28a33338b,"{""distance"":5,""physical_error_rate"":0.0001}","{""detection_events"":3,""detectors_checked"":8736}"
      3072,         0,         0,   0.028,exact_mw,70a969f5042aec17ac076c6379f4170fb7c69b8e925756ef3b7334e28a33338b,"{""distance"":5,""physical_error_rate"":0.0001}","{""detection_events"":359,""detectors_checked"":688128}"
      1031,         0,         0,   0.003,exact_mw,70a969f5042aec17ac076c6379f4170fb7c69b8e925756ef3b7334e28a33338b,"{""distance"":5,""physical_error_rate"":0.0001}","{""detection_events"":106,""detectors_checked"":230944}"
       514,         0,         0,   0.002,exact_mw,70a969f5042aec17ac076c6379f4170fb7c69b8e925756ef3b7334e28a33338b,"{""distance"":5,""physical_error_rate"":0.0001}","{""detection_events"":66,""detectors_checked"":115136}"
      1533,         0,         0,   0.004,exact_mw,70a969f5042aec17ac076c6379f4170fb7c69b8e925756ef3b7334e28a33338b,"{""distance"":5,""physical_error_rate"":0.0001}","{""detection_events"":139,""detectors_checked"":343392}"
      1210,         0,         0,   0.003,exact_mw,70a969f5042aec17ac076c6379f4170fb7c69b8e925756ef3b7334e28a33338b,"{""distance"":5,""physical_error_rate"":0.0001}","{""detection_events"":116,""detectors_checked"":271040}"
       996,         0,         0,   0.003,exact_mw,70a969f5042aec17ac076c6379f4170fb7c69b8e925756ef3b7334e28a33338b,"{""distance"":5,""physical_error_rate"":0.0001}","{""detection_events"":105,""detectors_checked"":223104}"
      3679,         0,         0,   0.036,exact_mw,70a969f5042aec17ac076c6379f4170fb7c69b8e925756ef3b7334e28a33338b,"{""distance"":5,""physical_error_rate"":0.0001}","{""detection_events"":406,""detectors_checked"":824096}"
      6096,         0,         0,   0.076,exact_mw,70a969f5042aec17ac076c6379f4170fb7c69b8e925756ef3b7334e28a33338b,"{""distance"":5,""physical_error_rate"":0.0001}","{""detection_events"":541,""detectors_checked"":1365504}"
        27,         0,         0,   0.000,exact_mw,70a969f5042aec17ac076c6379f4170fb7c69b8e925756ef3b7334e28a33338b,"{""distance"":5,""physical_error_rate"":0.0001}","{""detectors_checked"":6048}"
      5784,         0,         0,   0.038,exact_mw,70a969f5042aec17ac076c6379f4170fb7c69b8e925756ef3b7334e28a33338b,"{""distance"":5,""physical_error_rate"":0.0001}","{""detection_events"":613,""detectors_checked"":1295616}"
       861,         0,         0,   0.002,exact_mw,70a969f5042aec17ac076c6379f4170fb7c69b8e925756ef3b7334e28a33338b,"{""distance"":5,""physical_error_rate"":0.0001}","{""detection_events"":65,""detectors_checked"":192864}"
       332,         0,         0,   0.001,exact_mw,70a969f5042aec17ac076c6379f4170fb7c69b8e925756ef3b7334e28a33338b,"{""distance"":5,""physical_error_rate"":0.0001}","{""detection_events"":31,""detectors_checked"":74368}"
       546,         0,         0,   0.002,exact_mw,70a969f5042aec17ac076c6379f4170fb7c69b8e925756ef3b7334e28a33338b,"{""distance"":5,""physical_error_rate"":0.0001}","{""detection_events"":54,""detectors_checked"":122304}"
      1885,         0,         0,   0.005,exact_mw,70a969f5042aec17ac076c6379f4170fb7c69b8e925756ef3b7334e28a33338b,"{""distance"":5,""physical_error_rate"":0.0001}","{""detection_events"":188,""detectors_checked"":422240}"
       201,         0,         0,   0.001,exact_mw,70a969f5042aec17ac076c6379f4170fb7c69b8e925756ef3b7334e28a33338b,"{""distance"":5,""physical_error_rate"":0.0001}","{""detection_events"":26,""detectors_checked"":45024}"
      2618,         0,         0,   0.022,exact_mw,70a969f5042aec17ac076c6379f4170fb7c69b8e925756ef3b7334e28a33338b,"{""distance"":5,""physical_error_rate"":0.0001}","{""detection_events"":254,""detectors_checked"":586432}"
      5910,         0,         0,   0.037,exact_mw,70a969f5042aec17ac076c6379f4170fb7c69b8e925756ef3b7334e28a33338b,"{""distance"":5,""physical_error_rate"":0.0001}","{""detection_events"":565,""detectors_checked"":1323840}"
        12,         0,         0,   0.000,exact_mw,70a969f5042aec17ac076c6379f4170fb7c69b8e925756ef3b7334e28a33338b,"{""distance"":5,""physical_error_rate"":0.0001}","{""detectors_checked"":2688}"
        11,         0,         0,   0.000,exact_mw,70a969f5042aec17ac076c6379f4170fb7c69b8e925756ef3b7334e28a33338b,"{""distance"":5,""physical_error_rate"":0.0001}","{""detectors_checked"":2464}"
       419,         0,         0,   0.001,exact_mw,70a969f5042aec17ac076c6379f4170fb7c69b8e925756ef3b7334e28a33338b,"{""distance"":5,""physical_error_rate"":0.0001}","{""detection_events"":42,""detectors_checked"":93856}"
      2130,         0,         0,   0.034,exact_mw,70a969f5042aec17ac076c6379f4170fb7c69b8e925756ef3b7334e28a33338b,"{""distance"":5,""physical_error_rate"":0.0001}","{""detection_events"":145,""detectors_checked"":477120}"
       607,         0,         0,   0.002,exact_mw,70a969f5042aec17ac076c6379f4170fb7c69b8e925756ef3b7334e28a33338b,"{""distance"":5,""physical_error_rate"":0.0001}","{""detection_events"":76,""detectors_checked"":135968}"
       976,         0,         0,   0.003,exact_mw,70a969f5042aec17ac076c6379f4170fb7c69b8e925756ef3b7334e28a33338b,"{""distance"":5,""physical_error_rate"":0.0001}","{""detection_events"":78,""detectors_checked"":218624}"
      4096,         0,         0,   0.058,exact_mw,70a969f5042aec17ac076c6379f4170fb7c69b8e925756ef3b7334e28a33338b,"{""distance"":5,""physical_error_rate"":0.0001}","{""detection_events"":375,""detectors_checked"":917504}"
        60,         0,         0,   0.000,exact_mw,70a969f5042aec17ac076c6379f4170fb7c69b8e925756ef3b7334e28a33338b,"{""distance"":5,""physical_error_rate"":0.0001}","{""detection_events"":2,""detectors_checked"":13440}"
      2048,         0,         0,   0.009,exact_mw,70a969f5042aec17ac076c6379f4170fb7c69b8e925756ef3b7334e28a33338b,"{""distance"":5,""physical_error_rate"":0.0001}","{""detection_events"":195,""detectors_checked"":458752}"
       295,         0,         0,   0.001,exact_mw,70a969f5042aec17ac076c6379f4170fb7c69b8e925756ef3b7334e28a33338b,"{""distance"":5,""physical_error_rate"":0.0001}","{""detection_events"":44,""detectors_checked"":66080}"
      1045,         0,         0,   0.003,exact_mw,70a969f5042aec17ac076c6379f4170fb7c69b8e925756ef3b7334e28a33338b,"{""distance"":5,""physical_error_rate"":0.0001}","{""detection_events"":77,""detectors_checked"":234080}"
      3679,         0,         0,   0.048,exact_mw,70a969f5042aec17ac076c6379f4170fb7c69b8e925756ef3b7334e28a33338b,"{""distance"":5,""physical_error_rate"":0.0001}","{""detection_events"":360,""detectors_checked"":824096}"
      4154,         0,         0,   0.053,exact_mw,70a969f5042aec17ac076c6379f4170fb7c69b8e925756ef3b7334e28a33338b,"{""distance"":5,""physical_error_rate"":0.0001}","{""detection_events"":451,""detectors_checked"":930496}"
      1832,         0,         0,   0.017,exact_mw,70a969f5042aec17ac076c6379f4170fb7c69b8e925756ef3b7334e28a33338b,"{""distance"":5,""physical_error_rate"":0.0001}","{""detection_events"":160,""detectors_checked"":410368}"
        35,         0,         0,   0.000,exact_mw,70a969f5042aec17ac076c6379f4170fb7c69b8e925756ef3b7334e28a33338b,"{""distance"":5,""physical_error_rate"":0.0001}","{""detectors_checked"":7840}"
       158,         0,         0,   0.001,exact_mw,70a969f5042aec17ac076c6379f4170fb7c69b8e925756ef3b7334e28a33338b,"{""distance"":5,""physical_error_rate"":0.0001}","{""detection_events"":12,""detectors_checked"":35392}"
         7,         0,         0,   0.000,exact_mw,70a969f5042aec17ac076c6379f4170fb7c69b8e925756ef3b7334e28a33338b,"{""distance"":5,""physical_error_rate"":0.0001}","{""detectors_checked"":1568}"
      4036,         0,         0,   0.036,exact_mw,70a969f5042aec17ac076c6379f4170fb7c69b8e925756ef3b7334e28a33338b,"{""distance"":5,""physical_error_rate"":0.0001}","{""detection_events"":414,""detectors_checked"":904064}"
       750,         0,         0,   0.002,exact_mw,70a969f5042aec17ac076c6379f4170fb7c69b8e925756ef3b7334e28a33338b,"{""distance"":5,""physical_error_rate"":0.0001}","{""detection_events"":76,""detectors_checked"":168000}"
        23,         0,         0,   0.000,exact_mw,70a969f5042aec17ac076c6379f4170fb7c69b8e925756ef3b7334e28a33338b,"{""distance"":5,""physical_error_rate"":0.0001}","{""detection_events"":2,""detectors_checked"":5152}"
      3640,         0,         0,   0.045,exact_mw,70a969f5042aec17ac076c6379f4170fb7c69b8e925756ef3b7334e28a33338b,"{""distance"":5,""physical_error_rate"":0.0001}","{""detection_events"":421,""detectors_checked"":815360}"
       750,         0,         0,   0.002,exact_mw,70a969f5042aec17ac076c6379f4170fb7c69b8e925756ef3b7334e28a33338b,"{""distance"":5,""physical_error_rate"":0.0001}","{""detection_events"":77,""detectors_checked"":168000}"
       315,         0,         0,   0.001,exact_mw,70a969f5042aec17ac076c6379f4170fb7c69b8e925756ef3b7334e28a33338b,"{""distance"":5,""physical_error_rate"":0.0001}","{""detection_events"":40,""detectors_checked"":70560}"
      7168,         0,         0,   0.120,exact_mw,70a969f5042aec17ac076c6379f4170fb7c69b8e925756ef3b7334e28a33338b,"{""distance"":5,""physical_error_rate"":0.0001}","{""detection_events"":635,""detectors_checked"":1605632}"
      3072,         0,         0,   0.045,exact_mw,70a969f5042aec17ac076c6379f4170fb7c69b8e925756ef3b7334e28a33338b,"{""distance"":5,""physical_error_rate"":0.0001}","{""detection_events"":295,""detectors_checked"":688128}"
      2737,         0,         0,   0.026,exact_mw,70a969f5042aec17ac076c6379f4170fb7c69b8e925756ef3b7334e28a33338b,"{""distance"":5,""physical_error_rate"":0.0001}","{""detection_events"":264,""detectors_checked"":613088}"
      4096,         0,         0,   0.047,exact_mw,70a969f5042aec17ac076c6379f4170fb7c69b8e925756ef3b7334e28a33338b,"{""distance"":5,""physical_error_rate"":0.0001}","{""detection_events"":417,""detectors_checked"":917504}"
       373,         0,         0,   0.006,exact_mw,70a969f5042aec17ac076c6379f4170fb7c69b8e925756ef3b7334e28a33338b,"{""distance"":5,""physical_error_rate"":0.0001}","{""detection_events"":62,""detectors_checked"":83552}"
        81,         0,         0,   0.000,exact_mw,70a969f5042aec17ac076c6379f4170fb7c69b8e925756ef3b7334e28a33338b,"{""distance"":5,""physical_error_rate"":0.0001}","{""detection_events"":14,""detectors_checked"":18144}"
        38,         0,         0,   0.000,exact_mw,70a969f5042aec17ac076c6379f4170fb7c69b8e925756ef3b7334e28a33338b,"{""distance"":5,""physical_error_rate"":0.0001}","{""detection_events"":8,""detectors_checked"":8512}"
        37,         0,         0,   0.000,exact_mw,70a969f5042aec17ac076c6379f4170fb7c69b8e925756ef3b7334e28a33338b,"{""distance"":5,""physical_error_rate"":0.0001}","{""detection_events"":2,""detectors_checked"":8288}"
        58,         0,         0,   0.000,exact_mw,70a969f5042aec17ac076c6379f4170fb7c69b8e925756ef3b7334e28a33338b,"{""distance"":5,""physical_error_rate"":0.0001}","{""detection_events"":4,""detectors_checked"":12992}"
        75,         0,         0,   0.000,exact_mw,70a969f5042aec17ac076c6379f4170fb7c69b8e925756ef3b7334e28a33338b,"{""distance"":5,""physical_error_rate"":0.0001}","{""detection_events"":4,""detectors_checked"":16800}"
       135,         0,         0,   0.001,exact_mw,70a969f5042aec17ac076c6379f4170fb7c69b8e925756ef3b7334e28a33338b,"{""distance"":5,""physical_error_rate"":0.0001}","{""detection_events"":14,""detectors_checked"":30240}"
       119,         0,         0,   0.000,exact_mw,70a969f5042aec17ac076c6379f4170fb7c69b8e925756ef3b7334e28a33338b,"{""distance"":5,""physical_error_rate"":0.0001}","{""detection_events"":6,""detectors_checked"":26656}"
       166,         0,         0,   0.001,exact_mw,70a969f5042aec17ac076c6379f4170fb7c69b8e925756ef3b7334e28a33338b,"{""distance"":5,""physical_error_rate"":0.0001}","{""detection_events"":10,""detectors_checked"":37184}"
       101,         0,         0,   0.000,exact_mw,70a969f5042aec17ac076c6379f4170fb7c69b8e925756ef3b7334e28a33338b,"{""distance"":5,""physical_error_rate"":0.0001}","{""detection_events"":5,""detectors_checked"":22624}"
      1708,         0,         0,   0.022,exact_mw,70a969f5042aec17ac076c6379f4170fb7c69b8e925756ef3b7334e28a33338b,"{""distance"":5,""physical_error_rate"":0.0001}","{""detection_events"":184,""detectors_checked"":382592}"
        58,         0,         0,   0.000,exact_mw,70a969f5042aec17ac076c6379f4170fb7c69b8e925756ef3b7334e28a33338b,"{""distance"":5,""physical_error_rate"":0.0001}","{""detection_events"":6,""detectors_checked"":12992}"
         1,         0,         0,   0.000,exact_mw,70a969f5042aec17ac076c6379f4170fb7c69b8e925756ef3b7334e28a33338b,"{""distance"":5,""physical_error_rate"":0.0001}","{""detectors_checked"":224}"
      4096,         0,         0,   0.071,exact_mw,70a969f5042aec17ac076c6379f4170fb7c69b8e925756ef3b7334e28a33338b,"{""distance"":5,""physical_error_rate"":0.0001}","{""detection_events"":440,""detectors_checked"":917504}"
         2,         0,         0,   0.000,exact_mw,70a969f5042aec17ac076c6379f4170fb7c69b8e925756ef3b7334e28a33338b,"{""distance"":5,""physical_error_rate"":0.0001}","{""detectors_checked"":448}"
         2,         0,         0,   0.000,exact_mw,70a969f5042aec17ac076c6379f4170fb7c69b8e925756ef3b7334e28a33338b,"{""distance"":5,""physical_error_rate"":0.0001}","{""detectors_checked"":448}"
         2,         0,         0,   0.000,exact_mw,70a969f5042aec17ac076c6379f4170fb7c69b8e925756ef3b7334e28a33338b,"{""distance"":5,""physical_error_rate"":0.0001}","{""detectors_checked"":448}"
         2,         0,         0,   0.000,exact_mw,70a969f5042aec17ac076c6379f4170fb7c69b8e925756ef3b7334e28a33338b,"{""distance"":5,""physical_error_rate"":0.0001}","{""detectors_checked"":448}"
         2,         0,         0,   0.000,exact_mw,70a969f5042aec17ac076c6379f4170fb7c69b8e925756ef3b7334e28a33338b,"{""distance"":5,""physical_error_rate"":0.0001}","{""detection_events"":3,""detectors_checked"":448}"
         2,         0,         0,   0.000,exact_mw,70a969f5042aec17ac076c6379f4170fb7c69b8e925756ef3b7334e28a33338b,"{""distance"":5,""physical_error_rate"":0.0001}","{""detectors_checked"":448}"
         2,         0,         0,   0.000,exact_mw,70a969f5042aec17ac076c6379f4170fb7c69b8e925756ef3b7334e28a33338b,"{""distance"":5,""physical_error_rate"":0.0001}","{""detectors_checked"":448}"
         2,         0,         0,   0.000,exact_mw,70a969f5042aec17ac076c6379f4170fb7c69b8e925756ef3b7334e28a33338b,"{""distance"":5,""physical_error_rate"":0.0001}","{""detectors_checked"":448}"
         2,         0,         0,   0.000,exact_mw,70a969f5042aec17ac076c6379f4170fb7c69b8e925756ef3b7334e28a33338b,"{""distance"":5,""physical_error_rate"":0.0001}","{""detectors_checked"":448}"
         2,         0,         0,   0.000,exact_mw,70a969f5042aec17ac076c6379f4170fb7c69b8e925756ef3b7334e28a33338b,"{""distance"":5,""physical_error_rate"":0.0001}","{""detectors_checked"":448}"
         1,         0,         0,   0.000,exact_mw,70a969f5042aec17ac076c6379f4170fb7c69b8e925756ef3b7334e28a33338b,"{""distance"":5,""physical_error_rate"":0.0001}","{""detectors_checked"":224}"
         1,         0,         0,   0.000,exact_mw,70a969f5042aec17ac076c6379f4170fb7c69b8e925756ef3b7334e28a33338b,"{""distance"":5,""physical_error_rate"":0.0001}","{""detectors_checked"":224}"
         1,         0,         0,   0.000,exact_mw,70a969f5042aec17ac076c6379f4170fb7c69b8e925756ef3b7334e28a33338b,"{""distance"":5,""physical_error_rate"":0.0001}","{""detectors_checked"":224}"
         1,         0,         0,   0.000,exact_mw,70a969f5042aec17ac076c6379f4170fb7c69b8e925756ef3b7334e28a33338b,"{""distance"":5,""physical_error_rate"":0.0001}","{""detectors_checked"":224}"
         1,         0,         0,   0.000,exact_mw,70a969f5042aec17ac076c6379f4170fb7c69b8e925756ef3b7334e28a33338b,"{""distance"":5,""physical_error_rate"":0.0001}","{""detectors_checked"":224}"
         1,         0,         0,   0.000,exact_mw,70a969f5042aec17ac076c6379f4170fb7c69b8e925756ef3b7334e28a33338b,"{""distance"":5,""physical_error_rate"":0.0001}","{""detectors_checked"":224}"
         1,         0,         0,   0.000,exact_mw,70a969f5042aec17ac076c6379f4170fb7c69b8e925756ef3b7334e28a33338b,"{""distance"":5,""physical_error_rate"":0.0001}","{""detectors_checked"":224}"
         1,         0,         0,   0.000,exact_mw,70a969f5042aec17ac076c6379f4170fb7c69b8e925756ef3b7334e28a33338b,"{""distance"":5,""physical_error_rate"":0.0001}","{""detectors_checked"":224}"
         1,         0,         0,   0.000,exact_mw,70a969f5042aec17ac076c6379f4170fb7c69b8e925756ef3b7334e28a33338b,"{""distance"":5,""physical_error_rate"":0.0001}","{""detectors_checked"":224}"
         1,         0,         0,   0.000,exact_mw,70a969f5042aec17ac076c6379f4170fb7c69b8e925756ef3b7334e28a33338b,"{""distance"":5,""physical_error_rate"":0.0001}","{""detectors_checked"":224}"
         1,         0,         0,   0.000,exact_mw,70a969f5042aec17ac076c6379f4170fb7c69b8e925756ef3b7334e28a33338b,"{""distance"":5,""physical_error_rate"":0.0001}","{""detectors_checked"":224}"
         1,         0,         0,   0.000,exact_mw,70a969f5042aec17ac076c6379f4170fb7c69b8e925756ef3b7334e28a33338b,"{""distance"":5,""physical_error_rate"":0.0001}","{""detectors_checked"":224}"
         1,         0,         0,   0.000,exact_mw,70a969f5042aec17ac076c6379f4170fb7c69b8e925756ef3b7334e28a33338b,"{""distance"":5,""physical_error_rate"":0.0001}","{""detectors_checked"":224}"
         1,         0,         0,   0.000,exact_mw,70a969f5042aec17ac076c6379f4170fb7c69b8e925756ef3b7334e28a33338b,"{""distance"":5,""physical_error_rate"":0.0001}","{""detectors_checked"":224}"
         1,         0,         0,   0.000,exact_mw,70a969f5042aec17ac076c6379f4170fb7c69b8e925756ef3b7334e28a33338b,"{""distance"":5,""physical_error_rate"":0.0001}","{""detectors_checked"":224}"
         1,         0,         0,   0.000,exact_mw,70a969f5042aec17ac076c6379f4170fb7c69b8e925756ef3b7334e28a33338b,"{""distance"":5,""physical_error_rate"":0.0001}","{""detectors_checked"":224}"
         1,         0,         0,   0.000,exact_mw,70a969f5042aec17ac076c6379f4170fb7c69b8e925756ef3b7334e28a33338b,"{""distance"":5,""physical_error_rate"":0.0001}","{""detectors_checked"":224}"
         1,         0,         0,   0.000,exact_mw,70a969f5042aec17ac076c6379f4170fb7c69b8e925756ef3b7334e28a33338b,"{""distance"":5,""physical_error_rate"":0.0001}","{""detectors_checked"":224}"
         1,         0,         0,   0.000,exact_mw,70a969f5042aec17ac076c6379f4170fb7c69b8e925756ef3b7334e28a33338b,"{""distance"":5,""physical_error_rate"":0.0001}","{""detectors_checked"":224}"
         1,         0,         0,   0.000,exact_mw,70a969f5042aec17ac076c6379f4170fb7c69b8e925756ef3b7334e28a33338b,"{""distance"":5,""physical_error_rate"":0.0001}","{""detectors_checked"":224}"
         1,         0,         0,   0.000,exact_mw,70a969f5042aec17ac076c6379f4170fb7c69b8e925756ef3b7334e28a33338b,"{""distance"":5,""physical_error_rate"":0.0001}","{""detectors_checked"":224}"
         1,         0,         0,   0.000,exact_mw,70a969f5042aec17ac076c6379f4170fb7c69b8e925756ef3b7334e28a33338b,"{""distance"":5,""physical_error_rate"":0.0001}","{""detectors_checked"":224}"
         1,         0,         0,   0.000,exact_mw,70a969f5042aec17ac076c6379f4170fb7c69b8e925756ef3b7334e28a33338b,"{""distance"":5,""physical_error_rate"":0.0001}","{""detection_events"":3,""detectors_checked"":224}"
         1,         0,         0,   0.000,exact_mw,70a969f5042aec17ac076c6379f4170fb7c69b8e925756ef3b7334e28a33338b,"{""distance"":5,""physical_error_rate"":0.0001}","{""detection_events"":6,""detectors_checked"":224}"
         1,         0,         0,   0.000,exact_mw,70a969f5042aec17ac076c6379f4170fb7c69b8e925756ef3b7334e28a33338b,"{""distance"":5,""physical_error_rate"":0.0001}","{""detectors_checked"":224}"
         1,         0,         0,   0.000,exact_mw,70a969f5042aec17ac076c6379f4170fb7c69b8e925756ef3b7334e28a33338b,"{""distance"":5,""physical_error_rate"":0.0001}","{""detectors_checked"":224}"
         1,         0,         0,   0.000,exact_mw,70a969f5042aec17ac076c6379f4170fb7c69b8e925756ef3b7334e28a33338b,"{""distance"":5,""physical_error_rate"":0.0001}","{""detectors_checked"":224}"
         1,         0,         0,   0.000,exact_mw,70a969f5042aec17ac076c6379f4170fb7c69b8e925756ef3b7334e28a33338b,"{""distance"":5,""physical_error_rate"":0.0001}","{""detectors_checked"":224}"
         1,         0,         0,   0.000,exact_mw,70a969f5042aec17ac076c6379f4170fb7c69b8e925756ef3b7334e28a33338b,"{""distance"":5,""physical_error_rate"":0.0001}","{""detectors_checked"":224}"
         1,         0,         0,   0.000,exact_mw,70a969f5042aec17ac076c6379f4170fb7c69b8e925756ef3b7334e28a33338b,"{""distance"":5,""physical_error_rate"":0.0001}","{""detectors_checked"":224}"
         1,         0,         0,   0.000,exact_mw,70a969f5042aec17ac076c6379f4170fb7c69b8e925756ef3b7334e28a33338b,"{""distance"":5,""physical_error_rate"":0.0001}","{""detectors_checked"":224}"
         1,         0,         0,   0.000,exact_mw,70a969f5042aec17ac076c6379f4170fb7c69b8e925756ef3b7334e28a33338b,"{""distance"":5,""physical_error_rate"":0.0001}","{""detectors_checked"":224}"
         1,         0,         0,   0.000,exact_mw,70a969f5042aec17ac076c6379f4170fb7c69b8e925756ef3b7334e28a33338b,"{""distance"":5,""physical_error_rate"":0.0001}","{""detectors_checked"":224}"
         1,         0,         0,   0.000,exact_mw,70a969f5042aec17ac076c6379f4170fb7c69b8e925756ef3b7334e28a33338b,"{""distance"":5,""physical_error_rate"":0.0001}","{""detectors_checked"":224}"
         1,         0,         0,   0.000,exact_mw,70a969f5042aec17ac076c6379f4170fb7c69b8e925756ef3b7334e28a33338b,"{""distance"":5,""physical_error_rate"":0.0001}","{""detectors_checked"":224}"
         1,         0,         0,   0.000,exact_mw,70a969f5042aec17ac076c6379f4170fb7c69b8e925756ef3b7334e28a33338b,"{""distance"":5,""physical_error_rate"":0.0001}","{""detectors_checked"":224}"
         1,         0,         0,   0.000,exact_mw,70a969f5042aec17ac076c6379f4170fb7c69b8e925756ef3b7334e28a33338b,"{""distance"":5,""physical_error_rate"":0.0001}","{""detectors_checked"":224}"
         1,         0,         0,   0.000,exact_mw,70a969f5042aec17ac076c6379f4170fb7c69b8e925756ef3b7334e28a33338b,"{""distance"":5,""physical_error_rate"":0.0001}","{""detectors_checked"":224}"
   7344128,         1,         0,    51.6,exact_mw,cb12ae119b9b2ba18d0216e7235b403229e92fd0743ede48fe7f1a2c6f45d594,"{""distance"":5,""physical_error_rate"":0.0005}","{""detection_events"":3608998,""detectors_checked"":1645084672,""obs_mistake_mask=E"":1}"
    592896,         0,         0,    6.27,exact_mw,cdc4a450a40af8e24899239080e4c40992fb5baf91c5a31ab3a165eacb3a1ab3,"{""distance"":5,""physical_error_rate"":0.0002}","{""detection_events"":117253,""detectors_checked"":132808704}"
    480256,         0,         0,    6.56,exact_mw,cdc4a450a40af8e24899239080e4c40992fb5baf91c5a31ab3a165eacb3a1ab3,"{""distance"":5,""physical_error_rate"":0.0002}","{""detection_events"":93786,""detectors_checked"":107577344}"
    623616,         0,         0,    7.81,exact_mw,cdc4a450a40af8e24899239080e4c40992fb5baf91c5a31ab3a165eacb3a1ab3,"{""distance"":5,""physical_error_rate"":0.0002}","{""detection_events"":123519,""detectors_checked"":139689984}"
    515072,         0,         0,    7.77,exact_mw,cdc4a450a40af8e24899239080e4c40992fb5baf91c5a31ab3a165eacb3a1ab3,"{""distance"":5,""physical_error_rate"":0.0002}","{""detection_events"":101807,""detectors_checked"":115376128}"
   6047744,         5,         0,   100.4,exact_mw,cb12ae119b9b2ba18d0216e7235b403229e92fd0743ede48fe7f1a2c6f45d594,"{""distance"":5,""physical_error_rate"":0.0005}","{""detection_events"":2974250,""detectors_checked"":1354694656,""obs_mistake_mask=E"":5}"
    463872,         0,         0,    7.76,exact_mw,cdc4a450a40af8e24899239080e4c40992fb5baf91c5a31ab3a165eacb3a1ab3,"{""distance"":5,""physical_error_rate"":0.0002}","{""detection_events"":90479,""detectors_checked"":103907328}"
    448617,         0,         0,    4.63,exact_mw,cdc4a450a40af8e24899239080e4c40992fb5baf91c5a31ab3a165eacb3a1ab3,"{""distance"":5,""physical_error_rate"":0.0002}","{""detection_events"":88913,""detectors_checked"":100490208}"
    399800,         0,         0,    6.06,exact_mw,cdc4a450a40af8e24899239080e4c40992fb5baf91c5a31ab3a165eacb3a1ab3,"{""distance"":5,""physical_error_rate"":0.0002}","{""detection_events"":78711,""detectors_checked"":89555200}"
    397312,         0,         0,    5.54,exact_mw,cdc4a450a40af8e24899239080e4c40992fb5baf91c5a31ab3a165eacb3a1ab3,"{""distance"":5,""physical_error_rate"":0.0002}","{""detection_events"":78166,""detectors_checked"":88997888}"
    393553,         0,         0,    7.55,exact_mw,cdc4a450a40af8e24899239080e4c40992fb5baf91c5a31ab3a165eacb3a1ab3,"{""distance"":5,""physical_error_rate"":0.0002}","{""detection_events"":77976,""detectors_checked"":88155872}"
    389120,         0,         0,    4.48,exact_mw,cdc4a450a40af8e24899239080e4c40992fb5baf91c5a31ab3a165eacb3a1ab3,"{""distance"":5,""physical_error_rate"":0.0002}","{""detection_events"":77369,""detectors_checked"":87162880}"
    381196,         0,         0,    4.25,exact_mw,cdc4a450a40af8e24899239080e4c40992fb5baf91c5a31ab3a165eacb3a1ab3,"{""distance"":5,""physical_error_rate"":0.0002}","{""detection_events"":74943,""detectors_checked"":85387904}"
    378880,         0,         0,    4.53,exact_mw,cdc4a450a40af8e24899239080e4c40992fb5baf91c5a31ab3a165eacb3a1ab3,"{""distance"":5,""physical_error_rate"":0.0002}","{""detection_events"":74991,""detectors_checked"":84869120}"
    369159,         0,         0,    6.37,exact_mw,cdc4a450a40af8e24899239080e4c40992fb5baf91c5a31ab3a165eacb3a1ab3,"{""distance"":5,""physical_error_rate"":0.0002}","{""detection_events"":73637,""detectors_checked"":82691616}"
    357471,         0,         0,    7.94,exact_mw,cdc4a450a40af8e24899239080e4c40992fb5baf91c5a31ab3a165eacb3a1ab3,"{""distance"":5,""physical_error_rate"":0.0002}","{""detection_events"":70124,""detectors_checked"":80073504}"
    351886,         0,         0,    4.26,exact_mw,cdc4a450a40af8e24899239080e4c40992fb5baf91c5a31ab3a165eacb3a1ab3,"{""distance"":5,""physical_error_rate"":0.0002}","{""detection_events"":68882,""detectors_checked"":78822464}"
    346388,         0,         0,    5.22,exact_mw,cdc4a450a40af8e24899239080e4c40992fb5baf91c5a31ab3a165eacb3a1ab3,"{""distance"":5,""physical_error_rate"":0.0002}","{""detection_events"":68796,""detectors_checked"":77590912}"
    340975,         0,         0,    4.50,exact_mw,cdc4a450a40af8e24899239080e4c40992fb5baf91c5a31ab3a165eacb3a1ab3,"{""distance"":5,""physical_error_rate"":0.0002}","{""detection_events"":66629,""detectors_checked"":76378400}"
    339968,         0,         0,    6.32,exact_mw,cdc4a450a40af8e24899239080e4c40992fb5baf91c5a31ab3a165eacb3a1ab3,"{""distance"":5,""physical_error_rate"":0.0002}","{""detection_events"":67022,""detectors_checked"":76152832}"
    335648,         0,         0,    4.97,exact_mw,cdc4a450a40af8e24899239080e4c40992fb5baf91c5a31ab3a165eacb3a1ab3,"{""distance"":5,""physical_error_rate"":0.0002}","{""detection_events"":65452,""detectors_checked"":75185152}"
    332800,         0,         0,    5.08,exact_mw,cdc4a450a40af8e24899239080e4c40992fb5baf91c5a31ab3a165eacb3a1ab3,"{""distance"":5,""physical_error_rate"":0.0002}","{""detection_events"":66126,""detectors_checked"":74547200}"
    334848,         0,         0,    5.19,exact_mw,cdc4a450a40af8e24899239080e4c40992fb5baf91c5a31ab3a165eacb3a1ab3,"{""distance"":5,""physical_error_rate"":0.0002}","{""detection_events"":65852,""detectors_checked"":75005952}"
    325091,         0,         0,    5.56,exact_mw,cdc4a450a40af8e24899239080e4c40992fb5baf91c5a31ab3a165eacb3a1ab3,"{""distance"":5,""physical_error_rate"":0.0002}","{""detection_events"":64098,""detectors_checked"":72820384}"
    320512,         0,         0,    5.54,exact_mw,cdc4a450a40af8e24899239080e4c40992fb5baf91c5a31ab3a165eacb3a1ab3,"{""distance"":5,""physical_error_rate"":0.0002}","{""detection_events"":63479,""detectors_checked"":71794688}"
    321536,         0,         0,    5.48,exact_mw,cdc4a450a40af8e24899239080e4c40992fb5baf91c5a31ab3a165eacb3a1ab3,"{""distance"":5,""physical_error_rate"":0.0002}","{""detection_events"":63249,""detectors_checked"":72024064}"
    312320,         0,         0,    5.31,exact_mw,cdc4a450a40af8e24899239080e4c40992fb5baf91c5a31ab3a165eacb3a1ab3,"{""distance"":5,""physical_error_rate"":0.0002}","{""detection_events"":61685,""detectors_checked"":69959680}"
    319488,         0,         0,    6.06,exact_mw,cdc4a450a40af8e24899239080e4c40992fb5baf91c5a31ab3a165eacb3a1ab3,"{""distance"":5,""physical_error_rate"":0.0002}","{""detection_events"":63306,""detectors_checked"":71565312}"
    310272,         0,         0,    5.20,exact_mw,cdc4a450a40af8e24899239080e4c40992fb5baf91c5a31ab3a165eacb3a1ab3,"{""distance"":5,""physical_error_rate"":0.0002}","{""detection_events"":60701,""detectors_checked"":69500928}"
    321536,         0,         0,    5.41,exact_mw,cdc4a450a40af8e24899239080e4c40992fb5baf91c5a31ab3a165eacb3a1ab3,"{""distance"":5,""physical_error_rate"":0.0002}","{""detection_events"":63408,""detectors_checked"":72024064}"
    313344,         0,         0,    5.52,exact_mw,cdc4a450a40af8e24899239080e4c40992fb5baf91c5a31ab3a165eacb3a1ab3,"{""distance"":5,""physical_error_rate"":0.0002}","{""detection_events"":61911,""detectors_checked"":70189056}"
      3345,         0,         0,   0.016,exact_mw,cb12ae119b9b2ba18d0216e7235b403229e92fd0743ede48fe7f1a2c6f45d594,"{""distance"":5,""physical_error_rate"":0.0005}","{""detection_events"":1560,""detectors_checked"":749280}"
    309580,         0,         0,    5.63,exact_mw,cdc4a450a40af8e24899239080e4c40992fb5baf91c5a31ab3a165eacb3a1ab3,"{""distance"":5,""physical_error_rate"":0.0002}","{""detection_events"":60375,""detectors_checked"":69345920}"
    294912,         0,         0,    5.33,exact_mw,cdc4a450a40af8e24899239080e4c40992fb5baf91c5a31ab3a165eacb3a1ab3,"{""distance"":5,""physical_error_rate"":0.0002}","{""detection_events"":58344,""detectors_checked"":66060288}"
      3072,         0,         0,   0.014,exact_mw,cb12ae119b9b2ba18d0216e7235b403229e92fd0743ede48fe7f1a2c6f45d594,"{""distance"":5,""physical_error_rate"":0.0005}","{""detection_events"":1558,""detectors_checked"":688128}"
    283648,         0,         0,    3.88,exact_mw,cdc4a450a40af8e24899239080e4c40992fb5baf91c5a31ab3a165eacb3a1ab3,"{""distance"":5,""physical_error_rate"":0.0002}","{""detection_events"":56456,""detectors_checked"":63537152}"
    284672,         0,         0,    4.79,exact_mw,cdc4a450a40af8e24899239080e4c40992fb5baf91c5a31ab3a165eacb3a1ab3,"{""distance"":5,""physical_error_rate"":0.0002}","{""detection_events"":55734,""detectors_checked"":63766528}"
    293888,         0,         0,    5.38,exact_mw,cdc4a450a40af8e24899239080e4c40992fb5baf91c5a31ab3a165eacb3a1ab3,"{""distance"":5,""physical_error_rate"":0.0002}","{""detection_events"":57008,""detectors_checked"":65830912}"
      5120,         0,         0,   0.019,exact_mw,cb12ae119b9b2ba18d0216e7235b403229e92fd0743ede48fe7f1a2c6f45d594,"{""distance"":5,""physical_error_rate"":0.0005}","{""detection_events"":2474,""detectors_checked"":1146880}"
      6144,         0,         0,   0.027,exact_mw,cb12ae119b9b2ba18d0216e7235b403229e92fd0743ede48fe7f1a2c6f45d594,"{""distance"":5,""physical_error_rate"":0.0005}","{""detection_events"":3055,""detectors_checked"":1376256}"
      9216,         0,         0,   0.044,exact_mw,cb12ae119b9b2ba18d0216e7235b403229e92fd0743ede48fe7f1a2c6f45d594,"{""distance"":5,""physical_error_rate"":0.0005}","{""detection_events"":4548,""detectors_checked"":2064384}"
     12288,         0,         0,   0.054,exact_mw,cb12ae119b9b2ba18d0216e7235b403229e92fd0743ede48fe7f1a2c6f45d594,"{""distance"":5,""physical_error_rate"":0.0005}","{""detection_events"":5988,""detectors_checked"":2752512}"
    270070,         0,         0,    4.04,exact_mw,cdc4a450a40af8e24899239080e4c40992fb5baf91c5a31ab3a165eacb3a1ab3,"{""distance"":5,""physical_error_rate"":0.0002}","{""detection_events"":52897,""detectors_checked"":60495680}"
    265216,         0,         0,    4.80,exact_mw,cdc4a450a40af8e24899239080e4c40992fb5baf91c5a31ab3a165eacb3a1ab3,"{""distance"":5,""physical_error_rate"":0.0002}","{""detection_events"":51951,""detectors_checked"":59408384}"
     11264,         0,         0,   0.086,exact_mw,cb12ae119b9b2ba18d0216e7235b403229e92fd0743ede48fe7f1a2c6f45d594,"{""distance"":5,""physical_error_rate"":0.0005}","{""detection_events"":5481,""detectors_checked"":2523136}"
      9216,         0,         0,   0.109,exact_mw,cb12ae119b9b2ba18d0216e7235b403229e92fd0743ede48fe7f1a2c6f45d594,"{""distance"":5,""physical_error_rate"":0.0005}","{""detection_events"":4646,""detectors_checked"":2064384}"
     12288,         0,         0,   0.160,exact_mw,cb12ae119b9b2ba18d0216e7235b403229e92fd0743ede48fe7f1a2c6f45d594,"{""distance"":5,""physical_error_rate"":0.0005}","{""detection_events"":6066,""detectors_checked"":2752512}"
    247771,         0,         0,    4.46,exact_mw,cdc4a450a40af8e24899239080e4c40992fb5baf91c5a31ab3a165eacb3a1ab3,"{""distance"":5,""physical_error_rate"":0.0002}","{""detection_events"":49234,""detectors_checked"":55500704}"
    245760,         0,         0,    4.25,exact_mw,cdc4a450a40af8e24899239080e4c40992fb5baf91c5a31ab3a165eacb3a1ab3,"{""distance"":5,""physical_error_rate"":0.0002}","{""detection_events"":48735,""detectors_checked"":55050240}"
    239755,         0,         0,    2.48,exact_mw,cdc4a450a40af8e24899239080e4c40992fb5baf91c5a31ab3a165eacb3a1ab3,"{""distance"":5,""physical_error_rate"":0.0002}","{""detection_events"":47737,""detectors_checked"":53705120}"
     27153,         0,         0,   0.464,exact_mw,cdc4a450a40af8e24899239080e4c40992fb5baf91c5a31ab3a165eacb3a1ab3,"{""distance"":5,""physical_error_rate"":0.0002}","{""detection_events"":5324,""detectors_checked"":6082272}"
     21504,         0,         0,   0.208,exact_mw,cb12ae119b9b2ba18d0216e7235b403229e92fd0743ede48fe7f1a2c6f45d594,"{""distance"":5,""physical_error_rate"":0.0005}","{""detection_events"":10690,""detectors_checked"":4816896}"
    232169,         0,         0,    3.60,exact_mw,cdc4a450a40af8e24899239080e4c40992fb5baf91c5a31ab3a165eacb3a1ab3,"{""distance"":5,""physical_error_rate"":0.0002}","{""detection_events"":46048,""detectors_checked"":52005856}"
    229376,         0,         0,    3.78,exact_mw,cdc4a450a40af8e24899239080e4c40992fb5baf91c5a31ab3a165eacb3a1ab3,"{""distance"":5,""physical_error_rate"":0.0002}","{""detection_events"":45024,""detectors_checked"":51380224}"
    233472,         0,         0,    3.42,exact_mw,cdc4a450a40af8e24899239080e4c40992fb5baf91c5a31ab3a165eacb3a1ab3,"{""distance"":5,""physical_error_rate"":0.0002}","{""detection_events"":45789,""detectors_checked"":52297728}"
      2321,         0,         0,   0.012,exact_mw,cb12ae119b9b2ba18d0216e7235b403229e92fd0743ede48fe7f1a2c6f45d594,"{""distance"":5,""physical_error_rate"":0.0005}","{""detection_events"":1135,""detectors_checked"":519904}"
      4096,         0,         0,   0.014,exact_mw,cb12ae119b9b2ba18d0216e7235b403229e92fd0743ede48fe7f1a2c6f45d594,"{""distance"":5,""physical_error_rate"":0.0005}","{""detection_events"":1867,""detectors_checked"":917504}"
      5120,         0,         0,   0.020,exact_mw,cb12ae119b9b2ba18d0216e7235b403229e92fd0743ede48fe7f1a2c6f45d594,"{""distance"":5,""physical_error_rate"":0.0005}","{""detection_events"":2429,""detectors_checked"":1146880}"
      7168,         0,         0,   0.030,exact_mw,cb12ae119b9b2ba18d0216e7235b403229e92fd0743ede48fe7f1a2c6f45d594,"{""distance"":5,""physical_error_rate"":0.0005}","{""detection_events"":3409,""detectors_checked"":1605632}"
      9216,         1,         0,   0.040,exact_mw,cb12ae119b9b2ba18d0216e7235b403229e92fd0743ede48fe7f1a2c6f45d594,"{""distance"":5,""physical_error_rate"":0.0005}","{""detection_events"":4385,""detectors_checked"":2064384,""obs_mistake_mask=E"":1}"
     69632,         0,         0,   0.288,exact_mw,cb12ae119b9b2ba18d0216e7235b403229e92fd0743ede48fe7f1a2c6f45d594,"{""distance"":5,""physical_error_rate"":0.0005}","{""detection_events"":33879,""detectors_checked"":15597568}"
     13312,         0,         0,   0.055,exact_mw,cb12ae119b9b2ba18d0216e7235b403229e92fd0743ede48fe7f1a2c6f45d594,"{""distance"":5,""physical_error_rate"":0.0005}","{""detection_events"":6723,""detectors_checked"":2981888}"
     41241,         0,         0,   0.357,exact_mw,cdc4a450a40af8e24899239080e4c40992fb5baf91c5a31ab3a165eacb3a1ab3,"{""distance"":5,""physical_error_rate"":0.0002}","{""detection_events"":8295,""detectors_checked"":9237984}"
     76135,         0,         0,    1.26,exact_mw,cdc4a450a40af8e24899239080e4c40992fb5baf91c5a31ab3a165eacb3a1ab3,"{""distance"":5,""physical_error_rate"":0.0002}","{""detection_events"":14912,""detectors_checked"":17054240}"
    221184,         0,         0,    3.92,exact_mw,cdc4a450a40af8e24899239080e4c40992fb5baf91c5a31ab3a165eacb3a1ab3,"{""distance"":5,""physical_error_rate"":0.0002}","{""detection_events"":44368,""detectors_checked"":49545216}"
    219136,         0,         0,    3.16,exact_mw,cdc4a450a40af8e24899239080e4c40992fb5baf91c5a31ab3a165eacb3a1ab3,"{""distance"":5,""physical_error_rate"":0.0002}","{""detection_events"":43724,""detectors_checked"":49086464}"
      1105,         0,         0,   0.004,exact_mw,cdc4a450a40af8e24899239080e4c40992fb5baf91c5a31ab3a165eacb3a1ab3,"{""distance"":5,""physical_error_rate"":0.0002}","{""detection_events"":211,""detectors_checked"":247520}"
     17408,         0,         0,   0.076,exact_mw,cb12ae119b9b2ba18d0216e7235b403229e92fd0743ede48fe7f1a2c6f45d594,"{""distance"":5,""physical_error_rate"":0.0005}","{""detection_events"":8860,""detectors_checked"":3899392}"
    218112,         0,         0,    2.70,exact_mw,cdc4a450a40af8e24899239080e4c40992fb5baf91c5a31ab3a165eacb3a1ab3,"{""distance"":5,""physical_error_rate"":0.0002}","{""detection_events"":43772,""detectors_checked"":48857088}"
    220160,         0,         0,    3.19,exact_mw,cdc4a450a40af8e24899239080e4c40992fb5baf91c5a31ab3a165eacb3a1ab3,"{""distance"":5,""physical_error_rate"":0.0002}","{""detection_events"":43543,""detectors_checked"":49315840}"
    212154,         0,         0,    3.26,exact_mw,cdc4a450a40af8e24899239080e4c40992fb5baf91c5a31ab3a165eacb3a1ab3,"{""distance"":5,""physical_error_rate"":0.0002}","{""detection_events"":42420,""detectors_checked"":47522496}"
    204800,         0,         0,    3.33,exact_mw,cdc4a450a40af8e24899239080e4c40992fb5baf91c5a31ab3a165eacb3a1ab3,"{""distance"":5,""physical_error_rate"":0.0002}","{""detection_events"":40964,""detectors_checked"":45875200}"
    203776,         0,         0,    3.97,exact_mw,cdc4a450a40af8e24899239080e4c40992fb5baf91c5a31ab3a165eacb3a1ab3,"{""distance"":5,""physical_error_rate"":0.0002}","{""detection_events"":40433,""detectors_checked"":45645824}"
     30557,         0,         0,   0.401,exact_mw,cdc4a450a40af8e24899239080e4c40992fb5baf91c5a31ab3a165eacb3a1ab3,"{""distance"":5,""physical_error_rate"":0.0002}","{""detection_events"":5924,""detectors_checked"":6844768}"
    195129,         0,         0,    2.85,exact_mw,cdc4a450a40af8e24899239080e4c40992fb5baf91c5a31ab3a165eacb3a1ab3,"{""distance"":5,""physical_error_rate"":0.0002}","{""detection_events"":38092,""detectors_checked"":43708896}"
     10240,         0,         0,   0.103,exact_mw,cb12ae119b9b2ba18d0216e7235b403229e92fd0743ede48fe7f1a2c6f45d594,"{""distance"":5,""physical_error_rate"":0.0005}","{""detection_events"":4935,""detectors_checked"":2293760}"
    195584,         0,         0,    3.38,exact_mw,cdc4a450a40af8e24899239080e4c40992fb5baf91c5a31ab3a165eacb3a1ab3,"{""distance"":5,""physical_error_rate"":0.0002}","{""detection_events"":38521,""detectors_checked"":43810816}"
    192080,         0,         0,    2.42,exact_mw,cdc4a450a40af8e24899239080e4c40992fb5baf91c5a31ab3a165eacb3a1ab3,"{""distance"":5,""physical_error_rate"":0.0002}","{""detection_events"":38173,""detectors_checked"":43025920}"
     31504,         0,         0,   0.204,exact_mw,cdc4a450a40af8e24899239080e4c40992fb5baf91c5a31ab3a165eacb3a1ab3,"{""distance"":5,""physical_error_rate"":0.0002}","{""detection_events"":6130,""detectors_checked"":7056896}"
     96386,         0,         0,    1.46,exact_mw,cdc4a450a40af8e24899239080e4c40992fb5baf91c5a31ab3a165eacb3a1ab3,"{""distance"":5,""physical_error_rate"":0.0002}","{""detection_events"":19401,""detectors_checked"":21590464}"
     96386,         0,         0,    1.50,exact_mw,cdc4a450a40af8e24899239080e4c40992fb5baf91c5a31ab3a165eacb3a1ab3,"{""distance"":5,""physical_error_rate"":0.0002}","{""detection_events"":19228,""detectors_checked"":21590464}"
     28840,         0,         0,   0.553,exact_mw,cdc4a450a40af8e24899239080e4c40992fb5baf91c5a31ab3a165eacb3a1ab3,"{""distance"":5,""physical_error_rate"":0.0002}","{""detection_events"":5992,""detectors_checked"":6460160}"
     23071,         0,         0,   0.209,exact_mw,cdc4a450a40af8e24899239080e4c40992fb5baf91c5a31ab3a165eacb3a1ab3,"{""distance"":5,""physical_error_rate"":0.0002}","{""detection_events"":4473,""detectors_checked"":5167904}"
     10015,         0,         0,   0.050,exact_mw,cdc4a450a40af8e24899239080e4c40992fb5baf91c5a31ab3a165eacb3a1ab3,"{""distance"":5,""physical_error_rate"":0.0002}","{""detection_events"":1941,""detectors_checked"":2243360}"
     37888,         0,         0,   0.148,exact_mw,cb12ae119b9b2ba18d0216e7235b403229e92fd0743ede48fe7f1a2c6f45d594,"{""distance"":5,""physical_error_rate"":0.0005}","{""detection_events"":18635,""detectors_checked"":8486912}"
      9598,         0,         0,   0.056,exact_mw,cdc4a450a40af8e24899239080e4c40992fb5baf91c5a31ab3a165eacb3a1ab3,"{""distance"":5,""physical_error_rate"":0.0002}","{""detection_events"":1855,""detectors_checked"":2149952}"
    182068,         0,         0,    2.62,exact_mw,cdc4a450a40af8e24899239080e4c40992fb5baf91c5a31ab3a165eacb3a1ab3,"{""distance"":5,""physical_error_rate"":0.0002}","{""detection_events"":36054,""detectors_checked"":40783232}"
     29213,         0,         0,   0.542,exact_mw,cdc4a450a40af8e24899239080e4c40992fb5baf91c5a31ab3a165eacb3a1ab3,"{""distance"":5,""physical_error_rate"":0.0002}","{""detection_events"":5891,""detectors_checked"":6543712}"
    181551,         0,         0,    1.94,exact_mw,cdc4a450a40af8e24899239080e4c40992fb5baf91c5a31ab3a165eacb3a1ab3,"{""distance"":5,""physical_error_rate"":0.0002}","{""detection_events"":35572,""detectors_checked"":40667424}"
      7737,         0,         0,   0.044,exact_mw,cdc4a450a40af8e24899239080e4c40992fb5baf91c5a31ab3a165eacb3a1ab3,"{""distance"":5,""physical_error_rate"":0.0002}","{""detection_events"":1565,""detectors_checked"":1733088}"
     20586,         0,         0,   0.190,exact_mw,cdc4a450a40af8e24899239080e4c40992fb5baf91c5a31ab3a165eacb3a1ab3,"{""distance"":5,""physical_error_rate"":0.0002}","{""detection_events"":4105,""detectors_checked"":4611264}"
     18212,         0,         0,   0.084,exact_mw,cdc4a450a40af8e24899239080e4c40992fb5baf91c5a31ab3a165eacb3a1ab3,"{""distance"":5,""physical_error_rate"":0.0002}","{""detection_events"":3610,""detectors_checked"":4079488}"
    101554,         0,         0,    1.58,exact_mw,cdc4a450a40af8e24899239080e4c40992fb5baf91c5a31ab3a165eacb3a1ab3,"{""distance"":5,""physical_error_rate"":0.0002}","{""detection_events"":20271,""detectors_checked"":22748096}"
     85351,         0,         0,    1.59,exact_mw,cdc4a450a40af8e24899239080e4c40992fb5baf91c5a31ab3a165eacb3a1ab3,"{""distance"":5,""physical_error_rate"":0.0002}","{""detection_events"":17128,""detectors_checked"":19118624}"
     83303,         0,         0,    1.55,exact_mw,cdc4a450a40af8e24899239080e4c40992fb5baf91c5a31ab3a165eacb3a1ab3,"{""distance"":5,""physical_error_rate"":0.0002}","{""detection_events"":16538,""detectors_checked"":18659872}"
     23635,         0,         0,   0.196,exact_mw,cdc4a450a40af8e24899239080e4c40992fb5baf91c5a31ab3a165eacb3a1ab3,"{""distance"":5,""physical_error_rate"":0.0002}","{""detection_events"":4752,""detectors_checked"":5294240}"
       517,         0,         0,   0.002,exact_mw,cdc4a450a40af8e24899239080e4c40992fb5baf91c5a31ab3a165eacb3a1ab3,"{""distance"":5,""physical_error_rate"":0.0002}","{""detection_events"":99,""detectors_checked"":115808}"
       360,         0,         0,   0.001,exact_mw,cdc4a450a40af8e24899239080e4c40992fb5baf91c5a31ab3a165eacb3a1ab3,"{""distance"":5,""physical_error_rate"":0.0002}","{""detection_events"":93,""detectors_checked"":80640}"
       150,         0,         0,   0.001,exact_mw,cdc4a450a40af8e24899239080e4c40992fb5baf91c5a31ab3a165eacb3a1ab3,"{""distance"":5,""physical_error_rate"":0.0002}","{""detection_events"":29,""detectors_checked"":33600}"
      1191,         0,         0,   0.004,exact_mw,cdc4a450a40af8e24899239080e4c40992fb5baf91c5a31ab3a165eacb3a1ab3,"{""distance"":5,""physical_error_rate"":0.0002}","{""detection_events"":214,""detectors_checked"":266784}"
       150,         0,         0,   0.001,exact_mw,cdc4a450a40af8e24899239080e4c40992fb5baf91c5a31ab3a165eacb3a1ab3,"{""distance"":5,""physical_error_rate"":0.0002}","{""detection_events"":23,""detectors_checked"":33600}"
     96256,         1,         0,   0.402,exact_mw,cb12ae119b9b2ba18d0216e7235b403229e92fd0743ede48fe7f1a2c6f45d594,"{""distance"":5,""physical_error_rate"":0.0005}","{""detection_events"":47598,""detectors_checked"":21561344,""obs_mistake_mask=E"":1}"
      3451,         0,         0,   0.020,exact_mw,cdc4a450a40af8e24899239080e4c40992fb5baf91c5a31ab3a165eacb3a1ab3,"{""distance"":5,""physical_error_rate"":0.0002}","{""detection_events"":624,""detectors_checked"":773024}"
        72,         0,         0,   0.000,exact_mw,cdc4a450a40af8e24899239080e4c40992fb5baf91c5a31ab3a165eacb3a1ab3,"{""distance"":5,""physical_error_rate"":0.0002}","{""detection_events"":17,""detectors_checked"":16128}"
      3151,         0,         0,   0.015,exact_mw,cdc4a450a40af8e24899239080e4c40992fb5baf91c5a31ab3a165eacb3a1ab3,"{""distance"":5,""physical_error_rate"":0.0002}","{""detection_events"":735,""detectors_checked"":705824}"
        14,         0,         0,   0.000,exact_mw,cdc4a450a40af8e24899239080e4c40992fb5baf91c5a31ab3a165eacb3a1ab3,"{""distance"":5,""physical_error_rate"":0.0002}","{""detection_events"":1,""detectors_checked"":3136}"
      5871,         0,         0,   0.102,exact_mw,cdc4a450a40af8e24899239080e4c40992fb5baf91c5a31ab3a165eacb3a1ab3,"{""distance"":5,""physical_error_rate"":0.0002}","{""detection_events"":1143,""detectors_checked"":1315104}"
     24072,         0,         0,   0.353,exact_mw,cdc4a450a40af8e24899239080e4c40992fb5baf91c5a31ab3a165eacb3a1ab3,"{""distance"":5,""physical_error_rate"":0.0002}","{""detection_events"":4653,""detectors_checked"":5392128}"
        21,         0,         0,   0.000,exact_mw,cdc4a450a40af8e24899239080e4c40992fb5baf91c5a31ab3a165eacb3a1ab3,"{""distance"":5,""physical_error_rate"":0.0002}","{""detection_events"":6,""detectors_checked"":4704}"
       574,         0,         0,   0.002,exact_mw,cdc4a450a40af8e24899239080e4c40992fb5baf91c5a31ab3a165eacb3a1ab3,"{""distance"":5,""physical_error_rate"":0.0002}","{""detection_events"":104,""detectors_checked"":128576}"
       106,         0,         0,   0.001,exact_mw,cdc4a450a40af8e24899239080e4c40992fb5baf91c5a31ab3a165eacb3a1ab3,"{""distance"":5,""physical_error_rate"":0.0002}","{""detection_events"":13,""detectors_checked"":23744}"
     22424,         0,         0,   0.374,exact_mw,cdc4a450a40af8e24899239080e4c40992fb5baf91c5a31ab3a165eacb3a1ab3,"{""distance"":5,""physical_error_rate"":0.0002}","{""detection_events"":4508,""detectors_checked"":5022976}"
    105570,         0,         0,    1.69,exact_mw,cdc4a450a40af8e24899239080e4c40992fb5baf91c5a31ab3a165eacb3a1ab3,"{""distance"":5,""physical_error_rate"":0.0002}","{""detection_events"":21081,""detectors_checked"":23647680}"
      3345,         0,         0,   0.012,exact_mw,cdc4a450a40af8e24899239080e4c40992fb5baf91c5a31ab3a165eacb3a1ab3,"{""distance"":5,""physical_error_rate"":0.0002}","{""detection_events"":646,""detectors_checked"":749280}"
     97410,         0,         0,    1.68,exact_mw,cdc4a450a40af8e24899239080e4c40992fb5baf91c5a31ab3a165eacb3a1ab3,"{""distance"":5,""physical_error_rate"":0.0002}","{""detection_events"":18795,""detectors_checked"":21819840}"
      5120,         0,         0,   0.016,exact_mw,cdc4a450a40af8e24899239080e4c40992fb5baf91c5a31ab3a165eacb3a1ab3,"{""distance"":5,""physical_error_rate"":0.0002}","{""detection_events"":947,""detectors_checked"":1146880}"
         1,         0,         0,   0.000,exact_mw,cdc4a450a40af8e24899239080e4c40992fb5baf91c5a31ab3a165eacb3a1ab3,"{""distance"":5,""physical_error_rate"":0.0002}","{""detectors_checked"":224}"
       127,         0,         0,   0.001,exact_mw,cdc4a450a40af8e24899239080e4c40992fb5baf91c5a31ab3a165eacb3a1ab3,"{""distance"":5,""physical_error_rate"":0.0002}","{""detection_events"":30,""detectors_checked"":28448}"
       574,         0,         0,   0.003,exact_mw,cdc4a450a40af8e24899239080e4c40992fb5baf91c5a31ab3a165eacb3a1ab3,"{""distance"":5,""physical_error_rate"":0.0002}","{""detection_events"":118,""detectors_checked"":128576}"
       573,         0,         0,   0.002,exact_mw,cdc4a450a40af8e24899239080e4c40992fb5baf91c5a31ab3a165eacb3a1ab3,"{""distance"":5,""physical_error_rate"":0.0002}","{""detection_events"":99,""detectors_checked"":128352}"
         1,         0,         0,   0.000,exact_mw,cdc4a450a40af8e24899239080e4c40992fb5baf91c5a31ab3a165eacb3a1ab3,"{""distance"":5,""physical_error_rate"":0.0002}","{""detectors_checked"":224}"
      2479,         0,         0,   0.008,exact_mw,cdc4a450a40af8e24899239080e4c40992fb5baf91c5a31ab3a165eacb3a1ab3,"{""distance"":5,""physical_error_rate"":0.0002}","{""detection_events"":528,""detectors_checked"":555296}"
     11470,         0,         0,   0.091,exact_mw,cdc4a450a40af8e24899239080e4c40992fb5baf91c5a31ab3a165eacb3a1ab3,"{""distance"":5,""physical_error_rate"":0.0002}","{""detection_events"":2281,""detectors_checked"":2569280}"
      2048,         0,         0,   0.026,exact_mw,cdc4a450a40af8e24899239080e4c40992fb5baf91c5a31ab3a165eacb3a1ab3,"{""distance"":5,""physical_error_rate"":0.0002}","{""detection_events"":356,""detectors_checked"":458752}"
      1657,         0,         0,   0.005,exact_mw,cdc4a450a40af8e24899239080e4c40992fb5baf91c5a31ab3a165eacb3a1ab3,"{""distance"":5,""physical_error_rate"":0.0002}","{""detection_events"":338,""detectors_checked"":371168}"
      2478,         0,         0,   0.008,exact_mw,cdc4a450a40af8e24899239080e4c40992fb5baf91c5a31ab3a165eacb3a1ab3,"{""distance"":5,""physical_error_rate"":0.0002}","{""detection_events"":546,""detectors_checked"":555072}"
     36633,         0,         0,   0.788,exact_mw,cdc4a450a40af8e24899239080e4c40992fb5baf91c5a31ab3a165eacb3a1ab3,"{""distance"":5,""physical_error_rate"":0.0002}","{""detection_events"":7100,""detectors_checked"":8205792}"
     15513,         0,         0,   0.293,exact_mw,cdc4a450a40af8e24899239080e4c40992fb5baf91c5a31ab3a165eacb3a1ab3,"{""distance"":5,""physical_error_rate"":0.0002}","{""detection_events"":3102,""detectors_checked"":3474912}"
    165668,         0,         0,    2.71,exact_mw,cdc4a450a40af8e24899239080e4c40992fb5baf91c5a31ab3a165eacb3a1ab3,"{""distance"":5,""physical_error_rate"":0.0002}","{""detection_events"":32445,""detectors_checked"":37109632}"
        26,         0,         0,   0.000,exact_mw,cdc4a450a40af8e24899239080e4c40992fb5baf91c5a31ab3a165eacb3a1ab3,"{""distance"":5,""physical_error_rate"":0.0002}","{""detection_events"":14,""detectors_checked"":5824}"
      8155,         0,         0,   0.126,exact_mw,cdc4a450a40af8e24899239080e4c40992fb5baf91c5a31ab3a165eacb3a1ab3,"{""distance"":5,""physical_error_rate"":0.0002}","{""detection_events"":1555,""detectors_checked"":1826720}"
      1657,         0,         0,   0.005,exact_mw,cdc4a450a40af8e24899239080e4c40992fb5baf91c5a31ab3a165eacb3a1ab3,"{""distance"":5,""physical_error_rate"":0.0002}","{""detection_events"":356,""detectors_checked"":371168}"
       611,         0,         0,   0.002,exact_mw,cdc4a450a40af8e24899239080e4c40992fb5baf91c5a31ab3a165eacb3a1ab3,"{""distance"":5,""physical_error_rate"":0.0002}","{""detection_events"":93,""detectors_checked"":136864}"
      4096,         0,         0,   0.023,exact_mw,cdc4a450a40af8e24899239080e4c40992fb5baf91c5a31ab3a165eacb3a1ab3,"{""distance"":5,""physical_error_rate"":0.0002}","{""detection_events"":759,""detectors_checked"":917504}"
      3665,         0,         0,   0.022,exact_mw,cdc4a450a40af8e24899239080e4c40992fb5baf91c5a31ab3a165eacb3a1ab3,"{""distance"":5,""physical_error_rate"":0.0002}","{""detection_events"":684,""detectors_checked"":820960}"
     39650,         0,         0,   0.848,exact_mw,cdc4a450a40af8e24899239080e4c40992fb5baf91c5a31ab3a165eacb3a1ab3,"{""distance"":5,""physical_error_rate"":0.0002}","{""detection_events"":7610,""detectors_checked"":8881600}"
      2588,         0,         0,   0.014,exact_mw,cdc4a450a40af8e24899239080e4c40992fb5baf91c5a31ab3a165eacb3a1ab3,"{""distance"":5,""physical_error_rate"":0.0002}","{""detection_events"":437,""detectors_checked"":579712}"
       243,         0,         0,   0.001,exact_mw,cdc4a450a40af8e24899239080e4c40992fb5baf91c5a31ab3a165eacb3a1ab3,"{""distance"":5,""physical_error_rate"":0.0002}","{""detection_events"":36,""detectors_checked"":54432}"
      3667,         0,         0,   0.017,exact_mw,cdc4a450a40af8e24899239080e4c40992fb5baf91c5a31ab3a165eacb3a1ab3,"{""distance"":5,""physical_error_rate"":0.0002}","{""detection_events"":707,""detectors_checked"":821408}"
    112583,         0,         0,    1.93,exact_mw,cdc4a450a40af8e24899239080e4c40992fb5baf91c5a31ab3a165eacb3a1ab3,"{""distance"":5,""physical_error_rate"":0.0002}","{""detection_events"":21861,""detectors_checked"":25218592}"
    163840,         0,         0,    2.86,exact_mw,cdc4a450a40af8e24899239080e4c40992fb5baf91c5a31ab3a165eacb3a1ab3,"{""distance"":5,""physical_error_rate"":0.0002}","{""detection_events"":32276,""detectors_checked"":36700160}"
      1936,         0,         0,   0.008,exact_mw,cdc4a450a40af8e24899239080e4c40992fb5baf91c5a31ab3a165eacb3a1ab3,"{""distance"":5,""physical_error_rate"":0.0002}","{""detection_events"":408,""detectors_checked"":433664}"
     11491,         0,         0,   0.107,exact_mw,cdc4a450a40af8e24899239080e4c40992fb5baf91c5a31ab3a165eacb3a1ab3,"{""distance"":5,""physical_error_rate"":0.0002}","{""detection_events"":2356,""detectors_checked"":2573984}"
      8649,         0,         0,   0.065,exact_mw,cdc4a450a40af8e24899239080e4c40992fb5baf91c5a31ab3a165eacb3a1ab3,"{""distance"":5,""physical_error_rate"":0.0002}","{""detection_events"":1694,""detectors_checked"":1937376}"
      1147,         0,         0,   0.004,exact_mw,cdc4a450a40af8e24899239080e4c40992fb5baf91c5a31ab3a165eacb3a1ab3,"{""distance"":5,""physical_error_rate"":0.0002}","{""detection_events"":204,""detectors_checked"":256928}"
     51200,         0,         0,   0.210,exact_mw,cb12ae119b9b2ba18d0216e7235b403229e92fd0743ede48fe7f1a2c6f45d594,"{""distance"":5,""physical_error_rate"":0.0005}","{""detection_events"":25446,""detectors_checked"":11468800}"
     24010,         0,         0,   0.433,exact_mw,cdc4a450a40af8e24899239080e4c40992fb5baf91c5a31ab3a165eacb3a1ab3,"{""distance"":5,""physical_error_rate"":0.0002}","{""detection_events"":4974,""detectors_checked"":5378240}"
      8647,         0,         0,   0.129,exact_mw,cdc4a450a40af8e24899239080e4c40992fb5baf91c5a31ab3a165eacb3a1ab3,"{""distance"":5,""physical_error_rate"":0.0002}","{""detection_events"":1741,""detectors_checked"":1936928}"
      2064,         0,         0,   0.063,exact_mw,cdc4a450a40af8e24899239080e4c40992fb5baf91c5a31ab3a165eacb3a1ab3,"{""distance"":5,""physical_error_rate"":0.0002}","{""detection_events"":434,""detectors_checked"":462336}"
      6144,         0,         0,   0.034,exact_mw,cdc4a450a40af8e24899239080e4c40992fb5baf91c5a31ab3a165eacb3a1ab3,"{""distance"":5,""physical_error_rate"":0.0002}","{""detection_events"":1200,""detectors_checked"":1376256}"
         1,         0,         0,   0.000,exact_mw,cdc4a450a40af8e24899239080e4c40992fb5baf91c5a31ab3a165eacb3a1ab3,"{""distance"":5,""physical_error_rate"":0.0002}","{""detectors_checked"":224}"
       906,         0,         0,   0.003,exact_mw,cdc4a450a40af8e24899239080e4c40992fb5baf91c5a31ab3a165eacb3a1ab3,"{""distance"":5,""physical_error_rate"":0.0002}","{""detection_events"":190,""detectors_checked"":202944}"
     93688,         0,         0,    1.57,exact_mw,cdc4a450a40af8e24899239080e4c40992fb5baf91c5a31ab3a165eacb3a1ab3,"{""distance"":5,""physical_error_rate"":0.0002}","{""detection_events"":18332,""detectors_checked"":20986112}"
     14257,         0,         0,   0.100,exact_mw,cdc4a450a40af8e24899239080e4c40992fb5baf91c5a31ab3a165eacb3a1ab3,"{""distance"":5,""physical_error_rate"":0.0002}","{""detection_events"":2745,""detectors_checked"":3193568}"
     82589,         0,         0,    1.49,exact_mw,cdc4a450a40af8e24899239080e4c40992fb5baf91c5a31ab3a165eacb3a1ab3,"{""distance"":5,""physical_error_rate"":0.0002}","{""detection_events"":16464,""detectors_checked"":18499936}"
       721,         0,         0,   0.002,exact_mw,cdc4a450a40af8e24899239080e4c40992fb5baf91c5a31ab3a165eacb3a1ab3,"{""distance"":5,""physical_error_rate"":0.0002}","{""detection_events"":147,""detectors_checked"":161504}"
      2816,         0,         0,   0.011,exact_mw,cdc4a450a40af8e24899239080e4c40992fb5baf91c5a31ab3a165eacb3a1ab3,"{""distance"":5,""physical_error_rate"":0.0002}","{""detection_events"":574,""detectors_checked"":630784}"
      1496,         0,         0,   0.005,exact_mw,cdc4a450a40af8e24899239080e4c40992fb5baf91c5a31ab3a165eacb3a1ab3,"{""distance"":5,""physical_error_rate"":0.0002}","{""detection_events"":250,""detectors_checked"":335104}"
      3735,         0,         0,   0.015,exact_mw,cdc4a450a40af8e24899239080e4c40992fb5baf91c5a31ab3a165eacb3a1ab3,"{""distance"":5,""physical_error_rate"":0.0002}","{""detection_events"":696,""detectors_checked"":836640}"
    108418,         0,         0,    1.90,exact_mw,cdc4a450a40af8e24899239080e4c40992fb5baf91c5a31ab3a165eacb3a1ab3,"{""distance"":5,""physical_error_rate"":0.0002}","{""detection_events"":21139,""detectors_checked"":24285632}"
      5670,         0,         0,   0.017,exact_mw,cdc4a450a40af8e24899239080e4c40992fb5baf91c5a31ab3a165eacb3a1ab3,"{""distance"":5,""physical_error_rate"":0.0002}","{""detection_events"":1237,""detectors_checked"":1270080}"
      3780,         0,         0,   0.035,exact_mw,cdc4a450a40af8e24899239080e4c40992fb5baf91c5a31ab3a165eacb3a1ab3,"{""distance"":5,""physical_error_rate"":0.0002}","{""detection_events"":768,""detectors_checked"":846720}"
      5377,         0,         0,   0.018,exact_mw,cdc4a450a40af8e24899239080e4c40992fb5baf91c5a31ab3a165eacb3a1ab3,"{""distance"":5,""physical_error_rate"":0.0002}","{""detection_events"":943,""detectors_checked"":1204448}"
      3129,         0,         0,   0.024,exact_mw,cdc4a450a40af8e24899239080e4c40992fb5baf91c5a31ab3a165eacb3a1ab3,"{""distance"":5,""physical_error_rate"":0.0002}","{""detection_events"":532,""detectors_checked"":700896}"
     86717,         0,         0,    1.62,exact_mw,cdc4a450a40af8e24899239080e4c40992fb5baf91c5a31ab3a165eacb3a1ab3,"{""distance"":5,""physical_error_rate"":0.0002}","{""detection_events"":17000,""detectors_checked"":19424608}"
      3648,         0,         0,   0.046,exact_mw,cdc4a450a40af8e24899239080e4c40992fb5baf91c5a31ab3a165eacb3a1ab3,"{""distance"":5,""physical_error_rate"":0.0002}","{""detection_events"":733,""detectors_checked"":817152}"
       143,         0,         0,   0.001,exact_mw,cdc4a450a40af8e24899239080e4c40992fb5baf91c5a31ab3a165eacb3a1ab3,"{""distance"":5,""physical_error_rate"":0.0002}","{""detection_events"":37,""detectors_checked"":32032}"
     16384,         0,         0,   0.054,exact_mw,cdc4a450a40af8e24899239080e4c40992fb5baf91c5a31ab3a165eacb3a1ab3,"{""distance"":5,""physical_error_rate"":0.0002}","{""detection_events"":3197,""detectors_checked"":3670016}"
     79020,         0,         0,    1.61,exact_mw,cdc4a450a40af8e24899239080e4c40992fb5baf91c5a31ab3a165eacb3a1ab3,"{""distance"":5,""physical_error_rate"":0.0002}","{""detection_events"":16084,""detectors_checked"":17700480}"
        11,         0,         0,   0.000,exact_mw,cdc4a450a40af8e24899239080e4c40992fb5baf91c5a31ab3a165eacb3a1ab3,"{""distance"":5,""physical_error_rate"":0.0002}","{""detectors_checked"":2464}"
       231,         0,         0,   0.001,exact_mw,cdc4a450a40af8e24899239080e4c40992fb5baf91c5a31ab3a165eacb3a1ab3,"{""distance"":5,""physical_error_rate"":0.0002}","{""detection_events"":46,""detectors_checked"":51744}"
      5422,         0,         0,   0.031,exact_mw,cdc4a450a40af8e24899239080e4c40992fb5baf91c5a31ab3a165eacb3a1ab3,"{""distance"":5,""physical_error_rate"":0.0002}","{""detection_events"":1136,""detectors_checked"":1214528}"
       903,         0,         0,   0.006,exact_mw,cdc4a450a40af8e24899239080e4c40992fb5baf91c5a31ab3a165eacb3a1ab3,"{""distance"":5,""physical_error_rate"":0.0002}","{""detection_events"":172,""detectors_checked"":202272}"
      3432,         0,         0,   0.012,exact_mw,cdc4a450a40af8e24899239080e4c40992fb5baf91c5a31ab3a165eacb3a1ab3,"{""distance"":5,""physical_error_rate"":0.0002}","{""detection_events"":653,""detectors_checked"":768768}"
      1297,         0,         0,   0.007,exact_mw,cb12ae119b9b2ba18d0216e7235b403229e92fd0743ede48fe7f1a2c6f45d594,"{""distance"":5,""physical_error_rate"":0.0005}","{""detection_events"":647,""detectors_checked"":290528}"
        49,         0,         0,   0.000,exact_mw,cdc4a450a40af8e24899239080e4c40992fb5baf91c5a31ab3a165eacb3a1ab3,"{""distance"":5,""physical_error_rate"":0.0002}","{""detection_events"":15,""detectors_checked"":10976}"
      1024,         0,         0,   0.004,exact_mw,cb12ae119b9b2ba18d0216e7235b403229e92fd0743ede48fe7f1a2c6f45d594,"{""distance"":5,""physical_error_rate"":0.0005}","{""detection_events"":550,""detectors_checked"":229376}"
      2051,         0,         0,   0.016,exact_mw,cdc4a450a40af8e24899239080e4c40992fb5baf91c5a31ab3a165eacb3a1ab3,"{""distance"":5,""physical_error_rate"":0.0002}","{""detection_events"":431,""detectors_checked"":459424}"
      1694,         0,         0,   0.013,exact_mw,cdc4a450a40af8e24899239080e4c40992fb5baf91c5a31ab3a165eacb3a1ab3,"{""distance"":5,""physical_error_rate"":0.0002}","{""detection_events"":356,""detectors_checked"":379456}"
        49,         0,         0,   0.000,exact_mw,cdc4a450a40af8e24899239080e4c40992fb5baf91c5a31ab3a165eacb3a1ab3,"{""distance"":5,""physical_error_rate"":0.0002}","{""detection_events"":9,""detectors_checked"":10976}"
      3129,         0,         0,   0.049,exact_mw,cdc4a450a40af8e24899239080e4c40992fb5baf91c5a31ab3a165eacb3a1ab3,"{""distance"":5,""physical_error_rate"":0.0002}","{""detection_events"":640,""detectors_checked"":700896}"
      1692,         0,         0,   0.006,exact_mw,cdc4a450a40af8e24899239080e4c40992fb5baf91c5a31ab3a165eacb3a1ab3,"{""distance"":5,""physical_error_rate"":0.0002}","{""detection_events"":389,""detectors_checked"":379008}"
    103003,         0,         0,    1.98,exact_mw,cdc4a450a40af8e24899239080e4c40992fb5baf91c5a31ab3a165eacb3a1ab3,"{""distance"":5,""physical_error_rate"":0.0002}","{""detection_events"":20445,""detectors_checked"":23072672}"
      1355,         0,         0,   0.006,exact_mw,cdc4a450a40af8e24899239080e4c40992fb5baf91c5a31ab3a165eacb3a1ab3,"{""distance"":5,""physical_error_rate"":0.0002}","{""detection_events"":287,""detectors_checked"":303520}"
      1694,         0,         0,   0.021,exact_mw,cdc4a450a40af8e24899239080e4c40992fb5baf91c5a31ab3a165eacb3a1ab3,"{""distance"":5,""physical_error_rate"":0.0002}","{""detection_events"":297,""detectors_checked"":379456}"
      1024,         0,         0,   0.025,exact_mw,cb12ae119b9b2ba18d0216e7235b403229e92fd0743ede48fe7f1a2c6f45d594,"{""distance"":5,""physical_error_rate"":0.0005}","{""detection_events"":440,""detectors_checked"":229376}"
      1709,         0,         0,   0.006,exact_mw,cdc4a450a40af8e24899239080e4c40992fb5baf91c5a31ab3a165eacb3a1ab3,"{""distance"":5,""physical_error_rate"":0.0002}","{""detection_events"":357,""detectors_checked"":382816}"
      1355,         0,         0,   0.005,exact_mw,cdc4a450a40af8e24899239080e4c40992fb5baf91c5a31ab3a165eacb3a1ab3,"{""distance"":5,""physical_error_rate"":0.0002}","{""detection_events"":306,""detectors_checked"":303520}"
        49,         0,         0,   0.000,exact_mw,cdc4a450a40af8e24899239080e4c40992fb5baf91c5a31ab3a165eacb3a1ab3,"{""distance"":5,""physical_error_rate"":0.0002}","{""detection_events"":9,""detectors_checked"":10976}"
        49,         0,         0,   0.000,exact_mw,cdc4a450a40af8e24899239080e4c40992fb5baf91c5a31ab3a165eacb3a1ab3,"{""distance"":5,""physical_error_rate"":0.0002}","{""detection_events"":20,""detectors_checked"":10976}"
      1706,         0,         0,   0.006,exact_mw,cdc4a450a40af8e24899239080e4c40992fb5baf91c5a31ab3a165eacb3a1ab3,"{""distance"":5,""physical_error_rate"":0.0002}","{""detection_events"":308,""detectors_checked"":382144}"
       136,         0,         0,   0.001,exact_mw,cdc4a450a40af8e24899239080e4c40992fb5baf91c5a31ab3a165eacb3a1ab3,"{""distance"":5,""physical_error_rate"":0.0002}","{""detection_events"":27,""detectors_checked"":30464}"
     34577,         0,         0,   0.560,exact_mw,cdc4a450a40af8e24899239080e4c40992fb5baf91c5a31ab3a165eacb3a1ab3,"{""distance"":5,""physical_error_rate"":0.0002}","{""detection_events"":6611,""detectors_checked"":7745248}"
      5120,         0,         0,   0.058,exact_mw,cdc4a450a40af8e24899239080e4c40992fb5baf91c5a31ab3a165eacb3a1ab3,"{""distance"":5,""physical_error_rate"":0.0002}","{""detection_events"":1063,""detectors_checked"":1146880}"
      6856,         0,         0,   0.066,exact_mw,cdc4a450a40af8e24899239080e4c40992fb5baf91c5a31ab3a165eacb3a1ab3,"{""distance"":5,""physical_error_rate"":0.0002}","{""detection_events"":1427,""detectors_checked"":1535744}"
    106346,         0,         0,    2.09,exact_mw,cdc4a450a40af8e24899239080e4c40992fb5baf91c5a31ab3a165eacb3a1ab3,"{""distance"":5,""physical_error_rate"":0.0002}","{""detection_events"":21275,""detectors_checked"":23821504}"
      1657,         0,         0,   0.011,exact_mw,cdc4a450a40af8e24899239080e4c40992fb5baf91c5a31ab3a165eacb3a1ab3,"{""distance"":5,""physical_error_rate"":0.0002}","{""detection_events"":348,""detectors_checked"":371168}"
      1766,         0,         0,   0.009,exact_mw,cdc4a450a40af8e24899239080e4c40992fb5baf91c5a31ab3a165eacb3a1ab3,"{""distance"":5,""physical_error_rate"":0.0002}","{""detection_events"":325,""detectors_checked"":395584}"
      3197,         0,         0,   0.021,exact_mw,cdc4a450a40af8e24899239080e4c40992fb5baf91c5a31ab3a165eacb3a1ab3,"{""distance"":5,""physical_error_rate"":0.0002}","{""detection_events"":558,""detectors_checked"":716128}"
     28704,         0,         0,   0.534,exact_mw,cdc4a450a40af8e24899239080e4c40992fb5baf91c5a31ab3a165eacb3a1ab3,"{""distance"":5,""physical_error_rate"":0.0002}","{""detection_events"":5541,""detectors_checked"":6429696}"
     82279,         0,         0,    1.90,exact_mw,cdc4a450a40af8e24899239080e4c40992fb5baf91c5a31ab3a165eacb3a1ab3,"{""distance"":5,""physical_error_rate"":0.0002}","{""detection_events"":16231,""detectors_checked"":18430496}"
    145623,         0,         0,    2.62,exact_mw,cdc4a450a40af8e24899239080e4c40992fb5baf91c5a31ab3a165eacb3a1ab3,"{""distance"":5,""physical_error_rate"":0.0002}","{""detection_events"":28789,""detectors_checked"":32619552}"
     24038,         0,         0,   0.613,exact_mw,cdc4a450a40af8e24899239080e4c40992fb5baf91c5a31ab3a165eacb3a1ab3,"{""distance"":5,""physical_error_rate"":0.0002}","{""detection_events"":4625,""detectors_checked"":5384512}"
      2048,         0,         0,   0.033,exact_mw,cb12ae119b9b2ba18d0216e7235b403229e92fd0743ede48fe7f1a2c6f45d594,"{""distance"":5,""physical_error_rate"":0.0005}","{""detection_events"":1141,""detectors_checked"":458752}"
      1630,         0,         0,   0.005,exact_mw,cdc4a450a40af8e24899239080e4c40992fb5baf91c5a31ab3a165eacb3a1ab3,"{""distance"":5,""physical_error_rate"":0.0002}","{""detection_events"":336,""detectors_checked"":365120}"
      9990,         0,         0,   0.438,exact_mw,cdc4a450a40af8e24899239080e4c40992fb5baf91c5a31ab3a165eacb3a1ab3,"{""distance"":5,""physical_error_rate"":0.0002}","{""detection_events"":2062,""detectors_checked"":2237760}"
         1,         0,         0,   0.000,exact_mw,cb12ae119b9b2ba18d0216e7235b403229e92fd0743ede48fe7f1a2c6f45d594,"{""distance"":5,""physical_error_rate"":0.0005}","{""detection_events"":8,""detectors_checked"":224}"
      3072,         0,         0,   0.019,exact_mw,cb12ae119b9b2ba18d0216e7235b403229e92fd0743ede48fe7f1a2c6f45d594,"{""distance"":5,""physical_error_rate"":0.0005}","{""detection_events"":1605,""detectors_checked"":688128}"
      1760,         0,         0,   0.006,exact_mw,cdc4a450a40af8e24899239080e4c40992fb5baf91c5a31ab3a165eacb3a1ab3,"{""distance"":5,""physical_error_rate"":0.0002}","{""detection_events"":307,""detectors_checked"":394240}"
      2598,         0,         0,   0.014,exact_mw,cdc4a450a40af8e24899239080e4c40992fb5baf91c5a31ab3a165eacb3a1ab3,"{""distance"":5,""physical_error_rate"":0.0002}","{""detection_events"":544,""detectors_checked"":581952}"
        27,         0,         0,   0.000,exact_mw,cdc4a450a40af8e24899239080e4c40992fb5baf91c5a31ab3a165eacb3a1ab3,"{""distance"":5,""physical_error_rate"":0.0002}","{""detection_events"":6,""detectors_checked"":6048}"
      2320,         0,         0,   0.026,exact_mw,cb12ae119b9b2ba18d0216e7235b403229e92fd0743ede48fe7f1a2c6f45d594,"{""distance"":5,""physical_error_rate"":0.0005}","{""detection_events"":1070,""detectors_checked"":519680}"
      1630,         0,         0,   0.009,exact_mw,cdc4a450a40af8e24899239080e4c40992fb5baf91c5a31ab3a165eacb3a1ab3,"{""distance"":5,""physical_error_rate"":0.0002}","{""detection_events"":260,""detectors_checked"":365120}"
      1734,         0,         0,   0.008,exact_mw,cdc4a450a40af8e24899239080e4c40992fb5baf91c5a31ab3a165eacb3a1ab3,"{""distance"":5,""physical_error_rate"":0.0002}","{""detection_events"":346,""detectors_checked"":388416}"
       181,         0,         0,   0.002,exact_mw,cdc4a450a40af8e24899239080e4c40992fb5baf91c5a31ab3a165eacb3a1ab3,"{""distance"":5,""physical_error_rate"":0.0002}","{""detection_events"":40,""detectors_checked"":40544}"
      2832,         0,         0,   0.015,exact_mw,cdc4a450a40af8e24899239080e4c40992fb5baf91c5a31ab3a165eacb3a1ab3,"{""distance"":5,""physical_error_rate"":0.0002}","{""detection_events"":518,""detectors_checked"":634368}"
        28,         0,         0,   0.000,exact_mw,cdc4a450a40af8e24899239080e4c40992fb5baf91c5a31ab3a165eacb3a1ab3,"{""distance"":5,""physical_error_rate"":0.0002}","{""detection_events"":4,""detectors_checked"":6272}"
       557,         0,         0,   0.002,exact_mw,cdc4a450a40af8e24899239080e4c40992fb5baf91c5a31ab3a165eacb3a1ab3,"{""distance"":5,""physical_error_rate"":0.0002}","{""detection_events"":119,""detectors_checked"":124768}"
      6983,         0,         0,   0.034,exact_mw,cdc4a450a40af8e24899239080e4c40992fb5baf91c5a31ab3a165eacb3a1ab3,"{""distance"":5,""physical_error_rate"":0.0002}","{""detection_events"":1451,""detectors_checked"":1564192}"
     12288,         0,         0,   0.106,exact_mw,cdc4a450a40af8e24899239080e4c40992fb5baf91c5a31ab3a165eacb3a1ab3,"{""distance"":5,""physical_error_rate"":0.0002}","{""detection_events"":2403,""detectors_checked"":2752512}"
        44,         0,         0,   0.000,exact_mw,cdc4a450a40af8e24899239080e4c40992fb5baf91c5a31ab3a165eacb3a1ab3,"{""distance"":5,""physical_error_rate"":0.0002}","{""detection_events"":5,""detectors_checked"":9856}"
         8,         0,         0,   0.000,exact_mw,cdc4a450a40af8e24899239080e4c40992fb5baf91c5a31ab3a165eacb3a1ab3,"{""distance"":5,""physical_error_rate"":0.0002}","{""detection_events"":2,""detectors_checked"":1792}"
         1,         0,         0,   0.000,exact_mw,cdc4a450a40af8e24899239080e4c40992fb5baf91c5a31ab3a165eacb3a1ab3,"{""distance"":5,""physical_error_rate"":0.0002}","{""detectors_checked"":224}"
       302,         0,         0,   0.001,exact_mw,cdc4a450a40af8e24899239080e4c40992fb5baf91c5a31ab3a165eacb3a1ab3,"{""distance"":5,""physical_error_rate"":0.0002}","{""detection_events"":55,""detectors_checked"":67648}"
       124,         0,         0,   0.001,exact_mw,cdc4a450a40af8e24899239080e4c40992fb5baf91c5a31ab3a165eacb3a1ab3,"{""distance"":5,""physical_error_rate"":0.0002}","{""detection_events"":17,""detectors_checked"":27776}"
      1024,         0,         0,   0.047,exact_mw,cb12ae119b9b2ba18d0216e7235b403229e92fd0743ede48fe7f1a2c6f45d594,"{""distance"":5,""physical_error_rate"":0.0005}","{""detection_events"":498,""detectors_checked"":229376}"
       121,         0,         0,   0.001,exact_mw,cdc4a450a40af8e24899239080e4c40992fb5baf91c5a31ab3a165eacb3a1ab3,"{""distance"":5,""physical_error_rate"":0.0002}","{""detection_events"":35,""detectors_checked"":27104}"
        96,         0,         0,   0.000,exact_mw,cdc4a450a40af8e24899239080e4c40992fb5baf91c5a31ab3a165eacb3a1ab3,"{""distance"":5,""physical_error_rate"":0.0002}","{""detection_events"":24,""detectors_checked"":21504}"
      6580,         0,         0,   0.048,exact_mw,cdc4a450a40af8e24899239080e4c40992fb5baf91c5a31ab3a165eacb3a1ab3,"{""distance"":5,""physical_error_rate"":0.0002}","{""detection_events"":1381,""detectors_checked"":1473920}"
       358,         0,         0,   0.001,exact_mw,cdc4a450a40af8e24899239080e4c40992fb5baf91c5a31ab3a165eacb3a1ab3,"{""distance"":5,""physical_error_rate"":0.0002}","{""detection_events"":52,""detectors_checked"":80192}"
      5120,         0,         0,   0.065,exact_mw,cb12ae119b9b2ba18d0216e7235b403229e92fd0743ede48fe7f1a2c6f45d594,"{""distance"":5,""physical_error_rate"":0.0005}","{""detection_events"":2499,""detectors_checked"":1146880}"
       355,         0,         0,   0.001,exact_mw,cdc4a450a40af8e24899239080e4c40992fb5baf91c5a31ab3a165eacb3a1ab3,"{""distance"":5,""physical_error_rate"":0.0002}","{""detection_events"":65,""detectors_checked"":79520}"
         5,         0,         0,   0.000,exact_mw,cdc4a450a40af8e24899239080e4c40992fb5baf91c5a31ab3a165eacb3a1ab3,"{""distance"":5,""physical_error_rate"":0.0002}","{""detection_events"":2,""detectors_checked"":1120}"
         5,         0,         0,   0.000,exact_mw,cdc4a450a40af8e24899239080e4c40992fb5baf91c5a31ab3a165eacb3a1ab3,"{""distance"":5,""physical_error_rate"":0.0002}","{""detectors_checked"":1120}"
         2,         0,         0,   0.000,exact_mw,cdc4a450a40af8e24899239080e4c40992fb5baf91c5a31ab3a165eacb3a1ab3,"{""distance"":5,""physical_error_rate"":0.0002}","{""detectors_checked"":448}"
     71680,         0,         0,   0.288,exact_mw,cb12ae119b9b2ba18d0216e7235b403229e92fd0743ede48fe7f1a2c6f45d594,"{""distance"":5,""physical_error_rate"":0.0005}","{""detection_events"":34915,""detectors_checked"":16056320}"
    138034,         0,         0,    2.60,exact_mw,cdc4a450a40af8e24899239080e4c40992fb5baf91c5a31ab3a165eacb3a1ab3,"{""distance"":5,""physical_error_rate"":0.0002}","{""detection_events"":26719,""detectors_checked"":30919616}"
       115,         0,         0,   0.001,exact_mw,cdc4a450a40af8e24899239080e4c40992fb5baf91c5a31ab3a165eacb3a1ab3,"{""distance"":5,""physical_error_rate"":0.0002}","{""detection_events"":21,""detectors_checked"":25760}"
         4,         0,         0,   0.000,exact_mw,cdc4a450a40af8e24899239080e4c40992fb5baf91c5a31ab3a165eacb3a1ab3,"{""distance"":5,""physical_error_rate"":0.0002}","{""detection_events"":2,""detectors_checked"":896}"
         2,         0,         0,   0.000,exact_mw,cdc4a450a40af8e24899239080e4c40992fb5baf91c5a31ab3a165eacb3a1ab3,"{""distance"":5,""physical_error_rate"":0.0002}","{""detectors_checked"":448}"
       110,         0,         0,   0.001,exact_mw,cdc4a450a40af8e24899239080e4c40992fb5baf91c5a31ab3a165eacb3a1ab3,"{""distance"":5,""physical_error_rate"":0.0002}","{""detection_events"":12,""detectors_checked"":24640}"
    135751,         0,         0,    2.23,exact_mw,cdc4a450a40af8e24899239080e4c40992fb5baf91c5a31ab3a165eacb3a1ab3,"{""distance"":5,""physical_error_rate"":0.0002}","{""detection_events"":26744,""detectors_checked"":30408224}"
         2,         0,         0,   0.000,exact_mw,cdc4a450a40af8e24899239080e4c40992fb5baf91c5a31ab3a165eacb3a1ab3,"{""distance"":5,""physical_error_rate"":0.0002}","{""detectors_checked"":448}"
         2,         0,         0,   0.000,exact_mw,cdc4a450a40af8e24899239080e4c40992fb5baf91c5a31ab3a165eacb3a1ab3,"{""distance"":5,""physical_error_rate"":0.0002}","{""detectors_checked"":448}"
      2157,         0,         0,   0.007,exact_mw,cdc4a450a40af8e24899239080e4c40992fb5baf91c5a31ab3a165eacb3a1ab3,"{""distance"":5,""physical_error_rate"":0.0002}","{""detection_events"":432,""detectors_checked"":483168}"
         2,         0,         0,   0.000,exact_mw,cdc4a450a40af8e24899239080e4c40992fb5baf91c5a31ab3a165eacb3a1ab3,"{""distance"":5,""physical_error_rate"":0.0002}","{""detection_events"":2,""detectors_checked"":448}"
      2121,         0,         0,   0.006,exact_mw,cdc4a450a40af8e24899239080e4c40992fb5baf91c5a31ab3a165eacb3a1ab3,"{""distance"":5,""physical_error_rate"":0.0002}","{""detection_events"":407,""detectors_checked"":475104}"
      2162,         0,         0,   0.014,exact_mw,cdc4a450a40af8e24899239080e4c40992fb5baf91c5a31ab3a165eacb3a1ab3,"{""distance"":5,""physical_error_rate"":0.0002}","{""detection_events"":425,""detectors_checked"":484288}"
        34,         0,         0,   0.000,exact_mw,cdc4a450a40af8e24899239080e4c40992fb5baf91c5a31ab3a165eacb3a1ab3,"{""distance"":5,""physical_error_rate"":0.0002}","{""detection_events"":2,""detectors_checked"":7616}"
        33,         0,         0,   0.000,exact_mw,cdc4a450a40af8e24899239080e4c40992fb5baf91c5a31ab3a165eacb3a1ab3,"{""distance"":5,""physical_error_rate"":0.0002}","{""detection_events"":5,""detectors_checked"":7392}"
      3072,         0,         0,   0.068,exact_mw,cb12ae119b9b2ba18d0216e7235b403229e92fd0743ede48fe7f1a2c6f45d594,"{""distance"":5,""physical_error_rate"":0.0005}","{""detection_events"":1672,""detectors_checked"":688128}"
        34,         0,         0,   0.000,exact_mw,cdc4a450a40af8e24899239080e4c40992fb5baf91c5a31ab3a165eacb3a1ab3,"{""distance"":5,""physical_error_rate"":0.0002}","{""detection_events"":9,""detectors_checked"":7616}"
         1,         0,         0,   0.000,exact_mw,cdc4a450a40af8e24899239080e4c40992fb5baf91c5a31ab3a165eacb3a1ab3,"{""distance"":5,""physical_error_rate"":0.0002}","{""detectors_checked"":224}"
     89196,         0,         0,    1.71,exact_mw,cdc4a450a40af8e24899239080e4c40992fb5baf91c5a31ab3a165eacb3a1ab3,"{""distance"":5,""physical_error_rate"":0.0002}","{""detection_events"":17623,""detectors_checked"":19979904}"
      4096,         0,         0,   0.086,exact_mw,cb12ae119b9b2ba18d0216e7235b403229e92fd0743ede48fe7f1a2c6f45d594,"{""distance"":5,""physical_error_rate"":0.0005}","{""detection_events"":2046,""detectors_checked"":917504}"
     41231,         0,         0,    1.23,exact_mw,cdc4a450a40af8e24899239080e4c40992fb5baf91c5a31ab3a165eacb3a1ab3,"{""distance"":5,""physical_error_rate"":0.0002}","{""detection_events"":8230,""detectors_checked"":9235744}"
       644,         0,         0,   0.002,exact_mw,cdc4a450a40af8e24899239080e4c40992fb5baf91c5a31ab3a165eacb3a1ab3,"{""distance"":5,""physical_error_rate"":0.0002}","{""detection_events"":156,""detectors_checked"":144256}"
      1394,         0,         0,   0.004,exact_mw,cdc4a450a40af8e24899239080e4c40992fb5baf91c5a31ab3a165eacb3a1ab3,"{""distance"":5,""physical_error_rate"":0.0002}","{""detection_events"":246,""detectors_checked"":312256}"
     20672,         0,         0,   0.785,exact_mw,cdc4a450a40af8e24899239080e4c40992fb5baf91c5a31ab3a165eacb3a1ab3,"{""distance"":5,""physical_error_rate"":0.0002}","{""detection_events"":4060,""detectors_checked"":4630528}"
      2048,         0,         0,   0.043,exact_mw,cb12ae119b9b2ba18d0216e7235b403229e92fd0743ede48fe7f1a2c6f45d594,"{""distance"":5,""physical_error_rate"":0.0005}","{""detection_events"":998,""detectors_checked"":458752}"
        22,         0,         0,   0.000,exact_mw,cdc4a450a40af8e24899239080e4c40992fb5baf91c5a31ab3a165eacb3a1ab3,"{""distance"":5,""physical_error_rate"":0.0002}","{""detection_events"":2,""detectors_checked"":4928}"
        10,         0,         0,   0.000,exact_mw,cdc4a450a40af8e24899239080e4c40992fb5baf91c5a31ab3a165eacb3a1ab3,"{""distance"":5,""physical_error_rate"":0.0002}","{""detectors_checked"":2240}"
         1,         0,         0,   0.000,exact_mw,cdc4a450a40af8e24899239080e4c40992fb5baf91c5a31ab3a165eacb3a1ab3,"{""distance"":5,""physical_error_rate"":0.0002}","{""detectors_checked"":224}"
       323,         0,         0,   0.001,exact_mw,cdc4a450a40af8e24899239080e4c40992fb5baf91c5a31ab3a165eacb3a1ab3,"{""distance"":5,""physical_error_rate"":0.0002}","{""detection_events"":51,""detectors_checked"":72352}"
         5,         0,         0,   0.000,exact_mw,cdc4a450a40af8e24899239080e4c40992fb5baf91c5a31ab3a165eacb3a1ab3,"{""distance"":5,""physical_error_rate"":0.0002}","{""detection_events"":2,""detectors_checked"":1120}"
    142336,         0,         0,   0.563,exact_mw,cb12ae119b9b2ba18d0216e7235b403229e92fd0743ede48fe7f1a2c6f45d594,"{""distance"":5,""physical_error_rate"":0.0005}","{""detection_events"":69857,""detectors_checked"":31883264}"
      8192,         0,         0,   0.167,exact_mw,cdc4a450a40af8e24899239080e4c40992fb5baf91c5a31ab3a165eacb3a1ab3,"{""distance"":5,""physical_error_rate"":0.0002}","{""detection_events"":1649,""detectors_checked"":1835008}"
       128,         0,         0,   0.001,exact_mw,cdc4a450a40af8e24899239080e4c40992fb5baf91c5a31ab3a165eacb3a1ab3,"{""distance"":5,""physical_error_rate"":0.0002}","{""detection_events"":31,""detectors_checked"":28672}"
         2,         0,         0,   0.000,exact_mw,cdc4a450a40af8e24899239080e4c40992fb5baf91c5a31ab3a165eacb3a1ab3,"{""distance"":5,""physical_error_rate"":0.0002}","{""detectors_checked"":448}"
      3072,         0,         0,   0.070,exact_mw,cb12ae119b9b2ba18d0216e7235b403229e92fd0743ede48fe7f1a2c6f45d594,"{""distance"":5,""physical_error_rate"":0.0005}","{""detection_events"":1511,""detectors_checked"":688128}"
      5120,         0,         0,   0.121,exact_mw,cb12ae119b9b2ba18d0216e7235b403229e92fd0743ede48fe7f1a2c6f45d594,"{""distance"":5,""physical_error_rate"":0.0005}","{""detection_events"":2672,""detectors_checked"":1146880}"
      2321,         0,         0,   0.010,exact_mw,cb12ae119b9b2ba18d0216e7235b403229e92fd0743ede48fe7f1a2c6f45d594,"{""distance"":5,""physical_error_rate"":0.0005}","{""detection_events"":1215,""detectors_checked"":519904}"
      4096,         0,         0,   0.016,exact_mw,cb12ae119b9b2ba18d0216e7235b403229e92fd0743ede48fe7f1a2c6f45d594,"{""distance"":5,""physical_error_rate"":0.0005}","{""detection_events"":1951,""detectors_checked"":917504}"
    130997,         0,         0,   0.515,exact_mw,cdc4a450a40af8e24899239080e4c40992fb5baf91c5a31ab3a165eacb3a1ab3,"{""distance"":5,""physical_error_rate"":0.0002}","{""detection_events"":25392,""detectors_checked"":29343328}"
      4096,         0,         0,   0.079,exact_mw,cb12ae119b9b2ba18d0216e7235b403229e92fd0743ede48fe7f1a2c6f45d594,"{""distance"":5,""physical_error_rate"":0.0005}","{""detection_events"":2160,""detectors_checked"":917504}"
      5120,         0,         0,   0.020,exact_mw,cb12ae119b9b2ba18d0216e7235b403229e92fd0743ede48fe7f1a2c6f45d594,"{""distance"":5,""physical_error_rate"":0.0005}","{""detection_events"":2474,""detectors_checked"":1146880}"
      7168,         0,         0,   0.027,exact_mw,cb12ae119b9b2ba18d0216e7235b403229e92fd0743ede48fe7f1a2c6f45d594,"{""distance"":5,""physical_error_rate"":0.0005}","{""detection_events"":3708,""detectors_checked"":1605632}"
     87741,         0,         0,    2.06,exact_mw,cdc4a450a40af8e24899239080e4c40992fb5baf91c5a31ab3a165eacb3a1ab3,"{""distance"":5,""physical_error_rate"":0.0002}","{""detection_events"":17137,""detectors_checked"":19653984}"
     11264,         0,         0,   0.040,exact_mw,cb12ae119b9b2ba18d0216e7235b403229e92fd0743ede48fe7f1a2c6f45d594,"{""distance"":5,""physical_error_rate"":0.0005}","{""detection_events"":5664,""detectors_checked"":2523136}"
      9216,         0,         0,   0.150,exact_mw,cb12ae119b9b2ba18d0216e7235b403229e92fd0743ede48fe7f1a2c6f45d594,"{""distance"":5,""physical_error_rate"":0.0005}","{""detection_events"":4318,""detectors_checked"":2064384}"
      6144,         0,         0,   0.106,exact_mw,cb12ae119b9b2ba18d0216e7235b403229e92fd0743ede48fe7f1a2c6f45d594,"{""distance"":5,""physical_error_rate"":0.0005}","{""detection_events"":2982,""detectors_checked"":1376256}"
     14336,         0,         0,   0.201,exact_mw,cdc4a450a40af8e24899239080e4c40992fb5baf91c5a31ab3a165eacb3a1ab3,"{""distance"":5,""physical_error_rate"":0.0002}","{""detection_events"":2900,""detectors_checked"":3211264}"
     15360,         0,         0,   0.056,exact_mw,cb12ae119b9b2ba18d0216e7235b403229e92fd0743ede48fe7f1a2c6f45d594,"{""distance"":5,""physical_error_rate"":0.0005}","{""detection_events"":7391,""detectors_checked"":3440640}"
    106496,         0,         0,   0.403,exact_mw,cb12ae119b9b2ba18d0216e7235b403229e92fd0743ede48fe7f1a2c6f45d594,"{""distance"":5,""physical_error_rate"":0.0005}","{""detection_events"":52739,""detectors_checked"":23855104}"
      1297,         0,         0,   0.019,exact_mw,cdc4a450a40af8e24899239080e4c40992fb5baf91c5a31ab3a165eacb3a1ab3,"{""distance"":5,""physical_error_rate"":0.0002}","{""detection_events"":292,""detectors_checked"":290528}"
     19456,         0,         0,   0.075,exact_mw,cb12ae119b9b2ba18d0216e7235b403229e92fd0743ede48fe7f1a2c6f45d594,"{""distance"":5,""physical_error_rate"":0.0005}","{""detection_events"":9820,""detectors_checked"":4358144}"
        20,         0,         0,   0.000,exact_mw,cdc4a450a40af8e24899239080e4c40992fb5baf91c5a31ab3a165eacb3a1ab3,"{""distance"":5,""physical_error_rate"":0.0002}","{""detection_events"":11,""detectors_checked"":4480}"
      7499,         0,         0,   0.033,exact_mw,cdc4a450a40af8e24899239080e4c40992fb5baf91c5a31ab3a165eacb3a1ab3,"{""distance"":5,""physical_error_rate"":0.0002}","{""detection_events"":1476,""detectors_checked"":1679776}"
      2321,         0,         0,   0.014,exact_mw,cdc4a450a40af8e24899239080e4c40992fb5baf91c5a31ab3a165eacb3a1ab3,"{""distance"":5,""physical_error_rate"":0.0002}","{""detection_events"":497,""detectors_checked"":519904}"
      3263,         0,         0,   0.012,exact_mw,cdc4a450a40af8e24899239080e4c40992fb5baf91c5a31ab3a165eacb3a1ab3,"{""distance"":5,""physical_error_rate"":0.0002}","{""detection_events"":637,""detectors_checked"":730912}"
       117,         0,         0,   0.000,exact_mw,cdc4a450a40af8e24899239080e4c40992fb5baf91c5a31ab3a165eacb3a1ab3,"{""distance"":5,""physical_error_rate"":0.0002}","{""detection_events"":18,""detectors_checked"":26208}"
        88,         0,         0,   0.000,exact_mw,cdc4a450a40af8e24899239080e4c40992fb5baf91c5a31ab3a165eacb3a1ab3,"{""distance"":5,""physical_error_rate"":0.0002}","{""detection_events"":18,""detectors_checked"":19712}"
       117,         0,         0,   0.000,exact_mw,cdc4a450a40af8e24899239080e4c40992fb5baf91c5a31ab3a165eacb3a1ab3,"{""distance"":5,""physical_error_rate"":0.0002}","{""detection_events"":21,""detectors_checked"":26208}"
      2048,         0,         0,   0.037,exact_mw,cdc4a450a40af8e24899239080e4c40992fb5baf91c5a31ab3a165eacb3a1ab3,"{""distance"":5,""physical_error_rate"":0.0002}","{""detection_events"":474,""detectors_checked"":458752}"
         1,         0,         0,   0.000,exact_mw,cdc4a450a40af8e24899239080e4c40992fb5baf91c5a31ab3a165eacb3a1ab3,"{""distance"":5,""physical_error_rate"":0.0002}","{""detectors_checked"":224}"
      5120,         0,         0,   0.016,exact_mw,cdc4a450a40af8e24899239080e4c40992fb5baf91c5a31ab3a165eacb3a1ab3,"{""distance"":5,""physical_error_rate"":0.0002}","{""detection_events"":951,""detectors_checked"":1146880}"
        34,         0,         0,   0.000,exact_mw,cdc4a450a40af8e24899239080e4c40992fb5baf91c5a31ab3a165eacb3a1ab3,"{""distance"":5,""physical_error_rate"":0.0002}","{""detection_events"":10,""detectors_checked"":7616}"
       117,         0,         0,   0.001,exact_mw,cdc4a450a40af8e24899239080e4c40992fb5baf91c5a31ab3a165eacb3a1ab3,"{""distance"":5,""physical_error_rate"":0.0002}","{""detection_events"":10,""detectors_checked"":26208}"
         2,         0,         0,   0.000,exact_mw,cdc4a450a40af8e24899239080e4c40992fb5baf91c5a31ab3a165eacb3a1ab3,"{""distance"":5,""physical_error_rate"":0.0002}","{""detectors_checked"":448}"
        91,         0,         0,   0.000,exact_mw,cdc4a450a40af8e24899239080e4c40992fb5baf91c5a31ab3a165eacb3a1ab3,"{""distance"":5,""physical_error_rate"":0.0002}","{""detection_events"":14,""detectors_checked"":20384}"
        34,         0,         0,   0.000,exact_mw,cdc4a450a40af8e24899239080e4c40992fb5baf91c5a31ab3a165eacb3a1ab3,"{""distance"":5,""physical_error_rate"":0.0002}","{""detection_events"":6,""detectors_checked"":7616}"
      3072,         0,         0,   0.014,exact_mw,cdc4a450a40af8e24899239080e4c40992fb5baf91c5a31ab3a165eacb3a1ab3,"{""distance"":5,""physical_error_rate"":0.0002}","{""detection_events"":543,""detectors_checked"":688128}"
      2048,         0,         0,   0.021,exact_mw,cdc4a450a40af8e24899239080e4c40992fb5baf91c5a31ab3a165eacb3a1ab3,"{""distance"":5,""physical_error_rate"":0.0002}","{""detection_events"":455,""detectors_checked"":458752}"
        80,         0,         0,   0.000,exact_mw,cdc4a450a40af8e24899239080e4c40992fb5baf91c5a31ab3a165eacb3a1ab3,"{""distance"":5,""physical_error_rate"":0.0002}","{""detection_events"":26,""detectors_checked"":17920}"
        82,         0,         0,   0.000,exact_mw,cdc4a450a40af8e24899239080e4c40992fb5baf91c5a31ab3a165eacb3a1ab3,"{""distance"":5,""physical_error_rate"":0.0002}","{""detection_events"":17,""detectors_checked"":18368}"
     10240,         0,         0,   0.162,exact_mw,cb12ae119b9b2ba18d0216e7235b403229e92fd0743ede48fe7f1a2c6f45d594,"{""distance"":5,""physical_error_rate"":0.0005}","{""detection_events"":4953,""detectors_checked"":2293760}"
        84,         0,         0,   0.000,exact_mw,cdc4a450a40af8e24899239080e4c40992fb5baf91c5a31ab3a165eacb3a1ab3,"{""distance"":5,""physical_error_rate"":0.0002}","{""detection_events"":25,""detectors_checked"":18816}"
         1,         0,         0,   0.000,exact_mw,cdc4a450a40af8e24899239080e4c40992fb5baf91c5a31ab3a165eacb3a1ab3,"{""distance"":5,""physical_error_rate"":0.0002}","{""detectors_checked"":224}"
         1,         0,         0,   0.000,exact_mw,cdc4a450a40af8e24899239080e4c40992fb5baf91c5a31ab3a165eacb3a1ab3,"{""distance"":5,""physical_error_rate"":0.0002}","{""detectors_checked"":224}"
         2,         0,         0,   0.000,exact_mw,cdc4a450a40af8e24899239080e4c40992fb5baf91c5a31ab3a165eacb3a1ab3,"{""distance"":5,""physical_error_rate"":0.0002}","{""detection_events"":2,""detectors_checked"":448}"
        84,         0,         0,   0.000,exact_mw,cdc4a450a40af8e24899239080e4c40992fb5baf91c5a31ab3a165eacb3a1ab3,"{""distance"":5,""physical_error_rate"":0.0002}","{""detection_events"":13,""detectors_checked"":18816}"
         1,         0,         0,   0.000,exact_mw,cdc4a450a40af8e24899239080e4c40992fb5baf91c5a31ab3a165eacb3a1ab3,"{""distance"":5,""physical_error_rate"":0.0002}","{""detectors_checked"":224}"
      4096,         0,         0,   0.031,exact_mw,cdc4a450a40af8e24899239080e4c40992fb5baf91c5a31ab3a165eacb3a1ab3,"{""distance"":5,""physical_error_rate"":0.0002}","{""detection_events"":799,""detectors_checked"":917504}"
      1024,         0,         0,   0.035,exact_mw,cdc4a450a40af8e24899239080e4c40992fb5baf91c5a31ab3a165eacb3a1ab3,"{""distance"":5,""physical_error_rate"":0.0002}","{""detection_events"":194,""detectors_checked"":229376}"
         1,         0,         0,   0.000,exact_mw,cdc4a450a40af8e24899239080e4c40992fb5baf91c5a31ab3a165eacb3a1ab3,"{""distance"":5,""physical_error_rate"":0.0002}","{""detection_events"":2,""detectors_checked"":224}"
         1,         0,         0,   0.000,exact_mw,cdc4a450a40af8e24899239080e4c40992fb5baf91c5a31ab3a165eacb3a1ab3,"{""distance"":5,""physical_error_rate"":0.0002}","{""detectors_checked"":224}"
         1,         0,         0,   0.000,exact_mw,cdc4a450a40af8e24899239080e4c40992fb5baf91c5a31ab3a165eacb3a1ab3,"{""distance"":5,""physical_error_rate"":0.0002}","{""detectors_checked"":224}"
        80,         0,         0,   0.000,exact_mw,cdc4a450a40af8e24899239080e4c40992fb5baf91c5a31ab3a165eacb3a1ab3,"{""distance"":5,""physical_error_rate"":0.0002}","{""detection_events"":12,""detectors_checked"":17920}"
        80,         0,         0,   0.000,exact_mw,cdc4a450a40af8e24899239080e4c40992fb5baf91c5a31ab3a165eacb3a1ab3,"{""distance"":5,""physical_error_rate"":0.0002}","{""detection_events"":12,""detectors_checked"":17920}"
         2,         0,         0,   0.000,exact_mw,cdc4a450a40af8e24899239080e4c40992fb5baf91c5a31ab3a165eacb3a1ab3,"{""distance"":5,""physical_error_rate"":0.0002}","{""detectors_checked"":448}"
     12288,         0,         0,   0.206,exact_mw,cb12ae119b9b2ba18d0216e7235b403229e92fd0743ede48fe7f1a2c6f45d594,"{""distance"":5,""physical_error_rate"":0.0005}","{""detection_events"":6080,""detectors_checked"":2752512}"
         2,         0,         0,   0.000,exact_mw,cdc4a450a40af8e24899239080e4c40992fb5baf91c5a31ab3a165eacb3a1ab3,"{""distance"":5,""physical_error_rate"":0.0002}","{""detection_events"":2,""detectors_checked"":448}"
     25600,         0,         0,   0.115,exact_mw,cb12ae119b9b2ba18d0216e7235b403229e92fd0743ede48fe7f1a2c6f45d594,"{""distance"":5,""physical_error_rate"":0.0005}","{""detection_events"":12507,""detectors_checked"":5734400}"
         1,         0,         0,   0.000,exact_mw,cdc4a450a40af8e24899239080e4c40992fb5baf91c5a31ab3a165eacb3a1ab3,"{""distance"":5,""physical_error_rate"":0.0002}","{""detectors_checked"":224}"
         1,         0,         0,   0.000,exact_mw,cdc4a450a40af8e24899239080e4c40992fb5baf91c5a31ab3a165eacb3a1ab3,"{""distance"":5,""physical_error_rate"":0.0002}","{""detectors_checked"":224}"
      6144,         0,         0,   0.038,exact_mw,cdc4a450a40af8e24899239080e4c40992fb5baf91c5a31ab3a165eacb3a1ab3,"{""distance"":5,""physical_error_rate"":0.0002}","{""detection_events"":1311,""detectors_checked"":1376256}"
      7168,         0,         0,   0.039,exact_mw,cdc4a450a40af8e24899239080e4c40992fb5baf91c5a31ab3a165eacb3a1ab3,"{""distance"":5,""physical_error_rate"":0.0002}","{""detection_events"":1514,""detectors_checked"":1605632}"
        96,         0,         0,   0.000,exact_mw,cdc4a450a40af8e24899239080e4c40992fb5baf91c5a31ab3a165eacb3a1ab3,"{""distance"":5,""physical_error_rate"":0.0002}","{""detection_events"":16,""detectors_checked"":21504}"
        96,         0,         0,   0.000,exact_mw,cdc4a450a40af8e24899239080e4c40992fb5baf91c5a31ab3a165eacb3a1ab3,"{""distance"":5,""physical_error_rate"":0.0002}","{""detection_events"":4,""detectors_checked"":21504}"
       112,         0,         0,   0.000,exact_mw,cdc4a450a40af8e24899239080e4c40992fb5baf91c5a31ab3a165eacb3a1ab3,"{""distance"":5,""physical_error_rate"":0.0002}","{""detection_events"":17,""detectors_checked"":25088}"
         1,         0,         0,   0.000,exact_mw,cdc4a450a40af8e24899239080e4c40992fb5baf91c5a31ab3a165eacb3a1ab3,"{""distance"":5,""physical_error_rate"":0.0002}","{""detectors_checked"":224}"
         2,         0,         0,   0.000,exact_mw,cdc4a450a40af8e24899239080e4c40992fb5baf91c5a31ab3a165eacb3a1ab3,"{""distance"":5,""physical_error_rate"":0.0002}","{""detectors_checked"":448}"
         2,         0,         0,   0.000,exact_mw,cdc4a450a40af8e24899239080e4c40992fb5baf91c5a31ab3a165eacb3a1ab3,"{""distance"":5,""physical_error_rate"":0.0002}","{""detectors_checked"":448}"
       113,         0,         0,   0.001,exact_mw,cdc4a450a40af8e24899239080e4c40992fb5baf91c5a31ab3a165eacb3a1ab3,"{""distance"":5,""physical_error_rate"":0.0002}","{""detection_events"":24,""detectors_checked"":25312}"
         1,         0,         0,   0.000,exact_mw,cdc4a450a40af8e24899239080e4c40992fb5baf91c5a31ab3a165eacb3a1ab3,"{""distance"":5,""physical_error_rate"":0.0002}","{""detectors_checked"":224}"
         4,         0,         0,   0.000,exact_mw,cdc4a450a40af8e24899239080e4c40992fb5baf91c5a31ab3a165eacb3a1ab3,"{""distance"":5,""physical_error_rate"":0.0002}","{""detectors_checked"":896}"
         1,         0,         0,   0.000,exact_mw,cdc4a450a40af8e24899239080e4c40992fb5baf91c5a31ab3a165eacb3a1ab3,"{""distance"":5,""physical_error_rate"":0.0002}","{""detectors_checked"":224}"
         1,         0,         0,   0.000,exact_mw,cdc4a450a40af8e24899239080e4c40992fb5baf91c5a31ab3a165eacb3a1ab3,"{""distance"":5,""physical_error_rate"":0.0002}","{""detectors_checked"":224}"
     14336,         0,         0,   0.055,exact_mw,cdc4a450a40af8e24899239080e4c40992fb5baf91c5a31ab3a165eacb3a1ab3,"{""distance"":5,""physical_error_rate"":0.0002}","{""detection_events"":2845,""detectors_checked"":3211264}"
         1,         0,         0,   0.000,exact_mw,cdc4a450a40af8e24899239080e4c40992fb5baf91c5a31ab3a165eacb3a1ab3,"{""distance"":5,""physical_error_rate"":0.0002}","{""detectors_checked"":224}"
      7168,         0,         0,   0.055,exact_mw,cdc4a450a40af8e24899239080e4c40992fb5baf91c5a31ab3a165eacb3a1ab3,"{""distance"":5,""physical_error_rate"":0.0002}","{""detection_events"":1414,""detectors_checked"":1605632}"
       224,         0,         0,   0.001,exact_mw,cdc4a450a40af8e24899239080e4c40992fb5baf91c5a31ab3a165eacb3a1ab3,"{""distance"":5,""physical_error_rate"":0.0002}","{""detection_events"":27,""detectors_checked"":50176}"
       224,         0,         0,   0.001,exact_mw,cdc4a450a40af8e24899239080e4c40992fb5baf91c5a31ab3a165eacb3a1ab3,"{""distance"":5,""physical_error_rate"":0.0002}","{""detection_events"":33,""detectors_checked"":50176}"
        84,         0,         0,   0.000,exact_mw,cdc4a450a40af8e24899239080e4c40992fb5baf91c5a31ab3a165eacb3a1ab3,"{""distance"":5,""physical_error_rate"":0.0002}","{""detection_events"":8,""detectors_checked"":18816}"
         4,         0,         0,   0.000,exact_mw,cdc4a450a40af8e24899239080e4c40992fb5baf91c5a31ab3a165eacb3a1ab3,"{""distance"":5,""physical_error_rate"":0.0002}","{""detection_events"":4,""detectors_checked"":896}"
       112,         0,         0,   0.001,exact_mw,cdc4a450a40af8e24899239080e4c40992fb5baf91c5a31ab3a165eacb3a1ab3,"{""distance"":5,""physical_error_rate"":0.0002}","{""detection_events"":24,""detectors_checked"":25088}"
       112,         0,         0,   0.000,exact_mw,cdc4a450a40af8e24899239080e4c40992fb5baf91c5a31ab3a165eacb3a1ab3,"{""distance"":5,""physical_error_rate"":0.0002}","{""detection_events"":11,""detectors_checked"":25088}"
         3,         0,         0,   0.000,exact_mw,cdc4a450a40af8e24899239080e4c40992fb5baf91c5a31ab3a165eacb3a1ab3,"{""distance"":5,""physical_error_rate"":0.0002}","{""detectors_checked"":672}"
       115,         0,         0,   0.001,exact_mw,cdc4a450a40af8e24899239080e4c40992fb5baf91c5a31ab3a165eacb3a1ab3,"{""distance"":5,""physical_error_rate"":0.0002}","{""detection_events"":43,""detectors_checked"":25760}"
         3,         0,         0,   0.000,exact_mw,cdc4a450a40af8e24899239080e4c40992fb5baf91c5a31ab3a165eacb3a1ab3,"{""distance"":5,""physical_error_rate"":0.0002}","{""detectors_checked"":672}"
        17,         0,         0,   0.020,exact_mw,cdc4a450a40af8e24899239080e4c40992fb5baf91c5a31ab3a165eacb3a1ab3,"{""distance"":5,""physical_error_rate"":0.0002}","{""detectors_checked"":3808}"
         3,         0,         0,   0.000,exact_mw,cdc4a450a40af8e24899239080e4c40992fb5baf91c5a31ab3a165eacb3a1ab3,"{""distance"":5,""physical_error_rate"":0.0002}","{""detection_events"":1,""detectors_checked"":672}"
         5,         0,         0,   0.000,exact_mw,cdc4a450a40af8e24899239080e4c40992fb5baf91c5a31ab3a165eacb3a1ab3,"{""distance"":5,""physical_error_rate"":0.0002}","{""detectors_checked"":1120}"
         3,         0,         0,   0.000,exact_mw,cdc4a450a40af8e24899239080e4c40992fb5baf91c5a31ab3a165eacb3a1ab3,"{""distance"":5,""physical_error_rate"":0.0002}","{""detection_events"":2,""detectors_checked"":672}"
         1,         0,         0,   0.000,exact_mw,cdc4a450a40af8e24899239080e4c40992fb5baf91c5a31ab3a165eacb3a1ab3,"{""distance"":5,""physical_error_rate"":0.0002}","{""detectors_checked"":224}"
         7,         0,         0,   0.000,exact_mw,cdc4a450a40af8e24899239080e4c40992fb5baf91c5a31ab3a165eacb3a1ab3,"{""distance"":5,""physical_error_rate"":0.0002}","{""detectors_checked"":1568}"
         2,         0,         0,   0.000,exact_mw,cdc4a450a40af8e24899239080e4c40992fb5baf91c5a31ab3a165eacb3a1ab3,"{""distance"":5,""physical_error_rate"":0.0002}","{""detectors_checked"":448}"
         3,         0,         0,   0.000,exact_mw,cdc4a450a40af8e24899239080e4c40992fb5baf91c5a31ab3a165eacb3a1ab3,"{""distance"":5,""physical_error_rate"":0.0002}","{""detectors_checked"":672}"
         7,         0,         0,   0.000,exact_mw,cdc4a450a40af8e24899239080e4c40992fb5baf91c5a31ab3a165eacb3a1ab3,"{""distance"":5,""physical_error_rate"":0.0002}","{""detection_events"":2,""detectors_checked"":1568}"
         7,         0,         0,   0.000,exact_mw,cdc4a450a40af8e24899239080e4c40992fb5baf91c5a31ab3a165eacb3a1ab3,"{""distance"":5,""physical_error_rate"":0.0002}","{""detectors_checked"":1568}"
         2,         0,         0,   0.000,exact_mw,cdc4a450a40af8e24899239080e4c40992fb5baf91c5a31ab3a165eacb3a1ab3,"{""distance"":5,""physical_error_rate"":0.0002}","{""detectors_checked"":448}"
         2,         0,         0,   0.000,exact_mw,cdc4a450a40af8e24899239080e4c40992fb5baf91c5a31ab3a165eacb3a1ab3,"{""distance"":5,""physical_error_rate"":0.0002}","{""detection_events"":2,""detectors_checked"":448}"
         3,         0,         0,   0.000,exact_mw,cdc4a450a40af8e24899239080e4c40992fb5baf91c5a31ab3a165eacb3a1ab3,"{""distance"":5,""physical_error_rate"":0.0002}","{""detection_events"":5,""detectors_checked"":672}"
         1,         0,         0,   0.000,exact_mw,cdc4a450a40af8e24899239080e4c40992fb5baf91c5a31ab3a165eacb3a1ab3,"{""distance"":5,""physical_error_rate"":0.0002}","{""detectors_checked"":224}"
         3,         0,         0,   0.000,exact_mw,cdc4a450a40af8e24899239080e4c40992fb5baf91c5a31ab3a165eacb3a1ab3,"{""distance"":5,""physical_error_rate"":0.0002}","{""detection_events"":1,""detectors_checked"":672}"
         2,         0,         0,   0.000,exact_mw,cdc4a450a40af8e24899239080e4c40992fb5baf91c5a31ab3a165eacb3a1ab3,"{""distance"":5,""physical_error_rate"":0.0002}","{""detectors_checked"":448}"
         3,         0,         0,   0.000,exact_mw,cdc4a450a40af8e24899239080e4c40992fb5baf91c5a31ab3a165eacb3a1ab3,"{""distance"":5,""physical_error_rate"":0.0002}","{""detectors_checked"":672}"
     19456,         0,         0,   0.308,exact_mw,cdc4a450a40af8e24899239080e4c40992fb5baf91c5a31ab3a165eacb3a1ab3,"{""distance"":5,""physical_error_rate"":0.0002}","{""detection_events"":3880,""detectors_checked"":4358144}"
         4,         0,         0,   0.000,exact_mw,cdc4a450a40af8e24899239080e4c40992fb5baf91c5a31ab3a165eacb3a1ab3,"{""distance"":5,""physical_error_rate"":0.0002}","{""detectors_checked"":896}"
         1,         0,         0,   0.000,exact_mw,cdc4a450a40af8e24899239080e4c40992fb5baf91c5a31ab3a165eacb3a1ab3,"{""distance"":5,""physical_error_rate"":0.0002}","{""detectors_checked"":224}"
         1,         0,         0,   0.000,exact_mw,cdc4a450a40af8e24899239080e4c40992fb5baf91c5a31ab3a165eacb3a1ab3,"{""distance"":5,""physical_error_rate"":0.0002}","{""detectors_checked"":224}"
       304,         0,         0,   0.001,exact_mw,cdc4a450a40af8e24899239080e4c40992fb5baf91c5a31ab3a165eacb3a1ab3,"{""distance"":5,""physical_error_rate"":0.0002}","{""detection_events"":55,""detectors_checked"":68096}"
       304,         0,         0,   0.001,exact_mw,cdc4a450a40af8e24899239080e4c40992fb5baf91c5a31ab3a165eacb3a1ab3,"{""distance"":5,""physical_error_rate"":0.0002}","{""detection_events"":63,""detectors_checked"":68096}"
      2304,         0,         0,   0.028,exact_mw,cdc4a450a40af8e24899239080e4c40992fb5baf91c5a31ab3a165eacb3a1ab3,"{""distance"":5,""physical_error_rate"":0.0002}","{""detection_events"":470,""detectors_checked"":516096}"
         1,         0,         0,   0.000,exact_mw,cdc4a450a40af8e24899239080e4c40992fb5baf91c5a31ab3a165eacb3a1ab3,"{""distance"":5,""physical_error_rate"":0.0002}","{""detectors_checked"":224}"
       304,         0,         0,   0.001,exact_mw,cdc4a450a40af8e24899239080e4c40992fb5baf91c5a31ab3a165eacb3a1ab3,"{""distance"":5,""physical_error_rate"":0.0002}","{""detection_events"":47,""detectors_checked"":68096}"
       304,         0,         0,   0.001,exact_mw,cdc4a450a40af8e24899239080e4c40992fb5baf91c5a31ab3a165eacb3a1ab3,"{""distance"":5,""physical_error_rate"":0.0002}","{""detection_events"":60,""detectors_checked"":68096}"
         4,         0,         0,   0.000,exact_mw,cdc4a450a40af8e24899239080e4c40992fb5baf91c5a31ab3a165eacb3a1ab3,"{""distance"":5,""physical_error_rate"":0.0002}","{""detectors_checked"":896}"
         1,         0,         0,   0.000,exact_mw,cdc4a450a40af8e24899239080e4c40992fb5baf91c5a31ab3a165eacb3a1ab3,"{""distance"":5,""physical_error_rate"":0.0002}","{""detectors_checked"":224}"
       273,         0,         0,   0.012,exact_mw,cdc4a450a40af8e24899239080e4c40992fb5baf91c5a31ab3a165eacb3a1ab3,"{""distance"":5,""physical_error_rate"":0.0002}","{""detection_events"":45,""detectors_checked"":61152}"
         4,         0,         0,   0.000,exact_mw,cdc4a450a40af8e24899239080e4c40992fb5baf91c5a31ab3a165eacb3a1ab3,"{""distance"":5,""physical_error_rate"":0.0002}","{""detectors_checked"":896}"
        46,         0,         0,   0.000,exact_mw,cdc4a450a40af8e24899239080e4c40992fb5baf91c5a31ab3a165eacb3a1ab3,"{""distance"":5,""physical_error_rate"":0.0002}","{""detection_events"":11,""detectors_checked"":10304}"
        41,         0,         0,   0.000,exact_mw,cdc4a450a40af8e24899239080e4c40992fb5baf91c5a31ab3a165eacb3a1ab3,"{""distance"":5,""physical_error_rate"":0.0002}","{""detection_events"":11,""detectors_checked"":9184}"
       298,         0,         0,   0.001,exact_mw,cdc4a450a40af8e24899239080e4c40992fb5baf91c5a31ab3a165eacb3a1ab3,"{""distance"":5,""physical_error_rate"":0.0002}","{""detection_events"":64,""detectors_checked"":66752}"
         4,         0,         0,   0.000,exact_mw,cdc4a450a40af8e24899239080e4c40992fb5baf91c5a31ab3a165eacb3a1ab3,"{""distance"":5,""physical_error_rate"":0.0002}","{""detectors_checked"":896}"
        41,         0,         0,   0.000,exact_mw,cdc4a450a40af8e24899239080e4c40992fb5baf91c5a31ab3a165eacb3a1ab3,"{""distance"":5,""physical_error_rate"":0.0002}","{""detection_events"":7,""detectors_checked"":9184}"
         4,         0,         0,   0.000,exact_mw,cdc4a450a40af8e24899239080e4c40992fb5baf91c5a31ab3a165eacb3a1ab3,"{""distance"":5,""physical_error_rate"":0.0002}","{""detectors_checked"":896}"
         4,         0,         0,   0.000,exact_mw,cdc4a450a40af8e24899239080e4c40992fb5baf91c5a31ab3a165eacb3a1ab3,"{""distance"":5,""physical_error_rate"":0.0002}","{""detection_events"":12,""detectors_checked"":896}"
        41,         0,         0,   0.000,exact_mw,cdc4a450a40af8e24899239080e4c40992fb5baf91c5a31ab3a165eacb3a1ab3,"{""distance"":5,""physical_error_rate"":0.0002}","{""detection_events"":10,""detectors_checked"":9184}"
     22528,         0,         0,   0.075,exact_mw,cdc4a450a40af8e24899239080e4c40992fb5baf91c5a31ab3a165eacb3a1ab3,"{""distance"":5,""physical_error_rate"":0.0002}","{""detection_events"":4448,""detectors_checked"":5046272}"
     20480,         0,         0,   0.077,exact_mw,cdc4a450a40af8e24899239080e4c40992fb5baf91c5a31ab3a165eacb3a1ab3,"{""distance"":5,""physical_error_rate"":0.0002}","{""detection_events"":4066,""detectors_checked"":4587520}"
       304,         0,         0,   0.001,exact_mw,cdc4a450a40af8e24899239080e4c40992fb5baf91c5a31ab3a165eacb3a1ab3,"{""distance"":5,""physical_error_rate"":0.0002}","{""detection_events"":72,""detectors_checked"":68096}"
         5,         0,         0,   0.000,exact_mw,cdc4a450a40af8e24899239080e4c40992fb5baf91c5a31ab3a165eacb3a1ab3,"{""distance"":5,""physical_error_rate"":0.0002}","{""detectors_checked"":1120}"
         5,         0,         0,   0.000,exact_mw,cdc4a450a40af8e24899239080e4c40992fb5baf91c5a31ab3a165eacb3a1ab3,"{""distance"":5,""physical_error_rate"":0.0002}","{""detectors_checked"":1120}"
      1024,         0,         0,   0.023,exact_mw,cdc4a450a40af8e24899239080e4c40992fb5baf91c5a31ab3a165eacb3a1ab3,"{""distance"":5,""physical_error_rate"":0.0002}","{""detection_events"":250,""detectors_checked"":229376}"
         9,         0,         0,   0.000,exact_mw,cdc4a450a40af8e24899239080e4c40992fb5baf91c5a31ab3a165eacb3a1ab3,"{""distance"":5,""physical_error_rate"":0.0002}","{""detection_events"":5,""detectors_checked"":2016}"
         5,         0,         0,   0.000,exact_mw,cdc4a450a40af8e24899239080e4c40992fb5baf91c5a31ab3a165eacb3a1ab3,"{""distance"":5,""physical_error_rate"":0.0002}","{""detectors_checked"":1120}"
        41,         0,         0,   0.000,exact_mw,cdc4a450a40af8e24899239080e4c40992fb5baf91c5a31ab3a165eacb3a1ab3,"{""distance"":5,""physical_error_rate"":0.0002}","{""detection_events"":8,""detectors_checked"":9184}"
      6247,         0,         0,   0.030,exact_mw,cdc4a450a40af8e24899239080e4c40992fb5baf91c5a31ab3a165eacb3a1ab3,"{""distance"":5,""physical_error_rate"":0.0002}","{""detection_events"":1204,""detectors_checked"":1399328}"
     15360,         0,         0,   0.149,exact_mw,cb12ae119b9b2ba18d0216e7235b403229e92fd0743ede48fe7f1a2c6f45d594,"{""distance"":5,""physical_error_rate"":0.0005}","{""detection_events"":7516,""detectors_checked"":3440640}"
       679,         0,         0,   0.002,exact_mw,cdc4a450a40af8e24899239080e4c40992fb5baf91c5a31ab3a165eacb3a1ab3,"{""distance"":5,""physical_error_rate"":0.0002}","{""detection_events"":110,""detectors_checked"":152096}"
      2048,         0,         0,   0.027,exact_mw,cdc4a450a40af8e24899239080e4c40992fb5baf91c5a31ab3a165eacb3a1ab3,"{""distance"":5,""physical_error_rate"":0.0002}","{""detection_events"":432,""detectors_checked"":458752}"
        20,         0,         0,   0.000,exact_mw,cdc4a450a40af8e24899239080e4c40992fb5baf91c5a31ab3a165eacb3a1ab3,"{""distance"":5,""physical_error_rate"":0.0002}","{""detection_events"":16,""detectors_checked"":4480}"
        21,         0,         0,   0.000,exact_mw,cdc4a450a40af8e24899239080e4c40992fb5baf91c5a31ab3a165eacb3a1ab3,"{""distance"":5,""physical_error_rate"":0.0002}","{""detection_events"":4,""detectors_checked"":4704}"
         9,         0,         0,   0.000,exact_mw,cdc4a450a40af8e24899239080e4c40992fb5baf91c5a31ab3a165eacb3a1ab3,"{""distance"":5,""physical_error_rate"":0.0002}","{""detection_events"":2,""detectors_checked"":2016}"
       693,         0,         0,   0.002,exact_mw,cdc4a450a40af8e24899239080e4c40992fb5baf91c5a31ab3a165eacb3a1ab3,"{""distance"":5,""physical_error_rate"":0.0002}","{""detection_events"":136,""detectors_checked"":155232}"
       141,         0,         0,   0.001,exact_mw,cdc4a450a40af8e24899239080e4c40992fb5baf91c5a31ab3a165eacb3a1ab3,"{""distance"":5,""physical_error_rate"":0.0002}","{""detection_events"":22,""detectors_checked"":31584}"
       678,         0,         0,   0.002,exact_mw,cdc4a450a40af8e24899239080e4c40992fb5baf91c5a31ab3a165eacb3a1ab3,"{""distance"":5,""physical_error_rate"":0.0002}","{""detection_events"":101,""detectors_checked"":151872}"
        99,         0,         0,   0.000,exact_mw,cdc4a450a40af8e24899239080e4c40992fb5baf91c5a31ab3a165eacb3a1ab3,"{""distance"":5,""physical_error_rate"":0.0002}","{""detection_events"":15,""detectors_checked"":22176}"
       700,         0,         0,   0.002,exact_mw,cdc4a450a40af8e24899239080e4c40992fb5baf91c5a31ab3a165eacb3a1ab3,"{""distance"":5,""physical_error_rate"":0.0002}","{""detection_events"":139,""detectors_checked"":156800}"
         9,         0,         0,   0.000,exact_mw,cdc4a450a40af8e24899239080e4c40992fb5baf91c5a31ab3a165eacb3a1ab3,"{""distance"":5,""physical_error_rate"":0.0002}","{""detection_events"":2,""detectors_checked"":2016}"
        10,         0,         0,   0.000,exact_mw,cdc4a450a40af8e24899239080e4c40992fb5baf91c5a31ab3a165eacb3a1ab3,"{""distance"":5,""physical_error_rate"":0.0002}","{""detectors_checked"":2240}"
        46,         0,         0,   0.000,exact_mw,cdc4a450a40af8e24899239080e4c40992fb5baf91c5a31ab3a165eacb3a1ab3,"{""distance"":5,""physical_error_rate"":0.0002}","{""detection_events"":15,""detectors_checked"":10304}"
       115,         0,         0,   0.000,exact_mw,cdc4a450a40af8e24899239080e4c40992fb5baf91c5a31ab3a165eacb3a1ab3,"{""distance"":5,""physical_error_rate"":0.0002}","{""detection_events"":19,""detectors_checked"":25760}"
       871,         0,         0,   0.003,exact_mw,cdc4a450a40af8e24899239080e4c40992fb5baf91c5a31ab3a165eacb3a1ab3,"{""distance"":5,""physical_error_rate"":0.0002}","{""detection_events"":169,""detectors_checked"":195104}"
        67,         0,         0,   0.000,exact_mw,cdc4a450a40af8e24899239080e4c40992fb5baf91c5a31ab3a165eacb3a1ab3,"{""distance"":5,""physical_error_rate"":0.0002}","{""detection_events"":7,""detectors_checked"":15008}"
       141,         0,         0,   0.001,exact_mw,cdc4a450a40af8e24899239080e4c40992fb5baf91c5a31ab3a165eacb3a1ab3,"{""distance"":5,""physical_error_rate"":0.0002}","{""detection_events"":50,""detectors_checked"":31584}"
        26,         0,         0,   0.000,exact_mw,cdc4a450a40af8e24899239080e4c40992fb5baf91c5a31ab3a165eacb3a1ab3,"{""distance"":5,""physical_error_rate"":0.0002}","{""detection_events"":6,""detectors_checked"":5824}"
        12,         0,         0,   0.000,exact_mw,cdc4a450a40af8e24899239080e4c40992fb5baf91c5a31ab3a165eacb3a1ab3,"{""distance"":5,""physical_error_rate"":0.0002}","{""detection_events"":1,""detectors_checked"":2688}"
        68,         0,         0,   0.000,exact_mw,cdc4a450a40af8e24899239080e4c40992fb5baf91c5a31ab3a165eacb3a1ab3,"{""distance"":5,""physical_error_rate"":0.0002}","{""detection_events"":3,""detectors_checked"":15232}"
        21,         0,         0,   0.000,exact_mw,cdc4a450a40af8e24899239080e4c40992fb5baf91c5a31ab3a165eacb3a1ab3,"{""distance"":5,""physical_error_rate"":0.0002}","{""detection_events"":2,""detectors_checked"":4704}"
        14,         0,         0,   0.000,exact_mw,cdc4a450a40af8e24899239080e4c40992fb5baf91c5a31ab3a165eacb3a1ab3,"{""distance"":5,""physical_error_rate"":0.0002}","{""detection_events"":7,""detectors_checked"":3136}"
        33,         0,         0,   0.000,exact_mw,cdc4a450a40af8e24899239080e4c40992fb5baf91c5a31ab3a165eacb3a1ab3,"{""distance"":5,""physical_error_rate"":0.0002}","{""detection_events"":1,""detectors_checked"":7392}"
        17,         0,         0,   0.000,exact_mw,cdc4a450a40af8e24899239080e4c40992fb5baf91c5a31ab3a165eacb3a1ab3,"{""distance"":5,""physical_error_rate"":0.0002}","{""detection_events"":4,""detectors_checked"":3808}"
        56,         0,         0,   0.000,exact_mw,cdc4a450a40af8e24899239080e4c40992fb5baf91c5a31ab3a165eacb3a1ab3,"{""distance"":5,""physical_error_rate"":0.0002}","{""detection_events"":17,""detectors_checked"":12544}"
        19,         0,         0,   0.000,exact_mw,cdc4a450a40af8e24899239080e4c40992fb5baf91c5a31ab3a165eacb3a1ab3,"{""distance"":5,""physical_error_rate"":0.0002}","{""detectors_checked"":4256}"
       867,         0,         0,   0.003,exact_mw,cdc4a450a40af8e24899239080e4c40992fb5baf91c5a31ab3a165eacb3a1ab3,"{""distance"":5,""physical_error_rate"":0.0002}","{""detection_events"":195,""detectors_checked"":194208}"
         1,         0,         0,   0.000,exact_mw,cdc4a450a40af8e24899239080e4c40992fb5baf91c5a31ab3a165eacb3a1ab3,"{""distance"":5,""physical_error_rate"":0.0002}","{""detectors_checked"":224}"
      3072,         0,         0,   0.045,exact_mw,cdc4a450a40af8e24899239080e4c40992fb5baf91c5a31ab3a165eacb3a1ab3,"{""distance"":5,""physical_error_rate"":0.0002}","{""detection_events"":630,""detectors_checked"":688128}"
         1,         0,         0,   0.000,exact_mw,cdc4a450a40af8e24899239080e4c40992fb5baf91c5a31ab3a165eacb3a1ab3,"{""distance"":5,""physical_error_rate"":0.0002}","{""detectors_checked"":224}"
      3072,         0,         0,   0.040,exact_mw,cdc4a450a40af8e24899239080e4c40992fb5baf91c5a31ab3a165eacb3a1ab3,"{""distance"":5,""physical_error_rate"":0.0002}","{""detection_events"":658,""detectors_checked"":688128}"
        59,         0,         0,   0.000,exact_mw,cdc4a450a40af8e24899239080e4c40992fb5baf91c5a31ab3a165eacb3a1ab3,"{""distance"":5,""physical_error_rate"":0.0002}","{""detection_events"":15,""detectors_checked"":13216}"
       841,         0,         0,   0.003,exact_mw,cdc4a450a40af8e24899239080e4c40992fb5baf91c5a31ab3a165eacb3a1ab3,"{""distance"":5,""physical_error_rate"":0.0002}","{""detection_events"":146,""detectors_checked"":188384}"
         1,         0,         0,   0.000,exact_mw,cdc4a450a40af8e24899239080e4c40992fb5baf91c5a31ab3a165eacb3a1ab3,"{""distance"":5,""physical_error_rate"":0.0002}","{""detectors_checked"":224}"
     65064,         0,         0,    1.09,exact_mw,cdc4a450a40af8e24899239080e4c40992fb5baf91c5a31ab3a165eacb3a1ab3,"{""distance"":5,""physical_error_rate"":0.0002}","{""detection_events"":12881,""detectors_checked"":14574336}"
         2,         0,         0,   0.000,exact_mw,cdc4a450a40af8e24899239080e4c40992fb5baf91c5a31ab3a165eacb3a1ab3,"{""distance"":5,""physical_error_rate"":0.0002}","{""detectors_checked"":448}"
        48,         0,         0,   0.000,exact_mw,cdc4a450a40af8e24899239080e4c40992fb5baf91c5a31ab3a165eacb3a1ab3,"{""distance"":5,""physical_error_rate"":0.0002}","{""detection_events"":6,""detectors_checked"":10752}"
         2,         0,         0,   0.000,exact_mw,cdc4a450a40af8e24899239080e4c40992fb5baf91c5a31ab3a165eacb3a1ab3,"{""distance"":5,""physical_error_rate"":0.0002}","{""detectors_checked"":448}"
         2,         0,         0,   0.000,exact_mw,cdc4a450a40af8e24899239080e4c40992fb5baf91c5a31ab3a165eacb3a1ab3,"{""distance"":5,""physical_error_rate"":0.0002}","{""detectors_checked"":448}"
     10240,         0,         0,   0.251,exact_mw,cb12ae119b9b2ba18d0216e7235b403229e92fd0743ede48fe7f1a2c6f45d594,"{""distance"":5,""physical_error_rate"":0.0005}","{""detection_events"":5072,""detectors_checked"":2293760}"
       198,         0,         0,   0.001,exact_mw,cdc4a450a40af8e24899239080e4c40992fb5baf91c5a31ab3a165eacb3a1ab3,"{""distance"":5,""physical_error_rate"":0.0002}","{""detection_events"":34,""detectors_checked"":44352}"
         1,         0,         0,   0.000,exact_mw,cdc4a450a40af8e24899239080e4c40992fb5baf91c5a31ab3a165eacb3a1ab3,"{""distance"":5,""physical_error_rate"":0.0002}","{""detectors_checked"":224}"
       124,         0,         0,   0.001,exact_mw,cdc4a450a40af8e24899239080e4c40992fb5baf91c5a31ab3a165eacb3a1ab3,"{""distance"":5,""physical_error_rate"":0.0002}","{""detection_events"":36,""detectors_checked"":27776}"
      1142,         0,         0,   0.004,exact_mw,cdc4a450a40af8e24899239080e4c40992fb5baf91c5a31ab3a165eacb3a1ab3,"{""distance"":5,""physical_error_rate"":0.0002}","{""detection_events"":244,""detectors_checked"":255808}"
        63,         0,         0,   0.000,exact_mw,cdc4a450a40af8e24899239080e4c40992fb5baf91c5a31ab3a165eacb3a1ab3,"{""distance"":5,""physical_error_rate"":0.0002}","{""detection_events"":18,""detectors_checked"":14112}"
         3,         0,         0,   0.000,exact_mw,cdc4a450a40af8e24899239080e4c40992fb5baf91c5a31ab3a165eacb3a1ab3,"{""distance"":5,""physical_error_rate"":0.0002}","{""detection_events"":2,""detectors_checked"":672}"
         1,         0,         0,   0.000,exact_mw,cdc4a450a40af8e24899239080e4c40992fb5baf91c5a31ab3a165eacb3a1ab3,"{""distance"":5,""physical_error_rate"":0.0002}","{""detection_events"":2,""detectors_checked"":224}"
      1079,         0,         0,   0.003,exact_mw,cdc4a450a40af8e24899239080e4c40992fb5baf91c5a31ab3a165eacb3a1ab3,"{""distance"":5,""physical_error_rate"":0.0002}","{""detection_events"":214,""detectors_checked"":241696}"
         3,         0,         0,   0.000,exact_mw,cdc4a450a40af8e24899239080e4c40992fb5baf91c5a31ab3a165eacb3a1ab3,"{""distance"":5,""physical_error_rate"":0.0002}","{""detectors_checked"":672}"
         1,         0,         0,   0.000,exact_mw,cdc4a450a40af8e24899239080e4c40992fb5baf91c5a31ab3a165eacb3a1ab3,"{""distance"":5,""physical_error_rate"":0.0002}","{""detectors_checked"":224}"
      1145,         0,         0,   0.004,exact_mw,cdc4a450a40af8e24899239080e4c40992fb5baf91c5a31ab3a165eacb3a1ab3,"{""distance"":5,""physical_error_rate"":0.0002}","{""detection_events"":193,""detectors_checked"":256480}"
      1017,         0,         0,   0.003,exact_mw,cdc4a450a40af8e24899239080e4c40992fb5baf91c5a31ab3a165eacb3a1ab3,"{""distance"":5,""physical_error_rate"":0.0002}","{""detection_events"":212,""detectors_checked"":227808}"
        24,         0,         0,   0.000,exact_mw,cdc4a450a40af8e24899239080e4c40992fb5baf91c5a31ab3a165eacb3a1ab3,"{""distance"":5,""physical_error_rate"":0.0002}","{""detection_events"":17,""detectors_checked"":5376}"
         1,         0,         0,   0.000,exact_mw,cdc4a450a40af8e24899239080e4c40992fb5baf91c5a31ab3a165eacb3a1ab3,"{""distance"":5,""physical_error_rate"":0.0002}","{""detection_events"":2,""detectors_checked"":224}"
      3072,         0,         0,   0.040,exact_mw,cdc4a450a40af8e24899239080e4c40992fb5baf91c5a31ab3a165eacb3a1ab3,"{""distance"":5,""physical_error_rate"":0.0002}","{""detection_events"":672,""detectors_checked"":688128}"
      3072,         0,         0,   0.051,exact_mw,cdc4a450a40af8e24899239080e4c40992fb5baf91c5a31ab3a165eacb3a1ab3,"{""distance"":5,""physical_error_rate"":0.0002}","{""detection_events"":586,""detectors_checked"":688128}"
         2,         0,         0,   0.000,exact_mw,cdc4a450a40af8e24899239080e4c40992fb5baf91c5a31ab3a165eacb3a1ab3,"{""distance"":5,""physical_error_rate"":0.0002}","{""detectors_checked"":448}"
     29696,         0,         0,   0.106,exact_mw,cdc4a450a40af8e24899239080e4c40992fb5baf91c5a31ab3a165eacb3a1ab3,"{""distance"":5,""physical_error_rate"":0.0002}","{""detection_events"":5690,""detectors_checked"":6651904}"
      1183,         0,         0,   0.005,exact_mw,cdc4a450a40af8e24899239080e4c40992fb5baf91c5a31ab3a165eacb3a1ab3,"{""distance"":5,""physical_error_rate"":0.0002}","{""detection_events"":249,""detectors_checked"":264992}"
         3,         0,         0,   0.000,exact_mw,cdc4a450a40af8e24899239080e4c40992fb5baf91c5a31ab3a165eacb3a1ab3,"{""distance"":5,""physical_error_rate"":0.0002}","{""detection_events"":2,""detectors_checked"":672}"
      1167,         0,         0,   0.005,exact_mw,cdc4a450a40af8e24899239080e4c40992fb5baf91c5a31ab3a165eacb3a1ab3,"{""distance"":5,""physical_error_rate"":0.0002}","{""detection_events"":231,""detectors_checked"":261408}"
        17,         0,         0,   0.000,exact_mw,cdc4a450a40af8e24899239080e4c40992fb5baf91c5a31ab3a165eacb3a1ab3,"{""distance"":5,""physical_error_rate"":0.0002}","{""detection_events"":5,""detectors_checked"":3808}"
        96,         0,         0,   0.000,exact_mw,cdc4a450a40af8e24899239080e4c40992fb5baf91c5a31ab3a165eacb3a1ab3,"{""distance"":5,""physical_error_rate"":0.0002}","{""detection_events"":5,""detectors_checked"":21504}"
         2,         0,         0,   0.000,exact_mw,cdc4a450a40af8e24899239080e4c40992fb5baf91c5a31ab3a165eacb3a1ab3,"{""distance"":5,""physical_error_rate"":0.0002}","{""detectors_checked"":448}"
       147,         0,         0,   0.001,exact_mw,cdc4a450a40af8e24899239080e4c40992fb5baf91c5a31ab3a165eacb3a1ab3,"{""distance"":5,""physical_error_rate"":0.0002}","{""detection_events"":17,""detectors_checked"":32928}"
     30720,         0,         0,   0.111,exact_mw,cdc4a450a40af8e24899239080e4c40992fb5baf91c5a31ab3a165eacb3a1ab3,"{""distance"":5,""physical_error_rate"":0.0002}","{""detection_events"":5985,""detectors_checked"":6881280}"
        70,         0,         0,   0.000,exact_mw,cdc4a450a40af8e24899239080e4c40992fb5baf91c5a31ab3a165eacb3a1ab3,"{""distance"":5,""physical_error_rate"":0.0002}","{""detection_events"":6,""detectors_checked"":15680}"
       130,         0,         0,   0.001,exact_mw,cdc4a450a40af8e24899239080e4c40992fb5baf91c5a31ab3a165eacb3a1ab3,"{""distance"":5,""physical_error_rate"":0.0002}","{""detection_events"":28,""detectors_checked"":29120}"
        70,         0,         0,   0.000,exact_mw,cdc4a450a40af8e24899239080e4c40992fb5baf91c5a31ab3a165eacb3a1ab3,"{""distance"":5,""physical_error_rate"":0.0002}","{""detection_events"":24,""detectors_checked"":15680}"
         3,         0,         0,   0.000,exact_mw,cdc4a450a40af8e24899239080e4c40992fb5baf91c5a31ab3a165eacb3a1ab3,"{""distance"":5,""physical_error_rate"":0.0002}","{""detectors_checked"":672}"
      1165,         0,         0,   0.004,exact_mw,cdc4a450a40af8e24899239080e4c40992fb5baf91c5a31ab3a165eacb3a1ab3,"{""distance"":5,""physical_error_rate"":0.0002}","{""detection_events"":248,""detectors_checked"":260960}"
       560,         0,         0,   0.002,exact_mw,cdc4a450a40af8e24899239080e4c40992fb5baf91c5a31ab3a165eacb3a1ab3,"{""distance"":5,""physical_error_rate"":0.0002}","{""detection_events"":116,""detectors_checked"":125440}"
       521,         0,         0,   0.002,exact_mw,cdc4a450a40af8e24899239080e4c40992fb5baf91c5a31ab3a165eacb3a1ab3,"{""distance"":5,""physical_error_rate"":0.0002}","{""detection_events"":110,""detectors_checked"":116704}"
      1084,         0,         0,   0.003,exact_mw,cdc4a450a40af8e24899239080e4c40992fb5baf91c5a31ab3a165eacb3a1ab3,"{""distance"":5,""physical_error_rate"":0.0002}","{""detection_events"":202,""detectors_checked"":242816}"
       464,         0,         0,   0.002,exact_mw,cdc4a450a40af8e24899239080e4c40992fb5baf91c5a31ab3a165eacb3a1ab3,"{""distance"":5,""physical_error_rate"":0.0002}","{""detection_events"":95,""detectors_checked"":103936}"
        34,         0,         0,   0.000,exact_mw,cdc4a450a40af8e24899239080e4c40992fb5baf91c5a31ab3a165eacb3a1ab3,"{""distance"":5,""physical_error_rate"":0.0002}","{""detection_events"":2,""detectors_checked"":7616}"
      1297,         0,         0,   0.026,exact_mw,cdc4a450a40af8e24899239080e4c40992fb5baf91c5a31ab3a165eacb3a1ab3,"{""distance"":5,""physical_error_rate"":0.0002}","{""detection_events"":300,""detectors_checked"":290528}"
        60,         0,         0,   0.000,exact_mw,cdc4a450a40af8e24899239080e4c40992fb5baf91c5a31ab3a165eacb3a1ab3,"{""distance"":5,""physical_error_rate"":0.0002}","{""detection_events"":17,""detectors_checked"":13440}"
      3072,         0,         0,   0.040,exact_mw,cdc4a450a40af8e24899239080e4c40992fb5baf91c5a31ab3a165eacb3a1ab3,"{""distance"":5,""physical_error_rate"":0.0002}","{""detection_events"":572,""detectors_checked"":688128}"
         1,         0,         0,   0.000,exact_mw,cdc4a450a40af8e24899239080e4c40992fb5baf91c5a31ab3a165eacb3a1ab3,"{""distance"":5,""physical_error_rate"":0.0002}","{""detectors_checked"":224}"
        64,         0,         0,   0.000,exact_mw,cdc4a450a40af8e24899239080e4c40992fb5baf91c5a31ab3a165eacb3a1ab3,"{""distance"":5,""physical_error_rate"":0.0002}","{""detection_events"":6,""detectors_checked"":14336}"
       120,         0,         0,   0.001,exact_mw,cdc4a450a40af8e24899239080e4c40992fb5baf91c5a31ab3a165eacb3a1ab3,"{""distance"":5,""physical_error_rate"":0.0002}","{""detection_events"":23,""detectors_checked"":26880}"
       521,         0,         0,   0.002,exact_mw,cdc4a450a40af8e24899239080e4c40992fb5baf91c5a31ab3a165eacb3a1ab3,"{""distance"":5,""physical_error_rate"":0.0002}","{""detection_events"":97,""detectors_checked"":116704}"
      1097,         0,         0,   0.003,exact_mw,cdc4a450a40af8e24899239080e4c40992fb5baf91c5a31ab3a165eacb3a1ab3,"{""distance"":5,""physical_error_rate"":0.0002}","{""detection_events"":205,""detectors_checked"":245728}"
         1,         0,         0,   0.000,exact_mw,cdc4a450a40af8e24899239080e4c40992fb5baf91c5a31ab3a165eacb3a1ab3,"{""distance"":5,""physical_error_rate"":0.0002}","{""detectors_checked"":224}"
       464,         0,         0,   0.002,exact_mw,cdc4a450a40af8e24899239080e4c40992fb5baf91c5a31ab3a165eacb3a1ab3,"{""distance"":5,""physical_error_rate"":0.0002}","{""detection_events"":128,""detectors_checked"":103936}"
     11264,         0,         0,   0.293,exact_mw,cb12ae119b9b2ba18d0216e7235b403229e92fd0743ede48fe7f1a2c6f45d594,"{""distance"":5,""physical_error_rate"":0.0005}","{""detection_events"":5546,""detectors_checked"":2523136}"
        21,         0,         0,   0.000,exact_mw,cdc4a450a40af8e24899239080e4c40992fb5baf91c5a31ab3a165eacb3a1ab3,"{""distance"":5,""physical_error_rate"":0.0002}","{""detection_events"":3,""detectors_checked"":4704}"
       464,         0,         0,   0.002,exact_mw,cdc4a450a40af8e24899239080e4c40992fb5baf91c5a31ab3a165eacb3a1ab3,"{""distance"":5,""physical_error_rate"":0.0002}","{""detection_events"":85,""detectors_checked"":103936}"
         1,         0,         0,   0.000,exact_mw,cdc4a450a40af8e24899239080e4c40992fb5baf91c5a31ab3a165eacb3a1ab3,"{""distance"":5,""physical_error_rate"":0.0002}","{""detectors_checked"":224}"
         1,         0,         0,   0.000,exact_mw,cdc4a450a40af8e24899239080e4c40992fb5baf91c5a31ab3a165eacb3a1ab3,"{""distance"":5,""physical_error_rate"":0.0002}","{""detectors_checked"":224}"
       132,         0,         0,   0.001,exact_mw,cdc4a450a40af8e24899239080e4c40992fb5baf91c5a31ab3a165eacb3a1ab3,"{""distance"":5,""physical_error_rate"":0.0002}","{""detection_events"":20,""detectors_checked"":29568}"
        59,         0,         0,   0.000,exact_mw,cdc4a450a40af8e24899239080e4c40992fb5baf91c5a31ab3a165eacb3a1ab3,"{""distance"":5,""physical_error_rate"":0.0002}","{""detection_events"":3,""detectors_checked"":13216}"
        72,         0,         0,   0.000,exact_mw,cdc4a450a40af8e24899239080e4c40992fb5baf91c5a31ab3a165eacb3a1ab3,"{""distance"":5,""physical_error_rate"":0.0002}","{""detection_events"":7,""detectors_checked"":16128}"
        21,         0,         0,   0.000,exact_mw,cdc4a450a40af8e24899239080e4c40992fb5baf91c5a31ab3a165eacb3a1ab3,"{""distance"":5,""physical_error_rate"":0.0002}","{""detection_events"":4,""detectors_checked"":4704}"
        26,         0,         0,   0.000,exact_mw,cdc4a450a40af8e24899239080e4c40992fb5baf91c5a31ab3a165eacb3a1ab3,"{""distance"":5,""physical_error_rate"":0.0002}","{""detection_events"":5,""detectors_checked"":5824}"
        48,         0,         0,   0.000,exact_mw,cdc4a450a40af8e24899239080e4c40992fb5baf91c5a31ab3a165eacb3a1ab3,"{""distance"":5,""physical_error_rate"":0.0002}","{""detection_events"":6,""detectors_checked"":10752}"
        17,         0,         0,   0.000,exact_mw,cdc4a450a40af8e24899239080e4c40992fb5baf91c5a31ab3a165eacb3a1ab3,"{""distance"":5,""physical_error_rate"":0.0002}","{""detection_events"":9,""detectors_checked"":3808}"
      2048,         0,         0,   0.028,exact_mw,cdc4a450a40af8e24899239080e4c40992fb5baf91c5a31ab3a165eacb3a1ab3,"{""distance"":5,""physical_error_rate"":0.0002}","{""detection_events"":433,""detectors_checked"":458752}"
        77,         0,         0,   0.000,exact_mw,cdc4a450a40af8e24899239080e4c40992fb5baf91c5a31ab3a165eacb3a1ab3,"{""distance"":5,""physical_error_rate"":0.0002}","{""detection_events"":24,""detectors_checked"":17248}"
        51,         0,         0,   0.000,exact_mw,cdc4a450a40af8e24899239080e4c40992fb5baf91c5a31ab3a165eacb3a1ab3,"{""distance"":5,""physical_error_rate"":0.0002}","{""detection_events"":5,""detectors_checked"":11424}"
         4,         0,         0,   0.000,exact_mw,cdc4a450a40af8e24899239080e4c40992fb5baf91c5a31ab3a165eacb3a1ab3,"{""distance"":5,""physical_error_rate"":0.0002}","{""detectors_checked"":896}"
        43,         0,         0,   0.000,exact_mw,cdc4a450a40af8e24899239080e4c40992fb5baf91c5a31ab3a165eacb3a1ab3,"{""distance"":5,""physical_error_rate"":0.0002}","{""detection_events"":12,""detectors_checked"":9632}"
        21,         0,         0,   0.000,exact_mw,cdc4a450a40af8e24899239080e4c40992fb5baf91c5a31ab3a165eacb3a1ab3,"{""distance"":5,""physical_error_rate"":0.0002}","{""detection_events"":4,""detectors_checked"":4704}"
        41,         0,         0,   0.000,exact_mw,cdc4a450a40af8e24899239080e4c40992fb5baf91c5a31ab3a165eacb3a1ab3,"{""distance"":5,""physical_error_rate"":0.0002}","{""detection_events"":4,""detectors_checked"":9184}"
         4,         0,         0,   0.000,exact_mw,cdc4a450a40af8e24899239080e4c40992fb5baf91c5a31ab3a165eacb3a1ab3,"{""distance"":5,""physical_error_rate"":0.0002}","{""detection_events"":2,""detectors_checked"":896}"
        35,         0,         0,   0.000,exact_mw,cdc4a450a40af8e24899239080e4c40992fb5baf91c5a31ab3a165eacb3a1ab3,"{""distance"":5,""physical_error_rate"":0.0002}","{""detection_events"":12,""detectors_checked"":7840}"
        15,         0,         0,   0.000,exact_mw,cdc4a450a40af8e24899239080e4c40992fb5baf91c5a31ab3a165eacb3a1ab3,"{""distance"":5,""physical_error_rate"":0.0002}","{""detectors_checked"":3360}"
       666,         0,         0,   0.002,exact_mw,cdc4a450a40af8e24899239080e4c40992fb5baf91c5a31ab3a165eacb3a1ab3,"{""distance"":5,""physical_error_rate"":0.0002}","{""detection_events"":139,""detectors_checked"":149184}"
        72,         0,         0,   0.000,exact_mw,cdc4a450a40af8e24899239080e4c40992fb5baf91c5a31ab3a165eacb3a1ab3,"{""distance"":5,""physical_error_rate"":0.0002}","{""detection_events"":6,""detectors_checked"":16128}"
         7,         0,         0,   0.000,exact_mw,cdc4a450a40af8e24899239080e4c40992fb5baf91c5a31ab3a165eacb3a1ab3,"{""distance"":5,""physical_error_rate"":0.0002}","{""detection_events"":8,""detectors_checked"":1568}"
        19,         0,         0,   0.000,exact_mw,cdc4a450a40af8e24899239080e4c40992fb5baf91c5a31ab3a165eacb3a1ab3,"{""distance"":5,""physical_error_rate"":0.0002}","{""detection_events"":2,""detectors_checked"":4256}"
         1,         0,         0,   0.000,exact_mw,cdc4a450a40af8e24899239080e4c40992fb5baf91c5a31ab3a165eacb3a1ab3,"{""distance"":5,""physical_error_rate"":0.0002}","{""detection_events"":1,""detectors_checked"":224}"
        48,         0,         0,   0.000,exact_mw,cdc4a450a40af8e24899239080e4c40992fb5baf91c5a31ab3a165eacb3a1ab3,"{""distance"":5,""physical_error_rate"":0.0002}","{""detection_events"":6,""detectors_checked"":10752}"
         1,         0,         0,   0.020,exact_mw,cdc4a450a40af8e24899239080e4c40992fb5baf91c5a31ab3a165eacb3a1ab3,"{""distance"":5,""physical_error_rate"":0.0002}","{""detectors_checked"":224}"
        36,         0,         0,   0.000,exact_mw,cdc4a450a40af8e24899239080e4c40992fb5baf91c5a31ab3a165eacb3a1ab3,"{""distance"":5,""physical_error_rate"":0.0002}","{""detection_events"":8,""detectors_checked"":8064}"
      5120,         0,         0,   0.076,exact_mw,cdc4a450a40af8e24899239080e4c40992fb5baf91c5a31ab3a165eacb3a1ab3,"{""distance"":5,""physical_error_rate"":0.0002}","{""detection_events"":984,""detectors_checked"":1146880}"
         1,         0,         0,   0.000,exact_mw,cdc4a450a40af8e24899239080e4c40992fb5baf91c5a31ab3a165eacb3a1ab3,"{""distance"":5,""physical_error_rate"":0.0002}","{""detection_events"":1,""detectors_checked"":224}"
       655,         0,         0,   0.002,exact_mw,cdc4a450a40af8e24899239080e4c40992fb5baf91c5a31ab3a165eacb3a1ab3,"{""distance"":5,""physical_error_rate"":0.0002}","{""detection_events"":152,""detectors_checked"":146720}"
        85,         0,         0,   0.000,exact_mw,cdc4a450a40af8e24899239080e4c40992fb5baf91c5a31ab3a165eacb3a1ab3,"{""distance"":5,""physical_error_rate"":0.0002}","{""detection_events"":33,""detectors_checked"":19040}"
         1,         0,         0,   0.000,exact_mw,cdc4a450a40af8e24899239080e4c40992fb5baf91c5a31ab3a165eacb3a1ab3,"{""distance"":5,""physical_error_rate"":0.0002}","{""detectors_checked"":224}"
         1,         0,         0,   0.000,exact_mw,cdc4a450a40af8e24899239080e4c40992fb5baf91c5a31ab3a165eacb3a1ab3,"{""distance"":5,""physical_error_rate"":0.0002}","{""detectors_checked"":224}"
      2048,         0,         0,   0.028,exact_mw,cdc4a450a40af8e24899239080e4c40992fb5baf91c5a31ab3a165eacb3a1ab3,"{""distance"":5,""physical_error_rate"":0.0002}","{""detection_events"":396,""detectors_checked"":458752}"
      3923,         0,         0,   0.021,exact_mw,cdc4a450a40af8e24899239080e4c40992fb5baf91c5a31ab3a165eacb3a1ab3,"{""distance"":5,""physical_error_rate"":0.0002}","{""detection_events"":785,""detectors_checked"":878752}"
        50,         0,         0,   0.000,exact_mw,cdc4a450a40af8e24899239080e4c40992fb5baf91c5a31ab3a165eacb3a1ab3,"{""distance"":5,""physical_error_rate"":0.0002}","{""detection_events"":8,""detectors_checked"":11200}"
        96,         0,         0,   0.001,exact_mw,cdc4a450a40af8e24899239080e4c40992fb5baf91c5a31ab3a165eacb3a1ab3,"{""distance"":5,""physical_error_rate"":0.0002}","{""detection_events"":23,""detectors_checked"":21504}"
      4096,         0,         0,   0.054,exact_mw,cdc4a450a40af8e24899239080e4c40992fb5baf91c5a31ab3a165eacb3a1ab3,"{""distance"":5,""physical_error_rate"":0.0002}","{""detection_events"":784,""detectors_checked"":917504}"
        11,         0,         0,   0.000,exact_mw,cdc4a450a40af8e24899239080e4c40992fb5baf91c5a31ab3a165eacb3a1ab3,"{""distance"":5,""physical_error_rate"":0.0002}","{""detectors_checked"":2464}"
        39,         0,         0,   0.000,exact_mw,cdc4a450a40af8e24899239080e4c40992fb5baf91c5a31ab3a165eacb3a1ab3,"{""distance"":5,""physical_error_rate"":0.0002}","{""detection_events"":13,""detectors_checked"":8736}"
        80,         0,         0,   0.000,exact_mw,cdc4a450a40af8e24899239080e4c40992fb5baf91c5a31ab3a165eacb3a1ab3,"{""distance"":5,""physical_error_rate"":0.0002}","{""detection_events"":16,""detectors_checked"":17920}"
        14,         0,         0,   0.000,exact_mw,cdc4a450a40af8e24899239080e4c40992fb5baf91c5a31ab3a165eacb3a1ab3,"{""distance"":5,""physical_error_rate"":0.0002}","{""detection_events"":2,""detectors_checked"":3136}"
         1,         0,         0,   0.000,exact_mw,cdc4a450a40af8e24899239080e4c40992fb5baf91c5a31ab3a165eacb3a1ab3,"{""distance"":5,""physical_error_rate"":0.0002}","{""detectors_checked"":224}"
        80,         0,         0,   0.000,exact_mw,cdc4a450a40af8e24899239080e4c40992fb5baf91c5a31ab3a165eacb3a1ab3,"{""distance"":5,""physical_error_rate"":0.0002}","{""detection_events"":16,""detectors_checked"":17920}"
        12,         0,         0,   0.000,exact_mw,cdc4a450a40af8e24899239080e4c40992fb5baf91c5a31ab3a165eacb3a1ab3,"{""distance"":5,""physical_error_rate"":0.0002}","{""detection_events"":2,""detectors_checked"":2688}"
        93,         0,         0,   0.000,exact_mw,cdc4a450a40af8e24899239080e4c40992fb5baf91c5a31ab3a165eacb3a1ab3,"{""distance"":5,""physical_error_rate"":0.0002}","{""detection_events"":21,""detectors_checked"":20832}"
        12,         0,         0,   0.000,exact_mw,cdc4a450a40af8e24899239080e4c40992fb5baf91c5a31ab3a165eacb3a1ab3,"{""distance"":5,""physical_error_rate"":0.0002}","{""detectors_checked"":2688}"
     14257,         0,         0,   0.261,exact_mw,cdc4a450a40af8e24899239080e4c40992fb5baf91c5a31ab3a165eacb3a1ab3,"{""distance"":5,""physical_error_rate"":0.0002}","{""detection_events"":2869,""detectors_checked"":3193568}"
        10,         0,         0,   0.000,exact_mw,cdc4a450a40af8e24899239080e4c40992fb5baf91c5a31ab3a165eacb3a1ab3,"{""distance"":5,""physical_error_rate"":0.0002}","{""detection_events"":1,""detectors_checked"":2240}"
        80,         0,         0,   0.000,exact_mw,cdc4a450a40af8e24899239080e4c40992fb5baf91c5a31ab3a165eacb3a1ab3,"{""distance"":5,""physical_error_rate"":0.0002}","{""detection_events"":14,""detectors_checked"":17920}"
        32,         0,         0,   0.000,exact_mw,cdc4a450a40af8e24899239080e4c40992fb5baf91c5a31ab3a165eacb3a1ab3,"{""distance"":5,""physical_error_rate"":0.0002}","{""detection_events"":5,""detectors_checked"":7168}"
       271,         0,         0,   0.001,exact_mw,cdc4a450a40af8e24899239080e4c40992fb5baf91c5a31ab3a165eacb3a1ab3,"{""distance"":5,""physical_error_rate"":0.0002}","{""detection_events"":36,""detectors_checked"":60704}"
      2320,         0,         0,   0.028,exact_mw,cdc4a450a40af8e24899239080e4c40992fb5baf91c5a31ab3a165eacb3a1ab3,"{""distance"":5,""physical_error_rate"":0.0002}","{""detection_events"":445,""detectors_checked"":519680}"
      1243,         0,         0,   0.004,exact_mw,cdc4a450a40af8e24899239080e4c40992fb5baf91c5a31ab3a165eacb3a1ab3,"{""distance"":5,""physical_error_rate"":0.0002}","{""detection_events"":266,""detectors_checked"":278432}"
         1,         0,         0,   0.000,exact_mw,cdc4a450a40af8e24899239080e4c40992fb5baf91c5a31ab3a165eacb3a1ab3,"{""distance"":5,""physical_error_rate"":0.0002}","{""detectors_checked"":224}"
     15640,         0,         0,   0.229,exact_mw,cdc4a450a40af8e24899239080e4c40992fb5baf91c5a31ab3a165eacb3a1ab3,"{""distance"":5,""physical_error_rate"":0.0002}","{""detection_events"":3108,""detectors_checked"":3503360}"
        44,         0,         0,   0.000,exact_mw,cdc4a450a40af8e24899239080e4c40992fb5baf91c5a31ab3a165eacb3a1ab3,"{""distance"":5,""physical_error_rate"":0.0002}","{""detection_events"":4,""detectors_checked"":9856}"
       162,         0,         0,   0.001,exact_mw,cdc4a450a40af8e24899239080e4c40992fb5baf91c5a31ab3a165eacb3a1ab3,"{""distance"":5,""physical_error_rate"":0.0002}","{""detection_events"":28,""detectors_checked"":36288}"
        83,         0,         0,   0.000,exact_mw,cdc4a450a40af8e24899239080e4c40992fb5baf91c5a31ab3a165eacb3a1ab3,"{""distance"":5,""physical_error_rate"":0.0002}","{""detection_events"":11,""detectors_checked"":18592}"
       187,         0,         0,   0.001,exact_mw,cdc4a450a40af8e24899239080e4c40992fb5baf91c5a31ab3a165eacb3a1ab3,"{""distance"":5,""physical_error_rate"":0.0002}","{""detection_events"":42,""detectors_checked"":41888}"
        32,         0,         0,   0.000,exact_mw,cdc4a450a40af8e24899239080e4c40992fb5baf91c5a31ab3a165eacb3a1ab3,"{""distance"":5,""physical_error_rate"":0.0002}","{""detection_events"":10,""detectors_checked"":7168}"
       131,         0,         0,   0.001,exact_mw,cdc4a450a40af8e24899239080e4c40992fb5baf91c5a31ab3a165eacb3a1ab3,"{""distance"":5,""physical_error_rate"":0.0002}","{""detection_events"":36,""detectors_checked"":29344}"
        12,         0,         0,   0.000,exact_mw,cdc4a450a40af8e24899239080e4c40992fb5baf91c5a31ab3a165eacb3a1ab3,"{""distance"":5,""physical_error_rate"":0.0002}","{""detectors_checked"":2688}"
      2048,         0,         0,   0.027,exact_mw,cdc4a450a40af8e24899239080e4c40992fb5baf91c5a31ab3a165eacb3a1ab3,"{""distance"":5,""physical_error_rate"":0.0002}","{""detection_events"":366,""detectors_checked"":458752}"
       133,         0,         0,   0.001,exact_mw,cdc4a450a40af8e24899239080e4c40992fb5baf91c5a31ab3a165eacb3a1ab3,"{""distance"":5,""physical_error_rate"":0.0002}","{""detection_events"":37,""detectors_checked"":29792}"
       107,         0,         0,   0.000,exact_mw,cdc4a450a40af8e24899239080e4c40992fb5baf91c5a31ab3a165eacb3a1ab3,"{""distance"":5,""physical_error_rate"":0.0002}","{""detection_events"":19,""detectors_checked"":23968}"
        60,         0,         0,   0.000,exact_mw,cdc4a450a40af8e24899239080e4c40992fb5baf91c5a31ab3a165eacb3a1ab3,"{""distance"":5,""physical_error_rate"":0.0002}","{""detection_events"":21,""detectors_checked"":13440}"
       357,         0,         0,   0.001,exact_mw,cdc4a450a40af8e24899239080e4c40992fb5baf91c5a31ab3a165eacb3a1ab3,"{""distance"":5,""physical_error_rate"":0.0002}","{""detection_events"":66,""detectors_checked"":79968}"
       142,         0,         0,   0.001,exact_mw,cdc4a450a40af8e24899239080e4c40992fb5baf91c5a31ab3a165eacb3a1ab3,"{""distance"":5,""physical_error_rate"":0.0002}","{""detection_events"":22,""detectors_checked"":31808}"
       286,         0,         0,   0.001,exact_mw,cdc4a450a40af8e24899239080e4c40992fb5baf91c5a31ab3a165eacb3a1ab3,"{""distance"":5,""physical_error_rate"":0.0002}","{""detection_events"":37,""detectors_checked"":64064}"
    197632,         0,         0,   0.788,exact_mw,cb12ae119b9b2ba18d0216e7235b403229e92fd0743ede48fe7f1a2c6f45d594,"{""distance"":5,""physical_error_rate"":0.0005}","{""detection_events"":98391,""detectors_checked"":44269568}"
       577,         0,         0,   0.002,exact_mw,cdc4a450a40af8e24899239080e4c40992fb5baf91c5a31ab3a165eacb3a1ab3,"{""distance"":5,""physical_error_rate"":0.0002}","{""detection_events"":111,""detectors_checked"":129248}"
       245,         0,         0,   0.001,exact_mw,cdc4a450a40af8e24899239080e4c40992fb5baf91c5a31ab3a165eacb3a1ab3,"{""distance"":5,""physical_error_rate"":0.0002}","{""detection_events"":60,""detectors_checked"":54880}"
       175,         0,         0,   0.001,exact_mw,cdc4a450a40af8e24899239080e4c40992fb5baf91c5a31ab3a165eacb3a1ab3,"{""distance"":5,""physical_error_rate"":0.0002}","{""detection_events"":23,""detectors_checked"":39200}"
       395,         0,         0,   0.001,exact_mw,cdc4a450a40af8e24899239080e4c40992fb5baf91c5a31ab3a165eacb3a1ab3,"{""distance"":5,""physical_error_rate"":0.0002}","{""detection_events"":68,""detectors_checked"":88480}"
       143,         0,         0,   0.001,exact_mw,cdc4a450a40af8e24899239080e4c40992fb5baf91c5a31ab3a165eacb3a1ab3,"{""distance"":5,""physical_error_rate"":0.0002}","{""detection_events"":25,""detectors_checked"":32032}"
       346,         0,         0,   0.001,exact_mw,cdc4a450a40af8e24899239080e4c40992fb5baf91c5a31ab3a165eacb3a1ab3,"{""distance"":5,""physical_error_rate"":0.0002}","{""detection_events"":75,""detectors_checked"":77504}"
     13312,         0,         0,   0.213,exact_mw,cb12ae119b9b2ba18d0216e7235b403229e92fd0743ede48fe7f1a2c6f45d594,"{""distance"":5,""physical_error_rate"":0.0005}","{""detection_events"":6749,""detectors_checked"":2981888}"
       575,         0,         0,   0.002,exact_mw,cdc4a450a40af8e24899239080e4c40992fb5baf91c5a31ab3a165eacb3a1ab3,"{""distance"":5,""physical_error_rate"":0.0002}","{""detection_events"":138,""detectors_checked"":128800}"
      1024,         0,         0,   0.024,exact_mw,cdc4a450a40af8e24899239080e4c40992fb5baf91c5a31ab3a165eacb3a1ab3,"{""distance"":5,""physical_error_rate"":0.0002}","{""detection_events"":201,""detectors_checked"":229376}"
         6,         0,         0,   0.000,exact_mw,cdc4a450a40af8e24899239080e4c40992fb5baf91c5a31ab3a165eacb3a1ab3,"{""distance"":5,""physical_error_rate"":0.0002}","{""detection_events"":2,""detectors_checked"":1344}"
         6,         0,         0,   0.000,exact_mw,cdc4a450a40af8e24899239080e4c40992fb5baf91c5a31ab3a165eacb3a1ab3,"{""distance"":5,""physical_error_rate"":0.0002}","{""detectors_checked"":1344}"
         8,         0,         0,   0.000,exact_mw,cdc4a450a40af8e24899239080e4c40992fb5baf91c5a31ab3a165eacb3a1ab3,"{""distance"":5,""physical_error_rate"":0.0002}","{""detection_events"":4,""detectors_checked"":1792}"
         7,         0,         0,   0.000,exact_mw,cdc4a450a40af8e24899239080e4c40992fb5baf91c5a31ab3a165eacb3a1ab3,"{""distance"":5,""physical_error_rate"":0.0002}","{""detection_events"":2,""detectors_checked"":1568}"
       388,         0,         0,   0.001,exact_mw,cdc4a450a40af8e24899239080e4c40992fb5baf91c5a31ab3a165eacb3a1ab3,"{""distance"":5,""physical_error_rate"":0.0002}","{""detection_events"":125,""detectors_checked"":86912}"
         7,         0,         0,   0.000,exact_mw,cdc4a450a40af8e24899239080e4c40992fb5baf91c5a31ab3a165eacb3a1ab3,"{""distance"":5,""physical_error_rate"":0.0002}","{""detectors_checked"":1568}"
        71,         0,         0,   0.000,exact_mw,cdc4a450a40af8e24899239080e4c40992fb5baf91c5a31ab3a165eacb3a1ab3,"{""distance"":5,""physical_error_rate"":0.0002}","{""detection_events"":16,""detectors_checked"":15904}"
       224,         0,         0,   0.001,exact_mw,cdc4a450a40af8e24899239080e4c40992fb5baf91c5a31ab3a165eacb3a1ab3,"{""distance"":5,""physical_error_rate"":0.0002}","{""detection_events"":39,""detectors_checked"":50176}"
        89,         0,         0,   0.000,exact_mw,cdc4a450a40af8e24899239080e4c40992fb5baf91c5a31ab3a165eacb3a1ab3,"{""distance"":5,""physical_error_rate"":0.0002}","{""detection_events"":18,""detectors_checked"":19936}"
       224,         0,         0,   0.001,exact_mw,cdc4a450a40af8e24899239080e4c40992fb5baf91c5a31ab3a165eacb3a1ab3,"{""distance"":5,""physical_error_rate"":0.0002}","{""detection_events"":57,""detectors_checked"":50176}"
        16,         0,         0,   0.000,exact_mw,cdc4a450a40af8e24899239080e4c40992fb5baf91c5a31ab3a165eacb3a1ab3,"{""distance"":5,""physical_error_rate"":0.0002}","{""detection_events"":2,""detectors_checked"":3584}"
       260,         0,         0,   0.001,exact_mw,cdc4a450a40af8e24899239080e4c40992fb5baf91c5a31ab3a165eacb3a1ab3,"{""distance"":5,""physical_error_rate"":0.0002}","{""detection_events"":60,""detectors_checked"":58240}"
       121,         0,         0,   0.001,exact_mw,cdc4a450a40af8e24899239080e4c40992fb5baf91c5a31ab3a165eacb3a1ab3,"{""distance"":5,""physical_error_rate"":0.0002}","{""detection_events"":14,""detectors_checked"":27104}"
       248,         0,         0,   0.001,exact_mw,cdc4a450a40af8e24899239080e4c40992fb5baf91c5a31ab3a165eacb3a1ab3,"{""distance"":5,""physical_error_rate"":0.0002}","{""detection_events"":82,""detectors_checked"":55552}"
       430,         0,         0,   0.002,exact_mw,cdc4a450a40af8e24899239080e4c40992fb5baf91c5a31ab3a165eacb3a1ab3,"{""distance"":5,""physical_error_rate"":0.0002}","{""detection_events"":94,""detectors_checked"":96320}"
        22,         0,         0,   0.000,exact_mw,cdc4a450a40af8e24899239080e4c40992fb5baf91c5a31ab3a165eacb3a1ab3,"{""distance"":5,""physical_error_rate"":0.0002}","{""detection_events"":2,""detectors_checked"":4928}"
       380,         0,         0,   0.001,exact_mw,cdc4a450a40af8e24899239080e4c40992fb5baf91c5a31ab3a165eacb3a1ab3,"{""distance"":5,""physical_error_rate"":0.0002}","{""detection_events"":81,""detectors_checked"":85120}"
        22,         0,         0,   0.000,exact_mw,cdc4a450a40af8e24899239080e4c40992fb5baf91c5a31ab3a165eacb3a1ab3,"{""distance"":5,""physical_error_rate"":0.0002}","{""detection_events"":9,""detectors_checked"":4928}"
       643,         0,         0,   0.002,exact_mw,cdc4a450a40af8e24899239080e4c40992fb5baf91c5a31ab3a165eacb3a1ab3,"{""distance"":5,""physical_error_rate"":0.0002}","{""detection_events"":131,""detectors_checked"":144032}"
        45,         0,         0,   0.000,exact_mw,cdc4a450a40af8e24899239080e4c40992fb5baf91c5a31ab3a165eacb3a1ab3,"{""distance"":5,""physical_error_rate"":0.0002}","{""detection_events"":5,""detectors_checked"":10080}"
       390,         0,         0,   0.001,exact_mw,cdc4a450a40af8e24899239080e4c40992fb5baf91c5a31ab3a165eacb3a1ab3,"{""distance"":5,""physical_error_rate"":0.0002}","{""detection_events"":85,""detectors_checked"":87360}"
        45,         0,         0,   0.000,exact_mw,cdc4a450a40af8e24899239080e4c40992fb5baf91c5a31ab3a165eacb3a1ab3,"{""distance"":5,""physical_error_rate"":0.0002}","{""detection_events"":3,""detectors_checked"":10080}"
      5120,         0,         0,   0.076,exact_mw,cdc4a450a40af8e24899239080e4c40992fb5baf91c5a31ab3a165eacb3a1ab3,"{""distance"":5,""physical_error_rate"":0.0002}","{""detection_events"":1108,""detectors_checked"":1146880}"
         3,         0,         0,   0.000,exact_mw,cdc4a450a40af8e24899239080e4c40992fb5baf91c5a31ab3a165eacb3a1ab3,"{""distance"":5,""physical_error_rate"":0.0002}","{""detectors_checked"":672}"
       738,         0,         0,   0.002,exact_mw,cdc4a450a40af8e24899239080e4c40992fb5baf91c5a31ab3a165eacb3a1ab3,"{""distance"":5,""physical_error_rate"":0.0002}","{""detection_events"":137,""detectors_checked"":165312}"
        52,         0,         0,   0.000,exact_mw,cdc4a450a40af8e24899239080e4c40992fb5baf91c5a31ab3a165eacb3a1ab3,"{""distance"":5,""physical_error_rate"":0.0002}","{""detection_events"":21,""detectors_checked"":11648}"
         4,         0,         0,   0.000,exact_mw,cdc4a450a40af8e24899239080e4c40992fb5baf91c5a31ab3a165eacb3a1ab3,"{""distance"":5,""physical_error_rate"":0.0002}","{""detection_events"":2,""detectors_checked"":896}"
        86,         0,         0,   0.000,exact_mw,cdc4a450a40af8e24899239080e4c40992fb5baf91c5a31ab3a165eacb3a1ab3,"{""distance"":5,""physical_error_rate"":0.0002}","{""detection_events"":15,""detectors_checked"":19264}"
        22,         0,         0,   0.000,exact_mw,cdc4a450a40af8e24899239080e4c40992fb5baf91c5a31ab3a165eacb3a1ab3,"{""distance"":5,""physical_error_rate"":0.0002}","{""detectors_checked"":4928}"
         1,         0,         0,   0.000,exact_mw,cdc4a450a40af8e24899239080e4c40992fb5baf91c5a31ab3a165eacb3a1ab3,"{""distance"":5,""physical_error_rate"":0.0002}","{""detectors_checked"":224}"
     13702,         0,         0,   0.075,exact_mw,cdc4a450a40af8e24899239080e4c40992fb5baf91c5a31ab3a165eacb3a1ab3,"{""distance"":5,""physical_error_rate"":0.0002}","{""detection_events"":2821,""detectors_checked"":3069248}"
        50,         0,         0,   0.000,exact_mw,cdc4a450a40af8e24899239080e4c40992fb5baf91c5a31ab3a165eacb3a1ab3,"{""distance"":5,""physical_error_rate"":0.0002}","{""detection_events"":8,""detectors_checked"":11200}"
     35840,         0,         0,   0.149,exact_mw,cdc4a450a40af8e24899239080e4c40992fb5baf91c5a31ab3a165eacb3a1ab3,"{""distance"":5,""physical_error_rate"":0.0002}","{""detection_events"":6959,""detectors_checked"":8028160}"
       418,         0,         0,   0.001,exact_mw,cdc4a450a40af8e24899239080e4c40992fb5baf91c5a31ab3a165eacb3a1ab3,"{""distance"":5,""physical_error_rate"":0.0002}","{""detection_events"":76,""detectors_checked"":93632}"
       128,         0,         0,   0.001,exact_mw,cdc4a450a40af8e24899239080e4c40992fb5baf91c5a31ab3a165eacb3a1ab3,"{""distance"":5,""physical_error_rate"":0.0002}","{""detection_events"":12,""detectors_checked"":28672}"
         6,         0,         0,   0.000,exact_mw,cdc4a450a40af8e24899239080e4c40992fb5baf91c5a31ab3a165eacb3a1ab3,"{""distance"":5,""physical_error_rate"":0.0002}","{""detectors_checked"":1344}"
       402,         0,         0,   0.001,exact_mw,cdc4a450a40af8e24899239080e4c40992fb5baf91c5a31ab3a165eacb3a1ab3,"{""distance"":5,""physical_error_rate"":0.0002}","{""detection_events"":74,""detectors_checked"":90048}"
        10,         0,         0,   0.000,exact_mw,cdc4a450a40af8e24899239080e4c40992fb5baf91c5a31ab3a165eacb3a1ab3,"{""distance"":5,""physical_error_rate"":0.0002}","{""detection_events"":3,""detectors_checked"":2240}"
      4096,         0,         0,   0.055,exact_mw,cdc4a450a40af8e24899239080e4c40992fb5baf91c5a31ab3a165eacb3a1ab3,"{""distance"":5,""physical_error_rate"":0.0002}","{""detection_events"":790,""detectors_checked"":917504}"
         7,         0,         0,   0.000,exact_mw,cdc4a450a40af8e24899239080e4c40992fb5baf91c5a31ab3a165eacb3a1ab3,"{""distance"":5,""physical_error_rate"":0.0002}","{""detectors_checked"":1568}"
    141312,         0,         0,   0.564,exact_mw,cb12ae119b9b2ba18d0216e7235b403229e92fd0743ede48fe7f1a2c6f45d594,"{""distance"":5,""physical_error_rate"":0.0005}","{""detection_events"":69223,""detectors_checked"":31653888}"
     23552,         0,         0,   0.158,exact_mw,cdc4a450a40af8e24899239080e4c40992fb5baf91c5a31ab3a165eacb3a1ab3,"{""distance"":5,""physical_error_rate"":0.0002}","{""detection_events"":4600,""detectors_checked"":5275648}"
       215,         0,         0,   0.001,exact_mw,cdc4a450a40af8e24899239080e4c40992fb5baf91c5a31ab3a165eacb3a1ab3,"{""distance"":5,""physical_error_rate"":0.0002}","{""detection_events"":46,""detectors_checked"":48160}"
        12,         0,         0,   0.000,exact_mw,cdc4a450a40af8e24899239080e4c40992fb5baf91c5a31ab3a165eacb3a1ab3,"{""distance"":5,""physical_error_rate"":0.0002}","{""detectors_checked"":2688}"
       427,         0,         0,   0.001,exact_mw,cdc4a450a40af8e24899239080e4c40992fb5baf91c5a31ab3a165eacb3a1ab3,"{""distance"":5,""physical_error_rate"":0.0002}","{""detection_events"":113,""detectors_checked"":95648}"
         2,         0,         0,   0.000,exact_mw,cdc4a450a40af8e24899239080e4c40992fb5baf91c5a31ab3a165eacb3a1ab3,"{""distance"":5,""physical_error_rate"":0.0002}","{""detectors_checked"":448}"
       366,         0,         0,   0.001,exact_mw,cdc4a450a40af8e24899239080e4c40992fb5baf91c5a31ab3a165eacb3a1ab3,"{""distance"":5,""physical_error_rate"":0.0002}","{""detection_events"":79,""detectors_checked"":81984}"
       315,         0,         0,   0.001,exact_mw,cdc4a450a40af8e24899239080e4c40992fb5baf91c5a31ab3a165eacb3a1ab3,"{""distance"":5,""physical_error_rate"":0.0002}","{""detection_events"":63,""detectors_checked"":70560}"
        22,         0,         0,   0.000,exact_mw,cdc4a450a40af8e24899239080e4c40992fb5baf91c5a31ab3a165eacb3a1ab3,"{""distance"":5,""physical_error_rate"":0.0002}","{""detectors_checked"":4928}"
       640,         0,         0,   0.002,exact_mw,cdc4a450a40af8e24899239080e4c40992fb5baf91c5a31ab3a165eacb3a1ab3,"{""distance"":5,""physical_error_rate"":0.0002}","{""detection_events"":133,""detectors_checked"":143360}"
         6,         0,         0,   0.000,exact_mw,cdc4a450a40af8e24899239080e4c40992fb5baf91c5a31ab3a165eacb3a1ab3,"{""distance"":5,""physical_error_rate"":0.0002}","{""detectors_checked"":1344}"
       560,         0,         0,   0.002,exact_mw,cdc4a450a40af8e24899239080e4c40992fb5baf91c5a31ab3a165eacb3a1ab3,"{""distance"":5,""physical_error_rate"":0.0002}","{""detection_events"":125,""detectors_checked"":125440}"
       368,         0,         0,   0.001,exact_mw,cdc4a450a40af8e24899239080e4c40992fb5baf91c5a31ab3a165eacb3a1ab3,"{""distance"":5,""physical_error_rate"":0.0002}","{""detection_events"":53,""detectors_checked"":82432}"
      3072,         0,         0,   0.050,exact_mw,cdc4a450a40af8e24899239080e4c40992fb5baf91c5a31ab3a165eacb3a1ab3,"{""distance"":5,""physical_error_rate"":0.0002}","{""detection_events"":723,""detectors_checked"":688128}"
        44,         0,         0,   0.000,exact_mw,cdc4a450a40af8e24899239080e4c40992fb5baf91c5a31ab3a165eacb3a1ab3,"{""distance"":5,""physical_error_rate"":0.0002}","{""detection_events"":2,""detectors_checked"":9856}"
      7168,         0,         0,   0.094,exact_mw,cdc4a450a40af8e24899239080e4c40992fb5baf91c5a31ab3a165eacb3a1ab3,"{""distance"":5,""physical_error_rate"":0.0002}","{""detection_events"":1494,""detectors_checked"":1605632}"
       949,         0,         0,   0.004,exact_mw,cdc4a450a40af8e24899239080e4c40992fb5baf91c5a31ab3a165eacb3a1ab3,"{""distance"":5,""physical_error_rate"":0.0002}","{""detection_events"":198,""detectors_checked"":212576}"
       368,         0,         0,   0.001,exact_mw,cdc4a450a40af8e24899239080e4c40992fb5baf91c5a31ab3a165eacb3a1ab3,"{""distance"":5,""physical_error_rate"":0.0002}","{""detection_events"":54,""detectors_checked"":82432}"
         3,         0,         0,   0.000,exact_mw,cdc4a450a40af8e24899239080e4c40992fb5baf91c5a31ab3a165eacb3a1ab3,"{""distance"":5,""physical_error_rate"":0.0002}","{""detectors_checked"":672}"
       560,         0,         0,   0.002,exact_mw,cdc4a450a40af8e24899239080e4c40992fb5baf91c5a31ab3a165eacb3a1ab3,"{""distance"":5,""physical_error_rate"":0.0002}","{""detection_events"":100,""detectors_checked"":125440}"
      1317,         0,         0,   0.004,exact_mw,cdc4a450a40af8e24899239080e4c40992fb5baf91c5a31ab3a165eacb3a1ab3,"{""distance"":5,""physical_error_rate"":0.0002}","{""detection_events"":265,""detectors_checked"":295008}"
       526,         0,         0,   0.002,exact_mw,cdc4a450a40af8e24899239080e4c40992fb5baf91c5a31ab3a165eacb3a1ab3,"{""distance"":5,""physical_error_rate"":0.0002}","{""detection_events"":82,""detectors_checked"":117824}"
       166,         0,         0,   0.001,exact_mw,cdc4a450a40af8e24899239080e4c40992fb5baf91c5a31ab3a165eacb3a1ab3,"{""distance"":5,""physical_error_rate"":0.0002}","{""detection_events"":35,""detectors_checked"":37184}"
        15,         0,         0,   0.000,exact_mw,cdc4a450a40af8e24899239080e4c40992fb5baf91c5a31ab3a165eacb3a1ab3,"{""distance"":5,""physical_error_rate"":0.0002}","{""detection_events"":9,""detectors_checked"":3360}"
         3,         0,         0,   0.000,exact_mw,cdc4a450a40af8e24899239080e4c40992fb5baf91c5a31ab3a165eacb3a1ab3,"{""distance"":5,""physical_error_rate"":0.0002}","{""detectors_checked"":672}"
      1389,         0,         0,   0.004,exact_mw,cdc4a450a40af8e24899239080e4c40992fb5baf91c5a31ab3a165eacb3a1ab3,"{""distance"":5,""physical_error_rate"":0.0002}","{""detection_events"":295,""detectors_checked"":311136}"
     20930,         0,         0,   0.356,exact_mw,cdc4a450a40af8e24899239080e4c40992fb5baf91c5a31ab3a165eacb3a1ab3,"{""distance"":5,""physical_error_rate"":0.0002}","{""detection_events"":4161,""detectors_checked"":4688320}"
       128,         0,         0,   0.001,exact_mw,cdc4a450a40af8e24899239080e4c40992fb5baf91c5a31ab3a165eacb3a1ab3,"{""distance"":5,""physical_error_rate"":0.0002}","{""detection_events"":21,""detectors_checked"":28672}"
      1445,         0,         0,   0.005,exact_mw,cdc4a450a40af8e24899239080e4c40992fb5baf91c5a31ab3a165eacb3a1ab3,"{""distance"":5,""physical_error_rate"":0.0002}","{""detection_events"":324,""detectors_checked"":323680}"
         3,         0,         0,   0.000,exact_mw,cdc4a450a40af8e24899239080e4c40992fb5baf91c5a31ab3a165eacb3a1ab3,"{""distance"":5,""physical_error_rate"":0.0002}","{""detectors_checked"":672}"
         7,         0,         0,   0.000,exact_mw,cdc4a450a40af8e24899239080e4c40992fb5baf91c5a31ab3a165eacb3a1ab3,"{""distance"":5,""physical_error_rate"":0.0002}","{""detection_events"":2,""detectors_checked"":1568}"
         3,         0,         0,   0.000,exact_mw,cdc4a450a40af8e24899239080e4c40992fb5baf91c5a31ab3a165eacb3a1ab3,"{""distance"":5,""physical_error_rate"":0.0002}","{""detectors_checked"":672}"
     14257,         0,         0,   0.199,exact_mw,cdc4a450a40af8e24899239080e4c40992fb5baf91c5a31ab3a165eacb3a1ab3,"{""distance"":5,""physical_error_rate"":0.0002}","{""detection_events"":3086,""detectors_checked"":3193568}"
       993,         0,         0,   0.003,exact_mw,cdc4a450a40af8e24899239080e4c40992fb5baf91c5a31ab3a165eacb3a1ab3,"{""distance"":5,""physical_error_rate"":0.0002}","{""detection_events"":199,""detectors_checked"":222432}"
       575,         0,         0,   0.002,exact_mw,cdc4a450a40af8e24899239080e4c40992fb5baf91c5a31ab3a165eacb3a1ab3,"{""distance"":5,""physical_error_rate"":0.0002}","{""detection_events"":120,""detectors_checked"":128800}"
       413,         0,         0,   0.002,exact_mw,cdc4a450a40af8e24899239080e4c40992fb5baf91c5a31ab3a165eacb3a1ab3,"{""distance"":5,""physical_error_rate"":0.0002}","{""detection_events"":99,""detectors_checked"":92512}"
         6,         0,         0,   0.000,exact_mw,cdc4a450a40af8e24899239080e4c40992fb5baf91c5a31ab3a165eacb3a1ab3,"{""distance"":5,""physical_error_rate"":0.0002}","{""detectors_checked"":1344}"
       264,         0,         0,   0.001,exact_mw,cdc4a450a40af8e24899239080e4c40992fb5baf91c5a31ab3a165eacb3a1ab3,"{""distance"":5,""physical_error_rate"":0.0002}","{""detection_events"":52,""detectors_checked"":59136}"
       355,         0,         0,   0.001,exact_mw,cdc4a450a40af8e24899239080e4c40992fb5baf91c5a31ab3a165eacb3a1ab3,"{""distance"":5,""physical_error_rate"":0.0002}","{""detection_events"":99,""detectors_checked"":79520}"
        22,         0,         0,   0.000,exact_mw,cdc4a450a40af8e24899239080e4c40992fb5baf91c5a31ab3a165eacb3a1ab3,"{""distance"":5,""physical_error_rate"":0.0002}","{""detection_events"":4,""detectors_checked"":4928}"
       669,         0,         0,   0.002,exact_mw,cdc4a450a40af8e24899239080e4c40992fb5baf91c5a31ab3a165eacb3a1ab3,"{""distance"":5,""physical_error_rate"":0.0002}","{""detection_events"":133,""detectors_checked"":149856}"
        10,         0,         0,   0.000,exact_mw,cdc4a450a40af8e24899239080e4c40992fb5baf91c5a31ab3a165eacb3a1ab3,"{""distance"":5,""physical_error_rate"":0.0002}","{""detection_events"":3,""detectors_checked"":2240}"
         1,         0,         0,   0.000,exact_mw,cdc4a450a40af8e24899239080e4c40992fb5baf91c5a31ab3a165eacb3a1ab3,"{""distance"":5,""physical_error_rate"":0.0002}","{""detectors_checked"":224}"
      4096,         0,         0,   0.055,exact_mw,cdc4a450a40af8e24899239080e4c40992fb5baf91c5a31ab3a165eacb3a1ab3,"{""distance"":5,""physical_error_rate"":0.0002}","{""detection_events"":828,""detectors_checked"":917504}"
       615,         0,         0,   0.002,exact_mw,cdc4a450a40af8e24899239080e4c40992fb5baf91c5a31ab3a165eacb3a1ab3,"{""distance"":5,""physical_error_rate"":0.0002}","{""detection_events"":136,""detectors_checked"":137760}"
       420,         0,         0,   0.001,exact_mw,cdc4a450a40af8e24899239080e4c40992fb5baf91c5a31ab3a165eacb3a1ab3,"{""distance"":5,""physical_error_rate"":0.0002}","{""detection_events"":84,""detectors_checked"":94080}"
         6,         0,         0,   0.000,exact_mw,cdc4a450a40af8e24899239080e4c40992fb5baf91c5a31ab3a165eacb3a1ab3,"{""distance"":5,""physical_error_rate"":0.0002}","{""detectors_checked"":1344}"
       605,         0,         0,   0.002,exact_mw,cdc4a450a40af8e24899239080e4c40992fb5baf91c5a31ab3a165eacb3a1ab3,"{""distance"":5,""physical_error_rate"":0.0002}","{""detection_events"":95,""detectors_checked"":135520}"
      1335,         0,         0,   0.020,exact_mw,cdc4a450a40af8e24899239080e4c40992fb5baf91c5a31ab3a165eacb3a1ab3,"{""distance"":5,""physical_error_rate"":0.0002}","{""detection_events"":270,""detectors_checked"":299040}"
      3072,         0,         0,   0.050,exact_mw,cdc4a450a40af8e24899239080e4c40992fb5baf91c5a31ab3a165eacb3a1ab3,"{""distance"":5,""physical_error_rate"":0.0002}","{""detection_events"":614,""detectors_checked"":688128}"
        62,         0,         0,   0.000,exact_mw,cdc4a450a40af8e24899239080e4c40992fb5baf91c5a31ab3a165eacb3a1ab3,"{""distance"":5,""physical_error_rate"":0.0002}","{""detection_events"":9,""detectors_checked"":13888}"
       279,         0,         0,   0.001,exact_mw,cdc4a450a40af8e24899239080e4c40992fb5baf91c5a31ab3a165eacb3a1ab3,"{""distance"":5,""physical_error_rate"":0.0002}","{""detection_events"":46,""detectors_checked"":62496}"
        11,         0,         0,   0.000,exact_mw,cdc4a450a40af8e24899239080e4c40992fb5baf91c5a31ab3a165eacb3a1ab3,"{""distance"":5,""physical_error_rate"":0.0002}","{""detection_events"":2,""detectors_checked"":2464}"
     30846,         0,         0,   0.196,exact_mw,cdc4a450a40af8e24899239080e4c40992fb5baf91c5a31ab3a165eacb3a1ab3,"{""distance"":5,""physical_error_rate"":0.0002}","{""detection_events"":6208,""detectors_checked"":6909504}"
        11,         0,         0,   0.000,exact_mw,cdc4a450a40af8e24899239080e4c40992fb5baf91c5a31ab3a165eacb3a1ab3,"{""distance"":5,""physical_error_rate"":0.0002}","{""detection_events"":4,""detectors_checked"":2464}"
       986,         0,         0,   0.003,exact_mw,cdc4a450a40af8e24899239080e4c40992fb5baf91c5a31ab3a165eacb3a1ab3,"{""distance"":5,""physical_error_rate"":0.0002}","{""detection_events"":180,""detectors_checked"":220864}"
        64,         0,         0,   0.000,exact_mw,cdc4a450a40af8e24899239080e4c40992fb5baf91c5a31ab3a165eacb3a1ab3,"{""distance"":5,""physical_error_rate"":0.0002}","{""detection_events"":20,""detectors_checked"":14336}"
       286,         0,         0,   0.001,exact_mw,cdc4a450a40af8e24899239080e4c40992fb5baf91c5a31ab3a165eacb3a1ab3,"{""distance"":5,""physical_error_rate"":0.0002}","{""detection_events"":86,""detectors_checked"":64064}"
      1297,         0,         0,   0.004,exact_mw,cdc4a450a40af8e24899239080e4c40992fb5baf91c5a31ab3a165eacb3a1ab3,"{""distance"":5,""physical_error_rate"":0.0002}","{""detection_events"":272,""detectors_checked"":290528}"
       253,         0,         0,   0.001,exact_mw,cdc4a450a40af8e24899239080e4c40992fb5baf91c5a31ab3a165eacb3a1ab3,"{""distance"":5,""physical_error_rate"":0.0002}","{""detection_events"":53,""detectors_checked"":56672}"
       722,         0,         0,   0.002,exact_mw,cdc4a450a40af8e24899239080e4c40992fb5baf91c5a31ab3a165eacb3a1ab3,"{""distance"":5,""physical_error_rate"":0.0002}","{""detection_events"":131,""detectors_checked"":161728}"
     16490,         0,         0,   0.075,exact_mw,cdc4a450a40af8e24899239080e4c40992fb5baf91c5a31ab3a165eacb3a1ab3,"{""distance"":5,""physical_error_rate"":0.0002}","{""detection_events"":3087,""detectors_checked"":3693760}"
        96,         0,         0,   0.000,exact_mw,cdc4a450a40af8e24899239080e4c40992fb5baf91c5a31ab3a165eacb3a1ab3,"{""distance"":5,""physical_error_rate"":0.0002}","{""detection_events"":23,""detectors_checked"":21504}"
        12,         0,         0,   0.000,exact_mw,cdc4a450a40af8e24899239080e4c40992fb5baf91c5a31ab3a165eacb3a1ab3,"{""distance"":5,""physical_error_rate"":0.0002}","{""detection_events"":4,""detectors_checked"":2688}"
       601,         0,         0,   0.002,exact_mw,cdc4a450a40af8e24899239080e4c40992fb5baf91c5a31ab3a165eacb3a1ab3,"{""distance"":5,""physical_error_rate"":0.0002}","{""detection_events"":141,""detectors_checked"":134624}"
       111,         0,         0,   0.001,exact_mw,cdc4a450a40af8e24899239080e4c40992fb5baf91c5a31ab3a165eacb3a1ab3,"{""distance"":5,""physical_error_rate"":0.0002}","{""detection_events"":29,""detectors_checked"":24864}"
       253,         0,         0,   0.001,exact_mw,cdc4a450a40af8e24899239080e4c40992fb5baf91c5a31ab3a165eacb3a1ab3,"{""distance"":5,""physical_error_rate"":0.0002}","{""detection_events"":69,""detectors_checked"":56672}"
       616,         0,         0,   0.002,exact_mw,cdc4a450a40af8e24899239080e4c40992fb5baf91c5a31ab3a165eacb3a1ab3,"{""distance"":5,""physical_error_rate"":0.0002}","{""detection_events"":156,""detectors_checked"":137984}"
        64,         0,         0,   0.000,exact_mw,cdc4a450a40af8e24899239080e4c40992fb5baf91c5a31ab3a165eacb3a1ab3,"{""distance"":5,""physical_error_rate"":0.0002}","{""detection_events"":4,""detectors_checked"":14336}"
       639,         0,         0,   0.003,exact_mw,cdc4a450a40af8e24899239080e4c40992fb5baf91c5a31ab3a165eacb3a1ab3,"{""distance"":5,""physical_error_rate"":0.0002}","{""detection_events"":151,""detectors_checked"":143136}"
       257,         0,         0,   0.001,exact_mw,cdc4a450a40af8e24899239080e4c40992fb5baf91c5a31ab3a165eacb3a1ab3,"{""distance"":5,""physical_error_rate"":0.0002}","{""detection_events"":66,""detectors_checked"":57568}"
        36,         0,         0,   0.000,exact_mw,cdc4a450a40af8e24899239080e4c40992fb5baf91c5a31ab3a165eacb3a1ab3,"{""distance"":5,""physical_error_rate"":0.0002}","{""detection_events"":1,""detectors_checked"":8064}"
       716,         0,         0,   0.002,exact_mw,cdc4a450a40af8e24899239080e4c40992fb5baf91c5a31ab3a165eacb3a1ab3,"{""distance"":5,""physical_error_rate"":0.0002}","{""detection_events"":143,""detectors_checked"":160384}"
       257,         0,         0,   0.001,exact_mw,cdc4a450a40af8e24899239080e4c40992fb5baf91c5a31ab3a165eacb3a1ab3,"{""distance"":5,""physical_error_rate"":0.0002}","{""detection_events"":59,""detectors_checked"":57568}"
       297,         0,         0,   0.001,exact_mw,cdc4a450a40af8e24899239080e4c40992fb5baf91c5a31ab3a165eacb3a1ab3,"{""distance"":5,""physical_error_rate"":0.0002}","{""detection_events"":44,""detectors_checked"":66528}"
       677,         0,         0,   0.002,exact_mw,cdc4a450a40af8e24899239080e4c40992fb5baf91c5a31ab3a165eacb3a1ab3,"{""distance"":5,""physical_error_rate"":0.0002}","{""detection_events"":128,""detectors_checked"":151648}"
       811,         0,         0,   0.002,exact_mw,cdc4a450a40af8e24899239080e4c40992fb5baf91c5a31ab3a165eacb3a1ab3,"{""distance"":5,""physical_error_rate"":0.0002}","{""detection_events"":161,""detectors_checked"":181664}"
         2,         0,         0,   0.000,exact_mw,cdc4a450a40af8e24899239080e4c40992fb5baf91c5a31ab3a165eacb3a1ab3,"{""distance"":5,""physical_error_rate"":0.0002}","{""detectors_checked"":448}"
       503,         0,         0,   0.002,exact_mw,cdc4a450a40af8e24899239080e4c40992fb5baf91c5a31ab3a165eacb3a1ab3,"{""distance"":5,""physical_error_rate"":0.0002}","{""detection_events"":84,""detectors_checked"":112672}"
     11264,         0,         0,   0.295,exact_mw,cb12ae119b9b2ba18d0216e7235b403229e92fd0743ede48fe7f1a2c6f45d594,"{""distance"":5,""physical_error_rate"":0.0005}","{""detection_events"":5493,""detectors_checked"":2523136}"
       990,         0,         0,   0.003,exact_mw,cdc4a450a40af8e24899239080e4c40992fb5baf91c5a31ab3a165eacb3a1ab3,"{""distance"":5,""physical_error_rate"":0.0002}","{""detection_events"":178,""detectors_checked"":221760}"
       973,         0,         0,   0.003,exact_mw,cdc4a450a40af8e24899239080e4c40992fb5baf91c5a31ab3a165eacb3a1ab3,"{""distance"":5,""physical_error_rate"":0.0002}","{""detection_events"":224,""detectors_checked"":217952}"
       335,         0,         0,   0.001,exact_mw,cdc4a450a40af8e24899239080e4c40992fb5baf91c5a31ab3a165eacb3a1ab3,"{""distance"":5,""physical_error_rate"":0.0002}","{""detection_events"":99,""detectors_checked"":75040}"
         4,         0,         0,   0.000,exact_mw,cdc4a450a40af8e24899239080e4c40992fb5baf91c5a31ab3a165eacb3a1ab3,"{""distance"":5,""physical_error_rate"":0.0002}","{""detectors_checked"":896}"
       181,         0,         0,   0.001,exact_mw,cdc4a450a40af8e24899239080e4c40992fb5baf91c5a31ab3a165eacb3a1ab3,"{""distance"":5,""physical_error_rate"":0.0002}","{""detection_events"":27,""detectors_checked"":40544}"
       908,         0,         0,   0.003,exact_mw,cdc4a450a40af8e24899239080e4c40992fb5baf91c5a31ab3a165eacb3a1ab3,"{""distance"":5,""physical_error_rate"":0.0002}","{""detection_events"":173,""detectors_checked"":203392}"
     19425,         0,         0,   0.098,exact_mw,cdc4a450a40af8e24899239080e4c40992fb5baf91c5a31ab3a165eacb3a1ab3,"{""distance"":5,""physical_error_rate"":0.0002}","{""detection_events"":3966,""detectors_checked"":4351200}"
       626,         0,         0,   0.002,exact_mw,cdc4a450a40af8e24899239080e4c40992fb5baf91c5a31ab3a165eacb3a1ab3,"{""distance"":5,""physical_error_rate"":0.0002}","{""detection_events"":143,""detectors_checked"":140224}"
         2,         0,         0,   0.000,exact_mw,cdc4a450a40af8e24899239080e4c40992fb5baf91c5a31ab3a165eacb3a1ab3,"{""distance"":5,""physical_error_rate"":0.0002}","{""detectors_checked"":448}"
       716,         0,         0,   0.002,exact_mw,cdc4a450a40af8e24899239080e4c40992fb5baf91c5a31ab3a165eacb3a1ab3,"{""distance"":5,""physical_error_rate"":0.0002}","{""detection_events"":175,""detectors_checked"":160384}"
       127,         0,         0,   0.001,exact_mw,cdc4a450a40af8e24899239080e4c40992fb5baf91c5a31ab3a165eacb3a1ab3,"{""distance"":5,""physical_error_rate"":0.0002}","{""detection_events"":31,""detectors_checked"":28448}"
         4,         0,         0,   0.000,exact_mw,cdc4a450a40af8e24899239080e4c40992fb5baf91c5a31ab3a165eacb3a1ab3,"{""distance"":5,""physical_error_rate"":0.0002}","{""detectors_checked"":896}"
      1017,         0,         0,   0.003,exact_mw,cdc4a450a40af8e24899239080e4c40992fb5baf91c5a31ab3a165eacb3a1ab3,"{""distance"":5,""physical_error_rate"":0.0002}","{""detection_events"":223,""detectors_checked"":227808}"
      1297,         0,         0,   0.026,exact_mw,cb12ae119b9b2ba18d0216e7235b403229e92fd0743ede48fe7f1a2c6f45d594,"{""distance"":5,""physical_error_rate"":0.0005}","{""detection_events"":656,""detectors_checked"":290528}"
       984,         0,         0,   0.003,exact_mw,cdc4a450a40af8e24899239080e4c40992fb5baf91c5a31ab3a165eacb3a1ab3,"{""distance"":5,""physical_error_rate"":0.0002}","{""detection_events"":192,""detectors_checked"":220416}"
       943,         0,         0,   0.003,exact_mw,cdc4a450a40af8e24899239080e4c40992fb5baf91c5a31ab3a165eacb3a1ab3,"{""distance"":5,""physical_error_rate"":0.0002}","{""detection_events"":176,""detectors_checked"":211232}"
      2048,         0,         0,   0.063,exact_mw,cdc4a450a40af8e24899239080e4c40992fb5baf91c5a31ab3a165eacb3a1ab3,"{""distance"":5,""physical_error_rate"":0.0002}","{""detection_events"":492,""detectors_checked"":458752}"
       342,         0,         0,   0.001,exact_mw,cdc4a450a40af8e24899239080e4c40992fb5baf91c5a31ab3a165eacb3a1ab3,"{""distance"":5,""physical_error_rate"":0.0002}","{""detection_events"":42,""detectors_checked"":76608}"
         3,         0,         0,   0.000,exact_mw,cdc4a450a40af8e24899239080e4c40992fb5baf91c5a31ab3a165eacb3a1ab3,"{""distance"":5,""physical_error_rate"":0.0002}","{""detectors_checked"":672}"
        15,         0,         0,   0.000,exact_mw,cdc4a450a40af8e24899239080e4c40992fb5baf91c5a31ab3a165eacb3a1ab3,"{""distance"":5,""physical_error_rate"":0.0002}","{""detection_events"":1,""detectors_checked"":3360}"
      7168,         0,         0,   0.122,exact_mw,cdc4a450a40af8e24899239080e4c40992fb5baf91c5a31ab3a165eacb3a1ab3,"{""distance"":5,""physical_error_rate"":0.0002}","{""detection_events"":1338,""detectors_checked"":1605632}"
        18,         0,         0,   0.000,exact_mw,cdc4a450a40af8e24899239080e4c40992fb5baf91c5a31ab3a165eacb3a1ab3,"{""distance"":5,""physical_error_rate"":0.0002}","{""detectors_checked"":4032}"
      8192,         0,         0,   0.107,exact_mw,cdc4a450a40af8e24899239080e4c40992fb5baf91c5a31ab3a165eacb3a1ab3,"{""distance"":5,""physical_error_rate"":0.0002}","{""detection_events"":1508,""detectors_checked"":1835008}"
        87,         0,         0,   0.000,exact_mw,cdc4a450a40af8e24899239080e4c40992fb5baf91c5a31ab3a165eacb3a1ab3,"{""distance"":5,""physical_error_rate"":0.0002}","{""detection_events"":24,""detectors_checked"":19488}"
        59,         0,         0,   0.000,exact_mw,cdc4a450a40af8e24899239080e4c40992fb5baf91c5a31ab3a165eacb3a1ab3,"{""distance"":5,""physical_error_rate"":0.0002}","{""detection_events"":9,""detectors_checked"":13216}"
       973,         0,         0,   0.003,exact_mw,cdc4a450a40af8e24899239080e4c40992fb5baf91c5a31ab3a165eacb3a1ab3,"{""distance"":5,""physical_error_rate"":0.0002}","{""detection_events"":135,""detectors_checked"":217952}"
      1024,         0,         0,   0.004,exact_mw,cb12ae119b9b2ba18d0216e7235b403229e92fd0743ede48fe7f1a2c6f45d594,"{""distance"":5,""physical_error_rate"":0.0005}","{""detection_events"":449,""detectors_checked"":229376}"
        25,         0,         0,   0.000,exact_mw,cdc4a450a40af8e24899239080e4c40992fb5baf91c5a31ab3a165eacb3a1ab3,"{""distance"":5,""physical_error_rate"":0.0002}","{""detection_events"":9,""detectors_checked"":5600}"
       119,         0,         0,   0.001,exact_mw,cdc4a450a40af8e24899239080e4c40992fb5baf91c5a31ab3a165eacb3a1ab3,"{""distance"":5,""physical_error_rate"":0.0002}","{""detection_events"":34,""detectors_checked"":26656}"
     21504,         0,         0,   0.412,exact_mw,cdc4a450a40af8e24899239080e4c40992fb5baf91c5a31ab3a165eacb3a1ab3,"{""distance"":5,""physical_error_rate"":0.0002}","{""detection_events"":4134,""detectors_checked"":4816896}"
       307,         0,         0,   0.001,exact_mw,cdc4a450a40af8e24899239080e4c40992fb5baf91c5a31ab3a165eacb3a1ab3,"{""distance"":5,""physical_error_rate"":0.0002}","{""detection_events"":46,""detectors_checked"":68768}"
       387,         0,         0,   0.001,exact_mw,cdc4a450a40af8e24899239080e4c40992fb5baf91c5a31ab3a165eacb3a1ab3,"{""distance"":5,""physical_error_rate"":0.0002}","{""detection_events"":71,""detectors_checked"":86688}"
        30,         0,         0,   0.000,exact_mw,cdc4a450a40af8e24899239080e4c40992fb5baf91c5a31ab3a165eacb3a1ab3,"{""distance"":5,""physical_error_rate"":0.0002}","{""detection_events"":7,""detectors_checked"":6720}"
        37,         0,         0,   0.000,exact_mw,cdc4a450a40af8e24899239080e4c40992fb5baf91c5a31ab3a165eacb3a1ab3,"{""distance"":5,""physical_error_rate"":0.0002}","{""detection_events"":2,""detectors_checked"":8288}"
       328,         0,         0,   0.001,exact_mw,cdc4a450a40af8e24899239080e4c40992fb5baf91c5a31ab3a165eacb3a1ab3,"{""distance"":5,""physical_error_rate"":0.0002}","{""detection_events"":48,""detectors_checked"":73472}"
       462,         0,         0,   0.001,exact_mw,cdc4a450a40af8e24899239080e4c40992fb5baf91c5a31ab3a165eacb3a1ab3,"{""distance"":5,""physical_error_rate"":0.0002}","{""detection_events"":70,""detectors_checked"":103488}"
      7168,         0,         0,   0.090,exact_mw,cdc4a450a40af8e24899239080e4c40992fb5baf91c5a31ab3a165eacb3a1ab3,"{""distance"":5,""physical_error_rate"":0.0002}","{""detection_events"":1327,""detectors_checked"":1605632}"
         1,         0,         0,   0.000,exact_mw,cdc4a450a40af8e24899239080e4c40992fb5baf91c5a31ab3a165eacb3a1ab3,"{""distance"":5,""physical_error_rate"":0.0002}","{""detection_events"":4,""detectors_checked"":224}"
       492,         0,         0,   0.002,exact_mw,cdc4a450a40af8e24899239080e4c40992fb5baf91c5a31ab3a165eacb3a1ab3,"{""distance"":5,""physical_error_rate"":0.0002}","{""detection_events"":114,""detectors_checked"":110208}"
       645,         0,         0,   0.002,exact_mw,cdc4a450a40af8e24899239080e4c40992fb5baf91c5a31ab3a165eacb3a1ab3,"{""distance"":5,""physical_error_rate"":0.0002}","{""detection_events"":94,""detectors_checked"":144480}"
       842,         0,         0,   0.003,exact_mw,cdc4a450a40af8e24899239080e4c40992fb5baf91c5a31ab3a165eacb3a1ab3,"{""distance"":5,""physical_error_rate"":0.0002}","{""detection_events"":193,""detectors_checked"":188608}"
       755,         0,         0,   0.002,exact_mw,cdc4a450a40af8e24899239080e4c40992fb5baf91c5a31ab3a165eacb3a1ab3,"{""distance"":5,""physical_error_rate"":0.0002}","{""detection_events"":144,""detectors_checked"":169120}"
        37,         0,         0,   0.000,exact_mw,cdc4a450a40af8e24899239080e4c40992fb5baf91c5a31ab3a165eacb3a1ab3,"{""distance"":5,""physical_error_rate"":0.0002}","{""detection_events"":4,""detectors_checked"":8288}"
        28,         0,         0,   0.000,exact_mw,cdc4a450a40af8e24899239080e4c40992fb5baf91c5a31ab3a165eacb3a1ab3,"{""distance"":5,""physical_error_rate"":0.0002}","{""detection_events"":6,""detectors_checked"":6272}"
       618,         0,         0,   0.002,exact_mw,cdc4a450a40af8e24899239080e4c40992fb5baf91c5a31ab3a165eacb3a1ab3,"{""distance"":5,""physical_error_rate"":0.0002}","{""detection_events"":191,""detectors_checked"":138432}"
       729,         0,         0,   0.002,exact_mw,cdc4a450a40af8e24899239080e4c40992fb5baf91c5a31ab3a165eacb3a1ab3,"{""distance"":5,""physical_error_rate"":0.0002}","{""detection_events"":117,""detectors_checked"":163296}"
       258,         0,         0,   0.001,exact_mw,cdc4a450a40af8e24899239080e4c40992fb5baf91c5a31ab3a165eacb3a1ab3,"{""distance"":5,""physical_error_rate"":0.0002}","{""detection_events"":40,""detectors_checked"":57792}"
       506,         0,         0,   0.002,exact_mw,cdc4a450a40af8e24899239080e4c40992fb5baf91c5a31ab3a165eacb3a1ab3,"{""distance"":5,""physical_error_rate"":0.0002}","{""detection_events"":74,""detectors_checked"":113344}"
         4,         0,         0,   0.000,exact_mw,cdc4a450a40af8e24899239080e4c40992fb5baf91c5a31ab3a165eacb3a1ab3,"{""distance"":5,""physical_error_rate"":0.0002}","{""detection_events"":2,""detectors_checked"":896}"
        51,         0,         0,   0.000,exact_mw,cdc4a450a40af8e24899239080e4c40992fb5baf91c5a31ab3a165eacb3a1ab3,"{""distance"":5,""physical_error_rate"":0.0002}","{""detection_events"":7,""detectors_checked"":11424}"
        32,         0,         0,   0.000,exact_mw,cdc4a450a40af8e24899239080e4c40992fb5baf91c5a31ab3a165eacb3a1ab3,"{""distance"":5,""physical_error_rate"":0.0002}","{""detection_events"":14,""detectors_checked"":7168}"
      1247,         0,         0,   0.004,exact_mw,cdc4a450a40af8e24899239080e4c40992fb5baf91c5a31ab3a165eacb3a1ab3,"{""distance"":5,""physical_error_rate"":0.0002}","{""detection_events"":218,""detectors_checked"":279328}"
       295,         0,         0,   0.001,exact_mw,cdc4a450a40af8e24899239080e4c40992fb5baf91c5a31ab3a165eacb3a1ab3,"{""distance"":5,""physical_error_rate"":0.0002}","{""detection_events"":45,""detectors_checked"":66080}"
       475,         0,         0,   0.002,exact_mw,cdc4a450a40af8e24899239080e4c40992fb5baf91c5a31ab3a165eacb3a1ab3,"{""distance"":5,""physical_error_rate"":0.0002}","{""detection_events"":94,""detectors_checked"":106400}"
      1024,         0,         0,   0.018,exact_mw,cb12ae119b9b2ba18d0216e7235b403229e92fd0743ede48fe7f1a2c6f45d594,"{""distance"":5,""physical_error_rate"":0.0005}","{""detection_events"":468,""detectors_checked"":229376}"
      1165,         0,         0,   0.004,exact_mw,cdc4a450a40af8e24899239080e4c40992fb5baf91c5a31ab3a165eacb3a1ab3,"{""distance"":5,""physical_error_rate"":0.0002}","{""detection_events"":287,""detectors_checked"":260960}"
       241,         0,         0,   0.001,exact_mw,cdc4a450a40af8e24899239080e4c40992fb5baf91c5a31ab3a165eacb3a1ab3,"{""distance"":5,""physical_error_rate"":0.0002}","{""detection_events"":60,""detectors_checked"":53984}"
         7,         0,         0,   0.000,exact_mw,cdc4a450a40af8e24899239080e4c40992fb5baf91c5a31ab3a165eacb3a1ab3,"{""distance"":5,""physical_error_rate"":0.0002}","{""detection_events"":2,""detectors_checked"":1568}"
       570,         0,         0,   0.002,exact_mw,cdc4a450a40af8e24899239080e4c40992fb5baf91c5a31ab3a165eacb3a1ab3,"{""distance"":5,""physical_error_rate"":0.0002}","{""detection_events"":111,""detectors_checked"":127680}"
        57,         0,         0,   0.000,exact_mw,cdc4a450a40af8e24899239080e4c40992fb5baf91c5a31ab3a165eacb3a1ab3,"{""distance"":5,""physical_error_rate"":0.0002}","{""detection_events"":8,""detectors_checked"":12768}"
         7,         0,         0,   0.000,exact_mw,cdc4a450a40af8e24899239080e4c40992fb5baf91c5a31ab3a165eacb3a1ab3,"{""distance"":5,""physical_error_rate"":0.0002}","{""detectors_checked"":1568}"
       475,         0,         0,   0.002,exact_mw,cdc4a450a40af8e24899239080e4c40992fb5baf91c5a31ab3a165eacb3a1ab3,"{""distance"":5,""physical_error_rate"":0.0002}","{""detection_events"":85,""detectors_checked"":106400}"
        37,         0,         0,   0.000,exact_mw,cdc4a450a40af8e24899239080e4c40992fb5baf91c5a31ab3a165eacb3a1ab3,"{""distance"":5,""physical_error_rate"":0.0002}","{""detection_events"":7,""detectors_checked"":8288}"
        13,         0,         0,   0.000,exact_mw,cdc4a450a40af8e24899239080e4c40992fb5baf91c5a31ab3a165eacb3a1ab3,"{""distance"":5,""physical_error_rate"":0.0002}","{""detection_events"":7,""detectors_checked"":2912}"
        17,         0,         0,   0.000,exact_mw,cdc4a450a40af8e24899239080e4c40992fb5baf91c5a31ab3a165eacb3a1ab3,"{""distance"":5,""physical_error_rate"":0.0002}","{""detection_events"":2,""detectors_checked"":3808}"
        69,         0,         0,   0.000,exact_mw,cdc4a450a40af8e24899239080e4c40992fb5baf91c5a31ab3a165eacb3a1ab3,"{""distance"":5,""physical_error_rate"":0.0002}","{""detection_events"":6,""detectors_checked"":15456}"
        32,         0,         0,   0.000,exact_mw,cdc4a450a40af8e24899239080e4c40992fb5baf91c5a31ab3a165eacb3a1ab3,"{""distance"":5,""physical_error_rate"":0.0002}","{""detectors_checked"":7168}"
       842,         0,         0,   0.003,exact_mw,cdc4a450a40af8e24899239080e4c40992fb5baf91c5a31ab3a165eacb3a1ab3,"{""distance"":5,""physical_error_rate"":0.0002}","{""detection_events"":180,""detectors_checked"":188608}"
        22,         0,         0,   0.000,exact_mw,cdc4a450a40af8e24899239080e4c40992fb5baf91c5a31ab3a165eacb3a1ab3,"{""distance"":5,""physical_error_rate"":0.0002}","{""detection_events"":1,""detectors_checked"":4928}"
        26,         0,         0,   0.000,exact_mw,cdc4a450a40af8e24899239080e4c40992fb5baf91c5a31ab3a165eacb3a1ab3,"{""distance"":5,""physical_error_rate"":0.0002}","{""detection_events"":4,""detectors_checked"":5824}"
       475,         0,         0,   0.002,exact_mw,cdc4a450a40af8e24899239080e4c40992fb5baf91c5a31ab3a165eacb3a1ab3,"{""distance"":5,""physical_error_rate"":0.0002}","{""detection_events"":128,""detectors_checked"":106400}"
         1,         0,         0,   0.000,exact_mw,cdc4a450a40af8e24899239080e4c40992fb5baf91c5a31ab3a165eacb3a1ab3,"{""distance"":5,""physical_error_rate"":0.0002}","{""detectors_checked"":224}"
      1296,         0,         0,   0.008,exact_mw,cdc4a450a40af8e24899239080e4c40992fb5baf91c5a31ab3a165eacb3a1ab3,"{""distance"":5,""physical_error_rate"":0.0002}","{""detection_events"":284,""detectors_checked"":290304}"
        16,         0,         0,   0.000,exact_mw,cdc4a450a40af8e24899239080e4c40992fb5baf91c5a31ab3a165eacb3a1ab3,"{""distance"":5,""physical_error_rate"":0.0002}","{""detectors_checked"":3584}"
       125,         0,         0,   0.001,exact_mw,cdc4a450a40af8e24899239080e4c40992fb5baf91c5a31ab3a165eacb3a1ab3,"{""distance"":5,""physical_error_rate"":0.0002}","{""detection_events"":25,""detectors_checked"":28000}"
         7,         0,         0,   0.000,exact_mw,cdc4a450a40af8e24899239080e4c40992fb5baf91c5a31ab3a165eacb3a1ab3,"{""distance"":5,""physical_error_rate"":0.0002}","{""detectors_checked"":1568}"
        17,         0,         0,   0.001,exact_mw,cb12ae119b9b2ba18d0216e7235b403229e92fd0743ede48fe7f1a2c6f45d594,"{""distance"":5,""physical_error_rate"":0.0005}","{""detection_events"":12,""detectors_checked"":3808}"
        49,         0,         0,   0.000,exact_mw,cdc4a450a40af8e24899239080e4c40992fb5baf91c5a31ab3a165eacb3a1ab3,"{""distance"":5,""physical_error_rate"":0.0002}","{""detection_events"":4,""detectors_checked"":10976}"
         6,         0,         0,   0.000,exact_mw,cdc4a450a40af8e24899239080e4c40992fb5baf91c5a31ab3a165eacb3a1ab3,"{""distance"":5,""physical_error_rate"":0.0002}","{""detection_events"":2,""detectors_checked"":1344}"
         7,         0,         0,   0.000,exact_mw,cdc4a450a40af8e24899239080e4c40992fb5baf91c5a31ab3a165eacb3a1ab3,"{""distance"":5,""physical_error_rate"":0.0002}","{""detectors_checked"":1568}"
       149,         0,         0,   0.001,exact_mw,cdc4a450a40af8e24899239080e4c40992fb5baf91c5a31ab3a165eacb3a1ab3,"{""distance"":5,""physical_error_rate"":0.0002}","{""detection_events"":27,""detectors_checked"":33376}"
        95,         0,         0,   0.000,exact_mw,cdc4a450a40af8e24899239080e4c40992fb5baf91c5a31ab3a165eacb3a1ab3,"{""distance"":5,""physical_error_rate"":0.0002}","{""detection_events"":21,""detectors_checked"":21280}"
       144,         0,         0,   0.001,exact_mw,cdc4a450a40af8e24899239080e4c40992fb5baf91c5a31ab3a165eacb3a1ab3,"{""distance"":5,""physical_error_rate"":0.0002}","{""detection_events"":17,""detectors_checked"":32256}"
        97,         0,         0,   0.001,exact_mw,cdc4a450a40af8e24899239080e4c40992fb5baf91c5a31ab3a165eacb3a1ab3,"{""distance"":5,""physical_error_rate"":0.0002}","{""detection_events"":22,""detectors_checked"":21728}"
         4,         0,         0,   0.000,exact_mw,cdc4a450a40af8e24899239080e4c40992fb5baf91c5a31ab3a165eacb3a1ab3,"{""distance"":5,""physical_error_rate"":0.0002}","{""detection_events"":2,""detectors_checked"":896}"
      1024,         0,         0,   0.029,exact_mw,cb12ae119b9b2ba18d0216e7235b403229e92fd0743ede48fe7f1a2c6f45d594,"{""distance"":5,""physical_error_rate"":0.0005}","{""detection_events"":551,""detectors_checked"":229376}"
         7,         0,         0,   0.000,exact_mw,cdc4a450a40af8e24899239080e4c40992fb5baf91c5a31ab3a165eacb3a1ab3,"{""distance"":5,""physical_error_rate"":0.0002}","{""detectors_checked"":1568}"
        18,         0,         0,   0.000,exact_mw,cdc4a450a40af8e24899239080e4c40992fb5baf91c5a31ab3a165eacb3a1ab3,"{""distance"":5,""physical_error_rate"":0.0002}","{""detection_events"":2,""detectors_checked"":4032}"
       150,         0,         0,   0.001,exact_mw,cdc4a450a40af8e24899239080e4c40992fb5baf91c5a31ab3a165eacb3a1ab3,"{""distance"":5,""physical_error_rate"":0.0002}","{""detection_events"":29,""detectors_checked"":33600}"
        46,         0,         0,   0.000,exact_mw,cdc4a450a40af8e24899239080e4c40992fb5baf91c5a31ab3a165eacb3a1ab3,"{""distance"":5,""physical_error_rate"":0.0002}","{""detection_events"":5,""detectors_checked"":10304}"
        20,         0,         0,   0.000,exact_mw,cdc4a450a40af8e24899239080e4c40992fb5baf91c5a31ab3a165eacb3a1ab3,"{""distance"":5,""physical_error_rate"":0.0002}","{""detection_events"":8,""detectors_checked"":4480}"
        22,         0,         0,   0.000,exact_mw,cdc4a450a40af8e24899239080e4c40992fb5baf91c5a31ab3a165eacb3a1ab3,"{""distance"":5,""physical_error_rate"":0.0002}","{""detection_events"":5,""detectors_checked"":4928}"
       553,         0,         0,   0.002,exact_mw,cdc4a450a40af8e24899239080e4c40992fb5baf91c5a31ab3a165eacb3a1ab3,"{""distance"":5,""physical_error_rate"":0.0002}","{""detection_events"":134,""detectors_checked"":123872}"
         3,         0,         0,   0.000,exact_mw,cdc4a450a40af8e24899239080e4c40992fb5baf91c5a31ab3a165eacb3a1ab3,"{""distance"":5,""physical_error_rate"":0.0002}","{""detectors_checked"":672}"
        20,         0,         0,   0.000,exact_mw,cdc4a450a40af8e24899239080e4c40992fb5baf91c5a31ab3a165eacb3a1ab3,"{""distance"":5,""physical_error_rate"":0.0002}","{""detectors_checked"":4480}"
        11,         0,         0,   0.000,exact_mw,cdc4a450a40af8e24899239080e4c40992fb5baf91c5a31ab3a165eacb3a1ab3,"{""distance"":5,""physical_error_rate"":0.0002}","{""detection_events"":6,""detectors_checked"":2464}"
         6,         0,         0,   0.000,exact_mw,cdc4a450a40af8e24899239080e4c40992fb5baf91c5a31ab3a165eacb3a1ab3,"{""distance"":5,""physical_error_rate"":0.0002}","{""detection_events"":2,""detectors_checked"":1344}"
        31,         0,         0,   0.000,exact_mw,cdc4a450a40af8e24899239080e4c40992fb5baf91c5a31ab3a165eacb3a1ab3,"{""distance"":5,""physical_error_rate"":0.0002}","{""detection_events"":2,""detectors_checked"":6944}"
         3,         0,         0,   0.000,exact_mw,cdc4a450a40af8e24899239080e4c40992fb5baf91c5a31ab3a165eacb3a1ab3,"{""distance"":5,""physical_error_rate"":0.0002}","{""detectors_checked"":672}"
         5,         0,         0,   0.000,exact_mw,cdc4a450a40af8e24899239080e4c40992fb5baf91c5a31ab3a165eacb3a1ab3,"{""distance"":5,""physical_error_rate"":0.0002}","{""detectors_checked"":1120}"
        95,         0,         0,   0.000,exact_mw,cdc4a450a40af8e24899239080e4c40992fb5baf91c5a31ab3a165eacb3a1ab3,"{""distance"":5,""physical_error_rate"":0.0002}","{""detection_events"":18,""detectors_checked"":21280}"
      2304,         0,         0,   0.012,exact_mw,cdc4a450a40af8e24899239080e4c40992fb5baf91c5a31ab3a165eacb3a1ab3,"{""distance"":5,""physical_error_rate"":0.0002}","{""detection_events"":413,""detectors_checked"":516096}"
       481,         0,         0,   0.002,exact_mw,cdc4a450a40af8e24899239080e4c40992fb5baf91c5a31ab3a165eacb3a1ab3,"{""distance"":5,""physical_error_rate"":0.0002}","{""detection_events"":81,""detectors_checked"":107744}"
         1,         0,         0,   0.000,exact_mw,cdc4a450a40af8e24899239080e4c40992fb5baf91c5a31ab3a165eacb3a1ab3,"{""distance"":5,""physical_error_rate"":0.0002}","{""detectors_checked"":224}"
      1280,         0,         0,   0.022,exact_mw,cb12ae119b9b2ba18d0216e7235b403229e92fd0743ede48fe7f1a2c6f45d594,"{""distance"":5,""physical_error_rate"":0.0005}","{""detection_events"":657,""detectors_checked"":286720}"
       120,         0,         0,   0.001,exact_mw,cdc4a450a40af8e24899239080e4c40992fb5baf91c5a31ab3a165eacb3a1ab3,"{""distance"":5,""physical_error_rate"":0.0002}","{""detection_events"":28,""detectors_checked"":26880}"
         1,         0,         0,   0.000,exact_mw,cdc4a450a40af8e24899239080e4c40992fb5baf91c5a31ab3a165eacb3a1ab3,"{""distance"":5,""physical_error_rate"":0.0002}","{""detectors_checked"":224}"
      4096,         0,         0,   0.077,exact_mw,cdc4a450a40af8e24899239080e4c40992fb5baf91c5a31ab3a165eacb3a1ab3,"{""distance"":5,""physical_error_rate"":0.0002}","{""detection_events"":897,""detectors_checked"":917504}"
         4,         0,         0,   0.000,exact_mw,cdc4a450a40af8e24899239080e4c40992fb5baf91c5a31ab3a165eacb3a1ab3,"{""distance"":5,""physical_error_rate"":0.0002}","{""detection_events"":2,""detectors_checked"":896}"
         1,         0,         0,   0.000,exact_mw,cdc4a450a40af8e24899239080e4c40992fb5baf91c5a31ab3a165eacb3a1ab3,"{""distance"":5,""physical_error_rate"":0.0002}","{""detectors_checked"":224}"
        17,         0,         0,   0.000,exact_mw,cdc4a450a40af8e24899239080e4c40992fb5baf91c5a31ab3a165eacb3a1ab3,"{""distance"":5,""physical_error_rate"":0.0002}","{""detectors_checked"":3808}"
         2,         0,         0,   0.000,exact_mw,cdc4a450a40af8e24899239080e4c40992fb5baf91c5a31ab3a165eacb3a1ab3,"{""distance"":5,""physical_error_rate"":0.0002}","{""detectors_checked"":448}"
       208,         0,         0,   0.001,exact_mw,cdc4a450a40af8e24899239080e4c40992fb5baf91c5a31ab3a165eacb3a1ab3,"{""distance"":5,""physical_error_rate"":0.0002}","{""detection_events"":46,""detectors_checked"":46592}"
        13,         0,         0,   0.000,exact_mw,cdc4a450a40af8e24899239080e4c40992fb5baf91c5a31ab3a165eacb3a1ab3,"{""distance"":5,""physical_error_rate"":0.0002}","{""detection_events"":12,""detectors_checked"":2912}"
        46,         0,         0,   0.000,exact_mw,cdc4a450a40af8e24899239080e4c40992fb5baf91c5a31ab3a165eacb3a1ab3,"{""distance"":5,""physical_error_rate"":0.0002}","{""detection_events"":10,""detectors_checked"":10304}"
      1297,         0,         0,   0.027,exact_mw,cdc4a450a40af8e24899239080e4c40992fb5baf91c5a31ab3a165eacb3a1ab3,"{""distance"":5,""physical_error_rate"":0.0002}","{""detection_events"":251,""detectors_checked"":290528}"
       158,         0,         0,   0.001,exact_mw,cdc4a450a40af8e24899239080e4c40992fb5baf91c5a31ab3a165eacb3a1ab3,"{""distance"":5,""physical_error_rate"":0.0002}","{""detection_events"":31,""detectors_checked"":35392}"
        16,         0,         0,   0.000,exact_mw,cdc4a450a40af8e24899239080e4c40992fb5baf91c5a31ab3a165eacb3a1ab3,"{""distance"":5,""physical_error_rate"":0.0002}","{""detection_events"":7,""detectors_checked"":3584}"
        17,         0,         0,   0.000,exact_mw,cdc4a450a40af8e24899239080e4c40992fb5baf91c5a31ab3a165eacb3a1ab3,"{""distance"":5,""physical_error_rate"":0.0002}","{""detectors_checked"":3808}"
       978,         0,         0,   0.003,exact_mw,cdc4a450a40af8e24899239080e4c40992fb5baf91c5a31ab3a165eacb3a1ab3,"{""distance"":5,""physical_error_rate"":0.0002}","{""detection_events"":177,""detectors_checked"":219072}"
        49,         0,         0,   0.000,exact_mw,cdc4a450a40af8e24899239080e4c40992fb5baf91c5a31ab3a165eacb3a1ab3,"{""distance"":5,""physical_error_rate"":0.0002}","{""detection_events"":2,""detectors_checked"":10976}"
         1,         0,         0,   0.000,exact_mw,cb12ae119b9b2ba18d0216e7235b403229e92fd0743ede48fe7f1a2c6f45d594,"{""distance"":5,""physical_error_rate"":0.0005}","{""detectors_checked"":224}"
         2,         0,         0,   0.000,exact_mw,cdc4a450a40af8e24899239080e4c40992fb5baf91c5a31ab3a165eacb3a1ab3,"{""distance"":5,""physical_error_rate"":0.0002}","{""detectors_checked"":448}"
         9,         0,         0,   0.000,exact_mw,cdc4a450a40af8e24899239080e4c40992fb5baf91c5a31ab3a165eacb3a1ab3,"{""distance"":5,""physical_error_rate"":0.0002}","{""detectors_checked"":2016}"
        98,         0,         0,   0.001,exact_mw,cdc4a450a40af8e24899239080e4c40992fb5baf91c5a31ab3a165eacb3a1ab3,"{""distance"":5,""physical_error_rate"":0.0002}","{""detection_events"":16,""detectors_checked"":21952}"
        66,         0,         0,   0.000,exact_mw,cdc4a450a40af8e24899239080e4c40992fb5baf91c5a31ab3a165eacb3a1ab3,"{""distance"":5,""physical_error_rate"":0.0002}","{""detection_events"":14,""detectors_checked"":14784}"
       118,         0,         0,   0.000,exact_mw,cdc4a450a40af8e24899239080e4c40992fb5baf91c5a31ab3a165eacb3a1ab3,"{""distance"":5,""physical_error_rate"":0.0002}","{""detection_events"":13,""detectors_checked"":26432}"
         1,         0,         0,   0.000,exact_mw,cdc4a450a40af8e24899239080e4c40992fb5baf91c5a31ab3a165eacb3a1ab3,"{""distance"":5,""physical_error_rate"":0.0002}","{""detectors_checked"":224}"
         1,         0,         0,   0.000,exact_mw,cdc4a450a40af8e24899239080e4c40992fb5baf91c5a31ab3a165eacb3a1ab3,"{""distance"":5,""physical_error_rate"":0.0002}","{""detectors_checked"":224}"
       112,         0,         0,   0.001,exact_mw,cdc4a450a40af8e24899239080e4c40992fb5baf91c5a31ab3a165eacb3a1ab3,"{""distance"":5,""physical_error_rate"":0.0002}","{""detection_events"":29,""detectors_checked"":25088}"
      6247,         0,         0,   0.030,exact_mw,cdc4a450a40af8e24899239080e4c40992fb5baf91c5a31ab3a165eacb3a1ab3,"{""distance"":5,""physical_error_rate"":0.0002}","{""detection_events"":1135,""detectors_checked"":1399328}"
        48,         0,         0,   0.000,exact_mw,cdc4a450a40af8e24899239080e4c40992fb5baf91c5a31ab3a165eacb3a1ab3,"{""distance"":5,""physical_error_rate"":0.0002}","{""detection_events"":4,""detectors_checked"":10752}"
        48,         0,         0,   0.000,exact_mw,cdc4a450a40af8e24899239080e4c40992fb5baf91c5a31ab3a165eacb3a1ab3,"{""distance"":5,""physical_error_rate"":0.0002}","{""detection_events"":13,""detectors_checked"":10752}"
         9,         0,         0,   0.000,exact_mw,cdc4a450a40af8e24899239080e4c40992fb5baf91c5a31ab3a165eacb3a1ab3,"{""distance"":5,""physical_error_rate"":0.0002}","{""detectors_checked"":2016}"
      2048,         0,         0,   0.023,exact_mw,cb12ae119b9b2ba18d0216e7235b403229e92fd0743ede48fe7f1a2c6f45d594,"{""distance"":5,""physical_error_rate"":0.0005}","{""detection_events"":1153,""detectors_checked"":458752}"
       158,         0,         0,   0.001,exact_mw,cdc4a450a40af8e24899239080e4c40992fb5baf91c5a31ab3a165eacb3a1ab3,"{""distance"":5,""physical_error_rate"":0.0002}","{""detection_events"":43,""detectors_checked"":35392}"
       107,         0,         0,   0.001,exact_mw,cdc4a450a40af8e24899239080e4c40992fb5baf91c5a31ab3a165eacb3a1ab3,"{""distance"":5,""physical_error_rate"":0.0002}","{""detection_events"":6,""detectors_checked"":23968}"
        65,         0,         0,   0.000,exact_mw,cdc4a450a40af8e24899239080e4c40992fb5baf91c5a31ab3a165eacb3a1ab3,"{""distance"":5,""physical_error_rate"":0.0002}","{""detection_events"":10,""detectors_checked"":14560}"
         1,         0,         0,   0.000,exact_mw,cdc4a450a40af8e24899239080e4c40992fb5baf91c5a31ab3a165eacb3a1ab3,"{""distance"":5,""physical_error_rate"":0.0002}","{""detectors_checked"":224}"
       108,         0,         0,   0.001,exact_mw,cdc4a450a40af8e24899239080e4c40992fb5baf91c5a31ab3a165eacb3a1ab3,"{""distance"":5,""physical_error_rate"":0.0002}","{""detection_events"":19,""detectors_checked"":24192}"
      1296,         0,         0,   0.016,exact_mw,cb12ae119b9b2ba18d0216e7235b403229e92fd0743ede48fe7f1a2c6f45d594,"{""distance"":5,""physical_error_rate"":0.0005}","{""detection_events"":621,""detectors_checked"":290304}"
         1,         0,         0,   0.000,exact_mw,cdc4a450a40af8e24899239080e4c40992fb5baf91c5a31ab3a165eacb3a1ab3,"{""distance"":5,""physical_error_rate"":0.0002}","{""detectors_checked"":224}"
      4096,         0,         0,   0.057,exact_mw,cdc4a450a40af8e24899239080e4c40992fb5baf91c5a31ab3a165eacb3a1ab3,"{""distance"":5,""physical_error_rate"":0.0002}","{""detection_events"":659,""detectors_checked"":917504}"
      1024,         0,         0,   0.047,exact_mw,cb12ae119b9b2ba18d0216e7235b403229e92fd0743ede48fe7f1a2c6f45d594,"{""distance"":5,""physical_error_rate"":0.0005}","{""detection_events"":518,""detectors_checked"":229376}"
      1297,         0,         0,   0.010,exact_mw,cdc4a450a40af8e24899239080e4c40992fb5baf91c5a31ab3a165eacb3a1ab3,"{""distance"":5,""physical_error_rate"":0.0002}","{""detection_events"":234,""detectors_checked"":290528}"
      1024,         0,         0,   0.026,exact_mw,cdc4a450a40af8e24899239080e4c40992fb5baf91c5a31ab3a165eacb3a1ab3,"{""distance"":5,""physical_error_rate"":0.0002}","{""detection_events"":191,""detectors_checked"":229376}"
      2048,         0,         0,   0.040,exact_mw,cdc4a450a40af8e24899239080e4c40992fb5baf91c5a31ab3a165eacb3a1ab3,"{""distance"":5,""physical_error_rate"":0.0002}","{""detection_events"":371,""detectors_checked"":458752}"
        64,         0,         0,   0.000,exact_mw,cdc4a450a40af8e24899239080e4c40992fb5baf91c5a31ab3a165eacb3a1ab3,"{""distance"":5,""physical_error_rate"":0.0002}","{""detection_events"":12,""detectors_checked"":14336}"
     11264,         0,         0,   0.107,exact_mw,cdc4a450a40af8e24899239080e4c40992fb5baf91c5a31ab3a165eacb3a1ab3,"{""distance"":5,""physical_error_rate"":0.0002}","{""detection_events"":2250,""detectors_checked"":2523136}"
       178,         0,         0,   0.001,exact_mw,cdc4a450a40af8e24899239080e4c40992fb5baf91c5a31ab3a165eacb3a1ab3,"{""distance"":5,""physical_error_rate"":0.0002}","{""detection_events"":27,""detectors_checked"":39872}"
        98,         0,         0,   0.000,exact_mw,cdc4a450a40af8e24899239080e4c40992fb5baf91c5a31ab3a165eacb3a1ab3,"{""distance"":5,""physical_error_rate"":0.0002}","{""detection_events"":17,""detectors_checked"":21952}"
         9,         0,         0,   0.000,exact_mw,cdc4a450a40af8e24899239080e4c40992fb5baf91c5a31ab3a165eacb3a1ab3,"{""distance"":5,""physical_error_rate"":0.0002}","{""detection_events"":5,""detectors_checked"":2016}"
        22,         0,         0,   0.000,exact_mw,cdc4a450a40af8e24899239080e4c40992fb5baf91c5a31ab3a165eacb3a1ab3,"{""distance"":5,""physical_error_rate"":0.0002}","{""detectors_checked"":4928}"
      1024,         0,         0,   0.023,exact_mw,cb12ae119b9b2ba18d0216e7235b403229e92fd0743ede48fe7f1a2c6f45d594,"{""distance"":5,""physical_error_rate"":0.0005}","{""detection_events"":497,""detectors_checked"":229376}"
        54,         0,         0,   0.000,exact_mw,cdc4a450a40af8e24899239080e4c40992fb5baf91c5a31ab3a165eacb3a1ab3,"{""distance"":5,""physical_error_rate"":0.0002}","{""detection_events"":5,""detectors_checked"":12096}"
         9,         0,         0,   0.000,exact_mw,cdc4a450a40af8e24899239080e4c40992fb5baf91c5a31ab3a165eacb3a1ab3,"{""distance"":5,""physical_error_rate"":0.0002}","{""detection_events"":3,""detectors_checked"":2016}"
         4,         0,         0,   0.000,exact_mw,cdc4a450a40af8e24899239080e4c40992fb5baf91c5a31ab3a165eacb3a1ab3,"{""distance"":5,""physical_error_rate"":0.0002}","{""detectors_checked"":896}"
       192,         0,         0,   0.001,exact_mw,cdc4a450a40af8e24899239080e4c40992fb5baf91c5a31ab3a165eacb3a1ab3,"{""distance"":5,""physical_error_rate"":0.0002}","{""detection_events"":44,""detectors_checked"":43008}"
       137,         0,         0,   0.001,exact_mw,cdc4a450a40af8e24899239080e4c40992fb5baf91c5a31ab3a165eacb3a1ab3,"{""distance"":5,""physical_error_rate"":0.0002}","{""detection_events"":13,""detectors_checked"":30688}"
       160,         0,         0,   0.001,exact_mw,cdc4a450a40af8e24899239080e4c40992fb5baf91c5a31ab3a165eacb3a1ab3,"{""distance"":5,""physical_error_rate"":0.0002}","{""detection_events"":44,""detectors_checked"":35840}"
      1024,         0,         0,   0.023,exact_mw,cdc4a450a40af8e24899239080e4c40992fb5baf91c5a31ab3a165eacb3a1ab3,"{""distance"":5,""physical_error_rate"":0.0002}","{""detection_events"":174,""detectors_checked"":229376}"
        98,         0,         0,   0.001,exact_mw,cdc4a450a40af8e24899239080e4c40992fb5baf91c5a31ab3a165eacb3a1ab3,"{""distance"":5,""physical_error_rate"":0.0002}","{""detection_events"":12,""detectors_checked"":21952}"
       134,         0,         0,   0.001,exact_mw,cdc4a450a40af8e24899239080e4c40992fb5baf91c5a31ab3a165eacb3a1ab3,"{""distance"":5,""physical_error_rate"":0.0002}","{""detection_events"":39,""detectors_checked"":30016}"
         4,         0,         0,   0.000,exact_mw,cdc4a450a40af8e24899239080e4c40992fb5baf91c5a31ab3a165eacb3a1ab3,"{""distance"":5,""physical_error_rate"":0.0002}","{""detectors_checked"":896}"
        16,         0,         0,   0.000,exact_mw,cdc4a450a40af8e24899239080e4c40992fb5baf91c5a31ab3a165eacb3a1ab3,"{""distance"":5,""physical_error_rate"":0.0002}","{""detectors_checked"":3584}"
        27,         0,         0,   0.000,exact_mw,cdc4a450a40af8e24899239080e4c40992fb5baf91c5a31ab3a165eacb3a1ab3,"{""distance"":5,""physical_error_rate"":0.0002}","{""detection_events"":2,""detectors_checked"":6048}"
         4,         0,         0,   0.000,exact_mw,cdc4a450a40af8e24899239080e4c40992fb5baf91c5a31ab3a165eacb3a1ab3,"{""distance"":5,""physical_error_rate"":0.0002}","{""detection_events"":2,""detectors_checked"":896}"
       156,         0,         0,   0.001,exact_mw,cdc4a450a40af8e24899239080e4c40992fb5baf91c5a31ab3a165eacb3a1ab3,"{""distance"":5,""physical_error_rate"":0.0002}","{""detection_events"":35,""detectors_checked"":34944}"
       332,         0,         0,   0.001,exact_mw,cdc4a450a40af8e24899239080e4c40992fb5baf91c5a31ab3a165eacb3a1ab3,"{""distance"":5,""physical_error_rate"":0.0002}","{""detection_events"":56,""detectors_checked"":74368}"
       220,         0,         0,   0.001,exact_mw,cdc4a450a40af8e24899239080e4c40992fb5baf91c5a31ab3a165eacb3a1ab3,"{""distance"":5,""physical_error_rate"":0.0002}","{""detection_events"":46,""detectors_checked"":49280}"
       279,         0,         0,   0.001,exact_mw,cdc4a450a40af8e24899239080e4c40992fb5baf91c5a31ab3a165eacb3a1ab3,"{""distance"":5,""physical_error_rate"":0.0002}","{""detection_events"":75,""detectors_checked"":62496}"
     12288,         0,         0,   0.309,exact_mw,cb12ae119b9b2ba18d0216e7235b403229e92fd0743ede48fe7f1a2c6f45d594,"{""distance"":5,""physical_error_rate"":0.0005}","{""detection_events"":6087,""detectors_checked"":2752512}"
       229,         0,         0,   0.001,exact_mw,cdc4a450a40af8e24899239080e4c40992fb5baf91c5a31ab3a165eacb3a1ab3,"{""distance"":5,""physical_error_rate"":0.0002}","{""detection_events"":55,""detectors_checked"":51296}"
      1296,         0,         0,   0.031,exact_mw,cdc4a450a40af8e24899239080e4c40992fb5baf91c5a31ab3a165eacb3a1ab3,"{""distance"":5,""physical_error_rate"":0.0002}","{""detection_events"":283,""detectors_checked"":290304}"
        48,         0,         0,   0.000,exact_mw,cdc4a450a40af8e24899239080e4c40992fb5baf91c5a31ab3a165eacb3a1ab3,"{""distance"":5,""physical_error_rate"":0.0002}","{""detection_events"":9,""detectors_checked"":10752}"
       261,         0,         0,   0.001,exact_mw,cdc4a450a40af8e24899239080e4c40992fb5baf91c5a31ab3a165eacb3a1ab3,"{""distance"":5,""physical_error_rate"":0.0002}","{""detection_events"":56,""detectors_checked"":58464}"
       423,         0,         0,   0.001,exact_mw,cdc4a450a40af8e24899239080e4c40992fb5baf91c5a31ab3a165eacb3a1ab3,"{""distance"":5,""physical_error_rate"":0.0002}","{""detection_events"":70,""detectors_checked"":94752}"
       325,         0,         0,   0.001,exact_mw,cdc4a450a40af8e24899239080e4c40992fb5baf91c5a31ab3a165eacb3a1ab3,"{""distance"":5,""physical_error_rate"":0.0002}","{""detection_events"":63,""detectors_checked"":72800}"
      3072,         0,         0,   0.038,exact_mw,cdc4a450a40af8e24899239080e4c40992fb5baf91c5a31ab3a165eacb3a1ab3,"{""distance"":5,""physical_error_rate"":0.0002}","{""detection_events"":604,""detectors_checked"":688128}"
      1297,         0,         0,   0.027,exact_mw,cdc4a450a40af8e24899239080e4c40992fb5baf91c5a31ab3a165eacb3a1ab3,"{""distance"":5,""physical_error_rate"":0.0002}","{""detection_events"":285,""detectors_checked"":290528}"
      2048,         0,         0,   0.050,exact_mw,cb12ae119b9b2ba18d0216e7235b403229e92fd0743ede48fe7f1a2c6f45d594,"{""distance"":5,""physical_error_rate"":0.0005}","{""detection_events"":991,""detectors_checked"":458752}"
      7168,         0,         0,   0.140,exact_mw,cdc4a450a40af8e24899239080e4c40992fb5baf91c5a31ab3a165eacb3a1ab3,"{""distance"":5,""physical_error_rate"":0.0002}","{""detection_events"":1344,""detectors_checked"":1605632}"
      2048,         0,         0,   0.020,exact_mw,cdc4a450a40af8e24899239080e4c40992fb5baf91c5a31ab3a165eacb3a1ab3,"{""distance"":5,""physical_error_rate"":0.0002}","{""detection_events"":369,""detectors_checked"":458752}"
       156,         0,         0,   0.001,exact_mw,cdc4a450a40af8e24899239080e4c40992fb5baf91c5a31ab3a165eacb3a1ab3,"{""distance"":5,""physical_error_rate"":0.0002}","{""detection_events"":60,""detectors_checked"":34944}"
       361,         0,         0,   0.001,exact_mw,cdc4a450a40af8e24899239080e4c40992fb5baf91c5a31ab3a165eacb3a1ab3,"{""distance"":5,""physical_error_rate"":0.0002}","{""detection_events"":63,""detectors_checked"":80864}"
      1024,         0,         0,   0.041,exact_mw,cdc4a450a40af8e24899239080e4c40992fb5baf91c5a31ab3a165eacb3a1ab3,"{""distance"":5,""physical_error_rate"":0.0002}","{""detection_events"":200,""detectors_checked"":229376}"
       212,         0,         0,   0.001,exact_mw,cdc4a450a40af8e24899239080e4c40992fb5baf91c5a31ab3a165eacb3a1ab3,"{""distance"":5,""physical_error_rate"":0.0002}","{""detection_events"":24,""detectors_checked"":47488}"
       220,         0,         0,   0.001,exact_mw,cdc4a450a40af8e24899239080e4c40992fb5baf91c5a31ab3a165eacb3a1ab3,"{""distance"":5,""physical_error_rate"":0.0002}","{""detection_events"":39,""detectors_checked"":49280}"
       431,         0,         0,   0.001,exact_mw,cdc4a450a40af8e24899239080e4c40992fb5baf91c5a31ab3a165eacb3a1ab3,"{""distance"":5,""physical_error_rate"":0.0002}","{""detection_events"":61,""detectors_checked"":96544}"
         2,         0,         0,   0.000,exact_mw,cdc4a450a40af8e24899239080e4c40992fb5baf91c5a31ab3a165eacb3a1ab3,"{""distance"":5,""physical_error_rate"":0.0002}","{""detectors_checked"":448}"
      2048,         0,         0,   0.032,exact_mw,cb12ae119b9b2ba18d0216e7235b403229e92fd0743ede48fe7f1a2c6f45d594,"{""distance"":5,""physical_error_rate"":0.0005}","{""detection_events"":1064,""detectors_checked"":458752}"
       222,         0,         0,   0.001,exact_mw,cdc4a450a40af8e24899239080e4c40992fb5baf91c5a31ab3a165eacb3a1ab3,"{""distance"":5,""physical_error_rate"":0.0002}","{""detection_events"":47,""detectors_checked"":49728}"
      1024,         0,         0,   0.024,exact_mw,cdc4a450a40af8e24899239080e4c40992fb5baf91c5a31ab3a165eacb3a1ab3,"{""distance"":5,""physical_error_rate"":0.0002}","{""detection_events"":182,""detectors_checked"":229376}"
       208,         0,         0,   0.001,exact_mw,cdc4a450a40af8e24899239080e4c40992fb5baf91c5a31ab3a165eacb3a1ab3,"{""distance"":5,""physical_error_rate"":0.0002}","{""detection_events"":47,""detectors_checked"":46592}"
       252,         0,         0,   0.001,exact_mw,cdc4a450a40af8e24899239080e4c40992fb5baf91c5a31ab3a165eacb3a1ab3,"{""distance"":5,""physical_error_rate"":0.0002}","{""detection_events"":50,""detectors_checked"":56448}"
       244,         0,         0,   0.001,exact_mw,cdc4a450a40af8e24899239080e4c40992fb5baf91c5a31ab3a165eacb3a1ab3,"{""distance"":5,""physical_error_rate"":0.0002}","{""detection_events"":34,""detectors_checked"":54656}"
       261,         0,         0,   0.001,exact_mw,cdc4a450a40af8e24899239080e4c40992fb5baf91c5a31ab3a165eacb3a1ab3,"{""distance"":5,""physical_error_rate"":0.0002}","{""detection_events"":46,""detectors_checked"":58464}"
      1297,         0,         0,   0.025,exact_mw,cb12ae119b9b2ba18d0216e7235b403229e92fd0743ede48fe7f1a2c6f45d594,"{""distance"":5,""physical_error_rate"":0.0005}","{""detection_events"":648,""detectors_checked"":290528}"
     17408,         0,         0,   0.426,exact_mw,cb12ae119b9b2ba18d0216e7235b403229e92fd0743ede48fe7f1a2c6f45d594,"{""distance"":5,""physical_error_rate"":0.0005}","{""detection_events"":8218,""detectors_checked"":3899392}"
         1,         0,         0,   0.000,exact_mw,cdc4a450a40af8e24899239080e4c40992fb5baf91c5a31ab3a165eacb3a1ab3,"{""distance"":5,""physical_error_rate"":0.0002}","{""detectors_checked"":224}"
       273,         0,         0,   0.023,exact_mw,cb12ae119b9b2ba18d0216e7235b403229e92fd0743ede48fe7f1a2c6f45d594,"{""distance"":5,""physical_error_rate"":0.0005}","{""detection_events"":118,""detectors_checked"":61152}"
       321,         0,         0,   0.001,exact_mw,cdc4a450a40af8e24899239080e4c40992fb5baf91c5a31ab3a165eacb3a1ab3,"{""distance"":5,""physical_error_rate"":0.0002}","{""detection_events"":51,""detectors_checked"":71904}"
      4096,         0,         0,   0.053,exact_mw,cb12ae119b9b2ba18d0216e7235b403229e92fd0743ede48fe7f1a2c6f45d594,"{""distance"":5,""physical_error_rate"":0.0005}","{""detection_events"":2056,""detectors_checked"":917504}"
        52,         0,         0,   0.000,exact_mw,cdc4a450a40af8e24899239080e4c40992fb5baf91c5a31ab3a165eacb3a1ab3,"{""distance"":5,""physical_error_rate"":0.0002}","{""detection_events"":9,""detectors_checked"":11648}"
      2048,         0,         0,   0.030,exact_mw,cdc4a450a40af8e24899239080e4c40992fb5baf91c5a31ab3a165eacb3a1ab3,"{""distance"":5,""physical_error_rate"":0.0002}","{""detection_events"":431,""detectors_checked"":458752}"
      8192,         0,         0,   0.175,exact_mw,cdc4a450a40af8e24899239080e4c40992fb5baf91c5a31ab3a165eacb3a1ab3,"{""distance"":5,""physical_error_rate"":0.0002}","{""detection_events"":1661,""detectors_checked"":1835008}"
       259,         0,         0,   0.001,exact_mw,cdc4a450a40af8e24899239080e4c40992fb5baf91c5a31ab3a165eacb3a1ab3,"{""distance"":5,""physical_error_rate"":0.0002}","{""detection_events"":40,""detectors_checked"":58016}"
       260,         0,         0,   0.001,exact_mw,cdc4a450a40af8e24899239080e4c40992fb5baf91c5a31ab3a165eacb3a1ab3,"{""distance"":5,""physical_error_rate"":0.0002}","{""detection_events"":70,""detectors_checked"":58240}"
       250,         0,         0,   0.001,exact_mw,cdc4a450a40af8e24899239080e4c40992fb5baf91c5a31ab3a165eacb3a1ab3,"{""distance"":5,""physical_error_rate"":0.0002}","{""detection_events"":48,""detectors_checked"":56000}"
       399,         0,         0,   0.001,exact_mw,cdc4a450a40af8e24899239080e4c40992fb5baf91c5a31ab3a165eacb3a1ab3,"{""distance"":5,""physical_error_rate"":0.0002}","{""detection_events"":76,""detectors_checked"":89376}"
        25,         0,         0,   0.000,exact_mw,cdc4a450a40af8e24899239080e4c40992fb5baf91c5a31ab3a165eacb3a1ab3,"{""distance"":5,""physical_error_rate"":0.0002}","{""detection_events"":11,""detectors_checked"":5600}"
       325,         0,         0,   0.001,exact_mw,cdc4a450a40af8e24899239080e4c40992fb5baf91c5a31ab3a165eacb3a1ab3,"{""distance"":5,""physical_error_rate"":0.0002}","{""detection_events"":68,""detectors_checked"":72800}"
      1024,         0,         0,   0.043,exact_mw,cdc4a450a40af8e24899239080e4c40992fb5baf91c5a31ab3a165eacb3a1ab3,"{""distance"":5,""physical_error_rate"":0.0002}","{""detection_events"":197,""detectors_checked"":229376}"
      1024,         0,         0,   0.014,exact_mw,cb12ae119b9b2ba18d0216e7235b403229e92fd0743ede48fe7f1a2c6f45d594,"{""distance"":5,""physical_error_rate"":0.0005}","{""detection_events"":539,""detectors_checked"":229376}"
       147,         0,         0,   0.001,exact_mw,cdc4a450a40af8e24899239080e4c40992fb5baf91c5a31ab3a165eacb3a1ab3,"{""distance"":5,""physical_error_rate"":0.0002}","{""detection_events"":28,""detectors_checked"":32928}"
      1024,         0,         0,   0.046,exact_mw,cdc4a450a40af8e24899239080e4c40992fb5baf91c5a31ab3a165eacb3a1ab3,"{""distance"":5,""physical_error_rate"":0.0002}","{""detection_events"":173,""detectors_checked"":229376}"
      1024,         0,         0,   0.027,exact_mw,cb12ae119b9b2ba18d0216e7235b403229e92fd0743ede48fe7f1a2c6f45d594,"{""distance"":5,""physical_error_rate"":0.0005}","{""detection_events"":500,""detectors_checked"":229376}"
       147,         0,         0,   0.001,exact_mw,cdc4a450a40af8e24899239080e4c40992fb5baf91c5a31ab3a165eacb3a1ab3,"{""distance"":5,""physical_error_rate"":0.0002}","{""detection_events"":18,""detectors_checked"":32928}"
        23,         0,         0,   0.000,exact_mw,cdc4a450a40af8e24899239080e4c40992fb5baf91c5a31ab3a165eacb3a1ab3,"{""distance"":5,""physical_error_rate"":0.0002}","{""detection_events"":5,""detectors_checked"":5152}"
      3072,         0,         0,   0.097,exact_mw,cdc4a450a40af8e24899239080e4c40992fb5baf91c5a31ab3a165eacb3a1ab3,"{""distance"":5,""physical_error_rate"":0.0002}","{""detection_events"":650,""detectors_checked"":688128}"
      2048,         0,         0,   0.041,exact_mw,cdc4a450a40af8e24899239080e4c40992fb5baf91c5a31ab3a165eacb3a1ab3,"{""distance"":5,""physical_error_rate"":0.0002}","{""detection_events"":431,""detectors_checked"":458752}"
      5120,         0,         0,   0.090,exact_mw,cdc4a450a40af8e24899239080e4c40992fb5baf91c5a31ab3a165eacb3a1ab3,"{""distance"":5,""physical_error_rate"":0.0002}","{""detection_events"":999,""detectors_checked"":1146880}"
    115907,         0,         0,   0.852,exact_mw,cdc4a450a40af8e24899239080e4c40992fb5baf91c5a31ab3a165eacb3a1ab3,"{""distance"":5,""physical_error_rate"":0.0002}","{""detection_events"":23176,""detectors_checked"":25963168}"
      7414,         0,         0,   0.072,exact_mw,cdc4a450a40af8e24899239080e4c40992fb5baf91c5a31ab3a165eacb3a1ab3,"{""distance"":5,""physical_error_rate"":0.0002}","{""detection_events"":1356,""detectors_checked"":1660736}"
      3072,         0,         0,   0.054,exact_mw,cdc4a450a40af8e24899239080e4c40992fb5baf91c5a31ab3a165eacb3a1ab3,"{""distance"":5,""physical_error_rate"":0.0002}","{""detection_events"":620,""detectors_checked"":688128}"
       394,         0,         0,   0.001,exact_mw,cdc4a450a40af8e24899239080e4c40992fb5baf91c5a31ab3a165eacb3a1ab3,"{""distance"":5,""physical_error_rate"":0.0002}","{""detection_events"":73,""detectors_checked"":88256}"
       275,         0,         0,   0.001,exact_mw,cdc4a450a40af8e24899239080e4c40992fb5baf91c5a31ab3a165eacb3a1ab3,"{""distance"":5,""physical_error_rate"":0.0002}","{""detection_events"":84,""detectors_checked"":61600}"
       299,         0,         0,   0.001,exact_mw,cdc4a450a40af8e24899239080e4c40992fb5baf91c5a31ab3a165eacb3a1ab3,"{""distance"":5,""physical_error_rate"":0.0002}","{""detection_events"":58,""detectors_checked"":66976}"
      3072,         0,         0,   0.057,exact_mw,cb12ae119b9b2ba18d0216e7235b403229e92fd0743ede48fe7f1a2c6f45d594,"{""distance"":5,""physical_error_rate"":0.0005}","{""detection_events"":1478,""detectors_checked"":688128}"
      1024,         0,         0,   0.023,exact_mw,cb12ae119b9b2ba18d0216e7235b403229e92fd0743ede48fe7f1a2c6f45d594,"{""distance"":5,""physical_error_rate"":0.0005}","{""detection_events"":529,""detectors_checked"":229376}"
     14257,         0,         0,   0.165,exact_mw,cdc4a450a40af8e24899239080e4c40992fb5baf91c5a31ab3a165eacb3a1ab3,"{""distance"":5,""physical_error_rate"":0.0002}","{""detection_events"":2910,""detectors_checked"":3193568}"
       343,         0,         0,   0.001,exact_mw,cdc4a450a40af8e24899239080e4c40992fb5baf91c5a31ab3a165eacb3a1ab3,"{""distance"":5,""physical_error_rate"":0.0002}","{""detection_events"":57,""detectors_checked"":76832}"
        67,         0,         0,   0.000,exact_mw,cdc4a450a40af8e24899239080e4c40992fb5baf91c5a31ab3a165eacb3a1ab3,"{""distance"":5,""physical_error_rate"":0.0002}","{""detection_events"":8,""detectors_checked"":15008}"
       557,         0,         0,   0.002,exact_mw,cdc4a450a40af8e24899239080e4c40992fb5baf91c5a31ab3a165eacb3a1ab3,"{""distance"":5,""physical_error_rate"":0.0002}","{""detection_events"":95,""detectors_checked"":124768}"
      1024,         0,         0,   0.024,exact_mw,cb12ae119b9b2ba18d0216e7235b403229e92fd0743ede48fe7f1a2c6f45d594,"{""distance"":5,""physical_error_rate"":0.0005}","{""detection_events"":490,""detectors_checked"":229376}"
       836,         0,         0,   0.003,exact_mw,cdc4a450a40af8e24899239080e4c40992fb5baf91c5a31ab3a165eacb3a1ab3,"{""distance"":5,""physical_error_rate"":0.0002}","{""detection_events"":202,""detectors_checked"":187264}"
       272,         0,         0,   0.001,exact_mw,cdc4a450a40af8e24899239080e4c40992fb5baf91c5a31ab3a165eacb3a1ab3,"{""distance"":5,""physical_error_rate"":0.0002}","{""detection_events"":36,""detectors_checked"":60928}"
       297,         0,         0,   0.001,exact_mw,cdc4a450a40af8e24899239080e4c40992fb5baf91c5a31ab3a165eacb3a1ab3,"{""distance"":5,""physical_error_rate"":0.0002}","{""detection_events"":45,""detectors_checked"":66528}"
       395,         0,         0,   0.001,exact_mw,cdc4a450a40af8e24899239080e4c40992fb5baf91c5a31ab3a165eacb3a1ab3,"{""distance"":5,""physical_error_rate"":0.0002}","{""detection_events"":99,""detectors_checked"":88480}"
       302,         0,         0,   0.001,exact_mw,cdc4a450a40af8e24899239080e4c40992fb5baf91c5a31ab3a165eacb3a1ab3,"{""distance"":5,""physical_error_rate"":0.0002}","{""detection_events"":63,""detectors_checked"":67648}"
       340,         0,         0,   0.001,exact_mw,cdc4a450a40af8e24899239080e4c40992fb5baf91c5a31ab3a165eacb3a1ab3,"{""distance"":5,""physical_error_rate"":0.0002}","{""detection_events"":44,""detectors_checked"":76160}"
       571,         0,         0,   0.002,exact_mw,cdc4a450a40af8e24899239080e4c40992fb5baf91c5a31ab3a165eacb3a1ab3,"{""distance"":5,""physical_error_rate"":0.0002}","{""detection_events"":102,""detectors_checked"":127904}"
      3072,         0,         0,   0.039,exact_mw,cdc4a450a40af8e24899239080e4c40992fb5baf91c5a31ab3a165eacb3a1ab3,"{""distance"":5,""physical_error_rate"":0.0002}","{""detection_events"":577,""detectors_checked"":688128}"
       608,         0,         0,   0.002,exact_mw,cdc4a450a40af8e24899239080e4c40992fb5baf91c5a31ab3a165eacb3a1ab3,"{""distance"":5,""physical_error_rate"":0.0002}","{""detection_events"":124,""detectors_checked"":136192}"
       401,         0,         0,   0.001,exact_mw,cdc4a450a40af8e24899239080e4c40992fb5baf91c5a31ab3a165eacb3a1ab3,"{""distance"":5,""physical_error_rate"":0.0002}","{""detection_events"":81,""detectors_checked"":89824}"
      2048,         0,         0,   0.029,exact_mw,cdc4a450a40af8e24899239080e4c40992fb5baf91c5a31ab3a165eacb3a1ab3,"{""distance"":5,""physical_error_rate"":0.0002}","{""detection_events"":394,""detectors_checked"":458752}"
      2383,         0,         0,   0.007,exact_mw,cdc4a450a40af8e24899239080e4c40992fb5baf91c5a31ab3a165eacb3a1ab3,"{""distance"":5,""physical_error_rate"":0.0002}","{""detection_events"":418,""detectors_checked"":533792}"
     14257,         0,         0,   0.202,exact_mw,cdc4a450a40af8e24899239080e4c40992fb5baf91c5a31ab3a165eacb3a1ab3,"{""distance"":5,""physical_error_rate"":0.0002}","{""detection_events"":2811,""detectors_checked"":3193568}"
      2048,         0,         0,   0.047,exact_mw,cdc4a450a40af8e24899239080e4c40992fb5baf91c5a31ab3a165eacb3a1ab3,"{""distance"":5,""physical_error_rate"":0.0002}","{""detection_events"":407,""detectors_checked"":458752}"
      2048,         0,         0,   0.016,exact_mw,cb12ae119b9b2ba18d0216e7235b403229e92fd0743ede48fe7f1a2c6f45d594,"{""distance"":5,""physical_error_rate"":0.0005}","{""detection_events"":990,""detectors_checked"":458752}"
       811,         0,         0,   0.003,exact_mw,cdc4a450a40af8e24899239080e4c40992fb5baf91c5a31ab3a165eacb3a1ab3,"{""distance"":5,""physical_error_rate"":0.0002}","{""detection_events"":100,""detectors_checked"":181664}"
       462,         0,         0,   0.002,exact_mw,cdc4a450a40af8e24899239080e4c40992fb5baf91c5a31ab3a165eacb3a1ab3,"{""distance"":5,""physical_error_rate"":0.0002}","{""detection_events"":76,""detectors_checked"":103488}"
     10240,         0,         0,   0.056,exact_mw,cdc4a450a40af8e24899239080e4c40992fb5baf91c5a31ab3a165eacb3a1ab3,"{""distance"":5,""physical_error_rate"":0.0002}","{""detection_events"":1915,""detectors_checked"":2293760}"
      3072,         0,         0,   0.052,exact_mw,cdc4a450a40af8e24899239080e4c40992fb5baf91c5a31ab3a165eacb3a1ab3,"{""distance"":5,""physical_error_rate"":0.0002}","{""detection_events"":612,""detectors_checked"":688128}"
      2275,         0,         0,   0.007,exact_mw,cdc4a450a40af8e24899239080e4c40992fb5baf91c5a31ab3a165eacb3a1ab3,"{""distance"":5,""physical_error_rate"":0.0002}","{""detection_events"":447,""detectors_checked"":509600}"
      2847,         0,         0,   0.016,exact_mw,cdc4a450a40af8e24899239080e4c40992fb5baf91c5a31ab3a165eacb3a1ab3,"{""distance"":5,""physical_error_rate"":0.0002}","{""detection_events"":570,""detectors_checked"":637728}"
      4096,         0,         0,   0.075,exact_mw,cb12ae119b9b2ba18d0216e7235b403229e92fd0743ede48fe7f1a2c6f45d594,"{""distance"":5,""physical_error_rate"":0.0005}","{""detection_events"":2049,""detectors_checked"":917504}"
      3072,         0,         0,   0.066,exact_mw,cdc4a450a40af8e24899239080e4c40992fb5baf91c5a31ab3a165eacb3a1ab3,"{""distance"":5,""physical_error_rate"":0.0002}","{""detection_events"":611,""detectors_checked"":688128}"
      2229,         0,         0,   0.007,exact_mw,cdc4a450a40af8e24899239080e4c40992fb5baf91c5a31ab3a165eacb3a1ab3,"{""distance"":5,""physical_error_rate"":0.0002}","{""detection_events"":419,""detectors_checked"":499296}"
      2907,         0,         0,   0.013,exact_mw,cdc4a450a40af8e24899239080e4c40992fb5baf91c5a31ab3a165eacb3a1ab3,"{""distance"":5,""physical_error_rate"":0.0002}","{""detection_events"":565,""detectors_checked"":651168}"
      2421,         0,         0,   0.010,exact_mw,cdc4a450a40af8e24899239080e4c40992fb5baf91c5a31ab3a165eacb3a1ab3,"{""distance"":5,""physical_error_rate"":0.0002}","{""detection_events"":424,""detectors_checked"":542304}"
      2048,         0,         0,   0.076,exact_mw,cb12ae119b9b2ba18d0216e7235b403229e92fd0743ede48fe7f1a2c6f45d594,"{""distance"":5,""physical_error_rate"":0.0005}","{""detection_events"":1011,""detectors_checked"":458752}"
       468,         0,         0,   0.002,exact_mw,cdc4a450a40af8e24899239080e4c40992fb5baf91c5a31ab3a165eacb3a1ab3,"{""distance"":5,""physical_error_rate"":0.0002}","{""detection_events"":148,""detectors_checked"":104832}"
      2048,         0,         0,   0.021,exact_mw,cdc4a450a40af8e24899239080e4c40992fb5baf91c5a31ab3a165eacb3a1ab3,"{""distance"":5,""physical_error_rate"":0.0002}","{""detection_events"":371,""detectors_checked"":458752}"
       365,         0,         0,   0.001,exact_mw,cdc4a450a40af8e24899239080e4c40992fb5baf91c5a31ab3a165eacb3a1ab3,"{""distance"":5,""physical_error_rate"":0.0002}","{""detection_events"":60,""detectors_checked"":81760}"
      9216,         0,         0,   0.096,exact_mw,cdc4a450a40af8e24899239080e4c40992fb5baf91c5a31ab3a165eacb3a1ab3,"{""distance"":5,""physical_error_rate"":0.0002}","{""detection_events"":1825,""detectors_checked"":2064384}"
      2867,         0,         0,   0.024,exact_mw,cdc4a450a40af8e24899239080e4c40992fb5baf91c5a31ab3a165eacb3a1ab3,"{""distance"":5,""physical_error_rate"":0.0002}","{""detection_events"":542,""detectors_checked"":642208}"
      2048,         0,         0,   0.033,exact_mw,cb12ae119b9b2ba18d0216e7235b403229e92fd0743ede48fe7f1a2c6f45d594,"{""distance"":5,""physical_error_rate"":0.0005}","{""detection_events"":923,""detectors_checked"":458752}"
      2198,         0,         0,   0.011,exact_mw,cdc4a450a40af8e24899239080e4c40992fb5baf91c5a31ab3a165eacb3a1ab3,"{""distance"":5,""physical_error_rate"":0.0002}","{""detection_events"":439,""detectors_checked"":492352}"
      2518,         0,         0,   0.008,exact_mw,cdc4a450a40af8e24899239080e4c40992fb5baf91c5a31ab3a165eacb3a1ab3,"{""distance"":5,""physical_error_rate"":0.0002}","{""detection_events"":478,""detectors_checked"":564032}"
      2198,         0,         0,   0.007,exact_mw,cdc4a450a40af8e24899239080e4c40992fb5baf91c5a31ab3a165eacb3a1ab3,"{""distance"":5,""physical_error_rate"":0.0002}","{""detection_events"":449,""detectors_checked"":492352}"
       937,         0,         0,   0.003,exact_mw,cdc4a450a40af8e24899239080e4c40992fb5baf91c5a31ab3a165eacb3a1ab3,"{""distance"":5,""physical_error_rate"":0.0002}","{""detection_events"":148,""detectors_checked"":209888}"
      2949,         0,         0,   0.012,exact_mw,cdc4a450a40af8e24899239080e4c40992fb5baf91c5a31ab3a165eacb3a1ab3,"{""distance"":5,""physical_error_rate"":0.0002}","{""detection_events"":587,""detectors_checked"":660576}"
      2202,         0,         0,   0.039,exact_mw,cdc4a450a40af8e24899239080e4c40992fb5baf91c5a31ab3a165eacb3a1ab3,"{""distance"":5,""physical_error_rate"":0.0002}","{""detection_events"":458,""detectors_checked"":493248}"
     17408,         0,         0,   0.159,exact_mw,cdc4a450a40af8e24899239080e4c40992fb5baf91c5a31ab3a165eacb3a1ab3,"{""distance"":5,""physical_error_rate"":0.0002}","{""detection_events"":3436,""detectors_checked"":3899392}"
      2048,         0,         0,   0.023,exact_mw,cb12ae119b9b2ba18d0216e7235b403229e92fd0743ede48fe7f1a2c6f45d594,"{""distance"":5,""physical_error_rate"":0.0005}","{""detection_events"":939,""detectors_checked"":458752}"
      2601,         0,         0,   0.009,exact_mw,cdc4a450a40af8e24899239080e4c40992fb5baf91c5a31ab3a165eacb3a1ab3,"{""distance"":5,""physical_error_rate"":0.0002}","{""detection_events"":515,""detectors_checked"":582624}"
      2048,         0,         0,   0.042,exact_mw,cdc4a450a40af8e24899239080e4c40992fb5baf91c5a31ab3a165eacb3a1ab3,"{""distance"":5,""physical_error_rate"":0.0002}","{""detection_events"":388,""detectors_checked"":458752}"
    115686,         0,         0,   0.905,exact_mw,cdc4a450a40af8e24899239080e4c40992fb5baf91c5a31ab3a165eacb3a1ab3,"{""distance"":5,""physical_error_rate"":0.0002}","{""detection_events"":22992,""detectors_checked"":25913664}"
       482,         0,         0,   0.002,exact_mw,cdc4a450a40af8e24899239080e4c40992fb5baf91c5a31ab3a165eacb3a1ab3,"{""distance"":5,""physical_error_rate"":0.0002}","{""detection_events"":75,""detectors_checked"":107968}"
    112390,         0,         0,   0.869,exact_mw,cdc4a450a40af8e24899239080e4c40992fb5baf91c5a31ab3a165eacb3a1ab3,"{""distance"":5,""physical_error_rate"":0.0002}","{""detection_events"":21945,""detectors_checked"":25175360}"
      3072,         0,         0,   0.076,exact_mw,cb12ae119b9b2ba18d0216e7235b403229e92fd0743ede48fe7f1a2c6f45d594,"{""distance"":5,""physical_error_rate"":0.0005}","{""detection_events"":1502,""detectors_checked"":688128}"
       597,         0,         0,   0.002,exact_mw,cdc4a450a40af8e24899239080e4c40992fb5baf91c5a31ab3a165eacb3a1ab3,"{""distance"":5,""physical_error_rate"":0.0002}","{""detection_events"":127,""detectors_checked"":133728}"
       909,         0,         0,   0.003,exact_mw,cdc4a450a40af8e24899239080e4c40992fb5baf91c5a31ab3a165eacb3a1ab3,"{""distance"":5,""physical_error_rate"":0.0002}","{""detection_events"":153,""detectors_checked"":203616}"
      1061,         0,         0,   0.003,exact_mw,cdc4a450a40af8e24899239080e4c40992fb5baf91c5a31ab3a165eacb3a1ab3,"{""distance"":5,""physical_error_rate"":0.0002}","{""detection_events"":225,""detectors_checked"":237664}"
      2232,         0,         0,   0.010,exact_mw,cdc4a450a40af8e24899239080e4c40992fb5baf91c5a31ab3a165eacb3a1ab3,"{""distance"":5,""physical_error_rate"":0.0002}","{""detection_events"":468,""detectors_checked"":499968}"
       464,         0,         0,   0.002,exact_mw,cdc4a450a40af8e24899239080e4c40992fb5baf91c5a31ab3a165eacb3a1ab3,"{""distance"":5,""physical_error_rate"":0.0002}","{""detection_events"":76,""detectors_checked"":103936}"
       843,         0,         0,   0.003,exact_mw,cdc4a450a40af8e24899239080e4c40992fb5baf91c5a31ab3a165eacb3a1ab3,"{""distance"":5,""physical_error_rate"":0.0002}","{""detection_events"":141,""detectors_checked"":188832}"
       707,         0,         0,   0.002,exact_mw,cdc4a450a40af8e24899239080e4c40992fb5baf91c5a31ab3a165eacb3a1ab3,"{""distance"":5,""physical_error_rate"":0.0002}","{""detection_events"":135,""detectors_checked"":158368}"
      2790,         0,         0,   0.008,exact_mw,cdc4a450a40af8e24899239080e4c40992fb5baf91c5a31ab3a165eacb3a1ab3,"{""distance"":5,""physical_error_rate"":0.0002}","{""detection_events"":609,""detectors_checked"":624960}"
       273,         0,         0,   0.026,exact_mw,cb12ae119b9b2ba18d0216e7235b403229e92fd0743ede48fe7f1a2c6f45d594,"{""distance"":5,""physical_error_rate"":0.0005}","{""detection_events"":154,""detectors_checked"":61152}"
     10684,         0,         0,   0.179,exact_mw,cdc4a450a40af8e24899239080e4c40992fb5baf91c5a31ab3a165eacb3a1ab3,"{""distance"":5,""physical_error_rate"":0.0002}","{""detection_events"":2052,""detectors_checked"":2393216}"
       670,         0,         0,   0.002,exact_mw,cdc4a450a40af8e24899239080e4c40992fb5baf91c5a31ab3a165eacb3a1ab3,"{""distance"":5,""physical_error_rate"":0.0002}","{""detection_events"":187,""detectors_checked"":150080}"
       858,         0,         0,   0.003,exact_mw,cdc4a450a40af8e24899239080e4c40992fb5baf91c5a31ab3a165eacb3a1ab3,"{""distance"":5,""physical_error_rate"":0.0002}","{""detection_events"":162,""detectors_checked"":192192}"
      1160,         0,         0,   0.004,exact_mw,cdc4a450a40af8e24899239080e4c40992fb5baf91c5a31ab3a165eacb3a1ab3,"{""distance"":5,""physical_error_rate"":0.0002}","{""detection_events"":218,""detectors_checked"":259840}"
      3235,         0,         0,   0.012,exact_mw,cdc4a450a40af8e24899239080e4c40992fb5baf91c5a31ab3a165eacb3a1ab3,"{""distance"":5,""physical_error_rate"":0.0002}","{""detection_events"":659,""detectors_checked"":724640}"
      2611,         0,         0,   0.015,exact_mw,cdc4a450a40af8e24899239080e4c40992fb5baf91c5a31ab3a165eacb3a1ab3,"{""distance"":5,""physical_error_rate"":0.0002}","{""detection_events"":442,""detectors_checked"":584864}"
      3072,         0,         0,   0.060,exact_mw,cdc4a450a40af8e24899239080e4c40992fb5baf91c5a31ab3a165eacb3a1ab3,"{""distance"":5,""physical_error_rate"":0.0002}","{""detection_events"":619,""detectors_checked"":688128}"
      3072,         0,         0,   0.045,exact_mw,cdc4a450a40af8e24899239080e4c40992fb5baf91c5a31ab3a165eacb3a1ab3,"{""distance"":5,""physical_error_rate"":0.0002}","{""detection_events"":653,""detectors_checked"":688128}"
      3072,         0,         0,   0.054,exact_mw,cdc4a450a40af8e24899239080e4c40992fb5baf91c5a31ab3a165eacb3a1ab3,"{""distance"":5,""physical_error_rate"":0.0002}","{""detection_events"":628,""detectors_checked"":688128}"
      3072,         0,         0,   0.058,exact_mw,cdc4a450a40af8e24899239080e4c40992fb5baf91c5a31ab3a165eacb3a1ab3,"{""distance"":5,""physical_error_rate"":0.0002}","{""detection_events"":613,""detectors_checked"":688128}"
      3072,         0,         0,   0.036,exact_mw,cb12ae119b9b2ba18d0216e7235b403229e92fd0743ede48fe7f1a2c6f45d594,"{""distance"":5,""physical_error_rate"":0.0005}","{""detection_events"":1625,""detectors_checked"":688128}"
      5120,         0,         0,   0.105,exact_mw,cdc4a450a40af8e24899239080e4c40992fb5baf91c5a31ab3a165eacb3a1ab3,"{""distance"":5,""physical_error_rate"":0.0002}","{""detection_events"":962,""detectors_checked"":1146880}"
      2484,         0,         0,   0.014,exact_mw,cdc4a450a40af8e24899239080e4c40992fb5baf91c5a31ab3a165eacb3a1ab3,"{""distance"":5,""physical_error_rate"":0.0002}","{""detection_events"":451,""detectors_checked"":556416}"
      3005,         0,         0,   0.009,exact_mw,cdc4a450a40af8e24899239080e4c40992fb5baf91c5a31ab3a165eacb3a1ab3,"{""distance"":5,""physical_error_rate"":0.0002}","{""detection_events"":596,""detectors_checked"":673120}"
       729,         0,         0,   0.002,exact_mw,cdc4a450a40af8e24899239080e4c40992fb5baf91c5a31ab3a165eacb3a1ab3,"{""distance"":5,""physical_error_rate"":0.0002}","{""detection_events"":133,""detectors_checked"":163296}"
     14257,         0,         0,   0.191,exact_mw,cdc4a450a40af8e24899239080e4c40992fb5baf91c5a31ab3a165eacb3a1ab3,"{""distance"":5,""physical_error_rate"":0.0002}","{""detection_events"":2694,""detectors_checked"":3193568}"
      1130,         0,         0,   0.004,exact_mw,cdc4a450a40af8e24899239080e4c40992fb5baf91c5a31ab3a165eacb3a1ab3,"{""distance"":5,""physical_error_rate"":0.0002}","{""detection_events"":233,""detectors_checked"":253120}"
      1611,         0,         0,   0.005,exact_mw,cdc4a450a40af8e24899239080e4c40992fb5baf91c5a31ab3a165eacb3a1ab3,"{""distance"":5,""physical_error_rate"":0.0002}","{""detection_events"":364,""detectors_checked"":360864}"
      2048,         0,         0,   0.060,exact_mw,cb12ae119b9b2ba18d0216e7235b403229e92fd0743ede48fe7f1a2c6f45d594,"{""distance"":5,""physical_error_rate"":0.0005}","{""detection_events"":946,""detectors_checked"":458752}"
      1095,         0,         0,   0.004,exact_mw,cdc4a450a40af8e24899239080e4c40992fb5baf91c5a31ab3a165eacb3a1ab3,"{""distance"":5,""physical_error_rate"":0.0002}","{""detection_events"":225,""detectors_checked"":245280}"
      1130,         0,         0,   0.004,exact_mw,cdc4a450a40af8e24899239080e4c40992fb5baf91c5a31ab3a165eacb3a1ab3,"{""distance"":5,""physical_error_rate"":0.0002}","{""detection_events"":177,""detectors_checked"":253120}"
      1149,         0,         0,   0.008,exact_mw,cdc4a450a40af8e24899239080e4c40992fb5baf91c5a31ab3a165eacb3a1ab3,"{""distance"":5,""physical_error_rate"":0.0002}","{""detection_events"":235,""detectors_checked"":257376}"
      1024,         0,         0,   0.028,exact_mw,cb12ae119b9b2ba18d0216e7235b403229e92fd0743ede48fe7f1a2c6f45d594,"{""distance"":5,""physical_error_rate"":0.0005}","{""detection_events"":487,""detectors_checked"":229376}"
      2657,         0,         0,   0.031,exact_mw,cdc4a450a40af8e24899239080e4c40992fb5baf91c5a31ab3a165eacb3a1ab3,"{""distance"":5,""physical_error_rate"":0.0002}","{""detection_events"":514,""detectors_checked"":595168}"
      1759,         0,         0,   0.005,exact_mw,cdc4a450a40af8e24899239080e4c40992fb5baf91c5a31ab3a165eacb3a1ab3,"{""distance"":5,""physical_error_rate"":0.0002}","{""detection_events"":341,""detectors_checked"":394016}"
      1297,         0,         0,   0.025,exact_mw,cdc4a450a40af8e24899239080e4c40992fb5baf91c5a31ab3a165eacb3a1ab3,"{""distance"":5,""physical_error_rate"":0.0002}","{""detection_events"":260,""detectors_checked"":290528}"
      2048,         0,         0,   0.086,exact_mw,cb12ae119b9b2ba18d0216e7235b403229e92fd0743ede48fe7f1a2c6f45d594,"{""distance"":5,""physical_error_rate"":0.0005}","{""detection_events"":1041,""detectors_checked"":458752}"
      1024,         0,         0,   0.023,exact_mw,cdc4a450a40af8e24899239080e4c40992fb5baf91c5a31ab3a165eacb3a1ab3,"{""distance"":5,""physical_error_rate"":0.0002}","{""detection_events"":201,""detectors_checked"":229376}"
      2048,         0,         0,   0.059,exact_mw,cb12ae119b9b2ba18d0216e7235b403229e92fd0743ede48fe7f1a2c6f45d594,"{""distance"":5,""physical_error_rate"":0.0005}","{""detection_events"":988,""detectors_checked"":458752}"
     16384,         0,         0,   0.410,exact_mw,cb12ae119b9b2ba18d0216e7235b403229e92fd0743ede48fe7f1a2c6f45d594,"{""distance"":5,""physical_error_rate"":0.0005}","{""detection_events"":7943,""detectors_checked"":3670016}"
      1024,         0,         0,   0.040,exact_mw,cb12ae119b9b2ba18d0216e7235b403229e92fd0743ede48fe7f1a2c6f45d594,"{""distance"":5,""physical_error_rate"":0.0005}","{""detection_events"":640,""detectors_checked"":229376}"
      6144,         0,         0,   0.089,exact_mw,cdc4a450a40af8e24899239080e4c40992fb5baf91c5a31ab3a165eacb3a1ab3,"{""distance"":5,""physical_error_rate"":0.0002}","{""detection_events"":1205,""detectors_checked"":1376256}"
      8192,         0,         0,   0.172,exact_mw,cdc4a450a40af8e24899239080e4c40992fb5baf91c5a31ab3a165eacb3a1ab3,"{""distance"":5,""physical_error_rate"":0.0002}","{""detection_events"":1617,""detectors_checked"":1835008}"
     11264,         0,         0,   0.227,exact_mw,cdc4a450a40af8e24899239080e4c40992fb5baf91c5a31ab3a165eacb3a1ab3,"{""distance"":5,""physical_error_rate"":0.0002}","{""detection_events"":2175,""detectors_checked"":2523136}"
      4096,         0,         0,   0.068,exact_mw,cdc4a450a40af8e24899239080e4c40992fb5baf91c5a31ab3a165eacb3a1ab3,"{""distance"":5,""physical_error_rate"":0.0002}","{""detection_events"":800,""detectors_checked"":917504}"
      6144,         0,         0,   0.125,exact_mw,cb12ae119b9b2ba18d0216e7235b403229e92fd0743ede48fe7f1a2c6f45d594,"{""distance"":5,""physical_error_rate"":0.0005}","{""detection_events"":2910,""detectors_checked"":1376256}"
      2048,         0,         0,   0.060,exact_mw,cb12ae119b9b2ba18d0216e7235b403229e92fd0743ede48fe7f1a2c6f45d594,"{""distance"":5,""physical_error_rate"":0.0005}","{""detection_events"":1052,""detectors_checked"":458752}"
      6079,         0,         0,   0.049,exact_mw,cdc4a450a40af8e24899239080e4c40992fb5baf91c5a31ab3a165eacb3a1ab3,"{""distance"":5,""physical_error_rate"":0.0002}","{""detection_events"":1154,""detectors_checked"":1361696}"
      2048,         0,         0,   0.027,exact_mw,cdc4a450a40af8e24899239080e4c40992fb5baf91c5a31ab3a165eacb3a1ab3,"{""distance"":5,""physical_error_rate"":0.0002}","{""detection_events"":392,""detectors_checked"":458752}"
      5120,         0,         0,   0.091,exact_mw,cdc4a450a40af8e24899239080e4c40992fb5baf91c5a31ab3a165eacb3a1ab3,"{""distance"":5,""physical_error_rate"":0.0002}","{""detection_events"":1006,""detectors_checked"":1146880}"
      3072,         0,         0,   0.109,exact_mw,cb12ae119b9b2ba18d0216e7235b403229e92fd0743ede48fe7f1a2c6f45d594,"{""distance"":5,""physical_error_rate"":0.0005}","{""detection_events"":1609,""detectors_checked"":688128}"
      5120,         0,         0,   0.056,exact_mw,cdc4a450a40af8e24899239080e4c40992fb5baf91c5a31ab3a165eacb3a1ab3,"{""distance"":5,""physical_error_rate"":0.0002}","{""detection_events"":1007,""detectors_checked"":1146880}"
      2048,         0,         0,   0.034,exact_mw,cb12ae119b9b2ba18d0216e7235b403229e92fd0743ede48fe7f1a2c6f45d594,"{""distance"":5,""physical_error_rate"":0.0005}","{""detection_events"":990,""detectors_checked"":458752}"
      5120,         0,         0,   0.101,exact_mw,cdc4a450a40af8e24899239080e4c40992fb5baf91c5a31ab3a165eacb3a1ab3,"{""distance"":5,""physical_error_rate"":0.0002}","{""detection_events"":1043,""detectors_checked"":1146880}"
     15360,         0,         0,   0.228,exact_mw,cdc4a450a40af8e24899239080e4c40992fb5baf91c5a31ab3a165eacb3a1ab3,"{""distance"":5,""physical_error_rate"":0.0002}","{""detection_events"":2910,""detectors_checked"":3440640}"
       273,         0,         0,   0.025,exact_mw,cdc4a450a40af8e24899239080e4c40992fb5baf91c5a31ab3a165eacb3a1ab3,"{""distance"":5,""physical_error_rate"":0.0002}","{""detection_events"":42,""detectors_checked"":61152}"
      5830,         0,         0,   0.058,exact_mw,cdc4a450a40af8e24899239080e4c40992fb5baf91c5a31ab3a165eacb3a1ab3,"{""distance"":5,""physical_error_rate"":0.0002}","{""detection_events"":1111,""detectors_checked"":1305920}"
      5120,         0,         0,   0.123,exact_mw,cdc4a450a40af8e24899239080e4c40992fb5baf91c5a31ab3a165eacb3a1ab3,"{""distance"":5,""physical_error_rate"":0.0002}","{""detection_events"":992,""detectors_checked"":1146880}"
      1024,         0,         0,   0.027,exact_mw,cdc4a450a40af8e24899239080e4c40992fb5baf91c5a31ab3a165eacb3a1ab3,"{""distance"":5,""physical_error_rate"":0.0002}","{""detection_events"":205,""detectors_checked"":229376}"
      3072,         0,         0,   0.050,exact_mw,cdc4a450a40af8e24899239080e4c40992fb5baf91c5a31ab3a165eacb3a1ab3,"{""distance"":5,""physical_error_rate"":0.0002}","{""detection_events"":536,""detectors_checked"":688128}"
      1297,         0,         0,   0.026,exact_mw,cb12ae119b9b2ba18d0216e7235b403229e92fd0743ede48fe7f1a2c6f45d594,"{""distance"":5,""physical_error_rate"":0.0005}","{""detection_events"":652,""detectors_checked"":290528}"
      5120,         0,         0,   0.076,exact_mw,cdc4a450a40af8e24899239080e4c40992fb5baf91c5a31ab3a165eacb3a1ab3,"{""distance"":5,""physical_error_rate"":0.0002}","{""detection_events"":1030,""detectors_checked"":1146880}"
     20155,         0,         0,   0.315,exact_mw,cdc4a450a40af8e24899239080e4c40992fb5baf91c5a31ab3a165eacb3a1ab3,"{""distance"":5,""physical_error_rate"":0.0002}","{""detection_events"":4045,""detectors_checked"":4514720}"
      3072,         0,         0,   0.087,exact_mw,cb12ae119b9b2ba18d0216e7235b403229e92fd0743ede48fe7f1a2c6f45d594,"{""distance"":5,""physical_error_rate"":0.0005}","{""detection_events"":1534,""detectors_checked"":688128}"
      8186,         0,         0,   0.121,exact_mw,cdc4a450a40af8e24899239080e4c40992fb5baf91c5a31ab3a165eacb3a1ab3,"{""distance"":5,""physical_error_rate"":0.0002}","{""detection_events"":1529,""detectors_checked"":1833664}"
      9564,         0,         0,   0.114,exact_mw,cdc4a450a40af8e24899239080e4c40992fb5baf91c5a31ab3a165eacb3a1ab3,"{""distance"":5,""physical_error_rate"":0.0002}","{""detection_events"":1877,""detectors_checked"":2142336}"
      2048,         0,         0,   0.058,exact_mw,cb12ae119b9b2ba18d0216e7235b403229e92fd0743ede48fe7f1a2c6f45d594,"{""distance"":5,""physical_error_rate"":0.0005}","{""detection_events"":1045,""detectors_checked"":458752}"
      9859,         0,         0,   0.137,exact_mw,cdc4a450a40af8e24899239080e4c40992fb5baf91c5a31ab3a165eacb3a1ab3,"{""distance"":5,""physical_error_rate"":0.0002}","{""detection_events"":1995,""detectors_checked"":2208416}"
      1024,         0,         0,   0.024,exact_mw,cb12ae119b9b2ba18d0216e7235b403229e92fd0743ede48fe7f1a2c6f45d594,"{""distance"":5,""physical_error_rate"":0.0005}","{""detection_events"":485,""detectors_checked"":229376}"
      7952,         0,         0,   0.135,exact_mw,cdc4a450a40af8e24899239080e4c40992fb5baf91c5a31ab3a165eacb3a1ab3,"{""distance"":5,""physical_error_rate"":0.0002}","{""detection_events"":1563,""detectors_checked"":1781248}"
      2048,         0,         0,   0.031,exact_mw,cdc4a450a40af8e24899239080e4c40992fb5baf91c5a31ab3a165eacb3a1ab3,"{""distance"":5,""physical_error_rate"":0.0002}","{""detection_events"":441,""detectors_checked"":458752}"
      8603,         0,         0,   0.137,exact_mw,cdc4a450a40af8e24899239080e4c40992fb5baf91c5a31ab3a165eacb3a1ab3,"{""distance"":5,""physical_error_rate"":0.0002}","{""detection_events"":1715,""detectors_checked"":1927072}"
      1297,         0,         0,   0.026,exact_mw,cb12ae119b9b2ba18d0216e7235b403229e92fd0743ede48fe7f1a2c6f45d594,"{""distance"":5,""physical_error_rate"":0.0005}","{""detection_events"":644,""detectors_checked"":290528}"
     20246,         0,         0,   0.318,exact_mw,cdc4a450a40af8e24899239080e4c40992fb5baf91c5a31ab3a165eacb3a1ab3,"{""distance"":5,""physical_error_rate"":0.0002}","{""detection_events"":3943,""detectors_checked"":4535104}"
      4096,         0,         0,   0.092,exact_mw,cb12ae119b9b2ba18d0216e7235b403229e92fd0743ede48fe7f1a2c6f45d594,"{""distance"":5,""physical_error_rate"":0.0005}","{""detection_events"":2031,""detectors_checked"":917504}"
      3072,         0,         0,   0.050,exact_mw,cdc4a450a40af8e24899239080e4c40992fb5baf91c5a31ab3a165eacb3a1ab3,"{""distance"":5,""physical_error_rate"":0.0002}","{""detection_events"":655,""detectors_checked"":688128}"
      8601,         0,         0,   0.151,exact_mw,cdc4a450a40af8e24899239080e4c40992fb5baf91c5a31ab3a165eacb3a1ab3,"{""distance"":5,""physical_error_rate"":0.0002}","{""detection_events"":1724,""detectors_checked"":1926624}"
      4096,         0,         0,   0.129,exact_mw,cb12ae119b9b2ba18d0216e7235b403229e92fd0743ede48fe7f1a2c6f45d594,"{""distance"":5,""physical_error_rate"":0.0005}","{""detection_events"":2029,""detectors_checked"":917504}"
      7840,         0,         0,   0.160,exact_mw,cdc4a450a40af8e24899239080e4c40992fb5baf91c5a31ab3a165eacb3a1ab3,"{""distance"":5,""physical_error_rate"":0.0002}","{""detection_events"":1491,""detectors_checked"":1756160}"
     11264,         0,         0,   0.124,exact_mw,cdc4a450a40af8e24899239080e4c40992fb5baf91c5a31ab3a165eacb3a1ab3,"{""distance"":5,""physical_error_rate"":0.0002}","{""detection_events"":2220,""detectors_checked"":2523136}"
      1024,         0,         0,   0.027,exact_mw,cdc4a450a40af8e24899239080e4c40992fb5baf91c5a31ab3a165eacb3a1ab3,"{""distance"":5,""physical_error_rate"":0.0002}","{""detection_events"":221,""detectors_checked"":229376}"
      9563,         0,         0,   0.155,exact_mw,cdc4a450a40af8e24899239080e4c40992fb5baf91c5a31ab3a165eacb3a1ab3,"{""distance"":5,""physical_error_rate"":0.0002}","{""detection_events"":1801,""detectors_checked"":2142112}"
      1024,         0,         0,   0.031,exact_mw,cb12ae119b9b2ba18d0216e7235b403229e92fd0743ede48fe7f1a2c6f45d594,"{""distance"":5,""physical_error_rate"":0.0005}","{""detection_events"":483,""detectors_checked"":229376}"
     10046,         0,         0,   0.166,exact_mw,cdc4a450a40af8e24899239080e4c40992fb5baf91c5a31ab3a165eacb3a1ab3,"{""distance"":5,""physical_error_rate"":0.0002}","{""detection_events"":1918,""detectors_checked"":2250304}"
      1024,         0,         0,   0.030,exact_mw,cb12ae119b9b2ba18d0216e7235b403229e92fd0743ede48fe7f1a2c6f45d594,"{""distance"":5,""physical_error_rate"":0.0005}","{""detection_events"":448,""detectors_checked"":229376}"
     17408,         0,         0,   0.228,exact_mw,cdc4a450a40af8e24899239080e4c40992fb5baf91c5a31ab3a165eacb3a1ab3,"{""distance"":5,""physical_error_rate"":0.0002}","{""detection_events"":3669,""detectors_checked"":3899392}"
      7168,         0,         0,   0.109,exact_mw,cdc4a450a40af8e24899239080e4c40992fb5baf91c5a31ab3a165eacb3a1ab3,"{""distance"":5,""physical_error_rate"":0.0002}","{""detection_events"":1455,""detectors_checked"":1605632}"
      6144,         0,         0,   0.119,exact_mw,cdc4a450a40af8e24899239080e4c40992fb5baf91c5a31ab3a165eacb3a1ab3,"{""distance"":5,""physical_error_rate"":0.0002}","{""detection_events"":1138,""detectors_checked"":1376256}"
      4096,         0,         0,   0.121,exact_mw,cb12ae119b9b2ba18d0216e7235b403229e92fd0743ede48fe7f1a2c6f45d594,"{""distance"":5,""physical_error_rate"":0.0005}","{""detection_events"":2030,""detectors_checked"":917504}"
      2048,         0,         0,   0.058,exact_mw,cb12ae119b9b2ba18d0216e7235b403229e92fd0743ede48fe7f1a2c6f45d594,"{""distance"":5,""physical_error_rate"":0.0005}","{""detection_events"":974,""detectors_checked"":458752}"
      7168,         0,         0,   0.149,exact_mw,cb12ae119b9b2ba18d0216e7235b403229e92fd0743ede48fe7f1a2c6f45d594,"{""distance"":5,""physical_error_rate"":0.0005}","{""detection_events"":3535,""detectors_checked"":1605632}"
      1297,         0,         0,   0.026,exact_mw,cb12ae119b9b2ba18d0216e7235b403229e92fd0743ede48fe7f1a2c6f45d594,"{""distance"":5,""physical_error_rate"":0.0005}","{""detection_events"":593,""detectors_checked"":290528}"
      1024,         0,         0,   0.028,exact_mw,cb12ae119b9b2ba18d0216e7235b403229e92fd0743ede48fe7f1a2c6f45d594,"{""distance"":5,""physical_error_rate"":0.0005}","{""detection_events"":473,""detectors_checked"":229376}"
      5015,         0,         0,   0.062,exact_mw,cdc4a450a40af8e24899239080e4c40992fb5baf91c5a31ab3a165eacb3a1ab3,"{""distance"":5,""physical_error_rate"":0.0002}","{""detection_events"":1076,""detectors_checked"":1123360}"
      4861,         0,         0,   0.065,exact_mw,cdc4a450a40af8e24899239080e4c40992fb5baf91c5a31ab3a165eacb3a1ab3,"{""distance"":5,""physical_error_rate"":0.0002}","{""detection_events"":1080,""detectors_checked"":1088864}"
      4584,         0,         0,   0.070,exact_mw,cdc4a450a40af8e24899239080e4c40992fb5baf91c5a31ab3a165eacb3a1ab3,"{""distance"":5,""physical_error_rate"":0.0002}","{""detection_events"":918,""detectors_checked"":1026816}"
      5120,         0,         0,   0.097,exact_mw,cdc4a450a40af8e24899239080e4c40992fb5baf91c5a31ab3a165eacb3a1ab3,"{""distance"":5,""physical_error_rate"":0.0002}","{""detection_events"":973,""detectors_checked"":1146880}"
     13312,         0,         0,   0.422,exact_mw,cb12ae119b9b2ba18d0216e7235b403229e92fd0743ede48fe7f1a2c6f45d594,"{""distance"":5,""physical_error_rate"":0.0005}","{""detection_events"":6442,""detectors_checked"":2981888}"
      2048,         0,         0,   0.055,exact_mw,cdc4a450a40af8e24899239080e4c40992fb5baf91c5a31ab3a165eacb3a1ab3,"{""distance"":5,""physical_error_rate"":0.0002}","{""detection_events"":314,""detectors_checked"":458752}"
      8917,         0,         0,   0.196,exact_mw,cdc4a450a40af8e24899239080e4c40992fb5baf91c5a31ab3a165eacb3a1ab3,"{""distance"":5,""physical_error_rate"":0.0002}","{""detection_events"":1585,""detectors_checked"":1997408}"
      7660,         0,         0,   0.147,exact_mw,cdc4a450a40af8e24899239080e4c40992fb5baf91c5a31ab3a165eacb3a1ab3,"{""distance"":5,""physical_error_rate"":0.0002}","{""detection_events"":1595,""detectors_checked"":1715840}"
     37888,         0,         0,   0.547,exact_mw,cdc4a450a40af8e24899239080e4c40992fb5baf91c5a31ab3a165eacb3a1ab3,"{""distance"":5,""physical_error_rate"":0.0002}","{""detection_events"":7466,""detectors_checked"":8486912}"
      5253,         0,         0,   0.075,exact_mw,cdc4a450a40af8e24899239080e4c40992fb5baf91c5a31ab3a165eacb3a1ab3,"{""distance"":5,""physical_error_rate"":0.0002}","{""detection_events"":1042,""detectors_checked"":1176672}"
      1024,         0,         0,   0.021,exact_mw,cb12ae119b9b2ba18d0216e7235b403229e92fd0743ede48fe7f1a2c6f45d594,"{""distance"":5,""physical_error_rate"":0.0005}","{""detection_events"":457,""detectors_checked"":229376}"
         1,         0,         0,   0.000,exact_mw,cb12ae119b9b2ba18d0216e7235b403229e92fd0743ede48fe7f1a2c6f45d594,"{""distance"":5,""physical_error_rate"":0.0005}","{""detection_events"":4,""detectors_checked"":224}"
      4096,         0,         0,   0.054,exact_mw,cdc4a450a40af8e24899239080e4c40992fb5baf91c5a31ab3a165eacb3a1ab3,"{""distance"":5,""physical_error_rate"":0.0002}","{""detection_events"":741,""detectors_checked"":917504}"
      3564,         0,         0,   0.060,exact_mw,cdc4a450a40af8e24899239080e4c40992fb5baf91c5a31ab3a165eacb3a1ab3,"{""distance"":5,""physical_error_rate"":0.0002}","{""detection_events"":658,""detectors_checked"":798336}"
      5120,         0,         0,   0.091,exact_mw,cb12ae119b9b2ba18d0216e7235b403229e92fd0743ede48fe7f1a2c6f45d594,"{""distance"":5,""physical_error_rate"":0.0005}","{""detection_events"":2632,""detectors_checked"":1146880}"
      2048,         0,         0,   0.008,exact_mw,cb12ae119b9b2ba18d0216e7235b403229e92fd0743ede48fe7f1a2c6f45d594,"{""distance"":5,""physical_error_rate"":0.0005}","{""detection_events"":974,""detectors_checked"":458752}"
      1024,         0,         0,   0.003,exact_mw,cb12ae119b9b2ba18d0216e7235b403229e92fd0743ede48fe7f1a2c6f45d594,"{""distance"":5,""physical_error_rate"":0.0005}","{""detection_events"":427,""detectors_checked"":229376}"
      4373,         0,         0,   0.063,exact_mw,cdc4a450a40af8e24899239080e4c40992fb5baf91c5a31ab3a165eacb3a1ab3,"{""distance"":5,""physical_error_rate"":0.0002}","{""detection_events"":924,""detectors_checked"":979552}"
      4495,         0,         0,   0.049,exact_mw,cdc4a450a40af8e24899239080e4c40992fb5baf91c5a31ab3a165eacb3a1ab3,"{""distance"":5,""physical_error_rate"":0.0002}","{""detection_events"":895,""detectors_checked"":1006880}"
      5055,         0,         0,   0.087,exact_mw,cdc4a450a40af8e24899239080e4c40992fb5baf91c5a31ab3a165eacb3a1ab3,"{""distance"":5,""physical_error_rate"":0.0002}","{""detection_events"":975,""detectors_checked"":1132320}"
      4096,         0,         0,   0.106,exact_mw,cb12ae119b9b2ba18d0216e7235b403229e92fd0743ede48fe7f1a2c6f45d594,"{""distance"":5,""physical_error_rate"":0.0005}","{""detection_events"":1961,""detectors_checked"":917504}"
      7168,         0,         0,   0.137,exact_mw,cdc4a450a40af8e24899239080e4c40992fb5baf91c5a31ab3a165eacb3a1ab3,"{""distance"":5,""physical_error_rate"":0.0002}","{""detection_events"":1481,""detectors_checked"":1605632}"
      3072,         0,         0,   0.038,exact_mw,cb12ae119b9b2ba18d0216e7235b403229e92fd0743ede48fe7f1a2c6f45d594,"{""distance"":5,""physical_error_rate"":0.0005}","{""detection_events"":1524,""detectors_checked"":688128}"
      6360,         0,         0,   0.118,exact_mw,cdc4a450a40af8e24899239080e4c40992fb5baf91c5a31ab3a165eacb3a1ab3,"{""distance"":5,""physical_error_rate"":0.0002}","{""detection_events"":1217,""detectors_checked"":1424640}"
      9216,         0,         0,   0.222,exact_mw,cdc4a450a40af8e24899239080e4c40992fb5baf91c5a31ab3a165eacb3a1ab3,"{""distance"":5,""physical_error_rate"":0.0002}","{""detection_events"":1909,""detectors_checked"":2064384}"
      2048,         0,         0,   0.037,exact_mw,cb12ae119b9b2ba18d0216e7235b403229e92fd0743ede48fe7f1a2c6f45d594,"{""distance"":5,""physical_error_rate"":0.0005}","{""detection_events"":943,""detectors_checked"":458752}"
      3072,         0,         0,   0.076,exact_mw,cb12ae119b9b2ba18d0216e7235b403229e92fd0743ede48fe7f1a2c6f45d594,"{""distance"":5,""physical_error_rate"":0.0005}","{""detection_events"":1512,""detectors_checked"":688128}"
      4573,         0,         0,   0.071,exact_mw,cdc4a450a40af8e24899239080e4c40992fb5baf91c5a31ab3a165eacb3a1ab3,"{""distance"":5,""physical_error_rate"":0.0002}","{""detection_events"":867,""detectors_checked"":1024352}"
      2320,         0,         0,   0.041,exact_mw,cb12ae119b9b2ba18d0216e7235b403229e92fd0743ede48fe7f1a2c6f45d594,"{""distance"":5,""physical_error_rate"":0.0005}","{""detection_events"":1104,""detectors_checked"":519680}"
      7168,         0,         0,   0.167,exact_mw,cdc4a450a40af8e24899239080e4c40992fb5baf91c5a31ab3a165eacb3a1ab3,"{""distance"":5,""physical_error_rate"":0.0002}","{""detection_events"":1320,""detectors_checked"":1605632}"
      4934,         0,         0,   0.036,exact_mw,cdc4a450a40af8e24899239080e4c40992fb5baf91c5a31ab3a165eacb3a1ab3,"{""distance"":5,""physical_error_rate"":0.0002}","{""detection_events"":973,""detectors_checked"":1105216}"
     49091,         0,         0,   0.559,exact_mw,cdc4a450a40af8e24899239080e4c40992fb5baf91c5a31ab3a165eacb3a1ab3,"{""distance"":5,""physical_error_rate"":0.0002}","{""detection_events"":9537,""detectors_checked"":10996384}"
      2048,         0,         0,   0.056,exact_mw,cdc4a450a40af8e24899239080e4c40992fb5baf91c5a31ab3a165eacb3a1ab3,"{""distance"":5,""physical_error_rate"":0.0002}","{""detection_events"":432,""detectors_checked"":458752}"
      2048,         0,         0,   0.047,exact_mw,cb12ae119b9b2ba18d0216e7235b403229e92fd0743ede48fe7f1a2c6f45d594,"{""distance"":5,""physical_error_rate"":0.0005}","{""detection_events"":948,""detectors_checked"":458752}"
      4651,         0,         0,   0.051,exact_mw,cdc4a450a40af8e24899239080e4c40992fb5baf91c5a31ab3a165eacb3a1ab3,"{""distance"":5,""physical_error_rate"":0.0002}","{""detection_events"":918,""detectors_checked"":1041824}"
      1024,         0,         0,   0.029,exact_mw,cb12ae119b9b2ba18d0216e7235b403229e92fd0743ede48fe7f1a2c6f45d594,"{""distance"":5,""physical_error_rate"":0.0005}","{""detection_events"":547,""detectors_checked"":229376}"
      4667,         0,         0,   0.065,exact_mw,cdc4a450a40af8e24899239080e4c40992fb5baf91c5a31ab3a165eacb3a1ab3,"{""distance"":5,""physical_error_rate"":0.0002}","{""detection_events"":862,""detectors_checked"":1045408}"
      1381,         0,         0,   0.029,exact_mw,cdc4a450a40af8e24899239080e4c40992fb5baf91c5a31ab3a165eacb3a1ab3,"{""distance"":5,""physical_error_rate"":0.0002}","{""detection_events"":282,""detectors_checked"":309344}"
       405,         0,         0,   0.001,exact_mw,cdc4a450a40af8e24899239080e4c40992fb5baf91c5a31ab3a165eacb3a1ab3,"{""distance"":5,""physical_error_rate"":0.0002}","{""detection_events"":73,""detectors_checked"":90720}"
      2048,         0,         0,   0.035,exact_mw,cb12ae119b9b2ba18d0216e7235b403229e92fd0743ede48fe7f1a2c6f45d594,"{""distance"":5,""physical_error_rate"":0.0005}","{""detection_events"":939,""detectors_checked"":458752}"
      1297,         0,         0,   0.025,exact_mw,cdc4a450a40af8e24899239080e4c40992fb5baf91c5a31ab3a165eacb3a1ab3,"{""distance"":5,""physical_error_rate"":0.0002}","{""detection_events"":264,""detectors_checked"":290528}"
       273,         0,         0,   0.022,exact_mw,cb12ae119b9b2ba18d0216e7235b403229e92fd0743ede48fe7f1a2c6f45d594,"{""distance"":5,""physical_error_rate"":0.0005}","{""detection_events"":152,""detectors_checked"":61152}"
      5120,         0,         0,   0.076,exact_mw,cdc4a450a40af8e24899239080e4c40992fb5baf91c5a31ab3a165eacb3a1ab3,"{""distance"":5,""physical_error_rate"":0.0002}","{""detection_events"":1130,""detectors_checked"":1146880}"
      4692,         0,         0,   0.062,exact_mw,cdc4a450a40af8e24899239080e4c40992fb5baf91c5a31ab3a165eacb3a1ab3,"{""distance"":5,""physical_error_rate"":0.0002}","{""detection_events"":896,""detectors_checked"":1051008}"
      1297,         0,         0,   0.025,exact_mw,cdc4a450a40af8e24899239080e4c40992fb5baf91c5a31ab3a165eacb3a1ab3,"{""distance"":5,""physical_error_rate"":0.0002}","{""detection_events"":283,""detectors_checked"":290528}"
      5808,         0,         0,   0.105,exact_mw,cdc4a450a40af8e24899239080e4c40992fb5baf91c5a31ab3a165eacb3a1ab3,"{""distance"":5,""physical_error_rate"":0.0002}","{""detection_events"":1109,""detectors_checked"":1300992}"
     15249,         0,         0,   0.325,exact_mw,cdc4a450a40af8e24899239080e4c40992fb5baf91c5a31ab3a165eacb3a1ab3,"{""distance"":5,""physical_error_rate"":0.0002}","{""detection_events"":2859,""detectors_checked"":3415776}"
    137216,         0,         0,   0.790,exact_mw,cb12ae119b9b2ba18d0216e7235b403229e92fd0743ede48fe7f1a2c6f45d594,"{""distance"":5,""physical_error_rate"":0.0005}","{""detection_events"":67971,""detectors_checked"":30736384}"
      3072,         0,         0,   0.073,exact_mw,cb12ae119b9b2ba18d0216e7235b403229e92fd0743ede48fe7f1a2c6f45d594,"{""distance"":5,""physical_error_rate"":0.0005}","{""detection_events"":1509,""detectors_checked"":688128}"
      5549,         0,         0,   0.099,exact_mw,cdc4a450a40af8e24899239080e4c40992fb5baf91c5a31ab3a165eacb3a1ab3,"{""distance"":5,""physical_error_rate"":0.0002}","{""detection_events"":1120,""detectors_checked"":1242976}"
     13312,         0,         0,   0.168,exact_mw,cdc4a450a40af8e24899239080e4c40992fb5baf91c5a31ab3a165eacb3a1ab3,"{""distance"":5,""physical_error_rate"":0.0002}","{""detection_events"":2745,""detectors_checked"":2981888}"
      7168,         0,         0,   0.148,exact_mw,cdc4a450a40af8e24899239080e4c40992fb5baf91c5a31ab3a165eacb3a1ab3,"{""distance"":5,""physical_error_rate"":0.0002}","{""detection_events"":1445,""detectors_checked"":1605632}"
      1024,         0,         0,   0.025,exact_mw,cb12ae119b9b2ba18d0216e7235b403229e92fd0743ede48fe7f1a2c6f45d594,"{""distance"":5,""physical_error_rate"":0.0005}","{""detection_events"":505,""detectors_checked"":229376}"
      7168,         0,         0,   0.148,exact_mw,cb12ae119b9b2ba18d0216e7235b403229e92fd0743ede48fe7f1a2c6f45d594,"{""distance"":5,""physical_error_rate"":0.0005}","{""detection_events"":3266,""detectors_checked"":1605632}"
      9216,         0,         0,   0.156,exact_mw,cdc4a450a40af8e24899239080e4c40992fb5baf91c5a31ab3a165eacb3a1ab3,"{""distance"":5,""physical_error_rate"":0.0002}","{""detection_events"":1870,""detectors_checked"":2064384}"
     15360,         0,         0,   0.299,exact_mw,cdc4a450a40af8e24899239080e4c40992fb5baf91c5a31ab3a165eacb3a1ab3,"{""distance"":5,""physical_error_rate"":0.0002}","{""detection_events"":3082,""detectors_checked"":3440640}"
         1,         0,         0,   0.020,exact_mw,cb12ae119b9b2ba18d0216e7235b403229e92fd0743ede48fe7f1a2c6f45d594,"{""distance"":5,""physical_error_rate"":0.0005}","{""detectors_checked"":224}"
     29696,         0,         0,   0.401,exact_mw,cdc4a450a40af8e24899239080e4c40992fb5baf91c5a31ab3a165eacb3a1ab3,"{""distance"":5,""physical_error_rate"":0.0002}","{""detection_events"":6148,""detectors_checked"":6651904}"
      2048,         0,         0,   0.037,exact_mw,cb12ae119b9b2ba18d0216e7235b403229e92fd0743ede48fe7f1a2c6f45d594,"{""distance"":5,""physical_error_rate"":0.0005}","{""detection_events"":998,""detectors_checked"":458752}"
      2048,         0,         0,   0.026,exact_mw,cdc4a450a40af8e24899239080e4c40992fb5baf91c5a31ab3a165eacb3a1ab3,"{""distance"":5,""physical_error_rate"":0.0002}","{""detection_events"":348,""detectors_checked"":458752}"
      2048,         0,         0,   0.029,exact_mw,cdc4a450a40af8e24899239080e4c40992fb5baf91c5a31ab3a165eacb3a1ab3,"{""distance"":5,""physical_error_rate"":0.0002}","{""detection_events"":340,""detectors_checked"":458752}"
      5120,         0,         0,   0.173,exact_mw,cb12ae119b9b2ba18d0216e7235b403229e92fd0743ede48fe7f1a2c6f45d594,"{""distance"":5,""physical_error_rate"":0.0005}","{""detection_events"":2644,""detectors_checked"":1146880}"
      2048,         0,         0,   0.030,exact_mw,cb12ae119b9b2ba18d0216e7235b403229e92fd0743ede48fe7f1a2c6f45d594,"{""distance"":5,""physical_error_rate"":0.0005}","{""detection_events"":1059,""detectors_checked"":458752}"
      1296,         0,         0,   0.025,exact_mw,cb12ae119b9b2ba18d0216e7235b403229e92fd0743ede48fe7f1a2c6f45d594,"{""distance"":5,""physical_error_rate"":0.0005}","{""detection_events"":711,""detectors_checked"":290304}"
      2048,         0,         0,   0.057,exact_mw,cb12ae119b9b2ba18d0216e7235b403229e92fd0743ede48fe7f1a2c6f45d594,"{""distance"":5,""physical_error_rate"":0.0005}","{""detection_events"":964,""detectors_checked"":458752}"
      5120,         0,         0,   0.077,exact_mw,cb12ae119b9b2ba18d0216e7235b403229e92fd0743ede48fe7f1a2c6f45d594,"{""distance"":5,""physical_error_rate"":0.0005}","{""detection_events"":2561,""detectors_checked"":1146880}"
     10240,         0,         0,   0.130,exact_mw,cdc4a450a40af8e24899239080e4c40992fb5baf91c5a31ab3a165eacb3a1ab3,"{""distance"":5,""physical_error_rate"":0.0002}","{""detection_events"":1936,""detectors_checked"":2293760}"
       273,         0,         0,   0.028,exact_mw,cdc4a450a40af8e24899239080e4c40992fb5baf91c5a31ab3a165eacb3a1ab3,"{""distance"":5,""physical_error_rate"":0.0002}","{""detection_events"":68,""detectors_checked"":61152}"
      1024,         0,         0,   0.009,exact_mw,cdc4a450a40af8e24899239080e4c40992fb5baf91c5a31ab3a165eacb3a1ab3,"{""distance"":5,""physical_error_rate"":0.0002}","{""detection_events"":162,""detectors_checked"":229376}"
      4096,         0,         0,   0.091,exact_mw,cdc4a450a40af8e24899239080e4c40992fb5baf91c5a31ab3a165eacb3a1ab3,"{""distance"":5,""physical_error_rate"":0.0002}","{""detection_events"":751,""detectors_checked"":917504}"
      1024,         0,         0,   0.003,exact_mw,cdc4a450a40af8e24899239080e4c40992fb5baf91c5a31ab3a165eacb3a1ab3,"{""distance"":5,""physical_error_rate"":0.0002}","{""detection_events"":204,""detectors_checked"":229376}"
     21504,         0,         0,   0.293,exact_mw,cdc4a450a40af8e24899239080e4c40992fb5baf91c5a31ab3a165eacb3a1ab3,"{""distance"":5,""physical_error_rate"":0.0002}","{""detection_events"":4169,""detectors_checked"":4816896}"
      6144,         0,         0,   0.106,exact_mw,cb12ae119b9b2ba18d0216e7235b403229e92fd0743ede48fe7f1a2c6f45d594,"{""distance"":5,""physical_error_rate"":0.0005}","{""detection_events"":2970,""detectors_checked"":1376256}"
      2048,         0,         0,   0.032,exact_mw,cdc4a450a40af8e24899239080e4c40992fb5baf91c5a31ab3a165eacb3a1ab3,"{""distance"":5,""physical_error_rate"":0.0002}","{""detection_events"":401,""detectors_checked"":458752}"
     25600,         0,         0,   0.424,exact_mw,cdc4a450a40af8e24899239080e4c40992fb5baf91c5a31ab3a165eacb3a1ab3,"{""distance"":5,""physical_error_rate"":0.0002}","{""detection_events"":5384,""detectors_checked"":5734400}"
      6144,         0,         0,   0.046,exact_mw,cb12ae119b9b2ba18d0216e7235b403229e92fd0743ede48fe7f1a2c6f45d594,"{""distance"":5,""physical_error_rate"":0.0005}","{""detection_events"":3067,""detectors_checked"":1376256}"
      6144,         0,         0,   0.152,exact_mw,cb12ae119b9b2ba18d0216e7235b403229e92fd0743ede48fe7f1a2c6f45d594,"{""distance"":5,""physical_error_rate"":0.0005}","{""detection_events"":3036,""detectors_checked"":1376256}"
      1024,         0,         0,   0.028,exact_mw,cb12ae119b9b2ba18d0216e7235b403229e92fd0743ede48fe7f1a2c6f45d594,"{""distance"":5,""physical_error_rate"":0.0005}","{""detection_events"":528,""detectors_checked"":229376}"
      2048,         0,         0,   0.030,exact_mw,cb12ae119b9b2ba18d0216e7235b403229e92fd0743ede48fe7f1a2c6f45d594,"{""distance"":5,""physical_error_rate"":0.0005}","{""detection_events"":943,""detectors_checked"":458752}"
      2048,         0,         0,   0.027,exact_mw,cdc4a450a40af8e24899239080e4c40992fb5baf91c5a31ab3a165eacb3a1ab3,"{""distance"":5,""physical_error_rate"":0.0002}","{""detection_events"":389,""detectors_checked"":458752}"
      4096,         0,         0,   0.075,exact_mw,cb12ae119b9b2ba18d0216e7235b403229e92fd0743ede48fe7f1a2c6f45d594,"{""distance"":5,""physical_error_rate"":0.0005}","{""detection_events"":1929,""detectors_checked"":917504}"
      7168,         0,         0,   0.150,exact_mw,cb12ae119b9b2ba18d0216e7235b403229e92fd0743ede48fe7f1a2c6f45d594,"{""distance"":5,""physical_error_rate"":0.0005}","{""detection_events"":3242,""detectors_checked"":1605632}"
      8192,         0,         0,   0.150,exact_mw,cdc4a450a40af8e24899239080e4c40992fb5baf91c5a31ab3a165eacb3a1ab3,"{""distance"":5,""physical_error_rate"":0.0002}","{""detection_events"":1676,""detectors_checked"":1835008}"
      2048,         0,         0,   0.047,exact_mw,cdc4a450a40af8e24899239080e4c40992fb5baf91c5a31ab3a165eacb3a1ab3,"{""distance"":5,""physical_error_rate"":0.0002}","{""detection_events"":410,""detectors_checked"":458752}"
      3072,         0,         0,   0.051,exact_mw,cb12ae119b9b2ba18d0216e7235b403229e92fd0743ede48fe7f1a2c6f45d594,"{""distance"":5,""physical_error_rate"":0.0005}","{""detection_events"":1440,""detectors_checked"":688128}"
      3072,         0,         0,   0.048,exact_mw,cdc4a450a40af8e24899239080e4c40992fb5baf91c5a31ab3a165eacb3a1ab3,"{""distance"":5,""physical_error_rate"":0.0002}","{""detection_events"":626,""detectors_checked"":688128}"
     23552,         0,         0,   0.565,exact_mw,cb12ae119b9b2ba18d0216e7235b403229e92fd0743ede48fe7f1a2c6f45d594,"{""distance"":5,""physical_error_rate"":0.0005}","{""detection_events"":11951,""detectors_checked"":5275648}"
      2048,         0,         0,   0.044,exact_mw,cb12ae119b9b2ba18d0216e7235b403229e92fd0743ede48fe7f1a2c6f45d594,"{""distance"":5,""physical_error_rate"":0.0005}","{""detection_events"":932,""detectors_checked"":458752}"
      7168,         0,         0,   0.127,exact_mw,cdc4a450a40af8e24899239080e4c40992fb5baf91c5a31ab3a165eacb3a1ab3,"{""distance"":5,""physical_error_rate"":0.0002}","{""detection_events"":1341,""detectors_checked"":1605632}"
     10240,         0,         0,   0.206,exact_mw,cb12ae119b9b2ba18d0216e7235b403229e92fd0743ede48fe7f1a2c6f45d594,"{""distance"":5,""physical_error_rate"":0.0005}","{""detection_events"":5477,""detectors_checked"":2293760}"
      8192,         0,         0,   0.056,exact_mw,cb12ae119b9b2ba18d0216e7235b403229e92fd0743ede48fe7f1a2c6f45d594,"{""distance"":5,""physical_error_rate"":0.0005}","{""detection_events"":3947,""detectors_checked"":1835008}"
      2048,         0,         0,   0.031,exact_mw,cdc4a450a40af8e24899239080e4c40992fb5baf91c5a31ab3a165eacb3a1ab3,"{""distance"":5,""physical_error_rate"":0.0002}","{""detection_events"":398,""detectors_checked"":458752}"
     99010,         0,         0,    1.36,exact_mw,cdc4a450a40af8e24899239080e4c40992fb5baf91c5a31ab3a165eacb3a1ab3,"{""distance"":5,""physical_error_rate"":0.0002}","{""detection_events"":19534,""detectors_checked"":22178240}"
      1024,         0,         0,   0.030,exact_mw,cb12ae119b9b2ba18d0216e7235b403229e92fd0743ede48fe7f1a2c6f45d594,"{""distance"":5,""physical_error_rate"":0.0005}","{""detection_events"":582,""detectors_checked"":229376}"
      3072,         0,         0,   0.053,exact_mw,cb12ae119b9b2ba18d0216e7235b403229e92fd0743ede48fe7f1a2c6f45d594,"{""distance"":5,""physical_error_rate"":0.0005}","{""detection_events"":1511,""detectors_checked"":688128}"
      4096,         0,         0,   0.070,exact_mw,cdc4a450a40af8e24899239080e4c40992fb5baf91c5a31ab3a165eacb3a1ab3,"{""distance"":5,""physical_error_rate"":0.0002}","{""detection_events"":738,""detectors_checked"":917504}"
      6144,         0,         0,   0.114,exact_mw,cb12ae119b9b2ba18d0216e7235b403229e92fd0743ede48fe7f1a2c6f45d594,"{""distance"":5,""physical_error_rate"":0.0005}","{""detection_events"":2948,""detectors_checked"":1376256}"
      1024,         0,         0,   0.014,exact_mw,cb12ae119b9b2ba18d0216e7235b403229e92fd0743ede48fe7f1a2c6f45d594,"{""distance"":5,""physical_error_rate"":0.0005}","{""detection_events"":447,""detectors_checked"":229376}"
     24576,         0,         0,   0.285,exact_mw,cdc4a450a40af8e24899239080e4c40992fb5baf91c5a31ab3a165eacb3a1ab3,"{""distance"":5,""physical_error_rate"":0.0002}","{""detection_events"":5003,""detectors_checked"":5505024}"
      1024,         0,         0,   0.004,exact_mw,cb12ae119b9b2ba18d0216e7235b403229e92fd0743ede48fe7f1a2c6f45d594,"{""distance"":5,""physical_error_rate"":0.0005}","{""detection_events"":454,""detectors_checked"":229376}"
      3072,         0,         0,   0.053,exact_mw,cdc4a450a40af8e24899239080e4c40992fb5baf91c5a31ab3a165eacb3a1ab3,"{""distance"":5,""physical_error_rate"":0.0002}","{""detection_events"":622,""detectors_checked"":688128}"
      4096,         0,         0,   0.089,exact_mw,cb12ae119b9b2ba18d0216e7235b403229e92fd0743ede48fe7f1a2c6f45d594,"{""distance"":5,""physical_error_rate"":0.0005}","{""detection_events"":1929,""detectors_checked"":917504}"
      9216,         0,         0,   0.075,exact_mw,cb12ae119b9b2ba18d0216e7235b403229e92fd0743ede48fe7f1a2c6f45d594,"{""distance"":5,""physical_error_rate"":0.0005}","{""detection_events"":4571,""detectors_checked"":2064384}"
      4096,         0,         0,   0.083,exact_mw,cb12ae119b9b2ba18d0216e7235b403229e92fd0743ede48fe7f1a2c6f45d594,"{""distance"":5,""physical_error_rate"":0.0005}","{""detection_events"":2099,""detectors_checked"":917504}"
      5120,         0,         0,   0.113,exact_mw,cdc4a450a40af8e24899239080e4c40992fb5baf91c5a31ab3a165eacb3a1ab3,"{""distance"":5,""physical_error_rate"":0.0002}","{""detection_events"":1006,""detectors_checked"":1146880}"
         1,         0,         0,   0.000,exact_mw,cdc4a450a40af8e24899239080e4c40992fb5baf91c5a31ab3a165eacb3a1ab3,"{""distance"":5,""physical_error_rate"":0.0002}","{""detectors_checked"":224}"
         1,         0,         0,   0.000,exact_mw,cdc4a450a40af8e24899239080e4c40992fb5baf91c5a31ab3a165eacb3a1ab3,"{""distance"":5,""physical_error_rate"":0.0002}","{""detection_events"":1,""detectors_checked"":224}"
      3072,         0,         0,   0.050,exact_mw,cdc4a450a40af8e24899239080e4c40992fb5baf91c5a31ab3a165eacb3a1ab3,"{""distance"":5,""physical_error_rate"":0.0002}","{""detection_events"":624,""detectors_checked"":688128}"
         1,         0,         0,   0.000,exact_mw,cb12ae119b9b2ba18d0216e7235b403229e92fd0743ede48fe7f1a2c6f45d594,"{""distance"":5,""physical_error_rate"":0.0005}","{""detectors_checked"":224}"
      8192,         0,         0,   0.168,exact_mw,cb12ae119b9b2ba18d0216e7235b403229e92fd0743ede48fe7f1a2c6f45d594,"{""distance"":5,""physical_error_rate"":0.0005}","{""detection_events"":4032,""detectors_checked"":1835008}"
      9216,         0,         0,   0.183,exact_mw,cb12ae119b9b2ba18d0216e7235b403229e92fd0743ede48fe7f1a2c6f45d594,"{""distance"":5,""physical_error_rate"":0.0005}","{""detection_events"":4707,""detectors_checked"":2064384}"
     11264,         0,         0,   0.211,exact_mw,cdc4a450a40af8e24899239080e4c40992fb5baf91c5a31ab3a165eacb3a1ab3,"{""distance"":5,""physical_error_rate"":0.0002}","{""detection_events"":2173,""detectors_checked"":2523136}"
     11264,         0,         0,   0.198,exact_mw,cb12ae119b9b2ba18d0216e7235b403229e92fd0743ede48fe7f1a2c6f45d594,"{""distance"":5,""physical_error_rate"":0.0005}","{""detection_events"":5655,""detectors_checked"":2523136}"
      2320,         0,         0,   0.017,exact_mw,cdc4a450a40af8e24899239080e4c40992fb5baf91c5a31ab3a165eacb3a1ab3,"{""distance"":5,""physical_error_rate"":0.0002}","{""detection_events"":411,""detectors_checked"":519680}"
      2320,         0,         0,   0.022,exact_mw,cdc4a450a40af8e24899239080e4c40992fb5baf91c5a31ab3a165eacb3a1ab3,"{""distance"":5,""physical_error_rate"":0.0002}","{""detection_events"":466,""detectors_checked"":519680}"
     11264,         0,         0,   0.235,exact_mw,cdc4a450a40af8e24899239080e4c40992fb5baf91c5a31ab3a165eacb3a1ab3,"{""distance"":5,""physical_error_rate"":0.0002}","{""detection_events"":2187,""detectors_checked"":2523136}"
     94732,         0,         0,    1.25,exact_mw,cdc4a450a40af8e24899239080e4c40992fb5baf91c5a31ab3a165eacb3a1ab3,"{""distance"":5,""physical_error_rate"":0.0002}","{""detection_events"":18591,""detectors_checked"":21219968}"
      4096,         0,         0,   0.065,exact_mw,cdc4a450a40af8e24899239080e4c40992fb5baf91c5a31ab3a165eacb3a1ab3,"{""distance"":5,""physical_error_rate"":0.0002}","{""detection_events"":835,""detectors_checked"":917504}"
      2320,         0,         0,   0.032,exact_mw,cb12ae119b9b2ba18d0216e7235b403229e92fd0743ede48fe7f1a2c6f45d594,"{""distance"":5,""physical_error_rate"":0.0005}","{""detection_events"":953,""detectors_checked"":519680}"
     19456,         0,         0,   0.227,exact_mw,cdc4a450a40af8e24899239080e4c40992fb5baf91c5a31ab3a165eacb3a1ab3,"{""distance"":5,""physical_error_rate"":0.0002}","{""detection_events"":3751,""detectors_checked"":4358144}"
     16384,         0,         0,   0.184,exact_mw,cdc4a450a40af8e24899239080e4c40992fb5baf91c5a31ab3a165eacb3a1ab3,"{""distance"":5,""physical_error_rate"":0.0002}","{""detection_events"":3194,""detectors_checked"":3670016}"
      1024,         0,         0,   0.024,exact_mw,cdc4a450a40af8e24899239080e4c40992fb5baf91c5a31ab3a165eacb3a1ab3,"{""distance"":5,""physical_error_rate"":0.0002}","{""detection_events"":179,""detectors_checked"":229376}"
     13312,         0,         0,   0.312,exact_mw,cdc4a450a40af8e24899239080e4c40992fb5baf91c5a31ab3a165eacb3a1ab3,"{""distance"":5,""physical_error_rate"":0.0002}","{""detection_events"":2579,""detectors_checked"":2981888}"
      2048,         0,         0,   0.025,exact_mw,cdc4a450a40af8e24899239080e4c40992fb5baf91c5a31ab3a165eacb3a1ab3,"{""distance"":5,""physical_error_rate"":0.0002}","{""detection_events"":424,""detectors_checked"":458752}"
      2048,         0,         0,   0.035,exact_mw,cdc4a450a40af8e24899239080e4c40992fb5baf91c5a31ab3a165eacb3a1ab3,"{""distance"":5,""physical_error_rate"":0.0002}","{""detection_events"":376,""detectors_checked"":458752}"
      7168,         0,         0,   0.106,exact_mw,cb12ae119b9b2ba18d0216e7235b403229e92fd0743ede48fe7f1a2c6f45d594,"{""distance"":5,""physical_error_rate"":0.0005}","{""detection_events"":3455,""detectors_checked"":1605632}"
      4096,         0,         0,   0.033,exact_mw,cdc4a450a40af8e24899239080e4c40992fb5baf91c5a31ab3a165eacb3a1ab3,"{""distance"":5,""physical_error_rate"":0.0002}","{""detection_events"":770,""detectors_checked"":917504}"
     14336,         0,         0,   0.242,exact_mw,cdc4a450a40af8e24899239080e4c40992fb5baf91c5a31ab3a165eacb3a1ab3,"{""distance"":5,""physical_error_rate"":0.0002}","{""detection_events"":2587,""detectors_checked"":3211264}"
     11264,         0,         0,   0.156,exact_mw,cdc4a450a40af8e24899239080e4c40992fb5baf91c5a31ab3a165eacb3a1ab3,"{""distance"":5,""physical_error_rate"":0.0002}","{""detection_events"":2232,""detectors_checked"":2523136}"
      3072,         0,         0,   0.063,exact_mw,cb12ae119b9b2ba18d0216e7235b403229e92fd0743ede48fe7f1a2c6f45d594,"{""distance"":5,""physical_error_rate"":0.0005}","{""detection_events"":1556,""detectors_checked"":688128}"
      8192,         0,         0,   0.215,exact_mw,cb12ae119b9b2ba18d0216e7235b403229e92fd0743ede48fe7f1a2c6f45d594,"{""distance"":5,""physical_error_rate"":0.0005}","{""detection_events"":4109,""detectors_checked"":1835008}"
      1024,         0,         0,   0.040,exact_mw,cb12ae119b9b2ba18d0216e7235b403229e92fd0743ede48fe7f1a2c6f45d594,"{""distance"":5,""physical_error_rate"":0.0005}","{""detection_events"":484,""detectors_checked"":229376}"
     43015,         0,         0,   0.883,exact_mw,cdc4a450a40af8e24899239080e4c40992fb5baf91c5a31ab3a165eacb3a1ab3,"{""distance"":5,""physical_error_rate"":0.0002}","{""detection_events"":8496,""detectors_checked"":9635360}"
    228352,         0,         0,    1.12,exact_mw,cb12ae119b9b2ba18d0216e7235b403229e92fd0743ede48fe7f1a2c6f45d594,"{""distance"":5,""physical_error_rate"":0.0005}","{""detection_events"":112275,""detectors_checked"":51150848}"
     14336,         0,         0,   0.206,exact_mw,cdc4a450a40af8e24899239080e4c40992fb5baf91c5a31ab3a165eacb3a1ab3,"{""distance"":5,""physical_error_rate"":0.0002}","{""detection_events"":2832,""detectors_checked"":3211264}"
      2048,         0,         0,   0.043,exact_mw,cdc4a450a40af8e24899239080e4c40992fb5baf91c5a31ab3a165eacb3a1ab3,"{""distance"":5,""physical_error_rate"":0.0002}","{""detection_events"":423,""detectors_checked"":458752}"
      8192,         0,         0,   0.210,exact_mw,cb12ae119b9b2ba18d0216e7235b403229e92fd0743ede48fe7f1a2c6f45d594,"{""distance"":5,""physical_error_rate"":0.0005}","{""detection_events"":3976,""detectors_checked"":1835008}"
     22528,         0,         0,   0.583,exact_mw,cb12ae119b9b2ba18d0216e7235b403229e92fd0743ede48fe7f1a2c6f45d594,"{""distance"":5,""physical_error_rate"":0.0005}","{""detection_events"":11099,""detectors_checked"":5046272}"
      2048,         0,         0,   0.047,exact_mw,cdc4a450a40af8e24899239080e4c40992fb5baf91c5a31ab3a165eacb3a1ab3,"{""distance"":5,""physical_error_rate"":0.0002}","{""detection_events"":444,""detectors_checked"":458752}"
      4096,         0,         0,   0.085,exact_mw,cb12ae119b9b2ba18d0216e7235b403229e92fd0743ede48fe7f1a2c6f45d594,"{""distance"":5,""physical_error_rate"":0.0005}","{""detection_events"":1930,""detectors_checked"":917504}"
      7168,         0,         0,   0.096,exact_mw,cdc4a450a40af8e24899239080e4c40992fb5baf91c5a31ab3a165eacb3a1ab3,"{""distance"":5,""physical_error_rate"":0.0002}","{""detection_events"":1500,""detectors_checked"":1605632}"
     12288,         0,         0,   0.108,exact_mw,cb12ae119b9b2ba18d0216e7235b403229e92fd0743ede48fe7f1a2c6f45d594,"{""distance"":5,""physical_error_rate"":0.0005}","{""detection_events"":5845,""detectors_checked"":2752512}"
      4096,         0,         0,   0.113,exact_mw,cb12ae119b9b2ba18d0216e7235b403229e92fd0743ede48fe7f1a2c6f45d594,"{""distance"":5,""physical_error_rate"":0.0005}","{""detection_events"":2008,""detectors_checked"":917504}"
      3072,         0,         0,   0.081,exact_mw,cdc4a450a40af8e24899239080e4c40992fb5baf91c5a31ab3a165eacb3a1ab3,"{""distance"":5,""physical_error_rate"":0.0002}","{""detection_events"":625,""detectors_checked"":688128}"
      1297,         0,         0,   0.030,exact_mw,cdc4a450a40af8e24899239080e4c40992fb5baf91c5a31ab3a165eacb3a1ab3,"{""distance"":5,""physical_error_rate"":0.0002}","{""detection_events"":244,""detectors_checked"":290528}"
      3072,         0,         0,   0.057,exact_mw,cdc4a450a40af8e24899239080e4c40992fb5baf91c5a31ab3a165eacb3a1ab3,"{""distance"":5,""physical_error_rate"":0.0002}","{""detection_events"":574,""detectors_checked"":688128}"
      1024,         0,         0,   0.053,exact_mw,cb12ae119b9b2ba18d0216e7235b403229e92fd0743ede48fe7f1a2c6f45d594,"{""distance"":5,""physical_error_rate"":0.0005}","{""detection_events"":508,""detectors_checked"":229376}"
      5120,         0,         0,   0.080,exact_mw,cdc4a450a40af8e24899239080e4c40992fb5baf91c5a31ab3a165eacb3a1ab3,"{""distance"":5,""physical_error_rate"":0.0002}","{""detection_events"":1032,""detectors_checked"":1146880}"
      2048,         0,         0,   0.031,exact_mw,cdc4a450a40af8e24899239080e4c40992fb5baf91c5a31ab3a165eacb3a1ab3,"{""distance"":5,""physical_error_rate"":0.0002}","{""detection_events"":416,""detectors_checked"":458752}"
      5120,         0,         0,   0.159,exact_mw,cb12ae119b9b2ba18d0216e7235b403229e92fd0743ede48fe7f1a2c6f45d594,"{""distance"":5,""physical_error_rate"":0.0005}","{""detection_events"":2573,""detectors_checked"":1146880}"
      2048,         0,         0,   0.054,exact_mw,cdc4a450a40af8e24899239080e4c40992fb5baf91c5a31ab3a165eacb3a1ab3,"{""distance"":5,""physical_error_rate"":0.0002}","{""detection_events"":398,""detectors_checked"":458752}"
      4096,         0,         0,   0.063,exact_mw,cdc4a450a40af8e24899239080e4c40992fb5baf91c5a31ab3a165eacb3a1ab3,"{""distance"":5,""physical_error_rate"":0.0002}","{""detection_events"":828,""detectors_checked"":917504}"
      1024,         0,         0,   0.028,exact_mw,cdc4a450a40af8e24899239080e4c40992fb5baf91c5a31ab3a165eacb3a1ab3,"{""distance"":5,""physical_error_rate"":0.0002}","{""detection_events"":201,""detectors_checked"":229376}"
     12288,         0,         0,   0.273,exact_mw,cb12ae119b9b2ba18d0216e7235b403229e92fd0743ede48fe7f1a2c6f45d594,"{""distance"":5,""physical_error_rate"":0.0005}","{""detection_events"":6109,""detectors_checked"":2752512}"
      1297,         0,         0,   0.033,exact_mw,cb12ae119b9b2ba18d0216e7235b403229e92fd0743ede48fe7f1a2c6f45d594,"{""distance"":5,""physical_error_rate"":0.0005}","{""detection_events"":688,""detectors_checked"":290528}"
      2048,         0,         0,   0.056,exact_mw,cb12ae119b9b2ba18d0216e7235b403229e92fd0743ede48fe7f1a2c6f45d594,"{""distance"":5,""physical_error_rate"":0.0005}","{""detection_events"":1053,""detectors_checked"":458752}"
     92203,         0,         0,    1.16,exact_mw,cdc4a450a40af8e24899239080e4c40992fb5baf91c5a31ab3a165eacb3a1ab3,"{""distance"":5,""physical_error_rate"":0.0002}","{""detection_events"":18210,""detectors_checked"":20653472}"
      8192,         0,         0,   0.144,exact_mw,cb12ae119b9b2ba18d0216e7235b403229e92fd0743ede48fe7f1a2c6f45d594,"{""distance"":5,""physical_error_rate"":0.0005}","{""detection_events"":4035,""detectors_checked"":1835008}"
      3072,         0,         0,   0.058,exact_mw,cdc4a450a40af8e24899239080e4c40992fb5baf91c5a31ab3a165eacb3a1ab3,"{""distance"":5,""physical_error_rate"":0.0002}","{""detection_events"":490,""detectors_checked"":688128}"
      3072,         0,         0,   0.059,exact_mw,cdc4a450a40af8e24899239080e4c40992fb5baf91c5a31ab3a165eacb3a1ab3,"{""distance"":5,""physical_error_rate"":0.0002}","{""detection_events"":608,""detectors_checked"":688128}"
      1024,         0,         0,   0.028,exact_mw,cb12ae119b9b2ba18d0216e7235b403229e92fd0743ede48fe7f1a2c6f45d594,"{""distance"":5,""physical_error_rate"":0.0005}","{""detection_events"":540,""detectors_checked"":229376}"
      4096,         0,         0,   0.117,exact_mw,cb12ae119b9b2ba18d0216e7235b403229e92fd0743ede48fe7f1a2c6f45d594,"{""distance"":5,""physical_error_rate"":0.0005}","{""detection_events"":1923,""detectors_checked"":917504}"
      5120,         0,         0,   0.123,exact_mw,cdc4a450a40af8e24899239080e4c40992fb5baf91c5a31ab3a165eacb3a1ab3,"{""distance"":5,""physical_error_rate"":0.0002}","{""detection_events"":960,""detectors_checked"":1146880}"
      5120,         0,         0,   0.110,exact_mw,cb12ae119b9b2ba18d0216e7235b403229e92fd0743ede48fe7f1a2c6f45d594,"{""distance"":5,""physical_error_rate"":0.0005}","{""detection_events"":2598,""detectors_checked"":1146880}"
      2048,         0,         0,   0.035,exact_mw,cb12ae119b9b2ba18d0216e7235b403229e92fd0743ede48fe7f1a2c6f45d594,"{""distance"":5,""physical_error_rate"":0.0005}","{""detection_events"":960,""detectors_checked"":458752}"
      2048,         0,         0,   0.031,exact_mw,cdc4a450a40af8e24899239080e4c40992fb5baf91c5a31ab3a165eacb3a1ab3,"{""distance"":5,""physical_error_rate"":0.0002}","{""detection_events"":428,""detectors_checked"":458752}"
      9216,         0,         0,   0.118,exact_mw,cdc4a450a40af8e24899239080e4c40992fb5baf91c5a31ab3a165eacb3a1ab3,"{""distance"":5,""physical_error_rate"":0.0002}","{""detection_events"":1841,""detectors_checked"":2064384}"
     21504,         0,         0,   0.416,exact_mw,cdc4a450a40af8e24899239080e4c40992fb5baf91c5a31ab3a165eacb3a1ab3,"{""distance"":5,""physical_error_rate"":0.0002}","{""detection_events"":4280,""detectors_checked"":4816896}"
     17408,         0,         0,   0.566,exact_mw,cb12ae119b9b2ba18d0216e7235b403229e92fd0743ede48fe7f1a2c6f45d594,"{""distance"":5,""physical_error_rate"":0.0005}","{""detection_events"":8500,""detectors_checked"":3899392}"
      9216,         0,         0,   0.112,exact_mw,cdc4a450a40af8e24899239080e4c40992fb5baf91c5a31ab3a165eacb3a1ab3,"{""distance"":5,""physical_error_rate"":0.0002}","{""detection_events"":1731,""detectors_checked"":2064384}"
     17408,         0,         0,   0.148,exact_mw,cb12ae119b9b2ba18d0216e7235b403229e92fd0743ede48fe7f1a2c6f45d594,"{""distance"":5,""physical_error_rate"":0.0005}","{""detection_events"":8691,""detectors_checked"":3899392}"
    536576,         0,         0,    11.6,exact_mw,cb12ae119b9b2ba18d0216e7235b403229e92fd0743ede48fe7f1a2c6f45d594,"{""distance"":5,""physical_error_rate"":0.0005}","{""detection_events"":265265,""detectors_checked"":120193024}"
      1024,         0,         0,   0.028,exact_mw,cb12ae119b9b2ba18d0216e7235b403229e92fd0743ede48fe7f1a2c6f45d594,"{""distance"":5,""physical_error_rate"":0.0005}","{""detection_events"":539,""detectors_checked"":229376}"
     87974,         0,         0,    1.41,exact_mw,cdc4a450a40af8e24899239080e4c40992fb5baf91c5a31ab3a165eacb3a1ab3,"{""distance"":5,""physical_error_rate"":0.0002}","{""detection_events"":17361,""detectors_checked"":19706176}"
      6144,         0,         0,   0.166,exact_mw,cb12ae119b9b2ba18d0216e7235b403229e92fd0743ede48fe7f1a2c6f45d594,"{""distance"":5,""physical_error_rate"":0.0005}","{""detection_events"":3042,""detectors_checked"":1376256}"
     10240,         0,         0,   0.223,exact_mw,cb12ae119b9b2ba18d0216e7235b403229e92fd0743ede48fe7f1a2c6f45d594,"{""distance"":5,""physical_error_rate"":0.0005}","{""detection_events"":4939,""detectors_checked"":2293760}"
      1024,         0,         0,   0.003,exact_mw,cdc4a450a40af8e24899239080e4c40992fb5baf91c5a31ab3a165eacb3a1ab3,"{""distance"":5,""physical_error_rate"":0.0002}","{""detection_events"":194,""detectors_checked"":229376}"
     15360,         0,         0,   0.258,exact_mw,cdc4a450a40af8e24899239080e4c40992fb5baf91c5a31ab3a165eacb3a1ab3,"{""distance"":5,""physical_error_rate"":0.0002}","{""detection_events"":3009,""detectors_checked"":3440640}"
      5120,         0,         0,   0.078,exact_mw,cdc4a450a40af8e24899239080e4c40992fb5baf91c5a31ab3a165eacb3a1ab3,"{""distance"":5,""physical_error_rate"":0.0002}","{""detection_events"":960,""detectors_checked"":1146880}"
     87974,         0,         0,    1.26,exact_mw,cdc4a450a40af8e24899239080e4c40992fb5baf91c5a31ab3a165eacb3a1ab3,"{""distance"":5,""physical_error_rate"":0.0002}","{""detection_events"":17562,""detectors_checked"":19706176}"
     14336,         0,         0,   0.224,exact_mw,cdc4a450a40af8e24899239080e4c40992fb5baf91c5a31ab3a165eacb3a1ab3,"{""distance"":5,""physical_error_rate"":0.0002}","{""detection_events"":2720,""detectors_checked"":3211264}"
      1024,         0,         0,   0.029,exact_mw,cb12ae119b9b2ba18d0216e7235b403229e92fd0743ede48fe7f1a2c6f45d594,"{""distance"":5,""physical_error_rate"":0.0005}","{""detection_events"":490,""detectors_checked"":229376}"
      6144,         0,         0,   0.096,exact_mw,cdc4a450a40af8e24899239080e4c40992fb5baf91c5a31ab3a165eacb3a1ab3,"{""distance"":5,""physical_error_rate"":0.0002}","{""detection_events"":1184,""detectors_checked"":1376256}"
     31744,         0,         0,   0.465,exact_mw,cdc4a450a40af8e24899239080e4c40992fb5baf91c5a31ab3a165eacb3a1ab3,"{""distance"":5,""physical_error_rate"":0.0002}","{""detection_events"":6372,""detectors_checked"":7110656}"
     12288,         0,         0,   0.207,exact_mw,cdc4a450a40af8e24899239080e4c40992fb5baf91c5a31ab3a165eacb3a1ab3,"{""distance"":5,""physical_error_rate"":0.0002}","{""detection_events"":2541,""detectors_checked"":2752512}"
     87974,         0,         0,    1.48,exact_mw,cdc4a450a40af8e24899239080e4c40992fb5baf91c5a31ab3a165eacb3a1ab3,"{""distance"":5,""physical_error_rate"":0.0002}","{""detection_events"":17299,""detectors_checked"":19706176}"
     16384,         0,         0,   0.299,exact_mw,cdc4a450a40af8e24899239080e4c40992fb5baf91c5a31ab3a165eacb3a1ab3,"{""distance"":5,""physical_error_rate"":0.0002}","{""detection_events"":3226,""detectors_checked"":3670016}"
     19456,         0,         0,   0.297,exact_mw,cb12ae119b9b2ba18d0216e7235b403229e92fd0743ede48fe7f1a2c6f45d594,"{""distance"":5,""physical_error_rate"":0.0005}","{""detection_events"":9663,""detectors_checked"":4358144}"
     16384,         0,         0,   0.278,exact_mw,cdc4a450a40af8e24899239080e4c40992fb5baf91c5a31ab3a165eacb3a1ab3,"{""distance"":5,""physical_error_rate"":0.0002}","{""detection_events"":3154,""detectors_checked"":3670016}"
     12288,         0,         0,   0.291,exact_mw,cb12ae119b9b2ba18d0216e7235b403229e92fd0743ede48fe7f1a2c6f45d594,"{""distance"":5,""physical_error_rate"":0.0005}","{""detection_events"":6078,""detectors_checked"":2752512}"
      3072,         0,         0,   0.085,exact_mw,cb12ae119b9b2ba18d0216e7235b403229e92fd0743ede48fe7f1a2c6f45d594,"{""distance"":5,""physical_error_rate"":0.0005}","{""detection_events"":1425,""detectors_checked"":688128}"
      6144,         0,         0,   0.104,exact_mw,cb12ae119b9b2ba18d0216e7235b403229e92fd0743ede48fe7f1a2c6f45d594,"{""distance"":5,""physical_error_rate"":0.0005}","{""detection_events"":3027,""detectors_checked"":1376256}"
     25600,         0,         0,   0.297,exact_mw,cdc4a450a40af8e24899239080e4c40992fb5baf91c5a31ab3a165eacb3a1ab3,"{""distance"":5,""physical_error_rate"":0.0002}","{""detection_events"":5045,""detectors_checked"":5734400}"
      2048,         0,         0,   0.055,exact_mw,cb12ae119b9b2ba18d0216e7235b403229e92fd0743ede48fe7f1a2c6f45d594,"{""distance"":5,""physical_error_rate"":0.0005}","{""detection_events"":942,""detectors_checked"":458752}"
     87974,         0,         0,    1.48,exact_mw,cdc4a450a40af8e24899239080e4c40992fb5baf91c5a31ab3a165eacb3a1ab3,"{""distance"":5,""physical_error_rate"":0.0002}","{""detection_events"":17429,""detectors_checked"":19706176}"
      5120,         0,         0,   0.078,exact_mw,cdc4a450a40af8e24899239080e4c40992fb5baf91c5a31ab3a165eacb3a1ab3,"{""distance"":5,""physical_error_rate"":0.0002}","{""detection_events"":1009,""detectors_checked"":1146880}"
     87974,         0,         0,    1.07,exact_mw,cdc4a450a40af8e24899239080e4c40992fb5baf91c5a31ab3a165eacb3a1ab3,"{""distance"":5,""physical_error_rate"":0.0002}","{""detection_events"":17487,""detectors_checked"":19706176}"
     19456,         0,         0,   0.293,exact_mw,cdc4a450a40af8e24899239080e4c40992fb5baf91c5a31ab3a165eacb3a1ab3,"{""distance"":5,""physical_error_rate"":0.0002}","{""detection_events"":3983,""detectors_checked"":4358144}"
      9216,         0,         0,   0.211,exact_mw,cb12ae119b9b2ba18d0216e7235b403229e92fd0743ede48fe7f1a2c6f45d594,"{""distance"":5,""physical_error_rate"":0.0005}","{""detection_events"":4431,""detectors_checked"":2064384}"
     87040,         0,         0,    1.13,exact_mw,cdc4a450a40af8e24899239080e4c40992fb5baf91c5a31ab3a165eacb3a1ab3,"{""distance"":5,""physical_error_rate"":0.0002}","{""detection_events"":17149,""detectors_checked"":19496960}"
     11264,         0,         0,   0.111,exact_mw,cdc4a450a40af8e24899239080e4c40992fb5baf91c5a31ab3a165eacb3a1ab3,"{""distance"":5,""physical_error_rate"":0.0002}","{""detection_events"":2187,""detectors_checked"":2523136}"
     13312,         0,         0,   0.296,exact_mw,cb12ae119b9b2ba18d0216e7235b403229e92fd0743ede48fe7f1a2c6f45d594,"{""distance"":5,""physical_error_rate"":0.0005}","{""detection_events"":6766,""detectors_checked"":2981888}"
      9216,         0,         0,   0.152,exact_mw,cdc4a450a40af8e24899239080e4c40992fb5baf91c5a31ab3a165eacb3a1ab3,"{""distance"":5,""physical_error_rate"":0.0002}","{""detection_events"":1803,""detectors_checked"":2064384}"
     24576,         0,         0,   0.377,exact_mw,cdc4a450a40af8e24899239080e4c40992fb5baf91c5a31ab3a165eacb3a1ab3,"{""distance"":5,""physical_error_rate"":0.0002}","{""detection_events"":4728,""detectors_checked"":5505024}"
     13312,         0,         0,   0.291,exact_mw,cb12ae119b9b2ba18d0216e7235b403229e92fd0743ede48fe7f1a2c6f45d594,"{""distance"":5,""physical_error_rate"":0.0005}","{""detection_events"":6449,""detectors_checked"":2981888}"
     46080,         0,         0,   0.572,exact_mw,cdc4a450a40af8e24899239080e4c40992fb5baf91c5a31ab3a165eacb3a1ab3,"{""distance"":5,""physical_error_rate"":0.0002}","{""detection_events"":9304,""detectors_checked"":10321920}"
      6123,         0,         0,   0.017,exact_mw,cdc4a450a40af8e24899239080e4c40992fb5baf91c5a31ab3a165eacb3a1ab3,"{""distance"":5,""physical_error_rate"":0.0002}","{""detection_events"":1249,""detectors_checked"":1371552}"
      7168,         0,         0,   0.141,exact_mw,cb12ae119b9b2ba18d0216e7235b403229e92fd0743ede48fe7f1a2c6f45d594,"{""distance"":5,""physical_error_rate"":0.0005}","{""detection_events"":3561,""detectors_checked"":1605632}"
     32768,         0,         0,   0.492,exact_mw,cdc4a450a40af8e24899239080e4c40992fb5baf91c5a31ab3a165eacb3a1ab3,"{""distance"":5,""physical_error_rate"":0.0002}","{""detection_events"":6377,""detectors_checked"":7340032}"
     22528,         0,         0,   0.309,exact_mw,cdc4a450a40af8e24899239080e4c40992fb5baf91c5a31ab3a165eacb3a1ab3,"{""distance"":5,""physical_error_rate"":0.0002}","{""detection_events"":4507,""detectors_checked"":5046272}"
     13312,         0,         0,   0.169,exact_mw,cdc4a450a40af8e24899239080e4c40992fb5baf91c5a31ab3a165eacb3a1ab3,"{""distance"":5,""physical_error_rate"":0.0002}","{""detection_events"":2696,""detectors_checked"":2981888}"
      9216,         0,         0,   0.114,exact_mw,cdc4a450a40af8e24899239080e4c40992fb5baf91c5a31ab3a165eacb3a1ab3,"{""distance"":5,""physical_error_rate"":0.0002}","{""detection_events"":1885,""detectors_checked"":2064384}"
      7168,         0,         0,   0.073,exact_mw,cdc4a450a40af8e24899239080e4c40992fb5baf91c5a31ab3a165eacb3a1ab3,"{""distance"":5,""physical_error_rate"":0.0002}","{""detection_events"":1466,""detectors_checked"":1605632}"
      3072,         0,         0,   0.076,exact_mw,cb12ae119b9b2ba18d0216e7235b403229e92fd0743ede48fe7f1a2c6f45d594,"{""distance"":5,""physical_error_rate"":0.0005}","{""detection_events"":1454,""detectors_checked"":688128}"
      7168,         0,         0,   0.060,exact_mw,cdc4a450a40af8e24899239080e4c40992fb5baf91c5a31ab3a165eacb3a1ab3,"{""distance"":5,""physical_error_rate"":0.0002}","{""detection_events"":1535,""detectors_checked"":1605632}"
      4096,         0,         0,   0.086,exact_mw,cb12ae119b9b2ba18d0216e7235b403229e92fd0743ede48fe7f1a2c6f45d594,"{""distance"":5,""physical_error_rate"":0.0005}","{""detection_events"":1961,""detectors_checked"":917504}"
     14336,         0,         0,   0.232,exact_mw,cb12ae119b9b2ba18d0216e7235b403229e92fd0743ede48fe7f1a2c6f45d594,"{""distance"":5,""physical_error_rate"":0.0005}","{""detection_events"":6887,""detectors_checked"":3211264}"
     18432,         0,         0,   0.408,exact_mw,cdc4a450a40af8e24899239080e4c40992fb5baf91c5a31ab3a165eacb3a1ab3,"{""distance"":5,""physical_error_rate"":0.0002}","{""detection_events"":3544,""detectors_checked"":4128768}"
     85768,         0,         0,    1.39,exact_mw,cdc4a450a40af8e24899239080e4c40992fb5baf91c5a31ab3a165eacb3a1ab3,"{""distance"":5,""physical_error_rate"":0.0002}","{""detection_events"":17017,""detectors_checked"":19212032}"
     78848,         0,         0,    1.13,exact_mw,cdc4a450a40af8e24899239080e4c40992fb5baf91c5a31ab3a165eacb3a1ab3,"{""distance"":5,""physical_error_rate"":0.0002}","{""detection_events"":15655,""detectors_checked"":17661952}"
     76800,         0,         0,    1.07,exact_mw,cdc4a450a40af8e24899239080e4c40992fb5baf91c5a31ab3a165eacb3a1ab3,"{""distance"":5,""physical_error_rate"":0.0002}","{""detection_events"":14982,""detectors_checked"":17203200}"
     79872,         0,         0,    1.03,exact_mw,cdc4a450a40af8e24899239080e4c40992fb5baf91c5a31ab3a165eacb3a1ab3,"{""distance"":5,""physical_error_rate"":0.0002}","{""detection_events"":15302,""detectors_checked"":17891328}"
     16384,         0,         0,   0.191,exact_mw,cb12ae119b9b2ba18d0216e7235b403229e92fd0743ede48fe7f1a2c6f45d594,"{""distance"":5,""physical_error_rate"":0.0005}","{""detection_events"":7771,""detectors_checked"":3670016}"
     76800,         0,         0,    1.18,exact_mw,cdc4a450a40af8e24899239080e4c40992fb5baf91c5a31ab3a165eacb3a1ab3,"{""distance"":5,""physical_error_rate"":0.0002}","{""detection_events"":14756,""detectors_checked"":17203200}"
     75776,         0,         0,    1.02,exact_mw,cdc4a450a40af8e24899239080e4c40992fb5baf91c5a31ab3a165eacb3a1ab3,"{""distance"":5,""physical_error_rate"":0.0002}","{""detection_events"":15104,""detectors_checked"":16973824}"
     78848,         0,         0,    1.05,exact_mw,cdc4a450a40af8e24899239080e4c40992fb5baf91c5a31ab3a165eacb3a1ab3,"{""distance"":5,""physical_error_rate"":0.0002}","{""detection_events"":15554,""detectors_checked"":17661952}"
     79872,         0,         0,    1.41,exact_mw,cdc4a450a40af8e24899239080e4c40992fb5baf91c5a31ab3a165eacb3a1ab3,"{""distance"":5,""physical_error_rate"":0.0002}","{""detection_events"":15659,""detectors_checked"":17891328}"
     71681,         0,         0,    1.23,exact_mw,cdc4a450a40af8e24899239080e4c40992fb5baf91c5a31ab3a165eacb3a1ab3,"{""distance"":5,""physical_error_rate"":0.0002}","{""detection_events"":14189,""detectors_checked"":16056544}"
     64512,         0,         0,    1.27,exact_mw,cdc4a450a40af8e24899239080e4c40992fb5baf91c5a31ab3a165eacb3a1ab3,"{""distance"":5,""physical_error_rate"":0.0002}","{""detection_events"":12937,""detectors_checked"":14450688}"
      4096,         0,         0,   0.085,exact_mw,cb12ae119b9b2ba18d0216e7235b403229e92fd0743ede48fe7f1a2c6f45d594,"{""distance"":5,""physical_error_rate"":0.0005}","{""detection_events"":2151,""detectors_checked"":917504}"
         1,         0,         0,   0.000,exact_mw,cb12ae119b9b2ba18d0216e7235b403229e92fd0743ede48fe7f1a2c6f45d594,"{""distance"":5,""physical_error_rate"":0.0005}","{""detectors_checked"":224}"
     11264,         0,         0,   0.226,exact_mw,cb12ae119b9b2ba18d0216e7235b403229e92fd0743ede48fe7f1a2c6f45d594,"{""distance"":5,""physical_error_rate"":0.0005}","{""detection_events"":5383,""detectors_checked"":2523136}"
     49152,         0,         0,   0.760,exact_mw,cdc4a450a40af8e24899239080e4c40992fb5baf91c5a31ab3a165eacb3a1ab3,"{""distance"":5,""physical_error_rate"":0.0002}","{""detection_events"":9624,""detectors_checked"":11010048}"
    527360,         0,         0,    11.5,exact_mw,cb12ae119b9b2ba18d0216e7235b403229e92fd0743ede48fe7f1a2c6f45d594,"{""distance"":5,""physical_error_rate"":0.0005}","{""detection_events"":260515,""detectors_checked"":118128640}"
     11264,         0,         0,   0.256,exact_mw,cb12ae119b9b2ba18d0216e7235b403229e92fd0743ede48fe7f1a2c6f45d594,"{""distance"":5,""physical_error_rate"":0.0005}","{""detection_events"":5384,""detectors_checked"":2523136}"
      2320,         0,         0,   0.021,exact_mw,cb12ae119b9b2ba18d0216e7235b403229e92fd0743ede48fe7f1a2c6f45d594,"{""distance"":5,""physical_error_rate"":0.0005}","{""detection_events"":1173,""detectors_checked"":519680}"
     63488,         0,         0,   0.901,exact_mw,cdc4a450a40af8e24899239080e4c40992fb5baf91c5a31ab3a165eacb3a1ab3,"{""distance"":5,""physical_error_rate"":0.0002}","{""detection_events"":12483,""detectors_checked"":14221312}"
     67584,         0,         0,    1.19,exact_mw,cdc4a450a40af8e24899239080e4c40992fb5baf91c5a31ab3a165eacb3a1ab3,"{""distance"":5,""physical_error_rate"":0.0002}","{""detection_events"":13337,""detectors_checked"":15138816}"
      9216,         0,         0,   0.209,exact_mw,cb12ae119b9b2ba18d0216e7235b403229e92fd0743ede48fe7f1a2c6f45d594,"{""distance"":5,""physical_error_rate"":0.0005}","{""detection_events"":4466,""detectors_checked"":2064384}"
      1024,         0,         0,   0.021,exact_mw,cb12ae119b9b2ba18d0216e7235b403229e92fd0743ede48fe7f1a2c6f45d594,"{""distance"":5,""physical_error_rate"":0.0005}","{""detection_events"":606,""detectors_checked"":229376}"
     71681,         0,         0,    1.09,exact_mw,cdc4a450a40af8e24899239080e4c40992fb5baf91c5a31ab3a165eacb3a1ab3,"{""distance"":5,""physical_error_rate"":0.0002}","{""detection_events"":14428,""detectors_checked"":16056544}"
      6144,         0,         0,   0.106,exact_mw,cdc4a450a40af8e24899239080e4c40992fb5baf91c5a31ab3a165eacb3a1ab3,"{""distance"":5,""physical_error_rate"":0.0002}","{""detection_events"":1234,""detectors_checked"":1376256}"
     58368,         0,         0,   0.831,exact_mw,cdc4a450a40af8e24899239080e4c40992fb5baf91c5a31ab3a165eacb3a1ab3,"{""distance"":5,""physical_error_rate"":0.0002}","{""detection_events"":11778,""detectors_checked"":13074432}"
      6144,         0,         0,   0.148,exact_mw,cb12ae119b9b2ba18d0216e7235b403229e92fd0743ede48fe7f1a2c6f45d594,"{""distance"":5,""physical_error_rate"":0.0005}","{""detection_events"":3045,""detectors_checked"":1376256}"
     10240,         0,         0,   0.123,exact_mw,cdc4a450a40af8e24899239080e4c40992fb5baf91c5a31ab3a165eacb3a1ab3,"{""distance"":5,""physical_error_rate"":0.0002}","{""detection_events"":2022,""detectors_checked"":2293760}"
      9216,         0,         0,   0.177,exact_mw,cb12ae119b9b2ba18d0216e7235b403229e92fd0743ede48fe7f1a2c6f45d594,"{""distance"":5,""physical_error_rate"":0.0005}","{""detection_events"":4535,""detectors_checked"":2064384}"
     18432,         0,         0,   0.299,exact_mw,cdc4a450a40af8e24899239080e4c40992fb5baf91c5a31ab3a165eacb3a1ab3,"{""distance"":5,""physical_error_rate"":0.0002}","{""detection_events"":3901,""detectors_checked"":4128768}"
     57073,         0,         0,   0.933,exact_mw,cdc4a450a40af8e24899239080e4c40992fb5baf91c5a31ab3a165eacb3a1ab3,"{""distance"":5,""physical_error_rate"":0.0002}","{""detection_events"":11017,""detectors_checked"":12784352}"
     62464,         0,         0,   0.921,exact_mw,cdc4a450a40af8e24899239080e4c40992fb5baf91c5a31ab3a165eacb3a1ab3,"{""distance"":5,""physical_error_rate"":0.0002}","{""detection_events"":12419,""detectors_checked"":13991936}"
     10240,         0,         0,   0.114,exact_mw,cdc4a450a40af8e24899239080e4c40992fb5baf91c5a31ab3a165eacb3a1ab3,"{""distance"":5,""physical_error_rate"":0.0002}","{""detection_events"":1978,""detectors_checked"":2293760}"
     58368,         0,         0,    1.05,exact_mw,cdc4a450a40af8e24899239080e4c40992fb5baf91c5a31ab3a165eacb3a1ab3,"{""distance"":5,""physical_error_rate"":0.0002}","{""detection_events"":11350,""detectors_checked"":13074432}"
      1024,         0,         0,   0.029,exact_mw,cb12ae119b9b2ba18d0216e7235b403229e92fd0743ede48fe7f1a2c6f45d594,"{""distance"":5,""physical_error_rate"":0.0005}","{""detection_events"":503,""detectors_checked"":229376}"
      1024,         0,         0,   0.005,exact_mw,cb12ae119b9b2ba18d0216e7235b403229e92fd0743ede48fe7f1a2c6f45d594,"{""distance"":5,""physical_error_rate"":0.0005}","{""detection_events"":534,""detectors_checked"":229376}"
     14336,         0,         0,   0.197,exact_mw,cdc4a450a40af8e24899239080e4c40992fb5baf91c5a31ab3a165eacb3a1ab3,"{""distance"":5,""physical_error_rate"":0.0002}","{""detection_events"":2804,""detectors_checked"":3211264}"
     54726,         0,         0,   0.702,exact_mw,cdc4a450a40af8e24899239080e4c40992fb5baf91c5a31ab3a165eacb3a1ab3,"{""distance"":5,""physical_error_rate"":0.0002}","{""detection_events"":10697,""detectors_checked"":12258624}"
     56320,         0,         0,    1.05,exact_mw,cdc4a450a40af8e24899239080e4c40992fb5baf91c5a31ab3a165eacb3a1ab3,"{""distance"":5,""physical_error_rate"":0.0002}","{""detection_events"":11248,""detectors_checked"":12615680}"
     57073,         0,         0,   0.637,exact_mw,cdc4a450a40af8e24899239080e4c40992fb5baf91c5a31ab3a165eacb3a1ab3,"{""distance"":5,""physical_error_rate"":0.0002}","{""detection_events"":11121,""detectors_checked"":12784352}"
     55296,         0,         0,   0.833,exact_mw,cdc4a450a40af8e24899239080e4c40992fb5baf91c5a31ab3a165eacb3a1ab3,"{""distance"":5,""physical_error_rate"":0.0002}","{""detection_events"":10799,""detectors_checked"":12386304}"
     54726,         0,         0,   0.677,exact_mw,cdc4a450a40af8e24899239080e4c40992fb5baf91c5a31ab3a165eacb3a1ab3,"{""distance"":5,""physical_error_rate"":0.0002}","{""detection_events"":10716,""detectors_checked"":12258624}"
     54272,         0,         0,   0.781,exact_mw,cdc4a450a40af8e24899239080e4c40992fb5baf91c5a31ab3a165eacb3a1ab3,"{""distance"":5,""physical_error_rate"":0.0002}","{""detection_events"":10521,""detectors_checked"":12156928}"
     14336,         0,         0,   0.173,exact_mw,cdc4a450a40af8e24899239080e4c40992fb5baf91c5a31ab3a165eacb3a1ab3,"{""distance"":5,""physical_error_rate"":0.0002}","{""detection_events"":2759,""detectors_checked"":3211264}"
     10240,         0,         0,   0.198,exact_mw,cdc4a450a40af8e24899239080e4c40992fb5baf91c5a31ab3a165eacb3a1ab3,"{""distance"":5,""physical_error_rate"":0.0002}","{""detection_events"":2169,""detectors_checked"":2293760}"
     54726,         0,         0,   0.481,exact_mw,cdc4a450a40af8e24899239080e4c40992fb5baf91c5a31ab3a165eacb3a1ab3,"{""distance"":5,""physical_error_rate"":0.0002}","{""detection_events"":10624,""detectors_checked"":12258624}"
     57073,         0,         0,   0.758,exact_mw,cdc4a450a40af8e24899239080e4c40992fb5baf91c5a31ab3a165eacb3a1ab3,"{""distance"":5,""physical_error_rate"":0.0002}","{""detection_events"":11114,""detectors_checked"":12784352}"
         1,         0,         0,   0.000,exact_mw,cb12ae119b9b2ba18d0216e7235b403229e92fd0743ede48fe7f1a2c6f45d594,"{""distance"":5,""physical_error_rate"":0.0005}","{""detectors_checked"":224}"
     54726,         0,         0,   0.762,exact_mw,cdc4a450a40af8e24899239080e4c40992fb5baf91c5a31ab3a165eacb3a1ab3,"{""distance"":5,""physical_error_rate"":0.0002}","{""detection_events"":10814,""detectors_checked"":12258624}"
     20480,         0,         0,   0.286,exact_mw,cdc4a450a40af8e24899239080e4c40992fb5baf91c5a31ab3a165eacb3a1ab3,"{""distance"":5,""physical_error_rate"":0.0002}","{""detection_events"":4132,""detectors_checked"":4587520}"
     16384,         0,         0,   0.399,exact_mw,cb12ae119b9b2ba18d0216e7235b403229e92fd0743ede48fe7f1a2c6f45d594,"{""distance"":5,""physical_error_rate"":0.0005}","{""detection_events"":7960,""detectors_checked"":3670016}"
     56320,         0,         0,   0.713,exact_mw,cdc4a450a40af8e24899239080e4c40992fb5baf91c5a31ab3a165eacb3a1ab3,"{""distance"":5,""physical_error_rate"":0.0002}","{""detection_events"":11063,""detectors_checked"":12615680}"
     12288,         0,         0,   0.298,exact_mw,cb12ae119b9b2ba18d0216e7235b403229e92fd0743ede48fe7f1a2c6f45d594,"{""distance"":5,""physical_error_rate"":0.0005}","{""detection_events"":6205,""detectors_checked"":2752512}"
     53248,         0,         0,   0.705,exact_mw,cdc4a450a40af8e24899239080e4c40992fb5baf91c5a31ab3a165eacb3a1ab3,"{""distance"":5,""physical_error_rate"":0.0002}","{""detection_events"":10679,""detectors_checked"":11927552}"
     47104,         0,         0,   0.742,exact_mw,cdc4a450a40af8e24899239080e4c40992fb5baf91c5a31ab3a165eacb3a1ab3,"{""distance"":5,""physical_error_rate"":0.0002}","{""detection_events"":9524,""detectors_checked"":10551296}"
     53248,         0,         0,   0.801,exact_mw,cdc4a450a40af8e24899239080e4c40992fb5baf91c5a31ab3a165eacb3a1ab3,"{""distance"":5,""physical_error_rate"":0.0002}","{""detection_events"":10316,""detectors_checked"":11927552}"
     50176,         0,         0,   0.670,exact_mw,cdc4a450a40af8e24899239080e4c40992fb5baf91c5a31ab3a165eacb3a1ab3,"{""distance"":5,""physical_error_rate"":0.0002}","{""detection_events"":9751,""detectors_checked"":11239424}"
      4096,         0,         0,   0.043,exact_mw,cb12ae119b9b2ba18d0216e7235b403229e92fd0743ede48fe7f1a2c6f45d594,"{""distance"":5,""physical_error_rate"":0.0005}","{""detection_events"":2078,""detectors_checked"":917504}"
     55296,         0,         0,   0.840,exact_mw,cdc4a450a40af8e24899239080e4c40992fb5baf91c5a31ab3a165eacb3a1ab3,"{""distance"":5,""physical_error_rate"":0.0002}","{""detection_events"":10981,""detectors_checked"":12386304}"
      8192,         0,         0,   0.159,exact_mw,cdc4a450a40af8e24899239080e4c40992fb5baf91c5a31ab3a165eacb3a1ab3,"{""distance"":5,""physical_error_rate"":0.0002}","{""detection_events"":1582,""detectors_checked"":1835008}"
     23552,         0,         0,   0.385,exact_mw,cdc4a450a40af8e24899239080e4c40992fb5baf91c5a31ab3a165eacb3a1ab3,"{""distance"":5,""physical_error_rate"":0.0002}","{""detection_events"":4731,""detectors_checked"":5275648}"
     49152,         0,         0,   0.718,exact_mw,cdc4a450a40af8e24899239080e4c40992fb5baf91c5a31ab3a165eacb3a1ab3,"{""distance"":5,""physical_error_rate"":0.0002}","{""detection_events"":9890,""detectors_checked"":11010048}"
      5120,         0,         0,   0.189,exact_mw,cb12ae119b9b2ba18d0216e7235b403229e92fd0743ede48fe7f1a2c6f45d594,"{""distance"":5,""physical_error_rate"":0.0005}","{""detection_events"":2621,""detectors_checked"":1146880}"
    588800,         1,         0,    11.5,exact_mw,cb12ae119b9b2ba18d0216e7235b403229e92fd0743ede48fe7f1a2c6f45d594,"{""distance"":5,""physical_error_rate"":0.0005}","{""detection_events"":291162,""detectors_checked"":131891200,""obs_mistake_mask=E"":1}"
     36864,         0,         0,   0.774,exact_mw,cb12ae119b9b2ba18d0216e7235b403229e92fd0743ede48fe7f1a2c6f45d594,"{""distance"":5,""physical_error_rate"":0.0005}","{""detection_events"":18286,""detectors_checked"":8257536}"
      2320,         0,         0,   0.029,exact_mw,cb12ae119b9b2ba18d0216e7235b403229e92fd0743ede48fe7f1a2c6f45d594,"{""distance"":5,""physical_error_rate"":0.0005}","{""detection_events"":1147,""detectors_checked"":519680}"
      1024,         0,         0,   0.003,exact_mw,cb12ae119b9b2ba18d0216e7235b403229e92fd0743ede48fe7f1a2c6f45d594,"{""distance"":5,""physical_error_rate"":0.0005}","{""detection_events"":455,""detectors_checked"":229376}"
     27648,         0,         0,   0.330,exact_mw,cdc4a450a40af8e24899239080e4c40992fb5baf91c5a31ab3a165eacb3a1ab3,"{""distance"":5,""physical_error_rate"":0.0002}","{""detection_events"":5308,""detectors_checked"":6193152}"
     20480,         0,         0,   0.407,exact_mw,cb12ae119b9b2ba18d0216e7235b403229e92fd0743ede48fe7f1a2c6f45d594,"{""distance"":5,""physical_error_rate"":0.0005}","{""detection_events"":10076,""detectors_checked"":4587520}"
     17408,         0,         0,   0.291,exact_mw,cb12ae119b9b2ba18d0216e7235b403229e92fd0743ede48fe7f1a2c6f45d594,"{""distance"":5,""physical_error_rate"":0.0005}","{""detection_events"":8721,""detectors_checked"":3899392}"
     15360,         0,         0,   0.418,exact_mw,cb12ae119b9b2ba18d0216e7235b403229e92fd0743ede48fe7f1a2c6f45d594,"{""distance"":5,""physical_error_rate"":0.0005}","{""detection_events"":7469,""detectors_checked"":3440640}"
     22528,         0,         0,   0.358,exact_mw,cdc4a450a40af8e24899239080e4c40992fb5baf91c5a31ab3a165eacb3a1ab3,"{""distance"":5,""physical_error_rate"":0.0002}","{""detection_events"":4452,""detectors_checked"":5046272}"
     32768,         0,         0,   0.418,exact_mw,cdc4a450a40af8e24899239080e4c40992fb5baf91c5a31ab3a165eacb3a1ab3,"{""distance"":5,""physical_error_rate"":0.0002}","{""detection_events"":6650,""detectors_checked"":7340032}"
     30720,         0,         0,   0.293,exact_mw,cdc4a450a40af8e24899239080e4c40992fb5baf91c5a31ab3a165eacb3a1ab3,"{""distance"":5,""physical_error_rate"":0.0002}","{""detection_events"":6138,""detectors_checked"":6881280}"
      2048,         0,         0,   0.037,exact_mw,cb12ae119b9b2ba18d0216e7235b403229e92fd0743ede48fe7f1a2c6f45d594,"{""distance"":5,""physical_error_rate"":0.0005}","{""detection_events"":1050,""detectors_checked"":458752}"
      5120,         0,         0,   0.076,exact_mw,cb12ae119b9b2ba18d0216e7235b403229e92fd0743ede48fe7f1a2c6f45d594,"{""distance"":5,""physical_error_rate"":0.0005}","{""detection_events"":2449,""detectors_checked"":1146880}"
     22528,         0,         0,   0.301,exact_mw,cb12ae119b9b2ba18d0216e7235b403229e92fd0743ede48fe7f1a2c6f45d594,"{""distance"":5,""physical_error_rate"":0.0005}","{""detection_events"":10753,""detectors_checked"":5046272}"
     16384,         0,         0,   0.186,exact_mw,cdc4a450a40af8e24899239080e4c40992fb5baf91c5a31ab3a165eacb3a1ab3,"{""distance"":5,""physical_error_rate"":0.0002}","{""detection_events"":3054,""detectors_checked"":3670016}"
     16384,         0,         0,   0.196,exact_mw,cdc4a450a40af8e24899239080e4c40992fb5baf91c5a31ab3a165eacb3a1ab3,"{""distance"":5,""physical_error_rate"":0.0002}","{""detection_events"":3166,""detectors_checked"":3670016}"
     46021,         0,         0,   0.718,exact_mw,cdc4a450a40af8e24899239080e4c40992fb5baf91c5a31ab3a165eacb3a1ab3,"{""distance"":5,""physical_error_rate"":0.0002}","{""detection_events"":9246,""detectors_checked"":10308704}"
     22528,         0,         0,   0.403,exact_mw,cb12ae119b9b2ba18d0216e7235b403229e92fd0743ede48fe7f1a2c6f45d594,"{""distance"":5,""physical_error_rate"":0.0005}","{""detection_events"":11017,""detectors_checked"":5046272}"
     38912,         0,         0,   0.528,exact_mw,cdc4a450a40af8e24899239080e4c40992fb5baf91c5a31ab3a165eacb3a1ab3,"{""distance"":5,""physical_error_rate"":0.0002}","{""detection_events"":7768,""detectors_checked"":8716288}"
     18432,         0,         0,   0.277,exact_mw,cb12ae119b9b2ba18d0216e7235b403229e92fd0743ede48fe7f1a2c6f45d594,"{""distance"":5,""physical_error_rate"":0.0005}","{""detection_events"":8709,""detectors_checked"":4128768}"
     12288,         0,         0,   0.200,exact_mw,cb12ae119b9b2ba18d0216e7235b403229e92fd0743ede48fe7f1a2c6f45d594,"{""distance"":5,""physical_error_rate"":0.0005}","{""detection_events"":6067,""detectors_checked"":2752512}"
     54272,         0,         0,   0.869,exact_mw,cdc4a450a40af8e24899239080e4c40992fb5baf91c5a31ab3a165eacb3a1ab3,"{""distance"":5,""physical_error_rate"":0.0002}","{""detection_events"":10638,""detectors_checked"":12156928}"
     24576,         0,         0,   0.397,exact_mw,cb12ae119b9b2ba18d0216e7235b403229e92fd0743ede48fe7f1a2c6f45d594,"{""distance"":5,""physical_error_rate"":0.0005}","{""detection_events"":11971,""detectors_checked"":5505024}"
     31744,         0,         0,   0.359,exact_mw,cdc4a450a40af8e24899239080e4c40992fb5baf91c5a31ab3a165eacb3a1ab3,"{""distance"":5,""physical_error_rate"":0.0002}","{""detection_events"":6096,""detectors_checked"":7110656}"
     35840,         0,         0,   0.266,exact_mw,cdc4a450a40af8e24899239080e4c40992fb5baf91c5a31ab3a165eacb3a1ab3,"{""distance"":5,""physical_error_rate"":0.0002}","{""detection_events"":6954,""detectors_checked"":8028160}"
     41984,         0,         0,   0.494,exact_mw,cdc4a450a40af8e24899239080e4c40992fb5baf91c5a31ab3a165eacb3a1ab3,"{""distance"":5,""physical_error_rate"":0.0002}","{""detection_events"":8186,""detectors_checked"":9404416}"
     33792,         0,         0,   0.516,exact_mw,cdc4a450a40af8e24899239080e4c40992fb5baf91c5a31ab3a165eacb3a1ab3,"{""distance"":5,""physical_error_rate"":0.0002}","{""detection_events"":6856,""detectors_checked"":7569408}"
      2048,         0,         0,   0.053,exact_mw,cb12ae119b9b2ba18d0216e7235b403229e92fd0743ede48fe7f1a2c6f45d594,"{""distance"":5,""physical_error_rate"":0.0005}","{""detection_events"":1092,""detectors_checked"":458752}"
     34755,         0,         0,   0.429,exact_mw,cdc4a450a40af8e24899239080e4c40992fb5baf91c5a31ab3a165eacb3a1ab3,"{""distance"":5,""physical_error_rate"":0.0002}","{""detection_events"":7058,""detectors_checked"":7785120}"
     34755,         0,         0,   0.415,exact_mw,cdc4a450a40af8e24899239080e4c40992fb5baf91c5a31ab3a165eacb3a1ab3,"{""distance"":5,""physical_error_rate"":0.0002}","{""detection_events"":6844,""detectors_checked"":7785120}"
       963,         0,         0,   0.028,exact_mw,cdc4a450a40af8e24899239080e4c40992fb5baf91c5a31ab3a165eacb3a1ab3,"{""distance"":5,""physical_error_rate"":0.0002}","{""detection_events"":180,""detectors_checked"":215712}"
     11264,         0,         0,   0.296,exact_mw,cb12ae119b9b2ba18d0216e7235b403229e92fd0743ede48fe7f1a2c6f45d594,"{""distance"":5,""physical_error_rate"":0.0005}","{""detection_events"":5655,""detectors_checked"":2523136}"
     31744,         0,         0,   0.429,exact_mw,cdc4a450a40af8e24899239080e4c40992fb5baf91c5a31ab3a165eacb3a1ab3,"{""distance"":5,""physical_error_rate"":0.0002}","{""detection_events"":6557,""detectors_checked"":7110656}"
     32768,         0,         0,   0.332,exact_mw,cdc4a450a40af8e24899239080e4c40992fb5baf91c5a31ab3a165eacb3a1ab3,"{""distance"":5,""physical_error_rate"":0.0002}","{""detection_events"":6537,""detectors_checked"":7340032}"
     31744,         0,         0,   0.427,exact_mw,cdc4a450a40af8e24899239080e4c40992fb5baf91c5a31ab3a165eacb3a1ab3,"{""distance"":5,""physical_error_rate"":0.0002}","{""detection_events"":6256,""detectors_checked"":7110656}"
     31744,         0,         0,   0.511,exact_mw,cdc4a450a40af8e24899239080e4c40992fb5baf91c5a31ab3a165eacb3a1ab3,"{""distance"":5,""physical_error_rate"":0.0002}","{""detection_events"":5931,""detectors_checked"":7110656}"
      6144,         0,         0,   0.141,exact_mw,cb12ae119b9b2ba18d0216e7235b403229e92fd0743ede48fe7f1a2c6f45d594,"{""distance"":5,""physical_error_rate"":0.0005}","{""detection_events"":3054,""detectors_checked"":1376256}"
      1024,         0,         0,   0.054,exact_mw,cb12ae119b9b2ba18d0216e7235b403229e92fd0743ede48fe7f1a2c6f45d594,"{""distance"":5,""physical_error_rate"":0.0005}","{""detection_events"":473,""detectors_checked"":229376}"
     30516,         0,         0,   0.436,exact_mw,cdc4a450a40af8e24899239080e4c40992fb5baf91c5a31ab3a165eacb3a1ab3,"{""distance"":5,""physical_error_rate"":0.0002}","{""detection_events"":5944,""detectors_checked"":6835584}"
      9216,         0,         0,   0.119,exact_mw,cb12ae119b9b2ba18d0216e7235b403229e92fd0743ede48fe7f1a2c6f45d594,"{""distance"":5,""physical_error_rate"":0.0005}","{""detection_events"":4409,""detectors_checked"":2064384}"
     29973,         0,         0,   0.334,exact_mw,cdc4a450a40af8e24899239080e4c40992fb5baf91c5a31ab3a165eacb3a1ab3,"{""distance"":5,""physical_error_rate"":0.0002}","{""detection_events"":5761,""detectors_checked"":6713952}"
     29696,         0,         0,   0.402,exact_mw,cdc4a450a40af8e24899239080e4c40992fb5baf91c5a31ab3a165eacb3a1ab3,"{""distance"":5,""physical_error_rate"":0.0002}","{""detection_events"":5927,""detectors_checked"":6651904}"
     28672,         0,         0,   0.350,exact_mw,cdc4a450a40af8e24899239080e4c40992fb5baf91c5a31ab3a165eacb3a1ab3,"{""distance"":5,""physical_error_rate"":0.0002}","{""detection_events"":5832,""detectors_checked"":6422528}"
     29696,         0,         0,   0.282,exact_mw,cdc4a450a40af8e24899239080e4c40992fb5baf91c5a31ab3a165eacb3a1ab3,"{""distance"":5,""physical_error_rate"":0.0002}","{""detection_events"":5915,""detectors_checked"":6651904}"
    486400,         0,         0,    11.5,exact_mw,cb12ae119b9b2ba18d0216e7235b403229e92fd0743ede48fe7f1a2c6f45d594,"{""distance"":5,""physical_error_rate"":0.0005}","{""detection_events"":240725,""detectors_checked"":108953600}"
     30516,         0,         0,   0.424,exact_mw,cdc4a450a40af8e24899239080e4c40992fb5baf91c5a31ab3a165eacb3a1ab3,"{""distance"":5,""physical_error_rate"":0.0002}","{""detection_events"":5970,""detectors_checked"":6835584}"
     27481,         0,         0,   0.374,exact_mw,cdc4a450a40af8e24899239080e4c40992fb5baf91c5a31ab3a165eacb3a1ab3,"{""distance"":5,""physical_error_rate"":0.0002}","{""detection_events"":5372,""detectors_checked"":6155744}"
     29696,         0,         0,   0.454,exact_mw,cdc4a450a40af8e24899239080e4c40992fb5baf91c5a31ab3a165eacb3a1ab3,"{""distance"":5,""physical_error_rate"":0.0002}","{""detection_events"":6049,""detectors_checked"":6651904}"
     13312,         0,         0,   0.298,exact_mw,cb12ae119b9b2ba18d0216e7235b403229e92fd0743ede48fe7f1a2c6f45d594,"{""distance"":5,""physical_error_rate"":0.0005}","{""detection_events"":6532,""detectors_checked"":2981888}"
     20480,         0,         0,   0.263,exact_mw,cdc4a450a40af8e24899239080e4c40992fb5baf91c5a31ab3a165eacb3a1ab3,"{""distance"":5,""physical_error_rate"":0.0002}","{""detection_events"":3935,""detectors_checked"":4587520}"
     36864,         0,         0,   0.818,exact_mw,cb12ae119b9b2ba18d0216e7235b403229e92fd0743ede48fe7f1a2c6f45d594,"{""distance"":5,""physical_error_rate"":0.0005}","{""detection_events"":18432,""detectors_checked"":8257536}"
     27648,         0,         0,   0.360,exact_mw,cdc4a450a40af8e24899239080e4c40992fb5baf91c5a31ab3a165eacb3a1ab3,"{""distance"":5,""physical_error_rate"":0.0002}","{""detection_events"":5644,""detectors_checked"":6193152}"
     27481,         0,         0,   0.376,exact_mw,cdc4a450a40af8e24899239080e4c40992fb5baf91c5a31ab3a165eacb3a1ab3,"{""distance"":5,""physical_error_rate"":0.0002}","{""detection_events"":5324,""detectors_checked"":6155744}"
     17408,         0,         0,   0.248,exact_mw,cdc4a450a40af8e24899239080e4c40992fb5baf91c5a31ab3a165eacb3a1ab3,"{""distance"":5,""physical_error_rate"":0.0002}","{""detection_events"":3623,""detectors_checked"":3899392}"
     27481,         0,         0,   0.387,exact_mw,cdc4a450a40af8e24899239080e4c40992fb5baf91c5a31ab3a165eacb3a1ab3,"{""distance"":5,""physical_error_rate"":0.0002}","{""detection_events"":5264,""detectors_checked"":6155744}"
     28672,         0,         0,   0.350,exact_mw,cdc4a450a40af8e24899239080e4c40992fb5baf91c5a31ab3a165eacb3a1ab3,"{""distance"":5,""physical_error_rate"":0.0002}","{""detection_events"":5542,""detectors_checked"":6422528}"
     26624,         0,         0,   0.401,exact_mw,cdc4a450a40af8e24899239080e4c40992fb5baf91c5a31ab3a165eacb3a1ab3,"{""distance"":5,""physical_error_rate"":0.0002}","{""detection_events"":5262,""detectors_checked"":5963776}"
     25160,         0,         0,   0.391,exact_mw,cdc4a450a40af8e24899239080e4c40992fb5baf91c5a31ab3a165eacb3a1ab3,"{""distance"":5,""physical_error_rate"":0.0002}","{""detection_events"":5019,""detectors_checked"":5635840}"
     21504,         0,         0,   0.293,exact_mw,cdc4a450a40af8e24899239080e4c40992fb5baf91c5a31ab3a165eacb3a1ab3,"{""distance"":5,""physical_error_rate"":0.0002}","{""detection_events"":4093,""detectors_checked"":4816896}"
     10240,         0,         0,   0.205,exact_mw,cdc4a450a40af8e24899239080e4c40992fb5baf91c5a31ab3a165eacb3a1ab3,"{""distance"":5,""physical_error_rate"":0.0002}","{""detection_events"":2111,""detectors_checked"":2293760}"
     65536,         0,         0,    1.13,exact_mw,cb12ae119b9b2ba18d0216e7235b403229e92fd0743ede48fe7f1a2c6f45d594,"{""distance"":5,""physical_error_rate"":0.0005}","{""detection_events"":31780,""detectors_checked"":14680064}"
   1042432,         1,         0,    11.5,exact_mw,cb12ae119b9b2ba18d0216e7235b403229e92fd0743ede48fe7f1a2c6f45d594,"{""distance"":5,""physical_error_rate"":0.0005}","{""detection_events"":512886,""detectors_checked"":233504768,""obs_mistake_mask=E"":1}"
     26624,         0,         0,   0.389,exact_mw,cdc4a450a40af8e24899239080e4c40992fb5baf91c5a31ab3a165eacb3a1ab3,"{""distance"":5,""physical_error_rate"":0.0002}","{""detection_events"":5027,""detectors_checked"":5963776}"
     23085,         0,         0,   0.268,exact_mw,cdc4a450a40af8e24899239080e4c40992fb5baf91c5a31ab3a165eacb3a1ab3,"{""distance"":5,""physical_error_rate"":0.0002}","{""detection_events"":4483,""detectors_checked"":5171040}"
     25600,         0,         0,   0.418,exact_mw,cdc4a450a40af8e24899239080e4c40992fb5baf91c5a31ab3a165eacb3a1ab3,"{""distance"":5,""physical_error_rate"":0.0002}","{""detection_events"":5104,""detectors_checked"":5734400}"
     23085,         0,         0,   0.297,exact_mw,cdc4a450a40af8e24899239080e4c40992fb5baf91c5a31ab3a165eacb3a1ab3,"{""distance"":5,""physical_error_rate"":0.0002}","{""detection_events"":4657,""detectors_checked"":5171040}"
     25600,         0,         0,   0.336,exact_mw,cdc4a450a40af8e24899239080e4c40992fb5baf91c5a31ab3a165eacb3a1ab3,"{""distance"":5,""physical_error_rate"":0.0002}","{""detection_events"":5032,""detectors_checked"":5734400}"
     17408,         0,         0,   0.409,exact_mw,cb12ae119b9b2ba18d0216e7235b403229e92fd0743ede48fe7f1a2c6f45d594,"{""distance"":5,""physical_error_rate"":0.0005}","{""detection_events"":8485,""detectors_checked"":3899392}"
     22528,         0,         0,   0.347,exact_mw,cdc4a450a40af8e24899239080e4c40992fb5baf91c5a31ab3a165eacb3a1ab3,"{""distance"":5,""physical_error_rate"":0.0002}","{""detection_events"":4549,""detectors_checked"":5046272}"
     23085,         0,         0,   0.290,exact_mw,cdc4a450a40af8e24899239080e4c40992fb5baf91c5a31ab3a165eacb3a1ab3,"{""distance"":5,""physical_error_rate"":0.0002}","{""detection_events"":4448,""detectors_checked"":5171040}"
     21504,         0,         0,   0.286,exact_mw,cdc4a450a40af8e24899239080e4c40992fb5baf91c5a31ab3a165eacb3a1ab3,"{""distance"":5,""physical_error_rate"":0.0002}","{""detection_events"":4187,""detectors_checked"":4816896}"
     23085,         0,         0,   0.277,exact_mw,cdc4a450a40af8e24899239080e4c40992fb5baf91c5a31ab3a165eacb3a1ab3,"{""distance"":5,""physical_error_rate"":0.0002}","{""detection_events"":4690,""detectors_checked"":5171040}"
     19456,         0,         0,   0.212,exact_mw,cdc4a450a40af8e24899239080e4c40992fb5baf91c5a31ab3a165eacb3a1ab3,"{""distance"":5,""physical_error_rate"":0.0002}","{""detection_events"":3822,""detectors_checked"":4358144}"
       857,         0,         0,   0.002,exact_mw,cdc4a450a40af8e24899239080e4c40992fb5baf91c5a31ab3a165eacb3a1ab3,"{""distance"":5,""physical_error_rate"":0.0002}","{""detection_events"":198,""detectors_checked"":191968}"
      3072,         0,         0,   0.093,exact_mw,cb12ae119b9b2ba18d0216e7235b403229e92fd0743ede48fe7f1a2c6f45d594,"{""distance"":5,""physical_error_rate"":0.0005}","{""detection_events"":1508,""detectors_checked"":688128}"
     19456,         0,         0,   0.270,exact_mw,cdc4a450a40af8e24899239080e4c40992fb5baf91c5a31ab3a165eacb3a1ab3,"{""distance"":5,""physical_error_rate"":0.0002}","{""detection_events"":3991,""detectors_checked"":4358144}"
     18432,         0,         0,   0.219,exact_mw,cdc4a450a40af8e24899239080e4c40992fb5baf91c5a31ab3a165eacb3a1ab3,"{""distance"":5,""physical_error_rate"":0.0002}","{""detection_events"":3546,""detectors_checked"":4128768}"
     21504,         0,         0,   0.303,exact_mw,cdc4a450a40af8e24899239080e4c40992fb5baf91c5a31ab3a165eacb3a1ab3,"{""distance"":5,""physical_error_rate"":0.0002}","{""detection_events"":4243,""detectors_checked"":4816896}"
     18432,         0,         0,   0.269,exact_mw,cdc4a450a40af8e24899239080e4c40992fb5baf91c5a31ab3a165eacb3a1ab3,"{""distance"":5,""physical_error_rate"":0.0002}","{""detection_events"":3742,""detectors_checked"":4128768}"
     22528,         0,         0,   0.279,exact_mw,cdc4a450a40af8e24899239080e4c40992fb5baf91c5a31ab3a165eacb3a1ab3,"{""distance"":5,""physical_error_rate"":0.0002}","{""detection_events"":4333,""detectors_checked"":5046272}"
     18432,         0,         0,   0.241,exact_mw,cdc4a450a40af8e24899239080e4c40992fb5baf91c5a31ab3a165eacb3a1ab3,"{""distance"":5,""physical_error_rate"":0.0002}","{""detection_events"":3779,""detectors_checked"":4128768}"
     21504,         0,         0,   0.317,exact_mw,cdc4a450a40af8e24899239080e4c40992fb5baf91c5a31ab3a165eacb3a1ab3,"{""distance"":5,""physical_error_rate"":0.0002}","{""detection_events"":4195,""detectors_checked"":4816896}"
     17408,         0,         0,   0.247,exact_mw,cdc4a450a40af8e24899239080e4c40992fb5baf91c5a31ab3a165eacb3a1ab3,"{""distance"":5,""physical_error_rate"":0.0002}","{""detection_events"":3514,""detectors_checked"":3899392}"
     19854,         0,         0,   0.296,exact_mw,cdc4a450a40af8e24899239080e4c40992fb5baf91c5a31ab3a165eacb3a1ab3,"{""distance"":5,""physical_error_rate"":0.0002}","{""detection_events"":4124,""detectors_checked"":4447296}"
     19854,         0,         0,   0.312,exact_mw,cdc4a450a40af8e24899239080e4c40992fb5baf91c5a31ab3a165eacb3a1ab3,"{""distance"":5,""physical_error_rate"":0.0002}","{""detection_events"":3870,""detectors_checked"":4447296}"
     21126,         0,         0,   0.340,exact_mw,cdc4a450a40af8e24899239080e4c40992fb5baf91c5a31ab3a165eacb3a1ab3,"{""distance"":5,""physical_error_rate"":0.0002}","{""detection_events"":4400,""detectors_checked"":4732224}"
     18432,         0,         0,   0.202,exact_mw,cdc4a450a40af8e24899239080e4c40992fb5baf91c5a31ab3a165eacb3a1ab3,"{""distance"":5,""physical_error_rate"":0.0002}","{""detection_events"":3646,""detectors_checked"":4128768}"
     19854,         0,         0,   0.339,exact_mw,cdc4a450a40af8e24899239080e4c40992fb5baf91c5a31ab3a165eacb3a1ab3,"{""distance"":5,""physical_error_rate"":0.0002}","{""detection_events"":3969,""detectors_checked"":4447296}"
     18432,         0,         0,   0.270,exact_mw,cdc4a450a40af8e24899239080e4c40992fb5baf91c5a31ab3a165eacb3a1ab3,"{""distance"":5,""physical_error_rate"":0.0002}","{""detection_events"":3671,""detectors_checked"":4128768}"
     20480,         0,         0,   0.318,exact_mw,cdc4a450a40af8e24899239080e4c40992fb5baf91c5a31ab3a165eacb3a1ab3,"{""distance"":5,""physical_error_rate"":0.0002}","{""detection_events"":3965,""detectors_checked"":4587520}"
      1703,         0,         0,   0.005,exact_mw,cdc4a450a40af8e24899239080e4c40992fb5baf91c5a31ab3a165eacb3a1ab3,"{""distance"":5,""physical_error_rate"":0.0002}","{""detection_events"":324,""detectors_checked"":381472}"
     13312,         0,         0,   0.154,exact_mw,cdc4a450a40af8e24899239080e4c40992fb5baf91c5a31ab3a165eacb3a1ab3,"{""distance"":5,""physical_error_rate"":0.0002}","{""detection_events"":2611,""detectors_checked"":2981888}"
     14336,         0,         0,   0.239,exact_mw,cdc4a450a40af8e24899239080e4c40992fb5baf91c5a31ab3a165eacb3a1ab3,"{""distance"":5,""physical_error_rate"":0.0002}","{""detection_events"":2939,""detectors_checked"":3211264}"
     18432,         0,         0,   0.236,exact_mw,cdc4a450a40af8e24899239080e4c40992fb5baf91c5a31ab3a165eacb3a1ab3,"{""distance"":5,""physical_error_rate"":0.0002}","{""detection_events"":3605,""detectors_checked"":4128768}"
      9976,         0,         0,   0.073,exact_mw,cdc4a450a40af8e24899239080e4c40992fb5baf91c5a31ab3a165eacb3a1ab3,"{""distance"":5,""physical_error_rate"":0.0002}","{""detection_events"":1951,""detectors_checked"":2234624}"
     13312,         0,         0,   0.224,exact_mw,cdc4a450a40af8e24899239080e4c40992fb5baf91c5a31ab3a165eacb3a1ab3,"{""distance"":5,""physical_error_rate"":0.0002}","{""detection_events"":2489,""detectors_checked"":2981888}"
     11443,         0,         0,   0.146,exact_mw,cdc4a450a40af8e24899239080e4c40992fb5baf91c5a31ab3a165eacb3a1ab3,"{""distance"":5,""physical_error_rate"":0.0002}","{""detection_events"":2048,""detectors_checked"":2563232}"
      4653,         0,         0,   0.020,exact_mw,cdc4a450a40af8e24899239080e4c40992fb5baf91c5a31ab3a165eacb3a1ab3,"{""distance"":5,""physical_error_rate"":0.0002}","{""detection_events"":832,""detectors_checked"":1042272}"
     11056,         0,         0,   0.086,exact_mw,cdc4a450a40af8e24899239080e4c40992fb5baf91c5a31ab3a165eacb3a1ab3,"{""distance"":5,""physical_error_rate"":0.0002}","{""detection_events"":2246,""detectors_checked"":2476544}"
     11264,         0,         0,   0.124,exact_mw,cdc4a450a40af8e24899239080e4c40992fb5baf91c5a31ab3a165eacb3a1ab3,"{""distance"":5,""physical_error_rate"":0.0002}","{""detection_events"":2240,""detectors_checked"":2523136}"
     20480,         0,         0,   0.382,exact_mw,cdc4a450a40af8e24899239080e4c40992fb5baf91c5a31ab3a165eacb3a1ab3,"{""distance"":5,""physical_error_rate"":0.0002}","{""detection_events"":4150,""detectors_checked"":4587520}"
     12288,         0,         0,   0.140,exact_mw,cdc4a450a40af8e24899239080e4c40992fb5baf91c5a31ab3a165eacb3a1ab3,"{""distance"":5,""physical_error_rate"":0.0002}","{""detection_events"":2445,""detectors_checked"":2752512}"
     14192,         0,         0,   0.136,exact_mw,cdc4a450a40af8e24899239080e4c40992fb5baf91c5a31ab3a165eacb3a1ab3,"{""distance"":5,""physical_error_rate"":0.0002}","{""detection_events"":2702,""detectors_checked"":3179008}"
     10240,         0,         0,   0.098,exact_mw,cdc4a450a40af8e24899239080e4c40992fb5baf91c5a31ab3a165eacb3a1ab3,"{""distance"":5,""physical_error_rate"":0.0002}","{""detection_events"":2157,""detectors_checked"":2293760}"
     11443,         0,         0,   0.140,exact_mw,cdc4a450a40af8e24899239080e4c40992fb5baf91c5a31ab3a165eacb3a1ab3,"{""distance"":5,""physical_error_rate"":0.0002}","{""detection_events"":2302,""detectors_checked"":2563232}"
     18432,         0,         0,   0.221,exact_mw,cdc4a450a40af8e24899239080e4c40992fb5baf91c5a31ab3a165eacb3a1ab3,"{""distance"":5,""physical_error_rate"":0.0002}","{""detection_events"":3579,""detectors_checked"":4128768}"
     10240,         0,         0,   0.123,exact_mw,cdc4a450a40af8e24899239080e4c40992fb5baf91c5a31ab3a165eacb3a1ab3,"{""distance"":5,""physical_error_rate"":0.0002}","{""detection_events"":2092,""detectors_checked"":2293760}"
      5677,         0,         0,   0.041,exact_mw,cdc4a450a40af8e24899239080e4c40992fb5baf91c5a31ab3a165eacb3a1ab3,"{""distance"":5,""physical_error_rate"":0.0002}","{""detection_events"":1069,""detectors_checked"":1271648}"
     14192,         0,         0,   0.187,exact_mw,cdc4a450a40af8e24899239080e4c40992fb5baf91c5a31ab3a165eacb3a1ab3,"{""distance"":5,""physical_error_rate"":0.0002}","{""detection_events"":2894,""detectors_checked"":3179008}"
      9216,         0,         0,   0.114,exact_mw,cdc4a450a40af8e24899239080e4c40992fb5baf91c5a31ab3a165eacb3a1ab3,"{""distance"":5,""physical_error_rate"":0.0002}","{""detection_events"":1857,""detectors_checked"":2064384}"
     16384,         0,         0,   0.210,exact_mw,cdc4a450a40af8e24899239080e4c40992fb5baf91c5a31ab3a165eacb3a1ab3,"{""distance"":5,""physical_error_rate"":0.0002}","{""detection_events"":2986,""detectors_checked"":3670016}"
     13312,         0,         0,   0.203,exact_mw,cdc4a450a40af8e24899239080e4c40992fb5baf91c5a31ab3a165eacb3a1ab3,"{""distance"":5,""physical_error_rate"":0.0002}","{""detection_events"":2602,""detectors_checked"":2981888}"
     14192,         0,         0,   0.210,exact_mw,cdc4a450a40af8e24899239080e4c40992fb5baf91c5a31ab3a165eacb3a1ab3,"{""distance"":5,""physical_error_rate"":0.0002}","{""detection_events"":2821,""detectors_checked"":3179008}"
      7627,         0,         0,   0.053,exact_mw,cdc4a450a40af8e24899239080e4c40992fb5baf91c5a31ab3a165eacb3a1ab3,"{""distance"":5,""physical_error_rate"":0.0002}","{""detection_events"":1600,""detectors_checked"":1708448}"
     13551,         0,         0,   0.252,exact_mw,cdc4a450a40af8e24899239080e4c40992fb5baf91c5a31ab3a165eacb3a1ab3,"{""distance"":5,""physical_error_rate"":0.0002}","{""detection_events"":2710,""detectors_checked"":3035424}"
      9562,         0,         0,   0.099,exact_mw,cdc4a450a40af8e24899239080e4c40992fb5baf91c5a31ab3a165eacb3a1ab3,"{""distance"":5,""physical_error_rate"":0.0002}","{""detection_events"":1868,""detectors_checked"":2141888}"
      6289,         0,         0,   0.024,exact_mw,cdc4a450a40af8e24899239080e4c40992fb5baf91c5a31ab3a165eacb3a1ab3,"{""distance"":5,""physical_error_rate"":0.0002}","{""detection_events"":1264,""detectors_checked"":1408736}"
      6686,         0,         0,   0.052,exact_mw,cdc4a450a40af8e24899239080e4c40992fb5baf91c5a31ab3a165eacb3a1ab3,"{""distance"":5,""physical_error_rate"":0.0002}","{""detection_events"":1283,""detectors_checked"":1497664}"
      8116,         0,         0,   0.074,exact_mw,cdc4a450a40af8e24899239080e4c40992fb5baf91c5a31ab3a165eacb3a1ab3,"{""distance"":5,""physical_error_rate"":0.0002}","{""detection_events"":1518,""detectors_checked"":1817984}"
       646,         0,         0,   0.002,exact_mw,cdc4a450a40af8e24899239080e4c40992fb5baf91c5a31ab3a165eacb3a1ab3,"{""distance"":5,""physical_error_rate"":0.0002}","{""detection_events"":135,""detectors_checked"":144704}"
     19854,         0,         0,   0.236,exact_mw,cdc4a450a40af8e24899239080e4c40992fb5baf91c5a31ab3a165eacb3a1ab3,"{""distance"":5,""physical_error_rate"":0.0002}","{""detection_events"":3813,""detectors_checked"":4447296}"
      7414,         0,         0,   0.038,exact_mw,cdc4a450a40af8e24899239080e4c40992fb5baf91c5a31ab3a165eacb3a1ab3,"{""distance"":5,""physical_error_rate"":0.0002}","{""detection_events"":1474,""detectors_checked"":1660736}"
      3966,         0,         0,   0.051,exact_mw,cdc4a450a40af8e24899239080e4c40992fb5baf91c5a31ab3a165eacb3a1ab3,"{""distance"":5,""physical_error_rate"":0.0002}","{""detection_events"":729,""detectors_checked"":888384}"
      2928,         0,         0,   0.018,exact_mw,cdc4a450a40af8e24899239080e4c40992fb5baf91c5a31ab3a165eacb3a1ab3,"{""distance"":5,""physical_error_rate"":0.0002}","{""detection_events"":557,""detectors_checked"":655872}"
      2286,         0,         0,   0.006,exact_mw,cdc4a450a40af8e24899239080e4c40992fb5baf91c5a31ab3a165eacb3a1ab3,"{""distance"":5,""physical_error_rate"":0.0002}","{""detection_events"":442,""detectors_checked"":512064}"
     19456,         0,         0,   0.284,exact_mw,cdc4a450a40af8e24899239080e4c40992fb5baf91c5a31ab3a165eacb3a1ab3,"{""distance"":5,""physical_error_rate"":0.0002}","{""detection_events"":3798,""detectors_checked"":4358144}"
      7522,         0,         0,   0.069,exact_mw,cdc4a450a40af8e24899239080e4c40992fb5baf91c5a31ab3a165eacb3a1ab3,"{""distance"":5,""physical_error_rate"":0.0002}","{""detection_events"":1548,""detectors_checked"":1684928}"
      3420,         0,         0,   0.017,exact_mw,cdc4a450a40af8e24899239080e4c40992fb5baf91c5a31ab3a165eacb3a1ab3,"{""distance"":5,""physical_error_rate"":0.0002}","{""detection_events"":542,""detectors_checked"":766080}"
      3137,         0,         0,   0.014,exact_mw,cdc4a450a40af8e24899239080e4c40992fb5baf91c5a31ab3a165eacb3a1ab3,"{""distance"":5,""physical_error_rate"":0.0002}","{""detection_events"":610,""detectors_checked"":702688}"
      9562,         0,         0,   0.101,exact_mw,cdc4a450a40af8e24899239080e4c40992fb5baf91c5a31ab3a165eacb3a1ab3,"{""distance"":5,""physical_error_rate"":0.0002}","{""detection_events"":1862,""detectors_checked"":2141888}"
     11443,         0,         0,   0.121,exact_mw,cdc4a450a40af8e24899239080e4c40992fb5baf91c5a31ab3a165eacb3a1ab3,"{""distance"":5,""physical_error_rate"":0.0002}","{""detection_events"":2159,""detectors_checked"":2563232}"
      4901,         0,         0,   0.023,exact_mw,cdc4a450a40af8e24899239080e4c40992fb5baf91c5a31ab3a165eacb3a1ab3,"{""distance"":5,""physical_error_rate"":0.0002}","{""detection_events"":933,""detectors_checked"":1097824}"
      9025,         0,         0,   0.130,exact_mw,cdc4a450a40af8e24899239080e4c40992fb5baf91c5a31ab3a165eacb3a1ab3,"{""distance"":5,""physical_error_rate"":0.0002}","{""detection_events"":1819,""detectors_checked"":2021600}"
      9216,         0,         0,   0.069,exact_mw,cdc4a450a40af8e24899239080e4c40992fb5baf91c5a31ab3a165eacb3a1ab3,"{""distance"":5,""physical_error_rate"":0.0002}","{""detection_events"":1816,""detectors_checked"":2064384}"
     10240,         0,         0,   0.167,exact_mw,cb12ae119b9b2ba18d0216e7235b403229e92fd0743ede48fe7f1a2c6f45d594,"{""distance"":5,""physical_error_rate"":0.0005}","{""detection_events"":4841,""detectors_checked"":2293760}"
      9216,         0,         0,   0.123,exact_mw,cdc4a450a40af8e24899239080e4c40992fb5baf91c5a31ab3a165eacb3a1ab3,"{""distance"":5,""physical_error_rate"":0.0002}","{""detection_events"":1931,""detectors_checked"":2064384}"
     11264,         0,         0,   0.158,exact_mw,cdc4a450a40af8e24899239080e4c40992fb5baf91c5a31ab3a165eacb3a1ab3,"{""distance"":5,""physical_error_rate"":0.0002}","{""detection_events"":2265,""detectors_checked"":2523136}"
     12288,         0,         0,   0.189,exact_mw,cdc4a450a40af8e24899239080e4c40992fb5baf91c5a31ab3a165eacb3a1ab3,"{""distance"":5,""physical_error_rate"":0.0002}","{""detection_events"":2509,""detectors_checked"":2752512}"
      9216,         0,         0,   0.091,exact_mw,cdc4a450a40af8e24899239080e4c40992fb5baf91c5a31ab3a165eacb3a1ab3,"{""distance"":5,""physical_error_rate"":0.0002}","{""detection_events"":1796,""detectors_checked"":2064384}"
      1959,         0,         0,   0.005,exact_mw,cdc4a450a40af8e24899239080e4c40992fb5baf91c5a31ab3a165eacb3a1ab3,"{""distance"":5,""physical_error_rate"":0.0002}","{""detection_events"":314,""detectors_checked"":438816}"
      4630,         0,         0,   0.029,exact_mw,cdc4a450a40af8e24899239080e4c40992fb5baf91c5a31ab3a165eacb3a1ab3,"{""distance"":5,""physical_error_rate"":0.0002}","{""detection_events"":934,""detectors_checked"":1037120}"
       242,         0,         0,   0.001,exact_mw,cdc4a450a40af8e24899239080e4c40992fb5baf91c5a31ab3a165eacb3a1ab3,"{""distance"":5,""physical_error_rate"":0.0002}","{""detection_events"":39,""detectors_checked"":54208}"
      6144,         0,         0,   0.093,exact_mw,cdc4a450a40af8e24899239080e4c40992fb5baf91c5a31ab3a165eacb3a1ab3,"{""distance"":5,""physical_error_rate"":0.0002}","{""detection_events"":1203,""detectors_checked"":1376256}"
     10240,         0,         0,   0.115,exact_mw,cdc4a450a40af8e24899239080e4c40992fb5baf91c5a31ab3a165eacb3a1ab3,"{""distance"":5,""physical_error_rate"":0.0002}","{""detection_events"":1958,""detectors_checked"":2293760}"
      5656,         0,         0,   0.052,exact_mw,cdc4a450a40af8e24899239080e4c40992fb5baf91c5a31ab3a165eacb3a1ab3,"{""distance"":5,""physical_error_rate"":0.0002}","{""detection_events"":1126,""detectors_checked"":1266944}"
       267,         0,         0,   0.001,exact_mw,cdc4a450a40af8e24899239080e4c40992fb5baf91c5a31ab3a165eacb3a1ab3,"{""distance"":5,""physical_error_rate"":0.0002}","{""detection_events"":66,""detectors_checked"":59808}"
     10240,         0,         0,   0.188,exact_mw,cdc4a450a40af8e24899239080e4c40992fb5baf91c5a31ab3a165eacb3a1ab3,"{""distance"":5,""physical_error_rate"":0.0002}","{""detection_events"":2044,""detectors_checked"":2293760}"
      8192,         0,         0,   0.129,exact_mw,cdc4a450a40af8e24899239080e4c40992fb5baf91c5a31ab3a165eacb3a1ab3,"{""distance"":5,""physical_error_rate"":0.0002}","{""detection_events"":1546,""detectors_checked"":1835008}"
        95,         0,         0,   0.000,exact_mw,cdc4a450a40af8e24899239080e4c40992fb5baf91c5a31ab3a165eacb3a1ab3,"{""distance"":5,""physical_error_rate"":0.0002}","{""detection_events"":13,""detectors_checked"":21280}"
        73,         0,         0,   0.000,exact_mw,cdc4a450a40af8e24899239080e4c40992fb5baf91c5a31ab3a165eacb3a1ab3,"{""distance"":5,""physical_error_rate"":0.0002}","{""detection_events"":15,""detectors_checked"":16352}"
     10811,         0,         0,   0.192,exact_mw,cdc4a450a40af8e24899239080e4c40992fb5baf91c5a31ab3a165eacb3a1ab3,"{""distance"":5,""physical_error_rate"":0.0002}","{""detection_events"":2025,""detectors_checked"":2421664}"
      9216,         0,         0,   0.097,exact_mw,cdc4a450a40af8e24899239080e4c40992fb5baf91c5a31ab3a165eacb3a1ab3,"{""distance"":5,""physical_error_rate"":0.0002}","{""detection_events"":1822,""detectors_checked"":2064384}"
       483,         0,         0,   0.001,exact_mw,cdc4a450a40af8e24899239080e4c40992fb5baf91c5a31ab3a165eacb3a1ab3,"{""distance"":5,""physical_error_rate"":0.0002}","{""detection_events"":126,""detectors_checked"":108192}"
      7168,         0,         0,   0.124,exact_mw,cdc4a450a40af8e24899239080e4c40992fb5baf91c5a31ab3a165eacb3a1ab3,"{""distance"":5,""physical_error_rate"":0.0002}","{""detection_events"":1447,""detectors_checked"":1605632}"
      8192,         0,         0,   0.133,exact_mw,cdc4a450a40af8e24899239080e4c40992fb5baf91c5a31ab3a165eacb3a1ab3,"{""distance"":5,""physical_error_rate"":0.0002}","{""detection_events"":1652,""detectors_checked"":1835008}"
     28672,         0,         0,   0.779,exact_mw,cb12ae119b9b2ba18d0216e7235b403229e92fd0743ede48fe7f1a2c6f45d594,"{""distance"":5,""physical_error_rate"":0.0005}","{""detection_events"":13767,""detectors_checked"":6422528}"
      6144,         0,         0,   0.039,exact_mw,cdc4a450a40af8e24899239080e4c40992fb5baf91c5a31ab3a165eacb3a1ab3,"{""distance"":5,""physical_error_rate"":0.0002}","{""detection_events"":1265,""detectors_checked"":1376256}"
      8192,         0,         0,   0.119,exact_mw,cdc4a450a40af8e24899239080e4c40992fb5baf91c5a31ab3a165eacb3a1ab3,"{""distance"":5,""physical_error_rate"":0.0002}","{""detection_events"":1711,""detectors_checked"":1835008}"
      6144,         0,         0,   0.059,exact_mw,cdc4a450a40af8e24899239080e4c40992fb5baf91c5a31ab3a165eacb3a1ab3,"{""distance"":5,""physical_error_rate"":0.0002}","{""detection_events"":1294,""detectors_checked"":1376256}"
        89,         0,         0,   0.000,exact_mw,cdc4a450a40af8e24899239080e4c40992fb5baf91c5a31ab3a165eacb3a1ab3,"{""distance"":5,""physical_error_rate"":0.0002}","{""detection_events"":26,""detectors_checked"":19936}"
       395,         0,         0,   0.001,exact_mw,cdc4a450a40af8e24899239080e4c40992fb5baf91c5a31ab3a165eacb3a1ab3,"{""distance"":5,""physical_error_rate"":0.0002}","{""detection_events"":62,""detectors_checked"":88480}"
     26624,         0,         0,   0.406,exact_mw,cb12ae119b9b2ba18d0216e7235b403229e92fd0743ede48fe7f1a2c6f45d594,"{""distance"":5,""physical_error_rate"":0.0005}","{""detection_events"":13185,""detectors_checked"":5963776}"
      4259,         0,         0,   0.033,exact_mw,cdc4a450a40af8e24899239080e4c40992fb5baf91c5a31ab3a165eacb3a1ab3,"{""distance"":5,""physical_error_rate"":0.0002}","{""detection_events"":893,""detectors_checked"":954016}"
        65,         0,         0,   0.000,exact_mw,cdc4a450a40af8e24899239080e4c40992fb5baf91c5a31ab3a165eacb3a1ab3,"{""distance"":5,""physical_error_rate"":0.0002}","{""detection_events"":14,""detectors_checked"":14560}"
      7168,         0,         0,   0.113,exact_mw,cdc4a450a40af8e24899239080e4c40992fb5baf91c5a31ab3a165eacb3a1ab3,"{""distance"":5,""physical_error_rate"":0.0002}","{""detection_events"":1322,""detectors_checked"":1605632}"
       346,         0,         0,   0.001,exact_mw,cdc4a450a40af8e24899239080e4c40992fb5baf91c5a31ab3a165eacb3a1ab3,"{""distance"":5,""physical_error_rate"":0.0002}","{""detection_events"":60,""detectors_checked"":77504}"
      6144,         0,         0,   0.067,exact_mw,cdc4a450a40af8e24899239080e4c40992fb5baf91c5a31ab3a165eacb3a1ab3,"{""distance"":5,""physical_error_rate"":0.0002}","{""detection_events"":1197,""detectors_checked"":1376256}"
      3344,         0,         0,   0.030,exact_mw,cdc4a450a40af8e24899239080e4c40992fb5baf91c5a31ab3a165eacb3a1ab3,"{""distance"":5,""physical_error_rate"":0.0002}","{""detection_events"":687,""detectors_checked"":749056}"
      7395,         0,         0,   0.106,exact_mw,cdc4a450a40af8e24899239080e4c40992fb5baf91c5a31ab3a165eacb3a1ab3,"{""distance"":5,""physical_error_rate"":0.0002}","{""detection_events"":1471,""detectors_checked"":1656480}"
       584,         0,         0,   0.002,exact_mw,cdc4a450a40af8e24899239080e4c40992fb5baf91c5a31ab3a165eacb3a1ab3,"{""distance"":5,""physical_error_rate"":0.0002}","{""detection_events"":102,""detectors_checked"":130816}"
      2749,         0,         0,   0.021,exact_mw,cdc4a450a40af8e24899239080e4c40992fb5baf91c5a31ab3a165eacb3a1ab3,"{""distance"":5,""physical_error_rate"":0.0002}","{""detection_events"":557,""detectors_checked"":615776}"
      7168,         0,         0,   0.209,exact_mw,cb12ae119b9b2ba18d0216e7235b403229e92fd0743ede48fe7f1a2c6f45d594,"{""distance"":5,""physical_error_rate"":0.0005}","{""detection_events"":3438,""detectors_checked"":1605632}"
       111,         0,         0,   0.000,exact_mw,cdc4a450a40af8e24899239080e4c40992fb5baf91c5a31ab3a165eacb3a1ab3,"{""distance"":5,""physical_error_rate"":0.0002}","{""detection_events"":27,""detectors_checked"":24864}"
      2404,         0,         0,   0.011,exact_mw,cdc4a450a40af8e24899239080e4c40992fb5baf91c5a31ab3a165eacb3a1ab3,"{""distance"":5,""physical_error_rate"":0.0002}","{""detection_events"":482,""detectors_checked"":538496}"
      2669,         0,         0,   0.011,exact_mw,cdc4a450a40af8e24899239080e4c40992fb5baf91c5a31ab3a165eacb3a1ab3,"{""distance"":5,""physical_error_rate"":0.0002}","{""detection_events"":542,""detectors_checked"":597856}"
       864,         0,         0,   0.003,exact_mw,cdc4a450a40af8e24899239080e4c40992fb5baf91c5a31ab3a165eacb3a1ab3,"{""distance"":5,""physical_error_rate"":0.0002}","{""detection_events"":157,""detectors_checked"":193536}"
      1222,         0,         0,   0.004,exact_mw,cdc4a450a40af8e24899239080e4c40992fb5baf91c5a31ab3a165eacb3a1ab3,"{""distance"":5,""physical_error_rate"":0.0002}","{""detection_events"":285,""detectors_checked"":273728}"
        43,         0,         0,   0.000,exact_mw,cdc4a450a40af8e24899239080e4c40992fb5baf91c5a31ab3a165eacb3a1ab3,"{""distance"":5,""physical_error_rate"":0.0002}","{""detection_events"":10,""detectors_checked"":9632}"
       425,         0,         0,   0.001,exact_mw,cdc4a450a40af8e24899239080e4c40992fb5baf91c5a31ab3a165eacb3a1ab3,"{""distance"":5,""physical_error_rate"":0.0002}","{""detection_events"":73,""detectors_checked"":95200}"
       685,         0,         0,   0.002,exact_mw,cdc4a450a40af8e24899239080e4c40992fb5baf91c5a31ab3a165eacb3a1ab3,"{""distance"":5,""physical_error_rate"":0.0002}","{""detection_events"":111,""detectors_checked"":153440}"
      1820,         0,         0,   0.008,exact_mw,cdc4a450a40af8e24899239080e4c40992fb5baf91c5a31ab3a165eacb3a1ab3,"{""distance"":5,""physical_error_rate"":0.0002}","{""detection_events"":381,""detectors_checked"":407680}"
      3072,         0,         0,   0.009,exact_mw,cdc4a450a40af8e24899239080e4c40992fb5baf91c5a31ab3a165eacb3a1ab3,"{""distance"":5,""physical_error_rate"":0.0002}","{""detection_events"":626,""detectors_checked"":688128}"
      6144,         0,         0,   0.073,exact_mw,cdc4a450a40af8e24899239080e4c40992fb5baf91c5a31ab3a165eacb3a1ab3,"{""distance"":5,""physical_error_rate"":0.0002}","{""detection_events"":1251,""detectors_checked"":1376256}"
       179,         0,         0,   0.001,exact_mw,cdc4a450a40af8e24899239080e4c40992fb5baf91c5a31ab3a165eacb3a1ab3,"{""distance"":5,""physical_error_rate"":0.0002}","{""detection_events"":31,""detectors_checked"":40096}"
      1670,         0,         0,   0.005,exact_mw,cdc4a450a40af8e24899239080e4c40992fb5baf91c5a31ab3a165eacb3a1ab3,"{""distance"":5,""physical_error_rate"":0.0002}","{""detection_events"":369,""detectors_checked"":374080}"
      3072,         0,         0,   0.024,exact_mw,cdc4a450a40af8e24899239080e4c40992fb5baf91c5a31ab3a165eacb3a1ab3,"{""distance"":5,""physical_error_rate"":0.0002}","{""detection_events"":509,""detectors_checked"":688128}"
        62,         0,         0,   0.000,exact_mw,cdc4a450a40af8e24899239080e4c40992fb5baf91c5a31ab3a165eacb3a1ab3,"{""distance"":5,""physical_error_rate"":0.0002}","{""detection_events"":16,""detectors_checked"":13888}"
       117,         0,         0,   0.000,exact_mw,cdc4a450a40af8e24899239080e4c40992fb5baf91c5a31ab3a165eacb3a1ab3,"{""distance"":5,""physical_error_rate"":0.0002}","{""detection_events"":26,""detectors_checked"":26208}"
       175,         0,         0,   0.001,exact_mw,cdc4a450a40af8e24899239080e4c40992fb5baf91c5a31ab3a165eacb3a1ab3,"{""distance"":5,""physical_error_rate"":0.0002}","{""detection_events"":45,""detectors_checked"":39200}"
        18,         0,         0,   0.000,exact_mw,cdc4a450a40af8e24899239080e4c40992fb5baf91c5a31ab3a165eacb3a1ab3,"{""distance"":5,""physical_error_rate"":0.0002}","{""detection_events"":7,""detectors_checked"":4032}"
      2602,         0,         0,   0.013,exact_mw,cdc4a450a40af8e24899239080e4c40992fb5baf91c5a31ab3a165eacb3a1ab3,"{""distance"":5,""physical_error_rate"":0.0002}","{""detection_events"":477,""detectors_checked"":582848}"
        97,         0,         0,   0.000,exact_mw,cdc4a450a40af8e24899239080e4c40992fb5baf91c5a31ab3a165eacb3a1ab3,"{""distance"":5,""physical_error_rate"":0.0002}","{""detection_events"":16,""detectors_checked"":21728}"
      1214,         0,         0,   0.004,exact_mw,cdc4a450a40af8e24899239080e4c40992fb5baf91c5a31ab3a165eacb3a1ab3,"{""distance"":5,""physical_error_rate"":0.0002}","{""detection_events"":204,""detectors_checked"":271936}"
      1203,         0,         0,   0.003,exact_mw,cdc4a450a40af8e24899239080e4c40992fb5baf91c5a31ab3a165eacb3a1ab3,"{""distance"":5,""physical_error_rate"":0.0002}","{""detection_events"":224,""detectors_checked"":269472}"
       571,         0,         0,   0.002,exact_mw,cdc4a450a40af8e24899239080e4c40992fb5baf91c5a31ab3a165eacb3a1ab3,"{""distance"":5,""physical_error_rate"":0.0002}","{""detection_events"":78,""detectors_checked"":127904}"
        67,         0,         0,   0.000,exact_mw,cdc4a450a40af8e24899239080e4c40992fb5baf91c5a31ab3a165eacb3a1ab3,"{""distance"":5,""physical_error_rate"":0.0002}","{""detection_events"":13,""detectors_checked"":15008}"
       798,         0,         0,   0.002,exact_mw,cdc4a450a40af8e24899239080e4c40992fb5baf91c5a31ab3a165eacb3a1ab3,"{""distance"":5,""physical_error_rate"":0.0002}","{""detection_events"":149,""detectors_checked"":178752}"
      5662,         0,         0,   0.088,exact_mw,cdc4a450a40af8e24899239080e4c40992fb5baf91c5a31ab3a165eacb3a1ab3,"{""distance"":5,""physical_error_rate"":0.0002}","{""detection_events"":1149,""detectors_checked"":1268288}"
      2632,         0,         0,   0.008,exact_mw,cdc4a450a40af8e24899239080e4c40992fb5baf91c5a31ab3a165eacb3a1ab3,"{""distance"":5,""physical_error_rate"":0.0002}","{""detection_events"":530,""detectors_checked"":589568}"
      1229,         0,         0,   0.004,exact_mw,cdc4a450a40af8e24899239080e4c40992fb5baf91c5a31ab3a165eacb3a1ab3,"{""distance"":5,""physical_error_rate"":0.0002}","{""detection_events"":230,""detectors_checked"":275296}"
      8192,         0,         0,   0.101,exact_mw,cdc4a450a40af8e24899239080e4c40992fb5baf91c5a31ab3a165eacb3a1ab3,"{""distance"":5,""physical_error_rate"":0.0002}","{""detection_events"":1696,""detectors_checked"":1835008}"
       265,         0,         0,   0.003,exact_mw,cdc4a450a40af8e24899239080e4c40992fb5baf91c5a31ab3a165eacb3a1ab3,"{""distance"":5,""physical_error_rate"":0.0002}","{""detection_events"":51,""detectors_checked"":59360}"
      3072,         0,         0,   0.063,exact_mw,cdc4a450a40af8e24899239080e4c40992fb5baf91c5a31ab3a165eacb3a1ab3,"{""distance"":5,""physical_error_rate"":0.0002}","{""detection_events"":528,""detectors_checked"":688128}"
      5834,         0,         0,   0.068,exact_mw,cdc4a450a40af8e24899239080e4c40992fb5baf91c5a31ab3a165eacb3a1ab3,"{""distance"":5,""physical_error_rate"":0.0002}","{""detection_events"":1278,""detectors_checked"":1306816}"
       612,         0,         0,   0.002,exact_mw,cdc4a450a40af8e24899239080e4c40992fb5baf91c5a31ab3a165eacb3a1ab3,"{""distance"":5,""physical_error_rate"":0.0002}","{""detection_events"":96,""detectors_checked"":137088}"
      2031,         0,         0,   0.006,exact_mw,cdc4a450a40af8e24899239080e4c40992fb5baf91c5a31ab3a165eacb3a1ab3,"{""distance"":5,""physical_error_rate"":0.0002}","{""detection_events"":371,""detectors_checked"":454944}"
       134,         0,         0,   0.001,exact_mw,cdc4a450a40af8e24899239080e4c40992fb5baf91c5a31ab3a165eacb3a1ab3,"{""distance"":5,""physical_error_rate"":0.0002}","{""detection_events"":40,""detectors_checked"":30016}"
      3184,         0,         0,   0.012,exact_mw,cdc4a450a40af8e24899239080e4c40992fb5baf91c5a31ab3a165eacb3a1ab3,"{""distance"":5,""physical_error_rate"":0.0002}","{""detection_events"":669,""detectors_checked"":713216}"
      5227,         0,         0,   0.044,exact_mw,cdc4a450a40af8e24899239080e4c40992fb5baf91c5a31ab3a165eacb3a1ab3,"{""distance"":5,""physical_error_rate"":0.0002}","{""detection_events"":1083,""detectors_checked"":1170848}"
      5120,         0,         0,   0.051,exact_mw,cdc4a450a40af8e24899239080e4c40992fb5baf91c5a31ab3a165eacb3a1ab3,"{""distance"":5,""physical_error_rate"":0.0002}","{""detection_events"":1041,""detectors_checked"":1146880}"
        46,         0,         0,   0.000,exact_mw,cdc4a450a40af8e24899239080e4c40992fb5baf91c5a31ab3a165eacb3a1ab3,"{""distance"":5,""physical_error_rate"":0.0002}","{""detection_events"":2,""detectors_checked"":10304}"
      2420,         0,         0,   0.007,exact_mw,cdc4a450a40af8e24899239080e4c40992fb5baf91c5a31ab3a165eacb3a1ab3,"{""distance"":5,""physical_error_rate"":0.0002}","{""detection_events"":462,""detectors_checked"":542080}"
      5120,         0,         0,   0.043,exact_mw,cdc4a450a40af8e24899239080e4c40992fb5baf91c5a31ab3a165eacb3a1ab3,"{""distance"":5,""physical_error_rate"":0.0002}","{""detection_events"":1085,""detectors_checked"":1146880}"
       435,         0,         0,   0.001,exact_mw,cdc4a450a40af8e24899239080e4c40992fb5baf91c5a31ab3a165eacb3a1ab3,"{""distance"":5,""physical_error_rate"":0.0002}","{""detection_events"":87,""detectors_checked"":97440}"
       346,         0,         0,   0.001,exact_mw,cdc4a450a40af8e24899239080e4c40992fb5baf91c5a31ab3a165eacb3a1ab3,"{""distance"":5,""physical_error_rate"":0.0002}","{""detection_events"":48,""detectors_checked"":77504}"
       876,         0,         0,   0.002,exact_mw,cdc4a450a40af8e24899239080e4c40992fb5baf91c5a31ab3a165eacb3a1ab3,"{""distance"":5,""physical_error_rate"":0.0002}","{""detection_events"":182,""detectors_checked"":196224}"
         2,         0,         0,   0.000,exact_mw,cdc4a450a40af8e24899239080e4c40992fb5baf91c5a31ab3a165eacb3a1ab3,"{""distance"":5,""physical_error_rate"":0.0002}","{""detectors_checked"":448}"
        60,         0,         0,   0.000,exact_mw,cdc4a450a40af8e24899239080e4c40992fb5baf91c5a31ab3a165eacb3a1ab3,"{""distance"":5,""physical_error_rate"":0.0002}","{""detection_events"":12,""detectors_checked"":13440}"
      5120,         0,         0,   0.107,exact_mw,cb12ae119b9b2ba18d0216e7235b403229e92fd0743ede48fe7f1a2c6f45d594,"{""distance"":5,""physical_error_rate"":0.0005}","{""detection_events"":2671,""detectors_checked"":1146880}"
      2499,         0,         0,   0.014,exact_mw,cdc4a450a40af8e24899239080e4c40992fb5baf91c5a31ab3a165eacb3a1ab3,"{""distance"":5,""physical_error_rate"":0.0002}","{""detection_events"":472,""detectors_checked"":559776}"
      6844,         0,         0,   0.077,exact_mw,cdc4a450a40af8e24899239080e4c40992fb5baf91c5a31ab3a165eacb3a1ab3,"{""distance"":5,""physical_error_rate"":0.0002}","{""detection_events"":1349,""detectors_checked"":1533056}"
         5,         0,         0,   0.000,exact_mw,cdc4a450a40af8e24899239080e4c40992fb5baf91c5a31ab3a165eacb3a1ab3,"{""distance"":5,""physical_error_rate"":0.0002}","{""detectors_checked"":1120}"
        41,         0,         0,   0.000,exact_mw,cdc4a450a40af8e24899239080e4c40992fb5baf91c5a31ab3a165eacb3a1ab3,"{""distance"":5,""physical_error_rate"":0.0002}","{""detection_events"":10,""detectors_checked"":9184}"
         7,         0,         0,   0.001,exact_mw,cdc4a450a40af8e24899239080e4c40992fb5baf91c5a31ab3a165eacb3a1ab3,"{""distance"":5,""physical_error_rate"":0.0002}","{""detectors_checked"":1568}"
      5227,         0,         0,   0.034,exact_mw,cdc4a450a40af8e24899239080e4c40992fb5baf91c5a31ab3a165eacb3a1ab3,"{""distance"":5,""physical_error_rate"":0.0002}","{""detection_events"":932,""detectors_checked"":1170848}"
         2,         0,         0,   0.000,exact_mw,cdc4a450a40af8e24899239080e4c40992fb5baf91c5a31ab3a165eacb3a1ab3,"{""distance"":5,""physical_error_rate"":0.0002}","{""detection_events"":1,""detectors_checked"":448}"
       464,         0,         0,   0.001,exact_mw,cdc4a450a40af8e24899239080e4c40992fb5baf91c5a31ab3a165eacb3a1ab3,"{""distance"":5,""physical_error_rate"":0.0002}","{""detection_events"":98,""detectors_checked"":103936}"
       455,         0,         0,   0.001,exact_mw,cdc4a450a40af8e24899239080e4c40992fb5baf91c5a31ab3a165eacb3a1ab3,"{""distance"":5,""physical_error_rate"":0.0002}","{""detection_events"":86,""detectors_checked"":101920}"
      6144,         0,         0,   0.083,exact_mw,cdc4a450a40af8e24899239080e4c40992fb5baf91c5a31ab3a165eacb3a1ab3,"{""distance"":5,""physical_error_rate"":0.0002}","{""detection_events"":1168,""detectors_checked"":1376256}"
      1374,         0,         0,   0.004,exact_mw,cdc4a450a40af8e24899239080e4c40992fb5baf91c5a31ab3a165eacb3a1ab3,"{""distance"":5,""physical_error_rate"":0.0002}","{""detection_events"":247,""detectors_checked"":307776}"
       175,         0,         0,   0.001,exact_mw,cdc4a450a40af8e24899239080e4c40992fb5baf91c5a31ab3a165eacb3a1ab3,"{""distance"":5,""physical_error_rate"":0.0002}","{""detection_events"":15,""detectors_checked"":39200}"
         6,         0,         0,   0.000,exact_mw,cdc4a450a40af8e24899239080e4c40992fb5baf91c5a31ab3a165eacb3a1ab3,"{""distance"":5,""physical_error_rate"":0.0002}","{""detectors_checked"":1344}"
      4099,         0,         0,   0.034,exact_mw,cdc4a450a40af8e24899239080e4c40992fb5baf91c5a31ab3a165eacb3a1ab3,"{""distance"":5,""physical_error_rate"":0.0002}","{""detection_events"":816,""detectors_checked"":918176}"
      2632,         0,         0,   0.008,exact_mw,cdc4a450a40af8e24899239080e4c40992fb5baf91c5a31ab3a165eacb3a1ab3,"{""distance"":5,""physical_error_rate"":0.0002}","{""detection_events"":490,""detectors_checked"":589568}"
      2247,         0,         0,   0.015,exact_mw,cdc4a450a40af8e24899239080e4c40992fb5baf91c5a31ab3a165eacb3a1ab3,"{""distance"":5,""physical_error_rate"":0.0002}","{""detection_events"":493,""detectors_checked"":503328}"
      4096,         0,         0,   0.046,exact_mw,cdc4a450a40af8e24899239080e4c40992fb5baf91c5a31ab3a165eacb3a1ab3,"{""distance"":5,""physical_error_rate"":0.0002}","{""detection_events"":846,""detectors_checked"":917504}"
     20480,         0,         0,   0.296,exact_mw,cb12ae119b9b2ba18d0216e7235b403229e92fd0743ede48fe7f1a2c6f45d594,"{""distance"":5,""physical_error_rate"":0.0005}","{""detection_events"":9987,""detectors_checked"":4587520}"
       833,         0,         0,   0.002,exact_mw,cdc4a450a40af8e24899239080e4c40992fb5baf91c5a31ab3a165eacb3a1ab3,"{""distance"":5,""physical_error_rate"":0.0002}","{""detection_events"":135,""detectors_checked"":186592}"
       988,         0,         0,   0.003,exact_mw,cdc4a450a40af8e24899239080e4c40992fb5baf91c5a31ab3a165eacb3a1ab3,"{""distance"":5,""physical_error_rate"":0.0002}","{""detection_events"":153,""detectors_checked"":221312}"
      2002,         0,         0,   0.006,exact_mw,cdc4a450a40af8e24899239080e4c40992fb5baf91c5a31ab3a165eacb3a1ab3,"{""distance"":5,""physical_error_rate"":0.0002}","{""detection_events"":445,""detectors_checked"":448448}"
      5371,         0,         0,   0.062,exact_mw,cdc4a450a40af8e24899239080e4c40992fb5baf91c5a31ab3a165eacb3a1ab3,"{""distance"":5,""physical_error_rate"":0.0002}","{""detection_events"":1049,""detectors_checked"":1203104}"
      1075,         0,         0,   0.003,exact_mw,cdc4a450a40af8e24899239080e4c40992fb5baf91c5a31ab3a165eacb3a1ab3,"{""distance"":5,""physical_error_rate"":0.0002}","{""detection_events"":167,""detectors_checked"":240800}"
      2632,         0,         0,   0.023,exact_mw,cdc4a450a40af8e24899239080e4c40992fb5baf91c5a31ab3a165eacb3a1ab3,"{""distance"":5,""physical_error_rate"":0.0002}","{""detection_events"":532,""detectors_checked"":589568}"
        97,         0,         0,   0.000,exact_mw,cdc4a450a40af8e24899239080e4c40992fb5baf91c5a31ab3a165eacb3a1ab3,"{""distance"":5,""physical_error_rate"":0.0002}","{""detection_events"":15,""detectors_checked"":21728}"
       569,         0,         0,   0.002,exact_mw,cdc4a450a40af8e24899239080e4c40992fb5baf91c5a31ab3a165eacb3a1ab3,"{""distance"":5,""physical_error_rate"":0.0002}","{""detection_events"":111,""detectors_checked"":127456}"
      1415,         0,         0,   0.004,exact_mw,cdc4a450a40af8e24899239080e4c40992fb5baf91c5a31ab3a165eacb3a1ab3,"{""distance"":5,""physical_error_rate"":0.0002}","{""detection_events"":263,""detectors_checked"":316960}"
        22,         0,         0,   0.000,exact_mw,cdc4a450a40af8e24899239080e4c40992fb5baf91c5a31ab3a165eacb3a1ab3,"{""distance"":5,""physical_error_rate"":0.0002}","{""detection_events"":13,""detectors_checked"":4928}"
      2048,         0,         0,   0.016,exact_mw,cdc4a450a40af8e24899239080e4c40992fb5baf91c5a31ab3a165eacb3a1ab3,"{""distance"":5,""physical_error_rate"":0.0002}","{""detection_events"":430,""detectors_checked"":458752}"
      1709,         0,         0,   0.021,exact_mw,cdc4a450a40af8e24899239080e4c40992fb5baf91c5a31ab3a165eacb3a1ab3,"{""distance"":5,""physical_error_rate"":0.0002}","{""detection_events"":308,""detectors_checked"":382816}"
       398,         0,         0,   0.001,exact_mw,cdc4a450a40af8e24899239080e4c40992fb5baf91c5a31ab3a165eacb3a1ab3,"{""distance"":5,""physical_error_rate"":0.0002}","{""detection_events"":68,""detectors_checked"":89152}"
      2048,         0,         0,   0.011,exact_mw,cdc4a450a40af8e24899239080e4c40992fb5baf91c5a31ab3a165eacb3a1ab3,"{""distance"":5,""physical_error_rate"":0.0002}","{""detection_events"":377,""detectors_checked"":458752}"
      1814,         0,         0,   0.020,exact_mw,cdc4a450a40af8e24899239080e4c40992fb5baf91c5a31ab3a165eacb3a1ab3,"{""distance"":5,""physical_error_rate"":0.0002}","{""detection_events"":370,""detectors_checked"":406336}"
       910,         0,         0,   0.003,exact_mw,cdc4a450a40af8e24899239080e4c40992fb5baf91c5a31ab3a165eacb3a1ab3,"{""distance"":5,""physical_error_rate"":0.0002}","{""detection_events"":223,""detectors_checked"":203840}"
        81,         0,         0,   0.000,exact_mw,cdc4a450a40af8e24899239080e4c40992fb5baf91c5a31ab3a165eacb3a1ab3,"{""distance"":5,""physical_error_rate"":0.0002}","{""detection_events"":23,""detectors_checked"":18144}"
      1415,         0,         0,   0.004,exact_mw,cdc4a450a40af8e24899239080e4c40992fb5baf91c5a31ab3a165eacb3a1ab3,"{""distance"":5,""physical_error_rate"":0.0002}","{""detection_events"":245,""detectors_checked"":316960}"
       115,         0,         0,   0.001,exact_mw,cdc4a450a40af8e24899239080e4c40992fb5baf91c5a31ab3a165eacb3a1ab3,"{""distance"":5,""physical_error_rate"":0.0002}","{""detection_events"":22,""detectors_checked"":25760}"
       132,         0,         0,   0.001,exact_mw,cdc4a450a40af8e24899239080e4c40992fb5baf91c5a31ab3a165eacb3a1ab3,"{""distance"":5,""physical_error_rate"":0.0002}","{""detection_events"":28,""detectors_checked"":29568}"
      5120,         0,         0,   0.113,exact_mw,cdc4a450a40af8e24899239080e4c40992fb5baf91c5a31ab3a165eacb3a1ab3,"{""distance"":5,""physical_error_rate"":0.0002}","{""detection_events"":1054,""detectors_checked"":1146880}"
       251,         0,         0,   0.001,exact_mw,cdc4a450a40af8e24899239080e4c40992fb5baf91c5a31ab3a165eacb3a1ab3,"{""distance"":5,""physical_error_rate"":0.0002}","{""detection_events"":61,""detectors_checked"":56224}"
        16,         0,         0,   0.000,exact_mw,cdc4a450a40af8e24899239080e4c40992fb5baf91c5a31ab3a165eacb3a1ab3,"{""distance"":5,""physical_error_rate"":0.0002}","{""detection_events"":4,""detectors_checked"":3584}"
       336,         0,         0,   0.001,exact_mw,cdc4a450a40af8e24899239080e4c40992fb5baf91c5a31ab3a165eacb3a1ab3,"{""distance"":5,""physical_error_rate"":0.0002}","{""detection_events"":72,""detectors_checked"":75264}"
       588,         0,         0,   0.002,exact_mw,cdc4a450a40af8e24899239080e4c40992fb5baf91c5a31ab3a165eacb3a1ab3,"{""distance"":5,""physical_error_rate"":0.0002}","{""detection_events"":162,""detectors_checked"":131712}"
        89,         0,         0,   0.000,exact_mw,cdc4a450a40af8e24899239080e4c40992fb5baf91c5a31ab3a165eacb3a1ab3,"{""distance"":5,""physical_error_rate"":0.0002}","{""detection_events"":25,""detectors_checked"":19936}"
        21,         0,         0,   0.000,exact_mw,cdc4a450a40af8e24899239080e4c40992fb5baf91c5a31ab3a165eacb3a1ab3,"{""distance"":5,""physical_error_rate"":0.0002}","{""detection_events"":10,""detectors_checked"":4704}"
       115,         0,         0,   0.011,exact_mw,cdc4a450a40af8e24899239080e4c40992fb5baf91c5a31ab3a165eacb3a1ab3,"{""distance"":5,""physical_error_rate"":0.0002}","{""detection_events"":8,""detectors_checked"":25760}"
      3072,         0,         0,   0.024,exact_mw,cdc4a450a40af8e24899239080e4c40992fb5baf91c5a31ab3a165eacb3a1ab3,"{""distance"":5,""physical_error_rate"":0.0002}","{""detection_events"":642,""detectors_checked"":688128}"
        16,         0,         0,   0.000,exact_mw,cdc4a450a40af8e24899239080e4c40992fb5baf91c5a31ab3a165eacb3a1ab3,"{""distance"":5,""physical_error_rate"":0.0002}","{""detection_events"":4,""detectors_checked"":3584}"
       154,         0,         0,   0.001,exact_mw,cdc4a450a40af8e24899239080e4c40992fb5baf91c5a31ab3a165eacb3a1ab3,"{""distance"":5,""physical_error_rate"":0.0002}","{""detection_events"":33,""detectors_checked"":34496}"
       501,         0,         0,   0.002,exact_mw,cdc4a450a40af8e24899239080e4c40992fb5baf91c5a31ab3a165eacb3a1ab3,"{""distance"":5,""physical_error_rate"":0.0002}","{""detection_events"":79,""detectors_checked"":112224}"
       643,         0,         0,   0.002,exact_mw,cdc4a450a40af8e24899239080e4c40992fb5baf91c5a31ab3a165eacb3a1ab3,"{""distance"":5,""physical_error_rate"":0.0002}","{""detection_events"":86,""detectors_checked"":144032}"
        90,         0,         0,   0.000,exact_mw,cdc4a450a40af8e24899239080e4c40992fb5baf91c5a31ab3a165eacb3a1ab3,"{""distance"":5,""physical_error_rate"":0.0002}","{""detection_events"":26,""detectors_checked"":20160}"
       144,         0,         0,   0.001,exact_mw,cdc4a450a40af8e24899239080e4c40992fb5baf91c5a31ab3a165eacb3a1ab3,"{""distance"":5,""physical_error_rate"":0.0002}","{""detection_events"":28,""detectors_checked"":32256}"
      1814,         0,         0,   0.026,exact_mw,cdc4a450a40af8e24899239080e4c40992fb5baf91c5a31ab3a165eacb3a1ab3,"{""distance"":5,""physical_error_rate"":0.0002}","{""detection_events"":338,""detectors_checked"":406336}"
       703,         0,         0,   0.002,exact_mw,cdc4a450a40af8e24899239080e4c40992fb5baf91c5a31ab3a165eacb3a1ab3,"{""distance"":5,""physical_error_rate"":0.0002}","{""detection_events"":117,""detectors_checked"":157472}"
       222,         0,         0,   0.001,exact_mw,cdc4a450a40af8e24899239080e4c40992fb5baf91c5a31ab3a165eacb3a1ab3,"{""distance"":5,""physical_error_rate"":0.0002}","{""detection_events"":44,""detectors_checked"":49728}"
       218,         0,         0,   0.001,exact_mw,cdc4a450a40af8e24899239080e4c40992fb5baf91c5a31ab3a165eacb3a1ab3,"{""distance"":5,""physical_error_rate"":0.0002}","{""detection_events"":42,""detectors_checked"":48832}"
       218,         0,         0,   0.001,exact_mw,cdc4a450a40af8e24899239080e4c40992fb5baf91c5a31ab3a165eacb3a1ab3,"{""distance"":5,""physical_error_rate"":0.0002}","{""detection_events"":39,""detectors_checked"":48832}"
         1,         0,         0,   0.000,exact_mw,cdc4a450a40af8e24899239080e4c40992fb5baf91c5a31ab3a165eacb3a1ab3,"{""distance"":5,""physical_error_rate"":0.0002}","{""detectors_checked"":224}"
       218,         0,         0,   0.001,exact_mw,cdc4a450a40af8e24899239080e4c40992fb5baf91c5a31ab3a165eacb3a1ab3,"{""distance"":5,""physical_error_rate"":0.0002}","{""detection_events"":50,""detectors_checked"":48832}"
       643,         0,         0,   0.002,exact_mw,cdc4a450a40af8e24899239080e4c40992fb5baf91c5a31ab3a165eacb3a1ab3,"{""distance"":5,""physical_error_rate"":0.0002}","{""detection_events"":106,""detectors_checked"":144032}"
       302,         0,         0,   0.001,exact_mw,cdc4a450a40af8e24899239080e4c40992fb5baf91c5a31ab3a165eacb3a1ab3,"{""distance"":5,""physical_error_rate"":0.0002}","{""detection_events"":26,""detectors_checked"":67648}"
       218,         0,         0,   0.001,exact_mw,cdc4a450a40af8e24899239080e4c40992fb5baf91c5a31ab3a165eacb3a1ab3,"{""distance"":5,""physical_error_rate"":0.0002}","{""detection_events"":47,""detectors_checked"":48832}"
       690,         0,         0,   0.002,exact_mw,cdc4a450a40af8e24899239080e4c40992fb5baf91c5a31ab3a165eacb3a1ab3,"{""distance"":5,""physical_error_rate"":0.0002}","{""detection_events"":154,""detectors_checked"":154560}"
       306,         0,         0,   0.001,exact_mw,cdc4a450a40af8e24899239080e4c40992fb5baf91c5a31ab3a165eacb3a1ab3,"{""distance"":5,""physical_error_rate"":0.0002}","{""detection_events"":58,""detectors_checked"":68544}"
        46,         0,         0,   0.000,exact_mw,cdc4a450a40af8e24899239080e4c40992fb5baf91c5a31ab3a165eacb3a1ab3,"{""distance"":5,""physical_error_rate"":0.0002}","{""detection_events"":8,""detectors_checked"":10304}"
       218,         0,         0,   0.001,exact_mw,cdc4a450a40af8e24899239080e4c40992fb5baf91c5a31ab3a165eacb3a1ab3,"{""distance"":5,""physical_error_rate"":0.0002}","{""detection_events"":25,""detectors_checked"":48832}"
         1,         0,         0,   0.000,exact_mw,cdc4a450a40af8e24899239080e4c40992fb5baf91c5a31ab3a165eacb3a1ab3,"{""distance"":5,""physical_error_rate"":0.0002}","{""detectors_checked"":224}"
       218,         0,         0,   0.001,exact_mw,cdc4a450a40af8e24899239080e4c40992fb5baf91c5a31ab3a165eacb3a1ab3,"{""distance"":5,""physical_error_rate"":0.0002}","{""detection_events"":33,""detectors_checked"":48832}"
       410,         0,         0,   0.001,exact_mw,cdc4a450a40af8e24899239080e4c40992fb5baf91c5a31ab3a165eacb3a1ab3,"{""distance"":5,""physical_error_rate"":0.0002}","{""detection_events"":93,""detectors_checked"":91840}"
        43,         0,         0,   0.000,exact_mw,cdc4a450a40af8e24899239080e4c40992fb5baf91c5a31ab3a165eacb3a1ab3,"{""distance"":5,""physical_error_rate"":0.0002}","{""detection_events"":10,""detectors_checked"":9632}"
       306,         0,         0,   0.003,exact_mw,cdc4a450a40af8e24899239080e4c40992fb5baf91c5a31ab3a165eacb3a1ab3,"{""distance"":5,""physical_error_rate"":0.0002}","{""detection_events"":49,""detectors_checked"":68544}"
       218,         0,         0,   0.001,exact_mw,cdc4a450a40af8e24899239080e4c40992fb5baf91c5a31ab3a165eacb3a1ab3,"{""distance"":5,""physical_error_rate"":0.0002}","{""detection_events"":25,""detectors_checked"":48832}"
       151,         0,         0,   0.001,exact_mw,cdc4a450a40af8e24899239080e4c40992fb5baf91c5a31ab3a165eacb3a1ab3,"{""distance"":5,""physical_error_rate"":0.0002}","{""detection_events"":21,""detectors_checked"":33824}"
       130,         0,         0,   0.001,exact_mw,cdc4a450a40af8e24899239080e4c40992fb5baf91c5a31ab3a165eacb3a1ab3,"{""distance"":5,""physical_error_rate"":0.0002}","{""detection_events"":33,""detectors_checked"":29120}"
        13,         0,         0,   0.000,exact_mw,cdc4a450a40af8e24899239080e4c40992fb5baf91c5a31ab3a165eacb3a1ab3,"{""distance"":5,""physical_error_rate"":0.0002}","{""detectors_checked"":2912}"
        15,         0,         0,   0.000,exact_mw,cdc4a450a40af8e24899239080e4c40992fb5baf91c5a31ab3a165eacb3a1ab3,"{""distance"":5,""physical_error_rate"":0.0002}","{""detectors_checked"":3360}"
        81,         0,         0,   0.000,exact_mw,cdc4a450a40af8e24899239080e4c40992fb5baf91c5a31ab3a165eacb3a1ab3,"{""distance"":5,""physical_error_rate"":0.0002}","{""detection_events"":18,""detectors_checked"":18144}"
         6,         0,         0,   0.000,exact_mw,cdc4a450a40af8e24899239080e4c40992fb5baf91c5a31ab3a165eacb3a1ab3,"{""distance"":5,""physical_error_rate"":0.0002}","{""detection_events"":4,""detectors_checked"":1344}"
         4,         0,         0,   0.000,exact_mw,cdc4a450a40af8e24899239080e4c40992fb5baf91c5a31ab3a165eacb3a1ab3,"{""distance"":5,""physical_error_rate"":0.0002}","{""detectors_checked"":896}"
       149,         0,         0,   0.001,exact_mw,cdc4a450a40af8e24899239080e4c40992fb5baf91c5a31ab3a165eacb3a1ab3,"{""distance"":5,""physical_error_rate"":0.0002}","{""detection_events"":38,""detectors_checked"":33376}"
         4,         0,         0,   0.000,exact_mw,cdc4a450a40af8e24899239080e4c40992fb5baf91c5a31ab3a165eacb3a1ab3,"{""distance"":5,""physical_error_rate"":0.0002}","{""detection_events"":2,""detectors_checked"":896}"
       127,         0,         0,   0.001,exact_mw,cdc4a450a40af8e24899239080e4c40992fb5baf91c5a31ab3a165eacb3a1ab3,"{""distance"":5,""physical_error_rate"":0.0002}","{""detection_events"":34,""detectors_checked"":28448}"
         4,         0,         0,   0.000,exact_mw,cdc4a450a40af8e24899239080e4c40992fb5baf91c5a31ab3a165eacb3a1ab3,"{""distance"":5,""physical_error_rate"":0.0002}","{""detectors_checked"":896}"
         4,         0,         0,   0.000,exact_mw,cdc4a450a40af8e24899239080e4c40992fb5baf91c5a31ab3a165eacb3a1ab3,"{""distance"":5,""physical_error_rate"":0.0002}","{""detection_events"":6,""detectors_checked"":896}"
        37,         0,         0,   0.000,exact_mw,cdc4a450a40af8e24899239080e4c40992fb5baf91c5a31ab3a165eacb3a1ab3,"{""distance"":5,""physical_error_rate"":0.0002}","{""detection_events"":3,""detectors_checked"":8288}"
         4,         0,         0,   0.000,exact_mw,cdc4a450a40af8e24899239080e4c40992fb5baf91c5a31ab3a165eacb3a1ab3,"{""distance"":5,""physical_error_rate"":0.0002}","{""detection_events"":2,""detectors_checked"":896}"
        78,         0,         0,   0.000,exact_mw,cdc4a450a40af8e24899239080e4c40992fb5baf91c5a31ab3a165eacb3a1ab3,"{""distance"":5,""physical_error_rate"":0.0002}","{""detection_events"":22,""detectors_checked"":17472}"
        13,         0,         0,   0.000,exact_mw,cdc4a450a40af8e24899239080e4c40992fb5baf91c5a31ab3a165eacb3a1ab3,"{""distance"":5,""physical_error_rate"":0.0002}","{""detection_events"":9,""detectors_checked"":2912}"
        13,         0,         0,   0.000,exact_mw,cdc4a450a40af8e24899239080e4c40992fb5baf91c5a31ab3a165eacb3a1ab3,"{""distance"":5,""physical_error_rate"":0.0002}","{""detection_events"":5,""detectors_checked"":2912}"
        13,         0,         0,   0.000,exact_mw,cdc4a450a40af8e24899239080e4c40992fb5baf91c5a31ab3a165eacb3a1ab3,"{""distance"":5,""physical_error_rate"":0.0002}","{""detection_events"":1,""detectors_checked"":2912}"
         9,         0,         0,   0.000,exact_mw,cdc4a450a40af8e24899239080e4c40992fb5baf91c5a31ab3a165eacb3a1ab3,"{""distance"":5,""physical_error_rate"":0.0002}","{""detection_events"":2,""detectors_checked"":2016}"
         1,         0,         0,   0.000,exact_mw,cdc4a450a40af8e24899239080e4c40992fb5baf91c5a31ab3a165eacb3a1ab3,"{""distance"":5,""physical_error_rate"":0.0002}","{""detectors_checked"":224}"
        26,         0,         0,   0.000,exact_mw,cdc4a450a40af8e24899239080e4c40992fb5baf91c5a31ab3a165eacb3a1ab3,"{""distance"":5,""physical_error_rate"":0.0002}","{""detection_events"":2,""detectors_checked"":5824}"
         4,         0,         0,   0.000,exact_mw,cdc4a450a40af8e24899239080e4c40992fb5baf91c5a31ab3a165eacb3a1ab3,"{""distance"":5,""physical_error_rate"":0.0002}","{""detectors_checked"":896}"
        13,         0,         0,   0.000,exact_mw,cdc4a450a40af8e24899239080e4c40992fb5baf91c5a31ab3a165eacb3a1ab3,"{""distance"":5,""physical_error_rate"":0.0002}","{""detection_events"":2,""detectors_checked"":2912}"
         4,         0,         0,   0.000,exact_mw,cdc4a450a40af8e24899239080e4c40992fb5baf91c5a31ab3a165eacb3a1ab3,"{""distance"":5,""physical_error_rate"":0.0002}","{""detectors_checked"":896}"
         7,         0,         0,   0.000,exact_mw,cdc4a450a40af8e24899239080e4c40992fb5baf91c5a31ab3a165eacb3a1ab3,"{""distance"":5,""physical_error_rate"":0.0002}","{""detectors_checked"":1568}"
        12,         0,         0,   0.000,exact_mw,cdc4a450a40af8e24899239080e4c40992fb5baf91c5a31ab3a165eacb3a1ab3,"{""distance"":5,""physical_error_rate"":0.0002}","{""detection_events"":9,""detectors_checked"":2688}"
         6,         0,         0,   0.000,exact_mw,cdc4a450a40af8e24899239080e4c40992fb5baf91c5a31ab3a165eacb3a1ab3,"{""distance"":5,""physical_error_rate"":0.0002}","{""detectors_checked"":1344}"
         7,         0,         0,   0.000,exact_mw,cdc4a450a40af8e24899239080e4c40992fb5baf91c5a31ab3a165eacb3a1ab3,"{""distance"":5,""physical_error_rate"":0.0002}","{""detectors_checked"":1568}"
         5,         0,         0,   0.000,exact_mw,cdc4a450a40af8e24899239080e4c40992fb5baf91c5a31ab3a165eacb3a1ab3,"{""distance"":5,""physical_error_rate"":0.0002}","{""detectors_checked"":1120}"
         5,         0,         0,   0.000,exact_mw,cdc4a450a40af8e24899239080e4c40992fb5baf91c5a31ab3a165eacb3a1ab3,"{""distance"":5,""physical_error_rate"":0.0002}","{""detectors_checked"":1120}"
         2,         0,         0,   0.000,exact_mw,cdc4a450a40af8e24899239080e4c40992fb5baf91c5a31ab3a165eacb3a1ab3,"{""distance"":5,""physical_error_rate"":0.0002}","{""detectors_checked"":448}"
         5,         0,         0,   0.000,exact_mw,cdc4a450a40af8e24899239080e4c40992fb5baf91c5a31ab3a165eacb3a1ab3,"{""distance"":5,""physical_error_rate"":0.0002}","{""detectors_checked"":1120}"
         7,         0,         0,   0.000,exact_mw,cdc4a450a40af8e24899239080e4c40992fb5baf91c5a31ab3a165eacb3a1ab3,"{""distance"":5,""physical_error_rate"":0.0002}","{""detectors_checked"":1568}"
         5,         0,         0,   0.000,exact_mw,cdc4a450a40af8e24899239080e4c40992fb5baf91c5a31ab3a165eacb3a1ab3,"{""distance"":5,""physical_error_rate"":0.0002}","{""detectors_checked"":1120}"
         6,         0,         0,   0.000,exact_mw,cdc4a450a40af8e24899239080e4c40992fb5baf91c5a31ab3a165eacb3a1ab3,"{""distance"":5,""physical_error_rate"":0.0002}","{""detection_events"":2,""detectors_checked"":1344}"
        15,         0,         0,   0.000,exact_mw,cdc4a450a40af8e24899239080e4c40992fb5baf91c5a31ab3a165eacb3a1ab3,"{""distance"":5,""physical_error_rate"":0.0002}","{""detection_events"":2,""detectors_checked"":3360}"
         4,         0,         0,   0.000,exact_mw,cdc4a450a40af8e24899239080e4c40992fb5baf91c5a31ab3a165eacb3a1ab3,"{""distance"":5,""physical_error_rate"":0.0002}","{""detectors_checked"":896}"
         4,         0,         0,   0.000,exact_mw,cdc4a450a40af8e24899239080e4c40992fb5baf91c5a31ab3a165eacb3a1ab3,"{""distance"":5,""physical_error_rate"":0.0002}","{""detectors_checked"":896}"
         5,         0,         0,   0.000,exact_mw,cdc4a450a40af8e24899239080e4c40992fb5baf91c5a31ab3a165eacb3a1ab3,"{""distance"":5,""physical_error_rate"":0.0002}","{""detectors_checked"":1120}"
        18,         0,         0,   0.000,exact_mw,cdc4a450a40af8e24899239080e4c40992fb5baf91c5a31ab3a165eacb3a1ab3,"{""distance"":5,""physical_error_rate"":0.0002}","{""detectors_checked"":4032}"
        18,         0,         0,   0.000,exact_mw,cdc4a450a40af8e24899239080e4c40992fb5baf91c5a31ab3a165eacb3a1ab3,"{""distance"":5,""physical_error_rate"":0.0002}","{""detection_events"":2,""detectors_checked"":4032}"
         3,         0,         0,   0.000,exact_mw,cdc4a450a40af8e24899239080e4c40992fb5baf91c5a31ab3a165eacb3a1ab3,"{""distance"":5,""physical_error_rate"":0.0002}","{""detectors_checked"":672}"
         5,         0,         0,   0.000,exact_mw,cdc4a450a40af8e24899239080e4c40992fb5baf91c5a31ab3a165eacb3a1ab3,"{""distance"":5,""physical_error_rate"":0.0002}","{""detectors_checked"":1120}"
         5,         0,         0,   0.000,exact_mw,cdc4a450a40af8e24899239080e4c40992fb5baf91c5a31ab3a165eacb3a1ab3,"{""distance"":5,""physical_error_rate"":0.0002}","{""detection_events"":1,""detectors_checked"":1120}"
         5,         0,         0,   0.000,exact_mw,cdc4a450a40af8e24899239080e4c40992fb5baf91c5a31ab3a165eacb3a1ab3,"{""distance"":5,""physical_error_rate"":0.0002}","{""detection_events"":2,""detectors_checked"":1120}"
         4,         0,         0,   0.000,exact_mw,cdc4a450a40af8e24899239080e4c40992fb5baf91c5a31ab3a165eacb3a1ab3,"{""distance"":5,""physical_error_rate"":0.0002}","{""detection_events"":3,""detectors_checked"":896}"
         2,         0,         0,   0.000,exact_mw,cdc4a450a40af8e24899239080e4c40992fb5baf91c5a31ab3a165eacb3a1ab3,"{""distance"":5,""physical_error_rate"":0.0002}","{""detectors_checked"":448}"
         3,         0,         0,   0.000,exact_mw,cdc4a450a40af8e24899239080e4c40992fb5baf91c5a31ab3a165eacb3a1ab3,"{""distance"":5,""physical_error_rate"":0.0002}","{""detectors_checked"":672}"
         1,         0,         0,   0.000,exact_mw,cdc4a450a40af8e24899239080e4c40992fb5baf91c5a31ab3a165eacb3a1ab3,"{""distance"":5,""physical_error_rate"":0.0002}","{""detectors_checked"":224}"
         5,         0,         0,   0.000,exact_mw,cdc4a450a40af8e24899239080e4c40992fb5baf91c5a31ab3a165eacb3a1ab3,"{""distance"":5,""physical_error_rate"":0.0002}","{""detectors_checked"":1120}"
         1,         0,         0,   0.000,exact_mw,cdc4a450a40af8e24899239080e4c40992fb5baf91c5a31ab3a165eacb3a1ab3,"{""distance"":5,""physical_error_rate"":0.0002}","{""detectors_checked"":224}"
         1,         0,         0,   0.000,exact_mw,cdc4a450a40af8e24899239080e4c40992fb5baf91c5a31ab3a165eacb3a1ab3,"{""distance"":5,""physical_error_rate"":0.0002}","{""detectors_checked"":224}"
         4,         0,         0,   0.000,exact_mw,cdc4a450a40af8e24899239080e4c40992fb5baf91c5a31ab3a165eacb3a1ab3,"{""distance"":5,""physical_error_rate"":0.0002}","{""detectors_checked"":896}"
         4,         0,         0,   0.000,exact_mw,cdc4a450a40af8e24899239080e4c40992fb5baf91c5a31ab3a165eacb3a1ab3,"{""distance"":5,""physical_error_rate"":0.0002}","{""detectors_checked"":896}"
         1,         0,         0,   0.000,exact_mw,cdc4a450a40af8e24899239080e4c40992fb5baf91c5a31ab3a165eacb3a1ab3,"{""distance"":5,""physical_error_rate"":0.0002}","{""detectors_checked"":224}"
         1,         0,         0,   0.000,exact_mw,cdc4a450a40af8e24899239080e4c40992fb5baf91c5a31ab3a165eacb3a1ab3,"{""distance"":5,""physical_error_rate"":0.0002}","{""detection_events"":2,""detectors_checked"":224}"
         1,         0,         0,   0.000,exact_mw,cdc4a450a40af8e24899239080e4c40992fb5baf91c5a31ab3a165eacb3a1ab3,"{""distance"":5,""physical_error_rate"":0.0002}","{""detectors_checked"":224}"
         1,         0,         0,   0.000,exact_mw,cdc4a450a40af8e24899239080e4c40992fb5baf91c5a31ab3a165eacb3a1ab3,"{""distance"":5,""physical_error_rate"":0.0002}","{""detection_events"":2,""detectors_checked"":224}"
         4,         0,         0,   0.000,exact_mw,cdc4a450a40af8e24899239080e4c40992fb5baf91c5a31ab3a165eacb3a1ab3,"{""distance"":5,""physical_error_rate"":0.0002}","{""detectors_checked"":896}"
         4,         0,         0,   0.000,exact_mw,cdc4a450a40af8e24899239080e4c40992fb5baf91c5a31ab3a165eacb3a1ab3,"{""distance"":5,""physical_error_rate"":0.0002}","{""detectors_checked"":896}"
         3,         0,         0,   0.000,exact_mw,cdc4a450a40af8e24899239080e4c40992fb5baf91c5a31ab3a165eacb3a1ab3,"{""distance"":5,""physical_error_rate"":0.0002}","{""detectors_checked"":672}"
         1,         0,         0,   0.000,exact_mw,cdc4a450a40af8e24899239080e4c40992fb5baf91c5a31ab3a165eacb3a1ab3,"{""distance"":5,""physical_error_rate"":0.0002}","{""detectors_checked"":224}"
         1,         0,         0,   0.000,exact_mw,cdc4a450a40af8e24899239080e4c40992fb5baf91c5a31ab3a165eacb3a1ab3,"{""distance"":5,""physical_error_rate"":0.0002}","{""detectors_checked"":224}"
         1,         0,         0,   0.000,exact_mw,cdc4a450a40af8e24899239080e4c40992fb5baf91c5a31ab3a165eacb3a1ab3,"{""distance"":5,""physical_error_rate"":0.0002}","{""detectors_checked"":224}"
         1,         0,         0,   0.000,exact_mw,cdc4a450a40af8e24899239080e4c40992fb5baf91c5a31ab3a165eacb3a1ab3,"{""distance"":5,""physical_error_rate"":0.0002}","{""detectors_checked"":224}"
         2,         0,         0,   0.000,exact_mw,cdc4a450a40af8e24899239080e4c40992fb5baf91c5a31ab3a165eacb3a1ab3,"{""distance"":5,""physical_error_rate"":0.0002}","{""detectors_checked"":448}"
         3,         0,         0,   0.000,exact_mw,cdc4a450a40af8e24899239080e4c40992fb5baf91c5a31ab3a165eacb3a1ab3,"{""distance"":5,""physical_error_rate"":0.0002}","{""detectors_checked"":672}"
         2,         0,         0,   0.000,exact_mw,cdc4a450a40af8e24899239080e4c40992fb5baf91c5a31ab3a165eacb3a1ab3,"{""distance"":5,""physical_error_rate"":0.0002}","{""detectors_checked"":448}"
         1,         0,         0,   0.000,exact_mw,cdc4a450a40af8e24899239080e4c40992fb5baf91c5a31ab3a165eacb3a1ab3,"{""distance"":5,""physical_error_rate"":0.0002}","{""detectors_checked"":224}"
         1,         0,         0,   0.000,exact_mw,cdc4a450a40af8e24899239080e4c40992fb5baf91c5a31ab3a165eacb3a1ab3,"{""distance"":5,""physical_error_rate"":0.0002}","{""detectors_checked"":224}"
         1,         0,         0,   0.000,exact_mw,cdc4a450a40af8e24899239080e4c40992fb5baf91c5a31ab3a165eacb3a1ab3,"{""distance"":5,""physical_error_rate"":0.0002}","{""detectors_checked"":224}"
     23552,         0,         0,   0.422,exact_mw,cb12ae119b9b2ba18d0216e7235b403229e92fd0743ede48fe7f1a2c6f45d594,"{""distance"":5,""physical_error_rate"":0.0005}","{""detection_events"":11346,""detectors_checked"":5275648}"
         1,         0,         0,   0.000,exact_mw,cdc4a450a40af8e24899239080e4c40992fb5baf91c5a31ab3a165eacb3a1ab3,"{""distance"":5,""physical_error_rate"":0.0002}","{""detectors_checked"":224}"
         1,         0,         0,   0.000,exact_mw,cdc4a450a40af8e24899239080e4c40992fb5baf91c5a31ab3a165eacb3a1ab3,"{""distance"":5,""physical_error_rate"":0.0002}","{""detectors_checked"":224}"
         1,         0,         0,   0.000,exact_mw,cdc4a450a40af8e24899239080e4c40992fb5baf91c5a31ab3a165eacb3a1ab3,"{""distance"":5,""physical_error_rate"":0.0002}","{""detectors_checked"":224}"
         1,         0,         0,   0.000,exact_mw,cdc4a450a40af8e24899239080e4c40992fb5baf91c5a31ab3a165eacb3a1ab3,"{""distance"":5,""physical_error_rate"":0.0002}","{""detectors_checked"":224}"
         1,         0,         0,   0.000,exact_mw,cdc4a450a40af8e24899239080e4c40992fb5baf91c5a31ab3a165eacb3a1ab3,"{""distance"":5,""physical_error_rate"":0.0002}","{""detectors_checked"":224}"
     28672,         0,         0,   0.516,exact_mw,cb12ae119b9b2ba18d0216e7235b403229e92fd0743ede48fe7f1a2c6f45d594,"{""distance"":5,""physical_error_rate"":0.0005}","{""detection_events"":13741,""detectors_checked"":6422528}"
   5186560,         4,         0,   108.3,exact_mw,cb12ae119b9b2ba18d0216e7235b403229e92fd0743ede48fe7f1a2c6f45d594,"{""distance"":5,""physical_error_rate"":0.0005}","{""detection_events"":2550157,""detectors_checked"":1161789440,""obs_mistake_mask=E"":4}"
   5171200,         1,         0,    89.9,exact_mw,cb12ae119b9b2ba18d0216e7235b403229e92fd0743ede48fe7f1a2c6f45d594,"{""distance"":5,""physical_error_rate"":0.0005}","{""detection_events"":2544358,""detectors_checked"":1158348800,""obs_mistake_mask=E"":1}"
   4151296,         2,         0,    97.3,exact_mw,cb12ae119b9b2ba18d0216e7235b403229e92fd0743ede48fe7f1a2c6f45d594,"{""distance"":5,""physical_error_rate"":0.0005}","{""detection_events"":2040808,""detectors_checked"":929890304,""obs_mistake_mask=E"":2}"
     19456,         0,         0,   0.426,exact_mw,cb12ae119b9b2ba18d0216e7235b403229e92fd0743ede48fe7f1a2c6f45d594,"{""distance"":5,""physical_error_rate"":0.0005}","{""detection_events"":9590,""detectors_checked"":4358144}"
   4718592,         0,         0,   109.1,exact_mw,cb12ae119b9b2ba18d0216e7235b403229e92fd0743ede48fe7f1a2c6f45d594,"{""distance"":5,""physical_error_rate"":0.0005}","{""detection_events"":2321725,""detectors_checked"":1056964608}"
   4659200,         5,         0,   108.4,exact_mw,cb12ae119b9b2ba18d0216e7235b403229e92fd0743ede48fe7f1a2c6f45d594,"{""distance"":5,""physical_error_rate"":0.0005}","{""detection_events"":2290630,""detectors_checked"":1043660800,""obs_mistake_mask=E"":5}"
   2897920,         0,         0,    60.5,exact_mw,cb12ae119b9b2ba18d0216e7235b403229e92fd0743ede48fe7f1a2c6f45d594,"{""distance"":5,""physical_error_rate"":0.0005}","{""detection_events"":1429068,""detectors_checked"":649134080}"
   4973568,         3,         0,   108.5,exact_mw,cb12ae119b9b2ba18d0216e7235b403229e92fd0743ede48fe7f1a2c6f45d594,"{""distance"":5,""physical_error_rate"":0.0005}","{""detection_events"":2450506,""detectors_checked"":1114079232,""obs_mistake_mask=E"":3}"
   3066880,         3,         0,    64.3,exact_mw,cb12ae119b9b2ba18d0216e7235b403229e92fd0743ede48fe7f1a2c6f45d594,"{""distance"":5,""physical_error_rate"":0.0005}","{""detection_events"":1509514,""detectors_checked"":686981120,""obs_mistake_mask=E"":3}"
   5377024,         1,         0,   107.8,exact_mw,cb12ae119b9b2ba18d0216e7235b403229e92fd0743ede48fe7f1a2c6f45d594,"{""distance"":5,""physical_error_rate"":0.0005}","{""detection_events"":2642609,""detectors_checked"":1204453376,""obs_mistake_mask=E"":1}"
   4412416,         4,         0,    98.9,exact_mw,cb12ae119b9b2ba18d0216e7235b403229e92fd0743ede48fe7f1a2c6f45d594,"{""distance"":5,""physical_error_rate"":0.0005}","{""detection_events"":2172224,""detectors_checked"":988381184,""obs_mistake_mask=E"":4}"
   4611072,         0,         0,   106.8,exact_mw,cb12ae119b9b2ba18d0216e7235b403229e92fd0743ede48fe7f1a2c6f45d594,"{""distance"":5,""physical_error_rate"":0.0005}","{""detection_events"":2272291,""detectors_checked"":1032880128}"
   4574208,         2,         0,   106.9,exact_mw,cb12ae119b9b2ba18d0216e7235b403229e92fd0743ede48fe7f1a2c6f45d594,"{""distance"":5,""physical_error_rate"":0.0005}","{""detection_events"":2250291,""detectors_checked"":1024622592,""obs_mistake_mask=E"":2}"
      6144,         0,         0,   0.155,exact_mw,cb12ae119b9b2ba18d0216e7235b403229e92fd0743ede48fe7f1a2c6f45d594,"{""distance"":5,""physical_error_rate"":0.0005}","{""detection_events"":3083,""detectors_checked"":1376256}"
   2493440,         1,         0,    53.8,exact_mw,cb12ae119b9b2ba18d0216e7235b403229e92fd0743ede48fe7f1a2c6f45d594,"{""distance"":5,""physical_error_rate"":0.0005}","{""detection_events"":1224017,""detectors_checked"":558530560,""obs_mistake_mask=E"":1}"
   4860928,         4,         0,   108.9,exact_mw,cb12ae119b9b2ba18d0216e7235b403229e92fd0743ede48fe7f1a2c6f45d594,"{""distance"":5,""physical_error_rate"":0.0005}","{""detection_events"":2389940,""detectors_checked"":1088847872,""obs_mistake_mask=E"":4}"
     19456,         0,         0,   0.424,exact_mw,cb12ae119b9b2ba18d0216e7235b403229e92fd0743ede48fe7f1a2c6f45d594,"{""distance"":5,""physical_error_rate"":0.0005}","{""detection_events"":9705,""detectors_checked"":4358144}"
   4729856,         1,         0,    97.1,exact_mw,cb12ae119b9b2ba18d0216e7235b403229e92fd0743ede48fe7f1a2c6f45d594,"{""distance"":5,""physical_error_rate"":0.0005}","{""detection_events"":2326527,""detectors_checked"":1059487744,""obs_mistake_mask=E"":1}"
     19456,         0,         0,   0.412,exact_mw,cb12ae119b9b2ba18d0216e7235b403229e92fd0743ede48fe7f1a2c6f45d594,"{""distance"":5,""physical_error_rate"":0.0005}","{""detection_events"":9491,""detectors_checked"":4358144}"
     14336,         0,         0,   0.215,exact_mw,cb12ae119b9b2ba18d0216e7235b403229e92fd0743ede48fe7f1a2c6f45d594,"{""distance"":5,""physical_error_rate"":0.0005}","{""detection_events"":6774,""detectors_checked"":3211264}"
     22528,         0,         0,   0.559,exact_mw,cb12ae119b9b2ba18d0216e7235b403229e92fd0743ede48fe7f1a2c6f45d594,"{""distance"":5,""physical_error_rate"":0.0005}","{""detection_events"":11053,""detectors_checked"":5046272}"
     23552,         0,         0,   0.399,exact_mw,cb12ae119b9b2ba18d0216e7235b403229e92fd0743ede48fe7f1a2c6f45d594,"{""distance"":5,""physical_error_rate"":0.0005}","{""detection_events"":11158,""detectors_checked"":5275648}"
     27648,         0,         0,   0.534,exact_mw,cb12ae119b9b2ba18d0216e7235b403229e92fd0743ede48fe7f1a2c6f45d594,"{""distance"":5,""physical_error_rate"":0.0005}","{""detection_events"":13278,""detectors_checked"":6193152}"
     27648,         0,         0,   0.566,exact_mw,cb12ae119b9b2ba18d0216e7235b403229e92fd0743ede48fe7f1a2c6f45d594,"{""distance"":5,""physical_error_rate"":0.0005}","{""detection_events"":13724,""detectors_checked"":6193152}"
     34816,         0,         0,   0.549,exact_mw,cb12ae119b9b2ba18d0216e7235b403229e92fd0743ede48fe7f1a2c6f45d594,"{""distance"":5,""physical_error_rate"":0.0005}","{""detection_events"":17275,""detectors_checked"":7798784}"
     13312,         0,         0,   0.305,exact_mw,cb12ae119b9b2ba18d0216e7235b403229e92fd0743ede48fe7f1a2c6f45d594,"{""distance"":5,""physical_error_rate"":0.0005}","{""detection_events"":6595,""detectors_checked"":2981888}"
      7168,         0,         0,   0.228,exact_mw,cb12ae119b9b2ba18d0216e7235b403229e92fd0743ede48fe7f1a2c6f45d594,"{""distance"":5,""physical_error_rate"":0.0005}","{""detection_events"":3528,""detectors_checked"":1605632}"
      1297,         0,         0,   0.029,exact_mw,cb12ae119b9b2ba18d0216e7235b403229e92fd0743ede48fe7f1a2c6f45d594,"{""distance"":5,""physical_error_rate"":0.0005}","{""detection_events"":604,""detectors_checked"":290528}"
      1024,         0,         0,   0.027,exact_mw,cb12ae119b9b2ba18d0216e7235b403229e92fd0743ede48fe7f1a2c6f45d594,"{""distance"":5,""physical_error_rate"":0.0005}","{""detection_events"":477,""detectors_checked"":229376}"
     22528,         0,         0,   0.523,exact_mw,cb12ae119b9b2ba18d0216e7235b403229e92fd0743ede48fe7f1a2c6f45d594,"{""distance"":5,""physical_error_rate"":0.0005}","{""detection_events"":11346,""detectors_checked"":5046272}"
     20480,         0,         0,   0.362,exact_mw,cb12ae119b9b2ba18d0216e7235b403229e92fd0743ede48fe7f1a2c6f45d594,"{""distance"":5,""physical_error_rate"":0.0005}","{""detection_events"":10202,""detectors_checked"":4587520}"
      1024,         0,         0,   0.027,exact_mw,cb12ae119b9b2ba18d0216e7235b403229e92fd0743ede48fe7f1a2c6f45d594,"{""distance"":5,""physical_error_rate"":0.0005}","{""detection_events"":421,""detectors_checked"":229376}"
     20480,         0,         0,   0.303,exact_mw,cb12ae119b9b2ba18d0216e7235b403229e92fd0743ede48fe7f1a2c6f45d594,"{""distance"":5,""physical_error_rate"":0.0005}","{""detection_events"":10158,""detectors_checked"":4587520}"
      1024,         0,         0,   0.030,exact_mw,cb12ae119b9b2ba18d0216e7235b403229e92fd0743ede48fe7f1a2c6f45d594,"{""distance"":5,""physical_error_rate"":0.0005}","{""detection_events"":455,""detectors_checked"":229376}"
      2048,         0,         0,   0.056,exact_mw,cb12ae119b9b2ba18d0216e7235b403229e92fd0743ede48fe7f1a2c6f45d594,"{""distance"":5,""physical_error_rate"":0.0005}","{""detection_events"":941,""detectors_checked"":458752}"
    187392,         0,         0,    1.54,exact_mw,cb12ae119b9b2ba18d0216e7235b403229e92fd0743ede48fe7f1a2c6f45d594,"{""distance"":5,""physical_error_rate"":0.0005}","{""detection_events"":91351,""detectors_checked"":41975808}"
     26624,         0,         0,   0.495,exact_mw,cb12ae119b9b2ba18d0216e7235b403229e92fd0743ede48fe7f1a2c6f45d594,"{""distance"":5,""physical_error_rate"":0.0005}","{""detection_events"":13148,""detectors_checked"":5963776}"
      2048,         0,         0,   0.082,exact_mw,cb12ae119b9b2ba18d0216e7235b403229e92fd0743ede48fe7f1a2c6f45d594,"{""distance"":5,""physical_error_rate"":0.0005}","{""detection_events"":1018,""detectors_checked"":458752}"
     22528,         0,         0,   0.581,exact_mw,cb12ae119b9b2ba18d0216e7235b403229e92fd0743ede48fe7f1a2c6f45d594,"{""distance"":5,""physical_error_rate"":0.0005}","{""detection_events"":11551,""detectors_checked"":5046272}"
      9216,         0,         0,   0.307,exact_mw,cb12ae119b9b2ba18d0216e7235b403229e92fd0743ede48fe7f1a2c6f45d594,"{""distance"":5,""physical_error_rate"":0.0005}","{""detection_events"":4650,""detectors_checked"":2064384}"
     26624,         0,         0,   0.508,exact_mw,cb12ae119b9b2ba18d0216e7235b403229e92fd0743ede48fe7f1a2c6f45d594,"{""distance"":5,""physical_error_rate"":0.0005}","{""detection_events"":13158,""detectors_checked"":5963776}"
     44032,         0,         0,   0.552,exact_mw,cb12ae119b9b2ba18d0216e7235b403229e92fd0743ede48fe7f1a2c6f45d594,"{""distance"":5,""physical_error_rate"":0.0005}","{""detection_events"":21648,""detectors_checked"":9863168}"
      3072,         0,         0,   0.082,exact_mw,cb12ae119b9b2ba18d0216e7235b403229e92fd0743ede48fe7f1a2c6f45d594,"{""distance"":5,""physical_error_rate"":0.0005}","{""detection_events"":1584,""detectors_checked"":688128}"
     45056,         0,         0,    1.07,exact_mw,cb12ae119b9b2ba18d0216e7235b403229e92fd0743ede48fe7f1a2c6f45d594,"{""distance"":5,""physical_error_rate"":0.0005}","{""detection_events"":22479,""detectors_checked"":10092544}"
     16384,         0,         0,   0.395,exact_mw,cb12ae119b9b2ba18d0216e7235b403229e92fd0743ede48fe7f1a2c6f45d594,"{""distance"":5,""physical_error_rate"":0.0005}","{""detection_events"":7999,""detectors_checked"":3670016}"
     27648,         0,         0,   0.577,exact_mw,cb12ae119b9b2ba18d0216e7235b403229e92fd0743ede48fe7f1a2c6f45d594,"{""distance"":5,""physical_error_rate"":0.0005}","{""detection_events"":13598,""detectors_checked"":6193152}"
     19456,         0,         0,   0.566,exact_mw,cb12ae119b9b2ba18d0216e7235b403229e92fd0743ede48fe7f1a2c6f45d594,"{""distance"":5,""physical_error_rate"":0.0005}","{""detection_events"":9259,""detectors_checked"":4358144}"
      8192,         0,         0,   0.109,exact_mw,cb12ae119b9b2ba18d0216e7235b403229e92fd0743ede48fe7f1a2c6f45d594,"{""distance"":5,""physical_error_rate"":0.0005}","{""detection_events"":4095,""detectors_checked"":1835008}"
     36864,         0,         0,   0.778,exact_mw,cb12ae119b9b2ba18d0216e7235b403229e92fd0743ede48fe7f1a2c6f45d594,"{""distance"":5,""physical_error_rate"":0.0005}","{""detection_events"":18134,""detectors_checked"":8257536}"
     25600,         0,         0,   0.426,exact_mw,cb12ae119b9b2ba18d0216e7235b403229e92fd0743ede48fe7f1a2c6f45d594,"{""distance"":5,""physical_error_rate"":0.0005}","{""detection_events"":12271,""detectors_checked"":5734400}"
     39936,         0,         0,    1.11,exact_mw,cb12ae119b9b2ba18d0216e7235b403229e92fd0743ede48fe7f1a2c6f45d594,"{""distance"":5,""physical_error_rate"":0.0005}","{""detection_events"":19772,""detectors_checked"":8945664}"
      9216,         0,         0,   0.149,exact_mw,cb12ae119b9b2ba18d0216e7235b403229e92fd0743ede48fe7f1a2c6f45d594,"{""distance"":5,""physical_error_rate"":0.0005}","{""detection_events"":4355,""detectors_checked"":2064384}"
     40960,         0,         0,   0.803,exact_mw,cb12ae119b9b2ba18d0216e7235b403229e92fd0743ede48fe7f1a2c6f45d594,"{""distance"":5,""physical_error_rate"":0.0005}","{""detection_events"":20019,""detectors_checked"":9175040}"
     24576,         0,         0,   0.536,exact_mw,cb12ae119b9b2ba18d0216e7235b403229e92fd0743ede48fe7f1a2c6f45d594,"{""distance"":5,""physical_error_rate"":0.0005}","{""detection_events"":11808,""detectors_checked"":5505024}"
     38912,         0,         0,   0.798,exact_mw,cb12ae119b9b2ba18d0216e7235b403229e92fd0743ede48fe7f1a2c6f45d594,"{""distance"":5,""physical_error_rate"":0.0005}","{""detection_events"":18779,""detectors_checked"":8716288}"
     43008,         0,         0,   0.797,exact_mw,cb12ae119b9b2ba18d0216e7235b403229e92fd0743ede48fe7f1a2c6f45d594,"{""distance"":5,""physical_error_rate"":0.0005}","{""detection_events"":21230,""detectors_checked"":9633792}"
     44032,         0,         0,    1.12,exact_mw,cb12ae119b9b2ba18d0216e7235b403229e92fd0743ede48fe7f1a2c6f45d594,"{""distance"":5,""physical_error_rate"":0.0005}","{""detection_events"":21180,""detectors_checked"":9863168}"
     18432,         0,         0,   0.418,exact_mw,cb12ae119b9b2ba18d0216e7235b403229e92fd0743ede48fe7f1a2c6f45d594,"{""distance"":5,""physical_error_rate"":0.0005}","{""detection_events"":9161,""detectors_checked"":4128768}"
     32768,         0,         0,   0.832,exact_mw,cb12ae119b9b2ba18d0216e7235b403229e92fd0743ede48fe7f1a2c6f45d594,"{""distance"":5,""physical_error_rate"":0.0005}","{""detection_events"":16230,""detectors_checked"":7340032}"
     11264,         0,         0,   0.223,exact_mw,cb12ae119b9b2ba18d0216e7235b403229e92fd0743ede48fe7f1a2c6f45d594,"{""distance"":5,""physical_error_rate"":0.0005}","{""detection_events"":5250,""detectors_checked"":2523136}"
    579584,         1,         0,    11.4,exact_mw,cb12ae119b9b2ba18d0216e7235b403229e92fd0743ede48fe7f1a2c6f45d594,"{""distance"":5,""physical_error_rate"":0.0005}","{""detection_events"":285596,""detectors_checked"":129826816,""obs_mistake_mask=E"":1}"
     33792,         0,         0,   0.783,exact_mw,cb12ae119b9b2ba18d0216e7235b403229e92fd0743ede48fe7f1a2c6f45d594,"{""distance"":5,""physical_error_rate"":0.0005}","{""detection_events"":16757,""detectors_checked"":7569408}"
     23552,         0,         0,   0.543,exact_mw,cb12ae119b9b2ba18d0216e7235b403229e92fd0743ede48fe7f1a2c6f45d594,"{""distance"":5,""physical_error_rate"":0.0005}","{""detection_events"":11156,""detectors_checked"":5275648}"
    604160,         0,         0,    11.5,exact_mw,cb12ae119b9b2ba18d0216e7235b403229e92fd0743ede48fe7f1a2c6f45d594,"{""distance"":5,""physical_error_rate"":0.0005}","{""detection_events"":296840,""detectors_checked"":135331840}"
    523264,         0,         0,    11.5,exact_mw,cb12ae119b9b2ba18d0216e7235b403229e92fd0743ede48fe7f1a2c6f45d594,"{""distance"":5,""physical_error_rate"":0.0005}","{""detection_events"":258376,""detectors_checked"":117211136}"
     33792,         0,         0,   0.737,exact_mw,cb12ae119b9b2ba18d0216e7235b403229e92fd0743ede48fe7f1a2c6f45d594,"{""distance"":5,""physical_error_rate"":0.0005}","{""detection_events"":16760,""detectors_checked"":7569408}"
     80896,         0,         0,    1.55,exact_mw,cb12ae119b9b2ba18d0216e7235b403229e92fd0743ede48fe7f1a2c6f45d594,"{""distance"":5,""physical_error_rate"":0.0005}","{""detection_events"":39632,""detectors_checked"":18120704}"
     25600,         0,         0,   0.829,exact_mw,cb12ae119b9b2ba18d0216e7235b403229e92fd0743ede48fe7f1a2c6f45d594,"{""distance"":5,""physical_error_rate"":0.0005}","{""detection_events"":12730,""detectors_checked"":5734400}"
     34816,         0,         0,   0.781,exact_mw,cb12ae119b9b2ba18d0216e7235b403229e92fd0743ede48fe7f1a2c6f45d594,"{""distance"":5,""physical_error_rate"":0.0005}","{""detection_events"":17606,""detectors_checked"":7798784}"
     39936,         0,         0,   0.585,exact_mw,cb12ae119b9b2ba18d0216e7235b403229e92fd0743ede48fe7f1a2c6f45d594,"{""distance"":5,""physical_error_rate"":0.0005}","{""detection_events"":19334,""detectors_checked"":8945664}"
     16384,         0,         0,   0.331,exact_mw,cb12ae119b9b2ba18d0216e7235b403229e92fd0743ede48fe7f1a2c6f45d594,"{""distance"":5,""physical_error_rate"":0.0005}","{""detection_events"":7980,""detectors_checked"":3670016}"
     40960,         0,         0,   0.768,exact_mw,cb12ae119b9b2ba18d0216e7235b403229e92fd0743ede48fe7f1a2c6f45d594,"{""distance"":5,""physical_error_rate"":0.0005}","{""detection_events"":20169,""detectors_checked"":9175040}"
     50176,         0,         0,   0.779,exact_mw,cb12ae119b9b2ba18d0216e7235b403229e92fd0743ede48fe7f1a2c6f45d594,"{""distance"":5,""physical_error_rate"":0.0005}","{""detection_events"":24761,""detectors_checked"":11239424}"
    544768,         2,         0,    11.5,exact_mw,cb12ae119b9b2ba18d0216e7235b403229e92fd0743ede48fe7f1a2c6f45d594,"{""distance"":5,""physical_error_rate"":0.0005}","{""detection_events"":267760,""detectors_checked"":122028032,""obs_mistake_mask=E"":2}"
     20480,         0,         0,   0.848,exact_mw,cb12ae119b9b2ba18d0216e7235b403229e92fd0743ede48fe7f1a2c6f45d594,"{""distance"":5,""physical_error_rate"":0.0005}","{""detection_events"":9778,""detectors_checked"":4587520}"
     22528,         0,         0,   0.584,exact_mw,cb12ae119b9b2ba18d0216e7235b403229e92fd0743ede48fe7f1a2c6f45d594,"{""distance"":5,""physical_error_rate"":0.0005}","{""detection_events"":11005,""detectors_checked"":5046272}"
     39936,         0,         0,   0.794,exact_mw,cb12ae119b9b2ba18d0216e7235b403229e92fd0743ede48fe7f1a2c6f45d594,"{""distance"":5,""physical_error_rate"":0.0005}","{""detection_events"":19724,""detectors_checked"":8945664}"
     12288,         0,         0,   0.387,exact_mw,cb12ae119b9b2ba18d0216e7235b403229e92fd0743ede48fe7f1a2c6f45d594,"{""distance"":5,""physical_error_rate"":0.0005}","{""detection_events"":6059,""detectors_checked"":2752512}"
     54272,         1,         0,    1.10,exact_mw,cb12ae119b9b2ba18d0216e7235b403229e92fd0743ede48fe7f1a2c6f45d594,"{""distance"":5,""physical_error_rate"":0.0005}","{""detection_events"":26506,""detectors_checked"":12156928,""obs_mistake_mask=E"":1}"
     58368,         0,         0,   0.798,exact_mw,cb12ae119b9b2ba18d0216e7235b403229e92fd0743ede48fe7f1a2c6f45d594,"{""distance"":5,""physical_error_rate"":0.0005}","{""detection_events"":28702,""detectors_checked"":13074432}"
     54272,         0,         0,    1.11,exact_mw,cb12ae119b9b2ba18d0216e7235b403229e92fd0743ede48fe7f1a2c6f45d594,"{""distance"":5,""physical_error_rate"":0.0005}","{""detection_events"":26807,""detectors_checked"":12156928}"
     67584,         0,         0,    1.14,exact_mw,cb12ae119b9b2ba18d0216e7235b403229e92fd0743ede48fe7f1a2c6f45d594,"{""distance"":5,""physical_error_rate"":0.0005}","{""detection_events"":33324,""detectors_checked"":15138816}"
     55296,         0,         0,    1.10,exact_mw,cb12ae119b9b2ba18d0216e7235b403229e92fd0743ede48fe7f1a2c6f45d594,"{""distance"":5,""physical_error_rate"":0.0005}","{""detection_events"":27523,""detectors_checked"":12386304}"
     20480,         0,         0,    1.13,exact_mw,cb12ae119b9b2ba18d0216e7235b403229e92fd0743ede48fe7f1a2c6f45d594,"{""distance"":5,""physical_error_rate"":0.0005}","{""detection_events"":9982,""detectors_checked"":4587520}"
     35840,         0,         0,    1.55,exact_mw,cb12ae119b9b2ba18d0216e7235b403229e92fd0743ede48fe7f1a2c6f45d594,"{""distance"":5,""physical_error_rate"":0.0005}","{""detection_events"":17181,""detectors_checked"":8028160}"
     38912,         0,         0,   0.817,exact_mw,cb12ae119b9b2ba18d0216e7235b403229e92fd0743ede48fe7f1a2c6f45d594,"{""distance"":5,""physical_error_rate"":0.0005}","{""detection_events"":19669,""detectors_checked"":8716288}"
   2590861,         3,         0,    55.3,exact_mw,cb12ae119b9b2ba18d0216e7235b403229e92fd0743ede48fe7f1a2c6f45d594,"{""distance"":5,""physical_error_rate"":0.0005}","{""detection_events"":1276153,""detectors_checked"":580352864,""obs_mistake_mask=E"":3}"
     44032,         0,         0,    1.11,exact_mw,cb12ae119b9b2ba18d0216e7235b403229e92fd0743ede48fe7f1a2c6f45d594,"{""distance"":5,""physical_error_rate"":0.0005}","{""detection_events"":21723,""detectors_checked"":9863168}"
   2236416,         0,         0,    50.1,exact_mw,cb12ae119b9b2ba18d0216e7235b403229e92fd0743ede48fe7f1a2c6f45d594,"{""distance"":5,""physical_error_rate"":0.0005}","{""detection_events"":1103889,""detectors_checked"":500957184}"
     31744,         0,         0,   0.761,exact_mw,cb12ae119b9b2ba18d0216e7235b403229e92fd0743ede48fe7f1a2c6f45d594,"{""distance"":5,""physical_error_rate"":0.0005}","{""detection_events"":15881,""detectors_checked"":7110656}"
     34816,         0,         0,    1.52,exact_mw,cb12ae119b9b2ba18d0216e7235b403229e92fd0743ede48fe7f1a2c6f45d594,"{""distance"":5,""physical_error_rate"":0.0005}","{""detection_events"":17182,""detectors_checked"":7798784}"
     52224,         0,         0,    1.08,exact_mw,cb12ae119b9b2ba18d0216e7235b403229e92fd0743ede48fe7f1a2c6f45d594,"{""distance"":5,""physical_error_rate"":0.0005}","{""detection_events"":26362,""detectors_checked"":11698176}"
     23552,         0,         0,   0.553,exact_mw,cb12ae119b9b2ba18d0216e7235b403229e92fd0743ede48fe7f1a2c6f45d594,"{""distance"":5,""physical_error_rate"":0.0005}","{""detection_events"":11411,""detectors_checked"":5275648}"
     24576,         0,         0,    1.08,exact_mw,cb12ae119b9b2ba18d0216e7235b403229e92fd0743ede48fe7f1a2c6f45d594,"{""distance"":5,""physical_error_rate"":0.0005}","{""detection_events"":11910,""detectors_checked"":5505024}"
     48128,         0,         0,    1.09,exact_mw,cb12ae119b9b2ba18d0216e7235b403229e92fd0743ede48fe7f1a2c6f45d594,"{""distance"":5,""physical_error_rate"":0.0005}","{""detection_events"":24032,""detectors_checked"":10780672}"
     39936,         0,         0,    1.03,exact_mw,cb12ae119b9b2ba18d0216e7235b403229e92fd0743ede48fe7f1a2c6f45d594,"{""distance"":5,""physical_error_rate"":0.0005}","{""detection_events"":19528,""detectors_checked"":8945664}"
     66560,         0,         0,    1.53,exact_mw,cb12ae119b9b2ba18d0216e7235b403229e92fd0743ede48fe7f1a2c6f45d594,"{""distance"":5,""physical_error_rate"":0.0005}","{""detection_events"":32754,""detectors_checked"":14909440}"
     65536,         0,         0,    1.08,exact_mw,cb12ae119b9b2ba18d0216e7235b403229e92fd0743ede48fe7f1a2c6f45d594,"{""distance"":5,""physical_error_rate"":0.0005}","{""detection_events"":32361,""detectors_checked"":14680064}"
     94208,         0,         0,    2.17,exact_mw,cb12ae119b9b2ba18d0216e7235b403229e92fd0743ede48fe7f1a2c6f45d594,"{""distance"":5,""physical_error_rate"":0.0005}","{""detection_events"":46226,""detectors_checked"":21102592}"
     27648,         0,         0,    1.09,exact_mw,cb12ae119b9b2ba18d0216e7235b403229e92fd0743ede48fe7f1a2c6f45d594,"{""distance"":5,""physical_error_rate"":0.0005}","{""detection_events"":13541,""detectors_checked"":6193152}"
    514048,         2,         0,    11.5,exact_mw,cb12ae119b9b2ba18d0216e7235b403229e92fd0743ede48fe7f1a2c6f45d594,"{""distance"":5,""physical_error_rate"":0.0005}","{""detection_events"":253155,""detectors_checked"":115146752,""obs_mistake_mask=E"":2}"
     44032,         0,         0,    1.10,exact_mw,cb12ae119b9b2ba18d0216e7235b403229e92fd0743ede48fe7f1a2c6f45d594,"{""distance"":5,""physical_error_rate"":0.0005}","{""detection_events"":21884,""detectors_checked"":9863168}"
     70656,         0,         0,    1.12,exact_mw,cb12ae119b9b2ba18d0216e7235b403229e92fd0743ede48fe7f1a2c6f45d594,"{""distance"":5,""physical_error_rate"":0.0005}","{""detection_events"":34780,""detectors_checked"":15826944}"
     29696,         0,         0,   0.784,exact_mw,cb12ae119b9b2ba18d0216e7235b403229e92fd0743ede48fe7f1a2c6f45d594,"{""distance"":5,""physical_error_rate"":0.0005}","{""detection_events"":14504,""detectors_checked"":6651904}"
     41984,         0,         0,    1.09,exact_mw,cb12ae119b9b2ba18d0216e7235b403229e92fd0743ede48fe7f1a2c6f45d594,"{""distance"":5,""physical_error_rate"":0.0005}","{""detection_events"":20678,""detectors_checked"":9404416}"
     61440,         0,         0,    1.50,exact_mw,cb12ae119b9b2ba18d0216e7235b403229e92fd0743ede48fe7f1a2c6f45d594,"{""distance"":5,""physical_error_rate"":0.0005}","{""detection_events"":30399,""detectors_checked"":13762560}"
     49152,         0,         0,    1.11,exact_mw,cb12ae119b9b2ba18d0216e7235b403229e92fd0743ede48fe7f1a2c6f45d594,"{""distance"":5,""physical_error_rate"":0.0005}","{""detection_events"":23806,""detectors_checked"":11010048}"
    124928,         0,         0,    2.14,exact_mw,cb12ae119b9b2ba18d0216e7235b403229e92fd0743ede48fe7f1a2c6f45d594,"{""distance"":5,""physical_error_rate"":0.0005}","{""detection_events"":61287,""detectors_checked"":27983872}"
     61440,         0,         0,    1.57,exact_mw,cb12ae119b9b2ba18d0216e7235b403229e92fd0743ede48fe7f1a2c6f45d594,"{""distance"":5,""physical_error_rate"":0.0005}","{""detection_events"":29712,""detectors_checked"":13762560}"
     50176,         0,         0,    1.53,exact_mw,cb12ae119b9b2ba18d0216e7235b403229e92fd0743ede48fe7f1a2c6f45d594,"{""distance"":5,""physical_error_rate"":0.0005}","{""detection_events"":24966,""detectors_checked"":11239424}"
     61440,         0,         0,    1.53,exact_mw,cb12ae119b9b2ba18d0216e7235b403229e92fd0743ede48fe7f1a2c6f45d594,"{""distance"":5,""physical_error_rate"":0.0005}","{""detection_events"":30405,""detectors_checked"":13762560}"
     46080,         0,         0,    1.53,exact_mw,cb12ae119b9b2ba18d0216e7235b403229e92fd0743ede48fe7f1a2c6f45d594,"{""distance"":5,""physical_error_rate"":0.0005}","{""detection_events"":22531,""detectors_checked"":10321920}"
      1297,         0,         0,   0.026,exact_mw,cb12ae119b9b2ba18d0216e7235b403229e92fd0743ede48fe7f1a2c6f45d594,"{""distance"":5,""physical_error_rate"":0.0005}","{""detection_events"":519,""detectors_checked"":290528}"
      2048,         0,         0,   0.029,exact_mw,cb12ae119b9b2ba18d0216e7235b403229e92fd0743ede48fe7f1a2c6f45d594,"{""distance"":5,""physical_error_rate"":0.0005}","{""detection_events"":955,""detectors_checked"":458752}"
      2048,         0,         0,   0.028,exact_mw,cb12ae119b9b2ba18d0216e7235b403229e92fd0743ede48fe7f1a2c6f45d594,"{""distance"":5,""physical_error_rate"":0.0005}","{""detection_events"":1116,""detectors_checked"":458752}"
     60416,         0,         0,    1.53,exact_mw,cb12ae119b9b2ba18d0216e7235b403229e92fd0743ede48fe7f1a2c6f45d594,"{""distance"":5,""physical_error_rate"":0.0005}","{""detection_events"":29933,""detectors_checked"":13533184}"
      2048,         0,         0,   0.029,exact_mw,cb12ae119b9b2ba18d0216e7235b403229e92fd0743ede48fe7f1a2c6f45d594,"{""distance"":5,""physical_error_rate"":0.0005}","{""detection_events"":1038,""detectors_checked"":458752}"
      3072,         0,         0,   0.055,exact_mw,cb12ae119b9b2ba18d0216e7235b403229e92fd0743ede48fe7f1a2c6f45d594,"{""distance"":5,""physical_error_rate"":0.0005}","{""detection_events"":1476,""detectors_checked"":688128}"
      4096,         0,         0,   0.058,exact_mw,cb12ae119b9b2ba18d0216e7235b403229e92fd0743ede48fe7f1a2c6f45d594,"{""distance"":5,""physical_error_rate"":0.0005}","{""detection_events"":2180,""detectors_checked"":917504}"
     65536,         0,         0,    1.53,exact_mw,cb12ae119b9b2ba18d0216e7235b403229e92fd0743ede48fe7f1a2c6f45d594,"{""distance"":5,""physical_error_rate"":0.0005}","{""detection_events"":31989,""detectors_checked"":14680064}"
      4096,         0,         0,   0.080,exact_mw,cb12ae119b9b2ba18d0216e7235b403229e92fd0743ede48fe7f1a2c6f45d594,"{""distance"":5,""physical_error_rate"":0.0005}","{""detection_events"":1957,""detectors_checked"":917504}"
     49152,         0,         0,    1.55,exact_mw,cb12ae119b9b2ba18d0216e7235b403229e92fd0743ede48fe7f1a2c6f45d594,"{""distance"":5,""physical_error_rate"":0.0005}","{""detection_events"":24375,""detectors_checked"":11010048}"
     71680,         0,         0,    1.56,exact_mw,cb12ae119b9b2ba18d0216e7235b403229e92fd0743ede48fe7f1a2c6f45d594,"{""distance"":5,""physical_error_rate"":0.0005}","{""detection_events"":34838,""detectors_checked"":16056320}"
      7168,         0,         0,   0.114,exact_mw,cb12ae119b9b2ba18d0216e7235b403229e92fd0743ede48fe7f1a2c6f45d594,"{""distance"":5,""physical_error_rate"":0.0005}","{""detection_events"":3508,""detectors_checked"":1605632}"
     60416,         0,         0,    1.53,exact_mw,cb12ae119b9b2ba18d0216e7235b403229e92fd0743ede48fe7f1a2c6f45d594,"{""distance"":5,""physical_error_rate"":0.0005}","{""detection_events"":29778,""detectors_checked"":13533184}"
     49152,         0,         0,    1.62,exact_mw,cb12ae119b9b2ba18d0216e7235b403229e92fd0743ede48fe7f1a2c6f45d594,"{""distance"":5,""physical_error_rate"":0.0005}","{""detection_events"":24136,""detectors_checked"":11010048}"
     46080,         0,         0,    1.52,exact_mw,cb12ae119b9b2ba18d0216e7235b403229e92fd0743ede48fe7f1a2c6f45d594,"{""distance"":5,""physical_error_rate"":0.0005}","{""detection_events"":22529,""detectors_checked"":10321920}"
     10240,         0,         0,   0.169,exact_mw,cb12ae119b9b2ba18d0216e7235b403229e92fd0743ede48fe7f1a2c6f45d594,"{""distance"":5,""physical_error_rate"":0.0005}","{""detection_events"":5330,""detectors_checked"":2293760}"
     46080,         0,         0,    1.14,exact_mw,cb12ae119b9b2ba18d0216e7235b403229e92fd0743ede48fe7f1a2c6f45d594,"{""distance"":5,""physical_error_rate"":0.0005}","{""detection_events"":22210,""detectors_checked"":10321920}"
     87040,         0,         0,    2.18,exact_mw,cb12ae119b9b2ba18d0216e7235b403229e92fd0743ede48fe7f1a2c6f45d594,"{""distance"":5,""physical_error_rate"":0.0005}","{""detection_events"":42759,""detectors_checked"":19496960}"
     59392,         0,         0,    1.53,exact_mw,cb12ae119b9b2ba18d0216e7235b403229e92fd0743ede48fe7f1a2c6f45d594,"{""distance"":5,""physical_error_rate"":0.0005}","{""detection_events"":29031,""detectors_checked"":13303808}"
      2321,         0,         0,   0.027,exact_mw,cb12ae119b9b2ba18d0216e7235b403229e92fd0743ede48fe7f1a2c6f45d594,"{""distance"":5,""physical_error_rate"":0.0005}","{""detection_events"":1139,""detectors_checked"":519904}"
      1297,         0,         0,   0.027,exact_mw,cb12ae119b9b2ba18d0216e7235b403229e92fd0743ede48fe7f1a2c6f45d594,"{""distance"":5,""physical_error_rate"":0.0005}","{""detection_events"":714,""detectors_checked"":290528}"
      3072,         0,         0,   0.011,exact_mw,cb12ae119b9b2ba18d0216e7235b403229e92fd0743ede48fe7f1a2c6f45d594,"{""distance"":5,""physical_error_rate"":0.0005}","{""detection_events"":1484,""detectors_checked"":688128}"
      2321,         0,         0,   0.022,exact_mw,cb12ae119b9b2ba18d0216e7235b403229e92fd0743ede48fe7f1a2c6f45d594,"{""distance"":5,""physical_error_rate"":0.0005}","{""detection_events"":1136,""detectors_checked"":519904}"
      1024,         0,         0,   0.023,exact_mw,cb12ae119b9b2ba18d0216e7235b403229e92fd0743ede48fe7f1a2c6f45d594,"{""distance"":5,""physical_error_rate"":0.0005}","{""detection_events"":492,""detectors_checked"":229376}"
      2048,         0,         0,   0.026,exact_mw,cb12ae119b9b2ba18d0216e7235b403229e92fd0743ede48fe7f1a2c6f45d594,"{""distance"":5,""physical_error_rate"":0.0005}","{""detection_events"":943,""detectors_checked"":458752}"
      2048,         0,         0,   0.016,exact_mw,cb12ae119b9b2ba18d0216e7235b403229e92fd0743ede48fe7f1a2c6f45d594,"{""distance"":5,""physical_error_rate"":0.0005}","{""detection_events"":1002,""detectors_checked"":458752}"
      1024,         0,         0,   0.024,exact_mw,cb12ae119b9b2ba18d0216e7235b403229e92fd0743ede48fe7f1a2c6f45d594,"{""distance"":5,""physical_error_rate"":0.0005}","{""detection_events"":560,""detectors_checked"":229376}"
      3072,         0,         0,   0.030,exact_mw,cb12ae119b9b2ba18d0216e7235b403229e92fd0743ede48fe7f1a2c6f45d594,"{""distance"":5,""physical_error_rate"":0.0005}","{""detection_events"":1617,""detectors_checked"":688128}"
      3072,         0,         0,   0.026,exact_mw,cb12ae119b9b2ba18d0216e7235b403229e92fd0743ede48fe7f1a2c6f45d594,"{""distance"":5,""physical_error_rate"":0.0005}","{""detection_events"":1427,""detectors_checked"":688128}"
      2048,         0,         0,   0.028,exact_mw,cb12ae119b9b2ba18d0216e7235b403229e92fd0743ede48fe7f1a2c6f45d594,"{""distance"":5,""physical_error_rate"":0.0005}","{""detection_events"":914,""detectors_checked"":458752}"
     14336,         0,         0,   0.201,exact_mw,cb12ae119b9b2ba18d0216e7235b403229e92fd0743ede48fe7f1a2c6f45d594,"{""distance"":5,""physical_error_rate"":0.0005}","{""detection_events"":7272,""detectors_checked"":3211264}"
      2321,         0,         0,   0.029,exact_mw,cb12ae119b9b2ba18d0216e7235b403229e92fd0743ede48fe7f1a2c6f45d594,"{""distance"":5,""physical_error_rate"":0.0005}","{""detection_events"":1205,""detectors_checked"":519904}"
      5120,         0,         0,   0.030,exact_mw,cb12ae119b9b2ba18d0216e7235b403229e92fd0743ede48fe7f1a2c6f45d594,"{""distance"":5,""physical_error_rate"":0.0005}","{""detection_events"":2489,""detectors_checked"":1146880}"
     78848,         0,         0,    2.15,exact_mw,cb12ae119b9b2ba18d0216e7235b403229e92fd0743ede48fe7f1a2c6f45d594,"{""distance"":5,""physical_error_rate"":0.0005}","{""detection_events"":39002,""detectors_checked"":17661952}"
      4096,         0,         0,   0.051,exact_mw,cb12ae119b9b2ba18d0216e7235b403229e92fd0743ede48fe7f1a2c6f45d594,"{""distance"":5,""physical_error_rate"":0.0005}","{""detection_events"":1919,""detectors_checked"":917504}"
      1024,         0,         0,   0.027,exact_mw,cb12ae119b9b2ba18d0216e7235b403229e92fd0743ede48fe7f1a2c6f45d594,"{""distance"":5,""physical_error_rate"":0.0005}","{""detection_events"":457,""detectors_checked"":229376}"
      2048,         0,         0,   0.047,exact_mw,cb12ae119b9b2ba18d0216e7235b403229e92fd0743ede48fe7f1a2c6f45d594,"{""distance"":5,""physical_error_rate"":0.0005}","{""detection_events"":908,""detectors_checked"":458752}"
      2321,         0,         0,   0.031,exact_mw,cb12ae119b9b2ba18d0216e7235b403229e92fd0743ede48fe7f1a2c6f45d594,"{""distance"":5,""physical_error_rate"":0.0005}","{""detection_events"":1141,""detectors_checked"":519904}"
      1024,         0,         0,   0.005,exact_mw,cb12ae119b9b2ba18d0216e7235b403229e92fd0743ede48fe7f1a2c6f45d594,"{""distance"":5,""physical_error_rate"":0.0005}","{""detection_events"":538,""detectors_checked"":229376}"
      5120,         0,         0,   0.055,exact_mw,cb12ae119b9b2ba18d0216e7235b403229e92fd0743ede48fe7f1a2c6f45d594,"{""distance"":5,""physical_error_rate"":0.0005}","{""detection_events"":2551,""detectors_checked"":1146880}"
      1024,         0,         0,   0.026,exact_mw,cb12ae119b9b2ba18d0216e7235b403229e92fd0743ede48fe7f1a2c6f45d594,"{""distance"":5,""physical_error_rate"":0.0005}","{""detection_events"":429,""detectors_checked"":229376}"
      2048,         0,         0,   0.028,exact_mw,cb12ae119b9b2ba18d0216e7235b403229e92fd0743ede48fe7f1a2c6f45d594,"{""distance"":5,""physical_error_rate"":0.0005}","{""detection_events"":1043,""detectors_checked"":458752}"
      3072,         0,         0,   0.054,exact_mw,cb12ae119b9b2ba18d0216e7235b403229e92fd0743ede48fe7f1a2c6f45d594,"{""distance"":5,""physical_error_rate"":0.0005}","{""detection_events"":1489,""detectors_checked"":688128}"
      4096,         0,         0,   0.068,exact_mw,cb12ae119b9b2ba18d0216e7235b403229e92fd0743ede48fe7f1a2c6f45d594,"{""distance"":5,""physical_error_rate"":0.0005}","{""detection_events"":2087,""detectors_checked"":917504}"
      2048,         0,         0,   0.030,exact_mw,cb12ae119b9b2ba18d0216e7235b403229e92fd0743ede48fe7f1a2c6f45d594,"{""distance"":5,""physical_error_rate"":0.0005}","{""detection_events"":1006,""detectors_checked"":458752}"
      2048,         0,         0,   0.029,exact_mw,cb12ae119b9b2ba18d0216e7235b403229e92fd0743ede48fe7f1a2c6f45d594,"{""distance"":5,""physical_error_rate"":0.0005}","{""detection_events"":919,""detectors_checked"":458752}"
      7168,         0,         0,   0.075,exact_mw,cb12ae119b9b2ba18d0216e7235b403229e92fd0743ede48fe7f1a2c6f45d594,"{""distance"":5,""physical_error_rate"":0.0005}","{""detection_events"":3811,""detectors_checked"":1605632}"
      4096,         0,         0,   0.058,exact_mw,cb12ae119b9b2ba18d0216e7235b403229e92fd0743ede48fe7f1a2c6f45d594,"{""distance"":5,""physical_error_rate"":0.0005}","{""detection_events"":2055,""detectors_checked"":917504}"
     63488,         0,         0,    1.55,exact_mw,cb12ae119b9b2ba18d0216e7235b403229e92fd0743ede48fe7f1a2c6f45d594,"{""distance"":5,""physical_error_rate"":0.0005}","{""detection_events"":31669,""detectors_checked"":14221312}"
      3072,         0,         0,   0.076,exact_mw,cb12ae119b9b2ba18d0216e7235b403229e92fd0743ede48fe7f1a2c6f45d594,"{""distance"":5,""physical_error_rate"":0.0005}","{""detection_events"":1475,""detectors_checked"":688128}"
      6144,         0,         0,   0.080,exact_mw,cb12ae119b9b2ba18d0216e7235b403229e92fd0743ede48fe7f1a2c6f45d594,"{""distance"":5,""physical_error_rate"":0.0005}","{""detection_events"":2976,""detectors_checked"":1376256}"
      3072,         0,         0,   0.053,exact_mw,cb12ae119b9b2ba18d0216e7235b403229e92fd0743ede48fe7f1a2c6f45d594,"{""distance"":5,""physical_error_rate"":0.0005}","{""detection_events"":1460,""detectors_checked"":688128}"
      3072,         0,         0,   0.054,exact_mw,cb12ae119b9b2ba18d0216e7235b403229e92fd0743ede48fe7f1a2c6f45d594,"{""distance"":5,""physical_error_rate"":0.0005}","{""detection_events"":1501,""detectors_checked"":688128}"
    100352,         0,         0,    2.19,exact_mw,cb12ae119b9b2ba18d0216e7235b403229e92fd0743ede48fe7f1a2c6f45d594,"{""distance"":5,""physical_error_rate"":0.0005}","{""detection_events"":48898,""detectors_checked"":22478848}"
      6144,         0,         0,   0.079,exact_mw,cb12ae119b9b2ba18d0216e7235b403229e92fd0743ede48fe7f1a2c6f45d594,"{""distance"":5,""physical_error_rate"":0.0005}","{""detection_events"":2931,""detectors_checked"":1376256}"
      3072,         0,         0,   0.056,exact_mw,cb12ae119b9b2ba18d0216e7235b403229e92fd0743ede48fe7f1a2c6f45d594,"{""distance"":5,""physical_error_rate"":0.0005}","{""detection_events"":1572,""detectors_checked"":688128}"
      8192,         0,         0,   0.105,exact_mw,cb12ae119b9b2ba18d0216e7235b403229e92fd0743ede48fe7f1a2c6f45d594,"{""distance"":5,""physical_error_rate"":0.0005}","{""detection_events"":4106,""detectors_checked"":1835008}"
      5120,         0,         0,   0.085,exact_mw,cb12ae119b9b2ba18d0216e7235b403229e92fd0743ede48fe7f1a2c6f45d594,"{""distance"":5,""physical_error_rate"":0.0005}","{""detection_events"":2637,""detectors_checked"":1146880}"
      5120,         0,         0,   0.120,exact_mw,cb12ae119b9b2ba18d0216e7235b403229e92fd0743ede48fe7f1a2c6f45d594,"{""distance"":5,""physical_error_rate"":0.0005}","{""detection_events"":2395,""detectors_checked"":1146880}"
        17,         0,         0,   0.026,exact_mw,cb12ae119b9b2ba18d0216e7235b403229e92fd0743ede48fe7f1a2c6f45d594,"{""distance"":5,""physical_error_rate"":0.0005}","{""detection_events"":2,""detectors_checked"":3808}"
     17408,         0,         0,   0.311,exact_mw,cb12ae119b9b2ba18d0216e7235b403229e92fd0743ede48fe7f1a2c6f45d594,"{""distance"":5,""physical_error_rate"":0.0005}","{""detection_events"":8571,""detectors_checked"":3899392}"
      5120,         0,         0,   0.085,exact_mw,cb12ae119b9b2ba18d0216e7235b403229e92fd0743ede48fe7f1a2c6f45d594,"{""distance"":5,""physical_error_rate"":0.0005}","{""detection_events"":2569,""detectors_checked"":1146880}"
     10240,         0,         0,   0.118,exact_mw,cb12ae119b9b2ba18d0216e7235b403229e92fd0743ede48fe7f1a2c6f45d594,"{""distance"":5,""physical_error_rate"":0.0005}","{""detection_events"":5182,""detectors_checked"":2293760}"
      2304,         0,         0,   0.034,exact_mw,cb12ae119b9b2ba18d0216e7235b403229e92fd0743ede48fe7f1a2c6f45d594,"{""distance"":5,""physical_error_rate"":0.0005}","{""detection_events"":1085,""detectors_checked"":516096}"
     59392,         0,         0,    1.54,exact_mw,cb12ae119b9b2ba18d0216e7235b403229e92fd0743ede48fe7f1a2c6f45d594,"{""distance"":5,""physical_error_rate"":0.0005}","{""detection_events"":29609,""detectors_checked"":13303808}"
      1297,         0,         0,   0.031,exact_mw,cb12ae119b9b2ba18d0216e7235b403229e92fd0743ede48fe7f1a2c6f45d594,"{""distance"":5,""physical_error_rate"":0.0005}","{""detection_events"":711,""detectors_checked"":290528}"
      1024,         0,         0,   0.029,exact_mw,cb12ae119b9b2ba18d0216e7235b403229e92fd0743ede48fe7f1a2c6f45d594,"{""distance"":5,""physical_error_rate"":0.0005}","{""detection_events"":493,""detectors_checked"":229376}"
      1024,         0,         0,   0.028,exact_mw,cb12ae119b9b2ba18d0216e7235b403229e92fd0743ede48fe7f1a2c6f45d594,"{""distance"":5,""physical_error_rate"":0.0005}","{""detection_events"":425,""detectors_checked"":229376}"
      1024,         0,         0,   0.030,exact_mw,cb12ae119b9b2ba18d0216e7235b403229e92fd0743ede48fe7f1a2c6f45d594,"{""distance"":5,""physical_error_rate"":0.0005}","{""detection_events"":505,""detectors_checked"":229376}"
      5120,         0,         0,   0.116,exact_mw,cb12ae119b9b2ba18d0216e7235b403229e92fd0743ede48fe7f1a2c6f45d594,"{""distance"":5,""physical_error_rate"":0.0005}","{""detection_events"":2448,""detectors_checked"":1146880}"
      1297,         0,         0,   0.026,exact_mw,cb12ae119b9b2ba18d0216e7235b403229e92fd0743ede48fe7f1a2c6f45d594,"{""distance"":5,""physical_error_rate"":0.0005}","{""detection_events"":713,""detectors_checked"":290528}"
      1024,         0,         0,   0.029,exact_mw,cb12ae119b9b2ba18d0216e7235b403229e92fd0743ede48fe7f1a2c6f45d594,"{""distance"":5,""physical_error_rate"":0.0005}","{""detection_events"":496,""detectors_checked"":229376}"
     13312,         0,         0,   0.154,exact_mw,cb12ae119b9b2ba18d0216e7235b403229e92fd0743ede48fe7f1a2c6f45d594,"{""distance"":5,""physical_error_rate"":0.0005}","{""detection_events"":6652,""detectors_checked"":2981888}"
      1024,         0,         0,   0.028,exact_mw,cb12ae119b9b2ba18d0216e7235b403229e92fd0743ede48fe7f1a2c6f45d594,"{""distance"":5,""physical_error_rate"":0.0005}","{""detection_events"":559,""detectors_checked"":229376}"
      8192,         0,         0,   0.116,exact_mw,cb12ae119b9b2ba18d0216e7235b403229e92fd0743ede48fe7f1a2c6f45d594,"{""distance"":5,""physical_error_rate"":0.0005}","{""detection_events"":4115,""detectors_checked"":1835008}"
      6144,         0,         0,   0.151,exact_mw,cb12ae119b9b2ba18d0216e7235b403229e92fd0743ede48fe7f1a2c6f45d594,"{""distance"":5,""physical_error_rate"":0.0005}","{""detection_events"":2986,""detectors_checked"":1376256}"
      2048,         0,         0,   0.050,exact_mw,cb12ae119b9b2ba18d0216e7235b403229e92fd0743ede48fe7f1a2c6f45d594,"{""distance"":5,""physical_error_rate"":0.0005}","{""detection_events"":1037,""detectors_checked"":458752}"
      2048,         0,         0,   0.034,exact_mw,cb12ae119b9b2ba18d0216e7235b403229e92fd0743ede48fe7f1a2c6f45d594,"{""distance"":5,""physical_error_rate"":0.0005}","{""detection_events"":1009,""detectors_checked"":458752}"
      1024,         0,         0,   0.023,exact_mw,cb12ae119b9b2ba18d0216e7235b403229e92fd0743ede48fe7f1a2c6f45d594,"{""distance"":5,""physical_error_rate"":0.0005}","{""detection_events"":411,""detectors_checked"":229376}"
      1297,         0,         0,   0.027,exact_mw,cb12ae119b9b2ba18d0216e7235b403229e92fd0743ede48fe7f1a2c6f45d594,"{""distance"":5,""physical_error_rate"":0.0005}","{""detection_events"":610,""detectors_checked"":290528}"
     11264,         0,         0,   0.150,exact_mw,cb12ae119b9b2ba18d0216e7235b403229e92fd0743ede48fe7f1a2c6f45d594,"{""distance"":5,""physical_error_rate"":0.0005}","{""detection_events"":5480,""detectors_checked"":2523136}"
      1297,         0,         0,   0.034,exact_mw,cb12ae119b9b2ba18d0216e7235b403229e92fd0743ede48fe7f1a2c6f45d594,"{""distance"":5,""physical_error_rate"":0.0005}","{""detection_events"":623,""detectors_checked"":290528}"
      1024,         0,         0,   0.024,exact_mw,cb12ae119b9b2ba18d0216e7235b403229e92fd0743ede48fe7f1a2c6f45d594,"{""distance"":5,""physical_error_rate"":0.0005}","{""detection_events"":500,""detectors_checked"":229376}"
      2048,         0,         0,   0.057,exact_mw,cb12ae119b9b2ba18d0216e7235b403229e92fd0743ede48fe7f1a2c6f45d594,"{""distance"":5,""physical_error_rate"":0.0005}","{""detection_events"":1010,""detectors_checked"":458752}"
      2048,         0,         0,   0.050,exact_mw,cb12ae119b9b2ba18d0216e7235b403229e92fd0743ede48fe7f1a2c6f45d594,"{""distance"":5,""physical_error_rate"":0.0005}","{""detection_events"":974,""detectors_checked"":458752}"
      2048,         0,         0,   0.057,exact_mw,cb12ae119b9b2ba18d0216e7235b403229e92fd0743ede48fe7f1a2c6f45d594,"{""distance"":5,""physical_error_rate"":0.0005}","{""detection_events"":1085,""detectors_checked"":458752}"
     75776,         0,         0,    1.56,exact_mw,cb12ae119b9b2ba18d0216e7235b403229e92fd0743ede48fe7f1a2c6f45d594,"{""distance"":5,""physical_error_rate"":0.0005}","{""detection_events"":37372,""detectors_checked"":16973824}"
      1024,         0,         0,   0.029,exact_mw,cb12ae119b9b2ba18d0216e7235b403229e92fd0743ede48fe7f1a2c6f45d594,"{""distance"":5,""physical_error_rate"":0.0005}","{""detection_events"":498,""detectors_checked"":229376}"
      1024,         0,         0,   0.024,exact_mw,cb12ae119b9b2ba18d0216e7235b403229e92fd0743ede48fe7f1a2c6f45d594,"{""distance"":5,""physical_error_rate"":0.0005}","{""detection_events"":533,""detectors_checked"":229376}"
     12288,         0,         0,   0.147,exact_mw,cb12ae119b9b2ba18d0216e7235b403229e92fd0743ede48fe7f1a2c6f45d594,"{""distance"":5,""physical_error_rate"":0.0005}","{""detection_events"":6013,""detectors_checked"":2752512}"
      1024,         0,         0,   0.028,exact_mw,cb12ae119b9b2ba18d0216e7235b403229e92fd0743ede48fe7f1a2c6f45d594,"{""distance"":5,""physical_error_rate"":0.0005}","{""detection_events"":518,""detectors_checked"":229376}"
      2048,         0,         0,   0.049,exact_mw,cb12ae119b9b2ba18d0216e7235b403229e92fd0743ede48fe7f1a2c6f45d594,"{""distance"":5,""physical_error_rate"":0.0005}","{""detection_events"":1027,""detectors_checked"":458752}"
      1297,         0,         0,   0.027,exact_mw,cb12ae119b9b2ba18d0216e7235b403229e92fd0743ede48fe7f1a2c6f45d594,"{""distance"":5,""physical_error_rate"":0.0005}","{""detection_events"":678,""detectors_checked"":290528}"
       273,         0,         0,   0.026,exact_mw,cb12ae119b9b2ba18d0216e7235b403229e92fd0743ede48fe7f1a2c6f45d594,"{""distance"":5,""physical_error_rate"":0.0005}","{""detection_events"":155,""detectors_checked"":61152}"
      2048,         0,         0,   0.052,exact_mw,cb12ae119b9b2ba18d0216e7235b403229e92fd0743ede48fe7f1a2c6f45d594,"{""distance"":5,""physical_error_rate"":0.0005}","{""detection_events"":1028,""detectors_checked"":458752}"
      3072,         0,         0,   0.072,exact_mw,cb12ae119b9b2ba18d0216e7235b403229e92fd0743ede48fe7f1a2c6f45d594,"{""distance"":5,""physical_error_rate"":0.0005}","{""detection_events"":1465,""detectors_checked"":688128}"
      1024,         0,         0,   0.023,exact_mw,cb12ae119b9b2ba18d0216e7235b403229e92fd0743ede48fe7f1a2c6f45d594,"{""distance"":5,""physical_error_rate"":0.0005}","{""detection_events"":442,""detectors_checked"":229376}"
      1024,         0,         0,   0.031,exact_mw,cb12ae119b9b2ba18d0216e7235b403229e92fd0743ede48fe7f1a2c6f45d594,"{""distance"":5,""physical_error_rate"":0.0005}","{""detection_events"":483,""detectors_checked"":229376}"
      4096,         0,         0,   0.067,exact_mw,cb12ae119b9b2ba18d0216e7235b403229e92fd0743ede48fe7f1a2c6f45d594,"{""distance"":5,""physical_error_rate"":0.0005}","{""detection_events"":2103,""detectors_checked"":917504}"
      1024,         0,         0,   0.032,exact_mw,cb12ae119b9b2ba18d0216e7235b403229e92fd0743ede48fe7f1a2c6f45d594,"{""distance"":5,""physical_error_rate"":0.0005}","{""detection_events"":388,""detectors_checked"":229376}"
      1024,         0,         0,   0.024,exact_mw,cb12ae119b9b2ba18d0216e7235b403229e92fd0743ede48fe7f1a2c6f45d594,"{""distance"":5,""physical_error_rate"":0.0005}","{""detection_events"":492,""detectors_checked"":229376}"
      6144,         0,         0,   0.170,exact_mw,cb12ae119b9b2ba18d0216e7235b403229e92fd0743ede48fe7f1a2c6f45d594,"{""distance"":5,""physical_error_rate"":0.0005}","{""detection_events"":3124,""detectors_checked"":1376256}"
      1024,         0,         0,   0.042,exact_mw,cb12ae119b9b2ba18d0216e7235b403229e92fd0743ede48fe7f1a2c6f45d594,"{""distance"":5,""physical_error_rate"":0.0005}","{""detection_events"":535,""detectors_checked"":229376}"
      1297,         0,         0,   0.027,exact_mw,cb12ae119b9b2ba18d0216e7235b403229e92fd0743ede48fe7f1a2c6f45d594,"{""distance"":5,""physical_error_rate"":0.0005}","{""detection_events"":709,""detectors_checked"":290528}"
      4096,         0,         0,   0.074,exact_mw,cb12ae119b9b2ba18d0216e7235b403229e92fd0743ede48fe7f1a2c6f45d594,"{""distance"":5,""physical_error_rate"":0.0005}","{""detection_events"":1962,""detectors_checked"":917504}"
      1024,         0,         0,   0.035,exact_mw,cb12ae119b9b2ba18d0216e7235b403229e92fd0743ede48fe7f1a2c6f45d594,"{""distance"":5,""physical_error_rate"":0.0005}","{""detection_events"":508,""detectors_checked"":229376}"
      2048,         0,         0,   0.029,exact_mw,cb12ae119b9b2ba18d0216e7235b403229e92fd0743ede48fe7f1a2c6f45d594,"{""distance"":5,""physical_error_rate"":0.0005}","{""detection_events"":1008,""detectors_checked"":458752}"
      2048,         0,         0,   0.057,exact_mw,cb12ae119b9b2ba18d0216e7235b403229e92fd0743ede48fe7f1a2c6f45d594,"{""distance"":5,""physical_error_rate"":0.0005}","{""detection_events"":992,""detectors_checked"":458752}"
      1297,         0,         0,   0.031,exact_mw,cb12ae119b9b2ba18d0216e7235b403229e92fd0743ede48fe7f1a2c6f45d594,"{""distance"":5,""physical_error_rate"":0.0005}","{""detection_events"":637,""detectors_checked"":290528}"
     13312,         0,         0,   0.210,exact_mw,cb12ae119b9b2ba18d0216e7235b403229e92fd0743ede48fe7f1a2c6f45d594,"{""distance"":5,""physical_error_rate"":0.0005}","{""detection_events"":6443,""detectors_checked"":2981888}"
       273,         0,         0,   0.022,exact_mw,cb12ae119b9b2ba18d0216e7235b403229e92fd0743ede48fe7f1a2c6f45d594,"{""distance"":5,""physical_error_rate"":0.0005}","{""detection_events"":162,""detectors_checked"":61152}"
      1024,         0,         0,   0.024,exact_mw,cb12ae119b9b2ba18d0216e7235b403229e92fd0743ede48fe7f1a2c6f45d594,"{""distance"":5,""physical_error_rate"":0.0005}","{""detection_events"":465,""detectors_checked"":229376}"
     10240,         0,         0,   0.226,exact_mw,cb12ae119b9b2ba18d0216e7235b403229e92fd0743ede48fe7f1a2c6f45d594,"{""distance"":5,""physical_error_rate"":0.0005}","{""detection_events"":4851,""detectors_checked"":2293760}"
      1297,         0,         0,   0.024,exact_mw,cb12ae119b9b2ba18d0216e7235b403229e92fd0743ede48fe7f1a2c6f45d594,"{""distance"":5,""physical_error_rate"":0.0005}","{""detection_events"":648,""detectors_checked"":290528}"
      1024,         0,         0,   0.028,exact_mw,cb12ae119b9b2ba18d0216e7235b403229e92fd0743ede48fe7f1a2c6f45d594,"{""distance"":5,""physical_error_rate"":0.0005}","{""detection_events"":508,""detectors_checked"":229376}"
      1024,         0,         0,   0.028,exact_mw,cb12ae119b9b2ba18d0216e7235b403229e92fd0743ede48fe7f1a2c6f45d594,"{""distance"":5,""physical_error_rate"":0.0005}","{""detection_events"":457,""detectors_checked"":229376}"
      4096,         0,         0,   0.068,exact_mw,cb12ae119b9b2ba18d0216e7235b403229e92fd0743ede48fe7f1a2c6f45d594,"{""distance"":5,""physical_error_rate"":0.0005}","{""detection_events"":2111,""detectors_checked"":917504}"
      1024,         0,         0,   0.025,exact_mw,cb12ae119b9b2ba18d0216e7235b403229e92fd0743ede48fe7f1a2c6f45d594,"{""distance"":5,""physical_error_rate"":0.0005}","{""detection_events"":494,""detectors_checked"":229376}"
      2048,         0,         0,   0.047,exact_mw,cb12ae119b9b2ba18d0216e7235b403229e92fd0743ede48fe7f1a2c6f45d594,"{""distance"":5,""physical_error_rate"":0.0005}","{""detection_events"":930,""detectors_checked"":458752}"
      2048,         0,         0,   0.030,exact_mw,cb12ae119b9b2ba18d0216e7235b403229e92fd0743ede48fe7f1a2c6f45d594,"{""distance"":5,""physical_error_rate"":0.0005}","{""detection_events"":1057,""detectors_checked"":458752}"
      2048,         0,         0,   0.025,exact_mw,cb12ae119b9b2ba18d0216e7235b403229e92fd0743ede48fe7f1a2c6f45d594,"{""distance"":5,""physical_error_rate"":0.0005}","{""detection_events"":924,""detectors_checked"":458752}"
      4096,         0,         0,   0.055,exact_mw,cb12ae119b9b2ba18d0216e7235b403229e92fd0743ede48fe7f1a2c6f45d594,"{""distance"":5,""physical_error_rate"":0.0005}","{""detection_events"":2144,""detectors_checked"":917504}"
     13312,         0,         0,   0.214,exact_mw,cb12ae119b9b2ba18d0216e7235b403229e92fd0743ede48fe7f1a2c6f45d594,"{""distance"":5,""physical_error_rate"":0.0005}","{""detection_events"":6304,""detectors_checked"":2981888}"
      1024,         0,         0,   0.003,exact_mw,cb12ae119b9b2ba18d0216e7235b403229e92fd0743ede48fe7f1a2c6f45d594,"{""distance"":5,""physical_error_rate"":0.0005}","{""detection_events"":542,""detectors_checked"":229376}"
      2048,         0,         0,   0.059,exact_mw,cb12ae119b9b2ba18d0216e7235b403229e92fd0743ede48fe7f1a2c6f45d594,"{""distance"":5,""physical_error_rate"":0.0005}","{""detection_events"":941,""detectors_checked"":458752}"
      1024,         0,         0,   0.026,exact_mw,cb12ae119b9b2ba18d0216e7235b403229e92fd0743ede48fe7f1a2c6f45d594,"{""distance"":5,""physical_error_rate"":0.0005}","{""detection_events"":516,""detectors_checked"":229376}"
      5120,         0,         0,   0.109,exact_mw,cb12ae119b9b2ba18d0216e7235b403229e92fd0743ede48fe7f1a2c6f45d594,"{""distance"":5,""physical_error_rate"":0.0005}","{""detection_events"":2434,""detectors_checked"":1146880}"
      4096,         0,         0,   0.075,exact_mw,cb12ae119b9b2ba18d0216e7235b403229e92fd0743ede48fe7f1a2c6f45d594,"{""distance"":5,""physical_error_rate"":0.0005}","{""detection_events"":1952,""detectors_checked"":917504}"
      2048,         0,         0,   0.028,exact_mw,cb12ae119b9b2ba18d0216e7235b403229e92fd0743ede48fe7f1a2c6f45d594,"{""distance"":5,""physical_error_rate"":0.0005}","{""detection_events"":914,""detectors_checked"":458752}"
      2048,         0,         0,   0.026,exact_mw,cb12ae119b9b2ba18d0216e7235b403229e92fd0743ede48fe7f1a2c6f45d594,"{""distance"":5,""physical_error_rate"":0.0005}","{""detection_events"":941,""detectors_checked"":458752}"
     17408,         0,         0,   0.412,exact_mw,cb12ae119b9b2ba18d0216e7235b403229e92fd0743ede48fe7f1a2c6f45d594,"{""distance"":5,""physical_error_rate"":0.0005}","{""detection_events"":8516,""detectors_checked"":3899392}"
      2048,         0,         0,   0.058,exact_mw,cb12ae119b9b2ba18d0216e7235b403229e92fd0743ede48fe7f1a2c6f45d594,"{""distance"":5,""physical_error_rate"":0.0005}","{""detection_events"":1136,""detectors_checked"":458752}"
      2048,         0,         0,   0.033,exact_mw,cb12ae119b9b2ba18d0216e7235b403229e92fd0743ede48fe7f1a2c6f45d594,"{""distance"":5,""physical_error_rate"":0.0005}","{""detection_events"":1043,""detectors_checked"":458752}"
      3072,         0,         0,   0.029,exact_mw,cb12ae119b9b2ba18d0216e7235b403229e92fd0743ede48fe7f1a2c6f45d594,"{""distance"":5,""physical_error_rate"":0.0005}","{""detection_events"":1575,""detectors_checked"":688128}"
      3072,         0,         0,   0.051,exact_mw,cb12ae119b9b2ba18d0216e7235b403229e92fd0743ede48fe7f1a2c6f45d594,"{""distance"":5,""physical_error_rate"":0.0005}","{""detection_events"":1597,""detectors_checked"":688128}"
      3072,         0,         0,   0.073,exact_mw,cb12ae119b9b2ba18d0216e7235b403229e92fd0743ede48fe7f1a2c6f45d594,"{""distance"":5,""physical_error_rate"":0.0005}","{""detection_events"":1514,""detectors_checked"":688128}"
      3072,         0,         0,   0.055,exact_mw,cb12ae119b9b2ba18d0216e7235b403229e92fd0743ede48fe7f1a2c6f45d594,"{""distance"":5,""physical_error_rate"":0.0005}","{""detection_events"":1491,""detectors_checked"":688128}"
     14336,         0,         0,   0.222,exact_mw,cb12ae119b9b2ba18d0216e7235b403229e92fd0743ede48fe7f1a2c6f45d594,"{""distance"":5,""physical_error_rate"":0.0005}","{""detection_events"":7049,""detectors_checked"":3211264}"
      4096,         0,         0,   0.075,exact_mw,cb12ae119b9b2ba18d0216e7235b403229e92fd0743ede48fe7f1a2c6f45d594,"{""distance"":5,""physical_error_rate"":0.0005}","{""detection_events"":2031,""detectors_checked"":917504}"
      3072,         0,         0,   0.060,exact_mw,cb12ae119b9b2ba18d0216e7235b403229e92fd0743ede48fe7f1a2c6f45d594,"{""distance"":5,""physical_error_rate"":0.0005}","{""detection_events"":1456,""detectors_checked"":688128}"
      3072,         0,         0,   0.089,exact_mw,cb12ae119b9b2ba18d0216e7235b403229e92fd0743ede48fe7f1a2c6f45d594,"{""distance"":5,""physical_error_rate"":0.0005}","{""detection_events"":1559,""detectors_checked"":688128}"
      4096,         0,         0,   0.118,exact_mw,cb12ae119b9b2ba18d0216e7235b403229e92fd0743ede48fe7f1a2c6f45d594,"{""distance"":5,""physical_error_rate"":0.0005}","{""detection_events"":1920,""detectors_checked"":917504}"
      2048,         0,         0,   0.059,exact_mw,cb12ae119b9b2ba18d0216e7235b403229e92fd0743ede48fe7f1a2c6f45d594,"{""distance"":5,""physical_error_rate"":0.0005}","{""detection_events"":1063,""detectors_checked"":458752}"
      4096,         0,         0,   0.053,exact_mw,cb12ae119b9b2ba18d0216e7235b403229e92fd0743ede48fe7f1a2c6f45d594,"{""distance"":5,""physical_error_rate"":0.0005}","{""detection_events"":1957,""detectors_checked"":917504}"
      2048,         0,         0,   0.049,exact_mw,cb12ae119b9b2ba18d0216e7235b403229e92fd0743ede48fe7f1a2c6f45d594,"{""distance"":5,""physical_error_rate"":0.0005}","{""detection_events"":990,""detectors_checked"":458752}"
      3072,         0,         0,   0.054,exact_mw,cb12ae119b9b2ba18d0216e7235b403229e92fd0743ede48fe7f1a2c6f45d594,"{""distance"":5,""physical_error_rate"":0.0005}","{""detection_events"":1545,""detectors_checked"":688128}"
     14336,         0,         0,   0.224,exact_mw,cb12ae119b9b2ba18d0216e7235b403229e92fd0743ede48fe7f1a2c6f45d594,"{""distance"":5,""physical_error_rate"":0.0005}","{""detection_events"":7102,""detectors_checked"":3211264}"
      4096,         0,         0,   0.075,exact_mw,cb12ae119b9b2ba18d0216e7235b403229e92fd0743ede48fe7f1a2c6f45d594,"{""distance"":5,""physical_error_rate"":0.0005}","{""detection_events"":1960,""detectors_checked"":917504}"
      5120,         0,         0,   0.124,exact_mw,cb12ae119b9b2ba18d0216e7235b403229e92fd0743ede48fe7f1a2c6f45d594,"{""distance"":5,""physical_error_rate"":0.0005}","{""detection_events"":2542,""detectors_checked"":1146880}"
      4096,         0,         0,   0.053,exact_mw,cb12ae119b9b2ba18d0216e7235b403229e92fd0743ede48fe7f1a2c6f45d594,"{""distance"":5,""physical_error_rate"":0.0005}","{""detection_events"":2115,""detectors_checked"":917504}"
      1024,         0,         0,   0.058,exact_mw,cb12ae119b9b2ba18d0216e7235b403229e92fd0743ede48fe7f1a2c6f45d594,"{""distance"":5,""physical_error_rate"":0.0005}","{""detection_events"":488,""detectors_checked"":229376}"
      1297,         0,         0,   0.019,exact_mw,cb12ae119b9b2ba18d0216e7235b403229e92fd0743ede48fe7f1a2c6f45d594,"{""distance"":5,""physical_error_rate"":0.0005}","{""detection_events"":601,""detectors_checked"":290528}"
       273,         0,         0,   0.026,exact_mw,cb12ae119b9b2ba18d0216e7235b403229e92fd0743ede48fe7f1a2c6f45d594,"{""distance"":5,""physical_error_rate"":0.0005}","{""detection_events"":102,""detectors_checked"":61152}"
     10240,         0,         0,   0.166,exact_mw,cb12ae119b9b2ba18d0216e7235b403229e92fd0743ede48fe7f1a2c6f45d594,"{""distance"":5,""physical_error_rate"":0.0005}","{""detection_events"":5051,""detectors_checked"":2293760}"
      4096,         0,         0,   0.091,exact_mw,cb12ae119b9b2ba18d0216e7235b403229e92fd0743ede48fe7f1a2c6f45d594,"{""distance"":5,""physical_error_rate"":0.0005}","{""detection_events"":2048,""detectors_checked"":917504}"
      3072,         0,         0,   0.074,exact_mw,cb12ae119b9b2ba18d0216e7235b403229e92fd0743ede48fe7f1a2c6f45d594,"{""distance"":5,""physical_error_rate"":0.0005}","{""detection_events"":1448,""detectors_checked"":688128}"
      5120,         0,         0,   0.107,exact_mw,cb12ae119b9b2ba18d0216e7235b403229e92fd0743ede48fe7f1a2c6f45d594,"{""distance"":5,""physical_error_rate"":0.0005}","{""detection_events"":2619,""detectors_checked"":1146880}"
      3072,         0,         0,   0.026,exact_mw,cb12ae119b9b2ba18d0216e7235b403229e92fd0743ede48fe7f1a2c6f45d594,"{""distance"":5,""physical_error_rate"":0.0005}","{""detection_events"":1422,""detectors_checked"":688128}"
      1024,         0,         0,   0.031,exact_mw,cb12ae119b9b2ba18d0216e7235b403229e92fd0743ede48fe7f1a2c6f45d594,"{""distance"":5,""physical_error_rate"":0.0005}","{""detection_events"":585,""detectors_checked"":229376}"
       273,         0,         0,   0.022,exact_mw,cb12ae119b9b2ba18d0216e7235b403229e92fd0743ede48fe7f1a2c6f45d594,"{""distance"":5,""physical_error_rate"":0.0005}","{""detection_events"":155,""detectors_checked"":61152}"
      5120,         0,         0,   0.086,exact_mw,cb12ae119b9b2ba18d0216e7235b403229e92fd0743ede48fe7f1a2c6f45d594,"{""distance"":5,""physical_error_rate"":0.0005}","{""detection_events"":2556,""detectors_checked"":1146880}"
      3072,         0,         0,   0.028,exact_mw,cb12ae119b9b2ba18d0216e7235b403229e92fd0743ede48fe7f1a2c6f45d594,"{""distance"":5,""physical_error_rate"":0.0005}","{""detection_events"":1617,""detectors_checked"":688128}"
      1024,         0,         0,   0.032,exact_mw,cb12ae119b9b2ba18d0216e7235b403229e92fd0743ede48fe7f1a2c6f45d594,"{""distance"":5,""physical_error_rate"":0.0005}","{""detection_events"":490,""detectors_checked"":229376}"
         1,         0,         0,   0.000,exact_mw,cb12ae119b9b2ba18d0216e7235b403229e92fd0743ede48fe7f1a2c6f45d594,"{""distance"":5,""physical_error_rate"":0.0005}","{""detectors_checked"":224}"
      1024,         0,         0,   0.027,exact_mw,cb12ae119b9b2ba18d0216e7235b403229e92fd0743ede48fe7f1a2c6f45d594,"{""distance"":5,""physical_error_rate"":0.0005}","{""detection_events"":397,""detectors_checked"":229376}"
      7168,         0,         0,   0.084,exact_mw,cb12ae119b9b2ba18d0216e7235b403229e92fd0743ede48fe7f1a2c6f45d594,"{""distance"":5,""physical_error_rate"":0.0005}","{""detection_events"":3647,""detectors_checked"":1605632}"
      3072,         0,         0,   0.084,exact_mw,cb12ae119b9b2ba18d0216e7235b403229e92fd0743ede48fe7f1a2c6f45d594,"{""distance"":5,""physical_error_rate"":0.0005}","{""detection_events"":1546,""detectors_checked"":688128}"
      6144,         0,         0,   0.149,exact_mw,cb12ae119b9b2ba18d0216e7235b403229e92fd0743ede48fe7f1a2c6f45d594,"{""distance"":5,""physical_error_rate"":0.0005}","{""detection_events"":3143,""detectors_checked"":1376256}"
     24576,         0,         0,   0.299,exact_mw,cb12ae119b9b2ba18d0216e7235b403229e92fd0743ede48fe7f1a2c6f45d594,"{""distance"":5,""physical_error_rate"":0.0005}","{""detection_events"":12225,""detectors_checked"":5505024}"
      4096,         0,         0,   0.032,exact_mw,cb12ae119b9b2ba18d0216e7235b403229e92fd0743ede48fe7f1a2c6f45d594,"{""distance"":5,""physical_error_rate"":0.0005}","{""detection_events"":1992,""detectors_checked"":917504}"
      4096,         0,         0,   0.076,exact_mw,cb12ae119b9b2ba18d0216e7235b403229e92fd0743ede48fe7f1a2c6f45d594,"{""distance"":5,""physical_error_rate"":0.0005}","{""detection_events"":1967,""detectors_checked"":917504}"
      1297,         0,         0,   0.030,exact_mw,cb12ae119b9b2ba18d0216e7235b403229e92fd0743ede48fe7f1a2c6f45d594,"{""distance"":5,""physical_error_rate"":0.0005}","{""detection_events"":664,""detectors_checked"":290528}"
      1296,         0,         0,   0.025,exact_mw,cb12ae119b9b2ba18d0216e7235b403229e92fd0743ede48fe7f1a2c6f45d594,"{""distance"":5,""physical_error_rate"":0.0005}","{""detection_events"":567,""detectors_checked"":290304}"
      6144,         0,         0,   0.124,exact_mw,cb12ae119b9b2ba18d0216e7235b403229e92fd0743ede48fe7f1a2c6f45d594,"{""distance"":5,""physical_error_rate"":0.0005}","{""detection_events"":2857,""detectors_checked"":1376256}"
      1297,         0,         0,   0.028,exact_mw,cb12ae119b9b2ba18d0216e7235b403229e92fd0743ede48fe7f1a2c6f45d594,"{""distance"":5,""physical_error_rate"":0.0005}","{""detection_events"":581,""detectors_checked"":290528}"
      1024,         0,         0,   0.025,exact_mw,cb12ae119b9b2ba18d0216e7235b403229e92fd0743ede48fe7f1a2c6f45d594,"{""distance"":5,""physical_error_rate"":0.0005}","{""detection_events"":494,""detectors_checked"":229376}"
     13312,         0,         0,   0.298,exact_mw,cb12ae119b9b2ba18d0216e7235b403229e92fd0743ede48fe7f1a2c6f45d594,"{""distance"":5,""physical_error_rate"":0.0005}","{""detection_events"":6429,""detectors_checked"":2981888}"
      2048,         0,         0,   0.047,exact_mw,cb12ae119b9b2ba18d0216e7235b403229e92fd0743ede48fe7f1a2c6f45d594,"{""distance"":5,""physical_error_rate"":0.0005}","{""detection_events"":1036,""detectors_checked"":458752}"
      6144,         0,         0,   0.157,exact_mw,cb12ae119b9b2ba18d0216e7235b403229e92fd0743ede48fe7f1a2c6f45d594,"{""distance"":5,""physical_error_rate"":0.0005}","{""detection_events"":3039,""detectors_checked"":1376256}"
      1024,         0,         0,   0.026,exact_mw,cb12ae119b9b2ba18d0216e7235b403229e92fd0743ede48fe7f1a2c6f45d594,"{""distance"":5,""physical_error_rate"":0.0005}","{""detection_events"":532,""detectors_checked"":229376}"
      1024,         0,         0,   0.029,exact_mw,cb12ae119b9b2ba18d0216e7235b403229e92fd0743ede48fe7f1a2c6f45d594,"{""distance"":5,""physical_error_rate"":0.0005}","{""detection_events"":520,""detectors_checked"":229376}"
      2048,         0,         0,   0.027,exact_mw,cb12ae119b9b2ba18d0216e7235b403229e92fd0743ede48fe7f1a2c6f45d594,"{""distance"":5,""physical_error_rate"":0.0005}","{""detection_events"":1020,""detectors_checked"":458752}"
      2048,         0,         0,   0.029,exact_mw,cb12ae119b9b2ba18d0216e7235b403229e92fd0743ede48fe7f1a2c6f45d594,"{""distance"":5,""physical_error_rate"":0.0005}","{""detection_events"":971,""detectors_checked"":458752}"
      8192,         0,         0,   0.155,exact_mw,cb12ae119b9b2ba18d0216e7235b403229e92fd0743ede48fe7f1a2c6f45d594,"{""distance"":5,""physical_error_rate"":0.0005}","{""detection_events"":4202,""detectors_checked"":1835008}"
     24576,         0,         0,   0.291,exact_mw,cb12ae119b9b2ba18d0216e7235b403229e92fd0743ede48fe7f1a2c6f45d594,"{""distance"":5,""physical_error_rate"":0.0005}","{""detection_events"":11765,""detectors_checked"":5505024}"
      5120,         0,         0,   0.119,exact_mw,cb12ae119b9b2ba18d0216e7235b403229e92fd0743ede48fe7f1a2c6f45d594,"{""distance"":5,""physical_error_rate"":0.0005}","{""detection_events"":2605,""detectors_checked"":1146880}"
      4096,         0,         0,   0.052,exact_mw,cb12ae119b9b2ba18d0216e7235b403229e92fd0743ede48fe7f1a2c6f45d594,"{""distance"":5,""physical_error_rate"":0.0005}","{""detection_events"":2073,""detectors_checked"":917504}"
      1297,         0,         0,   0.048,exact_mw,cb12ae119b9b2ba18d0216e7235b403229e92fd0743ede48fe7f1a2c6f45d594,"{""distance"":5,""physical_error_rate"":0.0005}","{""detection_events"":746,""detectors_checked"":290528}"
      1024,         0,         0,   0.030,exact_mw,cb12ae119b9b2ba18d0216e7235b403229e92fd0743ede48fe7f1a2c6f45d594,"{""distance"":5,""physical_error_rate"":0.0005}","{""detection_events"":505,""detectors_checked"":229376}"
      2048,         0,         0,   0.029,exact_mw,cb12ae119b9b2ba18d0216e7235b403229e92fd0743ede48fe7f1a2c6f45d594,"{""distance"":5,""physical_error_rate"":0.0005}","{""detection_events"":968,""detectors_checked"":458752}"
      7168,         0,         0,   0.113,exact_mw,cb12ae119b9b2ba18d0216e7235b403229e92fd0743ede48fe7f1a2c6f45d594,"{""distance"":5,""physical_error_rate"":0.0005}","{""detection_events"":3537,""detectors_checked"":1605632}"
      2048,         0,         0,   0.027,exact_mw,cb12ae119b9b2ba18d0216e7235b403229e92fd0743ede48fe7f1a2c6f45d594,"{""distance"":5,""physical_error_rate"":0.0005}","{""detection_events"":994,""detectors_checked"":458752}"
      2048,         0,         0,   0.058,exact_mw,cb12ae119b9b2ba18d0216e7235b403229e92fd0743ede48fe7f1a2c6f45d594,"{""distance"":5,""physical_error_rate"":0.0005}","{""detection_events"":1036,""detectors_checked"":458752}"
      2048,         0,         0,   0.049,exact_mw,cb12ae119b9b2ba18d0216e7235b403229e92fd0743ede48fe7f1a2c6f45d594,"{""distance"":5,""physical_error_rate"":0.0005}","{""detection_events"":1121,""detectors_checked"":458752}"
      1024,         0,         0,   0.046,exact_mw,cb12ae119b9b2ba18d0216e7235b403229e92fd0743ede48fe7f1a2c6f45d594,"{""distance"":5,""physical_error_rate"":0.0005}","{""detection_events"":511,""detectors_checked"":229376}"
        17,         0,         0,   0.022,exact_mw,cb12ae119b9b2ba18d0216e7235b403229e92fd0743ede48fe7f1a2c6f45d594,"{""distance"":5,""physical_error_rate"":0.0005}","{""detection_events"":10,""detectors_checked"":3808}"
      7168,         0,         0,   0.161,exact_mw,cb12ae119b9b2ba18d0216e7235b403229e92fd0743ede48fe7f1a2c6f45d594,"{""distance"":5,""physical_error_rate"":0.0005}","{""detection_events"":3635,""detectors_checked"":1605632}"
      7168,         0,         0,   0.106,exact_mw,cb12ae119b9b2ba18d0216e7235b403229e92fd0743ede48fe7f1a2c6f45d594,"{""distance"":5,""physical_error_rate"":0.0005}","{""detection_events"":3480,""detectors_checked"":1605632}"
      1024,         0,         0,   0.030,exact_mw,cb12ae119b9b2ba18d0216e7235b403229e92fd0743ede48fe7f1a2c6f45d594,"{""distance"":5,""physical_error_rate"":0.0005}","{""detection_events"":543,""detectors_checked"":229376}"
      2048,         0,         0,   0.031,exact_mw,cb12ae119b9b2ba18d0216e7235b403229e92fd0743ede48fe7f1a2c6f45d594,"{""distance"":5,""physical_error_rate"":0.0005}","{""detection_events"":1001,""detectors_checked"":458752}"
      1024,         0,         0,   0.024,exact_mw,cb12ae119b9b2ba18d0216e7235b403229e92fd0743ede48fe7f1a2c6f45d594,"{""distance"":5,""physical_error_rate"":0.0005}","{""detection_events"":504,""detectors_checked"":229376}"
      5120,         0,         0,   0.055,exact_mw,cb12ae119b9b2ba18d0216e7235b403229e92fd0743ede48fe7f1a2c6f45d594,"{""distance"":5,""physical_error_rate"":0.0005}","{""detection_events"":2642,""detectors_checked"":1146880}"
      7168,         0,         0,   0.127,exact_mw,cb12ae119b9b2ba18d0216e7235b403229e92fd0743ede48fe7f1a2c6f45d594,"{""distance"":5,""physical_error_rate"":0.0005}","{""detection_events"":3532,""detectors_checked"":1605632}"
      2304,         0,         0,   0.031,exact_mw,cb12ae119b9b2ba18d0216e7235b403229e92fd0743ede48fe7f1a2c6f45d594,"{""distance"":5,""physical_error_rate"":0.0005}","{""detection_events"":1021,""detectors_checked"":516096}"
      1297,         0,         0,   0.057,exact_mw,cb12ae119b9b2ba18d0216e7235b403229e92fd0743ede48fe7f1a2c6f45d594,"{""distance"":5,""physical_error_rate"":0.0005}","{""detection_events"":682,""detectors_checked"":290528}"
        17,         0,         0,   0.021,exact_mw,cb12ae119b9b2ba18d0216e7235b403229e92fd0743ede48fe7f1a2c6f45d594,"{""distance"":5,""physical_error_rate"":0.0005}","{""detection_events"":10,""detectors_checked"":3808}"
      5120,         0,         0,   0.123,exact_mw,cb12ae119b9b2ba18d0216e7235b403229e92fd0743ede48fe7f1a2c6f45d594,"{""distance"":5,""physical_error_rate"":0.0005}","{""detection_events"":2494,""detectors_checked"":1146880}"
     18432,         0,         0,   0.308,exact_mw,cb12ae119b9b2ba18d0216e7235b403229e92fd0743ede48fe7f1a2c6f45d594,"{""distance"":5,""physical_error_rate"":0.0005}","{""detection_events"":8737,""detectors_checked"":4128768}"
      3072,         0,         0,   0.050,exact_mw,cb12ae119b9b2ba18d0216e7235b403229e92fd0743ede48fe7f1a2c6f45d594,"{""distance"":5,""physical_error_rate"":0.0005}","{""detection_events"":1367,""detectors_checked"":688128}"
       273,         0,         0,   0.027,exact_mw,cb12ae119b9b2ba18d0216e7235b403229e92fd0743ede48fe7f1a2c6f45d594,"{""distance"":5,""physical_error_rate"":0.0005}","{""detection_events"":197,""detectors_checked"":61152}"
      2048,         0,         0,   0.060,exact_mw,cb12ae119b9b2ba18d0216e7235b403229e92fd0743ede48fe7f1a2c6f45d594,"{""distance"":5,""physical_error_rate"":0.0005}","{""detection_events"":919,""detectors_checked"":458752}"
      6144,         0,         0,   0.151,exact_mw,cb12ae119b9b2ba18d0216e7235b403229e92fd0743ede48fe7f1a2c6f45d594,"{""distance"":5,""physical_error_rate"":0.0005}","{""detection_events"":3192,""detectors_checked"":1376256}"
      2048,         0,         0,   0.028,exact_mw,cb12ae119b9b2ba18d0216e7235b403229e92fd0743ede48fe7f1a2c6f45d594,"{""distance"":5,""physical_error_rate"":0.0005}","{""detection_events"":1023,""detectors_checked"":458752}"
      1024,         0,         0,   0.028,exact_mw,cb12ae119b9b2ba18d0216e7235b403229e92fd0743ede48fe7f1a2c6f45d594,"{""distance"":5,""physical_error_rate"":0.0005}","{""detection_events"":567,""detectors_checked"":229376}"
     13312,         0,         0,   0.222,exact_mw,cb12ae119b9b2ba18d0216e7235b403229e92fd0743ede48fe7f1a2c6f45d594,"{""distance"":5,""physical_error_rate"":0.0005}","{""detection_events"":6637,""detectors_checked"":2981888}"
      1280,         0,         0,   0.025,exact_mw,cb12ae119b9b2ba18d0216e7235b403229e92fd0743ede48fe7f1a2c6f45d594,"{""distance"":5,""physical_error_rate"":0.0005}","{""detection_events"":651,""detectors_checked"":286720}"
      2048,         0,         0,   0.050,exact_mw,cb12ae119b9b2ba18d0216e7235b403229e92fd0743ede48fe7f1a2c6f45d594,"{""distance"":5,""physical_error_rate"":0.0005}","{""detection_events"":1009,""detectors_checked"":458752}"
      2048,         0,         0,   0.048,exact_mw,cb12ae119b9b2ba18d0216e7235b403229e92fd0743ede48fe7f1a2c6f45d594,"{""distance"":5,""physical_error_rate"":0.0005}","{""detection_events"":1122,""detectors_checked"":458752}"
      2048,         0,         0,   0.060,exact_mw,cb12ae119b9b2ba18d0216e7235b403229e92fd0743ede48fe7f1a2c6f45d594,"{""distance"":5,""physical_error_rate"":0.0005}","{""detection_events"":1020,""detectors_checked"":458752}"
      4096,         0,         0,   0.077,exact_mw,cb12ae119b9b2ba18d0216e7235b403229e92fd0743ede48fe7f1a2c6f45d594,"{""distance"":5,""physical_error_rate"":0.0005}","{""detection_events"":2050,""detectors_checked"":917504}"
      8192,         0,         0,   0.153,exact_mw,cb12ae119b9b2ba18d0216e7235b403229e92fd0743ede48fe7f1a2c6f45d594,"{""distance"":5,""physical_error_rate"":0.0005}","{""detection_events"":4278,""detectors_checked"":1835008}"
      1297,         0,         0,   0.025,exact_mw,cb12ae119b9b2ba18d0216e7235b403229e92fd0743ede48fe7f1a2c6f45d594,"{""distance"":5,""physical_error_rate"":0.0005}","{""detection_events"":559,""detectors_checked"":290528}"
         1,         0,         0,   0.025,exact_mw,cb12ae119b9b2ba18d0216e7235b403229e92fd0743ede48fe7f1a2c6f45d594,"{""distance"":5,""physical_error_rate"":0.0005}","{""detectors_checked"":224}"
      2048,         0,         0,   0.028,exact_mw,cb12ae119b9b2ba18d0216e7235b403229e92fd0743ede48fe7f1a2c6f45d594,"{""distance"":5,""physical_error_rate"":0.0005}","{""detection_events"":995,""detectors_checked"":458752}"
      2048,         0,         0,   0.032,exact_mw,cb12ae119b9b2ba18d0216e7235b403229e92fd0743ede48fe7f1a2c6f45d594,"{""distance"":5,""physical_error_rate"":0.0005}","{""detection_events"":1062,""detectors_checked"":458752}"
      2048,         0,         0,   0.026,exact_mw,cb12ae119b9b2ba18d0216e7235b403229e92fd0743ede48fe7f1a2c6f45d594,"{""distance"":5,""physical_error_rate"":0.0005}","{""detection_events"":933,""detectors_checked"":458752}"
      1024,         0,         0,   0.030,exact_mw,cb12ae119b9b2ba18d0216e7235b403229e92fd0743ede48fe7f1a2c6f45d594,"{""distance"":5,""physical_error_rate"":0.0005}","{""detection_events"":495,""detectors_checked"":229376}"
      6144,         0,         0,   0.080,exact_mw,cb12ae119b9b2ba18d0216e7235b403229e92fd0743ede48fe7f1a2c6f45d594,"{""distance"":5,""physical_error_rate"":0.0005}","{""detection_events"":3041,""detectors_checked"":1376256}"
      1024,         0,         0,   0.023,exact_mw,cb12ae119b9b2ba18d0216e7235b403229e92fd0743ede48fe7f1a2c6f45d594,"{""distance"":5,""physical_error_rate"":0.0005}","{""detection_events"":420,""detectors_checked"":229376}"
     83968,         0,         0,    2.19,exact_mw,cb12ae119b9b2ba18d0216e7235b403229e92fd0743ede48fe7f1a2c6f45d594,"{""distance"":5,""physical_error_rate"":0.0005}","{""detection_events"":41157,""detectors_checked"":18808832}"
     18432,         0,         0,   0.310,exact_mw,cb12ae119b9b2ba18d0216e7235b403229e92fd0743ede48fe7f1a2c6f45d594,"{""distance"":5,""physical_error_rate"":0.0005}","{""detection_events"":8712,""detectors_checked"":4128768}"
      1296,         0,         0,   0.030,exact_mw,cb12ae119b9b2ba18d0216e7235b403229e92fd0743ede48fe7f1a2c6f45d594,"{""distance"":5,""physical_error_rate"":0.0005}","{""detection_events"":573,""detectors_checked"":290304}"
     15360,         0,         0,   0.152,exact_mw,cb12ae119b9b2ba18d0216e7235b403229e92fd0743ede48fe7f1a2c6f45d594,"{""distance"":5,""physical_error_rate"":0.0005}","{""detection_events"":7500,""detectors_checked"":3440640}"
      1024,         0,         0,   0.029,exact_mw,cb12ae119b9b2ba18d0216e7235b403229e92fd0743ede48fe7f1a2c6f45d594,"{""distance"":5,""physical_error_rate"":0.0005}","{""detection_events"":460,""detectors_checked"":229376}"
      1024,         0,         0,   0.029,exact_mw,cb12ae119b9b2ba18d0216e7235b403229e92fd0743ede48fe7f1a2c6f45d594,"{""distance"":5,""physical_error_rate"":0.0005}","{""detection_events"":483,""detectors_checked"":229376}"
    370688,         1,         0,    3.02,exact_mw,cb12ae119b9b2ba18d0216e7235b403229e92fd0743ede48fe7f1a2c6f45d594,"{""distance"":5,""physical_error_rate"":0.0005}","{""detection_events"":180147,""detectors_checked"":83034112,""obs_mistake_mask=E"":1}"
      4096,         0,         0,   0.058,exact_mw,cb12ae119b9b2ba18d0216e7235b403229e92fd0743ede48fe7f1a2c6f45d594,"{""distance"":5,""physical_error_rate"":0.0005}","{""detection_events"":1960,""detectors_checked"":917504}"
      3072,         0,         0,   0.053,exact_mw,cb12ae119b9b2ba18d0216e7235b403229e92fd0743ede48fe7f1a2c6f45d594,"{""distance"":5,""physical_error_rate"":0.0005}","{""detection_events"":1532,""detectors_checked"":688128}"
      4096,         0,         0,   0.076,exact_mw,cb12ae119b9b2ba18d0216e7235b403229e92fd0743ede48fe7f1a2c6f45d594,"{""distance"":5,""physical_error_rate"":0.0005}","{""detection_events"":2131,""detectors_checked"":917504}"
      7168,         0,         0,   0.184,exact_mw,cb12ae119b9b2ba18d0216e7235b403229e92fd0743ede48fe7f1a2c6f45d594,"{""distance"":5,""physical_error_rate"":0.0005}","{""detection_events"":3631,""detectors_checked"":1605632}"
      1024,         0,         0,   0.024,exact_mw,cb12ae119b9b2ba18d0216e7235b403229e92fd0743ede48fe7f1a2c6f45d594,"{""distance"":5,""physical_error_rate"":0.0005}","{""detection_events"":480,""detectors_checked"":229376}"
      2048,         0,         0,   0.060,exact_mw,cb12ae119b9b2ba18d0216e7235b403229e92fd0743ede48fe7f1a2c6f45d594,"{""distance"":5,""physical_error_rate"":0.0005}","{""detection_events"":987,""detectors_checked"":458752}"
      1297,         0,         0,   0.026,exact_mw,cb12ae119b9b2ba18d0216e7235b403229e92fd0743ede48fe7f1a2c6f45d594,"{""distance"":5,""physical_error_rate"":0.0005}","{""detection_events"":624,""detectors_checked"":290528}"
      3072,         0,         0,   0.053,exact_mw,cb12ae119b9b2ba18d0216e7235b403229e92fd0743ede48fe7f1a2c6f45d594,"{""distance"":5,""physical_error_rate"":0.0005}","{""detection_events"":1503,""detectors_checked"":688128}"
      2048,         0,         0,   0.055,exact_mw,cb12ae119b9b2ba18d0216e7235b403229e92fd0743ede48fe7f1a2c6f45d594,"{""distance"":5,""physical_error_rate"":0.0005}","{""detection_events"":1106,""detectors_checked"":458752}"
      4096,         0,         0,   0.089,exact_mw,cb12ae119b9b2ba18d0216e7235b403229e92fd0743ede48fe7f1a2c6f45d594,"{""distance"":5,""physical_error_rate"":0.0005}","{""detection_events"":2020,""detectors_checked"":917504}"
      1024,         0,         0,   0.029,exact_mw,cb12ae119b9b2ba18d0216e7235b403229e92fd0743ede48fe7f1a2c6f45d594,"{""distance"":5,""physical_error_rate"":0.0005}","{""detection_events"":464,""detectors_checked"":229376}"
      1297,         0,         0,   0.033,exact_mw,cb12ae119b9b2ba18d0216e7235b403229e92fd0743ede48fe7f1a2c6f45d594,"{""distance"":5,""physical_error_rate"":0.0005}","{""detection_events"":683,""detectors_checked"":290528}"
      1297,         0,         0,   0.030,exact_mw,cb12ae119b9b2ba18d0216e7235b403229e92fd0743ede48fe7f1a2c6f45d594,"{""distance"":5,""physical_error_rate"":0.0005}","{""detection_events"":637,""detectors_checked"":290528}"
      4096,         0,         0,   0.077,exact_mw,cb12ae119b9b2ba18d0216e7235b403229e92fd0743ede48fe7f1a2c6f45d594,"{""distance"":5,""physical_error_rate"":0.0005}","{""detection_events"":2154,""detectors_checked"":917504}"
     10240,         0,         0,   0.164,exact_mw,cb12ae119b9b2ba18d0216e7235b403229e92fd0743ede48fe7f1a2c6f45d594,"{""distance"":5,""physical_error_rate"":0.0005}","{""detection_events"":4840,""detectors_checked"":2293760}"
      2048,         0,         0,   0.029,exact_mw,cb12ae119b9b2ba18d0216e7235b403229e92fd0743ede48fe7f1a2c6f45d594,"{""distance"":5,""physical_error_rate"":0.0005}","{""detection_events"":1045,""detectors_checked"":458752}"
      1024,         0,         0,   0.024,exact_mw,cb12ae119b9b2ba18d0216e7235b403229e92fd0743ede48fe7f1a2c6f45d594,"{""distance"":5,""physical_error_rate"":0.0005}","{""detection_events"":518,""detectors_checked"":229376}"
      1297,         0,         0,   0.030,exact_mw,cb12ae119b9b2ba18d0216e7235b403229e92fd0743ede48fe7f1a2c6f45d594,"{""distance"":5,""physical_error_rate"":0.0005}","{""detection_events"":617,""detectors_checked"":290528}"
      2048,         0,         0,   0.059,exact_mw,cb12ae119b9b2ba18d0216e7235b403229e92fd0743ede48fe7f1a2c6f45d594,"{""distance"":5,""physical_error_rate"":0.0005}","{""detection_events"":969,""detectors_checked"":458752}"
     14336,         0,         0,   0.162,exact_mw,cb12ae119b9b2ba18d0216e7235b403229e92fd0743ede48fe7f1a2c6f45d594,"{""distance"":5,""physical_error_rate"":0.0005}","{""detection_events"":7153,""detectors_checked"":3211264}"
      1024,         0,         0,   0.029,exact_mw,cb12ae119b9b2ba18d0216e7235b403229e92fd0743ede48fe7f1a2c6f45d594,"{""distance"":5,""physical_error_rate"":0.0005}","{""detection_events"":469,""detectors_checked"":229376}"
      7168,         0,         0,   0.151,exact_mw,cb12ae119b9b2ba18d0216e7235b403229e92fd0743ede48fe7f1a2c6f45d594,"{""distance"":5,""physical_error_rate"":0.0005}","{""detection_events"":3529,""detectors_checked"":1605632}"
      3072,         0,         0,   0.062,exact_mw,cb12ae119b9b2ba18d0216e7235b403229e92fd0743ede48fe7f1a2c6f45d594,"{""distance"":5,""physical_error_rate"":0.0005}","{""detection_events"":1719,""detectors_checked"":688128}"
      1024,         0,         0,   0.025,exact_mw,cb12ae119b9b2ba18d0216e7235b403229e92fd0743ede48fe7f1a2c6f45d594,"{""distance"":5,""physical_error_rate"":0.0005}","{""detection_events"":436,""detectors_checked"":229376}"
      2048,         0,         0,   0.048,exact_mw,cb12ae119b9b2ba18d0216e7235b403229e92fd0743ede48fe7f1a2c6f45d594,"{""distance"":5,""physical_error_rate"":0.0005}","{""detection_events"":963,""detectors_checked"":458752}"
      3072,         0,         0,   0.073,exact_mw,cb12ae119b9b2ba18d0216e7235b403229e92fd0743ede48fe7f1a2c6f45d594,"{""distance"":5,""physical_error_rate"":0.0005}","{""detection_events"":1525,""detectors_checked"":688128}"
      1024,         0,         0,   0.029,exact_mw,cb12ae119b9b2ba18d0216e7235b403229e92fd0743ede48fe7f1a2c6f45d594,"{""distance"":5,""physical_error_rate"":0.0005}","{""detection_events"":469,""detectors_checked"":229376}"
     11264,         0,         0,   0.241,exact_mw,cb12ae119b9b2ba18d0216e7235b403229e92fd0743ede48fe7f1a2c6f45d594,"{""distance"":5,""physical_error_rate"":0.0005}","{""detection_events"":5687,""detectors_checked"":2523136}"
      4096,         0,         0,   0.056,exact_mw,cb12ae119b9b2ba18d0216e7235b403229e92fd0743ede48fe7f1a2c6f45d594,"{""distance"":5,""physical_error_rate"":0.0005}","{""detection_events"":2020,""detectors_checked"":917504}"
      1024,         0,         0,   0.030,exact_mw,cb12ae119b9b2ba18d0216e7235b403229e92fd0743ede48fe7f1a2c6f45d594,"{""distance"":5,""physical_error_rate"":0.0005}","{""detection_events"":503,""detectors_checked"":229376}"
       273,         0,         0,   0.026,exact_mw,cb12ae119b9b2ba18d0216e7235b403229e92fd0743ede48fe7f1a2c6f45d594,"{""distance"":5,""physical_error_rate"":0.0005}","{""detection_events"":116,""detectors_checked"":61152}"
      2048,         0,         0,   0.047,exact_mw,cb12ae119b9b2ba18d0216e7235b403229e92fd0743ede48fe7f1a2c6f45d594,"{""distance"":5,""physical_error_rate"":0.0005}","{""detection_events"":995,""detectors_checked"":458752}"
      1024,         0,         0,   0.056,exact_mw,cb12ae119b9b2ba18d0216e7235b403229e92fd0743ede48fe7f1a2c6f45d594,"{""distance"":5,""physical_error_rate"":0.0005}","{""detection_events"":478,""detectors_checked"":229376}"
      5120,         0,         0,   0.086,exact_mw,cb12ae119b9b2ba18d0216e7235b403229e92fd0743ede48fe7f1a2c6f45d594,"{""distance"":5,""physical_error_rate"":0.0005}","{""detection_events"":2448,""detectors_checked"":1146880}"
      1024,         0,         0,   0.028,exact_mw,cb12ae119b9b2ba18d0216e7235b403229e92fd0743ede48fe7f1a2c6f45d594,"{""distance"":5,""physical_error_rate"":0.0005}","{""detection_events"":465,""detectors_checked"":229376}"
      9216,         0,         0,   0.109,exact_mw,cb12ae119b9b2ba18d0216e7235b403229e92fd0743ede48fe7f1a2c6f45d594,"{""distance"":5,""physical_error_rate"":0.0005}","{""detection_events"":4476,""detectors_checked"":2064384}"
      1297,         0,         0,   0.031,exact_mw,cb12ae119b9b2ba18d0216e7235b403229e92fd0743ede48fe7f1a2c6f45d594,"{""distance"":5,""physical_error_rate"":0.0005}","{""detection_events"":630,""detectors_checked"":290528}"
      7168,         0,         0,   0.173,exact_mw,cb12ae119b9b2ba18d0216e7235b403229e92fd0743ede48fe7f1a2c6f45d594,"{""distance"":5,""physical_error_rate"":0.0005}","{""detection_events"":3585,""detectors_checked"":1605632}"
      4096,         0,         0,   0.088,exact_mw,cb12ae119b9b2ba18d0216e7235b403229e92fd0743ede48fe7f1a2c6f45d594,"{""distance"":5,""physical_error_rate"":0.0005}","{""detection_events"":1909,""detectors_checked"":917504}"
      4096,         0,         0,   0.099,exact_mw,cb12ae119b9b2ba18d0216e7235b403229e92fd0743ede48fe7f1a2c6f45d594,"{""distance"":5,""physical_error_rate"":0.0005}","{""detection_events"":1958,""detectors_checked"":917504}"
      1024,         0,         0,   0.029,exact_mw,cb12ae119b9b2ba18d0216e7235b403229e92fd0743ede48fe7f1a2c6f45d594,"{""distance"":5,""physical_error_rate"":0.0005}","{""detection_events"":494,""detectors_checked"":229376}"
       273,         0,         0,   0.027,exact_mw,cb12ae119b9b2ba18d0216e7235b403229e92fd0743ede48fe7f1a2c6f45d594,"{""distance"":5,""physical_error_rate"":0.0005}","{""detection_events"":126,""detectors_checked"":61152}"
      1024,         0,         0,   0.029,exact_mw,cb12ae119b9b2ba18d0216e7235b403229e92fd0743ede48fe7f1a2c6f45d594,"{""distance"":5,""physical_error_rate"":0.0005}","{""detection_events"":548,""detectors_checked"":229376}"
     83968,         0,         0,    2.18,exact_mw,cb12ae119b9b2ba18d0216e7235b403229e92fd0743ede48fe7f1a2c6f45d594,"{""distance"":5,""physical_error_rate"":0.0005}","{""detection_events"":41571,""detectors_checked"":18808832}"
      1024,         0,         0,   0.030,exact_mw,cb12ae119b9b2ba18d0216e7235b403229e92fd0743ede48fe7f1a2c6f45d594,"{""distance"":5,""physical_error_rate"":0.0005}","{""detection_events"":559,""detectors_checked"":229376}"
      3072,         0,         0,   0.088,exact_mw,cb12ae119b9b2ba18d0216e7235b403229e92fd0743ede48fe7f1a2c6f45d594,"{""distance"":5,""physical_error_rate"":0.0005}","{""detection_events"":1407,""detectors_checked"":688128}"
     10240,         0,         0,   0.230,exact_mw,cb12ae119b9b2ba18d0216e7235b403229e92fd0743ede48fe7f1a2c6f45d594,"{""distance"":5,""physical_error_rate"":0.0005}","{""detection_events"":5104,""detectors_checked"":2293760}"
      2048,         0,         0,   0.050,exact_mw,cb12ae119b9b2ba18d0216e7235b403229e92fd0743ede48fe7f1a2c6f45d594,"{""distance"":5,""physical_error_rate"":0.0005}","{""detection_events"":1134,""detectors_checked"":458752}"
      2048,         0,         0,   0.033,exact_mw,cb12ae119b9b2ba18d0216e7235b403229e92fd0743ede48fe7f1a2c6f45d594,"{""distance"":5,""physical_error_rate"":0.0005}","{""detection_events"":1032,""detectors_checked"":458752}"
      2048,         0,         0,   0.058,exact_mw,cb12ae119b9b2ba18d0216e7235b403229e92fd0743ede48fe7f1a2c6f45d594,"{""distance"":5,""physical_error_rate"":0.0005}","{""detection_events"":985,""detectors_checked"":458752}"
     67584,         0,         0,    2.17,exact_mw,cb12ae119b9b2ba18d0216e7235b403229e92fd0743ede48fe7f1a2c6f45d594,"{""distance"":5,""physical_error_rate"":0.0005}","{""detection_events"":33482,""detectors_checked"":15138816}"
      1024,         0,         0,   0.028,exact_mw,cb12ae119b9b2ba18d0216e7235b403229e92fd0743ede48fe7f1a2c6f45d594,"{""distance"":5,""physical_error_rate"":0.0005}","{""detection_events"":437,""detectors_checked"":229376}"
     25600,         0,         0,   0.568,exact_mw,cb12ae119b9b2ba18d0216e7235b403229e92fd0743ede48fe7f1a2c6f45d594,"{""distance"":5,""physical_error_rate"":0.0005}","{""detection_events"":12701,""detectors_checked"":5734400}"
      2048,         0,         0,   0.034,exact_mw,cb12ae119b9b2ba18d0216e7235b403229e92fd0743ede48fe7f1a2c6f45d594,"{""distance"":5,""physical_error_rate"":0.0005}","{""detection_events"":994,""detectors_checked"":458752}"
      1024,         0,         0,   0.032,exact_mw,cb12ae119b9b2ba18d0216e7235b403229e92fd0743ede48fe7f1a2c6f45d594,"{""distance"":5,""physical_error_rate"":0.0005}","{""detection_events"":619,""detectors_checked"":229376}"
     90112,         0,         0,    2.18,exact_mw,cb12ae119b9b2ba18d0216e7235b403229e92fd0743ede48fe7f1a2c6f45d594,"{""distance"":5,""physical_error_rate"":0.0005}","{""detection_events"":44872,""detectors_checked"":20185088}"
      3072,         0,         0,   0.061,exact_mw,cb12ae119b9b2ba18d0216e7235b403229e92fd0743ede48fe7f1a2c6f45d594,"{""distance"":5,""physical_error_rate"":0.0005}","{""detection_events"":1539,""detectors_checked"":688128}"
      1297,         0,         0,   0.025,exact_mw,cb12ae119b9b2ba18d0216e7235b403229e92fd0743ede48fe7f1a2c6f45d594,"{""distance"":5,""physical_error_rate"":0.0005}","{""detection_events"":542,""detectors_checked"":290528}"
      2048,         0,         0,   0.034,exact_mw,cb12ae119b9b2ba18d0216e7235b403229e92fd0743ede48fe7f1a2c6f45d594,"{""distance"":5,""physical_error_rate"":0.0005}","{""detection_events"":969,""detectors_checked"":458752}"
      2048,         0,         0,   0.031,exact_mw,cb12ae119b9b2ba18d0216e7235b403229e92fd0743ede48fe7f1a2c6f45d594,"{""distance"":5,""physical_error_rate"":0.0005}","{""detection_events"":1008,""detectors_checked"":458752}"
      9216,         0,         0,   0.209,exact_mw,cb12ae119b9b2ba18d0216e7235b403229e92fd0743ede48fe7f1a2c6f45d594,"{""distance"":5,""physical_error_rate"":0.0005}","{""detection_events"":4635,""detectors_checked"":2064384}"
      4096,         0,         0,   0.076,exact_mw,cb12ae119b9b2ba18d0216e7235b403229e92fd0743ede48fe7f1a2c6f45d594,"{""distance"":5,""physical_error_rate"":0.0005}","{""detection_events"":2061,""detectors_checked"":917504}"
      4096,         0,         0,   0.076,exact_mw,cb12ae119b9b2ba18d0216e7235b403229e92fd0743ede48fe7f1a2c6f45d594,"{""distance"":5,""physical_error_rate"":0.0005}","{""detection_events"":1893,""detectors_checked"":917504}"
      6144,         0,         0,   0.121,exact_mw,cb12ae119b9b2ba18d0216e7235b403229e92fd0743ede48fe7f1a2c6f45d594,"{""distance"":5,""physical_error_rate"":0.0005}","{""detection_events"":2879,""detectors_checked"":1376256}"
      1024,         0,         0,   0.032,exact_mw,cb12ae119b9b2ba18d0216e7235b403229e92fd0743ede48fe7f1a2c6f45d594,"{""distance"":5,""physical_error_rate"":0.0005}","{""detection_events"":509,""detectors_checked"":229376}"
      4096,         0,         0,   0.130,exact_mw,cb12ae119b9b2ba18d0216e7235b403229e92fd0743ede48fe7f1a2c6f45d594,"{""distance"":5,""physical_error_rate"":0.0005}","{""detection_events"":2124,""detectors_checked"":917504}"
      3072,         0,         0,   0.075,exact_mw,cb12ae119b9b2ba18d0216e7235b403229e92fd0743ede48fe7f1a2c6f45d594,"{""distance"":5,""physical_error_rate"":0.0005}","{""detection_events"":1530,""detectors_checked"":688128}"
      1024,         0,         0,   0.028,exact_mw,cb12ae119b9b2ba18d0216e7235b403229e92fd0743ede48fe7f1a2c6f45d594,"{""distance"":5,""physical_error_rate"":0.0005}","{""detection_events"":545,""detectors_checked"":229376}"
      1024,         0,         0,   0.025,exact_mw,cb12ae119b9b2ba18d0216e7235b403229e92fd0743ede48fe7f1a2c6f45d594,"{""distance"":5,""physical_error_rate"":0.0005}","{""detection_events"":528,""detectors_checked"":229376}"
      1024,         0,         0,   0.031,exact_mw,cb12ae119b9b2ba18d0216e7235b403229e92fd0743ede48fe7f1a2c6f45d594,"{""distance"":5,""physical_error_rate"":0.0005}","{""detection_events"":510,""detectors_checked"":229376}"
      2048,         0,         0,   0.055,exact_mw,cb12ae119b9b2ba18d0216e7235b403229e92fd0743ede48fe7f1a2c6f45d594,"{""distance"":5,""physical_error_rate"":0.0005}","{""detection_events"":982,""detectors_checked"":458752}"
      2048,         0,         0,   0.019,exact_mw,cb12ae119b9b2ba18d0216e7235b403229e92fd0743ede48fe7f1a2c6f45d594,"{""distance"":5,""physical_error_rate"":0.0005}","{""detection_events"":956,""detectors_checked"":458752}"
     10240,         0,         0,   0.222,exact_mw,cb12ae119b9b2ba18d0216e7235b403229e92fd0743ede48fe7f1a2c6f45d594,"{""distance"":5,""physical_error_rate"":0.0005}","{""detection_events"":4919,""detectors_checked"":2293760}"
      2048,         0,         0,   0.059,exact_mw,cb12ae119b9b2ba18d0216e7235b403229e92fd0743ede48fe7f1a2c6f45d594,"{""distance"":5,""physical_error_rate"":0.0005}","{""detection_events"":1033,""detectors_checked"":458752}"
      1297,         0,         0,   0.030,exact_mw,cb12ae119b9b2ba18d0216e7235b403229e92fd0743ede48fe7f1a2c6f45d594,"{""distance"":5,""physical_error_rate"":0.0005}","{""detection_events"":562,""detectors_checked"":290528}"
      5120,         0,         0,   0.119,exact_mw,cb12ae119b9b2ba18d0216e7235b403229e92fd0743ede48fe7f1a2c6f45d594,"{""distance"":5,""physical_error_rate"":0.0005}","{""detection_events"":2551,""detectors_checked"":1146880}"
      5120,         0,         0,   0.110,exact_mw,cb12ae119b9b2ba18d0216e7235b403229e92fd0743ede48fe7f1a2c6f45d594,"{""distance"":5,""physical_error_rate"":0.0005}","{""detection_events"":2466,""detectors_checked"":1146880}"
      4096,         0,         0,   0.077,exact_mw,cb12ae119b9b2ba18d0216e7235b403229e92fd0743ede48fe7f1a2c6f45d594,"{""distance"":5,""physical_error_rate"":0.0005}","{""detection_events"":2096,""detectors_checked"":917504}"
      2048,         0,         0,   0.050,exact_mw,cb12ae119b9b2ba18d0216e7235b403229e92fd0743ede48fe7f1a2c6f45d594,"{""distance"":5,""physical_error_rate"":0.0005}","{""detection_events"":974,""detectors_checked"":458752}"
      1297,         0,         0,   0.030,exact_mw,cb12ae119b9b2ba18d0216e7235b403229e92fd0743ede48fe7f1a2c6f45d594,"{""distance"":5,""physical_error_rate"":0.0005}","{""detection_events"":609,""detectors_checked"":290528}"
     34816,         0,         0,   0.407,exact_mw,cb12ae119b9b2ba18d0216e7235b403229e92fd0743ede48fe7f1a2c6f45d594,"{""distance"":5,""physical_error_rate"":0.0005}","{""detection_events"":17445,""detectors_checked"":7798784}"
      6144,         0,         0,   0.124,exact_mw,cb12ae119b9b2ba18d0216e7235b403229e92fd0743ede48fe7f1a2c6f45d594,"{""distance"":5,""physical_error_rate"":0.0005}","{""detection_events"":3108,""detectors_checked"":1376256}"
      3072,         0,         0,   0.061,exact_mw,cb12ae119b9b2ba18d0216e7235b403229e92fd0743ede48fe7f1a2c6f45d594,"{""distance"":5,""physical_error_rate"":0.0005}","{""detection_events"":1505,""detectors_checked"":688128}"
      8192,         0,         0,   0.107,exact_mw,cb12ae119b9b2ba18d0216e7235b403229e92fd0743ede48fe7f1a2c6f45d594,"{""distance"":5,""physical_error_rate"":0.0005}","{""detection_events"":4143,""detectors_checked"":1835008}"
      1024,         0,         0,   0.004,exact_mw,cb12ae119b9b2ba18d0216e7235b403229e92fd0743ede48fe7f1a2c6f45d594,"{""distance"":5,""physical_error_rate"":0.0005}","{""detection_events"":444,""detectors_checked"":229376}"
      1024,         0,         0,   0.005,exact_mw,cb12ae119b9b2ba18d0216e7235b403229e92fd0743ede48fe7f1a2c6f45d594,"{""distance"":5,""physical_error_rate"":0.0005}","{""detection_events"":506,""detectors_checked"":229376}"
     17408,         0,         0,   0.210,exact_mw,cb12ae119b9b2ba18d0216e7235b403229e92fd0743ede48fe7f1a2c6f45d594,"{""distance"":5,""physical_error_rate"":0.0005}","{""detection_events"":8842,""detectors_checked"":3899392}"
      4096,         0,         0,   0.086,exact_mw,cb12ae119b9b2ba18d0216e7235b403229e92fd0743ede48fe7f1a2c6f45d594,"{""distance"":5,""physical_error_rate"":0.0005}","{""detection_events"":1983,""detectors_checked"":917504}"
     19456,         0,         0,   0.425,exact_mw,cb12ae119b9b2ba18d0216e7235b403229e92fd0743ede48fe7f1a2c6f45d594,"{""distance"":5,""physical_error_rate"":0.0005}","{""detection_events"":9412,""detectors_checked"":4358144}"
      2048,         0,         0,   0.052,exact_mw,cb12ae119b9b2ba18d0216e7235b403229e92fd0743ede48fe7f1a2c6f45d594,"{""distance"":5,""physical_error_rate"":0.0005}","{""detection_events"":954,""detectors_checked"":458752}"
      2048,         0,         0,   0.061,exact_mw,cb12ae119b9b2ba18d0216e7235b403229e92fd0743ede48fe7f1a2c6f45d594,"{""distance"":5,""physical_error_rate"":0.0005}","{""detection_events"":1083,""detectors_checked"":458752}"
      1024,         0,         0,   0.010,exact_mw,cb12ae119b9b2ba18d0216e7235b403229e92fd0743ede48fe7f1a2c6f45d594,"{""distance"":5,""physical_error_rate"":0.0005}","{""detection_events"":479,""detectors_checked"":229376}"
         1,         0,         0,   0.000,exact_mw,cb12ae119b9b2ba18d0216e7235b403229e92fd0743ede48fe7f1a2c6f45d594,"{""distance"":5,""physical_error_rate"":0.0005}","{""detectors_checked"":224}"
         1,         0,         0,   0.000,exact_mw,cb12ae119b9b2ba18d0216e7235b403229e92fd0743ede48fe7f1a2c6f45d594,"{""distance"":5,""physical_error_rate"":0.0005}","{""detectors_checked"":224}"
     15360,         0,         0,   0.149,exact_mw,cb12ae119b9b2ba18d0216e7235b403229e92fd0743ede48fe7f1a2c6f45d594,"{""distance"":5,""physical_error_rate"":0.0005}","{""detection_events"":7622,""detectors_checked"":3440640}"
         1,         0,         0,   0.000,exact_mw,cb12ae119b9b2ba18d0216e7235b403229e92fd0743ede48fe7f1a2c6f45d594,"{""distance"":5,""physical_error_rate"":0.0005}","{""detectors_checked"":224}"
      1024,         0,         0,   0.029,exact_mw,cb12ae119b9b2ba18d0216e7235b403229e92fd0743ede48fe7f1a2c6f45d594,"{""distance"":5,""physical_error_rate"":0.0005}","{""detection_events"":576,""detectors_checked"":229376}"
      2048,         0,         0,   0.033,exact_mw,cb12ae119b9b2ba18d0216e7235b403229e92fd0743ede48fe7f1a2c6f45d594,"{""distance"":5,""physical_error_rate"":0.0005}","{""detection_events"":1032,""detectors_checked"":458752}"
     35840,         0,         0,   0.404,exact_mw,cb12ae119b9b2ba18d0216e7235b403229e92fd0743ede48fe7f1a2c6f45d594,"{""distance"":5,""physical_error_rate"":0.0005}","{""detection_events"":17531,""detectors_checked"":8028160}"
      1024,         0,         0,   0.003,exact_mw,cb12ae119b9b2ba18d0216e7235b403229e92fd0743ede48fe7f1a2c6f45d594,"{""distance"":5,""physical_error_rate"":0.0005}","{""detection_events"":551,""detectors_checked"":229376}"
     19456,         0,         0,   0.305,exact_mw,cb12ae119b9b2ba18d0216e7235b403229e92fd0743ede48fe7f1a2c6f45d594,"{""distance"":5,""physical_error_rate"":0.0005}","{""detection_events"":9611,""detectors_checked"":4358144}"
     60416,         0,         0,    1.58,exact_mw,cb12ae119b9b2ba18d0216e7235b403229e92fd0743ede48fe7f1a2c6f45d594,"{""distance"":5,""physical_error_rate"":0.0005}","{""detection_events"":29433,""detectors_checked"":13533184}"
      2048,         0,         0,   0.029,exact_mw,cb12ae119b9b2ba18d0216e7235b403229e92fd0743ede48fe7f1a2c6f45d594,"{""distance"":5,""physical_error_rate"":0.0005}","{""detection_events"":1028,""detectors_checked"":458752}"
      3072,         0,         0,   0.019,exact_mw,cb12ae119b9b2ba18d0216e7235b403229e92fd0743ede48fe7f1a2c6f45d594,"{""distance"":5,""physical_error_rate"":0.0005}","{""detection_events"":1390,""detectors_checked"":688128}"
      4096,         0,         0,   0.076,exact_mw,cb12ae119b9b2ba18d0216e7235b403229e92fd0743ede48fe7f1a2c6f45d594,"{""distance"":5,""physical_error_rate"":0.0005}","{""detection_events"":1976,""detectors_checked"":917504}"
     67584,         0,         0,    2.15,exact_mw,cb12ae119b9b2ba18d0216e7235b403229e92fd0743ede48fe7f1a2c6f45d594,"{""distance"":5,""physical_error_rate"":0.0005}","{""detection_events"":33119,""detectors_checked"":15138816}"
      3072,         0,         0,   0.064,exact_mw,cb12ae119b9b2ba18d0216e7235b403229e92fd0743ede48fe7f1a2c6f45d594,"{""distance"":5,""physical_error_rate"":0.0005}","{""detection_events"":1620,""detectors_checked"":688128}"
      1024,         0,         0,   0.024,exact_mw,cb12ae119b9b2ba18d0216e7235b403229e92fd0743ede48fe7f1a2c6f45d594,"{""distance"":5,""physical_error_rate"":0.0005}","{""detection_events"":507,""detectors_checked"":229376}"
      2048,         0,         0,   0.031,exact_mw,cb12ae119b9b2ba18d0216e7235b403229e92fd0743ede48fe7f1a2c6f45d594,"{""distance"":5,""physical_error_rate"":0.0005}","{""detection_events"":1039,""detectors_checked"":458752}"
      2048,         0,         0,   0.013,exact_mw,cb12ae119b9b2ba18d0216e7235b403229e92fd0743ede48fe7f1a2c6f45d594,"{""distance"":5,""physical_error_rate"":0.0005}","{""detection_events"":996,""detectors_checked"":458752}"
      3344,         0,         0,   0.032,exact_mw,cb12ae119b9b2ba18d0216e7235b403229e92fd0743ede48fe7f1a2c6f45d594,"{""distance"":5,""physical_error_rate"":0.0005}","{""detection_events"":1617,""detectors_checked"":749056}"
        17,         0,         0,   0.000,exact_mw,cb12ae119b9b2ba18d0216e7235b403229e92fd0743ede48fe7f1a2c6f45d594,"{""distance"":5,""physical_error_rate"":0.0005}","{""detection_events"":10,""detectors_checked"":3808}"
       273,         0,         0,   0.022,exact_mw,cb12ae119b9b2ba18d0216e7235b403229e92fd0743ede48fe7f1a2c6f45d594,"{""distance"":5,""physical_error_rate"":0.0005}","{""detection_events"":116,""detectors_checked"":61152}"
      5120,         0,         0,   0.122,exact_mw,cb12ae119b9b2ba18d0216e7235b403229e92fd0743ede48fe7f1a2c6f45d594,"{""distance"":5,""physical_error_rate"":0.0005}","{""detection_events"":2272,""detectors_checked"":1146880}"
      1024,         0,         0,   0.004,exact_mw,cb12ae119b9b2ba18d0216e7235b403229e92fd0743ede48fe7f1a2c6f45d594,"{""distance"":5,""physical_error_rate"":0.0005}","{""detection_events"":484,""detectors_checked"":229376}"
     17408,         0,         0,   0.223,exact_mw,cb12ae119b9b2ba18d0216e7235b403229e92fd0743ede48fe7f1a2c6f45d594,"{""distance"":5,""physical_error_rate"":0.0005}","{""detection_events"":8638,""detectors_checked"":3899392}"
      1297,         0,         0,   0.028,exact_mw,cb12ae119b9b2ba18d0216e7235b403229e92fd0743ede48fe7f1a2c6f45d594,"{""distance"":5,""physical_error_rate"":0.0005}","{""detection_events"":637,""detectors_checked"":290528}"
      3344,         0,         0,   0.027,exact_mw,cb12ae119b9b2ba18d0216e7235b403229e92fd0743ede48fe7f1a2c6f45d594,"{""distance"":5,""physical_error_rate"":0.0005}","{""detection_events"":1668,""detectors_checked"":749056}"
     15360,         0,         0,   0.246,exact_mw,cb12ae119b9b2ba18d0216e7235b403229e92fd0743ede48fe7f1a2c6f45d594,"{""distance"":5,""physical_error_rate"":0.0005}","{""detection_events"":7798,""detectors_checked"":3440640}"
      2048,         0,         0,   0.028,exact_mw,cb12ae119b9b2ba18d0216e7235b403229e92fd0743ede48fe7f1a2c6f45d594,"{""distance"":5,""physical_error_rate"":0.0005}","{""detection_events"":1051,""detectors_checked"":458752}"
      3072,         0,         0,   0.053,exact_mw,cb12ae119b9b2ba18d0216e7235b403229e92fd0743ede48fe7f1a2c6f45d594,"{""distance"":5,""physical_error_rate"":0.0005}","{""detection_events"":1527,""detectors_checked"":688128}"
      2320,         0,         0,   0.041,exact_mw,cb12ae119b9b2ba18d0216e7235b403229e92fd0743ede48fe7f1a2c6f45d594,"{""distance"":5,""physical_error_rate"":0.0005}","{""detection_events"":1200,""detectors_checked"":519680}"
      1024,         0,         0,   0.004,exact_mw,cb12ae119b9b2ba18d0216e7235b403229e92fd0743ede48fe7f1a2c6f45d594,"{""distance"":5,""physical_error_rate"":0.0005}","{""detection_events"":455,""detectors_checked"":229376}"
     12288,         0,         0,   0.226,exact_mw,cb12ae119b9b2ba18d0216e7235b403229e92fd0743ede48fe7f1a2c6f45d594,"{""distance"":5,""physical_error_rate"":0.0005}","{""detection_events"":6157,""detectors_checked"":2752512}"
      3072,         0,         0,   0.047,exact_mw,cb12ae119b9b2ba18d0216e7235b403229e92fd0743ede48fe7f1a2c6f45d594,"{""distance"":5,""physical_error_rate"":0.0005}","{""detection_events"":1473,""detectors_checked"":688128}"
      1024,         0,         0,   0.033,exact_mw,cb12ae119b9b2ba18d0216e7235b403229e92fd0743ede48fe7f1a2c6f45d594,"{""distance"":5,""physical_error_rate"":0.0005}","{""detection_events"":506,""detectors_checked"":229376}"
     90112,         0,         0,    2.12,exact_mw,cb12ae119b9b2ba18d0216e7235b403229e92fd0743ede48fe7f1a2c6f45d594,"{""distance"":5,""physical_error_rate"":0.0005}","{""detection_events"":44114,""detectors_checked"":20185088}"
      5120,         0,         0,   0.071,exact_mw,cb12ae119b9b2ba18d0216e7235b403229e92fd0743ede48fe7f1a2c6f45d594,"{""distance"":5,""physical_error_rate"":0.0005}","{""detection_events"":2419,""detectors_checked"":1146880}"
      1024,         0,         0,   0.027,exact_mw,cb12ae119b9b2ba18d0216e7235b403229e92fd0743ede48fe7f1a2c6f45d594,"{""distance"":5,""physical_error_rate"":0.0005}","{""detection_events"":507,""detectors_checked"":229376}"
     14336,         0,         0,   0.304,exact_mw,cb12ae119b9b2ba18d0216e7235b403229e92fd0743ede48fe7f1a2c6f45d594,"{""distance"":5,""physical_error_rate"":0.0005}","{""detection_events"":7207,""detectors_checked"":3211264}"
      5120,         0,         0,   0.055,exact_mw,cb12ae119b9b2ba18d0216e7235b403229e92fd0743ede48fe7f1a2c6f45d594,"{""distance"":5,""physical_error_rate"":0.0005}","{""detection_events"":2619,""detectors_checked"":1146880}"
      4096,         0,         0,   0.043,exact_mw,cb12ae119b9b2ba18d0216e7235b403229e92fd0743ede48fe7f1a2c6f45d594,"{""distance"":5,""physical_error_rate"":0.0005}","{""detection_events"":2063,""detectors_checked"":917504}"
      6144,         0,         0,   0.149,exact_mw,cb12ae119b9b2ba18d0216e7235b403229e92fd0743ede48fe7f1a2c6f45d594,"{""distance"":5,""physical_error_rate"":0.0005}","{""detection_events"":3213,""detectors_checked"":1376256}"
      3072,         0,         0,   0.033,exact_mw,cb12ae119b9b2ba18d0216e7235b403229e92fd0743ede48fe7f1a2c6f45d594,"{""distance"":5,""physical_error_rate"":0.0005}","{""detection_events"":1406,""detectors_checked"":688128}"
      4096,         0,         0,   0.058,exact_mw,cb12ae119b9b2ba18d0216e7235b403229e92fd0743ede48fe7f1a2c6f45d594,"{""distance"":5,""physical_error_rate"":0.0005}","{""detection_events"":2046,""detectors_checked"":917504}"
      2048,         0,         0,   0.028,exact_mw,cb12ae119b9b2ba18d0216e7235b403229e92fd0743ede48fe7f1a2c6f45d594,"{""distance"":5,""physical_error_rate"":0.0005}","{""detection_events"":1039,""detectors_checked"":458752}"
      1280,         0,         0,   0.031,exact_mw,cb12ae119b9b2ba18d0216e7235b403229e92fd0743ede48fe7f1a2c6f45d594,"{""distance"":5,""physical_error_rate"":0.0005}","{""detection_events"":640,""detectors_checked"":286720}"
      1024,         0,         0,   0.004,exact_mw,cb12ae119b9b2ba18d0216e7235b403229e92fd0743ede48fe7f1a2c6f45d594,"{""distance"":5,""physical_error_rate"":0.0005}","{""detection_events"":429,""detectors_checked"":229376}"
      1024,         0,         0,   0.004,exact_mw,cb12ae119b9b2ba18d0216e7235b403229e92fd0743ede48fe7f1a2c6f45d594,"{""distance"":5,""physical_error_rate"":0.0005}","{""detection_events"":460,""detectors_checked"":229376}"
      8192,         0,         0,   0.156,exact_mw,cb12ae119b9b2ba18d0216e7235b403229e92fd0743ede48fe7f1a2c6f45d594,"{""distance"":5,""physical_error_rate"":0.0005}","{""detection_events"":4130,""detectors_checked"":1835008}"
      1024,         0,         0,   0.035,exact_mw,cb12ae119b9b2ba18d0216e7235b403229e92fd0743ede48fe7f1a2c6f45d594,"{""distance"":5,""physical_error_rate"":0.0005}","{""detection_events"":529,""detectors_checked"":229376}"
      6144,         0,         0,   0.083,exact_mw,cb12ae119b9b2ba18d0216e7235b403229e92fd0743ede48fe7f1a2c6f45d594,"{""distance"":5,""physical_error_rate"":0.0005}","{""detection_events"":3028,""detectors_checked"":1376256}"
     12288,         0,         0,   0.225,exact_mw,cb12ae119b9b2ba18d0216e7235b403229e92fd0743ede48fe7f1a2c6f45d594,"{""distance"":5,""physical_error_rate"":0.0005}","{""detection_events"":6074,""detectors_checked"":2752512}"
      1024,         0,         0,   0.027,exact_mw,cb12ae119b9b2ba18d0216e7235b403229e92fd0743ede48fe7f1a2c6f45d594,"{""distance"":5,""physical_error_rate"":0.0005}","{""detection_events"":486,""detectors_checked"":229376}"
     28672,         0,         0,   0.424,exact_mw,cb12ae119b9b2ba18d0216e7235b403229e92fd0743ede48fe7f1a2c6f45d594,"{""distance"":5,""physical_error_rate"":0.0005}","{""detection_events"":13851,""detectors_checked"":6422528}"
      1024,         0,         0,   0.003,exact_mw,cb12ae119b9b2ba18d0216e7235b403229e92fd0743ede48fe7f1a2c6f45d594,"{""distance"":5,""physical_error_rate"":0.0005}","{""detection_events"":524,""detectors_checked"":229376}"
      2048,         0,         0,   0.029,exact_mw,cb12ae119b9b2ba18d0216e7235b403229e92fd0743ede48fe7f1a2c6f45d594,"{""distance"":5,""physical_error_rate"":0.0005}","{""detection_events"":1005,""detectors_checked"":458752}"
      1024,         0,         0,   0.005,exact_mw,cb12ae119b9b2ba18d0216e7235b403229e92fd0743ede48fe7f1a2c6f45d594,"{""distance"":5,""physical_error_rate"":0.0005}","{""detection_events"":448,""detectors_checked"":229376}"
         1,         0,         0,   0.000,exact_mw,cb12ae119b9b2ba18d0216e7235b403229e92fd0743ede48fe7f1a2c6f45d594,"{""distance"":5,""physical_error_rate"":0.0005}","{""detectors_checked"":224}"
      1297,         0,         0,   0.029,exact_mw,cb12ae119b9b2ba18d0216e7235b403229e92fd0743ede48fe7f1a2c6f45d594,"{""distance"":5,""physical_error_rate"":0.0005}","{""detection_events"":625,""detectors_checked"":290528}"
      2048,         0,         0,   0.059,exact_mw,cb12ae119b9b2ba18d0216e7235b403229e92fd0743ede48fe7f1a2c6f45d594,"{""distance"":5,""physical_error_rate"":0.0005}","{""detection_events"":975,""detectors_checked"":458752}"
      5120,         0,         0,   0.097,exact_mw,cb12ae119b9b2ba18d0216e7235b403229e92fd0743ede48fe7f1a2c6f45d594,"{""distance"":5,""physical_error_rate"":0.0005}","{""detection_events"":2599,""detectors_checked"":1146880}"
      2048,         0,         0,   0.046,exact_mw,cb12ae119b9b2ba18d0216e7235b403229e92fd0743ede48fe7f1a2c6f45d594,"{""distance"":5,""physical_error_rate"":0.0005}","{""detection_events"":1081,""detectors_checked"":458752}"
      7168,         0,         0,   0.075,exact_mw,cb12ae119b9b2ba18d0216e7235b403229e92fd0743ede48fe7f1a2c6f45d594,"{""distance"":5,""physical_error_rate"":0.0005}","{""detection_events"":3375,""detectors_checked"":1605632}"
      1024,         0,         0,   0.004,exact_mw,cb12ae119b9b2ba18d0216e7235b403229e92fd0743ede48fe7f1a2c6f45d594,"{""distance"":5,""physical_error_rate"":0.0005}","{""detection_events"":516,""detectors_checked"":229376}"
      7168,         0,         0,   0.127,exact_mw,cb12ae119b9b2ba18d0216e7235b403229e92fd0743ede48fe7f1a2c6f45d594,"{""distance"":5,""physical_error_rate"":0.0005}","{""detection_events"":3451,""detectors_checked"":1605632}"
      3072,         0,         0,   0.050,exact_mw,cb12ae119b9b2ba18d0216e7235b403229e92fd0743ede48fe7f1a2c6f45d594,"{""distance"":5,""physical_error_rate"":0.0005}","{""detection_events"":1530,""detectors_checked"":688128}"
      4096,         0,         0,   0.080,exact_mw,cb12ae119b9b2ba18d0216e7235b403229e92fd0743ede48fe7f1a2c6f45d594,"{""distance"":5,""physical_error_rate"":0.0005}","{""detection_events"":2118,""detectors_checked"":917504}"
      7168,         0,         0,   0.137,exact_mw,cb12ae119b9b2ba18d0216e7235b403229e92fd0743ede48fe7f1a2c6f45d594,"{""distance"":5,""physical_error_rate"":0.0005}","{""detection_events"":3572,""detectors_checked"":1605632}"
      1024,         0,         0,   0.014,exact_mw,cb12ae119b9b2ba18d0216e7235b403229e92fd0743ede48fe7f1a2c6f45d594,"{""distance"":5,""physical_error_rate"":0.0005}","{""detection_events"":505,""detectors_checked"":229376}"
      4096,         0,         0,   0.078,exact_mw,cb12ae119b9b2ba18d0216e7235b403229e92fd0743ede48fe7f1a2c6f45d594,"{""distance"":5,""physical_error_rate"":0.0005}","{""detection_events"":1888,""detectors_checked"":917504}"
      1024,         0,         0,   0.014,exact_mw,cb12ae119b9b2ba18d0216e7235b403229e92fd0743ede48fe7f1a2c6f45d594,"{""distance"":5,""physical_error_rate"":0.0005}","{""detection_events"":538,""detectors_checked"":229376}"
     15360,         0,         0,   0.293,exact_mw,cb12ae119b9b2ba18d0216e7235b403229e92fd0743ede48fe7f1a2c6f45d594,"{""distance"":5,""physical_error_rate"":0.0005}","{""detection_events"":7520,""detectors_checked"":3440640}"
      3072,         0,         0,   0.058,exact_mw,cb12ae119b9b2ba18d0216e7235b403229e92fd0743ede48fe7f1a2c6f45d594,"{""distance"":5,""physical_error_rate"":0.0005}","{""detection_events"":1507,""detectors_checked"":688128}"
      1296,         0,         0,   0.020,exact_mw,cb12ae119b9b2ba18d0216e7235b403229e92fd0743ede48fe7f1a2c6f45d594,"{""distance"":5,""physical_error_rate"":0.0005}","{""detection_events"":667,""detectors_checked"":290304}"
      1024,         0,         0,   0.021,exact_mw,cb12ae119b9b2ba18d0216e7235b403229e92fd0743ede48fe7f1a2c6f45d594,"{""distance"":5,""physical_error_rate"":0.0005}","{""detection_events"":593,""detectors_checked"":229376}"
      8192,         0,         0,   0.151,exact_mw,cb12ae119b9b2ba18d0216e7235b403229e92fd0743ede48fe7f1a2c6f45d594,"{""distance"":5,""physical_error_rate"":0.0005}","{""detection_events"":3825,""detectors_checked"":1835008}"
      6144,         0,         0,   0.108,exact_mw,cb12ae119b9b2ba18d0216e7235b403229e92fd0743ede48fe7f1a2c6f45d594,"{""distance"":5,""physical_error_rate"":0.0005}","{""detection_events"":2957,""detectors_checked"":1376256}"
      5120,         0,         0,   0.126,exact_mw,cb12ae119b9b2ba18d0216e7235b403229e92fd0743ede48fe7f1a2c6f45d594,"{""distance"":5,""physical_error_rate"":0.0005}","{""detection_events"":2576,""detectors_checked"":1146880}"
      1024,         0,         0,   0.032,exact_mw,cb12ae119b9b2ba18d0216e7235b403229e92fd0743ede48fe7f1a2c6f45d594,"{""distance"":5,""physical_error_rate"":0.0005}","{""detection_events"":493,""detectors_checked"":229376}"
      4096,         0,         0,   0.053,exact_mw,cb12ae119b9b2ba18d0216e7235b403229e92fd0743ede48fe7f1a2c6f45d594,"{""distance"":5,""physical_error_rate"":0.0005}","{""detection_events"":2092,""detectors_checked"":917504}"
      3072,         0,         0,   0.028,exact_mw,cb12ae119b9b2ba18d0216e7235b403229e92fd0743ede48fe7f1a2c6f45d594,"{""distance"":5,""physical_error_rate"":0.0005}","{""detection_events"":1426,""detectors_checked"":688128}"
      4096,         0,         0,   0.056,exact_mw,cb12ae119b9b2ba18d0216e7235b403229e92fd0743ede48fe7f1a2c6f45d594,"{""distance"":5,""physical_error_rate"":0.0005}","{""detection_events"":1995,""detectors_checked"":917504}"
     24576,         0,         0,   0.411,exact_mw,cb12ae119b9b2ba18d0216e7235b403229e92fd0743ede48fe7f1a2c6f45d594,"{""distance"":5,""physical_error_rate"":0.0005}","{""detection_events"":12599,""detectors_checked"":5505024}"
      3072,         0,         0,   0.048,exact_mw,cb12ae119b9b2ba18d0216e7235b403229e92fd0743ede48fe7f1a2c6f45d594,"{""distance"":5,""physical_error_rate"":0.0005}","{""detection_events"":1516,""detectors_checked"":688128}"
      3072,         0,         0,   0.040,exact_mw,cb12ae119b9b2ba18d0216e7235b403229e92fd0743ede48fe7f1a2c6f45d594,"{""distance"":5,""physical_error_rate"":0.0005}","{""detection_events"":1597,""detectors_checked"":688128}"
      7168,         0,         0,   0.153,exact_mw,cb12ae119b9b2ba18d0216e7235b403229e92fd0743ede48fe7f1a2c6f45d594,"{""distance"":5,""physical_error_rate"":0.0005}","{""detection_events"":3662,""detectors_checked"":1605632}"
      5120,         0,         0,   0.149,exact_mw,cb12ae119b9b2ba18d0216e7235b403229e92fd0743ede48fe7f1a2c6f45d594,"{""distance"":5,""physical_error_rate"":0.0005}","{""detection_events"":2679,""detectors_checked"":1146880}"
      3072,         0,         0,   0.070,exact_mw,cb12ae119b9b2ba18d0216e7235b403229e92fd0743ede48fe7f1a2c6f45d594,"{""distance"":5,""physical_error_rate"":0.0005}","{""detection_events"":1545,""detectors_checked"":688128}"
      2048,         0,         0,   0.023,exact_mw,cb12ae119b9b2ba18d0216e7235b403229e92fd0743ede48fe7f1a2c6f45d594,"{""distance"":5,""physical_error_rate"":0.0005}","{""detection_events"":935,""detectors_checked"":458752}"
      2048,         0,         0,   0.058,exact_mw,cb12ae119b9b2ba18d0216e7235b403229e92fd0743ede48fe7f1a2c6f45d594,"{""distance"":5,""physical_error_rate"":0.0005}","{""detection_events"":960,""detectors_checked"":458752}"
      3072,         0,         0,   0.026,exact_mw,cb12ae119b9b2ba18d0216e7235b403229e92fd0743ede48fe7f1a2c6f45d594,"{""distance"":5,""physical_error_rate"":0.0005}","{""detection_events"":1458,""detectors_checked"":688128}"
      4096,         0,         0,   0.063,exact_mw,cb12ae119b9b2ba18d0216e7235b403229e92fd0743ede48fe7f1a2c6f45d594,"{""distance"":5,""physical_error_rate"":0.0005}","{""detection_events"":1966,""detectors_checked"":917504}"
     12288,         0,         0,   0.291,exact_mw,cb12ae119b9b2ba18d0216e7235b403229e92fd0743ede48fe7f1a2c6f45d594,"{""distance"":5,""physical_error_rate"":0.0005}","{""detection_events"":6013,""detectors_checked"":2752512}"
      8192,         0,         0,   0.149,exact_mw,cb12ae119b9b2ba18d0216e7235b403229e92fd0743ede48fe7f1a2c6f45d594,"{""distance"":5,""physical_error_rate"":0.0005}","{""detection_events"":3860,""detectors_checked"":1835008}"
     26624,         0,         0,   0.221,exact_mw,cb12ae119b9b2ba18d0216e7235b403229e92fd0743ede48fe7f1a2c6f45d594,"{""distance"":5,""physical_error_rate"":0.0005}","{""detection_events"":12904,""detectors_checked"":5963776}"
      2048,         0,         0,   0.034,exact_mw,cb12ae119b9b2ba18d0216e7235b403229e92fd0743ede48fe7f1a2c6f45d594,"{""distance"":5,""physical_error_rate"":0.0005}","{""detection_events"":947,""detectors_checked"":458752}"
     16384,         0,         0,   0.304,exact_mw,cb12ae119b9b2ba18d0216e7235b403229e92fd0743ede48fe7f1a2c6f45d594,"{""distance"":5,""physical_error_rate"":0.0005}","{""detection_events"":8317,""detectors_checked"":3670016}"
      6144,         0,         0,   0.093,exact_mw,cb12ae119b9b2ba18d0216e7235b403229e92fd0743ede48fe7f1a2c6f45d594,"{""distance"":5,""physical_error_rate"":0.0005}","{""detection_events"":3085,""detectors_checked"":1376256}"
         1,         0,         0,   0.000,exact_mw,cb12ae119b9b2ba18d0216e7235b403229e92fd0743ede48fe7f1a2c6f45d594,"{""distance"":5,""physical_error_rate"":0.0005}","{""detectors_checked"":224}"
      2048,         0,         0,   0.023,exact_mw,cb12ae119b9b2ba18d0216e7235b403229e92fd0743ede48fe7f1a2c6f45d594,"{""distance"":5,""physical_error_rate"":0.0005}","{""detection_events"":986,""detectors_checked"":458752}"
      9216,         0,         0,   0.139,exact_mw,cb12ae119b9b2ba18d0216e7235b403229e92fd0743ede48fe7f1a2c6f45d594,"{""distance"":5,""physical_error_rate"":0.0005}","{""detection_events"":4624,""detectors_checked"":2064384}"
      3072,         0,         0,   0.055,exact_mw,cb12ae119b9b2ba18d0216e7235b403229e92fd0743ede48fe7f1a2c6f45d594,"{""distance"":5,""physical_error_rate"":0.0005}","{""detection_events"":1459,""detectors_checked"":688128}"
      4096,         0,         0,   0.055,exact_mw,cb12ae119b9b2ba18d0216e7235b403229e92fd0743ede48fe7f1a2c6f45d594,"{""distance"":5,""physical_error_rate"":0.0005}","{""detection_events"":2192,""detectors_checked"":917504}"
      3072,         0,         0,   0.048,exact_mw,cb12ae119b9b2ba18d0216e7235b403229e92fd0743ede48fe7f1a2c6f45d594,"{""distance"":5,""physical_error_rate"":0.0005}","{""detection_events"":1482,""detectors_checked"":688128}"
      6144,         0,         0,   0.093,exact_mw,cb12ae119b9b2ba18d0216e7235b403229e92fd0743ede48fe7f1a2c6f45d594,"{""distance"":5,""physical_error_rate"":0.0005}","{""detection_events"":3120,""detectors_checked"":1376256}"
     86016,         0,         0,    2.16,exact_mw,cb12ae119b9b2ba18d0216e7235b403229e92fd0743ede48fe7f1a2c6f45d594,"{""distance"":5,""physical_error_rate"":0.0005}","{""detection_events"":42444,""detectors_checked"":19267584}"
         1,         0,         0,   0.000,exact_mw,cb12ae119b9b2ba18d0216e7235b403229e92fd0743ede48fe7f1a2c6f45d594,"{""distance"":5,""physical_error_rate"":0.0005}","{""detectors_checked"":224}"
      4096,         0,         0,   0.041,exact_mw,cb12ae119b9b2ba18d0216e7235b403229e92fd0743ede48fe7f1a2c6f45d594,"{""distance"":5,""physical_error_rate"":0.0005}","{""detection_events"":2164,""detectors_checked"":917504}"
      3072,         0,         0,   0.056,exact_mw,cb12ae119b9b2ba18d0216e7235b403229e92fd0743ede48fe7f1a2c6f45d594,"{""distance"":5,""physical_error_rate"":0.0005}","{""detection_events"":1490,""detectors_checked"":688128}"
      6144,         0,         0,   0.119,exact_mw,cb12ae119b9b2ba18d0216e7235b403229e92fd0743ede48fe7f1a2c6f45d594,"{""distance"":5,""physical_error_rate"":0.0005}","{""detection_events"":3113,""detectors_checked"":1376256}"
      1024,         0,         0,   0.013,exact_mw,cb12ae119b9b2ba18d0216e7235b403229e92fd0743ede48fe7f1a2c6f45d594,"{""distance"":5,""physical_error_rate"":0.0005}","{""detection_events"":552,""detectors_checked"":229376}"
      3072,         0,         0,   0.022,exact_mw,cb12ae119b9b2ba18d0216e7235b403229e92fd0743ede48fe7f1a2c6f45d594,"{""distance"":5,""physical_error_rate"":0.0005}","{""detection_events"":1481,""detectors_checked"":688128}"
      1024,         0,         0,   0.047,exact_mw,cb12ae119b9b2ba18d0216e7235b403229e92fd0743ede48fe7f1a2c6f45d594,"{""distance"":5,""physical_error_rate"":0.0005}","{""detection_events"":493,""detectors_checked"":229376}"
      3072,         0,         0,   0.050,exact_mw,cb12ae119b9b2ba18d0216e7235b403229e92fd0743ede48fe7f1a2c6f45d594,"{""distance"":5,""physical_error_rate"":0.0005}","{""detection_events"":1461,""detectors_checked"":688128}"
      7168,         0,         0,   0.128,exact_mw,cb12ae119b9b2ba18d0216e7235b403229e92fd0743ede48fe7f1a2c6f45d594,"{""distance"":5,""physical_error_rate"":0.0005}","{""detection_events"":3669,""detectors_checked"":1605632}"
     12288,         0,         0,   0.141,exact_mw,cb12ae119b9b2ba18d0216e7235b403229e92fd0743ede48fe7f1a2c6f45d594,"{""distance"":5,""physical_error_rate"":0.0005}","{""detection_events"":6287,""detectors_checked"":2752512}"
      5120,         0,         0,   0.112,exact_mw,cb12ae119b9b2ba18d0216e7235b403229e92fd0743ede48fe7f1a2c6f45d594,"{""distance"":5,""physical_error_rate"":0.0005}","{""detection_events"":2514,""detectors_checked"":1146880}"
      2320,         0,         0,   0.034,exact_mw,cb12ae119b9b2ba18d0216e7235b403229e92fd0743ede48fe7f1a2c6f45d594,"{""distance"":5,""physical_error_rate"":0.0005}","{""detection_events"":1046,""detectors_checked"":519680}"
     15360,         0,         0,   0.292,exact_mw,cb12ae119b9b2ba18d0216e7235b403229e92fd0743ede48fe7f1a2c6f45d594,"{""distance"":5,""physical_error_rate"":0.0005}","{""detection_events"":7415,""detectors_checked"":3440640}"
      6144,         0,         0,   0.107,exact_mw,cb12ae119b9b2ba18d0216e7235b403229e92fd0743ede48fe7f1a2c6f45d594,"{""distance"":5,""physical_error_rate"":0.0005}","{""detection_events"":3003,""detectors_checked"":1376256}"
      1296,         0,         0,   0.033,exact_mw,cb12ae119b9b2ba18d0216e7235b403229e92fd0743ede48fe7f1a2c6f45d594,"{""distance"":5,""physical_error_rate"":0.0005}","{""detection_events"":661,""detectors_checked"":290304}"
      4096,         0,         0,   0.096,exact_mw,cb12ae119b9b2ba18d0216e7235b403229e92fd0743ede48fe7f1a2c6f45d594,"{""distance"":5,""physical_error_rate"":0.0005}","{""detection_events"":2015,""detectors_checked"":917504}"
      2048,         0,         0,   0.022,exact_mw,cb12ae119b9b2ba18d0216e7235b403229e92fd0743ede48fe7f1a2c6f45d594,"{""distance"":5,""physical_error_rate"":0.0005}","{""detection_events"":990,""detectors_checked"":458752}"
      9216,         0,         0,   0.168,exact_mw,cb12ae119b9b2ba18d0216e7235b403229e92fd0743ede48fe7f1a2c6f45d594,"{""distance"":5,""physical_error_rate"":0.0005}","{""detection_events"":4386,""detectors_checked"":2064384}"
      3072,         0,         0,   0.054,exact_mw,cb12ae119b9b2ba18d0216e7235b403229e92fd0743ede48fe7f1a2c6f45d594,"{""distance"":5,""physical_error_rate"":0.0005}","{""detection_events"":1528,""detectors_checked"":688128}"
     20480,         0,         0,   0.279,exact_mw,cb12ae119b9b2ba18d0216e7235b403229e92fd0743ede48fe7f1a2c6f45d594,"{""distance"":5,""physical_error_rate"":0.0005}","{""detection_events"":10132,""detectors_checked"":4587520}"
      2048,         0,         0,   0.022,exact_mw,cb12ae119b9b2ba18d0216e7235b403229e92fd0743ede48fe7f1a2c6f45d594,"{""distance"":5,""physical_error_rate"":0.0005}","{""detection_events"":929,""detectors_checked"":458752}"
     11264,         0,         0,   0.146,exact_mw,cb12ae119b9b2ba18d0216e7235b403229e92fd0743ede48fe7f1a2c6f45d594,"{""distance"":5,""physical_error_rate"":0.0005}","{""detection_events"":5568,""detectors_checked"":2523136}"
      5120,         0,         0,   0.105,exact_mw,cb12ae119b9b2ba18d0216e7235b403229e92fd0743ede48fe7f1a2c6f45d594,"{""distance"":5,""physical_error_rate"":0.0005}","{""detection_events"":2567,""detectors_checked"":1146880}"
     66560,         1,         0,    2.18,exact_mw,cb12ae119b9b2ba18d0216e7235b403229e92fd0743ede48fe7f1a2c6f45d594,"{""distance"":5,""physical_error_rate"":0.0005}","{""detection_events"":32907,""detectors_checked"":14909440,""obs_mistake_mask=E"":1}"
      1024,         0,         0,   0.028,exact_mw,cb12ae119b9b2ba18d0216e7235b403229e92fd0743ede48fe7f1a2c6f45d594,"{""distance"":5,""physical_error_rate"":0.0005}","{""detection_events"":501,""detectors_checked"":229376}"
      4096,         0,         0,   0.040,exact_mw,cb12ae119b9b2ba18d0216e7235b403229e92fd0743ede48fe7f1a2c6f45d594,"{""distance"":5,""physical_error_rate"":0.0005}","{""detection_events"":2108,""detectors_checked"":917504}"
      2048,         0,         0,   0.027,exact_mw,cb12ae119b9b2ba18d0216e7235b403229e92fd0743ede48fe7f1a2c6f45d594,"{""distance"":5,""physical_error_rate"":0.0005}","{""detection_events"":1112,""detectors_checked"":458752}"
     10240,         0,         0,   0.191,exact_mw,cb12ae119b9b2ba18d0216e7235b403229e92fd0743ede48fe7f1a2c6f45d594,"{""distance"":5,""physical_error_rate"":0.0005}","{""detection_events"":4815,""detectors_checked"":2293760}"
      4096,         0,         0,   0.079,exact_mw,cb12ae119b9b2ba18d0216e7235b403229e92fd0743ede48fe7f1a2c6f45d594,"{""distance"":5,""physical_error_rate"":0.0005}","{""detection_events"":1868,""detectors_checked"":917504}"
      6144,         0,         0,   0.080,exact_mw,cb12ae119b9b2ba18d0216e7235b403229e92fd0743ede48fe7f1a2c6f45d594,"{""distance"":5,""physical_error_rate"":0.0005}","{""detection_events"":2968,""detectors_checked"":1376256}"
      7168,         0,         0,   0.153,exact_mw,cb12ae119b9b2ba18d0216e7235b403229e92fd0743ede48fe7f1a2c6f45d594,"{""distance"":5,""physical_error_rate"":0.0005}","{""detection_events"":3786,""detectors_checked"":1605632}"
      7168,         0,         0,   0.107,exact_mw,cb12ae119b9b2ba18d0216e7235b403229e92fd0743ede48fe7f1a2c6f45d594,"{""distance"":5,""physical_error_rate"":0.0005}","{""detection_events"":3324,""detectors_checked"":1605632}"
    100352,         0,         0,    2.13,exact_mw,cb12ae119b9b2ba18d0216e7235b403229e92fd0743ede48fe7f1a2c6f45d594,"{""distance"":5,""physical_error_rate"":0.0005}","{""detection_events"":48776,""detectors_checked"":22478848}"
      3072,         0,         0,   0.088,exact_mw,cb12ae119b9b2ba18d0216e7235b403229e92fd0743ede48fe7f1a2c6f45d594,"{""distance"":5,""physical_error_rate"":0.0005}","{""detection_events"":1627,""detectors_checked"":688128}"
     16384,         0,         0,   0.292,exact_mw,cb12ae119b9b2ba18d0216e7235b403229e92fd0743ede48fe7f1a2c6f45d594,"{""distance"":5,""physical_error_rate"":0.0005}","{""detection_events"":7918,""detectors_checked"":3670016}"
      7168,         0,         0,   0.216,exact_mw,cb12ae119b9b2ba18d0216e7235b403229e92fd0743ede48fe7f1a2c6f45d594,"{""distance"":5,""physical_error_rate"":0.0005}","{""detection_events"":3473,""detectors_checked"":1605632}"
      4096,         0,         0,   0.093,exact_mw,cb12ae119b9b2ba18d0216e7235b403229e92fd0743ede48fe7f1a2c6f45d594,"{""distance"":5,""physical_error_rate"":0.0005}","{""detection_events"":2084,""detectors_checked"":917504}"
      2048,         0,         0,   0.083,exact_mw,cb12ae119b9b2ba18d0216e7235b403229e92fd0743ede48fe7f1a2c6f45d594,"{""distance"":5,""physical_error_rate"":0.0005}","{""detection_events"":1146,""detectors_checked"":458752}"
      8192,         0,         0,   0.153,exact_mw,cb12ae119b9b2ba18d0216e7235b403229e92fd0743ede48fe7f1a2c6f45d594,"{""distance"":5,""physical_error_rate"":0.0005}","{""detection_events"":3916,""detectors_checked"":1835008}"
      2048,         0,         0,   0.040,exact_mw,cb12ae119b9b2ba18d0216e7235b403229e92fd0743ede48fe7f1a2c6f45d594,"{""distance"":5,""physical_error_rate"":0.0005}","{""detection_events"":984,""detectors_checked"":458752}"
      5120,         0,         0,   0.054,exact_mw,cb12ae119b9b2ba18d0216e7235b403229e92fd0743ede48fe7f1a2c6f45d594,"{""distance"":5,""physical_error_rate"":0.0005}","{""detection_events"":2498,""detectors_checked"":1146880}"
     15360,         0,         0,   0.278,exact_mw,cb12ae119b9b2ba18d0216e7235b403229e92fd0743ede48fe7f1a2c6f45d594,"{""distance"":5,""physical_error_rate"":0.0005}","{""detection_events"":7495,""detectors_checked"":3440640}"
     10240,         0,         0,   0.197,exact_mw,cb12ae119b9b2ba18d0216e7235b403229e92fd0743ede48fe7f1a2c6f45d594,"{""distance"":5,""physical_error_rate"":0.0005}","{""detection_events"":4943,""detectors_checked"":2293760}"
      3072,         0,         0,   0.051,exact_mw,cb12ae119b9b2ba18d0216e7235b403229e92fd0743ede48fe7f1a2c6f45d594,"{""distance"":5,""physical_error_rate"":0.0005}","{""detection_events"":1524,""detectors_checked"":688128}"
      8192,         0,         0,   0.173,exact_mw,cb12ae119b9b2ba18d0216e7235b403229e92fd0743ede48fe7f1a2c6f45d594,"{""distance"":5,""physical_error_rate"":0.0005}","{""detection_events"":4146,""detectors_checked"":1835008}"
      9216,         0,         0,   0.131,exact_mw,cb12ae119b9b2ba18d0216e7235b403229e92fd0743ede48fe7f1a2c6f45d594,"{""distance"":5,""physical_error_rate"":0.0005}","{""detection_events"":4696,""detectors_checked"":2064384}"
     13312,         0,         0,   0.194,exact_mw,cb12ae119b9b2ba18d0216e7235b403229e92fd0743ede48fe7f1a2c6f45d594,"{""distance"":5,""physical_error_rate"":0.0005}","{""detection_events"":6432,""detectors_checked"":2981888}"
     21504,         0,         0,   0.321,exact_mw,cb12ae119b9b2ba18d0216e7235b403229e92fd0743ede48fe7f1a2c6f45d594,"{""distance"":5,""physical_error_rate"":0.0005}","{""detection_events"":10518,""detectors_checked"":4816896}"
         1,         0,         0,   0.000,exact_mw,cb12ae119b9b2ba18d0216e7235b403229e92fd0743ede48fe7f1a2c6f45d594,"{""distance"":5,""physical_error_rate"":0.0005}","{""detectors_checked"":224}"
         1,         0,         0,   0.000,exact_mw,cb12ae119b9b2ba18d0216e7235b403229e92fd0743ede48fe7f1a2c6f45d594,"{""distance"":5,""physical_error_rate"":0.0005}","{""detection_events"":1,""detectors_checked"":224}"
       273,         0,         0,   0.021,exact_mw,cb12ae119b9b2ba18d0216e7235b403229e92fd0743ede48fe7f1a2c6f45d594,"{""distance"":5,""physical_error_rate"":0.0005}","{""detection_events"":116,""detectors_checked"":61152}"
      5120,         0,         0,   0.084,exact_mw,cb12ae119b9b2ba18d0216e7235b403229e92fd0743ede48fe7f1a2c6f45d594,"{""distance"":5,""physical_error_rate"":0.0005}","{""detection_events"":2574,""detectors_checked"":1146880}"
      1024,         0,         0,   0.003,exact_mw,cb12ae119b9b2ba18d0216e7235b403229e92fd0743ede48fe7f1a2c6f45d594,"{""distance"":5,""physical_error_rate"":0.0005}","{""detection_events"":520,""detectors_checked"":229376}"
     15360,         0,         0,   0.280,exact_mw,cb12ae119b9b2ba18d0216e7235b403229e92fd0743ede48fe7f1a2c6f45d594,"{""distance"":5,""physical_error_rate"":0.0005}","{""detection_events"":7402,""detectors_checked"":3440640}"
      8192,         0,         0,   0.148,exact_mw,cb12ae119b9b2ba18d0216e7235b403229e92fd0743ede48fe7f1a2c6f45d594,"{""distance"":5,""physical_error_rate"":0.0005}","{""detection_events"":3821,""detectors_checked"":1835008}"
      3072,         0,         0,   0.058,exact_mw,cb12ae119b9b2ba18d0216e7235b403229e92fd0743ede48fe7f1a2c6f45d594,"{""distance"":5,""physical_error_rate"":0.0005}","{""detection_events"":1455,""detectors_checked"":688128}"
      9216,         0,         0,   0.143,exact_mw,cb12ae119b9b2ba18d0216e7235b403229e92fd0743ede48fe7f1a2c6f45d594,"{""distance"":5,""physical_error_rate"":0.0005}","{""detection_events"":4447,""detectors_checked"":2064384}"
      4096,         0,         0,   0.075,exact_mw,cb12ae119b9b2ba18d0216e7235b403229e92fd0743ede48fe7f1a2c6f45d594,"{""distance"":5,""physical_error_rate"":0.0005}","{""detection_events"":1855,""detectors_checked"":917504}"
         1,         0,         0,   0.000,exact_mw,cb12ae119b9b2ba18d0216e7235b403229e92fd0743ede48fe7f1a2c6f45d594,"{""distance"":5,""physical_error_rate"":0.0005}","{""detectors_checked"":224}"
      9216,         0,         0,   0.175,exact_mw,cb12ae119b9b2ba18d0216e7235b403229e92fd0743ede48fe7f1a2c6f45d594,"{""distance"":5,""physical_error_rate"":0.0005}","{""detection_events"":4677,""detectors_checked"":2064384}"
      1296,         0,         0,   0.030,exact_mw,cb12ae119b9b2ba18d0216e7235b403229e92fd0743ede48fe7f1a2c6f45d594,"{""distance"":5,""physical_error_rate"":0.0005}","{""detection_events"":796,""detectors_checked"":290304}"
     88064,         0,         0,    2.17,exact_mw,cb12ae119b9b2ba18d0216e7235b403229e92fd0743ede48fe7f1a2c6f45d594,"{""distance"":5,""physical_error_rate"":0.0005}","{""detection_events"":42887,""detectors_checked"":19726336}"
      6144,         0,         0,   0.090,exact_mw,cb12ae119b9b2ba18d0216e7235b403229e92fd0743ede48fe7f1a2c6f45d594,"{""distance"":5,""physical_error_rate"":0.0005}","{""detection_events"":3026,""detectors_checked"":1376256}"
      2048,         0,         0,   0.045,exact_mw,cb12ae119b9b2ba18d0216e7235b403229e92fd0743ede48fe7f1a2c6f45d594,"{""distance"":5,""physical_error_rate"":0.0005}","{""detection_events"":944,""detectors_checked"":458752}"
     10240,         0,         0,   0.148,exact_mw,cb12ae119b9b2ba18d0216e7235b403229e92fd0743ede48fe7f1a2c6f45d594,"{""distance"":5,""physical_error_rate"":0.0005}","{""detection_events"":5078,""detectors_checked"":2293760}"
      8192,         0,         0,   0.116,exact_mw,cb12ae119b9b2ba18d0216e7235b403229e92fd0743ede48fe7f1a2c6f45d594,"{""distance"":5,""physical_error_rate"":0.0005}","{""detection_events"":3944,""detectors_checked"":1835008}"
      5120,         0,         0,   0.092,exact_mw,cb12ae119b9b2ba18d0216e7235b403229e92fd0743ede48fe7f1a2c6f45d594,"{""distance"":5,""physical_error_rate"":0.0005}","{""detection_events"":2602,""detectors_checked"":1146880}"
      1296,         0,         0,   0.021,exact_mw,cb12ae119b9b2ba18d0216e7235b403229e92fd0743ede48fe7f1a2c6f45d594,"{""distance"":5,""physical_error_rate"":0.0005}","{""detection_events"":574,""detectors_checked"":290304}"
     65536,         0,         0,    2.18,exact_mw,cb12ae119b9b2ba18d0216e7235b403229e92fd0743ede48fe7f1a2c6f45d594,"{""distance"":5,""physical_error_rate"":0.0005}","{""detection_events"":31926,""detectors_checked"":14680064}"
     10240,         0,         0,   0.195,exact_mw,cb12ae119b9b2ba18d0216e7235b403229e92fd0743ede48fe7f1a2c6f45d594,"{""distance"":5,""physical_error_rate"":0.0005}","{""detection_events"":4984,""detectors_checked"":2293760}"
      8192,         0,         0,   0.113,exact_mw,cb12ae119b9b2ba18d0216e7235b403229e92fd0743ede48fe7f1a2c6f45d594,"{""distance"":5,""physical_error_rate"":0.0005}","{""detection_events"":4145,""detectors_checked"":1835008}"
      8192,         0,         0,   0.167,exact_mw,cb12ae119b9b2ba18d0216e7235b403229e92fd0743ede48fe7f1a2c6f45d594,"{""distance"":5,""physical_error_rate"":0.0005}","{""detection_events"":3799,""detectors_checked"":1835008}"
      4096,         0,         0,   0.088,exact_mw,cb12ae119b9b2ba18d0216e7235b403229e92fd0743ede48fe7f1a2c6f45d594,"{""distance"":5,""physical_error_rate"":0.0005}","{""detection_events"":2007,""detectors_checked"":917504}"
      3072,         0,         0,   0.060,exact_mw,cb12ae119b9b2ba18d0216e7235b403229e92fd0743ede48fe7f1a2c6f45d594,"{""distance"":5,""physical_error_rate"":0.0005}","{""detection_events"":1476,""detectors_checked"":688128}"
      2048,         0,         0,   0.043,exact_mw,cb12ae119b9b2ba18d0216e7235b403229e92fd0743ede48fe7f1a2c6f45d594,"{""distance"":5,""physical_error_rate"":0.0005}","{""detection_events"":991,""detectors_checked"":458752}"
      9216,         0,         0,   0.137,exact_mw,cb12ae119b9b2ba18d0216e7235b403229e92fd0743ede48fe7f1a2c6f45d594,"{""distance"":5,""physical_error_rate"":0.0005}","{""detection_events"":4519,""detectors_checked"":2064384}"
      1296,         0,         0,   0.025,exact_mw,cb12ae119b9b2ba18d0216e7235b403229e92fd0743ede48fe7f1a2c6f45d594,"{""distance"":5,""physical_error_rate"":0.0005}","{""detection_events"":637,""detectors_checked"":290304}"
      3072,         0,         0,   0.089,exact_mw,cb12ae119b9b2ba18d0216e7235b403229e92fd0743ede48fe7f1a2c6f45d594,"{""distance"":5,""physical_error_rate"":0.0005}","{""detection_events"":1534,""detectors_checked"":688128}"
     30720,         0,         0,   0.428,exact_mw,cb12ae119b9b2ba18d0216e7235b403229e92fd0743ede48fe7f1a2c6f45d594,"{""distance"":5,""physical_error_rate"":0.0005}","{""detection_events"":14998,""detectors_checked"":6881280}"
      5120,         0,         0,   0.109,exact_mw,cb12ae119b9b2ba18d0216e7235b403229e92fd0743ede48fe7f1a2c6f45d594,"{""distance"":5,""physical_error_rate"":0.0005}","{""detection_events"":2448,""detectors_checked"":1146880}"
      4096,         0,         0,   0.102,exact_mw,cb12ae119b9b2ba18d0216e7235b403229e92fd0743ede48fe7f1a2c6f45d594,"{""distance"":5,""physical_error_rate"":0.0005}","{""detection_events"":2141,""detectors_checked"":917504}"
      1024,         0,         0,   0.029,exact_mw,cb12ae119b9b2ba18d0216e7235b403229e92fd0743ede48fe7f1a2c6f45d594,"{""distance"":5,""physical_error_rate"":0.0005}","{""detection_events"":534,""detectors_checked"":229376}"
      6144,         0,         0,   0.118,exact_mw,cb12ae119b9b2ba18d0216e7235b403229e92fd0743ede48fe7f1a2c6f45d594,"{""distance"":5,""physical_error_rate"":0.0005}","{""detection_events"":2956,""detectors_checked"":1376256}"
      1024,         0,         0,   0.031,exact_mw,cb12ae119b9b2ba18d0216e7235b403229e92fd0743ede48fe7f1a2c6f45d594,"{""distance"":5,""physical_error_rate"":0.0005}","{""detection_events"":510,""detectors_checked"":229376}"
      1297,         0,         0,   0.036,exact_mw,cb12ae119b9b2ba18d0216e7235b403229e92fd0743ede48fe7f1a2c6f45d594,"{""distance"":5,""physical_error_rate"":0.0005}","{""detection_events"":614,""detectors_checked"":290528}"
      2048,         0,         0,   0.039,exact_mw,cb12ae119b9b2ba18d0216e7235b403229e92fd0743ede48fe7f1a2c6f45d594,"{""distance"":5,""physical_error_rate"":0.0005}","{""detection_events"":1088,""detectors_checked"":458752}"
      2048,         0,         0,   0.031,exact_mw,cb12ae119b9b2ba18d0216e7235b403229e92fd0743ede48fe7f1a2c6f45d594,"{""distance"":5,""physical_error_rate"":0.0005}","{""detection_events"":1037,""detectors_checked"":458752}"
      3072,         0,         0,   0.029,exact_mw,cb12ae119b9b2ba18d0216e7235b403229e92fd0743ede48fe7f1a2c6f45d594,"{""distance"":5,""physical_error_rate"":0.0005}","{""detection_events"":1384,""detectors_checked"":688128}"
      1024,         0,         0,   0.025,exact_mw,cb12ae119b9b2ba18d0216e7235b403229e92fd0743ede48fe7f1a2c6f45d594,"{""distance"":5,""physical_error_rate"":0.0005}","{""detection_events"":619,""detectors_checked"":229376}"
      1297,         0,         0,   0.030,exact_mw,cb12ae119b9b2ba18d0216e7235b403229e92fd0743ede48fe7f1a2c6f45d594,"{""distance"":5,""physical_error_rate"":0.0005}","{""detection_events"":655,""detectors_checked"":290528}"
       273,         0,         0,   0.026,exact_mw,cb12ae119b9b2ba18d0216e7235b403229e92fd0743ede48fe7f1a2c6f45d594,"{""distance"":5,""physical_error_rate"":0.0005}","{""detection_events"":139,""detectors_checked"":61152}"
      2048,         0,         0,   0.032,exact_mw,cb12ae119b9b2ba18d0216e7235b403229e92fd0743ede48fe7f1a2c6f45d594,"{""distance"":5,""physical_error_rate"":0.0005}","{""detection_events"":902,""detectors_checked"":458752}"
     15360,         0,         0,   0.223,exact_mw,cb12ae119b9b2ba18d0216e7235b403229e92fd0743ede48fe7f1a2c6f45d594,"{""distance"":5,""physical_error_rate"":0.0005}","{""detection_events"":7559,""detectors_checked"":3440640}"
      1024,         0,         0,   0.028,exact_mw,cb12ae119b9b2ba18d0216e7235b403229e92fd0743ede48fe7f1a2c6f45d594,"{""distance"":5,""physical_error_rate"":0.0005}","{""detection_events"":479,""detectors_checked"":229376}"
      1297,         0,         0,   0.026,exact_mw,cb12ae119b9b2ba18d0216e7235b403229e92fd0743ede48fe7f1a2c6f45d594,"{""distance"":5,""physical_error_rate"":0.0005}","{""detection_events"":542,""detectors_checked"":290528}"
     18432,         0,         0,   0.412,exact_mw,cb12ae119b9b2ba18d0216e7235b403229e92fd0743ede48fe7f1a2c6f45d594,"{""distance"":5,""physical_error_rate"":0.0005}","{""detection_events"":9249,""detectors_checked"":4128768}"
      1024,         0,         0,   0.003,exact_mw,cb12ae119b9b2ba18d0216e7235b403229e92fd0743ede48fe7f1a2c6f45d594,"{""distance"":5,""physical_error_rate"":0.0005}","{""detection_events"":436,""detectors_checked"":229376}"
     69632,         0,         0,    2.21,exact_mw,cb12ae119b9b2ba18d0216e7235b403229e92fd0743ede48fe7f1a2c6f45d594,"{""distance"":5,""physical_error_rate"":0.0005}","{""detection_events"":34000,""detectors_checked"":15597568}"
      2048,         0,         0,   0.032,exact_mw,cb12ae119b9b2ba18d0216e7235b403229e92fd0743ede48fe7f1a2c6f45d594,"{""distance"":5,""physical_error_rate"":0.0005}","{""detection_events"":997,""detectors_checked"":458752}"
      1024,         0,         0,   0.029,exact_mw,cb12ae119b9b2ba18d0216e7235b403229e92fd0743ede48fe7f1a2c6f45d594,"{""distance"":5,""physical_error_rate"":0.0005}","{""detection_events"":554,""detectors_checked"":229376}"
      2048,         0,         0,   0.048,exact_mw,cb12ae119b9b2ba18d0216e7235b403229e92fd0743ede48fe7f1a2c6f45d594,"{""distance"":5,""physical_error_rate"":0.0005}","{""detection_events"":1082,""detectors_checked"":458752}"
      2048,         0,         0,   0.049,exact_mw,cb12ae119b9b2ba18d0216e7235b403229e92fd0743ede48fe7f1a2c6f45d594,"{""distance"":5,""physical_error_rate"":0.0005}","{""detection_events"":940,""detectors_checked"":458752}"
      6144,         0,         0,   0.117,exact_mw,cb12ae119b9b2ba18d0216e7235b403229e92fd0743ede48fe7f1a2c6f45d594,"{""distance"":5,""physical_error_rate"":0.0005}","{""detection_events"":3114,""detectors_checked"":1376256}"
     16384,         0,         0,   0.218,exact_mw,cb12ae119b9b2ba18d0216e7235b403229e92fd0743ede48fe7f1a2c6f45d594,"{""distance"":5,""physical_error_rate"":0.0005}","{""detection_events"":8278,""detectors_checked"":3670016}"
      1024,         0,         0,   0.004,exact_mw,cb12ae119b9b2ba18d0216e7235b403229e92fd0743ede48fe7f1a2c6f45d594,"{""distance"":5,""physical_error_rate"":0.0005}","{""detection_events"":480,""detectors_checked"":229376}"
      8192,         0,         0,   0.158,exact_mw,cb12ae119b9b2ba18d0216e7235b403229e92fd0743ede48fe7f1a2c6f45d594,"{""distance"":5,""physical_error_rate"":0.0005}","{""detection_events"":4157,""detectors_checked"":1835008}"
      6144,         0,         0,   0.121,exact_mw,cb12ae119b9b2ba18d0216e7235b403229e92fd0743ede48fe7f1a2c6f45d594,"{""distance"":5,""physical_error_rate"":0.0005}","{""detection_events"":2900,""detectors_checked"":1376256}"
      2048,         0,         0,   0.046,exact_mw,cb12ae119b9b2ba18d0216e7235b403229e92fd0743ede48fe7f1a2c6f45d594,"{""distance"":5,""physical_error_rate"":0.0005}","{""detection_events"":1046,""detectors_checked"":458752}"
      1024,         0,         0,   0.032,exact_mw,cb12ae119b9b2ba18d0216e7235b403229e92fd0743ede48fe7f1a2c6f45d594,"{""distance"":5,""physical_error_rate"":0.0005}","{""detection_events"":601,""detectors_checked"":229376}"
      2048,         0,         0,   0.028,exact_mw,cb12ae119b9b2ba18d0216e7235b403229e92fd0743ede48fe7f1a2c6f45d594,"{""distance"":5,""physical_error_rate"":0.0005}","{""detection_events"":1016,""detectors_checked"":458752}"
     30720,         0,         0,   0.522,exact_mw,cb12ae119b9b2ba18d0216e7235b403229e92fd0743ede48fe7f1a2c6f45d594,"{""distance"":5,""physical_error_rate"":0.0005}","{""detection_events"":15039,""detectors_checked"":6881280}"
     20480,         0,         0,   0.308,exact_mw,cb12ae119b9b2ba18d0216e7235b403229e92fd0743ede48fe7f1a2c6f45d594,"{""distance"":5,""physical_error_rate"":0.0005}","{""detection_events"":9922,""detectors_checked"":4587520}"
      3072,         0,         0,   0.081,exact_mw,cb12ae119b9b2ba18d0216e7235b403229e92fd0743ede48fe7f1a2c6f45d594,"{""distance"":5,""physical_error_rate"":0.0005}","{""detection_events"":1491,""detectors_checked"":688128}"
     24576,         0,         0,   0.371,exact_mw,cb12ae119b9b2ba18d0216e7235b403229e92fd0743ede48fe7f1a2c6f45d594,"{""distance"":5,""physical_error_rate"":0.0005}","{""detection_events"":11848,""detectors_checked"":5505024}"
      1024,         0,         0,   0.013,exact_mw,cb12ae119b9b2ba18d0216e7235b403229e92fd0743ede48fe7f1a2c6f45d594,"{""distance"":5,""physical_error_rate"":0.0005}","{""detection_events"":510,""detectors_checked"":229376}"
      2048,         0,         0,   0.081,exact_mw,cb12ae119b9b2ba18d0216e7235b403229e92fd0743ede48fe7f1a2c6f45d594,"{""distance"":5,""physical_error_rate"":0.0005}","{""detection_events"":995,""detectors_checked"":458752}"
      7168,         0,         0,   0.154,exact_mw,cb12ae119b9b2ba18d0216e7235b403229e92fd0743ede48fe7f1a2c6f45d594,"{""distance"":5,""physical_error_rate"":0.0005}","{""detection_events"":3304,""detectors_checked"":1605632}"
      6144,         0,         0,   0.126,exact_mw,cb12ae119b9b2ba18d0216e7235b403229e92fd0743ede48fe7f1a2c6f45d594,"{""distance"":5,""physical_error_rate"":0.0005}","{""detection_events"":3087,""detectors_checked"":1376256}"
      2048,         0,         0,   0.040,exact_mw,cb12ae119b9b2ba18d0216e7235b403229e92fd0743ede48fe7f1a2c6f45d594,"{""distance"":5,""physical_error_rate"":0.0005}","{""detection_events"":1091,""detectors_checked"":458752}"
     10240,         0,         0,   0.205,exact_mw,cb12ae119b9b2ba18d0216e7235b403229e92fd0743ede48fe7f1a2c6f45d594,"{""distance"":5,""physical_error_rate"":0.0005}","{""detection_events"":5130,""detectors_checked"":2293760}"
      8192,         0,         0,   0.210,exact_mw,cb12ae119b9b2ba18d0216e7235b403229e92fd0743ede48fe7f1a2c6f45d594,"{""distance"":5,""physical_error_rate"":0.0005}","{""detection_events"":4213,""detectors_checked"":1835008}"
      2048,         0,         0,   0.061,exact_mw,cb12ae119b9b2ba18d0216e7235b403229e92fd0743ede48fe7f1a2c6f45d594,"{""distance"":5,""physical_error_rate"":0.0005}","{""detection_events"":1068,""detectors_checked"":458752}"
      6144,         0,         0,   0.125,exact_mw,cb12ae119b9b2ba18d0216e7235b403229e92fd0743ede48fe7f1a2c6f45d594,"{""distance"":5,""physical_error_rate"":0.0005}","{""detection_events"":3023,""detectors_checked"":1376256}"
     20480,         0,         0,   0.270,exact_mw,cb12ae119b9b2ba18d0216e7235b403229e92fd0743ede48fe7f1a2c6f45d594,"{""distance"":5,""physical_error_rate"":0.0005}","{""detection_events"":9830,""detectors_checked"":4587520}"
      5120,         0,         0,   0.150,exact_mw,cb12ae119b9b2ba18d0216e7235b403229e92fd0743ede48fe7f1a2c6f45d594,"{""distance"":5,""physical_error_rate"":0.0005}","{""detection_events"":2598,""detectors_checked"":1146880}"
     31744,         0,         0,   0.566,exact_mw,cb12ae119b9b2ba18d0216e7235b403229e92fd0743ede48fe7f1a2c6f45d594,"{""distance"":5,""physical_error_rate"":0.0005}","{""detection_events"":15473,""detectors_checked"":7110656}"
      9216,         0,         0,   0.153,exact_mw,cb12ae119b9b2ba18d0216e7235b403229e92fd0743ede48fe7f1a2c6f45d594,"{""distance"":5,""physical_error_rate"":0.0005}","{""detection_events"":4755,""detectors_checked"":2064384}"
      3072,         0,         0,   0.089,exact_mw,cb12ae119b9b2ba18d0216e7235b403229e92fd0743ede48fe7f1a2c6f45d594,"{""distance"":5,""physical_error_rate"":0.0005}","{""detection_events"":1523,""detectors_checked"":688128}"
      1297,         0,         0,   0.028,exact_mw,cb12ae119b9b2ba18d0216e7235b403229e92fd0743ede48fe7f1a2c6f45d594,"{""distance"":5,""physical_error_rate"":0.0005}","{""detection_events"":624,""detectors_checked"":290528}"
     11264,         0,         0,   0.200,exact_mw,cb12ae119b9b2ba18d0216e7235b403229e92fd0743ede48fe7f1a2c6f45d594,"{""distance"":5,""physical_error_rate"":0.0005}","{""detection_events"":5661,""detectors_checked"":2523136}"
      7168,         0,         0,   0.151,exact_mw,cb12ae119b9b2ba18d0216e7235b403229e92fd0743ede48fe7f1a2c6f45d594,"{""distance"":5,""physical_error_rate"":0.0005}","{""detection_events"":3466,""detectors_checked"":1605632}"
      2048,         0,         0,   0.032,exact_mw,cb12ae119b9b2ba18d0216e7235b403229e92fd0743ede48fe7f1a2c6f45d594,"{""distance"":5,""physical_error_rate"":0.0005}","{""detection_events"":1060,""detectors_checked"":458752}"
      4096,         0,         0,   0.075,exact_mw,cb12ae119b9b2ba18d0216e7235b403229e92fd0743ede48fe7f1a2c6f45d594,"{""distance"":5,""physical_error_rate"":0.0005}","{""detection_events"":2169,""detectors_checked"":917504}"
     33792,         0,         0,   0.578,exact_mw,cb12ae119b9b2ba18d0216e7235b403229e92fd0743ede48fe7f1a2c6f45d594,"{""distance"":5,""physical_error_rate"":0.0005}","{""detection_events"":16851,""detectors_checked"":7569408}"
      3072,         0,         0,   0.075,exact_mw,cb12ae119b9b2ba18d0216e7235b403229e92fd0743ede48fe7f1a2c6f45d594,"{""distance"":5,""physical_error_rate"":0.0005}","{""detection_events"":1504,""detectors_checked"":688128}"
      5120,         0,         0,   0.122,exact_mw,cb12ae119b9b2ba18d0216e7235b403229e92fd0743ede48fe7f1a2c6f45d594,"{""distance"":5,""physical_error_rate"":0.0005}","{""detection_events"":2497,""detectors_checked"":1146880}"
      2048,         0,         0,   0.048,exact_mw,cb12ae119b9b2ba18d0216e7235b403229e92fd0743ede48fe7f1a2c6f45d594,"{""distance"":5,""physical_error_rate"":0.0005}","{""detection_events"":1090,""detectors_checked"":458752}"
     19456,         0,         0,   0.362,exact_mw,cb12ae119b9b2ba18d0216e7235b403229e92fd0743ede48fe7f1a2c6f45d594,"{""distance"":5,""physical_error_rate"":0.0005}","{""detection_events"":9831,""detectors_checked"":4358144}"
      2048,         0,         0,   0.048,exact_mw,cb12ae119b9b2ba18d0216e7235b403229e92fd0743ede48fe7f1a2c6f45d594,"{""distance"":5,""physical_error_rate"":0.0005}","{""detection_events"":894,""detectors_checked"":458752}"
     11264,         0,         0,   0.204,exact_mw,cb12ae119b9b2ba18d0216e7235b403229e92fd0743ede48fe7f1a2c6f45d594,"{""distance"":5,""physical_error_rate"":0.0005}","{""detection_events"":5416,""detectors_checked"":2523136}"
     13312,         0,         0,   0.273,exact_mw,cb12ae119b9b2ba18d0216e7235b403229e92fd0743ede48fe7f1a2c6f45d594,"{""distance"":5,""physical_error_rate"":0.0005}","{""detection_events"":6285,""detectors_checked"":2981888}"
      8192,         0,         0,   0.155,exact_mw,cb12ae119b9b2ba18d0216e7235b403229e92fd0743ede48fe7f1a2c6f45d594,"{""distance"":5,""physical_error_rate"":0.0005}","{""detection_events"":3876,""detectors_checked"":1835008}"
      4096,         0,         0,   0.076,exact_mw,cb12ae119b9b2ba18d0216e7235b403229e92fd0743ede48fe7f1a2c6f45d594,"{""distance"":5,""physical_error_rate"":0.0005}","{""detection_events"":2062,""detectors_checked"":917504}"
      1024,         0,         0,   0.028,exact_mw,cb12ae119b9b2ba18d0216e7235b403229e92fd0743ede48fe7f1a2c6f45d594,"{""distance"":5,""physical_error_rate"":0.0005}","{""detection_events"":481,""detectors_checked"":229376}"
     11264,         0,         0,   0.219,exact_mw,cb12ae119b9b2ba18d0216e7235b403229e92fd0743ede48fe7f1a2c6f45d594,"{""distance"":5,""physical_error_rate"":0.0005}","{""detection_events"":5374,""detectors_checked"":2523136}"
      2048,         0,         0,   0.031,exact_mw,cb12ae119b9b2ba18d0216e7235b403229e92fd0743ede48fe7f1a2c6f45d594,"{""distance"":5,""physical_error_rate"":0.0005}","{""detection_events"":1021,""detectors_checked"":458752}"
    234496,         0,         0,    3.02,exact_mw,cb12ae119b9b2ba18d0216e7235b403229e92fd0743ede48fe7f1a2c6f45d594,"{""distance"":5,""physical_error_rate"":0.0005}","{""detection_events"":115626,""detectors_checked"":52527104}"
     10240,         0,         0,   0.187,exact_mw,cb12ae119b9b2ba18d0216e7235b403229e92fd0743ede48fe7f1a2c6f45d594,"{""distance"":5,""physical_error_rate"":0.0005}","{""detection_events"":4933,""detectors_checked"":2293760}"
     17408,         0,         0,   0.388,exact_mw,cb12ae119b9b2ba18d0216e7235b403229e92fd0743ede48fe7f1a2c6f45d594,"{""distance"":5,""physical_error_rate"":0.0005}","{""detection_events"":8765,""detectors_checked"":3899392}"
     89088,         0,         0,    2.16,exact_mw,cb12ae119b9b2ba18d0216e7235b403229e92fd0743ede48fe7f1a2c6f45d594,"{""distance"":5,""physical_error_rate"":0.0005}","{""detection_events"":44336,""detectors_checked"":19955712}"
      3072,         0,         0,   0.051,exact_mw,cb12ae119b9b2ba18d0216e7235b403229e92fd0743ede48fe7f1a2c6f45d594,"{""distance"":5,""physical_error_rate"":0.0005}","{""detection_events"":1551,""detectors_checked"":688128}"
      3072,         0,         0,   0.053,exact_mw,cb12ae119b9b2ba18d0216e7235b403229e92fd0743ede48fe7f1a2c6f45d594,"{""distance"":5,""physical_error_rate"":0.0005}","{""detection_events"":1539,""detectors_checked"":688128}"
      1024,         0,         0,   0.030,exact_mw,cb12ae119b9b2ba18d0216e7235b403229e92fd0743ede48fe7f1a2c6f45d594,"{""distance"":5,""physical_error_rate"":0.0005}","{""detection_events"":502,""detectors_checked"":229376}"
      8192,         0,         0,   0.208,exact_mw,cb12ae119b9b2ba18d0216e7235b403229e92fd0743ede48fe7f1a2c6f45d594,"{""distance"":5,""physical_error_rate"":0.0005}","{""detection_events"":4137,""detectors_checked"":1835008}"
      3072,         0,         0,   0.062,exact_mw,cb12ae119b9b2ba18d0216e7235b403229e92fd0743ede48fe7f1a2c6f45d594,"{""distance"":5,""physical_error_rate"":0.0005}","{""detection_events"":1354,""detectors_checked"":688128}"
     11264,         0,         0,   0.306,exact_mw,cb12ae119b9b2ba18d0216e7235b403229e92fd0743ede48fe7f1a2c6f45d594,"{""distance"":5,""physical_error_rate"":0.0005}","{""detection_events"":5681,""detectors_checked"":2523136}"
     12288,         0,         0,   0.204,exact_mw,cb12ae119b9b2ba18d0216e7235b403229e92fd0743ede48fe7f1a2c6f45d594,"{""distance"":5,""physical_error_rate"":0.0005}","{""detection_events"":6240,""detectors_checked"":2752512}"
      3072,         0,         0,   0.056,exact_mw,cb12ae119b9b2ba18d0216e7235b403229e92fd0743ede48fe7f1a2c6f45d594,"{""distance"":5,""physical_error_rate"":0.0005}","{""detection_events"":1519,""detectors_checked"":688128}"
     16384,         0,         0,   0.279,exact_mw,cb12ae119b9b2ba18d0216e7235b403229e92fd0743ede48fe7f1a2c6f45d594,"{""distance"":5,""physical_error_rate"":0.0005}","{""detection_events"":8070,""detectors_checked"":3670016}"
     12288,         0,         0,   0.227,exact_mw,cb12ae119b9b2ba18d0216e7235b403229e92fd0743ede48fe7f1a2c6f45d594,"{""distance"":5,""physical_error_rate"":0.0005}","{""detection_events"":6039,""detectors_checked"":2752512}"
      3072,         0,         0,   0.112,exact_mw,cb12ae119b9b2ba18d0216e7235b403229e92fd0743ede48fe7f1a2c6f45d594,"{""distance"":5,""physical_error_rate"":0.0005}","{""detection_events"":1546,""detectors_checked"":688128}"
     13312,         0,         0,   0.295,exact_mw,cb12ae119b9b2ba18d0216e7235b403229e92fd0743ede48fe7f1a2c6f45d594,"{""distance"":5,""physical_error_rate"":0.0005}","{""detection_events"":6797,""detectors_checked"":2981888}"
      6144,         0,         0,   0.120,exact_mw,cb12ae119b9b2ba18d0216e7235b403229e92fd0743ede48fe7f1a2c6f45d594,"{""distance"":5,""physical_error_rate"":0.0005}","{""detection_events"":2937,""detectors_checked"":1376256}"
      3072,         0,         0,   0.076,exact_mw,cb12ae119b9b2ba18d0216e7235b403229e92fd0743ede48fe7f1a2c6f45d594,"{""distance"":5,""physical_error_rate"":0.0005}","{""detection_events"":1509,""detectors_checked"":688128}"
      4096,         0,         0,   0.075,exact_mw,cb12ae119b9b2ba18d0216e7235b403229e92fd0743ede48fe7f1a2c6f45d594,"{""distance"":5,""physical_error_rate"":0.0005}","{""detection_events"":2057,""detectors_checked"":917504}"
      9216,         0,         0,   0.230,exact_mw,cb12ae119b9b2ba18d0216e7235b403229e92fd0743ede48fe7f1a2c6f45d594,"{""distance"":5,""physical_error_rate"":0.0005}","{""detection_events"":4412,""detectors_checked"":2064384}"
     19456,         0,         0,   0.384,exact_mw,cb12ae119b9b2ba18d0216e7235b403229e92fd0743ede48fe7f1a2c6f45d594,"{""distance"":5,""physical_error_rate"":0.0005}","{""detection_events"":9549,""detectors_checked"":4358144}"
      1024,         0,         0,   0.027,exact_mw,cb12ae119b9b2ba18d0216e7235b403229e92fd0743ede48fe7f1a2c6f45d594,"{""distance"":5,""physical_error_rate"":0.0005}","{""detection_events"":499,""detectors_checked"":229376}"
      6144,         0,         0,   0.183,exact_mw,cb12ae119b9b2ba18d0216e7235b403229e92fd0743ede48fe7f1a2c6f45d594,"{""distance"":5,""physical_error_rate"":0.0005}","{""detection_events"":2860,""detectors_checked"":1376256}"
      2048,         0,         0,   0.051,exact_mw,cb12ae119b9b2ba18d0216e7235b403229e92fd0743ede48fe7f1a2c6f45d594,"{""distance"":5,""physical_error_rate"":0.0005}","{""detection_events"":1066,""detectors_checked"":458752}"
      7168,         0,         0,   0.164,exact_mw,cb12ae119b9b2ba18d0216e7235b403229e92fd0743ede48fe7f1a2c6f45d594,"{""distance"":5,""physical_error_rate"":0.0005}","{""detection_events"":3587,""detectors_checked"":1605632}"
         1,         0,         0,   0.000,exact_mw,cb12ae119b9b2ba18d0216e7235b403229e92fd0743ede48fe7f1a2c6f45d594,"{""distance"":5,""physical_error_rate"":0.0005}","{""detectors_checked"":224}"
      4096,         0,         0,   0.089,exact_mw,cb12ae119b9b2ba18d0216e7235b403229e92fd0743ede48fe7f1a2c6f45d594,"{""distance"":5,""physical_error_rate"":0.0005}","{""detection_events"":1884,""detectors_checked"":917504}"
     25600,         0,         0,   0.402,exact_mw,cb12ae119b9b2ba18d0216e7235b403229e92fd0743ede48fe7f1a2c6f45d594,"{""distance"":5,""physical_error_rate"":0.0005}","{""detection_events"":12840,""detectors_checked"":5734400}"
     44032,         0,         0,   0.804,exact_mw,cb12ae119b9b2ba18d0216e7235b403229e92fd0743ede48fe7f1a2c6f45d594,"{""distance"":5,""physical_error_rate"":0.0005}","{""detection_events"":21473,""detectors_checked"":9863168}"
     34816,         0,         0,   0.579,exact_mw,cb12ae119b9b2ba18d0216e7235b403229e92fd0743ede48fe7f1a2c6f45d594,"{""distance"":5,""physical_error_rate"":0.0005}","{""detection_events"":17319,""detectors_checked"":7798784}"
      1296,         0,         0,   0.018,exact_mw,cb12ae119b9b2ba18d0216e7235b403229e92fd0743ede48fe7f1a2c6f45d594,"{""distance"":5,""physical_error_rate"":0.0005}","{""detection_events"":544,""detectors_checked"":290304}"
      3072,         0,         0,   0.058,exact_mw,cb12ae119b9b2ba18d0216e7235b403229e92fd0743ede48fe7f1a2c6f45d594,"{""distance"":5,""physical_error_rate"":0.0005}","{""detection_events"":1436,""detectors_checked"":688128}"
      5120,         0,         0,   0.128,exact_mw,cb12ae119b9b2ba18d0216e7235b403229e92fd0743ede48fe7f1a2c6f45d594,"{""distance"":5,""physical_error_rate"":0.0005}","{""detection_events"":2429,""detectors_checked"":1146880}"
      2048,         0,         0,   0.013,exact_mw,cb12ae119b9b2ba18d0216e7235b403229e92fd0743ede48fe7f1a2c6f45d594,"{""distance"":5,""physical_error_rate"":0.0005}","{""detection_events"":959,""detectors_checked"":458752}"
     14336,         0,         0,   0.273,exact_mw,cb12ae119b9b2ba18d0216e7235b403229e92fd0743ede48fe7f1a2c6f45d594,"{""distance"":5,""physical_error_rate"":0.0005}","{""detection_events"":7128,""detectors_checked"":3211264}"
     15360,         0,         0,   0.302,exact_mw,cb12ae119b9b2ba18d0216e7235b403229e92fd0743ede48fe7f1a2c6f45d594,"{""distance"":5,""physical_error_rate"":0.0005}","{""detection_events"":7690,""detectors_checked"":3440640}"
      4096,         0,         0,   0.081,exact_mw,cb12ae119b9b2ba18d0216e7235b403229e92fd0743ede48fe7f1a2c6f45d594,"{""distance"":5,""physical_error_rate"":0.0005}","{""detection_events"":2180,""detectors_checked"":917504}"
     37888,         0,         0,   0.546,exact_mw,cb12ae119b9b2ba18d0216e7235b403229e92fd0743ede48fe7f1a2c6f45d594,"{""distance"":5,""physical_error_rate"":0.0005}","{""detection_events"":18718,""detectors_checked"":8486912}"
      8192,         0,         0,   0.206,exact_mw,cb12ae119b9b2ba18d0216e7235b403229e92fd0743ede48fe7f1a2c6f45d594,"{""distance"":5,""physical_error_rate"":0.0005}","{""detection_events"":3993,""detectors_checked"":1835008}"
      3072,         0,         0,   0.033,exact_mw,cb12ae119b9b2ba18d0216e7235b403229e92fd0743ede48fe7f1a2c6f45d594,"{""distance"":5,""physical_error_rate"":0.0005}","{""detection_events"":1490,""detectors_checked"":688128}"
      4096,         0,         0,   0.057,exact_mw,cb12ae119b9b2ba18d0216e7235b403229e92fd0743ede48fe7f1a2c6f45d594,"{""distance"":5,""physical_error_rate"":0.0005}","{""detection_events"":2034,""detectors_checked"":917504}"
      3072,         0,         0,   0.090,exact_mw,cb12ae119b9b2ba18d0216e7235b403229e92fd0743ede48fe7f1a2c6f45d594,"{""distance"":5,""physical_error_rate"":0.0005}","{""detection_events"":1501,""detectors_checked"":688128}"
      6144,         0,         0,   0.168,exact_mw,cb12ae119b9b2ba18d0216e7235b403229e92fd0743ede48fe7f1a2c6f45d594,"{""distance"":5,""physical_error_rate"":0.0005}","{""detection_events"":3192,""detectors_checked"":1376256}"
      3072,         0,         0,   0.076,exact_mw,cb12ae119b9b2ba18d0216e7235b403229e92fd0743ede48fe7f1a2c6f45d594,"{""distance"":5,""physical_error_rate"":0.0005}","{""detection_events"":1560,""detectors_checked"":688128}"
     21504,         0,         0,   0.406,exact_mw,cb12ae119b9b2ba18d0216e7235b403229e92fd0743ede48fe7f1a2c6f45d594,"{""distance"":5,""physical_error_rate"":0.0005}","{""detection_events"":10434,""detectors_checked"":4816896}"
     20480,         0,         0,   0.404,exact_mw,cb12ae119b9b2ba18d0216e7235b403229e92fd0743ede48fe7f1a2c6f45d594,"{""distance"":5,""physical_error_rate"":0.0005}","{""detection_events"":10025,""detectors_checked"":4587520}"
     10240,         0,         0,   0.219,exact_mw,cb12ae119b9b2ba18d0216e7235b403229e92fd0743ede48fe7f1a2c6f45d594,"{""distance"":5,""physical_error_rate"":0.0005}","{""detection_events"":5164,""detectors_checked"":2293760}"
      1024,         0,         0,   0.029,exact_mw,cb12ae119b9b2ba18d0216e7235b403229e92fd0743ede48fe7f1a2c6f45d594,"{""distance"":5,""physical_error_rate"":0.0005}","{""detection_events"":622,""detectors_checked"":229376}"
     18432,         0,         0,   0.399,exact_mw,cb12ae119b9b2ba18d0216e7235b403229e92fd0743ede48fe7f1a2c6f45d594,"{""distance"":5,""physical_error_rate"":0.0005}","{""detection_events"":8979,""detectors_checked"":4128768}"
     17408,         0,         0,   0.285,exact_mw,cb12ae119b9b2ba18d0216e7235b403229e92fd0743ede48fe7f1a2c6f45d594,"{""distance"":5,""physical_error_rate"":0.0005}","{""detection_events"":8473,""detectors_checked"":3899392}"
      1024,         0,         0,   0.029,exact_mw,cb12ae119b9b2ba18d0216e7235b403229e92fd0743ede48fe7f1a2c6f45d594,"{""distance"":5,""physical_error_rate"":0.0005}","{""detection_events"":476,""detectors_checked"":229376}"
     10240,         0,         0,   0.207,exact_mw,cb12ae119b9b2ba18d0216e7235b403229e92fd0743ede48fe7f1a2c6f45d594,"{""distance"":5,""physical_error_rate"":0.0005}","{""detection_events"":5103,""detectors_checked"":2293760}"
      5120,         0,         0,   0.102,exact_mw,cb12ae119b9b2ba18d0216e7235b403229e92fd0743ede48fe7f1a2c6f45d594,"{""distance"":5,""physical_error_rate"":0.0005}","{""detection_events"":2448,""detectors_checked"":1146880}"
     12288,         0,         0,   0.229,exact_mw,cb12ae119b9b2ba18d0216e7235b403229e92fd0743ede48fe7f1a2c6f45d594,"{""distance"":5,""physical_error_rate"":0.0005}","{""detection_events"":6086,""detectors_checked"":2752512}"
      7168,         0,         0,   0.101,exact_mw,cb12ae119b9b2ba18d0216e7235b403229e92fd0743ede48fe7f1a2c6f45d594,"{""distance"":5,""physical_error_rate"":0.0005}","{""detection_events"":3525,""detectors_checked"":1605632}"
      3072,         0,         0,   0.063,exact_mw,cb12ae119b9b2ba18d0216e7235b403229e92fd0743ede48fe7f1a2c6f45d594,"{""distance"":5,""physical_error_rate"":0.0005}","{""detection_events"":1516,""detectors_checked"":688128}"
      5120,         0,         0,   0.106,exact_mw,cb12ae119b9b2ba18d0216e7235b403229e92fd0743ede48fe7f1a2c6f45d594,"{""distance"":5,""physical_error_rate"":0.0005}","{""detection_events"":2353,""detectors_checked"":1146880}"
     11264,         0,         0,   0.185,exact_mw,cb12ae119b9b2ba18d0216e7235b403229e92fd0743ede48fe7f1a2c6f45d594,"{""distance"":5,""physical_error_rate"":0.0005}","{""detection_events"":5260,""detectors_checked"":2523136}"
     22528,         0,         0,   0.410,exact_mw,cb12ae119b9b2ba18d0216e7235b403229e92fd0743ede48fe7f1a2c6f45d594,"{""distance"":5,""physical_error_rate"":0.0005}","{""detection_events"":11366,""detectors_checked"":5046272}"
     11264,         0,         0,   0.300,exact_mw,cb12ae119b9b2ba18d0216e7235b403229e92fd0743ede48fe7f1a2c6f45d594,"{""distance"":5,""physical_error_rate"":0.0005}","{""detection_events"":5488,""detectors_checked"":2523136}"
       273,         0,         0,   0.026,exact_mw,cb12ae119b9b2ba18d0216e7235b403229e92fd0743ede48fe7f1a2c6f45d594,"{""distance"":5,""physical_error_rate"":0.0005}","{""detection_events"":139,""detectors_checked"":61152}"
     15360,         0,         0,   0.301,exact_mw,cb12ae119b9b2ba18d0216e7235b403229e92fd0743ede48fe7f1a2c6f45d594,"{""distance"":5,""physical_error_rate"":0.0005}","{""detection_events"":7592,""detectors_checked"":3440640}"
      4096,         0,         0,   0.097,exact_mw,cb12ae119b9b2ba18d0216e7235b403229e92fd0743ede48fe7f1a2c6f45d594,"{""distance"":5,""physical_error_rate"":0.0005}","{""detection_events"":2092,""detectors_checked"":917504}"
      8192,         0,         0,   0.215,exact_mw,cb12ae119b9b2ba18d0216e7235b403229e92fd0743ede48fe7f1a2c6f45d594,"{""distance"":5,""physical_error_rate"":0.0005}","{""detection_events"":4137,""detectors_checked"":1835008}"
      3072,         0,         0,   0.055,exact_mw,cb12ae119b9b2ba18d0216e7235b403229e92fd0743ede48fe7f1a2c6f45d594,"{""distance"":5,""physical_error_rate"":0.0005}","{""detection_events"":1611,""detectors_checked"":688128}"
      1024,         0,         0,   0.016,exact_mw,cb12ae119b9b2ba18d0216e7235b403229e92fd0743ede48fe7f1a2c6f45d594,"{""distance"":5,""physical_error_rate"":0.0005}","{""detection_events"":536,""detectors_checked"":229376}"
      6144,         0,         0,   0.169,exact_mw,cb12ae119b9b2ba18d0216e7235b403229e92fd0743ede48fe7f1a2c6f45d594,"{""distance"":5,""physical_error_rate"":0.0005}","{""detection_events"":2912,""detectors_checked"":1376256}"
     10240,         0,         0,   0.176,exact_mw,cb12ae119b9b2ba18d0216e7235b403229e92fd0743ede48fe7f1a2c6f45d594,"{""distance"":5,""physical_error_rate"":0.0005}","{""detection_events"":5052,""detectors_checked"":2293760}"
     14336,         0,         0,   0.292,exact_mw,cb12ae119b9b2ba18d0216e7235b403229e92fd0743ede48fe7f1a2c6f45d594,"{""distance"":5,""physical_error_rate"":0.0005}","{""detection_events"":7011,""detectors_checked"":3211264}"
      5120,         0,         0,   0.099,exact_mw,cb12ae119b9b2ba18d0216e7235b403229e92fd0743ede48fe7f1a2c6f45d594,"{""distance"":5,""physical_error_rate"":0.0005}","{""detection_events"":2541,""detectors_checked"":1146880}"
      2048,         0,         0,   0.055,exact_mw,cb12ae119b9b2ba18d0216e7235b403229e92fd0743ede48fe7f1a2c6f45d594,"{""distance"":5,""physical_error_rate"":0.0005}","{""detection_events"":1150,""detectors_checked"":458752}"
      1024,         0,         0,   0.025,exact_mw,cb12ae119b9b2ba18d0216e7235b403229e92fd0743ede48fe7f1a2c6f45d594,"{""distance"":5,""physical_error_rate"":0.0005}","{""detection_events"":501,""detectors_checked"":229376}"
     12288,         0,         0,   0.284,exact_mw,cb12ae119b9b2ba18d0216e7235b403229e92fd0743ede48fe7f1a2c6f45d594,"{""distance"":5,""physical_error_rate"":0.0005}","{""detection_events"":6091,""detectors_checked"":2752512}"
     13312,         0,         0,   0.278,exact_mw,cb12ae119b9b2ba18d0216e7235b403229e92fd0743ede48fe7f1a2c6f45d594,"{""distance"":5,""physical_error_rate"":0.0005}","{""detection_events"":6495,""detectors_checked"":2981888}"
      4096,         0,         0,   0.101,exact_mw,cb12ae119b9b2ba18d0216e7235b403229e92fd0743ede48fe7f1a2c6f45d594,"{""distance"":5,""physical_error_rate"":0.0005}","{""detection_events"":1889,""detectors_checked"":917504}"
      4096,         0,         0,   0.065,exact_mw,cb12ae119b9b2ba18d0216e7235b403229e92fd0743ede48fe7f1a2c6f45d594,"{""distance"":5,""physical_error_rate"":0.0005}","{""detection_events"":1984,""detectors_checked"":917504}"
      4096,         0,         0,   0.140,exact_mw,cb12ae119b9b2ba18d0216e7235b403229e92fd0743ede48fe7f1a2c6f45d594,"{""distance"":5,""physical_error_rate"":0.0005}","{""detection_events"":2179,""detectors_checked"":917504}"
     10240,         0,         0,   0.198,exact_mw,cb12ae119b9b2ba18d0216e7235b403229e92fd0743ede48fe7f1a2c6f45d594,"{""distance"":5,""physical_error_rate"":0.0005}","{""detection_events"":4913,""detectors_checked"":2293760}"
      2048,         0,         0,   0.048,exact_mw,cb12ae119b9b2ba18d0216e7235b403229e92fd0743ede48fe7f1a2c6f45d594,"{""distance"":5,""physical_error_rate"":0.0005}","{""detection_events"":1047,""detectors_checked"":458752}"
     13312,         0,         0,   0.309,exact_mw,cb12ae119b9b2ba18d0216e7235b403229e92fd0743ede48fe7f1a2c6f45d594,"{""distance"":5,""physical_error_rate"":0.0005}","{""detection_events"":6282,""detectors_checked"":2981888}"
     14336,         0,         0,   0.301,exact_mw,cb12ae119b9b2ba18d0216e7235b403229e92fd0743ede48fe7f1a2c6f45d594,"{""distance"":5,""physical_error_rate"":0.0005}","{""detection_events"":7312,""detectors_checked"":3211264}"
     14336,         0,         0,   0.268,exact_mw,cb12ae119b9b2ba18d0216e7235b403229e92fd0743ede48fe7f1a2c6f45d594,"{""distance"":5,""physical_error_rate"":0.0005}","{""detection_events"":7353,""detectors_checked"":3211264}"
      2048,         0,         0,   0.065,exact_mw,cb12ae119b9b2ba18d0216e7235b403229e92fd0743ede48fe7f1a2c6f45d594,"{""distance"":5,""physical_error_rate"":0.0005}","{""detection_events"":1047,""detectors_checked"":458752}"
      5120,         0,         0,   0.124,exact_mw,cb12ae119b9b2ba18d0216e7235b403229e92fd0743ede48fe7f1a2c6f45d594,"{""distance"":5,""physical_error_rate"":0.0005}","{""detection_events"":2506,""detectors_checked"":1146880}"
     10240,         0,         0,   0.274,exact_mw,cb12ae119b9b2ba18d0216e7235b403229e92fd0743ede48fe7f1a2c6f45d594,"{""distance"":5,""physical_error_rate"":0.0005}","{""detection_events"":5331,""detectors_checked"":2293760}"
      5120,         0,         0,   0.129,exact_mw,cb12ae119b9b2ba18d0216e7235b403229e92fd0743ede48fe7f1a2c6f45d594,"{""distance"":5,""physical_error_rate"":0.0005}","{""detection_events"":2444,""detectors_checked"":1146880}"
     14336,         0,         0,   0.292,exact_mw,cb12ae119b9b2ba18d0216e7235b403229e92fd0743ede48fe7f1a2c6f45d594,"{""distance"":5,""physical_error_rate"":0.0005}","{""detection_events"":7022,""detectors_checked"":3211264}"
      8192,         0,         0,   0.224,exact_mw,cb12ae119b9b2ba18d0216e7235b403229e92fd0743ede48fe7f1a2c6f45d594,"{""distance"":5,""physical_error_rate"":0.0005}","{""detection_events"":3871,""detectors_checked"":1835008}"
      9216,         0,         0,   0.201,exact_mw,cb12ae119b9b2ba18d0216e7235b403229e92fd0743ede48fe7f1a2c6f45d594,"{""distance"":5,""physical_error_rate"":0.0005}","{""detection_events"":4588,""detectors_checked"":2064384}"
      4096,         0,         0,   0.116,exact_mw,cb12ae119b9b2ba18d0216e7235b403229e92fd0743ede48fe7f1a2c6f45d594,"{""distance"":5,""physical_error_rate"":0.0005}","{""detection_events"":2051,""detectors_checked"":917504}"
     94208,         0,         0,    2.15,exact_mw,cb12ae119b9b2ba18d0216e7235b403229e92fd0743ede48fe7f1a2c6f45d594,"{""distance"":5,""physical_error_rate"":0.0005}","{""detection_events"":45806,""detectors_checked"":21102592}"
      5120,         0,         0,   0.120,exact_mw,cb12ae119b9b2ba18d0216e7235b403229e92fd0743ede48fe7f1a2c6f45d594,"{""distance"":5,""physical_error_rate"":0.0005}","{""detection_events"":2521,""detectors_checked"":1146880}"
      9216,         0,         0,   0.200,exact_mw,cb12ae119b9b2ba18d0216e7235b403229e92fd0743ede48fe7f1a2c6f45d594,"{""distance"":5,""physical_error_rate"":0.0005}","{""detection_events"":4677,""detectors_checked"":2064384}"
      2048,         0,         0,   0.050,exact_mw,cb12ae119b9b2ba18d0216e7235b403229e92fd0743ede48fe7f1a2c6f45d594,"{""distance"":5,""physical_error_rate"":0.0005}","{""detection_events"":907,""detectors_checked"":458752}"
     23552,         0,         0,   0.396,exact_mw,cb12ae119b9b2ba18d0216e7235b403229e92fd0743ede48fe7f1a2c6f45d594,"{""distance"":5,""physical_error_rate"":0.0005}","{""detection_events"":11927,""detectors_checked"":5275648}"
     12288,         0,         0,   0.276,exact_mw,cb12ae119b9b2ba18d0216e7235b403229e92fd0743ede48fe7f1a2c6f45d594,"{""distance"":5,""physical_error_rate"":0.0005}","{""detection_events"":6028,""detectors_checked"":2752512}"
     13312,         0,         0,   0.285,exact_mw,cb12ae119b9b2ba18d0216e7235b403229e92fd0743ede48fe7f1a2c6f45d594,"{""distance"":5,""physical_error_rate"":0.0005}","{""detection_events"":6472,""detectors_checked"":2981888}"
      6144,         0,         0,   0.128,exact_mw,cb12ae119b9b2ba18d0216e7235b403229e92fd0743ede48fe7f1a2c6f45d594,"{""distance"":5,""physical_error_rate"":0.0005}","{""detection_events"":3070,""detectors_checked"":1376256}"
      3072,         0,         0,   0.063,exact_mw,cb12ae119b9b2ba18d0216e7235b403229e92fd0743ede48fe7f1a2c6f45d594,"{""distance"":5,""physical_error_rate"":0.0005}","{""detection_events"":1498,""detectors_checked"":688128}"
     14336,         0,         0,   0.419,exact_mw,cb12ae119b9b2ba18d0216e7235b403229e92fd0743ede48fe7f1a2c6f45d594,"{""distance"":5,""physical_error_rate"":0.0005}","{""detection_events"":7223,""detectors_checked"":3211264}"
     31744,         0,         0,   0.573,exact_mw,cb12ae119b9b2ba18d0216e7235b403229e92fd0743ede48fe7f1a2c6f45d594,"{""distance"":5,""physical_error_rate"":0.0005}","{""detection_events"":15752,""detectors_checked"":7110656}"
     18432,         0,         0,   0.426,exact_mw,cb12ae119b9b2ba18d0216e7235b403229e92fd0743ede48fe7f1a2c6f45d594,"{""distance"":5,""physical_error_rate"":0.0005}","{""detection_events"":8843,""detectors_checked"":4128768}"
      4096,         0,         0,   0.093,exact_mw,cb12ae119b9b2ba18d0216e7235b403229e92fd0743ede48fe7f1a2c6f45d594,"{""distance"":5,""physical_error_rate"":0.0005}","{""detection_events"":2025,""detectors_checked"":917504}"
      2048,         0,         0,   0.068,exact_mw,cb12ae119b9b2ba18d0216e7235b403229e92fd0743ede48fe7f1a2c6f45d594,"{""distance"":5,""physical_error_rate"":0.0005}","{""detection_events"":1098,""detectors_checked"":458752}"
      7168,         0,         0,   0.147,exact_mw,cb12ae119b9b2ba18d0216e7235b403229e92fd0743ede48fe7f1a2c6f45d594,"{""distance"":5,""physical_error_rate"":0.0005}","{""detection_events"":3543,""detectors_checked"":1605632}"
     10240,         0,         0,   0.169,exact_mw,cb12ae119b9b2ba18d0216e7235b403229e92fd0743ede48fe7f1a2c6f45d594,"{""distance"":5,""physical_error_rate"":0.0005}","{""detection_events"":5064,""detectors_checked"":2293760}"
      8192,         0,         0,   0.210,exact_mw,cb12ae119b9b2ba18d0216e7235b403229e92fd0743ede48fe7f1a2c6f45d594,"{""distance"":5,""physical_error_rate"":0.0005}","{""detection_events"":4230,""detectors_checked"":1835008}"
     10240,         0,         0,   0.218,exact_mw,cb12ae119b9b2ba18d0216e7235b403229e92fd0743ede48fe7f1a2c6f45d594,"{""distance"":5,""physical_error_rate"":0.0005}","{""detection_events"":5225,""detectors_checked"":2293760}"
     13312,         0,         0,   0.364,exact_mw,cb12ae119b9b2ba18d0216e7235b403229e92fd0743ede48fe7f1a2c6f45d594,"{""distance"":5,""physical_error_rate"":0.0005}","{""detection_events"":6434,""detectors_checked"":2981888}"
      6144,         0,         0,   0.149,exact_mw,cb12ae119b9b2ba18d0216e7235b403229e92fd0743ede48fe7f1a2c6f45d594,"{""distance"":5,""physical_error_rate"":0.0005}","{""detection_events"":2859,""detectors_checked"":1376256}"
     19456,         0,         0,   0.406,exact_mw,cb12ae119b9b2ba18d0216e7235b403229e92fd0743ede48fe7f1a2c6f45d594,"{""distance"":5,""physical_error_rate"":0.0005}","{""detection_events"":9499,""detectors_checked"":4358144}"
      9216,         0,         0,   0.316,exact_mw,cb12ae119b9b2ba18d0216e7235b403229e92fd0743ede48fe7f1a2c6f45d594,"{""distance"":5,""physical_error_rate"":0.0005}","{""detection_events"":4630,""detectors_checked"":2064384}"
     15360,         0,         0,   0.305,exact_mw,cb12ae119b9b2ba18d0216e7235b403229e92fd0743ede48fe7f1a2c6f45d594,"{""distance"":5,""physical_error_rate"":0.0005}","{""detection_events"":7841,""detectors_checked"":3440640}"
     19456,         1,         0,   0.424,exact_mw,cb12ae119b9b2ba18d0216e7235b403229e92fd0743ede48fe7f1a2c6f45d594,"{""distance"":5,""physical_error_rate"":0.0005}","{""detection_events"":9279,""detectors_checked"":4358144,""obs_mistake_mask=E"":1}"
      6144,         0,         0,   0.148,exact_mw,cb12ae119b9b2ba18d0216e7235b403229e92fd0743ede48fe7f1a2c6f45d594,"{""distance"":5,""physical_error_rate"":0.0005}","{""detection_events"":3109,""detectors_checked"":1376256}"
     14336,         0,         0,   0.289,exact_mw,cb12ae119b9b2ba18d0216e7235b403229e92fd0743ede48fe7f1a2c6f45d594,"{""distance"":5,""physical_error_rate"":0.0005}","{""detection_events"":7151,""detectors_checked"":3211264}"
      6144,         0,         0,   0.150,exact_mw,cb12ae119b9b2ba18d0216e7235b403229e92fd0743ede48fe7f1a2c6f45d594,"{""distance"":5,""physical_error_rate"":0.0005}","{""detection_events"":3237,""detectors_checked"":1376256}"
     22528,         0,         0,   0.570,exact_mw,cb12ae119b9b2ba18d0216e7235b403229e92fd0743ede48fe7f1a2c6f45d594,"{""distance"":5,""physical_error_rate"":0.0005}","{""detection_events"":10995,""detectors_checked"":5046272}"
     16384,         0,         0,   0.285,exact_mw,cb12ae119b9b2ba18d0216e7235b403229e92fd0743ede48fe7f1a2c6f45d594,"{""distance"":5,""physical_error_rate"":0.0005}","{""detection_events"":7939,""detectors_checked"":3670016}"
      4096,         0,         0,   0.074,exact_mw,cb12ae119b9b2ba18d0216e7235b403229e92fd0743ede48fe7f1a2c6f45d594,"{""distance"":5,""physical_error_rate"":0.0005}","{""detection_events"":2084,""detectors_checked"":917504}"
     15360,         0,         0,   0.279,exact_mw,cb12ae119b9b2ba18d0216e7235b403229e92fd0743ede48fe7f1a2c6f45d594,"{""distance"":5,""physical_error_rate"":0.0005}","{""detection_events"":7280,""detectors_checked"":3440640}"
     23552,         0,         0,   0.387,exact_mw,cb12ae119b9b2ba18d0216e7235b403229e92fd0743ede48fe7f1a2c6f45d594,"{""distance"":5,""physical_error_rate"":0.0005}","{""detection_events"":11903,""detectors_checked"":5275648}"
     31744,         0,         0,   0.571,exact_mw,cb12ae119b9b2ba18d0216e7235b403229e92fd0743ede48fe7f1a2c6f45d594,"{""distance"":5,""physical_error_rate"":0.0005}","{""detection_events"":15947,""detectors_checked"":7110656}"
      4096,         0,         0,   0.095,exact_mw,cb12ae119b9b2ba18d0216e7235b403229e92fd0743ede48fe7f1a2c6f45d594,"{""distance"":5,""physical_error_rate"":0.0005}","{""detection_events"":1983,""detectors_checked"":917504}"
      7168,         0,         0,   0.175,exact_mw,cb12ae119b9b2ba18d0216e7235b403229e92fd0743ede48fe7f1a2c6f45d594,"{""distance"":5,""physical_error_rate"":0.0005}","{""detection_events"":3598,""detectors_checked"":1605632}"
     18432,         0,         0,   0.311,exact_mw,cb12ae119b9b2ba18d0216e7235b403229e92fd0743ede48fe7f1a2c6f45d594,"{""distance"":5,""physical_error_rate"":0.0005}","{""detection_events"":9051,""detectors_checked"":4128768}"
      6144,         0,         0,   0.113,exact_mw,cb12ae119b9b2ba18d0216e7235b403229e92fd0743ede48fe7f1a2c6f45d594,"{""distance"":5,""physical_error_rate"":0.0005}","{""detection_events"":2841,""detectors_checked"":1376256}"
      9216,         0,         0,   0.207,exact_mw,cb12ae119b9b2ba18d0216e7235b403229e92fd0743ede48fe7f1a2c6f45d594,"{""distance"":5,""physical_error_rate"":0.0005}","{""detection_events"":4333,""detectors_checked"":2064384}"
     20480,         0,         0,   0.418,exact_mw,cb12ae119b9b2ba18d0216e7235b403229e92fd0743ede48fe7f1a2c6f45d594,"{""distance"":5,""physical_error_rate"":0.0005}","{""detection_events"":10335,""detectors_checked"":4587520}"
     86016,         0,         0,    2.19,exact_mw,cb12ae119b9b2ba18d0216e7235b403229e92fd0743ede48fe7f1a2c6f45d594,"{""distance"":5,""physical_error_rate"":0.0005}","{""detection_events"":42378,""detectors_checked"":19267584}"
     32768,         0,         0,   0.584,exact_mw,cb12ae119b9b2ba18d0216e7235b403229e92fd0743ede48fe7f1a2c6f45d594,"{""distance"":5,""physical_error_rate"":0.0005}","{""detection_events"":16207,""detectors_checked"":7340032}"
         1,         0,         0,   0.000,exact_mw,cb12ae119b9b2ba18d0216e7235b403229e92fd0743ede48fe7f1a2c6f45d594,"{""distance"":5,""physical_error_rate"":0.0005}","{""detectors_checked"":224}"
     11264,         0,         0,   0.182,exact_mw,cb12ae119b9b2ba18d0216e7235b403229e92fd0743ede48fe7f1a2c6f45d594,"{""distance"":5,""physical_error_rate"":0.0005}","{""detection_events"":5805,""detectors_checked"":2523136}"
     27648,         0,         0,   0.406,exact_mw,cb12ae119b9b2ba18d0216e7235b403229e92fd0743ede48fe7f1a2c6f45d594,"{""distance"":5,""physical_error_rate"":0.0005}","{""detection_events"":13654,""detectors_checked"":6193152}"
     14336,         0,         0,   0.299,exact_mw,cb12ae119b9b2ba18d0216e7235b403229e92fd0743ede48fe7f1a2c6f45d594,"{""distance"":5,""physical_error_rate"":0.0005}","{""detection_events"":6789,""detectors_checked"":3211264}"
      1296,         0,         0,   0.018,exact_mw,cb12ae119b9b2ba18d0216e7235b403229e92fd0743ede48fe7f1a2c6f45d594,"{""distance"":5,""physical_error_rate"":0.0005}","{""detection_events"":692,""detectors_checked"":290304}"
     12288,         0,         0,   0.267,exact_mw,cb12ae119b9b2ba18d0216e7235b403229e92fd0743ede48fe7f1a2c6f45d594,"{""distance"":5,""physical_error_rate"":0.0005}","{""detection_events"":5806,""detectors_checked"":2752512}"
      4096,         0,         0,   0.115,exact_mw,cb12ae119b9b2ba18d0216e7235b403229e92fd0743ede48fe7f1a2c6f45d594,"{""distance"":5,""physical_error_rate"":0.0005}","{""detection_events"":2138,""detectors_checked"":917504}"
     17408,         0,         0,   0.409,exact_mw,cb12ae119b9b2ba18d0216e7235b403229e92fd0743ede48fe7f1a2c6f45d594,"{""distance"":5,""physical_error_rate"":0.0005}","{""detection_events"":8644,""detectors_checked"":3899392}"
      1024,         0,         0,   0.024,exact_mw,cb12ae119b9b2ba18d0216e7235b403229e92fd0743ede48fe7f1a2c6f45d594,"{""distance"":5,""physical_error_rate"":0.0005}","{""detection_events"":454,""detectors_checked"":229376}"
     19456,         0,         0,   0.595,exact_mw,cb12ae119b9b2ba18d0216e7235b403229e92fd0743ede48fe7f1a2c6f45d594,"{""distance"":5,""physical_error_rate"":0.0005}","{""detection_events"":9728,""detectors_checked"":4358144}"
     17408,         0,         0,   0.407,exact_mw,cb12ae119b9b2ba18d0216e7235b403229e92fd0743ede48fe7f1a2c6f45d594,"{""distance"":5,""physical_error_rate"":0.0005}","{""detection_events"":8353,""detectors_checked"":3899392}"
     14336,         0,         0,   0.300,exact_mw,cb12ae119b9b2ba18d0216e7235b403229e92fd0743ede48fe7f1a2c6f45d594,"{""distance"":5,""physical_error_rate"":0.0005}","{""detection_events"":6901,""detectors_checked"":3211264}"
     11264,         0,         0,   0.196,exact_mw,cb12ae119b9b2ba18d0216e7235b403229e92fd0743ede48fe7f1a2c6f45d594,"{""distance"":5,""physical_error_rate"":0.0005}","{""detection_events"":5655,""detectors_checked"":2523136}"
     14336,         0,         0,   0.296,exact_mw,cb12ae119b9b2ba18d0216e7235b403229e92fd0743ede48fe7f1a2c6f45d594,"{""distance"":5,""physical_error_rate"":0.0005}","{""detection_events"":7128,""detectors_checked"":3211264}"
     32768,         0,         0,   0.556,exact_mw,cb12ae119b9b2ba18d0216e7235b403229e92fd0743ede48fe7f1a2c6f45d594,"{""distance"":5,""physical_error_rate"":0.0005}","{""detection_events"":16514,""detectors_checked"":7340032}"
      8192,         0,         0,   0.196,exact_mw,cb12ae119b9b2ba18d0216e7235b403229e92fd0743ede48fe7f1a2c6f45d594,"{""distance"":5,""physical_error_rate"":0.0005}","{""detection_events"":4038,""detectors_checked"":1835008}"
     16384,         0,         0,   0.390,exact_mw,cb12ae119b9b2ba18d0216e7235b403229e92fd0743ede48fe7f1a2c6f45d594,"{""distance"":5,""physical_error_rate"":0.0005}","{""detection_events"":7872,""detectors_checked"":3670016}"
      9216,         0,         0,   0.215,exact_mw,cb12ae119b9b2ba18d0216e7235b403229e92fd0743ede48fe7f1a2c6f45d594,"{""distance"":5,""physical_error_rate"":0.0005}","{""detection_events"":4501,""detectors_checked"":2064384}"
     18432,         0,         0,   0.407,exact_mw,cb12ae119b9b2ba18d0216e7235b403229e92fd0743ede48fe7f1a2c6f45d594,"{""distance"":5,""physical_error_rate"":0.0005}","{""detection_events"":9249,""detectors_checked"":4128768}"
      2048,         0,         0,   0.050,exact_mw,cb12ae119b9b2ba18d0216e7235b403229e92fd0743ede48fe7f1a2c6f45d594,"{""distance"":5,""physical_error_rate"":0.0005}","{""detection_events"":1062,""detectors_checked"":458752}"
     18432,         0,         0,   0.425,exact_mw,cb12ae119b9b2ba18d0216e7235b403229e92fd0743ede48fe7f1a2c6f45d594,"{""distance"":5,""physical_error_rate"":0.0005}","{""detection_events"":9149,""detectors_checked"":4128768}"
     33792,         0,         0,   0.556,exact_mw,cb12ae119b9b2ba18d0216e7235b403229e92fd0743ede48fe7f1a2c6f45d594,"{""distance"":5,""physical_error_rate"":0.0005}","{""detection_events"":16701,""detectors_checked"":7569408}"
      6144,         0,         0,   0.208,exact_mw,cb12ae119b9b2ba18d0216e7235b403229e92fd0743ede48fe7f1a2c6f45d594,"{""distance"":5,""physical_error_rate"":0.0005}","{""detection_events"":3062,""detectors_checked"":1376256}"
      7168,         0,         0,   0.180,exact_mw,cb12ae119b9b2ba18d0216e7235b403229e92fd0743ede48fe7f1a2c6f45d594,"{""distance"":5,""physical_error_rate"":0.0005}","{""detection_events"":3565,""detectors_checked"":1605632}"
      8192,         0,         0,   0.220,exact_mw,cb12ae119b9b2ba18d0216e7235b403229e92fd0743ede48fe7f1a2c6f45d594,"{""distance"":5,""physical_error_rate"":0.0005}","{""detection_events"":4109,""detectors_checked"":1835008}"
    140288,         0,         0,    2.14,exact_mw,cb12ae119b9b2ba18d0216e7235b403229e92fd0743ede48fe7f1a2c6f45d594,"{""distance"":5,""physical_error_rate"":0.0005}","{""detection_events"":68217,""detectors_checked"":31424512}"
     16384,         0,         0,   0.388,exact_mw,cb12ae119b9b2ba18d0216e7235b403229e92fd0743ede48fe7f1a2c6f45d594,"{""distance"":5,""physical_error_rate"":0.0005}","{""detection_events"":8063,""detectors_checked"":3670016}"
      4096,         0,         0,   0.044,exact_mw,cb12ae119b9b2ba18d0216e7235b403229e92fd0743ede48fe7f1a2c6f45d594,"{""distance"":5,""physical_error_rate"":0.0005}","{""detection_events"":1991,""detectors_checked"":917504}"
     29696,         0,         0,   0.569,exact_mw,cb12ae119b9b2ba18d0216e7235b403229e92fd0743ede48fe7f1a2c6f45d594,"{""distance"":5,""physical_error_rate"":0.0005}","{""detection_events"":14258,""detectors_checked"":6651904}"
     22528,         0,         0,   0.419,exact_mw,cb12ae119b9b2ba18d0216e7235b403229e92fd0743ede48fe7f1a2c6f45d594,"{""distance"":5,""physical_error_rate"":0.0005}","{""detection_events"":11059,""detectors_checked"":5046272}"
      8192,         0,         0,   0.213,exact_mw,cb12ae119b9b2ba18d0216e7235b403229e92fd0743ede48fe7f1a2c6f45d594,"{""distance"":5,""physical_error_rate"":0.0005}","{""detection_events"":3950,""detectors_checked"":1835008}"
      8192,         0,         0,   0.190,exact_mw,cb12ae119b9b2ba18d0216e7235b403229e92fd0743ede48fe7f1a2c6f45d594,"{""distance"":5,""physical_error_rate"":0.0005}","{""detection_events"":3875,""detectors_checked"":1835008}"
     35840,         0,         0,   0.804,exact_mw,cb12ae119b9b2ba18d0216e7235b403229e92fd0743ede48fe7f1a2c6f45d594,"{""distance"":5,""physical_error_rate"":0.0005}","{""detection_events"":17480,""detectors_checked"":8028160}"
     18432,         0,         0,   0.409,exact_mw,cb12ae119b9b2ba18d0216e7235b403229e92fd0743ede48fe7f1a2c6f45d594,"{""distance"":5,""physical_error_rate"":0.0005}","{""detection_events"":9142,""detectors_checked"":4128768}"
     23552,         0,         0,   0.576,exact_mw,cb12ae119b9b2ba18d0216e7235b403229e92fd0743ede48fe7f1a2c6f45d594,"{""distance"":5,""physical_error_rate"":0.0005}","{""detection_events"":11579,""detectors_checked"":5275648}"
     18432,         0,         0,   0.303,exact_mw,cb12ae119b9b2ba18d0216e7235b403229e92fd0743ede48fe7f1a2c6f45d594,"{""distance"":5,""physical_error_rate"":0.0005}","{""detection_events"":8778,""detectors_checked"":4128768}"
     11264,         1,         0,   0.304,exact_mw,cb12ae119b9b2ba18d0216e7235b403229e92fd0743ede48fe7f1a2c6f45d594,"{""distance"":5,""physical_error_rate"":0.0005}","{""detection_events"":5658,""detectors_checked"":2523136,""obs_mistake_mask=E"":1}"
     28672,         0,         0,   0.587,exact_mw,cb12ae119b9b2ba18d0216e7235b403229e92fd0743ede48fe7f1a2c6f45d594,"{""distance"":5,""physical_error_rate"":0.0005}","{""detection_events"":13931,""detectors_checked"":6422528}"
     19456,         0,         0,   0.428,exact_mw,cb12ae119b9b2ba18d0216e7235b403229e92fd0743ede48fe7f1a2c6f45d594,"{""distance"":5,""physical_error_rate"":0.0005}","{""detection_events"":9656,""detectors_checked"":4358144}"
     26624,         0,         0,   0.570,exact_mw,cb12ae119b9b2ba18d0216e7235b403229e92fd0743ede48fe7f1a2c6f45d594,"{""distance"":5,""physical_error_rate"":0.0005}","{""detection_events"":12985,""detectors_checked"":5963776}"
      6144,         0,         0,   0.149,exact_mw,cb12ae119b9b2ba18d0216e7235b403229e92fd0743ede48fe7f1a2c6f45d594,"{""distance"":5,""physical_error_rate"":0.0005}","{""detection_events"":3164,""detectors_checked"":1376256}"
      3072,         0,         0,   0.046,exact_mw,cb12ae119b9b2ba18d0216e7235b403229e92fd0743ede48fe7f1a2c6f45d594,"{""distance"":5,""physical_error_rate"":0.0005}","{""detection_events"":1514,""detectors_checked"":688128}"
     44032,         0,         0,   0.776,exact_mw,cb12ae119b9b2ba18d0216e7235b403229e92fd0743ede48fe7f1a2c6f45d594,"{""distance"":5,""physical_error_rate"":0.0005}","{""detection_events"":21814,""detectors_checked"":9863168}"
     18432,         0,         0,   0.397,exact_mw,cb12ae119b9b2ba18d0216e7235b403229e92fd0743ede48fe7f1a2c6f45d594,"{""distance"":5,""physical_error_rate"":0.0005}","{""detection_events"":9511,""detectors_checked"":4128768}"
     16384,         0,         0,   0.394,exact_mw,cb12ae119b9b2ba18d0216e7235b403229e92fd0743ede48fe7f1a2c6f45d594,"{""distance"":5,""physical_error_rate"":0.0005}","{""detection_events"":8085,""detectors_checked"":3670016}"
     18432,         0,         0,   0.424,exact_mw,cb12ae119b9b2ba18d0216e7235b403229e92fd0743ede48fe7f1a2c6f45d594,"{""distance"":5,""physical_error_rate"":0.0005}","{""detection_events"":8777,""detectors_checked"":4128768}"
     14336,         0,         0,   0.308,exact_mw,cb12ae119b9b2ba18d0216e7235b403229e92fd0743ede48fe7f1a2c6f45d594,"{""distance"":5,""physical_error_rate"":0.0005}","{""detection_events"":6985,""detectors_checked"":3211264}"
     35840,         0,         0,   0.888,exact_mw,cb12ae119b9b2ba18d0216e7235b403229e92fd0743ede48fe7f1a2c6f45d594,"{""distance"":5,""physical_error_rate"":0.0005}","{""detection_events"":17434,""detectors_checked"":8028160}"
     22528,         0,         0,   0.407,exact_mw,cb12ae119b9b2ba18d0216e7235b403229e92fd0743ede48fe7f1a2c6f45d594,"{""distance"":5,""physical_error_rate"":0.0005}","{""detection_events"":11385,""detectors_checked"":5046272}"
      4096,         0,         0,   0.077,exact_mw,cb12ae119b9b2ba18d0216e7235b403229e92fd0743ede48fe7f1a2c6f45d594,"{""distance"":5,""physical_error_rate"":0.0005}","{""detection_events"":2167,""detectors_checked"":917504}"
     16384,         0,         0,   0.419,exact_mw,cb12ae119b9b2ba18d0216e7235b403229e92fd0743ede48fe7f1a2c6f45d594,"{""distance"":5,""physical_error_rate"":0.0005}","{""detection_events"":7964,""detectors_checked"":3670016}"
     64512,         0,         0,   0.769,exact_mw,cb12ae119b9b2ba18d0216e7235b403229e92fd0743ede48fe7f1a2c6f45d594,"{""distance"":5,""physical_error_rate"":0.0005}","{""detection_events"":31901,""detectors_checked"":14450688}"
     11264,         0,         0,   0.295,exact_mw,cb12ae119b9b2ba18d0216e7235b403229e92fd0743ede48fe7f1a2c6f45d594,"{""distance"":5,""physical_error_rate"":0.0005}","{""detection_events"":5538,""detectors_checked"":2523136}"
     21504,         0,         0,   0.405,exact_mw,cb12ae119b9b2ba18d0216e7235b403229e92fd0743ede48fe7f1a2c6f45d594,"{""distance"":5,""physical_error_rate"":0.0005}","{""detection_events"":10511,""detectors_checked"":4816896}"
    132096,         0,         0,    3.03,exact_mw,cb12ae119b9b2ba18d0216e7235b403229e92fd0743ede48fe7f1a2c6f45d594,"{""distance"":5,""physical_error_rate"":0.0005}","{""detection_events"":65380,""detectors_checked"":29589504}"
      9216,         0,         0,   0.207,exact_mw,cb12ae119b9b2ba18d0216e7235b403229e92fd0743ede48fe7f1a2c6f45d594,"{""distance"":5,""physical_error_rate"":0.0005}","{""detection_events"":4447,""detectors_checked"":2064384}"
     25600,         0,         0,   0.411,exact_mw,cb12ae119b9b2ba18d0216e7235b403229e92fd0743ede48fe7f1a2c6f45d594,"{""distance"":5,""physical_error_rate"":0.0005}","{""detection_events"":12738,""detectors_checked"":5734400}"
     53248,         0,         0,   0.774,exact_mw,cb12ae119b9b2ba18d0216e7235b403229e92fd0743ede48fe7f1a2c6f45d594,"{""distance"":5,""physical_error_rate"":0.0005}","{""detection_events"":27006,""detectors_checked"":11927552}"
     13312,         0,         0,   0.284,exact_mw,cb12ae119b9b2ba18d0216e7235b403229e92fd0743ede48fe7f1a2c6f45d594,"{""distance"":5,""physical_error_rate"":0.0005}","{""detection_events"":6675,""detectors_checked"":2981888}"
     23552,         0,         0,   0.412,exact_mw,cb12ae119b9b2ba18d0216e7235b403229e92fd0743ede48fe7f1a2c6f45d594,"{""distance"":5,""physical_error_rate"":0.0005}","{""detection_events"":11610,""detectors_checked"":5275648}"
     19456,         0,         0,   0.399,exact_mw,cb12ae119b9b2ba18d0216e7235b403229e92fd0743ede48fe7f1a2c6f45d594,"{""distance"":5,""physical_error_rate"":0.0005}","{""detection_events"":9441,""detectors_checked"":4358144}"
      9216,         0,         0,   0.308,exact_mw,cb12ae119b9b2ba18d0216e7235b403229e92fd0743ede48fe7f1a2c6f45d594,"{""distance"":5,""physical_error_rate"":0.0005}","{""detection_events"":4801,""detectors_checked"":2064384}"
     11264,         0,         0,   0.307,exact_mw,cb12ae119b9b2ba18d0216e7235b403229e92fd0743ede48fe7f1a2c6f45d594,"{""distance"":5,""physical_error_rate"":0.0005}","{""detection_events"":5792,""detectors_checked"":2523136}"
     43008,         0,         0,   0.579,exact_mw,cb12ae119b9b2ba18d0216e7235b403229e92fd0743ede48fe7f1a2c6f45d594,"{""distance"":5,""physical_error_rate"":0.0005}","{""detection_events"":21224,""detectors_checked"":9633792}"
         1,         0,         0,   0.025,exact_mw,cb12ae119b9b2ba18d0216e7235b403229e92fd0743ede48fe7f1a2c6f45d594,"{""distance"":5,""physical_error_rate"":0.0005}","{""detectors_checked"":224}"
        16,         0,         0,   0.000,exact_mw,cb12ae119b9b2ba18d0216e7235b403229e92fd0743ede48fe7f1a2c6f45d594,"{""distance"":5,""physical_error_rate"":0.0005}","{""detection_events"":4,""detectors_checked"":3584}"
     22528,         0,         0,   0.574,exact_mw,cb12ae119b9b2ba18d0216e7235b403229e92fd0743ede48fe7f1a2c6f45d594,"{""distance"":5,""physical_error_rate"":0.0005}","{""detection_events"":11316,""detectors_checked"":5046272}"
      5120,         0,         0,   0.123,exact_mw,cb12ae119b9b2ba18d0216e7235b403229e92fd0743ede48fe7f1a2c6f45d594,"{""distance"":5,""physical_error_rate"":0.0005}","{""detection_events"":2496,""detectors_checked"":1146880}"
      8192,         0,         0,   0.202,exact_mw,cb12ae119b9b2ba18d0216e7235b403229e92fd0743ede48fe7f1a2c6f45d594,"{""distance"":5,""physical_error_rate"":0.0005}","{""detection_events"":4126,""detectors_checked"":1835008}"
     10240,         0,         0,   0.306,exact_mw,cb12ae119b9b2ba18d0216e7235b403229e92fd0743ede48fe7f1a2c6f45d594,"{""distance"":5,""physical_error_rate"":0.0005}","{""detection_events"":5022,""detectors_checked"":2293760}"
     19456,         0,         0,   0.406,exact_mw,cb12ae119b9b2ba18d0216e7235b403229e92fd0743ede48fe7f1a2c6f45d594,"{""distance"":5,""physical_error_rate"":0.0005}","{""detection_events"":9504,""detectors_checked"":4358144}"
     20480,         0,         0,   0.572,exact_mw,cb12ae119b9b2ba18d0216e7235b403229e92fd0743ede48fe7f1a2c6f45d594,"{""distance"":5,""physical_error_rate"":0.0005}","{""detection_events"":10245,""detectors_checked"":4587520}"
      2304,         0,         0,   0.015,exact_mw,cb12ae119b9b2ba18d0216e7235b403229e92fd0743ede48fe7f1a2c6f45d594,"{""distance"":5,""physical_error_rate"":0.0005}","{""detection_events"":1141,""detectors_checked"":516096}"
         1,         0,         0,   0.000,exact_mw,cb12ae119b9b2ba18d0216e7235b403229e92fd0743ede48fe7f1a2c6f45d594,"{""distance"":5,""physical_error_rate"":0.0005}","{""detectors_checked"":224}"
     26624,         0,         0,   0.570,exact_mw,cb12ae119b9b2ba18d0216e7235b403229e92fd0743ede48fe7f1a2c6f45d594,"{""distance"":5,""physical_error_rate"":0.0005}","{""detection_events"":13277,""detectors_checked"":5963776}"
     10240,         0,         0,   0.310,exact_mw,cb12ae119b9b2ba18d0216e7235b403229e92fd0743ede48fe7f1a2c6f45d594,"{""distance"":5,""physical_error_rate"":0.0005}","{""detection_events"":5142,""detectors_checked"":2293760}"
     10240,         0,         0,   0.408,exact_mw,cb12ae119b9b2ba18d0216e7235b403229e92fd0743ede48fe7f1a2c6f45d594,"{""distance"":5,""physical_error_rate"":0.0005}","{""detection_events"":4839,""detectors_checked"":2293760}"
     24576,         0,         0,   0.585,exact_mw,cb12ae119b9b2ba18d0216e7235b403229e92fd0743ede48fe7f1a2c6f45d594,"{""distance"":5,""physical_error_rate"":0.0005}","{""detection_events"":12165,""detectors_checked"":5505024}"
     10240,         0,         0,   0.299,exact_mw,cb12ae119b9b2ba18d0216e7235b403229e92fd0743ede48fe7f1a2c6f45d594,"{""distance"":5,""physical_error_rate"":0.0005}","{""detection_events"":4923,""detectors_checked"":2293760}"
     21504,         0,         0,   0.549,exact_mw,cb12ae119b9b2ba18d0216e7235b403229e92fd0743ede48fe7f1a2c6f45d594,"{""distance"":5,""physical_error_rate"":0.0005}","{""detection_events"":10825,""detectors_checked"":4816896}"
     19456,         0,         0,   0.410,exact_mw,cb12ae119b9b2ba18d0216e7235b403229e92fd0743ede48fe7f1a2c6f45d594,"{""distance"":5,""physical_error_rate"":0.0005}","{""detection_events"":9419,""detectors_checked"":4358144}"
     33792,         0,         0,   0.409,exact_mw,cb12ae119b9b2ba18d0216e7235b403229e92fd0743ede48fe7f1a2c6f45d594,"{""distance"":5,""physical_error_rate"":0.0005}","{""detection_events"":16698,""detectors_checked"":7569408}"
      1024,         0,         0,   0.004,exact_mw,cb12ae119b9b2ba18d0216e7235b403229e92fd0743ede48fe7f1a2c6f45d594,"{""distance"":5,""physical_error_rate"":0.0005}","{""detection_events"":486,""detectors_checked"":229376}"
      9216,         0,         0,   0.282,exact_mw,cb12ae119b9b2ba18d0216e7235b403229e92fd0743ede48fe7f1a2c6f45d594,"{""distance"":5,""physical_error_rate"":0.0005}","{""detection_events"":4442,""detectors_checked"":2064384}"
     29696,         0,         0,   0.580,exact_mw,cb12ae119b9b2ba18d0216e7235b403229e92fd0743ede48fe7f1a2c6f45d594,"{""distance"":5,""physical_error_rate"":0.0005}","{""detection_events"":14597,""detectors_checked"":6651904}"
      3344,         0,         0,   0.047,exact_mw,cb12ae119b9b2ba18d0216e7235b403229e92fd0743ede48fe7f1a2c6f45d594,"{""distance"":5,""physical_error_rate"":0.0005}","{""detection_events"":1636,""detectors_checked"":749056}"
    131072,         0,         0,    3.06,exact_mw,cb12ae119b9b2ba18d0216e7235b403229e92fd0743ede48fe7f1a2c6f45d594,"{""distance"":5,""physical_error_rate"":0.0005}","{""detection_events"":65064,""detectors_checked"":29360128}"
      3072,         0,         0,   0.038,exact_mw,cb12ae119b9b2ba18d0216e7235b403229e92fd0743ede48fe7f1a2c6f45d594,"{""distance"":5,""physical_error_rate"":0.0005}","{""detection_events"":1520,""detectors_checked"":688128}"
     24576,         0,         0,   0.549,exact_mw,cb12ae119b9b2ba18d0216e7235b403229e92fd0743ede48fe7f1a2c6f45d594,"{""distance"":5,""physical_error_rate"":0.0005}","{""detection_events"":12229,""detectors_checked"":5505024}"
      2048,         0,         0,   0.032,exact_mw,cb12ae119b9b2ba18d0216e7235b403229e92fd0743ede48fe7f1a2c6f45d594,"{""distance"":5,""physical_error_rate"":0.0005}","{""detection_events"":988,""detectors_checked"":458752}"
      7168,         0,         0,   0.137,exact_mw,cb12ae119b9b2ba18d0216e7235b403229e92fd0743ede48fe7f1a2c6f45d594,"{""distance"":5,""physical_error_rate"":0.0005}","{""detection_events"":3674,""detectors_checked"":1605632}"
     37888,         0,         0,   0.562,exact_mw,cb12ae119b9b2ba18d0216e7235b403229e92fd0743ede48fe7f1a2c6f45d594,"{""distance"":5,""physical_error_rate"":0.0005}","{""detection_events"":18269,""detectors_checked"":8486912}"
      1024,         0,         0,   0.028,exact_mw,cb12ae119b9b2ba18d0216e7235b403229e92fd0743ede48fe7f1a2c6f45d594,"{""distance"":5,""physical_error_rate"":0.0005}","{""detection_events"":445,""detectors_checked"":229376}"
     21504,         0,         0,   0.402,exact_mw,cb12ae119b9b2ba18d0216e7235b403229e92fd0743ede48fe7f1a2c6f45d594,"{""distance"":5,""physical_error_rate"":0.0005}","{""detection_events"":10881,""detectors_checked"":4816896}"
      3072,         0,         0,   0.060,exact_mw,cb12ae119b9b2ba18d0216e7235b403229e92fd0743ede48fe7f1a2c6f45d594,"{""distance"":5,""physical_error_rate"":0.0005}","{""detection_events"":1547,""detectors_checked"":688128}"
     15360,         0,         0,   0.422,exact_mw,cb12ae119b9b2ba18d0216e7235b403229e92fd0743ede48fe7f1a2c6f45d594,"{""distance"":5,""physical_error_rate"":0.0005}","{""detection_events"":7479,""detectors_checked"":3440640}"
     22528,         0,         0,   0.589,exact_mw,cb12ae119b9b2ba18d0216e7235b403229e92fd0743ede48fe7f1a2c6f45d594,"{""distance"":5,""physical_error_rate"":0.0005}","{""detection_events"":11135,""detectors_checked"":5046272}"
     80896,         0,         0,    1.08,exact_mw,cb12ae119b9b2ba18d0216e7235b403229e92fd0743ede48fe7f1a2c6f45d594,"{""distance"":5,""physical_error_rate"":0.0005}","{""detection_events"":40399,""detectors_checked"":18120704}"
     23552,         0,         0,   0.559,exact_mw,cb12ae119b9b2ba18d0216e7235b403229e92fd0743ede48fe7f1a2c6f45d594,"{""distance"":5,""physical_error_rate"":0.0005}","{""detection_events"":11566,""detectors_checked"":5275648}"
     15360,         0,         0,   0.304,exact_mw,cb12ae119b9b2ba18d0216e7235b403229e92fd0743ede48fe7f1a2c6f45d594,"{""distance"":5,""physical_error_rate"":0.0005}","{""detection_events"":7439,""detectors_checked"":3440640}"
     35840,         0,         0,   0.539,exact_mw,cb12ae119b9b2ba18d0216e7235b403229e92fd0743ede48fe7f1a2c6f45d594,"{""distance"":5,""physical_error_rate"":0.0005}","{""detection_events"":17673,""detectors_checked"":8028160}"
     34816,         0,         0,   0.810,exact_mw,cb12ae119b9b2ba18d0216e7235b403229e92fd0743ede48fe7f1a2c6f45d594,"{""distance"":5,""physical_error_rate"":0.0005}","{""detection_events"":17137,""detectors_checked"":7798784}"
     26624,         0,         0,   0.565,exact_mw,cb12ae119b9b2ba18d0216e7235b403229e92fd0743ede48fe7f1a2c6f45d594,"{""distance"":5,""physical_error_rate"":0.0005}","{""detection_events"":12943,""detectors_checked"":5963776}"
     22528,         0,         0,   0.587,exact_mw,cb12ae119b9b2ba18d0216e7235b403229e92fd0743ede48fe7f1a2c6f45d594,"{""distance"":5,""physical_error_rate"":0.0005}","{""detection_events"":11505,""detectors_checked"":5046272}"
      3072,         0,         0,   0.060,exact_mw,cb12ae119b9b2ba18d0216e7235b403229e92fd0743ede48fe7f1a2c6f45d594,"{""distance"":5,""physical_error_rate"":0.0005}","{""detection_events"":1529,""detectors_checked"":688128}"
    164864,         0,         0,    3.02,exact_mw,cb12ae119b9b2ba18d0216e7235b403229e92fd0743ede48fe7f1a2c6f45d594,"{""distance"":5,""physical_error_rate"":0.0005}","{""detection_events"":81212,""detectors_checked"":36929536}"
     18432,         0,         0,   0.394,exact_mw,cb12ae119b9b2ba18d0216e7235b403229e92fd0743ede48fe7f1a2c6f45d594,"{""distance"":5,""physical_error_rate"":0.0005}","{""detection_events"":9068,""detectors_checked"":4128768}"
      4096,         0,         0,   0.099,exact_mw,cb12ae119b9b2ba18d0216e7235b403229e92fd0743ede48fe7f1a2c6f45d594,"{""distance"":5,""physical_error_rate"":0.0005}","{""detection_events"":1978,""detectors_checked"":917504}"
     13312,         0,         0,   0.289,exact_mw,cb12ae119b9b2ba18d0216e7235b403229e92fd0743ede48fe7f1a2c6f45d594,"{""distance"":5,""physical_error_rate"":0.0005}","{""detection_events"":6375,""detectors_checked"":2981888}"
      3072,         0,         0,   0.054,exact_mw,cb12ae119b9b2ba18d0216e7235b403229e92fd0743ede48fe7f1a2c6f45d594,"{""distance"":5,""physical_error_rate"":0.0005}","{""detection_events"":1418,""detectors_checked"":688128}"
     39936,         0,         0,   0.589,exact_mw,cb12ae119b9b2ba18d0216e7235b403229e92fd0743ede48fe7f1a2c6f45d594,"{""distance"":5,""physical_error_rate"":0.0005}","{""detection_events"":19450,""detectors_checked"":8945664}"
     24576,         0,         0,   0.564,exact_mw,cb12ae119b9b2ba18d0216e7235b403229e92fd0743ede48fe7f1a2c6f45d594,"{""distance"":5,""physical_error_rate"":0.0005}","{""detection_events"":11896,""detectors_checked"":5505024}"
     33792,         0,         0,   0.817,exact_mw,cb12ae119b9b2ba18d0216e7235b403229e92fd0743ede48fe7f1a2c6f45d594,"{""distance"":5,""physical_error_rate"":0.0005}","{""detection_events"":16458,""detectors_checked"":7569408}"
     52224,         0,         0,   0.809,exact_mw,cb12ae119b9b2ba18d0216e7235b403229e92fd0743ede48fe7f1a2c6f45d594,"{""distance"":5,""physical_error_rate"":0.0005}","{""detection_events"":25700,""detectors_checked"":11698176}"
     17408,         0,         0,   0.444,exact_mw,cb12ae119b9b2ba18d0216e7235b403229e92fd0743ede48fe7f1a2c6f45d594,"{""distance"":5,""physical_error_rate"":0.0005}","{""detection_events"":8656,""detectors_checked"":3899392}"
     30720,         0,         0,   0.572,exact_mw,cb12ae119b9b2ba18d0216e7235b403229e92fd0743ede48fe7f1a2c6f45d594,"{""distance"":5,""physical_error_rate"":0.0005}","{""detection_events"":14904,""detectors_checked"":6881280}"
     22528,         0,         0,   0.538,exact_mw,cb12ae119b9b2ba18d0216e7235b403229e92fd0743ede48fe7f1a2c6f45d594,"{""distance"":5,""physical_error_rate"":0.0005}","{""detection_events"":11458,""detectors_checked"":5046272}"
     24576,         0,         0,   0.571,exact_mw,cb12ae119b9b2ba18d0216e7235b403229e92fd0743ede48fe7f1a2c6f45d594,"{""distance"":5,""physical_error_rate"":0.0005}","{""detection_events"":12128,""detectors_checked"":5505024}"
      8192,         0,         0,   0.208,exact_mw,cb12ae119b9b2ba18d0216e7235b403229e92fd0743ede48fe7f1a2c6f45d594,"{""distance"":5,""physical_error_rate"":0.0005}","{""detection_events"":3919,""detectors_checked"":1835008}"
     27648,         0,         0,   0.557,exact_mw,cb12ae119b9b2ba18d0216e7235b403229e92fd0743ede48fe7f1a2c6f45d594,"{""distance"":5,""physical_error_rate"":0.0005}","{""detection_events"":13675,""detectors_checked"":6193152}"
     16384,         0,         0,   0.404,exact_mw,cb12ae119b9b2ba18d0216e7235b403229e92fd0743ede48fe7f1a2c6f45d594,"{""distance"":5,""physical_error_rate"":0.0005}","{""detection_events"":8083,""detectors_checked"":3670016}"
     21504,         0,         0,   0.395,exact_mw,cb12ae119b9b2ba18d0216e7235b403229e92fd0743ede48fe7f1a2c6f45d594,"{""distance"":5,""physical_error_rate"":0.0005}","{""detection_events"":10772,""detectors_checked"":4816896}"
     36864,         0,         0,   0.805,exact_mw,cb12ae119b9b2ba18d0216e7235b403229e92fd0743ede48fe7f1a2c6f45d594,"{""distance"":5,""physical_error_rate"":0.0005}","{""detection_events"":18164,""detectors_checked"":8257536}"
      4096,         0,         0,   0.092,exact_mw,cb12ae119b9b2ba18d0216e7235b403229e92fd0743ede48fe7f1a2c6f45d594,"{""distance"":5,""physical_error_rate"":0.0005}","{""detection_events"":1994,""detectors_checked"":917504}"
     17408,         0,         0,   0.435,exact_mw,cb12ae119b9b2ba18d0216e7235b403229e92fd0743ede48fe7f1a2c6f45d594,"{""distance"":5,""physical_error_rate"":0.0005}","{""detection_events"":8652,""detectors_checked"":3899392}"
      4096,         0,         0,   0.090,exact_mw,cb12ae119b9b2ba18d0216e7235b403229e92fd0743ede48fe7f1a2c6f45d594,"{""distance"":5,""physical_error_rate"":0.0005}","{""detection_events"":2027,""detectors_checked"":917504}"
     13312,         0,         0,   0.592,exact_mw,cb12ae119b9b2ba18d0216e7235b403229e92fd0743ede48fe7f1a2c6f45d594,"{""distance"":5,""physical_error_rate"":0.0005}","{""detection_events"":6407,""detectors_checked"":2981888}"
     18432,         0,         0,   0.412,exact_mw,cb12ae119b9b2ba18d0216e7235b403229e92fd0743ede48fe7f1a2c6f45d594,"{""distance"":5,""physical_error_rate"":0.0005}","{""detection_events"":8972,""detectors_checked"":4128768}"
     37888,         0,         0,   0.805,exact_mw,cb12ae119b9b2ba18d0216e7235b403229e92fd0743ede48fe7f1a2c6f45d594,"{""distance"":5,""physical_error_rate"":0.0005}","{""detection_events"":18460,""detectors_checked"":8486912}"
     27648,         0,         0,   0.573,exact_mw,cb12ae119b9b2ba18d0216e7235b403229e92fd0743ede48fe7f1a2c6f45d594,"{""distance"":5,""physical_error_rate"":0.0005}","{""detection_events"":13596,""detectors_checked"":6193152}"
     24576,         0,         0,   0.569,exact_mw,cb12ae119b9b2ba18d0216e7235b403229e92fd0743ede48fe7f1a2c6f45d594,"{""distance"":5,""physical_error_rate"":0.0005}","{""detection_events"":12094,""detectors_checked"":5505024}"
     18432,         0,         0,   0.400,exact_mw,cb12ae119b9b2ba18d0216e7235b403229e92fd0743ede48fe7f1a2c6f45d594,"{""distance"":5,""physical_error_rate"":0.0005}","{""detection_events"":8916,""detectors_checked"":4128768}"
     34816,         0,         0,   0.387,exact_mw,cb12ae119b9b2ba18d0216e7235b403229e92fd0743ede48fe7f1a2c6f45d594,"{""distance"":5,""physical_error_rate"":0.0005}","{""detection_events"":17053,""detectors_checked"":7798784}"
     23552,         0,         0,   0.414,exact_mw,cb12ae119b9b2ba18d0216e7235b403229e92fd0743ede48fe7f1a2c6f45d594,"{""distance"":5,""physical_error_rate"":0.0005}","{""detection_events"":11443,""detectors_checked"":5275648}"
     26624,         0,         0,   0.553,exact_mw,cb12ae119b9b2ba18d0216e7235b403229e92fd0743ede48fe7f1a2c6f45d594,"{""distance"":5,""physical_error_rate"":0.0005}","{""detection_events"":13038,""detectors_checked"":5963776}"
     37888,         0,         0,   0.818,exact_mw,cb12ae119b9b2ba18d0216e7235b403229e92fd0743ede48fe7f1a2c6f45d594,"{""distance"":5,""physical_error_rate"":0.0005}","{""detection_events"":18581,""detectors_checked"":8486912}"
     31744,         0,         0,   0.779,exact_mw,cb12ae119b9b2ba18d0216e7235b403229e92fd0743ede48fe7f1a2c6f45d594,"{""distance"":5,""physical_error_rate"":0.0005}","{""detection_events"":15385,""detectors_checked"":7110656}"
   1602560,         0,         0,    31.6,exact_mw,cb12ae119b9b2ba18d0216e7235b403229e92fd0743ede48fe7f1a2c6f45d594,"{""distance"":5,""physical_error_rate"":0.0005}","{""detection_events"":790016,""detectors_checked"":358973440}"
     26624,         0,         0,   0.538,exact_mw,cb12ae119b9b2ba18d0216e7235b403229e92fd0743ede48fe7f1a2c6f45d594,"{""distance"":5,""physical_error_rate"":0.0005}","{""detection_events"":13196,""detectors_checked"":5963776}"
     30720,         0,         0,   0.579,exact_mw,cb12ae119b9b2ba18d0216e7235b403229e92fd0743ede48fe7f1a2c6f45d594,"{""distance"":5,""physical_error_rate"":0.0005}","{""detection_events"":14697,""detectors_checked"":6881280}"
     28672,         0,         0,   0.548,exact_mw,cb12ae119b9b2ba18d0216e7235b403229e92fd0743ede48fe7f1a2c6f45d594,"{""distance"":5,""physical_error_rate"":0.0005}","{""detection_events"":14089,""detectors_checked"":6422528}"
      4096,         0,         0,   0.119,exact_mw,cb12ae119b9b2ba18d0216e7235b403229e92fd0743ede48fe7f1a2c6f45d594,"{""distance"":5,""physical_error_rate"":0.0005}","{""detection_events"":2032,""detectors_checked"":917504}"
     34816,         0,         0,   0.780,exact_mw,cb12ae119b9b2ba18d0216e7235b403229e92fd0743ede48fe7f1a2c6f45d594,"{""distance"":5,""physical_error_rate"":0.0005}","{""detection_events"":17547,""detectors_checked"":7798784}"
     40960,         0,         0,   0.771,exact_mw,cb12ae119b9b2ba18d0216e7235b403229e92fd0743ede48fe7f1a2c6f45d594,"{""distance"":5,""physical_error_rate"":0.0005}","{""detection_events"":20082,""detectors_checked"":9175040}"
      5120,         0,         0,   0.149,exact_mw,cb12ae119b9b2ba18d0216e7235b403229e92fd0743ede48fe7f1a2c6f45d594,"{""distance"":5,""physical_error_rate"":0.0005}","{""detection_events"":2517,""detectors_checked"":1146880}"
     39936,         0,         0,   0.795,exact_mw,cb12ae119b9b2ba18d0216e7235b403229e92fd0743ede48fe7f1a2c6f45d594,"{""distance"":5,""physical_error_rate"":0.0005}","{""detection_events"":19850,""detectors_checked"":8945664}"
     29696,         0,         0,   0.555,exact_mw,cb12ae119b9b2ba18d0216e7235b403229e92fd0743ede48fe7f1a2c6f45d594,"{""distance"":5,""physical_error_rate"":0.0005}","{""detection_events"":14859,""detectors_checked"":6651904}"
     37888,         0,         0,   0.796,exact_mw,cb12ae119b9b2ba18d0216e7235b403229e92fd0743ede48fe7f1a2c6f45d594,"{""distance"":5,""physical_error_rate"":0.0005}","{""detection_events"":18525,""detectors_checked"":8486912}"
     21504,         0,         0,   0.521,exact_mw,cb12ae119b9b2ba18d0216e7235b403229e92fd0743ede48fe7f1a2c6f45d594,"{""distance"":5,""physical_error_rate"":0.0005}","{""detection_events"":10473,""detectors_checked"":4816896}"
    100352,         0,         0,    2.19,exact_mw,cb12ae119b9b2ba18d0216e7235b403229e92fd0743ede48fe7f1a2c6f45d594,"{""distance"":5,""physical_error_rate"":0.0005}","{""detection_events"":49220,""detectors_checked"":22478848}"
     27648,         0,         0,   0.572,exact_mw,cb12ae119b9b2ba18d0216e7235b403229e92fd0743ede48fe7f1a2c6f45d594,"{""distance"":5,""physical_error_rate"":0.0005}","{""detection_events"":13606,""detectors_checked"":6193152}"
     26624,         0,         0,   0.575,exact_mw,cb12ae119b9b2ba18d0216e7235b403229e92fd0743ede48fe7f1a2c6f45d594,"{""distance"":5,""physical_error_rate"":0.0005}","{""detection_events"":13066,""detectors_checked"":5963776}"
     12288,         0,         0,   0.291,exact_mw,cb12ae119b9b2ba18d0216e7235b403229e92fd0743ede48fe7f1a2c6f45d594,"{""distance"":5,""physical_error_rate"":0.0005}","{""detection_events"":5946,""detectors_checked"":2752512}"
     17408,         0,         0,   0.397,exact_mw,cb12ae119b9b2ba18d0216e7235b403229e92fd0743ede48fe7f1a2c6f45d594,"{""distance"":5,""physical_error_rate"":0.0005}","{""detection_events"":8647,""detectors_checked"":3899392}"
      7168,         0,         0,   0.162,exact_mw,cb12ae119b9b2ba18d0216e7235b403229e92fd0743ede48fe7f1a2c6f45d594,"{""distance"":5,""physical_error_rate"":0.0005}","{""detection_events"":3693,""detectors_checked"":1605632}"
     22528,         0,         0,   0.404,exact_mw,cb12ae119b9b2ba18d0216e7235b403229e92fd0743ede48fe7f1a2c6f45d594,"{""distance"":5,""physical_error_rate"":0.0005}","{""detection_events"":11294,""detectors_checked"":5046272}"
     38912,         0,         0,   0.750,exact_mw,cb12ae119b9b2ba18d0216e7235b403229e92fd0743ede48fe7f1a2c6f45d594,"{""distance"":5,""physical_error_rate"":0.0005}","{""detection_events"":18488,""detectors_checked"":8716288}"
     28672,         0,         0,   0.575,exact_mw,cb12ae119b9b2ba18d0216e7235b403229e92fd0743ede48fe7f1a2c6f45d594,"{""distance"":5,""physical_error_rate"":0.0005}","{""detection_events"":13758,""detectors_checked"":6422528}"
     23552,         0,         0,   0.580,exact_mw,cb12ae119b9b2ba18d0216e7235b403229e92fd0743ede48fe7f1a2c6f45d594,"{""distance"":5,""physical_error_rate"":0.0005}","{""detection_events"":11461,""detectors_checked"":5275648}"
     10240,         0,         0,   0.234,exact_mw,cb12ae119b9b2ba18d0216e7235b403229e92fd0743ede48fe7f1a2c6f45d594,"{""distance"":5,""physical_error_rate"":0.0005}","{""detection_events"":5106,""detectors_checked"":2293760}"
     28672,         0,         0,   0.787,exact_mw,cb12ae119b9b2ba18d0216e7235b403229e92fd0743ede48fe7f1a2c6f45d594,"{""distance"":5,""physical_error_rate"":0.0005}","{""detection_events"":14169,""detectors_checked"":6422528}"
     33792,         0,         0,   0.821,exact_mw,cb12ae119b9b2ba18d0216e7235b403229e92fd0743ede48fe7f1a2c6f45d594,"{""distance"":5,""physical_error_rate"":0.0005}","{""detection_events"":16467,""detectors_checked"":7569408}"
     30720,         0,         0,   0.779,exact_mw,cb12ae119b9b2ba18d0216e7235b403229e92fd0743ede48fe7f1a2c6f45d594,"{""distance"":5,""physical_error_rate"":0.0005}","{""detection_events"":15464,""detectors_checked"":6881280}"
     36864,         0,         0,   0.796,exact_mw,cb12ae119b9b2ba18d0216e7235b403229e92fd0743ede48fe7f1a2c6f45d594,"{""distance"":5,""physical_error_rate"":0.0005}","{""detection_events"":18488,""detectors_checked"":8257536}"
     37888,         0,         0,   0.794,exact_mw,cb12ae119b9b2ba18d0216e7235b403229e92fd0743ede48fe7f1a2c6f45d594,"{""distance"":5,""physical_error_rate"":0.0005}","{""detection_events"":18819,""detectors_checked"":8486912}"
     32768,         0,         0,   0.563,exact_mw,cb12ae119b9b2ba18d0216e7235b403229e92fd0743ede48fe7f1a2c6f45d594,"{""distance"":5,""physical_error_rate"":0.0005}","{""detection_events"":15961,""detectors_checked"":7340032}"
     56320,         0,         0,    1.10,exact_mw,cb12ae119b9b2ba18d0216e7235b403229e92fd0743ede48fe7f1a2c6f45d594,"{""distance"":5,""physical_error_rate"":0.0005}","{""detection_events"":27217,""detectors_checked"":12615680}"
     61440,         0,         0,    1.08,exact_mw,cb12ae119b9b2ba18d0216e7235b403229e92fd0743ede48fe7f1a2c6f45d594,"{""distance"":5,""physical_error_rate"":0.0005}","{""detection_events"":30671,""detectors_checked"":13762560}"
     34816,         0,         0,   0.800,exact_mw,cb12ae119b9b2ba18d0216e7235b403229e92fd0743ede48fe7f1a2c6f45d594,"{""distance"":5,""physical_error_rate"":0.0005}","{""detection_events"":17034,""detectors_checked"":7798784}"
      8192,         0,         0,   0.210,exact_mw,cb12ae119b9b2ba18d0216e7235b403229e92fd0743ede48fe7f1a2c6f45d594,"{""distance"":5,""physical_error_rate"":0.0005}","{""detection_events"":3830,""detectors_checked"":1835008}"
     29696,         0,         0,   0.573,exact_mw,cb12ae119b9b2ba18d0216e7235b403229e92fd0743ede48fe7f1a2c6f45d594,"{""distance"":5,""physical_error_rate"":0.0005}","{""detection_events"":14550,""detectors_checked"":6651904}"
     35840,         0,         0,   0.785,exact_mw,cb12ae119b9b2ba18d0216e7235b403229e92fd0743ede48fe7f1a2c6f45d594,"{""distance"":5,""physical_error_rate"":0.0005}","{""detection_events"":17763,""detectors_checked"":8028160}"
     23552,         0,         0,   0.545,exact_mw,cb12ae119b9b2ba18d0216e7235b403229e92fd0743ede48fe7f1a2c6f45d594,"{""distance"":5,""physical_error_rate"":0.0005}","{""detection_events"":11616,""detectors_checked"":5275648}"
     43008,         0,         0,   0.799,exact_mw,cb12ae119b9b2ba18d0216e7235b403229e92fd0743ede48fe7f1a2c6f45d594,"{""distance"":5,""physical_error_rate"":0.0005}","{""detection_events"":21295,""detectors_checked"":9633792}"
     27648,         0,         0,   0.587,exact_mw,cb12ae119b9b2ba18d0216e7235b403229e92fd0743ede48fe7f1a2c6f45d594,"{""distance"":5,""physical_error_rate"":0.0005}","{""detection_events"":13900,""detectors_checked"":6193152}"
     26624,         0,         0,   0.568,exact_mw,cb12ae119b9b2ba18d0216e7235b403229e92fd0743ede48fe7f1a2c6f45d594,"{""distance"":5,""physical_error_rate"":0.0005}","{""detection_events"":12845,""detectors_checked"":5963776}"
     21504,         0,         0,   0.603,exact_mw,cb12ae119b9b2ba18d0216e7235b403229e92fd0743ede48fe7f1a2c6f45d594,"{""distance"":5,""physical_error_rate"":0.0005}","{""detection_events"":10538,""detectors_checked"":4816896}"
     60416,         0,         0,    1.12,exact_mw,cb12ae119b9b2ba18d0216e7235b403229e92fd0743ede48fe7f1a2c6f45d594,"{""distance"":5,""physical_error_rate"":0.0005}","{""detection_events"":29979,""detectors_checked"":13533184}"
     29696,         1,         0,   0.802,exact_mw,cb12ae119b9b2ba18d0216e7235b403229e92fd0743ede48fe7f1a2c6f45d594,"{""distance"":5,""physical_error_rate"":0.0005}","{""detection_events"":14453,""detectors_checked"":6651904,""obs_mistake_mask=E"":1}"
     24576,         0,         0,   0.507,exact_mw,cb12ae119b9b2ba18d0216e7235b403229e92fd0743ede48fe7f1a2c6f45d594,"{""distance"":5,""physical_error_rate"":0.0005}","{""detection_events"":11991,""detectors_checked"":5505024}"
     36864,         0,         0,   0.771,exact_mw,cb12ae119b9b2ba18d0216e7235b403229e92fd0743ede48fe7f1a2c6f45d594,"{""distance"":5,""physical_error_rate"":0.0005}","{""detection_events"":18056,""detectors_checked"":8257536}"
     30720,         0,         0,   0.783,exact_mw,cb12ae119b9b2ba18d0216e7235b403229e92fd0743ede48fe7f1a2c6f45d594,"{""distance"":5,""physical_error_rate"":0.0005}","{""detection_events"":15319,""detectors_checked"":6881280}"
     39936,         0,         0,   0.786,exact_mw,cb12ae119b9b2ba18d0216e7235b403229e92fd0743ede48fe7f1a2c6f45d594,"{""distance"":5,""physical_error_rate"":0.0005}","{""detection_events"":19534,""detectors_checked"":8945664}"
     37888,         0,         0,   0.773,exact_mw,cb12ae119b9b2ba18d0216e7235b403229e92fd0743ede48fe7f1a2c6f45d594,"{""distance"":5,""physical_error_rate"":0.0005}","{""detection_events"":18917,""detectors_checked"":8486912}"
     95232,         0,         0,    1.08,exact_mw,cb12ae119b9b2ba18d0216e7235b403229e92fd0743ede48fe7f1a2c6f45d594,"{""distance"":5,""physical_error_rate"":0.0005}","{""detection_events"":47247,""detectors_checked"":21331968}"
     17408,         0,         0,   0.386,exact_mw,cb12ae119b9b2ba18d0216e7235b403229e92fd0743ede48fe7f1a2c6f45d594,"{""distance"":5,""physical_error_rate"":0.0005}","{""detection_events"":8465,""detectors_checked"":3899392}"
     28672,         0,         0,   0.580,exact_mw,cb12ae119b9b2ba18d0216e7235b403229e92fd0743ede48fe7f1a2c6f45d594,"{""distance"":5,""physical_error_rate"":0.0005}","{""detection_events"":14625,""detectors_checked"":6422528}"
     43008,         0,         0,   0.573,exact_mw,cb12ae119b9b2ba18d0216e7235b403229e92fd0743ede48fe7f1a2c6f45d594,"{""distance"":5,""physical_error_rate"":0.0005}","{""detection_events"":21436,""detectors_checked"":9633792}"
     13312,         0,         0,   0.297,exact_mw,cb12ae119b9b2ba18d0216e7235b403229e92fd0743ede48fe7f1a2c6f45d594,"{""distance"":5,""physical_error_rate"":0.0005}","{""detection_events"":6560,""detectors_checked"":2981888}"
     23552,         0,         0,    1.16,exact_mw,cb12ae119b9b2ba18d0216e7235b403229e92fd0743ede48fe7f1a2c6f45d594,"{""distance"":5,""physical_error_rate"":0.0005}","{""detection_events"":11819,""detectors_checked"":5275648}"
     38912,         0,         0,   0.785,exact_mw,cb12ae119b9b2ba18d0216e7235b403229e92fd0743ede48fe7f1a2c6f45d594,"{""distance"":5,""physical_error_rate"":0.0005}","{""detection_events"":18986,""detectors_checked"":8716288}"
     39936,         0,         0,   0.777,exact_mw,cb12ae119b9b2ba18d0216e7235b403229e92fd0743ede48fe7f1a2c6f45d594,"{""distance"":5,""physical_error_rate"":0.0005}","{""detection_events"":19550,""detectors_checked"":8945664}"
     41984,         0,         0,   0.789,exact_mw,cb12ae119b9b2ba18d0216e7235b403229e92fd0743ede48fe7f1a2c6f45d594,"{""distance"":5,""physical_error_rate"":0.0005}","{""detection_events"":20336,""detectors_checked"":9404416}"
     35840,         0,         0,   0.775,exact_mw,cb12ae119b9b2ba18d0216e7235b403229e92fd0743ede48fe7f1a2c6f45d594,"{""distance"":5,""physical_error_rate"":0.0005}","{""detection_events"":17439,""detectors_checked"":8028160}"
     37888,         0,         0,   0.749,exact_mw,cb12ae119b9b2ba18d0216e7235b403229e92fd0743ede48fe7f1a2c6f45d594,"{""distance"":5,""physical_error_rate"":0.0005}","{""detection_events"":18921,""detectors_checked"":8486912}"
     36864,         0,         0,   0.783,exact_mw,cb12ae119b9b2ba18d0216e7235b403229e92fd0743ede48fe7f1a2c6f45d594,"{""distance"":5,""physical_error_rate"":0.0005}","{""detection_events"":17916,""detectors_checked"":8257536}"
     19456,         0,         0,   0.796,exact_mw,cb12ae119b9b2ba18d0216e7235b403229e92fd0743ede48fe7f1a2c6f45d594,"{""distance"":5,""physical_error_rate"":0.0005}","{""detection_events"":9188,""detectors_checked"":4358144}"
    119808,         0,         0,    3.00,exact_mw,cb12ae119b9b2ba18d0216e7235b403229e92fd0743ede48fe7f1a2c6f45d594,"{""distance"":5,""physical_error_rate"":0.0005}","{""detection_events"":59045,""detectors_checked"":26836992}"
     12288,         0,         0,   0.299,exact_mw,cb12ae119b9b2ba18d0216e7235b403229e92fd0743ede48fe7f1a2c6f45d594,"{""distance"":5,""physical_error_rate"":0.0005}","{""detection_events"":6005,""detectors_checked"":2752512}"
     22528,         0,         0,   0.550,exact_mw,cb12ae119b9b2ba18d0216e7235b403229e92fd0743ede48fe7f1a2c6f45d594,"{""distance"":5,""physical_error_rate"":0.0005}","{""detection_events"":11073,""detectors_checked"":5046272}"
     39936,         0,         0,   0.788,exact_mw,cb12ae119b9b2ba18d0216e7235b403229e92fd0743ede48fe7f1a2c6f45d594,"{""distance"":5,""physical_error_rate"":0.0005}","{""detection_events"":19144,""detectors_checked"":8945664}"
     43008,         0,         0,   0.801,exact_mw,cb12ae119b9b2ba18d0216e7235b403229e92fd0743ede48fe7f1a2c6f45d594,"{""distance"":5,""physical_error_rate"":0.0005}","{""detection_events"":21186,""detectors_checked"":9633792}"
     29696,         0,         0,   0.814,exact_mw,cb12ae119b9b2ba18d0216e7235b403229e92fd0743ede48fe7f1a2c6f45d594,"{""distance"":5,""physical_error_rate"":0.0005}","{""detection_events"":14756,""detectors_checked"":6651904}"
     28672,         0,         0,   0.553,exact_mw,cb12ae119b9b2ba18d0216e7235b403229e92fd0743ede48fe7f1a2c6f45d594,"{""distance"":5,""physical_error_rate"":0.0005}","{""detection_events"":14168,""detectors_checked"":6422528}"
     38912,         0,         0,   0.784,exact_mw,cb12ae119b9b2ba18d0216e7235b403229e92fd0743ede48fe7f1a2c6f45d594,"{""distance"":5,""physical_error_rate"":0.0005}","{""detection_events"":19168,""detectors_checked"":8716288}"
     38912,         0,         0,   0.797,exact_mw,cb12ae119b9b2ba18d0216e7235b403229e92fd0743ede48fe7f1a2c6f45d594,"{""distance"":5,""physical_error_rate"":0.0005}","{""detection_events"":19190,""detectors_checked"":8716288}"
     41984,         0,         0,   0.795,exact_mw,cb12ae119b9b2ba18d0216e7235b403229e92fd0743ede48fe7f1a2c6f45d594,"{""distance"":5,""physical_error_rate"":0.0005}","{""detection_events"":20101,""detectors_checked"":9404416}"
    140288,         0,         0,    3.05,exact_mw,cb12ae119b9b2ba18d0216e7235b403229e92fd0743ede48fe7f1a2c6f45d594,"{""distance"":5,""physical_error_rate"":0.0005}","{""detection_events"":69674,""detectors_checked"":31424512}"
    129024,         0,         0,    3.04,exact_mw,cb12ae119b9b2ba18d0216e7235b403229e92fd0743ede48fe7f1a2c6f45d594,"{""distance"":5,""physical_error_rate"":0.0005}","{""detection_events"":64272,""detectors_checked"":28901376}"
     54272,         0,         0,    1.08,exact_mw,cb12ae119b9b2ba18d0216e7235b403229e92fd0743ede48fe7f1a2c6f45d594,"{""distance"":5,""physical_error_rate"":0.0005}","{""detection_events"":26948,""detectors_checked"":12156928}"
    131072,         0,         0,    3.06,exact_mw,cb12ae119b9b2ba18d0216e7235b403229e92fd0743ede48fe7f1a2c6f45d594,"{""distance"":5,""physical_error_rate"":0.0005}","{""detection_events"":64431,""detectors_checked"":29360128}"
     45056,         0,         0,   0.764,exact_mw,cb12ae119b9b2ba18d0216e7235b403229e92fd0743ede48fe7f1a2c6f45d594,"{""distance"":5,""physical_error_rate"":0.0005}","{""detection_events"":22178,""detectors_checked"":10092544}"
     34816,         0,         0,   0.822,exact_mw,cb12ae119b9b2ba18d0216e7235b403229e92fd0743ede48fe7f1a2c6f45d594,"{""distance"":5,""physical_error_rate"":0.0005}","{""detection_events"":17150,""detectors_checked"":7798784}"
    150528,         0,         0,    3.00,exact_mw,cb12ae119b9b2ba18d0216e7235b403229e92fd0743ede48fe7f1a2c6f45d594,"{""distance"":5,""physical_error_rate"":0.0005}","{""detection_events"":73881,""detectors_checked"":33718272}"
     46080,         0,         0,    1.09,exact_mw,cb12ae119b9b2ba18d0216e7235b403229e92fd0743ede48fe7f1a2c6f45d594,"{""distance"":5,""physical_error_rate"":0.0005}","{""detection_events"":23061,""detectors_checked"":10321920}"
     38912,         0,         0,   0.811,exact_mw,cb12ae119b9b2ba18d0216e7235b403229e92fd0743ede48fe7f1a2c6f45d594,"{""distance"":5,""physical_error_rate"":0.0005}","{""detection_events"":19487,""detectors_checked"":8716288}"
     31744,         0,         0,   0.738,exact_mw,cb12ae119b9b2ba18d0216e7235b403229e92fd0743ede48fe7f1a2c6f45d594,"{""distance"":5,""physical_error_rate"":0.0005}","{""detection_events"":15525,""detectors_checked"":7110656}"
     15360,         0,         0,   0.390,exact_mw,cb12ae119b9b2ba18d0216e7235b403229e92fd0743ede48fe7f1a2c6f45d594,"{""distance"":5,""physical_error_rate"":0.0005}","{""detection_events"":7603,""detectors_checked"":3440640}"
     53248,         0,         0,    1.10,exact_mw,cb12ae119b9b2ba18d0216e7235b403229e92fd0743ede48fe7f1a2c6f45d594,"{""distance"":5,""physical_error_rate"":0.0005}","{""detection_events"":26075,""detectors_checked"":11927552}"
     51200,         1,         0,    1.12,exact_mw,cb12ae119b9b2ba18d0216e7235b403229e92fd0743ede48fe7f1a2c6f45d594,"{""distance"":5,""physical_error_rate"":0.0005}","{""detection_events"":25184,""detectors_checked"":11468800,""obs_mistake_mask=E"":1}"
    130048,         0,         0,    3.01,exact_mw,cb12ae119b9b2ba18d0216e7235b403229e92fd0743ede48fe7f1a2c6f45d594,"{""distance"":5,""physical_error_rate"":0.0005}","{""detection_events"":64276,""detectors_checked"":29130752}"
     40960,         0,         0,   0.798,exact_mw,cb12ae119b9b2ba18d0216e7235b403229e92fd0743ede48fe7f1a2c6f45d594,"{""distance"":5,""physical_error_rate"":0.0005}","{""detection_events"":20278,""detectors_checked"":9175040}"
     53248,         0,         0,    1.08,exact_mw,cb12ae119b9b2ba18d0216e7235b403229e92fd0743ede48fe7f1a2c6f45d594,"{""distance"":5,""physical_error_rate"":0.0005}","{""detection_events"":26445,""detectors_checked"":11927552}"
     31744,         0,         0,   0.807,exact_mw,cb12ae119b9b2ba18d0216e7235b403229e92fd0743ede48fe7f1a2c6f45d594,"{""distance"":5,""physical_error_rate"":0.0005}","{""detection_events"":15728,""detectors_checked"":7110656}"
     44032,         0,         0,    1.08,exact_mw,cb12ae119b9b2ba18d0216e7235b403229e92fd0743ede48fe7f1a2c6f45d594,"{""distance"":5,""physical_error_rate"":0.0005}","{""detection_events"":22020,""detectors_checked"":9863168}"
     54272,         0,         0,    1.13,exact_mw,cb12ae119b9b2ba18d0216e7235b403229e92fd0743ede48fe7f1a2c6f45d594,"{""distance"":5,""physical_error_rate"":0.0005}","{""detection_events"":26628,""detectors_checked"":12156928}"
     16384,         0,         0,   0.390,exact_mw,cb12ae119b9b2ba18d0216e7235b403229e92fd0743ede48fe7f1a2c6f45d594,"{""distance"":5,""physical_error_rate"":0.0005}","{""detection_events"":8156,""detectors_checked"":3670016}"
     70656,         0,         0,    1.09,exact_mw,cb12ae119b9b2ba18d0216e7235b403229e92fd0743ede48fe7f1a2c6f45d594,"{""distance"":5,""physical_error_rate"":0.0005}","{""detection_events"":34720,""detectors_checked"":15826944}"
     23552,         0,         0,   0.592,exact_mw,cb12ae119b9b2ba18d0216e7235b403229e92fd0743ede48fe7f1a2c6f45d594,"{""distance"":5,""physical_error_rate"":0.0005}","{""detection_events"":11548,""detectors_checked"":5275648}"
     52224,         0,         0,    1.12,exact_mw,cb12ae119b9b2ba18d0216e7235b403229e92fd0743ede48fe7f1a2c6f45d594,"{""distance"":5,""physical_error_rate"":0.0005}","{""detection_events"":25824,""detectors_checked"":11698176}"
    148480,         0,         0,    3.00,exact_mw,cb12ae119b9b2ba18d0216e7235b403229e92fd0743ede48fe7f1a2c6f45d594,"{""distance"":5,""physical_error_rate"":0.0005}","{""detection_events"":73506,""detectors_checked"":33259520}"
     53248,         0,         0,   0.815,exact_mw,cb12ae119b9b2ba18d0216e7235b403229e92fd0743ede48fe7f1a2c6f45d594,"{""distance"":5,""physical_error_rate"":0.0005}","{""detection_events"":26317,""detectors_checked"":11927552}"
     59392,         0,         0,    1.10,exact_mw,cb12ae119b9b2ba18d0216e7235b403229e92fd0743ede48fe7f1a2c6f45d594,"{""distance"":5,""physical_error_rate"":0.0005}","{""detection_events"":29148,""detectors_checked"":13303808}"
     36864,         0,         0,   0.795,exact_mw,cb12ae119b9b2ba18d0216e7235b403229e92fd0743ede48fe7f1a2c6f45d594,"{""distance"":5,""physical_error_rate"":0.0005}","{""detection_events"":18155,""detectors_checked"":8257536}"
     61440,         0,         0,    1.12,exact_mw,cb12ae119b9b2ba18d0216e7235b403229e92fd0743ede48fe7f1a2c6f45d594,"{""distance"":5,""physical_error_rate"":0.0005}","{""detection_events"":30015,""detectors_checked"":13762560}"
     81920,         0,         0,    3.05,exact_mw,cb12ae119b9b2ba18d0216e7235b403229e92fd0743ede48fe7f1a2c6f45d594,"{""distance"":5,""physical_error_rate"":0.0005}","{""detection_events"":40480,""detectors_checked"":18350080}"
     31744,         0,         0,   0.811,exact_mw,cb12ae119b9b2ba18d0216e7235b403229e92fd0743ede48fe7f1a2c6f45d594,"{""distance"":5,""physical_error_rate"":0.0005}","{""detection_events"":15332,""detectors_checked"":7110656}"
    208896,         0,         0,    2.97,exact_mw,cb12ae119b9b2ba18d0216e7235b403229e92fd0743ede48fe7f1a2c6f45d594,"{""distance"":5,""physical_error_rate"":0.0005}","{""detection_events"":103173,""detectors_checked"":46792704}"
   1309696,         0,         0,    31.7,exact_mw,cb12ae119b9b2ba18d0216e7235b403229e92fd0743ede48fe7f1a2c6f45d594,"{""distance"":5,""physical_error_rate"":0.0005}","{""detection_events"":644730,""detectors_checked"":293371904}"
     78848,         0,         0,    1.55,exact_mw,cb12ae119b9b2ba18d0216e7235b403229e92fd0743ede48fe7f1a2c6f45d594,"{""distance"":5,""physical_error_rate"":0.0005}","{""detection_events"":38371,""detectors_checked"":17661952}"
     39936,         0,         0,   0.802,exact_mw,cb12ae119b9b2ba18d0216e7235b403229e92fd0743ede48fe7f1a2c6f45d594,"{""distance"":5,""physical_error_rate"":0.0005}","{""detection_events"":19697,""detectors_checked"":8945664}"
     32768,         0,         0,   0.810,exact_mw,cb12ae119b9b2ba18d0216e7235b403229e92fd0743ede48fe7f1a2c6f45d594,"{""distance"":5,""physical_error_rate"":0.0005}","{""detection_events"":16389,""detectors_checked"":7340032}"
     39936,         0,         0,   0.812,exact_mw,cb12ae119b9b2ba18d0216e7235b403229e92fd0743ede48fe7f1a2c6f45d594,"{""distance"":5,""physical_error_rate"":0.0005}","{""detection_events"":19791,""detectors_checked"":8945664}"
     29696,         0,         0,   0.812,exact_mw,cb12ae119b9b2ba18d0216e7235b403229e92fd0743ede48fe7f1a2c6f45d594,"{""distance"":5,""physical_error_rate"":0.0005}","{""detection_events"":14239,""detectors_checked"":6651904}"
     38912,         0,         0,   0.790,exact_mw,cb12ae119b9b2ba18d0216e7235b403229e92fd0743ede48fe7f1a2c6f45d594,"{""distance"":5,""physical_error_rate"":0.0005}","{""detection_events"":19083,""detectors_checked"":8716288}"
     53248,         0,         0,   0.773,exact_mw,cb12ae119b9b2ba18d0216e7235b403229e92fd0743ede48fe7f1a2c6f45d594,"{""distance"":5,""physical_error_rate"":0.0005}","{""detection_events"":26033,""detectors_checked"":11927552}"
     53248,         0,         0,    1.10,exact_mw,cb12ae119b9b2ba18d0216e7235b403229e92fd0743ede48fe7f1a2c6f45d594,"{""distance"":5,""physical_error_rate"":0.0005}","{""detection_events"":25646,""detectors_checked"":11927552}"
    143360,         0,         0,    3.05,exact_mw,cb12ae119b9b2ba18d0216e7235b403229e92fd0743ede48fe7f1a2c6f45d594,"{""distance"":5,""physical_error_rate"":0.0005}","{""detection_events"":70694,""detectors_checked"":32112640}"
   1496064,         2,         0,    31.6,exact_mw,cb12ae119b9b2ba18d0216e7235b403229e92fd0743ede48fe7f1a2c6f45d594,"{""distance"":5,""physical_error_rate"":0.0005}","{""detection_events"":737556,""detectors_checked"":335118336,""obs_mistake_mask=E"":2}"
    136192,         0,         0,    3.04,exact_mw,cb12ae119b9b2ba18d0216e7235b403229e92fd0743ede48fe7f1a2c6f45d594,"{""distance"":5,""physical_error_rate"":0.0005}","{""detection_events"":66256,""detectors_checked"":30507008}"
     43008,         0,         0,    1.12,exact_mw,cb12ae119b9b2ba18d0216e7235b403229e92fd0743ede48fe7f1a2c6f45d594,"{""distance"":5,""physical_error_rate"":0.0005}","{""detection_events"":21035,""detectors_checked"":9633792}"
     45056,         0,         0,    1.08,exact_mw,cb12ae119b9b2ba18d0216e7235b403229e92fd0743ede48fe7f1a2c6f45d594,"{""distance"":5,""physical_error_rate"":0.0005}","{""detection_events"":21941,""detectors_checked"":10092544}"
     40960,         0,         0,    1.12,exact_mw,cb12ae119b9b2ba18d0216e7235b403229e92fd0743ede48fe7f1a2c6f45d594,"{""distance"":5,""physical_error_rate"":0.0005}","{""detection_events"":20296,""detectors_checked"":9175040}"
     66560,         0,         0,    1.09,exact_mw,cb12ae119b9b2ba18d0216e7235b403229e92fd0743ede48fe7f1a2c6f45d594,"{""distance"":5,""physical_error_rate"":0.0005}","{""detection_events"":32724,""detectors_checked"":14909440}"
     57344,         0,         0,    1.13,exact_mw,cb12ae119b9b2ba18d0216e7235b403229e92fd0743ede48fe7f1a2c6f45d594,"{""distance"":5,""physical_error_rate"":0.0005}","{""detection_events"":28354,""detectors_checked"":12845056}"
     75776,         0,         0,    3.07,exact_mw,cb12ae119b9b2ba18d0216e7235b403229e92fd0743ede48fe7f1a2c6f45d594,"{""distance"":5,""physical_error_rate"":0.0005}","{""detection_events"":36925,""detectors_checked"":16973824}"
     50176,         0,         0,    1.11,exact_mw,cb12ae119b9b2ba18d0216e7235b403229e92fd0743ede48fe7f1a2c6f45d594,"{""distance"":5,""physical_error_rate"":0.0005}","{""detection_events"":24921,""detectors_checked"":11239424}"
     30720,         0,         0,   0.799,exact_mw,cb12ae119b9b2ba18d0216e7235b403229e92fd0743ede48fe7f1a2c6f45d594,"{""distance"":5,""physical_error_rate"":0.0005}","{""detection_events"":14813,""detectors_checked"":6881280}"
     62464,         0,         0,    1.12,exact_mw,cb12ae119b9b2ba18d0216e7235b403229e92fd0743ede48fe7f1a2c6f45d594,"{""distance"":5,""physical_error_rate"":0.0005}","{""detection_events"":30681,""detectors_checked"":13991936}"
     21504,         0,         0,   0.571,exact_mw,cb12ae119b9b2ba18d0216e7235b403229e92fd0743ede48fe7f1a2c6f45d594,"{""distance"":5,""physical_error_rate"":0.0005}","{""detection_events"":10798,""detectors_checked"":4816896}"
     66560,         0,         0,    1.11,exact_mw,cb12ae119b9b2ba18d0216e7235b403229e92fd0743ede48fe7f1a2c6f45d594,"{""distance"":5,""physical_error_rate"":0.0005}","{""detection_events"":33266,""detectors_checked"":14909440}"
     36864,         0,         0,   0.798,exact_mw,cb12ae119b9b2ba18d0216e7235b403229e92fd0743ede48fe7f1a2c6f45d594,"{""distance"":5,""physical_error_rate"":0.0005}","{""detection_events"":18030,""detectors_checked"":8257536}"
    150528,         0,         0,    3.00,exact_mw,cb12ae119b9b2ba18d0216e7235b403229e92fd0743ede48fe7f1a2c6f45d594,"{""distance"":5,""physical_error_rate"":0.0005}","{""detection_events"":73850,""detectors_checked"":33718272}"
     43008,         0,         0,    1.11,exact_mw,cb12ae119b9b2ba18d0216e7235b403229e92fd0743ede48fe7f1a2c6f45d594,"{""distance"":5,""physical_error_rate"":0.0005}","{""detection_events"":21014,""detectors_checked"":9633792}"
     66560,         0,         0,    1.12,exact_mw,cb12ae119b9b2ba18d0216e7235b403229e92fd0743ede48fe7f1a2c6f45d594,"{""distance"":5,""physical_error_rate"":0.0005}","{""detection_events"":32348,""detectors_checked"":14909440}"
     51200,         0,         0,    1.11,exact_mw,cb12ae119b9b2ba18d0216e7235b403229e92fd0743ede48fe7f1a2c6f45d594,"{""distance"":5,""physical_error_rate"":0.0005}","{""detection_events"":25330,""detectors_checked"":11468800}"
     44032,         0,         0,    1.12,exact_mw,cb12ae119b9b2ba18d0216e7235b403229e92fd0743ede48fe7f1a2c6f45d594,"{""distance"":5,""physical_error_rate"":0.0005}","{""detection_events"":21581,""detectors_checked"":9863168}"
     53248,         0,         0,    1.09,exact_mw,cb12ae119b9b2ba18d0216e7235b403229e92fd0743ede48fe7f1a2c6f45d594,"{""distance"":5,""physical_error_rate"":0.0005}","{""detection_events"":26294,""detectors_checked"":11927552}"
     22528,         0,         0,   0.562,exact_mw,cb12ae119b9b2ba18d0216e7235b403229e92fd0743ede48fe7f1a2c6f45d594,"{""distance"":5,""physical_error_rate"":0.0005}","{""detection_events"":10914,""detectors_checked"":5046272}"
     76800,         0,         0,    1.10,exact_mw,cb12ae119b9b2ba18d0216e7235b403229e92fd0743ede48fe7f1a2c6f45d594,"{""distance"":5,""physical_error_rate"":0.0005}","{""detection_events"":38395,""detectors_checked"":17203200}"
     43008,         0,         0,    1.10,exact_mw,cb12ae119b9b2ba18d0216e7235b403229e92fd0743ede48fe7f1a2c6f45d594,"{""distance"":5,""physical_error_rate"":0.0005}","{""detection_events"":21219,""detectors_checked"":9633792}"
     47104,         0,         0,    1.09,exact_mw,cb12ae119b9b2ba18d0216e7235b403229e92fd0743ede48fe7f1a2c6f45d594,"{""distance"":5,""physical_error_rate"":0.0005}","{""detection_events"":23241,""detectors_checked"":10551296}"
     54272,         0,         0,    1.13,exact_mw,cb12ae119b9b2ba18d0216e7235b403229e92fd0743ede48fe7f1a2c6f45d594,"{""distance"":5,""physical_error_rate"":0.0005}","{""detection_events"":26660,""detectors_checked"":12156928}"
     65536,         0,         0,    1.10,exact_mw,cb12ae119b9b2ba18d0216e7235b403229e92fd0743ede48fe7f1a2c6f45d594,"{""distance"":5,""physical_error_rate"":0.0005}","{""detection_events"":32461,""detectors_checked"":14680064}"
     46080,         0,         0,    1.11,exact_mw,cb12ae119b9b2ba18d0216e7235b403229e92fd0743ede48fe7f1a2c6f45d594,"{""distance"":5,""physical_error_rate"":0.0005}","{""detection_events"":21984,""detectors_checked"":10321920}"
     27648,         0,         0,    1.10,exact_mw,cb12ae119b9b2ba18d0216e7235b403229e92fd0743ede48fe7f1a2c6f45d594,"{""distance"":5,""physical_error_rate"":0.0005}","{""detection_events"":13641,""detectors_checked"":6193152}"
     76800,         1,         0,    1.10,exact_mw,cb12ae119b9b2ba18d0216e7235b403229e92fd0743ede48fe7f1a2c6f45d594,"{""distance"":5,""physical_error_rate"":0.0005}","{""detection_events"":37969,""detectors_checked"":17203200,""obs_mistake_mask=E"":1}"
     52224,         0,         0,    1.10,exact_mw,cb12ae119b9b2ba18d0216e7235b403229e92fd0743ede48fe7f1a2c6f45d594,"{""distance"":5,""physical_error_rate"":0.0005}","{""detection_events"":25951,""detectors_checked"":11698176}"
     47104,         0,         0,    1.11,exact_mw,cb12ae119b9b2ba18d0216e7235b403229e92fd0743ede48fe7f1a2c6f45d594,"{""distance"":5,""physical_error_rate"":0.0005}","{""detection_events"":23281,""detectors_checked"":10551296}"
    129024,         0,         0,    3.03,exact_mw,cb12ae119b9b2ba18d0216e7235b403229e92fd0743ede48fe7f1a2c6f45d594,"{""distance"":5,""physical_error_rate"":0.0005}","{""detection_events"":63714,""detectors_checked"":28901376}"
     52224,         0,         0,    1.10,exact_mw,cb12ae119b9b2ba18d0216e7235b403229e92fd0743ede48fe7f1a2c6f45d594,"{""distance"":5,""physical_error_rate"":0.0005}","{""detection_events"":25741,""detectors_checked"":11698176}"
     82944,         0,         0,    1.55,exact_mw,cb12ae119b9b2ba18d0216e7235b403229e92fd0743ede48fe7f1a2c6f45d594,"{""distance"":5,""physical_error_rate"":0.0005}","{""detection_events"":40829,""detectors_checked"":18579456}"
     54272,         0,         0,    1.12,exact_mw,cb12ae119b9b2ba18d0216e7235b403229e92fd0743ede48fe7f1a2c6f45d594,"{""distance"":5,""physical_error_rate"":0.0005}","{""detection_events"":26449,""detectors_checked"":12156928}"
    308224,         0,         0,    4.26,exact_mw,cb12ae119b9b2ba18d0216e7235b403229e92fd0743ede48fe7f1a2c6f45d594,"{""distance"":5,""physical_error_rate"":0.0005}","{""detection_events"":151595,""detectors_checked"":69042176}"
     57344,         0,         0,    1.12,exact_mw,cb12ae119b9b2ba18d0216e7235b403229e92fd0743ede48fe7f1a2c6f45d594,"{""distance"":5,""physical_error_rate"":0.0005}","{""detection_events"":27884,""detectors_checked"":12845056}"
     70656,         0,         0,    1.55,exact_mw,cb12ae119b9b2ba18d0216e7235b403229e92fd0743ede48fe7f1a2c6f45d594,"{""distance"":5,""physical_error_rate"":0.0005}","{""detection_events"":34851,""detectors_checked"":15826944}"
     31744,         0,         0,   0.787,exact_mw,cb12ae119b9b2ba18d0216e7235b403229e92fd0743ede48fe7f1a2c6f45d594,"{""distance"":5,""physical_error_rate"":0.0005}","{""detection_events"":16187,""detectors_checked"":7110656}"
     54272,         0,         0,    1.13,exact_mw,cb12ae119b9b2ba18d0216e7235b403229e92fd0743ede48fe7f1a2c6f45d594,"{""distance"":5,""physical_error_rate"":0.0005}","{""detection_events"":26273,""detectors_checked"":12156928}"
     51200,         0,         0,    1.12,exact_mw,cb12ae119b9b2ba18d0216e7235b403229e92fd0743ede48fe7f1a2c6f45d594,"{""distance"":5,""physical_error_rate"":0.0005}","{""detection_events"":24755,""detectors_checked"":11468800}"
     54272,         0,         0,    1.10,exact_mw,cb12ae119b9b2ba18d0216e7235b403229e92fd0743ede48fe7f1a2c6f45d594,"{""distance"":5,""physical_error_rate"":0.0005}","{""detection_events"":26244,""detectors_checked"":12156928}"
     47104,         0,         0,    1.10,exact_mw,cb12ae119b9b2ba18d0216e7235b403229e92fd0743ede48fe7f1a2c6f45d594,"{""distance"":5,""physical_error_rate"":0.0005}","{""detection_events"":23094,""detectors_checked"":10551296}"
     75776,         0,         0,    1.57,exact_mw,cb12ae119b9b2ba18d0216e7235b403229e92fd0743ede48fe7f1a2c6f45d594,"{""distance"":5,""physical_error_rate"":0.0005}","{""detection_events"":37525,""detectors_checked"":16973824}"
     82944,         0,         0,    1.52,exact_mw,cb12ae119b9b2ba18d0216e7235b403229e92fd0743ede48fe7f1a2c6f45d594,"{""distance"":5,""physical_error_rate"":0.0005}","{""detection_events"":41183,""detectors_checked"":18579456}"
     92160,         0,         0,    1.50,exact_mw,cb12ae119b9b2ba18d0216e7235b403229e92fd0743ede48fe7f1a2c6f45d594,"{""distance"":5,""physical_error_rate"":0.0005}","{""detection_events"":44697,""detectors_checked"":20643840}"
    123904,         0,         0,    3.04,exact_mw,cb12ae119b9b2ba18d0216e7235b403229e92fd0743ede48fe7f1a2c6f45d594,"{""distance"":5,""physical_error_rate"":0.0005}","{""detection_events"":61409,""detectors_checked"":27754496}"
     55296,         0,         0,    1.06,exact_mw,cb12ae119b9b2ba18d0216e7235b403229e92fd0743ede48fe7f1a2c6f45d594,"{""distance"":5,""physical_error_rate"":0.0005}","{""detection_events"":27433,""detectors_checked"":12386304}"
     46080,         0,         0,    1.11,exact_mw,cb12ae119b9b2ba18d0216e7235b403229e92fd0743ede48fe7f1a2c6f45d594,"{""distance"":5,""physical_error_rate"":0.0005}","{""detection_events"":22762,""detectors_checked"":10321920}"
     97280,         0,         0,    3.05,exact_mw,cb12ae119b9b2ba18d0216e7235b403229e92fd0743ede48fe7f1a2c6f45d594,"{""distance"":5,""physical_error_rate"":0.0005}","{""detection_events"":47351,""detectors_checked"":21790720}"
     59392,         0,         0,    1.11,exact_mw,cb12ae119b9b2ba18d0216e7235b403229e92fd0743ede48fe7f1a2c6f45d594,"{""distance"":5,""physical_error_rate"":0.0005}","{""detection_events"":29228,""detectors_checked"":13303808}"
     33792,         0,         0,   0.744,exact_mw,cb12ae119b9b2ba18d0216e7235b403229e92fd0743ede48fe7f1a2c6f45d594,"{""distance"":5,""physical_error_rate"":0.0005}","{""detection_events"":16693,""detectors_checked"":7569408}"
     56320,         0,         0,    1.15,exact_mw,cb12ae119b9b2ba18d0216e7235b403229e92fd0743ede48fe7f1a2c6f45d594,"{""distance"":5,""physical_error_rate"":0.0005}","{""detection_events"":27590,""detectors_checked"":12615680}"
     46080,         0,         0,    1.08,exact_mw,cb12ae119b9b2ba18d0216e7235b403229e92fd0743ede48fe7f1a2c6f45d594,"{""distance"":5,""physical_error_rate"":0.0005}","{""detection_events"":22492,""detectors_checked"":10321920}"
     51200,         0,         0,    1.08,exact_mw,cb12ae119b9b2ba18d0216e7235b403229e92fd0743ede48fe7f1a2c6f45d594,"{""distance"":5,""physical_error_rate"":0.0005}","{""detection_events"":25567,""detectors_checked"":11468800}"
     75776,         0,         0,    1.55,exact_mw,cb12ae119b9b2ba18d0216e7235b403229e92fd0743ede48fe7f1a2c6f45d594,"{""distance"":5,""physical_error_rate"":0.0005}","{""detection_events"":37325,""detectors_checked"":16973824}"
     48128,         0,         0,    1.12,exact_mw,cb12ae119b9b2ba18d0216e7235b403229e92fd0743ede48fe7f1a2c6f45d594,"{""distance"":5,""physical_error_rate"":0.0005}","{""detection_events"":23263,""detectors_checked"":10780672}"
     49152,         0,         0,    1.13,exact_mw,cb12ae119b9b2ba18d0216e7235b403229e92fd0743ede48fe7f1a2c6f45d594,"{""distance"":5,""physical_error_rate"":0.0005}","{""detection_events"":24131,""detectors_checked"":11010048}"
     44032,         0,         0,    1.11,exact_mw,cb12ae119b9b2ba18d0216e7235b403229e92fd0743ede48fe7f1a2c6f45d594,"{""distance"":5,""physical_error_rate"":0.0005}","{""detection_events"":21897,""detectors_checked"":9863168}"
     54272,         0,         0,    1.12,exact_mw,cb12ae119b9b2ba18d0216e7235b403229e92fd0743ede48fe7f1a2c6f45d594,"{""distance"":5,""physical_error_rate"":0.0005}","{""detection_events"":26509,""detectors_checked"":12156928}"
     72704,         0,         0,    1.13,exact_mw,cb12ae119b9b2ba18d0216e7235b403229e92fd0743ede48fe7f1a2c6f45d594,"{""distance"":5,""physical_error_rate"":0.0005}","{""detection_events"":35899,""detectors_checked"":16285696}"
     94208,         0,         0,    1.54,exact_mw,cb12ae119b9b2ba18d0216e7235b403229e92fd0743ede48fe7f1a2c6f45d594,"{""distance"":5,""physical_error_rate"":0.0005}","{""detection_events"":45620,""detectors_checked"":21102592}"
     64512,         0,         0,    1.50,exact_mw,cb12ae119b9b2ba18d0216e7235b403229e92fd0743ede48fe7f1a2c6f45d594,"{""distance"":5,""physical_error_rate"":0.0005}","{""detection_events"":31679,""detectors_checked"":14450688}"
     34816,         0,         0,   0.763,exact_mw,cb12ae119b9b2ba18d0216e7235b403229e92fd0743ede48fe7f1a2c6f45d594,"{""distance"":5,""physical_error_rate"":0.0005}","{""detection_events"":17194,""detectors_checked"":7798784}"
     71680,         0,         0,    1.58,exact_mw,cb12ae119b9b2ba18d0216e7235b403229e92fd0743ede48fe7f1a2c6f45d594,"{""distance"":5,""physical_error_rate"":0.0005}","{""detection_events"":35261,""detectors_checked"":16056320}"
     80896,         0,         0,    1.56,exact_mw,cb12ae119b9b2ba18d0216e7235b403229e92fd0743ede48fe7f1a2c6f45d594,"{""distance"":5,""physical_error_rate"":0.0005}","{""detection_events"":39665,""detectors_checked"":18120704}"
   1678336,         0,         0,    31.8,exact_mw,cb12ae119b9b2ba18d0216e7235b403229e92fd0743ede48fe7f1a2c6f45d594,"{""distance"":5,""physical_error_rate"":0.0005}","{""detection_events"":827700,""detectors_checked"":375947264}"
     66560,         0,         0,    1.54,exact_mw,cb12ae119b9b2ba18d0216e7235b403229e92fd0743ede48fe7f1a2c6f45d594,"{""distance"":5,""physical_error_rate"":0.0005}","{""detection_events"":32479,""detectors_checked"":14909440}"
     69632,         0,         0,    1.57,exact_mw,cb12ae119b9b2ba18d0216e7235b403229e92fd0743ede48fe7f1a2c6f45d594,"{""distance"":5,""physical_error_rate"":0.0005}","{""detection_events"":34262,""detectors_checked"":15597568}"
     45056,         0,         0,    1.13,exact_mw,cb12ae119b9b2ba18d0216e7235b403229e92fd0743ede48fe7f1a2c6f45d594,"{""distance"":5,""physical_error_rate"":0.0005}","{""detection_events"":22265,""detectors_checked"":10092544}"
     81920,         0,         0,    1.54,exact_mw,cb12ae119b9b2ba18d0216e7235b403229e92fd0743ede48fe7f1a2c6f45d594,"{""distance"":5,""physical_error_rate"":0.0005}","{""detection_events"":40521,""detectors_checked"":18350080}"
     52224,         0,         0,    1.12,exact_mw,cb12ae119b9b2ba18d0216e7235b403229e92fd0743ede48fe7f1a2c6f45d594,"{""distance"":5,""physical_error_rate"":0.0005}","{""detection_events"":26162,""detectors_checked"":11698176}"
     68608,         0,         0,    1.54,exact_mw,cb12ae119b9b2ba18d0216e7235b403229e92fd0743ede48fe7f1a2c6f45d594,"{""distance"":5,""physical_error_rate"":0.0005}","{""detection_events"":33527,""detectors_checked"":15368192}"
   1469440,         0,         0,    31.7,exact_mw,cb12ae119b9b2ba18d0216e7235b403229e92fd0743ede48fe7f1a2c6f45d594,"{""distance"":5,""physical_error_rate"":0.0005}","{""detection_events"":721967,""detectors_checked"":329154560}"
     81920,         1,         0,    1.55,exact_mw,cb12ae119b9b2ba18d0216e7235b403229e92fd0743ede48fe7f1a2c6f45d594,"{""distance"":5,""physical_error_rate"":0.0005}","{""detection_events"":40401,""detectors_checked"":18350080,""obs_mistake_mask=E"":1}"
     93184,         0,         0,    1.57,exact_mw,cb12ae119b9b2ba18d0216e7235b403229e92fd0743ede48fe7f1a2c6f45d594,"{""distance"":5,""physical_error_rate"":0.0005}","{""detection_events"":45770,""detectors_checked"":20873216}"
    332800,         0,         0,    4.25,exact_mw,cb12ae119b9b2ba18d0216e7235b403229e92fd0743ede48fe7f1a2c6f45d594,"{""distance"":5,""physical_error_rate"":0.0005}","{""detection_events"":163010,""detectors_checked"":74547200}"
   2136274,         0,         0,    41.4,exact_mw,cb12ae119b9b2ba18d0216e7235b403229e92fd0743ede48fe7f1a2c6f45d594,"{""distance"":5,""physical_error_rate"":0.0005}","{""detection_events"":1050093,""detectors_checked"":478525376}"
   2115584,         2,         0,    34.3,exact_mw,cb12ae119b9b2ba18d0216e7235b403229e92fd0743ede48fe7f1a2c6f45d594,"{""distance"":5,""physical_error_rate"":0.0005}","{""detection_events"":1039552,""detectors_checked"":473890816,""obs_mistake_mask=E"":2}"
   1923072,         1,         0,    43.6,exact_mw,cb12ae119b9b2ba18d0216e7235b403229e92fd0743ede48fe7f1a2c6f45d594,"{""distance"":5,""physical_error_rate"":0.0005}","{""detection_events"":947777,""detectors_checked"":430768128,""obs_mistake_mask=E"":1}"
     72704,         0,         0,    1.56,exact_mw,cb12ae119b9b2ba18d0216e7235b403229e92fd0743ede48fe7f1a2c6f45d594,"{""distance"":5,""physical_error_rate"":0.0005}","{""detection_events"":36602,""detectors_checked"":16285696}"
     61440,         0,         0,    1.44,exact_mw,cb12ae119b9b2ba18d0216e7235b403229e92fd0743ede48fe7f1a2c6f45d594,"{""distance"":5,""physical_error_rate"":0.0005}","{""detection_events"":30389,""detectors_checked"":13762560}"
     78848,         0,         0,    1.51,exact_mw,cb12ae119b9b2ba18d0216e7235b403229e92fd0743ede48fe7f1a2c6f45d594,"{""distance"":5,""physical_error_rate"":0.0005}","{""detection_events"":39146,""detectors_checked"":17661952}"
     75776,         0,         0,    1.56,exact_mw,cb12ae119b9b2ba18d0216e7235b403229e92fd0743ede48fe7f1a2c6f45d594,"{""distance"":5,""physical_error_rate"":0.0005}","{""detection_events"":37313,""detectors_checked"":16973824}"
     63488,         0,         0,    1.55,exact_mw,cb12ae119b9b2ba18d0216e7235b403229e92fd0743ede48fe7f1a2c6f45d594,"{""distance"":5,""physical_error_rate"":0.0005}","{""detection_events"":30845,""detectors_checked"":14221312}"
     64512,         1,         0,    1.53,exact_mw,cb12ae119b9b2ba18d0216e7235b403229e92fd0743ede48fe7f1a2c6f45d594,"{""distance"":5,""physical_error_rate"":0.0005}","{""detection_events"":32146,""detectors_checked"":14450688,""obs_mistake_mask=E"":1}"
     48128,         0,         0,    1.04,exact_mw,cb12ae119b9b2ba18d0216e7235b403229e92fd0743ede48fe7f1a2c6f45d594,"{""distance"":5,""physical_error_rate"":0.0005}","{""detection_events"":23347,""detectors_checked"":10780672}"
     63488,         0,         0,    1.50,exact_mw,cb12ae119b9b2ba18d0216e7235b403229e92fd0743ede48fe7f1a2c6f45d594,"{""distance"":5,""physical_error_rate"":0.0005}","{""detection_events"":31307,""detectors_checked"":14221312}"
     63488,         0,         0,    1.53,exact_mw,cb12ae119b9b2ba18d0216e7235b403229e92fd0743ede48fe7f1a2c6f45d594,"{""distance"":5,""physical_error_rate"":0.0005}","{""detection_events"":31182,""detectors_checked"":14221312}"
     84992,         0,         0,    1.53,exact_mw,cb12ae119b9b2ba18d0216e7235b403229e92fd0743ede48fe7f1a2c6f45d594,"{""distance"":5,""physical_error_rate"":0.0005}","{""detection_events"":41744,""detectors_checked"":19038208}"
    148480,         1,         0,    2.95,exact_mw,cb12ae119b9b2ba18d0216e7235b403229e92fd0743ede48fe7f1a2c6f45d594,"{""distance"":5,""physical_error_rate"":0.0005}","{""detection_events"":73577,""detectors_checked"":33259520,""obs_mistake_mask=E"":1}"
     99328,         0,         0,    1.56,exact_mw,cb12ae119b9b2ba18d0216e7235b403229e92fd0743ede48fe7f1a2c6f45d594,"{""distance"":5,""physical_error_rate"":0.0005}","{""detection_events"":48532,""detectors_checked"":22249472}"
     62464,         1,         0,    1.54,exact_mw,cb12ae119b9b2ba18d0216e7235b403229e92fd0743ede48fe7f1a2c6f45d594,"{""distance"":5,""physical_error_rate"":0.0005}","{""detection_events"":30278,""detectors_checked"":13991936,""obs_mistake_mask=E"":1}"
     81920,         0,         0,    1.54,exact_mw,cb12ae119b9b2ba18d0216e7235b403229e92fd0743ede48fe7f1a2c6f45d594,"{""distance"":5,""physical_error_rate"":0.0005}","{""detection_events"":39922,""detectors_checked"":18350080}"
     82944,         0,         0,    1.55,exact_mw,cb12ae119b9b2ba18d0216e7235b403229e92fd0743ede48fe7f1a2c6f45d594,"{""distance"":5,""physical_error_rate"":0.0005}","{""detection_events"":40776,""detectors_checked"":18579456}"
     65536,         0,         0,    1.48,exact_mw,cb12ae119b9b2ba18d0216e7235b403229e92fd0743ede48fe7f1a2c6f45d594,"{""distance"":5,""physical_error_rate"":0.0005}","{""detection_events"":32226,""detectors_checked"":14680064}"
     81920,         0,         0,    1.51,exact_mw,cb12ae119b9b2ba18d0216e7235b403229e92fd0743ede48fe7f1a2c6f45d594,"{""distance"":5,""physical_error_rate"":0.0005}","{""detection_events"":40605,""detectors_checked"":18350080}"
     71680,         0,         0,    1.53,exact_mw,cb12ae119b9b2ba18d0216e7235b403229e92fd0743ede48fe7f1a2c6f45d594,"{""distance"":5,""physical_error_rate"":0.0005}","{""detection_events"":35083,""detectors_checked"":16056320}"
     62464,         0,         0,    1.44,exact_mw,cb12ae119b9b2ba18d0216e7235b403229e92fd0743ede48fe7f1a2c6f45d594,"{""distance"":5,""physical_error_rate"":0.0005}","{""detection_events"":30544,""detectors_checked"":13991936}"
     91136,         0,         0,    1.53,exact_mw,cb12ae119b9b2ba18d0216e7235b403229e92fd0743ede48fe7f1a2c6f45d594,"{""distance"":5,""physical_error_rate"":0.0005}","{""detection_events"":44674,""detectors_checked"":20414464}"
     79872,         0,         0,    1.52,exact_mw,cb12ae119b9b2ba18d0216e7235b403229e92fd0743ede48fe7f1a2c6f45d594,"{""distance"":5,""physical_error_rate"":0.0005}","{""detection_events"":39903,""detectors_checked"":17891328}"
     67584,         0,         0,    1.55,exact_mw,cb12ae119b9b2ba18d0216e7235b403229e92fd0743ede48fe7f1a2c6f45d594,"{""distance"":5,""physical_error_rate"":0.0005}","{""detection_events"":32516,""detectors_checked"":15138816}"
   1873895,         1,         0,    18.5,exact_mw,cb12ae119b9b2ba18d0216e7235b403229e92fd0743ede48fe7f1a2c6f45d594,"{""distance"":5,""physical_error_rate"":0.0005}","{""detection_events"":924311,""detectors_checked"":419752480,""obs_mistake_mask=E"":1}"
     77824,         0,         0,    1.49,exact_mw,cb12ae119b9b2ba18d0216e7235b403229e92fd0743ede48fe7f1a2c6f45d594,"{""distance"":5,""physical_error_rate"":0.0005}","{""detection_events"":37749,""detectors_checked"":17432576}"
    113664,         0,         0,    2.16,exact_mw,cb12ae119b9b2ba18d0216e7235b403229e92fd0743ede48fe7f1a2c6f45d594,"{""distance"":5,""physical_error_rate"":0.0005}","{""detection_events"":55654,""detectors_checked"":25460736}"
     82944,         0,         0,    1.47,exact_mw,cb12ae119b9b2ba18d0216e7235b403229e92fd0743ede48fe7f1a2c6f45d594,"{""distance"":5,""physical_error_rate"":0.0005}","{""detection_events"":41395,""detectors_checked"":18579456}"
     67584,         0,         0,    1.55,exact_mw,cb12ae119b9b2ba18d0216e7235b403229e92fd0743ede48fe7f1a2c6f45d594,"{""distance"":5,""physical_error_rate"":0.0005}","{""detection_events"":32934,""detectors_checked"":15138816}"
     71680,         0,         0,    1.46,exact_mw,cb12ae119b9b2ba18d0216e7235b403229e92fd0743ede48fe7f1a2c6f45d594,"{""distance"":5,""physical_error_rate"":0.0005}","{""detection_events"":36177,""detectors_checked"":16056320}"
     79872,         0,         0,    1.56,exact_mw,cb12ae119b9b2ba18d0216e7235b403229e92fd0743ede48fe7f1a2c6f45d594,"{""distance"":5,""physical_error_rate"":0.0005}","{""detection_events"":39782,""detectors_checked"":17891328}"
     79872,         0,         0,    1.45,exact_mw,cb12ae119b9b2ba18d0216e7235b403229e92fd0743ede48fe7f1a2c6f45d594,"{""distance"":5,""physical_error_rate"":0.0005}","{""detection_events"":38828,""detectors_checked"":17891328}"
     41984,         0,         0,    1.02,exact_mw,cb12ae119b9b2ba18d0216e7235b403229e92fd0743ede48fe7f1a2c6f45d594,"{""distance"":5,""physical_error_rate"":0.0005}","{""detection_events"":20279,""detectors_checked"":9404416}"
     80896,         0,         0,    1.56,exact_mw,cb12ae119b9b2ba18d0216e7235b403229e92fd0743ede48fe7f1a2c6f45d594,"{""distance"":5,""physical_error_rate"":0.0005}","{""detection_events"":40063,""detectors_checked"":18120704}"
     67584,         0,         0,    1.53,exact_mw,cb12ae119b9b2ba18d0216e7235b403229e92fd0743ede48fe7f1a2c6f45d594,"{""distance"":5,""physical_error_rate"":0.0005}","{""detection_events"":32795,""detectors_checked"":15138816}"
     79872,         0,         0,    1.45,exact_mw,cb12ae119b9b2ba18d0216e7235b403229e92fd0743ede48fe7f1a2c6f45d594,"{""distance"":5,""physical_error_rate"":0.0005}","{""detection_events"":39470,""detectors_checked"":17891328}"
     46080,         0,         0,   0.988,exact_mw,cb12ae119b9b2ba18d0216e7235b403229e92fd0743ede48fe7f1a2c6f45d594,"{""distance"":5,""physical_error_rate"":0.0005}","{""detection_events"":22273,""detectors_checked"":10321920}"
     67584,         0,         0,    1.39,exact_mw,cb12ae119b9b2ba18d0216e7235b403229e92fd0743ede48fe7f1a2c6f45d594,"{""distance"":5,""physical_error_rate"":0.0005}","{""detection_events"":33314,""detectors_checked"":15138816}"
     68608,         0,         0,    1.46,exact_mw,cb12ae119b9b2ba18d0216e7235b403229e92fd0743ede48fe7f1a2c6f45d594,"{""distance"":5,""physical_error_rate"":0.0005}","{""detection_events"":33283,""detectors_checked"":15368192}"
    175104,         0,         0,    4.05,exact_mw,cb12ae119b9b2ba18d0216e7235b403229e92fd0743ede48fe7f1a2c6f45d594,"{""distance"":5,""physical_error_rate"":0.0005}","{""detection_events"":86388,""detectors_checked"":39223296}"
     68608,         0,         0,    1.35,exact_mw,cb12ae119b9b2ba18d0216e7235b403229e92fd0743ede48fe7f1a2c6f45d594,"{""distance"":5,""physical_error_rate"":0.0005}","{""detection_events"":33434,""detectors_checked"":15368192}"
     62464,         0,         0,    1.41,exact_mw,cb12ae119b9b2ba18d0216e7235b403229e92fd0743ede48fe7f1a2c6f45d594,"{""distance"":5,""physical_error_rate"":0.0005}","{""detection_events"":30806,""detectors_checked"":13991936}"
   1814640,         2,         0,    37.5,exact_mw,cb12ae119b9b2ba18d0216e7235b403229e92fd0743ede48fe7f1a2c6f45d594,"{""distance"":5,""physical_error_rate"":0.0005}","{""detection_events"":892497,""detectors_checked"":406479360,""obs_mistake_mask=E"":2}"
     70656,         0,         0,    1.42,exact_mw,cb12ae119b9b2ba18d0216e7235b403229e92fd0743ede48fe7f1a2c6f45d594,"{""distance"":5,""physical_error_rate"":0.0005}","{""detection_events"":34690,""detectors_checked"":15826944}"
    205824,         0,         0,    4.16,exact_mw,cb12ae119b9b2ba18d0216e7235b403229e92fd0743ede48fe7f1a2c6f45d594,"{""distance"":5,""physical_error_rate"":0.0005}","{""detection_events"":101868,""detectors_checked"":46104576}"
     70656,         0,         0,    1.50,exact_mw,cb12ae119b9b2ba18d0216e7235b403229e92fd0743ede48fe7f1a2c6f45d594,"{""distance"":5,""physical_error_rate"":0.0005}","{""detection_events"":34677,""detectors_checked"":15826944}"
     92160,         0,         0,    1.48,exact_mw,cb12ae119b9b2ba18d0216e7235b403229e92fd0743ede48fe7f1a2c6f45d594,"{""distance"":5,""physical_error_rate"":0.0005}","{""detection_events"":44862,""detectors_checked"":20643840}"
     86016,         0,         0,    1.46,exact_mw,cb12ae119b9b2ba18d0216e7235b403229e92fd0743ede48fe7f1a2c6f45d594,"{""distance"":5,""physical_error_rate"":0.0005}","{""detection_events"":41842,""detectors_checked"":19267584}"
     77824,         0,         0,    1.45,exact_mw,cb12ae119b9b2ba18d0216e7235b403229e92fd0743ede48fe7f1a2c6f45d594,"{""distance"":5,""physical_error_rate"":0.0005}","{""detection_events"":38401,""detectors_checked"":17432576}"
     65536,         0,         0,    1.45,exact_mw,cb12ae119b9b2ba18d0216e7235b403229e92fd0743ede48fe7f1a2c6f45d594,"{""distance"":5,""physical_error_rate"":0.0005}","{""detection_events"":32079,""detectors_checked"":14680064}"
     76800,         0,         0,    1.57,exact_mw,cb12ae119b9b2ba18d0216e7235b403229e92fd0743ede48fe7f1a2c6f45d594,"{""distance"":5,""physical_error_rate"":0.0005}","{""detection_events"":37909,""detectors_checked"":17203200}"
    207872,         0,         0,    4.21,exact_mw,cb12ae119b9b2ba18d0216e7235b403229e92fd0743ede48fe7f1a2c6f45d594,"{""distance"":5,""physical_error_rate"":0.0005}","{""detection_events"":102444,""detectors_checked"":46563328}"
     78848,         0,         0,    1.57,exact_mw,cb12ae119b9b2ba18d0216e7235b403229e92fd0743ede48fe7f1a2c6f45d594,"{""distance"":5,""physical_error_rate"":0.0005}","{""detection_events"":38680,""detectors_checked"":17661952}"
     77824,         0,         0,    1.44,exact_mw,cb12ae119b9b2ba18d0216e7235b403229e92fd0743ede48fe7f1a2c6f45d594,"{""distance"":5,""physical_error_rate"":0.0005}","{""detection_events"":37714,""detectors_checked"":17432576}"
    104448,         0,         0,    1.99,exact_mw,cb12ae119b9b2ba18d0216e7235b403229e92fd0743ede48fe7f1a2c6f45d594,"{""distance"":5,""physical_error_rate"":0.0005}","{""detection_events"":50812,""detectors_checked"":23396352}"
    106496,         0,         0,    2.14,exact_mw,cb12ae119b9b2ba18d0216e7235b403229e92fd0743ede48fe7f1a2c6f45d594,"{""distance"":5,""physical_error_rate"":0.0005}","{""detection_events"":52466,""detectors_checked"":23855104}"
     68608,         0,         0,    1.48,exact_mw,cb12ae119b9b2ba18d0216e7235b403229e92fd0743ede48fe7f1a2c6f45d594,"{""distance"":5,""physical_error_rate"":0.0005}","{""detection_events"":33957,""detectors_checked"":15368192}"
    140288,         0,         0,    2.17,exact_mw,cb12ae119b9b2ba18d0216e7235b403229e92fd0743ede48fe7f1a2c6f45d594,"{""distance"":5,""physical_error_rate"":0.0005}","{""detection_events"":69338,""detectors_checked"":31424512}"
     69632,         0,         0,    1.41,exact_mw,cb12ae119b9b2ba18d0216e7235b403229e92fd0743ede48fe7f1a2c6f45d594,"{""distance"":5,""physical_error_rate"":0.0005}","{""detection_events"":34315,""detectors_checked"":15597568}"
    123904,         0,         0,    2.10,exact_mw,cb12ae119b9b2ba18d0216e7235b403229e92fd0743ede48fe7f1a2c6f45d594,"{""distance"":5,""physical_error_rate"":0.0005}","{""detection_events"":60806,""detectors_checked"":27754496}"
    129024,         1,         0,    2.18,exact_mw,cb12ae119b9b2ba18d0216e7235b403229e92fd0743ede48fe7f1a2c6f45d594,"{""distance"":5,""physical_error_rate"":0.0005}","{""detection_events"":63591,""detectors_checked"":28901376,""obs_mistake_mask=E"":1}"
    103424,         0,         0,    2.10,exact_mw,cb12ae119b9b2ba18d0216e7235b403229e92fd0743ede48fe7f1a2c6f45d594,"{""distance"":5,""physical_error_rate"":0.0005}","{""detection_events"":50671,""detectors_checked"":23166976}"
     72704,         0,         0,    1.46,exact_mw,cb12ae119b9b2ba18d0216e7235b403229e92fd0743ede48fe7f1a2c6f45d594,"{""distance"":5,""physical_error_rate"":0.0005}","{""detection_events"":35702,""detectors_checked"":16285696}"
     87040,         0,         0,    2.08,exact_mw,cb12ae119b9b2ba18d0216e7235b403229e92fd0743ede48fe7f1a2c6f45d594,"{""distance"":5,""physical_error_rate"":0.0005}","{""detection_events"":42722,""detectors_checked"":19496960}"
    105472,         0,         0,    2.10,exact_mw,cb12ae119b9b2ba18d0216e7235b403229e92fd0743ede48fe7f1a2c6f45d594,"{""distance"":5,""physical_error_rate"":0.0005}","{""detection_events"":52248,""detectors_checked"":23625728}"
     88064,         0,         0,    2.09,exact_mw,cb12ae119b9b2ba18d0216e7235b403229e92fd0743ede48fe7f1a2c6f45d594,"{""distance"":5,""physical_error_rate"":0.0005}","{""detection_events"":43556,""detectors_checked"":19726336}"
     97280,         0,         0,    2.08,exact_mw,cb12ae119b9b2ba18d0216e7235b403229e92fd0743ede48fe7f1a2c6f45d594,"{""distance"":5,""physical_error_rate"":0.0005}","{""detection_events"":48200,""detectors_checked"":21790720}"
     93184,         0,         0,    2.01,exact_mw,cb12ae119b9b2ba18d0216e7235b403229e92fd0743ede48fe7f1a2c6f45d594,"{""distance"":5,""physical_error_rate"":0.0005}","{""detection_events"":45554,""detectors_checked"":20873216}"
    100352,         1,         0,    2.05,exact_mw,cb12ae119b9b2ba18d0216e7235b403229e92fd0743ede48fe7f1a2c6f45d594,"{""distance"":5,""physical_error_rate"":0.0005}","{""detection_events"":49514,""detectors_checked"":22478848,""obs_mistake_mask=E"":1}"
    130048,         0,         0,    2.14,exact_mw,cb12ae119b9b2ba18d0216e7235b403229e92fd0743ede48fe7f1a2c6f45d594,"{""distance"":5,""physical_error_rate"":0.0005}","{""detection_events"":63888,""detectors_checked"":29130752}"
    103424,         0,         0,    2.15,exact_mw,cb12ae119b9b2ba18d0216e7235b403229e92fd0743ede48fe7f1a2c6f45d594,"{""distance"":5,""physical_error_rate"":0.0005}","{""detection_events"":51431,""detectors_checked"":23166976}"
    111616,         0,         0,    2.04,exact_mw,cb12ae119b9b2ba18d0216e7235b403229e92fd0743ede48fe7f1a2c6f45d594,"{""distance"":5,""physical_error_rate"":0.0005}","{""detection_events"":54331,""detectors_checked"":25001984}"
    188416,         0,         0,    4.17,exact_mw,cb12ae119b9b2ba18d0216e7235b403229e92fd0743ede48fe7f1a2c6f45d594,"{""distance"":5,""physical_error_rate"":0.0005}","{""detection_events"":92491,""detectors_checked"":42205184}"
    117760,         0,         0,    2.15,exact_mw,cb12ae119b9b2ba18d0216e7235b403229e92fd0743ede48fe7f1a2c6f45d594,"{""distance"":5,""physical_error_rate"":0.0005}","{""detection_events"":59003,""detectors_checked"":26378240}"
    124928,         0,         0,    2.17,exact_mw,cb12ae119b9b2ba18d0216e7235b403229e92fd0743ede48fe7f1a2c6f45d594,"{""distance"":5,""physical_error_rate"":0.0005}","{""detection_events"":61769,""detectors_checked"":27983872}"
    229376,         0,         0,    4.21,exact_mw,cb12ae119b9b2ba18d0216e7235b403229e92fd0743ede48fe7f1a2c6f45d594,"{""distance"":5,""physical_error_rate"":0.0005}","{""detection_events"":112698,""detectors_checked"":51380224}"
   1523712,         0,         0,    31.5,exact_mw,cb12ae119b9b2ba18d0216e7235b403229e92fd0743ede48fe7f1a2c6f45d594,"{""distance"":5,""physical_error_rate"":0.0005}","{""detection_events"":749502,""detectors_checked"":341311488}"
    191488,         0,         0,    4.16,exact_mw,cb12ae119b9b2ba18d0216e7235b403229e92fd0743ede48fe7f1a2c6f45d594,"{""distance"":5,""physical_error_rate"":0.0005}","{""detection_events"":94092,""detectors_checked"":42893312}"
     64512,         0,         0,    1.54,exact_mw,cb12ae119b9b2ba18d0216e7235b403229e92fd0743ede48fe7f1a2c6f45d594,"{""distance"":5,""physical_error_rate"":0.0005}","{""detection_events"":31701,""detectors_checked"":14450688}"
    209920,         0,         0,    4.17,exact_mw,cb12ae119b9b2ba18d0216e7235b403229e92fd0743ede48fe7f1a2c6f45d594,"{""distance"":5,""physical_error_rate"":0.0005}","{""detection_events"":103571,""detectors_checked"":47022080}"
    114688,         0,         0,    2.16,exact_mw,cb12ae119b9b2ba18d0216e7235b403229e92fd0743ede48fe7f1a2c6f45d594,"{""distance"":5,""physical_error_rate"":0.0005}","{""detection_events"":56173,""detectors_checked"":25690112}"
    125952,         0,         0,    2.17,exact_mw,cb12ae119b9b2ba18d0216e7235b403229e92fd0743ede48fe7f1a2c6f45d594,"{""distance"":5,""physical_error_rate"":0.0005}","{""detection_events"":62160,""detectors_checked"":28213248}"
    196608,         0,         0,    4.15,exact_mw,cb12ae119b9b2ba18d0216e7235b403229e92fd0743ede48fe7f1a2c6f45d594,"{""distance"":5,""physical_error_rate"":0.0005}","{""detection_events"":96113,""detectors_checked"":44040192}"
     66560,         0,         0,    1.54,exact_mw,cb12ae119b9b2ba18d0216e7235b403229e92fd0743ede48fe7f1a2c6f45d594,"{""distance"":5,""physical_error_rate"":0.0005}","{""detection_events"":32733,""detectors_checked"":14909440}"
    108544,         0,         0,    2.16,exact_mw,cb12ae119b9b2ba18d0216e7235b403229e92fd0743ede48fe7f1a2c6f45d594,"{""distance"":5,""physical_error_rate"":0.0005}","{""detection_events"":53704,""detectors_checked"":24313856}"
    101376,         0,         0,    2.19,exact_mw,cb12ae119b9b2ba18d0216e7235b403229e92fd0743ede48fe7f1a2c6f45d594,"{""distance"":5,""physical_error_rate"":0.0005}","{""detection_events"":50512,""detectors_checked"":22708224}"
    101376,         0,         0,    2.12,exact_mw,cb12ae119b9b2ba18d0216e7235b403229e92fd0743ede48fe7f1a2c6f45d594,"{""distance"":5,""physical_error_rate"":0.0005}","{""detection_events"":49314,""detectors_checked"":22708224}"
    109568,         0,         0,    2.15,exact_mw,cb12ae119b9b2ba18d0216e7235b403229e92fd0743ede48fe7f1a2c6f45d594,"{""distance"":5,""physical_error_rate"":0.0005}","{""detection_events"":54246,""detectors_checked"":24543232}"
    108544,         0,         0,    2.19,exact_mw,cb12ae119b9b2ba18d0216e7235b403229e92fd0743ede48fe7f1a2c6f45d594,"{""distance"":5,""physical_error_rate"":0.0005}","{""detection_events"":53538,""detectors_checked"":24313856}"
    227328,         0,         0,    4.24,exact_mw,cb12ae119b9b2ba18d0216e7235b403229e92fd0743ede48fe7f1a2c6f45d594,"{""distance"":5,""physical_error_rate"":0.0005}","{""detection_events"":111745,""detectors_checked"":50921472}"
     99328,         0,         0,    2.10,exact_mw,cb12ae119b9b2ba18d0216e7235b403229e92fd0743ede48fe7f1a2c6f45d594,"{""distance"":5,""physical_error_rate"":0.0005}","{""detection_events"":49159,""detectors_checked"":22249472}"
    105472,         0,         0,    2.15,exact_mw,cb12ae119b9b2ba18d0216e7235b403229e92fd0743ede48fe7f1a2c6f45d594,"{""distance"":5,""physical_error_rate"":0.0005}","{""detection_events"":52626,""detectors_checked"":23625728}"
    107520,         0,         0,    2.19,exact_mw,cb12ae119b9b2ba18d0216e7235b403229e92fd0743ede48fe7f1a2c6f45d594,"{""distance"":5,""physical_error_rate"":0.0005}","{""detection_events"":52590,""detectors_checked"":24084480}"
    115712,         0,         0,    2.10,exact_mw,cb12ae119b9b2ba18d0216e7235b403229e92fd0743ede48fe7f1a2c6f45d594,"{""distance"":5,""physical_error_rate"":0.0005}","{""detection_events"":56780,""detectors_checked"":25919488}"
    130048,         0,         0,    2.15,exact_mw,cb12ae119b9b2ba18d0216e7235b403229e92fd0743ede48fe7f1a2c6f45d594,"{""distance"":5,""physical_error_rate"":0.0005}","{""detection_events"":64193,""detectors_checked"":29130752}"
    234496,         0,         0,    4.27,exact_mw,cb12ae119b9b2ba18d0216e7235b403229e92fd0743ede48fe7f1a2c6f45d594,"{""distance"":5,""physical_error_rate"":0.0005}","{""detection_events"":115957,""detectors_checked"":52527104}"
     99328,         0,         0,    2.18,exact_mw,cb12ae119b9b2ba18d0216e7235b403229e92fd0743ede48fe7f1a2c6f45d594,"{""distance"":5,""physical_error_rate"":0.0005}","{""detection_events"":48281,""detectors_checked"":22249472}"
    118784,         0,         0,    2.09,exact_mw,cb12ae119b9b2ba18d0216e7235b403229e92fd0743ede48fe7f1a2c6f45d594,"{""distance"":5,""physical_error_rate"":0.0005}","{""detection_events"":58828,""detectors_checked"":26607616}"
    107520,         0,         0,    2.16,exact_mw,cb12ae119b9b2ba18d0216e7235b403229e92fd0743ede48fe7f1a2c6f45d594,"{""distance"":5,""physical_error_rate"":0.0005}","{""detection_events"":52583,""detectors_checked"":24084480}"
     81920,         0,         0,    2.15,exact_mw,cb12ae119b9b2ba18d0216e7235b403229e92fd0743ede48fe7f1a2c6f45d594,"{""distance"":5,""physical_error_rate"":0.0005}","{""detection_events"":39349,""detectors_checked"":18350080}"
     84992,         0,         0,    2.16,exact_mw,cb12ae119b9b2ba18d0216e7235b403229e92fd0743ede48fe7f1a2c6f45d594,"{""distance"":5,""physical_error_rate"":0.0005}","{""detection_events"":41496,""detectors_checked"":19038208}"
    102400,         0,         0,    2.18,exact_mw,cb12ae119b9b2ba18d0216e7235b403229e92fd0743ede48fe7f1a2c6f45d594,"{""distance"":5,""physical_error_rate"":0.0005}","{""detection_events"":50296,""detectors_checked"":22937600}"
    230400,         0,         0,    4.17,exact_mw,cb12ae119b9b2ba18d0216e7235b403229e92fd0743ede48fe7f1a2c6f45d594,"{""distance"":5,""physical_error_rate"":0.0005}","{""detection_events"":113527,""detectors_checked"":51609600}"
    112640,         0,         0,    2.16,exact_mw,cb12ae119b9b2ba18d0216e7235b403229e92fd0743ede48fe7f1a2c6f45d594,"{""distance"":5,""physical_error_rate"":0.0005}","{""detection_events"":55479,""detectors_checked"":25231360}"
    175104,         0,         0,    4.14,exact_mw,cb12ae119b9b2ba18d0216e7235b403229e92fd0743ede48fe7f1a2c6f45d594,"{""distance"":5,""physical_error_rate"":0.0005}","{""detection_events"":85701,""detectors_checked"":39223296}"
     87040,         0,         0,    2.04,exact_mw,cb12ae119b9b2ba18d0216e7235b403229e92fd0743ede48fe7f1a2c6f45d594,"{""distance"":5,""physical_error_rate"":0.0005}","{""detection_events"":43208,""detectors_checked"":19496960}"
     88064,         0,         0,    2.13,exact_mw,cb12ae119b9b2ba18d0216e7235b403229e92fd0743ede48fe7f1a2c6f45d594,"{""distance"":5,""physical_error_rate"":0.0005}","{""detection_events"":42900,""detectors_checked"":19726336}"
    104448,         0,         0,    2.12,exact_mw,cb12ae119b9b2ba18d0216e7235b403229e92fd0743ede48fe7f1a2c6f45d594,"{""distance"":5,""physical_error_rate"":0.0005}","{""detection_events"":51420,""detectors_checked"":23396352}"
    130048,         0,         0,    2.10,exact_mw,cb12ae119b9b2ba18d0216e7235b403229e92fd0743ede48fe7f1a2c6f45d594,"{""distance"":5,""physical_error_rate"":0.0005}","{""detection_events"":64252,""detectors_checked"":29130752}"
    192512,         0,         0,    4.22,exact_mw,cb12ae119b9b2ba18d0216e7235b403229e92fd0743ede48fe7f1a2c6f45d594,"{""distance"":5,""physical_error_rate"":0.0005}","{""detection_events"":95891,""detectors_checked"":43122688}"
    133120,         0,         0,    2.18,exact_mw,cb12ae119b9b2ba18d0216e7235b403229e92fd0743ede48fe7f1a2c6f45d594,"{""distance"":5,""physical_error_rate"":0.0005}","{""detection_events"":65418,""detectors_checked"":29818880}"
    104448,         0,         0,    2.18,exact_mw,cb12ae119b9b2ba18d0216e7235b403229e92fd0743ede48fe7f1a2c6f45d594,"{""distance"":5,""physical_error_rate"":0.0005}","{""detection_events"":51715,""detectors_checked"":23396352}"
    174080,         0,         0,    4.13,exact_mw,cb12ae119b9b2ba18d0216e7235b403229e92fd0743ede48fe7f1a2c6f45d594,"{""distance"":5,""physical_error_rate"":0.0005}","{""detection_events"":85935,""detectors_checked"":38993920}"
     92160,         0,         0,    2.07,exact_mw,cb12ae119b9b2ba18d0216e7235b403229e92fd0743ede48fe7f1a2c6f45d594,"{""distance"":5,""physical_error_rate"":0.0005}","{""detection_events"":45626,""detectors_checked"":20643840}"
    193536,         0,         0,    4.13,exact_mw,cb12ae119b9b2ba18d0216e7235b403229e92fd0743ede48fe7f1a2c6f45d594,"{""distance"":5,""physical_error_rate"":0.0005}","{""detection_events"":95207,""detectors_checked"":43352064}"
     94208,         0,         0,    2.13,exact_mw,cb12ae119b9b2ba18d0216e7235b403229e92fd0743ede48fe7f1a2c6f45d594,"{""distance"":5,""physical_error_rate"":0.0005}","{""detection_events"":45985,""detectors_checked"":21102592}"
    129024,         0,         0,    2.13,exact_mw,cb12ae119b9b2ba18d0216e7235b403229e92fd0743ede48fe7f1a2c6f45d594,"{""distance"":5,""physical_error_rate"":0.0005}","{""detection_events"":63515,""detectors_checked"":28901376}"
     89088,         0,         0,    2.16,exact_mw,cb12ae119b9b2ba18d0216e7235b403229e92fd0743ede48fe7f1a2c6f45d594,"{""distance"":5,""physical_error_rate"":0.0005}","{""detection_events"":44654,""detectors_checked"":19955712}"
     94208,         0,         0,    2.11,exact_mw,cb12ae119b9b2ba18d0216e7235b403229e92fd0743ede48fe7f1a2c6f45d594,"{""distance"":5,""physical_error_rate"":0.0005}","{""detection_events"":46745,""detectors_checked"":21102592}"
    230400,         0,         0,    4.22,exact_mw,cb12ae119b9b2ba18d0216e7235b403229e92fd0743ede48fe7f1a2c6f45d594,"{""distance"":5,""physical_error_rate"":0.0005}","{""detection_events"":112695,""detectors_checked"":51609600}"
    108544,         0,         0,    2.15,exact_mw,cb12ae119b9b2ba18d0216e7235b403229e92fd0743ede48fe7f1a2c6f45d594,"{""distance"":5,""physical_error_rate"":0.0005}","{""detection_events"":53317,""detectors_checked"":24313856}"
    110592,         0,         0,    2.17,exact_mw,cb12ae119b9b2ba18d0216e7235b403229e92fd0743ede48fe7f1a2c6f45d594,"{""distance"":5,""physical_error_rate"":0.0005}","{""detection_events"":54581,""detectors_checked"":24772608}"
     88064,         0,         0,    2.14,exact_mw,cb12ae119b9b2ba18d0216e7235b403229e92fd0743ede48fe7f1a2c6f45d594,"{""distance"":5,""physical_error_rate"":0.0005}","{""detection_events"":42472,""detectors_checked"":19726336}"
     80896,         0,         0,    2.18,exact_mw,cb12ae119b9b2ba18d0216e7235b403229e92fd0743ede48fe7f1a2c6f45d594,"{""distance"":5,""physical_error_rate"":0.0005}","{""detection_events"":39729,""detectors_checked"":18120704}"
     95232,         0,         0,    2.18,exact_mw,cb12ae119b9b2ba18d0216e7235b403229e92fd0743ede48fe7f1a2c6f45d594,"{""distance"":5,""physical_error_rate"":0.0005}","{""detection_events"":46482,""detectors_checked"":21331968}"
    205824,         0,         0,    4.22,exact_mw,cb12ae119b9b2ba18d0216e7235b403229e92fd0743ede48fe7f1a2c6f45d594,"{""distance"":5,""physical_error_rate"":0.0005}","{""detection_events"":101689,""detectors_checked"":46104576}"
    110592,         0,         0,    2.16,exact_mw,cb12ae119b9b2ba18d0216e7235b403229e92fd0743ede48fe7f1a2c6f45d594,"{""distance"":5,""physical_error_rate"":0.0005}","{""detection_events"":54783,""detectors_checked"":24772608}"
    108544,         0,         0,    2.21,exact_mw,cb12ae119b9b2ba18d0216e7235b403229e92fd0743ede48fe7f1a2c6f45d594,"{""distance"":5,""physical_error_rate"":0.0005}","{""detection_events"":53408,""detectors_checked"":24313856}"
    116736,         0,         0,    2.19,exact_mw,cb12ae119b9b2ba18d0216e7235b403229e92fd0743ede48fe7f1a2c6f45d594,"{""distance"":5,""physical_error_rate"":0.0005}","{""detection_events"":58096,""detectors_checked"":26148864}"
     89088,         0,         0,    2.20,exact_mw,cb12ae119b9b2ba18d0216e7235b403229e92fd0743ede48fe7f1a2c6f45d594,"{""distance"":5,""physical_error_rate"":0.0005}","{""detection_events"":44186,""detectors_checked"":19955712}"
     90112,         0,         0,    2.18,exact_mw,cb12ae119b9b2ba18d0216e7235b403229e92fd0743ede48fe7f1a2c6f45d594,"{""distance"":5,""physical_error_rate"":0.0005}","{""detection_events"":44249,""detectors_checked"":20185088}"
     99328,         0,         0,    2.19,exact_mw,cb12ae119b9b2ba18d0216e7235b403229e92fd0743ede48fe7f1a2c6f45d594,"{""distance"":5,""physical_error_rate"":0.0005}","{""detection_events"":48903,""detectors_checked"":22249472}"
    186368,         0,         0,    4.15,exact_mw,cb12ae119b9b2ba18d0216e7235b403229e92fd0743ede48fe7f1a2c6f45d594,"{""distance"":5,""physical_error_rate"":0.0005}","{""detection_events"":91588,""detectors_checked"":41746432}"
    108544,         0,         0,    2.17,exact_mw,cb12ae119b9b2ba18d0216e7235b403229e92fd0743ede48fe7f1a2c6f45d594,"{""distance"":5,""physical_error_rate"":0.0005}","{""detection_events"":53166,""detectors_checked"":24313856}"
     76800,         1,         0,    2.16,exact_mw,cb12ae119b9b2ba18d0216e7235b403229e92fd0743ede48fe7f1a2c6f45d594,"{""distance"":5,""physical_error_rate"":0.0005}","{""detection_events"":37670,""detectors_checked"":17203200,""obs_mistake_mask=E"":1}"
    153600,         1,         0,    3.00,exact_mw,cb12ae119b9b2ba18d0216e7235b403229e92fd0743ede48fe7f1a2c6f45d594,"{""distance"":5,""physical_error_rate"":0.0005}","{""detection_events"":74605,""detectors_checked"":34406400,""obs_mistake_mask=E"":1}"
    270336,         0,         0,    4.20,exact_mw,cb12ae119b9b2ba18d0216e7235b403229e92fd0743ede48fe7f1a2c6f45d594,"{""distance"":5,""physical_error_rate"":0.0005}","{""detection_events"":132182,""detectors_checked"":60555264}"
     82944,         0,         0,    2.16,exact_mw,cb12ae119b9b2ba18d0216e7235b403229e92fd0743ede48fe7f1a2c6f45d594,"{""distance"":5,""physical_error_rate"":0.0005}","{""detection_events"":41240,""detectors_checked"":18579456}"
    148480,         0,         0,    3.03,exact_mw,cb12ae119b9b2ba18d0216e7235b403229e92fd0743ede48fe7f1a2c6f45d594,"{""distance"":5,""physical_error_rate"":0.0005}","{""detection_events"":72806,""detectors_checked"":33259520}"
    165888,         0,         0,    3.01,exact_mw,cb12ae119b9b2ba18d0216e7235b403229e92fd0743ede48fe7f1a2c6f45d594,"{""distance"":5,""physical_error_rate"":0.0005}","{""detection_events"":81565,""detectors_checked"":37158912}"
     87040,         0,         0,    2.12,exact_mw,cb12ae119b9b2ba18d0216e7235b403229e92fd0743ede48fe7f1a2c6f45d594,"{""distance"":5,""physical_error_rate"":0.0005}","{""detection_events"":42565,""detectors_checked"":19496960}"
    137216,         0,         0,    2.98,exact_mw,cb12ae119b9b2ba18d0216e7235b403229e92fd0743ede48fe7f1a2c6f45d594,"{""distance"":5,""physical_error_rate"":0.0005}","{""detection_events"":67910,""detectors_checked"":30736384}"
    149504,         0,         0,    3.04,exact_mw,cb12ae119b9b2ba18d0216e7235b403229e92fd0743ede48fe7f1a2c6f45d594,"{""distance"":5,""physical_error_rate"":0.0005}","{""detection_events"":73170,""detectors_checked"":33488896}"
    147456,         0,         0,    3.05,exact_mw,cb12ae119b9b2ba18d0216e7235b403229e92fd0743ede48fe7f1a2c6f45d594,"{""distance"":5,""physical_error_rate"":0.0005}","{""detection_events"":72539,""detectors_checked"":33030144}"
     99328,         0,         0,    2.15,exact_mw,cb12ae119b9b2ba18d0216e7235b403229e92fd0743ede48fe7f1a2c6f45d594,"{""distance"":5,""physical_error_rate"":0.0005}","{""detection_events"":49010,""detectors_checked"":22249472}"
    791552,         0,         0,    16.1,exact_mw,cb12ae119b9b2ba18d0216e7235b403229e92fd0743ede48fe7f1a2c6f45d594,"{""distance"":5,""physical_error_rate"":0.0005}","{""detection_events"":387848,""detectors_checked"":177307648}"
    181248,         0,         0,    4.25,exact_mw,cb12ae119b9b2ba18d0216e7235b403229e92fd0743ede48fe7f1a2c6f45d594,"{""distance"":5,""physical_error_rate"":0.0005}","{""detection_events"":89695,""detectors_checked"":40599552}"
    110592,         0,         0,    3.01,exact_mw,cb12ae119b9b2ba18d0216e7235b403229e92fd0743ede48fe7f1a2c6f45d594,"{""distance"":5,""physical_error_rate"":0.0005}","{""detection_events"":54335,""detectors_checked"":24772608}"
    712704,         0,         0,    16.2,exact_mw,cb12ae119b9b2ba18d0216e7235b403229e92fd0743ede48fe7f1a2c6f45d594,"{""distance"":5,""physical_error_rate"":0.0005}","{""detection_events"":351366,""detectors_checked"":159645696}"
    140288,         0,         0,    3.03,exact_mw,cb12ae119b9b2ba18d0216e7235b403229e92fd0743ede48fe7f1a2c6f45d594,"{""distance"":5,""physical_error_rate"":0.0005}","{""detection_events"":68166,""detectors_checked"":31424512}"
    137216,         0,         0,    3.07,exact_mw,cb12ae119b9b2ba18d0216e7235b403229e92fd0743ede48fe7f1a2c6f45d594,"{""distance"":5,""physical_error_rate"":0.0005}","{""detection_events"":67408,""detectors_checked"":30736384}"
    110592,         0,         0,    3.05,exact_mw,cb12ae119b9b2ba18d0216e7235b403229e92fd0743ede48fe7f1a2c6f45d594,"{""distance"":5,""physical_error_rate"":0.0005}","{""detection_events"":54369,""detectors_checked"":24772608}"
    680960,         0,         0,    16.0,exact_mw,cb12ae119b9b2ba18d0216e7235b403229e92fd0743ede48fe7f1a2c6f45d594,"{""distance"":5,""physical_error_rate"":0.0005}","{""detection_events"":335489,""detectors_checked"":152535040}"
    121856,         0,         0,    3.01,exact_mw,cb12ae119b9b2ba18d0216e7235b403229e92fd0743ede48fe7f1a2c6f45d594,"{""distance"":5,""physical_error_rate"":0.0005}","{""detection_events"":59942,""detectors_checked"":27295744}"
    120832,         0,         0,    3.07,exact_mw,cb12ae119b9b2ba18d0216e7235b403229e92fd0743ede48fe7f1a2c6f45d594,"{""distance"":5,""physical_error_rate"":0.0005}","{""detection_events"":59778,""detectors_checked"":27066368}"
    488448,         1,         0,    5.90,exact_mw,cb12ae119b9b2ba18d0216e7235b403229e92fd0743ede48fe7f1a2c6f45d594,"{""distance"":5,""physical_error_rate"":0.0005}","{""detection_events"":241509,""detectors_checked"":109412352,""obs_mistake_mask=E"":1}"
    142336,         0,         0,    3.02,exact_mw,cb12ae119b9b2ba18d0216e7235b403229e92fd0743ede48fe7f1a2c6f45d594,"{""distance"":5,""physical_error_rate"":0.0005}","{""detection_events"":69779,""detectors_checked"":31883264}"
    136192,         0,         0,    3.02,exact_mw,cb12ae119b9b2ba18d0216e7235b403229e92fd0743ede48fe7f1a2c6f45d594,"{""distance"":5,""physical_error_rate"":0.0005}","{""detection_events"":67341,""detectors_checked"":30507008}"
    140288,         0,         0,    3.04,exact_mw,cb12ae119b9b2ba18d0216e7235b403229e92fd0743ede48fe7f1a2c6f45d594,"{""distance"":5,""physical_error_rate"":0.0005}","{""detection_events"":68415,""detectors_checked"":31424512}"
    177152,         0,         0,    3.06,exact_mw,cb12ae119b9b2ba18d0216e7235b403229e92fd0743ede48fe7f1a2c6f45d594,"{""distance"":5,""physical_error_rate"":0.0005}","{""detection_events"":87278,""detectors_checked"":39682048}"
    700416,         0,         0,    16.1,exact_mw,cb12ae119b9b2ba18d0216e7235b403229e92fd0743ede48fe7f1a2c6f45d594,"{""distance"":5,""physical_error_rate"":0.0005}","{""detection_events"":345070,""detectors_checked"":156893184}"
    126976,         0,         0,    3.06,exact_mw,cb12ae119b9b2ba18d0216e7235b403229e92fd0743ede48fe7f1a2c6f45d594,"{""distance"":5,""physical_error_rate"":0.0005}","{""detection_events"":63013,""detectors_checked"":28442624}"
   1010688,         1,         0,    16.1,exact_mw,cb12ae119b9b2ba18d0216e7235b403229e92fd0743ede48fe7f1a2c6f45d594,"{""distance"":5,""physical_error_rate"":0.0005}","{""detection_events"":496714,""detectors_checked"":226394112,""obs_mistake_mask=E"":1}"
    159744,         0,         0,    2.96,exact_mw,cb12ae119b9b2ba18d0216e7235b403229e92fd0743ede48fe7f1a2c6f45d594,"{""distance"":5,""physical_error_rate"":0.0005}","{""detection_events"":78899,""detectors_checked"":35782656}"
    131072,         0,         0,    3.06,exact_mw,cb12ae119b9b2ba18d0216e7235b403229e92fd0743ede48fe7f1a2c6f45d594,"{""distance"":5,""physical_error_rate"":0.0005}","{""detection_events"":64403,""detectors_checked"":29360128}"
   1471488,         0,         0,    31.4,exact_mw,cb12ae119b9b2ba18d0216e7235b403229e92fd0743ede48fe7f1a2c6f45d594,"{""distance"":5,""physical_error_rate"":0.0005}","{""detection_events"":721336,""detectors_checked"":329613312}"
    137216,         0,         0,    3.06,exact_mw,cb12ae119b9b2ba18d0216e7235b403229e92fd0743ede48fe7f1a2c6f45d594,"{""distance"":5,""physical_error_rate"":0.0005}","{""detection_events"":67334,""detectors_checked"":30736384}"
    135168,         0,         0,    3.04,exact_mw,cb12ae119b9b2ba18d0216e7235b403229e92fd0743ede48fe7f1a2c6f45d594,"{""distance"":5,""physical_error_rate"":0.0005}","{""detection_events"":67069,""detectors_checked"":30277632}"
    141312,         0,         0,    3.03,exact_mw,cb12ae119b9b2ba18d0216e7235b403229e92fd0743ede48fe7f1a2c6f45d594,"{""distance"":5,""physical_error_rate"":0.0005}","{""detection_events"":70265,""detectors_checked"":31653888}"
    151552,         0,         0,    3.05,exact_mw,cb12ae119b9b2ba18d0216e7235b403229e92fd0743ede48fe7f1a2c6f45d594,"{""distance"":5,""physical_error_rate"":0.0005}","{""detection_events"":75701,""detectors_checked"":33947648}"
    144384,         0,         0,    3.13,exact_mw,cb12ae119b9b2ba18d0216e7235b403229e92fd0743ede48fe7f1a2c6f45d594,"{""distance"":5,""physical_error_rate"":0.0005}","{""detection_events"":71320,""detectors_checked"":32342016}"
    140288,         0,         0,    2.95,exact_mw,cb12ae119b9b2ba18d0216e7235b403229e92fd0743ede48fe7f1a2c6f45d594,"{""distance"":5,""physical_error_rate"":0.0005}","{""detection_events"":69350,""detectors_checked"":31424512}"
    133120,         0,         0,    3.03,exact_mw,cb12ae119b9b2ba18d0216e7235b403229e92fd0743ede48fe7f1a2c6f45d594,"{""distance"":5,""physical_error_rate"":0.0005}","{""detection_events"":65292,""detectors_checked"":29818880}"
    129024,         0,         0,    3.03,exact_mw,cb12ae119b9b2ba18d0216e7235b403229e92fd0743ede48fe7f1a2c6f45d594,"{""distance"":5,""physical_error_rate"":0.0005}","{""detection_events"":64187,""detectors_checked"":28901376}"
    125952,         0,         0,    3.06,exact_mw,cb12ae119b9b2ba18d0216e7235b403229e92fd0743ede48fe7f1a2c6f45d594,"{""distance"":5,""physical_error_rate"":0.0005}","{""detection_events"":61976,""detectors_checked"":28213248}"
    163840,         0,         0,    3.03,exact_mw,cb12ae119b9b2ba18d0216e7235b403229e92fd0743ede48fe7f1a2c6f45d594,"{""distance"":5,""physical_error_rate"":0.0005}","{""detection_events"":80106,""detectors_checked"":36700160}"
    161792,         0,         0,    3.08,exact_mw,cb12ae119b9b2ba18d0216e7235b403229e92fd0743ede48fe7f1a2c6f45d594,"{""distance"":5,""physical_error_rate"":0.0005}","{""detection_events"":80461,""detectors_checked"":36241408}"
    131072,         0,         0,    3.05,exact_mw,cb12ae119b9b2ba18d0216e7235b403229e92fd0743ede48fe7f1a2c6f45d594,"{""distance"":5,""physical_error_rate"":0.0005}","{""detection_events"":64363,""detectors_checked"":29360128}"
    162816,         0,         0,    2.97,exact_mw,cb12ae119b9b2ba18d0216e7235b403229e92fd0743ede48fe7f1a2c6f45d594,"{""distance"":5,""physical_error_rate"":0.0005}","{""detection_events"":80319,""detectors_checked"":36470784}"
    133120,         0,         0,    3.04,exact_mw,cb12ae119b9b2ba18d0216e7235b403229e92fd0743ede48fe7f1a2c6f45d594,"{""distance"":5,""physical_error_rate"":0.0005}","{""detection_events"":65038,""detectors_checked"":29818880}"
    132096,         0,         0,    2.99,exact_mw,cb12ae119b9b2ba18d0216e7235b403229e92fd0743ede48fe7f1a2c6f45d594,"{""distance"":5,""physical_error_rate"":0.0005}","{""detection_events"":64990,""detectors_checked"":29589504}"
     93184,         0,         0,    3.00,exact_mw,cb12ae119b9b2ba18d0216e7235b403229e92fd0743ede48fe7f1a2c6f45d594,"{""distance"":5,""physical_error_rate"":0.0005}","{""detection_events"":45750,""detectors_checked"":20873216}"
    124928,         0,         0,    3.09,exact_mw,cb12ae119b9b2ba18d0216e7235b403229e92fd0743ede48fe7f1a2c6f45d594,"{""distance"":5,""physical_error_rate"":0.0005}","{""detection_events"":61818,""detectors_checked"":27983872}"
     94208,         0,         0,    3.05,exact_mw,cb12ae119b9b2ba18d0216e7235b403229e92fd0743ede48fe7f1a2c6f45d594,"{""distance"":5,""physical_error_rate"":0.0005}","{""detection_events"":46861,""detectors_checked"":21102592}"
    146432,         0,         0,    3.00,exact_mw,cb12ae119b9b2ba18d0216e7235b403229e92fd0743ede48fe7f1a2c6f45d594,"{""distance"":5,""physical_error_rate"":0.0005}","{""detection_events"":71784,""detectors_checked"":32800768}"
    123904,         0,         0,    3.03,exact_mw,cb12ae119b9b2ba18d0216e7235b403229e92fd0743ede48fe7f1a2c6f45d594,"{""distance"":5,""physical_error_rate"":0.0005}","{""detection_events"":60512,""detectors_checked"":27754496}"
     90112,         0,         0,    3.06,exact_mw,cb12ae119b9b2ba18d0216e7235b403229e92fd0743ede48fe7f1a2c6f45d594,"{""distance"":5,""physical_error_rate"":0.0005}","{""detection_events"":44281,""detectors_checked"":20185088}"
    179200,         0,         0,    3.05,exact_mw,cb12ae119b9b2ba18d0216e7235b403229e92fd0743ede48fe7f1a2c6f45d594,"{""distance"":5,""physical_error_rate"":0.0005}","{""detection_events"":88169,""detectors_checked"":40140800}"
    148480,         0,         0,    2.93,exact_mw,cb12ae119b9b2ba18d0216e7235b403229e92fd0743ede48fe7f1a2c6f45d594,"{""distance"":5,""physical_error_rate"":0.0005}","{""detection_events"":73188,""detectors_checked"":33259520}"
    138240,         0,         0,    3.06,exact_mw,cb12ae119b9b2ba18d0216e7235b403229e92fd0743ede48fe7f1a2c6f45d594,"{""distance"":5,""physical_error_rate"":0.0005}","{""detection_events"":67814,""detectors_checked"":30965760}"
    500736,         0,         0,    5.80,exact_mw,cb12ae119b9b2ba18d0216e7235b403229e92fd0743ede48fe7f1a2c6f45d594,"{""distance"":5,""physical_error_rate"":0.0005}","{""detection_events"":246163,""detectors_checked"":112164864}"
    151552,         0,         0,    3.06,exact_mw,cb12ae119b9b2ba18d0216e7235b403229e92fd0743ede48fe7f1a2c6f45d594,"{""distance"":5,""physical_error_rate"":0.0005}","{""detection_events"":74371,""detectors_checked"":33947648}"
    130048,         0,         0,    3.06,exact_mw,cb12ae119b9b2ba18d0216e7235b403229e92fd0743ede48fe7f1a2c6f45d594,"{""distance"":5,""physical_error_rate"":0.0005}","{""detection_events"":64591,""detectors_checked"":29130752}"
    147456,         0,         0,    3.02,exact_mw,cb12ae119b9b2ba18d0216e7235b403229e92fd0743ede48fe7f1a2c6f45d594,"{""distance"":5,""physical_error_rate"":0.0005}","{""detection_events"":72419,""detectors_checked"":33030144}"
     86016,         0,         0,    2.91,exact_mw,cb12ae119b9b2ba18d0216e7235b403229e92fd0743ede48fe7f1a2c6f45d594,"{""distance"":5,""physical_error_rate"":0.0005}","{""detection_events"":42143,""detectors_checked"":19267584}"
    168960,         0,         0,    3.16,exact_mw,cb12ae119b9b2ba18d0216e7235b403229e92fd0743ede48fe7f1a2c6f45d594,"{""distance"":5,""physical_error_rate"":0.0005}","{""detection_events"":83230,""detectors_checked"":37847040}"
    129024,         0,         0,    3.01,exact_mw,cb12ae119b9b2ba18d0216e7235b403229e92fd0743ede48fe7f1a2c6f45d594,"{""distance"":5,""physical_error_rate"":0.0005}","{""detection_events"":63667,""detectors_checked"":28901376}"
    177152,         0,         0,    3.05,exact_mw,cb12ae119b9b2ba18d0216e7235b403229e92fd0743ede48fe7f1a2c6f45d594,"{""distance"":5,""physical_error_rate"":0.0005}","{""detection_events"":86739,""detectors_checked"":39682048}"
    164864,         0,         0,    3.18,exact_mw,cb12ae119b9b2ba18d0216e7235b403229e92fd0743ede48fe7f1a2c6f45d594,"{""distance"":5,""physical_error_rate"":0.0005}","{""detection_events"":81903,""detectors_checked"":36929536}"
    162816,         0,         0,    3.02,exact_mw,cb12ae119b9b2ba18d0216e7235b403229e92fd0743ede48fe7f1a2c6f45d594,"{""distance"":5,""physical_error_rate"":0.0005}","{""detection_events"":79587,""detectors_checked"":36470784}"
    152576,         0,         0,    3.04,exact_mw,cb12ae119b9b2ba18d0216e7235b403229e92fd0743ede48fe7f1a2c6f45d594,"{""distance"":5,""physical_error_rate"":0.0005}","{""detection_events"":74648,""detectors_checked"":34177024}"
    135168,         0,         0,    3.00,exact_mw,cb12ae119b9b2ba18d0216e7235b403229e92fd0743ede48fe7f1a2c6f45d594,"{""distance"":5,""physical_error_rate"":0.0005}","{""detection_events"":66084,""detectors_checked"":30277632}"
    326656,         0,         0,    3.05,exact_mw,cb12ae119b9b2ba18d0216e7235b403229e92fd0743ede48fe7f1a2c6f45d594,"{""distance"":5,""physical_error_rate"":0.0005}","{""detection_events"":160815,""detectors_checked"":73170944}"
    147456,         0,         0,    3.02,exact_mw,cb12ae119b9b2ba18d0216e7235b403229e92fd0743ede48fe7f1a2c6f45d594,"{""distance"":5,""physical_error_rate"":0.0005}","{""detection_events"":72701,""detectors_checked"":33030144}"
    168960,         0,         0,    3.05,exact_mw,cb12ae119b9b2ba18d0216e7235b403229e92fd0743ede48fe7f1a2c6f45d594,"{""distance"":5,""physical_error_rate"":0.0005}","{""detection_events"":83988,""detectors_checked"":37847040}"
    125952,         0,         0,    3.06,exact_mw,cb12ae119b9b2ba18d0216e7235b403229e92fd0743ede48fe7f1a2c6f45d594,"{""distance"":5,""physical_error_rate"":0.0005}","{""detection_events"":61735,""detectors_checked"":28213248}"
    126976,         0,         0,    3.13,exact_mw,cb12ae119b9b2ba18d0216e7235b403229e92fd0743ede48fe7f1a2c6f45d594,"{""distance"":5,""physical_error_rate"":0.0005}","{""detection_events"":62027,""detectors_checked"":28442624}"
    138240,         0,         0,    3.02,exact_mw,cb12ae119b9b2ba18d0216e7235b403229e92fd0743ede48fe7f1a2c6f45d594,"{""distance"":5,""physical_error_rate"":0.0005}","{""detection_events"":68209,""detectors_checked"":30965760}"
    703488,         0,         0,    16.1,exact_mw,cb12ae119b9b2ba18d0216e7235b403229e92fd0743ede48fe7f1a2c6f45d594,"{""distance"":5,""physical_error_rate"":0.0005}","{""detection_events"":347030,""detectors_checked"":157581312}"
    728064,         0,         0,    16.2,exact_mw,cb12ae119b9b2ba18d0216e7235b403229e92fd0743ede48fe7f1a2c6f45d594,"{""distance"":5,""physical_error_rate"":0.0005}","{""detection_events"":358287,""detectors_checked"":163086336}"
    754688,         0,         0,    16.1,exact_mw,cb12ae119b9b2ba18d0216e7235b403229e92fd0743ede48fe7f1a2c6f45d594,"{""distance"":5,""physical_error_rate"":0.0005}","{""detection_events"":371074,""detectors_checked"":169050112}"
     65536,         0,         0,    3.11,exact_mw,cb12ae119b9b2ba18d0216e7235b403229e92fd0743ede48fe7f1a2c6f45d594,"{""distance"":5,""physical_error_rate"":0.0005}","{""detection_events"":31994,""detectors_checked"":14680064}"
    257024,         0,         0,    5.81,exact_mw,cb12ae119b9b2ba18d0216e7235b403229e92fd0743ede48fe7f1a2c6f45d594,"{""distance"":5,""physical_error_rate"":0.0005}","{""detection_events"":126167,""detectors_checked"":57573376}"
    716800,         0,         0,    16.3,exact_mw,cb12ae119b9b2ba18d0216e7235b403229e92fd0743ede48fe7f1a2c6f45d594,"{""distance"":5,""physical_error_rate"":0.0005}","{""detection_events"":352853,""detectors_checked"":160563200}"
    198656,         0,         0,    3.04,exact_mw,cb12ae119b9b2ba18d0216e7235b403229e92fd0743ede48fe7f1a2c6f45d594,"{""distance"":5,""physical_error_rate"":0.0005}","{""detection_events"":97760,""detectors_checked"":44498944}"
    353280,         0,         0,    6.09,exact_mw,cb12ae119b9b2ba18d0216e7235b403229e92fd0743ede48fe7f1a2c6f45d594,"{""distance"":5,""physical_error_rate"":0.0005}","{""detection_events"":173201,""detectors_checked"":79134720}"
    334848,         0,         0,    6.07,exact_mw,cb12ae119b9b2ba18d0216e7235b403229e92fd0743ede48fe7f1a2c6f45d594,"{""distance"":5,""physical_error_rate"":0.0005}","{""detection_events"":164932,""detectors_checked"":75005952}"
    181248,         0,         0,    3.00,exact_mw,cb12ae119b9b2ba18d0216e7235b403229e92fd0743ede48fe7f1a2c6f45d594,"{""distance"":5,""physical_error_rate"":0.0005}","{""detection_events"":89265,""detectors_checked"":40599552}"
    159744,         1,         0,    3.00,exact_mw,cb12ae119b9b2ba18d0216e7235b403229e92fd0743ede48fe7f1a2c6f45d594,"{""distance"":5,""physical_error_rate"":0.0005}","{""detection_events"":78838,""detectors_checked"":35782656,""obs_mistake_mask=E"":1}"
    555008,         1,         0,    4.25,exact_mw,cb12ae119b9b2ba18d0216e7235b403229e92fd0743ede48fe7f1a2c6f45d594,"{""distance"":5,""physical_error_rate"":0.0005}","{""detection_events"":274606,""detectors_checked"":124321792,""obs_mistake_mask=E"":1}"
    266343,         0,         0,    5.71,exact_mw,cb12ae119b9b2ba18d0216e7235b403229e92fd0743ede48fe7f1a2c6f45d594,"{""distance"":5,""physical_error_rate"":0.0005}","{""detection_events"":131962,""detectors_checked"":59660832}"
   1767424,         3,         0,    37.2,exact_mw,cb12ae119b9b2ba18d0216e7235b403229e92fd0743ede48fe7f1a2c6f45d594,"{""distance"":5,""physical_error_rate"":0.0005}","{""detection_events"":869349,""detectors_checked"":395902976,""obs_mistake_mask=E"":3}"
    246784,         0,         0,    5.85,exact_mw,cb12ae119b9b2ba18d0216e7235b403229e92fd0743ede48fe7f1a2c6f45d594,"{""distance"":5,""physical_error_rate"":0.0005}","{""detection_events"":120498,""detectors_checked"":55279616}"
    259072,         1,         0,    5.87,exact_mw,cb12ae119b9b2ba18d0216e7235b403229e92fd0743ede48fe7f1a2c6f45d594,"{""distance"":5,""physical_error_rate"":0.0005}","{""detection_events"":128127,""detectors_checked"":58032128,""obs_mistake_mask=E"":1}"
    284672,         0,         0,    5.85,exact_mw,cb12ae119b9b2ba18d0216e7235b403229e92fd0743ede48fe7f1a2c6f45d594,"{""distance"":5,""physical_error_rate"":0.0005}","{""detection_events"":139912,""detectors_checked"":63766528}"
    683008,         0,         0,    16.3,exact_mw,cb12ae119b9b2ba18d0216e7235b403229e92fd0743ede48fe7f1a2c6f45d594,"{""distance"":5,""physical_error_rate"":0.0005}","{""detection_events"":337025,""detectors_checked"":152993792}"
    272384,         0,         0,    6.02,exact_mw,cb12ae119b9b2ba18d0216e7235b403229e92fd0743ede48fe7f1a2c6f45d594,"{""distance"":5,""physical_error_rate"":0.0005}","{""detection_events"":133440,""detectors_checked"":61014016}"
    128000,         1,         0,    5.95,exact_mw,cb12ae119b9b2ba18d0216e7235b403229e92fd0743ede48fe7f1a2c6f45d594,"{""distance"":5,""physical_error_rate"":0.0005}","{""detection_events"":62842,""detectors_checked"":28672000,""obs_mistake_mask=E"":1}"
    280576,         0,         0,    5.93,exact_mw,cb12ae119b9b2ba18d0216e7235b403229e92fd0743ede48fe7f1a2c6f45d594,"{""distance"":5,""physical_error_rate"":0.0005}","{""detection_events"":137902,""detectors_checked"":62849024}"
    300032,         0,         0,    5.96,exact_mw,cb12ae119b9b2ba18d0216e7235b403229e92fd0743ede48fe7f1a2c6f45d594,"{""distance"":5,""physical_error_rate"":0.0005}","{""detection_events"":148436,""detectors_checked"":67207168}"
    263168,         0,         0,    4.27,exact_mw,cb12ae119b9b2ba18d0216e7235b403229e92fd0743ede48fe7f1a2c6f45d594,"{""distance"":5,""physical_error_rate"":0.0005}","{""detection_events"":128604,""detectors_checked"":58949632}"
    237568,         0,         0,    5.93,exact_mw,cb12ae119b9b2ba18d0216e7235b403229e92fd0743ede48fe7f1a2c6f45d594,"{""distance"":5,""physical_error_rate"":0.0005}","{""detection_events"":116920,""detectors_checked"":53215232}"
    215040,         1,         0,    4.24,exact_mw,cb12ae119b9b2ba18d0216e7235b403229e92fd0743ede48fe7f1a2c6f45d594,"{""distance"":5,""physical_error_rate"":0.0005}","{""detection_events"":105100,""detectors_checked"":48168960,""obs_mistake_mask=E"":1}"
    301056,         0,         0,    5.85,exact_mw,cb12ae119b9b2ba18d0216e7235b403229e92fd0743ede48fe7f1a2c6f45d594,"{""distance"":5,""physical_error_rate"":0.0005}","{""detection_events"":148032,""detectors_checked"":67436544}"
    326656,         0,         0,    5.81,exact_mw,cb12ae119b9b2ba18d0216e7235b403229e92fd0743ede48fe7f1a2c6f45d594,"{""distance"":5,""physical_error_rate"":0.0005}","{""detection_events"":161141,""detectors_checked"":73170944}"
     59392,         0,         0,    4.31,exact_mw,cb12ae119b9b2ba18d0216e7235b403229e92fd0743ede48fe7f1a2c6f45d594,"{""distance"":5,""physical_error_rate"":0.0005}","{""detection_events"":29137,""detectors_checked"":13303808}"
    349184,         0,         0,    5.89,exact_mw,cb12ae119b9b2ba18d0216e7235b403229e92fd0743ede48fe7f1a2c6f45d594,"{""distance"":5,""physical_error_rate"":0.0005}","{""detection_events"":171833,""detectors_checked"":78217216}"
     78848,         0,         0,    4.34,exact_mw,cb12ae119b9b2ba18d0216e7235b403229e92fd0743ede48fe7f1a2c6f45d594,"{""distance"":5,""physical_error_rate"":0.0005}","{""detection_events"":38982,""detectors_checked"":17661952}"
     59392,         0,         0,    4.17,exact_mw,cb12ae119b9b2ba18d0216e7235b403229e92fd0743ede48fe7f1a2c6f45d594,"{""distance"":5,""physical_error_rate"":0.0005}","{""detection_events"":29850,""detectors_checked"":13303808}"
    265216,         0,         0,    5.92,exact_mw,cb12ae119b9b2ba18d0216e7235b403229e92fd0743ede48fe7f1a2c6f45d594,"{""distance"":5,""physical_error_rate"":0.0005}","{""detection_events"":130157,""detectors_checked"":59408384}"
    308224,         0,         0,    5.94,exact_mw,cb12ae119b9b2ba18d0216e7235b403229e92fd0743ede48fe7f1a2c6f45d594,"{""distance"":5,""physical_error_rate"":0.0005}","{""detection_events"":152386,""detectors_checked"":69042176}"
     84992,         0,         0,    4.22,exact_mw,cb12ae119b9b2ba18d0216e7235b403229e92fd0743ede48fe7f1a2c6f45d594,"{""distance"":5,""physical_error_rate"":0.0005}","{""detection_events"":42053,""detectors_checked"":19038208}"
    120832,         0,         0,    4.25,exact_mw,cb12ae119b9b2ba18d0216e7235b403229e92fd0743ede48fe7f1a2c6f45d594,"{""distance"":5,""physical_error_rate"":0.0005}","{""detection_events"":59989,""detectors_checked"":27066368}"
    183296,         0,         0,    4.26,exact_mw,cb12ae119b9b2ba18d0216e7235b403229e92fd0743ede48fe7f1a2c6f45d594,"{""distance"":5,""physical_error_rate"":0.0005}","{""detection_events"":90692,""detectors_checked"":41058304}"
    102400,         0,         0,    4.17,exact_mw,cb12ae119b9b2ba18d0216e7235b403229e92fd0743ede48fe7f1a2c6f45d594,"{""distance"":5,""physical_error_rate"":0.0005}","{""detection_events"":50537,""detectors_checked"":22937600}"
    246784,         0,         0,    4.22,exact_mw,cb12ae119b9b2ba18d0216e7235b403229e92fd0743ede48fe7f1a2c6f45d594,"{""distance"":5,""physical_error_rate"":0.0005}","{""detection_events"":121453,""detectors_checked"":55279616}"
    202752,         0,         0,    4.15,exact_mw,cb12ae119b9b2ba18d0216e7235b403229e92fd0743ede48fe7f1a2c6f45d594,"{""distance"":5,""physical_error_rate"":0.0005}","{""detection_events"":99838,""detectors_checked"":45416448}"
    276480,         0,         0,    4.17,exact_mw,cb12ae119b9b2ba18d0216e7235b403229e92fd0743ede48fe7f1a2c6f45d594,"{""distance"":5,""physical_error_rate"":0.0005}","{""detection_events"":136850,""detectors_checked"":61931520}"
   1530022,         0,         0,    8.59,exact_mw,cb12ae119b9b2ba18d0216e7235b403229e92fd0743ede48fe7f1a2c6f45d594,"{""distance"":5,""physical_error_rate"":0.0005}","{""detection_events"":753149,""detectors_checked"":342724928}"
    310272,         1,         0,    5.93,exact_mw,cb12ae119b9b2ba18d0216e7235b403229e92fd0743ede48fe7f1a2c6f45d594,"{""distance"":5,""physical_error_rate"":0.0005}","{""detection_events"":153008,""detectors_checked"":69500928,""obs_mistake_mask=E"":1}"
    187392,         0,         0,    4.19,exact_mw,cb12ae119b9b2ba18d0216e7235b403229e92fd0743ede48fe7f1a2c6f45d594,"{""distance"":5,""physical_error_rate"":0.0005}","{""detection_events"":92639,""detectors_checked"":41975808}"
   1522688,         1,         0,    32.3,exact_mw,cb12ae119b9b2ba18d0216e7235b403229e92fd0743ede48fe7f1a2c6f45d594,"{""distance"":5,""physical_error_rate"":0.0005}","{""detection_events"":747999,""detectors_checked"":341082112,""obs_mistake_mask=E"":1}"
    193536,         0,         0,    4.16,exact_mw,cb12ae119b9b2ba18d0216e7235b403229e92fd0743ede48fe7f1a2c6f45d594,"{""distance"":5,""physical_error_rate"":0.0005}","{""detection_events"":94348,""detectors_checked"":43352064}"
    739328,         0,         0,    4.17,exact_mw,cb12ae119b9b2ba18d0216e7235b403229e92fd0743ede48fe7f1a2c6f45d594,"{""distance"":5,""physical_error_rate"":0.0005}","{""detection_events"":363339,""detectors_checked"":165609472}"
    236544,         0,         0,    4.11,exact_mw,cb12ae119b9b2ba18d0216e7235b403229e92fd0743ede48fe7f1a2c6f45d594,"{""distance"":5,""physical_error_rate"":0.0005}","{""detection_events"":116218,""detectors_checked"":52985856}"
    254976,         0,         0,    5.92,exact_mw,cb12ae119b9b2ba18d0216e7235b403229e92fd0743ede48fe7f1a2c6f45d594,"{""distance"":5,""physical_error_rate"":0.0005}","{""detection_events"":125769,""detectors_checked"":57114624}"
    199680,         0,         0,    4.14,exact_mw,cb12ae119b9b2ba18d0216e7235b403229e92fd0743ede48fe7f1a2c6f45d594,"{""distance"":5,""physical_error_rate"":0.0005}","{""detection_events"":97844,""detectors_checked"":44728320}"
    131072,         0,         0,    5.99,exact_mw,cb12ae119b9b2ba18d0216e7235b403229e92fd0743ede48fe7f1a2c6f45d594,"{""distance"":5,""physical_error_rate"":0.0005}","{""detection_events"":64536,""detectors_checked"":29360128}"
    175104,         0,         0,    4.20,exact_mw,cb12ae119b9b2ba18d0216e7235b403229e92fd0743ede48fe7f1a2c6f45d594,"{""distance"":5,""physical_error_rate"":0.0005}","{""detection_events"":86179,""detectors_checked"":39223296}"
    215040,         0,         0,    4.17,exact_mw,cb12ae119b9b2ba18d0216e7235b403229e92fd0743ede48fe7f1a2c6f45d594,"{""distance"":5,""physical_error_rate"":0.0005}","{""detection_events"":106317,""detectors_checked"":48168960}"
     65536,         0,         0,    4.21,exact_mw,cb12ae119b9b2ba18d0216e7235b403229e92fd0743ede48fe7f1a2c6f45d594,"{""distance"":5,""physical_error_rate"":0.0005}","{""detection_events"":32363,""detectors_checked"":14680064}"
    181248,         0,         0,    4.18,exact_mw,cb12ae119b9b2ba18d0216e7235b403229e92fd0743ede48fe7f1a2c6f45d594,"{""distance"":5,""physical_error_rate"":0.0005}","{""detection_events"":89911,""detectors_checked"":40599552}"
    520192,         1,         0,    4.20,exact_mw,cb12ae119b9b2ba18d0216e7235b403229e92fd0743ede48fe7f1a2c6f45d594,"{""distance"":5,""physical_error_rate"":0.0005}","{""detection_events"":256414,""detectors_checked"":116523008,""obs_mistake_mask=E"":1}"
    206848,         0,         0,    4.16,exact_mw,cb12ae119b9b2ba18d0216e7235b403229e92fd0743ede48fe7f1a2c6f45d594,"{""distance"":5,""physical_error_rate"":0.0005}","{""detection_events"":101430,""detectors_checked"":46333952}"
     51200,         0,         0,    4.13,exact_mw,cb12ae119b9b2ba18d0216e7235b403229e92fd0743ede48fe7f1a2c6f45d594,"{""distance"":5,""physical_error_rate"":0.0005}","{""detection_events"":25427,""detectors_checked"":11468800}"
     43008,         0,         0,    4.21,exact_mw,cb12ae119b9b2ba18d0216e7235b403229e92fd0743ede48fe7f1a2c6f45d594,"{""distance"":5,""physical_error_rate"":0.0005}","{""detection_events"":21004,""detectors_checked"":9633792}"
    883712,         1,         0,    4.24,exact_mw,cb12ae119b9b2ba18d0216e7235b403229e92fd0743ede48fe7f1a2c6f45d594,"{""distance"":5,""physical_error_rate"":0.0005}","{""detection_events"":434733,""detectors_checked"":197951488,""obs_mistake_mask=E"":1}"
    209920,         0,         0,    4.14,exact_mw,cb12ae119b9b2ba18d0216e7235b403229e92fd0743ede48fe7f1a2c6f45d594,"{""distance"":5,""physical_error_rate"":0.0005}","{""detection_events"":103565,""detectors_checked"":47022080}"
    198656,         0,         0,    4.18,exact_mw,cb12ae119b9b2ba18d0216e7235b403229e92fd0743ede48fe7f1a2c6f45d594,"{""distance"":5,""physical_error_rate"":0.0005}","{""detection_events"":98381,""detectors_checked"":44498944}"
    131072,         0,         0,    4.28,exact_mw,cb12ae119b9b2ba18d0216e7235b403229e92fd0743ede48fe7f1a2c6f45d594,"{""distance"":5,""physical_error_rate"":0.0005}","{""detection_events"":64446,""detectors_checked"":29360128}"
    218112,         0,         0,    4.16,exact_mw,cb12ae119b9b2ba18d0216e7235b403229e92fd0743ede48fe7f1a2c6f45d594,"{""distance"":5,""physical_error_rate"":0.0005}","{""detection_events"":107108,""detectors_checked"":48857088}"
     63488,         0,         0,    4.20,exact_mw,cb12ae119b9b2ba18d0216e7235b403229e92fd0743ede48fe7f1a2c6f45d594,"{""distance"":5,""physical_error_rate"":0.0005}","{""detection_events"":31453,""detectors_checked"":14221312}"
    217088,         0,         0,    4.18,exact_mw,cb12ae119b9b2ba18d0216e7235b403229e92fd0743ede48fe7f1a2c6f45d594,"{""distance"":5,""physical_error_rate"":0.0005}","{""detection_events"":107074,""detectors_checked"":48627712}"
     57344,         0,         0,    4.23,exact_mw,cb12ae119b9b2ba18d0216e7235b403229e92fd0743ede48fe7f1a2c6f45d594,"{""distance"":5,""physical_error_rate"":0.0005}","{""detection_events"":28294,""detectors_checked"":12845056}"
    241664,         0,         0,    4.20,exact_mw,cb12ae119b9b2ba18d0216e7235b403229e92fd0743ede48fe7f1a2c6f45d594,"{""distance"":5,""physical_error_rate"":0.0005}","{""detection_events"":119296,""detectors_checked"":54132736}"
    193536,         1,         0,    4.17,exact_mw,cb12ae119b9b2ba18d0216e7235b403229e92fd0743ede48fe7f1a2c6f45d594,"{""distance"":5,""physical_error_rate"":0.0005}","{""detection_events"":95515,""detectors_checked"":43352064,""obs_mistake_mask=E"":1}"
     49152,         0,         0,    3.96,exact_mw,cb12ae119b9b2ba18d0216e7235b403229e92fd0743ede48fe7f1a2c6f45d594,"{""distance"":5,""physical_error_rate"":0.0005}","{""detection_events"":23973,""detectors_checked"":11010048}"
     48128,         0,         0,    4.30,exact_mw,cb12ae119b9b2ba18d0216e7235b403229e92fd0743ede48fe7f1a2c6f45d594,"{""distance"":5,""physical_error_rate"":0.0005}","{""detection_events"":23651,""detectors_checked"":10780672}"
     72704,         0,         0,    4.06,exact_mw,cb12ae119b9b2ba18d0216e7235b403229e92fd0743ede48fe7f1a2c6f45d594,"{""distance"":5,""physical_error_rate"":0.0005}","{""detection_events"":35714,""detectors_checked"":16285696}"
    173056,         0,         0,    4.17,exact_mw,cb12ae119b9b2ba18d0216e7235b403229e92fd0743ede48fe7f1a2c6f45d594,"{""distance"":5,""physical_error_rate"":0.0005}","{""detection_events"":84725,""detectors_checked"":38764544}"
    171008,         1,         0,    4.21,exact_mw,cb12ae119b9b2ba18d0216e7235b403229e92fd0743ede48fe7f1a2c6f45d594,"{""distance"":5,""physical_error_rate"":0.0005}","{""detection_events"":83765,""detectors_checked"":38305792,""obs_mistake_mask=E"":1}"
     48128,         0,         0,    4.41,exact_mw,cb12ae119b9b2ba18d0216e7235b403229e92fd0743ede48fe7f1a2c6f45d594,"{""distance"":5,""physical_error_rate"":0.0005}","{""detection_events"":23741,""detectors_checked"":10780672}"
    198656,         0,         0,    4.20,exact_mw,cb12ae119b9b2ba18d0216e7235b403229e92fd0743ede48fe7f1a2c6f45d594,"{""distance"":5,""physical_error_rate"":0.0005}","{""detection_events"":97425,""detectors_checked"":44498944}"
    177152,         0,         0,    4.17,exact_mw,cb12ae119b9b2ba18d0216e7235b403229e92fd0743ede48fe7f1a2c6f45d594,"{""distance"":5,""physical_error_rate"":0.0005}","{""detection_events"":86675,""detectors_checked"":39682048}"
    159744,         0,         0,    4.15,exact_mw,cb12ae119b9b2ba18d0216e7235b403229e92fd0743ede48fe7f1a2c6f45d594,"{""distance"":5,""physical_error_rate"":0.0005}","{""detection_events"":78405,""detectors_checked"":35782656}"
    201728,         0,         0,    4.08,exact_mw,cb12ae119b9b2ba18d0216e7235b403229e92fd0743ede48fe7f1a2c6f45d594,"{""distance"":5,""physical_error_rate"":0.0005}","{""detection_events"":98522,""detectors_checked"":45187072}"
    194560,         0,         0,    4.22,exact_mw,cb12ae119b9b2ba18d0216e7235b403229e92fd0743ede48fe7f1a2c6f45d594,"{""distance"":5,""physical_error_rate"":0.0005}","{""detection_events"":95946,""detectors_checked"":43581440}"
     95232,         0,         0,    4.28,exact_mw,cb12ae119b9b2ba18d0216e7235b403229e92fd0743ede48fe7f1a2c6f45d594,"{""distance"":5,""physical_error_rate"":0.0005}","{""detection_events"":46200,""detectors_checked"":21331968}"
    183296,         0,         0,    4.18,exact_mw,cb12ae119b9b2ba18d0216e7235b403229e92fd0743ede48fe7f1a2c6f45d594,"{""distance"":5,""physical_error_rate"":0.0005}","{""detection_events"":90294,""detectors_checked"":41058304}"
    238592,         0,         0,    4.21,exact_mw,cb12ae119b9b2ba18d0216e7235b403229e92fd0743ede48fe7f1a2c6f45d594,"{""distance"":5,""physical_error_rate"":0.0005}","{""detection_events"":116748,""detectors_checked"":53444608}"
    101376,         0,         0,    4.24,exact_mw,cb12ae119b9b2ba18d0216e7235b403229e92fd0743ede48fe7f1a2c6f45d594,"{""distance"":5,""physical_error_rate"":0.0005}","{""detection_events"":50260,""detectors_checked"":22708224}"
    256000,         0,         0,    5.72,exact_mw,cb12ae119b9b2ba18d0216e7235b403229e92fd0743ede48fe7f1a2c6f45d594,"{""distance"":5,""physical_error_rate"":0.0005}","{""detection_events"":126575,""detectors_checked"":57344000}"
    378880,         0,         0,    4.13,exact_mw,cb12ae119b9b2ba18d0216e7235b403229e92fd0743ede48fe7f1a2c6f45d594,"{""distance"":5,""physical_error_rate"":0.0005}","{""detection_events"":186015,""detectors_checked"":84869120}"
    212992,         1,         0,    4.24,exact_mw,cb12ae119b9b2ba18d0216e7235b403229e92fd0743ede48fe7f1a2c6f45d594,"{""distance"":5,""physical_error_rate"":0.0005}","{""detection_events"":103993,""detectors_checked"":47710208,""obs_mistake_mask=E"":1}"
    206848,         0,         0,    4.11,exact_mw,cb12ae119b9b2ba18d0216e7235b403229e92fd0743ede48fe7f1a2c6f45d594,"{""distance"":5,""physical_error_rate"":0.0005}","{""detection_events"":101008,""detectors_checked"":46333952}"
    290816,         0,         0,    4.19,exact_mw,cb12ae119b9b2ba18d0216e7235b403229e92fd0743ede48fe7f1a2c6f45d594,"{""distance"":5,""physical_error_rate"":0.0005}","{""detection_events"":142880,""detectors_checked"":65142784}"
    244736,         0,         0,    4.21,exact_mw,cb12ae119b9b2ba18d0216e7235b403229e92fd0743ede48fe7f1a2c6f45d594,"{""distance"":5,""physical_error_rate"":0.0005}","{""detection_events"":120914,""detectors_checked"":54820864}"
    180224,         0,         0,    4.20,exact_mw,cb12ae119b9b2ba18d0216e7235b403229e92fd0743ede48fe7f1a2c6f45d594,"{""distance"":5,""physical_error_rate"":0.0005}","{""detection_events"":87789,""detectors_checked"":40370176}"
    193536,         0,         0,    4.19,exact_mw,cb12ae119b9b2ba18d0216e7235b403229e92fd0743ede48fe7f1a2c6f45d594,"{""distance"":5,""physical_error_rate"":0.0005}","{""detection_events"":94758,""detectors_checked"":43352064}"
   1456325,         1,         0,    5.69,exact_mw,cb12ae119b9b2ba18d0216e7235b403229e92fd0743ede48fe7f1a2c6f45d594,"{""distance"":5,""physical_error_rate"":0.0005}","{""detection_events"":718384,""detectors_checked"":326216800,""obs_mistake_mask=E"":1}"
    179200,         0,         0,    4.24,exact_mw,cb12ae119b9b2ba18d0216e7235b403229e92fd0743ede48fe7f1a2c6f45d594,"{""distance"":5,""physical_error_rate"":0.0005}","{""detection_events"":88268,""detectors_checked"":40140800}"
    160768,         0,         0,    4.18,exact_mw,cb12ae119b9b2ba18d0216e7235b403229e92fd0743ede48fe7f1a2c6f45d594,"{""distance"":5,""physical_error_rate"":0.0005}","{""detection_events"":78936,""detectors_checked"":36012032}"
   1353347,         1,         0,    4.98,exact_mw,cb12ae119b9b2ba18d0216e7235b403229e92fd0743ede48fe7f1a2c6f45d594,"{""distance"":5,""physical_error_rate"":0.0005}","{""detection_events"":664672,""detectors_checked"":303149728,""obs_mistake_mask=E"":1}"
     94208,         0,         0,    4.19,exact_mw,cb12ae119b9b2ba18d0216e7235b403229e92fd0743ede48fe7f1a2c6f45d594,"{""distance"":5,""physical_error_rate"":0.0005}","{""detection_events"":47114,""detectors_checked"":21102592}"
   1340118,         1,         0,    28.7,exact_mw,cb12ae119b9b2ba18d0216e7235b403229e92fd0743ede48fe7f1a2c6f45d594,"{""distance"":5,""physical_error_rate"":0.0005}","{""detection_events"":662332,""detectors_checked"":300186432,""obs_mistake_mask=E"":1}"
    210944,         0,         0,    4.05,exact_mw,cb12ae119b9b2ba18d0216e7235b403229e92fd0743ede48fe7f1a2c6f45d594,"{""distance"":5,""physical_error_rate"":0.0005}","{""detection_events"":103396,""detectors_checked"":47251456}"
   1328912,         0,         0,    22.1,exact_mw,cb12ae119b9b2ba18d0216e7235b403229e92fd0743ede48fe7f1a2c6f45d594,"{""distance"":5,""physical_error_rate"":0.0005}","{""detection_events"":655335,""detectors_checked"":297676288}"
    224256,         1,         0,    4.11,exact_mw,cb12ae119b9b2ba18d0216e7235b403229e92fd0743ede48fe7f1a2c6f45d594,"{""distance"":5,""physical_error_rate"":0.0005}","{""detection_events"":110473,""detectors_checked"":50233344,""obs_mistake_mask=E"":1}"
    201728,         0,         0,    4.17,exact_mw,cb12ae119b9b2ba18d0216e7235b403229e92fd0743ede48fe7f1a2c6f45d594,"{""distance"":5,""physical_error_rate"":0.0005}","{""detection_events"":99827,""detectors_checked"":45187072}"
   1316882,         0,         0,    8.50,exact_mw,cb12ae119b9b2ba18d0216e7235b403229e92fd0743ede48fe7f1a2c6f45d594,"{""distance"":5,""physical_error_rate"":0.0005}","{""detection_events"":650070,""detectors_checked"":294981568}"
    700416,         0,         0,    5.76,exact_mw,cb12ae119b9b2ba18d0216e7235b403229e92fd0743ede48fe7f1a2c6f45d594,"{""distance"":5,""physical_error_rate"":0.0005}","{""detection_events"":346096,""detectors_checked"":156893184}"
    442368,         0,         0,    5.88,exact_mw,cb12ae119b9b2ba18d0216e7235b403229e92fd0743ede48fe7f1a2c6f45d594,"{""distance"":5,""physical_error_rate"":0.0005}","{""detection_events"":217854,""detectors_checked"":99090432}"
    358400,         0,         0,    5.70,exact_mw,cb12ae119b9b2ba18d0216e7235b403229e92fd0743ede48fe7f1a2c6f45d594,"{""distance"":5,""physical_error_rate"":0.0005}","{""detection_events"":177237,""detectors_checked"":80281600}"
    226304,         0,         0,    5.90,exact_mw,cb12ae119b9b2ba18d0216e7235b403229e92fd0743ede48fe7f1a2c6f45d594,"{""distance"":5,""physical_error_rate"":0.0005}","{""detection_events"":110995,""detectors_checked"":50692096}"
    240640,         0,         0,    5.83,exact_mw,cb12ae119b9b2ba18d0216e7235b403229e92fd0743ede48fe7f1a2c6f45d594,"{""distance"":5,""physical_error_rate"":0.0005}","{""detection_events"":118443,""detectors_checked"":53903360}"
    340992,         0,         0,    5.90,exact_mw,cb12ae119b9b2ba18d0216e7235b403229e92fd0743ede48fe7f1a2c6f45d594,"{""distance"":5,""physical_error_rate"":0.0005}","{""detection_events"":166607,""detectors_checked"":76382208}"
   1303266,         0,         0,    25.1,exact_mw,cb12ae119b9b2ba18d0216e7235b403229e92fd0743ede48fe7f1a2c6f45d594,"{""distance"":5,""physical_error_rate"":0.0005}","{""detection_events"":641054,""detectors_checked"":291931584}"
   1275904,         2,         0,    25.1,exact_mw,cb12ae119b9b2ba18d0216e7235b403229e92fd0743ede48fe7f1a2c6f45d594,"{""distance"":5,""physical_error_rate"":0.0005}","{""detection_events"":626135,""detectors_checked"":285802496,""obs_mistake_mask=E"":2}"
   1275044,         0,         0,    25.3,exact_mw,cb12ae119b9b2ba18d0216e7235b403229e92fd0743ede48fe7f1a2c6f45d594,"{""distance"":5,""physical_error_rate"":0.0005}","{""detection_events"":626375,""detectors_checked"":285609856}"
    253952,         0,         0,    5.73,exact_mw,cb12ae119b9b2ba18d0216e7235b403229e92fd0743ede48fe7f1a2c6f45d594,"{""distance"":5,""physical_error_rate"":0.0005}","{""detection_events"":123351,""detectors_checked"":56885248}"
   1263616,         0,         0,    25.6,exact_mw,cb12ae119b9b2ba18d0216e7235b403229e92fd0743ede48fe7f1a2c6f45d594,"{""distance"":5,""physical_error_rate"":0.0005}","{""detection_events"":621321,""detectors_checked"":283049984}"
    262144,         0,         0,    5.77,exact_mw,cb12ae119b9b2ba18d0216e7235b403229e92fd0743ede48fe7f1a2c6f45d594,"{""distance"":5,""physical_error_rate"":0.0005}","{""detection_events"":130185,""detectors_checked"":58720256}"
    293888,         0,         0,    5.87,exact_mw,cb12ae119b9b2ba18d0216e7235b403229e92fd0743ede48fe7f1a2c6f45d594,"{""distance"":5,""physical_error_rate"":0.0005}","{""detection_events"":144587,""detectors_checked"":65830912}"
    401408,         0,         0,    8.01,exact_mw,cb12ae119b9b2ba18d0216e7235b403229e92fd0743ede48fe7f1a2c6f45d594,"{""distance"":5,""physical_error_rate"":0.0005}","{""detection_events"":198234,""detectors_checked"":89915392}"
    247808,         0,         0,    5.65,exact_mw,cb12ae119b9b2ba18d0216e7235b403229e92fd0743ede48fe7f1a2c6f45d594,"{""distance"":5,""physical_error_rate"":0.0005}","{""detection_events"":122392,""detectors_checked"":55508992}"
   1255115,         0,         0,    25.5,exact_mw,cb12ae119b9b2ba18d0216e7235b403229e92fd0743ede48fe7f1a2c6f45d594,"{""distance"":5,""physical_error_rate"":0.0005}","{""detection_events"":615323,""detectors_checked"":281145760}"
    279552,         0,         0,    5.92,exact_mw,cb12ae119b9b2ba18d0216e7235b403229e92fd0743ede48fe7f1a2c6f45d594,"{""distance"":5,""physical_error_rate"":0.0005}","{""detection_events"":138161,""detectors_checked"":62619648}"
   1229824,         0,         0,    25.5,exact_mw,cb12ae119b9b2ba18d0216e7235b403229e92fd0743ede48fe7f1a2c6f45d594,"{""distance"":5,""physical_error_rate"":0.0005}","{""detection_events"":604360,""detectors_checked"":275480576}"
    340992,         0,         0,    5.85,exact_mw,cb12ae119b9b2ba18d0216e7235b403229e92fd0743ede48fe7f1a2c6f45d594,"{""distance"":5,""physical_error_rate"":0.0005}","{""detection_events"":166920,""detectors_checked"":76382208}"
   1255115,         2,         0,    25.5,exact_mw,cb12ae119b9b2ba18d0216e7235b403229e92fd0743ede48fe7f1a2c6f45d594,"{""distance"":5,""physical_error_rate"":0.0005}","{""detection_events"":617579,""detectors_checked"":281145760,""obs_mistake_mask=E"":2}"
   1268736,         1,         0,    25.5,exact_mw,cb12ae119b9b2ba18d0216e7235b403229e92fd0743ede48fe7f1a2c6f45d594,"{""distance"":5,""physical_error_rate"":0.0005}","{""detection_events"":623364,""detectors_checked"":284196864,""obs_mistake_mask=E"":1}"
   1206272,         0,         0,    5.79,exact_mw,cb12ae119b9b2ba18d0216e7235b403229e92fd0743ede48fe7f1a2c6f45d594,"{""distance"":5,""physical_error_rate"":0.0005}","{""detection_events"":593529,""detectors_checked"":270204928}"
   1200128,         0,         0,    25.6,exact_mw,cb12ae119b9b2ba18d0216e7235b403229e92fd0743ede48fe7f1a2c6f45d594,"{""distance"":5,""physical_error_rate"":0.0005}","{""detection_events"":591558,""detectors_checked"":268828672}"
    344064,         0,         0,    5.73,exact_mw,cb12ae119b9b2ba18d0216e7235b403229e92fd0743ede48fe7f1a2c6f45d594,"{""distance"":5,""physical_error_rate"":0.0005}","{""detection_events"":169183,""detectors_checked"":77070336}"
   1203200,         1,         0,    23.2,exact_mw,cb12ae119b9b2ba18d0216e7235b403229e92fd0743ede48fe7f1a2c6f45d594,"{""distance"":5,""physical_error_rate"":0.0005}","{""detection_events"":591991,""detectors_checked"":269516800,""obs_mistake_mask=E"":1}"
    309248,         0,         0,    5.85,exact_mw,cb12ae119b9b2ba18d0216e7235b403229e92fd0743ede48fe7f1a2c6f45d594,"{""distance"":5,""physical_error_rate"":0.0005}","{""detection_events"":151804,""detectors_checked"":69271552}"
    317440,         0,         0,    5.93,exact_mw,cb12ae119b9b2ba18d0216e7235b403229e92fd0743ede48fe7f1a2c6f45d594,"{""distance"":5,""physical_error_rate"":0.0005}","{""detection_events"":155308,""detectors_checked"":71106560}"
    642048,         0,         0,    5.82,exact_mw,cb12ae119b9b2ba18d0216e7235b403229e92fd0743ede48fe7f1a2c6f45d594,"{""distance"":5,""physical_error_rate"":0.0005}","{""detection_events"":314555,""detectors_checked"":143818752}"
    305152,         0,         0,    5.90,exact_mw,cb12ae119b9b2ba18d0216e7235b403229e92fd0743ede48fe7f1a2c6f45d594,"{""distance"":5,""physical_error_rate"":0.0005}","{""detection_events"":151378,""detectors_checked"":68354048}"
    302080,         0,         0,    5.79,exact_mw,cb12ae119b9b2ba18d0216e7235b403229e92fd0743ede48fe7f1a2c6f45d594,"{""distance"":5,""physical_error_rate"":0.0005}","{""detection_events"":148165,""detectors_checked"":67665920}"
    172032,         0,         0,    7.85,exact_mw,cb12ae119b9b2ba18d0216e7235b403229e92fd0743ede48fe7f1a2c6f45d594,"{""distance"":5,""physical_error_rate"":0.0005}","{""detection_events"":84595,""detectors_checked"":38535168}"
    324608,         0,         0,    8.17,exact_mw,cb12ae119b9b2ba18d0216e7235b403229e92fd0743ede48fe7f1a2c6f45d594,"{""distance"":5,""physical_error_rate"":0.0005}","{""detection_events"":159390,""detectors_checked"":72712192}"
    237568,         0,         0,    5.80,exact_mw,cb12ae119b9b2ba18d0216e7235b403229e92fd0743ede48fe7f1a2c6f45d594,"{""distance"":5,""physical_error_rate"":0.0005}","{""detection_events"":117169,""detectors_checked"":53215232}"
    260096,         0,         0,    5.81,exact_mw,cb12ae119b9b2ba18d0216e7235b403229e92fd0743ede48fe7f1a2c6f45d594,"{""distance"":5,""physical_error_rate"":0.0005}","{""detection_events"":127245,""detectors_checked"":58261504}"
    282624,         0,         0,    5.84,exact_mw,cb12ae119b9b2ba18d0216e7235b403229e92fd0743ede48fe7f1a2c6f45d594,"{""distance"":5,""physical_error_rate"":0.0005}","{""detection_events"":139246,""detectors_checked"":63307776}"
    293888,         0,         0,    5.77,exact_mw,cb12ae119b9b2ba18d0216e7235b403229e92fd0743ede48fe7f1a2c6f45d594,"{""distance"":5,""physical_error_rate"":0.0005}","{""detection_events"":143497,""detectors_checked"":65830912}"
    267264,         0,         0,    5.75,exact_mw,cb12ae119b9b2ba18d0216e7235b403229e92fd0743ede48fe7f1a2c6f45d594,"{""distance"":5,""physical_error_rate"":0.0005}","{""detection_events"":130456,""detectors_checked"":59867136}"
    523264,         1,         0,    5.73,exact_mw,cb12ae119b9b2ba18d0216e7235b403229e92fd0743ede48fe7f1a2c6f45d594,"{""distance"":5,""physical_error_rate"":0.0005}","{""detection_events"":258563,""detectors_checked"":117211136,""obs_mistake_mask=E"":1}"
    311296,         0,         0,    5.76,exact_mw,cb12ae119b9b2ba18d0216e7235b403229e92fd0743ede48fe7f1a2c6f45d594,"{""distance"":5,""physical_error_rate"":0.0005}","{""detection_events"":152332,""detectors_checked"":69730304}"
    707584,         1,         0,    5.79,exact_mw,cb12ae119b9b2ba18d0216e7235b403229e92fd0743ede48fe7f1a2c6f45d594,"{""distance"":5,""physical_error_rate"":0.0005}","{""detection_events"":347954,""detectors_checked"":158498816,""obs_mistake_mask=E"":1}"
    237568,         0,         0,    5.95,exact_mw,cb12ae119b9b2ba18d0216e7235b403229e92fd0743ede48fe7f1a2c6f45d594,"{""distance"":5,""physical_error_rate"":0.0005}","{""detection_events"":116571,""detectors_checked"":53215232}"
    311296,         2,         0,    5.70,exact_mw,cb12ae119b9b2ba18d0216e7235b403229e92fd0743ede48fe7f1a2c6f45d594,"{""distance"":5,""physical_error_rate"":0.0005}","{""detection_events"":154333,""detectors_checked"":69730304,""obs_mistake_mask=E"":2}"
    232448,         0,         0,    5.76,exact_mw,cb12ae119b9b2ba18d0216e7235b403229e92fd0743ede48fe7f1a2c6f45d594,"{""distance"":5,""physical_error_rate"":0.0005}","{""detection_events"":113858,""detectors_checked"":52068352}"
    214016,         0,         0,    5.86,exact_mw,cb12ae119b9b2ba18d0216e7235b403229e92fd0743ede48fe7f1a2c6f45d594,"{""distance"":5,""physical_error_rate"":0.0005}","{""detection_events"":104558,""detectors_checked"":47939584}"
    137216,         0,         0,    5.94,exact_mw,cb12ae119b9b2ba18d0216e7235b403229e92fd0743ede48fe7f1a2c6f45d594,"{""distance"":5,""physical_error_rate"":0.0005}","{""detection_events"":67119,""detectors_checked"":30736384}"
    350208,         0,         0,    5.83,exact_mw,cb12ae119b9b2ba18d0216e7235b403229e92fd0743ede48fe7f1a2c6f45d594,"{""distance"":5,""physical_error_rate"":0.0005}","{""detection_events"":172118,""detectors_checked"":78446592}"
    188416,         0,         0,    5.67,exact_mw,cb12ae119b9b2ba18d0216e7235b403229e92fd0743ede48fe7f1a2c6f45d594,"{""distance"":5,""physical_error_rate"":0.0005}","{""detection_events"":91867,""detectors_checked"":42205184}"
    180224,         1,         0,    5.83,exact_mw,cb12ae119b9b2ba18d0216e7235b403229e92fd0743ede48fe7f1a2c6f45d594,"{""distance"":5,""physical_error_rate"":0.0005}","{""detection_events"":88451,""detectors_checked"":40370176,""obs_mistake_mask=E"":1}"
   1199776,         0,         0,    26.2,exact_mw,cb12ae119b9b2ba18d0216e7235b403229e92fd0743ede48fe7f1a2c6f45d594,"{""distance"":5,""physical_error_rate"":0.0005}","{""detection_events"":590689,""detectors_checked"":268749824}"
    315392,         0,         0,    5.84,exact_mw,cb12ae119b9b2ba18d0216e7235b403229e92fd0743ede48fe7f1a2c6f45d594,"{""distance"":5,""physical_error_rate"":0.0005}","{""detection_events"":154992,""detectors_checked"":70647808}"
    340992,         0,         0,    5.81,exact_mw,cb12ae119b9b2ba18d0216e7235b403229e92fd0743ede48fe7f1a2c6f45d594,"{""distance"":5,""physical_error_rate"":0.0005}","{""detection_events"":167757,""detectors_checked"":76382208}"
   1147904,         0,         0,    26.3,exact_mw,cb12ae119b9b2ba18d0216e7235b403229e92fd0743ede48fe7f1a2c6f45d594,"{""distance"":5,""physical_error_rate"":0.0005}","{""detection_events"":565204,""detectors_checked"":257130496}"
    295936,         0,         0,    5.72,exact_mw,cb12ae119b9b2ba18d0216e7235b403229e92fd0743ede48fe7f1a2c6f45d594,"{""distance"":5,""physical_error_rate"":0.0005}","{""detection_events"":144720,""detectors_checked"":66289664}"
   1094075,         0,         0,    24.0,exact_mw,cb12ae119b9b2ba18d0216e7235b403229e92fd0743ede48fe7f1a2c6f45d594,"{""distance"":5,""physical_error_rate"":0.0005}","{""detection_events"":537747,""detectors_checked"":245072800}"
    295936,         0,         0,    5.78,exact_mw,cb12ae119b9b2ba18d0216e7235b403229e92fd0743ede48fe7f1a2c6f45d594,"{""distance"":5,""physical_error_rate"":0.0005}","{""detection_events"":146405,""detectors_checked"":66289664}"
   1148928,         0,         0,    26.3,exact_mw,cb12ae119b9b2ba18d0216e7235b403229e92fd0743ede48fe7f1a2c6f45d594,"{""distance"":5,""physical_error_rate"":0.0005}","{""detection_events"":566741,""detectors_checked"":257359872}"
    290816,         0,         0,    5.77,exact_mw,cb12ae119b9b2ba18d0216e7235b403229e92fd0743ede48fe7f1a2c6f45d594,"{""distance"":5,""physical_error_rate"":0.0005}","{""detection_events"":144428,""detectors_checked"":65142784}"
    260096,         1,         0,    5.75,exact_mw,cb12ae119b9b2ba18d0216e7235b403229e92fd0743ede48fe7f1a2c6f45d594,"{""distance"":5,""physical_error_rate"":0.0005}","{""detection_events"":126174,""detectors_checked"":58261504,""obs_mistake_mask=E"":1}"
    149504,         1,         0,    5.82,exact_mw,cb12ae119b9b2ba18d0216e7235b403229e92fd0743ede48fe7f1a2c6f45d594,"{""distance"":5,""physical_error_rate"":0.0005}","{""detection_events"":73117,""detectors_checked"":33488896,""obs_mistake_mask=E"":1}"
    243712,         1,         0,    5.85,exact_mw,cb12ae119b9b2ba18d0216e7235b403229e92fd0743ede48fe7f1a2c6f45d594,"{""distance"":5,""physical_error_rate"":0.0005}","{""detection_events"":120241,""detectors_checked"":54591488,""obs_mistake_mask=E"":1}"
    307200,         0,         0,    5.73,exact_mw,cb12ae119b9b2ba18d0216e7235b403229e92fd0743ede48fe7f1a2c6f45d594,"{""distance"":5,""physical_error_rate"":0.0005}","{""detection_events"":151182,""detectors_checked"":68812800}"
   1090560,         0,         0,    26.4,exact_mw,cb12ae119b9b2ba18d0216e7235b403229e92fd0743ede48fe7f1a2c6f45d594,"{""distance"":5,""physical_error_rate"":0.0005}","{""detection_events"":537820,""detectors_checked"":244285440}"
    290816,         0,         0,    5.78,exact_mw,cb12ae119b9b2ba18d0216e7235b403229e92fd0743ede48fe7f1a2c6f45d594,"{""distance"":5,""physical_error_rate"":0.0005}","{""detection_events"":141284,""detectors_checked"":65142784}"
    189440,         0,         0,    5.70,exact_mw,cb12ae119b9b2ba18d0216e7235b403229e92fd0743ede48fe7f1a2c6f45d594,"{""distance"":5,""physical_error_rate"":0.0005}","{""detection_events"":92797,""detectors_checked"":42434560}"
    194560,         0,         0,    5.73,exact_mw,cb12ae119b9b2ba18d0216e7235b403229e92fd0743ede48fe7f1a2c6f45d594,"{""distance"":5,""physical_error_rate"":0.0005}","{""detection_events"":95197,""detectors_checked"":43581440}"
    240640,         0,         0,    5.82,exact_mw,cb12ae119b9b2ba18d0216e7235b403229e92fd0743ede48fe7f1a2c6f45d594,"{""distance"":5,""physical_error_rate"":0.0005}","{""detection_events"":118186,""detectors_checked"":53903360}"
    231424,         0,         0,    5.61,exact_mw,cb12ae119b9b2ba18d0216e7235b403229e92fd0743ede48fe7f1a2c6f45d594,"{""distance"":5,""physical_error_rate"":0.0005}","{""detection_events"":114342,""detectors_checked"":51838976}"
    208896,         0,         0,    5.64,exact_mw,cb12ae119b9b2ba18d0216e7235b403229e92fd0743ede48fe7f1a2c6f45d594,"{""distance"":5,""physical_error_rate"":0.0005}","{""detection_events"":103012,""detectors_checked"":46792704}"
    470016,         0,         0,    7.99,exact_mw,cb12ae119b9b2ba18d0216e7235b403229e92fd0743ede48fe7f1a2c6f45d594,"{""distance"":5,""physical_error_rate"":0.0005}","{""detection_events"":230890,""detectors_checked"":105283584}"
    305152,         0,         0,    5.91,exact_mw,cb12ae119b9b2ba18d0216e7235b403229e92fd0743ede48fe7f1a2c6f45d594,"{""distance"":5,""physical_error_rate"":0.0005}","{""detection_events"":150542,""detectors_checked"":68354048}"
    288768,         0,         0,    5.65,exact_mw,cb12ae119b9b2ba18d0216e7235b403229e92fd0743ede48fe7f1a2c6f45d594,"{""distance"":5,""physical_error_rate"":0.0005}","{""detection_events"":142649,""detectors_checked"":64684032}"
    284672,         0,         0,    5.81,exact_mw,cb12ae119b9b2ba18d0216e7235b403229e92fd0743ede48fe7f1a2c6f45d594,"{""distance"":5,""physical_error_rate"":0.0005}","{""detection_events"":140427,""detectors_checked"":63766528}"
    406528,         0,         0,    8.14,exact_mw,cb12ae119b9b2ba18d0216e7235b403229e92fd0743ede48fe7f1a2c6f45d594,"{""distance"":5,""physical_error_rate"":0.0005}","{""detection_events"":198952,""detectors_checked"":91062272}"
    353280,         0,         0,    8.06,exact_mw,cb12ae119b9b2ba18d0216e7235b403229e92fd0743ede48fe7f1a2c6f45d594,"{""distance"":5,""physical_error_rate"":0.0005}","{""detection_events"":173961,""detectors_checked"":79134720}"
    309248,         0,         0,    5.52,exact_mw,cb12ae119b9b2ba18d0216e7235b403229e92fd0743ede48fe7f1a2c6f45d594,"{""distance"":5,""physical_error_rate"":0.0005}","{""detection_events"":152046,""detectors_checked"":69271552}"
    288768,         0,         0,    5.70,exact_mw,cb12ae119b9b2ba18d0216e7235b403229e92fd0743ede48fe7f1a2c6f45d594,"{""distance"":5,""physical_error_rate"":0.0005}","{""detection_events"":140926,""detectors_checked"":64684032}"
    199680,         0,         0,    5.67,exact_mw,cb12ae119b9b2ba18d0216e7235b403229e92fd0743ede48fe7f1a2c6f45d594,"{""distance"":5,""physical_error_rate"":0.0005}","{""detection_events"":98685,""detectors_checked"":44728320}"
    203776,         0,         0,    5.57,exact_mw,cb12ae119b9b2ba18d0216e7235b403229e92fd0743ede48fe7f1a2c6f45d594,"{""distance"":5,""physical_error_rate"":0.0005}","{""detection_events"":100172,""detectors_checked"":45645824}"
    468992,         0,         0,    5.91,exact_mw,cb12ae119b9b2ba18d0216e7235b403229e92fd0743ede48fe7f1a2c6f45d594,"{""distance"":5,""physical_error_rate"":0.0005}","{""detection_events"":231163,""detectors_checked"":105054208}"
    293888,         0,         0,    5.82,exact_mw,cb12ae119b9b2ba18d0216e7235b403229e92fd0743ede48fe7f1a2c6f45d594,"{""distance"":5,""physical_error_rate"":0.0005}","{""detection_events"":145145,""detectors_checked"":65830912}"
    224256,         0,         0,    8.06,exact_mw,cb12ae119b9b2ba18d0216e7235b403229e92fd0743ede48fe7f1a2c6f45d594,"{""distance"":5,""physical_error_rate"":0.0005}","{""detection_events"":110388,""detectors_checked"":50233344}"
    271360,         0,         0,    5.70,exact_mw,cb12ae119b9b2ba18d0216e7235b403229e92fd0743ede48fe7f1a2c6f45d594,"{""distance"":5,""physical_error_rate"":0.0005}","{""detection_events"":133197,""detectors_checked"":60784640}"
    377856,         0,         0,    8.08,exact_mw,cb12ae119b9b2ba18d0216e7235b403229e92fd0743ede48fe7f1a2c6f45d594,"{""distance"":5,""physical_error_rate"":0.0005}","{""detection_events"":185508,""detectors_checked"":84639744}"
    503808,         0,         0,    8.13,exact_mw,cb12ae119b9b2ba18d0216e7235b403229e92fd0743ede48fe7f1a2c6f45d594,"{""distance"":5,""physical_error_rate"":0.0005}","{""detection_events"":246398,""detectors_checked"":112852992}"
   1069119,         1,         0,    5.93,exact_mw,cb12ae119b9b2ba18d0216e7235b403229e92fd0743ede48fe7f1a2c6f45d594,"{""distance"":5,""physical_error_rate"":0.0005}","{""detection_events"":524797,""detectors_checked"":239482656,""obs_mistake_mask=E"":1}"
   1029120,         0,         0,    27.0,exact_mw,cb12ae119b9b2ba18d0216e7235b403229e92fd0743ede48fe7f1a2c6f45d594,"{""distance"":5,""physical_error_rate"":0.0005}","{""detection_events"":506565,""detectors_checked"":230522880}"
    176128,         0,         0,    5.87,exact_mw,cb12ae119b9b2ba18d0216e7235b403229e92fd0743ede48fe7f1a2c6f45d594,"{""distance"":5,""physical_error_rate"":0.0005}","{""detection_events"":86948,""detectors_checked"":39452672}"
    144384,         0,         0,    5.75,exact_mw,cb12ae119b9b2ba18d0216e7235b403229e92fd0743ede48fe7f1a2c6f45d594,"{""distance"":5,""physical_error_rate"":0.0005}","{""detection_events"":71230,""detectors_checked"":32342016}"
    390144,         0,         0,    8.18,exact_mw,cb12ae119b9b2ba18d0216e7235b403229e92fd0743ede48fe7f1a2c6f45d594,"{""distance"":5,""physical_error_rate"":0.0005}","{""detection_events"":192691,""detectors_checked"":87392256}"
    591872,         0,         0,    8.05,exact_mw,cb12ae119b9b2ba18d0216e7235b403229e92fd0743ede48fe7f1a2c6f45d594,"{""distance"":5,""physical_error_rate"":0.0005}","{""detection_events"":291800,""detectors_checked"":132579328}"
    271360,         0,         0,    8.17,exact_mw,cb12ae119b9b2ba18d0216e7235b403229e92fd0743ede48fe7f1a2c6f45d594,"{""distance"":5,""physical_error_rate"":0.0005}","{""detection_events"":133510,""detectors_checked"":60784640}"
    361472,         0,         0,    8.13,exact_mw,cb12ae119b9b2ba18d0216e7235b403229e92fd0743ede48fe7f1a2c6f45d594,"{""distance"":5,""physical_error_rate"":0.0005}","{""detection_events"":176749,""detectors_checked"":80969728}"
    979575,         1,         0,    19.4,exact_mw,cb12ae119b9b2ba18d0216e7235b403229e92fd0743ede48fe7f1a2c6f45d594,"{""distance"":5,""physical_error_rate"":0.0005}","{""detection_events"":482636,""detectors_checked"":219424800,""obs_mistake_mask=E"":1}"
    373760,         0,         0,    8.12,exact_mw,cb12ae119b9b2ba18d0216e7235b403229e92fd0743ede48fe7f1a2c6f45d594,"{""distance"":5,""physical_error_rate"":0.0005}","{""detection_events"":183214,""detectors_checked"":83722240}"
    501760,         1,         0,    7.93,exact_mw,cb12ae119b9b2ba18d0216e7235b403229e92fd0743ede48fe7f1a2c6f45d594,"{""distance"":5,""physical_error_rate"":0.0005}","{""detection_events"":245983,""detectors_checked"":112394240,""obs_mistake_mask=E"":1}"
    285696,         0,         0,    5.73,exact_mw,cb12ae119b9b2ba18d0216e7235b403229e92fd0743ede48fe7f1a2c6f45d594,"{""distance"":5,""physical_error_rate"":0.0005}","{""detection_events"":141182,""detectors_checked"":63995904}"
    396288,         0,         0,    7.79,exact_mw,cb12ae119b9b2ba18d0216e7235b403229e92fd0743ede48fe7f1a2c6f45d594,"{""distance"":5,""physical_error_rate"":0.0005}","{""detection_events"":195055,""detectors_checked"":88768512}"
    482304,         1,         0,    8.08,exact_mw,cb12ae119b9b2ba18d0216e7235b403229e92fd0743ede48fe7f1a2c6f45d594,"{""distance"":5,""physical_error_rate"":0.0005}","{""detection_events"":238036,""detectors_checked"":108036096,""obs_mistake_mask=E"":1}"
    261120,         0,         0,    5.82,exact_mw,cb12ae119b9b2ba18d0216e7235b403229e92fd0743ede48fe7f1a2c6f45d594,"{""distance"":5,""physical_error_rate"":0.0005}","{""detection_events"":128207,""detectors_checked"":58490880}"
    209920,         0,         0,    5.70,exact_mw,cb12ae119b9b2ba18d0216e7235b403229e92fd0743ede48fe7f1a2c6f45d594,"{""distance"":5,""physical_error_rate"":0.0005}","{""detection_events"":103046,""detectors_checked"":47022080}"
    459776,         0,         0,    7.94,exact_mw,cb12ae119b9b2ba18d0216e7235b403229e92fd0743ede48fe7f1a2c6f45d594,"{""distance"":5,""physical_error_rate"":0.0005}","{""detection_events"":224039,""detectors_checked"":102989824}"
    379904,         0,         0,    8.16,exact_mw,cb12ae119b9b2ba18d0216e7235b403229e92fd0743ede48fe7f1a2c6f45d594,"{""distance"":5,""physical_error_rate"":0.0005}","{""detection_events"":187343,""detectors_checked"":85098496}"
    948762,         1,         0,    19.3,exact_mw,cb12ae119b9b2ba18d0216e7235b403229e92fd0743ede48fe7f1a2c6f45d594,"{""distance"":5,""physical_error_rate"":0.0005}","{""detection_events"":469260,""detectors_checked"":212522688,""obs_mistake_mask=E"":1}"
    923648,         0,         0,    19.5,exact_mw,cb12ae119b9b2ba18d0216e7235b403229e92fd0743ede48fe7f1a2c6f45d594,"{""distance"":5,""physical_error_rate"":0.0005}","{""detection_events"":454205,""detectors_checked"":206897152}"
    431104,         0,         0,    7.75,exact_mw,cb12ae119b9b2ba18d0216e7235b403229e92fd0743ede48fe7f1a2c6f45d594,"{""distance"":5,""physical_error_rate"":0.0005}","{""detection_events"":211838,""detectors_checked"":96567296}"
    915174,         0,         0,    18.3,exact_mw,cb12ae119b9b2ba18d0216e7235b403229e92fd0743ede48fe7f1a2c6f45d594,"{""distance"":5,""physical_error_rate"":0.0005}","{""detection_events"":449344,""detectors_checked"":204998976}"
    906240,         0,         0,    7.81,exact_mw,cb12ae119b9b2ba18d0216e7235b403229e92fd0743ede48fe7f1a2c6f45d594,"{""distance"":5,""physical_error_rate"":0.0005}","{""detection_events"":443786,""detectors_checked"":202997760}"
    897440,         0,         0,    18.8,exact_mw,cb12ae119b9b2ba18d0216e7235b403229e92fd0743ede48fe7f1a2c6f45d594,"{""distance"":5,""physical_error_rate"":0.0005}","{""detection_events"":440713,""detectors_checked"":201026560}"
    883349,         0,         0,    18.0,exact_mw,cb12ae119b9b2ba18d0216e7235b403229e92fd0743ede48fe7f1a2c6f45d594,"{""distance"":5,""physical_error_rate"":0.0005}","{""detection_events"":433773,""detectors_checked"":197870176}"
    876447,         0,         0,    19.8,exact_mw,cb12ae119b9b2ba18d0216e7235b403229e92fd0743ede48fe7f1a2c6f45d594,"{""distance"":5,""physical_error_rate"":0.0005}","{""detection_events"":430249,""detectors_checked"":196324128}"
    869600,         0,         0,    20.6,exact_mw,cb12ae119b9b2ba18d0216e7235b403229e92fd0743ede48fe7f1a2c6f45d594,"{""distance"":5,""physical_error_rate"":0.0005}","{""detection_events"":426869,""detectors_checked"":194790400}"
    862806,         0,         0,    14.4,exact_mw,cb12ae119b9b2ba18d0216e7235b403229e92fd0743ede48fe7f1a2c6f45d594,"{""distance"":5,""physical_error_rate"":0.0005}","{""detection_events"":425270,""detectors_checked"":193268544}"
    526336,         0,         0,    7.89,exact_mw,cb12ae119b9b2ba18d0216e7235b403229e92fd0743ede48fe7f1a2c6f45d594,"{""distance"":5,""physical_error_rate"":0.0005}","{""detection_events"":258863,""detectors_checked"":117899264}"
    400384,         0,         0,    7.81,exact_mw,cb12ae119b9b2ba18d0216e7235b403229e92fd0743ede48fe7f1a2c6f45d594,"{""distance"":5,""physical_error_rate"":0.0005}","{""detection_events"":197343,""detectors_checked"":89686016}"
    355328,         0,         0,    7.62,exact_mw,cb12ae119b9b2ba18d0216e7235b403229e92fd0743ede48fe7f1a2c6f45d594,"{""distance"":5,""physical_error_rate"":0.0005}","{""detection_events"":174713,""detectors_checked"":79593472}"
    364544,         0,         0,    7.50,exact_mw,cb12ae119b9b2ba18d0216e7235b403229e92fd0743ede48fe7f1a2c6f45d594,"{""distance"":5,""physical_error_rate"":0.0005}","{""detection_events"":179505,""detectors_checked"":81657856}"
    351232,         0,         0,    7.76,exact_mw,cb12ae119b9b2ba18d0216e7235b403229e92fd0743ede48fe7f1a2c6f45d594,"{""distance"":5,""physical_error_rate"":0.0005}","{""detection_events"":173080,""detectors_checked"":78675968}"
    856066,         2,         0,    15.7,exact_mw,cb12ae119b9b2ba18d0216e7235b403229e92fd0743ede48fe7f1a2c6f45d594,"{""distance"":5,""physical_error_rate"":0.0005}","{""detection_events"":422233,""detectors_checked"":191758784,""obs_mistake_mask=E"":2}"
    399360,         0,         0,    7.74,exact_mw,cb12ae119b9b2ba18d0216e7235b403229e92fd0743ede48fe7f1a2c6f45d594,"{""distance"":5,""physical_error_rate"":0.0005}","{""detection_events"":197028,""detectors_checked"":89456640}"
    833770,         0,         0,    17.5,exact_mw,cb12ae119b9b2ba18d0216e7235b403229e92fd0743ede48fe7f1a2c6f45d594,"{""distance"":5,""physical_error_rate"":0.0005}","{""detection_events"":409883,""detectors_checked"":186764480}"
    826368,         0,         0,    7.37,exact_mw,cb12ae119b9b2ba18d0216e7235b403229e92fd0743ede48fe7f1a2c6f45d594,"{""distance"":5,""physical_error_rate"":0.0005}","{""detection_events"":407253,""detectors_checked"":185106432}"
    831488,         1,         0,    16.8,exact_mw,cb12ae119b9b2ba18d0216e7235b403229e92fd0743ede48fe7f1a2c6f45d594,"{""distance"":5,""physical_error_rate"":0.0005}","{""detection_events"":408736,""detectors_checked"":186253312,""obs_mistake_mask=E"":1}"
    398336,         0,         0,    7.58,exact_mw,cb12ae119b9b2ba18d0216e7235b403229e92fd0743ede48fe7f1a2c6f45d594,"{""distance"":5,""physical_error_rate"":0.0005}","{""detection_events"":196030,""detectors_checked"":89227264}"
    350208,         0,         0,    7.56,exact_mw,cb12ae119b9b2ba18d0216e7235b403229e92fd0743ede48fe7f1a2c6f45d594,"{""distance"":5,""physical_error_rate"":0.0005}","{""detection_events"":172191,""detectors_checked"":78446592}"
    394240,         0,         0,    7.59,exact_mw,cb12ae119b9b2ba18d0216e7235b403229e92fd0743ede48fe7f1a2c6f45d594,"{""distance"":5,""physical_error_rate"":0.0005}","{""detection_events"":194910,""detectors_checked"":88309760}"
    421888,         0,         0,    7.79,exact_mw,cb12ae119b9b2ba18d0216e7235b403229e92fd0743ede48fe7f1a2c6f45d594,"{""distance"":5,""physical_error_rate"":0.0005}","{""detection_events"":207054,""detectors_checked"":94502912}"
    429056,         1,         0,    7.83,exact_mw,cb12ae119b9b2ba18d0216e7235b403229e92fd0743ede48fe7f1a2c6f45d594,"{""distance"":5,""physical_error_rate"":0.0005}","{""detection_events"":211661,""detectors_checked"":96108544,""obs_mistake_mask=E"":1}"
    413696,         0,         0,    7.73,exact_mw,cb12ae119b9b2ba18d0216e7235b403229e92fd0743ede48fe7f1a2c6f45d594,"{""distance"":5,""physical_error_rate"":0.0005}","{""detection_events"":203486,""detectors_checked"":92667904}"
    390144,         0,         0,    7.76,exact_mw,cb12ae119b9b2ba18d0216e7235b403229e92fd0743ede48fe7f1a2c6f45d594,"{""distance"":5,""physical_error_rate"":0.0005}","{""detection_events"":192647,""detectors_checked"":87392256}"
    353280,         0,         0,    7.50,exact_mw,cb12ae119b9b2ba18d0216e7235b403229e92fd0743ede48fe7f1a2c6f45d594,"{""distance"":5,""physical_error_rate"":0.0005}","{""detection_events"":174153,""detectors_checked"":79134720}"
    348160,         1,         0,    7.58,exact_mw,cb12ae119b9b2ba18d0216e7235b403229e92fd0743ede48fe7f1a2c6f45d594,"{""distance"":5,""physical_error_rate"":0.0005}","{""detection_events"":171276,""detectors_checked"":77987840,""obs_mistake_mask=E"":1}"
    824136,         0,         0,    14.6,exact_mw,cb12ae119b9b2ba18d0216e7235b403229e92fd0743ede48fe7f1a2c6f45d594,"{""distance"":5,""physical_error_rate"":0.0005}","{""detection_events"":405102,""detectors_checked"":184606464}"
    822272,         0,         0,    17.4,exact_mw,cb12ae119b9b2ba18d0216e7235b403229e92fd0743ede48fe7f1a2c6f45d594,"{""distance"":5,""physical_error_rate"":0.0005}","{""detection_events"":403748,""detectors_checked"":184188928}"
    820224,         1,         0,    16.2,exact_mw,cb12ae119b9b2ba18d0216e7235b403229e92fd0743ede48fe7f1a2c6f45d594,"{""distance"":5,""physical_error_rate"":0.0005}","{""detection_events"":402575,""detectors_checked"":183730176,""obs_mistake_mask=E"":1}"
    324608,         0,         0,    7.38,exact_mw,cb12ae119b9b2ba18d0216e7235b403229e92fd0743ede48fe7f1a2c6f45d594,"{""distance"":5,""physical_error_rate"":0.0005}","{""detection_events"":160454,""detectors_checked"":72712192}"
    803840,         0,         0,    22.1,exact_mw,cb12ae119b9b2ba18d0216e7235b403229e92fd0743ede48fe7f1a2c6f45d594,"{""distance"":5,""physical_error_rate"":0.0005}","{""detection_events"":396268,""detectors_checked"":180060160}"
    455680,         0,         0,    7.94,exact_mw,cb12ae119b9b2ba18d0216e7235b403229e92fd0743ede48fe7f1a2c6f45d594,"{""distance"":5,""physical_error_rate"":0.0005}","{""detection_events"":225275,""detectors_checked"":102072320}"
    798720,         0,         0,    18.0,exact_mw,cb12ae119b9b2ba18d0216e7235b403229e92fd0743ede48fe7f1a2c6f45d594,"{""distance"":5,""physical_error_rate"":0.0005}","{""detection_events"":394232,""detectors_checked"":178913280}"
    362496,         1,         0,    7.68,exact_mw,cb12ae119b9b2ba18d0216e7235b403229e92fd0743ede48fe7f1a2c6f45d594,"{""distance"":5,""physical_error_rate"":0.0005}","{""detection_events"":178164,""detectors_checked"":81199104,""obs_mistake_mask=E"":1}"
    777409,         0,         0,    13.6,exact_mw,cb12ae119b9b2ba18d0216e7235b403229e92fd0743ede48fe7f1a2c6f45d594,"{""distance"":5,""physical_error_rate"":0.0005}","{""detection_events"":383079,""detectors_checked"":174139616}"
    777216,         0,         0,    15.8,exact_mw,cb12ae119b9b2ba18d0216e7235b403229e92fd0743ede48fe7f1a2c6f45d594,"{""distance"":5,""physical_error_rate"":0.0005}","{""detection_events"":382672,""detectors_checked"":174096384}"
    758784,         0,         0,    6.40,exact_mw,cb12ae119b9b2ba18d0216e7235b403229e92fd0743ede48fe7f1a2c6f45d594,"{""distance"":5,""physical_error_rate"":0.0005}","{""detection_events"":372370,""detectors_checked"":169967616}"
    296960,         0,         0,    7.46,exact_mw,cb12ae119b9b2ba18d0216e7235b403229e92fd0743ede48fe7f1a2c6f45d594,"{""distance"":5,""physical_error_rate"":0.0005}","{""detection_events"":147298,""detectors_checked"":66519040}"
    340992,         0,         0,    7.68,exact_mw,cb12ae119b9b2ba18d0216e7235b403229e92fd0743ede48fe7f1a2c6f45d594,"{""distance"":5,""physical_error_rate"":0.0005}","{""detection_events"":168653,""detectors_checked"":76382208}"
    358400,         1,         0,    7.36,exact_mw,cb12ae119b9b2ba18d0216e7235b403229e92fd0743ede48fe7f1a2c6f45d594,"{""distance"":5,""physical_error_rate"":0.0005}","{""detection_events"":175617,""detectors_checked"":80281600,""obs_mistake_mask=E"":1}"
    398336,         0,         0,    7.88,exact_mw,cb12ae119b9b2ba18d0216e7235b403229e92fd0743ede48fe7f1a2c6f45d594,"{""distance"":5,""physical_error_rate"":0.0005}","{""detection_events"":196021,""detectors_checked"":89227264}"
    543744,         0,         0,    7.80,exact_mw,cb12ae119b9b2ba18d0216e7235b403229e92fd0743ede48fe7f1a2c6f45d594,"{""distance"":5,""physical_error_rate"":0.0005}","{""detection_events"":265876,""detectors_checked"":121798656}"
    350208,         0,         0,    7.47,exact_mw,cb12ae119b9b2ba18d0216e7235b403229e92fd0743ede48fe7f1a2c6f45d594,"{""distance"":5,""physical_error_rate"":0.0005}","{""detection_events"":172723,""detectors_checked"":78446592}"
    362496,         0,         0,    7.87,exact_mw,cb12ae119b9b2ba18d0216e7235b403229e92fd0743ede48fe7f1a2c6f45d594,"{""distance"":5,""physical_error_rate"":0.0005}","{""detection_events"":178113,""detectors_checked"":81199104}"
    457728,         0,         0,    7.67,exact_mw,cb12ae119b9b2ba18d0216e7235b403229e92fd0743ede48fe7f1a2c6f45d594,"{""distance"":5,""physical_error_rate"":0.0005}","{""detection_events"":226393,""detectors_checked"":102531072}"
    376832,         0,         0,    7.64,exact_mw,cb12ae119b9b2ba18d0216e7235b403229e92fd0743ede48fe7f1a2c6f45d594,"{""distance"":5,""physical_error_rate"":0.0005}","{""detection_events"":184530,""detectors_checked"":84410368}"
    348160,         0,         0,    7.55,exact_mw,cb12ae119b9b2ba18d0216e7235b403229e92fd0743ede48fe7f1a2c6f45d594,"{""distance"":5,""physical_error_rate"":0.0005}","{""detection_events"":171939,""detectors_checked"":77987840}"
    405504,         0,         0,    7.66,exact_mw,cb12ae119b9b2ba18d0216e7235b403229e92fd0743ede48fe7f1a2c6f45d594,"{""distance"":5,""physical_error_rate"":0.0005}","{""detection_events"":199431,""detectors_checked"":90832896}"
    350208,         0,         0,    7.65,exact_mw,cb12ae119b9b2ba18d0216e7235b403229e92fd0743ede48fe7f1a2c6f45d594,"{""distance"":5,""physical_error_rate"":0.0005}","{""detection_events"":170927,""detectors_checked"":78446592}"
    737056,         1,         0,    9.91,exact_mw,cb12ae119b9b2ba18d0216e7235b403229e92fd0743ede48fe7f1a2c6f45d594,"{""distance"":5,""physical_error_rate"":0.0005}","{""detection_events"":363606,""detectors_checked"":165100544,""obs_mistake_mask=E"":1}"
    692224,         0,         0,    15.4,exact_mw,cb12ae119b9b2ba18d0216e7235b403229e92fd0743ede48fe7f1a2c6f45d594,"{""distance"":5,""physical_error_rate"":0.0005}","{""detection_events"":341283,""detectors_checked"":155058176}"
    694272,         1,         0,    14.6,exact_mw,cb12ae119b9b2ba18d0216e7235b403229e92fd0743ede48fe7f1a2c6f45d594,"{""distance"":5,""physical_error_rate"":0.0005}","{""detection_events"":341250,""detectors_checked"":155516928,""obs_mistake_mask=E"":1}"
    388096,         0,         0,    7.80,exact_mw,cb12ae119b9b2ba18d0216e7235b403229e92fd0743ede48fe7f1a2c6f45d594,"{""distance"":5,""physical_error_rate"":0.0005}","{""detection_events"":189258,""detectors_checked"":86933504}"
    323584,         0,         0,    7.53,exact_mw,cb12ae119b9b2ba18d0216e7235b403229e92fd0743ede48fe7f1a2c6f45d594,"{""distance"":5,""physical_error_rate"":0.0005}","{""detection_events"":160321,""detectors_checked"":72482816}"
    327680,         0,         0,    7.54,exact_mw,cb12ae119b9b2ba18d0216e7235b403229e92fd0743ede48fe7f1a2c6f45d594,"{""distance"":5,""physical_error_rate"":0.0005}","{""detection_events"":160143,""detectors_checked"":73400320}"
    418816,         1,         0,    7.79,exact_mw,cb12ae119b9b2ba18d0216e7235b403229e92fd0743ede48fe7f1a2c6f45d594,"{""distance"":5,""physical_error_rate"":0.0005}","{""detection_events"":205803,""detectors_checked"":93814784,""obs_mistake_mask=E"":1}"
    472064,         0,         0,    7.82,exact_mw,cb12ae119b9b2ba18d0216e7235b403229e92fd0743ede48fe7f1a2c6f45d594,"{""distance"":5,""physical_error_rate"":0.0005}","{""detection_events"":231929,""detectors_checked"":105742336}"
    380928,         0,         0,    7.61,exact_mw,cb12ae119b9b2ba18d0216e7235b403229e92fd0743ede48fe7f1a2c6f45d594,"{""distance"":5,""physical_error_rate"":0.0005}","{""detection_events"":186171,""detectors_checked"":85327872}"
    338944,         0,         0,    7.30,exact_mw,cb12ae119b9b2ba18d0216e7235b403229e92fd0743ede48fe7f1a2c6f45d594,"{""distance"":5,""physical_error_rate"":0.0005}","{""detection_events"":167397,""detectors_checked"":75923456}"
    356352,         0,         0,    7.35,exact_mw,cb12ae119b9b2ba18d0216e7235b403229e92fd0743ede48fe7f1a2c6f45d594,"{""distance"":5,""physical_error_rate"":0.0005}","{""detection_events"":174859,""detectors_checked"":79822848}"
    345088,         0,         0,    7.35,exact_mw,cb12ae119b9b2ba18d0216e7235b403229e92fd0743ede48fe7f1a2c6f45d594,"{""distance"":5,""physical_error_rate"":0.0005}","{""detection_events"":170067,""detectors_checked"":77299712}"
    352256,         0,         0,    7.66,exact_mw,cb12ae119b9b2ba18d0216e7235b403229e92fd0743ede48fe7f1a2c6f45d594,"{""distance"":5,""physical_error_rate"":0.0005}","{""detection_events"":174820,""detectors_checked"":78905344}"
    350208,         0,         0,    7.60,exact_mw,cb12ae119b9b2ba18d0216e7235b403229e92fd0743ede48fe7f1a2c6f45d594,"{""distance"":5,""physical_error_rate"":0.0005}","{""detection_events"":173605,""detectors_checked"":78446592}"
    363520,         0,         0,    7.45,exact_mw,cb12ae119b9b2ba18d0216e7235b403229e92fd0743ede48fe7f1a2c6f45d594,"{""distance"":5,""physical_error_rate"":0.0005}","{""detection_events"":177256,""detectors_checked"":81428480}"
    420864,         0,         0,    7.69,exact_mw,cb12ae119b9b2ba18d0216e7235b403229e92fd0743ede48fe7f1a2c6f45d594,"{""distance"":5,""physical_error_rate"":0.0005}","{""detection_events"":206334,""detectors_checked"":94273536}"
    471040,         0,         0,    7.63,exact_mw,cb12ae119b9b2ba18d0216e7235b403229e92fd0743ede48fe7f1a2c6f45d594,"{""distance"":5,""physical_error_rate"":0.0005}","{""detection_events"":231094,""detectors_checked"":105512960}"
    430080,         0,         0,    7.76,exact_mw,cb12ae119b9b2ba18d0216e7235b403229e92fd0743ede48fe7f1a2c6f45d594,"{""distance"":5,""physical_error_rate"":0.0005}","{""detection_events"":210742,""detectors_checked"":96337920}"
    454656,         0,         0,    7.86,exact_mw,cb12ae119b9b2ba18d0216e7235b403229e92fd0743ede48fe7f1a2c6f45d594,"{""distance"":5,""physical_error_rate"":0.0005}","{""detection_events"":222755,""detectors_checked"":101842944}"
    413696,         0,         0,    7.63,exact_mw,cb12ae119b9b2ba18d0216e7235b403229e92fd0743ede48fe7f1a2c6f45d594,"{""distance"":5,""physical_error_rate"":0.0005}","{""detection_events"":203153,""detectors_checked"":92667904}"
    391168,         0,         0,    7.71,exact_mw,cb12ae119b9b2ba18d0216e7235b403229e92fd0743ede48fe7f1a2c6f45d594,"{""distance"":5,""physical_error_rate"":0.0005}","{""detection_events"":191813,""detectors_checked"":87621632}"
    413696,         0,         0,    7.70,exact_mw,cb12ae119b9b2ba18d0216e7235b403229e92fd0743ede48fe7f1a2c6f45d594,"{""distance"":5,""physical_error_rate"":0.0005}","{""detection_events"":204478,""detectors_checked"":92667904}"
    362496,         1,         0,    7.71,exact_mw,cb12ae119b9b2ba18d0216e7235b403229e92fd0743ede48fe7f1a2c6f45d594,"{""distance"":5,""physical_error_rate"":0.0005}","{""detection_events"":177693,""detectors_checked"":81199104,""obs_mistake_mask=E"":1}"
    402432,         0,         0,    7.78,exact_mw,cb12ae119b9b2ba18d0216e7235b403229e92fd0743ede48fe7f1a2c6f45d594,"{""distance"":5,""physical_error_rate"":0.0005}","{""detection_events"":197105,""detectors_checked"":90144768}"
    351232,         0,         0,    7.59,exact_mw,cb12ae119b9b2ba18d0216e7235b403229e92fd0743ede48fe7f1a2c6f45d594,"{""distance"":5,""physical_error_rate"":0.0005}","{""detection_events"":173081,""detectors_checked"":78675968}"
    364544,         0,         0,    7.63,exact_mw,cb12ae119b9b2ba18d0216e7235b403229e92fd0743ede48fe7f1a2c6f45d594,"{""distance"":5,""physical_error_rate"":0.0005}","{""detection_events"":179055,""detectors_checked"":81657856}"
    362496,         0,         0,    7.54,exact_mw,cb12ae119b9b2ba18d0216e7235b403229e92fd0743ede48fe7f1a2c6f45d594,"{""distance"":5,""physical_error_rate"":0.0005}","{""detection_events"":178297,""detectors_checked"":81199104}"
    392192,         0,         0,    7.57,exact_mw,cb12ae119b9b2ba18d0216e7235b403229e92fd0743ede48fe7f1a2c6f45d594,"{""distance"":5,""physical_error_rate"":0.0005}","{""detection_events"":192347,""detectors_checked"":87851008}"
    367616,         0,         0,    7.57,exact_mw,cb12ae119b9b2ba18d0216e7235b403229e92fd0743ede48fe7f1a2c6f45d594,"{""distance"":5,""physical_error_rate"":0.0005}","{""detection_events"":181001,""detectors_checked"":82345984}"
    494592,         0,         0,    7.97,exact_mw,cb12ae119b9b2ba18d0216e7235b403229e92fd0743ede48fe7f1a2c6f45d594,"{""distance"":5,""physical_error_rate"":0.0005}","{""detection_events"":244214,""detectors_checked"":110788608}"
    406528,         0,         0,    7.77,exact_mw,cb12ae119b9b2ba18d0216e7235b403229e92fd0743ede48fe7f1a2c6f45d594,"{""distance"":5,""physical_error_rate"":0.0005}","{""detection_events"":200022,""detectors_checked"":91062272}"
    305152,         0,         0,    7.42,exact_mw,cb12ae119b9b2ba18d0216e7235b403229e92fd0743ede48fe7f1a2c6f45d594,"{""distance"":5,""physical_error_rate"":0.0005}","{""detection_events"":150769,""detectors_checked"":68354048}"
    384000,         0,         0,    7.45,exact_mw,cb12ae119b9b2ba18d0216e7235b403229e92fd0743ede48fe7f1a2c6f45d594,"{""distance"":5,""physical_error_rate"":0.0005}","{""detection_events"":189008,""detectors_checked"":86016000}"
    415744,         0,         0,    7.99,exact_mw,cb12ae119b9b2ba18d0216e7235b403229e92fd0743ede48fe7f1a2c6f45d594,"{""distance"":5,""physical_error_rate"":0.0005}","{""detection_events"":205201,""detectors_checked"":93126656}"
    328704,         0,         0,    7.86,exact_mw,cb12ae119b9b2ba18d0216e7235b403229e92fd0743ede48fe7f1a2c6f45d594,"{""distance"":5,""physical_error_rate"":0.0005}","{""detection_events"":161456,""detectors_checked"":73629696}"
    683442,         0,         0,    20.3,exact_mw,cb12ae119b9b2ba18d0216e7235b403229e92fd0743ede48fe7f1a2c6f45d594,"{""distance"":5,""physical_error_rate"":0.0005}","{""detection_events"":335178,""detectors_checked"":153091008}"
    683008,         0,         0,    13.5,exact_mw,cb12ae119b9b2ba18d0216e7235b403229e92fd0743ede48fe7f1a2c6f45d594,"{""distance"":5,""physical_error_rate"":0.0005}","{""detection_events"":337042,""detectors_checked"":152993792}"
    570782,         1,         0,    13.3,exact_mw,cb12ae119b9b2ba18d0216e7235b403229e92fd0743ede48fe7f1a2c6f45d594,"{""distance"":5,""physical_error_rate"":0.0005}","{""detection_events"":282562,""detectors_checked"":127855168,""obs_mistake_mask=E"":1}"
    564224,         0,         0,    10.1,exact_mw,cb12ae119b9b2ba18d0216e7235b403229e92fd0743ede48fe7f1a2c6f45d594,"{""distance"":5,""physical_error_rate"":0.0005}","{""detection_events"":277632,""detectors_checked"":126386176}"
    570782,         1,         0,    10.2,exact_mw,cb12ae119b9b2ba18d0216e7235b403229e92fd0743ede48fe7f1a2c6f45d594,"{""distance"":5,""physical_error_rate"":0.0005}","{""detection_events"":279928,""detectors_checked"":127855168,""obs_mistake_mask=E"":1}"
    432128,         0,         0,    7.87,exact_mw,cb12ae119b9b2ba18d0216e7235b403229e92fd0743ede48fe7f1a2c6f45d594,"{""distance"":5,""physical_error_rate"":0.0005}","{""detection_events"":214106,""detectors_checked"":96796672}"
    413696,         1,         0,    7.78,exact_mw,cb12ae119b9b2ba18d0216e7235b403229e92fd0743ede48fe7f1a2c6f45d594,"{""distance"":5,""physical_error_rate"":0.0005}","{""detection_events"":203530,""detectors_checked"":92667904,""obs_mistake_mask=E"":1}"
    552120,         0,         0,    10.9,exact_mw,cb12ae119b9b2ba18d0216e7235b403229e92fd0743ede48fe7f1a2c6f45d594,"{""distance"":5,""physical_error_rate"":0.0005}","{""detection_events"":272625,""detectors_checked"":123674880}"
    542720,         1,         0,    10.7,exact_mw,cb12ae119b9b2ba18d0216e7235b403229e92fd0743ede48fe7f1a2c6f45d594,"{""distance"":5,""physical_error_rate"":0.0005}","{""detection_events"":267016,""detectors_checked"":121569280,""obs_mistake_mask=E"":1}"
    487424,         0,         0,    10.7,exact_mw,cb12ae119b9b2ba18d0216e7235b403229e92fd0743ede48fe7f1a2c6f45d594,"{""distance"":5,""physical_error_rate"":0.0005}","{""detection_events"":238936,""detectors_checked"":109182976}"
    541198,         0,         0,    11.0,exact_mw,cb12ae119b9b2ba18d0216e7235b403229e92fd0743ede48fe7f1a2c6f45d594,"{""distance"":5,""physical_error_rate"":0.0005}","{""detection_events"":267832,""detectors_checked"":121228352}"
    538624,         0,         0,    11.1,exact_mw,cb12ae119b9b2ba18d0216e7235b403229e92fd0743ede48fe7f1a2c6f45d594,"{""distance"":5,""physical_error_rate"":0.0005}","{""detection_events"":262917,""detectors_checked"":120651776}"
    536576,         0,         0,    10.7,exact_mw,cb12ae119b9b2ba18d0216e7235b403229e92fd0743ede48fe7f1a2c6f45d594,"{""distance"":5,""physical_error_rate"":0.0005}","{""detection_events"":265336,""detectors_checked"":120193024}"
    528922,         2,         0,    10.9,exact_mw,cb12ae119b9b2ba18d0216e7235b403229e92fd0743ede48fe7f1a2c6f45d594,"{""distance"":5,""physical_error_rate"":0.0005}","{""detection_events"":259521,""detectors_checked"":118478528,""obs_mistake_mask=E"":2}"
    521216,         1,         0,    10.1,exact_mw,cb12ae119b9b2ba18d0216e7235b403229e92fd0743ede48fe7f1a2c6f45d594,"{""distance"":5,""physical_error_rate"":0.0005}","{""detection_events"":257085,""detectors_checked"":116752384,""obs_mistake_mask=E"":1}"
    528384,         0,         0,    11.0,exact_mw,cb12ae119b9b2ba18d0216e7235b403229e92fd0743ede48fe7f1a2c6f45d594,"{""distance"":5,""physical_error_rate"":0.0005}","{""detection_events"":259023,""detectors_checked"":118358016}"
    527360,         0,         0,    10.8,exact_mw,cb12ae119b9b2ba18d0216e7235b403229e92fd0743ede48fe7f1a2c6f45d594,"{""distance"":5,""physical_error_rate"":0.0005}","{""detection_events"":259824,""detectors_checked"":118128640}"
    522240,         0,         0,    9.51,exact_mw,cb12ae119b9b2ba18d0216e7235b403229e92fd0743ede48fe7f1a2c6f45d594,"{""distance"":5,""physical_error_rate"":0.0005}","{""detection_events"":258819,""detectors_checked"":116981760}"
    516390,         0,         0,    7.35,exact_mw,cb12ae119b9b2ba18d0216e7235b403229e92fd0743ede48fe7f1a2c6f45d594,"{""distance"":5,""physical_error_rate"":0.0005}","{""detection_events"":252874,""detectors_checked"":115671360}"
    496640,         0,         0,    10.8,exact_mw,cb12ae119b9b2ba18d0216e7235b403229e92fd0743ede48fe7f1a2c6f45d594,"{""distance"":5,""physical_error_rate"":0.0005}","{""detection_events"":245097,""detectors_checked"":111247360}"
    495956,         1,         0,    10.8,exact_mw,cb12ae119b9b2ba18d0216e7235b403229e92fd0743ede48fe7f1a2c6f45d594,"{""distance"":5,""physical_error_rate"":0.0005}","{""detection_events"":245211,""detectors_checked"":111094144,""obs_mistake_mask=E"":1}"
    495616,         0,         0,    10.4,exact_mw,cb12ae119b9b2ba18d0216e7235b403229e92fd0743ede48fe7f1a2c6f45d594,"{""distance"":5,""physical_error_rate"":0.0005}","{""detection_events"":244152,""detectors_checked"":111017984}"
    488201,         0,         0,    9.25,exact_mw,cb12ae119b9b2ba18d0216e7235b403229e92fd0743ede48fe7f1a2c6f45d594,"{""distance"":5,""physical_error_rate"":0.0005}","{""detection_events"":240737,""detectors_checked"":109357024}"
    480515,         0,         0,    9.46,exact_mw,cb12ae119b9b2ba18d0216e7235b403229e92fd0743ede48fe7f1a2c6f45d594,"{""distance"":5,""physical_error_rate"":0.0005}","{""detection_events"":238382,""detectors_checked"":107635360}"
    494592,         0,         0,    10.1,exact_mw,cb12ae119b9b2ba18d0216e7235b403229e92fd0743ede48fe7f1a2c6f45d594,"{""distance"":5,""physical_error_rate"":0.0005}","{""detection_events"":244655,""detectors_checked"":110788608}"
    486400,         0,         0,    10.2,exact_mw,cb12ae119b9b2ba18d0216e7235b403229e92fd0743ede48fe7f1a2c6f45d594,"{""distance"":5,""physical_error_rate"":0.0005}","{""detection_events"":237711,""detectors_checked"":108953600}"
    480515,         0,         0,    9.17,exact_mw,cb12ae119b9b2ba18d0216e7235b403229e92fd0743ede48fe7f1a2c6f45d594,"{""distance"":5,""physical_error_rate"":0.0005}","{""detection_events"":235333,""detectors_checked"":107635360}"
    465343,         0,         0,    10.1,exact_mw,cb12ae119b9b2ba18d0216e7235b403229e92fd0743ede48fe7f1a2c6f45d594,"{""distance"":5,""physical_error_rate"":0.0005}","{""detection_events"":228512,""detectors_checked"":104236832}"
    474112,         0,         0,    10.4,exact_mw,cb12ae119b9b2ba18d0216e7235b403229e92fd0743ede48fe7f1a2c6f45d594,"{""distance"":5,""physical_error_rate"":0.0005}","{""detection_events"":233349,""detectors_checked"":106201088}"
    465920,         1,         0,    9.85,exact_mw,cb12ae119b9b2ba18d0216e7235b403229e92fd0743ede48fe7f1a2c6f45d594,"{""distance"":5,""physical_error_rate"":0.0005}","{""detection_events"":230166,""detectors_checked"":104366080,""obs_mistake_mask=E"":1}"
    475136,         0,         0,    9.65,exact_mw,cb12ae119b9b2ba18d0216e7235b403229e92fd0743ede48fe7f1a2c6f45d594,"{""distance"":5,""physical_error_rate"":0.0005}","{""detection_events"":233988,""detectors_checked"":106430464}"
    470016,         0,         0,    10.1,exact_mw,cb12ae119b9b2ba18d0216e7235b403229e92fd0743ede48fe7f1a2c6f45d594,"{""distance"":5,""physical_error_rate"":0.0005}","{""detection_events"":231438,""detectors_checked"":105283584}"
    465343,         1,         0,    9.72,exact_mw,cb12ae119b9b2ba18d0216e7235b403229e92fd0743ede48fe7f1a2c6f45d594,"{""distance"":5,""physical_error_rate"":0.0005}","{""detection_events"":228649,""detectors_checked"":104236832,""obs_mistake_mask=E"":1}"
    454656,         0,         0,    10.2,exact_mw,cb12ae119b9b2ba18d0216e7235b403229e92fd0743ede48fe7f1a2c6f45d594,"{""distance"":5,""physical_error_rate"":0.0005}","{""detection_events"":223297,""detectors_checked"":101842944}"
    448512,         1,         0,    9.05,exact_mw,cb12ae119b9b2ba18d0216e7235b403229e92fd0743ede48fe7f1a2c6f45d594,"{""distance"":5,""physical_error_rate"":0.0005}","{""detection_events"":221799,""detectors_checked"":100466688,""obs_mistake_mask=E"":1}"
    456704,         0,         0,    10.3,exact_mw,cb12ae119b9b2ba18d0216e7235b403229e92fd0743ede48fe7f1a2c6f45d594,"{""distance"":5,""physical_error_rate"":0.0005}","{""detection_events"":225812,""detectors_checked"":102301696}"
    447488,         0,         0,    9.51,exact_mw,cb12ae119b9b2ba18d0216e7235b403229e92fd0743ede48fe7f1a2c6f45d594,"{""distance"":5,""physical_error_rate"":0.0005}","{""detection_events"":220350,""detectors_checked"":100237312}"
    462848,         0,         0,    9.86,exact_mw,cb12ae119b9b2ba18d0216e7235b403229e92fd0743ede48fe7f1a2c6f45d594,"{""distance"":5,""physical_error_rate"":0.0005}","{""detection_events"":228267,""detectors_checked"":103677952}"
    446464,         0,         0,    10.1,exact_mw,cb12ae119b9b2ba18d0216e7235b403229e92fd0743ede48fe7f1a2c6f45d594,"{""distance"":5,""physical_error_rate"":0.0005}","{""detection_events"":220386,""detectors_checked"":100007936}"
    457728,         1,         0,    9.97,exact_mw,cb12ae119b9b2ba18d0216e7235b403229e92fd0743ede48fe7f1a2c6f45d594,"{""distance"":5,""physical_error_rate"":0.0005}","{""detection_events"":224014,""detectors_checked"":102531072,""obs_mistake_mask=E"":1}"
    443344,         0,         0,    9.69,exact_mw,cb12ae119b9b2ba18d0216e7235b403229e92fd0743ede48fe7f1a2c6f45d594,"{""distance"":5,""physical_error_rate"":0.0005}","{""detection_events"":219083,""detectors_checked"":99309056}"
    443344,         0,         0,    8.39,exact_mw,cb12ae119b9b2ba18d0216e7235b403229e92fd0743ede48fe7f1a2c6f45d594,"{""distance"":5,""physical_error_rate"":0.0005}","{""detection_events"":217873,""detectors_checked"":99309056}"
    436224,         0,         0,    8.50,exact_mw,cb12ae119b9b2ba18d0216e7235b403229e92fd0743ede48fe7f1a2c6f45d594,"{""distance"":5,""physical_error_rate"":0.0005}","{""detection_events"":214896,""detectors_checked"":97714176}"
    436224,         0,         0,    9.17,exact_mw,cb12ae119b9b2ba18d0216e7235b403229e92fd0743ede48fe7f1a2c6f45d594,"{""distance"":5,""physical_error_rate"":0.0005}","{""detection_events"":214842,""detectors_checked"":97714176}"
    430080,         0,         0,    8.25,exact_mw,cb12ae119b9b2ba18d0216e7235b403229e92fd0743ede48fe7f1a2c6f45d594,"{""distance"":5,""physical_error_rate"":0.0005}","{""detection_events"":210631,""detectors_checked"":96337920}"
    415080,         0,         0,    8.23,exact_mw,cb12ae119b9b2ba18d0216e7235b403229e92fd0743ede48fe7f1a2c6f45d594,"{""distance"":5,""physical_error_rate"":0.0005}","{""detection_events"":203007,""detectors_checked"":92977920}"
    410624,         0,         0,    7.77,exact_mw,cb12ae119b9b2ba18d0216e7235b403229e92fd0743ede48fe7f1a2c6f45d594,"{""distance"":5,""physical_error_rate"":0.0005}","{""detection_events"":202002,""detectors_checked"":91979776}"
    398198,         0,         0,    8.10,exact_mw,cb12ae119b9b2ba18d0216e7235b403229e92fd0743ede48fe7f1a2c6f45d594,"{""distance"":5,""physical_error_rate"":0.0005}","{""detection_events"":196830,""detectors_checked"":89196352}"
    391879,         0,         0,    5.31,exact_mw,cb12ae119b9b2ba18d0216e7235b403229e92fd0743ede48fe7f1a2c6f45d594,"{""distance"":5,""physical_error_rate"":0.0005}","{""detection_events"":192659,""detectors_checked"":87780896}"
    388817,         0,         0,    7.73,exact_mw,cb12ae119b9b2ba18d0216e7235b403229e92fd0743ede48fe7f1a2c6f45d594,"{""distance"":5,""physical_error_rate"":0.0005}","{""detection_events"":190688,""detectors_checked"":87095008}"
    388817,         0,         0,    6.98,exact_mw,cb12ae119b9b2ba18d0216e7235b403229e92fd0743ede48fe7f1a2c6f45d594,"{""distance"":5,""physical_error_rate"":0.0005}","{""detection_events"":191683,""detectors_checked"":87095008}"
    388817,         0,         0,    4.98,exact_mw,cb12ae119b9b2ba18d0216e7235b403229e92fd0743ede48fe7f1a2c6f45d594,"{""distance"":5,""physical_error_rate"":0.0005}","{""detection_events"":191755,""detectors_checked"":87095008}"
    382976,         0,         0,    5.16,exact_mw,cb12ae119b9b2ba18d0216e7235b403229e92fd0743ede48fe7f1a2c6f45d594,"{""distance"":5,""physical_error_rate"":0.0005}","{""detection_events"":188677,""detectors_checked"":85786624}"
    379704,         0,         0,    5.12,exact_mw,cb12ae119b9b2ba18d0216e7235b403229e92fd0743ede48fe7f1a2c6f45d594,"{""distance"":5,""physical_error_rate"":0.0005}","{""detection_events"":187994,""detectors_checked"":85053696}"
    373746,         0,         0,    5.74,exact_mw,cb12ae119b9b2ba18d0216e7235b403229e92fd0743ede48fe7f1a2c6f45d594,"{""distance"":5,""physical_error_rate"":0.0005}","{""detection_events"":184355,""detectors_checked"":83719104}"
    370826,         0,         0,    6.64,exact_mw,cb12ae119b9b2ba18d0216e7235b403229e92fd0743ede48fe7f1a2c6f45d594,"{""distance"":5,""physical_error_rate"":0.0005}","{""detection_events"":181929,""detectors_checked"":83065024}"
    367929,         0,         0,    6.46,exact_mw,cb12ae119b9b2ba18d0216e7235b403229e92fd0743ede48fe7f1a2c6f45d594,"{""distance"":5,""physical_error_rate"":0.0005}","{""detection_events"":181171,""detectors_checked"":82416096}"
    367929,         0,         0,    7.75,exact_mw,cb12ae119b9b2ba18d0216e7235b403229e92fd0743ede48fe7f1a2c6f45d594,"{""distance"":5,""physical_error_rate"":0.0005}","{""detection_events"":181608,""detectors_checked"":82416096}"
    365055,         0,         0,    7.81,exact_mw,cb12ae119b9b2ba18d0216e7235b403229e92fd0743ede48fe7f1a2c6f45d594,"{""distance"":5,""physical_error_rate"":0.0005}","{""detection_events"":178603,""detectors_checked"":81772320}"
    364544,         0,         0,    5.94,exact_mw,cb12ae119b9b2ba18d0216e7235b403229e92fd0743ede48fe7f1a2c6f45d594,"{""distance"":5,""physical_error_rate"":0.0005}","{""detection_events"":179220,""detectors_checked"":81657856}"
    362180,         1,         0,    6.30,exact_mw,cb12ae119b9b2ba18d0216e7235b403229e92fd0743ede48fe7f1a2c6f45d594,"{""distance"":5,""physical_error_rate"":0.0005}","{""detection_events"":179118,""detectors_checked"":81128320,""obs_mistake_mask=E"":1}"
    363520,         0,         0,    6.93,exact_mw,cb12ae119b9b2ba18d0216e7235b403229e92fd0743ede48fe7f1a2c6f45d594,"{""distance"":5,""physical_error_rate"":0.0005}","{""detection_events"":179538,""detectors_checked"":81428480}"
    353651,         0,         0,    7.24,exact_mw,cb12ae119b9b2ba18d0216e7235b403229e92fd0743ede48fe7f1a2c6f45d594,"{""distance"":5,""physical_error_rate"":0.0005}","{""detection_events"":173601,""detectors_checked"":79217824}"
    353280,         0,         0,    6.40,exact_mw,cb12ae119b9b2ba18d0216e7235b403229e92fd0743ede48fe7f1a2c6f45d594,"{""distance"":5,""physical_error_rate"":0.0005}","{""detection_events"":173827,""detectors_checked"":79134720}"
    352256,         0,         0,    6.51,exact_mw,cb12ae119b9b2ba18d0216e7235b403229e92fd0743ede48fe7f1a2c6f45d594,"{""distance"":5,""physical_error_rate"":0.0005}","{""detection_events"":173840,""detectors_checked"":78905344}"
    353651,         0,         0,    7.00,exact_mw,cb12ae119b9b2ba18d0216e7235b403229e92fd0743ede48fe7f1a2c6f45d594,"{""distance"":5,""physical_error_rate"":0.0005}","{""detection_events"":172495,""detectors_checked"":79217824}"
    350208,         0,         0,    7.11,exact_mw,cb12ae119b9b2ba18d0216e7235b403229e92fd0743ede48fe7f1a2c6f45d594,"{""distance"":5,""physical_error_rate"":0.0005}","{""detection_events"":171637,""detectors_checked"":78446592}"
    348048,         0,         0,    6.26,exact_mw,cb12ae119b9b2ba18d0216e7235b403229e92fd0743ede48fe7f1a2c6f45d594,"{""distance"":5,""physical_error_rate"":0.0005}","{""detection_events"":171592,""detectors_checked"":77962752}"
    339773,         0,         0,    6.67,exact_mw,cb12ae119b9b2ba18d0216e7235b403229e92fd0743ede48fe7f1a2c6f45d594,"{""distance"":5,""physical_error_rate"":0.0005}","{""detection_events"":168155,""detectors_checked"":76109152}"
    339968,         1,         0,    6.68,exact_mw,cb12ae119b9b2ba18d0216e7235b403229e92fd0743ede48fe7f1a2c6f45d594,"{""distance"":5,""physical_error_rate"":0.0005}","{""detection_events"":166944,""detectors_checked"":76152832,""obs_mistake_mask=E"":1}"
    334848,         0,         0,    6.81,exact_mw,cb12ae119b9b2ba18d0216e7235b403229e92fd0743ede48fe7f1a2c6f45d594,"{""distance"":5,""physical_error_rate"":0.0005}","{""detection_events"":163639,""detectors_checked"":75005952}"
    345088,         0,         0,    6.36,exact_mw,cb12ae119b9b2ba18d0216e7235b403229e92fd0743ede48fe7f1a2c6f45d594,"{""distance"":5,""physical_error_rate"":0.0005}","{""detection_events"":169457,""detectors_checked"":77299712}"
    333824,         0,         0,    6.95,exact_mw,cb12ae119b9b2ba18d0216e7235b403229e92fd0743ede48fe7f1a2c6f45d594,"{""distance"":5,""physical_error_rate"":0.0005}","{""detection_events"":164178,""detectors_checked"":74776576}"
    334318,         0,         0,    6.40,exact_mw,cb12ae119b9b2ba18d0216e7235b403229e92fd0743ede48fe7f1a2c6f45d594,"{""distance"":5,""physical_error_rate"":0.0005}","{""detection_events"":163523,""detectors_checked"":74887232}"
    331776,         0,         0,    6.84,exact_mw,cb12ae119b9b2ba18d0216e7235b403229e92fd0743ede48fe7f1a2c6f45d594,"{""distance"":5,""physical_error_rate"":0.0005}","{""detection_events"":162382,""detectors_checked"":74317824}"
    332800,         0,         0,    5.76,exact_mw,cb12ae119b9b2ba18d0216e7235b403229e92fd0743ede48fe7f1a2c6f45d594,"{""distance"":5,""physical_error_rate"":0.0005}","{""detection_events"":163012,""detectors_checked"":74547200}"
    318475,         0,         0,    5.76,exact_mw,cb12ae119b9b2ba18d0216e7235b403229e92fd0743ede48fe7f1a2c6f45d594,"{""distance"":5,""physical_error_rate"":0.0005}","{""detection_events"":156037,""detectors_checked"":71338400}"
    325632,         1,         0,    6.11,exact_mw,cb12ae119b9b2ba18d0216e7235b403229e92fd0743ede48fe7f1a2c6f45d594,"{""distance"":5,""physical_error_rate"":0.0005}","{""detection_events"":159622,""detectors_checked"":72941568,""obs_mistake_mask=E"":1}"
    324608,         0,         0,    6.19,exact_mw,cb12ae119b9b2ba18d0216e7235b403229e92fd0743ede48fe7f1a2c6f45d594,"{""distance"":5,""physical_error_rate"":0.0005}","{""detection_events"":160049,""detectors_checked"":72712192}"
    326656,         0,         0,    6.39,exact_mw,cb12ae119b9b2ba18d0216e7235b403229e92fd0743ede48fe7f1a2c6f45d594,"{""distance"":5,""physical_error_rate"":0.0005}","{""detection_events"":160706,""detectors_checked"":73170944}"
    323584,         0,         0,    6.99,exact_mw,cb12ae119b9b2ba18d0216e7235b403229e92fd0743ede48fe7f1a2c6f45d594,"{""distance"":5,""physical_error_rate"":0.0005}","{""detection_events"":159792,""detectors_checked"":72482816}"
    315392,         0,         0,    6.94,exact_mw,cb12ae119b9b2ba18d0216e7235b403229e92fd0743ede48fe7f1a2c6f45d594,"{""distance"":5,""physical_error_rate"":0.0005}","{""detection_events"":155639,""detectors_checked"":70647808}"
    318475,         0,         0,    6.34,exact_mw,cb12ae119b9b2ba18d0216e7235b403229e92fd0743ede48fe7f1a2c6f45d594,"{""distance"":5,""physical_error_rate"":0.0005}","{""detection_events"":157365,""detectors_checked"":71338400}"
    323584,         0,         0,    7.11,exact_mw,cb12ae119b9b2ba18d0216e7235b403229e92fd0743ede48fe7f1a2c6f45d594,"{""distance"":5,""physical_error_rate"":0.0005}","{""detection_events"":159342,""detectors_checked"":72482816}"
    326656,         0,         0,    5.66,exact_mw,cb12ae119b9b2ba18d0216e7235b403229e92fd0743ede48fe7f1a2c6f45d594,"{""distance"":5,""physical_error_rate"":0.0005}","{""detection_events"":160952,""detectors_checked"":73170944}"
    318475,         0,         0,    6.41,exact_mw,cb12ae119b9b2ba18d0216e7235b403229e92fd0743ede48fe7f1a2c6f45d594,"{""distance"":5,""physical_error_rate"":0.0005}","{""detection_events"":157379,""detectors_checked"":71338400}"
    318464,         0,         0,    6.59,exact_mw,cb12ae119b9b2ba18d0216e7235b403229e92fd0743ede48fe7f1a2c6f45d594,"{""distance"":5,""physical_error_rate"":0.0005}","{""detection_events"":155616,""detectors_checked"":71335936}"
    331663,         0,         0,    6.39,exact_mw,cb12ae119b9b2ba18d0216e7235b403229e92fd0743ede48fe7f1a2c6f45d594,"{""distance"":5,""physical_error_rate"":0.0005}","{""detection_events"":162822,""detectors_checked"":74292512}"
    330752,         0,         0,    6.09,exact_mw,cb12ae119b9b2ba18d0216e7235b403229e92fd0743ede48fe7f1a2c6f45d594,"{""distance"":5,""physical_error_rate"":0.0005}","{""detection_events"":162108,""detectors_checked"":74088448}"
    327680,         1,         0,    6.12,exact_mw,cb12ae119b9b2ba18d0216e7235b403229e92fd0743ede48fe7f1a2c6f45d594,"{""distance"":5,""physical_error_rate"":0.0005}","{""detection_events"":161624,""detectors_checked"":73400320,""obs_mistake_mask=E"":1}"
    318475,         0,         0,    5.86,exact_mw,cb12ae119b9b2ba18d0216e7235b403229e92fd0743ede48fe7f1a2c6f45d594,"{""distance"":5,""physical_error_rate"":0.0005}","{""detection_events"":156046,""detectors_checked"":71338400}"
    303104,         0,         0,    6.10,exact_mw,cb12ae119b9b2ba18d0216e7235b403229e92fd0743ede48fe7f1a2c6f45d594,"{""distance"":5,""physical_error_rate"":0.0005}","{""detection_events"":149410,""detectors_checked"":67895296}"
    300032,         0,         0,    6.42,exact_mw,cb12ae119b9b2ba18d0216e7235b403229e92fd0743ede48fe7f1a2c6f45d594,"{""distance"":5,""physical_error_rate"":0.0005}","{""detection_events"":146962,""detectors_checked"":67207168}"
    297984,         0,         0,    6.25,exact_mw,cb12ae119b9b2ba18d0216e7235b403229e92fd0743ede48fe7f1a2c6f45d594,"{""distance"":5,""physical_error_rate"":0.0005}","{""detection_events"":147420,""detectors_checked"":66748416}"
    294912,         0,         0,    6.15,exact_mw,cb12ae119b9b2ba18d0216e7235b403229e92fd0743ede48fe7f1a2c6f45d594,"{""distance"":5,""physical_error_rate"":0.0005}","{""detection_events"":145431,""detectors_checked"":66060288}"
    307200,         0,         0,    5.72,exact_mw,cb12ae119b9b2ba18d0216e7235b403229e92fd0743ede48fe7f1a2c6f45d594,"{""distance"":5,""physical_error_rate"":0.0005}","{""detection_events"":151415,""detectors_checked"":68812800}"
    307200,         0,         0,    7.22,exact_mw,cb12ae119b9b2ba18d0216e7235b403229e92fd0743ede48fe7f1a2c6f45d594,"{""distance"":5,""physical_error_rate"":0.0005}","{""detection_events"":151050,""detectors_checked"":68812800}"
    287744,         1,         0,    5.58,exact_mw,cb12ae119b9b2ba18d0216e7235b403229e92fd0743ede48fe7f1a2c6f45d594,"{""distance"":5,""physical_error_rate"":0.0005}","{""detection_events"":141403,""detectors_checked"":64454656,""obs_mistake_mask=E"":1}"
    290816,         0,         0,    5.44,exact_mw,cb12ae119b9b2ba18d0216e7235b403229e92fd0743ede48fe7f1a2c6f45d594,"{""distance"":5,""physical_error_rate"":0.0005}","{""detection_events"":142930,""detectors_checked"":65142784}"
    314368,         0,         0,    6.33,exact_mw,cb12ae119b9b2ba18d0216e7235b403229e92fd0743ede48fe7f1a2c6f45d594,"{""distance"":5,""physical_error_rate"":0.0005}","{""detection_events"":154146,""detectors_checked"":70418432}"
    312320,         0,         0,    5.99,exact_mw,cb12ae119b9b2ba18d0216e7235b403229e92fd0743ede48fe7f1a2c6f45d594,"{""distance"":5,""physical_error_rate"":0.0005}","{""detection_events"":153002,""detectors_checked"":69959680}"
    292864,         0,         0,    5.93,exact_mw,cb12ae119b9b2ba18d0216e7235b403229e92fd0743ede48fe7f1a2c6f45d594,"{""distance"":5,""physical_error_rate"":0.0005}","{""detection_events"":143281,""detectors_checked"":65601536}"
    300032,         0,         0,    5.82,exact_mw,cb12ae119b9b2ba18d0216e7235b403229e92fd0743ede48fe7f1a2c6f45d594,"{""distance"":5,""physical_error_rate"":0.0005}","{""detection_events"":147662,""detectors_checked"":67207168}"
    299008,         0,         0,    6.04,exact_mw,cb12ae119b9b2ba18d0216e7235b403229e92fd0743ede48fe7f1a2c6f45d594,"{""distance"":5,""physical_error_rate"":0.0005}","{""detection_events"":147697,""detectors_checked"":66977792}"
    309248,         0,         0,    6.71,exact_mw,cb12ae119b9b2ba18d0216e7235b403229e92fd0743ede48fe7f1a2c6f45d594,"{""distance"":5,""physical_error_rate"":0.0005}","{""detection_events"":153148,""detectors_checked"":69271552}"
    284672,         0,         0,    5.81,exact_mw,cb12ae119b9b2ba18d0216e7235b403229e92fd0743ede48fe7f1a2c6f45d594,"{""distance"":5,""physical_error_rate"":0.0005}","{""detection_events"":139337,""detectors_checked"":63766528}"
    291840,         0,         0,    5.92,exact_mw,cb12ae119b9b2ba18d0216e7235b403229e92fd0743ede48fe7f1a2c6f45d594,"{""distance"":5,""physical_error_rate"":0.0005}","{""detection_events"":143492,""detectors_checked"":65372160}"
    277504,         0,         0,    5.90,exact_mw,cb12ae119b9b2ba18d0216e7235b403229e92fd0743ede48fe7f1a2c6f45d594,"{""distance"":5,""physical_error_rate"":0.0005}","{""detection_events"":137282,""detectors_checked"":62160896}"
    307200,         0,         0,    6.41,exact_mw,cb12ae119b9b2ba18d0216e7235b403229e92fd0743ede48fe7f1a2c6f45d594,"{""distance"":5,""physical_error_rate"":0.0005}","{""detection_events"":151724,""detectors_checked"":68812800}"
    317440,         0,         0,    6.82,exact_mw,cb12ae119b9b2ba18d0216e7235b403229e92fd0743ede48fe7f1a2c6f45d594,"{""distance"":5,""physical_error_rate"":0.0005}","{""detection_events"":155483,""detectors_checked"":71106560}"
    288115,         0,         0,    6.24,exact_mw,cb12ae119b9b2ba18d0216e7235b403229e92fd0743ede48fe7f1a2c6f45d594,"{""distance"":5,""physical_error_rate"":0.0005}","{""detection_events"":141788,""detectors_checked"":64537760}"
    301056,         0,         0,    6.21,exact_mw,cb12ae119b9b2ba18d0216e7235b403229e92fd0743ede48fe7f1a2c6f45d594,"{""distance"":5,""physical_error_rate"":0.0005}","{""detection_events"":149246,""detectors_checked"":67436544}"
    273408,         1,         0,    3.61,exact_mw,cb12ae119b9b2ba18d0216e7235b403229e92fd0743ede48fe7f1a2c6f45d594,"{""distance"":5,""physical_error_rate"":0.0005}","{""detection_events"":134375,""detectors_checked"":61243392,""obs_mistake_mask=E"":1}"
    284672,         0,         0,    5.67,exact_mw,cb12ae119b9b2ba18d0216e7235b403229e92fd0743ede48fe7f1a2c6f45d594,"{""distance"":5,""physical_error_rate"":0.0005}","{""detection_events"":140470,""detectors_checked"":63766528}"
    271360,         1,         0,    5.96,exact_mw,cb12ae119b9b2ba18d0216e7235b403229e92fd0743ede48fe7f1a2c6f45d594,"{""distance"":5,""physical_error_rate"":0.0005}","{""detection_events"":133244,""detectors_checked"":60784640,""obs_mistake_mask=E"":1}"
    268288,         0,         0,    5.64,exact_mw,cb12ae119b9b2ba18d0216e7235b403229e92fd0743ede48fe7f1a2c6f45d594,"{""distance"":5,""physical_error_rate"":0.0005}","{""detection_events"":132395,""detectors_checked"":60096512}"
    260096,         0,         0,    5.41,exact_mw,cb12ae119b9b2ba18d0216e7235b403229e92fd0743ede48fe7f1a2c6f45d594,"{""distance"":5,""physical_error_rate"":0.0005}","{""detection_events"":127936,""detectors_checked"":58261504}"
    278528,         0,         0,    5.96,exact_mw,cb12ae119b9b2ba18d0216e7235b403229e92fd0743ede48fe7f1a2c6f45d594,"{""distance"":5,""physical_error_rate"":0.0005}","{""detection_events"":136549,""detectors_checked"":62390272}"
    271360,         0,         0,    5.27,exact_mw,cb12ae119b9b2ba18d0216e7235b403229e92fd0743ede48fe7f1a2c6f45d594,"{""distance"":5,""physical_error_rate"":0.0005}","{""detection_events"":133063,""detectors_checked"":60784640}"
    275404,         0,         0,    6.28,exact_mw,cb12ae119b9b2ba18d0216e7235b403229e92fd0743ede48fe7f1a2c6f45d594,"{""distance"":5,""physical_error_rate"":0.0005}","{""detection_events"":135705,""detectors_checked"":61690496}"
    295683,         0,         0,    6.37,exact_mw,cb12ae119b9b2ba18d0216e7235b403229e92fd0743ede48fe7f1a2c6f45d594,"{""distance"":5,""physical_error_rate"":0.0005}","{""detection_events"":145510,""detectors_checked"":66232992}"
    237568,         0,         0,    3.98,exact_mw,cb12ae119b9b2ba18d0216e7235b403229e92fd0743ede48fe7f1a2c6f45d594,"{""distance"":5,""physical_error_rate"":0.0005}","{""detection_events"":115682,""detectors_checked"":53215232}"
    310795,         0,         0,    5.66,exact_mw,cb12ae119b9b2ba18d0216e7235b403229e92fd0743ede48fe7f1a2c6f45d594,"{""distance"":5,""physical_error_rate"":0.0005}","{""detection_events"":153145,""detectors_checked"":69618080}"
    230400,         0,         0,    4.94,exact_mw,cb12ae119b9b2ba18d0216e7235b403229e92fd0743ede48fe7f1a2c6f45d594,"{""distance"":5,""physical_error_rate"":0.0005}","{""detection_events"":112802,""detectors_checked"":51609600}"
    303104,         0,         0,    5.83,exact_mw,cb12ae119b9b2ba18d0216e7235b403229e92fd0743ede48fe7f1a2c6f45d594,"{""distance"":5,""physical_error_rate"":0.0005}","{""detection_events"":149982,""detectors_checked"":67895296}"
    291840,         0,         0,    6.15,exact_mw,cb12ae119b9b2ba18d0216e7235b403229e92fd0743ede48fe7f1a2c6f45d594,"{""distance"":5,""physical_error_rate"":0.0005}","{""detection_events"":144377,""detectors_checked"":65372160}"
    254976,         0,         0,    4.58,exact_mw,cb12ae119b9b2ba18d0216e7235b403229e92fd0743ede48fe7f1a2c6f45d594,"{""distance"":5,""physical_error_rate"":0.0005}","{""detection_events"":125864,""detectors_checked"":57114624}"
    235520,         0,         0,    4.58,exact_mw,cb12ae119b9b2ba18d0216e7235b403229e92fd0743ede48fe7f1a2c6f45d594,"{""distance"":5,""physical_error_rate"":0.0005}","{""detection_events"":116000,""detectors_checked"":52756480}"
    309248,         0,         0,    6.57,exact_mw,cb12ae119b9b2ba18d0216e7235b403229e92fd0743ede48fe7f1a2c6f45d594,"{""distance"":5,""physical_error_rate"":0.0005}","{""detection_events"":152578,""detectors_checked"":69271552}"
    275456,         0,         0,    6.24,exact_mw,cb12ae119b9b2ba18d0216e7235b403229e92fd0743ede48fe7f1a2c6f45d594,"{""distance"":5,""physical_error_rate"":0.0005}","{""detection_events"":136314,""detectors_checked"":61702144}"
    275404,         0,         0,    5.73,exact_mw,cb12ae119b9b2ba18d0216e7235b403229e92fd0743ede48fe7f1a2c6f45d594,"{""distance"":5,""physical_error_rate"":0.0005}","{""detection_events"":135079,""detectors_checked"":61690496}"
    250880,         0,         0,    4.58,exact_mw,cb12ae119b9b2ba18d0216e7235b403229e92fd0743ede48fe7f1a2c6f45d594,"{""distance"":5,""physical_error_rate"":0.0005}","{""detection_events"":124215,""detectors_checked"":56197120}"
    210944,         0,         0,    3.86,exact_mw,cb12ae119b9b2ba18d0216e7235b403229e92fd0743ede48fe7f1a2c6f45d594,"{""distance"":5,""physical_error_rate"":0.0005}","{""detection_events"":103386,""detectors_checked"":47251456}"
    257024,         0,         0,    3.91,exact_mw,cb12ae119b9b2ba18d0216e7235b403229e92fd0743ede48fe7f1a2c6f45d594,"{""distance"":5,""physical_error_rate"":0.0005}","{""detection_events"":127447,""detectors_checked"":57573376}"
    264192,         0,         0,    4.85,exact_mw,cb12ae119b9b2ba18d0216e7235b403229e92fd0743ede48fe7f1a2c6f45d594,"{""distance"":5,""physical_error_rate"":0.0005}","{""detection_events"":130699,""detectors_checked"":59179008}"
    222208,         0,         0,    3.80,exact_mw,cb12ae119b9b2ba18d0216e7235b403229e92fd0743ede48fe7f1a2c6f45d594,"{""distance"":5,""physical_error_rate"":0.0005}","{""detection_events"":109035,""detectors_checked"":49774592}"
    249856,         0,         0,    4.66,exact_mw,cb12ae119b9b2ba18d0216e7235b403229e92fd0743ede48fe7f1a2c6f45d594,"{""distance"":5,""physical_error_rate"":0.0005}","{""detection_events"":123390,""detectors_checked"":55967744}"
    185656,         0,         0,    3.16,exact_mw,cb12ae119b9b2ba18d0216e7235b403229e92fd0743ede48fe7f1a2c6f45d594,"{""distance"":5,""physical_error_rate"":0.0005}","{""detection_events"":90907,""detectors_checked"":41586944}"
    270336,         0,         0,    3.81,exact_mw,cb12ae119b9b2ba18d0216e7235b403229e92fd0743ede48fe7f1a2c6f45d594,"{""distance"":5,""physical_error_rate"":0.0005}","{""detection_events"":133605,""detectors_checked"":60555264}"
    254976,         1,         0,    5.45,exact_mw,cb12ae119b9b2ba18d0216e7235b403229e92fd0743ede48fe7f1a2c6f45d594,"{""distance"":5,""physical_error_rate"":0.0005}","{""detection_events"":125917,""detectors_checked"":57114624,""obs_mistake_mask=E"":1}"
    228657,         0,         0,    3.91,exact_mw,cb12ae119b9b2ba18d0216e7235b403229e92fd0743ede48fe7f1a2c6f45d594,"{""distance"":5,""physical_error_rate"":0.0005}","{""detection_events"":112882,""detectors_checked"":51219168}"
    227328,         0,         0,    4.01,exact_mw,cb12ae119b9b2ba18d0216e7235b403229e92fd0743ede48fe7f1a2c6f45d594,"{""distance"":5,""physical_error_rate"":0.0005}","{""detection_events"":111489,""detectors_checked"":50921472}"
    223232,         0,         0,    4.79,exact_mw,cb12ae119b9b2ba18d0216e7235b403229e92fd0743ede48fe7f1a2c6f45d594,"{""distance"":5,""physical_error_rate"":0.0005}","{""detection_events"":110286,""detectors_checked"":50003968}"
    184320,         0,         0,    3.66,exact_mw,cb12ae119b9b2ba18d0216e7235b403229e92fd0743ede48fe7f1a2c6f45d594,"{""distance"":5,""physical_error_rate"":0.0005}","{""detection_events"":89855,""detectors_checked"":41287680}"
    189440,         0,         0,    3.61,exact_mw,cb12ae119b9b2ba18d0216e7235b403229e92fd0743ede48fe7f1a2c6f45d594,"{""distance"":5,""physical_error_rate"":0.0005}","{""detection_events"":92881,""detectors_checked"":42434560}"
    176128,         0,         0,    3.44,exact_mw,cb12ae119b9b2ba18d0216e7235b403229e92fd0743ede48fe7f1a2c6f45d594,"{""distance"":5,""physical_error_rate"":0.0005}","{""detection_events"":86518,""detectors_checked"":39452672}"
    248832,         0,         0,    5.04,exact_mw,cb12ae119b9b2ba18d0216e7235b403229e92fd0743ede48fe7f1a2c6f45d594,"{""distance"":5,""physical_error_rate"":0.0005}","{""detection_events"":122189,""detectors_checked"":55738368}"
    191488,         0,         0,    3.05,exact_mw,cb12ae119b9b2ba18d0216e7235b403229e92fd0743ede48fe7f1a2c6f45d594,"{""distance"":5,""physical_error_rate"":0.0005}","{""detection_events"":94582,""detectors_checked"":42893312}"
    192512,         0,         0,    3.46,exact_mw,cb12ae119b9b2ba18d0216e7235b403229e92fd0743ede48fe7f1a2c6f45d594,"{""distance"":5,""physical_error_rate"":0.0005}","{""detection_events"":94323,""detectors_checked"":43122688}"
    180224,         0,         0,    3.07,exact_mw,cb12ae119b9b2ba18d0216e7235b403229e92fd0743ede48fe7f1a2c6f45d594,"{""distance"":5,""physical_error_rate"":0.0005}","{""detection_events"":88696,""detectors_checked"":40370176}"
    187392,         0,         0,    3.63,exact_mw,cb12ae119b9b2ba18d0216e7235b403229e92fd0743ede48fe7f1a2c6f45d594,"{""distance"":5,""physical_error_rate"":0.0005}","{""detection_events"":91816,""detectors_checked"":41975808}"
    190464,         0,         0,    3.28,exact_mw,cb12ae119b9b2ba18d0216e7235b403229e92fd0743ede48fe7f1a2c6f45d594,"{""distance"":5,""physical_error_rate"":0.0005}","{""detection_events"":93777,""detectors_checked"":42663936}"
    187392,         0,         0,    4.03,exact_mw,cb12ae119b9b2ba18d0216e7235b403229e92fd0743ede48fe7f1a2c6f45d594,"{""distance"":5,""physical_error_rate"":0.0005}","{""detection_events"":92638,""detectors_checked"":41975808}"
    208896,         0,         0,    3.84,exact_mw,cb12ae119b9b2ba18d0216e7235b403229e92fd0743ede48fe7f1a2c6f45d594,"{""distance"":5,""physical_error_rate"":0.0005}","{""detection_events"":102761,""detectors_checked"":46792704}"
    173056,         0,         0,    3.57,exact_mw,cb12ae119b9b2ba18d0216e7235b403229e92fd0743ede48fe7f1a2c6f45d594,"{""distance"":5,""physical_error_rate"":0.0005}","{""detection_events"":85534,""detectors_checked"":38764544}"
    172837,         0,         0,    3.47,exact_mw,cb12ae119b9b2ba18d0216e7235b403229e92fd0743ede48fe7f1a2c6f45d594,"{""distance"":5,""physical_error_rate"":0.0005}","{""detection_events"":85865,""detectors_checked"":38715488}"
    164864,         0,         0,    2.98,exact_mw,cb12ae119b9b2ba18d0216e7235b403229e92fd0743ede48fe7f1a2c6f45d594,"{""distance"":5,""physical_error_rate"":0.0005}","{""detection_events"":81832,""detectors_checked"":36929536}"
    198656,         0,         0,    3.88,exact_mw,cb12ae119b9b2ba18d0216e7235b403229e92fd0743ede48fe7f1a2c6f45d594,"{""distance"":5,""physical_error_rate"":0.0005}","{""detection_events"":98252,""detectors_checked"":44498944}"
    154624,         1,         0,    3.05,exact_mw,cb12ae119b9b2ba18d0216e7235b403229e92fd0743ede48fe7f1a2c6f45d594,"{""distance"":5,""physical_error_rate"":0.0005}","{""detection_events"":75930,""detectors_checked"":34635776,""obs_mistake_mask=E"":1}"
    162816,         0,         0,    3.08,exact_mw,cb12ae119b9b2ba18d0216e7235b403229e92fd0743ede48fe7f1a2c6f45d594,"{""distance"":5,""physical_error_rate"":0.0005}","{""detection_events"":79561,""detectors_checked"":36470784}"
    179200,         0,         0,    3.27,exact_mw,cb12ae119b9b2ba18d0216e7235b403229e92fd0743ede48fe7f1a2c6f45d594,"{""distance"":5,""physical_error_rate"":0.0005}","{""detection_events"":87982,""detectors_checked"":40140800}"
    172032,         0,         0,    3.25,exact_mw,cb12ae119b9b2ba18d0216e7235b403229e92fd0743ede48fe7f1a2c6f45d594,"{""distance"":5,""physical_error_rate"":0.0005}","{""detection_events"":84810,""detectors_checked"":38535168}"
    148480,         0,         0,    2.95,exact_mw,cb12ae119b9b2ba18d0216e7235b403229e92fd0743ede48fe7f1a2c6f45d594,"{""distance"":5,""physical_error_rate"":0.0005}","{""detection_events"":73600,""detectors_checked"":33259520}"
    154624,         0,         0,    3.02,exact_mw,cb12ae119b9b2ba18d0216e7235b403229e92fd0743ede48fe7f1a2c6f45d594,"{""distance"":5,""physical_error_rate"":0.0005}","{""detection_events"":76345,""detectors_checked"":34635776}"
    191488,         0,         0,    3.38,exact_mw,cb12ae119b9b2ba18d0216e7235b403229e92fd0743ede48fe7f1a2c6f45d594,"{""distance"":5,""physical_error_rate"":0.0005}","{""detection_events"":94420,""detectors_checked"":42893312}"
    184320,         0,         0,    3.65,exact_mw,cb12ae119b9b2ba18d0216e7235b403229e92fd0743ede48fe7f1a2c6f45d594,"{""distance"":5,""physical_error_rate"":0.0005}","{""detection_events"":91025,""detectors_checked"":41287680}"
    153600,         0,         0,    3.12,exact_mw,cb12ae119b9b2ba18d0216e7235b403229e92fd0743ede48fe7f1a2c6f45d594,"{""distance"":5,""physical_error_rate"":0.0005}","{""detection_events"":75848,""detectors_checked"":34406400}"
    187392,         0,         0,    3.73,exact_mw,cb12ae119b9b2ba18d0216e7235b403229e92fd0743ede48fe7f1a2c6f45d594,"{""distance"":5,""physical_error_rate"":0.0005}","{""detection_events"":92374,""detectors_checked"":41975808}"
    161792,         0,         0,    3.40,exact_mw,cb12ae119b9b2ba18d0216e7235b403229e92fd0743ede48fe7f1a2c6f45d594,"{""distance"":5,""physical_error_rate"":0.0005}","{""detection_events"":79383,""detectors_checked"":36241408}"
    165888,         0,         0,    3.63,exact_mw,cb12ae119b9b2ba18d0216e7235b403229e92fd0743ede48fe7f1a2c6f45d594,"{""distance"":5,""physical_error_rate"":0.0005}","{""detection_events"":82204,""detectors_checked"":37158912}"
    148480,         0,         0,    3.07,exact_mw,cb12ae119b9b2ba18d0216e7235b403229e92fd0743ede48fe7f1a2c6f45d594,"{""distance"":5,""physical_error_rate"":0.0005}","{""detection_events"":73207,""detectors_checked"":33259520}"
    161792,         0,         0,    3.32,exact_mw,cb12ae119b9b2ba18d0216e7235b403229e92fd0743ede48fe7f1a2c6f45d594,"{""distance"":5,""physical_error_rate"":0.0005}","{""detection_events"":80667,""detectors_checked"":36241408}"
    144029,         0,         0,    3.05,exact_mw,cb12ae119b9b2ba18d0216e7235b403229e92fd0743ede48fe7f1a2c6f45d594,"{""distance"":5,""physical_error_rate"":0.0005}","{""detection_events"":71222,""detectors_checked"":32262496}"
    171008,         0,         0,    3.25,exact_mw,cb12ae119b9b2ba18d0216e7235b403229e92fd0743ede48fe7f1a2c6f45d594,"{""distance"":5,""physical_error_rate"":0.0005}","{""detection_events"":84802,""detectors_checked"":38305792}"
    131072,         0,         0,    2.05,exact_mw,cb12ae119b9b2ba18d0216e7235b403229e92fd0743ede48fe7f1a2c6f45d594,"{""distance"":5,""physical_error_rate"":0.0005}","{""detection_events"":64212,""detectors_checked"":29360128}"
    142336,         0,         0,    3.14,exact_mw,cb12ae119b9b2ba18d0216e7235b403229e92fd0743ede48fe7f1a2c6f45d594,"{""distance"":5,""physical_error_rate"":0.0005}","{""detection_events"":70322,""detectors_checked"":31883264}"
    121887,         0,         0,    2.35,exact_mw,cb12ae119b9b2ba18d0216e7235b403229e92fd0743ede48fe7f1a2c6f45d594,"{""distance"":5,""physical_error_rate"":0.0005}","{""detection_events"":60779,""detectors_checked"":27302688}"
    121856,         0,         0,    2.45,exact_mw,cb12ae119b9b2ba18d0216e7235b403229e92fd0743ede48fe7f1a2c6f45d594,"{""distance"":5,""physical_error_rate"":0.0005}","{""detection_events"":60383,""detectors_checked"":27295744}"
    117463,         0,         0,    2.01,exact_mw,cb12ae119b9b2ba18d0216e7235b403229e92fd0743ede48fe7f1a2c6f45d594,"{""distance"":5,""physical_error_rate"":0.0005}","{""detection_events"":57758,""detectors_checked"":26311712}"
    115593,         0,         0,    2.27,exact_mw,cb12ae119b9b2ba18d0216e7235b403229e92fd0743ede48fe7f1a2c6f45d594,"{""distance"":5,""physical_error_rate"":0.0005}","{""detection_events"":56101,""detectors_checked"":25892832}"
    114690,         0,         0,    1.74,exact_mw,cb12ae119b9b2ba18d0216e7235b403229e92fd0743ede48fe7f1a2c6f45d594,"{""distance"":5,""physical_error_rate"":0.0005}","{""detection_events"":57018,""detectors_checked"":25690560}"
    114688,         0,         0,    2.41,exact_mw,cb12ae119b9b2ba18d0216e7235b403229e92fd0743ede48fe7f1a2c6f45d594,"{""distance"":5,""physical_error_rate"":0.0005}","{""detection_events"":56153,""detectors_checked"":25690112}"
    113794,         0,         0,    2.58,exact_mw,cb12ae119b9b2ba18d0216e7235b403229e92fd0743ede48fe7f1a2c6f45d594,"{""distance"":5,""physical_error_rate"":0.0005}","{""detection_events"":56190,""detectors_checked"":25489856}"
    113664,         0,         0,    1.10,exact_mw,cb12ae119b9b2ba18d0216e7235b403229e92fd0743ede48fe7f1a2c6f45d594,"{""distance"":5,""physical_error_rate"":0.0005}","{""detection_events"":55931,""detectors_checked"":25460736}"
    112009,         0,         0,    1.28,exact_mw,cb12ae119b9b2ba18d0216e7235b403229e92fd0743ede48fe7f1a2c6f45d594,"{""distance"":5,""physical_error_rate"":0.0005}","{""detection_events"":54768,""detectors_checked"":25090016}"
    110246,         0,         0,    1.84,exact_mw,cb12ae119b9b2ba18d0216e7235b403229e92fd0743ede48fe7f1a2c6f45d594,"{""distance"":5,""physical_error_rate"":0.0005}","{""detection_events"":54113,""detectors_checked"":24695104}"
    109568,         0,         0,    1.29,exact_mw,cb12ae119b9b2ba18d0216e7235b403229e92fd0743ede48fe7f1a2c6f45d594,"{""distance"":5,""physical_error_rate"":0.0005}","{""detection_events"":53242,""detectors_checked"":24543232}"
    109385,         0,         0,    2.04,exact_mw,cb12ae119b9b2ba18d0216e7235b403229e92fd0743ede48fe7f1a2c6f45d594,"{""distance"":5,""physical_error_rate"":0.0005}","{""detection_events"":53707,""detectors_checked"":24502240}"
    107674,         0,         0,    1.86,exact_mw,cb12ae119b9b2ba18d0216e7235b403229e92fd0743ede48fe7f1a2c6f45d594,"{""distance"":5,""physical_error_rate"":0.0005}","{""detection_events"":52888,""detectors_checked"":24118976}"
    106833,         0,         0,    1.85,exact_mw,cb12ae119b9b2ba18d0216e7235b403229e92fd0743ede48fe7f1a2c6f45d594,"{""distance"":5,""physical_error_rate"":0.0005}","{""detection_events"":51971,""detectors_checked"":23930592}"
    106833,         1,         0,    2.14,exact_mw,cb12ae119b9b2ba18d0216e7235b403229e92fd0743ede48fe7f1a2c6f45d594,"{""distance"":5,""physical_error_rate"":0.0005}","{""detection_events"":52293,""detectors_checked"":23930592,""obs_mistake_mask=E"":1}"
    106833,         0,         0,    2.12,exact_mw,cb12ae119b9b2ba18d0216e7235b403229e92fd0743ede48fe7f1a2c6f45d594,"{""distance"":5,""physical_error_rate"":0.0005}","{""detection_events"":52821,""detectors_checked"":23930592}"
    106833,         0,         0,    1.82,exact_mw,cb12ae119b9b2ba18d0216e7235b403229e92fd0743ede48fe7f1a2c6f45d594,"{""distance"":5,""physical_error_rate"":0.0005}","{""detection_events"":52561,""detectors_checked"":23930592}"
    103495,         0,         0,    1.70,exact_mw,cb12ae119b9b2ba18d0216e7235b403229e92fd0743ede48fe7f1a2c6f45d594,"{""distance"":5,""physical_error_rate"":0.0005}","{""detection_events"":51353,""detectors_checked"":23182880}"
    104448,         0,         0,    1.85,exact_mw,cb12ae119b9b2ba18d0216e7235b403229e92fd0743ede48fe7f1a2c6f45d594,"{""distance"":5,""physical_error_rate"":0.0005}","{""detection_events"":50799,""detectors_checked"":23396352}"
    102686,         0,         0,    1.84,exact_mw,cb12ae119b9b2ba18d0216e7235b403229e92fd0743ede48fe7f1a2c6f45d594,"{""distance"":5,""physical_error_rate"":0.0005}","{""detection_events"":50921,""detectors_checked"":23001664}"
    104448,         0,         0,    2.05,exact_mw,cb12ae119b9b2ba18d0216e7235b403229e92fd0743ede48fe7f1a2c6f45d594,"{""distance"":5,""physical_error_rate"":0.0005}","{""detection_events"":51952,""detectors_checked"":23396352}"
    105472,         0,         0,    1.94,exact_mw,cb12ae119b9b2ba18d0216e7235b403229e92fd0743ede48fe7f1a2c6f45d594,"{""distance"":5,""physical_error_rate"":0.0005}","{""detection_events"":52449,""detectors_checked"":23625728}"
    107520,         0,         0,    1.72,exact_mw,cb12ae119b9b2ba18d0216e7235b403229e92fd0743ede48fe7f1a2c6f45d594,"{""distance"":5,""physical_error_rate"":0.0005}","{""detection_events"":53728,""detectors_checked"":24084480}"
    107520,         0,         0,    1.83,exact_mw,cb12ae119b9b2ba18d0216e7235b403229e92fd0743ede48fe7f1a2c6f45d594,"{""distance"":5,""physical_error_rate"":0.0005}","{""detection_events"":52205,""detectors_checked"":24084480}"
    106833,         0,         0,    1.88,exact_mw,cb12ae119b9b2ba18d0216e7235b403229e92fd0743ede48fe7f1a2c6f45d594,"{""distance"":5,""physical_error_rate"":0.0005}","{""detection_events"":53141,""detectors_checked"":23930592}"
    103424,         0,         0,    1.82,exact_mw,cb12ae119b9b2ba18d0216e7235b403229e92fd0743ede48fe7f1a2c6f45d594,"{""distance"":5,""physical_error_rate"":0.0005}","{""detection_events"":50896,""detectors_checked"":23166976}"
    104448,         0,         0,    1.75,exact_mw,cb12ae119b9b2ba18d0216e7235b403229e92fd0743ede48fe7f1a2c6f45d594,"{""distance"":5,""physical_error_rate"":0.0005}","{""detection_events"":51588,""detectors_checked"":23396352}"
    105999,         0,         0,    2.00,exact_mw,cb12ae119b9b2ba18d0216e7235b403229e92fd0743ede48fe7f1a2c6f45d594,"{""distance"":5,""physical_error_rate"":0.0005}","{""detection_events"":51827,""detectors_checked"":23743776}"
    105999,         0,         0,    1.66,exact_mw,cb12ae119b9b2ba18d0216e7235b403229e92fd0743ede48fe7f1a2c6f45d594,"{""distance"":5,""physical_error_rate"":0.0005}","{""detection_events"":52337,""detectors_checked"":23743776}"
    105999,         0,         0,    1.85,exact_mw,cb12ae119b9b2ba18d0216e7235b403229e92fd0743ede48fe7f1a2c6f45d594,"{""distance"":5,""physical_error_rate"":0.0005}","{""detection_events"":52394,""detectors_checked"":23743776}"
     98304,         0,         0,    2.10,exact_mw,cb12ae119b9b2ba18d0216e7235b403229e92fd0743ede48fe7f1a2c6f45d594,"{""distance"":5,""physical_error_rate"":0.0005}","{""detection_events"":48609,""detectors_checked"":22020096}"
    103424,         0,         0,    1.63,exact_mw,cb12ae119b9b2ba18d0216e7235b403229e92fd0743ede48fe7f1a2c6f45d594,"{""distance"":5,""physical_error_rate"":0.0005}","{""detection_events"":51526,""detectors_checked"":23166976}"
     95232,         0,         0,    1.91,exact_mw,cb12ae119b9b2ba18d0216e7235b403229e92fd0743ede48fe7f1a2c6f45d594,"{""distance"":5,""physical_error_rate"":0.0005}","{""detection_events"":46833,""detectors_checked"":21331968}"
    100352,         0,         0,    1.77,exact_mw,cb12ae119b9b2ba18d0216e7235b403229e92fd0743ede48fe7f1a2c6f45d594,"{""distance"":5,""physical_error_rate"":0.0005}","{""detection_events"":49644,""detectors_checked"":22478848}"
     97280,         0,         0,    1.86,exact_mw,cb12ae119b9b2ba18d0216e7235b403229e92fd0743ede48fe7f1a2c6f45d594,"{""distance"":5,""physical_error_rate"":0.0005}","{""detection_events"":48192,""detectors_checked"":21790720}"
    103424,         0,         0,    1.77,exact_mw,cb12ae119b9b2ba18d0216e7235b403229e92fd0743ede48fe7f1a2c6f45d594,"{""distance"":5,""physical_error_rate"":0.0005}","{""detection_events"":50447,""detectors_checked"":23166976}"
     98304,         0,         0,    1.85,exact_mw,cb12ae119b9b2ba18d0216e7235b403229e92fd0743ede48fe7f1a2c6f45d594,"{""distance"":5,""physical_error_rate"":0.0005}","{""detection_events"":48658,""detectors_checked"":22020096}"
    100352,         0,         0,    1.89,exact_mw,cb12ae119b9b2ba18d0216e7235b403229e92fd0743ede48fe7f1a2c6f45d594,"{""distance"":5,""physical_error_rate"":0.0005}","{""detection_events"":49782,""detectors_checked"":22478848}"
     96256,         0,         0,    1.79,exact_mw,cb12ae119b9b2ba18d0216e7235b403229e92fd0743ede48fe7f1a2c6f45d594,"{""distance"":5,""physical_error_rate"":0.0005}","{""detection_events"":47479,""detectors_checked"":21561344}"
     96256,         0,         0,    2.03,exact_mw,cb12ae119b9b2ba18d0216e7235b403229e92fd0743ede48fe7f1a2c6f45d594,"{""distance"":5,""physical_error_rate"":0.0005}","{""detection_events"":46796,""detectors_checked"":21561344}"
     99328,         0,         0,    1.94,exact_mw,cb12ae119b9b2ba18d0216e7235b403229e92fd0743ede48fe7f1a2c6f45d594,"{""distance"":5,""physical_error_rate"":0.0005}","{""detection_events"":48557,""detectors_checked"":22249472}"
     96256,         0,         0,    2.12,exact_mw,cb12ae119b9b2ba18d0216e7235b403229e92fd0743ede48fe7f1a2c6f45d594,"{""distance"":5,""physical_error_rate"":0.0005}","{""detection_events"":47711,""detectors_checked"":21561344}"
    101376,         1,         0,    1.99,exact_mw,cb12ae119b9b2ba18d0216e7235b403229e92fd0743ede48fe7f1a2c6f45d594,"{""distance"":5,""physical_error_rate"":0.0005}","{""detection_events"":49878,""detectors_checked"":22708224,""obs_mistake_mask=E"":1}"
     94461,         0,         0,    1.91,exact_mw,cb12ae119b9b2ba18d0216e7235b403229e92fd0743ede48fe7f1a2c6f45d594,"{""distance"":5,""physical_error_rate"":0.0005}","{""detection_events"":46623,""detectors_checked"":21159264}"
    104329,         0,         0,    1.87,exact_mw,cb12ae119b9b2ba18d0216e7235b403229e92fd0743ede48fe7f1a2c6f45d594,"{""distance"":5,""physical_error_rate"":0.0005}","{""detection_events"":50495,""detectors_checked"":23369696}"
     95232,         0,         0,    1.92,exact_mw,cb12ae119b9b2ba18d0216e7235b403229e92fd0743ede48fe7f1a2c6f45d594,"{""distance"":5,""physical_error_rate"":0.0005}","{""detection_events"":47315,""detectors_checked"":21331968}"
    102400,         0,         0,    2.28,exact_mw,cb12ae119b9b2ba18d0216e7235b403229e92fd0743ede48fe7f1a2c6f45d594,"{""distance"":5,""physical_error_rate"":0.0005}","{""detection_events"":50188,""detectors_checked"":22937600}"
     94461,         0,         0,    1.88,exact_mw,cb12ae119b9b2ba18d0216e7235b403229e92fd0743ede48fe7f1a2c6f45d594,"{""distance"":5,""physical_error_rate"":0.0005}","{""detection_events"":46206,""detectors_checked"":21159264}"
     95232,         0,         0,    1.92,exact_mw,cb12ae119b9b2ba18d0216e7235b403229e92fd0743ede48fe7f1a2c6f45d594,"{""distance"":5,""physical_error_rate"":0.0005}","{""detection_events"":46921,""detectors_checked"":21331968}"
    102400,         0,         0,    1.95,exact_mw,cb12ae119b9b2ba18d0216e7235b403229e92fd0743ede48fe7f1a2c6f45d594,"{""distance"":5,""physical_error_rate"":0.0005}","{""detection_events"":50441,""detectors_checked"":22937600}"
    103424,         0,         0,    1.85,exact_mw,cb12ae119b9b2ba18d0216e7235b403229e92fd0743ede48fe7f1a2c6f45d594,"{""distance"":5,""physical_error_rate"":0.0005}","{""detection_events"":50423,""detectors_checked"":23166976}"
        71,         0,         0,   0.000,exact_mw,cb12ae119b9b2ba18d0216e7235b403229e92fd0743ede48fe7f1a2c6f45d594,"{""distance"":5,""physical_error_rate"":0.0005}","{""detection_events"":34,""detectors_checked"":15904}"
    102400,         0,         0,    2.43,exact_mw,cb12ae119b9b2ba18d0216e7235b403229e92fd0743ede48fe7f1a2c6f45d594,"{""distance"":5,""physical_error_rate"":0.0005}","{""detection_events"":50060,""detectors_checked"":22937600}"
     94461,         0,         0,    1.88,exact_mw,cb12ae119b9b2ba18d0216e7235b403229e92fd0743ede48fe7f1a2c6f45d594,"{""distance"":5,""physical_error_rate"":0.0005}","{""detection_events"":46337,""detectors_checked"":21159264}"
    102400,         0,         0,    2.03,exact_mw,cb12ae119b9b2ba18d0216e7235b403229e92fd0743ede48fe7f1a2c6f45d594,"{""distance"":5,""physical_error_rate"":0.0005}","{""detection_events"":50677,""detectors_checked"":22937600}"
     96913,         0,         0,    1.87,exact_mw,cb12ae119b9b2ba18d0216e7235b403229e92fd0743ede48fe7f1a2c6f45d594,"{""distance"":5,""physical_error_rate"":0.0005}","{""detection_events"":47097,""detectors_checked"":21708512}"
     94461,         0,         0,    1.99,exact_mw,cb12ae119b9b2ba18d0216e7235b403229e92fd0743ede48fe7f1a2c6f45d594,"{""distance"":5,""physical_error_rate"":0.0005}","{""detection_events"":46450,""detectors_checked"":21159264}"
     99328,         1,         0,    1.83,exact_mw,cb12ae119b9b2ba18d0216e7235b403229e92fd0743ede48fe7f1a2c6f45d594,"{""distance"":5,""physical_error_rate"":0.0005}","{""detection_events"":49431,""detectors_checked"":22249472,""obs_mistake_mask=E"":1}"
     93184,         0,         0,    2.03,exact_mw,cb12ae119b9b2ba18d0216e7235b403229e92fd0743ede48fe7f1a2c6f45d594,"{""distance"":5,""physical_error_rate"":0.0005}","{""detection_events"":45546,""detectors_checked"":20873216}"
     96256,         0,         0,    1.64,exact_mw,cb12ae119b9b2ba18d0216e7235b403229e92fd0743ede48fe7f1a2c6f45d594,"{""distance"":5,""physical_error_rate"":0.0005}","{""detection_events"":47291,""detectors_checked"":21561344}"
     95232,         0,         0,    1.80,exact_mw,cb12ae119b9b2ba18d0216e7235b403229e92fd0743ede48fe7f1a2c6f45d594,"{""distance"":5,""physical_error_rate"":0.0005}","{""detection_events"":47112,""detectors_checked"":21331968}"
     95232,         0,         0,    1.84,exact_mw,cb12ae119b9b2ba18d0216e7235b403229e92fd0743ede48fe7f1a2c6f45d594,"{""distance"":5,""physical_error_rate"":0.0005}","{""detection_events"":47282,""detectors_checked"":21331968}"
     90112,         0,         0,    1.09,exact_mw,cb12ae119b9b2ba18d0216e7235b403229e92fd0743ede48fe7f1a2c6f45d594,"{""distance"":5,""physical_error_rate"":0.0005}","{""detection_events"":44508,""detectors_checked"":20185088}"
     93184,         1,         0,    1.92,exact_mw,cb12ae119b9b2ba18d0216e7235b403229e92fd0743ede48fe7f1a2c6f45d594,"{""distance"":5,""physical_error_rate"":0.0005}","{""detection_events"":45869,""detectors_checked"":20873216,""obs_mistake_mask=E"":1}"
     91136,         0,         0,    1.95,exact_mw,cb12ae119b9b2ba18d0216e7235b403229e92fd0743ede48fe7f1a2c6f45d594,"{""distance"":5,""physical_error_rate"":0.0005}","{""detection_events"":45068,""detectors_checked"":20414464}"
     95232,         0,         0,    1.97,exact_mw,cb12ae119b9b2ba18d0216e7235b403229e92fd0743ede48fe7f1a2c6f45d594,"{""distance"":5,""physical_error_rate"":0.0005}","{""detection_events"":46395,""detectors_checked"":21331968}"
     94208,         0,         0,    1.93,exact_mw,cb12ae119b9b2ba18d0216e7235b403229e92fd0743ede48fe7f1a2c6f45d594,"{""distance"":5,""physical_error_rate"":0.0005}","{""detection_events"":45950,""detectors_checked"":21102592}"
     93184,         0,         0,    1.86,exact_mw,cb12ae119b9b2ba18d0216e7235b403229e92fd0743ede48fe7f1a2c6f45d594,"{""distance"":5,""physical_error_rate"":0.0005}","{""detection_events"":46066,""detectors_checked"":20873216}"
     89088,         0,         0,    1.90,exact_mw,cb12ae119b9b2ba18d0216e7235b403229e92fd0743ede48fe7f1a2c6f45d594,"{""distance"":5,""physical_error_rate"":0.0005}","{""detection_events"":44252,""detectors_checked"":19955712}"
     89088,         0,         0,    1.93,exact_mw,cb12ae119b9b2ba18d0216e7235b403229e92fd0743ede48fe7f1a2c6f45d594,"{""distance"":5,""physical_error_rate"":0.0005}","{""detection_events"":43309,""detectors_checked"":19955712}"
     94208,         0,         0,    1.89,exact_mw,cb12ae119b9b2ba18d0216e7235b403229e92fd0743ede48fe7f1a2c6f45d594,"{""distance"":5,""physical_error_rate"":0.0005}","{""detection_events"":46680,""detectors_checked"":21102592}"
     93184,         0,         0,    1.69,exact_mw,cb12ae119b9b2ba18d0216e7235b403229e92fd0743ede48fe7f1a2c6f45d594,"{""distance"":5,""physical_error_rate"":0.0005}","{""detection_events"":45498,""detectors_checked"":20873216}"
     91136,         0,         0,    1.80,exact_mw,cb12ae119b9b2ba18d0216e7235b403229e92fd0743ede48fe7f1a2c6f45d594,"{""distance"":5,""physical_error_rate"":0.0005}","{""detection_events"":44762,""detectors_checked"":20414464}"
     93184,         0,         0,    1.85,exact_mw,cb12ae119b9b2ba18d0216e7235b403229e92fd0743ede48fe7f1a2c6f45d594,"{""distance"":5,""physical_error_rate"":0.0005}","{""detection_events"":46035,""detectors_checked"":20873216}"
     89088,         0,         0,    2.07,exact_mw,cb12ae119b9b2ba18d0216e7235b403229e92fd0743ede48fe7f1a2c6f45d594,"{""distance"":5,""physical_error_rate"":0.0005}","{""detection_events"":43839,""detectors_checked"":19955712}"
     84992,         0,         0,    1.77,exact_mw,cb12ae119b9b2ba18d0216e7235b403229e92fd0743ede48fe7f1a2c6f45d594,"{""distance"":5,""physical_error_rate"":0.0005}","{""detection_events"":41657,""detectors_checked"":19038208}"
     91136,         0,         0,    1.79,exact_mw,cb12ae119b9b2ba18d0216e7235b403229e92fd0743ede48fe7f1a2c6f45d594,"{""distance"":5,""physical_error_rate"":0.0005}","{""detection_events"":44755,""detectors_checked"":20414464}"
     91136,         0,         0,    1.93,exact_mw,cb12ae119b9b2ba18d0216e7235b403229e92fd0743ede48fe7f1a2c6f45d594,"{""distance"":5,""physical_error_rate"":0.0005}","{""detection_events"":45141,""detectors_checked"":20414464}"
     82019,         0,         0,    1.97,exact_mw,cb12ae119b9b2ba18d0216e7235b403229e92fd0743ede48fe7f1a2c6f45d594,"{""distance"":5,""physical_error_rate"":0.0005}","{""detection_events"":40117,""detectors_checked"":18372256}"
     92160,         0,         0,    2.02,exact_mw,cb12ae119b9b2ba18d0216e7235b403229e92fd0743ede48fe7f1a2c6f45d594,"{""distance"":5,""physical_error_rate"":0.0005}","{""detection_events"":46410,""detectors_checked"":20643840}"
     96256,         1,         0,    2.01,exact_mw,cb12ae119b9b2ba18d0216e7235b403229e92fd0743ede48fe7f1a2c6f45d594,"{""distance"":5,""physical_error_rate"":0.0005}","{""detection_events"":47385,""detectors_checked"":21561344,""obs_mistake_mask=E"":1}"
     89088,         0,         0,    1.76,exact_mw,cb12ae119b9b2ba18d0216e7235b403229e92fd0743ede48fe7f1a2c6f45d594,"{""distance"":5,""physical_error_rate"":0.0005}","{""detection_events"":44830,""detectors_checked"":19955712}"
     91136,         0,         0,    1.64,exact_mw,cb12ae119b9b2ba18d0216e7235b403229e92fd0743ede48fe7f1a2c6f45d594,"{""distance"":5,""physical_error_rate"":0.0005}","{""detection_events"":45198,""detectors_checked"":20414464}"
     88064,         0,         0,    1.84,exact_mw,cb12ae119b9b2ba18d0216e7235b403229e92fd0743ede48fe7f1a2c6f45d594,"{""distance"":5,""physical_error_rate"":0.0005}","{""detection_events"":43798,""detectors_checked"":19726336}"
     88064,         0,         0,    1.81,exact_mw,cb12ae119b9b2ba18d0216e7235b403229e92fd0743ede48fe7f1a2c6f45d594,"{""distance"":5,""physical_error_rate"":0.0005}","{""detection_events"":43159,""detectors_checked"":19726336}"
     96256,         0,         0,    1.85,exact_mw,cb12ae119b9b2ba18d0216e7235b403229e92fd0743ede48fe7f1a2c6f45d594,"{""distance"":5,""physical_error_rate"":0.0005}","{""detection_events"":47290,""detectors_checked"":21561344}"
     82944,         0,         0,    1.98,exact_mw,cb12ae119b9b2ba18d0216e7235b403229e92fd0743ede48fe7f1a2c6f45d594,"{""distance"":5,""physical_error_rate"":0.0005}","{""detection_events"":40327,""detectors_checked"":18579456}"
     81920,         0,         0,    1.61,exact_mw,cb12ae119b9b2ba18d0216e7235b403229e92fd0743ede48fe7f1a2c6f45d594,"{""distance"":5,""physical_error_rate"":0.0005}","{""detection_events"":39871,""detectors_checked"":18350080}"
     93184,         0,         0,    1.88,exact_mw,cb12ae119b9b2ba18d0216e7235b403229e92fd0743ede48fe7f1a2c6f45d594,"{""distance"":5,""physical_error_rate"":0.0005}","{""detection_events"":45972,""detectors_checked"":20873216}"
     92160,         0,         0,    1.82,exact_mw,cb12ae119b9b2ba18d0216e7235b403229e92fd0743ede48fe7f1a2c6f45d594,"{""distance"":5,""physical_error_rate"":0.0005}","{""detection_events"":45119,""detectors_checked"":20643840}"
     82944,         0,         0,    1.68,exact_mw,cb12ae119b9b2ba18d0216e7235b403229e92fd0743ede48fe7f1a2c6f45d594,"{""distance"":5,""physical_error_rate"":0.0005}","{""detection_events"":40319,""detectors_checked"":18579456}"
     86016,         0,         0,    1.84,exact_mw,cb12ae119b9b2ba18d0216e7235b403229e92fd0743ede48fe7f1a2c6f45d594,"{""distance"":5,""physical_error_rate"":0.0005}","{""detection_events"":42157,""detectors_checked"":19267584}"
     75031,         0,         0,    1.63,exact_mw,cb12ae119b9b2ba18d0216e7235b403229e92fd0743ede48fe7f1a2c6f45d594,"{""distance"":5,""physical_error_rate"":0.0005}","{""detection_events"":36943,""detectors_checked"":16806944}"
     86016,         0,         0,    1.77,exact_mw,cb12ae119b9b2ba18d0216e7235b403229e92fd0743ede48fe7f1a2c6f45d594,"{""distance"":5,""physical_error_rate"":0.0005}","{""detection_events"":42346,""detectors_checked"":19267584}"
     94208,         0,         0,    1.92,exact_mw,cb12ae119b9b2ba18d0216e7235b403229e92fd0743ede48fe7f1a2c6f45d594,"{""distance"":5,""physical_error_rate"":0.0005}","{""detection_events"":45896,""detectors_checked"":21102592}"
     92160,         0,         0,    1.86,exact_mw,cb12ae119b9b2ba18d0216e7235b403229e92fd0743ede48fe7f1a2c6f45d594,"{""distance"":5,""physical_error_rate"":0.0005}","{""detection_events"":45812,""detectors_checked"":20643840}"
     75776,         0,         0,    1.72,exact_mw,cb12ae119b9b2ba18d0216e7235b403229e92fd0743ede48fe7f1a2c6f45d594,"{""distance"":5,""physical_error_rate"":0.0005}","{""detection_events"":38171,""detectors_checked"":16973824}"
     77824,         0,         0,    1.86,exact_mw,cb12ae119b9b2ba18d0216e7235b403229e92fd0743ede48fe7f1a2c6f45d594,"{""distance"":5,""physical_error_rate"":0.0005}","{""detection_events"":37721,""detectors_checked"":17432576}"
     86016,         0,         0,    1.78,exact_mw,cb12ae119b9b2ba18d0216e7235b403229e92fd0743ede48fe7f1a2c6f45d594,"{""distance"":5,""physical_error_rate"":0.0005}","{""detection_events"":42400,""detectors_checked"":19267584}"
     87040,         0,         0,    1.92,exact_mw,cb12ae119b9b2ba18d0216e7235b403229e92fd0743ede48fe7f1a2c6f45d594,"{""distance"":5,""physical_error_rate"":0.0005}","{""detection_events"":42929,""detectors_checked"":19496960}"
     84992,         0,         0,    1.80,exact_mw,cb12ae119b9b2ba18d0216e7235b403229e92fd0743ede48fe7f1a2c6f45d594,"{""distance"":5,""physical_error_rate"":0.0005}","{""detection_events"":41919,""detectors_checked"":19038208}"
     82019,         0,         0,    1.87,exact_mw,cb12ae119b9b2ba18d0216e7235b403229e92fd0743ede48fe7f1a2c6f45d594,"{""distance"":5,""physical_error_rate"":0.0005}","{""detection_events"":40781,""detectors_checked"":18372256}"
     96256,         0,         0,    2.15,exact_mw,cb12ae119b9b2ba18d0216e7235b403229e92fd0743ede48fe7f1a2c6f45d594,"{""distance"":5,""physical_error_rate"":0.0005}","{""detection_events"":47137,""detectors_checked"":21561344}"
     82019,         0,         0,    1.89,exact_mw,cb12ae119b9b2ba18d0216e7235b403229e92fd0743ede48fe7f1a2c6f45d594,"{""distance"":5,""physical_error_rate"":0.0005}","{""detection_events"":40013,""detectors_checked"":18372256}"
    101068,         0,         0,    1.84,exact_mw,cb12ae119b9b2ba18d0216e7235b403229e92fd0743ede48fe7f1a2c6f45d594,"{""distance"":5,""physical_error_rate"":0.0005}","{""detection_events"":49571,""detectors_checked"":22639232}"
     73474,         0,         0,    1.90,exact_mw,cb12ae119b9b2ba18d0216e7235b403229e92fd0743ede48fe7f1a2c6f45d594,"{""distance"":5,""physical_error_rate"":0.0005}","{""detection_events"":36168,""detectors_checked"":16458176}"
     79872,         0,         0,    1.56,exact_mw,cb12ae119b9b2ba18d0216e7235b403229e92fd0743ede48fe7f1a2c6f45d594,"{""distance"":5,""physical_error_rate"":0.0005}","{""detection_events"":39494,""detectors_checked"":17891328}"
     94461,         0,         0,    1.97,exact_mw,cb12ae119b9b2ba18d0216e7235b403229e92fd0743ede48fe7f1a2c6f45d594,"{""distance"":5,""physical_error_rate"":0.0005}","{""detection_events"":46322,""detectors_checked"":21159264}"
     82944,         0,         0,    1.81,exact_mw,cb12ae119b9b2ba18d0216e7235b403229e92fd0743ede48fe7f1a2c6f45d594,"{""distance"":5,""physical_error_rate"":0.0005}","{""detection_events"":40687,""detectors_checked"":18579456}"
     82019,         0,         0,    1.91,exact_mw,cb12ae119b9b2ba18d0216e7235b403229e92fd0743ede48fe7f1a2c6f45d594,"{""distance"":5,""physical_error_rate"":0.0005}","{""detection_events"":40242,""detectors_checked"":18372256}"
     82944,         0,         0,    2.01,exact_mw,cb12ae119b9b2ba18d0216e7235b403229e92fd0743ede48fe7f1a2c6f45d594,"{""distance"":5,""physical_error_rate"":0.0005}","{""detection_events"":41005,""detectors_checked"":18579456}"
     76800,         0,         0,    1.68,exact_mw,cb12ae119b9b2ba18d0216e7235b403229e92fd0743ede48fe7f1a2c6f45d594,"{""distance"":5,""physical_error_rate"":0.0005}","{""detection_events"":38151,""detectors_checked"":17203200}"
     73728,         0,         0,    1.67,exact_mw,cb12ae119b9b2ba18d0216e7235b403229e92fd0743ede48fe7f1a2c6f45d594,"{""distance"":5,""physical_error_rate"":0.0005}","{""detection_events"":36095,""detectors_checked"":16515072}"
     80896,         0,         0,    1.79,exact_mw,cb12ae119b9b2ba18d0216e7235b403229e92fd0743ede48fe7f1a2c6f45d594,"{""distance"":5,""physical_error_rate"":0.0005}","{""detection_events"":39817,""detectors_checked"":18120704}"
     73728,         0,         0,    1.76,exact_mw,cb12ae119b9b2ba18d0216e7235b403229e92fd0743ede48fe7f1a2c6f45d594,"{""distance"":5,""physical_error_rate"":0.0005}","{""detection_events"":36246,""detectors_checked"":16515072}"
     70656,         0,         0,    1.38,exact_mw,cb12ae119b9b2ba18d0216e7235b403229e92fd0743ede48fe7f1a2c6f45d594,"{""distance"":5,""physical_error_rate"":0.0005}","{""detection_events"":34635,""detectors_checked"":15826944}"
     78848,         0,         0,    1.73,exact_mw,cb12ae119b9b2ba18d0216e7235b403229e92fd0743ede48fe7f1a2c6f45d594,"{""distance"":5,""physical_error_rate"":0.0005}","{""detection_events"":38711,""detectors_checked"":17661952}"
     80896,         0,         0,    1.80,exact_mw,cb12ae119b9b2ba18d0216e7235b403229e92fd0743ede48fe7f1a2c6f45d594,"{""distance"":5,""physical_error_rate"":0.0005}","{""detection_events"":39710,""detectors_checked"":18120704}"
     82019,         0,         0,    1.94,exact_mw,cb12ae119b9b2ba18d0216e7235b403229e92fd0743ede48fe7f1a2c6f45d594,"{""distance"":5,""physical_error_rate"":0.0005}","{""detection_events"":40365,""detectors_checked"":18372256}"
      3325,         0,         0,   0.015,exact_mw,cb12ae119b9b2ba18d0216e7235b403229e92fd0743ede48fe7f1a2c6f45d594,"{""distance"":5,""physical_error_rate"":0.0005}","{""detection_events"":1716,""detectors_checked"":744800}"
     75031,         0,         0,    1.86,exact_mw,cb12ae119b9b2ba18d0216e7235b403229e92fd0743ede48fe7f1a2c6f45d594,"{""distance"":5,""physical_error_rate"":0.0005}","{""detection_events"":37143,""detectors_checked"":16806944}"
     81920,         0,         0,    1.79,exact_mw,cb12ae119b9b2ba18d0216e7235b403229e92fd0743ede48fe7f1a2c6f45d594,"{""distance"":5,""physical_error_rate"":0.0005}","{""detection_events"":40198,""detectors_checked"":18350080}"
     81920,         0,         0,    1.90,exact_mw,cb12ae119b9b2ba18d0216e7235b403229e92fd0743ede48fe7f1a2c6f45d594,"{""distance"":5,""physical_error_rate"":0.0005}","{""detection_events"":40381,""detectors_checked"":18350080}"
      6801,         0,         0,   0.041,exact_mw,cb12ae119b9b2ba18d0216e7235b403229e92fd0743ede48fe7f1a2c6f45d594,"{""distance"":5,""physical_error_rate"":0.0005}","{""detection_events"":3439,""detectors_checked"":1523424}"
     80896,         0,         0,    1.73,exact_mw,cb12ae119b9b2ba18d0216e7235b403229e92fd0743ede48fe7f1a2c6f45d594,"{""distance"":5,""physical_error_rate"":0.0005}","{""detection_events"":39875,""detectors_checked"":18120704}"
     79872,         0,         0,    1.65,exact_mw,cb12ae119b9b2ba18d0216e7235b403229e92fd0743ede48fe7f1a2c6f45d594,"{""distance"":5,""physical_error_rate"":0.0005}","{""detection_events"":39735,""detectors_checked"":17891328}"
     74752,         0,         0,    1.01,exact_mw,cb12ae119b9b2ba18d0216e7235b403229e92fd0743ede48fe7f1a2c6f45d594,"{""distance"":5,""physical_error_rate"":0.0005}","{""detection_events"":36871,""detectors_checked"":16744448}"
     80896,         0,         0,    2.01,exact_mw,cb12ae119b9b2ba18d0216e7235b403229e92fd0743ede48fe7f1a2c6f45d594,"{""distance"":5,""physical_error_rate"":0.0005}","{""detection_events"":39947,""detectors_checked"":18120704}"
     48128,         0,         0,   0.904,exact_mw,cb12ae119b9b2ba18d0216e7235b403229e92fd0743ede48fe7f1a2c6f45d594,"{""distance"":5,""physical_error_rate"":0.0005}","{""detection_events"":23576,""detectors_checked"":10780672}"
     79872,         0,         0,    1.77,exact_mw,cb12ae119b9b2ba18d0216e7235b403229e92fd0743ede48fe7f1a2c6f45d594,"{""distance"":5,""physical_error_rate"":0.0005}","{""detection_events"":39312,""detectors_checked"":17891328}"
      2705,         0,         0,   0.023,exact_mw,cb12ae119b9b2ba18d0216e7235b403229e92fd0743ede48fe7f1a2c6f45d594,"{""distance"":5,""physical_error_rate"":0.0005}","{""detection_events"":1362,""detectors_checked"":605920}"
     74752,         0,         0,    1.77,exact_mw,cb12ae119b9b2ba18d0216e7235b403229e92fd0743ede48fe7f1a2c6f45d594,"{""distance"":5,""physical_error_rate"":0.0005}","{""detection_events"":37229,""detectors_checked"":16744448}"
     72704,         0,         0,    1.80,exact_mw,cb12ae119b9b2ba18d0216e7235b403229e92fd0743ede48fe7f1a2c6f45d594,"{""distance"":5,""physical_error_rate"":0.0005}","{""detection_events"":35875,""detectors_checked"":16285696}"
      8908,         0,         0,   0.104,exact_mw,cb12ae119b9b2ba18d0216e7235b403229e92fd0743ede48fe7f1a2c6f45d594,"{""distance"":5,""physical_error_rate"":0.0005}","{""detection_events"":4428,""detectors_checked"":1995392}"
     58368,         0,         0,    1.21,exact_mw,cb12ae119b9b2ba18d0216e7235b403229e92fd0743ede48fe7f1a2c6f45d594,"{""distance"":5,""physical_error_rate"":0.0005}","{""detection_events"":28932,""detectors_checked"":13074432}"
     82019,         0,         0,    1.75,exact_mw,cb12ae119b9b2ba18d0216e7235b403229e92fd0743ede48fe7f1a2c6f45d594,"{""distance"":5,""physical_error_rate"":0.0005}","{""detection_events"":39893,""detectors_checked"":18372256}"
      9868,         0,         0,   0.140,exact_mw,cb12ae119b9b2ba18d0216e7235b403229e92fd0743ede48fe7f1a2c6f45d594,"{""distance"":5,""physical_error_rate"":0.0005}","{""detection_events"":4803,""detectors_checked"":2210432}"
     66560,         0,         0,    1.36,exact_mw,cb12ae119b9b2ba18d0216e7235b403229e92fd0743ede48fe7f1a2c6f45d594,"{""distance"":5,""physical_error_rate"":0.0005}","{""detection_events"":32640,""detectors_checked"":14909440}"
     77824,         0,         0,    1.71,exact_mw,cb12ae119b9b2ba18d0216e7235b403229e92fd0743ede48fe7f1a2c6f45d594,"{""distance"":5,""physical_error_rate"":0.0005}","{""detection_events"":37589,""detectors_checked"":17432576}"
     68608,         0,         0,    1.46,exact_mw,cb12ae119b9b2ba18d0216e7235b403229e92fd0743ede48fe7f1a2c6f45d594,"{""distance"":5,""physical_error_rate"":0.0005}","{""detection_events"":33562,""detectors_checked"":15368192}"
     74752,         0,         0,    1.76,exact_mw,cb12ae119b9b2ba18d0216e7235b403229e92fd0743ede48fe7f1a2c6f45d594,"{""distance"":5,""physical_error_rate"":0.0005}","{""detection_events"":37069,""detectors_checked"":16744448}"
     69632,         0,         0,    1.21,exact_mw,cb12ae119b9b2ba18d0216e7235b403229e92fd0743ede48fe7f1a2c6f45d594,"{""distance"":5,""physical_error_rate"":0.0005}","{""detection_events"":34503,""detectors_checked"":15597568}"
     56919,         0,         0,    1.04,exact_mw,cb12ae119b9b2ba18d0216e7235b403229e92fd0743ede48fe7f1a2c6f45d594,"{""distance"":5,""physical_error_rate"":0.0005}","{""detection_events"":28370,""detectors_checked"":12749856}"
     30479,         0,         0,   0.202,exact_mw,cb12ae119b9b2ba18d0216e7235b403229e92fd0743ede48fe7f1a2c6f45d594,"{""distance"":5,""physical_error_rate"":0.0005}","{""detection_events"":15121,""detectors_checked"":6827296}"
      4753,         0,         0,   0.088,exact_mw,cb12ae119b9b2ba18d0216e7235b403229e92fd0743ede48fe7f1a2c6f45d594,"{""distance"":5,""physical_error_rate"":0.0005}","{""detection_events"":2308,""detectors_checked"":1064672}"
     10989,         0,         0,   0.174,exact_mw,cb12ae119b9b2ba18d0216e7235b403229e92fd0743ede48fe7f1a2c6f45d594,"{""distance"":5,""physical_error_rate"":0.0005}","{""detection_events"":5201,""detectors_checked"":2461536}"
     14894,         0,         0,   0.098,exact_mw,cb12ae119b9b2ba18d0216e7235b403229e92fd0743ede48fe7f1a2c6f45d594,"{""distance"":5,""physical_error_rate"":0.0005}","{""detection_events"":7239,""detectors_checked"":3336256}"
      1123,         0,         0,   0.011,exact_mw,cb12ae119b9b2ba18d0216e7235b403229e92fd0743ede48fe7f1a2c6f45d594,"{""distance"":5,""physical_error_rate"":0.0005}","{""detection_events"":477,""detectors_checked"":251552}"
      9932,         0,         0,   0.157,exact_mw,cb12ae119b9b2ba18d0216e7235b403229e92fd0743ede48fe7f1a2c6f45d594,"{""distance"":5,""physical_error_rate"":0.0005}","{""detection_events"":4907,""detectors_checked"":2224768}"
      1123,         0,         0,   0.005,exact_mw,cb12ae119b9b2ba18d0216e7235b403229e92fd0743ede48fe7f1a2c6f45d594,"{""distance"":5,""physical_error_rate"":0.0005}","{""detection_events"":551,""detectors_checked"":251552}"
     26609,         0,         0,   0.265,exact_mw,cb12ae119b9b2ba18d0216e7235b403229e92fd0743ede48fe7f1a2c6f45d594,"{""distance"":5,""physical_error_rate"":0.0005}","{""detection_events"":13047,""detectors_checked"":5960416}"
      2147,         0,         0,   0.011,exact_mw,cb12ae119b9b2ba18d0216e7235b403229e92fd0743ede48fe7f1a2c6f45d594,"{""distance"":5,""physical_error_rate"":0.0005}","{""detection_events"":1045,""detectors_checked"":480928}"
      2147,         0,         0,   0.010,exact_mw,cb12ae119b9b2ba18d0216e7235b403229e92fd0743ede48fe7f1a2c6f45d594,"{""distance"":5,""physical_error_rate"":0.0005}","{""detection_events"":1073,""detectors_checked"":480928}"
      8445,         0,         0,   0.100,exact_mw,cb12ae119b9b2ba18d0216e7235b403229e92fd0743ede48fe7f1a2c6f45d594,"{""distance"":5,""physical_error_rate"":0.0005}","{""detection_events"":4281,""detectors_checked"":1891680}"
      3171,         0,         0,   0.028,exact_mw,cb12ae119b9b2ba18d0216e7235b403229e92fd0743ede48fe7f1a2c6f45d594,"{""distance"":5,""physical_error_rate"":0.0005}","{""detection_events"":1723,""detectors_checked"":710304}"
      6593,         0,         0,   0.084,exact_mw,cb12ae119b9b2ba18d0216e7235b403229e92fd0743ede48fe7f1a2c6f45d594,"{""distance"":5,""physical_error_rate"":0.0005}","{""detection_events"":3177,""detectors_checked"":1476832}"
     28672,         0,         0,   0.415,exact_mw,cb12ae119b9b2ba18d0216e7235b403229e92fd0743ede48fe7f1a2c6f45d594,"{""distance"":5,""physical_error_rate"":0.0005}","{""detection_events"":14389,""detectors_checked"":6422528}"
      9469,         0,         0,   0.164,exact_mw,cb12ae119b9b2ba18d0216e7235b403229e92fd0743ede48fe7f1a2c6f45d594,"{""distance"":5,""physical_error_rate"":0.0005}","{""detection_events"":4580,""detectors_checked"":2121056}"
       279,         0,         0,   0.001,exact_mw,cb12ae119b9b2ba18d0216e7235b403229e92fd0743ede48fe7f1a2c6f45d594,"{""distance"":5,""physical_error_rate"":0.0005}","{""detection_events"":104,""detectors_checked"":62496}"
       118,         0,         0,   0.001,exact_mw,cb12ae119b9b2ba18d0216e7235b403229e92fd0743ede48fe7f1a2c6f45d594,"{""distance"":5,""physical_error_rate"":0.0005}","{""detection_events"":37,""detectors_checked"":26432}"
       368,         0,         0,   0.003,exact_mw,cb12ae119b9b2ba18d0216e7235b403229e92fd0743ede48fe7f1a2c6f45d594,"{""distance"":5,""physical_error_rate"":0.0005}","{""detection_events"":195,""detectors_checked"":82432}"
       446,         0,         0,   0.002,exact_mw,cb12ae119b9b2ba18d0216e7235b403229e92fd0743ede48fe7f1a2c6f45d594,"{""distance"":5,""physical_error_rate"":0.0005}","{""detection_events"":234,""detectors_checked"":99904}"
       211,         0,         0,   0.002,exact_mw,cb12ae119b9b2ba18d0216e7235b403229e92fd0743ede48fe7f1a2c6f45d594,"{""distance"":5,""physical_error_rate"":0.0005}","{""detection_events"":98,""detectors_checked"":47264}"
     22528,         0,         0,   0.363,exact_mw,cb12ae119b9b2ba18d0216e7235b403229e92fd0743ede48fe7f1a2c6f45d594,"{""distance"":5,""physical_error_rate"":0.0005}","{""detection_events"":11311,""detectors_checked"":5046272}"
     19456,         0,         0,   0.298,exact_mw,cb12ae119b9b2ba18d0216e7235b403229e92fd0743ede48fe7f1a2c6f45d594,"{""distance"":5,""physical_error_rate"":0.0005}","{""detection_events"":9315,""detectors_checked"":4358144}"
       289,         0,         0,   0.001,exact_mw,cb12ae119b9b2ba18d0216e7235b403229e92fd0743ede48fe7f1a2c6f45d594,"{""distance"":5,""physical_error_rate"":0.0005}","{""detection_events"":154,""detectors_checked"":64736}"
       605,         0,         0,   0.003,exact_mw,cb12ae119b9b2ba18d0216e7235b403229e92fd0743ede48fe7f1a2c6f45d594,"{""distance"":5,""physical_error_rate"":0.0005}","{""detection_events"":356,""detectors_checked"":135520}"
       248,         0,         0,   0.001,exact_mw,cb12ae119b9b2ba18d0216e7235b403229e92fd0743ede48fe7f1a2c6f45d594,"{""distance"":5,""physical_error_rate"":0.0005}","{""detection_events"":143,""detectors_checked"":55552}"
       240,         0,         0,   0.001,exact_mw,cb12ae119b9b2ba18d0216e7235b403229e92fd0743ede48fe7f1a2c6f45d594,"{""distance"":5,""physical_error_rate"":0.0005}","{""detection_events"":103,""detectors_checked"":53760}"
       354,         0,         0,   0.001,exact_mw,cb12ae119b9b2ba18d0216e7235b403229e92fd0743ede48fe7f1a2c6f45d594,"{""distance"":5,""physical_error_rate"":0.0005}","{""detection_events"":139,""detectors_checked"":79296}"
     27648,         0,         0,   0.402,exact_mw,cb12ae119b9b2ba18d0216e7235b403229e92fd0743ede48fe7f1a2c6f45d594,"{""distance"":5,""physical_error_rate"":0.0005}","{""detection_events"":13674,""detectors_checked"":6193152}"
     24576,         0,         0,   0.419,exact_mw,cb12ae119b9b2ba18d0216e7235b403229e92fd0743ede48fe7f1a2c6f45d594,"{""distance"":5,""physical_error_rate"":0.0005}","{""detection_events"":12142,""detectors_checked"":5505024}"
     18432,         0,         0,   0.308,exact_mw,cb12ae119b9b2ba18d0216e7235b403229e92fd0743ede48fe7f1a2c6f45d594,"{""distance"":5,""physical_error_rate"":0.0005}","{""detection_events"":9073,""detectors_checked"":4128768}"
       900,         0,         0,   0.003,exact_mw,cb12ae119b9b2ba18d0216e7235b403229e92fd0743ede48fe7f1a2c6f45d594,"{""distance"":5,""physical_error_rate"":0.0005}","{""detection_events"":398,""detectors_checked"":201600}"
       663,         0,         0,   0.009,exact_mw,cb12ae119b9b2ba18d0216e7235b403229e92fd0743ede48fe7f1a2c6f45d594,"{""distance"":5,""physical_error_rate"":0.0005}","{""detection_events"":320,""detectors_checked"":148512}"
      1351,         0,         0,   0.006,exact_mw,cb12ae119b9b2ba18d0216e7235b403229e92fd0743ede48fe7f1a2c6f45d594,"{""distance"":5,""physical_error_rate"":0.0005}","{""detection_events"":655,""detectors_checked"":302624}"
      1542,         0,         0,   0.006,exact_mw,cb12ae119b9b2ba18d0216e7235b403229e92fd0743ede48fe7f1a2c6f45d594,"{""distance"":5,""physical_error_rate"":0.0005}","{""detection_events"":791,""detectors_checked"":345408}"
      4195,         0,         0,   0.026,exact_mw,cb12ae119b9b2ba18d0216e7235b403229e92fd0743ede48fe7f1a2c6f45d594,"{""distance"":5,""physical_error_rate"":0.0005}","{""detection_events"":2089,""detectors_checked"":939680}"
     21504,         0,         0,   0.294,exact_mw,cb12ae119b9b2ba18d0216e7235b403229e92fd0743ede48fe7f1a2c6f45d594,"{""distance"":5,""physical_error_rate"":0.0005}","{""detection_events"":10672,""detectors_checked"":4816896}"
      5219,         0,         0,   0.093,exact_mw,cb12ae119b9b2ba18d0216e7235b403229e92fd0743ede48fe7f1a2c6f45d594,"{""distance"":5,""physical_error_rate"":0.0005}","{""detection_events"":2606,""detectors_checked"":1169056}"
     21504,         0,         0,   0.320,exact_mw,cb12ae119b9b2ba18d0216e7235b403229e92fd0743ede48fe7f1a2c6f45d594,"{""distance"":5,""physical_error_rate"":0.0005}","{""detection_events"":10640,""detectors_checked"":4816896}"
      8291,         0,         0,   0.099,exact_mw,cb12ae119b9b2ba18d0216e7235b403229e92fd0743ede48fe7f1a2c6f45d594,"{""distance"":5,""physical_error_rate"":0.0005}","{""detection_events"":4034,""detectors_checked"":1857184}"
     21504,         0,         0,   0.302,exact_mw,cb12ae119b9b2ba18d0216e7235b403229e92fd0743ede48fe7f1a2c6f45d594,"{""distance"":5,""physical_error_rate"":0.0005}","{""detection_events"":10386,""detectors_checked"":4816896}"
        74,         0,         0,   0.000,exact_mw,cb12ae119b9b2ba18d0216e7235b403229e92fd0743ede48fe7f1a2c6f45d594,"{""distance"":5,""physical_error_rate"":0.0005}","{""detection_events"":55,""detectors_checked"":16576}"
     18432,         0,         0,   0.317,exact_mw,cb12ae119b9b2ba18d0216e7235b403229e92fd0743ede48fe7f1a2c6f45d594,"{""distance"":5,""physical_error_rate"":0.0005}","{""detection_events"":8915,""detectors_checked"":4128768}"
      7267,         0,         0,   0.067,exact_mw,cb12ae119b9b2ba18d0216e7235b403229e92fd0743ede48fe7f1a2c6f45d594,"{""distance"":5,""physical_error_rate"":0.0005}","{""detection_events"":3468,""detectors_checked"":1627808}"
     21504,         0,         0,   0.375,exact_mw,cb12ae119b9b2ba18d0216e7235b403229e92fd0743ede48fe7f1a2c6f45d594,"{""distance"":5,""physical_error_rate"":0.0005}","{""detection_events"":10415,""detectors_checked"":4816896}"
     18454,         0,         0,   0.308,exact_mw,cb12ae119b9b2ba18d0216e7235b403229e92fd0743ede48fe7f1a2c6f45d594,"{""distance"":5,""physical_error_rate"":0.0005}","{""detection_events"":9039,""detectors_checked"":4133696}"
     18454,         0,         0,   0.231,exact_mw,cb12ae119b9b2ba18d0216e7235b403229e92fd0743ede48fe7f1a2c6f45d594,"{""distance"":5,""physical_error_rate"":0.0005}","{""detection_events"":9181,""detectors_checked"":4133696}"
     18080,         0,         0,   0.329,exact_mw,cb12ae119b9b2ba18d0216e7235b403229e92fd0743ede48fe7f1a2c6f45d594,"{""distance"":5,""physical_error_rate"":0.0005}","{""detection_events"":9017,""detectors_checked"":4049920}"
     18857,         0,         0,   0.388,exact_mw,cb12ae119b9b2ba18d0216e7235b403229e92fd0743ede48fe7f1a2c6f45d594,"{""distance"":5,""physical_error_rate"":0.0005}","{""detection_events"":9287,""detectors_checked"":4223968}"
       471,         0,         0,   0.002,exact_mw,cb12ae119b9b2ba18d0216e7235b403229e92fd0743ede48fe7f1a2c6f45d594,"{""distance"":5,""physical_error_rate"":0.0005}","{""detection_events"":191,""detectors_checked"":105504}"
     18080,         0,         0,   0.298,exact_mw,cb12ae119b9b2ba18d0216e7235b403229e92fd0743ede48fe7f1a2c6f45d594,"{""distance"":5,""physical_error_rate"":0.0005}","{""detection_events"":8667,""detectors_checked"":4049920}"
     17408,         0,         0,   0.346,exact_mw,cb12ae119b9b2ba18d0216e7235b403229e92fd0743ede48fe7f1a2c6f45d594,"{""distance"":5,""physical_error_rate"":0.0005}","{""detection_events"":8591,""detectors_checked"":3899392}"
     28672,         0,         0,   0.356,exact_mw,cb12ae119b9b2ba18d0216e7235b403229e92fd0743ede48fe7f1a2c6f45d594,"{""distance"":5,""physical_error_rate"":0.0005}","{""detection_events"":14245,""detectors_checked"":6422528}"
     17408,         0,         0,   0.425,exact_mw,cb12ae119b9b2ba18d0216e7235b403229e92fd0743ede48fe7f1a2c6f45d594,"{""distance"":5,""physical_error_rate"":0.0005}","{""detection_events"":8708,""detectors_checked"":3899392}"
     19096,         0,         0,   0.356,exact_mw,cb12ae119b9b2ba18d0216e7235b403229e92fd0743ede48fe7f1a2c6f45d594,"{""distance"":5,""physical_error_rate"":0.0005}","{""detection_events"":9701,""detectors_checked"":4277504}"
     20480,         0,         0,   0.433,exact_mw,cb12ae119b9b2ba18d0216e7235b403229e92fd0743ede48fe7f1a2c6f45d594,"{""distance"":5,""physical_error_rate"":0.0005}","{""detection_events"":10087,""detectors_checked"":4587520}"
      8445,         0,         0,   0.201,exact_mw,cb12ae119b9b2ba18d0216e7235b403229e92fd0743ede48fe7f1a2c6f45d594,"{""distance"":5,""physical_error_rate"":0.0005}","{""detection_events"":4158,""detectors_checked"":1891680}"
     13719,         0,         0,   0.240,exact_mw,cb12ae119b9b2ba18d0216e7235b403229e92fd0743ede48fe7f1a2c6f45d594,"{""distance"":5,""physical_error_rate"":0.0005}","{""detection_events"":6520,""detectors_checked"":3073056}"
     16666,         0,         0,   0.281,exact_mw,cb12ae119b9b2ba18d0216e7235b403229e92fd0743ede48fe7f1a2c6f45d594,"{""distance"":5,""physical_error_rate"":0.0005}","{""detection_events"":8189,""detectors_checked"":3733184}"
      6033,         0,         0,   0.047,exact_mw,cb12ae119b9b2ba18d0216e7235b403229e92fd0743ede48fe7f1a2c6f45d594,"{""distance"":5,""physical_error_rate"":0.0005}","{""detection_events"":2885,""detectors_checked"":1351392}"
     21504,         0,         0,   0.369,exact_mw,cb12ae119b9b2ba18d0216e7235b403229e92fd0743ede48fe7f1a2c6f45d594,"{""distance"":5,""physical_error_rate"":0.0005}","{""detection_events"":10235,""detectors_checked"":4816896}"
      7267,         0,         0,   0.102,exact_mw,cb12ae119b9b2ba18d0216e7235b403229e92fd0743ede48fe7f1a2c6f45d594,"{""distance"":5,""physical_error_rate"":0.0005}","{""detection_events"":3504,""detectors_checked"":1627808}"
     22528,         0,         0,   0.300,exact_mw,cb12ae119b9b2ba18d0216e7235b403229e92fd0743ede48fe7f1a2c6f45d594,"{""distance"":5,""physical_error_rate"":0.0005}","{""detection_events"":11057,""detectors_checked"":5046272}"
     17408,         0,         0,   0.256,exact_mw,cb12ae119b9b2ba18d0216e7235b403229e92fd0743ede48fe7f1a2c6f45d594,"{""distance"":5,""physical_error_rate"":0.0005}","{""detection_events"":8676,""detectors_checked"":3899392}"
     18432,         0,         0,   0.315,exact_mw,cb12ae119b9b2ba18d0216e7235b403229e92fd0743ede48fe7f1a2c6f45d594,"{""distance"":5,""physical_error_rate"":0.0005}","{""detection_events"":8775,""detectors_checked"":4128768}"
     22528,         0,         0,   0.380,exact_mw,cb12ae119b9b2ba18d0216e7235b403229e92fd0743ede48fe7f1a2c6f45d594,"{""distance"":5,""physical_error_rate"":0.0005}","{""detection_events"":11212,""detectors_checked"":5046272}"
      5945,         0,         0,   0.060,exact_mw,cb12ae119b9b2ba18d0216e7235b403229e92fd0743ede48fe7f1a2c6f45d594,"{""distance"":5,""physical_error_rate"":0.0005}","{""detection_events"":2705,""detectors_checked"":1331680}"
      8908,         0,         0,   0.209,exact_mw,cb12ae119b9b2ba18d0216e7235b403229e92fd0743ede48fe7f1a2c6f45d594,"{""distance"":5,""physical_error_rate"":0.0005}","{""detection_events"":4492,""detectors_checked"":1995392}"
     17408,         0,         0,   0.298,exact_mw,cb12ae119b9b2ba18d0216e7235b403229e92fd0743ede48fe7f1a2c6f45d594,"{""distance"":5,""physical_error_rate"":0.0005}","{""detection_events"":8490,""detectors_checked"":3899392}"
     17408,         0,         0,   0.296,exact_mw,cb12ae119b9b2ba18d0216e7235b403229e92fd0743ede48fe7f1a2c6f45d594,"{""distance"":5,""physical_error_rate"":0.0005}","{""detection_events"":8566,""detectors_checked"":3899392}"
     16666,         0,         0,   0.264,exact_mw,cb12ae119b9b2ba18d0216e7235b403229e92fd0743ede48fe7f1a2c6f45d594,"{""distance"":5,""physical_error_rate"":0.0005}","{""detection_events"":8219,""detectors_checked"":3733184}"
      8291,         0,         0,   0.117,exact_mw,cb12ae119b9b2ba18d0216e7235b403229e92fd0743ede48fe7f1a2c6f45d594,"{""distance"":5,""physical_error_rate"":0.0005}","{""detection_events"":4014,""detectors_checked"":1857184}"
      6489,         0,         0,   0.086,exact_mw,cb12ae119b9b2ba18d0216e7235b403229e92fd0743ede48fe7f1a2c6f45d594,"{""distance"":5,""physical_error_rate"":0.0005}","{""detection_events"":3214,""detectors_checked"":1453536}"
     15552,         0,         0,   0.309,exact_mw,cb12ae119b9b2ba18d0216e7235b403229e92fd0743ede48fe7f1a2c6f45d594,"{""distance"":5,""physical_error_rate"":0.0005}","{""detection_events"":7384,""detectors_checked"":3483648}"
     17408,         0,         0,   0.266,exact_mw,cb12ae119b9b2ba18d0216e7235b403229e92fd0743ede48fe7f1a2c6f45d594,"{""distance"":5,""physical_error_rate"":0.0005}","{""detection_events"":8629,""detectors_checked"":3899392}"
       495,         0,         0,   0.009,exact_mw,cb12ae119b9b2ba18d0216e7235b403229e92fd0743ede48fe7f1a2c6f45d594,"{""distance"":5,""physical_error_rate"":0.0005}","{""detection_events"":263,""detectors_checked"":110880}"
      9403,         0,         0,   0.113,exact_mw,cb12ae119b9b2ba18d0216e7235b403229e92fd0743ede48fe7f1a2c6f45d594,"{""distance"":5,""physical_error_rate"":0.0005}","{""detection_events"":4589,""detectors_checked"":2106272}"
     17408,         0,         0,   0.379,exact_mw,cb12ae119b9b2ba18d0216e7235b403229e92fd0743ede48fe7f1a2c6f45d594,"{""distance"":5,""physical_error_rate"":0.0005}","{""detection_events"":8837,""detectors_checked"":3899392}"
     16384,         0,         0,   0.333,exact_mw,cb12ae119b9b2ba18d0216e7235b403229e92fd0743ede48fe7f1a2c6f45d594,"{""distance"":5,""physical_error_rate"":0.0005}","{""detection_events"":7947,""detectors_checked"":3670016}"
     16384,         0,         0,   0.262,exact_mw,cb12ae119b9b2ba18d0216e7235b403229e92fd0743ede48fe7f1a2c6f45d594,"{""distance"":5,""physical_error_rate"":0.0005}","{""detection_events"":7853,""detectors_checked"":3670016}"
     17408,         0,         0,   0.285,exact_mw,cb12ae119b9b2ba18d0216e7235b403229e92fd0743ede48fe7f1a2c6f45d594,"{""distance"":5,""physical_error_rate"":0.0005}","{""detection_events"":8628,""detectors_checked"":3899392}"
       175,         0,         0,   0.001,exact_mw,cb12ae119b9b2ba18d0216e7235b403229e92fd0743ede48fe7f1a2c6f45d594,"{""distance"":5,""physical_error_rate"":0.0005}","{""detection_events"":86,""detectors_checked"":39200}"
     16384,         0,         0,   0.247,exact_mw,cb12ae119b9b2ba18d0216e7235b403229e92fd0743ede48fe7f1a2c6f45d594,"{""distance"":5,""physical_error_rate"":0.0005}","{""detection_events"":7657,""detectors_checked"":3670016}"
     16384,         0,         0,   0.173,exact_mw,cb12ae119b9b2ba18d0216e7235b403229e92fd0743ede48fe7f1a2c6f45d594,"{""distance"":5,""physical_error_rate"":0.0005}","{""detection_events"":8078,""detectors_checked"":3670016}"
     15360,         0,         0,   0.306,exact_mw,cb12ae119b9b2ba18d0216e7235b403229e92fd0743ede48fe7f1a2c6f45d594,"{""distance"":5,""physical_error_rate"":0.0005}","{""detection_events"":7560,""detectors_checked"":3440640}"
     16384,         0,         0,   0.376,exact_mw,cb12ae119b9b2ba18d0216e7235b403229e92fd0743ede48fe7f1a2c6f45d594,"{""distance"":5,""physical_error_rate"":0.0005}","{""detection_events"":8008,""detectors_checked"":3670016}"
     15699,         0,         0,   0.220,exact_mw,cb12ae119b9b2ba18d0216e7235b403229e92fd0743ede48fe7f1a2c6f45d594,"{""distance"":5,""physical_error_rate"":0.0005}","{""detection_events"":7580,""detectors_checked"":3516576}"
     16384,         0,         0,   0.362,exact_mw,cb12ae119b9b2ba18d0216e7235b403229e92fd0743ede48fe7f1a2c6f45d594,"{""distance"":5,""physical_error_rate"":0.0005}","{""detection_events"":7944,""detectors_checked"":3670016}"
     14336,         0,         0,   0.321,exact_mw,cb12ae119b9b2ba18d0216e7235b403229e92fd0743ede48fe7f1a2c6f45d594,"{""distance"":5,""physical_error_rate"":0.0005}","{""detection_events"":6953,""detectors_checked"":3211264}"
     16666,         0,         0,   0.397,exact_mw,cb12ae119b9b2ba18d0216e7235b403229e92fd0743ede48fe7f1a2c6f45d594,"{""distance"":5,""physical_error_rate"":0.0005}","{""detection_events"":8135,""detectors_checked"":3733184}"
     11264,         0,         0,   0.231,exact_mw,cb12ae119b9b2ba18d0216e7235b403229e92fd0743ede48fe7f1a2c6f45d594,"{""distance"":5,""physical_error_rate"":0.0005}","{""detection_events"":5697,""detectors_checked"":2523136}"
     13312,         0,         0,   0.240,exact_mw,cb12ae119b9b2ba18d0216e7235b403229e92fd0743ede48fe7f1a2c6f45d594,"{""distance"":5,""physical_error_rate"":0.0005}","{""detection_events"":6426,""detectors_checked"":2981888}"
     16384,         1,         0,   0.355,exact_mw,cb12ae119b9b2ba18d0216e7235b403229e92fd0743ede48fe7f1a2c6f45d594,"{""distance"":5,""physical_error_rate"":0.0005}","{""detection_events"":7982,""detectors_checked"":3670016,""obs_mistake_mask=E"":1}"
     16666,         0,         0,   0.255,exact_mw,cb12ae119b9b2ba18d0216e7235b403229e92fd0743ede48fe7f1a2c6f45d594,"{""distance"":5,""physical_error_rate"":0.0005}","{""detection_events"":8180,""detectors_checked"":3733184}"
      6429,         0,         0,   0.056,exact_mw,cb12ae119b9b2ba18d0216e7235b403229e92fd0743ede48fe7f1a2c6f45d594,"{""distance"":5,""physical_error_rate"":0.0005}","{""detection_events"":3162,""detectors_checked"":1440096}"
     16384,         0,         0,   0.288,exact_mw,cb12ae119b9b2ba18d0216e7235b403229e92fd0743ede48fe7f1a2c6f45d594,"{""distance"":5,""physical_error_rate"":0.0005}","{""detection_events"":7966,""detectors_checked"":3670016}"
     14336,         0,         0,   0.362,exact_mw,cb12ae119b9b2ba18d0216e7235b403229e92fd0743ede48fe7f1a2c6f45d594,"{""distance"":5,""physical_error_rate"":0.0005}","{""detection_events"":7113,""detectors_checked"":3211264}"
     14336,         0,         0,   0.322,exact_mw,cb12ae119b9b2ba18d0216e7235b403229e92fd0743ede48fe7f1a2c6f45d594,"{""distance"":5,""physical_error_rate"":0.0005}","{""detection_events"":7320,""detectors_checked"":3211264}"
     10897,         0,         0,   0.210,exact_mw,cb12ae119b9b2ba18d0216e7235b403229e92fd0743ede48fe7f1a2c6f45d594,"{""distance"":5,""physical_error_rate"":0.0005}","{""detection_events"":5150,""detectors_checked"":2440928}"
     13312,         0,         0,   0.306,exact_mw,cb12ae119b9b2ba18d0216e7235b403229e92fd0743ede48fe7f1a2c6f45d594,"{""distance"":5,""physical_error_rate"":0.0005}","{""detection_events"":6499,""detectors_checked"":2981888}"
     11270,         0,         0,   0.095,exact_mw,cb12ae119b9b2ba18d0216e7235b403229e92fd0743ede48fe7f1a2c6f45d594,"{""distance"":5,""physical_error_rate"":0.0005}","{""detection_events"":5602,""detectors_checked"":2524480}"
     13312,         0,         0,   0.339,exact_mw,cb12ae119b9b2ba18d0216e7235b403229e92fd0743ede48fe7f1a2c6f45d594,"{""distance"":5,""physical_error_rate"":0.0005}","{""detection_events"":6738,""detectors_checked"":2981888}"
     12288,         0,         0,   0.227,exact_mw,cb12ae119b9b2ba18d0216e7235b403229e92fd0743ede48fe7f1a2c6f45d594,"{""distance"":5,""physical_error_rate"":0.0005}","{""detection_events"":5975,""detectors_checked"":2752512}"
     15360,         0,         0,   0.292,exact_mw,cb12ae119b9b2ba18d0216e7235b403229e92fd0743ede48fe7f1a2c6f45d594,"{""distance"":5,""physical_error_rate"":0.0005}","{""detection_events"":7650,""detectors_checked"":3440640}"
     10399,         0,         0,   0.142,exact_mw,cb12ae119b9b2ba18d0216e7235b403229e92fd0743ede48fe7f1a2c6f45d594,"{""distance"":5,""physical_error_rate"":0.0005}","{""detection_events"":5165,""detectors_checked"":2329376}"
     12288,         0,         0,   0.264,exact_mw,cb12ae119b9b2ba18d0216e7235b403229e92fd0743ede48fe7f1a2c6f45d594,"{""distance"":5,""physical_error_rate"":0.0005}","{""detection_events"":6104,""detectors_checked"":2752512}"
      4827,         0,         0,   0.027,exact_mw,cb12ae119b9b2ba18d0216e7235b403229e92fd0743ede48fe7f1a2c6f45d594,"{""distance"":5,""physical_error_rate"":0.0005}","{""detection_events"":2508,""detectors_checked"":1081248}"
     14336,         0,         0,   0.263,exact_mw,cb12ae119b9b2ba18d0216e7235b403229e92fd0743ede48fe7f1a2c6f45d594,"{""distance"":5,""physical_error_rate"":0.0005}","{""detection_events"":7454,""detectors_checked"":3211264}"
     15360,         0,         0,   0.388,exact_mw,cb12ae119b9b2ba18d0216e7235b403229e92fd0743ede48fe7f1a2c6f45d594,"{""distance"":5,""physical_error_rate"":0.0005}","{""detection_events"":7627,""detectors_checked"":3440640}"
     10240,         0,         0,   0.137,exact_mw,cb12ae119b9b2ba18d0216e7235b403229e92fd0743ede48fe7f1a2c6f45d594,"{""distance"":5,""physical_error_rate"":0.0005}","{""detection_events"":5127,""detectors_checked"":2293760}"
     15360,         0,         0,   0.214,exact_mw,cb12ae119b9b2ba18d0216e7235b403229e92fd0743ede48fe7f1a2c6f45d594,"{""distance"":5,""physical_error_rate"":0.0005}","{""detection_events"":7320,""detectors_checked"":3440640}"
     13312,         0,         0,   0.262,exact_mw,cb12ae119b9b2ba18d0216e7235b403229e92fd0743ede48fe7f1a2c6f45d594,"{""distance"":5,""physical_error_rate"":0.0005}","{""detection_events"":6610,""detectors_checked"":2981888}"
      8908,         0,         0,   0.263,exact_mw,cb12ae119b9b2ba18d0216e7235b403229e92fd0743ede48fe7f1a2c6f45d594,"{""distance"":5,""physical_error_rate"":0.0005}","{""detection_events"":4274,""detectors_checked"":1995392}"
     13278,         0,         0,   0.316,exact_mw,cb12ae119b9b2ba18d0216e7235b403229e92fd0743ede48fe7f1a2c6f45d594,"{""distance"":5,""physical_error_rate"":0.0005}","{""detection_events"":6543,""detectors_checked"":2974272}"
     10240,         0,         0,   0.162,exact_mw,cb12ae119b9b2ba18d0216e7235b403229e92fd0743ede48fe7f1a2c6f45d594,"{""distance"":5,""physical_error_rate"":0.0005}","{""detection_events"":5168,""detectors_checked"":2293760}"
     10449,         0,         0,   0.207,exact_mw,cb12ae119b9b2ba18d0216e7235b403229e92fd0743ede48fe7f1a2c6f45d594,"{""distance"":5,""physical_error_rate"":0.0005}","{""detection_events"":5020,""detectors_checked"":2340576}"
     10240,         0,         0,   0.209,exact_mw,cb12ae119b9b2ba18d0216e7235b403229e92fd0743ede48fe7f1a2c6f45d594,"{""distance"":5,""physical_error_rate"":0.0005}","{""detection_events"":4911,""detectors_checked"":2293760}"
     14336,         0,         0,   0.316,exact_mw,cb12ae119b9b2ba18d0216e7235b403229e92fd0743ede48fe7f1a2c6f45d594,"{""distance"":5,""physical_error_rate"":0.0005}","{""detection_events"":7154,""detectors_checked"":3211264}"
      9235,         0,         0,   0.150,exact_mw,cb12ae119b9b2ba18d0216e7235b403229e92fd0743ede48fe7f1a2c6f45d594,"{""distance"":5,""physical_error_rate"":0.0005}","{""detection_events"":4554,""detectors_checked"":2068640}"
      7659,         0,         0,   0.135,exact_mw,cb12ae119b9b2ba18d0216e7235b403229e92fd0743ede48fe7f1a2c6f45d594,"{""distance"":5,""physical_error_rate"":0.0005}","{""detection_events"":3961,""detectors_checked"":1715616}"
     10900,         0,         0,   0.120,exact_mw,cb12ae119b9b2ba18d0216e7235b403229e92fd0743ede48fe7f1a2c6f45d594,"{""distance"":5,""physical_error_rate"":0.0005}","{""detection_events"":5256,""detectors_checked"":2441600}"
     10449,         0,         0,   0.205,exact_mw,cb12ae119b9b2ba18d0216e7235b403229e92fd0743ede48fe7f1a2c6f45d594,"{""distance"":5,""physical_error_rate"":0.0005}","{""detection_events"":5041,""detectors_checked"":2340576}"
     16384,         0,         0,   0.358,exact_mw,cb12ae119b9b2ba18d0216e7235b403229e92fd0743ede48fe7f1a2c6f45d594,"{""distance"":5,""physical_error_rate"":0.0005}","{""detection_events"":8316,""detectors_checked"":3670016}"
      9962,         0,         0,   0.209,exact_mw,cb12ae119b9b2ba18d0216e7235b403229e92fd0743ede48fe7f1a2c6f45d594,"{""distance"":5,""physical_error_rate"":0.0005}","{""detection_events"":4912,""detectors_checked"":2231488}"
      6796,         0,         0,   0.111,exact_mw,cb12ae119b9b2ba18d0216e7235b403229e92fd0743ede48fe7f1a2c6f45d594,"{""distance"":5,""physical_error_rate"":0.0005}","{""detection_events"":3240,""detectors_checked"":1522304}"
     12761,         0,         0,   0.311,exact_mw,cb12ae119b9b2ba18d0216e7235b403229e92fd0743ede48fe7f1a2c6f45d594,"{""distance"":5,""physical_error_rate"":0.0005}","{""detection_events"":6395,""detectors_checked"":2858464}"
      5106,         0,         0,   0.058,exact_mw,cb12ae119b9b2ba18d0216e7235b403229e92fd0743ede48fe7f1a2c6f45d594,"{""distance"":5,""physical_error_rate"":0.0005}","{""detection_events"":2493,""detectors_checked"":1143744}"
       302,         0,         0,   0.002,exact_mw,cb12ae119b9b2ba18d0216e7235b403229e92fd0743ede48fe7f1a2c6f45d594,"{""distance"":5,""physical_error_rate"":0.0005}","{""detection_events"":151,""detectors_checked"":67648}"
      4896,         0,         0,   0.055,exact_mw,cb12ae119b9b2ba18d0216e7235b403229e92fd0743ede48fe7f1a2c6f45d594,"{""distance"":5,""physical_error_rate"":0.0005}","{""detection_events"":2526,""detectors_checked"":1096704}"
      5483,         0,         0,   0.039,exact_mw,cb12ae119b9b2ba18d0216e7235b403229e92fd0743ede48fe7f1a2c6f45d594,"{""distance"":5,""physical_error_rate"":0.0005}","{""detection_events"":2659,""detectors_checked"":1228192}"
      9469,         0,         0,   0.220,exact_mw,cb12ae119b9b2ba18d0216e7235b403229e92fd0743ede48fe7f1a2c6f45d594,"{""distance"":5,""physical_error_rate"":0.0005}","{""detection_events"":4583,""detectors_checked"":2121056}"
      4090,         0,         0,   0.056,exact_mw,cb12ae119b9b2ba18d0216e7235b403229e92fd0743ede48fe7f1a2c6f45d594,"{""distance"":5,""physical_error_rate"":0.0005}","{""detection_events"":2092,""detectors_checked"":916160}"
       370,         0,         0,   0.001,exact_mw,cb12ae119b9b2ba18d0216e7235b403229e92fd0743ede48fe7f1a2c6f45d594,"{""distance"":5,""physical_error_rate"":0.0005}","{""detection_events"":198,""detectors_checked"":82880}"
      8364,         0,         0,   0.150,exact_mw,cb12ae119b9b2ba18d0216e7235b403229e92fd0743ede48fe7f1a2c6f45d594,"{""distance"":5,""physical_error_rate"":0.0005}","{""detection_events"":4165,""detectors_checked"":1873536}"
     15360,         0,         0,   0.364,exact_mw,cb12ae119b9b2ba18d0216e7235b403229e92fd0743ede48fe7f1a2c6f45d594,"{""distance"":5,""physical_error_rate"":0.0005}","{""detection_events"":7627,""detectors_checked"":3440640}"
      4141,         0,         0,   0.022,exact_mw,cb12ae119b9b2ba18d0216e7235b403229e92fd0743ede48fe7f1a2c6f45d594,"{""distance"":5,""physical_error_rate"":0.0005}","{""detection_events"":2039,""detectors_checked"":927584}"
      7282,         0,         0,   0.120,exact_mw,cb12ae119b9b2ba18d0216e7235b403229e92fd0743ede48fe7f1a2c6f45d594,"{""distance"":5,""physical_error_rate"":0.0005}","{""detection_events"":3332,""detectors_checked"":1631168}"
      9962,         0,         0,   0.073,exact_mw,cb12ae119b9b2ba18d0216e7235b403229e92fd0743ede48fe7f1a2c6f45d594,"{""distance"":5,""physical_error_rate"":0.0005}","{""detection_events"":4845,""detectors_checked"":2231488}"
     12288,         0,         0,   0.293,exact_mw,cb12ae119b9b2ba18d0216e7235b403229e92fd0743ede48fe7f1a2c6f45d594,"{""distance"":5,""physical_error_rate"":0.0005}","{""detection_events"":6173,""detectors_checked"":2752512}"
     10240,         0,         0,   0.225,exact_mw,cb12ae119b9b2ba18d0216e7235b403229e92fd0743ede48fe7f1a2c6f45d594,"{""distance"":5,""physical_error_rate"":0.0005}","{""detection_events"":5015,""detectors_checked"":2293760}"
      2330,         0,         0,   0.013,exact_mw,cb12ae119b9b2ba18d0216e7235b403229e92fd0743ede48fe7f1a2c6f45d594,"{""distance"":5,""physical_error_rate"":0.0005}","{""detection_events"":1157,""detectors_checked"":521920}"
     10900,         0,         0,   0.253,exact_mw,cb12ae119b9b2ba18d0216e7235b403229e92fd0743ede48fe7f1a2c6f45d594,"{""distance"":5,""physical_error_rate"":0.0005}","{""detection_events"":5471,""detectors_checked"":2441600}"
      9216,         0,         0,   0.184,exact_mw,cb12ae119b9b2ba18d0216e7235b403229e92fd0743ede48fe7f1a2c6f45d594,"{""distance"":5,""physical_error_rate"":0.0005}","{""detection_events"":4802,""detectors_checked"":2064384}"
      9235,         0,         0,   0.149,exact_mw,cb12ae119b9b2ba18d0216e7235b403229e92fd0743ede48fe7f1a2c6f45d594,"{""distance"":5,""physical_error_rate"":0.0005}","{""detection_events"":4490,""detectors_checked"":2068640}"
      7168,         0,         0,   0.103,exact_mw,cb12ae119b9b2ba18d0216e7235b403229e92fd0743ede48fe7f1a2c6f45d594,"{""distance"":5,""physical_error_rate"":0.0005}","{""detection_events"":3503,""detectors_checked"":1605632}"
      7168,         0,         0,   0.076,exact_mw,cb12ae119b9b2ba18d0216e7235b403229e92fd0743ede48fe7f1a2c6f45d594,"{""distance"":5,""physical_error_rate"":0.0005}","{""detection_events"":3321,""detectors_checked"":1605632}"
      9216,         0,         0,   0.146,exact_mw,cb12ae119b9b2ba18d0216e7235b403229e92fd0743ede48fe7f1a2c6f45d594,"{""distance"":5,""physical_error_rate"":0.0005}","{""detection_events"":4431,""detectors_checked"":2064384}"
     12288,         0,         0,   0.229,exact_mw,cb12ae119b9b2ba18d0216e7235b403229e92fd0743ede48fe7f1a2c6f45d594,"{""distance"":5,""physical_error_rate"":0.0005}","{""detection_events"":5814,""detectors_checked"":2752512}"
     10240,         0,         0,   0.225,exact_mw,cb12ae119b9b2ba18d0216e7235b403229e92fd0743ede48fe7f1a2c6f45d594,"{""distance"":5,""physical_error_rate"":0.0005}","{""detection_events"":4859,""detectors_checked"":2293760}"
      8192,         0,         0,   0.152,exact_mw,cb12ae119b9b2ba18d0216e7235b403229e92fd0743ede48fe7f1a2c6f45d594,"{""distance"":5,""physical_error_rate"":0.0005}","{""detection_events"":4046,""detectors_checked"":1835008}"
      4860,         0,         0,   0.052,exact_mw,cb12ae119b9b2ba18d0216e7235b403229e92fd0743ede48fe7f1a2c6f45d594,"{""distance"":5,""physical_error_rate"":0.0005}","{""detection_events"":2482,""detectors_checked"":1088640}"
      8192,         0,         0,   0.137,exact_mw,cb12ae119b9b2ba18d0216e7235b403229e92fd0743ede48fe7f1a2c6f45d594,"{""distance"":5,""physical_error_rate"":0.0005}","{""detection_events"":4021,""detectors_checked"":1835008}"
      4047,         0,         0,   0.078,exact_mw,cb12ae119b9b2ba18d0216e7235b403229e92fd0743ede48fe7f1a2c6f45d594,"{""distance"":5,""physical_error_rate"":0.0005}","{""detection_events"":2009,""detectors_checked"":906528}"
      1517,         0,         0,   0.005,exact_mw,cb12ae119b9b2ba18d0216e7235b403229e92fd0743ede48fe7f1a2c6f45d594,"{""distance"":5,""physical_error_rate"":0.0005}","{""detection_events"":792,""detectors_checked"":339808}"
     11264,         0,         0,   0.293,exact_mw,cb12ae119b9b2ba18d0216e7235b403229e92fd0743ede48fe7f1a2c6f45d594,"{""distance"":5,""physical_error_rate"":0.0005}","{""detection_events"":5425,""detectors_checked"":2523136}"
     12288,         1,         0,   0.333,exact_mw,cb12ae119b9b2ba18d0216e7235b403229e92fd0743ede48fe7f1a2c6f45d594,"{""distance"":5,""physical_error_rate"":0.0005}","{""detection_events"":6190,""detectors_checked"":2752512,""obs_mistake_mask=E"":1}"
      1067,         0,         0,   0.005,exact_mw,cb12ae119b9b2ba18d0216e7235b403229e92fd0743ede48fe7f1a2c6f45d594,"{""distance"":5,""physical_error_rate"":0.0005}","{""detection_events"":559,""detectors_checked"":239008}"
      8192,         0,         0,   0.138,exact_mw,cb12ae119b9b2ba18d0216e7235b403229e92fd0743ede48fe7f1a2c6f45d594,"{""distance"":5,""physical_error_rate"":0.0005}","{""detection_events"":4065,""detectors_checked"":1835008}"
      6534,         0,         0,   0.124,exact_mw,cb12ae119b9b2ba18d0216e7235b403229e92fd0743ede48fe7f1a2c6f45d594,"{""distance"":5,""physical_error_rate"":0.0005}","{""detection_events"":3288,""detectors_checked"":1463616}"
      8192,         0,         0,   0.140,exact_mw,cb12ae119b9b2ba18d0216e7235b403229e92fd0743ede48fe7f1a2c6f45d594,"{""distance"":5,""physical_error_rate"":0.0005}","{""detection_events"":3885,""detectors_checked"":1835008}"
      9216,         0,         0,   0.151,exact_mw,cb12ae119b9b2ba18d0216e7235b403229e92fd0743ede48fe7f1a2c6f45d594,"{""distance"":5,""physical_error_rate"":0.0005}","{""detection_events"":4664,""detectors_checked"":2064384}"
      1306,         0,         0,   0.018,exact_mw,cb12ae119b9b2ba18d0216e7235b403229e92fd0743ede48fe7f1a2c6f45d594,"{""distance"":5,""physical_error_rate"":0.0005}","{""detection_events"":736,""detectors_checked"":292544}"
       937,         0,         0,   0.003,exact_mw,cb12ae119b9b2ba18d0216e7235b403229e92fd0743ede48fe7f1a2c6f45d594,"{""distance"":5,""physical_error_rate"":0.0005}","{""detection_events"":469,""detectors_checked"":209888}"
      4072,         0,         0,   0.043,exact_mw,cb12ae119b9b2ba18d0216e7235b403229e92fd0743ede48fe7f1a2c6f45d594,"{""distance"":5,""physical_error_rate"":0.0005}","{""detection_events"":2017,""detectors_checked"":912128}"
     10240,         0,         0,   0.203,exact_mw,cb12ae119b9b2ba18d0216e7235b403229e92fd0743ede48fe7f1a2c6f45d594,"{""distance"":5,""physical_error_rate"":0.0005}","{""detection_events"":4967,""detectors_checked"":2293760}"
       594,         0,         0,   0.002,exact_mw,cb12ae119b9b2ba18d0216e7235b403229e92fd0743ede48fe7f1a2c6f45d594,"{""distance"":5,""physical_error_rate"":0.0005}","{""detection_events"":325,""detectors_checked"":133056}"
      7475,         0,         0,   0.139,exact_mw,cb12ae119b9b2ba18d0216e7235b403229e92fd0743ede48fe7f1a2c6f45d594,"{""distance"":5,""physical_error_rate"":0.0005}","{""detection_events"":3660,""detectors_checked"":1674400}"
      4745,         0,         0,   0.079,exact_mw,cb12ae119b9b2ba18d0216e7235b403229e92fd0743ede48fe7f1a2c6f45d594,"{""distance"":5,""physical_error_rate"":0.0005}","{""detection_events"":2453,""detectors_checked"":1062880}"
       363,         0,         0,   0.001,exact_mw,cb12ae119b9b2ba18d0216e7235b403229e92fd0743ede48fe7f1a2c6f45d594,"{""distance"":5,""physical_error_rate"":0.0005}","{""detection_events"":173,""detectors_checked"":81312}"
       591,         0,         0,   0.004,exact_mw,cb12ae119b9b2ba18d0216e7235b403229e92fd0743ede48fe7f1a2c6f45d594,"{""distance"":5,""physical_error_rate"":0.0005}","{""detection_events"":360,""detectors_checked"":132384}"
      6395,         0,         0,   0.114,exact_mw,cb12ae119b9b2ba18d0216e7235b403229e92fd0743ede48fe7f1a2c6f45d594,"{""distance"":5,""physical_error_rate"":0.0005}","{""detection_events"":3012,""detectors_checked"":1432480}"
     11264,         0,         0,   0.271,exact_mw,cb12ae119b9b2ba18d0216e7235b403229e92fd0743ede48fe7f1a2c6f45d594,"{""distance"":5,""physical_error_rate"":0.0005}","{""detection_events"":5552,""detectors_checked"":2523136}"
     10240,         0,         0,   0.239,exact_mw,cb12ae119b9b2ba18d0216e7235b403229e92fd0743ede48fe7f1a2c6f45d594,"{""distance"":5,""physical_error_rate"":0.0005}","{""detection_events"":5141,""detectors_checked"":2293760}"
      5937,         0,         0,   0.061,exact_mw,cb12ae119b9b2ba18d0216e7235b403229e92fd0743ede48fe7f1a2c6f45d594,"{""distance"":5,""physical_error_rate"":0.0005}","{""detection_events"":2949,""detectors_checked"":1329888}"
      1388,         0,         0,   0.017,exact_mw,cb12ae119b9b2ba18d0216e7235b403229e92fd0743ede48fe7f1a2c6f45d594,"{""distance"":5,""physical_error_rate"":0.0005}","{""detection_events"":697,""detectors_checked"":310912}"
       134,         0,         0,   0.002,exact_mw,cb12ae119b9b2ba18d0216e7235b403229e92fd0743ede48fe7f1a2c6f45d594,"{""distance"":5,""physical_error_rate"":0.0005}","{""detection_events"":73,""detectors_checked"":30016}"
      1056,         0,         0,   0.005,exact_mw,cb12ae119b9b2ba18d0216e7235b403229e92fd0743ede48fe7f1a2c6f45d594,"{""distance"":5,""physical_error_rate"":0.0005}","{""detection_events"":463,""detectors_checked"":236544}"
      4331,         0,         0,   0.082,exact_mw,cb12ae119b9b2ba18d0216e7235b403229e92fd0743ede48fe7f1a2c6f45d594,"{""distance"":5,""physical_error_rate"":0.0005}","{""detection_events"":2132,""detectors_checked"":970144}"
     14336,         0,         0,   0.351,exact_mw,cb12ae119b9b2ba18d0216e7235b403229e92fd0743ede48fe7f1a2c6f45d594,"{""distance"":5,""physical_error_rate"":0.0005}","{""detection_events"":7250,""detectors_checked"":3211264}"
      4690,         0,         0,   0.077,exact_mw,cb12ae119b9b2ba18d0216e7235b403229e92fd0743ede48fe7f1a2c6f45d594,"{""distance"":5,""physical_error_rate"":0.0005}","{""detection_events"":2336,""detectors_checked"":1050560}"
      6290,         0,         0,   0.054,exact_mw,cb12ae119b9b2ba18d0216e7235b403229e92fd0743ede48fe7f1a2c6f45d594,"{""distance"":5,""physical_error_rate"":0.0005}","{""detection_events"":3145,""detectors_checked"":1408960}"
      8192,         0,         0,   0.161,exact_mw,cb12ae119b9b2ba18d0216e7235b403229e92fd0743ede48fe7f1a2c6f45d594,"{""distance"":5,""physical_error_rate"":0.0005}","{""detection_events"":4104,""detectors_checked"":1835008}"
     12288,         0,         0,   0.301,exact_mw,cb12ae119b9b2ba18d0216e7235b403229e92fd0743ede48fe7f1a2c6f45d594,"{""distance"":5,""physical_error_rate"":0.0005}","{""detection_events"":6269,""detectors_checked"":2752512}"
       990,         0,         0,   0.004,exact_mw,cb12ae119b9b2ba18d0216e7235b403229e92fd0743ede48fe7f1a2c6f45d594,"{""distance"":5,""physical_error_rate"":0.0005}","{""detection_events"":458,""detectors_checked"":221760}"
      6507,         0,         0,   0.092,exact_mw,cb12ae119b9b2ba18d0216e7235b403229e92fd0743ede48fe7f1a2c6f45d594,"{""distance"":5,""physical_error_rate"":0.0005}","{""detection_events"":3114,""detectors_checked"":1457568}"
       138,         0,         0,   0.001,exact_mw,cb12ae119b9b2ba18d0216e7235b403229e92fd0743ede48fe7f1a2c6f45d594,"{""distance"":5,""physical_error_rate"":0.0005}","{""detection_events"":58,""detectors_checked"":30912}"
      3057,         0,         0,   0.020,exact_mw,cb12ae119b9b2ba18d0216e7235b403229e92fd0743ede48fe7f1a2c6f45d594,"{""distance"":5,""physical_error_rate"":0.0005}","{""detection_events"":1468,""detectors_checked"":684768}"
      4086,         0,         0,   0.062,exact_mw,cb12ae119b9b2ba18d0216e7235b403229e92fd0743ede48fe7f1a2c6f45d594,"{""distance"":5,""physical_error_rate"":0.0005}","{""detection_events"":1981,""detectors_checked"":915264}"
      9235,         0,         0,   0.185,exact_mw,cb12ae119b9b2ba18d0216e7235b403229e92fd0743ede48fe7f1a2c6f45d594,"{""distance"":5,""physical_error_rate"":0.0005}","{""detection_events"":4665,""detectors_checked"":2068640}"
      4942,         0,         0,   0.046,exact_mw,cb12ae119b9b2ba18d0216e7235b403229e92fd0743ede48fe7f1a2c6f45d594,"{""distance"":5,""physical_error_rate"":0.0005}","{""detection_events"":2412,""detectors_checked"":1107008}"
      2427,         0,         0,   0.027,exact_mw,cb12ae119b9b2ba18d0216e7235b403229e92fd0743ede48fe7f1a2c6f45d594,"{""distance"":5,""physical_error_rate"":0.0005}","{""detection_events"":1254,""detectors_checked"":543648}"
      7475,         0,         0,   0.150,exact_mw,cb12ae119b9b2ba18d0216e7235b403229e92fd0743ede48fe7f1a2c6f45d594,"{""distance"":5,""physical_error_rate"":0.0005}","{""detection_events"":3540,""detectors_checked"":1674400}"
     11264,         0,         0,   0.302,exact_mw,cb12ae119b9b2ba18d0216e7235b403229e92fd0743ede48fe7f1a2c6f45d594,"{""distance"":5,""physical_error_rate"":0.0005}","{""detection_events"":5322,""detectors_checked"":2523136}"
     11264,         0,         0,   0.215,exact_mw,cb12ae119b9b2ba18d0216e7235b403229e92fd0743ede48fe7f1a2c6f45d594,"{""distance"":5,""physical_error_rate"":0.0005}","{""detection_events"":5472,""detectors_checked"":2523136}"
      7168,         0,         0,   0.151,exact_mw,cb12ae119b9b2ba18d0216e7235b403229e92fd0743ede48fe7f1a2c6f45d594,"{""distance"":5,""physical_error_rate"":0.0005}","{""detection_events"":3451,""detectors_checked"":1605632}"
      1648,         0,         0,   0.023,exact_mw,cb12ae119b9b2ba18d0216e7235b403229e92fd0743ede48fe7f1a2c6f45d594,"{""distance"":5,""physical_error_rate"":0.0005}","{""detection_events"":699,""detectors_checked"":369152}"
       805,         0,         0,   0.003,exact_mw,cb12ae119b9b2ba18d0216e7235b403229e92fd0743ede48fe7f1a2c6f45d594,"{""distance"":5,""physical_error_rate"":0.0005}","{""detection_events"":410,""detectors_checked"":180320}"
      9216,         0,         0,   0.160,exact_mw,cb12ae119b9b2ba18d0216e7235b403229e92fd0743ede48fe7f1a2c6f45d594,"{""distance"":5,""physical_error_rate"":0.0005}","{""detection_events"":4537,""detectors_checked"":2064384}"
      7434,         0,         0,   0.194,exact_mw,cb12ae119b9b2ba18d0216e7235b403229e92fd0743ede48fe7f1a2c6f45d594,"{""distance"":5,""physical_error_rate"":0.0005}","{""detection_events"":3747,""detectors_checked"":1665216}"
      5400,         0,         0,   0.061,exact_mw,cb12ae119b9b2ba18d0216e7235b403229e92fd0743ede48fe7f1a2c6f45d594,"{""distance"":5,""physical_error_rate"":0.0005}","{""detection_events"":2907,""detectors_checked"":1209600}"
       501,         0,         0,   0.003,exact_mw,cb12ae119b9b2ba18d0216e7235b403229e92fd0743ede48fe7f1a2c6f45d594,"{""distance"":5,""physical_error_rate"":0.0005}","{""detection_events"":234,""detectors_checked"":112224}"
      6507,         0,         0,   0.120,exact_mw,cb12ae119b9b2ba18d0216e7235b403229e92fd0743ede48fe7f1a2c6f45d594,"{""distance"":5,""physical_error_rate"":0.0005}","{""detection_events"":3254,""detectors_checked"":1457568}"
         6,         0,         0,   0.000,exact_mw,cb12ae119b9b2ba18d0216e7235b403229e92fd0743ede48fe7f1a2c6f45d594,"{""distance"":5,""physical_error_rate"":0.0005}","{""detection_events"":2,""detectors_checked"":1344}"
         5,         0,         0,   0.000,exact_mw,cb12ae119b9b2ba18d0216e7235b403229e92fd0743ede48fe7f1a2c6f45d594,"{""distance"":5,""physical_error_rate"":0.0005}","{""detection_events"":4,""detectors_checked"":1120}"
      8192,         0,         0,   0.163,exact_mw,cb12ae119b9b2ba18d0216e7235b403229e92fd0743ede48fe7f1a2c6f45d594,"{""distance"":5,""physical_error_rate"":0.0005}","{""detection_events"":3969,""detectors_checked"":1835008}"
     11264,         0,         0,   0.264,exact_mw,cb12ae119b9b2ba18d0216e7235b403229e92fd0743ede48fe7f1a2c6f45d594,"{""distance"":5,""physical_error_rate"":0.0005}","{""detection_events"":5597,""detectors_checked"":2523136}"
      7168,         0,         0,   0.168,exact_mw,cb12ae119b9b2ba18d0216e7235b403229e92fd0743ede48fe7f1a2c6f45d594,"{""distance"":5,""physical_error_rate"":0.0005}","{""detection_events"":3411,""detectors_checked"":1605632}"
        51,         0,         0,   0.000,exact_mw,cb12ae119b9b2ba18d0216e7235b403229e92fd0743ede48fe7f1a2c6f45d594,"{""distance"":5,""physical_error_rate"":0.0005}","{""detection_events"":11,""detectors_checked"":11424}"
      2054,         0,         0,   0.008,exact_mw,cb12ae119b9b2ba18d0216e7235b403229e92fd0743ede48fe7f1a2c6f45d594,"{""distance"":5,""physical_error_rate"":0.0005}","{""detection_events"":959,""detectors_checked"":460096}"
      1759,         0,         0,   0.021,exact_mw,cb12ae119b9b2ba18d0216e7235b403229e92fd0743ede48fe7f1a2c6f45d594,"{""distance"":5,""physical_error_rate"":0.0005}","{""detection_events"":905,""detectors_checked"":394016}"
      6507,         0,         0,   0.129,exact_mw,cb12ae119b9b2ba18d0216e7235b403229e92fd0743ede48fe7f1a2c6f45d594,"{""distance"":5,""physical_error_rate"":0.0005}","{""detection_events"":3176,""detectors_checked"":1457568}"
       153,         0,         0,   0.001,exact_mw,cb12ae119b9b2ba18d0216e7235b403229e92fd0743ede48fe7f1a2c6f45d594,"{""distance"":5,""physical_error_rate"":0.0005}","{""detection_events"":90,""detectors_checked"":34272}"
      6507,         0,         0,   0.107,exact_mw,cb12ae119b9b2ba18d0216e7235b403229e92fd0743ede48fe7f1a2c6f45d594,"{""distance"":5,""physical_error_rate"":0.0005}","{""detection_events"":3120,""detectors_checked"":1457568}"
       588,         0,         0,   0.002,exact_mw,cb12ae119b9b2ba18d0216e7235b403229e92fd0743ede48fe7f1a2c6f45d594,"{""distance"":5,""physical_error_rate"":0.0005}","{""detection_events"":343,""detectors_checked"":131712}"
      4064,         0,         0,   0.086,exact_mw,cb12ae119b9b2ba18d0216e7235b403229e92fd0743ede48fe7f1a2c6f45d594,"{""distance"":5,""physical_error_rate"":0.0005}","{""detection_events"":2120,""detectors_checked"":910336}"
      1030,         0,         0,   0.013,exact_mw,cb12ae119b9b2ba18d0216e7235b403229e92fd0743ede48fe7f1a2c6f45d594,"{""distance"":5,""physical_error_rate"":0.0005}","{""detection_events"":505,""detectors_checked"":230720}"
      8040,         0,         0,   0.195,exact_mw,cb12ae119b9b2ba18d0216e7235b403229e92fd0743ede48fe7f1a2c6f45d594,"{""distance"":5,""physical_error_rate"":0.0005}","{""detection_events"":3978,""detectors_checked"":1800960}"
        85,         0,         0,   0.000,exact_mw,cb12ae119b9b2ba18d0216e7235b403229e92fd0743ede48fe7f1a2c6f45d594,"{""distance"":5,""physical_error_rate"":0.0005}","{""detection_events"":42,""detectors_checked"":19040}"
      4714,         0,         0,   0.102,exact_mw,cb12ae119b9b2ba18d0216e7235b403229e92fd0743ede48fe7f1a2c6f45d594,"{""distance"":5,""physical_error_rate"":0.0005}","{""detection_events"":2271,""detectors_checked"":1055936}"
      8192,         0,         0,   0.176,exact_mw,cb12ae119b9b2ba18d0216e7235b403229e92fd0743ede48fe7f1a2c6f45d594,"{""distance"":5,""physical_error_rate"":0.0005}","{""detection_events"":4058,""detectors_checked"":1835008}"
      6651,         0,         0,   0.096,exact_mw,cb12ae119b9b2ba18d0216e7235b403229e92fd0743ede48fe7f1a2c6f45d594,"{""distance"":5,""physical_error_rate"":0.0005}","{""detection_events"":3392,""detectors_checked"":1489824}"
      7097,         0,         0,   0.113,exact_mw,cb12ae119b9b2ba18d0216e7235b403229e92fd0743ede48fe7f1a2c6f45d594,"{""distance"":5,""physical_error_rate"":0.0005}","{""detection_events"":3614,""detectors_checked"":1589728}"
      1678,         0,         0,   0.030,exact_mw,cb12ae119b9b2ba18d0216e7235b403229e92fd0743ede48fe7f1a2c6f45d594,"{""distance"":5,""physical_error_rate"":0.0005}","{""detection_events"":797,""detectors_checked"":375872}"
      7008,         0,         0,   0.064,exact_mw,cb12ae119b9b2ba18d0216e7235b403229e92fd0743ede48fe7f1a2c6f45d594,"{""distance"":5,""physical_error_rate"":0.0005}","{""detection_events"":3551,""detectors_checked"":1569792}"
      2257,         0,         0,   0.010,exact_mw,cb12ae119b9b2ba18d0216e7235b403229e92fd0743ede48fe7f1a2c6f45d594,"{""distance"":5,""physical_error_rate"":0.0005}","{""detection_events"":1122,""detectors_checked"":505568}"
      4597,         0,         0,   0.088,exact_mw,cb12ae119b9b2ba18d0216e7235b403229e92fd0743ede48fe7f1a2c6f45d594,"{""distance"":5,""physical_error_rate"":0.0005}","{""detection_events"":2377,""detectors_checked"":1029728}"
      5364,         0,         0,   0.063,exact_mw,cb12ae119b9b2ba18d0216e7235b403229e92fd0743ede48fe7f1a2c6f45d594,"{""distance"":5,""physical_error_rate"":0.0005}","{""detection_events"":2566,""detectors_checked"":1201536}"
      6395,         0,         0,   0.102,exact_mw,cb12ae119b9b2ba18d0216e7235b403229e92fd0743ede48fe7f1a2c6f45d594,"{""distance"":5,""physical_error_rate"":0.0005}","{""detection_events"":3392,""detectors_checked"":1432480}"
      2708,         0,         0,   0.012,exact_mw,cb12ae119b9b2ba18d0216e7235b403229e92fd0743ede48fe7f1a2c6f45d594,"{""distance"":5,""physical_error_rate"":0.0005}","{""detection_events"":1270,""detectors_checked"":606592}"
      6144,         0,         0,   0.172,exact_mw,cb12ae119b9b2ba18d0216e7235b403229e92fd0743ede48fe7f1a2c6f45d594,"{""distance"":5,""physical_error_rate"":0.0005}","{""detection_events"":2927,""detectors_checked"":1376256}"
      5139,         0,         0,   0.111,exact_mw,cb12ae119b9b2ba18d0216e7235b403229e92fd0743ede48fe7f1a2c6f45d594,"{""distance"":5,""physical_error_rate"":0.0005}","{""detection_events"":2522,""detectors_checked"":1151136}"
      4842,         0,         0,   0.056,exact_mw,cb12ae119b9b2ba18d0216e7235b403229e92fd0743ede48fe7f1a2c6f45d594,"{""distance"":5,""physical_error_rate"":0.0005}","{""detection_events"":2397,""detectors_checked"":1084608}"
      1851,         0,         0,   0.040,exact_mw,cb12ae119b9b2ba18d0216e7235b403229e92fd0743ede48fe7f1a2c6f45d594,"{""distance"":5,""physical_error_rate"":0.0005}","{""detection_events"":1017,""detectors_checked"":414624}"
      1770,         0,         0,   0.009,exact_mw,cb12ae119b9b2ba18d0216e7235b403229e92fd0743ede48fe7f1a2c6f45d594,"{""distance"":5,""physical_error_rate"":0.0005}","{""detection_events"":830,""detectors_checked"":396480}"
      1909,         0,         0,   0.023,exact_mw,cb12ae119b9b2ba18d0216e7235b403229e92fd0743ede48fe7f1a2c6f45d594,"{""distance"":5,""physical_error_rate"":0.0005}","{""detection_events"":995,""detectors_checked"":427616}"
      2359,         0,         0,   0.011,exact_mw,cb12ae119b9b2ba18d0216e7235b403229e92fd0743ede48fe7f1a2c6f45d594,"{""distance"":5,""physical_error_rate"":0.0005}","{""detection_events"":1097,""detectors_checked"":528416}"
      1684,         0,         0,   0.012,exact_mw,cb12ae119b9b2ba18d0216e7235b403229e92fd0743ede48fe7f1a2c6f45d594,"{""distance"":5,""physical_error_rate"":0.0005}","{""detection_events"":888,""detectors_checked"":377216}"
      6144,         0,         0,   0.066,exact_mw,cb12ae119b9b2ba18d0216e7235b403229e92fd0743ede48fe7f1a2c6f45d594,"{""distance"":5,""physical_error_rate"":0.0005}","{""detection_events"":3018,""detectors_checked"":1376256}"
      1770,         0,         0,   0.006,exact_mw,cb12ae119b9b2ba18d0216e7235b403229e92fd0743ede48fe7f1a2c6f45d594,"{""distance"":5,""physical_error_rate"":0.0005}","{""detection_events"":863,""detectors_checked"":396480}"
      2035,         0,         0,   0.019,exact_mw,cb12ae119b9b2ba18d0216e7235b403229e92fd0743ede48fe7f1a2c6f45d594,"{""distance"":5,""physical_error_rate"":0.0005}","{""detection_events"":1006,""detectors_checked"":455840}"
      2914,         0,         0,   0.041,exact_mw,cb12ae119b9b2ba18d0216e7235b403229e92fd0743ede48fe7f1a2c6f45d594,"{""distance"":5,""physical_error_rate"":0.0005}","{""detection_events"":1407,""detectors_checked"":652736}"
      2427,         0,         0,   0.031,exact_mw,cb12ae119b9b2ba18d0216e7235b403229e92fd0743ede48fe7f1a2c6f45d594,"{""distance"":5,""physical_error_rate"":0.0005}","{""detection_events"":1264,""detectors_checked"":543648}"
      3019,         0,         0,   0.048,exact_mw,cb12ae119b9b2ba18d0216e7235b403229e92fd0743ede48fe7f1a2c6f45d594,"{""distance"":5,""physical_error_rate"":0.0005}","{""detection_events"":1391,""detectors_checked"":676256}"
      2241,         0,         0,   0.038,exact_mw,cb12ae119b9b2ba18d0216e7235b403229e92fd0743ede48fe7f1a2c6f45d594,"{""distance"":5,""physical_error_rate"":0.0005}","{""detection_events"":1118,""detectors_checked"":501984}"
     10240,         0,         0,   0.227,exact_mw,cb12ae119b9b2ba18d0216e7235b403229e92fd0743ede48fe7f1a2c6f45d594,"{""distance"":5,""physical_error_rate"":0.0005}","{""detection_events"":5120,""detectors_checked"":2293760}"
      7168,         0,         0,   0.114,exact_mw,cb12ae119b9b2ba18d0216e7235b403229e92fd0743ede48fe7f1a2c6f45d594,"{""distance"":5,""physical_error_rate"":0.0005}","{""detection_events"":3465,""detectors_checked"":1605632}"
      9770,         0,         0,   0.182,exact_mw,cb12ae119b9b2ba18d0216e7235b403229e92fd0743ede48fe7f1a2c6f45d594,"{""distance"":5,""physical_error_rate"":0.0005}","{""detection_events"":4735,""detectors_checked"":2188480}"
      6144,         0,         0,   0.090,exact_mw,cb12ae119b9b2ba18d0216e7235b403229e92fd0743ede48fe7f1a2c6f45d594,"{""distance"":5,""physical_error_rate"":0.0005}","{""detection_events"":2880,""detectors_checked"":1376256}"
      3354,         0,         0,   0.052,exact_mw,cb12ae119b9b2ba18d0216e7235b403229e92fd0743ede48fe7f1a2c6f45d594,"{""distance"":5,""physical_error_rate"":0.0005}","{""detection_events"":1757,""detectors_checked"":751296}"
      2487,         0,         0,   0.011,exact_mw,cb12ae119b9b2ba18d0216e7235b403229e92fd0743ede48fe7f1a2c6f45d594,"{""distance"":5,""physical_error_rate"":0.0005}","{""detection_events"":1263,""detectors_checked"":557088}"
        51,         0,         0,   0.000,exact_mw,cb12ae119b9b2ba18d0216e7235b403229e92fd0743ede48fe7f1a2c6f45d594,"{""distance"":5,""physical_error_rate"":0.0005}","{""detection_events"":26,""detectors_checked"":11424}"
        51,         0,         0,   0.000,exact_mw,cb12ae119b9b2ba18d0216e7235b403229e92fd0743ede48fe7f1a2c6f45d594,"{""distance"":5,""physical_error_rate"":0.0005}","{""detection_events"":18,""detectors_checked"":11424}"
      7168,         0,         0,   0.100,exact_mw,cb12ae119b9b2ba18d0216e7235b403229e92fd0743ede48fe7f1a2c6f45d594,"{""distance"":5,""physical_error_rate"":0.0005}","{""detection_events"":3781,""detectors_checked"":1605632}"
      8192,         0,         0,   0.131,exact_mw,cb12ae119b9b2ba18d0216e7235b403229e92fd0743ede48fe7f1a2c6f45d594,"{""distance"":5,""physical_error_rate"":0.0005}","{""detection_events"":3958,""detectors_checked"":1835008}"
      8192,         0,         0,   0.184,exact_mw,cb12ae119b9b2ba18d0216e7235b403229e92fd0743ede48fe7f1a2c6f45d594,"{""distance"":5,""physical_error_rate"":0.0005}","{""detection_events"":4064,""detectors_checked"":1835008}"
        27,         0,         0,   0.000,exact_mw,cb12ae119b9b2ba18d0216e7235b403229e92fd0743ede48fe7f1a2c6f45d594,"{""distance"":5,""physical_error_rate"":0.0005}","{""detection_events"":14,""detectors_checked"":6048}"
        45,         0,         0,   0.000,exact_mw,cb12ae119b9b2ba18d0216e7235b403229e92fd0743ede48fe7f1a2c6f45d594,"{""distance"":5,""physical_error_rate"":0.0005}","{""detection_events"":31,""detectors_checked"":10080}"
      3492,         0,         0,   0.028,exact_mw,cb12ae119b9b2ba18d0216e7235b403229e92fd0743ede48fe7f1a2c6f45d594,"{""distance"":5,""physical_error_rate"":0.0005}","{""detection_events"":1756,""detectors_checked"":782208}"
       209,         0,         0,   0.001,exact_mw,cb12ae119b9b2ba18d0216e7235b403229e92fd0743ede48fe7f1a2c6f45d594,"{""distance"":5,""physical_error_rate"":0.0005}","{""detection_events"":92,""detectors_checked"":46816}"
      5120,         0,         0,   0.096,exact_mw,cb12ae119b9b2ba18d0216e7235b403229e92fd0743ede48fe7f1a2c6f45d594,"{""distance"":5,""physical_error_rate"":0.0005}","{""detection_events"":2473,""detectors_checked"":1146880}"
      5981,         0,         0,   0.113,exact_mw,cb12ae119b9b2ba18d0216e7235b403229e92fd0743ede48fe7f1a2c6f45d594,"{""distance"":5,""physical_error_rate"":0.0005}","{""detection_events"":3024,""detectors_checked"":1339744}"
      3231,         0,         0,   0.019,exact_mw,cb12ae119b9b2ba18d0216e7235b403229e92fd0743ede48fe7f1a2c6f45d594,"{""distance"":5,""physical_error_rate"":0.0005}","{""detection_events"":1566,""detectors_checked"":723744}"
      6045,         0,         0,   0.087,exact_mw,cb12ae119b9b2ba18d0216e7235b403229e92fd0743ede48fe7f1a2c6f45d594,"{""distance"":5,""physical_error_rate"":0.0005}","{""detection_events"":2952,""detectors_checked"":1354080}"
       237,         0,         0,   0.001,exact_mw,cb12ae119b9b2ba18d0216e7235b403229e92fd0743ede48fe7f1a2c6f45d594,"{""distance"":5,""physical_error_rate"":0.0005}","{""detection_events"":86,""detectors_checked"":53088}"
       426,         0,         0,   0.002,exact_mw,cb12ae119b9b2ba18d0216e7235b403229e92fd0743ede48fe7f1a2c6f45d594,"{""distance"":5,""physical_error_rate"":0.0005}","{""detection_events"":204,""detectors_checked"":95424}"
      2460,         0,         0,   0.041,exact_mw,cb12ae119b9b2ba18d0216e7235b403229e92fd0743ede48fe7f1a2c6f45d594,"{""distance"":5,""physical_error_rate"":0.0005}","{""detection_events"":1139,""detectors_checked"":551040}"
       818,         0,         0,   0.006,exact_mw,cb12ae119b9b2ba18d0216e7235b403229e92fd0743ede48fe7f1a2c6f45d594,"{""distance"":5,""physical_error_rate"":0.0005}","{""detection_events"":438,""detectors_checked"":183232}"
      7282,         0,         0,   0.101,exact_mw,cb12ae119b9b2ba18d0216e7235b403229e92fd0743ede48fe7f1a2c6f45d594,"{""distance"":5,""physical_error_rate"":0.0005}","{""detection_events"":3609,""detectors_checked"":1631168}"
      2304,         0,         0,   0.029,exact_mw,cb12ae119b9b2ba18d0216e7235b403229e92fd0743ede48fe7f1a2c6f45d594,"{""distance"":5,""physical_error_rate"":0.0005}","{""detection_events"":1137,""detectors_checked"":516096}"
        92,         0,         0,   0.001,exact_mw,cb12ae119b9b2ba18d0216e7235b403229e92fd0743ede48fe7f1a2c6f45d594,"{""distance"":5,""physical_error_rate"":0.0005}","{""detection_events"":55,""detectors_checked"":20608}"
      4883,         0,         0,   0.086,exact_mw,cb12ae119b9b2ba18d0216e7235b403229e92fd0743ede48fe7f1a2c6f45d594,"{""distance"":5,""physical_error_rate"":0.0005}","{""detection_events"":2452,""detectors_checked"":1093792}"
      1500,         0,         0,   0.006,exact_mw,cb12ae119b9b2ba18d0216e7235b403229e92fd0743ede48fe7f1a2c6f45d594,"{""distance"":5,""physical_error_rate"":0.0005}","{""detection_events"":743,""detectors_checked"":336000}"
      4993,         0,         0,   0.087,exact_mw,cb12ae119b9b2ba18d0216e7235b403229e92fd0743ede48fe7f1a2c6f45d594,"{""distance"":5,""physical_error_rate"":0.0005}","{""detection_events"":2444,""detectors_checked"":1118432}"
         6,         0,         0,   0.000,exact_mw,cb12ae119b9b2ba18d0216e7235b403229e92fd0743ede48fe7f1a2c6f45d594,"{""distance"":5,""physical_error_rate"":0.0005}","{""detection_events"":4,""detectors_checked"":1344}"
      1030,         0,         0,   0.003,exact_mw,cb12ae119b9b2ba18d0216e7235b403229e92fd0743ede48fe7f1a2c6f45d594,"{""distance"":5,""physical_error_rate"":0.0005}","{""detection_events"":536,""detectors_checked"":230720}"
      2378,         0,         0,   0.011,exact_mw,cb12ae119b9b2ba18d0216e7235b403229e92fd0743ede48fe7f1a2c6f45d594,"{""distance"":5,""physical_error_rate"":0.0005}","{""detection_events"":1169,""detectors_checked"":532672}"
      7168,         0,         0,   0.114,exact_mw,cb12ae119b9b2ba18d0216e7235b403229e92fd0743ede48fe7f1a2c6f45d594,"{""distance"":5,""physical_error_rate"":0.0005}","{""detection_events"":3417,""detectors_checked"":1605632}"
      7168,         0,         0,   0.112,exact_mw,cb12ae119b9b2ba18d0216e7235b403229e92fd0743ede48fe7f1a2c6f45d594,"{""distance"":5,""physical_error_rate"":0.0005}","{""detection_events"":3489,""detectors_checked"":1605632}"
      6930,         0,         0,   0.087,exact_mw,cb12ae119b9b2ba18d0216e7235b403229e92fd0743ede48fe7f1a2c6f45d594,"{""distance"":5,""physical_error_rate"":0.0005}","{""detection_events"":3389,""detectors_checked"":1552320}"
        29,         0,         0,   0.000,exact_mw,cb12ae119b9b2ba18d0216e7235b403229e92fd0743ede48fe7f1a2c6f45d594,"{""distance"":5,""physical_error_rate"":0.0005}","{""detection_events"":14,""detectors_checked"":6496}"
      1308,         0,         0,   0.004,exact_mw,cb12ae119b9b2ba18d0216e7235b403229e92fd0743ede48fe7f1a2c6f45d594,"{""distance"":5,""physical_error_rate"":0.0005}","{""detection_events"":627,""detectors_checked"":292992}"
      4827,         0,         0,   0.054,exact_mw,cb12ae119b9b2ba18d0216e7235b403229e92fd0743ede48fe7f1a2c6f45d594,"{""distance"":5,""physical_error_rate"":0.0005}","{""detection_events"":2390,""detectors_checked"":1081248}"
      5681,         0,         0,   0.049,exact_mw,cb12ae119b9b2ba18d0216e7235b403229e92fd0743ede48fe7f1a2c6f45d594,"{""distance"":5,""physical_error_rate"":0.0005}","{""detection_events"":2819,""detectors_checked"":1272544}"
      6507,         0,         0,   0.114,exact_mw,cb12ae119b9b2ba18d0216e7235b403229e92fd0743ede48fe7f1a2c6f45d594,"{""distance"":5,""physical_error_rate"":0.0005}","{""detection_events"":3384,""detectors_checked"":1457568}"
      2447,         0,         0,   0.009,exact_mw,cb12ae119b9b2ba18d0216e7235b403229e92fd0743ede48fe7f1a2c6f45d594,"{""distance"":5,""physical_error_rate"":0.0005}","{""detection_events"":1159,""detectors_checked"":548128}"
      6144,         0,         0,   0.148,exact_mw,cb12ae119b9b2ba18d0216e7235b403229e92fd0743ede48fe7f1a2c6f45d594,"{""distance"":5,""physical_error_rate"":0.0005}","{""detection_events"":3160,""detectors_checked"":1376256}"
      7391,         0,         0,   0.130,exact_mw,cb12ae119b9b2ba18d0216e7235b403229e92fd0743ede48fe7f1a2c6f45d594,"{""distance"":5,""physical_error_rate"":0.0005}","{""detection_events"":3526,""detectors_checked"":1655584}"
      4790,         0,         0,   0.074,exact_mw,cb12ae119b9b2ba18d0216e7235b403229e92fd0743ede48fe7f1a2c6f45d594,"{""distance"":5,""physical_error_rate"":0.0005}","{""detection_events"":2388,""detectors_checked"":1072960}"
       116,         0,         0,   0.001,exact_mw,cb12ae119b9b2ba18d0216e7235b403229e92fd0743ede48fe7f1a2c6f45d594,"{""distance"":5,""physical_error_rate"":0.0005}","{""detection_events"":52,""detectors_checked"":25984}"
      4277,         0,         0,   0.077,exact_mw,cb12ae119b9b2ba18d0216e7235b403229e92fd0743ede48fe7f1a2c6f45d594,"{""distance"":5,""physical_error_rate"":0.0005}","{""detection_events"":2266,""detectors_checked"":958048}"
      5566,         0,         0,   0.069,exact_mw,cb12ae119b9b2ba18d0216e7235b403229e92fd0743ede48fe7f1a2c6f45d594,"{""distance"":5,""physical_error_rate"":0.0005}","{""detection_events"":2793,""detectors_checked"":1246784}"
         5,         0,         0,   0.000,exact_mw,cb12ae119b9b2ba18d0216e7235b403229e92fd0743ede48fe7f1a2c6f45d594,"{""distance"":5,""physical_error_rate"":0.0005}","{""detectors_checked"":1120}"
      5753,         0,         0,   0.050,exact_mw,cb12ae119b9b2ba18d0216e7235b403229e92fd0743ede48fe7f1a2c6f45d594,"{""distance"":5,""physical_error_rate"":0.0005}","{""detection_events"":2693,""detectors_checked"":1288672}"
      4993,         0,         0,   0.068,exact_mw,cb12ae119b9b2ba18d0216e7235b403229e92fd0743ede48fe7f1a2c6f45d594,"{""distance"":5,""physical_error_rate"":0.0005}","{""detection_events"":2401,""detectors_checked"":1118432}"
      2794,         0,         0,   0.038,exact_mw,cb12ae119b9b2ba18d0216e7235b403229e92fd0743ede48fe7f1a2c6f45d594,"{""distance"":5,""physical_error_rate"":0.0005}","{""detection_events"":1315,""detectors_checked"":625856}"
       138,         0,         0,   0.001,exact_mw,cb12ae119b9b2ba18d0216e7235b403229e92fd0743ede48fe7f1a2c6f45d594,"{""distance"":5,""physical_error_rate"":0.0005}","{""detection_events"":63,""detectors_checked"":30912}"
      5494,         0,         0,   0.072,exact_mw,cb12ae119b9b2ba18d0216e7235b403229e92fd0743ede48fe7f1a2c6f45d594,"{""distance"":5,""physical_error_rate"":0.0005}","{""detection_events"":2721,""detectors_checked"":1230656}"
      5681,         0,         0,   0.076,exact_mw,cb12ae119b9b2ba18d0216e7235b403229e92fd0743ede48fe7f1a2c6f45d594,"{""distance"":5,""physical_error_rate"":0.0005}","{""detection_events"":2594,""detectors_checked"":1272544}"
      4677,         0,         0,   0.040,exact_mw,cb12ae119b9b2ba18d0216e7235b403229e92fd0743ede48fe7f1a2c6f45d594,"{""distance"":5,""physical_error_rate"":0.0005}","{""detection_events"":2383,""detectors_checked"":1047648}"
      1214,         0,         0,   0.006,exact_mw,cb12ae119b9b2ba18d0216e7235b403229e92fd0743ede48fe7f1a2c6f45d594,"{""distance"":5,""physical_error_rate"":0.0005}","{""detection_events"":646,""detectors_checked"":271936}"
      3790,         0,         0,   0.058,exact_mw,cb12ae119b9b2ba18d0216e7235b403229e92fd0743ede48fe7f1a2c6f45d594,"{""distance"":5,""physical_error_rate"":0.0005}","{""detection_events"":1839,""detectors_checked"":848960}"
      2571,         0,         0,   0.030,exact_mw,cb12ae119b9b2ba18d0216e7235b403229e92fd0743ede48fe7f1a2c6f45d594,"{""distance"":5,""physical_error_rate"":0.0005}","{""detection_events"":1251,""detectors_checked"":575904}"
      4677,         0,         0,   0.050,exact_mw,cb12ae119b9b2ba18d0216e7235b403229e92fd0743ede48fe7f1a2c6f45d594,"{""distance"":5,""physical_error_rate"":0.0005}","{""detection_events"":2227,""detectors_checked"":1047648}"
      1080,         0,         0,   0.003,exact_mw,cb12ae119b9b2ba18d0216e7235b403229e92fd0743ede48fe7f1a2c6f45d594,"{""distance"":5,""physical_error_rate"":0.0005}","{""detection_events"":502,""detectors_checked"":241920}"
      6045,         0,         0,   0.111,exact_mw,cb12ae119b9b2ba18d0216e7235b403229e92fd0743ede48fe7f1a2c6f45d594,"{""distance"":5,""physical_error_rate"":0.0005}","{""detection_events"":3053,""detectors_checked"":1354080}"
      4573,         0,         0,   0.071,exact_mw,cb12ae119b9b2ba18d0216e7235b403229e92fd0743ede48fe7f1a2c6f45d594,"{""distance"":5,""physical_error_rate"":0.0005}","{""detection_events"":2201,""detectors_checked"":1024352}"
         6,         0,         0,   0.000,exact_mw,cb12ae119b9b2ba18d0216e7235b403229e92fd0743ede48fe7f1a2c6f45d594,"{""distance"":5,""physical_error_rate"":0.0005}","{""detection_events"":4,""detectors_checked"":1344}"
      5120,         0,         0,   0.106,exact_mw,cb12ae119b9b2ba18d0216e7235b403229e92fd0743ede48fe7f1a2c6f45d594,"{""distance"":5,""physical_error_rate"":0.0005}","{""detection_events"":2657,""detectors_checked"":1146880}"
       931,         0,         0,   0.004,exact_mw,cb12ae119b9b2ba18d0216e7235b403229e92fd0743ede48fe7f1a2c6f45d594,"{""distance"":5,""physical_error_rate"":0.0005}","{""detection_events"":505,""detectors_checked"":208544}"
        55,         0,         0,   0.000,exact_mw,cb12ae119b9b2ba18d0216e7235b403229e92fd0743ede48fe7f1a2c6f45d594,"{""distance"":5,""physical_error_rate"":0.0005}","{""detection_events"":24,""detectors_checked"":12320}"
      1612,         0,         0,   0.005,exact_mw,cb12ae119b9b2ba18d0216e7235b403229e92fd0743ede48fe7f1a2c6f45d594,"{""distance"":5,""physical_error_rate"":0.0005}","{""detection_events"":744,""detectors_checked"":361088}"
      4741,         0,         0,   0.056,exact_mw,cb12ae119b9b2ba18d0216e7235b403229e92fd0743ede48fe7f1a2c6f45d594,"{""distance"":5,""physical_error_rate"":0.0005}","{""detection_events"":2470,""detectors_checked"":1061984}"
        44,         0,         0,   0.000,exact_mw,cb12ae119b9b2ba18d0216e7235b403229e92fd0743ede48fe7f1a2c6f45d594,"{""distance"":5,""physical_error_rate"":0.0005}","{""detection_events"":16,""detectors_checked"":9856}"
       558,         0,         0,   0.003,exact_mw,cb12ae119b9b2ba18d0216e7235b403229e92fd0743ede48fe7f1a2c6f45d594,"{""distance"":5,""physical_error_rate"":0.0005}","{""detection_events"":285,""detectors_checked"":124992}"
       291,         0,         0,   0.003,exact_mw,cb12ae119b9b2ba18d0216e7235b403229e92fd0743ede48fe7f1a2c6f45d594,"{""distance"":5,""physical_error_rate"":0.0005}","{""detection_events"":165,""detectors_checked"":65184}"
       746,         0,         0,   0.003,exact_mw,cb12ae119b9b2ba18d0216e7235b403229e92fd0743ede48fe7f1a2c6f45d594,"{""distance"":5,""physical_error_rate"":0.0005}","{""detection_events"":390,""detectors_checked"":167104}"
         6,         0,         0,   0.000,exact_mw,cb12ae119b9b2ba18d0216e7235b403229e92fd0743ede48fe7f1a2c6f45d594,"{""distance"":5,""physical_error_rate"":0.0005}","{""detection_events"":4,""detectors_checked"":1344}"
        57,         0,         0,   0.000,exact_mw,cb12ae119b9b2ba18d0216e7235b403229e92fd0743ede48fe7f1a2c6f45d594,"{""distance"":5,""physical_error_rate"":0.0005}","{""detection_events"":32,""detectors_checked"":12768}"
      6930,         0,         0,   0.097,exact_mw,cb12ae119b9b2ba18d0216e7235b403229e92fd0743ede48fe7f1a2c6f45d594,"{""distance"":5,""physical_error_rate"":0.0005}","{""detection_events"":3688,""detectors_checked"":1552320}"
       184,         0,         0,   0.002,exact_mw,cb12ae119b9b2ba18d0216e7235b403229e92fd0743ede48fe7f1a2c6f45d594,"{""distance"":5,""physical_error_rate"":0.0005}","{""detection_events"":130,""detectors_checked"":41216}"
       941,         0,         0,   0.004,exact_mw,cb12ae119b9b2ba18d0216e7235b403229e92fd0743ede48fe7f1a2c6f45d594,"{""distance"":5,""physical_error_rate"":0.0005}","{""detection_events"":465,""detectors_checked"":210784}"
        17,         0,         0,   0.000,exact_mw,cb12ae119b9b2ba18d0216e7235b403229e92fd0743ede48fe7f1a2c6f45d594,"{""distance"":5,""physical_error_rate"":0.0005}","{""detection_events"":8,""detectors_checked"":3808}"
        38,         0,         0,   0.000,exact_mw,cb12ae119b9b2ba18d0216e7235b403229e92fd0743ede48fe7f1a2c6f45d594,"{""distance"":5,""physical_error_rate"":0.0005}","{""detection_events"":12,""detectors_checked"":8512}"
      1043,         0,         0,   0.004,exact_mw,cb12ae119b9b2ba18d0216e7235b403229e92fd0743ede48fe7f1a2c6f45d594,"{""distance"":5,""physical_error_rate"":0.0005}","{""detection_events"":507,""detectors_checked"":233632}"
      6754,         0,         0,   0.099,exact_mw,cb12ae119b9b2ba18d0216e7235b403229e92fd0743ede48fe7f1a2c6f45d594,"{""distance"":5,""physical_error_rate"":0.0005}","{""detection_events"":3399,""detectors_checked"":1512896}"
       220,         0,         0,   0.001,exact_mw,cb12ae119b9b2ba18d0216e7235b403229e92fd0743ede48fe7f1a2c6f45d594,"{""distance"":5,""physical_error_rate"":0.0005}","{""detection_events"":133,""detectors_checked"":49280}"
         1,         0,         0,   0.000,exact_mw,cb12ae119b9b2ba18d0216e7235b403229e92fd0743ede48fe7f1a2c6f45d594,"{""distance"":5,""physical_error_rate"":0.0005}","{""detectors_checked"":224}"
      1138,         0,         0,   0.004,exact_mw,cb12ae119b9b2ba18d0216e7235b403229e92fd0743ede48fe7f1a2c6f45d594,"{""distance"":5,""physical_error_rate"":0.0005}","{""detection_events"":535,""detectors_checked"":254912}"
       810,         0,         0,   0.003,exact_mw,cb12ae119b9b2ba18d0216e7235b403229e92fd0743ede48fe7f1a2c6f45d594,"{""distance"":5,""physical_error_rate"":0.0005}","{""detection_events"":446,""detectors_checked"":181440}"
      2466,         0,         0,   0.011,exact_mw,cb12ae119b9b2ba18d0216e7235b403229e92fd0743ede48fe7f1a2c6f45d594,"{""distance"":5,""physical_error_rate"":0.0005}","{""detection_events"":1278,""detectors_checked"":552384}"
       108,         0,         0,   0.001,exact_mw,cb12ae119b9b2ba18d0216e7235b403229e92fd0743ede48fe7f1a2c6f45d594,"{""distance"":5,""physical_error_rate"":0.0005}","{""detection_events"":36,""detectors_checked"":24192}"
        76,         0,         0,   0.000,exact_mw,cb12ae119b9b2ba18d0216e7235b403229e92fd0743ede48fe7f1a2c6f45d594,"{""distance"":5,""physical_error_rate"":0.0005}","{""detection_events"":30,""detectors_checked"":17024}"
      4939,         0,         0,   0.071,exact_mw,cb12ae119b9b2ba18d0216e7235b403229e92fd0743ede48fe7f1a2c6f45d594,"{""distance"":5,""physical_error_rate"":0.0005}","{""detection_events"":2444,""detectors_checked"":1106336}"
        29,         0,         0,   0.000,exact_mw,cb12ae119b9b2ba18d0216e7235b403229e92fd0743ede48fe7f1a2c6f45d594,"{""distance"":5,""physical_error_rate"":0.0005}","{""detection_events"":5,""detectors_checked"":6496}"
      3799,         0,         0,   0.015,exact_mw,cb12ae119b9b2ba18d0216e7235b403229e92fd0743ede48fe7f1a2c6f45d594,"{""distance"":5,""physical_error_rate"":0.0005}","{""detection_events"":1870,""detectors_checked"":850976}"
      1448,         0,         0,   0.006,exact_mw,cb12ae119b9b2ba18d0216e7235b403229e92fd0743ede48fe7f1a2c6f45d594,"{""distance"":5,""physical_error_rate"":0.0005}","{""detection_events"":672,""detectors_checked"":324352}"
        40,         0,         0,   0.000,exact_mw,cb12ae119b9b2ba18d0216e7235b403229e92fd0743ede48fe7f1a2c6f45d594,"{""distance"":5,""physical_error_rate"":0.0005}","{""detection_events"":24,""detectors_checked"":8960}"
      1521,         0,         0,   0.005,exact_mw,cb12ae119b9b2ba18d0216e7235b403229e92fd0743ede48fe7f1a2c6f45d594,"{""distance"":5,""physical_error_rate"":0.0005}","{""detection_events"":847,""detectors_checked"":340704}"
       660,         0,         0,   0.002,exact_mw,cb12ae119b9b2ba18d0216e7235b403229e92fd0743ede48fe7f1a2c6f45d594,"{""distance"":5,""physical_error_rate"":0.0005}","{""detection_events"":338,""detectors_checked"":147840}"
        16,         0,         0,   0.000,exact_mw,cb12ae119b9b2ba18d0216e7235b403229e92fd0743ede48fe7f1a2c6f45d594,"{""distance"":5,""physical_error_rate"":0.0005}","{""detection_events"":10,""detectors_checked"":3584}"
        32,         0,         0,   0.000,exact_mw,cb12ae119b9b2ba18d0216e7235b403229e92fd0743ede48fe7f1a2c6f45d594,"{""distance"":5,""physical_error_rate"":0.0005}","{""detection_events"":17,""detectors_checked"":7168}"
      1177,         0,         0,   0.004,exact_mw,cb12ae119b9b2ba18d0216e7235b403229e92fd0743ede48fe7f1a2c6f45d594,"{""distance"":5,""physical_error_rate"":0.0005}","{""detection_events"":550,""detectors_checked"":263648}"
      2055,         0,         0,   0.011,exact_mw,cb12ae119b9b2ba18d0216e7235b403229e92fd0743ede48fe7f1a2c6f45d594,"{""distance"":5,""physical_error_rate"":0.0005}","{""detection_events"":930,""detectors_checked"":460320}"
        34,         0,         0,   0.000,exact_mw,cb12ae119b9b2ba18d0216e7235b403229e92fd0743ede48fe7f1a2c6f45d594,"{""distance"":5,""physical_error_rate"":0.0005}","{""detection_events"":10,""detectors_checked"":7616}"
        37,         0,         0,   0.000,exact_mw,cb12ae119b9b2ba18d0216e7235b403229e92fd0743ede48fe7f1a2c6f45d594,"{""distance"":5,""physical_error_rate"":0.0005}","{""detection_events"":15,""detectors_checked"":8288}"
      1371,         0,         0,   0.006,exact_mw,cb12ae119b9b2ba18d0216e7235b403229e92fd0743ede48fe7f1a2c6f45d594,"{""distance"":5,""physical_error_rate"":0.0005}","{""detection_events"":742,""detectors_checked"":307104}"
      2240,         0,         0,   0.011,exact_mw,cb12ae119b9b2ba18d0216e7235b403229e92fd0743ede48fe7f1a2c6f45d594,"{""distance"":5,""physical_error_rate"":0.0005}","{""detection_events"":1067,""detectors_checked"":501760}"
      1072,         0,         0,   0.004,exact_mw,cb12ae119b9b2ba18d0216e7235b403229e92fd0743ede48fe7f1a2c6f45d594,"{""distance"":5,""physical_error_rate"":0.0005}","{""detection_events"":534,""detectors_checked"":240128}"
        16,         0,         0,   0.000,exact_mw,cb12ae119b9b2ba18d0216e7235b403229e92fd0743ede48fe7f1a2c6f45d594,"{""distance"":5,""physical_error_rate"":0.0005}","{""detection_events"":6,""detectors_checked"":3584}"
       970,         1,         0,   0.007,exact_mw,cb12ae119b9b2ba18d0216e7235b403229e92fd0743ede48fe7f1a2c6f45d594,"{""distance"":5,""physical_error_rate"":0.0005}","{""detection_events"":493,""detectors_checked"":217280,""obs_mistake_mask=E"":1}"
        53,         0,         0,   0.000,exact_mw,cb12ae119b9b2ba18d0216e7235b403229e92fd0743ede48fe7f1a2c6f45d594,"{""distance"":5,""physical_error_rate"":0.0005}","{""detection_events"":14,""detectors_checked"":11872}"
        30,         0,         0,   0.000,exact_mw,cb12ae119b9b2ba18d0216e7235b403229e92fd0743ede48fe7f1a2c6f45d594,"{""distance"":5,""physical_error_rate"":0.0005}","{""detection_events"":15,""detectors_checked"":6720}"
        12,         0,         0,   0.000,exact_mw,cb12ae119b9b2ba18d0216e7235b403229e92fd0743ede48fe7f1a2c6f45d594,"{""distance"":5,""physical_error_rate"":0.0005}","{""detectors_checked"":2688}"
        42,         0,         0,   0.000,exact_mw,cb12ae119b9b2ba18d0216e7235b403229e92fd0743ede48fe7f1a2c6f45d594,"{""distance"":5,""physical_error_rate"":0.0005}","{""detection_events"":13,""detectors_checked"":9408}"
       106,         0,         0,   0.000,exact_mw,cb12ae119b9b2ba18d0216e7235b403229e92fd0743ede48fe7f1a2c6f45d594,"{""distance"":5,""physical_error_rate"":0.0005}","{""detection_events"":50,""detectors_checked"":23744}"
      1173,         0,         0,   0.006,exact_mw,cb12ae119b9b2ba18d0216e7235b403229e92fd0743ede48fe7f1a2c6f45d594,"{""distance"":5,""physical_error_rate"":0.0005}","{""detection_events"":638,""detectors_checked"":262752}"
      4096,         0,         0,   0.022,exact_mw,cb12ae119b9b2ba18d0216e7235b403229e92fd0743ede48fe7f1a2c6f45d594,"{""distance"":5,""physical_error_rate"":0.0005}","{""detection_events"":2035,""detectors_checked"":917504}"
       612,         0,         0,   0.002,exact_mw,cb12ae119b9b2ba18d0216e7235b403229e92fd0743ede48fe7f1a2c6f45d594,"{""distance"":5,""physical_error_rate"":0.0005}","{""detection_events"":273,""detectors_checked"":137088}"
      1024,         0,         0,   0.005,exact_mw,cb12ae119b9b2ba18d0216e7235b403229e92fd0743ede48fe7f1a2c6f45d594,"{""distance"":5,""physical_error_rate"":0.0005}","{""detection_events"":536,""detectors_checked"":229376}"
      3015,         0,         0,   0.014,exact_mw,cb12ae119b9b2ba18d0216e7235b403229e92fd0743ede48fe7f1a2c6f45d594,"{""distance"":5,""physical_error_rate"":0.0005}","{""detection_events"":1517,""detectors_checked"":675360}"
       384,         0,         0,   0.003,exact_mw,cb12ae119b9b2ba18d0216e7235b403229e92fd0743ede48fe7f1a2c6f45d594,"{""distance"":5,""physical_error_rate"":0.0005}","{""detection_events"":215,""detectors_checked"":86016}"
      2334,         0,         0,   0.010,exact_mw,cb12ae119b9b2ba18d0216e7235b403229e92fd0743ede48fe7f1a2c6f45d594,"{""distance"":5,""physical_error_rate"":0.0005}","{""detection_events"":1176,""detectors_checked"":522816}"
        37,         0,         0,   0.000,exact_mw,cb12ae119b9b2ba18d0216e7235b403229e92fd0743ede48fe7f1a2c6f45d594,"{""distance"":5,""physical_error_rate"":0.0005}","{""detection_events"":27,""detectors_checked"":8288}"
      1173,         0,         0,   0.005,exact_mw,cb12ae119b9b2ba18d0216e7235b403229e92fd0743ede48fe7f1a2c6f45d594,"{""distance"":5,""physical_error_rate"":0.0005}","{""detection_events"":603,""detectors_checked"":262752}"
       113,         0,         0,   0.001,exact_mw,cb12ae119b9b2ba18d0216e7235b403229e92fd0743ede48fe7f1a2c6f45d594,"{""distance"":5,""physical_error_rate"":0.0005}","{""detection_events"":42,""detectors_checked"":25312}"
      1173,         0,         0,   0.005,exact_mw,cb12ae119b9b2ba18d0216e7235b403229e92fd0743ede48fe7f1a2c6f45d594,"{""distance"":5,""physical_error_rate"":0.0005}","{""detection_events"":472,""detectors_checked"":262752}"
       567,         0,         0,   0.002,exact_mw,cb12ae119b9b2ba18d0216e7235b403229e92fd0743ede48fe7f1a2c6f45d594,"{""distance"":5,""physical_error_rate"":0.0005}","{""detection_events"":249,""detectors_checked"":127008}"
       901,         0,         0,   0.004,exact_mw,cb12ae119b9b2ba18d0216e7235b403229e92fd0743ede48fe7f1a2c6f45d594,"{""distance"":5,""physical_error_rate"":0.0005}","{""detection_events"":426,""detectors_checked"":201824}"
       677,         0,         0,   0.002,exact_mw,cb12ae119b9b2ba18d0216e7235b403229e92fd0743ede48fe7f1a2c6f45d594,"{""distance"":5,""physical_error_rate"":0.0005}","{""detection_events"":346,""detectors_checked"":151648}"
      1172,         0,         0,   0.006,exact_mw,cb12ae119b9b2ba18d0216e7235b403229e92fd0743ede48fe7f1a2c6f45d594,"{""distance"":5,""physical_error_rate"":0.0005}","{""detection_events"":552,""detectors_checked"":262528}"
       266,         0,         0,   0.001,exact_mw,cb12ae119b9b2ba18d0216e7235b403229e92fd0743ede48fe7f1a2c6f45d594,"{""distance"":5,""physical_error_rate"":0.0005}","{""detection_events"":141,""detectors_checked"":59584}"
      1589,         0,         0,   0.006,exact_mw,cb12ae119b9b2ba18d0216e7235b403229e92fd0743ede48fe7f1a2c6f45d594,"{""distance"":5,""physical_error_rate"":0.0005}","{""detection_events"":862,""detectors_checked"":355936}"
        21,         0,         0,   0.000,exact_mw,cb12ae119b9b2ba18d0216e7235b403229e92fd0743ede48fe7f1a2c6f45d594,"{""distance"":5,""physical_error_rate"":0.0005}","{""detection_events"":2,""detectors_checked"":4704}"
      1939,         0,         0,   0.012,exact_mw,cb12ae119b9b2ba18d0216e7235b403229e92fd0743ede48fe7f1a2c6f45d594,"{""distance"":5,""physical_error_rate"":0.0005}","{""detection_events"":924,""detectors_checked"":434336}"
       495,         0,         0,   0.002,exact_mw,cb12ae119b9b2ba18d0216e7235b403229e92fd0743ede48fe7f1a2c6f45d594,"{""distance"":5,""physical_error_rate"":0.0005}","{""detection_events"":234,""detectors_checked"":110880}"
        47,         0,         0,   0.000,exact_mw,cb12ae119b9b2ba18d0216e7235b403229e92fd0743ede48fe7f1a2c6f45d594,"{""distance"":5,""physical_error_rate"":0.0005}","{""detection_events"":24,""detectors_checked"":10528}"
       442,         0,         0,   0.002,exact_mw,cb12ae119b9b2ba18d0216e7235b403229e92fd0743ede48fe7f1a2c6f45d594,"{""distance"":5,""physical_error_rate"":0.0005}","{""detection_events"":213,""detectors_checked"":99008}"
       630,         0,         0,   0.004,exact_mw,cb12ae119b9b2ba18d0216e7235b403229e92fd0743ede48fe7f1a2c6f45d594,"{""distance"":5,""physical_error_rate"":0.0005}","{""detection_events"":239,""detectors_checked"":141120}"
       495,         0,         0,   0.002,exact_mw,cb12ae119b9b2ba18d0216e7235b403229e92fd0743ede48fe7f1a2c6f45d594,"{""distance"":5,""physical_error_rate"":0.0005}","{""detection_events"":217,""detectors_checked"":110880}"
       442,         0,         0,   0.002,exact_mw,cb12ae119b9b2ba18d0216e7235b403229e92fd0743ede48fe7f1a2c6f45d594,"{""distance"":5,""physical_error_rate"":0.0005}","{""detection_events"":285,""detectors_checked"":99008}"
       637,         0,         0,   0.002,exact_mw,cb12ae119b9b2ba18d0216e7235b403229e92fd0743ede48fe7f1a2c6f45d594,"{""distance"":5,""physical_error_rate"":0.0005}","{""detection_events"":384,""detectors_checked"":142688}"
       442,         0,         0,   0.002,exact_mw,cb12ae119b9b2ba18d0216e7235b403229e92fd0743ede48fe7f1a2c6f45d594,"{""distance"":5,""physical_error_rate"":0.0005}","{""detection_events"":236,""detectors_checked"":99008}"
       442,         0,         0,   0.001,exact_mw,cb12ae119b9b2ba18d0216e7235b403229e92fd0743ede48fe7f1a2c6f45d594,"{""distance"":5,""physical_error_rate"":0.0005}","{""detection_events"":225,""detectors_checked"":99008}"
       442,         0,         0,   0.001,exact_mw,cb12ae119b9b2ba18d0216e7235b403229e92fd0743ede48fe7f1a2c6f45d594,"{""distance"":5,""physical_error_rate"":0.0005}","{""detection_events"":198,""detectors_checked"":99008}"
       495,         0,         0,   0.002,exact_mw,cb12ae119b9b2ba18d0216e7235b403229e92fd0743ede48fe7f1a2c6f45d594,"{""distance"":5,""physical_error_rate"":0.0005}","{""detection_events"":255,""detectors_checked"":110880}"
        17,         0,         0,   0.000,exact_mw,cb12ae119b9b2ba18d0216e7235b403229e92fd0743ede48fe7f1a2c6f45d594,"{""distance"":5,""physical_error_rate"":0.0005}","{""detection_events"":13,""detectors_checked"":3808}"
        12,         0,         0,   0.000,exact_mw,cb12ae119b9b2ba18d0216e7235b403229e92fd0743ede48fe7f1a2c6f45d594,"{""distance"":5,""physical_error_rate"":0.0005}","{""detectors_checked"":2688}"
       442,         0,         0,   0.002,exact_mw,cb12ae119b9b2ba18d0216e7235b403229e92fd0743ede48fe7f1a2c6f45d594,"{""distance"":5,""physical_error_rate"":0.0005}","{""detection_events"":226,""detectors_checked"":99008}"
        76,         0,         0,   0.000,exact_mw,cb12ae119b9b2ba18d0216e7235b403229e92fd0743ede48fe7f1a2c6f45d594,"{""distance"":5,""physical_error_rate"":0.0005}","{""detection_events"":44,""detectors_checked"":17024}"
         4,         0,         0,   0.000,exact_mw,cb12ae119b9b2ba18d0216e7235b403229e92fd0743ede48fe7f1a2c6f45d594,"{""distance"":5,""physical_error_rate"":0.0005}","{""detectors_checked"":896}"
       136,         0,         0,   0.001,exact_mw,cb12ae119b9b2ba18d0216e7235b403229e92fd0743ede48fe7f1a2c6f45d594,"{""distance"":5,""physical_error_rate"":0.0005}","{""detection_events"":67,""detectors_checked"":30464}"
         7,         0,         0,   0.000,exact_mw,cb12ae119b9b2ba18d0216e7235b403229e92fd0743ede48fe7f1a2c6f45d594,"{""distance"":5,""physical_error_rate"":0.0005}","{""detectors_checked"":1568}"
       155,         0,         0,   0.001,exact_mw,cb12ae119b9b2ba18d0216e7235b403229e92fd0743ede48fe7f1a2c6f45d594,"{""distance"":5,""physical_error_rate"":0.0005}","{""detection_events"":84,""detectors_checked"":34720}"
       136,         0,         0,   0.001,exact_mw,cb12ae119b9b2ba18d0216e7235b403229e92fd0743ede48fe7f1a2c6f45d594,"{""distance"":5,""physical_error_rate"":0.0005}","{""detection_events"":64,""detectors_checked"":30464}"
       158,         0,         0,   0.001,exact_mw,cb12ae119b9b2ba18d0216e7235b403229e92fd0743ede48fe7f1a2c6f45d594,"{""distance"":5,""physical_error_rate"":0.0005}","{""detection_events"":94,""detectors_checked"":35392}"
        53,         0,         0,   0.000,exact_mw,cb12ae119b9b2ba18d0216e7235b403229e92fd0743ede48fe7f1a2c6f45d594,"{""distance"":5,""physical_error_rate"":0.0005}","{""detection_events"":12,""detectors_checked"":11872}"
       155,         0,         0,   0.001,exact_mw,cb12ae119b9b2ba18d0216e7235b403229e92fd0743ede48fe7f1a2c6f45d594,"{""distance"":5,""physical_error_rate"":0.0005}","{""detection_events"":64,""detectors_checked"":34720}"
         4,         0,         0,   0.000,exact_mw,cb12ae119b9b2ba18d0216e7235b403229e92fd0743ede48fe7f1a2c6f45d594,"{""distance"":5,""physical_error_rate"":0.0005}","{""detectors_checked"":896}"
       126,         0,         0,   0.001,exact_mw,cb12ae119b9b2ba18d0216e7235b403229e92fd0743ede48fe7f1a2c6f45d594,"{""distance"":5,""physical_error_rate"":0.0005}","{""detection_events"":49,""detectors_checked"":28224}"
        53,         0,         0,   0.000,exact_mw,cb12ae119b9b2ba18d0216e7235b403229e92fd0743ede48fe7f1a2c6f45d594,"{""distance"":5,""physical_error_rate"":0.0005}","{""detection_events"":50,""detectors_checked"":11872}"
        17,         0,         0,   0.000,exact_mw,cb12ae119b9b2ba18d0216e7235b403229e92fd0743ede48fe7f1a2c6f45d594,"{""distance"":5,""physical_error_rate"":0.0005}","{""detection_events"":4,""detectors_checked"":3808}"
        13,         0,         0,   0.000,exact_mw,cb12ae119b9b2ba18d0216e7235b403229e92fd0743ede48fe7f1a2c6f45d594,"{""distance"":5,""physical_error_rate"":0.0005}","{""detection_events"":4,""detectors_checked"":2912}"
       155,         0,         0,   0.001,exact_mw,cb12ae119b9b2ba18d0216e7235b403229e92fd0743ede48fe7f1a2c6f45d594,"{""distance"":5,""physical_error_rate"":0.0005}","{""detection_events"":60,""detectors_checked"":34720}"
       189,         0,         0,   0.001,exact_mw,cb12ae119b9b2ba18d0216e7235b403229e92fd0743ede48fe7f1a2c6f45d594,"{""distance"":5,""physical_error_rate"":0.0005}","{""detection_events"":87,""detectors_checked"":42336}"
        36,         0,         0,   0.000,exact_mw,cb12ae119b9b2ba18d0216e7235b403229e92fd0743ede48fe7f1a2c6f45d594,"{""distance"":5,""physical_error_rate"":0.0005}","{""detection_events"":16,""detectors_checked"":8064}"
        22,         0,         0,   0.000,exact_mw,cb12ae119b9b2ba18d0216e7235b403229e92fd0743ede48fe7f1a2c6f45d594,"{""distance"":5,""physical_error_rate"":0.0005}","{""detection_events"":9,""detectors_checked"":4928}"
        26,         0,         0,   0.000,exact_mw,cb12ae119b9b2ba18d0216e7235b403229e92fd0743ede48fe7f1a2c6f45d594,"{""distance"":5,""physical_error_rate"":0.0005}","{""detection_events"":9,""detectors_checked"":5824}"
        33,         0,         0,   0.000,exact_mw,cb12ae119b9b2ba18d0216e7235b403229e92fd0743ede48fe7f1a2c6f45d594,"{""distance"":5,""physical_error_rate"":0.0005}","{""detection_events"":8,""detectors_checked"":7392}"
        61,         0,         0,   0.000,exact_mw,cb12ae119b9b2ba18d0216e7235b403229e92fd0743ede48fe7f1a2c6f45d594,"{""distance"":5,""physical_error_rate"":0.0005}","{""detection_events"":27,""detectors_checked"":13664}"
        17,         0,         0,   0.000,exact_mw,cb12ae119b9b2ba18d0216e7235b403229e92fd0743ede48fe7f1a2c6f45d594,"{""distance"":5,""physical_error_rate"":0.0005}","{""detection_events"":2,""detectors_checked"":3808}"
       155,         0,         0,   0.001,exact_mw,cb12ae119b9b2ba18d0216e7235b403229e92fd0743ede48fe7f1a2c6f45d594,"{""distance"":5,""physical_error_rate"":0.0005}","{""detection_events"":97,""detectors_checked"":34720}"
        36,         0,         0,   0.000,exact_mw,cb12ae119b9b2ba18d0216e7235b403229e92fd0743ede48fe7f1a2c6f45d594,"{""distance"":5,""physical_error_rate"":0.0005}","{""detection_events"":21,""detectors_checked"":8064}"
        63,         0,         0,   0.000,exact_mw,cb12ae119b9b2ba18d0216e7235b403229e92fd0743ede48fe7f1a2c6f45d594,"{""distance"":5,""physical_error_rate"":0.0005}","{""detection_events"":36,""detectors_checked"":14112}"
         7,         0,         0,   0.000,exact_mw,cb12ae119b9b2ba18d0216e7235b403229e92fd0743ede48fe7f1a2c6f45d594,"{""distance"":5,""physical_error_rate"":0.0005}","{""detection_events"":9,""detectors_checked"":1568}"
       155,         0,         0,   0.001,exact_mw,cb12ae119b9b2ba18d0216e7235b403229e92fd0743ede48fe7f1a2c6f45d594,"{""distance"":5,""physical_error_rate"":0.0005}","{""detection_events"":93,""detectors_checked"":34720}"
        14,         0,         0,   0.000,exact_mw,cb12ae119b9b2ba18d0216e7235b403229e92fd0743ede48fe7f1a2c6f45d594,"{""distance"":5,""physical_error_rate"":0.0005}","{""detection_events"":5,""detectors_checked"":3136}"
         3,         0,         0,   0.000,exact_mw,cb12ae119b9b2ba18d0216e7235b403229e92fd0743ede48fe7f1a2c6f45d594,"{""distance"":5,""physical_error_rate"":0.0005}","{""detection_events"":2,""detectors_checked"":672}"
        17,         0,         0,   0.000,exact_mw,cb12ae119b9b2ba18d0216e7235b403229e92fd0743ede48fe7f1a2c6f45d594,"{""distance"":5,""physical_error_rate"":0.0005}","{""detectors_checked"":3808}"
        17,         0,         0,   0.000,exact_mw,cb12ae119b9b2ba18d0216e7235b403229e92fd0743ede48fe7f1a2c6f45d594,"{""distance"":5,""physical_error_rate"":0.0005}","{""detection_events"":6,""detectors_checked"":3808}"
         4,         0,         0,   0.000,exact_mw,cb12ae119b9b2ba18d0216e7235b403229e92fd0743ede48fe7f1a2c6f45d594,"{""distance"":5,""physical_error_rate"":0.0005}","{""detection_events"":2,""detectors_checked"":896}"
        18,         0,         0,   0.000,exact_mw,cb12ae119b9b2ba18d0216e7235b403229e92fd0743ede48fe7f1a2c6f45d594,"{""distance"":5,""physical_error_rate"":0.0005}","{""detection_events"":7,""detectors_checked"":4032}"
        18,         0,         0,   0.000,exact_mw,cb12ae119b9b2ba18d0216e7235b403229e92fd0743ede48fe7f1a2c6f45d594,"{""distance"":5,""physical_error_rate"":0.0005}","{""detection_events"":18,""detectors_checked"":4032}"
         2,         0,         0,   0.000,exact_mw,cb12ae119b9b2ba18d0216e7235b403229e92fd0743ede48fe7f1a2c6f45d594,"{""distance"":5,""physical_error_rate"":0.0005}","{""detectors_checked"":448}"
        15,         0,         0,   0.000,exact_mw,cb12ae119b9b2ba18d0216e7235b403229e92fd0743ede48fe7f1a2c6f45d594,"{""distance"":5,""physical_error_rate"":0.0005}","{""detection_events"":4,""detectors_checked"":3360}"
        17,         0,         0,   0.000,exact_mw,cb12ae119b9b2ba18d0216e7235b403229e92fd0743ede48fe7f1a2c6f45d594,"{""distance"":5,""physical_error_rate"":0.0005}","{""detection_events"":3,""detectors_checked"":3808}"
        15,         0,         0,   0.000,exact_mw,cb12ae119b9b2ba18d0216e7235b403229e92fd0743ede48fe7f1a2c6f45d594,"{""distance"":5,""physical_error_rate"":0.0005}","{""detection_events"":12,""detectors_checked"":3360}"
        14,         0,         0,   0.000,exact_mw,cb12ae119b9b2ba18d0216e7235b403229e92fd0743ede48fe7f1a2c6f45d594,"{""distance"":5,""physical_error_rate"":0.0005}","{""detectors_checked"":3136}"
         3,         0,         0,   0.000,exact_mw,cb12ae119b9b2ba18d0216e7235b403229e92fd0743ede48fe7f1a2c6f45d594,"{""distance"":5,""physical_error_rate"":0.0005}","{""detection_events"":4,""detectors_checked"":672}"
         7,         0,         0,   0.000,exact_mw,cb12ae119b9b2ba18d0216e7235b403229e92fd0743ede48fe7f1a2c6f45d594,"{""distance"":5,""physical_error_rate"":0.0005}","{""detection_events"":2,""detectors_checked"":1568}"
         5,         0,         0,   0.000,exact_mw,cb12ae119b9b2ba18d0216e7235b403229e92fd0743ede48fe7f1a2c6f45d594,"{""distance"":5,""physical_error_rate"":0.0005}","{""detection_events"":2,""detectors_checked"":1120}"
         1,         0,         0,   0.000,exact_mw,cb12ae119b9b2ba18d0216e7235b403229e92fd0743ede48fe7f1a2c6f45d594,"{""distance"":5,""physical_error_rate"":0.0005}","{""detection_events"":2,""detectors_checked"":224}"
         3,         0,         0,   0.000,exact_mw,cb12ae119b9b2ba18d0216e7235b403229e92fd0743ede48fe7f1a2c6f45d594,"{""distance"":5,""physical_error_rate"":0.0005}","{""detectors_checked"":672}"
         1,         0,         0,   0.000,exact_mw,cb12ae119b9b2ba18d0216e7235b403229e92fd0743ede48fe7f1a2c6f45d594,"{""distance"":5,""physical_error_rate"":0.0005}","{""detectors_checked"":224}"
         2,         0,         0,   0.000,exact_mw,cb12ae119b9b2ba18d0216e7235b403229e92fd0743ede48fe7f1a2c6f45d594,"{""distance"":5,""physical_error_rate"":0.0005}","{""detection_events"":4,""detectors_checked"":448}"
         2,         0,         0,   0.000,exact_mw,cb12ae119b9b2ba18d0216e7235b403229e92fd0743ede48fe7f1a2c6f45d594,"{""distance"":5,""physical_error_rate"":0.0005}","{""detectors_checked"":448}"
         1,         0,         0,   0.000,exact_mw,cb12ae119b9b2ba18d0216e7235b403229e92fd0743ede48fe7f1a2c6f45d594,"{""distance"":5,""physical_error_rate"":0.0005}","{""detectors_checked"":224}"
         2,         0,         0,   0.000,exact_mw,cb12ae119b9b2ba18d0216e7235b403229e92fd0743ede48fe7f1a2c6f45d594,"{""distance"":5,""physical_error_rate"":0.0005}","{""detection_events"":3,""detectors_checked"":448}"
         2,         0,         0,   0.000,exact_mw,cb12ae119b9b2ba18d0216e7235b403229e92fd0743ede48fe7f1a2c6f45d594,"{""distance"":5,""physical_error_rate"":0.0005}","{""detection_events"":5,""detectors_checked"":448}"
         3,         0,         0,   0.000,exact_mw,cb12ae119b9b2ba18d0216e7235b403229e92fd0743ede48fe7f1a2c6f45d594,"{""distance"":5,""physical_error_rate"":0.0005}","{""detection_events"":4,""detectors_checked"":672}"
         2,         0,         0,   0.000,exact_mw,cb12ae119b9b2ba18d0216e7235b403229e92fd0743ede48fe7f1a2c6f45d594,"{""distance"":5,""physical_error_rate"":0.0005}","{""detectors_checked"":448}"
         1,         0,         0,   0.000,exact_mw,cb12ae119b9b2ba18d0216e7235b403229e92fd0743ede48fe7f1a2c6f45d594,"{""distance"":5,""physical_error_rate"":0.0005}","{""detectors_checked"":224}"
         3,         0,         0,   0.000,exact_mw,cb12ae119b9b2ba18d0216e7235b403229e92fd0743ede48fe7f1a2c6f45d594,"{""distance"":5,""physical_error_rate"":0.0005}","{""detection_events"":5,""detectors_checked"":672}"
         1,         0,         0,   0.000,exact_mw,cb12ae119b9b2ba18d0216e7235b403229e92fd0743ede48fe7f1a2c6f45d594,"{""distance"":5,""physical_error_rate"":0.0005}","{""detectors_checked"":224}"
         3,         0,         0,   0.000,exact_mw,cb12ae119b9b2ba18d0216e7235b403229e92fd0743ede48fe7f1a2c6f45d594,"{""distance"":5,""physical_error_rate"":0.0005}","{""detection_events"":2,""detectors_checked"":672}"
         2,         0,         0,   0.000,exact_mw,cb12ae119b9b2ba18d0216e7235b403229e92fd0743ede48fe7f1a2c6f45d594,"{""distance"":5,""physical_error_rate"":0.0005}","{""detection_events"":2,""detectors_checked"":448}"
         2,         0,         0,   0.000,exact_mw,cb12ae119b9b2ba18d0216e7235b403229e92fd0743ede48fe7f1a2c6f45d594,"{""distance"":5,""physical_error_rate"":0.0005}","{""detection_events"":2,""detectors_checked"":448}"
         2,         0,         0,   0.000,exact_mw,cb12ae119b9b2ba18d0216e7235b403229e92fd0743ede48fe7f1a2c6f45d594,"{""distance"":5,""physical_error_rate"":0.0005}","{""detectors_checked"":448}"
         1,         0,         0,   0.000,exact_mw,cb12ae119b9b2ba18d0216e7235b403229e92fd0743ede48fe7f1a2c6f45d594,"{""distance"":5,""physical_error_rate"":0.0005}","{""detection_events"":4,""detectors_checked"":224}"
         2,         0,         0,   0.000,exact_mw,cb12ae119b9b2ba18d0216e7235b403229e92fd0743ede48fe7f1a2c6f45d594,"{""distance"":5,""physical_error_rate"":0.0005}","{""detectors_checked"":448}"
         2,         0,         0,   0.000,exact_mw,cb12ae119b9b2ba18d0216e7235b403229e92fd0743ede48fe7f1a2c6f45d594,"{""distance"":5,""physical_error_rate"":0.0005}","{""detectors_checked"":448}"
         2,         0,         0,   0.000,exact_mw,cb12ae119b9b2ba18d0216e7235b403229e92fd0743ede48fe7f1a2c6f45d594,"{""distance"":5,""physical_error_rate"":0.0005}","{""detectors_checked"":448}"
         2,         0,         0,   0.000,exact_mw,cb12ae119b9b2ba18d0216e7235b403229e92fd0743ede48fe7f1a2c6f45d594,"{""distance"":5,""physical_error_rate"":0.0005}","{""detectors_checked"":448}"
         1,         0,         0,   0.000,exact_mw,cb12ae119b9b2ba18d0216e7235b403229e92fd0743ede48fe7f1a2c6f45d594,"{""distance"":5,""physical_error_rate"":0.0005}","{""detectors_checked"":224}"
         1,         0,         0,   0.000,exact_mw,cb12ae119b9b2ba18d0216e7235b403229e92fd0743ede48fe7f1a2c6f45d594,"{""distance"":5,""physical_error_rate"":0.0005}","{""detectors_checked"":224}"
         1,         0,         0,   0.000,exact_mw,cb12ae119b9b2ba18d0216e7235b403229e92fd0743ede48fe7f1a2c6f45d594,"{""distance"":5,""physical_error_rate"":0.0005}","{""detection_events"":2,""detectors_checked"":224}"
         1,         0,         0,   0.000,exact_mw,cb12ae119b9b2ba18d0216e7235b403229e92fd0743ede48fe7f1a2c6f45d594,"{""distance"":5,""physical_error_rate"":0.0005}","{""detectors_checked"":224}"
         1,         0,         0,   0.000,exact_mw,cb12ae119b9b2ba18d0216e7235b403229e92fd0743ede48fe7f1a2c6f45d594,"{""distance"":5,""physical_error_rate"":0.0005}","{""detection_events"":2,""detectors_checked"":224}"
         1,         0,         0,   0.000,exact_mw,cb12ae119b9b2ba18d0216e7235b403229e92fd0743ede48fe7f1a2c6f45d594,"{""distance"":5,""physical_error_rate"":0.0005}","{""detectors_checked"":224}"
         2,         0,         0,   0.000,exact_mw,cb12ae119b9b2ba18d0216e7235b403229e92fd0743ede48fe7f1a2c6f45d594,"{""distance"":5,""physical_error_rate"":0.0005}","{""detectors_checked"":448}"
         2,         0,         0,   0.000,exact_mw,cb12ae119b9b2ba18d0216e7235b403229e92fd0743ede48fe7f1a2c6f45d594,"{""distance"":5,""physical_error_rate"":0.0005}","{""detection_events"":2,""detectors_checked"":448}"
         1,         0,         0,   0.000,exact_mw,cb12ae119b9b2ba18d0216e7235b403229e92fd0743ede48fe7f1a2c6f45d594,"{""distance"":5,""physical_error_rate"":0.0005}","{""detectors_checked"":224}"
         1,         0,         0,   0.000,exact_mw,cb12ae119b9b2ba18d0216e7235b403229e92fd0743ede48fe7f1a2c6f45d594,"{""distance"":5,""physical_error_rate"":0.0005}","{""detectors_checked"":224}"
         1,         0,         0,   0.000,exact_mw,cb12ae119b9b2ba18d0216e7235b403229e92fd0743ede48fe7f1a2c6f45d594,"{""distance"":5,""physical_error_rate"":0.0005}","{""detectors_checked"":224}"
         1,         0,         0,   0.000,exact_mw,cb12ae119b9b2ba18d0216e7235b403229e92fd0743ede48fe7f1a2c6f45d594,"{""distance"":5,""physical_error_rate"":0.0005}","{""detectors_checked"":224}"
         1,         0,         0,   0.000,exact_mw,cb12ae119b9b2ba18d0216e7235b403229e92fd0743ede48fe7f1a2c6f45d594,"{""distance"":5,""physical_error_rate"":0.0005}","{""detectors_checked"":224}"
         1,         0,         0,   0.000,exact_mw,cb12ae119b9b2ba18d0216e7235b403229e92fd0743ede48fe7f1a2c6f45d594,"{""distance"":5,""physical_error_rate"":0.0005}","{""detectors_checked"":224}"
         1,         0,         0,   0.000,exact_mw,cb12ae119b9b2ba18d0216e7235b403229e92fd0743ede48fe7f1a2c6f45d594,"{""distance"":5,""physical_error_rate"":0.0005}","{""detectors_checked"":224}"
         1,         0,         0,   0.000,exact_mw,cb12ae119b9b2ba18d0216e7235b403229e92fd0743ede48fe7f1a2c6f45d594,"{""distance"":5,""physical_error_rate"":0.0005}","{""detectors_checked"":224}"
         1,         0,         0,   0.000,exact_mw,cb12ae119b9b2ba18d0216e7235b403229e92fd0743ede48fe7f1a2c6f45d594,"{""distance"":5,""physical_error_rate"":0.0005}","{""detectors_checked"":224}"
         1,         0,         0,   0.000,exact_mw,cb12ae119b9b2ba18d0216e7235b403229e92fd0743ede48fe7f1a2c6f45d594,"{""distance"":5,""physical_error_rate"":0.0005}","{""detectors_checked"":224}"
