     shots,    errors,  discards, seconds,decoder,strong_id,json_metadata,custom_counts
         1,         0,         0,   0.105,decoder_by_matrix,fa5edda0c1038186c8afbec49b0215a0b852396cdb50783a3f937fdf51d2afac,"{""distance"":5,""physical_error_rate"":1e-05}","{""detectors_checked"":170}"
         4,         0,         0,   0.063,decoder_by_matrix,fa5edda0c1038186c8afbec49b0215a0b852396cdb50783a3f937fdf51d2afac,"{""distance"":5,""physical_error_rate"":1e-05}","{""detectors_checked"":680}"
        32,         0,         0,   0.080,decoder_by_matrix,fa5edda0c1038186c8afbec49b0215a0b852396cdb50783a3f937fdf51d2afac,"{""distance"":5,""physical_error_rate"":1e-05}","{""detectors_checked"":5440}"
         1,         0,         0,   0.096,decoder_by_matrix,0421d486f8a041838688df650e87c0a19c3450ab7a7cc8b3dc589ebff86d1c74,"{""distance"":5,""physical_error_rate"":0.0001}","{""detectors_checked"":170}"
       128,         0,         0,   0.065,decoder_by_matrix,fa5edda0c1038186c8afbec49b0215a0b852396cdb50783a3f937fdf51d2afac,"{""distance"":5,""physical_error_rate"":1e-05}","{""detectors_checked"":21760}"
         4,         0,         0,   0.083,decoder_by_matrix,0421d486f8a041838688df650e87c0a19c3450ab7a7cc8b3dc589ebff86d1c74,"{""distance"":5,""physical_error_rate"":0.0001}","{""detectors_checked"":680}"
      1024,         0,         0,   0.061,decoder_by_matrix,fa5edda0c1038186c8afbec49b0215a0b852396cdb50783a3f937fdf51d2afac,"{""distance"":5,""physical_error_rate"":1e-05}","{""detectors_checked"":174080}"
        16,         0,         0,   0.062,decoder_by_matrix,0421d486f8a041838688df650e87c0a19c3450ab7a7cc8b3dc589ebff86d1c74,"{""distance"":5,""physical_error_rate"":0.0001}","{""detectors_checked"":2720}"
      1024,         0,         0,   0.071,decoder_by_matrix,fa5edda0c1038186c8afbec49b0215a0b852396cdb50783a3f937fdf51d2afac,"{""distance"":5,""physical_error_rate"":1e-05}","{""detectors_checked"":174080}"
       128,         0,         0,   0.091,decoder_by_matrix,0421d486f8a041838688df650e87c0a19c3450ab7a7cc8b3dc589ebff86d1c74,"{""distance"":5,""physical_error_rate"":0.0001}","{""detectors_checked"":21760}"
      1024,         0,         0,   0.083,decoder_by_matrix,fa5edda0c1038186c8afbec49b0215a0b852396cdb50783a3f937fdf51d2afac,"{""distance"":5,""physical_error_rate"":1e-05}","{""detectors_checked"":174080}"
       512,         0,         0,   0.070,decoder_by_matrix,0421d486f8a041838688df650e87c0a19c3450ab7a7cc8b3dc589ebff86d1c74,"{""distance"":5,""physical_error_rate"":0.0001}","{""detection_events"":20,""detectors_checked"":87040}"
      1024,         0,         0,   0.057,decoder_by_matrix,0421d486f8a041838688df650e87c0a19c3450ab7a7cc8b3dc589ebff86d1c74,"{""distance"":5,""physical_error_rate"":0.0001}","{""detection_events"":30,""detectors_checked"":174080}"
      2048,         0,         0,   0.161,decoder_by_matrix,fa5edda0c1038186c8afbec49b0215a0b852396cdb50783a3f937fdf51d2afac,"{""distance"":5,""physical_error_rate"":1e-05}","{""detection_events"":20,""detectors_checked"":348160}"
      2048,         0,         0,   0.168,decoder_by_matrix,0421d486f8a041838688df650e87c0a19c3450ab7a7cc8b3dc589ebff86d1c74,"{""distance"":5,""physical_error_rate"":0.0001}","{""detection_events"":105,""detectors_checked"":348160}"
      2048,         0,         0,   0.160,decoder_by_matrix,fa5edda0c1038186c8afbec49b0215a0b852396cdb50783a3f937fdf51d2afac,"{""distance"":5,""physical_error_rate"":1e-05}","{""detection_events"":65,""detectors_checked"":348160}"
      2048,         0,         0,   0.148,decoder_by_matrix,0421d486f8a041838688df650e87c0a19c3450ab7a7cc8b3dc589ebff86d1c74,"{""distance"":5,""physical_error_rate"":0.0001}","{""detection_events"":125,""detectors_checked"":348160}"
      3072,         0,         0,   0.262,decoder_by_matrix,fa5edda0c1038186c8afbec49b0215a0b852396cdb50783a3f937fdf51d2afac,"{""distance"":5,""physical_error_rate"":1e-05}","{""detection_events"":10,""detectors_checked"":522240}"
      2048,         0,         0,   0.153,decoder_by_matrix,0421d486f8a041838688df650e87c0a19c3450ab7a7cc8b3dc589ebff86d1c74,"{""distance"":5,""physical_error_rate"":0.0001}","{""detection_events"":90,""detectors_checked"":348160}"
      3072,         0,         0,   0.244,decoder_by_matrix,0421d486f8a041838688df650e87c0a19c3450ab7a7cc8b3dc589ebff86d1c74,"{""distance"":5,""physical_error_rate"":0.0001}","{""detection_events"":230,""detectors_checked"":522240}"
      4096,         0,         0,   0.320,decoder_by_matrix,fa5edda0c1038186c8afbec49b0215a0b852396cdb50783a3f937fdf51d2afac,"{""distance"":5,""physical_error_rate"":1e-05}","{""detection_events"":30,""detectors_checked"":696320}"
         1,         0,         0,   0.067,decoder_by_matrix,fa5edda0c1038186c8afbec49b0215a0b852396cdb50783a3f937fdf51d2afac,"{""distance"":5,""physical_error_rate"":1e-05}","{""detectors_checked"":170}"
         8,         0,         0,   0.059,decoder_by_matrix,fa5edda0c1038186c8afbec49b0215a0b852396cdb50783a3f937fdf51d2afac,"{""distance"":5,""physical_error_rate"":1e-05}","{""detectors_checked"":1360}"
      4096,         0,         0,   0.296,decoder_by_matrix,0421d486f8a041838688df650e87c0a19c3450ab7a7cc8b3dc589ebff86d1c74,"{""distance"":5,""physical_error_rate"":0.0001}","{""detection_events"":335,""detectors_checked"":696320}"
        64,         0,         0,   0.060,decoder_by_matrix,fa5edda0c1038186c8afbec49b0215a0b852396cdb50783a3f937fdf51d2afac,"{""distance"":5,""physical_error_rate"":1e-05}","{""detectors_checked"":10880}"
         1,         0,         0,   0.087,decoder_by_matrix,9c6baee88fc81e7d1aa345fcb3feec7ee81f21c5d49cb6ca037118097d89e180,"{""distance"":5,""physical_error_rate"":5e-05}","{""detectors_checked"":170}"
       512,         0,         0,   0.082,decoder_by_matrix,fa5edda0c1038186c8afbec49b0215a0b852396cdb50783a3f937fdf51d2afac,"{""distance"":5,""physical_error_rate"":1e-05}","{""detection_events"":10,""detectors_checked"":87040}"
      6144,         0,         0,   0.458,decoder_by_matrix,fa5edda0c1038186c8afbec49b0215a0b852396cdb50783a3f937fdf51d2afac,"{""distance"":5,""physical_error_rate"":1e-05}","{""detection_events"":50,""detectors_checked"":1044480}"
         4,         0,         0,   0.061,decoder_by_matrix,9c6baee88fc81e7d1aa345fcb3feec7ee81f21c5d49cb6ca037118097d89e180,"{""distance"":5,""physical_error_rate"":5e-05}","{""detectors_checked"":680}"
      1024,         0,         0,   0.081,decoder_by_matrix,fa5edda0c1038186c8afbec49b0215a0b852396cdb50783a3f937fdf51d2afac,"{""distance"":5,""physical_error_rate"":1e-05}","{""detectors_checked"":174080}"
        32,         0,         0,   0.061,decoder_by_matrix,9c6baee88fc81e7d1aa345fcb3feec7ee81f21c5d49cb6ca037118097d89e180,"{""distance"":5,""physical_error_rate"":5e-05}","{""detectors_checked"":5440}"
      1024,         0,         0,   0.080,decoder_by_matrix,fa5edda0c1038186c8afbec49b0215a0b852396cdb50783a3f937fdf51d2afac,"{""distance"":5,""physical_error_rate"":1e-05}","{""detectors_checked"":174080}"
       256,         0,         0,   0.081,decoder_by_matrix,9c6baee88fc81e7d1aa345fcb3feec7ee81f21c5d49cb6ca037118097d89e180,"{""distance"":5,""physical_error_rate"":5e-05}","{""detectors_checked"":43520}"
         1,         0,         0,   0.067,decoder_by_matrix,066a5d8d46981b593c3dec855f441edbe9e755a8873183448f69d036a2ecc650,"{""distance"":5,""physical_error_rate"":0.001}","{""detection_events"":10,""detectors_checked"":170}"
      2048,         0,         0,   0.124,decoder_by_matrix,fa5edda0c1038186c8afbec49b0215a0b852396cdb50783a3f937fdf51d2afac,"{""distance"":5,""physical_error_rate"":1e-05}","{""detectors_checked"":348160}"
      1024,         0,         0,   0.102,decoder_by_matrix,9c6baee88fc81e7d1aa345fcb3feec7ee81f21c5d49cb6ca037118097d89e180,"{""distance"":5,""physical_error_rate"":5e-05}","{""detection_events"":20,""detectors_checked"":174080}"
      6144,         0,         0,   0.448,decoder_by_matrix,0421d486f8a041838688df650e87c0a19c3450ab7a7cc8b3dc589ebff86d1c74,"{""distance"":5,""physical_error_rate"":0.0001}","{""detection_events"":390,""detectors_checked"":1044480}"
         8,         0,         0,   0.066,decoder_by_matrix,066a5d8d46981b593c3dec855f441edbe9e755a8873183448f69d036a2ecc650,"{""distance"":5,""physical_error_rate"":0.001}","{""detectors_checked"":1360}"
         1,         0,         0,   0.063,decoder_by_matrix,90a4071835a8081462c190a19e797ba514a4700a252abbae3adc59eefd5a11d7,"{""distance"":5,""physical_error_rate"":0.01}","{""detectors_checked"":170}"
      1024,         0,         0,   0.113,decoder_by_matrix,9c6baee88fc81e7d1aa345fcb3feec7ee81f21c5d49cb6ca037118097d89e180,"{""distance"":5,""physical_error_rate"":5e-05}","{""detection_events"":35,""detectors_checked"":174080}"
        64,         0,         0,   0.075,decoder_by_matrix,066a5d8d46981b593c3dec855f441edbe9e755a8873183448f69d036a2ecc650,"{""distance"":5,""physical_error_rate"":0.001}","{""detection_events"":25,""detectors_checked"":10880}"
         8,         0,         0,   0.079,decoder_by_matrix,90a4071835a8081462c190a19e797ba514a4700a252abbae3adc59eefd5a11d7,"{""distance"":5,""physical_error_rate"":0.01}","{""detection_events"":25,""detectors_checked"":1360}"
      2048,         0,         0,   0.180,decoder_by_matrix,fa5edda0c1038186c8afbec49b0215a0b852396cdb50783a3f937fdf51d2afac,"{""distance"":5,""physical_error_rate"":1e-05}","{""detectors_checked"":348160}"
      1024,         0,         0,   0.081,decoder_by_matrix,9c6baee88fc81e7d1aa345fcb3feec7ee81f21c5d49cb6ca037118097d89e180,"{""distance"":5,""physical_error_rate"":5e-05}","{""detection_events"":65,""detectors_checked"":174080}"
       256,         0,         0,   0.078,decoder_by_matrix,066a5d8d46981b593c3dec855f441edbe9e755a8873183448f69d036a2ecc650,"{""distance"":5,""physical_error_rate"":0.001}","{""detection_events"":150,""detectors_checked"":43520}"
        32,         0,         0,   0.078,decoder_by_matrix,90a4071835a8081462c190a19e797ba514a4700a252abbae3adc59eefd5a11d7,"{""distance"":5,""physical_error_rate"":0.01}","{""detection_events"":155,""detectors_checked"":5440}"
      1024,         0,         0,   0.070,decoder_by_matrix,066a5d8d46981b593c3dec855f441edbe9e755a8873183448f69d036a2ecc650,"{""distance"":5,""physical_error_rate"":0.001}","{""detection_events"":475,""detectors_checked"":174080}"
       128,         0,         0,   0.055,decoder_by_matrix,90a4071835a8081462c190a19e797ba514a4700a252abbae3adc59eefd5a11d7,"{""distance"":5,""physical_error_rate"":0.01}","{""detection_events"":695,""detectors_checked"":21760}"
      2048,         0,         0,   0.144,decoder_by_matrix,fa5edda0c1038186c8afbec49b0215a0b852396cdb50783a3f937fdf51d2afac,"{""distance"":5,""physical_error_rate"":1e-05}","{""detectors_checked"":348160}"
      2048,         0,         0,   0.170,decoder_by_matrix,9c6baee88fc81e7d1aa345fcb3feec7ee81f21c5d49cb6ca037118097d89e180,"{""distance"":5,""physical_error_rate"":5e-05}","{""detection_events"":35,""detectors_checked"":348160}"
      1024,         0,         0,   0.099,decoder_by_matrix,066a5d8d46981b593c3dec855f441edbe9e755a8873183448f69d036a2ecc650,"{""distance"":5,""physical_error_rate"":0.001}","{""detection_events"":545,""detectors_checked"":174080}"
      1024,         1,         0,   0.071,decoder_by_matrix,90a4071835a8081462c190a19e797ba514a4700a252abbae3adc59eefd5a11d7,"{""distance"":5,""physical_error_rate"":0.01}","{""detection_events"":5150,""detectors_checked"":174080,""obs_mistake_mask=__E_"":1}"
      8192,         0,         0,   0.648,decoder_by_matrix,fa5edda0c1038186c8afbec49b0215a0b852396cdb50783a3f937fdf51d2afac,"{""distance"":5,""physical_error_rate"":1e-05}","{""detection_events"":25,""detectors_checked"":1392640}"
      1024,         2,         0,   0.077,decoder_by_matrix,90a4071835a8081462c190a19e797ba514a4700a252abbae3adc59eefd5a11d7,"{""distance"":5,""physical_error_rate"":0.01}","{""detection_events"":6435,""detectors_checked"":174080,""obs_mistake_mask=E__E"":1,""obs_mistake_mask=__E_"":1}"
      1024,         0,         0,   0.086,decoder_by_matrix,066a5d8d46981b593c3dec855f441edbe9e755a8873183448f69d036a2ecc650,"{""distance"":5,""physical_error_rate"":0.001}","{""detection_events"":520,""detectors_checked"":174080}"
         1,         0,         0,   0.069,decoder_by_matrix,3c866087b289edc25e9adea730044a15db18cabfd3ae2507fc844d5b4e03657a,"{""distance"":5,""physical_error_rate"":5e-06}","{""detectors_checked"":170}"
      2048,         0,         0,   0.156,decoder_by_matrix,9c6baee88fc81e7d1aa345fcb3feec7ee81f21c5d49cb6ca037118097d89e180,"{""distance"":5,""physical_error_rate"":5e-05}","{""detection_events"":40,""detectors_checked"":348160}"
         1,         0,         0,   0.097,decoder_by_matrix,066a5d8d46981b593c3dec855f441edbe9e755a8873183448f69d036a2ecc650,"{""distance"":5,""physical_error_rate"":0.001}","{""detectors_checked"":170}"
         8,         0,         0,   0.069,decoder_by_matrix,3c866087b289edc25e9adea730044a15db18cabfd3ae2507fc844d5b4e03657a,"{""distance"":5,""physical_error_rate"":5e-06}","{""detectors_checked"":1360}"
      1024,         2,         0,   0.077,decoder_by_matrix,90a4071835a8081462c190a19e797ba514a4700a252abbae3adc59eefd5a11d7,"{""distance"":5,""physical_error_rate"":0.01}","{""detection_events"":5490,""detectors_checked"":174080,""obs_mistake_mask=_EE_"":1,""obs_mistake_mask=_E__"":1}"
      1024,         0,         0,   0.114,decoder_by_matrix,066a5d8d46981b593c3dec855f441edbe9e755a8873183448f69d036a2ecc650,"{""distance"":5,""physical_error_rate"":0.001}","{""detection_events"":815,""detectors_checked"":174080}"
         4,         0,         0,   0.056,decoder_by_matrix,066a5d8d46981b593c3dec855f441edbe9e755a8873183448f69d036a2ecc650,"{""distance"":5,""physical_error_rate"":0.001}","{""detectors_checked"":680}"
      3072,         0,         0,   0.240,decoder_by_matrix,fa5edda0c1038186c8afbec49b0215a0b852396cdb50783a3f937fdf51d2afac,"{""distance"":5,""physical_error_rate"":1e-05}","{""detection_events"":10,""detectors_checked"":522240}"
        64,         0,         0,   0.080,decoder_by_matrix,3c866087b289edc25e9adea730044a15db18cabfd3ae2507fc844d5b4e03657a,"{""distance"":5,""physical_error_rate"":5e-06}","{""detectors_checked"":10880}"
      8192,         0,         0,   0.635,decoder_by_matrix,0421d486f8a041838688df650e87c0a19c3450ab7a7cc8b3dc589ebff86d1c74,"{""distance"":5,""physical_error_rate"":0.0001}","{""detection_events"":230,""detectors_checked"":1392640}"
        32,         0,         0,   0.077,decoder_by_matrix,066a5d8d46981b593c3dec855f441edbe9e755a8873183448f69d036a2ecc650,"{""distance"":5,""physical_error_rate"":0.001}","{""detectors_checked"":5440}"
       256,         0,         0,   0.061,decoder_by_matrix,3c866087b289edc25e9adea730044a15db18cabfd3ae2507fc844d5b4e03657a,"{""distance"":5,""physical_error_rate"":5e-06}","{""detectors_checked"":43520}"
      2048,         3,         0,   0.160,decoder_by_matrix,90a4071835a8081462c190a19e797ba514a4700a252abbae3adc59eefd5a11d7,"{""distance"":5,""physical_error_rate"":0.01}","{""detection_events"":12220,""detectors_checked"":348160,""obs_mistake_mask=_E__"":3}"
      2048,         0,         0,   0.160,decoder_by_matrix,066a5d8d46981b593c3dec855f441edbe9e755a8873183448f69d036a2ecc650,"{""distance"":5,""physical_error_rate"":0.001}","{""detection_events"":910,""detectors_checked"":348160}"
         1,         0,         0,   0.092,decoder_by_matrix,9c6baee88fc81e7d1aa345fcb3feec7ee81f21c5d49cb6ca037118097d89e180,"{""distance"":5,""physical_error_rate"":5e-05}","{""detectors_checked"":170}"
       128,         0,         0,   0.067,decoder_by_matrix,066a5d8d46981b593c3dec855f441edbe9e755a8873183448f69d036a2ecc650,"{""distance"":5,""physical_error_rate"":0.001}","{""detection_events"":30,""detectors_checked"":21760}"
      3072,         0,         0,   0.240,decoder_by_matrix,9c6baee88fc81e7d1aa345fcb3feec7ee81f21c5d49cb6ca037118097d89e180,"{""distance"":5,""physical_error_rate"":5e-05}","{""detection_events"":30,""detectors_checked"":522240}"
      1024,         0,         0,   0.091,decoder_by_matrix,3c866087b289edc25e9adea730044a15db18cabfd3ae2507fc844d5b4e03657a,"{""distance"":5,""physical_error_rate"":5e-06}","{""detectors_checked"":174080}"
      1024,         0,         0,   0.060,decoder_by_matrix,066a5d8d46981b593c3dec855f441edbe9e755a8873183448f69d036a2ecc650,"{""distance"":5,""physical_error_rate"":0.001}","{""detection_events"":415,""detectors_checked"":174080}"
         4,         0,         0,   0.081,decoder_by_matrix,9c6baee88fc81e7d1aa345fcb3feec7ee81f21c5d49cb6ca037118097d89e180,"{""distance"":5,""physical_error_rate"":5e-05}","{""detectors_checked"":680}"
      1024,         0,         0,   0.061,decoder_by_matrix,3c866087b289edc25e9adea730044a15db18cabfd3ae2507fc844d5b4e03657a,"{""distance"":5,""physical_error_rate"":5e-06}","{""detectors_checked"":174080}"
        16,         0,         0,   0.048,decoder_by_matrix,9c6baee88fc81e7d1aa345fcb3feec7ee81f21c5d49cb6ca037118097d89e180,"{""distance"":5,""physical_error_rate"":5e-05}","{""detectors_checked"":2720}"
      1024,         0,         0,   0.061,decoder_by_matrix,066a5d8d46981b593c3dec855f441edbe9e755a8873183448f69d036a2ecc650,"{""distance"":5,""physical_error_rate"":0.001}","{""detection_events"":580,""detectors_checked"":174080}"
         1,         0,         0,   0.064,decoder_by_matrix,b84cf4b8ca220d31f17e1e2ea9ab927bbc4176b15682c650e7d1dd8f2758172b,"{""distance"":5,""physical_error_rate"":0.0005}","{""detectors_checked"":170}"
      4096,         0,         0,   0.294,decoder_by_matrix,fa5edda0c1038186c8afbec49b0215a0b852396cdb50783a3f937fdf51d2afac,"{""distance"":5,""physical_error_rate"":1e-05}","{""detectors_checked"":696320}"
      1024,         0,         0,   0.065,decoder_by_matrix,3c866087b289edc25e9adea730044a15db18cabfd3ae2507fc844d5b4e03657a,"{""distance"":5,""physical_error_rate"":5e-06}","{""detectors_checked"":174080}"
       128,         0,         0,   0.061,decoder_by_matrix,9c6baee88fc81e7d1aa345fcb3feec7ee81f21c5d49cb6ca037118097d89e180,"{""distance"":5,""physical_error_rate"":5e-05}","{""detectors_checked"":21760}"
      3072,         5,         0,   0.243,decoder_by_matrix,90a4071835a8081462c190a19e797ba514a4700a252abbae3adc59eefd5a11d7,"{""distance"":5,""physical_error_rate"":0.01}","{""detection_events"":16860,""detectors_checked"":522240,""obs_mistake_mask=E__E"":1,""obs_mistake_mask=_E_E"":1,""obs_mistake_mask=__E_"":1,""obs_mistake_mask=___E"":2}"
      3072,         0,         0,   0.217,decoder_by_matrix,066a5d8d46981b593c3dec855f441edbe9e755a8873183448f69d036a2ecc650,"{""distance"":5,""physical_error_rate"":0.001}","{""detection_events"":2040,""detectors_checked"":522240}"
         8,         0,         0,   0.051,decoder_by_matrix,b84cf4b8ca220d31f17e1e2ea9ab927bbc4176b15682c650e7d1dd8f2758172b,"{""distance"":5,""physical_error_rate"":0.0005}","{""detectors_checked"":1360}"
      1024,         0,         0,   0.073,decoder_by_matrix,066a5d8d46981b593c3dec855f441edbe9e755a8873183448f69d036a2ecc650,"{""distance"":5,""physical_error_rate"":0.001}","{""detection_events"":505,""detectors_checked"":174080}"
      1024,         0,         0,   0.084,decoder_by_matrix,9c6baee88fc81e7d1aa345fcb3feec7ee81f21c5d49cb6ca037118097d89e180,"{""distance"":5,""physical_error_rate"":5e-05}","{""detection_events"":40,""detectors_checked"":174080}"
        64,         0,         0,   0.059,decoder_by_matrix,b84cf4b8ca220d31f17e1e2ea9ab927bbc4176b15682c650e7d1dd8f2758172b,"{""distance"":5,""physical_error_rate"":0.0005}","{""detection_events"":10,""detectors_checked"":10880}"
      4096,         0,         0,   0.308,decoder_by_matrix,9c6baee88fc81e7d1aa345fcb3feec7ee81f21c5d49cb6ca037118097d89e180,"{""distance"":5,""physical_error_rate"":5e-05}","{""detection_events"":90,""detectors_checked"":696320}"
      2048,         0,         0,   0.160,decoder_by_matrix,3c866087b289edc25e9adea730044a15db18cabfd3ae2507fc844d5b4e03657a,"{""distance"":5,""physical_error_rate"":5e-06}","{""detectors_checked"":348160}"
       512,         0,         0,   0.062,decoder_by_matrix,b84cf4b8ca220d31f17e1e2ea9ab927bbc4176b15682c650e7d1dd8f2758172b,"{""distance"":5,""physical_error_rate"":0.0005}","{""detection_events"":145,""detectors_checked"":87040}"
      1024,         0,         0,   0.088,decoder_by_matrix,9c6baee88fc81e7d1aa345fcb3feec7ee81f21c5d49cb6ca037118097d89e180,"{""distance"":5,""physical_error_rate"":5e-05}","{""detection_events"":10,""detectors_checked"":174080}"
      2048,         0,         0,   0.162,decoder_by_matrix,066a5d8d46981b593c3dec855f441edbe9e755a8873183448f69d036a2ecc650,"{""distance"":5,""physical_error_rate"":0.001}","{""detection_events"":1055,""detectors_checked"":348160}"
      1024,         0,         0,   0.075,decoder_by_matrix,b84cf4b8ca220d31f17e1e2ea9ab927bbc4176b15682c650e7d1dd8f2758172b,"{""distance"":5,""physical_error_rate"":0.0005}","{""detection_events"":225,""detectors_checked"":174080}"
      1024,         0,         0,   0.084,decoder_by_matrix,9c6baee88fc81e7d1aa345fcb3feec7ee81f21c5d49cb6ca037118097d89e180,"{""distance"":5,""physical_error_rate"":5e-05}","{""detection_events"":25,""detectors_checked"":174080}"
      3072,         9,         0,   0.259,decoder_by_matrix,90a4071835a8081462c190a19e797ba514a4700a252abbae3adc59eefd5a11d7,"{""distance"":5,""physical_error_rate"":0.01}","{""detection_events"":16340,""detectors_checked"":522240,""obs_mistake_mask=EE__"":1,""obs_mistake_mask=E___"":2,""obs_mistake_mask=_EE_"":2,""obs_mistake_mask=_E__"":2,""obs_mistake_mask=___E"":2}"
     11264,         0,         0,   0.835,decoder_by_matrix,fa5edda0c1038186c8afbec49b0215a0b852396cdb50783a3f937fdf51d2afac,"{""distance"":5,""physical_error_rate"":1e-05}","{""detection_events"":90,""detectors_checked"":1914880}"
      4096,         0,         0,   0.301,decoder_by_matrix,066a5d8d46981b593c3dec855f441edbe9e755a8873183448f69d036a2ecc650,"{""distance"":5,""physical_error_rate"":0.001}","{""detection_events"":2215,""detectors_checked"":696320}"
         1,         0,         0,   0.069,decoder_by_matrix,926aad2e192fb73fc0ac724cdb1e19af2dfa1e49635753b9cefb82507b443f08,"{""distance"":5,""physical_error_rate"":0.005}","{""detectors_checked"":170}"
      1024,         0,         0,   0.075,decoder_by_matrix,b84cf4b8ca220d31f17e1e2ea9ab927bbc4176b15682c650e7d1dd8f2758172b,"{""distance"":5,""physical_error_rate"":0.0005}","{""detection_events"":355,""detectors_checked"":174080}"
      2048,         0,         0,   0.162,decoder_by_matrix,066a5d8d46981b593c3dec855f441edbe9e755a8873183448f69d036a2ecc650,"{""distance"":5,""physical_error_rate"":0.001}","{""detection_events"":1070,""detectors_checked"":348160}"
         8,         0,         0,   0.065,decoder_by_matrix,926aad2e192fb73fc0ac724cdb1e19af2dfa1e49635753b9cefb82507b443f08,"{""distance"":5,""physical_error_rate"":0.005}","{""detection_events"":20,""detectors_checked"":1360}"
      3072,         0,         0,   0.232,decoder_by_matrix,3c866087b289edc25e9adea730044a15db18cabfd3ae2507fc844d5b4e03657a,"{""distance"":5,""physical_error_rate"":5e-06}","{""detection_events"":5,""detectors_checked"":522240}"
      6144,         0,         0,   0.444,decoder_by_matrix,fa5edda0c1038186c8afbec49b0215a0b852396cdb50783a3f937fdf51d2afac,"{""distance"":5,""physical_error_rate"":1e-05}","{""detection_events"":45,""detectors_checked"":1044480}"
      1024,         0,         0,   0.083,decoder_by_matrix,b84cf4b8ca220d31f17e1e2ea9ab927bbc4176b15682c650e7d1dd8f2758172b,"{""distance"":5,""physical_error_rate"":0.0005}","{""detection_events"":265,""detectors_checked"":174080}"
      2048,         0,         0,   0.173,decoder_by_matrix,9c6baee88fc81e7d1aa345fcb3feec7ee81f21c5d49cb6ca037118097d89e180,"{""distance"":5,""physical_error_rate"":5e-05}","{""detection_events"":65,""detectors_checked"":348160}"
        64,         0,         0,   0.082,decoder_by_matrix,926aad2e192fb73fc0ac724cdb1e19af2dfa1e49635753b9cefb82507b443f08,"{""distance"":5,""physical_error_rate"":0.005}","{""detection_events"":190,""detectors_checked"":10880}"
     10240,         0,         0,   0.794,decoder_by_matrix,0421d486f8a041838688df650e87c0a19c3450ab7a7cc8b3dc589ebff86d1c74,"{""distance"":5,""physical_error_rate"":0.0001}","{""detection_events"":535,""detectors_checked"":1740800}"
         1,         0,         0,   0.069,decoder_by_matrix,e41ade2e4684e0396b9a3890c882b6453b515d69885aa1d89a26ce21ec554895,"{""distance"":5,""physical_error_rate"":1e-06}","{""detectors_checked"":170}"
         1,         0,         0,   0.086,decoder_by_matrix,90a4071835a8081462c190a19e797ba514a4700a252abbae3adc59eefd5a11d7,"{""distance"":5,""physical_error_rate"":0.01}","{""detectors_checked"":170}"
       256,         0,         0,   0.073,decoder_by_matrix,926aad2e192fb73fc0ac724cdb1e19af2dfa1e49635753b9cefb82507b443f08,"{""distance"":5,""physical_error_rate"":0.005}","{""detection_events"":795,""detectors_checked"":43520}"
      5120,         0,         0,   0.421,decoder_by_matrix,9c6baee88fc81e7d1aa345fcb3feec7ee81f21c5d49cb6ca037118097d89e180,"{""distance"":5,""physical_error_rate"":5e-05}","{""detection_events"":155,""detectors_checked"":870400}"
         1,         0,         0,   0.065,decoder_by_matrix,90a4071835a8081462c190a19e797ba514a4700a252abbae3adc59eefd5a11d7,"{""distance"":5,""physical_error_rate"":0.01}","{""detectors_checked"":170}"
      2048,         0,         0,   0.167,decoder_by_matrix,b84cf4b8ca220d31f17e1e2ea9ab927bbc4176b15682c650e7d1dd8f2758172b,"{""distance"":5,""physical_error_rate"":0.0005}","{""detection_events"":555,""detectors_checked"":348160}"
      2048,         0,         0,   0.146,decoder_by_matrix,9c6baee88fc81e7d1aa345fcb3feec7ee81f21c5d49cb6ca037118097d89e180,"{""distance"":5,""physical_error_rate"":5e-05}","{""detection_events"":110,""detectors_checked"":348160}"
         4,         0,         0,   0.070,decoder_by_matrix,90a4071835a8081462c190a19e797ba514a4700a252abbae3adc59eefd5a11d7,"{""distance"":5,""physical_error_rate"":0.01}","{""detection_events"":45,""detectors_checked"":680}"
         8,         0,         0,   0.062,decoder_by_matrix,e41ade2e4684e0396b9a3890c882b6453b515d69885aa1d89a26ce21ec554895,"{""distance"":5,""physical_error_rate"":1e-06}","{""detectors_checked"":1360}"
      3072,         0,         0,   0.251,decoder_by_matrix,066a5d8d46981b593c3dec855f441edbe9e755a8873183448f69d036a2ecc650,"{""distance"":5,""physical_error_rate"":0.001}","{""detection_events"":1940,""detectors_checked"":522240}"
      4096,         6,         0,   0.360,decoder_by_matrix,90a4071835a8081462c190a19e797ba514a4700a252abbae3adc59eefd5a11d7,"{""distance"":5,""physical_error_rate"":0.01}","{""detection_events"":23225,""detectors_checked"":696320,""obs_mistake_mask=E_E_"":1,""obs_mistake_mask=E__E"":1,""obs_mistake_mask=E___"":2,""obs_mistake_mask=_E_E"":1,""obs_mistake_mask=__E_"":1}"
      3072,         0,         0,   0.227,decoder_by_matrix,3c866087b289edc25e9adea730044a15db18cabfd3ae2507fc844d5b4e03657a,"{""distance"":5,""physical_error_rate"":5e-06}","{""detectors_checked"":522240}"
         8,         0,         0,   0.061,decoder_by_matrix,90a4071835a8081462c190a19e797ba514a4700a252abbae3adc59eefd5a11d7,"{""distance"":5,""physical_error_rate"":0.01}","{""detection_events"":170,""detectors_checked"":1360}"
      1024,         1,         0,   0.083,decoder_by_matrix,926aad2e192fb73fc0ac724cdb1e19af2dfa1e49635753b9cefb82507b443f08,"{""distance"":5,""physical_error_rate"":0.005}","{""detection_events"":2845,""detectors_checked"":174080,""obs_mistake_mask=E__E"":1}"
        32,         0,         0,   0.064,decoder_by_matrix,90a4071835a8081462c190a19e797ba514a4700a252abbae3adc59eefd5a11d7,"{""distance"":5,""physical_error_rate"":0.01}","{""detection_events"":85,""detectors_checked"":5440}"
        64,         0,         0,   0.063,decoder_by_matrix,e41ade2e4684e0396b9a3890c882b6453b515d69885aa1d89a26ce21ec554895,"{""distance"":5,""physical_error_rate"":1e-06}","{""detectors_checked"":10880}"
        64,         0,         0,   0.052,decoder_by_matrix,90a4071835a8081462c190a19e797ba514a4700a252abbae3adc59eefd5a11d7,"{""distance"":5,""physical_error_rate"":0.01}","{""detection_events"":210,""detectors_checked"":10880}"
         1,         0,         0,   0.089,decoder_by_matrix,b84cf4b8ca220d31f17e1e2ea9ab927bbc4176b15682c650e7d1dd8f2758172b,"{""distance"":5,""physical_error_rate"":0.0005}","{""detectors_checked"":170}"
      1024,         0,         0,   0.081,decoder_by_matrix,926aad2e192fb73fc0ac724cdb1e19af2dfa1e49635753b9cefb82507b443f08,"{""distance"":5,""physical_error_rate"":0.005}","{""detection_events"":3045,""detectors_checked"":174080}"
      2048,         0,         0,   0.155,decoder_by_matrix,b84cf4b8ca220d31f17e1e2ea9ab927bbc4176b15682c650e7d1dd8f2758172b,"{""distance"":5,""physical_error_rate"":0.0005}","{""detection_events"":690,""detectors_checked"":348160}"
       512,         0,         0,   0.064,decoder_by_matrix,e41ade2e4684e0396b9a3890c882b6453b515d69885aa1d89a26ce21ec554895,"{""distance"":5,""physical_error_rate"":1e-06}","{""detectors_checked"":87040}"
       256,         0,         0,   0.080,decoder_by_matrix,90a4071835a8081462c190a19e797ba514a4700a252abbae3adc59eefd5a11d7,"{""distance"":5,""physical_error_rate"":0.01}","{""detection_events"":1635,""detectors_checked"":43520}"
      6144,         0,         0,   0.479,decoder_by_matrix,066a5d8d46981b593c3dec855f441edbe9e755a8873183448f69d036a2ecc650,"{""distance"":5,""physical_error_rate"":0.001}","{""detection_events"":3540,""detectors_checked"":1044480}"
         4,         0,         0,   0.037,decoder_by_matrix,b84cf4b8ca220d31f17e1e2ea9ab927bbc4176b15682c650e7d1dd8f2758172b,"{""distance"":5,""physical_error_rate"":0.0005}","{""detectors_checked"":680}"
       512,         0,         0,   0.081,decoder_by_matrix,90a4071835a8081462c190a19e797ba514a4700a252abbae3adc59eefd5a11d7,"{""distance"":5,""physical_error_rate"":0.01}","{""detection_events"":3350,""detectors_checked"":87040}"
      1024,         0,         0,   0.083,decoder_by_matrix,926aad2e192fb73fc0ac724cdb1e19af2dfa1e49635753b9cefb82507b443f08,"{""distance"":5,""physical_error_rate"":0.005}","{""detection_events"":2930,""detectors_checked"":174080}"
      3072,         0,         0,   0.219,decoder_by_matrix,9c6baee88fc81e7d1aa345fcb3feec7ee81f21c5d49cb6ca037118097d89e180,"{""distance"":5,""physical_error_rate"":5e-05}","{""detection_events"":40,""detectors_checked"":522240}"
      1024,         0,         0,   0.062,decoder_by_matrix,e41ade2e4684e0396b9a3890c882b6453b515d69885aa1d89a26ce21ec554895,"{""distance"":5,""physical_error_rate"":1e-06}","{""detectors_checked"":174080}"
      1024,         1,         0,   0.081,decoder_by_matrix,90a4071835a8081462c190a19e797ba514a4700a252abbae3adc59eefd5a11d7,"{""distance"":5,""physical_error_rate"":0.01}","{""detection_events"":5175,""detectors_checked"":174080,""obs_mistake_mask=E_E_"":1}"
        64,         0,         0,   0.055,decoder_by_matrix,b84cf4b8ca220d31f17e1e2ea9ab927bbc4176b15682c650e7d1dd8f2758172b,"{""distance"":5,""physical_error_rate"":0.0005}","{""detection_events"":10,""detectors_checked"":10880}"
      1024,         1,         0,   0.061,decoder_by_matrix,90a4071835a8081462c190a19e797ba514a4700a252abbae3adc59eefd5a11d7,"{""distance"":5,""physical_error_rate"":0.01}","{""detection_events"":5505,""detectors_checked"":174080,""obs_mistake_mask=E___"":1}"
         1,         0,         0,   0.084,decoder_by_matrix,fa5edda0c1038186c8afbec49b0215a0b852396cdb50783a3f937fdf51d2afac,"{""distance"":5,""physical_error_rate"":1e-05}","{""detectors_checked"":170}"
      1024,         0,         0,   0.080,decoder_by_matrix,e41ade2e4684e0396b9a3890c882b6453b515d69885aa1d89a26ce21ec554895,"{""distance"":5,""physical_error_rate"":1e-06}","{""detectors_checked"":174080}"
       512,         0,         0,   0.069,decoder_by_matrix,b84cf4b8ca220d31f17e1e2ea9ab927bbc4176b15682c650e7d1dd8f2758172b,"{""distance"":5,""physical_error_rate"":0.0005}","{""detection_events"":125,""detectors_checked"":87040}"
      1024,         2,         0,   0.080,decoder_by_matrix,90a4071835a8081462c190a19e797ba514a4700a252abbae3adc59eefd5a11d7,"{""distance"":5,""physical_error_rate"":0.01}","{""detection_events"":5865,""detectors_checked"":174080,""obs_mistake_mask=EE__"":1,""obs_mistake_mask=_E__"":1}"
         4,         0,         0,   0.051,decoder_by_matrix,fa5edda0c1038186c8afbec49b0215a0b852396cdb50783a3f937fdf51d2afac,"{""distance"":5,""physical_error_rate"":1e-05}","{""detectors_checked"":680}"
      4096,         0,         0,   0.299,decoder_by_matrix,3c866087b289edc25e9adea730044a15db18cabfd3ae2507fc844d5b4e03657a,"{""distance"":5,""physical_error_rate"":5e-06}","{""detection_events"":10,""detectors_checked"":696320}"
      1024,         3,         0,   0.062,decoder_by_matrix,90a4071835a8081462c190a19e797ba514a4700a252abbae3adc59eefd5a11d7,"{""distance"":5,""physical_error_rate"":0.01}","{""detection_events"":5680,""detectors_checked"":174080,""obs_mistake_mask=E___"":1,""obs_mistake_mask=__EE"":1,""obs_mistake_mask=___E"":1}"
      2048,         1,         0,   0.156,decoder_by_matrix,926aad2e192fb73fc0ac724cdb1e19af2dfa1e49635753b9cefb82507b443f08,"{""distance"":5,""physical_error_rate"":0.005}","{""detection_events"":5415,""detectors_checked"":348160,""obs_mistake_mask=_E_E"":1}"
      5120,         0,         0,   0.342,decoder_by_matrix,066a5d8d46981b593c3dec855f441edbe9e755a8873183448f69d036a2ecc650,"{""distance"":5,""physical_error_rate"":0.001}","{""detection_events"":2650,""detectors_checked"":870400}"
      3072,         0,         0,   0.224,decoder_by_matrix,b84cf4b8ca220d31f17e1e2ea9ab927bbc4176b15682c650e7d1dd8f2758172b,"{""distance"":5,""physical_error_rate"":0.0005}","{""detection_events"":910,""detectors_checked"":522240}"
        32,         0,         0,   0.059,decoder_by_matrix,fa5edda0c1038186c8afbec49b0215a0b852396cdb50783a3f937fdf51d2afac,"{""distance"":5,""physical_error_rate"":1e-05}","{""detectors_checked"":5440}"
      8192,         0,         0,   0.595,decoder_by_matrix,fa5edda0c1038186c8afbec49b0215a0b852396cdb50783a3f937fdf51d2afac,"{""distance"":5,""physical_error_rate"":1e-05}","{""detection_events"":125,""detectors_checked"":1392640}"
      1024,         0,         0,   0.075,decoder_by_matrix,90a4071835a8081462c190a19e797ba514a4700a252abbae3adc59eefd5a11d7,"{""distance"":5,""physical_error_rate"":0.01}","{""detection_events"":6090,""detectors_checked"":174080}"
      1024,         0,         0,   0.080,decoder_by_matrix,b84cf4b8ca220d31f17e1e2ea9ab927bbc4176b15682c650e7d1dd8f2758172b,"{""distance"":5,""physical_error_rate"":0.0005}","{""detection_events"":240,""detectors_checked"":174080}"
      5120,         7,         0,   0.416,decoder_by_matrix,90a4071835a8081462c190a19e797ba514a4700a252abbae3adc59eefd5a11d7,"{""distance"":5,""physical_error_rate"":0.01}","{""detection_events"":28185,""detectors_checked"":870400,""obs_mistake_mask=E___"":4,""obs_mistake_mask=_EEE"":1,""obs_mistake_mask=_EE_"":1,""obs_mistake_mask=__E_"":1}"
      1024,         2,         0,   0.069,decoder_by_matrix,90a4071835a8081462c190a19e797ba514a4700a252abbae3adc59eefd5a11d7,"{""distance"":5,""physical_error_rate"":0.01}","{""detection_events"":5410,""detectors_checked"":174080,""obs_mistake_mask=E__E"":1,""obs_mistake_mask=E___"":1}"
      2048,         0,         0,   0.142,decoder_by_matrix,e41ade2e4684e0396b9a3890c882b6453b515d69885aa1d89a26ce21ec554895,"{""distance"":5,""physical_error_rate"":1e-06}","{""detectors_checked"":348160}"
       256,         0,         0,   0.080,decoder_by_matrix,fa5edda0c1038186c8afbec49b0215a0b852396cdb50783a3f937fdf51d2afac,"{""distance"":5,""physical_error_rate"":1e-05}","{""detectors_checked"":43520}"
      1024,         0,         0,   0.073,decoder_by_matrix,b84cf4b8ca220d31f17e1e2ea9ab927bbc4176b15682c650e7d1dd8f2758172b,"{""distance"":5,""physical_error_rate"":0.0005}","{""detection_events"":400,""detectors_checked"":174080}"
      1024,         1,         0,   0.117,decoder_by_matrix,90a4071835a8081462c190a19e797ba514a4700a252abbae3adc59eefd5a11d7,"{""distance"":5,""physical_error_rate"":0.01}","{""detection_events"":5410,""detectors_checked"":174080,""obs_mistake_mask=__EE"":1}"
         1,         0,         0,   0.124,decoder_by_matrix,3c866087b289edc25e9adea730044a15db18cabfd3ae2507fc844d5b4e03657a,"{""distance"":5,""physical_error_rate"":5e-06}","{""detectors_checked"":170}"
      4096,         0,         0,   0.316,decoder_by_matrix,9c6baee88fc81e7d1aa345fcb3feec7ee81f21c5d49cb6ca037118097d89e180,"{""distance"":5,""physical_error_rate"":5e-05}","{""detection_events"":195,""detectors_checked"":696320}"
      2048,         1,         0,   0.174,decoder_by_matrix,926aad2e192fb73fc0ac724cdb1e19af2dfa1e49635753b9cefb82507b443f08,"{""distance"":5,""physical_error_rate"":0.005}","{""detection_events"":6145,""detectors_checked"":348160,""obs_mistake_mask=E_EE"":1}"
      7168,         0,         0,   0.584,decoder_by_matrix,9c6baee88fc81e7d1aa345fcb3feec7ee81f21c5d49cb6ca037118097d89e180,"{""distance"":5,""physical_error_rate"":5e-05}","{""detection_events"":200,""detectors_checked"":1218560}"
      1024,         0,         0,   0.086,decoder_by_matrix,fa5edda0c1038186c8afbec49b0215a0b852396cdb50783a3f937fdf51d2afac,"{""distance"":5,""physical_error_rate"":1e-05}","{""detectors_checked"":174080}"
      1024,         0,         0,   0.078,decoder_by_matrix,b84cf4b8ca220d31f17e1e2ea9ab927bbc4176b15682c650e7d1dd8f2758172b,"{""distance"":5,""physical_error_rate"":0.0005}","{""detection_events"":375,""detectors_checked"":174080}"
      2048,         0,         0,   0.146,decoder_by_matrix,90a4071835a8081462c190a19e797ba514a4700a252abbae3adc59eefd5a11d7,"{""distance"":5,""physical_error_rate"":0.01}","{""detection_events"":11620,""detectors_checked"":348160}"
      2048,         0,         0,   0.158,decoder_by_matrix,e41ade2e4684e0396b9a3890c882b6453b515d69885aa1d89a26ce21ec554895,"{""distance"":5,""physical_error_rate"":1e-06}","{""detectors_checked"":348160}"
         4,         0,         0,   0.104,decoder_by_matrix,3c866087b289edc25e9adea730044a15db18cabfd3ae2507fc844d5b4e03657a,"{""distance"":5,""physical_error_rate"":5e-06}","{""detectors_checked"":680}"
      1024,         0,         0,   0.080,decoder_by_matrix,fa5edda0c1038186c8afbec49b0215a0b852396cdb50783a3f937fdf51d2afac,"{""distance"":5,""physical_error_rate"":1e-05}","{""detection_events"":45,""detectors_checked"":174080}"
      1024,         0,         0,   0.092,decoder_by_matrix,b84cf4b8ca220d31f17e1e2ea9ab927bbc4176b15682c650e7d1dd8f2758172b,"{""distance"":5,""physical_error_rate"":0.0005}","{""detection_events"":340,""detectors_checked"":174080}"
      3072,         0,         0,   0.311,decoder_by_matrix,b84cf4b8ca220d31f17e1e2ea9ab927bbc4176b15682c650e7d1dd8f2758172b,"{""distance"":5,""physical_error_rate"":0.0005}","{""detection_events"":685,""detectors_checked"":522240}"
      2048,         6,         0,   0.194,decoder_by_matrix,90a4071835a8081462c190a19e797ba514a4700a252abbae3adc59eefd5a11d7,"{""distance"":5,""physical_error_rate"":0.01}","{""detection_events"":10940,""detectors_checked"":348160,""obs_mistake_mask=EE__"":1,""obs_mistake_mask=E_E_"":1,""obs_mistake_mask=E__E"":1,""obs_mistake_mask=_EEE"":1,""obs_mistake_mask=_E_E"":1,""obs_mistake_mask=_E__"":1}"
        16,         0,         0,   0.077,decoder_by_matrix,3c866087b289edc25e9adea730044a15db18cabfd3ae2507fc844d5b4e03657a,"{""distance"":5,""physical_error_rate"":5e-06}","{""detectors_checked"":2720}"
         1,         0,         0,   0.056,decoder_by_matrix,926aad2e192fb73fc0ac724cdb1e19af2dfa1e49635753b9cefb82507b443f08,"{""distance"":5,""physical_error_rate"":0.005}","{""detectors_checked"":170}"
      1024,         0,         0,   0.081,decoder_by_matrix,fa5edda0c1038186c8afbec49b0215a0b852396cdb50783a3f937fdf51d2afac,"{""distance"":5,""physical_error_rate"":1e-05}","{""detectors_checked"":174080}"
      2048,         3,         0,   0.165,decoder_by_matrix,90a4071835a8081462c190a19e797ba514a4700a252abbae3adc59eefd5a11d7,"{""distance"":5,""physical_error_rate"":0.01}","{""detection_events"":10170,""detectors_checked"":348160,""obs_mistake_mask=E___"":1,""obs_mistake_mask=_EEE"":1,""obs_mistake_mask=___E"":1}"
      2048,         0,         0,   0.199,decoder_by_matrix,926aad2e192fb73fc0ac724cdb1e19af2dfa1e49635753b9cefb82507b443f08,"{""distance"":5,""physical_error_rate"":0.005}","{""detection_events"":5810,""detectors_checked"":348160}"
      5120,         0,         0,   0.427,decoder_by_matrix,3c866087b289edc25e9adea730044a15db18cabfd3ae2507fc844d5b4e03657a,"{""distance"":5,""physical_error_rate"":5e-06}","{""detectors_checked"":870400}"
         8,         0,         0,   0.054,decoder_by_matrix,926aad2e192fb73fc0ac724cdb1e19af2dfa1e49635753b9cefb82507b443f08,"{""distance"":5,""physical_error_rate"":0.005}","{""detection_events"":10,""detectors_checked"":1360}"
      2048,         0,         0,   0.162,decoder_by_matrix,e41ade2e4684e0396b9a3890c882b6453b515d69885aa1d89a26ce21ec554895,"{""distance"":5,""physical_error_rate"":1e-06}","{""detectors_checked"":348160}"
      7168,         0,         0,   0.609,decoder_by_matrix,066a5d8d46981b593c3dec855f441edbe9e755a8873183448f69d036a2ecc650,"{""distance"":5,""physical_error_rate"":0.001}","{""detection_events"":4270,""detectors_checked"":1218560}"
        64,         0,         0,   0.061,decoder_by_matrix,3c866087b289edc25e9adea730044a15db18cabfd3ae2507fc844d5b4e03657a,"{""distance"":5,""physical_error_rate"":5e-06}","{""detectors_checked"":10880}"
     14336,         0,         0,    1.13,decoder_by_matrix,fa5edda0c1038186c8afbec49b0215a0b852396cdb50783a3f937fdf51d2afac,"{""distance"":5,""physical_error_rate"":1e-05}","{""detection_events"":80,""detectors_checked"":2437120}"
         1,         0,         0,   0.100,decoder_by_matrix,0421d486f8a041838688df650e87c0a19c3450ab7a7cc8b3dc589ebff86d1c74,"{""distance"":5,""physical_error_rate"":0.0001}","{""detectors_checked"":170}"
      2048,         0,         0,   0.172,decoder_by_matrix,b84cf4b8ca220d31f17e1e2ea9ab927bbc4176b15682c650e7d1dd8f2758172b,"{""distance"":5,""physical_error_rate"":0.0005}","{""detection_events"":590,""detectors_checked"":348160}"
         1,         0,         0,   0.074,decoder_by_matrix,3c866087b289edc25e9adea730044a15db18cabfd3ae2507fc844d5b4e03657a,"{""distance"":5,""physical_error_rate"":5e-06}","{""detectors_checked"":170}"
         1,         0,         0,   0.084,decoder_by_matrix,066a5d8d46981b593c3dec855f441edbe9e755a8873183448f69d036a2ecc650,"{""distance"":5,""physical_error_rate"":0.001}","{""detectors_checked"":170}"
        64,         0,         0,   0.067,decoder_by_matrix,926aad2e192fb73fc0ac724cdb1e19af2dfa1e49635753b9cefb82507b443f08,"{""distance"":5,""physical_error_rate"":0.005}","{""detection_events"":260,""detectors_checked"":10880}"
      6144,         0,         0,   0.486,decoder_by_matrix,066a5d8d46981b593c3dec855f441edbe9e755a8873183448f69d036a2ecc650,"{""distance"":5,""physical_error_rate"":0.001}","{""detection_events"":3525,""detectors_checked"":1044480}"
       512,         0,         0,   0.066,decoder_by_matrix,3c866087b289edc25e9adea730044a15db18cabfd3ae2507fc844d5b4e03657a,"{""distance"":5,""physical_error_rate"":5e-06}","{""detectors_checked"":87040}"
         4,         0,         0,   0.076,decoder_by_matrix,0421d486f8a041838688df650e87c0a19c3450ab7a7cc8b3dc589ebff86d1c74,"{""distance"":5,""physical_error_rate"":0.0001}","{""detectors_checked"":680}"
         4,         0,         0,   0.050,decoder_by_matrix,066a5d8d46981b593c3dec855f441edbe9e755a8873183448f69d036a2ecc650,"{""distance"":5,""physical_error_rate"":0.001}","{""detectors_checked"":680}"
      2048,         3,         0,   0.211,decoder_by_matrix,90a4071835a8081462c190a19e797ba514a4700a252abbae3adc59eefd5a11d7,"{""distance"":5,""physical_error_rate"":0.01}","{""detection_events"":11825,""detectors_checked"":348160,""obs_mistake_mask=_EEE"":2,""obs_mistake_mask=_E_E"":1}"
      2048,         0,         0,   0.184,decoder_by_matrix,fa5edda0c1038186c8afbec49b0215a0b852396cdb50783a3f937fdf51d2afac,"{""distance"":5,""physical_error_rate"":1e-05}","{""detection_events"":20,""detectors_checked"":348160}"
       512,         0,         0,   0.063,decoder_by_matrix,926aad2e192fb73fc0ac724cdb1e19af2dfa1e49635753b9cefb82507b443f08,"{""distance"":5,""physical_error_rate"":0.005}","{""detection_events"":1640,""detectors_checked"":87040}"
         8,         0,         0,   0.082,decoder_by_matrix,3c866087b289edc25e9adea730044a15db18cabfd3ae2507fc844d5b4e03657a,"{""distance"":5,""physical_error_rate"":5e-06}","{""detectors_checked"":1360}"
      1024,         0,         0,   0.085,decoder_by_matrix,3c866087b289edc25e9adea730044a15db18cabfd3ae2507fc844d5b4e03657a,"{""distance"":5,""physical_error_rate"":5e-06}","{""detectors_checked"":174080}"
      5120,         0,         0,   0.448,decoder_by_matrix,9c6baee88fc81e7d1aa345fcb3feec7ee81f21c5d49cb6ca037118097d89e180,"{""distance"":5,""physical_error_rate"":5e-05}","{""detection_events"":175,""detectors_checked"":870400}"
        16,         0,         0,   0.081,decoder_by_matrix,0421d486f8a041838688df650e87c0a19c3450ab7a7cc8b3dc589ebff86d1c74,"{""distance"":5,""physical_error_rate"":0.0001}","{""detectors_checked"":2720}"
        32,         0,         0,   0.079,decoder_by_matrix,066a5d8d46981b593c3dec855f441edbe9e755a8873183448f69d036a2ecc650,"{""distance"":5,""physical_error_rate"":0.001}","{""detectors_checked"":5440}"
      1024,         0,         0,   0.069,decoder_by_matrix,926aad2e192fb73fc0ac724cdb1e19af2dfa1e49635753b9cefb82507b443f08,"{""distance"":5,""physical_error_rate"":0.005}","{""detection_events"":2735,""detectors_checked"":174080}"
     11264,         0,         0,    1.11,decoder_by_matrix,0421d486f8a041838688df650e87c0a19c3450ab7a7cc8b3dc589ebff86d1c74,"{""distance"":5,""physical_error_rate"":0.0001}","{""detection_events"":605,""detectors_checked"":1914880}"
      3072,         7,         0,   0.262,decoder_by_matrix,90a4071835a8081462c190a19e797ba514a4700a252abbae3adc59eefd5a11d7,"{""distance"":5,""physical_error_rate"":0.01}","{""detection_events"":16550,""detectors_checked"":522240,""obs_mistake_mask=E_E_"":2,""obs_mistake_mask=E___"":1,""obs_mistake_mask=_EEE"":1,""obs_mistake_mask=_E_E"":2,""obs_mistake_mask=___E"":1}"
      3072,         0,         0,   0.230,decoder_by_matrix,e41ade2e4684e0396b9a3890c882b6453b515d69885aa1d89a26ce21ec554895,"{""distance"":5,""physical_error_rate"":1e-06}","{""detection_events"":10,""detectors_checked"":522240}"
        32,         0,         0,   0.056,decoder_by_matrix,3c866087b289edc25e9adea730044a15db18cabfd3ae2507fc844d5b4e03657a,"{""distance"":5,""physical_error_rate"":5e-06}","{""detectors_checked"":5440}"
      7168,        15,         0,   0.627,decoder_by_matrix,90a4071835a8081462c190a19e797ba514a4700a252abbae3adc59eefd5a11d7,"{""distance"":5,""physical_error_rate"":0.01}","{""detection_events"":39420,""detectors_checked"":1218560,""obs_mistake_mask=EEE_"":1,""obs_mistake_mask=EE_E"":1,""obs_mistake_mask=EE__"":2,""obs_mistake_mask=E_E_"":2,""obs_mistake_mask=E___"":4,""obs_mistake_mask=_EEE"":1,""obs_mistake_mask=_EE_"":2,""obs_mistake_mask=_E__"":1,""obs_mistake_mask=__E_"":1}"
         1,         0,         0,   0.086,decoder_by_matrix,90a4071835a8081462c190a19e797ba514a4700a252abbae3adc59eefd5a11d7,"{""distance"":5,""physical_error_rate"":0.01}","{""detectors_checked"":170}"
        64,         0,         0,   0.060,decoder_by_matrix,0421d486f8a041838688df650e87c0a19c3450ab7a7cc8b3dc589ebff86d1c74,"{""distance"":5,""physical_error_rate"":0.0001}","{""detectors_checked"":10880}"
         1,         0,         0,   0.089,decoder_by_matrix,066a5d8d46981b593c3dec855f441edbe9e755a8873183448f69d036a2ecc650,"{""distance"":5,""physical_error_rate"":0.001}","{""detection_events"":5,""detectors_checked"":170}"
         1,         0,         0,   0.089,decoder_by_matrix,066a5d8d46981b593c3dec855f441edbe9e755a8873183448f69d036a2ecc650,"{""distance"":5,""physical_error_rate"":0.001}","{""detectors_checked"":170}"
      1024,         0,         0,   0.112,decoder_by_matrix,3c866087b289edc25e9adea730044a15db18cabfd3ae2507fc844d5b4e03657a,"{""distance"":5,""physical_error_rate"":5e-06}","{""detectors_checked"":174080}"
      2048,         0,         0,   0.159,decoder_by_matrix,fa5edda0c1038186c8afbec49b0215a0b852396cdb50783a3f937fdf51d2afac,"{""distance"":5,""physical_error_rate"":1e-05}","{""detectors_checked"":348160}"
       128,         0,         0,   0.086,decoder_by_matrix,066a5d8d46981b593c3dec855f441edbe9e755a8873183448f69d036a2ecc650,"{""distance"":5,""physical_error_rate"":0.001}","{""detection_events"":25,""detectors_checked"":21760}"
       256,         0,         0,   0.060,decoder_by_matrix,3c866087b289edc25e9adea730044a15db18cabfd3ae2507fc844d5b4e03657a,"{""distance"":5,""physical_error_rate"":5e-06}","{""detectors_checked"":43520}"
      1024,         1,         0,   0.083,decoder_by_matrix,926aad2e192fb73fc0ac724cdb1e19af2dfa1e49635753b9cefb82507b443f08,"{""distance"":5,""physical_error_rate"":0.005}","{""detection_events"":3230,""detectors_checked"":174080,""obs_mistake_mask=_EEE"":1}"
      3072,         1,         0,   0.354,decoder_by_matrix,926aad2e192fb73fc0ac724cdb1e19af2dfa1e49635753b9cefb82507b443f08,"{""distance"":5,""physical_error_rate"":0.005}","{""detection_events"":8945,""detectors_checked"":522240,""obs_mistake_mask=E___"":1}"
         1,         0,         0,   0.059,decoder_by_matrix,926aad2e192fb73fc0ac724cdb1e19af2dfa1e49635753b9cefb82507b443f08,"{""distance"":5,""physical_error_rate"":0.005}","{""detection_events"":5,""detectors_checked"":170}"
      3072,         0,         0,   0.279,decoder_by_matrix,b84cf4b8ca220d31f17e1e2ea9ab927bbc4176b15682c650e7d1dd8f2758172b,"{""distance"":5,""physical_error_rate"":0.0005}","{""detection_events"":840,""detectors_checked"":522240}"
         4,         0,         0,   0.062,decoder_by_matrix,90a4071835a8081462c190a19e797ba514a4700a252abbae3adc59eefd5a11d7,"{""distance"":5,""physical_error_rate"":0.01}","{""detection_events"":20,""detectors_checked"":680}"
       512,         0,         0,   0.082,decoder_by_matrix,0421d486f8a041838688df650e87c0a19c3450ab7a7cc8b3dc589ebff86d1c74,"{""distance"":5,""physical_error_rate"":0.0001}","{""detection_events"":15,""detectors_checked"":87040}"
         4,         0,         0,   0.089,decoder_by_matrix,066a5d8d46981b593c3dec855f441edbe9e755a8873183448f69d036a2ecc650,"{""distance"":5,""physical_error_rate"":0.001}","{""detectors_checked"":680}"
         4,         0,         0,   0.090,decoder_by_matrix,066a5d8d46981b593c3dec855f441edbe9e755a8873183448f69d036a2ecc650,"{""distance"":5,""physical_error_rate"":0.001}","{""detection_events"":5,""detectors_checked"":680}"
      1024,         0,         0,   0.069,decoder_by_matrix,3c866087b289edc25e9adea730044a15db18cabfd3ae2507fc844d5b4e03657a,"{""distance"":5,""physical_error_rate"":5e-06}","{""detectors_checked"":174080}"
      1024,         0,         0,   0.078,decoder_by_matrix,926aad2e192fb73fc0ac724cdb1e19af2dfa1e49635753b9cefb82507b443f08,"{""distance"":5,""physical_error_rate"":0.005}","{""detection_events"":3000,""detectors_checked"":174080}"
      5120,         0,         0,   0.497,decoder_by_matrix,b84cf4b8ca220d31f17e1e2ea9ab927bbc4176b15682c650e7d1dd8f2758172b,"{""distance"":5,""physical_error_rate"":0.0005}","{""detection_events"":1595,""detectors_checked"":870400}"
        32,         0,         0,   0.058,decoder_by_matrix,90a4071835a8081462c190a19e797ba514a4700a252abbae3adc59eefd5a11d7,"{""distance"":5,""physical_error_rate"":0.01}","{""detection_events"":130,""detectors_checked"":5440}"
       512,         0,         0,   0.121,decoder_by_matrix,066a5d8d46981b593c3dec855f441edbe9e755a8873183448f69d036a2ecc650,"{""distance"":5,""physical_error_rate"":0.001}","{""detection_events"":500,""detectors_checked"":87040}"
         8,         0,         0,   0.074,decoder_by_matrix,926aad2e192fb73fc0ac724cdb1e19af2dfa1e49635753b9cefb82507b443f08,"{""distance"":5,""physical_error_rate"":0.005}","{""detection_events"":30,""detectors_checked"":1360}"
      1024,         0,         0,   0.054,decoder_by_matrix,3c866087b289edc25e9adea730044a15db18cabfd3ae2507fc844d5b4e03657a,"{""distance"":5,""physical_error_rate"":5e-06}","{""detectors_checked"":174080}"
      1024,         0,         0,   0.081,decoder_by_matrix,0421d486f8a041838688df650e87c0a19c3450ab7a7cc8b3dc589ebff86d1c74,"{""distance"":5,""physical_error_rate"":0.0001}","{""detection_events"":45,""detectors_checked"":174080}"
        16,         0,         0,   0.088,decoder_by_matrix,066a5d8d46981b593c3dec855f441edbe9e755a8873183448f69d036a2ecc650,"{""distance"":5,""physical_error_rate"":0.001}","{""detection_events"":10,""detectors_checked"":2720}"
        16,         0,         0,   0.080,decoder_by_matrix,066a5d8d46981b593c3dec855f441edbe9e755a8873183448f69d036a2ecc650,"{""distance"":5,""physical_error_rate"":0.001}","{""detectors_checked"":2720}"
     11264,         0,         0,   0.868,decoder_by_matrix,fa5edda0c1038186c8afbec49b0215a0b852396cdb50783a3f937fdf51d2afac,"{""distance"":5,""physical_error_rate"":1e-05}","{""detection_events"":105,""detectors_checked"":1914880}"
        64,         0,         0,   0.056,decoder_by_matrix,926aad2e192fb73fc0ac724cdb1e19af2dfa1e49635753b9cefb82507b443f08,"{""distance"":5,""physical_error_rate"":0.005}","{""detection_events"":225,""detectors_checked"":10880}"
       256,         2,         0,   0.073,decoder_by_matrix,90a4071835a8081462c190a19e797ba514a4700a252abbae3adc59eefd5a11d7,"{""distance"":5,""physical_error_rate"":0.01}","{""detection_events"":1695,""detectors_checked"":43520,""obs_mistake_mask=E__E"":1,""obs_mistake_mask=_EEE"":1}"
      2048,         0,         0,   0.200,decoder_by_matrix,3c866087b289edc25e9adea730044a15db18cabfd3ae2507fc844d5b4e03657a,"{""distance"":5,""physical_error_rate"":5e-06}","{""detectors_checked"":348160}"
      3072,         0,         0,   0.221,decoder_by_matrix,fa5edda0c1038186c8afbec49b0215a0b852396cdb50783a3f937fdf51d2afac,"{""distance"":5,""physical_error_rate"":1e-05}","{""detection_events"":15,""detectors_checked"":522240}"
      1024,         0,         0,   0.090,decoder_by_matrix,066a5d8d46981b593c3dec855f441edbe9e755a8873183448f69d036a2ecc650,"{""distance"":5,""physical_error_rate"":0.001}","{""detection_events"":475,""detectors_checked"":174080}"
      4096,         9,         0,   0.407,decoder_by_matrix,90a4071835a8081462c190a19e797ba514a4700a252abbae3adc59eefd5a11d7,"{""distance"":5,""physical_error_rate"":0.01}","{""detection_events"":22855,""detectors_checked"":696320,""obs_mistake_mask=E_E_"":1,""obs_mistake_mask=E___"":1,""obs_mistake_mask=_EEE"":1,""obs_mistake_mask=_EE_"":1,""obs_mistake_mask=_E__"":3,""obs_mistake_mask=__E_"":1,""obs_mistake_mask=___E"":1}"
         1,         0,         0,   0.077,decoder_by_matrix,3c866087b289edc25e9adea730044a15db18cabfd3ae2507fc844d5b4e03657a,"{""distance"":5,""physical_error_rate"":5e-06}","{""detectors_checked"":170}"
      1024,         0,         0,   0.079,decoder_by_matrix,0421d486f8a041838688df650e87c0a19c3450ab7a7cc8b3dc589ebff86d1c74,"{""distance"":5,""physical_error_rate"":0.0001}","{""detection_events"":60,""detectors_checked"":174080}"
      6144,         0,         0,   0.581,decoder_by_matrix,3c866087b289edc25e9adea730044a15db18cabfd3ae2507fc844d5b4e03657a,"{""distance"":5,""physical_error_rate"":5e-06}","{""detection_events"":35,""detectors_checked"":1044480}"
      2048,         0,         0,   0.166,decoder_by_matrix,926aad2e192fb73fc0ac724cdb1e19af2dfa1e49635753b9cefb82507b443f08,"{""distance"":5,""physical_error_rate"":0.005}","{""detection_events"":5240,""detectors_checked"":348160}"
      8192,         0,         0,   0.799,decoder_by_matrix,9c6baee88fc81e7d1aa345fcb3feec7ee81f21c5d49cb6ca037118097d89e180,"{""distance"":5,""physical_error_rate"":5e-05}","{""detection_events"":85,""detectors_checked"":1392640}"
        64,         0,         0,   0.085,decoder_by_matrix,066a5d8d46981b593c3dec855f441edbe9e755a8873183448f69d036a2ecc650,"{""distance"":5,""physical_error_rate"":0.001}","{""detection_events"":40,""detectors_checked"":10880}"
        64,         0,         0,   0.080,decoder_by_matrix,066a5d8d46981b593c3dec855f441edbe9e755a8873183448f69d036a2ecc650,"{""distance"":5,""physical_error_rate"":0.001}","{""detection_events"":10,""detectors_checked"":10880}"
       512,         0,         0,   0.086,decoder_by_matrix,926aad2e192fb73fc0ac724cdb1e19af2dfa1e49635753b9cefb82507b443f08,"{""distance"":5,""physical_error_rate"":0.005}","{""detection_events"":1305,""detectors_checked"":87040}"
      4096,         6,         0,   0.349,decoder_by_matrix,90a4071835a8081462c190a19e797ba514a4700a252abbae3adc59eefd5a11d7,"{""distance"":5,""physical_error_rate"":0.01}","{""detection_events"":22365,""detectors_checked"":696320,""obs_mistake_mask=EEE_"":1,""obs_mistake_mask=EE_E"":1,""obs_mistake_mask=E___"":1,""obs_mistake_mask=_E_E"":1,""obs_mistake_mask=__E_"":2}"
      1024,         1,         0,   0.088,decoder_by_matrix,90a4071835a8081462c190a19e797ba514a4700a252abbae3adc59eefd5a11d7,"{""distance"":5,""physical_error_rate"":0.01}","{""detection_events"":5160,""detectors_checked"":174080,""obs_mistake_mask=_EE_"":1}"
      4096,         0,         0,   0.329,decoder_by_matrix,e41ade2e4684e0396b9a3890c882b6453b515d69885aa1d89a26ce21ec554895,"{""distance"":5,""physical_error_rate"":1e-06}","{""detectors_checked"":696320}"
      2048,         0,         0,   0.132,decoder_by_matrix,3c866087b289edc25e9adea730044a15db18cabfd3ae2507fc844d5b4e03657a,"{""distance"":5,""physical_error_rate"":5e-06}","{""detectors_checked"":348160}"
         4,         0,         0,   0.086,decoder_by_matrix,3c866087b289edc25e9adea730044a15db18cabfd3ae2507fc844d5b4e03657a,"{""distance"":5,""physical_error_rate"":5e-06}","{""detectors_checked"":680}"
      1024,         0,         0,   0.114,decoder_by_matrix,066a5d8d46981b593c3dec855f441edbe9e755a8873183448f69d036a2ecc650,"{""distance"":5,""physical_error_rate"":0.001}","{""detection_events"":680,""detectors_checked"":174080}"
      3072,         0,         0,   0.304,decoder_by_matrix,b84cf4b8ca220d31f17e1e2ea9ab927bbc4176b15682c650e7d1dd8f2758172b,"{""distance"":5,""physical_error_rate"":0.0005}","{""detection_events"":860,""detectors_checked"":522240}"
      1024,         1,         0,   0.077,decoder_by_matrix,90a4071835a8081462c190a19e797ba514a4700a252abbae3adc59eefd5a11d7,"{""distance"":5,""physical_error_rate"":0.01}","{""detection_events"":5840,""detectors_checked"":174080,""obs_mistake_mask=__E_"":1}"
       256,         0,         0,   0.083,decoder_by_matrix,066a5d8d46981b593c3dec855f441edbe9e755a8873183448f69d036a2ecc650,"{""distance"":5,""physical_error_rate"":0.001}","{""detection_events"":70,""detectors_checked"":43520}"
      1024,         0,         0,   0.095,decoder_by_matrix,926aad2e192fb73fc0ac724cdb1e19af2dfa1e49635753b9cefb82507b443f08,"{""distance"":5,""physical_error_rate"":0.005}","{""detection_events"":2895,""detectors_checked"":174080}"
      8192,         0,         0,   0.626,decoder_by_matrix,066a5d8d46981b593c3dec855f441edbe9e755a8873183448f69d036a2ecc650,"{""distance"":5,""physical_error_rate"":0.001}","{""detection_events"":4620,""detectors_checked"":1392640}"
      2048,         0,         0,   0.161,decoder_by_matrix,0421d486f8a041838688df650e87c0a19c3450ab7a7cc8b3dc589ebff86d1c74,"{""distance"":5,""physical_error_rate"":0.0001}","{""detection_events"":70,""detectors_checked"":348160}"
      1024,         0,         0,   0.084,decoder_by_matrix,3c866087b289edc25e9adea730044a15db18cabfd3ae2507fc844d5b4e03657a,"{""distance"":5,""physical_error_rate"":5e-06}","{""detectors_checked"":174080}"
       256,         0,         0,   0.111,decoder_by_matrix,066a5d8d46981b593c3dec855f441edbe9e755a8873183448f69d036a2ecc650,"{""distance"":5,""physical_error_rate"":0.001}","{""detection_events"":85,""detectors_checked"":43520}"
        16,         0,         0,   0.087,decoder_by_matrix,3c866087b289edc25e9adea730044a15db18cabfd3ae2507fc844d5b4e03657a,"{""distance"":5,""physical_error_rate"":5e-06}","{""detectors_checked"":2720}"
      2048,         0,         0,   0.205,decoder_by_matrix,3c866087b289edc25e9adea730044a15db18cabfd3ae2507fc844d5b4e03657a,"{""distance"":5,""physical_error_rate"":5e-06}","{""detection_events"":5,""detectors_checked"":348160}"
      2048,         0,         0,   0.171,decoder_by_matrix,926aad2e192fb73fc0ac724cdb1e19af2dfa1e49635753b9cefb82507b443f08,"{""distance"":5,""physical_error_rate"":0.005}","{""detection_events"":5620,""detectors_checked"":348160}"
      5120,         2,         0,   0.421,decoder_by_matrix,926aad2e192fb73fc0ac724cdb1e19af2dfa1e49635753b9cefb82507b443f08,"{""distance"":5,""physical_error_rate"":0.005}","{""detection_events"":14355,""detectors_checked"":870400,""obs_mistake_mask=_EEE"":1,""obs_mistake_mask=__EE"":1}"
      1024,         0,         0,   0.083,decoder_by_matrix,066a5d8d46981b593c3dec855f441edbe9e755a8873183448f69d036a2ecc650,"{""distance"":5,""physical_error_rate"":0.001}","{""detection_events"":510,""detectors_checked"":174080}"
      1024,         0,         0,   0.084,decoder_by_matrix,926aad2e192fb73fc0ac724cdb1e19af2dfa1e49635753b9cefb82507b443f08,"{""distance"":5,""physical_error_rate"":0.005}","{""detection_events"":2800,""detectors_checked"":174080}"
      1024,         1,         0,   0.106,decoder_by_matrix,90a4071835a8081462c190a19e797ba514a4700a252abbae3adc59eefd5a11d7,"{""distance"":5,""physical_error_rate"":0.01}","{""detection_events"":5325,""detectors_checked"":174080,""obs_mistake_mask=EE__"":1}"
      3072,         0,         0,   0.304,decoder_by_matrix,fa5edda0c1038186c8afbec49b0215a0b852396cdb50783a3f937fdf51d2afac,"{""distance"":5,""physical_error_rate"":1e-05}","{""detection_events"":10,""detectors_checked"":522240}"
      1024,         0,         0,   0.107,decoder_by_matrix,066a5d8d46981b593c3dec855f441edbe9e755a8873183448f69d036a2ecc650,"{""distance"":5,""physical_error_rate"":0.001}","{""detection_events"":400,""detectors_checked"":174080}"
      2048,         0,         0,   0.200,decoder_by_matrix,066a5d8d46981b593c3dec855f441edbe9e755a8873183448f69d036a2ecc650,"{""distance"":5,""physical_error_rate"":0.001}","{""detection_events"":1290,""detectors_checked"":348160}"
      7168,         0,         0,   0.649,decoder_by_matrix,9c6baee88fc81e7d1aa345fcb3feec7ee81f21c5d49cb6ca037118097d89e180,"{""distance"":5,""physical_error_rate"":5e-05}","{""detection_events"":70,""detectors_checked"":1218560}"
      9216,         0,         0,   0.837,decoder_by_matrix,066a5d8d46981b593c3dec855f441edbe9e755a8873183448f69d036a2ecc650,"{""distance"":5,""physical_error_rate"":0.001}","{""detection_events"":4870,""detectors_checked"":1566720}"
         1,         0,         0,   0.093,decoder_by_matrix,e41ade2e4684e0396b9a3890c882b6453b515d69885aa1d89a26ce21ec554895,"{""distance"":5,""physical_error_rate"":1e-06}","{""detectors_checked"":170}"
        64,         0,         0,   0.088,decoder_by_matrix,3c866087b289edc25e9adea730044a15db18cabfd3ae2507fc844d5b4e03657a,"{""distance"":5,""physical_error_rate"":5e-06}","{""detectors_checked"":10880}"
      2048,         0,         0,   0.166,decoder_by_matrix,0421d486f8a041838688df650e87c0a19c3450ab7a7cc8b3dc589ebff86d1c74,"{""distance"":5,""physical_error_rate"":0.0001}","{""detection_events"":155,""detectors_checked"":348160}"
      1024,         0,         0,   0.072,decoder_by_matrix,066a5d8d46981b593c3dec855f441edbe9e755a8873183448f69d036a2ecc650,"{""distance"":5,""physical_error_rate"":0.001}","{""detection_events"":325,""detectors_checked"":174080}"
      2048,         0,         0,   0.189,decoder_by_matrix,3c866087b289edc25e9adea730044a15db18cabfd3ae2507fc844d5b4e03657a,"{""distance"":5,""physical_error_rate"":5e-06}","{""detectors_checked"":348160}"
      1024,         0,         0,   0.112,decoder_by_matrix,926aad2e192fb73fc0ac724cdb1e19af2dfa1e49635753b9cefb82507b443f08,"{""distance"":5,""physical_error_rate"":0.005}","{""detection_events"":2695,""detectors_checked"":174080}"
      1024,         1,         0,   0.115,decoder_by_matrix,90a4071835a8081462c190a19e797ba514a4700a252abbae3adc59eefd5a11d7,"{""distance"":5,""physical_error_rate"":0.01}","{""detection_events"":5460,""detectors_checked"":174080,""obs_mistake_mask=E___"":1}"
         4,         0,         0,   0.053,decoder_by_matrix,e41ade2e4684e0396b9a3890c882b6453b515d69885aa1d89a26ce21ec554895,"{""distance"":5,""physical_error_rate"":1e-06}","{""detectors_checked"":680}"
         1,         0,         0,   0.076,decoder_by_matrix,fa5edda0c1038186c8afbec49b0215a0b852396cdb50783a3f937fdf51d2afac,"{""distance"":5,""physical_error_rate"":1e-05}","{""detectors_checked"":170}"
      1024,         0,         0,   0.099,decoder_by_matrix,066a5d8d46981b593c3dec855f441edbe9e755a8873183448f69d036a2ecc650,"{""distance"":5,""physical_error_rate"":0.001}","{""detection_events"":655,""detectors_checked"":174080}"
       256,         0,         0,   0.073,decoder_by_matrix,3c866087b289edc25e9adea730044a15db18cabfd3ae2507fc844d5b4e03657a,"{""distance"":5,""physical_error_rate"":5e-06}","{""detectors_checked"":43520}"
      2048,         0,         0,   0.186,decoder_by_matrix,3c866087b289edc25e9adea730044a15db18cabfd3ae2507fc844d5b4e03657a,"{""distance"":5,""physical_error_rate"":5e-06}","{""detection_events"":10,""detectors_checked"":348160}"
      4096,         9,         0,   0.442,decoder_by_matrix,90a4071835a8081462c190a19e797ba514a4700a252abbae3adc59eefd5a11d7,"{""distance"":5,""physical_error_rate"":0.01}","{""detection_events"":22135,""detectors_checked"":696320,""obs_mistake_mask=EE_E"":1,""obs_mistake_mask=EE__"":3,""obs_mistake_mask=E___"":3,""obs_mistake_mask=_E__"":1,""obs_mistake_mask=__E_"":1}"
         1,         0,         0,   0.058,decoder_by_matrix,e41ade2e4684e0396b9a3890c882b6453b515d69885aa1d89a26ce21ec554895,"{""distance"":5,""physical_error_rate"":1e-06}","{""detectors_checked"":170}"
      5120,         0,         0,   0.574,decoder_by_matrix,b84cf4b8ca220d31f17e1e2ea9ab927bbc4176b15682c650e7d1dd8f2758172b,"{""distance"":5,""physical_error_rate"":0.0005}","{""detection_events"":1625,""detectors_checked"":870400}"
         1,         0,         0,   0.069,decoder_by_matrix,0421d486f8a041838688df650e87c0a19c3450ab7a7cc8b3dc589ebff86d1c74,"{""distance"":5,""physical_error_rate"":0.0001}","{""detectors_checked"":170}"
      5120,         0,         0,   0.364,decoder_by_matrix,e41ade2e4684e0396b9a3890c882b6453b515d69885aa1d89a26ce21ec554895,"{""distance"":5,""physical_error_rate"":1e-06}","{""detection_events"":5,""detectors_checked"":870400}"
        32,         0,         0,   0.085,decoder_by_matrix,e41ade2e4684e0396b9a3890c882b6453b515d69885aa1d89a26ce21ec554895,"{""distance"":5,""physical_error_rate"":1e-06}","{""detectors_checked"":5440}"
         4,         0,         0,   0.086,decoder_by_matrix,fa5edda0c1038186c8afbec49b0215a0b852396cdb50783a3f937fdf51d2afac,"{""distance"":5,""physical_error_rate"":1e-05}","{""detectors_checked"":680}"
      3072,         1,         0,   0.271,decoder_by_matrix,926aad2e192fb73fc0ac724cdb1e19af2dfa1e49635753b9cefb82507b443f08,"{""distance"":5,""physical_error_rate"":0.005}","{""detection_events"":8790,""detectors_checked"":522240,""obs_mistake_mask=E_EE"":1}"
      2048,         0,         0,   0.156,decoder_by_matrix,066a5d8d46981b593c3dec855f441edbe9e755a8873183448f69d036a2ecc650,"{""distance"":5,""physical_error_rate"":0.001}","{""detection_events"":975,""detectors_checked"":348160}"
      1024,         1,         0,   0.115,decoder_by_matrix,926aad2e192fb73fc0ac724cdb1e19af2dfa1e49635753b9cefb82507b443f08,"{""distance"":5,""physical_error_rate"":0.005}","{""detection_events"":2295,""detectors_checked"":174080,""obs_mistake_mask=_E__"":1}"
         8,         0,         0,   0.053,decoder_by_matrix,e41ade2e4684e0396b9a3890c882b6453b515d69885aa1d89a26ce21ec554895,"{""distance"":5,""physical_error_rate"":1e-06}","{""detectors_checked"":1360}"
      1024,         0,         0,   0.111,decoder_by_matrix,066a5d8d46981b593c3dec855f441edbe9e755a8873183448f69d036a2ecc650,"{""distance"":5,""physical_error_rate"":0.001}","{""detection_events"":910,""detectors_checked"":174080}"
      5120,         9,         0,   0.463,decoder_by_matrix,90a4071835a8081462c190a19e797ba514a4700a252abbae3adc59eefd5a11d7,"{""distance"":5,""physical_error_rate"":0.01}","{""detection_events"":27175,""detectors_checked"":870400,""obs_mistake_mask=EEE_"":2,""obs_mistake_mask=EE__"":1,""obs_mistake_mask=E_EE"":1,""obs_mistake_mask=E_E_"":1,""obs_mistake_mask=E___"":1,""obs_mistake_mask=_EEE"":1,""obs_mistake_mask=_EE_"":1,""obs_mistake_mask=_E_E"":1}"
      1024,         0,         0,   0.105,decoder_by_matrix,3c866087b289edc25e9adea730044a15db18cabfd3ae2507fc844d5b4e03657a,"{""distance"":5,""physical_error_rate"":5e-06}","{""detection_events"":5,""detectors_checked"":174080}"
      2048,         0,         0,   0.225,decoder_by_matrix,066a5d8d46981b593c3dec855f441edbe9e755a8873183448f69d036a2ecc650,"{""distance"":5,""physical_error_rate"":0.001}","{""detection_events"":1285,""detectors_checked"":348160}"
         8,         0,         0,   0.077,decoder_by_matrix,0421d486f8a041838688df650e87c0a19c3450ab7a7cc8b3dc589ebff86d1c74,"{""distance"":5,""physical_error_rate"":0.0001}","{""detectors_checked"":1360}"
      2048,         0,         0,   0.226,decoder_by_matrix,0421d486f8a041838688df650e87c0a19c3450ab7a7cc8b3dc589ebff86d1c74,"{""distance"":5,""physical_error_rate"":0.0001}","{""detection_events"":80,""detectors_checked"":348160}"
        64,         0,         0,   0.048,decoder_by_matrix,e41ade2e4684e0396b9a3890c882b6453b515d69885aa1d89a26ce21ec554895,"{""distance"":5,""physical_error_rate"":1e-06}","{""detectors_checked"":10880}"
       128,         0,         0,   0.085,decoder_by_matrix,e41ade2e4684e0396b9a3890c882b6453b515d69885aa1d89a26ce21ec554895,"{""distance"":5,""physical_error_rate"":1e-06}","{""detectors_checked"":21760}"
      7168,        16,         0,   0.850,decoder_by_matrix,90a4071835a8081462c190a19e797ba514a4700a252abbae3adc59eefd5a11d7,"{""distance"":5,""physical_error_rate"":0.01}","{""detection_events"":39970,""detectors_checked"":1218560,""obs_mistake_mask=EE__"":1,""obs_mistake_mask=E_EE"":2,""obs_mistake_mask=E_E_"":1,""obs_mistake_mask=E___"":1,""obs_mistake_mask=_EEE"":4,""obs_mistake_mask=_E_E"":1,""obs_mistake_mask=_E__"":2,""obs_mistake_mask=__EE"":2,""obs_mistake_mask=__E_"":2}"
        16,         0,         0,   0.081,decoder_by_matrix,fa5edda0c1038186c8afbec49b0215a0b852396cdb50783a3f937fdf51d2afac,"{""distance"":5,""physical_error_rate"":1e-05}","{""detectors_checked"":2720}"
      4096,         0,         0,   0.452,decoder_by_matrix,b84cf4b8ca220d31f17e1e2ea9ab927bbc4176b15682c650e7d1dd8f2758172b,"{""distance"":5,""physical_error_rate"":0.0005}","{""detection_events"":1295,""detectors_checked"":696320}"
      3072,         0,         0,   0.238,decoder_by_matrix,3c866087b289edc25e9adea730044a15db18cabfd3ae2507fc844d5b4e03657a,"{""distance"":5,""physical_error_rate"":5e-06}","{""detectors_checked"":522240}"
      1024,         0,         0,   0.095,decoder_by_matrix,3c866087b289edc25e9adea730044a15db18cabfd3ae2507fc844d5b4e03657a,"{""distance"":5,""physical_error_rate"":5e-06}","{""detectors_checked"":174080}"
      2048,         3,         0,   0.232,decoder_by_matrix,90a4071835a8081462c190a19e797ba514a4700a252abbae3adc59eefd5a11d7,"{""distance"":5,""physical_error_rate"":0.01}","{""detection_events"":11045,""detectors_checked"":348160,""obs_mistake_mask=EE__"":1,""obs_mistake_mask=_E__"":2}"
        32,         0,         0,   0.082,decoder_by_matrix,0421d486f8a041838688df650e87c0a19c3450ab7a7cc8b3dc589ebff86d1c74,"{""distance"":5,""physical_error_rate"":0.0001}","{""detectors_checked"":5440}"
        64,         0,         0,   0.060,decoder_by_matrix,fa5edda0c1038186c8afbec49b0215a0b852396cdb50783a3f937fdf51d2afac,"{""distance"":5,""physical_error_rate"":1e-05}","{""detectors_checked"":10880}"
       512,         0,         0,   0.069,decoder_by_matrix,e41ade2e4684e0396b9a3890c882b6453b515d69885aa1d89a26ce21ec554895,"{""distance"":5,""physical_error_rate"":1e-06}","{""detectors_checked"":87040}"
       512,         0,         0,   0.081,decoder_by_matrix,e41ade2e4684e0396b9a3890c882b6453b515d69885aa1d89a26ce21ec554895,"{""distance"":5,""physical_error_rate"":1e-06}","{""detectors_checked"":87040}"
       128,         0,         0,   0.072,decoder_by_matrix,0421d486f8a041838688df650e87c0a19c3450ab7a7cc8b3dc589ebff86d1c74,"{""distance"":5,""physical_error_rate"":0.0001}","{""detectors_checked"":21760}"
      1024,         0,         0,   0.052,decoder_by_matrix,e41ade2e4684e0396b9a3890c882b6453b515d69885aa1d89a26ce21ec554895,"{""distance"":5,""physical_error_rate"":1e-06}","{""detectors_checked"":174080}"
      3072,         0,         0,   0.207,decoder_by_matrix,066a5d8d46981b593c3dec855f441edbe9e755a8873183448f69d036a2ecc650,"{""distance"":5,""physical_error_rate"":0.001}","{""detection_events"":1850,""detectors_checked"":522240}"
      2048,         0,         0,   0.210,decoder_by_matrix,926aad2e192fb73fc0ac724cdb1e19af2dfa1e49635753b9cefb82507b443f08,"{""distance"":5,""physical_error_rate"":0.005}","{""detection_events"":4790,""detectors_checked"":348160}"
      3072,         0,         0,   0.297,decoder_by_matrix,3c866087b289edc25e9adea730044a15db18cabfd3ae2507fc844d5b4e03657a,"{""distance"":5,""physical_error_rate"":5e-06}","{""detectors_checked"":522240}"
       512,         0,         0,   0.082,decoder_by_matrix,fa5edda0c1038186c8afbec49b0215a0b852396cdb50783a3f937fdf51d2afac,"{""distance"":5,""physical_error_rate"":1e-05}","{""detectors_checked"":87040}"
      1024,         0,         0,   0.084,decoder_by_matrix,e41ade2e4684e0396b9a3890c882b6453b515d69885aa1d89a26ce21ec554895,"{""distance"":5,""physical_error_rate"":1e-06}","{""detectors_checked"":174080}"
      2048,         0,         0,   0.210,decoder_by_matrix,066a5d8d46981b593c3dec855f441edbe9e755a8873183448f69d036a2ecc650,"{""distance"":5,""physical_error_rate"":0.001}","{""detection_events"":1070,""detectors_checked"":348160}"
      2048,         0,         0,   0.241,decoder_by_matrix,066a5d8d46981b593c3dec855f441edbe9e755a8873183448f69d036a2ecc650,"{""distance"":5,""physical_error_rate"":0.001}","{""detection_events"":890,""detectors_checked"":348160}"
      5120,         0,         0,   0.488,decoder_by_matrix,fa5edda0c1038186c8afbec49b0215a0b852396cdb50783a3f937fdf51d2afac,"{""distance"":5,""physical_error_rate"":1e-05}","{""detection_events"":35,""detectors_checked"":870400}"
      3072,         1,         0,   0.283,decoder_by_matrix,926aad2e192fb73fc0ac724cdb1e19af2dfa1e49635753b9cefb82507b443f08,"{""distance"":5,""physical_error_rate"":0.005}","{""detection_events"":9140,""detectors_checked"":522240,""obs_mistake_mask=E___"":1}"
      2048,         0,         0,   0.160,decoder_by_matrix,3c866087b289edc25e9adea730044a15db18cabfd3ae2507fc844d5b4e03657a,"{""distance"":5,""physical_error_rate"":5e-06}","{""detectors_checked"":348160}"
      1024,         0,         0,   0.076,decoder_by_matrix,0421d486f8a041838688df650e87c0a19c3450ab7a7cc8b3dc589ebff86d1c74,"{""distance"":5,""physical_error_rate"":0.0001}","{""detectors_checked"":174080}"
      6144,         1,         0,   0.558,decoder_by_matrix,926aad2e192fb73fc0ac724cdb1e19af2dfa1e49635753b9cefb82507b443f08,"{""distance"":5,""physical_error_rate"":0.005}","{""detection_events"":17545,""detectors_checked"":1044480,""obs_mistake_mask=E___"":1}"
         1,         0,         0,   0.092,decoder_by_matrix,0421d486f8a041838688df650e87c0a19c3450ab7a7cc8b3dc589ebff86d1c74,"{""distance"":5,""physical_error_rate"":0.0001}","{""detectors_checked"":170}"
      2048,         0,         0,   0.101,decoder_by_matrix,e41ade2e4684e0396b9a3890c882b6453b515d69885aa1d89a26ce21ec554895,"{""distance"":5,""physical_error_rate"":1e-06}","{""detectors_checked"":348160}"
      1024,         0,         0,   0.082,decoder_by_matrix,fa5edda0c1038186c8afbec49b0215a0b852396cdb50783a3f937fdf51d2afac,"{""distance"":5,""physical_error_rate"":1e-05}","{""detection_events"":20,""detectors_checked"":174080}"
      8192,         0,         0,   0.837,decoder_by_matrix,3c866087b289edc25e9adea730044a15db18cabfd3ae2507fc844d5b4e03657a,"{""distance"":5,""physical_error_rate"":5e-06}","{""detection_events"":10,""detectors_checked"":1392640}"
         1,         0,         0,   0.094,decoder_by_matrix,b84cf4b8ca220d31f17e1e2ea9ab927bbc4176b15682c650e7d1dd8f2758172b,"{""distance"":5,""physical_error_rate"":0.0005}","{""detectors_checked"":170}"
      2048,         3,         0,   0.215,decoder_by_matrix,90a4071835a8081462c190a19e797ba514a4700a252abbae3adc59eefd5a11d7,"{""distance"":5,""physical_error_rate"":0.01}","{""detection_events"":11115,""detectors_checked"":348160,""obs_mistake_mask=E_EE"":1,""obs_mistake_mask=_E_E"":1,""obs_mistake_mask=__E_"":1}"
         4,         0,         0,   0.052,decoder_by_matrix,0421d486f8a041838688df650e87c0a19c3450ab7a7cc8b3dc589ebff86d1c74,"{""distance"":5,""physical_error_rate"":0.0001}","{""detectors_checked"":680}"
      1024,         0,         0,   0.083,decoder_by_matrix,0421d486f8a041838688df650e87c0a19c3450ab7a7cc8b3dc589ebff86d1c74,"{""distance"":5,""physical_error_rate"":0.0001}","{""detection_events"":65,""detectors_checked"":174080}"
      3072,         0,         0,   0.312,decoder_by_matrix,0421d486f8a041838688df650e87c0a19c3450ab7a7cc8b3dc589ebff86d1c74,"{""distance"":5,""physical_error_rate"":0.0001}","{""detection_events"":310,""detectors_checked"":522240}"
      2048,         0,         0,   0.162,decoder_by_matrix,e41ade2e4684e0396b9a3890c882b6453b515d69885aa1d89a26ce21ec554895,"{""distance"":5,""physical_error_rate"":1e-06}","{""detectors_checked"":348160}"
      1024,         0,         0,   0.082,decoder_by_matrix,fa5edda0c1038186c8afbec49b0215a0b852396cdb50783a3f937fdf51d2afac,"{""distance"":5,""physical_error_rate"":1e-05}","{""detectors_checked"":174080}"
      2048,         0,         0,   0.113,decoder_by_matrix,e41ade2e4684e0396b9a3890c882b6453b515d69885aa1d89a26ce21ec554895,"{""distance"":5,""physical_error_rate"":1e-06}","{""detectors_checked"":348160}"
         4,         0,         0,   0.063,decoder_by_matrix,b84cf4b8ca220d31f17e1e2ea9ab927bbc4176b15682c650e7d1dd8f2758172b,"{""distance"":5,""physical_error_rate"":0.0005}","{""detectors_checked"":680}"
      2048,         1,         0,   0.228,decoder_by_matrix,926aad2e192fb73fc0ac724cdb1e19af2dfa1e49635753b9cefb82507b443f08,"{""distance"":5,""physical_error_rate"":0.005}","{""detection_events"":5575,""detectors_checked"":348160,""obs_mistake_mask=___E"":1}"
      4096,         0,         0,   0.344,decoder_by_matrix,3c866087b289edc25e9adea730044a15db18cabfd3ae2507fc844d5b4e03657a,"{""distance"":5,""physical_error_rate"":5e-06}","{""detection_events"":25,""detectors_checked"":696320}"
        32,         0,         0,   0.080,decoder_by_matrix,0421d486f8a041838688df650e87c0a19c3450ab7a7cc8b3dc589ebff86d1c74,"{""distance"":5,""physical_error_rate"":0.0001}","{""detectors_checked"":5440}"
      1024,         0,         0,   0.085,decoder_by_matrix,0421d486f8a041838688df650e87c0a19c3450ab7a7cc8b3dc589ebff86d1c74,"{""distance"":5,""physical_error_rate"":0.0001}","{""detection_events"":70,""detectors_checked"":174080}"
      2048,         0,         0,   0.174,decoder_by_matrix,3c866087b289edc25e9adea730044a15db18cabfd3ae2507fc844d5b4e03657a,"{""distance"":5,""physical_error_rate"":5e-06}","{""detectors_checked"":348160}"
     10240,         0,         0,   0.817,decoder_by_matrix,066a5d8d46981b593c3dec855f441edbe9e755a8873183448f69d036a2ecc650,"{""distance"":5,""physical_error_rate"":0.001}","{""detection_events"":5390,""detectors_checked"":1740800}"
      3072,         0,         0,   0.270,decoder_by_matrix,066a5d8d46981b593c3dec855f441edbe9e755a8873183448f69d036a2ecc650,"{""distance"":5,""physical_error_rate"":0.001}","{""detection_events"":1845,""detectors_checked"":522240}"
      2048,         0,         0,   0.228,decoder_by_matrix,066a5d8d46981b593c3dec855f441edbe9e755a8873183448f69d036a2ecc650,"{""distance"":5,""physical_error_rate"":0.001}","{""detection_events"":1010,""detectors_checked"":348160}"
        32,         0,         0,   0.066,decoder_by_matrix,b84cf4b8ca220d31f17e1e2ea9ab927bbc4176b15682c650e7d1dd8f2758172b,"{""distance"":5,""physical_error_rate"":0.0005}","{""detection_events"":5,""detectors_checked"":5440}"
      5120,         9,         0,   0.562,decoder_by_matrix,90a4071835a8081462c190a19e797ba514a4700a252abbae3adc59eefd5a11d7,"{""distance"":5,""physical_error_rate"":0.01}","{""detection_events"":26815,""detectors_checked"":870400,""obs_mistake_mask=EEE_"":1,""obs_mistake_mask=EE__"":5,""obs_mistake_mask=E___"":1,""obs_mistake_mask=_E__"":1,""obs_mistake_mask=__EE"":1}"
     13312,         0,         0,    1.54,decoder_by_matrix,fa5edda0c1038186c8afbec49b0215a0b852396cdb50783a3f937fdf51d2afac,"{""distance"":5,""physical_error_rate"":1e-05}","{""detection_events"":70,""detectors_checked"":2263040}"
       128,         0,         0,   0.084,decoder_by_matrix,0421d486f8a041838688df650e87c0a19c3450ab7a7cc8b3dc589ebff86d1c74,"{""distance"":5,""physical_error_rate"":0.0001}","{""detection_events"":20,""detectors_checked"":21760}"
     13312,         0,         0,    1.09,decoder_by_matrix,fa5edda0c1038186c8afbec49b0215a0b852396cdb50783a3f937fdf51d2afac,"{""distance"":5,""physical_error_rate"":1e-05}","{""detection_events"":160,""detectors_checked"":2263040}"
      7168,         0,         0,   0.596,decoder_by_matrix,e41ade2e4684e0396b9a3890c882b6453b515d69885aa1d89a26ce21ec554895,"{""distance"":5,""physical_error_rate"":1e-06}","{""detectors_checked"":1218560}"
      2048,         0,         0,   0.165,decoder_by_matrix,e41ade2e4684e0396b9a3890c882b6453b515d69885aa1d89a26ce21ec554895,"{""distance"":5,""physical_error_rate"":1e-06}","{""detectors_checked"":348160}"
      2048,         0,         0,   0.166,decoder_by_matrix,fa5edda0c1038186c8afbec49b0215a0b852396cdb50783a3f937fdf51d2afac,"{""distance"":5,""physical_error_rate"":1e-05}","{""detection_events"":50,""detectors_checked"":348160}"
      3072,         0,         0,   0.150,decoder_by_matrix,e41ade2e4684e0396b9a3890c882b6453b515d69885aa1d89a26ce21ec554895,"{""distance"":5,""physical_error_rate"":1e-06}","{""detectors_checked"":522240}"
       256,         0,         0,   0.083,decoder_by_matrix,b84cf4b8ca220d31f17e1e2ea9ab927bbc4176b15682c650e7d1dd8f2758172b,"{""distance"":5,""physical_error_rate"":0.0005}","{""detection_events"":15,""detectors_checked"":43520}"
      3072,         0,         0,   0.332,decoder_by_matrix,066a5d8d46981b593c3dec855f441edbe9e755a8873183448f69d036a2ecc650,"{""distance"":5,""physical_error_rate"":0.001}","{""detection_events"":1600,""detectors_checked"":522240}"
      7168,         8,         0,   0.599,decoder_by_matrix,90a4071835a8081462c190a19e797ba514a4700a252abbae3adc59eefd5a11d7,"{""distance"":5,""physical_error_rate"":0.01}","{""detection_events"":38610,""detectors_checked"":1218560,""obs_mistake_mask=EE__"":1,""obs_mistake_mask=E___"":1,""obs_mistake_mask=_EEE"":1,""obs_mistake_mask=_EE_"":1,""obs_mistake_mask=_E__"":2,""obs_mistake_mask=___E"":2}"
      4096,         0,         0,   0.372,decoder_by_matrix,3c866087b289edc25e9adea730044a15db18cabfd3ae2507fc844d5b4e03657a,"{""distance"":5,""physical_error_rate"":5e-06}","{""detection_events"":5,""detectors_checked"":696320}"
       512,         0,         0,   0.083,decoder_by_matrix,0421d486f8a041838688df650e87c0a19c3450ab7a7cc8b3dc589ebff86d1c74,"{""distance"":5,""physical_error_rate"":0.0001}","{""detectors_checked"":87040}"
      2048,         0,         0,   0.186,decoder_by_matrix,0421d486f8a041838688df650e87c0a19c3450ab7a7cc8b3dc589ebff86d1c74,"{""distance"":5,""physical_error_rate"":0.0001}","{""detection_events"":85,""detectors_checked"":348160}"
      8192,         0,         0,   0.835,decoder_by_matrix,9c6baee88fc81e7d1aa345fcb3feec7ee81f21c5d49cb6ca037118097d89e180,"{""distance"":5,""physical_error_rate"":5e-05}","{""detection_events"":180,""detectors_checked"":1392640}"
      1024,         0,         0,   0.083,decoder_by_matrix,b84cf4b8ca220d31f17e1e2ea9ab927bbc4176b15682c650e7d1dd8f2758172b,"{""distance"":5,""physical_error_rate"":0.0005}","{""detection_events"":390,""detectors_checked"":174080}"
      2048,         0,         0,   0.227,decoder_by_matrix,3c866087b289edc25e9adea730044a15db18cabfd3ae2507fc844d5b4e03657a,"{""distance"":5,""physical_error_rate"":5e-06}","{""detectors_checked"":348160}"
      5120,         1,         0,   0.411,decoder_by_matrix,926aad2e192fb73fc0ac724cdb1e19af2dfa1e49635753b9cefb82507b443f08,"{""distance"":5,""physical_error_rate"":0.005}","{""detection_events"":13930,""detectors_checked"":870400,""obs_mistake_mask=EEE_"":1}"
      6144,         0,         0,   0.612,decoder_by_matrix,b84cf4b8ca220d31f17e1e2ea9ab927bbc4176b15682c650e7d1dd8f2758172b,"{""distance"":5,""physical_error_rate"":0.0005}","{""detection_events"":1850,""detectors_checked"":1044480}"
      1024,         0,         0,   0.074,decoder_by_matrix,0421d486f8a041838688df650e87c0a19c3450ab7a7cc8b3dc589ebff86d1c74,"{""distance"":5,""physical_error_rate"":0.0001}","{""detection_events"":95,""detectors_checked"":174080}"
     13312,         0,         0,    1.21,decoder_by_matrix,9c6baee88fc81e7d1aa345fcb3feec7ee81f21c5d49cb6ca037118097d89e180,"{""distance"":5,""physical_error_rate"":5e-05}","{""detection_events"":275,""detectors_checked"":2263040}"
      2048,         0,         0,   0.143,decoder_by_matrix,e41ade2e4684e0396b9a3890c882b6453b515d69885aa1d89a26ce21ec554895,"{""distance"":5,""physical_error_rate"":1e-06}","{""detectors_checked"":348160}"
      2048,         0,         0,   0.137,decoder_by_matrix,fa5edda0c1038186c8afbec49b0215a0b852396cdb50783a3f937fdf51d2afac,"{""distance"":5,""physical_error_rate"":1e-05}","{""detection_events"":30,""detectors_checked"":348160}"
      3072,         6,         0,   0.390,decoder_by_matrix,90a4071835a8081462c190a19e797ba514a4700a252abbae3adc59eefd5a11d7,"{""distance"":5,""physical_error_rate"":0.01}","{""detection_events"":17200,""detectors_checked"":522240,""obs_mistake_mask=E__E"":1,""obs_mistake_mask=E___"":2,""obs_mistake_mask=_E__"":1,""obs_mistake_mask=__E_"":1,""obs_mistake_mask=___E"":1}"
      1024,         0,         0,   0.063,decoder_by_matrix,b84cf4b8ca220d31f17e1e2ea9ab927bbc4176b15682c650e7d1dd8f2758172b,"{""distance"":5,""physical_error_rate"":0.0005}","{""detection_events"":370,""detectors_checked"":174080}"
      2048,         0,         0,   0.157,decoder_by_matrix,e41ade2e4684e0396b9a3890c882b6453b515d69885aa1d89a26ce21ec554895,"{""distance"":5,""physical_error_rate"":1e-06}","{""detectors_checked"":348160}"
      3072,         0,         0,   0.272,decoder_by_matrix,066a5d8d46981b593c3dec855f441edbe9e755a8873183448f69d036a2ecc650,"{""distance"":5,""physical_error_rate"":0.001}","{""detection_events"":2015,""detectors_checked"":522240}"
      2048,         0,         0,   0.152,decoder_by_matrix,0421d486f8a041838688df650e87c0a19c3450ab7a7cc8b3dc589ebff86d1c74,"{""distance"":5,""physical_error_rate"":0.0001}","{""detection_events"":45,""detectors_checked"":348160}"
     17408,         0,         0,    1.63,decoder_by_matrix,0421d486f8a041838688df650e87c0a19c3450ab7a7cc8b3dc589ebff86d1c74,"{""distance"":5,""physical_error_rate"":0.0001}","{""detection_events"":920,""detectors_checked"":2959360}"
      1024,         0,         0,   0.085,decoder_by_matrix,0421d486f8a041838688df650e87c0a19c3450ab7a7cc8b3dc589ebff86d1c74,"{""distance"":5,""physical_error_rate"":0.0001}","{""detection_events"":30,""detectors_checked"":174080}"
      3072,         0,         0,   0.367,decoder_by_matrix,926aad2e192fb73fc0ac724cdb1e19af2dfa1e49635753b9cefb82507b443f08,"{""distance"":5,""physical_error_rate"":0.005}","{""detection_events"":8500,""detectors_checked"":522240}"
      4096,         0,         0,   0.354,decoder_by_matrix,066a5d8d46981b593c3dec855f441edbe9e755a8873183448f69d036a2ecc650,"{""distance"":5,""physical_error_rate"":0.001}","{""detection_events"":2275,""detectors_checked"":696320}"
      8192,         0,         0,   0.896,decoder_by_matrix,b84cf4b8ca220d31f17e1e2ea9ab927bbc4176b15682c650e7d1dd8f2758172b,"{""distance"":5,""physical_error_rate"":0.0005}","{""detection_events"":1920,""detectors_checked"":1392640}"
      5120,         0,         0,   0.395,decoder_by_matrix,3c866087b289edc25e9adea730044a15db18cabfd3ae2507fc844d5b4e03657a,"{""distance"":5,""physical_error_rate"":5e-06}","{""detectors_checked"":870400}"
      1024,         0,         0,   0.061,decoder_by_matrix,b84cf4b8ca220d31f17e1e2ea9ab927bbc4176b15682c650e7d1dd8f2758172b,"{""distance"":5,""physical_error_rate"":0.0005}","{""detection_events"":430,""detectors_checked"":174080}"
      4096,         0,         0,   0.477,decoder_by_matrix,0421d486f8a041838688df650e87c0a19c3450ab7a7cc8b3dc589ebff86d1c74,"{""distance"":5,""physical_error_rate"":0.0001}","{""detection_events"":150,""detectors_checked"":696320}"
         1,         0,         0,   0.100,decoder_by_matrix,e41ade2e4684e0396b9a3890c882b6453b515d69885aa1d89a26ce21ec554895,"{""distance"":5,""physical_error_rate"":1e-06}","{""detectors_checked"":170}"
      6144,         0,         0,   0.620,decoder_by_matrix,fa5edda0c1038186c8afbec49b0215a0b852396cdb50783a3f937fdf51d2afac,"{""distance"":5,""physical_error_rate"":1e-05}","{""detection_events"":20,""detectors_checked"":1044480}"
         4,         0,         0,   0.062,decoder_by_matrix,e41ade2e4684e0396b9a3890c882b6453b515d69885aa1d89a26ce21ec554895,"{""distance"":5,""physical_error_rate"":1e-06}","{""detectors_checked"":680}"
      3072,         0,         0,   0.221,decoder_by_matrix,fa5edda0c1038186c8afbec49b0215a0b852396cdb50783a3f937fdf51d2afac,"{""distance"":5,""physical_error_rate"":1e-05}","{""detectors_checked"":522240}"
      3072,         0,         0,   0.231,decoder_by_matrix,e41ade2e4684e0396b9a3890c882b6453b515d69885aa1d89a26ce21ec554895,"{""distance"":5,""physical_error_rate"":1e-06}","{""detection_events"":5,""detectors_checked"":522240}"
      2048,         0,         0,   0.165,decoder_by_matrix,0421d486f8a041838688df650e87c0a19c3450ab7a7cc8b3dc589ebff86d1c74,"{""distance"":5,""physical_error_rate"":0.0001}","{""detection_events"":110,""detectors_checked"":348160}"
     11264,         0,         0,    1.18,decoder_by_matrix,066a5d8d46981b593c3dec855f441edbe9e755a8873183448f69d036a2ecc650,"{""distance"":5,""physical_error_rate"":0.001}","{""detection_events"":6625,""detectors_checked"":1914880}"
      3072,         0,         0,   0.240,decoder_by_matrix,e41ade2e4684e0396b9a3890c882b6453b515d69885aa1d89a26ce21ec554895,"{""distance"":5,""physical_error_rate"":1e-06}","{""detectors_checked"":522240}"
      2048,         0,         0,   0.160,decoder_by_matrix,b84cf4b8ca220d31f17e1e2ea9ab927bbc4176b15682c650e7d1dd8f2758172b,"{""distance"":5,""physical_error_rate"":0.0005}","{""detection_events"":495,""detectors_checked"":348160}"
        32,         0,         0,   0.064,decoder_by_matrix,e41ade2e4684e0396b9a3890c882b6453b515d69885aa1d89a26ce21ec554895,"{""distance"":5,""physical_error_rate"":1e-06}","{""detectors_checked"":5440}"
      5120,         0,         0,   0.442,decoder_by_matrix,066a5d8d46981b593c3dec855f441edbe9e755a8873183448f69d036a2ecc650,"{""distance"":5,""physical_error_rate"":0.001}","{""detection_events"":2640,""detectors_checked"":870400}"
         1,         0,         0,   0.085,decoder_by_matrix,926aad2e192fb73fc0ac724cdb1e19af2dfa1e49635753b9cefb82507b443f08,"{""distance"":5,""physical_error_rate"":0.005}","{""detectors_checked"":170}"
         1,         0,         0,   0.075,decoder_by_matrix,b84cf4b8ca220d31f17e1e2ea9ab927bbc4176b15682c650e7d1dd8f2758172b,"{""distance"":5,""physical_error_rate"":0.0005}","{""detectors_checked"":170}"
      3072,         0,         0,   0.245,decoder_by_matrix,0421d486f8a041838688df650e87c0a19c3450ab7a7cc8b3dc589ebff86d1c74,"{""distance"":5,""physical_error_rate"":0.0001}","{""detection_events"":90,""detectors_checked"":522240}"
      3072,         0,         0,   0.372,decoder_by_matrix,3c866087b289edc25e9adea730044a15db18cabfd3ae2507fc844d5b4e03657a,"{""distance"":5,""physical_error_rate"":5e-06}","{""detection_events"":30,""detectors_checked"":522240}"
      8192,         1,         0,   0.804,decoder_by_matrix,926aad2e192fb73fc0ac724cdb1e19af2dfa1e49635753b9cefb82507b443f08,"{""distance"":5,""physical_error_rate"":0.005}","{""detection_events"":22000,""detectors_checked"":1392640,""obs_mistake_mask=__EE"":1}"
       256,         0,         0,   0.084,decoder_by_matrix,e41ade2e4684e0396b9a3890c882b6453b515d69885aa1d89a26ce21ec554895,"{""distance"":5,""physical_error_rate"":1e-06}","{""detectors_checked"":43520}"
         4,         0,         0,   0.087,decoder_by_matrix,926aad2e192fb73fc0ac724cdb1e19af2dfa1e49635753b9cefb82507b443f08,"{""distance"":5,""physical_error_rate"":0.005}","{""detection_events"":40,""detectors_checked"":680}"
         8,         0,         0,   0.082,decoder_by_matrix,b84cf4b8ca220d31f17e1e2ea9ab927bbc4176b15682c650e7d1dd8f2758172b,"{""distance"":5,""physical_error_rate"":0.0005}","{""detectors_checked"":1360}"
      2048,         0,         0,   0.149,decoder_by_matrix,0421d486f8a041838688df650e87c0a19c3450ab7a7cc8b3dc589ebff86d1c74,"{""distance"":5,""physical_error_rate"":0.0001}","{""detection_events"":105,""detectors_checked"":348160}"
     10240,        24,         0,    1.10,decoder_by_matrix,90a4071835a8081462c190a19e797ba514a4700a252abbae3adc59eefd5a11d7,"{""distance"":5,""physical_error_rate"":0.01}","{""detection_events"":56200,""detectors_checked"":1740800,""obs_mistake_mask=EEE_"":1,""obs_mistake_mask=EE__"":3,""obs_mistake_mask=E_E_"":1,""obs_mistake_mask=E__E"":2,""obs_mistake_mask=E___"":6,""obs_mistake_mask=_EEE"":2,""obs_mistake_mask=_EE_"":2,""obs_mistake_mask=_E_E"":1,""obs_mistake_mask=_E__"":2,""obs_mistake_mask=__E_"":2,""obs_mistake_mask=___E"":2}"
      2048,         0,         0,   0.167,decoder_by_matrix,b84cf4b8ca220d31f17e1e2ea9ab927bbc4176b15682c650e7d1dd8f2758172b,"{""distance"":5,""physical_error_rate"":0.0005}","{""detection_events"":570,""detectors_checked"":348160}"
        32,         0,         0,   0.070,decoder_by_matrix,b84cf4b8ca220d31f17e1e2ea9ab927bbc4176b15682c650e7d1dd8f2758172b,"{""distance"":5,""physical_error_rate"":0.0005}","{""detectors_checked"":5440}"
        16,         0,         0,   0.075,decoder_by_matrix,926aad2e192fb73fc0ac724cdb1e19af2dfa1e49635753b9cefb82507b443f08,"{""distance"":5,""physical_error_rate"":0.005}","{""detection_events"":35,""detectors_checked"":2720}"
      5120,         0,         0,   0.443,decoder_by_matrix,066a5d8d46981b593c3dec855f441edbe9e755a8873183448f69d036a2ecc650,"{""distance"":5,""physical_error_rate"":0.001}","{""detection_events"":2985,""detectors_checked"":870400}"
      1024,         0,         0,   0.100,decoder_by_matrix,e41ade2e4684e0396b9a3890c882b6453b515d69885aa1d89a26ce21ec554895,"{""distance"":5,""physical_error_rate"":1e-06}","{""detectors_checked"":174080}"
      4096,        10,         0,   0.493,decoder_by_matrix,90a4071835a8081462c190a19e797ba514a4700a252abbae3adc59eefd5a11d7,"{""distance"":5,""physical_error_rate"":0.01}","{""detection_events"":22450,""detectors_checked"":696320,""obs_mistake_mask=EE_E"":2,""obs_mistake_mask=E___"":3,""obs_mistake_mask=_EEE"":1,""obs_mistake_mask=_EE_"":1,""obs_mistake_mask=_E_E"":1,""obs_mistake_mask=___E"":2}"
      5120,         0,         0,   0.445,decoder_by_matrix,066a5d8d46981b593c3dec855f441edbe9e755a8873183448f69d036a2ecc650,"{""distance"":5,""physical_error_rate"":0.001}","{""detection_events"":2750,""detectors_checked"":870400}"
      6144,         0,         0,   0.650,decoder_by_matrix,3c866087b289edc25e9adea730044a15db18cabfd3ae2507fc844d5b4e03657a,"{""distance"":5,""physical_error_rate"":5e-06}","{""detection_events"":30,""detectors_checked"":1044480}"
      3072,         0,         0,   0.271,decoder_by_matrix,e41ade2e4684e0396b9a3890c882b6453b515d69885aa1d89a26ce21ec554895,"{""distance"":5,""physical_error_rate"":1e-06}","{""detectors_checked"":522240}"
      6144,         1,         0,   0.583,decoder_by_matrix,926aad2e192fb73fc0ac724cdb1e19af2dfa1e49635753b9cefb82507b443f08,"{""distance"":5,""physical_error_rate"":0.005}","{""detection_events"":17075,""detectors_checked"":1044480,""obs_mistake_mask=_E__"":1}"
      4096,         4,         0,   0.469,decoder_by_matrix,926aad2e192fb73fc0ac724cdb1e19af2dfa1e49635753b9cefb82507b443f08,"{""distance"":5,""physical_error_rate"":0.005}","{""detection_events"":10405,""detectors_checked"":696320,""obs_mistake_mask=E_EE"":1,""obs_mistake_mask=E___"":1,""obs_mistake_mask=_E__"":1,""obs_mistake_mask=__EE"":1}"
      4096,         0,         0,   0.318,decoder_by_matrix,fa5edda0c1038186c8afbec49b0215a0b852396cdb50783a3f937fdf51d2afac,"{""distance"":5,""physical_error_rate"":1e-05}","{""detection_events"":60,""detectors_checked"":696320}"
       256,         0,         0,   0.083,decoder_by_matrix,b84cf4b8ca220d31f17e1e2ea9ab927bbc4176b15682c650e7d1dd8f2758172b,"{""distance"":5,""physical_error_rate"":0.0005}","{""detection_events"":45,""detectors_checked"":43520}"
      4096,         0,         0,   0.323,decoder_by_matrix,e41ade2e4684e0396b9a3890c882b6453b515d69885aa1d89a26ce21ec554895,"{""distance"":5,""physical_error_rate"":1e-06}","{""detectors_checked"":696320}"
         1,         0,         0,   0.105,decoder_by_matrix,9c6baee88fc81e7d1aa345fcb3feec7ee81f21c5d49cb6ca037118097d89e180,"{""distance"":5,""physical_error_rate"":5e-05}","{""detectors_checked"":170}"
        64,         0,         0,   0.110,decoder_by_matrix,926aad2e192fb73fc0ac724cdb1e19af2dfa1e49635753b9cefb82507b443f08,"{""distance"":5,""physical_error_rate"":0.005}","{""detection_events"":215,""detectors_checked"":10880}"
      1024,         0,         0,   0.110,decoder_by_matrix,e41ade2e4684e0396b9a3890c882b6453b515d69885aa1d89a26ce21ec554895,"{""distance"":5,""physical_error_rate"":1e-06}","{""detectors_checked"":174080}"
      8192,         0,         0,   0.820,decoder_by_matrix,e41ade2e4684e0396b9a3890c882b6453b515d69885aa1d89a26ce21ec554895,"{""distance"":5,""physical_error_rate"":1e-06}","{""detectors_checked"":1392640}"
      3072,         0,         0,   0.316,decoder_by_matrix,0421d486f8a041838688df650e87c0a19c3450ab7a7cc8b3dc589ebff86d1c74,"{""distance"":5,""physical_error_rate"":0.0001}","{""detection_events"":240,""detectors_checked"":522240}"
      8192,         8,         0,   0.854,decoder_by_matrix,90a4071835a8081462c190a19e797ba514a4700a252abbae3adc59eefd5a11d7,"{""distance"":5,""physical_error_rate"":0.01}","{""detection_events"":43695,""detectors_checked"":1392640,""obs_mistake_mask=EE__"":1,""obs_mistake_mask=E___"":2,""obs_mistake_mask=_EEE"":1,""obs_mistake_mask=_E__"":1,""obs_mistake_mask=__EE"":1,""obs_mistake_mask=___E"":2}"
      1024,         0,         0,   0.084,decoder_by_matrix,b84cf4b8ca220d31f17e1e2ea9ab927bbc4176b15682c650e7d1dd8f2758172b,"{""distance"":5,""physical_error_rate"":0.0005}","{""detection_events"":210,""detectors_checked"":174080}"
       256,         0,         0,   0.083,decoder_by_matrix,926aad2e192fb73fc0ac724cdb1e19af2dfa1e49635753b9cefb82507b443f08,"{""distance"":5,""physical_error_rate"":0.005}","{""detection_events"":1130,""detectors_checked"":43520}"
         4,         0,         0,   0.110,decoder_by_matrix,9c6baee88fc81e7d1aa345fcb3feec7ee81f21c5d49cb6ca037118097d89e180,"{""distance"":5,""physical_error_rate"":5e-05}","{""detectors_checked"":680}"
      1024,         0,         0,   0.080,decoder_by_matrix,e41ade2e4684e0396b9a3890c882b6453b515d69885aa1d89a26ce21ec554895,"{""distance"":5,""physical_error_rate"":1e-06}","{""detectors_checked"":174080}"
      9216,        13,         0,   0.815,decoder_by_matrix,90a4071835a8081462c190a19e797ba514a4700a252abbae3adc59eefd5a11d7,"{""distance"":5,""physical_error_rate"":0.01}","{""detection_events"":49335,""detectors_checked"":1566720,""obs_mistake_mask=EEE_"":1,""obs_mistake_mask=E_EE"":1,""obs_mistake_mask=E_E_"":1,""obs_mistake_mask=E___"":3,""obs_mistake_mask=_EEE"":2,""obs_mistake_mask=_E__"":1,""obs_mistake_mask=__EE"":1,""obs_mistake_mask=__E_"":2,""obs_mistake_mask=___E"":1}"
      7168,         0,         0,   0.596,decoder_by_matrix,3c866087b289edc25e9adea730044a15db18cabfd3ae2507fc844d5b4e03657a,"{""distance"":5,""physical_error_rate"":5e-06}","{""detectors_checked"":1218560}"
      5120,         0,         0,   0.564,decoder_by_matrix,0421d486f8a041838688df650e87c0a19c3450ab7a7cc8b3dc589ebff86d1c74,"{""distance"":5,""physical_error_rate"":0.0001}","{""detection_events"":380,""detectors_checked"":870400}"
      3072,         0,         0,   0.251,decoder_by_matrix,b84cf4b8ca220d31f17e1e2ea9ab927bbc4176b15682c650e7d1dd8f2758172b,"{""distance"":5,""physical_error_rate"":0.0005}","{""detection_events"":700,""detectors_checked"":522240}"
      1024,         0,         0,   0.083,decoder_by_matrix,b84cf4b8ca220d31f17e1e2ea9ab927bbc4176b15682c650e7d1dd8f2758172b,"{""distance"":5,""physical_error_rate"":0.0005}","{""detection_events"":320,""detectors_checked"":174080}"
      3072,         0,         0,   0.303,decoder_by_matrix,0421d486f8a041838688df650e87c0a19c3450ab7a7cc8b3dc589ebff86d1c74,"{""distance"":5,""physical_error_rate"":0.0001}","{""detection_events"":170,""detectors_checked"":522240}"
     13312,         0,         0,    1.13,decoder_by_matrix,3c866087b289edc25e9adea730044a15db18cabfd3ae2507fc844d5b4e03657a,"{""distance"":5,""physical_error_rate"":5e-06}","{""detectors_checked"":2263040}"
      5120,         0,         0,   0.425,decoder_by_matrix,3c866087b289edc25e9adea730044a15db18cabfd3ae2507fc844d5b4e03657a,"{""distance"":5,""physical_error_rate"":5e-06}","{""detection_events"":20,""detectors_checked"":870400}"
      9216,         0,         0,   0.788,decoder_by_matrix,b84cf4b8ca220d31f17e1e2ea9ab927bbc4176b15682c650e7d1dd8f2758172b,"{""distance"":5,""physical_error_rate"":0.0005}","{""detection_events"":2595,""detectors_checked"":1566720}"
      1024,         0,         0,   0.091,decoder_by_matrix,926aad2e192fb73fc0ac724cdb1e19af2dfa1e49635753b9cefb82507b443f08,"{""distance"":5,""physical_error_rate"":0.005}","{""detection_events"":3090,""detectors_checked"":174080}"
        16,         0,         0,   0.092,decoder_by_matrix,9c6baee88fc81e7d1aa345fcb3feec7ee81f21c5d49cb6ca037118097d89e180,"{""distance"":5,""physical_error_rate"":5e-05}","{""detectors_checked"":2720}"
      1024,         0,         0,   0.066,decoder_by_matrix,b84cf4b8ca220d31f17e1e2ea9ab927bbc4176b15682c650e7d1dd8f2758172b,"{""distance"":5,""physical_error_rate"":0.0005}","{""detection_events"":175,""detectors_checked"":174080}"
      1024,         1,         0,   0.076,decoder_by_matrix,926aad2e192fb73fc0ac724cdb1e19af2dfa1e49635753b9cefb82507b443f08,"{""distance"":5,""physical_error_rate"":0.005}","{""detection_events"":3040,""detectors_checked"":174080,""obs_mistake_mask=_EE_"":1}"
      2048,         0,         0,   0.162,decoder_by_matrix,e41ade2e4684e0396b9a3890c882b6453b515d69885aa1d89a26ce21ec554895,"{""distance"":5,""physical_error_rate"":1e-06}","{""detectors_checked"":348160}"
        64,         0,         0,   0.110,decoder_by_matrix,9c6baee88fc81e7d1aa345fcb3feec7ee81f21c5d49cb6ca037118097d89e180,"{""distance"":5,""physical_error_rate"":5e-05}","{""detectors_checked"":10880}"
      7168,         0,         0,   0.620,decoder_by_matrix,066a5d8d46981b593c3dec855f441edbe9e755a8873183448f69d036a2ecc650,"{""distance"":5,""physical_error_rate"":0.001}","{""detection_events"":4370,""detectors_checked"":1218560}"
      8192,         0,         0,   0.800,decoder_by_matrix,fa5edda0c1038186c8afbec49b0215a0b852396cdb50783a3f937fdf51d2afac,"{""distance"":5,""physical_error_rate"":1e-05}","{""detection_events"":70,""detectors_checked"":1392640}"
      5120,         0,         0,   0.439,decoder_by_matrix,e41ade2e4684e0396b9a3890c882b6453b515d69885aa1d89a26ce21ec554895,"{""distance"":5,""physical_error_rate"":1e-06}","{""detectors_checked"":870400}"
      1024,         0,         0,   0.107,decoder_by_matrix,926aad2e192fb73fc0ac724cdb1e19af2dfa1e49635753b9cefb82507b443f08,"{""distance"":5,""physical_error_rate"":0.005}","{""detection_events"":3145,""detectors_checked"":174080}"
       256,         0,         0,   0.089,decoder_by_matrix,9c6baee88fc81e7d1aa345fcb3feec7ee81f21c5d49cb6ca037118097d89e180,"{""distance"":5,""physical_error_rate"":5e-05}","{""detectors_checked"":43520}"
      2048,         0,         0,   0.166,decoder_by_matrix,b84cf4b8ca220d31f17e1e2ea9ab927bbc4176b15682c650e7d1dd8f2758172b,"{""distance"":5,""physical_error_rate"":0.0005}","{""detection_events"":630,""detectors_checked"":348160}"
      5120,         0,         0,   0.460,decoder_by_matrix,fa5edda0c1038186c8afbec49b0215a0b852396cdb50783a3f937fdf51d2afac,"{""distance"":5,""physical_error_rate"":1e-05}","{""detection_events"":10,""detectors_checked"":870400}"
      5120,         0,         0,   0.440,decoder_by_matrix,e41ade2e4684e0396b9a3890c882b6453b515d69885aa1d89a26ce21ec554895,"{""distance"":5,""physical_error_rate"":1e-06}","{""detectors_checked"":870400}"
         1,         0,         0,   0.116,decoder_by_matrix,9c6baee88fc81e7d1aa345fcb3feec7ee81f21c5d49cb6ca037118097d89e180,"{""distance"":5,""physical_error_rate"":5e-05}","{""detectors_checked"":170}"
      2048,         0,         0,   0.185,decoder_by_matrix,e41ade2e4684e0396b9a3890c882b6453b515d69885aa1d89a26ce21ec554895,"{""distance"":5,""physical_error_rate"":1e-06}","{""detectors_checked"":348160}"
      3072,         0,         0,   0.295,decoder_by_matrix,0421d486f8a041838688df650e87c0a19c3450ab7a7cc8b3dc589ebff86d1c74,"{""distance"":5,""physical_error_rate"":0.0001}","{""detection_events"":210,""detectors_checked"":522240}"
     13312,         0,         0,    1.33,decoder_by_matrix,066a5d8d46981b593c3dec855f441edbe9e755a8873183448f69d036a2ecc650,"{""distance"":5,""physical_error_rate"":0.001}","{""detection_events"":7360,""detectors_checked"":2263040}"
      4096,         0,         0,   0.361,decoder_by_matrix,b84cf4b8ca220d31f17e1e2ea9ab927bbc4176b15682c650e7d1dd8f2758172b,"{""distance"":5,""physical_error_rate"":0.0005}","{""detection_events"":1290,""detectors_checked"":696320}"
     12288,         0,         0,    1.20,decoder_by_matrix,9c6baee88fc81e7d1aa345fcb3feec7ee81f21c5d49cb6ca037118097d89e180,"{""distance"":5,""physical_error_rate"":5e-05}","{""detection_events"":485,""detectors_checked"":2088960}"
         4,         0,         0,   0.064,decoder_by_matrix,9c6baee88fc81e7d1aa345fcb3feec7ee81f21c5d49cb6ca037118097d89e180,"{""distance"":5,""physical_error_rate"":5e-05}","{""detectors_checked"":680}"
      7168,         0,         0,   0.635,decoder_by_matrix,066a5d8d46981b593c3dec855f441edbe9e755a8873183448f69d036a2ecc650,"{""distance"":5,""physical_error_rate"":0.001}","{""detection_events"":3605,""detectors_checked"":1218560}"
      1024,         0,         0,   0.117,decoder_by_matrix,9c6baee88fc81e7d1aa345fcb3feec7ee81f21c5d49cb6ca037118097d89e180,"{""distance"":5,""physical_error_rate"":5e-05}","{""detection_events"":60,""detectors_checked"":174080}"
      4096,         0,         0,   0.478,decoder_by_matrix,0421d486f8a041838688df650e87c0a19c3450ab7a7cc8b3dc589ebff86d1c74,"{""distance"":5,""physical_error_rate"":0.0001}","{""detection_events"":190,""detectors_checked"":696320}"
      2048,         1,         0,   0.157,decoder_by_matrix,926aad2e192fb73fc0ac724cdb1e19af2dfa1e49635753b9cefb82507b443f08,"{""distance"":5,""physical_error_rate"":0.005}","{""detection_events"":5335,""detectors_checked"":348160,""obs_mistake_mask=E___"":1}"
      5120,         9,         0,   0.623,decoder_by_matrix,90a4071835a8081462c190a19e797ba514a4700a252abbae3adc59eefd5a11d7,"{""distance"":5,""physical_error_rate"":0.01}","{""detection_events"":28060,""detectors_checked"":870400,""obs_mistake_mask=E___"":2,""obs_mistake_mask=_E_E"":1,""obs_mistake_mask=_E__"":1,""obs_mistake_mask=__EE"":1,""obs_mistake_mask=__E_"":2,""obs_mistake_mask=___E"":2}"
      2048,         0,         0,   0.154,decoder_by_matrix,b84cf4b8ca220d31f17e1e2ea9ab927bbc4176b15682c650e7d1dd8f2758172b,"{""distance"":5,""physical_error_rate"":0.0005}","{""detection_events"":655,""detectors_checked"":348160}"
      5120,         0,         0,   0.616,decoder_by_matrix,926aad2e192fb73fc0ac724cdb1e19af2dfa1e49635753b9cefb82507b443f08,"{""distance"":5,""physical_error_rate"":0.005}","{""detection_events"":15480,""detectors_checked"":870400}"
      6144,         0,         0,   0.665,decoder_by_matrix,066a5d8d46981b593c3dec855f441edbe9e755a8873183448f69d036a2ecc650,"{""distance"":5,""physical_error_rate"":0.001}","{""detection_events"":3610,""detectors_checked"":1044480}"
        32,         0,         0,   0.087,decoder_by_matrix,9c6baee88fc81e7d1aa345fcb3feec7ee81f21c5d49cb6ca037118097d89e180,"{""distance"":5,""physical_error_rate"":5e-05}","{""detectors_checked"":5440}"
     10240,         0,         0,    1.15,decoder_by_matrix,b84cf4b8ca220d31f17e1e2ea9ab927bbc4176b15682c650e7d1dd8f2758172b,"{""distance"":5,""physical_error_rate"":0.0005}","{""detection_events"":2770,""detectors_checked"":1740800}"
      1024,         0,         0,   0.108,decoder_by_matrix,9c6baee88fc81e7d1aa345fcb3feec7ee81f21c5d49cb6ca037118097d89e180,"{""distance"":5,""physical_error_rate"":5e-05}","{""detection_events"":75,""detectors_checked"":174080}"
       128,         0,         0,   0.052,decoder_by_matrix,9c6baee88fc81e7d1aa345fcb3feec7ee81f21c5d49cb6ca037118097d89e180,"{""distance"":5,""physical_error_rate"":5e-05}","{""detectors_checked"":21760}"
      3072,         0,         0,   0.278,decoder_by_matrix,e41ade2e4684e0396b9a3890c882b6453b515d69885aa1d89a26ce21ec554895,"{""distance"":5,""physical_error_rate"":1e-06}","{""detectors_checked"":522240}"
      7168,         0,         0,   0.602,decoder_by_matrix,3c866087b289edc25e9adea730044a15db18cabfd3ae2507fc844d5b4e03657a,"{""distance"":5,""physical_error_rate"":5e-06}","{""detection_events"":15,""detectors_checked"":1218560}"
      2048,         1,         0,   0.199,decoder_by_matrix,926aad2e192fb73fc0ac724cdb1e19af2dfa1e49635753b9cefb82507b443f08,"{""distance"":5,""physical_error_rate"":0.005}","{""detection_events"":6010,""detectors_checked"":348160,""obs_mistake_mask=EE_E"":1}"
      1024,         0,         0,   0.082,decoder_by_matrix,9c6baee88fc81e7d1aa345fcb3feec7ee81f21c5d49cb6ca037118097d89e180,"{""distance"":5,""physical_error_rate"":5e-05}","{""detection_events"":50,""detectors_checked"":174080}"
      1024,         0,         0,   0.086,decoder_by_matrix,9c6baee88fc81e7d1aa345fcb3feec7ee81f21c5d49cb6ca037118097d89e180,"{""distance"":5,""physical_error_rate"":5e-05}","{""detectors_checked"":174080}"
     15360,         0,         0,    1.60,decoder_by_matrix,fa5edda0c1038186c8afbec49b0215a0b852396cdb50783a3f937fdf51d2afac,"{""distance"":5,""physical_error_rate"":1e-05}","{""detection_events"":55,""detectors_checked"":2611200}"
      9216,         3,         0,   0.866,decoder_by_matrix,926aad2e192fb73fc0ac724cdb1e19af2dfa1e49635753b9cefb82507b443f08,"{""distance"":5,""physical_error_rate"":0.005}","{""detection_events"":25770,""detectors_checked"":1566720,""obs_mistake_mask=E__E"":1,""obs_mistake_mask=E___"":2}"
      3072,         0,         0,   0.252,decoder_by_matrix,b84cf4b8ca220d31f17e1e2ea9ab927bbc4176b15682c650e7d1dd8f2758172b,"{""distance"":5,""physical_error_rate"":0.0005}","{""detection_events"":1175,""detectors_checked"":522240}"
      8192,         0,         0,   0.888,decoder_by_matrix,3c866087b289edc25e9adea730044a15db18cabfd3ae2507fc844d5b4e03657a,"{""distance"":5,""physical_error_rate"":5e-06}","{""detectors_checked"":1392640}"
      1024,         0,         0,   0.085,decoder_by_matrix,9c6baee88fc81e7d1aa345fcb3feec7ee81f21c5d49cb6ca037118097d89e180,"{""distance"":5,""physical_error_rate"":5e-05}","{""detection_events"":25,""detectors_checked"":174080}"
     12288,         6,         0,    1.10,decoder_by_matrix,926aad2e192fb73fc0ac724cdb1e19af2dfa1e49635753b9cefb82507b443f08,"{""distance"":5,""physical_error_rate"":0.005}","{""detection_events"":34125,""detectors_checked"":2088960,""obs_mistake_mask=E_E_"":1,""obs_mistake_mask=E__E"":1,""obs_mistake_mask=_EEE"":1,""obs_mistake_mask=_EE_"":1,""obs_mistake_mask=_E__"":1,""obs_mistake_mask=__E_"":1}"
         1,         0,         0,   0.103,decoder_by_matrix,0421d486f8a041838688df650e87c0a19c3450ab7a7cc8b3dc589ebff86d1c74,"{""distance"":5,""physical_error_rate"":0.0001}","{""detectors_checked"":170}"
      9216,         0,         0,   0.787,decoder_by_matrix,3c866087b289edc25e9adea730044a15db18cabfd3ae2507fc844d5b4e03657a,"{""distance"":5,""physical_error_rate"":5e-06}","{""detection_events"":5,""detectors_checked"":1566720}"
     10240,         0,         0,   0.812,decoder_by_matrix,0421d486f8a041838688df650e87c0a19c3450ab7a7cc8b3dc589ebff86d1c74,"{""distance"":5,""physical_error_rate"":0.0001}","{""detection_events"":630,""detectors_checked"":1740800}"
      4096,         0,         0,   0.474,decoder_by_matrix,0421d486f8a041838688df650e87c0a19c3450ab7a7cc8b3dc589ebff86d1c74,"{""distance"":5,""physical_error_rate"":0.0001}","{""detection_events"":370,""detectors_checked"":696320}"
      4096,         0,         0,   0.452,decoder_by_matrix,b84cf4b8ca220d31f17e1e2ea9ab927bbc4176b15682c650e7d1dd8f2758172b,"{""distance"":5,""physical_error_rate"":0.0005}","{""detection_events"":1285,""detectors_checked"":696320}"
      1024,         0,         0,   0.083,decoder_by_matrix,9c6baee88fc81e7d1aa345fcb3feec7ee81f21c5d49cb6ca037118097d89e180,"{""distance"":5,""physical_error_rate"":5e-05}","{""detection_events"":20,""detectors_checked"":174080}"
     16384,         0,         0,    1.58,decoder_by_matrix,9c6baee88fc81e7d1aa345fcb3feec7ee81f21c5d49cb6ca037118097d89e180,"{""distance"":5,""physical_error_rate"":5e-05}","{""detection_events"":550,""detectors_checked"":2785280}"
         4,         0,         0,   0.081,decoder_by_matrix,0421d486f8a041838688df650e87c0a19c3450ab7a7cc8b3dc589ebff86d1c74,"{""distance"":5,""physical_error_rate"":0.0001}","{""detection_events"":10,""detectors_checked"":680}"
      2048,         0,         0,   0.219,decoder_by_matrix,9c6baee88fc81e7d1aa345fcb3feec7ee81f21c5d49cb6ca037118097d89e180,"{""distance"":5,""physical_error_rate"":5e-05}","{""detection_events"":20,""detectors_checked"":348160}"
      6144,         0,         0,   0.587,decoder_by_matrix,e41ade2e4684e0396b9a3890c882b6453b515d69885aa1d89a26ce21ec554895,"{""distance"":5,""physical_error_rate"":1e-06}","{""detectors_checked"":1044480}"
      3072,         0,         0,   0.306,decoder_by_matrix,e41ade2e4684e0396b9a3890c882b6453b515d69885aa1d89a26ce21ec554895,"{""distance"":5,""physical_error_rate"":1e-06}","{""detectors_checked"":522240}"
      7168,         0,         0,   0.634,decoder_by_matrix,e41ade2e4684e0396b9a3890c882b6453b515d69885aa1d89a26ce21ec554895,"{""distance"":5,""physical_error_rate"":1e-06}","{""detectors_checked"":1218560}"
      7168,         0,         0,   0.623,decoder_by_matrix,fa5edda0c1038186c8afbec49b0215a0b852396cdb50783a3f937fdf51d2afac,"{""distance"":5,""physical_error_rate"":1e-05}","{""detection_events"":20,""detectors_checked"":1218560}"
        16,         0,         0,   0.082,decoder_by_matrix,0421d486f8a041838688df650e87c0a19c3450ab7a7cc8b3dc589ebff86d1c74,"{""distance"":5,""physical_error_rate"":0.0001}","{""detectors_checked"":2720}"
      6144,         0,         0,   0.568,decoder_by_matrix,0421d486f8a041838688df650e87c0a19c3450ab7a7cc8b3dc589ebff86d1c74,"{""distance"":5,""physical_error_rate"":0.0001}","{""detection_events"":340,""detectors_checked"":1044480}"
      2048,         0,         0,   0.166,decoder_by_matrix,9c6baee88fc81e7d1aa345fcb3feec7ee81f21c5d49cb6ca037118097d89e180,"{""distance"":5,""physical_error_rate"":5e-05}","{""detection_events"":10,""detectors_checked"":348160}"
        64,         0,         0,   0.073,decoder_by_matrix,0421d486f8a041838688df650e87c0a19c3450ab7a7cc8b3dc589ebff86d1c74,"{""distance"":5,""physical_error_rate"":0.0001}","{""detection_events"":10,""detectors_checked"":10880}"
      4096,         2,         0,   0.368,decoder_by_matrix,926aad2e192fb73fc0ac724cdb1e19af2dfa1e49635753b9cefb82507b443f08,"{""distance"":5,""physical_error_rate"":0.005}","{""detection_events"":12165,""detectors_checked"":696320,""obs_mistake_mask=EE__"":1,""obs_mistake_mask=E__E"":1}"
     13312,         0,         0,    1.14,decoder_by_matrix,e41ade2e4684e0396b9a3890c882b6453b515d69885aa1d89a26ce21ec554895,"{""distance"":5,""physical_error_rate"":1e-06}","{""detection_events"":40,""detectors_checked"":2263040}"
      9216,        23,         0,    1.10,decoder_by_matrix,90a4071835a8081462c190a19e797ba514a4700a252abbae3adc59eefd5a11d7,"{""distance"":5,""physical_error_rate"":0.01}","{""detection_events"":49370,""detectors_checked"":1566720,""obs_mistake_mask=EE__"":5,""obs_mistake_mask=E_E_"":1,""obs_mistake_mask=E__E"":4,""obs_mistake_mask=E___"":1,""obs_mistake_mask=_EEE"":2,""obs_mistake_mask=_EE_"":2,""obs_mistake_mask=_E__"":4,""obs_mistake_mask=__EE"":1,""obs_mistake_mask=__E_"":1,""obs_mistake_mask=___E"":2}"
      9216,         0,         0,   0.848,decoder_by_matrix,066a5d8d46981b593c3dec855f441edbe9e755a8873183448f69d036a2ecc650,"{""distance"":5,""physical_error_rate"":0.001}","{""detection_events"":5495,""detectors_checked"":1566720}"
     12288,        23,         0,    1.14,decoder_by_matrix,90a4071835a8081462c190a19e797ba514a4700a252abbae3adc59eefd5a11d7,"{""distance"":5,""physical_error_rate"":0.01}","{""detection_events"":68330,""detectors_checked"":2088960,""obs_mistake_mask=EE_E"":2,""obs_mistake_mask=EE__"":1,""obs_mistake_mask=E__E"":1,""obs_mistake_mask=E___"":6,""obs_mistake_mask=_EEE"":2,""obs_mistake_mask=_EE_"":1,""obs_mistake_mask=_E_E"":2,""obs_mistake_mask=_E__"":2,""obs_mistake_mask=__E_"":3,""obs_mistake_mask=___E"":3}"
       512,         0,         0,   0.088,decoder_by_matrix,0421d486f8a041838688df650e87c0a19c3450ab7a7cc8b3dc589ebff86d1c74,"{""distance"":5,""physical_error_rate"":0.0001}","{""detectors_checked"":87040}"
      2048,         0,         0,   0.244,decoder_by_matrix,9c6baee88fc81e7d1aa345fcb3feec7ee81f21c5d49cb6ca037118097d89e180,"{""distance"":5,""physical_error_rate"":5e-05}","{""detection_events"":100,""detectors_checked"":348160}"
      4096,         0,         0,   0.418,decoder_by_matrix,b84cf4b8ca220d31f17e1e2ea9ab927bbc4176b15682c650e7d1dd8f2758172b,"{""distance"":5,""physical_error_rate"":0.0005}","{""detection_events"":1260,""detectors_checked"":696320}"
     15360,         0,         0,    1.61,decoder_by_matrix,066a5d8d46981b593c3dec855f441edbe9e755a8873183448f69d036a2ecc650,"{""distance"":5,""physical_error_rate"":0.001}","{""detection_events"":9245,""detectors_checked"":2611200}"
      2048,         0,         0,   0.172,decoder_by_matrix,9c6baee88fc81e7d1aa345fcb3feec7ee81f21c5d49cb6ca037118097d89e180,"{""distance"":5,""physical_error_rate"":5e-05}","{""detection_events"":45,""detectors_checked"":348160}"
         1,         0,         0,   0.099,decoder_by_matrix,90a4071835a8081462c190a19e797ba514a4700a252abbae3adc59eefd5a11d7,"{""distance"":5,""physical_error_rate"":0.01}","{""detection_events"":10,""detectors_checked"":170}"
     13312,         0,         0,    1.19,decoder_by_matrix,b84cf4b8ca220d31f17e1e2ea9ab927bbc4176b15682c650e7d1dd8f2758172b,"{""distance"":5,""physical_error_rate"":0.0005}","{""detection_events"":3250,""detectors_checked"":2263040}"
     10240,         0,         0,   0.794,decoder_by_matrix,066a5d8d46981b593c3dec855f441edbe9e755a8873183448f69d036a2ecc650,"{""distance"":5,""physical_error_rate"":0.001}","{""detection_events"":5220,""detectors_checked"":1740800}"
      1024,         0,         0,   0.119,decoder_by_matrix,0421d486f8a041838688df650e87c0a19c3450ab7a7cc8b3dc589ebff86d1c74,"{""distance"":5,""physical_error_rate"":0.0001}","{""detection_events"":105,""detectors_checked"":174080}"
     15360,        28,         0,    1.56,decoder_by_matrix,90a4071835a8081462c190a19e797ba514a4700a252abbae3adc59eefd5a11d7,"{""distance"":5,""physical_error_rate"":0.01}","{""detection_events"":83045,""detectors_checked"":2611200,""obs_mistake_mask=EEE_"":1,""obs_mistake_mask=EE_E"":1,""obs_mistake_mask=EE__"":2,""obs_mistake_mask=E_E_"":2,""obs_mistake_mask=E__E"":1,""obs_mistake_mask=E___"":7,""obs_mistake_mask=_EEE"":1,""obs_mistake_mask=_EE_"":2,""obs_mistake_mask=_E__"":4,""obs_mistake_mask=__E_"":3,""obs_mistake_mask=___E"":4}"
         4,         0,         0,   0.085,decoder_by_matrix,90a4071835a8081462c190a19e797ba514a4700a252abbae3adc59eefd5a11d7,"{""distance"":5,""physical_error_rate"":0.01}","{""detection_events"":5,""detectors_checked"":680}"
     19456,         0,         0,    2.20,decoder_by_matrix,fa5edda0c1038186c8afbec49b0215a0b852396cdb50783a3f937fdf51d2afac,"{""distance"":5,""physical_error_rate"":1e-05}","{""detection_events"":210,""detectors_checked"":3307520}"
      7168,         3,         0,   0.823,decoder_by_matrix,926aad2e192fb73fc0ac724cdb1e19af2dfa1e49635753b9cefb82507b443f08,"{""distance"":5,""physical_error_rate"":0.005}","{""detection_events"":20695,""detectors_checked"":1218560,""obs_mistake_mask=EE__"":1,""obs_mistake_mask=E___"":1,""obs_mistake_mask=_EEE"":1}"
      7168,         6,         0,   0.867,decoder_by_matrix,90a4071835a8081462c190a19e797ba514a4700a252abbae3adc59eefd5a11d7,"{""distance"":5,""physical_error_rate"":0.01}","{""detection_events"":38685,""detectors_checked"":1218560,""obs_mistake_mask=EE__"":1,""obs_mistake_mask=E__E"":1,""obs_mistake_mask=E___"":2,""obs_mistake_mask=__EE"":1,""obs_mistake_mask=__E_"":1}"
      1024,         0,         0,   0.081,decoder_by_matrix,0421d486f8a041838688df650e87c0a19c3450ab7a7cc8b3dc589ebff86d1c74,"{""distance"":5,""physical_error_rate"":0.0001}","{""detection_events"":10,""detectors_checked"":174080}"
        16,         0,         0,   0.087,decoder_by_matrix,90a4071835a8081462c190a19e797ba514a4700a252abbae3adc59eefd5a11d7,"{""distance"":5,""physical_error_rate"":0.01}","{""detection_events"":140,""detectors_checked"":2720}"
      7168,         0,         0,   0.865,decoder_by_matrix,066a5d8d46981b593c3dec855f441edbe9e755a8873183448f69d036a2ecc650,"{""distance"":5,""physical_error_rate"":0.001}","{""detection_events"":4315,""detectors_checked"":1218560}"
      5120,         0,         0,   0.583,decoder_by_matrix,b84cf4b8ca220d31f17e1e2ea9ab927bbc4176b15682c650e7d1dd8f2758172b,"{""distance"":5,""physical_error_rate"":0.0005}","{""detection_events"":1490,""detectors_checked"":870400}"
      5120,         0,         0,   0.475,decoder_by_matrix,e41ade2e4684e0396b9a3890c882b6453b515d69885aa1d89a26ce21ec554895,"{""distance"":5,""physical_error_rate"":1e-06}","{""detectors_checked"":870400}"
     15360,         0,         0,    1.16,decoder_by_matrix,fa5edda0c1038186c8afbec49b0215a0b852396cdb50783a3f937fdf51d2afac,"{""distance"":5,""physical_error_rate"":1e-05}","{""detection_events"":125,""detectors_checked"":2611200}"
      3072,         0,         0,   0.314,decoder_by_matrix,9c6baee88fc81e7d1aa345fcb3feec7ee81f21c5d49cb6ca037118097d89e180,"{""distance"":5,""physical_error_rate"":5e-05}","{""detection_events"":65,""detectors_checked"":522240}"
      9216,         0,         0,   0.805,decoder_by_matrix,3c866087b289edc25e9adea730044a15db18cabfd3ae2507fc844d5b4e03657a,"{""distance"":5,""physical_error_rate"":5e-06}","{""detection_events"":25,""detectors_checked"":1566720}"
        64,         0,         0,   0.081,decoder_by_matrix,90a4071835a8081462c190a19e797ba514a4700a252abbae3adc59eefd5a11d7,"{""distance"":5,""physical_error_rate"":0.01}","{""detection_events"":280,""detectors_checked"":10880}"
      6144,         0,         0,   0.643,decoder_by_matrix,0421d486f8a041838688df650e87c0a19c3450ab7a7cc8b3dc589ebff86d1c74,"{""distance"":5,""physical_error_rate"":0.0001}","{""detection_events"":345,""detectors_checked"":1044480}"
      2048,         0,         0,   0.160,decoder_by_matrix,0421d486f8a041838688df650e87c0a19c3450ab7a7cc8b3dc589ebff86d1c74,"{""distance"":5,""physical_error_rate"":0.0001}","{""detection_events"":170,""detectors_checked"":348160}"
      3072,         0,         0,   0.306,decoder_by_matrix,9c6baee88fc81e7d1aa345fcb3feec7ee81f21c5d49cb6ca037118097d89e180,"{""distance"":5,""physical_error_rate"":5e-05}","{""detection_events"":100,""detectors_checked"":522240}"
      5120,         1,         0,   0.454,decoder_by_matrix,926aad2e192fb73fc0ac724cdb1e19af2dfa1e49635753b9cefb82507b443f08,"{""distance"":5,""physical_error_rate"":0.005}","{""detection_events"":15805,""detectors_checked"":870400,""obs_mistake_mask=_E__"":1}"
       256,         0,         0,   0.086,decoder_by_matrix,90a4071835a8081462c190a19e797ba514a4700a252abbae3adc59eefd5a11d7,"{""distance"":5,""physical_error_rate"":0.01}","{""detection_events"":1400,""detectors_checked"":43520}"
     26624,         0,         0,    2.19,decoder_by_matrix,0421d486f8a041838688df650e87c0a19c3450ab7a7cc8b3dc589ebff86d1c74,"{""distance"":5,""physical_error_rate"":0.0001}","{""detection_events"":1370,""detectors_checked"":4526080}"
      5120,         0,         0,   0.469,decoder_by_matrix,b84cf4b8ca220d31f17e1e2ea9ab927bbc4176b15682c650e7d1dd8f2758172b,"{""distance"":5,""physical_error_rate"":0.0005}","{""detection_events"":1455,""detectors_checked"":870400}"
      1024,         5,         0,   0.086,decoder_by_matrix,90a4071835a8081462c190a19e797ba514a4700a252abbae3adc59eefd5a11d7,"{""distance"":5,""physical_error_rate"":0.01}","{""detection_events"":5045,""detectors_checked"":174080,""obs_mistake_mask=EE__"":1,""obs_mistake_mask=E___"":2,""obs_mistake_mask=___E"":2}"
     20480,         0,         0,    1.61,decoder_by_matrix,3c866087b289edc25e9adea730044a15db18cabfd3ae2507fc844d5b4e03657a,"{""distance"":5,""physical_error_rate"":5e-06}","{""detection_events"":75,""detectors_checked"":3481600}"
      2048,         0,         0,   0.174,decoder_by_matrix,0421d486f8a041838688df650e87c0a19c3450ab7a7cc8b3dc589ebff86d1c74,"{""distance"":5,""physical_error_rate"":0.0001}","{""detection_events"":115,""detectors_checked"":348160}"
      8192,         0,         0,   0.753,decoder_by_matrix,e41ade2e4684e0396b9a3890c882b6453b515d69885aa1d89a26ce21ec554895,"{""distance"":5,""physical_error_rate"":1e-06}","{""detectors_checked"":1392640}"
      1024,         3,         0,   0.081,decoder_by_matrix,90a4071835a8081462c190a19e797ba514a4700a252abbae3adc59eefd5a11d7,"{""distance"":5,""physical_error_rate"":0.01}","{""detection_events"":5690,""detectors_checked"":174080,""obs_mistake_mask=E__E"":1,""obs_mistake_mask=_E__"":1,""obs_mistake_mask=__E_"":1}"
      9216,         0,         0,   0.835,decoder_by_matrix,e41ade2e4684e0396b9a3890c882b6453b515d69885aa1d89a26ce21ec554895,"{""distance"":5,""physical_error_rate"":1e-06}","{""detection_events"":15,""detectors_checked"":1566720}"
      7168,         0,         0,   0.772,decoder_by_matrix,fa5edda0c1038186c8afbec49b0215a0b852396cdb50783a3f937fdf51d2afac,"{""distance"":5,""physical_error_rate"":1e-05}","{""detection_events"":10,""detectors_checked"":1218560}"
      8192,         0,         0,   0.789,decoder_by_matrix,0421d486f8a041838688df650e87c0a19c3450ab7a7cc8b3dc589ebff86d1c74,"{""distance"":5,""physical_error_rate"":0.0001}","{""detection_events"":600,""detectors_checked"":1392640}"
     11264,         3,         0,    1.10,decoder_by_matrix,926aad2e192fb73fc0ac724cdb1e19af2dfa1e49635753b9cefb82507b443f08,"{""distance"":5,""physical_error_rate"":0.005}","{""detection_events"":30295,""detectors_checked"":1914880,""obs_mistake_mask=E__E"":1,""obs_mistake_mask=_EEE"":1,""obs_mistake_mask=_E__"":1}"
      4096,         0,         0,   0.322,decoder_by_matrix,9c6baee88fc81e7d1aa345fcb3feec7ee81f21c5d49cb6ca037118097d89e180,"{""distance"":5,""physical_error_rate"":5e-05}","{""detection_events"":125,""detectors_checked"":696320}"
     10240,         0,         0,    1.13,decoder_by_matrix,3c866087b289edc25e9adea730044a15db18cabfd3ae2507fc844d5b4e03657a,"{""distance"":5,""physical_error_rate"":5e-06}","{""detection_events"":10,""detectors_checked"":1740800}"
      1024,         1,         0,   0.139,decoder_by_matrix,90a4071835a8081462c190a19e797ba514a4700a252abbae3adc59eefd5a11d7,"{""distance"":5,""physical_error_rate"":0.01}","{""detection_events"":5310,""detectors_checked"":174080,""obs_mistake_mask=_E_E"":1}"
     12288,         0,         0,    1.12,decoder_by_matrix,3c866087b289edc25e9adea730044a15db18cabfd3ae2507fc844d5b4e03657a,"{""distance"":5,""physical_error_rate"":5e-06}","{""detection_events"":45,""detectors_checked"":2088960}"
     12288,         0,         0,    1.11,decoder_by_matrix,0421d486f8a041838688df650e87c0a19c3450ab7a7cc8b3dc589ebff86d1c74,"{""distance"":5,""physical_error_rate"":0.0001}","{""detection_events"":675,""detectors_checked"":2088960}"
      5120,         0,         0,   0.482,decoder_by_matrix,9c6baee88fc81e7d1aa345fcb3feec7ee81f21c5d49cb6ca037118097d89e180,"{""distance"":5,""physical_error_rate"":5e-05}","{""detection_events"":125,""detectors_checked"":870400}"
     13312,         0,         0,    1.58,decoder_by_matrix,066a5d8d46981b593c3dec855f441edbe9e755a8873183448f69d036a2ecc650,"{""distance"":5,""physical_error_rate"":0.001}","{""detection_events"":8025,""detectors_checked"":2263040}"
      3072,         0,         0,   0.293,decoder_by_matrix,0421d486f8a041838688df650e87c0a19c3450ab7a7cc8b3dc589ebff86d1c74,"{""distance"":5,""physical_error_rate"":0.0001}","{""detection_events"":100,""detectors_checked"":522240}"
     16384,         0,         0,    1.61,decoder_by_matrix,9c6baee88fc81e7d1aa345fcb3feec7ee81f21c5d49cb6ca037118097d89e180,"{""distance"":5,""physical_error_rate"":5e-05}","{""detection_events"":440,""detectors_checked"":2785280}"
      5120,         0,         0,   0.540,decoder_by_matrix,e41ade2e4684e0396b9a3890c882b6453b515d69885aa1d89a26ce21ec554895,"{""distance"":5,""physical_error_rate"":1e-06}","{""detectors_checked"":870400}"
      2048,         4,         0,   0.175,decoder_by_matrix,90a4071835a8081462c190a19e797ba514a4700a252abbae3adc59eefd5a11d7,"{""distance"":5,""physical_error_rate"":0.01}","{""detection_events"":11750,""detectors_checked"":348160,""obs_mistake_mask=E_E_"":1,""obs_mistake_mask=_EE_"":1,""obs_mistake_mask=__E_"":1,""obs_mistake_mask=___E"":1}"
      7168,         1,         0,   0.599,decoder_by_matrix,926aad2e192fb73fc0ac724cdb1e19af2dfa1e49635753b9cefb82507b443f08,"{""distance"":5,""physical_error_rate"":0.005}","{""detection_events"":21290,""detectors_checked"":1218560,""obs_mistake_mask=___E"":1}"
     15360,         0,         0,    1.59,decoder_by_matrix,b84cf4b8ca220d31f17e1e2ea9ab927bbc4176b15682c650e7d1dd8f2758172b,"{""distance"":5,""physical_error_rate"":0.0005}","{""detection_events"":4070,""detectors_checked"":2611200}"
      6144,         0,         0,   0.570,decoder_by_matrix,b84cf4b8ca220d31f17e1e2ea9ab927bbc4176b15682c650e7d1dd8f2758172b,"{""distance"":5,""physical_error_rate"":0.0005}","{""detection_events"":1945,""detectors_checked"":1044480}"
      7168,         0,         0,   0.805,decoder_by_matrix,b84cf4b8ca220d31f17e1e2ea9ab927bbc4176b15682c650e7d1dd8f2758172b,"{""distance"":5,""physical_error_rate"":0.0005}","{""detection_events"":2175,""detectors_checked"":1218560}"
     12288,         0,         0,    1.18,decoder_by_matrix,066a5d8d46981b593c3dec855f441edbe9e755a8873183448f69d036a2ecc650,"{""distance"":5,""physical_error_rate"":0.001}","{""detection_events"":6085,""detectors_checked"":2088960}"
      2048,         1,         0,   0.213,decoder_by_matrix,90a4071835a8081462c190a19e797ba514a4700a252abbae3adc59eefd5a11d7,"{""distance"":5,""physical_error_rate"":0.01}","{""detection_events"":10665,""detectors_checked"":348160,""obs_mistake_mask=_EE_"":1}"
      5120,         0,         0,   0.462,decoder_by_matrix,9c6baee88fc81e7d1aa345fcb3feec7ee81f21c5d49cb6ca037118097d89e180,"{""distance"":5,""physical_error_rate"":5e-05}","{""detection_events"":140,""detectors_checked"":870400}"
      8192,         0,         0,   0.815,decoder_by_matrix,0421d486f8a041838688df650e87c0a19c3450ab7a7cc8b3dc589ebff86d1c74,"{""distance"":5,""physical_error_rate"":0.0001}","{""detection_events"":355,""detectors_checked"":1392640}"
      3072,         0,         0,   0.340,decoder_by_matrix,0421d486f8a041838688df650e87c0a19c3450ab7a7cc8b3dc589ebff86d1c74,"{""distance"":5,""physical_error_rate"":0.0001}","{""detection_events"":115,""detectors_checked"":522240}"
     17408,         3,         0,    1.59,decoder_by_matrix,926aad2e192fb73fc0ac724cdb1e19af2dfa1e49635753b9cefb82507b443f08,"{""distance"":5,""physical_error_rate"":0.005}","{""detection_events"":47115,""detectors_checked"":2959360,""obs_mistake_mask=E__E"":1,""obs_mistake_mask=E___"":1,""obs_mistake_mask=_EEE"":1}"
     13312,         0,         0,    1.16,decoder_by_matrix,066a5d8d46981b593c3dec855f441edbe9e755a8873183448f69d036a2ecc650,"{""distance"":5,""physical_error_rate"":0.001}","{""detection_events"":7490,""detectors_checked"":2263040}"
     11264,        15,         0,    1.16,decoder_by_matrix,90a4071835a8081462c190a19e797ba514a4700a252abbae3adc59eefd5a11d7,"{""distance"":5,""physical_error_rate"":0.01}","{""detection_events"":61475,""detectors_checked"":1914880,""obs_mistake_mask=EE_E"":1,""obs_mistake_mask=EE__"":1,""obs_mistake_mask=E_EE"":1,""obs_mistake_mask=E_E_"":1,""obs_mistake_mask=E__E"":1,""obs_mistake_mask=E___"":4,""obs_mistake_mask=_EEE"":1,""obs_mistake_mask=_EE_"":1,""obs_mistake_mask=__E_"":1,""obs_mistake_mask=___E"":3}"
     12288,         3,         0,    1.20,decoder_by_matrix,926aad2e192fb73fc0ac724cdb1e19af2dfa1e49635753b9cefb82507b443f08,"{""distance"":5,""physical_error_rate"":0.005}","{""detection_events"":34765,""detectors_checked"":2088960,""obs_mistake_mask=_E_E"":1,""obs_mistake_mask=__E_"":1,""obs_mistake_mask=___E"":1}"
      6144,         0,         0,   0.568,decoder_by_matrix,9c6baee88fc81e7d1aa345fcb3feec7ee81f21c5d49cb6ca037118097d89e180,"{""distance"":5,""physical_error_rate"":5e-05}","{""detection_events"":250,""detectors_checked"":1044480}"
     10240,         0,         0,    1.17,decoder_by_matrix,066a5d8d46981b593c3dec855f441edbe9e755a8873183448f69d036a2ecc650,"{""distance"":5,""physical_error_rate"":0.001}","{""detection_events"":6065,""detectors_checked"":1740800}"
     13312,         0,         0,    1.11,decoder_by_matrix,3c866087b289edc25e9adea730044a15db18cabfd3ae2507fc844d5b4e03657a,"{""distance"":5,""physical_error_rate"":5e-06}","{""detection_events"":115,""detectors_checked"":2263040}"
      3072,         3,         0,   0.317,decoder_by_matrix,90a4071835a8081462c190a19e797ba514a4700a252abbae3adc59eefd5a11d7,"{""distance"":5,""physical_error_rate"":0.01}","{""detection_events"":18365,""detectors_checked"":522240,""obs_mistake_mask=_E_E"":1,""obs_mistake_mask=_E__"":1,""obs_mistake_mask=__EE"":1}"
     18432,         0,         0,    1.59,decoder_by_matrix,e41ade2e4684e0396b9a3890c882b6453b515d69885aa1d89a26ce21ec554895,"{""distance"":5,""physical_error_rate"":1e-06}","{""detectors_checked"":3133440}"
     14336,        29,         0,    1.62,decoder_by_matrix,90a4071835a8081462c190a19e797ba514a4700a252abbae3adc59eefd5a11d7,"{""distance"":5,""physical_error_rate"":0.01}","{""detection_events"":77975,""detectors_checked"":2437120,""obs_mistake_mask=EEE_"":4,""obs_mistake_mask=EE__"":1,""obs_mistake_mask=E_E_"":3,""obs_mistake_mask=E__E"":2,""obs_mistake_mask=E___"":8,""obs_mistake_mask=_EEE"":2,""obs_mistake_mask=_E__"":3,""obs_mistake_mask=__E_"":4,""obs_mistake_mask=___E"":2}"
     17408,        17,         0,    1.61,decoder_by_matrix,90a4071835a8081462c190a19e797ba514a4700a252abbae3adc59eefd5a11d7,"{""distance"":5,""physical_error_rate"":0.01}","{""detection_events"":95795,""detectors_checked"":2959360,""obs_mistake_mask=EEE_"":1,""obs_mistake_mask=EE__"":1,""obs_mistake_mask=E_E_"":1,""obs_mistake_mask=E__E"":1,""obs_mistake_mask=E___"":4,""obs_mistake_mask=_EE_"":1,""obs_mistake_mask=_E_E"":1,""obs_mistake_mask=_E__"":2,""obs_mistake_mask=__E_"":3,""obs_mistake_mask=___E"":2}"
     16384,         0,         0,    1.56,decoder_by_matrix,b84cf4b8ca220d31f17e1e2ea9ab927bbc4176b15682c650e7d1dd8f2758172b,"{""distance"":5,""physical_error_rate"":0.0005}","{""detection_events"":4505,""detectors_checked"":2785280}"
      4096,         0,         0,   0.475,decoder_by_matrix,0421d486f8a041838688df650e87c0a19c3450ab7a7cc8b3dc589ebff86d1c74,"{""distance"":5,""physical_error_rate"":0.0001}","{""detection_events"":255,""detectors_checked"":696320}"
     10240,         0,         0,    1.10,decoder_by_matrix,e41ade2e4684e0396b9a3890c882b6453b515d69885aa1d89a26ce21ec554895,"{""distance"":5,""physical_error_rate"":1e-06}","{""detectors_checked"":1740800}"
     21504,         0,         0,    2.19,decoder_by_matrix,fa5edda0c1038186c8afbec49b0215a0b852396cdb50783a3f937fdf51d2afac,"{""distance"":5,""physical_error_rate"":1e-05}","{""detection_events"":190,""detectors_checked"":3655680}"
     12288,         0,         0,    1.13,decoder_by_matrix,e41ade2e4684e0396b9a3890c882b6453b515d69885aa1d89a26ce21ec554895,"{""distance"":5,""physical_error_rate"":1e-06}","{""detectors_checked"":2088960}"
     10240,         0,         0,    1.12,decoder_by_matrix,fa5edda0c1038186c8afbec49b0215a0b852396cdb50783a3f937fdf51d2afac,"{""distance"":5,""physical_error_rate"":1e-05}","{""detection_events"":35,""detectors_checked"":1740800}"
     10240,         0,         0,   0.896,decoder_by_matrix,e41ade2e4684e0396b9a3890c882b6453b515d69885aa1d89a26ce21ec554895,"{""distance"":5,""physical_error_rate"":1e-06}","{""detectors_checked"":1740800}"
      7168,         0,         0,   0.612,decoder_by_matrix,9c6baee88fc81e7d1aa345fcb3feec7ee81f21c5d49cb6ca037118097d89e180,"{""distance"":5,""physical_error_rate"":5e-05}","{""detection_events"":220,""detectors_checked"":1218560}"
     12288,         0,         0,    1.13,decoder_by_matrix,0421d486f8a041838688df650e87c0a19c3450ab7a7cc8b3dc589ebff86d1c74,"{""distance"":5,""physical_error_rate"":0.0001}","{""detection_events"":940,""detectors_checked"":2088960}"
      8192,         0,         0,   0.826,decoder_by_matrix,926aad2e192fb73fc0ac724cdb1e19af2dfa1e49635753b9cefb82507b443f08,"{""distance"":5,""physical_error_rate"":0.005}","{""detection_events"":22465,""detectors_checked"":1392640}"
      9216,         0,         0,   0.829,decoder_by_matrix,b84cf4b8ca220d31f17e1e2ea9ab927bbc4176b15682c650e7d1dd8f2758172b,"{""distance"":5,""physical_error_rate"":0.0005}","{""detection_events"":2990,""detectors_checked"":1566720}"
      4096,         7,         0,   0.407,decoder_by_matrix,90a4071835a8081462c190a19e797ba514a4700a252abbae3adc59eefd5a11d7,"{""distance"":5,""physical_error_rate"":0.01}","{""detection_events"":22395,""detectors_checked"":696320,""obs_mistake_mask=E__E"":2,""obs_mistake_mask=_EEE"":1,""obs_mistake_mask=_E_E"":1,""obs_mistake_mask=__EE"":1,""obs_mistake_mask=__E_"":2}"
     17408,         0,         0,    1.57,decoder_by_matrix,fa5edda0c1038186c8afbec49b0215a0b852396cdb50783a3f937fdf51d2afac,"{""distance"":5,""physical_error_rate"":1e-05}","{""detection_events"":70,""detectors_checked"":2959360}"
     24576,         0,         0,    2.22,decoder_by_matrix,9c6baee88fc81e7d1aa345fcb3feec7ee81f21c5d49cb6ca037118097d89e180,"{""distance"":5,""physical_error_rate"":5e-05}","{""detection_events"":735,""detectors_checked"":4177920}"
     21504,         0,         0,    2.17,decoder_by_matrix,066a5d8d46981b593c3dec855f441edbe9e755a8873183448f69d036a2ecc650,"{""distance"":5,""physical_error_rate"":0.001}","{""detection_events"":12580,""detectors_checked"":3655680}"
      8192,         0,         0,   0.844,decoder_by_matrix,9c6baee88fc81e7d1aa345fcb3feec7ee81f21c5d49cb6ca037118097d89e180,"{""distance"":5,""physical_error_rate"":5e-05}","{""detection_events"":355,""detectors_checked"":1392640}"
     10240,         0,         0,    1.18,decoder_by_matrix,b84cf4b8ca220d31f17e1e2ea9ab927bbc4176b15682c650e7d1dd8f2758172b,"{""distance"":5,""physical_error_rate"":0.0005}","{""detection_events"":2935,""detectors_checked"":1740800}"
      5120,         0,         0,   0.589,decoder_by_matrix,0421d486f8a041838688df650e87c0a19c3450ab7a7cc8b3dc589ebff86d1c74,"{""distance"":5,""physical_error_rate"":0.0001}","{""detection_events"":385,""detectors_checked"":870400}"
     17408,         2,         0,    1.61,decoder_by_matrix,926aad2e192fb73fc0ac724cdb1e19af2dfa1e49635753b9cefb82507b443f08,"{""distance"":5,""physical_error_rate"":0.005}","{""detection_events"":49815,""detectors_checked"":2959360,""obs_mistake_mask=EE_E"":1,""obs_mistake_mask=__E_"":1}"
     11264,         0,         0,    1.13,decoder_by_matrix,0421d486f8a041838688df650e87c0a19c3450ab7a7cc8b3dc589ebff86d1c74,"{""distance"":5,""physical_error_rate"":0.0001}","{""detection_events"":595,""detectors_checked"":1914880}"
     20480,        43,         0,    2.23,decoder_by_matrix,90a4071835a8081462c190a19e797ba514a4700a252abbae3adc59eefd5a11d7,"{""distance"":5,""physical_error_rate"":0.01}","{""detection_events"":112140,""detectors_checked"":3481600,""obs_mistake_mask=EEE_"":2,""obs_mistake_mask=EE_E"":2,""obs_mistake_mask=E_E_"":2,""obs_mistake_mask=E__E"":4,""obs_mistake_mask=E___"":10,""obs_mistake_mask=_EEE"":5,""obs_mistake_mask=_E_E"":3,""obs_mistake_mask=_E__"":6,""obs_mistake_mask=__EE"":2,""obs_mistake_mask=__E_"":3,""obs_mistake_mask=___E"":4}"
     14336,         0,         0,    1.62,decoder_by_matrix,3c866087b289edc25e9adea730044a15db18cabfd3ae2507fc844d5b4e03657a,"{""distance"":5,""physical_error_rate"":5e-06}","{""detection_events"":50,""detectors_checked"":2437120}"
     14336,         0,         0,    1.65,decoder_by_matrix,3c866087b289edc25e9adea730044a15db18cabfd3ae2507fc844d5b4e03657a,"{""distance"":5,""physical_error_rate"":5e-06}","{""detection_events"":20,""detectors_checked"":2437120}"
     17408,         0,         0,    1.60,decoder_by_matrix,0421d486f8a041838688df650e87c0a19c3450ab7a7cc8b3dc589ebff86d1c74,"{""distance"":5,""physical_error_rate"":0.0001}","{""detection_events"":950,""detectors_checked"":2959360}"
      6144,        13,         0,   0.605,decoder_by_matrix,90a4071835a8081462c190a19e797ba514a4700a252abbae3adc59eefd5a11d7,"{""distance"":5,""physical_error_rate"":0.01}","{""detection_events"":32250,""detectors_checked"":1044480,""obs_mistake_mask=EE__"":1,""obs_mistake_mask=E_E_"":1,""obs_mistake_mask=E__E"":2,""obs_mistake_mask=E___"":3,""obs_mistake_mask=_E__"":2,""obs_mistake_mask=___E"":4}"
         1,         0,         0,   0.119,decoder_by_matrix,926aad2e192fb73fc0ac724cdb1e19af2dfa1e49635753b9cefb82507b443f08,"{""distance"":5,""physical_error_rate"":0.005}","{""detection_events"":15,""detectors_checked"":170}"
      9216,         0,         0,   0.790,decoder_by_matrix,9c6baee88fc81e7d1aa345fcb3feec7ee81f21c5d49cb6ca037118097d89e180,"{""distance"":5,""physical_error_rate"":5e-05}","{""detection_events"":335,""detectors_checked"":1566720}"
         4,         0,         0,   0.112,decoder_by_matrix,926aad2e192fb73fc0ac724cdb1e19af2dfa1e49635753b9cefb82507b443f08,"{""distance"":5,""physical_error_rate"":0.005}","{""detectors_checked"":680}"
     26624,         0,         0,    2.21,decoder_by_matrix,3c866087b289edc25e9adea730044a15db18cabfd3ae2507fc844d5b4e03657a,"{""distance"":5,""physical_error_rate"":5e-06}","{""detection_events"":65,""detectors_checked"":4526080}"
        16,         0,         0,   0.112,decoder_by_matrix,926aad2e192fb73fc0ac724cdb1e19af2dfa1e49635753b9cefb82507b443f08,"{""distance"":5,""physical_error_rate"":0.005}","{""detection_events"":70,""detectors_checked"":2720}"
     17408,         0,         0,    1.63,decoder_by_matrix,066a5d8d46981b593c3dec855f441edbe9e755a8873183448f69d036a2ecc650,"{""distance"":5,""physical_error_rate"":0.001}","{""detection_events"":9740,""detectors_checked"":2959360}"
        64,         0,         0,   0.092,decoder_by_matrix,926aad2e192fb73fc0ac724cdb1e19af2dfa1e49635753b9cefb82507b443f08,"{""distance"":5,""physical_error_rate"":0.005}","{""detection_events"":205,""detectors_checked"":10880}"
     18432,         0,         0,    1.63,decoder_by_matrix,066a5d8d46981b593c3dec855f441edbe9e755a8873183448f69d036a2ecc650,"{""distance"":5,""physical_error_rate"":0.001}","{""detection_events"":10270,""detectors_checked"":3133440}"
     12288,         0,         0,    1.17,decoder_by_matrix,e41ade2e4684e0396b9a3890c882b6453b515d69885aa1d89a26ce21ec554895,"{""distance"":5,""physical_error_rate"":1e-06}","{""detection_events"":5,""detectors_checked"":2088960}"
     17408,         1,         0,    1.57,decoder_by_matrix,926aad2e192fb73fc0ac724cdb1e19af2dfa1e49635753b9cefb82507b443f08,"{""distance"":5,""physical_error_rate"":0.005}","{""detection_events"":48345,""detectors_checked"":2959360,""obs_mistake_mask=E__E"":1}"
     10240,         5,         0,    1.11,decoder_by_matrix,926aad2e192fb73fc0ac724cdb1e19af2dfa1e49635753b9cefb82507b443f08,"{""distance"":5,""physical_error_rate"":0.005}","{""detection_events"":28545,""detectors_checked"":1740800,""obs_mistake_mask=E___"":2,""obs_mistake_mask=_E__"":2,""obs_mistake_mask=__EE"":1}"
     17408,        30,         0,    1.61,decoder_by_matrix,90a4071835a8081462c190a19e797ba514a4700a252abbae3adc59eefd5a11d7,"{""distance"":5,""physical_error_rate"":0.01}","{""detection_events"":94070,""detectors_checked"":2959360,""obs_mistake_mask=EEE_"":1,""obs_mistake_mask=EE_E"":2,""obs_mistake_mask=E_EE"":2,""obs_mistake_mask=E_E_"":3,""obs_mistake_mask=E__E"":5,""obs_mistake_mask=E___"":6,""obs_mistake_mask=_EEE"":3,""obs_mistake_mask=_E_E"":2,""obs_mistake_mask=_E__"":2,""obs_mistake_mask=__EE"":1,""obs_mistake_mask=__E_"":2,""obs_mistake_mask=___E"":1}"
       256,         0,         0,   0.112,decoder_by_matrix,926aad2e192fb73fc0ac724cdb1e19af2dfa1e49635753b9cefb82507b443f08,"{""distance"":5,""physical_error_rate"":0.005}","{""detection_events"":625,""detectors_checked"":43520}"
     22528,         0,         0,    2.20,decoder_by_matrix,066a5d8d46981b593c3dec855f441edbe9e755a8873183448f69d036a2ecc650,"{""distance"":5,""physical_error_rate"":0.001}","{""detection_events"":12350,""detectors_checked"":3829760}"
     13312,         0,         0,    1.60,decoder_by_matrix,066a5d8d46981b593c3dec855f441edbe9e755a8873183448f69d036a2ecc650,"{""distance"":5,""physical_error_rate"":0.001}","{""detection_events"":7815,""detectors_checked"":2263040}"
     19456,         0,         0,    1.60,decoder_by_matrix,3c866087b289edc25e9adea730044a15db18cabfd3ae2507fc844d5b4e03657a,"{""distance"":5,""physical_error_rate"":5e-06}","{""detection_events"":50,""detectors_checked"":3307520}"
     13312,         0,         0,    1.17,decoder_by_matrix,b84cf4b8ca220d31f17e1e2ea9ab927bbc4176b15682c650e7d1dd8f2758172b,"{""distance"":5,""physical_error_rate"":0.0005}","{""detection_events"":3990,""detectors_checked"":2263040}"
     20480,         0,         0,    2.17,decoder_by_matrix,9c6baee88fc81e7d1aa345fcb3feec7ee81f21c5d49cb6ca037118097d89e180,"{""distance"":5,""physical_error_rate"":5e-05}","{""detection_events"":605,""detectors_checked"":3481600}"
      1024,         0,         0,   0.115,decoder_by_matrix,926aad2e192fb73fc0ac724cdb1e19af2dfa1e49635753b9cefb82507b443f08,"{""distance"":5,""physical_error_rate"":0.005}","{""detection_events"":2515,""detectors_checked"":174080}"
      7168,         0,         0,   0.837,decoder_by_matrix,0421d486f8a041838688df650e87c0a19c3450ab7a7cc8b3dc589ebff86d1c74,"{""distance"":5,""physical_error_rate"":0.0001}","{""detection_events"":520,""detectors_checked"":1218560}"
     34816,         0,         0,    3.06,decoder_by_matrix,fa5edda0c1038186c8afbec49b0215a0b852396cdb50783a3f937fdf51d2afac,"{""distance"":5,""physical_error_rate"":1e-05}","{""detection_events"":225,""detectors_checked"":5918720}"
      1024,         0,         0,   0.129,decoder_by_matrix,926aad2e192fb73fc0ac724cdb1e19af2dfa1e49635753b9cefb82507b443f08,"{""distance"":5,""physical_error_rate"":0.005}","{""detection_events"":3110,""detectors_checked"":174080}"
     20480,         0,         0,    2.19,decoder_by_matrix,b84cf4b8ca220d31f17e1e2ea9ab927bbc4176b15682c650e7d1dd8f2758172b,"{""distance"":5,""physical_error_rate"":0.0005}","{""detection_events"":5405,""detectors_checked"":3481600}"
     16384,         0,         0,    1.56,decoder_by_matrix,e41ade2e4684e0396b9a3890c882b6453b515d69885aa1d89a26ce21ec554895,"{""distance"":5,""physical_error_rate"":1e-06}","{""detectors_checked"":2785280}"
      8192,        17,         0,   0.826,decoder_by_matrix,90a4071835a8081462c190a19e797ba514a4700a252abbae3adc59eefd5a11d7,"{""distance"":5,""physical_error_rate"":0.01}","{""detection_events"":45590,""detectors_checked"":1392640,""obs_mistake_mask=EE_E"":1,""obs_mistake_mask=E_E_"":2,""obs_mistake_mask=E__E"":1,""obs_mistake_mask=E___"":6,""obs_mistake_mask=_EEE"":1,""obs_mistake_mask=_EE_"":2,""obs_mistake_mask=_E__"":1,""obs_mistake_mask=__EE"":1,""obs_mistake_mask=__E_"":2}"
     14336,         0,         0,    1.62,decoder_by_matrix,fa5edda0c1038186c8afbec49b0215a0b852396cdb50783a3f937fdf51d2afac,"{""distance"":5,""physical_error_rate"":1e-05}","{""detection_events"":75,""detectors_checked"":2437120}"
      1024,         0,         0,   0.114,decoder_by_matrix,926aad2e192fb73fc0ac724cdb1e19af2dfa1e49635753b9cefb82507b443f08,"{""distance"":5,""physical_error_rate"":0.005}","{""detection_events"":2895,""detectors_checked"":174080}"
     14336,         0,         0,    1.66,decoder_by_matrix,e41ade2e4684e0396b9a3890c882b6453b515d69885aa1d89a26ce21ec554895,"{""distance"":5,""physical_error_rate"":1e-06}","{""detection_events"":10,""detectors_checked"":2437120}"
     16384,         0,         0,    1.57,decoder_by_matrix,0421d486f8a041838688df650e87c0a19c3450ab7a7cc8b3dc589ebff86d1c74,"{""distance"":5,""physical_error_rate"":0.0001}","{""detection_events"":985,""detectors_checked"":2785280}"
     12288,         0,         0,    1.17,decoder_by_matrix,9c6baee88fc81e7d1aa345fcb3feec7ee81f21c5d49cb6ca037118097d89e180,"{""distance"":5,""physical_error_rate"":5e-05}","{""detection_events"":425,""detectors_checked"":2088960}"
     23552,         6,         0,    2.19,decoder_by_matrix,926aad2e192fb73fc0ac724cdb1e19af2dfa1e49635753b9cefb82507b443f08,"{""distance"":5,""physical_error_rate"":0.005}","{""detection_events"":65140,""detectors_checked"":4003840,""obs_mistake_mask=E__E"":1,""obs_mistake_mask=E___"":2,""obs_mistake_mask=_EEE"":1,""obs_mistake_mask=_EE_"":1,""obs_mistake_mask=_E_E"":1}"
     33792,         0,         0,    3.04,decoder_by_matrix,0421d486f8a041838688df650e87c0a19c3450ab7a7cc8b3dc589ebff86d1c74,"{""distance"":5,""physical_error_rate"":0.0001}","{""detection_events"":2000,""detectors_checked"":5744640}"
      2048,         0,         0,   0.215,decoder_by_matrix,926aad2e192fb73fc0ac724cdb1e19af2dfa1e49635753b9cefb82507b443f08,"{""distance"":5,""physical_error_rate"":0.005}","{""detection_events"":5970,""detectors_checked"":348160}"
     24576,         0,         0,    2.25,decoder_by_matrix,e41ade2e4684e0396b9a3890c882b6453b515d69885aa1d89a26ce21ec554895,"{""distance"":5,""physical_error_rate"":1e-06}","{""detectors_checked"":4177920}"
     21504,        44,         0,    2.23,decoder_by_matrix,90a4071835a8081462c190a19e797ba514a4700a252abbae3adc59eefd5a11d7,"{""distance"":5,""physical_error_rate"":0.01}","{""detection_events"":118575,""detectors_checked"":3655680,""obs_mistake_mask=EE__"":3,""obs_mistake_mask=E_EE"":3,""obs_mistake_mask=E_E_"":3,""obs_mistake_mask=E__E"":3,""obs_mistake_mask=E___"":6,""obs_mistake_mask=_EEE"":2,""obs_mistake_mask=_EE_"":2,""obs_mistake_mask=_E_E"":3,""obs_mistake_mask=_E__"":6,""obs_mistake_mask=__EE"":4,""obs_mistake_mask=__E_"":5,""obs_mistake_mask=___E"":4}"
     13312,         0,         0,    1.14,decoder_by_matrix,9c6baee88fc81e7d1aa345fcb3feec7ee81f21c5d49cb6ca037118097d89e180,"{""distance"":5,""physical_error_rate"":5e-05}","{""detection_events"":355,""detectors_checked"":2263040}"
      2048,         0,         0,   0.248,decoder_by_matrix,926aad2e192fb73fc0ac724cdb1e19af2dfa1e49635753b9cefb82507b443f08,"{""distance"":5,""physical_error_rate"":0.005}","{""detection_events"":5470,""detectors_checked"":348160}"
     13312,         0,         0,    1.53,decoder_by_matrix,b84cf4b8ca220d31f17e1e2ea9ab927bbc4176b15682c650e7d1dd8f2758172b,"{""distance"":5,""physical_error_rate"":0.0005}","{""detection_events"":3490,""detectors_checked"":2263040}"
     15360,         0,         0,    1.56,decoder_by_matrix,0421d486f8a041838688df650e87c0a19c3450ab7a7cc8b3dc589ebff86d1c74,"{""distance"":5,""physical_error_rate"":0.0001}","{""detection_events"":785,""detectors_checked"":2611200}"
     24576,         0,         0,    2.22,decoder_by_matrix,b84cf4b8ca220d31f17e1e2ea9ab927bbc4176b15682c650e7d1dd8f2758172b,"{""distance"":5,""physical_error_rate"":0.0005}","{""detection_events"":6675,""detectors_checked"":4177920}"
     22528,        56,         0,    2.35,decoder_by_matrix,90a4071835a8081462c190a19e797ba514a4700a252abbae3adc59eefd5a11d7,"{""distance"":5,""physical_error_rate"":0.01}","{""detection_events"":123055,""detectors_checked"":3829760,""obs_mistake_mask=EEE_"":3,""obs_mistake_mask=EE__"":8,""obs_mistake_mask=E_EE"":3,""obs_mistake_mask=E_E_"":2,""obs_mistake_mask=E__E"":3,""obs_mistake_mask=E___"":10,""obs_mistake_mask=_EEE"":4,""obs_mistake_mask=_EE_"":2,""obs_mistake_mask=_E_E"":1,""obs_mistake_mask=_E__"":4,""obs_mistake_mask=__EE"":4,""obs_mistake_mask=__E_"":6,""obs_mistake_mask=___E"":6}"
     25600,         0,         0,    2.16,decoder_by_matrix,fa5edda0c1038186c8afbec49b0215a0b852396cdb50783a3f937fdf51d2afac,"{""distance"":5,""physical_error_rate"":1e-05}","{""detection_events"":165,""detectors_checked"":4352000}"
      3072,         0,         0,   0.381,decoder_by_matrix,926aad2e192fb73fc0ac724cdb1e19af2dfa1e49635753b9cefb82507b443f08,"{""distance"":5,""physical_error_rate"":0.005}","{""detection_events"":9315,""detectors_checked"":522240}"
     10240,         0,         0,    1.22,decoder_by_matrix,0421d486f8a041838688df650e87c0a19c3450ab7a7cc8b3dc589ebff86d1c74,"{""distance"":5,""physical_error_rate"":0.0001}","{""detection_events"":605,""detectors_checked"":1740800}"
     21504,         4,         0,    2.18,decoder_by_matrix,926aad2e192fb73fc0ac724cdb1e19af2dfa1e49635753b9cefb82507b443f08,"{""distance"":5,""physical_error_rate"":0.005}","{""detection_events"":60480,""detectors_checked"":3655680,""obs_mistake_mask=E_EE"":1,""obs_mistake_mask=E__E"":1,""obs_mistake_mask=__E_"":2}"
     11264,        21,         0,    1.12,decoder_by_matrix,90a4071835a8081462c190a19e797ba514a4700a252abbae3adc59eefd5a11d7,"{""distance"":5,""physical_error_rate"":0.01}","{""detection_events"":63175,""detectors_checked"":1914880,""obs_mistake_mask=EE__"":1,""obs_mistake_mask=E_E_"":3,""obs_mistake_mask=E__E"":2,""obs_mistake_mask=E___"":4,""obs_mistake_mask=_EEE"":1,""obs_mistake_mask=_E_E"":2,""obs_mistake_mask=_E__"":2,""obs_mistake_mask=__EE"":1,""obs_mistake_mask=__E_"":3,""obs_mistake_mask=___E"":2}"
     17408,         0,         0,    1.61,decoder_by_matrix,e41ade2e4684e0396b9a3890c882b6453b515d69885aa1d89a26ce21ec554895,"{""distance"":5,""physical_error_rate"":1e-06}","{""detectors_checked"":2959360}"
     13312,         2,         0,    1.59,decoder_by_matrix,926aad2e192fb73fc0ac724cdb1e19af2dfa1e49635753b9cefb82507b443f08,"{""distance"":5,""physical_error_rate"":0.005}","{""detection_events"":36600,""detectors_checked"":2263040,""obs_mistake_mask=EE__"":1,""obs_mistake_mask=E_E_"":1}"
     24576,         0,         0,    2.17,decoder_by_matrix,0421d486f8a041838688df650e87c0a19c3450ab7a7cc8b3dc589ebff86d1c74,"{""distance"":5,""physical_error_rate"":0.0001}","{""detection_events"":1510,""detectors_checked"":4177920}"
     17408,         0,         0,    1.52,decoder_by_matrix,b84cf4b8ca220d31f17e1e2ea9ab927bbc4176b15682c650e7d1dd8f2758172b,"{""distance"":5,""physical_error_rate"":0.0005}","{""detection_events"":4785,""detectors_checked"":2959360}"
     19456,         0,         0,    2.22,decoder_by_matrix,3c866087b289edc25e9adea730044a15db18cabfd3ae2507fc844d5b4e03657a,"{""distance"":5,""physical_error_rate"":5e-06}","{""detection_events"":105,""detectors_checked"":3307520}"
     23552,         0,         0,    2.26,decoder_by_matrix,3c866087b289edc25e9adea730044a15db18cabfd3ae2507fc844d5b4e03657a,"{""distance"":5,""physical_error_rate"":5e-06}","{""detection_events"":55,""detectors_checked"":4003840}"
      4096,         0,         0,   0.478,decoder_by_matrix,926aad2e192fb73fc0ac724cdb1e19af2dfa1e49635753b9cefb82507b443f08,"{""distance"":5,""physical_error_rate"":0.005}","{""detection_events"":11630,""detectors_checked"":696320}"
         1,         0,         0,   0.094,decoder_by_matrix,3c866087b289edc25e9adea730044a15db18cabfd3ae2507fc844d5b4e03657a,"{""distance"":5,""physical_error_rate"":5e-06}","{""detectors_checked"":170}"
         1,         0,         0,   0.151,decoder_by_matrix,e41ade2e4684e0396b9a3890c882b6453b515d69885aa1d89a26ce21ec554895,"{""distance"":5,""physical_error_rate"":1e-06}","{""detectors_checked"":170}"
     32768,         0,         0,    3.04,decoder_by_matrix,fa5edda0c1038186c8afbec49b0215a0b852396cdb50783a3f937fdf51d2afac,"{""distance"":5,""physical_error_rate"":1e-05}","{""detection_events"":240,""detectors_checked"":5570560}"
         4,         0,         0,   0.104,decoder_by_matrix,3c866087b289edc25e9adea730044a15db18cabfd3ae2507fc844d5b4e03657a,"{""distance"":5,""physical_error_rate"":5e-06}","{""detectors_checked"":680}"
        16,         0,         0,   0.080,decoder_by_matrix,3c866087b289edc25e9adea730044a15db18cabfd3ae2507fc844d5b4e03657a,"{""distance"":5,""physical_error_rate"":5e-06}","{""detectors_checked"":2720}"
         2,         0,         0,   0.139,decoder_by_matrix,e41ade2e4684e0396b9a3890c882b6453b515d69885aa1d89a26ce21ec554895,"{""distance"":5,""physical_error_rate"":1e-06}","{""detectors_checked"":340}"
     21504,         0,         0,    2.19,decoder_by_matrix,066a5d8d46981b593c3dec855f441edbe9e755a8873183448f69d036a2ecc650,"{""distance"":5,""physical_error_rate"":0.001}","{""detection_events"":11055,""detectors_checked"":3655680}"
     16384,         0,         0,    1.64,decoder_by_matrix,9c6baee88fc81e7d1aa345fcb3feec7ee81f21c5d49cb6ca037118097d89e180,"{""distance"":5,""physical_error_rate"":5e-05}","{""detection_events"":400,""detectors_checked"":2785280}"
        64,         0,         0,   0.111,decoder_by_matrix,3c866087b289edc25e9adea730044a15db18cabfd3ae2507fc844d5b4e03657a,"{""distance"":5,""physical_error_rate"":5e-06}","{""detectors_checked"":10880}"
     34816,         0,         0,    3.10,decoder_by_matrix,9c6baee88fc81e7d1aa345fcb3feec7ee81f21c5d49cb6ca037118097d89e180,"{""distance"":5,""physical_error_rate"":5e-05}","{""detection_events"":845,""detectors_checked"":5918720}"
         8,         0,         0,   0.140,decoder_by_matrix,e41ade2e4684e0396b9a3890c882b6453b515d69885aa1d89a26ce21ec554895,"{""distance"":5,""physical_error_rate"":1e-06}","{""detectors_checked"":1360}"
     21504,         7,         0,    2.18,decoder_by_matrix,926aad2e192fb73fc0ac724cdb1e19af2dfa1e49635753b9cefb82507b443f08,"{""distance"":5,""physical_error_rate"":0.005}","{""detection_events"":59280,""detectors_checked"":3655680,""obs_mistake_mask=EE__"":2,""obs_mistake_mask=E_E_"":1,""obs_mistake_mask=E___"":3,""obs_mistake_mask=_E__"":1}"
       256,         0,         0,   0.081,decoder_by_matrix,3c866087b289edc25e9adea730044a15db18cabfd3ae2507fc844d5b4e03657a,"{""distance"":5,""physical_error_rate"":5e-06}","{""detectors_checked"":43520}"
     23552,        46,         0,    2.19,decoder_by_matrix,90a4071835a8081462c190a19e797ba514a4700a252abbae3adc59eefd5a11d7,"{""distance"":5,""physical_error_rate"":0.01}","{""detection_events"":127535,""detectors_checked"":4003840,""obs_mistake_mask=EEE_"":2,""obs_mistake_mask=EE_E"":1,""obs_mistake_mask=EE__"":4,""obs_mistake_mask=E_E_"":3,""obs_mistake_mask=E__E"":4,""obs_mistake_mask=E___"":11,""obs_mistake_mask=_EEE"":3,""obs_mistake_mask=_E_E"":3,""obs_mistake_mask=_E__"":4,""obs_mistake_mask=__EE"":3,""obs_mistake_mask=__E_"":4,""obs_mistake_mask=___E"":4}"
     21504,         0,         0,    2.26,decoder_by_matrix,066a5d8d46981b593c3dec855f441edbe9e755a8873183448f69d036a2ecc650,"{""distance"":5,""physical_error_rate"":0.001}","{""detection_events"":12765,""detectors_checked"":3655680}"
     31744,         1,         0,    3.05,decoder_by_matrix,066a5d8d46981b593c3dec855f441edbe9e755a8873183448f69d036a2ecc650,"{""distance"":5,""physical_error_rate"":0.001}","{""detection_events"":18200,""detectors_checked"":5396480,""obs_mistake_mask=_E__"":1}"
        32,         0,         0,   0.140,decoder_by_matrix,e41ade2e4684e0396b9a3890c882b6453b515d69885aa1d89a26ce21ec554895,"{""distance"":5,""physical_error_rate"":1e-06}","{""detectors_checked"":5440}"
      1024,         0,         0,   0.081,decoder_by_matrix,3c866087b289edc25e9adea730044a15db18cabfd3ae2507fc844d5b4e03657a,"{""distance"":5,""physical_error_rate"":5e-06}","{""detectors_checked"":174080}"
     19456,         0,         0,    2.24,decoder_by_matrix,066a5d8d46981b593c3dec855f441edbe9e755a8873183448f69d036a2ecc650,"{""distance"":5,""physical_error_rate"":0.001}","{""detection_events"":10865,""detectors_checked"":3307520}"
     23552,         0,         0,    2.23,decoder_by_matrix,3c866087b289edc25e9adea730044a15db18cabfd3ae2507fc844d5b4e03657a,"{""distance"":5,""physical_error_rate"":5e-06}","{""detection_events"":45,""detectors_checked"":4003840}"
      5120,         2,         0,   0.619,decoder_by_matrix,926aad2e192fb73fc0ac724cdb1e19af2dfa1e49635753b9cefb82507b443f08,"{""distance"":5,""physical_error_rate"":0.005}","{""detection_events"":14025,""detectors_checked"":870400,""obs_mistake_mask=EEE_"":1,""obs_mistake_mask=__EE"":1}"
      1024,         0,         0,   0.087,decoder_by_matrix,3c866087b289edc25e9adea730044a15db18cabfd3ae2507fc844d5b4e03657a,"{""distance"":5,""physical_error_rate"":5e-06}","{""detectors_checked"":174080}"
     18432,         0,         0,    1.60,decoder_by_matrix,9c6baee88fc81e7d1aa345fcb3feec7ee81f21c5d49cb6ca037118097d89e180,"{""distance"":5,""physical_error_rate"":5e-05}","{""detection_events"":640,""detectors_checked"":3133440}"
       128,         0,         0,   0.140,decoder_by_matrix,e41ade2e4684e0396b9a3890c882b6453b515d69885aa1d89a26ce21ec554895,"{""distance"":5,""physical_error_rate"":1e-06}","{""detectors_checked"":21760}"
     29696,        53,         0,    3.06,decoder_by_matrix,90a4071835a8081462c190a19e797ba514a4700a252abbae3adc59eefd5a11d7,"{""distance"":5,""physical_error_rate"":0.01}","{""detection_events"":162055,""detectors_checked"":5048320,""obs_mistake_mask=EEE_"":1,""obs_mistake_mask=EE_E"":1,""obs_mistake_mask=EE__"":5,""obs_mistake_mask=E_EE"":1,""obs_mistake_mask=E_E_"":2,""obs_mistake_mask=E__E"":2,""obs_mistake_mask=E___"":16,""obs_mistake_mask=_EEE"":1,""obs_mistake_mask=_EE_"":5,""obs_mistake_mask=_E_E"":2,""obs_mistake_mask=_E__"":4,""obs_mistake_mask=__EE"":1,""obs_mistake_mask=__E_"":4,""obs_mistake_mask=___E"":8}"
     22528,         0,         0,    2.20,decoder_by_matrix,e41ade2e4684e0396b9a3890c882b6453b515d69885aa1d89a26ce21ec554895,"{""distance"":5,""physical_error_rate"":1e-06}","{""detectors_checked"":3829760}"
      2048,         0,         0,   0.184,decoder_by_matrix,3c866087b289edc25e9adea730044a15db18cabfd3ae2507fc844d5b4e03657a,"{""distance"":5,""physical_error_rate"":5e-06}","{""detectors_checked"":348160}"
       512,         0,         0,   0.140,decoder_by_matrix,e41ade2e4684e0396b9a3890c882b6453b515d69885aa1d89a26ce21ec554895,"{""distance"":5,""physical_error_rate"":1e-06}","{""detectors_checked"":87040}"
     19456,         0,         0,    2.19,decoder_by_matrix,0421d486f8a041838688df650e87c0a19c3450ab7a7cc8b3dc589ebff86d1c74,"{""distance"":5,""physical_error_rate"":0.0001}","{""detection_events"":1150,""detectors_checked"":3307520}"
     19456,         0,         0,    2.23,decoder_by_matrix,fa5edda0c1038186c8afbec49b0215a0b852396cdb50783a3f937fdf51d2afac,"{""distance"":5,""physical_error_rate"":1e-05}","{""detection_events"":160,""detectors_checked"":3307520}"
     21504,         0,         0,    2.25,decoder_by_matrix,e41ade2e4684e0396b9a3890c882b6453b515d69885aa1d89a26ce21ec554895,"{""distance"":5,""physical_error_rate"":1e-06}","{""detectors_checked"":3655680}"
      1024,         0,         0,   0.137,decoder_by_matrix,e41ade2e4684e0396b9a3890c882b6453b515d69885aa1d89a26ce21ec554895,"{""distance"":5,""physical_error_rate"":1e-06}","{""detectors_checked"":174080}"
      2048,         0,         0,   0.224,decoder_by_matrix,3c866087b289edc25e9adea730044a15db18cabfd3ae2507fc844d5b4e03657a,"{""distance"":5,""physical_error_rate"":5e-06}","{""detectors_checked"":348160}"
     34816,         0,         0,    3.06,decoder_by_matrix,3c866087b289edc25e9adea730044a15db18cabfd3ae2507fc844d5b4e03657a,"{""distance"":5,""physical_error_rate"":5e-06}","{""detection_events"":140,""detectors_checked"":5918720}"
      1024,         0,         0,   0.139,decoder_by_matrix,e41ade2e4684e0396b9a3890c882b6453b515d69885aa1d89a26ce21ec554895,"{""distance"":5,""physical_error_rate"":1e-06}","{""detectors_checked"":174080}"
     13312,         0,         0,    1.57,decoder_by_matrix,0421d486f8a041838688df650e87c0a19c3450ab7a7cc8b3dc589ebff86d1c74,"{""distance"":5,""physical_error_rate"":0.0001}","{""detection_events"":695,""detectors_checked"":2263040}"
      1024,         0,         0,   0.141,decoder_by_matrix,e41ade2e4684e0396b9a3890c882b6453b515d69885aa1d89a26ce21ec554895,"{""distance"":5,""physical_error_rate"":1e-06}","{""detectors_checked"":174080}"
      3072,         0,         0,   0.273,decoder_by_matrix,3c866087b289edc25e9adea730044a15db18cabfd3ae2507fc844d5b4e03657a,"{""distance"":5,""physical_error_rate"":5e-06}","{""detectors_checked"":522240}"
     15360,        37,         0,    1.53,decoder_by_matrix,90a4071835a8081462c190a19e797ba514a4700a252abbae3adc59eefd5a11d7,"{""distance"":5,""physical_error_rate"":0.01}","{""detection_events"":83170,""detectors_checked"":2611200,""obs_mistake_mask=EE__"":3,""obs_mistake_mask=E_EE"":1,""obs_mistake_mask=E_E_"":4,""obs_mistake_mask=E__E"":1,""obs_mistake_mask=E___"":7,""obs_mistake_mask=_EEE"":3,""obs_mistake_mask=_EE_"":1,""obs_mistake_mask=_E_E"":2,""obs_mistake_mask=_E__"":6,""obs_mistake_mask=__EE"":2,""obs_mistake_mask=__E_"":3,""obs_mistake_mask=___E"":4}"
     19456,         0,         0,    2.20,decoder_by_matrix,0421d486f8a041838688df650e87c0a19c3450ab7a7cc8b3dc589ebff86d1c74,"{""distance"":5,""physical_error_rate"":0.0001}","{""detection_events"":1190,""detectors_checked"":3307520}"
     28672,         1,         0,    3.10,decoder_by_matrix,066a5d8d46981b593c3dec855f441edbe9e755a8873183448f69d036a2ecc650,"{""distance"":5,""physical_error_rate"":0.001}","{""detection_events"":17555,""detectors_checked"":4874240,""obs_mistake_mask=_E__"":1}"
     19456,         0,         0,    2.26,decoder_by_matrix,b84cf4b8ca220d31f17e1e2ea9ab927bbc4176b15682c650e7d1dd8f2758172b,"{""distance"":5,""physical_error_rate"":0.0005}","{""detection_events"":6245,""detectors_checked"":3307520}"
     34816,         0,         0,    3.00,decoder_by_matrix,9c6baee88fc81e7d1aa345fcb3feec7ee81f21c5d49cb6ca037118097d89e180,"{""distance"":5,""physical_error_rate"":5e-05}","{""detection_events"":1220,""detectors_checked"":5918720}"
      6144,         2,         0,   0.894,decoder_by_matrix,926aad2e192fb73fc0ac724cdb1e19af2dfa1e49635753b9cefb82507b443f08,"{""distance"":5,""physical_error_rate"":0.005}","{""detection_events"":16845,""detectors_checked"":1044480,""obs_mistake_mask=_E_E"":1,""obs_mistake_mask=___E"":1}"
      2048,         0,         0,   0.306,decoder_by_matrix,e41ade2e4684e0396b9a3890c882b6453b515d69885aa1d89a26ce21ec554895,"{""distance"":5,""physical_error_rate"":1e-06}","{""detectors_checked"":348160}"
     32768,         0,         0,    3.06,decoder_by_matrix,b84cf4b8ca220d31f17e1e2ea9ab927bbc4176b15682c650e7d1dd8f2758172b,"{""distance"":5,""physical_error_rate"":0.0005}","{""detection_events"":10035,""detectors_checked"":5570560}"
      4096,         0,         0,   0.358,decoder_by_matrix,3c866087b289edc25e9adea730044a15db18cabfd3ae2507fc844d5b4e03657a,"{""distance"":5,""physical_error_rate"":5e-06}","{""detectors_checked"":696320}"
     32768,         5,         0,    3.13,decoder_by_matrix,926aad2e192fb73fc0ac724cdb1e19af2dfa1e49635753b9cefb82507b443f08,"{""distance"":5,""physical_error_rate"":0.005}","{""detection_events"":91115,""detectors_checked"":5570560,""obs_mistake_mask=_EE_"":1,""obs_mistake_mask=_E_E"":1,""obs_mistake_mask=__E_"":1,""obs_mistake_mask=___E"":2}"
      3072,         0,         0,   0.424,decoder_by_matrix,e41ade2e4684e0396b9a3890c882b6453b515d69885aa1d89a26ce21ec554895,"{""distance"":5,""physical_error_rate"":1e-06}","{""detectors_checked"":522240}"
     22528,         0,         0,    2.18,decoder_by_matrix,e41ade2e4684e0396b9a3890c882b6453b515d69885aa1d89a26ce21ec554895,"{""distance"":5,""physical_error_rate"":1e-06}","{""detection_events"":10,""detectors_checked"":3829760}"
     18432,         6,         0,    2.24,decoder_by_matrix,926aad2e192fb73fc0ac724cdb1e19af2dfa1e49635753b9cefb82507b443f08,"{""distance"":5,""physical_error_rate"":0.005}","{""detection_events"":51505,""detectors_checked"":3133440,""obs_mistake_mask=EEE_"":1,""obs_mistake_mask=_EEE"":1,""obs_mistake_mask=_E__"":1,""obs_mistake_mask=__EE"":1,""obs_mistake_mask=__E_"":1,""obs_mistake_mask=___E"":1}"
     33792,         0,         0,    3.04,decoder_by_matrix,e41ade2e4684e0396b9a3890c882b6453b515d69885aa1d89a26ce21ec554895,"{""distance"":5,""physical_error_rate"":1e-06}","{""detection_events"":10,""detectors_checked"":5744640}"
     23552,         0,         0,    2.21,decoder_by_matrix,b84cf4b8ca220d31f17e1e2ea9ab927bbc4176b15682c650e7d1dd8f2758172b,"{""distance"":5,""physical_error_rate"":0.0005}","{""detection_events"":6115,""detectors_checked"":4003840}"
      5120,         0,         0,   0.494,decoder_by_matrix,3c866087b289edc25e9adea730044a15db18cabfd3ae2507fc844d5b4e03657a,"{""distance"":5,""physical_error_rate"":5e-06}","{""detection_events"":45,""detectors_checked"":870400}"
     25600,        55,         0,    3.15,decoder_by_matrix,90a4071835a8081462c190a19e797ba514a4700a252abbae3adc59eefd5a11d7,"{""distance"":5,""physical_error_rate"":0.01}","{""detection_events"":136425,""detectors_checked"":4352000,""obs_mistake_mask=EEE_"":4,""obs_mistake_mask=EE_E"":1,""obs_mistake_mask=EE__"":4,""obs_mistake_mask=E_EE"":1,""obs_mistake_mask=E_E_"":2,""obs_mistake_mask=E__E"":4,""obs_mistake_mask=E___"":9,""obs_mistake_mask=_EEE"":5,""obs_mistake_mask=_EE_"":1,""obs_mistake_mask=_E_E"":5,""obs_mistake_mask=_E__"":6,""obs_mistake_mask=__EE"":1,""obs_mistake_mask=__E_"":7,""obs_mistake_mask=___E"":5}"
     26624,         0,         0,    3.12,decoder_by_matrix,b84cf4b8ca220d31f17e1e2ea9ab927bbc4176b15682c650e7d1dd8f2758172b,"{""distance"":5,""physical_error_rate"":0.0005}","{""detection_events"":7700,""detectors_checked"":4526080}"
     30720,        50,         0,    3.07,decoder_by_matrix,90a4071835a8081462c190a19e797ba514a4700a252abbae3adc59eefd5a11d7,"{""distance"":5,""physical_error_rate"":0.01}","{""detection_events"":163985,""detectors_checked"":5222400,""obs_mistake_mask=EEE_"":2,""obs_mistake_mask=EE__"":4,""obs_mistake_mask=E_EE"":3,""obs_mistake_mask=E_E_"":1,""obs_mistake_mask=E__E"":5,""obs_mistake_mask=E___"":13,""obs_mistake_mask=_EEE"":3,""obs_mistake_mask=_EE_"":4,""obs_mistake_mask=_E__"":5,""obs_mistake_mask=__EE"":1,""obs_mistake_mask=__E_"":2,""obs_mistake_mask=___E"":7}"
      3072,         0,         0,   0.444,decoder_by_matrix,e41ade2e4684e0396b9a3890c882b6453b515d69885aa1d89a26ce21ec554895,"{""distance"":5,""physical_error_rate"":1e-06}","{""detectors_checked"":522240}"
     29696,         0,         0,    3.11,decoder_by_matrix,fa5edda0c1038186c8afbec49b0215a0b852396cdb50783a3f937fdf51d2afac,"{""distance"":5,""physical_error_rate"":1e-05}","{""detection_events"":180,""detectors_checked"":5048320}"
     21504,         0,         0,    2.14,decoder_by_matrix,9c6baee88fc81e7d1aa345fcb3feec7ee81f21c5d49cb6ca037118097d89e180,"{""distance"":5,""physical_error_rate"":5e-05}","{""detection_events"":615,""detectors_checked"":3655680}"
     10240,         1,         0,    1.15,decoder_by_matrix,926aad2e192fb73fc0ac724cdb1e19af2dfa1e49635753b9cefb82507b443f08,"{""distance"":5,""physical_error_rate"":0.005}","{""detection_events"":28480,""detectors_checked"":1740800,""obs_mistake_mask=EEE_"":1}"
     51200,         0,         0,    4.28,decoder_by_matrix,fa5edda0c1038186c8afbec49b0215a0b852396cdb50783a3f937fdf51d2afac,"{""distance"":5,""physical_error_rate"":1e-05}","{""detection_events"":365,""detectors_checked"":8704000}"
      7168,         0,         0,   0.667,decoder_by_matrix,3c866087b289edc25e9adea730044a15db18cabfd3ae2507fc844d5b4e03657a,"{""distance"":5,""physical_error_rate"":5e-06}","{""detectors_checked"":1218560}"
     32768,         6,         0,    3.11,decoder_by_matrix,926aad2e192fb73fc0ac724cdb1e19af2dfa1e49635753b9cefb82507b443f08,"{""distance"":5,""physical_error_rate"":0.005}","{""detection_events"":90230,""detectors_checked"":5570560,""obs_mistake_mask=EE__"":1,""obs_mistake_mask=E_E_"":2,""obs_mistake_mask=E___"":1,""obs_mistake_mask=_EE_"":1,""obs_mistake_mask=__E_"":1}"
     24576,         0,         0,    2.26,decoder_by_matrix,9c6baee88fc81e7d1aa345fcb3feec7ee81f21c5d49cb6ca037118097d89e180,"{""distance"":5,""physical_error_rate"":5e-05}","{""detection_events"":755,""detectors_checked"":4177920}"
     33792,         0,         0,    3.06,decoder_by_matrix,0421d486f8a041838688df650e87c0a19c3450ab7a7cc8b3dc589ebff86d1c74,"{""distance"":5,""physical_error_rate"":0.0001}","{""detection_events"":1700,""detectors_checked"":5744640}"
     25600,         0,         0,    3.07,decoder_by_matrix,3c866087b289edc25e9adea730044a15db18cabfd3ae2507fc844d5b4e03657a,"{""distance"":5,""physical_error_rate"":5e-06}","{""detection_events"":75,""detectors_checked"":4352000}"
     43008,         0,         0,    4.26,decoder_by_matrix,0421d486f8a041838688df650e87c0a19c3450ab7a7cc8b3dc589ebff86d1c74,"{""distance"":5,""physical_error_rate"":0.0001}","{""detection_events"":2210,""detectors_checked"":7311360}"
     30720,         0,         0,    3.07,decoder_by_matrix,3c866087b289edc25e9adea730044a15db18cabfd3ae2507fc844d5b4e03657a,"{""distance"":5,""physical_error_rate"":5e-06}","{""detection_events"":90,""detectors_checked"":5222400}"
      5120,         0,         0,   0.701,decoder_by_matrix,e41ade2e4684e0396b9a3890c882b6453b515d69885aa1d89a26ce21ec554895,"{""distance"":5,""physical_error_rate"":1e-06}","{""detectors_checked"":870400}"
     26624,         0,         0,    3.16,decoder_by_matrix,066a5d8d46981b593c3dec855f441edbe9e755a8873183448f69d036a2ecc650,"{""distance"":5,""physical_error_rate"":0.001}","{""detection_events"":15485,""detectors_checked"":4526080}"
     19456,         0,         0,    2.27,decoder_by_matrix,0421d486f8a041838688df650e87c0a19c3450ab7a7cc8b3dc589ebff86d1c74,"{""distance"":5,""physical_error_rate"":0.0001}","{""detection_events"":1120,""detectors_checked"":3307520}"
     30720,        61,         0,    3.03,decoder_by_matrix,90a4071835a8081462c190a19e797ba514a4700a252abbae3adc59eefd5a11d7,"{""distance"":5,""physical_error_rate"":0.01}","{""detection_events"":165155,""detectors_checked"":5222400,""obs_mistake_mask=EE_E"":1,""obs_mistake_mask=EE__"":7,""obs_mistake_mask=E_EE"":3,""obs_mistake_mask=E__E"":7,""obs_mistake_mask=E___"":15,""obs_mistake_mask=_EEE"":2,""obs_mistake_mask=_EE_"":3,""obs_mistake_mask=_E_E"":5,""obs_mistake_mask=_E__"":4,""obs_mistake_mask=__EE"":5,""obs_mistake_mask=__E_"":7,""obs_mistake_mask=___E"":2}"
     31744,         5,         0,    3.09,decoder_by_matrix,926aad2e192fb73fc0ac724cdb1e19af2dfa1e49635753b9cefb82507b443f08,"{""distance"":5,""physical_error_rate"":0.005}","{""detection_events"":88845,""detectors_checked"":5396480,""obs_mistake_mask=EE_E"":1,""obs_mistake_mask=EE__"":1,""obs_mistake_mask=E___"":1,""obs_mistake_mask=_E__"":2}"
     20480,        36,         0,    2.21,decoder_by_matrix,90a4071835a8081462c190a19e797ba514a4700a252abbae3adc59eefd5a11d7,"{""distance"":5,""physical_error_rate"":0.01}","{""detection_events"":112750,""detectors_checked"":3481600,""obs_mistake_mask=EE_E"":1,""obs_mistake_mask=EE__"":3,""obs_mistake_mask=E_E_"":2,""obs_mistake_mask=E__E"":3,""obs_mistake_mask=E___"":10,""obs_mistake_mask=_EEE"":3,""obs_mistake_mask=_EE_"":3,""obs_mistake_mask=_E_E"":5,""obs_mistake_mask=_E__"":3,""obs_mistake_mask=__EE"":2,""obs_mistake_mask=___E"":1}"
         1,         0,         0,   0.176,decoder_by_matrix,066a5d8d46981b593c3dec855f441edbe9e755a8873183448f69d036a2ecc650,"{""distance"":5,""physical_error_rate"":0.001}","{""detectors_checked"":170}"
     32768,         0,         0,    3.16,decoder_by_matrix,066a5d8d46981b593c3dec855f441edbe9e755a8873183448f69d036a2ecc650,"{""distance"":5,""physical_error_rate"":0.001}","{""detection_events"":18790,""detectors_checked"":5570560}"
     31744,         0,         0,    3.07,decoder_by_matrix,3c866087b289edc25e9adea730044a15db18cabfd3ae2507fc844d5b4e03657a,"{""distance"":5,""physical_error_rate"":5e-06}","{""detection_events"":125,""detectors_checked"":5396480}"
     25600,         0,         0,    3.13,decoder_by_matrix,066a5d8d46981b593c3dec855f441edbe9e755a8873183448f69d036a2ecc650,"{""distance"":5,""physical_error_rate"":0.001}","{""detection_events"":14640,""detectors_checked"":4352000}"
      9216,         0,         0,   0.926,decoder_by_matrix,3c866087b289edc25e9adea730044a15db18cabfd3ae2507fc844d5b4e03657a,"{""distance"":5,""physical_error_rate"":5e-06}","{""detection_events"":5,""detectors_checked"":1566720}"
         2,         0,         0,   0.162,decoder_by_matrix,066a5d8d46981b593c3dec855f441edbe9e755a8873183448f69d036a2ecc650,"{""distance"":5,""physical_error_rate"":0.001}","{""detectors_checked"":340}"
     32768,         0,         0,    3.07,decoder_by_matrix,e41ade2e4684e0396b9a3890c882b6453b515d69885aa1d89a26ce21ec554895,"{""distance"":5,""physical_error_rate"":1e-06}","{""detectors_checked"":5570560}"
         4,         0,         0,   0.140,decoder_by_matrix,066a5d8d46981b593c3dec855f441edbe9e755a8873183448f69d036a2ecc650,"{""distance"":5,""physical_error_rate"":0.001}","{""detectors_checked"":680}"
     25600,         0,         0,    3.08,decoder_by_matrix,fa5edda0c1038186c8afbec49b0215a0b852396cdb50783a3f937fdf51d2afac,"{""distance"":5,""physical_error_rate"":1e-05}","{""detection_events"":130,""detectors_checked"":4352000}"
     31744,         0,         0,    3.03,decoder_by_matrix,e41ade2e4684e0396b9a3890c882b6453b515d69885aa1d89a26ce21ec554895,"{""distance"":5,""physical_error_rate"":1e-06}","{""detection_events"":20,""detectors_checked"":5396480}"
     26624,         0,         0,    3.14,decoder_by_matrix,0421d486f8a041838688df650e87c0a19c3450ab7a7cc8b3dc589ebff86d1c74,"{""distance"":5,""physical_error_rate"":0.0001}","{""detection_events"":1320,""detectors_checked"":4526080}"
      6144,         0,         0,   0.898,decoder_by_matrix,e41ade2e4684e0396b9a3890c882b6453b515d69885aa1d89a26ce21ec554895,"{""distance"":5,""physical_error_rate"":1e-06}","{""detectors_checked"":1044480}"
        16,         0,         0,   0.140,decoder_by_matrix,066a5d8d46981b593c3dec855f441edbe9e755a8873183448f69d036a2ecc650,"{""distance"":5,""physical_error_rate"":0.001}","{""detectors_checked"":2720}"
        64,         0,         0,   0.140,decoder_by_matrix,066a5d8d46981b593c3dec855f441edbe9e755a8873183448f69d036a2ecc650,"{""distance"":5,""physical_error_rate"":0.001}","{""detection_events"":25,""detectors_checked"":10880}"
     13312,         4,         0,    1.60,decoder_by_matrix,926aad2e192fb73fc0ac724cdb1e19af2dfa1e49635753b9cefb82507b443f08,"{""distance"":5,""physical_error_rate"":0.005}","{""detection_events"":36405,""detectors_checked"":2263040,""obs_mistake_mask=EEE_"":1,""obs_mistake_mask=E___"":1,""obs_mistake_mask=__E_"":2}"
       256,         0,         0,   0.139,decoder_by_matrix,066a5d8d46981b593c3dec855f441edbe9e755a8873183448f69d036a2ecc650,"{""distance"":5,""physical_error_rate"":0.001}","{""detection_events"":115,""detectors_checked"":43520}"
     45056,         0,         0,    4.23,decoder_by_matrix,fa5edda0c1038186c8afbec49b0215a0b852396cdb50783a3f937fdf51d2afac,"{""distance"":5,""physical_error_rate"":1e-05}","{""detection_events"":285,""detectors_checked"":7659520}"
     24576,         0,         0,    3.04,decoder_by_matrix,b84cf4b8ca220d31f17e1e2ea9ab927bbc4176b15682c650e7d1dd8f2758172b,"{""distance"":5,""physical_error_rate"":0.0005}","{""detection_events"":6300,""detectors_checked"":4177920}"
      1024,         0,         0,   0.142,decoder_by_matrix,066a5d8d46981b593c3dec855f441edbe9e755a8873183448f69d036a2ecc650,"{""distance"":5,""physical_error_rate"":0.001}","{""detection_events"":630,""detectors_checked"":174080}"
     25600,         0,         0,    3.14,decoder_by_matrix,0421d486f8a041838688df650e87c0a19c3450ab7a7cc8b3dc589ebff86d1c74,"{""distance"":5,""physical_error_rate"":0.0001}","{""detection_events"":1200,""detectors_checked"":4352000}"
     48128,         0,         0,    4.23,decoder_by_matrix,9c6baee88fc81e7d1aa345fcb3feec7ee81f21c5d49cb6ca037118097d89e180,"{""distance"":5,""physical_error_rate"":5e-05}","{""detection_events"":1025,""detectors_checked"":8181760}"
      1024,         0,         0,   0.166,decoder_by_matrix,066a5d8d46981b593c3dec855f441edbe9e755a8873183448f69d036a2ecc650,"{""distance"":5,""physical_error_rate"":0.001}","{""detection_events"":465,""detectors_checked"":174080}"
     49152,         0,         0,    4.30,decoder_by_matrix,066a5d8d46981b593c3dec855f441edbe9e755a8873183448f69d036a2ecc650,"{""distance"":5,""physical_error_rate"":0.001}","{""detection_events"":27220,""detectors_checked"":8355840}"
     12288,         0,         0,    1.18,decoder_by_matrix,3c866087b289edc25e9adea730044a15db18cabfd3ae2507fc844d5b4e03657a,"{""distance"":5,""physical_error_rate"":5e-06}","{""detection_events"":15,""detectors_checked"":2088960}"
      2048,         0,         0,   0.310,decoder_by_matrix,066a5d8d46981b593c3dec855f441edbe9e755a8873183448f69d036a2ecc650,"{""distance"":5,""physical_error_rate"":0.001}","{""detection_events"":1340,""detectors_checked"":348160}"
     46080,        83,         0,    4.31,decoder_by_matrix,90a4071835a8081462c190a19e797ba514a4700a252abbae3adc59eefd5a11d7,"{""distance"":5,""physical_error_rate"":0.01}","{""detection_events"":247425,""detectors_checked"":7833600,""obs_mistake_mask=EEE_"":2,""obs_mistake_mask=EE_E"":3,""obs_mistake_mask=EE__"":4,""obs_mistake_mask=E_EE"":2,""obs_mistake_mask=E_E_"":5,""obs_mistake_mask=E__E"":5,""obs_mistake_mask=E___"":15,""obs_mistake_mask=_EEE"":4,""obs_mistake_mask=_EE_"":8,""obs_mistake_mask=_E__"":9,""obs_mistake_mask=__EE"":7,""obs_mistake_mask=__E_"":8,""obs_mistake_mask=___E"":11}"
     32768,         0,         0,    3.15,decoder_by_matrix,e41ade2e4684e0396b9a3890c882b6453b515d69885aa1d89a26ce21ec554895,"{""distance"":5,""physical_error_rate"":1e-06}","{""detection_events"":20,""detectors_checked"":5570560}"
     34816,         0,         0,    3.06,decoder_by_matrix,b84cf4b8ca220d31f17e1e2ea9ab927bbc4176b15682c650e7d1dd8f2758172b,"{""distance"":5,""physical_error_rate"":0.0005}","{""detection_events"":10260,""detectors_checked"":5918720}"
      8192,         0,         0,    1.16,decoder_by_matrix,e41ade2e4684e0396b9a3890c882b6453b515d69885aa1d89a26ce21ec554895,"{""distance"":5,""physical_error_rate"":1e-06}","{""detectors_checked"":1392640}"
     24576,         7,         0,    3.11,decoder_by_matrix,926aad2e192fb73fc0ac724cdb1e19af2dfa1e49635753b9cefb82507b443f08,"{""distance"":5,""physical_error_rate"":0.005}","{""detection_events"":67890,""detectors_checked"":4177920,""obs_mistake_mask=E__E"":1,""obs_mistake_mask=E___"":3,""obs_mistake_mask=_EEE"":1,""obs_mistake_mask=__E_"":1,""obs_mistake_mask=___E"":1}"
      2048,         1,         0,   0.309,decoder_by_matrix,066a5d8d46981b593c3dec855f441edbe9e755a8873183448f69d036a2ecc650,"{""distance"":5,""physical_error_rate"":0.001}","{""detection_events"":1265,""detectors_checked"":348160,""obs_mistake_mask=E_E_"":1}"
     49152,         0,         0,    4.24,decoder_by_matrix,3c866087b289edc25e9adea730044a15db18cabfd3ae2507fc844d5b4e03657a,"{""distance"":5,""physical_error_rate"":5e-06}","{""detection_events"":45,""detectors_checked"":8355840}"
      2048,         0,         0,   0.335,decoder_by_matrix,066a5d8d46981b593c3dec855f441edbe9e755a8873183448f69d036a2ecc650,"{""distance"":5,""physical_error_rate"":0.001}","{""detection_events"":1180,""detectors_checked"":348160}"
     31744,         0,         0,    3.11,decoder_by_matrix,9c6baee88fc81e7d1aa345fcb3feec7ee81f21c5d49cb6ca037118097d89e180,"{""distance"":5,""physical_error_rate"":5e-05}","{""detection_events"":925,""detectors_checked"":5396480}"
     35840,         0,         0,    4.23,decoder_by_matrix,066a5d8d46981b593c3dec855f441edbe9e755a8873183448f69d036a2ecc650,"{""distance"":5,""physical_error_rate"":0.001}","{""detection_events"":20375,""detectors_checked"":6092800}"
     49152,         0,         0,    4.28,decoder_by_matrix,9c6baee88fc81e7d1aa345fcb3feec7ee81f21c5d49cb6ca037118097d89e180,"{""distance"":5,""physical_error_rate"":5e-05}","{""detection_events"":1225,""detectors_checked"":8355840}"
     48128,         0,         0,    4.33,decoder_by_matrix,b84cf4b8ca220d31f17e1e2ea9ab927bbc4176b15682c650e7d1dd8f2758172b,"{""distance"":5,""physical_error_rate"":0.0005}","{""detection_events"":14850,""detectors_checked"":8181760}"
     28672,         0,         0,    3.08,decoder_by_matrix,9c6baee88fc81e7d1aa345fcb3feec7ee81f21c5d49cb6ca037118097d89e180,"{""distance"":5,""physical_error_rate"":5e-05}","{""detection_events"":875,""detectors_checked"":4874240}"
      3072,         0,         0,   0.486,decoder_by_matrix,066a5d8d46981b593c3dec855f441edbe9e755a8873183448f69d036a2ecc650,"{""distance"":5,""physical_error_rate"":0.001}","{""detection_events"":1915,""detectors_checked"":522240}"
     46080,        10,         0,    4.29,decoder_by_matrix,926aad2e192fb73fc0ac724cdb1e19af2dfa1e49635753b9cefb82507b443f08,"{""distance"":5,""physical_error_rate"":0.005}","{""detection_events"":126180,""detectors_checked"":7833600,""obs_mistake_mask=EE__"":1,""obs_mistake_mask=E_E_"":1,""obs_mistake_mask=E___"":3,""obs_mistake_mask=_EEE"":1,""obs_mistake_mask=_E_E"":1,""obs_mistake_mask=_E__"":2,""obs_mistake_mask=___E"":1}"
     41984,         0,         0,    4.27,decoder_by_matrix,e41ade2e4684e0396b9a3890c882b6453b515d69885aa1d89a26ce21ec554895,"{""distance"":5,""physical_error_rate"":1e-06}","{""detection_events"":10,""detectors_checked"":7137280}"
     16384,         0,         0,    1.55,decoder_by_matrix,3c866087b289edc25e9adea730044a15db18cabfd3ae2507fc844d5b4e03657a,"{""distance"":5,""physical_error_rate"":5e-06}","{""detection_events"":10,""detectors_checked"":2785280}"
     18432,         2,         0,    2.26,decoder_by_matrix,926aad2e192fb73fc0ac724cdb1e19af2dfa1e49635753b9cefb82507b443f08,"{""distance"":5,""physical_error_rate"":0.005}","{""detection_events"":51545,""detectors_checked"":3133440,""obs_mistake_mask=E___"":1,""obs_mistake_mask=_EEE"":1}"
     24576,         0,         0,    3.09,decoder_by_matrix,0421d486f8a041838688df650e87c0a19c3450ab7a7cc8b3dc589ebff86d1c74,"{""distance"":5,""physical_error_rate"":0.0001}","{""detection_events"":1095,""detectors_checked"":4177920}"
     39936,        84,         0,    4.24,decoder_by_matrix,90a4071835a8081462c190a19e797ba514a4700a252abbae3adc59eefd5a11d7,"{""distance"":5,""physical_error_rate"":0.01}","{""detection_events"":217050,""detectors_checked"":6789120,""obs_mistake_mask=EEE_"":3,""obs_mistake_mask=EE_E"":3,""obs_mistake_mask=EE__"":4,""obs_mistake_mask=E_E_"":5,""obs_mistake_mask=E__E"":6,""obs_mistake_mask=E___"":20,""obs_mistake_mask=_EEE"":4,""obs_mistake_mask=_EE_"":4,""obs_mistake_mask=_E_E"":3,""obs_mistake_mask=_E__"":9,""obs_mistake_mask=__EE"":6,""obs_mistake_mask=__E_"":6,""obs_mistake_mask=___E"":11}"
     34816,        62,         0,    4.36,decoder_by_matrix,90a4071835a8081462c190a19e797ba514a4700a252abbae3adc59eefd5a11d7,"{""distance"":5,""physical_error_rate"":0.01}","{""detection_events"":189855,""detectors_checked"":5918720,""obs_mistake_mask=EEEE"":1,""obs_mistake_mask=EE_E"":2,""obs_mistake_mask=EE__"":7,""obs_mistake_mask=E_EE"":3,""obs_mistake_mask=E_E_"":4,""obs_mistake_mask=E__E"":6,""obs_mistake_mask=E___"":11,""obs_mistake_mask=_EEE"":3,""obs_mistake_mask=_EE_"":3,""obs_mistake_mask=_E_E"":4,""obs_mistake_mask=_E__"":4,""obs_mistake_mask=__EE"":2,""obs_mistake_mask=__E_"":8,""obs_mistake_mask=___E"":4}"
     48128,         0,         0,    4.28,decoder_by_matrix,b84cf4b8ca220d31f17e1e2ea9ab927bbc4176b15682c650e7d1dd8f2758172b,"{""distance"":5,""physical_error_rate"":0.0005}","{""detection_events"":14140,""detectors_checked"":8181760}"
     30720,        55,         0,    3.11,decoder_by_matrix,90a4071835a8081462c190a19e797ba514a4700a252abbae3adc59eefd5a11d7,"{""distance"":5,""physical_error_rate"":0.01}","{""detection_events"":166870,""detectors_checked"":5222400,""obs_mistake_mask=EEE_"":2,""obs_mistake_mask=EE_E"":2,""obs_mistake_mask=EE__"":3,""obs_mistake_mask=E_E_"":2,""obs_mistake_mask=E__E"":4,""obs_mistake_mask=E___"":12,""obs_mistake_mask=_EEE"":6,""obs_mistake_mask=_EE_"":1,""obs_mistake_mask=_E_E"":2,""obs_mistake_mask=_E__"":7,""obs_mistake_mask=__EE"":1,""obs_mistake_mask=__E_"":2,""obs_mistake_mask=___E"":11}"
      4096,         0,         0,   0.647,decoder_by_matrix,066a5d8d46981b593c3dec855f441edbe9e755a8873183448f69d036a2ecc650,"{""distance"":5,""physical_error_rate"":0.001}","{""detection_events"":2030,""detectors_checked"":696320}"
     49152,         0,         0,    4.25,decoder_by_matrix,fa5edda0c1038186c8afbec49b0215a0b852396cdb50783a3f937fdf51d2afac,"{""distance"":5,""physical_error_rate"":1e-05}","{""detection_events"":325,""detectors_checked"":8355840}"
     11264,         0,         0,    1.68,decoder_by_matrix,e41ade2e4684e0396b9a3890c882b6453b515d69885aa1d89a26ce21ec554895,"{""distance"":5,""physical_error_rate"":1e-06}","{""detection_events"":10,""detectors_checked"":1914880}"
         1,         0,         0,   0.161,decoder_by_matrix,fa5edda0c1038186c8afbec49b0215a0b852396cdb50783a3f937fdf51d2afac,"{""distance"":5,""physical_error_rate"":1e-05}","{""detectors_checked"":170}"
         1,         0,         0,   0.190,decoder_by_matrix,9c6baee88fc81e7d1aa345fcb3feec7ee81f21c5d49cb6ca037118097d89e180,"{""distance"":5,""physical_error_rate"":5e-05}","{""detectors_checked"":170}"
     45056,         9,         0,    4.22,decoder_by_matrix,926aad2e192fb73fc0ac724cdb1e19af2dfa1e49635753b9cefb82507b443f08,"{""distance"":5,""physical_error_rate"":0.005}","{""detection_events"":125145,""detectors_checked"":7659520,""obs_mistake_mask=EE__"":3,""obs_mistake_mask=E___"":2,""obs_mistake_mask=_EEE"":1,""obs_mistake_mask=_EE_"":1,""obs_mistake_mask=__E_"":2}"
         2,         0,         0,   0.139,decoder_by_matrix,fa5edda0c1038186c8afbec49b0215a0b852396cdb50783a3f937fdf51d2afac,"{""distance"":5,""physical_error_rate"":1e-05}","{""detectors_checked"":340}"
         2,         0,         0,   0.142,decoder_by_matrix,9c6baee88fc81e7d1aa345fcb3feec7ee81f21c5d49cb6ca037118097d89e180,"{""distance"":5,""physical_error_rate"":5e-05}","{""detectors_checked"":340}"
     36864,         0,         0,    4.28,decoder_by_matrix,3c866087b289edc25e9adea730044a15db18cabfd3ae2507fc844d5b4e03657a,"{""distance"":5,""physical_error_rate"":5e-06}","{""detection_events"":130,""detectors_checked"":6266880}"
     48128,         0,         0,    4.25,decoder_by_matrix,0421d486f8a041838688df650e87c0a19c3450ab7a7cc8b3dc589ebff86d1c74,"{""distance"":5,""physical_error_rate"":0.0001}","{""detection_events"":2915,""detectors_checked"":8181760}"
     45056,         0,         0,    4.29,decoder_by_matrix,3c866087b289edc25e9adea730044a15db18cabfd3ae2507fc844d5b4e03657a,"{""distance"":5,""physical_error_rate"":5e-06}","{""detection_events"":75,""detectors_checked"":7659520}"
         8,         0,         0,   0.137,decoder_by_matrix,9c6baee88fc81e7d1aa345fcb3feec7ee81f21c5d49cb6ca037118097d89e180,"{""distance"":5,""physical_error_rate"":5e-05}","{""detectors_checked"":1360}"
         8,         0,         0,   0.149,decoder_by_matrix,fa5edda0c1038186c8afbec49b0215a0b852396cdb50783a3f937fdf51d2afac,"{""distance"":5,""physical_error_rate"":1e-05}","{""detectors_checked"":1360}"
        32,         0,         0,   0.141,decoder_by_matrix,9c6baee88fc81e7d1aa345fcb3feec7ee81f21c5d49cb6ca037118097d89e180,"{""distance"":5,""physical_error_rate"":5e-05}","{""detectors_checked"":5440}"
        32,         0,         0,   0.140,decoder_by_matrix,fa5edda0c1038186c8afbec49b0215a0b852396cdb50783a3f937fdf51d2afac,"{""distance"":5,""physical_error_rate"":1e-05}","{""detectors_checked"":5440}"
      5120,         0,         0,   0.806,decoder_by_matrix,066a5d8d46981b593c3dec855f441edbe9e755a8873183448f69d036a2ecc650,"{""distance"":5,""physical_error_rate"":0.001}","{""detection_events"":3110,""detectors_checked"":870400}"
       128,         0,         0,   0.136,decoder_by_matrix,fa5edda0c1038186c8afbec49b0215a0b852396cdb50783a3f937fdf51d2afac,"{""distance"":5,""physical_error_rate"":1e-05}","{""detectors_checked"":21760}"
       128,         0,         0,   0.145,decoder_by_matrix,9c6baee88fc81e7d1aa345fcb3feec7ee81f21c5d49cb6ca037118097d89e180,"{""distance"":5,""physical_error_rate"":5e-05}","{""detectors_checked"":21760}"
     36864,         0,         0,    4.31,decoder_by_matrix,066a5d8d46981b593c3dec855f441edbe9e755a8873183448f69d036a2ecc650,"{""distance"":5,""physical_error_rate"":0.001}","{""detection_events"":22185,""detectors_checked"":6266880}"
     45056,        73,         0,    4.30,decoder_by_matrix,90a4071835a8081462c190a19e797ba514a4700a252abbae3adc59eefd5a11d7,"{""distance"":5,""physical_error_rate"":0.01}","{""detection_events"":242510,""detectors_checked"":7659520,""obs_mistake_mask=EEE_"":1,""obs_mistake_mask=EE_E"":1,""obs_mistake_mask=EE__"":6,""obs_mistake_mask=E_E_"":7,""obs_mistake_mask=E__E"":3,""obs_mistake_mask=E___"":21,""obs_mistake_mask=_EEE"":3,""obs_mistake_mask=_EE_"":3,""obs_mistake_mask=_E_E"":3,""obs_mistake_mask=_E__"":4,""obs_mistake_mask=__EE"":2,""obs_mistake_mask=__E_"":14,""obs_mistake_mask=___E"":5}"
       512,         0,         0,   0.179,decoder_by_matrix,9c6baee88fc81e7d1aa345fcb3feec7ee81f21c5d49cb6ca037118097d89e180,"{""distance"":5,""physical_error_rate"":5e-05}","{""detection_events"":20,""detectors_checked"":87040}"
       512,         0,         0,   0.185,decoder_by_matrix,fa5edda0c1038186c8afbec49b0215a0b852396cdb50783a3f937fdf51d2afac,"{""distance"":5,""physical_error_rate"":1e-05}","{""detectors_checked"":87040}"
     36864,         8,         0,    4.28,decoder_by_matrix,926aad2e192fb73fc0ac724cdb1e19af2dfa1e49635753b9cefb82507b443f08,"{""distance"":5,""physical_error_rate"":0.005}","{""detection_events"":101665,""detectors_checked"":6266880,""obs_mistake_mask=E_E_"":1,""obs_mistake_mask=E__E"":1,""obs_mistake_mask=E___"":1,""obs_mistake_mask=_EEE"":1,""obs_mistake_mask=_E__"":3,""obs_mistake_mask=___E"":1}"
         1,         0,         0,   0.055,decoder_by_matrix,90a4071835a8081462c190a19e797ba514a4700a252abbae3adc59eefd5a11d7,"{""distance"":5,""physical_error_rate"":0.01}","{""detectors_checked"":170}"
         8,         0,         0,   0.034,decoder_by_matrix,90a4071835a8081462c190a19e797ba514a4700a252abbae3adc59eefd5a11d7,"{""distance"":5,""physical_error_rate"":0.01}","{""detection_events"":40,""detectors_checked"":1360}"
      1024,         0,         0,   0.081,decoder_by_matrix,9c6baee88fc81e7d1aa345fcb3feec7ee81f21c5d49cb6ca037118097d89e180,"{""distance"":5,""physical_error_rate"":5e-05}","{""detection_events"":65,""detectors_checked"":174080}"
     36864,         0,         0,    4.31,decoder_by_matrix,066a5d8d46981b593c3dec855f441edbe9e755a8873183448f69d036a2ecc650,"{""distance"":5,""physical_error_rate"":0.001}","{""detection_events"":19475,""detectors_checked"":6266880}"
       128,         1,         0,   0.034,decoder_by_matrix,90a4071835a8081462c190a19e797ba514a4700a252abbae3adc59eefd5a11d7,"{""distance"":5,""physical_error_rate"":0.01}","{""detection_events"":695,""detectors_checked"":21760,""obs_mistake_mask=E___"":1}"
     51200,         0,         0,    4.25,decoder_by_matrix,3c866087b289edc25e9adea730044a15db18cabfd3ae2507fc844d5b4e03657a,"{""distance"":5,""physical_error_rate"":5e-06}","{""detection_events"":115,""detectors_checked"":8704000}"
      1024,         0,         0,   0.149,decoder_by_matrix,fa5edda0c1038186c8afbec49b0215a0b852396cdb50783a3f937fdf51d2afac,"{""distance"":5,""physical_error_rate"":1e-05}","{""detectors_checked"":174080}"
      1024,         2,         0,   0.044,decoder_by_matrix,90a4071835a8081462c190a19e797ba514a4700a252abbae3adc59eefd5a11d7,"{""distance"":5,""physical_error_rate"":0.01}","{""detection_events"":5680,""detectors_checked"":174080,""obs_mistake_mask=_EE_"":1,""obs_mistake_mask=_E_E"":1}"
      2048,         3,         0,   0.088,decoder_by_matrix,90a4071835a8081462c190a19e797ba514a4700a252abbae3adc59eefd5a11d7,"{""distance"":5,""physical_error_rate"":0.01}","{""detection_events"":11425,""detectors_checked"":348160,""obs_mistake_mask=E_E_"":1,""obs_mistake_mask=E___"":1,""obs_mistake_mask=_EEE"":1}"
     36864,         0,         0,    4.34,decoder_by_matrix,066a5d8d46981b593c3dec855f441edbe9e755a8873183448f69d036a2ecc650,"{""distance"":5,""physical_error_rate"":0.001}","{""detection_events"":22180,""detectors_checked"":6266880}"
      2048,         0,         0,   0.196,decoder_by_matrix,9c6baee88fc81e7d1aa345fcb3feec7ee81f21c5d49cb6ca037118097d89e180,"{""distance"":5,""physical_error_rate"":5e-05}","{""detection_events"":100,""detectors_checked"":348160}"
      1024,         0,         0,   0.132,decoder_by_matrix,fa5edda0c1038186c8afbec49b0215a0b852396cdb50783a3f937fdf51d2afac,"{""distance"":5,""physical_error_rate"":1e-05}","{""detectors_checked"":174080}"
      1024,         4,         0,   0.035,decoder_by_matrix,90a4071835a8081462c190a19e797ba514a4700a252abbae3adc59eefd5a11d7,"{""distance"":5,""physical_error_rate"":0.01}","{""detection_events"":5330,""detectors_checked"":174080,""obs_mistake_mask=EE__"":1,""obs_mistake_mask=E___"":1,""obs_mistake_mask=_EEE"":1,""obs_mistake_mask=___E"":1}"
     45056,         0,         0,    4.33,decoder_by_matrix,e41ade2e4684e0396b9a3890c882b6453b515d69885aa1d89a26ce21ec554895,"{""distance"":5,""physical_error_rate"":1e-06}","{""detection_events"":25,""detectors_checked"":7659520}"
     38912,         0,         0,    4.24,decoder_by_matrix,fa5edda0c1038186c8afbec49b0215a0b852396cdb50783a3f937fdf51d2afac,"{""distance"":5,""physical_error_rate"":1e-05}","{""detection_events"":250,""detectors_checked"":6615040}"
      2048,         1,         0,   0.088,decoder_by_matrix,90a4071835a8081462c190a19e797ba514a4700a252abbae3adc59eefd5a11d7,"{""distance"":5,""physical_error_rate"":0.01}","{""detection_events"":10500,""detectors_checked"":348160,""obs_mistake_mask=_E__"":1}"
     44032,         0,         0,    4.28,decoder_by_matrix,e41ade2e4684e0396b9a3890c882b6453b515d69885aa1d89a26ce21ec554895,"{""distance"":5,""physical_error_rate"":1e-06}","{""detection_events"":25,""detectors_checked"":7485440}"
     35840,         0,         0,    4.27,decoder_by_matrix,0421d486f8a041838688df650e87c0a19c3450ab7a7cc8b3dc589ebff86d1c74,"{""distance"":5,""physical_error_rate"":0.0001}","{""detection_events"":2190,""detectors_checked"":6092800}"
      2048,         0,         0,   0.252,decoder_by_matrix,9c6baee88fc81e7d1aa345fcb3feec7ee81f21c5d49cb6ca037118097d89e180,"{""distance"":5,""physical_error_rate"":5e-05}","{""detection_events"":110,""detectors_checked"":348160}"
      2048,         0,         0,   0.272,decoder_by_matrix,fa5edda0c1038186c8afbec49b0215a0b852396cdb50783a3f937fdf51d2afac,"{""distance"":5,""physical_error_rate"":1e-05}","{""detection_events"":65,""detectors_checked"":348160}"
      2048,         2,         0,   0.139,decoder_by_matrix,90a4071835a8081462c190a19e797ba514a4700a252abbae3adc59eefd5a11d7,"{""distance"":5,""physical_error_rate"":0.01}","{""detection_events"":11375,""detectors_checked"":348160,""obs_mistake_mask=E___"":1,""obs_mistake_mask=_EEE"":1}"
      3072,         4,         0,   0.187,decoder_by_matrix,90a4071835a8081462c190a19e797ba514a4700a252abbae3adc59eefd5a11d7,"{""distance"":5,""physical_error_rate"":0.01}","{""detection_events"":16680,""detectors_checked"":522240,""obs_mistake_mask=EEE_"":1,""obs_mistake_mask=E___"":1,""obs_mistake_mask=_EEE"":1,""obs_mistake_mask=__E_"":1}"
      2048,         0,         0,   0.217,decoder_by_matrix,fa5edda0c1038186c8afbec49b0215a0b852396cdb50783a3f937fdf51d2afac,"{""distance"":5,""physical_error_rate"":1e-05}","{""detectors_checked"":348160}"
         1,         0,         0,   0.127,decoder_by_matrix,b84cf4b8ca220d31f17e1e2ea9ab927bbc4176b15682c650e7d1dd8f2758172b,"{""distance"":5,""physical_error_rate"":0.0005}","{""detectors_checked"":170}"
      2048,         0,         0,   0.257,decoder_by_matrix,9c6baee88fc81e7d1aa345fcb3feec7ee81f21c5d49cb6ca037118097d89e180,"{""distance"":5,""physical_error_rate"":5e-05}","{""detection_events"":145,""detectors_checked"":348160}"
     21504,         0,         0,    2.24,decoder_by_matrix,3c866087b289edc25e9adea730044a15db18cabfd3ae2507fc844d5b4e03657a,"{""distance"":5,""physical_error_rate"":5e-06}","{""detection_events"":125,""detectors_checked"":3655680}"
      9216,         0,         0,    1.19,decoder_by_matrix,066a5d8d46981b593c3dec855f441edbe9e755a8873183448f69d036a2ecc650,"{""distance"":5,""physical_error_rate"":0.001}","{""detection_events"":5205,""detectors_checked"":1566720}"
         4,         0,         0,   0.098,decoder_by_matrix,b84cf4b8ca220d31f17e1e2ea9ab927bbc4176b15682c650e7d1dd8f2758172b,"{""distance"":5,""physical_error_rate"":0.0005}","{""detection_events"":30,""detectors_checked"":680}"
     36864,         0,         0,    4.35,decoder_by_matrix,b84cf4b8ca220d31f17e1e2ea9ab927bbc4176b15682c650e7d1dd8f2758172b,"{""distance"":5,""physical_error_rate"":0.0005}","{""detection_events"":9675,""detectors_checked"":6266880}"
      3072,         4,         0,   0.211,decoder_by_matrix,90a4071835a8081462c190a19e797ba514a4700a252abbae3adc59eefd5a11d7,"{""distance"":5,""physical_error_rate"":0.01}","{""detection_events"":16940,""detectors_checked"":522240,""obs_mistake_mask=EE_E"":2,""obs_mistake_mask=_EEE"":1,""obs_mistake_mask=__E_"":1}"
     67584,         0,         0,    5.99,decoder_by_matrix,fa5edda0c1038186c8afbec49b0215a0b852396cdb50783a3f937fdf51d2afac,"{""distance"":5,""physical_error_rate"":1e-05}","{""detection_events"":505,""detectors_checked"":11489280}"
        16,         0,         0,   0.112,decoder_by_matrix,b84cf4b8ca220d31f17e1e2ea9ab927bbc4176b15682c650e7d1dd8f2758172b,"{""distance"":5,""physical_error_rate"":0.0005}","{""detectors_checked"":2720}"
     36864,         0,         0,    4.36,decoder_by_matrix,0421d486f8a041838688df650e87c0a19c3450ab7a7cc8b3dc589ebff86d1c74,"{""distance"":5,""physical_error_rate"":0.0001}","{""detection_events"":1965,""detectors_checked"":6266880}"
        64,         0,         0,   0.090,decoder_by_matrix,b84cf4b8ca220d31f17e1e2ea9ab927bbc4176b15682c650e7d1dd8f2758172b,"{""distance"":5,""physical_error_rate"":0.0005}","{""detection_events"":35,""detectors_checked"":10880}"
      3072,         0,         0,   0.354,decoder_by_matrix,fa5edda0c1038186c8afbec49b0215a0b852396cdb50783a3f937fdf51d2afac,"{""distance"":5,""physical_error_rate"":1e-05}","{""detection_events"":10,""detectors_checked"":522240}"
     64512,         0,         0,    5.99,decoder_by_matrix,0421d486f8a041838688df650e87c0a19c3450ab7a7cc8b3dc589ebff86d1c74,"{""distance"":5,""physical_error_rate"":0.0001}","{""detection_events"":3490,""detectors_checked"":10967040}"
         1,         0,         0,   0.131,decoder_by_matrix,926aad2e192fb73fc0ac724cdb1e19af2dfa1e49635753b9cefb82507b443f08,"{""distance"":5,""physical_error_rate"":0.005}","{""detectors_checked"":170}"
      3072,         0,         0,   0.368,decoder_by_matrix,9c6baee88fc81e7d1aa345fcb3feec7ee81f21c5d49cb6ca037118097d89e180,"{""distance"":5,""physical_error_rate"":5e-05}","{""detection_events"":100,""detectors_checked"":522240}"
     32768,         0,         0,    2.17,decoder_by_matrix,e41ade2e4684e0396b9a3890c882b6453b515d69885aa1d89a26ce21ec554895,"{""distance"":5,""physical_error_rate"":1e-06}","{""detection_events"":95,""detectors_checked"":5570560}"
       256,         0,         0,   0.094,decoder_by_matrix,b84cf4b8ca220d31f17e1e2ea9ab927bbc4176b15682c650e7d1dd8f2758172b,"{""distance"":5,""physical_error_rate"":0.0005}","{""detection_events"":70,""detectors_checked"":43520}"
      4096,         7,         0,   0.289,decoder_by_matrix,90a4071835a8081462c190a19e797ba514a4700a252abbae3adc59eefd5a11d7,"{""distance"":5,""physical_error_rate"":0.01}","{""detection_events"":21995,""detectors_checked"":696320,""obs_mistake_mask=EE__"":1,""obs_mistake_mask=E_E_"":1,""obs_mistake_mask=E___"":2,""obs_mistake_mask=_EEE"":2,""obs_mistake_mask=__EE"":1}"
         4,         0,         0,   0.113,decoder_by_matrix,926aad2e192fb73fc0ac724cdb1e19af2dfa1e49635753b9cefb82507b443f08,"{""distance"":5,""physical_error_rate"":0.005}","{""detectors_checked"":680}"
      1024,         0,         0,   0.113,decoder_by_matrix,b84cf4b8ca220d31f17e1e2ea9ab927bbc4176b15682c650e7d1dd8f2758172b,"{""distance"":5,""physical_error_rate"":0.0005}","{""detection_events"":230,""detectors_checked"":174080}"
        16,         0,         0,   0.112,decoder_by_matrix,926aad2e192fb73fc0ac724cdb1e19af2dfa1e49635753b9cefb82507b443f08,"{""distance"":5,""physical_error_rate"":0.005}","{""detection_events"":10,""detectors_checked"":2720}"
      1024,         0,         0,   0.116,decoder_by_matrix,b84cf4b8ca220d31f17e1e2ea9ab927bbc4176b15682c650e7d1dd8f2758172b,"{""distance"":5,""physical_error_rate"":0.0005}","{""detection_events"":530,""detectors_checked"":174080}"
        64,         0,         0,   0.113,decoder_by_matrix,926aad2e192fb73fc0ac724cdb1e19af2dfa1e49635753b9cefb82507b443f08,"{""distance"":5,""physical_error_rate"":0.005}","{""detection_events"":170,""detectors_checked"":10880}"
      4096,         0,         0,   0.447,decoder_by_matrix,fa5edda0c1038186c8afbec49b0215a0b852396cdb50783a3f937fdf51d2afac,"{""distance"":5,""physical_error_rate"":1e-05}","{""detectors_checked"":696320}"
     41984,         0,         0,    4.25,decoder_by_matrix,b84cf4b8ca220d31f17e1e2ea9ab927bbc4176b15682c650e7d1dd8f2758172b,"{""distance"":5,""physical_error_rate"":0.0005}","{""detection_events"":12015,""detectors_checked"":7137280}"
      1024,         0,         0,   0.117,decoder_by_matrix,b84cf4b8ca220d31f17e1e2ea9ab927bbc4176b15682c650e7d1dd8f2758172b,"{""distance"":5,""physical_error_rate"":0.0005}","{""detection_events"":410,""detectors_checked"":174080}"
       256,         0,         0,   0.112,decoder_by_matrix,926aad2e192fb73fc0ac724cdb1e19af2dfa1e49635753b9cefb82507b443f08,"{""distance"":5,""physical_error_rate"":0.005}","{""detection_events"":735,""detectors_checked"":43520}"
     44032,         0,         0,    4.32,decoder_by_matrix,e41ade2e4684e0396b9a3890c882b6453b515d69885aa1d89a26ce21ec554895,"{""distance"":5,""physical_error_rate"":1e-06}","{""detection_events"":15,""detectors_checked"":7485440}"
      4096,         0,         0,   0.478,decoder_by_matrix,9c6baee88fc81e7d1aa345fcb3feec7ee81f21c5d49cb6ca037118097d89e180,"{""distance"":5,""physical_error_rate"":5e-05}","{""detection_events"":175,""detectors_checked"":696320}"
      6144,         6,         0,   0.427,decoder_by_matrix,90a4071835a8081462c190a19e797ba514a4700a252abbae3adc59eefd5a11d7,"{""distance"":5,""physical_error_rate"":0.01}","{""detection_events"":34180,""detectors_checked"":1044480,""obs_mistake_mask=EE__"":1,""obs_mistake_mask=E_E_"":2,""obs_mistake_mask=_EEE"":1,""obs_mistake_mask=_E_E"":1,""obs_mistake_mask=__EE"":1}"
     35840,         6,         0,    4.36,decoder_by_matrix,926aad2e192fb73fc0ac724cdb1e19af2dfa1e49635753b9cefb82507b443f08,"{""distance"":5,""physical_error_rate"":0.005}","{""detection_events"":100765,""detectors_checked"":6092800,""obs_mistake_mask=EE_E"":2,""obs_mistake_mask=E_E_"":1,""obs_mistake_mask=E___"":1,""obs_mistake_mask=_EEE"":1,""obs_mistake_mask=__E_"":1}"
      1024,         0,         0,   0.115,decoder_by_matrix,926aad2e192fb73fc0ac724cdb1e19af2dfa1e49635753b9cefb82507b443f08,"{""distance"":5,""physical_error_rate"":0.005}","{""detection_events"":2565,""detectors_checked"":174080}"
     31744,         6,         0,    3.07,decoder_by_matrix,926aad2e192fb73fc0ac724cdb1e19af2dfa1e49635753b9cefb82507b443f08,"{""distance"":5,""physical_error_rate"":0.005}","{""detection_events"":90640,""detectors_checked"":5396480,""obs_mistake_mask=E___"":3,""obs_mistake_mask=_EEE"":1,""obs_mistake_mask=__E_"":2}"
      2048,         0,         0,   0.242,decoder_by_matrix,b84cf4b8ca220d31f17e1e2ea9ab927bbc4176b15682c650e7d1dd8f2758172b,"{""distance"":5,""physical_error_rate"":0.0005}","{""detection_events"":485,""detectors_checked"":348160}"
      1024,         0,         0,   0.116,decoder_by_matrix,926aad2e192fb73fc0ac724cdb1e19af2dfa1e49635753b9cefb82507b443f08,"{""distance"":5,""physical_error_rate"":0.005}","{""detection_events"":3035,""detectors_checked"":174080}"
      1024,         0,         0,   0.109,decoder_by_matrix,926aad2e192fb73fc0ac724cdb1e19af2dfa1e49635753b9cefb82507b443f08,"{""distance"":5,""physical_error_rate"":0.005}","{""detection_events"":2940,""detectors_checked"":174080}"
     43008,         0,         0,    4.32,decoder_by_matrix,9c6baee88fc81e7d1aa345fcb3feec7ee81f21c5d49cb6ca037118097d89e180,"{""distance"":5,""physical_error_rate"":5e-05}","{""detection_events"":1290,""detectors_checked"":7311360}"
      2048,         0,         0,   0.249,decoder_by_matrix,b84cf4b8ca220d31f17e1e2ea9ab927bbc4176b15682c650e7d1dd8f2758172b,"{""distance"":5,""physical_error_rate"":0.0005}","{""detection_events"":400,""detectors_checked"":348160}"
      5120,         0,         0,   0.577,decoder_by_matrix,fa5edda0c1038186c8afbec49b0215a0b852396cdb50783a3f937fdf51d2afac,"{""distance"":5,""physical_error_rate"":1e-05}","{""detection_events"":5,""detectors_checked"":870400}"
      2048,         0,         0,   0.230,decoder_by_matrix,926aad2e192fb73fc0ac724cdb1e19af2dfa1e49635753b9cefb82507b443f08,"{""distance"":5,""physical_error_rate"":0.005}","{""detection_events"":5160,""detectors_checked"":348160}"
      8192,        14,         0,   0.561,decoder_by_matrix,90a4071835a8081462c190a19e797ba514a4700a252abbae3adc59eefd5a11d7,"{""distance"":5,""physical_error_rate"":0.01}","{""detection_events"":44500,""detectors_checked"":1392640,""obs_mistake_mask=EEEE"":1,""obs_mistake_mask=EEE_"":1,""obs_mistake_mask=E_E_"":1,""obs_mistake_mask=E__E"":2,""obs_mistake_mask=E___"":3,""obs_mistake_mask=_EE_"":1,""obs_mistake_mask=_E__"":3,""obs_mistake_mask=__EE"":1,""obs_mistake_mask=___E"":1}"
      5120,         0,         0,   0.618,decoder_by_matrix,9c6baee88fc81e7d1aa345fcb3feec7ee81f21c5d49cb6ca037118097d89e180,"{""distance"":5,""physical_error_rate"":5e-05}","{""detection_events"":90,""detectors_checked"":870400}"
      3072,         0,         0,   0.361,decoder_by_matrix,b84cf4b8ca220d31f17e1e2ea9ab927bbc4176b15682c650e7d1dd8f2758172b,"{""distance"":5,""physical_error_rate"":0.0005}","{""detection_events"":885,""detectors_checked"":522240}"
     36864,         0,         0,    4.28,decoder_by_matrix,9c6baee88fc81e7d1aa345fcb3feec7ee81f21c5d49cb6ca037118097d89e180,"{""distance"":5,""physical_error_rate"":5e-05}","{""detection_events"":1150,""detectors_checked"":6266880}"
     60416,         0,         0,    5.95,decoder_by_matrix,fa5edda0c1038186c8afbec49b0215a0b852396cdb50783a3f937fdf51d2afac,"{""distance"":5,""physical_error_rate"":1e-05}","{""detection_events"":200,""detectors_checked"":10270720}"
      2048,         1,         0,   0.230,decoder_by_matrix,926aad2e192fb73fc0ac724cdb1e19af2dfa1e49635753b9cefb82507b443f08,"{""distance"":5,""physical_error_rate"":0.005}","{""detection_events"":5180,""detectors_checked"":348160,""obs_mistake_mask=_EEE"":1}"
     13312,         0,         0,    1.61,decoder_by_matrix,066a5d8d46981b593c3dec855f441edbe9e755a8873183448f69d036a2ecc650,"{""distance"":5,""physical_error_rate"":0.001}","{""detection_events"":7750,""detectors_checked"":2263040}"
     59392,         0,         0,    6.01,decoder_by_matrix,9c6baee88fc81e7d1aa345fcb3feec7ee81f21c5d49cb6ca037118097d89e180,"{""distance"":5,""physical_error_rate"":5e-05}","{""detection_events"":1610,""detectors_checked"":10096640}"
      3072,         0,         0,   0.367,decoder_by_matrix,926aad2e192fb73fc0ac724cdb1e19af2dfa1e49635753b9cefb82507b443f08,"{""distance"":5,""physical_error_rate"":0.005}","{""detection_events"":8115,""detectors_checked"":522240}"
      4096,         0,         0,   0.471,decoder_by_matrix,b84cf4b8ca220d31f17e1e2ea9ab927bbc4176b15682c650e7d1dd8f2758172b,"{""distance"":5,""physical_error_rate"":0.0005}","{""detection_events"":880,""detectors_checked"":696320}"
      7168,         0,         0,   0.821,decoder_by_matrix,fa5edda0c1038186c8afbec49b0215a0b852396cdb50783a3f937fdf51d2afac,"{""distance"":5,""physical_error_rate"":1e-05}","{""detection_events"":40,""detectors_checked"":1218560}"
     57344,         0,         0,    5.98,decoder_by_matrix,066a5d8d46981b593c3dec855f441edbe9e755a8873183448f69d036a2ecc650,"{""distance"":5,""physical_error_rate"":0.001}","{""detection_events"":32750,""detectors_checked"":9748480}"
     36864,         0,         0,    4.33,decoder_by_matrix,0421d486f8a041838688df650e87c0a19c3450ab7a7cc8b3dc589ebff86d1c74,"{""distance"":5,""physical_error_rate"":0.0001}","{""detection_events"":1790,""detectors_checked"":6266880}"
     11264,        22,         0,   0.780,decoder_by_matrix,90a4071835a8081462c190a19e797ba514a4700a252abbae3adc59eefd5a11d7,"{""distance"":5,""physical_error_rate"":0.01}","{""detection_events"":61000,""detectors_checked"":1914880,""obs_mistake_mask=EEE_"":1,""obs_mistake_mask=EE_E"":1,""obs_mistake_mask=EE__"":2,""obs_mistake_mask=E_E_"":1,""obs_mistake_mask=E___"":10,""obs_mistake_mask=_EEE"":1,""obs_mistake_mask=_E__"":2,""obs_mistake_mask=__E_"":2,""obs_mistake_mask=___E"":2}"
      7168,         0,         0,   0.842,decoder_by_matrix,9c6baee88fc81e7d1aa345fcb3feec7ee81f21c5d49cb6ca037118097d89e180,"{""distance"":5,""physical_error_rate"":5e-05}","{""detection_events"":95,""detectors_checked"":1218560}"
     40960,        65,         0,    4.30,decoder_by_matrix,90a4071835a8081462c190a19e797ba514a4700a252abbae3adc59eefd5a11d7,"{""distance"":5,""physical_error_rate"":0.01}","{""detection_events"":222115,""detectors_checked"":6963200,""obs_mistake_mask=EEE_"":1,""obs_mistake_mask=EE_E"":1,""obs_mistake_mask=EE__"":4,""obs_mistake_mask=E_EE"":1,""obs_mistake_mask=E_E_"":6,""obs_mistake_mask=E__E"":6,""obs_mistake_mask=E___"":14,""obs_mistake_mask=_EEE"":8,""obs_mistake_mask=_EE_"":3,""obs_mistake_mask=_E_E"":3,""obs_mistake_mask=_E__"":5,""obs_mistake_mask=__EE"":1,""obs_mistake_mask=__E_"":8,""obs_mistake_mask=___E"":4}"
     54272,        68,         0,    5.99,decoder_by_matrix,90a4071835a8081462c190a19e797ba514a4700a252abbae3adc59eefd5a11d7,"{""distance"":5,""physical_error_rate"":0.01}","{""detection_events"":295100,""detectors_checked"":9226240,""obs_mistake_mask=EE_E"":1,""obs_mistake_mask=EE__"":10,""obs_mistake_mask=E_EE"":3,""obs_mistake_mask=E_E_"":7,""obs_mistake_mask=E__E"":7,""obs_mistake_mask=E___"":11,""obs_mistake_mask=_EEE"":4,""obs_mistake_mask=_EE_"":3,""obs_mistake_mask=_E_E"":2,""obs_mistake_mask=_E__"":2,""obs_mistake_mask=__EE"":3,""obs_mistake_mask=__E_"":8,""obs_mistake_mask=___E"":7}"
      4096,         0,         0,   0.486,decoder_by_matrix,926aad2e192fb73fc0ac724cdb1e19af2dfa1e49635753b9cefb82507b443f08,"{""distance"":5,""physical_error_rate"":0.005}","{""detection_events"":10715,""detectors_checked"":696320}"
      5120,         0,         0,   0.592,decoder_by_matrix,b84cf4b8ca220d31f17e1e2ea9ab927bbc4176b15682c650e7d1dd8f2758172b,"{""distance"":5,""physical_error_rate"":0.0005}","{""detection_events"":1485,""detectors_checked"":870400}"
     60416,         0,         0,    6.06,decoder_by_matrix,3c866087b289edc25e9adea730044a15db18cabfd3ae2507fc844d5b4e03657a,"{""distance"":5,""physical_error_rate"":5e-06}","{""detection_events"":220,""detectors_checked"":10270720}"
     49152,         0,         0,    6.02,decoder_by_matrix,066a5d8d46981b593c3dec855f441edbe9e755a8873183448f69d036a2ecc650,"{""distance"":5,""physical_error_rate"":0.001}","{""detection_events"":27535,""detectors_checked"":8355840}"
     56320,         0,         0,    6.05,decoder_by_matrix,9c6baee88fc81e7d1aa345fcb3feec7ee81f21c5d49cb6ca037118097d89e180,"{""distance"":5,""physical_error_rate"":5e-05}","{""detection_events"":1550,""detectors_checked"":9574400}"
     33792,         0,         0,    3.10,decoder_by_matrix,3c866087b289edc25e9adea730044a15db18cabfd3ae2507fc844d5b4e03657a,"{""distance"":5,""physical_error_rate"":5e-06}","{""detection_events"":50,""detectors_checked"":5744640}"
      5120,         1,         0,   0.600,decoder_by_matrix,926aad2e192fb73fc0ac724cdb1e19af2dfa1e49635753b9cefb82507b443f08,"{""distance"":5,""physical_error_rate"":0.005}","{""detection_events"":14055,""detectors_checked"":870400,""obs_mistake_mask=__EE"":1}"
     56320,         0,         0,    5.93,decoder_by_matrix,b84cf4b8ca220d31f17e1e2ea9ab927bbc4176b15682c650e7d1dd8f2758172b,"{""distance"":5,""physical_error_rate"":0.0005}","{""detection_events"":15875,""detectors_checked"":9574400}"
     10240,         0,         0,    1.17,decoder_by_matrix,fa5edda0c1038186c8afbec49b0215a0b852396cdb50783a3f937fdf51d2afac,"{""distance"":5,""physical_error_rate"":1e-05}","{""detection_events"":70,""detectors_checked"":1740800}"
     16384,        24,         0,    1.15,decoder_by_matrix,90a4071835a8081462c190a19e797ba514a4700a252abbae3adc59eefd5a11d7,"{""distance"":5,""physical_error_rate"":0.01}","{""detection_events"":88970,""detectors_checked"":2785280,""obs_mistake_mask=EE_E"":1,""obs_mistake_mask=EE__"":4,""obs_mistake_mask=E_EE"":1,""obs_mistake_mask=E_E_"":4,""obs_mistake_mask=E__E"":1,""obs_mistake_mask=E___"":3,""obs_mistake_mask=_EEE"":1,""obs_mistake_mask=_EE_"":1,""obs_mistake_mask=_E__"":1,""obs_mistake_mask=__EE"":1,""obs_mistake_mask=__E_"":3,""obs_mistake_mask=___E"":3}"
     49152,         0,         0,    3.06,decoder_by_matrix,e41ade2e4684e0396b9a3890c882b6453b515d69885aa1d89a26ce21ec554895,"{""distance"":5,""physical_error_rate"":1e-06}","{""detectors_checked"":8355840}"
     10240,         0,         0,    1.19,decoder_by_matrix,9c6baee88fc81e7d1aa345fcb3feec7ee81f21c5d49cb6ca037118097d89e180,"{""distance"":5,""physical_error_rate"":5e-05}","{""detection_events"":135,""detectors_checked"":1740800}"
      7168,         0,         0,   0.839,decoder_by_matrix,b84cf4b8ca220d31f17e1e2ea9ab927bbc4176b15682c650e7d1dd8f2758172b,"{""distance"":5,""physical_error_rate"":0.0005}","{""detection_events"":1970,""detectors_checked"":1218560}"
     54272,        13,         0,    6.14,decoder_by_matrix,926aad2e192fb73fc0ac724cdb1e19af2dfa1e49635753b9cefb82507b443f08,"{""distance"":5,""physical_error_rate"":0.005}","{""detection_events"":150745,""detectors_checked"":9226240,""obs_mistake_mask=EE__"":2,""obs_mistake_mask=E_E_"":1,""obs_mistake_mask=E__E"":1,""obs_mistake_mask=E___"":1,""obs_mistake_mask=_E__"":2,""obs_mistake_mask=__EE"":2,""obs_mistake_mask=__E_"":2,""obs_mistake_mask=___E"":2}"
     52224,         0,         0,    5.93,decoder_by_matrix,e41ade2e4684e0396b9a3890c882b6453b515d69885aa1d89a26ce21ec554895,"{""distance"":5,""physical_error_rate"":1e-06}","{""detection_events"":55,""detectors_checked"":8878080}"
     57344,       115,         0,    5.99,decoder_by_matrix,90a4071835a8081462c190a19e797ba514a4700a252abbae3adc59eefd5a11d7,"{""distance"":5,""physical_error_rate"":0.01}","{""detection_events"":310145,""detectors_checked"":9748480,""obs_mistake_mask=EEE_"":1,""obs_mistake_mask=EE_E"":3,""obs_mistake_mask=EE__"":10,""obs_mistake_mask=E_EE"":3,""obs_mistake_mask=E_E_"":12,""obs_mistake_mask=E__E"":7,""obs_mistake_mask=E___"":19,""obs_mistake_mask=_EEE"":4,""obs_mistake_mask=_EE_"":6,""obs_mistake_mask=_E_E"":5,""obs_mistake_mask=_E__"":14,""obs_mistake_mask=__E_"":16,""obs_mistake_mask=___E"":15}"
     54272,         0,         0,    5.99,decoder_by_matrix,b84cf4b8ca220d31f17e1e2ea9ab927bbc4176b15682c650e7d1dd8f2758172b,"{""distance"":5,""physical_error_rate"":0.0005}","{""detection_events"":14615,""detectors_checked"":9226240}"
     19456,         0,         0,    2.28,decoder_by_matrix,066a5d8d46981b593c3dec855f441edbe9e755a8873183448f69d036a2ecc650,"{""distance"":5,""physical_error_rate"":0.001}","{""detection_events"":11380,""detectors_checked"":3307520}"
     48128,        95,         0,    6.08,decoder_by_matrix,90a4071835a8081462c190a19e797ba514a4700a252abbae3adc59eefd5a11d7,"{""distance"":5,""physical_error_rate"":0.01}","{""detection_events"":266190,""detectors_checked"":8181760,""obs_mistake_mask=EEE_"":3,""obs_mistake_mask=EE_E"":2,""obs_mistake_mask=EE__"":12,""obs_mistake_mask=E_EE"":5,""obs_mistake_mask=E_E_"":5,""obs_mistake_mask=E__E"":2,""obs_mistake_mask=E___"":23,""obs_mistake_mask=_EEE"":2,""obs_mistake_mask=_EE_"":1,""obs_mistake_mask=_E_E"":4,""obs_mistake_mask=_E__"":8,""obs_mistake_mask=__EE"":5,""obs_mistake_mask=__E_"":12,""obs_mistake_mask=___E"":11}"
      7168,         0,         0,   0.859,decoder_by_matrix,926aad2e192fb73fc0ac724cdb1e19af2dfa1e49635753b9cefb82507b443f08,"{""distance"":5,""physical_error_rate"":0.005}","{""detection_events"":19865,""detectors_checked"":1218560}"
     55296,         0,         0,    5.98,decoder_by_matrix,fa5edda0c1038186c8afbec49b0215a0b852396cdb50783a3f937fdf51d2afac,"{""distance"":5,""physical_error_rate"":1e-05}","{""detection_events"":250,""detectors_checked"":9400320}"
     59392,        22,         0,    5.99,decoder_by_matrix,926aad2e192fb73fc0ac724cdb1e19af2dfa1e49635753b9cefb82507b443f08,"{""distance"":5,""physical_error_rate"":0.005}","{""detection_events"":168250,""detectors_checked"":10096640,""obs_mistake_mask=E_E_"":3,""obs_mistake_mask=E__E"":3,""obs_mistake_mask=E___"":5,""obs_mistake_mask=_EEE"":1,""obs_mistake_mask=_EE_"":1,""obs_mistake_mask=_E_E"":4,""obs_mistake_mask=__EE"":2,""obs_mistake_mask=__E_"":2,""obs_mistake_mask=___E"":1}"
     52224,         0,         0,    5.99,decoder_by_matrix,0421d486f8a041838688df650e87c0a19c3450ab7a7cc8b3dc589ebff86d1c74,"{""distance"":5,""physical_error_rate"":0.0001}","{""detection_events"":2725,""detectors_checked"":8878080}"
     65536,         0,         0,    6.04,decoder_by_matrix,3c866087b289edc25e9adea730044a15db18cabfd3ae2507fc844d5b4e03657a,"{""distance"":5,""physical_error_rate"":5e-06}","{""detection_events"":100,""detectors_checked"":11141120}"
     62464,         0,         0,    6.05,decoder_by_matrix,3c866087b289edc25e9adea730044a15db18cabfd3ae2507fc844d5b4e03657a,"{""distance"":5,""physical_error_rate"":5e-06}","{""detection_events"":195,""detectors_checked"":10618880}"
     10240,         0,         0,    1.21,decoder_by_matrix,b84cf4b8ca220d31f17e1e2ea9ab927bbc4176b15682c650e7d1dd8f2758172b,"{""distance"":5,""physical_error_rate"":0.0005}","{""detection_events"":2535,""detectors_checked"":1740800}"
     14336,         0,         0,    1.55,decoder_by_matrix,fa5edda0c1038186c8afbec49b0215a0b852396cdb50783a3f937fdf51d2afac,"{""distance"":5,""physical_error_rate"":1e-05}","{""detection_events"":15,""detectors_checked"":2437120}"
     22528,        33,         0,    1.58,decoder_by_matrix,90a4071835a8081462c190a19e797ba514a4700a252abbae3adc59eefd5a11d7,"{""distance"":5,""physical_error_rate"":0.01}","{""detection_events"":122075,""detectors_checked"":3829760,""obs_mistake_mask=EEE_"":1,""obs_mistake_mask=EE_E"":2,""obs_mistake_mask=EE__"":5,""obs_mistake_mask=E_EE"":1,""obs_mistake_mask=E_E_"":5,""obs_mistake_mask=E__E"":1,""obs_mistake_mask=E___"":6,""obs_mistake_mask=_EEE"":1,""obs_mistake_mask=_EE_"":2,""obs_mistake_mask=_E_E"":1,""obs_mistake_mask=_E__"":4,""obs_mistake_mask=__EE"":1,""obs_mistake_mask=___E"":3}"
     60416,         0,         0,    5.99,decoder_by_matrix,066a5d8d46981b593c3dec855f441edbe9e755a8873183448f69d036a2ecc650,"{""distance"":5,""physical_error_rate"":0.001}","{""detection_events"":34725,""detectors_checked"":10270720}"
     13312,         0,         0,    1.55,decoder_by_matrix,9c6baee88fc81e7d1aa345fcb3feec7ee81f21c5d49cb6ca037118097d89e180,"{""distance"":5,""physical_error_rate"":5e-05}","{""detection_events"":500,""detectors_checked"":2263040}"
     47104,        84,         0,    5.99,decoder_by_matrix,90a4071835a8081462c190a19e797ba514a4700a252abbae3adc59eefd5a11d7,"{""distance"":5,""physical_error_rate"":0.01}","{""detection_events"":252150,""detectors_checked"":8007680,""obs_mistake_mask=EEE_"":2,""obs_mistake_mask=EE__"":7,""obs_mistake_mask=E_EE"":2,""obs_mistake_mask=E_E_"":4,""obs_mistake_mask=E__E"":5,""obs_mistake_mask=E___"":18,""obs_mistake_mask=_EEE"":5,""obs_mistake_mask=_EE_"":4,""obs_mistake_mask=_E_E"":7,""obs_mistake_mask=_E__"":9,""obs_mistake_mask=__EE"":3,""obs_mistake_mask=__E_"":10,""obs_mistake_mask=___E"":8}"
     50176,        14,         0,    6.06,decoder_by_matrix,926aad2e192fb73fc0ac724cdb1e19af2dfa1e49635753b9cefb82507b443f08,"{""distance"":5,""physical_error_rate"":0.005}","{""detection_events"":138900,""detectors_checked"":8529920,""obs_mistake_mask=EEE_"":1,""obs_mistake_mask=E_E_"":2,""obs_mistake_mask=E__E"":1,""obs_mistake_mask=E___"":1,""obs_mistake_mask=_EEE"":1,""obs_mistake_mask=_EE_"":2,""obs_mistake_mask=_E__"":2,""obs_mistake_mask=__E_"":1,""obs_mistake_mask=___E"":3}"
     45056,        10,         0,    4.32,decoder_by_matrix,926aad2e192fb73fc0ac724cdb1e19af2dfa1e49635753b9cefb82507b443f08,"{""distance"":5,""physical_error_rate"":0.005}","{""detection_events"":125355,""detectors_checked"":7659520,""obs_mistake_mask=EEE_"":1,""obs_mistake_mask=E_E_"":1,""obs_mistake_mask=E__E"":1,""obs_mistake_mask=E___"":3,""obs_mistake_mask=_E_E"":1,""obs_mistake_mask=_E__"":1,""obs_mistake_mask=___E"":2}"
     10240,         5,         0,    1.19,decoder_by_matrix,926aad2e192fb73fc0ac724cdb1e19af2dfa1e49635753b9cefb82507b443f08,"{""distance"":5,""physical_error_rate"":0.005}","{""detection_events"":28145,""detectors_checked"":1740800,""obs_mistake_mask=E_E_"":2,""obs_mistake_mask=_E__"":1,""obs_mistake_mask=__EE"":1,""obs_mistake_mask=__E_"":1}"
     51200,         0,         0,    5.97,decoder_by_matrix,3c866087b289edc25e9adea730044a15db18cabfd3ae2507fc844d5b4e03657a,"{""distance"":5,""physical_error_rate"":5e-06}","{""detection_events"":85,""detectors_checked"":8704000}"
     50176,         1,         0,    5.98,decoder_by_matrix,066a5d8d46981b593c3dec855f441edbe9e755a8873183448f69d036a2ecc650,"{""distance"":5,""physical_error_rate"":0.001}","{""detection_events"":29175,""detectors_checked"":8529920,""obs_mistake_mask=E__E"":1}"
     50176,         0,         0,    6.01,decoder_by_matrix,066a5d8d46981b593c3dec855f441edbe9e755a8873183448f69d036a2ecc650,"{""distance"":5,""physical_error_rate"":0.001}","{""detection_events"":27385,""detectors_checked"":8529920}"
     54272,         0,         0,    5.95,decoder_by_matrix,e41ade2e4684e0396b9a3890c882b6453b515d69885aa1d89a26ce21ec554895,"{""distance"":5,""physical_error_rate"":1e-06}","{""detection_events"":125,""detectors_checked"":9226240}"
     63488,         0,         0,    5.97,decoder_by_matrix,fa5edda0c1038186c8afbec49b0215a0b852396cdb50783a3f937fdf51d2afac,"{""distance"":5,""physical_error_rate"":1e-05}","{""detection_events"":450,""detectors_checked"":10792960}"
     99328,         0,         0,    5.99,decoder_by_matrix,e41ade2e4684e0396b9a3890c882b6453b515d69885aa1d89a26ce21ec554895,"{""distance"":5,""physical_error_rate"":1e-06}","{""detection_events"":15,""detectors_checked"":16885760}"
     51200,         0,         0,    6.06,decoder_by_matrix,0421d486f8a041838688df650e87c0a19c3450ab7a7cc8b3dc589ebff86d1c74,"{""distance"":5,""physical_error_rate"":0.0001}","{""detection_events"":2365,""detectors_checked"":8704000}"
     50176,         0,         0,    5.97,decoder_by_matrix,b84cf4b8ca220d31f17e1e2ea9ab927bbc4176b15682c650e7d1dd8f2758172b,"{""distance"":5,""physical_error_rate"":0.0005}","{""detection_events"":14000,""detectors_checked"":8529920}"
     50176,         0,         0,    5.99,decoder_by_matrix,0421d486f8a041838688df650e87c0a19c3450ab7a7cc8b3dc589ebff86d1c74,"{""distance"":5,""physical_error_rate"":0.0001}","{""detection_events"":2790,""detectors_checked"":8529920}"
     14336,         0,         0,    1.64,decoder_by_matrix,b84cf4b8ca220d31f17e1e2ea9ab927bbc4176b15682c650e7d1dd8f2758172b,"{""distance"":5,""physical_error_rate"":0.0005}","{""detection_events"":4260,""detectors_checked"":2437120}"
     50176,         0,         0,    5.93,decoder_by_matrix,b84cf4b8ca220d31f17e1e2ea9ab927bbc4176b15682c650e7d1dd8f2758172b,"{""distance"":5,""physical_error_rate"":0.0005}","{""detection_events"":13260,""detectors_checked"":8529920}"
     63488,         0,         0,    5.95,decoder_by_matrix,e41ade2e4684e0396b9a3890c882b6453b515d69885aa1d89a26ce21ec554895,"{""distance"":5,""physical_error_rate"":1e-06}","{""detection_events"":40,""detectors_checked"":10792960}"
     13312,         2,         0,    1.58,decoder_by_matrix,926aad2e192fb73fc0ac724cdb1e19af2dfa1e49635753b9cefb82507b443f08,"{""distance"":5,""physical_error_rate"":0.005}","{""detection_events"":36455,""detectors_checked"":2263040,""obs_mistake_mask=EE__"":1,""obs_mistake_mask=_E__"":1}"
     60416,        12,         0,    5.94,decoder_by_matrix,926aad2e192fb73fc0ac724cdb1e19af2dfa1e49635753b9cefb82507b443f08,"{""distance"":5,""physical_error_rate"":0.005}","{""detection_events"":166615,""detectors_checked"":10270720,""obs_mistake_mask=EE_E"":1,""obs_mistake_mask=EE__"":1,""obs_mistake_mask=E_EE"":1,""obs_mistake_mask=E_E_"":1,""obs_mistake_mask=E___"":2,""obs_mistake_mask=_EEE"":1,""obs_mistake_mask=_E__"":1,""obs_mistake_mask=__E_"":2,""obs_mistake_mask=___E"":2}"
     26624,         0,         0,    3.10,decoder_by_matrix,066a5d8d46981b593c3dec855f441edbe9e755a8873183448f69d036a2ecc650,"{""distance"":5,""physical_error_rate"":0.001}","{""detection_events"":15095,""detectors_checked"":4526080}"
     19456,         0,         0,    2.18,decoder_by_matrix,fa5edda0c1038186c8afbec49b0215a0b852396cdb50783a3f937fdf51d2afac,"{""distance"":5,""physical_error_rate"":1e-05}","{""detection_events"":70,""detectors_checked"":3307520}"
     30720,        70,         0,    2.20,decoder_by_matrix,90a4071835a8081462c190a19e797ba514a4700a252abbae3adc59eefd5a11d7,"{""distance"":5,""physical_error_rate"":0.01}","{""detection_events"":166960,""detectors_checked"":5222400,""obs_mistake_mask=EEEE"":1,""obs_mistake_mask=EEE_"":1,""obs_mistake_mask=EE_E"":2,""obs_mistake_mask=EE__"":3,""obs_mistake_mask=E_EE"":2,""obs_mistake_mask=E_E_"":4,""obs_mistake_mask=E__E"":4,""obs_mistake_mask=E___"":9,""obs_mistake_mask=_EEE"":7,""obs_mistake_mask=_EE_"":2,""obs_mistake_mask=_E_E"":3,""obs_mistake_mask=_E__"":10,""obs_mistake_mask=__EE"":3,""obs_mistake_mask=__E_"":6,""obs_mistake_mask=___E"":13}"
     61440,         0,         0,    5.94,decoder_by_matrix,9c6baee88fc81e7d1aa345fcb3feec7ee81f21c5d49cb6ca037118097d89e180,"{""distance"":5,""physical_error_rate"":5e-05}","{""detection_events"":1810,""detectors_checked"":10444800}"
     19456,         0,         0,    2.28,decoder_by_matrix,9c6baee88fc81e7d1aa345fcb3feec7ee81f21c5d49cb6ca037118097d89e180,"{""distance"":5,""physical_error_rate"":5e-05}","{""detection_events"":495,""detectors_checked"":3307520}"
     44032,         0,         0,    4.33,decoder_by_matrix,3c866087b289edc25e9adea730044a15db18cabfd3ae2507fc844d5b4e03657a,"{""distance"":5,""physical_error_rate"":5e-06}","{""detection_events"":195,""detectors_checked"":7485440}"
     52224,         0,         0,    5.96,decoder_by_matrix,9c6baee88fc81e7d1aa345fcb3feec7ee81f21c5d49cb6ca037118097d89e180,"{""distance"":5,""physical_error_rate"":5e-05}","{""detection_events"":1280,""detectors_checked"":8878080}"
     70656,         0,         0,    4.22,decoder_by_matrix,e41ade2e4684e0396b9a3890c882b6453b515d69885aa1d89a26ce21ec554895,"{""distance"":5,""physical_error_rate"":1e-06}","{""detection_events"":55,""detectors_checked"":12011520}"
     50176,         0,         0,    5.95,decoder_by_matrix,0421d486f8a041838688df650e87c0a19c3450ab7a7cc8b3dc589ebff86d1c74,"{""distance"":5,""physical_error_rate"":0.0001}","{""detection_events"":2765,""detectors_checked"":8529920}"
     58368,       106,         0,    6.02,decoder_by_matrix,90a4071835a8081462c190a19e797ba514a4700a252abbae3adc59eefd5a11d7,"{""distance"":5,""physical_error_rate"":0.01}","{""detection_events"":318245,""detectors_checked"":9922560,""obs_mistake_mask=EEE_"":2,""obs_mistake_mask=EE__"":7,""obs_mistake_mask=E_E_"":9,""obs_mistake_mask=E__E"":11,""obs_mistake_mask=E___"":24,""obs_mistake_mask=_EEE"":4,""obs_mistake_mask=_EE_"":5,""obs_mistake_mask=_E_E"":7,""obs_mistake_mask=_E__"":10,""obs_mistake_mask=__EE"":5,""obs_mistake_mask=__E_"":13,""obs_mistake_mask=___E"":9}"
     71680,         0,         0,    8.37,decoder_by_matrix,fa5edda0c1038186c8afbec49b0215a0b852396cdb50783a3f937fdf51d2afac,"{""distance"":5,""physical_error_rate"":1e-05}","{""detection_events"":295,""detectors_checked"":12185600}"
     19456,         0,         0,    2.29,decoder_by_matrix,b84cf4b8ca220d31f17e1e2ea9ab927bbc4176b15682c650e7d1dd8f2758172b,"{""distance"":5,""physical_error_rate"":0.0005}","{""detection_events"":5375,""detectors_checked"":3307520}"
     71680,         0,         0,    8.39,decoder_by_matrix,0421d486f8a041838688df650e87c0a19c3450ab7a7cc8b3dc589ebff86d1c74,"{""distance"":5,""physical_error_rate"":0.0001}","{""detection_events"":3970,""detectors_checked"":12185600}"
     18432,         6,         0,    2.22,decoder_by_matrix,926aad2e192fb73fc0ac724cdb1e19af2dfa1e49635753b9cefb82507b443f08,"{""distance"":5,""physical_error_rate"":0.005}","{""detection_events"":50275,""detectors_checked"":3133440,""obs_mistake_mask=EEE_"":1,""obs_mistake_mask=EE_E"":1,""obs_mistake_mask=E___"":2,""obs_mistake_mask=___E"":2}"
     82944,         0,         0,    8.44,decoder_by_matrix,fa5edda0c1038186c8afbec49b0215a0b852396cdb50783a3f937fdf51d2afac,"{""distance"":5,""physical_error_rate"":1e-05}","{""detection_events"":585,""detectors_checked"":14100480}"
     25600,         0,         0,    3.05,decoder_by_matrix,fa5edda0c1038186c8afbec49b0215a0b852396cdb50783a3f937fdf51d2afac,"{""distance"":5,""physical_error_rate"":1e-05}","{""detection_events"":120,""detectors_checked"":4352000}"
     28672,        51,         0,    3.11,decoder_by_matrix,90a4071835a8081462c190a19e797ba514a4700a252abbae3adc59eefd5a11d7,"{""distance"":5,""physical_error_rate"":0.01}","{""detection_events"":157075,""detectors_checked"":4874240,""obs_mistake_mask=EEE_"":2,""obs_mistake_mask=EE_E"":1,""obs_mistake_mask=EE__"":2,""obs_mistake_mask=E_EE"":1,""obs_mistake_mask=E__E"":7,""obs_mistake_mask=E___"":16,""obs_mistake_mask=_EEE"":3,""obs_mistake_mask=_EE_"":3,""obs_mistake_mask=_E_E"":1,""obs_mistake_mask=_E__"":2,""obs_mistake_mask=__EE"":1,""obs_mistake_mask=__E_"":5,""obs_mistake_mask=___E"":7}"
     71680,         0,         0,    8.32,decoder_by_matrix,9c6baee88fc81e7d1aa345fcb3feec7ee81f21c5d49cb6ca037118097d89e180,"{""distance"":5,""physical_error_rate"":5e-05}","{""detection_events"":2235,""detectors_checked"":12185600}"
     25600,         0,         0,    3.10,decoder_by_matrix,9c6baee88fc81e7d1aa345fcb3feec7ee81f21c5d49cb6ca037118097d89e180,"{""distance"":5,""physical_error_rate"":5e-05}","{""detection_events"":980,""detectors_checked"":4352000}"
     70656,         0,         0,    8.38,decoder_by_matrix,066a5d8d46981b593c3dec855f441edbe9e755a8873183448f69d036a2ecc650,"{""distance"":5,""physical_error_rate"":0.001}","{""detection_events"":38405,""detectors_checked"":12011520}"
     68608,       117,         0,    8.35,decoder_by_matrix,90a4071835a8081462c190a19e797ba514a4700a252abbae3adc59eefd5a11d7,"{""distance"":5,""physical_error_rate"":0.01}","{""detection_events"":377280,""detectors_checked"":11663360,""obs_mistake_mask=EEE_"":5,""obs_mistake_mask=EE_E"":3,""obs_mistake_mask=EE__"":6,""obs_mistake_mask=E_EE"":2,""obs_mistake_mask=E_E_"":5,""obs_mistake_mask=E__E"":6,""obs_mistake_mask=E___"":28,""obs_mistake_mask=_EEE"":7,""obs_mistake_mask=_EE_"":5,""obs_mistake_mask=_E_E"":5,""obs_mistake_mask=_E__"":13,""obs_mistake_mask=__EE"":5,""obs_mistake_mask=__E_"":15,""obs_mistake_mask=___E"":12}"
     72704,         0,         0,    8.35,decoder_by_matrix,3c866087b289edc25e9adea730044a15db18cabfd3ae2507fc844d5b4e03657a,"{""distance"":5,""physical_error_rate"":5e-06}","{""detection_events"":300,""detectors_checked"":12359680}"
     65536,        17,         0,    6.02,decoder_by_matrix,926aad2e192fb73fc0ac724cdb1e19af2dfa1e49635753b9cefb82507b443f08,"{""distance"":5,""physical_error_rate"":0.005}","{""detection_events"":184845,""detectors_checked"":11141120,""obs_mistake_mask=EE__"":2,""obs_mistake_mask=E_E_"":1,""obs_mistake_mask=E__E"":1,""obs_mistake_mask=E___"":3,""obs_mistake_mask=_E_E"":1,""obs_mistake_mask=_E__"":3,""obs_mistake_mask=__EE"":1,""obs_mistake_mask=__E_"":2,""obs_mistake_mask=___E"":3}"
     76800,         0,         0,    8.37,decoder_by_matrix,066a5d8d46981b593c3dec855f441edbe9e755a8873183448f69d036a2ecc650,"{""distance"":5,""physical_error_rate"":0.001}","{""detection_events"":44310,""detectors_checked"":13056000}"
     73728,         0,         0,    8.34,decoder_by_matrix,9c6baee88fc81e7d1aa345fcb3feec7ee81f21c5d49cb6ca037118097d89e180,"{""distance"":5,""physical_error_rate"":5e-05}","{""detection_events"":2340,""detectors_checked"":12533760}"
     35840,         0,         0,    4.39,decoder_by_matrix,066a5d8d46981b593c3dec855f441edbe9e755a8873183448f69d036a2ecc650,"{""distance"":5,""physical_error_rate"":0.001}","{""detection_events"":19480,""detectors_checked"":6092800}"
     71680,         0,         0,    8.43,decoder_by_matrix,b84cf4b8ca220d31f17e1e2ea9ab927bbc4176b15682c650e7d1dd8f2758172b,"{""distance"":5,""physical_error_rate"":0.0005}","{""detection_events"":21355,""detectors_checked"":12185600}"
     31744,         0,         0,    3.08,decoder_by_matrix,b84cf4b8ca220d31f17e1e2ea9ab927bbc4176b15682c650e7d1dd8f2758172b,"{""distance"":5,""physical_error_rate"":0.0005}","{""detection_events"":8575,""detectors_checked"":5396480}"
     62464,        18,         0,    8.40,decoder_by_matrix,926aad2e192fb73fc0ac724cdb1e19af2dfa1e49635753b9cefb82507b443f08,"{""distance"":5,""physical_error_rate"":0.005}","{""detection_events"":176460,""detectors_checked"":10618880,""obs_mistake_mask=EE_E"":1,""obs_mistake_mask=EE__"":1,""obs_mistake_mask=E_E_"":1,""obs_mistake_mask=E__E"":3,""obs_mistake_mask=E___"":6,""obs_mistake_mask=_EEE"":1,""obs_mistake_mask=_EE_"":1,""obs_mistake_mask=_E_E"":1,""obs_mistake_mask=_E__"":1,""obs_mistake_mask=__EE"":1,""obs_mistake_mask=___E"":1}"
     72704,         0,         0,    8.37,decoder_by_matrix,e41ade2e4684e0396b9a3890c882b6453b515d69885aa1d89a26ce21ec554895,"{""distance"":5,""physical_error_rate"":1e-06}","{""detection_events"":45,""detectors_checked"":12359680}"
     24576,         4,         0,    3.14,decoder_by_matrix,926aad2e192fb73fc0ac724cdb1e19af2dfa1e49635753b9cefb82507b443f08,"{""distance"":5,""physical_error_rate"":0.005}","{""detection_events"":68665,""detectors_checked"":4177920,""obs_mistake_mask=EEE_"":1,""obs_mistake_mask=E___"":1,""obs_mistake_mask=_E__"":1,""obs_mistake_mask=__E_"":1}"
     84992,       187,         0,    8.35,decoder_by_matrix,90a4071835a8081462c190a19e797ba514a4700a252abbae3adc59eefd5a11d7,"{""distance"":5,""physical_error_rate"":0.01}","{""detection_events"":466175,""detectors_checked"":14448640,""obs_mistake_mask=EEEE"":3,""obs_mistake_mask=EEE_"":8,""obs_mistake_mask=EE_E"":5,""obs_mistake_mask=EE__"":11,""obs_mistake_mask=E_EE"":2,""obs_mistake_mask=E_E_"":15,""obs_mistake_mask=E__E"":10,""obs_mistake_mask=E___"":46,""obs_mistake_mask=_EEE"":9,""obs_mistake_mask=_EE_"":11,""obs_mistake_mask=_E_E"":11,""obs_mistake_mask=_E__"":13,""obs_mistake_mask=__EE"":6,""obs_mistake_mask=__E_"":22,""obs_mistake_mask=___E"":15}"
     69632,         0,         0,    8.41,decoder_by_matrix,b84cf4b8ca220d31f17e1e2ea9ab927bbc4176b15682c650e7d1dd8f2758172b,"{""distance"":5,""physical_error_rate"":0.0005}","{""detection_events"":18600,""detectors_checked"":11837440}"
     75776,       131,         0,    8.35,decoder_by_matrix,90a4071835a8081462c190a19e797ba514a4700a252abbae3adc59eefd5a11d7,"{""distance"":5,""physical_error_rate"":0.01}","{""detection_events"":411000,""detectors_checked"":12881920,""obs_mistake_mask=EEEE"":1,""obs_mistake_mask=EEE_"":3,""obs_mistake_mask=EE_E"":4,""obs_mistake_mask=EE__"":7,""obs_mistake_mask=E_EE"":2,""obs_mistake_mask=E_E_"":11,""obs_mistake_mask=E__E"":10,""obs_mistake_mask=E___"":24,""obs_mistake_mask=_EEE"":11,""obs_mistake_mask=_EE_"":10,""obs_mistake_mask=_E_E"":9,""obs_mistake_mask=_E__"":9,""obs_mistake_mask=__EE"":6,""obs_mistake_mask=__E_"":9,""obs_mistake_mask=___E"":15}"
     64512,         0,         0,    8.36,decoder_by_matrix,fa5edda0c1038186c8afbec49b0215a0b852396cdb50783a3f937fdf51d2afac,"{""distance"":5,""physical_error_rate"":1e-05}","{""detection_events"":355,""detectors_checked"":10967040}"
     70656,         0,         0,    8.36,decoder_by_matrix,0421d486f8a041838688df650e87c0a19c3450ab7a7cc8b3dc589ebff86d1c74,"{""distance"":5,""physical_error_rate"":0.0001}","{""detection_events"":3995,""detectors_checked"":12011520}"
     88064,        22,         0,    8.38,decoder_by_matrix,926aad2e192fb73fc0ac724cdb1e19af2dfa1e49635753b9cefb82507b443f08,"{""distance"":5,""physical_error_rate"":0.005}","{""detection_events"":245930,""detectors_checked"":14970880,""obs_mistake_mask=EE_E"":1,""obs_mistake_mask=EE__"":2,""obs_mistake_mask=E_EE"":1,""obs_mistake_mask=E_E_"":1,""obs_mistake_mask=E__E"":2,""obs_mistake_mask=E___"":8,""obs_mistake_mask=_EE_"":1,""obs_mistake_mask=__EE"":2,""obs_mistake_mask=__E_"":2,""obs_mistake_mask=___E"":2}"
     94208,         0,         0,    8.38,decoder_by_matrix,3c866087b289edc25e9adea730044a15db18cabfd3ae2507fc844d5b4e03657a,"{""distance"":5,""physical_error_rate"":5e-06}","{""detection_events"":280,""detectors_checked"":16015360}"
     93184,         0,         0,    8.33,decoder_by_matrix,3c866087b289edc25e9adea730044a15db18cabfd3ae2507fc844d5b4e03657a,"{""distance"":5,""physical_error_rate"":5e-06}","{""detection_events"":190,""detectors_checked"":15841280}"
     89088,         0,         0,    8.42,decoder_by_matrix,066a5d8d46981b593c3dec855f441edbe9e755a8873183448f69d036a2ecc650,"{""distance"":5,""physical_error_rate"":0.001}","{""detection_events"":50905,""detectors_checked"":15144960}"
     68608,         0,         0,    6.02,decoder_by_matrix,3c866087b289edc25e9adea730044a15db18cabfd3ae2507fc844d5b4e03657a,"{""distance"":5,""physical_error_rate"":5e-06}","{""detection_events"":80,""detectors_checked"":11663360}"
     71680,       125,         0,    8.36,decoder_by_matrix,90a4071835a8081462c190a19e797ba514a4700a252abbae3adc59eefd5a11d7,"{""distance"":5,""physical_error_rate"":0.01}","{""detection_events"":389465,""detectors_checked"":12185600,""obs_mistake_mask=EEE_"":2,""obs_mistake_mask=EE_E"":4,""obs_mistake_mask=EE__"":13,""obs_mistake_mask=E_EE"":1,""obs_mistake_mask=E_E_"":13,""obs_mistake_mask=E__E"":8,""obs_mistake_mask=E___"":16,""obs_mistake_mask=_EEE"":8,""obs_mistake_mask=_EE_"":3,""obs_mistake_mask=_E_E"":11,""obs_mistake_mask=_E__"":10,""obs_mistake_mask=__EE"":6,""obs_mistake_mask=__E_"":14,""obs_mistake_mask=___E"":16}"
     78848,         0,         0,    8.31,decoder_by_matrix,3c866087b289edc25e9adea730044a15db18cabfd3ae2507fc844d5b4e03657a,"{""distance"":5,""physical_error_rate"":5e-06}","{""detection_events"":220,""detectors_checked"":13404160}"
     68608,        19,         0,    8.45,decoder_by_matrix,926aad2e192fb73fc0ac724cdb1e19af2dfa1e49635753b9cefb82507b443f08,"{""distance"":5,""physical_error_rate"":0.005}","{""detection_events"":192975,""detectors_checked"":11663360,""obs_mistake_mask=EE_E"":1,""obs_mistake_mask=EE__"":2,""obs_mistake_mask=E_E_"":2,""obs_mistake_mask=E___"":3,""obs_mistake_mask=_EE_"":2,""obs_mistake_mask=_E_E"":1,""obs_mistake_mask=_E__"":1,""obs_mistake_mask=__EE"":2,""obs_mistake_mask=__E_"":2,""obs_mistake_mask=___E"":3}"
     44032,         0,         0,    5.94,decoder_by_matrix,e41ade2e4684e0396b9a3890c882b6453b515d69885aa1d89a26ce21ec554895,"{""distance"":5,""physical_error_rate"":1e-06}","{""detection_events"":25,""detectors_checked"":7485440}"
     69632,         0,         0,    8.46,decoder_by_matrix,066a5d8d46981b593c3dec855f441edbe9e755a8873183448f69d036a2ecc650,"{""distance"":5,""physical_error_rate"":0.001}","{""detection_events"":39975,""detectors_checked"":11837440}"
     83968,         0,         0,    8.32,decoder_by_matrix,066a5d8d46981b593c3dec855f441edbe9e755a8873183448f69d036a2ecc650,"{""distance"":5,""physical_error_rate"":0.001}","{""detection_events"":45290,""detectors_checked"":14274560}"
     88064,         0,         0,    8.34,decoder_by_matrix,e41ade2e4684e0396b9a3890c882b6453b515d69885aa1d89a26ce21ec554895,"{""distance"":5,""physical_error_rate"":1e-06}","{""detection_events"":10,""detectors_checked"":14970880}"
     65536,         0,         0,    8.36,decoder_by_matrix,fa5edda0c1038186c8afbec49b0215a0b852396cdb50783a3f937fdf51d2afac,"{""distance"":5,""physical_error_rate"":1e-05}","{""detection_events"":435,""detectors_checked"":11141120}"
     81920,         0,         0,    8.40,decoder_by_matrix,e41ade2e4684e0396b9a3890c882b6453b515d69885aa1d89a26ce21ec554895,"{""distance"":5,""physical_error_rate"":1e-06}","{""detection_events"":30,""detectors_checked"":13926400}"
     87040,         0,         0,    8.41,decoder_by_matrix,0421d486f8a041838688df650e87c0a19c3450ab7a7cc8b3dc589ebff86d1c74,"{""distance"":5,""physical_error_rate"":0.0001}","{""detection_events"":4995,""detectors_checked"":14796800}"
     37888,         0,         0,    4.25,decoder_by_matrix,fa5edda0c1038186c8afbec49b0215a0b852396cdb50783a3f937fdf51d2afac,"{""distance"":5,""physical_error_rate"":1e-05}","{""detection_events"":95,""detectors_checked"":6440960}"
     86016,         0,         0,    8.40,decoder_by_matrix,b84cf4b8ca220d31f17e1e2ea9ab927bbc4176b15682c650e7d1dd8f2758172b,"{""distance"":5,""physical_error_rate"":0.0005}","{""detection_events"":24800,""detectors_checked"":14622720}"
     87040,         0,         0,    8.38,decoder_by_matrix,0421d486f8a041838688df650e87c0a19c3450ab7a7cc8b3dc589ebff86d1c74,"{""distance"":5,""physical_error_rate"":0.0001}","{""detection_events"":4875,""detectors_checked"":14796800}"
     22528,        36,         0,    4.32,decoder_by_matrix,90a4071835a8081462c190a19e797ba514a4700a252abbae3adc59eefd5a11d7,"{""distance"":5,""physical_error_rate"":0.01}","{""detection_events"":122250,""detectors_checked"":3829760,""obs_mistake_mask=EE_E"":3,""obs_mistake_mask=EE__"":2,""obs_mistake_mask=E_EE"":3,""obs_mistake_mask=E_E_"":3,""obs_mistake_mask=E__E"":1,""obs_mistake_mask=E___"":5,""obs_mistake_mask=_EEE"":2,""obs_mistake_mask=_EE_"":2,""obs_mistake_mask=_E_E"":1,""obs_mistake_mask=_E__"":3,""obs_mistake_mask=__EE"":1,""obs_mistake_mask=__E_"":4,""obs_mistake_mask=___E"":6}"
     43008,         0,         0,    4.24,decoder_by_matrix,9c6baee88fc81e7d1aa345fcb3feec7ee81f21c5d49cb6ca037118097d89e180,"{""distance"":5,""physical_error_rate"":5e-05}","{""detection_events"":1190,""detectors_checked"":7311360}"
     71680,         0,         0,    8.37,decoder_by_matrix,b84cf4b8ca220d31f17e1e2ea9ab927bbc4176b15682c650e7d1dd8f2758172b,"{""distance"":5,""physical_error_rate"":0.0005}","{""detection_events"":18580,""detectors_checked"":12185600}"
     86016,        24,         0,    8.38,decoder_by_matrix,926aad2e192fb73fc0ac724cdb1e19af2dfa1e49635753b9cefb82507b443f08,"{""distance"":5,""physical_error_rate"":0.005}","{""detection_events"":240780,""detectors_checked"":14622720,""obs_mistake_mask=EEE_"":1,""obs_mistake_mask=EE_E"":2,""obs_mistake_mask=EE__"":3,""obs_mistake_mask=E___"":4,""obs_mistake_mask=_EEE"":3,""obs_mistake_mask=_EE_"":1,""obs_mistake_mask=_E_E"":3,""obs_mistake_mask=_E__"":2,""obs_mistake_mask=__EE"":1,""obs_mistake_mask=__E_"":1,""obs_mistake_mask=___E"":3}"
     60416,         0,         0,    8.45,decoder_by_matrix,e41ade2e4684e0396b9a3890c882b6453b515d69885aa1d89a26ce21ec554895,"{""distance"":5,""physical_error_rate"":1e-06}","{""detection_events"":40,""detectors_checked"":10270720}"
     91136,         0,         0,    8.39,decoder_by_matrix,9c6baee88fc81e7d1aa345fcb3feec7ee81f21c5d49cb6ca037118097d89e180,"{""distance"":5,""physical_error_rate"":5e-05}","{""detection_events"":2585,""detectors_checked"":15493120}"
     70656,         0,         0,    8.37,decoder_by_matrix,9c6baee88fc81e7d1aa345fcb3feec7ee81f21c5d49cb6ca037118097d89e180,"{""distance"":5,""physical_error_rate"":5e-05}","{""detection_events"":2330,""detectors_checked"":12011520}"
     45056,         0,         0,    4.28,decoder_by_matrix,b84cf4b8ca220d31f17e1e2ea9ab927bbc4176b15682c650e7d1dd8f2758172b,"{""distance"":5,""physical_error_rate"":0.0005}","{""detection_events"":13125,""detectors_checked"":7659520}"
     35840,         5,         0,    4.31,decoder_by_matrix,926aad2e192fb73fc0ac724cdb1e19af2dfa1e49635753b9cefb82507b443f08,"{""distance"":5,""physical_error_rate"":0.005}","{""detection_events"":98115,""detectors_checked"":6092800,""obs_mistake_mask=EE_E"":1,""obs_mistake_mask=E_E_"":1,""obs_mistake_mask=E___"":1,""obs_mistake_mask=___E"":2}"
     84992,         0,         0,    8.45,decoder_by_matrix,0421d486f8a041838688df650e87c0a19c3450ab7a7cc8b3dc589ebff86d1c74,"{""distance"":5,""physical_error_rate"":0.0001}","{""detection_events"":5080,""detectors_checked"":14448640}"
     83968,       170,         0,    8.38,decoder_by_matrix,90a4071835a8081462c190a19e797ba514a4700a252abbae3adc59eefd5a11d7,"{""distance"":5,""physical_error_rate"":0.01}","{""detection_events"":454755,""detectors_checked"":14274560,""obs_mistake_mask=EEE_"":5,""obs_mistake_mask=EE_E"":8,""obs_mistake_mask=EE__"":12,""obs_mistake_mask=E_EE"":5,""obs_mistake_mask=E_E_"":10,""obs_mistake_mask=E__E"":18,""obs_mistake_mask=E___"":32,""obs_mistake_mask=_EEE"":4,""obs_mistake_mask=_EE_"":8,""obs_mistake_mask=_E_E"":11,""obs_mistake_mask=_E__"":12,""obs_mistake_mask=__EE"":9,""obs_mistake_mask=__E_"":16,""obs_mistake_mask=___E"":20}"
     51200,         0,         0,    5.98,decoder_by_matrix,066a5d8d46981b593c3dec855f441edbe9e755a8873183448f69d036a2ecc650,"{""distance"":5,""physical_error_rate"":0.001}","{""detection_events"":29310,""detectors_checked"":8704000}"
    100352,        29,         0,    8.40,decoder_by_matrix,926aad2e192fb73fc0ac724cdb1e19af2dfa1e49635753b9cefb82507b443f08,"{""distance"":5,""physical_error_rate"":0.005}","{""detection_events"":282900,""detectors_checked"":17059840,""obs_mistake_mask=EE_E"":1,""obs_mistake_mask=E_E_"":1,""obs_mistake_mask=E__E"":3,""obs_mistake_mask=E___"":4,""obs_mistake_mask=_EE_"":4,""obs_mistake_mask=_E_E"":3,""obs_mistake_mask=_E__"":4,""obs_mistake_mask=__E_"":7,""obs_mistake_mask=___E"":2}"
    124928,         0,         0,    11.7,decoder_by_matrix,fa5edda0c1038186c8afbec49b0215a0b852396cdb50783a3f937fdf51d2afac,"{""distance"":5,""physical_error_rate"":1e-05}","{""detection_events"":695,""detectors_checked"":21237760}"
     52224,         0,         0,    6.00,decoder_by_matrix,fa5edda0c1038186c8afbec49b0215a0b852396cdb50783a3f937fdf51d2afac,"{""distance"":5,""physical_error_rate"":1e-05}","{""detection_events"":275,""detectors_checked"":8878080}"
    130048,         0,         0,    11.7,decoder_by_matrix,0421d486f8a041838688df650e87c0a19c3450ab7a7cc8b3dc589ebff86d1c74,"{""distance"":5,""physical_error_rate"":0.0001}","{""detection_events"":6565,""detectors_checked"":22108160}"
     35840,        62,         0,    6.01,decoder_by_matrix,90a4071835a8081462c190a19e797ba514a4700a252abbae3adc59eefd5a11d7,"{""distance"":5,""physical_error_rate"":0.01}","{""detection_events"":195525,""detectors_checked"":6092800,""obs_mistake_mask=EEE_"":1,""obs_mistake_mask=EE_E"":1,""obs_mistake_mask=EE__"":5,""obs_mistake_mask=E_EE"":2,""obs_mistake_mask=E_E_"":5,""obs_mistake_mask=E__E"":3,""obs_mistake_mask=E___"":11,""obs_mistake_mask=_EEE"":5,""obs_mistake_mask=_EE_"":5,""obs_mistake_mask=_E_E"":7,""obs_mistake_mask=_E__"":5,""obs_mistake_mask=__EE"":2,""obs_mistake_mask=__E_"":4,""obs_mistake_mask=___E"":6}"
     62464,         0,         0,    5.95,decoder_by_matrix,9c6baee88fc81e7d1aa345fcb3feec7ee81f21c5d49cb6ca037118097d89e180,"{""distance"":5,""physical_error_rate"":5e-05}","{""detection_events"":1830,""detectors_checked"":10618880}"
     91136,         0,         0,    8.30,decoder_by_matrix,3c866087b289edc25e9adea730044a15db18cabfd3ae2507fc844d5b4e03657a,"{""distance"":5,""physical_error_rate"":5e-06}","{""detection_events"":115,""detectors_checked"":15493120}"
     75776,         0,         0,    11.8,decoder_by_matrix,fa5edda0c1038186c8afbec49b0215a0b852396cdb50783a3f937fdf51d2afac,"{""distance"":5,""physical_error_rate"":1e-05}","{""detection_events"":350,""detectors_checked"":12881920}"
    110592,         0,         0,    11.7,decoder_by_matrix,9c6baee88fc81e7d1aa345fcb3feec7ee81f21c5d49cb6ca037118097d89e180,"{""distance"":5,""physical_error_rate"":5e-05}","{""detection_events"":2725,""detectors_checked"":18800640}"
     60416,         0,         0,    6.02,decoder_by_matrix,b84cf4b8ca220d31f17e1e2ea9ab927bbc4176b15682c650e7d1dd8f2758172b,"{""distance"":5,""physical_error_rate"":0.0005}","{""detection_events"":17130,""detectors_checked"":10270720}"
     56320,         0,         0,    8.47,decoder_by_matrix,e41ade2e4684e0396b9a3890c882b6453b515d69885aa1d89a26ce21ec554895,"{""distance"":5,""physical_error_rate"":1e-06}","{""detection_events"":10,""detectors_checked"":9574400}"
    118784,         0,         0,    11.7,decoder_by_matrix,066a5d8d46981b593c3dec855f441edbe9e755a8873183448f69d036a2ecc650,"{""distance"":5,""physical_error_rate"":0.001}","{""detection_events"":67300,""detectors_checked"":20193280}"
    103424,       177,         0,    11.7,decoder_by_matrix,90a4071835a8081462c190a19e797ba514a4700a252abbae3adc59eefd5a11d7,"{""distance"":5,""physical_error_rate"":0.01}","{""detection_events"":559810,""detectors_checked"":17582080,""obs_mistake_mask=EEE_"":2,""obs_mistake_mask=EE_E"":6,""obs_mistake_mask=EE__"":10,""obs_mistake_mask=E_EE"":5,""obs_mistake_mask=E_E_"":12,""obs_mistake_mask=E__E"":12,""obs_mistake_mask=E___"":33,""obs_mistake_mask=_EEE"":15,""obs_mistake_mask=_EE_"":11,""obs_mistake_mask=_E_E"":12,""obs_mistake_mask=_E__"":14,""obs_mistake_mask=__EE"":10,""obs_mistake_mask=__E_"":18,""obs_mistake_mask=___E"":17}"
     49152,        11,         0,    5.89,decoder_by_matrix,926aad2e192fb73fc0ac724cdb1e19af2dfa1e49635753b9cefb82507b443f08,"{""distance"":5,""physical_error_rate"":0.005}","{""detection_events"":138495,""detectors_checked"":8355840,""obs_mistake_mask=EE_E"":2,""obs_mistake_mask=EE__"":1,""obs_mistake_mask=E__E"":1,""obs_mistake_mask=E___"":2,""obs_mistake_mask=_EE_"":1,""obs_mistake_mask=_E__"":2,""obs_mistake_mask=___E"":2}"
    118784,         0,         0,    11.6,decoder_by_matrix,3c866087b289edc25e9adea730044a15db18cabfd3ae2507fc844d5b4e03657a,"{""distance"":5,""physical_error_rate"":5e-06}","{""detection_events"":375,""detectors_checked"":20193280}"
    124928,         0,         0,    11.7,decoder_by_matrix,066a5d8d46981b593c3dec855f441edbe9e755a8873183448f69d036a2ecc650,"{""distance"":5,""physical_error_rate"":0.001}","{""detection_events"":72350,""detectors_checked"":21237760}"
    108544,         0,         0,    11.7,decoder_by_matrix,9c6baee88fc81e7d1aa345fcb3feec7ee81f21c5d49cb6ca037118097d89e180,"{""distance"":5,""physical_error_rate"":5e-05}","{""detection_events"":3045,""detectors_checked"":18452480}"
    115712,         0,         0,    11.8,decoder_by_matrix,b84cf4b8ca220d31f17e1e2ea9ab927bbc4176b15682c650e7d1dd8f2758172b,"{""distance"":5,""physical_error_rate"":0.0005}","{""detection_events"":32815,""detectors_checked"":19671040}"
    114688,         0,         0,    11.7,decoder_by_matrix,e41ade2e4684e0396b9a3890c882b6453b515d69885aa1d89a26ce21ec554895,"{""distance"":5,""physical_error_rate"":1e-06}","{""detection_events"":85,""detectors_checked"":19496960}"
     68608,        12,         0,    11.9,decoder_by_matrix,926aad2e192fb73fc0ac724cdb1e19af2dfa1e49635753b9cefb82507b443f08,"{""distance"":5,""physical_error_rate"":0.005}","{""detection_events"":189475,""detectors_checked"":11663360,""obs_mistake_mask=EE_E"":1,""obs_mistake_mask=E__E"":1,""obs_mistake_mask=E___"":2,""obs_mistake_mask=_EEE"":1,""obs_mistake_mask=_EE_"":2,""obs_mistake_mask=_E_E"":1,""obs_mistake_mask=__E_"":3,""obs_mistake_mask=___E"":1}"
    117760,       215,         0,    11.6,decoder_by_matrix,90a4071835a8081462c190a19e797ba514a4700a252abbae3adc59eefd5a11d7,"{""distance"":5,""physical_error_rate"":0.01}","{""detection_events"":639610,""detectors_checked"":20019200,""obs_mistake_mask=EEE_"":5,""obs_mistake_mask=EE_E"":10,""obs_mistake_mask=EE__"":12,""obs_mistake_mask=E_EE"":8,""obs_mistake_mask=E_E_"":18,""obs_mistake_mask=E__E"":21,""obs_mistake_mask=E___"":39,""obs_mistake_mask=_EEE"":15,""obs_mistake_mask=_EE_"":8,""obs_mistake_mask=_E_E"":9,""obs_mistake_mask=_E__"":8,""obs_mistake_mask=__EE"":14,""obs_mistake_mask=__E_"":25,""obs_mistake_mask=___E"":23}"
    113664,         0,         0,    11.7,decoder_by_matrix,b84cf4b8ca220d31f17e1e2ea9ab927bbc4176b15682c650e7d1dd8f2758172b,"{""distance"":5,""physical_error_rate"":0.0005}","{""detection_events"":32140,""detectors_checked"":19322880}"
    116736,       194,         0,    11.7,decoder_by_matrix,90a4071835a8081462c190a19e797ba514a4700a252abbae3adc59eefd5a11d7,"{""distance"":5,""physical_error_rate"":0.01}","{""detection_events"":635660,""detectors_checked"":19845120,""obs_mistake_mask=EEEE"":1,""obs_mistake_mask=EEE_"":9,""obs_mistake_mask=EE_E"":4,""obs_mistake_mask=EE__"":12,""obs_mistake_mask=E_EE"":3,""obs_mistake_mask=E_E_"":10,""obs_mistake_mask=E__E"":16,""obs_mistake_mask=E___"":36,""obs_mistake_mask=_EEE"":8,""obs_mistake_mask=_EE_"":10,""obs_mistake_mask=_E_E"":13,""obs_mistake_mask=_E__"":16,""obs_mistake_mask=__EE"":10,""obs_mistake_mask=__E_"":25,""obs_mistake_mask=___E"":21}"
     76800,         0,         0,    11.8,decoder_by_matrix,fa5edda0c1038186c8afbec49b0215a0b852396cdb50783a3f937fdf51d2afac,"{""distance"":5,""physical_error_rate"":1e-05}","{""detection_events"":335,""detectors_checked"":13056000}"
    120832,        32,         0,    11.7,decoder_by_matrix,926aad2e192fb73fc0ac724cdb1e19af2dfa1e49635753b9cefb82507b443f08,"{""distance"":5,""physical_error_rate"":0.005}","{""detection_events"":336640,""detectors_checked"":20541440,""obs_mistake_mask=EEE_"":1,""obs_mistake_mask=EE__"":5,""obs_mistake_mask=E_E_"":4,""obs_mistake_mask=E___"":6,""obs_mistake_mask=_EEE"":2,""obs_mistake_mask=_E_E"":2,""obs_mistake_mask=_E__"":5,""obs_mistake_mask=__EE"":1,""obs_mistake_mask=__E_"":2,""obs_mistake_mask=___E"":4}"
    102400,         0,         0,    11.7,decoder_by_matrix,0421d486f8a041838688df650e87c0a19c3450ab7a7cc8b3dc589ebff86d1c74,"{""distance"":5,""physical_error_rate"":0.0001}","{""detection_events"":6625,""detectors_checked"":17408000}"
    125952,         0,         0,    11.7,decoder_by_matrix,3c866087b289edc25e9adea730044a15db18cabfd3ae2507fc844d5b4e03657a,"{""distance"":5,""physical_error_rate"":5e-06}","{""detection_events"":245,""detectors_checked"":21411840}"
    124928,         0,         0,    11.8,decoder_by_matrix,3c866087b289edc25e9adea730044a15db18cabfd3ae2507fc844d5b4e03657a,"{""distance"":5,""physical_error_rate"":5e-06}","{""detection_events"":230,""detectors_checked"":21237760}"
    119808,         1,         0,    11.7,decoder_by_matrix,066a5d8d46981b593c3dec855f441edbe9e755a8873183448f69d036a2ecc650,"{""distance"":5,""physical_error_rate"":0.001}","{""detection_events"":70735,""detectors_checked"":20367360,""obs_mistake_mask=_E_E"":1}"
    113664,       209,         0,    11.7,decoder_by_matrix,90a4071835a8081462c190a19e797ba514a4700a252abbae3adc59eefd5a11d7,"{""distance"":5,""physical_error_rate"":0.01}","{""detection_events"":616395,""detectors_checked"":19322880,""obs_mistake_mask=EEE_"":5,""obs_mistake_mask=EE_E"":5,""obs_mistake_mask=EE__"":13,""obs_mistake_mask=E_EE"":4,""obs_mistake_mask=E_E_"":14,""obs_mistake_mask=E__E"":17,""obs_mistake_mask=E___"":46,""obs_mistake_mask=_EEE"":10,""obs_mistake_mask=_EE_"":7,""obs_mistake_mask=_E_E"":13,""obs_mistake_mask=_E__"":25,""obs_mistake_mask=__EE"":8,""obs_mistake_mask=__E_"":22,""obs_mistake_mask=___E"":20}"
    120832,         0,         0,    11.7,decoder_by_matrix,3c866087b289edc25e9adea730044a15db18cabfd3ae2507fc844d5b4e03657a,"{""distance"":5,""physical_error_rate"":5e-06}","{""detection_events"":435,""detectors_checked"":20541440}"
    107520,        16,         0,    11.7,decoder_by_matrix,926aad2e192fb73fc0ac724cdb1e19af2dfa1e49635753b9cefb82507b443f08,"{""distance"":5,""physical_error_rate"":0.005}","{""detection_events"":300720,""detectors_checked"":18278400,""obs_mistake_mask=EEE_"":1,""obs_mistake_mask=EE__"":1,""obs_mistake_mask=E_E_"":2,""obs_mistake_mask=E__E"":2,""obs_mistake_mask=E___"":1,""obs_mistake_mask=_EEE"":1,""obs_mistake_mask=_E_E"":1,""obs_mistake_mask=_E__"":2,""obs_mistake_mask=__E_"":3,""obs_mistake_mask=___E"":2}"
    117760,         0,         0,    11.7,decoder_by_matrix,066a5d8d46981b593c3dec855f441edbe9e755a8873183448f69d036a2ecc650,"{""distance"":5,""physical_error_rate"":0.001}","{""detection_events"":68325,""detectors_checked"":20019200}"
    124928,         0,         0,    11.6,decoder_by_matrix,066a5d8d46981b593c3dec855f441edbe9e755a8873183448f69d036a2ecc650,"{""distance"":5,""physical_error_rate"":0.001}","{""detection_events"":72785,""detectors_checked"":21237760}"
    130048,         0,         0,    11.8,decoder_by_matrix,e41ade2e4684e0396b9a3890c882b6453b515d69885aa1d89a26ce21ec554895,"{""distance"":5,""physical_error_rate"":1e-06}","{""detection_events"":75,""detectors_checked"":22108160}"
     79872,         0,         0,    11.8,decoder_by_matrix,fa5edda0c1038186c8afbec49b0215a0b852396cdb50783a3f937fdf51d2afac,"{""distance"":5,""physical_error_rate"":1e-05}","{""detection_events"":570,""detectors_checked"":13578240}"
     79872,         0,         0,    11.7,decoder_by_matrix,e41ade2e4684e0396b9a3890c882b6453b515d69885aa1d89a26ce21ec554895,"{""distance"":5,""physical_error_rate"":1e-06}","{""detection_events"":5,""detectors_checked"":13578240}"
     75776,         0,         0,    8.39,decoder_by_matrix,066a5d8d46981b593c3dec855f441edbe9e755a8873183448f69d036a2ecc650,"{""distance"":5,""physical_error_rate"":0.001}","{""detection_events"":43570,""detectors_checked"":12881920}"
    100352,         0,         0,    11.8,decoder_by_matrix,0421d486f8a041838688df650e87c0a19c3450ab7a7cc8b3dc589ebff86d1c74,"{""distance"":5,""physical_error_rate"":0.0001}","{""detection_events"":5750,""detectors_checked"":17059840}"
    123904,         0,         0,    11.7,decoder_by_matrix,0421d486f8a041838688df650e87c0a19c3450ab7a7cc8b3dc589ebff86d1c74,"{""distance"":5,""physical_error_rate"":0.0001}","{""detection_events"":6785,""detectors_checked"":21063680}"
    122880,         0,         0,    11.7,decoder_by_matrix,b84cf4b8ca220d31f17e1e2ea9ab927bbc4176b15682c650e7d1dd8f2758172b,"{""distance"":5,""physical_error_rate"":0.0005}","{""detection_events"":34480,""detectors_checked"":20889600}"
    109568,         0,         0,    11.7,decoder_by_matrix,b84cf4b8ca220d31f17e1e2ea9ab927bbc4176b15682c650e7d1dd8f2758172b,"{""distance"":5,""physical_error_rate"":0.0005}","{""detection_events"":30695,""detectors_checked"":18626560}"
    118784,        28,         0,    11.7,decoder_by_matrix,926aad2e192fb73fc0ac724cdb1e19af2dfa1e49635753b9cefb82507b443f08,"{""distance"":5,""physical_error_rate"":0.005}","{""detection_events"":331615,""detectors_checked"":20193280,""obs_mistake_mask=EEE_"":1,""obs_mistake_mask=E__E"":3,""obs_mistake_mask=E___"":3,""obs_mistake_mask=_EEE"":3,""obs_mistake_mask=_EE_"":3,""obs_mistake_mask=_E_E"":2,""obs_mistake_mask=_E__"":4,""obs_mistake_mask=__E_"":4,""obs_mistake_mask=___E"":5}"
    102400,         0,         0,    11.7,decoder_by_matrix,e41ade2e4684e0396b9a3890c882b6453b515d69885aa1d89a26ce21ec554895,"{""distance"":5,""physical_error_rate"":1e-06}","{""detection_events"":35,""detectors_checked"":17408000}"
    123904,         0,         0,    11.7,decoder_by_matrix,9c6baee88fc81e7d1aa345fcb3feec7ee81f21c5d49cb6ca037118097d89e180,"{""distance"":5,""physical_error_rate"":5e-05}","{""detection_events"":2960,""detectors_checked"":21063680}"
    122880,         0,         0,    11.7,decoder_by_matrix,9c6baee88fc81e7d1aa345fcb3feec7ee81f21c5d49cb6ca037118097d89e180,"{""distance"":5,""physical_error_rate"":5e-05}","{""detection_events"":3145,""detectors_checked"":20889600}"
     98304,         0,         0,    11.7,decoder_by_matrix,0421d486f8a041838688df650e87c0a19c3450ab7a7cc8b3dc589ebff86d1c74,"{""distance"":5,""physical_error_rate"":0.0001}","{""detection_events"":5580,""detectors_checked"":16711680}"
     94208,       186,         0,    11.7,decoder_by_matrix,90a4071835a8081462c190a19e797ba514a4700a252abbae3adc59eefd5a11d7,"{""distance"":5,""physical_error_rate"":0.01}","{""detection_events"":513330,""detectors_checked"":16015360,""obs_mistake_mask=EEE_"":1,""obs_mistake_mask=EE_E"":11,""obs_mistake_mask=EE__"":7,""obs_mistake_mask=E_EE"":8,""obs_mistake_mask=E_E_"":11,""obs_mistake_mask=E__E"":19,""obs_mistake_mask=E___"":33,""obs_mistake_mask=_EEE"":22,""obs_mistake_mask=_EE_"":9,""obs_mistake_mask=_E_E"":12,""obs_mistake_mask=_E__"":15,""obs_mistake_mask=__EE"":6,""obs_mistake_mask=__E_"":16,""obs_mistake_mask=___E"":16}"
     84992,         0,         0,    8.37,decoder_by_matrix,fa5edda0c1038186c8afbec49b0215a0b852396cdb50783a3f937fdf51d2afac,"{""distance"":5,""physical_error_rate"":1e-05}","{""detection_events"":445,""detectors_checked"":14448640}"
     50176,        81,         0,    8.33,decoder_by_matrix,90a4071835a8081462c190a19e797ba514a4700a252abbae3adc59eefd5a11d7,"{""distance"":5,""physical_error_rate"":0.01}","{""detection_events"":270275,""detectors_checked"":8529920,""obs_mistake_mask=EEE_"":3,""obs_mistake_mask=EE_E"":1,""obs_mistake_mask=EE__"":8,""obs_mistake_mask=E_EE"":5,""obs_mistake_mask=E_E_"":3,""obs_mistake_mask=E__E"":3,""obs_mistake_mask=E___"":13,""obs_mistake_mask=_EEE"":7,""obs_mistake_mask=_EE_"":5,""obs_mistake_mask=_E_E"":2,""obs_mistake_mask=_E__"":10,""obs_mistake_mask=__EE"":3,""obs_mistake_mask=__E_"":9,""obs_mistake_mask=___E"":9}"
     87040,         0,         0,    8.38,decoder_by_matrix,9c6baee88fc81e7d1aa345fcb3feec7ee81f21c5d49cb6ca037118097d89e180,"{""distance"":5,""physical_error_rate"":5e-05}","{""detection_events"":2615,""detectors_checked"":14796800}"
     84992,         0,         0,    8.35,decoder_by_matrix,b84cf4b8ca220d31f17e1e2ea9ab927bbc4176b15682c650e7d1dd8f2758172b,"{""distance"":5,""physical_error_rate"":0.0005}","{""detection_events"":24095,""detectors_checked"":14448640}"
     83968,        29,         0,    8.36,decoder_by_matrix,926aad2e192fb73fc0ac724cdb1e19af2dfa1e49635753b9cefb82507b443f08,"{""distance"":5,""physical_error_rate"":0.005}","{""detection_events"":236205,""detectors_checked"":14274560,""obs_mistake_mask=EEE_"":2,""obs_mistake_mask=EE_E"":2,""obs_mistake_mask=EE__"":1,""obs_mistake_mask=E_E_"":1,""obs_mistake_mask=E__E"":2,""obs_mistake_mask=E___"":4,""obs_mistake_mask=_EEE"":2,""obs_mistake_mask=_EE_"":2,""obs_mistake_mask=_E_E"":2,""obs_mistake_mask=_E__"":1,""obs_mistake_mask=__EE"":2,""obs_mistake_mask=__E_"":4,""obs_mistake_mask=___E"":4}"
    123904,        25,         0,    11.7,decoder_by_matrix,926aad2e192fb73fc0ac724cdb1e19af2dfa1e49635753b9cefb82507b443f08,"{""distance"":5,""physical_error_rate"":0.005}","{""detection_events"":340155,""detectors_checked"":21063680,""obs_mistake_mask=EE__"":1,""obs_mistake_mask=E_EE"":1,""obs_mistake_mask=E_E_"":1,""obs_mistake_mask=E__E"":3,""obs_mistake_mask=E___"":2,""obs_mistake_mask=_EEE"":3,""obs_mistake_mask=_EE_"":2,""obs_mistake_mask=_E_E"":1,""obs_mistake_mask=_E__"":4,""obs_mistake_mask=__EE"":1,""obs_mistake_mask=__E_"":3,""obs_mistake_mask=___E"":3}"
    128000,         0,         0,    11.7,decoder_by_matrix,3c866087b289edc25e9adea730044a15db18cabfd3ae2507fc844d5b4e03657a,"{""distance"":5,""physical_error_rate"":5e-06}","{""detection_events"":335,""detectors_checked"":21760000}"
     81920,         0,         0,    11.7,decoder_by_matrix,e41ade2e4684e0396b9a3890c882b6453b515d69885aa1d89a26ce21ec554895,"{""distance"":5,""physical_error_rate"":1e-06}","{""detection_events"":35,""detectors_checked"":13926400}"
    144384,         0,         0,    16.4,decoder_by_matrix,fa5edda0c1038186c8afbec49b0215a0b852396cdb50783a3f937fdf51d2afac,"{""distance"":5,""physical_error_rate"":1e-05}","{""detection_events"":850,""detectors_checked"":24545280}"
    179200,         0,         0,    16.4,decoder_by_matrix,0421d486f8a041838688df650e87c0a19c3450ab7a7cc8b3dc589ebff86d1c74,"{""distance"":5,""physical_error_rate"":0.0001}","{""detection_events"":9960,""detectors_checked"":30464000}"
    118784,         1,         0,    11.7,decoder_by_matrix,066a5d8d46981b593c3dec855f441edbe9e755a8873183448f69d036a2ecc650,"{""distance"":5,""physical_error_rate"":0.001}","{""detection_events"":68320,""detectors_checked"":20193280,""obs_mistake_mask=_E_E"":1}"
    112640,         0,         0,    16.5,decoder_by_matrix,fa5edda0c1038186c8afbec49b0215a0b852396cdb50783a3f937fdf51d2afac,"{""distance"":5,""physical_error_rate"":1e-05}","{""detection_events"":640,""detectors_checked"":19148800}"
    137216,         0,         0,    16.4,decoder_by_matrix,9c6baee88fc81e7d1aa345fcb3feec7ee81f21c5d49cb6ca037118097d89e180,"{""distance"":5,""physical_error_rate"":5e-05}","{""detection_events"":4300,""detectors_checked"":23326720}"
    167936,         1,         0,    16.4,decoder_by_matrix,066a5d8d46981b593c3dec855f441edbe9e755a8873183448f69d036a2ecc650,"{""distance"":5,""physical_error_rate"":0.001}","{""detection_events"":95760,""detectors_checked"":28549120,""obs_mistake_mask=E___"":1}"
    131072,       248,         0,    16.4,decoder_by_matrix,90a4071835a8081462c190a19e797ba514a4700a252abbae3adc59eefd5a11d7,"{""distance"":5,""physical_error_rate"":0.01}","{""detection_events"":711265,""detectors_checked"":22282240,""obs_mistake_mask=EEEE"":1,""obs_mistake_mask=EEE_"":7,""obs_mistake_mask=EE_E"":2,""obs_mistake_mask=EE__"":22,""obs_mistake_mask=E_EE"":7,""obs_mistake_mask=E_E_"":21,""obs_mistake_mask=E__E"":18,""obs_mistake_mask=E___"":51,""obs_mistake_mask=_EEE"":15,""obs_mistake_mask=_EE_"":9,""obs_mistake_mask=_E_E"":10,""obs_mistake_mask=_E__"":22,""obs_mistake_mask=__EE"":14,""obs_mistake_mask=__E_"":26,""obs_mistake_mask=___E"":23}"
    176128,         0,         0,    16.4,decoder_by_matrix,3c866087b289edc25e9adea730044a15db18cabfd3ae2507fc844d5b4e03657a,"{""distance"":5,""physical_error_rate"":5e-06}","{""detection_events"":565,""detectors_checked"":29941760}"
    174080,         2,         0,    16.4,decoder_by_matrix,066a5d8d46981b593c3dec855f441edbe9e755a8873183448f69d036a2ecc650,"{""distance"":5,""physical_error_rate"":0.001}","{""detection_events"":99485,""detectors_checked"":29593600,""obs_mistake_mask=EE__"":1,""obs_mistake_mask=__E_"":1}"
    137216,         0,         0,    16.4,decoder_by_matrix,9c6baee88fc81e7d1aa345fcb3feec7ee81f21c5d49cb6ca037118097d89e180,"{""distance"":5,""physical_error_rate"":5e-05}","{""detection_events"":4030,""detectors_checked"":23326720}"
    137216,         0,         0,    16.3,decoder_by_matrix,b84cf4b8ca220d31f17e1e2ea9ab927bbc4176b15682c650e7d1dd8f2758172b,"{""distance"":5,""physical_error_rate"":0.0005}","{""detection_events"":38360,""detectors_checked"":23326720}"
    176128,         0,         0,    16.4,decoder_by_matrix,e41ade2e4684e0396b9a3890c882b6453b515d69885aa1d89a26ce21ec554895,"{""distance"":5,""physical_error_rate"":1e-06}","{""detection_events"":110,""detectors_checked"":29941760}"
    100352,        28,         0,    16.5,decoder_by_matrix,926aad2e192fb73fc0ac724cdb1e19af2dfa1e49635753b9cefb82507b443f08,"{""distance"":5,""physical_error_rate"":0.005}","{""detection_events"":276510,""detectors_checked"":17059840,""obs_mistake_mask=EEE_"":1,""obs_mistake_mask=EE_E"":1,""obs_mistake_mask=EE__"":5,""obs_mistake_mask=E_E_"":3,""obs_mistake_mask=E___"":5,""obs_mistake_mask=_EEE"":2,""obs_mistake_mask=_EE_"":2,""obs_mistake_mask=_E__"":1,""obs_mistake_mask=__EE"":2,""obs_mistake_mask=__E_"":3,""obs_mistake_mask=___E"":3}"
    159744,       324,         0,    16.3,decoder_by_matrix,90a4071835a8081462c190a19e797ba514a4700a252abbae3adc59eefd5a11d7,"{""distance"":5,""physical_error_rate"":0.01}","{""detection_events"":877975,""detectors_checked"":27156480,""obs_mistake_mask=EEE_"":15,""obs_mistake_mask=EE_E"":9,""obs_mistake_mask=EE__"":15,""obs_mistake_mask=E_EE"":9,""obs_mistake_mask=E_E_"":25,""obs_mistake_mask=E__E"":17,""obs_mistake_mask=E___"":56,""obs_mistake_mask=_EEE"":24,""obs_mistake_mask=_EE_"":17,""obs_mistake_mask=_E_E"":19,""obs_mistake_mask=_E__"":35,""obs_mistake_mask=__EE"":12,""obs_mistake_mask=__E_"":39,""obs_mistake_mask=___E"":32}"
    137216,         0,         0,    16.5,decoder_by_matrix,b84cf4b8ca220d31f17e1e2ea9ab927bbc4176b15682c650e7d1dd8f2758172b,"{""distance"":5,""physical_error_rate"":0.0005}","{""detection_events"":38845,""detectors_checked"":23326720}"
    159744,       289,         0,    16.4,decoder_by_matrix,90a4071835a8081462c190a19e797ba514a4700a252abbae3adc59eefd5a11d7,"{""distance"":5,""physical_error_rate"":0.01}","{""detection_events"":865975,""detectors_checked"":27156480,""obs_mistake_mask=EEE_"":5,""obs_mistake_mask=EE_E"":5,""obs_mistake_mask=EE__"":18,""obs_mistake_mask=E_EE"":9,""obs_mistake_mask=E_E_"":8,""obs_mistake_mask=E__E"":19,""obs_mistake_mask=E___"":66,""obs_mistake_mask=_EEE"":22,""obs_mistake_mask=_EE_"":17,""obs_mistake_mask=_E_E"":18,""obs_mistake_mask=_E__"":22,""obs_mistake_mask=__EE"":14,""obs_mistake_mask=__E_"":31,""obs_mistake_mask=___E"":35}"
    124928,         0,         0,    11.8,decoder_by_matrix,fa5edda0c1038186c8afbec49b0215a0b852396cdb50783a3f937fdf51d2afac,"{""distance"":5,""physical_error_rate"":1e-05}","{""detection_events"":620,""detectors_checked"":21237760}"
    111616,         0,         0,    16.3,decoder_by_matrix,fa5edda0c1038186c8afbec49b0215a0b852396cdb50783a3f937fdf51d2afac,"{""distance"":5,""physical_error_rate"":1e-05}","{""detection_events"":695,""detectors_checked"":18974720}"
    122880,         0,         0,    11.7,decoder_by_matrix,9c6baee88fc81e7d1aa345fcb3feec7ee81f21c5d49cb6ca037118097d89e180,"{""distance"":5,""physical_error_rate"":5e-05}","{""detection_events"":3635,""detectors_checked"":20889600}"
     69632,       122,         0,    11.7,decoder_by_matrix,90a4071835a8081462c190a19e797ba514a4700a252abbae3adc59eefd5a11d7,"{""distance"":5,""physical_error_rate"":0.01}","{""detection_events"":377605,""detectors_checked"":11837440,""obs_mistake_mask=EEE_"":5,""obs_mistake_mask=EE__"":13,""obs_mistake_mask=E_EE"":1,""obs_mistake_mask=E_E_"":11,""obs_mistake_mask=E__E"":11,""obs_mistake_mask=E___"":23,""obs_mistake_mask=_EEE"":7,""obs_mistake_mask=_EE_"":7,""obs_mistake_mask=_E_E"":3,""obs_mistake_mask=_E__"":12,""obs_mistake_mask=__EE"":4,""obs_mistake_mask=__E_"":14,""obs_mistake_mask=___E"":11}"
    165888,        32,         0,    16.3,decoder_by_matrix,926aad2e192fb73fc0ac724cdb1e19af2dfa1e49635753b9cefb82507b443f08,"{""distance"":5,""physical_error_rate"":0.005}","{""detection_events"":465805,""detectors_checked"":28200960,""obs_mistake_mask=EE__"":1,""obs_mistake_mask=E_EE"":1,""obs_mistake_mask=E__E"":2,""obs_mistake_mask=E___"":7,""obs_mistake_mask=_EE_"":3,""obs_mistake_mask=_E_E"":4,""obs_mistake_mask=_E__"":4,""obs_mistake_mask=__EE"":1,""obs_mistake_mask=__E_"":6,""obs_mistake_mask=___E"":3}"
    138240,         0,         0,    16.4,decoder_by_matrix,0421d486f8a041838688df650e87c0a19c3450ab7a7cc8b3dc589ebff86d1c74,"{""distance"":5,""physical_error_rate"":0.0001}","{""detection_events"":8425,""detectors_checked"":23500800}"
    177152,         0,         0,    16.5,decoder_by_matrix,3c866087b289edc25e9adea730044a15db18cabfd3ae2507fc844d5b4e03657a,"{""distance"":5,""physical_error_rate"":5e-06}","{""detection_events"":585,""detectors_checked"":30115840}"
    175104,         0,         0,    16.4,decoder_by_matrix,3c866087b289edc25e9adea730044a15db18cabfd3ae2507fc844d5b4e03657a,"{""distance"":5,""physical_error_rate"":5e-06}","{""detection_events"":435,""detectors_checked"":29767680}"
    165888,         0,         0,    16.3,decoder_by_matrix,066a5d8d46981b593c3dec855f441edbe9e755a8873183448f69d036a2ecc650,"{""distance"":5,""physical_error_rate"":0.001}","{""detection_events"":94030,""detectors_checked"":28200960}"
    161792,       253,         0,    16.4,decoder_by_matrix,90a4071835a8081462c190a19e797ba514a4700a252abbae3adc59eefd5a11d7,"{""distance"":5,""physical_error_rate"":0.01}","{""detection_events"":876445,""detectors_checked"":27504640,""obs_mistake_mask=EEEE"":1,""obs_mistake_mask=EEE_"":11,""obs_mistake_mask=EE_E"":7,""obs_mistake_mask=EE__"":19,""obs_mistake_mask=E_EE"":7,""obs_mistake_mask=E_E_"":16,""obs_mistake_mask=E__E"":22,""obs_mistake_mask=E___"":41,""obs_mistake_mask=_EEE"":16,""obs_mistake_mask=_EE_"":14,""obs_mistake_mask=_E_E"":16,""obs_mistake_mask=_E__"":25,""obs_mistake_mask=__EE"":16,""obs_mistake_mask=__E_"":22,""obs_mistake_mask=___E"":20}"
    132096,        25,         0,    16.3,decoder_by_matrix,926aad2e192fb73fc0ac724cdb1e19af2dfa1e49635753b9cefb82507b443f08,"{""distance"":5,""physical_error_rate"":0.005}","{""detection_events"":363280,""detectors_checked"":22456320,""obs_mistake_mask=EE_E"":1,""obs_mistake_mask=EE__"":1,""obs_mistake_mask=E_EE"":1,""obs_mistake_mask=E_E_"":3,""obs_mistake_mask=E___"":9,""obs_mistake_mask=_EEE"":2,""obs_mistake_mask=_EE_"":2,""obs_mistake_mask=_E__"":3,""obs_mistake_mask=__EE"":1,""obs_mistake_mask=__E_"":1,""obs_mistake_mask=___E"":1}"
    174080,         0,         0,    16.5,decoder_by_matrix,3c866087b289edc25e9adea730044a15db18cabfd3ae2507fc844d5b4e03657a,"{""distance"":5,""physical_error_rate"":5e-06}","{""detection_events"":370,""detectors_checked"":29593600}"
    168960,         0,         0,    16.4,decoder_by_matrix,066a5d8d46981b593c3dec855f441edbe9e755a8873183448f69d036a2ecc650,"{""distance"":5,""physical_error_rate"":0.001}","{""detection_events"":92935,""detectors_checked"":28723200}"
    176128,         0,         0,    16.4,decoder_by_matrix,066a5d8d46981b593c3dec855f441edbe9e755a8873183448f69d036a2ecc650,"{""distance"":5,""physical_error_rate"":0.001}","{""detection_events"":99615,""detectors_checked"":29941760}"
    178176,         0,         0,    16.3,decoder_by_matrix,e41ade2e4684e0396b9a3890c882b6453b515d69885aa1d89a26ce21ec554895,"{""distance"":5,""physical_error_rate"":1e-06}","{""detection_events"":90,""detectors_checked"":30289920}"
    113664,         0,         0,    16.4,decoder_by_matrix,fa5edda0c1038186c8afbec49b0215a0b852396cdb50783a3f937fdf51d2afac,"{""distance"":5,""physical_error_rate"":1e-05}","{""detection_events"":420,""detectors_checked"":19322880}"
    116736,         0,         0,    16.4,decoder_by_matrix,e41ade2e4684e0396b9a3890c882b6453b515d69885aa1d89a26ce21ec554895,"{""distance"":5,""physical_error_rate"":1e-06}","{""detection_events"":105,""detectors_checked"":19845120}"
    139264,         0,         0,    16.4,decoder_by_matrix,0421d486f8a041838688df650e87c0a19c3450ab7a7cc8b3dc589ebff86d1c74,"{""distance"":5,""physical_error_rate"":0.0001}","{""detection_events"":8320,""detectors_checked"":23674880}"
    120832,         0,         0,    11.8,decoder_by_matrix,b84cf4b8ca220d31f17e1e2ea9ab927bbc4176b15682c650e7d1dd8f2758172b,"{""distance"":5,""physical_error_rate"":0.0005}","{""detection_events"":34640,""detectors_checked"":20541440}"
    116736,        24,         0,    11.8,decoder_by_matrix,926aad2e192fb73fc0ac724cdb1e19af2dfa1e49635753b9cefb82507b443f08,"{""distance"":5,""physical_error_rate"":0.005}","{""detection_events"":321295,""detectors_checked"":19845120,""obs_mistake_mask=EE__"":1,""obs_mistake_mask=E_EE"":1,""obs_mistake_mask=E__E"":1,""obs_mistake_mask=E___"":6,""obs_mistake_mask=_EEE"":2,""obs_mistake_mask=_EE_"":4,""obs_mistake_mask=_E__"":2,""obs_mistake_mask=__EE"":4,""obs_mistake_mask=__E_"":2,""obs_mistake_mask=___E"":1}"
    172032,         0,         0,    16.3,decoder_by_matrix,b84cf4b8ca220d31f17e1e2ea9ab927bbc4176b15682c650e7d1dd8f2758172b,"{""distance"":5,""physical_error_rate"":0.0005}","{""detection_events"":47770,""detectors_checked"":29245440}"
    152576,         0,         0,    16.4,decoder_by_matrix,0421d486f8a041838688df650e87c0a19c3450ab7a7cc8b3dc589ebff86d1c74,"{""distance"":5,""physical_error_rate"":0.0001}","{""detection_events"":8915,""detectors_checked"":25937920}"
    174080,         0,         0,    16.3,decoder_by_matrix,b84cf4b8ca220d31f17e1e2ea9ab927bbc4176b15682c650e7d1dd8f2758172b,"{""distance"":5,""physical_error_rate"":0.0005}","{""detection_events"":48080,""detectors_checked"":29593600}"
    165888,        43,         0,    16.4,decoder_by_matrix,926aad2e192fb73fc0ac724cdb1e19af2dfa1e49635753b9cefb82507b443f08,"{""distance"":5,""physical_error_rate"":0.005}","{""detection_events"":464590,""detectors_checked"":28200960,""obs_mistake_mask=EEE_"":3,""obs_mistake_mask=EE_E"":2,""obs_mistake_mask=E_EE"":2,""obs_mistake_mask=E_E_"":2,""obs_mistake_mask=E__E"":2,""obs_mistake_mask=E___"":9,""obs_mistake_mask=_EEE"":1,""obs_mistake_mask=_EE_"":7,""obs_mistake_mask=_E_E"":3,""obs_mistake_mask=_E__"":2,""obs_mistake_mask=__EE"":2,""obs_mistake_mask=__E_"":4,""obs_mistake_mask=___E"":4}"
    163840,         0,         0,    16.3,decoder_by_matrix,e41ade2e4684e0396b9a3890c882b6453b515d69885aa1d89a26ce21ec554895,"{""distance"":5,""physical_error_rate"":1e-06}","{""detection_events"":100,""detectors_checked"":27852800}"
    171008,         0,         0,    16.4,decoder_by_matrix,9c6baee88fc81e7d1aa345fcb3feec7ee81f21c5d49cb6ca037118097d89e180,"{""distance"":5,""physical_error_rate"":5e-05}","{""detection_events"":5595,""detectors_checked"":29071360}"
    173056,         0,         0,    16.4,decoder_by_matrix,9c6baee88fc81e7d1aa345fcb3feec7ee81f21c5d49cb6ca037118097d89e180,"{""distance"":5,""physical_error_rate"":5e-05}","{""detection_events"":4670,""detectors_checked"":29419520}"
    139264,         0,         0,    16.3,decoder_by_matrix,0421d486f8a041838688df650e87c0a19c3450ab7a7cc8b3dc589ebff86d1c74,"{""distance"":5,""physical_error_rate"":0.0001}","{""detection_events"":7745,""detectors_checked"":23674880}"
    132096,       233,         0,    16.4,decoder_by_matrix,90a4071835a8081462c190a19e797ba514a4700a252abbae3adc59eefd5a11d7,"{""distance"":5,""physical_error_rate"":0.01}","{""detection_events"":716420,""detectors_checked"":22456320,""obs_mistake_mask=EEE_"":10,""obs_mistake_mask=EE_E"":8,""obs_mistake_mask=EE__"":15,""obs_mistake_mask=E_EE"":1,""obs_mistake_mask=E_E_"":14,""obs_mistake_mask=E__E"":18,""obs_mistake_mask=E___"":46,""obs_mistake_mask=_EEE"":17,""obs_mistake_mask=_EE_"":12,""obs_mistake_mask=_E_E"":13,""obs_mistake_mask=_E__"":16,""obs_mistake_mask=__EE"":12,""obs_mistake_mask=__E_"":22,""obs_mistake_mask=___E"":29}"
    173056,        39,         0,    16.3,decoder_by_matrix,926aad2e192fb73fc0ac724cdb1e19af2dfa1e49635753b9cefb82507b443f08,"{""distance"":5,""physical_error_rate"":0.005}","{""detection_events"":486950,""detectors_checked"":29419520,""obs_mistake_mask=EEE_"":2,""obs_mistake_mask=EE__"":2,""obs_mistake_mask=E_E_"":1,""obs_mistake_mask=E__E"":3,""obs_mistake_mask=E___"":6,""obs_mistake_mask=_EEE"":2,""obs_mistake_mask=_EE_"":2,""obs_mistake_mask=_E_E"":1,""obs_mistake_mask=_E__"":4,""obs_mistake_mask=__E_"":12,""obs_mistake_mask=___E"":4}"
    176128,         0,         0,    16.5,decoder_by_matrix,3c866087b289edc25e9adea730044a15db18cabfd3ae2507fc844d5b4e03657a,"{""distance"":5,""physical_error_rate"":5e-06}","{""detection_events"":560,""detectors_checked"":29941760}"
    109568,         0,         0,    16.4,decoder_by_matrix,e41ade2e4684e0396b9a3890c882b6453b515d69885aa1d89a26ce21ec554895,"{""distance"":5,""physical_error_rate"":1e-06}","{""detection_events"":10,""detectors_checked"":18626560}"
    167936,         0,         0,    16.3,decoder_by_matrix,066a5d8d46981b593c3dec855f441edbe9e755a8873183448f69d036a2ecc650,"{""distance"":5,""physical_error_rate"":0.001}","{""detection_events"":96010,""detectors_checked"":28549120}"
    175104,         0,         0,    16.4,decoder_by_matrix,fa5edda0c1038186c8afbec49b0215a0b852396cdb50783a3f937fdf51d2afac,"{""distance"":5,""physical_error_rate"":1e-05}","{""detection_events"":1015,""detectors_checked"":29767680}"
    128000,         0,         0,    16.3,decoder_by_matrix,9c6baee88fc81e7d1aa345fcb3feec7ee81f21c5d49cb6ca037118097d89e180,"{""distance"":5,""physical_error_rate"":5e-05}","{""detection_events"":3030,""detectors_checked"":21760000}"
    100352,       205,         0,    16.3,decoder_by_matrix,90a4071835a8081462c190a19e797ba514a4700a252abbae3adc59eefd5a11d7,"{""distance"":5,""physical_error_rate"":0.01}","{""detection_events"":548710,""detectors_checked"":17059840,""obs_mistake_mask=EEE_"":7,""obs_mistake_mask=EE_E"":8,""obs_mistake_mask=EE__"":11,""obs_mistake_mask=E_EE"":6,""obs_mistake_mask=E_E_"":11,""obs_mistake_mask=E__E"":18,""obs_mistake_mask=E___"":44,""obs_mistake_mask=_EEE"":14,""obs_mistake_mask=_EE_"":9,""obs_mistake_mask=_E_E"":15,""obs_mistake_mask=_E__"":11,""obs_mistake_mask=__EE"":12,""obs_mistake_mask=__E_"":24,""obs_mistake_mask=___E"":15}"
    171008,         0,         0,    16.4,decoder_by_matrix,b84cf4b8ca220d31f17e1e2ea9ab927bbc4176b15682c650e7d1dd8f2758172b,"{""distance"":5,""physical_error_rate"":0.0005}","{""detection_events"":49025,""detectors_checked"":29071360}"
    165888,        49,         0,    16.4,decoder_by_matrix,926aad2e192fb73fc0ac724cdb1e19af2dfa1e49635753b9cefb82507b443f08,"{""distance"":5,""physical_error_rate"":0.005}","{""detection_events"":460510,""detectors_checked"":28200960,""obs_mistake_mask=EE_E"":1,""obs_mistake_mask=EE__"":3,""obs_mistake_mask=E_EE"":1,""obs_mistake_mask=E_E_"":3,""obs_mistake_mask=E__E"":3,""obs_mistake_mask=E___"":12,""obs_mistake_mask=_EEE"":5,""obs_mistake_mask=_EE_"":4,""obs_mistake_mask=_E_E"":3,""obs_mistake_mask=_E__"":3,""obs_mistake_mask=__EE"":3,""obs_mistake_mask=__E_"":4,""obs_mistake_mask=___E"":4}"
    201728,         0,         0,    23.0,decoder_by_matrix,fa5edda0c1038186c8afbec49b0215a0b852396cdb50783a3f937fdf51d2afac,"{""distance"":5,""physical_error_rate"":1e-05}","{""detection_events"":1390,""detectors_checked"":34293760}"
    240640,         0,         0,    22.9,decoder_by_matrix,0421d486f8a041838688df650e87c0a19c3450ab7a7cc8b3dc589ebff86d1c74,"{""distance"":5,""physical_error_rate"":0.0001}","{""detection_events"":14450,""detectors_checked"":40908800}"
    158720,         0,         0,    22.9,decoder_by_matrix,fa5edda0c1038186c8afbec49b0215a0b852396cdb50783a3f937fdf51d2afac,"{""distance"":5,""physical_error_rate"":1e-05}","{""detection_events"":1045,""detectors_checked"":26982400}"
    226304,         0,         0,    22.9,decoder_by_matrix,9c6baee88fc81e7d1aa345fcb3feec7ee81f21c5d49cb6ca037118097d89e180,"{""distance"":5,""physical_error_rate"":5e-05}","{""detection_events"":6665,""detectors_checked"":38471680}"
    235520,         0,         0,    22.9,decoder_by_matrix,066a5d8d46981b593c3dec855f441edbe9e755a8873183448f69d036a2ecc650,"{""distance"":5,""physical_error_rate"":0.001}","{""detection_events"":135570,""detectors_checked"":40038400}"
    212992,       353,         0,    22.9,decoder_by_matrix,90a4071835a8081462c190a19e797ba514a4700a252abbae3adc59eefd5a11d7,"{""distance"":5,""physical_error_rate"":0.01}","{""detection_events"":1163640,""detectors_checked"":36208640,""obs_mistake_mask=EEEE"":1,""obs_mistake_mask=EEE_"":7,""obs_mistake_mask=EE_E"":9,""obs_mistake_mask=EE__"":22,""obs_mistake_mask=E_EE"":8,""obs_mistake_mask=E_E_"":27,""obs_mistake_mask=E__E"":28,""obs_mistake_mask=E___"":52,""obs_mistake_mask=_EEE"":13,""obs_mistake_mask=_EE_"":25,""obs_mistake_mask=_E_E"":19,""obs_mistake_mask=_E__"":36,""obs_mistake_mask=__EE"":26,""obs_mistake_mask=__E_"":37,""obs_mistake_mask=___E"":43}"
    259072,         0,         0,    22.9,decoder_by_matrix,3c866087b289edc25e9adea730044a15db18cabfd3ae2507fc844d5b4e03657a,"{""distance"":5,""physical_error_rate"":5e-06}","{""detection_events"":790,""detectors_checked"":44042240}"
    200704,         0,         0,    23.0,decoder_by_matrix,066a5d8d46981b593c3dec855f441edbe9e755a8873183448f69d036a2ecc650,"{""distance"":5,""physical_error_rate"":0.001}","{""detection_events"":115365,""detectors_checked"":34119680}"
    241664,         0,         0,    22.9,decoder_by_matrix,9c6baee88fc81e7d1aa345fcb3feec7ee81f21c5d49cb6ca037118097d89e180,"{""distance"":5,""physical_error_rate"":5e-05}","{""detection_events"":6915,""detectors_checked"":41082880}"
    230400,         1,         0,    23.0,decoder_by_matrix,b84cf4b8ca220d31f17e1e2ea9ab927bbc4176b15682c650e7d1dd8f2758172b,"{""distance"":5,""physical_error_rate"":0.0005}","{""detection_events"":66750,""detectors_checked"":39168000,""obs_mistake_mask=E_E_"":1}"
    247808,         0,         0,    23.0,decoder_by_matrix,e41ade2e4684e0396b9a3890c882b6453b515d69885aa1d89a26ce21ec554895,"{""distance"":5,""physical_error_rate"":1e-06}","{""detection_events"":110,""detectors_checked"":42127360}"
    156672,        43,         0,    22.9,decoder_by_matrix,926aad2e192fb73fc0ac724cdb1e19af2dfa1e49635753b9cefb82507b443f08,"{""distance"":5,""physical_error_rate"":0.005}","{""detection_events"":437840,""detectors_checked"":26634240,""obs_mistake_mask=EEE_"":1,""obs_mistake_mask=EE_E"":1,""obs_mistake_mask=EE__"":1,""obs_mistake_mask=E_EE"":1,""obs_mistake_mask=E_E_"":2,""obs_mistake_mask=E__E"":1,""obs_mistake_mask=E___"":12,""obs_mistake_mask=_EEE"":1,""obs_mistake_mask=_EE_"":3,""obs_mistake_mask=_E_E"":3,""obs_mistake_mask=_E__"":1,""obs_mistake_mask=__EE"":3,""obs_mistake_mask=__E_"":8,""obs_mistake_mask=___E"":5}"
    215040,       380,         0,    22.9,decoder_by_matrix,90a4071835a8081462c190a19e797ba514a4700a252abbae3adc59eefd5a11d7,"{""distance"":5,""physical_error_rate"":0.01}","{""detection_events"":1166785,""detectors_checked"":36556800,""obs_mistake_mask=EEEE"":1,""obs_mistake_mask=EEE_"":11,""obs_mistake_mask=EE_E"":14,""obs_mistake_mask=EE__"":23,""obs_mistake_mask=E_EE"":8,""obs_mistake_mask=E_E_"":24,""obs_mistake_mask=E__E"":19,""obs_mistake_mask=E___"":84,""obs_mistake_mask=_EEE"":27,""obs_mistake_mask=_EE_"":16,""obs_mistake_mask=_E_E"":18,""obs_mistake_mask=_E__"":36,""obs_mistake_mask=__EE"":19,""obs_mistake_mask=__E_"":41,""obs_mistake_mask=___E"":39}"
    187392,       297,         0,    22.9,decoder_by_matrix,90a4071835a8081462c190a19e797ba514a4700a252abbae3adc59eefd5a11d7,"{""distance"":5,""physical_error_rate"":0.01}","{""detection_events"":1027030,""detectors_checked"":31856640,""obs_mistake_mask=EEEE"":1,""obs_mistake_mask=EEE_"":7,""obs_mistake_mask=EE_E"":6,""obs_mistake_mask=EE__"":20,""obs_mistake_mask=E_EE"":12,""obs_mistake_mask=E_E_"":20,""obs_mistake_mask=E__E"":22,""obs_mistake_mask=E___"":64,""obs_mistake_mask=_EEE"":25,""obs_mistake_mask=_EE_"":16,""obs_mistake_mask=_E_E"":22,""obs_mistake_mask=_E__"":23,""obs_mistake_mask=__EE"":13,""obs_mistake_mask=__E_"":22,""obs_mistake_mask=___E"":24}"
    188416,         0,         0,    23.0,decoder_by_matrix,b84cf4b8ca220d31f17e1e2ea9ab927bbc4176b15682c650e7d1dd8f2758172b,"{""distance"":5,""physical_error_rate"":0.0005}","{""detection_events"":52855,""detectors_checked"":32030720}"
    163840,         0,         0,    22.9,decoder_by_matrix,fa5edda0c1038186c8afbec49b0215a0b852396cdb50783a3f937fdf51d2afac,"{""distance"":5,""physical_error_rate"":1e-05}","{""detection_events"":845,""detectors_checked"":27852800}"
    214016,        50,         0,    23.0,decoder_by_matrix,926aad2e192fb73fc0ac724cdb1e19af2dfa1e49635753b9cefb82507b443f08,"{""distance"":5,""physical_error_rate"":0.005}","{""detection_events"":589785,""detectors_checked"":36382720,""obs_mistake_mask=EEE_"":1,""obs_mistake_mask=EE_E"":1,""obs_mistake_mask=EE__"":3,""obs_mistake_mask=E_EE"":1,""obs_mistake_mask=E_E_"":3,""obs_mistake_mask=E__E"":2,""obs_mistake_mask=E___"":15,""obs_mistake_mask=_EEE"":2,""obs_mistake_mask=_EE_"":4,""obs_mistake_mask=_E_E"":3,""obs_mistake_mask=_E__"":4,""obs_mistake_mask=__EE"":1,""obs_mistake_mask=__E_"":5,""obs_mistake_mask=___E"":5}"
    231424,         0,         0,    22.9,decoder_by_matrix,0421d486f8a041838688df650e87c0a19c3450ab7a7cc8b3dc589ebff86d1c74,"{""distance"":5,""physical_error_rate"":0.0001}","{""detection_events"":13845,""detectors_checked"":39342080}"
    231424,         0,         0,    22.9,decoder_by_matrix,3c866087b289edc25e9adea730044a15db18cabfd3ae2507fc844d5b4e03657a,"{""distance"":5,""physical_error_rate"":5e-06}","{""detection_events"":855,""detectors_checked"":39342080}"
    197632,         0,         0,    23.0,decoder_by_matrix,3c866087b289edc25e9adea730044a15db18cabfd3ae2507fc844d5b4e03657a,"{""distance"":5,""physical_error_rate"":5e-06}","{""detection_events"":560,""detectors_checked"":33597440}"
    190464,         0,         0,    23.0,decoder_by_matrix,066a5d8d46981b593c3dec855f441edbe9e755a8873183448f69d036a2ecc650,"{""distance"":5,""physical_error_rate"":0.001}","{""detection_events"":112500,""detectors_checked"":32378880}"
    214016,       410,         0,    23.0,decoder_by_matrix,90a4071835a8081462c190a19e797ba514a4700a252abbae3adc59eefd5a11d7,"{""distance"":5,""physical_error_rate"":0.01}","{""detection_events"":1169040,""detectors_checked"":36382720,""obs_mistake_mask=EEE_"":10,""obs_mistake_mask=EE_E"":11,""obs_mistake_mask=EE__"":31,""obs_mistake_mask=E_EE"":10,""obs_mistake_mask=E_E_"":34,""obs_mistake_mask=E__E"":22,""obs_mistake_mask=E___"":74,""obs_mistake_mask=_EEE"":20,""obs_mistake_mask=_EE_"":23,""obs_mistake_mask=_E_E"":25,""obs_mistake_mask=_E__"":48,""obs_mistake_mask=__EE"":22,""obs_mistake_mask=__E_"":42,""obs_mistake_mask=___E"":38}"
    181248,        41,         0,    22.9,decoder_by_matrix,926aad2e192fb73fc0ac724cdb1e19af2dfa1e49635753b9cefb82507b443f08,"{""distance"":5,""physical_error_rate"":0.005}","{""detection_events"":507835,""detectors_checked"":30812160,""obs_mistake_mask=EEE_"":2,""obs_mistake_mask=EE__"":3,""obs_mistake_mask=E_E_"":2,""obs_mistake_mask=E__E"":3,""obs_mistake_mask=E___"":12,""obs_mistake_mask=_EEE"":4,""obs_mistake_mask=_EE_"":2,""obs_mistake_mask=_E_E"":2,""obs_mistake_mask=_E__"":1,""obs_mistake_mask=__EE"":1,""obs_mistake_mask=__E_"":6,""obs_mistake_mask=___E"":3}"
    249856,         0,         0,    22.9,decoder_by_matrix,3c866087b289edc25e9adea730044a15db18cabfd3ae2507fc844d5b4e03657a,"{""distance"":5,""physical_error_rate"":5e-06}","{""detection_events"":555,""detectors_checked"":42475520}"
    229376,         0,         0,    22.9,decoder_by_matrix,066a5d8d46981b593c3dec855f441edbe9e755a8873183448f69d036a2ecc650,"{""distance"":5,""physical_error_rate"":0.001}","{""detection_events"":132285,""detectors_checked"":38993920}"
    228352,         0,         0,    22.9,decoder_by_matrix,066a5d8d46981b593c3dec855f441edbe9e755a8873183448f69d036a2ecc650,"{""distance"":5,""physical_error_rate"":0.001}","{""detection_events"":130805,""detectors_checked"":38819840}"
    223232,         0,         0,    22.9,decoder_by_matrix,e41ade2e4684e0396b9a3890c882b6453b515d69885aa1d89a26ce21ec554895,"{""distance"":5,""physical_error_rate"":1e-06}","{""detection_events"":60,""detectors_checked"":37949440}"
    165888,         0,         0,    22.9,decoder_by_matrix,fa5edda0c1038186c8afbec49b0215a0b852396cdb50783a3f937fdf51d2afac,"{""distance"":5,""physical_error_rate"":1e-05}","{""detection_events"":855,""detectors_checked"":28200960}"
    224256,         0,         0,    23.0,decoder_by_matrix,0421d486f8a041838688df650e87c0a19c3450ab7a7cc8b3dc589ebff86d1c74,"{""distance"":5,""physical_error_rate"":0.0001}","{""detection_events"":12570,""detectors_checked"":38123520}"
    180224,         0,         0,    23.0,decoder_by_matrix,e41ade2e4684e0396b9a3890c882b6453b515d69885aa1d89a26ce21ec554895,"{""distance"":5,""physical_error_rate"":1e-06}","{""detection_events"":205,""detectors_checked"":30638080}"
    218112,         0,         0,    22.9,decoder_by_matrix,0421d486f8a041838688df650e87c0a19c3450ab7a7cc8b3dc589ebff86d1c74,"{""distance"":5,""physical_error_rate"":0.0001}","{""detection_events"":12695,""detectors_checked"":37079040}"
    223232,         0,         0,    23.0,decoder_by_matrix,b84cf4b8ca220d31f17e1e2ea9ab927bbc4176b15682c650e7d1dd8f2758172b,"{""distance"":5,""physical_error_rate"":0.0005}","{""detection_events"":63650,""detectors_checked"":37949440}"
    227328,         0,         0,    23.0,decoder_by_matrix,b84cf4b8ca220d31f17e1e2ea9ab927bbc4176b15682c650e7d1dd8f2758172b,"{""distance"":5,""physical_error_rate"":0.0005}","{""detection_events"":64555,""detectors_checked"":38645760}"
    208896,        56,         0,    22.9,decoder_by_matrix,926aad2e192fb73fc0ac724cdb1e19af2dfa1e49635753b9cefb82507b443f08,"{""distance"":5,""physical_error_rate"":0.005}","{""detection_events"":582375,""detectors_checked"":35512320,""obs_mistake_mask=EEE_"":1,""obs_mistake_mask=EE_E"":2,""obs_mistake_mask=EE__"":3,""obs_mistake_mask=E_EE"":4,""obs_mistake_mask=E_E_"":3,""obs_mistake_mask=E__E"":4,""obs_mistake_mask=E___"":7,""obs_mistake_mask=_EEE"":4,""obs_mistake_mask=_EE_"":1,""obs_mistake_mask=_E_E"":4,""obs_mistake_mask=_E__"":4,""obs_mistake_mask=__EE"":4,""obs_mistake_mask=__E_"":8,""obs_mistake_mask=___E"":7}"
    236544,         0,         0,    22.9,decoder_by_matrix,e41ade2e4684e0396b9a3890c882b6453b515d69885aa1d89a26ce21ec554895,"{""distance"":5,""physical_error_rate"":1e-06}","{""detection_events"":145,""detectors_checked"":40212480}"
    222208,         0,         0,    22.9,decoder_by_matrix,9c6baee88fc81e7d1aa345fcb3feec7ee81f21c5d49cb6ca037118097d89e180,"{""distance"":5,""physical_error_rate"":5e-05}","{""detection_events"":7045,""detectors_checked"":37775360}"
    214016,         0,         0,    22.9,decoder_by_matrix,9c6baee88fc81e7d1aa345fcb3feec7ee81f21c5d49cb6ca037118097d89e180,"{""distance"":5,""physical_error_rate"":5e-05}","{""detection_events"":5815,""detectors_checked"":36382720}"
    226304,         0,         0,    22.9,decoder_by_matrix,0421d486f8a041838688df650e87c0a19c3450ab7a7cc8b3dc589ebff86d1c74,"{""distance"":5,""physical_error_rate"":0.0001}","{""detection_events"":13515,""detectors_checked"":38471680}"
    214016,       385,         0,    22.9,decoder_by_matrix,90a4071835a8081462c190a19e797ba514a4700a252abbae3adc59eefd5a11d7,"{""distance"":5,""physical_error_rate"":0.01}","{""detection_events"":1163210,""detectors_checked"":36382720,""obs_mistake_mask=EEE_"":9,""obs_mistake_mask=EE_E"":8,""obs_mistake_mask=EE__"":21,""obs_mistake_mask=E_EE"":10,""obs_mistake_mask=E_E_"":32,""obs_mistake_mask=E__E"":31,""obs_mistake_mask=E___"":88,""obs_mistake_mask=_EEE"":18,""obs_mistake_mask=_EE_"":20,""obs_mistake_mask=_E_E"":16,""obs_mistake_mask=_E__"":38,""obs_mistake_mask=__EE"":19,""obs_mistake_mask=__E_"":37,""obs_mistake_mask=___E"":38}"
    236544,        58,         0,    22.9,decoder_by_matrix,926aad2e192fb73fc0ac724cdb1e19af2dfa1e49635753b9cefb82507b443f08,"{""distance"":5,""physical_error_rate"":0.005}","{""detection_events"":658850,""detectors_checked"":40212480,""obs_mistake_mask=EE__"":6,""obs_mistake_mask=E_EE"":1,""obs_mistake_mask=E_E_"":4,""obs_mistake_mask=E__E"":2,""obs_mistake_mask=E___"":14,""obs_mistake_mask=_EEE"":3,""obs_mistake_mask=_EE_"":1,""obs_mistake_mask=_E_E"":7,""obs_mistake_mask=_E__"":7,""obs_mistake_mask=__EE"":2,""obs_mistake_mask=__E_"":6,""obs_mistake_mask=___E"":5}"
    222208,         0,         0,    23.0,decoder_by_matrix,3c866087b289edc25e9adea730044a15db18cabfd3ae2507fc844d5b4e03657a,"{""distance"":5,""physical_error_rate"":5e-06}","{""detection_events"":800,""detectors_checked"":37775360}"
    202752,         0,         0,    22.9,decoder_by_matrix,e41ade2e4684e0396b9a3890c882b6453b515d69885aa1d89a26ce21ec554895,"{""distance"":5,""physical_error_rate"":1e-06}","{""detection_events"":205,""detectors_checked"":34467840}"
    208896,         1,         0,    22.9,decoder_by_matrix,066a5d8d46981b593c3dec855f441edbe9e755a8873183448f69d036a2ecc650,"{""distance"":5,""physical_error_rate"":0.001}","{""detection_events"":119405,""detectors_checked"":35512320,""obs_mistake_mask=E___"":1}"
    225280,         0,         0,    22.9,decoder_by_matrix,fa5edda0c1038186c8afbec49b0215a0b852396cdb50783a3f937fdf51d2afac,"{""distance"":5,""physical_error_rate"":1e-05}","{""detection_events"":1475,""detectors_checked"":38297600}"
    227328,         0,         0,    22.8,decoder_by_matrix,9c6baee88fc81e7d1aa345fcb3feec7ee81f21c5d49cb6ca037118097d89e180,"{""distance"":5,""physical_error_rate"":5e-05}","{""detection_events"":6550,""detectors_checked"":38645760}"
    185344,       313,         0,    23.0,decoder_by_matrix,90a4071835a8081462c190a19e797ba514a4700a252abbae3adc59eefd5a11d7,"{""distance"":5,""physical_error_rate"":0.01}","{""detection_events"":1002190,""detectors_checked"":31508480,""obs_mistake_mask=EEE_"":6,""obs_mistake_mask=EE_E"":9,""obs_mistake_mask=EE__"":17,""obs_mistake_mask=E_EE"":6,""obs_mistake_mask=E_E_"":16,""obs_mistake_mask=E__E"":18,""obs_mistake_mask=E___"":50,""obs_mistake_mask=_EEE"":21,""obs_mistake_mask=_EE_"":16,""obs_mistake_mask=_E_E"":21,""obs_mistake_mask=_E__"":35,""obs_mistake_mask=__EE"":18,""obs_mistake_mask=__E_"":43,""obs_mistake_mask=___E"":37}"
    223232,         0,         0,    22.8,decoder_by_matrix,b84cf4b8ca220d31f17e1e2ea9ab927bbc4176b15682c650e7d1dd8f2758172b,"{""distance"":5,""physical_error_rate"":0.0005}","{""detection_events"":65670,""detectors_checked"":37949440}"
    198656,        45,         0,    22.9,decoder_by_matrix,926aad2e192fb73fc0ac724cdb1e19af2dfa1e49635753b9cefb82507b443f08,"{""distance"":5,""physical_error_rate"":0.005}","{""detection_events"":556960,""detectors_checked"":33771520,""obs_mistake_mask=EEE_"":1,""obs_mistake_mask=EE_E"":1,""obs_mistake_mask=EE__"":3,""obs_mistake_mask=E_E_"":2,""obs_mistake_mask=E__E"":1,""obs_mistake_mask=E___"":12,""obs_mistake_mask=_EEE"":3,""obs_mistake_mask=_EE_"":1,""obs_mistake_mask=_E_E"":2,""obs_mistake_mask=_E__"":3,""obs_mistake_mask=__EE"":4,""obs_mistake_mask=__E_"":3,""obs_mistake_mask=___E"":9}"
    296960,         0,         0,    32.0,decoder_by_matrix,fa5edda0c1038186c8afbec49b0215a0b852396cdb50783a3f937fdf51d2afac,"{""distance"":5,""physical_error_rate"":1e-05}","{""detection_events"":1550,""detectors_checked"":50483200}"
    334848,         0,         0,    32.0,decoder_by_matrix,0421d486f8a041838688df650e87c0a19c3450ab7a7cc8b3dc589ebff86d1c74,"{""distance"":5,""physical_error_rate"":0.0001}","{""detection_events"":18945,""detectors_checked"":56924160}"
    334848,         0,         0,    32.1,decoder_by_matrix,fa5edda0c1038186c8afbec49b0215a0b852396cdb50783a3f937fdf51d2afac,"{""distance"":5,""physical_error_rate"":1e-05}","{""detection_events"":1670,""detectors_checked"":56924160}"
    287744,         0,         0,    32.0,decoder_by_matrix,9c6baee88fc81e7d1aa345fcb3feec7ee81f21c5d49cb6ca037118097d89e180,"{""distance"":5,""physical_error_rate"":5e-05}","{""detection_events"":8400,""detectors_checked"":48916480}"
    323584,         0,         0,    32.0,decoder_by_matrix,066a5d8d46981b593c3dec855f441edbe9e755a8873183448f69d036a2ecc650,"{""distance"":5,""physical_error_rate"":0.001}","{""detection_events"":186915,""detectors_checked"":55009280}"
    274432,       477,         0,    32.0,decoder_by_matrix,90a4071835a8081462c190a19e797ba514a4700a252abbae3adc59eefd5a11d7,"{""distance"":5,""physical_error_rate"":0.01}","{""detection_events"":1493225,""detectors_checked"":46653440,""obs_mistake_mask=EEEE"":2,""obs_mistake_mask=EEE_"":10,""obs_mistake_mask=EE_E"":12,""obs_mistake_mask=EE__"":28,""obs_mistake_mask=E_EE"":10,""obs_mistake_mask=E_E_"":35,""obs_mistake_mask=E__E"":47,""obs_mistake_mask=E___"":95,""obs_mistake_mask=_EEE"":24,""obs_mistake_mask=_EE_"":27,""obs_mistake_mask=_E_E"":23,""obs_mistake_mask=_E__"":45,""obs_mistake_mask=__EE"":25,""obs_mistake_mask=__E_"":45,""obs_mistake_mask=___E"":49}"
    315392,         0,         0,    32.1,decoder_by_matrix,3c866087b289edc25e9adea730044a15db18cabfd3ae2507fc844d5b4e03657a,"{""distance"":5,""physical_error_rate"":5e-06}","{""detection_events"":775,""detectors_checked"":53616640}"
    309248,         2,         0,    32.1,decoder_by_matrix,066a5d8d46981b593c3dec855f441edbe9e755a8873183448f69d036a2ecc650,"{""distance"":5,""physical_error_rate"":0.001}","{""detection_events"":176010,""detectors_checked"":52572160,""obs_mistake_mask=E__E"":1,""obs_mistake_mask=E___"":1}"
    294912,         0,         0,    32.0,decoder_by_matrix,9c6baee88fc81e7d1aa345fcb3feec7ee81f21c5d49cb6ca037118097d89e180,"{""distance"":5,""physical_error_rate"":5e-05}","{""detection_events"":9520,""detectors_checked"":50135040}"
    289792,         0,         0,    32.1,decoder_by_matrix,b84cf4b8ca220d31f17e1e2ea9ab927bbc4176b15682c650e7d1dd8f2758172b,"{""distance"":5,""physical_error_rate"":0.0005}","{""detection_events"":83315,""detectors_checked"":49264640}"
    280576,         0,         0,    32.0,decoder_by_matrix,e41ade2e4684e0396b9a3890c882b6453b515d69885aa1d89a26ce21ec554895,"{""distance"":5,""physical_error_rate"":1e-06}","{""detection_events"":110,""detectors_checked"":47697920}"
    336896,        90,         0,    32.0,decoder_by_matrix,926aad2e192fb73fc0ac724cdb1e19af2dfa1e49635753b9cefb82507b443f08,"{""distance"":5,""physical_error_rate"":0.005}","{""detection_events"":938770,""detectors_checked"":57272320,""obs_mistake_mask=EE_E"":1,""obs_mistake_mask=EE__"":7,""obs_mistake_mask=E_E_"":8,""obs_mistake_mask=E__E"":3,""obs_mistake_mask=E___"":14,""obs_mistake_mask=_EEE"":8,""obs_mistake_mask=_EE_"":5,""obs_mistake_mask=_E_E"":3,""obs_mistake_mask=_E__"":9,""obs_mistake_mask=__EE"":3,""obs_mistake_mask=__E_"":13,""obs_mistake_mask=___E"":16}"
    338944,       581,         0,    32.0,decoder_by_matrix,90a4071835a8081462c190a19e797ba514a4700a252abbae3adc59eefd5a11d7,"{""distance"":5,""physical_error_rate"":0.01}","{""detection_events"":1850270,""detectors_checked"":57620480,""obs_mistake_mask=EEEE"":2,""obs_mistake_mask=EEE_"":9,""obs_mistake_mask=EE_E"":17,""obs_mistake_mask=EE__"":51,""obs_mistake_mask=E_EE"":14,""obs_mistake_mask=E_E_"":39,""obs_mistake_mask=E__E"":50,""obs_mistake_mask=E___"":109,""obs_mistake_mask=_EEE"":41,""obs_mistake_mask=_EE_"":25,""obs_mistake_mask=_E_E"":35,""obs_mistake_mask=_E__"":56,""obs_mistake_mask=__EE"":19,""obs_mistake_mask=__E_"":51,""obs_mistake_mask=___E"":63}"
    292864,       504,         0,    32.2,decoder_by_matrix,90a4071835a8081462c190a19e797ba514a4700a252abbae3adc59eefd5a11d7,"{""distance"":5,""physical_error_rate"":0.01}","{""detection_events"":1591645,""detectors_checked"":49786880,""obs_mistake_mask=EEEE"":1,""obs_mistake_mask=EEE_"":13,""obs_mistake_mask=EE_E"":8,""obs_mistake_mask=EE__"":44,""obs_mistake_mask=E_EE"":9,""obs_mistake_mask=E_E_"":32,""obs_mistake_mask=E__E"":34,""obs_mistake_mask=E___"":107,""obs_mistake_mask=_EEE"":37,""obs_mistake_mask=_EE_"":23,""obs_mistake_mask=_E_E"":23,""obs_mistake_mask=_E__"":61,""obs_mistake_mask=__EE"":25,""obs_mistake_mask=__E_"":42,""obs_mistake_mask=___E"":45}"
    237568,         0,         0,    32.1,decoder_by_matrix,b84cf4b8ca220d31f17e1e2ea9ab927bbc4176b15682c650e7d1dd8f2758172b,"{""distance"":5,""physical_error_rate"":0.0005}","{""detection_events"":68725,""detectors_checked"":40386560}"
    326656,         0,         0,    32.0,decoder_by_matrix,fa5edda0c1038186c8afbec49b0215a0b852396cdb50783a3f937fdf51d2afac,"{""distance"":5,""physical_error_rate"":1e-05}","{""detection_events"":1805,""detectors_checked"":55531520}"
    277504,         0,         0,    32.1,decoder_by_matrix,0421d486f8a041838688df650e87c0a19c3450ab7a7cc8b3dc589ebff86d1c74,"{""distance"":5,""physical_error_rate"":0.0001}","{""detection_events"":16055,""detectors_checked"":47175680}"
    328704,        89,         0,    32.0,decoder_by_matrix,926aad2e192fb73fc0ac724cdb1e19af2dfa1e49635753b9cefb82507b443f08,"{""distance"":5,""physical_error_rate"":0.005}","{""detection_events"":915750,""detectors_checked"":55879680,""obs_mistake_mask=EEE_"":2,""obs_mistake_mask=EE_E"":3,""obs_mistake_mask=EE__"":11,""obs_mistake_mask=E_EE"":1,""obs_mistake_mask=E_E_"":4,""obs_mistake_mask=E__E"":5,""obs_mistake_mask=E___"":13,""obs_mistake_mask=_EEE"":6,""obs_mistake_mask=_EE_"":2,""obs_mistake_mask=_E_E"":4,""obs_mistake_mask=_E__"":14,""obs_mistake_mask=__EE"":4,""obs_mistake_mask=__E_"":8,""obs_mistake_mask=___E"":12}"
    317440,         0,         0,    32.0,decoder_by_matrix,3c866087b289edc25e9adea730044a15db18cabfd3ae2507fc844d5b4e03657a,"{""distance"":5,""physical_error_rate"":5e-06}","{""detection_events"":775,""detectors_checked"":53964800}"
    288768,         0,         0,    32.0,decoder_by_matrix,3c866087b289edc25e9adea730044a15db18cabfd3ae2507fc844d5b4e03657a,"{""distance"":5,""physical_error_rate"":5e-06}","{""detection_events"":930,""detectors_checked"":49090560}"
    235520,         1,         0,    31.8,decoder_by_matrix,066a5d8d46981b593c3dec855f441edbe9e755a8873183448f69d036a2ecc650,"{""distance"":5,""physical_error_rate"":0.001}","{""detection_events"":132330,""detectors_checked"":40038400,""obs_mistake_mask=__E_"":1}"
    264192,       500,         0,    32.1,decoder_by_matrix,90a4071835a8081462c190a19e797ba514a4700a252abbae3adc59eefd5a11d7,"{""distance"":5,""physical_error_rate"":0.01}","{""detection_events"":1445055,""detectors_checked"":44912640,""obs_mistake_mask=EEE_"":17,""obs_mistake_mask=EE_E"":13,""obs_mistake_mask=EE__"":30,""obs_mistake_mask=E_EE"":20,""obs_mistake_mask=E_E_"":45,""obs_mistake_mask=E__E"":33,""obs_mistake_mask=E___"":97,""obs_mistake_mask=_EEE"":28,""obs_mistake_mask=_EE_"":23,""obs_mistake_mask=_E_E"":18,""obs_mistake_mask=_E__"":42,""obs_mistake_mask=__EE"":35,""obs_mistake_mask=__E_"":51,""obs_mistake_mask=___E"":48}"
    296960,         0,         0,    32.0,decoder_by_matrix,3c866087b289edc25e9adea730044a15db18cabfd3ae2507fc844d5b4e03657a,"{""distance"":5,""physical_error_rate"":5e-06}","{""detection_events"":965,""detectors_checked"":50483200}"
    229376,        72,         0,    31.9,decoder_by_matrix,926aad2e192fb73fc0ac724cdb1e19af2dfa1e49635753b9cefb82507b443f08,"{""distance"":5,""physical_error_rate"":0.005}","{""detection_events"":636120,""detectors_checked"":38993920,""obs_mistake_mask=EEE_"":1,""obs_mistake_mask=EE_E"":3,""obs_mistake_mask=EE__"":4,""obs_mistake_mask=E_EE"":1,""obs_mistake_mask=E_E_"":6,""obs_mistake_mask=E__E"":8,""obs_mistake_mask=E___"":13,""obs_mistake_mask=_EEE"":6,""obs_mistake_mask=_EE_"":5,""obs_mistake_mask=_E_E"":5,""obs_mistake_mask=_E__"":9,""obs_mistake_mask=__EE"":2,""obs_mistake_mask=__E_"":5,""obs_mistake_mask=___E"":4}"
    269312,         1,         0,    32.1,decoder_by_matrix,066a5d8d46981b593c3dec855f441edbe9e755a8873183448f69d036a2ecc650,"{""distance"":5,""physical_error_rate"":0.001}","{""detection_events"":153505,""detectors_checked"":45783040,""obs_mistake_mask=__EE"":1}"
    354304,         0,         0,    32.0,decoder_by_matrix,066a5d8d46981b593c3dec855f441edbe9e755a8873183448f69d036a2ecc650,"{""distance"":5,""physical_error_rate"":0.001}","{""detection_events"":199920,""detectors_checked"":60231680}"
    356352,         0,         0,    32.0,decoder_by_matrix,fa5edda0c1038186c8afbec49b0215a0b852396cdb50783a3f937fdf51d2afac,"{""distance"":5,""physical_error_rate"":1e-05}","{""detection_events"":1830,""detectors_checked"":60579840}"
    253952,         0,         0,    32.1,decoder_by_matrix,e41ade2e4684e0396b9a3890c882b6453b515d69885aa1d89a26ce21ec554895,"{""distance"":5,""physical_error_rate"":1e-06}","{""detection_events"":235,""detectors_checked"":43171840}"
    352256,         0,         0,    32.1,decoder_by_matrix,0421d486f8a041838688df650e87c0a19c3450ab7a7cc8b3dc589ebff86d1c74,"{""distance"":5,""physical_error_rate"":0.0001}","{""detection_events"":18880,""detectors_checked"":59883520}"
    291840,         0,         0,    32.0,decoder_by_matrix,e41ade2e4684e0396b9a3890c882b6453b515d69885aa1d89a26ce21ec554895,"{""distance"":5,""physical_error_rate"":1e-06}","{""detection_events"":165,""detectors_checked"":49612800}"
    317440,         0,         0,    32.0,decoder_by_matrix,b84cf4b8ca220d31f17e1e2ea9ab927bbc4176b15682c650e7d1dd8f2758172b,"{""distance"":5,""physical_error_rate"":0.0005}","{""detection_events"":90520,""detectors_checked"":53964800}"
    315392,         0,         0,    32.1,decoder_by_matrix,0421d486f8a041838688df650e87c0a19c3450ab7a7cc8b3dc589ebff86d1c74,"{""distance"":5,""physical_error_rate"":0.0001}","{""detection_events"":17155,""detectors_checked"":53616640}"
    277504,         0,         0,    32.1,decoder_by_matrix,b84cf4b8ca220d31f17e1e2ea9ab927bbc4176b15682c650e7d1dd8f2758172b,"{""distance"":5,""physical_error_rate"":0.0005}","{""detection_events"":79010,""detectors_checked"":47175680}"
    372736,         0,         0,    32.0,decoder_by_matrix,e41ade2e4684e0396b9a3890c882b6453b515d69885aa1d89a26ce21ec554895,"{""distance"":5,""physical_error_rate"":1e-06}","{""detection_events"":60,""detectors_checked"":63365120}"
    301056,        62,         0,    32.0,decoder_by_matrix,926aad2e192fb73fc0ac724cdb1e19af2dfa1e49635753b9cefb82507b443f08,"{""distance"":5,""physical_error_rate"":0.005}","{""detection_events"":845815,""detectors_checked"":51179520,""obs_mistake_mask=EEE_"":1,""obs_mistake_mask=EE_E"":1,""obs_mistake_mask=EE__"":5,""obs_mistake_mask=E_E_"":2,""obs_mistake_mask=E__E"":5,""obs_mistake_mask=E___"":12,""obs_mistake_mask=_EEE"":6,""obs_mistake_mask=_EE_"":5,""obs_mistake_mask=_E_E"":5,""obs_mistake_mask=_E__"":8,""obs_mistake_mask=__EE"":3,""obs_mistake_mask=__E_"":7,""obs_mistake_mask=___E"":2}"
    353280,         0,         0,    32.1,decoder_by_matrix,9c6baee88fc81e7d1aa345fcb3feec7ee81f21c5d49cb6ca037118097d89e180,"{""distance"":5,""physical_error_rate"":5e-05}","{""detection_events"":9745,""detectors_checked"":60057600}"
    290816,         0,         0,    32.0,decoder_by_matrix,9c6baee88fc81e7d1aa345fcb3feec7ee81f21c5d49cb6ca037118097d89e180,"{""distance"":5,""physical_error_rate"":5e-05}","{""detection_events"":8590,""detectors_checked"":49438720}"
    361472,         0,         0,    32.1,decoder_by_matrix,0421d486f8a041838688df650e87c0a19c3450ab7a7cc8b3dc589ebff86d1c74,"{""distance"":5,""physical_error_rate"":0.0001}","{""detection_events"":20080,""detectors_checked"":61450240}"
    332800,       616,         0,    32.1,decoder_by_matrix,90a4071835a8081462c190a19e797ba514a4700a252abbae3adc59eefd5a11d7,"{""distance"":5,""physical_error_rate"":0.01}","{""detection_events"":1797160,""detectors_checked"":56576000,""obs_mistake_mask=EEE_"":16,""obs_mistake_mask=EE_E"":20,""obs_mistake_mask=EE__"":51,""obs_mistake_mask=E_EE"":16,""obs_mistake_mask=E_E_"":39,""obs_mistake_mask=E__E"":39,""obs_mistake_mask=E___"":127,""obs_mistake_mask=_EEE"":36,""obs_mistake_mask=_EE_"":33,""obs_mistake_mask=_E_E"":32,""obs_mistake_mask=_E__"":63,""obs_mistake_mask=__EE"":30,""obs_mistake_mask=__E_"":58,""obs_mistake_mask=___E"":56}"
     51200,        75,         0,    5.98,decoder_by_matrix,90a4071835a8081462c190a19e797ba514a4700a252abbae3adc59eefd5a11d7,"{""distance"":5,""physical_error_rate"":0.01}","{""detection_events"":276680,""detectors_checked"":8704000,""obs_mistake_mask=EEE_"":1,""obs_mistake_mask=EE_E"":2,""obs_mistake_mask=EE__"":5,""obs_mistake_mask=E_EE"":5,""obs_mistake_mask=E_E_"":4,""obs_mistake_mask=E__E"":5,""obs_mistake_mask=E___"":11,""obs_mistake_mask=_EEE"":9,""obs_mistake_mask=_EE_"":1,""obs_mistake_mask=_E_E"":3,""obs_mistake_mask=_E__"":7,""obs_mistake_mask=__EE"":5,""obs_mistake_mask=__E_"":6,""obs_mistake_mask=___E"":11}"
     50176,       107,         0,    4.64,decoder_by_matrix,90a4071835a8081462c190a19e797ba514a4700a252abbae3adc59eefd5a11d7,"{""distance"":5,""physical_error_rate"":0.01}","{""detection_events"":273660,""detectors_checked"":8529920,""obs_mistake_mask=EEE_"":4,""obs_mistake_mask=EE_E"":3,""obs_mistake_mask=EE__"":7,""obs_mistake_mask=E_EE"":3,""obs_mistake_mask=E_E_"":5,""obs_mistake_mask=E__E"":6,""obs_mistake_mask=E___"":16,""obs_mistake_mask=_EEE"":11,""obs_mistake_mask=_EE_"":8,""obs_mistake_mask=_E_E"":3,""obs_mistake_mask=_E__"":8,""obs_mistake_mask=__EE"":9,""obs_mistake_mask=__E_"":16,""obs_mistake_mask=___E"":8}"
     34816,        85,         0,    4.34,decoder_by_matrix,90a4071835a8081462c190a19e797ba514a4700a252abbae3adc59eefd5a11d7,"{""distance"":5,""physical_error_rate"":0.01}","{""detection_events"":190865,""detectors_checked"":5918720,""obs_mistake_mask=EEE_"":3,""obs_mistake_mask=EE__"":3,""obs_mistake_mask=E_EE"":2,""obs_mistake_mask=E_E_"":5,""obs_mistake_mask=E__E"":4,""obs_mistake_mask=E___"":26,""obs_mistake_mask=_EEE"":5,""obs_mistake_mask=_EE_"":2,""obs_mistake_mask=_E_E"":3,""obs_mistake_mask=_E__"":9,""obs_mistake_mask=__EE"":4,""obs_mistake_mask=__E_"":9,""obs_mistake_mask=___E"":10}"
    197632,       351,         0,    19.8,decoder_by_matrix,90a4071835a8081462c190a19e797ba514a4700a252abbae3adc59eefd5a11d7,"{""distance"":5,""physical_error_rate"":0.01}","{""detection_events"":1077220,""detectors_checked"":33597440,""obs_mistake_mask=EEEE"":1,""obs_mistake_mask=EEE_"":11,""obs_mistake_mask=EE_E"":6,""obs_mistake_mask=EE__"":16,""obs_mistake_mask=E_EE"":11,""obs_mistake_mask=E_E_"":25,""obs_mistake_mask=E__E"":31,""obs_mistake_mask=E___"":64,""obs_mistake_mask=_EEE"":32,""obs_mistake_mask=_EE_"":16,""obs_mistake_mask=_E_E"":29,""obs_mistake_mask=_E__"":28,""obs_mistake_mask=__EE"":17,""obs_mistake_mask=__E_"":34,""obs_mistake_mask=___E"":30}"
     26624,        47,         0,    3.30,decoder_by_matrix,90a4071835a8081462c190a19e797ba514a4700a252abbae3adc59eefd5a11d7,"{""distance"":5,""physical_error_rate"":0.01}","{""detection_events"":144340,""detectors_checked"":4526080,""obs_mistake_mask=EEE_"":1,""obs_mistake_mask=EE_E"":1,""obs_mistake_mask=EE__"":2,""obs_mistake_mask=E_E_"":4,""obs_mistake_mask=E__E"":7,""obs_mistake_mask=E___"":6,""obs_mistake_mask=_EEE"":3,""obs_mistake_mask=_EE_"":1,""obs_mistake_mask=_E_E"":4,""obs_mistake_mask=_E__"":9,""obs_mistake_mask=__EE"":4,""obs_mistake_mask=__E_"":2,""obs_mistake_mask=___E"":3}"
         1,         0,         0,   0.078,decoder_by_matrix,0421d486f8a041838688df650e87c0a19c3450ab7a7cc8b3dc589ebff86d1c74,"{""distance"":5,""physical_error_rate"":0.0001}","{""detectors_checked"":170}"
         1,         0,         0,   0.046,decoder_by_matrix,fa5edda0c1038186c8afbec49b0215a0b852396cdb50783a3f937fdf51d2afac,"{""distance"":5,""physical_error_rate"":1e-05}","{""detectors_checked"":170}"
         1,         0,         0,   0.077,decoder_by_matrix,b84cf4b8ca220d31f17e1e2ea9ab927bbc4176b15682c650e7d1dd8f2758172b,"{""distance"":5,""physical_error_rate"":0.0005}","{""detectors_checked"":170}"
         1,         0,         0,   0.088,decoder_by_matrix,e41ade2e4684e0396b9a3890c882b6453b515d69885aa1d89a26ce21ec554895,"{""distance"":5,""physical_error_rate"":1e-06}","{""detectors_checked"":170}"
         1,         0,         0,   0.090,decoder_by_matrix,9c6baee88fc81e7d1aa345fcb3feec7ee81f21c5d49cb6ca037118097d89e180,"{""distance"":5,""physical_error_rate"":5e-05}","{""detectors_checked"":170}"
         1,         0,         0,   0.067,decoder_by_matrix,3c866087b289edc25e9adea730044a15db18cabfd3ae2507fc844d5b4e03657a,"{""distance"":5,""physical_error_rate"":5e-06}","{""detectors_checked"":170}"
         8,         0,         0,   0.090,decoder_by_matrix,fa5edda0c1038186c8afbec49b0215a0b852396cdb50783a3f937fdf51d2afac,"{""distance"":5,""physical_error_rate"":1e-05}","{""detectors_checked"":1360}"
         4,         0,         0,   0.108,decoder_by_matrix,0421d486f8a041838688df650e87c0a19c3450ab7a7cc8b3dc589ebff86d1c74,"{""distance"":5,""physical_error_rate"":0.0001}","{""detectors_checked"":680}"
         4,         0,         0,   0.105,decoder_by_matrix,e41ade2e4684e0396b9a3890c882b6453b515d69885aa1d89a26ce21ec554895,"{""distance"":5,""physical_error_rate"":1e-06}","{""detectors_checked"":680}"
         4,         0,         0,   0.111,decoder_by_matrix,b84cf4b8ca220d31f17e1e2ea9ab927bbc4176b15682c650e7d1dd8f2758172b,"{""distance"":5,""physical_error_rate"":0.0005}","{""detectors_checked"":680}"
         4,         0,         0,   0.113,decoder_by_matrix,9c6baee88fc81e7d1aa345fcb3feec7ee81f21c5d49cb6ca037118097d89e180,"{""distance"":5,""physical_error_rate"":5e-05}","{""detectors_checked"":680}"
         8,         0,         0,   0.114,decoder_by_matrix,3c866087b289edc25e9adea730044a15db18cabfd3ae2507fc844d5b4e03657a,"{""distance"":5,""physical_error_rate"":5e-06}","{""detectors_checked"":1360}"
        16,         0,         0,   0.082,decoder_by_matrix,0421d486f8a041838688df650e87c0a19c3450ab7a7cc8b3dc589ebff86d1c74,"{""distance"":5,""physical_error_rate"":0.0001}","{""detectors_checked"":2720}"
        32,         0,         0,   0.111,decoder_by_matrix,fa5edda0c1038186c8afbec49b0215a0b852396cdb50783a3f937fdf51d2afac,"{""distance"":5,""physical_error_rate"":1e-05}","{""detectors_checked"":5440}"
        16,         0,         0,   0.086,decoder_by_matrix,e41ade2e4684e0396b9a3890c882b6453b515d69885aa1d89a26ce21ec554895,"{""distance"":5,""physical_error_rate"":1e-06}","{""detectors_checked"":2720}"
        16,         0,         0,   0.113,decoder_by_matrix,b84cf4b8ca220d31f17e1e2ea9ab927bbc4176b15682c650e7d1dd8f2758172b,"{""distance"":5,""physical_error_rate"":0.0005}","{""detectors_checked"":2720}"
        16,         0,         0,   0.122,decoder_by_matrix,9c6baee88fc81e7d1aa345fcb3feec7ee81f21c5d49cb6ca037118097d89e180,"{""distance"":5,""physical_error_rate"":5e-05}","{""detectors_checked"":2720}"
        32,         0,         0,   0.111,decoder_by_matrix,3c866087b289edc25e9adea730044a15db18cabfd3ae2507fc844d5b4e03657a,"{""distance"":5,""physical_error_rate"":5e-06}","{""detectors_checked"":5440}"
        64,         0,         0,   0.078,decoder_by_matrix,0421d486f8a041838688df650e87c0a19c3450ab7a7cc8b3dc589ebff86d1c74,"{""distance"":5,""physical_error_rate"":0.0001}","{""detection_events"":10,""detectors_checked"":10880}"
        64,         0,         0,   0.085,decoder_by_matrix,e41ade2e4684e0396b9a3890c882b6453b515d69885aa1d89a26ce21ec554895,"{""distance"":5,""physical_error_rate"":1e-06}","{""detectors_checked"":10880}"
       128,         0,         0,   0.112,decoder_by_matrix,fa5edda0c1038186c8afbec49b0215a0b852396cdb50783a3f937fdf51d2afac,"{""distance"":5,""physical_error_rate"":1e-05}","{""detectors_checked"":21760}"
        64,         0,         0,   0.111,decoder_by_matrix,b84cf4b8ca220d31f17e1e2ea9ab927bbc4176b15682c650e7d1dd8f2758172b,"{""distance"":5,""physical_error_rate"":0.0005}","{""detection_events"":55,""detectors_checked"":10880}"
       256,         0,         0,   0.087,decoder_by_matrix,0421d486f8a041838688df650e87c0a19c3450ab7a7cc8b3dc589ebff86d1c74,"{""distance"":5,""physical_error_rate"":0.0001}","{""detectors_checked"":43520}"
       128,         0,         0,   0.112,decoder_by_matrix,3c866087b289edc25e9adea730044a15db18cabfd3ae2507fc844d5b4e03657a,"{""distance"":5,""physical_error_rate"":5e-06}","{""detectors_checked"":21760}"
        64,         0,         0,   0.113,decoder_by_matrix,9c6baee88fc81e7d1aa345fcb3feec7ee81f21c5d49cb6ca037118097d89e180,"{""distance"":5,""physical_error_rate"":5e-05}","{""detection_events"":5,""detectors_checked"":10880}"
       256,         0,         0,   0.079,decoder_by_matrix,e41ade2e4684e0396b9a3890c882b6453b515d69885aa1d89a26ce21ec554895,"{""distance"":5,""physical_error_rate"":1e-06}","{""detectors_checked"":43520}"
       512,         0,         0,   0.134,decoder_by_matrix,fa5edda0c1038186c8afbec49b0215a0b852396cdb50783a3f937fdf51d2afac,"{""distance"":5,""physical_error_rate"":1e-05}","{""detectors_checked"":87040}"
       256,         0,         0,   0.106,decoder_by_matrix,b84cf4b8ca220d31f17e1e2ea9ab927bbc4176b15682c650e7d1dd8f2758172b,"{""distance"":5,""physical_error_rate"":0.0005}","{""detection_events"":20,""detectors_checked"":43520}"
      1024,         0,         0,   0.102,decoder_by_matrix,0421d486f8a041838688df650e87c0a19c3450ab7a7cc8b3dc589ebff86d1c74,"{""distance"":5,""physical_error_rate"":0.0001}","{""detection_events"":100,""detectors_checked"":174080}"
      1024,         0,         0,   0.077,decoder_by_matrix,e41ade2e4684e0396b9a3890c882b6453b515d69885aa1d89a26ce21ec554895,"{""distance"":5,""physical_error_rate"":1e-06}","{""detectors_checked"":174080}"
       512,         0,         0,   0.113,decoder_by_matrix,3c866087b289edc25e9adea730044a15db18cabfd3ae2507fc844d5b4e03657a,"{""distance"":5,""physical_error_rate"":5e-06}","{""detectors_checked"":87040}"
       256,         0,         0,   0.108,decoder_by_matrix,9c6baee88fc81e7d1aa345fcb3feec7ee81f21c5d49cb6ca037118097d89e180,"{""distance"":5,""physical_error_rate"":5e-05}","{""detectors_checked"":43520}"
      1024,         0,         0,   0.114,decoder_by_matrix,fa5edda0c1038186c8afbec49b0215a0b852396cdb50783a3f937fdf51d2afac,"{""distance"":5,""physical_error_rate"":1e-05}","{""detectors_checked"":174080}"
      1024,         0,         0,   0.112,decoder_by_matrix,0421d486f8a041838688df650e87c0a19c3450ab7a7cc8b3dc589ebff86d1c74,"{""distance"":5,""physical_error_rate"":0.0001}","{""detection_events"":55,""detectors_checked"":174080}"
      1024,         0,         0,   0.114,decoder_by_matrix,b84cf4b8ca220d31f17e1e2ea9ab927bbc4176b15682c650e7d1dd8f2758172b,"{""distance"":5,""physical_error_rate"":0.0005}","{""detection_events"":275,""detectors_checked"":174080}"
      1024,         0,         0,   0.112,decoder_by_matrix,3c866087b289edc25e9adea730044a15db18cabfd3ae2507fc844d5b4e03657a,"{""distance"":5,""physical_error_rate"":5e-06}","{""detectors_checked"":174080}"
      1024,         0,         0,   0.102,decoder_by_matrix,9c6baee88fc81e7d1aa345fcb3feec7ee81f21c5d49cb6ca037118097d89e180,"{""distance"":5,""physical_error_rate"":5e-05}","{""detection_events"":50,""detectors_checked"":174080}"
      2048,         0,         0,   0.177,decoder_by_matrix,e41ade2e4684e0396b9a3890c882b6453b515d69885aa1d89a26ce21ec554895,"{""distance"":5,""physical_error_rate"":1e-06}","{""detectors_checked"":348160}"
      1024,         0,         0,   0.109,decoder_by_matrix,fa5edda0c1038186c8afbec49b0215a0b852396cdb50783a3f937fdf51d2afac,"{""distance"":5,""physical_error_rate"":1e-05}","{""detection_events"":25,""detectors_checked"":174080}"
      1024,         0,         0,   0.109,decoder_by_matrix,0421d486f8a041838688df650e87c0a19c3450ab7a7cc8b3dc589ebff86d1c74,"{""distance"":5,""physical_error_rate"":0.0001}","{""detection_events"":155,""detectors_checked"":174080}"
      1024,         0,         0,   0.093,decoder_by_matrix,b84cf4b8ca220d31f17e1e2ea9ab927bbc4176b15682c650e7d1dd8f2758172b,"{""distance"":5,""physical_error_rate"":0.0005}","{""detection_events"":425,""detectors_checked"":174080}"
      1024,         0,         0,   0.115,decoder_by_matrix,3c866087b289edc25e9adea730044a15db18cabfd3ae2507fc844d5b4e03657a,"{""distance"":5,""physical_error_rate"":5e-06}","{""detection_events"":10,""detectors_checked"":174080}"
      1024,         0,         0,   0.111,decoder_by_matrix,9c6baee88fc81e7d1aa345fcb3feec7ee81f21c5d49cb6ca037118097d89e180,"{""distance"":5,""physical_error_rate"":5e-05}","{""detection_events"":5,""detectors_checked"":174080}"
      1024,         0,         0,   0.107,decoder_by_matrix,e41ade2e4684e0396b9a3890c882b6453b515d69885aa1d89a26ce21ec554895,"{""distance"":5,""physical_error_rate"":1e-06}","{""detectors_checked"":174080}"
      1024,         0,         0,   0.112,decoder_by_matrix,fa5edda0c1038186c8afbec49b0215a0b852396cdb50783a3f937fdf51d2afac,"{""distance"":5,""physical_error_rate"":1e-05}","{""detectors_checked"":174080}"
      1024,         0,         0,   0.108,decoder_by_matrix,9c6baee88fc81e7d1aa345fcb3feec7ee81f21c5d49cb6ca037118097d89e180,"{""distance"":5,""physical_error_rate"":5e-05}","{""detection_events"":20,""detectors_checked"":174080}"
      1024,         0,         0,   0.118,decoder_by_matrix,3c866087b289edc25e9adea730044a15db18cabfd3ae2507fc844d5b4e03657a,"{""distance"":5,""physical_error_rate"":5e-06}","{""detectors_checked"":174080}"
      2048,         0,         0,   0.188,decoder_by_matrix,0421d486f8a041838688df650e87c0a19c3450ab7a7cc8b3dc589ebff86d1c74,"{""distance"":5,""physical_error_rate"":0.0001}","{""detection_events"":130,""detectors_checked"":348160}"
      2048,         0,         0,   0.198,decoder_by_matrix,b84cf4b8ca220d31f17e1e2ea9ab927bbc4176b15682c650e7d1dd8f2758172b,"{""distance"":5,""physical_error_rate"":0.0005}","{""detection_events"":565,""detectors_checked"":348160}"
      2048,         0,         0,   0.168,decoder_by_matrix,e41ade2e4684e0396b9a3890c882b6453b515d69885aa1d89a26ce21ec554895,"{""distance"":5,""physical_error_rate"":1e-06}","{""detectors_checked"":348160}"
      2048,         0,         0,   0.226,decoder_by_matrix,fa5edda0c1038186c8afbec49b0215a0b852396cdb50783a3f937fdf51d2afac,"{""distance"":5,""physical_error_rate"":1e-05}","{""detectors_checked"":348160}"
      2048,         0,         0,   0.199,decoder_by_matrix,0421d486f8a041838688df650e87c0a19c3450ab7a7cc8b3dc589ebff86d1c74,"{""distance"":5,""physical_error_rate"":0.0001}","{""detection_events"":90,""detectors_checked"":348160}"
      2048,         0,         0,   0.213,decoder_by_matrix,3c866087b289edc25e9adea730044a15db18cabfd3ae2507fc844d5b4e03657a,"{""distance"":5,""physical_error_rate"":5e-06}","{""detectors_checked"":348160}"
      2048,         0,         0,   0.250,decoder_by_matrix,9c6baee88fc81e7d1aa345fcb3feec7ee81f21c5d49cb6ca037118097d89e180,"{""distance"":5,""physical_error_rate"":5e-05}","{""detection_events"":105,""detectors_checked"":348160}"
      2048,         0,         0,   0.228,decoder_by_matrix,b84cf4b8ca220d31f17e1e2ea9ab927bbc4176b15682c650e7d1dd8f2758172b,"{""distance"":5,""physical_error_rate"":0.0005}","{""detection_events"":395,""detectors_checked"":348160}"
      3072,         0,         0,   0.259,decoder_by_matrix,e41ade2e4684e0396b9a3890c882b6453b515d69885aa1d89a26ce21ec554895,"{""distance"":5,""physical_error_rate"":1e-06}","{""detectors_checked"":522240}"
      2048,         0,         0,   0.227,decoder_by_matrix,fa5edda0c1038186c8afbec49b0215a0b852396cdb50783a3f937fdf51d2afac,"{""distance"":5,""physical_error_rate"":1e-05}","{""detection_events"":40,""detectors_checked"":348160}"
      2048,         0,         0,   0.249,decoder_by_matrix,3c866087b289edc25e9adea730044a15db18cabfd3ae2507fc844d5b4e03657a,"{""distance"":5,""physical_error_rate"":5e-06}","{""detection_events"":10,""detectors_checked"":348160}"
      1024,         0,         0,   0.252,decoder_by_matrix,9c6baee88fc81e7d1aa345fcb3feec7ee81f21c5d49cb6ca037118097d89e180,"{""distance"":5,""physical_error_rate"":5e-05}","{""detectors_checked"":174080}"
      2048,         0,         0,   0.226,decoder_by_matrix,b84cf4b8ca220d31f17e1e2ea9ab927bbc4176b15682c650e7d1dd8f2758172b,"{""distance"":5,""physical_error_rate"":0.0005}","{""detection_events"":695,""detectors_checked"":348160}"
      4096,         0,         0,   0.400,decoder_by_matrix,0421d486f8a041838688df650e87c0a19c3450ab7a7cc8b3dc589ebff86d1c74,"{""distance"":5,""physical_error_rate"":0.0001}","{""detection_events"":260,""detectors_checked"":696320}"
      4096,         0,         0,   0.346,decoder_by_matrix,e41ade2e4684e0396b9a3890c882b6453b515d69885aa1d89a26ce21ec554895,"{""distance"":5,""physical_error_rate"":1e-06}","{""detectors_checked"":696320}"
      3072,         0,         0,   0.362,decoder_by_matrix,fa5edda0c1038186c8afbec49b0215a0b852396cdb50783a3f937fdf51d2afac,"{""distance"":5,""physical_error_rate"":1e-05}","{""detection_events"":20,""detectors_checked"":522240}"
      3072,         0,         0,   0.360,decoder_by_matrix,9c6baee88fc81e7d1aa345fcb3feec7ee81f21c5d49cb6ca037118097d89e180,"{""distance"":5,""physical_error_rate"":5e-05}","{""detection_events"":55,""detectors_checked"":522240}"
      3072,         0,         0,   0.370,decoder_by_matrix,b84cf4b8ca220d31f17e1e2ea9ab927bbc4176b15682c650e7d1dd8f2758172b,"{""distance"":5,""physical_error_rate"":0.0005}","{""detection_events"":590,""detectors_checked"":522240}"
      3072,         0,         0,   0.487,decoder_by_matrix,3c866087b289edc25e9adea730044a15db18cabfd3ae2507fc844d5b4e03657a,"{""distance"":5,""physical_error_rate"":5e-06}","{""detection_events"":25,""detectors_checked"":522240}"
      5120,         0,         0,   0.466,decoder_by_matrix,0421d486f8a041838688df650e87c0a19c3450ab7a7cc8b3dc589ebff86d1c74,"{""distance"":5,""physical_error_rate"":0.0001}","{""detection_events"":320,""detectors_checked"":870400}"
      5120,         0,         0,   0.458,decoder_by_matrix,e41ade2e4684e0396b9a3890c882b6453b515d69885aa1d89a26ce21ec554895,"{""distance"":5,""physical_error_rate"":1e-06}","{""detectors_checked"":870400}"
      4096,         0,         0,   0.475,decoder_by_matrix,fa5edda0c1038186c8afbec49b0215a0b852396cdb50783a3f937fdf51d2afac,"{""distance"":5,""physical_error_rate"":1e-05}","{""detection_events"":5,""detectors_checked"":696320}"
      4096,         0,         0,   0.485,decoder_by_matrix,9c6baee88fc81e7d1aa345fcb3feec7ee81f21c5d49cb6ca037118097d89e180,"{""distance"":5,""physical_error_rate"":5e-05}","{""detection_events"":125,""detectors_checked"":696320}"
      4096,         0,         0,   0.469,decoder_by_matrix,b84cf4b8ca220d31f17e1e2ea9ab927bbc4176b15682c650e7d1dd8f2758172b,"{""distance"":5,""physical_error_rate"":0.0005}","{""detection_events"":1200,""detectors_checked"":696320}"
      4096,         0,         0,   0.455,decoder_by_matrix,3c866087b289edc25e9adea730044a15db18cabfd3ae2507fc844d5b4e03657a,"{""distance"":5,""physical_error_rate"":5e-06}","{""detectors_checked"":696320}"
      6144,         0,         0,   0.576,decoder_by_matrix,0421d486f8a041838688df650e87c0a19c3450ab7a7cc8b3dc589ebff86d1c74,"{""distance"":5,""physical_error_rate"":0.0001}","{""detection_events"":315,""detectors_checked"":1044480}"
      6144,         0,         0,   0.584,decoder_by_matrix,e41ade2e4684e0396b9a3890c882b6453b515d69885aa1d89a26ce21ec554895,"{""distance"":5,""physical_error_rate"":1e-06}","{""detectors_checked"":1044480}"
      5120,         0,         0,   0.583,decoder_by_matrix,fa5edda0c1038186c8afbec49b0215a0b852396cdb50783a3f937fdf51d2afac,"{""distance"":5,""physical_error_rate"":1e-05}","{""detection_events"":60,""detectors_checked"":870400}"
    314368,        92,         0,    32.1,decoder_by_matrix,926aad2e192fb73fc0ac724cdb1e19af2dfa1e49635753b9cefb82507b443f08,"{""distance"":5,""physical_error_rate"":0.005}","{""detection_events"":876250,""detectors_checked"":53442560,""obs_mistake_mask=EEE_"":4,""obs_mistake_mask=EE_E"":3,""obs_mistake_mask=EE__"":7,""obs_mistake_mask=E_EE"":2,""obs_mistake_mask=E_E_"":6,""obs_mistake_mask=E__E"":5,""obs_mistake_mask=E___"":15,""obs_mistake_mask=_EEE"":10,""obs_mistake_mask=_EE_"":3,""obs_mistake_mask=_E_E"":3,""obs_mistake_mask=_E__"":8,""obs_mistake_mask=__EE"":6,""obs_mistake_mask=__E_"":14,""obs_mistake_mask=___E"":6}"
      5120,         0,         0,   0.599,decoder_by_matrix,9c6baee88fc81e7d1aa345fcb3feec7ee81f21c5d49cb6ca037118097d89e180,"{""distance"":5,""physical_error_rate"":5e-05}","{""detection_events"":95,""detectors_checked"":870400}"
      5120,         0,         0,   0.617,decoder_by_matrix,b84cf4b8ca220d31f17e1e2ea9ab927bbc4176b15682c650e7d1dd8f2758172b,"{""distance"":5,""physical_error_rate"":0.0005}","{""detection_events"":1200,""detectors_checked"":870400}"
      5120,         0,         0,   0.592,decoder_by_matrix,3c866087b289edc25e9adea730044a15db18cabfd3ae2507fc844d5b4e03657a,"{""distance"":5,""physical_error_rate"":5e-06}","{""detection_events"":15,""detectors_checked"":870400}"
      8192,         0,         0,   0.803,decoder_by_matrix,0421d486f8a041838688df650e87c0a19c3450ab7a7cc8b3dc589ebff86d1c74,"{""distance"":5,""physical_error_rate"":0.0001}","{""detection_events"":275,""detectors_checked"":1392640}"
      9216,         0,         0,   0.832,decoder_by_matrix,e41ade2e4684e0396b9a3890c882b6453b515d69885aa1d89a26ce21ec554895,"{""distance"":5,""physical_error_rate"":1e-06}","{""detection_events"":15,""detectors_checked"":1566720}"
      7168,         0,         0,   0.813,decoder_by_matrix,fa5edda0c1038186c8afbec49b0215a0b852396cdb50783a3f937fdf51d2afac,"{""distance"":5,""physical_error_rate"":1e-05}","{""detection_events"":80,""detectors_checked"":1218560}"
      7168,         0,         0,   0.849,decoder_by_matrix,b84cf4b8ca220d31f17e1e2ea9ab927bbc4176b15682c650e7d1dd8f2758172b,"{""distance"":5,""physical_error_rate"":0.0005}","{""detection_events"":1865,""detectors_checked"":1218560}"
      8192,         0,         0,   0.874,decoder_by_matrix,9c6baee88fc81e7d1aa345fcb3feec7ee81f21c5d49cb6ca037118097d89e180,"{""distance"":5,""physical_error_rate"":5e-05}","{""detection_events"":275,""detectors_checked"":1392640}"
      8192,         0,         0,   0.874,decoder_by_matrix,3c866087b289edc25e9adea730044a15db18cabfd3ae2507fc844d5b4e03657a,"{""distance"":5,""physical_error_rate"":5e-06}","{""detection_events"":20,""detectors_checked"":1392640}"
     11264,         0,         0,    1.17,decoder_by_matrix,0421d486f8a041838688df650e87c0a19c3450ab7a7cc8b3dc589ebff86d1c74,"{""distance"":5,""physical_error_rate"":0.0001}","{""detection_events"":725,""detectors_checked"":1914880}"
     10240,         0,         0,    1.17,decoder_by_matrix,fa5edda0c1038186c8afbec49b0215a0b852396cdb50783a3f937fdf51d2afac,"{""distance"":5,""physical_error_rate"":1e-05}","{""detection_events"":90,""detectors_checked"":1740800}"
     12288,         0,         0,    1.17,decoder_by_matrix,e41ade2e4684e0396b9a3890c882b6453b515d69885aa1d89a26ce21ec554895,"{""distance"":5,""physical_error_rate"":1e-06}","{""detectors_checked"":2088960}"
    250880,         0,         0,    32.0,decoder_by_matrix,3c866087b289edc25e9adea730044a15db18cabfd3ae2507fc844d5b4e03657a,"{""distance"":5,""physical_error_rate"":5e-06}","{""detection_events"":685,""detectors_checked"":42649600}"
     12288,         0,         0,    1.20,decoder_by_matrix,9c6baee88fc81e7d1aa345fcb3feec7ee81f21c5d49cb6ca037118097d89e180,"{""distance"":5,""physical_error_rate"":5e-05}","{""detection_events"":350,""detectors_checked"":2088960}"
     12288,         0,         0,    1.17,decoder_by_matrix,3c866087b289edc25e9adea730044a15db18cabfd3ae2507fc844d5b4e03657a,"{""distance"":5,""physical_error_rate"":5e-06}","{""detectors_checked"":2088960}"
      9216,         0,         0,    1.23,decoder_by_matrix,b84cf4b8ca220d31f17e1e2ea9ab927bbc4176b15682c650e7d1dd8f2758172b,"{""distance"":5,""physical_error_rate"":0.0005}","{""detection_events"":2805,""detectors_checked"":1566720}"
    258048,         0,         0,    32.0,decoder_by_matrix,e41ade2e4684e0396b9a3890c882b6453b515d69885aa1d89a26ce21ec554895,"{""distance"":5,""physical_error_rate"":1e-06}","{""detection_events"":170,""detectors_checked"":43868160}"
     15360,         0,         0,    1.56,decoder_by_matrix,0421d486f8a041838688df650e87c0a19c3450ab7a7cc8b3dc589ebff86d1c74,"{""distance"":5,""physical_error_rate"":0.0001}","{""detection_events"":970,""detectors_checked"":2611200}"
     13312,         0,         0,    1.53,decoder_by_matrix,fa5edda0c1038186c8afbec49b0215a0b852396cdb50783a3f937fdf51d2afac,"{""distance"":5,""physical_error_rate"":1e-05}","{""detection_events"":105,""detectors_checked"":2263040}"
     14336,         0,         0,    1.61,decoder_by_matrix,e41ade2e4684e0396b9a3890c882b6453b515d69885aa1d89a26ce21ec554895,"{""distance"":5,""physical_error_rate"":1e-06}","{""detectors_checked"":2437120}"
     13312,         0,         0,    1.57,decoder_by_matrix,b84cf4b8ca220d31f17e1e2ea9ab927bbc4176b15682c650e7d1dd8f2758172b,"{""distance"":5,""physical_error_rate"":0.0005}","{""detection_events"":4320,""detectors_checked"":2263040}"
     16384,         0,         0,    1.58,decoder_by_matrix,9c6baee88fc81e7d1aa345fcb3feec7ee81f21c5d49cb6ca037118097d89e180,"{""distance"":5,""physical_error_rate"":5e-05}","{""detection_events"":500,""detectors_checked"":2785280}"
     14336,         0,         0,    1.67,decoder_by_matrix,3c866087b289edc25e9adea730044a15db18cabfd3ae2507fc844d5b4e03657a,"{""distance"":5,""physical_error_rate"":5e-06}","{""detection_events"":25,""detectors_checked"":2437120}"
     21504,         0,         0,    2.18,decoder_by_matrix,0421d486f8a041838688df650e87c0a19c3450ab7a7cc8b3dc589ebff86d1c74,"{""distance"":5,""physical_error_rate"":0.0001}","{""detection_events"":1280,""detectors_checked"":3655680}"
     17408,         0,         0,    2.20,decoder_by_matrix,fa5edda0c1038186c8afbec49b0215a0b852396cdb50783a3f937fdf51d2afac,"{""distance"":5,""physical_error_rate"":1e-05}","{""detection_events"":90,""detectors_checked"":2959360}"
     19456,         0,         0,    2.19,decoder_by_matrix,e41ade2e4684e0396b9a3890c882b6453b515d69885aa1d89a26ce21ec554895,"{""distance"":5,""physical_error_rate"":1e-06}","{""detectors_checked"":3307520}"
     18432,         0,         0,    2.16,decoder_by_matrix,b84cf4b8ca220d31f17e1e2ea9ab927bbc4176b15682c650e7d1dd8f2758172b,"{""distance"":5,""physical_error_rate"":0.0005}","{""detection_events"":4825,""detectors_checked"":3133440}"
     22528,         0,         0,    2.20,decoder_by_matrix,3c866087b289edc25e9adea730044a15db18cabfd3ae2507fc844d5b4e03657a,"{""distance"":5,""physical_error_rate"":5e-06}","{""detection_events"":25,""detectors_checked"":3829760}"
     21504,         0,         0,    2.28,decoder_by_matrix,9c6baee88fc81e7d1aa345fcb3feec7ee81f21c5d49cb6ca037118097d89e180,"{""distance"":5,""physical_error_rate"":5e-05}","{""detection_events"":625,""detectors_checked"":3655680}"
    267264,         1,         0,    32.0,decoder_by_matrix,066a5d8d46981b593c3dec855f441edbe9e755a8873183448f69d036a2ecc650,"{""distance"":5,""physical_error_rate"":0.001}","{""detection_events"":153270,""detectors_checked"":45434880,""obs_mistake_mask=_EEE"":1}"
     30720,         0,         0,    3.04,decoder_by_matrix,0421d486f8a041838688df650e87c0a19c3450ab7a7cc8b3dc589ebff86d1c74,"{""distance"":5,""physical_error_rate"":0.0001}","{""detection_events"":1740,""detectors_checked"":5222400}"
     31744,         0,         0,    3.06,decoder_by_matrix,fa5edda0c1038186c8afbec49b0215a0b852396cdb50783a3f937fdf51d2afac,"{""distance"":5,""physical_error_rate"":1e-05}","{""detection_events"":245,""detectors_checked"":5396480}"
     32768,         0,         0,    3.04,decoder_by_matrix,e41ade2e4684e0396b9a3890c882b6453b515d69885aa1d89a26ce21ec554895,"{""distance"":5,""physical_error_rate"":1e-06}","{""detection_events"":20,""detectors_checked"":5570560}"
     25600,         0,         0,    3.07,decoder_by_matrix,b84cf4b8ca220d31f17e1e2ea9ab927bbc4176b15682c650e7d1dd8f2758172b,"{""distance"":5,""physical_error_rate"":0.0005}","{""detection_events"":7385,""detectors_checked"":4352000}"
    297984,         0,         0,    32.1,decoder_by_matrix,fa5edda0c1038186c8afbec49b0215a0b852396cdb50783a3f937fdf51d2afac,"{""distance"":5,""physical_error_rate"":1e-05}","{""detection_events"":1620,""detectors_checked"":50657280}"
     32768,         0,         0,    3.06,decoder_by_matrix,3c866087b289edc25e9adea730044a15db18cabfd3ae2507fc844d5b4e03657a,"{""distance"":5,""physical_error_rate"":5e-06}","{""detection_events"":80,""detectors_checked"":5570560}"
     30720,         0,         0,    3.10,decoder_by_matrix,9c6baee88fc81e7d1aa345fcb3feec7ee81f21c5d49cb6ca037118097d89e180,"{""distance"":5,""physical_error_rate"":5e-05}","{""detection_events"":955,""detectors_checked"":5222400}"
    279552,         0,         0,    32.1,decoder_by_matrix,9c6baee88fc81e7d1aa345fcb3feec7ee81f21c5d49cb6ca037118097d89e180,"{""distance"":5,""physical_error_rate"":5e-05}","{""detection_events"":7840,""detectors_checked"":47523840}"
    302080,         0,         0,    32.0,decoder_by_matrix,b84cf4b8ca220d31f17e1e2ea9ab927bbc4176b15682c650e7d1dd8f2758172b,"{""distance"":5,""physical_error_rate"":0.0005}","{""detection_events"":86365,""detectors_checked"":51353600}"
    273408,        68,         0,    31.9,decoder_by_matrix,926aad2e192fb73fc0ac724cdb1e19af2dfa1e49635753b9cefb82507b443f08,"{""distance"":5,""physical_error_rate"":0.005}","{""detection_events"":754330,""detectors_checked"":46479360,""obs_mistake_mask=EE_E"":5,""obs_mistake_mask=EE__"":6,""obs_mistake_mask=E_EE"":2,""obs_mistake_mask=E_E_"":7,""obs_mistake_mask=E__E"":3,""obs_mistake_mask=E___"":12,""obs_mistake_mask=_EEE"":3,""obs_mistake_mask=_EE_"":2,""obs_mistake_mask=_E_E"":3,""obs_mistake_mask=_E__"":9,""obs_mistake_mask=__EE"":2,""obs_mistake_mask=__E_"":10,""obs_mistake_mask=___E"":4}"
     40960,         0,         0,    4.30,decoder_by_matrix,0421d486f8a041838688df650e87c0a19c3450ab7a7cc8b3dc589ebff86d1c74,"{""distance"":5,""physical_error_rate"":0.0001}","{""detection_events"":2030,""detectors_checked"":6963200}"
     47104,         0,         0,    4.30,decoder_by_matrix,fa5edda0c1038186c8afbec49b0215a0b852396cdb50783a3f937fdf51d2afac,"{""distance"":5,""physical_error_rate"":1e-05}","{""detection_events"":310,""detectors_checked"":8007680}"
     45056,         0,         0,    4.29,decoder_by_matrix,e41ade2e4684e0396b9a3890c882b6453b515d69885aa1d89a26ce21ec554895,"{""distance"":5,""physical_error_rate"":1e-06}","{""detection_events"":10,""detectors_checked"":7659520}"
     36864,         0,         0,    4.37,decoder_by_matrix,b84cf4b8ca220d31f17e1e2ea9ab927bbc4176b15682c650e7d1dd8f2758172b,"{""distance"":5,""physical_error_rate"":0.0005}","{""detection_events"":11170,""detectors_checked"":6266880}"
     40960,         0,         0,    4.33,decoder_by_matrix,3c866087b289edc25e9adea730044a15db18cabfd3ae2507fc844d5b4e03657a,"{""distance"":5,""physical_error_rate"":5e-06}","{""detection_events"":195,""detectors_checked"":6963200}"
     47104,         0,         0,    4.30,decoder_by_matrix,9c6baee88fc81e7d1aa345fcb3feec7ee81f21c5d49cb6ca037118097d89e180,"{""distance"":5,""physical_error_rate"":5e-05}","{""detection_events"":1290,""detectors_checked"":8007680}"
     49152,         0,         0,    5.97,decoder_by_matrix,0421d486f8a041838688df650e87c0a19c3450ab7a7cc8b3dc589ebff86d1c74,"{""distance"":5,""physical_error_rate"":0.0001}","{""detection_events"":2460,""detectors_checked"":8355840}"
     63488,         0,         0,    5.94,decoder_by_matrix,e41ade2e4684e0396b9a3890c882b6453b515d69885aa1d89a26ce21ec554895,"{""distance"":5,""physical_error_rate"":1e-06}","{""detection_events"":40,""detectors_checked"":10792960}"
     68608,         0,         0,    6.03,decoder_by_matrix,fa5edda0c1038186c8afbec49b0215a0b852396cdb50783a3f937fdf51d2afac,"{""distance"":5,""physical_error_rate"":1e-05}","{""detection_events"":425,""detectors_checked"":11663360}"
     50176,         0,         0,    5.98,decoder_by_matrix,3c866087b289edc25e9adea730044a15db18cabfd3ae2507fc844d5b4e03657a,"{""distance"":5,""physical_error_rate"":5e-06}","{""detection_events"":220,""detectors_checked"":8529920}"
     66560,         0,         0,    5.98,decoder_by_matrix,9c6baee88fc81e7d1aa345fcb3feec7ee81f21c5d49cb6ca037118097d89e180,"{""distance"":5,""physical_error_rate"":5e-05}","{""detection_events"":1645,""detectors_checked"":11315200}"
     50176,         0,         0,    6.08,decoder_by_matrix,b84cf4b8ca220d31f17e1e2ea9ab927bbc4176b15682c650e7d1dd8f2758172b,"{""distance"":5,""physical_error_rate"":0.0005}","{""detection_events"":14050,""detectors_checked"":8529920}"
     71680,         0,         0,    8.46,decoder_by_matrix,0421d486f8a041838688df650e87c0a19c3450ab7a7cc8b3dc589ebff86d1c74,"{""distance"":5,""physical_error_rate"":0.0001}","{""detection_events"":3700,""detectors_checked"":12185600}"
     87040,         0,         0,    8.36,decoder_by_matrix,e41ade2e4684e0396b9a3890c882b6453b515d69885aa1d89a26ce21ec554895,"{""distance"":5,""physical_error_rate"":1e-06}","{""detection_events"":40,""detectors_checked"":14796800}"
     93184,         0,         0,    8.36,decoder_by_matrix,fa5edda0c1038186c8afbec49b0215a0b852396cdb50783a3f937fdf51d2afac,"{""distance"":5,""physical_error_rate"":1e-05}","{""detection_events"":650,""detectors_checked"":15841280}"
     73728,         0,         0,    8.41,decoder_by_matrix,3c866087b289edc25e9adea730044a15db18cabfd3ae2507fc844d5b4e03657a,"{""distance"":5,""physical_error_rate"":5e-06}","{""detection_events"":130,""detectors_checked"":12533760}"
     90112,         0,         0,    8.39,decoder_by_matrix,9c6baee88fc81e7d1aa345fcb3feec7ee81f21c5d49cb6ca037118097d89e180,"{""distance"":5,""physical_error_rate"":5e-05}","{""detection_events"":2525,""detectors_checked"":15319040}"
     79872,         1,         0,    8.44,decoder_by_matrix,b84cf4b8ca220d31f17e1e2ea9ab927bbc4176b15682c650e7d1dd8f2758172b,"{""distance"":5,""physical_error_rate"":0.0005}","{""detection_events"":21545,""detectors_checked"":13578240,""obs_mistake_mask=E__E"":1}"
    460800,         0,         0,    44.8,decoder_by_matrix,fa5edda0c1038186c8afbec49b0215a0b852396cdb50783a3f937fdf51d2afac,"{""distance"":5,""physical_error_rate"":1e-05}","{""detection_events"":3105,""detectors_checked"":78336000}"
    418816,         0,         0,    44.7,decoder_by_matrix,0421d486f8a041838688df650e87c0a19c3450ab7a7cc8b3dc589ebff86d1c74,"{""distance"":5,""physical_error_rate"":0.0001}","{""detection_events"":22415,""detectors_checked"":71198720}"
    442368,         0,         0,    44.9,decoder_by_matrix,fa5edda0c1038186c8afbec49b0215a0b852396cdb50783a3f937fdf51d2afac,"{""distance"":5,""physical_error_rate"":1e-05}","{""detection_events"":2530,""detectors_checked"":75202560}"
    329728,         0,         0,    44.8,decoder_by_matrix,9c6baee88fc81e7d1aa345fcb3feec7ee81f21c5d49cb6ca037118097d89e180,"{""distance"":5,""physical_error_rate"":5e-05}","{""detection_events"":9030,""detectors_checked"":56053760}"
    410624,         0,         0,    44.7,decoder_by_matrix,066a5d8d46981b593c3dec855f441edbe9e755a8873183448f69d036a2ecc650,"{""distance"":5,""physical_error_rate"":0.001}","{""detection_events"":231535,""detectors_checked"":69806080}"
    459776,         0,         0,    44.8,decoder_by_matrix,3c866087b289edc25e9adea730044a15db18cabfd3ae2507fc844d5b4e03657a,"{""distance"":5,""physical_error_rate"":5e-06}","{""detection_events"":1505,""detectors_checked"":78161920}"
    440320,         1,         0,    44.8,decoder_by_matrix,066a5d8d46981b593c3dec855f441edbe9e755a8873183448f69d036a2ecc650,"{""distance"":5,""physical_error_rate"":0.001}","{""detection_events"":251430,""detectors_checked"":74854400,""obs_mistake_mask=EE__"":1}"
    471040,         0,         0,    44.8,decoder_by_matrix,9c6baee88fc81e7d1aa345fcb3feec7ee81f21c5d49cb6ca037118097d89e180,"{""distance"":5,""physical_error_rate"":5e-05}","{""detection_events"":13185,""detectors_checked"":80076800}"
    436224,         0,         0,    44.9,decoder_by_matrix,b84cf4b8ca220d31f17e1e2ea9ab927bbc4176b15682c650e7d1dd8f2758172b,"{""distance"":5,""physical_error_rate"":0.0005}","{""detection_events"":123515,""detectors_checked"":74158080}"
    419840,         0,         0,    44.9,decoder_by_matrix,e41ade2e4684e0396b9a3890c882b6453b515d69885aa1d89a26ce21ec554895,"{""distance"":5,""physical_error_rate"":1e-06}","{""detection_events"":235,""detectors_checked"":71372800}"
    400384,        89,         0,    44.9,decoder_by_matrix,926aad2e192fb73fc0ac724cdb1e19af2dfa1e49635753b9cefb82507b443f08,"{""distance"":5,""physical_error_rate"":0.005}","{""detection_events"":1116135,""detectors_checked"":68065280,""obs_mistake_mask=EEE_"":2,""obs_mistake_mask=EE_E"":2,""obs_mistake_mask=EE__"":8,""obs_mistake_mask=E_EE"":2,""obs_mistake_mask=E_E_"":12,""obs_mistake_mask=E__E"":2,""obs_mistake_mask=E___"":12,""obs_mistake_mask=_EEE"":7,""obs_mistake_mask=_EE_"":9,""obs_mistake_mask=_E_E"":7,""obs_mistake_mask=_E__"":10,""obs_mistake_mask=__EE"":6,""obs_mistake_mask=__E_"":4,""obs_mistake_mask=___E"":6}"
    308224,         1,         0,    44.9,decoder_by_matrix,b84cf4b8ca220d31f17e1e2ea9ab927bbc4176b15682c650e7d1dd8f2758172b,"{""distance"":5,""physical_error_rate"":0.0005}","{""detection_events"":87930,""detectors_checked"":52398080,""obs_mistake_mask=___E"":1}"
    467968,         0,         0,    44.9,decoder_by_matrix,fa5edda0c1038186c8afbec49b0215a0b852396cdb50783a3f937fdf51d2afac,"{""distance"":5,""physical_error_rate"":1e-05}","{""detection_events"":2695,""detectors_checked"":79554560}"
    454656,         0,         0,    44.8,decoder_by_matrix,0421d486f8a041838688df650e87c0a19c3450ab7a7cc8b3dc589ebff86d1c74,"{""distance"":5,""physical_error_rate"":0.0001}","{""detection_events"":27025,""detectors_checked"":77291520}"
    413696,       110,         0,    44.7,decoder_by_matrix,926aad2e192fb73fc0ac724cdb1e19af2dfa1e49635753b9cefb82507b443f08,"{""distance"":5,""physical_error_rate"":0.005}","{""detection_events"":1157220,""detectors_checked"":70328320,""obs_mistake_mask=EE_E"":2,""obs_mistake_mask=EE__"":9,""obs_mistake_mask=E_EE"":3,""obs_mistake_mask=E_E_"":6,""obs_mistake_mask=E__E"":8,""obs_mistake_mask=E___"":30,""obs_mistake_mask=_EEE"":9,""obs_mistake_mask=_EE_"":7,""obs_mistake_mask=_E_E"":2,""obs_mistake_mask=_E__"":11,""obs_mistake_mask=__EE"":5,""obs_mistake_mask=__E_"":7,""obs_mistake_mask=___E"":11}"
    452608,         0,         0,    44.8,decoder_by_matrix,3c866087b289edc25e9adea730044a15db18cabfd3ae2507fc844d5b4e03657a,"{""distance"":5,""physical_error_rate"":5e-06}","{""detection_events"":1290,""detectors_checked"":76943360}"
    338944,         0,         0,    44.8,decoder_by_matrix,3c866087b289edc25e9adea730044a15db18cabfd3ae2507fc844d5b4e03657a,"{""distance"":5,""physical_error_rate"":5e-06}","{""detection_events"":740,""detectors_checked"":57620480}"
    418816,         1,         0,    44.8,decoder_by_matrix,066a5d8d46981b593c3dec855f441edbe9e755a8873183448f69d036a2ecc650,"{""distance"":5,""physical_error_rate"":0.001}","{""detection_events"":237355,""detectors_checked"":71198720,""obs_mistake_mask=___E"":1}"
    395264,         0,         0,    44.8,decoder_by_matrix,066a5d8d46981b593c3dec855f441edbe9e755a8873183448f69d036a2ecc650,"{""distance"":5,""physical_error_rate"":0.001}","{""detection_events"":225710,""detectors_checked"":67194880}"
    295936,        70,         0,    45.0,decoder_by_matrix,926aad2e192fb73fc0ac724cdb1e19af2dfa1e49635753b9cefb82507b443f08,"{""distance"":5,""physical_error_rate"":0.005}","{""detection_events"":822110,""detectors_checked"":50309120,""obs_mistake_mask=EEE_"":3,""obs_mistake_mask=EE_E"":2,""obs_mistake_mask=EE__"":4,""obs_mistake_mask=E_EE"":2,""obs_mistake_mask=E_E_"":3,""obs_mistake_mask=E__E"":4,""obs_mistake_mask=E___"":14,""obs_mistake_mask=_EEE"":7,""obs_mistake_mask=_EE_"":1,""obs_mistake_mask=_E_E"":1,""obs_mistake_mask=_E__"":8,""obs_mistake_mask=__EE"":4,""obs_mistake_mask=__E_"":8,""obs_mistake_mask=___E"":9}"
    459776,         0,         0,    44.8,decoder_by_matrix,3c866087b289edc25e9adea730044a15db18cabfd3ae2507fc844d5b4e03657a,"{""distance"":5,""physical_error_rate"":5e-06}","{""detection_events"":1195,""detectors_checked"":78161920}"
    447488,         1,         0,    44.6,decoder_by_matrix,066a5d8d46981b593c3dec855f441edbe9e755a8873183448f69d036a2ecc650,"{""distance"":5,""physical_error_rate"":0.001}","{""detection_events"":255940,""detectors_checked"":76072960,""obs_mistake_mask=_EEE"":1}"
    475136,         0,         0,    44.7,decoder_by_matrix,fa5edda0c1038186c8afbec49b0215a0b852396cdb50783a3f937fdf51d2afac,"{""distance"":5,""physical_error_rate"":1e-05}","{""detection_events"":2570,""detectors_checked"":80773120}"
     99328,         0,         0,    11.6,decoder_by_matrix,0421d486f8a041838688df650e87c0a19c3450ab7a7cc8b3dc589ebff86d1c74,"{""distance"":5,""physical_error_rate"":0.0001}","{""detection_events"":5580,""detectors_checked"":16885760}"
    331776,         0,         0,    44.9,decoder_by_matrix,e41ade2e4684e0396b9a3890c882b6453b515d69885aa1d89a26ce21ec554895,"{""distance"":5,""physical_error_rate"":1e-06}","{""detection_events"":80,""detectors_checked"":56401920}"
    126976,         0,         0,    11.8,decoder_by_matrix,fa5edda0c1038186c8afbec49b0215a0b852396cdb50783a3f937fdf51d2afac,"{""distance"":5,""physical_error_rate"":1e-05}","{""detection_events"":645,""detectors_checked"":21585920}"
    115712,         0,         0,    11.8,decoder_by_matrix,e41ade2e4684e0396b9a3890c882b6453b515d69885aa1d89a26ce21ec554895,"{""distance"":5,""physical_error_rate"":1e-06}","{""detection_events"":20,""detectors_checked"":19671040}"
    420864,         0,         0,    44.8,decoder_by_matrix,e41ade2e4684e0396b9a3890c882b6453b515d69885aa1d89a26ce21ec554895,"{""distance"":5,""physical_error_rate"":1e-06}","{""detection_events"":200,""detectors_checked"":71546880}"
    403456,         0,         0,    44.9,decoder_by_matrix,0421d486f8a041838688df650e87c0a19c3450ab7a7cc8b3dc589ebff86d1c74,"{""distance"":5,""physical_error_rate"":0.0001}","{""detection_events"":23410,""detectors_checked"":68587520}"
    123904,         0,         0,    11.7,decoder_by_matrix,9c6baee88fc81e7d1aa345fcb3feec7ee81f21c5d49cb6ca037118097d89e180,"{""distance"":5,""physical_error_rate"":5e-05}","{""detection_events"":3290,""detectors_checked"":21063680}"
    102400,         0,         0,    11.7,decoder_by_matrix,3c866087b289edc25e9adea730044a15db18cabfd3ae2507fc844d5b4e03657a,"{""distance"":5,""physical_error_rate"":5e-06}","{""detection_events"":180,""detectors_checked"":17408000}"
    119808,         0,         0,    11.6,decoder_by_matrix,b84cf4b8ca220d31f17e1e2ea9ab927bbc4176b15682c650e7d1dd8f2758172b,"{""distance"":5,""physical_error_rate"":0.0005}","{""detection_events"":33760,""detectors_checked"":20367360}"
    455680,         0,         0,    44.8,decoder_by_matrix,0421d486f8a041838688df650e87c0a19c3450ab7a7cc8b3dc589ebff86d1c74,"{""distance"":5,""physical_error_rate"":0.0001}","{""detection_events"":26400,""detectors_checked"":77465600}"
    472064,         0,         0,    44.9,decoder_by_matrix,b84cf4b8ca220d31f17e1e2ea9ab927bbc4176b15682c650e7d1dd8f2758172b,"{""distance"":5,""physical_error_rate"":0.0005}","{""detection_events"":136590,""detectors_checked"":80250880}"
    430080,       112,         0,    44.8,decoder_by_matrix,926aad2e192fb73fc0ac724cdb1e19af2dfa1e49635753b9cefb82507b443f08,"{""distance"":5,""physical_error_rate"":0.005}","{""detection_events"":1195235,""detectors_checked"":73113600,""obs_mistake_mask=EEE_"":3,""obs_mistake_mask=EE_E"":6,""obs_mistake_mask=EE__"":9,""obs_mistake_mask=E_EE"":1,""obs_mistake_mask=E_E_"":5,""obs_mistake_mask=E__E"":5,""obs_mistake_mask=E___"":21,""obs_mistake_mask=_EEE"":7,""obs_mistake_mask=_EE_"":7,""obs_mistake_mask=_E_E"":3,""obs_mistake_mask=_E__"":12,""obs_mistake_mask=__EE"":8,""obs_mistake_mask=__E_"":15,""obs_mistake_mask=___E"":10}"
    405504,         0,         0,    45.0,decoder_by_matrix,b84cf4b8ca220d31f17e1e2ea9ab927bbc4176b15682c650e7d1dd8f2758172b,"{""distance"":5,""physical_error_rate"":0.0005}","{""detection_events"":115715,""detectors_checked"":68935680}"
    477184,         0,         0,    44.8,decoder_by_matrix,e41ade2e4684e0396b9a3890c882b6453b515d69885aa1d89a26ce21ec554895,"{""distance"":5,""physical_error_rate"":1e-06}","{""detection_events"":330,""detectors_checked"":81121280}"
    411648,         0,         0,    44.8,decoder_by_matrix,9c6baee88fc81e7d1aa345fcb3feec7ee81f21c5d49cb6ca037118097d89e180,"{""distance"":5,""physical_error_rate"":5e-05}","{""detection_events"":12010,""detectors_checked"":69980160}"
    400384,         0,         0,    44.9,decoder_by_matrix,9c6baee88fc81e7d1aa345fcb3feec7ee81f21c5d49cb6ca037118097d89e180,"{""distance"":5,""physical_error_rate"":5e-05}","{""detection_events"":11530,""detectors_checked"":68065280}"
    445440,         0,         0,    44.9,decoder_by_matrix,0421d486f8a041838688df650e87c0a19c3450ab7a7cc8b3dc589ebff86d1c74,"{""distance"":5,""physical_error_rate"":0.0001}","{""detection_events"":24990,""detectors_checked"":75724800}"
    474112,       108,         0,    44.8,decoder_by_matrix,926aad2e192fb73fc0ac724cdb1e19af2dfa1e49635753b9cefb82507b443f08,"{""distance"":5,""physical_error_rate"":0.005}","{""detection_events"":1325885,""detectors_checked"":80599040,""obs_mistake_mask=EEE_"":2,""obs_mistake_mask=EE_E"":3,""obs_mistake_mask=EE__"":6,""obs_mistake_mask=E_EE"":2,""obs_mistake_mask=E_E_"":7,""obs_mistake_mask=E__E"":9,""obs_mistake_mask=E___"":20,""obs_mistake_mask=_EEE"":6,""obs_mistake_mask=_EE_"":4,""obs_mistake_mask=_E_E"":8,""obs_mistake_mask=_E__"":10,""obs_mistake_mask=__EE"":6,""obs_mistake_mask=__E_"":16,""obs_mistake_mask=___E"":9}"
    488448,         0,         0,    44.7,decoder_by_matrix,3c866087b289edc25e9adea730044a15db18cabfd3ae2507fc844d5b4e03657a,"{""distance"":5,""physical_error_rate"":5e-06}","{""detection_events"":1485,""detectors_checked"":83036160}"
    300032,         0,         0,    45.0,decoder_by_matrix,e41ade2e4684e0396b9a3890c882b6453b515d69885aa1d89a26ce21ec554895,"{""distance"":5,""physical_error_rate"":1e-06}","{""detection_events"":160,""detectors_checked"":51005440}"
    428032,         0,         0,    44.9,decoder_by_matrix,066a5d8d46981b593c3dec855f441edbe9e755a8873183448f69d036a2ecc650,"{""distance"":5,""physical_error_rate"":0.001}","{""detection_events"":243255,""detectors_checked"":72765440}"
    446464,         0,         0,    44.8,decoder_by_matrix,fa5edda0c1038186c8afbec49b0215a0b852396cdb50783a3f937fdf51d2afac,"{""distance"":5,""physical_error_rate"":1e-05}","{""detection_events"":2625,""detectors_checked"":75898880}"
    266240,         0,         0,    44.9,decoder_by_matrix,9c6baee88fc81e7d1aa345fcb3feec7ee81f21c5d49cb6ca037118097d89e180,"{""distance"":5,""physical_error_rate"":5e-05}","{""detection_events"":7795,""detectors_checked"":45260800}"
    179200,         0,         0,    16.4,decoder_by_matrix,0421d486f8a041838688df650e87c0a19c3450ab7a7cc8b3dc589ebff86d1c74,"{""distance"":5,""physical_error_rate"":0.0001}","{""detection_events"":9500,""detectors_checked"":30464000}"
    184320,         0,         0,    16.3,decoder_by_matrix,fa5edda0c1038186c8afbec49b0215a0b852396cdb50783a3f937fdf51d2afac,"{""distance"":5,""physical_error_rate"":1e-05}","{""detection_events"":1065,""detectors_checked"":31334400}"
    187392,         0,         0,    16.4,decoder_by_matrix,e41ade2e4684e0396b9a3890c882b6453b515d69885aa1d89a26ce21ec554895,"{""distance"":5,""physical_error_rate"":1e-06}","{""detection_events"":40,""detectors_checked"":31856640}"
    367616,         0,         0,    45.0,decoder_by_matrix,b84cf4b8ca220d31f17e1e2ea9ab927bbc4176b15682c650e7d1dd8f2758172b,"{""distance"":5,""physical_error_rate"":0.0005}","{""detection_events"":104305,""detectors_checked"":62494720}"
    176128,         0,         0,    16.4,decoder_by_matrix,9c6baee88fc81e7d1aa345fcb3feec7ee81f21c5d49cb6ca037118097d89e180,"{""distance"":5,""physical_error_rate"":5e-05}","{""detection_events"":4640,""detectors_checked"":29941760}"
    141312,         0,         0,    16.4,decoder_by_matrix,b84cf4b8ca220d31f17e1e2ea9ab927bbc4176b15682c650e7d1dd8f2758172b,"{""distance"":5,""physical_error_rate"":0.0005}","{""detection_events"":40085,""detectors_checked"":24023040}"
    456704,       110,         0,    44.8,decoder_by_matrix,926aad2e192fb73fc0ac724cdb1e19af2dfa1e49635753b9cefb82507b443f08,"{""distance"":5,""physical_error_rate"":0.005}","{""detection_events"":1270090,""detectors_checked"":77639680,""obs_mistake_mask=EEE_"":1,""obs_mistake_mask=EE_E"":1,""obs_mistake_mask=EE__"":8,""obs_mistake_mask=E_EE"":1,""obs_mistake_mask=E_E_"":12,""obs_mistake_mask=E__E"":7,""obs_mistake_mask=E___"":21,""obs_mistake_mask=_EEE"":3,""obs_mistake_mask=_EE_"":4,""obs_mistake_mask=_E_E"":5,""obs_mistake_mask=_E__"":12,""obs_mistake_mask=__EE"":9,""obs_mistake_mask=__E_"":12,""obs_mistake_mask=___E"":14}"
     82944,         0,         0,    16.4,decoder_by_matrix,3c866087b289edc25e9adea730044a15db18cabfd3ae2507fc844d5b4e03657a,"{""distance"":5,""physical_error_rate"":5e-06}","{""detection_events"":250,""detectors_checked"":14100480}"
    253952,         0,         0,    22.9,decoder_by_matrix,0421d486f8a041838688df650e87c0a19c3450ab7a7cc8b3dc589ebff86d1c74,"{""distance"":5,""physical_error_rate"":0.0001}","{""detection_events"":15220,""detectors_checked"":43171840}"
    263168,         0,         0,    22.9,decoder_by_matrix,fa5edda0c1038186c8afbec49b0215a0b852396cdb50783a3f937fdf51d2afac,"{""distance"":5,""physical_error_rate"":1e-05}","{""detection_events"":1695,""detectors_checked"":44738560}"
    253952,         0,         0,    22.9,decoder_by_matrix,e41ade2e4684e0396b9a3890c882b6453b515d69885aa1d89a26ce21ec554895,"{""distance"":5,""physical_error_rate"":1e-06}","{""detection_events"":190,""detectors_checked"":43171840}"
    217088,         0,         0,    22.9,decoder_by_matrix,9c6baee88fc81e7d1aa345fcb3feec7ee81f21c5d49cb6ca037118097d89e180,"{""distance"":5,""physical_error_rate"":5e-05}","{""detection_events"":6305,""detectors_checked"":36904960}"
    189440,         0,         0,    22.8,decoder_by_matrix,b84cf4b8ca220d31f17e1e2ea9ab927bbc4176b15682c650e7d1dd8f2758172b,"{""distance"":5,""physical_error_rate"":0.0005}","{""detection_events"":52810,""detectors_checked"":32204800}"
    115712,         0,         0,    22.9,decoder_by_matrix,3c866087b289edc25e9adea730044a15db18cabfd3ae2507fc844d5b4e03657a,"{""distance"":5,""physical_error_rate"":5e-06}","{""detection_events"":360,""detectors_checked"":19671040}"
    688128,         0,         0,    62.8,decoder_by_matrix,fa5edda0c1038186c8afbec49b0215a0b852396cdb50783a3f937fdf51d2afac,"{""distance"":5,""physical_error_rate"":1e-05}","{""detection_events"":4045,""detectors_checked"":116981760}"
    655360,         0,         0,    62.7,decoder_by_matrix,0421d486f8a041838688df650e87c0a19c3450ab7a7cc8b3dc589ebff86d1c74,"{""distance"":5,""physical_error_rate"":0.0001}","{""detection_events"":37500,""detectors_checked"":111411200}"
    635904,         0,         0,    62.8,decoder_by_matrix,fa5edda0c1038186c8afbec49b0215a0b852396cdb50783a3f937fdf51d2afac,"{""distance"":5,""physical_error_rate"":1e-05}","{""detection_events"":3410,""detectors_checked"":108103680}"
    342016,         0,         0,    62.9,decoder_by_matrix,9c6baee88fc81e7d1aa345fcb3feec7ee81f21c5d49cb6ca037118097d89e180,"{""distance"":5,""physical_error_rate"":5e-05}","{""detection_events"":9460,""detectors_checked"":58142720}"
    652288,         0,         0,    62.7,decoder_by_matrix,066a5d8d46981b593c3dec855f441edbe9e755a8873183448f69d036a2ecc650,"{""distance"":5,""physical_error_rate"":0.001}","{""detection_events"":371250,""detectors_checked"":110888960}"
    711680,         0,         0,    62.8,decoder_by_matrix,3c866087b289edc25e9adea730044a15db18cabfd3ae2507fc844d5b4e03657a,"{""distance"":5,""physical_error_rate"":5e-06}","{""detection_events"":2615,""detectors_checked"":120985600}"
    667648,         2,         0,    62.8,decoder_by_matrix,066a5d8d46981b593c3dec855f441edbe9e755a8873183448f69d036a2ecc650,"{""distance"":5,""physical_error_rate"":0.001}","{""detection_events"":378795,""detectors_checked"":113500160,""obs_mistake_mask=E__E"":1,""obs_mistake_mask=E___"":1}"
    698368,         0,         0,    62.9,decoder_by_matrix,9c6baee88fc81e7d1aa345fcb3feec7ee81f21c5d49cb6ca037118097d89e180,"{""distance"":5,""physical_error_rate"":5e-05}","{""detection_events"":20300,""detectors_checked"":118722560}"
    651264,         0,         0,    62.8,decoder_by_matrix,b84cf4b8ca220d31f17e1e2ea9ab927bbc4176b15682c650e7d1dd8f2758172b,"{""distance"":5,""physical_error_rate"":0.0005}","{""detection_events"":183200,""detectors_checked"":110714880}"
    590848,         0,         0,    62.9,decoder_by_matrix,e41ade2e4684e0396b9a3890c882b6453b515d69885aa1d89a26ce21ec554895,"{""distance"":5,""physical_error_rate"":1e-06}","{""detection_events"":325,""detectors_checked"":100444160}"
    613376,       130,         0,    62.8,decoder_by_matrix,926aad2e192fb73fc0ac724cdb1e19af2dfa1e49635753b9cefb82507b443f08,"{""distance"":5,""physical_error_rate"":0.005}","{""detection_events"":1705470,""detectors_checked"":104273920,""obs_mistake_mask=EEE_"":3,""obs_mistake_mask=EE_E"":3,""obs_mistake_mask=EE__"":6,""obs_mistake_mask=E_EE"":3,""obs_mistake_mask=E_E_"":1,""obs_mistake_mask=E__E"":14,""obs_mistake_mask=E___"":24,""obs_mistake_mask=_EEE"":6,""obs_mistake_mask=_EE_"":7,""obs_mistake_mask=_E_E"":7,""obs_mistake_mask=_E__"":14,""obs_mistake_mask=__EE"":12,""obs_mistake_mask=__E_"":10,""obs_mistake_mask=___E"":20}"
    336896,         0,         0,    62.9,decoder_by_matrix,b84cf4b8ca220d31f17e1e2ea9ab927bbc4176b15682c650e7d1dd8f2758172b,"{""distance"":5,""physical_error_rate"":0.0005}","{""detection_events"":97955,""detectors_checked"":57272320}"
    648192,         0,         0,    62.8,decoder_by_matrix,fa5edda0c1038186c8afbec49b0215a0b852396cdb50783a3f937fdf51d2afac,"{""distance"":5,""physical_error_rate"":1e-05}","{""detection_events"":3305,""detectors_checked"":110192640}"
    642048,       150,         0,    62.7,decoder_by_matrix,926aad2e192fb73fc0ac724cdb1e19af2dfa1e49635753b9cefb82507b443f08,"{""distance"":5,""physical_error_rate"":0.005}","{""detection_events"":1780070,""detectors_checked"":109148160,""obs_mistake_mask=EEE_"":4,""obs_mistake_mask=EE_E"":6,""obs_mistake_mask=EE__"":14,""obs_mistake_mask=E_EE"":4,""obs_mistake_mask=E_E_"":9,""obs_mistake_mask=E__E"":13,""obs_mistake_mask=E___"":19,""obs_mistake_mask=_EEE"":8,""obs_mistake_mask=_EE_"":7,""obs_mistake_mask=_E_E"":5,""obs_mistake_mask=_E__"":20,""obs_mistake_mask=__EE"":8,""obs_mistake_mask=__E_"":23,""obs_mistake_mask=___E"":10}"
    673792,         0,         0,    62.7,decoder_by_matrix,0421d486f8a041838688df650e87c0a19c3450ab7a7cc8b3dc589ebff86d1c74,"{""distance"":5,""physical_error_rate"":0.0001}","{""detection_events"":38930,""detectors_checked"":114544640}"
    640000,         0,         0,    62.7,decoder_by_matrix,3c866087b289edc25e9adea730044a15db18cabfd3ae2507fc844d5b4e03657a,"{""distance"":5,""physical_error_rate"":5e-06}","{""detection_events"":1795,""detectors_checked"":108800000}"
    446464,         0,         0,    62.7,decoder_by_matrix,3c866087b289edc25e9adea730044a15db18cabfd3ae2507fc844d5b4e03657a,"{""distance"":5,""physical_error_rate"":5e-06}","{""detection_events"":1220,""detectors_checked"":75898880}"
    640000,         0,         0,    62.9,decoder_by_matrix,066a5d8d46981b593c3dec855f441edbe9e755a8873183448f69d036a2ecc650,"{""distance"":5,""physical_error_rate"":0.001}","{""detection_events"":362145,""detectors_checked"":108800000}"
    432128,         0,         0,    62.7,decoder_by_matrix,066a5d8d46981b593c3dec855f441edbe9e755a8873183448f69d036a2ecc650,"{""distance"":5,""physical_error_rate"":0.001}","{""detection_events"":245305,""detectors_checked"":73461760}"
    408576,        99,         0,    62.8,decoder_by_matrix,926aad2e192fb73fc0ac724cdb1e19af2dfa1e49635753b9cefb82507b443f08,"{""distance"":5,""physical_error_rate"":0.005}","{""detection_events"":1139915,""detectors_checked"":69457920,""obs_mistake_mask=EEE_"":3,""obs_mistake_mask=EE_E"":2,""obs_mistake_mask=EE__"":7,""obs_mistake_mask=E_EE"":2,""obs_mistake_mask=E_E_"":10,""obs_mistake_mask=E__E"":10,""obs_mistake_mask=E___"":18,""obs_mistake_mask=_EEE"":10,""obs_mistake_mask=_EE_"":4,""obs_mistake_mask=_E_E"":1,""obs_mistake_mask=_E__"":10,""obs_mistake_mask=__EE"":7,""obs_mistake_mask=__E_"":9,""obs_mistake_mask=___E"":6}"
    579584,         0,         0,    62.9,decoder_by_matrix,3c866087b289edc25e9adea730044a15db18cabfd3ae2507fc844d5b4e03657a,"{""distance"":5,""physical_error_rate"":5e-06}","{""detection_events"":1395,""detectors_checked"":98529280}"
    573440,         0,         0,    62.8,decoder_by_matrix,066a5d8d46981b593c3dec855f441edbe9e755a8873183448f69d036a2ecc650,"{""distance"":5,""physical_error_rate"":0.001}","{""detection_events"":329585,""detectors_checked"":97484800}"
    652288,         0,         0,    62.8,decoder_by_matrix,fa5edda0c1038186c8afbec49b0215a0b852396cdb50783a3f937fdf51d2afac,"{""distance"":5,""physical_error_rate"":1e-05}","{""detection_events"":3535,""detectors_checked"":110888960}"
    712704,         0,         0,    62.8,decoder_by_matrix,e41ade2e4684e0396b9a3890c882b6453b515d69885aa1d89a26ce21ec554895,"{""distance"":5,""physical_error_rate"":1e-06}","{""detection_events"":375,""detectors_checked"":121159680}"
    708608,         0,         0,    62.9,decoder_by_matrix,e41ade2e4684e0396b9a3890c882b6453b515d69885aa1d89a26ce21ec554895,"{""distance"":5,""physical_error_rate"":1e-06}","{""detection_events"":325,""detectors_checked"":120463360}"
    590848,         0,         0,    62.9,decoder_by_matrix,0421d486f8a041838688df650e87c0a19c3450ab7a7cc8b3dc589ebff86d1c74,"{""distance"":5,""physical_error_rate"":0.0001}","{""detection_events"":33725,""detectors_checked"":100444160}"
    641024,         0,         0,    62.7,decoder_by_matrix,0421d486f8a041838688df650e87c0a19c3450ab7a7cc8b3dc589ebff86d1c74,"{""distance"":5,""physical_error_rate"":0.0001}","{""detection_events"":35625,""detectors_checked"":108974080}"
    644096,         0,         0,    62.8,decoder_by_matrix,b84cf4b8ca220d31f17e1e2ea9ab927bbc4176b15682c650e7d1dd8f2758172b,"{""distance"":5,""physical_error_rate"":0.0005}","{""detection_events"":185385,""detectors_checked"":109496320}"
    652288,         0,         0,    62.7,decoder_by_matrix,e41ade2e4684e0396b9a3890c882b6453b515d69885aa1d89a26ce21ec554895,"{""distance"":5,""physical_error_rate"":1e-06}","{""detection_events"":395,""detectors_checked"":110888960}"
    630784,         0,         0,    62.7,decoder_by_matrix,b84cf4b8ca220d31f17e1e2ea9ab927bbc4176b15682c650e7d1dd8f2758172b,"{""distance"":5,""physical_error_rate"":0.0005}","{""detection_events"":181545,""detectors_checked"":107233280}"
    348160,        78,         0,    63.0,decoder_by_matrix,926aad2e192fb73fc0ac724cdb1e19af2dfa1e49635753b9cefb82507b443f08,"{""distance"":5,""physical_error_rate"":0.005}","{""detection_events"":976415,""detectors_checked"":59187200,""obs_mistake_mask=EEE_"":2,""obs_mistake_mask=EE_E"":4,""obs_mistake_mask=EE__"":10,""obs_mistake_mask=E_EE"":1,""obs_mistake_mask=E_E_"":4,""obs_mistake_mask=E__E"":4,""obs_mistake_mask=E___"":15,""obs_mistake_mask=_EEE"":7,""obs_mistake_mask=_EE_"":2,""obs_mistake_mask=_E_E"":8,""obs_mistake_mask=_E__"":5,""obs_mistake_mask=__EE"":2,""obs_mistake_mask=__E_"":4,""obs_mistake_mask=___E"":10}"
    616448,         0,         0,    62.8,decoder_by_matrix,9c6baee88fc81e7d1aa345fcb3feec7ee81f21c5d49cb6ca037118097d89e180,"{""distance"":5,""physical_error_rate"":5e-05}","{""detection_events"":18120,""detectors_checked"":104796160}"
    693248,         0,         0,    62.8,decoder_by_matrix,9c6baee88fc81e7d1aa345fcb3feec7ee81f21c5d49cb6ca037118097d89e180,"{""distance"":5,""physical_error_rate"":5e-05}","{""detection_events"":19285,""detectors_checked"":117852160}"
    630784,         0,         0,    62.7,decoder_by_matrix,0421d486f8a041838688df650e87c0a19c3450ab7a7cc8b3dc589ebff86d1c74,"{""distance"":5,""physical_error_rate"":0.0001}","{""detection_events"":36860,""detectors_checked"":107233280}"
    656384,       130,         0,    62.8,decoder_by_matrix,926aad2e192fb73fc0ac724cdb1e19af2dfa1e49635753b9cefb82507b443f08,"{""distance"":5,""physical_error_rate"":0.005}","{""detection_events"":1826325,""detectors_checked"":111585280,""obs_mistake_mask=EEE_"":3,""obs_mistake_mask=EE_E"":6,""obs_mistake_mask=EE__"":8,""obs_mistake_mask=E_EE"":3,""obs_mistake_mask=E_E_"":10,""obs_mistake_mask=E__E"":12,""obs_mistake_mask=E___"":24,""obs_mistake_mask=_EEE"":7,""obs_mistake_mask=_EE_"":8,""obs_mistake_mask=_E_E"":8,""obs_mistake_mask=_E__"":18,""obs_mistake_mask=__EE"":6,""obs_mistake_mask=__E_"":3,""obs_mistake_mask=___E"":14}"
    692224,         0,         0,    62.8,decoder_by_matrix,3c866087b289edc25e9adea730044a15db18cabfd3ae2507fc844d5b4e03657a,"{""distance"":5,""physical_error_rate"":5e-06}","{""detection_events"":1885,""detectors_checked"":117678080}"
    371712,         0,         0,    63.0,decoder_by_matrix,e41ade2e4684e0396b9a3890c882b6453b515d69885aa1d89a26ce21ec554895,"{""distance"":5,""physical_error_rate"":1e-06}","{""detection_events"":160,""detectors_checked"":63191040}"
    293888,         0,         0,    32.0,decoder_by_matrix,fa5edda0c1038186c8afbec49b0215a0b852396cdb50783a3f937fdf51d2afac,"{""distance"":5,""physical_error_rate"":1e-05}","{""detection_events"":1575,""detectors_checked"":49960960}"
    340992,         0,         0,    32.0,decoder_by_matrix,e41ade2e4684e0396b9a3890c882b6453b515d69885aa1d89a26ce21ec554895,"{""distance"":5,""physical_error_rate"":1e-06}","{""detection_events"":230,""detectors_checked"":57968640}"
    276480,         0,         0,    32.1,decoder_by_matrix,0421d486f8a041838688df650e87c0a19c3450ab7a7cc8b3dc589ebff86d1c74,"{""distance"":5,""physical_error_rate"":0.0001}","{""detection_events"":17025,""detectors_checked"":47001600}"
    340992,         0,         0,    32.0,decoder_by_matrix,9c6baee88fc81e7d1aa345fcb3feec7ee81f21c5d49cb6ca037118097d89e180,"{""distance"":5,""physical_error_rate"":5e-05}","{""detection_events"":9180,""detectors_checked"":57968640}"
    265216,         0,         0,    32.0,decoder_by_matrix,b84cf4b8ca220d31f17e1e2ea9ab927bbc4176b15682c650e7d1dd8f2758172b,"{""distance"":5,""physical_error_rate"":0.0005}","{""detection_events"":74050,""detectors_checked"":45086720}"
    218112,         0,         0,    32.1,decoder_by_matrix,3c866087b289edc25e9adea730044a15db18cabfd3ae2507fc844d5b4e03657a,"{""distance"":5,""physical_error_rate"":5e-06}","{""detection_events"":630,""detectors_checked"":37079040}"
    646144,         1,         0,    62.6,decoder_by_matrix,066a5d8d46981b593c3dec855f441edbe9e755a8873183448f69d036a2ecc650,"{""distance"":5,""physical_error_rate"":0.001}","{""detection_events"":365920,""detectors_checked"":109844480,""obs_mistake_mask=_EE_"":1}"
    579584,         0,         0,    62.8,decoder_by_matrix,fa5edda0c1038186c8afbec49b0215a0b852396cdb50783a3f937fdf51d2afac,"{""distance"":5,""physical_error_rate"":1e-05}","{""detection_events"":3735,""detectors_checked"":98529280}"
    368640,         0,         0,    62.9,decoder_by_matrix,9c6baee88fc81e7d1aa345fcb3feec7ee81f21c5d49cb6ca037118097d89e180,"{""distance"":5,""physical_error_rate"":5e-05}","{""detection_events"":11650,""detectors_checked"":62668800}"
    366592,         0,         0,    62.8,decoder_by_matrix,b84cf4b8ca220d31f17e1e2ea9ab927bbc4176b15682c650e7d1dd8f2758172b,"{""distance"":5,""physical_error_rate"":0.0005}","{""detection_events"":104560,""detectors_checked"":62320640}"
    586752,       152,         0,    62.7,decoder_by_matrix,926aad2e192fb73fc0ac724cdb1e19af2dfa1e49635753b9cefb82507b443f08,"{""distance"":5,""physical_error_rate"":0.005}","{""detection_events"":1635025,""detectors_checked"":99747840,""obs_mistake_mask=EEE_"":8,""obs_mistake_mask=EE_E"":5,""obs_mistake_mask=EE__"":5,""obs_mistake_mask=E_EE"":4,""obs_mistake_mask=E_E_"":11,""obs_mistake_mask=E__E"":13,""obs_mistake_mask=E___"":35,""obs_mistake_mask=_EEE"":11,""obs_mistake_mask=_EE_"":6,""obs_mistake_mask=_E_E"":5,""obs_mistake_mask=_E__"":13,""obs_mistake_mask=__EE"":10,""obs_mistake_mask=__E_"":12,""obs_mistake_mask=___E"":14}"
    490496,         0,         0,    44.7,decoder_by_matrix,e41ade2e4684e0396b9a3890c882b6453b515d69885aa1d89a26ce21ec554895,"{""distance"":5,""physical_error_rate"":1e-06}","{""detection_events"":280,""detectors_checked"":83384320}"
    431104,         0,         0,    44.8,decoder_by_matrix,0421d486f8a041838688df650e87c0a19c3450ab7a7cc8b3dc589ebff86d1c74,"{""distance"":5,""physical_error_rate"":0.0001}","{""detection_events"":25030,""detectors_checked"":73287680}"
    445440,         0,         0,    44.9,decoder_by_matrix,fa5edda0c1038186c8afbec49b0215a0b852396cdb50783a3f937fdf51d2afac,"{""distance"":5,""physical_error_rate"":1e-05}","{""detection_events"":2745,""detectors_checked"":75724800}"
    445440,         0,         0,    44.8,decoder_by_matrix,9c6baee88fc81e7d1aa345fcb3feec7ee81f21c5d49cb6ca037118097d89e180,"{""distance"":5,""physical_error_rate"":5e-05}","{""detection_events"":13525,""detectors_checked"":75724800}"
    394240,         0,         0,    44.9,decoder_by_matrix,b84cf4b8ca220d31f17e1e2ea9ab927bbc4176b15682c650e7d1dd8f2758172b,"{""distance"":5,""physical_error_rate"":0.0005}","{""detection_events"":109845,""detectors_checked"":67020800}"
    348160,         0,         0,    44.9,decoder_by_matrix,3c866087b289edc25e9adea730044a15db18cabfd3ae2507fc844d5b4e03657a,"{""distance"":5,""physical_error_rate"":5e-06}","{""detection_events"":850,""detectors_checked"":59187200}"
    977920,         0,         0,    87.9,decoder_by_matrix,fa5edda0c1038186c8afbec49b0215a0b852396cdb50783a3f937fdf51d2afac,"{""distance"":5,""physical_error_rate"":1e-05}","{""detection_events"":4995,""detectors_checked"":166246400}"
    950272,         0,         0,    87.8,decoder_by_matrix,0421d486f8a041838688df650e87c0a19c3450ab7a7cc8b3dc589ebff86d1c74,"{""distance"":5,""physical_error_rate"":0.0001}","{""detection_events"":56390,""detectors_checked"":161546240}"
    840704,         0,         0,    87.9,decoder_by_matrix,fa5edda0c1038186c8afbec49b0215a0b852396cdb50783a3f937fdf51d2afac,"{""distance"":5,""physical_error_rate"":1e-05}","{""detection_events"":4915,""detectors_checked"":142919680}"
    667648,         0,         0,    87.6,decoder_by_matrix,9c6baee88fc81e7d1aa345fcb3feec7ee81f21c5d49cb6ca037118097d89e180,"{""distance"":5,""physical_error_rate"":5e-05}","{""detection_events"":19095,""detectors_checked"":113500160}"
    921600,         3,         0,    87.8,decoder_by_matrix,066a5d8d46981b593c3dec855f441edbe9e755a8873183448f69d036a2ecc650,"{""distance"":5,""physical_error_rate"":0.001}","{""detection_events"":522715,""detectors_checked"":156672000,""obs_mistake_mask=E___"":3}"
    945152,         0,         0,    87.9,decoder_by_matrix,3c866087b289edc25e9adea730044a15db18cabfd3ae2507fc844d5b4e03657a,"{""distance"":5,""physical_error_rate"":5e-06}","{""detection_events"":2675,""detectors_checked"":160675840}"
    780288,         4,         0,    88.0,decoder_by_matrix,066a5d8d46981b593c3dec855f441edbe9e755a8873183448f69d036a2ecc650,"{""distance"":5,""physical_error_rate"":0.001}","{""detection_events"":447410,""detectors_checked"":132648960,""obs_mistake_mask=E___"":4}"
    935936,         0,         0,    87.9,decoder_by_matrix,9c6baee88fc81e7d1aa345fcb3feec7ee81f21c5d49cb6ca037118097d89e180,"{""distance"":5,""physical_error_rate"":5e-05}","{""detection_events"":26685,""detectors_checked"":159109120}"
    924672,         0,         0,    87.8,decoder_by_matrix,b84cf4b8ca220d31f17e1e2ea9ab927bbc4176b15682c650e7d1dd8f2758172b,"{""distance"":5,""physical_error_rate"":0.0005}","{""detection_events"":263585,""detectors_checked"":157194240}"
    978944,         0,         0,    87.9,decoder_by_matrix,e41ade2e4684e0396b9a3890c882b6453b515d69885aa1d89a26ce21ec554895,"{""distance"":5,""physical_error_rate"":1e-06}","{""detection_events"":590,""detectors_checked"":166420480}"
    865280,       196,         0,    87.8,decoder_by_matrix,926aad2e192fb73fc0ac724cdb1e19af2dfa1e49635753b9cefb82507b443f08,"{""distance"":5,""physical_error_rate"":0.005}","{""detection_events"":2398755,""detectors_checked"":147097600,""obs_mistake_mask=EEE_"":5,""obs_mistake_mask=EE_E"":1,""obs_mistake_mask=EE__"":20,""obs_mistake_mask=E_EE"":10,""obs_mistake_mask=E_E_"":14,""obs_mistake_mask=E__E"":13,""obs_mistake_mask=E___"":27,""obs_mistake_mask=_EEE"":11,""obs_mistake_mask=_EE_"":4,""obs_mistake_mask=_E_E"":14,""obs_mistake_mask=_E__"":26,""obs_mistake_mask=__EE"":10,""obs_mistake_mask=__E_"":19,""obs_mistake_mask=___E"":22}"
    834560,         0,         0,    88.0,decoder_by_matrix,fa5edda0c1038186c8afbec49b0215a0b852396cdb50783a3f937fdf51d2afac,"{""distance"":5,""physical_error_rate"":1e-05}","{""detection_events"":4605,""detectors_checked"":141875200}"
    730112,         0,         0,    88.0,decoder_by_matrix,b84cf4b8ca220d31f17e1e2ea9ab927bbc4176b15682c650e7d1dd8f2758172b,"{""distance"":5,""physical_error_rate"":0.0005}","{""detection_events"":206100,""detectors_checked"":124119040}"
    754688,       219,         0,    87.7,decoder_by_matrix,926aad2e192fb73fc0ac724cdb1e19af2dfa1e49635753b9cefb82507b443f08,"{""distance"":5,""physical_error_rate"":0.005}","{""detection_events"":2097815,""detectors_checked"":128296960,""obs_mistake_mask=EEE_"":10,""obs_mistake_mask=EE_E"":2,""obs_mistake_mask=EE__"":16,""obs_mistake_mask=E_EE"":4,""obs_mistake_mask=E_E_"":15,""obs_mistake_mask=E__E"":13,""obs_mistake_mask=E___"":39,""obs_mistake_mask=_EEE"":17,""obs_mistake_mask=_EE_"":14,""obs_mistake_mask=_E_E"":11,""obs_mistake_mask=_E__"":20,""obs_mistake_mask=__EE"":12,""obs_mistake_mask=__E_"":27,""obs_mistake_mask=___E"":19}"
    936960,         0,         0,    87.9,decoder_by_matrix,0421d486f8a041838688df650e87c0a19c3450ab7a7cc8b3dc589ebff86d1c74,"{""distance"":5,""physical_error_rate"":0.0001}","{""detection_events"":53215,""detectors_checked"":159283200}"
    843776,         0,         0,    87.7,decoder_by_matrix,3c866087b289edc25e9adea730044a15db18cabfd3ae2507fc844d5b4e03657a,"{""distance"":5,""physical_error_rate"":5e-06}","{""detection_events"":2345,""detectors_checked"":143441920}"
    959488,         0,         0,    87.8,decoder_by_matrix,3c866087b289edc25e9adea730044a15db18cabfd3ae2507fc844d5b4e03657a,"{""distance"":5,""physical_error_rate"":5e-06}","{""detection_events"":3170,""detectors_checked"":163112960}"
    785408,         3,         0,    87.9,decoder_by_matrix,066a5d8d46981b593c3dec855f441edbe9e755a8873183448f69d036a2ecc650,"{""distance"":5,""physical_error_rate"":0.001}","{""detection_events"":449620,""detectors_checked"":133519360,""obs_mistake_mask=E___"":1,""obs_mistake_mask=_E__"":1,""obs_mistake_mask=___E"":1}"
    703488,         4,         0,    87.7,decoder_by_matrix,066a5d8d46981b593c3dec855f441edbe9e755a8873183448f69d036a2ecc650,"{""distance"":5,""physical_error_rate"":0.001}","{""detection_events"":403220,""detectors_checked"":119592960,""obs_mistake_mask=_E__"":3,""obs_mistake_mask=__E_"":1}"
    860160,         0,         0,    87.8,decoder_by_matrix,3c866087b289edc25e9adea730044a15db18cabfd3ae2507fc844d5b4e03657a,"{""distance"":5,""physical_error_rate"":5e-06}","{""detection_events"":2350,""detectors_checked"":146227200}"
    869376,       212,         0,    87.6,decoder_by_matrix,926aad2e192fb73fc0ac724cdb1e19af2dfa1e49635753b9cefb82507b443f08,"{""distance"":5,""physical_error_rate"":0.005}","{""detection_events"":2424990,""detectors_checked"":147793920,""obs_mistake_mask=EEE_"":6,""obs_mistake_mask=EE_E"":5,""obs_mistake_mask=EE__"":9,""obs_mistake_mask=E_EE"":3,""obs_mistake_mask=E_E_"":13,""obs_mistake_mask=E__E"":16,""obs_mistake_mask=E___"":47,""obs_mistake_mask=_EEE"":11,""obs_mistake_mask=_EE_"":13,""obs_mistake_mask=_E_E"":9,""obs_mistake_mask=_E__"":15,""obs_mistake_mask=__EE"":17,""obs_mistake_mask=__E_"":24,""obs_mistake_mask=___E"":24}"
    741376,         1,         0,    87.9,decoder_by_matrix,066a5d8d46981b593c3dec855f441edbe9e755a8873183448f69d036a2ecc650,"{""distance"":5,""physical_error_rate"":0.001}","{""detection_events"":416815,""detectors_checked"":126033920,""obs_mistake_mask=___E"":1}"
    844800,         0,         0,    88.0,decoder_by_matrix,fa5edda0c1038186c8afbec49b0215a0b852396cdb50783a3f937fdf51d2afac,"{""distance"":5,""physical_error_rate"":1e-05}","{""detection_events"":4870,""detectors_checked"":143616000}"
    921600,         0,         0,    87.9,decoder_by_matrix,e41ade2e4684e0396b9a3890c882b6453b515d69885aa1d89a26ce21ec554895,"{""distance"":5,""physical_error_rate"":1e-06}","{""detection_events"":565,""detectors_checked"":156672000}"
    971776,         0,         0,    87.7,decoder_by_matrix,e41ade2e4684e0396b9a3890c882b6453b515d69885aa1d89a26ce21ec554895,"{""distance"":5,""physical_error_rate"":1e-06}","{""detection_events"":435,""detectors_checked"":165201920}"
    769024,         0,         0,    87.9,decoder_by_matrix,0421d486f8a041838688df650e87c0a19c3450ab7a7cc8b3dc589ebff86d1c74,"{""distance"":5,""physical_error_rate"":0.0001}","{""detection_events"":44170,""detectors_checked"":130734080}"
    827392,         0,         0,    87.9,decoder_by_matrix,0421d486f8a041838688df650e87c0a19c3450ab7a7cc8b3dc589ebff86d1c74,"{""distance"":5,""physical_error_rate"":0.0001}","{""detection_events"":48690,""detectors_checked"":140656640}"
    894976,         0,         0,    87.9,decoder_by_matrix,b84cf4b8ca220d31f17e1e2ea9ab927bbc4176b15682c650e7d1dd8f2758172b,"{""distance"":5,""physical_error_rate"":0.0005}","{""detection_events"":257605,""detectors_checked"":152145920}"
    826368,         0,         0,    87.9,decoder_by_matrix,e41ade2e4684e0396b9a3890c882b6453b515d69885aa1d89a26ce21ec554895,"{""distance"":5,""physical_error_rate"":1e-06}","{""detection_events"":510,""detectors_checked"":140482560}"
    790528,         0,         0,    88.0,decoder_by_matrix,b84cf4b8ca220d31f17e1e2ea9ab927bbc4176b15682c650e7d1dd8f2758172b,"{""distance"":5,""physical_error_rate"":0.0005}","{""detection_events"":226080,""detectors_checked"":134389760}"
    691200,       188,         0,    87.8,decoder_by_matrix,926aad2e192fb73fc0ac724cdb1e19af2dfa1e49635753b9cefb82507b443f08,"{""distance"":5,""physical_error_rate"":0.005}","{""detection_events"":1935275,""detectors_checked"":117504000,""obs_mistake_mask=EEE_"":3,""obs_mistake_mask=EE_E"":4,""obs_mistake_mask=EE__"":12,""obs_mistake_mask=E_EE"":5,""obs_mistake_mask=E_E_"":13,""obs_mistake_mask=E__E"":15,""obs_mistake_mask=E___"":44,""obs_mistake_mask=_EEE"":9,""obs_mistake_mask=_EE_"":6,""obs_mistake_mask=_E_E"":10,""obs_mistake_mask=_E__"":11,""obs_mistake_mask=__EE"":13,""obs_mistake_mask=__E_"":19,""obs_mistake_mask=___E"":24}"
    769024,         0,         0,    87.8,decoder_by_matrix,9c6baee88fc81e7d1aa345fcb3feec7ee81f21c5d49cb6ca037118097d89e180,"{""distance"":5,""physical_error_rate"":5e-05}","{""detection_events"":21885,""detectors_checked"":130734080}"
    878592,         0,         0,    87.9,decoder_by_matrix,9c6baee88fc81e7d1aa345fcb3feec7ee81f21c5d49cb6ca037118097d89e180,"{""distance"":5,""physical_error_rate"":5e-05}","{""detection_events"":25485,""detectors_checked"":149360640}"
    776192,         0,         0,    87.8,decoder_by_matrix,0421d486f8a041838688df650e87c0a19c3450ab7a7cc8b3dc589ebff86d1c74,"{""distance"":5,""physical_error_rate"":0.0001}","{""detection_events"":43680,""detectors_checked"":131952640}"
    849920,       212,         0,    87.7,decoder_by_matrix,926aad2e192fb73fc0ac724cdb1e19af2dfa1e49635753b9cefb82507b443f08,"{""distance"":5,""physical_error_rate"":0.005}","{""detection_events"":2365760,""detectors_checked"":144486400,""obs_mistake_mask=EEE_"":2,""obs_mistake_mask=EE_E"":4,""obs_mistake_mask=EE__"":15,""obs_mistake_mask=E_EE"":8,""obs_mistake_mask=E_E_"":7,""obs_mistake_mask=E__E"":17,""obs_mistake_mask=E___"":39,""obs_mistake_mask=_EEE"":13,""obs_mistake_mask=_EE_"":8,""obs_mistake_mask=_E_E"":11,""obs_mistake_mask=_E__"":24,""obs_mistake_mask=__EE"":16,""obs_mistake_mask=__E_"":33,""obs_mistake_mask=___E"":15}"
    754688,         0,         0,    87.8,decoder_by_matrix,3c866087b289edc25e9adea730044a15db18cabfd3ae2507fc844d5b4e03657a,"{""distance"":5,""physical_error_rate"":5e-06}","{""detection_events"":2435,""detectors_checked"":128296960}"
    783360,         0,         0,    87.9,decoder_by_matrix,e41ade2e4684e0396b9a3890c882b6453b515d69885aa1d89a26ce21ec554895,"{""distance"":5,""physical_error_rate"":1e-06}","{""detection_events"":460,""detectors_checked"":133171200}"
    731136,         2,         0,    87.9,decoder_by_matrix,066a5d8d46981b593c3dec855f441edbe9e755a8873183448f69d036a2ecc650,"{""distance"":5,""physical_error_rate"":0.001}","{""detection_events"":411025,""detectors_checked"":124293120,""obs_mistake_mask=EE__"":1,""obs_mistake_mask=E_E_"":1}"
    797696,         0,         0,    87.9,decoder_by_matrix,fa5edda0c1038186c8afbec49b0215a0b852396cdb50783a3f937fdf51d2afac,"{""distance"":5,""physical_error_rate"":1e-05}","{""detection_events"":4500,""detectors_checked"":135608320}"
    696320,         0,         0,    87.8,decoder_by_matrix,9c6baee88fc81e7d1aa345fcb3feec7ee81f21c5d49cb6ca037118097d89e180,"{""distance"":5,""physical_error_rate"":5e-05}","{""detection_events"":19705,""detectors_checked"":118374400}"
    708608,         0,         0,    87.9,decoder_by_matrix,b84cf4b8ca220d31f17e1e2ea9ab927bbc4176b15682c650e7d1dd8f2758172b,"{""distance"":5,""physical_error_rate"":0.0005}","{""detection_events"":203060,""detectors_checked"":120463360}"
    775168,       173,         0,    87.7,decoder_by_matrix,926aad2e192fb73fc0ac724cdb1e19af2dfa1e49635753b9cefb82507b443f08,"{""distance"":5,""physical_error_rate"":0.005}","{""detection_events"":2148455,""detectors_checked"":131778560,""obs_mistake_mask=EEE_"":2,""obs_mistake_mask=EE_E"":8,""obs_mistake_mask=EE__"":9,""obs_mistake_mask=E_EE"":6,""obs_mistake_mask=E_E_"":10,""obs_mistake_mask=E__E"":12,""obs_mistake_mask=E___"":25,""obs_mistake_mask=_EEE"":13,""obs_mistake_mask=_EE_"":8,""obs_mistake_mask=_E_E"":19,""obs_mistake_mask=_E__"":22,""obs_mistake_mask=__EE"":8,""obs_mistake_mask=__E_"":18,""obs_mistake_mask=___E"":13}"
    686080,         0,         0,    62.8,decoder_by_matrix,e41ade2e4684e0396b9a3890c882b6453b515d69885aa1d89a26ce21ec554895,"{""distance"":5,""physical_error_rate"":1e-06}","{""detection_events"":360,""detectors_checked"":116633600}"
    545792,         0,         0,    62.8,decoder_by_matrix,fa5edda0c1038186c8afbec49b0215a0b852396cdb50783a3f937fdf51d2afac,"{""distance"":5,""physical_error_rate"":1e-05}","{""detection_events"":3525,""detectors_checked"":92784640}"
    541696,         0,         0,    62.8,decoder_by_matrix,0421d486f8a041838688df650e87c0a19c3450ab7a7cc8b3dc589ebff86d1c74,"{""distance"":5,""physical_error_rate"":0.0001}","{""detection_events"":32130,""detectors_checked"":92088320}"
    521216,         0,         0,    62.7,decoder_by_matrix,9c6baee88fc81e7d1aa345fcb3feec7ee81f21c5d49cb6ca037118097d89e180,"{""distance"":5,""physical_error_rate"":5e-05}","{""detection_events"":14390,""detectors_checked"":88606720}"
    518144,         0,         0,    62.8,decoder_by_matrix,b84cf4b8ca220d31f17e1e2ea9ab927bbc4176b15682c650e7d1dd8f2758172b,"{""distance"":5,""physical_error_rate"":0.0005}","{""detection_events"":146055,""detectors_checked"":88084480}"
    557056,         0,         0,    62.9,decoder_by_matrix,3c866087b289edc25e9adea730044a15db18cabfd3ae2507fc844d5b4e03657a,"{""distance"":5,""physical_error_rate"":5e-06}","{""detection_events"":1525,""detectors_checked"":94699520}"
   1321984,         0,         0,   119.5,decoder_by_matrix,fa5edda0c1038186c8afbec49b0215a0b852396cdb50783a3f937fdf51d2afac,"{""distance"":5,""physical_error_rate"":1e-05}","{""detection_events"":7055,""detectors_checked"":224737280}"
   1304576,         0,         0,   119.4,decoder_by_matrix,0421d486f8a041838688df650e87c0a19c3450ab7a7cc8b3dc589ebff86d1c74,"{""distance"":5,""physical_error_rate"":0.0001}","{""detection_events"":74950,""detectors_checked"":221777920}"
   1032192,         0,         0,   119.5,decoder_by_matrix,fa5edda0c1038186c8afbec49b0215a0b852396cdb50783a3f937fdf51d2afac,"{""distance"":5,""physical_error_rate"":1e-05}","{""detection_events"":5220,""detectors_checked"":175472640}"
   1047552,         0,         0,   119.4,decoder_by_matrix,9c6baee88fc81e7d1aa345fcb3feec7ee81f21c5d49cb6ca037118097d89e180,"{""distance"":5,""physical_error_rate"":5e-05}","{""detection_events"":30115,""detectors_checked"":178083840}"
   1264640,         4,         0,   119.5,decoder_by_matrix,066a5d8d46981b593c3dec855f441edbe9e755a8873183448f69d036a2ecc650,"{""distance"":5,""physical_error_rate"":0.001}","{""detection_events"":715465,""detectors_checked"":214988800,""obs_mistake_mask=E_E_"":2,""obs_mistake_mask=_EEE"":1,""obs_mistake_mask=__EE"":1}"
    741376,         0,         0,    87.8,decoder_by_matrix,0421d486f8a041838688df650e87c0a19c3450ab7a7cc8b3dc589ebff86d1c74,"{""distance"":5,""physical_error_rate"":0.0001}","{""detection_events"":39940,""detectors_checked"":126033920}"
    864256,         0,         0,    87.9,decoder_by_matrix,e41ade2e4684e0396b9a3890c882b6453b515d69885aa1d89a26ce21ec554895,"{""distance"":5,""physical_error_rate"":1e-06}","{""detection_events"":535,""detectors_checked"":146923520}"
    828416,         0,         0,    88.0,decoder_by_matrix,fa5edda0c1038186c8afbec49b0215a0b852396cdb50783a3f937fdf51d2afac,"{""distance"":5,""physical_error_rate"":1e-05}","{""detection_events"":4920,""detectors_checked"":140830720}"
    736256,         0,         0,    87.8,decoder_by_matrix,9c6baee88fc81e7d1aa345fcb3feec7ee81f21c5d49cb6ca037118097d89e180,"{""distance"":5,""physical_error_rate"":5e-05}","{""detection_events"":21615,""detectors_checked"":125163520}"
   1298432,         0,         0,   119.6,decoder_by_matrix,3c866087b289edc25e9adea730044a15db18cabfd3ae2507fc844d5b4e03657a,"{""distance"":5,""physical_error_rate"":5e-06}","{""detection_events"":3895,""detectors_checked"":220733440}"
    734208,         1,         0,    87.8,decoder_by_matrix,b84cf4b8ca220d31f17e1e2ea9ab927bbc4176b15682c650e7d1dd8f2758172b,"{""distance"":5,""physical_error_rate"":0.0005}","{""detection_events"":208150,""detectors_checked"":124815360,""obs_mistake_mask=E___"":1}"
    759808,         0,         0,    87.8,decoder_by_matrix,3c866087b289edc25e9adea730044a15db18cabfd3ae2507fc844d5b4e03657a,"{""distance"":5,""physical_error_rate"":5e-06}","{""detection_events"":1960,""detectors_checked"":129167360}"
   1014784,         0,         0,   119.5,decoder_by_matrix,066a5d8d46981b593c3dec855f441edbe9e755a8873183448f69d036a2ecc650,"{""distance"":5,""physical_error_rate"":0.001}","{""detection_events"":573010,""detectors_checked"":172513280}"
   1190912,         0,         0,   119.5,decoder_by_matrix,9c6baee88fc81e7d1aa345fcb3feec7ee81f21c5d49cb6ca037118097d89e180,"{""distance"":5,""physical_error_rate"":5e-05}","{""detection_events"":34055,""detectors_checked"":202455040}"
   1206272,         1,         0,   119.4,decoder_by_matrix,b84cf4b8ca220d31f17e1e2ea9ab927bbc4176b15682c650e7d1dd8f2758172b,"{""distance"":5,""physical_error_rate"":0.0005}","{""detection_events"":340045,""detectors_checked"":205066240,""obs_mistake_mask=E___"":1}"
   1285120,         0,         0,   119.6,decoder_by_matrix,e41ade2e4684e0396b9a3890c882b6453b515d69885aa1d89a26ce21ec554895,"{""distance"":5,""physical_error_rate"":1e-06}","{""detection_events"":760,""detectors_checked"":218470400}"
   1233920,       325,         0,   119.4,decoder_by_matrix,926aad2e192fb73fc0ac724cdb1e19af2dfa1e49635753b9cefb82507b443f08,"{""distance"":5,""physical_error_rate"":0.005}","{""detection_events"":3447400,""detectors_checked"":209766400,""obs_mistake_mask=EEE_"":6,""obs_mistake_mask=EE_E"":10,""obs_mistake_mask=EE__"":25,""obs_mistake_mask=E_EE"":7,""obs_mistake_mask=E_E_"":19,""obs_mistake_mask=E__E"":27,""obs_mistake_mask=E___"":56,""obs_mistake_mask=_EEE"":17,""obs_mistake_mask=_EE_"":15,""obs_mistake_mask=_E_E"":18,""obs_mistake_mask=_E__"":35,""obs_mistake_mask=__EE"":16,""obs_mistake_mask=__E_"":25,""obs_mistake_mask=___E"":49}"
   1091584,         0,         0,   119.5,decoder_by_matrix,fa5edda0c1038186c8afbec49b0215a0b852396cdb50783a3f937fdf51d2afac,"{""distance"":5,""physical_error_rate"":1e-05}","{""detection_events"":5045,""detectors_checked"":185569280}"
   1226752,         0,         0,   119.5,decoder_by_matrix,b84cf4b8ca220d31f17e1e2ea9ab927bbc4176b15682c650e7d1dd8f2758172b,"{""distance"":5,""physical_error_rate"":0.0005}","{""detection_events"":345055,""detectors_checked"":208547840}"
   1275904,         0,         0,   119.6,decoder_by_matrix,0421d486f8a041838688df650e87c0a19c3450ab7a7cc8b3dc589ebff86d1c74,"{""distance"":5,""physical_error_rate"":0.0001}","{""detection_events"":75410,""detectors_checked"":216903680}"
   1025024,       245,         0,   119.4,decoder_by_matrix,926aad2e192fb73fc0ac724cdb1e19af2dfa1e49635753b9cefb82507b443f08,"{""distance"":5,""physical_error_rate"":0.005}","{""detection_events"":2859130,""detectors_checked"":174254080,""obs_mistake_mask=EEE_"":5,""obs_mistake_mask=EE_E"":7,""obs_mistake_mask=EE__"":26,""obs_mistake_mask=E_EE"":2,""obs_mistake_mask=E_E_"":12,""obs_mistake_mask=E__E"":10,""obs_mistake_mask=E___"":38,""obs_mistake_mask=_EEE"":15,""obs_mistake_mask=_EE_"":21,""obs_mistake_mask=_E_E"":11,""obs_mistake_mask=_E__"":25,""obs_mistake_mask=__EE"":15,""obs_mistake_mask=__E_"":23,""obs_mistake_mask=___E"":35}"
   1253376,         0,         0,   119.6,decoder_by_matrix,3c866087b289edc25e9adea730044a15db18cabfd3ae2507fc844d5b4e03657a,"{""distance"":5,""physical_error_rate"":5e-06}","{""detection_events"":3690,""detectors_checked"":213073920}"
   1130496,         0,         0,   119.5,decoder_by_matrix,3c866087b289edc25e9adea730044a15db18cabfd3ae2507fc844d5b4e03657a,"{""distance"":5,""physical_error_rate"":5e-06}","{""detection_events"":3300,""detectors_checked"":192184320}"
   1012736,         0,         0,   119.5,decoder_by_matrix,066a5d8d46981b593c3dec855f441edbe9e755a8873183448f69d036a2ecc650,"{""distance"":5,""physical_error_rate"":0.001}","{""detection_events"":573185,""detectors_checked"":172165120}"
   1005568,         0,         0,   119.6,decoder_by_matrix,066a5d8d46981b593c3dec855f441edbe9e755a8873183448f69d036a2ecc650,"{""distance"":5,""physical_error_rate"":0.001}","{""detection_events"":574010,""detectors_checked"":170946560}"
   1064960,       256,         0,   119.5,decoder_by_matrix,926aad2e192fb73fc0ac724cdb1e19af2dfa1e49635753b9cefb82507b443f08,"{""distance"":5,""physical_error_rate"":0.005}","{""detection_events"":2952035,""detectors_checked"":181043200,""obs_mistake_mask=EEE_"":5,""obs_mistake_mask=EE_E"":9,""obs_mistake_mask=EE__"":17,""obs_mistake_mask=E_EE"":11,""obs_mistake_mask=E_E_"":20,""obs_mistake_mask=E__E"":19,""obs_mistake_mask=E___"":46,""obs_mistake_mask=_EEE"":15,""obs_mistake_mask=_EE_"":14,""obs_mistake_mask=_E_E"":8,""obs_mistake_mask=_E__"":26,""obs_mistake_mask=__EE"":15,""obs_mistake_mask=__E_"":25,""obs_mistake_mask=___E"":26}"
   1177600,         0,         0,   119.5,decoder_by_matrix,3c866087b289edc25e9adea730044a15db18cabfd3ae2507fc844d5b4e03657a,"{""distance"":5,""physical_error_rate"":5e-06}","{""detection_events"":3120,""detectors_checked"":200192000}"
   1029120,         0,         0,   119.5,decoder_by_matrix,066a5d8d46981b593c3dec855f441edbe9e755a8873183448f69d036a2ecc650,"{""distance"":5,""physical_error_rate"":0.001}","{""detection_events"":585765,""detectors_checked"":174950400}"
   1069056,         0,         0,   119.6,decoder_by_matrix,e41ade2e4684e0396b9a3890c882b6453b515d69885aa1d89a26ce21ec554895,"{""distance"":5,""physical_error_rate"":1e-06}","{""detection_events"":610,""detectors_checked"":181739520}"
   1006592,         0,         0,   119.6,decoder_by_matrix,fa5edda0c1038186c8afbec49b0215a0b852396cdb50783a3f937fdf51d2afac,"{""distance"":5,""physical_error_rate"":1e-05}","{""detection_events"":5560,""detectors_checked"":171120640}"
   1331200,         0,         0,   119.5,decoder_by_matrix,e41ade2e4684e0396b9a3890c882b6453b515d69885aa1d89a26ce21ec554895,"{""distance"":5,""physical_error_rate"":1e-06}","{""detection_events"":870,""detectors_checked"":226304000}"
    976896,         0,         0,   119.6,decoder_by_matrix,0421d486f8a041838688df650e87c0a19c3450ab7a7cc8b3dc589ebff86d1c74,"{""distance"":5,""physical_error_rate"":0.0001}","{""detection_events"":54500,""detectors_checked"":166072320}"
   1011712,         0,         0,   119.4,decoder_by_matrix,0421d486f8a041838688df650e87c0a19c3450ab7a7cc8b3dc589ebff86d1c74,"{""distance"":5,""physical_error_rate"":0.0001}","{""detection_events"":58230,""detectors_checked"":171991040}"
   1259520,         0,         0,   119.4,decoder_by_matrix,b84cf4b8ca220d31f17e1e2ea9ab927bbc4176b15682c650e7d1dd8f2758172b,"{""distance"":5,""physical_error_rate"":0.0005}","{""detection_events"":359400,""detectors_checked"":214118400}"
   1100800,         0,         0,   119.5,decoder_by_matrix,e41ade2e4684e0396b9a3890c882b6453b515d69885aa1d89a26ce21ec554895,"{""distance"":5,""physical_error_rate"":1e-06}","{""detection_events"":505,""detectors_checked"":187136000}"
   1280000,         0,         0,   119.4,decoder_by_matrix,b84cf4b8ca220d31f17e1e2ea9ab927bbc4176b15682c650e7d1dd8f2758172b,"{""distance"":5,""physical_error_rate"":0.0005}","{""detection_events"":361240,""detectors_checked"":217600000}"
   1005568,       221,         0,   119.3,decoder_by_matrix,926aad2e192fb73fc0ac724cdb1e19af2dfa1e49635753b9cefb82507b443f08,"{""distance"":5,""physical_error_rate"":0.005}","{""detection_events"":2798830,""detectors_checked"":170946560,""obs_mistake_mask=EEE_"":8,""obs_mistake_mask=EE_E"":6,""obs_mistake_mask=EE__"":19,""obs_mistake_mask=E_EE"":4,""obs_mistake_mask=E_E_"":11,""obs_mistake_mask=E__E"":17,""obs_mistake_mask=E___"":42,""obs_mistake_mask=_EEE"":11,""obs_mistake_mask=_EE_"":9,""obs_mistake_mask=_E_E"":15,""obs_mistake_mask=_E__"":18,""obs_mistake_mask=__EE"":11,""obs_mistake_mask=__E_"":24,""obs_mistake_mask=___E"":26}"
   1189888,         0,         0,   119.4,decoder_by_matrix,9c6baee88fc81e7d1aa345fcb3feec7ee81f21c5d49cb6ca037118097d89e180,"{""distance"":5,""physical_error_rate"":5e-05}","{""detection_events"":34830,""detectors_checked"":202280960}"
   1153024,         0,         0,   119.7,decoder_by_matrix,9c6baee88fc81e7d1aa345fcb3feec7ee81f21c5d49cb6ca037118097d89e180,"{""distance"":5,""physical_error_rate"":5e-05}","{""detection_events"":34355,""detectors_checked"":196014080}"
   1058816,         0,         0,   119.6,decoder_by_matrix,0421d486f8a041838688df650e87c0a19c3450ab7a7cc8b3dc589ebff86d1c74,"{""distance"":5,""physical_error_rate"":0.0001}","{""detection_events"":61070,""detectors_checked"":179998720}"
   1107968,       269,         0,   119.4,decoder_by_matrix,926aad2e192fb73fc0ac724cdb1e19af2dfa1e49635753b9cefb82507b443f08,"{""distance"":5,""physical_error_rate"":0.005}","{""detection_events"":3085845,""detectors_checked"":188354560,""obs_mistake_mask=EEE_"":9,""obs_mistake_mask=EE_E"":8,""obs_mistake_mask=EE__"":17,""obs_mistake_mask=E_EE"":7,""obs_mistake_mask=E_E_"":13,""obs_mistake_mask=E__E"":18,""obs_mistake_mask=E___"":51,""obs_mistake_mask=_EEE"":20,""obs_mistake_mask=_EE_"":9,""obs_mistake_mask=_E_E"":7,""obs_mistake_mask=_E__"":30,""obs_mistake_mask=__EE"":22,""obs_mistake_mask=__E_"":31,""obs_mistake_mask=___E"":27}"
   1008640,         0,         0,   119.4,decoder_by_matrix,3c866087b289edc25e9adea730044a15db18cabfd3ae2507fc844d5b4e03657a,"{""distance"":5,""physical_error_rate"":5e-06}","{""detection_events"":2600,""detectors_checked"":171468800}"
   1110016,         0,         0,   119.6,decoder_by_matrix,e41ade2e4684e0396b9a3890c882b6453b515d69885aa1d89a26ce21ec554895,"{""distance"":5,""physical_error_rate"":1e-06}","{""detection_events"":790,""detectors_checked"":188702720}"
   1197056,         2,         0,   119.5,decoder_by_matrix,066a5d8d46981b593c3dec855f441edbe9e755a8873183448f69d036a2ecc650,"{""distance"":5,""physical_error_rate"":0.001}","{""detection_events"":682440,""detectors_checked"":203499520,""obs_mistake_mask=EE__"":1,""obs_mistake_mask=E__E"":1}"
   1122304,         0,         0,   119.6,decoder_by_matrix,fa5edda0c1038186c8afbec49b0215a0b852396cdb50783a3f937fdf51d2afac,"{""distance"":5,""physical_error_rate"":1e-05}","{""detection_events"":7690,""detectors_checked"":190791680}"
   1115136,         0,         0,   119.4,decoder_by_matrix,9c6baee88fc81e7d1aa345fcb3feec7ee81f21c5d49cb6ca037118097d89e180,"{""distance"":5,""physical_error_rate"":5e-05}","{""detection_events"":31790,""detectors_checked"":189573120}"
    998400,         0,         0,   119.6,decoder_by_matrix,b84cf4b8ca220d31f17e1e2ea9ab927bbc4176b15682c650e7d1dd8f2758172b,"{""distance"":5,""physical_error_rate"":0.0005}","{""detection_events"":279640,""detectors_checked"":169728000}"
    976896,       228,         0,   119.2,decoder_by_matrix,926aad2e192fb73fc0ac724cdb1e19af2dfa1e49635753b9cefb82507b443f08,"{""distance"":5,""physical_error_rate"":0.005}","{""detection_events"":2727260,""detectors_checked"":166072320,""obs_mistake_mask=EEE_"":5,""obs_mistake_mask=EE_E"":8,""obs_mistake_mask=EE__"":15,""obs_mistake_mask=E_EE"":6,""obs_mistake_mask=E_E_"":16,""obs_mistake_mask=E__E"":17,""obs_mistake_mask=E___"":33,""obs_mistake_mask=_EEE"":10,""obs_mistake_mask=_EE_"":7,""obs_mistake_mask=_E_E"":10,""obs_mistake_mask=_E__"":22,""obs_mistake_mask=__EE"":18,""obs_mistake_mask=__E_"":36,""obs_mistake_mask=___E"":25}"
   1300480,         0,         0,   119.4,decoder_by_matrix,fa5edda0c1038186c8afbec49b0215a0b852396cdb50783a3f937fdf51d2afac,"{""distance"":5,""physical_error_rate"":1e-05}","{""detection_events"":7845,""detectors_checked"":221081600}"
   1303552,         0,         0,   119.6,decoder_by_matrix,0421d486f8a041838688df650e87c0a19c3450ab7a7cc8b3dc589ebff86d1c74,"{""distance"":5,""physical_error_rate"":0.0001}","{""detection_events"":73930,""detectors_checked"":221603840}"
   1124352,         0,         0,   119.3,decoder_by_matrix,9c6baee88fc81e7d1aa345fcb3feec7ee81f21c5d49cb6ca037118097d89e180,"{""distance"":5,""physical_error_rate"":5e-05}","{""detection_events"":31655,""detectors_checked"":191139840}"
   1081344,         0,         0,   119.4,decoder_by_matrix,fa5edda0c1038186c8afbec49b0215a0b852396cdb50783a3f937fdf51d2afac,"{""distance"":5,""physical_error_rate"":1e-05}","{""detection_events"":6385,""detectors_checked"":183828480}"
   1241088,         3,         0,   119.5,decoder_by_matrix,066a5d8d46981b593c3dec855f441edbe9e755a8873183448f69d036a2ecc650,"{""distance"":5,""physical_error_rate"":0.001}","{""detection_events"":702640,""detectors_checked"":210984960,""obs_mistake_mask=E___"":1,""obs_mistake_mask=_E__"":1,""obs_mistake_mask=__E_"":1}"
   1036288,         0,         0,   119.6,decoder_by_matrix,0421d486f8a041838688df650e87c0a19c3450ab7a7cc8b3dc589ebff86d1c74,"{""distance"":5,""physical_error_rate"":0.0001}","{""detection_events"":59245,""detectors_checked"":176168960}"
   1217536,         0,         0,   119.5,decoder_by_matrix,e41ade2e4684e0396b9a3890c882b6453b515d69885aa1d89a26ce21ec554895,"{""distance"":5,""physical_error_rate"":1e-06}","{""detection_events"":535,""detectors_checked"":206981120}"
   1205248,         0,         0,   119.5,decoder_by_matrix,fa5edda0c1038186c8afbec49b0215a0b852396cdb50783a3f937fdf51d2afac,"{""distance"":5,""physical_error_rate"":1e-05}","{""detection_events"":6645,""detectors_checked"":204892160}"
   1120256,         0,         0,   119.4,decoder_by_matrix,9c6baee88fc81e7d1aa345fcb3feec7ee81f21c5d49cb6ca037118097d89e180,"{""distance"":5,""physical_error_rate"":5e-05}","{""detection_events"":30580,""detectors_checked"":190443520}"
   1219584,         0,         0,   119.6,decoder_by_matrix,3c866087b289edc25e9adea730044a15db18cabfd3ae2507fc844d5b4e03657a,"{""distance"":5,""physical_error_rate"":5e-06}","{""detection_events"":3680,""detectors_checked"":207329280}"
   1168384,         0,         0,   119.4,decoder_by_matrix,b84cf4b8ca220d31f17e1e2ea9ab927bbc4176b15682c650e7d1dd8f2758172b,"{""distance"":5,""physical_error_rate"":0.0005}","{""detection_events"":331655,""detectors_checked"":198625280}"
   1144832,         0,         0,   119.6,decoder_by_matrix,3c866087b289edc25e9adea730044a15db18cabfd3ae2507fc844d5b4e03657a,"{""distance"":5,""physical_error_rate"":5e-06}","{""detection_events"":3275,""detectors_checked"":194621440}"
   1024000,         2,         0,   119.5,decoder_by_matrix,066a5d8d46981b593c3dec855f441edbe9e755a8873183448f69d036a2ecc650,"{""distance"":5,""physical_error_rate"":0.001}","{""detection_events"":581770,""detectors_checked"":174080000,""obs_mistake_mask=E___"":1,""obs_mistake_mask=__E_"":1}"
   1290240,         0,         0,   119.4,decoder_by_matrix,9c6baee88fc81e7d1aa345fcb3feec7ee81f21c5d49cb6ca037118097d89e180,"{""distance"":5,""physical_error_rate"":5e-05}","{""detection_events"":37185,""detectors_checked"":219340800}"
    823296,         0,         0,   119.1,decoder_by_matrix,b84cf4b8ca220d31f17e1e2ea9ab927bbc4176b15682c650e7d1dd8f2758172b,"{""distance"":5,""physical_error_rate"":0.0005}","{""detection_events"":237910,""detectors_checked"":139960320}"
   1146880,         0,         0,   119.4,decoder_by_matrix,e41ade2e4684e0396b9a3890c882b6453b515d69885aa1d89a26ce21ec554895,"{""distance"":5,""physical_error_rate"":1e-06}","{""detection_events"":675,""detectors_checked"":194969600}"
   1137664,       274,         0,   119.3,decoder_by_matrix,926aad2e192fb73fc0ac724cdb1e19af2dfa1e49635753b9cefb82507b443f08,"{""distance"":5,""physical_error_rate"":0.005}","{""detection_events"":3168015,""detectors_checked"":193402880,""obs_mistake_mask=EEE_"":4,""obs_mistake_mask=EE_E"":12,""obs_mistake_mask=EE__"":19,""obs_mistake_mask=E_EE"":9,""obs_mistake_mask=E_E_"":17,""obs_mistake_mask=E__E"":15,""obs_mistake_mask=E___"":42,""obs_mistake_mask=_EEE"":15,""obs_mistake_mask=_EE_"":12,""obs_mistake_mask=_E_E"":18,""obs_mistake_mask=_E__"":25,""obs_mistake_mask=__EE"":16,""obs_mistake_mask=__E_"":35,""obs_mistake_mask=___E"":35}"
   1218560,         0,         0,   119.6,decoder_by_matrix,fa5edda0c1038186c8afbec49b0215a0b852396cdb50783a3f937fdf51d2afac,"{""distance"":5,""physical_error_rate"":1e-05}","{""detection_events"":7470,""detectors_checked"":207155200}"
   1163264,         0,         0,   119.4,decoder_by_matrix,b84cf4b8ca220d31f17e1e2ea9ab927bbc4176b15682c650e7d1dd8f2758172b,"{""distance"":5,""physical_error_rate"":0.0005}","{""detection_events"":325510,""detectors_checked"":197754880}"
   1089536,       254,         0,   119.4,decoder_by_matrix,926aad2e192fb73fc0ac724cdb1e19af2dfa1e49635753b9cefb82507b443f08,"{""distance"":5,""physical_error_rate"":0.005}","{""detection_events"":3032380,""detectors_checked"":185221120,""obs_mistake_mask=EEE_"":6,""obs_mistake_mask=EE_E"":2,""obs_mistake_mask=EE__"":12,""obs_mistake_mask=E_EE"":5,""obs_mistake_mask=E_E_"":15,""obs_mistake_mask=E__E"":13,""obs_mistake_mask=E___"":55,""obs_mistake_mask=_EEE"":19,""obs_mistake_mask=_EE_"":14,""obs_mistake_mask=_E_E"":20,""obs_mistake_mask=_E__"":30,""obs_mistake_mask=__EE"":13,""obs_mistake_mask=__E_"":26,""obs_mistake_mask=___E"":24}"
    873472,         0,         0,   119.6,decoder_by_matrix,3c866087b289edc25e9adea730044a15db18cabfd3ae2507fc844d5b4e03657a,"{""distance"":5,""physical_error_rate"":5e-06}","{""detection_events"":2560,""detectors_checked"":148490240}"
   1065984,         0,         0,   119.5,decoder_by_matrix,0421d486f8a041838688df650e87c0a19c3450ab7a7cc8b3dc589ebff86d1c74,"{""distance"":5,""physical_error_rate"":0.0001}","{""detection_events"":59640,""detectors_checked"":181217280}"
   1101824,         0,         0,   119.6,decoder_by_matrix,3c866087b289edc25e9adea730044a15db18cabfd3ae2507fc844d5b4e03657a,"{""distance"":5,""physical_error_rate"":5e-06}","{""detection_events"":3355,""detectors_checked"":187310080}"
   1238016,         1,         0,   119.6,decoder_by_matrix,066a5d8d46981b593c3dec855f441edbe9e755a8873183448f69d036a2ecc650,"{""distance"":5,""physical_error_rate"":0.001}","{""detection_events"":704245,""detectors_checked"":210462720,""obs_mistake_mask=___E"":1}"
   1214464,         0,         0,   119.4,decoder_by_matrix,3c866087b289edc25e9adea730044a15db18cabfd3ae2507fc844d5b4e03657a,"{""distance"":5,""physical_error_rate"":5e-06}","{""detection_events"":2960,""detectors_checked"":206458880}"
   1093632,         2,         0,   119.6,decoder_by_matrix,066a5d8d46981b593c3dec855f441edbe9e755a8873183448f69d036a2ecc650,"{""distance"":5,""physical_error_rate"":0.001}","{""detection_events"":619390,""detectors_checked"":185917440,""obs_mistake_mask=E___"":1,""obs_mistake_mask=_EE_"":1}"
   1147904,         2,         0,   119.5,decoder_by_matrix,066a5d8d46981b593c3dec855f441edbe9e755a8873183448f69d036a2ecc650,"{""distance"":5,""physical_error_rate"":0.001}","{""detection_events"":649060,""detectors_checked"":195143680,""obs_mistake_mask=E___"":1,""obs_mistake_mask=__E_"":1}"
   1056768,       278,         0,   119.5,decoder_by_matrix,926aad2e192fb73fc0ac724cdb1e19af2dfa1e49635753b9cefb82507b443f08,"{""distance"":5,""physical_error_rate"":0.005}","{""detection_events"":2954065,""detectors_checked"":179650560,""obs_mistake_mask=EEEE"":1,""obs_mistake_mask=EEE_"":5,""obs_mistake_mask=EE_E"":6,""obs_mistake_mask=EE__"":13,""obs_mistake_mask=E_EE"":7,""obs_mistake_mask=E_E_"":23,""obs_mistake_mask=E__E"":17,""obs_mistake_mask=E___"":58,""obs_mistake_mask=_EEE"":20,""obs_mistake_mask=_EE_"":7,""obs_mistake_mask=_E_E"":10,""obs_mistake_mask=_E__"":32,""obs_mistake_mask=__EE"":17,""obs_mistake_mask=__E_"":37,""obs_mistake_mask=___E"":25}"
    875520,         0,         0,   119.7,decoder_by_matrix,e41ade2e4684e0396b9a3890c882b6453b515d69885aa1d89a26ce21ec554895,"{""distance"":5,""physical_error_rate"":1e-06}","{""detection_events"":530,""detectors_checked"":148838400}"
   1142784,         0,         0,   119.6,decoder_by_matrix,fa5edda0c1038186c8afbec49b0215a0b852396cdb50783a3f937fdf51d2afac,"{""distance"":5,""physical_error_rate"":1e-05}","{""detection_events"":6845,""detectors_checked"":194273280}"
   1187840,         0,         0,   119.5,decoder_by_matrix,e41ade2e4684e0396b9a3890c882b6453b515d69885aa1d89a26ce21ec554895,"{""distance"":5,""physical_error_rate"":1e-06}","{""detection_events"":605,""detectors_checked"":201932800}"
    826368,         0,         0,   119.4,decoder_by_matrix,0421d486f8a041838688df650e87c0a19c3450ab7a7cc8b3dc589ebff86d1c74,"{""distance"":5,""physical_error_rate"":0.0001}","{""detection_events"":46740,""detectors_checked"":140482560}"
   1096704,         0,         0,   119.6,decoder_by_matrix,0421d486f8a041838688df650e87c0a19c3450ab7a7cc8b3dc589ebff86d1c74,"{""distance"":5,""physical_error_rate"":0.0001}","{""detection_events"":62050,""detectors_checked"":186439680}"
   1253376,         0,         0,   119.6,decoder_by_matrix,b84cf4b8ca220d31f17e1e2ea9ab927bbc4176b15682c650e7d1dd8f2758172b,"{""distance"":5,""physical_error_rate"":0.0005}","{""detection_events"":355500,""detectors_checked"":213073920}"
   1121280,         0,         0,   119.6,decoder_by_matrix,e41ade2e4684e0396b9a3890c882b6453b515d69885aa1d89a26ce21ec554895,"{""distance"":5,""physical_error_rate"":1e-06}","{""detection_events"":530,""detectors_checked"":190617600}"
   1255424,         0,         0,   119.6,decoder_by_matrix,b84cf4b8ca220d31f17e1e2ea9ab927bbc4176b15682c650e7d1dd8f2758172b,"{""distance"":5,""physical_error_rate"":0.0005}","{""detection_events"":360355,""detectors_checked"":213422080}"
    782336,       207,         0,   119.5,decoder_by_matrix,926aad2e192fb73fc0ac724cdb1e19af2dfa1e49635753b9cefb82507b443f08,"{""distance"":5,""physical_error_rate"":0.005}","{""detection_events"":2179045,""detectors_checked"":132997120,""obs_mistake_mask=EEE_"":6,""obs_mistake_mask=EE_E"":4,""obs_mistake_mask=EE__"":14,""obs_mistake_mask=E_EE"":6,""obs_mistake_mask=E_E_"":14,""obs_mistake_mask=E__E"":19,""obs_mistake_mask=E___"":47,""obs_mistake_mask=_EEE"":11,""obs_mistake_mask=_EE_"":12,""obs_mistake_mask=_E_E"":5,""obs_mistake_mask=_E__"":17,""obs_mistake_mask=__EE"":9,""obs_mistake_mask=__E_"":20,""obs_mistake_mask=___E"":23}"
   1274880,         0,         0,   119.7,decoder_by_matrix,9c6baee88fc81e7d1aa345fcb3feec7ee81f21c5d49cb6ca037118097d89e180,"{""distance"":5,""physical_error_rate"":5e-05}","{""detection_events"":37080,""detectors_checked"":216729600}"
   1274880,         0,         0,   119.6,decoder_by_matrix,9c6baee88fc81e7d1aa345fcb3feec7ee81f21c5d49cb6ca037118097d89e180,"{""distance"":5,""physical_error_rate"":5e-05}","{""detection_events"":36205,""detectors_checked"":216729600}"
   1158144,         0,         0,   119.2,decoder_by_matrix,0421d486f8a041838688df650e87c0a19c3450ab7a7cc8b3dc589ebff86d1c74,"{""distance"":5,""physical_error_rate"":0.0001}","{""detection_events"":67255,""detectors_checked"":196884480}"
   1196032,       289,         0,   119.4,decoder_by_matrix,926aad2e192fb73fc0ac724cdb1e19af2dfa1e49635753b9cefb82507b443f08,"{""distance"":5,""physical_error_rate"":0.005}","{""detection_events"":3332555,""detectors_checked"":203325440,""obs_mistake_mask=EEE_"":7,""obs_mistake_mask=EE_E"":14,""obs_mistake_mask=EE__"":30,""obs_mistake_mask=E_EE"":3,""obs_mistake_mask=E_E_"":25,""obs_mistake_mask=E__E"":22,""obs_mistake_mask=E___"":50,""obs_mistake_mask=_EEE"":17,""obs_mistake_mask=_EE_"":10,""obs_mistake_mask=_E_E"":15,""obs_mistake_mask=_E__"":33,""obs_mistake_mask=__EE"":12,""obs_mistake_mask=__E_"":27,""obs_mistake_mask=___E"":24}"
   1162240,         0,         0,   119.5,decoder_by_matrix,3c866087b289edc25e9adea730044a15db18cabfd3ae2507fc844d5b4e03657a,"{""distance"":5,""physical_error_rate"":5e-06}","{""detection_events"":3025,""detectors_checked"":197580800}"
    861184,         0,         0,   119.5,decoder_by_matrix,e41ade2e4684e0396b9a3890c882b6453b515d69885aa1d89a26ce21ec554895,"{""distance"":5,""physical_error_rate"":1e-06}","{""detection_events"":580,""detectors_checked"":146401280}"
   1176576,         3,         0,   119.5,decoder_by_matrix,066a5d8d46981b593c3dec855f441edbe9e755a8873183448f69d036a2ecc650,"{""distance"":5,""physical_error_rate"":0.001}","{""detection_events"":670565,""detectors_checked"":200017920,""obs_mistake_mask=EE__"":1,""obs_mistake_mask=_E__"":1,""obs_mistake_mask=___E"":1}"
   1118208,         0,         0,   119.6,decoder_by_matrix,fa5edda0c1038186c8afbec49b0215a0b852396cdb50783a3f937fdf51d2afac,"{""distance"":5,""physical_error_rate"":1e-05}","{""detection_events"":6260,""detectors_checked"":190095360}"
   1122304,         0,         0,   119.7,decoder_by_matrix,9c6baee88fc81e7d1aa345fcb3feec7ee81f21c5d49cb6ca037118097d89e180,"{""distance"":5,""physical_error_rate"":5e-05}","{""detection_events"":32130,""detectors_checked"":190791680}"
   1141760,         0,         0,   119.5,decoder_by_matrix,b84cf4b8ca220d31f17e1e2ea9ab927bbc4176b15682c650e7d1dd8f2758172b,"{""distance"":5,""physical_error_rate"":0.0005}","{""detection_events"":325630,""detectors_checked"":194099200}"
   1103872,       294,         0,   119.3,decoder_by_matrix,926aad2e192fb73fc0ac724cdb1e19af2dfa1e49635753b9cefb82507b443f08,"{""distance"":5,""physical_error_rate"":0.005}","{""detection_events"":3083180,""detectors_checked"":187658240,""obs_mistake_mask=EEE_"":7,""obs_mistake_mask=EE_E"":7,""obs_mistake_mask=EE__"":11,""obs_mistake_mask=E_EE"":9,""obs_mistake_mask=E_E_"":22,""obs_mistake_mask=E__E"":22,""obs_mistake_mask=E___"":61,""obs_mistake_mask=_EEE"":24,""obs_mistake_mask=_EE_"":10,""obs_mistake_mask=_E_E"":16,""obs_mistake_mask=_E__"":35,""obs_mistake_mask=__EE"":13,""obs_mistake_mask=__E_"":33,""obs_mistake_mask=___E"":24}"
   1314816,         0,         0,   119.4,decoder_by_matrix,fa5edda0c1038186c8afbec49b0215a0b852396cdb50783a3f937fdf51d2afac,"{""distance"":5,""physical_error_rate"":1e-05}","{""detection_events"":7220,""detectors_checked"":223518720}"
   1277952,         0,         0,   119.6,decoder_by_matrix,0421d486f8a041838688df650e87c0a19c3450ab7a7cc8b3dc589ebff86d1c74,"{""distance"":5,""physical_error_rate"":0.0001}","{""detection_events"":72555,""detectors_checked"":217251840}"
   1036288,         0,         0,   119.6,decoder_by_matrix,fa5edda0c1038186c8afbec49b0215a0b852396cdb50783a3f937fdf51d2afac,"{""distance"":5,""physical_error_rate"":1e-05}","{""detection_events"":5795,""detectors_checked"":176168960}"
   1256448,         0,         0,   119.6,decoder_by_matrix,9c6baee88fc81e7d1aa345fcb3feec7ee81f21c5d49cb6ca037118097d89e180,"{""distance"":5,""physical_error_rate"":5e-05}","{""detection_events"":36465,""detectors_checked"":213596160}"
    882688,         1,         0,   119.2,decoder_by_matrix,066a5d8d46981b593c3dec855f441edbe9e755a8873183448f69d036a2ecc650,"{""distance"":5,""physical_error_rate"":0.001}","{""detection_events"":498550,""detectors_checked"":150056960,""obs_mistake_mask=EE__"":1}"
    967680,         0,         0,   119.6,decoder_by_matrix,0421d486f8a041838688df650e87c0a19c3450ab7a7cc8b3dc589ebff86d1c74,"{""distance"":5,""physical_error_rate"":0.0001}","{""detection_events"":55715,""detectors_checked"":164505600}"
   1254400,         0,         0,   119.4,decoder_by_matrix,fa5edda0c1038186c8afbec49b0215a0b852396cdb50783a3f937fdf51d2afac,"{""distance"":5,""physical_error_rate"":1e-05}","{""detection_events"":6915,""detectors_checked"":213248000}"
   1268736,         0,         0,   119.6,decoder_by_matrix,e41ade2e4684e0396b9a3890c882b6453b515d69885aa1d89a26ce21ec554895,"{""distance"":5,""physical_error_rate"":1e-06}","{""detection_events"":715,""detectors_checked"":215685120}"
   1164288,         0,         0,   119.4,decoder_by_matrix,9c6baee88fc81e7d1aa345fcb3feec7ee81f21c5d49cb6ca037118097d89e180,"{""distance"":5,""physical_error_rate"":5e-05}","{""detection_events"":32590,""detectors_checked"":197928960}"
   1204224,         0,         0,   119.6,decoder_by_matrix,3c866087b289edc25e9adea730044a15db18cabfd3ae2507fc844d5b4e03657a,"{""distance"":5,""physical_error_rate"":5e-06}","{""detection_events"":3180,""detectors_checked"":204718080}"
   1073152,         1,         0,   119.5,decoder_by_matrix,b84cf4b8ca220d31f17e1e2ea9ab927bbc4176b15682c650e7d1dd8f2758172b,"{""distance"":5,""physical_error_rate"":0.0005}","{""detection_events"":305830,""detectors_checked"":182435840,""obs_mistake_mask=_E__"":1}"
    927744,         0,         0,   119.7,decoder_by_matrix,3c866087b289edc25e9adea730044a15db18cabfd3ae2507fc844d5b4e03657a,"{""distance"":5,""physical_error_rate"":5e-06}","{""detection_events"":2255,""detectors_checked"":157716480}"
   1227776,         5,         0,   119.5,decoder_by_matrix,066a5d8d46981b593c3dec855f441edbe9e755a8873183448f69d036a2ecc650,"{""distance"":5,""physical_error_rate"":0.001}","{""detection_events"":696120,""detectors_checked"":208721920,""obs_mistake_mask=E__E"":1,""obs_mistake_mask=E___"":2,""obs_mistake_mask=_EEE"":1,""obs_mistake_mask=__E_"":1}"
   1210368,         0,         0,   119.4,decoder_by_matrix,9c6baee88fc81e7d1aa345fcb3feec7ee81f21c5d49cb6ca037118097d89e180,"{""distance"":5,""physical_error_rate"":5e-05}","{""detection_events"":34840,""detectors_checked"":205762560}"
    883712,         0,         0,   119.5,decoder_by_matrix,b84cf4b8ca220d31f17e1e2ea9ab927bbc4176b15682c650e7d1dd8f2758172b,"{""distance"":5,""physical_error_rate"":0.0005}","{""detection_events"":253495,""detectors_checked"":150231040}"
   1309696,         0,         0,   119.6,decoder_by_matrix,e41ade2e4684e0396b9a3890c882b6453b515d69885aa1d89a26ce21ec554895,"{""distance"":5,""physical_error_rate"":1e-06}","{""detection_events"":805,""detectors_checked"":222648320}"
   1068032,       275,         0,   119.3,decoder_by_matrix,926aad2e192fb73fc0ac724cdb1e19af2dfa1e49635753b9cefb82507b443f08,"{""distance"":5,""physical_error_rate"":0.005}","{""detection_events"":2970540,""detectors_checked"":181565440,""obs_mistake_mask=EEE_"":9,""obs_mistake_mask=EE_E"":10,""obs_mistake_mask=EE__"":19,""obs_mistake_mask=E_EE"":6,""obs_mistake_mask=E_E_"":24,""obs_mistake_mask=E__E"":18,""obs_mistake_mask=E___"":46,""obs_mistake_mask=_EEE"":20,""obs_mistake_mask=_EE_"":7,""obs_mistake_mask=_E_E"":14,""obs_mistake_mask=_E__"":28,""obs_mistake_mask=__EE"":17,""obs_mistake_mask=__E_"":27,""obs_mistake_mask=___E"":30}"
   1168384,         0,         0,   119.5,decoder_by_matrix,fa5edda0c1038186c8afbec49b0215a0b852396cdb50783a3f937fdf51d2afac,"{""distance"":5,""physical_error_rate"":1e-05}","{""detection_events"":6550,""detectors_checked"":198625280}"
   1254400,         0,         0,   119.4,decoder_by_matrix,b84cf4b8ca220d31f17e1e2ea9ab927bbc4176b15682c650e7d1dd8f2758172b,"{""distance"":5,""physical_error_rate"":0.0005}","{""detection_events"":359270,""detectors_checked"":213248000}"
   1220608,       293,         0,   119.4,decoder_by_matrix,926aad2e192fb73fc0ac724cdb1e19af2dfa1e49635753b9cefb82507b443f08,"{""distance"":5,""physical_error_rate"":0.005}","{""detection_events"":3399195,""detectors_checked"":207503360,""obs_mistake_mask=EEE_"":4,""obs_mistake_mask=EE_E"":4,""obs_mistake_mask=EE__"":12,""obs_mistake_mask=E_EE"":8,""obs_mistake_mask=E_E_"":26,""obs_mistake_mask=E__E"":29,""obs_mistake_mask=E___"":52,""obs_mistake_mask=_EEE"":12,""obs_mistake_mask=_EE_"":13,""obs_mistake_mask=_E_E"":14,""obs_mistake_mask=_E__"":39,""obs_mistake_mask=__EE"":18,""obs_mistake_mask=__E_"":32,""obs_mistake_mask=___E"":30}"
    948224,         0,         0,   119.4,decoder_by_matrix,0421d486f8a041838688df650e87c0a19c3450ab7a7cc8b3dc589ebff86d1c74,"{""distance"":5,""physical_error_rate"":0.0001}","{""detection_events"":53745,""detectors_checked"":161198080}"
    754688,         0,         0,   119.8,decoder_by_matrix,3c866087b289edc25e9adea730044a15db18cabfd3ae2507fc844d5b4e03657a,"{""distance"":5,""physical_error_rate"":5e-06}","{""detection_events"":2195,""detectors_checked"":128296960}"
   1208320,         0,         0,   119.6,decoder_by_matrix,3c866087b289edc25e9adea730044a15db18cabfd3ae2507fc844d5b4e03657a,"{""distance"":5,""physical_error_rate"":5e-06}","{""detection_events"":3140,""detectors_checked"":205414400}"
   1156096,         3,         0,   119.6,decoder_by_matrix,066a5d8d46981b593c3dec855f441edbe9e755a8873183448f69d036a2ecc650,"{""distance"":5,""physical_error_rate"":0.001}","{""detection_events"":651485,""detectors_checked"":196536320,""obs_mistake_mask=E__E"":1,""obs_mistake_mask=_EEE"":1,""obs_mistake_mask=_E__"":1}"
   1216512,         0,         0,   119.4,decoder_by_matrix,3c866087b289edc25e9adea730044a15db18cabfd3ae2507fc844d5b4e03657a,"{""distance"":5,""physical_error_rate"":5e-06}","{""detection_events"":3425,""detectors_checked"":206807040}"
   1011712,         2,         0,   119.5,decoder_by_matrix,066a5d8d46981b593c3dec855f441edbe9e755a8873183448f69d036a2ecc650,"{""distance"":5,""physical_error_rate"":0.001}","{""detection_events"":574750,""detectors_checked"":171991040,""obs_mistake_mask=EE_E"":1,""obs_mistake_mask=_EEE"":1}"
   1155072,         3,         0,   119.4,decoder_by_matrix,066a5d8d46981b593c3dec855f441edbe9e755a8873183448f69d036a2ecc650,"{""distance"":5,""physical_error_rate"":0.001}","{""detection_events"":652755,""detectors_checked"":196362240,""obs_mistake_mask=E_E_"":1,""obs_mistake_mask=_EEE"":1,""obs_mistake_mask=_E__"":1}"
    776192,       189,         0,   119.8,decoder_by_matrix,926aad2e192fb73fc0ac724cdb1e19af2dfa1e49635753b9cefb82507b443f08,"{""distance"":5,""physical_error_rate"":0.005}","{""detection_events"":2169595,""detectors_checked"":131952640,""obs_mistake_mask=EEE_"":4,""obs_mistake_mask=EE_E"":3,""obs_mistake_mask=EE__"":15,""obs_mistake_mask=E_EE"":4,""obs_mistake_mask=E_E_"":12,""obs_mistake_mask=E__E"":8,""obs_mistake_mask=E___"":37,""obs_mistake_mask=_EEE"":20,""obs_mistake_mask=_EE_"":9,""obs_mistake_mask=_E_E"":6,""obs_mistake_mask=_E__"":23,""obs_mistake_mask=__EE"":12,""obs_mistake_mask=__E_"":20,""obs_mistake_mask=___E"":16}"
    755712,         0,         0,   119.6,decoder_by_matrix,e41ade2e4684e0396b9a3890c882b6453b515d69885aa1d89a26ce21ec554895,"{""distance"":5,""physical_error_rate"":1e-06}","{""detection_events"":430,""detectors_checked"":128471040}"
   1168384,         0,         0,   119.5,decoder_by_matrix,fa5edda0c1038186c8afbec49b0215a0b852396cdb50783a3f937fdf51d2afac,"{""distance"":5,""physical_error_rate"":1e-05}","{""detection_events"":6785,""detectors_checked"":198625280}"
   1136640,         0,         0,   119.4,decoder_by_matrix,e41ade2e4684e0396b9a3890c882b6453b515d69885aa1d89a26ce21ec554895,"{""distance"":5,""physical_error_rate"":1e-06}","{""detection_events"":470,""detectors_checked"":193228800}"
   1240064,         0,         0,   119.3,decoder_by_matrix,0421d486f8a041838688df650e87c0a19c3450ab7a7cc8b3dc589ebff86d1c74,"{""distance"":5,""physical_error_rate"":0.0001}","{""detection_events"":71560,""detectors_checked"":210810880}"
   1032192,         0,         0,   119.6,decoder_by_matrix,0421d486f8a041838688df650e87c0a19c3450ab7a7cc8b3dc589ebff86d1c74,"{""distance"":5,""physical_error_rate"":0.0001}","{""detection_events"":57990,""detectors_checked"":175472640}"
   1156096,         0,         0,   119.5,decoder_by_matrix,b84cf4b8ca220d31f17e1e2ea9ab927bbc4176b15682c650e7d1dd8f2758172b,"{""distance"":5,""physical_error_rate"":0.0005}","{""detection_events"":332910,""detectors_checked"":196536320}"
   1233920,         0,         0,   119.6,decoder_by_matrix,e41ade2e4684e0396b9a3890c882b6453b515d69885aa1d89a26ce21ec554895,"{""distance"":5,""physical_error_rate"":1e-06}","{""detection_events"":605,""detectors_checked"":209766400}"
   1139712,         0,         0,   119.6,decoder_by_matrix,b84cf4b8ca220d31f17e1e2ea9ab927bbc4176b15682c650e7d1dd8f2758172b,"{""distance"":5,""physical_error_rate"":0.0005}","{""detection_events"":325835,""detectors_checked"":193751040}"
    870400,       217,         0,   119.5,decoder_by_matrix,926aad2e192fb73fc0ac724cdb1e19af2dfa1e49635753b9cefb82507b443f08,"{""distance"":5,""physical_error_rate"":0.005}","{""detection_events"":2424900,""detectors_checked"":147968000,""obs_mistake_mask=EEE_"":3,""obs_mistake_mask=EE_E"":7,""obs_mistake_mask=EE__"":22,""obs_mistake_mask=E_EE"":4,""obs_mistake_mask=E_E_"":12,""obs_mistake_mask=E__E"":22,""obs_mistake_mask=E___"":46,""obs_mistake_mask=_EEE"":15,""obs_mistake_mask=_EE_"":7,""obs_mistake_mask=_E_E"":4,""obs_mistake_mask=_E__"":18,""obs_mistake_mask=__EE"":13,""obs_mistake_mask=__E_"":25,""obs_mistake_mask=___E"":19}"
   1196032,         0,         0,   119.4,decoder_by_matrix,9c6baee88fc81e7d1aa345fcb3feec7ee81f21c5d49cb6ca037118097d89e180,"{""distance"":5,""physical_error_rate"":5e-05}","{""detection_events"":33470,""detectors_checked"":203325440}"
   1220608,         0,         0,   119.6,decoder_by_matrix,9c6baee88fc81e7d1aa345fcb3feec7ee81f21c5d49cb6ca037118097d89e180,"{""distance"":5,""physical_error_rate"":5e-05}","{""detection_events"":35220,""detectors_checked"":207503360}"
   1209344,         0,         0,   119.5,decoder_by_matrix,0421d486f8a041838688df650e87c0a19c3450ab7a7cc8b3dc589ebff86d1c74,"{""distance"":5,""physical_error_rate"":0.0001}","{""detection_events"":66380,""detectors_checked"":205588480}"
   1261568,       318,         0,   119.6,decoder_by_matrix,926aad2e192fb73fc0ac724cdb1e19af2dfa1e49635753b9cefb82507b443f08,"{""distance"":5,""physical_error_rate"":0.005}","{""detection_events"":3513030,""detectors_checked"":214466560,""obs_mistake_mask=EEEE"":1,""obs_mistake_mask=EEE_"":6,""obs_mistake_mask=EE_E"":8,""obs_mistake_mask=EE__"":20,""obs_mistake_mask=E_EE"":5,""obs_mistake_mask=E_E_"":17,""obs_mistake_mask=E__E"":24,""obs_mistake_mask=E___"":73,""obs_mistake_mask=_EEE"":15,""obs_mistake_mask=_EE_"":13,""obs_mistake_mask=_E_E"":17,""obs_mistake_mask=_E__"":30,""obs_mistake_mask=__EE"":20,""obs_mistake_mask=__E_"":36,""obs_mistake_mask=___E"":33}"
   1203200,         0,         0,   119.5,decoder_by_matrix,3c866087b289edc25e9adea730044a15db18cabfd3ae2507fc844d5b4e03657a,"{""distance"":5,""physical_error_rate"":5e-06}","{""detection_events"":3350,""detectors_checked"":204544000}"
    789504,         0,         0,   119.7,decoder_by_matrix,e41ade2e4684e0396b9a3890c882b6453b515d69885aa1d89a26ce21ec554895,"{""distance"":5,""physical_error_rate"":1e-06}","{""detection_events"":440,""detectors_checked"":134215680}"
   1259520,         2,         0,   119.4,decoder_by_matrix,066a5d8d46981b593c3dec855f441edbe9e755a8873183448f69d036a2ecc650,"{""distance"":5,""physical_error_rate"":0.001}","{""detection_events"":719165,""detectors_checked"":214118400,""obs_mistake_mask=_E_E"":1,""obs_mistake_mask=__EE"":1}"
   1221632,         0,         0,   119.5,decoder_by_matrix,fa5edda0c1038186c8afbec49b0215a0b852396cdb50783a3f937fdf51d2afac,"{""distance"":5,""physical_error_rate"":1e-05}","{""detection_events"":7295,""detectors_checked"":207677440}"
   1215488,         0,         0,   119.5,decoder_by_matrix,9c6baee88fc81e7d1aa345fcb3feec7ee81f21c5d49cb6ca037118097d89e180,"{""distance"":5,""physical_error_rate"":5e-05}","{""detection_events"":35100,""detectors_checked"":206632960}"
   1098752,       259,         0,   119.5,decoder_by_matrix,926aad2e192fb73fc0ac724cdb1e19af2dfa1e49635753b9cefb82507b443f08,"{""distance"":5,""physical_error_rate"":0.005}","{""detection_events"":3066625,""detectors_checked"":186787840,""obs_mistake_mask=EEE_"":5,""obs_mistake_mask=EE_E"":2,""obs_mistake_mask=EE__"":16,""obs_mistake_mask=E_EE"":12,""obs_mistake_mask=E_E_"":12,""obs_mistake_mask=E__E"":12,""obs_mistake_mask=E___"":66,""obs_mistake_mask=_EEE"":17,""obs_mistake_mask=_EE_"":10,""obs_mistake_mask=_E_E"":12,""obs_mistake_mask=_E__"":29,""obs_mistake_mask=__EE"":18,""obs_mistake_mask=__E_"":27,""obs_mistake_mask=___E"":21}"
   1201152,         1,         0,   119.6,decoder_by_matrix,b84cf4b8ca220d31f17e1e2ea9ab927bbc4176b15682c650e7d1dd8f2758172b,"{""distance"":5,""physical_error_rate"":0.0005}","{""detection_events"":342525,""detectors_checked"":204195840,""obs_mistake_mask=__E_"":1}"
   1244160,         0,         0,   119.5,decoder_by_matrix,fa5edda0c1038186c8afbec49b0215a0b852396cdb50783a3f937fdf51d2afac,"{""distance"":5,""physical_error_rate"":1e-05}","{""detection_events"":6850,""detectors_checked"":211507200}"
   1239040,         0,         0,   119.6,decoder_by_matrix,0421d486f8a041838688df650e87c0a19c3450ab7a7cc8b3dc589ebff86d1c74,"{""distance"":5,""physical_error_rate"":0.0001}","{""detection_events"":71980,""detectors_checked"":210636800}"
   1072128,         0,         0,   119.7,decoder_by_matrix,fa5edda0c1038186c8afbec49b0215a0b852396cdb50783a3f937fdf51d2afac,"{""distance"":5,""physical_error_rate"":1e-05}","{""detection_events"":6235,""detectors_checked"":182261760}"
   1017856,         2,         0,   119.4,decoder_by_matrix,066a5d8d46981b593c3dec855f441edbe9e755a8873183448f69d036a2ecc650,"{""distance"":5,""physical_error_rate"":0.001}","{""detection_events"":579540,""detectors_checked"":173035520,""obs_mistake_mask=_EEE"":1,""obs_mistake_mask=___E"":1}"
   1068032,         0,         0,   119.4,decoder_by_matrix,9c6baee88fc81e7d1aa345fcb3feec7ee81f21c5d49cb6ca037118097d89e180,"{""distance"":5,""physical_error_rate"":5e-05}","{""detection_events"":30170,""detectors_checked"":181565440}"
   1188864,         0,         0,   119.5,decoder_by_matrix,fa5edda0c1038186c8afbec49b0215a0b852396cdb50783a3f937fdf51d2afac,"{""distance"":5,""physical_error_rate"":1e-05}","{""detection_events"":6970,""detectors_checked"":202106880}"
    872448,         0,         0,   119.5,decoder_by_matrix,0421d486f8a041838688df650e87c0a19c3450ab7a7cc8b3dc589ebff86d1c74,"{""distance"":5,""physical_error_rate"":0.0001}","{""detection_events"":50290,""detectors_checked"":148316160}"
   1223680,         0,         0,   119.4,decoder_by_matrix,e41ade2e4684e0396b9a3890c882b6453b515d69885aa1d89a26ce21ec554895,"{""distance"":5,""physical_error_rate"":1e-06}","{""detection_events"":695,""detectors_checked"":208025600}"
   1160192,         0,         0,   119.6,decoder_by_matrix,9c6baee88fc81e7d1aa345fcb3feec7ee81f21c5d49cb6ca037118097d89e180,"{""distance"":5,""physical_error_rate"":5e-05}","{""detection_events"":33000,""detectors_checked"":197232640}"
   1323008,         0,         0,   119.6,decoder_by_matrix,3c866087b289edc25e9adea730044a15db18cabfd3ae2507fc844d5b4e03657a,"{""distance"":5,""physical_error_rate"":5e-06}","{""detection_events"":3690,""detectors_checked"":224911360}"
    840704,         0,         0,   119.5,decoder_by_matrix,b84cf4b8ca220d31f17e1e2ea9ab927bbc4176b15682c650e7d1dd8f2758172b,"{""distance"":5,""physical_error_rate"":0.0005}","{""detection_events"":242480,""detectors_checked"":142919680}"
   1186816,         0,         0,   119.4,decoder_by_matrix,3c866087b289edc25e9adea730044a15db18cabfd3ae2507fc844d5b4e03657a,"{""distance"":5,""physical_error_rate"":5e-06}","{""detection_events"":3280,""detectors_checked"":201758720}"
   1141760,         2,         0,   119.5,decoder_by_matrix,066a5d8d46981b593c3dec855f441edbe9e755a8873183448f69d036a2ecc650,"{""distance"":5,""physical_error_rate"":0.001}","{""detection_events"":654635,""detectors_checked"":194099200,""obs_mistake_mask=EE__"":1,""obs_mistake_mask=__E_"":1}"
   1245184,         0,         0,   119.4,decoder_by_matrix,9c6baee88fc81e7d1aa345fcb3feec7ee81f21c5d49cb6ca037118097d89e180,"{""distance"":5,""physical_error_rate"":5e-05}","{""detection_events"":37275,""detectors_checked"":211681280}"
   1128448,         1,         0,   119.7,decoder_by_matrix,b84cf4b8ca220d31f17e1e2ea9ab927bbc4176b15682c650e7d1dd8f2758172b,"{""distance"":5,""physical_error_rate"":0.0005}","{""detection_events"":320825,""detectors_checked"":191836160,""obs_mistake_mask=_E__"":1}"
   1276928,         0,         0,   119.4,decoder_by_matrix,e41ade2e4684e0396b9a3890c882b6453b515d69885aa1d89a26ce21ec554895,"{""distance"":5,""physical_error_rate"":1e-06}","{""detection_events"":925,""detectors_checked"":217077760}"
   1144832,       261,         0,   119.5,decoder_by_matrix,926aad2e192fb73fc0ac724cdb1e19af2dfa1e49635753b9cefb82507b443f08,"{""distance"":5,""physical_error_rate"":0.005}","{""detection_events"":3203220,""detectors_checked"":194621440,""obs_mistake_mask=EEE_"":6,""obs_mistake_mask=EE_E"":5,""obs_mistake_mask=EE__"":18,""obs_mistake_mask=E_EE"":4,""obs_mistake_mask=E_E_"":15,""obs_mistake_mask=E__E"":23,""obs_mistake_mask=E___"":45,""obs_mistake_mask=_EEE"":20,""obs_mistake_mask=_EE_"":14,""obs_mistake_mask=_E_E"":11,""obs_mistake_mask=_E__"":25,""obs_mistake_mask=__EE"":20,""obs_mistake_mask=__E_"":28,""obs_mistake_mask=___E"":27}"
   1177600,         0,         0,   119.6,decoder_by_matrix,fa5edda0c1038186c8afbec49b0215a0b852396cdb50783a3f937fdf51d2afac,"{""distance"":5,""physical_error_rate"":1e-05}","{""detection_events"":6905,""detectors_checked"":200192000}"
   1070080,         0,         0,   119.3,decoder_by_matrix,b84cf4b8ca220d31f17e1e2ea9ab927bbc4176b15682c650e7d1dd8f2758172b,"{""distance"":5,""physical_error_rate"":0.0005}","{""detection_events"":302520,""detectors_checked"":181913600}"
   1133568,       283,         0,   119.4,decoder_by_matrix,926aad2e192fb73fc0ac724cdb1e19af2dfa1e49635753b9cefb82507b443f08,"{""distance"":5,""physical_error_rate"":0.005}","{""detection_events"":3166345,""detectors_checked"":192706560,""obs_mistake_mask=EEE_"":4,""obs_mistake_mask=EE_E"":9,""obs_mistake_mask=EE__"":25,""obs_mistake_mask=E_EE"":4,""obs_mistake_mask=E_E_"":15,""obs_mistake_mask=E__E"":17,""obs_mistake_mask=E___"":68,""obs_mistake_mask=_EEE"":16,""obs_mistake_mask=_EE_"":12,""obs_mistake_mask=_E_E"":21,""obs_mistake_mask=_E__"":32,""obs_mistake_mask=__EE"":17,""obs_mistake_mask=__E_"":23,""obs_mistake_mask=___E"":20}"
    940032,         0,         0,   119.5,decoder_by_matrix,0421d486f8a041838688df650e87c0a19c3450ab7a7cc8b3dc589ebff86d1c74,"{""distance"":5,""physical_error_rate"":0.0001}","{""detection_events"":53270,""detectors_checked"":159805440}"
   1065984,         0,         0,   119.6,decoder_by_matrix,3c866087b289edc25e9adea730044a15db18cabfd3ae2507fc844d5b4e03657a,"{""distance"":5,""physical_error_rate"":5e-06}","{""detection_events"":3430,""detectors_checked"":181217280}"
   1177600,         0,         0,   119.6,decoder_by_matrix,3c866087b289edc25e9adea730044a15db18cabfd3ae2507fc844d5b4e03657a,"{""distance"":5,""physical_error_rate"":5e-06}","{""detection_events"":3565,""detectors_checked"":200192000}"
   1163264,         2,         0,   119.6,decoder_by_matrix,066a5d8d46981b593c3dec855f441edbe9e755a8873183448f69d036a2ecc650,"{""distance"":5,""physical_error_rate"":0.001}","{""detection_events"":662320,""detectors_checked"":197754880,""obs_mistake_mask=E_EE"":1,""obs_mistake_mask=E__E"":1}"
    926720,         1,         0,   119.5,decoder_by_matrix,066a5d8d46981b593c3dec855f441edbe9e755a8873183448f69d036a2ecc650,"{""distance"":5,""physical_error_rate"":0.001}","{""detection_events"":527005,""detectors_checked"":157542400,""obs_mistake_mask=__EE"":1}"
   1068032,         1,         0,   119.5,decoder_by_matrix,066a5d8d46981b593c3dec855f441edbe9e755a8873183448f69d036a2ecc650,"{""distance"":5,""physical_error_rate"":0.001}","{""detection_events"":605610,""detectors_checked"":181565440,""obs_mistake_mask=E___"":1}"
   1171456,         0,         0,   119.5,decoder_by_matrix,3c866087b289edc25e9adea730044a15db18cabfd3ae2507fc844d5b4e03657a,"{""distance"":5,""physical_error_rate"":5e-06}","{""detection_events"":3225,""detectors_checked"":199147520}"
   1029120,       244,         0,   119.5,decoder_by_matrix,926aad2e192fb73fc0ac724cdb1e19af2dfa1e49635753b9cefb82507b443f08,"{""distance"":5,""physical_error_rate"":0.005}","{""detection_events"":2870350,""detectors_checked"":174950400,""obs_mistake_mask=EEE_"":6,""obs_mistake_mask=EE_E"":8,""obs_mistake_mask=EE__"":24,""obs_mistake_mask=E_EE"":6,""obs_mistake_mask=E_E_"":19,""obs_mistake_mask=E__E"":12,""obs_mistake_mask=E___"":40,""obs_mistake_mask=_EEE"":17,""obs_mistake_mask=_EE_"":14,""obs_mistake_mask=_E_E"":7,""obs_mistake_mask=_E__"":28,""obs_mistake_mask=__EE"":15,""obs_mistake_mask=__E_"":26,""obs_mistake_mask=___E"":22}"
   1096704,         0,         0,   119.6,decoder_by_matrix,e41ade2e4684e0396b9a3890c882b6453b515d69885aa1d89a26ce21ec554895,"{""distance"":5,""physical_error_rate"":1e-06}","{""detection_events"":620,""detectors_checked"":186439680}"
   1117184,         0,         0,   119.5,decoder_by_matrix,fa5edda0c1038186c8afbec49b0215a0b852396cdb50783a3f937fdf51d2afac,"{""distance"":5,""physical_error_rate"":1e-05}","{""detection_events"":5965,""detectors_checked"":189921280}"
   1216512,         0,         0,   119.5,decoder_by_matrix,e41ade2e4684e0396b9a3890c882b6453b515d69885aa1d89a26ce21ec554895,"{""distance"":5,""physical_error_rate"":1e-06}","{""detection_events"":910,""detectors_checked"":206807040}"
   1123328,         0,         0,   119.6,decoder_by_matrix,0421d486f8a041838688df650e87c0a19c3450ab7a7cc8b3dc589ebff86d1c74,"{""distance"":5,""physical_error_rate"":0.0001}","{""detection_events"":63595,""detectors_checked"":190965760}"
   1207296,         0,         0,   119.5,decoder_by_matrix,0421d486f8a041838688df650e87c0a19c3450ab7a7cc8b3dc589ebff86d1c74,"{""distance"":5,""physical_error_rate"":0.0001}","{""detection_events"":68245,""detectors_checked"":205240320}"
   1046528,         0,         0,   119.6,decoder_by_matrix,b84cf4b8ca220d31f17e1e2ea9ab927bbc4176b15682c650e7d1dd8f2758172b,"{""distance"":5,""physical_error_rate"":0.0005}","{""detection_events"":290770,""detectors_checked"":177909760}"
   1212416,         0,         0,   119.6,decoder_by_matrix,e41ade2e4684e0396b9a3890c882b6453b515d69885aa1d89a26ce21ec554895,"{""distance"":5,""physical_error_rate"":1e-06}","{""detection_events"":710,""detectors_checked"":206110720}"
   1113088,         2,         0,   119.7,decoder_by_matrix,b84cf4b8ca220d31f17e1e2ea9ab927bbc4176b15682c650e7d1dd8f2758172b,"{""distance"":5,""physical_error_rate"":0.0005}","{""detection_events"":312655,""detectors_checked"":189224960,""obs_mistake_mask=EE__"":1,""obs_mistake_mask=_E_E"":1}"
   1145856,       294,         0,   119.4,decoder_by_matrix,926aad2e192fb73fc0ac724cdb1e19af2dfa1e49635753b9cefb82507b443f08,"{""distance"":5,""physical_error_rate"":0.005}","{""detection_events"":3180320,""detectors_checked"":194795520,""obs_mistake_mask=EEE_"":8,""obs_mistake_mask=EE_E"":7,""obs_mistake_mask=EE__"":20,""obs_mistake_mask=E_EE"":4,""obs_mistake_mask=E_E_"":20,""obs_mistake_mask=E__E"":13,""obs_mistake_mask=E___"":51,""obs_mistake_mask=_EEE"":27,""obs_mistake_mask=_EE_"":15,""obs_mistake_mask=_E_E"":8,""obs_mistake_mask=_E__"":41,""obs_mistake_mask=__EE"":17,""obs_mistake_mask=__E_"":30,""obs_mistake_mask=___E"":33}"
   1141760,         0,         0,   119.5,decoder_by_matrix,9c6baee88fc81e7d1aa345fcb3feec7ee81f21c5d49cb6ca037118097d89e180,"{""distance"":5,""physical_error_rate"":5e-05}","{""detection_events"":32300,""detectors_checked"":194099200}"
   1154048,         0,         0,   119.3,decoder_by_matrix,9c6baee88fc81e7d1aa345fcb3feec7ee81f21c5d49cb6ca037118097d89e180,"{""distance"":5,""physical_error_rate"":5e-05}","{""detection_events"":32590,""detectors_checked"":196188160}"
   1227776,         0,         0,   119.7,decoder_by_matrix,0421d486f8a041838688df650e87c0a19c3450ab7a7cc8b3dc589ebff86d1c74,"{""distance"":5,""physical_error_rate"":0.0001}","{""detection_events"":70825,""detectors_checked"":208721920}"
   1226752,       301,         0,   119.3,decoder_by_matrix,926aad2e192fb73fc0ac724cdb1e19af2dfa1e49635753b9cefb82507b443f08,"{""distance"":5,""physical_error_rate"":0.005}","{""detection_events"":3412045,""detectors_checked"":208547840,""obs_mistake_mask=EEE_"":7,""obs_mistake_mask=EE_E"":6,""obs_mistake_mask=EE__"":31,""obs_mistake_mask=E_EE"":9,""obs_mistake_mask=E_E_"":31,""obs_mistake_mask=E__E"":19,""obs_mistake_mask=E___"":54,""obs_mistake_mask=_EEE"":19,""obs_mistake_mask=_EE_"":20,""obs_mistake_mask=_E_E"":14,""obs_mistake_mask=_E__"":28,""obs_mistake_mask=__EE"":13,""obs_mistake_mask=__E_"":18,""obs_mistake_mask=___E"":32}"
     34816,         6,         0,    4.27,decoder_by_matrix,926aad2e192fb73fc0ac724cdb1e19af2dfa1e49635753b9cefb82507b443f08,"{""distance"":5,""physical_error_rate"":0.005}","{""detection_events"":95735,""detectors_checked"":5918720,""obs_mistake_mask=EE__"":1,""obs_mistake_mask=_E_E"":1,""obs_mistake_mask=_E__"":1,""obs_mistake_mask=__E_"":2,""obs_mistake_mask=___E"":1}"
     70656,        16,         0,    6.79,decoder_by_matrix,926aad2e192fb73fc0ac724cdb1e19af2dfa1e49635753b9cefb82507b443f08,"{""distance"":5,""physical_error_rate"":0.005}","{""detection_events"":198390,""detectors_checked"":12011520,""obs_mistake_mask=EE__"":2,""obs_mistake_mask=E_EE"":1,""obs_mistake_mask=E__E"":1,""obs_mistake_mask=E___"":3,""obs_mistake_mask=_E__"":4,""obs_mistake_mask=__EE"":1,""obs_mistake_mask=__E_"":2,""obs_mistake_mask=___E"":2}"
     62464,        20,         0,    7.58,decoder_by_matrix,926aad2e192fb73fc0ac724cdb1e19af2dfa1e49635753b9cefb82507b443f08,"{""distance"":5,""physical_error_rate"":0.005}","{""detection_events"":172085,""detectors_checked"":10618880,""obs_mistake_mask=EE__"":3,""obs_mistake_mask=E__E"":1,""obs_mistake_mask=E___"":5,""obs_mistake_mask=_EEE"":2,""obs_mistake_mask=_EE_"":1,""obs_mistake_mask=_E_E"":2,""obs_mistake_mask=_E__"":3,""obs_mistake_mask=__E_"":2,""obs_mistake_mask=___E"":1}"
     61440,        14,         0,    5.91,decoder_by_matrix,926aad2e192fb73fc0ac724cdb1e19af2dfa1e49635753b9cefb82507b443f08,"{""distance"":5,""physical_error_rate"":0.005}","{""detection_events"":167825,""detectors_checked"":10444800,""obs_mistake_mask=EE_E"":1,""obs_mistake_mask=EE__"":1,""obs_mistake_mask=E_EE"":1,""obs_mistake_mask=E_E_"":1,""obs_mistake_mask=E__E"":1,""obs_mistake_mask=E___"":3,""obs_mistake_mask=_EE_"":2,""obs_mistake_mask=_E__"":2,""obs_mistake_mask=__EE"":1,""obs_mistake_mask=___E"":1}"
    934912,       237,         0,   108.4,decoder_by_matrix,926aad2e192fb73fc0ac724cdb1e19af2dfa1e49635753b9cefb82507b443f08,"{""distance"":5,""physical_error_rate"":0.005}","{""detection_events"":2615155,""detectors_checked"":158935040,""obs_mistake_mask=EEE_"":5,""obs_mistake_mask=EE_E"":8,""obs_mistake_mask=EE__"":22,""obs_mistake_mask=E_EE"":3,""obs_mistake_mask=E_E_"":12,""obs_mistake_mask=E__E"":16,""obs_mistake_mask=E___"":50,""obs_mistake_mask=_EEE"":18,""obs_mistake_mask=_EE_"":5,""obs_mistake_mask=_E_E"":11,""obs_mistake_mask=_E__"":21,""obs_mistake_mask=__EE"":19,""obs_mistake_mask=__E_"":17,""obs_mistake_mask=___E"":30}"
         1,         0,         0,   0.054,decoder_by_matrix,fa5edda0c1038186c8afbec49b0215a0b852396cdb50783a3f937fdf51d2afac,"{""distance"":5,""physical_error_rate"":1e-05}","{""detectors_checked"":170}"
         1,         0,         0,   0.077,decoder_by_matrix,3c866087b289edc25e9adea730044a15db18cabfd3ae2507fc844d5b4e03657a,"{""distance"":5,""physical_error_rate"":5e-06}","{""detectors_checked"":170}"
         1,         0,         0,   0.067,decoder_by_matrix,e41ade2e4684e0396b9a3890c882b6453b515d69885aa1d89a26ce21ec554895,"{""distance"":5,""physical_error_rate"":1e-06}","{""detectors_checked"":170}"
         1,         0,         0,   0.066,decoder_by_matrix,9c6baee88fc81e7d1aa345fcb3feec7ee81f21c5d49cb6ca037118097d89e180,"{""distance"":5,""physical_error_rate"":5e-05}","{""detectors_checked"":170}"
         1,         0,         0,   0.079,decoder_by_matrix,b84cf4b8ca220d31f17e1e2ea9ab927bbc4176b15682c650e7d1dd8f2758172b,"{""distance"":5,""physical_error_rate"":0.0005}","{""detectors_checked"":170}"
         1,         0,         0,   0.086,decoder_by_matrix,0421d486f8a041838688df650e87c0a19c3450ab7a7cc8b3dc589ebff86d1c74,"{""distance"":5,""physical_error_rate"":0.0001}","{""detectors_checked"":170}"
         8,         0,         0,   0.083,decoder_by_matrix,fa5edda0c1038186c8afbec49b0215a0b852396cdb50783a3f937fdf51d2afac,"{""distance"":5,""physical_error_rate"":1e-05}","{""detectors_checked"":1360}"
         8,         0,         0,   0.083,decoder_by_matrix,e41ade2e4684e0396b9a3890c882b6453b515d69885aa1d89a26ce21ec554895,"{""distance"":5,""physical_error_rate"":1e-06}","{""detectors_checked"":1360}"
         8,         0,         0,   0.083,decoder_by_matrix,9c6baee88fc81e7d1aa345fcb3feec7ee81f21c5d49cb6ca037118097d89e180,"{""distance"":5,""physical_error_rate"":5e-05}","{""detectors_checked"":1360}"
         4,         0,         0,   0.082,decoder_by_matrix,b84cf4b8ca220d31f17e1e2ea9ab927bbc4176b15682c650e7d1dd8f2758172b,"{""distance"":5,""physical_error_rate"":0.0005}","{""detectors_checked"":680}"
         4,         0,         0,   0.113,decoder_by_matrix,3c866087b289edc25e9adea730044a15db18cabfd3ae2507fc844d5b4e03657a,"{""distance"":5,""physical_error_rate"":5e-06}","{""detectors_checked"":680}"
         4,         0,         0,   0.128,decoder_by_matrix,0421d486f8a041838688df650e87c0a19c3450ab7a7cc8b3dc589ebff86d1c74,"{""distance"":5,""physical_error_rate"":0.0001}","{""detectors_checked"":680}"
        32,         0,         0,   0.083,decoder_by_matrix,fa5edda0c1038186c8afbec49b0215a0b852396cdb50783a3f937fdf51d2afac,"{""distance"":5,""physical_error_rate"":1e-05}","{""detectors_checked"":5440}"
        32,         0,         0,   0.083,decoder_by_matrix,e41ade2e4684e0396b9a3890c882b6453b515d69885aa1d89a26ce21ec554895,"{""distance"":5,""physical_error_rate"":1e-06}","{""detectors_checked"":5440}"
        32,         0,         0,   0.082,decoder_by_matrix,9c6baee88fc81e7d1aa345fcb3feec7ee81f21c5d49cb6ca037118097d89e180,"{""distance"":5,""physical_error_rate"":5e-05}","{""detectors_checked"":5440}"
        16,         0,         0,   0.099,decoder_by_matrix,b84cf4b8ca220d31f17e1e2ea9ab927bbc4176b15682c650e7d1dd8f2758172b,"{""distance"":5,""physical_error_rate"":0.0005}","{""detectors_checked"":2720}"
       128,         0,         0,   0.085,decoder_by_matrix,fa5edda0c1038186c8afbec49b0215a0b852396cdb50783a3f937fdf51d2afac,"{""distance"":5,""physical_error_rate"":1e-05}","{""detectors_checked"":21760}"
        16,         0,         0,   0.113,decoder_by_matrix,3c866087b289edc25e9adea730044a15db18cabfd3ae2507fc844d5b4e03657a,"{""distance"":5,""physical_error_rate"":5e-06}","{""detectors_checked"":2720}"
       128,         0,         0,   0.084,decoder_by_matrix,e41ade2e4684e0396b9a3890c882b6453b515d69885aa1d89a26ce21ec554895,"{""distance"":5,""physical_error_rate"":1e-06}","{""detectors_checked"":21760}"
       128,         0,         0,   0.079,decoder_by_matrix,9c6baee88fc81e7d1aa345fcb3feec7ee81f21c5d49cb6ca037118097d89e180,"{""distance"":5,""physical_error_rate"":5e-05}","{""detectors_checked"":21760}"
        16,         0,         0,   0.146,decoder_by_matrix,0421d486f8a041838688df650e87c0a19c3450ab7a7cc8b3dc589ebff86d1c74,"{""distance"":5,""physical_error_rate"":0.0001}","{""detectors_checked"":2720}"
       512,         0,         0,   0.080,decoder_by_matrix,fa5edda0c1038186c8afbec49b0215a0b852396cdb50783a3f937fdf51d2afac,"{""distance"":5,""physical_error_rate"":1e-05}","{""detectors_checked"":87040}"
        64,         0,         0,   0.115,decoder_by_matrix,b84cf4b8ca220d31f17e1e2ea9ab927bbc4176b15682c650e7d1dd8f2758172b,"{""distance"":5,""physical_error_rate"":0.0005}","{""detection_events"":40,""detectors_checked"":10880}"
        64,         0,         0,   0.112,decoder_by_matrix,3c866087b289edc25e9adea730044a15db18cabfd3ae2507fc844d5b4e03657a,"{""distance"":5,""physical_error_rate"":5e-06}","{""detectors_checked"":10880}"
       512,         0,         0,   0.094,decoder_by_matrix,9c6baee88fc81e7d1aa345fcb3feec7ee81f21c5d49cb6ca037118097d89e180,"{""distance"":5,""physical_error_rate"":5e-05}","{""detection_events"":120,""detectors_checked"":87040}"
      1024,         0,         0,   0.085,decoder_by_matrix,fa5edda0c1038186c8afbec49b0215a0b852396cdb50783a3f937fdf51d2afac,"{""distance"":5,""physical_error_rate"":1e-05}","{""detection_events"":10,""detectors_checked"":174080}"
        64,         0,         0,   0.128,decoder_by_matrix,0421d486f8a041838688df650e87c0a19c3450ab7a7cc8b3dc589ebff86d1c74,"{""distance"":5,""physical_error_rate"":0.0001}","{""detectors_checked"":10880}"
       512,         0,         0,   0.188,decoder_by_matrix,e41ade2e4684e0396b9a3890c882b6453b515d69885aa1d89a26ce21ec554895,"{""distance"":5,""physical_error_rate"":1e-06}","{""detectors_checked"":87040}"
       256,         0,         0,   0.111,decoder_by_matrix,b84cf4b8ca220d31f17e1e2ea9ab927bbc4176b15682c650e7d1dd8f2758172b,"{""distance"":5,""physical_error_rate"":0.0005}","{""detection_events"":50,""detectors_checked"":43520}"
      1024,         0,         0,   0.081,decoder_by_matrix,9c6baee88fc81e7d1aa345fcb3feec7ee81f21c5d49cb6ca037118097d89e180,"{""distance"":5,""physical_error_rate"":5e-05}","{""detection_events"":15,""detectors_checked"":174080}"
       256,         0,         0,   0.111,decoder_by_matrix,3c866087b289edc25e9adea730044a15db18cabfd3ae2507fc844d5b4e03657a,"{""distance"":5,""physical_error_rate"":5e-06}","{""detectors_checked"":43520}"
      1024,         0,         0,   0.104,decoder_by_matrix,fa5edda0c1038186c8afbec49b0215a0b852396cdb50783a3f937fdf51d2afac,"{""distance"":5,""physical_error_rate"":1e-05}","{""detection_events"":5,""detectors_checked"":174080}"
      1024,         0,         0,   0.095,decoder_by_matrix,e41ade2e4684e0396b9a3890c882b6453b515d69885aa1d89a26ce21ec554895,"{""distance"":5,""physical_error_rate"":1e-06}","{""detectors_checked"":174080}"
      1024,         0,         0,   0.083,decoder_by_matrix,9c6baee88fc81e7d1aa345fcb3feec7ee81f21c5d49cb6ca037118097d89e180,"{""distance"":5,""physical_error_rate"":5e-05}","{""detectors_checked"":174080}"
       256,         0,         0,   0.148,decoder_by_matrix,0421d486f8a041838688df650e87c0a19c3450ab7a7cc8b3dc589ebff86d1c74,"{""distance"":5,""physical_error_rate"":0.0001}","{""detection_events"":20,""detectors_checked"":43520}"
      1024,         0,         0,   0.140,decoder_by_matrix,b84cf4b8ca220d31f17e1e2ea9ab927bbc4176b15682c650e7d1dd8f2758172b,"{""distance"":5,""physical_error_rate"":0.0005}","{""detection_events"":340,""detectors_checked"":174080}"
      1024,         0,         0,   0.105,decoder_by_matrix,3c866087b289edc25e9adea730044a15db18cabfd3ae2507fc844d5b4e03657a,"{""distance"":5,""physical_error_rate"":5e-06}","{""detectors_checked"":174080}"
      1024,         0,         0,   0.097,decoder_by_matrix,e41ade2e4684e0396b9a3890c882b6453b515d69885aa1d89a26ce21ec554895,"{""distance"":5,""physical_error_rate"":1e-06}","{""detectors_checked"":174080}"
      2048,         0,         0,   0.190,decoder_by_matrix,fa5edda0c1038186c8afbec49b0215a0b852396cdb50783a3f937fdf51d2afac,"{""distance"":5,""physical_error_rate"":1e-05}","{""detectors_checked"":348160}"
      1024,         0,         0,   0.120,decoder_by_matrix,3c866087b289edc25e9adea730044a15db18cabfd3ae2507fc844d5b4e03657a,"{""distance"":5,""physical_error_rate"":5e-06}","{""detectors_checked"":174080}"
      1024,         0,         0,   0.134,decoder_by_matrix,b84cf4b8ca220d31f17e1e2ea9ab927bbc4176b15682c650e7d1dd8f2758172b,"{""distance"":5,""physical_error_rate"":0.0005}","{""detection_events"":295,""detectors_checked"":174080}"
      1024,         0,         0,   0.154,decoder_by_matrix,0421d486f8a041838688df650e87c0a19c3450ab7a7cc8b3dc589ebff86d1c74,"{""distance"":5,""physical_error_rate"":0.0001}","{""detection_events"":75,""detectors_checked"":174080}"
      2048,         0,         0,   0.187,decoder_by_matrix,9c6baee88fc81e7d1aa345fcb3feec7ee81f21c5d49cb6ca037118097d89e180,"{""distance"":5,""physical_error_rate"":5e-05}","{""detection_events"":70,""detectors_checked"":348160}"
      2048,         0,         0,   0.172,decoder_by_matrix,e41ade2e4684e0396b9a3890c882b6453b515d69885aa1d89a26ce21ec554895,"{""distance"":5,""physical_error_rate"":1e-06}","{""detectors_checked"":348160}"
      1024,         0,         0,   0.114,decoder_by_matrix,3c866087b289edc25e9adea730044a15db18cabfd3ae2507fc844d5b4e03657a,"{""distance"":5,""physical_error_rate"":5e-06}","{""detectors_checked"":174080}"
      1024,         0,         0,   0.114,decoder_by_matrix,0421d486f8a041838688df650e87c0a19c3450ab7a7cc8b3dc589ebff86d1c74,"{""distance"":5,""physical_error_rate"":0.0001}","{""detection_events"":30,""detectors_checked"":174080}"
      1024,         0,         0,   0.131,decoder_by_matrix,b84cf4b8ca220d31f17e1e2ea9ab927bbc4176b15682c650e7d1dd8f2758172b,"{""distance"":5,""physical_error_rate"":0.0005}","{""detection_events"":190,""detectors_checked"":174080}"
      2048,         0,         0,   0.174,decoder_by_matrix,fa5edda0c1038186c8afbec49b0215a0b852396cdb50783a3f937fdf51d2afac,"{""distance"":5,""physical_error_rate"":1e-05}","{""detection_events"":5,""detectors_checked"":348160}"
      2048,         0,         0,   0.185,decoder_by_matrix,9c6baee88fc81e7d1aa345fcb3feec7ee81f21c5d49cb6ca037118097d89e180,"{""distance"":5,""physical_error_rate"":5e-05}","{""detection_events"":5,""detectors_checked"":348160}"
      1024,         0,         0,   0.114,decoder_by_matrix,0421d486f8a041838688df650e87c0a19c3450ab7a7cc8b3dc589ebff86d1c74,"{""distance"":5,""physical_error_rate"":0.0001}","{""detection_events"":110,""detectors_checked"":174080}"
      2048,         0,         0,   0.171,decoder_by_matrix,e41ade2e4684e0396b9a3890c882b6453b515d69885aa1d89a26ce21ec554895,"{""distance"":5,""physical_error_rate"":1e-06}","{""detectors_checked"":348160}"
      2048,         0,         0,   0.255,decoder_by_matrix,b84cf4b8ca220d31f17e1e2ea9ab927bbc4176b15682c650e7d1dd8f2758172b,"{""distance"":5,""physical_error_rate"":0.0005}","{""detection_events"":630,""detectors_checked"":348160}"
      2048,         0,         0,   0.287,decoder_by_matrix,3c866087b289edc25e9adea730044a15db18cabfd3ae2507fc844d5b4e03657a,"{""distance"":5,""physical_error_rate"":5e-06}","{""detection_events"":5,""detectors_checked"":348160}"
      3072,         0,         0,   0.274,decoder_by_matrix,fa5edda0c1038186c8afbec49b0215a0b852396cdb50783a3f937fdf51d2afac,"{""distance"":5,""physical_error_rate"":1e-05}","{""detection_events"":10,""detectors_checked"":522240}"
      3072,         0,         0,   0.264,decoder_by_matrix,9c6baee88fc81e7d1aa345fcb3feec7ee81f21c5d49cb6ca037118097d89e180,"{""distance"":5,""physical_error_rate"":5e-05}","{""detection_events"":170,""detectors_checked"":522240}"
      2048,         0,         0,   0.225,decoder_by_matrix,0421d486f8a041838688df650e87c0a19c3450ab7a7cc8b3dc589ebff86d1c74,"{""distance"":5,""physical_error_rate"":0.0001}","{""detection_events"":65,""detectors_checked"":348160}"
      3072,         0,         0,   0.247,decoder_by_matrix,e41ade2e4684e0396b9a3890c882b6453b515d69885aa1d89a26ce21ec554895,"{""distance"":5,""physical_error_rate"":1e-06}","{""detectors_checked"":522240}"
      2048,         0,         0,   0.243,decoder_by_matrix,b84cf4b8ca220d31f17e1e2ea9ab927bbc4176b15682c650e7d1dd8f2758172b,"{""distance"":5,""physical_error_rate"":0.0005}","{""detection_events"":490,""detectors_checked"":348160}"
      2048,         0,         0,   0.229,decoder_by_matrix,3c866087b289edc25e9adea730044a15db18cabfd3ae2507fc844d5b4e03657a,"{""distance"":5,""physical_error_rate"":5e-06}","{""detectors_checked"":348160}"
      4096,         0,         0,   0.329,decoder_by_matrix,fa5edda0c1038186c8afbec49b0215a0b852396cdb50783a3f937fdf51d2afac,"{""distance"":5,""physical_error_rate"":1e-05}","{""detectors_checked"":696320}"
      2048,         0,         0,   0.316,decoder_by_matrix,0421d486f8a041838688df650e87c0a19c3450ab7a7cc8b3dc589ebff86d1c74,"{""distance"":5,""physical_error_rate"":0.0001}","{""detection_events"":100,""detectors_checked"":348160}"
      4096,         0,         0,   0.365,decoder_by_matrix,9c6baee88fc81e7d1aa345fcb3feec7ee81f21c5d49cb6ca037118097d89e180,"{""distance"":5,""physical_error_rate"":5e-05}","{""detection_events"":115,""detectors_checked"":696320}"
      4096,         0,         0,   0.343,decoder_by_matrix,e41ade2e4684e0396b9a3890c882b6453b515d69885aa1d89a26ce21ec554895,"{""distance"":5,""physical_error_rate"":1e-06}","{""detectors_checked"":696320}"
      3072,         0,         0,   0.341,decoder_by_matrix,3c866087b289edc25e9adea730044a15db18cabfd3ae2507fc844d5b4e03657a,"{""distance"":5,""physical_error_rate"":5e-06}","{""detectors_checked"":522240}"
      3072,         0,         0,   0.365,decoder_by_matrix,b84cf4b8ca220d31f17e1e2ea9ab927bbc4176b15682c650e7d1dd8f2758172b,"{""distance"":5,""physical_error_rate"":0.0005}","{""detection_events"":595,""detectors_checked"":522240}"
      2048,         0,         0,   0.302,decoder_by_matrix,0421d486f8a041838688df650e87c0a19c3450ab7a7cc8b3dc589ebff86d1c74,"{""distance"":5,""physical_error_rate"":0.0001}","{""detection_events"":90,""detectors_checked"":348160}"
      5120,         0,         0,   0.440,decoder_by_matrix,fa5edda0c1038186c8afbec49b0215a0b852396cdb50783a3f937fdf51d2afac,"{""distance"":5,""physical_error_rate"":1e-05}","{""detection_events"":20,""detectors_checked"":870400}"
   1145856,         0,         0,   119.6,decoder_by_matrix,3c866087b289edc25e9adea730044a15db18cabfd3ae2507fc844d5b4e03657a,"{""distance"":5,""physical_error_rate"":5e-06}","{""detection_events"":3305,""detectors_checked"":194795520}"
      5120,         0,         0,   0.461,decoder_by_matrix,9c6baee88fc81e7d1aa345fcb3feec7ee81f21c5d49cb6ca037118097d89e180,"{""distance"":5,""physical_error_rate"":5e-05}","{""detection_events"":55,""detectors_checked"":870400}"
      5120,         0,         0,   0.432,decoder_by_matrix,e41ade2e4684e0396b9a3890c882b6453b515d69885aa1d89a26ce21ec554895,"{""distance"":5,""physical_error_rate"":1e-06}","{""detection_events"":5,""detectors_checked"":870400}"
      4096,         0,         0,   0.475,decoder_by_matrix,3c866087b289edc25e9adea730044a15db18cabfd3ae2507fc844d5b4e03657a,"{""distance"":5,""physical_error_rate"":5e-06}","{""detection_events"":5,""detectors_checked"":696320}"
      4096,         0,         0,   0.504,decoder_by_matrix,b84cf4b8ca220d31f17e1e2ea9ab927bbc4176b15682c650e7d1dd8f2758172b,"{""distance"":5,""physical_error_rate"":0.0005}","{""detection_events"":1475,""detectors_checked"":696320}"
      3072,         0,         0,   0.453,decoder_by_matrix,0421d486f8a041838688df650e87c0a19c3450ab7a7cc8b3dc589ebff86d1c74,"{""distance"":5,""physical_error_rate"":0.0001}","{""detection_events"":155,""detectors_checked"":522240}"
    957440,         0,         0,   119.7,decoder_by_matrix,e41ade2e4684e0396b9a3890c882b6453b515d69885aa1d89a26ce21ec554895,"{""distance"":5,""physical_error_rate"":1e-06}","{""detection_events"":550,""detectors_checked"":162764800}"
      7168,         0,         0,   0.591,decoder_by_matrix,fa5edda0c1038186c8afbec49b0215a0b852396cdb50783a3f937fdf51d2afac,"{""distance"":5,""physical_error_rate"":1e-05}","{""detection_events"":60,""detectors_checked"":1218560}"
      7168,         0,         0,   0.629,decoder_by_matrix,9c6baee88fc81e7d1aa345fcb3feec7ee81f21c5d49cb6ca037118097d89e180,"{""distance"":5,""physical_error_rate"":5e-05}","{""detection_events"":115,""detectors_checked"":1218560}"
      7168,         0,         0,   0.629,decoder_by_matrix,e41ade2e4684e0396b9a3890c882b6453b515d69885aa1d89a26ce21ec554895,"{""distance"":5,""physical_error_rate"":1e-06}","{""detection_events"":20,""detectors_checked"":1218560}"
      5120,         0,         0,   0.582,decoder_by_matrix,3c866087b289edc25e9adea730044a15db18cabfd3ae2507fc844d5b4e03657a,"{""distance"":5,""physical_error_rate"":5e-06}","{""detection_events"":10,""detectors_checked"":870400}"
      5120,         0,         0,   0.616,decoder_by_matrix,b84cf4b8ca220d31f17e1e2ea9ab927bbc4176b15682c650e7d1dd8f2758172b,"{""distance"":5,""physical_error_rate"":0.0005}","{""detection_events"":1170,""detectors_checked"":870400}"
      4096,         0,         0,   0.597,decoder_by_matrix,0421d486f8a041838688df650e87c0a19c3450ab7a7cc8b3dc589ebff86d1c74,"{""distance"":5,""physical_error_rate"":0.0001}","{""detection_events"":285,""detectors_checked"":696320}"
      9216,         0,         0,   0.813,decoder_by_matrix,fa5edda0c1038186c8afbec49b0215a0b852396cdb50783a3f937fdf51d2afac,"{""distance"":5,""physical_error_rate"":1e-05}","{""detection_events"":55,""detectors_checked"":1566720}"
      9216,         0,         0,   0.799,decoder_by_matrix,9c6baee88fc81e7d1aa345fcb3feec7ee81f21c5d49cb6ca037118097d89e180,"{""distance"":5,""physical_error_rate"":5e-05}","{""detection_events"":335,""detectors_checked"":1566720}"
     10240,         0,         0,   0.865,decoder_by_matrix,e41ade2e4684e0396b9a3890c882b6453b515d69885aa1d89a26ce21ec554895,"{""distance"":5,""physical_error_rate"":1e-06}","{""detectors_checked"":1740800}"
      7168,         0,         0,   0.840,decoder_by_matrix,3c866087b289edc25e9adea730044a15db18cabfd3ae2507fc844d5b4e03657a,"{""distance"":5,""physical_error_rate"":5e-06}","{""detection_events"":60,""detectors_checked"":1218560}"
      7168,         0,         0,   0.819,decoder_by_matrix,b84cf4b8ca220d31f17e1e2ea9ab927bbc4176b15682c650e7d1dd8f2758172b,"{""distance"":5,""physical_error_rate"":0.0005}","{""detection_events"":2055,""detectors_checked"":1218560}"
      6144,         0,         0,   0.925,decoder_by_matrix,0421d486f8a041838688df650e87c0a19c3450ab7a7cc8b3dc589ebff86d1c74,"{""distance"":5,""physical_error_rate"":0.0001}","{""detection_events"":380,""detectors_checked"":1044480}"
     13312,         0,         0,    1.15,decoder_by_matrix,fa5edda0c1038186c8afbec49b0215a0b852396cdb50783a3f937fdf51d2afac,"{""distance"":5,""physical_error_rate"":1e-05}","{""detection_events"":60,""detectors_checked"":2263040}"
     12288,         0,         0,    1.10,decoder_by_matrix,9c6baee88fc81e7d1aa345fcb3feec7ee81f21c5d49cb6ca037118097d89e180,"{""distance"":5,""physical_error_rate"":5e-05}","{""detection_events"":390,""detectors_checked"":2088960}"
     13312,         0,         0,    1.15,decoder_by_matrix,e41ade2e4684e0396b9a3890c882b6453b515d69885aa1d89a26ce21ec554895,"{""distance"":5,""physical_error_rate"":1e-06}","{""detection_events"":30,""detectors_checked"":2263040}"
      9216,         0,         0,    1.12,decoder_by_matrix,b84cf4b8ca220d31f17e1e2ea9ab927bbc4176b15682c650e7d1dd8f2758172b,"{""distance"":5,""physical_error_rate"":0.0005}","{""detection_events"":2380,""detectors_checked"":1566720}"
     10240,         0,         0,    1.18,decoder_by_matrix,3c866087b289edc25e9adea730044a15db18cabfd3ae2507fc844d5b4e03657a,"{""distance"":5,""physical_error_rate"":5e-06}","{""detection_events"":35,""detectors_checked"":1740800}"
      8192,         0,         0,    1.20,decoder_by_matrix,0421d486f8a041838688df650e87c0a19c3450ab7a7cc8b3dc589ebff86d1c74,"{""distance"":5,""physical_error_rate"":0.0001}","{""detection_events"":455,""detectors_checked"":1392640}"
   1134592,         4,         0,   119.7,decoder_by_matrix,066a5d8d46981b593c3dec855f441edbe9e755a8873183448f69d036a2ecc650,"{""distance"":5,""physical_error_rate"":0.001}","{""detection_events"":640000,""detectors_checked"":192880640,""obs_mistake_mask=E_E_"":1,""obs_mistake_mask=E__E"":1,""obs_mistake_mask=_E_E"":2}"
     17408,         0,         0,    1.57,decoder_by_matrix,9c6baee88fc81e7d1aa345fcb3feec7ee81f21c5d49cb6ca037118097d89e180,"{""distance"":5,""physical_error_rate"":5e-05}","{""detection_events"":610,""detectors_checked"":2959360}"
     18432,         0,         0,    1.60,decoder_by_matrix,fa5edda0c1038186c8afbec49b0215a0b852396cdb50783a3f937fdf51d2afac,"{""distance"":5,""physical_error_rate"":1e-05}","{""detection_events"":130,""detectors_checked"":3133440}"
     18432,         0,         0,    1.61,decoder_by_matrix,e41ade2e4684e0396b9a3890c882b6453b515d69885aa1d89a26ce21ec554895,"{""distance"":5,""physical_error_rate"":1e-06}","{""detectors_checked"":3133440}"
     14336,         0,         0,    1.65,decoder_by_matrix,3c866087b289edc25e9adea730044a15db18cabfd3ae2507fc844d5b4e03657a,"{""distance"":5,""physical_error_rate"":5e-06}","{""detection_events"":85,""detectors_checked"":2437120}"
     12288,         0,         0,    1.68,decoder_by_matrix,b84cf4b8ca220d31f17e1e2ea9ab927bbc4176b15682c650e7d1dd8f2758172b,"{""distance"":5,""physical_error_rate"":0.0005}","{""detection_events"":3475,""detectors_checked"":2088960}"
     11264,         0,         0,    1.67,decoder_by_matrix,0421d486f8a041838688df650e87c0a19c3450ab7a7cc8b3dc589ebff86d1c74,"{""distance"":5,""physical_error_rate"":0.0001}","{""detection_events"":625,""detectors_checked"":1914880}"
     24576,         0,         0,    2.21,decoder_by_matrix,9c6baee88fc81e7d1aa345fcb3feec7ee81f21c5d49cb6ca037118097d89e180,"{""distance"":5,""physical_error_rate"":5e-05}","{""detection_events"":815,""detectors_checked"":4177920}"
     25600,         0,         0,    2.23,decoder_by_matrix,fa5edda0c1038186c8afbec49b0215a0b852396cdb50783a3f937fdf51d2afac,"{""distance"":5,""physical_error_rate"":1e-05}","{""detection_events"":195,""detectors_checked"":4352000}"
     25600,         0,         0,    2.25,decoder_by_matrix,e41ade2e4684e0396b9a3890c882b6453b515d69885aa1d89a26ce21ec554895,"{""distance"":5,""physical_error_rate"":1e-06}","{""detectors_checked"":4352000}"
     18432,         0,         0,    2.20,decoder_by_matrix,b84cf4b8ca220d31f17e1e2ea9ab927bbc4176b15682c650e7d1dd8f2758172b,"{""distance"":5,""physical_error_rate"":0.0005}","{""detection_events"":5575,""detectors_checked"":3133440}"
     18432,         0,         0,    2.24,decoder_by_matrix,3c866087b289edc25e9adea730044a15db18cabfd3ae2507fc844d5b4e03657a,"{""distance"":5,""physical_error_rate"":5e-06}","{""detection_events"":50,""detectors_checked"":3133440}"
     15360,         0,         0,    2.30,decoder_by_matrix,0421d486f8a041838688df650e87c0a19c3450ab7a7cc8b3dc589ebff86d1c74,"{""distance"":5,""physical_error_rate"":0.0001}","{""detection_events"":1005,""detectors_checked"":2611200}"
   1219584,         0,         0,   119.6,decoder_by_matrix,fa5edda0c1038186c8afbec49b0215a0b852396cdb50783a3f937fdf51d2afac,"{""distance"":5,""physical_error_rate"":1e-05}","{""detection_events"":7695,""detectors_checked"":207329280}"
    873472,         0,         0,   119.4,decoder_by_matrix,9c6baee88fc81e7d1aa345fcb3feec7ee81f21c5d49cb6ca037118097d89e180,"{""distance"":5,""physical_error_rate"":5e-05}","{""detection_events"":24945,""detectors_checked"":148490240}"
   1179648,         0,         0,   119.4,decoder_by_matrix,b84cf4b8ca220d31f17e1e2ea9ab927bbc4176b15682c650e7d1dd8f2758172b,"{""distance"":5,""physical_error_rate"":0.0005}","{""detection_events"":339705,""detectors_checked"":200540160}"
     32768,         0,         0,    3.06,decoder_by_matrix,9c6baee88fc81e7d1aa345fcb3feec7ee81f21c5d49cb6ca037118097d89e180,"{""distance"":5,""physical_error_rate"":5e-05}","{""detection_events"":1055,""detectors_checked"":5570560}"
     34816,         0,         0,    3.02,decoder_by_matrix,fa5edda0c1038186c8afbec49b0215a0b852396cdb50783a3f937fdf51d2afac,"{""distance"":5,""physical_error_rate"":1e-05}","{""detection_events"":290,""detectors_checked"":5918720}"
     35840,         0,         0,    3.11,decoder_by_matrix,e41ade2e4684e0396b9a3890c882b6453b515d69885aa1d89a26ce21ec554895,"{""distance"":5,""physical_error_rate"":1e-06}","{""detectors_checked"":6092800}"
     25600,         0,         0,    3.05,decoder_by_matrix,b84cf4b8ca220d31f17e1e2ea9ab927bbc4176b15682c650e7d1dd8f2758172b,"{""distance"":5,""physical_error_rate"":0.0005}","{""detection_events"":7135,""detectors_checked"":4352000}"
     26624,         0,         0,    3.05,decoder_by_matrix,3c866087b289edc25e9adea730044a15db18cabfd3ae2507fc844d5b4e03657a,"{""distance"":5,""physical_error_rate"":5e-06}","{""detection_events"":55,""detectors_checked"":4526080}"
     20480,         0,         0,    3.02,decoder_by_matrix,0421d486f8a041838688df650e87c0a19c3450ab7a7cc8b3dc589ebff86d1c74,"{""distance"":5,""physical_error_rate"":0.0001}","{""detection_events"":1355,""detectors_checked"":3481600}"
     50176,         0,         0,    4.26,decoder_by_matrix,9c6baee88fc81e7d1aa345fcb3feec7ee81f21c5d49cb6ca037118097d89e180,"{""distance"":5,""physical_error_rate"":5e-05}","{""detection_events"":1380,""detectors_checked"":8529920}"
     56320,         0,         0,    4.31,decoder_by_matrix,fa5edda0c1038186c8afbec49b0215a0b852396cdb50783a3f937fdf51d2afac,"{""distance"":5,""physical_error_rate"":1e-05}","{""detection_events"":185,""detectors_checked"":9574400}"
     49152,         0,         0,    4.32,decoder_by_matrix,e41ade2e4684e0396b9a3890c882b6453b515d69885aa1d89a26ce21ec554895,"{""distance"":5,""physical_error_rate"":1e-06}","{""detection_events"":85,""detectors_checked"":8355840}"
     35840,         0,         0,    4.34,decoder_by_matrix,b84cf4b8ca220d31f17e1e2ea9ab927bbc4176b15682c650e7d1dd8f2758172b,"{""distance"":5,""physical_error_rate"":0.0005}","{""detection_events"":10305,""detectors_checked"":6092800}"
     37888,         0,         0,    4.39,decoder_by_matrix,3c866087b289edc25e9adea730044a15db18cabfd3ae2507fc844d5b4e03657a,"{""distance"":5,""physical_error_rate"":5e-06}","{""detection_events"":170,""detectors_checked"":6440960}"
     28672,         0,         0,    4.27,decoder_by_matrix,0421d486f8a041838688df650e87c0a19c3450ab7a7cc8b3dc589ebff86d1c74,"{""distance"":5,""physical_error_rate"":0.0001}","{""detection_events"":1575,""detectors_checked"":4874240}"
     66560,         0,         0,    5.95,decoder_by_matrix,9c6baee88fc81e7d1aa345fcb3feec7ee81f21c5d49cb6ca037118097d89e180,"{""distance"":5,""physical_error_rate"":5e-05}","{""detection_events"":1770,""detectors_checked"":11315200}"
     67584,         0,         0,    6.02,decoder_by_matrix,fa5edda0c1038186c8afbec49b0215a0b852396cdb50783a3f937fdf51d2afac,"{""distance"":5,""physical_error_rate"":1e-05}","{""detection_events"":255,""detectors_checked"":11489280}"
     68608,         0,         0,    5.98,decoder_by_matrix,e41ade2e4684e0396b9a3890c882b6453b515d69885aa1d89a26ce21ec554895,"{""distance"":5,""physical_error_rate"":1e-06}","{""detection_events"":65,""detectors_checked"":11663360}"
     50176,         0,         0,    6.02,decoder_by_matrix,b84cf4b8ca220d31f17e1e2ea9ab927bbc4176b15682c650e7d1dd8f2758172b,"{""distance"":5,""physical_error_rate"":0.0005}","{""detection_events"":14570,""detectors_checked"":8529920}"
     52224,         0,         0,    5.99,decoder_by_matrix,3c866087b289edc25e9adea730044a15db18cabfd3ae2507fc844d5b4e03657a,"{""distance"":5,""physical_error_rate"":5e-06}","{""detection_events"":45,""detectors_checked"":8878080}"
     38912,         0,         0,    5.91,decoder_by_matrix,0421d486f8a041838688df650e87c0a19c3450ab7a7cc8b3dc589ebff86d1c74,"{""distance"":5,""physical_error_rate"":0.0001}","{""detection_events"":2105,""detectors_checked"":6615040}"
     94208,         0,         0,    8.40,decoder_by_matrix,9c6baee88fc81e7d1aa345fcb3feec7ee81f21c5d49cb6ca037118097d89e180,"{""distance"":5,""physical_error_rate"":5e-05}","{""detection_events"":2520,""detectors_checked"":16015360}"
     95232,         0,         0,    8.33,decoder_by_matrix,fa5edda0c1038186c8afbec49b0215a0b852396cdb50783a3f937fdf51d2afac,"{""distance"":5,""physical_error_rate"":1e-05}","{""detection_events"":615,""detectors_checked"":16189440}"
     97280,         0,         0,    8.43,decoder_by_matrix,e41ade2e4684e0396b9a3890c882b6453b515d69885aa1d89a26ce21ec554895,"{""distance"":5,""physical_error_rate"":1e-06}","{""detection_events"":10,""detectors_checked"":16537600}"
     70656,         0,         0,    8.39,decoder_by_matrix,b84cf4b8ca220d31f17e1e2ea9ab927bbc4176b15682c650e7d1dd8f2758172b,"{""distance"":5,""physical_error_rate"":0.0005}","{""detection_events"":21385,""detectors_checked"":12011520}"
     71680,         0,         0,    8.42,decoder_by_matrix,3c866087b289edc25e9adea730044a15db18cabfd3ae2507fc844d5b4e03657a,"{""distance"":5,""physical_error_rate"":5e-06}","{""detection_events"":205,""detectors_checked"":12185600}"
     56320,         0,         0,    8.39,decoder_by_matrix,0421d486f8a041838688df650e87c0a19c3450ab7a7cc8b3dc589ebff86d1c74,"{""distance"":5,""physical_error_rate"":0.0001}","{""detection_events"":3275,""detectors_checked"":9574400}"
    119808,         0,         0,    11.7,decoder_by_matrix,9c6baee88fc81e7d1aa345fcb3feec7ee81f21c5d49cb6ca037118097d89e180,"{""distance"":5,""physical_error_rate"":5e-05}","{""detection_events"":3480,""detectors_checked"":20367360}"
    124928,         0,         0,    11.7,decoder_by_matrix,fa5edda0c1038186c8afbec49b0215a0b852396cdb50783a3f937fdf51d2afac,"{""distance"":5,""physical_error_rate"":1e-05}","{""detection_events"":700,""detectors_checked"":21237760}"
    122880,         0,         0,    11.7,decoder_by_matrix,e41ade2e4684e0396b9a3890c882b6453b515d69885aa1d89a26ce21ec554895,"{""distance"":5,""physical_error_rate"":1e-06}","{""detection_events"":25,""detectors_checked"":20889600}"
     98304,         0,         0,    11.7,decoder_by_matrix,b84cf4b8ca220d31f17e1e2ea9ab927bbc4176b15682c650e7d1dd8f2758172b,"{""distance"":5,""physical_error_rate"":0.0005}","{""detection_events"":28410,""detectors_checked"":16711680}"
    112640,         0,         0,    11.7,decoder_by_matrix,3c866087b289edc25e9adea730044a15db18cabfd3ae2507fc844d5b4e03657a,"{""distance"":5,""physical_error_rate"":5e-06}","{""detection_events"":140,""detectors_checked"":19148800}"
     90112,         0,         0,    11.8,decoder_by_matrix,0421d486f8a041838688df650e87c0a19c3450ab7a7cc8b3dc589ebff86d1c74,"{""distance"":5,""physical_error_rate"":0.0001}","{""detection_events"":4505,""detectors_checked"":15319040}"
    154624,         0,         0,    16.4,decoder_by_matrix,9c6baee88fc81e7d1aa345fcb3feec7ee81f21c5d49cb6ca037118097d89e180,"{""distance"":5,""physical_error_rate"":5e-05}","{""detection_events"":4775,""detectors_checked"":26286080}"
    151552,         0,         0,    16.4,decoder_by_matrix,fa5edda0c1038186c8afbec49b0215a0b852396cdb50783a3f937fdf51d2afac,"{""distance"":5,""physical_error_rate"":1e-05}","{""detection_events"":770,""detectors_checked"":25763840}"
    145408,         0,         0,    16.4,decoder_by_matrix,e41ade2e4684e0396b9a3890c882b6453b515d69885aa1d89a26ce21ec554895,"{""distance"":5,""physical_error_rate"":1e-06}","{""detection_events"":60,""detectors_checked"":24719360}"
    112640,         0,         0,    16.4,decoder_by_matrix,b84cf4b8ca220d31f17e1e2ea9ab927bbc4176b15682c650e7d1dd8f2758172b,"{""distance"":5,""physical_error_rate"":0.0005}","{""detection_events"":32270,""detectors_checked"":19148800}"
    134144,         0,         0,    16.3,decoder_by_matrix,0421d486f8a041838688df650e87c0a19c3450ab7a7cc8b3dc589ebff86d1c74,"{""distance"":5,""physical_error_rate"":0.0001}","{""detection_events"":7585,""detectors_checked"":22804480}"
    187392,         0,         0,    16.4,decoder_by_matrix,3c866087b289edc25e9adea730044a15db18cabfd3ae2507fc844d5b4e03657a,"{""distance"":5,""physical_error_rate"":5e-06}","{""detection_events"":365,""detectors_checked"":31856640}"
    206848,         0,         0,    22.9,decoder_by_matrix,9c6baee88fc81e7d1aa345fcb3feec7ee81f21c5d49cb6ca037118097d89e180,"{""distance"":5,""physical_error_rate"":5e-05}","{""detection_events"":5860,""detectors_checked"":35164160}"
    209920,         0,         0,    23.0,decoder_by_matrix,fa5edda0c1038186c8afbec49b0215a0b852396cdb50783a3f937fdf51d2afac,"{""distance"":5,""physical_error_rate"":1e-05}","{""detection_events"":1150,""detectors_checked"":35686400}"
    209920,         0,         0,    22.9,decoder_by_matrix,e41ade2e4684e0396b9a3890c882b6453b515d69885aa1d89a26ce21ec554895,"{""distance"":5,""physical_error_rate"":1e-06}","{""detection_events"":115,""detectors_checked"":35686400}"
    183296,         0,         0,    22.9,decoder_by_matrix,b84cf4b8ca220d31f17e1e2ea9ab927bbc4176b15682c650e7d1dd8f2758172b,"{""distance"":5,""physical_error_rate"":0.0005}","{""detection_events"":51580,""detectors_checked"":31160320}"
    261120,         0,         0,    22.9,decoder_by_matrix,3c866087b289edc25e9adea730044a15db18cabfd3ae2507fc844d5b4e03657a,"{""distance"":5,""physical_error_rate"":5e-06}","{""detection_events"":750,""detectors_checked"":44390400}"
    187392,         0,         0,    23.0,decoder_by_matrix,0421d486f8a041838688df650e87c0a19c3450ab7a7cc8b3dc589ebff86d1c74,"{""distance"":5,""physical_error_rate"":0.0001}","{""detection_events"":10560,""detectors_checked"":31856640}"
   1215488,         0,         0,   119.5,decoder_by_matrix,fa5edda0c1038186c8afbec49b0215a0b852396cdb50783a3f937fdf51d2afac,"{""distance"":5,""physical_error_rate"":1e-05}","{""detection_events"":7195,""detectors_checked"":206632960}"
   1201152,         0,         0,   119.6,decoder_by_matrix,0421d486f8a041838688df650e87c0a19c3450ab7a7cc8b3dc589ebff86d1c74,"{""distance"":5,""physical_error_rate"":0.0001}","{""detection_events"":69000,""detectors_checked"":204195840}"
    944128,         3,         0,   119.5,decoder_by_matrix,066a5d8d46981b593c3dec855f441edbe9e755a8873183448f69d036a2ecc650,"{""distance"":5,""physical_error_rate"":0.001}","{""detection_events"":534965,""detectors_checked"":160501760,""obs_mistake_mask=E__E"":1,""obs_mistake_mask=E___"":1,""obs_mistake_mask=_EEE"":1}"
   1200128,         0,         0,   119.6,decoder_by_matrix,fa5edda0c1038186c8afbec49b0215a0b852396cdb50783a3f937fdf51d2afac,"{""distance"":5,""physical_error_rate"":1e-05}","{""detection_events"":6960,""detectors_checked"":204021760}"
   1203200,         0,         0,   119.4,decoder_by_matrix,9c6baee88fc81e7d1aa345fcb3feec7ee81f21c5d49cb6ca037118097d89e180,"{""distance"":5,""physical_error_rate"":5e-05}","{""detection_events"":33215,""detectors_checked"":204544000}"
   1163264,         0,         0,   119.5,decoder_by_matrix,fa5edda0c1038186c8afbec49b0215a0b852396cdb50783a3f937fdf51d2afac,"{""distance"":5,""physical_error_rate"":1e-05}","{""detection_events"":6875,""detectors_checked"":197754880}"
    962560,         0,         0,   119.5,decoder_by_matrix,0421d486f8a041838688df650e87c0a19c3450ab7a7cc8b3dc589ebff86d1c74,"{""distance"":5,""physical_error_rate"":0.0001}","{""detection_events"":54150,""detectors_checked"":163635200}"
   1133568,         0,         0,   119.4,decoder_by_matrix,9c6baee88fc81e7d1aa345fcb3feec7ee81f21c5d49cb6ca037118097d89e180,"{""distance"":5,""physical_error_rate"":5e-05}","{""detection_events"":32275,""detectors_checked"":192706560}"
   1274880,         0,         0,   119.6,decoder_by_matrix,e41ade2e4684e0396b9a3890c882b6453b515d69885aa1d89a26ce21ec554895,"{""distance"":5,""physical_error_rate"":1e-06}","{""detection_events"":725,""detectors_checked"":216729600}"
   1217536,         0,         0,   119.4,decoder_by_matrix,3c866087b289edc25e9adea730044a15db18cabfd3ae2507fc844d5b4e03657a,"{""distance"":5,""physical_error_rate"":5e-06}","{""detection_events"":3410,""detectors_checked"":206981120}"
   1220608,         0,         0,   119.6,decoder_by_matrix,b84cf4b8ca220d31f17e1e2ea9ab927bbc4176b15682c650e7d1dd8f2758172b,"{""distance"":5,""physical_error_rate"":0.0005}","{""detection_events"":347450,""detectors_checked"":207503360}"
   1152000,         0,         0,   119.5,decoder_by_matrix,3c866087b289edc25e9adea730044a15db18cabfd3ae2507fc844d5b4e03657a,"{""distance"":5,""physical_error_rate"":5e-06}","{""detection_events"":3380,""detectors_checked"":195840000}"
   1136640,         2,         0,   119.4,decoder_by_matrix,066a5d8d46981b593c3dec855f441edbe9e755a8873183448f69d036a2ecc650,"{""distance"":5,""physical_error_rate"":0.001}","{""detection_events"":649285,""detectors_checked"":193228800,""obs_mistake_mask=E___"":1,""obs_mistake_mask=_E_E"":1}"
   1208320,         0,         0,   119.5,decoder_by_matrix,9c6baee88fc81e7d1aa345fcb3feec7ee81f21c5d49cb6ca037118097d89e180,"{""distance"":5,""physical_error_rate"":5e-05}","{""detection_events"":34340,""detectors_checked"":205414400}"
    936960,         0,         0,   119.5,decoder_by_matrix,b84cf4b8ca220d31f17e1e2ea9ab927bbc4176b15682c650e7d1dd8f2758172b,"{""distance"":5,""physical_error_rate"":0.0005}","{""detection_events"":268075,""detectors_checked"":159283200}"
   1055744,         0,         0,   119.6,decoder_by_matrix,e41ade2e4684e0396b9a3890c882b6453b515d69885aa1d89a26ce21ec554895,"{""distance"":5,""physical_error_rate"":1e-06}","{""detection_events"":765,""detectors_checked"":179476480}"
   1217536,         0,         0,   119.5,decoder_by_matrix,b84cf4b8ca220d31f17e1e2ea9ab927bbc4176b15682c650e7d1dd8f2758172b,"{""distance"":5,""physical_error_rate"":0.0005}","{""detection_events"":345440,""detectors_checked"":206981120}"
   1242112,         0,         0,   119.5,decoder_by_matrix,fa5edda0c1038186c8afbec49b0215a0b852396cdb50783a3f937fdf51d2afac,"{""distance"":5,""physical_error_rate"":1e-05}","{""detection_events"":7170,""detectors_checked"":211159040}"
   1054720,         0,         0,   119.5,decoder_by_matrix,3c866087b289edc25e9adea730044a15db18cabfd3ae2507fc844d5b4e03657a,"{""distance"":5,""physical_error_rate"":5e-06}","{""detection_events"":2620,""detectors_checked"":179302400}"
    991232,         0,         0,   119.6,decoder_by_matrix,0421d486f8a041838688df650e87c0a19c3450ab7a7cc8b3dc589ebff86d1c74,"{""distance"":5,""physical_error_rate"":0.0001}","{""detection_events"":57700,""detectors_checked"":168509440}"
   1127424,         0,         0,   119.4,decoder_by_matrix,3c866087b289edc25e9adea730044a15db18cabfd3ae2507fc844d5b4e03657a,"{""distance"":5,""physical_error_rate"":5e-06}","{""detection_events"":3060,""detectors_checked"":191662080}"
   1188864,         3,         0,   119.6,decoder_by_matrix,066a5d8d46981b593c3dec855f441edbe9e755a8873183448f69d036a2ecc650,"{""distance"":5,""physical_error_rate"":0.001}","{""detection_events"":680220,""detectors_checked"":202106880,""obs_mistake_mask=EE__"":2,""obs_mistake_mask=E__E"":1}"
    265216,         0,         0,    32.1,decoder_by_matrix,9c6baee88fc81e7d1aa345fcb3feec7ee81f21c5d49cb6ca037118097d89e180,"{""distance"":5,""physical_error_rate"":5e-05}","{""detection_events"":7165,""detectors_checked"":45086720}"
    285696,         0,         0,    32.1,decoder_by_matrix,fa5edda0c1038186c8afbec49b0215a0b852396cdb50783a3f937fdf51d2afac,"{""distance"":5,""physical_error_rate"":1e-05}","{""detection_events"":1570,""detectors_checked"":48568320}"
   1079296,         6,         0,   119.5,decoder_by_matrix,066a5d8d46981b593c3dec855f441edbe9e755a8873183448f69d036a2ecc650,"{""distance"":5,""physical_error_rate"":0.001}","{""detection_events"":615235,""detectors_checked"":183480320,""obs_mistake_mask=E___"":2,""obs_mistake_mask=_EE_"":1,""obs_mistake_mask=_E_E"":1,""obs_mistake_mask=_E__"":1,""obs_mistake_mask=__E_"":1}"
   1125376,         0,         0,   119.3,decoder_by_matrix,3c866087b289edc25e9adea730044a15db18cabfd3ae2507fc844d5b4e03657a,"{""distance"":5,""physical_error_rate"":5e-06}","{""detection_events"":3185,""detectors_checked"":191313920}"
    947200,         1,         0,   119.5,decoder_by_matrix,066a5d8d46981b593c3dec855f441edbe9e755a8873183448f69d036a2ecc650,"{""distance"":5,""physical_error_rate"":0.001}","{""detection_events"":537505,""detectors_checked"":161024000,""obs_mistake_mask=E___"":1}"
    279552,         0,         0,    32.1,decoder_by_matrix,e41ade2e4684e0396b9a3890c882b6453b515d69885aa1d89a26ce21ec554895,"{""distance"":5,""physical_error_rate"":1e-06}","{""detection_events"":80,""detectors_checked"":47523840}"
   1039360,         0,         0,   119.7,decoder_by_matrix,e41ade2e4684e0396b9a3890c882b6453b515d69885aa1d89a26ce21ec554895,"{""distance"":5,""physical_error_rate"":1e-06}","{""detection_events"":750,""detectors_checked"":176691200}"
   1054720,         0,         0,   119.6,decoder_by_matrix,fa5edda0c1038186c8afbec49b0215a0b852396cdb50783a3f937fdf51d2afac,"{""distance"":5,""physical_error_rate"":1e-05}","{""detection_events"":6085,""detectors_checked"":179302400}"
    348160,         0,         0,    32.0,decoder_by_matrix,3c866087b289edc25e9adea730044a15db18cabfd3ae2507fc844d5b4e03657a,"{""distance"":5,""physical_error_rate"":5e-06}","{""detection_events"":865,""detectors_checked"":59187200}"
    279552,         1,         0,    32.0,decoder_by_matrix,b84cf4b8ca220d31f17e1e2ea9ab927bbc4176b15682c650e7d1dd8f2758172b,"{""distance"":5,""physical_error_rate"":0.0005}","{""detection_events"":79815,""detectors_checked"":47523840,""obs_mistake_mask=__E_"":1}"
   1180672,         0,         0,   119.5,decoder_by_matrix,e41ade2e4684e0396b9a3890c882b6453b515d69885aa1d89a26ce21ec554895,"{""distance"":5,""physical_error_rate"":1e-06}","{""detection_events"":675,""detectors_checked"":200714240}"
    264192,         0,         0,    32.0,decoder_by_matrix,0421d486f8a041838688df650e87c0a19c3450ab7a7cc8b3dc589ebff86d1c74,"{""distance"":5,""physical_error_rate"":0.0001}","{""detection_events"":14615,""detectors_checked"":44912640}"
   1138688,         0,         0,   119.5,decoder_by_matrix,0421d486f8a041838688df650e87c0a19c3450ab7a7cc8b3dc589ebff86d1c74,"{""distance"":5,""physical_error_rate"":0.0001}","{""detection_events"":64140,""detectors_checked"":193576960}"
   1108992,         0,         0,   119.5,decoder_by_matrix,0421d486f8a041838688df650e87c0a19c3450ab7a7cc8b3dc589ebff86d1c74,"{""distance"":5,""physical_error_rate"":0.0001}","{""detection_events"":63655,""detectors_checked"":188528640}"
   1037312,         0,         0,   119.3,decoder_by_matrix,b84cf4b8ca220d31f17e1e2ea9ab927bbc4176b15682c650e7d1dd8f2758172b,"{""distance"":5,""physical_error_rate"":0.0005}","{""detection_events"":295575,""detectors_checked"":176343040}"
   1107968,         0,         0,   119.6,decoder_by_matrix,e41ade2e4684e0396b9a3890c882b6453b515d69885aa1d89a26ce21ec554895,"{""distance"":5,""physical_error_rate"":1e-06}","{""detection_events"":745,""detectors_checked"":188354560}"
   1215488,         1,         0,   119.5,decoder_by_matrix,b84cf4b8ca220d31f17e1e2ea9ab927bbc4176b15682c650e7d1dd8f2758172b,"{""distance"":5,""physical_error_rate"":0.0005}","{""detection_events"":345980,""detectors_checked"":206632960,""obs_mistake_mask=E___"":1}"
   1248256,         0,         0,   119.5,decoder_by_matrix,9c6baee88fc81e7d1aa345fcb3feec7ee81f21c5d49cb6ca037118097d89e180,"{""distance"":5,""physical_error_rate"":5e-05}","{""detection_events"":37140,""detectors_checked"":212203520}"
   1125376,         0,         0,   119.5,decoder_by_matrix,9c6baee88fc81e7d1aa345fcb3feec7ee81f21c5d49cb6ca037118097d89e180,"{""distance"":5,""physical_error_rate"":5e-05}","{""detection_events"":32410,""detectors_checked"":191313920}"
   1110016,         0,         0,   119.6,decoder_by_matrix,0421d486f8a041838688df650e87c0a19c3450ab7a7cc8b3dc589ebff86d1c74,"{""distance"":5,""physical_error_rate"":0.0001}","{""detection_events"":63345,""detectors_checked"":188702720}"
   1141760,         0,         0,   119.3,decoder_by_matrix,3c866087b289edc25e9adea730044a15db18cabfd3ae2507fc844d5b4e03657a,"{""distance"":5,""physical_error_rate"":5e-06}","{""detection_events"":2970,""detectors_checked"":194099200}"
   1050624,         0,         0,   119.5,decoder_by_matrix,e41ade2e4684e0396b9a3890c882b6453b515d69885aa1d89a26ce21ec554895,"{""distance"":5,""physical_error_rate"":1e-06}","{""detection_events"":510,""detectors_checked"":178606080}"
   1226752,         3,         0,   119.5,decoder_by_matrix,066a5d8d46981b593c3dec855f441edbe9e755a8873183448f69d036a2ecc650,"{""distance"":5,""physical_error_rate"":0.001}","{""detection_events"":689625,""detectors_checked"":208547840,""obs_mistake_mask=E_EE"":1,""obs_mistake_mask=E__E"":1,""obs_mistake_mask=E___"":1}"
   1137664,         0,         0,   119.4,decoder_by_matrix,fa5edda0c1038186c8afbec49b0215a0b852396cdb50783a3f937fdf51d2afac,"{""distance"":5,""physical_error_rate"":1e-05}","{""detection_events"":5990,""detectors_checked"":193402880}"
    920576,         0,         0,   119.8,decoder_by_matrix,9c6baee88fc81e7d1aa345fcb3feec7ee81f21c5d49cb6ca037118097d89e180,"{""distance"":5,""physical_error_rate"":5e-05}","{""detection_events"":26190,""detectors_checked"":156497920}"
   1254400,         0,         0,   119.5,decoder_by_matrix,b84cf4b8ca220d31f17e1e2ea9ab927bbc4176b15682c650e7d1dd8f2758172b,"{""distance"":5,""physical_error_rate"":0.0005}","{""detection_events"":362545,""detectors_checked"":213248000}"
    449536,         0,         0,    44.9,decoder_by_matrix,9c6baee88fc81e7d1aa345fcb3feec7ee81f21c5d49cb6ca037118097d89e180,"{""distance"":5,""physical_error_rate"":5e-05}","{""detection_events"":12620,""detectors_checked"":76421120}"
    473088,         0,         0,    44.9,decoder_by_matrix,fa5edda0c1038186c8afbec49b0215a0b852396cdb50783a3f937fdf51d2afac,"{""distance"":5,""physical_error_rate"":1e-05}","{""detection_events"":2005,""detectors_checked"":80424960}"
    458752,         0,         0,    44.9,decoder_by_matrix,e41ade2e4684e0396b9a3890c882b6453b515d69885aa1d89a26ce21ec554895,"{""distance"":5,""physical_error_rate"":1e-06}","{""detection_events"":210,""detectors_checked"":77987840}"
    248832,         0,         0,    45.0,decoder_by_matrix,3c866087b289edc25e9adea730044a15db18cabfd3ae2507fc844d5b4e03657a,"{""distance"":5,""physical_error_rate"":5e-06}","{""detection_events"":795,""detectors_checked"":42301440}"
    423936,         0,         0,    44.9,decoder_by_matrix,0421d486f8a041838688df650e87c0a19c3450ab7a7cc8b3dc589ebff86d1c74,"{""distance"":5,""physical_error_rate"":0.0001}","{""detection_events"":24715,""detectors_checked"":72069120}"
    348160,         0,         0,    44.9,decoder_by_matrix,b84cf4b8ca220d31f17e1e2ea9ab927bbc4176b15682c650e7d1dd8f2758172b,"{""distance"":5,""physical_error_rate"":0.0005}","{""detection_events"":98645,""detectors_checked"":59187200}"
    688128,         0,         0,    62.8,decoder_by_matrix,9c6baee88fc81e7d1aa345fcb3feec7ee81f21c5d49cb6ca037118097d89e180,"{""distance"":5,""physical_error_rate"":5e-05}","{""detection_events"":19225,""detectors_checked"":116981760}"
    708608,         0,         0,    62.8,decoder_by_matrix,fa5edda0c1038186c8afbec49b0215a0b852396cdb50783a3f937fdf51d2afac,"{""distance"":5,""physical_error_rate"":1e-05}","{""detection_events"":4555,""detectors_checked"":120463360}"
    692224,         0,         0,    62.8,decoder_by_matrix,e41ade2e4684e0396b9a3890c882b6453b515d69885aa1d89a26ce21ec554895,"{""distance"":5,""physical_error_rate"":1e-06}","{""detection_events"":240,""detectors_checked"":117678080}"
    391168,         0,         0,    62.8,decoder_by_matrix,3c866087b289edc25e9adea730044a15db18cabfd3ae2507fc844d5b4e03657a,"{""distance"":5,""physical_error_rate"":5e-06}","{""detection_events"":1160,""detectors_checked"":66498560}"
    534528,         0,         0,    62.8,decoder_by_matrix,0421d486f8a041838688df650e87c0a19c3450ab7a7cc8b3dc589ebff86d1c74,"{""distance"":5,""physical_error_rate"":0.0001}","{""detection_events"":30015,""detectors_checked"":90869760}"
    661504,         1,         0,    62.7,decoder_by_matrix,b84cf4b8ca220d31f17e1e2ea9ab927bbc4176b15682c650e7d1dd8f2758172b,"{""distance"":5,""physical_error_rate"":0.0005}","{""detection_events"":186155,""detectors_checked"":112455680,""obs_mistake_mask=E__E"":1}"
   1239040,         0,         0,   119.6,decoder_by_matrix,fa5edda0c1038186c8afbec49b0215a0b852396cdb50783a3f937fdf51d2afac,"{""distance"":5,""physical_error_rate"":1e-05}","{""detection_events"":7060,""detectors_checked"":210636800}"
   1264640,         0,         0,   119.4,decoder_by_matrix,0421d486f8a041838688df650e87c0a19c3450ab7a7cc8b3dc589ebff86d1c74,"{""distance"":5,""physical_error_rate"":0.0001}","{""detection_events"":74865,""detectors_checked"":214988800}"
   1152000,         0,         0,   119.6,decoder_by_matrix,9c6baee88fc81e7d1aa345fcb3feec7ee81f21c5d49cb6ca037118097d89e180,"{""distance"":5,""physical_error_rate"":5e-05}","{""detection_events"":32140,""detectors_checked"":195840000}"
    922624,         2,         0,   119.6,decoder_by_matrix,066a5d8d46981b593c3dec855f441edbe9e755a8873183448f69d036a2ecc650,"{""distance"":5,""physical_error_rate"":0.001}","{""detection_events"":526225,""detectors_checked"":156846080,""obs_mistake_mask=_EE_"":1,""obs_mistake_mask=_E__"":1}"
    781312,         0,         0,   119.8,decoder_by_matrix,fa5edda0c1038186c8afbec49b0215a0b852396cdb50783a3f937fdf51d2afac,"{""distance"":5,""physical_error_rate"":1e-05}","{""detection_events"":3450,""detectors_checked"":132823040}"
   1309696,         0,         0,   119.6,decoder_by_matrix,fa5edda0c1038186c8afbec49b0215a0b852396cdb50783a3f937fdf51d2afac,"{""distance"":5,""physical_error_rate"":1e-05}","{""detection_events"":7335,""detectors_checked"":222648320}"
   1188864,         0,         0,   119.5,decoder_by_matrix,9c6baee88fc81e7d1aa345fcb3feec7ee81f21c5d49cb6ca037118097d89e180,"{""distance"":5,""physical_error_rate"":5e-05}","{""detection_events"":33365,""detectors_checked"":202106880}"
   1217536,         0,         0,   119.6,decoder_by_matrix,0421d486f8a041838688df650e87c0a19c3450ab7a7cc8b3dc589ebff86d1c74,"{""distance"":5,""physical_error_rate"":0.0001}","{""detection_events"":69075,""detectors_checked"":206981120}"
   1255424,         0,         0,   119.8,decoder_by_matrix,e41ade2e4684e0396b9a3890c882b6453b515d69885aa1d89a26ce21ec554895,"{""distance"":5,""physical_error_rate"":1e-06}","{""detection_events"":715,""detectors_checked"":213422080}"
   1335296,         0,         0,   119.5,decoder_by_matrix,3c866087b289edc25e9adea730044a15db18cabfd3ae2507fc844d5b4e03657a,"{""distance"":5,""physical_error_rate"":5e-06}","{""detection_events"":3855,""detectors_checked"":227000320}"
   1263616,         0,         0,   119.4,decoder_by_matrix,b84cf4b8ca220d31f17e1e2ea9ab927bbc4176b15682c650e7d1dd8f2758172b,"{""distance"":5,""physical_error_rate"":0.0005}","{""detection_events"":358560,""detectors_checked"":214814720}"
   1199104,         0,         0,   119.7,decoder_by_matrix,3c866087b289edc25e9adea730044a15db18cabfd3ae2507fc844d5b4e03657a,"{""distance"":5,""physical_error_rate"":5e-06}","{""detection_events"":3910,""detectors_checked"":203847680}"
   1298432,         0,         0,   119.6,decoder_by_matrix,9c6baee88fc81e7d1aa345fcb3feec7ee81f21c5d49cb6ca037118097d89e180,"{""distance"":5,""physical_error_rate"":5e-05}","{""detection_events"":34730,""detectors_checked"":220733440}"
   1226752,         0,         0,   119.5,decoder_by_matrix,066a5d8d46981b593c3dec855f441edbe9e755a8873183448f69d036a2ecc650,"{""distance"":5,""physical_error_rate"":0.001}","{""detection_events"":695025,""detectors_checked"":208547840}"
   1106944,         0,         0,   119.7,decoder_by_matrix,b84cf4b8ca220d31f17e1e2ea9ab927bbc4176b15682c650e7d1dd8f2758172b,"{""distance"":5,""physical_error_rate"":0.0005}","{""detection_events"":317405,""detectors_checked"":188180480}"
   1316864,         0,         0,   119.7,decoder_by_matrix,e41ade2e4684e0396b9a3890c882b6453b515d69885aa1d89a26ce21ec554895,"{""distance"":5,""physical_error_rate"":1e-06}","{""detection_events"":805,""detectors_checked"":223866880}"
   1245184,         3,         0,   119.6,decoder_by_matrix,b84cf4b8ca220d31f17e1e2ea9ab927bbc4176b15682c650e7d1dd8f2758172b,"{""distance"":5,""physical_error_rate"":0.0005}","{""detection_events"":353560,""detectors_checked"":211681280,""obs_mistake_mask=E_E_"":1,""obs_mistake_mask=__EE"":1,""obs_mistake_mask=__E_"":1}"
    749568,         0,         0,   119.5,decoder_by_matrix,fa5edda0c1038186c8afbec49b0215a0b852396cdb50783a3f937fdf51d2afac,"{""distance"":5,""physical_error_rate"":1e-05}","{""detection_events"":4575,""detectors_checked"":127426560}"
   1289216,         0,         0,   119.6,decoder_by_matrix,3c866087b289edc25e9adea730044a15db18cabfd3ae2507fc844d5b4e03657a,"{""distance"":5,""physical_error_rate"":5e-06}","{""detection_events"":3840,""detectors_checked"":219166720}"
    718848,         0,         0,   119.2,decoder_by_matrix,0421d486f8a041838688df650e87c0a19c3450ab7a7cc8b3dc589ebff86d1c74,"{""distance"":5,""physical_error_rate"":0.0001}","{""detection_events"":39465,""detectors_checked"":122204160}"
   1258496,         0,         0,   119.7,decoder_by_matrix,3c866087b289edc25e9adea730044a15db18cabfd3ae2507fc844d5b4e03657a,"{""distance"":5,""physical_error_rate"":5e-06}","{""detection_events"":3590,""detectors_checked"":213944320}"
   1193984,         1,         0,   119.5,decoder_by_matrix,066a5d8d46981b593c3dec855f441edbe9e755a8873183448f69d036a2ecc650,"{""distance"":5,""physical_error_rate"":0.001}","{""detection_events"":679580,""detectors_checked"":202977280,""obs_mistake_mask=__EE"":1}"
   1076224,         2,         0,   119.5,decoder_by_matrix,066a5d8d46981b593c3dec855f441edbe9e755a8873183448f69d036a2ecc650,"{""distance"":5,""physical_error_rate"":0.001}","{""detection_events"":604180,""detectors_checked"":182958080,""obs_mistake_mask=__E_"":1,""obs_mistake_mask=___E"":1}"
   1263616,         0,         0,   119.5,decoder_by_matrix,3c866087b289edc25e9adea730044a15db18cabfd3ae2507fc844d5b4e03657a,"{""distance"":5,""physical_error_rate"":5e-06}","{""detection_events"":3330,""detectors_checked"":214814720}"
    734208,         0,         0,   119.8,decoder_by_matrix,066a5d8d46981b593c3dec855f441edbe9e755a8873183448f69d036a2ecc650,"{""distance"":5,""physical_error_rate"":0.001}","{""detection_events"":420320,""detectors_checked"":124815360}"
   1183744,         0,         0,   119.6,decoder_by_matrix,e41ade2e4684e0396b9a3890c882b6453b515d69885aa1d89a26ce21ec554895,"{""distance"":5,""physical_error_rate"":1e-06}","{""detection_events"":610,""detectors_checked"":201236480}"
   1318912,         0,         0,   119.5,decoder_by_matrix,fa5edda0c1038186c8afbec49b0215a0b852396cdb50783a3f937fdf51d2afac,"{""distance"":5,""physical_error_rate"":1e-05}","{""detection_events"":7535,""detectors_checked"":224215040}"
   1148928,         0,         0,   119.4,decoder_by_matrix,e41ade2e4684e0396b9a3890c882b6453b515d69885aa1d89a26ce21ec554895,"{""distance"":5,""physical_error_rate"":1e-06}","{""detection_events"":730,""detectors_checked"":195317760}"
   1184768,         0,         0,   119.5,decoder_by_matrix,0421d486f8a041838688df650e87c0a19c3450ab7a7cc8b3dc589ebff86d1c74,"{""distance"":5,""physical_error_rate"":0.0001}","{""detection_events"":67550,""detectors_checked"":201410560}"
    766976,         0,         0,   119.6,decoder_by_matrix,0421d486f8a041838688df650e87c0a19c3450ab7a7cc8b3dc589ebff86d1c74,"{""distance"":5,""physical_error_rate"":0.0001}","{""detection_events"":41165,""detectors_checked"":130385920}"
   1127424,         0,         0,   119.5,decoder_by_matrix,b84cf4b8ca220d31f17e1e2ea9ab927bbc4176b15682c650e7d1dd8f2758172b,"{""distance"":5,""physical_error_rate"":0.0005}","{""detection_events"":324935,""detectors_checked"":191662080}"
   1169408,         0,         0,   119.6,decoder_by_matrix,e41ade2e4684e0396b9a3890c882b6453b515d69885aa1d89a26ce21ec554895,"{""distance"":5,""physical_error_rate"":1e-06}","{""detection_events"":560,""detectors_checked"":198799360}"
   1132544,         1,         0,   119.7,decoder_by_matrix,b84cf4b8ca220d31f17e1e2ea9ab927bbc4176b15682c650e7d1dd8f2758172b,"{""distance"":5,""physical_error_rate"":0.0005}","{""detection_events"":318495,""detectors_checked"":192532480,""obs_mistake_mask=E__E"":1}"
   1216512,         0,         0,   119.5,decoder_by_matrix,9c6baee88fc81e7d1aa345fcb3feec7ee81f21c5d49cb6ca037118097d89e180,"{""distance"":5,""physical_error_rate"":5e-05}","{""detection_events"":34845,""detectors_checked"":206807040}"
   1047552,         0,         0,   119.6,decoder_by_matrix,9c6baee88fc81e7d1aa345fcb3feec7ee81f21c5d49cb6ca037118097d89e180,"{""distance"":5,""physical_error_rate"":5e-05}","{""detection_events"":28505,""detectors_checked"":178083840}"
   1036288,         0,         0,   119.6,decoder_by_matrix,0421d486f8a041838688df650e87c0a19c3450ab7a7cc8b3dc589ebff86d1c74,"{""distance"":5,""physical_error_rate"":0.0001}","{""detection_events"":58885,""detectors_checked"":176168960}"
   1124352,         0,         0,   119.6,decoder_by_matrix,3c866087b289edc25e9adea730044a15db18cabfd3ae2507fc844d5b4e03657a,"{""distance"":5,""physical_error_rate"":5e-06}","{""detection_events"":3210,""detectors_checked"":191139840}"
    791552,         0,         0,   119.6,decoder_by_matrix,e41ade2e4684e0396b9a3890c882b6453b515d69885aa1d89a26ce21ec554895,"{""distance"":5,""physical_error_rate"":1e-06}","{""detection_events"":520,""detectors_checked"":134563840}"
   1218560,         2,         0,   119.5,decoder_by_matrix,066a5d8d46981b593c3dec855f441edbe9e755a8873183448f69d036a2ecc650,"{""distance"":5,""physical_error_rate"":0.001}","{""detection_events"":689070,""detectors_checked"":207155200,""obs_mistake_mask=_E__"":1,""obs_mistake_mask=__EE"":1}"
   1234944,         0,         0,   119.4,decoder_by_matrix,fa5edda0c1038186c8afbec49b0215a0b852396cdb50783a3f937fdf51d2afac,"{""distance"":5,""physical_error_rate"":1e-05}","{""detection_events"":6590,""detectors_checked"":209940480}"
    801792,         0,         0,   119.6,decoder_by_matrix,9c6baee88fc81e7d1aa345fcb3feec7ee81f21c5d49cb6ca037118097d89e180,"{""distance"":5,""physical_error_rate"":5e-05}","{""detection_events"":21965,""detectors_checked"":136304640}"
   1170432,         0,         0,   119.6,decoder_by_matrix,b84cf4b8ca220d31f17e1e2ea9ab927bbc4176b15682c650e7d1dd8f2758172b,"{""distance"":5,""physical_error_rate"":0.0005}","{""detection_events"":329155,""detectors_checked"":198973440}"
    933888,         0,         0,    87.9,decoder_by_matrix,fa5edda0c1038186c8afbec49b0215a0b852396cdb50783a3f937fdf51d2afac,"{""distance"":5,""physical_error_rate"":1e-05}","{""detection_events"":5065,""detectors_checked"":158760960}"
    823296,         0,         0,    88.0,decoder_by_matrix,9c6baee88fc81e7d1aa345fcb3feec7ee81f21c5d49cb6ca037118097d89e180,"{""distance"":5,""physical_error_rate"":5e-05}","{""detection_events"":23495,""detectors_checked"":139960320}"
    809984,         0,         0,    87.9,decoder_by_matrix,e41ade2e4684e0396b9a3890c882b6453b515d69885aa1d89a26ce21ec554895,"{""distance"":5,""physical_error_rate"":1e-06}","{""detection_events"":430,""detectors_checked"":137697280}"
    843776,         0,         0,    87.9,decoder_by_matrix,0421d486f8a041838688df650e87c0a19c3450ab7a7cc8b3dc589ebff86d1c74,"{""distance"":5,""physical_error_rate"":0.0001}","{""detection_events"":47010,""detectors_checked"":143441920}"
    782336,         0,         0,    87.9,decoder_by_matrix,b84cf4b8ca220d31f17e1e2ea9ab927bbc4176b15682c650e7d1dd8f2758172b,"{""distance"":5,""physical_error_rate"":0.0005}","{""detection_events"":224930,""detectors_checked"":132997120}"
    797696,         0,         0,    88.0,decoder_by_matrix,3c866087b289edc25e9adea730044a15db18cabfd3ae2507fc844d5b4e03657a,"{""distance"":5,""physical_error_rate"":5e-06}","{""detection_events"":2090,""detectors_checked"":135608320}"
   1150976,         0,         0,   119.6,decoder_by_matrix,fa5edda0c1038186c8afbec49b0215a0b852396cdb50783a3f937fdf51d2afac,"{""distance"":5,""physical_error_rate"":1e-05}","{""detection_events"":6380,""detectors_checked"":195665920}"
   1146880,         0,         0,   119.4,decoder_by_matrix,0421d486f8a041838688df650e87c0a19c3450ab7a7cc8b3dc589ebff86d1c74,"{""distance"":5,""physical_error_rate"":0.0001}","{""detection_events"":63685,""detectors_checked"":194969600}"
   1154048,         0,         0,   119.5,decoder_by_matrix,9c6baee88fc81e7d1aa345fcb3feec7ee81f21c5d49cb6ca037118097d89e180,"{""distance"":5,""physical_error_rate"":5e-05}","{""detection_events"":31250,""detectors_checked"":196188160}"
   1123328,         0,         0,   119.5,decoder_by_matrix,fa5edda0c1038186c8afbec49b0215a0b852396cdb50783a3f937fdf51d2afac,"{""distance"":5,""physical_error_rate"":1e-05}","{""detection_events"":6575,""detectors_checked"":190965760}"
   1037312,         1,         0,   119.7,decoder_by_matrix,066a5d8d46981b593c3dec855f441edbe9e755a8873183448f69d036a2ecc650,"{""distance"":5,""physical_error_rate"":0.001}","{""detection_events"":583390,""detectors_checked"":176343040,""obs_mistake_mask=__EE"":1}"
   1193984,         0,         0,   119.5,decoder_by_matrix,fa5edda0c1038186c8afbec49b0215a0b852396cdb50783a3f937fdf51d2afac,"{""distance"":5,""physical_error_rate"":1e-05}","{""detection_events"":6420,""detectors_checked"":202977280}"
   1091584,         0,         0,   119.5,decoder_by_matrix,9c6baee88fc81e7d1aa345fcb3feec7ee81f21c5d49cb6ca037118097d89e180,"{""distance"":5,""physical_error_rate"":5e-05}","{""detection_events"":31090,""detectors_checked"":185569280}"
   1124352,         0,         0,   119.6,decoder_by_matrix,0421d486f8a041838688df650e87c0a19c3450ab7a7cc8b3dc589ebff86d1c74,"{""distance"":5,""physical_error_rate"":0.0001}","{""detection_events"":64205,""detectors_checked"":191139840}"
   1142784,         0,         0,   119.6,decoder_by_matrix,e41ade2e4684e0396b9a3890c882b6453b515d69885aa1d89a26ce21ec554895,"{""distance"":5,""physical_error_rate"":1e-06}","{""detection_events"":630,""detectors_checked"":194273280}"
   1137664,         0,         0,   119.4,decoder_by_matrix,3c866087b289edc25e9adea730044a15db18cabfd3ae2507fc844d5b4e03657a,"{""distance"":5,""physical_error_rate"":5e-06}","{""detection_events"":3110,""detectors_checked"":193402880}"
    991232,         1,         0,   119.4,decoder_by_matrix,b84cf4b8ca220d31f17e1e2ea9ab927bbc4176b15682c650e7d1dd8f2758172b,"{""distance"":5,""physical_error_rate"":0.0005}","{""detection_events"":279785,""detectors_checked"":168509440,""obs_mistake_mask=E_E_"":1}"
   1170432,         0,         0,   119.3,decoder_by_matrix,3c866087b289edc25e9adea730044a15db18cabfd3ae2507fc844d5b4e03657a,"{""distance"":5,""physical_error_rate"":5e-06}","{""detection_events"":3265,""detectors_checked"":198973440}"
   1137664,         0,         0,   119.5,decoder_by_matrix,9c6baee88fc81e7d1aa345fcb3feec7ee81f21c5d49cb6ca037118097d89e180,"{""distance"":5,""physical_error_rate"":5e-05}","{""detection_events"":31770,""detectors_checked"":193402880}"
   1143808,         0,         0,   119.3,decoder_by_matrix,066a5d8d46981b593c3dec855f441edbe9e755a8873183448f69d036a2ecc650,"{""distance"":5,""physical_error_rate"":0.001}","{""detection_events"":642765,""detectors_checked"":194447360}"
   1087488,         0,         0,   119.7,decoder_by_matrix,b84cf4b8ca220d31f17e1e2ea9ab927bbc4176b15682c650e7d1dd8f2758172b,"{""distance"":5,""physical_error_rate"":0.0005}","{""detection_events"":309825,""detectors_checked"":184872960}"
   1340416,         0,         0,   119.6,decoder_by_matrix,e41ade2e4684e0396b9a3890c882b6453b515d69885aa1d89a26ce21ec554895,"{""distance"":5,""physical_error_rate"":1e-06}","{""detection_events"":785,""detectors_checked"":227870720}"
   1154048,         0,         0,   119.7,decoder_by_matrix,fa5edda0c1038186c8afbec49b0215a0b852396cdb50783a3f937fdf51d2afac,"{""distance"":5,""physical_error_rate"":1e-05}","{""detection_events"":6735,""detectors_checked"":196188160}"
   1008640,         0,         0,   119.5,decoder_by_matrix,b84cf4b8ca220d31f17e1e2ea9ab927bbc4176b15682c650e7d1dd8f2758172b,"{""distance"":5,""physical_error_rate"":0.0005}","{""detection_events"":285515,""detectors_checked"":171468800}"
   1157120,         0,         0,   119.5,decoder_by_matrix,3c866087b289edc25e9adea730044a15db18cabfd3ae2507fc844d5b4e03657a,"{""distance"":5,""physical_error_rate"":5e-06}","{""detection_events"":3390,""detectors_checked"":196710400}"
   1133568,         0,         0,   119.7,decoder_by_matrix,0421d486f8a041838688df650e87c0a19c3450ab7a7cc8b3dc589ebff86d1c74,"{""distance"":5,""physical_error_rate"":0.0001}","{""detection_events"":64710,""detectors_checked"":192706560}"
   1157120,         0,         0,   119.6,decoder_by_matrix,3c866087b289edc25e9adea730044a15db18cabfd3ae2507fc844d5b4e03657a,"{""distance"":5,""physical_error_rate"":5e-06}","{""detection_events"":3220,""detectors_checked"":196710400}"
   1017856,         2,         0,   119.7,decoder_by_matrix,066a5d8d46981b593c3dec855f441edbe9e755a8873183448f69d036a2ecc650,"{""distance"":5,""physical_error_rate"":0.001}","{""detection_events"":573360,""detectors_checked"":173035520,""obs_mistake_mask=E_E_"":1,""obs_mistake_mask=E___"":1}"
   1089536,         2,         0,   119.5,decoder_by_matrix,066a5d8d46981b593c3dec855f441edbe9e755a8873183448f69d036a2ecc650,"{""distance"":5,""physical_error_rate"":0.001}","{""detection_events"":621335,""detectors_checked"":185221120,""obs_mistake_mask=E_EE"":1,""obs_mistake_mask=_E__"":1}"
   1110016,         3,         0,   119.5,decoder_by_matrix,066a5d8d46981b593c3dec855f441edbe9e755a8873183448f69d036a2ecc650,"{""distance"":5,""physical_error_rate"":0.001}","{""detection_events"":623390,""detectors_checked"":188702720,""obs_mistake_mask=_EE_"":2,""obs_mistake_mask=__EE"":1}"
   1002496,         0,         0,   119.6,decoder_by_matrix,3c866087b289edc25e9adea730044a15db18cabfd3ae2507fc844d5b4e03657a,"{""distance"":5,""physical_error_rate"":5e-06}","{""detection_events"":2570,""detectors_checked"":170424320}"
   1136640,         0,         0,   119.4,decoder_by_matrix,e41ade2e4684e0396b9a3890c882b6453b515d69885aa1d89a26ce21ec554895,"{""distance"":5,""physical_error_rate"":1e-06}","{""detection_events"":870,""detectors_checked"":193228800}"
   1142784,         0,         0,   119.6,decoder_by_matrix,fa5edda0c1038186c8afbec49b0215a0b852396cdb50783a3f937fdf51d2afac,"{""distance"":5,""physical_error_rate"":1e-05}","{""detection_events"":6290,""detectors_checked"":194273280}"
   1186816,         0,         0,   119.5,decoder_by_matrix,e41ade2e4684e0396b9a3890c882b6453b515d69885aa1d89a26ce21ec554895,"{""distance"":5,""physical_error_rate"":1e-06}","{""detection_events"":555,""detectors_checked"":201758720}"
   1122304,         0,         0,   119.6,decoder_by_matrix,0421d486f8a041838688df650e87c0a19c3450ab7a7cc8b3dc589ebff86d1c74,"{""distance"":5,""physical_error_rate"":0.0001}","{""detection_events"":63305,""detectors_checked"":190791680}"
   1152000,         0,         0,   119.5,decoder_by_matrix,0421d486f8a041838688df650e87c0a19c3450ab7a7cc8b3dc589ebff86d1c74,"{""distance"":5,""physical_error_rate"":0.0001}","{""detection_events"":67780,""detectors_checked"":195840000}"
   1067008,         0,         0,   119.5,decoder_by_matrix,b84cf4b8ca220d31f17e1e2ea9ab927bbc4176b15682c650e7d1dd8f2758172b,"{""distance"":5,""physical_error_rate"":0.0005}","{""detection_events"":302910,""detectors_checked"":181391360}"
   1207296,         0,         0,   119.5,decoder_by_matrix,e41ade2e4684e0396b9a3890c882b6453b515d69885aa1d89a26ce21ec554895,"{""distance"":5,""physical_error_rate"":1e-06}","{""detection_events"":990,""detectors_checked"":205240320}"
   1143808,         0,         0,   119.6,decoder_by_matrix,b84cf4b8ca220d31f17e1e2ea9ab927bbc4176b15682c650e7d1dd8f2758172b,"{""distance"":5,""physical_error_rate"":0.0005}","{""detection_events"":327530,""detectors_checked"":194447360}"
   1118208,         0,         0,   119.4,decoder_by_matrix,9c6baee88fc81e7d1aa345fcb3feec7ee81f21c5d49cb6ca037118097d89e180,"{""distance"":5,""physical_error_rate"":5e-05}","{""detection_events"":31785,""detectors_checked"":190095360}"
   1129472,         0,         0,   119.6,decoder_by_matrix,9c6baee88fc81e7d1aa345fcb3feec7ee81f21c5d49cb6ca037118097d89e180,"{""distance"":5,""physical_error_rate"":5e-05}","{""detection_events"":32315,""detectors_checked"":192010240}"
   1054720,         0,         0,   119.4,decoder_by_matrix,0421d486f8a041838688df650e87c0a19c3450ab7a7cc8b3dc589ebff86d1c74,"{""distance"":5,""physical_error_rate"":0.0001}","{""detection_events"":59685,""detectors_checked"":179302400}"
   1135616,         0,         0,   119.4,decoder_by_matrix,3c866087b289edc25e9adea730044a15db18cabfd3ae2507fc844d5b4e03657a,"{""distance"":5,""physical_error_rate"":5e-06}","{""detection_events"":3135,""detectors_checked"":193054720}"
   1162240,         0,         0,   119.8,decoder_by_matrix,e41ade2e4684e0396b9a3890c882b6453b515d69885aa1d89a26ce21ec554895,"{""distance"":5,""physical_error_rate"":1e-06}","{""detection_events"":610,""detectors_checked"":197580800}"
   1073152,         5,         0,   119.5,decoder_by_matrix,066a5d8d46981b593c3dec855f441edbe9e755a8873183448f69d036a2ecc650,"{""distance"":5,""physical_error_rate"":0.001}","{""detection_events"":611375,""detectors_checked"":182435840,""obs_mistake_mask=E_E_"":1,""obs_mistake_mask=_E__"":1,""obs_mistake_mask=__E_"":1,""obs_mistake_mask=___E"":2}"
   1105920,         0,         0,   119.5,decoder_by_matrix,fa5edda0c1038186c8afbec49b0215a0b852396cdb50783a3f937fdf51d2afac,"{""distance"":5,""physical_error_rate"":1e-05}","{""detection_events"":6295,""detectors_checked"":188006400}"
   1156096,         0,         0,   119.5,decoder_by_matrix,9c6baee88fc81e7d1aa345fcb3feec7ee81f21c5d49cb6ca037118097d89e180,"{""distance"":5,""physical_error_rate"":5e-05}","{""detection_events"":33690,""detectors_checked"":196536320}"
   1125376,         2,         0,   119.5,decoder_by_matrix,b84cf4b8ca220d31f17e1e2ea9ab927bbc4176b15682c650e7d1dd8f2758172b,"{""distance"":5,""physical_error_rate"":0.0005}","{""detection_events"":319115,""detectors_checked"":191313920,""obs_mistake_mask=E_E_"":2}"
   1145856,         0,         0,   119.5,decoder_by_matrix,9c6baee88fc81e7d1aa345fcb3feec7ee81f21c5d49cb6ca037118097d89e180,"{""distance"":5,""physical_error_rate"":5e-05}","{""detection_events"":31910,""detectors_checked"":194795520}"
   1268736,         0,         0,   119.5,decoder_by_matrix,fa5edda0c1038186c8afbec49b0215a0b852396cdb50783a3f937fdf51d2afac,"{""distance"":5,""physical_error_rate"":1e-05}","{""detection_events"":8065,""detectors_checked"":215685120}"
   1133568,         0,         0,   119.5,decoder_by_matrix,e41ade2e4684e0396b9a3890c882b6453b515d69885aa1d89a26ce21ec554895,"{""distance"":5,""physical_error_rate"":1e-06}","{""detection_events"":405,""detectors_checked"":192706560}"
   1127424,         0,         0,   119.4,decoder_by_matrix,3c866087b289edc25e9adea730044a15db18cabfd3ae2507fc844d5b4e03657a,"{""distance"":5,""physical_error_rate"":5e-06}","{""detection_events"":2760,""detectors_checked"":191662080}"
   1164288,         0,         0,   119.6,decoder_by_matrix,b84cf4b8ca220d31f17e1e2ea9ab927bbc4176b15682c650e7d1dd8f2758172b,"{""distance"":5,""physical_error_rate"":0.0005}","{""detection_events"":330595,""detectors_checked"":197928960}"
   1034240,         0,         0,   119.5,decoder_by_matrix,0421d486f8a041838688df650e87c0a19c3450ab7a7cc8b3dc589ebff86d1c74,"{""distance"":5,""physical_error_rate"":0.0001}","{""detection_events"":56935,""detectors_checked"":175820800}"
   1200128,         0,         0,   119.6,decoder_by_matrix,fa5edda0c1038186c8afbec49b0215a0b852396cdb50783a3f937fdf51d2afac,"{""distance"":5,""physical_error_rate"":1e-05}","{""detection_events"":6600,""detectors_checked"":204021760}"
   1178624,         0,         0,   119.6,decoder_by_matrix,0421d486f8a041838688df650e87c0a19c3450ab7a7cc8b3dc589ebff86d1c74,"{""distance"":5,""physical_error_rate"":0.0001}","{""detection_events"":65375,""detectors_checked"":200366080}"
   1131520,         0,         0,   119.6,decoder_by_matrix,9c6baee88fc81e7d1aa345fcb3feec7ee81f21c5d49cb6ca037118097d89e180,"{""distance"":5,""physical_error_rate"":5e-05}","{""detection_events"":31690,""detectors_checked"":192358400}"
   1063936,         0,         0,   119.5,decoder_by_matrix,fa5edda0c1038186c8afbec49b0215a0b852396cdb50783a3f937fdf51d2afac,"{""distance"":5,""physical_error_rate"":1e-05}","{""detection_events"":6380,""detectors_checked"":180869120}"
   1011712,         2,         0,   119.5,decoder_by_matrix,066a5d8d46981b593c3dec855f441edbe9e755a8873183448f69d036a2ecc650,"{""distance"":5,""physical_error_rate"":0.001}","{""detection_events"":575335,""detectors_checked"":171991040,""obs_mistake_mask=_EE_"":1,""obs_mistake_mask=__E_"":1}"
   1203200,         0,         0,   119.4,decoder_by_matrix,fa5edda0c1038186c8afbec49b0215a0b852396cdb50783a3f937fdf51d2afac,"{""distance"":5,""physical_error_rate"":1e-05}","{""detection_events"":6050,""detectors_checked"":204544000}"
   1161216,         0,         0,   119.5,decoder_by_matrix,9c6baee88fc81e7d1aa345fcb3feec7ee81f21c5d49cb6ca037118097d89e180,"{""distance"":5,""physical_error_rate"":5e-05}","{""detection_events"":34215,""detectors_checked"":197406720}"
   1211392,         0,         0,   119.6,decoder_by_matrix,0421d486f8a041838688df650e87c0a19c3450ab7a7cc8b3dc589ebff86d1c74,"{""distance"":5,""physical_error_rate"":0.0001}","{""detection_events"":68190,""detectors_checked"":205936640}"
   1227776,         0,         0,   119.7,decoder_by_matrix,3c866087b289edc25e9adea730044a15db18cabfd3ae2507fc844d5b4e03657a,"{""distance"":5,""physical_error_rate"":5e-06}","{""detection_events"":3505,""detectors_checked"":208721920}"
   1175552,         0,         0,   119.5,decoder_by_matrix,e41ade2e4684e0396b9a3890c882b6453b515d69885aa1d89a26ce21ec554895,"{""distance"":5,""physical_error_rate"":1e-06}","{""detection_events"":420,""detectors_checked"":199843840}"
   1094656,         0,         0,   119.5,decoder_by_matrix,b84cf4b8ca220d31f17e1e2ea9ab927bbc4176b15682c650e7d1dd8f2758172b,"{""distance"":5,""physical_error_rate"":0.0005}","{""detection_events"":309950,""detectors_checked"":186091520}"
   1059840,         0,         0,   119.6,decoder_by_matrix,3c866087b289edc25e9adea730044a15db18cabfd3ae2507fc844d5b4e03657a,"{""distance"":5,""physical_error_rate"":5e-06}","{""detection_events"":2565,""detectors_checked"":180172800}"
   1152000,         5,         0,   119.5,decoder_by_matrix,066a5d8d46981b593c3dec855f441edbe9e755a8873183448f69d036a2ecc650,"{""distance"":5,""physical_error_rate"":0.001}","{""detection_events"":660135,""detectors_checked"":195840000,""obs_mistake_mask=E__E"":1,""obs_mistake_mask=E___"":2,""obs_mistake_mask=__E_"":2}"
   1146880,         0,         0,   119.5,decoder_by_matrix,9c6baee88fc81e7d1aa345fcb3feec7ee81f21c5d49cb6ca037118097d89e180,"{""distance"":5,""physical_error_rate"":5e-05}","{""detection_events"":32670,""detectors_checked"":194969600}"
   1059840,         1,         0,   119.7,decoder_by_matrix,b84cf4b8ca220d31f17e1e2ea9ab927bbc4176b15682c650e7d1dd8f2758172b,"{""distance"":5,""physical_error_rate"":0.0005}","{""detection_events"":301485,""detectors_checked"":180172800,""obs_mistake_mask=EE__"":1}"
   1193984,         0,         0,   119.6,decoder_by_matrix,e41ade2e4684e0396b9a3890c882b6453b515d69885aa1d89a26ce21ec554895,"{""distance"":5,""physical_error_rate"":1e-06}","{""detection_events"":535,""detectors_checked"":202977280}"
   1111040,         0,         0,   119.5,decoder_by_matrix,fa5edda0c1038186c8afbec49b0215a0b852396cdb50783a3f937fdf51d2afac,"{""distance"":5,""physical_error_rate"":1e-05}","{""detection_events"":6155,""detectors_checked"":188876800}"
   1077248,         0,         0,   119.6,decoder_by_matrix,b84cf4b8ca220d31f17e1e2ea9ab927bbc4176b15682c650e7d1dd8f2758172b,"{""distance"":5,""physical_error_rate"":0.0005}","{""detection_events"":302855,""detectors_checked"":183132160}"
   1103872,         0,         0,   119.4,decoder_by_matrix,3c866087b289edc25e9adea730044a15db18cabfd3ae2507fc844d5b4e03657a,"{""distance"":5,""physical_error_rate"":5e-06}","{""detection_events"":3135,""detectors_checked"":187658240}"
   1099776,         0,         0,   119.2,decoder_by_matrix,0421d486f8a041838688df650e87c0a19c3450ab7a7cc8b3dc589ebff86d1c74,"{""distance"":5,""physical_error_rate"":0.0001}","{""detection_events"":61515,""detectors_checked"":186961920}"
   1010688,         0,         0,   119.5,decoder_by_matrix,3c866087b289edc25e9adea730044a15db18cabfd3ae2507fc844d5b4e03657a,"{""distance"":5,""physical_error_rate"":5e-06}","{""detection_events"":2885,""detectors_checked"":171816960}"
   1139712,         2,         0,   119.6,decoder_by_matrix,066a5d8d46981b593c3dec855f441edbe9e755a8873183448f69d036a2ecc650,"{""distance"":5,""physical_error_rate"":0.001}","{""detection_events"":648835,""detectors_checked"":193751040,""obs_mistake_mask=EE__"":1,""obs_mistake_mask=_EE_"":1}"
   1101824,         1,         0,   119.5,decoder_by_matrix,066a5d8d46981b593c3dec855f441edbe9e755a8873183448f69d036a2ecc650,"{""distance"":5,""physical_error_rate"":0.001}","{""detection_events"":627775,""detectors_checked"":187310080,""obs_mistake_mask=_EEE"":1}"
   1205248,         0,         0,   119.4,decoder_by_matrix,e41ade2e4684e0396b9a3890c882b6453b515d69885aa1d89a26ce21ec554895,"{""distance"":5,""physical_error_rate"":1e-06}","{""detection_events"":535,""detectors_checked"":204892160}"
   1099776,         0,         0,   119.4,decoder_by_matrix,3c866087b289edc25e9adea730044a15db18cabfd3ae2507fc844d5b4e03657a,"{""distance"":5,""physical_error_rate"":5e-06}","{""detection_events"":3230,""detectors_checked"":186961920}"
   1019904,         1,         0,   119.5,decoder_by_matrix,066a5d8d46981b593c3dec855f441edbe9e755a8873183448f69d036a2ecc650,"{""distance"":5,""physical_error_rate"":0.001}","{""detection_events"":579125,""detectors_checked"":173383680,""obs_mistake_mask=___E"":1}"
   1183744,         0,         0,   119.4,decoder_by_matrix,fa5edda0c1038186c8afbec49b0215a0b852396cdb50783a3f937fdf51d2afac,"{""distance"":5,""physical_error_rate"":1e-05}","{""detection_events"":7000,""detectors_checked"":201236480}"
   1207296,         0,         0,   119.6,decoder_by_matrix,e41ade2e4684e0396b9a3890c882b6453b515d69885aa1d89a26ce21ec554895,"{""distance"":5,""physical_error_rate"":1e-06}","{""detection_events"":540,""detectors_checked"":205240320}"
   1198080,         0,         0,   119.4,decoder_by_matrix,0421d486f8a041838688df650e87c0a19c3450ab7a7cc8b3dc589ebff86d1c74,"{""distance"":5,""physical_error_rate"":0.0001}","{""detection_events"":67730,""detectors_checked"":203673600}"
   1002496,         0,         0,   119.4,decoder_by_matrix,0421d486f8a041838688df650e87c0a19c3450ab7a7cc8b3dc589ebff86d1c74,"{""distance"":5,""physical_error_rate"":0.0001}","{""detection_events"":56255,""detectors_checked"":170424320}"
   1094656,         0,         0,   119.7,decoder_by_matrix,b84cf4b8ca220d31f17e1e2ea9ab927bbc4176b15682c650e7d1dd8f2758172b,"{""distance"":5,""physical_error_rate"":0.0005}","{""detection_events"":316040,""detectors_checked"":186091520}"
   1047552,         0,         0,   119.7,decoder_by_matrix,e41ade2e4684e0396b9a3890c882b6453b515d69885aa1d89a26ce21ec554895,"{""distance"":5,""physical_error_rate"":1e-06}","{""detection_events"":600,""detectors_checked"":178083840}"
   1044480,         0,         0,   119.6,decoder_by_matrix,b84cf4b8ca220d31f17e1e2ea9ab927bbc4176b15682c650e7d1dd8f2758172b,"{""distance"":5,""physical_error_rate"":0.0005}","{""detection_events"":292975,""detectors_checked"":177561600}"
   1090560,         0,         0,   119.5,decoder_by_matrix,9c6baee88fc81e7d1aa345fcb3feec7ee81f21c5d49cb6ca037118097d89e180,"{""distance"":5,""physical_error_rate"":5e-05}","{""detection_events"":30965,""detectors_checked"":185395200}"
   1108992,         0,         0,   119.4,decoder_by_matrix,9c6baee88fc81e7d1aa345fcb3feec7ee81f21c5d49cb6ca037118097d89e180,"{""distance"":5,""physical_error_rate"":5e-05}","{""detection_events"":31190,""detectors_checked"":188528640}"
   1063936,         0,         0,   119.6,decoder_by_matrix,0421d486f8a041838688df650e87c0a19c3450ab7a7cc8b3dc589ebff86d1c74,"{""distance"":5,""physical_error_rate"":0.0001}","{""detection_events"":61765,""detectors_checked"":180869120}"
   1136640,         0,         0,   119.6,decoder_by_matrix,3c866087b289edc25e9adea730044a15db18cabfd3ae2507fc844d5b4e03657a,"{""distance"":5,""physical_error_rate"":5e-06}","{""detection_events"":3120,""detectors_checked"":193228800}"
   1001472,         0,         0,   119.7,decoder_by_matrix,e41ade2e4684e0396b9a3890c882b6453b515d69885aa1d89a26ce21ec554895,"{""distance"":5,""physical_error_rate"":1e-06}","{""detection_events"":585,""detectors_checked"":170250240}"
   1114112,         0,         0,   119.6,decoder_by_matrix,066a5d8d46981b593c3dec855f441edbe9e755a8873183448f69d036a2ecc650,"{""distance"":5,""physical_error_rate"":0.001}","{""detection_events"":636200,""detectors_checked"":189399040}"
   1112064,         0,         0,   119.6,decoder_by_matrix,fa5edda0c1038186c8afbec49b0215a0b852396cdb50783a3f937fdf51d2afac,"{""distance"":5,""physical_error_rate"":1e-05}","{""detection_events"":6640,""detectors_checked"":189050880}"
   1054720,         0,         0,   119.4,decoder_by_matrix,9c6baee88fc81e7d1aa345fcb3feec7ee81f21c5d49cb6ca037118097d89e180,"{""distance"":5,""physical_error_rate"":5e-05}","{""detection_events"":29340,""detectors_checked"":179302400}"
   1145856,         1,         0,   119.4,decoder_by_matrix,b84cf4b8ca220d31f17e1e2ea9ab927bbc4176b15682c650e7d1dd8f2758172b,"{""distance"":5,""physical_error_rate"":0.0005}","{""detection_events"":328030,""detectors_checked"":194795520,""obs_mistake_mask=_E__"":1}"
   1169408,         0,         0,   119.7,decoder_by_matrix,9c6baee88fc81e7d1aa345fcb3feec7ee81f21c5d49cb6ca037118097d89e180,"{""distance"":5,""physical_error_rate"":5e-05}","{""detection_events"":33255,""detectors_checked"":198799360}"
   1235968,         0,         0,   119.5,decoder_by_matrix,fa5edda0c1038186c8afbec49b0215a0b852396cdb50783a3f937fdf51d2afac,"{""distance"":5,""physical_error_rate"":1e-05}","{""detection_events"":7450,""detectors_checked"":210114560}"
   1178624,         0,         0,   119.6,decoder_by_matrix,e41ade2e4684e0396b9a3890c882b6453b515d69885aa1d89a26ce21ec554895,"{""distance"":5,""physical_error_rate"":1e-06}","{""detection_events"":575,""detectors_checked"":200366080}"
    887808,         0,         0,   119.2,decoder_by_matrix,0421d486f8a041838688df650e87c0a19c3450ab7a7cc8b3dc589ebff86d1c74,"{""distance"":5,""physical_error_rate"":0.0001}","{""detection_events"":51755,""detectors_checked"":150927360}"
   1101824,         0,         0,   119.4,decoder_by_matrix,b84cf4b8ca220d31f17e1e2ea9ab927bbc4176b15682c650e7d1dd8f2758172b,"{""distance"":5,""physical_error_rate"":0.0005}","{""detection_events"":308160,""detectors_checked"":187310080}"
   1173504,         0,         0,   119.6,decoder_by_matrix,3c866087b289edc25e9adea730044a15db18cabfd3ae2507fc844d5b4e03657a,"{""distance"":5,""physical_error_rate"":5e-06}","{""detection_events"":3150,""detectors_checked"":199495680}"
   1318912,         0,         0,   119.6,decoder_by_matrix,fa5edda0c1038186c8afbec49b0215a0b852396cdb50783a3f937fdf51d2afac,"{""distance"":5,""physical_error_rate"":1e-05}","{""detection_events"":7605,""detectors_checked"":224215040}"
   1299456,         0,         0,   119.4,decoder_by_matrix,0421d486f8a041838688df650e87c0a19c3450ab7a7cc8b3dc589ebff86d1c74,"{""distance"":5,""physical_error_rate"":0.0001}","{""detection_events"":72390,""detectors_checked"":220907520}"
   1083392,         0,         0,   119.5,decoder_by_matrix,9c6baee88fc81e7d1aa345fcb3feec7ee81f21c5d49cb6ca037118097d89e180,"{""distance"":5,""physical_error_rate"":5e-05}","{""detection_events"":32010,""detectors_checked"":184176640}"
   1309696,         0,         0,   119.6,decoder_by_matrix,fa5edda0c1038186c8afbec49b0215a0b852396cdb50783a3f937fdf51d2afac,"{""distance"":5,""physical_error_rate"":1e-05}","{""detection_events"":7425,""detectors_checked"":222648320}"
   1261568,         2,         0,   119.4,decoder_by_matrix,066a5d8d46981b593c3dec855f441edbe9e755a8873183448f69d036a2ecc650,"{""distance"":5,""physical_error_rate"":0.001}","{""detection_events"":716520,""detectors_checked"":214466560,""obs_mistake_mask=E___"":1,""obs_mistake_mask=__EE"":1}"
   1147904,         0,         0,   119.5,decoder_by_matrix,fa5edda0c1038186c8afbec49b0215a0b852396cdb50783a3f937fdf51d2afac,"{""distance"":5,""physical_error_rate"":1e-05}","{""detection_events"":5670,""detectors_checked"":195143680}"
   1016832,         0,         0,   119.5,decoder_by_matrix,9c6baee88fc81e7d1aa345fcb3feec7ee81f21c5d49cb6ca037118097d89e180,"{""distance"":5,""physical_error_rate"":5e-05}","{""detection_events"":29730,""detectors_checked"":172861440}"
    880640,         0,         0,   119.6,decoder_by_matrix,0421d486f8a041838688df650e87c0a19c3450ab7a7cc8b3dc589ebff86d1c74,"{""distance"":5,""physical_error_rate"":0.0001}","{""detection_events"":50330,""detectors_checked"":149708800}"
   1126400,         0,         0,   119.6,decoder_by_matrix,e41ade2e4684e0396b9a3890c882b6453b515d69885aa1d89a26ce21ec554895,"{""distance"":5,""physical_error_rate"":1e-06}","{""detection_events"":780,""detectors_checked"":191488000}"
   1368064,         0,         0,   119.5,decoder_by_matrix,3c866087b289edc25e9adea730044a15db18cabfd3ae2507fc844d5b4e03657a,"{""distance"":5,""physical_error_rate"":5e-06}","{""detection_events"":3985,""detectors_checked"":232570880}"
   1025024,         1,         0,   119.3,decoder_by_matrix,b84cf4b8ca220d31f17e1e2ea9ab927bbc4176b15682c650e7d1dd8f2758172b,"{""distance"":5,""physical_error_rate"":0.0005}","{""detection_events"":291435,""detectors_checked"":174254080,""obs_mistake_mask=_EEE"":1}"
   1082368,         0,         0,   119.7,decoder_by_matrix,3c866087b289edc25e9adea730044a15db18cabfd3ae2507fc844d5b4e03657a,"{""distance"":5,""physical_error_rate"":5e-06}","{""detection_events"":3415,""detectors_checked"":184002560}"
   1243136,         0,         0,   119.4,decoder_by_matrix,9c6baee88fc81e7d1aa345fcb3feec7ee81f21c5d49cb6ca037118097d89e180,"{""distance"":5,""physical_error_rate"":5e-05}","{""detection_events"":37255,""detectors_checked"":211333120}"
   1117184,         3,         0,   119.4,decoder_by_matrix,066a5d8d46981b593c3dec855f441edbe9e755a8873183448f69d036a2ecc650,"{""distance"":5,""physical_error_rate"":0.001}","{""detection_events"":628260,""detectors_checked"":189921280,""obs_mistake_mask=E__E"":1,""obs_mistake_mask=_EEE"":1,""obs_mistake_mask=_E__"":1}"
   1052672,         0,         0,   119.5,decoder_by_matrix,b84cf4b8ca220d31f17e1e2ea9ab927bbc4176b15682c650e7d1dd8f2758172b,"{""distance"":5,""physical_error_rate"":0.0005}","{""detection_events"":302145,""detectors_checked"":178954240}"
   1128448,         0,         0,   119.6,decoder_by_matrix,e41ade2e4684e0396b9a3890c882b6453b515d69885aa1d89a26ce21ec554895,"{""distance"":5,""physical_error_rate"":1e-06}","{""detection_events"":525,""detectors_checked"":191836160}"
   1142784,         0,         0,   119.5,decoder_by_matrix,fa5edda0c1038186c8afbec49b0215a0b852396cdb50783a3f937fdf51d2afac,"{""distance"":5,""physical_error_rate"":1e-05}","{""detection_events"":6480,""detectors_checked"":194273280}"
   1025024,         0,         0,   119.5,decoder_by_matrix,b84cf4b8ca220d31f17e1e2ea9ab927bbc4176b15682c650e7d1dd8f2758172b,"{""distance"":5,""physical_error_rate"":0.0005}","{""detection_events"":295255,""detectors_checked"":174254080}"
   1316864,         0,         0,   119.4,decoder_by_matrix,3c866087b289edc25e9adea730044a15db18cabfd3ae2507fc844d5b4e03657a,"{""distance"":5,""physical_error_rate"":5e-06}","{""detection_events"":3620,""detectors_checked"":223866880}"
   1103872,         0,         0,   119.5,decoder_by_matrix,0421d486f8a041838688df650e87c0a19c3450ab7a7cc8b3dc589ebff86d1c74,"{""distance"":5,""physical_error_rate"":0.0001}","{""detection_events"":62180,""detectors_checked"":187658240}"
    950272,         0,         0,   119.7,decoder_by_matrix,3c866087b289edc25e9adea730044a15db18cabfd3ae2507fc844d5b4e03657a,"{""distance"":5,""physical_error_rate"":5e-06}","{""detection_events"":2740,""detectors_checked"":161546240}"
    897024,         6,         0,   119.5,decoder_by_matrix,066a5d8d46981b593c3dec855f441edbe9e755a8873183448f69d036a2ecc650,"{""distance"":5,""physical_error_rate"":0.001}","{""detection_events"":505025,""detectors_checked"":152494080,""obs_mistake_mask=E_EE"":1,""obs_mistake_mask=E__E"":1,""obs_mistake_mask=E___"":2,""obs_mistake_mask=_EE_"":1,""obs_mistake_mask=__E_"":1}"
   1097728,         1,         0,   119.5,decoder_by_matrix,066a5d8d46981b593c3dec855f441edbe9e755a8873183448f69d036a2ecc650,"{""distance"":5,""physical_error_rate"":0.001}","{""detection_events"":620405,""detectors_checked"":186613760,""obs_mistake_mask=__E_"":1}"
   1298432,         0,         0,   119.4,decoder_by_matrix,3c866087b289edc25e9adea730044a15db18cabfd3ae2507fc844d5b4e03657a,"{""distance"":5,""physical_error_rate"":5e-06}","{""detection_events"":4045,""detectors_checked"":220733440}"
   1010688,         0,         0,   119.6,decoder_by_matrix,e41ade2e4684e0396b9a3890c882b6453b515d69885aa1d89a26ce21ec554895,"{""distance"":5,""physical_error_rate"":1e-06}","{""detection_events"":535,""detectors_checked"":171816960}"
   1227776,         3,         0,   119.7,decoder_by_matrix,066a5d8d46981b593c3dec855f441edbe9e755a8873183448f69d036a2ecc650,"{""distance"":5,""physical_error_rate"":0.001}","{""detection_events"":697025,""detectors_checked"":208721920,""obs_mistake_mask=_E__"":2,""obs_mistake_mask=__E_"":1}"
   1306624,         0,         0,   119.4,decoder_by_matrix,fa5edda0c1038186c8afbec49b0215a0b852396cdb50783a3f937fdf51d2afac,"{""distance"":5,""physical_error_rate"":1e-05}","{""detection_events"":7785,""detectors_checked"":222126080}"
   1177600,         0,         0,   119.5,decoder_by_matrix,e41ade2e4684e0396b9a3890c882b6453b515d69885aa1d89a26ce21ec554895,"{""distance"":5,""physical_error_rate"":1e-06}","{""detection_events"":740,""detectors_checked"":200192000}"
   1078272,         0,         0,   119.3,decoder_by_matrix,0421d486f8a041838688df650e87c0a19c3450ab7a7cc8b3dc589ebff86d1c74,"{""distance"":5,""physical_error_rate"":0.0001}","{""detection_events"":62085,""detectors_checked"":183306240}"
   1145856,         0,         0,   119.5,decoder_by_matrix,0421d486f8a041838688df650e87c0a19c3450ab7a7cc8b3dc589ebff86d1c74,"{""distance"":5,""physical_error_rate"":0.0001}","{""detection_events"":65325,""detectors_checked"":194795520}"
   1221632,         0,         0,   119.6,decoder_by_matrix,b84cf4b8ca220d31f17e1e2ea9ab927bbc4176b15682c650e7d1dd8f2758172b,"{""distance"":5,""physical_error_rate"":0.0005}","{""detection_events"":348695,""detectors_checked"":207677440}"
    930816,         0,         0,   119.7,decoder_by_matrix,e41ade2e4684e0396b9a3890c882b6453b515d69885aa1d89a26ce21ec554895,"{""distance"":5,""physical_error_rate"":1e-06}","{""detection_events"":585,""detectors_checked"":158238720}"
   1243136,         0,         0,   119.6,decoder_by_matrix,b84cf4b8ca220d31f17e1e2ea9ab927bbc4176b15682c650e7d1dd8f2758172b,"{""distance"":5,""physical_error_rate"":0.0005}","{""detection_events"":356460,""detectors_checked"":211333120}"
   1086464,         0,         0,   119.6,decoder_by_matrix,9c6baee88fc81e7d1aa345fcb3feec7ee81f21c5d49cb6ca037118097d89e180,"{""distance"":5,""physical_error_rate"":5e-05}","{""detection_events"":32195,""detectors_checked"":184698880}"
    999424,         0,         0,   119.3,decoder_by_matrix,9c6baee88fc81e7d1aa345fcb3feec7ee81f21c5d49cb6ca037118097d89e180,"{""distance"":5,""physical_error_rate"":5e-05}","{""detection_events"":28055,""detectors_checked"":169902080}"
   1290240,         0,         0,   119.7,decoder_by_matrix,0421d486f8a041838688df650e87c0a19c3450ab7a7cc8b3dc589ebff86d1c74,"{""distance"":5,""physical_error_rate"":0.0001}","{""detection_events"":72465,""detectors_checked"":219340800}"
   1123328,         0,         0,   119.5,decoder_by_matrix,3c866087b289edc25e9adea730044a15db18cabfd3ae2507fc844d5b4e03657a,"{""distance"":5,""physical_error_rate"":5e-06}","{""detection_events"":3055,""detectors_checked"":190965760}"
    972800,         0,         0,   119.7,decoder_by_matrix,e41ade2e4684e0396b9a3890c882b6453b515d69885aa1d89a26ce21ec554895,"{""distance"":5,""physical_error_rate"":1e-06}","{""detection_events"":620,""detectors_checked"":165376000}"
   1038336,         0,         0,   119.6,decoder_by_matrix,066a5d8d46981b593c3dec855f441edbe9e755a8873183448f69d036a2ecc650,"{""distance"":5,""physical_error_rate"":0.001}","{""detection_events"":591005,""detectors_checked"":176517120}"
   1055744,         0,         0,   119.4,decoder_by_matrix,fa5edda0c1038186c8afbec49b0215a0b852396cdb50783a3f937fdf51d2afac,"{""distance"":5,""physical_error_rate"":1e-05}","{""detection_events"":6680,""detectors_checked"":179476480}"
   1030144,         0,         0,   119.5,decoder_by_matrix,9c6baee88fc81e7d1aa345fcb3feec7ee81f21c5d49cb6ca037118097d89e180,"{""distance"":5,""physical_error_rate"":5e-05}","{""detection_events"":30680,""detectors_checked"":175124480}"
   1107968,         0,         0,   119.6,decoder_by_matrix,b84cf4b8ca220d31f17e1e2ea9ab927bbc4176b15682c650e7d1dd8f2758172b,"{""distance"":5,""physical_error_rate"":0.0005}","{""detection_events"":311210,""detectors_checked"":188354560}"
   1267712,         0,         0,   119.3,decoder_by_matrix,fa5edda0c1038186c8afbec49b0215a0b852396cdb50783a3f937fdf51d2afac,"{""distance"":5,""physical_error_rate"":1e-05}","{""detection_events"":7015,""detectors_checked"":215511040}"
   1210368,         0,         0,   119.5,decoder_by_matrix,9c6baee88fc81e7d1aa345fcb3feec7ee81f21c5d49cb6ca037118097d89e180,"{""distance"":5,""physical_error_rate"":5e-05}","{""detection_events"":34450,""detectors_checked"":205762560}"
   1241088,         0,         0,   119.4,decoder_by_matrix,e41ade2e4684e0396b9a3890c882b6453b515d69885aa1d89a26ce21ec554895,"{""distance"":5,""physical_error_rate"":1e-06}","{""detection_events"":890,""detectors_checked"":210984960}"
   1029120,         0,         0,   119.4,decoder_by_matrix,0421d486f8a041838688df650e87c0a19c3450ab7a7cc8b3dc589ebff86d1c74,"{""distance"":5,""physical_error_rate"":0.0001}","{""detection_events"":59645,""detectors_checked"":174950400}"
    996352,         0,         0,   119.6,decoder_by_matrix,b84cf4b8ca220d31f17e1e2ea9ab927bbc4176b15682c650e7d1dd8f2758172b,"{""distance"":5,""physical_error_rate"":0.0005}","{""detection_events"":284780,""detectors_checked"":169379840}"
   1107968,         0,         0,   119.6,decoder_by_matrix,3c866087b289edc25e9adea730044a15db18cabfd3ae2507fc844d5b4e03657a,"{""distance"":5,""physical_error_rate"":5e-06}","{""detection_events"":3495,""detectors_checked"":188354560}"
   1240064,         0,         0,   119.6,decoder_by_matrix,fa5edda0c1038186c8afbec49b0215a0b852396cdb50783a3f937fdf51d2afac,"{""distance"":5,""physical_error_rate"":1e-05}","{""detection_events"":6395,""detectors_checked"":210810880}"
   1244160,         0,         0,   119.5,decoder_by_matrix,0421d486f8a041838688df650e87c0a19c3450ab7a7cc8b3dc589ebff86d1c74,"{""distance"":5,""physical_error_rate"":0.0001}","{""detection_events"":69930,""detectors_checked"":211507200}"
   1145856,         0,         0,   119.5,decoder_by_matrix,9c6baee88fc81e7d1aa345fcb3feec7ee81f21c5d49cb6ca037118097d89e180,"{""distance"":5,""physical_error_rate"":5e-05}","{""detection_events"":31180,""detectors_checked"":194795520}"
   1206272,         4,         0,   119.4,decoder_by_matrix,066a5d8d46981b593c3dec855f441edbe9e755a8873183448f69d036a2ecc650,"{""distance"":5,""physical_error_rate"":0.001}","{""detection_events"":683430,""detectors_checked"":205066240,""obs_mistake_mask=E__E"":1,""obs_mistake_mask=E___"":1,""obs_mistake_mask=_E_E"":1,""obs_mistake_mask=_E__"":1}"
   1158144,         0,         0,   119.3,decoder_by_matrix,fa5edda0c1038186c8afbec49b0215a0b852396cdb50783a3f937fdf51d2afac,"{""distance"":5,""physical_error_rate"":1e-05}","{""detection_events"":6195,""detectors_checked"":196884480}"
   1288192,         0,         0,   119.6,decoder_by_matrix,fa5edda0c1038186c8afbec49b0215a0b852396cdb50783a3f937fdf51d2afac,"{""distance"":5,""physical_error_rate"":1e-05}","{""detection_events"":7980,""detectors_checked"":218992640}"
   1120256,         0,         0,   119.4,decoder_by_matrix,9c6baee88fc81e7d1aa345fcb3feec7ee81f21c5d49cb6ca037118097d89e180,"{""distance"":5,""physical_error_rate"":5e-05}","{""detection_events"":31210,""detectors_checked"":190443520}"
   1154048,         0,         0,   119.7,decoder_by_matrix,0421d486f8a041838688df650e87c0a19c3450ab7a7cc8b3dc589ebff86d1c74,"{""distance"":5,""physical_error_rate"":0.0001}","{""detection_events"":66250,""detectors_checked"":196188160}"
   1171456,         0,         0,   119.4,decoder_by_matrix,3c866087b289edc25e9adea730044a15db18cabfd3ae2507fc844d5b4e03657a,"{""distance"":5,""physical_error_rate"":5e-06}","{""detection_events"":3355,""detectors_checked"":199147520}"
   1211392,         0,         0,   119.7,decoder_by_matrix,e41ade2e4684e0396b9a3890c882b6453b515d69885aa1d89a26ce21ec554895,"{""distance"":5,""physical_error_rate"":1e-06}","{""detection_events"":690,""detectors_checked"":205936640}"
   1075200,         1,         0,   119.5,decoder_by_matrix,b84cf4b8ca220d31f17e1e2ea9ab927bbc4176b15682c650e7d1dd8f2758172b,"{""distance"":5,""physical_error_rate"":0.0005}","{""detection_events"":306955,""detectors_checked"":182784000,""obs_mistake_mask=_EE_"":1}"
   1164288,         0,         0,   119.5,decoder_by_matrix,3c866087b289edc25e9adea730044a15db18cabfd3ae2507fc844d5b4e03657a,"{""distance"":5,""physical_error_rate"":5e-06}","{""detection_events"":3540,""detectors_checked"":197928960}"
   1223680,         7,         0,   119.6,decoder_by_matrix,066a5d8d46981b593c3dec855f441edbe9e755a8873183448f69d036a2ecc650,"{""distance"":5,""physical_error_rate"":0.001}","{""detection_events"":689950,""detectors_checked"":208025600,""obs_mistake_mask=E_E_"":1,""obs_mistake_mask=E__E"":1,""obs_mistake_mask=E___"":2,""obs_mistake_mask=_EEE"":1,""obs_mistake_mask=_E_E"":2}"
   1234944,         0,         0,   119.4,decoder_by_matrix,9c6baee88fc81e7d1aa345fcb3feec7ee81f21c5d49cb6ca037118097d89e180,"{""distance"":5,""physical_error_rate"":5e-05}","{""detection_events"":33845,""detectors_checked"":209940480}"
   1133568,         0,         0,   119.7,decoder_by_matrix,b84cf4b8ca220d31f17e1e2ea9ab927bbc4176b15682c650e7d1dd8f2758172b,"{""distance"":5,""physical_error_rate"":0.0005}","{""detection_events"":318670,""detectors_checked"":192706560}"
   1067008,         0,         0,   119.3,decoder_by_matrix,e41ade2e4684e0396b9a3890c882b6453b515d69885aa1d89a26ce21ec554895,"{""distance"":5,""physical_error_rate"":1e-06}","{""detection_events"":695,""detectors_checked"":181391360}"
    868352,         0,         0,   119.6,decoder_by_matrix,fa5edda0c1038186c8afbec49b0215a0b852396cdb50783a3f937fdf51d2afac,"{""distance"":5,""physical_error_rate"":1e-05}","{""detection_events"":4990,""detectors_checked"":147619840}"
   1051648,         0,         0,   119.6,decoder_by_matrix,b84cf4b8ca220d31f17e1e2ea9ab927bbc4176b15682c650e7d1dd8f2758172b,"{""distance"":5,""physical_error_rate"":0.0005}","{""detection_events"":296300,""detectors_checked"":178780160}"
   1088512,         0,         0,   119.4,decoder_by_matrix,3c866087b289edc25e9adea730044a15db18cabfd3ae2507fc844d5b4e03657a,"{""distance"":5,""physical_error_rate"":5e-06}","{""detection_events"":2950,""detectors_checked"":185047040}"
   1106944,         0,         0,   119.5,decoder_by_matrix,0421d486f8a041838688df650e87c0a19c3450ab7a7cc8b3dc589ebff86d1c74,"{""distance"":5,""physical_error_rate"":0.0001}","{""detection_events"":62230,""detectors_checked"":188180480}"
   1183744,         0,         0,   119.6,decoder_by_matrix,3c866087b289edc25e9adea730044a15db18cabfd3ae2507fc844d5b4e03657a,"{""distance"":5,""physical_error_rate"":5e-06}","{""detection_events"":3245,""detectors_checked"":201236480}"
    899072,         0,         0,   119.6,decoder_by_matrix,066a5d8d46981b593c3dec855f441edbe9e755a8873183448f69d036a2ecc650,"{""distance"":5,""physical_error_rate"":0.001}","{""detection_events"":515400,""detectors_checked"":152842240}"
   1118208,         1,         0,   119.3,decoder_by_matrix,066a5d8d46981b593c3dec855f441edbe9e755a8873183448f69d036a2ecc650,"{""distance"":5,""physical_error_rate"":0.001}","{""detection_events"":637890,""detectors_checked"":190095360,""obs_mistake_mask=E___"":1}"
   1096704,         0,         0,   119.6,decoder_by_matrix,3c866087b289edc25e9adea730044a15db18cabfd3ae2507fc844d5b4e03657a,"{""distance"":5,""physical_error_rate"":5e-06}","{""detection_events"":3205,""detectors_checked"":186439680}"
   1141760,         0,         0,   119.6,decoder_by_matrix,e41ade2e4684e0396b9a3890c882b6453b515d69885aa1d89a26ce21ec554895,"{""distance"":5,""physical_error_rate"":1e-06}","{""detection_events"":550,""detectors_checked"":194099200}"
   1196032,         0,         0,   119.3,decoder_by_matrix,e41ade2e4684e0396b9a3890c882b6453b515d69885aa1d89a26ce21ec554895,"{""distance"":5,""physical_error_rate"":1e-06}","{""detection_events"":520,""detectors_checked"":203325440}"
   1024000,         0,         0,   119.7,decoder_by_matrix,fa5edda0c1038186c8afbec49b0215a0b852396cdb50783a3f937fdf51d2afac,"{""distance"":5,""physical_error_rate"":1e-05}","{""detection_events"":5745,""detectors_checked"":174080000}"
   1106944,         3,         0,   119.5,decoder_by_matrix,066a5d8d46981b593c3dec855f441edbe9e755a8873183448f69d036a2ecc650,"{""distance"":5,""physical_error_rate"":0.001}","{""detection_events"":632010,""detectors_checked"":188180480,""obs_mistake_mask=E__E"":1,""obs_mistake_mask=_EEE"":2}"
    980992,         0,         0,   119.6,decoder_by_matrix,0421d486f8a041838688df650e87c0a19c3450ab7a7cc8b3dc589ebff86d1c74,"{""distance"":5,""physical_error_rate"":0.0001}","{""detection_events"":54615,""detectors_checked"":166768640}"
    973824,         0,         0,   119.5,decoder_by_matrix,0421d486f8a041838688df650e87c0a19c3450ab7a7cc8b3dc589ebff86d1c74,"{""distance"":5,""physical_error_rate"":0.0001}","{""detection_events"":56965,""detectors_checked"":165550080}"
   1129472,         1,         0,   119.4,decoder_by_matrix,b84cf4b8ca220d31f17e1e2ea9ab927bbc4176b15682c650e7d1dd8f2758172b,"{""distance"":5,""physical_error_rate"":0.0005}","{""detection_events"":323250,""detectors_checked"":192010240,""obs_mistake_mask=_E__"":1}"
   1131520,         0,         0,   119.5,decoder_by_matrix,e41ade2e4684e0396b9a3890c882b6453b515d69885aa1d89a26ce21ec554895,"{""distance"":5,""physical_error_rate"":1e-06}","{""detection_events"":730,""detectors_checked"":192358400}"
   1161216,         0,         0,   119.4,decoder_by_matrix,b84cf4b8ca220d31f17e1e2ea9ab927bbc4176b15682c650e7d1dd8f2758172b,"{""distance"":5,""physical_error_rate"":0.0005}","{""detection_events"":332225,""detectors_checked"":197406720}"
   1136640,         0,         0,   119.5,decoder_by_matrix,9c6baee88fc81e7d1aa345fcb3feec7ee81f21c5d49cb6ca037118097d89e180,"{""distance"":5,""physical_error_rate"":5e-05}","{""detection_events"":32410,""detectors_checked"":193228800}"
   1226752,         0,         0,   119.5,decoder_by_matrix,9c6baee88fc81e7d1aa345fcb3feec7ee81f21c5d49cb6ca037118097d89e180,"{""distance"":5,""physical_error_rate"":5e-05}","{""detection_events"":35600,""detectors_checked"":208547840}"
   1142784,         0,         0,   119.5,decoder_by_matrix,0421d486f8a041838688df650e87c0a19c3450ab7a7cc8b3dc589ebff86d1c74,"{""distance"":5,""physical_error_rate"":0.0001}","{""detection_events"":62960,""detectors_checked"":194273280}"
    987136,         0,         0,   119.6,decoder_by_matrix,3c866087b289edc25e9adea730044a15db18cabfd3ae2507fc844d5b4e03657a,"{""distance"":5,""physical_error_rate"":5e-06}","{""detection_events"":2985,""detectors_checked"":167813120}"
    874496,         0,         0,   119.6,decoder_by_matrix,e41ade2e4684e0396b9a3890c882b6453b515d69885aa1d89a26ce21ec554895,"{""distance"":5,""physical_error_rate"":1e-06}","{""detection_events"":625,""detectors_checked"":148664320}"
    799744,         1,         0,   119.5,decoder_by_matrix,066a5d8d46981b593c3dec855f441edbe9e755a8873183448f69d036a2ecc650,"{""distance"":5,""physical_error_rate"":0.001}","{""detection_events"":452430,""detectors_checked"":135956480,""obs_mistake_mask=_E__"":1}"
   1190912,         0,         0,   119.7,decoder_by_matrix,fa5edda0c1038186c8afbec49b0215a0b852396cdb50783a3f937fdf51d2afac,"{""distance"":5,""physical_error_rate"":1e-05}","{""detection_events"":6830,""detectors_checked"":202455040}"
   1141760,         0,         0,   119.4,decoder_by_matrix,9c6baee88fc81e7d1aa345fcb3feec7ee81f21c5d49cb6ca037118097d89e180,"{""distance"":5,""physical_error_rate"":5e-05}","{""detection_events"":32305,""detectors_checked"":194099200}"
   1087488,         0,         0,   119.5,decoder_by_matrix,b84cf4b8ca220d31f17e1e2ea9ab927bbc4176b15682c650e7d1dd8f2758172b,"{""distance"":5,""physical_error_rate"":0.0005}","{""detection_events"":306790,""detectors_checked"":184872960}"
   1263616,         0,         0,   119.4,decoder_by_matrix,9c6baee88fc81e7d1aa345fcb3feec7ee81f21c5d49cb6ca037118097d89e180,"{""distance"":5,""physical_error_rate"":5e-05}","{""detection_events"":35635,""detectors_checked"":214814720}"
   1338368,         0,         0,   119.6,decoder_by_matrix,fa5edda0c1038186c8afbec49b0215a0b852396cdb50783a3f937fdf51d2afac,"{""distance"":5,""physical_error_rate"":1e-05}","{""detection_events"":7325,""detectors_checked"":227522560}"
   1232896,         0,         0,   119.6,decoder_by_matrix,e41ade2e4684e0396b9a3890c882b6453b515d69885aa1d89a26ce21ec554895,"{""distance"":5,""physical_error_rate"":1e-06}","{""detection_events"":595,""detectors_checked"":209592320}"
   1087488,         0,         0,   119.4,decoder_by_matrix,0421d486f8a041838688df650e87c0a19c3450ab7a7cc8b3dc589ebff86d1c74,"{""distance"":5,""physical_error_rate"":0.0001}","{""detection_events"":62325,""detectors_checked"":184872960}"
   1132544,         1,         0,   119.4,decoder_by_matrix,b84cf4b8ca220d31f17e1e2ea9ab927bbc4176b15682c650e7d1dd8f2758172b,"{""distance"":5,""physical_error_rate"":0.0005}","{""detection_events"":325615,""detectors_checked"":192532480,""obs_mistake_mask=E___"":1}"
   1197056,         0,         0,   119.5,decoder_by_matrix,3c866087b289edc25e9adea730044a15db18cabfd3ae2507fc844d5b4e03657a,"{""distance"":5,""physical_error_rate"":5e-06}","{""detection_events"":3025,""detectors_checked"":203499520}"
   1158144,         0,         0,   119.5,decoder_by_matrix,fa5edda0c1038186c8afbec49b0215a0b852396cdb50783a3f937fdf51d2afac,"{""distance"":5,""physical_error_rate"":1e-05}","{""detection_events"":6480,""detectors_checked"":196884480}"
   1161216,         0,         0,   119.5,decoder_by_matrix,0421d486f8a041838688df650e87c0a19c3450ab7a7cc8b3dc589ebff86d1c74,"{""distance"":5,""physical_error_rate"":0.0001}","{""detection_events"":68330,""detectors_checked"":197406720}"
   1258496,         0,         0,   119.5,decoder_by_matrix,9c6baee88fc81e7d1aa345fcb3feec7ee81f21c5d49cb6ca037118097d89e180,"{""distance"":5,""physical_error_rate"":5e-05}","{""detection_events"":37555,""detectors_checked"":213944320}"
   1248256,         4,         0,   119.5,decoder_by_matrix,066a5d8d46981b593c3dec855f441edbe9e755a8873183448f69d036a2ecc650,"{""distance"":5,""physical_error_rate"":0.001}","{""detection_events"":713490,""detectors_checked"":212203520,""obs_mistake_mask=E_EE"":1,""obs_mistake_mask=E__E"":1,""obs_mistake_mask=E___"":1,""obs_mistake_mask=_E__"":1}"
   1097728,         0,         0,   119.4,decoder_by_matrix,fa5edda0c1038186c8afbec49b0215a0b852396cdb50783a3f937fdf51d2afac,"{""distance"":5,""physical_error_rate"":1e-05}","{""detection_events"":6565,""detectors_checked"":186613760}"
   1270784,         0,         0,   119.5,decoder_by_matrix,fa5edda0c1038186c8afbec49b0215a0b852396cdb50783a3f937fdf51d2afac,"{""distance"":5,""physical_error_rate"":1e-05}","{""detection_events"":7595,""detectors_checked"":216033280}"
   1240064,         0,         0,   119.6,decoder_by_matrix,9c6baee88fc81e7d1aa345fcb3feec7ee81f21c5d49cb6ca037118097d89e180,"{""distance"":5,""physical_error_rate"":5e-05}","{""detection_events"":36255,""detectors_checked"":210810880}"
   1183744,         0,         0,   119.4,decoder_by_matrix,0421d486f8a041838688df650e87c0a19c3450ab7a7cc8b3dc589ebff86d1c74,"{""distance"":5,""physical_error_rate"":0.0001}","{""detection_events"":67695,""detectors_checked"":201236480}"
   1116160,         2,         0,   119.5,decoder_by_matrix,b84cf4b8ca220d31f17e1e2ea9ab927bbc4176b15682c650e7d1dd8f2758172b,"{""distance"":5,""physical_error_rate"":0.0005}","{""detection_events"":314335,""detectors_checked"":189747200,""obs_mistake_mask=_EE_"":1,""obs_mistake_mask=_E_E"":1}"
   1203200,         0,         0,   119.6,decoder_by_matrix,3c866087b289edc25e9adea730044a15db18cabfd3ae2507fc844d5b4e03657a,"{""distance"":5,""physical_error_rate"":5e-06}","{""detection_events"":3770,""detectors_checked"":204544000}"
   1092608,         0,         0,   119.6,decoder_by_matrix,e41ade2e4684e0396b9a3890c882b6453b515d69885aa1d89a26ce21ec554895,"{""distance"":5,""physical_error_rate"":1e-06}","{""detection_events"":745,""detectors_checked"":185743360}"
    952320,         0,         0,   119.5,decoder_by_matrix,3c866087b289edc25e9adea730044a15db18cabfd3ae2507fc844d5b4e03657a,"{""distance"":5,""physical_error_rate"":5e-06}","{""detection_events"":2425,""detectors_checked"":161894400}"
   1177600,         2,         0,   119.5,decoder_by_matrix,066a5d8d46981b593c3dec855f441edbe9e755a8873183448f69d036a2ecc650,"{""distance"":5,""physical_error_rate"":0.001}","{""detection_events"":666880,""detectors_checked"":200192000,""obs_mistake_mask=_E__"":1,""obs_mistake_mask=___E"":1}"
   1139712,         0,         0,   119.5,decoder_by_matrix,9c6baee88fc81e7d1aa345fcb3feec7ee81f21c5d49cb6ca037118097d89e180,"{""distance"":5,""physical_error_rate"":5e-05}","{""detection_events"":34375,""detectors_checked"":193751040}"
   1063936,         1,         0,   119.5,decoder_by_matrix,b84cf4b8ca220d31f17e1e2ea9ab927bbc4176b15682c650e7d1dd8f2758172b,"{""distance"":5,""physical_error_rate"":0.0005}","{""detection_events"":301155,""detectors_checked"":180869120,""obs_mistake_mask=_E__"":1}"
   1121280,         0,         0,   119.4,decoder_by_matrix,e41ade2e4684e0396b9a3890c882b6453b515d69885aa1d89a26ce21ec554895,"{""distance"":5,""physical_error_rate"":1e-06}","{""detection_events"":735,""detectors_checked"":190617600}"
    859136,         0,         0,   119.6,decoder_by_matrix,fa5edda0c1038186c8afbec49b0215a0b852396cdb50783a3f937fdf51d2afac,"{""distance"":5,""physical_error_rate"":1e-05}","{""detection_events"":4920,""detectors_checked"":146053120}"
   1233920,         0,         0,   119.6,decoder_by_matrix,b84cf4b8ca220d31f17e1e2ea9ab927bbc4176b15682c650e7d1dd8f2758172b,"{""distance"":5,""physical_error_rate"":0.0005}","{""detection_events"":347990,""detectors_checked"":209766400}"
   1288192,         0,         0,   119.5,decoder_by_matrix,3c866087b289edc25e9adea730044a15db18cabfd3ae2507fc844d5b4e03657a,"{""distance"":5,""physical_error_rate"":5e-06}","{""detection_events"":3585,""detectors_checked"":218992640}"
   1080320,         0,         0,   119.5,decoder_by_matrix,0421d486f8a041838688df650e87c0a19c3450ab7a7cc8b3dc589ebff86d1c74,"{""distance"":5,""physical_error_rate"":0.0001}","{""detection_events"":62425,""detectors_checked"":183654400}"
   1144832,         0,         0,   119.4,decoder_by_matrix,3c866087b289edc25e9adea730044a15db18cabfd3ae2507fc844d5b4e03657a,"{""distance"":5,""physical_error_rate"":5e-06}","{""detection_events"":3760,""detectors_checked"":194621440}"
    987136,         5,         0,   119.5,decoder_by_matrix,066a5d8d46981b593c3dec855f441edbe9e755a8873183448f69d036a2ecc650,"{""distance"":5,""physical_error_rate"":0.001}","{""detection_events"":558120,""detectors_checked"":167813120,""obs_mistake_mask=E___"":1,""obs_mistake_mask=_EE_"":1,""obs_mistake_mask=_E_E"":1,""obs_mistake_mask=_E__"":2}"
   1251328,         5,         0,   119.5,decoder_by_matrix,066a5d8d46981b593c3dec855f441edbe9e755a8873183448f69d036a2ecc650,"{""distance"":5,""physical_error_rate"":0.001}","{""detection_events"":711405,""detectors_checked"":212725760,""obs_mistake_mask=EEE_"":1,""obs_mistake_mask=E_E_"":1,""obs_mistake_mask=_E_E"":1,""obs_mistake_mask=_E__"":1,""obs_mistake_mask=__E_"":1}"
   1174528,         0,         0,   119.4,decoder_by_matrix,3c866087b289edc25e9adea730044a15db18cabfd3ae2507fc844d5b4e03657a,"{""distance"":5,""physical_error_rate"":5e-06}","{""detection_events"":3160,""detectors_checked"":199669760}"
   1317888,         0,         0,   119.4,decoder_by_matrix,e41ade2e4684e0396b9a3890c882b6453b515d69885aa1d89a26ce21ec554895,"{""distance"":5,""physical_error_rate"":1e-06}","{""detection_events"":670,""detectors_checked"":224040960}"
   1290240,         0,         0,   119.5,decoder_by_matrix,e41ade2e4684e0396b9a3890c882b6453b515d69885aa1d89a26ce21ec554895,"{""distance"":5,""physical_error_rate"":1e-06}","{""detection_events"":915,""detectors_checked"":219340800}"
    893952,         0,         0,   119.7,decoder_by_matrix,fa5edda0c1038186c8afbec49b0215a0b852396cdb50783a3f937fdf51d2afac,"{""distance"":5,""physical_error_rate"":1e-05}","{""detection_events"":5095,""detectors_checked"":151971840}"
   1040384,         1,         0,   119.5,decoder_by_matrix,066a5d8d46981b593c3dec855f441edbe9e755a8873183448f69d036a2ecc650,"{""distance"":5,""physical_error_rate"":0.001}","{""detection_events"":590065,""detectors_checked"":176865280,""obs_mistake_mask=E_E_"":1}"
    837632,         0,         0,   119.6,decoder_by_matrix,0421d486f8a041838688df650e87c0a19c3450ab7a7cc8b3dc589ebff86d1c74,"{""distance"":5,""physical_error_rate"":0.0001}","{""detection_events"":47920,""detectors_checked"":142397440}"
    939008,         0,         0,   119.5,decoder_by_matrix,0421d486f8a041838688df650e87c0a19c3450ab7a7cc8b3dc589ebff86d1c74,"{""distance"":5,""physical_error_rate"":0.0001}","{""detection_events"":54150,""detectors_checked"":159631360}"
   1040384,         0,         0,   119.6,decoder_by_matrix,b84cf4b8ca220d31f17e1e2ea9ab927bbc4176b15682c650e7d1dd8f2758172b,"{""distance"":5,""physical_error_rate"":0.0005}","{""detection_events"":300400,""detectors_checked"":176865280}"
   1128448,         0,         0,   119.7,decoder_by_matrix,e41ade2e4684e0396b9a3890c882b6453b515d69885aa1d89a26ce21ec554895,"{""distance"":5,""physical_error_rate"":1e-06}","{""detection_events"":540,""detectors_checked"":191836160}"
   1093632,         0,         0,   119.5,decoder_by_matrix,b84cf4b8ca220d31f17e1e2ea9ab927bbc4176b15682c650e7d1dd8f2758172b,"{""distance"":5,""physical_error_rate"":0.0005}","{""detection_events"":313555,""detectors_checked"":185917440}"
   1263616,         0,         0,   119.7,decoder_by_matrix,9c6baee88fc81e7d1aa345fcb3feec7ee81f21c5d49cb6ca037118097d89e180,"{""distance"":5,""physical_error_rate"":5e-05}","{""detection_events"":35445,""detectors_checked"":214814720}"
   1242112,         0,         0,   119.5,decoder_by_matrix,9c6baee88fc81e7d1aa345fcb3feec7ee81f21c5d49cb6ca037118097d89e180,"{""distance"":5,""physical_error_rate"":5e-05}","{""detection_events"":34550,""detectors_checked"":211159040}"
   1101824,         0,         0,   119.4,decoder_by_matrix,0421d486f8a041838688df650e87c0a19c3450ab7a7cc8b3dc589ebff86d1c74,"{""distance"":5,""physical_error_rate"":0.0001}","{""detection_events"":62995,""detectors_checked"":187310080}"
    922624,         0,         0,   119.7,decoder_by_matrix,3c866087b289edc25e9adea730044a15db18cabfd3ae2507fc844d5b4e03657a,"{""distance"":5,""physical_error_rate"":5e-06}","{""detection_events"":2815,""detectors_checked"":156846080}"
    904192,         0,         0,   119.8,decoder_by_matrix,e41ade2e4684e0396b9a3890c882b6453b515d69885aa1d89a26ce21ec554895,"{""distance"":5,""physical_error_rate"":1e-06}","{""detection_events"":500,""detectors_checked"":153712640}"
    850944,         2,         0,   119.3,decoder_by_matrix,066a5d8d46981b593c3dec855f441edbe9e755a8873183448f69d036a2ecc650,"{""distance"":5,""physical_error_rate"":0.001}","{""detection_events"":484365,""detectors_checked"":144660480,""obs_mistake_mask=E_EE"":1,""obs_mistake_mask=E___"":1}"
   1278976,         0,         0,   119.5,decoder_by_matrix,fa5edda0c1038186c8afbec49b0215a0b852396cdb50783a3f937fdf51d2afac,"{""distance"":5,""physical_error_rate"":1e-05}","{""detection_events"":6855,""detectors_checked"":217425920}"
   1219584,         0,         0,   119.7,decoder_by_matrix,9c6baee88fc81e7d1aa345fcb3feec7ee81f21c5d49cb6ca037118097d89e180,"{""distance"":5,""physical_error_rate"":5e-05}","{""detection_events"":34835,""detectors_checked"":207329280}"
   1198080,         0,         0,   119.4,decoder_by_matrix,b84cf4b8ca220d31f17e1e2ea9ab927bbc4176b15682c650e7d1dd8f2758172b,"{""distance"":5,""physical_error_rate"":0.0005}","{""detection_events"":341725,""detectors_checked"":203673600}"
   1307648,         0,         0,   119.4,decoder_by_matrix,9c6baee88fc81e7d1aa345fcb3feec7ee81f21c5d49cb6ca037118097d89e180,"{""distance"":5,""physical_error_rate"":5e-05}","{""detection_events"":37480,""detectors_checked"":222300160}"
   1337344,         0,         0,   119.5,decoder_by_matrix,fa5edda0c1038186c8afbec49b0215a0b852396cdb50783a3f937fdf51d2afac,"{""distance"":5,""physical_error_rate"":1e-05}","{""detection_events"":7720,""detectors_checked"":227348480}"
   1053696,         0,         0,   119.6,decoder_by_matrix,e41ade2e4684e0396b9a3890c882b6453b515d69885aa1d89a26ce21ec554895,"{""distance"":5,""physical_error_rate"":1e-06}","{""detection_events"":725,""detectors_checked"":179128320}"
   1007616,         1,         0,   119.7,decoder_by_matrix,b84cf4b8ca220d31f17e1e2ea9ab927bbc4176b15682c650e7d1dd8f2758172b,"{""distance"":5,""physical_error_rate"":0.0005}","{""detection_events"":288045,""detectors_checked"":171294720,""obs_mistake_mask=___E"":1}"
   1056768,         0,         0,   119.7,decoder_by_matrix,0421d486f8a041838688df650e87c0a19c3450ab7a7cc8b3dc589ebff86d1c74,"{""distance"":5,""physical_error_rate"":0.0001}","{""detection_events"":60630,""detectors_checked"":179650560}"
   1159168,         0,         0,   119.6,decoder_by_matrix,3c866087b289edc25e9adea730044a15db18cabfd3ae2507fc844d5b4e03657a,"{""distance"":5,""physical_error_rate"":5e-06}","{""detection_events"":3485,""detectors_checked"":197058560}"
   1168384,         0,         0,   119.5,decoder_by_matrix,fa5edda0c1038186c8afbec49b0215a0b852396cdb50783a3f937fdf51d2afac,"{""distance"":5,""physical_error_rate"":1e-05}","{""detection_events"":7005,""detectors_checked"":198625280}"
   1198080,         0,         0,   119.6,decoder_by_matrix,0421d486f8a041838688df650e87c0a19c3450ab7a7cc8b3dc589ebff86d1c74,"{""distance"":5,""physical_error_rate"":0.0001}","{""detection_events"":67775,""detectors_checked"":203673600}"
   1166336,         0,         0,   119.4,decoder_by_matrix,9c6baee88fc81e7d1aa345fcb3feec7ee81f21c5d49cb6ca037118097d89e180,"{""distance"":5,""physical_error_rate"":5e-05}","{""detection_events"":33535,""detectors_checked"":198277120}"
   1061888,         0,         0,   119.5,decoder_by_matrix,fa5edda0c1038186c8afbec49b0215a0b852396cdb50783a3f937fdf51d2afac,"{""distance"":5,""physical_error_rate"":1e-05}","{""detection_events"":6295,""detectors_checked"":180520960}"
   1063936,         3,         0,   119.4,decoder_by_matrix,066a5d8d46981b593c3dec855f441edbe9e755a8873183448f69d036a2ecc650,"{""distance"":5,""physical_error_rate"":0.001}","{""detection_events"":603395,""detectors_checked"":180869120,""obs_mistake_mask=_EE_"":1,""obs_mistake_mask=__E_"":2}"
   1195008,         0,         0,   119.5,decoder_by_matrix,fa5edda0c1038186c8afbec49b0215a0b852396cdb50783a3f937fdf51d2afac,"{""distance"":5,""physical_error_rate"":1e-05}","{""detection_events"":6265,""detectors_checked"":203151360}"
   1184768,         0,         0,   119.7,decoder_by_matrix,9c6baee88fc81e7d1aa345fcb3feec7ee81f21c5d49cb6ca037118097d89e180,"{""distance"":5,""physical_error_rate"":5e-05}","{""detection_events"":33200,""detectors_checked"":201410560}"
   1155072,         0,         0,   119.6,decoder_by_matrix,b84cf4b8ca220d31f17e1e2ea9ab927bbc4176b15682c650e7d1dd8f2758172b,"{""distance"":5,""physical_error_rate"":0.0005}","{""detection_events"":323090,""detectors_checked"":196362240}"
   1265664,         0,         0,   119.3,decoder_by_matrix,3c866087b289edc25e9adea730044a15db18cabfd3ae2507fc844d5b4e03657a,"{""distance"":5,""physical_error_rate"":5e-06}","{""detection_events"":3300,""detectors_checked"":215162880}"
   1156096,         0,         0,   119.6,decoder_by_matrix,0421d486f8a041838688df650e87c0a19c3450ab7a7cc8b3dc589ebff86d1c74,"{""distance"":5,""physical_error_rate"":0.0001}","{""detection_events"":67370,""detectors_checked"":196536320}"
   1076224,         0,         0,   119.7,decoder_by_matrix,e41ade2e4684e0396b9a3890c882b6453b515d69885aa1d89a26ce21ec554895,"{""distance"":5,""physical_error_rate"":1e-06}","{""detection_events"":710,""detectors_checked"":182958080}"
   1088512,         0,         0,   119.5,decoder_by_matrix,3c866087b289edc25e9adea730044a15db18cabfd3ae2507fc844d5b4e03657a,"{""distance"":5,""physical_error_rate"":5e-06}","{""detection_events"":2910,""detectors_checked"":185047040}"
   1108992,         3,         0,   119.2,decoder_by_matrix,066a5d8d46981b593c3dec855f441edbe9e755a8873183448f69d036a2ecc650,"{""distance"":5,""physical_error_rate"":0.001}","{""detection_events"":624715,""detectors_checked"":188528640,""obs_mistake_mask=_E_E"":1,""obs_mistake_mask=_E__"":1,""obs_mistake_mask=__E_"":1}"
   1135616,         0,         0,   119.5,decoder_by_matrix,9c6baee88fc81e7d1aa345fcb3feec7ee81f21c5d49cb6ca037118097d89e180,"{""distance"":5,""physical_error_rate"":5e-05}","{""detection_events"":31690,""detectors_checked"":193054720}"
   1175552,         0,         0,   119.7,decoder_by_matrix,b84cf4b8ca220d31f17e1e2ea9ab927bbc4176b15682c650e7d1dd8f2758172b,"{""distance"":5,""physical_error_rate"":0.0005}","{""detection_events"":331905,""detectors_checked"":199843840}"
   1263616,         0,         0,   119.4,decoder_by_matrix,e41ade2e4684e0396b9a3890c882b6453b515d69885aa1d89a26ce21ec554895,"{""distance"":5,""physical_error_rate"":1e-06}","{""detection_events"":795,""detectors_checked"":214814720}"
   1068032,         0,         0,   119.6,decoder_by_matrix,fa5edda0c1038186c8afbec49b0215a0b852396cdb50783a3f937fdf51d2afac,"{""distance"":5,""physical_error_rate"":1e-05}","{""detection_events"":6800,""detectors_checked"":181565440}"
   1169408,         0,         0,   119.5,decoder_by_matrix,b84cf4b8ca220d31f17e1e2ea9ab927bbc4176b15682c650e7d1dd8f2758172b,"{""distance"":5,""physical_error_rate"":0.0005}","{""detection_events"":336775,""detectors_checked"":198799360}"
   1182720,         0,         0,   119.5,decoder_by_matrix,3c866087b289edc25e9adea730044a15db18cabfd3ae2507fc844d5b4e03657a,"{""distance"":5,""physical_error_rate"":5e-06}","{""detection_events"":3590,""detectors_checked"":201062400}"
   1026048,         0,         0,   119.4,decoder_by_matrix,0421d486f8a041838688df650e87c0a19c3450ab7a7cc8b3dc589ebff86d1c74,"{""distance"":5,""physical_error_rate"":0.0001}","{""detection_events"":56650,""detectors_checked"":174428160}"
   1059840,         0,         0,   119.5,decoder_by_matrix,3c866087b289edc25e9adea730044a15db18cabfd3ae2507fc844d5b4e03657a,"{""distance"":5,""physical_error_rate"":5e-06}","{""detection_events"":3260,""detectors_checked"":180172800}"
   1096704,         2,         0,   119.4,decoder_by_matrix,066a5d8d46981b593c3dec855f441edbe9e755a8873183448f69d036a2ecc650,"{""distance"":5,""physical_error_rate"":0.001}","{""detection_events"":623760,""detectors_checked"":186439680,""obs_mistake_mask=_EE_"":1,""obs_mistake_mask=_E__"":1}"
   1175552,         1,         0,   119.5,decoder_by_matrix,066a5d8d46981b593c3dec855f441edbe9e755a8873183448f69d036a2ecc650,"{""distance"":5,""physical_error_rate"":0.001}","{""detection_events"":667295,""detectors_checked"":199843840,""obs_mistake_mask=__EE"":1}"
   1004544,         0,         0,   119.7,decoder_by_matrix,3c866087b289edc25e9adea730044a15db18cabfd3ae2507fc844d5b4e03657a,"{""distance"":5,""physical_error_rate"":5e-06}","{""detection_events"":2780,""detectors_checked"":170772480}"
   1260544,         0,         0,   119.4,decoder_by_matrix,e41ade2e4684e0396b9a3890c882b6453b515d69885aa1d89a26ce21ec554895,"{""distance"":5,""physical_error_rate"":1e-06}","{""detection_events"":705,""detectors_checked"":214292480}"
   1024000,         3,         0,   119.4,decoder_by_matrix,066a5d8d46981b593c3dec855f441edbe9e755a8873183448f69d036a2ecc650,"{""distance"":5,""physical_error_rate"":0.001}","{""detection_events"":579260,""detectors_checked"":174080000,""obs_mistake_mask=E___"":1,""obs_mistake_mask=_EE_"":1,""obs_mistake_mask=__E_"":1}"
   1271808,         0,         0,   119.4,decoder_by_matrix,e41ade2e4684e0396b9a3890c882b6453b515d69885aa1d89a26ce21ec554895,"{""distance"":5,""physical_error_rate"":1e-06}","{""detection_events"":770,""detectors_checked"":216207360}"
   1114112,         0,         0,   119.6,decoder_by_matrix,fa5edda0c1038186c8afbec49b0215a0b852396cdb50783a3f937fdf51d2afac,"{""distance"":5,""physical_error_rate"":1e-05}","{""detection_events"":6095,""detectors_checked"":189399040}"
   1056768,         0,         0,   119.5,decoder_by_matrix,0421d486f8a041838688df650e87c0a19c3450ab7a7cc8b3dc589ebff86d1c74,"{""distance"":5,""physical_error_rate"":0.0001}","{""detection_events"":64130,""detectors_checked"":179650560}"
   1092608,         0,         0,   119.3,decoder_by_matrix,0421d486f8a041838688df650e87c0a19c3450ab7a7cc8b3dc589ebff86d1c74,"{""distance"":5,""physical_error_rate"":0.0001}","{""detection_events"":62770,""detectors_checked"":185743360}"
   1069056,         0,         0,   119.4,decoder_by_matrix,b84cf4b8ca220d31f17e1e2ea9ab927bbc4176b15682c650e7d1dd8f2758172b,"{""distance"":5,""physical_error_rate"":0.0005}","{""detection_events"":302725,""detectors_checked"":181739520}"
   1047552,         0,         0,   119.6,decoder_by_matrix,e41ade2e4684e0396b9a3890c882b6453b515d69885aa1d89a26ce21ec554895,"{""distance"":5,""physical_error_rate"":1e-06}","{""detection_events"":410,""detectors_checked"":178083840}"
   1098752,         0,         0,   119.7,decoder_by_matrix,b84cf4b8ca220d31f17e1e2ea9ab927bbc4176b15682c650e7d1dd8f2758172b,"{""distance"":5,""physical_error_rate"":0.0005}","{""detection_events"":309220,""detectors_checked"":186787840}"
   1129472,         0,         0,   119.6,decoder_by_matrix,9c6baee88fc81e7d1aa345fcb3feec7ee81f21c5d49cb6ca037118097d89e180,"{""distance"":5,""physical_error_rate"":5e-05}","{""detection_events"":32070,""detectors_checked"":192010240}"
   1191936,         0,         0,   119.5,decoder_by_matrix,9c6baee88fc81e7d1aa345fcb3feec7ee81f21c5d49cb6ca037118097d89e180,"{""distance"":5,""physical_error_rate"":5e-05}","{""detection_events"":32395,""detectors_checked"":202629120}"
   1198080,         0,         0,   119.5,decoder_by_matrix,0421d486f8a041838688df650e87c0a19c3450ab7a7cc8b3dc589ebff86d1c74,"{""distance"":5,""physical_error_rate"":0.0001}","{""detection_events"":67580,""detectors_checked"":203673600}"
   1139712,         0,         0,   119.5,decoder_by_matrix,3c866087b289edc25e9adea730044a15db18cabfd3ae2507fc844d5b4e03657a,"{""distance"":5,""physical_error_rate"":5e-06}","{""detection_events"":3015,""detectors_checked"":193751040}"
    932864,         0,         0,   119.6,decoder_by_matrix,e41ade2e4684e0396b9a3890c882b6453b515d69885aa1d89a26ce21ec554895,"{""distance"":5,""physical_error_rate"":1e-06}","{""detection_events"":560,""detectors_checked"":158586880}"
    971776,         1,         0,   119.3,decoder_by_matrix,066a5d8d46981b593c3dec855f441edbe9e755a8873183448f69d036a2ecc650,"{""distance"":5,""physical_error_rate"":0.001}","{""detection_events"":554585,""detectors_checked"":165201920,""obs_mistake_mask=__EE"":1}"
    982016,         0,         0,   119.7,decoder_by_matrix,fa5edda0c1038186c8afbec49b0215a0b852396cdb50783a3f937fdf51d2afac,"{""distance"":5,""physical_error_rate"":1e-05}","{""detection_events"":6045,""detectors_checked"":166942720}"
   1117184,         0,         0,   119.6,decoder_by_matrix,9c6baee88fc81e7d1aa345fcb3feec7ee81f21c5d49cb6ca037118097d89e180,"{""distance"":5,""physical_error_rate"":5e-05}","{""detection_events"":32790,""detectors_checked"":189921280}"
   1047552,         0,         0,   119.4,decoder_by_matrix,b84cf4b8ca220d31f17e1e2ea9ab927bbc4176b15682c650e7d1dd8f2758172b,"{""distance"":5,""physical_error_rate"":0.0005}","{""detection_events"":300490,""detectors_checked"":178083840}"
   1271808,         0,         0,   119.5,decoder_by_matrix,fa5edda0c1038186c8afbec49b0215a0b852396cdb50783a3f937fdf51d2afac,"{""distance"":5,""physical_error_rate"":1e-05}","{""detection_events"":7675,""detectors_checked"":216207360}"
   1206272,         0,         0,   119.6,decoder_by_matrix,9c6baee88fc81e7d1aa345fcb3feec7ee81f21c5d49cb6ca037118097d89e180,"{""distance"":5,""physical_error_rate"":5e-05}","{""detection_events"":34505,""detectors_checked"":205066240}"
    987136,         0,         0,   119.4,decoder_by_matrix,e41ade2e4684e0396b9a3890c882b6453b515d69885aa1d89a26ce21ec554895,"{""distance"":5,""physical_error_rate"":1e-06}","{""detection_events"":375,""detectors_checked"":167813120}"
   1098752,         0,         0,   119.7,decoder_by_matrix,0421d486f8a041838688df650e87c0a19c3450ab7a7cc8b3dc589ebff86d1c74,"{""distance"":5,""physical_error_rate"":0.0001}","{""detection_events"":62510,""detectors_checked"":186787840}"
    821248,         0,         0,   119.5,decoder_by_matrix,b84cf4b8ca220d31f17e1e2ea9ab927bbc4176b15682c650e7d1dd8f2758172b,"{""distance"":5,""physical_error_rate"":0.0005}","{""detection_events"":233650,""detectors_checked"":139612160}"
    979968,         0,         0,   119.6,decoder_by_matrix,3c866087b289edc25e9adea730044a15db18cabfd3ae2507fc844d5b4e03657a,"{""distance"":5,""physical_error_rate"":5e-06}","{""detection_events"":2965,""detectors_checked"":166594560}"
   1296384,         0,         0,   119.5,decoder_by_matrix,fa5edda0c1038186c8afbec49b0215a0b852396cdb50783a3f937fdf51d2afac,"{""distance"":5,""physical_error_rate"":1e-05}","{""detection_events"":7905,""detectors_checked"":220385280}"
   1120256,         0,         0,   119.5,decoder_by_matrix,0421d486f8a041838688df650e87c0a19c3450ab7a7cc8b3dc589ebff86d1c74,"{""distance"":5,""physical_error_rate"":0.0001}","{""detection_events"":61955,""detectors_checked"":190443520}"
   1106944,         0,         0,   119.6,decoder_by_matrix,9c6baee88fc81e7d1aa345fcb3feec7ee81f21c5d49cb6ca037118097d89e180,"{""distance"":5,""physical_error_rate"":5e-05}","{""detection_events"":31840,""detectors_checked"":188180480}"
   1003520,         1,         0,   119.5,decoder_by_matrix,066a5d8d46981b593c3dec855f441edbe9e755a8873183448f69d036a2ecc650,"{""distance"":5,""physical_error_rate"":0.001}","{""detection_events"":569495,""detectors_checked"":170598400,""obs_mistake_mask=EE__"":1}"
   1240064,         0,         0,   119.5,decoder_by_matrix,fa5edda0c1038186c8afbec49b0215a0b852396cdb50783a3f937fdf51d2afac,"{""distance"":5,""physical_error_rate"":1e-05}","{""detection_events"":6635,""detectors_checked"":210810880}"
   1248256,         0,         0,   119.4,decoder_by_matrix,fa5edda0c1038186c8afbec49b0215a0b852396cdb50783a3f937fdf51d2afac,"{""distance"":5,""physical_error_rate"":1e-05}","{""detection_events"":7010,""detectors_checked"":212203520}"
   1160192,         0,         0,   119.5,decoder_by_matrix,9c6baee88fc81e7d1aa345fcb3feec7ee81f21c5d49cb6ca037118097d89e180,"{""distance"":5,""physical_error_rate"":5e-05}","{""detection_events"":32995,""detectors_checked"":197232640}"
   1300480,         0,         0,   119.5,decoder_by_matrix,3c866087b289edc25e9adea730044a15db18cabfd3ae2507fc844d5b4e03657a,"{""distance"":5,""physical_error_rate"":5e-06}","{""detection_events"":4225,""detectors_checked"":221081600}"
    976896,         0,         0,   119.5,decoder_by_matrix,0421d486f8a041838688df650e87c0a19c3450ab7a7cc8b3dc589ebff86d1c74,"{""distance"":5,""physical_error_rate"":0.0001}","{""detection_events"":55750,""detectors_checked"":166072320}"
   1120256,         0,         0,   119.5,decoder_by_matrix,b84cf4b8ca220d31f17e1e2ea9ab927bbc4176b15682c650e7d1dd8f2758172b,"{""distance"":5,""physical_error_rate"":0.0005}","{""detection_events"":318190,""detectors_checked"":190443520}"
   1273856,         0,         0,   119.6,decoder_by_matrix,e41ade2e4684e0396b9a3890c882b6453b515d69885aa1d89a26ce21ec554895,"{""distance"":5,""physical_error_rate"":1e-06}","{""detection_events"":605,""detectors_checked"":216555520}"
   1149952,         0,         0,   119.4,decoder_by_matrix,3c866087b289edc25e9adea730044a15db18cabfd3ae2507fc844d5b4e03657a,"{""distance"":5,""physical_error_rate"":5e-06}","{""detection_events"":2725,""detectors_checked"":195491840}"
   1210368,         2,         0,   119.4,decoder_by_matrix,066a5d8d46981b593c3dec855f441edbe9e755a8873183448f69d036a2ecc650,"{""distance"":5,""physical_error_rate"":0.001}","{""detection_events"":689360,""detectors_checked"":205762560,""obs_mistake_mask=E__E"":1,""obs_mistake_mask=_EEE"":1}"
   1261568,         0,         0,   119.7,decoder_by_matrix,9c6baee88fc81e7d1aa345fcb3feec7ee81f21c5d49cb6ca037118097d89e180,"{""distance"":5,""physical_error_rate"":5e-05}","{""detection_events"":36455,""detectors_checked"":214466560}"
   1205248,         0,         0,   119.7,decoder_by_matrix,b84cf4b8ca220d31f17e1e2ea9ab927bbc4176b15682c650e7d1dd8f2758172b,"{""distance"":5,""physical_error_rate"":0.0005}","{""detection_events"":337545,""detectors_checked"":204892160}"
   1291264,         0,         0,   119.3,decoder_by_matrix,e41ade2e4684e0396b9a3890c882b6453b515d69885aa1d89a26ce21ec554895,"{""distance"":5,""physical_error_rate"":1e-06}","{""detection_events"":955,""detectors_checked"":219514880}"
   1174528,         0,         0,   119.5,decoder_by_matrix,fa5edda0c1038186c8afbec49b0215a0b852396cdb50783a3f937fdf51d2afac,"{""distance"":5,""physical_error_rate"":1e-05}","{""detection_events"":6955,""detectors_checked"":199669760}"
   1150976,         2,         0,   119.4,decoder_by_matrix,b84cf4b8ca220d31f17e1e2ea9ab927bbc4176b15682c650e7d1dd8f2758172b,"{""distance"":5,""physical_error_rate"":0.0005}","{""detection_events"":328895,""detectors_checked"":195665920,""obs_mistake_mask=EEE_"":1,""obs_mistake_mask=_E__"":1}"
   1247232,         0,         0,   119.4,decoder_by_matrix,3c866087b289edc25e9adea730044a15db18cabfd3ae2507fc844d5b4e03657a,"{""distance"":5,""physical_error_rate"":5e-06}","{""detection_events"":3330,""detectors_checked"":212029440}"
   1183744,         0,         0,   119.6,decoder_by_matrix,0421d486f8a041838688df650e87c0a19c3450ab7a7cc8b3dc589ebff86d1c74,"{""distance"":5,""physical_error_rate"":0.0001}","{""detection_events"":68795,""detectors_checked"":201236480}"
   1226752,         0,         0,   119.6,decoder_by_matrix,3c866087b289edc25e9adea730044a15db18cabfd3ae2507fc844d5b4e03657a,"{""distance"":5,""physical_error_rate"":5e-06}","{""detection_events"":3195,""detectors_checked"":208547840}"
   1145856,         2,         0,   119.5,decoder_by_matrix,066a5d8d46981b593c3dec855f441edbe9e755a8873183448f69d036a2ecc650,"{""distance"":5,""physical_error_rate"":0.001}","{""detection_events"":644650,""detectors_checked"":194795520,""obs_mistake_mask=_E__"":1,""obs_mistake_mask=__E_"":1}"
   1195008,         3,         0,   119.6,decoder_by_matrix,066a5d8d46981b593c3dec855f441edbe9e755a8873183448f69d036a2ecc650,"{""distance"":5,""physical_error_rate"":0.001}","{""detection_events"":680595,""detectors_checked"":203151360,""obs_mistake_mask=E_EE"":1,""obs_mistake_mask=_E_E"":1,""obs_mistake_mask=__E_"":1}"
   1190912,         0,         0,   119.5,decoder_by_matrix,3c866087b289edc25e9adea730044a15db18cabfd3ae2507fc844d5b4e03657a,"{""distance"":5,""physical_error_rate"":5e-06}","{""detection_events"":3585,""detectors_checked"":202455040}"
    998400,         0,         0,   119.7,decoder_by_matrix,e41ade2e4684e0396b9a3890c882b6453b515d69885aa1d89a26ce21ec554895,"{""distance"":5,""physical_error_rate"":1e-06}","{""detection_events"":465,""detectors_checked"":169728000}"
   1209344,         0,         0,   119.7,decoder_by_matrix,e41ade2e4684e0396b9a3890c882b6453b515d69885aa1d89a26ce21ec554895,"{""distance"":5,""physical_error_rate"":1e-06}","{""detection_events"":505,""detectors_checked"":205588480}"
    960512,         2,         0,   119.5,decoder_by_matrix,066a5d8d46981b593c3dec855f441edbe9e755a8873183448f69d036a2ecc650,"{""distance"":5,""physical_error_rate"":0.001}","{""detection_events"":542865,""detectors_checked"":163287040,""obs_mistake_mask=EE_E"":1,""obs_mistake_mask=E_E_"":1}"
   1100800,         0,         0,   119.5,decoder_by_matrix,fa5edda0c1038186c8afbec49b0215a0b852396cdb50783a3f937fdf51d2afac,"{""distance"":5,""physical_error_rate"":1e-05}","{""detection_events"":6455,""detectors_checked"":187136000}"
    863232,         0,         0,   119.5,decoder_by_matrix,0421d486f8a041838688df650e87c0a19c3450ab7a7cc8b3dc589ebff86d1c74,"{""distance"":5,""physical_error_rate"":0.0001}","{""detection_events"":49560,""detectors_checked"":146749440}"
   1127424,         0,         0,   119.5,decoder_by_matrix,0421d486f8a041838688df650e87c0a19c3450ab7a7cc8b3dc589ebff86d1c74,"{""distance"":5,""physical_error_rate"":0.0001}","{""detection_events"":62660,""detectors_checked"":191662080}"
   1149952,         0,         0,   119.6,decoder_by_matrix,b84cf4b8ca220d31f17e1e2ea9ab927bbc4176b15682c650e7d1dd8f2758172b,"{""distance"":5,""physical_error_rate"":0.0005}","{""detection_events"":329140,""detectors_checked"":195491840}"
   1307648,         0,         0,   119.7,decoder_by_matrix,e41ade2e4684e0396b9a3890c882b6453b515d69885aa1d89a26ce21ec554895,"{""distance"":5,""physical_error_rate"":1e-06}","{""detection_events"":475,""detectors_checked"":222300160}"
   1102848,         0,         0,   119.5,decoder_by_matrix,b84cf4b8ca220d31f17e1e2ea9ab927bbc4176b15682c650e7d1dd8f2758172b,"{""distance"":5,""physical_error_rate"":0.0005}","{""detection_events"":309645,""detectors_checked"":187484160}"
    751616,         0,         0,   119.5,decoder_by_matrix,9c6baee88fc81e7d1aa345fcb3feec7ee81f21c5d49cb6ca037118097d89e180,"{""distance"":5,""physical_error_rate"":5e-05}","{""detection_events"":19470,""detectors_checked"":127774720}"
   1225728,         0,         0,   119.4,decoder_by_matrix,9c6baee88fc81e7d1aa345fcb3feec7ee81f21c5d49cb6ca037118097d89e180,"{""distance"":5,""physical_error_rate"":5e-05}","{""detection_events"":36330,""detectors_checked"":208373760}"
    923648,         0,         0,   119.7,decoder_by_matrix,0421d486f8a041838688df650e87c0a19c3450ab7a7cc8b3dc589ebff86d1c74,"{""distance"":5,""physical_error_rate"":0.0001}","{""detection_events"":52525,""detectors_checked"":157020160}"
   1080320,         0,         0,   119.6,decoder_by_matrix,3c866087b289edc25e9adea730044a15db18cabfd3ae2507fc844d5b4e03657a,"{""distance"":5,""physical_error_rate"":5e-06}","{""detection_events"":2815,""detectors_checked"":183654400}"
    811008,         0,         0,   119.7,decoder_by_matrix,e41ade2e4684e0396b9a3890c882b6453b515d69885aa1d89a26ce21ec554895,"{""distance"":5,""physical_error_rate"":1e-06}","{""detection_events"":335,""detectors_checked"":137871360}"
   1172480,         2,         0,   119.4,decoder_by_matrix,066a5d8d46981b593c3dec855f441edbe9e755a8873183448f69d036a2ecc650,"{""distance"":5,""physical_error_rate"":0.001}","{""detection_events"":668440,""detectors_checked"":199321600,""obs_mistake_mask=_E__"":2}"
   1032192,         0,         0,   119.6,decoder_by_matrix,fa5edda0c1038186c8afbec49b0215a0b852396cdb50783a3f937fdf51d2afac,"{""distance"":5,""physical_error_rate"":1e-05}","{""detection_events"":5410,""detectors_checked"":175472640}"
   1132544,         0,         0,   119.4,decoder_by_matrix,9c6baee88fc81e7d1aa345fcb3feec7ee81f21c5d49cb6ca037118097d89e180,"{""distance"":5,""physical_error_rate"":5e-05}","{""detection_events"":31695,""detectors_checked"":192532480}"
    951296,         0,         0,   119.6,decoder_by_matrix,b84cf4b8ca220d31f17e1e2ea9ab927bbc4176b15682c650e7d1dd8f2758172b,"{""distance"":5,""physical_error_rate"":0.0005}","{""detection_events"":268120,""detectors_checked"":161720320}"
   1292288,         0,         0,   119.4,decoder_by_matrix,fa5edda0c1038186c8afbec49b0215a0b852396cdb50783a3f937fdf51d2afac,"{""distance"":5,""physical_error_rate"":1e-05}","{""detection_events"":6850,""detectors_checked"":219688960}"
   1292288,         0,         0,   119.4,decoder_by_matrix,9c6baee88fc81e7d1aa345fcb3feec7ee81f21c5d49cb6ca037118097d89e180,"{""distance"":5,""physical_error_rate"":5e-05}","{""detection_events"":35545,""detectors_checked"":219688960}"
   1233920,         0,         0,   119.5,decoder_by_matrix,e41ade2e4684e0396b9a3890c882b6453b515d69885aa1d89a26ce21ec554895,"{""distance"":5,""physical_error_rate"":1e-06}","{""detection_events"":690,""detectors_checked"":209766400}"
   1196032,         0,         0,   119.4,decoder_by_matrix,0421d486f8a041838688df650e87c0a19c3450ab7a7cc8b3dc589ebff86d1c74,"{""distance"":5,""physical_error_rate"":0.0001}","{""detection_events"":67200,""detectors_checked"":203325440}"
   1038336,         1,         0,   119.5,decoder_by_matrix,b84cf4b8ca220d31f17e1e2ea9ab927bbc4176b15682c650e7d1dd8f2758172b,"{""distance"":5,""physical_error_rate"":0.0005}","{""detection_events"":294895,""detectors_checked"":176517120,""obs_mistake_mask=__EE"":1}"
   1248256,         0,         0,   119.5,decoder_by_matrix,3c866087b289edc25e9adea730044a15db18cabfd3ae2507fc844d5b4e03657a,"{""distance"":5,""physical_error_rate"":5e-06}","{""detection_events"":3980,""detectors_checked"":212203520}"
   1219584,         0,         0,   119.5,decoder_by_matrix,fa5edda0c1038186c8afbec49b0215a0b852396cdb50783a3f937fdf51d2afac,"{""distance"":5,""physical_error_rate"":1e-05}","{""detection_events"":6765,""detectors_checked"":207329280}"
   1069056,         0,         0,   119.6,decoder_by_matrix,0421d486f8a041838688df650e87c0a19c3450ab7a7cc8b3dc589ebff86d1c74,"{""distance"":5,""physical_error_rate"":0.0001}","{""detection_events"":61255,""detectors_checked"":181739520}"
   1229824,         0,         0,   119.6,decoder_by_matrix,9c6baee88fc81e7d1aa345fcb3feec7ee81f21c5d49cb6ca037118097d89e180,"{""distance"":5,""physical_error_rate"":5e-05}","{""detection_events"":35500,""detectors_checked"":209070080}"
   1142784,         3,         0,   119.5,decoder_by_matrix,066a5d8d46981b593c3dec855f441edbe9e755a8873183448f69d036a2ecc650,"{""distance"":5,""physical_error_rate"":0.001}","{""detection_events"":648410,""detectors_checked"":194273280,""obs_mistake_mask=E_E_"":1,""obs_mistake_mask=E___"":1,""obs_mistake_mask=__E_"":1}"
   1153024,         0,         0,   119.5,decoder_by_matrix,fa5edda0c1038186c8afbec49b0215a0b852396cdb50783a3f937fdf51d2afac,"{""distance"":5,""physical_error_rate"":1e-05}","{""detection_events"":6680,""detectors_checked"":196014080}"
   1298432,         0,         0,   119.4,decoder_by_matrix,fa5edda0c1038186c8afbec49b0215a0b852396cdb50783a3f937fdf51d2afac,"{""distance"":5,""physical_error_rate"":1e-05}","{""detection_events"":7620,""detectors_checked"":220733440}"
   1208320,         0,         0,   119.6,decoder_by_matrix,9c6baee88fc81e7d1aa345fcb3feec7ee81f21c5d49cb6ca037118097d89e180,"{""distance"":5,""physical_error_rate"":5e-05}","{""detection_events"":34110,""detectors_checked"":205414400}"
   1281024,         0,         0,   119.5,decoder_by_matrix,3c866087b289edc25e9adea730044a15db18cabfd3ae2507fc844d5b4e03657a,"{""distance"":5,""physical_error_rate"":5e-06}","{""detection_events"":3845,""detectors_checked"":217774080}"
   1086464,         0,         0,   119.5,decoder_by_matrix,b84cf4b8ca220d31f17e1e2ea9ab927bbc4176b15682c650e7d1dd8f2758172b,"{""distance"":5,""physical_error_rate"":0.0005}","{""detection_events"":312465,""detectors_checked"":184698880}"
   1254400,         0,         0,   119.5,decoder_by_matrix,0421d486f8a041838688df650e87c0a19c3450ab7a7cc8b3dc589ebff86d1c74,"{""distance"":5,""physical_error_rate"":0.0001}","{""detection_events"":72380,""detectors_checked"":213248000}"
   1243136,         0,         0,   119.6,decoder_by_matrix,e41ade2e4684e0396b9a3890c882b6453b515d69885aa1d89a26ce21ec554895,"{""distance"":5,""physical_error_rate"":1e-06}","{""detection_events"":595,""detectors_checked"":211333120}"
   1039360,         0,         0,   119.7,decoder_by_matrix,3c866087b289edc25e9adea730044a15db18cabfd3ae2507fc844d5b4e03657a,"{""distance"":5,""physical_error_rate"":5e-06}","{""detection_events"":3085,""detectors_checked"":176691200}"
   1263616,         4,         0,   119.4,decoder_by_matrix,066a5d8d46981b593c3dec855f441edbe9e755a8873183448f69d036a2ecc650,"{""distance"":5,""physical_error_rate"":0.001}","{""detection_events"":719365,""detectors_checked"":214814720,""obs_mistake_mask=E___"":1,""obs_mistake_mask=_E_E"":2,""obs_mistake_mask=___E"":1}"
   1160192,         0,         0,   119.5,decoder_by_matrix,9c6baee88fc81e7d1aa345fcb3feec7ee81f21c5d49cb6ca037118097d89e180,"{""distance"":5,""physical_error_rate"":5e-05}","{""detection_events"":32295,""detectors_checked"":197232640}"
   1205248,         2,         0,   119.6,decoder_by_matrix,b84cf4b8ca220d31f17e1e2ea9ab927bbc4176b15682c650e7d1dd8f2758172b,"{""distance"":5,""physical_error_rate"":0.0005}","{""detection_events"":340085,""detectors_checked"":204892160,""obs_mistake_mask=__EE"":2}"
   1202176,         0,         0,   119.5,decoder_by_matrix,e41ade2e4684e0396b9a3890c882b6453b515d69885aa1d89a26ce21ec554895,"{""distance"":5,""physical_error_rate"":1e-06}","{""detection_events"":610,""detectors_checked"":204369920}"
   1287168,         0,         0,   119.5,decoder_by_matrix,fa5edda0c1038186c8afbec49b0215a0b852396cdb50783a3f937fdf51d2afac,"{""distance"":5,""physical_error_rate"":1e-05}","{""detection_events"":7465,""detectors_checked"":218818560}"
   1062912,         0,         0,   119.6,decoder_by_matrix,b84cf4b8ca220d31f17e1e2ea9ab927bbc4176b15682c650e7d1dd8f2758172b,"{""distance"":5,""physical_error_rate"":0.0005}","{""detection_events"":307660,""detectors_checked"":180695040}"
    884736,         0,         0,   119.7,decoder_by_matrix,3c866087b289edc25e9adea730044a15db18cabfd3ae2507fc844d5b4e03657a,"{""distance"":5,""physical_error_rate"":5e-06}","{""detection_events"":2735,""detectors_checked"":150405120}"
   1166336,         0,         0,   119.5,decoder_by_matrix,0421d486f8a041838688df650e87c0a19c3450ab7a7cc8b3dc589ebff86d1c74,"{""distance"":5,""physical_error_rate"":0.0001}","{""detection_events"":65370,""detectors_checked"":198277120}"
   1157120,         0,         0,   119.6,decoder_by_matrix,3c866087b289edc25e9adea730044a15db18cabfd3ae2507fc844d5b4e03657a,"{""distance"":5,""physical_error_rate"":5e-06}","{""detection_events"":2980,""detectors_checked"":196710400}"
   1135616,         0,         0,   119.4,decoder_by_matrix,066a5d8d46981b593c3dec855f441edbe9e755a8873183448f69d036a2ecc650,"{""distance"":5,""physical_error_rate"":0.001}","{""detection_events"":642800,""detectors_checked"":193054720}"
   1162240,         1,         0,   119.6,decoder_by_matrix,066a5d8d46981b593c3dec855f441edbe9e755a8873183448f69d036a2ecc650,"{""distance"":5,""physical_error_rate"":0.001}","{""detection_events"":659475,""detectors_checked"":197580800,""obs_mistake_mask=__E_"":1}"
   1127424,         0,         0,   119.6,decoder_by_matrix,3c866087b289edc25e9adea730044a15db18cabfd3ae2507fc844d5b4e03657a,"{""distance"":5,""physical_error_rate"":5e-06}","{""detection_events"":3520,""detectors_checked"":191662080}"
    959488,         0,         0,   119.6,decoder_by_matrix,e41ade2e4684e0396b9a3890c882b6453b515d69885aa1d89a26ce21ec554895,"{""distance"":5,""physical_error_rate"":1e-06}","{""detection_events"":440,""detectors_checked"":163112960}"
   1122304,         0,         0,   119.6,decoder_by_matrix,e41ade2e4684e0396b9a3890c882b6453b515d69885aa1d89a26ce21ec554895,"{""distance"":5,""physical_error_rate"":1e-06}","{""detection_events"":810,""detectors_checked"":190791680}"
    882688,         0,         0,   119.3,decoder_by_matrix,fa5edda0c1038186c8afbec49b0215a0b852396cdb50783a3f937fdf51d2afac,"{""distance"":5,""physical_error_rate"":1e-05}","{""detection_events"":4890,""detectors_checked"":150056960}"
    917504,         3,         0,   119.6,decoder_by_matrix,066a5d8d46981b593c3dec855f441edbe9e755a8873183448f69d036a2ecc650,"{""distance"":5,""physical_error_rate"":0.001}","{""detection_events"":519670,""detectors_checked"":155975680,""obs_mistake_mask=_E_E"":1,""obs_mistake_mask=___E"":2}"
   1165312,         0,         0,   119.6,decoder_by_matrix,0421d486f8a041838688df650e87c0a19c3450ab7a7cc8b3dc589ebff86d1c74,"{""distance"":5,""physical_error_rate"":0.0001}","{""detection_events"":67235,""detectors_checked"":198103040}"
   1221632,         0,         0,   119.4,decoder_by_matrix,0421d486f8a041838688df650e87c0a19c3450ab7a7cc8b3dc589ebff86d1c74,"{""distance"":5,""physical_error_rate"":0.0001}","{""detection_events"":68965,""detectors_checked"":207677440}"
   1062912,         0,         0,   119.6,decoder_by_matrix,b84cf4b8ca220d31f17e1e2ea9ab927bbc4176b15682c650e7d1dd8f2758172b,"{""distance"":5,""physical_error_rate"":0.0005}","{""detection_events"":300415,""detectors_checked"":180695040}"
   1262592,         0,         0,   119.5,decoder_by_matrix,e41ade2e4684e0396b9a3890c882b6453b515d69885aa1d89a26ce21ec554895,"{""distance"":5,""physical_error_rate"":1e-06}","{""detection_events"":840,""detectors_checked"":214640640}"
   1115136,         1,         0,   119.5,decoder_by_matrix,b84cf4b8ca220d31f17e1e2ea9ab927bbc4176b15682c650e7d1dd8f2758172b,"{""distance"":5,""physical_error_rate"":0.0005}","{""detection_events"":313340,""detectors_checked"":189573120,""obs_mistake_mask=E___"":1}"
   1101824,         0,         0,   119.3,decoder_by_matrix,9c6baee88fc81e7d1aa345fcb3feec7ee81f21c5d49cb6ca037118097d89e180,"{""distance"":5,""physical_error_rate"":5e-05}","{""detection_events"":31245,""detectors_checked"":187310080}"
   1088512,         0,         0,   119.6,decoder_by_matrix,9c6baee88fc81e7d1aa345fcb3feec7ee81f21c5d49cb6ca037118097d89e180,"{""distance"":5,""physical_error_rate"":5e-05}","{""detection_events"":30305,""detectors_checked"":185047040}"
   1133568,         0,         0,   119.7,decoder_by_matrix,0421d486f8a041838688df650e87c0a19c3450ab7a7cc8b3dc589ebff86d1c74,"{""distance"":5,""physical_error_rate"":0.0001}","{""detection_events"":63790,""detectors_checked"":192706560}"
    847872,         0,         0,   119.8,decoder_by_matrix,3c866087b289edc25e9adea730044a15db18cabfd3ae2507fc844d5b4e03657a,"{""distance"":5,""physical_error_rate"":5e-06}","{""detection_events"":2365,""detectors_checked"":144138240}"
    811008,         0,         0,   119.8,decoder_by_matrix,e41ade2e4684e0396b9a3890c882b6453b515d69885aa1d89a26ce21ec554895,"{""distance"":5,""physical_error_rate"":1e-06}","{""detection_events"":575,""detectors_checked"":137871360}"
    911360,         5,         0,   119.8,decoder_by_matrix,066a5d8d46981b593c3dec855f441edbe9e755a8873183448f69d036a2ecc650,"{""distance"":5,""physical_error_rate"":0.001}","{""detection_events"":512790,""detectors_checked"":154931200,""obs_mistake_mask=E___"":3,""obs_mistake_mask=__E_"":1,""obs_mistake_mask=___E"":1}"
    949248,         0,         0,   119.4,decoder_by_matrix,fa5edda0c1038186c8afbec49b0215a0b852396cdb50783a3f937fdf51d2afac,"{""distance"":5,""physical_error_rate"":1e-05}","{""detection_events"":4870,""detectors_checked"":161372160}"
   1146880,         0,         0,   119.6,decoder_by_matrix,9c6baee88fc81e7d1aa345fcb3feec7ee81f21c5d49cb6ca037118097d89e180,"{""distance"":5,""physical_error_rate"":5e-05}","{""detection_events"":32055,""detectors_checked"":194969600}"
    934912,         0,         0,   119.4,decoder_by_matrix,b84cf4b8ca220d31f17e1e2ea9ab927bbc4176b15682c650e7d1dd8f2758172b,"{""distance"":5,""physical_error_rate"":0.0005}","{""detection_events"":267695,""detectors_checked"":158935040}"
   1326080,         0,         0,   119.4,decoder_by_matrix,fa5edda0c1038186c8afbec49b0215a0b852396cdb50783a3f937fdf51d2afac,"{""distance"":5,""physical_error_rate"":1e-05}","{""detection_events"":7835,""detectors_checked"":225433600}"
   1186816,         0,         0,   119.5,decoder_by_matrix,9c6baee88fc81e7d1aa345fcb3feec7ee81f21c5d49cb6ca037118097d89e180,"{""distance"":5,""physical_error_rate"":5e-05}","{""detection_events"":34850,""detectors_checked"":201758720}"
   1232896,         0,         0,   119.3,decoder_by_matrix,e41ade2e4684e0396b9a3890c882b6453b515d69885aa1d89a26ce21ec554895,"{""distance"":5,""physical_error_rate"":1e-06}","{""detection_events"":510,""detectors_checked"":209592320}"
    992256,         0,         0,   119.4,decoder_by_matrix,0421d486f8a041838688df650e87c0a19c3450ab7a7cc8b3dc589ebff86d1c74,"{""distance"":5,""physical_error_rate"":0.0001}","{""detection_events"":56715,""detectors_checked"":168683520}"
   1009664,         0,         0,   119.3,decoder_by_matrix,b84cf4b8ca220d31f17e1e2ea9ab927bbc4176b15682c650e7d1dd8f2758172b,"{""distance"":5,""physical_error_rate"":0.0005}","{""detection_events"":292020,""detectors_checked"":171642880}"
   1143808,         0,         0,   119.4,decoder_by_matrix,3c866087b289edc25e9adea730044a15db18cabfd3ae2507fc844d5b4e03657a,"{""distance"":5,""physical_error_rate"":5e-06}","{""detection_events"":3535,""detectors_checked"":194447360}"
   1249280,         0,         0,   119.5,decoder_by_matrix,fa5edda0c1038186c8afbec49b0215a0b852396cdb50783a3f937fdf51d2afac,"{""distance"":5,""physical_error_rate"":1e-05}","{""detection_events"":6745,""detectors_checked"":212377600}"
   1161216,         0,         0,   119.6,decoder_by_matrix,0421d486f8a041838688df650e87c0a19c3450ab7a7cc8b3dc589ebff86d1c74,"{""distance"":5,""physical_error_rate"":0.0001}","{""detection_events"":68120,""detectors_checked"":197406720}"
   1198080,         0,         0,   119.4,decoder_by_matrix,9c6baee88fc81e7d1aa345fcb3feec7ee81f21c5d49cb6ca037118097d89e180,"{""distance"":5,""physical_error_rate"":5e-05}","{""detection_events"":34655,""detectors_checked"":203673600}"
    970752,         4,         0,   119.7,decoder_by_matrix,066a5d8d46981b593c3dec855f441edbe9e755a8873183448f69d036a2ecc650,"{""distance"":5,""physical_error_rate"":0.001}","{""detection_events"":549200,""detectors_checked"":165027840,""obs_mistake_mask=E___"":2,""obs_mistake_mask=_EE_"":1,""obs_mistake_mask=__E_"":1}"
    906240,         0,         0,   119.7,decoder_by_matrix,fa5edda0c1038186c8afbec49b0215a0b852396cdb50783a3f937fdf51d2afac,"{""distance"":5,""physical_error_rate"":1e-05}","{""detection_events"":5075,""detectors_checked"":154060800}"
   1193984,         0,         0,   119.5,decoder_by_matrix,fa5edda0c1038186c8afbec49b0215a0b852396cdb50783a3f937fdf51d2afac,"{""distance"":5,""physical_error_rate"":1e-05}","{""detection_events"":6915,""detectors_checked"":202977280}"
   1190912,         0,         0,   119.5,decoder_by_matrix,9c6baee88fc81e7d1aa345fcb3feec7ee81f21c5d49cb6ca037118097d89e180,"{""distance"":5,""physical_error_rate"":5e-05}","{""detection_events"":34985,""detectors_checked"":202455040}"
   1230848,         0,         0,   119.7,decoder_by_matrix,3c866087b289edc25e9adea730044a15db18cabfd3ae2507fc844d5b4e03657a,"{""distance"":5,""physical_error_rate"":5e-06}","{""detection_events"":3350,""detectors_checked"":209244160}"
   1080320,         0,         0,   119.5,decoder_by_matrix,b84cf4b8ca220d31f17e1e2ea9ab927bbc4176b15682c650e7d1dd8f2758172b,"{""distance"":5,""physical_error_rate"":0.0005}","{""detection_events"":307965,""detectors_checked"":183654400}"
   1138688,         0,         0,   119.6,decoder_by_matrix,0421d486f8a041838688df650e87c0a19c3450ab7a7cc8b3dc589ebff86d1c74,"{""distance"":5,""physical_error_rate"":0.0001}","{""detection_events"":63820,""detectors_checked"":193576960}"
   1225728,         0,         0,   119.6,decoder_by_matrix,e41ade2e4684e0396b9a3890c882b6453b515d69885aa1d89a26ce21ec554895,"{""distance"":5,""physical_error_rate"":1e-06}","{""detection_events"":580,""detectors_checked"":208373760}"
   1155072,         0,         0,   119.7,decoder_by_matrix,3c866087b289edc25e9adea730044a15db18cabfd3ae2507fc844d5b4e03657a,"{""distance"":5,""physical_error_rate"":5e-06}","{""detection_events"":3375,""detectors_checked"":196362240}"
   1205248,         4,         0,   119.5,decoder_by_matrix,066a5d8d46981b593c3dec855f441edbe9e755a8873183448f69d036a2ecc650,"{""distance"":5,""physical_error_rate"":0.001}","{""detection_events"":691470,""detectors_checked"":204892160,""obs_mistake_mask=E_E_"":2,""obs_mistake_mask=E__E"":1,""obs_mistake_mask=_EE_"":1}"
   1188864,         0,         0,   119.4,decoder_by_matrix,9c6baee88fc81e7d1aa345fcb3feec7ee81f21c5d49cb6ca037118097d89e180,"{""distance"":5,""physical_error_rate"":5e-05}","{""detection_events"":33875,""detectors_checked"":202106880}"
   1065984,         0,         0,   119.5,decoder_by_matrix,b84cf4b8ca220d31f17e1e2ea9ab927bbc4176b15682c650e7d1dd8f2758172b,"{""distance"":5,""physical_error_rate"":0.0005}","{""detection_events"":307230,""detectors_checked"":181217280}"
   1223680,         0,         0,   119.5,decoder_by_matrix,e41ade2e4684e0396b9a3890c882b6453b515d69885aa1d89a26ce21ec554895,"{""distance"":5,""physical_error_rate"":1e-06}","{""detection_events"":775,""detectors_checked"":208025600}"
   1146880,         0,         0,   119.6,decoder_by_matrix,fa5edda0c1038186c8afbec49b0215a0b852396cdb50783a3f937fdf51d2afac,"{""distance"":5,""physical_error_rate"":1e-05}","{""detection_events"":6595,""detectors_checked"":194969600}"
   1069056,         0,         0,   119.6,decoder_by_matrix,b84cf4b8ca220d31f17e1e2ea9ab927bbc4176b15682c650e7d1dd8f2758172b,"{""distance"":5,""physical_error_rate"":0.0005}","{""detection_events"":297450,""detectors_checked"":181739520}"
    963584,         0,         0,   119.7,decoder_by_matrix,3c866087b289edc25e9adea730044a15db18cabfd3ae2507fc844d5b4e03657a,"{""distance"":5,""physical_error_rate"":5e-06}","{""detection_events"":2800,""detectors_checked"":163809280}"
    962560,         0,         0,   119.7,decoder_by_matrix,3c866087b289edc25e9adea730044a15db18cabfd3ae2507fc844d5b4e03657a,"{""distance"":5,""physical_error_rate"":5e-06}","{""detection_events"":2665,""detectors_checked"":163635200}"
   1201152,         0,         0,   119.6,decoder_by_matrix,0421d486f8a041838688df650e87c0a19c3450ab7a7cc8b3dc589ebff86d1c74,"{""distance"":5,""physical_error_rate"":0.0001}","{""detection_events"":69880,""detectors_checked"":204195840}"
   1167360,         5,         0,   119.6,decoder_by_matrix,066a5d8d46981b593c3dec855f441edbe9e755a8873183448f69d036a2ecc650,"{""distance"":5,""physical_error_rate"":0.001}","{""detection_events"":654420,""detectors_checked"":198451200,""obs_mistake_mask=EE__"":1,""obs_mistake_mask=E_EE"":1,""obs_mistake_mask=E___"":1,""obs_mistake_mask=__EE"":2}"
   1158144,         1,         0,   119.5,decoder_by_matrix,066a5d8d46981b593c3dec855f441edbe9e755a8873183448f69d036a2ecc650,"{""distance"":5,""physical_error_rate"":0.001}","{""detection_events"":660795,""detectors_checked"":196884480,""obs_mistake_mask=_EE_"":1}"
   1162240,         0,         0,   119.6,decoder_by_matrix,3c866087b289edc25e9adea730044a15db18cabfd3ae2507fc844d5b4e03657a,"{""distance"":5,""physical_error_rate"":5e-06}","{""detection_events"":3260,""detectors_checked"":197580800}"
    945152,         0,         0,   119.6,decoder_by_matrix,e41ade2e4684e0396b9a3890c882b6453b515d69885aa1d89a26ce21ec554895,"{""distance"":5,""physical_error_rate"":1e-06}","{""detection_events"":485,""detectors_checked"":160675840}"
   1177600,         0,         0,   119.4,decoder_by_matrix,e41ade2e4684e0396b9a3890c882b6453b515d69885aa1d89a26ce21ec554895,"{""distance"":5,""physical_error_rate"":1e-06}","{""detection_events"":1000,""detectors_checked"":200192000}"
   1206272,         0,         0,   119.5,decoder_by_matrix,fa5edda0c1038186c8afbec49b0215a0b852396cdb50783a3f937fdf51d2afac,"{""distance"":5,""physical_error_rate"":1e-05}","{""detection_events"":7190,""detectors_checked"":205066240}"
   1125376,         4,         0,   119.6,decoder_by_matrix,066a5d8d46981b593c3dec855f441edbe9e755a8873183448f69d036a2ecc650,"{""distance"":5,""physical_error_rate"":0.001}","{""detection_events"":641510,""detectors_checked"":191313920,""obs_mistake_mask=EE__"":1,""obs_mistake_mask=E__E"":1,""obs_mistake_mask=E___"":1,""obs_mistake_mask=_E_E"":1}"
   1147904,         0,         0,   119.4,decoder_by_matrix,0421d486f8a041838688df650e87c0a19c3450ab7a7cc8b3dc589ebff86d1c74,"{""distance"":5,""physical_error_rate"":0.0001}","{""detection_events"":64100,""detectors_checked"":195143680}"
    970752,         0,         0,   119.3,decoder_by_matrix,0421d486f8a041838688df650e87c0a19c3450ab7a7cc8b3dc589ebff86d1c74,"{""distance"":5,""physical_error_rate"":0.0001}","{""detection_events"":56070,""detectors_checked"":165027840}"
   1102848,         0,         0,   119.6,decoder_by_matrix,b84cf4b8ca220d31f17e1e2ea9ab927bbc4176b15682c650e7d1dd8f2758172b,"{""distance"":5,""physical_error_rate"":0.0005}","{""detection_events"":315550,""detectors_checked"":187484160}"
   1276928,         0,         0,   119.5,decoder_by_matrix,e41ade2e4684e0396b9a3890c882b6453b515d69885aa1d89a26ce21ec554895,"{""distance"":5,""physical_error_rate"":1e-06}","{""detection_events"":745,""detectors_checked"":217077760}"
   1087488,         0,         0,   119.3,decoder_by_matrix,b84cf4b8ca220d31f17e1e2ea9ab927bbc4176b15682c650e7d1dd8f2758172b,"{""distance"":5,""physical_error_rate"":0.0005}","{""detection_events"":308840,""detectors_checked"":184872960}"
   1142784,         0,         0,   119.5,decoder_by_matrix,9c6baee88fc81e7d1aa345fcb3feec7ee81f21c5d49cb6ca037118097d89e180,"{""distance"":5,""physical_error_rate"":5e-05}","{""detection_events"":34045,""detectors_checked"":194273280}"
   1223680,         0,         0,   119.5,decoder_by_matrix,9c6baee88fc81e7d1aa345fcb3feec7ee81f21c5d49cb6ca037118097d89e180,"{""distance"":5,""physical_error_rate"":5e-05}","{""detection_events"":34905,""detectors_checked"":208025600}"
   1161216,         0,         0,   119.5,decoder_by_matrix,0421d486f8a041838688df650e87c0a19c3450ab7a7cc8b3dc589ebff86d1c74,"{""distance"":5,""physical_error_rate"":0.0001}","{""detection_events"":68865,""detectors_checked"":197406720}"
   1155072,         0,         0,   119.6,decoder_by_matrix,3c866087b289edc25e9adea730044a15db18cabfd3ae2507fc844d5b4e03657a,"{""distance"":5,""physical_error_rate"":5e-06}","{""detection_events"":3060,""detectors_checked"":196362240}"
    977920,         0,         0,   119.7,decoder_by_matrix,e41ade2e4684e0396b9a3890c882b6453b515d69885aa1d89a26ce21ec554895,"{""distance"":5,""physical_error_rate"":1e-06}","{""detection_events"":760,""detectors_checked"":166246400}"
   1036288,         1,         0,   119.5,decoder_by_matrix,066a5d8d46981b593c3dec855f441edbe9e755a8873183448f69d036a2ecc650,"{""distance"":5,""physical_error_rate"":0.001}","{""detection_events"":591550,""detectors_checked"":176168960,""obs_mistake_mask=___E"":1}"
   1196032,         0,         0,   119.5,decoder_by_matrix,fa5edda0c1038186c8afbec49b0215a0b852396cdb50783a3f937fdf51d2afac,"{""distance"":5,""physical_error_rate"":1e-05}","{""detection_events"":7285,""detectors_checked"":203325440}"
    811008,         0,         0,   119.5,decoder_by_matrix,9c6baee88fc81e7d1aa345fcb3feec7ee81f21c5d49cb6ca037118097d89e180,"{""distance"":5,""physical_error_rate"":5e-05}","{""detection_events"":24185,""detectors_checked"":137871360}"
    975872,         0,         0,   119.8,decoder_by_matrix,b84cf4b8ca220d31f17e1e2ea9ab927bbc4176b15682c650e7d1dd8f2758172b,"{""distance"":5,""physical_error_rate"":0.0005}","{""detection_events"":278005,""detectors_checked"":165898240}"
   1295360,         0,         0,   119.6,decoder_by_matrix,fa5edda0c1038186c8afbec49b0215a0b852396cdb50783a3f937fdf51d2afac,"{""distance"":5,""physical_error_rate"":1e-05}","{""detection_events"":7280,""detectors_checked"":220211200}"
   1244160,         0,         0,   119.4,decoder_by_matrix,9c6baee88fc81e7d1aa345fcb3feec7ee81f21c5d49cb6ca037118097d89e180,"{""distance"":5,""physical_error_rate"":5e-05}","{""detection_events"":35230,""detectors_checked"":211507200}"
   1236992,         0,         0,   119.5,decoder_by_matrix,e41ade2e4684e0396b9a3890c882b6453b515d69885aa1d89a26ce21ec554895,"{""distance"":5,""physical_error_rate"":1e-06}","{""detection_events"":765,""detectors_checked"":210288640}"
   1121280,         0,         0,   119.3,decoder_by_matrix,0421d486f8a041838688df650e87c0a19c3450ab7a7cc8b3dc589ebff86d1c74,"{""distance"":5,""physical_error_rate"":0.0001}","{""detection_events"":63805,""detectors_checked"":190617600}"
   1199104,         0,         0,   119.8,decoder_by_matrix,b84cf4b8ca220d31f17e1e2ea9ab927bbc4176b15682c650e7d1dd8f2758172b,"{""distance"":5,""physical_error_rate"":0.0005}","{""detection_events"":344020,""detectors_checked"":203847680}"
    868352,         0,         0,   119.6,decoder_by_matrix,3c866087b289edc25e9adea730044a15db18cabfd3ae2507fc844d5b4e03657a,"{""distance"":5,""physical_error_rate"":5e-06}","{""detection_events"":2705,""detectors_checked"":147619840}"
   1200128,         0,         0,   119.5,decoder_by_matrix,fa5edda0c1038186c8afbec49b0215a0b852396cdb50783a3f937fdf51d2afac,"{""distance"":5,""physical_error_rate"":1e-05}","{""detection_events"":5550,""detectors_checked"":204021760}"
   1187840,         0,         0,   119.5,decoder_by_matrix,0421d486f8a041838688df650e87c0a19c3450ab7a7cc8b3dc589ebff86d1c74,"{""distance"":5,""physical_error_rate"":0.0001}","{""detection_events"":68545,""detectors_checked"":201932800}"
   1138688,         0,         0,   119.5,decoder_by_matrix,9c6baee88fc81e7d1aa345fcb3feec7ee81f21c5d49cb6ca037118097d89e180,"{""distance"":5,""physical_error_rate"":5e-05}","{""detection_events"":32715,""detectors_checked"":193576960}"
   1144832,         0,         0,   119.6,decoder_by_matrix,066a5d8d46981b593c3dec855f441edbe9e755a8873183448f69d036a2ecc650,"{""distance"":5,""physical_error_rate"":0.001}","{""detection_events"":652470,""detectors_checked"":194621440}"
   1210368,         0,         0,   119.6,decoder_by_matrix,fa5edda0c1038186c8afbec49b0215a0b852396cdb50783a3f937fdf51d2afac,"{""distance"":5,""physical_error_rate"":1e-05}","{""detection_events"":6670,""detectors_checked"":205762560}"
   1155072,         0,         0,   119.5,decoder_by_matrix,fa5edda0c1038186c8afbec49b0215a0b852396cdb50783a3f937fdf51d2afac,"{""distance"":5,""physical_error_rate"":1e-05}","{""detection_events"":6310,""detectors_checked"":196362240}"
   1157120,         0,         0,   119.4,decoder_by_matrix,9c6baee88fc81e7d1aa345fcb3feec7ee81f21c5d49cb6ca037118097d89e180,"{""distance"":5,""physical_error_rate"":5e-05}","{""detection_events"":33900,""detectors_checked"":196710400}"
   1217536,         0,         0,   119.5,decoder_by_matrix,3c866087b289edc25e9adea730044a15db18cabfd3ae2507fc844d5b4e03657a,"{""distance"":5,""physical_error_rate"":5e-06}","{""detection_events"":3215,""detectors_checked"":206981120}"
    983040,         0,         0,   119.4,decoder_by_matrix,0421d486f8a041838688df650e87c0a19c3450ab7a7cc8b3dc589ebff86d1c74,"{""distance"":5,""physical_error_rate"":0.0001}","{""detection_events"":53740,""detectors_checked"":167116800}"
   1059840,         0,         0,   119.6,decoder_by_matrix,b84cf4b8ca220d31f17e1e2ea9ab927bbc4176b15682c650e7d1dd8f2758172b,"{""distance"":5,""physical_error_rate"":0.0005}","{""detection_events"":302170,""detectors_checked"":180172800}"
   1186816,         0,         0,   119.5,decoder_by_matrix,3c866087b289edc25e9adea730044a15db18cabfd3ae2507fc844d5b4e03657a,"{""distance"":5,""physical_error_rate"":5e-06}","{""detection_events"":3380,""detectors_checked"":201758720}"
   1156096,         0,         0,   119.5,decoder_by_matrix,e41ade2e4684e0396b9a3890c882b6453b515d69885aa1d89a26ce21ec554895,"{""distance"":5,""physical_error_rate"":1e-06}","{""detection_events"":665,""detectors_checked"":196536320}"
   1135616,         2,         0,   119.5,decoder_by_matrix,066a5d8d46981b593c3dec855f441edbe9e755a8873183448f69d036a2ecc650,"{""distance"":5,""physical_error_rate"":0.001}","{""detection_events"":636480,""detectors_checked"":193054720,""obs_mistake_mask=_EEE"":1,""obs_mistake_mask=_E__"":1}"
   1214464,         0,         0,   119.4,decoder_by_matrix,9c6baee88fc81e7d1aa345fcb3feec7ee81f21c5d49cb6ca037118097d89e180,"{""distance"":5,""physical_error_rate"":5e-05}","{""detection_events"":33590,""detectors_checked"":206458880}"
   1075200,         0,         0,   119.7,decoder_by_matrix,b84cf4b8ca220d31f17e1e2ea9ab927bbc4176b15682c650e7d1dd8f2758172b,"{""distance"":5,""physical_error_rate"":0.0005}","{""detection_events"":302925,""detectors_checked"":182784000}"
   1174528,         0,         0,   119.5,decoder_by_matrix,e41ade2e4684e0396b9a3890c882b6453b515d69885aa1d89a26ce21ec554895,"{""distance"":5,""physical_error_rate"":1e-06}","{""detection_events"":565,""detectors_checked"":199669760}"
   1090560,         0,         0,   119.6,decoder_by_matrix,fa5edda0c1038186c8afbec49b0215a0b852396cdb50783a3f937fdf51d2afac,"{""distance"":5,""physical_error_rate"":1e-05}","{""detection_events"":6735,""detectors_checked"":185395200}"
   1162240,         1,         0,   119.6,decoder_by_matrix,b84cf4b8ca220d31f17e1e2ea9ab927bbc4176b15682c650e7d1dd8f2758172b,"{""distance"":5,""physical_error_rate"":0.0005}","{""detection_events"":331655,""detectors_checked"":197580800,""obs_mistake_mask=_E__"":1}"
   1121280,         0,         0,   119.6,decoder_by_matrix,3c866087b289edc25e9adea730044a15db18cabfd3ae2507fc844d5b4e03657a,"{""distance"":5,""physical_error_rate"":5e-06}","{""detection_events"":3065,""detectors_checked"":190617600}"
   1051648,         0,         0,   119.4,decoder_by_matrix,0421d486f8a041838688df650e87c0a19c3450ab7a7cc8b3dc589ebff86d1c74,"{""distance"":5,""physical_error_rate"":0.0001}","{""detection_events"":60715,""detectors_checked"":178780160}"
   1179648,         0,         0,   119.3,decoder_by_matrix,3c866087b289edc25e9adea730044a15db18cabfd3ae2507fc844d5b4e03657a,"{""distance"":5,""physical_error_rate"":5e-06}","{""detection_events"":3145,""detectors_checked"":200540160}"
   1077248,         3,         0,   119.3,decoder_by_matrix,066a5d8d46981b593c3dec855f441edbe9e755a8873183448f69d036a2ecc650,"{""distance"":5,""physical_error_rate"":0.001}","{""detection_events"":612335,""detectors_checked"":183132160,""obs_mistake_mask=E__E"":1,""obs_mistake_mask=E___"":2}"
   1098752,         2,         0,   119.7,decoder_by_matrix,066a5d8d46981b593c3dec855f441edbe9e755a8873183448f69d036a2ecc650,"{""distance"":5,""physical_error_rate"":0.001}","{""detection_events"":616930,""detectors_checked"":186787840,""obs_mistake_mask=E_E_"":1,""obs_mistake_mask=__E_"":1}"
   1181696,         0,         0,   119.5,decoder_by_matrix,3c866087b289edc25e9adea730044a15db18cabfd3ae2507fc844d5b4e03657a,"{""distance"":5,""physical_error_rate"":5e-06}","{""detection_events"":3190,""detectors_checked"":200888320}"
   1162240,         0,         0,   119.6,decoder_by_matrix,e41ade2e4684e0396b9a3890c882b6453b515d69885aa1d89a26ce21ec554895,"{""distance"":5,""physical_error_rate"":1e-06}","{""detection_events"":660,""detectors_checked"":197580800}"
   1046528,         0,         0,   119.5,decoder_by_matrix,e41ade2e4684e0396b9a3890c882b6453b515d69885aa1d89a26ce21ec554895,"{""distance"":5,""physical_error_rate"":1e-06}","{""detection_events"":725,""detectors_checked"":177909760}"
   1098752,         0,         0,   119.6,decoder_by_matrix,fa5edda0c1038186c8afbec49b0215a0b852396cdb50783a3f937fdf51d2afac,"{""distance"":5,""physical_error_rate"":1e-05}","{""detection_events"":6220,""detectors_checked"":186787840}"
   1082368,         1,         0,   119.3,decoder_by_matrix,066a5d8d46981b593c3dec855f441edbe9e755a8873183448f69d036a2ecc650,"{""distance"":5,""physical_error_rate"":0.001}","{""detection_events"":614755,""detectors_checked"":184002560,""obs_mistake_mask=_EE_"":1}"
   1103872,         0,         0,   119.4,decoder_by_matrix,0421d486f8a041838688df650e87c0a19c3450ab7a7cc8b3dc589ebff86d1c74,"{""distance"":5,""physical_error_rate"":0.0001}","{""detection_events"":64860,""detectors_checked"":187658240}"
   1043456,         0,         0,   119.5,decoder_by_matrix,0421d486f8a041838688df650e87c0a19c3450ab7a7cc8b3dc589ebff86d1c74,"{""distance"":5,""physical_error_rate"":0.0001}","{""detection_events"":58325,""detectors_checked"":177387520}"
   1047552,         0,         0,   119.5,decoder_by_matrix,b84cf4b8ca220d31f17e1e2ea9ab927bbc4176b15682c650e7d1dd8f2758172b,"{""distance"":5,""physical_error_rate"":0.0005}","{""detection_events"":303855,""detectors_checked"":178083840}"
   1084416,         0,         0,   119.4,decoder_by_matrix,b84cf4b8ca220d31f17e1e2ea9ab927bbc4176b15682c650e7d1dd8f2758172b,"{""distance"":5,""physical_error_rate"":0.0005}","{""detection_events"":310485,""detectors_checked"":184350720}"
   1156096,         0,         0,   119.6,decoder_by_matrix,e41ade2e4684e0396b9a3890c882b6453b515d69885aa1d89a26ce21ec554895,"{""distance"":5,""physical_error_rate"":1e-06}","{""detection_events"":660,""detectors_checked"":196536320}"
   1111040,         0,         0,   119.6,decoder_by_matrix,9c6baee88fc81e7d1aa345fcb3feec7ee81f21c5d49cb6ca037118097d89e180,"{""distance"":5,""physical_error_rate"":5e-05}","{""detection_events"":31465,""detectors_checked"":188876800}"
   1053696,         0,         0,   119.6,decoder_by_matrix,9c6baee88fc81e7d1aa345fcb3feec7ee81f21c5d49cb6ca037118097d89e180,"{""distance"":5,""physical_error_rate"":5e-05}","{""detection_events"":29540,""detectors_checked"":179128320}"
   1128448,         0,         0,   119.5,decoder_by_matrix,0421d486f8a041838688df650e87c0a19c3450ab7a7cc8b3dc589ebff86d1c74,"{""distance"":5,""physical_error_rate"":0.0001}","{""detection_events"":65235,""detectors_checked"":191836160}"
   1187840,         0,         0,   119.5,decoder_by_matrix,3c866087b289edc25e9adea730044a15db18cabfd3ae2507fc844d5b4e03657a,"{""distance"":5,""physical_error_rate"":5e-06}","{""detection_events"":3065,""detectors_checked"":201932800}"
   1183744,         0,         0,   119.9,decoder_by_matrix,e41ade2e4684e0396b9a3890c882b6453b515d69885aa1d89a26ce21ec554895,"{""distance"":5,""physical_error_rate"":1e-06}","{""detection_events"":570,""detectors_checked"":201236480}"
   1143808,         1,         0,   119.7,decoder_by_matrix,066a5d8d46981b593c3dec855f441edbe9e755a8873183448f69d036a2ecc650,"{""distance"":5,""physical_error_rate"":0.001}","{""detection_events"":650265,""detectors_checked"":194447360,""obs_mistake_mask=_E_E"":1}"
   1034240,         0,         0,   119.6,decoder_by_matrix,fa5edda0c1038186c8afbec49b0215a0b852396cdb50783a3f937fdf51d2afac,"{""distance"":5,""physical_error_rate"":1e-05}","{""detection_events"":6245,""detectors_checked"":175820800}"
   1026048,         0,         0,   119.4,decoder_by_matrix,9c6baee88fc81e7d1aa345fcb3feec7ee81f21c5d49cb6ca037118097d89e180,"{""distance"":5,""physical_error_rate"":5e-05}","{""detection_events"":28650,""detectors_checked"":174428160}"
   1090560,         1,         0,   119.6,decoder_by_matrix,b84cf4b8ca220d31f17e1e2ea9ab927bbc4176b15682c650e7d1dd8f2758172b,"{""distance"":5,""physical_error_rate"":0.0005}","{""detection_events"":310245,""detectors_checked"":185395200,""obs_mistake_mask=E___"":1}"
   1250304,         0,         0,   119.7,decoder_by_matrix,fa5edda0c1038186c8afbec49b0215a0b852396cdb50783a3f937fdf51d2afac,"{""distance"":5,""physical_error_rate"":1e-05}","{""detection_events"":7165,""detectors_checked"":212551680}"
   1184768,         0,         0,   119.7,decoder_by_matrix,9c6baee88fc81e7d1aa345fcb3feec7ee81f21c5d49cb6ca037118097d89e180,"{""distance"":5,""physical_error_rate"":5e-05}","{""detection_events"":34800,""detectors_checked"":201410560}"
   1065984,         0,         0,   119.4,decoder_by_matrix,0421d486f8a041838688df650e87c0a19c3450ab7a7cc8b3dc589ebff86d1c74,"{""distance"":5,""physical_error_rate"":0.0001}","{""detection_events"":60805,""detectors_checked"":181217280}"
   1206272,         0,         0,   119.6,decoder_by_matrix,e41ade2e4684e0396b9a3890c882b6453b515d69885aa1d89a26ce21ec554895,"{""distance"":5,""physical_error_rate"":1e-06}","{""detection_events"":725,""detectors_checked"":205066240}"
    916480,         0,         0,   119.6,decoder_by_matrix,b84cf4b8ca220d31f17e1e2ea9ab927bbc4176b15682c650e7d1dd8f2758172b,"{""distance"":5,""physical_error_rate"":0.0005}","{""detection_events"":262135,""detectors_checked"":155801600}"
   1263616,         0,         0,   119.5,decoder_by_matrix,3c866087b289edc25e9adea730044a15db18cabfd3ae2507fc844d5b4e03657a,"{""distance"":5,""physical_error_rate"":5e-06}","{""detection_events"":3790,""detectors_checked"":214814720}"
   1308672,         0,         0,   119.6,decoder_by_matrix,fa5edda0c1038186c8afbec49b0215a0b852396cdb50783a3f937fdf51d2afac,"{""distance"":5,""physical_error_rate"":1e-05}","{""detection_events"":8020,""detectors_checked"":222474240}"
   1287168,         0,         0,   119.3,decoder_by_matrix,0421d486f8a041838688df650e87c0a19c3450ab7a7cc8b3dc589ebff86d1c74,"{""distance"":5,""physical_error_rate"":0.0001}","{""detection_events"":72850,""detectors_checked"":218818560}"
   1248256,         0,         0,   119.6,decoder_by_matrix,9c6baee88fc81e7d1aa345fcb3feec7ee81f21c5d49cb6ca037118097d89e180,"{""distance"":5,""physical_error_rate"":5e-05}","{""detection_events"":35270,""detectors_checked"":212203520}"
    896000,         2,         0,   119.5,decoder_by_matrix,066a5d8d46981b593c3dec855f441edbe9e755a8873183448f69d036a2ecc650,"{""distance"":5,""physical_error_rate"":0.001}","{""detection_events"":508480,""detectors_checked"":152320000,""obs_mistake_mask=E__E"":1,""obs_mistake_mask=__E_"":1}"
   1235968,         0,         0,   119.6,decoder_by_matrix,fa5edda0c1038186c8afbec49b0215a0b852396cdb50783a3f937fdf51d2afac,"{""distance"":5,""physical_error_rate"":1e-05}","{""detection_events"":6500,""detectors_checked"":210114560}"
   1136640,         0,         0,   119.7,decoder_by_matrix,fa5edda0c1038186c8afbec49b0215a0b852396cdb50783a3f937fdf51d2afac,"{""distance"":5,""physical_error_rate"":1e-05}","{""detection_events"":5935,""detectors_checked"":193228800}"
   1192960,         0,         0,   119.6,decoder_by_matrix,9c6baee88fc81e7d1aa345fcb3feec7ee81f21c5d49cb6ca037118097d89e180,"{""distance"":5,""physical_error_rate"":5e-05}","{""detection_events"":34245,""detectors_checked"":202803200}"
   1260544,         0,         0,   119.4,decoder_by_matrix,3c866087b289edc25e9adea730044a15db18cabfd3ae2507fc844d5b4e03657a,"{""distance"":5,""physical_error_rate"":5e-06}","{""detection_events"":4255,""detectors_checked"":214292480}"
   1181696,         0,         0,   119.6,decoder_by_matrix,0421d486f8a041838688df650e87c0a19c3450ab7a7cc8b3dc589ebff86d1c74,"{""distance"":5,""physical_error_rate"":0.0001}","{""detection_events"":69145,""detectors_checked"":200888320}"
   1223680,         0,         0,   119.5,decoder_by_matrix,e41ade2e4684e0396b9a3890c882b6453b515d69885aa1d89a26ce21ec554895,"{""distance"":5,""physical_error_rate"":1e-06}","{""detection_events"":685,""detectors_checked"":208025600}"
   1088512,         3,         0,   119.6,decoder_by_matrix,066a5d8d46981b593c3dec855f441edbe9e755a8873183448f69d036a2ecc650,"{""distance"":5,""physical_error_rate"":0.001}","{""detection_events"":623565,""detectors_checked"":185047040,""obs_mistake_mask=EE__"":1,""obs_mistake_mask=E___"":1,""obs_mistake_mask=_E__"":1}"
   1131520,         0,         0,   119.7,decoder_by_matrix,b84cf4b8ca220d31f17e1e2ea9ab927bbc4176b15682c650e7d1dd8f2758172b,"{""distance"":5,""physical_error_rate"":0.0005}","{""detection_events"":324500,""detectors_checked"":192358400}"
   1115136,         0,         0,   119.6,decoder_by_matrix,3c866087b289edc25e9adea730044a15db18cabfd3ae2507fc844d5b4e03657a,"{""distance"":5,""physical_error_rate"":5e-06}","{""detection_events"":3425,""detectors_checked"":189573120}"
   1247232,         0,         0,   119.5,decoder_by_matrix,9c6baee88fc81e7d1aa345fcb3feec7ee81f21c5d49cb6ca037118097d89e180,"{""distance"":5,""physical_error_rate"":5e-05}","{""detection_events"":36030,""detectors_checked"":212029440}"
   1075200,         0,         0,   119.6,decoder_by_matrix,b84cf4b8ca220d31f17e1e2ea9ab927bbc4176b15682c650e7d1dd8f2758172b,"{""distance"":5,""physical_error_rate"":0.0005}","{""detection_events"":305175,""detectors_checked"":182784000}"
   1318912,         0,         0,   119.5,decoder_by_matrix,e41ade2e4684e0396b9a3890c882b6453b515d69885aa1d89a26ce21ec554895,"{""distance"":5,""physical_error_rate"":1e-06}","{""detection_events"":770,""detectors_checked"":224215040}"
   1205248,         0,         0,   119.6,decoder_by_matrix,fa5edda0c1038186c8afbec49b0215a0b852396cdb50783a3f937fdf51d2afac,"{""distance"":5,""physical_error_rate"":1e-05}","{""detection_events"":7030,""detectors_checked"":204892160}"
   1145856,         0,         0,   119.5,decoder_by_matrix,b84cf4b8ca220d31f17e1e2ea9ab927bbc4176b15682c650e7d1dd8f2758172b,"{""distance"":5,""physical_error_rate"":0.0005}","{""detection_events"":325995,""detectors_checked"":194795520}"
   1226752,         0,         0,   119.5,decoder_by_matrix,3c866087b289edc25e9adea730044a15db18cabfd3ae2507fc844d5b4e03657a,"{""distance"":5,""physical_error_rate"":5e-06}","{""detection_events"":3360,""detectors_checked"":208547840}"
   1249280,         0,         0,   119.5,decoder_by_matrix,0421d486f8a041838688df650e87c0a19c3450ab7a7cc8b3dc589ebff86d1c74,"{""distance"":5,""physical_error_rate"":0.0001}","{""detection_events"":68815,""detectors_checked"":212377600}"
   1284096,         0,         0,   119.5,decoder_by_matrix,3c866087b289edc25e9adea730044a15db18cabfd3ae2507fc844d5b4e03657a,"{""distance"":5,""physical_error_rate"":5e-06}","{""detection_events"":3630,""detectors_checked"":218296320}"
   1124352,         1,         0,   119.5,decoder_by_matrix,066a5d8d46981b593c3dec855f441edbe9e755a8873183448f69d036a2ecc650,"{""distance"":5,""physical_error_rate"":0.001}","{""detection_events"":633445,""detectors_checked"":191139840,""obs_mistake_mask=___E"":1}"
   1176576,         0,         0,   119.5,decoder_by_matrix,3c866087b289edc25e9adea730044a15db18cabfd3ae2507fc844d5b4e03657a,"{""distance"":5,""physical_error_rate"":5e-06}","{""detection_events"":3295,""detectors_checked"":200017920}"
   1065984,         1,         0,   119.8,decoder_by_matrix,066a5d8d46981b593c3dec855f441edbe9e755a8873183448f69d036a2ecc650,"{""distance"":5,""physical_error_rate"":0.001}","{""detection_events"":600610,""detectors_checked"":181217280,""obs_mistake_mask=E_E_"":1}"
   1005568,         0,         0,   119.7,decoder_by_matrix,e41ade2e4684e0396b9a3890c882b6453b515d69885aa1d89a26ce21ec554895,"{""distance"":5,""physical_error_rate"":1e-06}","{""detection_events"":785,""detectors_checked"":170946560}"
   1181696,         0,         0,   119.6,decoder_by_matrix,e41ade2e4684e0396b9a3890c882b6453b515d69885aa1d89a26ce21ec554895,"{""distance"":5,""physical_error_rate"":1e-06}","{""detection_events"":400,""detectors_checked"":200888320}"
    986112,         5,         0,   119.7,decoder_by_matrix,066a5d8d46981b593c3dec855f441edbe9e755a8873183448f69d036a2ecc650,"{""distance"":5,""physical_error_rate"":0.001}","{""detection_events"":565255,""detectors_checked"":167639040,""obs_mistake_mask=EE__"":1,""obs_mistake_mask=E_E_"":2,""obs_mistake_mask=E___"":1,""obs_mistake_mask=__EE"":1}"
    840704,         0,         0,   119.8,decoder_by_matrix,fa5edda0c1038186c8afbec49b0215a0b852396cdb50783a3f937fdf51d2afac,"{""distance"":5,""physical_error_rate"":1e-05}","{""detection_events"":4710,""detectors_checked"":142919680}"
   1121280,         0,         0,   119.6,decoder_by_matrix,0421d486f8a041838688df650e87c0a19c3450ab7a7cc8b3dc589ebff86d1c74,"{""distance"":5,""physical_error_rate"":0.0001}","{""detection_events"":64445,""detectors_checked"":190617600}"
    961536,         0,         0,   119.4,decoder_by_matrix,0421d486f8a041838688df650e87c0a19c3450ab7a7cc8b3dc589ebff86d1c74,"{""distance"":5,""physical_error_rate"":0.0001}","{""detection_events"":54705,""detectors_checked"":163461120}"
   1100800,         1,         0,   119.4,decoder_by_matrix,b84cf4b8ca220d31f17e1e2ea9ab927bbc4176b15682c650e7d1dd8f2758172b,"{""distance"":5,""physical_error_rate"":0.0005}","{""detection_events"":313010,""detectors_checked"":187136000,""obs_mistake_mask=E__E"":1}"
   1050624,         0,         0,   119.5,decoder_by_matrix,b84cf4b8ca220d31f17e1e2ea9ab927bbc4176b15682c650e7d1dd8f2758172b,"{""distance"":5,""physical_error_rate"":0.0005}","{""detection_events"":304765,""detectors_checked"":178606080}"
   1163264,         0,         0,   119.5,decoder_by_matrix,e41ade2e4684e0396b9a3890c882b6453b515d69885aa1d89a26ce21ec554895,"{""distance"":5,""physical_error_rate"":1e-06}","{""detection_events"":710,""detectors_checked"":197754880}"
    894976,         0,         0,   119.6,decoder_by_matrix,9c6baee88fc81e7d1aa345fcb3feec7ee81f21c5d49cb6ca037118097d89e180,"{""distance"":5,""physical_error_rate"":5e-05}","{""detection_events"":25450,""detectors_checked"":152145920}"
    932864,         0,         0,   119.4,decoder_by_matrix,9c6baee88fc81e7d1aa345fcb3feec7ee81f21c5d49cb6ca037118097d89e180,"{""distance"":5,""physical_error_rate"":5e-05}","{""detection_events"":27435,""detectors_checked"":158586880}"
   1145856,         0,         0,   119.6,decoder_by_matrix,0421d486f8a041838688df650e87c0a19c3450ab7a7cc8b3dc589ebff86d1c74,"{""distance"":5,""physical_error_rate"":0.0001}","{""detection_events"":66475,""detectors_checked"":194795520}"
   1103872,         0,         0,   119.6,decoder_by_matrix,3c866087b289edc25e9adea730044a15db18cabfd3ae2507fc844d5b4e03657a,"{""distance"":5,""physical_error_rate"":5e-06}","{""detection_events"":2995,""detectors_checked"":187658240}"
    789504,         0,         0,   119.6,decoder_by_matrix,e41ade2e4684e0396b9a3890c882b6453b515d69885aa1d89a26ce21ec554895,"{""distance"":5,""physical_error_rate"":1e-06}","{""detection_events"":700,""detectors_checked"":134215680}"
   1202176,         5,         0,   119.5,decoder_by_matrix,066a5d8d46981b593c3dec855f441edbe9e755a8873183448f69d036a2ecc650,"{""distance"":5,""physical_error_rate"":0.001}","{""detection_events"":689465,""detectors_checked"":204369920,""obs_mistake_mask=E___"":3,""obs_mistake_mask=_E__"":2}"
   1086464,         0,         0,   119.5,decoder_by_matrix,fa5edda0c1038186c8afbec49b0215a0b852396cdb50783a3f937fdf51d2afac,"{""distance"":5,""physical_error_rate"":1e-05}","{""detection_events"":6360,""detectors_checked"":184698880}"
   1035264,         0,         0,   119.4,decoder_by_matrix,9c6baee88fc81e7d1aa345fcb3feec7ee81f21c5d49cb6ca037118097d89e180,"{""distance"":5,""physical_error_rate"":5e-05}","{""detection_events"":28750,""detectors_checked"":175994880}"
   1084416,         1,         0,   119.6,decoder_by_matrix,b84cf4b8ca220d31f17e1e2ea9ab927bbc4176b15682c650e7d1dd8f2758172b,"{""distance"":5,""physical_error_rate"":0.0005}","{""detection_events"":307710,""detectors_checked"":184350720,""obs_mistake_mask=_EE_"":1}"
   1244160,         0,         0,   119.4,decoder_by_matrix,fa5edda0c1038186c8afbec49b0215a0b852396cdb50783a3f937fdf51d2afac,"{""distance"":5,""physical_error_rate"":1e-05}","{""detection_events"":7425,""detectors_checked"":211507200}"
   1183744,         0,         0,   119.5,decoder_by_matrix,9c6baee88fc81e7d1aa345fcb3feec7ee81f21c5d49cb6ca037118097d89e180,"{""distance"":5,""physical_error_rate"":5e-05}","{""detection_events"":33420,""detectors_checked"":201236480}"
   1182720,         0,         0,   119.6,decoder_by_matrix,0421d486f8a041838688df650e87c0a19c3450ab7a7cc8b3dc589ebff86d1c74,"{""distance"":5,""physical_error_rate"":0.0001}","{""detection_events"":66880,""detectors_checked"":201062400}"
   1084416,         0,         0,   119.4,decoder_by_matrix,e41ade2e4684e0396b9a3890c882b6453b515d69885aa1d89a26ce21ec554895,"{""distance"":5,""physical_error_rate"":1e-06}","{""detection_events"":925,""detectors_checked"":184350720}"
   1178624,         1,         0,   119.6,decoder_by_matrix,b84cf4b8ca220d31f17e1e2ea9ab927bbc4176b15682c650e7d1dd8f2758172b,"{""distance"":5,""physical_error_rate"":0.0005}","{""detection_events"":337270,""detectors_checked"":200366080,""obs_mistake_mask=___E"":1}"
   1176576,         0,         0,   119.5,decoder_by_matrix,3c866087b289edc25e9adea730044a15db18cabfd3ae2507fc844d5b4e03657a,"{""distance"":5,""physical_error_rate"":5e-06}","{""detection_events"":3690,""detectors_checked"":200017920}"
   1262592,         0,         0,   119.3,decoder_by_matrix,fa5edda0c1038186c8afbec49b0215a0b852396cdb50783a3f937fdf51d2afac,"{""distance"":5,""physical_error_rate"":1e-05}","{""detection_events"":6645,""detectors_checked"":214640640}"
   1262592,         0,         0,   119.6,decoder_by_matrix,0421d486f8a041838688df650e87c0a19c3450ab7a7cc8b3dc589ebff86d1c74,"{""distance"":5,""physical_error_rate"":0.0001}","{""detection_events"":72285,""detectors_checked"":214640640}"
   1060864,         0,         0,   119.5,decoder_by_matrix,9c6baee88fc81e7d1aa345fcb3feec7ee81f21c5d49cb6ca037118097d89e180,"{""distance"":5,""physical_error_rate"":5e-05}","{""detection_events"":30600,""detectors_checked"":180346880}"
   1189888,         2,         0,   119.5,decoder_by_matrix,066a5d8d46981b593c3dec855f441edbe9e755a8873183448f69d036a2ecc650,"{""distance"":5,""physical_error_rate"":0.001}","{""detection_events"":679115,""detectors_checked"":202280960,""obs_mistake_mask=__E_"":1,""obs_mistake_mask=___E"":1}"
   1203200,         0,         0,   119.5,decoder_by_matrix,fa5edda0c1038186c8afbec49b0215a0b852396cdb50783a3f937fdf51d2afac,"{""distance"":5,""physical_error_rate"":1e-05}","{""detection_events"":6955,""detectors_checked"":204544000}"
   1103872,         0,         0,   119.5,decoder_by_matrix,fa5edda0c1038186c8afbec49b0215a0b852396cdb50783a3f937fdf51d2afac,"{""distance"":5,""physical_error_rate"":1e-05}","{""detection_events"":6775,""detectors_checked"":187658240}"
   1132544,         0,         0,   119.5,decoder_by_matrix,9c6baee88fc81e7d1aa345fcb3feec7ee81f21c5d49cb6ca037118097d89e180,"{""distance"":5,""physical_error_rate"":5e-05}","{""detection_events"":32815,""detectors_checked"":192532480}"
   1178624,         0,         0,   119.5,decoder_by_matrix,3c866087b289edc25e9adea730044a15db18cabfd3ae2507fc844d5b4e03657a,"{""distance"":5,""physical_error_rate"":5e-06}","{""detection_events"":3440,""detectors_checked"":200366080}"
   1122304,         0,         0,   119.6,decoder_by_matrix,0421d486f8a041838688df650e87c0a19c3450ab7a7cc8b3dc589ebff86d1c74,"{""distance"":5,""physical_error_rate"":0.0001}","{""detection_events"":67090,""detectors_checked"":190791680}"
   1105920,         0,         0,   119.4,decoder_by_matrix,b84cf4b8ca220d31f17e1e2ea9ab927bbc4176b15682c650e7d1dd8f2758172b,"{""distance"":5,""physical_error_rate"":0.0005}","{""detection_events"":313095,""detectors_checked"":188006400}"
   1116160,         3,         0,   119.3,decoder_by_matrix,066a5d8d46981b593c3dec855f441edbe9e755a8873183448f69d036a2ecc650,"{""distance"":5,""physical_error_rate"":0.001}","{""detection_events"":634795,""detectors_checked"":189747200,""obs_mistake_mask=EE__"":2,""obs_mistake_mask=_E_E"":1}"
   1002496,         0,         0,   119.5,decoder_by_matrix,3c866087b289edc25e9adea730044a15db18cabfd3ae2507fc844d5b4e03657a,"{""distance"":5,""physical_error_rate"":5e-06}","{""detection_events"":2530,""detectors_checked"":170424320}"
   1254400,         0,         0,   119.6,decoder_by_matrix,9c6baee88fc81e7d1aa345fcb3feec7ee81f21c5d49cb6ca037118097d89e180,"{""distance"":5,""physical_error_rate"":5e-05}","{""detection_events"":35655,""detectors_checked"":213248000}"
   1264640,         0,         0,   119.6,decoder_by_matrix,e41ade2e4684e0396b9a3890c882b6453b515d69885aa1d89a26ce21ec554895,"{""distance"":5,""physical_error_rate"":1e-06}","{""detection_events"":390,""detectors_checked"":214988800}"
   1103872,         0,         0,   119.6,decoder_by_matrix,b84cf4b8ca220d31f17e1e2ea9ab927bbc4176b15682c650e7d1dd8f2758172b,"{""distance"":5,""physical_error_rate"":0.0005}","{""detection_events"":316465,""detectors_checked"":187658240}"
   1294336,         0,         0,   119.5,decoder_by_matrix,e41ade2e4684e0396b9a3890c882b6453b515d69885aa1d89a26ce21ec554895,"{""distance"":5,""physical_error_rate"":1e-06}","{""detection_events"":550,""detectors_checked"":220037120}"
   1042432,         0,         0,   119.4,decoder_by_matrix,fa5edda0c1038186c8afbec49b0215a0b852396cdb50783a3f937fdf51d2afac,"{""distance"":5,""physical_error_rate"":1e-05}","{""detection_events"":4980,""detectors_checked"":177213440}"
   1209344,         0,         0,   119.6,decoder_by_matrix,b84cf4b8ca220d31f17e1e2ea9ab927bbc4176b15682c650e7d1dd8f2758172b,"{""distance"":5,""physical_error_rate"":0.0005}","{""detection_events"":340115,""detectors_checked"":205588480}"
   1136640,         0,         0,   119.5,decoder_by_matrix,3c866087b289edc25e9adea730044a15db18cabfd3ae2507fc844d5b4e03657a,"{""distance"":5,""physical_error_rate"":5e-06}","{""detection_events"":3225,""detectors_checked"":193228800}"
   1146880,         0,         0,   119.4,decoder_by_matrix,0421d486f8a041838688df650e87c0a19c3450ab7a7cc8b3dc589ebff86d1c74,"{""distance"":5,""physical_error_rate"":0.0001}","{""detection_events"":65765,""detectors_checked"":194969600}"
   1016832,         0,         0,   119.6,decoder_by_matrix,3c866087b289edc25e9adea730044a15db18cabfd3ae2507fc844d5b4e03657a,"{""distance"":5,""physical_error_rate"":5e-06}","{""detection_events"":3430,""detectors_checked"":172861440}"
   1038336,         0,         0,   119.5,decoder_by_matrix,066a5d8d46981b593c3dec855f441edbe9e755a8873183448f69d036a2ecc650,"{""distance"":5,""physical_error_rate"":0.001}","{""detection_events"":586390,""detectors_checked"":176517120}"
   1087488,         0,         0,   119.6,decoder_by_matrix,3c866087b289edc25e9adea730044a15db18cabfd3ae2507fc844d5b4e03657a,"{""distance"":5,""physical_error_rate"":5e-06}","{""detection_events"":3175,""detectors_checked"":184872960}"
   1260544,         0,         0,   119.4,decoder_by_matrix,e41ade2e4684e0396b9a3890c882b6453b515d69885aa1d89a26ce21ec554895,"{""distance"":5,""physical_error_rate"":1e-06}","{""detection_events"":695,""detectors_checked"":214292480}"
   1029120,         2,         0,   119.3,decoder_by_matrix,066a5d8d46981b593c3dec855f441edbe9e755a8873183448f69d036a2ecc650,"{""distance"":5,""physical_error_rate"":0.001}","{""detection_events"":578860,""detectors_checked"":174950400,""obs_mistake_mask=E___"":1,""obs_mistake_mask=___E"":1}"
   1072128,         0,         0,   119.5,decoder_by_matrix,e41ade2e4684e0396b9a3890c882b6453b515d69885aa1d89a26ce21ec554895,"{""distance"":5,""physical_error_rate"":1e-06}","{""detection_events"":705,""detectors_checked"":182261760}"
   1041408,         2,         0,   119.5,decoder_by_matrix,066a5d8d46981b593c3dec855f441edbe9e755a8873183448f69d036a2ecc650,"{""distance"":5,""physical_error_rate"":0.001}","{""detection_events"":594945,""detectors_checked"":177039360,""obs_mistake_mask=EE__"":1,""obs_mistake_mask=_EE_"":1}"
    883712,         0,         0,   119.5,decoder_by_matrix,fa5edda0c1038186c8afbec49b0215a0b852396cdb50783a3f937fdf51d2afac,"{""distance"":5,""physical_error_rate"":1e-05}","{""detection_events"":4865,""detectors_checked"":150231040}"
    931840,         0,         0,   119.4,decoder_by_matrix,0421d486f8a041838688df650e87c0a19c3450ab7a7cc8b3dc589ebff86d1c74,"{""distance"":5,""physical_error_rate"":0.0001}","{""detection_events"":51275,""detectors_checked"":158412800}"
    954368,         0,         0,   119.6,decoder_by_matrix,0421d486f8a041838688df650e87c0a19c3450ab7a7cc8b3dc589ebff86d1c74,"{""distance"":5,""physical_error_rate"":0.0001}","{""detection_events"":54855,""detectors_checked"":162242560}"
    931840,         0,         0,   119.6,decoder_by_matrix,b84cf4b8ca220d31f17e1e2ea9ab927bbc4176b15682c650e7d1dd8f2758172b,"{""distance"":5,""physical_error_rate"":0.0005}","{""detection_events"":265375,""detectors_checked"":158412800}"
   1178624,         0,         0,   119.4,decoder_by_matrix,e41ade2e4684e0396b9a3890c882b6453b515d69885aa1d89a26ce21ec554895,"{""distance"":5,""physical_error_rate"":1e-06}","{""detection_events"":685,""detectors_checked"":200366080}"
   1182720,         1,         0,   119.5,decoder_by_matrix,b84cf4b8ca220d31f17e1e2ea9ab927bbc4176b15682c650e7d1dd8f2758172b,"{""distance"":5,""physical_error_rate"":0.0005}","{""detection_events"":338020,""detectors_checked"":201062400,""obs_mistake_mask=_E__"":1}"
   1124352,         0,         0,   119.5,decoder_by_matrix,9c6baee88fc81e7d1aa345fcb3feec7ee81f21c5d49cb6ca037118097d89e180,"{""distance"":5,""physical_error_rate"":5e-05}","{""detection_events"":30600,""detectors_checked"":191139840}"
   1102848,         0,         0,   119.5,decoder_by_matrix,9c6baee88fc81e7d1aa345fcb3feec7ee81f21c5d49cb6ca037118097d89e180,"{""distance"":5,""physical_error_rate"":5e-05}","{""detection_events"":31430,""detectors_checked"":187484160}"
   1028096,         0,         0,   119.4,decoder_by_matrix,0421d486f8a041838688df650e87c0a19c3450ab7a7cc8b3dc589ebff86d1c74,"{""distance"":5,""physical_error_rate"":0.0001}","{""detection_events"":57330,""detectors_checked"":174776320}"
   1087488,         0,         0,   119.6,decoder_by_matrix,3c866087b289edc25e9adea730044a15db18cabfd3ae2507fc844d5b4e03657a,"{""distance"":5,""physical_error_rate"":5e-06}","{""detection_events"":3240,""detectors_checked"":184872960}"
   1158144,         0,         0,   119.6,decoder_by_matrix,e41ade2e4684e0396b9a3890c882b6453b515d69885aa1d89a26ce21ec554895,"{""distance"":5,""physical_error_rate"":1e-06}","{""detection_events"":580,""detectors_checked"":196884480}"
   1206272,         1,         0,   119.5,decoder_by_matrix,066a5d8d46981b593c3dec855f441edbe9e755a8873183448f69d036a2ecc650,"{""distance"":5,""physical_error_rate"":0.001}","{""detection_events"":680565,""detectors_checked"":205066240,""obs_mistake_mask=E___"":1}"
   1183744,         0,         0,   119.5,decoder_by_matrix,fa5edda0c1038186c8afbec49b0215a0b852396cdb50783a3f937fdf51d2afac,"{""distance"":5,""physical_error_rate"":1e-05}","{""detection_events"":6450,""detectors_checked"":201236480}"
   1217536,         0,         0,   119.7,decoder_by_matrix,9c6baee88fc81e7d1aa345fcb3feec7ee81f21c5d49cb6ca037118097d89e180,"{""distance"":5,""physical_error_rate"":5e-05}","{""detection_events"":34575,""detectors_checked"":206981120}"
   1075200,         0,         0,   119.4,decoder_by_matrix,b84cf4b8ca220d31f17e1e2ea9ab927bbc4176b15682c650e7d1dd8f2758172b,"{""distance"":5,""physical_error_rate"":0.0005}","{""detection_events"":302465,""detectors_checked"":182784000}"
   1317888,         0,         0,   119.4,decoder_by_matrix,fa5edda0c1038186c8afbec49b0215a0b852396cdb50783a3f937fdf51d2afac,"{""distance"":5,""physical_error_rate"":1e-05}","{""detection_events"":7150,""detectors_checked"":224040960}"
   1155072,         0,         0,   119.6,decoder_by_matrix,9c6baee88fc81e7d1aa345fcb3feec7ee81f21c5d49cb6ca037118097d89e180,"{""distance"":5,""physical_error_rate"":5e-05}","{""detection_events"":32905,""detectors_checked"":196362240}"
   1236992,         0,         0,   119.6,decoder_by_matrix,0421d486f8a041838688df650e87c0a19c3450ab7a7cc8b3dc589ebff86d1c74,"{""distance"":5,""physical_error_rate"":0.0001}","{""detection_events"":70990,""detectors_checked"":210288640}"
   1134592,         0,         0,   119.6,decoder_by_matrix,e41ade2e4684e0396b9a3890c882b6453b515d69885aa1d89a26ce21ec554895,"{""distance"":5,""physical_error_rate"":1e-06}","{""detection_events"":700,""detectors_checked"":192880640}"
    986112,         1,         0,   119.5,decoder_by_matrix,b84cf4b8ca220d31f17e1e2ea9ab927bbc4176b15682c650e7d1dd8f2758172b,"{""distance"":5,""physical_error_rate"":0.0005}","{""detection_events"":279275,""detectors_checked"":167639040,""obs_mistake_mask=EE__"":1}"
   1073152,         0,         0,   119.7,decoder_by_matrix,3c866087b289edc25e9adea730044a15db18cabfd3ae2507fc844d5b4e03657a,"{""distance"":5,""physical_error_rate"":5e-06}","{""detection_events"":3065,""detectors_checked"":182435840}"
   1107968,         0,         0,   119.4,decoder_by_matrix,fa5edda0c1038186c8afbec49b0215a0b852396cdb50783a3f937fdf51d2afac,"{""distance"":5,""physical_error_rate"":1e-05}","{""detection_events"":6295,""detectors_checked"":188354560}"
   1050624,         0,         0,   119.6,decoder_by_matrix,0421d486f8a041838688df650e87c0a19c3450ab7a7cc8b3dc589ebff86d1c74,"{""distance"":5,""physical_error_rate"":0.0001}","{""detection_events"":60100,""detectors_checked"":178606080}"
   1131520,         0,         0,   119.7,decoder_by_matrix,9c6baee88fc81e7d1aa345fcb3feec7ee81f21c5d49cb6ca037118097d89e180,"{""distance"":5,""physical_error_rate"":5e-05}","{""detection_events"":32605,""detectors_checked"":192358400}"
   1121280,         5,         0,   119.5,decoder_by_matrix,066a5d8d46981b593c3dec855f441edbe9e755a8873183448f69d036a2ecc650,"{""distance"":5,""physical_error_rate"":0.001}","{""detection_events"":636230,""detectors_checked"":190617600,""obs_mistake_mask=E__E"":1,""obs_mistake_mask=E___"":3,""obs_mistake_mask=_EEE"":1}"
   1386496,         0,         0,   119.5,decoder_by_matrix,fa5edda0c1038186c8afbec49b0215a0b852396cdb50783a3f937fdf51d2afac,"{""distance"":5,""physical_error_rate"":1e-05}","{""detection_events"":8100,""detectors_checked"":235704320}"
    983040,         0,         0,   119.6,decoder_by_matrix,fa5edda0c1038186c8afbec49b0215a0b852396cdb50783a3f937fdf51d2afac,"{""distance"":5,""physical_error_rate"":1e-05}","{""detection_events"":5600,""detectors_checked"":167116800}"
   1221632,         0,         0,   119.5,decoder_by_matrix,9c6baee88fc81e7d1aa345fcb3feec7ee81f21c5d49cb6ca037118097d89e180,"{""distance"":5,""physical_error_rate"":5e-05}","{""detection_events"":34335,""detectors_checked"":207677440}"
   1127424,         0,         0,   119.5,decoder_by_matrix,3c866087b289edc25e9adea730044a15db18cabfd3ae2507fc844d5b4e03657a,"{""distance"":5,""physical_error_rate"":5e-06}","{""detection_events"":3570,""detectors_checked"":191662080}"
   1218560,         0,         0,   119.6,decoder_by_matrix,b84cf4b8ca220d31f17e1e2ea9ab927bbc4176b15682c650e7d1dd8f2758172b,"{""distance"":5,""physical_error_rate"":0.0005}","{""detection_events"":350350,""detectors_checked"":207155200}"
   1170432,         0,         0,   119.4,decoder_by_matrix,0421d486f8a041838688df650e87c0a19c3450ab7a7cc8b3dc589ebff86d1c74,"{""distance"":5,""physical_error_rate"":0.0001}","{""detection_events"":66130,""detectors_checked"":198973440}"
   1270784,         4,         0,   119.5,decoder_by_matrix,066a5d8d46981b593c3dec855f441edbe9e755a8873183448f69d036a2ecc650,"{""distance"":5,""physical_error_rate"":0.001}","{""detection_events"":723040,""detectors_checked"":216033280,""obs_mistake_mask=EEE_"":1,""obs_mistake_mask=E__E"":1,""obs_mistake_mask=E___"":2}"
   1300480,         0,         0,   119.7,decoder_by_matrix,3c866087b289edc25e9adea730044a15db18cabfd3ae2507fc844d5b4e03657a,"{""distance"":5,""physical_error_rate"":5e-06}","{""detection_events"":2755,""detectors_checked"":221081600}"
   1046528,         0,         0,   119.6,decoder_by_matrix,9c6baee88fc81e7d1aa345fcb3feec7ee81f21c5d49cb6ca037118097d89e180,"{""distance"":5,""physical_error_rate"":5e-05}","{""detection_events"":29045,""detectors_checked"":177909760}"
   1069056,         0,         0,   119.6,decoder_by_matrix,e41ade2e4684e0396b9a3890c882b6453b515d69885aa1d89a26ce21ec554895,"{""distance"":5,""physical_error_rate"":1e-06}","{""detection_events"":670,""detectors_checked"":181739520}"
    941056,         0,         0,   119.4,decoder_by_matrix,b84cf4b8ca220d31f17e1e2ea9ab927bbc4176b15682c650e7d1dd8f2758172b,"{""distance"":5,""physical_error_rate"":0.0005}","{""detection_events"":266000,""detectors_checked"":159979520}"
   1125376,         0,         0,   119.5,decoder_by_matrix,e41ade2e4684e0396b9a3890c882b6453b515d69885aa1d89a26ce21ec554895,"{""distance"":5,""physical_error_rate"":1e-06}","{""detection_events"":575,""detectors_checked"":191313920}"
   1132544,         0,         0,   119.5,decoder_by_matrix,fa5edda0c1038186c8afbec49b0215a0b852396cdb50783a3f937fdf51d2afac,"{""distance"":5,""physical_error_rate"":1e-05}","{""detection_events"":6295,""detectors_checked"":192532480}"
   1201152,         0,         0,   119.4,decoder_by_matrix,b84cf4b8ca220d31f17e1e2ea9ab927bbc4176b15682c650e7d1dd8f2758172b,"{""distance"":5,""physical_error_rate"":0.0005}","{""detection_events"":342115,""detectors_checked"":204195840}"
   1311744,         0,         0,   119.5,decoder_by_matrix,3c866087b289edc25e9adea730044a15db18cabfd3ae2507fc844d5b4e03657a,"{""distance"":5,""physical_error_rate"":5e-06}","{""detection_events"":3950,""detectors_checked"":222996480}"
   1309696,         0,         0,   119.4,decoder_by_matrix,0421d486f8a041838688df650e87c0a19c3450ab7a7cc8b3dc589ebff86d1c74,"{""distance"":5,""physical_error_rate"":0.0001}","{""detection_events"":73130,""detectors_checked"":222648320}"
   1091584,         0,         0,   119.3,decoder_by_matrix,3c866087b289edc25e9adea730044a15db18cabfd3ae2507fc844d5b4e03657a,"{""distance"":5,""physical_error_rate"":5e-06}","{""detection_events"":2855,""detectors_checked"":185569280}"
   1223680,         1,         0,   119.6,decoder_by_matrix,066a5d8d46981b593c3dec855f441edbe9e755a8873183448f69d036a2ecc650,"{""distance"":5,""physical_error_rate"":0.001}","{""detection_events"":693965,""detectors_checked"":208025600,""obs_mistake_mask=E__E"":1}"
    966656,         0,         0,   119.6,decoder_by_matrix,3c866087b289edc25e9adea730044a15db18cabfd3ae2507fc844d5b4e03657a,"{""distance"":5,""physical_error_rate"":5e-06}","{""detection_events"":2445,""detectors_checked"":164331520}"
   1065984,         0,         0,   119.6,decoder_by_matrix,e41ade2e4684e0396b9a3890c882b6453b515d69885aa1d89a26ce21ec554895,"{""distance"":5,""physical_error_rate"":1e-06}","{""detection_events"":725,""detectors_checked"":181217280}"
   1306624,         0,         0,   119.6,decoder_by_matrix,e41ade2e4684e0396b9a3890c882b6453b515d69885aa1d89a26ce21ec554895,"{""distance"":5,""physical_error_rate"":1e-06}","{""detection_events"":840,""detectors_checked"":222126080}"
   1119232,         4,         0,   119.5,decoder_by_matrix,066a5d8d46981b593c3dec855f441edbe9e755a8873183448f69d036a2ecc650,"{""distance"":5,""physical_error_rate"":0.001}","{""detection_events"":633495,""detectors_checked"":190269440,""obs_mistake_mask=E__E"":1,""obs_mistake_mask=E___"":1,""obs_mistake_mask=_EE_"":1,""obs_mistake_mask=__E_"":1}"
    912384,         2,         0,   119.7,decoder_by_matrix,066a5d8d46981b593c3dec855f441edbe9e755a8873183448f69d036a2ecc650,"{""distance"":5,""physical_error_rate"":0.001}","{""detection_events"":512830,""detectors_checked"":155105280,""obs_mistake_mask=E__E"":1,""obs_mistake_mask=__EE"":1}"
   1032192,         0,         0,   119.5,decoder_by_matrix,fa5edda0c1038186c8afbec49b0215a0b852396cdb50783a3f937fdf51d2afac,"{""distance"":5,""physical_error_rate"":1e-05}","{""detection_events"":5700,""detectors_checked"":175472640}"
   1032192,         0,         0,   119.7,decoder_by_matrix,0421d486f8a041838688df650e87c0a19c3450ab7a7cc8b3dc589ebff86d1c74,"{""distance"":5,""physical_error_rate"":0.0001}","{""detection_events"":58365,""detectors_checked"":175472640}"
    874496,         0,         0,   119.7,decoder_by_matrix,0421d486f8a041838688df650e87c0a19c3450ab7a7cc8b3dc589ebff86d1c74,"{""distance"":5,""physical_error_rate"":0.0001}","{""detection_events"":50840,""detectors_checked"":148664320}"
    925696,         0,         0,   119.6,decoder_by_matrix,b84cf4b8ca220d31f17e1e2ea9ab927bbc4176b15682c650e7d1dd8f2758172b,"{""distance"":5,""physical_error_rate"":0.0005}","{""detection_events"":261170,""detectors_checked"":157368320}"
   1250304,         0,         0,   119.5,decoder_by_matrix,e41ade2e4684e0396b9a3890c882b6453b515d69885aa1d89a26ce21ec554895,"{""distance"":5,""physical_error_rate"":1e-06}","{""detection_events"":415,""detectors_checked"":212551680}"
   1065984,         0,         0,   119.6,decoder_by_matrix,b84cf4b8ca220d31f17e1e2ea9ab927bbc4176b15682c650e7d1dd8f2758172b,"{""distance"":5,""physical_error_rate"":0.0005}","{""detection_events"":302505,""detectors_checked"":181217280}"
   1084416,         0,         0,   119.6,decoder_by_matrix,9c6baee88fc81e7d1aa345fcb3feec7ee81f21c5d49cb6ca037118097d89e180,"{""distance"":5,""physical_error_rate"":5e-05}","{""detection_events"":30265,""detectors_checked"":184350720}"
    907264,         0,         0,   119.6,decoder_by_matrix,9c6baee88fc81e7d1aa345fcb3feec7ee81f21c5d49cb6ca037118097d89e180,"{""distance"":5,""physical_error_rate"":5e-05}","{""detection_events"":26015,""detectors_checked"":154234880}"
   1233920,         0,         0,   119.4,decoder_by_matrix,0421d486f8a041838688df650e87c0a19c3450ab7a7cc8b3dc589ebff86d1c74,"{""distance"":5,""physical_error_rate"":0.0001}","{""detection_events"":72205,""detectors_checked"":209766400}"
   1107968,         0,         0,   119.5,decoder_by_matrix,3c866087b289edc25e9adea730044a15db18cabfd3ae2507fc844d5b4e03657a,"{""distance"":5,""physical_error_rate"":5e-06}","{""detection_events"":3395,""detectors_checked"":188354560}"
    979968,         0,         0,   119.7,decoder_by_matrix,e41ade2e4684e0396b9a3890c882b6453b515d69885aa1d89a26ce21ec554895,"{""distance"":5,""physical_error_rate"":1e-06}","{""detection_events"":630,""detectors_checked"":166594560}"
   1078272,         0,         0,   119.6,decoder_by_matrix,066a5d8d46981b593c3dec855f441edbe9e755a8873183448f69d036a2ecc650,"{""distance"":5,""physical_error_rate"":0.001}","{""detection_events"":612470,""detectors_checked"":183306240}"
    916480,         0,         0,   119.7,decoder_by_matrix,fa5edda0c1038186c8afbec49b0215a0b852396cdb50783a3f937fdf51d2afac,"{""distance"":5,""physical_error_rate"":1e-05}","{""detection_events"":5175,""detectors_checked"":155801600}"
   1036288,         0,         0,   119.4,decoder_by_matrix,9c6baee88fc81e7d1aa345fcb3feec7ee81f21c5d49cb6ca037118097d89e180,"{""distance"":5,""physical_error_rate"":5e-05}","{""detection_events"":30465,""detectors_checked"":176168960}"
   1094656,         2,         0,   119.6,decoder_by_matrix,b84cf4b8ca220d31f17e1e2ea9ab927bbc4176b15682c650e7d1dd8f2758172b,"{""distance"":5,""physical_error_rate"":0.0005}","{""detection_events"":311290,""detectors_checked"":186091520,""obs_mistake_mask=E_EE"":1,""obs_mistake_mask=E___"":1}"
   1351680,         0,         0,   119.5,decoder_by_matrix,fa5edda0c1038186c8afbec49b0215a0b852396cdb50783a3f937fdf51d2afac,"{""distance"":5,""physical_error_rate"":1e-05}","{""detection_events"":8045,""detectors_checked"":229785600}"
   1248256,         0,         0,   119.5,decoder_by_matrix,9c6baee88fc81e7d1aa345fcb3feec7ee81f21c5d49cb6ca037118097d89e180,"{""distance"":5,""physical_error_rate"":5e-05}","{""detection_events"":37415,""detectors_checked"":212203520}"
   1316864,         0,         0,   119.5,decoder_by_matrix,e41ade2e4684e0396b9a3890c882b6453b515d69885aa1d89a26ce21ec554895,"{""distance"":5,""physical_error_rate"":1e-06}","{""detection_events"":830,""detectors_checked"":223866880}"
   1300480,         0,         0,   119.5,decoder_by_matrix,0421d486f8a041838688df650e87c0a19c3450ab7a7cc8b3dc589ebff86d1c74,"{""distance"":5,""physical_error_rate"":0.0001}","{""detection_events"":76775,""detectors_checked"":221081600}"
    841728,         0,         0,   119.6,decoder_by_matrix,b84cf4b8ca220d31f17e1e2ea9ab927bbc4176b15682c650e7d1dd8f2758172b,"{""distance"":5,""physical_error_rate"":0.0005}","{""detection_events"":240070,""detectors_checked"":143093760}"
   1149952,         0,         0,   119.7,decoder_by_matrix,3c866087b289edc25e9adea730044a15db18cabfd3ae2507fc844d5b4e03657a,"{""distance"":5,""physical_error_rate"":5e-06}","{""detection_events"":2870,""detectors_checked"":195491840}"
   1259520,         0,         0,   119.5,decoder_by_matrix,0421d486f8a041838688df650e87c0a19c3450ab7a7cc8b3dc589ebff86d1c74,"{""distance"":5,""physical_error_rate"":0.0001}","{""detection_events"":72185,""detectors_checked"":214118400}"
   1217536,         0,         0,   119.5,decoder_by_matrix,fa5edda0c1038186c8afbec49b0215a0b852396cdb50783a3f937fdf51d2afac,"{""distance"":5,""physical_error_rate"":1e-05}","{""detection_events"":7190,""detectors_checked"":206981120}"
    995328,         0,         0,   119.7,decoder_by_matrix,9c6baee88fc81e7d1aa345fcb3feec7ee81f21c5d49cb6ca037118097d89e180,"{""distance"":5,""physical_error_rate"":5e-05}","{""detection_events"":26690,""detectors_checked"":169205760}"
   1181696,         2,         0,   119.5,decoder_by_matrix,066a5d8d46981b593c3dec855f441edbe9e755a8873183448f69d036a2ecc650,"{""distance"":5,""physical_error_rate"":0.001}","{""detection_events"":668470,""detectors_checked"":200888320,""obs_mistake_mask=EE__"":1,""obs_mistake_mask=___E"":1}"
   1223680,         0,         0,   119.5,decoder_by_matrix,fa5edda0c1038186c8afbec49b0215a0b852396cdb50783a3f937fdf51d2afac,"{""distance"":5,""physical_error_rate"":1e-05}","{""detection_events"":6615,""detectors_checked"":208025600}"
   1082368,         0,         0,   119.5,decoder_by_matrix,fa5edda0c1038186c8afbec49b0215a0b852396cdb50783a3f937fdf51d2afac,"{""distance"":5,""physical_error_rate"":1e-05}","{""detection_events"":5505,""detectors_checked"":184002560}"
   1248256,         0,         0,   119.4,decoder_by_matrix,9c6baee88fc81e7d1aa345fcb3feec7ee81f21c5d49cb6ca037118097d89e180,"{""distance"":5,""physical_error_rate"":5e-05}","{""detection_events"":34960,""detectors_checked"":212203520}"
   1250304,         0,         0,   119.6,decoder_by_matrix,3c866087b289edc25e9adea730044a15db18cabfd3ae2507fc844d5b4e03657a,"{""distance"":5,""physical_error_rate"":5e-06}","{""detection_events"":3405,""detectors_checked"":212551680}"
   1041408,         0,         0,   119.4,decoder_by_matrix,b84cf4b8ca220d31f17e1e2ea9ab927bbc4176b15682c650e7d1dd8f2758172b,"{""distance"":5,""physical_error_rate"":0.0005}","{""detection_events"":296510,""detectors_checked"":177039360}"
   1162240,         6,         0,   119.4,decoder_by_matrix,066a5d8d46981b593c3dec855f441edbe9e755a8873183448f69d036a2ecc650,"{""distance"":5,""physical_error_rate"":0.001}","{""detection_events"":652195,""detectors_checked"":197580800,""obs_mistake_mask=E__E"":1,""obs_mistake_mask=E___"":2,""obs_mistake_mask=_EEE"":1,""obs_mistake_mask=__EE"":1,""obs_mistake_mask=___E"":1}"
   1203200,         0,         0,   119.6,decoder_by_matrix,0421d486f8a041838688df650e87c0a19c3450ab7a7cc8b3dc589ebff86d1c74,"{""distance"":5,""physical_error_rate"":0.0001}","{""detection_events"":70880,""detectors_checked"":204544000}"
   1159168,         0,         0,   119.7,decoder_by_matrix,3c866087b289edc25e9adea730044a15db18cabfd3ae2507fc844d5b4e03657a,"{""distance"":5,""physical_error_rate"":5e-06}","{""detection_events"":3415,""detectors_checked"":197058560}"
   1216512,         0,         0,   119.5,decoder_by_matrix,9c6baee88fc81e7d1aa345fcb3feec7ee81f21c5d49cb6ca037118097d89e180,"{""distance"":5,""physical_error_rate"":5e-05}","{""detection_events"":34625,""detectors_checked"":206807040}"
   1215488,         0,         0,   119.4,decoder_by_matrix,e41ade2e4684e0396b9a3890c882b6453b515d69885aa1d89a26ce21ec554895,"{""distance"":5,""physical_error_rate"":1e-06}","{""detection_events"":455,""detectors_checked"":206632960}"
   1200128,         0,         0,   119.5,decoder_by_matrix,e41ade2e4684e0396b9a3890c882b6453b515d69885aa1d89a26ce21ec554895,"{""distance"":5,""physical_error_rate"":1e-06}","{""detection_events"":985,""detectors_checked"":204021760}"
    944128,         1,         0,   119.6,decoder_by_matrix,b84cf4b8ca220d31f17e1e2ea9ab927bbc4176b15682c650e7d1dd8f2758172b,"{""distance"":5,""physical_error_rate"":0.0005}","{""detection_events"":266660,""detectors_checked"":160501760,""obs_mistake_mask=__E_"":1}"
   1201152,         0,         0,   119.5,decoder_by_matrix,fa5edda0c1038186c8afbec49b0215a0b852396cdb50783a3f937fdf51d2afac,"{""distance"":5,""physical_error_rate"":1e-05}","{""detection_events"":6665,""detectors_checked"":204195840}"
   1183744,         0,         0,   119.6,decoder_by_matrix,b84cf4b8ca220d31f17e1e2ea9ab927bbc4176b15682c650e7d1dd8f2758172b,"{""distance"":5,""physical_error_rate"":0.0005}","{""detection_events"":335830,""detectors_checked"":201236480}"
   1243136,         0,         0,   119.4,decoder_by_matrix,3c866087b289edc25e9adea730044a15db18cabfd3ae2507fc844d5b4e03657a,"{""distance"":5,""physical_error_rate"":5e-06}","{""detection_events"":3500,""detectors_checked"":211333120}"
   1203200,         0,         0,   119.5,decoder_by_matrix,3c866087b289edc25e9adea730044a15db18cabfd3ae2507fc844d5b4e03657a,"{""distance"":5,""physical_error_rate"":5e-06}","{""detection_events"":3605,""detectors_checked"":204544000}"
    960512,         0,         0,   119.6,decoder_by_matrix,0421d486f8a041838688df650e87c0a19c3450ab7a7cc8b3dc589ebff86d1c74,"{""distance"":5,""physical_error_rate"":0.0001}","{""detection_events"":56445,""detectors_checked"":163287040}"
   1202176,         4,         0,   119.6,decoder_by_matrix,066a5d8d46981b593c3dec855f441edbe9e755a8873183448f69d036a2ecc650,"{""distance"":5,""physical_error_rate"":0.001}","{""detection_events"":679525,""detectors_checked"":204369920,""obs_mistake_mask=E__E"":2,""obs_mistake_mask=_E_E"":1,""obs_mistake_mask=_E__"":1}"
   1117184,         0,         0,   119.6,decoder_by_matrix,3c866087b289edc25e9adea730044a15db18cabfd3ae2507fc844d5b4e03657a,"{""distance"":5,""physical_error_rate"":5e-06}","{""detection_events"":3380,""detectors_checked"":189921280}"
   1245184,         0,         0,   119.6,decoder_by_matrix,e41ade2e4684e0396b9a3890c882b6453b515d69885aa1d89a26ce21ec554895,"{""distance"":5,""physical_error_rate"":1e-06}","{""detection_events"":690,""detectors_checked"":211681280}"
    965632,         1,         0,   119.3,decoder_by_matrix,066a5d8d46981b593c3dec855f441edbe9e755a8873183448f69d036a2ecc650,"{""distance"":5,""physical_error_rate"":0.001}","{""detection_events"":552045,""detectors_checked"":164157440,""obs_mistake_mask=__EE"":1}"
   1248256,         0,         0,   119.6,decoder_by_matrix,e41ade2e4684e0396b9a3890c882b6453b515d69885aa1d89a26ce21ec554895,"{""distance"":5,""physical_error_rate"":1e-06}","{""detection_events"":535,""detectors_checked"":212203520}"
   1117184,         2,         0,   119.5,decoder_by_matrix,066a5d8d46981b593c3dec855f441edbe9e755a8873183448f69d036a2ecc650,"{""distance"":5,""physical_error_rate"":0.001}","{""detection_events"":636470,""detectors_checked"":189921280,""obs_mistake_mask=E___"":1,""obs_mistake_mask=_E__"":1}"
   1195008,         0,         0,   119.4,decoder_by_matrix,fa5edda0c1038186c8afbec49b0215a0b852396cdb50783a3f937fdf51d2afac,"{""distance"":5,""physical_error_rate"":1e-05}","{""detection_events"":6540,""detectors_checked"":203151360}"
   1181696,         0,         0,   119.5,decoder_by_matrix,0421d486f8a041838688df650e87c0a19c3450ab7a7cc8b3dc589ebff86d1c74,"{""distance"":5,""physical_error_rate"":0.0001}","{""detection_events"":64685,""detectors_checked"":200888320}"
    921600,         0,         0,   119.5,decoder_by_matrix,0421d486f8a041838688df650e87c0a19c3450ab7a7cc8b3dc589ebff86d1c74,"{""distance"":5,""physical_error_rate"":0.0001}","{""detection_events"":53370,""detectors_checked"":156672000}"
    763904,         0,         0,   119.5,decoder_by_matrix,b84cf4b8ca220d31f17e1e2ea9ab927bbc4176b15682c650e7d1dd8f2758172b,"{""distance"":5,""physical_error_rate"":0.0005}","{""detection_events"":217285,""detectors_checked"":129863680}"
   1132544,         0,         0,   119.5,decoder_by_matrix,b84cf4b8ca220d31f17e1e2ea9ab927bbc4176b15682c650e7d1dd8f2758172b,"{""distance"":5,""physical_error_rate"":0.0005}","{""detection_events"":319215,""detectors_checked"":192532480}"
   1212416,         0,         0,   119.6,decoder_by_matrix,e41ade2e4684e0396b9a3890c882b6453b515d69885aa1d89a26ce21ec554895,"{""distance"":5,""physical_error_rate"":1e-06}","{""detection_events"":585,""detectors_checked"":206110720}"
    954368,         0,         0,   119.4,decoder_by_matrix,9c6baee88fc81e7d1aa345fcb3feec7ee81f21c5d49cb6ca037118097d89e180,"{""distance"":5,""physical_error_rate"":5e-05}","{""detection_events"":27625,""detectors_checked"":162242560}"
    791552,         0,         0,   119.5,decoder_by_matrix,9c6baee88fc81e7d1aa345fcb3feec7ee81f21c5d49cb6ca037118097d89e180,"{""distance"":5,""physical_error_rate"":5e-05}","{""detection_events"":21995,""detectors_checked"":134563840}"
   1174528,         0,         0,   119.4,decoder_by_matrix,0421d486f8a041838688df650e87c0a19c3450ab7a7cc8b3dc589ebff86d1c74,"{""distance"":5,""physical_error_rate"":0.0001}","{""detection_events"":65460,""detectors_checked"":199669760}"
   1141760,         0,         0,   119.7,decoder_by_matrix,3c866087b289edc25e9adea730044a15db18cabfd3ae2507fc844d5b4e03657a,"{""distance"":5,""physical_error_rate"":5e-06}","{""detection_events"":3445,""detectors_checked"":194099200}"
    889856,         0,         0,   119.7,decoder_by_matrix,e41ade2e4684e0396b9a3890c882b6453b515d69885aa1d89a26ce21ec554895,"{""distance"":5,""physical_error_rate"":1e-06}","{""detection_events"":595,""detectors_checked"":151275520}"
   1159168,         2,         0,   119.6,decoder_by_matrix,066a5d8d46981b593c3dec855f441edbe9e755a8873183448f69d036a2ecc650,"{""distance"":5,""physical_error_rate"":0.001}","{""detection_events"":655100,""detectors_checked"":197058560,""obs_mistake_mask=E__E"":1,""obs_mistake_mask=_EEE"":1}"
   1239040,         0,         0,   119.6,decoder_by_matrix,9c6baee88fc81e7d1aa345fcb3feec7ee81f21c5d49cb6ca037118097d89e180,"{""distance"":5,""physical_error_rate"":5e-05}","{""detection_events"":36065,""detectors_checked"":210636800}"
    844800,         0,         0,   119.5,decoder_by_matrix,fa5edda0c1038186c8afbec49b0215a0b852396cdb50783a3f937fdf51d2afac,"{""distance"":5,""physical_error_rate"":1e-05}","{""detection_events"":4355,""detectors_checked"":143616000}"
   1210368,         0,         0,   119.4,decoder_by_matrix,b84cf4b8ca220d31f17e1e2ea9ab927bbc4176b15682c650e7d1dd8f2758172b,"{""distance"":5,""physical_error_rate"":0.0005}","{""detection_events"":344455,""detectors_checked"":205762560}"
   1216512,         0,         0,   119.5,decoder_by_matrix,fa5edda0c1038186c8afbec49b0215a0b852396cdb50783a3f937fdf51d2afac,"{""distance"":5,""physical_error_rate"":1e-05}","{""detection_events"":7270,""detectors_checked"":206807040}"
   1132544,         0,         0,   119.5,decoder_by_matrix,9c6baee88fc81e7d1aa345fcb3feec7ee81f21c5d49cb6ca037118097d89e180,"{""distance"":5,""physical_error_rate"":5e-05}","{""detection_events"":33190,""detectors_checked"":192532480}"
   1008640,         0,         0,   119.4,decoder_by_matrix,e41ade2e4684e0396b9a3890c882b6453b515d69885aa1d89a26ce21ec554895,"{""distance"":5,""physical_error_rate"":1e-06}","{""detection_events"":570,""detectors_checked"":171468800}"
    984064,         0,         0,   119.7,decoder_by_matrix,0421d486f8a041838688df650e87c0a19c3450ab7a7cc8b3dc589ebff86d1c74,"{""distance"":5,""physical_error_rate"":0.0001}","{""detection_events"":54885,""detectors_checked"":167290880}"
    867328,         1,         0,   119.4,decoder_by_matrix,b84cf4b8ca220d31f17e1e2ea9ab927bbc4176b15682c650e7d1dd8f2758172b,"{""distance"":5,""physical_error_rate"":0.0005}","{""detection_events"":245510,""detectors_checked"":147445760,""obs_mistake_mask=E__E"":1}"
    971776,         0,         0,   119.6,decoder_by_matrix,3c866087b289edc25e9adea730044a15db18cabfd3ae2507fc844d5b4e03657a,"{""distance"":5,""physical_error_rate"":5e-06}","{""detection_events"":3090,""detectors_checked"":165201920}"
   1196032,         0,         0,   119.6,decoder_by_matrix,0421d486f8a041838688df650e87c0a19c3450ab7a7cc8b3dc589ebff86d1c74,"{""distance"":5,""physical_error_rate"":0.0001}","{""detection_events"":69325,""detectors_checked"":203325440}"
   1241088,         0,         0,   119.5,decoder_by_matrix,fa5edda0c1038186c8afbec49b0215a0b852396cdb50783a3f937fdf51d2afac,"{""distance"":5,""physical_error_rate"":1e-05}","{""detection_events"":7495,""detectors_checked"":210984960}"
   1266688,         0,         0,   119.5,decoder_by_matrix,9c6baee88fc81e7d1aa345fcb3feec7ee81f21c5d49cb6ca037118097d89e180,"{""distance"":5,""physical_error_rate"":5e-05}","{""detection_events"":37090,""detectors_checked"":215336960}"
   1037312,         2,         0,   119.6,decoder_by_matrix,066a5d8d46981b593c3dec855f441edbe9e755a8873183448f69d036a2ecc650,"{""distance"":5,""physical_error_rate"":0.001}","{""detection_events"":589335,""detectors_checked"":176343040,""obs_mistake_mask=EE__"":2}"
   1205248,         0,         0,   119.5,decoder_by_matrix,fa5edda0c1038186c8afbec49b0215a0b852396cdb50783a3f937fdf51d2afac,"{""distance"":5,""physical_error_rate"":1e-05}","{""detection_events"":7215,""detectors_checked"":204892160}"
   1238016,         0,         0,   119.5,decoder_by_matrix,fa5edda0c1038186c8afbec49b0215a0b852396cdb50783a3f937fdf51d2afac,"{""distance"":5,""physical_error_rate"":1e-05}","{""detection_events"":7055,""detectors_checked"":210462720}"
   1169408,         0,         0,   119.7,decoder_by_matrix,9c6baee88fc81e7d1aa345fcb3feec7ee81f21c5d49cb6ca037118097d89e180,"{""distance"":5,""physical_error_rate"":5e-05}","{""detection_events"":32670,""detectors_checked"":198799360}"
   1312768,         0,         0,   119.5,decoder_by_matrix,3c866087b289edc25e9adea730044a15db18cabfd3ae2507fc844d5b4e03657a,"{""distance"":5,""physical_error_rate"":5e-06}","{""detection_events"":4030,""detectors_checked"":223170560}"
   1036288,         0,         0,   119.6,decoder_by_matrix,b84cf4b8ca220d31f17e1e2ea9ab927bbc4176b15682c650e7d1dd8f2758172b,"{""distance"":5,""physical_error_rate"":0.0005}","{""detection_events"":293395,""detectors_checked"":176168960}"
   1121280,         1,         0,   119.6,decoder_by_matrix,066a5d8d46981b593c3dec855f441edbe9e755a8873183448f69d036a2ecc650,"{""distance"":5,""physical_error_rate"":0.001}","{""detection_events"":638960,""detectors_checked"":190617600,""obs_mistake_mask=_EE_"":1}"
   1098752,         0,         0,   119.4,decoder_by_matrix,0421d486f8a041838688df650e87c0a19c3450ab7a7cc8b3dc589ebff86d1c74,"{""distance"":5,""physical_error_rate"":0.0001}","{""detection_events"":63410,""detectors_checked"":186787840}"
   1249280,         0,         0,   119.6,decoder_by_matrix,3c866087b289edc25e9adea730044a15db18cabfd3ae2507fc844d5b4e03657a,"{""distance"":5,""physical_error_rate"":5e-06}","{""detection_events"":3635,""detectors_checked"":212377600}"
   1278976,         0,         0,   119.5,decoder_by_matrix,e41ade2e4684e0396b9a3890c882b6453b515d69885aa1d89a26ce21ec554895,"{""distance"":5,""physical_error_rate"":1e-06}","{""detection_events"":595,""detectors_checked"":217425920}"
   1222656,         0,         0,   119.6,decoder_by_matrix,9c6baee88fc81e7d1aa345fcb3feec7ee81f21c5d49cb6ca037118097d89e180,"{""distance"":5,""physical_error_rate"":5e-05}","{""detection_events"":34640,""detectors_checked"":207851520}"
   1001472,         0,         0,   119.6,decoder_by_matrix,b84cf4b8ca220d31f17e1e2ea9ab927bbc4176b15682c650e7d1dd8f2758172b,"{""distance"":5,""physical_error_rate"":0.0005}","{""detection_events"":283060,""detectors_checked"":170250240}"
   1309696,         0,         0,   119.4,decoder_by_matrix,e41ade2e4684e0396b9a3890c882b6453b515d69885aa1d89a26ce21ec554895,"{""distance"":5,""physical_error_rate"":1e-06}","{""detection_events"":1235,""detectors_checked"":222648320}"
   1171456,         0,         0,   119.5,decoder_by_matrix,fa5edda0c1038186c8afbec49b0215a0b852396cdb50783a3f937fdf51d2afac,"{""distance"":5,""physical_error_rate"":1e-05}","{""detection_events"":6590,""detectors_checked"":199147520}"
   1052672,         0,         0,   119.5,decoder_by_matrix,b84cf4b8ca220d31f17e1e2ea9ab927bbc4176b15682c650e7d1dd8f2758172b,"{""distance"":5,""physical_error_rate"":0.0005}","{""detection_events"":299335,""detectors_checked"":178954240}"
   1114112,         0,         0,   119.6,decoder_by_matrix,3c866087b289edc25e9adea730044a15db18cabfd3ae2507fc844d5b4e03657a,"{""distance"":5,""physical_error_rate"":5e-06}","{""detection_events"":3150,""detectors_checked"":189399040}"
   1201152,         0,         0,   119.5,decoder_by_matrix,3c866087b289edc25e9adea730044a15db18cabfd3ae2507fc844d5b4e03657a,"{""distance"":5,""physical_error_rate"":5e-06}","{""detection_events"":3105,""detectors_checked"":204195840}"
    881664,         0,         0,   119.4,decoder_by_matrix,0421d486f8a041838688df650e87c0a19c3450ab7a7cc8b3dc589ebff86d1c74,"{""distance"":5,""physical_error_rate"":0.0001}","{""detection_events"":50835,""detectors_checked"":149882880}"
   1078272,         1,         0,   119.6,decoder_by_matrix,066a5d8d46981b593c3dec855f441edbe9e755a8873183448f69d036a2ecc650,"{""distance"":5,""physical_error_rate"":0.001}","{""detection_events"":610845,""detectors_checked"":183306240,""obs_mistake_mask=E__E"":1}"
   1215488,         0,         0,   119.5,decoder_by_matrix,3c866087b289edc25e9adea730044a15db18cabfd3ae2507fc844d5b4e03657a,"{""distance"":5,""physical_error_rate"":5e-06}","{""detection_events"":3570,""detectors_checked"":206632960}"
   1127424,         0,         0,   119.6,decoder_by_matrix,e41ade2e4684e0396b9a3890c882b6453b515d69885aa1d89a26ce21ec554895,"{""distance"":5,""physical_error_rate"":1e-06}","{""detection_events"":575,""detectors_checked"":191662080}"
   1118208,         2,         0,   119.5,decoder_by_matrix,066a5d8d46981b593c3dec855f441edbe9e755a8873183448f69d036a2ecc650,"{""distance"":5,""physical_error_rate"":0.001}","{""detection_events"":638250,""detectors_checked"":190095360,""obs_mistake_mask=E___"":1,""obs_mistake_mask=_EEE"":1}"
   1135616,         0,         0,   119.6,decoder_by_matrix,e41ade2e4684e0396b9a3890c882b6453b515d69885aa1d89a26ce21ec554895,"{""distance"":5,""physical_error_rate"":1e-06}","{""detection_events"":610,""detectors_checked"":193054720}"
    850944,         1,         0,   119.4,decoder_by_matrix,066a5d8d46981b593c3dec855f441edbe9e755a8873183448f69d036a2ecc650,"{""distance"":5,""physical_error_rate"":0.001}","{""detection_events"":482270,""detectors_checked"":144660480,""obs_mistake_mask=_EEE"":1}"
   1047552,         0,         0,   119.7,decoder_by_matrix,fa5edda0c1038186c8afbec49b0215a0b852396cdb50783a3f937fdf51d2afac,"{""distance"":5,""physical_error_rate"":1e-05}","{""detection_events"":5485,""detectors_checked"":178083840}"
   1032192,         0,         0,   119.4,decoder_by_matrix,0421d486f8a041838688df650e87c0a19c3450ab7a7cc8b3dc589ebff86d1c74,"{""distance"":5,""physical_error_rate"":0.0001}","{""detection_events"":58690,""detectors_checked"":175472640}"
   1081344,         0,         0,   119.5,decoder_by_matrix,0421d486f8a041838688df650e87c0a19c3450ab7a7cc8b3dc589ebff86d1c74,"{""distance"":5,""physical_error_rate"":0.0001}","{""detection_events"":60925,""detectors_checked"":183828480}"
   1154048,         0,         0,   119.3,decoder_by_matrix,b84cf4b8ca220d31f17e1e2ea9ab927bbc4176b15682c650e7d1dd8f2758172b,"{""distance"":5,""physical_error_rate"":0.0005}","{""detection_events"":323920,""detectors_checked"":196188160}"
   1158144,         0,         0,   119.6,decoder_by_matrix,e41ade2e4684e0396b9a3890c882b6453b515d69885aa1d89a26ce21ec554895,"{""distance"":5,""physical_error_rate"":1e-06}","{""detection_events"":875,""detectors_checked"":196884480}"
   1138688,         1,         0,   119.6,decoder_by_matrix,b84cf4b8ca220d31f17e1e2ea9ab927bbc4176b15682c650e7d1dd8f2758172b,"{""distance"":5,""physical_error_rate"":0.0005}","{""detection_events"":324675,""detectors_checked"":193576960,""obs_mistake_mask=_EEE"":1}"
   1174528,         0,         0,   119.7,decoder_by_matrix,9c6baee88fc81e7d1aa345fcb3feec7ee81f21c5d49cb6ca037118097d89e180,"{""distance"":5,""physical_error_rate"":5e-05}","{""detection_events"":31940,""detectors_checked"":199669760}"
   1062912,         0,         0,   119.6,decoder_by_matrix,9c6baee88fc81e7d1aa345fcb3feec7ee81f21c5d49cb6ca037118097d89e180,"{""distance"":5,""physical_error_rate"":5e-05}","{""detection_events"":30145,""detectors_checked"":180695040}"
   1152000,         0,         0,   119.5,decoder_by_matrix,0421d486f8a041838688df650e87c0a19c3450ab7a7cc8b3dc589ebff86d1c74,"{""distance"":5,""physical_error_rate"":0.0001}","{""detection_events"":65270,""detectors_checked"":195840000}"
   1269760,         0,         0,   119.5,decoder_by_matrix,3c866087b289edc25e9adea730044a15db18cabfd3ae2507fc844d5b4e03657a,"{""distance"":5,""physical_error_rate"":5e-06}","{""detection_events"":3580,""detectors_checked"":215859200}"
    850944,         0,         0,   119.8,decoder_by_matrix,e41ade2e4684e0396b9a3890c882b6453b515d69885aa1d89a26ce21ec554895,"{""distance"":5,""physical_error_rate"":1e-06}","{""detection_events"":655,""detectors_checked"":144660480}"
    996352,         1,         0,   119.5,decoder_by_matrix,066a5d8d46981b593c3dec855f441edbe9e755a8873183448f69d036a2ecc650,"{""distance"":5,""physical_error_rate"":0.001}","{""detection_events"":566865,""detectors_checked"":169379840,""obs_mistake_mask=___E"":1}"
   1089536,         0,         0,   119.3,decoder_by_matrix,fa5edda0c1038186c8afbec49b0215a0b852396cdb50783a3f937fdf51d2afac,"{""distance"":5,""physical_error_rate"":1e-05}","{""detection_events"":6440,""detectors_checked"":185221120}"
   1272832,         0,         0,   119.6,decoder_by_matrix,9c6baee88fc81e7d1aa345fcb3feec7ee81f21c5d49cb6ca037118097d89e180,"{""distance"":5,""physical_error_rate"":5e-05}","{""detection_events"":36935,""detectors_checked"":216381440}"
   1260544,         2,         0,   119.3,decoder_by_matrix,b84cf4b8ca220d31f17e1e2ea9ab927bbc4176b15682c650e7d1dd8f2758172b,"{""distance"":5,""physical_error_rate"":0.0005}","{""detection_events"":363175,""detectors_checked"":214292480,""obs_mistake_mask=_EE_"":1,""obs_mistake_mask=__EE"":1}"
   1311744,         0,         0,   119.7,decoder_by_matrix,fa5edda0c1038186c8afbec49b0215a0b852396cdb50783a3f937fdf51d2afac,"{""distance"":5,""physical_error_rate"":1e-05}","{""detection_events"":6955,""detectors_checked"":222996480}"
   1274880,         0,         0,   119.7,decoder_by_matrix,9c6baee88fc81e7d1aa345fcb3feec7ee81f21c5d49cb6ca037118097d89e180,"{""distance"":5,""physical_error_rate"":5e-05}","{""detection_events"":36450,""detectors_checked"":216729600}"
   1155072,         0,         0,   119.6,decoder_by_matrix,e41ade2e4684e0396b9a3890c882b6453b515d69885aa1d89a26ce21ec554895,"{""distance"":5,""physical_error_rate"":1e-06}","{""detection_events"":920,""detectors_checked"":196362240}"
   1056768,         0,         0,   119.5,decoder_by_matrix,0421d486f8a041838688df650e87c0a19c3450ab7a7cc8b3dc589ebff86d1c74,"{""distance"":5,""physical_error_rate"":0.0001}","{""detection_events"":60055,""detectors_checked"":179650560}"
    918528,         0,         0,   119.6,decoder_by_matrix,b84cf4b8ca220d31f17e1e2ea9ab927bbc4176b15682c650e7d1dd8f2758172b,"{""distance"":5,""physical_error_rate"":0.0005}","{""detection_events"":262790,""detectors_checked"":156149760}"
   1050624,         0,         0,   119.5,decoder_by_matrix,3c866087b289edc25e9adea730044a15db18cabfd3ae2507fc844d5b4e03657a,"{""distance"":5,""physical_error_rate"":5e-06}","{""detection_events"":3115,""detectors_checked"":178606080}"
   1198080,         0,         0,   119.5,decoder_by_matrix,0421d486f8a041838688df650e87c0a19c3450ab7a7cc8b3dc589ebff86d1c74,"{""distance"":5,""physical_error_rate"":0.0001}","{""detection_events"":67320,""detectors_checked"":203673600}"
   1177600,         0,         0,   119.5,decoder_by_matrix,fa5edda0c1038186c8afbec49b0215a0b852396cdb50783a3f937fdf51d2afac,"{""distance"":5,""physical_error_rate"":1e-05}","{""detection_events"":7345,""detectors_checked"":200192000}"
   1164288,         0,         0,   119.6,decoder_by_matrix,9c6baee88fc81e7d1aa345fcb3feec7ee81f21c5d49cb6ca037118097d89e180,"{""distance"":5,""physical_error_rate"":5e-05}","{""detection_events"":33270,""detectors_checked"":197928960}"
   1112064,         3,         0,   119.6,decoder_by_matrix,066a5d8d46981b593c3dec855f441edbe9e755a8873183448f69d036a2ecc650,"{""distance"":5,""physical_error_rate"":0.001}","{""detection_events"":639310,""detectors_checked"":189050880,""obs_mistake_mask=E___"":1,""obs_mistake_mask=_E_E"":1,""obs_mistake_mask=_E__"":1}"
   1374208,         0,         0,   119.5,decoder_by_matrix,fa5edda0c1038186c8afbec49b0215a0b852396cdb50783a3f937fdf51d2afac,"{""distance"":5,""physical_error_rate"":1e-05}","{""detection_events"":6870,""detectors_checked"":233615360}"
   1115136,         0,         0,   119.5,decoder_by_matrix,fa5edda0c1038186c8afbec49b0215a0b852396cdb50783a3f937fdf51d2afac,"{""distance"":5,""physical_error_rate"":1e-05}","{""detection_events"":6615,""detectors_checked"":189573120}"
   1267712,         0,         0,   119.5,decoder_by_matrix,9c6baee88fc81e7d1aa345fcb3feec7ee81f21c5d49cb6ca037118097d89e180,"{""distance"":5,""physical_error_rate"":5e-05}","{""detection_events"":36890,""detectors_checked"":215511040}"
   1135616,         0,         0,   119.6,decoder_by_matrix,3c866087b289edc25e9adea730044a15db18cabfd3ae2507fc844d5b4e03657a,"{""distance"":5,""physical_error_rate"":5e-06}","{""detection_events"":3455,""detectors_checked"":193054720}"
   1185792,         2,         0,   119.3,decoder_by_matrix,066a5d8d46981b593c3dec855f441edbe9e755a8873183448f69d036a2ecc650,"{""distance"":5,""physical_error_rate"":0.001}","{""detection_events"":671835,""detectors_checked"":201584640,""obs_mistake_mask=__EE"":2}"
    931840,         0,         0,   119.5,decoder_by_matrix,b84cf4b8ca220d31f17e1e2ea9ab927bbc4176b15682c650e7d1dd8f2758172b,"{""distance"":5,""physical_error_rate"":0.0005}","{""detection_events"":267205,""detectors_checked"":158412800}"
    968704,         0,         0,   119.4,decoder_by_matrix,0421d486f8a041838688df650e87c0a19c3450ab7a7cc8b3dc589ebff86d1c74,"{""distance"":5,""physical_error_rate"":0.0001}","{""detection_events"":53965,""detectors_checked"":164679680}"
    835584,         0,         0,   119.6,decoder_by_matrix,e41ade2e4684e0396b9a3890c882b6453b515d69885aa1d89a26ce21ec554895,"{""distance"":5,""physical_error_rate"":1e-06}","{""detection_events"":420,""detectors_checked"":142049280}"
   1158144,         0,         0,   119.7,decoder_by_matrix,3c866087b289edc25e9adea730044a15db18cabfd3ae2507fc844d5b4e03657a,"{""distance"":5,""physical_error_rate"":5e-06}","{""detection_events"":3090,""detectors_checked"":196884480}"
   1179648,         0,         0,   119.4,decoder_by_matrix,9c6baee88fc81e7d1aa345fcb3feec7ee81f21c5d49cb6ca037118097d89e180,"{""distance"":5,""physical_error_rate"":5e-05}","{""detection_events"":33205,""detectors_checked"":200540160}"
   1135616,         0,         0,   119.6,decoder_by_matrix,b84cf4b8ca220d31f17e1e2ea9ab927bbc4176b15682c650e7d1dd8f2758172b,"{""distance"":5,""physical_error_rate"":0.0005}","{""detection_events"":324430,""detectors_checked"":193054720}"
   1215488,         0,         0,   119.6,decoder_by_matrix,e41ade2e4684e0396b9a3890c882b6453b515d69885aa1d89a26ce21ec554895,"{""distance"":5,""physical_error_rate"":1e-06}","{""detection_events"":950,""detectors_checked"":206632960}"
   1241088,         0,         0,   119.5,decoder_by_matrix,fa5edda0c1038186c8afbec49b0215a0b852396cdb50783a3f937fdf51d2afac,"{""distance"":5,""physical_error_rate"":1e-05}","{""detection_events"":7505,""detectors_checked"":210984960}"
    988160,         0,         0,   119.6,decoder_by_matrix,b84cf4b8ca220d31f17e1e2ea9ab927bbc4176b15682c650e7d1dd8f2758172b,"{""distance"":5,""physical_error_rate"":0.0005}","{""detection_events"":276455,""detectors_checked"":167987200}"
   1179648,         0,         0,   119.4,decoder_by_matrix,3c866087b289edc25e9adea730044a15db18cabfd3ae2507fc844d5b4e03657a,"{""distance"":5,""physical_error_rate"":5e-06}","{""detection_events"":3850,""detectors_checked"":200540160}"
   1319936,         0,         0,   119.5,decoder_by_matrix,3c866087b289edc25e9adea730044a15db18cabfd3ae2507fc844d5b4e03657a,"{""distance"":5,""physical_error_rate"":5e-06}","{""detection_events"":3620,""detectors_checked"":224389120}"
    985088,         0,         0,   119.6,decoder_by_matrix,0421d486f8a041838688df650e87c0a19c3450ab7a7cc8b3dc589ebff86d1c74,"{""distance"":5,""physical_error_rate"":0.0001}","{""detection_events"":57565,""detectors_checked"":167464960}"
   1180672,         1,         0,   119.6,decoder_by_matrix,066a5d8d46981b593c3dec855f441edbe9e755a8873183448f69d036a2ecc650,"{""distance"":5,""physical_error_rate"":0.001}","{""detection_events"":675975,""detectors_checked"":200714240,""obs_mistake_mask=EE__"":1}"
   1285120,         0,         0,   119.4,decoder_by_matrix,3c866087b289edc25e9adea730044a15db18cabfd3ae2507fc844d5b4e03657a,"{""distance"":5,""physical_error_rate"":5e-06}","{""detection_events"":3650,""detectors_checked"":218470400}"
   1302528,         0,         0,   119.4,decoder_by_matrix,e41ade2e4684e0396b9a3890c882b6453b515d69885aa1d89a26ce21ec554895,"{""distance"":5,""physical_error_rate"":1e-06}","{""detection_events"":565,""detectors_checked"":221429760}"
   1163264,         3,         0,   119.5,decoder_by_matrix,066a5d8d46981b593c3dec855f441edbe9e755a8873183448f69d036a2ecc650,"{""distance"":5,""physical_error_rate"":0.001}","{""detection_events"":659260,""detectors_checked"":197754880,""obs_mistake_mask=_E__"":1,""obs_mistake_mask=__EE"":1,""obs_mistake_mask=___E"":1}"
   1005568,         0,         0,   119.6,decoder_by_matrix,e41ade2e4684e0396b9a3890c882b6453b515d69885aa1d89a26ce21ec554895,"{""distance"":5,""physical_error_rate"":1e-06}","{""detection_events"":510,""detectors_checked"":170946560}"
    729088,         0,         0,   119.7,decoder_by_matrix,066a5d8d46981b593c3dec855f441edbe9e755a8873183448f69d036a2ecc650,"{""distance"":5,""physical_error_rate"":0.001}","{""detection_events"":413465,""detectors_checked"":123944960}"
   1167360,         0,         0,   119.6,decoder_by_matrix,fa5edda0c1038186c8afbec49b0215a0b852396cdb50783a3f937fdf51d2afac,"{""distance"":5,""physical_error_rate"":1e-05}","{""detection_events"":6875,""detectors_checked"":198451200}"
   1225728,         0,         0,   119.5,decoder_by_matrix,0421d486f8a041838688df650e87c0a19c3450ab7a7cc8b3dc589ebff86d1c74,"{""distance"":5,""physical_error_rate"":0.0001}","{""detection_events"":69840,""detectors_checked"":208373760}"
    959488,         0,         0,   119.4,decoder_by_matrix,0421d486f8a041838688df650e87c0a19c3450ab7a7cc8b3dc589ebff86d1c74,"{""distance"":5,""physical_error_rate"":0.0001}","{""detection_events"":54205,""detectors_checked"":163112960}"
   1129472,         0,         0,   119.4,decoder_by_matrix,b84cf4b8ca220d31f17e1e2ea9ab927bbc4176b15682c650e7d1dd8f2758172b,"{""distance"":5,""physical_error_rate"":0.0005}","{""detection_events"":317325,""detectors_checked"":192010240}"
    777216,         0,         0,   119.6,decoder_by_matrix,e41ade2e4684e0396b9a3890c882b6453b515d69885aa1d89a26ce21ec554895,"{""distance"":5,""physical_error_rate"":1e-06}","{""detection_events"":635,""detectors_checked"":132126720}"
   1105920,         0,         0,   119.4,decoder_by_matrix,b84cf4b8ca220d31f17e1e2ea9ab927bbc4176b15682c650e7d1dd8f2758172b,"{""distance"":5,""physical_error_rate"":0.0005}","{""detection_events"":316195,""detectors_checked"":188006400}"
    929792,         0,         0,   119.7,decoder_by_matrix,9c6baee88fc81e7d1aa345fcb3feec7ee81f21c5d49cb6ca037118097d89e180,"{""distance"":5,""physical_error_rate"":5e-05}","{""detection_events"":26850,""detectors_checked"":158064640}"
   1233920,         0,         0,   119.6,decoder_by_matrix,9c6baee88fc81e7d1aa345fcb3feec7ee81f21c5d49cb6ca037118097d89e180,"{""distance"":5,""physical_error_rate"":5e-05}","{""detection_events"":35130,""detectors_checked"":209766400}"
   1031168,         0,         0,   119.2,decoder_by_matrix,0421d486f8a041838688df650e87c0a19c3450ab7a7cc8b3dc589ebff86d1c74,"{""distance"":5,""physical_error_rate"":0.0001}","{""detection_events"":59275,""detectors_checked"":175298560}"
   1217536,         0,         0,   119.5,decoder_by_matrix,3c866087b289edc25e9adea730044a15db18cabfd3ae2507fc844d5b4e03657a,"{""distance"":5,""physical_error_rate"":5e-06}","{""detection_events"":4085,""detectors_checked"":206981120}"
    830464,         0,         0,   119.7,decoder_by_matrix,e41ade2e4684e0396b9a3890c882b6453b515d69885aa1d89a26ce21ec554895,"{""distance"":5,""physical_error_rate"":1e-06}","{""detection_events"":530,""detectors_checked"":141178880}"
   1172480,         1,         0,   119.6,decoder_by_matrix,066a5d8d46981b593c3dec855f441edbe9e755a8873183448f69d036a2ecc650,"{""distance"":5,""physical_error_rate"":0.001}","{""detection_events"":663705,""detectors_checked"":199321600,""obs_mistake_mask=E___"":1}"
   1268736,         0,         0,   119.5,decoder_by_matrix,fa5edda0c1038186c8afbec49b0215a0b852396cdb50783a3f937fdf51d2afac,"{""distance"":5,""physical_error_rate"":1e-05}","{""detection_events"":7325,""detectors_checked"":215685120}"
   1065984,         0,         0,   119.6,decoder_by_matrix,9c6baee88fc81e7d1aa345fcb3feec7ee81f21c5d49cb6ca037118097d89e180,"{""distance"":5,""physical_error_rate"":5e-05}","{""detection_events"":31845,""detectors_checked"":181217280}"
   1137664,         1,         0,   119.3,decoder_by_matrix,b84cf4b8ca220d31f17e1e2ea9ab927bbc4176b15682c650e7d1dd8f2758172b,"{""distance"":5,""physical_error_rate"":0.0005}","{""detection_events"":320240,""detectors_checked"":193402880,""obs_mistake_mask=__E_"":1}"
   1317888,         0,         0,   119.3,decoder_by_matrix,fa5edda0c1038186c8afbec49b0215a0b852396cdb50783a3f937fdf51d2afac,"{""distance"":5,""physical_error_rate"":1e-05}","{""detection_events"":7560,""detectors_checked"":224040960}"
   1212416,         0,         0,   119.7,decoder_by_matrix,9c6baee88fc81e7d1aa345fcb3feec7ee81f21c5d49cb6ca037118097d89e180,"{""distance"":5,""physical_error_rate"":5e-05}","{""detection_events"":34710,""detectors_checked"":206110720}"
   1178624,         0,         0,   119.5,decoder_by_matrix,e41ade2e4684e0396b9a3890c882b6453b515d69885aa1d89a26ce21ec554895,"{""distance"":5,""physical_error_rate"":1e-06}","{""detection_events"":795,""detectors_checked"":200366080}"
   1169408,         0,         0,   119.5,decoder_by_matrix,0421d486f8a041838688df650e87c0a19c3450ab7a7cc8b3dc589ebff86d1c74,"{""distance"":5,""physical_error_rate"":0.0001}","{""detection_events"":66010,""detectors_checked"":198799360}"
   1243136,         0,         0,   119.4,decoder_by_matrix,3c866087b289edc25e9adea730044a15db18cabfd3ae2507fc844d5b4e03657a,"{""distance"":5,""physical_error_rate"":5e-06}","{""detection_events"":3935,""detectors_checked"":211333120}"
   1142784,         0,         0,   119.6,decoder_by_matrix,b84cf4b8ca220d31f17e1e2ea9ab927bbc4176b15682c650e7d1dd8f2758172b,"{""distance"":5,""physical_error_rate"":0.0005}","{""detection_events"":326925,""detectors_checked"":194273280}"
   1275904,         0,         0,   119.3,decoder_by_matrix,0421d486f8a041838688df650e87c0a19c3450ab7a7cc8b3dc589ebff86d1c74,"{""distance"":5,""physical_error_rate"":0.0001}","{""detection_events"":73020,""detectors_checked"":216903680}"
   1120256,         0,         0,   119.5,decoder_by_matrix,fa5edda0c1038186c8afbec49b0215a0b852396cdb50783a3f937fdf51d2afac,"{""distance"":5,""physical_error_rate"":1e-05}","{""detection_events"":6465,""detectors_checked"":190443520}"
   1057792,         0,         0,   119.6,decoder_by_matrix,9c6baee88fc81e7d1aa345fcb3feec7ee81f21c5d49cb6ca037118097d89e180,"{""distance"":5,""physical_error_rate"":5e-05}","{""detection_events"":29940,""detectors_checked"":179824640}"
   1180672,         3,         0,   119.6,decoder_by_matrix,066a5d8d46981b593c3dec855f441edbe9e755a8873183448f69d036a2ecc650,"{""distance"":5,""physical_error_rate"":0.001}","{""detection_events"":669970,""detectors_checked"":200714240,""obs_mistake_mask=E___"":1,""obs_mistake_mask=_E_E"":1,""obs_mistake_mask=__EE"":1}"
   1054720,         0,         0,   119.4,decoder_by_matrix,fa5edda0c1038186c8afbec49b0215a0b852396cdb50783a3f937fdf51d2afac,"{""distance"":5,""physical_error_rate"":1e-05}","{""detection_events"":5590,""detectors_checked"":179302400}"
   1189888,         0,         0,   119.7,decoder_by_matrix,fa5edda0c1038186c8afbec49b0215a0b852396cdb50783a3f937fdf51d2afac,"{""distance"":5,""physical_error_rate"":1e-05}","{""detection_events"":7160,""detectors_checked"":202280960}"
   1158144,         0,         0,   119.5,decoder_by_matrix,9c6baee88fc81e7d1aa345fcb3feec7ee81f21c5d49cb6ca037118097d89e180,"{""distance"":5,""physical_error_rate"":5e-05}","{""detection_events"":32780,""detectors_checked"":196884480}"
   1211392,         0,         0,   119.3,decoder_by_matrix,3c866087b289edc25e9adea730044a15db18cabfd3ae2507fc844d5b4e03657a,"{""distance"":5,""physical_error_rate"":5e-06}","{""detection_events"":3425,""detectors_checked"":205936640}"
   1063936,         4,         0,   119.3,decoder_by_matrix,066a5d8d46981b593c3dec855f441edbe9e755a8873183448f69d036a2ecc650,"{""distance"":5,""physical_error_rate"":0.001}","{""detection_events"":596575,""detectors_checked"":180869120,""obs_mistake_mask=E___"":1,""obs_mistake_mask=_EEE"":1,""obs_mistake_mask=_E__"":1,""obs_mistake_mask=___E"":1}"
   1019904,         0,         0,   119.5,decoder_by_matrix,b84cf4b8ca220d31f17e1e2ea9ab927bbc4176b15682c650e7d1dd8f2758172b,"{""distance"":5,""physical_error_rate"":0.0005}","{""detection_events"":290525,""detectors_checked"":173383680}"
   1034240,         0,         0,   119.5,decoder_by_matrix,e41ade2e4684e0396b9a3890c882b6453b515d69885aa1d89a26ce21ec554895,"{""distance"":5,""physical_error_rate"":1e-06}","{""detection_events"":540,""detectors_checked"":175820800}"
   1197056,         0,         0,   119.5,decoder_by_matrix,9c6baee88fc81e7d1aa345fcb3feec7ee81f21c5d49cb6ca037118097d89e180,"{""distance"":5,""physical_error_rate"":5e-05}","{""detection_events"":34115,""detectors_checked"":203499520}"
    927744,         0,         0,   119.8,decoder_by_matrix,0421d486f8a041838688df650e87c0a19c3450ab7a7cc8b3dc589ebff86d1c74,"{""distance"":5,""physical_error_rate"":0.0001}","{""detection_events"":53685,""detectors_checked"":157716480}"
   1091584,         0,         0,   119.5,decoder_by_matrix,3c866087b289edc25e9adea730044a15db18cabfd3ae2507fc844d5b4e03657a,"{""distance"":5,""physical_error_rate"":5e-06}","{""detection_events"":3395,""detectors_checked"":185569280}"
   1110016,         1,         0,   119.4,decoder_by_matrix,b84cf4b8ca220d31f17e1e2ea9ab927bbc4176b15682c650e7d1dd8f2758172b,"{""distance"":5,""physical_error_rate"":0.0005}","{""detection_events"":319750,""detectors_checked"":188702720,""obs_mistake_mask=EE__"":1}"
   1315840,         0,         0,   119.3,decoder_by_matrix,e41ade2e4684e0396b9a3890c882b6453b515d69885aa1d89a26ce21ec554895,"{""distance"":5,""physical_error_rate"":1e-06}","{""detection_events"":615,""detectors_checked"":223692800}"
   1104896,         0,         0,   119.5,decoder_by_matrix,fa5edda0c1038186c8afbec49b0215a0b852396cdb50783a3f937fdf51d2afac,"{""distance"":5,""physical_error_rate"":1e-05}","{""detection_events"":6435,""detectors_checked"":187832320}"
   1125376,         0,         0,   119.6,decoder_by_matrix,b84cf4b8ca220d31f17e1e2ea9ab927bbc4176b15682c650e7d1dd8f2758172b,"{""distance"":5,""physical_error_rate"":0.0005}","{""detection_events"":320560,""detectors_checked"":191313920}"
   1121280,         0,         0,   119.4,decoder_by_matrix,3c866087b289edc25e9adea730044a15db18cabfd3ae2507fc844d5b4e03657a,"{""distance"":5,""physical_error_rate"":5e-06}","{""detection_events"":3300,""detectors_checked"":190617600}"
   1102848,         0,         0,   119.6,decoder_by_matrix,3c866087b289edc25e9adea730044a15db18cabfd3ae2507fc844d5b4e03657a,"{""distance"":5,""physical_error_rate"":5e-06}","{""detection_events"":3185,""detectors_checked"":187484160}"
   1100800,         0,         0,   119.6,decoder_by_matrix,0421d486f8a041838688df650e87c0a19c3450ab7a7cc8b3dc589ebff86d1c74,"{""distance"":5,""physical_error_rate"":0.0001}","{""detection_events"":61065,""detectors_checked"":187136000}"
   1049600,         2,         0,   119.5,decoder_by_matrix,066a5d8d46981b593c3dec855f441edbe9e755a8873183448f69d036a2ecc650,"{""distance"":5,""physical_error_rate"":0.001}","{""detection_events"":598770,""detectors_checked"":178432000,""obs_mistake_mask=E_EE"":1,""obs_mistake_mask=_EEE"":1}"
   1163264,         0,         0,   119.5,decoder_by_matrix,3c866087b289edc25e9adea730044a15db18cabfd3ae2507fc844d5b4e03657a,"{""distance"":5,""physical_error_rate"":5e-06}","{""detection_events"":3070,""detectors_checked"":197754880}"
   1181696,         0,         0,   119.8,decoder_by_matrix,e41ade2e4684e0396b9a3890c882b6453b515d69885aa1d89a26ce21ec554895,"{""distance"":5,""physical_error_rate"":1e-06}","{""detection_events"":595,""detectors_checked"":200888320}"
    953344,         0,         0,   119.5,decoder_by_matrix,e41ade2e4684e0396b9a3890c882b6453b515d69885aa1d89a26ce21ec554895,"{""distance"":5,""physical_error_rate"":1e-06}","{""detection_events"":325,""detectors_checked"":162068480}"
   1099776,         1,         0,   119.8,decoder_by_matrix,066a5d8d46981b593c3dec855f441edbe9e755a8873183448f69d036a2ecc650,"{""distance"":5,""physical_error_rate"":0.001}","{""detection_events"":618995,""detectors_checked"":186961920,""obs_mistake_mask=___E"":1}"
    996352,         0,         0,   119.5,decoder_by_matrix,066a5d8d46981b593c3dec855f441edbe9e755a8873183448f69d036a2ecc650,"{""distance"":5,""physical_error_rate"":0.001}","{""detection_events"":563525,""detectors_checked"":169379840}"
   1128448,         0,         0,   119.5,decoder_by_matrix,fa5edda0c1038186c8afbec49b0215a0b852396cdb50783a3f937fdf51d2afac,"{""distance"":5,""physical_error_rate"":1e-05}","{""detection_events"":5975,""detectors_checked"":191836160}"
   1040384,         0,         0,   119.6,decoder_by_matrix,0421d486f8a041838688df650e87c0a19c3450ab7a7cc8b3dc589ebff86d1c74,"{""distance"":5,""physical_error_rate"":0.0001}","{""detection_events"":58405,""detectors_checked"":176865280}"
   1053696,         0,         0,   119.5,decoder_by_matrix,0421d486f8a041838688df650e87c0a19c3450ab7a7cc8b3dc589ebff86d1c74,"{""distance"":5,""physical_error_rate"":0.0001}","{""detection_events"":59410,""detectors_checked"":179128320}"
   1236992,         0,         0,   119.5,decoder_by_matrix,b84cf4b8ca220d31f17e1e2ea9ab927bbc4176b15682c650e7d1dd8f2758172b,"{""distance"":5,""physical_error_rate"":0.0005}","{""detection_events"":347335,""detectors_checked"":210288640}"
    990208,         0,         0,   119.5,decoder_by_matrix,e41ade2e4684e0396b9a3890c882b6453b515d69885aa1d89a26ce21ec554895,"{""distance"":5,""physical_error_rate"":1e-06}","{""detection_events"":485,""detectors_checked"":168335360}"
   1215488,         0,         0,   119.4,decoder_by_matrix,b84cf4b8ca220d31f17e1e2ea9ab927bbc4176b15682c650e7d1dd8f2758172b,"{""distance"":5,""physical_error_rate"":0.0005}","{""detection_events"":344570,""detectors_checked"":206632960}"
   1254400,         0,         0,   119.3,decoder_by_matrix,9c6baee88fc81e7d1aa345fcb3feec7ee81f21c5d49cb6ca037118097d89e180,"{""distance"":5,""physical_error_rate"":5e-05}","{""detection_events"":34205,""detectors_checked"":213248000}"
   1079296,         0,         0,   119.5,decoder_by_matrix,9c6baee88fc81e7d1aa345fcb3feec7ee81f21c5d49cb6ca037118097d89e180,"{""distance"":5,""physical_error_rate"":5e-05}","{""detection_events"":30390,""detectors_checked"":183480320}"
   1107968,         0,         0,   119.3,decoder_by_matrix,0421d486f8a041838688df650e87c0a19c3450ab7a7cc8b3dc589ebff86d1c74,"{""distance"":5,""physical_error_rate"":0.0001}","{""detection_events"":64945,""detectors_checked"":188354560}"
   1182720,         0,         0,   119.6,decoder_by_matrix,3c866087b289edc25e9adea730044a15db18cabfd3ae2507fc844d5b4e03657a,"{""distance"":5,""physical_error_rate"":5e-06}","{""detection_events"":3170,""detectors_checked"":201062400}"
   1058816,         0,         0,   119.5,decoder_by_matrix,e41ade2e4684e0396b9a3890c882b6453b515d69885aa1d89a26ce21ec554895,"{""distance"":5,""physical_error_rate"":1e-06}","{""detection_events"":565,""detectors_checked"":179998720}"
   1104896,         0,         0,   119.6,decoder_by_matrix,066a5d8d46981b593c3dec855f441edbe9e755a8873183448f69d036a2ecc650,"{""distance"":5,""physical_error_rate"":0.001}","{""detection_events"":630515,""detectors_checked"":187832320}"
   1169408,         0,         0,   119.5,decoder_by_matrix,fa5edda0c1038186c8afbec49b0215a0b852396cdb50783a3f937fdf51d2afac,"{""distance"":5,""physical_error_rate"":1e-05}","{""detection_events"":6450,""detectors_checked"":198799360}"
   1079296,         0,         0,   119.6,decoder_by_matrix,9c6baee88fc81e7d1aa345fcb3feec7ee81f21c5d49cb6ca037118097d89e180,"{""distance"":5,""physical_error_rate"":5e-05}","{""detection_events"":30720,""detectors_checked"":183480320}"
   1157120,         0,         0,   119.6,decoder_by_matrix,b84cf4b8ca220d31f17e1e2ea9ab927bbc4176b15682c650e7d1dd8f2758172b,"{""distance"":5,""physical_error_rate"":0.0005}","{""detection_events"":329215,""detectors_checked"":196710400}"
   1405952,         0,         0,   119.5,decoder_by_matrix,fa5edda0c1038186c8afbec49b0215a0b852396cdb50783a3f937fdf51d2afac,"{""distance"":5,""physical_error_rate"":1e-05}","{""detection_events"":8435,""detectors_checked"":239011840}"
   1170432,         0,         0,   119.5,decoder_by_matrix,9c6baee88fc81e7d1aa345fcb3feec7ee81f21c5d49cb6ca037118097d89e180,"{""distance"":5,""physical_error_rate"":5e-05}","{""detection_events"":33270,""detectors_checked"":198973440}"
    979968,         0,         0,   119.6,decoder_by_matrix,e41ade2e4684e0396b9a3890c882b6453b515d69885aa1d89a26ce21ec554895,"{""distance"":5,""physical_error_rate"":1e-06}","{""detection_events"":470,""detectors_checked"":166594560}"
   1129472,         0,         0,   119.4,decoder_by_matrix,0421d486f8a041838688df650e87c0a19c3450ab7a7cc8b3dc589ebff86d1c74,"{""distance"":5,""physical_error_rate"":0.0001}","{""detection_events"":64530,""detectors_checked"":192010240}"
   1205248,         2,         0,   119.4,decoder_by_matrix,b84cf4b8ca220d31f17e1e2ea9ab927bbc4176b15682c650e7d1dd8f2758172b,"{""distance"":5,""physical_error_rate"":0.0005}","{""detection_events"":347645,""detectors_checked"":204892160,""obs_mistake_mask=E___"":1,""obs_mistake_mask=__EE"":1}"
   1169408,         0,         0,   119.8,decoder_by_matrix,3c866087b289edc25e9adea730044a15db18cabfd3ae2507fc844d5b4e03657a,"{""distance"":5,""physical_error_rate"":5e-06}","{""detection_events"":3760,""detectors_checked"":198799360}"
   1170432,         0,         0,   119.6,decoder_by_matrix,0421d486f8a041838688df650e87c0a19c3450ab7a7cc8b3dc589ebff86d1c74,"{""distance"":5,""physical_error_rate"":0.0001}","{""detection_events"":68155,""detectors_checked"":198973440}"
   1067008,         0,         0,   119.5,decoder_by_matrix,fa5edda0c1038186c8afbec49b0215a0b852396cdb50783a3f937fdf51d2afac,"{""distance"":5,""physical_error_rate"":1e-05}","{""detection_events"":6465,""detectors_checked"":181391360}"
   1181696,         0,         0,   119.6,decoder_by_matrix,9c6baee88fc81e7d1aa345fcb3feec7ee81f21c5d49cb6ca037118097d89e180,"{""distance"":5,""physical_error_rate"":5e-05}","{""detection_events"":32015,""detectors_checked"":200888320}"
   1037312,         2,         0,   119.6,decoder_by_matrix,066a5d8d46981b593c3dec855f441edbe9e755a8873183448f69d036a2ecc650,"{""distance"":5,""physical_error_rate"":0.001}","{""detection_events"":594585,""detectors_checked"":176343040,""obs_mistake_mask=E___"":1,""obs_mistake_mask=___E"":1}"
   1102848,         0,         0,   119.5,decoder_by_matrix,fa5edda0c1038186c8afbec49b0215a0b852396cdb50783a3f937fdf51d2afac,"{""distance"":5,""physical_error_rate"":1e-05}","{""detection_events"":6255,""detectors_checked"":187484160}"
   1396736,         0,         0,   119.7,decoder_by_matrix,fa5edda0c1038186c8afbec49b0215a0b852396cdb50783a3f937fdf51d2afac,"{""distance"":5,""physical_error_rate"":1e-05}","{""detection_events"":8155,""detectors_checked"":237445120}"
   1083392,         0,         0,   119.6,decoder_by_matrix,3c866087b289edc25e9adea730044a15db18cabfd3ae2507fc844d5b4e03657a,"{""distance"":5,""physical_error_rate"":5e-06}","{""detection_events"":3315,""detectors_checked"":184176640}"
   1257472,         0,         0,   119.5,decoder_by_matrix,9c6baee88fc81e7d1aa345fcb3feec7ee81f21c5d49cb6ca037118097d89e180,"{""distance"":5,""physical_error_rate"":5e-05}","{""detection_events"":33745,""detectors_checked"":213770240}"
   1240064,         2,         0,   119.6,decoder_by_matrix,066a5d8d46981b593c3dec855f441edbe9e755a8873183448f69d036a2ecc650,"{""distance"":5,""physical_error_rate"":0.001}","{""detection_events"":699105,""detectors_checked"":210810880,""obs_mistake_mask=_E__"":1,""obs_mistake_mask=__E_"":1}"
    948224,         0,         0,   119.7,decoder_by_matrix,b84cf4b8ca220d31f17e1e2ea9ab927bbc4176b15682c650e7d1dd8f2758172b,"{""distance"":5,""physical_error_rate"":0.0005}","{""detection_events"":266415,""detectors_checked"":161198080}"
   1275904,         0,         0,   119.8,decoder_by_matrix,e41ade2e4684e0396b9a3890c882b6453b515d69885aa1d89a26ce21ec554895,"{""distance"":5,""physical_error_rate"":1e-06}","{""detection_events"":640,""detectors_checked"":216903680}"
   1164288,         0,         0,   119.7,decoder_by_matrix,9c6baee88fc81e7d1aa345fcb3feec7ee81f21c5d49cb6ca037118097d89e180,"{""distance"":5,""physical_error_rate"":5e-05}","{""detection_events"":34215,""detectors_checked"":197928960}"
   1085440,         0,         0,   119.4,decoder_by_matrix,0421d486f8a041838688df650e87c0a19c3450ab7a7cc8b3dc589ebff86d1c74,"{""distance"":5,""physical_error_rate"":0.0001}","{""detection_events"":62685,""detectors_checked"":184524800}"
   1225728,         0,         0,   119.6,decoder_by_matrix,3c866087b289edc25e9adea730044a15db18cabfd3ae2507fc844d5b4e03657a,"{""distance"":5,""physical_error_rate"":5e-06}","{""detection_events"":3860,""detectors_checked"":208373760}"
   1073152,         0,         0,   119.5,decoder_by_matrix,b84cf4b8ca220d31f17e1e2ea9ab927bbc4176b15682c650e7d1dd8f2758172b,"{""distance"":5,""physical_error_rate"":0.0005}","{""detection_events"":302545,""detectors_checked"":182435840}"
   1036288,         0,         0,   119.4,decoder_by_matrix,e41ade2e4684e0396b9a3890c882b6453b515d69885aa1d89a26ce21ec554895,"{""distance"":5,""physical_error_rate"":1e-06}","{""detection_events"":480,""detectors_checked"":176168960}"
   1202176,         0,         0,   119.6,decoder_by_matrix,fa5edda0c1038186c8afbec49b0215a0b852396cdb50783a3f937fdf51d2afac,"{""distance"":5,""physical_error_rate"":1e-05}","{""detection_events"":7400,""detectors_checked"":204369920}"
   1216512,         0,         0,   119.7,decoder_by_matrix,b84cf4b8ca220d31f17e1e2ea9ab927bbc4176b15682c650e7d1dd8f2758172b,"{""distance"":5,""physical_error_rate"":0.0005}","{""detection_events"":349370,""detectors_checked"":206807040}"
   1273856,         0,         0,   119.5,decoder_by_matrix,3c866087b289edc25e9adea730044a15db18cabfd3ae2507fc844d5b4e03657a,"{""distance"":5,""physical_error_rate"":5e-06}","{""detection_events"":3085,""detectors_checked"":216555520}"
   1181696,         0,         0,   119.6,decoder_by_matrix,3c866087b289edc25e9adea730044a15db18cabfd3ae2507fc844d5b4e03657a,"{""distance"":5,""physical_error_rate"":5e-06}","{""detection_events"":3055,""detectors_checked"":200888320}"
   1030144,         0,         0,   119.6,decoder_by_matrix,0421d486f8a041838688df650e87c0a19c3450ab7a7cc8b3dc589ebff86d1c74,"{""distance"":5,""physical_error_rate"":0.0001}","{""detection_events"":59160,""detectors_checked"":175124480}"
   1179648,         2,         0,   119.8,decoder_by_matrix,066a5d8d46981b593c3dec855f441edbe9e755a8873183448f69d036a2ecc650,"{""distance"":5,""physical_error_rate"":0.001}","{""detection_events"":673145,""detectors_checked"":200540160,""obs_mistake_mask=EE_E"":1,""obs_mistake_mask=E___"":1}"
   1069056,         0,         0,   119.5,decoder_by_matrix,3c866087b289edc25e9adea730044a15db18cabfd3ae2507fc844d5b4e03657a,"{""distance"":5,""physical_error_rate"":5e-06}","{""detection_events"":2630,""detectors_checked"":181739520}"
    968704,         0,         0,   119.6,decoder_by_matrix,e41ade2e4684e0396b9a3890c882b6453b515d69885aa1d89a26ce21ec554895,"{""distance"":5,""physical_error_rate"":1e-06}","{""detection_events"":650,""detectors_checked"":164679680}"
    996352,         0,         0,   119.5,decoder_by_matrix,066a5d8d46981b593c3dec855f441edbe9e755a8873183448f69d036a2ecc650,"{""distance"":5,""physical_error_rate"":0.001}","{""detection_events"":564645,""detectors_checked"":169379840}"
    872448,         0,         0,   119.8,decoder_by_matrix,e41ade2e4684e0396b9a3890c882b6453b515d69885aa1d89a26ce21ec554895,"{""distance"":5,""physical_error_rate"":1e-06}","{""detection_events"":370,""detectors_checked"":148316160}"
   1055744,         5,         0,   119.6,decoder_by_matrix,066a5d8d46981b593c3dec855f441edbe9e755a8873183448f69d036a2ecc650,"{""distance"":5,""physical_error_rate"":0.001}","{""detection_events"":604100,""detectors_checked"":179476480,""obs_mistake_mask=EEE_"":1,""obs_mistake_mask=EE_E"":1,""obs_mistake_mask=E__E"":1,""obs_mistake_mask=E___"":1,""obs_mistake_mask=__EE"":1}"
   1174528,         0,         0,   119.5,decoder_by_matrix,fa5edda0c1038186c8afbec49b0215a0b852396cdb50783a3f937fdf51d2afac,"{""distance"":5,""physical_error_rate"":1e-05}","{""detection_events"":6310,""detectors_checked"":199669760}"
   1079296,         0,         0,   119.5,decoder_by_matrix,0421d486f8a041838688df650e87c0a19c3450ab7a7cc8b3dc589ebff86d1c74,"{""distance"":5,""physical_error_rate"":0.0001}","{""detection_events"":61815,""detectors_checked"":183480320}"
   1134592,         0,         0,   119.6,decoder_by_matrix,0421d486f8a041838688df650e87c0a19c3450ab7a7cc8b3dc589ebff86d1c74,"{""distance"":5,""physical_error_rate"":0.0001}","{""detection_events"":63460,""detectors_checked"":192880640}"
   1089536,         0,         0,   119.7,decoder_by_matrix,b84cf4b8ca220d31f17e1e2ea9ab927bbc4176b15682c650e7d1dd8f2758172b,"{""distance"":5,""physical_error_rate"":0.0005}","{""detection_events"":305855,""detectors_checked"":185221120}"
   1057792,         0,         0,   119.5,decoder_by_matrix,e41ade2e4684e0396b9a3890c882b6453b515d69885aa1d89a26ce21ec554895,"{""distance"":5,""physical_error_rate"":1e-06}","{""detection_events"":500,""detectors_checked"":179824640}"
   1160192,         0,         0,   119.5,decoder_by_matrix,b84cf4b8ca220d31f17e1e2ea9ab927bbc4176b15682c650e7d1dd8f2758172b,"{""distance"":5,""physical_error_rate"":0.0005}","{""detection_events"":333150,""detectors_checked"":197232640}"
   1092608,         0,         0,   119.6,decoder_by_matrix,9c6baee88fc81e7d1aa345fcb3feec7ee81f21c5d49cb6ca037118097d89e180,"{""distance"":5,""physical_error_rate"":5e-05}","{""detection_events"":30125,""detectors_checked"":185743360}"
   1189888,         0,         0,   119.4,decoder_by_matrix,9c6baee88fc81e7d1aa345fcb3feec7ee81f21c5d49cb6ca037118097d89e180,"{""distance"":5,""physical_error_rate"":5e-05}","{""detection_events"":33610,""detectors_checked"":202280960}"
    912384,         0,         0,   119.5,decoder_by_matrix,0421d486f8a041838688df650e87c0a19c3450ab7a7cc8b3dc589ebff86d1c74,"{""distance"":5,""physical_error_rate"":0.0001}","{""detection_events"":52155,""detectors_checked"":155105280}"
   1167360,         0,         0,   119.5,decoder_by_matrix,3c866087b289edc25e9adea730044a15db18cabfd3ae2507fc844d5b4e03657a,"{""distance"":5,""physical_error_rate"":5e-06}","{""detection_events"":3450,""detectors_checked"":198451200}"
   1027072,         0,         0,   119.7,decoder_by_matrix,e41ade2e4684e0396b9a3890c882b6453b515d69885aa1d89a26ce21ec554895,"{""distance"":5,""physical_error_rate"":1e-06}","{""detection_events"":640,""detectors_checked"":174602240}"
   1267712,         1,         0,   119.5,decoder_by_matrix,066a5d8d46981b593c3dec855f441edbe9e755a8873183448f69d036a2ecc650,"{""distance"":5,""physical_error_rate"":0.001}","{""detection_events"":717615,""detectors_checked"":215511040,""obs_mistake_mask=E_E_"":1}"
    989184,         0,         0,   119.6,decoder_by_matrix,fa5edda0c1038186c8afbec49b0215a0b852396cdb50783a3f937fdf51d2afac,"{""distance"":5,""physical_error_rate"":1e-05}","{""detection_events"":5750,""detectors_checked"":168161280}"
   1079296,         0,         0,   119.6,decoder_by_matrix,9c6baee88fc81e7d1aa345fcb3feec7ee81f21c5d49cb6ca037118097d89e180,"{""distance"":5,""physical_error_rate"":5e-05}","{""detection_events"":30285,""detectors_checked"":183480320}"
    963584,         0,         0,   119.7,decoder_by_matrix,b84cf4b8ca220d31f17e1e2ea9ab927bbc4176b15682c650e7d1dd8f2758172b,"{""distance"":5,""physical_error_rate"":0.0005}","{""detection_events"":273230,""detectors_checked"":163809280}"
   1252352,         0,         0,   119.6,decoder_by_matrix,fa5edda0c1038186c8afbec49b0215a0b852396cdb50783a3f937fdf51d2afac,"{""distance"":5,""physical_error_rate"":1e-05}","{""detection_events"":7460,""detectors_checked"":212899840}"
   1179648,         0,         0,   119.5,decoder_by_matrix,9c6baee88fc81e7d1aa345fcb3feec7ee81f21c5d49cb6ca037118097d89e180,"{""distance"":5,""physical_error_rate"":5e-05}","{""detection_events"":35565,""detectors_checked"":200540160}"
   1088512,         0,         0,   119.5,decoder_by_matrix,e41ade2e4684e0396b9a3890c882b6453b515d69885aa1d89a26ce21ec554895,"{""distance"":5,""physical_error_rate"":1e-06}","{""detection_events"":705,""detectors_checked"":185047040}"
   1103872,         0,         0,   119.6,decoder_by_matrix,0421d486f8a041838688df650e87c0a19c3450ab7a7cc8b3dc589ebff86d1c74,"{""distance"":5,""physical_error_rate"":0.0001}","{""detection_events"":62785,""detectors_checked"":187658240}"
    755712,         1,         0,   119.6,decoder_by_matrix,b84cf4b8ca220d31f17e1e2ea9ab927bbc4176b15682c650e7d1dd8f2758172b,"{""distance"":5,""physical_error_rate"":0.0005}","{""detection_events"":215105,""detectors_checked"":128471040,""obs_mistake_mask=E___"":1}"
   1276928,         0,         0,   119.4,decoder_by_matrix,3c866087b289edc25e9adea730044a15db18cabfd3ae2507fc844d5b4e03657a,"{""distance"":5,""physical_error_rate"":5e-06}","{""detection_events"":3295,""detectors_checked"":217077760}"
   1273856,         0,         0,   119.6,decoder_by_matrix,0421d486f8a041838688df650e87c0a19c3450ab7a7cc8b3dc589ebff86d1c74,"{""distance"":5,""physical_error_rate"":0.0001}","{""detection_events"":72995,""detectors_checked"":216555520}"
   1309696,         0,         0,   119.5,decoder_by_matrix,fa5edda0c1038186c8afbec49b0215a0b852396cdb50783a3f937fdf51d2afac,"{""distance"":5,""physical_error_rate"":1e-05}","{""detection_events"":7610,""detectors_checked"":222648320}"
   1175552,         0,         0,   119.7,decoder_by_matrix,9c6baee88fc81e7d1aa345fcb3feec7ee81f21c5d49cb6ca037118097d89e180,"{""distance"":5,""physical_error_rate"":5e-05}","{""detection_events"":33660,""detectors_checked"":199843840}"
   1133568,         4,         0,   119.3,decoder_by_matrix,066a5d8d46981b593c3dec855f441edbe9e755a8873183448f69d036a2ecc650,"{""distance"":5,""physical_error_rate"":0.001}","{""detection_events"":649310,""detectors_checked"":192706560,""obs_mistake_mask=EE__"":1,""obs_mistake_mask=E___"":1,""obs_mistake_mask=_EEE"":1,""obs_mistake_mask=_E__"":1}"
    806912,         0,         0,   119.7,decoder_by_matrix,fa5edda0c1038186c8afbec49b0215a0b852396cdb50783a3f937fdf51d2afac,"{""distance"":5,""physical_error_rate"":1e-05}","{""detection_events"":4695,""detectors_checked"":137175040}"
   1257472,         0,         0,   119.6,decoder_by_matrix,fa5edda0c1038186c8afbec49b0215a0b852396cdb50783a3f937fdf51d2afac,"{""distance"":5,""physical_error_rate"":1e-05}","{""detection_events"":7315,""detectors_checked"":213770240}"
   1346560,         0,         0,   119.3,decoder_by_matrix,3c866087b289edc25e9adea730044a15db18cabfd3ae2507fc844d5b4e03657a,"{""distance"":5,""physical_error_rate"":5e-06}","{""detection_events"":4145,""detectors_checked"":228915200}"
   1241088,         0,         0,   119.6,decoder_by_matrix,9c6baee88fc81e7d1aa345fcb3feec7ee81f21c5d49cb6ca037118097d89e180,"{""distance"":5,""physical_error_rate"":5e-05}","{""detection_events"":35515,""detectors_checked"":210984960}"
   1078272,         0,         0,   119.6,decoder_by_matrix,b84cf4b8ca220d31f17e1e2ea9ab927bbc4176b15682c650e7d1dd8f2758172b,"{""distance"":5,""physical_error_rate"":0.0005}","{""detection_events"":304995,""detectors_checked"":183306240}"
   1246208,         2,         0,   119.5,decoder_by_matrix,066a5d8d46981b593c3dec855f441edbe9e755a8873183448f69d036a2ecc650,"{""distance"":5,""physical_error_rate"":0.001}","{""detection_events"":699575,""detectors_checked"":211855360,""obs_mistake_mask=E___"":2}"
   1270784,         0,         0,   119.5,decoder_by_matrix,e41ade2e4684e0396b9a3890c882b6453b515d69885aa1d89a26ce21ec554895,"{""distance"":5,""physical_error_rate"":1e-06}","{""detection_events"":770,""detectors_checked"":216033280}"
   1219584,         0,         0,   119.6,decoder_by_matrix,0421d486f8a041838688df650e87c0a19c3450ab7a7cc8b3dc589ebff86d1c74,"{""distance"":5,""physical_error_rate"":0.0001}","{""detection_events"":69505,""detectors_checked"":207329280}"
   1223680,         0,         0,   119.5,decoder_by_matrix,9c6baee88fc81e7d1aa345fcb3feec7ee81f21c5d49cb6ca037118097d89e180,"{""distance"":5,""physical_error_rate"":5e-05}","{""detection_events"":36395,""detectors_checked"":208025600}"
   1305600,         0,         0,   119.4,decoder_by_matrix,3c866087b289edc25e9adea730044a15db18cabfd3ae2507fc844d5b4e03657a,"{""distance"":5,""physical_error_rate"":5e-06}","{""detection_events"":3525,""detectors_checked"":221952000}"
   1079296,         0,         0,   119.6,decoder_by_matrix,b84cf4b8ca220d31f17e1e2ea9ab927bbc4176b15682c650e7d1dd8f2758172b,"{""distance"":5,""physical_error_rate"":0.0005}","{""detection_events"":304905,""detectors_checked"":183480320}"
   1342464,         0,         0,   119.5,decoder_by_matrix,e41ade2e4684e0396b9a3890c882b6453b515d69885aa1d89a26ce21ec554895,"{""distance"":5,""physical_error_rate"":1e-06}","{""detection_events"":735,""detectors_checked"":228218880}"
   1310720,         0,         0,   119.4,decoder_by_matrix,fa5edda0c1038186c8afbec49b0215a0b852396cdb50783a3f937fdf51d2afac,"{""distance"":5,""physical_error_rate"":1e-05}","{""detection_events"":7690,""detectors_checked"":222822400}"
   1057792,         0,         0,   119.6,decoder_by_matrix,b84cf4b8ca220d31f17e1e2ea9ab927bbc4176b15682c650e7d1dd8f2758172b,"{""distance"":5,""physical_error_rate"":0.0005}","{""detection_events"":302205,""detectors_checked"":179824640}"
   1076224,         0,         0,   119.6,decoder_by_matrix,3c866087b289edc25e9adea730044a15db18cabfd3ae2507fc844d5b4e03657a,"{""distance"":5,""physical_error_rate"":5e-06}","{""detection_events"":3355,""detectors_checked"":182958080}"
    748544,         0,         0,   119.6,decoder_by_matrix,3c866087b289edc25e9adea730044a15db18cabfd3ae2507fc844d5b4e03657a,"{""distance"":5,""physical_error_rate"":5e-06}","{""detection_events"":2440,""detectors_checked"":127252480}"
   1225728,         0,         0,   119.6,decoder_by_matrix,0421d486f8a041838688df650e87c0a19c3450ab7a7cc8b3dc589ebff86d1c74,"{""distance"":5,""physical_error_rate"":0.0001}","{""detection_events"":69205,""detectors_checked"":208373760}"
   1130496,         1,         0,   119.4,decoder_by_matrix,066a5d8d46981b593c3dec855f441edbe9e755a8873183448f69d036a2ecc650,"{""distance"":5,""physical_error_rate"":0.001}","{""detection_events"":639890,""detectors_checked"":192184320,""obs_mistake_mask=__EE"":1}"
   1225728,         0,         0,   119.7,decoder_by_matrix,3c866087b289edc25e9adea730044a15db18cabfd3ae2507fc844d5b4e03657a,"{""distance"":5,""physical_error_rate"":5e-06}","{""detection_events"":3795,""detectors_checked"":208373760}"
   1250304,         0,         0,   119.5,decoder_by_matrix,066a5d8d46981b593c3dec855f441edbe9e755a8873183448f69d036a2ecc650,"{""distance"":5,""physical_error_rate"":0.001}","{""detection_events"":710160,""detectors_checked"":212551680}"
   1189888,         0,         0,   119.6,decoder_by_matrix,e41ade2e4684e0396b9a3890c882b6453b515d69885aa1d89a26ce21ec554895,"{""distance"":5,""physical_error_rate"":1e-06}","{""detection_events"":495,""detectors_checked"":202280960}"
   1168384,         0,         0,   119.5,decoder_by_matrix,e41ade2e4684e0396b9a3890c882b6453b515d69885aa1d89a26ce21ec554895,"{""distance"":5,""physical_error_rate"":1e-06}","{""detection_events"":915,""detectors_checked"":198625280}"
   1205248,         0,         0,   119.5,decoder_by_matrix,fa5edda0c1038186c8afbec49b0215a0b852396cdb50783a3f937fdf51d2afac,"{""distance"":5,""physical_error_rate"":1e-05}","{""detection_events"":7155,""detectors_checked"":204892160}"
    707584,         0,         0,   119.5,decoder_by_matrix,066a5d8d46981b593c3dec855f441edbe9e755a8873183448f69d036a2ecc650,"{""distance"":5,""physical_error_rate"":0.001}","{""detection_events"":403020,""detectors_checked"":120289280}"
   1019904,         0,         0,   119.5,decoder_by_matrix,0421d486f8a041838688df650e87c0a19c3450ab7a7cc8b3dc589ebff86d1c74,"{""distance"":5,""physical_error_rate"":0.0001}","{""detection_events"":58865,""detectors_checked"":173383680}"
    711680,         0,         0,   119.1,decoder_by_matrix,0421d486f8a041838688df650e87c0a19c3450ab7a7cc8b3dc589ebff86d1c74,"{""distance"":5,""physical_error_rate"":0.0001}","{""detection_events"":41720,""detectors_checked"":120985600}"
    869376,         0,         0,   119.4,decoder_by_matrix,b84cf4b8ca220d31f17e1e2ea9ab927bbc4176b15682c650e7d1dd8f2758172b,"{""distance"":5,""physical_error_rate"":0.0005}","{""detection_events"":247050,""detectors_checked"":147793920}"
   1086464,         0,         0,   119.5,decoder_by_matrix,e41ade2e4684e0396b9a3890c882b6453b515d69885aa1d89a26ce21ec554895,"{""distance"":5,""physical_error_rate"":1e-06}","{""detection_events"":495,""detectors_checked"":184698880}"
   1153024,         0,         0,   119.6,decoder_by_matrix,b84cf4b8ca220d31f17e1e2ea9ab927bbc4176b15682c650e7d1dd8f2758172b,"{""distance"":5,""physical_error_rate"":0.0005}","{""detection_events"":327400,""detectors_checked"":196014080}"
   1158144,         0,         0,   119.5,decoder_by_matrix,9c6baee88fc81e7d1aa345fcb3feec7ee81f21c5d49cb6ca037118097d89e180,"{""distance"":5,""physical_error_rate"":5e-05}","{""detection_events"":32055,""detectors_checked"":196884480}"
    829440,         0,         0,   119.4,decoder_by_matrix,9c6baee88fc81e7d1aa345fcb3feec7ee81f21c5d49cb6ca037118097d89e180,"{""distance"":5,""physical_error_rate"":5e-05}","{""detection_events"":23345,""detectors_checked"":141004800}"
   1005568,         0,         0,   119.6,decoder_by_matrix,0421d486f8a041838688df650e87c0a19c3450ab7a7cc8b3dc589ebff86d1c74,"{""distance"":5,""physical_error_rate"":0.0001}","{""detection_events"":56560,""detectors_checked"":170946560}"
   1255424,         0,         0,   119.6,decoder_by_matrix,3c866087b289edc25e9adea730044a15db18cabfd3ae2507fc844d5b4e03657a,"{""distance"":5,""physical_error_rate"":5e-06}","{""detection_events"":3565,""detectors_checked"":213422080}"
    738304,         0,         0,   119.7,decoder_by_matrix,e41ade2e4684e0396b9a3890c882b6453b515d69885aa1d89a26ce21ec554895,"{""distance"":5,""physical_error_rate"":1e-06}","{""detection_events"":240,""detectors_checked"":125511680}"
   1102848,         3,         0,   119.6,decoder_by_matrix,066a5d8d46981b593c3dec855f441edbe9e755a8873183448f69d036a2ecc650,"{""distance"":5,""physical_error_rate"":0.001}","{""detection_events"":625865,""detectors_checked"":187484160,""obs_mistake_mask=E___"":1,""obs_mistake_mask=__EE"":1,""obs_mistake_mask=__E_"":1}"
   1229824,         0,         0,   119.4,decoder_by_matrix,fa5edda0c1038186c8afbec49b0215a0b852396cdb50783a3f937fdf51d2afac,"{""distance"":5,""physical_error_rate"":1e-05}","{""detection_events"":7915,""detectors_checked"":209070080}"
   1233920,         0,         0,   119.5,decoder_by_matrix,9c6baee88fc81e7d1aa345fcb3feec7ee81f21c5d49cb6ca037118097d89e180,"{""distance"":5,""physical_error_rate"":5e-05}","{""detection_events"":33180,""detectors_checked"":209766400}"
   1150976,         0,         0,   119.6,decoder_by_matrix,b84cf4b8ca220d31f17e1e2ea9ab927bbc4176b15682c650e7d1dd8f2758172b,"{""distance"":5,""physical_error_rate"":0.0005}","{""detection_events"":325175,""detectors_checked"":195665920}"
   1259520,         0,         0,   119.5,decoder_by_matrix,fa5edda0c1038186c8afbec49b0215a0b852396cdb50783a3f937fdf51d2afac,"{""distance"":5,""physical_error_rate"":1e-05}","{""detection_events"":6540,""detectors_checked"":214118400}"
   1104896,         0,         0,   119.6,decoder_by_matrix,9c6baee88fc81e7d1aa345fcb3feec7ee81f21c5d49cb6ca037118097d89e180,"{""distance"":5,""physical_error_rate"":5e-05}","{""detection_events"":31045,""detectors_checked"":187832320}"
   1123328,         0,         0,   119.6,decoder_by_matrix,e41ade2e4684e0396b9a3890c882b6453b515d69885aa1d89a26ce21ec554895,"{""distance"":5,""physical_error_rate"":1e-06}","{""detection_events"":600,""detectors_checked"":190965760}"
    876544,         0,         0,   119.6,decoder_by_matrix,0421d486f8a041838688df650e87c0a19c3450ab7a7cc8b3dc589ebff86d1c74,"{""distance"":5,""physical_error_rate"":0.0001}","{""detection_events"":52975,""detectors_checked"":149012480}"
   1327104,         0,         0,   119.5,decoder_by_matrix,3c866087b289edc25e9adea730044a15db18cabfd3ae2507fc844d5b4e03657a,"{""distance"":5,""physical_error_rate"":5e-06}","{""detection_events"":4270,""detectors_checked"":225607680}"
    738304,         0,         0,   119.4,decoder_by_matrix,b84cf4b8ca220d31f17e1e2ea9ab927bbc4176b15682c650e7d1dd8f2758172b,"{""distance"":5,""physical_error_rate"":0.0005}","{""detection_events"":206595,""detectors_checked"":125511680}"
   1252352,         0,         0,   119.5,decoder_by_matrix,0421d486f8a041838688df650e87c0a19c3450ab7a7cc8b3dc589ebff86d1c74,"{""distance"":5,""physical_error_rate"":0.0001}","{""detection_events"":70625,""detectors_checked"":212899840}"
   1333248,         0,         0,   119.4,decoder_by_matrix,fa5edda0c1038186c8afbec49b0215a0b852396cdb50783a3f937fdf51d2afac,"{""distance"":5,""physical_error_rate"":1e-05}","{""detection_events"":7155,""detectors_checked"":226652160}"
   1240064,         0,         0,   119.4,decoder_by_matrix,9c6baee88fc81e7d1aa345fcb3feec7ee81f21c5d49cb6ca037118097d89e180,"{""distance"":5,""physical_error_rate"":5e-05}","{""detection_events"":33550,""detectors_checked"":210810880}"
   1053696,         1,         0,   119.7,decoder_by_matrix,066a5d8d46981b593c3dec855f441edbe9e755a8873183448f69d036a2ecc650,"{""distance"":5,""physical_error_rate"":0.001}","{""detection_events"":590170,""detectors_checked"":179128320,""obs_mistake_mask=__EE"":1}"
    826368,         0,         0,   119.7,decoder_by_matrix,fa5edda0c1038186c8afbec49b0215a0b852396cdb50783a3f937fdf51d2afac,"{""distance"":5,""physical_error_rate"":1e-05}","{""detection_events"":5160,""detectors_checked"":140482560}"
   1225728,         0,         0,   119.6,decoder_by_matrix,fa5edda0c1038186c8afbec49b0215a0b852396cdb50783a3f937fdf51d2afac,"{""distance"":5,""physical_error_rate"":1e-05}","{""detection_events"":6835,""detectors_checked"":208373760}"
   1352704,         0,         0,   119.6,decoder_by_matrix,3c866087b289edc25e9adea730044a15db18cabfd3ae2507fc844d5b4e03657a,"{""distance"":5,""physical_error_rate"":5e-06}","{""detection_events"":4345,""detectors_checked"":229959680}"
   1187840,         0,         0,   119.5,decoder_by_matrix,9c6baee88fc81e7d1aa345fcb3feec7ee81f21c5d49cb6ca037118097d89e180,"{""distance"":5,""physical_error_rate"":5e-05}","{""detection_events"":33430,""detectors_checked"":201932800}"
   1122304,         0,         0,   119.6,decoder_by_matrix,b84cf4b8ca220d31f17e1e2ea9ab927bbc4176b15682c650e7d1dd8f2758172b,"{""distance"":5,""physical_error_rate"":0.0005}","{""detection_events"":319675,""detectors_checked"":190791680}"
   1191936,         1,         0,   119.5,decoder_by_matrix,066a5d8d46981b593c3dec855f441edbe9e755a8873183448f69d036a2ecc650,"{""distance"":5,""physical_error_rate"":0.001}","{""detection_events"":682295,""detectors_checked"":202629120,""obs_mistake_mask=EE__"":1}"
   1301504,         0,         0,   119.4,decoder_by_matrix,9c6baee88fc81e7d1aa345fcb3feec7ee81f21c5d49cb6ca037118097d89e180,"{""distance"":5,""physical_error_rate"":5e-05}","{""detection_events"":37035,""detectors_checked"":221255680}"
   1332224,         0,         0,   119.5,decoder_by_matrix,e41ade2e4684e0396b9a3890c882b6453b515d69885aa1d89a26ce21ec554895,"{""distance"":5,""physical_error_rate"":1e-06}","{""detection_events"":595,""detectors_checked"":226478080}"
   1282048,         0,         0,   119.5,decoder_by_matrix,0421d486f8a041838688df650e87c0a19c3450ab7a7cc8b3dc589ebff86d1c74,"{""distance"":5,""physical_error_rate"":0.0001}","{""detection_events"":72655,""detectors_checked"":217948160}"
   1227776,         0,         0,   119.5,decoder_by_matrix,3c866087b289edc25e9adea730044a15db18cabfd3ae2507fc844d5b4e03657a,"{""distance"":5,""physical_error_rate"":5e-06}","{""detection_events"":3105,""detectors_checked"":208721920}"
   1055744,         1,         0,   119.6,decoder_by_matrix,b84cf4b8ca220d31f17e1e2ea9ab927bbc4176b15682c650e7d1dd8f2758172b,"{""distance"":5,""physical_error_rate"":0.0005}","{""detection_events"":297965,""detectors_checked"":179476480,""obs_mistake_mask=E___"":1}"
   1317888,         0,         0,   119.6,decoder_by_matrix,e41ade2e4684e0396b9a3890c882b6453b515d69885aa1d89a26ce21ec554895,"{""distance"":5,""physical_error_rate"":1e-06}","{""detection_events"":695,""detectors_checked"":224040960}"
    762880,         0,         0,   119.7,decoder_by_matrix,fa5edda0c1038186c8afbec49b0215a0b852396cdb50783a3f937fdf51d2afac,"{""distance"":5,""physical_error_rate"":1e-05}","{""detection_events"":4440,""detectors_checked"":129689600}"
    709632,         0,         0,   119.7,decoder_by_matrix,b84cf4b8ca220d31f17e1e2ea9ab927bbc4176b15682c650e7d1dd8f2758172b,"{""distance"":5,""physical_error_rate"":0.0005}","{""detection_events"":199310,""detectors_checked"":120637440}"
   1132544,         0,         0,   119.5,decoder_by_matrix,3c866087b289edc25e9adea730044a15db18cabfd3ae2507fc844d5b4e03657a,"{""distance"":5,""physical_error_rate"":5e-06}","{""detection_events"":3330,""detectors_checked"":192532480}"
    763904,         0,         0,   119.7,decoder_by_matrix,3c866087b289edc25e9adea730044a15db18cabfd3ae2507fc844d5b4e03657a,"{""distance"":5,""physical_error_rate"":5e-06}","{""detection_events"":2130,""detectors_checked"":129863680}"
   1213440,         0,         0,   119.7,decoder_by_matrix,0421d486f8a041838688df650e87c0a19c3450ab7a7cc8b3dc589ebff86d1c74,"{""distance"":5,""physical_error_rate"":0.0001}","{""detection_events"":68765,""detectors_checked"":206284800}"
   1139712,         3,         0,   119.5,decoder_by_matrix,066a5d8d46981b593c3dec855f441edbe9e755a8873183448f69d036a2ecc650,"{""distance"":5,""physical_error_rate"":0.001}","{""detection_events"":644880,""detectors_checked"":193751040,""obs_mistake_mask=EE_E"":1,""obs_mistake_mask=E__E"":1,""obs_mistake_mask=__EE"":1}"
   1258496,         0,         0,   119.6,decoder_by_matrix,3c866087b289edc25e9adea730044a15db18cabfd3ae2507fc844d5b4e03657a,"{""distance"":5,""physical_error_rate"":5e-06}","{""detection_events"":3640,""detectors_checked"":213944320}"
   1156096,         3,         0,   119.5,decoder_by_matrix,066a5d8d46981b593c3dec855f441edbe9e755a8873183448f69d036a2ecc650,"{""distance"":5,""physical_error_rate"":0.001}","{""detection_events"":645285,""detectors_checked"":196536320,""obs_mistake_mask=E__E"":1,""obs_mistake_mask=E___"":1,""obs_mistake_mask=_E__"":1}"
   1209344,         0,         0,   119.4,decoder_by_matrix,e41ade2e4684e0396b9a3890c882b6453b515d69885aa1d89a26ce21ec554895,"{""distance"":5,""physical_error_rate"":1e-06}","{""detection_events"":730,""detectors_checked"":205588480}"
   1271808,         0,         0,   119.5,decoder_by_matrix,e41ade2e4684e0396b9a3890c882b6453b515d69885aa1d89a26ce21ec554895,"{""distance"":5,""physical_error_rate"":1e-06}","{""detection_events"":755,""detectors_checked"":216207360}"
   1324032,         0,         0,   119.4,decoder_by_matrix,fa5edda0c1038186c8afbec49b0215a0b852396cdb50783a3f937fdf51d2afac,"{""distance"":5,""physical_error_rate"":1e-05}","{""detection_events"":6575,""detectors_checked"":225085440}"
   1129472,         3,         0,   119.5,decoder_by_matrix,066a5d8d46981b593c3dec855f441edbe9e755a8873183448f69d036a2ecc650,"{""distance"":5,""physical_error_rate"":0.001}","{""detection_events"":640280,""detectors_checked"":192010240,""obs_mistake_mask=EEE_"":1,""obs_mistake_mask=E_E_"":1,""obs_mistake_mask=___E"":1}"
   1100800,         0,         0,   119.5,decoder_by_matrix,0421d486f8a041838688df650e87c0a19c3450ab7a7cc8b3dc589ebff86d1c74,"{""distance"":5,""physical_error_rate"":0.0001}","{""detection_events"":63720,""detectors_checked"":187136000}"
   1267712,         0,         0,   119.4,decoder_by_matrix,0421d486f8a041838688df650e87c0a19c3450ab7a7cc8b3dc589ebff86d1c74,"{""distance"":5,""physical_error_rate"":0.0001}","{""detection_events"":72225,""detectors_checked"":215511040}"
   1200128,         0,         0,   119.5,decoder_by_matrix,b84cf4b8ca220d31f17e1e2ea9ab927bbc4176b15682c650e7d1dd8f2758172b,"{""distance"":5,""physical_error_rate"":0.0005}","{""detection_events"":336975,""detectors_checked"":204021760}"
   1170432,         0,         0,   119.5,decoder_by_matrix,e41ade2e4684e0396b9a3890c882b6453b515d69885aa1d89a26ce21ec554895,"{""distance"":5,""physical_error_rate"":1e-06}","{""detection_events"":490,""detectors_checked"":198973440}"
   1093632,         0,         0,   119.6,decoder_by_matrix,b84cf4b8ca220d31f17e1e2ea9ab927bbc4176b15682c650e7d1dd8f2758172b,"{""distance"":5,""physical_error_rate"":0.0005}","{""detection_events"":313385,""detectors_checked"":185917440}"
    730112,         0,         0,   119.6,decoder_by_matrix,9c6baee88fc81e7d1aa345fcb3feec7ee81f21c5d49cb6ca037118097d89e180,"{""distance"":5,""physical_error_rate"":5e-05}","{""detection_events"":20605,""detectors_checked"":124119040}"
    693248,         0,         0,   119.4,decoder_by_matrix,9c6baee88fc81e7d1aa345fcb3feec7ee81f21c5d49cb6ca037118097d89e180,"{""distance"":5,""physical_error_rate"":5e-05}","{""detection_events"":19305,""detectors_checked"":117852160}"
   1166336,         0,         0,   119.5,decoder_by_matrix,0421d486f8a041838688df650e87c0a19c3450ab7a7cc8b3dc589ebff86d1c74,"{""distance"":5,""physical_error_rate"":0.0001}","{""detection_events"":66685,""detectors_checked"":198277120}"
   1266688,         0,         0,   119.4,decoder_by_matrix,3c866087b289edc25e9adea730044a15db18cabfd3ae2507fc844d5b4e03657a,"{""distance"":5,""physical_error_rate"":5e-06}","{""detection_events"":3635,""detectors_checked"":215336960}"
    717824,         0,         0,   119.8,decoder_by_matrix,e41ade2e4684e0396b9a3890c882b6453b515d69885aa1d89a26ce21ec554895,"{""distance"":5,""physical_error_rate"":1e-06}","{""detection_events"":315,""detectors_checked"":122030080}"
   1095680,         1,         0,   119.7,decoder_by_matrix,066a5d8d46981b593c3dec855f441edbe9e755a8873183448f69d036a2ecc650,"{""distance"":5,""physical_error_rate"":0.001}","{""detection_events"":615545,""detectors_checked"":186265600,""obs_mistake_mask=_E__"":1}"
   1121280,         0,         0,   119.6,decoder_by_matrix,fa5edda0c1038186c8afbec49b0215a0b852396cdb50783a3f937fdf51d2afac,"{""distance"":5,""physical_error_rate"":1e-05}","{""detection_events"":7040,""detectors_checked"":190617600}"
   1156096,         0,         0,   119.5,decoder_by_matrix,9c6baee88fc81e7d1aa345fcb3feec7ee81f21c5d49cb6ca037118097d89e180,"{""distance"":5,""physical_error_rate"":5e-05}","{""detection_events"":32135,""detectors_checked"":196536320}"
   1271808,         0,         0,   119.4,decoder_by_matrix,b84cf4b8ca220d31f17e1e2ea9ab927bbc4176b15682c650e7d1dd8f2758172b,"{""distance"":5,""physical_error_rate"":0.0005}","{""detection_events"":364510,""detectors_checked"":216207360}"
   1313792,         0,         0,   119.6,decoder_by_matrix,fa5edda0c1038186c8afbec49b0215a0b852396cdb50783a3f937fdf51d2afac,"{""distance"":5,""physical_error_rate"":1e-05}","{""detection_events"":8220,""detectors_checked"":223344640}"
   1195008,         0,         0,   119.6,decoder_by_matrix,9c6baee88fc81e7d1aa345fcb3feec7ee81f21c5d49cb6ca037118097d89e180,"{""distance"":5,""physical_error_rate"":5e-05}","{""detection_events"":34620,""detectors_checked"":203151360}"
   1261568,         0,         0,   119.6,decoder_by_matrix,e41ade2e4684e0396b9a3890c882b6453b515d69885aa1d89a26ce21ec554895,"{""distance"":5,""physical_error_rate"":1e-06}","{""detection_events"":685,""detectors_checked"":214466560}"
    640000,         0,         0,   119.6,decoder_by_matrix,0421d486f8a041838688df650e87c0a19c3450ab7a7cc8b3dc589ebff86d1c74,"{""distance"":5,""physical_error_rate"":0.0001}","{""detection_events"":35855,""detectors_checked"":108800000}"
   1321984,         0,         0,   119.5,decoder_by_matrix,3c866087b289edc25e9adea730044a15db18cabfd3ae2507fc844d5b4e03657a,"{""distance"":5,""physical_error_rate"":5e-06}","{""detection_events"":3730,""detectors_checked"":224737280}"
   1251328,         0,         0,   119.5,decoder_by_matrix,b84cf4b8ca220d31f17e1e2ea9ab927bbc4176b15682c650e7d1dd8f2758172b,"{""distance"":5,""physical_error_rate"":0.0005}","{""detection_events"":354540,""detectors_checked"":212725760}"
   1001472,         0,         0,   119.7,decoder_by_matrix,0421d486f8a041838688df650e87c0a19c3450ab7a7cc8b3dc589ebff86d1c74,"{""distance"":5,""physical_error_rate"":0.0001}","{""detection_events"":56370,""detectors_checked"":170250240}"
   1241088,         0,         0,   119.5,decoder_by_matrix,fa5edda0c1038186c8afbec49b0215a0b852396cdb50783a3f937fdf51d2afac,"{""distance"":5,""physical_error_rate"":1e-05}","{""detection_events"":7655,""detectors_checked"":210984960}"
   1007616,         0,         0,   119.7,decoder_by_matrix,9c6baee88fc81e7d1aa345fcb3feec7ee81f21c5d49cb6ca037118097d89e180,"{""distance"":5,""physical_error_rate"":5e-05}","{""detection_events"":27890,""detectors_checked"":171294720}"
   1259520,         6,         0,   119.4,decoder_by_matrix,066a5d8d46981b593c3dec855f441edbe9e755a8873183448f69d036a2ecc650,"{""distance"":5,""physical_error_rate"":0.001}","{""detection_events"":718285,""detectors_checked"":214118400,""obs_mistake_mask=EEE_"":1,""obs_mistake_mask=E___"":2,""obs_mistake_mask=_E__"":1,""obs_mistake_mask=___E"":2}"
    772096,         0,         0,   119.8,decoder_by_matrix,fa5edda0c1038186c8afbec49b0215a0b852396cdb50783a3f937fdf51d2afac,"{""distance"":5,""physical_error_rate"":1e-05}","{""detection_events"":4380,""detectors_checked"":131256320}"
   1210368,         0,         0,   119.6,decoder_by_matrix,fa5edda0c1038186c8afbec49b0215a0b852396cdb50783a3f937fdf51d2afac,"{""distance"":5,""physical_error_rate"":1e-05}","{""detection_events"":7040,""detectors_checked"":205762560}"
   1326080,         0,         0,   119.5,decoder_by_matrix,3c866087b289edc25e9adea730044a15db18cabfd3ae2507fc844d5b4e03657a,"{""distance"":5,""physical_error_rate"":5e-06}","{""detection_events"":3675,""detectors_checked"":225433600}"
   1293312,         0,         0,   119.5,decoder_by_matrix,9c6baee88fc81e7d1aa345fcb3feec7ee81f21c5d49cb6ca037118097d89e180,"{""distance"":5,""physical_error_rate"":5e-05}","{""detection_events"":35970,""detectors_checked"":219863040}"
    837632,         0,         0,   119.4,decoder_by_matrix,b84cf4b8ca220d31f17e1e2ea9ab927bbc4176b15682c650e7d1dd8f2758172b,"{""distance"":5,""physical_error_rate"":0.0005}","{""detection_events"":237425,""detectors_checked"":142397440}"
   1264640,         2,         0,   119.5,decoder_by_matrix,066a5d8d46981b593c3dec855f441edbe9e755a8873183448f69d036a2ecc650,"{""distance"":5,""physical_error_rate"":0.001}","{""detection_events"":708095,""detectors_checked"":214988800,""obs_mistake_mask=E_E_"":1,""obs_mistake_mask=__E_"":1}"
   1248256,         0,         0,   119.5,decoder_by_matrix,e41ade2e4684e0396b9a3890c882b6453b515d69885aa1d89a26ce21ec554895,"{""distance"":5,""physical_error_rate"":1e-06}","{""detection_events"":695,""detectors_checked"":212203520}"
   1222656,         0,         0,   119.5,decoder_by_matrix,9c6baee88fc81e7d1aa345fcb3feec7ee81f21c5d49cb6ca037118097d89e180,"{""distance"":5,""physical_error_rate"":5e-05}","{""detection_events"":35340,""detectors_checked"":207851520}"
   1200128,         0,         0,   119.6,decoder_by_matrix,0421d486f8a041838688df650e87c0a19c3450ab7a7cc8b3dc589ebff86d1c74,"{""distance"":5,""physical_error_rate"":0.0001}","{""detection_events"":70775,""detectors_checked"":204021760}"
   1265664,         0,         0,   119.7,decoder_by_matrix,3c866087b289edc25e9adea730044a15db18cabfd3ae2507fc844d5b4e03657a,"{""distance"":5,""physical_error_rate"":5e-06}","{""detection_events"":3770,""detectors_checked"":215162880}"
   1201152,         0,         0,   119.6,decoder_by_matrix,b84cf4b8ca220d31f17e1e2ea9ab927bbc4176b15682c650e7d1dd8f2758172b,"{""distance"":5,""physical_error_rate"":0.0005}","{""detection_events"":342590,""detectors_checked"":204195840}"
   1243136,         0,         0,   119.6,decoder_by_matrix,e41ade2e4684e0396b9a3890c882b6453b515d69885aa1d89a26ce21ec554895,"{""distance"":5,""physical_error_rate"":1e-06}","{""detection_events"":875,""detectors_checked"":211333120}"
    793600,         0,         0,   119.6,decoder_by_matrix,fa5edda0c1038186c8afbec49b0215a0b852396cdb50783a3f937fdf51d2afac,"{""distance"":5,""physical_error_rate"":1e-05}","{""detection_events"":4370,""detectors_checked"":134912000}"
   1280000,         0,         0,   119.6,decoder_by_matrix,3c866087b289edc25e9adea730044a15db18cabfd3ae2507fc844d5b4e03657a,"{""distance"":5,""physical_error_rate"":5e-06}","{""detection_events"":3540,""detectors_checked"":217600000}"
   1099776,         0,         0,   119.6,decoder_by_matrix,b84cf4b8ca220d31f17e1e2ea9ab927bbc4176b15682c650e7d1dd8f2758172b,"{""distance"":5,""physical_error_rate"":0.0005}","{""detection_events"":313900,""detectors_checked"":186961920}"
    793600,         0,         0,   119.8,decoder_by_matrix,3c866087b289edc25e9adea730044a15db18cabfd3ae2507fc844d5b4e03657a,"{""distance"":5,""physical_error_rate"":5e-06}","{""detection_events"":2050,""detectors_checked"":134912000}"
   1249280,         0,         0,   119.5,decoder_by_matrix,0421d486f8a041838688df650e87c0a19c3450ab7a7cc8b3dc589ebff86d1c74,"{""distance"":5,""physical_error_rate"":0.0001}","{""detection_events"":71775,""detectors_checked"":212377600}"
   1272832,         3,         0,   119.5,decoder_by_matrix,066a5d8d46981b593c3dec855f441edbe9e755a8873183448f69d036a2ecc650,"{""distance"":5,""physical_error_rate"":0.001}","{""detection_events"":728000,""detectors_checked"":216381440,""obs_mistake_mask=EE_E"":1,""obs_mistake_mask=E__E"":1,""obs_mistake_mask=_EE_"":1}"
   1294336,         0,         0,   119.6,decoder_by_matrix,3c866087b289edc25e9adea730044a15db18cabfd3ae2507fc844d5b4e03657a,"{""distance"":5,""physical_error_rate"":5e-06}","{""detection_events"":3805,""detectors_checked"":220037120}"
   1258496,         2,         0,   119.5,decoder_by_matrix,066a5d8d46981b593c3dec855f441edbe9e755a8873183448f69d036a2ecc650,"{""distance"":5,""physical_error_rate"":0.001}","{""detection_events"":712105,""detectors_checked"":213944320,""obs_mistake_mask=__EE"":1,""obs_mistake_mask=__E_"":1}"
   1046528,         0,         0,   119.6,decoder_by_matrix,e41ade2e4684e0396b9a3890c882b6453b515d69885aa1d89a26ce21ec554895,"{""distance"":5,""physical_error_rate"":1e-06}","{""detection_events"":540,""detectors_checked"":177909760}"
    993280,         0,         0,   119.7,decoder_by_matrix,e41ade2e4684e0396b9a3890c882b6453b515d69885aa1d89a26ce21ec554895,"{""distance"":5,""physical_error_rate"":1e-06}","{""detection_events"":410,""detectors_checked"":168857600}"
   1230848,         0,         0,   119.5,decoder_by_matrix,fa5edda0c1038186c8afbec49b0215a0b852396cdb50783a3f937fdf51d2afac,"{""distance"":5,""physical_error_rate"":1e-05}","{""detection_events"":7700,""detectors_checked"":209244160}"
   1252352,         3,         0,   119.5,decoder_by_matrix,066a5d8d46981b593c3dec855f441edbe9e755a8873183448f69d036a2ecc650,"{""distance"":5,""physical_error_rate"":0.001}","{""detection_events"":712825,""detectors_checked"":212899840,""obs_mistake_mask=E_E_"":1,""obs_mistake_mask=E__E"":1,""obs_mistake_mask=_E__"":1}"
   1099776,         0,         0,   119.4,decoder_by_matrix,0421d486f8a041838688df650e87c0a19c3450ab7a7cc8b3dc589ebff86d1c74,"{""distance"":5,""physical_error_rate"":0.0001}","{""detection_events"":61620,""detectors_checked"":186961920}"
   1186816,         0,         0,   119.5,decoder_by_matrix,0421d486f8a041838688df650e87c0a19c3450ab7a7cc8b3dc589ebff86d1c74,"{""distance"":5,""physical_error_rate"":0.0001}","{""detection_events"":66685,""detectors_checked"":201758720}"
   1256448,         0,         0,   119.6,decoder_by_matrix,b84cf4b8ca220d31f17e1e2ea9ab927bbc4176b15682c650e7d1dd8f2758172b,"{""distance"":5,""physical_error_rate"":0.0005}","{""detection_events"":359355,""detectors_checked"":213596160}"
   1238016,         0,         0,   119.5,decoder_by_matrix,e41ade2e4684e0396b9a3890c882b6453b515d69885aa1d89a26ce21ec554895,"{""distance"":5,""physical_error_rate"":1e-06}","{""detection_events"":635,""detectors_checked"":210462720}"
   1212416,         1,         0,   119.5,decoder_by_matrix,b84cf4b8ca220d31f17e1e2ea9ab927bbc4176b15682c650e7d1dd8f2758172b,"{""distance"":5,""physical_error_rate"":0.0005}","{""detection_events"":346905,""detectors_checked"":206110720,""obs_mistake_mask=E___"":1}"
   1281024,         0,         0,   119.4,decoder_by_matrix,9c6baee88fc81e7d1aa345fcb3feec7ee81f21c5d49cb6ca037118097d89e180,"{""distance"":5,""physical_error_rate"":5e-05}","{""detection_events"":37000,""detectors_checked"":217774080}"
    740352,         0,         0,   119.5,decoder_by_matrix,9c6baee88fc81e7d1aa345fcb3feec7ee81f21c5d49cb6ca037118097d89e180,"{""distance"":5,""physical_error_rate"":5e-05}","{""detection_events"":20390,""detectors_checked"":125859840}"
   1282048,         0,         0,   119.5,decoder_by_matrix,0421d486f8a041838688df650e87c0a19c3450ab7a7cc8b3dc589ebff86d1c74,"{""distance"":5,""physical_error_rate"":0.0001}","{""detection_events"":71315,""detectors_checked"":217948160}"
   1060864,         0,         0,   119.5,decoder_by_matrix,3c866087b289edc25e9adea730044a15db18cabfd3ae2507fc844d5b4e03657a,"{""distance"":5,""physical_error_rate"":5e-06}","{""detection_events"":3420,""detectors_checked"":180346880}"
    707584,         0,         0,   119.6,decoder_by_matrix,e41ade2e4684e0396b9a3890c882b6453b515d69885aa1d89a26ce21ec554895,"{""distance"":5,""physical_error_rate"":1e-06}","{""detection_events"":465,""detectors_checked"":120289280}"
    652288,         1,         0,   119.5,decoder_by_matrix,066a5d8d46981b593c3dec855f441edbe9e755a8873183448f69d036a2ecc650,"{""distance"":5,""physical_error_rate"":0.001}","{""detection_events"":364770,""detectors_checked"":110888960,""obs_mistake_mask=E___"":1}"
    695296,         0,         0,   119.6,decoder_by_matrix,fa5edda0c1038186c8afbec49b0215a0b852396cdb50783a3f937fdf51d2afac,"{""distance"":5,""physical_error_rate"":1e-05}","{""detection_events"":4120,""detectors_checked"":118200320}"
   1215488,         0,         0,   119.4,decoder_by_matrix,9c6baee88fc81e7d1aa345fcb3feec7ee81f21c5d49cb6ca037118097d89e180,"{""distance"":5,""physical_error_rate"":5e-05}","{""detection_events"":34180,""detectors_checked"":206632960}"
   1175552,         1,         0,   119.6,decoder_by_matrix,b84cf4b8ca220d31f17e1e2ea9ab927bbc4176b15682c650e7d1dd8f2758172b,"{""distance"":5,""physical_error_rate"":0.0005}","{""detection_events"":334735,""detectors_checked"":199843840,""obs_mistake_mask=_E_E"":1}"
   1381376,         0,         0,   119.4,decoder_by_matrix,fa5edda0c1038186c8afbec49b0215a0b852396cdb50783a3f937fdf51d2afac,"{""distance"":5,""physical_error_rate"":1e-05}","{""detection_events"":8045,""detectors_checked"":234833920}"
   1273856,         0,         0,   119.6,decoder_by_matrix,9c6baee88fc81e7d1aa345fcb3feec7ee81f21c5d49cb6ca037118097d89e180,"{""distance"":5,""physical_error_rate"":5e-05}","{""detection_events"":35920,""detectors_checked"":216555520}"
   1267712,         0,         0,   119.4,decoder_by_matrix,e41ade2e4684e0396b9a3890c882b6453b515d69885aa1d89a26ce21ec554895,"{""distance"":5,""physical_error_rate"":1e-06}","{""detection_events"":670,""detectors_checked"":215511040}"
    720896,         0,         0,   119.4,decoder_by_matrix,0421d486f8a041838688df650e87c0a19c3450ab7a7cc8b3dc589ebff86d1c74,"{""distance"":5,""physical_error_rate"":0.0001}","{""detection_events"":40535,""detectors_checked"":122552320}"
   1164288,         0,         0,   119.6,decoder_by_matrix,3c866087b289edc25e9adea730044a15db18cabfd3ae2507fc844d5b4e03657a,"{""distance"":5,""physical_error_rate"":5e-06}","{""detection_events"":3200,""detectors_checked"":197928960}"
    719872,         0,         0,   119.7,decoder_by_matrix,b84cf4b8ca220d31f17e1e2ea9ab927bbc4176b15682c650e7d1dd8f2758172b,"{""distance"":5,""physical_error_rate"":0.0005}","{""detection_events"":204475,""detectors_checked"":122378240}"
   1223680,         0,         0,   119.7,decoder_by_matrix,0421d486f8a041838688df650e87c0a19c3450ab7a7cc8b3dc589ebff86d1c74,"{""distance"":5,""physical_error_rate"":0.0001}","{""detection_events"":70235,""detectors_checked"":208025600}"
   1178624,         0,         0,   119.4,decoder_by_matrix,fa5edda0c1038186c8afbec49b0215a0b852396cdb50783a3f937fdf51d2afac,"{""distance"":5,""physical_error_rate"":1e-05}","{""detection_events"":6780,""detectors_checked"":200366080}"
   1192960,         0,         0,   119.4,decoder_by_matrix,9c6baee88fc81e7d1aa345fcb3feec7ee81f21c5d49cb6ca037118097d89e180,"{""distance"":5,""physical_error_rate"":5e-05}","{""detection_events"":33815,""detectors_checked"":202803200}"
   1172480,         4,         0,   119.3,decoder_by_matrix,066a5d8d46981b593c3dec855f441edbe9e755a8873183448f69d036a2ecc650,"{""distance"":5,""physical_error_rate"":0.001}","{""detection_events"":665235,""detectors_checked"":199321600,""obs_mistake_mask=E__E"":1,""obs_mistake_mask=E___"":1,""obs_mistake_mask=_E_E"":1,""obs_mistake_mask=_E__"":1}"
   1050624,         0,         0,   119.4,decoder_by_matrix,fa5edda0c1038186c8afbec49b0215a0b852396cdb50783a3f937fdf51d2afac,"{""distance"":5,""physical_error_rate"":1e-05}","{""detection_events"":6045,""detectors_checked"":178606080}"
   1315840,         0,         0,   119.6,decoder_by_matrix,fa5edda0c1038186c8afbec49b0215a0b852396cdb50783a3f937fdf51d2afac,"{""distance"":5,""physical_error_rate"":1e-05}","{""detection_events"":7915,""detectors_checked"":223692800}"
   1215488,         0,         0,   119.5,decoder_by_matrix,3c866087b289edc25e9adea730044a15db18cabfd3ae2507fc844d5b4e03657a,"{""distance"":5,""physical_error_rate"":5e-06}","{""detection_events"":3540,""detectors_checked"":206632960}"
   1233920,         0,         0,   119.5,decoder_by_matrix,9c6baee88fc81e7d1aa345fcb3feec7ee81f21c5d49cb6ca037118097d89e180,"{""distance"":5,""physical_error_rate"":5e-05}","{""detection_events"":36695,""detectors_checked"":209766400}"
   1221632,         2,         0,   119.6,decoder_by_matrix,066a5d8d46981b593c3dec855f441edbe9e755a8873183448f69d036a2ecc650,"{""distance"":5,""physical_error_rate"":0.001}","{""detection_events"":694285,""detectors_checked"":207677440,""obs_mistake_mask=_EEE"":1,""obs_mistake_mask=__E_"":1}"
   1181696,         0,         0,   119.5,decoder_by_matrix,e41ade2e4684e0396b9a3890c882b6453b515d69885aa1d89a26ce21ec554895,"{""distance"":5,""physical_error_rate"":1e-06}","{""detection_events"":635,""detectors_checked"":200888320}"
   1207296,         1,         0,   119.5,decoder_by_matrix,b84cf4b8ca220d31f17e1e2ea9ab927bbc4176b15682c650e7d1dd8f2758172b,"{""distance"":5,""physical_error_rate"":0.0005}","{""detection_events"":343000,""detectors_checked"":205240320,""obs_mistake_mask=E___"":1}"
   1218560,         0,         0,   119.5,decoder_by_matrix,9c6baee88fc81e7d1aa345fcb3feec7ee81f21c5d49cb6ca037118097d89e180,"{""distance"":5,""physical_error_rate"":5e-05}","{""detection_events"":33220,""detectors_checked"":207155200}"
   1021952,         0,         0,   119.4,decoder_by_matrix,0421d486f8a041838688df650e87c0a19c3450ab7a7cc8b3dc589ebff86d1c74,"{""distance"":5,""physical_error_rate"":0.0001}","{""detection_events"":58825,""detectors_checked"":173731840}"
   1146880,         0,         0,   119.6,decoder_by_matrix,3c866087b289edc25e9adea730044a15db18cabfd3ae2507fc844d5b4e03657a,"{""distance"":5,""physical_error_rate"":5e-06}","{""detection_events"":3465,""detectors_checked"":194969600}"
   1221632,         1,         0,   119.5,decoder_by_matrix,b84cf4b8ca220d31f17e1e2ea9ab927bbc4176b15682c650e7d1dd8f2758172b,"{""distance"":5,""physical_error_rate"":0.0005}","{""detection_events"":348800,""detectors_checked"":207677440,""obs_mistake_mask=_E_E"":1}"
   1039360,         0,         0,   119.7,decoder_by_matrix,e41ade2e4684e0396b9a3890c882b6453b515d69885aa1d89a26ce21ec554895,"{""distance"":5,""physical_error_rate"":1e-06}","{""detection_events"":660,""detectors_checked"":176691200}"
   1280000,         0,         0,   119.5,decoder_by_matrix,fa5edda0c1038186c8afbec49b0215a0b852396cdb50783a3f937fdf51d2afac,"{""distance"":5,""physical_error_rate"":1e-05}","{""detection_events"":7380,""detectors_checked"":217600000}"
   1208320,         0,         0,   119.5,decoder_by_matrix,3c866087b289edc25e9adea730044a15db18cabfd3ae2507fc844d5b4e03657a,"{""distance"":5,""physical_error_rate"":5e-06}","{""detection_events"":3185,""detectors_checked"":205414400}"
   1188864,         0,         0,   119.5,decoder_by_matrix,b84cf4b8ca220d31f17e1e2ea9ab927bbc4176b15682c650e7d1dd8f2758172b,"{""distance"":5,""physical_error_rate"":0.0005}","{""detection_events"":339850,""detectors_checked"":202106880}"
   1166336,         0,         0,   119.4,decoder_by_matrix,3c866087b289edc25e9adea730044a15db18cabfd3ae2507fc844d5b4e03657a,"{""distance"":5,""physical_error_rate"":5e-06}","{""detection_events"":3305,""detectors_checked"":198277120}"
   1167360,         0,         0,   119.4,decoder_by_matrix,0421d486f8a041838688df650e87c0a19c3450ab7a7cc8b3dc589ebff86d1c74,"{""distance"":5,""physical_error_rate"":0.0001}","{""detection_events"":66675,""detectors_checked"":198451200}"
   1103872,         5,         0,   119.4,decoder_by_matrix,066a5d8d46981b593c3dec855f441edbe9e755a8873183448f69d036a2ecc650,"{""distance"":5,""physical_error_rate"":0.001}","{""detection_events"":625150,""detectors_checked"":187658240,""obs_mistake_mask=E_EE"":1,""obs_mistake_mask=E_E_"":1,""obs_mistake_mask=_E__"":1,""obs_mistake_mask=__EE"":1,""obs_mistake_mask=__E_"":1}"
    826368,         0,         0,   119.6,decoder_by_matrix,3c866087b289edc25e9adea730044a15db18cabfd3ae2507fc844d5b4e03657a,"{""distance"":5,""physical_error_rate"":5e-06}","{""detection_events"":2415,""detectors_checked"":140482560}"
    887808,         0,         0,   119.7,decoder_by_matrix,e41ade2e4684e0396b9a3890c882b6453b515d69885aa1d89a26ce21ec554895,"{""distance"":5,""physical_error_rate"":1e-06}","{""detection_events"":490,""detectors_checked"":150927360}"
   1241088,         0,         0,   119.5,decoder_by_matrix,e41ade2e4684e0396b9a3890c882b6453b515d69885aa1d89a26ce21ec554895,"{""distance"":5,""physical_error_rate"":1e-06}","{""detection_events"":815,""detectors_checked"":210984960}"
   1217536,         2,         0,   119.5,decoder_by_matrix,066a5d8d46981b593c3dec855f441edbe9e755a8873183448f69d036a2ecc650,"{""distance"":5,""physical_error_rate"":0.001}","{""detection_events"":690560,""detectors_checked"":206981120,""obs_mistake_mask=EE__"":1,""obs_mistake_mask=_EEE"":1}"
   1210368,         0,         0,   119.5,decoder_by_matrix,fa5edda0c1038186c8afbec49b0215a0b852396cdb50783a3f937fdf51d2afac,"{""distance"":5,""physical_error_rate"":1e-05}","{""detection_events"":7690,""detectors_checked"":205762560}"
   1236992,         1,         0,   119.6,decoder_by_matrix,066a5d8d46981b593c3dec855f441edbe9e755a8873183448f69d036a2ecc650,"{""distance"":5,""physical_error_rate"":0.001}","{""detection_events"":701910,""detectors_checked"":210288640,""obs_mistake_mask=E_E_"":1}"
    836608,         0,         0,   119.7,decoder_by_matrix,0421d486f8a041838688df650e87c0a19c3450ab7a7cc8b3dc589ebff86d1c74,"{""distance"":5,""physical_error_rate"":0.0001}","{""detection_events"":48005,""detectors_checked"":142223360}"
   1156096,         0,         0,   119.6,decoder_by_matrix,0421d486f8a041838688df650e87c0a19c3450ab7a7cc8b3dc589ebff86d1c74,"{""distance"":5,""physical_error_rate"":0.0001}","{""detection_events"":66420,""detectors_checked"":196536320}"
   1246208,         0,         0,   119.6,decoder_by_matrix,b84cf4b8ca220d31f17e1e2ea9ab927bbc4176b15682c650e7d1dd8f2758172b,"{""distance"":5,""physical_error_rate"":0.0005}","{""detection_events"":357125,""detectors_checked"":211855360}"
   1070080,         0,         0,   119.4,decoder_by_matrix,e41ade2e4684e0396b9a3890c882b6453b515d69885aa1d89a26ce21ec554895,"{""distance"":5,""physical_error_rate"":1e-06}","{""detection_events"":560,""detectors_checked"":181913600}"
   1233920,         1,         0,   119.6,decoder_by_matrix,b84cf4b8ca220d31f17e1e2ea9ab927bbc4176b15682c650e7d1dd8f2758172b,"{""distance"":5,""physical_error_rate"":0.0005}","{""detection_events"":351660,""detectors_checked"":209766400,""obs_mistake_mask=___E"":1}"
   1095680,         0,         0,   119.6,decoder_by_matrix,9c6baee88fc81e7d1aa345fcb3feec7ee81f21c5d49cb6ca037118097d89e180,"{""distance"":5,""physical_error_rate"":5e-05}","{""detection_events"":30505,""detectors_checked"":186265600}"
    911360,         0,         0,   119.6,decoder_by_matrix,9c6baee88fc81e7d1aa345fcb3feec7ee81f21c5d49cb6ca037118097d89e180,"{""distance"":5,""physical_error_rate"":5e-05}","{""detection_events"":26005,""detectors_checked"":154931200}"
   1172480,         0,         0,   119.7,decoder_by_matrix,0421d486f8a041838688df650e87c0a19c3450ab7a7cc8b3dc589ebff86d1c74,"{""distance"":5,""physical_error_rate"":0.0001}","{""detection_events"":66110,""detectors_checked"":199321600}"
   1230848,         0,         0,   119.4,decoder_by_matrix,3c866087b289edc25e9adea730044a15db18cabfd3ae2507fc844d5b4e03657a,"{""distance"":5,""physical_error_rate"":5e-06}","{""detection_events"":3755,""detectors_checked"":209244160}"
    922624,         0,         0,   119.6,decoder_by_matrix,e41ade2e4684e0396b9a3890c882b6453b515d69885aa1d89a26ce21ec554895,"{""distance"":5,""physical_error_rate"":1e-06}","{""detection_events"":705,""detectors_checked"":156846080}"
    909312,         0,         0,   119.5,decoder_by_matrix,066a5d8d46981b593c3dec855f441edbe9e755a8873183448f69d036a2ecc650,"{""distance"":5,""physical_error_rate"":0.001}","{""detection_events"":516285,""detectors_checked"":154583040}"
    891904,         0,         0,   119.6,decoder_by_matrix,fa5edda0c1038186c8afbec49b0215a0b852396cdb50783a3f937fdf51d2afac,"{""distance"":5,""physical_error_rate"":1e-05}","{""detection_events"":4720,""detectors_checked"":151623680}"
   1064960,         0,         0,   119.6,decoder_by_matrix,9c6baee88fc81e7d1aa345fcb3feec7ee81f21c5d49cb6ca037118097d89e180,"{""distance"":5,""physical_error_rate"":5e-05}","{""detection_events"":32195,""detectors_checked"":181043200}"
   1002496,         0,         0,   119.6,decoder_by_matrix,b84cf4b8ca220d31f17e1e2ea9ab927bbc4176b15682c650e7d1dd8f2758172b,"{""distance"":5,""physical_error_rate"":0.0005}","{""detection_events"":287165,""detectors_checked"":170424320}"
   1216512,         0,         0,   119.4,decoder_by_matrix,fa5edda0c1038186c8afbec49b0215a0b852396cdb50783a3f937fdf51d2afac,"{""distance"":5,""physical_error_rate"":1e-05}","{""detection_events"":6980,""detectors_checked"":206807040}"
   1154048,         0,         0,   119.7,decoder_by_matrix,9c6baee88fc81e7d1aa345fcb3feec7ee81f21c5d49cb6ca037118097d89e180,"{""distance"":5,""physical_error_rate"":5e-05}","{""detection_events"":33345,""detectors_checked"":196188160}"
   1277952,         0,         0,   119.6,decoder_by_matrix,e41ade2e4684e0396b9a3890c882b6453b515d69885aa1d89a26ce21ec554895,"{""distance"":5,""physical_error_rate"":1e-06}","{""detection_events"":650,""detectors_checked"":217251840}"
   1191936,         0,         0,   119.7,decoder_by_matrix,0421d486f8a041838688df650e87c0a19c3450ab7a7cc8b3dc589ebff86d1c74,"{""distance"":5,""physical_error_rate"":0.0001}","{""detection_events"":68485,""detectors_checked"":202629120}"
   1232896,         0,         0,   119.3,decoder_by_matrix,3c866087b289edc25e9adea730044a15db18cabfd3ae2507fc844d5b4e03657a,"{""distance"":5,""physical_error_rate"":5e-06}","{""detection_events"":3340,""detectors_checked"":209592320}"
   1195008,         0,         0,   119.5,decoder_by_matrix,b84cf4b8ca220d31f17e1e2ea9ab927bbc4176b15682c650e7d1dd8f2758172b,"{""distance"":5,""physical_error_rate"":0.0005}","{""detection_events"":338640,""detectors_checked"":203151360}"
   1289216,         0,         0,   119.6,decoder_by_matrix,0421d486f8a041838688df650e87c0a19c3450ab7a7cc8b3dc589ebff86d1c74,"{""distance"":5,""physical_error_rate"":0.0001}","{""detection_events"":75185,""detectors_checked"":219166720}"
   1311744,         0,         0,   119.6,decoder_by_matrix,fa5edda0c1038186c8afbec49b0215a0b852396cdb50783a3f937fdf51d2afac,"{""distance"":5,""physical_error_rate"":1e-05}","{""detection_events"":7770,""detectors_checked"":222996480}"
   1055744,         0,         0,   119.7,decoder_by_matrix,9c6baee88fc81e7d1aa345fcb3feec7ee81f21c5d49cb6ca037118097d89e180,"{""distance"":5,""physical_error_rate"":5e-05}","{""detection_events"":30755,""detectors_checked"":179476480}"
   1064960,         4,         0,   119.5,decoder_by_matrix,066a5d8d46981b593c3dec855f441edbe9e755a8873183448f69d036a2ecc650,"{""distance"":5,""physical_error_rate"":0.001}","{""detection_events"":606670,""detectors_checked"":181043200,""obs_mistake_mask=EE__"":1,""obs_mistake_mask=E__E"":1,""obs_mistake_mask=E___"":2}"
   1153024,         0,         0,   119.6,decoder_by_matrix,fa5edda0c1038186c8afbec49b0215a0b852396cdb50783a3f937fdf51d2afac,"{""distance"":5,""physical_error_rate"":1e-05}","{""detection_events"":6010,""detectors_checked"":196014080}"
   1171456,         0,         0,   119.7,decoder_by_matrix,fa5edda0c1038186c8afbec49b0215a0b852396cdb50783a3f937fdf51d2afac,"{""distance"":5,""physical_error_rate"":1e-05}","{""detection_events"":6735,""detectors_checked"":199147520}"
   1330176,         0,         0,   119.5,decoder_by_matrix,3c866087b289edc25e9adea730044a15db18cabfd3ae2507fc844d5b4e03657a,"{""distance"":5,""physical_error_rate"":5e-06}","{""detection_events"":3705,""detectors_checked"":226129920}"
   1099776,         0,         0,   119.5,decoder_by_matrix,9c6baee88fc81e7d1aa345fcb3feec7ee81f21c5d49cb6ca037118097d89e180,"{""distance"":5,""physical_error_rate"":5e-05}","{""detection_events"":32260,""detectors_checked"":186961920}"
   1011712,         1,         0,   119.3,decoder_by_matrix,066a5d8d46981b593c3dec855f441edbe9e755a8873183448f69d036a2ecc650,"{""distance"":5,""physical_error_rate"":0.001}","{""detection_events"":572180,""detectors_checked"":171991040,""obs_mistake_mask=E___"":1}"
   1020928,         0,         0,   119.6,decoder_by_matrix,e41ade2e4684e0396b9a3890c882b6453b515d69885aa1d89a26ce21ec554895,"{""distance"":5,""physical_error_rate"":1e-06}","{""detection_events"":785,""detectors_checked"":173557760}"
   1070080,         0,         0,   119.5,decoder_by_matrix,b84cf4b8ca220d31f17e1e2ea9ab927bbc4176b15682c650e7d1dd8f2758172b,"{""distance"":5,""physical_error_rate"":0.0005}","{""detection_events"":305110,""detectors_checked"":181913600}"
   1199104,         0,         0,   119.6,decoder_by_matrix,9c6baee88fc81e7d1aa345fcb3feec7ee81f21c5d49cb6ca037118097d89e180,"{""distance"":5,""physical_error_rate"":5e-05}","{""detection_events"":33450,""detectors_checked"":203847680}"
    988160,         0,         0,   119.5,decoder_by_matrix,3c866087b289edc25e9adea730044a15db18cabfd3ae2507fc844d5b4e03657a,"{""distance"":5,""physical_error_rate"":5e-06}","{""detection_events"":3105,""detectors_checked"":167987200}"
   1270784,         0,         0,   119.7,decoder_by_matrix,0421d486f8a041838688df650e87c0a19c3450ab7a7cc8b3dc589ebff86d1c74,"{""distance"":5,""physical_error_rate"":0.0001}","{""detection_events"":71715,""detectors_checked"":216033280}"
   1112064,         0,         0,   119.6,decoder_by_matrix,b84cf4b8ca220d31f17e1e2ea9ab927bbc4176b15682c650e7d1dd8f2758172b,"{""distance"":5,""physical_error_rate"":0.0005}","{""detection_events"":315815,""detectors_checked"":189050880}"
   1213440,         0,         0,   119.4,decoder_by_matrix,e41ade2e4684e0396b9a3890c882b6453b515d69885aa1d89a26ce21ec554895,"{""distance"":5,""physical_error_rate"":1e-06}","{""detection_events"":565,""detectors_checked"":206284800}"
   1112064,         0,         0,   119.5,decoder_by_matrix,fa5edda0c1038186c8afbec49b0215a0b852396cdb50783a3f937fdf51d2afac,"{""distance"":5,""physical_error_rate"":1e-05}","{""detection_events"":6200,""detectors_checked"":189050880}"
   1016832,         0,         0,   119.6,decoder_by_matrix,3c866087b289edc25e9adea730044a15db18cabfd3ae2507fc844d5b4e03657a,"{""distance"":5,""physical_error_rate"":5e-06}","{""detection_events"":2795,""detectors_checked"":172861440}"
   1061888,         0,         0,   119.5,decoder_by_matrix,b84cf4b8ca220d31f17e1e2ea9ab927bbc4176b15682c650e7d1dd8f2758172b,"{""distance"":5,""physical_error_rate"":0.0005}","{""detection_events"":300365,""detectors_checked"":180520960}"
   1047552,         0,         0,   119.5,decoder_by_matrix,3c866087b289edc25e9adea730044a15db18cabfd3ae2507fc844d5b4e03657a,"{""distance"":5,""physical_error_rate"":5e-06}","{""detection_events"":2610,""detectors_checked"":178083840}"
   1153024,         0,         0,   119.6,decoder_by_matrix,0421d486f8a041838688df650e87c0a19c3450ab7a7cc8b3dc589ebff86d1c74,"{""distance"":5,""physical_error_rate"":0.0001}","{""detection_events"":66065,""detectors_checked"":196014080}"
   1088512,         5,         0,   119.5,decoder_by_matrix,066a5d8d46981b593c3dec855f441edbe9e755a8873183448f69d036a2ecc650,"{""distance"":5,""physical_error_rate"":0.001}","{""detection_events"":616430,""detectors_checked"":185047040,""obs_mistake_mask=EE_E"":1,""obs_mistake_mask=_EE_"":1,""obs_mistake_mask=_E__"":2,""obs_mistake_mask=__E_"":1}"
   1010688,         0,         0,   119.6,decoder_by_matrix,e41ade2e4684e0396b9a3890c882b6453b515d69885aa1d89a26ce21ec554895,"{""distance"":5,""physical_error_rate"":1e-06}","{""detection_events"":515,""detectors_checked"":171816960}"
   1100800,         0,         0,   119.4,decoder_by_matrix,3c866087b289edc25e9adea730044a15db18cabfd3ae2507fc844d5b4e03657a,"{""distance"":5,""physical_error_rate"":5e-06}","{""detection_events"":3670,""detectors_checked"":187136000}"
   1058816,         3,         0,   119.5,decoder_by_matrix,066a5d8d46981b593c3dec855f441edbe9e755a8873183448f69d036a2ecc650,"{""distance"":5,""physical_error_rate"":0.001}","{""detection_events"":607825,""detectors_checked"":179998720,""obs_mistake_mask=E___"":1,""obs_mistake_mask=_E__"":1,""obs_mistake_mask=__E_"":1}"
   1165312,         0,         0,   119.5,decoder_by_matrix,e41ade2e4684e0396b9a3890c882b6453b515d69885aa1d89a26ce21ec554895,"{""distance"":5,""physical_error_rate"":1e-06}","{""detection_events"":645,""detectors_checked"":198103040}"
   1051648,         0,         0,   119.5,decoder_by_matrix,fa5edda0c1038186c8afbec49b0215a0b852396cdb50783a3f937fdf51d2afac,"{""distance"":5,""physical_error_rate"":1e-05}","{""detection_events"":5790,""detectors_checked"":178780160}"
   1085440,         1,         0,   119.5,decoder_by_matrix,066a5d8d46981b593c3dec855f441edbe9e755a8873183448f69d036a2ecc650,"{""distance"":5,""physical_error_rate"":0.001}","{""detection_events"":618630,""detectors_checked"":184524800,""obs_mistake_mask=___E"":1}"
   1201152,         0,         0,   119.7,decoder_by_matrix,0421d486f8a041838688df650e87c0a19c3450ab7a7cc8b3dc589ebff86d1c74,"{""distance"":5,""physical_error_rate"":0.0001}","{""detection_events"":68905,""detectors_checked"":204195840}"
   1267712,         0,         0,   119.6,decoder_by_matrix,0421d486f8a041838688df650e87c0a19c3450ab7a7cc8b3dc589ebff86d1c74,"{""distance"":5,""physical_error_rate"":0.0001}","{""detection_events"":71330,""detectors_checked"":215511040}"
   1035264,         0,         0,   119.5,decoder_by_matrix,b84cf4b8ca220d31f17e1e2ea9ab927bbc4176b15682c650e7d1dd8f2758172b,"{""distance"":5,""physical_error_rate"":0.0005}","{""detection_events"":301230,""detectors_checked"":175994880}"
   1228800,         0,         0,   119.6,decoder_by_matrix,e41ade2e4684e0396b9a3890c882b6453b515d69885aa1d89a26ce21ec554895,"{""distance"":5,""physical_error_rate"":1e-06}","{""detection_events"":770,""detectors_checked"":208896000}"
   1254400,         1,         0,   119.5,decoder_by_matrix,b84cf4b8ca220d31f17e1e2ea9ab927bbc4176b15682c650e7d1dd8f2758172b,"{""distance"":5,""physical_error_rate"":0.0005}","{""detection_events"":357155,""detectors_checked"":213248000,""obs_mistake_mask=___E"":1}"
    949248,         0,         0,   119.6,decoder_by_matrix,9c6baee88fc81e7d1aa345fcb3feec7ee81f21c5d49cb6ca037118097d89e180,"{""distance"":5,""physical_error_rate"":5e-05}","{""detection_events"":26465,""detectors_checked"":161372160}"
   1050624,         0,         0,   119.5,decoder_by_matrix,9c6baee88fc81e7d1aa345fcb3feec7ee81f21c5d49cb6ca037118097d89e180,"{""distance"":5,""physical_error_rate"":5e-05}","{""detection_events"":29045,""detectors_checked"":178606080}"
   1110016,         0,         0,   119.7,decoder_by_matrix,0421d486f8a041838688df650e87c0a19c3450ab7a7cc8b3dc589ebff86d1c74,"{""distance"":5,""physical_error_rate"":0.0001}","{""detection_events"":63190,""detectors_checked"":188702720}"
   1198080,         0,         0,   119.5,decoder_by_matrix,3c866087b289edc25e9adea730044a15db18cabfd3ae2507fc844d5b4e03657a,"{""distance"":5,""physical_error_rate"":5e-06}","{""detection_events"":3380,""detectors_checked"":203673600}"
    968704,         0,         0,   119.9,decoder_by_matrix,e41ade2e4684e0396b9a3890c882b6453b515d69885aa1d89a26ce21ec554895,"{""distance"":5,""physical_error_rate"":1e-06}","{""detection_events"":435,""detectors_checked"":164679680}"
   1161216,         3,         0,   119.6,decoder_by_matrix,066a5d8d46981b593c3dec855f441edbe9e755a8873183448f69d036a2ecc650,"{""distance"":5,""physical_error_rate"":0.001}","{""detection_events"":654430,""detectors_checked"":197406720,""obs_mistake_mask=EE__"":1,""obs_mistake_mask=_E__"":1,""obs_mistake_mask=__EE"":1}"
    923648,         0,         0,   119.4,decoder_by_matrix,fa5edda0c1038186c8afbec49b0215a0b852396cdb50783a3f937fdf51d2afac,"{""distance"":5,""physical_error_rate"":1e-05}","{""detection_events"":4955,""detectors_checked"":157020160}"
   1093632,         0,         0,   119.4,decoder_by_matrix,9c6baee88fc81e7d1aa345fcb3feec7ee81f21c5d49cb6ca037118097d89e180,"{""distance"":5,""physical_error_rate"":5e-05}","{""detection_events"":32880,""detectors_checked"":185917440}"
   1046528,         1,         0,   119.6,decoder_by_matrix,b84cf4b8ca220d31f17e1e2ea9ab927bbc4176b15682c650e7d1dd8f2758172b,"{""distance"":5,""physical_error_rate"":0.0005}","{""detection_events"":297540,""detectors_checked"":177909760,""obs_mistake_mask=___E"":1}"
   1242112,         0,         0,   119.6,decoder_by_matrix,fa5edda0c1038186c8afbec49b0215a0b852396cdb50783a3f937fdf51d2afac,"{""distance"":5,""physical_error_rate"":1e-05}","{""detection_events"":7745,""detectors_checked"":211159040}"
   1147904,         0,         0,   119.5,decoder_by_matrix,9c6baee88fc81e7d1aa345fcb3feec7ee81f21c5d49cb6ca037118097d89e180,"{""distance"":5,""physical_error_rate"":5e-05}","{""detection_events"":33460,""detectors_checked"":195143680}"
   1359872,         0,         0,   119.4,decoder_by_matrix,e41ade2e4684e0396b9a3890c882b6453b515d69885aa1d89a26ce21ec554895,"{""distance"":5,""physical_error_rate"":1e-06}","{""detection_events"":650,""detectors_checked"":231178240}"
    908288,         0,         0,   119.5,decoder_by_matrix,0421d486f8a041838688df650e87c0a19c3450ab7a7cc8b3dc589ebff86d1c74,"{""distance"":5,""physical_error_rate"":0.0001}","{""detection_events"":50235,""detectors_checked"":154408960}"
   1335296,         0,         0,   119.6,decoder_by_matrix,3c866087b289edc25e9adea730044a15db18cabfd3ae2507fc844d5b4e03657a,"{""distance"":5,""physical_error_rate"":5e-06}","{""detection_events"":3695,""detectors_checked"":227000320}"
   1100800,         0,         0,   119.6,decoder_by_matrix,b84cf4b8ca220d31f17e1e2ea9ab927bbc4176b15682c650e7d1dd8f2758172b,"{""distance"":5,""physical_error_rate"":0.0005}","{""detection_events"":313380,""detectors_checked"":187136000}"
   1354752,         0,         0,   119.5,decoder_by_matrix,0421d486f8a041838688df650e87c0a19c3450ab7a7cc8b3dc589ebff86d1c74,"{""distance"":5,""physical_error_rate"":0.0001}","{""detection_events"":75085,""detectors_checked"":230307840}"
   1242112,         0,         0,   119.7,decoder_by_matrix,fa5edda0c1038186c8afbec49b0215a0b852396cdb50783a3f937fdf51d2afac,"{""distance"":5,""physical_error_rate"":1e-05}","{""detection_events"":6915,""detectors_checked"":211159040}"
    935936,         0,         0,   119.5,decoder_by_matrix,9c6baee88fc81e7d1aa345fcb3feec7ee81f21c5d49cb6ca037118097d89e180,"{""distance"":5,""physical_error_rate"":5e-05}","{""detection_events"":28140,""detectors_checked"":159109120}"
   1184768,         2,         0,   119.6,decoder_by_matrix,066a5d8d46981b593c3dec855f441edbe9e755a8873183448f69d036a2ecc650,"{""distance"":5,""physical_error_rate"":0.001}","{""detection_events"":673925,""detectors_checked"":201410560,""obs_mistake_mask=EE__"":1,""obs_mistake_mask=__E_"":1}"
    935936,         0,         0,   119.6,decoder_by_matrix,fa5edda0c1038186c8afbec49b0215a0b852396cdb50783a3f937fdf51d2afac,"{""distance"":5,""physical_error_rate"":1e-05}","{""detection_events"":5695,""detectors_checked"":159109120}"
   1277952,         0,         0,   119.5,decoder_by_matrix,fa5edda0c1038186c8afbec49b0215a0b852396cdb50783a3f937fdf51d2afac,"{""distance"":5,""physical_error_rate"":1e-05}","{""detection_events"":7810,""detectors_checked"":217251840}"
   1332224,         0,         0,   119.6,decoder_by_matrix,3c866087b289edc25e9adea730044a15db18cabfd3ae2507fc844d5b4e03657a,"{""distance"":5,""physical_error_rate"":5e-06}","{""detection_events"":3290,""detectors_checked"":226478080}"
   1157120,         0,         0,   119.6,decoder_by_matrix,9c6baee88fc81e7d1aa345fcb3feec7ee81f21c5d49cb6ca037118097d89e180,"{""distance"":5,""physical_error_rate"":5e-05}","{""detection_events"":32520,""detectors_checked"":196710400}"
   1175552,         7,         0,   119.4,decoder_by_matrix,066a5d8d46981b593c3dec855f441edbe9e755a8873183448f69d036a2ecc650,"{""distance"":5,""physical_error_rate"":0.001}","{""detection_events"":665930,""detectors_checked"":199843840,""obs_mistake_mask=EE__"":1,""obs_mistake_mask=E_E_"":1,""obs_mistake_mask=E__E"":1,""obs_mistake_mask=E___"":1,""obs_mistake_mask=_E__"":1,""obs_mistake_mask=__EE"":1,""obs_mistake_mask=__E_"":1}"
   1172480,         0,         0,   119.4,decoder_by_matrix,b84cf4b8ca220d31f17e1e2ea9ab927bbc4176b15682c650e7d1dd8f2758172b,"{""distance"":5,""physical_error_rate"":0.0005}","{""detection_events"":330955,""detectors_checked"":199321600}"
   1202176,         0,         0,   119.5,decoder_by_matrix,e41ade2e4684e0396b9a3890c882b6453b515d69885aa1d89a26ce21ec554895,"{""distance"":5,""physical_error_rate"":1e-06}","{""detection_events"":700,""detectors_checked"":204369920}"
   1351680,         0,         0,   119.5,decoder_by_matrix,9c6baee88fc81e7d1aa345fcb3feec7ee81f21c5d49cb6ca037118097d89e180,"{""distance"":5,""physical_error_rate"":5e-05}","{""detection_events"":38695,""detectors_checked"":229785600}"
   1026048,         0,         0,   119.5,decoder_by_matrix,0421d486f8a041838688df650e87c0a19c3450ab7a7cc8b3dc589ebff86d1c74,"{""distance"":5,""physical_error_rate"":0.0001}","{""detection_events"":56900,""detectors_checked"":174428160}"
   1200128,         0,         0,   119.6,decoder_by_matrix,3c866087b289edc25e9adea730044a15db18cabfd3ae2507fc844d5b4e03657a,"{""distance"":5,""physical_error_rate"":5e-06}","{""detection_events"":3220,""detectors_checked"":204021760}"
   1205248,         0,         0,   119.5,decoder_by_matrix,b84cf4b8ca220d31f17e1e2ea9ab927bbc4176b15682c650e7d1dd8f2758172b,"{""distance"":5,""physical_error_rate"":0.0005}","{""detection_events"":340340,""detectors_checked"":204892160}"
   1301504,         0,         0,   119.5,decoder_by_matrix,e41ade2e4684e0396b9a3890c882b6453b515d69885aa1d89a26ce21ec554895,"{""distance"":5,""physical_error_rate"":1e-06}","{""detection_events"":730,""detectors_checked"":221255680}"
   1231872,         0,         0,   119.5,decoder_by_matrix,fa5edda0c1038186c8afbec49b0215a0b852396cdb50783a3f937fdf51d2afac,"{""distance"":5,""physical_error_rate"":1e-05}","{""detection_events"":6385,""detectors_checked"":209418240}"
    931840,         0,         0,   119.4,decoder_by_matrix,b84cf4b8ca220d31f17e1e2ea9ab927bbc4176b15682c650e7d1dd8f2758172b,"{""distance"":5,""physical_error_rate"":0.0005}","{""detection_events"":267040,""detectors_checked"":158412800}"
    960512,         0,         0,   119.7,decoder_by_matrix,3c866087b289edc25e9adea730044a15db18cabfd3ae2507fc844d5b4e03657a,"{""distance"":5,""physical_error_rate"":5e-06}","{""detection_events"":2720,""detectors_checked"":163287040}"
   1318912,         0,         0,   119.5,decoder_by_matrix,3c866087b289edc25e9adea730044a15db18cabfd3ae2507fc844d5b4e03657a,"{""distance"":5,""physical_error_rate"":5e-06}","{""detection_events"":3735,""detectors_checked"":224215040}"
   1226752,         0,         0,   119.6,decoder_by_matrix,0421d486f8a041838688df650e87c0a19c3450ab7a7cc8b3dc589ebff86d1c74,"{""distance"":5,""physical_error_rate"":0.0001}","{""detection_events"":72895,""detectors_checked"":208547840}"
   1079296,         1,         0,   119.6,decoder_by_matrix,066a5d8d46981b593c3dec855f441edbe9e755a8873183448f69d036a2ecc650,"{""distance"":5,""physical_error_rate"":0.001}","{""detection_events"":617390,""detectors_checked"":183480320,""obs_mistake_mask=E_E_"":1}"
   1252352,         0,         0,   119.5,decoder_by_matrix,e41ade2e4684e0396b9a3890c882b6453b515d69885aa1d89a26ce21ec554895,"{""distance"":5,""physical_error_rate"":1e-06}","{""detection_events"":565,""detectors_checked"":212899840}"
    739328,         0,         0,   119.7,decoder_by_matrix,3c866087b289edc25e9adea730044a15db18cabfd3ae2507fc844d5b4e03657a,"{""distance"":5,""physical_error_rate"":5e-06}","{""detection_events"":2055,""detectors_checked"":125685760}"
    868352,         0,         0,   119.5,decoder_by_matrix,066a5d8d46981b593c3dec855f441edbe9e755a8873183448f69d036a2ecc650,"{""distance"":5,""physical_error_rate"":0.001}","{""detection_events"":493885,""detectors_checked"":147619840}"
    916480,         0,         0,   119.5,decoder_by_matrix,e41ade2e4684e0396b9a3890c882b6453b515d69885aa1d89a26ce21ec554895,"{""distance"":5,""physical_error_rate"":1e-06}","{""detection_events"":525,""detectors_checked"":155801600}"
   1180672,         0,         0,   119.5,decoder_by_matrix,fa5edda0c1038186c8afbec49b0215a0b852396cdb50783a3f937fdf51d2afac,"{""distance"":5,""physical_error_rate"":1e-05}","{""detection_events"":6645,""detectors_checked"":200714240}"
   1180672,         0,         0,   119.5,decoder_by_matrix,066a5d8d46981b593c3dec855f441edbe9e755a8873183448f69d036a2ecc650,"{""distance"":5,""physical_error_rate"":0.001}","{""detection_events"":677895,""detectors_checked"":200714240}"
   1183744,         0,         0,   119.6,decoder_by_matrix,0421d486f8a041838688df650e87c0a19c3450ab7a7cc8b3dc589ebff86d1c74,"{""distance"":5,""physical_error_rate"":0.0001}","{""detection_events"":64560,""detectors_checked"":201236480}"
   1141760,         0,         0,   119.3,decoder_by_matrix,0421d486f8a041838688df650e87c0a19c3450ab7a7cc8b3dc589ebff86d1c74,"{""distance"":5,""physical_error_rate"":0.0001}","{""detection_events"":66020,""detectors_checked"":194099200}"
   1181696,         0,         0,   119.7,decoder_by_matrix,b84cf4b8ca220d31f17e1e2ea9ab927bbc4176b15682c650e7d1dd8f2758172b,"{""distance"":5,""physical_error_rate"":0.0005}","{""detection_events"":333315,""detectors_checked"":200888320}"
   1347584,         0,         0,   119.5,decoder_by_matrix,e41ade2e4684e0396b9a3890c882b6453b515d69885aa1d89a26ce21ec554895,"{""distance"":5,""physical_error_rate"":1e-06}","{""detection_events"":865,""detectors_checked"":229089280}"
   1229824,         0,         0,   119.6,decoder_by_matrix,b84cf4b8ca220d31f17e1e2ea9ab927bbc4176b15682c650e7d1dd8f2758172b,"{""distance"":5,""physical_error_rate"":0.0005}","{""detection_events"":340740,""detectors_checked"":209070080}"
    952320,         0,         0,   119.4,decoder_by_matrix,9c6baee88fc81e7d1aa345fcb3feec7ee81f21c5d49cb6ca037118097d89e180,"{""distance"":5,""physical_error_rate"":5e-05}","{""detection_events"":27485,""detectors_checked"":161894400}"
    976896,         0,         0,   119.2,decoder_by_matrix,9c6baee88fc81e7d1aa345fcb3feec7ee81f21c5d49cb6ca037118097d89e180,"{""distance"":5,""physical_error_rate"":5e-05}","{""detection_events"":28555,""detectors_checked"":166072320}"
   1157120,         0,         0,   119.8,decoder_by_matrix,0421d486f8a041838688df650e87c0a19c3450ab7a7cc8b3dc589ebff86d1c74,"{""distance"":5,""physical_error_rate"":0.0001}","{""detection_events"":65180,""detectors_checked"":196710400}"
    988160,         0,         0,   119.6,decoder_by_matrix,3c866087b289edc25e9adea730044a15db18cabfd3ae2507fc844d5b4e03657a,"{""distance"":5,""physical_error_rate"":5e-06}","{""detection_events"":2765,""detectors_checked"":167987200}"
    732160,         0,         0,   119.7,decoder_by_matrix,e41ade2e4684e0396b9a3890c882b6453b515d69885aa1d89a26ce21ec554895,"{""distance"":5,""physical_error_rate"":1e-06}","{""detection_events"":725,""detectors_checked"":124467200}"
   1004544,         1,         0,   119.7,decoder_by_matrix,066a5d8d46981b593c3dec855f441edbe9e755a8873183448f69d036a2ecc650,"{""distance"":5,""physical_error_rate"":0.001}","{""detection_events"":572775,""detectors_checked"":170772480,""obs_mistake_mask=_E_E"":1}"
   1108992,         0,         0,   119.6,decoder_by_matrix,fa5edda0c1038186c8afbec49b0215a0b852396cdb50783a3f937fdf51d2afac,"{""distance"":5,""physical_error_rate"":1e-05}","{""detection_events"":5835,""detectors_checked"":188528640}"
    708608,         0,         0,   119.5,decoder_by_matrix,9c6baee88fc81e7d1aa345fcb3feec7ee81f21c5d49cb6ca037118097d89e180,"{""distance"":5,""physical_error_rate"":5e-05}","{""detection_events"":20365,""detectors_checked"":120463360}"
   1130496,         0,         0,   119.6,decoder_by_matrix,b84cf4b8ca220d31f17e1e2ea9ab927bbc4176b15682c650e7d1dd8f2758172b,"{""distance"":5,""physical_error_rate"":0.0005}","{""detection_events"":320360,""detectors_checked"":192184320}"
   1336320,         0,         0,   119.6,decoder_by_matrix,fa5edda0c1038186c8afbec49b0215a0b852396cdb50783a3f937fdf51d2afac,"{""distance"":5,""physical_error_rate"":1e-05}","{""detection_events"":7945,""detectors_checked"":227174400}"
   1266688,         0,         0,   119.6,decoder_by_matrix,9c6baee88fc81e7d1aa345fcb3feec7ee81f21c5d49cb6ca037118097d89e180,"{""distance"":5,""physical_error_rate"":5e-05}","{""detection_events"":37080,""detectors_checked"":215336960}"
   1275904,         0,         0,   119.5,decoder_by_matrix,e41ade2e4684e0396b9a3890c882b6453b515d69885aa1d89a26ce21ec554895,"{""distance"":5,""physical_error_rate"":1e-06}","{""detection_events"":725,""detectors_checked"":216903680}"
    912384,         0,         0,   119.6,decoder_by_matrix,3c866087b289edc25e9adea730044a15db18cabfd3ae2507fc844d5b4e03657a,"{""distance"":5,""physical_error_rate"":5e-06}","{""detection_events"":2940,""detectors_checked"":155105280}"
   1095680,         0,         0,   119.5,decoder_by_matrix,0421d486f8a041838688df650e87c0a19c3450ab7a7cc8b3dc589ebff86d1c74,"{""distance"":5,""physical_error_rate"":0.0001}","{""detection_events"":61315,""detectors_checked"":186265600}"
    937984,         0,         0,   119.6,decoder_by_matrix,b84cf4b8ca220d31f17e1e2ea9ab927bbc4176b15682c650e7d1dd8f2758172b,"{""distance"":5,""physical_error_rate"":0.0005}","{""detection_events"":266455,""detectors_checked"":159457280}"
   1275904,         0,         0,   119.5,decoder_by_matrix,0421d486f8a041838688df650e87c0a19c3450ab7a7cc8b3dc589ebff86d1c74,"{""distance"":5,""physical_error_rate"":0.0001}","{""detection_events"":71715,""detectors_checked"":216903680}"
   1292288,         0,         0,   119.5,decoder_by_matrix,fa5edda0c1038186c8afbec49b0215a0b852396cdb50783a3f937fdf51d2afac,"{""distance"":5,""physical_error_rate"":1e-05}","{""detection_events"":6935,""detectors_checked"":219688960}"
    960512,         0,         0,   119.4,decoder_by_matrix,9c6baee88fc81e7d1aa345fcb3feec7ee81f21c5d49cb6ca037118097d89e180,"{""distance"":5,""physical_error_rate"":5e-05}","{""detection_events"":28410,""detectors_checked"":163287040}"
   1172480,         0,         0,   119.6,decoder_by_matrix,fa5edda0c1038186c8afbec49b0215a0b852396cdb50783a3f937fdf51d2afac,"{""distance"":5,""physical_error_rate"":1e-05}","{""detection_events"":6720,""detectors_checked"":199321600}"
   1157120,         2,         0,   119.5,decoder_by_matrix,066a5d8d46981b593c3dec855f441edbe9e755a8873183448f69d036a2ecc650,"{""distance"":5,""physical_error_rate"":0.001}","{""detection_events"":658475,""detectors_checked"":196710400,""obs_mistake_mask=E___"":1,""obs_mistake_mask=_E__"":1}"
   1209344,         0,         0,   119.6,decoder_by_matrix,fa5edda0c1038186c8afbec49b0215a0b852396cdb50783a3f937fdf51d2afac,"{""distance"":5,""physical_error_rate"":1e-05}","{""detection_events"":6670,""detectors_checked"":205588480}"
   1308672,         0,         0,   119.4,decoder_by_matrix,3c866087b289edc25e9adea730044a15db18cabfd3ae2507fc844d5b4e03657a,"{""distance"":5,""physical_error_rate"":5e-06}","{""detection_events"":3475,""detectors_checked"":222474240}"
   1232896,         0,         0,   119.6,decoder_by_matrix,9c6baee88fc81e7d1aa345fcb3feec7ee81f21c5d49cb6ca037118097d89e180,"{""distance"":5,""physical_error_rate"":5e-05}","{""detection_events"":33965,""detectors_checked"":209592320}"
   1202176,         0,         0,   119.6,decoder_by_matrix,066a5d8d46981b593c3dec855f441edbe9e755a8873183448f69d036a2ecc650,"{""distance"":5,""physical_error_rate"":0.001}","{""detection_events"":678065,""detectors_checked"":204369920}"
   1200128,         2,         0,   119.5,decoder_by_matrix,b84cf4b8ca220d31f17e1e2ea9ab927bbc4176b15682c650e7d1dd8f2758172b,"{""distance"":5,""physical_error_rate"":0.0005}","{""detection_events"":343375,""detectors_checked"":204021760,""obs_mistake_mask=E___"":2}"
    864256,         0,         0,   119.6,decoder_by_matrix,e41ade2e4684e0396b9a3890c882b6453b515d69885aa1d89a26ce21ec554895,"{""distance"":5,""physical_error_rate"":1e-06}","{""detection_events"":400,""detectors_checked"":146923520}"
   1193984,         0,         0,   119.6,decoder_by_matrix,9c6baee88fc81e7d1aa345fcb3feec7ee81f21c5d49cb6ca037118097d89e180,"{""distance"":5,""physical_error_rate"":5e-05}","{""detection_events"":33480,""detectors_checked"":202977280}"
   1111040,         0,         0,   119.4,decoder_by_matrix,0421d486f8a041838688df650e87c0a19c3450ab7a7cc8b3dc589ebff86d1c74,"{""distance"":5,""physical_error_rate"":0.0001}","{""detection_events"":62330,""detectors_checked"":188876800}"
    954368,         0,         0,   119.7,decoder_by_matrix,3c866087b289edc25e9adea730044a15db18cabfd3ae2507fc844d5b4e03657a,"{""distance"":5,""physical_error_rate"":5e-06}","{""detection_events"":2545,""detectors_checked"":162242560}"
   1043456,         0,         0,   119.5,decoder_by_matrix,b84cf4b8ca220d31f17e1e2ea9ab927bbc4176b15682c650e7d1dd8f2758172b,"{""distance"":5,""physical_error_rate"":0.0005}","{""detection_events"":297865,""detectors_checked"":177387520}"
   1296384,         0,         0,   119.5,decoder_by_matrix,e41ade2e4684e0396b9a3890c882b6453b515d69885aa1d89a26ce21ec554895,"{""distance"":5,""physical_error_rate"":1e-06}","{""detection_events"":525,""detectors_checked"":220385280}"
    945152,         0,         0,   119.6,decoder_by_matrix,fa5edda0c1038186c8afbec49b0215a0b852396cdb50783a3f937fdf51d2afac,"{""distance"":5,""physical_error_rate"":1e-05}","{""detection_events"":4760,""detectors_checked"":160675840}"
   1142784,         0,         0,   119.5,decoder_by_matrix,b84cf4b8ca220d31f17e1e2ea9ab927bbc4176b15682c650e7d1dd8f2758172b,"{""distance"":5,""physical_error_rate"":0.0005}","{""detection_events"":325255,""detectors_checked"":194273280}"
   1219584,         0,         0,   119.4,decoder_by_matrix,3c866087b289edc25e9adea730044a15db18cabfd3ae2507fc844d5b4e03657a,"{""distance"":5,""physical_error_rate"":5e-06}","{""detection_events"":3580,""detectors_checked"":207329280}"
   1197056,         0,         0,   119.5,decoder_by_matrix,3c866087b289edc25e9adea730044a15db18cabfd3ae2507fc844d5b4e03657a,"{""distance"":5,""physical_error_rate"":5e-06}","{""detection_events"":3150,""detectors_checked"":203499520}"
    818176,         0,         0,   119.4,decoder_by_matrix,0421d486f8a041838688df650e87c0a19c3450ab7a7cc8b3dc589ebff86d1c74,"{""distance"":5,""physical_error_rate"":0.0001}","{""detection_events"":47300,""detectors_checked"":139089920}"
   1132544,         1,         0,   119.6,decoder_by_matrix,066a5d8d46981b593c3dec855f441edbe9e755a8873183448f69d036a2ecc650,"{""distance"":5,""physical_error_rate"":0.001}","{""detection_events"":639360,""detectors_checked"":192532480,""obs_mistake_mask=_E__"":1}"
   1081344,         0,         0,   119.5,decoder_by_matrix,e41ade2e4684e0396b9a3890c882b6453b515d69885aa1d89a26ce21ec554895,"{""distance"":5,""physical_error_rate"":1e-06}","{""detection_events"":570,""detectors_checked"":183828480}"
   1172480,         1,         0,   119.3,decoder_by_matrix,066a5d8d46981b593c3dec855f441edbe9e755a8873183448f69d036a2ecc650,"{""distance"":5,""physical_error_rate"":0.001}","{""detection_events"":667750,""detectors_checked"":199321600,""obs_mistake_mask=_E__"":1}"
   1193984,         0,         0,   119.6,decoder_by_matrix,3c866087b289edc25e9adea730044a15db18cabfd3ae2507fc844d5b4e03657a,"{""distance"":5,""physical_error_rate"":5e-06}","{""detection_events"":3625,""detectors_checked"":202977280}"
   1284096,         0,         0,   119.6,decoder_by_matrix,e41ade2e4684e0396b9a3890c882b6453b515d69885aa1d89a26ce21ec554895,"{""distance"":5,""physical_error_rate"":1e-06}","{""detection_events"":830,""detectors_checked"":218296320}"
   1018880,         0,         0,   119.7,decoder_by_matrix,fa5edda0c1038186c8afbec49b0215a0b852396cdb50783a3f937fdf51d2afac,"{""distance"":5,""physical_error_rate"":1e-05}","{""detection_events"":5010,""detectors_checked"":173209600}"
   1209344,         1,         0,   119.5,decoder_by_matrix,066a5d8d46981b593c3dec855f441edbe9e755a8873183448f69d036a2ecc650,"{""distance"":5,""physical_error_rate"":0.001}","{""detection_events"":680470,""detectors_checked"":205588480,""obs_mistake_mask=_E_E"":1}"
   1162240,         0,         0,   119.6,decoder_by_matrix,0421d486f8a041838688df650e87c0a19c3450ab7a7cc8b3dc589ebff86d1c74,"{""distance"":5,""physical_error_rate"":0.0001}","{""detection_events"":67220,""detectors_checked"":197580800}"
   1209344,         0,         0,   119.6,decoder_by_matrix,0421d486f8a041838688df650e87c0a19c3450ab7a7cc8b3dc589ebff86d1c74,"{""distance"":5,""physical_error_rate"":0.0001}","{""detection_events"":67040,""detectors_checked"":205588480}"
    793600,         0,         0,   119.3,decoder_by_matrix,b84cf4b8ca220d31f17e1e2ea9ab927bbc4176b15682c650e7d1dd8f2758172b,"{""distance"":5,""physical_error_rate"":0.0005}","{""detection_events"":227715,""detectors_checked"":134912000}"
   1264640,         0,         0,   119.6,decoder_by_matrix,e41ade2e4684e0396b9a3890c882b6453b515d69885aa1d89a26ce21ec554895,"{""distance"":5,""physical_error_rate"":1e-06}","{""detection_events"":760,""detectors_checked"":214988800}"
   1150976,         0,         0,   119.5,decoder_by_matrix,b84cf4b8ca220d31f17e1e2ea9ab927bbc4176b15682c650e7d1dd8f2758172b,"{""distance"":5,""physical_error_rate"":0.0005}","{""detection_events"":324630,""detectors_checked"":195665920}"
   1193984,         0,         0,   119.4,decoder_by_matrix,9c6baee88fc81e7d1aa345fcb3feec7ee81f21c5d49cb6ca037118097d89e180,"{""distance"":5,""physical_error_rate"":5e-05}","{""detection_events"":32175,""detectors_checked"":202977280}"
   1164288,         0,         0,   119.5,decoder_by_matrix,9c6baee88fc81e7d1aa345fcb3feec7ee81f21c5d49cb6ca037118097d89e180,"{""distance"":5,""physical_error_rate"":5e-05}","{""detection_events"":32415,""detectors_checked"":197928960}"
   1169408,         0,         0,   119.6,decoder_by_matrix,0421d486f8a041838688df650e87c0a19c3450ab7a7cc8b3dc589ebff86d1c74,"{""distance"":5,""physical_error_rate"":0.0001}","{""detection_events"":67410,""detectors_checked"":198799360}"
   1016832,         0,         0,   119.5,decoder_by_matrix,3c866087b289edc25e9adea730044a15db18cabfd3ae2507fc844d5b4e03657a,"{""distance"":5,""physical_error_rate"":5e-06}","{""detection_events"":2730,""detectors_checked"":172861440}"
    793600,         0,         0,   119.7,decoder_by_matrix,e41ade2e4684e0396b9a3890c882b6453b515d69885aa1d89a26ce21ec554895,"{""distance"":5,""physical_error_rate"":1e-06}","{""detection_events"":470,""detectors_checked"":134912000}"
   1197056,         4,         0,   119.5,decoder_by_matrix,066a5d8d46981b593c3dec855f441edbe9e755a8873183448f69d036a2ecc650,"{""distance"":5,""physical_error_rate"":0.001}","{""detection_events"":675855,""detectors_checked"":203499520,""obs_mistake_mask=EE__"":1,""obs_mistake_mask=E_EE"":1,""obs_mistake_mask=E__E"":2}"
   1104896,         0,         0,   119.6,decoder_by_matrix,fa5edda0c1038186c8afbec49b0215a0b852396cdb50783a3f937fdf51d2afac,"{""distance"":5,""physical_error_rate"":1e-05}","{""detection_events"":6075,""detectors_checked"":187832320}"
   1027072,         0,         0,   119.5,decoder_by_matrix,9c6baee88fc81e7d1aa345fcb3feec7ee81f21c5d49cb6ca037118097d89e180,"{""distance"":5,""physical_error_rate"":5e-05}","{""detection_events"":29945,""detectors_checked"":174602240}"
   1133568,         0,         0,   119.6,decoder_by_matrix,b84cf4b8ca220d31f17e1e2ea9ab927bbc4176b15682c650e7d1dd8f2758172b,"{""distance"":5,""physical_error_rate"":0.0005}","{""detection_events"":327285,""detectors_checked"":192706560}"
   1273856,         0,         0,   119.5,decoder_by_matrix,fa5edda0c1038186c8afbec49b0215a0b852396cdb50783a3f937fdf51d2afac,"{""distance"":5,""physical_error_rate"":1e-05}","{""detection_events"":7270,""detectors_checked"":216555520}"
   1173504,         0,         0,   119.2,decoder_by_matrix,9c6baee88fc81e7d1aa345fcb3feec7ee81f21c5d49cb6ca037118097d89e180,"{""distance"":5,""physical_error_rate"":5e-05}","{""detection_events"":32605,""detectors_checked"":199495680}"
   1178624,         0,         0,   119.5,decoder_by_matrix,e41ade2e4684e0396b9a3890c882b6453b515d69885aa1d89a26ce21ec554895,"{""distance"":5,""physical_error_rate"":1e-06}","{""detection_events"":555,""detectors_checked"":200366080}"
   1098752,         0,         0,   119.5,decoder_by_matrix,0421d486f8a041838688df650e87c0a19c3450ab7a7cc8b3dc589ebff86d1c74,"{""distance"":5,""physical_error_rate"":0.0001}","{""detection_events"":62035,""detectors_checked"":186787840}"
   1045504,         0,         0,   119.7,decoder_by_matrix,3c866087b289edc25e9adea730044a15db18cabfd3ae2507fc844d5b4e03657a,"{""distance"":5,""physical_error_rate"":5e-06}","{""detection_events"":2725,""detectors_checked"":177735680}"
    992256,         0,         0,   119.6,decoder_by_matrix,b84cf4b8ca220d31f17e1e2ea9ab927bbc4176b15682c650e7d1dd8f2758172b,"{""distance"":5,""physical_error_rate"":0.0005}","{""detection_events"":280120,""detectors_checked"":168683520}"
   1086464,         0,         0,   119.4,decoder_by_matrix,0421d486f8a041838688df650e87c0a19c3450ab7a7cc8b3dc589ebff86d1c74,"{""distance"":5,""physical_error_rate"":0.0001}","{""detection_events"":60700,""detectors_checked"":184698880}"
   1247232,         0,         0,   119.6,decoder_by_matrix,fa5edda0c1038186c8afbec49b0215a0b852396cdb50783a3f937fdf51d2afac,"{""distance"":5,""physical_error_rate"":1e-05}","{""detection_events"":7215,""detectors_checked"":212029440}"
   1064960,         1,         0,   119.6,decoder_by_matrix,066a5d8d46981b593c3dec855f441edbe9e755a8873183448f69d036a2ecc650,"{""distance"":5,""physical_error_rate"":0.001}","{""detection_events"":603895,""detectors_checked"":181043200,""obs_mistake_mask=__E_"":1}"
   1203200,         0,         0,   119.6,decoder_by_matrix,fa5edda0c1038186c8afbec49b0215a0b852396cdb50783a3f937fdf51d2afac,"{""distance"":5,""physical_error_rate"":1e-05}","{""detection_events"":7460,""detectors_checked"":204544000}"
   1110016,         0,         0,   119.7,decoder_by_matrix,9c6baee88fc81e7d1aa345fcb3feec7ee81f21c5d49cb6ca037118097d89e180,"{""distance"":5,""physical_error_rate"":5e-05}","{""detection_events"":31985,""detectors_checked"":188702720}"
   1156096,         0,         0,   119.5,decoder_by_matrix,fa5edda0c1038186c8afbec49b0215a0b852396cdb50783a3f937fdf51d2afac,"{""distance"":5,""physical_error_rate"":1e-05}","{""detection_events"":6755,""detectors_checked"":196536320}"
   1255424,         0,         0,   119.4,decoder_by_matrix,3c866087b289edc25e9adea730044a15db18cabfd3ae2507fc844d5b4e03657a,"{""distance"":5,""physical_error_rate"":5e-06}","{""detection_events"":3780,""detectors_checked"":213422080}"
   1081344,         1,         0,   119.5,decoder_by_matrix,066a5d8d46981b593c3dec855f441edbe9e755a8873183448f69d036a2ecc650,"{""distance"":5,""physical_error_rate"":0.001}","{""detection_events"":609340,""detectors_checked"":183828480,""obs_mistake_mask=EE__"":1}"
   1124352,         0,         0,   119.5,decoder_by_matrix,9c6baee88fc81e7d1aa345fcb3feec7ee81f21c5d49cb6ca037118097d89e180,"{""distance"":5,""physical_error_rate"":5e-05}","{""detection_events"":32160,""detectors_checked"":191139840}"
   1174528,         0,         0,   119.5,decoder_by_matrix,b84cf4b8ca220d31f17e1e2ea9ab927bbc4176b15682c650e7d1dd8f2758172b,"{""distance"":5,""physical_error_rate"":0.0005}","{""detection_events"":333895,""detectors_checked"":199669760}"
   1071104,         0,         0,   119.5,decoder_by_matrix,e41ade2e4684e0396b9a3890c882b6453b515d69885aa1d89a26ce21ec554895,"{""distance"":5,""physical_error_rate"":1e-06}","{""detection_events"":485,""detectors_checked"":182087680}"
   1009664,         0,         0,   119.6,decoder_by_matrix,9c6baee88fc81e7d1aa345fcb3feec7ee81f21c5d49cb6ca037118097d89e180,"{""distance"":5,""physical_error_rate"":5e-05}","{""detection_events"":28100,""detectors_checked"":171642880}"
   1087488,         0,         0,   119.6,decoder_by_matrix,0421d486f8a041838688df650e87c0a19c3450ab7a7cc8b3dc589ebff86d1c74,"{""distance"":5,""physical_error_rate"":0.0001}","{""detection_events"":62480,""detectors_checked"":184872960}"
   1130496,         0,         0,   119.6,decoder_by_matrix,3c866087b289edc25e9adea730044a15db18cabfd3ae2507fc844d5b4e03657a,"{""distance"":5,""physical_error_rate"":5e-06}","{""detection_events"":2885,""detectors_checked"":192184320}"
    994304,         0,         0,   119.4,decoder_by_matrix,b84cf4b8ca220d31f17e1e2ea9ab927bbc4176b15682c650e7d1dd8f2758172b,"{""distance"":5,""physical_error_rate"":0.0005}","{""detection_events"":285545,""detectors_checked"":169031680}"
   1252352,         0,         0,   119.6,decoder_by_matrix,e41ade2e4684e0396b9a3890c882b6453b515d69885aa1d89a26ce21ec554895,"{""distance"":5,""physical_error_rate"":1e-06}","{""detection_events"":660,""detectors_checked"":212899840}"
   1017856,         0,         0,   119.3,decoder_by_matrix,fa5edda0c1038186c8afbec49b0215a0b852396cdb50783a3f937fdf51d2afac,"{""distance"":5,""physical_error_rate"":1e-05}","{""detection_events"":6205,""detectors_checked"":173035520}"
   1180672,         1,         0,   119.5,decoder_by_matrix,b84cf4b8ca220d31f17e1e2ea9ab927bbc4176b15682c650e7d1dd8f2758172b,"{""distance"":5,""physical_error_rate"":0.0005}","{""detection_events"":338360,""detectors_checked"":200714240,""obs_mistake_mask=E___"":1}"
   1197056,         0,         0,   119.4,decoder_by_matrix,3c866087b289edc25e9adea730044a15db18cabfd3ae2507fc844d5b4e03657a,"{""distance"":5,""physical_error_rate"":5e-06}","{""detection_events"":3750,""detectors_checked"":203499520}"
   1072128,         0,         0,   119.6,decoder_by_matrix,3c866087b289edc25e9adea730044a15db18cabfd3ae2507fc844d5b4e03657a,"{""distance"":5,""physical_error_rate"":5e-06}","{""detection_events"":3405,""detectors_checked"":182261760}"
   1106944,         0,         0,   119.5,decoder_by_matrix,0421d486f8a041838688df650e87c0a19c3450ab7a7cc8b3dc589ebff86d1c74,"{""distance"":5,""physical_error_rate"":0.0001}","{""detection_events"":63260,""detectors_checked"":188180480}"
   1074176,         1,         0,   119.5,decoder_by_matrix,066a5d8d46981b593c3dec855f441edbe9e755a8873183448f69d036a2ecc650,"{""distance"":5,""physical_error_rate"":0.001}","{""detection_events"":609755,""detectors_checked"":182609920,""obs_mistake_mask=___E"":1}"
   1147904,         0,         0,   119.6,decoder_by_matrix,e41ade2e4684e0396b9a3890c882b6453b515d69885aa1d89a26ce21ec554895,"{""distance"":5,""physical_error_rate"":1e-06}","{""detection_events"":495,""detectors_checked"":195143680}"
   1146880,         0,         0,   119.5,decoder_by_matrix,e41ade2e4684e0396b9a3890c882b6453b515d69885aa1d89a26ce21ec554895,"{""distance"":5,""physical_error_rate"":1e-06}","{""detection_events"":500,""detectors_checked"":194969600}"
   1080320,         4,         0,   119.5,decoder_by_matrix,066a5d8d46981b593c3dec855f441edbe9e755a8873183448f69d036a2ecc650,"{""distance"":5,""physical_error_rate"":0.001}","{""detection_events"":607615,""detectors_checked"":183654400,""obs_mistake_mask=_EEE"":1,""obs_mistake_mask=_E__"":2,""obs_mistake_mask=__E_"":1}"
   1124352,         0,         0,   119.4,decoder_by_matrix,3c866087b289edc25e9adea730044a15db18cabfd3ae2507fc844d5b4e03657a,"{""distance"":5,""physical_error_rate"":5e-06}","{""detection_events"":3035,""detectors_checked"":191139840}"
   1114112,         0,         0,   119.5,decoder_by_matrix,fa5edda0c1038186c8afbec49b0215a0b852396cdb50783a3f937fdf51d2afac,"{""distance"":5,""physical_error_rate"":1e-05}","{""detection_events"":5950,""detectors_checked"":189399040}"
   1144832,         2,         0,   119.5,decoder_by_matrix,066a5d8d46981b593c3dec855f441edbe9e755a8873183448f69d036a2ecc650,"{""distance"":5,""physical_error_rate"":0.001}","{""detection_events"":657685,""detectors_checked"":194621440,""obs_mistake_mask=E___"":1,""obs_mistake_mask=_E__"":1}"
   1012736,         0,         0,   119.5,decoder_by_matrix,0421d486f8a041838688df650e87c0a19c3450ab7a7cc8b3dc589ebff86d1c74,"{""distance"":5,""physical_error_rate"":0.0001}","{""detection_events"":57420,""detectors_checked"":172165120}"
   1090560,         0,         0,   119.5,decoder_by_matrix,b84cf4b8ca220d31f17e1e2ea9ab927bbc4176b15682c650e7d1dd8f2758172b,"{""distance"":5,""physical_error_rate"":0.0005}","{""detection_events"":310460,""detectors_checked"":185395200}"
   1092608,         0,         0,   119.6,decoder_by_matrix,0421d486f8a041838688df650e87c0a19c3450ab7a7cc8b3dc589ebff86d1c74,"{""distance"":5,""physical_error_rate"":0.0001}","{""detection_events"":61655,""detectors_checked"":185743360}"
   1198080,         0,         0,   119.6,decoder_by_matrix,e41ade2e4684e0396b9a3890c882b6453b515d69885aa1d89a26ce21ec554895,"{""distance"":5,""physical_error_rate"":1e-06}","{""detection_events"":845,""detectors_checked"":203673600}"
   1167360,         0,         0,   119.5,decoder_by_matrix,b84cf4b8ca220d31f17e1e2ea9ab927bbc4176b15682c650e7d1dd8f2758172b,"{""distance"":5,""physical_error_rate"":0.0005}","{""detection_events"":332030,""detectors_checked"":198451200}"
   1085440,         0,         0,   119.6,decoder_by_matrix,9c6baee88fc81e7d1aa345fcb3feec7ee81f21c5d49cb6ca037118097d89e180,"{""distance"":5,""physical_error_rate"":5e-05}","{""detection_events"":30580,""detectors_checked"":184524800}"
   1168384,         0,         0,   119.4,decoder_by_matrix,9c6baee88fc81e7d1aa345fcb3feec7ee81f21c5d49cb6ca037118097d89e180,"{""distance"":5,""physical_error_rate"":5e-05}","{""detection_events"":33680,""detectors_checked"":198625280}"
   1084416,         0,         0,   119.3,decoder_by_matrix,0421d486f8a041838688df650e87c0a19c3450ab7a7cc8b3dc589ebff86d1c74,"{""distance"":5,""physical_error_rate"":0.0001}","{""detection_events"":61750,""detectors_checked"":184350720}"
   1093632,         0,         0,   119.6,decoder_by_matrix,3c866087b289edc25e9adea730044a15db18cabfd3ae2507fc844d5b4e03657a,"{""distance"":5,""physical_error_rate"":5e-06}","{""detection_events"":3225,""detectors_checked"":185917440}"
   1180672,         0,         0,   119.6,decoder_by_matrix,e41ade2e4684e0396b9a3890c882b6453b515d69885aa1d89a26ce21ec554895,"{""distance"":5,""physical_error_rate"":1e-06}","{""detection_events"":855,""detectors_checked"":200714240}"
   1033216,         1,         0,   119.6,decoder_by_matrix,066a5d8d46981b593c3dec855f441edbe9e755a8873183448f69d036a2ecc650,"{""distance"":5,""physical_error_rate"":0.001}","{""detection_events"":590685,""detectors_checked"":175646720,""obs_mistake_mask=___E"":1}"
   1146880,         0,         0,   119.6,decoder_by_matrix,fa5edda0c1038186c8afbec49b0215a0b852396cdb50783a3f937fdf51d2afac,"{""distance"":5,""physical_error_rate"":1e-05}","{""detection_events"":6500,""detectors_checked"":194969600}"
   1128448,         0,         0,   119.5,decoder_by_matrix,9c6baee88fc81e7d1aa345fcb3feec7ee81f21c5d49cb6ca037118097d89e180,"{""distance"":5,""physical_error_rate"":5e-05}","{""detection_events"":32360,""detectors_checked"":191836160}"
   1060864,         0,         0,   119.6,decoder_by_matrix,b84cf4b8ca220d31f17e1e2ea9ab927bbc4176b15682c650e7d1dd8f2758172b,"{""distance"":5,""physical_error_rate"":0.0005}","{""detection_events"":302220,""detectors_checked"":180346880}"
   1333248,         0,         0,   119.4,decoder_by_matrix,fa5edda0c1038186c8afbec49b0215a0b852396cdb50783a3f937fdf51d2afac,"{""distance"":5,""physical_error_rate"":1e-05}","{""detection_events"":7760,""detectors_checked"":226652160}"
   1207296,         0,         0,   119.5,decoder_by_matrix,9c6baee88fc81e7d1aa345fcb3feec7ee81f21c5d49cb6ca037118097d89e180,"{""distance"":5,""physical_error_rate"":5e-05}","{""detection_events"":35450,""detectors_checked"":205240320}"
   1031168,         0,         0,   119.5,decoder_by_matrix,e41ade2e4684e0396b9a3890c882b6453b515d69885aa1d89a26ce21ec554895,"{""distance"":5,""physical_error_rate"":1e-06}","{""detection_events"":685,""detectors_checked"":175298560}"
   1192960,         0,         0,   119.4,decoder_by_matrix,0421d486f8a041838688df650e87c0a19c3450ab7a7cc8b3dc589ebff86d1c74,"{""distance"":5,""physical_error_rate"":0.0001}","{""detection_events"":66260,""detectors_checked"":202803200}"
   1225728,         0,         0,   119.6,decoder_by_matrix,3c866087b289edc25e9adea730044a15db18cabfd3ae2507fc844d5b4e03657a,"{""distance"":5,""physical_error_rate"":5e-06}","{""detection_events"":3310,""detectors_checked"":208373760}"
   1210368,         0,         0,   119.6,decoder_by_matrix,b84cf4b8ca220d31f17e1e2ea9ab927bbc4176b15682c650e7d1dd8f2758172b,"{""distance"":5,""physical_error_rate"":0.0005}","{""detection_events"":345575,""detectors_checked"":205762560}"
   1258496,         0,         0,   119.5,decoder_by_matrix,0421d486f8a041838688df650e87c0a19c3450ab7a7cc8b3dc589ebff86d1c74,"{""distance"":5,""physical_error_rate"":0.0001}","{""detection_events"":72055,""detectors_checked"":213944320}"
   1297408,         0,         0,   119.4,decoder_by_matrix,fa5edda0c1038186c8afbec49b0215a0b852396cdb50783a3f937fdf51d2afac,"{""distance"":5,""physical_error_rate"":1e-05}","{""detection_events"":6920,""detectors_checked"":220559360}"
    995328,         2,         0,   119.5,decoder_by_matrix,066a5d8d46981b593c3dec855f441edbe9e755a8873183448f69d036a2ecc650,"{""distance"":5,""physical_error_rate"":0.001}","{""detection_events"":560620,""detectors_checked"":169205760,""obs_mistake_mask=_EEE"":1,""obs_mistake_mask=__EE"":1}"
    817152,         0,         0,   119.5,decoder_by_matrix,fa5edda0c1038186c8afbec49b0215a0b852396cdb50783a3f937fdf51d2afac,"{""distance"":5,""physical_error_rate"":1e-05}","{""detection_events"":4370,""detectors_checked"":138915840}"
    754688,         0,         0,   119.8,decoder_by_matrix,9c6baee88fc81e7d1aa345fcb3feec7ee81f21c5d49cb6ca037118097d89e180,"{""distance"":5,""physical_error_rate"":5e-05}","{""detection_events"":21060,""detectors_checked"":128296960}"
   1224704,         0,         0,   119.5,decoder_by_matrix,fa5edda0c1038186c8afbec49b0215a0b852396cdb50783a3f937fdf51d2afac,"{""distance"":5,""physical_error_rate"":1e-05}","{""detection_events"":7350,""detectors_checked"":208199680}"
   1309696,         0,         0,   119.5,decoder_by_matrix,3c866087b289edc25e9adea730044a15db18cabfd3ae2507fc844d5b4e03657a,"{""distance"":5,""physical_error_rate"":5e-06}","{""detection_events"":3795,""detectors_checked"":222648320}"
   1130496,         0,         0,   119.5,decoder_by_matrix,066a5d8d46981b593c3dec855f441edbe9e755a8873183448f69d036a2ecc650,"{""distance"":5,""physical_error_rate"":0.001}","{""detection_events"":636235,""detectors_checked"":192184320}"
   1134592,         0,         0,   119.6,decoder_by_matrix,9c6baee88fc81e7d1aa345fcb3feec7ee81f21c5d49cb6ca037118097d89e180,"{""distance"":5,""physical_error_rate"":5e-05}","{""detection_events"":32370,""detectors_checked"":192880640}"
    835584,         0,         0,   119.5,decoder_by_matrix,e41ade2e4684e0396b9a3890c882b6453b515d69885aa1d89a26ce21ec554895,"{""distance"":5,""physical_error_rate"":1e-06}","{""detection_events"":470,""detectors_checked"":142049280}"
    818176,         0,         0,   119.6,decoder_by_matrix,b84cf4b8ca220d31f17e1e2ea9ab927bbc4176b15682c650e7d1dd8f2758172b,"{""distance"":5,""physical_error_rate"":0.0005}","{""detection_events"":232775,""detectors_checked"":139089920}"
   1099776,         0,         0,   119.6,decoder_by_matrix,9c6baee88fc81e7d1aa345fcb3feec7ee81f21c5d49cb6ca037118097d89e180,"{""distance"":5,""physical_error_rate"":5e-05}","{""detection_events"":30965,""detectors_checked"":186961920}"
   1124352,         0,         0,   119.5,decoder_by_matrix,0421d486f8a041838688df650e87c0a19c3450ab7a7cc8b3dc589ebff86d1c74,"{""distance"":5,""physical_error_rate"":0.0001}","{""detection_events"":63815,""detectors_checked"":191139840}"
    957440,         0,         0,   119.5,decoder_by_matrix,3c866087b289edc25e9adea730044a15db18cabfd3ae2507fc844d5b4e03657a,"{""distance"":5,""physical_error_rate"":5e-06}","{""detection_events"":2760,""detectors_checked"":162764800}"
   1036288,         0,         0,   119.6,decoder_by_matrix,b84cf4b8ca220d31f17e1e2ea9ab927bbc4176b15682c650e7d1dd8f2758172b,"{""distance"":5,""physical_error_rate"":0.0005}","{""detection_events"":290795,""detectors_checked"":176168960}"
   1271808,         0,         0,   119.4,decoder_by_matrix,e41ade2e4684e0396b9a3890c882b6453b515d69885aa1d89a26ce21ec554895,"{""distance"":5,""physical_error_rate"":1e-06}","{""detection_events"":655,""detectors_checked"":216207360}"
   1034240,         0,         0,   119.4,decoder_by_matrix,fa5edda0c1038186c8afbec49b0215a0b852396cdb50783a3f937fdf51d2afac,"{""distance"":5,""physical_error_rate"":1e-05}","{""detection_events"":6385,""detectors_checked"":175820800}"
   1086464,         0,         0,   119.5,decoder_by_matrix,b84cf4b8ca220d31f17e1e2ea9ab927bbc4176b15682c650e7d1dd8f2758172b,"{""distance"":5,""physical_error_rate"":0.0005}","{""detection_events"":313410,""detectors_checked"":184698880}"
   1284096,         0,         0,   119.5,decoder_by_matrix,3c866087b289edc25e9adea730044a15db18cabfd3ae2507fc844d5b4e03657a,"{""distance"":5,""physical_error_rate"":5e-06}","{""detection_events"":3745,""detectors_checked"":218296320}"
   1150976,         0,         0,   119.6,decoder_by_matrix,3c866087b289edc25e9adea730044a15db18cabfd3ae2507fc844d5b4e03657a,"{""distance"":5,""physical_error_rate"":5e-06}","{""detection_events"":3535,""detectors_checked"":195665920}"
    821248,         0,         0,   119.3,decoder_by_matrix,0421d486f8a041838688df650e87c0a19c3450ab7a7cc8b3dc589ebff86d1c74,"{""distance"":5,""physical_error_rate"":0.0001}","{""detection_events"":48145,""detectors_checked"":139612160}"
   1204224,         2,         0,   119.5,decoder_by_matrix,066a5d8d46981b593c3dec855f441edbe9e755a8873183448f69d036a2ecc650,"{""distance"":5,""physical_error_rate"":0.001}","{""detection_events"":675005,""detectors_checked"":204718080,""obs_mistake_mask=E___"":1,""obs_mistake_mask=_E_E"":1}"
   1256448,         0,         0,   119.4,decoder_by_matrix,e41ade2e4684e0396b9a3890c882b6453b515d69885aa1d89a26ce21ec554895,"{""distance"":5,""physical_error_rate"":1e-06}","{""detection_events"":630,""detectors_checked"":213596160}"
   1291264,         0,         0,   119.3,decoder_by_matrix,e41ade2e4684e0396b9a3890c882b6453b515d69885aa1d89a26ce21ec554895,"{""distance"":5,""physical_error_rate"":1e-06}","{""detection_events"":640,""detectors_checked"":219514880}"
   1201152,         0,         0,   119.4,decoder_by_matrix,3c866087b289edc25e9adea730044a15db18cabfd3ae2507fc844d5b4e03657a,"{""distance"":5,""physical_error_rate"":5e-06}","{""detection_events"":3405,""detectors_checked"":204195840}"
   1217536,         1,         0,   119.4,decoder_by_matrix,066a5d8d46981b593c3dec855f441edbe9e755a8873183448f69d036a2ecc650,"{""distance"":5,""physical_error_rate"":0.001}","{""detection_events"":691600,""detectors_checked"":206981120,""obs_mistake_mask=E_EE"":1}"
   1223680,         0,         0,   119.6,decoder_by_matrix,fa5edda0c1038186c8afbec49b0215a0b852396cdb50783a3f937fdf51d2afac,"{""distance"":5,""physical_error_rate"":1e-05}","{""detection_events"":7065,""detectors_checked"":208025600}"
   1046528,         4,         0,   119.7,decoder_by_matrix,066a5d8d46981b593c3dec855f441edbe9e755a8873183448f69d036a2ecc650,"{""distance"":5,""physical_error_rate"":0.001}","{""detection_events"":595290,""detectors_checked"":177909760,""obs_mistake_mask=EE__"":1,""obs_mistake_mask=E__E"":2,""obs_mistake_mask=_E_E"":1}"
   1231872,         0,         0,   119.4,decoder_by_matrix,0421d486f8a041838688df650e87c0a19c3450ab7a7cc8b3dc589ebff86d1c74,"{""distance"":5,""physical_error_rate"":0.0001}","{""detection_events"":70040,""detectors_checked"":209418240}"
    997376,         0,         0,   119.6,decoder_by_matrix,0421d486f8a041838688df650e87c0a19c3450ab7a7cc8b3dc589ebff86d1c74,"{""distance"":5,""physical_error_rate"":0.0001}","{""detection_events"":57640,""detectors_checked"":169553920}"
   1200128,         0,         0,   119.4,decoder_by_matrix,b84cf4b8ca220d31f17e1e2ea9ab927bbc4176b15682c650e7d1dd8f2758172b,"{""distance"":5,""physical_error_rate"":0.0005}","{""detection_events"":343950,""detectors_checked"":204021760}"
   1211392,         0,         0,   119.5,decoder_by_matrix,e41ade2e4684e0396b9a3890c882b6453b515d69885aa1d89a26ce21ec554895,"{""distance"":5,""physical_error_rate"":1e-06}","{""detection_events"":880,""detectors_checked"":205936640}"
   1172480,         0,         0,   119.5,decoder_by_matrix,b84cf4b8ca220d31f17e1e2ea9ab927bbc4176b15682c650e7d1dd8f2758172b,"{""distance"":5,""physical_error_rate"":0.0005}","{""detection_events"":338735,""detectors_checked"":199321600}"
    917504,         0,         0,   119.6,decoder_by_matrix,9c6baee88fc81e7d1aa345fcb3feec7ee81f21c5d49cb6ca037118097d89e180,"{""distance"":5,""physical_error_rate"":5e-05}","{""detection_events"":26665,""detectors_checked"":155975680}"
   1138688,         0,         0,   119.5,decoder_by_matrix,9c6baee88fc81e7d1aa345fcb3feec7ee81f21c5d49cb6ca037118097d89e180,"{""distance"":5,""physical_error_rate"":5e-05}","{""detection_events"":31720,""detectors_checked"":193576960}"
   1000448,         0,         0,   119.5,decoder_by_matrix,0421d486f8a041838688df650e87c0a19c3450ab7a7cc8b3dc589ebff86d1c74,"{""distance"":5,""physical_error_rate"":0.0001}","{""detection_events"":56170,""detectors_checked"":170076160}"
   1205248,         0,         0,   119.6,decoder_by_matrix,3c866087b289edc25e9adea730044a15db18cabfd3ae2507fc844d5b4e03657a,"{""distance"":5,""physical_error_rate"":5e-06}","{""detection_events"":3390,""detectors_checked"":204892160}"
    792576,         0,         0,   119.7,decoder_by_matrix,e41ade2e4684e0396b9a3890c882b6453b515d69885aa1d89a26ce21ec554895,"{""distance"":5,""physical_error_rate"":1e-06}","{""detection_events"":410,""detectors_checked"":134737920}"
   1187840,         2,         0,   119.4,decoder_by_matrix,066a5d8d46981b593c3dec855f441edbe9e755a8873183448f69d036a2ecc650,"{""distance"":5,""physical_error_rate"":0.001}","{""detection_events"":672805,""detectors_checked"":201932800,""obs_mistake_mask=E___"":1,""obs_mistake_mask=__EE"":1}"
   1189888,         0,         0,   119.4,decoder_by_matrix,9c6baee88fc81e7d1aa345fcb3feec7ee81f21c5d49cb6ca037118097d89e180,"{""distance"":5,""physical_error_rate"":5e-05}","{""detection_events"":33375,""detectors_checked"":202280960}"
   1224704,         0,         0,   119.5,decoder_by_matrix,fa5edda0c1038186c8afbec49b0215a0b852396cdb50783a3f937fdf51d2afac,"{""distance"":5,""physical_error_rate"":1e-05}","{""detection_events"":6475,""detectors_checked"":208199680}"
   1102848,         0,         0,   119.4,decoder_by_matrix,b84cf4b8ca220d31f17e1e2ea9ab927bbc4176b15682c650e7d1dd8f2758172b,"{""distance"":5,""physical_error_rate"":0.0005}","{""detection_events"":306815,""detectors_checked"":187484160}"
   1254400,         0,         0,   119.6,decoder_by_matrix,fa5edda0c1038186c8afbec49b0215a0b852396cdb50783a3f937fdf51d2afac,"{""distance"":5,""physical_error_rate"":1e-05}","{""detection_events"":7490,""detectors_checked"":213248000}"
   1136640,         0,         0,   119.5,decoder_by_matrix,9c6baee88fc81e7d1aa345fcb3feec7ee81f21c5d49cb6ca037118097d89e180,"{""distance"":5,""physical_error_rate"":5e-05}","{""detection_events"":32155,""detectors_checked"":193228800}"
   1232896,         0,         0,   119.6,decoder_by_matrix,e41ade2e4684e0396b9a3890c882b6453b515d69885aa1d89a26ce21ec554895,"{""distance"":5,""physical_error_rate"":1e-06}","{""detection_events"":895,""detectors_checked"":209592320}"
   1120256,         0,         0,   119.5,decoder_by_matrix,0421d486f8a041838688df650e87c0a19c3450ab7a7cc8b3dc589ebff86d1c74,"{""distance"":5,""physical_error_rate"":0.0001}","{""detection_events"":66245,""detectors_checked"":190443520}"
   1145856,         0,         0,   119.7,decoder_by_matrix,3c866087b289edc25e9adea730044a15db18cabfd3ae2507fc844d5b4e03657a,"{""distance"":5,""physical_error_rate"":5e-06}","{""detection_events"":3200,""detectors_checked"":194795520}"
   1136640,         1,         0,   119.6,decoder_by_matrix,b84cf4b8ca220d31f17e1e2ea9ab927bbc4176b15682c650e7d1dd8f2758172b,"{""distance"":5,""physical_error_rate"":0.0005}","{""detection_events"":326245,""detectors_checked"":193228800,""obs_mistake_mask=___E"":1}"
   1238016,         0,         0,   119.5,decoder_by_matrix,0421d486f8a041838688df650e87c0a19c3450ab7a7cc8b3dc589ebff86d1c74,"{""distance"":5,""physical_error_rate"":0.0001}","{""detection_events"":69645,""detectors_checked"":210462720}"
   1119232,         0,         0,   119.5,decoder_by_matrix,fa5edda0c1038186c8afbec49b0215a0b852396cdb50783a3f937fdf51d2afac,"{""distance"":5,""physical_error_rate"":1e-05}","{""detection_events"":5795,""detectors_checked"":190269440}"
   1084416,         2,         0,   119.6,decoder_by_matrix,066a5d8d46981b593c3dec855f441edbe9e755a8873183448f69d036a2ecc650,"{""distance"":5,""physical_error_rate"":0.001}","{""detection_events"":609965,""detectors_checked"":184350720,""obs_mistake_mask=_EEE"":1,""obs_mistake_mask=__E_"":1}"
   1121280,         0,         0,   119.4,decoder_by_matrix,9c6baee88fc81e7d1aa345fcb3feec7ee81f21c5d49cb6ca037118097d89e180,"{""distance"":5,""physical_error_rate"":5e-05}","{""detection_events"":31355,""detectors_checked"":190617600}"
   1094656,         0,         0,   119.3,decoder_by_matrix,fa5edda0c1038186c8afbec49b0215a0b852396cdb50783a3f937fdf51d2afac,"{""distance"":5,""physical_error_rate"":1e-05}","{""detection_events"":6745,""detectors_checked"":186091520}"
   1216512,         0,         0,   119.5,decoder_by_matrix,fa5edda0c1038186c8afbec49b0215a0b852396cdb50783a3f937fdf51d2afac,"{""distance"":5,""physical_error_rate"":1e-05}","{""detection_events"":7395,""detectors_checked"":206807040}"
   1321984,         0,         0,   119.6,decoder_by_matrix,3c866087b289edc25e9adea730044a15db18cabfd3ae2507fc844d5b4e03657a,"{""distance"":5,""physical_error_rate"":5e-06}","{""detection_events"":3800,""detectors_checked"":224737280}"
   1141760,         3,         0,   119.4,decoder_by_matrix,066a5d8d46981b593c3dec855f441edbe9e755a8873183448f69d036a2ecc650,"{""distance"":5,""physical_error_rate"":0.001}","{""detection_events"":644275,""detectors_checked"":194099200,""obs_mistake_mask=_EE_"":1,""obs_mistake_mask=_E__"":1,""obs_mistake_mask=__E_"":1}"
   1178624,         0,         0,   119.6,decoder_by_matrix,9c6baee88fc81e7d1aa345fcb3feec7ee81f21c5d49cb6ca037118097d89e180,"{""distance"":5,""physical_error_rate"":5e-05}","{""detection_events"":34930,""detectors_checked"":200366080}"
   1248256,         0,         0,   119.5,decoder_by_matrix,e41ade2e4684e0396b9a3890c882b6453b515d69885aa1d89a26ce21ec554895,"{""distance"":5,""physical_error_rate"":1e-06}","{""detection_events"":590,""detectors_checked"":212203520}"
   1186816,         0,         0,   119.4,decoder_by_matrix,b84cf4b8ca220d31f17e1e2ea9ab927bbc4176b15682c650e7d1dd8f2758172b,"{""distance"":5,""physical_error_rate"":0.0005}","{""detection_events"":333510,""detectors_checked"":201758720}"
   1259520,         0,         0,   119.5,decoder_by_matrix,9c6baee88fc81e7d1aa345fcb3feec7ee81f21c5d49cb6ca037118097d89e180,"{""distance"":5,""physical_error_rate"":5e-05}","{""detection_events"":36050,""detectors_checked"":214118400}"
   1002496,         0,         0,   119.2,decoder_by_matrix,0421d486f8a041838688df650e87c0a19c3450ab7a7cc8b3dc589ebff86d1c74,"{""distance"":5,""physical_error_rate"":0.0001}","{""detection_events"":58370,""detectors_checked"":170424320}"
   1221632,         0,         0,   119.7,decoder_by_matrix,3c866087b289edc25e9adea730044a15db18cabfd3ae2507fc844d5b4e03657a,"{""distance"":5,""physical_error_rate"":5e-06}","{""detection_events"":3480,""detectors_checked"":207677440}"
   1036288,         0,         0,   119.8,decoder_by_matrix,b84cf4b8ca220d31f17e1e2ea9ab927bbc4176b15682c650e7d1dd8f2758172b,"{""distance"":5,""physical_error_rate"":0.0005}","{""detection_events"":297010,""detectors_checked"":176168960}"
   1301504,         0,         0,   119.6,decoder_by_matrix,e41ade2e4684e0396b9a3890c882b6453b515d69885aa1d89a26ce21ec554895,"{""distance"":5,""physical_error_rate"":1e-06}","{""detection_events"":755,""detectors_checked"":221255680}"
   1090560,         0,         0,   119.4,decoder_by_matrix,fa5edda0c1038186c8afbec49b0215a0b852396cdb50783a3f937fdf51d2afac,"{""distance"":5,""physical_error_rate"":1e-05}","{""detection_events"":6750,""detectors_checked"":185395200}"
   1192960,         0,         0,   119.5,decoder_by_matrix,3c866087b289edc25e9adea730044a15db18cabfd3ae2507fc844d5b4e03657a,"{""distance"":5,""physical_error_rate"":5e-06}","{""detection_events"":3415,""detectors_checked"":202803200}"
   1102848,         0,         0,   119.5,decoder_by_matrix,3c866087b289edc25e9adea730044a15db18cabfd3ae2507fc844d5b4e03657a,"{""distance"":5,""physical_error_rate"":5e-06}","{""detection_events"":3130,""detectors_checked"":187484160}"
   1078272,         0,         0,   119.6,decoder_by_matrix,0421d486f8a041838688df650e87c0a19c3450ab7a7cc8b3dc589ebff86d1c74,"{""distance"":5,""physical_error_rate"":0.0001}","{""detection_events"":63915,""detectors_checked"":183306240}"
    964608,         0,         0,   119.5,decoder_by_matrix,b84cf4b8ca220d31f17e1e2ea9ab927bbc4176b15682c650e7d1dd8f2758172b,"{""distance"":5,""physical_error_rate"":0.0005}","{""detection_events"":277495,""detectors_checked"":163983360}"
   1148928,         3,         0,   119.4,decoder_by_matrix,066a5d8d46981b593c3dec855f441edbe9e755a8873183448f69d036a2ecc650,"{""distance"":5,""physical_error_rate"":0.001}","{""detection_events"":648875,""detectors_checked"":195317760,""obs_mistake_mask=E_E_"":1,""obs_mistake_mask=_E__"":1,""obs_mistake_mask=___E"":1}"
   1278976,         0,         0,   119.6,decoder_by_matrix,e41ade2e4684e0396b9a3890c882b6453b515d69885aa1d89a26ce21ec554895,"{""distance"":5,""physical_error_rate"":1e-06}","{""detection_events"":630,""detectors_checked"":217425920}"
   1137664,         0,         0,   119.5,decoder_by_matrix,e41ade2e4684e0396b9a3890c882b6453b515d69885aa1d89a26ce21ec554895,"{""distance"":5,""physical_error_rate"":1e-06}","{""detection_events"":675,""detectors_checked"":193402880}"
   1101824,         2,         0,   119.4,decoder_by_matrix,066a5d8d46981b593c3dec855f441edbe9e755a8873183448f69d036a2ecc650,"{""distance"":5,""physical_error_rate"":0.001}","{""detection_events"":625270,""detectors_checked"":187310080,""obs_mistake_mask=_E__"":2}"
   1266688,         0,         0,   119.6,decoder_by_matrix,3c866087b289edc25e9adea730044a15db18cabfd3ae2507fc844d5b4e03657a,"{""distance"":5,""physical_error_rate"":5e-06}","{""detection_events"":3015,""detectors_checked"":215336960}"
   1177600,         0,         0,   119.5,decoder_by_matrix,fa5edda0c1038186c8afbec49b0215a0b852396cdb50783a3f937fdf51d2afac,"{""distance"":5,""physical_error_rate"":1e-05}","{""detection_events"":6920,""detectors_checked"":200192000}"
    959488,         2,         0,   119.8,decoder_by_matrix,066a5d8d46981b593c3dec855f441edbe9e755a8873183448f69d036a2ecc650,"{""distance"":5,""physical_error_rate"":0.001}","{""detection_events"":544770,""detectors_checked"":163112960,""obs_mistake_mask=_EE_"":1,""obs_mistake_mask=___E"":1}"
   1259520,         0,         0,   119.3,decoder_by_matrix,0421d486f8a041838688df650e87c0a19c3450ab7a7cc8b3dc589ebff86d1c74,"{""distance"":5,""physical_error_rate"":0.0001}","{""detection_events"":71085,""detectors_checked"":214118400}"
   1048576,         0,         0,   119.3,decoder_by_matrix,0421d486f8a041838688df650e87c0a19c3450ab7a7cc8b3dc589ebff86d1c74,"{""distance"":5,""physical_error_rate"":0.0001}","{""detection_events"":61335,""detectors_checked"":178257920}"
    944128,         1,         0,   119.5,decoder_by_matrix,b84cf4b8ca220d31f17e1e2ea9ab927bbc4176b15682c650e7d1dd8f2758172b,"{""distance"":5,""physical_error_rate"":0.0005}","{""detection_events"":269840,""detectors_checked"":160501760,""obs_mistake_mask=_EEE"":1}"
   1079296,         0,         0,   119.4,decoder_by_matrix,b84cf4b8ca220d31f17e1e2ea9ab927bbc4176b15682c650e7d1dd8f2758172b,"{""distance"":5,""physical_error_rate"":0.0005}","{""detection_events"":306990,""detectors_checked"":183480320}"
    963584,         0,         0,   119.6,decoder_by_matrix,e41ade2e4684e0396b9a3890c882b6453b515d69885aa1d89a26ce21ec554895,"{""distance"":5,""physical_error_rate"":1e-06}","{""detection_events"":500,""detectors_checked"":163809280}"
   1027072,         0,         0,   119.5,decoder_by_matrix,9c6baee88fc81e7d1aa345fcb3feec7ee81f21c5d49cb6ca037118097d89e180,"{""distance"":5,""physical_error_rate"":5e-05}","{""detection_events"":27940,""detectors_checked"":174602240}"
   1087488,         0,         0,   119.3,decoder_by_matrix,9c6baee88fc81e7d1aa345fcb3feec7ee81f21c5d49cb6ca037118097d89e180,"{""distance"":5,""physical_error_rate"":5e-05}","{""detection_events"":30255,""detectors_checked"":184872960}"
   1176576,         0,         0,   119.5,decoder_by_matrix,0421d486f8a041838688df650e87c0a19c3450ab7a7cc8b3dc589ebff86d1c74,"{""distance"":5,""physical_error_rate"":0.0001}","{""detection_events"":68950,""detectors_checked"":200017920}"
    870400,         0,         0,   119.7,decoder_by_matrix,3c866087b289edc25e9adea730044a15db18cabfd3ae2507fc844d5b4e03657a,"{""distance"":5,""physical_error_rate"":5e-06}","{""detection_events"":2495,""detectors_checked"":147968000}"
    889856,         0,         0,   119.7,decoder_by_matrix,e41ade2e4684e0396b9a3890c882b6453b515d69885aa1d89a26ce21ec554895,"{""distance"":5,""physical_error_rate"":1e-06}","{""detection_events"":515,""detectors_checked"":151275520}"
   1129472,         4,         0,   119.5,decoder_by_matrix,066a5d8d46981b593c3dec855f441edbe9e755a8873183448f69d036a2ecc650,"{""distance"":5,""physical_error_rate"":0.001}","{""detection_events"":637515,""detectors_checked"":192010240,""obs_mistake_mask=EE__"":1,""obs_mistake_mask=__EE"":2,""obs_mistake_mask=___E"":1}"
    920576,         0,         0,   119.6,decoder_by_matrix,fa5edda0c1038186c8afbec49b0215a0b852396cdb50783a3f937fdf51d2afac,"{""distance"":5,""physical_error_rate"":1e-05}","{""detection_events"":5815,""detectors_checked"":156497920}"
   1167360,         0,         0,   119.5,decoder_by_matrix,9c6baee88fc81e7d1aa345fcb3feec7ee81f21c5d49cb6ca037118097d89e180,"{""distance"":5,""physical_error_rate"":5e-05}","{""detection_events"":33785,""detectors_checked"":198451200}"
   1169408,         1,         0,   119.4,decoder_by_matrix,b84cf4b8ca220d31f17e1e2ea9ab927bbc4176b15682c650e7d1dd8f2758172b,"{""distance"":5,""physical_error_rate"":0.0005}","{""detection_events"":333765,""detectors_checked"":198799360,""obs_mistake_mask=__EE"":1}"
   1408000,         0,         0,   119.5,decoder_by_matrix,fa5edda0c1038186c8afbec49b0215a0b852396cdb50783a3f937fdf51d2afac,"{""distance"":5,""physical_error_rate"":1e-05}","{""detection_events"":8055,""detectors_checked"":239360000}"
   1303552,         0,         0,   119.6,decoder_by_matrix,9c6baee88fc81e7d1aa345fcb3feec7ee81f21c5d49cb6ca037118097d89e180,"{""distance"":5,""physical_error_rate"":5e-05}","{""detection_events"":37105,""detectors_checked"":221603840}"
   1277952,         0,         0,   119.4,decoder_by_matrix,e41ade2e4684e0396b9a3890c882b6453b515d69885aa1d89a26ce21ec554895,"{""distance"":5,""physical_error_rate"":1e-06}","{""detection_events"":560,""detectors_checked"":217251840}"
   1201152,         0,         0,   119.7,decoder_by_matrix,0421d486f8a041838688df650e87c0a19c3450ab7a7cc8b3dc589ebff86d1c74,"{""distance"":5,""physical_error_rate"":0.0001}","{""detection_events"":66320,""detectors_checked"":204195840}"
   1103872,         0,         0,   119.5,decoder_by_matrix,3c866087b289edc25e9adea730044a15db18cabfd3ae2507fc844d5b4e03657a,"{""distance"":5,""physical_error_rate"":5e-06}","{""detection_events"":3180,""detectors_checked"":187658240}"
    757760,         0,         0,   119.5,decoder_by_matrix,b84cf4b8ca220d31f17e1e2ea9ab927bbc4176b15682c650e7d1dd8f2758172b,"{""distance"":5,""physical_error_rate"":0.0005}","{""detection_events"":215055,""detectors_checked"":128819200}"
   1089536,         0,         0,   119.4,decoder_by_matrix,0421d486f8a041838688df650e87c0a19c3450ab7a7cc8b3dc589ebff86d1c74,"{""distance"":5,""physical_error_rate"":0.0001}","{""detection_events"":62440,""detectors_checked"":185221120}"
   1191936,         0,         0,   119.6,decoder_by_matrix,fa5edda0c1038186c8afbec49b0215a0b852396cdb50783a3f937fdf51d2afac,"{""distance"":5,""physical_error_rate"":1e-05}","{""detection_events"":6880,""detectors_checked"":202629120}"
   1057792,         5,         0,   119.6,decoder_by_matrix,066a5d8d46981b593c3dec855f441edbe9e755a8873183448f69d036a2ecc650,"{""distance"":5,""physical_error_rate"":0.001}","{""detection_events"":597450,""detectors_checked"":179824640,""obs_mistake_mask=EEE_"":1,""obs_mistake_mask=E___"":1,""obs_mistake_mask=_EE_"":1,""obs_mistake_mask=_E__"":1,""obs_mistake_mask=__E_"":1}"
   1091584,         0,         0,   119.4,decoder_by_matrix,fa5edda0c1038186c8afbec49b0215a0b852396cdb50783a3f937fdf51d2afac,"{""distance"":5,""physical_error_rate"":1e-05}","{""detection_events"":5930,""detectors_checked"":185569280}"
   1136640,         0,         0,   119.6,decoder_by_matrix,9c6baee88fc81e7d1aa345fcb3feec7ee81f21c5d49cb6ca037118097d89e180,"{""distance"":5,""physical_error_rate"":5e-05}","{""detection_events"":31600,""detectors_checked"":193228800}"
   1287168,         0,         0,   119.6,decoder_by_matrix,fa5edda0c1038186c8afbec49b0215a0b852396cdb50783a3f937fdf51d2afac,"{""distance"":5,""physical_error_rate"":1e-05}","{""detection_events"":7735,""detectors_checked"":218818560}"
   1293312,         0,         0,   119.4,decoder_by_matrix,3c866087b289edc25e9adea730044a15db18cabfd3ae2507fc844d5b4e03657a,"{""distance"":5,""physical_error_rate"":5e-06}","{""detection_events"":3040,""detectors_checked"":219863040}"
   1261568,         1,         0,   119.5,decoder_by_matrix,066a5d8d46981b593c3dec855f441edbe9e755a8873183448f69d036a2ecc650,"{""distance"":5,""physical_error_rate"":0.001}","{""detection_events"":710110,""detectors_checked"":214466560,""obs_mistake_mask=EE__"":1}"
   1312768,         0,         0,   119.6,decoder_by_matrix,9c6baee88fc81e7d1aa345fcb3feec7ee81f21c5d49cb6ca037118097d89e180,"{""distance"":5,""physical_error_rate"":5e-05}","{""detection_events"":37290,""detectors_checked"":223170560}"
   1084416,         2,         0,   119.5,decoder_by_matrix,b84cf4b8ca220d31f17e1e2ea9ab927bbc4176b15682c650e7d1dd8f2758172b,"{""distance"":5,""physical_error_rate"":0.0005}","{""detection_events"":309085,""detectors_checked"":184350720,""obs_mistake_mask=EE__"":1,""obs_mistake_mask=__EE"":1}"
   1039360,         0,         0,   119.6,decoder_by_matrix,e41ade2e4684e0396b9a3890c882b6453b515d69885aa1d89a26ce21ec554895,"{""distance"":5,""physical_error_rate"":1e-06}","{""detection_events"":650,""detectors_checked"":176691200}"
   1176576,         0,         0,   119.4,decoder_by_matrix,9c6baee88fc81e7d1aa345fcb3feec7ee81f21c5d49cb6ca037118097d89e180,"{""distance"":5,""physical_error_rate"":5e-05}","{""detection_events"":32400,""detectors_checked"":200017920}"
   1181696,         0,         0,   119.5,decoder_by_matrix,0421d486f8a041838688df650e87c0a19c3450ab7a7cc8b3dc589ebff86d1c74,"{""distance"":5,""physical_error_rate"":0.0001}","{""detection_events"":67010,""detectors_checked"":200888320}"
    931840,         0,         0,   119.6,decoder_by_matrix,3c866087b289edc25e9adea730044a15db18cabfd3ae2507fc844d5b4e03657a,"{""distance"":5,""physical_error_rate"":5e-06}","{""detection_events"":2790,""detectors_checked"":158412800}"
    816128,         0,         0,   119.6,decoder_by_matrix,b84cf4b8ca220d31f17e1e2ea9ab927bbc4176b15682c650e7d1dd8f2758172b,"{""distance"":5,""physical_error_rate"":0.0005}","{""detection_events"":232925,""detectors_checked"":138741760}"
   1152000,         0,         0,   119.5,decoder_by_matrix,e41ade2e4684e0396b9a3890c882b6453b515d69885aa1d89a26ce21ec554895,"{""distance"":5,""physical_error_rate"":1e-06}","{""detection_events"":740,""detectors_checked"":195840000}"
   1094656,         0,         0,   119.5,decoder_by_matrix,fa5edda0c1038186c8afbec49b0215a0b852396cdb50783a3f937fdf51d2afac,"{""distance"":5,""physical_error_rate"":1e-05}","{""detection_events"":6185,""detectors_checked"":186091520}"
   1022976,         0,         0,   119.4,decoder_by_matrix,0421d486f8a041838688df650e87c0a19c3450ab7a7cc8b3dc589ebff86d1c74,"{""distance"":5,""physical_error_rate"":0.0001}","{""detection_events"":57295,""detectors_checked"":173905920}"
   1156096,         0,         0,   119.6,decoder_by_matrix,3c866087b289edc25e9adea730044a15db18cabfd3ae2507fc844d5b4e03657a,"{""distance"":5,""physical_error_rate"":5e-06}","{""detection_events"":3185,""detectors_checked"":196536320}"
   1108992,         2,         0,   119.6,decoder_by_matrix,b84cf4b8ca220d31f17e1e2ea9ab927bbc4176b15682c650e7d1dd8f2758172b,"{""distance"":5,""physical_error_rate"":0.0005}","{""detection_events"":315830,""detectors_checked"":188528640,""obs_mistake_mask=E___"":2}"
   1227776,         0,         0,   119.6,decoder_by_matrix,3c866087b289edc25e9adea730044a15db18cabfd3ae2507fc844d5b4e03657a,"{""distance"":5,""physical_error_rate"":5e-06}","{""detection_events"":3575,""detectors_checked"":208721920}"
   1261568,         3,         0,   119.5,decoder_by_matrix,066a5d8d46981b593c3dec855f441edbe9e755a8873183448f69d036a2ecc650,"{""distance"":5,""physical_error_rate"":0.001}","{""detection_events"":715320,""detectors_checked"":214466560,""obs_mistake_mask=EEE_"":1,""obs_mistake_mask=__E_"":1,""obs_mistake_mask=___E"":1}"
   1044480,         0,         0,   119.7,decoder_by_matrix,e41ade2e4684e0396b9a3890c882b6453b515d69885aa1d89a26ce21ec554895,"{""distance"":5,""physical_error_rate"":1e-06}","{""detection_events"":445,""detectors_checked"":177561600}"
   1193984,         0,         0,   119.5,decoder_by_matrix,e41ade2e4684e0396b9a3890c882b6453b515d69885aa1d89a26ce21ec554895,"{""distance"":5,""physical_error_rate"":1e-06}","{""detection_events"":605,""detectors_checked"":202977280}"
   1285120,         5,         0,   119.5,decoder_by_matrix,066a5d8d46981b593c3dec855f441edbe9e755a8873183448f69d036a2ecc650,"{""distance"":5,""physical_error_rate"":0.001}","{""detection_events"":738170,""detectors_checked"":218470400,""obs_mistake_mask=E__E"":1,""obs_mistake_mask=_EEE"":1,""obs_mistake_mask=_E__"":1,""obs_mistake_mask=__E_"":1,""obs_mistake_mask=___E"":1}"
   1304576,         0,         0,   119.6,decoder_by_matrix,fa5edda0c1038186c8afbec49b0215a0b852396cdb50783a3f937fdf51d2afac,"{""distance"":5,""physical_error_rate"":1e-05}","{""detection_events"":7715,""detectors_checked"":221777920}"
   1044480,         0,         0,   119.7,decoder_by_matrix,3c866087b289edc25e9adea730044a15db18cabfd3ae2507fc844d5b4e03657a,"{""distance"":5,""physical_error_rate"":5e-06}","{""detection_events"":3120,""detectors_checked"":177561600}"
    925696,         0,         0,   119.6,decoder_by_matrix,066a5d8d46981b593c3dec855f441edbe9e755a8873183448f69d036a2ecc650,"{""distance"":5,""physical_error_rate"":0.001}","{""detection_events"":527375,""detectors_checked"":157368320}"
   1175552,         0,         0,   119.5,decoder_by_matrix,0421d486f8a041838688df650e87c0a19c3450ab7a7cc8b3dc589ebff86d1c74,"{""distance"":5,""physical_error_rate"":0.0001}","{""detection_events"":67120,""detectors_checked"":199843840}"
   1283072,         0,         0,   119.6,decoder_by_matrix,0421d486f8a041838688df650e87c0a19c3450ab7a7cc8b3dc589ebff86d1c74,"{""distance"":5,""physical_error_rate"":0.0001}","{""detection_events"":72665,""detectors_checked"":218122240}"
   1129472,         1,         0,   119.5,decoder_by_matrix,b84cf4b8ca220d31f17e1e2ea9ab927bbc4176b15682c650e7d1dd8f2758172b,"{""distance"":5,""physical_error_rate"":0.0005}","{""detection_events"":322345,""detectors_checked"":192010240,""obs_mistake_mask=___E"":1}"
   1103872,         0,         0,   119.4,decoder_by_matrix,b84cf4b8ca220d31f17e1e2ea9ab927bbc4176b15682c650e7d1dd8f2758172b,"{""distance"":5,""physical_error_rate"":0.0005}","{""detection_events"":314755,""detectors_checked"":187658240}"
    921600,         0,         0,   119.5,decoder_by_matrix,e41ade2e4684e0396b9a3890c882b6453b515d69885aa1d89a26ce21ec554895,"{""distance"":5,""physical_error_rate"":1e-06}","{""detection_events"":690,""detectors_checked"":156672000}"
   1261568,         0,         0,   119.5,decoder_by_matrix,9c6baee88fc81e7d1aa345fcb3feec7ee81f21c5d49cb6ca037118097d89e180,"{""distance"":5,""physical_error_rate"":5e-05}","{""detection_events"":35460,""detectors_checked"":214466560}"
   1122304,         0,         0,   119.6,decoder_by_matrix,9c6baee88fc81e7d1aa345fcb3feec7ee81f21c5d49cb6ca037118097d89e180,"{""distance"":5,""physical_error_rate"":5e-05}","{""detection_events"":31480,""detectors_checked"":190791680}"
   1020928,         0,         0,   119.6,decoder_by_matrix,0421d486f8a041838688df650e87c0a19c3450ab7a7cc8b3dc589ebff86d1c74,"{""distance"":5,""physical_error_rate"":0.0001}","{""detection_events"":58215,""detectors_checked"":173557760}"
   1071104,         0,         0,   119.6,decoder_by_matrix,3c866087b289edc25e9adea730044a15db18cabfd3ae2507fc844d5b4e03657a,"{""distance"":5,""physical_error_rate"":5e-06}","{""detection_events"":3120,""detectors_checked"":182087680}"
    808960,         0,         0,   119.7,decoder_by_matrix,e41ade2e4684e0396b9a3890c882b6453b515d69885aa1d89a26ce21ec554895,"{""distance"":5,""physical_error_rate"":1e-06}","{""detection_events"":445,""detectors_checked"":137523200}"
   1044480,         4,         0,   119.5,decoder_by_matrix,066a5d8d46981b593c3dec855f441edbe9e755a8873183448f69d036a2ecc650,"{""distance"":5,""physical_error_rate"":0.001}","{""detection_events"":590195,""detectors_checked"":177561600,""obs_mistake_mask=E_E_"":1,""obs_mistake_mask=E___"":2,""obs_mistake_mask=___E"":1}"
   1236992,         0,         0,   119.5,decoder_by_matrix,9c6baee88fc81e7d1aa345fcb3feec7ee81f21c5d49cb6ca037118097d89e180,"{""distance"":5,""physical_error_rate"":5e-05}","{""detection_events"":36315,""detectors_checked"":210288640}"
    776192,         0,         0,   119.8,decoder_by_matrix,fa5edda0c1038186c8afbec49b0215a0b852396cdb50783a3f937fdf51d2afac,"{""distance"":5,""physical_error_rate"":1e-05}","{""detection_events"":4320,""detectors_checked"":131952640}"
   1192960,         0,         0,   119.7,decoder_by_matrix,b84cf4b8ca220d31f17e1e2ea9ab927bbc4176b15682c650e7d1dd8f2758172b,"{""distance"":5,""physical_error_rate"":0.0005}","{""detection_events"":340405,""detectors_checked"":202803200}"
   1304576,         0,         0,   119.6,decoder_by_matrix,fa5edda0c1038186c8afbec49b0215a0b852396cdb50783a3f937fdf51d2afac,"{""distance"":5,""physical_error_rate"":1e-05}","{""detection_events"":7170,""detectors_checked"":221777920}"
   1216512,         0,         0,   119.6,decoder_by_matrix,9c6baee88fc81e7d1aa345fcb3feec7ee81f21c5d49cb6ca037118097d89e180,"{""distance"":5,""physical_error_rate"":5e-05}","{""detection_events"":33230,""detectors_checked"":206807040}"
   1162240,         0,         0,   119.6,decoder_by_matrix,e41ade2e4684e0396b9a3890c882b6453b515d69885aa1d89a26ce21ec554895,"{""distance"":5,""physical_error_rate"":1e-06}","{""detection_events"":855,""detectors_checked"":197580800}"
   1095680,         0,         0,   119.6,decoder_by_matrix,0421d486f8a041838688df650e87c0a19c3450ab7a7cc8b3dc589ebff86d1c74,"{""distance"":5,""physical_error_rate"":0.0001}","{""detection_events"":61795,""detectors_checked"":186265600}"
    928768,         0,         0,   119.6,decoder_by_matrix,3c866087b289edc25e9adea730044a15db18cabfd3ae2507fc844d5b4e03657a,"{""distance"":5,""physical_error_rate"":5e-06}","{""detection_events"":2750,""detectors_checked"":157890560}"
   1091584,         1,         0,   119.5,decoder_by_matrix,b84cf4b8ca220d31f17e1e2ea9ab927bbc4176b15682c650e7d1dd8f2758172b,"{""distance"":5,""physical_error_rate"":0.0005}","{""detection_events"":307930,""detectors_checked"":185569280,""obs_mistake_mask=EE__"":1}"
   1076224,         0,         0,   119.7,decoder_by_matrix,0421d486f8a041838688df650e87c0a19c3450ab7a7cc8b3dc589ebff86d1c74,"{""distance"":5,""physical_error_rate"":0.0001}","{""detection_events"":65010,""detectors_checked"":182958080}"
   1093632,         0,         0,   119.5,decoder_by_matrix,fa5edda0c1038186c8afbec49b0215a0b852396cdb50783a3f937fdf51d2afac,"{""distance"":5,""physical_error_rate"":1e-05}","{""detection_events"":6745,""detectors_checked"":185917440}"
   1067008,         2,         0,   119.5,decoder_by_matrix,066a5d8d46981b593c3dec855f441edbe9e755a8873183448f69d036a2ecc650,"{""distance"":5,""physical_error_rate"":0.001}","{""detection_events"":603790,""detectors_checked"":181391360,""obs_mistake_mask=E_EE"":1,""obs_mistake_mask=_EE_"":1}"
   1203200,         0,         0,   119.7,decoder_by_matrix,fa5edda0c1038186c8afbec49b0215a0b852396cdb50783a3f937fdf51d2afac,"{""distance"":5,""physical_error_rate"":1e-05}","{""detection_events"":6740,""detectors_checked"":204544000}"
   1128448,         0,         0,   119.4,decoder_by_matrix,9c6baee88fc81e7d1aa345fcb3feec7ee81f21c5d49cb6ca037118097d89e180,"{""distance"":5,""physical_error_rate"":5e-05}","{""detection_events"":32065,""detectors_checked"":191836160}"
   1095680,         0,         0,   119.4,decoder_by_matrix,3c866087b289edc25e9adea730044a15db18cabfd3ae2507fc844d5b4e03657a,"{""distance"":5,""physical_error_rate"":5e-06}","{""detection_events"":2905,""detectors_checked"":186265600}"
   1158144,         0,         0,   119.5,decoder_by_matrix,fa5edda0c1038186c8afbec49b0215a0b852396cdb50783a3f937fdf51d2afac,"{""distance"":5,""physical_error_rate"":1e-05}","{""detection_events"":6490,""detectors_checked"":196884480}"
   1163264,         0,         0,   119.5,decoder_by_matrix,9c6baee88fc81e7d1aa345fcb3feec7ee81f21c5d49cb6ca037118097d89e180,"{""distance"":5,""physical_error_rate"":5e-05}","{""detection_events"":35160,""detectors_checked"":197754880}"
   1228800,         5,         0,   119.5,decoder_by_matrix,066a5d8d46981b593c3dec855f441edbe9e755a8873183448f69d036a2ecc650,"{""distance"":5,""physical_error_rate"":0.001}","{""detection_events"":697440,""detectors_checked"":208896000,""obs_mistake_mask=EE_E"":1,""obs_mistake_mask=E_E_"":1,""obs_mistake_mask=_EE_"":1,""obs_mistake_mask=_E_E"":1,""obs_mistake_mask=__E_"":1}"
   1224704,         0,         0,   119.4,decoder_by_matrix,e41ade2e4684e0396b9a3890c882b6453b515d69885aa1d89a26ce21ec554895,"{""distance"":5,""physical_error_rate"":1e-06}","{""detection_events"":710,""detectors_checked"":208199680}"
   1122304,         1,         0,   119.6,decoder_by_matrix,b84cf4b8ca220d31f17e1e2ea9ab927bbc4176b15682c650e7d1dd8f2758172b,"{""distance"":5,""physical_error_rate"":0.0005}","{""detection_events"":320095,""detectors_checked"":190791680,""obs_mistake_mask=EE__"":1}"
   1148928,         0,         0,   119.4,decoder_by_matrix,9c6baee88fc81e7d1aa345fcb3feec7ee81f21c5d49cb6ca037118097d89e180,"{""distance"":5,""physical_error_rate"":5e-05}","{""detection_events"":31375,""detectors_checked"":195317760}"
   1133568,         0,         0,   119.5,decoder_by_matrix,0421d486f8a041838688df650e87c0a19c3450ab7a7cc8b3dc589ebff86d1c74,"{""distance"":5,""physical_error_rate"":0.0001}","{""detection_events"":65140,""detectors_checked"":192706560}"
   1165312,         0,         0,   119.5,decoder_by_matrix,3c866087b289edc25e9adea730044a15db18cabfd3ae2507fc844d5b4e03657a,"{""distance"":5,""physical_error_rate"":5e-06}","{""detection_events"":3735,""detectors_checked"":198103040}"
   1030144,         0,         0,   119.6,decoder_by_matrix,b84cf4b8ca220d31f17e1e2ea9ab927bbc4176b15682c650e7d1dd8f2758172b,"{""distance"":5,""physical_error_rate"":0.0005}","{""detection_events"":290360,""detectors_checked"":175124480}"
   1238016,         0,         0,   119.5,decoder_by_matrix,e41ade2e4684e0396b9a3890c882b6453b515d69885aa1d89a26ce21ec554895,"{""distance"":5,""physical_error_rate"":1e-06}","{""detection_events"":550,""detectors_checked"":210462720}"
   1238016,         0,         0,   119.5,decoder_by_matrix,fa5edda0c1038186c8afbec49b0215a0b852396cdb50783a3f937fdf51d2afac,"{""distance"":5,""physical_error_rate"":1e-05}","{""detection_events"":7805,""detectors_checked"":210462720}"
   1091584,         0,         0,   119.7,decoder_by_matrix,0421d486f8a041838688df650e87c0a19c3450ab7a7cc8b3dc589ebff86d1c74,"{""distance"":5,""physical_error_rate"":0.0001}","{""detection_events"":60765,""detectors_checked"":185569280}"
   1018880,         0,         0,   119.6,decoder_by_matrix,3c866087b289edc25e9adea730044a15db18cabfd3ae2507fc844d5b4e03657a,"{""distance"":5,""physical_error_rate"":5e-06}","{""detection_events"":3130,""detectors_checked"":173209600}"
   1170432,         0,         0,   119.6,decoder_by_matrix,3c866087b289edc25e9adea730044a15db18cabfd3ae2507fc844d5b4e03657a,"{""distance"":5,""physical_error_rate"":5e-06}","{""detection_events"":3330,""detectors_checked"":198973440}"
   1034240,         0,         0,   119.4,decoder_by_matrix,b84cf4b8ca220d31f17e1e2ea9ab927bbc4176b15682c650e7d1dd8f2758172b,"{""distance"":5,""physical_error_rate"":0.0005}","{""detection_events"":293975,""detectors_checked"":175820800}"
   1180672,         3,         0,   119.5,decoder_by_matrix,066a5d8d46981b593c3dec855f441edbe9e755a8873183448f69d036a2ecc650,"{""distance"":5,""physical_error_rate"":0.001}","{""detection_events"":672150,""detectors_checked"":200714240,""obs_mistake_mask=EEE_"":1,""obs_mistake_mask=E__E"":1,""obs_mistake_mask=__E_"":1}"
   1099776,         0,         0,   119.4,decoder_by_matrix,e41ade2e4684e0396b9a3890c882b6453b515d69885aa1d89a26ce21ec554895,"{""distance"":5,""physical_error_rate"":1e-06}","{""detection_events"":630,""detectors_checked"":186961920}"
   1227776,         0,         0,   119.6,decoder_by_matrix,e41ade2e4684e0396b9a3890c882b6453b515d69885aa1d89a26ce21ec554895,"{""distance"":5,""physical_error_rate"":1e-06}","{""detection_events"":805,""detectors_checked"":208721920}"
   1058816,         2,         0,   119.5,decoder_by_matrix,066a5d8d46981b593c3dec855f441edbe9e755a8873183448f69d036a2ecc650,"{""distance"":5,""physical_error_rate"":0.001}","{""detection_events"":599745,""detectors_checked"":179998720,""obs_mistake_mask=___E"":2}"
   1155072,         0,         0,   119.6,decoder_by_matrix,fa5edda0c1038186c8afbec49b0215a0b852396cdb50783a3f937fdf51d2afac,"{""distance"":5,""physical_error_rate"":1e-05}","{""detection_events"":6300,""detectors_checked"":196362240}"
   1055744,         0,         0,   119.4,decoder_by_matrix,3c866087b289edc25e9adea730044a15db18cabfd3ae2507fc844d5b4e03657a,"{""distance"":5,""physical_error_rate"":5e-06}","{""detection_events"":2915,""detectors_checked"":179476480}"
   1125376,         0,         0,   119.6,decoder_by_matrix,066a5d8d46981b593c3dec855f441edbe9e755a8873183448f69d036a2ecc650,"{""distance"":5,""physical_error_rate"":0.001}","{""detection_events"":641000,""detectors_checked"":191313920}"
   1076224,         0,         0,   119.5,decoder_by_matrix,0421d486f8a041838688df650e87c0a19c3450ab7a7cc8b3dc589ebff86d1c74,"{""distance"":5,""physical_error_rate"":0.0001}","{""detection_events"":60170,""detectors_checked"":182958080}"
   1147904,         0,         0,   119.6,decoder_by_matrix,0421d486f8a041838688df650e87c0a19c3450ab7a7cc8b3dc589ebff86d1c74,"{""distance"":5,""physical_error_rate"":0.0001}","{""detection_events"":65380,""detectors_checked"":195143680}"
   1094656,         0,         0,   119.4,decoder_by_matrix,b84cf4b8ca220d31f17e1e2ea9ab927bbc4176b15682c650e7d1dd8f2758172b,"{""distance"":5,""physical_error_rate"":0.0005}","{""detection_events"":306475,""detectors_checked"":186091520}"
   1175552,         1,         0,   119.5,decoder_by_matrix,b84cf4b8ca220d31f17e1e2ea9ab927bbc4176b15682c650e7d1dd8f2758172b,"{""distance"":5,""physical_error_rate"":0.0005}","{""detection_events"":334305,""detectors_checked"":199843840,""obs_mistake_mask=__E_"":1}"
   1178624,         0,         0,   119.6,decoder_by_matrix,e41ade2e4684e0396b9a3890c882b6453b515d69885aa1d89a26ce21ec554895,"{""distance"":5,""physical_error_rate"":1e-06}","{""detection_events"":590,""detectors_checked"":200366080}"
   1201152,         0,         0,   119.5,decoder_by_matrix,9c6baee88fc81e7d1aa345fcb3feec7ee81f21c5d49cb6ca037118097d89e180,"{""distance"":5,""physical_error_rate"":5e-05}","{""detection_events"":36320,""detectors_checked"":204195840}"
    866304,         0,         0,   119.7,decoder_by_matrix,9c6baee88fc81e7d1aa345fcb3feec7ee81f21c5d49cb6ca037118097d89e180,"{""distance"":5,""physical_error_rate"":5e-05}","{""detection_events"":24795,""detectors_checked"":147271680}"
   1042432,         0,         0,   119.7,decoder_by_matrix,0421d486f8a041838688df650e87c0a19c3450ab7a7cc8b3dc589ebff86d1c74,"{""distance"":5,""physical_error_rate"":0.0001}","{""detection_events"":61575,""detectors_checked"":177213440}"
   1187840,         0,         0,   119.5,decoder_by_matrix,3c866087b289edc25e9adea730044a15db18cabfd3ae2507fc844d5b4e03657a,"{""distance"":5,""physical_error_rate"":5e-06}","{""detection_events"":3705,""detectors_checked"":201932800}"
   1150976,         0,         0,   119.8,decoder_by_matrix,e41ade2e4684e0396b9a3890c882b6453b515d69885aa1d89a26ce21ec554895,"{""distance"":5,""physical_error_rate"":1e-06}","{""detection_events"":585,""detectors_checked"":195665920}"
   1140736,         3,         0,   119.6,decoder_by_matrix,066a5d8d46981b593c3dec855f441edbe9e755a8873183448f69d036a2ecc650,"{""distance"":5,""physical_error_rate"":0.001}","{""detection_events"":647810,""detectors_checked"":193925120,""obs_mistake_mask=E_E_"":1,""obs_mistake_mask=E___"":2}"
    949248,         0,         0,   119.8,decoder_by_matrix,9c6baee88fc81e7d1aa345fcb3feec7ee81f21c5d49cb6ca037118097d89e180,"{""distance"":5,""physical_error_rate"":5e-05}","{""detection_events"":25560,""detectors_checked"":161372160}"
   1088512,         0,         0,   120.0,decoder_by_matrix,fa5edda0c1038186c8afbec49b0215a0b852396cdb50783a3f937fdf51d2afac,"{""distance"":5,""physical_error_rate"":1e-05}","{""detection_events"":5825,""detectors_checked"":185047040}"
   1187840,         0,         0,   119.5,decoder_by_matrix,b84cf4b8ca220d31f17e1e2ea9ab927bbc4176b15682c650e7d1dd8f2758172b,"{""distance"":5,""physical_error_rate"":0.0005}","{""detection_events"":336190,""detectors_checked"":201932800}"
   1309696,         0,         0,   119.3,decoder_by_matrix,fa5edda0c1038186c8afbec49b0215a0b852396cdb50783a3f937fdf51d2afac,"{""distance"":5,""physical_error_rate"":1e-05}","{""detection_events"":7820,""detectors_checked"":222648320}"
   1230848,         0,         0,   119.6,decoder_by_matrix,9c6baee88fc81e7d1aa345fcb3feec7ee81f21c5d49cb6ca037118097d89e180,"{""distance"":5,""physical_error_rate"":5e-05}","{""detection_events"":35700,""detectors_checked"":209244160}"
   1090560,         0,         0,   119.3,decoder_by_matrix,e41ade2e4684e0396b9a3890c882b6453b515d69885aa1d89a26ce21ec554895,"{""distance"":5,""physical_error_rate"":1e-06}","{""detection_events"":460,""detectors_checked"":185395200}"
   1102848,         0,         0,   119.5,decoder_by_matrix,3c866087b289edc25e9adea730044a15db18cabfd3ae2507fc844d5b4e03657a,"{""distance"":5,""physical_error_rate"":5e-06}","{""detection_events"":3365,""detectors_checked"":187484160}"
   1153024,         0,         0,   119.6,decoder_by_matrix,0421d486f8a041838688df650e87c0a19c3450ab7a7cc8b3dc589ebff86d1c74,"{""distance"":5,""physical_error_rate"":0.0001}","{""detection_events"":66420,""detectors_checked"":196014080}"
   1140736,         1,         0,   119.4,decoder_by_matrix,b84cf4b8ca220d31f17e1e2ea9ab927bbc4176b15682c650e7d1dd8f2758172b,"{""distance"":5,""physical_error_rate"":0.0005}","{""detection_events"":324330,""detectors_checked"":193925120,""obs_mistake_mask=__E_"":1}"
   1247232,         0,         0,   119.5,decoder_by_matrix,0421d486f8a041838688df650e87c0a19c3450ab7a7cc8b3dc589ebff86d1c74,"{""distance"":5,""physical_error_rate"":0.0001}","{""detection_events"":68005,""detectors_checked"":212029440}"
   1082368,         0,         0,   119.5,decoder_by_matrix,fa5edda0c1038186c8afbec49b0215a0b852396cdb50783a3f937fdf51d2afac,"{""distance"":5,""physical_error_rate"":1e-05}","{""detection_events"":6440,""detectors_checked"":184002560}"
   1238016,         5,         0,   119.5,decoder_by_matrix,066a5d8d46981b593c3dec855f441edbe9e755a8873183448f69d036a2ecc650,"{""distance"":5,""physical_error_rate"":0.001}","{""detection_events"":697995,""detectors_checked"":210462720,""obs_mistake_mask=E_E_"":1,""obs_mistake_mask=E__E"":1,""obs_mistake_mask=_EE_"":1,""obs_mistake_mask=__EE"":1,""obs_mistake_mask=___E"":1}"
    900096,         0,         0,   119.5,decoder_by_matrix,fa5edda0c1038186c8afbec49b0215a0b852396cdb50783a3f937fdf51d2afac,"{""distance"":5,""physical_error_rate"":1e-05}","{""detection_events"":5070,""detectors_checked"":153016320}"
   1167360,         0,         0,   119.5,decoder_by_matrix,9c6baee88fc81e7d1aa345fcb3feec7ee81f21c5d49cb6ca037118097d89e180,"{""distance"":5,""physical_error_rate"":5e-05}","{""detection_events"":33990,""detectors_checked"":198451200}"
   1321984,         0,         0,   119.2,decoder_by_matrix,3c866087b289edc25e9adea730044a15db18cabfd3ae2507fc844d5b4e03657a,"{""distance"":5,""physical_error_rate"":5e-06}","{""detection_events"":3525,""detectors_checked"":224737280}"
   1188864,         0,         0,   119.5,decoder_by_matrix,fa5edda0c1038186c8afbec49b0215a0b852396cdb50783a3f937fdf51d2afac,"{""distance"":5,""physical_error_rate"":1e-05}","{""detection_events"":6410,""detectors_checked"":202106880}"
   1131520,         1,         0,   119.6,decoder_by_matrix,066a5d8d46981b593c3dec855f441edbe9e755a8873183448f69d036a2ecc650,"{""distance"":5,""physical_error_rate"":0.001}","{""detection_events"":642205,""detectors_checked"":192358400,""obs_mistake_mask=_EE_"":1}"
   1170432,         0,         0,   119.5,decoder_by_matrix,9c6baee88fc81e7d1aa345fcb3feec7ee81f21c5d49cb6ca037118097d89e180,"{""distance"":5,""physical_error_rate"":5e-05}","{""detection_events"":34415,""detectors_checked"":198973440}"
   1057792,         0,         0,   119.5,decoder_by_matrix,e41ade2e4684e0396b9a3890c882b6453b515d69885aa1d89a26ce21ec554895,"{""distance"":5,""physical_error_rate"":1e-06}","{""detection_events"":320,""detectors_checked"":179824640}"
   1281024,         0,         0,   119.4,decoder_by_matrix,9c6baee88fc81e7d1aa345fcb3feec7ee81f21c5d49cb6ca037118097d89e180,"{""distance"":5,""physical_error_rate"":5e-05}","{""detection_events"":35750,""detectors_checked"":217774080}"
   1206272,         1,         0,   119.7,decoder_by_matrix,b84cf4b8ca220d31f17e1e2ea9ab927bbc4176b15682c650e7d1dd8f2758172b,"{""distance"":5,""physical_error_rate"":0.0005}","{""detection_events"":340565,""detectors_checked"":205066240,""obs_mistake_mask=__EE"":1}"
   1112064,         0,         0,   119.5,decoder_by_matrix,0421d486f8a041838688df650e87c0a19c3450ab7a7cc8b3dc589ebff86d1c74,"{""distance"":5,""physical_error_rate"":0.0001}","{""detection_events"":61815,""detectors_checked"":189050880}"
   1210368,         0,         0,   119.6,decoder_by_matrix,3c866087b289edc25e9adea730044a15db18cabfd3ae2507fc844d5b4e03657a,"{""distance"":5,""physical_error_rate"":5e-06}","{""detection_events"":3775,""detectors_checked"":205762560}"
    852992,         0,         0,   119.6,decoder_by_matrix,b84cf4b8ca220d31f17e1e2ea9ab927bbc4176b15682c650e7d1dd8f2758172b,"{""distance"":5,""physical_error_rate"":0.0005}","{""detection_events"":244120,""detectors_checked"":145008640}"
   1313792,         0,         0,   119.5,decoder_by_matrix,e41ade2e4684e0396b9a3890c882b6453b515d69885aa1d89a26ce21ec554895,"{""distance"":5,""physical_error_rate"":1e-06}","{""detection_events"":840,""detectors_checked"":223344640}"
   1145856,         0,         0,   119.5,decoder_by_matrix,fa5edda0c1038186c8afbec49b0215a0b852396cdb50783a3f937fdf51d2afac,"{""distance"":5,""physical_error_rate"":1e-05}","{""detection_events"":6580,""detectors_checked"":194795520}"
   1111040,         0,         0,   119.5,decoder_by_matrix,0421d486f8a041838688df650e87c0a19c3450ab7a7cc8b3dc589ebff86d1c74,"{""distance"":5,""physical_error_rate"":0.0001}","{""detection_events"":63270,""detectors_checked"":188876800}"
   1075200,         0,         0,   119.6,decoder_by_matrix,3c866087b289edc25e9adea730044a15db18cabfd3ae2507fc844d5b4e03657a,"{""distance"":5,""physical_error_rate"":5e-06}","{""detection_events"":3425,""detectors_checked"":182784000}"
    889856,         0,         0,   119.7,decoder_by_matrix,3c866087b289edc25e9adea730044a15db18cabfd3ae2507fc844d5b4e03657a,"{""distance"":5,""physical_error_rate"":5e-06}","{""detection_events"":2475,""detectors_checked"":151275520}"
   1223680,         0,         0,   119.5,decoder_by_matrix,b84cf4b8ca220d31f17e1e2ea9ab927bbc4176b15682c650e7d1dd8f2758172b,"{""distance"":5,""physical_error_rate"":0.0005}","{""detection_events"":349705,""detectors_checked"":208025600}"
   1138688,         1,         0,   119.5,decoder_by_matrix,066a5d8d46981b593c3dec855f441edbe9e755a8873183448f69d036a2ecc650,"{""distance"":5,""physical_error_rate"":0.001}","{""detection_events"":648765,""detectors_checked"":193576960,""obs_mistake_mask=_E__"":1}"
   1169408,         0,         0,   119.4,decoder_by_matrix,e41ade2e4684e0396b9a3890c882b6453b515d69885aa1d89a26ce21ec554895,"{""distance"":5,""physical_error_rate"":1e-06}","{""detection_events"":585,""detectors_checked"":198799360}"
   1174528,         0,         0,   119.5,decoder_by_matrix,e41ade2e4684e0396b9a3890c882b6453b515d69885aa1d89a26ce21ec554895,"{""distance"":5,""physical_error_rate"":1e-06}","{""detection_events"":845,""detectors_checked"":199669760}"
   1220608,         0,         0,   119.6,decoder_by_matrix,3c866087b289edc25e9adea730044a15db18cabfd3ae2507fc844d5b4e03657a,"{""distance"":5,""physical_error_rate"":5e-06}","{""detection_events"":3545,""detectors_checked"":207503360}"
   1290240,         0,         0,   119.4,decoder_by_matrix,fa5edda0c1038186c8afbec49b0215a0b852396cdb50783a3f937fdf51d2afac,"{""distance"":5,""physical_error_rate"":1e-05}","{""detection_events"":6595,""detectors_checked"":219340800}"
   1228800,         2,         0,   119.5,decoder_by_matrix,066a5d8d46981b593c3dec855f441edbe9e755a8873183448f69d036a2ecc650,"{""distance"":5,""physical_error_rate"":0.001}","{""detection_events"":699430,""detectors_checked"":208896000,""obs_mistake_mask=E_EE"":1,""obs_mistake_mask=_E__"":1}"
    837632,         0,         0,   119.5,decoder_by_matrix,066a5d8d46981b593c3dec855f441edbe9e755a8873183448f69d036a2ecc650,"{""distance"":5,""physical_error_rate"":0.001}","{""detection_events"":481275,""detectors_checked"":142397440}"
    778240,         0,         0,   119.4,decoder_by_matrix,0421d486f8a041838688df650e87c0a19c3450ab7a7cc8b3dc589ebff86d1c74,"{""distance"":5,""physical_error_rate"":0.0001}","{""detection_events"":43975,""detectors_checked"":132300800}"
   1105920,         0,         0,   119.4,decoder_by_matrix,0421d486f8a041838688df650e87c0a19c3450ab7a7cc8b3dc589ebff86d1c74,"{""distance"":5,""physical_error_rate"":0.0001}","{""detection_events"":62015,""detectors_checked"":188006400}"
   1164288,         2,         0,   119.5,decoder_by_matrix,b84cf4b8ca220d31f17e1e2ea9ab927bbc4176b15682c650e7d1dd8f2758172b,"{""distance"":5,""physical_error_rate"":0.0005}","{""detection_events"":329390,""detectors_checked"":197928960,""obs_mistake_mask=E___"":1,""obs_mistake_mask=___E"":1}"
   1100800,         1,         0,   119.3,decoder_by_matrix,b84cf4b8ca220d31f17e1e2ea9ab927bbc4176b15682c650e7d1dd8f2758172b,"{""distance"":5,""physical_error_rate"":0.0005}","{""detection_events"":310270,""detectors_checked"":187136000,""obs_mistake_mask=EE_E"":1}"
   1113088,         0,         0,   119.5,decoder_by_matrix,e41ade2e4684e0396b9a3890c882b6453b515d69885aa1d89a26ce21ec554895,"{""distance"":5,""physical_error_rate"":1e-06}","{""detection_events"":410,""detectors_checked"":189224960}"
   1198080,         0,         0,   119.6,decoder_by_matrix,9c6baee88fc81e7d1aa345fcb3feec7ee81f21c5d49cb6ca037118097d89e180,"{""distance"":5,""physical_error_rate"":5e-05}","{""detection_events"":33490,""detectors_checked"":203673600}"
    778240,         0,         0,   119.7,decoder_by_matrix,9c6baee88fc81e7d1aa345fcb3feec7ee81f21c5d49cb6ca037118097d89e180,"{""distance"":5,""physical_error_rate"":5e-05}","{""detection_events"":22325,""detectors_checked"":132300800}"
   1042432,         0,         0,   119.6,decoder_by_matrix,0421d486f8a041838688df650e87c0a19c3450ab7a7cc8b3dc589ebff86d1c74,"{""distance"":5,""physical_error_rate"":0.0001}","{""detection_events"":60620,""detectors_checked"":177213440}"
   1115136,         0,         0,   119.3,decoder_by_matrix,3c866087b289edc25e9adea730044a15db18cabfd3ae2507fc844d5b4e03657a,"{""distance"":5,""physical_error_rate"":5e-06}","{""detection_events"":3495,""detectors_checked"":189573120}"
    807936,         0,         0,   119.8,decoder_by_matrix,e41ade2e4684e0396b9a3890c882b6453b515d69885aa1d89a26ce21ec554895,"{""distance"":5,""physical_error_rate"":1e-06}","{""detection_events"":350,""detectors_checked"":137349120}"
   1089536,         3,         0,   119.6,decoder_by_matrix,066a5d8d46981b593c3dec855f441edbe9e755a8873183448f69d036a2ecc650,"{""distance"":5,""physical_error_rate"":0.001}","{""detection_events"":613400,""detectors_checked"":185221120,""obs_mistake_mask=E___"":1,""obs_mistake_mask=_EEE"":1,""obs_mistake_mask=_E__"":1}"
   1209344,         0,         0,   119.5,decoder_by_matrix,fa5edda0c1038186c8afbec49b0215a0b852396cdb50783a3f937fdf51d2afac,"{""distance"":5,""physical_error_rate"":1e-05}","{""detection_events"":6740,""detectors_checked"":205588480}"
   1167360,         0,         0,   119.5,decoder_by_matrix,9c6baee88fc81e7d1aa345fcb3feec7ee81f21c5d49cb6ca037118097d89e180,"{""distance"":5,""physical_error_rate"":5e-05}","{""detection_events"":34195,""detectors_checked"":198451200}"
   1164288,         1,         0,   119.6,decoder_by_matrix,b84cf4b8ca220d31f17e1e2ea9ab927bbc4176b15682c650e7d1dd8f2758172b,"{""distance"":5,""physical_error_rate"":0.0005}","{""detection_events"":332435,""detectors_checked"":197928960,""obs_mistake_mask=E___"":1}"
   1336320,         0,         0,   119.5,decoder_by_matrix,fa5edda0c1038186c8afbec49b0215a0b852396cdb50783a3f937fdf51d2afac,"{""distance"":5,""physical_error_rate"":1e-05}","{""detection_events"":7380,""detectors_checked"":227174400}"
   1270784,         0,         0,   119.4,decoder_by_matrix,9c6baee88fc81e7d1aa345fcb3feec7ee81f21c5d49cb6ca037118097d89e180,"{""distance"":5,""physical_error_rate"":5e-05}","{""detection_events"":34905,""detectors_checked"":216033280}"
   1235968,         0,         0,   119.5,decoder_by_matrix,e41ade2e4684e0396b9a3890c882b6453b515d69885aa1d89a26ce21ec554895,"{""distance"":5,""physical_error_rate"":1e-06}","{""detection_events"":635,""detectors_checked"":210114560}"
    903168,         0,         0,   119.6,decoder_by_matrix,3c866087b289edc25e9adea730044a15db18cabfd3ae2507fc844d5b4e03657a,"{""distance"":5,""physical_error_rate"":5e-06}","{""detection_events"":2410,""detectors_checked"":153538560}"
   1226752,         0,         0,   119.4,decoder_by_matrix,0421d486f8a041838688df650e87c0a19c3450ab7a7cc8b3dc589ebff86d1c74,"{""distance"":5,""physical_error_rate"":0.0001}","{""detection_events"":70750,""detectors_checked"":208547840}"
   1232896,         0,         0,   119.7,decoder_by_matrix,b84cf4b8ca220d31f17e1e2ea9ab927bbc4176b15682c650e7d1dd8f2758172b,"{""distance"":5,""physical_error_rate"":0.0005}","{""detection_events"":349595,""detectors_checked"":209592320}"
   1191936,         0,         0,   119.5,decoder_by_matrix,0421d486f8a041838688df650e87c0a19c3450ab7a7cc8b3dc589ebff86d1c74,"{""distance"":5,""physical_error_rate"":0.0001}","{""detection_events"":68465,""detectors_checked"":202629120}"
   1148928,         0,         0,   119.5,decoder_by_matrix,fa5edda0c1038186c8afbec49b0215a0b852396cdb50783a3f937fdf51d2afac,"{""distance"":5,""physical_error_rate"":1e-05}","{""detection_events"":7150,""detectors_checked"":195317760}"
   1183744,         1,         0,   119.7,decoder_by_matrix,066a5d8d46981b593c3dec855f441edbe9e755a8873183448f69d036a2ecc650,"{""distance"":5,""physical_error_rate"":0.001}","{""detection_events"":674690,""detectors_checked"":201236480,""obs_mistake_mask=EE__"":1}"
    897024,         0,         0,   119.6,decoder_by_matrix,fa5edda0c1038186c8afbec49b0215a0b852396cdb50783a3f937fdf51d2afac,"{""distance"":5,""physical_error_rate"":1e-05}","{""detection_events"":5180,""detectors_checked"":152494080}"
    983040,         0,         0,   119.4,decoder_by_matrix,9c6baee88fc81e7d1aa345fcb3feec7ee81f21c5d49cb6ca037118097d89e180,"{""distance"":5,""physical_error_rate"":5e-05}","{""detection_events"":27670,""detectors_checked"":167116800}"
   1282048,         0,         0,   119.6,decoder_by_matrix,3c866087b289edc25e9adea730044a15db18cabfd3ae2507fc844d5b4e03657a,"{""distance"":5,""physical_error_rate"":5e-06}","{""detection_events"":3495,""detectors_checked"":217948160}"
   1187840,         0,         0,   119.4,decoder_by_matrix,fa5edda0c1038186c8afbec49b0215a0b852396cdb50783a3f937fdf51d2afac,"{""distance"":5,""physical_error_rate"":1e-05}","{""detection_events"":6375,""detectors_checked"":201932800}"
   1162240,         1,         0,   119.6,decoder_by_matrix,066a5d8d46981b593c3dec855f441edbe9e755a8873183448f69d036a2ecc650,"{""distance"":5,""physical_error_rate"":0.001}","{""detection_events"":658385,""detectors_checked"":197580800,""obs_mistake_mask=EE__"":1}"
   1156096,         0,         0,   119.5,decoder_by_matrix,9c6baee88fc81e7d1aa345fcb3feec7ee81f21c5d49cb6ca037118097d89e180,"{""distance"":5,""physical_error_rate"":5e-05}","{""detection_events"":34190,""detectors_checked"":196536320}"
    954368,         0,         0,   119.5,decoder_by_matrix,e41ade2e4684e0396b9a3890c882b6453b515d69885aa1d89a26ce21ec554895,"{""distance"":5,""physical_error_rate"":1e-06}","{""detection_events"":540,""detectors_checked"":162242560}"
   1212416,         1,         0,   119.5,decoder_by_matrix,b84cf4b8ca220d31f17e1e2ea9ab927bbc4176b15682c650e7d1dd8f2758172b,"{""distance"":5,""physical_error_rate"":0.0005}","{""detection_events"":345300,""detectors_checked"":206110720,""obs_mistake_mask=_EEE"":1}"
   1251328,         0,         0,   119.6,decoder_by_matrix,9c6baee88fc81e7d1aa345fcb3feec7ee81f21c5d49cb6ca037118097d89e180,"{""distance"":5,""physical_error_rate"":5e-05}","{""detection_events"":35770,""detectors_checked"":212725760}"
   1326080,         0,         0,   119.5,decoder_by_matrix,0421d486f8a041838688df650e87c0a19c3450ab7a7cc8b3dc589ebff86d1c74,"{""distance"":5,""physical_error_rate"":0.0001}","{""detection_events"":74220,""detectors_checked"":225433600}"
   1018880,         0,         0,   119.6,decoder_by_matrix,3c866087b289edc25e9adea730044a15db18cabfd3ae2507fc844d5b4e03657a,"{""distance"":5,""physical_error_rate"":5e-06}","{""detection_events"":2350,""detectors_checked"":173209600}"
   1214464,         0,         0,   119.4,decoder_by_matrix,e41ade2e4684e0396b9a3890c882b6453b515d69885aa1d89a26ce21ec554895,"{""distance"":5,""physical_error_rate"":1e-06}","{""detection_events"":485,""detectors_checked"":206458880}"
    889856,         0,         0,   119.6,decoder_by_matrix,b84cf4b8ca220d31f17e1e2ea9ab927bbc4176b15682c650e7d1dd8f2758172b,"{""distance"":5,""physical_error_rate"":0.0005}","{""detection_events"":255385,""detectors_checked"":151275520}"
   1149952,         0,         0,   119.5,decoder_by_matrix,fa5edda0c1038186c8afbec49b0215a0b852396cdb50783a3f937fdf51d2afac,"{""distance"":5,""physical_error_rate"":1e-05}","{""detection_events"":6345,""detectors_checked"":195491840}"
   1315840,         0,         0,   119.5,decoder_by_matrix,0421d486f8a041838688df650e87c0a19c3450ab7a7cc8b3dc589ebff86d1c74,"{""distance"":5,""physical_error_rate"":0.0001}","{""detection_events"":75985,""detectors_checked"":223692800}"
   1139712,         0,         0,   119.7,decoder_by_matrix,3c866087b289edc25e9adea730044a15db18cabfd3ae2507fc844d5b4e03657a,"{""distance"":5,""physical_error_rate"":5e-06}","{""detection_events"":3550,""detectors_checked"":193751040}"
    880640,         0,         0,   119.7,decoder_by_matrix,3c866087b289edc25e9adea730044a15db18cabfd3ae2507fc844d5b4e03657a,"{""distance"":5,""physical_error_rate"":5e-06}","{""detection_events"":2020,""detectors_checked"":149708800}"
   1165312,         0,         0,   119.6,decoder_by_matrix,b84cf4b8ca220d31f17e1e2ea9ab927bbc4176b15682c650e7d1dd8f2758172b,"{""distance"":5,""physical_error_rate"":0.0005}","{""detection_events"":328400,""detectors_checked"":198103040}"
   1007616,         2,         0,   119.4,decoder_by_matrix,066a5d8d46981b593c3dec855f441edbe9e755a8873183448f69d036a2ecc650,"{""distance"":5,""physical_error_rate"":0.001}","{""detection_events"":577815,""detectors_checked"":171294720,""obs_mistake_mask=_EE_"":1,""obs_mistake_mask=_E__"":1}"
   1188864,         0,         0,   119.5,decoder_by_matrix,e41ade2e4684e0396b9a3890c882b6453b515d69885aa1d89a26ce21ec554895,"{""distance"":5,""physical_error_rate"":1e-06}","{""detection_events"":820,""detectors_checked"":202106880}"
   1272832,         0,         0,   119.5,decoder_by_matrix,e41ade2e4684e0396b9a3890c882b6453b515d69885aa1d89a26ce21ec554895,"{""distance"":5,""physical_error_rate"":1e-06}","{""detection_events"":770,""detectors_checked"":216381440}"
   1136640,         0,         0,   119.5,decoder_by_matrix,3c866087b289edc25e9adea730044a15db18cabfd3ae2507fc844d5b4e03657a,"{""distance"":5,""physical_error_rate"":5e-06}","{""detection_events"":3065,""detectors_checked"":193228800}"
   1197056,         0,         0,   119.5,decoder_by_matrix,fa5edda0c1038186c8afbec49b0215a0b852396cdb50783a3f937fdf51d2afac,"{""distance"":5,""physical_error_rate"":1e-05}","{""detection_events"":7140,""detectors_checked"":203499520}"
   1119232,         3,         0,   119.6,decoder_by_matrix,066a5d8d46981b593c3dec855f441edbe9e755a8873183448f69d036a2ecc650,"{""distance"":5,""physical_error_rate"":0.001}","{""detection_events"":638700,""detectors_checked"":190269440,""obs_mistake_mask=EE__"":1,""obs_mistake_mask=E_EE"":1,""obs_mistake_mask=_EEE"":1}"
    844800,         2,         0,   119.6,decoder_by_matrix,066a5d8d46981b593c3dec855f441edbe9e755a8873183448f69d036a2ecc650,"{""distance"":5,""physical_error_rate"":0.001}","{""detection_events"":478760,""detectors_checked"":143616000,""obs_mistake_mask=E___"":1,""obs_mistake_mask=_E_E"":1}"
    876544,         0,         0,   119.6,decoder_by_matrix,0421d486f8a041838688df650e87c0a19c3450ab7a7cc8b3dc589ebff86d1c74,"{""distance"":5,""physical_error_rate"":0.0001}","{""detection_events"":50445,""detectors_checked"":149012480}"
   1094656,         0,         0,   119.4,decoder_by_matrix,0421d486f8a041838688df650e87c0a19c3450ab7a7cc8b3dc589ebff86d1c74,"{""distance"":5,""physical_error_rate"":0.0001}","{""detection_events"":63440,""detectors_checked"":186091520}"
   1141760,         0,         0,   119.5,decoder_by_matrix,b84cf4b8ca220d31f17e1e2ea9ab927bbc4176b15682c650e7d1dd8f2758172b,"{""distance"":5,""physical_error_rate"":0.0005}","{""detection_events"":320010,""detectors_checked"":194099200}"
   1154048,         0,         0,   119.4,decoder_by_matrix,b84cf4b8ca220d31f17e1e2ea9ab927bbc4176b15682c650e7d1dd8f2758172b,"{""distance"":5,""physical_error_rate"":0.0005}","{""detection_events"":326630,""detectors_checked"":196188160}"
   1220608,         0,         0,   119.7,decoder_by_matrix,e41ade2e4684e0396b9a3890c882b6453b515d69885aa1d89a26ce21ec554895,"{""distance"":5,""physical_error_rate"":1e-06}","{""detection_events"":515,""detectors_checked"":207503360}"
   1132544,         0,         0,   119.5,decoder_by_matrix,9c6baee88fc81e7d1aa345fcb3feec7ee81f21c5d49cb6ca037118097d89e180,"{""distance"":5,""physical_error_rate"":5e-05}","{""detection_events"":34370,""detectors_checked"":192532480}"
    896000,         0,         0,   119.6,decoder_by_matrix,9c6baee88fc81e7d1aa345fcb3feec7ee81f21c5d49cb6ca037118097d89e180,"{""distance"":5,""physical_error_rate"":5e-05}","{""detection_events"":25625,""detectors_checked"":152320000}"
   1100800,         0,         0,   119.5,decoder_by_matrix,0421d486f8a041838688df650e87c0a19c3450ab7a7cc8b3dc589ebff86d1c74,"{""distance"":5,""physical_error_rate"":0.0001}","{""detection_events"":64210,""detectors_checked"":187136000}"
   1173504,         0,         0,   119.5,decoder_by_matrix,3c866087b289edc25e9adea730044a15db18cabfd3ae2507fc844d5b4e03657a,"{""distance"":5,""physical_error_rate"":5e-06}","{""detection_events"":3415,""detectors_checked"":199495680}"
   1362944,         0,         0,   119.4,decoder_by_matrix,e41ade2e4684e0396b9a3890c882b6453b515d69885aa1d89a26ce21ec554895,"{""distance"":5,""physical_error_rate"":1e-06}","{""detection_events"":925,""detectors_checked"":231700480}"
    983040,         5,         0,   119.6,decoder_by_matrix,066a5d8d46981b593c3dec855f441edbe9e755a8873183448f69d036a2ecc650,"{""distance"":5,""physical_error_rate"":0.001}","{""detection_events"":556610,""detectors_checked"":167116800,""obs_mistake_mask=E_E_"":1,""obs_mistake_mask=_E__"":1,""obs_mistake_mask=__EE"":1,""obs_mistake_mask=__E_"":2}"
   1123328,         0,         0,   119.5,decoder_by_matrix,9c6baee88fc81e7d1aa345fcb3feec7ee81f21c5d49cb6ca037118097d89e180,"{""distance"":5,""physical_error_rate"":5e-05}","{""detection_events"":32460,""detectors_checked"":190965760}"
   1143808,         0,         0,   119.7,decoder_by_matrix,fa5edda0c1038186c8afbec49b0215a0b852396cdb50783a3f937fdf51d2afac,"{""distance"":5,""physical_error_rate"":1e-05}","{""detection_events"":6625,""detectors_checked"":194447360}"
   1064960,         1,         0,   119.6,decoder_by_matrix,b84cf4b8ca220d31f17e1e2ea9ab927bbc4176b15682c650e7d1dd8f2758172b,"{""distance"":5,""physical_error_rate"":0.0005}","{""detection_events"":299215,""detectors_checked"":181043200,""obs_mistake_mask=E_E_"":1}"
   1198080,         0,         0,   119.5,decoder_by_matrix,fa5edda0c1038186c8afbec49b0215a0b852396cdb50783a3f937fdf51d2afac,"{""distance"":5,""physical_error_rate"":1e-05}","{""detection_events"":6890,""detectors_checked"":203673600}"
   1130496,         0,         0,   119.6,decoder_by_matrix,9c6baee88fc81e7d1aa345fcb3feec7ee81f21c5d49cb6ca037118097d89e180,"{""distance"":5,""physical_error_rate"":5e-05}","{""detection_events"":31820,""detectors_checked"":192184320}"
   1272832,         0,         0,   119.6,decoder_by_matrix,e41ade2e4684e0396b9a3890c882b6453b515d69885aa1d89a26ce21ec554895,"{""distance"":5,""physical_error_rate"":1e-06}","{""detection_events"":870,""detectors_checked"":216381440}"
   1129472,         0,         0,   119.5,decoder_by_matrix,0421d486f8a041838688df650e87c0a19c3450ab7a7cc8b3dc589ebff86d1c74,"{""distance"":5,""physical_error_rate"":0.0001}","{""detection_events"":63755,""detectors_checked"":192010240}"
   1115136,         0,         0,   119.4,decoder_by_matrix,3c866087b289edc25e9adea730044a15db18cabfd3ae2507fc844d5b4e03657a,"{""distance"":5,""physical_error_rate"":5e-06}","{""detection_events"":2960,""detectors_checked"":189573120}"
   1191936,         0,         0,   119.5,decoder_by_matrix,b84cf4b8ca220d31f17e1e2ea9ab927bbc4176b15682c650e7d1dd8f2758172b,"{""distance"":5,""physical_error_rate"":0.0005}","{""detection_events"":337360,""detectors_checked"":202629120}"
   1212416,         0,         0,   119.4,decoder_by_matrix,0421d486f8a041838688df650e87c0a19c3450ab7a7cc8b3dc589ebff86d1c74,"{""distance"":5,""physical_error_rate"":0.0001}","{""detection_events"":68980,""detectors_checked"":206110720}"
   1111040,         0,         0,   119.7,decoder_by_matrix,fa5edda0c1038186c8afbec49b0215a0b852396cdb50783a3f937fdf51d2afac,"{""distance"":5,""physical_error_rate"":1e-05}","{""detection_events"":6215,""detectors_checked"":188876800}"
   1188864,         1,         0,   119.5,decoder_by_matrix,066a5d8d46981b593c3dec855f441edbe9e755a8873183448f69d036a2ecc650,"{""distance"":5,""physical_error_rate"":0.001}","{""detection_events"":672315,""detectors_checked"":202106880,""obs_mistake_mask=E_E_"":1}"
   1107968,         0,         0,   119.4,decoder_by_matrix,9c6baee88fc81e7d1aa345fcb3feec7ee81f21c5d49cb6ca037118097d89e180,"{""distance"":5,""physical_error_rate"":5e-05}","{""detection_events"":31080,""detectors_checked"":188354560}"
   1141760,         0,         0,   119.7,decoder_by_matrix,fa5edda0c1038186c8afbec49b0215a0b852396cdb50783a3f937fdf51d2afac,"{""distance"":5,""physical_error_rate"":1e-05}","{""detection_events"":6115,""detectors_checked"":194099200}"
   1344512,         0,         0,   119.6,decoder_by_matrix,3c866087b289edc25e9adea730044a15db18cabfd3ae2507fc844d5b4e03657a,"{""distance"":5,""physical_error_rate"":5e-06}","{""detection_events"":4195,""detectors_checked"":228567040}"
   1223680,         0,         0,   119.5,decoder_by_matrix,fa5edda0c1038186c8afbec49b0215a0b852396cdb50783a3f937fdf51d2afac,"{""distance"":5,""physical_error_rate"":1e-05}","{""detection_events"":7285,""detectors_checked"":208025600}"
   1320960,         0,         0,   119.5,decoder_by_matrix,e41ade2e4684e0396b9a3890c882b6453b515d69885aa1d89a26ce21ec554895,"{""distance"":5,""physical_error_rate"":1e-06}","{""detection_events"":795,""detectors_checked"":224563200}"
   1131520,         0,         0,   119.7,decoder_by_matrix,9c6baee88fc81e7d1aa345fcb3feec7ee81f21c5d49cb6ca037118097d89e180,"{""distance"":5,""physical_error_rate"":5e-05}","{""detection_events"":32215,""detectors_checked"":192358400}"
   1096704,         1,         0,   119.5,decoder_by_matrix,066a5d8d46981b593c3dec855f441edbe9e755a8873183448f69d036a2ecc650,"{""distance"":5,""physical_error_rate"":0.001}","{""detection_events"":620285,""detectors_checked"":186439680,""obs_mistake_mask=__E_"":1}"
   1250304,         0,         0,   119.4,decoder_by_matrix,9c6baee88fc81e7d1aa345fcb3feec7ee81f21c5d49cb6ca037118097d89e180,"{""distance"":5,""physical_error_rate"":5e-05}","{""detection_events"":35940,""detectors_checked"":212551680}"
    834560,         0,         0,   119.7,decoder_by_matrix,b84cf4b8ca220d31f17e1e2ea9ab927bbc4176b15682c650e7d1dd8f2758172b,"{""distance"":5,""physical_error_rate"":0.0005}","{""detection_events"":234915,""detectors_checked"":141875200}"
    869376,         0,         0,   119.6,decoder_by_matrix,0421d486f8a041838688df650e87c0a19c3450ab7a7cc8b3dc589ebff86d1c74,"{""distance"":5,""physical_error_rate"":0.0001}","{""detection_events"":49200,""detectors_checked"":147793920}"
   1105920,         0,         0,   119.6,decoder_by_matrix,3c866087b289edc25e9adea730044a15db18cabfd3ae2507fc844d5b4e03657a,"{""distance"":5,""physical_error_rate"":5e-06}","{""detection_events"":3765,""detectors_checked"":188006400}"
   1267712,         0,         0,   119.6,decoder_by_matrix,e41ade2e4684e0396b9a3890c882b6453b515d69885aa1d89a26ce21ec554895,"{""distance"":5,""physical_error_rate"":1e-06}","{""detection_events"":580,""detectors_checked"":215511040}"
   1203200,         0,         0,   119.7,decoder_by_matrix,b84cf4b8ca220d31f17e1e2ea9ab927bbc4176b15682c650e7d1dd8f2758172b,"{""distance"":5,""physical_error_rate"":0.0005}","{""detection_events"":341265,""detectors_checked"":204544000}"
   1185792,         0,         0,   119.5,decoder_by_matrix,fa5edda0c1038186c8afbec49b0215a0b852396cdb50783a3f937fdf51d2afac,"{""distance"":5,""physical_error_rate"":1e-05}","{""detection_events"":6815,""detectors_checked"":201584640}"
    881664,         0,         0,   119.4,decoder_by_matrix,0421d486f8a041838688df650e87c0a19c3450ab7a7cc8b3dc589ebff86d1c74,"{""distance"":5,""physical_error_rate"":0.0001}","{""detection_events"":50065,""detectors_checked"":149882880}"
   1248256,         0,         0,   119.5,decoder_by_matrix,3c866087b289edc25e9adea730044a15db18cabfd3ae2507fc844d5b4e03657a,"{""distance"":5,""physical_error_rate"":5e-06}","{""detection_events"":3595,""detectors_checked"":212203520}"
   1114112,         0,         0,   119.6,decoder_by_matrix,3c866087b289edc25e9adea730044a15db18cabfd3ae2507fc844d5b4e03657a,"{""distance"":5,""physical_error_rate"":5e-06}","{""detection_events"":2600,""detectors_checked"":189399040}"
    797696,         0,         0,   119.5,decoder_by_matrix,b84cf4b8ca220d31f17e1e2ea9ab927bbc4176b15682c650e7d1dd8f2758172b,"{""distance"":5,""physical_error_rate"":0.0005}","{""detection_events"":224070,""detectors_checked"":135608320}"
   1046528,         1,         0,   119.6,decoder_by_matrix,066a5d8d46981b593c3dec855f441edbe9e755a8873183448f69d036a2ecc650,"{""distance"":5,""physical_error_rate"":0.001}","{""detection_events"":598400,""detectors_checked"":177909760,""obs_mistake_mask=_E_E"":1}"
   1169408,         0,         0,   119.6,decoder_by_matrix,e41ade2e4684e0396b9a3890c882b6453b515d69885aa1d89a26ce21ec554895,"{""distance"":5,""physical_error_rate"":1e-06}","{""detection_events"":700,""detectors_checked"":198799360}"
   1176576,         0,         0,   119.4,decoder_by_matrix,e41ade2e4684e0396b9a3890c882b6453b515d69885aa1d89a26ce21ec554895,"{""distance"":5,""physical_error_rate"":1e-06}","{""detection_events"":430,""detectors_checked"":200017920}"
   1233920,         0,         0,   119.3,decoder_by_matrix,3c866087b289edc25e9adea730044a15db18cabfd3ae2507fc844d5b4e03657a,"{""distance"":5,""physical_error_rate"":5e-06}","{""detection_events"":3460,""detectors_checked"":209766400}"
   1129472,         0,         0,   119.4,decoder_by_matrix,fa5edda0c1038186c8afbec49b0215a0b852396cdb50783a3f937fdf51d2afac,"{""distance"":5,""physical_error_rate"":1e-05}","{""detection_events"":6055,""detectors_checked"":192010240}"
   1152000,         3,         0,   119.5,decoder_by_matrix,066a5d8d46981b593c3dec855f441edbe9e755a8873183448f69d036a2ecc650,"{""distance"":5,""physical_error_rate"":0.001}","{""detection_events"":652950,""detectors_checked"":195840000,""obs_mistake_mask=EE__"":1,""obs_mistake_mask=_EE_"":1,""obs_mistake_mask=__E_"":1}"
   1067008,         6,         0,   119.3,decoder_by_matrix,066a5d8d46981b593c3dec855f441edbe9e755a8873183448f69d036a2ecc650,"{""distance"":5,""physical_error_rate"":0.001}","{""detection_events"":602880,""detectors_checked"":181391360,""obs_mistake_mask=E_E_"":2,""obs_mistake_mask=E__E"":1,""obs_mistake_mask=E___"":2,""obs_mistake_mask=_EEE"":1}"
   1264640,         0,         0,   119.5,decoder_by_matrix,0421d486f8a041838688df650e87c0a19c3450ab7a7cc8b3dc589ebff86d1c74,"{""distance"":5,""physical_error_rate"":0.0001}","{""detection_events"":72890,""detectors_checked"":214988800}"
   1054720,         0,         0,   119.6,decoder_by_matrix,0421d486f8a041838688df650e87c0a19c3450ab7a7cc8b3dc589ebff86d1c74,"{""distance"":5,""physical_error_rate"":0.0001}","{""detection_events"":60850,""detectors_checked"":179302400}"
    764928,         0,         0,   119.5,decoder_by_matrix,b84cf4b8ca220d31f17e1e2ea9ab927bbc4176b15682c650e7d1dd8f2758172b,"{""distance"":5,""physical_error_rate"":0.0005}","{""detection_events"":219785,""detectors_checked"":130037760}"
   1189888,         2,         0,   119.6,decoder_by_matrix,b84cf4b8ca220d31f17e1e2ea9ab927bbc4176b15682c650e7d1dd8f2758172b,"{""distance"":5,""physical_error_rate"":0.0005}","{""detection_events"":338160,""detectors_checked"":202280960,""obs_mistake_mask=EE_E"":1,""obs_mistake_mask=E_E_"":1}"
   1191936,         0,         0,   119.5,decoder_by_matrix,e41ade2e4684e0396b9a3890c882b6453b515d69885aa1d89a26ce21ec554895,"{""distance"":5,""physical_error_rate"":1e-06}","{""detection_events"":715,""detectors_checked"":202629120}"
   1087488,         0,         0,   119.6,decoder_by_matrix,9c6baee88fc81e7d1aa345fcb3feec7ee81f21c5d49cb6ca037118097d89e180,"{""distance"":5,""physical_error_rate"":5e-05}","{""detection_events"":32015,""detectors_checked"":184872960}"
   1179648,         0,         0,   119.6,decoder_by_matrix,9c6baee88fc81e7d1aa345fcb3feec7ee81f21c5d49cb6ca037118097d89e180,"{""distance"":5,""physical_error_rate"":5e-05}","{""detection_events"":34295,""detectors_checked"":200540160}"
   1215488,         0,         0,   119.4,decoder_by_matrix,0421d486f8a041838688df650e87c0a19c3450ab7a7cc8b3dc589ebff86d1c74,"{""distance"":5,""physical_error_rate"":0.0001}","{""detection_events"":69710,""detectors_checked"":206632960}"
   1155072,         0,         0,   119.4,decoder_by_matrix,3c866087b289edc25e9adea730044a15db18cabfd3ae2507fc844d5b4e03657a,"{""distance"":5,""physical_error_rate"":5e-06}","{""detection_events"":3445,""detectors_checked"":196362240}"
   1031168,         0,         0,   119.5,decoder_by_matrix,e41ade2e4684e0396b9a3890c882b6453b515d69885aa1d89a26ce21ec554895,"{""distance"":5,""physical_error_rate"":1e-06}","{""detection_events"":560,""detectors_checked"":175298560}"
    795648,         3,         0,   119.4,decoder_by_matrix,066a5d8d46981b593c3dec855f441edbe9e755a8873183448f69d036a2ecc650,"{""distance"":5,""physical_error_rate"":0.001}","{""detection_events"":455870,""detectors_checked"":135260160,""obs_mistake_mask=E_E_"":1,""obs_mistake_mask=E___"":1,""obs_mistake_mask=__E_"":1}"
    805888,         0,         0,   119.6,decoder_by_matrix,9c6baee88fc81e7d1aa345fcb3feec7ee81f21c5d49cb6ca037118097d89e180,"{""distance"":5,""physical_error_rate"":5e-05}","{""detection_events"":22060,""detectors_checked"":137000960}"
   1179648,         0,         0,   119.6,decoder_by_matrix,fa5edda0c1038186c8afbec49b0215a0b852396cdb50783a3f937fdf51d2afac,"{""distance"":5,""physical_error_rate"":1e-05}","{""detection_events"":6370,""detectors_checked"":200540160}"
   1243136,         0,         0,   119.4,decoder_by_matrix,b84cf4b8ca220d31f17e1e2ea9ab927bbc4176b15682c650e7d1dd8f2758172b,"{""distance"":5,""physical_error_rate"":0.0005}","{""detection_events"":349355,""detectors_checked"":211333120}"
   1201152,         0,         0,   119.4,decoder_by_matrix,fa5edda0c1038186c8afbec49b0215a0b852396cdb50783a3f937fdf51d2afac,"{""distance"":5,""physical_error_rate"":1e-05}","{""detection_events"":6825,""detectors_checked"":204195840}"
   1146880,         0,         0,   119.5,decoder_by_matrix,9c6baee88fc81e7d1aa345fcb3feec7ee81f21c5d49cb6ca037118097d89e180,"{""distance"":5,""physical_error_rate"":5e-05}","{""detection_events"":34390,""detectors_checked"":194969600}"
   1117184,         0,         0,   119.6,decoder_by_matrix,e41ade2e4684e0396b9a3890c882b6453b515d69885aa1d89a26ce21ec554895,"{""distance"":5,""physical_error_rate"":1e-06}","{""detection_events"":575,""detectors_checked"":189921280}"
   1298432,         0,         0,   119.5,decoder_by_matrix,0421d486f8a041838688df650e87c0a19c3450ab7a7cc8b3dc589ebff86d1c74,"{""distance"":5,""physical_error_rate"":0.0001}","{""detection_events"":73785,""detectors_checked"":220733440}"
   1141760,         0,         0,   119.7,decoder_by_matrix,3c866087b289edc25e9adea730044a15db18cabfd3ae2507fc844d5b4e03657a,"{""distance"":5,""physical_error_rate"":5e-06}","{""detection_events"":3205,""detectors_checked"":194099200}"
   1035264,         0,         0,   119.6,decoder_by_matrix,b84cf4b8ca220d31f17e1e2ea9ab927bbc4176b15682c650e7d1dd8f2758172b,"{""distance"":5,""physical_error_rate"":0.0005}","{""detection_events"":294780,""detectors_checked"":175994880}"
   1316864,         0,         0,   119.6,decoder_by_matrix,0421d486f8a041838688df650e87c0a19c3450ab7a7cc8b3dc589ebff86d1c74,"{""distance"":5,""physical_error_rate"":0.0001}","{""detection_events"":73150,""detectors_checked"":223866880}"
   1317888,         0,         0,   119.6,decoder_by_matrix,fa5edda0c1038186c8afbec49b0215a0b852396cdb50783a3f937fdf51d2afac,"{""distance"":5,""physical_error_rate"":1e-05}","{""detection_events"":7785,""detectors_checked"":224040960}"
   1022976,         1,         0,   119.5,decoder_by_matrix,066a5d8d46981b593c3dec855f441edbe9e755a8873183448f69d036a2ecc650,"{""distance"":5,""physical_error_rate"":0.001}","{""detection_events"":579150,""detectors_checked"":173905920,""obs_mistake_mask=E___"":1}"
   1324032,         0,         0,   119.6,decoder_by_matrix,fa5edda0c1038186c8afbec49b0215a0b852396cdb50783a3f937fdf51d2afac,"{""distance"":5,""physical_error_rate"":1e-05}","{""detection_events"":7965,""detectors_checked"":225085440}"
   1059840,         0,         0,   119.6,decoder_by_matrix,9c6baee88fc81e7d1aa345fcb3feec7ee81f21c5d49cb6ca037118097d89e180,"{""distance"":5,""physical_error_rate"":5e-05}","{""detection_events"":30040,""detectors_checked"":180172800}"
   1402880,         0,         0,   119.6,decoder_by_matrix,3c866087b289edc25e9adea730044a15db18cabfd3ae2507fc844d5b4e03657a,"{""distance"":5,""physical_error_rate"":5e-06}","{""detection_events"":4015,""detectors_checked"":238489600}"
   1119232,         0,         0,   119.5,decoder_by_matrix,fa5edda0c1038186c8afbec49b0215a0b852396cdb50783a3f937fdf51d2afac,"{""distance"":5,""physical_error_rate"":1e-05}","{""detection_events"":5885,""detectors_checked"":190269440}"
   1044480,         0,         0,   119.6,decoder_by_matrix,9c6baee88fc81e7d1aa345fcb3feec7ee81f21c5d49cb6ca037118097d89e180,"{""distance"":5,""physical_error_rate"":5e-05}","{""detection_events"":29030,""detectors_checked"":177561600}"
   1357824,         0,         0,   119.5,decoder_by_matrix,e41ade2e4684e0396b9a3890c882b6453b515d69885aa1d89a26ce21ec554895,"{""distance"":5,""physical_error_rate"":1e-06}","{""detection_events"":515,""detectors_checked"":230830080}"
   1006592,         3,         0,   119.5,decoder_by_matrix,066a5d8d46981b593c3dec855f441edbe9e755a8873183448f69d036a2ecc650,"{""distance"":5,""physical_error_rate"":0.001}","{""detection_events"":572260,""detectors_checked"":171120640,""obs_mistake_mask=EE_E"":1,""obs_mistake_mask=E___"":1,""obs_mistake_mask=__EE"":1}"
   1309696,         0,         0,   119.5,decoder_by_matrix,9c6baee88fc81e7d1aa345fcb3feec7ee81f21c5d49cb6ca037118097d89e180,"{""distance"":5,""physical_error_rate"":5e-05}","{""detection_events"":36175,""detectors_checked"":222648320}"
   1026048,         0,         0,   119.7,decoder_by_matrix,b84cf4b8ca220d31f17e1e2ea9ab927bbc4176b15682c650e7d1dd8f2758172b,"{""distance"":5,""physical_error_rate"":0.0005}","{""detection_events"":292885,""detectors_checked"":174428160}"
    985088,         0,         0,   119.6,decoder_by_matrix,0421d486f8a041838688df650e87c0a19c3450ab7a7cc8b3dc589ebff86d1c74,"{""distance"":5,""physical_error_rate"":0.0001}","{""detection_events"":55060,""detectors_checked"":167464960}"
   1141760,         0,         0,   119.4,decoder_by_matrix,3c866087b289edc25e9adea730044a15db18cabfd3ae2507fc844d5b4e03657a,"{""distance"":5,""physical_error_rate"":5e-06}","{""detection_events"":3680,""detectors_checked"":194099200}"
   1381376,         0,         0,   119.6,decoder_by_matrix,e41ade2e4684e0396b9a3890c882b6453b515d69885aa1d89a26ce21ec554895,"{""distance"":5,""physical_error_rate"":1e-06}","{""detection_events"":635,""detectors_checked"":234833920}"
   1152000,         0,         0,   119.7,decoder_by_matrix,b84cf4b8ca220d31f17e1e2ea9ab927bbc4176b15682c650e7d1dd8f2758172b,"{""distance"":5,""physical_error_rate"":0.0005}","{""detection_events"":325460,""detectors_checked"":195840000}"
    830464,         0,         0,   119.6,decoder_by_matrix,fa5edda0c1038186c8afbec49b0215a0b852396cdb50783a3f937fdf51d2afac,"{""distance"":5,""physical_error_rate"":1e-05}","{""detection_events"":4665,""detectors_checked"":141178880}"
   1310720,         0,         0,   119.5,decoder_by_matrix,3c866087b289edc25e9adea730044a15db18cabfd3ae2507fc844d5b4e03657a,"{""distance"":5,""physical_error_rate"":5e-06}","{""detection_events"":3315,""detectors_checked"":222822400}"
   1107968,         0,         0,   119.4,decoder_by_matrix,3c866087b289edc25e9adea730044a15db18cabfd3ae2507fc844d5b4e03657a,"{""distance"":5,""physical_error_rate"":5e-06}","{""detection_events"":3065,""detectors_checked"":188354560}"
    848896,         0,         0,   119.4,decoder_by_matrix,0421d486f8a041838688df650e87c0a19c3450ab7a7cc8b3dc589ebff86d1c74,"{""distance"":5,""physical_error_rate"":0.0001}","{""detection_events"":48925,""detectors_checked"":144312320}"
   1077248,         0,         0,   119.5,decoder_by_matrix,b84cf4b8ca220d31f17e1e2ea9ab927bbc4176b15682c650e7d1dd8f2758172b,"{""distance"":5,""physical_error_rate"":0.0005}","{""detection_events"":305110,""detectors_checked"":183132160}"
   1073152,         6,         0,   119.5,decoder_by_matrix,066a5d8d46981b593c3dec855f441edbe9e755a8873183448f69d036a2ecc650,"{""distance"":5,""physical_error_rate"":0.001}","{""detection_events"":598105,""detectors_checked"":182435840,""obs_mistake_mask=EE__"":1,""obs_mistake_mask=E__E"":1,""obs_mistake_mask=_EE_"":1,""obs_mistake_mask=_E__"":1,""obs_mistake_mask=__EE"":1,""obs_mistake_mask=___E"":1}"
   1203200,         0,         0,   119.6,decoder_by_matrix,e41ade2e4684e0396b9a3890c882b6453b515d69885aa1d89a26ce21ec554895,"{""distance"":5,""physical_error_rate"":1e-06}","{""detection_events"":735,""detectors_checked"":204544000}"
   1315840,         0,         0,   119.7,decoder_by_matrix,fa5edda0c1038186c8afbec49b0215a0b852396cdb50783a3f937fdf51d2afac,"{""distance"":5,""physical_error_rate"":1e-05}","{""detection_events"":8015,""detectors_checked"":223692800}"
   1325056,         0,         0,   119.6,decoder_by_matrix,3c866087b289edc25e9adea730044a15db18cabfd3ae2507fc844d5b4e03657a,"{""distance"":5,""physical_error_rate"":5e-06}","{""detection_events"":4435,""detectors_checked"":225259520}"
   1243136,         0,         0,   119.6,decoder_by_matrix,e41ade2e4684e0396b9a3890c882b6453b515d69885aa1d89a26ce21ec554895,"{""distance"":5,""physical_error_rate"":1e-06}","{""detection_events"":520,""detectors_checked"":211333120}"
    929792,         2,         0,   119.6,decoder_by_matrix,066a5d8d46981b593c3dec855f441edbe9e755a8873183448f69d036a2ecc650,"{""distance"":5,""physical_error_rate"":0.001}","{""detection_events"":522555,""detectors_checked"":158064640,""obs_mistake_mask=_EEE"":1,""obs_mistake_mask=_E__"":1}"
   1068032,         4,         0,   119.6,decoder_by_matrix,066a5d8d46981b593c3dec855f441edbe9e755a8873183448f69d036a2ecc650,"{""distance"":5,""physical_error_rate"":0.001}","{""detection_events"":606630,""detectors_checked"":181565440,""obs_mistake_mask=E___"":1,""obs_mistake_mask=_EEE"":1,""obs_mistake_mask=_E_E"":1,""obs_mistake_mask=_E__"":1}"
    803840,         0,         0,   119.5,decoder_by_matrix,0421d486f8a041838688df650e87c0a19c3450ab7a7cc8b3dc589ebff86d1c74,"{""distance"":5,""physical_error_rate"":0.0001}","{""detection_events"":45490,""detectors_checked"":136652800}"
   1090560,         0,         0,   119.5,decoder_by_matrix,b84cf4b8ca220d31f17e1e2ea9ab927bbc4176b15682c650e7d1dd8f2758172b,"{""distance"":5,""physical_error_rate"":0.0005}","{""detection_events"":306755,""detectors_checked"":185395200}"
   1073152,         0,         0,   119.4,decoder_by_matrix,0421d486f8a041838688df650e87c0a19c3450ab7a7cc8b3dc589ebff86d1c74,"{""distance"":5,""physical_error_rate"":0.0001}","{""detection_events"":61725,""detectors_checked"":182435840}"
   1061888,         1,         0,   119.5,decoder_by_matrix,b84cf4b8ca220d31f17e1e2ea9ab927bbc4176b15682c650e7d1dd8f2758172b,"{""distance"":5,""physical_error_rate"":0.0005}","{""detection_events"":301030,""detectors_checked"":180520960,""obs_mistake_mask=E___"":1}"
   1102848,         0,         0,   119.5,decoder_by_matrix,e41ade2e4684e0396b9a3890c882b6453b515d69885aa1d89a26ce21ec554895,"{""distance"":5,""physical_error_rate"":1e-06}","{""detection_events"":780,""detectors_checked"":187484160}"
   1088512,         0,         0,   119.5,decoder_by_matrix,9c6baee88fc81e7d1aa345fcb3feec7ee81f21c5d49cb6ca037118097d89e180,"{""distance"":5,""physical_error_rate"":5e-05}","{""detection_events"":30975,""detectors_checked"":185047040}"
   1201152,         0,         0,   119.6,decoder_by_matrix,9c6baee88fc81e7d1aa345fcb3feec7ee81f21c5d49cb6ca037118097d89e180,"{""distance"":5,""physical_error_rate"":5e-05}","{""detection_events"":34490,""detectors_checked"":204195840}"
    932864,         0,         0,   119.5,decoder_by_matrix,0421d486f8a041838688df650e87c0a19c3450ab7a7cc8b3dc589ebff86d1c74,"{""distance"":5,""physical_error_rate"":0.0001}","{""detection_events"":53280,""detectors_checked"":158586880}"
   1117184,         0,         0,   119.7,decoder_by_matrix,3c866087b289edc25e9adea730044a15db18cabfd3ae2507fc844d5b4e03657a,"{""distance"":5,""physical_error_rate"":5e-06}","{""detection_events"":2970,""detectors_checked"":189921280}"
    825344,         0,         0,   119.8,decoder_by_matrix,e41ade2e4684e0396b9a3890c882b6453b515d69885aa1d89a26ce21ec554895,"{""distance"":5,""physical_error_rate"":1e-06}","{""detection_events"":445,""detectors_checked"":140308480}"
   1090560,         1,         0,   119.5,decoder_by_matrix,066a5d8d46981b593c3dec855f441edbe9e755a8873183448f69d036a2ecc650,"{""distance"":5,""physical_error_rate"":0.001}","{""detection_events"":616780,""detectors_checked"":185395200,""obs_mistake_mask=E___"":1}"
   1037312,         0,         0,   119.5,decoder_by_matrix,9c6baee88fc81e7d1aa345fcb3feec7ee81f21c5d49cb6ca037118097d89e180,"{""distance"":5,""physical_error_rate"":5e-05}","{""detection_events"":29030,""detectors_checked"":176343040}"
    787456,         0,         0,   119.8,decoder_by_matrix,fa5edda0c1038186c8afbec49b0215a0b852396cdb50783a3f937fdf51d2afac,"{""distance"":5,""physical_error_rate"":1e-05}","{""detection_events"":4830,""detectors_checked"":133867520}"
   1312768,         2,         0,   119.4,decoder_by_matrix,b84cf4b8ca220d31f17e1e2ea9ab927bbc4176b15682c650e7d1dd8f2758172b,"{""distance"":5,""physical_error_rate"":0.0005}","{""detection_events"":371135,""detectors_checked"":223170560,""obs_mistake_mask=E___"":1,""obs_mistake_mask=_EEE"":1}"
   1260544,         0,         0,   119.4,decoder_by_matrix,fa5edda0c1038186c8afbec49b0215a0b852396cdb50783a3f937fdf51d2afac,"{""distance"":5,""physical_error_rate"":1e-05}","{""detection_events"":7800,""detectors_checked"":214292480}"
   1179648,         0,         0,   119.4,decoder_by_matrix,9c6baee88fc81e7d1aa345fcb3feec7ee81f21c5d49cb6ca037118097d89e180,"{""distance"":5,""physical_error_rate"":5e-05}","{""detection_events"":34370,""detectors_checked"":200540160}"
   1303552,         0,         0,   119.4,decoder_by_matrix,e41ade2e4684e0396b9a3890c882b6453b515d69885aa1d89a26ce21ec554895,"{""distance"":5,""physical_error_rate"":1e-06}","{""detection_events"":465,""detectors_checked"":221603840}"
   1178624,         0,         0,   119.6,decoder_by_matrix,0421d486f8a041838688df650e87c0a19c3450ab7a7cc8b3dc589ebff86d1c74,"{""distance"":5,""physical_error_rate"":0.0001}","{""detection_events"":69160,""detectors_checked"":200366080}"
   1179648,         0,         0,   119.6,decoder_by_matrix,3c866087b289edc25e9adea730044a15db18cabfd3ae2507fc844d5b4e03657a,"{""distance"":5,""physical_error_rate"":5e-06}","{""detection_events"":3110,""detectors_checked"":200540160}"
   1148928,         0,         0,   119.5,decoder_by_matrix,b84cf4b8ca220d31f17e1e2ea9ab927bbc4176b15682c650e7d1dd8f2758172b,"{""distance"":5,""physical_error_rate"":0.0005}","{""detection_events"":330750,""detectors_checked"":195317760}"
   1297408,         0,         0,   119.6,decoder_by_matrix,0421d486f8a041838688df650e87c0a19c3450ab7a7cc8b3dc589ebff86d1c74,"{""distance"":5,""physical_error_rate"":0.0001}","{""detection_events"":75155,""detectors_checked"":220559360}"
   1308672,         0,         0,   119.3,decoder_by_matrix,fa5edda0c1038186c8afbec49b0215a0b852396cdb50783a3f937fdf51d2afac,"{""distance"":5,""physical_error_rate"":1e-05}","{""detection_events"":7085,""detectors_checked"":222474240}"
   1065984,         1,         0,   119.6,decoder_by_matrix,066a5d8d46981b593c3dec855f441edbe9e755a8873183448f69d036a2ecc650,"{""distance"":5,""physical_error_rate"":0.001}","{""detection_events"":605660,""detectors_checked"":181217280,""obs_mistake_mask=__EE"":1}"
   1223680,         0,         0,   119.5,decoder_by_matrix,fa5edda0c1038186c8afbec49b0215a0b852396cdb50783a3f937fdf51d2afac,"{""distance"":5,""physical_error_rate"":1e-05}","{""detection_events"":7245,""detectors_checked"":208025600}"
   1344512,         0,         0,   119.6,decoder_by_matrix,3c866087b289edc25e9adea730044a15db18cabfd3ae2507fc844d5b4e03657a,"{""distance"":5,""physical_error_rate"":5e-06}","{""detection_events"":3615,""detectors_checked"":228567040}"
   1172480,         0,         0,   119.8,decoder_by_matrix,9c6baee88fc81e7d1aa345fcb3feec7ee81f21c5d49cb6ca037118097d89e180,"{""distance"":5,""physical_error_rate"":5e-05}","{""detection_events"":33935,""detectors_checked"":199321600}"
   1291264,         0,         0,   119.4,decoder_by_matrix,fa5edda0c1038186c8afbec49b0215a0b852396cdb50783a3f937fdf51d2afac,"{""distance"":5,""physical_error_rate"":1e-05}","{""detection_events"":7435,""detectors_checked"":219514880}"
   1198080,         0,         0,   119.5,decoder_by_matrix,9c6baee88fc81e7d1aa345fcb3feec7ee81f21c5d49cb6ca037118097d89e180,"{""distance"":5,""physical_error_rate"":5e-05}","{""detection_events"":35725,""detectors_checked"":203673600}"
   1177600,         2,         0,   119.5,decoder_by_matrix,066a5d8d46981b593c3dec855f441edbe9e755a8873183448f69d036a2ecc650,"{""distance"":5,""physical_error_rate"":0.001}","{""detection_events"":665190,""detectors_checked"":200192000,""obs_mistake_mask=_E_E"":1,""obs_mistake_mask=_E__"":1}"
   1300480,         0,         0,   119.6,decoder_by_matrix,e41ade2e4684e0396b9a3890c882b6453b515d69885aa1d89a26ce21ec554895,"{""distance"":5,""physical_error_rate"":1e-06}","{""detection_events"":785,""detectors_checked"":221081600}"
   1269760,         0,         0,   119.6,decoder_by_matrix,9c6baee88fc81e7d1aa345fcb3feec7ee81f21c5d49cb6ca037118097d89e180,"{""distance"":5,""physical_error_rate"":5e-05}","{""detection_events"":35045,""detectors_checked"":215859200}"
   1161216,         0,         0,   119.5,decoder_by_matrix,b84cf4b8ca220d31f17e1e2ea9ab927bbc4176b15682c650e7d1dd8f2758172b,"{""distance"":5,""physical_error_rate"":0.0005}","{""detection_events"":330625,""detectors_checked"":197406720}"
    753664,         0,         0,   119.5,decoder_by_matrix,0421d486f8a041838688df650e87c0a19c3450ab7a7cc8b3dc589ebff86d1c74,"{""distance"":5,""physical_error_rate"":0.0001}","{""detection_events"":43940,""detectors_checked"":128122880}"
   1114112,         0,         0,   119.6,decoder_by_matrix,3c866087b289edc25e9adea730044a15db18cabfd3ae2507fc844d5b4e03657a,"{""distance"":5,""physical_error_rate"":5e-06}","{""detection_events"":3605,""detectors_checked"":189399040}"
   1288192,         0,         0,   119.6,decoder_by_matrix,e41ade2e4684e0396b9a3890c882b6453b515d69885aa1d89a26ce21ec554895,"{""distance"":5,""physical_error_rate"":1e-06}","{""detection_events"":925,""detectors_checked"":218992640}"
    712704,         1,         0,   119.7,decoder_by_matrix,b84cf4b8ca220d31f17e1e2ea9ab927bbc4176b15682c650e7d1dd8f2758172b,"{""distance"":5,""physical_error_rate"":0.0005}","{""detection_events"":201265,""detectors_checked"":121159680,""obs_mistake_mask=__E_"":1}"
    792576,         0,         0,   119.8,decoder_by_matrix,fa5edda0c1038186c8afbec49b0215a0b852396cdb50783a3f937fdf51d2afac,"{""distance"":5,""physical_error_rate"":1e-05}","{""detection_events"":4345,""detectors_checked"":134737920}"
   1301504,         0,         0,   119.5,decoder_by_matrix,3c866087b289edc25e9adea730044a15db18cabfd3ae2507fc844d5b4e03657a,"{""distance"":5,""physical_error_rate"":5e-06}","{""detection_events"":3405,""detectors_checked"":221255680}"
   1180672,         0,         0,   119.3,decoder_by_matrix,0421d486f8a041838688df650e87c0a19c3450ab7a7cc8b3dc589ebff86d1c74,"{""distance"":5,""physical_error_rate"":0.0001}","{""detection_events"":65800,""detectors_checked"":200714240}"
   1201152,         0,         0,   119.4,decoder_by_matrix,3c866087b289edc25e9adea730044a15db18cabfd3ae2507fc844d5b4e03657a,"{""distance"":5,""physical_error_rate"":5e-06}","{""detection_events"":3415,""detectors_checked"":204195840}"
   1169408,         0,         0,   119.5,decoder_by_matrix,b84cf4b8ca220d31f17e1e2ea9ab927bbc4176b15682c650e7d1dd8f2758172b,"{""distance"":5,""physical_error_rate"":0.0005}","{""detection_events"":329410,""detectors_checked"":198799360}"
   1136640,         1,         0,   119.5,decoder_by_matrix,066a5d8d46981b593c3dec855f441edbe9e755a8873183448f69d036a2ecc650,"{""distance"":5,""physical_error_rate"":0.001}","{""detection_events"":646020,""detectors_checked"":193228800,""obs_mistake_mask=_E__"":1}"
   1118208,         0,         0,   119.6,decoder_by_matrix,e41ade2e4684e0396b9a3890c882b6453b515d69885aa1d89a26ce21ec554895,"{""distance"":5,""physical_error_rate"":1e-06}","{""detection_events"":755,""detectors_checked"":190095360}"
   1251328,         5,         0,   119.5,decoder_by_matrix,066a5d8d46981b593c3dec855f441edbe9e755a8873183448f69d036a2ecc650,"{""distance"":5,""physical_error_rate"":0.001}","{""detection_events"":713420,""detectors_checked"":212725760,""obs_mistake_mask=E_E_"":2,""obs_mistake_mask=E___"":1,""obs_mistake_mask=_EEE"":1,""obs_mistake_mask=_E__"":1}"
   1239040,         0,         0,   119.6,decoder_by_matrix,fa5edda0c1038186c8afbec49b0215a0b852396cdb50783a3f937fdf51d2afac,"{""distance"":5,""physical_error_rate"":1e-05}","{""detection_events"":7240,""detectors_checked"":210636800}"
    749568,         0,         0,   119.6,decoder_by_matrix,e41ade2e4684e0396b9a3890c882b6453b515d69885aa1d89a26ce21ec554895,"{""distance"":5,""physical_error_rate"":1e-06}","{""detection_events"":500,""detectors_checked"":127426560}"
   1133568,         4,         0,   119.4,decoder_by_matrix,066a5d8d46981b593c3dec855f441edbe9e755a8873183448f69d036a2ecc650,"{""distance"":5,""physical_error_rate"":0.001}","{""detection_events"":636295,""detectors_checked"":192706560,""obs_mistake_mask=EE__"":1,""obs_mistake_mask=_E__"":1,""obs_mistake_mask=__EE"":1,""obs_mistake_mask=__E_"":1}"
   1162240,         0,         0,   119.6,decoder_by_matrix,3c866087b289edc25e9adea730044a15db18cabfd3ae2507fc844d5b4e03657a,"{""distance"":5,""physical_error_rate"":5e-06}","{""detection_events"":3560,""detectors_checked"":197580800}"
   1108992,         0,         0,   119.6,decoder_by_matrix,b84cf4b8ca220d31f17e1e2ea9ab927bbc4176b15682c650e7d1dd8f2758172b,"{""distance"":5,""physical_error_rate"":0.0005}","{""detection_events"":316410,""detectors_checked"":188528640}"
    736256,         0,         0,   119.4,decoder_by_matrix,0421d486f8a041838688df650e87c0a19c3450ab7a7cc8b3dc589ebff86d1c74,"{""distance"":5,""physical_error_rate"":0.0001}","{""detection_events"":42825,""detectors_checked"":125163520}"
   1213440,         0,         0,   119.4,decoder_by_matrix,0421d486f8a041838688df650e87c0a19c3450ab7a7cc8b3dc589ebff86d1c74,"{""distance"":5,""physical_error_rate"":0.0001}","{""detection_events"":67565,""detectors_checked"":206284800}"
   1051648,         0,         0,   119.6,decoder_by_matrix,b84cf4b8ca220d31f17e1e2ea9ab927bbc4176b15682c650e7d1dd8f2758172b,"{""distance"":5,""physical_error_rate"":0.0005}","{""detection_events"":300160,""detectors_checked"":178780160}"
   1186816,         0,         0,   119.4,decoder_by_matrix,e41ade2e4684e0396b9a3890c882b6453b515d69885aa1d89a26ce21ec554895,"{""distance"":5,""physical_error_rate"":1e-06}","{""detection_events"":860,""detectors_checked"":201758720}"
   1185792,         0,         0,   119.5,decoder_by_matrix,9c6baee88fc81e7d1aa345fcb3feec7ee81f21c5d49cb6ca037118097d89e180,"{""distance"":5,""physical_error_rate"":5e-05}","{""detection_events"":34060,""detectors_checked"":201584640}"
    712704,         0,         0,   119.5,decoder_by_matrix,9c6baee88fc81e7d1aa345fcb3feec7ee81f21c5d49cb6ca037118097d89e180,"{""distance"":5,""physical_error_rate"":5e-05}","{""detection_events"":20880,""detectors_checked"":121159680}"
   1172480,         0,         0,   119.6,decoder_by_matrix,0421d486f8a041838688df650e87c0a19c3450ab7a7cc8b3dc589ebff86d1c74,"{""distance"":5,""physical_error_rate"":0.0001}","{""detection_events"":67170,""detectors_checked"":199321600}"
   1217536,         0,         0,   119.6,decoder_by_matrix,3c866087b289edc25e9adea730044a15db18cabfd3ae2507fc844d5b4e03657a,"{""distance"":5,""physical_error_rate"":5e-06}","{""detection_events"":3450,""detectors_checked"":206981120}"
    823296,         0,         0,   119.7,decoder_by_matrix,e41ade2e4684e0396b9a3890c882b6453b515d69885aa1d89a26ce21ec554895,"{""distance"":5,""physical_error_rate"":1e-06}","{""detection_events"":440,""detectors_checked"":139960320}"
   1140736,         3,         0,   119.5,decoder_by_matrix,066a5d8d46981b593c3dec855f441edbe9e755a8873183448f69d036a2ecc650,"{""distance"":5,""physical_error_rate"":0.001}","{""detection_events"":645560,""detectors_checked"":193925120,""obs_mistake_mask=E_E_"":1,""obs_mistake_mask=E__E"":1,""obs_mistake_mask=_EEE"":1}"
    784384,         0,         0,   119.6,decoder_by_matrix,fa5edda0c1038186c8afbec49b0215a0b852396cdb50783a3f937fdf51d2afac,"{""distance"":5,""physical_error_rate"":1e-05}","{""detection_events"":4925,""detectors_checked"":133345280}"
   1143808,         0,         0,   119.5,decoder_by_matrix,9c6baee88fc81e7d1aa345fcb3feec7ee81f21c5d49cb6ca037118097d89e180,"{""distance"":5,""physical_error_rate"":5e-05}","{""detection_events"":31315,""detectors_checked"":194447360}"
   1125376,         0,         0,   119.6,decoder_by_matrix,b84cf4b8ca220d31f17e1e2ea9ab927bbc4176b15682c650e7d1dd8f2758172b,"{""distance"":5,""physical_error_rate"":0.0005}","{""detection_events"":325265,""detectors_checked"":191313920}"
   1249280,         0,         0,   119.4,decoder_by_matrix,fa5edda0c1038186c8afbec49b0215a0b852396cdb50783a3f937fdf51d2afac,"{""distance"":5,""physical_error_rate"":1e-05}","{""detection_events"":6495,""detectors_checked"":212377600}"
   1141760,         0,         0,   119.5,decoder_by_matrix,9c6baee88fc81e7d1aa345fcb3feec7ee81f21c5d49cb6ca037118097d89e180,"{""distance"":5,""physical_error_rate"":5e-05}","{""detection_events"":31010,""detectors_checked"":194099200}"
   1305600,         0,         0,   119.5,decoder_by_matrix,e41ade2e4684e0396b9a3890c882b6453b515d69885aa1d89a26ce21ec554895,"{""distance"":5,""physical_error_rate"":1e-06}","{""detection_events"":385,""detectors_checked"":221952000}"
   1176576,         0,         0,   119.6,decoder_by_matrix,3c866087b289edc25e9adea730044a15db18cabfd3ae2507fc844d5b4e03657a,"{""distance"":5,""physical_error_rate"":5e-06}","{""detection_events"":3650,""detectors_checked"":200017920}"
   1105920,         0,         0,   119.5,decoder_by_matrix,0421d486f8a041838688df650e87c0a19c3450ab7a7cc8b3dc589ebff86d1c74,"{""distance"":5,""physical_error_rate"":0.0001}","{""detection_events"":62630,""detectors_checked"":188006400}"
    950272,         0,         0,   119.4,decoder_by_matrix,b84cf4b8ca220d31f17e1e2ea9ab927bbc4176b15682c650e7d1dd8f2758172b,"{""distance"":5,""physical_error_rate"":0.0005}","{""detection_events"":267700,""detectors_checked"":161546240}"
   1111040,         0,         0,   119.6,decoder_by_matrix,0421d486f8a041838688df650e87c0a19c3450ab7a7cc8b3dc589ebff86d1c74,"{""distance"":5,""physical_error_rate"":0.0001}","{""detection_events"":64355,""detectors_checked"":188876800}"
   1293312,         0,         0,   119.6,decoder_by_matrix,fa5edda0c1038186c8afbec49b0215a0b852396cdb50783a3f937fdf51d2afac,"{""distance"":5,""physical_error_rate"":1e-05}","{""detection_events"":8005,""detectors_checked"":219863040}"
   1149952,         2,         0,   119.6,decoder_by_matrix,066a5d8d46981b593c3dec855f441edbe9e755a8873183448f69d036a2ecc650,"{""distance"":5,""physical_error_rate"":0.001}","{""detection_events"":652080,""detectors_checked"":195491840,""obs_mistake_mask=EE_E"":1,""obs_mistake_mask=___E"":1}"
   1287168,         0,         0,   119.6,decoder_by_matrix,fa5edda0c1038186c8afbec49b0215a0b852396cdb50783a3f937fdf51d2afac,"{""distance"":5,""physical_error_rate"":1e-05}","{""detection_events"":8035,""detectors_checked"":218818560}"
   1293312,         0,         0,   119.5,decoder_by_matrix,3c866087b289edc25e9adea730044a15db18cabfd3ae2507fc844d5b4e03657a,"{""distance"":5,""physical_error_rate"":5e-06}","{""detection_events"":3810,""detectors_checked"":219863040}"
   1154048,         0,         0,   119.4,decoder_by_matrix,9c6baee88fc81e7d1aa345fcb3feec7ee81f21c5d49cb6ca037118097d89e180,"{""distance"":5,""physical_error_rate"":5e-05}","{""detection_events"":32675,""detectors_checked"":196188160}"
   1263616,         0,         0,   119.5,decoder_by_matrix,fa5edda0c1038186c8afbec49b0215a0b852396cdb50783a3f937fdf51d2afac,"{""distance"":5,""physical_error_rate"":1e-05}","{""detection_events"":7195,""detectors_checked"":214814720}"
    932864,         0,         0,   119.7,decoder_by_matrix,e41ade2e4684e0396b9a3890c882b6453b515d69885aa1d89a26ce21ec554895,"{""distance"":5,""physical_error_rate"":1e-06}","{""detection_events"":675,""detectors_checked"":158586880}"
   1172480,         2,         0,   119.5,decoder_by_matrix,066a5d8d46981b593c3dec855f441edbe9e755a8873183448f69d036a2ecc650,"{""distance"":5,""physical_error_rate"":0.001}","{""detection_events"":662710,""detectors_checked"":199321600,""obs_mistake_mask=_E_E"":1,""obs_mistake_mask=___E"":1}"
   1173504,         0,         0,   119.5,decoder_by_matrix,9c6baee88fc81e7d1aa345fcb3feec7ee81f21c5d49cb6ca037118097d89e180,"{""distance"":5,""physical_error_rate"":5e-05}","{""detection_events"":33465,""detectors_checked"":199495680}"
   1293312,         0,         0,   119.5,decoder_by_matrix,9c6baee88fc81e7d1aa345fcb3feec7ee81f21c5d49cb6ca037118097d89e180,"{""distance"":5,""physical_error_rate"":5e-05}","{""detection_events"":37280,""detectors_checked"":219863040}"
   1227776,         1,         0,   119.7,decoder_by_matrix,b84cf4b8ca220d31f17e1e2ea9ab927bbc4176b15682c650e7d1dd8f2758172b,"{""distance"":5,""physical_error_rate"":0.0005}","{""detection_events"":348360,""detectors_checked"":208721920,""obs_mistake_mask=_EEE"":1}"
    812032,         0,         0,   119.4,decoder_by_matrix,0421d486f8a041838688df650e87c0a19c3450ab7a7cc8b3dc589ebff86d1c74,"{""distance"":5,""physical_error_rate"":0.0001}","{""detection_events"":47025,""detectors_checked"":138045440}"
    885760,         0,         0,   119.7,decoder_by_matrix,3c866087b289edc25e9adea730044a15db18cabfd3ae2507fc844d5b4e03657a,"{""distance"":5,""physical_error_rate"":5e-06}","{""detection_events"":2625,""detectors_checked"":150579200}"
   1314816,         0,         0,   119.6,decoder_by_matrix,e41ade2e4684e0396b9a3890c882b6453b515d69885aa1d89a26ce21ec554895,"{""distance"":5,""physical_error_rate"":1e-06}","{""detection_events"":765,""detectors_checked"":223518720}"
   1163264,         0,         0,   119.5,decoder_by_matrix,b84cf4b8ca220d31f17e1e2ea9ab927bbc4176b15682c650e7d1dd8f2758172b,"{""distance"":5,""physical_error_rate"":0.0005}","{""detection_events"":328375,""detectors_checked"":197754880}"
   1000448,         0,         0,   119.7,decoder_by_matrix,fa5edda0c1038186c8afbec49b0215a0b852396cdb50783a3f937fdf51d2afac,"{""distance"":5,""physical_error_rate"":1e-05}","{""detection_events"":5370,""detectors_checked"":170076160}"
   1280000,         0,         0,   119.6,decoder_by_matrix,3c866087b289edc25e9adea730044a15db18cabfd3ae2507fc844d5b4e03657a,"{""distance"":5,""physical_error_rate"":5e-06}","{""detection_events"":3365,""detectors_checked"":217600000}"
   1224704,         0,         0,   119.6,decoder_by_matrix,3c866087b289edc25e9adea730044a15db18cabfd3ae2507fc844d5b4e03657a,"{""distance"":5,""physical_error_rate"":5e-06}","{""detection_events"":3295,""detectors_checked"":208199680}"
   1036288,         0,         0,   119.6,decoder_by_matrix,0421d486f8a041838688df650e87c0a19c3450ab7a7cc8b3dc589ebff86d1c74,"{""distance"":5,""physical_error_rate"":0.0001}","{""detection_events"":61030,""detectors_checked"":176168960}"
   1002496,         0,         0,   119.6,decoder_by_matrix,b84cf4b8ca220d31f17e1e2ea9ab927bbc4176b15682c650e7d1dd8f2758172b,"{""distance"":5,""physical_error_rate"":0.0005}","{""detection_events"":284590,""detectors_checked"":170424320}"
   1047552,         2,         0,   119.5,decoder_by_matrix,066a5d8d46981b593c3dec855f441edbe9e755a8873183448f69d036a2ecc650,"{""distance"":5,""physical_error_rate"":0.001}","{""detection_events"":587430,""detectors_checked"":178083840,""obs_mistake_mask=_E__"":1,""obs_mistake_mask=___E"":1}"
   1227776,         0,         0,   119.3,decoder_by_matrix,e41ade2e4684e0396b9a3890c882b6453b515d69885aa1d89a26ce21ec554895,"{""distance"":5,""physical_error_rate"":1e-06}","{""detection_events"":730,""detectors_checked"":208721920}"
   1152000,         2,         0,   119.5,decoder_by_matrix,066a5d8d46981b593c3dec855f441edbe9e755a8873183448f69d036a2ecc650,"{""distance"":5,""physical_error_rate"":0.001}","{""detection_events"":652415,""detectors_checked"":195840000,""obs_mistake_mask=E_E_"":1,""obs_mistake_mask=__E_"":1}"
    833536,         0,         0,   119.7,decoder_by_matrix,fa5edda0c1038186c8afbec49b0215a0b852396cdb50783a3f937fdf51d2afac,"{""distance"":5,""physical_error_rate"":1e-05}","{""detection_events"":4825,""detectors_checked"":141701120}"
   1153024,         0,         0,   119.4,decoder_by_matrix,e41ade2e4684e0396b9a3890c882b6453b515d69885aa1d89a26ce21ec554895,"{""distance"":5,""physical_error_rate"":1e-06}","{""detection_events"":790,""detectors_checked"":196014080}"
   1158144,         3,         0,   119.5,decoder_by_matrix,066a5d8d46981b593c3dec855f441edbe9e755a8873183448f69d036a2ecc650,"{""distance"":5,""physical_error_rate"":0.001}","{""detection_events"":657695,""detectors_checked"":196884480,""obs_mistake_mask=E___"":1,""obs_mistake_mask=_EE_"":1,""obs_mistake_mask=_E__"":1}"
   1010688,         0,         0,   119.6,decoder_by_matrix,3c866087b289edc25e9adea730044a15db18cabfd3ae2507fc844d5b4e03657a,"{""distance"":5,""physical_error_rate"":5e-06}","{""detection_events"":2750,""detectors_checked"":171816960}"
   1200128,         0,         0,   119.6,decoder_by_matrix,b84cf4b8ca220d31f17e1e2ea9ab927bbc4176b15682c650e7d1dd8f2758172b,"{""distance"":5,""physical_error_rate"":0.0005}","{""detection_events"":338260,""detectors_checked"":204021760}"
   1186816,         0,         0,   119.6,decoder_by_matrix,0421d486f8a041838688df650e87c0a19c3450ab7a7cc8b3dc589ebff86d1c74,"{""distance"":5,""physical_error_rate"":0.0001}","{""detection_events"":67535,""detectors_checked"":201758720}"
   1029120,         0,         0,   119.4,decoder_by_matrix,0421d486f8a041838688df650e87c0a19c3450ab7a7cc8b3dc589ebff86d1c74,"{""distance"":5,""physical_error_rate"":0.0001}","{""detection_events"":59905,""detectors_checked"":174950400}"
   1017856,         1,         0,   119.5,decoder_by_matrix,b84cf4b8ca220d31f17e1e2ea9ab927bbc4176b15682c650e7d1dd8f2758172b,"{""distance"":5,""physical_error_rate"":0.0005}","{""detection_events"":285800,""detectors_checked"":173035520,""obs_mistake_mask=E___"":1}"
    803840,         0,         0,   119.4,decoder_by_matrix,9c6baee88fc81e7d1aa345fcb3feec7ee81f21c5d49cb6ca037118097d89e180,"{""distance"":5,""physical_error_rate"":5e-05}","{""detection_events"":22185,""detectors_checked"":136652800}"
   1241088,         0,         0,   119.5,decoder_by_matrix,e41ade2e4684e0396b9a3890c882b6453b515d69885aa1d89a26ce21ec554895,"{""distance"":5,""physical_error_rate"":1e-06}","{""detection_events"":635,""detectors_checked"":210984960}"
   1178624,         0,         0,   119.4,decoder_by_matrix,9c6baee88fc81e7d1aa345fcb3feec7ee81f21c5d49cb6ca037118097d89e180,"{""distance"":5,""physical_error_rate"":5e-05}","{""detection_events"":33080,""detectors_checked"":200366080}"
   1241088,         0,         0,   119.7,decoder_by_matrix,0421d486f8a041838688df650e87c0a19c3450ab7a7cc8b3dc589ebff86d1c74,"{""distance"":5,""physical_error_rate"":0.0001}","{""detection_events"":70315,""detectors_checked"":210984960}"
   1177600,         0,         0,   119.5,decoder_by_matrix,3c866087b289edc25e9adea730044a15db18cabfd3ae2507fc844d5b4e03657a,"{""distance"":5,""physical_error_rate"":5e-06}","{""detection_events"":3490,""detectors_checked"":200192000}"
    932864,         0,         0,   119.8,decoder_by_matrix,e41ade2e4684e0396b9a3890c882b6453b515d69885aa1d89a26ce21ec554895,"{""distance"":5,""physical_error_rate"":1e-06}","{""detection_events"":575,""detectors_checked"":158586880}"
   1168384,         1,         0,   119.5,decoder_by_matrix,066a5d8d46981b593c3dec855f441edbe9e755a8873183448f69d036a2ecc650,"{""distance"":5,""physical_error_rate"":0.001}","{""detection_events"":669380,""detectors_checked"":198625280,""obs_mistake_mask=E_E_"":1}"
   1154048,         0,         0,   119.6,decoder_by_matrix,fa5edda0c1038186c8afbec49b0215a0b852396cdb50783a3f937fdf51d2afac,"{""distance"":5,""physical_error_rate"":1e-05}","{""detection_events"":6220,""detectors_checked"":196188160}"
   1125376,         0,         0,   119.7,decoder_by_matrix,9c6baee88fc81e7d1aa345fcb3feec7ee81f21c5d49cb6ca037118097d89e180,"{""distance"":5,""physical_error_rate"":5e-05}","{""detection_events"":32865,""detectors_checked"":191313920}"
   1064960,         1,         0,   119.5,decoder_by_matrix,b84cf4b8ca220d31f17e1e2ea9ab927bbc4176b15682c650e7d1dd8f2758172b,"{""distance"":5,""physical_error_rate"":0.0005}","{""detection_events"":304925,""detectors_checked"":181043200,""obs_mistake_mask=_E__"":1}"
   1215488,         0,         0,   119.5,decoder_by_matrix,fa5edda0c1038186c8afbec49b0215a0b852396cdb50783a3f937fdf51d2afac,"{""distance"":5,""physical_error_rate"":1e-05}","{""detection_events"":6680,""detectors_checked"":206632960}"
   1241088,         0,         0,   119.5,decoder_by_matrix,9c6baee88fc81e7d1aa345fcb3feec7ee81f21c5d49cb6ca037118097d89e180,"{""distance"":5,""physical_error_rate"":5e-05}","{""detection_events"":34205,""detectors_checked"":210984960}"
   1286144,         0,         0,   119.5,decoder_by_matrix,e41ade2e4684e0396b9a3890c882b6453b515d69885aa1d89a26ce21ec554895,"{""distance"":5,""physical_error_rate"":1e-06}","{""detection_events"":665,""detectors_checked"":218644480}"
   1267712,         0,         0,   119.5,decoder_by_matrix,3c866087b289edc25e9adea730044a15db18cabfd3ae2507fc844d5b4e03657a,"{""distance"":5,""physical_error_rate"":5e-06}","{""detection_events"":3625,""detectors_checked"":215511040}"
   1196032,         0,         0,   119.4,decoder_by_matrix,0421d486f8a041838688df650e87c0a19c3450ab7a7cc8b3dc589ebff86d1c74,"{""distance"":5,""physical_error_rate"":0.0001}","{""detection_events"":67965,""detectors_checked"":203325440}"
    906240,         0,         0,   119.5,decoder_by_matrix,b84cf4b8ca220d31f17e1e2ea9ab927bbc4176b15682c650e7d1dd8f2758172b,"{""distance"":5,""physical_error_rate"":0.0005}","{""detection_events"":258370,""detectors_checked"":154060800}"
   1278976,         0,         0,   119.6,decoder_by_matrix,0421d486f8a041838688df650e87c0a19c3450ab7a7cc8b3dc589ebff86d1c74,"{""distance"":5,""physical_error_rate"":0.0001}","{""detection_events"":72705,""detectors_checked"":217425920}"
   1263616,         0,         0,   119.7,decoder_by_matrix,fa5edda0c1038186c8afbec49b0215a0b852396cdb50783a3f937fdf51d2afac,"{""distance"":5,""physical_error_rate"":1e-05}","{""detection_events"":6875,""detectors_checked"":214814720}"
   1082368,         2,         0,   119.6,decoder_by_matrix,066a5d8d46981b593c3dec855f441edbe9e755a8873183448f69d036a2ecc650,"{""distance"":5,""physical_error_rate"":0.001}","{""detection_events"":611250,""detectors_checked"":184002560,""obs_mistake_mask=_E__"":1,""obs_mistake_mask=__E_"":1}"
    836608,         0,         0,   119.8,decoder_by_matrix,fa5edda0c1038186c8afbec49b0215a0b852396cdb50783a3f937fdf51d2afac,"{""distance"":5,""physical_error_rate"":1e-05}","{""detection_events"":4440,""detectors_checked"":142223360}"
   1350656,         0,         0,   119.4,decoder_by_matrix,3c866087b289edc25e9adea730044a15db18cabfd3ae2507fc844d5b4e03657a,"{""distance"":5,""physical_error_rate"":5e-06}","{""detection_events"":3775,""detectors_checked"":229611520}"
   1120256,         0,         0,   119.4,decoder_by_matrix,9c6baee88fc81e7d1aa345fcb3feec7ee81f21c5d49cb6ca037118097d89e180,"{""distance"":5,""physical_error_rate"":5e-05}","{""detection_events"":33480,""detectors_checked"":190443520}"
   1158144,         0,         0,   119.6,decoder_by_matrix,fa5edda0c1038186c8afbec49b0215a0b852396cdb50783a3f937fdf51d2afac,"{""distance"":5,""physical_error_rate"":1e-05}","{""detection_events"":6130,""detectors_checked"":196884480}"
   1128448,         0,         0,   119.4,decoder_by_matrix,e41ade2e4684e0396b9a3890c882b6453b515d69885aa1d89a26ce21ec554895,"{""distance"":5,""physical_error_rate"":1e-06}","{""detection_events"":615,""detectors_checked"":191836160}"
   1044480,         1,         0,   119.4,decoder_by_matrix,066a5d8d46981b593c3dec855f441edbe9e755a8873183448f69d036a2ecc650,"{""distance"":5,""physical_error_rate"":0.001}","{""detection_events"":591800,""detectors_checked"":177561600,""obs_mistake_mask=EE__"":1}"
   1091584,         0,         0,   119.7,decoder_by_matrix,9c6baee88fc81e7d1aa345fcb3feec7ee81f21c5d49cb6ca037118097d89e180,"{""distance"":5,""physical_error_rate"":5e-05}","{""detection_events"":31215,""detectors_checked"":185569280}"
   1260544,         0,         0,   119.7,decoder_by_matrix,9c6baee88fc81e7d1aa345fcb3feec7ee81f21c5d49cb6ca037118097d89e180,"{""distance"":5,""physical_error_rate"":5e-05}","{""detection_events"":36400,""detectors_checked"":214292480}"
   1270784,         0,         0,   119.6,decoder_by_matrix,b84cf4b8ca220d31f17e1e2ea9ab927bbc4176b15682c650e7d1dd8f2758172b,"{""distance"":5,""physical_error_rate"":0.0005}","{""detection_events"":358420,""detectors_checked"":216033280}"
   1084416,         0,         0,   119.5,decoder_by_matrix,0421d486f8a041838688df650e87c0a19c3450ab7a7cc8b3dc589ebff86d1c74,"{""distance"":5,""physical_error_rate"":0.0001}","{""detection_events"":61795,""detectors_checked"":184350720}"
   1088512,         0,         0,   119.6,decoder_by_matrix,3c866087b289edc25e9adea730044a15db18cabfd3ae2507fc844d5b4e03657a,"{""distance"":5,""physical_error_rate"":5e-06}","{""detection_events"":2700,""detectors_checked"":185047040}"
   1345536,         0,         0,   119.5,decoder_by_matrix,e41ade2e4684e0396b9a3890c882b6453b515d69885aa1d89a26ce21ec554895,"{""distance"":5,""physical_error_rate"":1e-06}","{""detection_events"":555,""detectors_checked"":228741120}"
   1222656,         0,         0,   119.5,decoder_by_matrix,b84cf4b8ca220d31f17e1e2ea9ab927bbc4176b15682c650e7d1dd8f2758172b,"{""distance"":5,""physical_error_rate"":0.0005}","{""detection_events"":347955,""detectors_checked"":207851520}"
   1257472,         0,         0,   119.5,decoder_by_matrix,fa5edda0c1038186c8afbec49b0215a0b852396cdb50783a3f937fdf51d2afac,"{""distance"":5,""physical_error_rate"":1e-05}","{""detection_events"":6925,""detectors_checked"":213770240}"
   1143808,         0,         0,   119.4,decoder_by_matrix,0421d486f8a041838688df650e87c0a19c3450ab7a7cc8b3dc589ebff86d1c74,"{""distance"":5,""physical_error_rate"":0.0001}","{""detection_events"":64315,""detectors_checked"":194447360}"
   1334272,         0,         0,   119.6,decoder_by_matrix,3c866087b289edc25e9adea730044a15db18cabfd3ae2507fc844d5b4e03657a,"{""distance"":5,""physical_error_rate"":5e-06}","{""detection_events"":3605,""detectors_checked"":226826240}"
    825344,         0,         0,   119.7,decoder_by_matrix,3c866087b289edc25e9adea730044a15db18cabfd3ae2507fc844d5b4e03657a,"{""distance"":5,""physical_error_rate"":5e-06}","{""detection_events"":2610,""detectors_checked"":140308480}"
    770048,         0,         0,   119.3,decoder_by_matrix,b84cf4b8ca220d31f17e1e2ea9ab927bbc4176b15682c650e7d1dd8f2758172b,"{""distance"":5,""physical_error_rate"":0.0005}","{""detection_events"":217090,""detectors_checked"":130908160}"
   1073152,         2,         0,   119.6,decoder_by_matrix,066a5d8d46981b593c3dec855f441edbe9e755a8873183448f69d036a2ecc650,"{""distance"":5,""physical_error_rate"":0.001}","{""detection_events"":610920,""detectors_checked"":182435840,""obs_mistake_mask=E___"":1,""obs_mistake_mask=_E__"":1}"
    945152,         0,         0,   119.4,decoder_by_matrix,e41ade2e4684e0396b9a3890c882b6453b515d69885aa1d89a26ce21ec554895,"{""distance"":5,""physical_error_rate"":1e-06}","{""detection_events"":690,""detectors_checked"":160675840}"
   1206272,         4,         0,   119.5,decoder_by_matrix,066a5d8d46981b593c3dec855f441edbe9e755a8873183448f69d036a2ecc650,"{""distance"":5,""physical_error_rate"":0.001}","{""detection_events"":686005,""detectors_checked"":205066240,""obs_mistake_mask=EE_E"":1,""obs_mistake_mask=E___"":1,""obs_mistake_mask=_E_E"":1,""obs_mistake_mask=_E__"":1}"
   1331200,         0,         0,   119.4,decoder_by_matrix,e41ade2e4684e0396b9a3890c882b6453b515d69885aa1d89a26ce21ec554895,"{""distance"":5,""physical_error_rate"":1e-06}","{""detection_events"":760,""detectors_checked"":226304000}"
   1144832,         0,         0,   119.5,decoder_by_matrix,fa5edda0c1038186c8afbec49b0215a0b852396cdb50783a3f937fdf51d2afac,"{""distance"":5,""physical_error_rate"":1e-05}","{""detection_events"":6400,""detectors_checked"":194621440}"
   1080320,         1,         0,   119.5,decoder_by_matrix,066a5d8d46981b593c3dec855f441edbe9e755a8873183448f69d036a2ecc650,"{""distance"":5,""physical_error_rate"":0.001}","{""detection_events"":610050,""detectors_checked"":183654400,""obs_mistake_mask=E_EE"":1}"
   1261568,         0,         0,   119.5,decoder_by_matrix,3c866087b289edc25e9adea730044a15db18cabfd3ae2507fc844d5b4e03657a,"{""distance"":5,""physical_error_rate"":5e-06}","{""detection_events"":3585,""detectors_checked"":214466560}"
   1079296,         0,         0,   119.5,decoder_by_matrix,0421d486f8a041838688df650e87c0a19c3450ab7a7cc8b3dc589ebff86d1c74,"{""distance"":5,""physical_error_rate"":0.0001}","{""detection_events"":61830,""detectors_checked"":183480320}"
    929792,         0,         0,   119.6,decoder_by_matrix,b84cf4b8ca220d31f17e1e2ea9ab927bbc4176b15682c650e7d1dd8f2758172b,"{""distance"":5,""physical_error_rate"":0.0005}","{""detection_events"":262880,""detectors_checked"":158064640}"
   1218560,         0,         0,   119.5,decoder_by_matrix,0421d486f8a041838688df650e87c0a19c3450ab7a7cc8b3dc589ebff86d1c74,"{""distance"":5,""physical_error_rate"":0.0001}","{""detection_events"":70760,""detectors_checked"":207155200}"
   1141760,         0,         0,   119.5,decoder_by_matrix,b84cf4b8ca220d31f17e1e2ea9ab927bbc4176b15682c650e7d1dd8f2758172b,"{""distance"":5,""physical_error_rate"":0.0005}","{""detection_events"":326255,""detectors_checked"":194099200}"
   1120256,         0,         0,   119.5,decoder_by_matrix,9c6baee88fc81e7d1aa345fcb3feec7ee81f21c5d49cb6ca037118097d89e180,"{""distance"":5,""physical_error_rate"":5e-05}","{""detection_events"":33160,""detectors_checked"":190443520}"
   1174528,         0,         0,   119.6,decoder_by_matrix,e41ade2e4684e0396b9a3890c882b6453b515d69885aa1d89a26ce21ec554895,"{""distance"":5,""physical_error_rate"":1e-06}","{""detection_events"":945,""detectors_checked"":199669760}"
   1062912,         0,         0,   119.7,decoder_by_matrix,9c6baee88fc81e7d1aa345fcb3feec7ee81f21c5d49cb6ca037118097d89e180,"{""distance"":5,""physical_error_rate"":5e-05}","{""detection_events"":30435,""detectors_checked"":180695040}"
   1020928,         0,         0,   119.6,decoder_by_matrix,0421d486f8a041838688df650e87c0a19c3450ab7a7cc8b3dc589ebff86d1c74,"{""distance"":5,""physical_error_rate"":0.0001}","{""detection_events"":57555,""detectors_checked"":173557760}"
   1111040,         0,         0,   119.5,decoder_by_matrix,3c866087b289edc25e9adea730044a15db18cabfd3ae2507fc844d5b4e03657a,"{""distance"":5,""physical_error_rate"":5e-06}","{""detection_events"":3335,""detectors_checked"":188876800}"
    815104,         0,         0,   119.7,decoder_by_matrix,e41ade2e4684e0396b9a3890c882b6453b515d69885aa1d89a26ce21ec554895,"{""distance"":5,""physical_error_rate"":1e-06}","{""detection_events"":615,""detectors_checked"":138567680}"
   1089536,         0,         0,   119.5,decoder_by_matrix,066a5d8d46981b593c3dec855f441edbe9e755a8873183448f69d036a2ecc650,"{""distance"":5,""physical_error_rate"":0.001}","{""detection_events"":621405,""detectors_checked"":185221120}"
   1117184,         0,         0,   119.5,decoder_by_matrix,fa5edda0c1038186c8afbec49b0215a0b852396cdb50783a3f937fdf51d2afac,"{""distance"":5,""physical_error_rate"":1e-05}","{""detection_events"":6315,""detectors_checked"":189921280}"
    770048,         0,         0,   119.5,decoder_by_matrix,9c6baee88fc81e7d1aa345fcb3feec7ee81f21c5d49cb6ca037118097d89e180,"{""distance"":5,""physical_error_rate"":5e-05}","{""detection_events"":21865,""detectors_checked"":130908160}"
   1170432,         0,         0,   119.5,decoder_by_matrix,b84cf4b8ca220d31f17e1e2ea9ab927bbc4176b15682c650e7d1dd8f2758172b,"{""distance"":5,""physical_error_rate"":0.0005}","{""detection_events"":330155,""detectors_checked"":198973440}"
   1310720,         0,         0,   119.5,decoder_by_matrix,fa5edda0c1038186c8afbec49b0215a0b852396cdb50783a3f937fdf51d2afac,"{""distance"":5,""physical_error_rate"":1e-05}","{""detection_events"":7170,""detectors_checked"":222822400}"
   1170432,         0,         0,   119.5,decoder_by_matrix,9c6baee88fc81e7d1aa345fcb3feec7ee81f21c5d49cb6ca037118097d89e180,"{""distance"":5,""physical_error_rate"":5e-05}","{""detection_events"":33835,""detectors_checked"":198973440}"
   1101824,         0,         0,   119.6,decoder_by_matrix,e41ade2e4684e0396b9a3890c882b6453b515d69885aa1d89a26ce21ec554895,"{""distance"":5,""physical_error_rate"":1e-06}","{""detection_events"":690,""detectors_checked"":187310080}"
   1224704,         0,         0,   119.5,decoder_by_matrix,3c866087b289edc25e9adea730044a15db18cabfd3ae2507fc844d5b4e03657a,"{""distance"":5,""physical_error_rate"":5e-06}","{""detection_events"":3545,""detectors_checked"":208199680}"
   1092608,         0,         0,   119.4,decoder_by_matrix,0421d486f8a041838688df650e87c0a19c3450ab7a7cc8b3dc589ebff86d1c74,"{""distance"":5,""physical_error_rate"":0.0001}","{""detection_events"":62775,""detectors_checked"":185743360}"
    881664,         0,         0,   119.6,decoder_by_matrix,b84cf4b8ca220d31f17e1e2ea9ab927bbc4176b15682c650e7d1dd8f2758172b,"{""distance"":5,""physical_error_rate"":0.0005}","{""detection_events"":251515,""detectors_checked"":149882880}"
   1193984,         0,         0,   119.5,decoder_by_matrix,0421d486f8a041838688df650e87c0a19c3450ab7a7cc8b3dc589ebff86d1c74,"{""distance"":5,""physical_error_rate"":0.0001}","{""detection_events"":71030,""detectors_checked"":202977280}"
   1186816,         0,         0,   119.5,decoder_by_matrix,fa5edda0c1038186c8afbec49b0215a0b852396cdb50783a3f937fdf51d2afac,"{""distance"":5,""physical_error_rate"":1e-05}","{""detection_events"":7310,""detectors_checked"":201758720}"
   1057792,         3,         0,   119.2,decoder_by_matrix,066a5d8d46981b593c3dec855f441edbe9e755a8873183448f69d036a2ecc650,"{""distance"":5,""physical_error_rate"":0.001}","{""detection_events"":601245,""detectors_checked"":179824640,""obs_mistake_mask=E_E_"":1,""obs_mistake_mask=E___"":1,""obs_mistake_mask=_E_E"":1}"
   1096704,         0,         0,   119.5,decoder_by_matrix,fa5edda0c1038186c8afbec49b0215a0b852396cdb50783a3f937fdf51d2afac,"{""distance"":5,""physical_error_rate"":1e-05}","{""detection_events"":6490,""detectors_checked"":186439680}"
   1076224,         0,         0,   119.5,decoder_by_matrix,9c6baee88fc81e7d1aa345fcb3feec7ee81f21c5d49cb6ca037118097d89e180,"{""distance"":5,""physical_error_rate"":5e-05}","{""detection_events"":30590,""detectors_checked"":182958080}"
   1127424,         0,         0,   119.5,decoder_by_matrix,fa5edda0c1038186c8afbec49b0215a0b852396cdb50783a3f937fdf51d2afac,"{""distance"":5,""physical_error_rate"":1e-05}","{""detection_events"":6610,""detectors_checked"":191662080}"
   1112064,         0,         0,   119.6,decoder_by_matrix,3c866087b289edc25e9adea730044a15db18cabfd3ae2507fc844d5b4e03657a,"{""distance"":5,""physical_error_rate"":5e-06}","{""detection_events"":3495,""detectors_checked"":189050880}"
   1184768,         0,         0,   119.4,decoder_by_matrix,e41ade2e4684e0396b9a3890c882b6453b515d69885aa1d89a26ce21ec554895,"{""distance"":5,""physical_error_rate"":1e-06}","{""detection_events"":615,""detectors_checked"":201410560}"
   1183744,         0,         0,   119.5,decoder_by_matrix,9c6baee88fc81e7d1aa345fcb3feec7ee81f21c5d49cb6ca037118097d89e180,"{""distance"":5,""physical_error_rate"":5e-05}","{""detection_events"":34845,""detectors_checked"":201236480}"
   1200128,         3,         0,   119.6,decoder_by_matrix,066a5d8d46981b593c3dec855f441edbe9e755a8873183448f69d036a2ecc650,"{""distance"":5,""physical_error_rate"":0.001}","{""detection_events"":678670,""detectors_checked"":204021760,""obs_mistake_mask=__EE"":1,""obs_mistake_mask=___E"":2}"
   1224704,         0,         0,   119.5,decoder_by_matrix,9c6baee88fc81e7d1aa345fcb3feec7ee81f21c5d49cb6ca037118097d89e180,"{""distance"":5,""physical_error_rate"":5e-05}","{""detection_events"":34115,""detectors_checked"":208199680}"
   1064960,         0,         0,   119.5,decoder_by_matrix,b84cf4b8ca220d31f17e1e2ea9ab927bbc4176b15682c650e7d1dd8f2758172b,"{""distance"":5,""physical_error_rate"":0.0005}","{""detection_events"":300190,""detectors_checked"":181043200}"
   1130496,         0,         0,   119.4,decoder_by_matrix,0421d486f8a041838688df650e87c0a19c3450ab7a7cc8b3dc589ebff86d1c74,"{""distance"":5,""physical_error_rate"":0.0001}","{""detection_events"":63075,""detectors_checked"":192184320}"
   1113088,         0,         0,   119.5,decoder_by_matrix,3c866087b289edc25e9adea730044a15db18cabfd3ae2507fc844d5b4e03657a,"{""distance"":5,""physical_error_rate"":5e-06}","{""detection_events"":3025,""detectors_checked"":189224960}"
   1105920,         0,         0,   119.4,decoder_by_matrix,e41ade2e4684e0396b9a3890c882b6453b515d69885aa1d89a26ce21ec554895,"{""distance"":5,""physical_error_rate"":1e-06}","{""detection_events"":595,""detectors_checked"":188006400}"
   1089536,         0,         0,   119.6,decoder_by_matrix,b84cf4b8ca220d31f17e1e2ea9ab927bbc4176b15682c650e7d1dd8f2758172b,"{""distance"":5,""physical_error_rate"":0.0005}","{""detection_events"":316430,""detectors_checked"":185221120}"
   1185792,         0,         0,   119.4,decoder_by_matrix,fa5edda0c1038186c8afbec49b0215a0b852396cdb50783a3f937fdf51d2afac,"{""distance"":5,""physical_error_rate"":1e-05}","{""detection_events"":7100,""detectors_checked"":201584640}"
   1165312,         0,         0,   119.6,decoder_by_matrix,0421d486f8a041838688df650e87c0a19c3450ab7a7cc8b3dc589ebff86d1c74,"{""distance"":5,""physical_error_rate"":0.0001}","{""detection_events"":66965,""detectors_checked"":198103040}"
   1221632,         0,         0,   119.6,decoder_by_matrix,3c866087b289edc25e9adea730044a15db18cabfd3ae2507fc844d5b4e03657a,"{""distance"":5,""physical_error_rate"":5e-06}","{""detection_events"":3035,""detectors_checked"":207677440}"
   1088512,         0,         0,   119.6,decoder_by_matrix,3c866087b289edc25e9adea730044a15db18cabfd3ae2507fc844d5b4e03657a,"{""distance"":5,""physical_error_rate"":5e-06}","{""detection_events"":3170,""detectors_checked"":185047040}"
    934912,         0,         0,   119.5,decoder_by_matrix,b84cf4b8ca220d31f17e1e2ea9ab927bbc4176b15682c650e7d1dd8f2758172b,"{""distance"":5,""physical_error_rate"":0.0005}","{""detection_events"":265225,""detectors_checked"":158935040}"
   1179648,         1,         0,   119.5,decoder_by_matrix,066a5d8d46981b593c3dec855f441edbe9e755a8873183448f69d036a2ecc650,"{""distance"":5,""physical_error_rate"":0.001}","{""detection_events"":674175,""detectors_checked"":200540160,""obs_mistake_mask=_E_E"":1}"
   1149952,         0,         0,   119.5,decoder_by_matrix,e41ade2e4684e0396b9a3890c882b6453b515d69885aa1d89a26ce21ec554895,"{""distance"":5,""physical_error_rate"":1e-06}","{""detection_events"":695,""detectors_checked"":195491840}"
   1121280,         2,         0,   119.7,decoder_by_matrix,066a5d8d46981b593c3dec855f441edbe9e755a8873183448f69d036a2ecc650,"{""distance"":5,""physical_error_rate"":0.001}","{""detection_events"":634920,""detectors_checked"":190617600,""obs_mistake_mask=__E_"":1,""obs_mistake_mask=___E"":1}"
   1185792,         0,         0,   119.5,decoder_by_matrix,e41ade2e4684e0396b9a3890c882b6453b515d69885aa1d89a26ce21ec554895,"{""distance"":5,""physical_error_rate"":1e-06}","{""detection_events"":710,""detectors_checked"":201584640}"
   1211392,         0,         0,   119.4,decoder_by_matrix,fa5edda0c1038186c8afbec49b0215a0b852396cdb50783a3f937fdf51d2afac,"{""distance"":5,""physical_error_rate"":1e-05}","{""detection_events"":6205,""detectors_checked"":205936640}"
   1091584,         0,         0,   119.4,decoder_by_matrix,3c866087b289edc25e9adea730044a15db18cabfd3ae2507fc844d5b4e03657a,"{""distance"":5,""physical_error_rate"":5e-06}","{""detection_events"":3215,""detectors_checked"":185569280}"
   1176576,         1,         0,   119.6,decoder_by_matrix,066a5d8d46981b593c3dec855f441edbe9e755a8873183448f69d036a2ecc650,"{""distance"":5,""physical_error_rate"":0.001}","{""detection_events"":667640,""detectors_checked"":200017920,""obs_mistake_mask=_EE_"":1}"
   1163264,         0,         0,   119.4,decoder_by_matrix,b84cf4b8ca220d31f17e1e2ea9ab927bbc4176b15682c650e7d1dd8f2758172b,"{""distance"":5,""physical_error_rate"":0.0005}","{""detection_events"":326300,""detectors_checked"":197754880}"
    998400,         0,         0,   119.1,decoder_by_matrix,0421d486f8a041838688df650e87c0a19c3450ab7a7cc8b3dc589ebff86d1c74,"{""distance"":5,""physical_error_rate"":0.0001}","{""detection_events"":56515,""detectors_checked"":169728000}"
   1054720,         0,         0,   119.4,decoder_by_matrix,0421d486f8a041838688df650e87c0a19c3450ab7a7cc8b3dc589ebff86d1c74,"{""distance"":5,""physical_error_rate"":0.0001}","{""detection_events"":59375,""detectors_checked"":179302400}"
   1128448,         0,         0,   119.6,decoder_by_matrix,b84cf4b8ca220d31f17e1e2ea9ab927bbc4176b15682c650e7d1dd8f2758172b,"{""distance"":5,""physical_error_rate"":0.0005}","{""detection_events"":324475,""detectors_checked"":191836160}"
   1161216,         0,         0,   119.5,decoder_by_matrix,9c6baee88fc81e7d1aa345fcb3feec7ee81f21c5d49cb6ca037118097d89e180,"{""distance"":5,""physical_error_rate"":5e-05}","{""detection_events"":33855,""detectors_checked"":197406720}"
   1213440,         0,         0,   119.5,decoder_by_matrix,e41ade2e4684e0396b9a3890c882b6453b515d69885aa1d89a26ce21ec554895,"{""distance"":5,""physical_error_rate"":1e-06}","{""detection_events"":680,""detectors_checked"":206284800}"
   1207296,         0,         0,   119.8,decoder_by_matrix,9c6baee88fc81e7d1aa345fcb3feec7ee81f21c5d49cb6ca037118097d89e180,"{""distance"":5,""physical_error_rate"":5e-05}","{""detection_events"":33360,""detectors_checked"":205240320}"
    871424,         0,         0,   119.4,decoder_by_matrix,0421d486f8a041838688df650e87c0a19c3450ab7a7cc8b3dc589ebff86d1c74,"{""distance"":5,""physical_error_rate"":0.0001}","{""detection_events"":49460,""detectors_checked"":148142080}"
   1143808,         0,         0,   119.5,decoder_by_matrix,3c866087b289edc25e9adea730044a15db18cabfd3ae2507fc844d5b4e03657a,"{""distance"":5,""physical_error_rate"":5e-06}","{""detection_events"":3965,""detectors_checked"":194447360}"
   1026048,         0,         0,   119.4,decoder_by_matrix,e41ade2e4684e0396b9a3890c882b6453b515d69885aa1d89a26ce21ec554895,"{""distance"":5,""physical_error_rate"":1e-06}","{""detection_events"":400,""detectors_checked"":174428160}"
   1172480,         3,         0,   119.5,decoder_by_matrix,066a5d8d46981b593c3dec855f441edbe9e755a8873183448f69d036a2ecc650,"{""distance"":5,""physical_error_rate"":0.001}","{""detection_events"":664800,""detectors_checked"":199321600,""obs_mistake_mask=_E__"":1,""obs_mistake_mask=__E_"":1,""obs_mistake_mask=___E"":1}"
    879616,         0,         0,   119.4,decoder_by_matrix,9c6baee88fc81e7d1aa345fcb3feec7ee81f21c5d49cb6ca037118097d89e180,"{""distance"":5,""physical_error_rate"":5e-05}","{""detection_events"":26225,""detectors_checked"":149534720}"
    997376,         0,         0,   119.5,decoder_by_matrix,fa5edda0c1038186c8afbec49b0215a0b852396cdb50783a3f937fdf51d2afac,"{""distance"":5,""physical_error_rate"":1e-05}","{""detection_events"":6325,""detectors_checked"":169553920}"
   1106944,         0,         0,   119.6,decoder_by_matrix,b84cf4b8ca220d31f17e1e2ea9ab927bbc4176b15682c650e7d1dd8f2758172b,"{""distance"":5,""physical_error_rate"":0.0005}","{""detection_events"":314765,""detectors_checked"":188180480}"
   1298432,         0,         0,   119.6,decoder_by_matrix,fa5edda0c1038186c8afbec49b0215a0b852396cdb50783a3f937fdf51d2afac,"{""distance"":5,""physical_error_rate"":1e-05}","{""detection_events"":7275,""detectors_checked"":220733440}"
   1222656,         0,         0,   119.6,decoder_by_matrix,9c6baee88fc81e7d1aa345fcb3feec7ee81f21c5d49cb6ca037118097d89e180,"{""distance"":5,""physical_error_rate"":5e-05}","{""detection_events"":34470,""detectors_checked"":207851520}"
   1190912,         0,         0,   119.3,decoder_by_matrix,e41ade2e4684e0396b9a3890c882b6453b515d69885aa1d89a26ce21ec554895,"{""distance"":5,""physical_error_rate"":1e-06}","{""detection_events"":855,""detectors_checked"":202455040}"
   1100800,         0,         0,   119.5,decoder_by_matrix,3c866087b289edc25e9adea730044a15db18cabfd3ae2507fc844d5b4e03657a,"{""distance"":5,""physical_error_rate"":5e-06}","{""detection_events"":3675,""detectors_checked"":187136000}"
   1136640,         0,         0,   119.5,decoder_by_matrix,0421d486f8a041838688df650e87c0a19c3450ab7a7cc8b3dc589ebff86d1c74,"{""distance"":5,""physical_error_rate"":0.0001}","{""detection_events"":65535,""detectors_checked"":193228800}"
    798720,         0,         0,   119.5,decoder_by_matrix,b84cf4b8ca220d31f17e1e2ea9ab927bbc4176b15682c650e7d1dd8f2758172b,"{""distance"":5,""physical_error_rate"":0.0005}","{""detection_events"":222465,""detectors_checked"":135782400}"
   1313792,         0,         0,   119.3,decoder_by_matrix,0421d486f8a041838688df650e87c0a19c3450ab7a7cc8b3dc589ebff86d1c74,"{""distance"":5,""physical_error_rate"":0.0001}","{""detection_events"":73465,""detectors_checked"":223344640}"
   1333248,         0,         0,   119.5,decoder_by_matrix,fa5edda0c1038186c8afbec49b0215a0b852396cdb50783a3f937fdf51d2afac,"{""distance"":5,""physical_error_rate"":1e-05}","{""detection_events"":7665,""detectors_checked"":226652160}"
    709632,         1,         0,   119.5,decoder_by_matrix,066a5d8d46981b593c3dec855f441edbe9e755a8873183448f69d036a2ecc650,"{""distance"":5,""physical_error_rate"":0.001}","{""detection_events"":409705,""detectors_checked"":120637440,""obs_mistake_mask=EE__"":1}"
   1144832,         0,         0,   119.3,decoder_by_matrix,fa5edda0c1038186c8afbec49b0215a0b852396cdb50783a3f937fdf51d2afac,"{""distance"":5,""physical_error_rate"":1e-05}","{""detection_events"":6940,""detectors_checked"":194621440}"
   1178624,         0,         0,   119.7,decoder_by_matrix,9c6baee88fc81e7d1aa345fcb3feec7ee81f21c5d49cb6ca037118097d89e180,"{""distance"":5,""physical_error_rate"":5e-05}","{""detection_events"":33890,""detectors_checked"":200366080}"
   1310720,         0,         0,   119.3,decoder_by_matrix,3c866087b289edc25e9adea730044a15db18cabfd3ae2507fc844d5b4e03657a,"{""distance"":5,""physical_error_rate"":5e-06}","{""detection_events"":3915,""detectors_checked"":222822400}"
   1153024,         0,         0,   119.7,decoder_by_matrix,fa5edda0c1038186c8afbec49b0215a0b852396cdb50783a3f937fdf51d2afac,"{""distance"":5,""physical_error_rate"":1e-05}","{""detection_events"":6785,""detectors_checked"":196014080}"
   1234944,         0,         0,   119.5,decoder_by_matrix,e41ade2e4684e0396b9a3890c882b6453b515d69885aa1d89a26ce21ec554895,"{""distance"":5,""physical_error_rate"":1e-06}","{""detection_events"":480,""detectors_checked"":209940480}"
   1164288,         1,         0,   119.4,decoder_by_matrix,066a5d8d46981b593c3dec855f441edbe9e755a8873183448f69d036a2ecc650,"{""distance"":5,""physical_error_rate"":0.001}","{""detection_events"":658385,""detectors_checked"":197928960,""obs_mistake_mask=__E_"":1}"
   1166336,         0,         0,   119.6,decoder_by_matrix,9c6baee88fc81e7d1aa345fcb3feec7ee81f21c5d49cb6ca037118097d89e180,"{""distance"":5,""physical_error_rate"":5e-05}","{""detection_events"":33260,""detectors_checked"":198277120}"
   1297408,         0,         0,   119.6,decoder_by_matrix,9c6baee88fc81e7d1aa345fcb3feec7ee81f21c5d49cb6ca037118097d89e180,"{""distance"":5,""physical_error_rate"":5e-05}","{""detection_events"":36915,""detectors_checked"":220559360}"
   1253376,         0,         0,   119.6,decoder_by_matrix,b84cf4b8ca220d31f17e1e2ea9ab927bbc4176b15682c650e7d1dd8f2758172b,"{""distance"":5,""physical_error_rate"":0.0005}","{""detection_events"":355630,""detectors_checked"":213073920}"
   1263616,         0,         0,   119.5,decoder_by_matrix,0421d486f8a041838688df650e87c0a19c3450ab7a7cc8b3dc589ebff86d1c74,"{""distance"":5,""physical_error_rate"":0.0001}","{""detection_events"":71240,""detectors_checked"":214814720}"
   1184768,         0,         0,   119.7,decoder_by_matrix,3c866087b289edc25e9adea730044a15db18cabfd3ae2507fc844d5b4e03657a,"{""distance"":5,""physical_error_rate"":5e-06}","{""detection_events"":3460,""detectors_checked"":201410560}"
   1021952,         0,         0,   119.5,decoder_by_matrix,e41ade2e4684e0396b9a3890c882b6453b515d69885aa1d89a26ce21ec554895,"{""distance"":5,""physical_error_rate"":1e-06}","{""detection_events"":765,""detectors_checked"":173731840}"
   1033216,         0,         0,   119.5,decoder_by_matrix,b84cf4b8ca220d31f17e1e2ea9ab927bbc4176b15682c650e7d1dd8f2758172b,"{""distance"":5,""physical_error_rate"":0.0005}","{""detection_events"":292160,""detectors_checked"":175646720}"
   1302528,         0,         0,   119.6,decoder_by_matrix,fa5edda0c1038186c8afbec49b0215a0b852396cdb50783a3f937fdf51d2afac,"{""distance"":5,""physical_error_rate"":1e-05}","{""detection_events"":7325,""detectors_checked"":221429760}"
   1323008,         0,         0,   119.4,decoder_by_matrix,3c866087b289edc25e9adea730044a15db18cabfd3ae2507fc844d5b4e03657a,"{""distance"":5,""physical_error_rate"":5e-06}","{""detection_events"":3965,""detectors_checked"":224911360}"
   1306624,         0,         0,   119.5,decoder_by_matrix,3c866087b289edc25e9adea730044a15db18cabfd3ae2507fc844d5b4e03657a,"{""distance"":5,""physical_error_rate"":5e-06}","{""detection_events"":3345,""detectors_checked"":222126080}"
   1124352,         0,         0,   119.4,decoder_by_matrix,0421d486f8a041838688df650e87c0a19c3450ab7a7cc8b3dc589ebff86d1c74,"{""distance"":5,""physical_error_rate"":0.0001}","{""detection_events"":64735,""detectors_checked"":191139840}"
   1067008,         1,         0,   119.5,decoder_by_matrix,b84cf4b8ca220d31f17e1e2ea9ab927bbc4176b15682c650e7d1dd8f2758172b,"{""distance"":5,""physical_error_rate"":0.0005}","{""detection_events"":305895,""detectors_checked"":181391360,""obs_mistake_mask=__E_"":1}"
   1119232,         5,         0,   119.5,decoder_by_matrix,066a5d8d46981b593c3dec855f441edbe9e755a8873183448f69d036a2ecc650,"{""distance"":5,""physical_error_rate"":0.001}","{""detection_events"":633015,""detectors_checked"":190269440,""obs_mistake_mask=EEE_"":1,""obs_mistake_mask=EE__"":1,""obs_mistake_mask=E__E"":1,""obs_mistake_mask=E___"":2}"
   1336320,         0,         0,   119.6,decoder_by_matrix,e41ade2e4684e0396b9a3890c882b6453b515d69885aa1d89a26ce21ec554895,"{""distance"":5,""physical_error_rate"":1e-06}","{""detection_events"":595,""detectors_checked"":227174400}"
   1118208,         3,         0,   119.5,decoder_by_matrix,066a5d8d46981b593c3dec855f441edbe9e755a8873183448f69d036a2ecc650,"{""distance"":5,""physical_error_rate"":0.001}","{""detection_events"":639970,""detectors_checked"":190095360,""obs_mistake_mask=EE__"":1,""obs_mistake_mask=__E_"":2}"
   1328128,         0,         0,   119.4,decoder_by_matrix,e41ade2e4684e0396b9a3890c882b6453b515d69885aa1d89a26ce21ec554895,"{""distance"":5,""physical_error_rate"":1e-06}","{""detection_events"":795,""detectors_checked"":225781760}"
    814080,         0,         0,   119.7,decoder_by_matrix,fa5edda0c1038186c8afbec49b0215a0b852396cdb50783a3f937fdf51d2afac,"{""distance"":5,""physical_error_rate"":1e-05}","{""detection_events"":4715,""detectors_checked"":138393600}"
   1200128,         0,         0,   119.5,decoder_by_matrix,3c866087b289edc25e9adea730044a15db18cabfd3ae2507fc844d5b4e03657a,"{""distance"":5,""physical_error_rate"":5e-06}","{""detection_events"":4045,""detectors_checked"":204021760}"
   1091584,         1,         0,   119.5,decoder_by_matrix,066a5d8d46981b593c3dec855f441edbe9e755a8873183448f69d036a2ecc650,"{""distance"":5,""physical_error_rate"":0.001}","{""detection_events"":619945,""detectors_checked"":185569280,""obs_mistake_mask=E___"":1}"
    754688,         0,         0,   119.5,decoder_by_matrix,0421d486f8a041838688df650e87c0a19c3450ab7a7cc8b3dc589ebff86d1c74,"{""distance"":5,""physical_error_rate"":0.0001}","{""detection_events"":43140,""detectors_checked"":128296960}"
   1143808,         1,         0,   119.6,decoder_by_matrix,b84cf4b8ca220d31f17e1e2ea9ab927bbc4176b15682c650e7d1dd8f2758172b,"{""distance"":5,""physical_error_rate"":0.0005}","{""detection_events"":330070,""detectors_checked"":194447360,""obs_mistake_mask=__E_"":1}"
   1213440,         0,         0,   119.6,decoder_by_matrix,0421d486f8a041838688df650e87c0a19c3450ab7a7cc8b3dc589ebff86d1c74,"{""distance"":5,""physical_error_rate"":0.0001}","{""detection_events"":67865,""detectors_checked"":206284800}"
   1273856,         2,         0,   119.5,decoder_by_matrix,b84cf4b8ca220d31f17e1e2ea9ab927bbc4176b15682c650e7d1dd8f2758172b,"{""distance"":5,""physical_error_rate"":0.0005}","{""detection_events"":365545,""detectors_checked"":216555520,""obs_mistake_mask=EE__"":1,""obs_mistake_mask=_E__"":1}"
   1147904,         0,         0,   119.5,decoder_by_matrix,9c6baee88fc81e7d1aa345fcb3feec7ee81f21c5d49cb6ca037118097d89e180,"{""distance"":5,""physical_error_rate"":5e-05}","{""detection_events"":33400,""detectors_checked"":195143680}"
   1152000,         0,         0,   119.7,decoder_by_matrix,e41ade2e4684e0396b9a3890c882b6453b515d69885aa1d89a26ce21ec554895,"{""distance"":5,""physical_error_rate"":1e-06}","{""detection_events"":735,""detectors_checked"":195840000}"
   1120256,         0,         0,   119.2,decoder_by_matrix,9c6baee88fc81e7d1aa345fcb3feec7ee81f21c5d49cb6ca037118097d89e180,"{""distance"":5,""physical_error_rate"":5e-05}","{""detection_events"":32165,""detectors_checked"":190443520}"
    760832,         0,         0,   119.5,decoder_by_matrix,0421d486f8a041838688df650e87c0a19c3450ab7a7cc8b3dc589ebff86d1c74,"{""distance"":5,""physical_error_rate"":0.0001}","{""detection_events"":42435,""detectors_checked"":129341440}"
   1321984,         0,         0,   119.5,decoder_by_matrix,3c866087b289edc25e9adea730044a15db18cabfd3ae2507fc844d5b4e03657a,"{""distance"":5,""physical_error_rate"":5e-06}","{""detection_events"":3795,""detectors_checked"":224737280}"
    780288,         0,         0,   119.7,decoder_by_matrix,e41ade2e4684e0396b9a3890c882b6453b515d69885aa1d89a26ce21ec554895,"{""distance"":5,""physical_error_rate"":1e-06}","{""detection_events"":310,""detectors_checked"":132648960}"
   1111040,         1,         0,   119.5,decoder_by_matrix,066a5d8d46981b593c3dec855f441edbe9e755a8873183448f69d036a2ecc650,"{""distance"":5,""physical_error_rate"":0.001}","{""detection_events"":632115,""detectors_checked"":188876800,""obs_mistake_mask=E___"":1}"
    734208,         0,         0,   119.7,decoder_by_matrix,9c6baee88fc81e7d1aa345fcb3feec7ee81f21c5d49cb6ca037118097d89e180,"{""distance"":5,""physical_error_rate"":5e-05}","{""detection_events"":21440,""detectors_checked"":124815360}"
    762880,         0,         0,   119.9,decoder_by_matrix,fa5edda0c1038186c8afbec49b0215a0b852396cdb50783a3f937fdf51d2afac,"{""distance"":5,""physical_error_rate"":1e-05}","{""detection_events"":4180,""detectors_checked"":129689600}"
   1169408,         0,         0,   119.4,decoder_by_matrix,b84cf4b8ca220d31f17e1e2ea9ab927bbc4176b15682c650e7d1dd8f2758172b,"{""distance"":5,""physical_error_rate"":0.0005}","{""detection_events"":333930,""detectors_checked"":198799360}"
   1214464,         0,         0,   119.6,decoder_by_matrix,fa5edda0c1038186c8afbec49b0215a0b852396cdb50783a3f937fdf51d2afac,"{""distance"":5,""physical_error_rate"":1e-05}","{""detection_events"":7200,""detectors_checked"":206458880}"
   1137664,         0,         0,   119.7,decoder_by_matrix,9c6baee88fc81e7d1aa345fcb3feec7ee81f21c5d49cb6ca037118097d89e180,"{""distance"":5,""physical_error_rate"":5e-05}","{""detection_events"":32310,""detectors_checked"":193402880}"
   1013760,         0,         0,   119.7,decoder_by_matrix,e41ade2e4684e0396b9a3890c882b6453b515d69885aa1d89a26ce21ec554895,"{""distance"":5,""physical_error_rate"":1e-06}","{""detection_events"":570,""detectors_checked"":172339200}"
   1113088,         0,         0,   119.3,decoder_by_matrix,3c866087b289edc25e9adea730044a15db18cabfd3ae2507fc844d5b4e03657a,"{""distance"":5,""physical_error_rate"":5e-06}","{""detection_events"":2920,""detectors_checked"":189224960}"
   1040384,         0,         0,   119.5,decoder_by_matrix,0421d486f8a041838688df650e87c0a19c3450ab7a7cc8b3dc589ebff86d1c74,"{""distance"":5,""physical_error_rate"":0.0001}","{""detection_events"":60140,""detectors_checked"":176865280}"
    999424,         0,         0,   119.6,decoder_by_matrix,b84cf4b8ca220d31f17e1e2ea9ab927bbc4176b15682c650e7d1dd8f2758172b,"{""distance"":5,""physical_error_rate"":0.0005}","{""detection_events"":283560,""detectors_checked"":169902080}"
   1299456,         0,         0,   119.5,decoder_by_matrix,0421d486f8a041838688df650e87c0a19c3450ab7a7cc8b3dc589ebff86d1c74,"{""distance"":5,""physical_error_rate"":0.0001}","{""detection_events"":74010,""detectors_checked"":220907520}"
   1296384,         0,         0,   119.4,decoder_by_matrix,fa5edda0c1038186c8afbec49b0215a0b852396cdb50783a3f937fdf51d2afac,"{""distance"":5,""physical_error_rate"":1e-05}","{""detection_events"":7700,""detectors_checked"":220385280}"
    955392,         1,         0,   119.7,decoder_by_matrix,066a5d8d46981b593c3dec855f441edbe9e755a8873183448f69d036a2ecc650,"{""distance"":5,""physical_error_rate"":0.001}","{""detection_events"":550545,""detectors_checked"":162416640,""obs_mistake_mask=___E"":1}"
   1135616,         0,         0,   119.5,decoder_by_matrix,fa5edda0c1038186c8afbec49b0215a0b852396cdb50783a3f937fdf51d2afac,"{""distance"":5,""physical_error_rate"":1e-05}","{""detection_events"":6770,""detectors_checked"":193054720}"
   1199104,         0,         0,   119.5,decoder_by_matrix,9c6baee88fc81e7d1aa345fcb3feec7ee81f21c5d49cb6ca037118097d89e180,"{""distance"":5,""physical_error_rate"":5e-05}","{""detection_events"":34105,""detectors_checked"":203847680}"
   1263616,         0,         0,   119.5,decoder_by_matrix,fa5edda0c1038186c8afbec49b0215a0b852396cdb50783a3f937fdf51d2afac,"{""distance"":5,""physical_error_rate"":1e-05}","{""detection_events"":7305,""detectors_checked"":214814720}"
   1263616,         0,         0,   119.6,decoder_by_matrix,3c866087b289edc25e9adea730044a15db18cabfd3ae2507fc844d5b4e03657a,"{""distance"":5,""physical_error_rate"":5e-06}","{""detection_events"":3765,""detectors_checked"":214814720}"
   1130496,         0,         0,   119.5,decoder_by_matrix,e41ade2e4684e0396b9a3890c882b6453b515d69885aa1d89a26ce21ec554895,"{""distance"":5,""physical_error_rate"":1e-06}","{""detection_events"":600,""detectors_checked"":192184320}"
   1045504,         0,         0,   119.4,decoder_by_matrix,9c6baee88fc81e7d1aa345fcb3feec7ee81f21c5d49cb6ca037118097d89e180,"{""distance"":5,""physical_error_rate"":5e-05}","{""detection_events"":30235,""detectors_checked"":177735680}"
   1093632,         1,         0,   119.6,decoder_by_matrix,066a5d8d46981b593c3dec855f441edbe9e755a8873183448f69d036a2ecc650,"{""distance"":5,""physical_error_rate"":0.001}","{""detection_events"":618125,""detectors_checked"":185917440,""obs_mistake_mask=E___"":1}"
   1234944,         0,         0,   119.5,decoder_by_matrix,9c6baee88fc81e7d1aa345fcb3feec7ee81f21c5d49cb6ca037118097d89e180,"{""distance"":5,""physical_error_rate"":5e-05}","{""detection_events"":36135,""detectors_checked"":209940480}"
   1065984,         0,         0,   119.5,decoder_by_matrix,b84cf4b8ca220d31f17e1e2ea9ab927bbc4176b15682c650e7d1dd8f2758172b,"{""distance"":5,""physical_error_rate"":0.0005}","{""detection_events"":303460,""detectors_checked"":181217280}"
   1048576,         0,         0,   119.4,decoder_by_matrix,0421d486f8a041838688df650e87c0a19c3450ab7a7cc8b3dc589ebff86d1c74,"{""distance"":5,""physical_error_rate"":0.0001}","{""detection_events"":59545,""detectors_checked"":178257920}"
   1035264,         0,         0,   119.2,decoder_by_matrix,3c866087b289edc25e9adea730044a15db18cabfd3ae2507fc844d5b4e03657a,"{""distance"":5,""physical_error_rate"":5e-06}","{""detection_events"":3280,""detectors_checked"":175994880}"
   1248256,         0,         0,   119.6,decoder_by_matrix,e41ade2e4684e0396b9a3890c882b6453b515d69885aa1d89a26ce21ec554895,"{""distance"":5,""physical_error_rate"":1e-06}","{""detection_events"":665,""detectors_checked"":212203520}"
    975872,         1,         0,   119.5,decoder_by_matrix,b84cf4b8ca220d31f17e1e2ea9ab927bbc4176b15682c650e7d1dd8f2758172b,"{""distance"":5,""physical_error_rate"":0.0005}","{""detection_events"":278325,""detectors_checked"":165898240,""obs_mistake_mask=_E__"":1}"
   1101824,         0,         0,   119.3,decoder_by_matrix,fa5edda0c1038186c8afbec49b0215a0b852396cdb50783a3f937fdf51d2afac,"{""distance"":5,""physical_error_rate"":1e-05}","{""detection_events"":6210,""detectors_checked"":187310080}"
   1090560,         0,         0,   119.7,decoder_by_matrix,3c866087b289edc25e9adea730044a15db18cabfd3ae2507fc844d5b4e03657a,"{""distance"":5,""physical_error_rate"":5e-06}","{""detection_events"":2935,""detectors_checked"":185395200}"
   1289216,         0,         0,   119.4,decoder_by_matrix,3c866087b289edc25e9adea730044a15db18cabfd3ae2507fc844d5b4e03657a,"{""distance"":5,""physical_error_rate"":5e-06}","{""detection_events"":4060,""detectors_checked"":219166720}"
   1024000,         0,         0,   119.6,decoder_by_matrix,0421d486f8a041838688df650e87c0a19c3450ab7a7cc8b3dc589ebff86d1c74,"{""distance"":5,""physical_error_rate"":0.0001}","{""detection_events"":59275,""detectors_checked"":174080000}"
   1185792,         0,         0,   119.3,decoder_by_matrix,b84cf4b8ca220d31f17e1e2ea9ab927bbc4176b15682c650e7d1dd8f2758172b,"{""distance"":5,""physical_error_rate"":0.0005}","{""detection_events"":335150,""detectors_checked"":201584640}"
   1068032,         3,         0,   119.5,decoder_by_matrix,066a5d8d46981b593c3dec855f441edbe9e755a8873183448f69d036a2ecc650,"{""distance"":5,""physical_error_rate"":0.001}","{""detection_events"":607430,""detectors_checked"":181565440,""obs_mistake_mask=E___"":1,""obs_mistake_mask=_E_E"":1,""obs_mistake_mask=__E_"":1}"
   1067008,         3,         0,   119.5,decoder_by_matrix,066a5d8d46981b593c3dec855f441edbe9e755a8873183448f69d036a2ecc650,"{""distance"":5,""physical_error_rate"":0.001}","{""detection_events"":605965,""detectors_checked"":181391360,""obs_mistake_mask=EE__"":1,""obs_mistake_mask=E___"":1,""obs_mistake_mask=__E_"":1}"
   1272832,         0,         0,   119.6,decoder_by_matrix,e41ade2e4684e0396b9a3890c882b6453b515d69885aa1d89a26ce21ec554895,"{""distance"":5,""physical_error_rate"":1e-06}","{""detection_events"":805,""detectors_checked"":216381440}"
   1094656,         0,         0,   119.4,decoder_by_matrix,3c866087b289edc25e9adea730044a15db18cabfd3ae2507fc844d5b4e03657a,"{""distance"":5,""physical_error_rate"":5e-06}","{""detection_events"":2625,""detectors_checked"":186091520}"
   1169408,         0,         0,   119.7,decoder_by_matrix,e41ade2e4684e0396b9a3890c882b6453b515d69885aa1d89a26ce21ec554895,"{""distance"":5,""physical_error_rate"":1e-06}","{""detection_events"":820,""detectors_checked"":198799360}"
    999424,         0,         0,   119.6,decoder_by_matrix,fa5edda0c1038186c8afbec49b0215a0b852396cdb50783a3f937fdf51d2afac,"{""distance"":5,""physical_error_rate"":1e-05}","{""detection_events"":5640,""detectors_checked"":169902080}"
   1220608,         5,         0,   119.4,decoder_by_matrix,066a5d8d46981b593c3dec855f441edbe9e755a8873183448f69d036a2ecc650,"{""distance"":5,""physical_error_rate"":0.001}","{""detection_events"":694030,""detectors_checked"":207503360,""obs_mistake_mask=E__E"":1,""obs_mistake_mask=E___"":2,""obs_mistake_mask=_E__"":1,""obs_mistake_mask=__E_"":1}"
   1086464,         0,         0,   119.5,decoder_by_matrix,b84cf4b8ca220d31f17e1e2ea9ab927bbc4176b15682c650e7d1dd8f2758172b,"{""distance"":5,""physical_error_rate"":0.0005}","{""detection_events"":312770,""detectors_checked"":184698880}"
   1007616,         0,         0,   119.5,decoder_by_matrix,0421d486f8a041838688df650e87c0a19c3450ab7a7cc8b3dc589ebff86d1c74,"{""distance"":5,""physical_error_rate"":0.0001}","{""detection_events"":57710,""detectors_checked"":171294720}"
   1178624,         0,         0,   119.7,decoder_by_matrix,0421d486f8a041838688df650e87c0a19c3450ab7a7cc8b3dc589ebff86d1c74,"{""distance"":5,""physical_error_rate"":0.0001}","{""detection_events"":68375,""detectors_checked"":200366080}"
   1170432,         0,         0,   119.7,decoder_by_matrix,b84cf4b8ca220d31f17e1e2ea9ab927bbc4176b15682c650e7d1dd8f2758172b,"{""distance"":5,""physical_error_rate"":0.0005}","{""detection_events"":327740,""detectors_checked"":198973440}"
   1131520,         0,         0,   119.6,decoder_by_matrix,9c6baee88fc81e7d1aa345fcb3feec7ee81f21c5d49cb6ca037118097d89e180,"{""distance"":5,""physical_error_rate"":5e-05}","{""detection_events"":33420,""detectors_checked"":192358400}"
   1091584,         0,         0,   119.6,decoder_by_matrix,e41ade2e4684e0396b9a3890c882b6453b515d69885aa1d89a26ce21ec554895,"{""distance"":5,""physical_error_rate"":1e-06}","{""detection_events"":550,""detectors_checked"":185569280}"
   1116160,         0,         0,   119.6,decoder_by_matrix,9c6baee88fc81e7d1aa345fcb3feec7ee81f21c5d49cb6ca037118097d89e180,"{""distance"":5,""physical_error_rate"":5e-05}","{""detection_events"":32840,""detectors_checked"":189747200}"
   1206272,         0,         0,   119.5,decoder_by_matrix,0421d486f8a041838688df650e87c0a19c3450ab7a7cc8b3dc589ebff86d1c74,"{""distance"":5,""physical_error_rate"":0.0001}","{""detection_events"":66940,""detectors_checked"":205066240}"
   1120256,         0,         0,   119.4,decoder_by_matrix,3c866087b289edc25e9adea730044a15db18cabfd3ae2507fc844d5b4e03657a,"{""distance"":5,""physical_error_rate"":5e-06}","{""detection_events"":3760,""detectors_checked"":190443520}"
   1048576,         0,         0,   119.7,decoder_by_matrix,e41ade2e4684e0396b9a3890c882b6453b515d69885aa1d89a26ce21ec554895,"{""distance"":5,""physical_error_rate"":1e-06}","{""detection_events"":580,""detectors_checked"":178257920}"
   1123328,         1,         0,   119.6,decoder_by_matrix,066a5d8d46981b593c3dec855f441edbe9e755a8873183448f69d036a2ecc650,"{""distance"":5,""physical_error_rate"":0.001}","{""detection_events"":633905,""detectors_checked"":190965760,""obs_mistake_mask=E___"":1}"
   1096704,         0,         0,   119.6,decoder_by_matrix,9c6baee88fc81e7d1aa345fcb3feec7ee81f21c5d49cb6ca037118097d89e180,"{""distance"":5,""physical_error_rate"":5e-05}","{""detection_events"":32625,""detectors_checked"":186439680}"
   1037312,         0,         0,   119.6,decoder_by_matrix,fa5edda0c1038186c8afbec49b0215a0b852396cdb50783a3f937fdf51d2afac,"{""distance"":5,""physical_error_rate"":1e-05}","{""detection_events"":5600,""detectors_checked"":176343040}"
   1024000,         0,         0,   119.5,decoder_by_matrix,b84cf4b8ca220d31f17e1e2ea9ab927bbc4176b15682c650e7d1dd8f2758172b,"{""distance"":5,""physical_error_rate"":0.0005}","{""detection_events"":289445,""detectors_checked"":174080000}"
   1425408,         0,         0,   119.7,decoder_by_matrix,fa5edda0c1038186c8afbec49b0215a0b852396cdb50783a3f937fdf51d2afac,"{""distance"":5,""physical_error_rate"":1e-05}","{""detection_events"":7750,""detectors_checked"":242319360}"
   1413120,         0,         0,   119.6,decoder_by_matrix,9c6baee88fc81e7d1aa345fcb3feec7ee81f21c5d49cb6ca037118097d89e180,"{""distance"":5,""physical_error_rate"":5e-05}","{""detection_events"":38695,""detectors_checked"":240230400}"
    854016,         0,         0,   119.6,decoder_by_matrix,e41ade2e4684e0396b9a3890c882b6453b515d69885aa1d89a26ce21ec554895,"{""distance"":5,""physical_error_rate"":1e-06}","{""detection_events"":530,""detectors_checked"":145182720}"
   1126400,         0,         0,   119.5,decoder_by_matrix,3c866087b289edc25e9adea730044a15db18cabfd3ae2507fc844d5b4e03657a,"{""distance"":5,""physical_error_rate"":5e-06}","{""detection_events"":3610,""detectors_checked"":191488000}"
    831488,         0,         0,   119.4,decoder_by_matrix,0421d486f8a041838688df650e87c0a19c3450ab7a7cc8b3dc589ebff86d1c74,"{""distance"":5,""physical_error_rate"":0.0001}","{""detection_events"":47880,""detectors_checked"":141352960}"
    811008,         0,         0,   119.7,decoder_by_matrix,b84cf4b8ca220d31f17e1e2ea9ab927bbc4176b15682c650e7d1dd8f2758172b,"{""distance"":5,""physical_error_rate"":0.0005}","{""detection_events"":231050,""detectors_checked"":137871360}"
   1064960,         0,         0,   119.6,decoder_by_matrix,0421d486f8a041838688df650e87c0a19c3450ab7a7cc8b3dc589ebff86d1c74,"{""distance"":5,""physical_error_rate"":0.0001}","{""detection_events"":60705,""detectors_checked"":181043200}"
   1130496,         0,         0,   119.5,decoder_by_matrix,fa5edda0c1038186c8afbec49b0215a0b852396cdb50783a3f937fdf51d2afac,"{""distance"":5,""physical_error_rate"":1e-05}","{""detection_events"":6180,""detectors_checked"":192184320}"
   1295360,         2,         0,   119.5,decoder_by_matrix,066a5d8d46981b593c3dec855f441edbe9e755a8873183448f69d036a2ecc650,"{""distance"":5,""physical_error_rate"":0.001}","{""detection_events"":734685,""detectors_checked"":220211200,""obs_mistake_mask=E___"":1,""obs_mistake_mask=_E__"":1}"
   1341440,         0,         0,   119.4,decoder_by_matrix,fa5edda0c1038186c8afbec49b0215a0b852396cdb50783a3f937fdf51d2afac,"{""distance"":5,""physical_error_rate"":1e-05}","{""detection_events"":7920,""detectors_checked"":228044800}"
   1011712,         0,         0,   119.6,decoder_by_matrix,9c6baee88fc81e7d1aa345fcb3feec7ee81f21c5d49cb6ca037118097d89e180,"{""distance"":5,""physical_error_rate"":5e-05}","{""detection_events"":28890,""detectors_checked"":171991040}"
   1090560,         0,         0,   119.6,decoder_by_matrix,3c866087b289edc25e9adea730044a15db18cabfd3ae2507fc844d5b4e03657a,"{""distance"":5,""physical_error_rate"":5e-06}","{""detection_events"":2980,""detectors_checked"":185395200}"
   1099776,         0,         0,   119.6,decoder_by_matrix,fa5edda0c1038186c8afbec49b0215a0b852396cdb50783a3f937fdf51d2afac,"{""distance"":5,""physical_error_rate"":1e-05}","{""detection_events"":6575,""detectors_checked"":186961920}"
   1239040,         0,         0,   119.5,decoder_by_matrix,9c6baee88fc81e7d1aa345fcb3feec7ee81f21c5d49cb6ca037118097d89e180,"{""distance"":5,""physical_error_rate"":5e-05}","{""detection_events"":34065,""detectors_checked"":210636800}"
   1092608,         0,         0,   119.5,decoder_by_matrix,e41ade2e4684e0396b9a3890c882b6453b515d69885aa1d89a26ce21ec554895,"{""distance"":5,""physical_error_rate"":1e-06}","{""detection_events"":670,""detectors_checked"":185743360}"
   1079296,         0,         0,   119.6,decoder_by_matrix,9c6baee88fc81e7d1aa345fcb3feec7ee81f21c5d49cb6ca037118097d89e180,"{""distance"":5,""physical_error_rate"":5e-05}","{""detection_events"":30595,""detectors_checked"":183480320}"
   1323008,         3,         0,   119.4,decoder_by_matrix,066a5d8d46981b593c3dec855f441edbe9e755a8873183448f69d036a2ecc650,"{""distance"":5,""physical_error_rate"":0.001}","{""detection_events"":740015,""detectors_checked"":224911360,""obs_mistake_mask=EEE_"":1,""obs_mistake_mask=E___"":1,""obs_mistake_mask=__E_"":1}"
    745472,         1,         0,   119.7,decoder_by_matrix,b84cf4b8ca220d31f17e1e2ea9ab927bbc4176b15682c650e7d1dd8f2758172b,"{""distance"":5,""physical_error_rate"":0.0005}","{""detection_events"":211805,""detectors_checked"":126730240,""obs_mistake_mask=_EE_"":1}"
   1135616,         0,         0,   119.6,decoder_by_matrix,0421d486f8a041838688df650e87c0a19c3450ab7a7cc8b3dc589ebff86d1c74,"{""distance"":5,""physical_error_rate"":0.0001}","{""detection_events"":64610,""detectors_checked"":193054720}"
   1298432,         0,         0,   119.5,decoder_by_matrix,3c866087b289edc25e9adea730044a15db18cabfd3ae2507fc844d5b4e03657a,"{""distance"":5,""physical_error_rate"":5e-06}","{""detection_events"":3520,""detectors_checked"":220733440}"
   1111040,         0,         0,   119.6,decoder_by_matrix,e41ade2e4684e0396b9a3890c882b6453b515d69885aa1d89a26ce21ec554895,"{""distance"":5,""physical_error_rate"":1e-06}","{""detection_events"":590,""detectors_checked"":188876800}"
   1055744,         0,         0,   119.5,decoder_by_matrix,b84cf4b8ca220d31f17e1e2ea9ab927bbc4176b15682c650e7d1dd8f2758172b,"{""distance"":5,""physical_error_rate"":0.0005}","{""detection_events"":303590,""detectors_checked"":179476480}"
   1105920,         0,         0,   119.8,decoder_by_matrix,fa5edda0c1038186c8afbec49b0215a0b852396cdb50783a3f937fdf51d2afac,"{""distance"":5,""physical_error_rate"":1e-05}","{""detection_events"":6325,""detectors_checked"":188006400}"
   1051648,         0,         0,   119.6,decoder_by_matrix,3c866087b289edc25e9adea730044a15db18cabfd3ae2507fc844d5b4e03657a,"{""distance"":5,""physical_error_rate"":5e-06}","{""detection_events"":2430,""detectors_checked"":178780160}"
   1043456,         0,         0,   119.5,decoder_by_matrix,3c866087b289edc25e9adea730044a15db18cabfd3ae2507fc844d5b4e03657a,"{""distance"":5,""physical_error_rate"":5e-06}","{""detection_events"":2900,""detectors_checked"":177387520}"
   1275904,         0,         0,   119.5,decoder_by_matrix,0421d486f8a041838688df650e87c0a19c3450ab7a7cc8b3dc589ebff86d1c74,"{""distance"":5,""physical_error_rate"":0.0001}","{""detection_events"":72525,""detectors_checked"":216903680}"
   1060864,         0,         0,   119.4,decoder_by_matrix,b84cf4b8ca220d31f17e1e2ea9ab927bbc4176b15682c650e7d1dd8f2758172b,"{""distance"":5,""physical_error_rate"":0.0005}","{""detection_events"":305015,""detectors_checked"":180346880}"
   1201152,         3,         0,   119.7,decoder_by_matrix,066a5d8d46981b593c3dec855f441edbe9e755a8873183448f69d036a2ecc650,"{""distance"":5,""physical_error_rate"":0.001}","{""detection_events"":682815,""detectors_checked"":204195840,""obs_mistake_mask=E___"":2,""obs_mistake_mask=_EEE"":1}"
   1271808,         1,         0,   119.5,decoder_by_matrix,066a5d8d46981b593c3dec855f441edbe9e755a8873183448f69d036a2ecc650,"{""distance"":5,""physical_error_rate"":0.001}","{""detection_events"":719335,""detectors_checked"":216207360,""obs_mistake_mask=_EEE"":1}"
   1256448,         0,         0,   119.3,decoder_by_matrix,3c866087b289edc25e9adea730044a15db18cabfd3ae2507fc844d5b4e03657a,"{""distance"":5,""physical_error_rate"":5e-06}","{""detection_events"":3435,""detectors_checked"":213596160}"
   1086464,         0,         0,   119.7,decoder_by_matrix,e41ade2e4684e0396b9a3890c882b6453b515d69885aa1d89a26ce21ec554895,"{""distance"":5,""physical_error_rate"":1e-06}","{""detection_events"":760,""detectors_checked"":184698880}"
   1337344,         0,         0,   119.5,decoder_by_matrix,fa5edda0c1038186c8afbec49b0215a0b852396cdb50783a3f937fdf51d2afac,"{""distance"":5,""physical_error_rate"":1e-05}","{""detection_events"":7590,""detectors_checked"":227348480}"
    815104,         0,         0,   119.6,decoder_by_matrix,e41ade2e4684e0396b9a3890c882b6453b515d69885aa1d89a26ce21ec554895,"{""distance"":5,""physical_error_rate"":1e-06}","{""detection_events"":505,""detectors_checked"":138567680}"
   1030144,         4,         0,   119.7,decoder_by_matrix,066a5d8d46981b593c3dec855f441edbe9e755a8873183448f69d036a2ecc650,"{""distance"":5,""physical_error_rate"":0.001}","{""detection_events"":583370,""detectors_checked"":175124480,""obs_mistake_mask=EE__"":2,""obs_mistake_mask=__EE"":1,""obs_mistake_mask=___E"":1}"
   1213440,         1,         0,   119.4,decoder_by_matrix,b84cf4b8ca220d31f17e1e2ea9ab927bbc4176b15682c650e7d1dd8f2758172b,"{""distance"":5,""physical_error_rate"":0.0005}","{""detection_events"":346090,""detectors_checked"":206284800,""obs_mistake_mask=__E_"":1}"
   1184768,         0,         0,   119.6,decoder_by_matrix,0421d486f8a041838688df650e87c0a19c3450ab7a7cc8b3dc589ebff86d1c74,"{""distance"":5,""physical_error_rate"":0.0001}","{""detection_events"":67755,""detectors_checked"":201410560}"
    765952,         0,         0,   119.6,decoder_by_matrix,0421d486f8a041838688df650e87c0a19c3450ab7a7cc8b3dc589ebff86d1c74,"{""distance"":5,""physical_error_rate"":0.0001}","{""detection_events"":44420,""detectors_checked"":130211840}"
   1160192,         0,         0,   119.5,decoder_by_matrix,b84cf4b8ca220d31f17e1e2ea9ab927bbc4176b15682c650e7d1dd8f2758172b,"{""distance"":5,""physical_error_rate"":0.0005}","{""detection_events"":333300,""detectors_checked"":197232640}"
   1377280,         0,         0,   119.4,decoder_by_matrix,e41ade2e4684e0396b9a3890c882b6453b515d69885aa1d89a26ce21ec554895,"{""distance"":5,""physical_error_rate"":1e-06}","{""detection_events"":935,""detectors_checked"":234137600}"
   1274880,         0,         0,   119.5,decoder_by_matrix,9c6baee88fc81e7d1aa345fcb3feec7ee81f21c5d49cb6ca037118097d89e180,"{""distance"":5,""physical_error_rate"":5e-05}","{""detection_events"":35995,""detectors_checked"":216729600}"
   1292288,         0,         0,   119.4,decoder_by_matrix,9c6baee88fc81e7d1aa345fcb3feec7ee81f21c5d49cb6ca037118097d89e180,"{""distance"":5,""physical_error_rate"":5e-05}","{""detection_events"":36715,""detectors_checked"":219688960}"
   1058816,         0,         0,   119.6,decoder_by_matrix,0421d486f8a041838688df650e87c0a19c3450ab7a7cc8b3dc589ebff86d1c74,"{""distance"":5,""physical_error_rate"":0.0001}","{""detection_events"":62485,""detectors_checked"":179998720}"
   1252352,         0,         0,   119.5,decoder_by_matrix,3c866087b289edc25e9adea730044a15db18cabfd3ae2507fc844d5b4e03657a,"{""distance"":5,""physical_error_rate"":5e-06}","{""detection_events"":3450,""detectors_checked"":212899840}"
    994304,         0,         0,   119.7,decoder_by_matrix,e41ade2e4684e0396b9a3890c882b6453b515d69885aa1d89a26ce21ec554895,"{""distance"":5,""physical_error_rate"":1e-06}","{""detection_events"":645,""detectors_checked"":169031680}"
   1176576,         6,         0,   119.5,decoder_by_matrix,066a5d8d46981b593c3dec855f441edbe9e755a8873183448f69d036a2ecc650,"{""distance"":5,""physical_error_rate"":0.001}","{""detection_events"":668165,""detectors_checked"":200017920,""obs_mistake_mask=E___"":2,""obs_mistake_mask=_EEE"":1,""obs_mistake_mask=_E_E"":1,""obs_mistake_mask=__E_"":1,""obs_mistake_mask=___E"":1}"
   1145856,         0,         0,   119.5,decoder_by_matrix,9c6baee88fc81e7d1aa345fcb3feec7ee81f21c5d49cb6ca037118097d89e180,"{""distance"":5,""physical_error_rate"":5e-05}","{""detection_events"":32745,""detectors_checked"":194795520}"
    819200,         0,         0,   119.5,decoder_by_matrix,fa5edda0c1038186c8afbec49b0215a0b852396cdb50783a3f937fdf51d2afac,"{""distance"":5,""physical_error_rate"":1e-05}","{""detection_events"":4695,""detectors_checked"":139264000}"
   1098752,         0,         0,   119.4,decoder_by_matrix,b84cf4b8ca220d31f17e1e2ea9ab927bbc4176b15682c650e7d1dd8f2758172b,"{""distance"":5,""physical_error_rate"":0.0005}","{""detection_events"":312840,""detectors_checked"":186787840}"
   1224704,         0,         0,   119.4,decoder_by_matrix,fa5edda0c1038186c8afbec49b0215a0b852396cdb50783a3f937fdf51d2afac,"{""distance"":5,""physical_error_rate"":1e-05}","{""detection_events"":6805,""detectors_checked"":208199680}"
   1134592,         0,         0,   119.7,decoder_by_matrix,9c6baee88fc81e7d1aa345fcb3feec7ee81f21c5d49cb6ca037118097d89e180,"{""distance"":5,""physical_error_rate"":5e-05}","{""detection_events"":32725,""detectors_checked"":192880640}"
    960512,         0,         0,   119.7,decoder_by_matrix,e41ade2e4684e0396b9a3890c882b6453b515d69885aa1d89a26ce21ec554895,"{""distance"":5,""physical_error_rate"":1e-06}","{""detection_events"":450,""detectors_checked"":163287040}"
   1108992,         0,         0,   119.5,decoder_by_matrix,3c866087b289edc25e9adea730044a15db18cabfd3ae2507fc844d5b4e03657a,"{""distance"":5,""physical_error_rate"":5e-06}","{""detection_events"":3210,""detectors_checked"":188528640}"
   1041408,         0,         0,   119.7,decoder_by_matrix,0421d486f8a041838688df650e87c0a19c3450ab7a7cc8b3dc589ebff86d1c74,"{""distance"":5,""physical_error_rate"":0.0001}","{""detection_events"":59225,""detectors_checked"":177039360}"
   1100800,         0,         0,   119.6,decoder_by_matrix,b84cf4b8ca220d31f17e1e2ea9ab927bbc4176b15682c650e7d1dd8f2758172b,"{""distance"":5,""physical_error_rate"":0.0005}","{""detection_events"":311975,""detectors_checked"":187136000}"
   1358848,         0,         0,   119.7,decoder_by_matrix,0421d486f8a041838688df650e87c0a19c3450ab7a7cc8b3dc589ebff86d1c74,"{""distance"":5,""physical_error_rate"":0.0001}","{""detection_events"":78285,""detectors_checked"":231004160}"
   1356800,         0,         0,   119.5,decoder_by_matrix,fa5edda0c1038186c8afbec49b0215a0b852396cdb50783a3f937fdf51d2afac,"{""distance"":5,""physical_error_rate"":1e-05}","{""detection_events"":7515,""detectors_checked"":230656000}"
   1225728,         2,         0,   119.5,decoder_by_matrix,066a5d8d46981b593c3dec855f441edbe9e755a8873183448f69d036a2ecc650,"{""distance"":5,""physical_error_rate"":0.001}","{""detection_events"":698030,""detectors_checked"":208373760,""obs_mistake_mask=E_E_"":1,""obs_mistake_mask=__E_"":1}"
   1197056,         0,         0,   119.7,decoder_by_matrix,fa5edda0c1038186c8afbec49b0215a0b852396cdb50783a3f937fdf51d2afac,"{""distance"":5,""physical_error_rate"":1e-05}","{""detection_events"":6685,""detectors_checked"":203499520}"
   1334272,         0,         0,   119.5,decoder_by_matrix,3c866087b289edc25e9adea730044a15db18cabfd3ae2507fc844d5b4e03657a,"{""distance"":5,""physical_error_rate"":5e-06}","{""detection_events"":3905,""detectors_checked"":226826240}"
   1050624,         0,         0,   119.7,decoder_by_matrix,9c6baee88fc81e7d1aa345fcb3feec7ee81f21c5d49cb6ca037118097d89e180,"{""distance"":5,""physical_error_rate"":5e-05}","{""detection_events"":29885,""detectors_checked"":178606080}"
   1114112,         0,         0,   119.6,decoder_by_matrix,fa5edda0c1038186c8afbec49b0215a0b852396cdb50783a3f937fdf51d2afac,"{""distance"":5,""physical_error_rate"":1e-05}","{""detection_events"":6560,""detectors_checked"":189399040}"
   1152000,         0,         0,   119.5,decoder_by_matrix,9c6baee88fc81e7d1aa345fcb3feec7ee81f21c5d49cb6ca037118097d89e180,"{""distance"":5,""physical_error_rate"":5e-05}","{""detection_events"":33035,""detectors_checked"":195840000}"
   1378304,         0,         0,   119.5,decoder_by_matrix,e41ade2e4684e0396b9a3890c882b6453b515d69885aa1d89a26ce21ec554895,"{""distance"":5,""physical_error_rate"":1e-06}","{""detection_events"":680,""detectors_checked"":234311680}"
   1296384,         0,         0,   119.6,decoder_by_matrix,9c6baee88fc81e7d1aa345fcb3feec7ee81f21c5d49cb6ca037118097d89e180,"{""distance"":5,""physical_error_rate"":5e-05}","{""detection_events"":37820,""detectors_checked"":220385280}"
   1148928,         2,         0,   119.4,decoder_by_matrix,066a5d8d46981b593c3dec855f441edbe9e755a8873183448f69d036a2ecc650,"{""distance"":5,""physical_error_rate"":0.001}","{""detection_events"":651190,""detectors_checked"":195317760,""obs_mistake_mask=_EE_"":1,""obs_mistake_mask=___E"":1}"
   1100800,         1,         0,   119.6,decoder_by_matrix,b84cf4b8ca220d31f17e1e2ea9ab927bbc4176b15682c650e7d1dd8f2758172b,"{""distance"":5,""physical_error_rate"":0.0005}","{""detection_events"":311560,""detectors_checked"":187136000,""obs_mistake_mask=EE_E"":1}"
    882688,         0,         0,   119.6,decoder_by_matrix,0421d486f8a041838688df650e87c0a19c3450ab7a7cc8b3dc589ebff86d1c74,"{""distance"":5,""physical_error_rate"":0.0001}","{""detection_events"":50300,""detectors_checked"":150056960}"
    930816,         0,         0,   119.8,decoder_by_matrix,3c866087b289edc25e9adea730044a15db18cabfd3ae2507fc844d5b4e03657a,"{""distance"":5,""physical_error_rate"":5e-06}","{""detection_events"":2400,""detectors_checked"":158238720}"
   1357824,         0,         0,   119.4,decoder_by_matrix,e41ade2e4684e0396b9a3890c882b6453b515d69885aa1d89a26ce21ec554895,"{""distance"":5,""physical_error_rate"":1e-06}","{""detection_events"":630,""detectors_checked"":230830080}"
   1236992,         1,         0,   119.5,decoder_by_matrix,b84cf4b8ca220d31f17e1e2ea9ab927bbc4176b15682c650e7d1dd8f2758172b,"{""distance"":5,""physical_error_rate"":0.0005}","{""detection_events"":351970,""detectors_checked"":210288640,""obs_mistake_mask=_E_E"":1}"
   1380352,         0,         0,   119.4,decoder_by_matrix,fa5edda0c1038186c8afbec49b0215a0b852396cdb50783a3f937fdf51d2afac,"{""distance"":5,""physical_error_rate"":1e-05}","{""detection_events"":7865,""detectors_checked"":234659840}"
   1196032,         0,         0,   119.7,decoder_by_matrix,3c866087b289edc25e9adea730044a15db18cabfd3ae2507fc844d5b4e03657a,"{""distance"":5,""physical_error_rate"":5e-06}","{""detection_events"":3410,""detectors_checked"":203325440}"
   1250304,         0,         0,   119.4,decoder_by_matrix,3c866087b289edc25e9adea730044a15db18cabfd3ae2507fc844d5b4e03657a,"{""distance"":5,""physical_error_rate"":5e-06}","{""detection_events"":3955,""detectors_checked"":212551680}"
   1115136,         0,         0,   119.6,decoder_by_matrix,0421d486f8a041838688df650e87c0a19c3450ab7a7cc8b3dc589ebff86d1c74,"{""distance"":5,""physical_error_rate"":0.0001}","{""detection_events"":66275,""detectors_checked"":189573120}"
   1076224,         0,         0,   119.6,decoder_by_matrix,b84cf4b8ca220d31f17e1e2ea9ab927bbc4176b15682c650e7d1dd8f2758172b,"{""distance"":5,""physical_error_rate"":0.0005}","{""detection_events"":305370,""detectors_checked"":182958080}"
   1158144,         2,         0,   119.6,decoder_by_matrix,066a5d8d46981b593c3dec855f441edbe9e755a8873183448f69d036a2ecc650,"{""distance"":5,""physical_error_rate"":0.001}","{""detection_events"":659930,""detectors_checked"":196884480,""obs_mistake_mask=_EE_"":1,""obs_mistake_mask=___E"":1}"
   1096704,         0,         0,   119.5,decoder_by_matrix,066a5d8d46981b593c3dec855f441edbe9e755a8873183448f69d036a2ecc650,"{""distance"":5,""physical_error_rate"":0.001}","{""detection_events"":619370,""detectors_checked"":186439680}"
   1053696,         0,         0,   119.5,decoder_by_matrix,e41ade2e4684e0396b9a3890c882b6453b515d69885aa1d89a26ce21ec554895,"{""distance"":5,""physical_error_rate"":1e-06}","{""detection_events"":555,""detectors_checked"":179128320}"
   1167360,         0,         0,   119.5,decoder_by_matrix,3c866087b289edc25e9adea730044a15db18cabfd3ae2507fc844d5b4e03657a,"{""distance"":5,""physical_error_rate"":5e-06}","{""detection_events"":3535,""detectors_checked"":198451200}"
    988160,         0,         0,   119.4,decoder_by_matrix,fa5edda0c1038186c8afbec49b0215a0b852396cdb50783a3f937fdf51d2afac,"{""distance"":5,""physical_error_rate"":1e-05}","{""detection_events"":5585,""detectors_checked"":167987200}"
   1009664,         0,         0,   119.3,decoder_by_matrix,e41ade2e4684e0396b9a3890c882b6453b515d69885aa1d89a26ce21ec554895,"{""distance"":5,""physical_error_rate"":1e-06}","{""detection_events"":705,""detectors_checked"":171642880}"
   1118208,         7,         0,   119.5,decoder_by_matrix,066a5d8d46981b593c3dec855f441edbe9e755a8873183448f69d036a2ecc650,"{""distance"":5,""physical_error_rate"":0.001}","{""detection_events"":637030,""detectors_checked"":190095360,""obs_mistake_mask=EEE_"":1,""obs_mistake_mask=E_E_"":1,""obs_mistake_mask=E___"":1,""obs_mistake_mask=_E_E"":1,""obs_mistake_mask=__EE"":1,""obs_mistake_mask=___E"":2}"
   1091584,         1,         0,   119.6,decoder_by_matrix,b84cf4b8ca220d31f17e1e2ea9ab927bbc4176b15682c650e7d1dd8f2758172b,"{""distance"":5,""physical_error_rate"":0.0005}","{""detection_events"":311175,""detectors_checked"":185569280,""obs_mistake_mask=E___"":1}"
   1078272,         0,         0,   119.6,decoder_by_matrix,0421d486f8a041838688df650e87c0a19c3450ab7a7cc8b3dc589ebff86d1c74,"{""distance"":5,""physical_error_rate"":0.0001}","{""detection_events"":61520,""detectors_checked"":183306240}"
   1116160,         0,         0,   119.7,decoder_by_matrix,0421d486f8a041838688df650e87c0a19c3450ab7a7cc8b3dc589ebff86d1c74,"{""distance"":5,""physical_error_rate"":0.0001}","{""detection_events"":60345,""detectors_checked"":189747200}"
   1283072,         0,         0,   119.5,decoder_by_matrix,b84cf4b8ca220d31f17e1e2ea9ab927bbc4176b15682c650e7d1dd8f2758172b,"{""distance"":5,""physical_error_rate"":0.0005}","{""detection_events"":359785,""detectors_checked"":218122240}"
   1148928,         0,         0,   119.6,decoder_by_matrix,e41ade2e4684e0396b9a3890c882b6453b515d69885aa1d89a26ce21ec554895,"{""distance"":5,""physical_error_rate"":1e-06}","{""detection_events"":490,""detectors_checked"":195317760}"
    832512,         0,         0,   119.7,decoder_by_matrix,9c6baee88fc81e7d1aa345fcb3feec7ee81f21c5d49cb6ca037118097d89e180,"{""distance"":5,""physical_error_rate"":5e-05}","{""detection_events"":24685,""detectors_checked"":141527040}"
    849920,         0,         0,   119.6,decoder_by_matrix,9c6baee88fc81e7d1aa345fcb3feec7ee81f21c5d49cb6ca037118097d89e180,"{""distance"":5,""physical_error_rate"":5e-05}","{""detection_events"":24895,""detectors_checked"":144486400}"
   1145856,         0,         0,   119.5,decoder_by_matrix,0421d486f8a041838688df650e87c0a19c3450ab7a7cc8b3dc589ebff86d1c74,"{""distance"":5,""physical_error_rate"":0.0001}","{""detection_events"":66585,""detectors_checked"":194795520}"
   1306624,         0,         0,   119.5,decoder_by_matrix,3c866087b289edc25e9adea730044a15db18cabfd3ae2507fc844d5b4e03657a,"{""distance"":5,""physical_error_rate"":5e-06}","{""detection_events"":4135,""detectors_checked"":222126080}"
    880640,         0,         0,   119.6,decoder_by_matrix,e41ade2e4684e0396b9a3890c882b6453b515d69885aa1d89a26ce21ec554895,"{""distance"":5,""physical_error_rate"":1e-06}","{""detection_events"":520,""detectors_checked"":149708800}"
   1014784,         3,         0,   119.6,decoder_by_matrix,066a5d8d46981b593c3dec855f441edbe9e755a8873183448f69d036a2ecc650,"{""distance"":5,""physical_error_rate"":0.001}","{""detection_events"":579925,""detectors_checked"":172513280,""obs_mistake_mask=E_E_"":2,""obs_mistake_mask=___E"":1}"
   1239040,         0,         0,   119.4,decoder_by_matrix,fa5edda0c1038186c8afbec49b0215a0b852396cdb50783a3f937fdf51d2afac,"{""distance"":5,""physical_error_rate"":1e-05}","{""detection_events"":7100,""detectors_checked"":210636800}"
   1295360,         0,         0,   119.6,decoder_by_matrix,9c6baee88fc81e7d1aa345fcb3feec7ee81f21c5d49cb6ca037118097d89e180,"{""distance"":5,""physical_error_rate"":5e-05}","{""detection_events"":37665,""detectors_checked"":220211200}"
   1084416,         0,         0,   119.6,decoder_by_matrix,b84cf4b8ca220d31f17e1e2ea9ab927bbc4176b15682c650e7d1dd8f2758172b,"{""distance"":5,""physical_error_rate"":0.0005}","{""detection_events"":310315,""detectors_checked"":184350720}"
   1274880,         0,         0,   119.6,decoder_by_matrix,fa5edda0c1038186c8afbec49b0215a0b852396cdb50783a3f937fdf51d2afac,"{""distance"":5,""physical_error_rate"":1e-05}","{""detection_events"":7735,""detectors_checked"":216729600}"
   1185792,         0,         0,   119.6,decoder_by_matrix,9c6baee88fc81e7d1aa345fcb3feec7ee81f21c5d49cb6ca037118097d89e180,"{""distance"":5,""physical_error_rate"":5e-05}","{""detection_events"":34445,""detectors_checked"":201584640}"
   1036288,         0,         0,   119.5,decoder_by_matrix,e41ade2e4684e0396b9a3890c882b6453b515d69885aa1d89a26ce21ec554895,"{""distance"":5,""physical_error_rate"":1e-06}","{""detection_events"":825,""detectors_checked"":176168960}"
   1125376,         0,         0,   119.6,decoder_by_matrix,3c866087b289edc25e9adea730044a15db18cabfd3ae2507fc844d5b4e03657a,"{""distance"":5,""physical_error_rate"":5e-06}","{""detection_events"":3165,""detectors_checked"":191313920}"
   1118208,         0,         0,   119.6,decoder_by_matrix,0421d486f8a041838688df650e87c0a19c3450ab7a7cc8b3dc589ebff86d1c74,"{""distance"":5,""physical_error_rate"":0.0001}","{""detection_events"":63810,""detectors_checked"":190095360}"
   1294336,         0,         0,   119.5,decoder_by_matrix,b84cf4b8ca220d31f17e1e2ea9ab927bbc4176b15682c650e7d1dd8f2758172b,"{""distance"":5,""physical_error_rate"":0.0005}","{""detection_events"":371485,""detectors_checked"":220037120}"
   1285120,         0,         0,   119.5,decoder_by_matrix,0421d486f8a041838688df650e87c0a19c3450ab7a7cc8b3dc589ebff86d1c74,"{""distance"":5,""physical_error_rate"":0.0001}","{""detection_events"":72715,""detectors_checked"":218470400}"
   1353728,         0,         0,   119.4,decoder_by_matrix,fa5edda0c1038186c8afbec49b0215a0b852396cdb50783a3f937fdf51d2afac,"{""distance"":5,""physical_error_rate"":1e-05}","{""detection_events"":7235,""detectors_checked"":230133760}"
    966656,         2,         0,   119.6,decoder_by_matrix,066a5d8d46981b593c3dec855f441edbe9e755a8873183448f69d036a2ecc650,"{""distance"":5,""physical_error_rate"":0.001}","{""detection_events"":550620,""detectors_checked"":164331520,""obs_mistake_mask=E_EE"":1,""obs_mistake_mask=_E_E"":1}"
   1221632,         0,         0,   119.4,decoder_by_matrix,fa5edda0c1038186c8afbec49b0215a0b852396cdb50783a3f937fdf51d2afac,"{""distance"":5,""physical_error_rate"":1e-05}","{""detection_events"":7315,""detectors_checked"":207677440}"
   1331200,         0,         0,   119.4,decoder_by_matrix,3c866087b289edc25e9adea730044a15db18cabfd3ae2507fc844d5b4e03657a,"{""distance"":5,""physical_error_rate"":5e-06}","{""detection_events"":4005,""detectors_checked"":226304000}"
   1189888,         0,         0,   119.6,decoder_by_matrix,9c6baee88fc81e7d1aa345fcb3feec7ee81f21c5d49cb6ca037118097d89e180,"{""distance"":5,""physical_error_rate"":5e-05}","{""detection_events"":34900,""detectors_checked"":202280960}"
   1132544,         0,         0,   119.6,decoder_by_matrix,fa5edda0c1038186c8afbec49b0215a0b852396cdb50783a3f937fdf51d2afac,"{""distance"":5,""physical_error_rate"":1e-05}","{""detection_events"":6365,""detectors_checked"":192532480}"
   1293312,         0,         0,   119.5,decoder_by_matrix,e41ade2e4684e0396b9a3890c882b6453b515d69885aa1d89a26ce21ec554895,"{""distance"":5,""physical_error_rate"":1e-06}","{""detection_events"":815,""detectors_checked"":219863040}"
   1180672,         0,         0,   119.6,decoder_by_matrix,9c6baee88fc81e7d1aa345fcb3feec7ee81f21c5d49cb6ca037118097d89e180,"{""distance"":5,""physical_error_rate"":5e-05}","{""detection_events"":34620,""detectors_checked"":200714240}"
   1171456,         1,         0,   119.3,decoder_by_matrix,066a5d8d46981b593c3dec855f441edbe9e755a8873183448f69d036a2ecc650,"{""distance"":5,""physical_error_rate"":0.001}","{""detection_events"":661380,""detectors_checked"":199147520,""obs_mistake_mask=_EE_"":1}"
   1283072,         0,         0,   119.6,decoder_by_matrix,9c6baee88fc81e7d1aa345fcb3feec7ee81f21c5d49cb6ca037118097d89e180,"{""distance"":5,""physical_error_rate"":5e-05}","{""detection_events"":36380,""detectors_checked"":218122240}"
   1009664,         0,         0,   119.6,decoder_by_matrix,b84cf4b8ca220d31f17e1e2ea9ab927bbc4176b15682c650e7d1dd8f2758172b,"{""distance"":5,""physical_error_rate"":0.0005}","{""detection_events"":286705,""detectors_checked"":171642880}"
   1095680,         0,         0,   119.6,decoder_by_matrix,0421d486f8a041838688df650e87c0a19c3450ab7a7cc8b3dc589ebff86d1c74,"{""distance"":5,""physical_error_rate"":0.0001}","{""detection_events"":61720,""detectors_checked"":186265600}"
   1089536,         0,         0,   119.6,decoder_by_matrix,3c866087b289edc25e9adea730044a15db18cabfd3ae2507fc844d5b4e03657a,"{""distance"":5,""physical_error_rate"":5e-06}","{""detection_events"":2735,""detectors_checked"":185221120}"
   1313792,         0,         0,   119.5,decoder_by_matrix,e41ade2e4684e0396b9a3890c882b6453b515d69885aa1d89a26ce21ec554895,"{""distance"":5,""physical_error_rate"":1e-06}","{""detection_events"":450,""detectors_checked"":223344640}"
   1017856,         0,         0,   119.7,decoder_by_matrix,b84cf4b8ca220d31f17e1e2ea9ab927bbc4176b15682c650e7d1dd8f2758172b,"{""distance"":5,""physical_error_rate"":0.0005}","{""detection_events"":291345,""detectors_checked"":173035520}"
   1013760,         0,         0,   119.7,decoder_by_matrix,fa5edda0c1038186c8afbec49b0215a0b852396cdb50783a3f937fdf51d2afac,"{""distance"":5,""physical_error_rate"":1e-05}","{""detection_events"":6185,""detectors_checked"":172339200}"
   1185792,         0,         0,   119.5,decoder_by_matrix,3c866087b289edc25e9adea730044a15db18cabfd3ae2507fc844d5b4e03657a,"{""distance"":5,""physical_error_rate"":5e-06}","{""detection_events"":4080,""detectors_checked"":201584640}"
   1115136,         0,         0,   119.6,decoder_by_matrix,0421d486f8a041838688df650e87c0a19c3450ab7a7cc8b3dc589ebff86d1c74,"{""distance"":5,""physical_error_rate"":0.0001}","{""detection_events"":63735,""detectors_checked"":189573120}"
    985088,         0,         0,   119.7,decoder_by_matrix,3c866087b289edc25e9adea730044a15db18cabfd3ae2507fc844d5b4e03657a,"{""distance"":5,""physical_error_rate"":5e-06}","{""detection_events"":2545,""detectors_checked"":167464960}"
    900096,         0,         0,   119.6,decoder_by_matrix,b84cf4b8ca220d31f17e1e2ea9ab927bbc4176b15682c650e7d1dd8f2758172b,"{""distance"":5,""physical_error_rate"":0.0005}","{""detection_events"":251105,""detectors_checked"":153016320}"
   1128448,         0,         0,   119.5,decoder_by_matrix,066a5d8d46981b593c3dec855f441edbe9e755a8873183448f69d036a2ecc650,"{""distance"":5,""physical_error_rate"":0.001}","{""detection_events"":642595,""detectors_checked"":191836160}"
    939008,         1,         0,   119.6,decoder_by_matrix,066a5d8d46981b593c3dec855f441edbe9e755a8873183448f69d036a2ecc650,"{""distance"":5,""physical_error_rate"":0.001}","{""detection_events"":531850,""detectors_checked"":159631360,""obs_mistake_mask=__E_"":1}"
   1225728,         0,         0,   119.5,decoder_by_matrix,e41ade2e4684e0396b9a3890c882b6453b515d69885aa1d89a26ce21ec554895,"{""distance"":5,""physical_error_rate"":1e-06}","{""detection_events"":785,""detectors_checked"":208373760}"
   1086464,         0,         0,   119.5,decoder_by_matrix,3c866087b289edc25e9adea730044a15db18cabfd3ae2507fc844d5b4e03657a,"{""distance"":5,""physical_error_rate"":5e-06}","{""detection_events"":3530,""detectors_checked"":184698880}"
    979968,         0,         0,   119.7,decoder_by_matrix,fa5edda0c1038186c8afbec49b0215a0b852396cdb50783a3f937fdf51d2afac,"{""distance"":5,""physical_error_rate"":1e-05}","{""detection_events"":5465,""detectors_checked"":166594560}"
   1125376,         0,         0,   119.5,decoder_by_matrix,e41ade2e4684e0396b9a3890c882b6453b515d69885aa1d89a26ce21ec554895,"{""distance"":5,""physical_error_rate"":1e-06}","{""detection_events"":565,""detectors_checked"":191313920}"
   1128448,         4,         0,   119.6,decoder_by_matrix,066a5d8d46981b593c3dec855f441edbe9e755a8873183448f69d036a2ecc650,"{""distance"":5,""physical_error_rate"":0.001}","{""detection_events"":639130,""detectors_checked"":191836160,""obs_mistake_mask=E__E"":1,""obs_mistake_mask=__E_"":2,""obs_mistake_mask=___E"":1}"
   1138688,         0,         0,   119.5,decoder_by_matrix,0421d486f8a041838688df650e87c0a19c3450ab7a7cc8b3dc589ebff86d1c74,"{""distance"":5,""physical_error_rate"":0.0001}","{""detection_events"":64225,""detectors_checked"":193576960}"
   1141760,         0,         0,   119.5,decoder_by_matrix,b84cf4b8ca220d31f17e1e2ea9ab927bbc4176b15682c650e7d1dd8f2758172b,"{""distance"":5,""physical_error_rate"":0.0005}","{""detection_events"":322845,""detectors_checked"":194099200}"
    933888,         0,         0,   119.4,decoder_by_matrix,0421d486f8a041838688df650e87c0a19c3450ab7a7cc8b3dc589ebff86d1c74,"{""distance"":5,""physical_error_rate"":0.0001}","{""detection_events"":51705,""detectors_checked"":158760960}"
   1092608,         0,         0,   119.6,decoder_by_matrix,b84cf4b8ca220d31f17e1e2ea9ab927bbc4176b15682c650e7d1dd8f2758172b,"{""distance"":5,""physical_error_rate"":0.0005}","{""detection_events"":308830,""detectors_checked"":185743360}"
   1075200,         0,         0,   119.4,decoder_by_matrix,e41ade2e4684e0396b9a3890c882b6453b515d69885aa1d89a26ce21ec554895,"{""distance"":5,""physical_error_rate"":1e-06}","{""detection_events"":725,""detectors_checked"":182784000}"
    970752,         0,         0,   119.4,decoder_by_matrix,9c6baee88fc81e7d1aa345fcb3feec7ee81f21c5d49cb6ca037118097d89e180,"{""distance"":5,""physical_error_rate"":5e-05}","{""detection_events"":27045,""detectors_checked"":165027840}"
   1088512,         0,         0,   119.4,decoder_by_matrix,9c6baee88fc81e7d1aa345fcb3feec7ee81f21c5d49cb6ca037118097d89e180,"{""distance"":5,""physical_error_rate"":5e-05}","{""detection_events"":32395,""detectors_checked"":185047040}"
   1170432,         0,         0,   119.5,decoder_by_matrix,0421d486f8a041838688df650e87c0a19c3450ab7a7cc8b3dc589ebff86d1c74,"{""distance"":5,""physical_error_rate"":0.0001}","{""detection_events"":67485,""detectors_checked"":198973440}"
   1329152,         0,         0,   119.6,decoder_by_matrix,3c866087b289edc25e9adea730044a15db18cabfd3ae2507fc844d5b4e03657a,"{""distance"":5,""physical_error_rate"":5e-06}","{""detection_events"":3895,""detectors_checked"":225955840}"
    806912,         0,         0,   119.6,decoder_by_matrix,e41ade2e4684e0396b9a3890c882b6453b515d69885aa1d89a26ce21ec554895,"{""distance"":5,""physical_error_rate"":1e-06}","{""detection_events"":605,""detectors_checked"":137175040}"
   1170432,         0,         0,   119.4,decoder_by_matrix,066a5d8d46981b593c3dec855f441edbe9e755a8873183448f69d036a2ecc650,"{""distance"":5,""physical_error_rate"":0.001}","{""detection_events"":668405,""detectors_checked"":198973440}"
   1136640,         0,         0,   119.3,decoder_by_matrix,9c6baee88fc81e7d1aa345fcb3feec7ee81f21c5d49cb6ca037118097d89e180,"{""distance"":5,""physical_error_rate"":5e-05}","{""detection_events"":31075,""detectors_checked"":193228800}"
   1063936,         0,         0,   119.6,decoder_by_matrix,fa5edda0c1038186c8afbec49b0215a0b852396cdb50783a3f937fdf51d2afac,"{""distance"":5,""physical_error_rate"":1e-05}","{""detection_events"":5705,""detectors_checked"":180869120}"
   1106944,         1,         0,   119.4,decoder_by_matrix,b84cf4b8ca220d31f17e1e2ea9ab927bbc4176b15682c650e7d1dd8f2758172b,"{""distance"":5,""physical_error_rate"":0.0005}","{""detection_events"":314615,""detectors_checked"":188180480,""obs_mistake_mask=E_E_"":1}"
   1325056,         0,         0,   119.6,decoder_by_matrix,fa5edda0c1038186c8afbec49b0215a0b852396cdb50783a3f937fdf51d2afac,"{""distance"":5,""physical_error_rate"":1e-05}","{""detection_events"":7175,""detectors_checked"":225259520}"
   1234944,         0,         0,   119.5,decoder_by_matrix,9c6baee88fc81e7d1aa345fcb3feec7ee81f21c5d49cb6ca037118097d89e180,"{""distance"":5,""physical_error_rate"":5e-05}","{""detection_events"":33950,""detectors_checked"":209940480}"
   1278976,         0,         0,   119.4,decoder_by_matrix,e41ade2e4684e0396b9a3890c882b6453b515d69885aa1d89a26ce21ec554895,"{""distance"":5,""physical_error_rate"":1e-06}","{""detection_events"":660,""detectors_checked"":217425920}"
   1269760,         0,         0,   119.7,decoder_by_matrix,3c866087b289edc25e9adea730044a15db18cabfd3ae2507fc844d5b4e03657a,"{""distance"":5,""physical_error_rate"":5e-06}","{""detection_events"":3520,""detectors_checked"":215859200}"
   1024000,         0,         0,   119.8,decoder_by_matrix,0421d486f8a041838688df650e87c0a19c3450ab7a7cc8b3dc589ebff86d1c74,"{""distance"":5,""physical_error_rate"":0.0001}","{""detection_events"":57000,""detectors_checked"":174080000}"
   1145856,         0,         0,   119.6,decoder_by_matrix,b84cf4b8ca220d31f17e1e2ea9ab927bbc4176b15682c650e7d1dd8f2758172b,"{""distance"":5,""physical_error_rate"":0.0005}","{""detection_events"":323805,""detectors_checked"":194795520}"
   1160192,         0,         0,   119.6,decoder_by_matrix,0421d486f8a041838688df650e87c0a19c3450ab7a7cc8b3dc589ebff86d1c74,"{""distance"":5,""physical_error_rate"":0.0001}","{""detection_events"":66580,""detectors_checked"":197232640}"
   1126400,         0,         0,   119.4,decoder_by_matrix,fa5edda0c1038186c8afbec49b0215a0b852396cdb50783a3f937fdf51d2afac,"{""distance"":5,""physical_error_rate"":1e-05}","{""detection_events"":6100,""detectors_checked"":191488000}"
    949248,         0,         0,   119.4,decoder_by_matrix,066a5d8d46981b593c3dec855f441edbe9e755a8873183448f69d036a2ecc650,"{""distance"":5,""physical_error_rate"":0.001}","{""detection_events"":536605,""detectors_checked"":161372160}"
   1252352,         0,         0,   119.5,decoder_by_matrix,fa5edda0c1038186c8afbec49b0215a0b852396cdb50783a3f937fdf51d2afac,"{""distance"":5,""physical_error_rate"":1e-05}","{""detection_events"":7530,""detectors_checked"":212899840}"
   1178624,         0,         0,   119.5,decoder_by_matrix,3c866087b289edc25e9adea730044a15db18cabfd3ae2507fc844d5b4e03657a,"{""distance"":5,""physical_error_rate"":5e-06}","{""detection_events"":3285,""detectors_checked"":200366080}"
   1010688,         0,         0,   119.5,decoder_by_matrix,9c6baee88fc81e7d1aa345fcb3feec7ee81f21c5d49cb6ca037118097d89e180,"{""distance"":5,""physical_error_rate"":5e-05}","{""detection_events"":27585,""detectors_checked"":171816960}"
   1171456,         0,         0,   119.3,decoder_by_matrix,fa5edda0c1038186c8afbec49b0215a0b852396cdb50783a3f937fdf51d2afac,"{""distance"":5,""physical_error_rate"":1e-05}","{""detection_events"":6850,""detectors_checked"":199147520}"
    954368,         0,         0,   119.5,decoder_by_matrix,e41ade2e4684e0396b9a3890c882b6453b515d69885aa1d89a26ce21ec554895,"{""distance"":5,""physical_error_rate"":1e-06}","{""detection_events"":550,""detectors_checked"":162242560}"
   1238016,         0,         0,   119.6,decoder_by_matrix,9c6baee88fc81e7d1aa345fcb3feec7ee81f21c5d49cb6ca037118097d89e180,"{""distance"":5,""physical_error_rate"":5e-05}","{""detection_events"":37625,""detectors_checked"":210462720}"
   1160192,         1,         0,   119.6,decoder_by_matrix,066a5d8d46981b593c3dec855f441edbe9e755a8873183448f69d036a2ecc650,"{""distance"":5,""physical_error_rate"":0.001}","{""detection_events"":654425,""detectors_checked"":197232640,""obs_mistake_mask=E___"":1}"
   1138688,         0,         0,   119.5,decoder_by_matrix,9c6baee88fc81e7d1aa345fcb3feec7ee81f21c5d49cb6ca037118097d89e180,"{""distance"":5,""physical_error_rate"":5e-05}","{""detection_events"":33810,""detectors_checked"":193576960}"
    936960,         0,         0,   119.5,decoder_by_matrix,b84cf4b8ca220d31f17e1e2ea9ab927bbc4176b15682c650e7d1dd8f2758172b,"{""distance"":5,""physical_error_rate"":0.0005}","{""detection_events"":271080,""detectors_checked"":159283200}"
   1105920,         1,         0,   119.6,decoder_by_matrix,0421d486f8a041838688df650e87c0a19c3450ab7a7cc8b3dc589ebff86d1c74,"{""distance"":5,""physical_error_rate"":0.0001}","{""detection_events"":62725,""detectors_checked"":188006400,""obs_mistake_mask=_EE_"":1}"
   1180672,         0,         0,   119.4,decoder_by_matrix,e41ade2e4684e0396b9a3890c882b6453b515d69885aa1d89a26ce21ec554895,"{""distance"":5,""physical_error_rate"":1e-06}","{""detection_events"":530,""detectors_checked"":200714240}"
   1229824,         0,         0,   119.4,decoder_by_matrix,3c866087b289edc25e9adea730044a15db18cabfd3ae2507fc844d5b4e03657a,"{""distance"":5,""physical_error_rate"":5e-06}","{""detection_events"":3660,""detectors_checked"":209070080}"
   1147904,         1,         0,   119.6,decoder_by_matrix,b84cf4b8ca220d31f17e1e2ea9ab927bbc4176b15682c650e7d1dd8f2758172b,"{""distance"":5,""physical_error_rate"":0.0005}","{""detection_events"":331225,""detectors_checked"":195143680,""obs_mistake_mask=E___"":1}"
   1227776,         0,         0,   119.5,decoder_by_matrix,fa5edda0c1038186c8afbec49b0215a0b852396cdb50783a3f937fdf51d2afac,"{""distance"":5,""physical_error_rate"":1e-05}","{""detection_events"":7320,""detectors_checked"":208721920}"
   1263616,         0,         0,   119.6,decoder_by_matrix,3c866087b289edc25e9adea730044a15db18cabfd3ae2507fc844d5b4e03657a,"{""distance"":5,""physical_error_rate"":5e-06}","{""detection_events"":3440,""detectors_checked"":214814720}"
   1082368,         0,         0,   119.4,decoder_by_matrix,0421d486f8a041838688df650e87c0a19c3450ab7a7cc8b3dc589ebff86d1c74,"{""distance"":5,""physical_error_rate"":0.0001}","{""detection_events"":60890,""detectors_checked"":184002560}"
   1088512,         0,         0,   119.6,decoder_by_matrix,3c866087b289edc25e9adea730044a15db18cabfd3ae2507fc844d5b4e03657a,"{""distance"":5,""physical_error_rate"":5e-06}","{""detection_events"":3045,""detectors_checked"":185047040}"
   1069056,         0,         0,   119.5,decoder_by_matrix,b84cf4b8ca220d31f17e1e2ea9ab927bbc4176b15682c650e7d1dd8f2758172b,"{""distance"":5,""physical_error_rate"":0.0005}","{""detection_events"":303930,""detectors_checked"":181739520}"
   1227776,         4,         0,   119.5,decoder_by_matrix,066a5d8d46981b593c3dec855f441edbe9e755a8873183448f69d036a2ecc650,"{""distance"":5,""physical_error_rate"":0.001}","{""detection_events"":689105,""detectors_checked"":208721920,""obs_mistake_mask=EE__"":1,""obs_mistake_mask=E__E"":1,""obs_mistake_mask=_EE_"":1,""obs_mistake_mask=_E__"":1}"
   1122304,         0,         0,   119.5,decoder_by_matrix,e41ade2e4684e0396b9a3890c882b6453b515d69885aa1d89a26ce21ec554895,"{""distance"":5,""physical_error_rate"":1e-06}","{""detection_events"":700,""detectors_checked"":190791680}"
   1157120,         4,         0,   119.5,decoder_by_matrix,066a5d8d46981b593c3dec855f441edbe9e755a8873183448f69d036a2ecc650,"{""distance"":5,""physical_error_rate"":0.001}","{""detection_events"":658365,""detectors_checked"":196710400,""obs_mistake_mask=E_E_"":1,""obs_mistake_mask=_E__"":1,""obs_mistake_mask=__EE"":1,""obs_mistake_mask=___E"":1}"
   1080320,         0,         0,   119.5,decoder_by_matrix,3c866087b289edc25e9adea730044a15db18cabfd3ae2507fc844d5b4e03657a,"{""distance"":5,""physical_error_rate"":5e-06}","{""detection_events"":3210,""detectors_checked"":183654400}"
   1070080,         0,         0,   119.7,decoder_by_matrix,fa5edda0c1038186c8afbec49b0215a0b852396cdb50783a3f937fdf51d2afac,"{""distance"":5,""physical_error_rate"":1e-05}","{""detection_events"":6320,""detectors_checked"":181913600}"
   1195008,         4,         0,   119.6,decoder_by_matrix,066a5d8d46981b593c3dec855f441edbe9e755a8873183448f69d036a2ecc650,"{""distance"":5,""physical_error_rate"":0.001}","{""detection_events"":681420,""detectors_checked"":203151360,""obs_mistake_mask=E_E_"":1,""obs_mistake_mask=E___"":1,""obs_mistake_mask=_EEE"":1,""obs_mistake_mask=_E__"":1}"
   1120256,         0,         0,   119.4,decoder_by_matrix,e41ade2e4684e0396b9a3890c882b6453b515d69885aa1d89a26ce21ec554895,"{""distance"":5,""physical_error_rate"":1e-06}","{""detection_events"":835,""detectors_checked"":190443520}"
   1185792,         0,         0,   119.4,decoder_by_matrix,b84cf4b8ca220d31f17e1e2ea9ab927bbc4176b15682c650e7d1dd8f2758172b,"{""distance"":5,""physical_error_rate"":0.0005}","{""detection_events"":341920,""detectors_checked"":201584640}"
   1039360,         0,         0,   119.5,decoder_by_matrix,0421d486f8a041838688df650e87c0a19c3450ab7a7cc8b3dc589ebff86d1c74,"{""distance"":5,""physical_error_rate"":0.0001}","{""detection_events"":59690,""detectors_checked"":176691200}"
   1051648,         0,         0,   119.5,decoder_by_matrix,0421d486f8a041838688df650e87c0a19c3450ab7a7cc8b3dc589ebff86d1c74,"{""distance"":5,""physical_error_rate"":0.0001}","{""detection_events"":60305,""detectors_checked"":178780160}"
   1152000,         0,         0,   119.5,decoder_by_matrix,b84cf4b8ca220d31f17e1e2ea9ab927bbc4176b15682c650e7d1dd8f2758172b,"{""distance"":5,""physical_error_rate"":0.0005}","{""detection_events"":325515,""detectors_checked"":195840000}"
   1174528,         0,         0,   119.6,decoder_by_matrix,e41ade2e4684e0396b9a3890c882b6453b515d69885aa1d89a26ce21ec554895,"{""distance"":5,""physical_error_rate"":1e-06}","{""detection_events"":570,""detectors_checked"":199669760}"
    992256,         0,         0,   119.4,decoder_by_matrix,9c6baee88fc81e7d1aa345fcb3feec7ee81f21c5d49cb6ca037118097d89e180,"{""distance"":5,""physical_error_rate"":5e-05}","{""detection_events"":28840,""detectors_checked"":168683520}"
   1022976,         0,         0,   119.4,decoder_by_matrix,9c6baee88fc81e7d1aa345fcb3feec7ee81f21c5d49cb6ca037118097d89e180,"{""distance"":5,""physical_error_rate"":5e-05}","{""detection_events"":29385,""detectors_checked"":173905920}"
   1182720,         0,         0,   119.6,decoder_by_matrix,0421d486f8a041838688df650e87c0a19c3450ab7a7cc8b3dc589ebff86d1c74,"{""distance"":5,""physical_error_rate"":0.0001}","{""detection_events"":66470,""detectors_checked"":201062400}"
   1074176,         0,         0,   119.5,decoder_by_matrix,3c866087b289edc25e9adea730044a15db18cabfd3ae2507fc844d5b4e03657a,"{""distance"":5,""physical_error_rate"":5e-06}","{""detection_events"":3025,""detectors_checked"":182609920}"
   1001472,         0,         0,   119.7,decoder_by_matrix,e41ade2e4684e0396b9a3890c882b6453b515d69885aa1d89a26ce21ec554895,"{""distance"":5,""physical_error_rate"":1e-06}","{""detection_events"":520,""detectors_checked"":170250240}"
   1091584,         3,         0,   119.4,decoder_by_matrix,066a5d8d46981b593c3dec855f441edbe9e755a8873183448f69d036a2ecc650,"{""distance"":5,""physical_error_rate"":0.001}","{""detection_events"":617770,""detectors_checked"":185569280,""obs_mistake_mask=E_E_"":1,""obs_mistake_mask=E___"":1,""obs_mistake_mask=__E_"":1}"
   1098752,         0,         0,   119.5,decoder_by_matrix,fa5edda0c1038186c8afbec49b0215a0b852396cdb50783a3f937fdf51d2afac,"{""distance"":5,""physical_error_rate"":1e-05}","{""detection_events"":5500,""detectors_checked"":186787840}"
   1030144,         0,         0,   119.6,decoder_by_matrix,9c6baee88fc81e7d1aa345fcb3feec7ee81f21c5d49cb6ca037118097d89e180,"{""distance"":5,""physical_error_rate"":5e-05}","{""detection_events"":28910,""detectors_checked"":175124480}"
   1085440,         0,         0,   119.5,decoder_by_matrix,b84cf4b8ca220d31f17e1e2ea9ab927bbc4176b15682c650e7d1dd8f2758172b,"{""distance"":5,""physical_error_rate"":0.0005}","{""detection_events"":307105,""detectors_checked"":184524800}"
   1296384,         0,         0,   119.6,decoder_by_matrix,fa5edda0c1038186c8afbec49b0215a0b852396cdb50783a3f937fdf51d2afac,"{""distance"":5,""physical_error_rate"":1e-05}","{""detection_events"":7675,""detectors_checked"":220385280}"
   1263616,         0,         0,   119.5,decoder_by_matrix,9c6baee88fc81e7d1aa345fcb3feec7ee81f21c5d49cb6ca037118097d89e180,"{""distance"":5,""physical_error_rate"":5e-05}","{""detection_events"":35670,""detectors_checked"":214814720}"
    858112,         0,         0,   119.7,decoder_by_matrix,e41ade2e4684e0396b9a3890c882b6453b515d69885aa1d89a26ce21ec554895,"{""distance"":5,""physical_error_rate"":1e-06}","{""detection_events"":445,""detectors_checked"":145879040}"
    862208,         0,         0,   119.5,decoder_by_matrix,3c866087b289edc25e9adea730044a15db18cabfd3ae2507fc844d5b4e03657a,"{""distance"":5,""physical_error_rate"":5e-06}","{""detection_events"":2205,""detectors_checked"":146575360}"
   1177600,         0,         0,   119.5,decoder_by_matrix,0421d486f8a041838688df650e87c0a19c3450ab7a7cc8b3dc589ebff86d1c74,"{""distance"":5,""physical_error_rate"":0.0001}","{""detection_events"":66950,""detectors_checked"":200192000}"
   1179648,         1,         0,   119.5,decoder_by_matrix,b84cf4b8ca220d31f17e1e2ea9ab927bbc4176b15682c650e7d1dd8f2758172b,"{""distance"":5,""physical_error_rate"":0.0005}","{""detection_events"":338445,""detectors_checked"":200540160,""obs_mistake_mask=__E_"":1}"
   1260544,         0,         0,   119.5,decoder_by_matrix,0421d486f8a041838688df650e87c0a19c3450ab7a7cc8b3dc589ebff86d1c74,"{""distance"":5,""physical_error_rate"":0.0001}","{""detection_events"":73400,""detectors_checked"":214292480}"
   1311744,         0,         0,   119.5,decoder_by_matrix,fa5edda0c1038186c8afbec49b0215a0b852396cdb50783a3f937fdf51d2afac,"{""distance"":5,""physical_error_rate"":1e-05}","{""detection_events"":7310,""detectors_checked"":222996480}"
   1304576,         0,         0,   119.4,decoder_by_matrix,fa5edda0c1038186c8afbec49b0215a0b852396cdb50783a3f937fdf51d2afac,"{""distance"":5,""physical_error_rate"":1e-05}","{""detection_events"":8380,""detectors_checked"":221777920}"
   1241088,         3,         0,   119.7,decoder_by_matrix,066a5d8d46981b593c3dec855f441edbe9e755a8873183448f69d036a2ecc650,"{""distance"":5,""physical_error_rate"":0.001}","{""detection_events"":705105,""detectors_checked"":210984960,""obs_mistake_mask=EE__"":1,""obs_mistake_mask=E_EE"":1,""obs_mistake_mask=E___"":1}"
   1325056,         0,         0,   119.6,decoder_by_matrix,3c866087b289edc25e9adea730044a15db18cabfd3ae2507fc844d5b4e03657a,"{""distance"":5,""physical_error_rate"":5e-06}","{""detection_events"":3085,""detectors_checked"":225259520}"
   1160192,         0,         0,   119.6,decoder_by_matrix,9c6baee88fc81e7d1aa345fcb3feec7ee81f21c5d49cb6ca037118097d89e180,"{""distance"":5,""physical_error_rate"":5e-05}","{""detection_events"":34085,""detectors_checked"":197232640}"
   1241088,         0,         0,   119.7,decoder_by_matrix,fa5edda0c1038186c8afbec49b0215a0b852396cdb50783a3f937fdf51d2afac,"{""distance"":5,""physical_error_rate"":1e-05}","{""detection_events"":6870,""detectors_checked"":210984960}"
    866304,         0,         0,   119.5,decoder_by_matrix,e41ade2e4684e0396b9a3890c882b6453b515d69885aa1d89a26ce21ec554895,"{""distance"":5,""physical_error_rate"":1e-06}","{""detection_events"":425,""detectors_checked"":147271680}"
   1312768,         0,         0,   119.6,decoder_by_matrix,9c6baee88fc81e7d1aa345fcb3feec7ee81f21c5d49cb6ca037118097d89e180,"{""distance"":5,""physical_error_rate"":5e-05}","{""detection_events"":37455,""detectors_checked"":223170560}"
   1193984,         2,         0,   119.5,decoder_by_matrix,066a5d8d46981b593c3dec855f441edbe9e755a8873183448f69d036a2ecc650,"{""distance"":5,""physical_error_rate"":0.001}","{""detection_events"":684305,""detectors_checked"":202977280,""obs_mistake_mask=E___"":1,""obs_mistake_mask=__E_"":1}"
   1192960,         0,         0,   119.6,decoder_by_matrix,b84cf4b8ca220d31f17e1e2ea9ab927bbc4176b15682c650e7d1dd8f2758172b,"{""distance"":5,""physical_error_rate"":0.0005}","{""detection_events"":339980,""detectors_checked"":202803200}"
   1203200,         0,         0,   119.7,decoder_by_matrix,9c6baee88fc81e7d1aa345fcb3feec7ee81f21c5d49cb6ca037118097d89e180,"{""distance"":5,""physical_error_rate"":5e-05}","{""detection_events"":35445,""detectors_checked"":204544000}"
   1145856,         0,         0,   119.5,decoder_by_matrix,0421d486f8a041838688df650e87c0a19c3450ab7a7cc8b3dc589ebff86d1c74,"{""distance"":5,""physical_error_rate"":0.0001}","{""detection_events"":65565,""detectors_checked"":194795520}"
   1198080,         0,         0,   119.6,decoder_by_matrix,3c866087b289edc25e9adea730044a15db18cabfd3ae2507fc844d5b4e03657a,"{""distance"":5,""physical_error_rate"":5e-06}","{""detection_events"":3605,""detectors_checked"":203673600}"
   1278976,         0,         0,   119.5,decoder_by_matrix,e41ade2e4684e0396b9a3890c882b6453b515d69885aa1d89a26ce21ec554895,"{""distance"":5,""physical_error_rate"":1e-06}","{""detection_events"":535,""detectors_checked"":217425920}"
   1122304,         1,         0,   119.6,decoder_by_matrix,b84cf4b8ca220d31f17e1e2ea9ab927bbc4176b15682c650e7d1dd8f2758172b,"{""distance"":5,""physical_error_rate"":0.0005}","{""detection_events"":317240,""detectors_checked"":190791680,""obs_mistake_mask=E___"":1}"
   1252352,         0,         0,   119.5,decoder_by_matrix,fa5edda0c1038186c8afbec49b0215a0b852396cdb50783a3f937fdf51d2afac,"{""distance"":5,""physical_error_rate"":1e-05}","{""detection_events"":6795,""detectors_checked"":212899840}"
   1210368,         0,         0,   119.6,decoder_by_matrix,0421d486f8a041838688df650e87c0a19c3450ab7a7cc8b3dc589ebff86d1c74,"{""distance"":5,""physical_error_rate"":0.0001}","{""detection_events"":70755,""detectors_checked"":205762560}"
    859136,         0,         0,   119.6,decoder_by_matrix,3c866087b289edc25e9adea730044a15db18cabfd3ae2507fc844d5b4e03657a,"{""distance"":5,""physical_error_rate"":5e-06}","{""detection_events"":2865,""detectors_checked"":146053120}"
    820224,         0,         0,   119.8,decoder_by_matrix,3c866087b289edc25e9adea730044a15db18cabfd3ae2507fc844d5b4e03657a,"{""distance"":5,""physical_error_rate"":5e-06}","{""detection_events"":2600,""detectors_checked"":139438080}"
   1080320,         1,         0,   119.4,decoder_by_matrix,b84cf4b8ca220d31f17e1e2ea9ab927bbc4176b15682c650e7d1dd8f2758172b,"{""distance"":5,""physical_error_rate"":0.0005}","{""detection_events"":306405,""detectors_checked"":183654400,""obs_mistake_mask=_EEE"":1}"
   1189888,         3,         0,   119.5,decoder_by_matrix,066a5d8d46981b593c3dec855f441edbe9e755a8873183448f69d036a2ecc650,"{""distance"":5,""physical_error_rate"":0.001}","{""detection_events"":673195,""detectors_checked"":202280960,""obs_mistake_mask=E_E_"":1,""obs_mistake_mask=E__E"":1,""obs_mistake_mask=_EEE"":1}"
   1214464,         0,         0,   119.5,decoder_by_matrix,3c866087b289edc25e9adea730044a15db18cabfd3ae2507fc844d5b4e03657a,"{""distance"":5,""physical_error_rate"":5e-06}","{""detection_events"":3695,""detectors_checked"":206458880}"
   1085440,         2,         0,   119.5,decoder_by_matrix,066a5d8d46981b593c3dec855f441edbe9e755a8873183448f69d036a2ecc650,"{""distance"":5,""physical_error_rate"":0.001}","{""detection_events"":613000,""detectors_checked"":184524800,""obs_mistake_mask=_E_E"":1,""obs_mistake_mask=__E_"":1}"
    801792,         0,         0,   119.7,decoder_by_matrix,e41ade2e4684e0396b9a3890c882b6453b515d69885aa1d89a26ce21ec554895,"{""distance"":5,""physical_error_rate"":1e-06}","{""detection_events"":460,""detectors_checked"":136304640}"
   1249280,         0,         0,   119.3,decoder_by_matrix,fa5edda0c1038186c8afbec49b0215a0b852396cdb50783a3f937fdf51d2afac,"{""distance"":5,""physical_error_rate"":1e-05}","{""detection_events"":6815,""detectors_checked"":212377600}"
    866304,         0,         0,   119.7,decoder_by_matrix,e41ade2e4684e0396b9a3890c882b6453b515d69885aa1d89a26ce21ec554895,"{""distance"":5,""physical_error_rate"":1e-06}","{""detection_events"":780,""detectors_checked"":147271680}"
   1231872,         3,         0,   119.6,decoder_by_matrix,066a5d8d46981b593c3dec855f441edbe9e755a8873183448f69d036a2ecc650,"{""distance"":5,""physical_error_rate"":0.001}","{""detection_events"":705510,""detectors_checked"":209418240,""obs_mistake_mask=E_E_"":2,""obs_mistake_mask=E___"":1}"
   1243136,         0,         0,   119.6,decoder_by_matrix,b84cf4b8ca220d31f17e1e2ea9ab927bbc4176b15682c650e7d1dd8f2758172b,"{""distance"":5,""physical_error_rate"":0.0005}","{""detection_events"":348490,""detectors_checked"":211333120}"
   1156096,         0,         0,   119.6,decoder_by_matrix,0421d486f8a041838688df650e87c0a19c3450ab7a7cc8b3dc589ebff86d1c74,"{""distance"":5,""physical_error_rate"":0.0001}","{""detection_events"":67735,""detectors_checked"":196536320}"
   1135616,         0,         0,   119.4,decoder_by_matrix,0421d486f8a041838688df650e87c0a19c3450ab7a7cc8b3dc589ebff86d1c74,"{""distance"":5,""physical_error_rate"":0.0001}","{""detection_events"":63510,""detectors_checked"":193054720}"
   1076224,         0,         0,   119.5,decoder_by_matrix,b84cf4b8ca220d31f17e1e2ea9ab927bbc4176b15682c650e7d1dd8f2758172b,"{""distance"":5,""physical_error_rate"":0.0005}","{""detection_events"":307225,""detectors_checked"":182958080}"
   1215488,         0,         0,   119.5,decoder_by_matrix,9c6baee88fc81e7d1aa345fcb3feec7ee81f21c5d49cb6ca037118097d89e180,"{""distance"":5,""physical_error_rate"":5e-05}","{""detection_events"":32975,""detectors_checked"":206632960}"
   1108992,         0,         0,   119.6,decoder_by_matrix,e41ade2e4684e0396b9a3890c882b6453b515d69885aa1d89a26ce21ec554895,"{""distance"":5,""physical_error_rate"":1e-06}","{""detection_events"":470,""detectors_checked"":188528640}"
    805888,         0,         0,   119.6,decoder_by_matrix,9c6baee88fc81e7d1aa345fcb3feec7ee81f21c5d49cb6ca037118097d89e180,"{""distance"":5,""physical_error_rate"":5e-05}","{""detection_events"":22755,""detectors_checked"":137000960}"
   1161216,         0,         0,   119.5,decoder_by_matrix,0421d486f8a041838688df650e87c0a19c3450ab7a7cc8b3dc589ebff86d1c74,"{""distance"":5,""physical_error_rate"":0.0001}","{""detection_events"":65960,""detectors_checked"":197406720}"
   1275904,         0,         0,   119.6,decoder_by_matrix,3c866087b289edc25e9adea730044a15db18cabfd3ae2507fc844d5b4e03657a,"{""distance"":5,""physical_error_rate"":5e-06}","{""detection_events"":3475,""detectors_checked"":216903680}"
    735232,         0,         0,   119.4,decoder_by_matrix,e41ade2e4684e0396b9a3890c882b6453b515d69885aa1d89a26ce21ec554895,"{""distance"":5,""physical_error_rate"":1e-06}","{""detection_events"":415,""detectors_checked"":124989440}"
   1114112,         3,         0,   119.6,decoder_by_matrix,066a5d8d46981b593c3dec855f441edbe9e755a8873183448f69d036a2ecc650,"{""distance"":5,""physical_error_rate"":0.001}","{""detection_events"":627390,""detectors_checked"":189399040,""obs_mistake_mask=E__E"":1,""obs_mistake_mask=E___"":1,""obs_mistake_mask=_E__"":1}"
   1131520,         0,         0,   119.5,decoder_by_matrix,fa5edda0c1038186c8afbec49b0215a0b852396cdb50783a3f937fdf51d2afac,"{""distance"":5,""physical_error_rate"":1e-05}","{""detection_events"":5935,""detectors_checked"":192358400}"
   1084416,         0,         0,   119.5,decoder_by_matrix,9c6baee88fc81e7d1aa345fcb3feec7ee81f21c5d49cb6ca037118097d89e180,"{""distance"":5,""physical_error_rate"":5e-05}","{""detection_events"":30725,""detectors_checked"":184350720}"
   1203200,         1,         0,   119.4,decoder_by_matrix,b84cf4b8ca220d31f17e1e2ea9ab927bbc4176b15682c650e7d1dd8f2758172b,"{""distance"":5,""physical_error_rate"":0.0005}","{""detection_events"":341655,""detectors_checked"":204544000,""obs_mistake_mask=__E_"":1}"
   1289216,         0,         0,   119.7,decoder_by_matrix,fa5edda0c1038186c8afbec49b0215a0b852396cdb50783a3f937fdf51d2afac,"{""distance"":5,""physical_error_rate"":1e-05}","{""detection_events"":7090,""detectors_checked"":219166720}"
   1178624,         0,         0,   119.6,decoder_by_matrix,9c6baee88fc81e7d1aa345fcb3feec7ee81f21c5d49cb6ca037118097d89e180,"{""distance"":5,""physical_error_rate"":5e-05}","{""detection_events"":32480,""detectors_checked"":200366080}"
    943104,         0,         0,   119.7,decoder_by_matrix,e41ade2e4684e0396b9a3890c882b6453b515d69885aa1d89a26ce21ec554895,"{""distance"":5,""physical_error_rate"":1e-06}","{""detection_events"":640,""detectors_checked"":160327680}"
   1170432,         0,         0,   119.7,decoder_by_matrix,3c866087b289edc25e9adea730044a15db18cabfd3ae2507fc844d5b4e03657a,"{""distance"":5,""physical_error_rate"":5e-06}","{""detection_events"":3225,""detectors_checked"":198973440}"
   1067008,         0,         0,   119.6,decoder_by_matrix,0421d486f8a041838688df650e87c0a19c3450ab7a7cc8b3dc589ebff86d1c74,"{""distance"":5,""physical_error_rate"":0.0001}","{""detection_events"":60605,""detectors_checked"":181391360}"
   1190912,         0,         0,   119.5,decoder_by_matrix,b84cf4b8ca220d31f17e1e2ea9ab927bbc4176b15682c650e7d1dd8f2758172b,"{""distance"":5,""physical_error_rate"":0.0005}","{""detection_events"":337020,""detectors_checked"":202455040}"
   1083392,         0,         0,   119.4,decoder_by_matrix,0421d486f8a041838688df650e87c0a19c3450ab7a7cc8b3dc589ebff86d1c74,"{""distance"":5,""physical_error_rate"":0.0001}","{""detection_events"":63280,""detectors_checked"":184176640}"
   1303552,         0,         0,   119.6,decoder_by_matrix,fa5edda0c1038186c8afbec49b0215a0b852396cdb50783a3f937fdf51d2afac,"{""distance"":5,""physical_error_rate"":1e-05}","{""detection_events"":7335,""detectors_checked"":221603840}"
   1187840,         3,         0,   119.7,decoder_by_matrix,066a5d8d46981b593c3dec855f441edbe9e755a8873183448f69d036a2ecc650,"{""distance"":5,""physical_error_rate"":0.001}","{""detection_events"":675565,""detectors_checked"":201932800,""obs_mistake_mask=E___"":1,""obs_mistake_mask=__EE"":1,""obs_mistake_mask=__E_"":1}"
   1197056,         0,         0,   119.5,decoder_by_matrix,fa5edda0c1038186c8afbec49b0215a0b852396cdb50783a3f937fdf51d2afac,"{""distance"":5,""physical_error_rate"":1e-05}","{""detection_events"":6490,""detectors_checked"":203499520}"
   1311744,         0,         0,   119.6,decoder_by_matrix,3c866087b289edc25e9adea730044a15db18cabfd3ae2507fc844d5b4e03657a,"{""distance"":5,""physical_error_rate"":5e-06}","{""detection_events"":3555,""detectors_checked"":222996480}"
   1147904,         0,         0,   119.6,decoder_by_matrix,9c6baee88fc81e7d1aa345fcb3feec7ee81f21c5d49cb6ca037118097d89e180,"{""distance"":5,""physical_error_rate"":5e-05}","{""detection_events"":32950,""detectors_checked"":195143680}"
   1054720,         0,         0,   119.7,decoder_by_matrix,fa5edda0c1038186c8afbec49b0215a0b852396cdb50783a3f937fdf51d2afac,"{""distance"":5,""physical_error_rate"":1e-05}","{""detection_events"":6250,""detectors_checked"":179302400}"
   1222656,         0,         0,   119.6,decoder_by_matrix,e41ade2e4684e0396b9a3890c882b6453b515d69885aa1d89a26ce21ec554895,"{""distance"":5,""physical_error_rate"":1e-06}","{""detection_events"":635,""detectors_checked"":207851520}"
   1153024,         4,         0,   119.5,decoder_by_matrix,066a5d8d46981b593c3dec855f441edbe9e755a8873183448f69d036a2ecc650,"{""distance"":5,""physical_error_rate"":0.001}","{""detection_events"":654710,""detectors_checked"":196014080,""obs_mistake_mask=E__E"":1,""obs_mistake_mask=E___"":1,""obs_mistake_mask=__E_"":2}"
   1181696,         0,         0,   119.5,decoder_by_matrix,9c6baee88fc81e7d1aa345fcb3feec7ee81f21c5d49cb6ca037118097d89e180,"{""distance"":5,""physical_error_rate"":5e-05}","{""detection_events"":34905,""detectors_checked"":200888320}"
   1148928,         0,         0,   119.5,decoder_by_matrix,9c6baee88fc81e7d1aa345fcb3feec7ee81f21c5d49cb6ca037118097d89e180,"{""distance"":5,""physical_error_rate"":5e-05}","{""detection_events"":32400,""detectors_checked"":195317760}"
   1159168,         0,         0,   119.5,decoder_by_matrix,b84cf4b8ca220d31f17e1e2ea9ab927bbc4176b15682c650e7d1dd8f2758172b,"{""distance"":5,""physical_error_rate"":0.0005}","{""detection_events"":327045,""detectors_checked"":197058560}"
   1116160,         0,         0,   119.6,decoder_by_matrix,0421d486f8a041838688df650e87c0a19c3450ab7a7cc8b3dc589ebff86d1c74,"{""distance"":5,""physical_error_rate"":0.0001}","{""detection_events"":62060,""detectors_checked"":189747200}"
   1006592,         0,         0,   119.7,decoder_by_matrix,3c866087b289edc25e9adea730044a15db18cabfd3ae2507fc844d5b4e03657a,"{""distance"":5,""physical_error_rate"":5e-06}","{""detection_events"":2860,""detectors_checked"":171120640}"
   1229824,         0,         0,   119.5,decoder_by_matrix,e41ade2e4684e0396b9a3890c882b6453b515d69885aa1d89a26ce21ec554895,"{""distance"":5,""physical_error_rate"":1e-06}","{""detection_events"":720,""detectors_checked"":209070080}"
   1125376,         0,         0,   119.4,decoder_by_matrix,b84cf4b8ca220d31f17e1e2ea9ab927bbc4176b15682c650e7d1dd8f2758172b,"{""distance"":5,""physical_error_rate"":0.0005}","{""detection_events"":319125,""detectors_checked"":191313920}"
   1197056,         0,         0,   119.6,decoder_by_matrix,fa5edda0c1038186c8afbec49b0215a0b852396cdb50783a3f937fdf51d2afac,"{""distance"":5,""physical_error_rate"":1e-05}","{""detection_events"":7215,""detectors_checked"":203499520}"
   1090560,         0,         0,   119.4,decoder_by_matrix,3c866087b289edc25e9adea730044a15db18cabfd3ae2507fc844d5b4e03657a,"{""distance"":5,""physical_error_rate"":5e-06}","{""detection_events"":3270,""detectors_checked"":185395200}"
   1191936,         0,         0,   119.6,decoder_by_matrix,0421d486f8a041838688df650e87c0a19c3450ab7a7cc8b3dc589ebff86d1c74,"{""distance"":5,""physical_error_rate"":0.0001}","{""detection_events"":68255,""detectors_checked"":202629120}"
   1056768,         0,         0,   119.5,decoder_by_matrix,3c866087b289edc25e9adea730044a15db18cabfd3ae2507fc844d5b4e03657a,"{""distance"":5,""physical_error_rate"":5e-06}","{""detection_events"":2960,""detectors_checked"":179650560}"
   1077248,         0,         0,   119.5,decoder_by_matrix,b84cf4b8ca220d31f17e1e2ea9ab927bbc4176b15682c650e7d1dd8f2758172b,"{""distance"":5,""physical_error_rate"":0.0005}","{""detection_events"":303900,""detectors_checked"":183132160}"
   1208320,         4,         0,   119.3,decoder_by_matrix,066a5d8d46981b593c3dec855f441edbe9e755a8873183448f69d036a2ecc650,"{""distance"":5,""physical_error_rate"":0.001}","{""detection_events"":683705,""detectors_checked"":205414400,""obs_mistake_mask=EE__"":1,""obs_mistake_mask=_E_E"":1,""obs_mistake_mask=_E__"":1,""obs_mistake_mask=__E_"":1}"
   1129472,         0,         0,   119.5,decoder_by_matrix,3c866087b289edc25e9adea730044a15db18cabfd3ae2507fc844d5b4e03657a,"{""distance"":5,""physical_error_rate"":5e-06}","{""detection_events"":3120,""detectors_checked"":192010240}"
   1120256,         2,         0,   119.5,decoder_by_matrix,066a5d8d46981b593c3dec855f441edbe9e755a8873183448f69d036a2ecc650,"{""distance"":5,""physical_error_rate"":0.001}","{""detection_events"":635520,""detectors_checked"":190443520,""obs_mistake_mask=__E_"":1,""obs_mistake_mask=___E"":1}"
    901120,         0,         0,   119.6,decoder_by_matrix,e41ade2e4684e0396b9a3890c882b6453b515d69885aa1d89a26ce21ec554895,"{""distance"":5,""physical_error_rate"":1e-06}","{""detection_events"":340,""detectors_checked"":153190400}"
   1157120,         0,         0,   119.6,decoder_by_matrix,e41ade2e4684e0396b9a3890c882b6453b515d69885aa1d89a26ce21ec554895,"{""distance"":5,""physical_error_rate"":1e-06}","{""detection_events"":610,""detectors_checked"":196710400}"
   1238016,         0,         0,   119.7,decoder_by_matrix,fa5edda0c1038186c8afbec49b0215a0b852396cdb50783a3f937fdf51d2afac,"{""distance"":5,""physical_error_rate"":1e-05}","{""detection_events"":6845,""detectors_checked"":210462720}"
   1145856,         7,         0,   119.5,decoder_by_matrix,066a5d8d46981b593c3dec855f441edbe9e755a8873183448f69d036a2ecc650,"{""distance"":5,""physical_error_rate"":0.001}","{""detection_events"":654590,""detectors_checked"":194795520,""obs_mistake_mask=E_E_"":1,""obs_mistake_mask=E__E"":1,""obs_mistake_mask=E___"":1,""obs_mistake_mask=_E__"":1,""obs_mistake_mask=__EE"":2,""obs_mistake_mask=__E_"":1}"
   1169408,         0,         0,   119.5,decoder_by_matrix,b84cf4b8ca220d31f17e1e2ea9ab927bbc4176b15682c650e7d1dd8f2758172b,"{""distance"":5,""physical_error_rate"":0.0005}","{""detection_events"":333065,""detectors_checked"":198799360}"
   1010688,         0,         0,   119.4,decoder_by_matrix,0421d486f8a041838688df650e87c0a19c3450ab7a7cc8b3dc589ebff86d1c74,"{""distance"":5,""physical_error_rate"":0.0001}","{""detection_events"":58290,""detectors_checked"":171816960}"
   1106944,         0,         0,   119.5,decoder_by_matrix,0421d486f8a041838688df650e87c0a19c3450ab7a7cc8b3dc589ebff86d1c74,"{""distance"":5,""physical_error_rate"":0.0001}","{""detection_events"":65305,""detectors_checked"":188180480}"
   1227776,         0,         0,   119.6,decoder_by_matrix,b84cf4b8ca220d31f17e1e2ea9ab927bbc4176b15682c650e7d1dd8f2758172b,"{""distance"":5,""physical_error_rate"":0.0005}","{""detection_events"":347535,""detectors_checked"":208721920}"
   1036288,         0,         0,   119.6,decoder_by_matrix,9c6baee88fc81e7d1aa345fcb3feec7ee81f21c5d49cb6ca037118097d89e180,"{""distance"":5,""physical_error_rate"":5e-05}","{""detection_events"":30700,""detectors_checked"":176168960}"
   1018880,         0,         0,   119.4,decoder_by_matrix,e41ade2e4684e0396b9a3890c882b6453b515d69885aa1d89a26ce21ec554895,"{""distance"":5,""physical_error_rate"":1e-06}","{""detection_events"":535,""detectors_checked"":173209600}"
   1157120,         0,         0,   119.6,decoder_by_matrix,9c6baee88fc81e7d1aa345fcb3feec7ee81f21c5d49cb6ca037118097d89e180,"{""distance"":5,""physical_error_rate"":5e-05}","{""detection_events"":33570,""detectors_checked"":196710400}"
   1068032,         0,         0,   119.3,decoder_by_matrix,0421d486f8a041838688df650e87c0a19c3450ab7a7cc8b3dc589ebff86d1c74,"{""distance"":5,""physical_error_rate"":0.0001}","{""detection_events"":59100,""detectors_checked"":181565440}"
   1003520,         0,         0,   119.5,decoder_by_matrix,3c866087b289edc25e9adea730044a15db18cabfd3ae2507fc844d5b4e03657a,"{""distance"":5,""physical_error_rate"":5e-06}","{""detection_events"":2850,""detectors_checked"":170598400}"
    874496,         0,         0,   119.6,decoder_by_matrix,e41ade2e4684e0396b9a3890c882b6453b515d69885aa1d89a26ce21ec554895,"{""distance"":5,""physical_error_rate"":1e-06}","{""detection_events"":300,""detectors_checked"":148664320}"
   1094656,         3,         0,   119.6,decoder_by_matrix,066a5d8d46981b593c3dec855f441edbe9e755a8873183448f69d036a2ecc650,"{""distance"":5,""physical_error_rate"":0.001}","{""detection_events"":615595,""detectors_checked"":186091520,""obs_mistake_mask=_EE_"":1,""obs_mistake_mask=_E_E"":1,""obs_mistake_mask=___E"":1}"
   1043456,         0,         0,   119.7,decoder_by_matrix,fa5edda0c1038186c8afbec49b0215a0b852396cdb50783a3f937fdf51d2afac,"{""distance"":5,""physical_error_rate"":1e-05}","{""detection_events"":6135,""detectors_checked"":177387520}"
   1189888,         0,         0,   119.5,decoder_by_matrix,9c6baee88fc81e7d1aa345fcb3feec7ee81f21c5d49cb6ca037118097d89e180,"{""distance"":5,""physical_error_rate"":5e-05}","{""detection_events"":33470,""detectors_checked"":202280960}"
   1040384,         0,         0,   119.5,decoder_by_matrix,b84cf4b8ca220d31f17e1e2ea9ab927bbc4176b15682c650e7d1dd8f2758172b,"{""distance"":5,""physical_error_rate"":0.0005}","{""detection_events"":293770,""detectors_checked"":176865280}"
   1310720,         0,         0,   119.5,decoder_by_matrix,fa5edda0c1038186c8afbec49b0215a0b852396cdb50783a3f937fdf51d2afac,"{""distance"":5,""physical_error_rate"":1e-05}","{""detection_events"":7720,""detectors_checked"":222822400}"
   1233920,         0,         0,   119.5,decoder_by_matrix,9c6baee88fc81e7d1aa345fcb3feec7ee81f21c5d49cb6ca037118097d89e180,"{""distance"":5,""physical_error_rate"":5e-05}","{""detection_events"":35195,""detectors_checked"":209766400}"
    849920,         0,         0,   119.6,decoder_by_matrix,e41ade2e4684e0396b9a3890c882b6453b515d69885aa1d89a26ce21ec554895,"{""distance"":5,""physical_error_rate"":1e-06}","{""detection_events"":545,""detectors_checked"":144486400}"
   1238016,         0,         0,   119.5,decoder_by_matrix,3c866087b289edc25e9adea730044a15db18cabfd3ae2507fc844d5b4e03657a,"{""distance"":5,""physical_error_rate"":5e-06}","{""detection_events"":3715,""detectors_checked"":210462720}"
   1155072,         0,         0,   119.5,decoder_by_matrix,0421d486f8a041838688df650e87c0a19c3450ab7a7cc8b3dc589ebff86d1c74,"{""distance"":5,""physical_error_rate"":0.0001}","{""detection_events"":64585,""detectors_checked"":196362240}"
   1058816,         1,         0,   119.4,decoder_by_matrix,b84cf4b8ca220d31f17e1e2ea9ab927bbc4176b15682c650e7d1dd8f2758172b,"{""distance"":5,""physical_error_rate"":0.0005}","{""detection_events"":299250,""detectors_checked"":179998720,""obs_mistake_mask=_EE_"":1}"
   1200128,         0,         0,   119.4,decoder_by_matrix,0421d486f8a041838688df650e87c0a19c3450ab7a7cc8b3dc589ebff86d1c74,"{""distance"":5,""physical_error_rate"":0.0001}","{""detection_events"":69045,""detectors_checked"":204021760}"
   1203200,         0,         0,   119.6,decoder_by_matrix,fa5edda0c1038186c8afbec49b0215a0b852396cdb50783a3f937fdf51d2afac,"{""distance"":5,""physical_error_rate"":1e-05}","{""detection_events"":7160,""detectors_checked"":204544000}"
   1083392,         4,         0,   119.6,decoder_by_matrix,066a5d8d46981b593c3dec855f441edbe9e755a8873183448f69d036a2ecc650,"{""distance"":5,""physical_error_rate"":0.001}","{""detection_events"":611750,""detectors_checked"":184176640,""obs_mistake_mask=_EEE"":1,""obs_mistake_mask=_E__"":1,""obs_mistake_mask=__E_"":1,""obs_mistake_mask=___E"":1}"
   1275904,         0,         0,   119.6,decoder_by_matrix,fa5edda0c1038186c8afbec49b0215a0b852396cdb50783a3f937fdf51d2afac,"{""distance"":5,""physical_error_rate"":1e-05}","{""detection_events"":6920,""detectors_checked"":216903680}"
   1259520,         0,         0,   119.6,decoder_by_matrix,3c866087b289edc25e9adea730044a15db18cabfd3ae2507fc844d5b4e03657a,"{""distance"":5,""physical_error_rate"":5e-06}","{""detection_events"":3475,""detectors_checked"":214118400}"
   1045504,         0,         0,   119.6,decoder_by_matrix,9c6baee88fc81e7d1aa345fcb3feec7ee81f21c5d49cb6ca037118097d89e180,"{""distance"":5,""physical_error_rate"":5e-05}","{""detection_events"":29990,""detectors_checked"":177735680}"
   1144832,         0,         0,   119.4,decoder_by_matrix,fa5edda0c1038186c8afbec49b0215a0b852396cdb50783a3f937fdf51d2afac,"{""distance"":5,""physical_error_rate"":1e-05}","{""detection_events"":6085,""detectors_checked"":194621440}"
   1142784,         2,         0,   119.4,decoder_by_matrix,066a5d8d46981b593c3dec855f441edbe9e755a8873183448f69d036a2ecc650,"{""distance"":5,""physical_error_rate"":0.001}","{""detection_events"":650540,""detectors_checked"":194273280,""obs_mistake_mask=E__E"":1,""obs_mistake_mask=_E__"":1}"
   1259520,         0,         0,   119.7,decoder_by_matrix,e41ade2e4684e0396b9a3890c882b6453b515d69885aa1d89a26ce21ec554895,"{""distance"":5,""physical_error_rate"":1e-06}","{""detection_events"":575,""detectors_checked"":214118400}"
   1188864,         0,         0,   119.4,decoder_by_matrix,9c6baee88fc81e7d1aa345fcb3feec7ee81f21c5d49cb6ca037118097d89e180,"{""distance"":5,""physical_error_rate"":5e-05}","{""detection_events"":33135,""detectors_checked"":202106880}"
   1220608,         0,         0,   119.4,decoder_by_matrix,9c6baee88fc81e7d1aa345fcb3feec7ee81f21c5d49cb6ca037118097d89e180,"{""distance"":5,""physical_error_rate"":5e-05}","{""detection_events"":35480,""detectors_checked"":207503360}"
   1011712,         0,         0,   119.5,decoder_by_matrix,b84cf4b8ca220d31f17e1e2ea9ab927bbc4176b15682c650e7d1dd8f2758172b,"{""distance"":5,""physical_error_rate"":0.0005}","{""detection_events"":293165,""detectors_checked"":171991040}"
   1121280,         0,         0,   119.3,decoder_by_matrix,0421d486f8a041838688df650e87c0a19c3450ab7a7cc8b3dc589ebff86d1c74,"{""distance"":5,""physical_error_rate"":0.0001}","{""detection_events"":62965,""detectors_checked"":190617600}"
   1246208,         0,         0,   119.6,decoder_by_matrix,e41ade2e4684e0396b9a3890c882b6453b515d69885aa1d89a26ce21ec554895,"{""distance"":5,""physical_error_rate"":1e-06}","{""detection_events"":820,""detectors_checked"":211855360}"
   1040384,         0,         0,   119.7,decoder_by_matrix,3c866087b289edc25e9adea730044a15db18cabfd3ae2507fc844d5b4e03657a,"{""distance"":5,""physical_error_rate"":5e-06}","{""detection_events"":2755,""detectors_checked"":176865280}"
   1156096,         1,         0,   119.4,decoder_by_matrix,b84cf4b8ca220d31f17e1e2ea9ab927bbc4176b15682c650e7d1dd8f2758172b,"{""distance"":5,""physical_error_rate"":0.0005}","{""detection_events"":328610,""detectors_checked"":196536320,""obs_mistake_mask=E___"":1}"
   1197056,         0,         0,   119.6,decoder_by_matrix,fa5edda0c1038186c8afbec49b0215a0b852396cdb50783a3f937fdf51d2afac,"{""distance"":5,""physical_error_rate"":1e-05}","{""detection_events"":6730,""detectors_checked"":203499520}"
   1166336,         0,         0,   119.6,decoder_by_matrix,3c866087b289edc25e9adea730044a15db18cabfd3ae2507fc844d5b4e03657a,"{""distance"":5,""physical_error_rate"":5e-06}","{""detection_events"":3315,""detectors_checked"":198277120}"
   1040384,         0,         0,   119.7,decoder_by_matrix,0421d486f8a041838688df650e87c0a19c3450ab7a7cc8b3dc589ebff86d1c74,"{""distance"":5,""physical_error_rate"":0.0001}","{""detection_events"":59930,""detectors_checked"":176865280}"
   1000448,         0,         0,   119.6,decoder_by_matrix,3c866087b289edc25e9adea730044a15db18cabfd3ae2507fc844d5b4e03657a,"{""distance"":5,""physical_error_rate"":5e-06}","{""detection_events"":2705,""detectors_checked"":170076160}"
    873472,         0,         0,   119.6,decoder_by_matrix,b84cf4b8ca220d31f17e1e2ea9ab927bbc4176b15682c650e7d1dd8f2758172b,"{""distance"":5,""physical_error_rate"":0.0005}","{""detection_events"":247080,""detectors_checked"":148490240}"
   1144832,         2,         0,   119.5,decoder_by_matrix,066a5d8d46981b593c3dec855f441edbe9e755a8873183448f69d036a2ecc650,"{""distance"":5,""physical_error_rate"":0.001}","{""detection_events"":646055,""detectors_checked"":194621440,""obs_mistake_mask=E__E"":2}"
   1103872,         0,         0,   119.5,decoder_by_matrix,3c866087b289edc25e9adea730044a15db18cabfd3ae2507fc844d5b4e03657a,"{""distance"":5,""physical_error_rate"":5e-06}","{""detection_events"":3060,""detectors_checked"":187658240}"
   1153024,         5,         0,   119.3,decoder_by_matrix,066a5d8d46981b593c3dec855f441edbe9e755a8873183448f69d036a2ecc650,"{""distance"":5,""physical_error_rate"":0.001}","{""detection_events"":651445,""detectors_checked"":196014080,""obs_mistake_mask=EE__"":1,""obs_mistake_mask=E__E"":1,""obs_mistake_mask=E___"":2,""obs_mistake_mask=___E"":1}"
   1146880,         0,         0,   119.5,decoder_by_matrix,e41ade2e4684e0396b9a3890c882b6453b515d69885aa1d89a26ce21ec554895,"{""distance"":5,""physical_error_rate"":1e-06}","{""detection_events"":795,""detectors_checked"":194969600}"
   1134592,         0,         0,   119.4,decoder_by_matrix,fa5edda0c1038186c8afbec49b0215a0b852396cdb50783a3f937fdf51d2afac,"{""distance"":5,""physical_error_rate"":1e-05}","{""detection_events"":6840,""detectors_checked"":192880640}"
    957440,         1,         0,   119.6,decoder_by_matrix,066a5d8d46981b593c3dec855f441edbe9e755a8873183448f69d036a2ecc650,"{""distance"":5,""physical_error_rate"":0.001}","{""detection_events"":543270,""detectors_checked"":162764800,""obs_mistake_mask=E_E_"":1}"
   1232896,         0,         0,   119.4,decoder_by_matrix,e41ade2e4684e0396b9a3890c882b6453b515d69885aa1d89a26ce21ec554895,"{""distance"":5,""physical_error_rate"":1e-06}","{""detection_events"":610,""detectors_checked"":209592320}"
   1087488,         0,         0,   119.5,decoder_by_matrix,b84cf4b8ca220d31f17e1e2ea9ab927bbc4176b15682c650e7d1dd8f2758172b,"{""distance"":5,""physical_error_rate"":0.0005}","{""detection_events"":307885,""detectors_checked"":184872960}"
   1170432,         0,         0,   119.5,decoder_by_matrix,0421d486f8a041838688df650e87c0a19c3450ab7a7cc8b3dc589ebff86d1c74,"{""distance"":5,""physical_error_rate"":0.0001}","{""detection_events"":63900,""detectors_checked"":198973440}"
   1185792,         0,         0,   119.4,decoder_by_matrix,0421d486f8a041838688df650e87c0a19c3450ab7a7cc8b3dc589ebff86d1c74,"{""distance"":5,""physical_error_rate"":0.0001}","{""detection_events"":65995,""detectors_checked"":201584640}"
   1100800,         2,         0,   119.4,decoder_by_matrix,b84cf4b8ca220d31f17e1e2ea9ab927bbc4176b15682c650e7d1dd8f2758172b,"{""distance"":5,""physical_error_rate"":0.0005}","{""detection_events"":310780,""detectors_checked"":187136000,""obs_mistake_mask=E__E"":1,""obs_mistake_mask=E___"":1}"
   1154048,         0,         0,   119.5,decoder_by_matrix,e41ade2e4684e0396b9a3890c882b6453b515d69885aa1d89a26ce21ec554895,"{""distance"":5,""physical_error_rate"":1e-06}","{""detection_events"":660,""detectors_checked"":196188160}"
   1075200,         0,         0,   119.6,decoder_by_matrix,9c6baee88fc81e7d1aa345fcb3feec7ee81f21c5d49cb6ca037118097d89e180,"{""distance"":5,""physical_error_rate"":5e-05}","{""detection_events"":29025,""detectors_checked"":182784000}"
    897024,         0,         0,   119.6,decoder_by_matrix,9c6baee88fc81e7d1aa345fcb3feec7ee81f21c5d49cb6ca037118097d89e180,"{""distance"":5,""physical_error_rate"":5e-05}","{""detection_events"":25305,""detectors_checked"":152494080}"
   1142784,         0,         0,   119.6,decoder_by_matrix,0421d486f8a041838688df650e87c0a19c3450ab7a7cc8b3dc589ebff86d1c74,"{""distance"":5,""physical_error_rate"":0.0001}","{""detection_events"":63920,""detectors_checked"":194273280}"
   1142784,         0,         0,   119.7,decoder_by_matrix,3c866087b289edc25e9adea730044a15db18cabfd3ae2507fc844d5b4e03657a,"{""distance"":5,""physical_error_rate"":5e-06}","{""detection_events"":3650,""detectors_checked"":194273280}"
    874496,         0,         0,   119.6,decoder_by_matrix,e41ade2e4684e0396b9a3890c882b6453b515d69885aa1d89a26ce21ec554895,"{""distance"":5,""physical_error_rate"":1e-06}","{""detection_events"":670,""detectors_checked"":148664320}"
   1089536,         1,         0,   119.5,decoder_by_matrix,066a5d8d46981b593c3dec855f441edbe9e755a8873183448f69d036a2ecc650,"{""distance"":5,""physical_error_rate"":0.001}","{""detection_events"":619525,""detectors_checked"":185221120,""obs_mistake_mask=E__E"":1}"
    978944,         0,         0,   119.5,decoder_by_matrix,fa5edda0c1038186c8afbec49b0215a0b852396cdb50783a3f937fdf51d2afac,"{""distance"":5,""physical_error_rate"":1e-05}","{""detection_events"":6300,""detectors_checked"":166420480}"
   1124352,         0,         0,   119.7,decoder_by_matrix,9c6baee88fc81e7d1aa345fcb3feec7ee81f21c5d49cb6ca037118097d89e180,"{""distance"":5,""physical_error_rate"":5e-05}","{""detection_events"":31350,""detectors_checked"":191139840}"
   1183744,         1,         0,   119.3,decoder_by_matrix,b84cf4b8ca220d31f17e1e2ea9ab927bbc4176b15682c650e7d1dd8f2758172b,"{""distance"":5,""physical_error_rate"":0.0005}","{""detection_events"":338730,""detectors_checked"":201236480,""obs_mistake_mask=_EEE"":1}"
   1288192,         0,         0,   119.5,decoder_by_matrix,fa5edda0c1038186c8afbec49b0215a0b852396cdb50783a3f937fdf51d2afac,"{""distance"":5,""physical_error_rate"":1e-05}","{""detection_events"":7115,""detectors_checked"":218992640}"
   1216512,         0,         0,   119.6,decoder_by_matrix,9c6baee88fc81e7d1aa345fcb3feec7ee81f21c5d49cb6ca037118097d89e180,"{""distance"":5,""physical_error_rate"":5e-05}","{""detection_events"":34460,""detectors_checked"":206807040}"
   1203200,         0,         0,   119.6,decoder_by_matrix,e41ade2e4684e0396b9a3890c882b6453b515d69885aa1d89a26ce21ec554895,"{""distance"":5,""physical_error_rate"":1e-06}","{""detection_events"":735,""detectors_checked"":204544000}"
   1118208,         0,         0,   119.4,decoder_by_matrix,3c866087b289edc25e9adea730044a15db18cabfd3ae2507fc844d5b4e03657a,"{""distance"":5,""physical_error_rate"":5e-06}","{""detection_events"":3125,""detectors_checked"":190095360}"
    979968,         0,         0,   119.5,decoder_by_matrix,0421d486f8a041838688df650e87c0a19c3450ab7a7cc8b3dc589ebff86d1c74,"{""distance"":5,""physical_error_rate"":0.0001}","{""detection_events"":55390,""detectors_checked"":166594560}"
   1232896,         0,         0,   119.5,decoder_by_matrix,b84cf4b8ca220d31f17e1e2ea9ab927bbc4176b15682c650e7d1dd8f2758172b,"{""distance"":5,""physical_error_rate"":0.0005}","{""detection_events"":351585,""detectors_checked"":209592320}"
   1270784,         0,         0,   119.5,decoder_by_matrix,0421d486f8a041838688df650e87c0a19c3450ab7a7cc8b3dc589ebff86d1c74,"{""distance"":5,""physical_error_rate"":0.0001}","{""detection_events"":70400,""detectors_checked"":216033280}"
   1274880,         0,         0,   119.5,decoder_by_matrix,fa5edda0c1038186c8afbec49b0215a0b852396cdb50783a3f937fdf51d2afac,"{""distance"":5,""physical_error_rate"":1e-05}","{""detection_events"":6805,""detectors_checked"":216729600}"
   1220608,         0,         0,   119.4,decoder_by_matrix,066a5d8d46981b593c3dec855f441edbe9e755a8873183448f69d036a2ecc650,"{""distance"":5,""physical_error_rate"":0.001}","{""detection_events"":696250,""detectors_checked"":207503360}"
   1306624,         0,         0,   119.6,decoder_by_matrix,fa5edda0c1038186c8afbec49b0215a0b852396cdb50783a3f937fdf51d2afac,"{""distance"":5,""physical_error_rate"":1e-05}","{""detection_events"":7440,""detectors_checked"":222126080}"
   1162240,         0,         0,   119.5,decoder_by_matrix,3c866087b289edc25e9adea730044a15db18cabfd3ae2507fc844d5b4e03657a,"{""distance"":5,""physical_error_rate"":5e-06}","{""detection_events"":2905,""detectors_checked"":197580800}"
   1188864,         0,         0,   119.6,decoder_by_matrix,9c6baee88fc81e7d1aa345fcb3feec7ee81f21c5d49cb6ca037118097d89e180,"{""distance"":5,""physical_error_rate"":5e-05}","{""detection_events"":33790,""detectors_checked"":202106880}"
   1131520,         0,         0,   119.4,decoder_by_matrix,fa5edda0c1038186c8afbec49b0215a0b852396cdb50783a3f937fdf51d2afac,"{""distance"":5,""physical_error_rate"":1e-05}","{""detection_events"":6475,""detectors_checked"":192358400}"
   1185792,         2,         0,   119.6,decoder_by_matrix,066a5d8d46981b593c3dec855f441edbe9e755a8873183448f69d036a2ecc650,"{""distance"":5,""physical_error_rate"":0.001}","{""detection_events"":671590,""detectors_checked"":201584640,""obs_mistake_mask=_E__"":1,""obs_mistake_mask=___E"":1}"
   1204224,         0,         0,   119.6,decoder_by_matrix,e41ade2e4684e0396b9a3890c882b6453b515d69885aa1d89a26ce21ec554895,"{""distance"":5,""physical_error_rate"":1e-06}","{""detection_events"":720,""detectors_checked"":204718080}"
   1255424,         0,         0,   119.6,decoder_by_matrix,9c6baee88fc81e7d1aa345fcb3feec7ee81f21c5d49cb6ca037118097d89e180,"{""distance"":5,""physical_error_rate"":5e-05}","{""detection_events"":35010,""detectors_checked"":213422080}"
   1228800,         0,         0,   119.6,decoder_by_matrix,9c6baee88fc81e7d1aa345fcb3feec7ee81f21c5d49cb6ca037118097d89e180,"{""distance"":5,""physical_error_rate"":5e-05}","{""detection_events"":35475,""detectors_checked"":208896000}"
   1073152,         0,         0,   119.7,decoder_by_matrix,b84cf4b8ca220d31f17e1e2ea9ab927bbc4176b15682c650e7d1dd8f2758172b,"{""distance"":5,""physical_error_rate"":0.0005}","{""detection_events"":307395,""detectors_checked"":182435840}"
   1246208,         0,         0,   119.4,decoder_by_matrix,0421d486f8a041838688df650e87c0a19c3450ab7a7cc8b3dc589ebff86d1c74,"{""distance"":5,""physical_error_rate"":0.0001}","{""detection_events"":70615,""detectors_checked"":211855360}"
   1153024,         0,         0,   119.5,decoder_by_matrix,e41ade2e4684e0396b9a3890c882b6453b515d69885aa1d89a26ce21ec554895,"{""distance"":5,""physical_error_rate"":1e-06}","{""detection_events"":805,""detectors_checked"":196014080}"
    997376,         0,         0,   119.6,decoder_by_matrix,3c866087b289edc25e9adea730044a15db18cabfd3ae2507fc844d5b4e03657a,"{""distance"":5,""physical_error_rate"":5e-06}","{""detection_events"":3080,""detectors_checked"":169553920}"
    929792,         0,         0,   119.6,decoder_by_matrix,b84cf4b8ca220d31f17e1e2ea9ab927bbc4176b15682c650e7d1dd8f2758172b,"{""distance"":5,""physical_error_rate"":0.0005}","{""detection_events"":261255,""detectors_checked"":158064640}"
   1137664,         0,         0,   119.5,decoder_by_matrix,fa5edda0c1038186c8afbec49b0215a0b852396cdb50783a3f937fdf51d2afac,"{""distance"":5,""physical_error_rate"":1e-05}","{""detection_events"":6320,""detectors_checked"":193402880}"
   1127424,         0,         0,   119.5,decoder_by_matrix,0421d486f8a041838688df650e87c0a19c3450ab7a7cc8b3dc589ebff86d1c74,"{""distance"":5,""physical_error_rate"":0.0001}","{""detection_events"":65770,""detectors_checked"":191662080}"
   1225728,         0,         0,   119.7,decoder_by_matrix,3c866087b289edc25e9adea730044a15db18cabfd3ae2507fc844d5b4e03657a,"{""distance"":5,""physical_error_rate"":5e-06}","{""detection_events"":3245,""detectors_checked"":208373760}"
   1226752,         0,         0,   119.5,decoder_by_matrix,3c866087b289edc25e9adea730044a15db18cabfd3ae2507fc844d5b4e03657a,"{""distance"":5,""physical_error_rate"":5e-06}","{""detection_events"":2740,""detectors_checked"":208547840}"
    946176,         0,         0,   119.4,decoder_by_matrix,b84cf4b8ca220d31f17e1e2ea9ab927bbc4176b15682c650e7d1dd8f2758172b,"{""distance"":5,""physical_error_rate"":0.0005}","{""detection_events"":265250,""detectors_checked"":160849920}"
   1223680,         2,         0,   119.6,decoder_by_matrix,066a5d8d46981b593c3dec855f441edbe9e755a8873183448f69d036a2ecc650,"{""distance"":5,""physical_error_rate"":0.001}","{""detection_events"":691660,""detectors_checked"":208025600,""obs_mistake_mask=EE__"":1,""obs_mistake_mask=E___"":1}"
   1209344,         0,         0,   119.6,decoder_by_matrix,3c866087b289edc25e9adea730044a15db18cabfd3ae2507fc844d5b4e03657a,"{""distance"":5,""physical_error_rate"":5e-06}","{""detection_events"":3415,""detectors_checked"":205588480}"
   1095680,         0,         0,   119.6,decoder_by_matrix,066a5d8d46981b593c3dec855f441edbe9e755a8873183448f69d036a2ecc650,"{""distance"":5,""physical_error_rate"":0.001}","{""detection_events"":623010,""detectors_checked"":186265600}"
   1027072,         0,         0,   119.5,decoder_by_matrix,e41ade2e4684e0396b9a3890c882b6453b515d69885aa1d89a26ce21ec554895,"{""distance"":5,""physical_error_rate"":1e-06}","{""detection_events"":690,""detectors_checked"":174602240}"
   1040384,         1,         0,   119.6,decoder_by_matrix,066a5d8d46981b593c3dec855f441edbe9e755a8873183448f69d036a2ecc650,"{""distance"":5,""physical_error_rate"":0.001}","{""detection_events"":590250,""detectors_checked"":176865280,""obs_mistake_mask=___E"":1}"
   1268736,         0,         0,   119.5,decoder_by_matrix,e41ade2e4684e0396b9a3890c882b6453b515d69885aa1d89a26ce21ec554895,"{""distance"":5,""physical_error_rate"":1e-06}","{""detection_events"":660,""detectors_checked"":215685120}"
   1165312,         0,         0,   119.7,decoder_by_matrix,fa5edda0c1038186c8afbec49b0215a0b852396cdb50783a3f937fdf51d2afac,"{""distance"":5,""physical_error_rate"":1e-05}","{""detection_events"":6695,""detectors_checked"":198103040}"
   1127424,         0,         0,   119.6,decoder_by_matrix,b84cf4b8ca220d31f17e1e2ea9ab927bbc4176b15682c650e7d1dd8f2758172b,"{""distance"":5,""physical_error_rate"":0.0005}","{""detection_events"":322205,""detectors_checked"":191662080}"
   1036288,         0,         0,   119.5,decoder_by_matrix,0421d486f8a041838688df650e87c0a19c3450ab7a7cc8b3dc589ebff86d1c74,"{""distance"":5,""physical_error_rate"":0.0001}","{""detection_events"":59645,""detectors_checked"":176168960}"
    869376,         0,         0,   119.7,decoder_by_matrix,0421d486f8a041838688df650e87c0a19c3450ab7a7cc8b3dc589ebff86d1c74,"{""distance"":5,""physical_error_rate"":0.0001}","{""detection_events"":50230,""detectors_checked"":147793920}"
   1075200,         0,         0,   119.5,decoder_by_matrix,b84cf4b8ca220d31f17e1e2ea9ab927bbc4176b15682c650e7d1dd8f2758172b,"{""distance"":5,""physical_error_rate"":0.0005}","{""detection_events"":304910,""detectors_checked"":182784000}"
    872448,         0,         0,   119.7,decoder_by_matrix,e41ade2e4684e0396b9a3890c882b6453b515d69885aa1d89a26ce21ec554895,"{""distance"":5,""physical_error_rate"":1e-06}","{""detection_events"":505,""detectors_checked"":148316160}"
   1100800,         0,         0,   119.6,decoder_by_matrix,9c6baee88fc81e7d1aa345fcb3feec7ee81f21c5d49cb6ca037118097d89e180,"{""distance"":5,""physical_error_rate"":5e-05}","{""detection_events"":30675,""detectors_checked"":187136000}"
    745472,         0,         0,   119.7,decoder_by_matrix,9c6baee88fc81e7d1aa345fcb3feec7ee81f21c5d49cb6ca037118097d89e180,"{""distance"":5,""physical_error_rate"":5e-05}","{""detection_events"":20860,""detectors_checked"":126730240}"
   1199104,         0,         0,   119.6,decoder_by_matrix,0421d486f8a041838688df650e87c0a19c3450ab7a7cc8b3dc589ebff86d1c74,"{""distance"":5,""physical_error_rate"":0.0001}","{""detection_events"":68510,""detectors_checked"":203847680}"
   1241088,         0,         0,   119.5,decoder_by_matrix,3c866087b289edc25e9adea730044a15db18cabfd3ae2507fc844d5b4e03657a,"{""distance"":5,""physical_error_rate"":5e-06}","{""detection_events"":3720,""detectors_checked"":210984960}"
    790528,         0,         0,   119.9,decoder_by_matrix,e41ade2e4684e0396b9a3890c882b6453b515d69885aa1d89a26ce21ec554895,"{""distance"":5,""physical_error_rate"":1e-06}","{""detection_events"":510,""detectors_checked"":134389760}"
   1211392,         2,         0,   119.5,decoder_by_matrix,066a5d8d46981b593c3dec855f441edbe9e755a8873183448f69d036a2ecc650,"{""distance"":5,""physical_error_rate"":0.001}","{""detection_events"":688705,""detectors_checked"":205936640,""obs_mistake_mask=EE__"":1,""obs_mistake_mask=_EEE"":1}"
   1111040,         0,         0,   119.5,decoder_by_matrix,fa5edda0c1038186c8afbec49b0215a0b852396cdb50783a3f937fdf51d2afac,"{""distance"":5,""physical_error_rate"":1e-05}","{""detection_events"":6140,""detectors_checked"":188876800}"
   1162240,         0,         0,   119.5,decoder_by_matrix,9c6baee88fc81e7d1aa345fcb3feec7ee81f21c5d49cb6ca037118097d89e180,"{""distance"":5,""physical_error_rate"":5e-05}","{""detection_events"":32420,""detectors_checked"":197580800}"
   1198080,         0,         0,   119.6,decoder_by_matrix,b84cf4b8ca220d31f17e1e2ea9ab927bbc4176b15682c650e7d1dd8f2758172b,"{""distance"":5,""physical_error_rate"":0.0005}","{""detection_events"":339065,""detectors_checked"":203673600}"
   1346560,         0,         0,   119.5,decoder_by_matrix,fa5edda0c1038186c8afbec49b0215a0b852396cdb50783a3f937fdf51d2afac,"{""distance"":5,""physical_error_rate"":1e-05}","{""detection_events"":7420,""detectors_checked"":228915200}"
   1280000,         0,         0,   119.5,decoder_by_matrix,9c6baee88fc81e7d1aa345fcb3feec7ee81f21c5d49cb6ca037118097d89e180,"{""distance"":5,""physical_error_rate"":5e-05}","{""detection_events"":36960,""detectors_checked"":217600000}"
    677888,         0,         0,   119.7,decoder_by_matrix,e41ade2e4684e0396b9a3890c882b6453b515d69885aa1d89a26ce21ec554895,"{""distance"":5,""physical_error_rate"":1e-06}","{""detection_events"":405,""detectors_checked"":115240960}"
    743424,         0,         0,   119.5,decoder_by_matrix,3c866087b289edc25e9adea730044a15db18cabfd3ae2507fc844d5b4e03657a,"{""distance"":5,""physical_error_rate"":5e-06}","{""detection_events"":2230,""detectors_checked"":126382080}"
    707584,         0,         0,   119.8,decoder_by_matrix,0421d486f8a041838688df650e87c0a19c3450ab7a7cc8b3dc589ebff86d1c74,"{""distance"":5,""physical_error_rate"":0.0001}","{""detection_events"":39135,""detectors_checked"":120289280}"
   1093632,         0,         0,   119.6,decoder_by_matrix,b84cf4b8ca220d31f17e1e2ea9ab927bbc4176b15682c650e7d1dd8f2758172b,"{""distance"":5,""physical_error_rate"":0.0005}","{""detection_events"":305780,""detectors_checked"":185917440}"
   1289216,         0,         0,   119.6,decoder_by_matrix,0421d486f8a041838688df650e87c0a19c3450ab7a7cc8b3dc589ebff86d1c74,"{""distance"":5,""physical_error_rate"":0.0001}","{""detection_events"":74790,""detectors_checked"":219166720}"
   1327104,         0,         0,   119.5,decoder_by_matrix,fa5edda0c1038186c8afbec49b0215a0b852396cdb50783a3f937fdf51d2afac,"{""distance"":5,""physical_error_rate"":1e-05}","{""detection_events"":7450,""detectors_checked"":225607680}"
   1203200,         0,         0,   119.3,decoder_by_matrix,066a5d8d46981b593c3dec855f441edbe9e755a8873183448f69d036a2ecc650,"{""distance"":5,""physical_error_rate"":0.001}","{""detection_events"":684630,""detectors_checked"":204544000}"
   1321984,         0,         0,   119.6,decoder_by_matrix,3c866087b289edc25e9adea730044a15db18cabfd3ae2507fc844d5b4e03657a,"{""distance"":5,""physical_error_rate"":5e-06}","{""detection_events"":3085,""detectors_checked"":224737280}"
   1178624,         0,         0,   119.5,decoder_by_matrix,fa5edda0c1038186c8afbec49b0215a0b852396cdb50783a3f937fdf51d2afac,"{""distance"":5,""physical_error_rate"":1e-05}","{""detection_events"":7160,""detectors_checked"":200366080}"
   1235968,         0,         0,   119.6,decoder_by_matrix,9c6baee88fc81e7d1aa345fcb3feec7ee81f21c5d49cb6ca037118097d89e180,"{""distance"":5,""physical_error_rate"":5e-05}","{""detection_events"":33400,""detectors_checked"":210114560}"
   1305600,         0,         0,   119.7,decoder_by_matrix,fa5edda0c1038186c8afbec49b0215a0b852396cdb50783a3f937fdf51d2afac,"{""distance"":5,""physical_error_rate"":1e-05}","{""detection_events"":7790,""detectors_checked"":221952000}"
   1239040,         0,         0,   119.4,decoder_by_matrix,e41ade2e4684e0396b9a3890c882b6453b515d69885aa1d89a26ce21ec554895,"{""distance"":5,""physical_error_rate"":1e-06}","{""detection_events"":875,""detectors_checked"":210636800}"
   1206272,         3,         0,   119.7,decoder_by_matrix,066a5d8d46981b593c3dec855f441edbe9e755a8873183448f69d036a2ecc650,"{""distance"":5,""physical_error_rate"":0.001}","{""detection_events"":687025,""detectors_checked"":205066240,""obs_mistake_mask=E___"":1,""obs_mistake_mask=_E__"":1,""obs_mistake_mask=__E_"":1}"
   1238016,         0,         0,   119.7,decoder_by_matrix,9c6baee88fc81e7d1aa345fcb3feec7ee81f21c5d49cb6ca037118097d89e180,"{""distance"":5,""physical_error_rate"":5e-05}","{""detection_events"":36030,""detectors_checked"":210462720}"
   1084416,         0,         0,   119.4,decoder_by_matrix,9c6baee88fc81e7d1aa345fcb3feec7ee81f21c5d49cb6ca037118097d89e180,"{""distance"":5,""physical_error_rate"":5e-05}","{""detection_events"":31220,""detectors_checked"":184350720}"
   1071104,         0,         0,   119.5,decoder_by_matrix,b84cf4b8ca220d31f17e1e2ea9ab927bbc4176b15682c650e7d1dd8f2758172b,"{""distance"":5,""physical_error_rate"":0.0005}","{""detection_events"":304380,""detectors_checked"":182087680}"
   1156096,         0,         0,   119.6,decoder_by_matrix,0421d486f8a041838688df650e87c0a19c3450ab7a7cc8b3dc589ebff86d1c74,"{""distance"":5,""physical_error_rate"":0.0001}","{""detection_events"":64210,""detectors_checked"":196536320}"
   1336320,         0,         0,   119.6,decoder_by_matrix,e41ade2e4684e0396b9a3890c882b6453b515d69885aa1d89a26ce21ec554895,"{""distance"":5,""physical_error_rate"":1e-06}","{""detection_events"":875,""detectors_checked"":227174400}"
   1275904,         0,         0,   119.6,decoder_by_matrix,3c866087b289edc25e9adea730044a15db18cabfd3ae2507fc844d5b4e03657a,"{""distance"":5,""physical_error_rate"":5e-06}","{""detection_events"":3760,""detectors_checked"":216903680}"
   1256448,         1,         0,   119.6,decoder_by_matrix,b84cf4b8ca220d31f17e1e2ea9ab927bbc4176b15682c650e7d1dd8f2758172b,"{""distance"":5,""physical_error_rate"":0.0005}","{""detection_events"":361260,""detectors_checked"":213596160,""obs_mistake_mask=E___"":1}"
   1200128,         0,         0,   119.5,decoder_by_matrix,fa5edda0c1038186c8afbec49b0215a0b852396cdb50783a3f937fdf51d2afac,"{""distance"":5,""physical_error_rate"":1e-05}","{""detection_events"":6855,""detectors_checked"":204021760}"
   1165312,         0,         0,   119.4,decoder_by_matrix,0421d486f8a041838688df650e87c0a19c3450ab7a7cc8b3dc589ebff86d1c74,"{""distance"":5,""physical_error_rate"":0.0001}","{""detection_events"":64825,""detectors_checked"":198103040}"
   1266688,         0,         0,   119.5,decoder_by_matrix,3c866087b289edc25e9adea730044a15db18cabfd3ae2507fc844d5b4e03657a,"{""distance"":5,""physical_error_rate"":5e-06}","{""detection_events"":3870,""detectors_checked"":215336960}"
   1249280,         0,         0,   119.5,decoder_by_matrix,3c866087b289edc25e9adea730044a15db18cabfd3ae2507fc844d5b4e03657a,"{""distance"":5,""physical_error_rate"":5e-06}","{""detection_events"":3180,""detectors_checked"":212377600}"
    657408,         2,         0,   119.4,decoder_by_matrix,b84cf4b8ca220d31f17e1e2ea9ab927bbc4176b15682c650e7d1dd8f2758172b,"{""distance"":5,""physical_error_rate"":0.0005}","{""detection_events"":184910,""detectors_checked"":111759360,""obs_mistake_mask=_E__"":1,""obs_mistake_mask=__E_"":1}"
   1218560,         1,         0,   119.5,decoder_by_matrix,066a5d8d46981b593c3dec855f441edbe9e755a8873183448f69d036a2ecc650,"{""distance"":5,""physical_error_rate"":0.001}","{""detection_events"":693930,""detectors_checked"":207155200,""obs_mistake_mask=EE__"":1}"
   1251328,         0,         0,   119.6,decoder_by_matrix,3c866087b289edc25e9adea730044a15db18cabfd3ae2507fc844d5b4e03657a,"{""distance"":5,""physical_error_rate"":5e-06}","{""detection_events"":3450,""detectors_checked"":212725760}"
   1211392,         0,         0,   119.4,decoder_by_matrix,e41ade2e4684e0396b9a3890c882b6453b515d69885aa1d89a26ce21ec554895,"{""distance"":5,""physical_error_rate"":1e-06}","{""detection_events"":685,""detectors_checked"":205936640}"
   1172480,         3,         0,   119.6,decoder_by_matrix,066a5d8d46981b593c3dec855f441edbe9e755a8873183448f69d036a2ecc650,"{""distance"":5,""physical_error_rate"":0.001}","{""detection_events"":663985,""detectors_checked"":199321600,""obs_mistake_mask=_EEE"":1,""obs_mistake_mask=__E_"":1,""obs_mistake_mask=___E"":1}"
   1146880,         3,         0,   119.7,decoder_by_matrix,066a5d8d46981b593c3dec855f441edbe9e755a8873183448f69d036a2ecc650,"{""distance"":5,""physical_error_rate"":0.001}","{""detection_events"":649985,""detectors_checked"":194969600,""obs_mistake_mask=E_E_"":1,""obs_mistake_mask=E___"":1,""obs_mistake_mask=___E"":1}"
   1204224,         0,         0,   119.6,decoder_by_matrix,e41ade2e4684e0396b9a3890c882b6453b515d69885aa1d89a26ce21ec554895,"{""distance"":5,""physical_error_rate"":1e-06}","{""detection_events"":875,""detectors_checked"":204718080}"
   1159168,         0,         0,   119.4,decoder_by_matrix,fa5edda0c1038186c8afbec49b0215a0b852396cdb50783a3f937fdf51d2afac,"{""distance"":5,""physical_error_rate"":1e-05}","{""detection_events"":6990,""detectors_checked"":197058560}"
   1125376,         0,         0,   119.4,decoder_by_matrix,b84cf4b8ca220d31f17e1e2ea9ab927bbc4176b15682c650e7d1dd8f2758172b,"{""distance"":5,""physical_error_rate"":0.0005}","{""detection_events"":323080,""detectors_checked"":191313920}"
   1172480,         0,         0,   119.6,decoder_by_matrix,0421d486f8a041838688df650e87c0a19c3450ab7a7cc8b3dc589ebff86d1c74,"{""distance"":5,""physical_error_rate"":0.0001}","{""detection_events"":66815,""detectors_checked"":199321600}"
    663552,         0,         0,   119.4,decoder_by_matrix,0421d486f8a041838688df650e87c0a19c3450ab7a7cc8b3dc589ebff86d1c74,"{""distance"":5,""physical_error_rate"":0.0001}","{""detection_events"":38935,""detectors_checked"":112803840}"
   1161216,         0,         0,   119.5,decoder_by_matrix,b84cf4b8ca220d31f17e1e2ea9ab927bbc4176b15682c650e7d1dd8f2758172b,"{""distance"":5,""physical_error_rate"":0.0005}","{""detection_events"":329665,""detectors_checked"":197406720}"
    906240,         0,         0,   119.5,decoder_by_matrix,9c6baee88fc81e7d1aa345fcb3feec7ee81f21c5d49cb6ca037118097d89e180,"{""distance"":5,""physical_error_rate"":5e-05}","{""detection_events"":26195,""detectors_checked"":154060800}"
    939008,         0,         0,   119.6,decoder_by_matrix,e41ade2e4684e0396b9a3890c882b6453b515d69885aa1d89a26ce21ec554895,"{""distance"":5,""physical_error_rate"":1e-06}","{""detection_events"":735,""detectors_checked"":159631360}"
    778240,         0,         0,   119.5,decoder_by_matrix,9c6baee88fc81e7d1aa345fcb3feec7ee81f21c5d49cb6ca037118097d89e180,"{""distance"":5,""physical_error_rate"":5e-05}","{""detection_events"":22255,""detectors_checked"":132300800}"
   1182720,         0,         0,   119.4,decoder_by_matrix,0421d486f8a041838688df650e87c0a19c3450ab7a7cc8b3dc589ebff86d1c74,"{""distance"":5,""physical_error_rate"":0.0001}","{""detection_events"":66680,""detectors_checked"":201062400}"
   1246208,         0,         0,   119.4,decoder_by_matrix,3c866087b289edc25e9adea730044a15db18cabfd3ae2507fc844d5b4e03657a,"{""distance"":5,""physical_error_rate"":5e-06}","{""detection_events"":3850,""detectors_checked"":211855360}"
    745472,         0,         0,   119.6,decoder_by_matrix,e41ade2e4684e0396b9a3890c882b6453b515d69885aa1d89a26ce21ec554895,"{""distance"":5,""physical_error_rate"":1e-06}","{""detection_events"":545,""detectors_checked"":126730240}"
   1180672,         1,         0,   119.5,decoder_by_matrix,066a5d8d46981b593c3dec855f441edbe9e755a8873183448f69d036a2ecc650,"{""distance"":5,""physical_error_rate"":0.001}","{""detection_events"":671715,""detectors_checked"":200714240,""obs_mistake_mask=E___"":1}"
   1113088,         0,         0,   119.4,decoder_by_matrix,9c6baee88fc81e7d1aa345fcb3feec7ee81f21c5d49cb6ca037118097d89e180,"{""distance"":5,""physical_error_rate"":5e-05}","{""detection_events"":31590,""detectors_checked"":189224960}"
   1271808,         0,         0,   119.8,decoder_by_matrix,fa5edda0c1038186c8afbec49b0215a0b852396cdb50783a3f937fdf51d2afac,"{""distance"":5,""physical_error_rate"":1e-05}","{""detection_events"":7525,""detectors_checked"":216207360}"
   1073152,         0,         0,   119.6,decoder_by_matrix,b84cf4b8ca220d31f17e1e2ea9ab927bbc4176b15682c650e7d1dd8f2758172b,"{""distance"":5,""physical_error_rate"":0.0005}","{""detection_events"":307760,""detectors_checked"":182435840}"
   1332224,         0,         0,   119.5,decoder_by_matrix,fa5edda0c1038186c8afbec49b0215a0b852396cdb50783a3f937fdf51d2afac,"{""distance"":5,""physical_error_rate"":1e-05}","{""detection_events"":7665,""detectors_checked"":226478080}"
   1269760,         0,         0,   119.5,decoder_by_matrix,9c6baee88fc81e7d1aa345fcb3feec7ee81f21c5d49cb6ca037118097d89e180,"{""distance"":5,""physical_error_rate"":5e-05}","{""detection_events"":37420,""detectors_checked"":215859200}"
   1014784,         0,         0,   119.5,decoder_by_matrix,e41ade2e4684e0396b9a3890c882b6453b515d69885aa1d89a26ce21ec554895,"{""distance"":5,""physical_error_rate"":1e-06}","{""detection_events"":635,""detectors_checked"":172513280}"
   1086464,         0,         0,   119.6,decoder_by_matrix,3c866087b289edc25e9adea730044a15db18cabfd3ae2507fc844d5b4e03657a,"{""distance"":5,""physical_error_rate"":5e-06}","{""detection_events"":2495,""detectors_checked"":184698880}"
    982016,         0,         0,   119.5,decoder_by_matrix,0421d486f8a041838688df650e87c0a19c3450ab7a7cc8b3dc589ebff86d1c74,"{""distance"":5,""physical_error_rate"":0.0001}","{""detection_events"":54360,""detectors_checked"":166942720}"
   1047552,         2,         0,   119.5,decoder_by_matrix,b84cf4b8ca220d31f17e1e2ea9ab927bbc4176b15682c650e7d1dd8f2758172b,"{""distance"":5,""physical_error_rate"":0.0005}","{""detection_events"":298145,""detectors_checked"":178083840,""obs_mistake_mask=E___"":2}"
   1098752,         0,         0,   119.5,decoder_by_matrix,0421d486f8a041838688df650e87c0a19c3450ab7a7cc8b3dc589ebff86d1c74,"{""distance"":5,""physical_error_rate"":0.0001}","{""detection_events"":61435,""detectors_checked"":186787840}"
   1105920,         0,         0,   119.5,decoder_by_matrix,fa5edda0c1038186c8afbec49b0215a0b852396cdb50783a3f937fdf51d2afac,"{""distance"":5,""physical_error_rate"":1e-05}","{""detection_events"":5740,""detectors_checked"":188006400}"
   1200128,         0,         0,   119.4,decoder_by_matrix,3c866087b289edc25e9adea730044a15db18cabfd3ae2507fc844d5b4e03657a,"{""distance"":5,""physical_error_rate"":5e-06}","{""detection_events"":3685,""detectors_checked"":204021760}"
   1037312,         4,         0,   119.5,decoder_by_matrix,066a5d8d46981b593c3dec855f441edbe9e755a8873183448f69d036a2ecc650,"{""distance"":5,""physical_error_rate"":0.001}","{""detection_events"":590100,""detectors_checked"":176343040,""obs_mistake_mask=EE__"":1,""obs_mistake_mask=E_E_"":2,""obs_mistake_mask=___E"":1}"
   1307648,         0,         0,   119.5,decoder_by_matrix,fa5edda0c1038186c8afbec49b0215a0b852396cdb50783a3f937fdf51d2afac,"{""distance"":5,""physical_error_rate"":1e-05}","{""detection_events"":7795,""detectors_checked"":222300160}"
   1268736,         0,         0,   119.4,decoder_by_matrix,9c6baee88fc81e7d1aa345fcb3feec7ee81f21c5d49cb6ca037118097d89e180,"{""distance"":5,""physical_error_rate"":5e-05}","{""detection_events"":35780,""detectors_checked"":215685120}"
   1052672,         0,         0,   119.6,decoder_by_matrix,fa5edda0c1038186c8afbec49b0215a0b852396cdb50783a3f937fdf51d2afac,"{""distance"":5,""physical_error_rate"":1e-05}","{""detection_events"":5920,""detectors_checked"":178954240}"
   1325056,         0,         0,   119.4,decoder_by_matrix,e41ade2e4684e0396b9a3890c882b6453b515d69885aa1d89a26ce21ec554895,"{""distance"":5,""physical_error_rate"":1e-06}","{""detection_events"":955,""detectors_checked"":225259520}"
   1228800,         6,         0,   119.5,decoder_by_matrix,066a5d8d46981b593c3dec855f441edbe9e755a8873183448f69d036a2ecc650,"{""distance"":5,""physical_error_rate"":0.001}","{""detection_events"":694180,""detectors_checked"":208896000,""obs_mistake_mask=E___"":2,""obs_mistake_mask=_E_E"":1,""obs_mistake_mask=_E__"":1,""obs_mistake_mask=__EE"":1,""obs_mistake_mask=__E_"":1}"
   1228800,         0,         0,   119.5,decoder_by_matrix,9c6baee88fc81e7d1aa345fcb3feec7ee81f21c5d49cb6ca037118097d89e180,"{""distance"":5,""physical_error_rate"":5e-05}","{""detection_events"":33670,""detectors_checked"":208896000}"
   1102848,         0,         0,   119.5,decoder_by_matrix,9c6baee88fc81e7d1aa345fcb3feec7ee81f21c5d49cb6ca037118097d89e180,"{""distance"":5,""physical_error_rate"":5e-05}","{""detection_events"":32130,""detectors_checked"":187484160}"
   1074176,         0,         0,   119.3,decoder_by_matrix,b84cf4b8ca220d31f17e1e2ea9ab927bbc4176b15682c650e7d1dd8f2758172b,"{""distance"":5,""physical_error_rate"":0.0005}","{""detection_events"":306175,""detectors_checked"":182609920}"
   1042432,         0,         0,   119.5,decoder_by_matrix,0421d486f8a041838688df650e87c0a19c3450ab7a7cc8b3dc589ebff86d1c74,"{""distance"":5,""physical_error_rate"":0.0001}","{""detection_events"":59820,""detectors_checked"":177213440}"
   1119232,         0,         0,   119.6,decoder_by_matrix,e41ade2e4684e0396b9a3890c882b6453b515d69885aa1d89a26ce21ec554895,"{""distance"":5,""physical_error_rate"":1e-06}","{""detection_events"":685,""detectors_checked"":190269440}"
    983040,         0,         0,   119.5,decoder_by_matrix,3c866087b289edc25e9adea730044a15db18cabfd3ae2507fc844d5b4e03657a,"{""distance"":5,""physical_error_rate"":5e-06}","{""detection_events"":2680,""detectors_checked"":167116800}"
   1068032,         0,         0,   119.4,decoder_by_matrix,b84cf4b8ca220d31f17e1e2ea9ab927bbc4176b15682c650e7d1dd8f2758172b,"{""distance"":5,""physical_error_rate"":0.0005}","{""detection_events"":302190,""detectors_checked"":181565440}"
   1314816,         0,         0,   119.4,decoder_by_matrix,fa5edda0c1038186c8afbec49b0215a0b852396cdb50783a3f937fdf51d2afac,"{""distance"":5,""physical_error_rate"":1e-05}","{""detection_events"":7530,""detectors_checked"":223518720}"
   1021952,         0,         0,   119.7,decoder_by_matrix,3c866087b289edc25e9adea730044a15db18cabfd3ae2507fc844d5b4e03657a,"{""distance"":5,""physical_error_rate"":5e-06}","{""detection_events"":2750,""detectors_checked"":173731840}"
   1206272,         0,         0,   119.6,decoder_by_matrix,0421d486f8a041838688df650e87c0a19c3450ab7a7cc8b3dc589ebff86d1c74,"{""distance"":5,""physical_error_rate"":0.0001}","{""detection_events"":70025,""detectors_checked"":205066240}"
   1284096,         0,         0,   119.4,decoder_by_matrix,3c866087b289edc25e9adea730044a15db18cabfd3ae2507fc844d5b4e03657a,"{""distance"":5,""physical_error_rate"":5e-06}","{""detection_events"":3730,""detectors_checked"":218296320}"
   1073152,         1,         0,   119.6,decoder_by_matrix,b84cf4b8ca220d31f17e1e2ea9ab927bbc4176b15682c650e7d1dd8f2758172b,"{""distance"":5,""physical_error_rate"":0.0005}","{""detection_events"":309135,""detectors_checked"":182435840,""obs_mistake_mask=__EE"":1}"
   1244160,         1,         0,   119.4,decoder_by_matrix,066a5d8d46981b593c3dec855f441edbe9e755a8873183448f69d036a2ecc650,"{""distance"":5,""physical_error_rate"":0.001}","{""detection_events"":704225,""detectors_checked"":211507200,""obs_mistake_mask=_EEE"":1}"
   1268736,         0,         0,   119.5,decoder_by_matrix,3c866087b289edc25e9adea730044a15db18cabfd3ae2507fc844d5b4e03657a,"{""distance"":5,""physical_error_rate"":5e-06}","{""detection_events"":3790,""detectors_checked"":215685120}"
   1186816,         0,         0,   119.6,decoder_by_matrix,066a5d8d46981b593c3dec855f441edbe9e755a8873183448f69d036a2ecc650,"{""distance"":5,""physical_error_rate"":0.001}","{""detection_events"":672085,""detectors_checked"":201758720}"
    985088,         0,         0,   119.8,decoder_by_matrix,e41ade2e4684e0396b9a3890c882b6453b515d69885aa1d89a26ce21ec554895,"{""distance"":5,""physical_error_rate"":1e-06}","{""detection_events"":505,""detectors_checked"":167464960}"
   1067008,         4,         0,   119.4,decoder_by_matrix,066a5d8d46981b593c3dec855f441edbe9e755a8873183448f69d036a2ecc650,"{""distance"":5,""physical_error_rate"":0.001}","{""detection_events"":607495,""detectors_checked"":181391360,""obs_mistake_mask=E__E"":1,""obs_mistake_mask=E___"":1,""obs_mistake_mask=__E_"":2}"
   1013760,         0,         0,   119.7,decoder_by_matrix,fa5edda0c1038186c8afbec49b0215a0b852396cdb50783a3f937fdf51d2afac,"{""distance"":5,""physical_error_rate"":1e-05}","{""detection_events"":5885,""detectors_checked"":172339200}"
   1113088,         0,         0,   119.6,decoder_by_matrix,e41ade2e4684e0396b9a3890c882b6453b515d69885aa1d89a26ce21ec554895,"{""distance"":5,""physical_error_rate"":1e-06}","{""detection_events"":645,""detectors_checked"":189224960}"
   1129472,         0,         0,   119.6,decoder_by_matrix,b84cf4b8ca220d31f17e1e2ea9ab927bbc4176b15682c650e7d1dd8f2758172b,"{""distance"":5,""physical_error_rate"":0.0005}","{""detection_events"":321365,""detectors_checked"":192010240}"
   1031168,         0,         0,   119.5,decoder_by_matrix,0421d486f8a041838688df650e87c0a19c3450ab7a7cc8b3dc589ebff86d1c74,"{""distance"":5,""physical_error_rate"":0.0001}","{""detection_events"":58390,""detectors_checked"":175298560}"
   1102848,         0,         0,   119.5,decoder_by_matrix,0421d486f8a041838688df650e87c0a19c3450ab7a7cc8b3dc589ebff86d1c74,"{""distance"":5,""physical_error_rate"":0.0001}","{""detection_events"":64400,""detectors_checked"":187484160}"
   1115136,         0,         0,   119.6,decoder_by_matrix,b84cf4b8ca220d31f17e1e2ea9ab927bbc4176b15682c650e7d1dd8f2758172b,"{""distance"":5,""physical_error_rate"":0.0005}","{""detection_events"":314825,""detectors_checked"":189573120}"
    924672,         0,         0,   119.6,decoder_by_matrix,9c6baee88fc81e7d1aa345fcb3feec7ee81f21c5d49cb6ca037118097d89e180,"{""distance"":5,""physical_error_rate"":5e-05}","{""detection_events"":25485,""detectors_checked"":157194240}"
   1247232,         0,         0,   119.5,decoder_by_matrix,e41ade2e4684e0396b9a3890c882b6453b515d69885aa1d89a26ce21ec554895,"{""distance"":5,""physical_error_rate"":1e-06}","{""detection_events"":660,""detectors_checked"":212029440}"
   1267712,         0,         0,   119.6,decoder_by_matrix,9c6baee88fc81e7d1aa345fcb3feec7ee81f21c5d49cb6ca037118097d89e180,"{""distance"":5,""physical_error_rate"":5e-05}","{""detection_events"":34080,""detectors_checked"":215511040}"
   1089536,         0,         0,   119.6,decoder_by_matrix,0421d486f8a041838688df650e87c0a19c3450ab7a7cc8b3dc589ebff86d1c74,"{""distance"":5,""physical_error_rate"":0.0001}","{""detection_events"":62100,""detectors_checked"":185221120}"
   1306624,         0,         0,   119.5,decoder_by_matrix,3c866087b289edc25e9adea730044a15db18cabfd3ae2507fc844d5b4e03657a,"{""distance"":5,""physical_error_rate"":5e-06}","{""detection_events"":4085,""detectors_checked"":222126080}"
    930816,         0,         0,   119.6,decoder_by_matrix,e41ade2e4684e0396b9a3890c882b6453b515d69885aa1d89a26ce21ec554895,"{""distance"":5,""physical_error_rate"":1e-06}","{""detection_events"":400,""detectors_checked"":158238720}"
   1197056,         6,         0,   119.6,decoder_by_matrix,066a5d8d46981b593c3dec855f441edbe9e755a8873183448f69d036a2ecc650,"{""distance"":5,""physical_error_rate"":0.001}","{""detection_events"":676855,""detectors_checked"":203499520,""obs_mistake_mask=EE__"":1,""obs_mistake_mask=E___"":3,""obs_mistake_mask=_E__"":2}"
   1034240,         0,         0,   119.5,decoder_by_matrix,9c6baee88fc81e7d1aa345fcb3feec7ee81f21c5d49cb6ca037118097d89e180,"{""distance"":5,""physical_error_rate"":5e-05}","{""detection_events"":26440,""detectors_checked"":175820800}"
   1004544,         0,         0,   119.6,decoder_by_matrix,fa5edda0c1038186c8afbec49b0215a0b852396cdb50783a3f937fdf51d2afac,"{""distance"":5,""physical_error_rate"":1e-05}","{""detection_events"":5365,""detectors_checked"":170772480}"
    961536,         0,         0,   119.6,decoder_by_matrix,b84cf4b8ca220d31f17e1e2ea9ab927bbc4176b15682c650e7d1dd8f2758172b,"{""distance"":5,""physical_error_rate"":0.0005}","{""detection_events"":273640,""detectors_checked"":163461120}"
   1315840,         0,         0,   119.5,decoder_by_matrix,fa5edda0c1038186c8afbec49b0215a0b852396cdb50783a3f937fdf51d2afac,"{""distance"":5,""physical_error_rate"":1e-05}","{""detection_events"":8325,""detectors_checked"":223692800}"
   1253376,         0,         0,   119.6,decoder_by_matrix,9c6baee88fc81e7d1aa345fcb3feec7ee81f21c5d49cb6ca037118097d89e180,"{""distance"":5,""physical_error_rate"":5e-05}","{""detection_events"":37700,""detectors_checked"":213073920}"
   1162240,         0,         0,   119.6,decoder_by_matrix,e41ade2e4684e0396b9a3890c882b6453b515d69885aa1d89a26ce21ec554895,"{""distance"":5,""physical_error_rate"":1e-06}","{""detection_events"":615,""detectors_checked"":197580800}"
    956416,         0,         0,   119.7,decoder_by_matrix,3c866087b289edc25e9adea730044a15db18cabfd3ae2507fc844d5b4e03657a,"{""distance"":5,""physical_error_rate"":5e-06}","{""detection_events"":3145,""detectors_checked"":162590720}"
   1153024,         0,         0,   119.7,decoder_by_matrix,0421d486f8a041838688df650e87c0a19c3450ab7a7cc8b3dc589ebff86d1c74,"{""distance"":5,""physical_error_rate"":0.0001}","{""detection_events"":67005,""detectors_checked"":196014080}"
    975872,         0,         0,   119.6,decoder_by_matrix,b84cf4b8ca220d31f17e1e2ea9ab927bbc4176b15682c650e7d1dd8f2758172b,"{""distance"":5,""physical_error_rate"":0.0005}","{""detection_events"":277690,""detectors_checked"":165898240}"
   1193984,         0,         0,   119.5,decoder_by_matrix,0421d486f8a041838688df650e87c0a19c3450ab7a7cc8b3dc589ebff86d1c74,"{""distance"":5,""physical_error_rate"":0.0001}","{""detection_events"":68075,""detectors_checked"":202977280}"
   1264640,         0,         0,   119.5,decoder_by_matrix,fa5edda0c1038186c8afbec49b0215a0b852396cdb50783a3f937fdf51d2afac,"{""distance"":5,""physical_error_rate"":1e-05}","{""detection_events"":7260,""detectors_checked"":214988800}"
   1236992,         0,         0,   119.4,decoder_by_matrix,3c866087b289edc25e9adea730044a15db18cabfd3ae2507fc844d5b4e03657a,"{""distance"":5,""physical_error_rate"":5e-06}","{""detection_events"":3630,""detectors_checked"":210288640}"
   1067008,         4,         0,   119.6,decoder_by_matrix,066a5d8d46981b593c3dec855f441edbe9e755a8873183448f69d036a2ecc650,"{""distance"":5,""physical_error_rate"":0.001}","{""detection_events"":608465,""detectors_checked"":181391360,""obs_mistake_mask=E_E_"":1,""obs_mistake_mask=_E__"":1,""obs_mistake_mask=__E_"":1,""obs_mistake_mask=___E"":1}"
   1242112,         0,         0,   119.3,decoder_by_matrix,fa5edda0c1038186c8afbec49b0215a0b852396cdb50783a3f937fdf51d2afac,"{""distance"":5,""physical_error_rate"":1e-05}","{""detection_events"":7195,""detectors_checked"":211159040}"
   1106944,         0,         0,   119.6,decoder_by_matrix,9c6baee88fc81e7d1aa345fcb3feec7ee81f21c5d49cb6ca037118097d89e180,"{""distance"":5,""physical_error_rate"":5e-05}","{""detection_events"":31530,""detectors_checked"":188180480}"
   1255424,         0,         0,   119.5,decoder_by_matrix,fa5edda0c1038186c8afbec49b0215a0b852396cdb50783a3f937fdf51d2afac,"{""distance"":5,""physical_error_rate"":1e-05}","{""detection_events"":7100,""detectors_checked"":213422080}"
   1267712,         0,         0,   119.4,decoder_by_matrix,e41ade2e4684e0396b9a3890c882b6453b515d69885aa1d89a26ce21ec554895,"{""distance"":5,""physical_error_rate"":1e-06}","{""detection_events"":920,""detectors_checked"":215511040}"
   1180672,         1,         0,   119.7,decoder_by_matrix,066a5d8d46981b593c3dec855f441edbe9e755a8873183448f69d036a2ecc650,"{""distance"":5,""physical_error_rate"":0.001}","{""detection_events"":671980,""detectors_checked"":200714240,""obs_mistake_mask=_E_E"":1}"
   1172480,         0,         0,   119.5,decoder_by_matrix,9c6baee88fc81e7d1aa345fcb3feec7ee81f21c5d49cb6ca037118097d89e180,"{""distance"":5,""physical_error_rate"":5e-05}","{""detection_events"":33940,""detectors_checked"":199321600}"
   1233920,         0,         0,   119.6,decoder_by_matrix,9c6baee88fc81e7d1aa345fcb3feec7ee81f21c5d49cb6ca037118097d89e180,"{""distance"":5,""physical_error_rate"":5e-05}","{""detection_events"":34885,""detectors_checked"":209766400}"
   1202176,         1,         0,   119.5,decoder_by_matrix,b84cf4b8ca220d31f17e1e2ea9ab927bbc4176b15682c650e7d1dd8f2758172b,"{""distance"":5,""physical_error_rate"":0.0005}","{""detection_events"":340185,""detectors_checked"":204369920,""obs_mistake_mask=_E__"":1}"
   1186816,         0,         0,   119.5,decoder_by_matrix,0421d486f8a041838688df650e87c0a19c3450ab7a7cc8b3dc589ebff86d1c74,"{""distance"":5,""physical_error_rate"":0.0001}","{""detection_events"":67600,""detectors_checked"":201758720}"
   1025024,         0,         0,   119.6,decoder_by_matrix,e41ade2e4684e0396b9a3890c882b6453b515d69885aa1d89a26ce21ec554895,"{""distance"":5,""physical_error_rate"":1e-06}","{""detection_events"":465,""detectors_checked"":174254080}"
   1076224,         0,         0,   119.6,decoder_by_matrix,3c866087b289edc25e9adea730044a15db18cabfd3ae2507fc844d5b4e03657a,"{""distance"":5,""physical_error_rate"":5e-06}","{""detection_events"":3080,""detectors_checked"":182958080}"
    987136,         0,         0,   119.6,decoder_by_matrix,b84cf4b8ca220d31f17e1e2ea9ab927bbc4176b15682c650e7d1dd8f2758172b,"{""distance"":5,""physical_error_rate"":0.0005}","{""detection_events"":278220,""detectors_checked"":167813120}"
   1211392,         0,         0,   119.6,decoder_by_matrix,fa5edda0c1038186c8afbec49b0215a0b852396cdb50783a3f937fdf51d2afac,"{""distance"":5,""physical_error_rate"":1e-05}","{""detection_events"":6820,""detectors_checked"":205936640}"
    839680,         0,         0,   119.7,decoder_by_matrix,3c866087b289edc25e9adea730044a15db18cabfd3ae2507fc844d5b4e03657a,"{""distance"":5,""physical_error_rate"":5e-06}","{""detection_events"":2720,""detectors_checked"":142745600}"
   1195008,         0,         0,   119.5,decoder_by_matrix,0421d486f8a041838688df650e87c0a19c3450ab7a7cc8b3dc589ebff86d1c74,"{""distance"":5,""physical_error_rate"":0.0001}","{""detection_events"":68805,""detectors_checked"":203151360}"
   1039360,         0,         0,   119.6,decoder_by_matrix,3c866087b289edc25e9adea730044a15db18cabfd3ae2507fc844d5b4e03657a,"{""distance"":5,""physical_error_rate"":5e-06}","{""detection_events"":3395,""detectors_checked"":176691200}"
   1178624,         0,         0,   119.6,decoder_by_matrix,b84cf4b8ca220d31f17e1e2ea9ab927bbc4176b15682c650e7d1dd8f2758172b,"{""distance"":5,""physical_error_rate"":0.0005}","{""detection_events"":335525,""detectors_checked"":200366080}"
   1085440,         3,         0,   119.7,decoder_by_matrix,066a5d8d46981b593c3dec855f441edbe9e755a8873183448f69d036a2ecc650,"{""distance"":5,""physical_error_rate"":0.001}","{""detection_events"":608300,""detectors_checked"":184524800,""obs_mistake_mask=EE__"":1,""obs_mistake_mask=E__E"":1,""obs_mistake_mask=__E_"":1}"
   1152000,         0,         0,   119.5,decoder_by_matrix,3c866087b289edc25e9adea730044a15db18cabfd3ae2507fc844d5b4e03657a,"{""distance"":5,""physical_error_rate"":5e-06}","{""detection_events"":3255,""detectors_checked"":195840000}"
   1172480,         0,         0,   119.5,decoder_by_matrix,066a5d8d46981b593c3dec855f441edbe9e755a8873183448f69d036a2ecc650,"{""distance"":5,""physical_error_rate"":0.001}","{""detection_events"":666215,""detectors_checked"":199321600}"
   1081344,         0,         0,   119.6,decoder_by_matrix,e41ade2e4684e0396b9a3890c882b6453b515d69885aa1d89a26ce21ec554895,"{""distance"":5,""physical_error_rate"":1e-06}","{""detection_events"":455,""detectors_checked"":183828480}"
    907264,         1,         0,   119.5,decoder_by_matrix,066a5d8d46981b593c3dec855f441edbe9e755a8873183448f69d036a2ecc650,"{""distance"":5,""physical_error_rate"":0.001}","{""detection_events"":514195,""detectors_checked"":154234880,""obs_mistake_mask=E___"":1}"
   1092608,         0,         0,   119.3,decoder_by_matrix,fa5edda0c1038186c8afbec49b0215a0b852396cdb50783a3f937fdf51d2afac,"{""distance"":5,""physical_error_rate"":1e-05}","{""detection_events"":6805,""detectors_checked"":185743360}"
   1216512,         0,         0,   119.4,decoder_by_matrix,e41ade2e4684e0396b9a3890c882b6453b515d69885aa1d89a26ce21ec554895,"{""distance"":5,""physical_error_rate"":1e-06}","{""detection_events"":525,""detectors_checked"":206807040}"
   1142784,         0,         0,   119.7,decoder_by_matrix,b84cf4b8ca220d31f17e1e2ea9ab927bbc4176b15682c650e7d1dd8f2758172b,"{""distance"":5,""physical_error_rate"":0.0005}","{""detection_events"":327380,""detectors_checked"":194273280}"
   1038336,         0,         0,   119.7,decoder_by_matrix,0421d486f8a041838688df650e87c0a19c3450ab7a7cc8b3dc589ebff86d1c74,"{""distance"":5,""physical_error_rate"":0.0001}","{""detection_events"":59960,""detectors_checked"":176517120}"
   1186816,         0,         0,   119.5,decoder_by_matrix,0421d486f8a041838688df650e87c0a19c3450ab7a7cc8b3dc589ebff86d1c74,"{""distance"":5,""physical_error_rate"":0.0001}","{""detection_events"":66520,""detectors_checked"":201758720}"
   1254400,         1,         0,   119.6,decoder_by_matrix,b84cf4b8ca220d31f17e1e2ea9ab927bbc4176b15682c650e7d1dd8f2758172b,"{""distance"":5,""physical_error_rate"":0.0005}","{""detection_events"":356370,""detectors_checked"":213248000,""obs_mistake_mask=___E"":1}"
    998400,         0,         0,   119.6,decoder_by_matrix,9c6baee88fc81e7d1aa345fcb3feec7ee81f21c5d49cb6ca037118097d89e180,"{""distance"":5,""physical_error_rate"":5e-05}","{""detection_events"":29035,""detectors_checked"":169728000}"
   1087488,         0,         0,   119.5,decoder_by_matrix,e41ade2e4684e0396b9a3890c882b6453b515d69885aa1d89a26ce21ec554895,"{""distance"":5,""physical_error_rate"":1e-06}","{""detection_events"":780,""detectors_checked"":184872960}"
   1201152,         0,         0,   119.5,decoder_by_matrix,9c6baee88fc81e7d1aa345fcb3feec7ee81f21c5d49cb6ca037118097d89e180,"{""distance"":5,""physical_error_rate"":5e-05}","{""detection_events"":33060,""detectors_checked"":204195840}"
   1200128,         0,         0,   119.6,decoder_by_matrix,0421d486f8a041838688df650e87c0a19c3450ab7a7cc8b3dc589ebff86d1c74,"{""distance"":5,""physical_error_rate"":0.0001}","{""detection_events"":67990,""detectors_checked"":204021760}"
   1026048,         0,         0,   119.6,decoder_by_matrix,3c866087b289edc25e9adea730044a15db18cabfd3ae2507fc844d5b4e03657a,"{""distance"":5,""physical_error_rate"":5e-06}","{""detection_events"":2930,""detectors_checked"":174428160}"
   1119232,         0,         0,   119.6,decoder_by_matrix,e41ade2e4684e0396b9a3890c882b6453b515d69885aa1d89a26ce21ec554895,"{""distance"":5,""physical_error_rate"":1e-06}","{""detection_events"":375,""detectors_checked"":190269440}"
   1096704,         2,         0,   119.4,decoder_by_matrix,066a5d8d46981b593c3dec855f441edbe9e755a8873183448f69d036a2ecc650,"{""distance"":5,""physical_error_rate"":0.001}","{""detection_events"":621085,""detectors_checked"":186439680,""obs_mistake_mask=_E__"":1,""obs_mistake_mask=__E_"":1}"
    907264,         0,         0,   119.6,decoder_by_matrix,fa5edda0c1038186c8afbec49b0215a0b852396cdb50783a3f937fdf51d2afac,"{""distance"":5,""physical_error_rate"":1e-05}","{""detection_events"":5805,""detectors_checked"":154234880}"
   1050624,         0,         0,   119.5,decoder_by_matrix,9c6baee88fc81e7d1aa345fcb3feec7ee81f21c5d49cb6ca037118097d89e180,"{""distance"":5,""physical_error_rate"":5e-05}","{""detection_events"":28980,""detectors_checked"":178606080}"
   1131520,         0,         0,   119.5,decoder_by_matrix,b84cf4b8ca220d31f17e1e2ea9ab927bbc4176b15682c650e7d1dd8f2758172b,"{""distance"":5,""physical_error_rate"":0.0005}","{""detection_events"":320030,""detectors_checked"":192358400}"
   1293312,         0,         0,   119.6,decoder_by_matrix,fa5edda0c1038186c8afbec49b0215a0b852396cdb50783a3f937fdf51d2afac,"{""distance"":5,""physical_error_rate"":1e-05}","{""detection_events"":7055,""detectors_checked"":219863040}"
   1231872,         0,         0,   119.5,decoder_by_matrix,9c6baee88fc81e7d1aa345fcb3feec7ee81f21c5d49cb6ca037118097d89e180,"{""distance"":5,""physical_error_rate"":5e-05}","{""detection_events"":35270,""detectors_checked"":209418240}"
   1146880,         0,         0,   119.3,decoder_by_matrix,e41ade2e4684e0396b9a3890c882b6453b515d69885aa1d89a26ce21ec554895,"{""distance"":5,""physical_error_rate"":1e-06}","{""detection_events"":660,""detectors_checked"":194969600}"
    943104,         0,         0,   119.5,decoder_by_matrix,3c866087b289edc25e9adea730044a15db18cabfd3ae2507fc844d5b4e03657a,"{""distance"":5,""physical_error_rate"":5e-06}","{""detection_events"":2810,""detectors_checked"":160327680}"
   1133568,         0,         0,   119.4,decoder_by_matrix,0421d486f8a041838688df650e87c0a19c3450ab7a7cc8b3dc589ebff86d1c74,"{""distance"":5,""physical_error_rate"":0.0001}","{""detection_events"":63195,""detectors_checked"":192706560}"
   1112064,         1,         0,   119.4,decoder_by_matrix,b84cf4b8ca220d31f17e1e2ea9ab927bbc4176b15682c650e7d1dd8f2758172b,"{""distance"":5,""physical_error_rate"":0.0005}","{""detection_events"":318575,""detectors_checked"":189050880,""obs_mistake_mask=EE__"":1}"
   1192960,         0,         0,   119.5,decoder_by_matrix,0421d486f8a041838688df650e87c0a19c3450ab7a7cc8b3dc589ebff86d1c74,"{""distance"":5,""physical_error_rate"":0.0001}","{""detection_events"":69250,""detectors_checked"":202803200}"
   1249280,         0,         0,   119.5,decoder_by_matrix,fa5edda0c1038186c8afbec49b0215a0b852396cdb50783a3f937fdf51d2afac,"{""distance"":5,""physical_error_rate"":1e-05}","{""detection_events"":7525,""detectors_checked"":212377600}"
   1039360,         0,         0,   119.6,decoder_by_matrix,3c866087b289edc25e9adea730044a15db18cabfd3ae2507fc844d5b4e03657a,"{""distance"":5,""physical_error_rate"":5e-06}","{""detection_events"":3265,""detectors_checked"":176691200}"
   1272832,         0,         0,   119.5,decoder_by_matrix,fa5edda0c1038186c8afbec49b0215a0b852396cdb50783a3f937fdf51d2afac,"{""distance"":5,""physical_error_rate"":1e-05}","{""detection_events"":7315,""detectors_checked"":216381440}"
   1146880,         4,         0,   119.6,decoder_by_matrix,066a5d8d46981b593c3dec855f441edbe9e755a8873183448f69d036a2ecc650,"{""distance"":5,""physical_error_rate"":0.001}","{""detection_events"":650770,""detectors_checked"":194969600,""obs_mistake_mask=E_E_"":1,""obs_mistake_mask=E___"":2,""obs_mistake_mask=___E"":1}"
   1080320,         0,         0,   119.5,decoder_by_matrix,9c6baee88fc81e7d1aa345fcb3feec7ee81f21c5d49cb6ca037118097d89e180,"{""distance"":5,""physical_error_rate"":5e-05}","{""detection_events"":31105,""detectors_checked"":183654400}"
   1179648,         0,         0,   119.6,decoder_by_matrix,e41ade2e4684e0396b9a3890c882b6453b515d69885aa1d89a26ce21ec554895,"{""distance"":5,""physical_error_rate"":1e-06}","{""detection_events"":700,""detectors_checked"":200540160}"
   1203200,         2,         0,   119.5,decoder_by_matrix,066a5d8d46981b593c3dec855f441edbe9e755a8873183448f69d036a2ecc650,"{""distance"":5,""physical_error_rate"":0.001}","{""detection_events"":679315,""detectors_checked"":204544000,""obs_mistake_mask=_E_E"":2}"
    902144,         0,         0,   119.8,decoder_by_matrix,fa5edda0c1038186c8afbec49b0215a0b852396cdb50783a3f937fdf51d2afac,"{""distance"":5,""physical_error_rate"":1e-05}","{""detection_events"":5260,""detectors_checked"":153364480}"
   1200128,         0,         0,   119.5,decoder_by_matrix,9c6baee88fc81e7d1aa345fcb3feec7ee81f21c5d49cb6ca037118097d89e180,"{""distance"":5,""physical_error_rate"":5e-05}","{""detection_events"":33245,""detectors_checked"":204021760}"
   1232896,         1,         0,   119.6,decoder_by_matrix,b84cf4b8ca220d31f17e1e2ea9ab927bbc4176b15682c650e7d1dd8f2758172b,"{""distance"":5,""physical_error_rate"":0.0005}","{""detection_events"":351750,""detectors_checked"":209592320,""obs_mistake_mask=___E"":1}"
   1213440,         0,         0,   119.4,decoder_by_matrix,9c6baee88fc81e7d1aa345fcb3feec7ee81f21c5d49cb6ca037118097d89e180,"{""distance"":5,""physical_error_rate"":5e-05}","{""detection_events"":35105,""detectors_checked"":206284800}"
   1085440,         0,         0,   119.5,decoder_by_matrix,0421d486f8a041838688df650e87c0a19c3450ab7a7cc8b3dc589ebff86d1c74,"{""distance"":5,""physical_error_rate"":0.0001}","{""detection_events"":62505,""detectors_checked"":184524800}"
   1172480,         0,         0,   119.4,decoder_by_matrix,3c866087b289edc25e9adea730044a15db18cabfd3ae2507fc844d5b4e03657a,"{""distance"":5,""physical_error_rate"":5e-06}","{""detection_events"":3460,""detectors_checked"":199321600}"
   1233920,         0,         0,   119.4,decoder_by_matrix,e41ade2e4684e0396b9a3890c882b6453b515d69885aa1d89a26ce21ec554895,"{""distance"":5,""physical_error_rate"":1e-06}","{""detection_events"":670,""detectors_checked"":209766400}"
   1124352,         0,         0,   119.6,decoder_by_matrix,b84cf4b8ca220d31f17e1e2ea9ab927bbc4176b15682c650e7d1dd8f2758172b,"{""distance"":5,""physical_error_rate"":0.0005}","{""detection_events"":319360,""detectors_checked"":191139840}"
   1128448,         0,         0,   119.5,decoder_by_matrix,fa5edda0c1038186c8afbec49b0215a0b852396cdb50783a3f937fdf51d2afac,"{""distance"":5,""physical_error_rate"":1e-05}","{""detection_events"":6600,""detectors_checked"":191836160}"
   1215488,         0,         0,   119.4,decoder_by_matrix,3c866087b289edc25e9adea730044a15db18cabfd3ae2507fc844d5b4e03657a,"{""distance"":5,""physical_error_rate"":5e-06}","{""detection_events"":3515,""detectors_checked"":206632960}"
   1148928,         0,         0,   119.6,decoder_by_matrix,0421d486f8a041838688df650e87c0a19c3450ab7a7cc8b3dc589ebff86d1c74,"{""distance"":5,""physical_error_rate"":0.0001}","{""detection_events"":65015,""detectors_checked"":195317760}"
   1087488,         0,         0,   119.4,decoder_by_matrix,3c866087b289edc25e9adea730044a15db18cabfd3ae2507fc844d5b4e03657a,"{""distance"":5,""physical_error_rate"":5e-06}","{""detection_events"":4115,""detectors_checked"":184872960}"
   1149952,         0,         0,   119.7,decoder_by_matrix,b84cf4b8ca220d31f17e1e2ea9ab927bbc4176b15682c650e7d1dd8f2758172b,"{""distance"":5,""physical_error_rate"":0.0005}","{""detection_events"":324875,""detectors_checked"":195491840}"
   1146880,         3,         0,   119.6,decoder_by_matrix,066a5d8d46981b593c3dec855f441edbe9e755a8873183448f69d036a2ecc650,"{""distance"":5,""physical_error_rate"":0.001}","{""detection_events"":652300,""detectors_checked"":194969600,""obs_mistake_mask=E__E"":1,""obs_mistake_mask=E___"":1,""obs_mistake_mask=___E"":1}"
    961536,         0,         0,   119.5,decoder_by_matrix,3c866087b289edc25e9adea730044a15db18cabfd3ae2507fc844d5b4e03657a,"{""distance"":5,""physical_error_rate"":5e-06}","{""detection_events"":2845,""detectors_checked"":163461120}"
   1161216,         3,         0,   119.6,decoder_by_matrix,066a5d8d46981b593c3dec855f441edbe9e755a8873183448f69d036a2ecc650,"{""distance"":5,""physical_error_rate"":0.001}","{""detection_events"":658785,""detectors_checked"":197406720,""obs_mistake_mask=_EE_"":1,""obs_mistake_mask=_E__"":1,""obs_mistake_mask=__E_"":1}"
   1271808,         0,         0,   119.7,decoder_by_matrix,e41ade2e4684e0396b9a3890c882b6453b515d69885aa1d89a26ce21ec554895,"{""distance"":5,""physical_error_rate"":1e-06}","{""detection_events"":595,""detectors_checked"":216207360}"
   1209344,         0,         0,   119.4,decoder_by_matrix,e41ade2e4684e0396b9a3890c882b6453b515d69885aa1d89a26ce21ec554895,"{""distance"":5,""physical_error_rate"":1e-06}","{""detection_events"":550,""detectors_checked"":205588480}"
    971776,         0,         0,   119.5,decoder_by_matrix,fa5edda0c1038186c8afbec49b0215a0b852396cdb50783a3f937fdf51d2afac,"{""distance"":5,""physical_error_rate"":1e-05}","{""detection_events"":5500,""detectors_checked"":165201920}"
   1209344,         1,         0,   119.5,decoder_by_matrix,066a5d8d46981b593c3dec855f441edbe9e755a8873183448f69d036a2ecc650,"{""distance"":5,""physical_error_rate"":0.001}","{""detection_events"":680505,""detectors_checked"":205588480,""obs_mistake_mask=___E"":1}"
   1170432,         1,         0,   119.7,decoder_by_matrix,b84cf4b8ca220d31f17e1e2ea9ab927bbc4176b15682c650e7d1dd8f2758172b,"{""distance"":5,""physical_error_rate"":0.0005}","{""detection_events"":332420,""detectors_checked"":198973440,""obs_mistake_mask=_E__"":1}"
   1136640,         0,         0,   119.6,decoder_by_matrix,0421d486f8a041838688df650e87c0a19c3450ab7a7cc8b3dc589ebff86d1c74,"{""distance"":5,""physical_error_rate"":0.0001}","{""detection_events"":64170,""detectors_checked"":193228800}"
   1150976,         0,         0,   119.5,decoder_by_matrix,0421d486f8a041838688df650e87c0a19c3450ab7a7cc8b3dc589ebff86d1c74,"{""distance"":5,""physical_error_rate"":0.0001}","{""detection_events"":66690,""detectors_checked"":195665920}"
   1203200,         0,         0,   119.4,decoder_by_matrix,b84cf4b8ca220d31f17e1e2ea9ab927bbc4176b15682c650e7d1dd8f2758172b,"{""distance"":5,""physical_error_rate"":0.0005}","{""detection_events"":344040,""detectors_checked"":204544000}"
    833536,         0,         0,   119.6,decoder_by_matrix,e41ade2e4684e0396b9a3890c882b6453b515d69885aa1d89a26ce21ec554895,"{""distance"":5,""physical_error_rate"":1e-06}","{""detection_events"":370,""detectors_checked"":141701120}"
    929792,         0,         0,   119.6,decoder_by_matrix,9c6baee88fc81e7d1aa345fcb3feec7ee81f21c5d49cb6ca037118097d89e180,"{""distance"":5,""physical_error_rate"":5e-05}","{""detection_events"":28320,""detectors_checked"":158064640}"
   1229824,         0,         0,   119.5,decoder_by_matrix,9c6baee88fc81e7d1aa345fcb3feec7ee81f21c5d49cb6ca037118097d89e180,"{""distance"":5,""physical_error_rate"":5e-05}","{""detection_events"":34905,""detectors_checked"":209070080}"
   1189888,         0,         0,   119.5,decoder_by_matrix,0421d486f8a041838688df650e87c0a19c3450ab7a7cc8b3dc589ebff86d1c74,"{""distance"":5,""physical_error_rate"":0.0001}","{""detection_events"":68740,""detectors_checked"":202280960}"
    813056,         0,         0,   119.8,decoder_by_matrix,3c866087b289edc25e9adea730044a15db18cabfd3ae2507fc844d5b4e03657a,"{""distance"":5,""physical_error_rate"":5e-06}","{""detection_events"":2465,""detectors_checked"":138219520}"
    812032,         0,         0,   119.7,decoder_by_matrix,e41ade2e4684e0396b9a3890c882b6453b515d69885aa1d89a26ce21ec554895,"{""distance"":5,""physical_error_rate"":1e-06}","{""detection_events"":500,""detectors_checked"":138045440}"
   1202176,         2,         0,   119.6,decoder_by_matrix,066a5d8d46981b593c3dec855f441edbe9e755a8873183448f69d036a2ecc650,"{""distance"":5,""physical_error_rate"":0.001}","{""detection_events"":683005,""detectors_checked"":204369920,""obs_mistake_mask=EE__"":1,""obs_mistake_mask=__E_"":1}"
   1277952,         0,         0,   119.5,decoder_by_matrix,fa5edda0c1038186c8afbec49b0215a0b852396cdb50783a3f937fdf51d2afac,"{""distance"":5,""physical_error_rate"":1e-05}","{""detection_events"":7350,""detectors_checked"":217251840}"
   1171456,         0,         0,   119.4,decoder_by_matrix,9c6baee88fc81e7d1aa345fcb3feec7ee81f21c5d49cb6ca037118097d89e180,"{""distance"":5,""physical_error_rate"":5e-05}","{""detection_events"":34370,""detectors_checked"":199147520}"
   1040384,         0,         0,   119.6,decoder_by_matrix,b84cf4b8ca220d31f17e1e2ea9ab927bbc4176b15682c650e7d1dd8f2758172b,"{""distance"":5,""physical_error_rate"":0.0005}","{""detection_events"":297585,""detectors_checked"":176865280}"
   1327104,         0,         0,   119.5,decoder_by_matrix,fa5edda0c1038186c8afbec49b0215a0b852396cdb50783a3f937fdf51d2afac,"{""distance"":5,""physical_error_rate"":1e-05}","{""detection_events"":7960,""detectors_checked"":225607680}"
   1252352,         0,         0,   119.5,decoder_by_matrix,9c6baee88fc81e7d1aa345fcb3feec7ee81f21c5d49cb6ca037118097d89e180,"{""distance"":5,""physical_error_rate"":5e-05}","{""detection_events"":35305,""detectors_checked"":212899840}"
    971776,         0,         0,   119.4,decoder_by_matrix,e41ade2e4684e0396b9a3890c882b6453b515d69885aa1d89a26ce21ec554895,"{""distance"":5,""physical_error_rate"":1e-06}","{""detection_events"":455,""detectors_checked"":165201920}"
    887808,         0,         0,   119.4,decoder_by_matrix,3c866087b289edc25e9adea730044a15db18cabfd3ae2507fc844d5b4e03657a,"{""distance"":5,""physical_error_rate"":5e-06}","{""detection_events"":2320,""detectors_checked"":150927360}"
   1018880,         0,         0,   119.5,decoder_by_matrix,0421d486f8a041838688df650e87c0a19c3450ab7a7cc8b3dc589ebff86d1c74,"{""distance"":5,""physical_error_rate"":0.0001}","{""detection_events"":60035,""detectors_checked"":173209600}"
   1164288,         1,         0,   119.5,decoder_by_matrix,b84cf4b8ca220d31f17e1e2ea9ab927bbc4176b15682c650e7d1dd8f2758172b,"{""distance"":5,""physical_error_rate"":0.0005}","{""detection_events"":331735,""detectors_checked"":197928960,""obs_mistake_mask=__E_"":1}"
   1198080,         0,         0,   119.5,decoder_by_matrix,0421d486f8a041838688df650e87c0a19c3450ab7a7cc8b3dc589ebff86d1c74,"{""distance"":5,""physical_error_rate"":0.0001}","{""detection_events"":68800,""detectors_checked"":203673600}"
   1173504,         0,         0,   119.5,decoder_by_matrix,fa5edda0c1038186c8afbec49b0215a0b852396cdb50783a3f937fdf51d2afac,"{""distance"":5,""physical_error_rate"":1e-05}","{""detection_events"":7050,""detectors_checked"":199495680}"
   1102848,         0,         0,   119.5,decoder_by_matrix,3c866087b289edc25e9adea730044a15db18cabfd3ae2507fc844d5b4e03657a,"{""distance"":5,""physical_error_rate"":5e-06}","{""detection_events"":3245,""detectors_checked"":187484160}"
   1213440,         0,         0,   119.6,decoder_by_matrix,fa5edda0c1038186c8afbec49b0215a0b852396cdb50783a3f937fdf51d2afac,"{""distance"":5,""physical_error_rate"":1e-05}","{""detection_events"":6830,""detectors_checked"":206284800}"
   1124352,         4,         0,   119.4,decoder_by_matrix,066a5d8d46981b593c3dec855f441edbe9e755a8873183448f69d036a2ecc650,"{""distance"":5,""physical_error_rate"":0.001}","{""detection_events"":642710,""detectors_checked"":191139840,""obs_mistake_mask=E_E_"":1,""obs_mistake_mask=E___"":1,""obs_mistake_mask=_EEE"":1,""obs_mistake_mask=_E_E"":1}"
   1063936,         0,         0,   119.6,decoder_by_matrix,9c6baee88fc81e7d1aa345fcb3feec7ee81f21c5d49cb6ca037118097d89e180,"{""distance"":5,""physical_error_rate"":5e-05}","{""detection_events"":30460,""detectors_checked"":180869120}"
   1054720,         0,         0,   119.5,decoder_by_matrix,fa5edda0c1038186c8afbec49b0215a0b852396cdb50783a3f937fdf51d2afac,"{""distance"":5,""physical_error_rate"":1e-05}","{""detection_events"":5740,""detectors_checked"":179302400}"
   1274880,         0,         0,   119.6,decoder_by_matrix,e41ade2e4684e0396b9a3890c882b6453b515d69885aa1d89a26ce21ec554895,"{""distance"":5,""physical_error_rate"":1e-06}","{""detection_events"":545,""detectors_checked"":216729600}"
   1215488,         1,         0,   119.7,decoder_by_matrix,066a5d8d46981b593c3dec855f441edbe9e755a8873183448f69d036a2ecc650,"{""distance"":5,""physical_error_rate"":0.001}","{""detection_events"":686090,""detectors_checked"":206632960,""obs_mistake_mask=E_EE"":1}"
   1236992,         0,         0,   119.5,decoder_by_matrix,9c6baee88fc81e7d1aa345fcb3feec7ee81f21c5d49cb6ca037118097d89e180,"{""distance"":5,""physical_error_rate"":5e-05}","{""detection_events"":36645,""detectors_checked"":210288640}"
    906240,         0,         0,   119.5,decoder_by_matrix,b84cf4b8ca220d31f17e1e2ea9ab927bbc4176b15682c650e7d1dd8f2758172b,"{""distance"":5,""physical_error_rate"":0.0005}","{""detection_events"":257660,""detectors_checked"":154060800}"
   1195008,         0,         0,   119.5,decoder_by_matrix,9c6baee88fc81e7d1aa345fcb3feec7ee81f21c5d49cb6ca037118097d89e180,"{""distance"":5,""physical_error_rate"":5e-05}","{""detection_events"":33445,""detectors_checked"":203151360}"
   1158144,         0,         0,   119.5,decoder_by_matrix,0421d486f8a041838688df650e87c0a19c3450ab7a7cc8b3dc589ebff86d1c74,"{""distance"":5,""physical_error_rate"":0.0001}","{""detection_events"":67585,""detectors_checked"":196884480}"
   1131520,         0,         0,   119.5,decoder_by_matrix,3c866087b289edc25e9adea730044a15db18cabfd3ae2507fc844d5b4e03657a,"{""distance"":5,""physical_error_rate"":5e-06}","{""detection_events"":2660,""detectors_checked"":192358400}"
   1058816,         0,         0,   119.7,decoder_by_matrix,e41ade2e4684e0396b9a3890c882b6453b515d69885aa1d89a26ce21ec554895,"{""distance"":5,""physical_error_rate"":1e-06}","{""detection_events"":460,""detectors_checked"":179998720}"
   1197056,         0,         0,   119.6,decoder_by_matrix,b84cf4b8ca220d31f17e1e2ea9ab927bbc4176b15682c650e7d1dd8f2758172b,"{""distance"":5,""physical_error_rate"":0.0005}","{""detection_events"":340420,""detectors_checked"":203499520}"
   1175552,         0,         0,   119.4,decoder_by_matrix,fa5edda0c1038186c8afbec49b0215a0b852396cdb50783a3f937fdf51d2afac,"{""distance"":5,""physical_error_rate"":1e-05}","{""detection_events"":7055,""detectors_checked"":199843840}"
   1050624,         0,         0,   119.4,decoder_by_matrix,3c866087b289edc25e9adea730044a15db18cabfd3ae2507fc844d5b4e03657a,"{""distance"":5,""physical_error_rate"":5e-06}","{""detection_events"":3270,""detectors_checked"":178606080}"
   1178624,         0,         0,   119.6,decoder_by_matrix,0421d486f8a041838688df650e87c0a19c3450ab7a7cc8b3dc589ebff86d1c74,"{""distance"":5,""physical_error_rate"":0.0001}","{""detection_events"":67280,""detectors_checked"":200366080}"
   1255424,         0,         0,   119.6,decoder_by_matrix,3c866087b289edc25e9adea730044a15db18cabfd3ae2507fc844d5b4e03657a,"{""distance"":5,""physical_error_rate"":5e-06}","{""detection_events"":4110,""detectors_checked"":213422080}"
   1147904,         0,         0,   119.5,decoder_by_matrix,b84cf4b8ca220d31f17e1e2ea9ab927bbc4176b15682c650e7d1dd8f2758172b,"{""distance"":5,""physical_error_rate"":0.0005}","{""detection_events"":325655,""detectors_checked"":195143680}"
   1113088,         4,         0,   119.4,decoder_by_matrix,066a5d8d46981b593c3dec855f441edbe9e755a8873183448f69d036a2ecc650,"{""distance"":5,""physical_error_rate"":0.001}","{""detection_events"":636335,""detectors_checked"":189224960,""obs_mistake_mask=_EEE"":1,""obs_mistake_mask=_E__"":1,""obs_mistake_mask=___E"":2}"
    949248,         0,         0,   119.5,decoder_by_matrix,3c866087b289edc25e9adea730044a15db18cabfd3ae2507fc844d5b4e03657a,"{""distance"":5,""physical_error_rate"":5e-06}","{""detection_events"":2350,""detectors_checked"":161372160}"
   1149952,         2,         0,   119.6,decoder_by_matrix,066a5d8d46981b593c3dec855f441edbe9e755a8873183448f69d036a2ecc650,"{""distance"":5,""physical_error_rate"":0.001}","{""detection_events"":648630,""detectors_checked"":195491840,""obs_mistake_mask=E__E"":1,""obs_mistake_mask=_E_E"":1}"
   1105920,         0,         0,   119.7,decoder_by_matrix,e41ade2e4684e0396b9a3890c882b6453b515d69885aa1d89a26ce21ec554895,"{""distance"":5,""physical_error_rate"":1e-06}","{""detection_events"":480,""detectors_checked"":188006400}"
   1132544,         0,         0,   119.5,decoder_by_matrix,e41ade2e4684e0396b9a3890c882b6453b515d69885aa1d89a26ce21ec554895,"{""distance"":5,""physical_error_rate"":1e-06}","{""detection_events"":910,""detectors_checked"":192532480}"
   1155072,         0,         0,   119.4,decoder_by_matrix,fa5edda0c1038186c8afbec49b0215a0b852396cdb50783a3f937fdf51d2afac,"{""distance"":5,""physical_error_rate"":1e-05}","{""detection_events"":6230,""detectors_checked"":196362240}"
   1146880,         2,         0,   119.5,decoder_by_matrix,066a5d8d46981b593c3dec855f441edbe9e755a8873183448f69d036a2ecc650,"{""distance"":5,""physical_error_rate"":0.001}","{""detection_events"":656355,""detectors_checked"":194969600,""obs_mistake_mask=_E__"":1,""obs_mistake_mask=__EE"":1}"
    994304,         0,         0,   119.5,decoder_by_matrix,b84cf4b8ca220d31f17e1e2ea9ab927bbc4176b15682c650e7d1dd8f2758172b,"{""distance"":5,""physical_error_rate"":0.0005}","{""detection_events"":279610,""detectors_checked"":169031680}"
   1170432,         0,         0,   119.6,decoder_by_matrix,0421d486f8a041838688df650e87c0a19c3450ab7a7cc8b3dc589ebff86d1c74,"{""distance"":5,""physical_error_rate"":0.0001}","{""detection_events"":64855,""detectors_checked"":198973440}"
    870400,         0,         0,   119.6,decoder_by_matrix,0421d486f8a041838688df650e87c0a19c3450ab7a7cc8b3dc589ebff86d1c74,"{""distance"":5,""physical_error_rate"":0.0001}","{""detection_events"":50510,""detectors_checked"":147968000}"
   1136640,         2,         0,   119.4,decoder_by_matrix,b84cf4b8ca220d31f17e1e2ea9ab927bbc4176b15682c650e7d1dd8f2758172b,"{""distance"":5,""physical_error_rate"":0.0005}","{""detection_events"":324620,""detectors_checked"":193228800,""obs_mistake_mask=EEE_"":1,""obs_mistake_mask=___E"":1}"
   1125376,         0,         0,   119.4,decoder_by_matrix,e41ade2e4684e0396b9a3890c882b6453b515d69885aa1d89a26ce21ec554895,"{""distance"":5,""physical_error_rate"":1e-06}","{""detection_events"":550,""detectors_checked"":191313920}"
   1057792,         0,         0,   119.5,decoder_by_matrix,9c6baee88fc81e7d1aa345fcb3feec7ee81f21c5d49cb6ca037118097d89e180,"{""distance"":5,""physical_error_rate"":5e-05}","{""detection_events"":29605,""detectors_checked"":179824640}"
   1111040,         0,         0,   119.6,decoder_by_matrix,9c6baee88fc81e7d1aa345fcb3feec7ee81f21c5d49cb6ca037118097d89e180,"{""distance"":5,""physical_error_rate"":5e-05}","{""detection_events"":31275,""detectors_checked"":188876800}"
   1112064,         0,         0,   119.6,decoder_by_matrix,0421d486f8a041838688df650e87c0a19c3450ab7a7cc8b3dc589ebff86d1c74,"{""distance"":5,""physical_error_rate"":0.0001}","{""detection_events"":64200,""detectors_checked"":189050880}"
   1087488,         0,         0,   119.5,decoder_by_matrix,3c866087b289edc25e9adea730044a15db18cabfd3ae2507fc844d5b4e03657a,"{""distance"":5,""physical_error_rate"":5e-06}","{""detection_events"":3235,""detectors_checked"":184872960}"
   1099776,         0,         0,   119.3,decoder_by_matrix,e41ade2e4684e0396b9a3890c882b6453b515d69885aa1d89a26ce21ec554895,"{""distance"":5,""physical_error_rate"":1e-06}","{""detection_events"":580,""detectors_checked"":186961920}"
   1124352,         1,         0,   119.5,decoder_by_matrix,066a5d8d46981b593c3dec855f441edbe9e755a8873183448f69d036a2ecc650,"{""distance"":5,""physical_error_rate"":0.001}","{""detection_events"":634690,""detectors_checked"":191139840,""obs_mistake_mask=_E__"":1}"
   1185792,         0,         0,   119.6,decoder_by_matrix,9c6baee88fc81e7d1aa345fcb3feec7ee81f21c5d49cb6ca037118097d89e180,"{""distance"":5,""physical_error_rate"":5e-05}","{""detection_events"":32455,""detectors_checked"":201584640}"
   1217536,         0,         0,   119.4,decoder_by_matrix,fa5edda0c1038186c8afbec49b0215a0b852396cdb50783a3f937fdf51d2afac,"{""distance"":5,""physical_error_rate"":1e-05}","{""detection_events"":7020,""detectors_checked"":206981120}"
   1308672,         0,         0,   119.4,decoder_by_matrix,b84cf4b8ca220d31f17e1e2ea9ab927bbc4176b15682c650e7d1dd8f2758172b,"{""distance"":5,""physical_error_rate"":0.0005}","{""detection_events"":371090,""detectors_checked"":222474240}"
   1144832,         0,         0,   119.5,decoder_by_matrix,fa5edda0c1038186c8afbec49b0215a0b852396cdb50783a3f937fdf51d2afac,"{""distance"":5,""physical_error_rate"":1e-05}","{""detection_events"":6485,""detectors_checked"":194621440}"
   1121280,         0,         0,   119.6,decoder_by_matrix,9c6baee88fc81e7d1aa345fcb3feec7ee81f21c5d49cb6ca037118097d89e180,"{""distance"":5,""physical_error_rate"":5e-05}","{""detection_events"":31790,""detectors_checked"":190617600}"
   1049600,         0,         0,   119.5,decoder_by_matrix,e41ade2e4684e0396b9a3890c882b6453b515d69885aa1d89a26ce21ec554895,"{""distance"":5,""physical_error_rate"":1e-06}","{""detection_events"":505,""detectors_checked"":178432000}"
   1036288,         0,         0,   119.6,decoder_by_matrix,3c866087b289edc25e9adea730044a15db18cabfd3ae2507fc844d5b4e03657a,"{""distance"":5,""physical_error_rate"":5e-06}","{""detection_events"":2480,""detectors_checked"":176168960}"
   1236992,         0,         0,   119.5,decoder_by_matrix,0421d486f8a041838688df650e87c0a19c3450ab7a7cc8b3dc589ebff86d1c74,"{""distance"":5,""physical_error_rate"":0.0001}","{""detection_events"":72220,""detectors_checked"":210288640}"
   1007616,         0,         0,   119.5,decoder_by_matrix,b84cf4b8ca220d31f17e1e2ea9ab927bbc4176b15682c650e7d1dd8f2758172b,"{""distance"":5,""physical_error_rate"":0.0005}","{""detection_events"":284065,""detectors_checked"":171294720}"
   1278976,         0,         0,   119.5,decoder_by_matrix,0421d486f8a041838688df650e87c0a19c3450ab7a7cc8b3dc589ebff86d1c74,"{""distance"":5,""physical_error_rate"":0.0001}","{""detection_events"":70840,""detectors_checked"":217425920}"
   1331200,         0,         0,   119.5,decoder_by_matrix,fa5edda0c1038186c8afbec49b0215a0b852396cdb50783a3f937fdf51d2afac,"{""distance"":5,""physical_error_rate"":1e-05}","{""detection_events"":7835,""detectors_checked"":226304000}"
   1345536,         0,         0,   119.5,decoder_by_matrix,3c866087b289edc25e9adea730044a15db18cabfd3ae2507fc844d5b4e03657a,"{""distance"":5,""physical_error_rate"":5e-06}","{""detection_events"":3930,""detectors_checked"":228741120}"
   1055744,         0,         0,   119.5,decoder_by_matrix,fa5edda0c1038186c8afbec49b0215a0b852396cdb50783a3f937fdf51d2afac,"{""distance"":5,""physical_error_rate"":1e-05}","{""detection_events"":6325,""detectors_checked"":179476480}"
   1172480,         7,         0,   119.6,decoder_by_matrix,066a5d8d46981b593c3dec855f441edbe9e755a8873183448f69d036a2ecc650,"{""distance"":5,""physical_error_rate"":0.001}","{""detection_events"":665555,""detectors_checked"":199321600,""obs_mistake_mask=EEE_"":1,""obs_mistake_mask=E_E_"":1,""obs_mistake_mask=E___"":1,""obs_mistake_mask=_EE_"":1,""obs_mistake_mask=_E_E"":1,""obs_mistake_mask=_E__"":1,""obs_mistake_mask=__EE"":1}"
   1039360,         0,         0,   119.5,decoder_by_matrix,9c6baee88fc81e7d1aa345fcb3feec7ee81f21c5d49cb6ca037118097d89e180,"{""distance"":5,""physical_error_rate"":5e-05}","{""detection_events"":30190,""detectors_checked"":176691200}"
   1019904,         0,         0,   119.5,decoder_by_matrix,e41ade2e4684e0396b9a3890c882b6453b515d69885aa1d89a26ce21ec554895,"{""distance"":5,""physical_error_rate"":1e-06}","{""detection_events"":490,""detectors_checked"":173383680}"
   1162240,         0,         0,   119.5,decoder_by_matrix,fa5edda0c1038186c8afbec49b0215a0b852396cdb50783a3f937fdf51d2afac,"{""distance"":5,""physical_error_rate"":1e-05}","{""detection_events"":6530,""detectors_checked"":197580800}"
   1016832,         3,         0,   119.4,decoder_by_matrix,066a5d8d46981b593c3dec855f441edbe9e755a8873183448f69d036a2ecc650,"{""distance"":5,""physical_error_rate"":0.001}","{""detection_events"":576925,""detectors_checked"":172861440,""obs_mistake_mask=E_E_"":1,""obs_mistake_mask=E___"":1,""obs_mistake_mask=__EE"":1}"
   1071104,         0,         0,   119.5,decoder_by_matrix,9c6baee88fc81e7d1aa345fcb3feec7ee81f21c5d49cb6ca037118097d89e180,"{""distance"":5,""physical_error_rate"":5e-05}","{""detection_events"":29415,""detectors_checked"":182087680}"
   1302528,         0,         0,   119.4,decoder_by_matrix,9c6baee88fc81e7d1aa345fcb3feec7ee81f21c5d49cb6ca037118097d89e180,"{""distance"":5,""physical_error_rate"":5e-05}","{""detection_events"":36770,""detectors_checked"":221429760}"
   1122304,         0,         0,   119.6,decoder_by_matrix,b84cf4b8ca220d31f17e1e2ea9ab927bbc4176b15682c650e7d1dd8f2758172b,"{""distance"":5,""physical_error_rate"":0.0005}","{""detection_events"":316580,""detectors_checked"":190791680}"
    860160,         0,         0,   119.5,decoder_by_matrix,0421d486f8a041838688df650e87c0a19c3450ab7a7cc8b3dc589ebff86d1c74,"{""distance"":5,""physical_error_rate"":0.0001}","{""detection_events"":46705,""detectors_checked"":146227200}"
   1329152,         0,         0,   119.5,decoder_by_matrix,3c866087b289edc25e9adea730044a15db18cabfd3ae2507fc844d5b4e03657a,"{""distance"":5,""physical_error_rate"":5e-06}","{""detection_events"":3290,""detectors_checked"":225955840}"
   1241088,         0,         0,   119.5,decoder_by_matrix,e41ade2e4684e0396b9a3890c882b6453b515d69885aa1d89a26ce21ec554895,"{""distance"":5,""physical_error_rate"":1e-06}","{""detection_events"":675,""detectors_checked"":210984960}"
   1013760,         0,         0,   119.6,decoder_by_matrix,b84cf4b8ca220d31f17e1e2ea9ab927bbc4176b15682c650e7d1dd8f2758172b,"{""distance"":5,""physical_error_rate"":0.0005}","{""detection_events"":289240,""detectors_checked"":172339200}"
   1152000,         0,         0,   119.5,decoder_by_matrix,fa5edda0c1038186c8afbec49b0215a0b852396cdb50783a3f937fdf51d2afac,"{""distance"":5,""physical_error_rate"":1e-05}","{""detection_events"":6920,""detectors_checked"":195840000}"
   1181696,         0,         0,   119.6,decoder_by_matrix,3c866087b289edc25e9adea730044a15db18cabfd3ae2507fc844d5b4e03657a,"{""distance"":5,""physical_error_rate"":5e-06}","{""detection_events"":3245,""detectors_checked"":200888320}"
   1261568,         0,         0,   119.4,decoder_by_matrix,0421d486f8a041838688df650e87c0a19c3450ab7a7cc8b3dc589ebff86d1c74,"{""distance"":5,""physical_error_rate"":0.0001}","{""detection_events"":69485,""detectors_checked"":214466560}"
   1000448,         0,         0,   119.7,decoder_by_matrix,3c866087b289edc25e9adea730044a15db18cabfd3ae2507fc844d5b4e03657a,"{""distance"":5,""physical_error_rate"":5e-06}","{""detection_events"":2645,""detectors_checked"":170076160}"
    948224,         0,         0,   119.6,decoder_by_matrix,b84cf4b8ca220d31f17e1e2ea9ab927bbc4176b15682c650e7d1dd8f2758172b,"{""distance"":5,""physical_error_rate"":0.0005}","{""detection_events"":270025,""detectors_checked"":161198080}"
   1065984,         4,         0,   119.4,decoder_by_matrix,066a5d8d46981b593c3dec855f441edbe9e755a8873183448f69d036a2ecc650,"{""distance"":5,""physical_error_rate"":0.001}","{""detection_events"":604540,""detectors_checked"":181217280,""obs_mistake_mask=E__E"":1,""obs_mistake_mask=__E_"":1,""obs_mistake_mask=___E"":2}"
   1118208,         0,         0,   119.6,decoder_by_matrix,3c866087b289edc25e9adea730044a15db18cabfd3ae2507fc844d5b4e03657a,"{""distance"":5,""physical_error_rate"":5e-06}","{""detection_events"":3135,""detectors_checked"":190095360}"
   1043456,         0,         0,   119.6,decoder_by_matrix,066a5d8d46981b593c3dec855f441edbe9e755a8873183448f69d036a2ecc650,"{""distance"":5,""physical_error_rate"":0.001}","{""detection_events"":591615,""detectors_checked"":177387520}"
    949248,         0,         0,   119.8,decoder_by_matrix,e41ade2e4684e0396b9a3890c882b6453b515d69885aa1d89a26ce21ec554895,"{""distance"":5,""physical_error_rate"":1e-06}","{""detection_events"":510,""detectors_checked"":161372160}"
   1195008,         0,         0,   119.5,decoder_by_matrix,e41ade2e4684e0396b9a3890c882b6453b515d69885aa1d89a26ce21ec554895,"{""distance"":5,""physical_error_rate"":1e-06}","{""detection_events"":530,""detectors_checked"":203151360}"
   1321984,         0,         0,   119.5,decoder_by_matrix,fa5edda0c1038186c8afbec49b0215a0b852396cdb50783a3f937fdf51d2afac,"{""distance"":5,""physical_error_rate"":1e-05}","{""detection_events"":7255,""detectors_checked"":224737280}"
   1202176,         5,         0,   119.5,decoder_by_matrix,066a5d8d46981b593c3dec855f441edbe9e755a8873183448f69d036a2ecc650,"{""distance"":5,""physical_error_rate"":0.001}","{""detection_events"":674585,""detectors_checked"":204369920,""obs_mistake_mask=E___"":1,""obs_mistake_mask=_E__"":2,""obs_mistake_mask=__EE"":1,""obs_mistake_mask=___E"":1}"
    996352,         0,         0,   119.6,decoder_by_matrix,b84cf4b8ca220d31f17e1e2ea9ab927bbc4176b15682c650e7d1dd8f2758172b,"{""distance"":5,""physical_error_rate"":0.0005}","{""detection_events"":282810,""detectors_checked"":169379840}"
   1057792,         0,         0,   119.3,decoder_by_matrix,0421d486f8a041838688df650e87c0a19c3450ab7a7cc8b3dc589ebff86d1c74,"{""distance"":5,""physical_error_rate"":0.0001}","{""detection_events"":60655,""detectors_checked"":179824640}"
   1052672,         0,         0,   119.6,decoder_by_matrix,0421d486f8a041838688df650e87c0a19c3450ab7a7cc8b3dc589ebff86d1c74,"{""distance"":5,""physical_error_rate"":0.0001}","{""detection_events"":60745,""detectors_checked"":178954240}"
   1177600,         0,         0,   119.3,decoder_by_matrix,b84cf4b8ca220d31f17e1e2ea9ab927bbc4176b15682c650e7d1dd8f2758172b,"{""distance"":5,""physical_error_rate"":0.0005}","{""detection_events"":336470,""detectors_checked"":200192000}"
   1344512,         0,         0,   119.5,decoder_by_matrix,e41ade2e4684e0396b9a3890c882b6453b515d69885aa1d89a26ce21ec554895,"{""distance"":5,""physical_error_rate"":1e-06}","{""detection_events"":715,""detectors_checked"":228567040}"
   1251328,         0,         0,   119.7,decoder_by_matrix,9c6baee88fc81e7d1aa345fcb3feec7ee81f21c5d49cb6ca037118097d89e180,"{""distance"":5,""physical_error_rate"":5e-05}","{""detection_events"":34575,""detectors_checked"":212725760}"
   1190912,         0,         0,   119.5,decoder_by_matrix,9c6baee88fc81e7d1aa345fcb3feec7ee81f21c5d49cb6ca037118097d89e180,"{""distance"":5,""physical_error_rate"":5e-05}","{""detection_events"":33685,""detectors_checked"":202455040}"
   1050624,         0,         0,   119.6,decoder_by_matrix,0421d486f8a041838688df650e87c0a19c3450ab7a7cc8b3dc589ebff86d1c74,"{""distance"":5,""physical_error_rate"":0.0001}","{""detection_events"":58800,""detectors_checked"":178606080}"
   1187840,         0,         0,   119.5,decoder_by_matrix,3c866087b289edc25e9adea730044a15db18cabfd3ae2507fc844d5b4e03657a,"{""distance"":5,""physical_error_rate"":5e-06}","{""detection_events"":3905,""detectors_checked"":201932800}"
   1030144,         0,         0,   119.7,decoder_by_matrix,e41ade2e4684e0396b9a3890c882b6453b515d69885aa1d89a26ce21ec554895,"{""distance"":5,""physical_error_rate"":1e-06}","{""detection_events"":560,""detectors_checked"":175124480}"
   1060864,         2,         0,   119.5,decoder_by_matrix,066a5d8d46981b593c3dec855f441edbe9e755a8873183448f69d036a2ecc650,"{""distance"":5,""physical_error_rate"":0.001}","{""detection_events"":610335,""detectors_checked"":180346880,""obs_mistake_mask=E___"":2}"
   1065984,         0,         0,   119.6,decoder_by_matrix,9c6baee88fc81e7d1aa345fcb3feec7ee81f21c5d49cb6ca037118097d89e180,"{""distance"":5,""physical_error_rate"":5e-05}","{""detection_events"":29740,""detectors_checked"":181217280}"
   1134592,         0,         0,   119.7,decoder_by_matrix,fa5edda0c1038186c8afbec49b0215a0b852396cdb50783a3f937fdf51d2afac,"{""distance"":5,""physical_error_rate"":1e-05}","{""detection_events"":6740,""detectors_checked"":192880640}"
    915456,         1,         0,   119.7,decoder_by_matrix,b84cf4b8ca220d31f17e1e2ea9ab927bbc4176b15682c650e7d1dd8f2758172b,"{""distance"":5,""physical_error_rate"":0.0005}","{""detection_events"":264205,""detectors_checked"":155627520,""obs_mistake_mask=E___"":1}"
   1217536,         0,         0,   119.8,decoder_by_matrix,fa5edda0c1038186c8afbec49b0215a0b852396cdb50783a3f937fdf51d2afac,"{""distance"":5,""physical_error_rate"":1e-05}","{""detection_events"":6995,""detectors_checked"":206981120}"
   1128448,         0,         0,   119.5,decoder_by_matrix,9c6baee88fc81e7d1aa345fcb3feec7ee81f21c5d49cb6ca037118097d89e180,"{""distance"":5,""physical_error_rate"":5e-05}","{""detection_events"":31320,""detectors_checked"":191836160}"
   1052672,         0,         0,   119.4,decoder_by_matrix,e41ade2e4684e0396b9a3890c882b6453b515d69885aa1d89a26ce21ec554895,"{""distance"":5,""physical_error_rate"":1e-06}","{""detection_events"":440,""detectors_checked"":178954240}"
   1284096,         0,         0,   119.5,decoder_by_matrix,3c866087b289edc25e9adea730044a15db18cabfd3ae2507fc844d5b4e03657a,"{""distance"":5,""physical_error_rate"":5e-06}","{""detection_events"":3790,""detectors_checked"":218296320}"
   1022976,         0,         0,   119.7,decoder_by_matrix,0421d486f8a041838688df650e87c0a19c3450ab7a7cc8b3dc589ebff86d1c74,"{""distance"":5,""physical_error_rate"":0.0001}","{""detection_events"":59685,""detectors_checked"":173905920}"
   1043456,         1,         0,   119.5,decoder_by_matrix,b84cf4b8ca220d31f17e1e2ea9ab927bbc4176b15682c650e7d1dd8f2758172b,"{""distance"":5,""physical_error_rate"":0.0005}","{""detection_events"":299790,""detectors_checked"":177387520,""obs_mistake_mask=E__E"":1}"
   1330176,         0,         0,   119.6,decoder_by_matrix,0421d486f8a041838688df650e87c0a19c3450ab7a7cc8b3dc589ebff86d1c74,"{""distance"":5,""physical_error_rate"":0.0001}","{""detection_events"":73770,""detectors_checked"":226129920}"
   1355776,         0,         0,   119.4,decoder_by_matrix,fa5edda0c1038186c8afbec49b0215a0b852396cdb50783a3f937fdf51d2afac,"{""distance"":5,""physical_error_rate"":1e-05}","{""detection_events"":7855,""detectors_checked"":230481920}"
   1367040,         0,         0,   119.6,decoder_by_matrix,3c866087b289edc25e9adea730044a15db18cabfd3ae2507fc844d5b4e03657a,"{""distance"":5,""physical_error_rate"":5e-06}","{""detection_events"":4085,""detectors_checked"":232396800}"
   1081344,         0,         0,   119.5,decoder_by_matrix,fa5edda0c1038186c8afbec49b0215a0b852396cdb50783a3f937fdf51d2afac,"{""distance"":5,""physical_error_rate"":1e-05}","{""detection_events"":6720,""detectors_checked"":183828480}"
   1294336,         7,         0,   119.6,decoder_by_matrix,066a5d8d46981b593c3dec855f441edbe9e755a8873183448f69d036a2ecc650,"{""distance"":5,""physical_error_rate"":0.001}","{""detection_events"":736280,""detectors_checked"":220037120,""obs_mistake_mask=EE__"":1,""obs_mistake_mask=E___"":1,""obs_mistake_mask=__E_"":1,""obs_mistake_mask=___E"":4}"
   1007616,         0,         0,   119.6,decoder_by_matrix,9c6baee88fc81e7d1aa345fcb3feec7ee81f21c5d49cb6ca037118097d89e180,"{""distance"":5,""physical_error_rate"":5e-05}","{""detection_events"":27455,""detectors_checked"":171294720}"
    920576,         0,         0,   119.6,decoder_by_matrix,e41ade2e4684e0396b9a3890c882b6453b515d69885aa1d89a26ce21ec554895,"{""distance"":5,""physical_error_rate"":1e-06}","{""detection_events"":530,""detectors_checked"":156497920}"
   1354752,         0,         0,   119.5,decoder_by_matrix,fa5edda0c1038186c8afbec49b0215a0b852396cdb50783a3f937fdf51d2afac,"{""distance"":5,""physical_error_rate"":1e-05}","{""detection_events"":7940,""detectors_checked"":230307840}"
   1098752,         2,         0,   119.5,decoder_by_matrix,066a5d8d46981b593c3dec855f441edbe9e755a8873183448f69d036a2ecc650,"{""distance"":5,""physical_error_rate"":0.001}","{""detection_events"":627195,""detectors_checked"":186787840,""obs_mistake_mask=E___"":1,""obs_mistake_mask=_E__"":1}"
   1105920,         0,         0,   119.7,decoder_by_matrix,9c6baee88fc81e7d1aa345fcb3feec7ee81f21c5d49cb6ca037118097d89e180,"{""distance"":5,""physical_error_rate"":5e-05}","{""detection_events"":31070,""detectors_checked"":188006400}"
   1298432,         0,         0,   119.6,decoder_by_matrix,b84cf4b8ca220d31f17e1e2ea9ab927bbc4176b15682c650e7d1dd8f2758172b,"{""distance"":5,""physical_error_rate"":0.0005}","{""detection_events"":366800,""detectors_checked"":220733440}"
   1321984,         0,         0,   119.6,decoder_by_matrix,9c6baee88fc81e7d1aa345fcb3feec7ee81f21c5d49cb6ca037118097d89e180,"{""distance"":5,""physical_error_rate"":5e-05}","{""detection_events"":37430,""detectors_checked"":224737280}"
   1058816,         0,         0,   119.6,decoder_by_matrix,0421d486f8a041838688df650e87c0a19c3450ab7a7cc8b3dc589ebff86d1c74,"{""distance"":5,""physical_error_rate"":0.0001}","{""detection_events"":59725,""detectors_checked"":179998720}"
   1347584,         0,         0,   119.6,decoder_by_matrix,3c866087b289edc25e9adea730044a15db18cabfd3ae2507fc844d5b4e03657a,"{""distance"":5,""physical_error_rate"":5e-06}","{""detection_events"":4350,""detectors_checked"":229089280}"
   1352704,         0,         0,   119.4,decoder_by_matrix,e41ade2e4684e0396b9a3890c882b6453b515d69885aa1d89a26ce21ec554895,"{""distance"":5,""physical_error_rate"":1e-06}","{""detection_events"":785,""detectors_checked"":229959680}"
    881664,         0,         0,   119.6,decoder_by_matrix,b84cf4b8ca220d31f17e1e2ea9ab927bbc4176b15682c650e7d1dd8f2758172b,"{""distance"":5,""physical_error_rate"":0.0005}","{""detection_events"":249930,""detectors_checked"":149882880}"
   1084416,         0,         0,   119.5,decoder_by_matrix,fa5edda0c1038186c8afbec49b0215a0b852396cdb50783a3f937fdf51d2afac,"{""distance"":5,""physical_error_rate"":1e-05}","{""detection_events"":6030,""detectors_checked"":184350720}"
   1311744,         0,         0,   119.5,decoder_by_matrix,0421d486f8a041838688df650e87c0a19c3450ab7a7cc8b3dc589ebff86d1c74,"{""distance"":5,""physical_error_rate"":0.0001}","{""detection_events"":74995,""detectors_checked"":222996480}"
    836608,         0,         0,   119.7,decoder_by_matrix,3c866087b289edc25e9adea730044a15db18cabfd3ae2507fc844d5b4e03657a,"{""distance"":5,""physical_error_rate"":5e-06}","{""detection_events"":2060,""detectors_checked"":142223360}"
   1342464,         0,         0,   119.6,decoder_by_matrix,3c866087b289edc25e9adea730044a15db18cabfd3ae2507fc844d5b4e03657a,"{""distance"":5,""physical_error_rate"":5e-06}","{""detection_events"":3790,""detectors_checked"":228218880}"
   1061888,         0,         0,   119.6,decoder_by_matrix,b84cf4b8ca220d31f17e1e2ea9ab927bbc4176b15682c650e7d1dd8f2758172b,"{""distance"":5,""physical_error_rate"":0.0005}","{""detection_events"":301565,""detectors_checked"":180520960}"
   1067008,         1,         0,   119.4,decoder_by_matrix,066a5d8d46981b593c3dec855f441edbe9e755a8873183448f69d036a2ecc650,"{""distance"":5,""physical_error_rate"":0.001}","{""detection_events"":608190,""detectors_checked"":181391360,""obs_mistake_mask=E___"":1}"
    992256,         0,         0,   119.6,decoder_by_matrix,3c866087b289edc25e9adea730044a15db18cabfd3ae2507fc844d5b4e03657a,"{""distance"":5,""physical_error_rate"":5e-06}","{""detection_events"":2895,""detectors_checked"":168683520}"
    789504,         1,         0,   119.6,decoder_by_matrix,066a5d8d46981b593c3dec855f441edbe9e755a8873183448f69d036a2ecc650,"{""distance"":5,""physical_error_rate"":0.001}","{""detection_events"":451270,""detectors_checked"":134215680,""obs_mistake_mask=_EEE"":1}"
   1098752,         0,         0,   119.6,decoder_by_matrix,e41ade2e4684e0396b9a3890c882b6453b515d69885aa1d89a26ce21ec554895,"{""distance"":5,""physical_error_rate"":1e-06}","{""detection_events"":610,""detectors_checked"":186787840}"
   1113088,         0,         0,   119.6,decoder_by_matrix,e41ade2e4684e0396b9a3890c882b6453b515d69885aa1d89a26ce21ec554895,"{""distance"":5,""physical_error_rate"":1e-06}","{""detection_events"":410,""detectors_checked"":189224960}"
   1287168,         0,         0,   119.6,decoder_by_matrix,066a5d8d46981b593c3dec855f441edbe9e755a8873183448f69d036a2ecc650,"{""distance"":5,""physical_error_rate"":0.001}","{""detection_events"":734300,""detectors_checked"":218818560}"
   1190912,         0,         0,   119.4,decoder_by_matrix,fa5edda0c1038186c8afbec49b0215a0b852396cdb50783a3f937fdf51d2afac,"{""distance"":5,""physical_error_rate"":1e-05}","{""detection_events"":7085,""detectors_checked"":202455040}"
    991232,         0,         0,   119.5,decoder_by_matrix,b84cf4b8ca220d31f17e1e2ea9ab927bbc4176b15682c650e7d1dd8f2758172b,"{""distance"":5,""physical_error_rate"":0.0005}","{""detection_events"":284365,""detectors_checked"":168509440}"
   1019904,         0,         0,   119.6,decoder_by_matrix,0421d486f8a041838688df650e87c0a19c3450ab7a7cc8b3dc589ebff86d1c74,"{""distance"":5,""physical_error_rate"":0.0001}","{""detection_events"":57530,""detectors_checked"":173383680}"
    901120,         0,         0,   119.7,decoder_by_matrix,0421d486f8a041838688df650e87c0a19c3450ab7a7cc8b3dc589ebff86d1c74,"{""distance"":5,""physical_error_rate"":0.0001}","{""detection_events"":51335,""detectors_checked"":153190400}"
   1142784,         1,         0,   119.5,decoder_by_matrix,b84cf4b8ca220d31f17e1e2ea9ab927bbc4176b15682c650e7d1dd8f2758172b,"{""distance"":5,""physical_error_rate"":0.0005}","{""detection_events"":329475,""detectors_checked"":194273280,""obs_mistake_mask=_EE_"":1}"
   1352704,         0,         0,   119.5,decoder_by_matrix,e41ade2e4684e0396b9a3890c882b6453b515d69885aa1d89a26ce21ec554895,"{""distance"":5,""physical_error_rate"":1e-06}","{""detection_events"":595,""detectors_checked"":229959680}"
   1085440,         0,         0,   119.4,decoder_by_matrix,9c6baee88fc81e7d1aa345fcb3feec7ee81f21c5d49cb6ca037118097d89e180,"{""distance"":5,""physical_error_rate"":5e-05}","{""detection_events"":31235,""detectors_checked"":184524800}"
   1309696,         0,         0,   119.4,decoder_by_matrix,9c6baee88fc81e7d1aa345fcb3feec7ee81f21c5d49cb6ca037118097d89e180,"{""distance"":5,""physical_error_rate"":5e-05}","{""detection_events"":36280,""detectors_checked"":222648320}"
    946176,         0,         0,   119.3,decoder_by_matrix,0421d486f8a041838688df650e87c0a19c3450ab7a7cc8b3dc589ebff86d1c74,"{""distance"":5,""physical_error_rate"":0.0001}","{""detection_events"":54310,""detectors_checked"":160849920}"
   1070080,         0,         0,   119.7,decoder_by_matrix,3c866087b289edc25e9adea730044a15db18cabfd3ae2507fc844d5b4e03657a,"{""distance"":5,""physical_error_rate"":5e-06}","{""detection_events"":2670,""detectors_checked"":181913600}"
    908288,         0,         0,   119.6,decoder_by_matrix,e41ade2e4684e0396b9a3890c882b6453b515d69885aa1d89a26ce21ec554895,"{""distance"":5,""physical_error_rate"":1e-06}","{""detection_events"":530,""detectors_checked"":154408960}"
   1083392,         2,         0,   119.4,decoder_by_matrix,066a5d8d46981b593c3dec855f441edbe9e755a8873183448f69d036a2ecc650,"{""distance"":5,""physical_error_rate"":0.001}","{""detection_events"":618330,""detectors_checked"":184176640,""obs_mistake_mask=E_E_"":2}"
   1056768,         0,         0,   119.5,decoder_by_matrix,9c6baee88fc81e7d1aa345fcb3feec7ee81f21c5d49cb6ca037118097d89e180,"{""distance"":5,""physical_error_rate"":5e-05}","{""detection_events"":28530,""detectors_checked"":179650560}"
   1103872,         0,         0,   119.5,decoder_by_matrix,fa5edda0c1038186c8afbec49b0215a0b852396cdb50783a3f937fdf51d2afac,"{""distance"":5,""physical_error_rate"":1e-05}","{""detection_events"":6055,""detectors_checked"":187658240}"
    955392,         0,         0,   119.4,decoder_by_matrix,b84cf4b8ca220d31f17e1e2ea9ab927bbc4176b15682c650e7d1dd8f2758172b,"{""distance"":5,""physical_error_rate"":0.0005}","{""detection_events"":273180,""detectors_checked"":162416640}"
   1252352,         0,         0,   119.5,decoder_by_matrix,fa5edda0c1038186c8afbec49b0215a0b852396cdb50783a3f937fdf51d2afac,"{""distance"":5,""physical_error_rate"":1e-05}","{""detection_events"":7400,""detectors_checked"":212899840}"
   1224704,         0,         0,   119.3,decoder_by_matrix,9c6baee88fc81e7d1aa345fcb3feec7ee81f21c5d49cb6ca037118097d89e180,"{""distance"":5,""physical_error_rate"":5e-05}","{""detection_events"":34185,""detectors_checked"":208199680}"
    999424,         0,         0,   119.6,decoder_by_matrix,e41ade2e4684e0396b9a3890c882b6453b515d69885aa1d89a26ce21ec554895,"{""distance"":5,""physical_error_rate"":1e-06}","{""detection_events"":460,""detectors_checked"":169902080}"
   1213440,         0,         0,   119.6,decoder_by_matrix,3c866087b289edc25e9adea730044a15db18cabfd3ae2507fc844d5b4e03657a,"{""distance"":5,""physical_error_rate"":5e-06}","{""detection_events"":3195,""detectors_checked"":206284800}"
   1090560,         0,         0,   119.6,decoder_by_matrix,0421d486f8a041838688df650e87c0a19c3450ab7a7cc8b3dc589ebff86d1c74,"{""distance"":5,""physical_error_rate"":0.0001}","{""detection_events"":63570,""detectors_checked"":185395200}"
   1092608,         0,         0,   119.6,decoder_by_matrix,b84cf4b8ca220d31f17e1e2ea9ab927bbc4176b15682c650e7d1dd8f2758172b,"{""distance"":5,""physical_error_rate"":0.0005}","{""detection_events"":307005,""detectors_checked"":185743360}"
   1103872,         0,         0,   119.3,decoder_by_matrix,0421d486f8a041838688df650e87c0a19c3450ab7a7cc8b3dc589ebff86d1c74,"{""distance"":5,""physical_error_rate"":0.0001}","{""detection_events"":64015,""detectors_checked"":187658240}"
   1197056,         0,         0,   119.4,decoder_by_matrix,fa5edda0c1038186c8afbec49b0215a0b852396cdb50783a3f937fdf51d2afac,"{""distance"":5,""physical_error_rate"":1e-05}","{""detection_events"":6885,""detectors_checked"":203499520}"
   1206272,         0,         0,   119.6,decoder_by_matrix,fa5edda0c1038186c8afbec49b0215a0b852396cdb50783a3f937fdf51d2afac,"{""distance"":5,""physical_error_rate"":1e-05}","{""detection_events"":6375,""detectors_checked"":205066240}"
   1236992,         0,         0,   119.6,decoder_by_matrix,3c866087b289edc25e9adea730044a15db18cabfd3ae2507fc844d5b4e03657a,"{""distance"":5,""physical_error_rate"":5e-06}","{""detection_events"":2990,""detectors_checked"":210288640}"
   1097728,         2,         0,   119.4,decoder_by_matrix,066a5d8d46981b593c3dec855f441edbe9e755a8873183448f69d036a2ecc650,"{""distance"":5,""physical_error_rate"":0.001}","{""detection_events"":626165,""detectors_checked"":186613760,""obs_mistake_mask=EEE_"":1,""obs_mistake_mask=__E_"":1}"
   1136640,         0,         0,   119.4,decoder_by_matrix,9c6baee88fc81e7d1aa345fcb3feec7ee81f21c5d49cb6ca037118097d89e180,"{""distance"":5,""physical_error_rate"":5e-05}","{""detection_events"":31820,""detectors_checked"":193228800}"
    966656,         0,         0,   119.6,decoder_by_matrix,fa5edda0c1038186c8afbec49b0215a0b852396cdb50783a3f937fdf51d2afac,"{""distance"":5,""physical_error_rate"":1e-05}","{""detection_events"":5385,""detectors_checked"":164331520}"
   1059840,         0,         0,   119.5,decoder_by_matrix,e41ade2e4684e0396b9a3890c882b6453b515d69885aa1d89a26ce21ec554895,"{""distance"":5,""physical_error_rate"":1e-06}","{""detection_events"":640,""detectors_checked"":180172800}"
   1165312,         5,         0,   119.6,decoder_by_matrix,066a5d8d46981b593c3dec855f441edbe9e755a8873183448f69d036a2ecc650,"{""distance"":5,""physical_error_rate"":0.001}","{""detection_events"":655010,""detectors_checked"":198103040,""obs_mistake_mask=E_E_"":1,""obs_mistake_mask=_EEE"":2,""obs_mistake_mask=_EE_"":1,""obs_mistake_mask=_E__"":1}"
   1140736,         0,         0,   119.5,decoder_by_matrix,9c6baee88fc81e7d1aa345fcb3feec7ee81f21c5d49cb6ca037118097d89e180,"{""distance"":5,""physical_error_rate"":5e-05}","{""detection_events"":32625,""detectors_checked"":193925120}"
   1144832,         0,         0,   119.8,decoder_by_matrix,9c6baee88fc81e7d1aa345fcb3feec7ee81f21c5d49cb6ca037118097d89e180,"{""distance"":5,""physical_error_rate"":5e-05}","{""detection_events"":33325,""detectors_checked"":194621440}"
   1116160,         0,         0,   119.7,decoder_by_matrix,b84cf4b8ca220d31f17e1e2ea9ab927bbc4176b15682c650e7d1dd8f2758172b,"{""distance"":5,""physical_error_rate"":0.0005}","{""detection_events"":318775,""detectors_checked"":189747200}"
   1085440,         0,         0,   119.6,decoder_by_matrix,0421d486f8a041838688df650e87c0a19c3450ab7a7cc8b3dc589ebff86d1c74,"{""distance"":5,""physical_error_rate"":0.0001}","{""detection_events"":61390,""detectors_checked"":184524800}"
   1110016,         0,         0,   119.3,decoder_by_matrix,3c866087b289edc25e9adea730044a15db18cabfd3ae2507fc844d5b4e03657a,"{""distance"":5,""physical_error_rate"":5e-06}","{""detection_events"":3620,""detectors_checked"":188702720}"
   1190912,         0,         0,   119.6,decoder_by_matrix,e41ade2e4684e0396b9a3890c882b6453b515d69885aa1d89a26ce21ec554895,"{""distance"":5,""physical_error_rate"":1e-06}","{""detection_events"":515,""detectors_checked"":202455040}"
   1119232,         1,         0,   119.5,decoder_by_matrix,b84cf4b8ca220d31f17e1e2ea9ab927bbc4176b15682c650e7d1dd8f2758172b,"{""distance"":5,""physical_error_rate"":0.0005}","{""detection_events"":315900,""detectors_checked"":190269440,""obs_mistake_mask=__E_"":1}"
   1265664,         0,         0,   119.3,decoder_by_matrix,fa5edda0c1038186c8afbec49b0215a0b852396cdb50783a3f937fdf51d2afac,"{""distance"":5,""physical_error_rate"":1e-05}","{""detection_events"":7525,""detectors_checked"":215162880}"
    954368,         0,         0,   119.4,decoder_by_matrix,0421d486f8a041838688df650e87c0a19c3450ab7a7cc8b3dc589ebff86d1c74,"{""distance"":5,""physical_error_rate"":0.0001}","{""detection_events"":50880,""detectors_checked"":162242560}"
   1204224,         0,         0,   119.6,decoder_by_matrix,3c866087b289edc25e9adea730044a15db18cabfd3ae2507fc844d5b4e03657a,"{""distance"":5,""physical_error_rate"":5e-06}","{""detection_events"":3085,""detectors_checked"":204718080}"
   1164288,         0,         0,   119.4,decoder_by_matrix,3c866087b289edc25e9adea730044a15db18cabfd3ae2507fc844d5b4e03657a,"{""distance"":5,""physical_error_rate"":5e-06}","{""detection_events"":3545,""detectors_checked"":197928960}"
   1144832,         1,         0,   119.6,decoder_by_matrix,b84cf4b8ca220d31f17e1e2ea9ab927bbc4176b15682c650e7d1dd8f2758172b,"{""distance"":5,""physical_error_rate"":0.0005}","{""detection_events"":326425,""detectors_checked"":194621440,""obs_mistake_mask=_E__"":1}"
   1054720,         1,         0,   119.4,decoder_by_matrix,066a5d8d46981b593c3dec855f441edbe9e755a8873183448f69d036a2ecc650,"{""distance"":5,""physical_error_rate"":0.001}","{""detection_events"":599700,""detectors_checked"":179302400,""obs_mistake_mask=EE__"":1}"
   1146880,         0,         0,   119.6,decoder_by_matrix,3c866087b289edc25e9adea730044a15db18cabfd3ae2507fc844d5b4e03657a,"{""distance"":5,""physical_error_rate"":5e-06}","{""detection_events"":3190,""detectors_checked"":194969600}"
   1141760,         4,         0,   119.6,decoder_by_matrix,066a5d8d46981b593c3dec855f441edbe9e755a8873183448f69d036a2ecc650,"{""distance"":5,""physical_error_rate"":0.001}","{""detection_events"":651395,""detectors_checked"":194099200,""obs_mistake_mask=EE_E"":1,""obs_mistake_mask=_E_E"":1,""obs_mistake_mask=__EE"":2}"
   1209344,         0,         0,   119.5,decoder_by_matrix,e41ade2e4684e0396b9a3890c882b6453b515d69885aa1d89a26ce21ec554895,"{""distance"":5,""physical_error_rate"":1e-06}","{""detection_events"":570,""detectors_checked"":205588480}"
   1019904,         0,         0,   119.5,decoder_by_matrix,e41ade2e4684e0396b9a3890c882b6453b515d69885aa1d89a26ce21ec554895,"{""distance"":5,""physical_error_rate"":1e-06}","{""detection_events"":600,""detectors_checked"":173383680}"
    915456,         0,         0,   119.4,decoder_by_matrix,066a5d8d46981b593c3dec855f441edbe9e755a8873183448f69d036a2ecc650,"{""distance"":5,""physical_error_rate"":0.001}","{""detection_events"":514850,""detectors_checked"":155627520}"
   1164288,         0,         0,   119.5,decoder_by_matrix,fa5edda0c1038186c8afbec49b0215a0b852396cdb50783a3f937fdf51d2afac,"{""distance"":5,""physical_error_rate"":1e-05}","{""detection_events"":6600,""detectors_checked"":197928960}"
   1171456,         0,         0,   119.4,decoder_by_matrix,b84cf4b8ca220d31f17e1e2ea9ab927bbc4176b15682c650e7d1dd8f2758172b,"{""distance"":5,""physical_error_rate"":0.0005}","{""detection_events"":334200,""detectors_checked"":199147520}"
   1130496,         0,         0,   119.6,decoder_by_matrix,0421d486f8a041838688df650e87c0a19c3450ab7a7cc8b3dc589ebff86d1c74,"{""distance"":5,""physical_error_rate"":0.0001}","{""detection_events"":63325,""detectors_checked"":192184320}"
   1172480,         0,         0,   119.6,decoder_by_matrix,0421d486f8a041838688df650e87c0a19c3450ab7a7cc8b3dc589ebff86d1c74,"{""distance"":5,""physical_error_rate"":0.0001}","{""detection_events"":67345,""detectors_checked"":199321600}"
   1118208,         0,         0,   119.5,decoder_by_matrix,b84cf4b8ca220d31f17e1e2ea9ab927bbc4176b15682c650e7d1dd8f2758172b,"{""distance"":5,""physical_error_rate"":0.0005}","{""detection_events"":322720,""detectors_checked"":190095360}"
   1192960,         0,         0,   119.4,decoder_by_matrix,e41ade2e4684e0396b9a3890c882b6453b515d69885aa1d89a26ce21ec554895,"{""distance"":5,""physical_error_rate"":1e-06}","{""detection_events"":605,""detectors_checked"":202803200}"
   1166336,         0,         0,   119.5,decoder_by_matrix,9c6baee88fc81e7d1aa345fcb3feec7ee81f21c5d49cb6ca037118097d89e180,"{""distance"":5,""physical_error_rate"":5e-05}","{""detection_events"":33385,""detectors_checked"":198277120}"
   1056768,         0,         0,   119.7,decoder_by_matrix,9c6baee88fc81e7d1aa345fcb3feec7ee81f21c5d49cb6ca037118097d89e180,"{""distance"":5,""physical_error_rate"":5e-05}","{""detection_events"":29585,""detectors_checked"":179650560}"
   1128448,         0,         0,   119.8,decoder_by_matrix,0421d486f8a041838688df650e87c0a19c3450ab7a7cc8b3dc589ebff86d1c74,"{""distance"":5,""physical_error_rate"":0.0001}","{""detection_events"":66045,""detectors_checked"":191836160}"
   1104896,         0,         0,   119.6,decoder_by_matrix,3c866087b289edc25e9adea730044a15db18cabfd3ae2507fc844d5b4e03657a,"{""distance"":5,""physical_error_rate"":5e-06}","{""detection_events"":3775,""detectors_checked"":187832320}"
   1098752,         0,         0,   119.6,decoder_by_matrix,e41ade2e4684e0396b9a3890c882b6453b515d69885aa1d89a26ce21ec554895,"{""distance"":5,""physical_error_rate"":1e-06}","{""detection_events"":520,""detectors_checked"":186787840}"
   1082368,         1,         0,   119.5,decoder_by_matrix,066a5d8d46981b593c3dec855f441edbe9e755a8873183448f69d036a2ecc650,"{""distance"":5,""physical_error_rate"":0.001}","{""detection_events"":612805,""detectors_checked"":184002560,""obs_mistake_mask=E___"":1}"
   1117184,         0,         0,   119.5,decoder_by_matrix,9c6baee88fc81e7d1aa345fcb3feec7ee81f21c5d49cb6ca037118097d89e180,"{""distance"":5,""physical_error_rate"":5e-05}","{""detection_events"":32385,""detectors_checked"":189921280}"
   1207296,         0,         0,   119.4,decoder_by_matrix,fa5edda0c1038186c8afbec49b0215a0b852396cdb50783a3f937fdf51d2afac,"{""distance"":5,""physical_error_rate"":1e-05}","{""detection_events"":6535,""detectors_checked"":205240320}"
    987136,         0,         0,   119.5,decoder_by_matrix,b84cf4b8ca220d31f17e1e2ea9ab927bbc4176b15682c650e7d1dd8f2758172b,"{""distance"":5,""physical_error_rate"":0.0005}","{""detection_events"":279680,""detectors_checked"":167813120}"
   1267712,         0,         0,   119.3,decoder_by_matrix,fa5edda0c1038186c8afbec49b0215a0b852396cdb50783a3f937fdf51d2afac,"{""distance"":5,""physical_error_rate"":1e-05}","{""detection_events"":6330,""detectors_checked"":215511040}"
   1138688,         0,         0,   119.6,decoder_by_matrix,9c6baee88fc81e7d1aa345fcb3feec7ee81f21c5d49cb6ca037118097d89e180,"{""distance"":5,""physical_error_rate"":5e-05}","{""detection_events"":34430,""detectors_checked"":193576960}"
   1249280,         0,         0,   119.5,decoder_by_matrix,e41ade2e4684e0396b9a3890c882b6453b515d69885aa1d89a26ce21ec554895,"{""distance"":5,""physical_error_rate"":1e-06}","{""detection_events"":640,""detectors_checked"":212377600}"
   1125376,         0,         0,   119.5,decoder_by_matrix,3c866087b289edc25e9adea730044a15db18cabfd3ae2507fc844d5b4e03657a,"{""distance"":5,""physical_error_rate"":5e-06}","{""detection_events"":2915,""detectors_checked"":191313920}"
   1155072,         0,         0,   119.4,decoder_by_matrix,0421d486f8a041838688df650e87c0a19c3450ab7a7cc8b3dc589ebff86d1c74,"{""distance"":5,""physical_error_rate"":0.0001}","{""detection_events"":67145,""detectors_checked"":196362240}"
   1069056,         1,         0,   119.3,decoder_by_matrix,b84cf4b8ca220d31f17e1e2ea9ab927bbc4176b15682c650e7d1dd8f2758172b,"{""distance"":5,""physical_error_rate"":0.0005}","{""detection_events"":306055,""detectors_checked"":181739520,""obs_mistake_mask=E_E_"":1}"
   1255424,         0,         0,   119.4,decoder_by_matrix,0421d486f8a041838688df650e87c0a19c3450ab7a7cc8b3dc589ebff86d1c74,"{""distance"":5,""physical_error_rate"":0.0001}","{""detection_events"":70720,""detectors_checked"":213422080}"
   1129472,         0,         0,   119.5,decoder_by_matrix,fa5edda0c1038186c8afbec49b0215a0b852396cdb50783a3f937fdf51d2afac,"{""distance"":5,""physical_error_rate"":1e-05}","{""detection_events"":6235,""detectors_checked"":192010240}"
   1198080,         0,         0,   119.4,decoder_by_matrix,fa5edda0c1038186c8afbec49b0215a0b852396cdb50783a3f937fdf51d2afac,"{""distance"":5,""physical_error_rate"":1e-05}","{""detection_events"":7240,""detectors_checked"":203673600}"
   1248256,         0,         0,   119.6,decoder_by_matrix,3c866087b289edc25e9adea730044a15db18cabfd3ae2507fc844d5b4e03657a,"{""distance"":5,""physical_error_rate"":5e-06}","{""detection_events"":3305,""detectors_checked"":212203520}"
   1155072,         1,         0,   119.4,decoder_by_matrix,066a5d8d46981b593c3dec855f441edbe9e755a8873183448f69d036a2ecc650,"{""distance"":5,""physical_error_rate"":0.001}","{""detection_events"":656505,""detectors_checked"":196362240,""obs_mistake_mask=_E__"":1}"
   1196032,         0,         0,   119.5,decoder_by_matrix,9c6baee88fc81e7d1aa345fcb3feec7ee81f21c5d49cb6ca037118097d89e180,"{""distance"":5,""physical_error_rate"":5e-05}","{""detection_events"":33670,""detectors_checked"":203325440}"
   1056768,         0,         0,   119.5,decoder_by_matrix,fa5edda0c1038186c8afbec49b0215a0b852396cdb50783a3f937fdf51d2afac,"{""distance"":5,""physical_error_rate"":1e-05}","{""detection_events"":6920,""detectors_checked"":179650560}"
   1163264,         0,         0,   119.7,decoder_by_matrix,e41ade2e4684e0396b9a3890c882b6453b515d69885aa1d89a26ce21ec554895,"{""distance"":5,""physical_error_rate"":1e-06}","{""detection_events"":380,""detectors_checked"":197754880}"
   1123328,         1,         0,   119.5,decoder_by_matrix,066a5d8d46981b593c3dec855f441edbe9e755a8873183448f69d036a2ecc650,"{""distance"":5,""physical_error_rate"":0.001}","{""detection_events"":633910,""detectors_checked"":190965760,""obs_mistake_mask=E___"":1}"
   1199104,         0,         0,   119.4,decoder_by_matrix,9c6baee88fc81e7d1aa345fcb3feec7ee81f21c5d49cb6ca037118097d89e180,"{""distance"":5,""physical_error_rate"":5e-05}","{""detection_events"":32510,""detectors_checked"":203847680}"
   1166336,         0,         0,   119.5,decoder_by_matrix,9c6baee88fc81e7d1aa345fcb3feec7ee81f21c5d49cb6ca037118097d89e180,"{""distance"":5,""physical_error_rate"":5e-05}","{""detection_events"":32125,""detectors_checked"":198277120}"
   1125376,         1,         0,   119.6,decoder_by_matrix,b84cf4b8ca220d31f17e1e2ea9ab927bbc4176b15682c650e7d1dd8f2758172b,"{""distance"":5,""physical_error_rate"":0.0005}","{""detection_events"":323645,""detectors_checked"":191313920,""obs_mistake_mask=_E__"":1}"
    940032,         0,         0,   119.3,decoder_by_matrix,0421d486f8a041838688df650e87c0a19c3450ab7a7cc8b3dc589ebff86d1c74,"{""distance"":5,""physical_error_rate"":0.0001}","{""detection_events"":53215,""detectors_checked"":159805440}"
   1187840,         0,         0,   119.5,decoder_by_matrix,e41ade2e4684e0396b9a3890c882b6453b515d69885aa1d89a26ce21ec554895,"{""distance"":5,""physical_error_rate"":1e-06}","{""detection_events"":705,""detectors_checked"":201932800}"
   1172480,         0,         0,   119.6,decoder_by_matrix,3c866087b289edc25e9adea730044a15db18cabfd3ae2507fc844d5b4e03657a,"{""distance"":5,""physical_error_rate"":5e-06}","{""detection_events"":2980,""detectors_checked"":199321600}"
   1148928,         0,         0,   119.7,decoder_by_matrix,b84cf4b8ca220d31f17e1e2ea9ab927bbc4176b15682c650e7d1dd8f2758172b,"{""distance"":5,""physical_error_rate"":0.0005}","{""detection_events"":332160,""detectors_checked"":195317760}"
    974848,         0,         0,   119.7,decoder_by_matrix,fa5edda0c1038186c8afbec49b0215a0b852396cdb50783a3f937fdf51d2afac,"{""distance"":5,""physical_error_rate"":1e-05}","{""detection_events"":5725,""detectors_checked"":165724160}"
   1106944,         0,         0,   119.5,decoder_by_matrix,0421d486f8a041838688df650e87c0a19c3450ab7a7cc8b3dc589ebff86d1c74,"{""distance"":5,""physical_error_rate"":0.0001}","{""detection_events"":62890,""detectors_checked"":188180480}"
   1177600,         0,         0,   119.4,decoder_by_matrix,3c866087b289edc25e9adea730044a15db18cabfd3ae2507fc844d5b4e03657a,"{""distance"":5,""physical_error_rate"":5e-06}","{""detection_events"":2990,""detectors_checked"":200192000}"
   1140736,         0,         0,   119.6,decoder_by_matrix,3c866087b289edc25e9adea730044a15db18cabfd3ae2507fc844d5b4e03657a,"{""distance"":5,""physical_error_rate"":5e-06}","{""detection_events"":3285,""detectors_checked"":193925120}"
   1172480,         0,         0,   119.5,decoder_by_matrix,b84cf4b8ca220d31f17e1e2ea9ab927bbc4176b15682c650e7d1dd8f2758172b,"{""distance"":5,""physical_error_rate"":0.0005}","{""detection_events"":332030,""detectors_checked"":199321600}"
   1172480,         2,         0,   119.3,decoder_by_matrix,066a5d8d46981b593c3dec855f441edbe9e755a8873183448f69d036a2ecc650,"{""distance"":5,""physical_error_rate"":0.001}","{""detection_events"":667020,""detectors_checked"":199321600,""obs_mistake_mask=_EE_"":1,""obs_mistake_mask=___E"":1}"
   1090560,         0,         0,   119.6,decoder_by_matrix,3c866087b289edc25e9adea730044a15db18cabfd3ae2507fc844d5b4e03657a,"{""distance"":5,""physical_error_rate"":5e-06}","{""detection_events"":3315,""detectors_checked"":185395200}"
   1209344,         0,         0,   119.6,decoder_by_matrix,e41ade2e4684e0396b9a3890c882b6453b515d69885aa1d89a26ce21ec554895,"{""distance"":5,""physical_error_rate"":1e-06}","{""detection_events"":610,""detectors_checked"":205588480}"
   1147904,         3,         0,   119.6,decoder_by_matrix,066a5d8d46981b593c3dec855f441edbe9e755a8873183448f69d036a2ecc650,"{""distance"":5,""physical_error_rate"":0.001}","{""detection_events"":648885,""detectors_checked"":195143680,""obs_mistake_mask=_E__"":1,""obs_mistake_mask=__EE"":1,""obs_mistake_mask=___E"":1}"
   1197056,         0,         0,   119.4,decoder_by_matrix,e41ade2e4684e0396b9a3890c882b6453b515d69885aa1d89a26ce21ec554895,"{""distance"":5,""physical_error_rate"":1e-06}","{""detection_events"":650,""detectors_checked"":203499520}"
    898048,         2,         0,   119.6,decoder_by_matrix,066a5d8d46981b593c3dec855f441edbe9e755a8873183448f69d036a2ecc650,"{""distance"":5,""physical_error_rate"":0.001}","{""detection_events"":506700,""detectors_checked"":152668160,""obs_mistake_mask=_EE_"":1,""obs_mistake_mask=_E__"":1}"
   1211392,         0,         0,   119.5,decoder_by_matrix,fa5edda0c1038186c8afbec49b0215a0b852396cdb50783a3f937fdf51d2afac,"{""distance"":5,""physical_error_rate"":1e-05}","{""detection_events"":7165,""detectors_checked"":205936640}"
   1027072,         1,         0,   119.6,decoder_by_matrix,b84cf4b8ca220d31f17e1e2ea9ab927bbc4176b15682c650e7d1dd8f2758172b,"{""distance"":5,""physical_error_rate"":0.0005}","{""detection_events"":291230,""detectors_checked"":174602240,""obs_mistake_mask=_E__"":1}"
   1137664,         0,         0,   119.6,decoder_by_matrix,0421d486f8a041838688df650e87c0a19c3450ab7a7cc8b3dc589ebff86d1c74,"{""distance"":5,""physical_error_rate"":0.0001}","{""detection_events"":66480,""detectors_checked"":193402880}"
    984064,         0,         0,   119.6,decoder_by_matrix,0421d486f8a041838688df650e87c0a19c3450ab7a7cc8b3dc589ebff86d1c74,"{""distance"":5,""physical_error_rate"":0.0001}","{""detection_events"":55765,""detectors_checked"":167290880}"
   1084416,         0,         0,   119.4,decoder_by_matrix,b84cf4b8ca220d31f17e1e2ea9ab927bbc4176b15682c650e7d1dd8f2758172b,"{""distance"":5,""physical_error_rate"":0.0005}","{""detection_events"":307900,""detectors_checked"":184350720}"
   1076224,         0,         0,   119.6,decoder_by_matrix,e41ade2e4684e0396b9a3890c882b6453b515d69885aa1d89a26ce21ec554895,"{""distance"":5,""physical_error_rate"":1e-06}","{""detection_events"":390,""detectors_checked"":182958080}"
   1022976,         0,         0,   119.5,decoder_by_matrix,9c6baee88fc81e7d1aa345fcb3feec7ee81f21c5d49cb6ca037118097d89e180,"{""distance"":5,""physical_error_rate"":5e-05}","{""detection_events"":29425,""detectors_checked"":173905920}"
    966656,         0,         0,   119.3,decoder_by_matrix,9c6baee88fc81e7d1aa345fcb3feec7ee81f21c5d49cb6ca037118097d89e180,"{""distance"":5,""physical_error_rate"":5e-05}","{""detection_events"":27375,""detectors_checked"":164331520}"
   1187840,         0,         0,   119.5,decoder_by_matrix,0421d486f8a041838688df650e87c0a19c3450ab7a7cc8b3dc589ebff86d1c74,"{""distance"":5,""physical_error_rate"":0.0001}","{""detection_events"":68535,""detectors_checked"":201932800}"
   1172480,         0,         0,   119.5,decoder_by_matrix,3c866087b289edc25e9adea730044a15db18cabfd3ae2507fc844d5b4e03657a,"{""distance"":5,""physical_error_rate"":5e-06}","{""detection_events"":3025,""detectors_checked"":199321600}"
    954368,         0,         0,   119.7,decoder_by_matrix,e41ade2e4684e0396b9a3890c882b6453b515d69885aa1d89a26ce21ec554895,"{""distance"":5,""physical_error_rate"":1e-06}","{""detection_events"":410,""detectors_checked"":162242560}"
   1015808,         2,         0,   119.6,decoder_by_matrix,066a5d8d46981b593c3dec855f441edbe9e755a8873183448f69d036a2ecc650,"{""distance"":5,""physical_error_rate"":0.001}","{""detection_events"":581510,""detectors_checked"":172687360,""obs_mistake_mask=EE__"":1,""obs_mistake_mask=___E"":1}"
   1235968,         0,         0,   119.5,decoder_by_matrix,9c6baee88fc81e7d1aa345fcb3feec7ee81f21c5d49cb6ca037118097d89e180,"{""distance"":5,""physical_error_rate"":5e-05}","{""detection_events"":33435,""detectors_checked"":210114560}"
   1252352,         0,         0,   119.5,decoder_by_matrix,fa5edda0c1038186c8afbec49b0215a0b852396cdb50783a3f937fdf51d2afac,"{""distance"":5,""physical_error_rate"":1e-05}","{""detection_events"":7295,""detectors_checked"":212899840}"
    947200,         0,         0,   119.6,decoder_by_matrix,b84cf4b8ca220d31f17e1e2ea9ab927bbc4176b15682c650e7d1dd8f2758172b,"{""distance"":5,""physical_error_rate"":0.0005}","{""detection_events"":269390,""detectors_checked"":161024000}"
   1267712,         0,         0,   119.4,decoder_by_matrix,fa5edda0c1038186c8afbec49b0215a0b852396cdb50783a3f937fdf51d2afac,"{""distance"":5,""physical_error_rate"":1e-05}","{""detection_events"":6800,""detectors_checked"":215511040}"
   1249280,         0,         0,   119.7,decoder_by_matrix,9c6baee88fc81e7d1aa345fcb3feec7ee81f21c5d49cb6ca037118097d89e180,"{""distance"":5,""physical_error_rate"":5e-05}","{""detection_events"":36135,""detectors_checked"":212377600}"
   1102848,         0,         0,   119.7,decoder_by_matrix,e41ade2e4684e0396b9a3890c882b6453b515d69885aa1d89a26ce21ec554895,"{""distance"":5,""physical_error_rate"":1e-06}","{""detection_events"":550,""detectors_checked"":187484160}"
   1243136,         0,         0,   119.4,decoder_by_matrix,3c866087b289edc25e9adea730044a15db18cabfd3ae2507fc844d5b4e03657a,"{""distance"":5,""physical_error_rate"":5e-06}","{""detection_events"":3770,""detectors_checked"":211333120}"
    903168,         0,         0,   119.3,decoder_by_matrix,0421d486f8a041838688df650e87c0a19c3450ab7a7cc8b3dc589ebff86d1c74,"{""distance"":5,""physical_error_rate"":0.0001}","{""detection_events"":49355,""detectors_checked"":153538560}"
   1182720,         0,         0,   119.6,decoder_by_matrix,b84cf4b8ca220d31f17e1e2ea9ab927bbc4176b15682c650e7d1dd8f2758172b,"{""distance"":5,""physical_error_rate"":0.0005}","{""detection_events"":334175,""detectors_checked"":201062400}"
   1169408,         0,         0,   119.7,decoder_by_matrix,0421d486f8a041838688df650e87c0a19c3450ab7a7cc8b3dc589ebff86d1c74,"{""distance"":5,""physical_error_rate"":0.0001}","{""detection_events"":66075,""detectors_checked"":198799360}"
   1035264,         0,         0,   119.5,decoder_by_matrix,fa5edda0c1038186c8afbec49b0215a0b852396cdb50783a3f937fdf51d2afac,"{""distance"":5,""physical_error_rate"":1e-05}","{""detection_events"":6220,""detectors_checked"":175994880}"
   1147904,         0,         0,   119.4,decoder_by_matrix,fa5edda0c1038186c8afbec49b0215a0b852396cdb50783a3f937fdf51d2afac,"{""distance"":5,""physical_error_rate"":1e-05}","{""detection_events"":6725,""detectors_checked"":195143680}"
   1329152,         0,         0,   119.5,decoder_by_matrix,3c866087b289edc25e9adea730044a15db18cabfd3ae2507fc844d5b4e03657a,"{""distance"":5,""physical_error_rate"":5e-06}","{""detection_events"":4145,""detectors_checked"":225955840}"
    995328,         4,         0,   119.6,decoder_by_matrix,066a5d8d46981b593c3dec855f441edbe9e755a8873183448f69d036a2ecc650,"{""distance"":5,""physical_error_rate"":0.001}","{""detection_events"":562860,""detectors_checked"":169205760,""obs_mistake_mask=EE__"":1,""obs_mistake_mask=_E__"":1,""obs_mistake_mask=__EE"":1,""obs_mistake_mask=___E"":1}"
   1008640,         0,         0,   119.6,decoder_by_matrix,9c6baee88fc81e7d1aa345fcb3feec7ee81f21c5d49cb6ca037118097d89e180,"{""distance"":5,""physical_error_rate"":5e-05}","{""detection_events"":27965,""detectors_checked"":171468800}"
   1181696,         0,         0,   119.6,decoder_by_matrix,fa5edda0c1038186c8afbec49b0215a0b852396cdb50783a3f937fdf51d2afac,"{""distance"":5,""physical_error_rate"":1e-05}","{""detection_events"":6840,""detectors_checked"":200888320}"
   1224704,         0,         0,   119.5,decoder_by_matrix,e41ade2e4684e0396b9a3890c882b6453b515d69885aa1d89a26ce21ec554895,"{""distance"":5,""physical_error_rate"":1e-06}","{""detection_events"":900,""detectors_checked"":208199680}"
   1181696,         0,         0,   119.5,decoder_by_matrix,9c6baee88fc81e7d1aa345fcb3feec7ee81f21c5d49cb6ca037118097d89e180,"{""distance"":5,""physical_error_rate"":5e-05}","{""detection_events"":32790,""detectors_checked"":200888320}"
   1187840,         0,         0,   119.5,decoder_by_matrix,066a5d8d46981b593c3dec855f441edbe9e755a8873183448f69d036a2ecc650,"{""distance"":5,""physical_error_rate"":0.001}","{""detection_events"":671400,""detectors_checked"":201932800}"
   1012736,         0,         0,   119.4,decoder_by_matrix,9c6baee88fc81e7d1aa345fcb3feec7ee81f21c5d49cb6ca037118097d89e180,"{""distance"":5,""physical_error_rate"":5e-05}","{""detection_events"":29325,""detectors_checked"":172165120}"
   1025024,         1,         0,   119.6,decoder_by_matrix,b84cf4b8ca220d31f17e1e2ea9ab927bbc4176b15682c650e7d1dd8f2758172b,"{""distance"":5,""physical_error_rate"":0.0005}","{""detection_events"":293285,""detectors_checked"":174254080,""obs_mistake_mask=_EEE"":1}"
    965632,         0,         0,   119.5,decoder_by_matrix,0421d486f8a041838688df650e87c0a19c3450ab7a7cc8b3dc589ebff86d1c74,"{""distance"":5,""physical_error_rate"":0.0001}","{""detection_events"":56690,""detectors_checked"":164157440}"
   1189888,         0,         0,   119.6,decoder_by_matrix,e41ade2e4684e0396b9a3890c882b6453b515d69885aa1d89a26ce21ec554895,"{""distance"":5,""physical_error_rate"":1e-06}","{""detection_events"":820,""detectors_checked"":202280960}"
   1039360,         0,         0,   119.6,decoder_by_matrix,3c866087b289edc25e9adea730044a15db18cabfd3ae2507fc844d5b4e03657a,"{""distance"":5,""physical_error_rate"":5e-06}","{""detection_events"":3095,""detectors_checked"":176691200}"
   1130496,         1,         0,   119.5,decoder_by_matrix,b84cf4b8ca220d31f17e1e2ea9ab927bbc4176b15682c650e7d1dd8f2758172b,"{""distance"":5,""physical_error_rate"":0.0005}","{""detection_events"":323285,""detectors_checked"":192184320,""obs_mistake_mask=EE__"":1}"
   1183744,         0,         0,   119.6,decoder_by_matrix,fa5edda0c1038186c8afbec49b0215a0b852396cdb50783a3f937fdf51d2afac,"{""distance"":5,""physical_error_rate"":1e-05}","{""detection_events"":6880,""detectors_checked"":201236480}"
   1131520,         0,         0,   119.6,decoder_by_matrix,0421d486f8a041838688df650e87c0a19c3450ab7a7cc8b3dc589ebff86d1c74,"{""distance"":5,""physical_error_rate"":0.0001}","{""detection_events"":63900,""detectors_checked"":192358400}"
   1244160,         0,         0,   119.6,decoder_by_matrix,3c866087b289edc25e9adea730044a15db18cabfd3ae2507fc844d5b4e03657a,"{""distance"":5,""physical_error_rate"":5e-06}","{""detection_events"":4005,""detectors_checked"":211507200}"
    993280,         0,         0,   119.5,decoder_by_matrix,3c866087b289edc25e9adea730044a15db18cabfd3ae2507fc844d5b4e03657a,"{""distance"":5,""physical_error_rate"":5e-06}","{""detection_events"":3270,""detectors_checked"":168857600}"
   1124352,         1,         0,   119.6,decoder_by_matrix,b84cf4b8ca220d31f17e1e2ea9ab927bbc4176b15682c650e7d1dd8f2758172b,"{""distance"":5,""physical_error_rate"":0.0005}","{""detection_events"":325340,""detectors_checked"":191139840,""obs_mistake_mask=E_EE"":1}"
   1180672,         2,         0,   119.6,decoder_by_matrix,066a5d8d46981b593c3dec855f441edbe9e755a8873183448f69d036a2ecc650,"{""distance"":5,""physical_error_rate"":0.001}","{""detection_events"":667380,""detectors_checked"":200714240,""obs_mistake_mask=E__E"":1,""obs_mistake_mask=__EE"":1}"
   1086464,         0,         0,   119.6,decoder_by_matrix,3c866087b289edc25e9adea730044a15db18cabfd3ae2507fc844d5b4e03657a,"{""distance"":5,""physical_error_rate"":5e-06}","{""detection_events"":3355,""detectors_checked"":184698880}"
   1181696,         0,         0,   119.4,decoder_by_matrix,e41ade2e4684e0396b9a3890c882b6453b515d69885aa1d89a26ce21ec554895,"{""distance"":5,""physical_error_rate"":1e-06}","{""detection_events"":540,""detectors_checked"":200888320}"
   1128448,         4,         0,   119.4,decoder_by_matrix,066a5d8d46981b593c3dec855f441edbe9e755a8873183448f69d036a2ecc650,"{""distance"":5,""physical_error_rate"":0.001}","{""detection_events"":639975,""detectors_checked"":191836160,""obs_mistake_mask=EE_E"":1,""obs_mistake_mask=E_E_"":1,""obs_mistake_mask=E__E"":1,""obs_mistake_mask=__EE"":1}"
   1138688,         0,         0,   119.5,decoder_by_matrix,e41ade2e4684e0396b9a3890c882b6453b515d69885aa1d89a26ce21ec554895,"{""distance"":5,""physical_error_rate"":1e-06}","{""detection_events"":905,""detectors_checked"":193576960}"
    924672,         0,         0,   119.3,decoder_by_matrix,066a5d8d46981b593c3dec855f441edbe9e755a8873183448f69d036a2ecc650,"{""distance"":5,""physical_error_rate"":0.001}","{""detection_events"":525735,""detectors_checked"":157194240}"
   1218560,         0,         0,   119.6,decoder_by_matrix,fa5edda0c1038186c8afbec49b0215a0b852396cdb50783a3f937fdf51d2afac,"{""distance"":5,""physical_error_rate"":1e-05}","{""detection_events"":5975,""detectors_checked"":207155200}"
   1154048,         1,         0,   119.5,decoder_by_matrix,b84cf4b8ca220d31f17e1e2ea9ab927bbc4176b15682c650e7d1dd8f2758172b,"{""distance"":5,""physical_error_rate"":0.0005}","{""detection_events"":328960,""detectors_checked"":196188160,""obs_mistake_mask=EE_E"":1}"
   1152000,         0,         0,   119.5,decoder_by_matrix,0421d486f8a041838688df650e87c0a19c3450ab7a7cc8b3dc589ebff86d1c74,"{""distance"":5,""physical_error_rate"":0.0001}","{""detection_events"":65350,""detectors_checked"":195840000}"
   1267712,         0,         0,   119.5,decoder_by_matrix,0421d486f8a041838688df650e87c0a19c3450ab7a7cc8b3dc589ebff86d1c74,"{""distance"":5,""physical_error_rate"":0.0001}","{""detection_events"":74620,""detectors_checked"":215511040}"
   1169408,         0,         0,   119.4,decoder_by_matrix,b84cf4b8ca220d31f17e1e2ea9ab927bbc4176b15682c650e7d1dd8f2758172b,"{""distance"":5,""physical_error_rate"":0.0005}","{""detection_events"":331520,""detectors_checked"":198799360}"
   1191936,         0,         0,   119.6,decoder_by_matrix,e41ade2e4684e0396b9a3890c882b6453b515d69885aa1d89a26ce21ec554895,"{""distance"":5,""physical_error_rate"":1e-06}","{""detection_events"":465,""detectors_checked"":202629120}"
   1039360,         0,         0,   119.6,decoder_by_matrix,9c6baee88fc81e7d1aa345fcb3feec7ee81f21c5d49cb6ca037118097d89e180,"{""distance"":5,""physical_error_rate"":5e-05}","{""detection_events"":29335,""detectors_checked"":176691200}"
   1012736,         0,         0,   119.4,decoder_by_matrix,9c6baee88fc81e7d1aa345fcb3feec7ee81f21c5d49cb6ca037118097d89e180,"{""distance"":5,""physical_error_rate"":5e-05}","{""detection_events"":27500,""detectors_checked"":172165120}"
   1096704,         0,         0,   119.6,decoder_by_matrix,0421d486f8a041838688df650e87c0a19c3450ab7a7cc8b3dc589ebff86d1c74,"{""distance"":5,""physical_error_rate"":0.0001}","{""detection_events"":61130,""detectors_checked"":186439680}"
   1061888,         0,         0,   119.5,decoder_by_matrix,3c866087b289edc25e9adea730044a15db18cabfd3ae2507fc844d5b4e03657a,"{""distance"":5,""physical_error_rate"":5e-06}","{""detection_events"":3000,""detectors_checked"":180520960}"
   1038336,         0,         0,   119.5,decoder_by_matrix,e41ade2e4684e0396b9a3890c882b6453b515d69885aa1d89a26ce21ec554895,"{""distance"":5,""physical_error_rate"":1e-06}","{""detection_events"":415,""detectors_checked"":176517120}"
   1122304,         6,         0,   119.5,decoder_by_matrix,066a5d8d46981b593c3dec855f441edbe9e755a8873183448f69d036a2ecc650,"{""distance"":5,""physical_error_rate"":0.001}","{""detection_events"":639730,""detectors_checked"":190791680,""obs_mistake_mask=E_EE"":1,""obs_mistake_mask=E___"":1,""obs_mistake_mask=__E_"":3,""obs_mistake_mask=___E"":1}"
   1177600,         0,         0,   119.7,decoder_by_matrix,9c6baee88fc81e7d1aa345fcb3feec7ee81f21c5d49cb6ca037118097d89e180,"{""distance"":5,""physical_error_rate"":5e-05}","{""detection_events"":33205,""detectors_checked"":200192000}"
   1130496,         0,         0,   119.6,decoder_by_matrix,fa5edda0c1038186c8afbec49b0215a0b852396cdb50783a3f937fdf51d2afac,"{""distance"":5,""physical_error_rate"":1e-05}","{""detection_events"":6985,""detectors_checked"":192184320}"
   1115136,         0,         0,   119.6,decoder_by_matrix,b84cf4b8ca220d31f17e1e2ea9ab927bbc4176b15682c650e7d1dd8f2758172b,"{""distance"":5,""physical_error_rate"":0.0005}","{""detection_events"":320325,""detectors_checked"":189573120}"
   1241088,         0,         0,   119.5,decoder_by_matrix,fa5edda0c1038186c8afbec49b0215a0b852396cdb50783a3f937fdf51d2afac,"{""distance"":5,""physical_error_rate"":1e-05}","{""detection_events"":6930,""detectors_checked"":210984960}"
   1114112,         0,         0,   119.6,decoder_by_matrix,9c6baee88fc81e7d1aa345fcb3feec7ee81f21c5d49cb6ca037118097d89e180,"{""distance"":5,""physical_error_rate"":5e-05}","{""detection_events"":33515,""detectors_checked"":189399040}"
   1061888,         0,         0,   119.6,decoder_by_matrix,e41ade2e4684e0396b9a3890c882b6453b515d69885aa1d89a26ce21ec554895,"{""distance"":5,""physical_error_rate"":1e-06}","{""detection_events"":715,""detectors_checked"":180520960}"
   1190912,         0,         0,   119.6,decoder_by_matrix,3c866087b289edc25e9adea730044a15db18cabfd3ae2507fc844d5b4e03657a,"{""distance"":5,""physical_error_rate"":5e-06}","{""detection_events"":3660,""detectors_checked"":202455040}"
   1152000,         0,         0,   119.6,decoder_by_matrix,0421d486f8a041838688df650e87c0a19c3450ab7a7cc8b3dc589ebff86d1c74,"{""distance"":5,""physical_error_rate"":0.0001}","{""detection_events"":66790,""detectors_checked"":195840000}"
   1037312,         0,         0,   119.5,decoder_by_matrix,b84cf4b8ca220d31f17e1e2ea9ab927bbc4176b15682c650e7d1dd8f2758172b,"{""distance"":5,""physical_error_rate"":0.0005}","{""detection_events"":291705,""detectors_checked"":176343040}"
   1310720,         0,         0,   119.6,decoder_by_matrix,0421d486f8a041838688df650e87c0a19c3450ab7a7cc8b3dc589ebff86d1c74,"{""distance"":5,""physical_error_rate"":0.0001}","{""detection_events"":74205,""detectors_checked"":222822400}"
   1331200,         0,         0,   119.5,decoder_by_matrix,fa5edda0c1038186c8afbec49b0215a0b852396cdb50783a3f937fdf51d2afac,"{""distance"":5,""physical_error_rate"":1e-05}","{""detection_events"":7205,""detectors_checked"":226304000}"
   1223680,         0,         0,   119.6,decoder_by_matrix,fa5edda0c1038186c8afbec49b0215a0b852396cdb50783a3f937fdf51d2afac,"{""distance"":5,""physical_error_rate"":1e-05}","{""detection_events"":6990,""detectors_checked"":208025600}"
   1343488,         0,         0,   119.6,decoder_by_matrix,3c866087b289edc25e9adea730044a15db18cabfd3ae2507fc844d5b4e03657a,"{""distance"":5,""physical_error_rate"":5e-06}","{""detection_events"":3685,""detectors_checked"":228392960}"
   1274880,         4,         0,   119.6,decoder_by_matrix,066a5d8d46981b593c3dec855f441edbe9e755a8873183448f69d036a2ecc650,"{""distance"":5,""physical_error_rate"":0.001}","{""detection_events"":722625,""detectors_checked"":216729600,""obs_mistake_mask=E__E"":1,""obs_mistake_mask=_EE_"":1,""obs_mistake_mask=_E_E"":1,""obs_mistake_mask=___E"":1}"
   1292288,         0,         0,   119.6,decoder_by_matrix,9c6baee88fc81e7d1aa345fcb3feec7ee81f21c5d49cb6ca037118097d89e180,"{""distance"":5,""physical_error_rate"":5e-05}","{""detection_events"":36750,""detectors_checked"":219688960}"
   1331200,         0,         0,   119.5,decoder_by_matrix,fa5edda0c1038186c8afbec49b0215a0b852396cdb50783a3f937fdf51d2afac,"{""distance"":5,""physical_error_rate"":1e-05}","{""detection_events"":8430,""detectors_checked"":226304000}"
   1190912,         0,         0,   119.6,decoder_by_matrix,e41ade2e4684e0396b9a3890c882b6453b515d69885aa1d89a26ce21ec554895,"{""distance"":5,""physical_error_rate"":1e-06}","{""detection_events"":460,""detectors_checked"":202455040}"
   1165312,         0,         0,   119.5,decoder_by_matrix,9c6baee88fc81e7d1aa345fcb3feec7ee81f21c5d49cb6ca037118097d89e180,"{""distance"":5,""physical_error_rate"":5e-05}","{""detection_events"":34710,""detectors_checked"":198103040}"
   1070080,         2,         0,   119.4,decoder_by_matrix,066a5d8d46981b593c3dec855f441edbe9e755a8873183448f69d036a2ecc650,"{""distance"":5,""physical_error_rate"":0.001}","{""detection_events"":609525,""detectors_checked"":181913600,""obs_mistake_mask=EE__"":1,""obs_mistake_mask=___E"":1}"
   1147904,         0,         0,   119.4,decoder_by_matrix,9c6baee88fc81e7d1aa345fcb3feec7ee81f21c5d49cb6ca037118097d89e180,"{""distance"":5,""physical_error_rate"":5e-05}","{""detection_events"":33190,""detectors_checked"":195143680}"
   1128448,         0,         0,   119.7,decoder_by_matrix,b84cf4b8ca220d31f17e1e2ea9ab927bbc4176b15682c650e7d1dd8f2758172b,"{""distance"":5,""physical_error_rate"":0.0005}","{""detection_events"":319840,""detectors_checked"":191836160}"
   1330176,         0,         0,   119.4,decoder_by_matrix,e41ade2e4684e0396b9a3890c882b6453b515d69885aa1d89a26ce21ec554895,"{""distance"":5,""physical_error_rate"":1e-06}","{""detection_events"":805,""detectors_checked"":226129920}"
   1036288,         0,         0,   119.6,decoder_by_matrix,0421d486f8a041838688df650e87c0a19c3450ab7a7cc8b3dc589ebff86d1c74,"{""distance"":5,""physical_error_rate"":0.0001}","{""detection_events"":60215,""detectors_checked"":176168960}"
    888832,         0,         0,   119.8,decoder_by_matrix,3c866087b289edc25e9adea730044a15db18cabfd3ae2507fc844d5b4e03657a,"{""distance"":5,""physical_error_rate"":5e-06}","{""detection_events"":2075,""detectors_checked"":151101440}"
   1076224,         1,         0,   119.4,decoder_by_matrix,b84cf4b8ca220d31f17e1e2ea9ab927bbc4176b15682c650e7d1dd8f2758172b,"{""distance"":5,""physical_error_rate"":0.0005}","{""detection_events"":307815,""detectors_checked"":182958080,""obs_mistake_mask=___E"":1}"
   1324032,         0,         0,   119.6,decoder_by_matrix,fa5edda0c1038186c8afbec49b0215a0b852396cdb50783a3f937fdf51d2afac,"{""distance"":5,""physical_error_rate"":1e-05}","{""detection_events"":7190,""detectors_checked"":225085440}"
   1051648,         0,         0,   119.6,decoder_by_matrix,3c866087b289edc25e9adea730044a15db18cabfd3ae2507fc844d5b4e03657a,"{""distance"":5,""physical_error_rate"":5e-06}","{""detection_events"":2660,""detectors_checked"":178780160}"
    753664,         0,         0,   119.6,decoder_by_matrix,0421d486f8a041838688df650e87c0a19c3450ab7a7cc8b3dc589ebff86d1c74,"{""distance"":5,""physical_error_rate"":0.0001}","{""detection_events"":42720,""detectors_checked"":128122880}"
   1178624,         0,         0,   119.7,decoder_by_matrix,3c866087b289edc25e9adea730044a15db18cabfd3ae2507fc844d5b4e03657a,"{""distance"":5,""physical_error_rate"":5e-06}","{""detection_events"":3550,""detectors_checked"":200366080}"
   1127424,         0,         0,   119.6,decoder_by_matrix,b84cf4b8ca220d31f17e1e2ea9ab927bbc4176b15682c650e7d1dd8f2758172b,"{""distance"":5,""physical_error_rate"":0.0005}","{""detection_events"":318010,""detectors_checked"":191662080}"
   1067008,         1,         0,   119.4,decoder_by_matrix,066a5d8d46981b593c3dec855f441edbe9e755a8873183448f69d036a2ecc650,"{""distance"":5,""physical_error_rate"":0.001}","{""detection_events"":607490,""detectors_checked"":181391360,""obs_mistake_mask=__E_"":1}"
   1047552,         0,         0,   119.4,decoder_by_matrix,3c866087b289edc25e9adea730044a15db18cabfd3ae2507fc844d5b4e03657a,"{""distance"":5,""physical_error_rate"":5e-06}","{""detection_events"":2460,""detectors_checked"":178083840}"
    793600,         0,         0,   119.6,decoder_by_matrix,e41ade2e4684e0396b9a3890c882b6453b515d69885aa1d89a26ce21ec554895,"{""distance"":5,""physical_error_rate"":1e-06}","{""detection_events"":400,""detectors_checked"":134912000}"
    783360,         0,         0,   119.7,decoder_by_matrix,e41ade2e4684e0396b9a3890c882b6453b515d69885aa1d89a26ce21ec554895,"{""distance"":5,""physical_error_rate"":1e-06}","{""detection_events"":645,""detectors_checked"":133171200}"
   1105920,         3,         0,   119.6,decoder_by_matrix,066a5d8d46981b593c3dec855f441edbe9e755a8873183448f69d036a2ecc650,"{""distance"":5,""physical_error_rate"":0.001}","{""detection_events"":627140,""detectors_checked"":188006400,""obs_mistake_mask=EE_E"":1,""obs_mistake_mask=_EE_"":1,""obs_mistake_mask=_E_E"":1}"
   1107968,         0,         0,   119.5,decoder_by_matrix,fa5edda0c1038186c8afbec49b0215a0b852396cdb50783a3f937fdf51d2afac,"{""distance"":5,""physical_error_rate"":1e-05}","{""detection_events"":6720,""detectors_checked"":188354560}"
    790528,         3,         0,   119.5,decoder_by_matrix,066a5d8d46981b593c3dec855f441edbe9e755a8873183448f69d036a2ecc650,"{""distance"":5,""physical_error_rate"":0.001}","{""detection_events"":454365,""detectors_checked"":134389760,""obs_mistake_mask=E__E"":1,""obs_mistake_mask=_EEE"":1,""obs_mistake_mask=__EE"":1}"
   1277952,         1,         0,   119.5,decoder_by_matrix,b84cf4b8ca220d31f17e1e2ea9ab927bbc4176b15682c650e7d1dd8f2758172b,"{""distance"":5,""physical_error_rate"":0.0005}","{""detection_events"":364365,""detectors_checked"":217251840,""obs_mistake_mask=__E_"":1}"
   1270784,         0,         0,   119.4,decoder_by_matrix,0421d486f8a041838688df650e87c0a19c3450ab7a7cc8b3dc589ebff86d1c74,"{""distance"":5,""physical_error_rate"":0.0001}","{""detection_events"":70585,""detectors_checked"":216033280}"
   1287168,         0,         0,   119.5,decoder_by_matrix,0421d486f8a041838688df650e87c0a19c3450ab7a7cc8b3dc589ebff86d1c74,"{""distance"":5,""physical_error_rate"":0.0001}","{""detection_events"":70620,""detectors_checked"":218818560}"
   1271808,         0,         0,   119.5,decoder_by_matrix,b84cf4b8ca220d31f17e1e2ea9ab927bbc4176b15682c650e7d1dd8f2758172b,"{""distance"":5,""physical_error_rate"":0.0005}","{""detection_events"":364185,""detectors_checked"":216207360}"
    879616,         0,         0,   119.4,decoder_by_matrix,e41ade2e4684e0396b9a3890c882b6453b515d69885aa1d89a26ce21ec554895,"{""distance"":5,""physical_error_rate"":1e-06}","{""detection_events"":530,""detectors_checked"":149534720}"
   1278976,         0,         0,   119.7,decoder_by_matrix,9c6baee88fc81e7d1aa345fcb3feec7ee81f21c5d49cb6ca037118097d89e180,"{""distance"":5,""physical_error_rate"":5e-05}","{""detection_events"":35300,""detectors_checked"":217425920}"
   1138688,         0,         0,   119.7,decoder_by_matrix,9c6baee88fc81e7d1aa345fcb3feec7ee81f21c5d49cb6ca037118097d89e180,"{""distance"":5,""physical_error_rate"":5e-05}","{""detection_events"":32745,""detectors_checked"":193576960}"
   1117184,         0,         0,   119.5,decoder_by_matrix,0421d486f8a041838688df650e87c0a19c3450ab7a7cc8b3dc589ebff86d1c74,"{""distance"":5,""physical_error_rate"":0.0001}","{""detection_events"":62405,""detectors_checked"":189921280}"
   1310720,         0,         0,   119.6,decoder_by_matrix,3c866087b289edc25e9adea730044a15db18cabfd3ae2507fc844d5b4e03657a,"{""distance"":5,""physical_error_rate"":5e-06}","{""detection_events"":4220,""detectors_checked"":222822400}"
    867328,         0,         0,   119.6,decoder_by_matrix,e41ade2e4684e0396b9a3890c882b6453b515d69885aa1d89a26ce21ec554895,"{""distance"":5,""physical_error_rate"":1e-06}","{""detection_events"":615,""detectors_checked"":147445760}"
   1241088,         2,         0,   119.5,decoder_by_matrix,066a5d8d46981b593c3dec855f441edbe9e755a8873183448f69d036a2ecc650,"{""distance"":5,""physical_error_rate"":0.001}","{""detection_events"":710020,""detectors_checked"":210984960,""obs_mistake_mask=E___"":1,""obs_mistake_mask=_E__"":1}"
   1074176,         0,         0,   119.4,decoder_by_matrix,9c6baee88fc81e7d1aa345fcb3feec7ee81f21c5d49cb6ca037118097d89e180,"{""distance"":5,""physical_error_rate"":5e-05}","{""detection_events"":31710,""detectors_checked"":182609920}"
   1177600,         0,         0,   119.7,decoder_by_matrix,fa5edda0c1038186c8afbec49b0215a0b852396cdb50783a3f937fdf51d2afac,"{""distance"":5,""physical_error_rate"":1e-05}","{""detection_events"":6615,""detectors_checked"":200192000}"
    798720,         1,         0,   119.5,decoder_by_matrix,b84cf4b8ca220d31f17e1e2ea9ab927bbc4176b15682c650e7d1dd8f2758172b,"{""distance"":5,""physical_error_rate"":0.0005}","{""detection_events"":226235,""detectors_checked"":135782400,""obs_mistake_mask=_EE_"":1}"
   1303552,         0,         0,   119.6,decoder_by_matrix,fa5edda0c1038186c8afbec49b0215a0b852396cdb50783a3f937fdf51d2afac,"{""distance"":5,""physical_error_rate"":1e-05}","{""detection_events"":7680,""detectors_checked"":221603840}"
   1182720,         0,         0,   119.5,decoder_by_matrix,9c6baee88fc81e7d1aa345fcb3feec7ee81f21c5d49cb6ca037118097d89e180,"{""distance"":5,""physical_error_rate"":5e-05}","{""detection_events"":33965,""detectors_checked"":201062400}"
    998400,         0,         0,   119.3,decoder_by_matrix,e41ade2e4684e0396b9a3890c882b6453b515d69885aa1d89a26ce21ec554895,"{""distance"":5,""physical_error_rate"":1e-06}","{""detection_events"":560,""detectors_checked"":169728000}"
   1071104,         0,         0,   119.5,decoder_by_matrix,3c866087b289edc25e9adea730044a15db18cabfd3ae2507fc844d5b4e03657a,"{""distance"":5,""physical_error_rate"":5e-06}","{""detection_events"":2915,""detectors_checked"":182087680}"
   1193984,         0,         0,   119.5,decoder_by_matrix,0421d486f8a041838688df650e87c0a19c3450ab7a7cc8b3dc589ebff86d1c74,"{""distance"":5,""physical_error_rate"":0.0001}","{""detection_events"":70370,""detectors_checked"":202977280}"
    941056,         0,         0,   119.4,decoder_by_matrix,b84cf4b8ca220d31f17e1e2ea9ab927bbc4176b15682c650e7d1dd8f2758172b,"{""distance"":5,""physical_error_rate"":0.0005}","{""detection_events"":268535,""detectors_checked"":159979520}"
   1201152,         0,         0,   119.4,decoder_by_matrix,0421d486f8a041838688df650e87c0a19c3450ab7a7cc8b3dc589ebff86d1c74,"{""distance"":5,""physical_error_rate"":0.0001}","{""detection_events"":69300,""detectors_checked"":204195840}"
   1188864,         0,         0,   119.4,decoder_by_matrix,fa5edda0c1038186c8afbec49b0215a0b852396cdb50783a3f937fdf51d2afac,"{""distance"":5,""physical_error_rate"":1e-05}","{""detection_events"":6685,""detectors_checked"":202106880}"
   1208320,         0,         0,   119.3,decoder_by_matrix,fa5edda0c1038186c8afbec49b0215a0b852396cdb50783a3f937fdf51d2afac,"{""distance"":5,""physical_error_rate"":1e-05}","{""detection_events"":7405,""detectors_checked"":205414400}"
   1135616,         0,         0,   119.6,decoder_by_matrix,3c866087b289edc25e9adea730044a15db18cabfd3ae2507fc844d5b4e03657a,"{""distance"":5,""physical_error_rate"":5e-06}","{""detection_events"":3495,""detectors_checked"":193054720}"
   1030144,         3,         0,   119.4,decoder_by_matrix,066a5d8d46981b593c3dec855f441edbe9e755a8873183448f69d036a2ecc650,"{""distance"":5,""physical_error_rate"":0.001}","{""detection_events"":586280,""detectors_checked"":175124480,""obs_mistake_mask=E___"":1,""obs_mistake_mask=_EE_"":1,""obs_mistake_mask=_E__"":1}"
   1101824,         0,         0,   119.5,decoder_by_matrix,9c6baee88fc81e7d1aa345fcb3feec7ee81f21c5d49cb6ca037118097d89e180,"{""distance"":5,""physical_error_rate"":5e-05}","{""detection_events"":31265,""detectors_checked"":187310080}"
   1186816,         0,         0,   119.6,decoder_by_matrix,fa5edda0c1038186c8afbec49b0215a0b852396cdb50783a3f937fdf51d2afac,"{""distance"":5,""physical_error_rate"":1e-05}","{""detection_events"":6580,""detectors_checked"":201758720}"
   1229824,         0,         0,   119.6,decoder_by_matrix,e41ade2e4684e0396b9a3890c882b6453b515d69885aa1d89a26ce21ec554895,"{""distance"":5,""physical_error_rate"":1e-06}","{""detection_events"":805,""detectors_checked"":209070080}"
   1255424,         1,         0,   119.5,decoder_by_matrix,066a5d8d46981b593c3dec855f441edbe9e755a8873183448f69d036a2ecc650,"{""distance"":5,""physical_error_rate"":0.001}","{""detection_events"":704650,""detectors_checked"":213422080,""obs_mistake_mask=E_E_"":1}"
   1104896,         0,         0,   119.7,decoder_by_matrix,9c6baee88fc81e7d1aa345fcb3feec7ee81f21c5d49cb6ca037118097d89e180,"{""distance"":5,""physical_error_rate"":5e-05}","{""detection_events"":31345,""detectors_checked"":187832320}"
   1195008,         0,         0,   119.6,decoder_by_matrix,9c6baee88fc81e7d1aa345fcb3feec7ee81f21c5d49cb6ca037118097d89e180,"{""distance"":5,""physical_error_rate"":5e-05}","{""detection_events"":34215,""detectors_checked"":203151360}"
   1173504,         0,         0,   119.5,decoder_by_matrix,b84cf4b8ca220d31f17e1e2ea9ab927bbc4176b15682c650e7d1dd8f2758172b,"{""distance"":5,""physical_error_rate"":0.0005}","{""detection_events"":327510,""detectors_checked"":199495680}"
   1081344,         0,         0,   119.6,decoder_by_matrix,e41ade2e4684e0396b9a3890c882b6453b515d69885aa1d89a26ce21ec554895,"{""distance"":5,""physical_error_rate"":1e-06}","{""detection_events"":620,""detectors_checked"":183828480}"
   1217536,         0,         0,   119.6,decoder_by_matrix,0421d486f8a041838688df650e87c0a19c3450ab7a7cc8b3dc589ebff86d1c74,"{""distance"":5,""physical_error_rate"":0.0001}","{""detection_events"":68580,""detectors_checked"":206981120}"
   1101824,         0,         0,   119.7,decoder_by_matrix,3c866087b289edc25e9adea730044a15db18cabfd3ae2507fc844d5b4e03657a,"{""distance"":5,""physical_error_rate"":5e-06}","{""detection_events"":2705,""detectors_checked"":187310080}"
   1183744,         1,         0,   119.6,decoder_by_matrix,b84cf4b8ca220d31f17e1e2ea9ab927bbc4176b15682c650e7d1dd8f2758172b,"{""distance"":5,""physical_error_rate"":0.0005}","{""detection_events"":337510,""detectors_checked"":201236480,""obs_mistake_mask=E___"":1}"
   1073152,         0,         0,   119.6,decoder_by_matrix,fa5edda0c1038186c8afbec49b0215a0b852396cdb50783a3f937fdf51d2afac,"{""distance"":5,""physical_error_rate"":1e-05}","{""detection_events"":5680,""detectors_checked"":182435840}"
   1148928,         0,         0,   119.6,decoder_by_matrix,3c866087b289edc25e9adea730044a15db18cabfd3ae2507fc844d5b4e03657a,"{""distance"":5,""physical_error_rate"":5e-06}","{""detection_events"":3610,""detectors_checked"":195317760}"
   1157120,         0,         0,   119.7,decoder_by_matrix,0421d486f8a041838688df650e87c0a19c3450ab7a7cc8b3dc589ebff86d1c74,"{""distance"":5,""physical_error_rate"":0.0001}","{""detection_events"":65115,""detectors_checked"":196710400}"
   1211392,         0,         0,   119.6,decoder_by_matrix,3c866087b289edc25e9adea730044a15db18cabfd3ae2507fc844d5b4e03657a,"{""distance"":5,""physical_error_rate"":5e-06}","{""detection_events"":3465,""detectors_checked"":205936640}"
    946176,         1,         0,   119.5,decoder_by_matrix,b84cf4b8ca220d31f17e1e2ea9ab927bbc4176b15682c650e7d1dd8f2758172b,"{""distance"":5,""physical_error_rate"":0.0005}","{""detection_events"":269090,""detectors_checked"":160849920,""obs_mistake_mask=E_EE"":1}"
   1120256,         1,         0,   119.5,decoder_by_matrix,066a5d8d46981b593c3dec855f441edbe9e755a8873183448f69d036a2ecc650,"{""distance"":5,""physical_error_rate"":0.001}","{""detection_events"":641380,""detectors_checked"":190443520,""obs_mistake_mask=___E"":1}"
   1038336,         0,         0,   119.5,decoder_by_matrix,e41ade2e4684e0396b9a3890c882b6453b515d69885aa1d89a26ce21ec554895,"{""distance"":5,""physical_error_rate"":1e-06}","{""detection_events"":665,""detectors_checked"":176517120}"
   1235968,         0,         0,   119.6,decoder_by_matrix,3c866087b289edc25e9adea730044a15db18cabfd3ae2507fc844d5b4e03657a,"{""distance"":5,""physical_error_rate"":5e-06}","{""detection_events"":3495,""detectors_checked"":210114560}"
   1102848,         0,         0,   119.5,decoder_by_matrix,e41ade2e4684e0396b9a3890c882b6453b515d69885aa1d89a26ce21ec554895,"{""distance"":5,""physical_error_rate"":1e-06}","{""detection_events"":680,""detectors_checked"":187484160}"
    959488,         2,         0,   119.5,decoder_by_matrix,066a5d8d46981b593c3dec855f441edbe9e755a8873183448f69d036a2ecc650,"{""distance"":5,""physical_error_rate"":0.001}","{""detection_events"":544035,""detectors_checked"":163112960,""obs_mistake_mask=E___"":1,""obs_mistake_mask=_EEE"":1}"
   1144832,         3,         0,   119.5,decoder_by_matrix,066a5d8d46981b593c3dec855f441edbe9e755a8873183448f69d036a2ecc650,"{""distance"":5,""physical_error_rate"":0.001}","{""detection_events"":647175,""detectors_checked"":194621440,""obs_mistake_mask=EEE_"":1,""obs_mistake_mask=E___"":1,""obs_mistake_mask=_E__"":1}"
   1186816,         0,         0,   119.5,decoder_by_matrix,fa5edda0c1038186c8afbec49b0215a0b852396cdb50783a3f937fdf51d2afac,"{""distance"":5,""physical_error_rate"":1e-05}","{""detection_events"":7580,""detectors_checked"":201758720}"
   1123328,         1,         0,   119.6,decoder_by_matrix,b84cf4b8ca220d31f17e1e2ea9ab927bbc4176b15682c650e7d1dd8f2758172b,"{""distance"":5,""physical_error_rate"":0.0005}","{""detection_events"":316050,""detectors_checked"":190965760,""obs_mistake_mask=_E__"":1}"
   1048576,         0,         0,   119.5,decoder_by_matrix,0421d486f8a041838688df650e87c0a19c3450ab7a7cc8b3dc589ebff86d1c74,"{""distance"":5,""physical_error_rate"":0.0001}","{""detection_events"":61285,""detectors_checked"":178257920}"
    968704,         0,         0,   119.5,decoder_by_matrix,0421d486f8a041838688df650e87c0a19c3450ab7a7cc8b3dc589ebff86d1c74,"{""distance"":5,""physical_error_rate"":0.0001}","{""detection_events"":55250,""detectors_checked"":164679680}"
   1215488,         0,         0,   119.6,decoder_by_matrix,b84cf4b8ca220d31f17e1e2ea9ab927bbc4176b15682c650e7d1dd8f2758172b,"{""distance"":5,""physical_error_rate"":0.0005}","{""detection_events"":339985,""detectors_checked"":206632960}"
   1144832,         0,         0,   119.5,decoder_by_matrix,e41ade2e4684e0396b9a3890c882b6453b515d69885aa1d89a26ce21ec554895,"{""distance"":5,""physical_error_rate"":1e-06}","{""detection_events"":830,""detectors_checked"":194621440}"
   1076224,         0,         0,   119.4,decoder_by_matrix,9c6baee88fc81e7d1aa345fcb3feec7ee81f21c5d49cb6ca037118097d89e180,"{""distance"":5,""physical_error_rate"":5e-05}","{""detection_events"":29385,""detectors_checked"":182958080}"
   1113088,         0,         0,   119.5,decoder_by_matrix,9c6baee88fc81e7d1aa345fcb3feec7ee81f21c5d49cb6ca037118097d89e180,"{""distance"":5,""physical_error_rate"":5e-05}","{""detection_events"":31375,""detectors_checked"":189224960}"
   1041408,         0,         0,   119.5,decoder_by_matrix,0421d486f8a041838688df650e87c0a19c3450ab7a7cc8b3dc589ebff86d1c74,"{""distance"":5,""physical_error_rate"":0.0001}","{""detection_events"":59820,""detectors_checked"":177039360}"
   1071104,         0,         0,   119.6,decoder_by_matrix,3c866087b289edc25e9adea730044a15db18cabfd3ae2507fc844d5b4e03657a,"{""distance"":5,""physical_error_rate"":5e-06}","{""detection_events"":3070,""detectors_checked"":182087680}"
   1094656,         0,         0,   119.4,decoder_by_matrix,e41ade2e4684e0396b9a3890c882b6453b515d69885aa1d89a26ce21ec554895,"{""distance"":5,""physical_error_rate"":1e-06}","{""detection_events"":645,""detectors_checked"":186091520}"
   1175552,         2,         0,   119.6,decoder_by_matrix,066a5d8d46981b593c3dec855f441edbe9e755a8873183448f69d036a2ecc650,"{""distance"":5,""physical_error_rate"":0.001}","{""detection_events"":670035,""detectors_checked"":199843840,""obs_mistake_mask=__E_"":1,""obs_mistake_mask=___E"":1}"
   1174528,         0,         0,   119.3,decoder_by_matrix,9c6baee88fc81e7d1aa345fcb3feec7ee81f21c5d49cb6ca037118097d89e180,"{""distance"":5,""physical_error_rate"":5e-05}","{""detection_events"":32825,""detectors_checked"":199669760}"
   1133568,         0,         0,   119.5,decoder_by_matrix,fa5edda0c1038186c8afbec49b0215a0b852396cdb50783a3f937fdf51d2afac,"{""distance"":5,""physical_error_rate"":1e-05}","{""detection_events"":7040,""detectors_checked"":192706560}"
   1085440,         1,         0,   119.4,decoder_by_matrix,b84cf4b8ca220d31f17e1e2ea9ab927bbc4176b15682c650e7d1dd8f2758172b,"{""distance"":5,""physical_error_rate"":0.0005}","{""detection_events"":314525,""detectors_checked"":184524800,""obs_mistake_mask=__E_"":1}"
   1269760,         0,         0,   119.5,decoder_by_matrix,fa5edda0c1038186c8afbec49b0215a0b852396cdb50783a3f937fdf51d2afac,"{""distance"":5,""physical_error_rate"":1e-05}","{""detection_events"":7470,""detectors_checked"":215859200}"
   1159168,         0,         0,   119.5,decoder_by_matrix,9c6baee88fc81e7d1aa345fcb3feec7ee81f21c5d49cb6ca037118097d89e180,"{""distance"":5,""physical_error_rate"":5e-05}","{""detection_events"":35400,""detectors_checked"":197058560}"
   1189888,         0,         0,   119.7,decoder_by_matrix,e41ade2e4684e0396b9a3890c882b6453b515d69885aa1d89a26ce21ec554895,"{""distance"":5,""physical_error_rate"":1e-06}","{""detection_events"":920,""detectors_checked"":202280960}"
   1172480,         0,         0,   119.6,decoder_by_matrix,3c866087b289edc25e9adea730044a15db18cabfd3ae2507fc844d5b4e03657a,"{""distance"":5,""physical_error_rate"":5e-06}","{""detection_events"":2845,""detectors_checked"":199321600}"
   1122304,         0,         0,   119.7,decoder_by_matrix,0421d486f8a041838688df650e87c0a19c3450ab7a7cc8b3dc589ebff86d1c74,"{""distance"":5,""physical_error_rate"":0.0001}","{""detection_events"":64130,""detectors_checked"":190791680}"
    991232,         0,         0,   119.4,decoder_by_matrix,b84cf4b8ca220d31f17e1e2ea9ab927bbc4176b15682c650e7d1dd8f2758172b,"{""distance"":5,""physical_error_rate"":0.0005}","{""detection_events"":276325,""detectors_checked"":168509440}"
   1148928,         0,         0,   119.6,decoder_by_matrix,0421d486f8a041838688df650e87c0a19c3450ab7a7cc8b3dc589ebff86d1c74,"{""distance"":5,""physical_error_rate"":0.0001}","{""detection_events"":63580,""detectors_checked"":195317760}"
   1310720,         0,         0,   119.6,decoder_by_matrix,fa5edda0c1038186c8afbec49b0215a0b852396cdb50783a3f937fdf51d2afac,"{""distance"":5,""physical_error_rate"":1e-05}","{""detection_events"":7495,""detectors_checked"":222822400}"
   1136640,         0,         0,   119.6,decoder_by_matrix,fa5edda0c1038186c8afbec49b0215a0b852396cdb50783a3f937fdf51d2afac,"{""distance"":5,""physical_error_rate"":1e-05}","{""detection_events"":6780,""detectors_checked"":193228800}"
   1161216,         1,         0,   119.5,decoder_by_matrix,066a5d8d46981b593c3dec855f441edbe9e755a8873183448f69d036a2ecc650,"{""distance"":5,""physical_error_rate"":0.001}","{""detection_events"":664310,""detectors_checked"":197406720,""obs_mistake_mask=EE__"":1}"
   1320960,         0,         0,   119.5,decoder_by_matrix,3c866087b289edc25e9adea730044a15db18cabfd3ae2507fc844d5b4e03657a,"{""distance"":5,""physical_error_rate"":5e-06}","{""detection_events"":3395,""detectors_checked"":224563200}"
   1173504,         0,         0,   119.6,decoder_by_matrix,9c6baee88fc81e7d1aa345fcb3feec7ee81f21c5d49cb6ca037118097d89e180,"{""distance"":5,""physical_error_rate"":5e-05}","{""detection_events"":33890,""detectors_checked"":199495680}"
   1240064,         0,         0,   119.4,decoder_by_matrix,fa5edda0c1038186c8afbec49b0215a0b852396cdb50783a3f937fdf51d2afac,"{""distance"":5,""physical_error_rate"":1e-05}","{""detection_events"":6425,""detectors_checked"":210810880}"
   1270784,         0,         0,   119.6,decoder_by_matrix,e41ade2e4684e0396b9a3890c882b6453b515d69885aa1d89a26ce21ec554895,"{""distance"":5,""physical_error_rate"":1e-06}","{""detection_events"":725,""detectors_checked"":216033280}"
   1127424,         0,         0,   119.4,decoder_by_matrix,9c6baee88fc81e7d1aa345fcb3feec7ee81f21c5d49cb6ca037118097d89e180,"{""distance"":5,""physical_error_rate"":5e-05}","{""detection_events"":32680,""detectors_checked"":191662080}"
   1061888,         2,         0,   119.6,decoder_by_matrix,066a5d8d46981b593c3dec855f441edbe9e755a8873183448f69d036a2ecc650,"{""distance"":5,""physical_error_rate"":0.001}","{""detection_events"":603140,""detectors_checked"":180520960,""obs_mistake_mask=E_E_"":2}"
   1184768,         0,         0,   119.6,decoder_by_matrix,9c6baee88fc81e7d1aa345fcb3feec7ee81f21c5d49cb6ca037118097d89e180,"{""distance"":5,""physical_error_rate"":5e-05}","{""detection_events"":34165,""detectors_checked"":201410560}"
    968704,         0,         0,   119.5,decoder_by_matrix,b84cf4b8ca220d31f17e1e2ea9ab927bbc4176b15682c650e7d1dd8f2758172b,"{""distance"":5,""physical_error_rate"":0.0005}","{""detection_events"":273510,""detectors_checked"":164679680}"
   1301504,         0,         0,   119.5,decoder_by_matrix,e41ade2e4684e0396b9a3890c882b6453b515d69885aa1d89a26ce21ec554895,"{""distance"":5,""physical_error_rate"":1e-06}","{""detection_events"":845,""detectors_checked"":221255680}"
   1057792,         0,         0,   119.4,decoder_by_matrix,0421d486f8a041838688df650e87c0a19c3450ab7a7cc8b3dc589ebff86d1c74,"{""distance"":5,""physical_error_rate"":0.0001}","{""detection_events"":58955,""detectors_checked"":179824640}"
   1211392,         0,         0,   119.5,decoder_by_matrix,3c866087b289edc25e9adea730044a15db18cabfd3ae2507fc844d5b4e03657a,"{""distance"":5,""physical_error_rate"":5e-06}","{""detection_events"":3095,""detectors_checked"":205936640}"
   1037312,         1,         0,   119.4,decoder_by_matrix,b84cf4b8ca220d31f17e1e2ea9ab927bbc4176b15682c650e7d1dd8f2758172b,"{""distance"":5,""physical_error_rate"":0.0005}","{""detection_events"":292770,""detectors_checked"":176343040,""obs_mistake_mask=_E__"":1}"
   1113088,         0,         0,   119.5,decoder_by_matrix,fa5edda0c1038186c8afbec49b0215a0b852396cdb50783a3f937fdf51d2afac,"{""distance"":5,""physical_error_rate"":1e-05}","{""detection_events"":6375,""detectors_checked"":189224960}"
   1180672,         0,         0,   119.5,decoder_by_matrix,3c866087b289edc25e9adea730044a15db18cabfd3ae2507fc844d5b4e03657a,"{""distance"":5,""physical_error_rate"":5e-06}","{""detection_events"":2995,""detectors_checked"":200714240}"
   1106944,         0,         0,   119.6,decoder_by_matrix,0421d486f8a041838688df650e87c0a19c3450ab7a7cc8b3dc589ebff86d1c74,"{""distance"":5,""physical_error_rate"":0.0001}","{""detection_events"":62595,""detectors_checked"":188180480}"
   1116160,         0,         0,   119.5,decoder_by_matrix,3c866087b289edc25e9adea730044a15db18cabfd3ae2507fc844d5b4e03657a,"{""distance"":5,""physical_error_rate"":5e-06}","{""detection_events"":3025,""detectors_checked"":189747200}"
    902144,         0,         0,   119.7,decoder_by_matrix,b84cf4b8ca220d31f17e1e2ea9ab927bbc4176b15682c650e7d1dd8f2758172b,"{""distance"":5,""physical_error_rate"":0.0005}","{""detection_events"":255955,""detectors_checked"":153364480}"
   1070080,         0,         0,   119.6,decoder_by_matrix,066a5d8d46981b593c3dec855f441edbe9e755a8873183448f69d036a2ecc650,"{""distance"":5,""physical_error_rate"":0.001}","{""detection_events"":604685,""detectors_checked"":181913600}"
   1210368,         0,         0,   119.7,decoder_by_matrix,e41ade2e4684e0396b9a3890c882b6453b515d69885aa1d89a26ce21ec554895,"{""distance"":5,""physical_error_rate"":1e-06}","{""detection_events"":575,""detectors_checked"":205762560}"
   1197056,         0,         0,   119.3,decoder_by_matrix,3c866087b289edc25e9adea730044a15db18cabfd3ae2507fc844d5b4e03657a,"{""distance"":5,""physical_error_rate"":5e-06}","{""detection_events"":3655,""detectors_checked"":203499520}"
   1058816,         3,         0,   119.5,decoder_by_matrix,066a5d8d46981b593c3dec855f441edbe9e755a8873183448f69d036a2ecc650,"{""distance"":5,""physical_error_rate"":0.001}","{""detection_events"":607230,""detectors_checked"":179998720,""obs_mistake_mask=EE_E"":1,""obs_mistake_mask=E_E_"":1,""obs_mistake_mask=_EEE"":1}"
    953344,         1,         0,   119.5,decoder_by_matrix,066a5d8d46981b593c3dec855f441edbe9e755a8873183448f69d036a2ecc650,"{""distance"":5,""physical_error_rate"":0.001}","{""detection_events"":537795,""detectors_checked"":162068480,""obs_mistake_mask=EE_E"":1}"
    996352,         0,         0,   119.6,decoder_by_matrix,e41ade2e4684e0396b9a3890c882b6453b515d69885aa1d89a26ce21ec554895,"{""distance"":5,""physical_error_rate"":1e-06}","{""detection_events"":775,""detectors_checked"":169379840}"
   1106944,         0,         0,   119.6,decoder_by_matrix,fa5edda0c1038186c8afbec49b0215a0b852396cdb50783a3f937fdf51d2afac,"{""distance"":5,""physical_error_rate"":1e-05}","{""detection_events"":6170,""detectors_checked"":188180480}"
   1125376,         0,         0,   119.6,decoder_by_matrix,b84cf4b8ca220d31f17e1e2ea9ab927bbc4176b15682c650e7d1dd8f2758172b,"{""distance"":5,""physical_error_rate"":0.0005}","{""detection_events"":318840,""detectors_checked"":191313920}"
   1062912,         0,         0,   119.7,decoder_by_matrix,0421d486f8a041838688df650e87c0a19c3450ab7a7cc8b3dc589ebff86d1c74,"{""distance"":5,""physical_error_rate"":0.0001}","{""detection_events"":63490,""detectors_checked"":180695040}"
   1140736,         0,         0,   119.5,decoder_by_matrix,0421d486f8a041838688df650e87c0a19c3450ab7a7cc8b3dc589ebff86d1c74,"{""distance"":5,""physical_error_rate"":0.0001}","{""detection_events"":65315,""detectors_checked"":193925120}"
   1105920,         0,         0,   119.6,decoder_by_matrix,b84cf4b8ca220d31f17e1e2ea9ab927bbc4176b15682c650e7d1dd8f2758172b,"{""distance"":5,""physical_error_rate"":0.0005}","{""detection_events"":311400,""detectors_checked"":188006400}"
   1140736,         0,         0,   119.5,decoder_by_matrix,e41ade2e4684e0396b9a3890c882b6453b515d69885aa1d89a26ce21ec554895,"{""distance"":5,""physical_error_rate"":1e-06}","{""detection_events"":660,""detectors_checked"":193925120}"
    948224,         0,         0,   119.6,decoder_by_matrix,9c6baee88fc81e7d1aa345fcb3feec7ee81f21c5d49cb6ca037118097d89e180,"{""distance"":5,""physical_error_rate"":5e-05}","{""detection_events"":27330,""detectors_checked"":161198080}"
   1092608,         0,         0,   119.5,decoder_by_matrix,9c6baee88fc81e7d1aa345fcb3feec7ee81f21c5d49cb6ca037118097d89e180,"{""distance"":5,""physical_error_rate"":5e-05}","{""detection_events"":31490,""detectors_checked"":185743360}"
    885760,         0,         0,   119.6,decoder_by_matrix,0421d486f8a041838688df650e87c0a19c3450ab7a7cc8b3dc589ebff86d1c74,"{""distance"":5,""physical_error_rate"":0.0001}","{""detection_events"":51025,""detectors_checked"":150579200}"
   1298432,         0,         0,   119.6,decoder_by_matrix,3c866087b289edc25e9adea730044a15db18cabfd3ae2507fc844d5b4e03657a,"{""distance"":5,""physical_error_rate"":5e-06}","{""detection_events"":3765,""detectors_checked"":220733440}"
    921600,         0,         0,   119.6,decoder_by_matrix,e41ade2e4684e0396b9a3890c882b6453b515d69885aa1d89a26ce21ec554895,"{""distance"":5,""physical_error_rate"":1e-06}","{""detection_events"":520,""detectors_checked"":156672000}"
   1141760,         5,         0,   119.4,decoder_by_matrix,066a5d8d46981b593c3dec855f441edbe9e755a8873183448f69d036a2ecc650,"{""distance"":5,""physical_error_rate"":0.001}","{""detection_events"":646030,""detectors_checked"":194099200,""obs_mistake_mask=EE__"":1,""obs_mistake_mask=E___"":2,""obs_mistake_mask=_E_E"":1,""obs_mistake_mask=__EE"":1}"
   1136640,         0,         0,   119.6,decoder_by_matrix,9c6baee88fc81e7d1aa345fcb3feec7ee81f21c5d49cb6ca037118097d89e180,"{""distance"":5,""physical_error_rate"":5e-05}","{""detection_events"":31115,""detectors_checked"":193228800}"
   1082368,         0,         0,   119.5,decoder_by_matrix,fa5edda0c1038186c8afbec49b0215a0b852396cdb50783a3f937fdf51d2afac,"{""distance"":5,""physical_error_rate"":1e-05}","{""detection_events"":7475,""detectors_checked"":184002560}"
   1158144,         0,         0,   119.6,decoder_by_matrix,b84cf4b8ca220d31f17e1e2ea9ab927bbc4176b15682c650e7d1dd8f2758172b,"{""distance"":5,""physical_error_rate"":0.0005}","{""detection_events"":328075,""detectors_checked"":196884480}"
   1296384,         0,         0,   119.4,decoder_by_matrix,fa5edda0c1038186c8afbec49b0215a0b852396cdb50783a3f937fdf51d2afac,"{""distance"":5,""physical_error_rate"":1e-05}","{""detection_events"":7265,""detectors_checked"":220385280}"
   1240064,         0,         0,   119.5,decoder_by_matrix,9c6baee88fc81e7d1aa345fcb3feec7ee81f21c5d49cb6ca037118097d89e180,"{""distance"":5,""physical_error_rate"":5e-05}","{""detection_events"":35365,""detectors_checked"":210810880}"
    723968,         0,         0,   119.7,decoder_by_matrix,e41ade2e4684e0396b9a3890c882b6453b515d69885aa1d89a26ce21ec554895,"{""distance"":5,""physical_error_rate"":1e-06}","{""detection_events"":440,""detectors_checked"":123074560}"
   1291264,         0,         0,   119.6,decoder_by_matrix,3c866087b289edc25e9adea730044a15db18cabfd3ae2507fc844d5b4e03657a,"{""distance"":5,""physical_error_rate"":5e-06}","{""detection_events"":3710,""detectors_checked"":219514880}"
   1176576,         0,         0,   119.6,decoder_by_matrix,0421d486f8a041838688df650e87c0a19c3450ab7a7cc8b3dc589ebff86d1c74,"{""distance"":5,""physical_error_rate"":0.0001}","{""detection_events"":68205,""detectors_checked"":200017920}"
   1162240,         1,         0,   119.5,decoder_by_matrix,b84cf4b8ca220d31f17e1e2ea9ab927bbc4176b15682c650e7d1dd8f2758172b,"{""distance"":5,""physical_error_rate"":0.0005}","{""detection_events"":330215,""detectors_checked"":197580800,""obs_mistake_mask=E__E"":1}"
   1169408,         0,         0,   119.7,decoder_by_matrix,0421d486f8a041838688df650e87c0a19c3450ab7a7cc8b3dc589ebff86d1c74,"{""distance"":5,""physical_error_rate"":0.0001}","{""detection_events"":67655,""detectors_checked"":198799360}"
   1186816,         0,         0,   119.3,decoder_by_matrix,fa5edda0c1038186c8afbec49b0215a0b852396cdb50783a3f937fdf51d2afac,"{""distance"":5,""physical_error_rate"":1e-05}","{""detection_events"":7440,""detectors_checked"":201758720}"
   1262592,         0,         0,   119.5,decoder_by_matrix,fa5edda0c1038186c8afbec49b0215a0b852396cdb50783a3f937fdf51d2afac,"{""distance"":5,""physical_error_rate"":1e-05}","{""detection_events"":6720,""detectors_checked"":214640640}"
   1136640,         2,         0,   119.6,decoder_by_matrix,066a5d8d46981b593c3dec855f441edbe9e755a8873183448f69d036a2ecc650,"{""distance"":5,""physical_error_rate"":0.001}","{""detection_events"":647600,""detectors_checked"":193228800,""obs_mistake_mask=_EE_"":1,""obs_mistake_mask=___E"":1}"
   1334272,         0,         0,   119.5,decoder_by_matrix,3c866087b289edc25e9adea730044a15db18cabfd3ae2507fc844d5b4e03657a,"{""distance"":5,""physical_error_rate"":5e-06}","{""detection_events"":3735,""detectors_checked"":226826240}"
   1153024,         0,         0,   119.7,decoder_by_matrix,9c6baee88fc81e7d1aa345fcb3feec7ee81f21c5d49cb6ca037118097d89e180,"{""distance"":5,""physical_error_rate"":5e-05}","{""detection_events"":32565,""detectors_checked"":196014080}"
   1137664,         0,         0,   119.7,decoder_by_matrix,fa5edda0c1038186c8afbec49b0215a0b852396cdb50783a3f937fdf51d2afac,"{""distance"":5,""physical_error_rate"":1e-05}","{""detection_events"":6325,""detectors_checked"":193402880}"
   1206272,         0,         0,   119.6,decoder_by_matrix,e41ade2e4684e0396b9a3890c882b6453b515d69885aa1d89a26ce21ec554895,"{""distance"":5,""physical_error_rate"":1e-06}","{""detection_events"":635,""detectors_checked"":205066240}"
   1281024,         0,         0,   119.6,decoder_by_matrix,9c6baee88fc81e7d1aa345fcb3feec7ee81f21c5d49cb6ca037118097d89e180,"{""distance"":5,""physical_error_rate"":5e-05}","{""detection_events"":35750,""detectors_checked"":217774080}"
   1208320,         3,         0,   119.4,decoder_by_matrix,066a5d8d46981b593c3dec855f441edbe9e755a8873183448f69d036a2ecc650,"{""distance"":5,""physical_error_rate"":0.001}","{""detection_events"":685030,""detectors_checked"":205414400,""obs_mistake_mask=EE__"":1,""obs_mistake_mask=E___"":1,""obs_mistake_mask=___E"":1}"
   1159168,         0,         0,   119.7,decoder_by_matrix,9c6baee88fc81e7d1aa345fcb3feec7ee81f21c5d49cb6ca037118097d89e180,"{""distance"":5,""physical_error_rate"":5e-05}","{""detection_events"":32120,""detectors_checked"":197058560}"
    809984,         0,         0,   119.3,decoder_by_matrix,b84cf4b8ca220d31f17e1e2ea9ab927bbc4176b15682c650e7d1dd8f2758172b,"{""distance"":5,""physical_error_rate"":0.0005}","{""detection_events"":229245,""detectors_checked"":137697280}"
   1216512,         0,         0,   119.6,decoder_by_matrix,e41ade2e4684e0396b9a3890c882b6453b515d69885aa1d89a26ce21ec554895,"{""distance"":5,""physical_error_rate"":1e-06}","{""detection_events"":385,""detectors_checked"":206807040}"
   1242112,         0,         0,   119.4,decoder_by_matrix,0421d486f8a041838688df650e87c0a19c3450ab7a7cc8b3dc589ebff86d1c74,"{""distance"":5,""physical_error_rate"":0.0001}","{""detection_events"":72030,""detectors_checked"":211159040}"
   1182720,         0,         0,   119.6,decoder_by_matrix,3c866087b289edc25e9adea730044a15db18cabfd3ae2507fc844d5b4e03657a,"{""distance"":5,""physical_error_rate"":5e-06}","{""detection_events"":2910,""detectors_checked"":201062400}"
   1086464,         0,         0,   119.6,decoder_by_matrix,b84cf4b8ca220d31f17e1e2ea9ab927bbc4176b15682c650e7d1dd8f2758172b,"{""distance"":5,""physical_error_rate"":0.0005}","{""detection_events"":308615,""detectors_checked"":184698880}"
   1087488,         0,         0,   119.6,decoder_by_matrix,fa5edda0c1038186c8afbec49b0215a0b852396cdb50783a3f937fdf51d2afac,"{""distance"":5,""physical_error_rate"":1e-05}","{""detection_events"":5900,""detectors_checked"":184872960}"
   1209344,         0,         0,   119.6,decoder_by_matrix,3c866087b289edc25e9adea730044a15db18cabfd3ae2507fc844d5b4e03657a,"{""distance"":5,""physical_error_rate"":5e-06}","{""detection_events"":3580,""detectors_checked"":205588480}"
   1212416,         0,         0,   119.5,decoder_by_matrix,0421d486f8a041838688df650e87c0a19c3450ab7a7cc8b3dc589ebff86d1c74,"{""distance"":5,""physical_error_rate"":0.0001}","{""detection_events"":69720,""detectors_checked"":206110720}"
   1247232,         0,         0,   119.6,decoder_by_matrix,3c866087b289edc25e9adea730044a15db18cabfd3ae2507fc844d5b4e03657a,"{""distance"":5,""physical_error_rate"":5e-06}","{""detection_events"":3325,""detectors_checked"":212029440}"
    848896,         0,         0,   119.3,decoder_by_matrix,b84cf4b8ca220d31f17e1e2ea9ab927bbc4176b15682c650e7d1dd8f2758172b,"{""distance"":5,""physical_error_rate"":0.0005}","{""detection_events"":238960,""detectors_checked"":144312320}"
   1247232,         0,         0,   119.6,decoder_by_matrix,066a5d8d46981b593c3dec855f441edbe9e755a8873183448f69d036a2ecc650,"{""distance"":5,""physical_error_rate"":0.001}","{""detection_events"":711675,""detectors_checked"":212029440}"
   1189888,         0,         0,   119.5,decoder_by_matrix,e41ade2e4684e0396b9a3890c882b6453b515d69885aa1d89a26ce21ec554895,"{""distance"":5,""physical_error_rate"":1e-06}","{""detection_events"":645,""detectors_checked"":202280960}"
   1074176,         0,         0,   119.6,decoder_by_matrix,3c866087b289edc25e9adea730044a15db18cabfd3ae2507fc844d5b4e03657a,"{""distance"":5,""physical_error_rate"":5e-06}","{""detection_events"":3195,""detectors_checked"":182609920}"
   1141760,         2,         0,   119.6,decoder_by_matrix,066a5d8d46981b593c3dec855f441edbe9e755a8873183448f69d036a2ecc650,"{""distance"":5,""physical_error_rate"":0.001}","{""detection_events"":647050,""detectors_checked"":194099200,""obs_mistake_mask=E__E"":1,""obs_mistake_mask=_E__"":1}"
    739328,         1,         0,   119.5,decoder_by_matrix,066a5d8d46981b593c3dec855f441edbe9e755a8873183448f69d036a2ecc650,"{""distance"":5,""physical_error_rate"":0.001}","{""detection_events"":418560,""detectors_checked"":125685760,""obs_mistake_mask=__E_"":1}"
    880640,         0,         0,   119.7,decoder_by_matrix,e41ade2e4684e0396b9a3890c882b6453b515d69885aa1d89a26ce21ec554895,"{""distance"":5,""physical_error_rate"":1e-06}","{""detection_events"":710,""detectors_checked"":149708800}"
   1210368,         0,         0,   119.4,decoder_by_matrix,fa5edda0c1038186c8afbec49b0215a0b852396cdb50783a3f937fdf51d2afac,"{""distance"":5,""physical_error_rate"":1e-05}","{""detection_events"":7225,""detectors_checked"":205762560}"
   1213440,         0,         0,   119.4,decoder_by_matrix,b84cf4b8ca220d31f17e1e2ea9ab927bbc4176b15682c650e7d1dd8f2758172b,"{""distance"":5,""physical_error_rate"":0.0005}","{""detection_events"":345430,""detectors_checked"":206284800}"
   1257472,         0,         0,   119.6,decoder_by_matrix,0421d486f8a041838688df650e87c0a19c3450ab7a7cc8b3dc589ebff86d1c74,"{""distance"":5,""physical_error_rate"":0.0001}","{""detection_events"":71370,""detectors_checked"":213770240}"
   1090560,         0,         0,   119.5,decoder_by_matrix,0421d486f8a041838688df650e87c0a19c3450ab7a7cc8b3dc589ebff86d1c74,"{""distance"":5,""physical_error_rate"":0.0001}","{""detection_events"":62970,""detectors_checked"":185395200}"
   1039360,         1,         0,   119.4,decoder_by_matrix,b84cf4b8ca220d31f17e1e2ea9ab927bbc4176b15682c650e7d1dd8f2758172b,"{""distance"":5,""physical_error_rate"":0.0005}","{""detection_events"":298915,""detectors_checked"":176691200,""obs_mistake_mask=E___"":1}"
   1072128,         0,         0,   119.6,decoder_by_matrix,e41ade2e4684e0396b9a3890c882b6453b515d69885aa1d89a26ce21ec554895,"{""distance"":5,""physical_error_rate"":1e-06}","{""detection_events"":550,""detectors_checked"":182261760}"
    764928,         0,         0,   119.5,decoder_by_matrix,9c6baee88fc81e7d1aa345fcb3feec7ee81f21c5d49cb6ca037118097d89e180,"{""distance"":5,""physical_error_rate"":5e-05}","{""detection_events"":20905,""detectors_checked"":130037760}"
   1169408,         0,         0,   119.5,decoder_by_matrix,9c6baee88fc81e7d1aa345fcb3feec7ee81f21c5d49cb6ca037118097d89e180,"{""distance"":5,""physical_error_rate"":5e-05}","{""detection_events"":33430,""detectors_checked"":198799360}"
    858112,         0,         0,   119.5,decoder_by_matrix,0421d486f8a041838688df650e87c0a19c3450ab7a7cc8b3dc589ebff86d1c74,"{""distance"":5,""physical_error_rate"":0.0001}","{""detection_events"":49305,""detectors_checked"":145879040}"
   1319936,         0,         0,   119.6,decoder_by_matrix,3c866087b289edc25e9adea730044a15db18cabfd3ae2507fc844d5b4e03657a,"{""distance"":5,""physical_error_rate"":5e-06}","{""detection_events"":3890,""detectors_checked"":224389120}"
    851968,         0,         0,   119.5,decoder_by_matrix,e41ade2e4684e0396b9a3890c882b6453b515d69885aa1d89a26ce21ec554895,"{""distance"":5,""physical_error_rate"":1e-06}","{""detection_events"":440,""detectors_checked"":144834560}"
   1187840,         2,         0,   119.5,decoder_by_matrix,066a5d8d46981b593c3dec855f441edbe9e755a8873183448f69d036a2ecc650,"{""distance"":5,""physical_error_rate"":0.001}","{""detection_events"":673765,""detectors_checked"":201932800,""obs_mistake_mask=EE__"":1,""obs_mistake_mask=___E"":1}"
   1040384,         0,         0,   119.7,decoder_by_matrix,9c6baee88fc81e7d1aa345fcb3feec7ee81f21c5d49cb6ca037118097d89e180,"{""distance"":5,""physical_error_rate"":5e-05}","{""detection_events"":29975,""detectors_checked"":176865280}"
   1225728,         0,         0,   119.5,decoder_by_matrix,fa5edda0c1038186c8afbec49b0215a0b852396cdb50783a3f937fdf51d2afac,"{""distance"":5,""physical_error_rate"":1e-05}","{""detection_events"":7180,""detectors_checked"":208373760}"
   1031168,         0,         0,   119.5,decoder_by_matrix,b84cf4b8ca220d31f17e1e2ea9ab927bbc4176b15682c650e7d1dd8f2758172b,"{""distance"":5,""physical_error_rate"":0.0005}","{""detection_events"":297205,""detectors_checked"":175298560}"
   1275904,         0,         0,   119.6,decoder_by_matrix,fa5edda0c1038186c8afbec49b0215a0b852396cdb50783a3f937fdf51d2afac,"{""distance"":5,""physical_error_rate"":1e-05}","{""detection_events"":7070,""detectors_checked"":216903680}"
   1204224,         0,         0,   119.5,decoder_by_matrix,9c6baee88fc81e7d1aa345fcb3feec7ee81f21c5d49cb6ca037118097d89e180,"{""distance"":5,""physical_error_rate"":5e-05}","{""detection_events"":34190,""detectors_checked"":204718080}"
   1164288,         0,         0,   119.5,decoder_by_matrix,e41ade2e4684e0396b9a3890c882b6453b515d69885aa1d89a26ce21ec554895,"{""distance"":5,""physical_error_rate"":1e-06}","{""detection_events"":765,""detectors_checked"":197928960}"
   1193984,         0,         0,   119.5,decoder_by_matrix,3c866087b289edc25e9adea730044a15db18cabfd3ae2507fc844d5b4e03657a,"{""distance"":5,""physical_error_rate"":5e-06}","{""detection_events"":3165,""detectors_checked"":202977280}"
   1176576,         0,         0,   119.5,decoder_by_matrix,0421d486f8a041838688df650e87c0a19c3450ab7a7cc8b3dc589ebff86d1c74,"{""distance"":5,""physical_error_rate"":0.0001}","{""detection_events"":68555,""detectors_checked"":200017920}"
   1144832,         0,         0,   119.5,decoder_by_matrix,b84cf4b8ca220d31f17e1e2ea9ab927bbc4176b15682c650e7d1dd8f2758172b,"{""distance"":5,""physical_error_rate"":0.0005}","{""detection_events"":324440,""detectors_checked"":194621440}"
   1300480,         0,         0,   119.5,decoder_by_matrix,0421d486f8a041838688df650e87c0a19c3450ab7a7cc8b3dc589ebff86d1c74,"{""distance"":5,""physical_error_rate"":0.0001}","{""detection_events"":74575,""detectors_checked"":221081600}"
   1283072,         0,         0,   119.5,decoder_by_matrix,fa5edda0c1038186c8afbec49b0215a0b852396cdb50783a3f937fdf51d2afac,"{""distance"":5,""physical_error_rate"":1e-05}","{""detection_events"":7420,""detectors_checked"":218122240}"
   1204224,         0,         0,   119.7,decoder_by_matrix,fa5edda0c1038186c8afbec49b0215a0b852396cdb50783a3f937fdf51d2afac,"{""distance"":5,""physical_error_rate"":1e-05}","{""detection_events"":6930,""detectors_checked"":204718080}"
   1383424,         0,         0,   119.3,decoder_by_matrix,3c866087b289edc25e9adea730044a15db18cabfd3ae2507fc844d5b4e03657a,"{""distance"":5,""physical_error_rate"":5e-06}","{""detection_events"":3880,""detectors_checked"":235182080}"
    768000,         3,         0,   119.9,decoder_by_matrix,066a5d8d46981b593c3dec855f441edbe9e755a8873183448f69d036a2ecc650,"{""distance"":5,""physical_error_rate"":0.001}","{""detection_events"":433420,""detectors_checked"":130560000,""obs_mistake_mask=E___"":2,""obs_mistake_mask=_EE_"":1}"
   1310720,         0,         0,   119.4,decoder_by_matrix,9c6baee88fc81e7d1aa345fcb3feec7ee81f21c5d49cb6ca037118097d89e180,"{""distance"":5,""physical_error_rate"":5e-05}","{""detection_events"":39110,""detectors_checked"":222822400}"
   1268736,         0,         0,   119.6,decoder_by_matrix,fa5edda0c1038186c8afbec49b0215a0b852396cdb50783a3f937fdf51d2afac,"{""distance"":5,""physical_error_rate"":1e-05}","{""detection_events"":6880,""detectors_checked"":215685120}"
   1157120,         0,         0,   119.5,decoder_by_matrix,e41ade2e4684e0396b9a3890c882b6453b515d69885aa1d89a26ce21ec554895,"{""distance"":5,""physical_error_rate"":1e-06}","{""detection_events"":835,""detectors_checked"":196710400}"
   1081344,         0,         0,   119.6,decoder_by_matrix,9c6baee88fc81e7d1aa345fcb3feec7ee81f21c5d49cb6ca037118097d89e180,"{""distance"":5,""physical_error_rate"":5e-05}","{""detection_events"":30875,""detectors_checked"":183828480}"
   1150976,         2,         0,   119.5,decoder_by_matrix,066a5d8d46981b593c3dec855f441edbe9e755a8873183448f69d036a2ecc650,"{""distance"":5,""physical_error_rate"":0.001}","{""detection_events"":649325,""detectors_checked"":195665920,""obs_mistake_mask=E___"":1,""obs_mistake_mask=___E"":1}"
   1295360,         0,         0,   119.4,decoder_by_matrix,9c6baee88fc81e7d1aa345fcb3feec7ee81f21c5d49cb6ca037118097d89e180,"{""distance"":5,""physical_error_rate"":5e-05}","{""detection_events"":37435,""detectors_checked"":220211200}"
   1197056,         1,         0,   119.7,decoder_by_matrix,b84cf4b8ca220d31f17e1e2ea9ab927bbc4176b15682c650e7d1dd8f2758172b,"{""distance"":5,""physical_error_rate"":0.0005}","{""detection_events"":340620,""detectors_checked"":203499520,""obs_mistake_mask=___E"":1}"
   1367040,         0,         0,   119.6,decoder_by_matrix,e41ade2e4684e0396b9a3890c882b6453b515d69885aa1d89a26ce21ec554895,"{""distance"":5,""physical_error_rate"":1e-06}","{""detection_events"":700,""detectors_checked"":232396800}"
   1110016,         0,         0,   119.6,decoder_by_matrix,0421d486f8a041838688df650e87c0a19c3450ab7a7cc8b3dc589ebff86d1c74,"{""distance"":5,""physical_error_rate"":0.0001}","{""detection_events"":62710,""detectors_checked"":188702720}"
    837632,         0,         0,   119.6,decoder_by_matrix,3c866087b289edc25e9adea730044a15db18cabfd3ae2507fc844d5b4e03657a,"{""distance"":5,""physical_error_rate"":5e-06}","{""detection_events"":2660,""detectors_checked"":142397440}"
   1118208,         0,         0,   119.5,decoder_by_matrix,b84cf4b8ca220d31f17e1e2ea9ab927bbc4176b15682c650e7d1dd8f2758172b,"{""distance"":5,""physical_error_rate"":0.0005}","{""detection_events"":315825,""detectors_checked"":190095360}"
    830464,         0,         0,   119.8,decoder_by_matrix,fa5edda0c1038186c8afbec49b0215a0b852396cdb50783a3f937fdf51d2afac,"{""distance"":5,""physical_error_rate"":1e-05}","{""detection_events"":4675,""detectors_checked"":141178880}"
    769024,         0,         0,   119.5,decoder_by_matrix,0421d486f8a041838688df650e87c0a19c3450ab7a7cc8b3dc589ebff86d1c74,"{""distance"":5,""physical_error_rate"":0.0001}","{""detection_events"":42750,""detectors_checked"":130734080}"
   1090560,         0,         0,   119.4,decoder_by_matrix,3c866087b289edc25e9adea730044a15db18cabfd3ae2507fc844d5b4e03657a,"{""distance"":5,""physical_error_rate"":5e-06}","{""detection_events"":2805,""detectors_checked"":185395200}"
   1086464,         0,         0,   119.6,decoder_by_matrix,3c866087b289edc25e9adea730044a15db18cabfd3ae2507fc844d5b4e03657a,"{""distance"":5,""physical_error_rate"":5e-06}","{""detection_events"":2665,""detectors_checked"":184698880}"
   1159168,         1,         0,   119.7,decoder_by_matrix,b84cf4b8ca220d31f17e1e2ea9ab927bbc4176b15682c650e7d1dd8f2758172b,"{""distance"":5,""physical_error_rate"":0.0005}","{""detection_events"":327845,""detectors_checked"":197058560,""obs_mistake_mask=__E_"":1}"
   1087488,         3,         0,   119.5,decoder_by_matrix,066a5d8d46981b593c3dec855f441edbe9e755a8873183448f69d036a2ecc650,"{""distance"":5,""physical_error_rate"":0.001}","{""detection_events"":615710,""detectors_checked"":184872960,""obs_mistake_mask=_E_E"":1,""obs_mistake_mask=_E__"":1,""obs_mistake_mask=__E_"":1}"
   1377280,         0,         0,   119.4,decoder_by_matrix,e41ade2e4684e0396b9a3890c882b6453b515d69885aa1d89a26ce21ec554895,"{""distance"":5,""physical_error_rate"":1e-06}","{""detection_events"":810,""detectors_checked"":234137600}"
   1185792,         0,         0,   119.6,decoder_by_matrix,3c866087b289edc25e9adea730044a15db18cabfd3ae2507fc844d5b4e03657a,"{""distance"":5,""physical_error_rate"":5e-06}","{""detection_events"":3540,""detectors_checked"":201584640}"
   1044480,         3,         0,   119.6,decoder_by_matrix,066a5d8d46981b593c3dec855f441edbe9e755a8873183448f69d036a2ecc650,"{""distance"":5,""physical_error_rate"":0.001}","{""detection_events"":594745,""detectors_checked"":177561600,""obs_mistake_mask=E_E_"":1,""obs_mistake_mask=_EE_"":1,""obs_mistake_mask=_E_E"":1}"
   1181696,         0,         0,   119.5,decoder_by_matrix,fa5edda0c1038186c8afbec49b0215a0b852396cdb50783a3f937fdf51d2afac,"{""distance"":5,""physical_error_rate"":1e-05}","{""detection_events"":6775,""detectors_checked"":200888320}"
   1025024,         1,         0,   119.7,decoder_by_matrix,066a5d8d46981b593c3dec855f441edbe9e755a8873183448f69d036a2ecc650,"{""distance"":5,""physical_error_rate"":0.001}","{""detection_events"":579500,""detectors_checked"":174254080,""obs_mistake_mask=E___"":1}"
   1052672,         0,         0,   119.7,decoder_by_matrix,e41ade2e4684e0396b9a3890c882b6453b515d69885aa1d89a26ce21ec554895,"{""distance"":5,""physical_error_rate"":1e-06}","{""detection_events"":840,""detectors_checked"":178954240}"
   1131520,         1,         0,   119.6,decoder_by_matrix,b84cf4b8ca220d31f17e1e2ea9ab927bbc4176b15682c650e7d1dd8f2758172b,"{""distance"":5,""physical_error_rate"":0.0005}","{""detection_events"":320205,""detectors_checked"":192358400,""obs_mistake_mask=E___"":1}"
   1137664,         0,         0,   119.6,decoder_by_matrix,0421d486f8a041838688df650e87c0a19c3450ab7a7cc8b3dc589ebff86d1c74,"{""distance"":5,""physical_error_rate"":0.0001}","{""detection_events"":66485,""detectors_checked"":193402880}"
   1052672,         0,         0,   119.5,decoder_by_matrix,0421d486f8a041838688df650e87c0a19c3450ab7a7cc8b3dc589ebff86d1c74,"{""distance"":5,""physical_error_rate"":0.0001}","{""detection_events"":58135,""detectors_checked"":178954240}"
   1164288,         1,         0,   119.6,decoder_by_matrix,b84cf4b8ca220d31f17e1e2ea9ab927bbc4176b15682c650e7d1dd8f2758172b,"{""distance"":5,""physical_error_rate"":0.0005}","{""detection_events"":328800,""detectors_checked"":197928960,""obs_mistake_mask=E___"":1}"
    821248,         0,         0,   119.6,decoder_by_matrix,e41ade2e4684e0396b9a3890c882b6453b515d69885aa1d89a26ce21ec554895,"{""distance"":5,""physical_error_rate"":1e-06}","{""detection_events"":430,""detectors_checked"":139612160}"
   1083392,         0,         0,   119.6,decoder_by_matrix,9c6baee88fc81e7d1aa345fcb3feec7ee81f21c5d49cb6ca037118097d89e180,"{""distance"":5,""physical_error_rate"":5e-05}","{""detection_events"":29610,""detectors_checked"":184176640}"
   1255424,         0,         0,   119.6,decoder_by_matrix,9c6baee88fc81e7d1aa345fcb3feec7ee81f21c5d49cb6ca037118097d89e180,"{""distance"":5,""physical_error_rate"":5e-05}","{""detection_events"":35075,""detectors_checked"":213422080}"
   1298432,         0,         0,   119.6,decoder_by_matrix,0421d486f8a041838688df650e87c0a19c3450ab7a7cc8b3dc589ebff86d1c74,"{""distance"":5,""physical_error_rate"":0.0001}","{""detection_events"":74240,""detectors_checked"":220733440}"
   1184768,         0,         0,   119.5,decoder_by_matrix,3c866087b289edc25e9adea730044a15db18cabfd3ae2507fc844d5b4e03657a,"{""distance"":5,""physical_error_rate"":5e-06}","{""detection_events"":3850,""detectors_checked"":201410560}"
    770048,         0,         0,   119.6,decoder_by_matrix,e41ade2e4684e0396b9a3890c882b6453b515d69885aa1d89a26ce21ec554895,"{""distance"":5,""physical_error_rate"":1e-06}","{""detection_events"":470,""detectors_checked"":130908160}"
   1154048,         0,         0,   119.6,decoder_by_matrix,066a5d8d46981b593c3dec855f441edbe9e755a8873183448f69d036a2ecc650,"{""distance"":5,""physical_error_rate"":0.001}","{""detection_events"":652885,""detectors_checked"":196188160}"
   1217536,         0,         0,   119.4,decoder_by_matrix,fa5edda0c1038186c8afbec49b0215a0b852396cdb50783a3f937fdf51d2afac,"{""distance"":5,""physical_error_rate"":1e-05}","{""detection_events"":6640,""detectors_checked"":206981120}"
    687104,         0,         0,   119.5,decoder_by_matrix,9c6baee88fc81e7d1aa345fcb3feec7ee81f21c5d49cb6ca037118097d89e180,"{""distance"":5,""physical_error_rate"":5e-05}","{""detection_events"":19485,""detectors_checked"":116807680}"
   1074176,         0,         0,   119.4,decoder_by_matrix,b84cf4b8ca220d31f17e1e2ea9ab927bbc4176b15682c650e7d1dd8f2758172b,"{""distance"":5,""physical_error_rate"":0.0005}","{""detection_events"":306485,""detectors_checked"":182609920}"
   1265664,         0,         0,   119.5,decoder_by_matrix,fa5edda0c1038186c8afbec49b0215a0b852396cdb50783a3f937fdf51d2afac,"{""distance"":5,""physical_error_rate"":1e-05}","{""detection_events"":7705,""detectors_checked"":215162880}"
   1163264,         0,         0,   119.6,decoder_by_matrix,9c6baee88fc81e7d1aa345fcb3feec7ee81f21c5d49cb6ca037118097d89e180,"{""distance"":5,""physical_error_rate"":5e-05}","{""detection_events"":34040,""detectors_checked"":197754880}"
   1195008,         0,         0,   119.6,decoder_by_matrix,e41ade2e4684e0396b9a3890c882b6453b515d69885aa1d89a26ce21ec554895,"{""distance"":5,""physical_error_rate"":1e-06}","{""detection_events"":670,""detectors_checked"":203151360}"
   1245184,         0,         0,   119.8,decoder_by_matrix,3c866087b289edc25e9adea730044a15db18cabfd3ae2507fc844d5b4e03657a,"{""distance"":5,""physical_error_rate"":5e-06}","{""detection_events"":3200,""detectors_checked"":211681280}"
   1190912,         0,         0,   119.6,decoder_by_matrix,0421d486f8a041838688df650e87c0a19c3450ab7a7cc8b3dc589ebff86d1c74,"{""distance"":5,""physical_error_rate"":0.0001}","{""detection_events"":69265,""detectors_checked"":202455040}"
   1182720,         1,         0,   119.5,decoder_by_matrix,b84cf4b8ca220d31f17e1e2ea9ab927bbc4176b15682c650e7d1dd8f2758172b,"{""distance"":5,""physical_error_rate"":0.0005}","{""detection_events"":337570,""detectors_checked"":201062400,""obs_mistake_mask=E_E_"":1}"
   1172480,         0,         0,   119.4,decoder_by_matrix,0421d486f8a041838688df650e87c0a19c3450ab7a7cc8b3dc589ebff86d1c74,"{""distance"":5,""physical_error_rate"":0.0001}","{""detection_events"":67390,""detectors_checked"":199321600}"
   1317888,         0,         0,   119.5,decoder_by_matrix,fa5edda0c1038186c8afbec49b0215a0b852396cdb50783a3f937fdf51d2afac,"{""distance"":5,""physical_error_rate"":1e-05}","{""detection_events"":7735,""detectors_checked"":224040960}"
   1270784,         0,         0,   119.5,decoder_by_matrix,fa5edda0c1038186c8afbec49b0215a0b852396cdb50783a3f937fdf51d2afac,"{""distance"":5,""physical_error_rate"":1e-05}","{""detection_events"":7440,""detectors_checked"":216033280}"
   1311744,         0,         0,   119.4,decoder_by_matrix,3c866087b289edc25e9adea730044a15db18cabfd3ae2507fc844d5b4e03657a,"{""distance"":5,""physical_error_rate"":5e-06}","{""detection_events"":3350,""detectors_checked"":222996480}"
    756736,         2,         0,   119.4,decoder_by_matrix,066a5d8d46981b593c3dec855f441edbe9e755a8873183448f69d036a2ecc650,"{""distance"":5,""physical_error_rate"":0.001}","{""detection_events"":434185,""detectors_checked"":128645120,""obs_mistake_mask=EE_E"":1,""obs_mistake_mask=E_E_"":1}"
   1248256,         0,         0,   119.4,decoder_by_matrix,fa5edda0c1038186c8afbec49b0215a0b852396cdb50783a3f937fdf51d2afac,"{""distance"":5,""physical_error_rate"":1e-05}","{""detection_events"":6870,""detectors_checked"":212203520}"
   1170432,         0,         0,   119.5,decoder_by_matrix,9c6baee88fc81e7d1aa345fcb3feec7ee81f21c5d49cb6ca037118097d89e180,"{""distance"":5,""physical_error_rate"":5e-05}","{""detection_events"":33245,""detectors_checked"":198973440}"
   1270784,         0,         0,   119.6,decoder_by_matrix,e41ade2e4684e0396b9a3890c882b6453b515d69885aa1d89a26ce21ec554895,"{""distance"":5,""physical_error_rate"":1e-06}","{""detection_events"":650,""detectors_checked"":216033280}"
   1242112,         0,         0,   119.6,decoder_by_matrix,9c6baee88fc81e7d1aa345fcb3feec7ee81f21c5d49cb6ca037118097d89e180,"{""distance"":5,""physical_error_rate"":5e-05}","{""detection_events"":35060,""detectors_checked"":211159040}"
   1207296,         3,         0,   119.5,decoder_by_matrix,066a5d8d46981b593c3dec855f441edbe9e755a8873183448f69d036a2ecc650,"{""distance"":5,""physical_error_rate"":0.001}","{""detection_events"":683540,""detectors_checked"":205240320,""obs_mistake_mask=E_E_"":1,""obs_mistake_mask=E___"":1,""obs_mistake_mask=_E__"":1}"
   1148928,         0,         0,   119.5,decoder_by_matrix,9c6baee88fc81e7d1aa345fcb3feec7ee81f21c5d49cb6ca037118097d89e180,"{""distance"":5,""physical_error_rate"":5e-05}","{""detection_events"":32605,""detectors_checked"":195317760}"
   1241088,         0,         0,   119.6,decoder_by_matrix,b84cf4b8ca220d31f17e1e2ea9ab927bbc4176b15682c650e7d1dd8f2758172b,"{""distance"":5,""physical_error_rate"":0.0005}","{""detection_events"":357765,""detectors_checked"":210984960}"
   1290240,         0,         0,   119.4,decoder_by_matrix,e41ade2e4684e0396b9a3890c882b6453b515d69885aa1d89a26ce21ec554895,"{""distance"":5,""physical_error_rate"":1e-06}","{""detection_events"":675,""detectors_checked"":219340800}"
   1191936,         0,         0,   119.6,decoder_by_matrix,0421d486f8a041838688df650e87c0a19c3450ab7a7cc8b3dc589ebff86d1c74,"{""distance"":5,""physical_error_rate"":0.0001}","{""detection_events"":68065,""detectors_checked"":202629120}"
    962560,         0,         0,   119.5,decoder_by_matrix,3c866087b289edc25e9adea730044a15db18cabfd3ae2507fc844d5b4e03657a,"{""distance"":5,""physical_error_rate"":5e-06}","{""detection_events"":2620,""detectors_checked"":163635200}"
    979968,         0,         0,   119.5,decoder_by_matrix,b84cf4b8ca220d31f17e1e2ea9ab927bbc4176b15682c650e7d1dd8f2758172b,"{""distance"":5,""physical_error_rate"":0.0005}","{""detection_events"":280670,""detectors_checked"":166594560}"
    801792,         0,         0,   119.6,decoder_by_matrix,fa5edda0c1038186c8afbec49b0215a0b852396cdb50783a3f937fdf51d2afac,"{""distance"":5,""physical_error_rate"":1e-05}","{""detection_events"":4315,""detectors_checked"":136304640}"
   1234944,         0,         0,   119.5,decoder_by_matrix,3c866087b289edc25e9adea730044a15db18cabfd3ae2507fc844d5b4e03657a,"{""distance"":5,""physical_error_rate"":5e-06}","{""detection_events"":3765,""detectors_checked"":209940480}"
    914432,         0,         0,   119.5,decoder_by_matrix,0421d486f8a041838688df650e87c0a19c3450ab7a7cc8b3dc589ebff86d1c74,"{""distance"":5,""physical_error_rate"":0.0001}","{""detection_events"":51695,""detectors_checked"":155453440}"
   1252352,         0,         0,   119.5,decoder_by_matrix,3c866087b289edc25e9adea730044a15db18cabfd3ae2507fc844d5b4e03657a,"{""distance"":5,""physical_error_rate"":5e-06}","{""detection_events"":3605,""detectors_checked"":212899840}"
   1100800,         0,         0,   119.4,decoder_by_matrix,b84cf4b8ca220d31f17e1e2ea9ab927bbc4176b15682c650e7d1dd8f2758172b,"{""distance"":5,""physical_error_rate"":0.0005}","{""detection_events"":308320,""detectors_checked"":187136000}"
   1228800,         6,         0,   119.5,decoder_by_matrix,066a5d8d46981b593c3dec855f441edbe9e755a8873183448f69d036a2ecc650,"{""distance"":5,""physical_error_rate"":0.001}","{""detection_events"":696535,""detectors_checked"":208896000,""obs_mistake_mask=E_E_"":2,""obs_mistake_mask=E___"":1,""obs_mistake_mask=_E__"":1,""obs_mistake_mask=__EE"":2}"
   1241088,         0,         0,   119.5,decoder_by_matrix,e41ade2e4684e0396b9a3890c882b6453b515d69885aa1d89a26ce21ec554895,"{""distance"":5,""physical_error_rate"":1e-06}","{""detection_events"":685,""detectors_checked"":210984960}"
   1235968,         0,         0,   119.5,decoder_by_matrix,3c866087b289edc25e9adea730044a15db18cabfd3ae2507fc844d5b4e03657a,"{""distance"":5,""physical_error_rate"":5e-06}","{""detection_events"":3540,""detectors_checked"":210114560}"
   1207296,         1,         0,   119.5,decoder_by_matrix,066a5d8d46981b593c3dec855f441edbe9e755a8873183448f69d036a2ecc650,"{""distance"":5,""physical_error_rate"":0.001}","{""detection_events"":687415,""detectors_checked"":205240320,""obs_mistake_mask=E___"":1}"
    917504,         1,         0,   119.5,decoder_by_matrix,066a5d8d46981b593c3dec855f441edbe9e755a8873183448f69d036a2ecc650,"{""distance"":5,""physical_error_rate"":0.001}","{""detection_events"":519625,""detectors_checked"":155975680,""obs_mistake_mask=__E_"":1}"
   1261568,         0,         0,   119.5,decoder_by_matrix,fa5edda0c1038186c8afbec49b0215a0b852396cdb50783a3f937fdf51d2afac,"{""distance"":5,""physical_error_rate"":1e-05}","{""detection_events"":7430,""detectors_checked"":214466560}"
    955392,         0,         0,   119.3,decoder_by_matrix,e41ade2e4684e0396b9a3890c882b6453b515d69885aa1d89a26ce21ec554895,"{""distance"":5,""physical_error_rate"":1e-06}","{""detection_events"":655,""detectors_checked"":162416640}"
   1150976,         1,         0,   119.5,decoder_by_matrix,b84cf4b8ca220d31f17e1e2ea9ab927bbc4176b15682c650e7d1dd8f2758172b,"{""distance"":5,""physical_error_rate"":0.0005}","{""detection_events"":319275,""detectors_checked"":195665920,""obs_mistake_mask=E___"":1}"
   1035264,         0,         0,   119.6,decoder_by_matrix,0421d486f8a041838688df650e87c0a19c3450ab7a7cc8b3dc589ebff86d1c74,"{""distance"":5,""physical_error_rate"":0.0001}","{""detection_events"":59115,""detectors_checked"":175994880}"
   1245184,         0,         0,   119.5,decoder_by_matrix,0421d486f8a041838688df650e87c0a19c3450ab7a7cc8b3dc589ebff86d1c74,"{""distance"":5,""physical_error_rate"":0.0001}","{""detection_events"":70390,""detectors_checked"":211681280}"
   1021952,         0,         0,   119.5,decoder_by_matrix,b84cf4b8ca220d31f17e1e2ea9ab927bbc4176b15682c650e7d1dd8f2758172b,"{""distance"":5,""physical_error_rate"":0.0005}","{""detection_events"":290415,""detectors_checked"":173731840}"
   1110016,         0,         0,   119.7,decoder_by_matrix,e41ade2e4684e0396b9a3890c882b6453b515d69885aa1d89a26ce21ec554895,"{""distance"":5,""physical_error_rate"":1e-06}","{""detection_events"":535,""detectors_checked"":188702720}"
   1001472,         0,         0,   119.6,decoder_by_matrix,9c6baee88fc81e7d1aa345fcb3feec7ee81f21c5d49cb6ca037118097d89e180,"{""distance"":5,""physical_error_rate"":5e-05}","{""detection_events"":27825,""detectors_checked"":170250240}"
   1120256,         0,         0,   119.7,decoder_by_matrix,9c6baee88fc81e7d1aa345fcb3feec7ee81f21c5d49cb6ca037118097d89e180,"{""distance"":5,""physical_error_rate"":5e-05}","{""detection_events"":31360,""detectors_checked"":190443520}"
    992256,         0,         0,   119.4,decoder_by_matrix,0421d486f8a041838688df650e87c0a19c3450ab7a7cc8b3dc589ebff86d1c74,"{""distance"":5,""physical_error_rate"":0.0001}","{""detection_events"":55920,""detectors_checked"":168683520}"
   1274880,         0,         0,   119.5,decoder_by_matrix,3c866087b289edc25e9adea730044a15db18cabfd3ae2507fc844d5b4e03657a,"{""distance"":5,""physical_error_rate"":5e-06}","{""detection_events"":3275,""detectors_checked"":216729600}"
    824320,         0,         0,   119.7,decoder_by_matrix,e41ade2e4684e0396b9a3890c882b6453b515d69885aa1d89a26ce21ec554895,"{""distance"":5,""physical_error_rate"":1e-06}","{""detection_events"":410,""detectors_checked"":140134400}"
   1070080,         1,         0,   119.5,decoder_by_matrix,066a5d8d46981b593c3dec855f441edbe9e755a8873183448f69d036a2ecc650,"{""distance"":5,""physical_error_rate"":0.001}","{""detection_events"":604165,""detectors_checked"":181913600,""obs_mistake_mask=E__E"":1}"
    858112,         0,         0,   119.5,decoder_by_matrix,9c6baee88fc81e7d1aa345fcb3feec7ee81f21c5d49cb6ca037118097d89e180,"{""distance"":5,""physical_error_rate"":5e-05}","{""detection_events"":24930,""detectors_checked"":145879040}"
   1133568,         0,         0,   119.5,decoder_by_matrix,fa5edda0c1038186c8afbec49b0215a0b852396cdb50783a3f937fdf51d2afac,"{""distance"":5,""physical_error_rate"":1e-05}","{""detection_events"":6945,""detectors_checked"":192706560}"
   1166336,         1,         0,   119.6,decoder_by_matrix,b84cf4b8ca220d31f17e1e2ea9ab927bbc4176b15682c650e7d1dd8f2758172b,"{""distance"":5,""physical_error_rate"":0.0005}","{""detection_events"":334160,""detectors_checked"":198277120,""obs_mistake_mask=__E_"":1}"
   1488896,         0,         0,   119.4,decoder_by_matrix,fa5edda0c1038186c8afbec49b0215a0b852396cdb50783a3f937fdf51d2afac,"{""distance"":5,""physical_error_rate"":1e-05}","{""detection_events"":8280,""detectors_checked"":253112320}"
   1428480,         0,         0,   119.5,decoder_by_matrix,9c6baee88fc81e7d1aa345fcb3feec7ee81f21c5d49cb6ca037118097d89e180,"{""distance"":5,""physical_error_rate"":5e-05}","{""detection_events"":41190,""detectors_checked"":242841600}"
   1089536,         0,         0,   119.5,decoder_by_matrix,e41ade2e4684e0396b9a3890c882b6453b515d69885aa1d89a26ce21ec554895,"{""distance"":5,""physical_error_rate"":1e-06}","{""detection_events"":585,""detectors_checked"":185221120}"
   1414144,         0,         0,   119.4,decoder_by_matrix,3c866087b289edc25e9adea730044a15db18cabfd3ae2507fc844d5b4e03657a,"{""distance"":5,""physical_error_rate"":5e-06}","{""detection_events"":3985,""detectors_checked"":240404480}"
    766976,         0,         0,   119.6,decoder_by_matrix,0421d486f8a041838688df650e87c0a19c3450ab7a7cc8b3dc589ebff86d1c74,"{""distance"":5,""physical_error_rate"":0.0001}","{""detection_events"":43105,""detectors_checked"":130385920}"
    909312,         0,         0,   119.4,decoder_by_matrix,b84cf4b8ca220d31f17e1e2ea9ab927bbc4176b15682c650e7d1dd8f2758172b,"{""distance"":5,""physical_error_rate"":0.0005}","{""detection_events"":257285,""detectors_checked"":154583040}"
   1141760,         0,         0,   119.5,decoder_by_matrix,0421d486f8a041838688df650e87c0a19c3450ab7a7cc8b3dc589ebff86d1c74,"{""distance"":5,""physical_error_rate"":0.0001}","{""detection_events"":66885,""detectors_checked"":194099200}"
   1186816,         0,         0,   119.5,decoder_by_matrix,fa5edda0c1038186c8afbec49b0215a0b852396cdb50783a3f937fdf51d2afac,"{""distance"":5,""physical_error_rate"":1e-05}","{""detection_events"":6660,""detectors_checked"":201758720}"
   1386496,         0,         0,   119.5,decoder_by_matrix,fa5edda0c1038186c8afbec49b0215a0b852396cdb50783a3f937fdf51d2afac,"{""distance"":5,""physical_error_rate"":1e-05}","{""detection_events"":7535,""detectors_checked"":235704320}"
   1198080,         0,         0,   119.7,decoder_by_matrix,3c866087b289edc25e9adea730044a15db18cabfd3ae2507fc844d5b4e03657a,"{""distance"":5,""physical_error_rate"":5e-06}","{""detection_events"":3505,""detectors_checked"":203673600}"
    752640,         1,         0,   119.5,decoder_by_matrix,066a5d8d46981b593c3dec855f441edbe9e755a8873183448f69d036a2ecc650,"{""distance"":5,""physical_error_rate"":0.001}","{""detection_events"":430460,""detectors_checked"":127948800,""obs_mistake_mask=E___"":1}"
   1125376,         0,         0,   119.4,decoder_by_matrix,fa5edda0c1038186c8afbec49b0215a0b852396cdb50783a3f937fdf51d2afac,"{""distance"":5,""physical_error_rate"":1e-05}","{""detection_events"":5400,""detectors_checked"":191313920}"
   1026048,         0,         0,   119.4,decoder_by_matrix,9c6baee88fc81e7d1aa345fcb3feec7ee81f21c5d49cb6ca037118097d89e180,"{""distance"":5,""physical_error_rate"":5e-05}","{""detection_events"":29540,""detectors_checked"":174428160}"
   1309696,         0,         0,   119.6,decoder_by_matrix,e41ade2e4684e0396b9a3890c882b6453b515d69885aa1d89a26ce21ec554895,"{""distance"":5,""physical_error_rate"":1e-06}","{""detection_events"":845,""detectors_checked"":222648320}"
   1249280,         2,         0,   119.5,decoder_by_matrix,066a5d8d46981b593c3dec855f441edbe9e755a8873183448f69d036a2ecc650,"{""distance"":5,""physical_error_rate"":0.001}","{""detection_events"":715595,""detectors_checked"":212377600,""obs_mistake_mask=E_E_"":1,""obs_mistake_mask=___E"":1}"
   1309696,         0,         0,   119.5,decoder_by_matrix,9c6baee88fc81e7d1aa345fcb3feec7ee81f21c5d49cb6ca037118097d89e180,"{""distance"":5,""physical_error_rate"":5e-05}","{""detection_events"":37330,""detectors_checked"":222648320}"
   1170432,         0,         0,   119.5,decoder_by_matrix,9c6baee88fc81e7d1aa345fcb3feec7ee81f21c5d49cb6ca037118097d89e180,"{""distance"":5,""physical_error_rate"":5e-05}","{""detection_events"":31925,""detectors_checked"":198973440}"
    951296,         0,         0,   119.4,decoder_by_matrix,b84cf4b8ca220d31f17e1e2ea9ab927bbc4176b15682c650e7d1dd8f2758172b,"{""distance"":5,""physical_error_rate"":0.0005}","{""detection_events"":266495,""detectors_checked"":161720320}"
   1055744,         0,         0,   119.5,decoder_by_matrix,e41ade2e4684e0396b9a3890c882b6453b515d69885aa1d89a26ce21ec554895,"{""distance"":5,""physical_error_rate"":1e-06}","{""detection_events"":495,""detectors_checked"":179476480}"
   1255424,         0,         0,   119.4,decoder_by_matrix,0421d486f8a041838688df650e87c0a19c3450ab7a7cc8b3dc589ebff86d1c74,"{""distance"":5,""physical_error_rate"":0.0001}","{""detection_events"":70595,""detectors_checked"":213422080}"
   1094656,         0,         0,   119.7,decoder_by_matrix,3c866087b289edc25e9adea730044a15db18cabfd3ae2507fc844d5b4e03657a,"{""distance"":5,""physical_error_rate"":5e-06}","{""detection_events"":3040,""detectors_checked"":186091520}"
   1236992,         0,         0,   119.4,decoder_by_matrix,b84cf4b8ca220d31f17e1e2ea9ab927bbc4176b15682c650e7d1dd8f2758172b,"{""distance"":5,""physical_error_rate"":0.0005}","{""detection_events"":354140,""detectors_checked"":210288640}"
   1000448,         0,         0,   119.6,decoder_by_matrix,fa5edda0c1038186c8afbec49b0215a0b852396cdb50783a3f937fdf51d2afac,"{""distance"":5,""physical_error_rate"":1e-05}","{""detection_events"":5710,""detectors_checked"":170076160}"
   1193984,         0,         0,   119.6,decoder_by_matrix,3c866087b289edc25e9adea730044a15db18cabfd3ae2507fc844d5b4e03657a,"{""distance"":5,""physical_error_rate"":5e-06}","{""detection_events"":3365,""detectors_checked"":202977280}"
   1145856,         0,         0,   119.4,decoder_by_matrix,0421d486f8a041838688df650e87c0a19c3450ab7a7cc8b3dc589ebff86d1c74,"{""distance"":5,""physical_error_rate"":0.0001}","{""detection_events"":64275,""detectors_checked"":194795520}"
   1275904,         0,         0,   119.5,decoder_by_matrix,3c866087b289edc25e9adea730044a15db18cabfd3ae2507fc844d5b4e03657a,"{""distance"":5,""physical_error_rate"":5e-06}","{""detection_events"":4030,""detectors_checked"":216903680}"
   1077248,         0,         0,   119.6,decoder_by_matrix,b84cf4b8ca220d31f17e1e2ea9ab927bbc4176b15682c650e7d1dd8f2758172b,"{""distance"":5,""physical_error_rate"":0.0005}","{""detection_events"":304850,""detectors_checked"":183132160}"
   1258496,         1,         0,   119.6,decoder_by_matrix,066a5d8d46981b593c3dec855f441edbe9e755a8873183448f69d036a2ecc650,"{""distance"":5,""physical_error_rate"":0.001}","{""detection_events"":714055,""detectors_checked"":213944320,""obs_mistake_mask=E_E_"":1}"
    819200,         0,         0,   119.7,decoder_by_matrix,e41ade2e4684e0396b9a3890c882b6453b515d69885aa1d89a26ce21ec554895,"{""distance"":5,""physical_error_rate"":1e-06}","{""detection_events"":360,""detectors_checked"":139264000}"
   1273856,         0,         0,   119.6,decoder_by_matrix,3c866087b289edc25e9adea730044a15db18cabfd3ae2507fc844d5b4e03657a,"{""distance"":5,""physical_error_rate"":5e-06}","{""detection_events"":4380,""detectors_checked"":216555520}"
   1213440,         6,         0,   119.6,decoder_by_matrix,066a5d8d46981b593c3dec855f441edbe9e755a8873183448f69d036a2ecc650,"{""distance"":5,""physical_error_rate"":0.001}","{""detection_events"":690780,""detectors_checked"":206284800,""obs_mistake_mask=EE__"":1,""obs_mistake_mask=E___"":1,""obs_mistake_mask=_E__"":2,""obs_mistake_mask=__EE"":1,""obs_mistake_mask=__E_"":1}"
    914432,         3,         0,   119.5,decoder_by_matrix,066a5d8d46981b593c3dec855f441edbe9e755a8873183448f69d036a2ecc650,"{""distance"":5,""physical_error_rate"":0.001}","{""detection_events"":517055,""detectors_checked"":155453440,""obs_mistake_mask=EE_E"":1,""obs_mistake_mask=_EEE"":1,""obs_mistake_mask=__EE"":1}"
   1167360,         0,         0,   119.5,decoder_by_matrix,fa5edda0c1038186c8afbec49b0215a0b852396cdb50783a3f937fdf51d2afac,"{""distance"":5,""physical_error_rate"":1e-05}","{""detection_events"":6155,""detectors_checked"":198451200}"
   1203200,         0,         0,   119.6,decoder_by_matrix,e41ade2e4684e0396b9a3890c882b6453b515d69885aa1d89a26ce21ec554895,"{""distance"":5,""physical_error_rate"":1e-06}","{""detection_events"":585,""detectors_checked"":204544000}"
   1124352,         0,         0,   119.6,decoder_by_matrix,b84cf4b8ca220d31f17e1e2ea9ab927bbc4176b15682c650e7d1dd8f2758172b,"{""distance"":5,""physical_error_rate"":0.0005}","{""detection_events"":314855,""detectors_checked"":191139840}"
   1052672,         0,         0,   119.6,decoder_by_matrix,0421d486f8a041838688df650e87c0a19c3450ab7a7cc8b3dc589ebff86d1c74,"{""distance"":5,""physical_error_rate"":0.0001}","{""detection_events"":58605,""detectors_checked"":178954240}"
   1115136,         0,         0,   119.5,decoder_by_matrix,0421d486f8a041838688df650e87c0a19c3450ab7a7cc8b3dc589ebff86d1c74,"{""distance"":5,""physical_error_rate"":0.0001}","{""detection_events"":64455,""detectors_checked"":189573120}"
   1195008,         0,         0,   119.5,decoder_by_matrix,b84cf4b8ca220d31f17e1e2ea9ab927bbc4176b15682c650e7d1dd8f2758172b,"{""distance"":5,""physical_error_rate"":0.0005}","{""detection_events"":344150,""detectors_checked"":203151360}"
   1325056,         0,         0,   119.5,decoder_by_matrix,e41ade2e4684e0396b9a3890c882b6453b515d69885aa1d89a26ce21ec554895,"{""distance"":5,""physical_error_rate"":1e-06}","{""detection_events"":725,""detectors_checked"":225259520}"
    900096,         0,         0,   119.6,decoder_by_matrix,9c6baee88fc81e7d1aa345fcb3feec7ee81f21c5d49cb6ca037118097d89e180,"{""distance"":5,""physical_error_rate"":5e-05}","{""detection_events"":25485,""detectors_checked"":153016320}"
    784384,         0,         0,   119.6,decoder_by_matrix,9c6baee88fc81e7d1aa345fcb3feec7ee81f21c5d49cb6ca037118097d89e180,"{""distance"":5,""physical_error_rate"":5e-05}","{""detection_events"":21100,""detectors_checked"":133345280}"
   1179648,         0,         0,   119.6,decoder_by_matrix,0421d486f8a041838688df650e87c0a19c3450ab7a7cc8b3dc589ebff86d1c74,"{""distance"":5,""physical_error_rate"":0.0001}","{""detection_events"":67145,""detectors_checked"":200540160}"
   1251328,         0,         0,   119.5,decoder_by_matrix,3c866087b289edc25e9adea730044a15db18cabfd3ae2507fc844d5b4e03657a,"{""distance"":5,""physical_error_rate"":5e-06}","{""detection_events"":3155,""detectors_checked"":212725760}"
    939008,         0,         0,   119.8,decoder_by_matrix,e41ade2e4684e0396b9a3890c882b6453b515d69885aa1d89a26ce21ec554895,"{""distance"":5,""physical_error_rate"":1e-06}","{""detection_events"":505,""detectors_checked"":159631360}"
    951296,         4,         0,   119.5,decoder_by_matrix,066a5d8d46981b593c3dec855f441edbe9e755a8873183448f69d036a2ecc650,"{""distance"":5,""physical_error_rate"":0.001}","{""detection_events"":535060,""detectors_checked"":161720320,""obs_mistake_mask=EE__"":1,""obs_mistake_mask=E___"":2,""obs_mistake_mask=_E__"":1}"
   1033216,         0,         0,   119.5,decoder_by_matrix,9c6baee88fc81e7d1aa345fcb3feec7ee81f21c5d49cb6ca037118097d89e180,"{""distance"":5,""physical_error_rate"":5e-05}","{""detection_events"":30870,""detectors_checked"":175646720}"
   1187840,         0,         0,   119.6,decoder_by_matrix,fa5edda0c1038186c8afbec49b0215a0b852396cdb50783a3f937fdf51d2afac,"{""distance"":5,""physical_error_rate"":1e-05}","{""detection_events"":6690,""detectors_checked"":201932800}"
   1112064,         0,         0,   119.7,decoder_by_matrix,b84cf4b8ca220d31f17e1e2ea9ab927bbc4176b15682c650e7d1dd8f2758172b,"{""distance"":5,""physical_error_rate"":0.0005}","{""detection_events"":318410,""detectors_checked"":189050880}"
   1211392,         0,         0,   119.4,decoder_by_matrix,fa5edda0c1038186c8afbec49b0215a0b852396cdb50783a3f937fdf51d2afac,"{""distance"":5,""physical_error_rate"":1e-05}","{""detection_events"":7090,""detectors_checked"":205936640}"
   1153024,         0,         0,   119.5,decoder_by_matrix,9c6baee88fc81e7d1aa345fcb3feec7ee81f21c5d49cb6ca037118097d89e180,"{""distance"":5,""physical_error_rate"":5e-05}","{""detection_events"":32640,""detectors_checked"":196014080}"
   1134592,         0,         0,   119.7,decoder_by_matrix,e41ade2e4684e0396b9a3890c882b6453b515d69885aa1d89a26ce21ec554895,"{""distance"":5,""physical_error_rate"":1e-06}","{""detection_events"":585,""detectors_checked"":192880640}"
   1046528,         0,         0,   119.5,decoder_by_matrix,3c866087b289edc25e9adea730044a15db18cabfd3ae2507fc844d5b4e03657a,"{""distance"":5,""physical_error_rate"":5e-06}","{""detection_events"":3020,""detectors_checked"":177909760}"
   1083392,         0,         0,   119.4,decoder_by_matrix,0421d486f8a041838688df650e87c0a19c3450ab7a7cc8b3dc589ebff86d1c74,"{""distance"":5,""physical_error_rate"":0.0001}","{""detection_events"":61685,""detectors_checked"":184176640}"
   1065984,         0,         0,   119.3,decoder_by_matrix,b84cf4b8ca220d31f17e1e2ea9ab927bbc4176b15682c650e7d1dd8f2758172b,"{""distance"":5,""physical_error_rate"":0.0005}","{""detection_events"":303960,""detectors_checked"":181217280}"
   1188864,         0,         0,   119.4,decoder_by_matrix,0421d486f8a041838688df650e87c0a19c3450ab7a7cc8b3dc589ebff86d1c74,"{""distance"":5,""physical_error_rate"":0.0001}","{""detection_events"":67285,""detectors_checked"":202106880}"
   1166336,         0,         0,   119.6,decoder_by_matrix,fa5edda0c1038186c8afbec49b0215a0b852396cdb50783a3f937fdf51d2afac,"{""distance"":5,""physical_error_rate"":1e-05}","{""detection_events"":6695,""detectors_checked"":198277120}"
   1226752,         0,         0,   119.4,decoder_by_matrix,fa5edda0c1038186c8afbec49b0215a0b852396cdb50783a3f937fdf51d2afac,"{""distance"":5,""physical_error_rate"":1e-05}","{""detection_events"":8160,""detectors_checked"":208547840}"
   1260544,         0,         0,   119.4,decoder_by_matrix,3c866087b289edc25e9adea730044a15db18cabfd3ae2507fc844d5b4e03657a,"{""distance"":5,""physical_error_rate"":5e-06}","{""detection_events"":3440,""detectors_checked"":214292480}"
   1157120,         2,         0,   119.4,decoder_by_matrix,066a5d8d46981b593c3dec855f441edbe9e755a8873183448f69d036a2ecc650,"{""distance"":5,""physical_error_rate"":0.001}","{""detection_events"":655110,""detectors_checked"":196710400,""obs_mistake_mask=_EE_"":1,""obs_mistake_mask=__E_"":1}"
   1179648,         0,         0,   119.4,decoder_by_matrix,fa5edda0c1038186c8afbec49b0215a0b852396cdb50783a3f937fdf51d2afac,"{""distance"":5,""physical_error_rate"":1e-05}","{""detection_events"":6510,""detectors_checked"":200540160}"
   1129472,         0,         0,   119.6,decoder_by_matrix,9c6baee88fc81e7d1aa345fcb3feec7ee81f21c5d49cb6ca037118097d89e180,"{""distance"":5,""physical_error_rate"":5e-05}","{""detection_events"":32790,""detectors_checked"":192010240}"
   1022976,         0,         0,   119.6,decoder_by_matrix,e41ade2e4684e0396b9a3890c882b6453b515d69885aa1d89a26ce21ec554895,"{""distance"":5,""physical_error_rate"":1e-06}","{""detection_events"":710,""detectors_checked"":173905920}"
   1178624,         1,         0,   119.5,decoder_by_matrix,066a5d8d46981b593c3dec855f441edbe9e755a8873183448f69d036a2ecc650,"{""distance"":5,""physical_error_rate"":0.001}","{""detection_events"":671035,""detectors_checked"":200366080,""obs_mistake_mask=E___"":1}"
   1172480,         0,         0,   119.5,decoder_by_matrix,9c6baee88fc81e7d1aa345fcb3feec7ee81f21c5d49cb6ca037118097d89e180,"{""distance"":5,""physical_error_rate"":5e-05}","{""detection_events"":32625,""detectors_checked"":199321600}"
   1161216,         0,         0,   119.6,decoder_by_matrix,9c6baee88fc81e7d1aa345fcb3feec7ee81f21c5d49cb6ca037118097d89e180,"{""distance"":5,""physical_error_rate"":5e-05}","{""detection_events"":31800,""detectors_checked"":197406720}"
   1157120,         0,         0,   119.5,decoder_by_matrix,b84cf4b8ca220d31f17e1e2ea9ab927bbc4176b15682c650e7d1dd8f2758172b,"{""distance"":5,""physical_error_rate"":0.0005}","{""detection_events"":331720,""detectors_checked"":196710400}"
   1195008,         0,         0,   119.4,decoder_by_matrix,e41ade2e4684e0396b9a3890c882b6453b515d69885aa1d89a26ce21ec554895,"{""distance"":5,""physical_error_rate"":1e-06}","{""detection_events"":705,""detectors_checked"":203151360}"
   1140736,         0,         0,   119.3,decoder_by_matrix,0421d486f8a041838688df650e87c0a19c3450ab7a7cc8b3dc589ebff86d1c74,"{""distance"":5,""physical_error_rate"":0.0001}","{""detection_events"":65530,""detectors_checked"":193925120}"
   1074176,         0,         0,   119.6,decoder_by_matrix,3c866087b289edc25e9adea730044a15db18cabfd3ae2507fc844d5b4e03657a,"{""distance"":5,""physical_error_rate"":5e-06}","{""detection_events"":3030,""detectors_checked"":182609920}"
   1150976,         0,         0,   119.6,decoder_by_matrix,b84cf4b8ca220d31f17e1e2ea9ab927bbc4176b15682c650e7d1dd8f2758172b,"{""distance"":5,""physical_error_rate"":0.0005}","{""detection_events"":329110,""detectors_checked"":195665920}"
   1162240,         0,         0,   119.6,decoder_by_matrix,fa5edda0c1038186c8afbec49b0215a0b852396cdb50783a3f937fdf51d2afac,"{""distance"":5,""physical_error_rate"":1e-05}","{""detection_events"":6070,""detectors_checked"":197580800}"
   1183744,         0,         0,   119.3,decoder_by_matrix,3c866087b289edc25e9adea730044a15db18cabfd3ae2507fc844d5b4e03657a,"{""distance"":5,""physical_error_rate"":5e-06}","{""detection_events"":3875,""detectors_checked"":201236480}"
    967680,         0,         0,   119.5,decoder_by_matrix,0421d486f8a041838688df650e87c0a19c3450ab7a7cc8b3dc589ebff86d1c74,"{""distance"":5,""physical_error_rate"":0.0001}","{""detection_events"":54210,""detectors_checked"":164505600}"
   1031168,         0,         0,   119.6,decoder_by_matrix,3c866087b289edc25e9adea730044a15db18cabfd3ae2507fc844d5b4e03657a,"{""distance"":5,""physical_error_rate"":5e-06}","{""detection_events"":2810,""detectors_checked"":175298560}"
    930816,         0,         0,   119.4,decoder_by_matrix,b84cf4b8ca220d31f17e1e2ea9ab927bbc4176b15682c650e7d1dd8f2758172b,"{""distance"":5,""physical_error_rate"":0.0005}","{""detection_events"":263910,""detectors_checked"":158238720}"
   1012736,         3,         0,   119.5,decoder_by_matrix,066a5d8d46981b593c3dec855f441edbe9e755a8873183448f69d036a2ecc650,"{""distance"":5,""physical_error_rate"":0.001}","{""detection_events"":568540,""detectors_checked"":172165120,""obs_mistake_mask=E___"":1,""obs_mistake_mask=__EE"":1,""obs_mistake_mask=__E_"":1}"
   1156096,         0,         0,   119.6,decoder_by_matrix,3c866087b289edc25e9adea730044a15db18cabfd3ae2507fc844d5b4e03657a,"{""distance"":5,""physical_error_rate"":5e-06}","{""detection_events"":3325,""detectors_checked"":196536320}"
   1182720,         0,         0,   119.6,decoder_by_matrix,e41ade2e4684e0396b9a3890c882b6453b515d69885aa1d89a26ce21ec554895,"{""distance"":5,""physical_error_rate"":1e-06}","{""detection_events"":960,""detectors_checked"":201062400}"
   1161216,         3,         0,   119.3,decoder_by_matrix,066a5d8d46981b593c3dec855f441edbe9e755a8873183448f69d036a2ecc650,"{""distance"":5,""physical_error_rate"":0.001}","{""detection_events"":653780,""detectors_checked"":197406720,""obs_mistake_mask=E__E"":1,""obs_mistake_mask=E___"":1,""obs_mistake_mask=__EE"":1}"
   1132544,         4,         0,   119.5,decoder_by_matrix,066a5d8d46981b593c3dec855f441edbe9e755a8873183448f69d036a2ecc650,"{""distance"":5,""physical_error_rate"":0.001}","{""detection_events"":634650,""detectors_checked"":192532480,""obs_mistake_mask=E___"":1,""obs_mistake_mask=_E_E"":1,""obs_mistake_mask=_E__"":2}"
   1204224,         0,         0,   119.3,decoder_by_matrix,fa5edda0c1038186c8afbec49b0215a0b852396cdb50783a3f937fdf51d2afac,"{""distance"":5,""physical_error_rate"":1e-05}","{""detection_events"":6300,""detectors_checked"":204718080}"
   1061888,         0,         0,   119.5,decoder_by_matrix,e41ade2e4684e0396b9a3890c882b6453b515d69885aa1d89a26ce21ec554895,"{""distance"":5,""physical_error_rate"":1e-06}","{""detection_events"":730,""detectors_checked"":180520960}"
   1128448,         0,         0,   119.4,decoder_by_matrix,b84cf4b8ca220d31f17e1e2ea9ab927bbc4176b15682c650e7d1dd8f2758172b,"{""distance"":5,""physical_error_rate"":0.0005}","{""detection_events"":319725,""detectors_checked"":191836160}"
   1149952,         0,         0,   119.6,decoder_by_matrix,0421d486f8a041838688df650e87c0a19c3450ab7a7cc8b3dc589ebff86d1c74,"{""distance"":5,""physical_error_rate"":0.0001}","{""detection_events"":64340,""detectors_checked"":195491840}"
   1149952,         0,         0,   119.6,decoder_by_matrix,0421d486f8a041838688df650e87c0a19c3450ab7a7cc8b3dc589ebff86d1c74,"{""distance"":5,""physical_error_rate"":0.0001}","{""detection_events"":66105,""detectors_checked"":195491840}"
   1153024,         0,         0,   119.5,decoder_by_matrix,b84cf4b8ca220d31f17e1e2ea9ab927bbc4176b15682c650e7d1dd8f2758172b,"{""distance"":5,""physical_error_rate"":0.0005}","{""detection_events"":331590,""detectors_checked"":196014080}"
   1213440,         0,         0,   119.6,decoder_by_matrix,e41ade2e4684e0396b9a3890c882b6453b515d69885aa1d89a26ce21ec554895,"{""distance"":5,""physical_error_rate"":1e-06}","{""detection_events"":555,""detectors_checked"":206284800}"
   1112064,         0,         0,   119.7,decoder_by_matrix,9c6baee88fc81e7d1aa345fcb3feec7ee81f21c5d49cb6ca037118097d89e180,"{""distance"":5,""physical_error_rate"":5e-05}","{""detection_events"":30665,""detectors_checked"":189050880}"
   1150976,         0,         0,   119.6,decoder_by_matrix,9c6baee88fc81e7d1aa345fcb3feec7ee81f21c5d49cb6ca037118097d89e180,"{""distance"":5,""physical_error_rate"":5e-05}","{""detection_events"":30845,""detectors_checked"":195665920}"
    945152,         0,         0,   119.4,decoder_by_matrix,0421d486f8a041838688df650e87c0a19c3450ab7a7cc8b3dc589ebff86d1c74,"{""distance"":5,""physical_error_rate"":0.0001}","{""detection_events"":53490,""detectors_checked"":160675840}"
   1185792,         0,         0,   119.3,decoder_by_matrix,3c866087b289edc25e9adea730044a15db18cabfd3ae2507fc844d5b4e03657a,"{""distance"":5,""physical_error_rate"":5e-06}","{""detection_events"":3495,""detectors_checked"":201584640}"
   1027072,         0,         0,   119.7,decoder_by_matrix,e41ade2e4684e0396b9a3890c882b6453b515d69885aa1d89a26ce21ec554895,"{""distance"":5,""physical_error_rate"":1e-06}","{""detection_events"":680,""detectors_checked"":174602240}"
   1132544,         2,         0,   119.4,decoder_by_matrix,066a5d8d46981b593c3dec855f441edbe9e755a8873183448f69d036a2ecc650,"{""distance"":5,""physical_error_rate"":0.001}","{""detection_events"":642410,""detectors_checked"":192532480,""obs_mistake_mask=EEE_"":1,""obs_mistake_mask=EE_E"":1}"
   1195008,         0,         0,   119.5,decoder_by_matrix,9c6baee88fc81e7d1aa345fcb3feec7ee81f21c5d49cb6ca037118097d89e180,"{""distance"":5,""physical_error_rate"":5e-05}","{""detection_events"":32080,""detectors_checked"":203151360}"
   1164288,         0,         0,   119.6,decoder_by_matrix,fa5edda0c1038186c8afbec49b0215a0b852396cdb50783a3f937fdf51d2afac,"{""distance"":5,""physical_error_rate"":1e-05}","{""detection_events"":6090,""detectors_checked"":197928960}"
   1177600,         0,         0,   119.7,decoder_by_matrix,b84cf4b8ca220d31f17e1e2ea9ab927bbc4176b15682c650e7d1dd8f2758172b,"{""distance"":5,""physical_error_rate"":0.0005}","{""detection_events"":331865,""detectors_checked"":200192000}"
   1283072,         0,         0,   119.4,decoder_by_matrix,fa5edda0c1038186c8afbec49b0215a0b852396cdb50783a3f937fdf51d2afac,"{""distance"":5,""physical_error_rate"":1e-05}","{""detection_events"":7070,""detectors_checked"":218122240}"
   1142784,         0,         0,   119.6,decoder_by_matrix,9c6baee88fc81e7d1aa345fcb3feec7ee81f21c5d49cb6ca037118097d89e180,"{""distance"":5,""physical_error_rate"":5e-05}","{""detection_events"":34545,""detectors_checked"":194273280}"
    929792,         0,         0,   119.6,decoder_by_matrix,e41ade2e4684e0396b9a3890c882b6453b515d69885aa1d89a26ce21ec554895,"{""distance"":5,""physical_error_rate"":1e-06}","{""detection_events"":245,""detectors_checked"":158064640}"
   1258496,         0,         0,   119.4,decoder_by_matrix,3c866087b289edc25e9adea730044a15db18cabfd3ae2507fc844d5b4e03657a,"{""distance"":5,""physical_error_rate"":5e-06}","{""detection_events"":3990,""detectors_checked"":213944320}"
   1078272,         0,         0,   119.6,decoder_by_matrix,0421d486f8a041838688df650e87c0a19c3450ab7a7cc8b3dc589ebff86d1c74,"{""distance"":5,""physical_error_rate"":0.0001}","{""detection_events"":61755,""detectors_checked"":183306240}"
    975872,         2,         0,   119.5,decoder_by_matrix,b84cf4b8ca220d31f17e1e2ea9ab927bbc4176b15682c650e7d1dd8f2758172b,"{""distance"":5,""physical_error_rate"":0.0005}","{""detection_events"":277930,""detectors_checked"":165898240,""obs_mistake_mask=_E_E"":1,""obs_mistake_mask=_E__"":1}"
   1284096,         0,         0,   119.5,decoder_by_matrix,0421d486f8a041838688df650e87c0a19c3450ab7a7cc8b3dc589ebff86d1c74,"{""distance"":5,""physical_error_rate"":0.0001}","{""detection_events"":72790,""detectors_checked"":218296320}"
   1157120,         0,         0,   119.4,decoder_by_matrix,fa5edda0c1038186c8afbec49b0215a0b852396cdb50783a3f937fdf51d2afac,"{""distance"":5,""physical_error_rate"":1e-05}","{""detection_events"":6360,""detectors_checked"":196710400}"
   1302528,         0,         0,   119.6,decoder_by_matrix,fa5edda0c1038186c8afbec49b0215a0b852396cdb50783a3f937fdf51d2afac,"{""distance"":5,""physical_error_rate"":1e-05}","{""detection_events"":6995,""detectors_checked"":221429760}"
   1251328,         0,         0,   119.5,decoder_by_matrix,3c866087b289edc25e9adea730044a15db18cabfd3ae2507fc844d5b4e03657a,"{""distance"":5,""physical_error_rate"":5e-06}","{""detection_events"":3315,""detectors_checked"":212725760}"
    898048,         1,         0,   119.4,decoder_by_matrix,066a5d8d46981b593c3dec855f441edbe9e755a8873183448f69d036a2ecc650,"{""distance"":5,""physical_error_rate"":0.001}","{""detection_events"":509625,""detectors_checked"":152668160,""obs_mistake_mask=_E_E"":1}"
   1266688,         0,         0,   119.5,decoder_by_matrix,fa5edda0c1038186c8afbec49b0215a0b852396cdb50783a3f937fdf51d2afac,"{""distance"":5,""physical_error_rate"":1e-05}","{""detection_events"":7290,""detectors_checked"":215336960}"
   1078272,         0,         0,   119.6,decoder_by_matrix,9c6baee88fc81e7d1aa345fcb3feec7ee81f21c5d49cb6ca037118097d89e180,"{""distance"":5,""physical_error_rate"":5e-05}","{""detection_events"":31175,""detectors_checked"":183306240}"
   1157120,         0,         0,   119.1,decoder_by_matrix,e41ade2e4684e0396b9a3890c882b6453b515d69885aa1d89a26ce21ec554895,"{""distance"":5,""physical_error_rate"":1e-06}","{""detection_events"":745,""detectors_checked"":196710400}"
   1130496,         2,         0,   119.5,decoder_by_matrix,066a5d8d46981b593c3dec855f441edbe9e755a8873183448f69d036a2ecc650,"{""distance"":5,""physical_error_rate"":0.001}","{""detection_events"":645085,""detectors_checked"":192184320,""obs_mistake_mask=E__E"":1,""obs_mistake_mask=_E__"":1}"
   1177600,         0,         0,   119.6,decoder_by_matrix,9c6baee88fc81e7d1aa345fcb3feec7ee81f21c5d49cb6ca037118097d89e180,"{""distance"":5,""physical_error_rate"":5e-05}","{""detection_events"":33775,""detectors_checked"":200192000}"
   1246208,         0,         0,   119.5,decoder_by_matrix,9c6baee88fc81e7d1aa345fcb3feec7ee81f21c5d49cb6ca037118097d89e180,"{""distance"":5,""physical_error_rate"":5e-05}","{""detection_events"":37505,""detectors_checked"":211855360}"
   1229824,         0,         0,   119.5,decoder_by_matrix,b84cf4b8ca220d31f17e1e2ea9ab927bbc4176b15682c650e7d1dd8f2758172b,"{""distance"":5,""physical_error_rate"":0.0005}","{""detection_events"":351975,""detectors_checked"":209070080}"
   1314816,         0,         0,   119.5,decoder_by_matrix,e41ade2e4684e0396b9a3890c882b6453b515d69885aa1d89a26ce21ec554895,"{""distance"":5,""physical_error_rate"":1e-06}","{""detection_events"":720,""detectors_checked"":223518720}"
    950272,         0,         0,   119.6,decoder_by_matrix,0421d486f8a041838688df650e87c0a19c3450ab7a7cc8b3dc589ebff86d1c74,"{""distance"":5,""physical_error_rate"":0.0001}","{""detection_events"":55960,""detectors_checked"":161546240}"
   1032192,         0,         0,   119.7,decoder_by_matrix,3c866087b289edc25e9adea730044a15db18cabfd3ae2507fc844d5b4e03657a,"{""distance"":5,""physical_error_rate"":5e-06}","{""detection_events"":3715,""detectors_checked"":175472640}"
   1145856,         0,         0,   119.5,decoder_by_matrix,b84cf4b8ca220d31f17e1e2ea9ab927bbc4176b15682c650e7d1dd8f2758172b,"{""distance"":5,""physical_error_rate"":0.0005}","{""detection_events"":325270,""detectors_checked"":194795520}"
   1187840,         0,         0,   119.5,decoder_by_matrix,fa5edda0c1038186c8afbec49b0215a0b852396cdb50783a3f937fdf51d2afac,"{""distance"":5,""physical_error_rate"":1e-05}","{""detection_events"":7090,""detectors_checked"":201932800}"
    925696,         0,         0,   119.4,decoder_by_matrix,3c866087b289edc25e9adea730044a15db18cabfd3ae2507fc844d5b4e03657a,"{""distance"":5,""physical_error_rate"":5e-06}","{""detection_events"":2440,""detectors_checked"":157368320}"
   1211392,         0,         0,   119.5,decoder_by_matrix,0421d486f8a041838688df650e87c0a19c3450ab7a7cc8b3dc589ebff86d1c74,"{""distance"":5,""physical_error_rate"":0.0001}","{""detection_events"":69280,""detectors_checked"":205936640}"
   1261568,         0,         0,   119.5,decoder_by_matrix,3c866087b289edc25e9adea730044a15db18cabfd3ae2507fc844d5b4e03657a,"{""distance"":5,""physical_error_rate"":5e-06}","{""detection_events"":3315,""detectors_checked"":214466560}"
   1174528,         0,         0,   119.6,decoder_by_matrix,b84cf4b8ca220d31f17e1e2ea9ab927bbc4176b15682c650e7d1dd8f2758172b,"{""distance"":5,""physical_error_rate"":0.0005}","{""detection_events"":334280,""detectors_checked"":199669760}"
   1190912,         2,         0,   119.4,decoder_by_matrix,066a5d8d46981b593c3dec855f441edbe9e755a8873183448f69d036a2ecc650,"{""distance"":5,""physical_error_rate"":0.001}","{""detection_events"":677655,""detectors_checked"":202455040,""obs_mistake_mask=EE__"":1,""obs_mistake_mask=_E__"":1}"
   1189888,         0,         0,   119.5,decoder_by_matrix,3c866087b289edc25e9adea730044a15db18cabfd3ae2507fc844d5b4e03657a,"{""distance"":5,""physical_error_rate"":5e-06}","{""detection_events"":3655,""detectors_checked"":202280960}"
   1233920,         0,         0,   119.5,decoder_by_matrix,e41ade2e4684e0396b9a3890c882b6453b515d69885aa1d89a26ce21ec554895,"{""distance"":5,""physical_error_rate"":1e-06}","{""detection_events"":695,""detectors_checked"":209766400}"
   1142784,         1,         0,   119.5,decoder_by_matrix,066a5d8d46981b593c3dec855f441edbe9e755a8873183448f69d036a2ecc650,"{""distance"":5,""physical_error_rate"":0.001}","{""detection_events"":652375,""detectors_checked"":194273280,""obs_mistake_mask=EE__"":1}"
   1079296,         1,         0,   119.5,decoder_by_matrix,066a5d8d46981b593c3dec855f441edbe9e755a8873183448f69d036a2ecc650,"{""distance"":5,""physical_error_rate"":0.001}","{""detection_events"":615270,""detectors_checked"":183480320,""obs_mistake_mask=E___"":1}"
    740352,         0,         0,   119.5,decoder_by_matrix,fa5edda0c1038186c8afbec49b0215a0b852396cdb50783a3f937fdf51d2afac,"{""distance"":5,""physical_error_rate"":1e-05}","{""detection_events"":4555,""detectors_checked"":125859840}"
    966656,         0,         0,   119.7,decoder_by_matrix,e41ade2e4684e0396b9a3890c882b6453b515d69885aa1d89a26ce21ec554895,"{""distance"":5,""physical_error_rate"":1e-06}","{""detection_events"":460,""detectors_checked"":164331520}"
    875520,         0,         0,   119.7,decoder_by_matrix,b84cf4b8ca220d31f17e1e2ea9ab927bbc4176b15682c650e7d1dd8f2758172b,"{""distance"":5,""physical_error_rate"":0.0005}","{""detection_events"":248260,""detectors_checked"":148838400}"
   1252352,         0,         0,   119.5,decoder_by_matrix,0421d486f8a041838688df650e87c0a19c3450ab7a7cc8b3dc589ebff86d1c74,"{""distance"":5,""physical_error_rate"":0.0001}","{""detection_events"":70670,""detectors_checked"":212899840}"
   1203200,         0,         0,   119.6,decoder_by_matrix,0421d486f8a041838688df650e87c0a19c3450ab7a7cc8b3dc589ebff86d1c74,"{""distance"":5,""physical_error_rate"":0.0001}","{""detection_events"":66050,""detectors_checked"":204544000}"
   1090560,         0,         0,   119.6,decoder_by_matrix,b84cf4b8ca220d31f17e1e2ea9ab927bbc4176b15682c650e7d1dd8f2758172b,"{""distance"":5,""physical_error_rate"":0.0005}","{""detection_events"":312630,""detectors_checked"":185395200}"
   1317888,         0,         0,   119.5,decoder_by_matrix,e41ade2e4684e0396b9a3890c882b6453b515d69885aa1d89a26ce21ec554895,"{""distance"":5,""physical_error_rate"":1e-06}","{""detection_events"":755,""detectors_checked"":224040960}"
    975872,         0,         0,   119.4,decoder_by_matrix,9c6baee88fc81e7d1aa345fcb3feec7ee81f21c5d49cb6ca037118097d89e180,"{""distance"":5,""physical_error_rate"":5e-05}","{""detection_events"":28770,""detectors_checked"":165898240}"
   1196032,         0,         0,   119.4,decoder_by_matrix,9c6baee88fc81e7d1aa345fcb3feec7ee81f21c5d49cb6ca037118097d89e180,"{""distance"":5,""physical_error_rate"":5e-05}","{""detection_events"":32740,""detectors_checked"":203325440}"
    924672,         0,         0,   119.6,decoder_by_matrix,0421d486f8a041838688df650e87c0a19c3450ab7a7cc8b3dc589ebff86d1c74,"{""distance"":5,""physical_error_rate"":0.0001}","{""detection_events"":52765,""detectors_checked"":157194240}"
   1012736,         0,         0,   119.3,decoder_by_matrix,3c866087b289edc25e9adea730044a15db18cabfd3ae2507fc844d5b4e03657a,"{""distance"":5,""physical_error_rate"":5e-06}","{""detection_events"":2360,""detectors_checked"":172165120}"
    891904,         0,         0,   119.6,decoder_by_matrix,e41ade2e4684e0396b9a3890c882b6453b515d69885aa1d89a26ce21ec554895,"{""distance"":5,""physical_error_rate"":1e-06}","{""detection_events"":535,""detectors_checked"":151623680}"
   1073152,         0,         0,   119.6,decoder_by_matrix,066a5d8d46981b593c3dec855f441edbe9e755a8873183448f69d036a2ecc650,"{""distance"":5,""physical_error_rate"":0.001}","{""detection_events"":609360,""detectors_checked"":182435840}"
   1186816,         0,         0,   119.7,decoder_by_matrix,9c6baee88fc81e7d1aa345fcb3feec7ee81f21c5d49cb6ca037118097d89e180,"{""distance"":5,""physical_error_rate"":5e-05}","{""detection_events"":33945,""detectors_checked"":201758720}"
   1269760,         0,         0,   119.4,decoder_by_matrix,fa5edda0c1038186c8afbec49b0215a0b852396cdb50783a3f937fdf51d2afac,"{""distance"":5,""physical_error_rate"":1e-05}","{""detection_events"":7155,""detectors_checked"":215859200}"
   1045504,         1,         0,   119.7,decoder_by_matrix,b84cf4b8ca220d31f17e1e2ea9ab927bbc4176b15682c650e7d1dd8f2758172b,"{""distance"":5,""physical_error_rate"":0.0005}","{""detection_events"":295240,""detectors_checked"":177735680,""obs_mistake_mask=E___"":1}"
   1246208,         0,         0,   119.5,decoder_by_matrix,fa5edda0c1038186c8afbec49b0215a0b852396cdb50783a3f937fdf51d2afac,"{""distance"":5,""physical_error_rate"":1e-05}","{""detection_events"":7110,""detectors_checked"":211855360}"
   1217536,         0,         0,   119.5,decoder_by_matrix,9c6baee88fc81e7d1aa345fcb3feec7ee81f21c5d49cb6ca037118097d89e180,"{""distance"":5,""physical_error_rate"":5e-05}","{""detection_events"":34860,""detectors_checked"":206981120}"
   1193984,         0,         0,   119.5,decoder_by_matrix,e41ade2e4684e0396b9a3890c882b6453b515d69885aa1d89a26ce21ec554895,"{""distance"":5,""physical_error_rate"":1e-06}","{""detection_events"":720,""detectors_checked"":202977280}"
   1224704,         0,         0,   119.5,decoder_by_matrix,3c866087b289edc25e9adea730044a15db18cabfd3ae2507fc844d5b4e03657a,"{""distance"":5,""physical_error_rate"":5e-06}","{""detection_events"":3505,""detectors_checked"":208199680}"
    973824,         0,         0,   119.5,decoder_by_matrix,0421d486f8a041838688df650e87c0a19c3450ab7a7cc8b3dc589ebff86d1c74,"{""distance"":5,""physical_error_rate"":0.0001}","{""detection_events"":56955,""detectors_checked"":165550080}"
    920576,         0,         0,   119.6,decoder_by_matrix,b84cf4b8ca220d31f17e1e2ea9ab927bbc4176b15682c650e7d1dd8f2758172b,"{""distance"":5,""physical_error_rate"":0.0005}","{""detection_events"":257740,""detectors_checked"":156497920}"
   1193984,         0,         0,   119.5,decoder_by_matrix,0421d486f8a041838688df650e87c0a19c3450ab7a7cc8b3dc589ebff86d1c74,"{""distance"":5,""physical_error_rate"":0.0001}","{""detection_events"":66920,""detectors_checked"":202977280}"
   1233920,         0,         0,   119.5,decoder_by_matrix,fa5edda0c1038186c8afbec49b0215a0b852396cdb50783a3f937fdf51d2afac,"{""distance"":5,""physical_error_rate"":1e-05}","{""detection_events"":7025,""detectors_checked"":209766400}"
   1129472,         0,         0,   119.4,decoder_by_matrix,fa5edda0c1038186c8afbec49b0215a0b852396cdb50783a3f937fdf51d2afac,"{""distance"":5,""physical_error_rate"":1e-05}","{""detection_events"":6525,""detectors_checked"":192010240}"
   1220608,         0,         0,   119.6,decoder_by_matrix,3c866087b289edc25e9adea730044a15db18cabfd3ae2507fc844d5b4e03657a,"{""distance"":5,""physical_error_rate"":5e-06}","{""detection_events"":3155,""detectors_checked"":207503360}"
   1206272,         0,         0,   119.6,decoder_by_matrix,066a5d8d46981b593c3dec855f441edbe9e755a8873183448f69d036a2ecc650,"{""distance"":5,""physical_error_rate"":0.001}","{""detection_events"":686570,""detectors_checked"":205066240}"
   1163264,         0,         0,   119.5,decoder_by_matrix,fa5edda0c1038186c8afbec49b0215a0b852396cdb50783a3f937fdf51d2afac,"{""distance"":5,""physical_error_rate"":1e-05}","{""detection_events"":6180,""detectors_checked"":197754880}"
    948224,         0,         0,   119.6,decoder_by_matrix,9c6baee88fc81e7d1aa345fcb3feec7ee81f21c5d49cb6ca037118097d89e180,"{""distance"":5,""physical_error_rate"":5e-05}","{""detection_events"":27840,""detectors_checked"":161198080}"
   1149952,         0,         0,   119.6,decoder_by_matrix,e41ade2e4684e0396b9a3890c882b6453b515d69885aa1d89a26ce21ec554895,"{""distance"":5,""physical_error_rate"":1e-06}","{""detection_events"":745,""detectors_checked"":195491840}"
   1193984,         2,         0,   119.5,decoder_by_matrix,066a5d8d46981b593c3dec855f441edbe9e755a8873183448f69d036a2ecc650,"{""distance"":5,""physical_error_rate"":0.001}","{""detection_events"":678910,""detectors_checked"":202977280,""obs_mistake_mask=E___"":1,""obs_mistake_mask=___E"":1}"
   1172480,         0,         0,   119.6,decoder_by_matrix,9c6baee88fc81e7d1aa345fcb3feec7ee81f21c5d49cb6ca037118097d89e180,"{""distance"":5,""physical_error_rate"":5e-05}","{""detection_events"":31850,""detectors_checked"":199321600}"
   1258496,         0,         0,   119.5,decoder_by_matrix,9c6baee88fc81e7d1aa345fcb3feec7ee81f21c5d49cb6ca037118097d89e180,"{""distance"":5,""physical_error_rate"":5e-05}","{""detection_events"":35300,""detectors_checked"":213944320}"
    950272,         0,         0,   119.7,decoder_by_matrix,b84cf4b8ca220d31f17e1e2ea9ab927bbc4176b15682c650e7d1dd8f2758172b,"{""distance"":5,""physical_error_rate"":0.0005}","{""detection_events"":266355,""detectors_checked"":161546240}"
   1193984,         0,         0,   119.5,decoder_by_matrix,e41ade2e4684e0396b9a3890c882b6453b515d69885aa1d89a26ce21ec554895,"{""distance"":5,""physical_error_rate"":1e-06}","{""detection_events"":625,""detectors_checked"":202977280}"
   1144832,         0,         0,   119.5,decoder_by_matrix,0421d486f8a041838688df650e87c0a19c3450ab7a7cc8b3dc589ebff86d1c74,"{""distance"":5,""physical_error_rate"":0.0001}","{""detection_events"":63535,""detectors_checked"":194621440}"
    939008,         0,         0,   119.6,decoder_by_matrix,3c866087b289edc25e9adea730044a15db18cabfd3ae2507fc844d5b4e03657a,"{""distance"":5,""physical_error_rate"":5e-06}","{""detection_events"":2785,""detectors_checked"":159631360}"
   1188864,         0,         0,   119.5,decoder_by_matrix,b84cf4b8ca220d31f17e1e2ea9ab927bbc4176b15682c650e7d1dd8f2758172b,"{""distance"":5,""physical_error_rate"":0.0005}","{""detection_events"":338405,""detectors_checked"":202106880}"
   1199104,         0,         0,   119.4,decoder_by_matrix,fa5edda0c1038186c8afbec49b0215a0b852396cdb50783a3f937fdf51d2afac,"{""distance"":5,""physical_error_rate"":1e-05}","{""detection_events"":6735,""detectors_checked"":203847680}"
   1009664,         0,         0,   119.6,decoder_by_matrix,3c866087b289edc25e9adea730044a15db18cabfd3ae2507fc844d5b4e03657a,"{""distance"":5,""physical_error_rate"":5e-06}","{""detection_events"":2240,""detectors_checked"":171642880}"
   1198080,         0,         0,   119.5,decoder_by_matrix,0421d486f8a041838688df650e87c0a19c3450ab7a7cc8b3dc589ebff86d1c74,"{""distance"":5,""physical_error_rate"":0.0001}","{""detection_events"":66205,""detectors_checked"":203673600}"
   1127424,         0,         0,   119.4,decoder_by_matrix,3c866087b289edc25e9adea730044a15db18cabfd3ae2507fc844d5b4e03657a,"{""distance"":5,""physical_error_rate"":5e-06}","{""detection_events"":3165,""detectors_checked"":191662080}"
   1154048,         0,         0,   119.4,decoder_by_matrix,b84cf4b8ca220d31f17e1e2ea9ab927bbc4176b15682c650e7d1dd8f2758172b,"{""distance"":5,""physical_error_rate"":0.0005}","{""detection_events"":325145,""detectors_checked"":196188160}"
   1141760,         2,         0,   119.7,decoder_by_matrix,066a5d8d46981b593c3dec855f441edbe9e755a8873183448f69d036a2ecc650,"{""distance"":5,""physical_error_rate"":0.001}","{""detection_events"":645910,""detectors_checked"":194099200,""obs_mistake_mask=E__E"":1,""obs_mistake_mask=E___"":1}"
   1116160,         0,         0,   119.7,decoder_by_matrix,3c866087b289edc25e9adea730044a15db18cabfd3ae2507fc844d5b4e03657a,"{""distance"":5,""physical_error_rate"":5e-06}","{""detection_events"":3965,""detectors_checked"":189747200}"
   1047552,         0,         0,   119.7,decoder_by_matrix,e41ade2e4684e0396b9a3890c882b6453b515d69885aa1d89a26ce21ec554895,"{""distance"":5,""physical_error_rate"":1e-06}","{""detection_events"":405,""detectors_checked"":178083840}"
   1119232,         1,         0,   119.5,decoder_by_matrix,066a5d8d46981b593c3dec855f441edbe9e755a8873183448f69d036a2ecc650,"{""distance"":5,""physical_error_rate"":0.001}","{""detection_events"":631020,""detectors_checked"":190269440,""obs_mistake_mask=__E_"":1}"
   1148928,         3,         0,   119.3,decoder_by_matrix,066a5d8d46981b593c3dec855f441edbe9e755a8873183448f69d036a2ecc650,"{""distance"":5,""physical_error_rate"":0.001}","{""detection_events"":657690,""detectors_checked"":195317760,""obs_mistake_mask=EE__"":1,""obs_mistake_mask=E_E_"":1,""obs_mistake_mask=___E"":1}"
    948224,         0,         0,   119.6,decoder_by_matrix,fa5edda0c1038186c8afbec49b0215a0b852396cdb50783a3f937fdf51d2afac,"{""distance"":5,""physical_error_rate"":1e-05}","{""detection_events"":5825,""detectors_checked"":161198080}"
   1190912,         0,         0,   119.6,decoder_by_matrix,e41ade2e4684e0396b9a3890c882b6453b515d69885aa1d89a26ce21ec554895,"{""distance"":5,""physical_error_rate"":1e-06}","{""detection_events"":725,""detectors_checked"":202455040}"
   1075200,         0,         0,   119.5,decoder_by_matrix,b84cf4b8ca220d31f17e1e2ea9ab927bbc4176b15682c650e7d1dd8f2758172b,"{""distance"":5,""physical_error_rate"":0.0005}","{""detection_events"":303125,""detectors_checked"":182784000}"
   1160192,         0,         0,   119.6,decoder_by_matrix,0421d486f8a041838688df650e87c0a19c3450ab7a7cc8b3dc589ebff86d1c74,"{""distance"":5,""physical_error_rate"":0.0001}","{""detection_events"":64820,""detectors_checked"":197232640}"
   1191936,         0,         0,   119.7,decoder_by_matrix,0421d486f8a041838688df650e87c0a19c3450ab7a7cc8b3dc589ebff86d1c74,"{""distance"":5,""physical_error_rate"":0.0001}","{""detection_events"":67290,""detectors_checked"":202629120}"
   1118208,         0,         0,   119.6,decoder_by_matrix,b84cf4b8ca220d31f17e1e2ea9ab927bbc4176b15682c650e7d1dd8f2758172b,"{""distance"":5,""physical_error_rate"":0.0005}","{""detection_events"":318555,""detectors_checked"":190095360}"
    959488,         0,         0,   119.5,decoder_by_matrix,e41ade2e4684e0396b9a3890c882b6453b515d69885aa1d89a26ce21ec554895,"{""distance"":5,""physical_error_rate"":1e-06}","{""detection_events"":615,""detectors_checked"":163112960}"
   1187840,         0,         0,   119.6,decoder_by_matrix,9c6baee88fc81e7d1aa345fcb3feec7ee81f21c5d49cb6ca037118097d89e180,"{""distance"":5,""physical_error_rate"":5e-05}","{""detection_events"":34270,""detectors_checked"":201932800}"
   1136640,         0,         0,   119.6,decoder_by_matrix,9c6baee88fc81e7d1aa345fcb3feec7ee81f21c5d49cb6ca037118097d89e180,"{""distance"":5,""physical_error_rate"":5e-05}","{""detection_events"":32570,""detectors_checked"":193228800}"
   1068032,         0,         0,   119.5,decoder_by_matrix,0421d486f8a041838688df650e87c0a19c3450ab7a7cc8b3dc589ebff86d1c74,"{""distance"":5,""physical_error_rate"":0.0001}","{""detection_events"":61225,""detectors_checked"":181565440}"
   1210368,         0,         0,   119.7,decoder_by_matrix,3c866087b289edc25e9adea730044a15db18cabfd3ae2507fc844d5b4e03657a,"{""distance"":5,""physical_error_rate"":5e-06}","{""detection_events"":3090,""detectors_checked"":205762560}"
    952320,         0,         0,   119.7,decoder_by_matrix,e41ade2e4684e0396b9a3890c882b6453b515d69885aa1d89a26ce21ec554895,"{""distance"":5,""physical_error_rate"":1e-06}","{""detection_events"":480,""detectors_checked"":161894400}"
   1033216,         1,         0,   119.3,decoder_by_matrix,066a5d8d46981b593c3dec855f441edbe9e755a8873183448f69d036a2ecc650,"{""distance"":5,""physical_error_rate"":0.001}","{""detection_events"":586300,""detectors_checked"":175646720,""obs_mistake_mask=_E__"":1}"
    918528,         0,         0,   119.6,decoder_by_matrix,9c6baee88fc81e7d1aa345fcb3feec7ee81f21c5d49cb6ca037118097d89e180,"{""distance"":5,""physical_error_rate"":5e-05}","{""detection_events"":26025,""detectors_checked"":156149760}"
   1164288,         0,         0,   119.6,decoder_by_matrix,fa5edda0c1038186c8afbec49b0215a0b852396cdb50783a3f937fdf51d2afac,"{""distance"":5,""physical_error_rate"":1e-05}","{""detection_events"":6955,""detectors_checked"":197928960}"
   1197056,         0,         0,   119.5,decoder_by_matrix,b84cf4b8ca220d31f17e1e2ea9ab927bbc4176b15682c650e7d1dd8f2758172b,"{""distance"":5,""physical_error_rate"":0.0005}","{""detection_events"":339020,""detectors_checked"":203499520}"
   1366016,         0,         0,   119.6,decoder_by_matrix,fa5edda0c1038186c8afbec49b0215a0b852396cdb50783a3f937fdf51d2afac,"{""distance"":5,""physical_error_rate"":1e-05}","{""detection_events"":7280,""detectors_checked"":232222720}"
   1309696,         0,         0,   119.4,decoder_by_matrix,9c6baee88fc81e7d1aa345fcb3feec7ee81f21c5d49cb6ca037118097d89e180,"{""distance"":5,""physical_error_rate"":5e-05}","{""detection_events"":36925,""detectors_checked"":222648320}"
   1054720,         0,         0,   119.4,decoder_by_matrix,e41ade2e4684e0396b9a3890c882b6453b515d69885aa1d89a26ce21ec554895,"{""distance"":5,""physical_error_rate"":1e-06}","{""detection_events"":580,""detectors_checked"":179302400}"
   1324032,         0,         0,   119.4,decoder_by_matrix,3c866087b289edc25e9adea730044a15db18cabfd3ae2507fc844d5b4e03657a,"{""distance"":5,""physical_error_rate"":5e-06}","{""detection_events"":3880,""detectors_checked"":225085440}"
   1164288,         0,         0,   119.5,decoder_by_matrix,0421d486f8a041838688df650e87c0a19c3450ab7a7cc8b3dc589ebff86d1c74,"{""distance"":5,""physical_error_rate"":0.0001}","{""detection_events"":68230,""detectors_checked"":197928960}"
   1255424,         1,         0,   119.5,decoder_by_matrix,b84cf4b8ca220d31f17e1e2ea9ab927bbc4176b15682c650e7d1dd8f2758172b,"{""distance"":5,""physical_error_rate"":0.0005}","{""detection_events"":355330,""detectors_checked"":213422080,""obs_mistake_mask=E_E_"":1}"
   1111040,         0,         0,   119.6,decoder_by_matrix,0421d486f8a041838688df650e87c0a19c3450ab7a7cc8b3dc589ebff86d1c74,"{""distance"":5,""physical_error_rate"":0.0001}","{""detection_events"":60795,""detectors_checked"":188876800}"
   1241088,         0,         0,   119.4,decoder_by_matrix,fa5edda0c1038186c8afbec49b0215a0b852396cdb50783a3f937fdf51d2afac,"{""distance"":5,""physical_error_rate"":1e-05}","{""detection_events"":6425,""detectors_checked"":210984960}"
   1283072,         0,         0,   119.5,decoder_by_matrix,fa5edda0c1038186c8afbec49b0215a0b852396cdb50783a3f937fdf51d2afac,"{""distance"":5,""physical_error_rate"":1e-05}","{""detection_events"":7095,""detectors_checked"":218122240}"
   1113088,         0,         0,   119.4,decoder_by_matrix,3c866087b289edc25e9adea730044a15db18cabfd3ae2507fc844d5b4e03657a,"{""distance"":5,""physical_error_rate"":5e-06}","{""detection_events"":3835,""detectors_checked"":189224960}"
   1165312,         2,         0,   119.7,decoder_by_matrix,066a5d8d46981b593c3dec855f441edbe9e755a8873183448f69d036a2ecc650,"{""distance"":5,""physical_error_rate"":0.001}","{""detection_events"":663605,""detectors_checked"":198103040,""obs_mistake_mask=E_E_"":1,""obs_mistake_mask=E__E"":1}"
    860160,         0,         0,   119.8,decoder_by_matrix,fa5edda0c1038186c8afbec49b0215a0b852396cdb50783a3f937fdf51d2afac,"{""distance"":5,""physical_error_rate"":1e-05}","{""detection_events"":5035,""detectors_checked"":146227200}"
   1127424,         0,         0,   119.6,decoder_by_matrix,9c6baee88fc81e7d1aa345fcb3feec7ee81f21c5d49cb6ca037118097d89e180,"{""distance"":5,""physical_error_rate"":5e-05}","{""detection_events"":33515,""detectors_checked"":191662080}"
    960512,         0,         0,   119.6,decoder_by_matrix,e41ade2e4684e0396b9a3890c882b6453b515d69885aa1d89a26ce21ec554895,"{""distance"":5,""physical_error_rate"":1e-06}","{""detection_events"":355,""detectors_checked"":163287040}"
   1239040,         1,         0,   119.6,decoder_by_matrix,066a5d8d46981b593c3dec855f441edbe9e755a8873183448f69d036a2ecc650,"{""distance"":5,""physical_error_rate"":0.001}","{""detection_events"":705785,""detectors_checked"":210636800,""obs_mistake_mask=EE_E"":1}"
   1240064,         0,         0,   119.6,decoder_by_matrix,9c6baee88fc81e7d1aa345fcb3feec7ee81f21c5d49cb6ca037118097d89e180,"{""distance"":5,""physical_error_rate"":5e-05}","{""detection_events"":34645,""detectors_checked"":210810880}"
   1160192,         0,         0,   119.6,decoder_by_matrix,9c6baee88fc81e7d1aa345fcb3feec7ee81f21c5d49cb6ca037118097d89e180,"{""distance"":5,""physical_error_rate"":5e-05}","{""detection_events"":31605,""detectors_checked"":197232640}"
   1034240,         0,         0,   119.7,decoder_by_matrix,b84cf4b8ca220d31f17e1e2ea9ab927bbc4176b15682c650e7d1dd8f2758172b,"{""distance"":5,""physical_error_rate"":0.0005}","{""detection_events"":293860,""detectors_checked"":175820800}"
   1164288,         0,         0,   119.5,decoder_by_matrix,e41ade2e4684e0396b9a3890c882b6453b515d69885aa1d89a26ce21ec554895,"{""distance"":5,""physical_error_rate"":1e-06}","{""detection_events"":670,""detectors_checked"":197928960}"
   1171456,         0,         0,   119.5,decoder_by_matrix,0421d486f8a041838688df650e87c0a19c3450ab7a7cc8b3dc589ebff86d1c74,"{""distance"":5,""physical_error_rate"":0.0001}","{""detection_events"":65960,""detectors_checked"":199147520}"
   1278976,         0,         0,   119.6,decoder_by_matrix,3c866087b289edc25e9adea730044a15db18cabfd3ae2507fc844d5b4e03657a,"{""distance"":5,""physical_error_rate"":5e-06}","{""detection_events"":3845,""detectors_checked"":217425920}"
   1118208,         0,         0,   119.5,decoder_by_matrix,b84cf4b8ca220d31f17e1e2ea9ab927bbc4176b15682c650e7d1dd8f2758172b,"{""distance"":5,""physical_error_rate"":0.0005}","{""detection_events"":321140,""detectors_checked"":190095360}"
   1107968,         0,         0,   119.4,decoder_by_matrix,fa5edda0c1038186c8afbec49b0215a0b852396cdb50783a3f937fdf51d2afac,"{""distance"":5,""physical_error_rate"":1e-05}","{""detection_events"":6340,""detectors_checked"":188354560}"
    809984,         0,         0,   119.7,decoder_by_matrix,3c866087b289edc25e9adea730044a15db18cabfd3ae2507fc844d5b4e03657a,"{""distance"":5,""physical_error_rate"":5e-06}","{""detection_events"":2600,""detectors_checked"":137697280}"
    815104,         0,         0,   119.5,decoder_by_matrix,0421d486f8a041838688df650e87c0a19c3450ab7a7cc8b3dc589ebff86d1c74,"{""distance"":5,""physical_error_rate"":0.0001}","{""detection_events"":45335,""detectors_checked"":138567680}"
   1170432,         0,         0,   119.4,decoder_by_matrix,3c866087b289edc25e9adea730044a15db18cabfd3ae2507fc844d5b4e03657a,"{""distance"":5,""physical_error_rate"":5e-06}","{""detection_events"":3200,""detectors_checked"":198973440}"
   1199104,         0,         0,   119.5,decoder_by_matrix,b84cf4b8ca220d31f17e1e2ea9ab927bbc4176b15682c650e7d1dd8f2758172b,"{""distance"":5,""physical_error_rate"":0.0005}","{""detection_events"":339835,""detectors_checked"":203847680}"
   1182720,         1,         0,   119.4,decoder_by_matrix,066a5d8d46981b593c3dec855f441edbe9e755a8873183448f69d036a2ecc650,"{""distance"":5,""physical_error_rate"":0.001}","{""detection_events"":680010,""detectors_checked"":201062400,""obs_mistake_mask=__E_"":1}"
   1178624,         0,         0,   119.6,decoder_by_matrix,3c866087b289edc25e9adea730044a15db18cabfd3ae2507fc844d5b4e03657a,"{""distance"":5,""physical_error_rate"":5e-06}","{""detection_events"":3450,""detectors_checked"":200366080}"
   1238016,         0,         0,   119.6,decoder_by_matrix,e41ade2e4684e0396b9a3890c882b6453b515d69885aa1d89a26ce21ec554895,"{""distance"":5,""physical_error_rate"":1e-06}","{""detection_events"":770,""detectors_checked"":210462720}"
   1216512,         4,         0,   119.5,decoder_by_matrix,066a5d8d46981b593c3dec855f441edbe9e755a8873183448f69d036a2ecc650,"{""distance"":5,""physical_error_rate"":0.001}","{""detection_events"":688890,""detectors_checked"":206807040,""obs_mistake_mask=EE_E"":1,""obs_mistake_mask=E_E_"":1,""obs_mistake_mask=E___"":1,""obs_mistake_mask=_E__"":1}"
   1234944,         1,         0,   119.5,decoder_by_matrix,066a5d8d46981b593c3dec855f441edbe9e755a8873183448f69d036a2ecc650,"{""distance"":5,""physical_error_rate"":0.001}","{""detection_events"":697605,""detectors_checked"":209940480,""obs_mistake_mask=_E__"":1}"
   1246208,         0,         0,   119.5,decoder_by_matrix,fa5edda0c1038186c8afbec49b0215a0b852396cdb50783a3f937fdf51d2afac,"{""distance"":5,""physical_error_rate"":1e-05}","{""detection_events"":6740,""detectors_checked"":211855360}"
   1125376,         0,         0,   119.7,decoder_by_matrix,e41ade2e4684e0396b9a3890c882b6453b515d69885aa1d89a26ce21ec554895,"{""distance"":5,""physical_error_rate"":1e-06}","{""detection_events"":565,""detectors_checked"":191313920}"
    880640,         0,         0,   119.5,decoder_by_matrix,b84cf4b8ca220d31f17e1e2ea9ab927bbc4176b15682c650e7d1dd8f2758172b,"{""distance"":5,""physical_error_rate"":0.0005}","{""detection_events"":256380,""detectors_checked"":149708800}"
   1061888,         0,         0,   119.6,decoder_by_matrix,0421d486f8a041838688df650e87c0a19c3450ab7a7cc8b3dc589ebff86d1c74,"{""distance"":5,""physical_error_rate"":0.0001}","{""detection_events"":60115,""detectors_checked"":180520960}"
   1175552,         0,         0,   119.6,decoder_by_matrix,0421d486f8a041838688df650e87c0a19c3450ab7a7cc8b3dc589ebff86d1c74,"{""distance"":5,""physical_error_rate"":0.0001}","{""detection_events"":66175,""detectors_checked"":199843840}"
   1238016,         0,         0,   119.5,decoder_by_matrix,b84cf4b8ca220d31f17e1e2ea9ab927bbc4176b15682c650e7d1dd8f2758172b,"{""distance"":5,""physical_error_rate"":0.0005}","{""detection_events"":348860,""detectors_checked"":210462720}"
   1116160,         0,         0,   119.6,decoder_by_matrix,e41ade2e4684e0396b9a3890c882b6453b515d69885aa1d89a26ce21ec554895,"{""distance"":5,""physical_error_rate"":1e-06}","{""detection_events"":835,""detectors_checked"":189747200}"
   1158144,         0,         0,   119.6,decoder_by_matrix,9c6baee88fc81e7d1aa345fcb3feec7ee81f21c5d49cb6ca037118097d89e180,"{""distance"":5,""physical_error_rate"":5e-05}","{""detection_events"":33375,""detectors_checked"":196884480}"
   1234944,         0,         0,   119.5,decoder_by_matrix,9c6baee88fc81e7d1aa345fcb3feec7ee81f21c5d49cb6ca037118097d89e180,"{""distance"":5,""physical_error_rate"":5e-05}","{""detection_events"":34815,""detectors_checked"":209940480}"
   1129472,         0,         0,   119.5,decoder_by_matrix,0421d486f8a041838688df650e87c0a19c3450ab7a7cc8b3dc589ebff86d1c74,"{""distance"":5,""physical_error_rate"":0.0001}","{""detection_events"":64025,""detectors_checked"":192010240}"
   1242112,         0,         0,   119.6,decoder_by_matrix,3c866087b289edc25e9adea730044a15db18cabfd3ae2507fc844d5b4e03657a,"{""distance"":5,""physical_error_rate"":5e-06}","{""detection_events"":3420,""detectors_checked"":211159040}"
    860160,         0,         0,   119.6,decoder_by_matrix,e41ade2e4684e0396b9a3890c882b6453b515d69885aa1d89a26ce21ec554895,"{""distance"":5,""physical_error_rate"":1e-06}","{""detection_events"":755,""detectors_checked"":146227200}"
    862208,         0,         0,   119.6,decoder_by_matrix,066a5d8d46981b593c3dec855f441edbe9e755a8873183448f69d036a2ecc650,"{""distance"":5,""physical_error_rate"":0.001}","{""detection_events"":494035,""detectors_checked"":146575360}"
    945152,         0,         0,   119.4,decoder_by_matrix,9c6baee88fc81e7d1aa345fcb3feec7ee81f21c5d49cb6ca037118097d89e180,"{""distance"":5,""physical_error_rate"":5e-05}","{""detection_events"":27750,""detectors_checked"":160675840}"
    983040,         0,         0,   119.5,decoder_by_matrix,fa5edda0c1038186c8afbec49b0215a0b852396cdb50783a3f937fdf51d2afac,"{""distance"":5,""physical_error_rate"":1e-05}","{""detection_events"":4790,""detectors_checked"":167116800}"
   1004544,         0,         0,   119.5,decoder_by_matrix,b84cf4b8ca220d31f17e1e2ea9ab927bbc4176b15682c650e7d1dd8f2758172b,"{""distance"":5,""physical_error_rate"":0.0005}","{""detection_events"":286870,""detectors_checked"":170772480}"
   1250304,         0,         0,   119.4,decoder_by_matrix,fa5edda0c1038186c8afbec49b0215a0b852396cdb50783a3f937fdf51d2afac,"{""distance"":5,""physical_error_rate"":1e-05}","{""detection_events"":7715,""detectors_checked"":212551680}"
   1112064,         0,         0,   119.5,decoder_by_matrix,9c6baee88fc81e7d1aa345fcb3feec7ee81f21c5d49cb6ca037118097d89e180,"{""distance"":5,""physical_error_rate"":5e-05}","{""detection_events"":32030,""detectors_checked"":189050880}"
   1260544,         0,         0,   119.6,decoder_by_matrix,e41ade2e4684e0396b9a3890c882b6453b515d69885aa1d89a26ce21ec554895,"{""distance"":5,""physical_error_rate"":1e-06}","{""detection_events"":770,""detectors_checked"":214292480}"
   1166336,         0,         0,   119.6,decoder_by_matrix,3c866087b289edc25e9adea730044a15db18cabfd3ae2507fc844d5b4e03657a,"{""distance"":5,""physical_error_rate"":5e-06}","{""detection_events"":3210,""detectors_checked"":198277120}"
   1028096,         0,         0,   119.3,decoder_by_matrix,0421d486f8a041838688df650e87c0a19c3450ab7a7cc8b3dc589ebff86d1c74,"{""distance"":5,""physical_error_rate"":0.0001}","{""detection_events"":58510,""detectors_checked"":174776320}"
   1100800,         0,         0,   119.4,decoder_by_matrix,b84cf4b8ca220d31f17e1e2ea9ab927bbc4176b15682c650e7d1dd8f2758172b,"{""distance"":5,""physical_error_rate"":0.0005}","{""detection_events"":314950,""detectors_checked"":187136000}"
   1278976,         0,         0,   119.3,decoder_by_matrix,0421d486f8a041838688df650e87c0a19c3450ab7a7cc8b3dc589ebff86d1c74,"{""distance"":5,""physical_error_rate"":0.0001}","{""detection_events"":73320,""detectors_checked"":217425920}"
   1217536,         0,         0,   119.6,decoder_by_matrix,fa5edda0c1038186c8afbec49b0215a0b852396cdb50783a3f937fdf51d2afac,"{""distance"":5,""physical_error_rate"":1e-05}","{""detection_events"":6925,""detectors_checked"":206981120}"
   1199104,         0,         0,   119.6,decoder_by_matrix,fa5edda0c1038186c8afbec49b0215a0b852396cdb50783a3f937fdf51d2afac,"{""distance"":5,""physical_error_rate"":1e-05}","{""detection_events"":6820,""detectors_checked"":203847680}"
   1376256,         0,         0,   119.5,decoder_by_matrix,3c866087b289edc25e9adea730044a15db18cabfd3ae2507fc844d5b4e03657a,"{""distance"":5,""physical_error_rate"":5e-06}","{""detection_events"":3605,""detectors_checked"":233963520}"
   1008640,         0,         0,   119.5,decoder_by_matrix,fa5edda0c1038186c8afbec49b0215a0b852396cdb50783a3f937fdf51d2afac,"{""distance"":5,""physical_error_rate"":1e-05}","{""detection_events"":5710,""detectors_checked"":171468800}"
   1083392,         3,         0,   119.4,decoder_by_matrix,066a5d8d46981b593c3dec855f441edbe9e755a8873183448f69d036a2ecc650,"{""distance"":5,""physical_error_rate"":0.001}","{""detection_events"":615680,""detectors_checked"":184176640,""obs_mistake_mask=_EEE"":1,""obs_mistake_mask=_E__"":1,""obs_mistake_mask=__E_"":1}"
   1084416,         0,         0,   119.5,decoder_by_matrix,9c6baee88fc81e7d1aa345fcb3feec7ee81f21c5d49cb6ca037118097d89e180,"{""distance"":5,""physical_error_rate"":5e-05}","{""detection_events"":29620,""detectors_checked"":184350720}"
   1089536,         0,         0,   119.6,decoder_by_matrix,e41ade2e4684e0396b9a3890c882b6453b515d69885aa1d89a26ce21ec554895,"{""distance"":5,""physical_error_rate"":1e-06}","{""detection_events"":585,""detectors_checked"":185221120}"
   1124352,         3,         0,   119.5,decoder_by_matrix,066a5d8d46981b593c3dec855f441edbe9e755a8873183448f69d036a2ecc650,"{""distance"":5,""physical_error_rate"":0.001}","{""detection_events"":641655,""detectors_checked"":191139840,""obs_mistake_mask=_EEE"":1,""obs_mistake_mask=__E_"":2}"
   1124352,         0,         0,   119.6,decoder_by_matrix,9c6baee88fc81e7d1aa345fcb3feec7ee81f21c5d49cb6ca037118097d89e180,"{""distance"":5,""physical_error_rate"":5e-05}","{""detection_events"":31730,""detectors_checked"":191139840}"
   1232896,         0,         0,   119.7,decoder_by_matrix,9c6baee88fc81e7d1aa345fcb3feec7ee81f21c5d49cb6ca037118097d89e180,"{""distance"":5,""physical_error_rate"":5e-05}","{""detection_events"":33300,""detectors_checked"":209592320}"
    936960,         2,         0,   119.5,decoder_by_matrix,b84cf4b8ca220d31f17e1e2ea9ab927bbc4176b15682c650e7d1dd8f2758172b,"{""distance"":5,""physical_error_rate"":0.0005}","{""detection_events"":265435,""detectors_checked"":159283200,""obs_mistake_mask=EE__"":1,""obs_mistake_mask=_E_E"":1}"
   1192960,         0,         0,   119.5,decoder_by_matrix,e41ade2e4684e0396b9a3890c882b6453b515d69885aa1d89a26ce21ec554895,"{""distance"":5,""physical_error_rate"":1e-06}","{""detection_events"":635,""detectors_checked"":202803200}"
   1163264,         0,         0,   119.4,decoder_by_matrix,0421d486f8a041838688df650e87c0a19c3450ab7a7cc8b3dc589ebff86d1c74,"{""distance"":5,""physical_error_rate"":0.0001}","{""detection_events"":66310,""detectors_checked"":197754880}"
   1165312,         0,         0,   119.6,decoder_by_matrix,3c866087b289edc25e9adea730044a15db18cabfd3ae2507fc844d5b4e03657a,"{""distance"":5,""physical_error_rate"":5e-06}","{""detection_events"":3465,""detectors_checked"":198103040}"
   1117184,         0,         0,   119.6,decoder_by_matrix,b84cf4b8ca220d31f17e1e2ea9ab927bbc4176b15682c650e7d1dd8f2758172b,"{""distance"":5,""physical_error_rate"":0.0005}","{""detection_events"":312080,""detectors_checked"":189921280}"
   1029120,         0,         0,   119.5,decoder_by_matrix,fa5edda0c1038186c8afbec49b0215a0b852396cdb50783a3f937fdf51d2afac,"{""distance"":5,""physical_error_rate"":1e-05}","{""detection_events"":5605,""detectors_checked"":174950400}"
   1098752,         0,         0,   119.4,decoder_by_matrix,3c866087b289edc25e9adea730044a15db18cabfd3ae2507fc844d5b4e03657a,"{""distance"":5,""physical_error_rate"":5e-06}","{""detection_events"":2930,""detectors_checked"":186787840}"
    942080,         0,         0,   119.6,decoder_by_matrix,0421d486f8a041838688df650e87c0a19c3450ab7a7cc8b3dc589ebff86d1c74,"{""distance"":5,""physical_error_rate"":0.0001}","{""detection_events"":53275,""detectors_checked"":160153600}"
   1163264,         0,         0,   119.6,decoder_by_matrix,3c866087b289edc25e9adea730044a15db18cabfd3ae2507fc844d5b4e03657a,"{""distance"":5,""physical_error_rate"":5e-06}","{""detection_events"":2855,""detectors_checked"":197754880}"
   1149952,         0,         0,   119.3,decoder_by_matrix,b84cf4b8ca220d31f17e1e2ea9ab927bbc4176b15682c650e7d1dd8f2758172b,"{""distance"":5,""physical_error_rate"":0.0005}","{""detection_events"":324515,""detectors_checked"":195491840}"
   1117184,         1,         0,   119.6,decoder_by_matrix,066a5d8d46981b593c3dec855f441edbe9e755a8873183448f69d036a2ecc650,"{""distance"":5,""physical_error_rate"":0.001}","{""detection_events"":633055,""detectors_checked"":189921280,""obs_mistake_mask=_EE_"":1}"
   1122304,         0,         0,   119.5,decoder_by_matrix,e41ade2e4684e0396b9a3890c882b6453b515d69885aa1d89a26ce21ec554895,"{""distance"":5,""physical_error_rate"":1e-06}","{""detection_events"":580,""detectors_checked"":190791680}"
   1069056,         3,         0,   119.5,decoder_by_matrix,066a5d8d46981b593c3dec855f441edbe9e755a8873183448f69d036a2ecc650,"{""distance"":5,""physical_error_rate"":0.001}","{""detection_events"":603270,""detectors_checked"":181739520,""obs_mistake_mask=E__E"":1,""obs_mistake_mask=_E__"":1,""obs_mistake_mask=___E"":1}"
   1089536,         2,         0,   119.5,decoder_by_matrix,066a5d8d46981b593c3dec855f441edbe9e755a8873183448f69d036a2ecc650,"{""distance"":5,""physical_error_rate"":0.001}","{""detection_events"":612705,""detectors_checked"":185221120,""obs_mistake_mask=E___"":1,""obs_mistake_mask=___E"":1}"
   1010688,         0,         0,   119.8,decoder_by_matrix,3c866087b289edc25e9adea730044a15db18cabfd3ae2507fc844d5b4e03657a,"{""distance"":5,""physical_error_rate"":5e-06}","{""detection_events"":2955,""detectors_checked"":171816960}"
   1165312,         0,         0,   119.5,decoder_by_matrix,fa5edda0c1038186c8afbec49b0215a0b852396cdb50783a3f937fdf51d2afac,"{""distance"":5,""physical_error_rate"":1e-05}","{""detection_events"":6825,""detectors_checked"":198103040}"
   1298432,         0,         0,   119.5,decoder_by_matrix,e41ade2e4684e0396b9a3890c882b6453b515d69885aa1d89a26ce21ec554895,"{""distance"":5,""physical_error_rate"":1e-06}","{""detection_events"":665,""detectors_checked"":220733440}"
   1242112,         0,         0,   119.5,decoder_by_matrix,b84cf4b8ca220d31f17e1e2ea9ab927bbc4176b15682c650e7d1dd8f2758172b,"{""distance"":5,""physical_error_rate"":0.0005}","{""detection_events"":352695,""detectors_checked"":211159040}"
   1116160,         0,         0,   119.5,decoder_by_matrix,0421d486f8a041838688df650e87c0a19c3450ab7a7cc8b3dc589ebff86d1c74,"{""distance"":5,""physical_error_rate"":0.0001}","{""detection_events"":63255,""detectors_checked"":189747200}"
    921600,         0,         0,   119.6,decoder_by_matrix,0421d486f8a041838688df650e87c0a19c3450ab7a7cc8b3dc589ebff86d1c74,"{""distance"":5,""physical_error_rate"":0.0001}","{""detection_events"":52320,""detectors_checked"":156672000}"
   1154048,         0,         0,   119.6,decoder_by_matrix,b84cf4b8ca220d31f17e1e2ea9ab927bbc4176b15682c650e7d1dd8f2758172b,"{""distance"":5,""physical_error_rate"":0.0005}","{""detection_events"":327875,""detectors_checked"":196188160}"
   1270784,         0,         0,   119.5,decoder_by_matrix,e41ade2e4684e0396b9a3890c882b6453b515d69885aa1d89a26ce21ec554895,"{""distance"":5,""physical_error_rate"":1e-06}","{""detection_events"":830,""detectors_checked"":216033280}"
   1132544,         0,         0,   119.4,decoder_by_matrix,9c6baee88fc81e7d1aa345fcb3feec7ee81f21c5d49cb6ca037118097d89e180,"{""distance"":5,""physical_error_rate"":5e-05}","{""detection_events"":33600,""detectors_checked"":192532480}"
   1232896,         0,         0,   119.5,decoder_by_matrix,9c6baee88fc81e7d1aa345fcb3feec7ee81f21c5d49cb6ca037118097d89e180,"{""distance"":5,""physical_error_rate"":5e-05}","{""detection_events"":32415,""detectors_checked"":209592320}"
   1168384,         0,         0,   119.5,decoder_by_matrix,0421d486f8a041838688df650e87c0a19c3450ab7a7cc8b3dc589ebff86d1c74,"{""distance"":5,""physical_error_rate"":0.0001}","{""detection_events"":69280,""detectors_checked"":198625280}"
   1241088,         0,         0,   119.6,decoder_by_matrix,3c866087b289edc25e9adea730044a15db18cabfd3ae2507fc844d5b4e03657a,"{""distance"":5,""physical_error_rate"":5e-06}","{""detection_events"":3845,""detectors_checked"":210984960}"
    861184,         0,         0,   119.7,decoder_by_matrix,e41ade2e4684e0396b9a3890c882b6453b515d69885aa1d89a26ce21ec554895,"{""distance"":5,""physical_error_rate"":1e-06}","{""detection_events"":780,""detectors_checked"":146401280}"
   1170432,         0,         0,   119.5,decoder_by_matrix,066a5d8d46981b593c3dec855f441edbe9e755a8873183448f69d036a2ecc650,"{""distance"":5,""physical_error_rate"":0.001}","{""detection_events"":658830,""detectors_checked"":198973440}"
   1145856,         0,         0,   119.5,decoder_by_matrix,9c6baee88fc81e7d1aa345fcb3feec7ee81f21c5d49cb6ca037118097d89e180,"{""distance"":5,""physical_error_rate"":5e-05}","{""detection_events"":33375,""detectors_checked"":194795520}"
    877568,         0,         0,   119.8,decoder_by_matrix,fa5edda0c1038186c8afbec49b0215a0b852396cdb50783a3f937fdf51d2afac,"{""distance"":5,""physical_error_rate"":1e-05}","{""detection_events"":5375,""detectors_checked"":149186560}"
   1115136,         0,         0,   119.5,decoder_by_matrix,b84cf4b8ca220d31f17e1e2ea9ab927bbc4176b15682c650e7d1dd8f2758172b,"{""distance"":5,""physical_error_rate"":0.0005}","{""detection_events"":320335,""detectors_checked"":189573120}"
   1320960,         0,         0,   119.7,decoder_by_matrix,fa5edda0c1038186c8afbec49b0215a0b852396cdb50783a3f937fdf51d2afac,"{""distance"":5,""physical_error_rate"":1e-05}","{""detection_events"":7965,""detectors_checked"":224563200}"
   1208320,         0,         0,   119.5,decoder_by_matrix,9c6baee88fc81e7d1aa345fcb3feec7ee81f21c5d49cb6ca037118097d89e180,"{""distance"":5,""physical_error_rate"":5e-05}","{""detection_events"":32820,""detectors_checked"":205414400}"
   1078272,         0,         0,   119.6,decoder_by_matrix,e41ade2e4684e0396b9a3890c882b6453b515d69885aa1d89a26ce21ec554895,"{""distance"":5,""physical_error_rate"":1e-06}","{""detection_events"":580,""detectors_checked"":183306240}"
   1258496,         0,         0,   119.4,decoder_by_matrix,3c866087b289edc25e9adea730044a15db18cabfd3ae2507fc844d5b4e03657a,"{""distance"":5,""physical_error_rate"":5e-06}","{""detection_events"":3625,""detectors_checked"":213944320}"
    609280,         0,         0,   119.6,decoder_by_matrix,0421d486f8a041838688df650e87c0a19c3450ab7a7cc8b3dc589ebff86d1c74,"{""distance"":5,""physical_error_rate"":0.0001}","{""detection_events"":34995,""detectors_checked"":103577600}"
   1035264,         1,         0,   119.5,decoder_by_matrix,b84cf4b8ca220d31f17e1e2ea9ab927bbc4176b15682c650e7d1dd8f2758172b,"{""distance"":5,""physical_error_rate"":0.0005}","{""detection_events"":292625,""detectors_checked"":175994880,""obs_mistake_mask=_EEE"":1}"
   1307648,         0,         0,   119.5,decoder_by_matrix,0421d486f8a041838688df650e87c0a19c3450ab7a7cc8b3dc589ebff86d1c74,"{""distance"":5,""physical_error_rate"":0.0001}","{""detection_events"":73680,""detectors_checked"":222300160}"
   1352704,         0,         0,   119.4,decoder_by_matrix,fa5edda0c1038186c8afbec49b0215a0b852396cdb50783a3f937fdf51d2afac,"{""distance"":5,""physical_error_rate"":1e-05}","{""detection_events"":7290,""detectors_checked"":229959680}"
   1283072,         0,         0,   119.6,decoder_by_matrix,fa5edda0c1038186c8afbec49b0215a0b852396cdb50783a3f937fdf51d2afac,"{""distance"":5,""physical_error_rate"":1e-05}","{""detection_events"":7450,""detectors_checked"":218122240}"
   1363968,         0,         0,   119.4,decoder_by_matrix,3c866087b289edc25e9adea730044a15db18cabfd3ae2507fc844d5b4e03657a,"{""distance"":5,""physical_error_rate"":5e-06}","{""detection_events"":3950,""detectors_checked"":231874560}"
    686080,         0,         0,   119.8,decoder_by_matrix,fa5edda0c1038186c8afbec49b0215a0b852396cdb50783a3f937fdf51d2afac,"{""distance"":5,""physical_error_rate"":1e-05}","{""detection_events"":4245,""detectors_checked"":116633600}"
   1296384,         1,         0,   119.5,decoder_by_matrix,066a5d8d46981b593c3dec855f441edbe9e755a8873183448f69d036a2ecc650,"{""distance"":5,""physical_error_rate"":0.001}","{""detection_events"":732880,""detectors_checked"":220385280,""obs_mistake_mask=___E"":1}"
   1090560,         0,         0,   119.5,decoder_by_matrix,9c6baee88fc81e7d1aa345fcb3feec7ee81f21c5d49cb6ca037118097d89e180,"{""distance"":5,""physical_error_rate"":5e-05}","{""detection_events"":30500,""detectors_checked"":185395200}"
   1214464,         0,         0,   119.5,decoder_by_matrix,e41ade2e4684e0396b9a3890c882b6453b515d69885aa1d89a26ce21ec554895,"{""distance"":5,""physical_error_rate"":1e-06}","{""detection_events"":540,""detectors_checked"":206458880}"
   1187840,         6,         0,   119.2,decoder_by_matrix,066a5d8d46981b593c3dec855f441edbe9e755a8873183448f69d036a2ecc650,"{""distance"":5,""physical_error_rate"":0.001}","{""detection_events"":675405,""detectors_checked"":201932800,""obs_mistake_mask=E___"":2,""obs_mistake_mask=_E_E"":1,""obs_mistake_mask=__EE"":2,""obs_mistake_mask=__E_"":1}"
   1271808,         0,         0,   119.7,decoder_by_matrix,9c6baee88fc81e7d1aa345fcb3feec7ee81f21c5d49cb6ca037118097d89e180,"{""distance"":5,""physical_error_rate"":5e-05}","{""detection_events"":35600,""detectors_checked"":216207360}"
   1010688,         0,         0,   119.6,decoder_by_matrix,9c6baee88fc81e7d1aa345fcb3feec7ee81f21c5d49cb6ca037118097d89e180,"{""distance"":5,""physical_error_rate"":5e-05}","{""detection_events"":29465,""detectors_checked"":171816960}"
    665600,         0,         0,   119.5,decoder_by_matrix,b84cf4b8ca220d31f17e1e2ea9ab927bbc4176b15682c650e7d1dd8f2758172b,"{""distance"":5,""physical_error_rate"":0.0005}","{""detection_events"":190855,""detectors_checked"":113152000}"
   1347584,         0,         0,   119.6,decoder_by_matrix,e41ade2e4684e0396b9a3890c882b6453b515d69885aa1d89a26ce21ec554895,"{""distance"":5,""physical_error_rate"":1e-06}","{""detection_events"":720,""detectors_checked"":229089280}"
   1300480,         0,         0,   119.5,decoder_by_matrix,0421d486f8a041838688df650e87c0a19c3450ab7a7cc8b3dc589ebff86d1c74,"{""distance"":5,""physical_error_rate"":0.0001}","{""detection_events"":74275,""detectors_checked"":221081600}"
   1349632,         0,         0,   119.6,decoder_by_matrix,3c866087b289edc25e9adea730044a15db18cabfd3ae2507fc844d5b4e03657a,"{""distance"":5,""physical_error_rate"":5e-06}","{""detection_events"":4025,""detectors_checked"":229437440}"
   1043456,         0,         0,   119.7,decoder_by_matrix,b84cf4b8ca220d31f17e1e2ea9ab927bbc4176b15682c650e7d1dd8f2758172b,"{""distance"":5,""physical_error_rate"":0.0005}","{""detection_events"":297505,""detectors_checked"":177387520}"
    673792,         0,         0,   119.7,decoder_by_matrix,fa5edda0c1038186c8afbec49b0215a0b852396cdb50783a3f937fdf51d2afac,"{""distance"":5,""physical_error_rate"":1e-05}","{""detection_events"":3840,""detectors_checked"":114544640}"
   1204224,         0,         0,   119.5,decoder_by_matrix,3c866087b289edc25e9adea730044a15db18cabfd3ae2507fc844d5b4e03657a,"{""distance"":5,""physical_error_rate"":5e-06}","{""detection_events"":3105,""detectors_checked"":204718080}"
    783360,         0,         0,   119.4,decoder_by_matrix,0421d486f8a041838688df650e87c0a19c3450ab7a7cc8b3dc589ebff86d1c74,"{""distance"":5,""physical_error_rate"":0.0001}","{""detection_events"":43640,""detectors_checked"":133171200}"
   1267712,         0,         0,   119.5,decoder_by_matrix,3c866087b289edc25e9adea730044a15db18cabfd3ae2507fc844d5b4e03657a,"{""distance"":5,""physical_error_rate"":5e-06}","{""detection_events"":3935,""detectors_checked"":215511040}"
   1225728,         0,         0,   119.5,decoder_by_matrix,b84cf4b8ca220d31f17e1e2ea9ab927bbc4176b15682c650e7d1dd8f2758172b,"{""distance"":5,""physical_error_rate"":0.0005}","{""detection_events"":347960,""detectors_checked"":208373760}"
   1068032,         1,         0,   119.6,decoder_by_matrix,066a5d8d46981b593c3dec855f441edbe9e755a8873183448f69d036a2ecc650,"{""distance"":5,""physical_error_rate"":0.001}","{""detection_events"":601090,""detectors_checked"":181565440,""obs_mistake_mask=E_E_"":1}"
   1197056,         1,         0,   119.5,decoder_by_matrix,066a5d8d46981b593c3dec855f441edbe9e755a8873183448f69d036a2ecc650,"{""distance"":5,""physical_error_rate"":0.001}","{""detection_events"":676250,""detectors_checked"":203499520,""obs_mistake_mask=_E__"":1}"
    852992,         0,         0,   119.7,decoder_by_matrix,3c866087b289edc25e9adea730044a15db18cabfd3ae2507fc844d5b4e03657a,"{""distance"":5,""physical_error_rate"":5e-06}","{""detection_events"":2595,""detectors_checked"":145008640}"
   1277952,         3,         0,   119.4,decoder_by_matrix,066a5d8d46981b593c3dec855f441edbe9e755a8873183448f69d036a2ecc650,"{""distance"":5,""physical_error_rate"":0.001}","{""detection_events"":724490,""detectors_checked"":217251840,""obs_mistake_mask=E__E"":1,""obs_mistake_mask=E___"":1,""obs_mistake_mask=_E__"":1}"
   1313792,         0,         0,   119.3,decoder_by_matrix,fa5edda0c1038186c8afbec49b0215a0b852396cdb50783a3f937fdf51d2afac,"{""distance"":5,""physical_error_rate"":1e-05}","{""detection_events"":9125,""detectors_checked"":223344640}"
   1063936,         0,         0,   119.9,decoder_by_matrix,e41ade2e4684e0396b9a3890c882b6453b515d69885aa1d89a26ce21ec554895,"{""distance"":5,""physical_error_rate"":1e-06}","{""detection_events"":460,""detectors_checked"":180869120}"
   1318912,         0,         0,   119.6,decoder_by_matrix,e41ade2e4684e0396b9a3890c882b6453b515d69885aa1d89a26ce21ec554895,"{""distance"":5,""physical_error_rate"":1e-06}","{""detection_events"":845,""detectors_checked"":224215040}"
   1125376,         0,         0,   119.4,decoder_by_matrix,0421d486f8a041838688df650e87c0a19c3450ab7a7cc8b3dc589ebff86d1c74,"{""distance"":5,""physical_error_rate"":0.0001}","{""detection_events"":64500,""detectors_checked"":191313920}"
   1162240,         0,         0,   119.6,decoder_by_matrix,b84cf4b8ca220d31f17e1e2ea9ab927bbc4176b15682c650e7d1dd8f2758172b,"{""distance"":5,""physical_error_rate"":0.0005}","{""detection_events"":331460,""detectors_checked"":197580800}"
    679936,         0,         0,   119.3,decoder_by_matrix,0421d486f8a041838688df650e87c0a19c3450ab7a7cc8b3dc589ebff86d1c74,"{""distance"":5,""physical_error_rate"":0.0001}","{""detection_events"":39190,""detectors_checked"":115589120}"
   1293312,         1,         0,   119.4,decoder_by_matrix,b84cf4b8ca220d31f17e1e2ea9ab927bbc4176b15682c650e7d1dd8f2758172b,"{""distance"":5,""physical_error_rate"":0.0005}","{""detection_events"":362625,""detectors_checked"":219863040,""obs_mistake_mask=E___"":1}"
   1327104,         0,         0,   119.6,decoder_by_matrix,e41ade2e4684e0396b9a3890c882b6453b515d69885aa1d89a26ce21ec554895,"{""distance"":5,""physical_error_rate"":1e-06}","{""detection_events"":865,""detectors_checked"":225607680}"
   1181696,         0,         0,   119.5,decoder_by_matrix,9c6baee88fc81e7d1aa345fcb3feec7ee81f21c5d49cb6ca037118097d89e180,"{""distance"":5,""physical_error_rate"":5e-05}","{""detection_events"":33810,""detectors_checked"":200888320}"
   1132544,         0,         0,   119.7,decoder_by_matrix,9c6baee88fc81e7d1aa345fcb3feec7ee81f21c5d49cb6ca037118097d89e180,"{""distance"":5,""physical_error_rate"":5e-05}","{""detection_events"":33300,""detectors_checked"":192532480}"
   1287168,         0,         0,   119.6,decoder_by_matrix,0421d486f8a041838688df650e87c0a19c3450ab7a7cc8b3dc589ebff86d1c74,"{""distance"":5,""physical_error_rate"":0.0001}","{""detection_events"":73735,""detectors_checked"":218818560}"
   1334272,         0,         0,   119.3,decoder_by_matrix,3c866087b289edc25e9adea730044a15db18cabfd3ae2507fc844d5b4e03657a,"{""distance"":5,""physical_error_rate"":5e-06}","{""detection_events"":3480,""detectors_checked"":226826240}"
    699392,         0,         0,   119.6,decoder_by_matrix,e41ade2e4684e0396b9a3890c882b6453b515d69885aa1d89a26ce21ec554895,"{""distance"":5,""physical_error_rate"":1e-06}","{""detection_events"":240,""detectors_checked"":118896640}"
   1103872,         1,         0,   119.5,decoder_by_matrix,066a5d8d46981b593c3dec855f441edbe9e755a8873183448f69d036a2ecc650,"{""distance"":5,""physical_error_rate"":0.001}","{""detection_events"":622645,""detectors_checked"":187658240,""obs_mistake_mask=_E_E"":1}"
   1041408,         0,         0,   119.5,decoder_by_matrix,9c6baee88fc81e7d1aa345fcb3feec7ee81f21c5d49cb6ca037118097d89e180,"{""distance"":5,""physical_error_rate"":5e-05}","{""detection_events"":29725,""detectors_checked"":177039360}"
    761856,         0,         0,   119.6,decoder_by_matrix,fa5edda0c1038186c8afbec49b0215a0b852396cdb50783a3f937fdf51d2afac,"{""distance"":5,""physical_error_rate"":1e-05}","{""detection_events"":4735,""detectors_checked"":129515520}"
   1239040,         1,         0,   119.6,decoder_by_matrix,b84cf4b8ca220d31f17e1e2ea9ab927bbc4176b15682c650e7d1dd8f2758172b,"{""distance"":5,""physical_error_rate"":0.0005}","{""detection_events"":356075,""detectors_checked"":210636800,""obs_mistake_mask=_E__"":1}"
   1360896,         0,         0,   119.5,decoder_by_matrix,fa5edda0c1038186c8afbec49b0215a0b852396cdb50783a3f937fdf51d2afac,"{""distance"":5,""physical_error_rate"":1e-05}","{""detection_events"":7540,""detectors_checked"":231352320}"
   1230848,         0,         0,   119.5,decoder_by_matrix,9c6baee88fc81e7d1aa345fcb3feec7ee81f21c5d49cb6ca037118097d89e180,"{""distance"":5,""physical_error_rate"":5e-05}","{""detection_events"":35005,""detectors_checked"":209244160}"
   1097728,         0,         0,   119.4,decoder_by_matrix,e41ade2e4684e0396b9a3890c882b6453b515d69885aa1d89a26ce21ec554895,"{""distance"":5,""physical_error_rate"":1e-06}","{""detection_events"":620,""detectors_checked"":186613760}"
   1335296,         0,         0,   119.5,decoder_by_matrix,3c866087b289edc25e9adea730044a15db18cabfd3ae2507fc844d5b4e03657a,"{""distance"":5,""physical_error_rate"":5e-06}","{""detection_events"":3435,""detectors_checked"":227000320}"
   1082368,         0,         0,   119.5,decoder_by_matrix,0421d486f8a041838688df650e87c0a19c3450ab7a7cc8b3dc589ebff86d1c74,"{""distance"":5,""physical_error_rate"":0.0001}","{""detection_events"":60885,""detectors_checked"":184002560}"
   1075200,         2,         0,   119.4,decoder_by_matrix,b84cf4b8ca220d31f17e1e2ea9ab927bbc4176b15682c650e7d1dd8f2758172b,"{""distance"":5,""physical_error_rate"":0.0005}","{""detection_events"":304415,""detectors_checked"":182784000,""obs_mistake_mask=E__E"":1,""obs_mistake_mask=___E"":1}"
   1239040,         0,         0,   119.6,decoder_by_matrix,0421d486f8a041838688df650e87c0a19c3450ab7a7cc8b3dc589ebff86d1c74,"{""distance"":5,""physical_error_rate"":0.0001}","{""detection_events"":70865,""detectors_checked"":210636800}"
   1127424,         0,         0,   119.5,decoder_by_matrix,fa5edda0c1038186c8afbec49b0215a0b852396cdb50783a3f937fdf51d2afac,"{""distance"":5,""physical_error_rate"":1e-05}","{""detection_events"":6915,""detectors_checked"":191662080}"
   1206272,         0,         0,   119.6,decoder_by_matrix,fa5edda0c1038186c8afbec49b0215a0b852396cdb50783a3f937fdf51d2afac,"{""distance"":5,""physical_error_rate"":1e-05}","{""detection_events"":6445,""detectors_checked"":205066240}"
   1208320,         0,         0,   119.6,decoder_by_matrix,3c866087b289edc25e9adea730044a15db18cabfd3ae2507fc844d5b4e03657a,"{""distance"":5,""physical_error_rate"":5e-06}","{""detection_events"":3350,""detectors_checked"":205414400}"
   1192960,         0,         0,   119.4,decoder_by_matrix,fa5edda0c1038186c8afbec49b0215a0b852396cdb50783a3f937fdf51d2afac,"{""distance"":5,""physical_error_rate"":1e-05}","{""detection_events"":6285,""detectors_checked"":202803200}"
   1061888,         3,         0,   119.6,decoder_by_matrix,066a5d8d46981b593c3dec855f441edbe9e755a8873183448f69d036a2ecc650,"{""distance"":5,""physical_error_rate"":0.001}","{""detection_events"":595445,""detectors_checked"":180520960,""obs_mistake_mask=EE_E"":1,""obs_mistake_mask=E_E_"":1,""obs_mistake_mask=_EEE"":1}"
   1136640,         0,         0,   119.5,decoder_by_matrix,9c6baee88fc81e7d1aa345fcb3feec7ee81f21c5d49cb6ca037118097d89e180,"{""distance"":5,""physical_error_rate"":5e-05}","{""detection_events"":31390,""detectors_checked"":193228800}"
   1210368,         0,         0,   119.6,decoder_by_matrix,e41ade2e4684e0396b9a3890c882b6453b515d69885aa1d89a26ce21ec554895,"{""distance"":5,""physical_error_rate"":1e-06}","{""detection_events"":550,""detectors_checked"":205762560}"
   1164288,         2,         0,   119.4,decoder_by_matrix,066a5d8d46981b593c3dec855f441edbe9e755a8873183448f69d036a2ecc650,"{""distance"":5,""physical_error_rate"":0.001}","{""detection_events"":661885,""detectors_checked"":197928960,""obs_mistake_mask=E___"":1,""obs_mistake_mask=__E_"":1}"
   1128448,         0,         0,   119.5,decoder_by_matrix,9c6baee88fc81e7d1aa345fcb3feec7ee81f21c5d49cb6ca037118097d89e180,"{""distance"":5,""physical_error_rate"":5e-05}","{""detection_events"":32390,""detectors_checked"":191836160}"
   1211392,         0,         0,   119.6,decoder_by_matrix,9c6baee88fc81e7d1aa345fcb3feec7ee81f21c5d49cb6ca037118097d89e180,"{""distance"":5,""physical_error_rate"":5e-05}","{""detection_events"":34410,""detectors_checked"":205936640}"
    899072,         0,         0,   119.5,decoder_by_matrix,b84cf4b8ca220d31f17e1e2ea9ab927bbc4176b15682c650e7d1dd8f2758172b,"{""distance"":5,""physical_error_rate"":0.0005}","{""detection_events"":255775,""detectors_checked"":152842240}"
   1183744,         0,         0,   119.6,decoder_by_matrix,e41ade2e4684e0396b9a3890c882b6453b515d69885aa1d89a26ce21ec554895,"{""distance"":5,""physical_error_rate"":1e-06}","{""detection_events"":710,""detectors_checked"":201236480}"
   1132544,         0,         0,   119.5,decoder_by_matrix,0421d486f8a041838688df650e87c0a19c3450ab7a7cc8b3dc589ebff86d1c74,"{""distance"":5,""physical_error_rate"":0.0001}","{""detection_events"":62715,""detectors_checked"":192532480}"
   1158144,         0,         0,   119.5,decoder_by_matrix,3c866087b289edc25e9adea730044a15db18cabfd3ae2507fc844d5b4e03657a,"{""distance"":5,""physical_error_rate"":5e-06}","{""detection_events"":3720,""detectors_checked"":196884480}"
   1122304,         0,         0,   119.5,decoder_by_matrix,b84cf4b8ca220d31f17e1e2ea9ab927bbc4176b15682c650e7d1dd8f2758172b,"{""distance"":5,""physical_error_rate"":0.0005}","{""detection_events"":320845,""detectors_checked"":190791680}"
    964608,         0,         0,   119.5,decoder_by_matrix,fa5edda0c1038186c8afbec49b0215a0b852396cdb50783a3f937fdf51d2afac,"{""distance"":5,""physical_error_rate"":1e-05}","{""detection_events"":5070,""detectors_checked"":163983360}"
   1160192,         0,         0,   119.6,decoder_by_matrix,3c866087b289edc25e9adea730044a15db18cabfd3ae2507fc844d5b4e03657a,"{""distance"":5,""physical_error_rate"":5e-06}","{""detection_events"":2960,""detectors_checked"":197232640}"
   1058816,         0,         0,   119.6,decoder_by_matrix,0421d486f8a041838688df650e87c0a19c3450ab7a7cc8b3dc589ebff86d1c74,"{""distance"":5,""physical_error_rate"":0.0001}","{""detection_events"":60380,""detectors_checked"":179998720}"
   1159168,         0,         0,   119.4,decoder_by_matrix,3c866087b289edc25e9adea730044a15db18cabfd3ae2507fc844d5b4e03657a,"{""distance"":5,""physical_error_rate"":5e-06}","{""detection_events"":2925,""detectors_checked"":197058560}"
   1148928,         0,         0,   119.6,decoder_by_matrix,b84cf4b8ca220d31f17e1e2ea9ab927bbc4176b15682c650e7d1dd8f2758172b,"{""distance"":5,""physical_error_rate"":0.0005}","{""detection_events"":323425,""detectors_checked"":195317760}"
   1160192,         3,         0,   119.5,decoder_by_matrix,066a5d8d46981b593c3dec855f441edbe9e755a8873183448f69d036a2ecc650,"{""distance"":5,""physical_error_rate"":0.001}","{""detection_events"":663395,""detectors_checked"":197232640,""obs_mistake_mask=EE__"":2,""obs_mistake_mask=_E_E"":1}"
   1154048,         3,         0,   119.6,decoder_by_matrix,066a5d8d46981b593c3dec855f441edbe9e755a8873183448f69d036a2ecc650,"{""distance"":5,""physical_error_rate"":0.001}","{""detection_events"":655005,""detectors_checked"":196188160,""obs_mistake_mask=E_EE"":1,""obs_mistake_mask=E___"":1,""obs_mistake_mask=_E__"":1}"
   1180672,         0,         0,   119.6,decoder_by_matrix,3c866087b289edc25e9adea730044a15db18cabfd3ae2507fc844d5b4e03657a,"{""distance"":5,""physical_error_rate"":5e-06}","{""detection_events"":3370,""detectors_checked"":200714240}"
   1170432,         5,         0,   119.4,decoder_by_matrix,066a5d8d46981b593c3dec855f441edbe9e755a8873183448f69d036a2ecc650,"{""distance"":5,""physical_error_rate"":0.001}","{""detection_events"":662185,""detectors_checked"":198973440,""obs_mistake_mask=E_E_"":1,""obs_mistake_mask=E__E"":1,""obs_mistake_mask=E___"":1,""obs_mistake_mask=_EEE"":1,""obs_mistake_mask=_E__"":1}"
   1185792,         0,         0,   119.7,decoder_by_matrix,e41ade2e4684e0396b9a3890c882b6453b515d69885aa1d89a26ce21ec554895,"{""distance"":5,""physical_error_rate"":1e-06}","{""detection_events"":650,""detectors_checked"":201584640}"
   1071104,         0,         0,   119.7,decoder_by_matrix,fa5edda0c1038186c8afbec49b0215a0b852396cdb50783a3f937fdf51d2afac,"{""distance"":5,""physical_error_rate"":1e-05}","{""detection_events"":6035,""detectors_checked"":182087680}"
   1009664,         0,         0,   119.6,decoder_by_matrix,e41ade2e4684e0396b9a3890c882b6453b515d69885aa1d89a26ce21ec554895,"{""distance"":5,""physical_error_rate"":1e-06}","{""detection_events"":480,""detectors_checked"":171642880}"
   1132544,         0,         0,   119.4,decoder_by_matrix,0421d486f8a041838688df650e87c0a19c3450ab7a7cc8b3dc589ebff86d1c74,"{""distance"":5,""physical_error_rate"":0.0001}","{""detection_events"":65885,""detectors_checked"":192532480}"
   1051648,         1,         0,   119.5,decoder_by_matrix,b84cf4b8ca220d31f17e1e2ea9ab927bbc4176b15682c650e7d1dd8f2758172b,"{""distance"":5,""physical_error_rate"":0.0005}","{""detection_events"":295585,""detectors_checked"":178780160,""obs_mistake_mask=EE__"":1}"
   1069056,         0,         0,   119.5,decoder_by_matrix,0421d486f8a041838688df650e87c0a19c3450ab7a7cc8b3dc589ebff86d1c74,"{""distance"":5,""physical_error_rate"":0.0001}","{""detection_events"":61820,""detectors_checked"":181739520}"
   1174528,         1,         0,   119.6,decoder_by_matrix,b84cf4b8ca220d31f17e1e2ea9ab927bbc4176b15682c650e7d1dd8f2758172b,"{""distance"":5,""physical_error_rate"":0.0005}","{""detection_events"":336180,""detectors_checked"":199669760,""obs_mistake_mask=E__E"":1}"
   1046528,         0,         0,   119.5,decoder_by_matrix,e41ade2e4684e0396b9a3890c882b6453b515d69885aa1d89a26ce21ec554895,"{""distance"":5,""physical_error_rate"":1e-06}","{""detection_events"":645,""detectors_checked"":177909760}"
   1156096,         0,         0,   119.6,decoder_by_matrix,9c6baee88fc81e7d1aa345fcb3feec7ee81f21c5d49cb6ca037118097d89e180,"{""distance"":5,""physical_error_rate"":5e-05}","{""detection_events"":33360,""detectors_checked"":196536320}"
    946176,         0,         0,   119.5,decoder_by_matrix,9c6baee88fc81e7d1aa345fcb3feec7ee81f21c5d49cb6ca037118097d89e180,"{""distance"":5,""physical_error_rate"":5e-05}","{""detection_events"":25235,""detectors_checked"":160849920}"
   1024000,         0,         0,   119.5,decoder_by_matrix,0421d486f8a041838688df650e87c0a19c3450ab7a7cc8b3dc589ebff86d1c74,"{""distance"":5,""physical_error_rate"":0.0001}","{""detection_events"":55855,""detectors_checked"":174080000}"
   1268736,         0,         0,   119.4,decoder_by_matrix,3c866087b289edc25e9adea730044a15db18cabfd3ae2507fc844d5b4e03657a,"{""distance"":5,""physical_error_rate"":5e-06}","{""detection_events"":3760,""detectors_checked"":215685120}"
   1001472,         0,         0,   119.7,decoder_by_matrix,e41ade2e4684e0396b9a3890c882b6453b515d69885aa1d89a26ce21ec554895,"{""distance"":5,""physical_error_rate"":1e-06}","{""detection_events"":855,""detectors_checked"":170250240}"
   1130496,         3,         0,   119.4,decoder_by_matrix,066a5d8d46981b593c3dec855f441edbe9e755a8873183448f69d036a2ecc650,"{""distance"":5,""physical_error_rate"":0.001}","{""detection_events"":639610,""detectors_checked"":192184320,""obs_mistake_mask=EE__"":1,""obs_mistake_mask=_E__"":1,""obs_mistake_mask=___E"":1}"
   1112064,         0,         0,   119.6,decoder_by_matrix,9c6baee88fc81e7d1aa345fcb3feec7ee81f21c5d49cb6ca037118097d89e180,"{""distance"":5,""physical_error_rate"":5e-05}","{""detection_events"":32575,""detectors_checked"":189050880}"
   1199104,         0,         0,   119.5,decoder_by_matrix,fa5edda0c1038186c8afbec49b0215a0b852396cdb50783a3f937fdf51d2afac,"{""distance"":5,""physical_error_rate"":1e-05}","{""detection_events"":6495,""detectors_checked"":203847680}"
   1013760,         0,         0,   119.6,decoder_by_matrix,b84cf4b8ca220d31f17e1e2ea9ab927bbc4176b15682c650e7d1dd8f2758172b,"{""distance"":5,""physical_error_rate"":0.0005}","{""detection_events"":289270,""detectors_checked"":172339200}"
   1184768,         0,         0,   119.5,decoder_by_matrix,fa5edda0c1038186c8afbec49b0215a0b852396cdb50783a3f937fdf51d2afac,"{""distance"":5,""physical_error_rate"":1e-05}","{""detection_events"":7200,""detectors_checked"":201410560}"
   1120256,         0,         0,   119.3,decoder_by_matrix,9c6baee88fc81e7d1aa345fcb3feec7ee81f21c5d49cb6ca037118097d89e180,"{""distance"":5,""physical_error_rate"":5e-05}","{""detection_events"":33545,""detectors_checked"":190443520}"
   1176576,         0,         0,   119.5,decoder_by_matrix,e41ade2e4684e0396b9a3890c882b6453b515d69885aa1d89a26ce21ec554895,"{""distance"":5,""physical_error_rate"":1e-06}","{""detection_events"":910,""detectors_checked"":200017920}"
   1212416,         0,         0,   119.6,decoder_by_matrix,3c866087b289edc25e9adea730044a15db18cabfd3ae2507fc844d5b4e03657a,"{""distance"":5,""physical_error_rate"":5e-06}","{""detection_events"":3520,""detectors_checked"":206110720}"
   1208320,         0,         0,   119.5,decoder_by_matrix,0421d486f8a041838688df650e87c0a19c3450ab7a7cc8b3dc589ebff86d1c74,"{""distance"":5,""physical_error_rate"":0.0001}","{""detection_events"":71145,""detectors_checked"":205414400}"
    860160,         0,         0,   119.6,decoder_by_matrix,b84cf4b8ca220d31f17e1e2ea9ab927bbc4176b15682c650e7d1dd8f2758172b,"{""distance"":5,""physical_error_rate"":0.0005}","{""detection_events"":242720,""detectors_checked"":146227200}"
   1202176,         0,         0,   119.3,decoder_by_matrix,0421d486f8a041838688df650e87c0a19c3450ab7a7cc8b3dc589ebff86d1c74,"{""distance"":5,""physical_error_rate"":0.0001}","{""detection_events"":70125,""detectors_checked"":204369920}"
   1050624,         0,         0,   119.4,decoder_by_matrix,fa5edda0c1038186c8afbec49b0215a0b852396cdb50783a3f937fdf51d2afac,"{""distance"":5,""physical_error_rate"":1e-05}","{""detection_events"":6935,""detectors_checked"":178606080}"
   1181696,         0,         0,   119.5,decoder_by_matrix,fa5edda0c1038186c8afbec49b0215a0b852396cdb50783a3f937fdf51d2afac,"{""distance"":5,""physical_error_rate"":1e-05}","{""detection_events"":7690,""detectors_checked"":200888320}"
   1286144,         0,         0,   119.7,decoder_by_matrix,3c866087b289edc25e9adea730044a15db18cabfd3ae2507fc844d5b4e03657a,"{""distance"":5,""physical_error_rate"":5e-06}","{""detection_events"":3770,""detectors_checked"":218644480}"
   1083392,         0,         0,   119.6,decoder_by_matrix,fa5edda0c1038186c8afbec49b0215a0b852396cdb50783a3f937fdf51d2afac,"{""distance"":5,""physical_error_rate"":1e-05}","{""detection_events"":5625,""detectors_checked"":184176640}"
   1105920,         2,         0,   119.7,decoder_by_matrix,066a5d8d46981b593c3dec855f441edbe9e755a8873183448f69d036a2ecc650,"{""distance"":5,""physical_error_rate"":0.001}","{""detection_events"":630840,""detectors_checked"":188006400,""obs_mistake_mask=EEE_"":1,""obs_mistake_mask=E_E_"":1}"
    915456,         0,         0,   119.6,decoder_by_matrix,9c6baee88fc81e7d1aa345fcb3feec7ee81f21c5d49cb6ca037118097d89e180,"{""distance"":5,""physical_error_rate"":5e-05}","{""detection_events"":24095,""detectors_checked"":155627520}"
   1223680,         0,         0,   119.4,decoder_by_matrix,e41ade2e4684e0396b9a3890c882b6453b515d69885aa1d89a26ce21ec554895,"{""distance"":5,""physical_error_rate"":1e-06}","{""detection_events"":730,""detectors_checked"":208025600}"
   1111040,         1,         0,   119.5,decoder_by_matrix,066a5d8d46981b593c3dec855f441edbe9e755a8873183448f69d036a2ecc650,"{""distance"":5,""physical_error_rate"":0.001}","{""detection_events"":628250,""detectors_checked"":188876800,""obs_mistake_mask=__E_"":1}"
   1158144,         0,         0,   119.5,decoder_by_matrix,9c6baee88fc81e7d1aa345fcb3feec7ee81f21c5d49cb6ca037118097d89e180,"{""distance"":5,""physical_error_rate"":5e-05}","{""detection_events"":30730,""detectors_checked"":196884480}"
   1269760,         0,         0,   119.5,decoder_by_matrix,9c6baee88fc81e7d1aa345fcb3feec7ee81f21c5d49cb6ca037118097d89e180,"{""distance"":5,""physical_error_rate"":5e-05}","{""detection_events"":33925,""detectors_checked"":215859200}"
    926720,         0,         0,   119.5,decoder_by_matrix,b84cf4b8ca220d31f17e1e2ea9ab927bbc4176b15682c650e7d1dd8f2758172b,"{""distance"":5,""physical_error_rate"":0.0005}","{""detection_events"":265330,""detectors_checked"":157542400}"
   1248256,         0,         0,   119.5,decoder_by_matrix,e41ade2e4684e0396b9a3890c882b6453b515d69885aa1d89a26ce21ec554895,"{""distance"":5,""physical_error_rate"":1e-06}","{""detection_events"":905,""detectors_checked"":212203520}"
   1092608,         0,         0,   119.4,decoder_by_matrix,0421d486f8a041838688df650e87c0a19c3450ab7a7cc8b3dc589ebff86d1c74,"{""distance"":5,""physical_error_rate"":0.0001}","{""detection_events"":62120,""detectors_checked"":185743360}"
   1179648,         0,         0,   119.6,decoder_by_matrix,3c866087b289edc25e9adea730044a15db18cabfd3ae2507fc844d5b4e03657a,"{""distance"":5,""physical_error_rate"":5e-06}","{""detection_events"":3495,""detectors_checked"":200540160}"
   1178624,         2,         0,   119.6,decoder_by_matrix,b84cf4b8ca220d31f17e1e2ea9ab927bbc4176b15682c650e7d1dd8f2758172b,"{""distance"":5,""physical_error_rate"":0.0005}","{""detection_events"":330920,""detectors_checked"":200366080,""obs_mistake_mask=E__E"":1,""obs_mistake_mask=_E__"":1}"
    920576,         0,         0,   119.7,decoder_by_matrix,fa5edda0c1038186c8afbec49b0215a0b852396cdb50783a3f937fdf51d2afac,"{""distance"":5,""physical_error_rate"":1e-05}","{""detection_events"":4485,""detectors_checked"":156497920}"
   1188864,         0,         0,   119.3,decoder_by_matrix,3c866087b289edc25e9adea730044a15db18cabfd3ae2507fc844d5b4e03657a,"{""distance"":5,""physical_error_rate"":5e-06}","{""detection_events"":3465,""detectors_checked"":202106880}"
   1226752,         0,         0,   119.5,decoder_by_matrix,0421d486f8a041838688df650e87c0a19c3450ab7a7cc8b3dc589ebff86d1c74,"{""distance"":5,""physical_error_rate"":0.0001}","{""detection_events"":72005,""detectors_checked"":208547840}"
   1098752,         0,         0,   119.5,decoder_by_matrix,3c866087b289edc25e9adea730044a15db18cabfd3ae2507fc844d5b4e03657a,"{""distance"":5,""physical_error_rate"":5e-06}","{""detection_events"":3195,""detectors_checked"":186787840}"
   1224704,         0,         0,   119.6,decoder_by_matrix,b84cf4b8ca220d31f17e1e2ea9ab927bbc4176b15682c650e7d1dd8f2758172b,"{""distance"":5,""physical_error_rate"":0.0005}","{""detection_events"":346185,""detectors_checked"":208199680}"
   1078272,         0,         0,   119.5,decoder_by_matrix,066a5d8d46981b593c3dec855f441edbe9e755a8873183448f69d036a2ecc650,"{""distance"":5,""physical_error_rate"":0.001}","{""detection_events"":612050,""detectors_checked"":183306240}"
   1128448,         2,         0,   119.6,decoder_by_matrix,066a5d8d46981b593c3dec855f441edbe9e755a8873183448f69d036a2ecc650,"{""distance"":5,""physical_error_rate"":0.001}","{""detection_events"":633325,""detectors_checked"":191836160,""obs_mistake_mask=E___"":1,""obs_mistake_mask=_EEE"":1}"
   1166336,         0,         0,   119.6,decoder_by_matrix,3c866087b289edc25e9adea730044a15db18cabfd3ae2507fc844d5b4e03657a,"{""distance"":5,""physical_error_rate"":5e-06}","{""detection_events"":3575,""detectors_checked"":198277120}"
   1166336,         2,         0,   119.6,decoder_by_matrix,066a5d8d46981b593c3dec855f441edbe9e755a8873183448f69d036a2ecc650,"{""distance"":5,""physical_error_rate"":0.001}","{""detection_events"":667775,""detectors_checked"":198277120,""obs_mistake_mask=E___"":2}"
   1204224,         0,         0,   119.5,decoder_by_matrix,e41ade2e4684e0396b9a3890c882b6453b515d69885aa1d89a26ce21ec554895,"{""distance"":5,""physical_error_rate"":1e-06}","{""detection_events"":735,""detectors_checked"":204718080}"
   1170432,         0,         0,   119.5,decoder_by_matrix,fa5edda0c1038186c8afbec49b0215a0b852396cdb50783a3f937fdf51d2afac,"{""distance"":5,""physical_error_rate"":1e-05}","{""detection_events"":6350,""detectors_checked"":198973440}"
   1218560,         0,         0,   119.5,decoder_by_matrix,e41ade2e4684e0396b9a3890c882b6453b515d69885aa1d89a26ce21ec554895,"{""distance"":5,""physical_error_rate"":1e-06}","{""detection_events"":810,""detectors_checked"":207155200}"
    944128,         0,         0,   119.4,decoder_by_matrix,0421d486f8a041838688df650e87c0a19c3450ab7a7cc8b3dc589ebff86d1c74,"{""distance"":5,""physical_error_rate"":0.0001}","{""detection_events"":53530,""detectors_checked"":160501760}"
    875520,         0,         0,   119.5,decoder_by_matrix,b84cf4b8ca220d31f17e1e2ea9ab927bbc4176b15682c650e7d1dd8f2758172b,"{""distance"":5,""physical_error_rate"":0.0005}","{""detection_events"":248695,""detectors_checked"":148838400}"
   1084416,         0,         0,   119.6,decoder_by_matrix,0421d486f8a041838688df650e87c0a19c3450ab7a7cc8b3dc589ebff86d1c74,"{""distance"":5,""physical_error_rate"":0.0001}","{""detection_events"":60800,""detectors_checked"":184350720}"
   1256448,         0,         0,   119.5,decoder_by_matrix,b84cf4b8ca220d31f17e1e2ea9ab927bbc4176b15682c650e7d1dd8f2758172b,"{""distance"":5,""physical_error_rate"":0.0005}","{""detection_events"":361055,""detectors_checked"":213596160}"
   1208320,         0,         0,   119.5,decoder_by_matrix,e41ade2e4684e0396b9a3890c882b6453b515d69885aa1d89a26ce21ec554895,"{""distance"":5,""physical_error_rate"":1e-06}","{""detection_events"":660,""detectors_checked"":205414400}"
   1057792,         0,         0,   119.2,decoder_by_matrix,9c6baee88fc81e7d1aa345fcb3feec7ee81f21c5d49cb6ca037118097d89e180,"{""distance"":5,""physical_error_rate"":5e-05}","{""detection_events"":30070,""detectors_checked"":179824640}"
   1185792,         0,         0,   119.6,decoder_by_matrix,9c6baee88fc81e7d1aa345fcb3feec7ee81f21c5d49cb6ca037118097d89e180,"{""distance"":5,""physical_error_rate"":5e-05}","{""detection_events"":32535,""detectors_checked"":201584640}"
    859136,         0,         0,   119.3,decoder_by_matrix,0421d486f8a041838688df650e87c0a19c3450ab7a7cc8b3dc589ebff86d1c74,"{""distance"":5,""physical_error_rate"":0.0001}","{""detection_events"":49515,""detectors_checked"":146053120}"
   1118208,         0,         0,   119.6,decoder_by_matrix,3c866087b289edc25e9adea730044a15db18cabfd3ae2507fc844d5b4e03657a,"{""distance"":5,""physical_error_rate"":5e-06}","{""detection_events"":3170,""detectors_checked"":190095360}"
   1046528,         0,         0,   119.6,decoder_by_matrix,e41ade2e4684e0396b9a3890c882b6453b515d69885aa1d89a26ce21ec554895,"{""distance"":5,""physical_error_rate"":1e-06}","{""detection_events"":535,""detectors_checked"":177909760}"
   1065984,         5,         0,   119.6,decoder_by_matrix,066a5d8d46981b593c3dec855f441edbe9e755a8873183448f69d036a2ecc650,"{""distance"":5,""physical_error_rate"":0.001}","{""detection_events"":605270,""detectors_checked"":181217280,""obs_mistake_mask=E_EE"":1,""obs_mistake_mask=E__E"":1,""obs_mistake_mask=E___"":1,""obs_mistake_mask=_EE_"":1,""obs_mistake_mask=_E__"":1}"
   1240064,         0,         0,   119.5,decoder_by_matrix,9c6baee88fc81e7d1aa345fcb3feec7ee81f21c5d49cb6ca037118097d89e180,"{""distance"":5,""physical_error_rate"":5e-05}","{""detection_events"":34260,""detectors_checked"":210810880}"
   1166336,         0,         0,   119.7,decoder_by_matrix,fa5edda0c1038186c8afbec49b0215a0b852396cdb50783a3f937fdf51d2afac,"{""distance"":5,""physical_error_rate"":1e-05}","{""detection_events"":7475,""detectors_checked"":198277120}"
    936960,         0,         0,   119.7,decoder_by_matrix,b84cf4b8ca220d31f17e1e2ea9ab927bbc4176b15682c650e7d1dd8f2758172b,"{""distance"":5,""physical_error_rate"":0.0005}","{""detection_events"":268050,""detectors_checked"":159283200}"
   1235968,         0,         0,   119.5,decoder_by_matrix,fa5edda0c1038186c8afbec49b0215a0b852396cdb50783a3f937fdf51d2afac,"{""distance"":5,""physical_error_rate"":1e-05}","{""detection_events"":6980,""detectors_checked"":210114560}"
   1172480,         0,         0,   119.6,decoder_by_matrix,9c6baee88fc81e7d1aa345fcb3feec7ee81f21c5d49cb6ca037118097d89e180,"{""distance"":5,""physical_error_rate"":5e-05}","{""detection_events"":33650,""detectors_checked"":199321600}"
   1101824,         0,         0,   119.4,decoder_by_matrix,e41ade2e4684e0396b9a3890c882b6453b515d69885aa1d89a26ce21ec554895,"{""distance"":5,""physical_error_rate"":1e-06}","{""detection_events"":490,""detectors_checked"":187310080}"
   1274880,         0,         0,   119.6,decoder_by_matrix,3c866087b289edc25e9adea730044a15db18cabfd3ae2507fc844d5b4e03657a,"{""distance"":5,""physical_error_rate"":5e-06}","{""detection_events"":3595,""detectors_checked"":216729600}"
   1246208,         0,         0,   119.5,decoder_by_matrix,0421d486f8a041838688df650e87c0a19c3450ab7a7cc8b3dc589ebff86d1c74,"{""distance"":5,""physical_error_rate"":0.0001}","{""detection_events"":70520,""detectors_checked"":211855360}"
   1073152,         0,         0,   119.6,decoder_by_matrix,b84cf4b8ca220d31f17e1e2ea9ab927bbc4176b15682c650e7d1dd8f2758172b,"{""distance"":5,""physical_error_rate"":0.0005}","{""detection_events"":308395,""detectors_checked"":182435840}"
   1274880,         0,         0,   119.6,decoder_by_matrix,0421d486f8a041838688df650e87c0a19c3450ab7a7cc8b3dc589ebff86d1c74,"{""distance"":5,""physical_error_rate"":0.0001}","{""detection_events"":72255,""detectors_checked"":216729600}"
   1280000,         0,         0,   119.4,decoder_by_matrix,fa5edda0c1038186c8afbec49b0215a0b852396cdb50783a3f937fdf51d2afac,"{""distance"":5,""physical_error_rate"":1e-05}","{""detection_events"":7625,""detectors_checked"":217600000}"
   1185792,         0,         0,   119.5,decoder_by_matrix,fa5edda0c1038186c8afbec49b0215a0b852396cdb50783a3f937fdf51d2afac,"{""distance"":5,""physical_error_rate"":1e-05}","{""detection_events"":7365,""detectors_checked"":201584640}"
   1278976,         0,         0,   119.5,decoder_by_matrix,3c866087b289edc25e9adea730044a15db18cabfd3ae2507fc844d5b4e03657a,"{""distance"":5,""physical_error_rate"":5e-06}","{""detection_events"":3555,""detectors_checked"":217425920}"
   1272832,         0,         0,   119.5,decoder_by_matrix,fa5edda0c1038186c8afbec49b0215a0b852396cdb50783a3f937fdf51d2afac,"{""distance"":5,""physical_error_rate"":1e-05}","{""detection_events"":6795,""detectors_checked"":216381440}"
   1137664,         4,         0,   119.6,decoder_by_matrix,066a5d8d46981b593c3dec855f441edbe9e755a8873183448f69d036a2ecc650,"{""distance"":5,""physical_error_rate"":0.001}","{""detection_events"":644250,""detectors_checked"":193402880,""obs_mistake_mask=EE__"":1,""obs_mistake_mask=_EEE"":1,""obs_mistake_mask=_EE_"":1,""obs_mistake_mask=__EE"":1}"
   1083392,         0,         0,   119.4,decoder_by_matrix,9c6baee88fc81e7d1aa345fcb3feec7ee81f21c5d49cb6ca037118097d89e180,"{""distance"":5,""physical_error_rate"":5e-05}","{""detection_events"":31410,""detectors_checked"":184176640}"
    859136,         0,         0,   119.5,decoder_by_matrix,e41ade2e4684e0396b9a3890c882b6453b515d69885aa1d89a26ce21ec554895,"{""distance"":5,""physical_error_rate"":1e-06}","{""detection_events"":540,""detectors_checked"":146053120}"
   1211392,         1,         0,   119.4,decoder_by_matrix,066a5d8d46981b593c3dec855f441edbe9e755a8873183448f69d036a2ecc650,"{""distance"":5,""physical_error_rate"":0.001}","{""detection_events"":688365,""detectors_checked"":205936640,""obs_mistake_mask=E__E"":1}"
   1131520,         0,         0,   119.3,decoder_by_matrix,9c6baee88fc81e7d1aa345fcb3feec7ee81f21c5d49cb6ca037118097d89e180,"{""distance"":5,""physical_error_rate"":5e-05}","{""detection_events"":33080,""detectors_checked"":192358400}"
   1246208,         0,         0,   119.4,decoder_by_matrix,9c6baee88fc81e7d1aa345fcb3feec7ee81f21c5d49cb6ca037118097d89e180,"{""distance"":5,""physical_error_rate"":5e-05}","{""detection_events"":35085,""detectors_checked"":211855360}"
   1040384,         1,         0,   119.6,decoder_by_matrix,b84cf4b8ca220d31f17e1e2ea9ab927bbc4176b15682c650e7d1dd8f2758172b,"{""distance"":5,""physical_error_rate"":0.0005}","{""detection_events"":298830,""detectors_checked"":176865280,""obs_mistake_mask=__E_"":1}"
   1335296,         0,         0,   119.3,decoder_by_matrix,e41ade2e4684e0396b9a3890c882b6453b515d69885aa1d89a26ce21ec554895,"{""distance"":5,""physical_error_rate"":1e-06}","{""detection_events"":925,""detectors_checked"":227000320}"
    777216,         0,         0,   119.4,decoder_by_matrix,0421d486f8a041838688df650e87c0a19c3450ab7a7cc8b3dc589ebff86d1c74,"{""distance"":5,""physical_error_rate"":0.0001}","{""detection_events"":43110,""detectors_checked"":132126720}"
   1224704,         0,         0,   119.4,decoder_by_matrix,3c866087b289edc25e9adea730044a15db18cabfd3ae2507fc844d5b4e03657a,"{""distance"":5,""physical_error_rate"":5e-06}","{""detection_events"":3400,""detectors_checked"":208199680}"
   1115136,         0,         0,   119.5,decoder_by_matrix,b84cf4b8ca220d31f17e1e2ea9ab927bbc4176b15682c650e7d1dd8f2758172b,"{""distance"":5,""physical_error_rate"":0.0005}","{""detection_events"":318085,""detectors_checked"":189573120}"
   1152000,         0,         0,   119.6,decoder_by_matrix,fa5edda0c1038186c8afbec49b0215a0b852396cdb50783a3f937fdf51d2afac,"{""distance"":5,""physical_error_rate"":1e-05}","{""detection_events"":6480,""detectors_checked"":195840000}"
   1232896,         0,         0,   119.5,decoder_by_matrix,3c866087b289edc25e9adea730044a15db18cabfd3ae2507fc844d5b4e03657a,"{""distance"":5,""physical_error_rate"":5e-06}","{""detection_events"":3400,""detectors_checked"":209592320}"
   1259520,         0,         0,   119.4,decoder_by_matrix,0421d486f8a041838688df650e87c0a19c3450ab7a7cc8b3dc589ebff86d1c74,"{""distance"":5,""physical_error_rate"":0.0001}","{""detection_events"":73485,""detectors_checked"":214118400}"
   1253376,         0,         0,   119.5,decoder_by_matrix,3c866087b289edc25e9adea730044a15db18cabfd3ae2507fc844d5b4e03657a,"{""distance"":5,""physical_error_rate"":5e-06}","{""detection_events"":3920,""detectors_checked"":213073920}"
   1236992,         1,         0,   119.6,decoder_by_matrix,b84cf4b8ca220d31f17e1e2ea9ab927bbc4176b15682c650e7d1dd8f2758172b,"{""distance"":5,""physical_error_rate"":0.0005}","{""detection_events"":352880,""detectors_checked"":210288640,""obs_mistake_mask=__EE"":1}"
   1122304,         8,         0,   119.5,decoder_by_matrix,066a5d8d46981b593c3dec855f441edbe9e755a8873183448f69d036a2ecc650,"{""distance"":5,""physical_error_rate"":0.001}","{""detection_events"":634655,""detectors_checked"":190791680,""obs_mistake_mask=E_E_"":1,""obs_mistake_mask=E__E"":1,""obs_mistake_mask=E___"":2,""obs_mistake_mask=_E__"":1,""obs_mistake_mask=__E_"":1,""obs_mistake_mask=___E"":2}"
   1107968,         5,         0,   119.4,decoder_by_matrix,066a5d8d46981b593c3dec855f441edbe9e755a8873183448f69d036a2ecc650,"{""distance"":5,""physical_error_rate"":0.001}","{""detection_events"":622425,""detectors_checked"":188354560,""obs_mistake_mask=EE__"":1,""obs_mistake_mask=E_E_"":1,""obs_mistake_mask=E___"":2,""obs_mistake_mask=___E"":1}"
   1035264,         0,         0,   119.6,decoder_by_matrix,3c866087b289edc25e9adea730044a15db18cabfd3ae2507fc844d5b4e03657a,"{""distance"":5,""physical_error_rate"":5e-06}","{""detection_events"":3230,""detectors_checked"":175994880}"
   1249280,         3,         0,   119.5,decoder_by_matrix,066a5d8d46981b593c3dec855f441edbe9e755a8873183448f69d036a2ecc650,"{""distance"":5,""physical_error_rate"":0.001}","{""detection_events"":706950,""detectors_checked"":212377600,""obs_mistake_mask=E___"":1,""obs_mistake_mask=_E_E"":2}"
    790528,         0,         0,   119.6,decoder_by_matrix,e41ade2e4684e0396b9a3890c882b6453b515d69885aa1d89a26ce21ec554895,"{""distance"":5,""physical_error_rate"":1e-06}","{""detection_events"":520,""detectors_checked"":134389760}"
   1097728,         0,         0,   119.7,decoder_by_matrix,fa5edda0c1038186c8afbec49b0215a0b852396cdb50783a3f937fdf51d2afac,"{""distance"":5,""physical_error_rate"":1e-05}","{""detection_events"":5750,""detectors_checked"":186613760}"
    873472,         0,         0,   119.7,decoder_by_matrix,e41ade2e4684e0396b9a3890c882b6453b515d69885aa1d89a26ce21ec554895,"{""distance"":5,""physical_error_rate"":1e-06}","{""detection_events"":390,""detectors_checked"":148490240}"
   1196032,         0,         0,   119.5,decoder_by_matrix,0421d486f8a041838688df650e87c0a19c3450ab7a7cc8b3dc589ebff86d1c74,"{""distance"":5,""physical_error_rate"":0.0001}","{""detection_events"":67930,""detectors_checked"":203325440}"
   1107968,         0,         0,   119.4,decoder_by_matrix,b84cf4b8ca220d31f17e1e2ea9ab927bbc4176b15682c650e7d1dd8f2758172b,"{""distance"":5,""physical_error_rate"":0.0005}","{""detection_events"":316815,""detectors_checked"":188354560}"
   1230848,         0,         0,   119.5,decoder_by_matrix,0421d486f8a041838688df650e87c0a19c3450ab7a7cc8b3dc589ebff86d1c74,"{""distance"":5,""physical_error_rate"":0.0001}","{""detection_events"":69390,""detectors_checked"":209244160}"
   1097728,         1,         0,   119.5,decoder_by_matrix,b84cf4b8ca220d31f17e1e2ea9ab927bbc4176b15682c650e7d1dd8f2758172b,"{""distance"":5,""physical_error_rate"":0.0005}","{""detection_events"":310975,""detectors_checked"":186613760,""obs_mistake_mask=E___"":1}"
    826368,         0,         0,   119.6,decoder_by_matrix,e41ade2e4684e0396b9a3890c882b6453b515d69885aa1d89a26ce21ec554895,"{""distance"":5,""physical_error_rate"":1e-06}","{""detection_events"":465,""detectors_checked"":140482560}"
   1158144,         0,         0,   119.6,decoder_by_matrix,9c6baee88fc81e7d1aa345fcb3feec7ee81f21c5d49cb6ca037118097d89e180,"{""distance"":5,""physical_error_rate"":5e-05}","{""detection_events"":33725,""detectors_checked"":196884480}"
   1266688,         0,         0,   119.4,decoder_by_matrix,9c6baee88fc81e7d1aa345fcb3feec7ee81f21c5d49cb6ca037118097d89e180,"{""distance"":5,""physical_error_rate"":5e-05}","{""detection_events"":34990,""detectors_checked"":215336960}"
   1153024,         0,         0,   119.4,decoder_by_matrix,0421d486f8a041838688df650e87c0a19c3450ab7a7cc8b3dc589ebff86d1c74,"{""distance"":5,""physical_error_rate"":0.0001}","{""detection_events"":67500,""detectors_checked"":196014080}"
    864256,         0,         0,   119.6,decoder_by_matrix,3c866087b289edc25e9adea730044a15db18cabfd3ae2507fc844d5b4e03657a,"{""distance"":5,""physical_error_rate"":5e-06}","{""detection_events"":2680,""detectors_checked"":146923520}"
    778240,         0,         0,   119.7,decoder_by_matrix,e41ade2e4684e0396b9a3890c882b6453b515d69885aa1d89a26ce21ec554895,"{""distance"":5,""physical_error_rate"":1e-06}","{""detection_events"":545,""detectors_checked"":132300800}"
   1159168,         4,         0,   119.7,decoder_by_matrix,066a5d8d46981b593c3dec855f441edbe9e755a8873183448f69d036a2ecc650,"{""distance"":5,""physical_error_rate"":0.001}","{""detection_events"":671230,""detectors_checked"":197058560,""obs_mistake_mask=E_EE"":1,""obs_mistake_mask=E___"":1,""obs_mistake_mask=_E_E"":1,""obs_mistake_mask=___E"":1}"
    779264,         0,         0,   119.5,decoder_by_matrix,9c6baee88fc81e7d1aa345fcb3feec7ee81f21c5d49cb6ca037118097d89e180,"{""distance"":5,""physical_error_rate"":5e-05}","{""detection_events"":22265,""detectors_checked"":132474880}"
   1286144,         0,         0,   119.5,decoder_by_matrix,fa5edda0c1038186c8afbec49b0215a0b852396cdb50783a3f937fdf51d2afac,"{""distance"":5,""physical_error_rate"":1e-05}","{""detection_events"":7250,""detectors_checked"":218644480}"
   1136640,         0,         0,   119.6,decoder_by_matrix,b84cf4b8ca220d31f17e1e2ea9ab927bbc4176b15682c650e7d1dd8f2758172b,"{""distance"":5,""physical_error_rate"":0.0005}","{""detection_events"":322505,""detectors_checked"":193228800}"
   1274880,         0,         0,   119.6,decoder_by_matrix,fa5edda0c1038186c8afbec49b0215a0b852396cdb50783a3f937fdf51d2afac,"{""distance"":5,""physical_error_rate"":1e-05}","{""detection_events"":7150,""detectors_checked"":216729600}"
   1204224,         0,         0,   119.5,decoder_by_matrix,9c6baee88fc81e7d1aa345fcb3feec7ee81f21c5d49cb6ca037118097d89e180,"{""distance"":5,""physical_error_rate"":5e-05}","{""detection_events"":33430,""detectors_checked"":204718080}"
   1161216,         0,         0,   119.7,decoder_by_matrix,e41ade2e4684e0396b9a3890c882b6453b515d69885aa1d89a26ce21ec554895,"{""distance"":5,""physical_error_rate"":1e-06}","{""detection_events"":1025,""detectors_checked"":197406720}"
   1229824,         0,         0,   119.7,decoder_by_matrix,3c866087b289edc25e9adea730044a15db18cabfd3ae2507fc844d5b4e03657a,"{""distance"":5,""physical_error_rate"":5e-06}","{""detection_events"":3325,""detectors_checked"":209070080}"
   1206272,         0,         0,   119.6,decoder_by_matrix,0421d486f8a041838688df650e87c0a19c3450ab7a7cc8b3dc589ebff86d1c74,"{""distance"":5,""physical_error_rate"":0.0001}","{""detection_events"":68400,""detectors_checked"":205066240}"
   1118208,         1,         0,   119.7,decoder_by_matrix,b84cf4b8ca220d31f17e1e2ea9ab927bbc4176b15682c650e7d1dd8f2758172b,"{""distance"":5,""physical_error_rate"":0.0005}","{""detection_events"":317320,""detectors_checked"":190095360,""obs_mistake_mask=_E_E"":1}"
   1270784,         0,         0,   119.6,decoder_by_matrix,0421d486f8a041838688df650e87c0a19c3450ab7a7cc8b3dc589ebff86d1c74,"{""distance"":5,""physical_error_rate"":0.0001}","{""detection_events"":71400,""detectors_checked"":216033280}"
   1294336,         0,         0,   119.7,decoder_by_matrix,fa5edda0c1038186c8afbec49b0215a0b852396cdb50783a3f937fdf51d2afac,"{""distance"":5,""physical_error_rate"":1e-05}","{""detection_events"":7950,""detectors_checked"":220037120}"
   1177600,         0,         0,   119.4,decoder_by_matrix,fa5edda0c1038186c8afbec49b0215a0b852396cdb50783a3f937fdf51d2afac,"{""distance"":5,""physical_error_rate"":1e-05}","{""detection_events"":7080,""detectors_checked"":200192000}"
   1359872,         0,         0,   119.6,decoder_by_matrix,3c866087b289edc25e9adea730044a15db18cabfd3ae2507fc844d5b4e03657a,"{""distance"":5,""physical_error_rate"":5e-06}","{""detection_events"":4140,""detectors_checked"":231178240}"
   1336320,         0,         0,   119.4,decoder_by_matrix,fa5edda0c1038186c8afbec49b0215a0b852396cdb50783a3f937fdf51d2afac,"{""distance"":5,""physical_error_rate"":1e-05}","{""detection_events"":7270,""detectors_checked"":227174400}"
   1047552,         2,         0,   119.5,decoder_by_matrix,066a5d8d46981b593c3dec855f441edbe9e755a8873183448f69d036a2ecc650,"{""distance"":5,""physical_error_rate"":0.001}","{""detection_events"":593190,""detectors_checked"":178083840,""obs_mistake_mask=E___"":1,""obs_mistake_mask=_E_E"":1}"
    921600,         0,         0,   119.4,decoder_by_matrix,9c6baee88fc81e7d1aa345fcb3feec7ee81f21c5d49cb6ca037118097d89e180,"{""distance"":5,""physical_error_rate"":5e-05}","{""detection_events"":25100,""detectors_checked"":156672000}"
   1055744,         0,         0,   119.5,decoder_by_matrix,e41ade2e4684e0396b9a3890c882b6453b515d69885aa1d89a26ce21ec554895,"{""distance"":5,""physical_error_rate"":1e-06}","{""detection_events"":645,""detectors_checked"":179476480}"
   1166336,         4,         0,   119.5,decoder_by_matrix,066a5d8d46981b593c3dec855f441edbe9e755a8873183448f69d036a2ecc650,"{""distance"":5,""physical_error_rate"":0.001}","{""detection_events"":661845,""detectors_checked"":198277120,""obs_mistake_mask=EE__"":1,""obs_mistake_mask=E___"":1,""obs_mistake_mask=_EEE"":2}"
   1113088,         0,         0,   119.5,decoder_by_matrix,9c6baee88fc81e7d1aa345fcb3feec7ee81f21c5d49cb6ca037118097d89e180,"{""distance"":5,""physical_error_rate"":5e-05}","{""detection_events"":33105,""detectors_checked"":189224960}"
   1326080,         0,         0,   119.6,decoder_by_matrix,9c6baee88fc81e7d1aa345fcb3feec7ee81f21c5d49cb6ca037118097d89e180,"{""distance"":5,""physical_error_rate"":5e-05}","{""detection_events"":36235,""detectors_checked"":225433600}"
   1227776,         0,         0,   119.5,decoder_by_matrix,b84cf4b8ca220d31f17e1e2ea9ab927bbc4176b15682c650e7d1dd8f2758172b,"{""distance"":5,""physical_error_rate"":0.0005}","{""detection_events"":346985,""detectors_checked"":208721920}"
   1335296,         0,         0,   119.5,decoder_by_matrix,e41ade2e4684e0396b9a3890c882b6453b515d69885aa1d89a26ce21ec554895,"{""distance"":5,""physical_error_rate"":1e-06}","{""detection_events"":880,""detectors_checked"":227000320}"
   1302528,         0,         0,   119.5,decoder_by_matrix,0421d486f8a041838688df650e87c0a19c3450ab7a7cc8b3dc589ebff86d1c74,"{""distance"":5,""physical_error_rate"":0.0001}","{""detection_events"":75050,""detectors_checked"":221429760}"
    965632,         0,         0,   119.5,decoder_by_matrix,3c866087b289edc25e9adea730044a15db18cabfd3ae2507fc844d5b4e03657a,"{""distance"":5,""physical_error_rate"":5e-06}","{""detection_events"":2580,""detectors_checked"":164157440}"
   1120256,         0,         0,   119.5,decoder_by_matrix,b84cf4b8ca220d31f17e1e2ea9ab927bbc4176b15682c650e7d1dd8f2758172b,"{""distance"":5,""physical_error_rate"":0.0005}","{""detection_events"":319200,""detectors_checked"":190443520}"
   1187840,         0,         0,   119.5,decoder_by_matrix,fa5edda0c1038186c8afbec49b0215a0b852396cdb50783a3f937fdf51d2afac,"{""distance"":5,""physical_error_rate"":1e-05}","{""detection_events"":6785,""detectors_checked"":201932800}"
   1184768,         0,         0,   119.5,decoder_by_matrix,3c866087b289edc25e9adea730044a15db18cabfd3ae2507fc844d5b4e03657a,"{""distance"":5,""physical_error_rate"":5e-06}","{""detection_events"":3160,""detectors_checked"":201410560}"
   1250304,         0,         0,   119.6,decoder_by_matrix,0421d486f8a041838688df650e87c0a19c3450ab7a7cc8b3dc589ebff86d1c74,"{""distance"":5,""physical_error_rate"":0.0001}","{""detection_events"":69415,""detectors_checked"":212551680}"
    782336,         0,         0,   119.7,decoder_by_matrix,3c866087b289edc25e9adea730044a15db18cabfd3ae2507fc844d5b4e03657a,"{""distance"":5,""physical_error_rate"":5e-06}","{""detection_events"":2440,""detectors_checked"":132997120}"
   1261568,         0,         0,   119.5,decoder_by_matrix,b84cf4b8ca220d31f17e1e2ea9ab927bbc4176b15682c650e7d1dd8f2758172b,"{""distance"":5,""physical_error_rate"":0.0005}","{""detection_events"":360985,""detectors_checked"":214466560}"
   1147904,         1,         0,   119.5,decoder_by_matrix,066a5d8d46981b593c3dec855f441edbe9e755a8873183448f69d036a2ecc650,"{""distance"":5,""physical_error_rate"":0.001}","{""detection_events"":643615,""detectors_checked"":195143680,""obs_mistake_mask=___E"":1}"
   1034240,         0,         0,   119.5,decoder_by_matrix,3c866087b289edc25e9adea730044a15db18cabfd3ae2507fc844d5b4e03657a,"{""distance"":5,""physical_error_rate"":5e-06}","{""detection_events"":2775,""detectors_checked"":175820800}"
   1178624,         3,         0,   119.5,decoder_by_matrix,066a5d8d46981b593c3dec855f441edbe9e755a8873183448f69d036a2ecc650,"{""distance"":5,""physical_error_rate"":0.001}","{""detection_events"":667800,""detectors_checked"":200366080,""obs_mistake_mask=EE__"":1,""obs_mistake_mask=E__E"":1,""obs_mistake_mask=__E_"":1}"
   1010688,         6,         0,   119.4,decoder_by_matrix,066a5d8d46981b593c3dec855f441edbe9e755a8873183448f69d036a2ecc650,"{""distance"":5,""physical_error_rate"":0.001}","{""detection_events"":570895,""detectors_checked"":171816960,""obs_mistake_mask=EEE_"":1,""obs_mistake_mask=EE__"":2,""obs_mistake_mask=_EEE"":1,""obs_mistake_mask=___E"":2}"
    784384,         0,         0,   119.6,decoder_by_matrix,e41ade2e4684e0396b9a3890c882b6453b515d69885aa1d89a26ce21ec554895,"{""distance"":5,""physical_error_rate"":1e-06}","{""detection_events"":450,""detectors_checked"":133345280}"
   1094656,         0,         0,   119.5,decoder_by_matrix,fa5edda0c1038186c8afbec49b0215a0b852396cdb50783a3f937fdf51d2afac,"{""distance"":5,""physical_error_rate"":1e-05}","{""detection_events"":6210,""detectors_checked"":186091520}"
   1339392,         0,         0,   119.5,decoder_by_matrix,e41ade2e4684e0396b9a3890c882b6453b515d69885aa1d89a26ce21ec554895,"{""distance"":5,""physical_error_rate"":1e-06}","{""detection_events"":640,""detectors_checked"":227696640}"
   1047552,         0,         0,   119.4,decoder_by_matrix,0421d486f8a041838688df650e87c0a19c3450ab7a7cc8b3dc589ebff86d1c74,"{""distance"":5,""physical_error_rate"":0.0001}","{""detection_events"":58020,""detectors_checked"":178083840}"
    887808,         0,         0,   119.7,decoder_by_matrix,b84cf4b8ca220d31f17e1e2ea9ab927bbc4176b15682c650e7d1dd8f2758172b,"{""distance"":5,""physical_error_rate"":0.0005}","{""detection_events"":255095,""detectors_checked"":150927360}"
   1295360,         0,         0,   119.5,decoder_by_matrix,0421d486f8a041838688df650e87c0a19c3450ab7a7cc8b3dc589ebff86d1c74,"{""distance"":5,""physical_error_rate"":0.0001}","{""detection_events"":72155,""detectors_checked"":220211200}"
   1068032,         0,         0,   119.6,decoder_by_matrix,b84cf4b8ca220d31f17e1e2ea9ab927bbc4176b15682c650e7d1dd8f2758172b,"{""distance"":5,""physical_error_rate"":0.0005}","{""detection_events"":301835,""detectors_checked"":181565440}"
   1065984,         0,         0,   119.6,decoder_by_matrix,e41ade2e4684e0396b9a3890c882b6453b515d69885aa1d89a26ce21ec554895,"{""distance"":5,""physical_error_rate"":1e-06}","{""detection_events"":585,""detectors_checked"":181217280}"
    900096,         0,         0,   119.6,decoder_by_matrix,9c6baee88fc81e7d1aa345fcb3feec7ee81f21c5d49cb6ca037118097d89e180,"{""distance"":5,""physical_error_rate"":5e-05}","{""detection_events"":24795,""detectors_checked"":153016320}"
   1142784,         0,         0,   119.5,decoder_by_matrix,9c6baee88fc81e7d1aa345fcb3feec7ee81f21c5d49cb6ca037118097d89e180,"{""distance"":5,""physical_error_rate"":5e-05}","{""detection_events"":32540,""detectors_checked"":194273280}"
   1150976,         0,         0,   119.6,decoder_by_matrix,0421d486f8a041838688df650e87c0a19c3450ab7a7cc8b3dc589ebff86d1c74,"{""distance"":5,""physical_error_rate"":0.0001}","{""detection_events"":65835,""detectors_checked"":195665920}"
   1088512,         0,         0,   119.6,decoder_by_matrix,3c866087b289edc25e9adea730044a15db18cabfd3ae2507fc844d5b4e03657a,"{""distance"":5,""physical_error_rate"":5e-06}","{""detection_events"":3325,""detectors_checked"":185047040}"
    790528,         0,         0,   119.7,decoder_by_matrix,e41ade2e4684e0396b9a3890c882b6453b515d69885aa1d89a26ce21ec554895,"{""distance"":5,""physical_error_rate"":1e-06}","{""detection_events"":655,""detectors_checked"":134389760}"
    824320,         3,         0,   119.6,decoder_by_matrix,066a5d8d46981b593c3dec855f441edbe9e755a8873183448f69d036a2ecc650,"{""distance"":5,""physical_error_rate"":0.001}","{""detection_events"":467915,""detectors_checked"":140134400,""obs_mistake_mask=__EE"":1,""obs_mistake_mask=__E_"":1,""obs_mistake_mask=___E"":1}"
   1045504,         0,         0,   119.4,decoder_by_matrix,9c6baee88fc81e7d1aa345fcb3feec7ee81f21c5d49cb6ca037118097d89e180,"{""distance"":5,""physical_error_rate"":5e-05}","{""detection_events"":28920,""detectors_checked"":177735680}"
    827392,         0,         0,   119.8,decoder_by_matrix,fa5edda0c1038186c8afbec49b0215a0b852396cdb50783a3f937fdf51d2afac,"{""distance"":5,""physical_error_rate"":1e-05}","{""detection_events"":4200,""detectors_checked"":140656640}"
   1134592,         1,         0,   119.4,decoder_by_matrix,b84cf4b8ca220d31f17e1e2ea9ab927bbc4176b15682c650e7d1dd8f2758172b,"{""distance"":5,""physical_error_rate"":0.0005}","{""detection_events"":324755,""detectors_checked"":192880640,""obs_mistake_mask=___E"":1}"
   1319936,         0,         0,   119.5,decoder_by_matrix,fa5edda0c1038186c8afbec49b0215a0b852396cdb50783a3f937fdf51d2afac,"{""distance"":5,""physical_error_rate"":1e-05}","{""detection_events"":6730,""detectors_checked"":224389120}"
   1154048,         0,         0,   119.5,decoder_by_matrix,9c6baee88fc81e7d1aa345fcb3feec7ee81f21c5d49cb6ca037118097d89e180,"{""distance"":5,""physical_error_rate"":5e-05}","{""detection_events"":31520,""detectors_checked"":196188160}"
   1246208,         0,         0,   119.5,decoder_by_matrix,e41ade2e4684e0396b9a3890c882b6453b515d69885aa1d89a26ce21ec554895,"{""distance"":5,""physical_error_rate"":1e-06}","{""detection_events"":825,""detectors_checked"":211855360}"
   1317888,         0,         0,   119.5,decoder_by_matrix,3c866087b289edc25e9adea730044a15db18cabfd3ae2507fc844d5b4e03657a,"{""distance"":5,""physical_error_rate"":5e-06}","{""detection_events"":3210,""detectors_checked"":224040960}"
   1064960,         0,         0,   119.4,decoder_by_matrix,0421d486f8a041838688df650e87c0a19c3450ab7a7cc8b3dc589ebff86d1c74,"{""distance"":5,""physical_error_rate"":0.0001}","{""detection_events"":61055,""detectors_checked"":181043200}"
   1267712,         0,         0,   119.4,decoder_by_matrix,b84cf4b8ca220d31f17e1e2ea9ab927bbc4176b15682c650e7d1dd8f2758172b,"{""distance"":5,""physical_error_rate"":0.0005}","{""detection_events"":355295,""detectors_checked"":215511040}"
   1258496,         0,         0,   119.7,decoder_by_matrix,0421d486f8a041838688df650e87c0a19c3450ab7a7cc8b3dc589ebff86d1c74,"{""distance"":5,""physical_error_rate"":0.0001}","{""detection_events"":73265,""detectors_checked"":213944320}"
   1335296,         0,         0,   119.6,decoder_by_matrix,fa5edda0c1038186c8afbec49b0215a0b852396cdb50783a3f937fdf51d2afac,"{""distance"":5,""physical_error_rate"":1e-05}","{""detection_events"":7635,""detectors_checked"":227000320}"
   1208320,         0,         0,   119.4,decoder_by_matrix,fa5edda0c1038186c8afbec49b0215a0b852396cdb50783a3f937fdf51d2afac,"{""distance"":5,""physical_error_rate"":1e-05}","{""detection_events"":6665,""detectors_checked"":205414400}"
   1374208,         0,         0,   119.5,decoder_by_matrix,3c866087b289edc25e9adea730044a15db18cabfd3ae2507fc844d5b4e03657a,"{""distance"":5,""physical_error_rate"":5e-06}","{""detection_events"":4390,""detectors_checked"":233615360}"
   1046528,         0,         0,   119.5,decoder_by_matrix,fa5edda0c1038186c8afbec49b0215a0b852396cdb50783a3f937fdf51d2afac,"{""distance"":5,""physical_error_rate"":1e-05}","{""detection_events"":5310,""detectors_checked"":177909760}"
   1173504,         1,         0,   119.6,decoder_by_matrix,066a5d8d46981b593c3dec855f441edbe9e755a8873183448f69d036a2ecc650,"{""distance"":5,""physical_error_rate"":0.001}","{""detection_events"":665770,""detectors_checked"":199495680,""obs_mistake_mask=E_E_"":1}"
    898048,         0,         0,   119.4,decoder_by_matrix,9c6baee88fc81e7d1aa345fcb3feec7ee81f21c5d49cb6ca037118097d89e180,"{""distance"":5,""physical_error_rate"":5e-05}","{""detection_events"":25920,""detectors_checked"":152668160}"
   1121280,         0,         0,   119.2,decoder_by_matrix,e41ade2e4684e0396b9a3890c882b6453b515d69885aa1d89a26ce21ec554895,"{""distance"":5,""physical_error_rate"":1e-06}","{""detection_events"":665,""detectors_checked"":190617600}"
   1134592,         1,         0,   119.6,decoder_by_matrix,066a5d8d46981b593c3dec855f441edbe9e755a8873183448f69d036a2ecc650,"{""distance"":5,""physical_error_rate"":0.001}","{""detection_events"":647430,""detectors_checked"":192880640,""obs_mistake_mask=_E_E"":1}"
   1208320,         0,         0,   119.5,decoder_by_matrix,9c6baee88fc81e7d1aa345fcb3feec7ee81f21c5d49cb6ca037118097d89e180,"{""distance"":5,""physical_error_rate"":5e-05}","{""detection_events"":33040,""detectors_checked"":205414400}"
   1317888,         0,         0,   119.6,decoder_by_matrix,9c6baee88fc81e7d1aa345fcb3feec7ee81f21c5d49cb6ca037118097d89e180,"{""distance"":5,""physical_error_rate"":5e-05}","{""detection_events"":37795,""detectors_checked"":224040960}"
   1280000,         0,         0,   119.6,decoder_by_matrix,b84cf4b8ca220d31f17e1e2ea9ab927bbc4176b15682c650e7d1dd8f2758172b,"{""distance"":5,""physical_error_rate"":0.0005}","{""detection_events"":367985,""detectors_checked"":217600000}"
   1356800,         0,         0,   119.5,decoder_by_matrix,e41ade2e4684e0396b9a3890c882b6453b515d69885aa1d89a26ce21ec554895,"{""distance"":5,""physical_error_rate"":1e-06}","{""detection_events"":800,""detectors_checked"":230656000}"
   1011712,         0,         0,   119.5,decoder_by_matrix,0421d486f8a041838688df650e87c0a19c3450ab7a7cc8b3dc589ebff86d1c74,"{""distance"":5,""physical_error_rate"":0.0001}","{""detection_events"":57895,""detectors_checked"":171991040}"
   1242112,         0,         0,   119.5,decoder_by_matrix,3c866087b289edc25e9adea730044a15db18cabfd3ae2507fc844d5b4e03657a,"{""distance"":5,""physical_error_rate"":5e-06}","{""detection_events"":3555,""detectors_checked"":211159040}"
   1128448,         0,         0,   119.7,decoder_by_matrix,b84cf4b8ca220d31f17e1e2ea9ab927bbc4176b15682c650e7d1dd8f2758172b,"{""distance"":5,""physical_error_rate"":0.0005}","{""detection_events"":321270,""detectors_checked"":191836160}"
   1067008,         0,         0,   119.7,decoder_by_matrix,fa5edda0c1038186c8afbec49b0215a0b852396cdb50783a3f937fdf51d2afac,"{""distance"":5,""physical_error_rate"":1e-05}","{""detection_events"":6390,""detectors_checked"":181391360}"
   1183744,         0,         0,   119.6,decoder_by_matrix,3c866087b289edc25e9adea730044a15db18cabfd3ae2507fc844d5b4e03657a,"{""distance"":5,""physical_error_rate"":5e-06}","{""detection_events"":3005,""detectors_checked"":201236480}"
   1297408,         0,         0,   119.4,decoder_by_matrix,0421d486f8a041838688df650e87c0a19c3450ab7a7cc8b3dc589ebff86d1c74,"{""distance"":5,""physical_error_rate"":0.0001}","{""detection_events"":74585,""detectors_checked"":220559360}"
    911360,         0,         0,   119.6,decoder_by_matrix,3c866087b289edc25e9adea730044a15db18cabfd3ae2507fc844d5b4e03657a,"{""distance"":5,""physical_error_rate"":5e-06}","{""detection_events"":2720,""detectors_checked"":154931200}"
   1281024,         0,         0,   119.5,decoder_by_matrix,b84cf4b8ca220d31f17e1e2ea9ab927bbc4176b15682c650e7d1dd8f2758172b,"{""distance"":5,""physical_error_rate"":0.0005}","{""detection_events"":366530,""detectors_checked"":217774080}"
   1059840,         1,         0,   119.4,decoder_by_matrix,066a5d8d46981b593c3dec855f441edbe9e755a8873183448f69d036a2ecc650,"{""distance"":5,""physical_error_rate"":0.001}","{""detection_events"":604965,""detectors_checked"":180172800,""obs_mistake_mask=_E__"":1}"
   1216512,         0,         0,   119.6,decoder_by_matrix,3c866087b289edc25e9adea730044a15db18cabfd3ae2507fc844d5b4e03657a,"{""distance"":5,""physical_error_rate"":5e-06}","{""detection_events"":3315,""detectors_checked"":206807040}"
   1270784,         4,         0,   119.6,decoder_by_matrix,066a5d8d46981b593c3dec855f441edbe9e755a8873183448f69d036a2ecc650,"{""distance"":5,""physical_error_rate"":0.001}","{""detection_events"":721110,""detectors_checked"":216033280,""obs_mistake_mask=E_EE"":1,""obs_mistake_mask=E__E"":1,""obs_mistake_mask=_EEE"":1,""obs_mistake_mask=___E"":1}"
    770048,         0,         0,   119.5,decoder_by_matrix,e41ade2e4684e0396b9a3890c882b6453b515d69885aa1d89a26ce21ec554895,"{""distance"":5,""physical_error_rate"":1e-06}","{""detection_events"":495,""detectors_checked"":130908160}"
    986112,         2,         0,   119.4,decoder_by_matrix,066a5d8d46981b593c3dec855f441edbe9e755a8873183448f69d036a2ecc650,"{""distance"":5,""physical_error_rate"":0.001}","{""detection_events"":562460,""detectors_checked"":167639040,""obs_mistake_mask=E_E_"":1,""obs_mistake_mask=_E__"":1}"
   1169408,         0,         0,   119.5,decoder_by_matrix,fa5edda0c1038186c8afbec49b0215a0b852396cdb50783a3f937fdf51d2afac,"{""distance"":5,""physical_error_rate"":1e-05}","{""detection_events"":6760,""detectors_checked"":198799360}"
   1014784,         0,         0,   119.7,decoder_by_matrix,e41ade2e4684e0396b9a3890c882b6453b515d69885aa1d89a26ce21ec554895,"{""distance"":5,""physical_error_rate"":1e-06}","{""detection_events"":445,""detectors_checked"":172513280}"
   1239040,         0,         0,   119.4,decoder_by_matrix,0421d486f8a041838688df650e87c0a19c3450ab7a7cc8b3dc589ebff86d1c74,"{""distance"":5,""physical_error_rate"":0.0001}","{""detection_events"":69030,""detectors_checked"":210636800}"
    900096,         0,         0,   119.3,decoder_by_matrix,b84cf4b8ca220d31f17e1e2ea9ab927bbc4176b15682c650e7d1dd8f2758172b,"{""distance"":5,""physical_error_rate"":0.0005}","{""detection_events"":254315,""detectors_checked"":153016320}"
   1265664,         0,         0,   119.6,decoder_by_matrix,0421d486f8a041838688df650e87c0a19c3450ab7a7cc8b3dc589ebff86d1c74,"{""distance"":5,""physical_error_rate"":0.0001}","{""detection_events"":71655,""detectors_checked"":215162880}"
   1111040,         1,         0,   119.6,decoder_by_matrix,b84cf4b8ca220d31f17e1e2ea9ab927bbc4176b15682c650e7d1dd8f2758172b,"{""distance"":5,""physical_error_rate"":0.0005}","{""detection_events"":312695,""detectors_checked"":188876800,""obs_mistake_mask=_EE_"":1}"
   1215488,         0,         0,   119.5,decoder_by_matrix,e41ade2e4684e0396b9a3890c882b6453b515d69885aa1d89a26ce21ec554895,"{""distance"":5,""physical_error_rate"":1e-06}","{""detection_events"":575,""detectors_checked"":206632960}"
    903168,         0,         0,   119.6,decoder_by_matrix,9c6baee88fc81e7d1aa345fcb3feec7ee81f21c5d49cb6ca037118097d89e180,"{""distance"":5,""physical_error_rate"":5e-05}","{""detection_events"":26495,""detectors_checked"":153538560}"
   1308672,         0,         0,   119.7,decoder_by_matrix,9c6baee88fc81e7d1aa345fcb3feec7ee81f21c5d49cb6ca037118097d89e180,"{""distance"":5,""physical_error_rate"":5e-05}","{""detection_events"":38460,""detectors_checked"":222474240}"
    963584,         0,         0,   119.5,decoder_by_matrix,0421d486f8a041838688df650e87c0a19c3450ab7a7cc8b3dc589ebff86d1c74,"{""distance"":5,""physical_error_rate"":0.0001}","{""detection_events"":56625,""detectors_checked"":163809280}"
   1182720,         0,         0,   119.6,decoder_by_matrix,3c866087b289edc25e9adea730044a15db18cabfd3ae2507fc844d5b4e03657a,"{""distance"":5,""physical_error_rate"":5e-06}","{""detection_events"":3560,""detectors_checked"":201062400}"
    780288,         0,         0,   119.6,decoder_by_matrix,e41ade2e4684e0396b9a3890c882b6453b515d69885aa1d89a26ce21ec554895,"{""distance"":5,""physical_error_rate"":1e-06}","{""detection_events"":650,""detectors_checked"":132648960}"
    732160,         1,         0,   119.7,decoder_by_matrix,066a5d8d46981b593c3dec855f441edbe9e755a8873183448f69d036a2ecc650,"{""distance"":5,""physical_error_rate"":0.001}","{""detection_events"":414765,""detectors_checked"":124467200,""obs_mistake_mask=EE_E"":1}"
   1003520,         0,         0,   119.6,decoder_by_matrix,9c6baee88fc81e7d1aa345fcb3feec7ee81f21c5d49cb6ca037118097d89e180,"{""distance"":5,""physical_error_rate"":5e-05}","{""detection_events"":28500,""detectors_checked"":170598400}"
    965632,         0,         0,   119.6,decoder_by_matrix,fa5edda0c1038186c8afbec49b0215a0b852396cdb50783a3f937fdf51d2afac,"{""distance"":5,""physical_error_rate"":1e-05}","{""detection_events"":4980,""detectors_checked"":164157440}"
    846848,         0,         0,   119.4,decoder_by_matrix,b84cf4b8ca220d31f17e1e2ea9ab927bbc4176b15682c650e7d1dd8f2758172b,"{""distance"":5,""physical_error_rate"":0.0005}","{""detection_events"":236400,""detectors_checked"":143964160}"
   1274880,         0,         0,   119.4,decoder_by_matrix,fa5edda0c1038186c8afbec49b0215a0b852396cdb50783a3f937fdf51d2afac,"{""distance"":5,""physical_error_rate"":1e-05}","{""detection_events"":6720,""detectors_checked"":216729600}"
   1236992,         0,         0,   119.5,decoder_by_matrix,9c6baee88fc81e7d1aa345fcb3feec7ee81f21c5d49cb6ca037118097d89e180,"{""distance"":5,""physical_error_rate"":5e-05}","{""detection_events"":35705,""detectors_checked"":210288640}"
   1209344,         0,         0,   119.3,decoder_by_matrix,e41ade2e4684e0396b9a3890c882b6453b515d69885aa1d89a26ce21ec554895,"{""distance"":5,""physical_error_rate"":1e-06}","{""detection_events"":575,""detectors_checked"":205588480}"
   1236992,         0,         0,   119.6,decoder_by_matrix,3c866087b289edc25e9adea730044a15db18cabfd3ae2507fc844d5b4e03657a,"{""distance"":5,""physical_error_rate"":5e-06}","{""detection_events"":3765,""detectors_checked"":210288640}"
   1045504,         0,         0,   119.5,decoder_by_matrix,0421d486f8a041838688df650e87c0a19c3450ab7a7cc8b3dc589ebff86d1c74,"{""distance"":5,""physical_error_rate"":0.0001}","{""detection_events"":59345,""detectors_checked"":177735680}"
   1258496,         0,         0,   119.7,decoder_by_matrix,b84cf4b8ca220d31f17e1e2ea9ab927bbc4176b15682c650e7d1dd8f2758172b,"{""distance"":5,""physical_error_rate"":0.0005}","{""detection_events"":357030,""detectors_checked"":213944320}"
   1307648,         0,         0,   119.6,decoder_by_matrix,0421d486f8a041838688df650e87c0a19c3450ab7a7cc8b3dc589ebff86d1c74,"{""distance"":5,""physical_error_rate"":0.0001}","{""detection_events"":74590,""detectors_checked"":222300160}"
   1314816,         0,         0,   119.4,decoder_by_matrix,fa5edda0c1038186c8afbec49b0215a0b852396cdb50783a3f937fdf51d2afac,"{""distance"":5,""physical_error_rate"":1e-05}","{""detection_events"":6670,""detectors_checked"":223518720}"
   1254400,         0,         0,   119.6,decoder_by_matrix,fa5edda0c1038186c8afbec49b0215a0b852396cdb50783a3f937fdf51d2afac,"{""distance"":5,""physical_error_rate"":1e-05}","{""detection_events"":6325,""detectors_checked"":213248000}"
   1228800,         0,         0,   119.6,decoder_by_matrix,3c866087b289edc25e9adea730044a15db18cabfd3ae2507fc844d5b4e03657a,"{""distance"":5,""physical_error_rate"":5e-06}","{""detection_events"":3220,""detectors_checked"":208896000}"
    825344,         0,         0,   119.7,decoder_by_matrix,fa5edda0c1038186c8afbec49b0215a0b852396cdb50783a3f937fdf51d2afac,"{""distance"":5,""physical_error_rate"":1e-05}","{""detection_events"":4630,""detectors_checked"":140308480}"
   1162240,         2,         0,   119.4,decoder_by_matrix,066a5d8d46981b593c3dec855f441edbe9e755a8873183448f69d036a2ecc650,"{""distance"":5,""physical_error_rate"":0.001}","{""detection_events"":664960,""detectors_checked"":197580800,""obs_mistake_mask=E__E"":2}"
   1162240,         0,         0,   119.5,decoder_by_matrix,9c6baee88fc81e7d1aa345fcb3feec7ee81f21c5d49cb6ca037118097d89e180,"{""distance"":5,""physical_error_rate"":5e-05}","{""detection_events"":33770,""detectors_checked"":197580800}"
   1232896,         0,         0,   119.4,decoder_by_matrix,e41ade2e4684e0396b9a3890c882b6453b515d69885aa1d89a26ce21ec554895,"{""distance"":5,""physical_error_rate"":1e-06}","{""detection_events"":550,""detectors_checked"":209592320}"
   1173504,         4,         0,   119.5,decoder_by_matrix,066a5d8d46981b593c3dec855f441edbe9e755a8873183448f69d036a2ecc650,"{""distance"":5,""physical_error_rate"":0.001}","{""detection_events"":672260,""detectors_checked"":199495680,""obs_mistake_mask=E__E"":1,""obs_mistake_mask=E___"":1,""obs_mistake_mask=_E__"":1,""obs_mistake_mask=__EE"":1}"
   1188864,         0,         0,   119.5,decoder_by_matrix,9c6baee88fc81e7d1aa345fcb3feec7ee81f21c5d49cb6ca037118097d89e180,"{""distance"":5,""physical_error_rate"":5e-05}","{""detection_events"":34515,""detectors_checked"":202106880}"
   1296384,         0,         0,   119.5,decoder_by_matrix,9c6baee88fc81e7d1aa345fcb3feec7ee81f21c5d49cb6ca037118097d89e180,"{""distance"":5,""physical_error_rate"":5e-05}","{""detection_events"":37510,""detectors_checked"":220385280}"
   1173504,         0,         0,   119.4,decoder_by_matrix,e41ade2e4684e0396b9a3890c882b6453b515d69885aa1d89a26ce21ec554895,"{""distance"":5,""physical_error_rate"":1e-06}","{""detection_events"":485,""detectors_checked"":199495680}"
   1138688,         1,         0,   119.5,decoder_by_matrix,b84cf4b8ca220d31f17e1e2ea9ab927bbc4176b15682c650e7d1dd8f2758172b,"{""distance"":5,""physical_error_rate"":0.0005}","{""detection_events"":320910,""detectors_checked"":193576960,""obs_mistake_mask=EEE_"":1}"
   1213440,         0,         0,   119.4,decoder_by_matrix,0421d486f8a041838688df650e87c0a19c3450ab7a7cc8b3dc589ebff86d1c74,"{""distance"":5,""physical_error_rate"":0.0001}","{""detection_events"":69640,""detectors_checked"":206284800}"
   1202176,         0,         0,   119.6,decoder_by_matrix,3c866087b289edc25e9adea730044a15db18cabfd3ae2507fc844d5b4e03657a,"{""distance"":5,""physical_error_rate"":5e-06}","{""detection_events"":3270,""detectors_checked"":204369920}"
   1171456,         0,         0,   119.5,decoder_by_matrix,b84cf4b8ca220d31f17e1e2ea9ab927bbc4176b15682c650e7d1dd8f2758172b,"{""distance"":5,""physical_error_rate"":0.0005}","{""detection_events"":328700,""detectors_checked"":199147520}"
   1188864,         0,         0,   119.5,decoder_by_matrix,3c866087b289edc25e9adea730044a15db18cabfd3ae2507fc844d5b4e03657a,"{""distance"":5,""physical_error_rate"":5e-06}","{""detection_events"":3620,""detectors_checked"":202106880}"
   1175552,         0,         0,   119.6,decoder_by_matrix,fa5edda0c1038186c8afbec49b0215a0b852396cdb50783a3f937fdf51d2afac,"{""distance"":5,""physical_error_rate"":1e-05}","{""detection_events"":6505,""detectors_checked"":199843840}"
   1220608,         0,         0,   119.5,decoder_by_matrix,0421d486f8a041838688df650e87c0a19c3450ab7a7cc8b3dc589ebff86d1c74,"{""distance"":5,""physical_error_rate"":0.0001}","{""detection_events"":68985,""detectors_checked"":207503360}"
   1256448,         0,         0,   119.7,decoder_by_matrix,3c866087b289edc25e9adea730044a15db18cabfd3ae2507fc844d5b4e03657a,"{""distance"":5,""physical_error_rate"":5e-06}","{""detection_events"":3890,""detectors_checked"":213596160}"
   1134592,         0,         0,   119.6,decoder_by_matrix,b84cf4b8ca220d31f17e1e2ea9ab927bbc4176b15682c650e7d1dd8f2758172b,"{""distance"":5,""physical_error_rate"":0.0005}","{""detection_events"":320345,""detectors_checked"":192880640}"
    999424,         1,         0,   119.6,decoder_by_matrix,066a5d8d46981b593c3dec855f441edbe9e755a8873183448f69d036a2ecc650,"{""distance"":5,""physical_error_rate"":0.001}","{""detection_events"":564915,""detectors_checked"":169902080,""obs_mistake_mask=E___"":1}"
   1178624,         0,         0,   119.6,decoder_by_matrix,3c866087b289edc25e9adea730044a15db18cabfd3ae2507fc844d5b4e03657a,"{""distance"":5,""physical_error_rate"":5e-06}","{""detection_events"":3375,""detectors_checked"":200366080}"
   1185792,         2,         0,   119.4,decoder_by_matrix,066a5d8d46981b593c3dec855f441edbe9e755a8873183448f69d036a2ecc650,"{""distance"":5,""physical_error_rate"":0.001}","{""detection_events"":674855,""detectors_checked"":201584640,""obs_mistake_mask=E___"":1,""obs_mistake_mask=_E__"":1}"
    827392,         0,         0,   119.5,decoder_by_matrix,e41ade2e4684e0396b9a3890c882b6453b515d69885aa1d89a26ce21ec554895,"{""distance"":5,""physical_error_rate"":1e-06}","{""detection_events"":540,""detectors_checked"":140656640}"
    769024,         0,         0,   119.6,decoder_by_matrix,066a5d8d46981b593c3dec855f441edbe9e755a8873183448f69d036a2ecc650,"{""distance"":5,""physical_error_rate"":0.001}","{""detection_events"":430525,""detectors_checked"":130734080}"
   1036288,         0,         0,   119.4,decoder_by_matrix,fa5edda0c1038186c8afbec49b0215a0b852396cdb50783a3f937fdf51d2afac,"{""distance"":5,""physical_error_rate"":1e-05}","{""detection_events"":6075,""detectors_checked"":176168960}"
   1208320,         0,         0,   119.4,decoder_by_matrix,e41ade2e4684e0396b9a3890c882b6453b515d69885aa1d89a26ce21ec554895,"{""distance"":5,""physical_error_rate"":1e-06}","{""detection_events"":865,""detectors_checked"":205414400}"
   1178624,         0,         0,   119.5,decoder_by_matrix,0421d486f8a041838688df650e87c0a19c3450ab7a7cc8b3dc589ebff86d1c74,"{""distance"":5,""physical_error_rate"":0.0001}","{""detection_events"":67905,""detectors_checked"":200366080}"
   1049600,         1,         0,   119.5,decoder_by_matrix,b84cf4b8ca220d31f17e1e2ea9ab927bbc4176b15682c650e7d1dd8f2758172b,"{""distance"":5,""physical_error_rate"":0.0005}","{""detection_events"":297030,""detectors_checked"":178432000,""obs_mistake_mask=__E_"":1}"
   1141760,         0,         0,   119.5,decoder_by_matrix,0421d486f8a041838688df650e87c0a19c3450ab7a7cc8b3dc589ebff86d1c74,"{""distance"":5,""physical_error_rate"":0.0001}","{""detection_events"":64950,""detectors_checked"":194099200}"
   1090560,         0,         0,   119.4,decoder_by_matrix,b84cf4b8ca220d31f17e1e2ea9ab927bbc4176b15682c650e7d1dd8f2758172b,"{""distance"":5,""physical_error_rate"":0.0005}","{""detection_events"":305770,""detectors_checked"":185395200}"
   1231872,         0,         0,   119.6,decoder_by_matrix,e41ade2e4684e0396b9a3890c882b6453b515d69885aa1d89a26ce21ec554895,"{""distance"":5,""physical_error_rate"":1e-06}","{""detection_events"":610,""detectors_checked"":209418240}"
   1188864,         0,         0,   119.5,decoder_by_matrix,9c6baee88fc81e7d1aa345fcb3feec7ee81f21c5d49cb6ca037118097d89e180,"{""distance"":5,""physical_error_rate"":5e-05}","{""detection_events"":34955,""detectors_checked"":202106880}"
   1183744,         0,         0,   119.5,decoder_by_matrix,9c6baee88fc81e7d1aa345fcb3feec7ee81f21c5d49cb6ca037118097d89e180,"{""distance"":5,""physical_error_rate"":5e-05}","{""detection_events"":34655,""detectors_checked"":201236480}"
    833536,         0,         0,   119.2,decoder_by_matrix,0421d486f8a041838688df650e87c0a19c3450ab7a7cc8b3dc589ebff86d1c74,"{""distance"":5,""physical_error_rate"":0.0001}","{""detection_events"":47765,""detectors_checked"":141701120}"
   1250304,         0,         0,   119.4,decoder_by_matrix,3c866087b289edc25e9adea730044a15db18cabfd3ae2507fc844d5b4e03657a,"{""distance"":5,""physical_error_rate"":5e-06}","{""detection_events"":3645,""detectors_checked"":212551680}"
   1075200,         0,         0,   119.8,decoder_by_matrix,e41ade2e4684e0396b9a3890c882b6453b515d69885aa1d89a26ce21ec554895,"{""distance"":5,""physical_error_rate"":1e-06}","{""detection_events"":795,""detectors_checked"":182784000}"
    807936,         1,         0,   119.7,decoder_by_matrix,066a5d8d46981b593c3dec855f441edbe9e755a8873183448f69d036a2ecc650,"{""distance"":5,""physical_error_rate"":0.001}","{""detection_events"":460085,""detectors_checked"":137349120,""obs_mistake_mask=__E_"":1}"
    943104,         0,         0,   119.5,decoder_by_matrix,9c6baee88fc81e7d1aa345fcb3feec7ee81f21c5d49cb6ca037118097d89e180,"{""distance"":5,""physical_error_rate"":5e-05}","{""detection_events"":26570,""detectors_checked"":160327680}"
   1134592,         0,         0,   119.6,decoder_by_matrix,fa5edda0c1038186c8afbec49b0215a0b852396cdb50783a3f937fdf51d2afac,"{""distance"":5,""physical_error_rate"":1e-05}","{""detection_events"":6295,""detectors_checked"":192880640}"
    833536,         0,         0,   119.4,decoder_by_matrix,b84cf4b8ca220d31f17e1e2ea9ab927bbc4176b15682c650e7d1dd8f2758172b,"{""distance"":5,""physical_error_rate"":0.0005}","{""detection_events"":235085,""detectors_checked"":141701120}"
   1213440,         0,         0,   119.3,decoder_by_matrix,fa5edda0c1038186c8afbec49b0215a0b852396cdb50783a3f937fdf51d2afac,"{""distance"":5,""physical_error_rate"":1e-05}","{""detection_events"":7320,""detectors_checked"":206284800}"
   1113088,         0,         0,   119.6,decoder_by_matrix,9c6baee88fc81e7d1aa345fcb3feec7ee81f21c5d49cb6ca037118097d89e180,"{""distance"":5,""physical_error_rate"":5e-05}","{""detection_events"":32215,""detectors_checked"":189224960}"
   1107968,         0,         0,   119.6,decoder_by_matrix,e41ade2e4684e0396b9a3890c882b6453b515d69885aa1d89a26ce21ec554895,"{""distance"":5,""physical_error_rate"":1e-06}","{""detection_events"":935,""detectors_checked"":188354560}"
   1225728,         0,         0,   119.5,decoder_by_matrix,3c866087b289edc25e9adea730044a15db18cabfd3ae2507fc844d5b4e03657a,"{""distance"":5,""physical_error_rate"":5e-06}","{""detection_events"":3350,""detectors_checked"":208373760}"
   1060864,         0,         0,   119.5,decoder_by_matrix,0421d486f8a041838688df650e87c0a19c3450ab7a7cc8b3dc589ebff86d1c74,"{""distance"":5,""physical_error_rate"":0.0001}","{""detection_events"":60365,""detectors_checked"":180346880}"
   1047552,         1,         0,   119.5,decoder_by_matrix,b84cf4b8ca220d31f17e1e2ea9ab927bbc4176b15682c650e7d1dd8f2758172b,"{""distance"":5,""physical_error_rate"":0.0005}","{""detection_events"":303600,""detectors_checked"":178083840,""obs_mistake_mask=_E__"":1}"
   1076224,         0,         0,   119.4,decoder_by_matrix,0421d486f8a041838688df650e87c0a19c3450ab7a7cc8b3dc589ebff86d1c74,"{""distance"":5,""physical_error_rate"":0.0001}","{""detection_events"":58910,""detectors_checked"":182958080}"
   1292288,         0,         0,   119.7,decoder_by_matrix,fa5edda0c1038186c8afbec49b0215a0b852396cdb50783a3f937fdf51d2afac,"{""distance"":5,""physical_error_rate"":1e-05}","{""detection_events"":7615,""detectors_checked"":219688960}"
   1191936,         0,         0,   119.5,decoder_by_matrix,fa5edda0c1038186c8afbec49b0215a0b852396cdb50783a3f937fdf51d2afac,"{""distance"":5,""physical_error_rate"":1e-05}","{""detection_events"":6795,""detectors_checked"":202629120}"
   1201152,         0,         0,   119.5,decoder_by_matrix,3c866087b289edc25e9adea730044a15db18cabfd3ae2507fc844d5b4e03657a,"{""distance"":5,""physical_error_rate"":5e-06}","{""detection_events"":3375,""detectors_checked"":204195840}"
    963584,         0,         0,   119.5,decoder_by_matrix,fa5edda0c1038186c8afbec49b0215a0b852396cdb50783a3f937fdf51d2afac,"{""distance"":5,""physical_error_rate"":1e-05}","{""detection_events"":5660,""detectors_checked"":163809280}"
   1130496,         2,         0,   119.6,decoder_by_matrix,066a5d8d46981b593c3dec855f441edbe9e755a8873183448f69d036a2ecc650,"{""distance"":5,""physical_error_rate"":0.001}","{""detection_events"":637240,""detectors_checked"":192184320,""obs_mistake_mask=EE__"":2}"
   1076224,         0,         0,   119.6,decoder_by_matrix,9c6baee88fc81e7d1aa345fcb3feec7ee81f21c5d49cb6ca037118097d89e180,"{""distance"":5,""physical_error_rate"":5e-05}","{""detection_events"":30700,""detectors_checked"":182958080}"
   1130496,         2,         0,   119.5,decoder_by_matrix,066a5d8d46981b593c3dec855f441edbe9e755a8873183448f69d036a2ecc650,"{""distance"":5,""physical_error_rate"":0.001}","{""detection_events"":643975,""detectors_checked"":192184320,""obs_mistake_mask=E_E_"":1,""obs_mistake_mask=E___"":1}"
   1012736,         0,         0,   119.6,decoder_by_matrix,e41ade2e4684e0396b9a3890c882b6453b515d69885aa1d89a26ce21ec554895,"{""distance"":5,""physical_error_rate"":1e-06}","{""detection_events"":600,""detectors_checked"":172165120}"
   1061888,         0,         0,   119.1,decoder_by_matrix,9c6baee88fc81e7d1aa345fcb3feec7ee81f21c5d49cb6ca037118097d89e180,"{""distance"":5,""physical_error_rate"":5e-05}","{""detection_events"":30290,""detectors_checked"":180520960}"
   1264640,         0,         0,   119.4,decoder_by_matrix,9c6baee88fc81e7d1aa345fcb3feec7ee81f21c5d49cb6ca037118097d89e180,"{""distance"":5,""physical_error_rate"":5e-05}","{""detection_events"":36955,""detectors_checked"":214988800}"
   1303552,         0,         0,   119.4,decoder_by_matrix,e41ade2e4684e0396b9a3890c882b6453b515d69885aa1d89a26ce21ec554895,"{""distance"":5,""physical_error_rate"":1e-06}","{""detection_events"":795,""detectors_checked"":221603840}"
   1043456,         0,         0,   119.4,decoder_by_matrix,b84cf4b8ca220d31f17e1e2ea9ab927bbc4176b15682c650e7d1dd8f2758172b,"{""distance"":5,""physical_error_rate"":0.0005}","{""detection_events"":298250,""detectors_checked"":177387520}"
    902144,         0,         0,   119.6,decoder_by_matrix,0421d486f8a041838688df650e87c0a19c3450ab7a7cc8b3dc589ebff86d1c74,"{""distance"":5,""physical_error_rate"":0.0001}","{""detection_events"":52315,""detectors_checked"":153364480}"
   1103872,         0,         0,   119.5,decoder_by_matrix,3c866087b289edc25e9adea730044a15db18cabfd3ae2507fc844d5b4e03657a,"{""distance"":5,""physical_error_rate"":5e-06}","{""detection_events"":3265,""detectors_checked"":187658240}"
   1078272,         1,         0,   119.3,decoder_by_matrix,b84cf4b8ca220d31f17e1e2ea9ab927bbc4176b15682c650e7d1dd8f2758172b,"{""distance"":5,""physical_error_rate"":0.0005}","{""detection_events"":310205,""detectors_checked"":183306240,""obs_mistake_mask=_E__"":1}"
   1113088,         0,         0,   119.3,decoder_by_matrix,3c866087b289edc25e9adea730044a15db18cabfd3ae2507fc844d5b4e03657a,"{""distance"":5,""physical_error_rate"":5e-06}","{""detection_events"":3075,""detectors_checked"":189224960}"
   1225728,         0,         0,   119.4,decoder_by_matrix,0421d486f8a041838688df650e87c0a19c3450ab7a7cc8b3dc589ebff86d1c74,"{""distance"":5,""physical_error_rate"":0.0001}","{""detection_events"":69485,""detectors_checked"":208373760}"
   1124352,         0,         0,   119.5,decoder_by_matrix,fa5edda0c1038186c8afbec49b0215a0b852396cdb50783a3f937fdf51d2afac,"{""distance"":5,""physical_error_rate"":1e-05}","{""detection_events"":6350,""detectors_checked"":191139840}"
   1232896,         0,         0,   119.5,decoder_by_matrix,3c866087b289edc25e9adea730044a15db18cabfd3ae2507fc844d5b4e03657a,"{""distance"":5,""physical_error_rate"":5e-06}","{""detection_events"":3495,""detectors_checked"":209592320}"
    859136,         2,         0,   119.3,decoder_by_matrix,b84cf4b8ca220d31f17e1e2ea9ab927bbc4176b15682c650e7d1dd8f2758172b,"{""distance"":5,""physical_error_rate"":0.0005}","{""detection_events"":242680,""detectors_checked"":146053120,""obs_mistake_mask=E_E_"":1,""obs_mistake_mask=E___"":1}"
   1206272,         5,         0,   119.7,decoder_by_matrix,066a5d8d46981b593c3dec855f441edbe9e755a8873183448f69d036a2ecc650,"{""distance"":5,""physical_error_rate"":0.001}","{""detection_events"":683215,""detectors_checked"":205066240,""obs_mistake_mask=EEE_"":1,""obs_mistake_mask=E___"":2,""obs_mistake_mask=_E_E"":1,""obs_mistake_mask=_E__"":1}"
   1176576,         0,         0,   119.5,decoder_by_matrix,3c866087b289edc25e9adea730044a15db18cabfd3ae2507fc844d5b4e03657a,"{""distance"":5,""physical_error_rate"":5e-06}","{""detection_events"":2765,""detectors_checked"":200017920}"
   1212416,         2,         0,   119.6,decoder_by_matrix,066a5d8d46981b593c3dec855f441edbe9e755a8873183448f69d036a2ecc650,"{""distance"":5,""physical_error_rate"":0.001}","{""detection_events"":695535,""detectors_checked"":206110720,""obs_mistake_mask=E_EE"":1,""obs_mistake_mask=E___"":1}"
   1224704,         0,         0,   119.5,decoder_by_matrix,e41ade2e4684e0396b9a3890c882b6453b515d69885aa1d89a26ce21ec554895,"{""distance"":5,""physical_error_rate"":1e-06}","{""detection_events"":615,""detectors_checked"":208199680}"
   1117184,         1,         0,   119.4,decoder_by_matrix,066a5d8d46981b593c3dec855f441edbe9e755a8873183448f69d036a2ecc650,"{""distance"":5,""physical_error_rate"":0.001}","{""detection_events"":637560,""detectors_checked"":189921280,""obs_mistake_mask=_E__"":1}"
   1185792,         0,         0,   119.5,decoder_by_matrix,fa5edda0c1038186c8afbec49b0215a0b852396cdb50783a3f937fdf51d2afac,"{""distance"":5,""physical_error_rate"":1e-05}","{""detection_events"":6430,""detectors_checked"":201584640}"
   1199104,         0,         0,   119.4,decoder_by_matrix,e41ade2e4684e0396b9a3890c882b6453b515d69885aa1d89a26ce21ec554895,"{""distance"":5,""physical_error_rate"":1e-06}","{""detection_events"":640,""detectors_checked"":203847680}"
   1159168,         0,         0,   119.5,decoder_by_matrix,0421d486f8a041838688df650e87c0a19c3450ab7a7cc8b3dc589ebff86d1c74,"{""distance"":5,""physical_error_rate"":0.0001}","{""detection_events"":66275,""detectors_checked"":197058560}"
    894976,         0,         0,   119.5,decoder_by_matrix,b84cf4b8ca220d31f17e1e2ea9ab927bbc4176b15682c650e7d1dd8f2758172b,"{""distance"":5,""physical_error_rate"":0.0005}","{""detection_events"":255265,""detectors_checked"":152145920}"
   1225728,         0,         0,   119.5,decoder_by_matrix,0421d486f8a041838688df650e87c0a19c3450ab7a7cc8b3dc589ebff86d1c74,"{""distance"":5,""physical_error_rate"":0.0001}","{""detection_events"":69220,""detectors_checked"":208373760}"
   1099776,         0,         0,   119.6,decoder_by_matrix,b84cf4b8ca220d31f17e1e2ea9ab927bbc4176b15682c650e7d1dd8f2758172b,"{""distance"":5,""physical_error_rate"":0.0005}","{""detection_events"":311295,""detectors_checked"":186961920}"
   1245184,         0,         0,   119.5,decoder_by_matrix,e41ade2e4684e0396b9a3890c882b6453b515d69885aa1d89a26ce21ec554895,"{""distance"":5,""physical_error_rate"":1e-06}","{""detection_events"":790,""detectors_checked"":211681280}"
   1164288,         0,         0,   119.6,decoder_by_matrix,9c6baee88fc81e7d1aa345fcb3feec7ee81f21c5d49cb6ca037118097d89e180,"{""distance"":5,""physical_error_rate"":5e-05}","{""detection_events"":32985,""detectors_checked"":197928960}"
   1192960,         0,         0,   119.4,decoder_by_matrix,9c6baee88fc81e7d1aa345fcb3feec7ee81f21c5d49cb6ca037118097d89e180,"{""distance"":5,""physical_error_rate"":5e-05}","{""detection_events"":32230,""detectors_checked"":202803200}"
    873472,         0,         0,   119.4,decoder_by_matrix,0421d486f8a041838688df650e87c0a19c3450ab7a7cc8b3dc589ebff86d1c74,"{""distance"":5,""physical_error_rate"":0.0001}","{""detection_events"":49650,""detectors_checked"":148490240}"
   1084416,         0,         0,   119.6,decoder_by_matrix,3c866087b289edc25e9adea730044a15db18cabfd3ae2507fc844d5b4e03657a,"{""distance"":5,""physical_error_rate"":5e-06}","{""detection_events"":3105,""detectors_checked"":184350720}"
    887808,         0,         0,   119.6,decoder_by_matrix,e41ade2e4684e0396b9a3890c882b6453b515d69885aa1d89a26ce21ec554895,"{""distance"":5,""physical_error_rate"":1e-06}","{""detection_events"":555,""detectors_checked"":150927360}"
   1120256,         3,         0,   119.5,decoder_by_matrix,066a5d8d46981b593c3dec855f441edbe9e755a8873183448f69d036a2ecc650,"{""distance"":5,""physical_error_rate"":0.001}","{""detection_events"":631720,""detectors_checked"":190443520,""obs_mistake_mask=E___"":1,""obs_mistake_mask=_EE_"":1,""obs_mistake_mask=___E"":1}"
   1161216,         0,         0,   119.5,decoder_by_matrix,9c6baee88fc81e7d1aa345fcb3feec7ee81f21c5d49cb6ca037118097d89e180,"{""distance"":5,""physical_error_rate"":5e-05}","{""detection_events"":33565,""detectors_checked"":197406720}"
   1222656,         0,         0,   119.6,decoder_by_matrix,fa5edda0c1038186c8afbec49b0215a0b852396cdb50783a3f937fdf51d2afac,"{""distance"":5,""physical_error_rate"":1e-05}","{""detection_events"":7320,""detectors_checked"":207851520}"
   1114112,         0,         0,   119.5,decoder_by_matrix,b84cf4b8ca220d31f17e1e2ea9ab927bbc4176b15682c650e7d1dd8f2758172b,"{""distance"":5,""physical_error_rate"":0.0005}","{""detection_events"":312670,""detectors_checked"":189399040}"
   1349632,         0,         0,   119.5,decoder_by_matrix,fa5edda0c1038186c8afbec49b0215a0b852396cdb50783a3f937fdf51d2afac,"{""distance"":5,""physical_error_rate"":1e-05}","{""detection_events"":7185,""detectors_checked"":229437440}"
   1273856,         0,         0,   119.6,decoder_by_matrix,9c6baee88fc81e7d1aa345fcb3feec7ee81f21c5d49cb6ca037118097d89e180,"{""distance"":5,""physical_error_rate"":5e-05}","{""detection_events"":36710,""detectors_checked"":216555520}"
   1278976,         0,         0,   119.5,decoder_by_matrix,e41ade2e4684e0396b9a3890c882b6453b515d69885aa1d89a26ce21ec554895,"{""distance"":5,""physical_error_rate"":1e-06}","{""detection_events"":755,""detectors_checked"":217425920}"
   1072128,         0,         0,   119.5,decoder_by_matrix,3c866087b289edc25e9adea730044a15db18cabfd3ae2507fc844d5b4e03657a,"{""distance"":5,""physical_error_rate"":5e-06}","{""detection_events"":3060,""detectors_checked"":182261760}"
    759808,         0,         0,   119.5,decoder_by_matrix,0421d486f8a041838688df650e87c0a19c3450ab7a7cc8b3dc589ebff86d1c74,"{""distance"":5,""physical_error_rate"":0.0001}","{""detection_events"":43075,""detectors_checked"":129167360}"
   1199104,         0,         0,   119.3,decoder_by_matrix,b84cf4b8ca220d31f17e1e2ea9ab927bbc4176b15682c650e7d1dd8f2758172b,"{""distance"":5,""physical_error_rate"":0.0005}","{""detection_events"":336000,""detectors_checked"":203847680}"
   1006592,         0,         0,   119.7,decoder_by_matrix,0421d486f8a041838688df650e87c0a19c3450ab7a7cc8b3dc589ebff86d1c74,"{""distance"":5,""physical_error_rate"":0.0001}","{""detection_events"":56465,""detectors_checked"":171120640}"
   1171456,         0,         0,   119.5,decoder_by_matrix,fa5edda0c1038186c8afbec49b0215a0b852396cdb50783a3f937fdf51d2afac,"{""distance"":5,""physical_error_rate"":1e-05}","{""detection_events"":6710,""detectors_checked"":199147520}"
   1232896,         0,         0,   119.2,decoder_by_matrix,fa5edda0c1038186c8afbec49b0215a0b852396cdb50783a3f937fdf51d2afac,"{""distance"":5,""physical_error_rate"":1e-05}","{""detection_events"":7435,""detectors_checked"":209592320}"
   1195008,         0,         0,   119.5,decoder_by_matrix,3c866087b289edc25e9adea730044a15db18cabfd3ae2507fc844d5b4e03657a,"{""distance"":5,""physical_error_rate"":5e-06}","{""detection_events"":3270,""detectors_checked"":203151360}"
   1226752,         2,         0,   119.5,decoder_by_matrix,066a5d8d46981b593c3dec855f441edbe9e755a8873183448f69d036a2ecc650,"{""distance"":5,""physical_error_rate"":0.001}","{""detection_events"":696080,""detectors_checked"":208547840,""obs_mistake_mask=_EEE"":1,""obs_mistake_mask=__EE"":1}"
    971776,         0,         0,   119.7,decoder_by_matrix,fa5edda0c1038186c8afbec49b0215a0b852396cdb50783a3f937fdf51d2afac,"{""distance"":5,""physical_error_rate"":1e-05}","{""detection_events"":5375,""detectors_checked"":165201920}"
   1227776,         0,         0,   119.6,decoder_by_matrix,9c6baee88fc81e7d1aa345fcb3feec7ee81f21c5d49cb6ca037118097d89e180,"{""distance"":5,""physical_error_rate"":5e-05}","{""detection_events"":35675,""detectors_checked"":208721920}"
   1191936,         3,         0,   119.4,decoder_by_matrix,066a5d8d46981b593c3dec855f441edbe9e755a8873183448f69d036a2ecc650,"{""distance"":5,""physical_error_rate"":0.001}","{""detection_events"":678125,""detectors_checked"":202629120,""obs_mistake_mask=E__E"":1,""obs_mistake_mask=_EEE"":2}"
    989184,         0,         0,   119.6,decoder_by_matrix,e41ade2e4684e0396b9a3890c882b6453b515d69885aa1d89a26ce21ec554895,"{""distance"":5,""physical_error_rate"":1e-06}","{""detection_events"":610,""detectors_checked"":168161280}"
   1150976,         0,         0,   119.5,decoder_by_matrix,9c6baee88fc81e7d1aa345fcb3feec7ee81f21c5d49cb6ca037118097d89e180,"{""distance"":5,""physical_error_rate"":5e-05}","{""detection_events"":31535,""detectors_checked"":195665920}"
   1244160,         0,         0,   119.7,decoder_by_matrix,9c6baee88fc81e7d1aa345fcb3feec7ee81f21c5d49cb6ca037118097d89e180,"{""distance"":5,""physical_error_rate"":5e-05}","{""detection_events"":34755,""detectors_checked"":211507200}"
   1193984,         0,         0,   119.5,decoder_by_matrix,e41ade2e4684e0396b9a3890c882b6453b515d69885aa1d89a26ce21ec554895,"{""distance"":5,""physical_error_rate"":1e-06}","{""detection_events"":685,""detectors_checked"":202977280}"
   1037312,         0,         0,   119.6,decoder_by_matrix,b84cf4b8ca220d31f17e1e2ea9ab927bbc4176b15682c650e7d1dd8f2758172b,"{""distance"":5,""physical_error_rate"":0.0005}","{""detection_events"":297080,""detectors_checked"":176343040}"
    809984,         0,         0,   119.5,decoder_by_matrix,0421d486f8a041838688df650e87c0a19c3450ab7a7cc8b3dc589ebff86d1c74,"{""distance"":5,""physical_error_rate"":0.0001}","{""detection_events"":46325,""detectors_checked"":137697280}"
   1173504,         0,         0,   119.4,decoder_by_matrix,3c866087b289edc25e9adea730044a15db18cabfd3ae2507fc844d5b4e03657a,"{""distance"":5,""physical_error_rate"":5e-06}","{""detection_events"":3135,""detectors_checked"":199495680}"
   1102848,         0,         0,   119.5,decoder_by_matrix,b84cf4b8ca220d31f17e1e2ea9ab927bbc4176b15682c650e7d1dd8f2758172b,"{""distance"":5,""physical_error_rate"":0.0005}","{""detection_events"":313375,""detectors_checked"":187484160}"
   1163264,         0,         0,   119.4,decoder_by_matrix,3c866087b289edc25e9adea730044a15db18cabfd3ae2507fc844d5b4e03657a,"{""distance"":5,""physical_error_rate"":5e-06}","{""detection_events"":3120,""detectors_checked"":197754880}"
    940032,         0,         0,   119.6,decoder_by_matrix,fa5edda0c1038186c8afbec49b0215a0b852396cdb50783a3f937fdf51d2afac,"{""distance"":5,""physical_error_rate"":1e-05}","{""detection_events"":5305,""detectors_checked"":159805440}"
   1020928,         0,         0,   119.4,decoder_by_matrix,0421d486f8a041838688df650e87c0a19c3450ab7a7cc8b3dc589ebff86d1c74,"{""distance"":5,""physical_error_rate"":0.0001}","{""detection_events"":59070,""detectors_checked"":173557760}"
   1204224,         0,         0,   119.5,decoder_by_matrix,3c866087b289edc25e9adea730044a15db18cabfd3ae2507fc844d5b4e03657a,"{""distance"":5,""physical_error_rate"":5e-06}","{""detection_events"":3425,""detectors_checked"":204718080}"
    847872,         1,         0,   119.6,decoder_by_matrix,b84cf4b8ca220d31f17e1e2ea9ab927bbc4176b15682c650e7d1dd8f2758172b,"{""distance"":5,""physical_error_rate"":0.0005}","{""detection_events"":243150,""detectors_checked"":144138240,""obs_mistake_mask=E__E"":1}"
   1217536,         3,         0,   119.5,decoder_by_matrix,066a5d8d46981b593c3dec855f441edbe9e755a8873183448f69d036a2ecc650,"{""distance"":5,""physical_error_rate"":0.001}","{""detection_events"":684560,""detectors_checked"":206981120,""obs_mistake_mask=E___"":1,""obs_mistake_mask=_E_E"":1,""obs_mistake_mask=__E_"":1}"
   1312768,         0,         0,   119.6,decoder_by_matrix,3c866087b289edc25e9adea730044a15db18cabfd3ae2507fc844d5b4e03657a,"{""distance"":5,""physical_error_rate"":5e-06}","{""detection_events"":3855,""detectors_checked"":223170560}"
   1176576,         1,         0,   119.5,decoder_by_matrix,066a5d8d46981b593c3dec855f441edbe9e755a8873183448f69d036a2ecc650,"{""distance"":5,""physical_error_rate"":0.001}","{""detection_events"":664095,""detectors_checked"":200017920,""obs_mistake_mask=E___"":1}"
   1225728,         0,         0,   119.7,decoder_by_matrix,e41ade2e4684e0396b9a3890c882b6453b515d69885aa1d89a26ce21ec554895,"{""distance"":5,""physical_error_rate"":1e-06}","{""detection_events"":695,""detectors_checked"":208373760}"
   1101824,         3,         0,   119.8,decoder_by_matrix,066a5d8d46981b593c3dec855f441edbe9e755a8873183448f69d036a2ecc650,"{""distance"":5,""physical_error_rate"":0.001}","{""detection_events"":626830,""detectors_checked"":187310080,""obs_mistake_mask=EE__"":1,""obs_mistake_mask=E_EE"":1,""obs_mistake_mask=E__E"":1}"
   1141760,         0,         0,   119.5,decoder_by_matrix,fa5edda0c1038186c8afbec49b0215a0b852396cdb50783a3f937fdf51d2afac,"{""distance"":5,""physical_error_rate"":1e-05}","{""detection_events"":6390,""detectors_checked"":194099200}"
   1186816,         0,         0,   119.6,decoder_by_matrix,e41ade2e4684e0396b9a3890c882b6453b515d69885aa1d89a26ce21ec554895,"{""distance"":5,""physical_error_rate"":1e-06}","{""detection_events"":815,""detectors_checked"":201758720}"
   1218560,         0,         0,   119.4,decoder_by_matrix,0421d486f8a041838688df650e87c0a19c3450ab7a7cc8b3dc589ebff86d1c74,"{""distance"":5,""physical_error_rate"":0.0001}","{""detection_events"":69220,""detectors_checked"":207155200}"
    825344,         1,         0,   119.6,decoder_by_matrix,b84cf4b8ca220d31f17e1e2ea9ab927bbc4176b15682c650e7d1dd8f2758172b,"{""distance"":5,""physical_error_rate"":0.0005}","{""detection_events"":241135,""detectors_checked"":140308480,""obs_mistake_mask=E___"":1}"
   1085440,         0,         0,   119.3,decoder_by_matrix,0421d486f8a041838688df650e87c0a19c3450ab7a7cc8b3dc589ebff86d1c74,"{""distance"":5,""physical_error_rate"":0.0001}","{""detection_events"":59390,""detectors_checked"":184524800}"
   1127424,         0,         0,   119.6,decoder_by_matrix,b84cf4b8ca220d31f17e1e2ea9ab927bbc4176b15682c650e7d1dd8f2758172b,"{""distance"":5,""physical_error_rate"":0.0005}","{""detection_events"":322400,""detectors_checked"":191662080}"
   1221632,         0,         0,   119.4,decoder_by_matrix,e41ade2e4684e0396b9a3890c882b6453b515d69885aa1d89a26ce21ec554895,"{""distance"":5,""physical_error_rate"":1e-06}","{""detection_events"":940,""detectors_checked"":207677440}"
   1189888,         0,         0,   119.4,decoder_by_matrix,9c6baee88fc81e7d1aa345fcb3feec7ee81f21c5d49cb6ca037118097d89e180,"{""distance"":5,""physical_error_rate"":5e-05}","{""detection_events"":32750,""detectors_checked"":202280960}"
   1087488,         0,         0,   119.5,decoder_by_matrix,9c6baee88fc81e7d1aa345fcb3feec7ee81f21c5d49cb6ca037118097d89e180,"{""distance"":5,""physical_error_rate"":5e-05}","{""detection_events"":32700,""detectors_checked"":184872960}"
    852992,         0,         0,   119.5,decoder_by_matrix,0421d486f8a041838688df650e87c0a19c3450ab7a7cc8b3dc589ebff86d1c74,"{""distance"":5,""physical_error_rate"":0.0001}","{""detection_events"":48265,""detectors_checked"":145008640}"
   1106944,         0,         0,   119.7,decoder_by_matrix,3c866087b289edc25e9adea730044a15db18cabfd3ae2507fc844d5b4e03657a,"{""distance"":5,""physical_error_rate"":5e-06}","{""detection_events"":3195,""detectors_checked"":188180480}"
    976896,         0,         0,   119.8,decoder_by_matrix,e41ade2e4684e0396b9a3890c882b6453b515d69885aa1d89a26ce21ec554895,"{""distance"":5,""physical_error_rate"":1e-06}","{""detection_events"":595,""detectors_checked"":166072320}"
   1144832,         4,         0,   119.5,decoder_by_matrix,066a5d8d46981b593c3dec855f441edbe9e755a8873183448f69d036a2ecc650,"{""distance"":5,""physical_error_rate"":0.001}","{""detection_events"":642060,""detectors_checked"":194621440,""obs_mistake_mask=E___"":1,""obs_mistake_mask=_E_E"":1,""obs_mistake_mask=_E__"":1,""obs_mistake_mask=___E"":1}"
   1143808,         0,         0,   119.5,decoder_by_matrix,9c6baee88fc81e7d1aa345fcb3feec7ee81f21c5d49cb6ca037118097d89e180,"{""distance"":5,""physical_error_rate"":5e-05}","{""detection_events"":32790,""detectors_checked"":194447360}"
   1313792,         0,         0,   119.5,decoder_by_matrix,fa5edda0c1038186c8afbec49b0215a0b852396cdb50783a3f937fdf51d2afac,"{""distance"":5,""physical_error_rate"":1e-05}","{""detection_events"":7395,""detectors_checked"":223344640}"
   1168384,         0,         0,   119.4,decoder_by_matrix,b84cf4b8ca220d31f17e1e2ea9ab927bbc4176b15682c650e7d1dd8f2758172b,"{""distance"":5,""physical_error_rate"":0.0005}","{""detection_events"":329525,""detectors_checked"":198625280}"
   1251328,         0,         0,   119.6,decoder_by_matrix,fa5edda0c1038186c8afbec49b0215a0b852396cdb50783a3f937fdf51d2afac,"{""distance"":5,""physical_error_rate"":1e-05}","{""detection_events"":8090,""detectors_checked"":212725760}"
   1190912,         0,         0,   119.3,decoder_by_matrix,9c6baee88fc81e7d1aa345fcb3feec7ee81f21c5d49cb6ca037118097d89e180,"{""distance"":5,""physical_error_rate"":5e-05}","{""detection_events"":35010,""detectors_checked"":202455040}"
   1131520,         0,         0,   119.6,decoder_by_matrix,e41ade2e4684e0396b9a3890c882b6453b515d69885aa1d89a26ce21ec554895,"{""distance"":5,""physical_error_rate"":1e-06}","{""detection_events"":855,""detectors_checked"":192358400}"
   1262592,         0,         0,   119.3,decoder_by_matrix,3c866087b289edc25e9adea730044a15db18cabfd3ae2507fc844d5b4e03657a,"{""distance"":5,""physical_error_rate"":5e-06}","{""detection_events"":2955,""detectors_checked"":214640640}"
   1293312,         0,         0,   119.4,decoder_by_matrix,0421d486f8a041838688df650e87c0a19c3450ab7a7cc8b3dc589ebff86d1c74,"{""distance"":5,""physical_error_rate"":0.0001}","{""detection_events"":74005,""detectors_checked"":219863040}"
   1119232,         0,         0,   119.5,decoder_by_matrix,b84cf4b8ca220d31f17e1e2ea9ab927bbc4176b15682c650e7d1dd8f2758172b,"{""distance"":5,""physical_error_rate"":0.0005}","{""detection_events"":316070,""detectors_checked"":190269440}"
   1297408,         0,         0,   119.3,decoder_by_matrix,0421d486f8a041838688df650e87c0a19c3450ab7a7cc8b3dc589ebff86d1c74,"{""distance"":5,""physical_error_rate"":0.0001}","{""detection_events"":74030,""detectors_checked"":220559360}"
   1356800,         0,         0,   119.6,decoder_by_matrix,fa5edda0c1038186c8afbec49b0215a0b852396cdb50783a3f937fdf51d2afac,"{""distance"":5,""physical_error_rate"":1e-05}","{""detection_events"":7535,""detectors_checked"":230656000}"
   1133568,         0,         0,   119.5,decoder_by_matrix,fa5edda0c1038186c8afbec49b0215a0b852396cdb50783a3f937fdf51d2afac,"{""distance"":5,""physical_error_rate"":1e-05}","{""detection_events"":6445,""detectors_checked"":192706560}"
   1343488,         0,         0,   119.4,decoder_by_matrix,3c866087b289edc25e9adea730044a15db18cabfd3ae2507fc844d5b4e03657a,"{""distance"":5,""physical_error_rate"":5e-06}","{""detection_events"":3675,""detectors_checked"":228392960}"
   1081344,         2,         0,   119.6,decoder_by_matrix,066a5d8d46981b593c3dec855f441edbe9e755a8873183448f69d036a2ecc650,"{""distance"":5,""physical_error_rate"":0.001}","{""detection_events"":614025,""detectors_checked"":183828480,""obs_mistake_mask=EE__"":1,""obs_mistake_mask=__EE"":1}"
    903168,         0,         0,   119.5,decoder_by_matrix,9c6baee88fc81e7d1aa345fcb3feec7ee81f21c5d49cb6ca037118097d89e180,"{""distance"":5,""physical_error_rate"":5e-05}","{""detection_events"":25455,""detectors_checked"":153538560}"
    888832,         0,         0,   119.5,decoder_by_matrix,fa5edda0c1038186c8afbec49b0215a0b852396cdb50783a3f937fdf51d2afac,"{""distance"":5,""physical_error_rate"":1e-05}","{""detection_events"":5235,""detectors_checked"":151101440}"
   1078272,         3,         0,   119.5,decoder_by_matrix,066a5d8d46981b593c3dec855f441edbe9e755a8873183448f69d036a2ecc650,"{""distance"":5,""physical_error_rate"":0.001}","{""detection_events"":614090,""detectors_checked"":183306240,""obs_mistake_mask=EEE_"":1,""obs_mistake_mask=E_E_"":1,""obs_mistake_mask=_EEE"":1}"
    907264,         0,         0,   119.7,decoder_by_matrix,e41ade2e4684e0396b9a3890c882b6453b515d69885aa1d89a26ce21ec554895,"{""distance"":5,""physical_error_rate"":1e-06}","{""detection_events"":560,""detectors_checked"":154234880}"
   1003520,         0,         0,   119.3,decoder_by_matrix,9c6baee88fc81e7d1aa345fcb3feec7ee81f21c5d49cb6ca037118097d89e180,"{""distance"":5,""physical_error_rate"":5e-05}","{""detection_events"":28570,""detectors_checked"":170598400}"
   1034240,         0,         0,   119.3,decoder_by_matrix,9c6baee88fc81e7d1aa345fcb3feec7ee81f21c5d49cb6ca037118097d89e180,"{""distance"":5,""physical_error_rate"":5e-05}","{""detection_events"":29680,""detectors_checked"":175820800}"
   1330176,         0,         0,   119.4,decoder_by_matrix,e41ade2e4684e0396b9a3890c882b6453b515d69885aa1d89a26ce21ec554895,"{""distance"":5,""physical_error_rate"":1e-06}","{""detection_events"":670,""detectors_checked"":226129920}"
   1044480,         0,         0,   119.5,decoder_by_matrix,b84cf4b8ca220d31f17e1e2ea9ab927bbc4176b15682c650e7d1dd8f2758172b,"{""distance"":5,""physical_error_rate"":0.0005}","{""detection_events"":296440,""detectors_checked"":177561600}"
   1286144,         0,         0,   119.5,decoder_by_matrix,3c866087b289edc25e9adea730044a15db18cabfd3ae2507fc844d5b4e03657a,"{""distance"":5,""physical_error_rate"":5e-06}","{""detection_events"":4350,""detectors_checked"":218644480}"
   1120256,         0,         0,   119.6,decoder_by_matrix,0421d486f8a041838688df650e87c0a19c3450ab7a7cc8b3dc589ebff86d1c74,"{""distance"":5,""physical_error_rate"":0.0001}","{""detection_events"":64530,""detectors_checked"":190443520}"
   1091584,         0,         0,   119.5,decoder_by_matrix,b84cf4b8ca220d31f17e1e2ea9ab927bbc4176b15682c650e7d1dd8f2758172b,"{""distance"":5,""physical_error_rate"":0.0005}","{""detection_events"":308840,""detectors_checked"":185569280}"
   1334272,         0,         0,   119.7,decoder_by_matrix,3c866087b289edc25e9adea730044a15db18cabfd3ae2507fc844d5b4e03657a,"{""distance"":5,""physical_error_rate"":5e-06}","{""detection_events"":3885,""detectors_checked"":226826240}"
   1075200,         0,         0,   119.5,decoder_by_matrix,fa5edda0c1038186c8afbec49b0215a0b852396cdb50783a3f937fdf51d2afac,"{""distance"":5,""physical_error_rate"":1e-05}","{""detection_events"":6445,""detectors_checked"":182784000}"
   1292288,         0,         0,   119.5,decoder_by_matrix,0421d486f8a041838688df650e87c0a19c3450ab7a7cc8b3dc589ebff86d1c74,"{""distance"":5,""physical_error_rate"":0.0001}","{""detection_events"":71950,""detectors_checked"":219688960}"
   1059840,         0,         0,   119.6,decoder_by_matrix,3c866087b289edc25e9adea730044a15db18cabfd3ae2507fc844d5b4e03657a,"{""distance"":5,""physical_error_rate"":5e-06}","{""detection_events"":3420,""detectors_checked"":180172800}"
   1204224,         1,         0,   119.5,decoder_by_matrix,b84cf4b8ca220d31f17e1e2ea9ab927bbc4176b15682c650e7d1dd8f2758172b,"{""distance"":5,""physical_error_rate"":0.0005}","{""detection_events"":347815,""detectors_checked"":204718080,""obs_mistake_mask=_E_E"":1}"
   1103872,         1,         0,   119.4,decoder_by_matrix,066a5d8d46981b593c3dec855f441edbe9e755a8873183448f69d036a2ecc650,"{""distance"":5,""physical_error_rate"":0.001}","{""detection_events"":627040,""detectors_checked"":187658240,""obs_mistake_mask=__E_"":1}"
   1084416,         0,         0,   119.3,decoder_by_matrix,3c866087b289edc25e9adea730044a15db18cabfd3ae2507fc844d5b4e03657a,"{""distance"":5,""physical_error_rate"":5e-06}","{""detection_events"":3290,""detectors_checked"":184350720}"
   1113088,         1,         0,   119.4,decoder_by_matrix,066a5d8d46981b593c3dec855f441edbe9e755a8873183448f69d036a2ecc650,"{""distance"":5,""physical_error_rate"":0.001}","{""detection_events"":633140,""detectors_checked"":189224960,""obs_mistake_mask=__E_"":1}"
    967680,         0,         0,   119.7,decoder_by_matrix,e41ade2e4684e0396b9a3890c882b6453b515d69885aa1d89a26ce21ec554895,"{""distance"":5,""physical_error_rate"":1e-06}","{""detection_events"":655,""detectors_checked"":164505600}"
    852992,         0,         0,   119.5,decoder_by_matrix,066a5d8d46981b593c3dec855f441edbe9e755a8873183448f69d036a2ecc650,"{""distance"":5,""physical_error_rate"":0.001}","{""detection_events"":481630,""detectors_checked"":145008640}"
   1060864,         0,         0,   119.8,decoder_by_matrix,fa5edda0c1038186c8afbec49b0215a0b852396cdb50783a3f937fdf51d2afac,"{""distance"":5,""physical_error_rate"":1e-05}","{""detection_events"":6300,""detectors_checked"":180346880}"
   1131520,         0,         0,   119.6,decoder_by_matrix,e41ade2e4684e0396b9a3890c882b6453b515d69885aa1d89a26ce21ec554895,"{""distance"":5,""physical_error_rate"":1e-06}","{""detection_events"":710,""detectors_checked"":192358400}"
    865280,         0,         0,   119.6,decoder_by_matrix,0421d486f8a041838688df650e87c0a19c3450ab7a7cc8b3dc589ebff86d1c74,"{""distance"":5,""physical_error_rate"":0.0001}","{""detection_events"":50090,""detectors_checked"":147097600}"
   1277952,         0,         0,   119.4,decoder_by_matrix,b84cf4b8ca220d31f17e1e2ea9ab927bbc4176b15682c650e7d1dd8f2758172b,"{""distance"":5,""physical_error_rate"":0.0005}","{""detection_events"":362010,""detectors_checked"":217251840}"
   1291264,         0,         0,   119.4,decoder_by_matrix,0421d486f8a041838688df650e87c0a19c3450ab7a7cc8b3dc589ebff86d1c74,"{""distance"":5,""physical_error_rate"":0.0001}","{""detection_events"":72405,""detectors_checked"":219514880}"
   1300480,         0,         0,   119.6,decoder_by_matrix,b84cf4b8ca220d31f17e1e2ea9ab927bbc4176b15682c650e7d1dd8f2758172b,"{""distance"":5,""physical_error_rate"":0.0005}","{""detection_events"":372235,""detectors_checked"":221081600}"
   1411072,         0,         0,   119.6,decoder_by_matrix,e41ade2e4684e0396b9a3890c882b6453b515d69885aa1d89a26ce21ec554895,"{""distance"":5,""physical_error_rate"":1e-06}","{""detection_events"":655,""detectors_checked"":239882240}"
    949248,         0,         0,   119.6,decoder_by_matrix,9c6baee88fc81e7d1aa345fcb3feec7ee81f21c5d49cb6ca037118097d89e180,"{""distance"":5,""physical_error_rate"":5e-05}","{""detection_events"":26595,""detectors_checked"":161372160}"
   1241088,         0,         0,   119.5,decoder_by_matrix,9c6baee88fc81e7d1aa345fcb3feec7ee81f21c5d49cb6ca037118097d89e180,"{""distance"":5,""physical_error_rate"":5e-05}","{""detection_events"":36330,""detectors_checked"":210984960}"
   1057792,         0,         0,   119.6,decoder_by_matrix,0421d486f8a041838688df650e87c0a19c3450ab7a7cc8b3dc589ebff86d1c74,"{""distance"":5,""physical_error_rate"":0.0001}","{""detection_events"":61335,""detectors_checked"":179824640}"
    942080,         0,         0,   119.5,decoder_by_matrix,3c866087b289edc25e9adea730044a15db18cabfd3ae2507fc844d5b4e03657a,"{""distance"":5,""physical_error_rate"":5e-06}","{""detection_events"":2555,""detectors_checked"":160153600}"
   1058816,         0,         0,   119.3,decoder_by_matrix,e41ade2e4684e0396b9a3890c882b6453b515d69885aa1d89a26ce21ec554895,"{""distance"":5,""physical_error_rate"":1e-06}","{""detection_events"":495,""detectors_checked"":179998720}"
    926720,         1,         0,   119.6,decoder_by_matrix,066a5d8d46981b593c3dec855f441edbe9e755a8873183448f69d036a2ecc650,"{""distance"":5,""physical_error_rate"":0.001}","{""detection_events"":526055,""detectors_checked"":157542400,""obs_mistake_mask=E_E_"":1}"
   1281024,         0,         0,   119.5,decoder_by_matrix,9c6baee88fc81e7d1aa345fcb3feec7ee81f21c5d49cb6ca037118097d89e180,"{""distance"":5,""physical_error_rate"":5e-05}","{""detection_events"":36370,""detectors_checked"":217774080}"
   1118208,         0,         0,   119.6,decoder_by_matrix,fa5edda0c1038186c8afbec49b0215a0b852396cdb50783a3f937fdf51d2afac,"{""distance"":5,""physical_error_rate"":1e-05}","{""detection_events"":5990,""detectors_checked"":190095360}"
   1072128,         0,         0,   119.4,decoder_by_matrix,b84cf4b8ca220d31f17e1e2ea9ab927bbc4176b15682c650e7d1dd8f2758172b,"{""distance"":5,""physical_error_rate"":0.0005}","{""detection_events"":304115,""detectors_checked"":182261760}"
   1242112,         0,         0,   119.4,decoder_by_matrix,fa5edda0c1038186c8afbec49b0215a0b852396cdb50783a3f937fdf51d2afac,"{""distance"":5,""physical_error_rate"":1e-05}","{""detection_events"":7415,""detectors_checked"":211159040}"
   1100800,         0,         0,   119.7,decoder_by_matrix,9c6baee88fc81e7d1aa345fcb3feec7ee81f21c5d49cb6ca037118097d89e180,"{""distance"":5,""physical_error_rate"":5e-05}","{""detection_events"":30690,""detectors_checked"":187136000}"
   1119232,         0,         0,   119.6,decoder_by_matrix,e41ade2e4684e0396b9a3890c882b6453b515d69885aa1d89a26ce21ec554895,"{""distance"":5,""physical_error_rate"":1e-06}","{""detection_events"":605,""detectors_checked"":190269440}"
   1075200,         0,         0,   119.5,decoder_by_matrix,3c866087b289edc25e9adea730044a15db18cabfd3ae2507fc844d5b4e03657a,"{""distance"":5,""physical_error_rate"":5e-06}","{""detection_events"":2505,""detectors_checked"":182784000}"
   1222656,         0,         0,   119.4,decoder_by_matrix,0421d486f8a041838688df650e87c0a19c3450ab7a7cc8b3dc589ebff86d1c74,"{""distance"":5,""physical_error_rate"":0.0001}","{""detection_events"":69885,""detectors_checked"":207851520}"
    996352,         1,         0,   119.2,decoder_by_matrix,b84cf4b8ca220d31f17e1e2ea9ab927bbc4176b15682c650e7d1dd8f2758172b,"{""distance"":5,""physical_error_rate"":0.0005}","{""detection_events"":282070,""detectors_checked"":169379840,""obs_mistake_mask=_EEE"":1}"
   1171456,         0,         0,   119.5,decoder_by_matrix,0421d486f8a041838688df650e87c0a19c3450ab7a7cc8b3dc589ebff86d1c74,"{""distance"":5,""physical_error_rate"":0.0001}","{""detection_events"":67825,""detectors_checked"":199147520}"
   1199104,         0,         0,   119.5,decoder_by_matrix,fa5edda0c1038186c8afbec49b0215a0b852396cdb50783a3f937fdf51d2afac,"{""distance"":5,""physical_error_rate"":1e-05}","{""detection_events"":7520,""detectors_checked"":203847680}"
   1147904,         0,         0,   119.6,decoder_by_matrix,fa5edda0c1038186c8afbec49b0215a0b852396cdb50783a3f937fdf51d2afac,"{""distance"":5,""physical_error_rate"":1e-05}","{""detection_events"":5870,""detectors_checked"":195143680}"
   1204224,         0,         0,   119.5,decoder_by_matrix,3c866087b289edc25e9adea730044a15db18cabfd3ae2507fc844d5b4e03657a,"{""distance"":5,""physical_error_rate"":5e-06}","{""detection_events"":3395,""detectors_checked"":204718080}"
   1073152,         1,         0,   119.6,decoder_by_matrix,066a5d8d46981b593c3dec855f441edbe9e755a8873183448f69d036a2ecc650,"{""distance"":5,""physical_error_rate"":0.001}","{""detection_events"":611615,""detectors_checked"":182435840,""obs_mistake_mask=E_E_"":1}"
   1135616,         0,         0,   119.4,decoder_by_matrix,fa5edda0c1038186c8afbec49b0215a0b852396cdb50783a3f937fdf51d2afac,"{""distance"":5,""physical_error_rate"":1e-05}","{""detection_events"":6700,""detectors_checked"":193054720}"
    957440,         0,         0,   119.4,decoder_by_matrix,9c6baee88fc81e7d1aa345fcb3feec7ee81f21c5d49cb6ca037118097d89e180,"{""distance"":5,""physical_error_rate"":5e-05}","{""detection_events"":25915,""detectors_checked"":162764800}"
   1105920,         2,         0,   119.4,decoder_by_matrix,066a5d8d46981b593c3dec855f441edbe9e755a8873183448f69d036a2ecc650,"{""distance"":5,""physical_error_rate"":0.001}","{""detection_events"":629840,""detectors_checked"":188006400,""obs_mistake_mask=EE__"":1,""obs_mistake_mask=E___"":1}"
   1147904,         0,         0,   119.5,decoder_by_matrix,e41ade2e4684e0396b9a3890c882b6453b515d69885aa1d89a26ce21ec554895,"{""distance"":5,""physical_error_rate"":1e-06}","{""detection_events"":530,""detectors_checked"":195143680}"
   1086464,         0,         0,   119.4,decoder_by_matrix,9c6baee88fc81e7d1aa345fcb3feec7ee81f21c5d49cb6ca037118097d89e180,"{""distance"":5,""physical_error_rate"":5e-05}","{""detection_events"":29985,""detectors_checked"":184698880}"
   1097728,         0,         0,   119.5,decoder_by_matrix,9c6baee88fc81e7d1aa345fcb3feec7ee81f21c5d49cb6ca037118097d89e180,"{""distance"":5,""physical_error_rate"":5e-05}","{""detection_events"":33405,""detectors_checked"":186613760}"
   1331200,         0,         0,   119.4,decoder_by_matrix,e41ade2e4684e0396b9a3890c882b6453b515d69885aa1d89a26ce21ec554895,"{""distance"":5,""physical_error_rate"":1e-06}","{""detection_events"":735,""detectors_checked"":226304000}"
   1131520,         0,         0,   119.5,decoder_by_matrix,b84cf4b8ca220d31f17e1e2ea9ab927bbc4176b15682c650e7d1dd8f2758172b,"{""distance"":5,""physical_error_rate"":0.0005}","{""detection_events"":320985,""detectors_checked"":192358400}"
   1173504,         0,         0,   119.5,decoder_by_matrix,3c866087b289edc25e9adea730044a15db18cabfd3ae2507fc844d5b4e03657a,"{""distance"":5,""physical_error_rate"":5e-06}","{""detection_events"":3165,""detectors_checked"":199495680}"
   1021952,         0,         0,   119.5,decoder_by_matrix,0421d486f8a041838688df650e87c0a19c3450ab7a7cc8b3dc589ebff86d1c74,"{""distance"":5,""physical_error_rate"":0.0001}","{""detection_events"":57915,""detectors_checked"":173731840}"
   1153024,         1,         0,   119.5,decoder_by_matrix,b84cf4b8ca220d31f17e1e2ea9ab927bbc4176b15682c650e7d1dd8f2758172b,"{""distance"":5,""physical_error_rate"":0.0005}","{""detection_events"":331110,""detectors_checked"":196014080,""obs_mistake_mask=__E_"":1}"
   1211392,         0,         0,   119.6,decoder_by_matrix,3c866087b289edc25e9adea730044a15db18cabfd3ae2507fc844d5b4e03657a,"{""distance"":5,""physical_error_rate"":5e-06}","{""detection_events"":3710,""detectors_checked"":205936640}"
   1143808,         0,         0,   119.5,decoder_by_matrix,0421d486f8a041838688df650e87c0a19c3450ab7a7cc8b3dc589ebff86d1c74,"{""distance"":5,""physical_error_rate"":0.0001}","{""detection_events"":62805,""detectors_checked"":194447360}"
   1015808,         0,         0,   119.6,decoder_by_matrix,fa5edda0c1038186c8afbec49b0215a0b852396cdb50783a3f937fdf51d2afac,"{""distance"":5,""physical_error_rate"":1e-05}","{""detection_events"":5140,""detectors_checked"":172687360}"
   1077248,         0,         0,   119.5,decoder_by_matrix,3c866087b289edc25e9adea730044a15db18cabfd3ae2507fc844d5b4e03657a,"{""distance"":5,""physical_error_rate"":5e-06}","{""detection_events"":2590,""detectors_checked"":183132160}"
   1154048,         0,         0,   119.6,decoder_by_matrix,b84cf4b8ca220d31f17e1e2ea9ab927bbc4176b15682c650e7d1dd8f2758172b,"{""distance"":5,""physical_error_rate"":0.0005}","{""detection_events"":326990,""detectors_checked"":196188160}"
   1103872,         2,         0,   119.6,decoder_by_matrix,066a5d8d46981b593c3dec855f441edbe9e755a8873183448f69d036a2ecc650,"{""distance"":5,""physical_error_rate"":0.001}","{""detection_events"":626515,""detectors_checked"":187658240,""obs_mistake_mask=E___"":1,""obs_mistake_mask=__E_"":1}"
    983040,         0,         0,   119.6,decoder_by_matrix,3c866087b289edc25e9adea730044a15db18cabfd3ae2507fc844d5b4e03657a,"{""distance"":5,""physical_error_rate"":5e-06}","{""detection_events"":2835,""detectors_checked"":167116800}"
   1034240,         3,         0,   119.4,decoder_by_matrix,066a5d8d46981b593c3dec855f441edbe9e755a8873183448f69d036a2ecc650,"{""distance"":5,""physical_error_rate"":0.001}","{""detection_events"":591410,""detectors_checked"":175820800,""obs_mistake_mask=E_E_"":1,""obs_mistake_mask=E__E"":1,""obs_mistake_mask=___E"":1}"
   1141760,         0,         0,   119.6,decoder_by_matrix,e41ade2e4684e0396b9a3890c882b6453b515d69885aa1d89a26ce21ec554895,"{""distance"":5,""physical_error_rate"":1e-06}","{""detection_events"":535,""detectors_checked"":194099200}"
   1073152,         1,         0,   119.5,decoder_by_matrix,066a5d8d46981b593c3dec855f441edbe9e755a8873183448f69d036a2ecc650,"{""distance"":5,""physical_error_rate"":0.001}","{""detection_events"":613770,""detectors_checked"":182435840,""obs_mistake_mask=_EE_"":1}"
   1190912,         0,         0,   119.7,decoder_by_matrix,fa5edda0c1038186c8afbec49b0215a0b852396cdb50783a3f937fdf51d2afac,"{""distance"":5,""physical_error_rate"":1e-05}","{""detection_events"":6195,""detectors_checked"":202455040}"
   1156096,         0,         0,   119.5,decoder_by_matrix,e41ade2e4684e0396b9a3890c882b6453b515d69885aa1d89a26ce21ec554895,"{""distance"":5,""physical_error_rate"":1e-06}","{""detection_events"":580,""detectors_checked"":196536320}"
   1102848,         0,         0,   119.5,decoder_by_matrix,b84cf4b8ca220d31f17e1e2ea9ab927bbc4176b15682c650e7d1dd8f2758172b,"{""distance"":5,""physical_error_rate"":0.0005}","{""detection_events"":309450,""detectors_checked"":187484160}"
   1124352,         0,         0,   119.5,decoder_by_matrix,0421d486f8a041838688df650e87c0a19c3450ab7a7cc8b3dc589ebff86d1c74,"{""distance"":5,""physical_error_rate"":0.0001}","{""detection_events"":62080,""detectors_checked"":191139840}"
   1136640,         0,         0,   119.5,decoder_by_matrix,0421d486f8a041838688df650e87c0a19c3450ab7a7cc8b3dc589ebff86d1c74,"{""distance"":5,""physical_error_rate"":0.0001}","{""detection_events"":65560,""detectors_checked"":193228800}"
   1089536,         0,         0,   119.6,decoder_by_matrix,b84cf4b8ca220d31f17e1e2ea9ab927bbc4176b15682c650e7d1dd8f2758172b,"{""distance"":5,""physical_error_rate"":0.0005}","{""detection_events"":308550,""detectors_checked"":185221120}"
   1205248,         0,         0,   119.5,decoder_by_matrix,e41ade2e4684e0396b9a3890c882b6453b515d69885aa1d89a26ce21ec554895,"{""distance"":5,""physical_error_rate"":1e-06}","{""detection_events"":615,""detectors_checked"":204892160}"
   1159168,         0,         0,   119.7,decoder_by_matrix,9c6baee88fc81e7d1aa345fcb3feec7ee81f21c5d49cb6ca037118097d89e180,"{""distance"":5,""physical_error_rate"":5e-05}","{""detection_events"":33095,""detectors_checked"":197058560}"
   1102848,         0,         0,   119.6,decoder_by_matrix,9c6baee88fc81e7d1aa345fcb3feec7ee81f21c5d49cb6ca037118097d89e180,"{""distance"":5,""physical_error_rate"":5e-05}","{""detection_events"":32090,""detectors_checked"":187484160}"
   1126400,         0,         0,   119.7,decoder_by_matrix,0421d486f8a041838688df650e87c0a19c3450ab7a7cc8b3dc589ebff86d1c74,"{""distance"":5,""physical_error_rate"":0.0001}","{""detection_events"":66135,""detectors_checked"":191488000}"
   1102848,         0,         0,   119.7,decoder_by_matrix,3c866087b289edc25e9adea730044a15db18cabfd3ae2507fc844d5b4e03657a,"{""distance"":5,""physical_error_rate"":5e-06}","{""detection_events"":2770,""detectors_checked"":187484160}"
   1094656,         0,         0,   119.6,decoder_by_matrix,e41ade2e4684e0396b9a3890c882b6453b515d69885aa1d89a26ce21ec554895,"{""distance"":5,""physical_error_rate"":1e-06}","{""detection_events"":860,""detectors_checked"":186091520}"
   1097728,         2,         0,   119.6,decoder_by_matrix,066a5d8d46981b593c3dec855f441edbe9e755a8873183448f69d036a2ecc650,"{""distance"":5,""physical_error_rate"":0.001}","{""detection_events"":615700,""detectors_checked"":186613760,""obs_mistake_mask=_EE_"":1,""obs_mistake_mask=__E_"":1}"
   1114112,         0,         0,   119.5,decoder_by_matrix,9c6baee88fc81e7d1aa345fcb3feec7ee81f21c5d49cb6ca037118097d89e180,"{""distance"":5,""physical_error_rate"":5e-05}","{""detection_events"":30085,""detectors_checked"":189399040}"
   1245184,         0,         0,   119.4,decoder_by_matrix,fa5edda0c1038186c8afbec49b0215a0b852396cdb50783a3f937fdf51d2afac,"{""distance"":5,""physical_error_rate"":1e-05}","{""detection_events"":7395,""detectors_checked"":211681280}"
   1145856,         0,         0,   119.5,decoder_by_matrix,b84cf4b8ca220d31f17e1e2ea9ab927bbc4176b15682c650e7d1dd8f2758172b,"{""distance"":5,""physical_error_rate"":0.0005}","{""detection_events"":324060,""detectors_checked"":194795520}"
   1294336,         0,         0,   119.5,decoder_by_matrix,fa5edda0c1038186c8afbec49b0215a0b852396cdb50783a3f937fdf51d2afac,"{""distance"":5,""physical_error_rate"":1e-05}","{""detection_events"":7160,""detectors_checked"":220037120}"
   1204224,         0,         0,   119.6,decoder_by_matrix,9c6baee88fc81e7d1aa345fcb3feec7ee81f21c5d49cb6ca037118097d89e180,"{""distance"":5,""physical_error_rate"":5e-05}","{""detection_events"":33930,""detectors_checked"":204718080}"
   1115136,         0,         0,   119.7,decoder_by_matrix,e41ade2e4684e0396b9a3890c882b6453b515d69885aa1d89a26ce21ec554895,"{""distance"":5,""physical_error_rate"":1e-06}","{""detection_events"":595,""detectors_checked"":189573120}"
   1007616,         0,         0,   119.7,decoder_by_matrix,3c866087b289edc25e9adea730044a15db18cabfd3ae2507fc844d5b4e03657a,"{""distance"":5,""physical_error_rate"":5e-06}","{""detection_events"":3150,""detectors_checked"":171294720}"
   1020928,         0,         0,   119.6,decoder_by_matrix,0421d486f8a041838688df650e87c0a19c3450ab7a7cc8b3dc589ebff86d1c74,"{""distance"":5,""physical_error_rate"":0.0001}","{""detection_events"":57200,""detectors_checked"":173557760}"
   1073152,         0,         0,   119.5,decoder_by_matrix,b84cf4b8ca220d31f17e1e2ea9ab927bbc4176b15682c650e7d1dd8f2758172b,"{""distance"":5,""physical_error_rate"":0.0005}","{""detection_events"":300685,""detectors_checked"":182435840}"
   1063936,         0,         0,   119.4,decoder_by_matrix,0421d486f8a041838688df650e87c0a19c3450ab7a7cc8b3dc589ebff86d1c74,"{""distance"":5,""physical_error_rate"":0.0001}","{""detection_events"":59770,""detectors_checked"":180869120}"
   1110016,         0,         0,   119.6,decoder_by_matrix,fa5edda0c1038186c8afbec49b0215a0b852396cdb50783a3f937fdf51d2afac,"{""distance"":5,""physical_error_rate"":1e-05}","{""detection_events"":6700,""detectors_checked"":188702720}"
   1297408,         0,         0,   119.5,decoder_by_matrix,fa5edda0c1038186c8afbec49b0215a0b852396cdb50783a3f937fdf51d2afac,"{""distance"":5,""physical_error_rate"":1e-05}","{""detection_events"":7660,""detectors_checked"":220559360}"
   1059840,         0,         0,   119.4,decoder_by_matrix,3c866087b289edc25e9adea730044a15db18cabfd3ae2507fc844d5b4e03657a,"{""distance"":5,""physical_error_rate"":5e-06}","{""detection_events"":3025,""detectors_checked"":180172800}"
   1253376,         2,         0,   119.4,decoder_by_matrix,066a5d8d46981b593c3dec855f441edbe9e755a8873183448f69d036a2ecc650,"{""distance"":5,""physical_error_rate"":0.001}","{""detection_events"":709265,""detectors_checked"":213073920,""obs_mistake_mask=_E_E"":1,""obs_mistake_mask=__EE"":1}"
   1089536,         0,         0,   119.3,decoder_by_matrix,fa5edda0c1038186c8afbec49b0215a0b852396cdb50783a3f937fdf51d2afac,"{""distance"":5,""physical_error_rate"":1e-05}","{""detection_events"":5855,""detectors_checked"":185221120}"
    989184,         0,         0,   119.5,decoder_by_matrix,9c6baee88fc81e7d1aa345fcb3feec7ee81f21c5d49cb6ca037118097d89e180,"{""distance"":5,""physical_error_rate"":5e-05}","{""detection_events"":28600,""detectors_checked"":168161280}"
   1198080,         3,         0,   119.5,decoder_by_matrix,066a5d8d46981b593c3dec855f441edbe9e755a8873183448f69d036a2ecc650,"{""distance"":5,""physical_error_rate"":0.001}","{""detection_events"":680085,""detectors_checked"":203673600,""obs_mistake_mask=E___"":3}"
   1184768,         0,         0,   119.6,decoder_by_matrix,e41ade2e4684e0396b9a3890c882b6453b515d69885aa1d89a26ce21ec554895,"{""distance"":5,""physical_error_rate"":1e-06}","{""detection_events"":645,""detectors_checked"":201410560}"
   1216512,         0,         0,   119.5,decoder_by_matrix,9c6baee88fc81e7d1aa345fcb3feec7ee81f21c5d49cb6ca037118097d89e180,"{""distance"":5,""physical_error_rate"":5e-05}","{""detection_events"":35550,""detectors_checked"":206807040}"
   1056768,         0,         0,   119.5,decoder_by_matrix,9c6baee88fc81e7d1aa345fcb3feec7ee81f21c5d49cb6ca037118097d89e180,"{""distance"":5,""physical_error_rate"":5e-05}","{""detection_events"":29070,""detectors_checked"":179650560}"
   1217536,         0,         0,   119.6,decoder_by_matrix,e41ade2e4684e0396b9a3890c882b6453b515d69885aa1d89a26ce21ec554895,"{""distance"":5,""physical_error_rate"":1e-06}","{""detection_events"":695,""detectors_checked"":206981120}"
   1002496,         0,         0,   119.5,decoder_by_matrix,b84cf4b8ca220d31f17e1e2ea9ab927bbc4176b15682c650e7d1dd8f2758172b,"{""distance"":5,""physical_error_rate"":0.0005}","{""detection_events"":283925,""detectors_checked"":170424320}"
   1039360,         0,         0,   119.5,decoder_by_matrix,3c866087b289edc25e9adea730044a15db18cabfd3ae2507fc844d5b4e03657a,"{""distance"":5,""physical_error_rate"":5e-06}","{""detection_events"":3160,""detectors_checked"":176691200}"
   1191936,         0,         0,   119.5,decoder_by_matrix,0421d486f8a041838688df650e87c0a19c3450ab7a7cc8b3dc589ebff86d1c74,"{""distance"":5,""physical_error_rate"":0.0001}","{""detection_events"":69550,""detectors_checked"":202629120}"
   1025024,         1,         0,   119.6,decoder_by_matrix,b84cf4b8ca220d31f17e1e2ea9ab927bbc4176b15682c650e7d1dd8f2758172b,"{""distance"":5,""physical_error_rate"":0.0005}","{""detection_events"":291235,""detectors_checked"":174254080,""obs_mistake_mask=E___"":1}"
   1114112,         0,         0,   119.6,decoder_by_matrix,3c866087b289edc25e9adea730044a15db18cabfd3ae2507fc844d5b4e03657a,"{""distance"":5,""physical_error_rate"":5e-06}","{""detection_events"":3050,""detectors_checked"":189399040}"
   1081344,         0,         0,   119.7,decoder_by_matrix,0421d486f8a041838688df650e87c0a19c3450ab7a7cc8b3dc589ebff86d1c74,"{""distance"":5,""physical_error_rate"":0.0001}","{""detection_events"":61370,""detectors_checked"":183828480}"
   1091584,         0,         0,   119.7,decoder_by_matrix,fa5edda0c1038186c8afbec49b0215a0b852396cdb50783a3f937fdf51d2afac,"{""distance"":5,""physical_error_rate"":1e-05}","{""detection_events"":6140,""detectors_checked"":185569280}"
   1038336,         0,         0,   119.4,decoder_by_matrix,3c866087b289edc25e9adea730044a15db18cabfd3ae2507fc844d5b4e03657a,"{""distance"":5,""physical_error_rate"":5e-06}","{""detection_events"":3305,""detectors_checked"":176517120}"
   1077248,         0,         0,   119.4,decoder_by_matrix,b84cf4b8ca220d31f17e1e2ea9ab927bbc4176b15682c650e7d1dd8f2758172b,"{""distance"":5,""physical_error_rate"":0.0005}","{""detection_events"":307395,""detectors_checked"":183132160}"
   1260544,         2,         0,   119.6,decoder_by_matrix,066a5d8d46981b593c3dec855f441edbe9e755a8873183448f69d036a2ecc650,"{""distance"":5,""physical_error_rate"":0.001}","{""detection_events"":715200,""detectors_checked"":214292480,""obs_mistake_mask=E__E"":1,""obs_mistake_mask=E___"":1}"
   1133568,         0,         0,   119.5,decoder_by_matrix,3c866087b289edc25e9adea730044a15db18cabfd3ae2507fc844d5b4e03657a,"{""distance"":5,""physical_error_rate"":5e-06}","{""detection_events"":3300,""detectors_checked"":192706560}"
    934912,         2,         0,   119.6,decoder_by_matrix,066a5d8d46981b593c3dec855f441edbe9e755a8873183448f69d036a2ecc650,"{""distance"":5,""physical_error_rate"":0.001}","{""detection_events"":529245,""detectors_checked"":158935040,""obs_mistake_mask=EE_E"":1,""obs_mistake_mask=E__E"":1}"
   1263616,         0,         0,   119.5,decoder_by_matrix,e41ade2e4684e0396b9a3890c882b6453b515d69885aa1d89a26ce21ec554895,"{""distance"":5,""physical_error_rate"":1e-06}","{""detection_events"":665,""detectors_checked"":214814720}"
   1047552,         0,         0,   119.5,decoder_by_matrix,066a5d8d46981b593c3dec855f441edbe9e755a8873183448f69d036a2ecc650,"{""distance"":5,""physical_error_rate"":0.001}","{""detection_events"":592075,""detectors_checked"":178083840}"
   1227776,         0,         0,   119.5,decoder_by_matrix,fa5edda0c1038186c8afbec49b0215a0b852396cdb50783a3f937fdf51d2afac,"{""distance"":5,""physical_error_rate"":1e-05}","{""detection_events"":6825,""detectors_checked"":208721920}"
   1287168,         0,         0,   119.5,decoder_by_matrix,e41ade2e4684e0396b9a3890c882b6453b515d69885aa1d89a26ce21ec554895,"{""distance"":5,""physical_error_rate"":1e-06}","{""detection_events"":735,""detectors_checked"":218818560}"
   1126400,         0,         0,   119.1,decoder_by_matrix,0421d486f8a041838688df650e87c0a19c3450ab7a7cc8b3dc589ebff86d1c74,"{""distance"":5,""physical_error_rate"":0.0001}","{""detection_events"":64510,""detectors_checked"":191488000}"
   1049600,         0,         0,   119.5,decoder_by_matrix,b84cf4b8ca220d31f17e1e2ea9ab927bbc4176b15682c650e7d1dd8f2758172b,"{""distance"":5,""physical_error_rate"":0.0005}","{""detection_events"":297770,""detectors_checked"":178432000}"
   1049600,         0,         0,   119.6,decoder_by_matrix,0421d486f8a041838688df650e87c0a19c3450ab7a7cc8b3dc589ebff86d1c74,"{""distance"":5,""physical_error_rate"":0.0001}","{""detection_events"":57925,""detectors_checked"":178432000}"
   1074176,         1,         0,   119.6,decoder_by_matrix,b84cf4b8ca220d31f17e1e2ea9ab927bbc4176b15682c650e7d1dd8f2758172b,"{""distance"":5,""physical_error_rate"":0.0005}","{""detection_events"":302980,""detectors_checked"":182609920,""obs_mistake_mask=E__E"":1}"
   1128448,         0,         0,   119.4,decoder_by_matrix,e41ade2e4684e0396b9a3890c882b6453b515d69885aa1d89a26ce21ec554895,"{""distance"":5,""physical_error_rate"":1e-06}","{""detection_events"":465,""detectors_checked"":191836160}"
   1211392,         0,         0,   119.5,decoder_by_matrix,9c6baee88fc81e7d1aa345fcb3feec7ee81f21c5d49cb6ca037118097d89e180,"{""distance"":5,""physical_error_rate"":5e-05}","{""detection_events"":34475,""detectors_checked"":205936640}"
    898048,         0,         0,   119.5,decoder_by_matrix,9c6baee88fc81e7d1aa345fcb3feec7ee81f21c5d49cb6ca037118097d89e180,"{""distance"":5,""physical_error_rate"":5e-05}","{""detection_events"":24565,""detectors_checked"":152668160}"
   1232896,         0,         0,   119.6,decoder_by_matrix,0421d486f8a041838688df650e87c0a19c3450ab7a7cc8b3dc589ebff86d1c74,"{""distance"":5,""physical_error_rate"":0.0001}","{""detection_events"":69140,""detectors_checked"":209592320}"
   1112064,         0,         0,   119.5,decoder_by_matrix,3c866087b289edc25e9adea730044a15db18cabfd3ae2507fc844d5b4e03657a,"{""distance"":5,""physical_error_rate"":5e-06}","{""detection_events"":3365,""detectors_checked"":189050880}"
   1058816,         0,         0,   119.6,decoder_by_matrix,e41ade2e4684e0396b9a3890c882b6453b515d69885aa1d89a26ce21ec554895,"{""distance"":5,""physical_error_rate"":1e-06}","{""detection_events"":580,""detectors_checked"":179998720}"
   1231872,         5,         0,   119.4,decoder_by_matrix,066a5d8d46981b593c3dec855f441edbe9e755a8873183448f69d036a2ecc650,"{""distance"":5,""physical_error_rate"":0.001}","{""detection_events"":695245,""detectors_checked"":209418240,""obs_mistake_mask=E__E"":2,""obs_mistake_mask=_E__"":2,""obs_mistake_mask=___E"":1}"
   1212416,         0,         0,   119.7,decoder_by_matrix,9c6baee88fc81e7d1aa345fcb3feec7ee81f21c5d49cb6ca037118097d89e180,"{""distance"":5,""physical_error_rate"":5e-05}","{""detection_events"":34125,""detectors_checked"":206110720}"
   1263616,         0,         0,   119.6,decoder_by_matrix,fa5edda0c1038186c8afbec49b0215a0b852396cdb50783a3f937fdf51d2afac,"{""distance"":5,""physical_error_rate"":1e-05}","{""detection_events"":6815,""detectors_checked"":214814720}"
   1250304,         1,         0,   119.4,decoder_by_matrix,b84cf4b8ca220d31f17e1e2ea9ab927bbc4176b15682c650e7d1dd8f2758172b,"{""distance"":5,""physical_error_rate"":0.0005}","{""detection_events"":359640,""detectors_checked"":212551680,""obs_mistake_mask=_E__"":1}"
   1358848,         0,         0,   119.3,decoder_by_matrix,fa5edda0c1038186c8afbec49b0215a0b852396cdb50783a3f937fdf51d2afac,"{""distance"":5,""physical_error_rate"":1e-05}","{""detection_events"":8180,""detectors_checked"":231004160}"
   1269760,         0,         0,   119.6,decoder_by_matrix,9c6baee88fc81e7d1aa345fcb3feec7ee81f21c5d49cb6ca037118097d89e180,"{""distance"":5,""physical_error_rate"":5e-05}","{""detection_events"":39180,""detectors_checked"":215859200}"
   1133568,         0,         0,   119.5,decoder_by_matrix,e41ade2e4684e0396b9a3890c882b6453b515d69885aa1d89a26ce21ec554895,"{""distance"":5,""physical_error_rate"":1e-06}","{""detection_events"":630,""detectors_checked"":192706560}"
    840704,         0,         0,   119.6,decoder_by_matrix,3c866087b289edc25e9adea730044a15db18cabfd3ae2507fc844d5b4e03657a,"{""distance"":5,""physical_error_rate"":5e-06}","{""detection_events"":2525,""detectors_checked"":142919680}"
   1177600,         0,         0,   119.4,decoder_by_matrix,0421d486f8a041838688df650e87c0a19c3450ab7a7cc8b3dc589ebff86d1c74,"{""distance"":5,""physical_error_rate"":0.0001}","{""detection_events"":65125,""detectors_checked"":200192000}"
    885760,         0,         0,   119.7,decoder_by_matrix,b84cf4b8ca220d31f17e1e2ea9ab927bbc4176b15682c650e7d1dd8f2758172b,"{""distance"":5,""physical_error_rate"":0.0005}","{""detection_events"":248120,""detectors_checked"":150579200}"
   1118208,         0,         0,   119.7,decoder_by_matrix,0421d486f8a041838688df650e87c0a19c3450ab7a7cc8b3dc589ebff86d1c74,"{""distance"":5,""physical_error_rate"":0.0001}","{""detection_events"":66100,""detectors_checked"":190095360}"
   1098752,         0,         0,   119.2,decoder_by_matrix,fa5edda0c1038186c8afbec49b0215a0b852396cdb50783a3f937fdf51d2afac,"{""distance"":5,""physical_error_rate"":1e-05}","{""detection_events"":5910,""detectors_checked"":186787840}"
   1245184,         0,         0,   119.3,decoder_by_matrix,fa5edda0c1038186c8afbec49b0215a0b852396cdb50783a3f937fdf51d2afac,"{""distance"":5,""physical_error_rate"":1e-05}","{""detection_events"":7000,""detectors_checked"":211681280}"
   1293312,         0,         0,   119.4,decoder_by_matrix,3c866087b289edc25e9adea730044a15db18cabfd3ae2507fc844d5b4e03657a,"{""distance"":5,""physical_error_rate"":5e-06}","{""detection_events"":2975,""detectors_checked"":219863040}"
    758784,         0,         0,   119.4,decoder_by_matrix,fa5edda0c1038186c8afbec49b0215a0b852396cdb50783a3f937fdf51d2afac,"{""distance"":5,""physical_error_rate"":1e-05}","{""detection_events"":4380,""detectors_checked"":128993280}"
   1161216,         1,         0,   119.4,decoder_by_matrix,066a5d8d46981b593c3dec855f441edbe9e755a8873183448f69d036a2ecc650,"{""distance"":5,""physical_error_rate"":0.001}","{""detection_events"":660560,""detectors_checked"":197406720,""obs_mistake_mask=___E"":1}"
   1068032,         0,         0,   119.4,decoder_by_matrix,9c6baee88fc81e7d1aa345fcb3feec7ee81f21c5d49cb6ca037118097d89e180,"{""distance"":5,""physical_error_rate"":5e-05}","{""detection_events"":29050,""detectors_checked"":181565440}"
   1292288,         5,         0,   119.4,decoder_by_matrix,066a5d8d46981b593c3dec855f441edbe9e755a8873183448f69d036a2ecc650,"{""distance"":5,""physical_error_rate"":0.001}","{""detection_events"":735615,""detectors_checked"":219688960,""obs_mistake_mask=EE__"":1,""obs_mistake_mask=_EEE"":1,""obs_mistake_mask=__E_"":1,""obs_mistake_mask=___E"":2}"
   1309696,         0,         0,   119.6,decoder_by_matrix,e41ade2e4684e0396b9a3890c882b6453b515d69885aa1d89a26ce21ec554895,"{""distance"":5,""physical_error_rate"":1e-06}","{""detection_events"":710,""detectors_checked"":222648320}"
   1201152,         0,         0,   119.5,decoder_by_matrix,9c6baee88fc81e7d1aa345fcb3feec7ee81f21c5d49cb6ca037118097d89e180,"{""distance"":5,""physical_error_rate"":5e-05}","{""detection_events"":34660,""detectors_checked"":204195840}"
   1221632,         0,         0,   119.5,decoder_by_matrix,9c6baee88fc81e7d1aa345fcb3feec7ee81f21c5d49cb6ca037118097d89e180,"{""distance"":5,""physical_error_rate"":5e-05}","{""detection_events"":35180,""detectors_checked"":207677440}"
   1271808,         0,         0,   119.5,decoder_by_matrix,e41ade2e4684e0396b9a3890c882b6453b515d69885aa1d89a26ce21ec554895,"{""distance"":5,""physical_error_rate"":1e-06}","{""detection_events"":605,""detectors_checked"":216207360}"
   1138688,         0,         0,   119.5,decoder_by_matrix,b84cf4b8ca220d31f17e1e2ea9ab927bbc4176b15682c650e7d1dd8f2758172b,"{""distance"":5,""physical_error_rate"":0.0005}","{""detection_events"":323000,""detectors_checked"":193576960}"
   1254400,         0,         0,   119.5,decoder_by_matrix,3c866087b289edc25e9adea730044a15db18cabfd3ae2507fc844d5b4e03657a,"{""distance"":5,""physical_error_rate"":5e-06}","{""detection_events"":3705,""detectors_checked"":213248000}"
   1232896,         0,         0,   119.6,decoder_by_matrix,0421d486f8a041838688df650e87c0a19c3450ab7a7cc8b3dc589ebff86d1c74,"{""distance"":5,""physical_error_rate"":0.0001}","{""detection_events"":69560,""detectors_checked"":209592320}"
   1189888,         0,         0,   119.4,decoder_by_matrix,b84cf4b8ca220d31f17e1e2ea9ab927bbc4176b15682c650e7d1dd8f2758172b,"{""distance"":5,""physical_error_rate"":0.0005}","{""detection_events"":339245,""detectors_checked"":202280960}"
   1067008,         0,         0,   119.6,decoder_by_matrix,3c866087b289edc25e9adea730044a15db18cabfd3ae2507fc844d5b4e03657a,"{""distance"":5,""physical_error_rate"":5e-06}","{""detection_events"":3115,""detectors_checked"":181391360}"
    785408,         0,         0,   119.4,decoder_by_matrix,0421d486f8a041838688df650e87c0a19c3450ab7a7cc8b3dc589ebff86d1c74,"{""distance"":5,""physical_error_rate"":0.0001}","{""detection_events"":45645,""detectors_checked"":133519360}"
   1238016,         0,         0,   119.6,decoder_by_matrix,fa5edda0c1038186c8afbec49b0215a0b852396cdb50783a3f937fdf51d2afac,"{""distance"":5,""physical_error_rate"":1e-05}","{""detection_events"":6955,""detectors_checked"":210462720}"
   1146880,         0,         0,   119.5,decoder_by_matrix,3c866087b289edc25e9adea730044a15db18cabfd3ae2507fc844d5b4e03657a,"{""distance"":5,""physical_error_rate"":5e-06}","{""detection_events"":3080,""detectors_checked"":194969600}"
   1190912,         0,         0,   119.6,decoder_by_matrix,b84cf4b8ca220d31f17e1e2ea9ab927bbc4176b15682c650e7d1dd8f2758172b,"{""distance"":5,""physical_error_rate"":0.0005}","{""detection_events"":343620,""detectors_checked"":202455040}"
   1199104,         2,         0,   119.4,decoder_by_matrix,066a5d8d46981b593c3dec855f441edbe9e755a8873183448f69d036a2ecc650,"{""distance"":5,""physical_error_rate"":0.001}","{""detection_events"":675495,""detectors_checked"":203847680,""obs_mistake_mask=_E_E"":1,""obs_mistake_mask=_E__"":1}"
   1159168,         0,         0,   119.3,decoder_by_matrix,3c866087b289edc25e9adea730044a15db18cabfd3ae2507fc844d5b4e03657a,"{""distance"":5,""physical_error_rate"":5e-06}","{""detection_events"":3300,""detectors_checked"":197058560}"
   1081344,         3,         0,   119.5,decoder_by_matrix,066a5d8d46981b593c3dec855f441edbe9e755a8873183448f69d036a2ecc650,"{""distance"":5,""physical_error_rate"":0.001}","{""detection_events"":612610,""detectors_checked"":183828480,""obs_mistake_mask=E__E"":1,""obs_mistake_mask=_EE_"":1,""obs_mistake_mask=_E_E"":1}"
   1157120,         0,         0,   119.6,decoder_by_matrix,e41ade2e4684e0396b9a3890c882b6453b515d69885aa1d89a26ce21ec554895,"{""distance"":5,""physical_error_rate"":1e-06}","{""detection_events"":805,""detectors_checked"":196710400}"
   1056768,         0,         0,   119.7,decoder_by_matrix,fa5edda0c1038186c8afbec49b0215a0b852396cdb50783a3f937fdf51d2afac,"{""distance"":5,""physical_error_rate"":1e-05}","{""detection_events"":5705,""detectors_checked"":179650560}"
   1115136,         1,         0,   119.5,decoder_by_matrix,066a5d8d46981b593c3dec855f441edbe9e755a8873183448f69d036a2ecc650,"{""distance"":5,""physical_error_rate"":0.001}","{""detection_events"":626945,""detectors_checked"":189573120,""obs_mistake_mask=E__E"":1}"
   1273856,         0,         0,   119.6,decoder_by_matrix,e41ade2e4684e0396b9a3890c882b6453b515d69885aa1d89a26ce21ec554895,"{""distance"":5,""physical_error_rate"":1e-06}","{""detection_events"":805,""detectors_checked"":216555520}"
    712704,         0,         0,   119.4,decoder_by_matrix,0421d486f8a041838688df650e87c0a19c3450ab7a7cc8b3dc589ebff86d1c74,"{""distance"":5,""physical_error_rate"":0.0001}","{""detection_events"":41070,""detectors_checked"":121159680}"
   1215488,         1,         0,   119.5,decoder_by_matrix,b84cf4b8ca220d31f17e1e2ea9ab927bbc4176b15682c650e7d1dd8f2758172b,"{""distance"":5,""physical_error_rate"":0.0005}","{""detection_events"":345785,""detectors_checked"":206632960,""obs_mistake_mask=E___"":1}"
   1210368,         0,         0,   119.4,decoder_by_matrix,0421d486f8a041838688df650e87c0a19c3450ab7a7cc8b3dc589ebff86d1c74,"{""distance"":5,""physical_error_rate"":0.0001}","{""detection_events"":67730,""detectors_checked"":205762560}"
   1152000,         1,         0,   119.6,decoder_by_matrix,b84cf4b8ca220d31f17e1e2ea9ab927bbc4176b15682c650e7d1dd8f2758172b,"{""distance"":5,""physical_error_rate"":0.0005}","{""detection_events"":327690,""detectors_checked"":195840000,""obs_mistake_mask=__E_"":1}"
   1243136,         0,         0,   119.7,decoder_by_matrix,e41ade2e4684e0396b9a3890c882b6453b515d69885aa1d89a26ce21ec554895,"{""distance"":5,""physical_error_rate"":1e-06}","{""detection_events"":910,""detectors_checked"":211333120}"
   1273856,         0,         0,   119.5,decoder_by_matrix,9c6baee88fc81e7d1aa345fcb3feec7ee81f21c5d49cb6ca037118097d89e180,"{""distance"":5,""physical_error_rate"":5e-05}","{""detection_events"":36700,""detectors_checked"":216555520}"
    717824,         0,         0,   119.4,decoder_by_matrix,9c6baee88fc81e7d1aa345fcb3feec7ee81f21c5d49cb6ca037118097d89e180,"{""distance"":5,""physical_error_rate"":5e-05}","{""detection_events"":21150,""detectors_checked"":122030080}"
   1281024,         0,         0,   119.6,decoder_by_matrix,0421d486f8a041838688df650e87c0a19c3450ab7a7cc8b3dc589ebff86d1c74,"{""distance"":5,""physical_error_rate"":0.0001}","{""detection_events"":71855,""detectors_checked"":217774080}"
    741376,         0,         0,   119.8,decoder_by_matrix,3c866087b289edc25e9adea730044a15db18cabfd3ae2507fc844d5b4e03657a,"{""distance"":5,""physical_error_rate"":5e-06}","{""detection_events"":2200,""detectors_checked"":126033920}"
    742400,         0,         0,   119.6,decoder_by_matrix,e41ade2e4684e0396b9a3890c882b6453b515d69885aa1d89a26ce21ec554895,"{""distance"":5,""physical_error_rate"":1e-06}","{""detection_events"":300,""detectors_checked"":126208000}"
   1218560,         3,         0,   119.5,decoder_by_matrix,066a5d8d46981b593c3dec855f441edbe9e755a8873183448f69d036a2ecc650,"{""distance"":5,""physical_error_rate"":0.001}","{""detection_events"":696735,""detectors_checked"":207155200,""obs_mistake_mask=E___"":1,""obs_mistake_mask=_EE_"":1,""obs_mistake_mask=__E_"":1}"
   1255424,         0,         0,   119.5,decoder_by_matrix,9c6baee88fc81e7d1aa345fcb3feec7ee81f21c5d49cb6ca037118097d89e180,"{""distance"":5,""physical_error_rate"":5e-05}","{""detection_events"":35805,""detectors_checked"":213422080}"
   1188864,         0,         0,   119.6,decoder_by_matrix,fa5edda0c1038186c8afbec49b0215a0b852396cdb50783a3f937fdf51d2afac,"{""distance"":5,""physical_error_rate"":1e-05}","{""detection_events"":7295,""detectors_checked"":202106880}"
   1220608,         0,         0,   119.5,decoder_by_matrix,b84cf4b8ca220d31f17e1e2ea9ab927bbc4176b15682c650e7d1dd8f2758172b,"{""distance"":5,""physical_error_rate"":0.0005}","{""detection_events"":344125,""detectors_checked"":207503360}"
   1308672,         0,         0,   119.5,decoder_by_matrix,fa5edda0c1038186c8afbec49b0215a0b852396cdb50783a3f937fdf51d2afac,"{""distance"":5,""physical_error_rate"":1e-05}","{""detection_events"":7475,""detectors_checked"":222474240}"
   1211392,         0,         0,   119.4,decoder_by_matrix,9c6baee88fc81e7d1aa345fcb3feec7ee81f21c5d49cb6ca037118097d89e180,"{""distance"":5,""physical_error_rate"":5e-05}","{""detection_events"":33890,""detectors_checked"":205936640}"
   1252352,         0,         0,   119.3,decoder_by_matrix,e41ade2e4684e0396b9a3890c882b6453b515d69885aa1d89a26ce21ec554895,"{""distance"":5,""physical_error_rate"":1e-06}","{""detection_events"":665,""detectors_checked"":212899840}"
    706560,         0,         0,   119.5,decoder_by_matrix,3c866087b289edc25e9adea730044a15db18cabfd3ae2507fc844d5b4e03657a,"{""distance"":5,""physical_error_rate"":5e-06}","{""detection_events"":2005,""detectors_checked"":120115200}"
   1268736,         0,         0,   119.6,decoder_by_matrix,0421d486f8a041838688df650e87c0a19c3450ab7a7cc8b3dc589ebff86d1c74,"{""distance"":5,""physical_error_rate"":0.0001}","{""detection_events"":73030,""detectors_checked"":215685120}"
    663552,         0,         0,   120.0,decoder_by_matrix,b84cf4b8ca220d31f17e1e2ea9ab927bbc4176b15682c650e7d1dd8f2758172b,"{""distance"":5,""physical_error_rate"":0.0005}","{""detection_events"":188180,""detectors_checked"":112803840}"
   1166336,         0,         0,   119.4,decoder_by_matrix,0421d486f8a041838688df650e87c0a19c3450ab7a7cc8b3dc589ebff86d1c74,"{""distance"":5,""physical_error_rate"":0.0001}","{""detection_events"":66825,""detectors_checked"":198277120}"
   1285120,         0,         0,   119.5,decoder_by_matrix,fa5edda0c1038186c8afbec49b0215a0b852396cdb50783a3f937fdf51d2afac,"{""distance"":5,""physical_error_rate"":1e-05}","{""detection_events"":7395,""detectors_checked"":218470400}"
   1164288,         0,         0,   119.3,decoder_by_matrix,fa5edda0c1038186c8afbec49b0215a0b852396cdb50783a3f937fdf51d2afac,"{""distance"":5,""physical_error_rate"":1e-05}","{""detection_events"":6650,""detectors_checked"":197928960}"
   1290240,         0,         0,   119.4,decoder_by_matrix,3c866087b289edc25e9adea730044a15db18cabfd3ae2507fc844d5b4e03657a,"{""distance"":5,""physical_error_rate"":5e-06}","{""detection_events"":3700,""detectors_checked"":219340800}"
   1192960,         1,         0,   119.3,decoder_by_matrix,066a5d8d46981b593c3dec855f441edbe9e755a8873183448f69d036a2ecc650,"{""distance"":5,""physical_error_rate"":0.001}","{""detection_events"":672745,""detectors_checked"":202803200,""obs_mistake_mask=__EE"":1}"
    739328,         0,         0,   119.7,decoder_by_matrix,fa5edda0c1038186c8afbec49b0215a0b852396cdb50783a3f937fdf51d2afac,"{""distance"":5,""physical_error_rate"":1e-05}","{""detection_events"":3580,""detectors_checked"":125685760}"
   1238016,         0,         0,   119.4,decoder_by_matrix,9c6baee88fc81e7d1aa345fcb3feec7ee81f21c5d49cb6ca037118097d89e180,"{""distance"":5,""physical_error_rate"":5e-05}","{""detection_events"":35765,""detectors_checked"":210462720}"
   1203200,         4,         0,   119.6,decoder_by_matrix,066a5d8d46981b593c3dec855f441edbe9e755a8873183448f69d036a2ecc650,"{""distance"":5,""physical_error_rate"":0.001}","{""detection_events"":681410,""detectors_checked"":204544000,""obs_mistake_mask=_EE_"":1,""obs_mistake_mask=_E__"":1,""obs_mistake_mask=__EE"":1,""obs_mistake_mask=__E_"":1}"
   1190912,         0,         0,   119.6,decoder_by_matrix,e41ade2e4684e0396b9a3890c882b6453b515d69885aa1d89a26ce21ec554895,"{""distance"":5,""physical_error_rate"":1e-06}","{""detection_events"":575,""detectors_checked"":202455040}"
   1145856,         0,         0,   119.6,decoder_by_matrix,9c6baee88fc81e7d1aa345fcb3feec7ee81f21c5d49cb6ca037118097d89e180,"{""distance"":5,""physical_error_rate"":5e-05}","{""detection_events"":33750,""detectors_checked"":194795520}"
   1244160,         0,         0,   119.5,decoder_by_matrix,9c6baee88fc81e7d1aa345fcb3feec7ee81f21c5d49cb6ca037118097d89e180,"{""distance"":5,""physical_error_rate"":5e-05}","{""detection_events"":35700,""detectors_checked"":211507200}"
   1295360,         0,         0,   119.6,decoder_by_matrix,e41ade2e4684e0396b9a3890c882b6453b515d69885aa1d89a26ce21ec554895,"{""distance"":5,""physical_error_rate"":1e-06}","{""detection_events"":915,""detectors_checked"":220211200}"
   1116160,         0,         0,   119.5,decoder_by_matrix,b84cf4b8ca220d31f17e1e2ea9ab927bbc4176b15682c650e7d1dd8f2758172b,"{""distance"":5,""physical_error_rate"":0.0005}","{""detection_events"":315985,""detectors_checked"":189747200}"
   1168384,         0,         0,   119.5,decoder_by_matrix,3c866087b289edc25e9adea730044a15db18cabfd3ae2507fc844d5b4e03657a,"{""distance"":5,""physical_error_rate"":5e-06}","{""detection_events"":2955,""detectors_checked"":198625280}"
   1168384,         0,         0,   119.5,decoder_by_matrix,0421d486f8a041838688df650e87c0a19c3450ab7a7cc8b3dc589ebff86d1c74,"{""distance"":5,""physical_error_rate"":0.0001}","{""detection_events"":64095,""detectors_checked"":198625280}"
   1233920,         1,         0,   119.5,decoder_by_matrix,b84cf4b8ca220d31f17e1e2ea9ab927bbc4176b15682c650e7d1dd8f2758172b,"{""distance"":5,""physical_error_rate"":0.0005}","{""detection_events"":348690,""detectors_checked"":209766400,""obs_mistake_mask=EE__"":1}"
   1143808,         0,         0,   119.5,decoder_by_matrix,3c866087b289edc25e9adea730044a15db18cabfd3ae2507fc844d5b4e03657a,"{""distance"":5,""physical_error_rate"":5e-06}","{""detection_events"":3790,""detectors_checked"":194447360}"
   1266688,         0,         0,   119.4,decoder_by_matrix,fa5edda0c1038186c8afbec49b0215a0b852396cdb50783a3f937fdf51d2afac,"{""distance"":5,""physical_error_rate"":1e-05}","{""detection_events"":7185,""detectors_checked"":215336960}"
    712704,         0,         0,   119.4,decoder_by_matrix,0421d486f8a041838688df650e87c0a19c3450ab7a7cc8b3dc589ebff86d1c74,"{""distance"":5,""physical_error_rate"":0.0001}","{""detection_events"":41055,""detectors_checked"":121159680}"
   1205248,         0,         0,   119.5,decoder_by_matrix,3c866087b289edc25e9adea730044a15db18cabfd3ae2507fc844d5b4e03657a,"{""distance"":5,""physical_error_rate"":5e-06}","{""detection_events"":3270,""detectors_checked"":204892160}"
   1233920,         0,         0,   119.6,decoder_by_matrix,b84cf4b8ca220d31f17e1e2ea9ab927bbc4176b15682c650e7d1dd8f2758172b,"{""distance"":5,""physical_error_rate"":0.0005}","{""detection_events"":352805,""detectors_checked"":209766400}"
   1076224,         2,         0,   119.5,decoder_by_matrix,066a5d8d46981b593c3dec855f441edbe9e755a8873183448f69d036a2ecc650,"{""distance"":5,""physical_error_rate"":0.001}","{""detection_events"":611500,""detectors_checked"":182958080,""obs_mistake_mask=_EEE"":1,""obs_mistake_mask=__E_"":1}"
   1282048,         0,         0,   119.6,decoder_by_matrix,3c866087b289edc25e9adea730044a15db18cabfd3ae2507fc844d5b4e03657a,"{""distance"":5,""physical_error_rate"":5e-06}","{""detection_events"":3275,""detectors_checked"":217948160}"
   1159168,         2,         0,   119.6,decoder_by_matrix,066a5d8d46981b593c3dec855f441edbe9e755a8873183448f69d036a2ecc650,"{""distance"":5,""physical_error_rate"":0.001}","{""detection_events"":658445,""detectors_checked"":197058560,""obs_mistake_mask=E__E"":1,""obs_mistake_mask=_EEE"":1}"
   1220608,         0,         0,   119.6,decoder_by_matrix,fa5edda0c1038186c8afbec49b0215a0b852396cdb50783a3f937fdf51d2afac,"{""distance"":5,""physical_error_rate"":1e-05}","{""detection_events"":6725,""detectors_checked"":207503360}"
   1287168,         0,         0,   119.6,decoder_by_matrix,e41ade2e4684e0396b9a3890c882b6453b515d69885aa1d89a26ce21ec554895,"{""distance"":5,""physical_error_rate"":1e-06}","{""detection_events"":550,""detectors_checked"":218818560}"
   1019904,         1,         0,   119.4,decoder_by_matrix,066a5d8d46981b593c3dec855f441edbe9e755a8873183448f69d036a2ecc650,"{""distance"":5,""physical_error_rate"":0.001}","{""detection_events"":579695,""detectors_checked"":173383680,""obs_mistake_mask=E___"":1}"
   1100800,         0,         0,   119.6,decoder_by_matrix,e41ade2e4684e0396b9a3890c882b6453b515d69885aa1d89a26ce21ec554895,"{""distance"":5,""physical_error_rate"":1e-06}","{""detection_events"":385,""detectors_checked"":187136000}"
    714752,         0,         0,   119.5,decoder_by_matrix,0421d486f8a041838688df650e87c0a19c3450ab7a7cc8b3dc589ebff86d1c74,"{""distance"":5,""physical_error_rate"":0.0001}","{""detection_events"":41435,""detectors_checked"":121507840}"
   1227776,         0,         0,   119.5,decoder_by_matrix,b84cf4b8ca220d31f17e1e2ea9ab927bbc4176b15682c650e7d1dd8f2758172b,"{""distance"":5,""physical_error_rate"":0.0005}","{""detection_events"":347370,""detectors_checked"":208721920}"
   1135616,         0,         0,   119.4,decoder_by_matrix,0421d486f8a041838688df650e87c0a19c3450ab7a7cc8b3dc589ebff86d1c74,"{""distance"":5,""physical_error_rate"":0.0001}","{""detection_events"":65310,""detectors_checked"":193054720}"
   1240064,         1,         0,   119.6,decoder_by_matrix,b84cf4b8ca220d31f17e1e2ea9ab927bbc4176b15682c650e7d1dd8f2758172b,"{""distance"":5,""physical_error_rate"":0.0005}","{""detection_events"":357410,""detectors_checked"":210810880,""obs_mistake_mask=E___"":1}"
   1310720,         0,         0,   119.4,decoder_by_matrix,e41ade2e4684e0396b9a3890c882b6453b515d69885aa1d89a26ce21ec554895,"{""distance"":5,""physical_error_rate"":1e-06}","{""detection_events"":585,""detectors_checked"":222822400}"
   1129472,         0,         0,   119.5,decoder_by_matrix,9c6baee88fc81e7d1aa345fcb3feec7ee81f21c5d49cb6ca037118097d89e180,"{""distance"":5,""physical_error_rate"":5e-05}","{""detection_events"":32100,""detectors_checked"":192010240}"
    731136,         0,         0,   119.6,decoder_by_matrix,9c6baee88fc81e7d1aa345fcb3feec7ee81f21c5d49cb6ca037118097d89e180,"{""distance"":5,""physical_error_rate"":5e-05}","{""detection_events"":20735,""detectors_checked"":124293120}"
   1180672,         0,         0,   119.6,decoder_by_matrix,0421d486f8a041838688df650e87c0a19c3450ab7a7cc8b3dc589ebff86d1c74,"{""distance"":5,""physical_error_rate"":0.0001}","{""detection_events"":66925,""detectors_checked"":200714240}"
    833536,         0,         0,   119.8,decoder_by_matrix,3c866087b289edc25e9adea730044a15db18cabfd3ae2507fc844d5b4e03657a,"{""distance"":5,""physical_error_rate"":5e-06}","{""detection_events"":2120,""detectors_checked"":141701120}"
    988160,         0,         0,   119.7,decoder_by_matrix,e41ade2e4684e0396b9a3890c882b6453b515d69885aa1d89a26ce21ec554895,"{""distance"":5,""physical_error_rate"":1e-06}","{""detection_events"":380,""detectors_checked"":167987200}"
   1205248,         3,         0,   119.3,decoder_by_matrix,066a5d8d46981b593c3dec855f441edbe9e755a8873183448f69d036a2ecc650,"{""distance"":5,""physical_error_rate"":0.001}","{""detection_events"":680865,""detectors_checked"":204892160,""obs_mistake_mask=E_EE"":1,""obs_mistake_mask=_E_E"":1,""obs_mistake_mask=_E__"":1}"
   1078272,         0,         0,   119.6,decoder_by_matrix,9c6baee88fc81e7d1aa345fcb3feec7ee81f21c5d49cb6ca037118097d89e180,"{""distance"":5,""physical_error_rate"":5e-05}","{""detection_events"":31230,""detectors_checked"":183306240}"
   1239040,         0,         0,   119.6,decoder_by_matrix,fa5edda0c1038186c8afbec49b0215a0b852396cdb50783a3f937fdf51d2afac,"{""distance"":5,""physical_error_rate"":1e-05}","{""detection_events"":7000,""detectors_checked"":210636800}"
    946176,         0,         0,   119.6,decoder_by_matrix,b84cf4b8ca220d31f17e1e2ea9ab927bbc4176b15682c650e7d1dd8f2758172b,"{""distance"":5,""physical_error_rate"":0.0005}","{""detection_events"":269695,""detectors_checked"":160849920}"
   1348608,         0,         0,   119.5,decoder_by_matrix,fa5edda0c1038186c8afbec49b0215a0b852396cdb50783a3f937fdf51d2afac,"{""distance"":5,""physical_error_rate"":1e-05}","{""detection_events"":8470,""detectors_checked"":229263360}"
   1289216,         0,         0,   119.6,decoder_by_matrix,9c6baee88fc81e7d1aa345fcb3feec7ee81f21c5d49cb6ca037118097d89e180,"{""distance"":5,""physical_error_rate"":5e-05}","{""detection_events"":36985,""detectors_checked"":219166720}"
   1188864,         0,         0,   119.5,decoder_by_matrix,e41ade2e4684e0396b9a3890c882b6453b515d69885aa1d89a26ce21ec554895,"{""distance"":5,""physical_error_rate"":1e-06}","{""detection_events"":805,""detectors_checked"":202106880}"
   1187840,         0,         0,   119.5,decoder_by_matrix,3c866087b289edc25e9adea730044a15db18cabfd3ae2507fc844d5b4e03657a,"{""distance"":5,""physical_error_rate"":5e-06}","{""detection_events"":2840,""detectors_checked"":201932800}"
   1081344,         0,         0,   119.3,decoder_by_matrix,0421d486f8a041838688df650e87c0a19c3450ab7a7cc8b3dc589ebff86d1c74,"{""distance"":5,""physical_error_rate"":0.0001}","{""detection_events"":59795,""detectors_checked"":183828480}"
   1053696,         0,         0,   119.7,decoder_by_matrix,b84cf4b8ca220d31f17e1e2ea9ab927bbc4176b15682c650e7d1dd8f2758172b,"{""distance"":5,""physical_error_rate"":0.0005}","{""detection_events"":298775,""detectors_checked"":179128320}"
   1175552,         0,         0,   119.5,decoder_by_matrix,0421d486f8a041838688df650e87c0a19c3450ab7a7cc8b3dc589ebff86d1c74,"{""distance"":5,""physical_error_rate"":0.0001}","{""detection_events"":67295,""detectors_checked"":199843840}"
   1160192,         0,         0,   119.6,decoder_by_matrix,fa5edda0c1038186c8afbec49b0215a0b852396cdb50783a3f937fdf51d2afac,"{""distance"":5,""physical_error_rate"":1e-05}","{""detection_events"":6170,""detectors_checked"":197232640}"
   1217536,         0,         0,   119.5,decoder_by_matrix,fa5edda0c1038186c8afbec49b0215a0b852396cdb50783a3f937fdf51d2afac,"{""distance"":5,""physical_error_rate"":1e-05}","{""detection_events"":6745,""detectors_checked"":206981120}"
   1332224,         0,         0,   119.6,decoder_by_matrix,3c866087b289edc25e9adea730044a15db18cabfd3ae2507fc844d5b4e03657a,"{""distance"":5,""physical_error_rate"":5e-06}","{""detection_events"":4125,""detectors_checked"":226478080}"
   1232896,         2,         0,   119.4,decoder_by_matrix,066a5d8d46981b593c3dec855f441edbe9e755a8873183448f69d036a2ecc650,"{""distance"":5,""physical_error_rate"":0.001}","{""detection_events"":703050,""detectors_checked"":209592320,""obs_mistake_mask=E___"":1,""obs_mistake_mask=_E__"":1}"
    842752,         0,         0,   119.7,decoder_by_matrix,fa5edda0c1038186c8afbec49b0215a0b852396cdb50783a3f937fdf51d2afac,"{""distance"":5,""physical_error_rate"":1e-05}","{""detection_events"":5120,""detectors_checked"":143267840}"
   1174528,         0,         0,   119.6,decoder_by_matrix,9c6baee88fc81e7d1aa345fcb3feec7ee81f21c5d49cb6ca037118097d89e180,"{""distance"":5,""physical_error_rate"":5e-05}","{""detection_events"":34100,""detectors_checked"":199669760}"
   1267712,         3,         0,   119.5,decoder_by_matrix,066a5d8d46981b593c3dec855f441edbe9e755a8873183448f69d036a2ecc650,"{""distance"":5,""physical_error_rate"":0.001}","{""detection_events"":717390,""detectors_checked"":215511040,""obs_mistake_mask=E___"":2,""obs_mistake_mask=_EEE"":1}"
   1174528,         0,         0,   119.6,decoder_by_matrix,e41ade2e4684e0396b9a3890c882b6453b515d69885aa1d89a26ce21ec554895,"{""distance"":5,""physical_error_rate"":1e-06}","{""detection_events"":680,""detectors_checked"":199669760}"
   1196032,         0,         0,   119.5,decoder_by_matrix,9c6baee88fc81e7d1aa345fcb3feec7ee81f21c5d49cb6ca037118097d89e180,"{""distance"":5,""physical_error_rate"":5e-05}","{""detection_events"":34580,""detectors_checked"":203325440}"
   1192960,         0,         0,   119.4,decoder_by_matrix,9c6baee88fc81e7d1aa345fcb3feec7ee81f21c5d49cb6ca037118097d89e180,"{""distance"":5,""physical_error_rate"":5e-05}","{""detection_events"":33170,""detectors_checked"":202803200}"
   1142784,         0,         0,   119.6,decoder_by_matrix,e41ade2e4684e0396b9a3890c882b6453b515d69885aa1d89a26ce21ec554895,"{""distance"":5,""physical_error_rate"":1e-06}","{""detection_events"":635,""detectors_checked"":194273280}"
   1191936,         0,         0,   119.6,decoder_by_matrix,b84cf4b8ca220d31f17e1e2ea9ab927bbc4176b15682c650e7d1dd8f2758172b,"{""distance"":5,""physical_error_rate"":0.0005}","{""detection_events"":343245,""detectors_checked"":202629120}"
   1181696,         0,         0,   119.4,decoder_by_matrix,3c866087b289edc25e9adea730044a15db18cabfd3ae2507fc844d5b4e03657a,"{""distance"":5,""physical_error_rate"":5e-06}","{""detection_events"":3340,""detectors_checked"":200888320}"
    827392,         0,         0,   119.5,decoder_by_matrix,0421d486f8a041838688df650e87c0a19c3450ab7a7cc8b3dc589ebff86d1c74,"{""distance"":5,""physical_error_rate"":0.0001}","{""detection_events"":47570,""detectors_checked"":140656640}"
   1118208,         0,         0,   119.4,decoder_by_matrix,b84cf4b8ca220d31f17e1e2ea9ab927bbc4176b15682c650e7d1dd8f2758172b,"{""distance"":5,""physical_error_rate"":0.0005}","{""detection_events"":317995,""detectors_checked"":190095360}"
   1236992,         0,         0,   119.5,decoder_by_matrix,3c866087b289edc25e9adea730044a15db18cabfd3ae2507fc844d5b4e03657a,"{""distance"":5,""physical_error_rate"":5e-06}","{""detection_events"":3800,""detectors_checked"":210288640}"
   1165312,         0,         0,   119.7,decoder_by_matrix,fa5edda0c1038186c8afbec49b0215a0b852396cdb50783a3f937fdf51d2afac,"{""distance"":5,""physical_error_rate"":1e-05}","{""detection_events"":6760,""detectors_checked"":198103040}"
   1204224,         0,         0,   119.5,decoder_by_matrix,3c866087b289edc25e9adea730044a15db18cabfd3ae2507fc844d5b4e03657a,"{""distance"":5,""physical_error_rate"":5e-06}","{""detection_events"":3515,""detectors_checked"":204718080}"
    968704,         0,         0,   119.5,decoder_by_matrix,0421d486f8a041838688df650e87c0a19c3450ab7a7cc8b3dc589ebff86d1c74,"{""distance"":5,""physical_error_rate"":0.0001}","{""detection_events"":54760,""detectors_checked"":164679680}"
    908288,         1,         0,   119.6,decoder_by_matrix,b84cf4b8ca220d31f17e1e2ea9ab927bbc4176b15682c650e7d1dd8f2758172b,"{""distance"":5,""physical_error_rate"":0.0005}","{""detection_events"":260200,""detectors_checked"":154408960,""obs_mistake_mask=E___"":1}"
   1206272,         3,         0,   119.6,decoder_by_matrix,066a5d8d46981b593c3dec855f441edbe9e755a8873183448f69d036a2ecc650,"{""distance"":5,""physical_error_rate"":0.001}","{""detection_events"":681820,""detectors_checked"":205066240,""obs_mistake_mask=_E__"":1,""obs_mistake_mask=__E_"":1,""obs_mistake_mask=___E"":1}"
   1098752,         0,         0,   119.6,decoder_by_matrix,3c866087b289edc25e9adea730044a15db18cabfd3ae2507fc844d5b4e03657a,"{""distance"":5,""physical_error_rate"":5e-06}","{""detection_events"":2955,""detectors_checked"":186787840}"
   1095680,         2,         0,   119.3,decoder_by_matrix,066a5d8d46981b593c3dec855f441edbe9e755a8873183448f69d036a2ecc650,"{""distance"":5,""physical_error_rate"":0.001}","{""detection_events"":616435,""detectors_checked"":186265600,""obs_mistake_mask=E__E"":1,""obs_mistake_mask=_EEE"":1}"
   1155072,         1,         0,   119.5,decoder_by_matrix,066a5d8d46981b593c3dec855f441edbe9e755a8873183448f69d036a2ecc650,"{""distance"":5,""physical_error_rate"":0.001}","{""detection_events"":653280,""detectors_checked"":196362240,""obs_mistake_mask=E___"":1}"
   1272832,         0,         0,   119.5,decoder_by_matrix,fa5edda0c1038186c8afbec49b0215a0b852396cdb50783a3f937fdf51d2afac,"{""distance"":5,""physical_error_rate"":1e-05}","{""detection_events"":7835,""detectors_checked"":216381440}"
   1209344,         0,         0,   119.6,decoder_by_matrix,e41ade2e4684e0396b9a3890c882b6453b515d69885aa1d89a26ce21ec554895,"{""distance"":5,""physical_error_rate"":1e-06}","{""detection_events"":640,""detectors_checked"":205588480}"
    836608,         0,         0,   119.8,decoder_by_matrix,e41ade2e4684e0396b9a3890c882b6453b515d69885aa1d89a26ce21ec554895,"{""distance"":5,""physical_error_rate"":1e-06}","{""detection_events"":305,""detectors_checked"":142223360}"
   1074176,         0,         0,   119.5,decoder_by_matrix,0421d486f8a041838688df650e87c0a19c3450ab7a7cc8b3dc589ebff86d1c74,"{""distance"":5,""physical_error_rate"":0.0001}","{""detection_events"":60915,""detectors_checked"":182609920}"
    838656,         0,         0,   119.5,decoder_by_matrix,b84cf4b8ca220d31f17e1e2ea9ab927bbc4176b15682c650e7d1dd8f2758172b,"{""distance"":5,""physical_error_rate"":0.0005}","{""detection_events"":244865,""detectors_checked"":142571520}"
   1213440,         0,         0,   119.6,decoder_by_matrix,0421d486f8a041838688df650e87c0a19c3450ab7a7cc8b3dc589ebff86d1c74,"{""distance"":5,""physical_error_rate"":0.0001}","{""detection_events"":67795,""detectors_checked"":206284800}"
   1042432,         1,         0,   119.4,decoder_by_matrix,b84cf4b8ca220d31f17e1e2ea9ab927bbc4176b15682c650e7d1dd8f2758172b,"{""distance"":5,""physical_error_rate"":0.0005}","{""detection_events"":298260,""detectors_checked"":177213440,""obs_mistake_mask=E___"":1}"
   1334272,         0,         0,   119.3,decoder_by_matrix,e41ade2e4684e0396b9a3890c882b6453b515d69885aa1d89a26ce21ec554895,"{""distance"":5,""physical_error_rate"":1e-06}","{""detection_events"":620,""detectors_checked"":226826240}"
   1229824,         0,         0,   119.5,decoder_by_matrix,9c6baee88fc81e7d1aa345fcb3feec7ee81f21c5d49cb6ca037118097d89e180,"{""distance"":5,""physical_error_rate"":5e-05}","{""detection_events"":34295,""detectors_checked"":209070080}"
   1092608,         0,         0,   119.6,decoder_by_matrix,9c6baee88fc81e7d1aa345fcb3feec7ee81f21c5d49cb6ca037118097d89e180,"{""distance"":5,""physical_error_rate"":5e-05}","{""detection_events"":31975,""detectors_checked"":185743360}"
    794624,         0,         0,   119.4,decoder_by_matrix,0421d486f8a041838688df650e87c0a19c3450ab7a7cc8b3dc589ebff86d1c74,"{""distance"":5,""physical_error_rate"":0.0001}","{""detection_events"":43780,""detectors_checked"":135086080}"
   1192960,         0,         0,   119.5,decoder_by_matrix,3c866087b289edc25e9adea730044a15db18cabfd3ae2507fc844d5b4e03657a,"{""distance"":5,""physical_error_rate"":5e-06}","{""detection_events"":3735,""detectors_checked"":202803200}"
    827392,         0,         0,   119.7,decoder_by_matrix,e41ade2e4684e0396b9a3890c882b6453b515d69885aa1d89a26ce21ec554895,"{""distance"":5,""physical_error_rate"":1e-06}","{""detection_events"":360,""detectors_checked"":140656640}"
   1223680,         5,         0,   119.4,decoder_by_matrix,066a5d8d46981b593c3dec855f441edbe9e755a8873183448f69d036a2ecc650,"{""distance"":5,""physical_error_rate"":0.001}","{""detection_events"":689980,""detectors_checked"":208025600,""obs_mistake_mask=E_EE"":1,""obs_mistake_mask=E__E"":1,""obs_mistake_mask=E___"":1,""obs_mistake_mask=_EEE"":2}"
   1260544,         0,         0,   119.6,decoder_by_matrix,9c6baee88fc81e7d1aa345fcb3feec7ee81f21c5d49cb6ca037118097d89e180,"{""distance"":5,""physical_error_rate"":5e-05}","{""detection_events"":34780,""detectors_checked"":214292480}"
    971776,         0,         0,   119.5,decoder_by_matrix,fa5edda0c1038186c8afbec49b0215a0b852396cdb50783a3f937fdf51d2afac,"{""distance"":5,""physical_error_rate"":1e-05}","{""detection_events"":4795,""detectors_checked"":165201920}"
   1184768,         0,         0,   119.6,decoder_by_matrix,b84cf4b8ca220d31f17e1e2ea9ab927bbc4176b15682c650e7d1dd8f2758172b,"{""distance"":5,""physical_error_rate"":0.0005}","{""detection_events"":337895,""detectors_checked"":201410560}"
   1323008,         0,         0,   119.6,decoder_by_matrix,fa5edda0c1038186c8afbec49b0215a0b852396cdb50783a3f937fdf51d2afac,"{""distance"":5,""physical_error_rate"":1e-05}","{""detection_events"":7035,""detectors_checked"":224911360}"
   1247232,         0,         0,   119.7,decoder_by_matrix,9c6baee88fc81e7d1aa345fcb3feec7ee81f21c5d49cb6ca037118097d89e180,"{""distance"":5,""physical_error_rate"":5e-05}","{""detection_events"":34875,""detectors_checked"":212029440}"
   1240064,         0,         0,   119.6,decoder_by_matrix,e41ade2e4684e0396b9a3890c882b6453b515d69885aa1d89a26ce21ec554895,"{""distance"":5,""physical_error_rate"":1e-06}","{""detection_events"":660,""detectors_checked"":210810880}"
   1242112,         0,         0,   119.3,decoder_by_matrix,3c866087b289edc25e9adea730044a15db18cabfd3ae2507fc844d5b4e03657a,"{""distance"":5,""physical_error_rate"":5e-06}","{""detection_events"":3150,""detectors_checked"":211159040}"
   1126400,         0,         0,   119.6,decoder_by_matrix,0421d486f8a041838688df650e87c0a19c3450ab7a7cc8b3dc589ebff86d1c74,"{""distance"":5,""physical_error_rate"":0.0001}","{""detection_events"":63700,""detectors_checked"":191488000}"
    819200,         0,         0,   119.5,decoder_by_matrix,b84cf4b8ca220d31f17e1e2ea9ab927bbc4176b15682c650e7d1dd8f2758172b,"{""distance"":5,""physical_error_rate"":0.0005}","{""detection_events"":231640,""detectors_checked"":139264000}"
   1075200,         0,         0,   119.4,decoder_by_matrix,0421d486f8a041838688df650e87c0a19c3450ab7a7cc8b3dc589ebff86d1c74,"{""distance"":5,""physical_error_rate"":0.0001}","{""detection_events"":61465,""detectors_checked"":182784000}"
   1087488,         0,         0,   119.5,decoder_by_matrix,fa5edda0c1038186c8afbec49b0215a0b852396cdb50783a3f937fdf51d2afac,"{""distance"":5,""physical_error_rate"":1e-05}","{""detection_events"":6145,""detectors_checked"":184872960}"
   1255424,         0,         0,   119.7,decoder_by_matrix,fa5edda0c1038186c8afbec49b0215a0b852396cdb50783a3f937fdf51d2afac,"{""distance"":5,""physical_error_rate"":1e-05}","{""detection_events"":7575,""detectors_checked"":213422080}"
   1101824,         0,         0,   119.4,decoder_by_matrix,3c866087b289edc25e9adea730044a15db18cabfd3ae2507fc844d5b4e03657a,"{""distance"":5,""physical_error_rate"":5e-06}","{""detection_events"":2910,""detectors_checked"":187310080}"
   1137664,         5,         0,   119.6,decoder_by_matrix,066a5d8d46981b593c3dec855f441edbe9e755a8873183448f69d036a2ecc650,"{""distance"":5,""physical_error_rate"":0.001}","{""detection_events"":645775,""detectors_checked"":193402880,""obs_mistake_mask=E_E_"":1,""obs_mistake_mask=E__E"":1,""obs_mistake_mask=E___"":2,""obs_mistake_mask=__EE"":1}"
   1067008,         0,         0,   119.7,decoder_by_matrix,9c6baee88fc81e7d1aa345fcb3feec7ee81f21c5d49cb6ca037118097d89e180,"{""distance"":5,""physical_error_rate"":5e-05}","{""detection_events"":31005,""detectors_checked"":181391360}"
   1004544,         0,         0,   119.6,decoder_by_matrix,fa5edda0c1038186c8afbec49b0215a0b852396cdb50783a3f937fdf51d2afac,"{""distance"":5,""physical_error_rate"":1e-05}","{""detection_events"":6185,""detectors_checked"":170772480}"
   1164288,         1,         0,   119.6,decoder_by_matrix,066a5d8d46981b593c3dec855f441edbe9e755a8873183448f69d036a2ecc650,"{""distance"":5,""physical_error_rate"":0.001}","{""detection_events"":663095,""detectors_checked"":197928960,""obs_mistake_mask=_E_E"":1}"
   1131520,         0,         0,   119.6,decoder_by_matrix,e41ade2e4684e0396b9a3890c882b6453b515d69885aa1d89a26ce21ec554895,"{""distance"":5,""physical_error_rate"":1e-06}","{""detection_events"":590,""detectors_checked"":192358400}"
   1103872,         0,         0,   119.7,decoder_by_matrix,9c6baee88fc81e7d1aa345fcb3feec7ee81f21c5d49cb6ca037118097d89e180,"{""distance"":5,""physical_error_rate"":5e-05}","{""detection_events"":30885,""detectors_checked"":187658240}"
   1229824,         0,         0,   119.6,decoder_by_matrix,9c6baee88fc81e7d1aa345fcb3feec7ee81f21c5d49cb6ca037118097d89e180,"{""distance"":5,""physical_error_rate"":5e-05}","{""detection_events"":34245,""detectors_checked"":209070080}"
   1093632,         0,         0,   119.6,decoder_by_matrix,e41ade2e4684e0396b9a3890c882b6453b515d69885aa1d89a26ce21ec554895,"{""distance"":5,""physical_error_rate"":1e-06}","{""detection_events"":580,""detectors_checked"":185917440}"
   1185792,         0,         0,   119.5,decoder_by_matrix,b84cf4b8ca220d31f17e1e2ea9ab927bbc4176b15682c650e7d1dd8f2758172b,"{""distance"":5,""physical_error_rate"":0.0005}","{""detection_events"":336420,""detectors_checked"":201584640}"
   1124352,         0,         0,   119.4,decoder_by_matrix,3c866087b289edc25e9adea730044a15db18cabfd3ae2507fc844d5b4e03657a,"{""distance"":5,""physical_error_rate"":5e-06}","{""detection_events"":3140,""detectors_checked"":191139840}"
   1024000,         0,         0,   119.3,decoder_by_matrix,0421d486f8a041838688df650e87c0a19c3450ab7a7cc8b3dc589ebff86d1c74,"{""distance"":5,""physical_error_rate"":0.0001}","{""detection_events"":58150,""detectors_checked"":174080000}"
   1028096,         0,         0,   119.6,decoder_by_matrix,b84cf4b8ca220d31f17e1e2ea9ab927bbc4176b15682c650e7d1dd8f2758172b,"{""distance"":5,""physical_error_rate"":0.0005}","{""detection_events"":295145,""detectors_checked"":174776320}"
   1271808,         0,         0,   119.2,decoder_by_matrix,3c866087b289edc25e9adea730044a15db18cabfd3ae2507fc844d5b4e03657a,"{""distance"":5,""physical_error_rate"":5e-06}","{""detection_events"":3795,""detectors_checked"":216207360}"
   1107968,         0,         0,   119.3,decoder_by_matrix,fa5edda0c1038186c8afbec49b0215a0b852396cdb50783a3f937fdf51d2afac,"{""distance"":5,""physical_error_rate"":1e-05}","{""detection_events"":5505,""detectors_checked"":188354560}"
    980992,         0,         0,   119.7,decoder_by_matrix,0421d486f8a041838688df650e87c0a19c3450ab7a7cc8b3dc589ebff86d1c74,"{""distance"":5,""physical_error_rate"":0.0001}","{""detection_events"":57515,""detectors_checked"":166768640}"
   1072128,         0,         0,   119.6,decoder_by_matrix,3c866087b289edc25e9adea730044a15db18cabfd3ae2507fc844d5b4e03657a,"{""distance"":5,""physical_error_rate"":5e-06}","{""detection_events"":3035,""detectors_checked"":182261760}"
    993280,         2,         0,   119.6,decoder_by_matrix,b84cf4b8ca220d31f17e1e2ea9ab927bbc4176b15682c650e7d1dd8f2758172b,"{""distance"":5,""physical_error_rate"":0.0005}","{""detection_events"":281830,""detectors_checked"":168857600,""obs_mistake_mask=E___"":1,""obs_mistake_mask=_E__"":1}"
   1114112,         1,         0,   119.5,decoder_by_matrix,066a5d8d46981b593c3dec855f441edbe9e755a8873183448f69d036a2ecc650,"{""distance"":5,""physical_error_rate"":0.001}","{""detection_events"":629065,""detectors_checked"":189399040,""obs_mistake_mask=E___"":1}"
   1227776,         0,         0,   119.6,decoder_by_matrix,3c866087b289edc25e9adea730044a15db18cabfd3ae2507fc844d5b4e03657a,"{""distance"":5,""physical_error_rate"":5e-06}","{""detection_events"":3680,""detectors_checked"":208721920}"
   1265664,         6,         0,   119.7,decoder_by_matrix,066a5d8d46981b593c3dec855f441edbe9e755a8873183448f69d036a2ecc650,"{""distance"":5,""physical_error_rate"":0.001}","{""detection_events"":719425,""detectors_checked"":215162880,""obs_mistake_mask=E__E"":1,""obs_mistake_mask=E___"":1,""obs_mistake_mask=_EEE"":1,""obs_mistake_mask=_E__"":1,""obs_mistake_mask=__EE"":2}"
   1270784,         0,         0,   119.5,decoder_by_matrix,fa5edda0c1038186c8afbec49b0215a0b852396cdb50783a3f937fdf51d2afac,"{""distance"":5,""physical_error_rate"":1e-05}","{""detection_events"":7300,""detectors_checked"":216033280}"
    989184,         3,         0,   119.6,decoder_by_matrix,066a5d8d46981b593c3dec855f441edbe9e755a8873183448f69d036a2ecc650,"{""distance"":5,""physical_error_rate"":0.001}","{""detection_events"":566650,""detectors_checked"":168161280,""obs_mistake_mask=_EE_"":1,""obs_mistake_mask=_E__"":1,""obs_mistake_mask=___E"":1}"
   1052672,         0,         0,   119.6,decoder_by_matrix,e41ade2e4684e0396b9a3890c882b6453b515d69885aa1d89a26ce21ec554895,"{""distance"":5,""physical_error_rate"":1e-06}","{""detection_events"":355,""detectors_checked"":178954240}"
    960512,         0,         0,   119.6,decoder_by_matrix,e41ade2e4684e0396b9a3890c882b6453b515d69885aa1d89a26ce21ec554895,"{""distance"":5,""physical_error_rate"":1e-06}","{""detection_events"":595,""detectors_checked"":163287040}"
    985088,         0,         0,   119.5,decoder_by_matrix,b84cf4b8ca220d31f17e1e2ea9ab927bbc4176b15682c650e7d1dd8f2758172b,"{""distance"":5,""physical_error_rate"":0.0005}","{""detection_events"":278020,""detectors_checked"":167464960}"
   1027072,         0,         0,   119.7,decoder_by_matrix,0421d486f8a041838688df650e87c0a19c3450ab7a7cc8b3dc589ebff86d1c74,"{""distance"":5,""physical_error_rate"":0.0001}","{""detection_events"":57840,""detectors_checked"":174602240}"
   1234944,         0,         0,   119.6,decoder_by_matrix,0421d486f8a041838688df650e87c0a19c3450ab7a7cc8b3dc589ebff86d1c74,"{""distance"":5,""physical_error_rate"":0.0001}","{""detection_events"":69425,""detectors_checked"":209940480}"
   1032192,         0,         0,   119.3,decoder_by_matrix,b84cf4b8ca220d31f17e1e2ea9ab927bbc4176b15682c650e7d1dd8f2758172b,"{""distance"":5,""physical_error_rate"":0.0005}","{""detection_events"":291605,""detectors_checked"":175472640}"
   1145856,         0,         0,   119.1,decoder_by_matrix,e41ade2e4684e0396b9a3890c882b6453b515d69885aa1d89a26ce21ec554895,"{""distance"":5,""physical_error_rate"":1e-06}","{""detection_events"":765,""detectors_checked"":194795520}"
   1086464,         0,         0,   119.5,decoder_by_matrix,9c6baee88fc81e7d1aa345fcb3feec7ee81f21c5d49cb6ca037118097d89e180,"{""distance"":5,""physical_error_rate"":5e-05}","{""detection_events"":30685,""detectors_checked"":184698880}"
   1243136,         0,         0,   119.5,decoder_by_matrix,9c6baee88fc81e7d1aa345fcb3feec7ee81f21c5d49cb6ca037118097d89e180,"{""distance"":5,""physical_error_rate"":5e-05}","{""detection_events"":36165,""detectors_checked"":211333120}"
   1041408,         0,         0,   119.5,decoder_by_matrix,0421d486f8a041838688df650e87c0a19c3450ab7a7cc8b3dc589ebff86d1c74,"{""distance"":5,""physical_error_rate"":0.0001}","{""detection_events"":59410,""detectors_checked"":177039360}"
   1312768,         0,         0,   119.5,decoder_by_matrix,3c866087b289edc25e9adea730044a15db18cabfd3ae2507fc844d5b4e03657a,"{""distance"":5,""physical_error_rate"":5e-06}","{""detection_events"":3395,""detectors_checked"":223170560}"
   1391616,         0,         0,   119.6,decoder_by_matrix,e41ade2e4684e0396b9a3890c882b6453b515d69885aa1d89a26ce21ec554895,"{""distance"":5,""physical_error_rate"":1e-06}","{""detection_events"":655,""detectors_checked"":236574720}"
   1231872,         4,         0,   119.5,decoder_by_matrix,066a5d8d46981b593c3dec855f441edbe9e755a8873183448f69d036a2ecc650,"{""distance"":5,""physical_error_rate"":0.001}","{""detection_events"":691890,""detectors_checked"":209418240,""obs_mistake_mask=E__E"":2,""obs_mistake_mask=___E"":2}"
   1189888,         0,         0,   119.6,decoder_by_matrix,9c6baee88fc81e7d1aa345fcb3feec7ee81f21c5d49cb6ca037118097d89e180,"{""distance"":5,""physical_error_rate"":5e-05}","{""detection_events"":33490,""detectors_checked"":202280960}"
   1148928,         0,         0,   119.6,decoder_by_matrix,fa5edda0c1038186c8afbec49b0215a0b852396cdb50783a3f937fdf51d2afac,"{""distance"":5,""physical_error_rate"":1e-05}","{""detection_events"":6960,""detectors_checked"":195317760}"
   1013760,         2,         0,   119.4,decoder_by_matrix,b84cf4b8ca220d31f17e1e2ea9ab927bbc4176b15682c650e7d1dd8f2758172b,"{""distance"":5,""physical_error_rate"":0.0005}","{""detection_events"":286515,""detectors_checked"":172339200,""obs_mistake_mask=_E_E"":1,""obs_mistake_mask=___E"":1}"
   1307648,         0,         0,   119.6,decoder_by_matrix,fa5edda0c1038186c8afbec49b0215a0b852396cdb50783a3f937fdf51d2afac,"{""distance"":5,""physical_error_rate"":1e-05}","{""detection_events"":7995,""detectors_checked"":222300160}"
   1261568,         0,         0,   119.6,decoder_by_matrix,9c6baee88fc81e7d1aa345fcb3feec7ee81f21c5d49cb6ca037118097d89e180,"{""distance"":5,""physical_error_rate"":5e-05}","{""detection_events"":36880,""detectors_checked"":214466560}"
   1277952,         0,         0,   119.5,decoder_by_matrix,e41ade2e4684e0396b9a3890c882b6453b515d69885aa1d89a26ce21ec554895,"{""distance"":5,""physical_error_rate"":1e-06}","{""detection_events"":695,""detectors_checked"":217251840}"
   1113088,         0,         0,   119.5,decoder_by_matrix,3c866087b289edc25e9adea730044a15db18cabfd3ae2507fc844d5b4e03657a,"{""distance"":5,""physical_error_rate"":5e-06}","{""detection_events"":3470,""detectors_checked"":189224960}"
   1055744,         0,         0,   119.5,decoder_by_matrix,0421d486f8a041838688df650e87c0a19c3450ab7a7cc8b3dc589ebff86d1c74,"{""distance"":5,""physical_error_rate"":0.0001}","{""detection_events"":59975,""detectors_checked"":179476480}"
   1036288,         0,         0,   119.5,decoder_by_matrix,b84cf4b8ca220d31f17e1e2ea9ab927bbc4176b15682c650e7d1dd8f2758172b,"{""distance"":5,""physical_error_rate"":0.0005}","{""detection_events"":294350,""detectors_checked"":176168960}"
   1171456,         0,         0,   119.6,decoder_by_matrix,0421d486f8a041838688df650e87c0a19c3450ab7a7cc8b3dc589ebff86d1c74,"{""distance"":5,""physical_error_rate"":0.0001}","{""detection_events"":68385,""detectors_checked"":199147520}"
   1057792,         0,         0,   119.4,decoder_by_matrix,fa5edda0c1038186c8afbec49b0215a0b852396cdb50783a3f937fdf51d2afac,"{""distance"":5,""physical_error_rate"":1e-05}","{""detection_events"":6160,""detectors_checked"":179824640}"
   1291264,         0,         0,   119.6,decoder_by_matrix,fa5edda0c1038186c8afbec49b0215a0b852396cdb50783a3f937fdf51d2afac,"{""distance"":5,""physical_error_rate"":1e-05}","{""detection_events"":7470,""detectors_checked"":219514880}"
   1223680,         0,         0,   119.7,decoder_by_matrix,3c866087b289edc25e9adea730044a15db18cabfd3ae2507fc844d5b4e03657a,"{""distance"":5,""physical_error_rate"":5e-06}","{""detection_events"":3730,""detectors_checked"":208025600}"
   1022976,         2,         0,   119.5,decoder_by_matrix,066a5d8d46981b593c3dec855f441edbe9e755a8873183448f69d036a2ecc650,"{""distance"":5,""physical_error_rate"":0.001}","{""detection_events"":586320,""detectors_checked"":173905920,""obs_mistake_mask=_EEE"":1,""obs_mistake_mask=_E__"":1}"
   1145856,         0,         0,   119.7,decoder_by_matrix,9c6baee88fc81e7d1aa345fcb3feec7ee81f21c5d49cb6ca037118097d89e180,"{""distance"":5,""physical_error_rate"":5e-05}","{""detection_events"":33220,""detectors_checked"":194795520}"
   1070080,         0,         0,   119.7,decoder_by_matrix,fa5edda0c1038186c8afbec49b0215a0b852396cdb50783a3f937fdf51d2afac,"{""distance"":5,""physical_error_rate"":1e-05}","{""detection_events"":6635,""detectors_checked"":181913600}"
   1196032,         4,         0,   119.6,decoder_by_matrix,066a5d8d46981b593c3dec855f441edbe9e755a8873183448f69d036a2ecc650,"{""distance"":5,""physical_error_rate"":0.001}","{""detection_events"":674485,""detectors_checked"":203325440,""obs_mistake_mask=E_E_"":1,""obs_mistake_mask=E___"":2,""obs_mistake_mask=_E__"":1}"
   1133568,         0,         0,   119.3,decoder_by_matrix,e41ade2e4684e0396b9a3890c882b6453b515d69885aa1d89a26ce21ec554895,"{""distance"":5,""physical_error_rate"":1e-06}","{""detection_events"":610,""detectors_checked"":192706560}"
   1214464,         0,         0,   119.5,decoder_by_matrix,9c6baee88fc81e7d1aa345fcb3feec7ee81f21c5d49cb6ca037118097d89e180,"{""distance"":5,""physical_error_rate"":5e-05}","{""detection_events"":34740,""detectors_checked"":206458880}"
   1104896,         0,         0,   119.6,decoder_by_matrix,9c6baee88fc81e7d1aa345fcb3feec7ee81f21c5d49cb6ca037118097d89e180,"{""distance"":5,""physical_error_rate"":5e-05}","{""detection_events"":32400,""detectors_checked"":187832320}"
    936960,         0,         0,   119.3,decoder_by_matrix,b84cf4b8ca220d31f17e1e2ea9ab927bbc4176b15682c650e7d1dd8f2758172b,"{""distance"":5,""physical_error_rate"":0.0005}","{""detection_events"":265530,""detectors_checked"":159283200}"
   1074176,         0,         0,   119.7,decoder_by_matrix,e41ade2e4684e0396b9a3890c882b6453b515d69885aa1d89a26ce21ec554895,"{""distance"":5,""physical_error_rate"":1e-06}","{""detection_events"":685,""detectors_checked"":182609920}"
   1166336,         0,         0,   119.3,decoder_by_matrix,3c866087b289edc25e9adea730044a15db18cabfd3ae2507fc844d5b4e03657a,"{""distance"":5,""physical_error_rate"":5e-06}","{""detection_events"":3220,""detectors_checked"":198277120}"
   1072128,         0,         0,   119.3,decoder_by_matrix,0421d486f8a041838688df650e87c0a19c3450ab7a7cc8b3dc589ebff86d1c74,"{""distance"":5,""physical_error_rate"":0.0001}","{""detection_events"":59835,""detectors_checked"":182261760}"
   1177600,         0,         0,   119.5,decoder_by_matrix,b84cf4b8ca220d31f17e1e2ea9ab927bbc4176b15682c650e7d1dd8f2758172b,"{""distance"":5,""physical_error_rate"":0.0005}","{""detection_events"":328370,""detectors_checked"":200192000}"
   1222656,         0,         0,   119.4,decoder_by_matrix,3c866087b289edc25e9adea730044a15db18cabfd3ae2507fc844d5b4e03657a,"{""distance"":5,""physical_error_rate"":5e-06}","{""detection_events"":3465,""detectors_checked"":207851520}"
   1136640,         0,         0,   119.5,decoder_by_matrix,3c866087b289edc25e9adea730044a15db18cabfd3ae2507fc844d5b4e03657a,"{""distance"":5,""physical_error_rate"":5e-06}","{""detection_events"":3455,""detectors_checked"":193228800}"
   1071104,         0,         0,   119.5,decoder_by_matrix,fa5edda0c1038186c8afbec49b0215a0b852396cdb50783a3f937fdf51d2afac,"{""distance"":5,""physical_error_rate"":1e-05}","{""detection_events"":5880,""detectors_checked"":182087680}"
   1150976,         0,         0,   119.6,decoder_by_matrix,0421d486f8a041838688df650e87c0a19c3450ab7a7cc8b3dc589ebff86d1c74,"{""distance"":5,""physical_error_rate"":0.0001}","{""detection_events"":64675,""detectors_checked"":195665920}"
   1166336,         2,         0,   119.4,decoder_by_matrix,066a5d8d46981b593c3dec855f441edbe9e755a8873183448f69d036a2ecc650,"{""distance"":5,""physical_error_rate"":0.001}","{""detection_events"":661240,""detectors_checked"":198277120,""obs_mistake_mask=_EEE"":1,""obs_mistake_mask=__E_"":1}"
   1104896,         0,         0,   119.7,decoder_by_matrix,b84cf4b8ca220d31f17e1e2ea9ab927bbc4176b15682c650e7d1dd8f2758172b,"{""distance"":5,""physical_error_rate"":0.0005}","{""detection_events"":310890,""detectors_checked"":187832320}"
   1041408,         0,         0,   119.6,decoder_by_matrix,3c866087b289edc25e9adea730044a15db18cabfd3ae2507fc844d5b4e03657a,"{""distance"":5,""physical_error_rate"":5e-06}","{""detection_events"":2840,""detectors_checked"":177039360}"
    948224,         5,         0,   119.5,decoder_by_matrix,066a5d8d46981b593c3dec855f441edbe9e755a8873183448f69d036a2ecc650,"{""distance"":5,""physical_error_rate"":0.001}","{""detection_events"":539420,""detectors_checked"":161198080,""obs_mistake_mask=EE__"":1,""obs_mistake_mask=_E_E"":1,""obs_mistake_mask=_E__"":1,""obs_mistake_mask=__EE"":1,""obs_mistake_mask=__E_"":1}"
   1000448,         0,         0,   119.7,decoder_by_matrix,fa5edda0c1038186c8afbec49b0215a0b852396cdb50783a3f937fdf51d2afac,"{""distance"":5,""physical_error_rate"":1e-05}","{""detection_events"":6095,""detectors_checked"":170076160}"
   1078272,         3,         0,   119.5,decoder_by_matrix,066a5d8d46981b593c3dec855f441edbe9e755a8873183448f69d036a2ecc650,"{""distance"":5,""physical_error_rate"":0.001}","{""detection_events"":611445,""detectors_checked"":183306240,""obs_mistake_mask=__E_"":2,""obs_mistake_mask=___E"":1}"
   1105920,         0,         0,   119.6,decoder_by_matrix,e41ade2e4684e0396b9a3890c882b6453b515d69885aa1d89a26ce21ec554895,"{""distance"":5,""physical_error_rate"":1e-06}","{""detection_events"":620,""detectors_checked"":188006400}"
   1069056,         0,         0,   119.5,decoder_by_matrix,e41ade2e4684e0396b9a3890c882b6453b515d69885aa1d89a26ce21ec554895,"{""distance"":5,""physical_error_rate"":1e-06}","{""detection_events"":760,""detectors_checked"":181739520}"
   1061888,         0,         0,   119.5,decoder_by_matrix,b84cf4b8ca220d31f17e1e2ea9ab927bbc4176b15682c650e7d1dd8f2758172b,"{""distance"":5,""physical_error_rate"":0.0005}","{""detection_events"":301270,""detectors_checked"":180520960}"
   1003520,         0,         0,   119.6,decoder_by_matrix,0421d486f8a041838688df650e87c0a19c3450ab7a7cc8b3dc589ebff86d1c74,"{""distance"":5,""physical_error_rate"":0.0001}","{""detection_events"":58615,""detectors_checked"":170598400}"
   1233920,         0,         0,   119.4,decoder_by_matrix,0421d486f8a041838688df650e87c0a19c3450ab7a7cc8b3dc589ebff86d1c74,"{""distance"":5,""physical_error_rate"":0.0001}","{""detection_events"":70890,""detectors_checked"":209766400}"
   1000448,         0,         0,   119.5,decoder_by_matrix,b84cf4b8ca220d31f17e1e2ea9ab927bbc4176b15682c650e7d1dd8f2758172b,"{""distance"":5,""physical_error_rate"":0.0005}","{""detection_events"":284570,""detectors_checked"":170076160}"
   1292288,         0,         0,   119.4,decoder_by_matrix,e41ade2e4684e0396b9a3890c882b6453b515d69885aa1d89a26ce21ec554895,"{""distance"":5,""physical_error_rate"":1e-06}","{""detection_events"":1070,""detectors_checked"":219688960}"
   1045504,         0,         0,   119.6,decoder_by_matrix,9c6baee88fc81e7d1aa345fcb3feec7ee81f21c5d49cb6ca037118097d89e180,"{""distance"":5,""physical_error_rate"":5e-05}","{""detection_events"":28820,""detectors_checked"":177735680}"
   1266688,         0,         0,   119.6,decoder_by_matrix,9c6baee88fc81e7d1aa345fcb3feec7ee81f21c5d49cb6ca037118097d89e180,"{""distance"":5,""physical_error_rate"":5e-05}","{""detection_events"":35615,""detectors_checked"":215336960}"
   1137664,         0,         0,   119.4,decoder_by_matrix,0421d486f8a041838688df650e87c0a19c3450ab7a7cc8b3dc589ebff86d1c74,"{""distance"":5,""physical_error_rate"":0.0001}","{""detection_events"":62650,""detectors_checked"":193402880}"
    971776,         0,         0,   119.2,decoder_by_matrix,3c866087b289edc25e9adea730044a15db18cabfd3ae2507fc844d5b4e03657a,"{""distance"":5,""physical_error_rate"":5e-06}","{""detection_events"":2840,""detectors_checked"":165201920}"
   1154048,         0,         0,   119.5,decoder_by_matrix,e41ade2e4684e0396b9a3890c882b6453b515d69885aa1d89a26ce21ec554895,"{""distance"":5,""physical_error_rate"":1e-06}","{""detection_events"":515,""detectors_checked"":196188160}"
   1129472,         3,         0,   119.5,decoder_by_matrix,066a5d8d46981b593c3dec855f441edbe9e755a8873183448f69d036a2ecc650,"{""distance"":5,""physical_error_rate"":0.001}","{""detection_events"":645150,""detectors_checked"":192010240,""obs_mistake_mask=E__E"":1,""obs_mistake_mask=E___"":1,""obs_mistake_mask=__E_"":1}"
   1214464,         0,         0,   119.4,decoder_by_matrix,9c6baee88fc81e7d1aa345fcb3feec7ee81f21c5d49cb6ca037118097d89e180,"{""distance"":5,""physical_error_rate"":5e-05}","{""detection_events"":35795,""detectors_checked"":206458880}"
   1108992,         0,         0,   119.3,decoder_by_matrix,fa5edda0c1038186c8afbec49b0215a0b852396cdb50783a3f937fdf51d2afac,"{""distance"":5,""physical_error_rate"":1e-05}","{""detection_events"":6705,""detectors_checked"":188528640}"
   1076224,         0,         0,   119.6,decoder_by_matrix,b84cf4b8ca220d31f17e1e2ea9ab927bbc4176b15682c650e7d1dd8f2758172b,"{""distance"":5,""physical_error_rate"":0.0005}","{""detection_events"":303665,""detectors_checked"":182958080}"
   1300480,         0,         0,   119.5,decoder_by_matrix,fa5edda0c1038186c8afbec49b0215a0b852396cdb50783a3f937fdf51d2afac,"{""distance"":5,""physical_error_rate"":1e-05}","{""detection_events"":7100,""detectors_checked"":221081600}"
   1259520,         0,         0,   119.5,decoder_by_matrix,9c6baee88fc81e7d1aa345fcb3feec7ee81f21c5d49cb6ca037118097d89e180,"{""distance"":5,""physical_error_rate"":5e-05}","{""detection_events"":36670,""detectors_checked"":214118400}"
   1275904,         0,         0,   119.6,decoder_by_matrix,e41ade2e4684e0396b9a3890c882b6453b515d69885aa1d89a26ce21ec554895,"{""distance"":5,""physical_error_rate"":1e-06}","{""detection_events"":695,""detectors_checked"":216903680}"
   1213440,         0,         0,   119.4,decoder_by_matrix,3c866087b289edc25e9adea730044a15db18cabfd3ae2507fc844d5b4e03657a,"{""distance"":5,""physical_error_rate"":5e-06}","{""detection_events"":3470,""detectors_checked"":206284800}"
   1122304,         0,         0,   119.5,decoder_by_matrix,0421d486f8a041838688df650e87c0a19c3450ab7a7cc8b3dc589ebff86d1c74,"{""distance"":5,""physical_error_rate"":0.0001}","{""detection_events"":63260,""detectors_checked"":190791680}"
    976896,         0,         0,   119.6,decoder_by_matrix,b84cf4b8ca220d31f17e1e2ea9ab927bbc4176b15682c650e7d1dd8f2758172b,"{""distance"":5,""physical_error_rate"":0.0005}","{""detection_events"":277520,""detectors_checked"":166072320}"
   1226752,         0,         0,   119.5,decoder_by_matrix,0421d486f8a041838688df650e87c0a19c3450ab7a7cc8b3dc589ebff86d1c74,"{""distance"":5,""physical_error_rate"":0.0001}","{""detection_events"":69495,""detectors_checked"":208547840}"
   1201152,         0,         0,   119.5,decoder_by_matrix,fa5edda0c1038186c8afbec49b0215a0b852396cdb50783a3f937fdf51d2afac,"{""distance"":5,""physical_error_rate"":1e-05}","{""detection_events"":6545,""detectors_checked"":204195840}"
   1168384,         0,         0,   119.4,decoder_by_matrix,fa5edda0c1038186c8afbec49b0215a0b852396cdb50783a3f937fdf51d2afac,"{""distance"":5,""physical_error_rate"":1e-05}","{""detection_events"":6770,""detectors_checked"":198625280}"
   1149952,         0,         0,   119.6,decoder_by_matrix,3c866087b289edc25e9adea730044a15db18cabfd3ae2507fc844d5b4e03657a,"{""distance"":5,""physical_error_rate"":5e-06}","{""detection_events"":3480,""detectors_checked"":195491840}"
   1218560,         2,         0,   119.5,decoder_by_matrix,066a5d8d46981b593c3dec855f441edbe9e755a8873183448f69d036a2ecc650,"{""distance"":5,""physical_error_rate"":0.001}","{""detection_events"":686465,""detectors_checked"":207155200,""obs_mistake_mask=E_E_"":1,""obs_mistake_mask=__E_"":1}"
   1034240,         0,         0,   119.4,decoder_by_matrix,9c6baee88fc81e7d1aa345fcb3feec7ee81f21c5d49cb6ca037118097d89e180,"{""distance"":5,""physical_error_rate"":5e-05}","{""detection_events"":28800,""detectors_checked"":175820800}"
    970752,         0,         0,   119.6,decoder_by_matrix,fa5edda0c1038186c8afbec49b0215a0b852396cdb50783a3f937fdf51d2afac,"{""distance"":5,""physical_error_rate"":1e-05}","{""detection_events"":6005,""detectors_checked"":165027840}"
   1119232,         1,         0,   119.5,decoder_by_matrix,066a5d8d46981b593c3dec855f441edbe9e755a8873183448f69d036a2ecc650,"{""distance"":5,""physical_error_rate"":0.001}","{""detection_events"":638470,""detectors_checked"":190269440,""obs_mistake_mask=_E__"":1}"
   1145856,         0,         0,   119.6,decoder_by_matrix,e41ade2e4684e0396b9a3890c882b6453b515d69885aa1d89a26ce21ec554895,"{""distance"":5,""physical_error_rate"":1e-06}","{""detection_events"":590,""detectors_checked"":194795520}"
   1155072,         0,         0,   119.4,decoder_by_matrix,9c6baee88fc81e7d1aa345fcb3feec7ee81f21c5d49cb6ca037118097d89e180,"{""distance"":5,""physical_error_rate"":5e-05}","{""detection_events"":32930,""detectors_checked"":196362240}"
   1174528,         0,         0,   119.4,decoder_by_matrix,9c6baee88fc81e7d1aa345fcb3feec7ee81f21c5d49cb6ca037118097d89e180,"{""distance"":5,""physical_error_rate"":5e-05}","{""detection_events"":33175,""detectors_checked"":199669760}"
   1060864,         1,         0,   119.6,decoder_by_matrix,b84cf4b8ca220d31f17e1e2ea9ab927bbc4176b15682c650e7d1dd8f2758172b,"{""distance"":5,""physical_error_rate"":0.0005}","{""detection_events"":298870,""detectors_checked"":180346880,""obs_mistake_mask=__EE"":1}"
   1163264,         0,         0,   119.5,decoder_by_matrix,e41ade2e4684e0396b9a3890c882b6453b515d69885aa1d89a26ce21ec554895,"{""distance"":5,""physical_error_rate"":1e-06}","{""detection_events"":630,""detectors_checked"":197754880}"
   1096704,         0,         0,   119.4,decoder_by_matrix,0421d486f8a041838688df650e87c0a19c3450ab7a7cc8b3dc589ebff86d1c74,"{""distance"":5,""physical_error_rate"":0.0001}","{""detection_events"":62510,""detectors_checked"":186439680}"
   1125376,         0,         0,   119.6,decoder_by_matrix,3c866087b289edc25e9adea730044a15db18cabfd3ae2507fc844d5b4e03657a,"{""distance"":5,""physical_error_rate"":5e-06}","{""detection_events"":3755,""detectors_checked"":191313920}"
   1093632,         1,         0,   119.5,decoder_by_matrix,b84cf4b8ca220d31f17e1e2ea9ab927bbc4176b15682c650e7d1dd8f2758172b,"{""distance"":5,""physical_error_rate"":0.0005}","{""detection_events"":304235,""detectors_checked"":185917440,""obs_mistake_mask=___E"":1}"
   1084416,         0,         0,   119.6,decoder_by_matrix,3c866087b289edc25e9adea730044a15db18cabfd3ae2507fc844d5b4e03657a,"{""distance"":5,""physical_error_rate"":5e-06}","{""detection_events"":2970,""detectors_checked"":184350720}"
    948224,         0,         0,   119.6,decoder_by_matrix,3c866087b289edc25e9adea730044a15db18cabfd3ae2507fc844d5b4e03657a,"{""distance"":5,""physical_error_rate"":5e-06}","{""detection_events"":2230,""detectors_checked"":161198080}"
   1033216,         0,         0,   119.6,decoder_by_matrix,0421d486f8a041838688df650e87c0a19c3450ab7a7cc8b3dc589ebff86d1c74,"{""distance"":5,""physical_error_rate"":0.0001}","{""detection_events"":59630,""detectors_checked"":175646720}"
   1078272,         0,         0,   119.7,decoder_by_matrix,fa5edda0c1038186c8afbec49b0215a0b852396cdb50783a3f937fdf51d2afac,"{""distance"":5,""physical_error_rate"":1e-05}","{""detection_events"":5670,""detectors_checked"":183306240}"
   1152000,         0,         0,   119.7,decoder_by_matrix,b84cf4b8ca220d31f17e1e2ea9ab927bbc4176b15682c650e7d1dd8f2758172b,"{""distance"":5,""physical_error_rate"":0.0005}","{""detection_events"":329755,""detectors_checked"":195840000}"
   1034240,         1,         0,   119.5,decoder_by_matrix,066a5d8d46981b593c3dec855f441edbe9e755a8873183448f69d036a2ecc650,"{""distance"":5,""physical_error_rate"":0.001}","{""detection_events"":588230,""detectors_checked"":175820800,""obs_mistake_mask=_E__"":1}"
   1094656,         0,         0,   119.6,decoder_by_matrix,3c866087b289edc25e9adea730044a15db18cabfd3ae2507fc844d5b4e03657a,"{""distance"":5,""physical_error_rate"":5e-06}","{""detection_events"":3285,""detectors_checked"":186091520}"
   1027072,         2,         0,   119.4,decoder_by_matrix,066a5d8d46981b593c3dec855f441edbe9e755a8873183448f69d036a2ecc650,"{""distance"":5,""physical_error_rate"":0.001}","{""detection_events"":582355,""detectors_checked"":174602240,""obs_mistake_mask=_EE_"":1,""obs_mistake_mask=__E_"":1}"
   1061888,         0,         0,   119.5,decoder_by_matrix,fa5edda0c1038186c8afbec49b0215a0b852396cdb50783a3f937fdf51d2afac,"{""distance"":5,""physical_error_rate"":1e-05}","{""detection_events"":5860,""detectors_checked"":180520960}"
   1088512,         3,         0,   119.5,decoder_by_matrix,066a5d8d46981b593c3dec855f441edbe9e755a8873183448f69d036a2ecc650,"{""distance"":5,""physical_error_rate"":0.001}","{""detection_events"":619045,""detectors_checked"":185047040,""obs_mistake_mask=_EEE"":1,""obs_mistake_mask=_E__"":2}"
   1168384,         0,         0,   119.6,decoder_by_matrix,e41ade2e4684e0396b9a3890c882b6453b515d69885aa1d89a26ce21ec554895,"{""distance"":5,""physical_error_rate"":1e-06}","{""detection_events"":860,""detectors_checked"":198625280}"
   1173504,         0,         0,   119.4,decoder_by_matrix,e41ade2e4684e0396b9a3890c882b6453b515d69885aa1d89a26ce21ec554895,"{""distance"":5,""physical_error_rate"":1e-06}","{""detection_events"":640,""detectors_checked"":199495680}"
   1173504,         0,         0,   119.7,decoder_by_matrix,b84cf4b8ca220d31f17e1e2ea9ab927bbc4176b15682c650e7d1dd8f2758172b,"{""distance"":5,""physical_error_rate"":0.0005}","{""detection_events"":336645,""detectors_checked"":199495680}"
   1100800,         0,         0,   119.5,decoder_by_matrix,0421d486f8a041838688df650e87c0a19c3450ab7a7cc8b3dc589ebff86d1c74,"{""distance"":5,""physical_error_rate"":0.0001}","{""detection_events"":61260,""detectors_checked"":187136000}"
   1142784,         0,         0,   119.5,decoder_by_matrix,0421d486f8a041838688df650e87c0a19c3450ab7a7cc8b3dc589ebff86d1c74,"{""distance"":5,""physical_error_rate"":0.0001}","{""detection_events"":65290,""detectors_checked"":194273280}"
   1140736,         0,         0,   119.6,decoder_by_matrix,b84cf4b8ca220d31f17e1e2ea9ab927bbc4176b15682c650e7d1dd8f2758172b,"{""distance"":5,""physical_error_rate"":0.0005}","{""detection_events"":324185,""detectors_checked"":193925120}"
   1341440,         0,         0,   119.4,decoder_by_matrix,e41ade2e4684e0396b9a3890c882b6453b515d69885aa1d89a26ce21ec554895,"{""distance"":5,""physical_error_rate"":1e-06}","{""detection_events"":655,""detectors_checked"":228044800}"
   1020928,         0,         0,   119.4,decoder_by_matrix,9c6baee88fc81e7d1aa345fcb3feec7ee81f21c5d49cb6ca037118097d89e180,"{""distance"":5,""physical_error_rate"":5e-05}","{""detection_events"":29465,""detectors_checked"":173557760}"
   1093632,         0,         0,   119.6,decoder_by_matrix,9c6baee88fc81e7d1aa345fcb3feec7ee81f21c5d49cb6ca037118097d89e180,"{""distance"":5,""physical_error_rate"":5e-05}","{""detection_events"":31305,""detectors_checked"":185917440}"
   1146880,         0,         0,   119.6,decoder_by_matrix,0421d486f8a041838688df650e87c0a19c3450ab7a7cc8b3dc589ebff86d1c74,"{""distance"":5,""physical_error_rate"":0.0001}","{""detection_events"":64705,""detectors_checked"":194969600}"
   1213440,         0,         0,   119.5,decoder_by_matrix,3c866087b289edc25e9adea730044a15db18cabfd3ae2507fc844d5b4e03657a,"{""distance"":5,""physical_error_rate"":5e-06}","{""detection_events"":3300,""detectors_checked"":206284800}"
   1059840,         0,         0,   119.4,decoder_by_matrix,e41ade2e4684e0396b9a3890c882b6453b515d69885aa1d89a26ce21ec554895,"{""distance"":5,""physical_error_rate"":1e-06}","{""detection_events"":765,""detectors_checked"":180172800}"
    974848,         3,         0,   119.5,decoder_by_matrix,066a5d8d46981b593c3dec855f441edbe9e755a8873183448f69d036a2ecc650,"{""distance"":5,""physical_error_rate"":0.001}","{""detection_events"":548290,""detectors_checked"":165724160,""obs_mistake_mask=_E__"":2,""obs_mistake_mask=__E_"":1}"
   1007616,         0,         0,   119.6,decoder_by_matrix,9c6baee88fc81e7d1aa345fcb3feec7ee81f21c5d49cb6ca037118097d89e180,"{""distance"":5,""physical_error_rate"":5e-05}","{""detection_events"":29520,""detectors_checked"":171294720}"
   1267712,         0,         0,   119.7,decoder_by_matrix,fa5edda0c1038186c8afbec49b0215a0b852396cdb50783a3f937fdf51d2afac,"{""distance"":5,""physical_error_rate"":1e-05}","{""detection_events"":7450,""detectors_checked"":215511040}"
   1209344,         1,         0,   119.3,decoder_by_matrix,b84cf4b8ca220d31f17e1e2ea9ab927bbc4176b15682c650e7d1dd8f2758172b,"{""distance"":5,""physical_error_rate"":0.0005}","{""detection_events"":342820,""detectors_checked"":205588480,""obs_mistake_mask=E___"":1}"
   1227776,         0,         0,   119.4,decoder_by_matrix,fa5edda0c1038186c8afbec49b0215a0b852396cdb50783a3f937fdf51d2afac,"{""distance"":5,""physical_error_rate"":1e-05}","{""detection_events"":6560,""detectors_checked"":208721920}"
   1182720,         0,         0,   119.4,decoder_by_matrix,9c6baee88fc81e7d1aa345fcb3feec7ee81f21c5d49cb6ca037118097d89e180,"{""distance"":5,""physical_error_rate"":5e-05}","{""detection_events"":32795,""detectors_checked"":201062400}"
   1198080,         0,         0,   119.5,decoder_by_matrix,e41ade2e4684e0396b9a3890c882b6453b515d69885aa1d89a26ce21ec554895,"{""distance"":5,""physical_error_rate"":1e-06}","{""detection_events"":475,""detectors_checked"":203673600}"
   1169408,         0,         0,   119.3,decoder_by_matrix,3c866087b289edc25e9adea730044a15db18cabfd3ae2507fc844d5b4e03657a,"{""distance"":5,""physical_error_rate"":5e-06}","{""detection_events"":3385,""detectors_checked"":198799360}"
   1225728,         0,         0,   119.7,decoder_by_matrix,0421d486f8a041838688df650e87c0a19c3450ab7a7cc8b3dc589ebff86d1c74,"{""distance"":5,""physical_error_rate"":0.0001}","{""detection_events"":71355,""detectors_checked"":208373760}"
   1190912,         1,         0,   119.6,decoder_by_matrix,b84cf4b8ca220d31f17e1e2ea9ab927bbc4176b15682c650e7d1dd8f2758172b,"{""distance"":5,""physical_error_rate"":0.0005}","{""detection_events"":343625,""detectors_checked"":202455040,""obs_mistake_mask=E___"":1}"
   1148928,         0,         0,   119.6,decoder_by_matrix,0421d486f8a041838688df650e87c0a19c3450ab7a7cc8b3dc589ebff86d1c74,"{""distance"":5,""physical_error_rate"":0.0001}","{""detection_events"":65120,""detectors_checked"":195317760}"
   1340416,         0,         0,   119.4,decoder_by_matrix,fa5edda0c1038186c8afbec49b0215a0b852396cdb50783a3f937fdf51d2afac,"{""distance"":5,""physical_error_rate"":1e-05}","{""detection_events"":7940,""detectors_checked"":227870720}"
   1231872,         0,         0,   119.4,decoder_by_matrix,fa5edda0c1038186c8afbec49b0215a0b852396cdb50783a3f937fdf51d2afac,"{""distance"":5,""physical_error_rate"":1e-05}","{""detection_events"":6660,""detectors_checked"":209418240}"
   1348608,         0,         0,   119.5,decoder_by_matrix,3c866087b289edc25e9adea730044a15db18cabfd3ae2507fc844d5b4e03657a,"{""distance"":5,""physical_error_rate"":5e-06}","{""detection_events"":4085,""detectors_checked"":229263360}"
   1201152,         4,         0,   119.5,decoder_by_matrix,066a5d8d46981b593c3dec855f441edbe9e755a8873183448f69d036a2ecc650,"{""distance"":5,""physical_error_rate"":0.001}","{""detection_events"":684510,""detectors_checked"":204195840,""obs_mistake_mask=EE__"":1,""obs_mistake_mask=E___"":1,""obs_mistake_mask=_EEE"":1,""obs_mistake_mask=__E_"":1}"
    750592,         0,         0,   119.5,decoder_by_matrix,9c6baee88fc81e7d1aa345fcb3feec7ee81f21c5d49cb6ca037118097d89e180,"{""distance"":5,""physical_error_rate"":5e-05}","{""detection_events"":20540,""detectors_checked"":127600640}"
   1198080,         0,         0,   119.5,decoder_by_matrix,fa5edda0c1038186c8afbec49b0215a0b852396cdb50783a3f937fdf51d2afac,"{""distance"":5,""physical_error_rate"":1e-05}","{""detection_events"":7150,""detectors_checked"":203673600}"
   1234944,         1,         0,   119.4,decoder_by_matrix,066a5d8d46981b593c3dec855f441edbe9e755a8873183448f69d036a2ecc650,"{""distance"":5,""physical_error_rate"":0.001}","{""detection_events"":698660,""detectors_checked"":209940480,""obs_mistake_mask=_EEE"":1}"
    879616,         0,         0,   119.3,decoder_by_matrix,e41ade2e4684e0396b9a3890c882b6453b515d69885aa1d89a26ce21ec554895,"{""distance"":5,""physical_error_rate"":1e-06}","{""detection_events"":605,""detectors_checked"":149534720}"
   1247232,         0,         0,   119.5,decoder_by_matrix,9c6baee88fc81e7d1aa345fcb3feec7ee81f21c5d49cb6ca037118097d89e180,"{""distance"":5,""physical_error_rate"":5e-05}","{""detection_events"":35365,""detectors_checked"":212029440}"
   1175552,         0,         0,   119.5,decoder_by_matrix,9c6baee88fc81e7d1aa345fcb3feec7ee81f21c5d49cb6ca037118097d89e180,"{""distance"":5,""physical_error_rate"":5e-05}","{""detection_events"":33530,""detectors_checked"":199843840}"
   1309696,         0,         0,   119.5,decoder_by_matrix,e41ade2e4684e0396b9a3890c882b6453b515d69885aa1d89a26ce21ec554895,"{""distance"":5,""physical_error_rate"":1e-06}","{""detection_events"":710,""detectors_checked"":222648320}"
    852992,         0,         0,   119.6,decoder_by_matrix,b84cf4b8ca220d31f17e1e2ea9ab927bbc4176b15682c650e7d1dd8f2758172b,"{""distance"":5,""physical_error_rate"":0.0005}","{""detection_events"":240145,""detectors_checked"":145008640}"
   1019904,         0,         0,   119.5,decoder_by_matrix,3c866087b289edc25e9adea730044a15db18cabfd3ae2507fc844d5b4e03657a,"{""distance"":5,""physical_error_rate"":5e-06}","{""detection_events"":3355,""detectors_checked"":173383680}"
    950272,         0,         0,   119.5,decoder_by_matrix,0421d486f8a041838688df650e87c0a19c3450ab7a7cc8b3dc589ebff86d1c74,"{""distance"":5,""physical_error_rate"":0.0001}","{""detection_events"":55080,""detectors_checked"":161546240}"
   1195008,         0,         0,   119.7,decoder_by_matrix,b84cf4b8ca220d31f17e1e2ea9ab927bbc4176b15682c650e7d1dd8f2758172b,"{""distance"":5,""physical_error_rate"":0.0005}","{""detection_events"":342325,""detectors_checked"":203151360}"
   1080320,         0,         0,   119.5,decoder_by_matrix,3c866087b289edc25e9adea730044a15db18cabfd3ae2507fc844d5b4e03657a,"{""distance"":5,""physical_error_rate"":5e-06}","{""detection_events"":3200,""detectors_checked"":183654400}"
   1311744,         0,         0,   119.6,decoder_by_matrix,3c866087b289edc25e9adea730044a15db18cabfd3ae2507fc844d5b4e03657a,"{""distance"":5,""physical_error_rate"":5e-06}","{""detection_events"":3975,""detectors_checked"":222996480}"
   1215488,         0,         0,   119.5,decoder_by_matrix,fa5edda0c1038186c8afbec49b0215a0b852396cdb50783a3f937fdf51d2afac,"{""distance"":5,""physical_error_rate"":1e-05}","{""detection_events"":6810,""detectors_checked"":206632960}"
    916480,         0,         0,   119.4,decoder_by_matrix,0421d486f8a041838688df650e87c0a19c3450ab7a7cc8b3dc589ebff86d1c74,"{""distance"":5,""physical_error_rate"":0.0001}","{""detection_events"":53590,""detectors_checked"":155801600}"
   1274880,         0,         0,   119.6,decoder_by_matrix,b84cf4b8ca220d31f17e1e2ea9ab927bbc4176b15682c650e7d1dd8f2758172b,"{""distance"":5,""physical_error_rate"":0.0005}","{""detection_events"":363585,""detectors_checked"":216729600}"
   1150976,         6,         0,   119.5,decoder_by_matrix,066a5d8d46981b593c3dec855f441edbe9e755a8873183448f69d036a2ecc650,"{""distance"":5,""physical_error_rate"":0.001}","{""detection_events"":656250,""detectors_checked"":195665920,""obs_mistake_mask=E_EE"":1,""obs_mistake_mask=E__E"":1,""obs_mistake_mask=E___"":1,""obs_mistake_mask=_E__"":1,""obs_mistake_mask=__EE"":1,""obs_mistake_mask=__E_"":1}"
   1221632,         0,         0,   119.6,decoder_by_matrix,3c866087b289edc25e9adea730044a15db18cabfd3ae2507fc844d5b4e03657a,"{""distance"":5,""physical_error_rate"":5e-06}","{""detection_events"":3910,""detectors_checked"":207677440}"
   1197056,         1,         0,   119.5,decoder_by_matrix,066a5d8d46981b593c3dec855f441edbe9e755a8873183448f69d036a2ecc650,"{""distance"":5,""physical_error_rate"":0.001}","{""detection_events"":685285,""detectors_checked"":203499520,""obs_mistake_mask=E___"":1}"
   1097728,         0,         0,   119.5,decoder_by_matrix,fa5edda0c1038186c8afbec49b0215a0b852396cdb50783a3f937fdf51d2afac,"{""distance"":5,""physical_error_rate"":1e-05}","{""detection_events"":6640,""detectors_checked"":186613760}"
    883712,         4,         0,   119.5,decoder_by_matrix,066a5d8d46981b593c3dec855f441edbe9e755a8873183448f69d036a2ecc650,"{""distance"":5,""physical_error_rate"":0.001}","{""detection_events"":505935,""detectors_checked"":150231040,""obs_mistake_mask=E_EE"":1,""obs_mistake_mask=_EE_"":1,""obs_mistake_mask=_E__"":1,""obs_mistake_mask=___E"":1}"
   1301504,         0,         0,   119.4,decoder_by_matrix,e41ade2e4684e0396b9a3890c882b6453b515d69885aa1d89a26ce21ec554895,"{""distance"":5,""physical_error_rate"":1e-06}","{""detection_events"":760,""detectors_checked"":221255680}"
   1231872,         0,         0,   119.5,decoder_by_matrix,e41ade2e4684e0396b9a3890c882b6453b515d69885aa1d89a26ce21ec554895,"{""distance"":5,""physical_error_rate"":1e-06}","{""detection_events"":775,""detectors_checked"":209418240}"
    888832,         1,         0,   119.6,decoder_by_matrix,b84cf4b8ca220d31f17e1e2ea9ab927bbc4176b15682c650e7d1dd8f2758172b,"{""distance"":5,""physical_error_rate"":0.0005}","{""detection_events"":250950,""detectors_checked"":151101440,""obs_mistake_mask=__E_"":1}"
   1168384,         0,         0,   119.5,decoder_by_matrix,0421d486f8a041838688df650e87c0a19c3450ab7a7cc8b3dc589ebff86d1c74,"{""distance"":5,""physical_error_rate"":0.0001}","{""detection_events"":66900,""detectors_checked"":198625280}"
   1212416,         0,         0,   119.5,decoder_by_matrix,0421d486f8a041838688df650e87c0a19c3450ab7a7cc8b3dc589ebff86d1c74,"{""distance"":5,""physical_error_rate"":0.0001}","{""detection_events"":69220,""detectors_checked"":206110720}"
   1155072,         1,         0,   119.5,decoder_by_matrix,b84cf4b8ca220d31f17e1e2ea9ab927bbc4176b15682c650e7d1dd8f2758172b,"{""distance"":5,""physical_error_rate"":0.0005}","{""detection_events"":330180,""detectors_checked"":196362240,""obs_mistake_mask=E___"":1}"
   1084416,         0,         0,   119.4,decoder_by_matrix,e41ade2e4684e0396b9a3890c882b6453b515d69885aa1d89a26ce21ec554895,"{""distance"":5,""physical_error_rate"":1e-06}","{""detection_events"":630,""detectors_checked"":184350720}"
   1165312,         0,         0,   119.6,decoder_by_matrix,9c6baee88fc81e7d1aa345fcb3feec7ee81f21c5d49cb6ca037118097d89e180,"{""distance"":5,""physical_error_rate"":5e-05}","{""detection_events"":35545,""detectors_checked"":198103040}"
    956416,         0,         0,   119.5,decoder_by_matrix,9c6baee88fc81e7d1aa345fcb3feec7ee81f21c5d49cb6ca037118097d89e180,"{""distance"":5,""physical_error_rate"":5e-05}","{""detection_events"":26650,""detectors_checked"":162590720}"
   1062912,         0,         0,   119.5,decoder_by_matrix,0421d486f8a041838688df650e87c0a19c3450ab7a7cc8b3dc589ebff86d1c74,"{""distance"":5,""physical_error_rate"":0.0001}","{""detection_events"":59715,""detectors_checked"":180695040}"
   1233920,         0,         0,   119.4,decoder_by_matrix,3c866087b289edc25e9adea730044a15db18cabfd3ae2507fc844d5b4e03657a,"{""distance"":5,""physical_error_rate"":5e-06}","{""detection_events"":3375,""detectors_checked"":209766400}"
    745472,         0,         0,   119.7,decoder_by_matrix,e41ade2e4684e0396b9a3890c882b6453b515d69885aa1d89a26ce21ec554895,"{""distance"":5,""physical_error_rate"":1e-06}","{""detection_events"":450,""detectors_checked"":126730240}"
    927744,         1,         0,   119.6,decoder_by_matrix,066a5d8d46981b593c3dec855f441edbe9e755a8873183448f69d036a2ecc650,"{""distance"":5,""physical_error_rate"":0.001}","{""detection_events"":521360,""detectors_checked"":157716480,""obs_mistake_mask=EEE_"":1}"
   1131520,         0,         0,   119.4,decoder_by_matrix,9c6baee88fc81e7d1aa345fcb3feec7ee81f21c5d49cb6ca037118097d89e180,"{""distance"":5,""physical_error_rate"":5e-05}","{""detection_events"":33905,""detectors_checked"":192358400}"
    857088,         0,         0,   119.5,decoder_by_matrix,fa5edda0c1038186c8afbec49b0215a0b852396cdb50783a3f937fdf51d2afac,"{""distance"":5,""physical_error_rate"":1e-05}","{""detection_events"":5445,""detectors_checked"":145704960}"
   1284096,         1,         0,   119.6,decoder_by_matrix,b84cf4b8ca220d31f17e1e2ea9ab927bbc4176b15682c650e7d1dd8f2758172b,"{""distance"":5,""physical_error_rate"":0.0005}","{""detection_events"":367210,""detectors_checked"":218296320,""obs_mistake_mask=E__E"":1}"
   1257472,         0,         0,   119.5,decoder_by_matrix,fa5edda0c1038186c8afbec49b0215a0b852396cdb50783a3f937fdf51d2afac,"{""distance"":5,""physical_error_rate"":1e-05}","{""detection_events"":7060,""detectors_checked"":213770240}"
   1282048,         0,         0,   119.7,decoder_by_matrix,9c6baee88fc81e7d1aa345fcb3feec7ee81f21c5d49cb6ca037118097d89e180,"{""distance"":5,""physical_error_rate"":5e-05}","{""detection_events"":36720,""detectors_checked"":217948160}"
   1256448,         0,         0,   119.6,decoder_by_matrix,e41ade2e4684e0396b9a3890c882b6453b515d69885aa1d89a26ce21ec554895,"{""distance"":5,""physical_error_rate"":1e-06}","{""detection_events"":595,""detectors_checked"":213596160}"
   1287168,         0,         0,   119.5,decoder_by_matrix,3c866087b289edc25e9adea730044a15db18cabfd3ae2507fc844d5b4e03657a,"{""distance"":5,""physical_error_rate"":5e-06}","{""detection_events"":3620,""detectors_checked"":218818560}"
   1036288,         0,         0,   119.7,decoder_by_matrix,0421d486f8a041838688df650e87c0a19c3450ab7a7cc8b3dc589ebff86d1c74,"{""distance"":5,""physical_error_rate"":0.0001}","{""detection_events"":61160,""detectors_checked"":176168960}"
   1032192,         2,         0,   119.5,decoder_by_matrix,b84cf4b8ca220d31f17e1e2ea9ab927bbc4176b15682c650e7d1dd8f2758172b,"{""distance"":5,""physical_error_rate"":0.0005}","{""detection_events"":297100,""detectors_checked"":175472640,""obs_mistake_mask=E___"":1,""obs_mistake_mask=_E__"":1}"
   1121280,         0,         0,   119.6,decoder_by_matrix,0421d486f8a041838688df650e87c0a19c3450ab7a7cc8b3dc589ebff86d1c74,"{""distance"":5,""physical_error_rate"":0.0001}","{""detection_events"":63295,""detectors_checked"":190617600}"
   1250304,         0,         0,   119.5,decoder_by_matrix,fa5edda0c1038186c8afbec49b0215a0b852396cdb50783a3f937fdf51d2afac,"{""distance"":5,""physical_error_rate"":1e-05}","{""detection_events"":7375,""detectors_checked"":212551680}"
   1259520,         0,         0,   119.5,decoder_by_matrix,fa5edda0c1038186c8afbec49b0215a0b852396cdb50783a3f937fdf51d2afac,"{""distance"":5,""physical_error_rate"":1e-05}","{""detection_events"":6730,""detectors_checked"":214118400}"
   1150976,         0,         0,   119.5,decoder_by_matrix,3c866087b289edc25e9adea730044a15db18cabfd3ae2507fc844d5b4e03657a,"{""distance"":5,""physical_error_rate"":5e-06}","{""detection_events"":3520,""detectors_checked"":195665920}"
   1199104,         2,         0,   119.5,decoder_by_matrix,066a5d8d46981b593c3dec855f441edbe9e755a8873183448f69d036a2ecc650,"{""distance"":5,""physical_error_rate"":0.001}","{""detection_events"":683060,""detectors_checked"":203847680,""obs_mistake_mask=_E_E"":1,""obs_mistake_mask=___E"":1}"
    962560,         0,         0,   119.6,decoder_by_matrix,9c6baee88fc81e7d1aa345fcb3feec7ee81f21c5d49cb6ca037118097d89e180,"{""distance"":5,""physical_error_rate"":5e-05}","{""detection_events"":28590,""detectors_checked"":163635200}"
   1146880,         4,         0,   119.5,decoder_by_matrix,066a5d8d46981b593c3dec855f441edbe9e755a8873183448f69d036a2ecc650,"{""distance"":5,""physical_error_rate"":0.001}","{""detection_events"":652240,""detectors_checked"":194969600,""obs_mistake_mask=E_E_"":1,""obs_mistake_mask=__E_"":1,""obs_mistake_mask=___E"":2}"
   1248256,         0,         0,   119.4,decoder_by_matrix,fa5edda0c1038186c8afbec49b0215a0b852396cdb50783a3f937fdf51d2afac,"{""distance"":5,""physical_error_rate"":1e-05}","{""detection_events"":7335,""detectors_checked"":212203520}"
   1189888,         0,         0,   119.6,decoder_by_matrix,e41ade2e4684e0396b9a3890c882b6453b515d69885aa1d89a26ce21ec554895,"{""distance"":5,""physical_error_rate"":1e-06}","{""detection_events"":435,""detectors_checked"":202280960}"
   1242112,         0,         0,   119.4,decoder_by_matrix,9c6baee88fc81e7d1aa345fcb3feec7ee81f21c5d49cb6ca037118097d89e180,"{""distance"":5,""physical_error_rate"":5e-05}","{""detection_events"":34400,""detectors_checked"":211159040}"
   1197056,         0,         0,   119.4,decoder_by_matrix,9c6baee88fc81e7d1aa345fcb3feec7ee81f21c5d49cb6ca037118097d89e180,"{""distance"":5,""physical_error_rate"":5e-05}","{""detection_events"":34520,""detectors_checked"":203499520}"
   1141760,         0,         0,   119.5,decoder_by_matrix,e41ade2e4684e0396b9a3890c882b6453b515d69885aa1d89a26ce21ec554895,"{""distance"":5,""physical_error_rate"":1e-06}","{""detection_events"":595,""detectors_checked"":194099200}"
   1199104,         0,         0,   119.7,decoder_by_matrix,b84cf4b8ca220d31f17e1e2ea9ab927bbc4176b15682c650e7d1dd8f2758172b,"{""distance"":5,""physical_error_rate"":0.0005}","{""detection_events"":338255,""detectors_checked"":203847680}"
    945152,         0,         0,   119.7,decoder_by_matrix,3c866087b289edc25e9adea730044a15db18cabfd3ae2507fc844d5b4e03657a,"{""distance"":5,""physical_error_rate"":5e-06}","{""detection_events"":2700,""detectors_checked"":160675840}"
    978944,         0,         0,   119.4,decoder_by_matrix,0421d486f8a041838688df650e87c0a19c3450ab7a7cc8b3dc589ebff86d1c74,"{""distance"":5,""physical_error_rate"":0.0001}","{""detection_events"":56440,""detectors_checked"":166420480}"
   1150976,         0,         0,   119.6,decoder_by_matrix,b84cf4b8ca220d31f17e1e2ea9ab927bbc4176b15682c650e7d1dd8f2758172b,"{""distance"":5,""physical_error_rate"":0.0005}","{""detection_events"":329680,""detectors_checked"":195665920}"
   1147904,         0,         0,   119.6,decoder_by_matrix,3c866087b289edc25e9adea730044a15db18cabfd3ae2507fc844d5b4e03657a,"{""distance"":5,""physical_error_rate"":5e-06}","{""detection_events"":3145,""detectors_checked"":195143680}"
   1134592,         0,         0,   119.6,decoder_by_matrix,3c866087b289edc25e9adea730044a15db18cabfd3ae2507fc844d5b4e03657a,"{""distance"":5,""physical_error_rate"":5e-06}","{""detection_events"":3370,""detectors_checked"":192880640}"
    945152,         0,         0,   119.5,decoder_by_matrix,fa5edda0c1038186c8afbec49b0215a0b852396cdb50783a3f937fdf51d2afac,"{""distance"":5,""physical_error_rate"":1e-05}","{""detection_events"":5035,""detectors_checked"":160675840}"
    913408,         0,         0,   119.3,decoder_by_matrix,0421d486f8a041838688df650e87c0a19c3450ab7a7cc8b3dc589ebff86d1c74,"{""distance"":5,""physical_error_rate"":0.0001}","{""detection_events"":52880,""detectors_checked"":155279360}"
   1205248,         0,         0,   119.4,decoder_by_matrix,b84cf4b8ca220d31f17e1e2ea9ab927bbc4176b15682c650e7d1dd8f2758172b,"{""distance"":5,""physical_error_rate"":0.0005}","{""detection_events"":344645,""detectors_checked"":204892160}"
   1128448,         3,         0,   119.6,decoder_by_matrix,066a5d8d46981b593c3dec855f441edbe9e755a8873183448f69d036a2ecc650,"{""distance"":5,""physical_error_rate"":0.001}","{""detection_events"":646255,""detectors_checked"":191836160,""obs_mistake_mask=E___"":1,""obs_mistake_mask=_EE_"":1,""obs_mistake_mask=___E"":1}"
   1188864,         2,         0,   119.6,decoder_by_matrix,066a5d8d46981b593c3dec855f441edbe9e755a8873183448f69d036a2ecc650,"{""distance"":5,""physical_error_rate"":0.001}","{""detection_events"":679750,""detectors_checked"":202106880,""obs_mistake_mask=E___"":1,""obs_mistake_mask=_EEE"":1}"
   1173504,         0,         0,   119.5,decoder_by_matrix,3c866087b289edc25e9adea730044a15db18cabfd3ae2507fc844d5b4e03657a,"{""distance"":5,""physical_error_rate"":5e-06}","{""detection_events"":3120,""detectors_checked"":199495680}"
   1093632,         0,         0,   119.5,decoder_by_matrix,fa5edda0c1038186c8afbec49b0215a0b852396cdb50783a3f937fdf51d2afac,"{""distance"":5,""physical_error_rate"":1e-05}","{""detection_events"":6695,""detectors_checked"":185917440}"
   1150976,         0,         0,   119.6,decoder_by_matrix,e41ade2e4684e0396b9a3890c882b6453b515d69885aa1d89a26ce21ec554895,"{""distance"":5,""physical_error_rate"":1e-06}","{""detection_events"":730,""detectors_checked"":195665920}"
    934912,         1,         0,   119.6,decoder_by_matrix,066a5d8d46981b593c3dec855f441edbe9e755a8873183448f69d036a2ecc650,"{""distance"":5,""physical_error_rate"":0.001}","{""detection_events"":534055,""detectors_checked"":158935040,""obs_mistake_mask=E___"":1}"
   1244160,         0,         0,   119.5,decoder_by_matrix,e41ade2e4684e0396b9a3890c882b6453b515d69885aa1d89a26ce21ec554895,"{""distance"":5,""physical_error_rate"":1e-06}","{""detection_events"":820,""detectors_checked"":211507200}"
   1135616,         0,         0,   119.5,decoder_by_matrix,b84cf4b8ca220d31f17e1e2ea9ab927bbc4176b15682c650e7d1dd8f2758172b,"{""distance"":5,""physical_error_rate"":0.0005}","{""detection_events"":324140,""detectors_checked"":193054720}"
    885760,         0,         0,   119.7,decoder_by_matrix,0421d486f8a041838688df650e87c0a19c3450ab7a7cc8b3dc589ebff86d1c74,"{""distance"":5,""physical_error_rate"":0.0001}","{""detection_events"":50805,""detectors_checked"":150579200}"
   1218560,         0,         0,   119.5,decoder_by_matrix,b84cf4b8ca220d31f17e1e2ea9ab927bbc4176b15682c650e7d1dd8f2758172b,"{""distance"":5,""physical_error_rate"":0.0005}","{""detection_events"":348305,""detectors_checked"":207155200}"
   1187840,         0,         0,   119.3,decoder_by_matrix,0421d486f8a041838688df650e87c0a19c3450ab7a7cc8b3dc589ebff86d1c74,"{""distance"":5,""physical_error_rate"":0.0001}","{""detection_events"":67200,""detectors_checked"":201932800}"
   1348608,         0,         0,   119.5,decoder_by_matrix,e41ade2e4684e0396b9a3890c882b6453b515d69885aa1d89a26ce21ec554895,"{""distance"":5,""physical_error_rate"":1e-06}","{""detection_events"":685,""detectors_checked"":229263360}"
   1099776,         0,         0,   119.5,decoder_by_matrix,9c6baee88fc81e7d1aa345fcb3feec7ee81f21c5d49cb6ca037118097d89e180,"{""distance"":5,""physical_error_rate"":5e-05}","{""detection_events"":30650,""detectors_checked"":186961920}"
    796672,         0,         0,   119.6,decoder_by_matrix,9c6baee88fc81e7d1aa345fcb3feec7ee81f21c5d49cb6ca037118097d89e180,"{""distance"":5,""physical_error_rate"":5e-05}","{""detection_events"":22360,""detectors_checked"":135434240}"
   1203200,         0,         0,   119.7,decoder_by_matrix,0421d486f8a041838688df650e87c0a19c3450ab7a7cc8b3dc589ebff86d1c74,"{""distance"":5,""physical_error_rate"":0.0001}","{""detection_events"":67900,""detectors_checked"":204544000}"
   1250304,         0,         0,   119.5,decoder_by_matrix,3c866087b289edc25e9adea730044a15db18cabfd3ae2507fc844d5b4e03657a,"{""distance"":5,""physical_error_rate"":5e-06}","{""detection_events"":3135,""detectors_checked"":212551680}"
    831488,         0,         0,   119.7,decoder_by_matrix,e41ade2e4684e0396b9a3890c882b6453b515d69885aa1d89a26ce21ec554895,"{""distance"":5,""physical_error_rate"":1e-06}","{""detection_events"":520,""detectors_checked"":141352960}"
    894976,         0,         0,   119.6,decoder_by_matrix,066a5d8d46981b593c3dec855f441edbe9e755a8873183448f69d036a2ecc650,"{""distance"":5,""physical_error_rate"":0.001}","{""detection_events"":516240,""detectors_checked"":152145920}"
   1189888,         0,         0,   119.5,decoder_by_matrix,9c6baee88fc81e7d1aa345fcb3feec7ee81f21c5d49cb6ca037118097d89e180,"{""distance"":5,""physical_error_rate"":5e-05}","{""detection_events"":33980,""detectors_checked"":202280960}"
    819200,         0,         0,   119.6,decoder_by_matrix,fa5edda0c1038186c8afbec49b0215a0b852396cdb50783a3f937fdf51d2afac,"{""distance"":5,""physical_error_rate"":1e-05}","{""detection_events"":5225,""detectors_checked"":139264000}"
   1195008,         0,         0,   119.5,decoder_by_matrix,b84cf4b8ca220d31f17e1e2ea9ab927bbc4176b15682c650e7d1dd8f2758172b,"{""distance"":5,""physical_error_rate"":0.0005}","{""detection_events"":339990,""detectors_checked"":203151360}"
   1291264,         0,         0,   119.6,decoder_by_matrix,fa5edda0c1038186c8afbec49b0215a0b852396cdb50783a3f937fdf51d2afac,"{""distance"":5,""physical_error_rate"":1e-05}","{""detection_events"":7755,""detectors_checked"":219514880}"
   1214464,         0,         0,   119.6,decoder_by_matrix,9c6baee88fc81e7d1aa345fcb3feec7ee81f21c5d49cb6ca037118097d89e180,"{""distance"":5,""physical_error_rate"":5e-05}","{""detection_events"":35855,""detectors_checked"":206458880}"
   1120256,         0,         0,   119.3,decoder_by_matrix,e41ade2e4684e0396b9a3890c882b6453b515d69885aa1d89a26ce21ec554895,"{""distance"":5,""physical_error_rate"":1e-06}","{""detection_events"":555,""detectors_checked"":190443520}"
   1212416,         0,         0,   119.4,decoder_by_matrix,3c866087b289edc25e9adea730044a15db18cabfd3ae2507fc844d5b4e03657a,"{""distance"":5,""physical_error_rate"":5e-06}","{""detection_events"":3695,""detectors_checked"":206110720}"
   1221632,         0,         0,   119.6,decoder_by_matrix,0421d486f8a041838688df650e87c0a19c3450ab7a7cc8b3dc589ebff86d1c74,"{""distance"":5,""physical_error_rate"":0.0001}","{""detection_events"":71220,""detectors_checked"":207677440}"
   1202176,         0,         0,   119.5,decoder_by_matrix,b84cf4b8ca220d31f17e1e2ea9ab927bbc4176b15682c650e7d1dd8f2758172b,"{""distance"":5,""physical_error_rate"":0.0005}","{""detection_events"":340485,""detectors_checked"":204369920}"
   1204224,         0,         0,   119.5,decoder_by_matrix,0421d486f8a041838688df650e87c0a19c3450ab7a7cc8b3dc589ebff86d1c74,"{""distance"":5,""physical_error_rate"":0.0001}","{""detection_events"":68225,""detectors_checked"":204718080}"
   1262592,         0,         0,   119.6,decoder_by_matrix,fa5edda0c1038186c8afbec49b0215a0b852396cdb50783a3f937fdf51d2afac,"{""distance"":5,""physical_error_rate"":1e-05}","{""detection_events"":7145,""detectors_checked"":214640640}"
   1241088,         0,         0,   119.3,decoder_by_matrix,fa5edda0c1038186c8afbec49b0215a0b852396cdb50783a3f937fdf51d2afac,"{""distance"":5,""physical_error_rate"":1e-05}","{""detection_events"":6990,""detectors_checked"":210984960}"
   1239040,         0,         0,   119.5,decoder_by_matrix,3c866087b289edc25e9adea730044a15db18cabfd3ae2507fc844d5b4e03657a,"{""distance"":5,""physical_error_rate"":5e-06}","{""detection_events"":3460,""detectors_checked"":210636800}"
   1132544,         3,         0,   119.3,decoder_by_matrix,066a5d8d46981b593c3dec855f441edbe9e755a8873183448f69d036a2ecc650,"{""distance"":5,""physical_error_rate"":0.001}","{""detection_events"":640300,""detectors_checked"":192532480,""obs_mistake_mask=E_EE"":1,""obs_mistake_mask=E___"":1,""obs_mistake_mask=__E_"":1}"
    963584,         0,         0,   119.6,decoder_by_matrix,9c6baee88fc81e7d1aa345fcb3feec7ee81f21c5d49cb6ca037118097d89e180,"{""distance"":5,""physical_error_rate"":5e-05}","{""detection_events"":27100,""detectors_checked"":163809280}"
   1154048,         1,         0,   119.6,decoder_by_matrix,066a5d8d46981b593c3dec855f441edbe9e755a8873183448f69d036a2ecc650,"{""distance"":5,""physical_error_rate"":0.001}","{""detection_events"":650420,""detectors_checked"":196188160,""obs_mistake_mask=_EEE"":1}"
   1101824,         0,         0,   119.6,decoder_by_matrix,fa5edda0c1038186c8afbec49b0215a0b852396cdb50783a3f937fdf51d2afac,"{""distance"":5,""physical_error_rate"":1e-05}","{""detection_events"":6485,""detectors_checked"":187310080}"
   1026048,         0,         0,   119.6,decoder_by_matrix,e41ade2e4684e0396b9a3890c882b6453b515d69885aa1d89a26ce21ec554895,"{""distance"":5,""physical_error_rate"":1e-06}","{""detection_events"":830,""detectors_checked"":174428160}"
   1221632,         0,         0,   119.5,decoder_by_matrix,9c6baee88fc81e7d1aa345fcb3feec7ee81f21c5d49cb6ca037118097d89e180,"{""distance"":5,""physical_error_rate"":5e-05}","{""detection_events"":34530,""detectors_checked"":207677440}"
   1119232,         0,         0,   119.6,decoder_by_matrix,9c6baee88fc81e7d1aa345fcb3feec7ee81f21c5d49cb6ca037118097d89e180,"{""distance"":5,""physical_error_rate"":5e-05}","{""detection_events"":32090,""detectors_checked"":190269440}"
   1108992,         0,         0,   119.5,decoder_by_matrix,b84cf4b8ca220d31f17e1e2ea9ab927bbc4176b15682c650e7d1dd8f2758172b,"{""distance"":5,""physical_error_rate"":0.0005}","{""detection_events"":312530,""detectors_checked"":188528640}"
   1081344,         0,         0,   119.4,decoder_by_matrix,e41ade2e4684e0396b9a3890c882b6453b515d69885aa1d89a26ce21ec554895,"{""distance"":5,""physical_error_rate"":1e-06}","{""detection_events"":470,""detectors_checked"":183828480}"
   1148928,         0,         0,   119.5,decoder_by_matrix,0421d486f8a041838688df650e87c0a19c3450ab7a7cc8b3dc589ebff86d1c74,"{""distance"":5,""physical_error_rate"":0.0001}","{""detection_events"":67105,""detectors_checked"":195317760}"
    868352,         0,         0,   119.8,decoder_by_matrix,3c866087b289edc25e9adea730044a15db18cabfd3ae2507fc844d5b4e03657a,"{""distance"":5,""physical_error_rate"":5e-06}","{""detection_events"":2235,""detectors_checked"":147619840}"
   1193984,         0,         0,   119.5,decoder_by_matrix,b84cf4b8ca220d31f17e1e2ea9ab927bbc4176b15682c650e7d1dd8f2758172b,"{""distance"":5,""physical_error_rate"":0.0005}","{""detection_events"":341335,""detectors_checked"":202977280}"
   1229824,         0,         0,   119.4,decoder_by_matrix,3c866087b289edc25e9adea730044a15db18cabfd3ae2507fc844d5b4e03657a,"{""distance"":5,""physical_error_rate"":5e-06}","{""detection_events"":3485,""detectors_checked"":209070080}"
   1082368,         0,         0,   119.6,decoder_by_matrix,3c866087b289edc25e9adea730044a15db18cabfd3ae2507fc844d5b4e03657a,"{""distance"":5,""physical_error_rate"":5e-06}","{""detection_events"":3160,""detectors_checked"":184002560}"
   1044480,         0,         0,   119.6,decoder_by_matrix,fa5edda0c1038186c8afbec49b0215a0b852396cdb50783a3f937fdf51d2afac,"{""distance"":5,""physical_error_rate"":1e-05}","{""detection_events"":5280,""detectors_checked"":177561600}"
   1019904,         0,         0,   119.6,decoder_by_matrix,0421d486f8a041838688df650e87c0a19c3450ab7a7cc8b3dc589ebff86d1c74,"{""distance"":5,""physical_error_rate"":0.0001}","{""detection_events"":57920,""detectors_checked"":173383680}"
   1143808,         0,         0,   119.5,decoder_by_matrix,b84cf4b8ca220d31f17e1e2ea9ab927bbc4176b15682c650e7d1dd8f2758172b,"{""distance"":5,""physical_error_rate"":0.0005}","{""detection_events"":328170,""detectors_checked"":194447360}"
   1189888,         3,         0,   119.4,decoder_by_matrix,066a5d8d46981b593c3dec855f441edbe9e755a8873183448f69d036a2ecc650,"{""distance"":5,""physical_error_rate"":0.001}","{""detection_events"":679410,""detectors_checked"":202280960,""obs_mistake_mask=E___"":1,""obs_mistake_mask=__EE"":2}"
   1211392,         0,         0,   119.5,decoder_by_matrix,3c866087b289edc25e9adea730044a15db18cabfd3ae2507fc844d5b4e03657a,"{""distance"":5,""physical_error_rate"":5e-06}","{""detection_events"":4090,""detectors_checked"":205936640}"
   1127424,         5,         0,   119.6,decoder_by_matrix,066a5d8d46981b593c3dec855f441edbe9e755a8873183448f69d036a2ecc650,"{""distance"":5,""physical_error_rate"":0.001}","{""detection_events"":636980,""detectors_checked"":191662080,""obs_mistake_mask=E___"":1,""obs_mistake_mask=_EEE"":2,""obs_mistake_mask=_EE_"":1,""obs_mistake_mask=___E"":1}"
   1240064,         0,         0,   119.3,decoder_by_matrix,fa5edda0c1038186c8afbec49b0215a0b852396cdb50783a3f937fdf51d2afac,"{""distance"":5,""physical_error_rate"":1e-05}","{""detection_events"":7125,""detectors_checked"":210810880}"
   1147904,         2,         0,   119.4,decoder_by_matrix,066a5d8d46981b593c3dec855f441edbe9e755a8873183448f69d036a2ecc650,"{""distance"":5,""physical_error_rate"":0.001}","{""detection_events"":650830,""detectors_checked"":195143680,""obs_mistake_mask=E_E_"":1,""obs_mistake_mask=___E"":1}"
   1077248,         0,         0,   119.7,decoder_by_matrix,e41ade2e4684e0396b9a3890c882b6453b515d69885aa1d89a26ce21ec554895,"{""distance"":5,""physical_error_rate"":1e-06}","{""detection_events"":805,""detectors_checked"":183132160}"
   1133568,         0,         0,   119.6,decoder_by_matrix,e41ade2e4684e0396b9a3890c882b6453b515d69885aa1d89a26ce21ec554895,"{""distance"":5,""physical_error_rate"":1e-06}","{""detection_events"":925,""detectors_checked"":192706560}"
   1169408,         1,         0,   119.5,decoder_by_matrix,b84cf4b8ca220d31f17e1e2ea9ab927bbc4176b15682c650e7d1dd8f2758172b,"{""distance"":5,""physical_error_rate"":0.0005}","{""detection_events"":333050,""detectors_checked"":198799360,""obs_mistake_mask=E_EE"":1}"
   1157120,         0,         0,   119.5,decoder_by_matrix,b84cf4b8ca220d31f17e1e2ea9ab927bbc4176b15682c650e7d1dd8f2758172b,"{""distance"":5,""physical_error_rate"":0.0005}","{""detection_events"":327310,""detectors_checked"":196710400}"
    965632,         0,         0,   119.5,decoder_by_matrix,0421d486f8a041838688df650e87c0a19c3450ab7a7cc8b3dc589ebff86d1c74,"{""distance"":5,""physical_error_rate"":0.0001}","{""detection_events"":56655,""detectors_checked"":164157440}"
   1205248,         0,         0,   119.5,decoder_by_matrix,0421d486f8a041838688df650e87c0a19c3450ab7a7cc8b3dc589ebff86d1c74,"{""distance"":5,""physical_error_rate"":0.0001}","{""detection_events"":70025,""detectors_checked"":204892160}"
   1412096,         0,         0,   119.5,decoder_by_matrix,e41ade2e4684e0396b9a3890c882b6453b515d69885aa1d89a26ce21ec554895,"{""distance"":5,""physical_error_rate"":1e-06}","{""detection_events"":975,""detectors_checked"":240056320}"
   1115136,         0,         0,   119.4,decoder_by_matrix,9c6baee88fc81e7d1aa345fcb3feec7ee81f21c5d49cb6ca037118097d89e180,"{""distance"":5,""physical_error_rate"":5e-05}","{""detection_events"":33240,""detectors_checked"":189573120}"
    976896,         0,         0,   119.6,decoder_by_matrix,9c6baee88fc81e7d1aa345fcb3feec7ee81f21c5d49cb6ca037118097d89e180,"{""distance"":5,""physical_error_rate"":5e-05}","{""detection_events"":28030,""detectors_checked"":166072320}"
   1020928,         0,         0,   119.5,decoder_by_matrix,0421d486f8a041838688df650e87c0a19c3450ab7a7cc8b3dc589ebff86d1c74,"{""distance"":5,""physical_error_rate"":0.0001}","{""detection_events"":61000,""detectors_checked"":173557760}"
   1210368,         0,         0,   119.5,decoder_by_matrix,3c866087b289edc25e9adea730044a15db18cabfd3ae2507fc844d5b4e03657a,"{""distance"":5,""physical_error_rate"":5e-06}","{""detection_events"":3435,""detectors_checked"":205762560}"
    906240,         0,         0,   119.4,decoder_by_matrix,e41ade2e4684e0396b9a3890c882b6453b515d69885aa1d89a26ce21ec554895,"{""distance"":5,""physical_error_rate"":1e-06}","{""detection_events"":365,""detectors_checked"":154060800}"
    995328,         0,         0,   119.7,decoder_by_matrix,066a5d8d46981b593c3dec855f441edbe9e755a8873183448f69d036a2ecc650,"{""distance"":5,""physical_error_rate"":0.001}","{""detection_events"":563715,""detectors_checked"":169205760}"
   1001472,         0,         0,   119.5,decoder_by_matrix,9c6baee88fc81e7d1aa345fcb3feec7ee81f21c5d49cb6ca037118097d89e180,"{""distance"":5,""physical_error_rate"":5e-05}","{""detection_events"":29860,""detectors_checked"":170250240}"
   1089536,         0,         0,   119.7,decoder_by_matrix,fa5edda0c1038186c8afbec49b0215a0b852396cdb50783a3f937fdf51d2afac,"{""distance"":5,""physical_error_rate"":1e-05}","{""detection_events"":6345,""detectors_checked"":185221120}"
   1129472,         0,         0,   119.5,decoder_by_matrix,b84cf4b8ca220d31f17e1e2ea9ab927bbc4176b15682c650e7d1dd8f2758172b,"{""distance"":5,""physical_error_rate"":0.0005}","{""detection_events"":321690,""detectors_checked"":192010240}"
   1323008,         0,         0,   119.4,decoder_by_matrix,fa5edda0c1038186c8afbec49b0215a0b852396cdb50783a3f937fdf51d2afac,"{""distance"":5,""physical_error_rate"":1e-05}","{""detection_events"":7810,""detectors_checked"":224911360}"
   1207296,         0,         0,   119.5,decoder_by_matrix,9c6baee88fc81e7d1aa345fcb3feec7ee81f21c5d49cb6ca037118097d89e180,"{""distance"":5,""physical_error_rate"":5e-05}","{""detection_events"":34680,""detectors_checked"":205240320}"
   1167360,         0,         0,   119.6,decoder_by_matrix,e41ade2e4684e0396b9a3890c882b6453b515d69885aa1d89a26ce21ec554895,"{""distance"":5,""physical_error_rate"":1e-06}","{""detection_events"":470,""detectors_checked"":198451200}"
   1161216,         0,         0,   119.5,decoder_by_matrix,3c866087b289edc25e9adea730044a15db18cabfd3ae2507fc844d5b4e03657a,"{""distance"":5,""physical_error_rate"":5e-06}","{""detection_events"":3080,""detectors_checked"":197406720}"
   1107968,         0,         0,   119.6,decoder_by_matrix,0421d486f8a041838688df650e87c0a19c3450ab7a7cc8b3dc589ebff86d1c74,"{""distance"":5,""physical_error_rate"":0.0001}","{""detection_events"":64260,""detectors_checked"":188354560}"
   1133568,         0,         0,   119.5,decoder_by_matrix,b84cf4b8ca220d31f17e1e2ea9ab927bbc4176b15682c650e7d1dd8f2758172b,"{""distance"":5,""physical_error_rate"":0.0005}","{""detection_events"":324700,""detectors_checked"":192706560}"
   1247232,         0,         0,   119.4,decoder_by_matrix,0421d486f8a041838688df650e87c0a19c3450ab7a7cc8b3dc589ebff86d1c74,"{""distance"":5,""physical_error_rate"":0.0001}","{""detection_events"":70830,""detectors_checked"":212029440}"
   1159168,         0,         0,   119.5,decoder_by_matrix,fa5edda0c1038186c8afbec49b0215a0b852396cdb50783a3f937fdf51d2afac,"{""distance"":5,""physical_error_rate"":1e-05}","{""detection_events"":7510,""detectors_checked"":197058560}"
   1209344,         0,         0,   119.6,decoder_by_matrix,fa5edda0c1038186c8afbec49b0215a0b852396cdb50783a3f937fdf51d2afac,"{""distance"":5,""physical_error_rate"":1e-05}","{""detection_events"":7120,""detectors_checked"":205588480}"
   1266688,         0,         0,   119.6,decoder_by_matrix,3c866087b289edc25e9adea730044a15db18cabfd3ae2507fc844d5b4e03657a,"{""distance"":5,""physical_error_rate"":5e-06}","{""detection_events"":3025,""detectors_checked"":215336960}"
   1091584,         1,         0,   119.4,decoder_by_matrix,066a5d8d46981b593c3dec855f441edbe9e755a8873183448f69d036a2ecc650,"{""distance"":5,""physical_error_rate"":0.001}","{""detection_events"":608565,""detectors_checked"":185569280,""obs_mistake_mask=E___"":1}"
   1181696,         0,         0,   119.5,decoder_by_matrix,9c6baee88fc81e7d1aa345fcb3feec7ee81f21c5d49cb6ca037118097d89e180,"{""distance"":5,""physical_error_rate"":5e-05}","{""detection_events"":33345,""detectors_checked"":200888320}"
   1107968,         0,         0,   119.5,decoder_by_matrix,066a5d8d46981b593c3dec855f441edbe9e755a8873183448f69d036a2ecc650,"{""distance"":5,""physical_error_rate"":0.001}","{""detection_events"":629605,""detectors_checked"":188354560}"
   1052672,         0,         0,   119.5,decoder_by_matrix,fa5edda0c1038186c8afbec49b0215a0b852396cdb50783a3f937fdf51d2afac,"{""distance"":5,""physical_error_rate"":1e-05}","{""detection_events"":5925,""detectors_checked"":178954240}"
   1189888,         0,         0,   119.6,decoder_by_matrix,e41ade2e4684e0396b9a3890c882b6453b515d69885aa1d89a26ce21ec554895,"{""distance"":5,""physical_error_rate"":1e-06}","{""detection_events"":955,""detectors_checked"":202280960}"
   1207296,         0,         0,   119.5,decoder_by_matrix,9c6baee88fc81e7d1aa345fcb3feec7ee81f21c5d49cb6ca037118097d89e180,"{""distance"":5,""physical_error_rate"":5e-05}","{""detection_events"":35670,""detectors_checked"":205240320}"
   1132544,         0,         0,   119.5,decoder_by_matrix,9c6baee88fc81e7d1aa345fcb3feec7ee81f21c5d49cb6ca037118097d89e180,"{""distance"":5,""physical_error_rate"":5e-05}","{""detection_events"":30680,""detectors_checked"":192532480}"
   1236992,         0,         0,   119.6,decoder_by_matrix,e41ade2e4684e0396b9a3890c882b6453b515d69885aa1d89a26ce21ec554895,"{""distance"":5,""physical_error_rate"":1e-06}","{""detection_events"":590,""detectors_checked"":210288640}"
   1064960,         1,         0,   119.7,decoder_by_matrix,b84cf4b8ca220d31f17e1e2ea9ab927bbc4176b15682c650e7d1dd8f2758172b,"{""distance"":5,""physical_error_rate"":0.0005}","{""detection_events"":305240,""detectors_checked"":181043200,""obs_mistake_mask=_E_E"":1}"
   1028096,         0,         0,   119.2,decoder_by_matrix,0421d486f8a041838688df650e87c0a19c3450ab7a7cc8b3dc589ebff86d1c74,"{""distance"":5,""physical_error_rate"":0.0001}","{""detection_events"":56795,""detectors_checked"":174776320}"
   1155072,         0,         0,   119.3,decoder_by_matrix,3c866087b289edc25e9adea730044a15db18cabfd3ae2507fc844d5b4e03657a,"{""distance"":5,""physical_error_rate"":5e-06}","{""detection_events"":2975,""detectors_checked"":196362240}"
   1206272,         0,         0,   119.4,decoder_by_matrix,b84cf4b8ca220d31f17e1e2ea9ab927bbc4176b15682c650e7d1dd8f2758172b,"{""distance"":5,""physical_error_rate"":0.0005}","{""detection_events"":345855,""detectors_checked"":205066240}"
   1160192,         0,         0,   119.6,decoder_by_matrix,3c866087b289edc25e9adea730044a15db18cabfd3ae2507fc844d5b4e03657a,"{""distance"":5,""physical_error_rate"":5e-06}","{""detection_events"":3565,""detectors_checked"":197232640}"
   1052672,         0,         0,   119.6,decoder_by_matrix,3c866087b289edc25e9adea730044a15db18cabfd3ae2507fc844d5b4e03657a,"{""distance"":5,""physical_error_rate"":5e-06}","{""detection_events"":2680,""detectors_checked"":178954240}"
   1167360,         0,         0,   119.5,decoder_by_matrix,fa5edda0c1038186c8afbec49b0215a0b852396cdb50783a3f937fdf51d2afac,"{""distance"":5,""physical_error_rate"":1e-05}","{""detection_events"":7150,""detectors_checked"":198451200}"
    926720,         0,         0,   119.6,decoder_by_matrix,0421d486f8a041838688df650e87c0a19c3450ab7a7cc8b3dc589ebff86d1c74,"{""distance"":5,""physical_error_rate"":0.0001}","{""detection_events"":51940,""detectors_checked"":157542400}"
   1175552,         0,         0,   119.5,decoder_by_matrix,b84cf4b8ca220d31f17e1e2ea9ab927bbc4176b15682c650e7d1dd8f2758172b,"{""distance"":5,""physical_error_rate"":0.0005}","{""detection_events"":329305,""detectors_checked"":199843840}"
   1114112,         3,         0,   119.4,decoder_by_matrix,066a5d8d46981b593c3dec855f441edbe9e755a8873183448f69d036a2ecc650,"{""distance"":5,""physical_error_rate"":0.001}","{""detection_events"":619235,""detectors_checked"":189399040,""obs_mistake_mask=EE__"":1,""obs_mistake_mask=E_E_"":1,""obs_mistake_mask=_E_E"":1}"
   1154048,         0,         0,   119.7,decoder_by_matrix,3c866087b289edc25e9adea730044a15db18cabfd3ae2507fc844d5b4e03657a,"{""distance"":5,""physical_error_rate"":5e-06}","{""detection_events"":3440,""detectors_checked"":196188160}"
   1088512,         2,         0,   119.7,decoder_by_matrix,066a5d8d46981b593c3dec855f441edbe9e755a8873183448f69d036a2ecc650,"{""distance"":5,""physical_error_rate"":0.001}","{""detection_events"":620155,""detectors_checked"":185047040,""obs_mistake_mask=_E__"":1,""obs_mistake_mask=__E_"":1}"
   1193984,         0,         0,   119.7,decoder_by_matrix,fa5edda0c1038186c8afbec49b0215a0b852396cdb50783a3f937fdf51d2afac,"{""distance"":5,""physical_error_rate"":1e-05}","{""detection_events"":6430,""detectors_checked"":202977280}"
   1108992,         4,         0,   119.4,decoder_by_matrix,066a5d8d46981b593c3dec855f441edbe9e755a8873183448f69d036a2ecc650,"{""distance"":5,""physical_error_rate"":0.001}","{""detection_events"":630350,""detectors_checked"":188528640,""obs_mistake_mask=_EEE"":2,""obs_mistake_mask=_E__"":2}"
   1049600,         0,         0,   119.7,decoder_by_matrix,e41ade2e4684e0396b9a3890c882b6453b515d69885aa1d89a26ce21ec554895,"{""distance"":5,""physical_error_rate"":1e-06}","{""detection_events"":610,""detectors_checked"":178432000}"
   1197056,         0,         0,   119.4,decoder_by_matrix,e41ade2e4684e0396b9a3890c882b6453b515d69885aa1d89a26ce21ec554895,"{""distance"":5,""physical_error_rate"":1e-06}","{""detection_events"":545,""detectors_checked"":203499520}"
    944128,         0,         0,   119.6,decoder_by_matrix,b84cf4b8ca220d31f17e1e2ea9ab927bbc4176b15682c650e7d1dd8f2758172b,"{""distance"":5,""physical_error_rate"":0.0005}","{""detection_events"":268725,""detectors_checked"":160501760}"
   1091584,         0,         0,   119.6,decoder_by_matrix,b84cf4b8ca220d31f17e1e2ea9ab927bbc4176b15682c650e7d1dd8f2758172b,"{""distance"":5,""physical_error_rate"":0.0005}","{""detection_events"":313740,""detectors_checked"":185569280}"
    927744,         0,         0,   119.5,decoder_by_matrix,0421d486f8a041838688df650e87c0a19c3450ab7a7cc8b3dc589ebff86d1c74,"{""distance"":5,""physical_error_rate"":0.0001}","{""detection_events"":52265,""detectors_checked"":157716480}"
   1086464,         0,         0,   119.4,decoder_by_matrix,0421d486f8a041838688df650e87c0a19c3450ab7a7cc8b3dc589ebff86d1c74,"{""distance"":5,""physical_error_rate"":0.0001}","{""detection_events"":61880,""detectors_checked"":184698880}"
   1307648,         0,         0,   119.6,decoder_by_matrix,e41ade2e4684e0396b9a3890c882b6453b515d69885aa1d89a26ce21ec554895,"{""distance"":5,""physical_error_rate"":1e-06}","{""detection_events"":670,""detectors_checked"":222300160}"
    948224,         0,         0,   119.5,decoder_by_matrix,9c6baee88fc81e7d1aa345fcb3feec7ee81f21c5d49cb6ca037118097d89e180,"{""distance"":5,""physical_error_rate"":5e-05}","{""detection_events"":27230,""detectors_checked"":161198080}"
   1124352,         0,         0,   119.4,decoder_by_matrix,9c6baee88fc81e7d1aa345fcb3feec7ee81f21c5d49cb6ca037118097d89e180,"{""distance"":5,""physical_error_rate"":5e-05}","{""detection_events"":32485,""detectors_checked"":191139840}"
    993280,         0,         0,   119.7,decoder_by_matrix,0421d486f8a041838688df650e87c0a19c3450ab7a7cc8b3dc589ebff86d1c74,"{""distance"":5,""physical_error_rate"":0.0001}","{""detection_events"":54900,""detectors_checked"":168857600}"
   1130496,         0,         0,   119.3,decoder_by_matrix,3c866087b289edc25e9adea730044a15db18cabfd3ae2507fc844d5b4e03657a,"{""distance"":5,""physical_error_rate"":5e-06}","{""detection_events"":2955,""detectors_checked"":192184320}"
    976896,         0,         0,   119.7,decoder_by_matrix,e41ade2e4684e0396b9a3890c882b6453b515d69885aa1d89a26ce21ec554895,"{""distance"":5,""physical_error_rate"":1e-06}","{""detection_events"":450,""detectors_checked"":166072320}"
   1036288,         2,         0,   119.5,decoder_by_matrix,066a5d8d46981b593c3dec855f441edbe9e755a8873183448f69d036a2ecc650,"{""distance"":5,""physical_error_rate"":0.001}","{""detection_events"":582725,""detectors_checked"":176168960,""obs_mistake_mask=E_EE"":1,""obs_mistake_mask=___E"":1}"
   1024000,         0,         0,   119.6,decoder_by_matrix,9c6baee88fc81e7d1aa345fcb3feec7ee81f21c5d49cb6ca037118097d89e180,"{""distance"":5,""physical_error_rate"":5e-05}","{""detection_events"":28555,""detectors_checked"":174080000}"
   1180672,         0,         0,   119.5,decoder_by_matrix,fa5edda0c1038186c8afbec49b0215a0b852396cdb50783a3f937fdf51d2afac,"{""distance"":5,""physical_error_rate"":1e-05}","{""detection_events"":7275,""detectors_checked"":200714240}"
   1154048,         3,         0,   119.6,decoder_by_matrix,b84cf4b8ca220d31f17e1e2ea9ab927bbc4176b15682c650e7d1dd8f2758172b,"{""distance"":5,""physical_error_rate"":0.0005}","{""detection_events"":327545,""detectors_checked"":196188160,""obs_mistake_mask=_E__"":1,""obs_mistake_mask=__E_"":1,""obs_mistake_mask=___E"":1}"
   1276928,         0,         0,   119.3,decoder_by_matrix,fa5edda0c1038186c8afbec49b0215a0b852396cdb50783a3f937fdf51d2afac,"{""distance"":5,""physical_error_rate"":1e-05}","{""detection_events"":7115,""detectors_checked"":217077760}"
   1226752,         0,         0,   119.5,decoder_by_matrix,9c6baee88fc81e7d1aa345fcb3feec7ee81f21c5d49cb6ca037118097d89e180,"{""distance"":5,""physical_error_rate"":5e-05}","{""detection_events"":34065,""detectors_checked"":208547840}"
   1203200,         0,         0,   119.5,decoder_by_matrix,e41ade2e4684e0396b9a3890c882b6453b515d69885aa1d89a26ce21ec554895,"{""distance"":5,""physical_error_rate"":1e-06}","{""detection_events"":750,""detectors_checked"":204544000}"
   1177600,         0,         0,   119.6,decoder_by_matrix,3c866087b289edc25e9adea730044a15db18cabfd3ae2507fc844d5b4e03657a,"{""distance"":5,""physical_error_rate"":5e-06}","{""detection_events"":3195,""detectors_checked"":200192000}"
   1165312,         0,         0,   119.4,decoder_by_matrix,0421d486f8a041838688df650e87c0a19c3450ab7a7cc8b3dc589ebff86d1c74,"{""distance"":5,""physical_error_rate"":0.0001}","{""detection_events"":68275,""detectors_checked"":198103040}"
   1234944,         0,         0,   119.5,decoder_by_matrix,b84cf4b8ca220d31f17e1e2ea9ab927bbc4176b15682c650e7d1dd8f2758172b,"{""distance"":5,""physical_error_rate"":0.0005}","{""detection_events"":353810,""detectors_checked"":209940480}"
   1092608,         0,         0,   119.5,decoder_by_matrix,0421d486f8a041838688df650e87c0a19c3450ab7a7cc8b3dc589ebff86d1c74,"{""distance"":5,""physical_error_rate"":0.0001}","{""detection_events"":60145,""detectors_checked"":185743360}"
   1107968,         0,         0,   119.5,decoder_by_matrix,fa5edda0c1038186c8afbec49b0215a0b852396cdb50783a3f937fdf51d2afac,"{""distance"":5,""physical_error_rate"":1e-05}","{""detection_events"":6735,""detectors_checked"":188354560}"
   1284096,         0,         0,   119.4,decoder_by_matrix,fa5edda0c1038186c8afbec49b0215a0b852396cdb50783a3f937fdf51d2afac,"{""distance"":5,""physical_error_rate"":1e-05}","{""detection_events"":6235,""detectors_checked"":218296320}"
   1247232,         0,         0,   119.6,decoder_by_matrix,3c866087b289edc25e9adea730044a15db18cabfd3ae2507fc844d5b4e03657a,"{""distance"":5,""physical_error_rate"":5e-06}","{""detection_events"":3635,""detectors_checked"":212029440}"
    881664,         0,         0,   119.6,decoder_by_matrix,066a5d8d46981b593c3dec855f441edbe9e755a8873183448f69d036a2ecc650,"{""distance"":5,""physical_error_rate"":0.001}","{""detection_events"":493240,""detectors_checked"":149882880}"
   1070080,         0,         0,   119.7,decoder_by_matrix,9c6baee88fc81e7d1aa345fcb3feec7ee81f21c5d49cb6ca037118097d89e180,"{""distance"":5,""physical_error_rate"":5e-05}","{""detection_events"":30935,""detectors_checked"":181913600}"
   1147904,         5,         0,   119.5,decoder_by_matrix,066a5d8d46981b593c3dec855f441edbe9e755a8873183448f69d036a2ecc650,"{""distance"":5,""physical_error_rate"":0.001}","{""detection_events"":660730,""detectors_checked"":195143680,""obs_mistake_mask=E__E"":1,""obs_mistake_mask=E___"":1,""obs_mistake_mask=_E__"":1,""obs_mistake_mask=___E"":2}"
    926720,         0,         0,   119.6,decoder_by_matrix,fa5edda0c1038186c8afbec49b0215a0b852396cdb50783a3f937fdf51d2afac,"{""distance"":5,""physical_error_rate"":1e-05}","{""detection_events"":4625,""detectors_checked"":157542400}"
   1091584,         0,         0,   119.5,decoder_by_matrix,e41ade2e4684e0396b9a3890c882b6453b515d69885aa1d89a26ce21ec554895,"{""distance"":5,""physical_error_rate"":1e-06}","{""detection_events"":545,""detectors_checked"":185569280}"
   1083392,         0,         0,   119.4,decoder_by_matrix,9c6baee88fc81e7d1aa345fcb3feec7ee81f21c5d49cb6ca037118097d89e180,"{""distance"":5,""physical_error_rate"":5e-05}","{""detection_events"":29945,""detectors_checked"":184176640}"
   1254400,         0,         0,   119.4,decoder_by_matrix,9c6baee88fc81e7d1aa345fcb3feec7ee81f21c5d49cb6ca037118097d89e180,"{""distance"":5,""physical_error_rate"":5e-05}","{""detection_events"":34205,""detectors_checked"":213248000}"
   1037312,         0,         0,   119.6,decoder_by_matrix,b84cf4b8ca220d31f17e1e2ea9ab927bbc4176b15682c650e7d1dd8f2758172b,"{""distance"":5,""physical_error_rate"":0.0005}","{""detection_events"":297025,""detectors_checked"":176343040}"
   1116160,         0,         0,   119.6,decoder_by_matrix,e41ade2e4684e0396b9a3890c882b6453b515d69885aa1d89a26ce21ec554895,"{""distance"":5,""physical_error_rate"":1e-06}","{""detection_events"":675,""detectors_checked"":189747200}"
   1051648,         0,         0,   119.2,decoder_by_matrix,0421d486f8a041838688df650e87c0a19c3450ab7a7cc8b3dc589ebff86d1c74,"{""distance"":5,""physical_error_rate"":0.0001}","{""detection_events"":60965,""detectors_checked"":178780160}"
   1149952,         0,         0,   119.6,decoder_by_matrix,3c866087b289edc25e9adea730044a15db18cabfd3ae2507fc844d5b4e03657a,"{""distance"":5,""physical_error_rate"":5e-06}","{""detection_events"":2530,""detectors_checked"":195491840}"
   1076224,         1,         0,   119.5,decoder_by_matrix,b84cf4b8ca220d31f17e1e2ea9ab927bbc4176b15682c650e7d1dd8f2758172b,"{""distance"":5,""physical_error_rate"":0.0005}","{""detection_events"":310625,""detectors_checked"":182958080,""obs_mistake_mask=__EE"":1}"
   1219584,         0,         0,   119.4,decoder_by_matrix,3c866087b289edc25e9adea730044a15db18cabfd3ae2507fc844d5b4e03657a,"{""distance"":5,""physical_error_rate"":5e-06}","{""detection_events"":2940,""detectors_checked"":207329280}"
   1179648,         0,         0,   119.4,decoder_by_matrix,3c866087b289edc25e9adea730044a15db18cabfd3ae2507fc844d5b4e03657a,"{""distance"":5,""physical_error_rate"":5e-06}","{""detection_events"":3425,""detectors_checked"":200540160}"
   1129472,         0,         0,   119.5,decoder_by_matrix,fa5edda0c1038186c8afbec49b0215a0b852396cdb50783a3f937fdf51d2afac,"{""distance"":5,""physical_error_rate"":1e-05}","{""detection_events"":6105,""detectors_checked"":192010240}"
    900096,         0,         0,   119.6,decoder_by_matrix,0421d486f8a041838688df650e87c0a19c3450ab7a7cc8b3dc589ebff86d1c74,"{""distance"":5,""physical_error_rate"":0.0001}","{""detection_events"":52235,""detectors_checked"":153016320}"
   1132544,         2,         0,   119.5,decoder_by_matrix,066a5d8d46981b593c3dec855f441edbe9e755a8873183448f69d036a2ecc650,"{""distance"":5,""physical_error_rate"":0.001}","{""detection_events"":641045,""detectors_checked"":192532480,""obs_mistake_mask=E___"":1,""obs_mistake_mask=__EE"":1}"
   1052672,         0,         0,   119.5,decoder_by_matrix,b84cf4b8ca220d31f17e1e2ea9ab927bbc4176b15682c650e7d1dd8f2758172b,"{""distance"":5,""physical_error_rate"":0.0005}","{""detection_events"":300165,""detectors_checked"":178954240}"
   1270784,         0,         0,   119.6,decoder_by_matrix,3c866087b289edc25e9adea730044a15db18cabfd3ae2507fc844d5b4e03657a,"{""distance"":5,""physical_error_rate"":5e-06}","{""detection_events"":3225,""detectors_checked"":216033280}"
   1123328,         3,         0,   119.6,decoder_by_matrix,066a5d8d46981b593c3dec855f441edbe9e755a8873183448f69d036a2ecc650,"{""distance"":5,""physical_error_rate"":0.001}","{""detection_events"":634615,""detectors_checked"":190965760,""obs_mistake_mask=_EEE"":1,""obs_mistake_mask=_E__"":1,""obs_mistake_mask=__EE"":1}"
   1231872,         0,         0,   119.4,decoder_by_matrix,fa5edda0c1038186c8afbec49b0215a0b852396cdb50783a3f937fdf51d2afac,"{""distance"":5,""physical_error_rate"":1e-05}","{""detection_events"":6305,""detectors_checked"":209418240}"
    979968,         0,         0,   119.5,decoder_by_matrix,066a5d8d46981b593c3dec855f441edbe9e755a8873183448f69d036a2ecc650,"{""distance"":5,""physical_error_rate"":0.001}","{""detection_events"":555200,""detectors_checked"":166594560}"
   1269760,         0,         0,   119.5,decoder_by_matrix,e41ade2e4684e0396b9a3890c882b6453b515d69885aa1d89a26ce21ec554895,"{""distance"":5,""physical_error_rate"":1e-06}","{""detection_events"":690,""detectors_checked"":215859200}"
   1124352,         0,         0,   119.6,decoder_by_matrix,e41ade2e4684e0396b9a3890c882b6453b515d69885aa1d89a26ce21ec554895,"{""distance"":5,""physical_error_rate"":1e-06}","{""detection_events"":540,""detectors_checked"":191139840}"
   1019904,         0,         0,   119.5,decoder_by_matrix,b84cf4b8ca220d31f17e1e2ea9ab927bbc4176b15682c650e7d1dd8f2758172b,"{""distance"":5,""physical_error_rate"":0.0005}","{""detection_events"":291660,""detectors_checked"":173383680}"
   1061888,         0,         0,   119.6,decoder_by_matrix,b84cf4b8ca220d31f17e1e2ea9ab927bbc4176b15682c650e7d1dd8f2758172b,"{""distance"":5,""physical_error_rate"":0.0005}","{""detection_events"":298280,""detectors_checked"":180520960}"
   1146880,         0,         0,   119.4,decoder_by_matrix,0421d486f8a041838688df650e87c0a19c3450ab7a7cc8b3dc589ebff86d1c74,"{""distance"":5,""physical_error_rate"":0.0001}","{""detection_events"":67275,""detectors_checked"":194969600}"
   1050624,         0,         0,   119.5,decoder_by_matrix,0421d486f8a041838688df650e87c0a19c3450ab7a7cc8b3dc589ebff86d1c74,"{""distance"":5,""physical_error_rate"":0.0001}","{""detection_events"":59615,""detectors_checked"":178606080}"
   1271808,         0,         0,   119.6,decoder_by_matrix,e41ade2e4684e0396b9a3890c882b6453b515d69885aa1d89a26ce21ec554895,"{""distance"":5,""physical_error_rate"":1e-06}","{""detection_events"":780,""detectors_checked"":216207360}"
   1241088,         0,         0,   119.5,decoder_by_matrix,9c6baee88fc81e7d1aa345fcb3feec7ee81f21c5d49cb6ca037118097d89e180,"{""distance"":5,""physical_error_rate"":5e-05}","{""detection_events"":34805,""detectors_checked"":210984960}"
   1071104,         0,         0,   119.7,decoder_by_matrix,9c6baee88fc81e7d1aa345fcb3feec7ee81f21c5d49cb6ca037118097d89e180,"{""distance"":5,""physical_error_rate"":5e-05}","{""detection_events"":29420,""detectors_checked"":182087680}"
   1176576,         0,         0,   119.4,decoder_by_matrix,0421d486f8a041838688df650e87c0a19c3450ab7a7cc8b3dc589ebff86d1c74,"{""distance"":5,""physical_error_rate"":0.0001}","{""detection_events"":66295,""detectors_checked"":200017920}"
   1080320,         0,         0,   119.4,decoder_by_matrix,3c866087b289edc25e9adea730044a15db18cabfd3ae2507fc844d5b4e03657a,"{""distance"":5,""physical_error_rate"":5e-06}","{""detection_events"":3095,""detectors_checked"":183654400}"
   1184768,         0,         0,   119.4,decoder_by_matrix,e41ade2e4684e0396b9a3890c882b6453b515d69885aa1d89a26ce21ec554895,"{""distance"":5,""physical_error_rate"":1e-06}","{""detection_events"":680,""detectors_checked"":201410560}"
   1182720,         4,         0,   119.5,decoder_by_matrix,066a5d8d46981b593c3dec855f441edbe9e755a8873183448f69d036a2ecc650,"{""distance"":5,""physical_error_rate"":0.001}","{""detection_events"":671290,""detectors_checked"":201062400,""obs_mistake_mask=EE__"":1,""obs_mistake_mask=E_EE"":1,""obs_mistake_mask=E___"":1,""obs_mistake_mask=___E"":1}"
    952320,         0,         0,   119.7,decoder_by_matrix,9c6baee88fc81e7d1aa345fcb3feec7ee81f21c5d49cb6ca037118097d89e180,"{""distance"":5,""physical_error_rate"":5e-05}","{""detection_events"":26850,""detectors_checked"":161894400}"
   1129472,         0,         0,   119.5,decoder_by_matrix,fa5edda0c1038186c8afbec49b0215a0b852396cdb50783a3f937fdf51d2afac,"{""distance"":5,""physical_error_rate"":1e-05}","{""detection_events"":7195,""detectors_checked"":192010240}"
   1146880,         1,         0,   119.6,decoder_by_matrix,b84cf4b8ca220d31f17e1e2ea9ab927bbc4176b15682c650e7d1dd8f2758172b,"{""distance"":5,""physical_error_rate"":0.0005}","{""detection_events"":322015,""detectors_checked"":194969600,""obs_mistake_mask=_EEE"":1}"
   1328128,         0,         0,   119.5,decoder_by_matrix,fa5edda0c1038186c8afbec49b0215a0b852396cdb50783a3f937fdf51d2afac,"{""distance"":5,""physical_error_rate"":1e-05}","{""detection_events"":8000,""detectors_checked"":225781760}"
   1209344,         0,         0,   119.5,decoder_by_matrix,9c6baee88fc81e7d1aa345fcb3feec7ee81f21c5d49cb6ca037118097d89e180,"{""distance"":5,""physical_error_rate"":5e-05}","{""detection_events"":34385,""detectors_checked"":205588480}"
   1041408,         0,         0,   119.4,decoder_by_matrix,e41ade2e4684e0396b9a3890c882b6453b515d69885aa1d89a26ce21ec554895,"{""distance"":5,""physical_error_rate"":1e-06}","{""detection_events"":685,""detectors_checked"":177039360}"
   1261568,         0,         0,   119.5,decoder_by_matrix,3c866087b289edc25e9adea730044a15db18cabfd3ae2507fc844d5b4e03657a,"{""distance"":5,""physical_error_rate"":5e-06}","{""detection_events"":3555,""detectors_checked"":214466560}"
   1038336,         0,         0,   119.4,decoder_by_matrix,0421d486f8a041838688df650e87c0a19c3450ab7a7cc8b3dc589ebff86d1c74,"{""distance"":5,""physical_error_rate"":0.0001}","{""detection_events"":60265,""detectors_checked"":176517120}"
   1220608,         1,         0,   119.6,decoder_by_matrix,b84cf4b8ca220d31f17e1e2ea9ab927bbc4176b15682c650e7d1dd8f2758172b,"{""distance"":5,""physical_error_rate"":0.0005}","{""detection_events"":344080,""detectors_checked"":207503360,""obs_mistake_mask=EE_E"":1}"
   1105920,         0,         0,   119.5,decoder_by_matrix,0421d486f8a041838688df650e87c0a19c3450ab7a7cc8b3dc589ebff86d1c74,"{""distance"":5,""physical_error_rate"":0.0001}","{""detection_events"":64020,""detectors_checked"":188006400}"
   1161216,         0,         0,   119.5,decoder_by_matrix,fa5edda0c1038186c8afbec49b0215a0b852396cdb50783a3f937fdf51d2afac,"{""distance"":5,""physical_error_rate"":1e-05}","{""detection_events"":6755,""detectors_checked"":197406720}"
   1239040,         0,         0,   119.7,decoder_by_matrix,fa5edda0c1038186c8afbec49b0215a0b852396cdb50783a3f937fdf51d2afac,"{""distance"":5,""physical_error_rate"":1e-05}","{""detection_events"":5655,""detectors_checked"":210636800}"
   1140736,         0,         0,   119.4,decoder_by_matrix,3c866087b289edc25e9adea730044a15db18cabfd3ae2507fc844d5b4e03657a,"{""distance"":5,""physical_error_rate"":5e-06}","{""detection_events"":3070,""detectors_checked"":193925120}"
   1088512,         2,         0,   119.5,decoder_by_matrix,066a5d8d46981b593c3dec855f441edbe9e755a8873183448f69d036a2ecc650,"{""distance"":5,""physical_error_rate"":0.001}","{""detection_events"":613090,""detectors_checked"":185047040,""obs_mistake_mask=E___"":1,""obs_mistake_mask=__EE"":1}"
   1168384,         3,         0,   119.4,decoder_by_matrix,066a5d8d46981b593c3dec855f441edbe9e755a8873183448f69d036a2ecc650,"{""distance"":5,""physical_error_rate"":0.001}","{""detection_events"":662500,""detectors_checked"":198625280,""obs_mistake_mask=EE_E"":1,""obs_mistake_mask=E___"":1,""obs_mistake_mask=_EE_"":1}"
   1131520,         0,         0,   119.6,decoder_by_matrix,fa5edda0c1038186c8afbec49b0215a0b852396cdb50783a3f937fdf51d2afac,"{""distance"":5,""physical_error_rate"":1e-05}","{""detection_events"":6425,""detectors_checked"":192358400}"
    901120,         0,         0,   119.7,decoder_by_matrix,9c6baee88fc81e7d1aa345fcb3feec7ee81f21c5d49cb6ca037118097d89e180,"{""distance"":5,""physical_error_rate"":5e-05}","{""detection_events"":24260,""detectors_checked"":153190400}"
   1006592,         0,         0,   119.5,decoder_by_matrix,e41ade2e4684e0396b9a3890c882b6453b515d69885aa1d89a26ce21ec554895,"{""distance"":5,""physical_error_rate"":1e-06}","{""detection_events"":525,""detectors_checked"":171120640}"
   1147904,         0,         0,   119.4,decoder_by_matrix,9c6baee88fc81e7d1aa345fcb3feec7ee81f21c5d49cb6ca037118097d89e180,"{""distance"":5,""physical_error_rate"":5e-05}","{""detection_events"":32520,""detectors_checked"":195143680}"
   1262592,         0,         0,   119.7,decoder_by_matrix,9c6baee88fc81e7d1aa345fcb3feec7ee81f21c5d49cb6ca037118097d89e180,"{""distance"":5,""physical_error_rate"":5e-05}","{""detection_events"":36705,""detectors_checked"":214640640}"
   1149952,         0,         0,   119.3,decoder_by_matrix,e41ade2e4684e0396b9a3890c882b6453b515d69885aa1d89a26ce21ec554895,"{""distance"":5,""physical_error_rate"":1e-06}","{""detection_events"":630,""detectors_checked"":195491840}"
   1096704,         0,         0,   119.4,decoder_by_matrix,b84cf4b8ca220d31f17e1e2ea9ab927bbc4176b15682c650e7d1dd8f2758172b,"{""distance"":5,""physical_error_rate"":0.0005}","{""detection_events"":316350,""detectors_checked"":186439680}"
   1168384,         0,         0,   119.5,decoder_by_matrix,0421d486f8a041838688df650e87c0a19c3450ab7a7cc8b3dc589ebff86d1c74,"{""distance"":5,""physical_error_rate"":0.0001}","{""detection_events"":66215,""detectors_checked"":198625280}"
   1243136,         0,         0,   119.6,decoder_by_matrix,3c866087b289edc25e9adea730044a15db18cabfd3ae2507fc844d5b4e03657a,"{""distance"":5,""physical_error_rate"":5e-06}","{""detection_events"":3625,""detectors_checked"":211333120}"
   1083392,         1,         0,   119.5,decoder_by_matrix,b84cf4b8ca220d31f17e1e2ea9ab927bbc4176b15682c650e7d1dd8f2758172b,"{""distance"":5,""physical_error_rate"":0.0005}","{""detection_events"":306365,""detectors_checked"":184176640,""obs_mistake_mask=E___"":1}"
   1166336,         0,         0,   119.4,decoder_by_matrix,3c866087b289edc25e9adea730044a15db18cabfd3ae2507fc844d5b4e03657a,"{""distance"":5,""physical_error_rate"":5e-06}","{""detection_events"":2580,""detectors_checked"":198277120}"
   1243136,         0,         0,   119.5,decoder_by_matrix,3c866087b289edc25e9adea730044a15db18cabfd3ae2507fc844d5b4e03657a,"{""distance"":5,""physical_error_rate"":5e-06}","{""detection_events"":3990,""detectors_checked"":211333120}"
    997376,         0,         0,   119.6,decoder_by_matrix,fa5edda0c1038186c8afbec49b0215a0b852396cdb50783a3f937fdf51d2afac,"{""distance"":5,""physical_error_rate"":1e-05}","{""detection_events"":5630,""detectors_checked"":169553920}"
    998400,         0,         0,   119.4,decoder_by_matrix,0421d486f8a041838688df650e87c0a19c3450ab7a7cc8b3dc589ebff86d1c74,"{""distance"":5,""physical_error_rate"":0.0001}","{""detection_events"":53925,""detectors_checked"":169728000}"
   1100800,         1,         0,   119.5,decoder_by_matrix,066a5d8d46981b593c3dec855f441edbe9e755a8873183448f69d036a2ecc650,"{""distance"":5,""physical_error_rate"":0.001}","{""detection_events"":624510,""detectors_checked"":187136000,""obs_mistake_mask=__E_"":1}"
   1108992,         0,         0,   119.6,decoder_by_matrix,b84cf4b8ca220d31f17e1e2ea9ab927bbc4176b15682c650e7d1dd8f2758172b,"{""distance"":5,""physical_error_rate"":0.0005}","{""detection_events"":316450,""detectors_checked"":188528640}"
   1192960,         0,         0,   119.7,decoder_by_matrix,3c866087b289edc25e9adea730044a15db18cabfd3ae2507fc844d5b4e03657a,"{""distance"":5,""physical_error_rate"":5e-06}","{""detection_events"":3185,""detectors_checked"":202803200}"
   1211392,         1,         0,   119.6,decoder_by_matrix,066a5d8d46981b593c3dec855f441edbe9e755a8873183448f69d036a2ecc650,"{""distance"":5,""physical_error_rate"":0.001}","{""detection_events"":691205,""detectors_checked"":205936640,""obs_mistake_mask=__E_"":1}"
   1132544,         0,         0,   119.7,decoder_by_matrix,fa5edda0c1038186c8afbec49b0215a0b852396cdb50783a3f937fdf51d2afac,"{""distance"":5,""physical_error_rate"":1e-05}","{""detection_events"":6160,""detectors_checked"":192532480}"
   1193984,         5,         0,   119.6,decoder_by_matrix,066a5d8d46981b593c3dec855f441edbe9e755a8873183448f69d036a2ecc650,"{""distance"":5,""physical_error_rate"":0.001}","{""detection_events"":677970,""detectors_checked"":202977280,""obs_mistake_mask=EE__"":1,""obs_mistake_mask=E_E_"":1,""obs_mistake_mask=E___"":1,""obs_mistake_mask=_E__"":2}"
    848896,         0,         0,   119.6,decoder_by_matrix,e41ade2e4684e0396b9a3890c882b6453b515d69885aa1d89a26ce21ec554895,"{""distance"":5,""physical_error_rate"":1e-06}","{""detection_events"":480,""detectors_checked"":144312320}"
    909312,         0,         0,   119.5,decoder_by_matrix,e41ade2e4684e0396b9a3890c882b6453b515d69885aa1d89a26ce21ec554895,"{""distance"":5,""physical_error_rate"":1e-06}","{""detection_events"":590,""detectors_checked"":154583040}"
   1074176,         0,         0,   119.6,decoder_by_matrix,b84cf4b8ca220d31f17e1e2ea9ab927bbc4176b15682c650e7d1dd8f2758172b,"{""distance"":5,""physical_error_rate"":0.0005}","{""detection_events"":307680,""detectors_checked"":182609920}"
    989184,         0,         0,   119.8,decoder_by_matrix,b84cf4b8ca220d31f17e1e2ea9ab927bbc4176b15682c650e7d1dd8f2758172b,"{""distance"":5,""physical_error_rate"":0.0005}","{""detection_events"":281675,""detectors_checked"":168161280}"
   1138688,         0,         0,   119.5,decoder_by_matrix,0421d486f8a041838688df650e87c0a19c3450ab7a7cc8b3dc589ebff86d1c74,"{""distance"":5,""physical_error_rate"":0.0001}","{""detection_events"":63255,""detectors_checked"":193576960}"
    885760,         0,         0,   119.5,decoder_by_matrix,0421d486f8a041838688df650e87c0a19c3450ab7a7cc8b3dc589ebff86d1c74,"{""distance"":5,""physical_error_rate"":0.0001}","{""detection_events"":52905,""detectors_checked"":150579200}"
   1368064,         0,         0,   119.5,decoder_by_matrix,e41ade2e4684e0396b9a3890c882b6453b515d69885aa1d89a26ce21ec554895,"{""distance"":5,""physical_error_rate"":1e-06}","{""detection_events"":645,""detectors_checked"":232570880}"
   1149952,         0,         0,   119.5,decoder_by_matrix,9c6baee88fc81e7d1aa345fcb3feec7ee81f21c5d49cb6ca037118097d89e180,"{""distance"":5,""physical_error_rate"":5e-05}","{""detection_events"":33055,""detectors_checked"":195491840}"
   1150976,         0,         0,   119.6,decoder_by_matrix,9c6baee88fc81e7d1aa345fcb3feec7ee81f21c5d49cb6ca037118097d89e180,"{""distance"":5,""physical_error_rate"":5e-05}","{""detection_events"":31745,""detectors_checked"":195665920}"
   1268736,         0,         0,   119.4,decoder_by_matrix,0421d486f8a041838688df650e87c0a19c3450ab7a7cc8b3dc589ebff86d1c74,"{""distance"":5,""physical_error_rate"":0.0001}","{""detection_events"":71510,""detectors_checked"":215685120}"
   1182720,         0,         0,   119.5,decoder_by_matrix,3c866087b289edc25e9adea730044a15db18cabfd3ae2507fc844d5b4e03657a,"{""distance"":5,""physical_error_rate"":5e-06}","{""detection_events"":3070,""detectors_checked"":201062400}"
   1292288,         0,         0,   119.6,decoder_by_matrix,e41ade2e4684e0396b9a3890c882b6453b515d69885aa1d89a26ce21ec554895,"{""distance"":5,""physical_error_rate"":1e-06}","{""detection_events"":760,""detectors_checked"":219688960}"
   1153024,         1,         0,   119.4,decoder_by_matrix,066a5d8d46981b593c3dec855f441edbe9e755a8873183448f69d036a2ecc650,"{""distance"":5,""physical_error_rate"":0.001}","{""detection_events"":649350,""detectors_checked"":196014080,""obs_mistake_mask=_EEE"":1}"
   1082368,         0,         0,   119.7,decoder_by_matrix,9c6baee88fc81e7d1aa345fcb3feec7ee81f21c5d49cb6ca037118097d89e180,"{""distance"":5,""physical_error_rate"":5e-05}","{""detection_events"":31360,""detectors_checked"":184002560}"
   1022976,         0,         0,   119.6,decoder_by_matrix,fa5edda0c1038186c8afbec49b0215a0b852396cdb50783a3f937fdf51d2afac,"{""distance"":5,""physical_error_rate"":1e-05}","{""detection_events"":4770,""detectors_checked"":173905920}"
   1134592,         0,         0,   119.5,decoder_by_matrix,b84cf4b8ca220d31f17e1e2ea9ab927bbc4176b15682c650e7d1dd8f2758172b,"{""distance"":5,""physical_error_rate"":0.0005}","{""detection_events"":322120,""detectors_checked"":192880640}"
   1236992,         0,         0,   119.6,decoder_by_matrix,fa5edda0c1038186c8afbec49b0215a0b852396cdb50783a3f937fdf51d2afac,"{""distance"":5,""physical_error_rate"":1e-05}","{""detection_events"":7420,""detectors_checked"":210288640}"
   1103872,         0,         0,   119.5,decoder_by_matrix,9c6baee88fc81e7d1aa345fcb3feec7ee81f21c5d49cb6ca037118097d89e180,"{""distance"":5,""physical_error_rate"":5e-05}","{""detection_events"":31185,""detectors_checked"":187658240}"
   1327104,         0,         0,   119.5,decoder_by_matrix,e41ade2e4684e0396b9a3890c882b6453b515d69885aa1d89a26ce21ec554895,"{""distance"":5,""physical_error_rate"":1e-06}","{""detection_events"":535,""detectors_checked"":225607680}"
    924672,         0,         0,   119.6,decoder_by_matrix,3c866087b289edc25e9adea730044a15db18cabfd3ae2507fc844d5b4e03657a,"{""distance"":5,""physical_error_rate"":5e-06}","{""detection_events"":2710,""detectors_checked"":157194240}"
   1185792,         0,         0,   119.5,decoder_by_matrix,0421d486f8a041838688df650e87c0a19c3450ab7a7cc8b3dc589ebff86d1c74,"{""distance"":5,""physical_error_rate"":0.0001}","{""detection_events"":69245,""detectors_checked"":201584640}"
   1052672,         0,         0,   119.4,decoder_by_matrix,b84cf4b8ca220d31f17e1e2ea9ab927bbc4176b15682c650e7d1dd8f2758172b,"{""distance"":5,""physical_error_rate"":0.0005}","{""detection_events"":301895,""detectors_checked"":178954240}"
   1289216,         0,         0,   119.4,decoder_by_matrix,0421d486f8a041838688df650e87c0a19c3450ab7a7cc8b3dc589ebff86d1c74,"{""distance"":5,""physical_error_rate"":0.0001}","{""detection_events"":73465,""detectors_checked"":219166720}"
   1317888,         0,         0,   119.3,decoder_by_matrix,fa5edda0c1038186c8afbec49b0215a0b852396cdb50783a3f937fdf51d2afac,"{""distance"":5,""physical_error_rate"":1e-05}","{""detection_events"":7790,""detectors_checked"":224040960}"
   1095680,         0,         0,   119.4,decoder_by_matrix,fa5edda0c1038186c8afbec49b0215a0b852396cdb50783a3f937fdf51d2afac,"{""distance"":5,""physical_error_rate"":1e-05}","{""detection_events"":6030,""detectors_checked"":186265600}"
   1293312,         0,         0,   119.5,decoder_by_matrix,3c866087b289edc25e9adea730044a15db18cabfd3ae2507fc844d5b4e03657a,"{""distance"":5,""physical_error_rate"":5e-06}","{""detection_events"":3745,""detectors_checked"":219863040}"
   1268736,         8,         0,   119.6,decoder_by_matrix,066a5d8d46981b593c3dec855f441edbe9e755a8873183448f69d036a2ecc650,"{""distance"":5,""physical_error_rate"":0.001}","{""detection_events"":717880,""detectors_checked"":215685120,""obs_mistake_mask=EEE_"":1,""obs_mistake_mask=E_E_"":1,""obs_mistake_mask=E__E"":1,""obs_mistake_mask=E___"":2,""obs_mistake_mask=_EEE"":2,""obs_mistake_mask=__E_"":1}"
   1053696,         1,         0,   119.5,decoder_by_matrix,066a5d8d46981b593c3dec855f441edbe9e755a8873183448f69d036a2ecc650,"{""distance"":5,""physical_error_rate"":0.001}","{""detection_events"":598575,""detectors_checked"":179128320,""obs_mistake_mask=_E__"":1}"
   1265664,         0,         0,   119.5,decoder_by_matrix,fa5edda0c1038186c8afbec49b0215a0b852396cdb50783a3f937fdf51d2afac,"{""distance"":5,""physical_error_rate"":1e-05}","{""detection_events"":7890,""detectors_checked"":215162880}"
   1009664,         0,         0,   119.6,decoder_by_matrix,9c6baee88fc81e7d1aa345fcb3feec7ee81f21c5d49cb6ca037118097d89e180,"{""distance"":5,""physical_error_rate"":5e-05}","{""detection_events"":28630,""detectors_checked"":171642880}"
    995328,         0,         0,   119.5,decoder_by_matrix,e41ade2e4684e0396b9a3890c882b6453b515d69885aa1d89a26ce21ec554895,"{""distance"":5,""physical_error_rate"":1e-06}","{""detection_events"":650,""detectors_checked"":169205760}"
   1098752,         0,         0,   119.5,decoder_by_matrix,9c6baee88fc81e7d1aa345fcb3feec7ee81f21c5d49cb6ca037118097d89e180,"{""distance"":5,""physical_error_rate"":5e-05}","{""detection_events"":29775,""detectors_checked"":186787840}"
   1055744,         0,         0,   119.6,decoder_by_matrix,9c6baee88fc81e7d1aa345fcb3feec7ee81f21c5d49cb6ca037118097d89e180,"{""distance"":5,""physical_error_rate"":5e-05}","{""detection_events"":31040,""detectors_checked"":179476480}"
   1329152,         0,         0,   119.6,decoder_by_matrix,e41ade2e4684e0396b9a3890c882b6453b515d69885aa1d89a26ce21ec554895,"{""distance"":5,""physical_error_rate"":1e-06}","{""detection_events"":490,""detectors_checked"":225955840}"
   1076224,         0,         0,   119.5,decoder_by_matrix,b84cf4b8ca220d31f17e1e2ea9ab927bbc4176b15682c650e7d1dd8f2758172b,"{""distance"":5,""physical_error_rate"":0.0005}","{""detection_events"":303400,""detectors_checked"":182958080}"
    978944,         0,         0,   119.5,decoder_by_matrix,0421d486f8a041838688df650e87c0a19c3450ab7a7cc8b3dc589ebff86d1c74,"{""distance"":5,""physical_error_rate"":0.0001}","{""detection_events"":54830,""detectors_checked"":166420480}"
   1086464,         0,         0,   119.5,decoder_by_matrix,3c866087b289edc25e9adea730044a15db18cabfd3ae2507fc844d5b4e03657a,"{""distance"":5,""physical_error_rate"":5e-06}","{""detection_events"":3210,""detectors_checked"":184698880}"
   1206272,         0,         0,   119.6,decoder_by_matrix,b84cf4b8ca220d31f17e1e2ea9ab927bbc4176b15682c650e7d1dd8f2758172b,"{""distance"":5,""physical_error_rate"":0.0005}","{""detection_events"":340715,""detectors_checked"":205066240}"
   1319936,         0,         0,   119.4,decoder_by_matrix,3c866087b289edc25e9adea730044a15db18cabfd3ae2507fc844d5b4e03657a,"{""distance"":5,""physical_error_rate"":5e-06}","{""detection_events"":3855,""detectors_checked"":224389120}"
   1118208,         0,         0,   119.6,decoder_by_matrix,3c866087b289edc25e9adea730044a15db18cabfd3ae2507fc844d5b4e03657a,"{""distance"":5,""physical_error_rate"":5e-06}","{""detection_events"":2950,""detectors_checked"":190095360}"
   1074176,         0,         0,   119.4,decoder_by_matrix,fa5edda0c1038186c8afbec49b0215a0b852396cdb50783a3f937fdf51d2afac,"{""distance"":5,""physical_error_rate"":1e-05}","{""detection_events"":6240,""detectors_checked"":182609920}"
   1083392,         0,         0,   119.5,decoder_by_matrix,0421d486f8a041838688df650e87c0a19c3450ab7a7cc8b3dc589ebff86d1c74,"{""distance"":5,""physical_error_rate"":0.0001}","{""detection_events"":62765,""detectors_checked"":184176640}"
   1026048,         3,         0,   119.7,decoder_by_matrix,066a5d8d46981b593c3dec855f441edbe9e755a8873183448f69d036a2ecc650,"{""distance"":5,""physical_error_rate"":0.001}","{""detection_events"":589105,""detectors_checked"":174428160,""obs_mistake_mask=E___"":1,""obs_mistake_mask=_EEE"":1,""obs_mistake_mask=___E"":1}"
   1037312,         1,         0,   119.4,decoder_by_matrix,b84cf4b8ca220d31f17e1e2ea9ab927bbc4176b15682c650e7d1dd8f2758172b,"{""distance"":5,""physical_error_rate"":0.0005}","{""detection_events"":292105,""detectors_checked"":176343040,""obs_mistake_mask=E_E_"":1}"
    989184,         0,         0,   119.6,decoder_by_matrix,3c866087b289edc25e9adea730044a15db18cabfd3ae2507fc844d5b4e03657a,"{""distance"":5,""physical_error_rate"":5e-06}","{""detection_events"":2695,""detectors_checked"":168161280}"
    941056,         1,         0,   119.4,decoder_by_matrix,066a5d8d46981b593c3dec855f441edbe9e755a8873183448f69d036a2ecc650,"{""distance"":5,""physical_error_rate"":0.001}","{""detection_events"":529750,""detectors_checked"":159979520,""obs_mistake_mask=E___"":1}"
   1097728,         0,         0,   119.5,decoder_by_matrix,fa5edda0c1038186c8afbec49b0215a0b852396cdb50783a3f937fdf51d2afac,"{""distance"":5,""physical_error_rate"":1e-05}","{""detection_events"":6190,""detectors_checked"":186613760}"
   1259520,         4,         0,   119.5,decoder_by_matrix,066a5d8d46981b593c3dec855f441edbe9e755a8873183448f69d036a2ecc650,"{""distance"":5,""physical_error_rate"":0.001}","{""detection_events"":711915,""detectors_checked"":214118400,""obs_mistake_mask=E___"":2,""obs_mistake_mask=_EEE"":1,""obs_mistake_mask=___E"":1}"
    996352,         0,         0,   119.4,decoder_by_matrix,e41ade2e4684e0396b9a3890c882b6453b515d69885aa1d89a26ce21ec554895,"{""distance"":5,""physical_error_rate"":1e-06}","{""detection_events"":720,""detectors_checked"":169379840}"
    994304,         0,         0,   119.4,decoder_by_matrix,e41ade2e4684e0396b9a3890c882b6453b515d69885aa1d89a26ce21ec554895,"{""distance"":5,""physical_error_rate"":1e-06}","{""detection_events"":600,""detectors_checked"":169031680}"
   1087488,         0,         0,   119.5,decoder_by_matrix,b84cf4b8ca220d31f17e1e2ea9ab927bbc4176b15682c650e7d1dd8f2758172b,"{""distance"":5,""physical_error_rate"":0.0005}","{""detection_events"":305155,""detectors_checked"":184872960}"
   1273856,         0,         0,   119.5,decoder_by_matrix,b84cf4b8ca220d31f17e1e2ea9ab927bbc4176b15682c650e7d1dd8f2758172b,"{""distance"":5,""physical_error_rate"":0.0005}","{""detection_events"":360620,""detectors_checked"":216555520}"
   1057792,         0,         0,   119.5,decoder_by_matrix,0421d486f8a041838688df650e87c0a19c3450ab7a7cc8b3dc589ebff86d1c74,"{""distance"":5,""physical_error_rate"":0.0001}","{""detection_events"":61040,""detectors_checked"":179824640}"
    969728,         0,         0,   119.7,decoder_by_matrix,0421d486f8a041838688df650e87c0a19c3450ab7a7cc8b3dc589ebff86d1c74,"{""distance"":5,""physical_error_rate"":0.0001}","{""detection_events"":55925,""detectors_checked"":164853760}"
   1537024,         0,         0,   119.5,decoder_by_matrix,e41ade2e4684e0396b9a3890c882b6453b515d69885aa1d89a26ce21ec554895,"{""distance"":5,""physical_error_rate"":1e-06}","{""detection_events"":835,""detectors_checked"":261294080}"
    892928,         0,         0,   119.7,decoder_by_matrix,9c6baee88fc81e7d1aa345fcb3feec7ee81f21c5d49cb6ca037118097d89e180,"{""distance"":5,""physical_error_rate"":5e-05}","{""detection_events"":25900,""detectors_checked"":151797760}"
   1193984,         0,         0,   119.6,decoder_by_matrix,9c6baee88fc81e7d1aa345fcb3feec7ee81f21c5d49cb6ca037118097d89e180,"{""distance"":5,""physical_error_rate"":5e-05}","{""detection_events"":33580,""detectors_checked"":202977280}"
   1051648,         0,         0,   119.7,decoder_by_matrix,0421d486f8a041838688df650e87c0a19c3450ab7a7cc8b3dc589ebff86d1c74,"{""distance"":5,""physical_error_rate"":0.0001}","{""detection_events"":60695,""detectors_checked"":178780160}"
   1120256,         0,         0,   119.4,decoder_by_matrix,3c866087b289edc25e9adea730044a15db18cabfd3ae2507fc844d5b4e03657a,"{""distance"":5,""physical_error_rate"":5e-06}","{""detection_events"":2945,""detectors_checked"":190443520}"
   1050624,         0,         0,   119.4,decoder_by_matrix,e41ade2e4684e0396b9a3890c882b6453b515d69885aa1d89a26ce21ec554895,"{""distance"":5,""physical_error_rate"":1e-06}","{""detection_events"":620,""detectors_checked"":178606080}"
   1119232,         2,         0,   119.4,decoder_by_matrix,066a5d8d46981b593c3dec855f441edbe9e755a8873183448f69d036a2ecc650,"{""distance"":5,""physical_error_rate"":0.001}","{""detection_events"":629590,""detectors_checked"":190269440,""obs_mistake_mask=E_E_"":1,""obs_mistake_mask=_E__"":1}"
    928768,         0,         0,   119.6,decoder_by_matrix,9c6baee88fc81e7d1aa345fcb3feec7ee81f21c5d49cb6ca037118097d89e180,"{""distance"":5,""physical_error_rate"":5e-05}","{""detection_events"":27615,""detectors_checked"":157890560}"
   1085440,         0,         0,   119.4,decoder_by_matrix,fa5edda0c1038186c8afbec49b0215a0b852396cdb50783a3f937fdf51d2afac,"{""distance"":5,""physical_error_rate"":1e-05}","{""detection_events"":6120,""detectors_checked"":184524800}"
   1276928,         0,         0,   119.6,decoder_by_matrix,b84cf4b8ca220d31f17e1e2ea9ab927bbc4176b15682c650e7d1dd8f2758172b,"{""distance"":5,""physical_error_rate"":0.0005}","{""detection_events"":365745,""detectors_checked"":217077760}"
   1304576,         0,         0,   119.5,decoder_by_matrix,fa5edda0c1038186c8afbec49b0215a0b852396cdb50783a3f937fdf51d2afac,"{""distance"":5,""physical_error_rate"":1e-05}","{""detection_events"":8125,""detectors_checked"":221777920}"
   1171456,         0,         0,   119.7,decoder_by_matrix,9c6baee88fc81e7d1aa345fcb3feec7ee81f21c5d49cb6ca037118097d89e180,"{""distance"":5,""physical_error_rate"":5e-05}","{""detection_events"":34200,""detectors_checked"":199147520}"
   1297408,         0,         0,   119.7,decoder_by_matrix,e41ade2e4684e0396b9a3890c882b6453b515d69885aa1d89a26ce21ec554895,"{""distance"":5,""physical_error_rate"":1e-06}","{""detection_events"":775,""detectors_checked"":220559360}"
   1215488,         0,         0,   119.5,decoder_by_matrix,3c866087b289edc25e9adea730044a15db18cabfd3ae2507fc844d5b4e03657a,"{""distance"":5,""physical_error_rate"":5e-06}","{""detection_events"":3610,""detectors_checked"":206632960}"
   1205248,         0,         0,   119.6,decoder_by_matrix,0421d486f8a041838688df650e87c0a19c3450ab7a7cc8b3dc589ebff86d1c74,"{""distance"":5,""physical_error_rate"":0.0001}","{""detection_events"":67025,""detectors_checked"":204892160}"
   1171456,         1,         0,   119.4,decoder_by_matrix,b84cf4b8ca220d31f17e1e2ea9ab927bbc4176b15682c650e7d1dd8f2758172b,"{""distance"":5,""physical_error_rate"":0.0005}","{""detection_events"":327705,""detectors_checked"":199147520,""obs_mistake_mask=E___"":1}"
   1184768,         0,         0,   119.6,decoder_by_matrix,0421d486f8a041838688df650e87c0a19c3450ab7a7cc8b3dc589ebff86d1c74,"{""distance"":5,""physical_error_rate"":0.0001}","{""detection_events"":67025,""detectors_checked"":201410560}"
   1298432,         0,         0,   119.7,decoder_by_matrix,fa5edda0c1038186c8afbec49b0215a0b852396cdb50783a3f937fdf51d2afac,"{""distance"":5,""physical_error_rate"":1e-05}","{""detection_events"":6715,""detectors_checked"":220733440}"
   1298432,         0,         0,   119.4,decoder_by_matrix,fa5edda0c1038186c8afbec49b0215a0b852396cdb50783a3f937fdf51d2afac,"{""distance"":5,""physical_error_rate"":1e-05}","{""detection_events"":6715,""detectors_checked"":220733440}"
   1265664,         0,         0,   119.6,decoder_by_matrix,3c866087b289edc25e9adea730044a15db18cabfd3ae2507fc844d5b4e03657a,"{""distance"":5,""physical_error_rate"":5e-06}","{""detection_events"":3690,""detectors_checked"":215162880}"
   1176576,         4,         0,   119.5,decoder_by_matrix,066a5d8d46981b593c3dec855f441edbe9e755a8873183448f69d036a2ecc650,"{""distance"":5,""physical_error_rate"":0.001}","{""detection_events"":666475,""detectors_checked"":200017920,""obs_mistake_mask=E_E_"":1,""obs_mistake_mask=E__E"":1,""obs_mistake_mask=E___"":2}"
   1235968,         2,         0,   119.4,decoder_by_matrix,066a5d8d46981b593c3dec855f441edbe9e755a8873183448f69d036a2ecc650,"{""distance"":5,""physical_error_rate"":0.001}","{""detection_events"":705750,""detectors_checked"":210114560,""obs_mistake_mask=EE__"":1,""obs_mistake_mask=___E"":1}"
   1199104,         0,         0,   119.5,decoder_by_matrix,fa5edda0c1038186c8afbec49b0215a0b852396cdb50783a3f937fdf51d2afac,"{""distance"":5,""physical_error_rate"":1e-05}","{""detection_events"":6675,""detectors_checked"":203847680}"
    692224,         0,         0,   119.6,decoder_by_matrix,9c6baee88fc81e7d1aa345fcb3feec7ee81f21c5d49cb6ca037118097d89e180,"{""distance"":5,""physical_error_rate"":5e-05}","{""detection_events"":18725,""detectors_checked"":117678080}"
   1298432,         0,         0,   119.5,decoder_by_matrix,e41ade2e4684e0396b9a3890c882b6453b515d69885aa1d89a26ce21ec554895,"{""distance"":5,""physical_error_rate"":1e-06}","{""detection_events"":685,""detectors_checked"":220733440}"
   1063936,         0,         0,   119.6,decoder_by_matrix,9c6baee88fc81e7d1aa345fcb3feec7ee81f21c5d49cb6ca037118097d89e180,"{""distance"":5,""physical_error_rate"":5e-05}","{""detection_events"":31760,""detectors_checked"":180869120}"
   1271808,         0,         0,   119.4,decoder_by_matrix,9c6baee88fc81e7d1aa345fcb3feec7ee81f21c5d49cb6ca037118097d89e180,"{""distance"":5,""physical_error_rate"":5e-05}","{""detection_events"":36640,""detectors_checked"":216207360}"
   1259520,         0,         0,   119.5,decoder_by_matrix,e41ade2e4684e0396b9a3890c882b6453b515d69885aa1d89a26ce21ec554895,"{""distance"":5,""physical_error_rate"":1e-06}","{""detection_events"":795,""detectors_checked"":214118400}"
    926720,         0,         0,   119.7,decoder_by_matrix,b84cf4b8ca220d31f17e1e2ea9ab927bbc4176b15682c650e7d1dd8f2758172b,"{""distance"":5,""physical_error_rate"":0.0005}","{""detection_events"":261625,""detectors_checked"":157542400}"
   1155072,         0,         0,   119.5,decoder_by_matrix,3c866087b289edc25e9adea730044a15db18cabfd3ae2507fc844d5b4e03657a,"{""distance"":5,""physical_error_rate"":5e-06}","{""detection_events"":3300,""detectors_checked"":196362240}"
   1243136,         0,         0,   119.6,decoder_by_matrix,0421d486f8a041838688df650e87c0a19c3450ab7a7cc8b3dc589ebff86d1c74,"{""distance"":5,""physical_error_rate"":0.0001}","{""detection_events"":69750,""detectors_checked"":211333120}"
   1244160,         0,         0,   119.6,decoder_by_matrix,3c866087b289edc25e9adea730044a15db18cabfd3ae2507fc844d5b4e03657a,"{""distance"":5,""physical_error_rate"":5e-06}","{""detection_events"":3435,""detectors_checked"":211507200}"
    924672,         0,         0,   119.6,decoder_by_matrix,b84cf4b8ca220d31f17e1e2ea9ab927bbc4176b15682c650e7d1dd8f2758172b,"{""distance"":5,""physical_error_rate"":0.0005}","{""detection_events"":260355,""detectors_checked"":157194240}"
    720896,         0,         0,   119.6,decoder_by_matrix,3c866087b289edc25e9adea730044a15db18cabfd3ae2507fc844d5b4e03657a,"{""distance"":5,""physical_error_rate"":5e-06}","{""detection_events"":2040,""detectors_checked"":122552320}"
   1285120,         0,         0,   119.4,decoder_by_matrix,fa5edda0c1038186c8afbec49b0215a0b852396cdb50783a3f937fdf51d2afac,"{""distance"":5,""physical_error_rate"":1e-05}","{""detection_events"":6950,""detectors_checked"":218470400}"
   1253376,         0,         0,   119.5,decoder_by_matrix,0421d486f8a041838688df650e87c0a19c3450ab7a7cc8b3dc589ebff86d1c74,"{""distance"":5,""physical_error_rate"":0.0001}","{""detection_events"":71945,""detectors_checked"":213073920}"
   1097728,         3,         0,   119.4,decoder_by_matrix,066a5d8d46981b593c3dec855f441edbe9e755a8873183448f69d036a2ecc650,"{""distance"":5,""physical_error_rate"":0.001}","{""detection_events"":628385,""detectors_checked"":186613760,""obs_mistake_mask=EE__"":1,""obs_mistake_mask=E___"":2}"
   1247232,         0,         0,   119.6,decoder_by_matrix,b84cf4b8ca220d31f17e1e2ea9ab927bbc4176b15682c650e7d1dd8f2758172b,"{""distance"":5,""physical_error_rate"":0.0005}","{""detection_events"":352670,""detectors_checked"":212029440}"
    851968,         0,         0,   119.5,decoder_by_matrix,3c866087b289edc25e9adea730044a15db18cabfd3ae2507fc844d5b4e03657a,"{""distance"":5,""physical_error_rate"":5e-06}","{""detection_events"":2360,""detectors_checked"":144834560}"
    778240,         2,         0,   119.6,decoder_by_matrix,066a5d8d46981b593c3dec855f441edbe9e755a8873183448f69d036a2ecc650,"{""distance"":5,""physical_error_rate"":0.001}","{""detection_events"":434375,""detectors_checked"":132300800,""obs_mistake_mask=E___"":1,""obs_mistake_mask=__EE"":1}"
   1196032,         0,         0,   119.5,decoder_by_matrix,fa5edda0c1038186c8afbec49b0215a0b852396cdb50783a3f937fdf51d2afac,"{""distance"":5,""physical_error_rate"":1e-05}","{""detection_events"":7175,""detectors_checked"":203325440}"
   1180672,         2,         0,   119.5,decoder_by_matrix,066a5d8d46981b593c3dec855f441edbe9e755a8873183448f69d036a2ecc650,"{""distance"":5,""physical_error_rate"":0.001}","{""detection_events"":666070,""detectors_checked"":200714240,""obs_mistake_mask=__E_"":1,""obs_mistake_mask=___E"":1}"
   1244160,         0,         0,   119.4,decoder_by_matrix,e41ade2e4684e0396b9a3890c882b6453b515d69885aa1d89a26ce21ec554895,"{""distance"":5,""physical_error_rate"":1e-06}","{""detection_events"":695,""detectors_checked"":211507200}"
   1153024,         0,         0,   119.5,decoder_by_matrix,e41ade2e4684e0396b9a3890c882b6453b515d69885aa1d89a26ce21ec554895,"{""distance"":5,""physical_error_rate"":1e-06}","{""detection_events"":635,""detectors_checked"":196014080}"
   1193984,         0,         0,   119.5,decoder_by_matrix,b84cf4b8ca220d31f17e1e2ea9ab927bbc4176b15682c650e7d1dd8f2758172b,"{""distance"":5,""physical_error_rate"":0.0005}","{""detection_events"":346980,""detectors_checked"":202977280}"
   1253376,         0,         0,   119.3,decoder_by_matrix,b84cf4b8ca220d31f17e1e2ea9ab927bbc4176b15682c650e7d1dd8f2758172b,"{""distance"":5,""physical_error_rate"":0.0005}","{""detection_events"":360740,""detectors_checked"":213073920}"
   1117184,         0,         0,   119.4,decoder_by_matrix,0421d486f8a041838688df650e87c0a19c3450ab7a7cc8b3dc589ebff86d1c74,"{""distance"":5,""physical_error_rate"":0.0001}","{""detection_events"":64475,""detectors_checked"":189921280}"
   1108992,         0,         0,   119.4,decoder_by_matrix,0421d486f8a041838688df650e87c0a19c3450ab7a7cc8b3dc589ebff86d1c74,"{""distance"":5,""physical_error_rate"":0.0001}","{""detection_events"":61980,""detectors_checked"":188528640}"
   1498112,         0,         0,   119.4,decoder_by_matrix,e41ade2e4684e0396b9a3890c882b6453b515d69885aa1d89a26ce21ec554895,"{""distance"":5,""physical_error_rate"":1e-06}","{""detection_events"":1055,""detectors_checked"":254679040}"
    830464,         0,         0,   119.6,decoder_by_matrix,9c6baee88fc81e7d1aa345fcb3feec7ee81f21c5d49cb6ca037118097d89e180,"{""distance"":5,""physical_error_rate"":5e-05}","{""detection_events"":24055,""detectors_checked"":141178880}"
   1057792,         0,         0,   119.6,decoder_by_matrix,9c6baee88fc81e7d1aa345fcb3feec7ee81f21c5d49cb6ca037118097d89e180,"{""distance"":5,""physical_error_rate"":5e-05}","{""detection_events"":29755,""detectors_checked"":179824640}"
    688128,         0,         0,   119.6,decoder_by_matrix,0421d486f8a041838688df650e87c0a19c3450ab7a7cc8b3dc589ebff86d1c74,"{""distance"":5,""physical_error_rate"":0.0001}","{""detection_events"":39940,""detectors_checked"":116981760}"
   1241088,         0,         0,   119.6,decoder_by_matrix,3c866087b289edc25e9adea730044a15db18cabfd3ae2507fc844d5b4e03657a,"{""distance"":5,""physical_error_rate"":5e-06}","{""detection_events"":3810,""detectors_checked"":210984960}"
    731136,         0,         0,   119.8,decoder_by_matrix,e41ade2e4684e0396b9a3890c882b6453b515d69885aa1d89a26ce21ec554895,"{""distance"":5,""physical_error_rate"":1e-06}","{""detection_events"":430,""detectors_checked"":124293120}"
   1206272,         2,         0,   119.6,decoder_by_matrix,066a5d8d46981b593c3dec855f441edbe9e755a8873183448f69d036a2ecc650,"{""distance"":5,""physical_error_rate"":0.001}","{""detection_events"":687130,""detectors_checked"":205066240,""obs_mistake_mask=EE__"":1,""obs_mistake_mask=_E_E"":1}"
    900096,         0,         0,   119.6,decoder_by_matrix,9c6baee88fc81e7d1aa345fcb3feec7ee81f21c5d49cb6ca037118097d89e180,"{""distance"":5,""physical_error_rate"":5e-05}","{""detection_events"":26710,""detectors_checked"":153016320}"
   1137664,         0,         0,   119.7,decoder_by_matrix,fa5edda0c1038186c8afbec49b0215a0b852396cdb50783a3f937fdf51d2afac,"{""distance"":5,""physical_error_rate"":1e-05}","{""detection_events"":6690,""detectors_checked"":193402880}"
   1149952,         0,         0,   119.5,decoder_by_matrix,b84cf4b8ca220d31f17e1e2ea9ab927bbc4176b15682c650e7d1dd8f2758172b,"{""distance"":5,""physical_error_rate"":0.0005}","{""detection_events"":327710,""detectors_checked"":195491840}"
   1265664,         0,         0,   119.5,decoder_by_matrix,fa5edda0c1038186c8afbec49b0215a0b852396cdb50783a3f937fdf51d2afac,"{""distance"":5,""physical_error_rate"":1e-05}","{""detection_events"":7160,""detectors_checked"":215162880}"
   1140736,         0,         0,   119.6,decoder_by_matrix,9c6baee88fc81e7d1aa345fcb3feec7ee81f21c5d49cb6ca037118097d89e180,"{""distance"":5,""physical_error_rate"":5e-05}","{""detection_events"":33785,""detectors_checked"":193925120}"
   1211392,         0,         0,   119.6,decoder_by_matrix,3c866087b289edc25e9adea730044a15db18cabfd3ae2507fc844d5b4e03657a,"{""distance"":5,""physical_error_rate"":5e-06}","{""detection_events"":3190,""detectors_checked"":205936640}"
   1120256,         0,         0,   119.6,decoder_by_matrix,e41ade2e4684e0396b9a3890c882b6453b515d69885aa1d89a26ce21ec554895,"{""distance"":5,""physical_error_rate"":1e-06}","{""detection_events"":645,""detectors_checked"":190443520}"
    764928,         0,         0,   119.7,decoder_by_matrix,0421d486f8a041838688df650e87c0a19c3450ab7a7cc8b3dc589ebff86d1c74,"{""distance"":5,""physical_error_rate"":0.0001}","{""detection_events"":42775,""detectors_checked"":130037760}"
   1091584,         1,         0,   119.7,decoder_by_matrix,b84cf4b8ca220d31f17e1e2ea9ab927bbc4176b15682c650e7d1dd8f2758172b,"{""distance"":5,""physical_error_rate"":0.0005}","{""detection_events"":313265,""detectors_checked"":185569280,""obs_mistake_mask=__EE"":1}"
   1255424,         0,         0,   119.3,decoder_by_matrix,0421d486f8a041838688df650e87c0a19c3450ab7a7cc8b3dc589ebff86d1c74,"{""distance"":5,""physical_error_rate"":0.0001}","{""detection_events"":72980,""detectors_checked"":213422080}"
   1282048,         0,         0,   119.5,decoder_by_matrix,fa5edda0c1038186c8afbec49b0215a0b852396cdb50783a3f937fdf51d2afac,"{""distance"":5,""physical_error_rate"":1e-05}","{""detection_events"":6620,""detectors_checked"":217948160}"
   1209344,         0,         0,   119.4,decoder_by_matrix,fa5edda0c1038186c8afbec49b0215a0b852396cdb50783a3f937fdf51d2afac,"{""distance"":5,""physical_error_rate"":1e-05}","{""detection_events"":6435,""detectors_checked"":205588480}"
   1319936,         0,         0,   119.6,decoder_by_matrix,3c866087b289edc25e9adea730044a15db18cabfd3ae2507fc844d5b4e03657a,"{""distance"":5,""physical_error_rate"":5e-06}","{""detection_events"":3690,""detectors_checked"":224389120}"
   1181696,         1,         0,   119.5,decoder_by_matrix,066a5d8d46981b593c3dec855f441edbe9e755a8873183448f69d036a2ecc650,"{""distance"":5,""physical_error_rate"":0.001}","{""detection_events"":670860,""detectors_checked"":200888320,""obs_mistake_mask=E___"":1}"
   1171456,         3,         0,   119.6,decoder_by_matrix,066a5d8d46981b593c3dec855f441edbe9e755a8873183448f69d036a2ecc650,"{""distance"":5,""physical_error_rate"":0.001}","{""detection_events"":664855,""detectors_checked"":199147520,""obs_mistake_mask=E__E"":1,""obs_mistake_mask=_E__"":1,""obs_mistake_mask=___E"":1}"
    937984,         0,         0,   119.6,decoder_by_matrix,fa5edda0c1038186c8afbec49b0215a0b852396cdb50783a3f937fdf51d2afac,"{""distance"":5,""physical_error_rate"":1e-05}","{""detection_events"":5370,""detectors_checked"":159457280}"
   1114112,         0,         0,   119.6,decoder_by_matrix,e41ade2e4684e0396b9a3890c882b6453b515d69885aa1d89a26ce21ec554895,"{""distance"":5,""physical_error_rate"":1e-06}","{""detection_events"":580,""detectors_checked"":189399040}"
    974848,         0,         0,   119.5,decoder_by_matrix,9c6baee88fc81e7d1aa345fcb3feec7ee81f21c5d49cb6ca037118097d89e180,"{""distance"":5,""physical_error_rate"":5e-05}","{""detection_events"":27155,""detectors_checked"":165724160}"
   1181696,         0,         0,   119.5,decoder_by_matrix,9c6baee88fc81e7d1aa345fcb3feec7ee81f21c5d49cb6ca037118097d89e180,"{""distance"":5,""physical_error_rate"":5e-05}","{""detection_events"":34290,""detectors_checked"":200888320}"
   1288192,         0,         0,   119.6,decoder_by_matrix,9c6baee88fc81e7d1aa345fcb3feec7ee81f21c5d49cb6ca037118097d89e180,"{""distance"":5,""physical_error_rate"":5e-05}","{""detection_events"":35625,""detectors_checked"":218992640}"
   1304576,         0,         0,   119.5,decoder_by_matrix,e41ade2e4684e0396b9a3890c882b6453b515d69885aa1d89a26ce21ec554895,"{""distance"":5,""physical_error_rate"":1e-06}","{""detection_events"":820,""detectors_checked"":221777920}"
    709632,         0,         0,   119.6,decoder_by_matrix,b84cf4b8ca220d31f17e1e2ea9ab927bbc4176b15682c650e7d1dd8f2758172b,"{""distance"":5,""physical_error_rate"":0.0005}","{""detection_events"":202320,""detectors_checked"":120637440}"
   1268736,         0,         0,   119.5,decoder_by_matrix,3c866087b289edc25e9adea730044a15db18cabfd3ae2507fc844d5b4e03657a,"{""distance"":5,""physical_error_rate"":5e-06}","{""detection_events"":3585,""detectors_checked"":215685120}"
   1189888,         0,         0,   119.5,decoder_by_matrix,0421d486f8a041838688df650e87c0a19c3450ab7a7cc8b3dc589ebff86d1c74,"{""distance"":5,""physical_error_rate"":0.0001}","{""detection_events"":67365,""detectors_checked"":202280960}"
   1105920,         0,         0,   119.2,decoder_by_matrix,3c866087b289edc25e9adea730044a15db18cabfd3ae2507fc844d5b4e03657a,"{""distance"":5,""physical_error_rate"":5e-06}","{""detection_events"":3035,""detectors_checked"":188006400}"
    898048,         0,         0,   119.3,decoder_by_matrix,b84cf4b8ca220d31f17e1e2ea9ab927bbc4176b15682c650e7d1dd8f2758172b,"{""distance"":5,""physical_error_rate"":0.0005}","{""detection_events"":252605,""detectors_checked"":152668160}"
    752640,         0,         0,   119.6,decoder_by_matrix,3c866087b289edc25e9adea730044a15db18cabfd3ae2507fc844d5b4e03657a,"{""distance"":5,""physical_error_rate"":5e-06}","{""detection_events"":2000,""detectors_checked"":127948800}"
   1180672,         0,         0,   119.5,decoder_by_matrix,fa5edda0c1038186c8afbec49b0215a0b852396cdb50783a3f937fdf51d2afac,"{""distance"":5,""physical_error_rate"":1e-05}","{""detection_events"":7315,""detectors_checked"":200714240}"
   1138688,         0,         0,   119.4,decoder_by_matrix,0421d486f8a041838688df650e87c0a19c3450ab7a7cc8b3dc589ebff86d1c74,"{""distance"":5,""physical_error_rate"":0.0001}","{""detection_events"":64080,""detectors_checked"":193576960}"
   1062912,         3,         0,   119.5,decoder_by_matrix,066a5d8d46981b593c3dec855f441edbe9e755a8873183448f69d036a2ecc650,"{""distance"":5,""physical_error_rate"":0.001}","{""detection_events"":596365,""detectors_checked"":180695040,""obs_mistake_mask=E_E_"":1,""obs_mistake_mask=_E_E"":1,""obs_mistake_mask=___E"":1}"
   1110016,         0,         0,   119.7,decoder_by_matrix,b84cf4b8ca220d31f17e1e2ea9ab927bbc4176b15682c650e7d1dd8f2758172b,"{""distance"":5,""physical_error_rate"":0.0005}","{""detection_events"":317855,""detectors_checked"":188702720}"
   1183744,         0,         0,   119.5,decoder_by_matrix,3c866087b289edc25e9adea730044a15db18cabfd3ae2507fc844d5b4e03657a,"{""distance"":5,""physical_error_rate"":5e-06}","{""detection_events"":3025,""detectors_checked"":201236480}"
   1107968,         3,         0,   119.5,decoder_by_matrix,066a5d8d46981b593c3dec855f441edbe9e755a8873183448f69d036a2ecc650,"{""distance"":5,""physical_error_rate"":0.001}","{""detection_events"":635220,""detectors_checked"":188354560,""obs_mistake_mask=EE_E"":1,""obs_mistake_mask=E_E_"":1,""obs_mistake_mask=_E__"":1}"
   1236992,         0,         0,   119.4,decoder_by_matrix,fa5edda0c1038186c8afbec49b0215a0b852396cdb50783a3f937fdf51d2afac,"{""distance"":5,""physical_error_rate"":1e-05}","{""detection_events"":7040,""detectors_checked"":210288640}"
   1277952,         0,         0,   119.5,decoder_by_matrix,e41ade2e4684e0396b9a3890c882b6453b515d69885aa1d89a26ce21ec554895,"{""distance"":5,""physical_error_rate"":1e-06}","{""detection_events"":750,""detectors_checked"":217251840}"
   1111040,         1,         0,   119.4,decoder_by_matrix,066a5d8d46981b593c3dec855f441edbe9e755a8873183448f69d036a2ecc650,"{""distance"":5,""physical_error_rate"":0.001}","{""detection_events"":635470,""detectors_checked"":188876800,""obs_mistake_mask=E___"":1}"
   1207296,         0,         0,   119.6,decoder_by_matrix,e41ade2e4684e0396b9a3890c882b6453b515d69885aa1d89a26ce21ec554895,"{""distance"":5,""physical_error_rate"":1e-06}","{""detection_events"":785,""detectors_checked"":205240320}"
   1150976,         0,         0,   119.5,decoder_by_matrix,b84cf4b8ca220d31f17e1e2ea9ab927bbc4176b15682c650e7d1dd8f2758172b,"{""distance"":5,""physical_error_rate"":0.0005}","{""detection_events"":326910,""detectors_checked"":195665920}"
   1036288,         1,         0,   119.6,decoder_by_matrix,b84cf4b8ca220d31f17e1e2ea9ab927bbc4176b15682c650e7d1dd8f2758172b,"{""distance"":5,""physical_error_rate"":0.0005}","{""detection_events"":293670,""detectors_checked"":176168960,""obs_mistake_mask=_E__"":1}"
   1084416,         0,         0,   119.4,decoder_by_matrix,0421d486f8a041838688df650e87c0a19c3450ab7a7cc8b3dc589ebff86d1c74,"{""distance"":5,""physical_error_rate"":0.0001}","{""detection_events"":61570,""detectors_checked"":184350720}"
   1157120,         0,         0,   119.6,decoder_by_matrix,0421d486f8a041838688df650e87c0a19c3450ab7a7cc8b3dc589ebff86d1c74,"{""distance"":5,""physical_error_rate"":0.0001}","{""detection_events"":66040,""detectors_checked"":196710400}"
   1502208,         0,         0,   119.4,decoder_by_matrix,e41ade2e4684e0396b9a3890c882b6453b515d69885aa1d89a26ce21ec554895,"{""distance"":5,""physical_error_rate"":1e-06}","{""detection_events"":785,""detectors_checked"":255375360}"
   1231872,         0,         0,   119.6,decoder_by_matrix,9c6baee88fc81e7d1aa345fcb3feec7ee81f21c5d49cb6ca037118097d89e180,"{""distance"":5,""physical_error_rate"":5e-05}","{""detection_events"":34980,""detectors_checked"":209418240}"
   1255424,         0,         0,   119.6,decoder_by_matrix,9c6baee88fc81e7d1aa345fcb3feec7ee81f21c5d49cb6ca037118097d89e180,"{""distance"":5,""physical_error_rate"":5e-05}","{""detection_events"":35365,""detectors_checked"":213422080}"
    758784,         0,         0,   119.3,decoder_by_matrix,0421d486f8a041838688df650e87c0a19c3450ab7a7cc8b3dc589ebff86d1c74,"{""distance"":5,""physical_error_rate"":0.0001}","{""detection_events"":43310,""detectors_checked"":128993280}"
    883712,         0,         0,   119.5,decoder_by_matrix,3c866087b289edc25e9adea730044a15db18cabfd3ae2507fc844d5b4e03657a,"{""distance"":5,""physical_error_rate"":5e-06}","{""detection_events"":2860,""detectors_checked"":150231040}"
    835584,         0,         0,   119.6,decoder_by_matrix,e41ade2e4684e0396b9a3890c882b6453b515d69885aa1d89a26ce21ec554895,"{""distance"":5,""physical_error_rate"":1e-06}","{""detection_events"":475,""detectors_checked"":142049280}"
   1141760,         0,         0,   119.7,decoder_by_matrix,066a5d8d46981b593c3dec855f441edbe9e755a8873183448f69d036a2ecc650,"{""distance"":5,""physical_error_rate"":0.001}","{""detection_events"":643730,""detectors_checked"":194099200}"
   1268736,         0,         0,   119.5,decoder_by_matrix,9c6baee88fc81e7d1aa345fcb3feec7ee81f21c5d49cb6ca037118097d89e180,"{""distance"":5,""physical_error_rate"":5e-05}","{""detection_events"":34620,""detectors_checked"":215685120}"
   1288192,         0,         0,   119.7,decoder_by_matrix,fa5edda0c1038186c8afbec49b0215a0b852396cdb50783a3f937fdf51d2afac,"{""distance"":5,""physical_error_rate"":1e-05}","{""detection_events"":6925,""detectors_checked"":218992640}"
   1217536,         0,         0,   119.7,decoder_by_matrix,b84cf4b8ca220d31f17e1e2ea9ab927bbc4176b15682c650e7d1dd8f2758172b,"{""distance"":5,""physical_error_rate"":0.0005}","{""detection_events"":345895,""detectors_checked"":206981120}"
   1231872,         0,         0,   119.7,decoder_by_matrix,fa5edda0c1038186c8afbec49b0215a0b852396cdb50783a3f937fdf51d2afac,"{""distance"":5,""physical_error_rate"":1e-05}","{""detection_events"":6535,""detectors_checked"":209418240}"
   1196032,         0,         0,   119.6,decoder_by_matrix,9c6baee88fc81e7d1aa345fcb3feec7ee81f21c5d49cb6ca037118097d89e180,"{""distance"":5,""physical_error_rate"":5e-05}","{""detection_events"":31945,""detectors_checked"":203325440}"
   1211392,         0,         0,   119.4,decoder_by_matrix,3c866087b289edc25e9adea730044a15db18cabfd3ae2507fc844d5b4e03657a,"{""distance"":5,""physical_error_rate"":5e-06}","{""detection_events"":3740,""detectors_checked"":205936640}"
   1193984,         0,         0,   119.6,decoder_by_matrix,e41ade2e4684e0396b9a3890c882b6453b515d69885aa1d89a26ce21ec554895,"{""distance"":5,""physical_error_rate"":1e-06}","{""detection_events"":480,""detectors_checked"":202977280}"
    904192,         0,         0,   119.8,decoder_by_matrix,0421d486f8a041838688df650e87c0a19c3450ab7a7cc8b3dc589ebff86d1c74,"{""distance"":5,""physical_error_rate"":0.0001}","{""detection_events"":50745,""detectors_checked"":153712640}"
    960512,         0,         0,   119.5,decoder_by_matrix,b84cf4b8ca220d31f17e1e2ea9ab927bbc4176b15682c650e7d1dd8f2758172b,"{""distance"":5,""physical_error_rate"":0.0005}","{""detection_events"":269375,""detectors_checked"":163287040}"
   1219584,         0,         0,   119.7,decoder_by_matrix,0421d486f8a041838688df650e87c0a19c3450ab7a7cc8b3dc589ebff86d1c74,"{""distance"":5,""physical_error_rate"":0.0001}","{""detection_events"":71515,""detectors_checked"":207329280}"
   1128448,         0,         0,   119.5,decoder_by_matrix,fa5edda0c1038186c8afbec49b0215a0b852396cdb50783a3f937fdf51d2afac,"{""distance"":5,""physical_error_rate"":1e-05}","{""detection_events"":6745,""detectors_checked"":191836160}"
   1198080,         0,         0,   119.5,decoder_by_matrix,fa5edda0c1038186c8afbec49b0215a0b852396cdb50783a3f937fdf51d2afac,"{""distance"":5,""physical_error_rate"":1e-05}","{""detection_events"":6480,""detectors_checked"":203673600}"
   1280000,         0,         0,   119.6,decoder_by_matrix,3c866087b289edc25e9adea730044a15db18cabfd3ae2507fc844d5b4e03657a,"{""distance"":5,""physical_error_rate"":5e-06}","{""detection_events"":3645,""detectors_checked"":217600000}"
    987136,         1,         0,   119.4,decoder_by_matrix,066a5d8d46981b593c3dec855f441edbe9e755a8873183448f69d036a2ecc650,"{""distance"":5,""physical_error_rate"":0.001}","{""detection_events"":565415,""detectors_checked"":167813120,""obs_mistake_mask=___E"":1}"
   1107968,         3,         0,   119.5,decoder_by_matrix,066a5d8d46981b593c3dec855f441edbe9e755a8873183448f69d036a2ecc650,"{""distance"":5,""physical_error_rate"":0.001}","{""detection_events"":629905,""detectors_checked"":188354560,""obs_mistake_mask=EE__"":1,""obs_mistake_mask=___E"":2}"
   1095680,         0,         0,   119.6,decoder_by_matrix,fa5edda0c1038186c8afbec49b0215a0b852396cdb50783a3f937fdf51d2afac,"{""distance"":5,""physical_error_rate"":1e-05}","{""detection_events"":6110,""detectors_checked"":186265600}"
   1172480,         0,         0,   119.6,decoder_by_matrix,e41ade2e4684e0396b9a3890c882b6453b515d69885aa1d89a26ce21ec554895,"{""distance"":5,""physical_error_rate"":1e-06}","{""detection_events"":525,""detectors_checked"":199321600}"
   1086464,         0,         0,   119.5,decoder_by_matrix,9c6baee88fc81e7d1aa345fcb3feec7ee81f21c5d49cb6ca037118097d89e180,"{""distance"":5,""physical_error_rate"":5e-05}","{""detection_events"":32105,""detectors_checked"":184698880}"
   1249280,         0,         0,   119.6,decoder_by_matrix,9c6baee88fc81e7d1aa345fcb3feec7ee81f21c5d49cb6ca037118097d89e180,"{""distance"":5,""physical_error_rate"":5e-05}","{""detection_events"":34900,""detectors_checked"":212377600}"
   1135616,         0,         0,   119.6,decoder_by_matrix,9c6baee88fc81e7d1aa345fcb3feec7ee81f21c5d49cb6ca037118097d89e180,"{""distance"":5,""physical_error_rate"":5e-05}","{""detection_events"":31785,""detectors_checked"":193054720}"
   1140736,         0,         0,   119.5,decoder_by_matrix,e41ade2e4684e0396b9a3890c882b6453b515d69885aa1d89a26ce21ec554895,"{""distance"":5,""physical_error_rate"":1e-06}","{""detection_events"":760,""detectors_checked"":193925120}"
   1032192,         0,         0,   119.6,decoder_by_matrix,b84cf4b8ca220d31f17e1e2ea9ab927bbc4176b15682c650e7d1dd8f2758172b,"{""distance"":5,""physical_error_rate"":0.0005}","{""detection_events"":292685,""detectors_checked"":175472640}"
   1181696,         0,         0,   119.5,decoder_by_matrix,3c866087b289edc25e9adea730044a15db18cabfd3ae2507fc844d5b4e03657a,"{""distance"":5,""physical_error_rate"":5e-06}","{""detection_events"":3335,""detectors_checked"":200888320}"
   1148928,         0,         0,   119.4,decoder_by_matrix,0421d486f8a041838688df650e87c0a19c3450ab7a7cc8b3dc589ebff86d1c74,"{""distance"":5,""physical_error_rate"":0.0001}","{""detection_events"":63050,""detectors_checked"":195317760}"
   1120256,         0,         0,   119.5,decoder_by_matrix,3c866087b289edc25e9adea730044a15db18cabfd3ae2507fc844d5b4e03657a,"{""distance"":5,""physical_error_rate"":5e-06}","{""detection_events"":3020,""detectors_checked"":190443520}"
   1130496,         1,         0,   119.4,decoder_by_matrix,b84cf4b8ca220d31f17e1e2ea9ab927bbc4176b15682c650e7d1dd8f2758172b,"{""distance"":5,""physical_error_rate"":0.0005}","{""detection_events"":321575,""detectors_checked"":192184320,""obs_mistake_mask=EEE_"":1}"
   1164288,         0,         0,   119.5,decoder_by_matrix,fa5edda0c1038186c8afbec49b0215a0b852396cdb50783a3f937fdf51d2afac,"{""distance"":5,""physical_error_rate"":1e-05}","{""detection_events"":6240,""detectors_checked"":197928960}"
   1183744,         0,         0,   119.5,decoder_by_matrix,3c866087b289edc25e9adea730044a15db18cabfd3ae2507fc844d5b4e03657a,"{""distance"":5,""physical_error_rate"":5e-06}","{""detection_events"":3450,""detectors_checked"":201236480}"
   1156096,         0,         0,   119.5,decoder_by_matrix,0421d486f8a041838688df650e87c0a19c3450ab7a7cc8b3dc589ebff86d1c74,"{""distance"":5,""physical_error_rate"":0.0001}","{""detection_events"":66055,""detectors_checked"":196536320}"
   1137664,         2,         0,   119.4,decoder_by_matrix,066a5d8d46981b593c3dec855f441edbe9e755a8873183448f69d036a2ecc650,"{""distance"":5,""physical_error_rate"":0.001}","{""detection_events"":640175,""detectors_checked"":193402880,""obs_mistake_mask=_E_E"":1,""obs_mistake_mask=__EE"":1}"
   1062912,         0,         0,   119.5,decoder_by_matrix,b84cf4b8ca220d31f17e1e2ea9ab927bbc4176b15682c650e7d1dd8f2758172b,"{""distance"":5,""physical_error_rate"":0.0005}","{""detection_events"":301475,""detectors_checked"":180695040}"
    936960,         0,         0,   119.6,decoder_by_matrix,3c866087b289edc25e9adea730044a15db18cabfd3ae2507fc844d5b4e03657a,"{""distance"":5,""physical_error_rate"":5e-06}","{""detection_events"":2760,""detectors_checked"":159283200}"
    962560,         1,         0,   119.6,decoder_by_matrix,066a5d8d46981b593c3dec855f441edbe9e755a8873183448f69d036a2ecc650,"{""distance"":5,""physical_error_rate"":0.001}","{""detection_events"":548765,""detectors_checked"":163635200,""obs_mistake_mask=__EE"":1}"
   1178624,         0,         0,   119.6,decoder_by_matrix,fa5edda0c1038186c8afbec49b0215a0b852396cdb50783a3f937fdf51d2afac,"{""distance"":5,""physical_error_rate"":1e-05}","{""detection_events"":5890,""detectors_checked"":200366080}"
   1049600,         4,         0,   119.5,decoder_by_matrix,066a5d8d46981b593c3dec855f441edbe9e755a8873183448f69d036a2ecc650,"{""distance"":5,""physical_error_rate"":0.001}","{""detection_events"":588270,""detectors_checked"":178432000,""obs_mistake_mask=EE__"":1,""obs_mistake_mask=E__E"":1,""obs_mistake_mask=_E_E"":1,""obs_mistake_mask=___E"":1}"
   1180672,         0,         0,   119.4,decoder_by_matrix,e41ade2e4684e0396b9a3890c882b6453b515d69885aa1d89a26ce21ec554895,"{""distance"":5,""physical_error_rate"":1e-06}","{""detection_events"":605,""detectors_checked"":200714240}"
   1185792,         0,         0,   119.6,decoder_by_matrix,e41ade2e4684e0396b9a3890c882b6453b515d69885aa1d89a26ce21ec554895,"{""distance"":5,""physical_error_rate"":1e-06}","{""detection_events"":760,""detectors_checked"":201584640}"
   1140736,         0,         0,   119.6,decoder_by_matrix,b84cf4b8ca220d31f17e1e2ea9ab927bbc4176b15682c650e7d1dd8f2758172b,"{""distance"":5,""physical_error_rate"":0.0005}","{""detection_events"":324245,""detectors_checked"":193925120}"
   1150976,         0,         0,   119.5,decoder_by_matrix,b84cf4b8ca220d31f17e1e2ea9ab927bbc4176b15682c650e7d1dd8f2758172b,"{""distance"":5,""physical_error_rate"":0.0005}","{""detection_events"":327390,""detectors_checked"":195665920}"
   1117184,         0,         0,   119.3,decoder_by_matrix,0421d486f8a041838688df650e87c0a19c3450ab7a7cc8b3dc589ebff86d1c74,"{""distance"":5,""physical_error_rate"":0.0001}","{""detection_events"":64765,""detectors_checked"":189921280}"
   1110016,         0,         0,   119.5,decoder_by_matrix,0421d486f8a041838688df650e87c0a19c3450ab7a7cc8b3dc589ebff86d1c74,"{""distance"":5,""physical_error_rate"":0.0001}","{""detection_events"":63995,""detectors_checked"":188702720}"
   1283072,         0,         0,   119.7,decoder_by_matrix,e41ade2e4684e0396b9a3890c882b6453b515d69885aa1d89a26ce21ec554895,"{""distance"":5,""physical_error_rate"":1e-06}","{""detection_events"":855,""detectors_checked"":218122240}"
   1203200,         0,         0,   119.5,decoder_by_matrix,9c6baee88fc81e7d1aa345fcb3feec7ee81f21c5d49cb6ca037118097d89e180,"{""distance"":5,""physical_error_rate"":5e-05}","{""detection_events"":35005,""detectors_checked"":204544000}"
   1083392,         0,         0,   119.5,decoder_by_matrix,9c6baee88fc81e7d1aa345fcb3feec7ee81f21c5d49cb6ca037118097d89e180,"{""distance"":5,""physical_error_rate"":5e-05}","{""detection_events"":31935,""detectors_checked"":184176640}"
   1125376,         0,         0,   119.6,decoder_by_matrix,0421d486f8a041838688df650e87c0a19c3450ab7a7cc8b3dc589ebff86d1c74,"{""distance"":5,""physical_error_rate"":0.0001}","{""detection_events"":62760,""detectors_checked"":191313920}"
   1137664,         0,         0,   119.5,decoder_by_matrix,3c866087b289edc25e9adea730044a15db18cabfd3ae2507fc844d5b4e03657a,"{""distance"":5,""physical_error_rate"":5e-06}","{""detection_events"":3770,""detectors_checked"":193402880}"
   1058816,         0,         0,   119.5,decoder_by_matrix,e41ade2e4684e0396b9a3890c882b6453b515d69885aa1d89a26ce21ec554895,"{""distance"":5,""physical_error_rate"":1e-06}","{""detection_events"":480,""detectors_checked"":179998720}"
    839680,         1,         0,   119.1,decoder_by_matrix,066a5d8d46981b593c3dec855f441edbe9e755a8873183448f69d036a2ecc650,"{""distance"":5,""physical_error_rate"":0.001}","{""detection_events"":480750,""detectors_checked"":142745600,""obs_mistake_mask=E_EE"":1}"
   1115136,         0,         0,   119.6,decoder_by_matrix,9c6baee88fc81e7d1aa345fcb3feec7ee81f21c5d49cb6ca037118097d89e180,"{""distance"":5,""physical_error_rate"":5e-05}","{""detection_events"":31720,""detectors_checked"":189573120}"
   1055744,         0,         0,   119.6,decoder_by_matrix,fa5edda0c1038186c8afbec49b0215a0b852396cdb50783a3f937fdf51d2afac,"{""distance"":5,""physical_error_rate"":1e-05}","{""detection_events"":6270,""detectors_checked"":179476480}"
   1118208,         0,         0,   119.5,decoder_by_matrix,b84cf4b8ca220d31f17e1e2ea9ab927bbc4176b15682c650e7d1dd8f2758172b,"{""distance"":5,""physical_error_rate"":0.0005}","{""detection_events"":318710,""detectors_checked"":190095360}"
   1222656,         0,         0,   119.5,decoder_by_matrix,fa5edda0c1038186c8afbec49b0215a0b852396cdb50783a3f937fdf51d2afac,"{""distance"":5,""physical_error_rate"":1e-05}","{""detection_events"":7430,""detectors_checked"":207851520}"
   1038336,         0,         0,   119.4,decoder_by_matrix,9c6baee88fc81e7d1aa345fcb3feec7ee81f21c5d49cb6ca037118097d89e180,"{""distance"":5,""physical_error_rate"":5e-05}","{""detection_events"":29805,""detectors_checked"":176517120}"
   1122304,         0,         0,   119.6,decoder_by_matrix,3c866087b289edc25e9adea730044a15db18cabfd3ae2507fc844d5b4e03657a,"{""distance"":5,""physical_error_rate"":5e-06}","{""detection_events"":3245,""detectors_checked"":190791680}"
   1268736,         0,         0,   119.6,decoder_by_matrix,e41ade2e4684e0396b9a3890c882b6453b515d69885aa1d89a26ce21ec554895,"{""distance"":5,""physical_error_rate"":1e-06}","{""detection_events"":780,""detectors_checked"":215685120}"
   1204224,         0,         0,   119.3,decoder_by_matrix,0421d486f8a041838688df650e87c0a19c3450ab7a7cc8b3dc589ebff86d1c74,"{""distance"":5,""physical_error_rate"":0.0001}","{""detection_events"":68600,""detectors_checked"":204718080}"
   1080320,         2,         0,   119.6,decoder_by_matrix,b84cf4b8ca220d31f17e1e2ea9ab927bbc4176b15682c650e7d1dd8f2758172b,"{""distance"":5,""physical_error_rate"":0.0005}","{""detection_events"":308860,""detectors_checked"":183654400,""obs_mistake_mask=EE_E"":2}"
   1247232,         0,         0,   119.5,decoder_by_matrix,fa5edda0c1038186c8afbec49b0215a0b852396cdb50783a3f937fdf51d2afac,"{""distance"":5,""physical_error_rate"":1e-05}","{""detection_events"":7220,""detectors_checked"":212029440}"
   1272832,         0,         0,   119.7,decoder_by_matrix,0421d486f8a041838688df650e87c0a19c3450ab7a7cc8b3dc589ebff86d1c74,"{""distance"":5,""physical_error_rate"":0.0001}","{""detection_events"":72510,""detectors_checked"":216381440}"
   1317888,         0,         0,   119.4,decoder_by_matrix,3c866087b289edc25e9adea730044a15db18cabfd3ae2507fc844d5b4e03657a,"{""distance"":5,""physical_error_rate"":5e-06}","{""detection_events"":3875,""detectors_checked"":224040960}"
   1122304,         0,         0,   119.6,decoder_by_matrix,fa5edda0c1038186c8afbec49b0215a0b852396cdb50783a3f937fdf51d2afac,"{""distance"":5,""physical_error_rate"":1e-05}","{""detection_events"":6580,""detectors_checked"":190791680}"
    789504,         0,         0,   119.5,decoder_by_matrix,066a5d8d46981b593c3dec855f441edbe9e755a8873183448f69d036a2ecc650,"{""distance"":5,""physical_error_rate"":0.001}","{""detection_events"":447855,""detectors_checked"":134215680}"
   1090560,         1,         0,   119.5,decoder_by_matrix,066a5d8d46981b593c3dec855f441edbe9e755a8873183448f69d036a2ecc650,"{""distance"":5,""physical_error_rate"":0.001}","{""detection_events"":613345,""detectors_checked"":185395200,""obs_mistake_mask=E___"":1}"
    820224,         0,         0,   119.6,decoder_by_matrix,fa5edda0c1038186c8afbec49b0215a0b852396cdb50783a3f937fdf51d2afac,"{""distance"":5,""physical_error_rate"":1e-05}","{""detection_events"":4800,""detectors_checked"":139438080}"
   1052672,         0,         0,   119.5,decoder_by_matrix,9c6baee88fc81e7d1aa345fcb3feec7ee81f21c5d49cb6ca037118097d89e180,"{""distance"":5,""physical_error_rate"":5e-05}","{""detection_events"":28175,""detectors_checked"":178954240}"
   1153024,         0,         0,   119.6,decoder_by_matrix,e41ade2e4684e0396b9a3890c882b6453b515d69885aa1d89a26ce21ec554895,"{""distance"":5,""physical_error_rate"":1e-06}","{""detection_events"":665,""detectors_checked"":196014080}"
   1297408,         0,         0,   119.5,decoder_by_matrix,9c6baee88fc81e7d1aa345fcb3feec7ee81f21c5d49cb6ca037118097d89e180,"{""distance"":5,""physical_error_rate"":5e-05}","{""detection_events"":38180,""detectors_checked"":220559360}"
   1158144,         0,         0,   119.6,decoder_by_matrix,9c6baee88fc81e7d1aa345fcb3feec7ee81f21c5d49cb6ca037118097d89e180,"{""distance"":5,""physical_error_rate"":5e-05}","{""detection_events"":32480,""detectors_checked"":196884480}"
   1313792,         0,         0,   119.6,decoder_by_matrix,e41ade2e4684e0396b9a3890c882b6453b515d69885aa1d89a26ce21ec554895,"{""distance"":5,""physical_error_rate"":1e-06}","{""detection_events"":790,""detectors_checked"":223344640}"
    824320,         1,         0,   119.6,decoder_by_matrix,b84cf4b8ca220d31f17e1e2ea9ab927bbc4176b15682c650e7d1dd8f2758172b,"{""distance"":5,""physical_error_rate"":0.0005}","{""detection_events"":233215,""detectors_checked"":140134400,""obs_mistake_mask=_E__"":1}"
   1118208,         0,         0,   119.4,decoder_by_matrix,3c866087b289edc25e9adea730044a15db18cabfd3ae2507fc844d5b4e03657a,"{""distance"":5,""physical_error_rate"":5e-06}","{""detection_events"":3705,""detectors_checked"":190095360}"
   1131520,         1,         0,   119.6,decoder_by_matrix,0421d486f8a041838688df650e87c0a19c3450ab7a7cc8b3dc589ebff86d1c74,"{""distance"":5,""physical_error_rate"":0.0001}","{""detection_events"":62435,""detectors_checked"":192358400,""obs_mistake_mask=EE__"":1}"
   1301504,         0,         0,   119.3,decoder_by_matrix,3c866087b289edc25e9adea730044a15db18cabfd3ae2507fc844d5b4e03657a,"{""distance"":5,""physical_error_rate"":5e-06}","{""detection_events"":3410,""detectors_checked"":221255680}"
   1126400,         0,         0,   119.7,decoder_by_matrix,b84cf4b8ca220d31f17e1e2ea9ab927bbc4176b15682c650e7d1dd8f2758172b,"{""distance"":5,""physical_error_rate"":0.0005}","{""detection_events"":320455,""detectors_checked"":191488000}"
   1297408,         0,         0,   119.6,decoder_by_matrix,fa5edda0c1038186c8afbec49b0215a0b852396cdb50783a3f937fdf51d2afac,"{""distance"":5,""physical_error_rate"":1e-05}","{""detection_events"":6845,""detectors_checked"":220559360}"
   1315840,         0,         0,   119.6,decoder_by_matrix,3c866087b289edc25e9adea730044a15db18cabfd3ae2507fc844d5b4e03657a,"{""distance"":5,""physical_error_rate"":5e-06}","{""detection_events"":3805,""detectors_checked"":223692800}"
   1241088,         0,         0,   119.5,decoder_by_matrix,0421d486f8a041838688df650e87c0a19c3450ab7a7cc8b3dc589ebff86d1c74,"{""distance"":5,""physical_error_rate"":0.0001}","{""detection_events"":71705,""detectors_checked"":210984960}"
   1126400,         0,         0,   119.6,decoder_by_matrix,066a5d8d46981b593c3dec855f441edbe9e755a8873183448f69d036a2ecc650,"{""distance"":5,""physical_error_rate"":0.001}","{""detection_events"":638490,""detectors_checked"":191488000}"
   1138688,         1,         0,   119.5,decoder_by_matrix,b84cf4b8ca220d31f17e1e2ea9ab927bbc4176b15682c650e7d1dd8f2758172b,"{""distance"":5,""physical_error_rate"":0.0005}","{""detection_events"":324425,""detectors_checked"":193576960,""obs_mistake_mask=EE_E"":1}"
    850944,         0,         0,   119.5,decoder_by_matrix,3c866087b289edc25e9adea730044a15db18cabfd3ae2507fc844d5b4e03657a,"{""distance"":5,""physical_error_rate"":5e-06}","{""detection_events"":2530,""detectors_checked"":144660480}"
   1246208,         5,         0,   119.5,decoder_by_matrix,066a5d8d46981b593c3dec855f441edbe9e755a8873183448f69d036a2ecc650,"{""distance"":5,""physical_error_rate"":0.001}","{""detection_events"":711405,""detectors_checked"":211855360,""obs_mistake_mask=E_E_"":1,""obs_mistake_mask=E__E"":1,""obs_mistake_mask=_E_E"":2,""obs_mistake_mask=___E"":1}"
   1225728,         5,         0,   119.5,decoder_by_matrix,066a5d8d46981b593c3dec855f441edbe9e755a8873183448f69d036a2ecc650,"{""distance"":5,""physical_error_rate"":0.001}","{""detection_events"":697515,""detectors_checked"":208373760,""obs_mistake_mask=EE__"":1,""obs_mistake_mask=E__E"":1,""obs_mistake_mask=_EEE"":1,""obs_mistake_mask=_E__"":1,""obs_mistake_mask=__E_"":1}"
   1039360,         0,         0,   119.6,decoder_by_matrix,e41ade2e4684e0396b9a3890c882b6453b515d69885aa1d89a26ce21ec554895,"{""distance"":5,""physical_error_rate"":1e-06}","{""detection_events"":825,""detectors_checked"":176691200}"
   1261568,         0,         0,   119.6,decoder_by_matrix,fa5edda0c1038186c8afbec49b0215a0b852396cdb50783a3f937fdf51d2afac,"{""distance"":5,""physical_error_rate"":1e-05}","{""detection_events"":7395,""detectors_checked"":214466560}"
    904192,         0,         0,   119.5,decoder_by_matrix,e41ade2e4684e0396b9a3890c882b6453b515d69885aa1d89a26ce21ec554895,"{""distance"":5,""physical_error_rate"":1e-06}","{""detection_events"":300,""detectors_checked"":153712640}"
   1139712,         0,         0,   119.5,decoder_by_matrix,b84cf4b8ca220d31f17e1e2ea9ab927bbc4176b15682c650e7d1dd8f2758172b,"{""distance"":5,""physical_error_rate"":0.0005}","{""detection_events"":325305,""detectors_checked"":193751040}"
   1207296,         1,         0,   119.6,decoder_by_matrix,b84cf4b8ca220d31f17e1e2ea9ab927bbc4176b15682c650e7d1dd8f2758172b,"{""distance"":5,""physical_error_rate"":0.0005}","{""detection_events"":344850,""detectors_checked"":205240320,""obs_mistake_mask=_EE_"":1}"
   1074176,         0,         0,   119.5,decoder_by_matrix,0421d486f8a041838688df650e87c0a19c3450ab7a7cc8b3dc589ebff86d1c74,"{""distance"":5,""physical_error_rate"":0.0001}","{""detection_events"":62485,""detectors_checked"":182609920}"
    993280,         0,         0,   119.7,decoder_by_matrix,0421d486f8a041838688df650e87c0a19c3450ab7a7cc8b3dc589ebff86d1c74,"{""distance"":5,""physical_error_rate"":0.0001}","{""detection_events"":57910,""detectors_checked"":168857600}"
   1490944,         0,         0,   119.6,decoder_by_matrix,e41ade2e4684e0396b9a3890c882b6453b515d69885aa1d89a26ce21ec554895,"{""distance"":5,""physical_error_rate"":1e-06}","{""detection_events"":925,""detectors_checked"":253460480}"
   1269760,         0,         0,   119.5,decoder_by_matrix,9c6baee88fc81e7d1aa345fcb3feec7ee81f21c5d49cb6ca037118097d89e180,"{""distance"":5,""physical_error_rate"":5e-05}","{""detection_events"":35400,""detectors_checked"":215859200}"
    811008,         0,         0,   119.2,decoder_by_matrix,9c6baee88fc81e7d1aa345fcb3feec7ee81f21c5d49cb6ca037118097d89e180,"{""distance"":5,""physical_error_rate"":5e-05}","{""detection_events"":22655,""detectors_checked"":137871360}"
   1217536,         0,         0,   119.6,decoder_by_matrix,0421d486f8a041838688df650e87c0a19c3450ab7a7cc8b3dc589ebff86d1c74,"{""distance"":5,""physical_error_rate"":0.0001}","{""detection_events"":70455,""detectors_checked"":206981120}"
    819200,         0,         0,   119.5,decoder_by_matrix,3c866087b289edc25e9adea730044a15db18cabfd3ae2507fc844d5b4e03657a,"{""distance"":5,""physical_error_rate"":5e-06}","{""detection_events"":2510,""detectors_checked"":139264000}"
    820224,         0,         0,   119.6,decoder_by_matrix,e41ade2e4684e0396b9a3890c882b6453b515d69885aa1d89a26ce21ec554895,"{""distance"":5,""physical_error_rate"":1e-06}","{""detection_events"":415,""detectors_checked"":139438080}"
   1015808,         3,         0,   119.7,decoder_by_matrix,066a5d8d46981b593c3dec855f441edbe9e755a8873183448f69d036a2ecc650,"{""distance"":5,""physical_error_rate"":0.001}","{""detection_events"":580525,""detectors_checked"":172687360,""obs_mistake_mask=_EEE"":1,""obs_mistake_mask=_E__"":1,""obs_mistake_mask=___E"":1}"
   1171456,         0,         0,   119.6,decoder_by_matrix,9c6baee88fc81e7d1aa345fcb3feec7ee81f21c5d49cb6ca037118097d89e180,"{""distance"":5,""physical_error_rate"":5e-05}","{""detection_events"":32800,""detectors_checked"":199147520}"
   1147904,         0,         0,   119.4,decoder_by_matrix,fa5edda0c1038186c8afbec49b0215a0b852396cdb50783a3f937fdf51d2afac,"{""distance"":5,""physical_error_rate"":1e-05}","{""detection_events"":6715,""detectors_checked"":195143680}"
   1094656,         0,         0,   119.5,decoder_by_matrix,b84cf4b8ca220d31f17e1e2ea9ab927bbc4176b15682c650e7d1dd8f2758172b,"{""distance"":5,""physical_error_rate"":0.0005}","{""detection_events"":310960,""detectors_checked"":186091520}"
   1317888,         0,         0,   119.4,decoder_by_matrix,fa5edda0c1038186c8afbec49b0215a0b852396cdb50783a3f937fdf51d2afac,"{""distance"":5,""physical_error_rate"":1e-05}","{""detection_events"":7330,""detectors_checked"":224040960}"
   1239040,         0,         0,   119.5,decoder_by_matrix,9c6baee88fc81e7d1aa345fcb3feec7ee81f21c5d49cb6ca037118097d89e180,"{""distance"":5,""physical_error_rate"":5e-05}","{""detection_events"":36245,""detectors_checked"":210636800}"
   1263616,         0,         0,   119.4,decoder_by_matrix,e41ade2e4684e0396b9a3890c882b6453b515d69885aa1d89a26ce21ec554895,"{""distance"":5,""physical_error_rate"":1e-06}","{""detection_events"":680,""detectors_checked"":214814720}"
   1268736,         0,         0,   119.6,decoder_by_matrix,3c866087b289edc25e9adea730044a15db18cabfd3ae2507fc844d5b4e03657a,"{""distance"":5,""physical_error_rate"":5e-06}","{""detection_events"":3625,""detectors_checked"":215685120}"
   1213440,         0,         0,   119.5,decoder_by_matrix,0421d486f8a041838688df650e87c0a19c3450ab7a7cc8b3dc589ebff86d1c74,"{""distance"":5,""physical_error_rate"":0.0001}","{""detection_events"":69610,""detectors_checked"":206284800}"
   1235968,         1,         0,   119.3,decoder_by_matrix,b84cf4b8ca220d31f17e1e2ea9ab927bbc4176b15682c650e7d1dd8f2758172b,"{""distance"":5,""physical_error_rate"":0.0005}","{""detection_events"":352315,""detectors_checked"":210114560,""obs_mistake_mask=E_E_"":1}"
   1160192,         0,         0,   119.3,decoder_by_matrix,fa5edda0c1038186c8afbec49b0215a0b852396cdb50783a3f937fdf51d2afac,"{""distance"":5,""physical_error_rate"":1e-05}","{""detection_events"":6625,""detectors_checked"":197232640}"
   1163264,         0,         0,   119.5,decoder_by_matrix,0421d486f8a041838688df650e87c0a19c3450ab7a7cc8b3dc589ebff86d1c74,"{""distance"":5,""physical_error_rate"":0.0001}","{""detection_events"":66975,""detectors_checked"":197754880}"
   1179648,         0,         0,   119.3,decoder_by_matrix,3c866087b289edc25e9adea730044a15db18cabfd3ae2507fc844d5b4e03657a,"{""distance"":5,""physical_error_rate"":5e-06}","{""detection_events"":3185,""detectors_checked"":200540160}"
   1183744,         0,         0,   119.5,decoder_by_matrix,fa5edda0c1038186c8afbec49b0215a0b852396cdb50783a3f937fdf51d2afac,"{""distance"":5,""physical_error_rate"":1e-05}","{""detection_events"":6190,""detectors_checked"":201236480}"
    798720,         1,         0,   119.5,decoder_by_matrix,066a5d8d46981b593c3dec855f441edbe9e755a8873183448f69d036a2ecc650,"{""distance"":5,""physical_error_rate"":0.001}","{""detection_events"":456945,""detectors_checked"":135782400,""obs_mistake_mask=E__E"":1}"
    841728,         0,         0,   119.7,decoder_by_matrix,fa5edda0c1038186c8afbec49b0215a0b852396cdb50783a3f937fdf51d2afac,"{""distance"":5,""physical_error_rate"":1e-05}","{""detection_events"":5035,""detectors_checked"":143093760}"
   1239040,         2,         0,   119.5,decoder_by_matrix,066a5d8d46981b593c3dec855f441edbe9e755a8873183448f69d036a2ecc650,"{""distance"":5,""physical_error_rate"":0.001}","{""detection_events"":706750,""detectors_checked"":210636800,""obs_mistake_mask=E___"":1,""obs_mistake_mask=_E__"":1}"
   1292288,         0,         0,   119.5,decoder_by_matrix,e41ade2e4684e0396b9a3890c882b6453b515d69885aa1d89a26ce21ec554895,"{""distance"":5,""physical_error_rate"":1e-06}","{""detection_events"":995,""detectors_checked"":219688960}"
   1200128,         0,         0,   119.6,decoder_by_matrix,9c6baee88fc81e7d1aa345fcb3feec7ee81f21c5d49cb6ca037118097d89e180,"{""distance"":5,""physical_error_rate"":5e-05}","{""detection_events"":34685,""detectors_checked"":204021760}"
   1144832,         0,         0,   119.4,decoder_by_matrix,9c6baee88fc81e7d1aa345fcb3feec7ee81f21c5d49cb6ca037118097d89e180,"{""distance"":5,""physical_error_rate"":5e-05}","{""detection_events"":32670,""detectors_checked"":194621440}"
   1260544,         0,         0,   119.6,decoder_by_matrix,9c6baee88fc81e7d1aa345fcb3feec7ee81f21c5d49cb6ca037118097d89e180,"{""distance"":5,""physical_error_rate"":5e-05}","{""detection_events"":37160,""detectors_checked"":214292480}"
   1181696,         0,         0,   119.5,decoder_by_matrix,e41ade2e4684e0396b9a3890c882b6453b515d69885aa1d89a26ce21ec554895,"{""distance"":5,""physical_error_rate"":1e-06}","{""detection_events"":550,""detectors_checked"":200888320}"
    807936,         0,         0,   119.5,decoder_by_matrix,b84cf4b8ca220d31f17e1e2ea9ab927bbc4176b15682c650e7d1dd8f2758172b,"{""distance"":5,""physical_error_rate"":0.0005}","{""detection_events"":233005,""detectors_checked"":137349120}"
   1195008,         0,         0,   119.6,decoder_by_matrix,3c866087b289edc25e9adea730044a15db18cabfd3ae2507fc844d5b4e03657a,"{""distance"":5,""physical_error_rate"":5e-06}","{""detection_events"":3560,""detectors_checked"":203151360}"
   1242112,         0,         0,   119.4,decoder_by_matrix,0421d486f8a041838688df650e87c0a19c3450ab7a7cc8b3dc589ebff86d1c74,"{""distance"":5,""physical_error_rate"":0.0001}","{""detection_events"":73000,""detectors_checked"":211159040}"
   1162240,         0,         0,   119.7,decoder_by_matrix,3c866087b289edc25e9adea730044a15db18cabfd3ae2507fc844d5b4e03657a,"{""distance"":5,""physical_error_rate"":5e-06}","{""detection_events"":3550,""detectors_checked"":197580800}"
   1198080,         0,         0,   119.4,decoder_by_matrix,b84cf4b8ca220d31f17e1e2ea9ab927bbc4176b15682c650e7d1dd8f2758172b,"{""distance"":5,""physical_error_rate"":0.0005}","{""detection_events"":342795,""detectors_checked"":203673600}"
   1138688,         0,         0,   119.4,decoder_by_matrix,fa5edda0c1038186c8afbec49b0215a0b852396cdb50783a3f937fdf51d2afac,"{""distance"":5,""physical_error_rate"":1e-05}","{""detection_events"":7555,""detectors_checked"":193576960}"
   1146880,         0,         0,   119.4,decoder_by_matrix,3c866087b289edc25e9adea730044a15db18cabfd3ae2507fc844d5b4e03657a,"{""distance"":5,""physical_error_rate"":5e-06}","{""detection_events"":3120,""detectors_checked"":194969600}"
   1108992,         0,         0,   119.6,decoder_by_matrix,0421d486f8a041838688df650e87c0a19c3450ab7a7cc8b3dc589ebff86d1c74,"{""distance"":5,""physical_error_rate"":0.0001}","{""detection_events"":62545,""detectors_checked"":188528640}"
   1236992,         2,         0,   119.5,decoder_by_matrix,066a5d8d46981b593c3dec855f441edbe9e755a8873183448f69d036a2ecc650,"{""distance"":5,""physical_error_rate"":0.001}","{""detection_events"":701195,""detectors_checked"":210288640,""obs_mistake_mask=_EE_"":1,""obs_mistake_mask=__E_"":1}"
   1098752,         0,         0,   119.6,decoder_by_matrix,b84cf4b8ca220d31f17e1e2ea9ab927bbc4176b15682c650e7d1dd8f2758172b,"{""distance"":5,""physical_error_rate"":0.0005}","{""detection_events"":308385,""detectors_checked"":186787840}"
    897024,         0,         0,   119.6,decoder_by_matrix,3c866087b289edc25e9adea730044a15db18cabfd3ae2507fc844d5b4e03657a,"{""distance"":5,""physical_error_rate"":5e-06}","{""detection_events"":2520,""detectors_checked"":152494080}"
   1111040,         1,         0,   119.6,decoder_by_matrix,066a5d8d46981b593c3dec855f441edbe9e755a8873183448f69d036a2ecc650,"{""distance"":5,""physical_error_rate"":0.001}","{""detection_events"":632635,""detectors_checked"":188876800,""obs_mistake_mask=_EEE"":1}"
   1029120,         0,         0,   119.5,decoder_by_matrix,fa5edda0c1038186c8afbec49b0215a0b852396cdb50783a3f937fdf51d2afac,"{""distance"":5,""physical_error_rate"":1e-05}","{""detection_events"":5905,""detectors_checked"":174950400}"
   1098752,         1,         0,   119.8,decoder_by_matrix,066a5d8d46981b593c3dec855f441edbe9e755a8873183448f69d036a2ecc650,"{""distance"":5,""physical_error_rate"":0.001}","{""detection_events"":623995,""detectors_checked"":186787840,""obs_mistake_mask=_EEE"":1}"
   1045504,         0,         0,   119.4,decoder_by_matrix,e41ade2e4684e0396b9a3890c882b6453b515d69885aa1d89a26ce21ec554895,"{""distance"":5,""physical_error_rate"":1e-06}","{""detection_events"":545,""detectors_checked"":177735680}"
    889856,         0,         0,   119.5,decoder_by_matrix,e41ade2e4684e0396b9a3890c882b6453b515d69885aa1d89a26ce21ec554895,"{""distance"":5,""physical_error_rate"":1e-06}","{""detection_events"":655,""detectors_checked"":151275520}"
   1249280,         0,         0,   119.5,decoder_by_matrix,b84cf4b8ca220d31f17e1e2ea9ab927bbc4176b15682c650e7d1dd8f2758172b,"{""distance"":5,""physical_error_rate"":0.0005}","{""detection_events"":354245,""detectors_checked"":212377600}"
    992256,         0,         0,   119.7,decoder_by_matrix,b84cf4b8ca220d31f17e1e2ea9ab927bbc4176b15682c650e7d1dd8f2758172b,"{""distance"":5,""physical_error_rate"":0.0005}","{""detection_events"":281105,""detectors_checked"":168683520}"
   1142784,         0,         0,   119.7,decoder_by_matrix,0421d486f8a041838688df650e87c0a19c3450ab7a7cc8b3dc589ebff86d1c74,"{""distance"":5,""physical_error_rate"":0.0001}","{""detection_events"":65390,""detectors_checked"":194273280}"
   1160192,         0,         0,   119.5,decoder_by_matrix,0421d486f8a041838688df650e87c0a19c3450ab7a7cc8b3dc589ebff86d1c74,"{""distance"":5,""physical_error_rate"":0.0001}","{""detection_events"":66660,""detectors_checked"":197232640}"
   1460224,         0,         0,   119.5,decoder_by_matrix,e41ade2e4684e0396b9a3890c882b6453b515d69885aa1d89a26ce21ec554895,"{""distance"":5,""physical_error_rate"":1e-06}","{""detection_events"":1065,""detectors_checked"":248238080}"
   1119232,         0,         0,   119.6,decoder_by_matrix,9c6baee88fc81e7d1aa345fcb3feec7ee81f21c5d49cb6ca037118097d89e180,"{""distance"":5,""physical_error_rate"":5e-05}","{""detection_events"":31295,""detectors_checked"":190269440}"
    886784,         0,         0,   119.3,decoder_by_matrix,9c6baee88fc81e7d1aa345fcb3feec7ee81f21c5d49cb6ca037118097d89e180,"{""distance"":5,""physical_error_rate"":5e-05}","{""detection_events"":24840,""detectors_checked"":150753280}"
   1016832,         0,         0,   119.6,decoder_by_matrix,0421d486f8a041838688df650e87c0a19c3450ab7a7cc8b3dc589ebff86d1c74,"{""distance"":5,""physical_error_rate"":0.0001}","{""detection_events"":59510,""detectors_checked"":172861440}"
    949248,         0,         0,   119.6,decoder_by_matrix,3c866087b289edc25e9adea730044a15db18cabfd3ae2507fc844d5b4e03657a,"{""distance"":5,""physical_error_rate"":5e-06}","{""detection_events"":2785,""detectors_checked"":161372160}"
    955392,         0,         0,   119.7,decoder_by_matrix,e41ade2e4684e0396b9a3890c882b6453b515d69885aa1d89a26ce21ec554895,"{""distance"":5,""physical_error_rate"":1e-06}","{""detection_events"":565,""detectors_checked"":162416640}"
   1115136,         4,         0,   119.4,decoder_by_matrix,066a5d8d46981b593c3dec855f441edbe9e755a8873183448f69d036a2ecc650,"{""distance"":5,""physical_error_rate"":0.001}","{""detection_events"":626705,""detectors_checked"":189573120,""obs_mistake_mask=E_E_"":1,""obs_mistake_mask=__E_"":1,""obs_mistake_mask=___E"":2}"
   1245184,         0,         0,   119.7,decoder_by_matrix,9c6baee88fc81e7d1aa345fcb3feec7ee81f21c5d49cb6ca037118097d89e180,"{""distance"":5,""physical_error_rate"":5e-05}","{""detection_events"":35140,""detectors_checked"":211681280}"
   1221632,         0,         0,   119.6,decoder_by_matrix,fa5edda0c1038186c8afbec49b0215a0b852396cdb50783a3f937fdf51d2afac,"{""distance"":5,""physical_error_rate"":1e-05}","{""detection_events"":7010,""detectors_checked"":207677440}"
   1274880,         0,         0,   119.4,decoder_by_matrix,b84cf4b8ca220d31f17e1e2ea9ab927bbc4176b15682c650e7d1dd8f2758172b,"{""distance"":5,""physical_error_rate"":0.0005}","{""detection_events"":365740,""detectors_checked"":216729600}"
   1307648,         0,         0,   119.5,decoder_by_matrix,fa5edda0c1038186c8afbec49b0215a0b852396cdb50783a3f937fdf51d2afac,"{""distance"":5,""physical_error_rate"":1e-05}","{""detection_events"":7695,""detectors_checked"":222300160}"
   1228800,         0,         0,   119.5,decoder_by_matrix,9c6baee88fc81e7d1aa345fcb3feec7ee81f21c5d49cb6ca037118097d89e180,"{""distance"":5,""physical_error_rate"":5e-05}","{""detection_events"":37060,""detectors_checked"":208896000}"
   1192960,         0,         0,   119.4,decoder_by_matrix,3c866087b289edc25e9adea730044a15db18cabfd3ae2507fc844d5b4e03657a,"{""distance"":5,""physical_error_rate"":5e-06}","{""detection_events"":3210,""detectors_checked"":202803200}"
   1085440,         0,         0,   119.4,decoder_by_matrix,e41ade2e4684e0396b9a3890c882b6453b515d69885aa1d89a26ce21ec554895,"{""distance"":5,""physical_error_rate"":1e-06}","{""detection_events"":805,""detectors_checked"":184524800}"
   1003520,         0,         0,   119.6,decoder_by_matrix,0421d486f8a041838688df650e87c0a19c3450ab7a7cc8b3dc589ebff86d1c74,"{""distance"":5,""physical_error_rate"":0.0001}","{""detection_events"":57015,""detectors_checked"":170598400}"
   1211392,         0,         0,   119.6,decoder_by_matrix,b84cf4b8ca220d31f17e1e2ea9ab927bbc4176b15682c650e7d1dd8f2758172b,"{""distance"":5,""physical_error_rate"":0.0005}","{""detection_events"":342660,""detectors_checked"":205936640}"
   1105920,         0,         0,   119.5,decoder_by_matrix,fa5edda0c1038186c8afbec49b0215a0b852396cdb50783a3f937fdf51d2afac,"{""distance"":5,""physical_error_rate"":1e-05}","{""detection_events"":6775,""detectors_checked"":188006400}"
   1173504,         0,         0,   119.5,decoder_by_matrix,0421d486f8a041838688df650e87c0a19c3450ab7a7cc8b3dc589ebff86d1c74,"{""distance"":5,""physical_error_rate"":0.0001}","{""detection_events"":67225,""detectors_checked"":199495680}"
   1114112,         0,         0,   119.4,decoder_by_matrix,3c866087b289edc25e9adea730044a15db18cabfd3ae2507fc844d5b4e03657a,"{""distance"":5,""physical_error_rate"":5e-06}","{""detection_events"":3390,""detectors_checked"":189399040}"
   1212416,         0,         0,   119.5,decoder_by_matrix,fa5edda0c1038186c8afbec49b0215a0b852396cdb50783a3f937fdf51d2afac,"{""distance"":5,""physical_error_rate"":1e-05}","{""detection_events"":6795,""detectors_checked"":206110720}"
   1130496,         2,         0,   119.6,decoder_by_matrix,066a5d8d46981b593c3dec855f441edbe9e755a8873183448f69d036a2ecc650,"{""distance"":5,""physical_error_rate"":0.001}","{""detection_events"":641110,""detectors_checked"":192184320,""obs_mistake_mask=_EEE"":1,""obs_mistake_mask=__E_"":1}"
   1137664,         3,         0,   119.4,decoder_by_matrix,066a5d8d46981b593c3dec855f441edbe9e755a8873183448f69d036a2ecc650,"{""distance"":5,""physical_error_rate"":0.001}","{""detection_events"":641225,""detectors_checked"":193402880,""obs_mistake_mask=E__E"":1,""obs_mistake_mask=__E_"":1,""obs_mistake_mask=___E"":1}"
   1150976,         0,         0,   119.5,decoder_by_matrix,fa5edda0c1038186c8afbec49b0215a0b852396cdb50783a3f937fdf51d2afac,"{""distance"":5,""physical_error_rate"":1e-05}","{""detection_events"":6770,""detectors_checked"":195665920}"
   1165312,         0,         0,   119.4,decoder_by_matrix,9c6baee88fc81e7d1aa345fcb3feec7ee81f21c5d49cb6ca037118097d89e180,"{""distance"":5,""physical_error_rate"":5e-05}","{""detection_events"":35135,""detectors_checked"":198103040}"
   1098752,         0,         0,   119.4,decoder_by_matrix,e41ade2e4684e0396b9a3890c882b6453b515d69885aa1d89a26ce21ec554895,"{""distance"":5,""physical_error_rate"":1e-06}","{""detection_events"":885,""detectors_checked"":186787840}"
   1215488,         0,         0,   119.5,decoder_by_matrix,9c6baee88fc81e7d1aa345fcb3feec7ee81f21c5d49cb6ca037118097d89e180,"{""distance"":5,""physical_error_rate"":5e-05}","{""detection_events"":35575,""detectors_checked"":206632960}"
   1158144,         0,         0,   119.5,decoder_by_matrix,9c6baee88fc81e7d1aa345fcb3feec7ee81f21c5d49cb6ca037118097d89e180,"{""distance"":5,""physical_error_rate"":5e-05}","{""detection_events"":32835,""detectors_checked"":196884480}"
   1038336,         0,         0,   119.3,decoder_by_matrix,e41ade2e4684e0396b9a3890c882b6453b515d69885aa1d89a26ce21ec554895,"{""distance"":5,""physical_error_rate"":1e-06}","{""detection_events"":700,""detectors_checked"":176517120}"
    990208,         0,         0,   119.7,decoder_by_matrix,b84cf4b8ca220d31f17e1e2ea9ab927bbc4176b15682c650e7d1dd8f2758172b,"{""distance"":5,""physical_error_rate"":0.0005}","{""detection_events"":281510,""detectors_checked"":168335360}"
   1122304,         0,         0,   119.7,decoder_by_matrix,3c866087b289edc25e9adea730044a15db18cabfd3ae2507fc844d5b4e03657a,"{""distance"":5,""physical_error_rate"":5e-06}","{""detection_events"":3640,""detectors_checked"":190791680}"
   1165312,         0,         0,   119.6,decoder_by_matrix,0421d486f8a041838688df650e87c0a19c3450ab7a7cc8b3dc589ebff86d1c74,"{""distance"":5,""physical_error_rate"":0.0001}","{""detection_events"":68950,""detectors_checked"":198103040}"
   1032192,         0,         0,   119.7,decoder_by_matrix,3c866087b289edc25e9adea730044a15db18cabfd3ae2507fc844d5b4e03657a,"{""distance"":5,""physical_error_rate"":5e-06}","{""detection_events"":2895,""detectors_checked"":175472640}"
   1149952,         0,         0,   119.6,decoder_by_matrix,b84cf4b8ca220d31f17e1e2ea9ab927bbc4176b15682c650e7d1dd8f2758172b,"{""distance"":5,""physical_error_rate"":0.0005}","{""detection_events"":325290,""detectors_checked"":195491840}"
   1112064,         0,         0,   119.5,decoder_by_matrix,fa5edda0c1038186c8afbec49b0215a0b852396cdb50783a3f937fdf51d2afac,"{""distance"":5,""physical_error_rate"":1e-05}","{""detection_events"":6110,""detectors_checked"":189050880}"
   1112064,         0,         0,   119.6,decoder_by_matrix,3c866087b289edc25e9adea730044a15db18cabfd3ae2507fc844d5b4e03657a,"{""distance"":5,""physical_error_rate"":5e-06}","{""detection_events"":3505,""detectors_checked"":189050880}"
   1190912,         0,         0,   119.5,decoder_by_matrix,0421d486f8a041838688df650e87c0a19c3450ab7a7cc8b3dc589ebff86d1c74,"{""distance"":5,""physical_error_rate"":0.0001}","{""detection_events"":68610,""detectors_checked"":202455040}"
   1153024,         3,         0,   119.5,decoder_by_matrix,066a5d8d46981b593c3dec855f441edbe9e755a8873183448f69d036a2ecc650,"{""distance"":5,""physical_error_rate"":0.001}","{""detection_events"":659685,""detectors_checked"":196014080,""obs_mistake_mask=E___"":2,""obs_mistake_mask=_EE_"":1}"
   1119232,         1,         0,   119.5,decoder_by_matrix,b84cf4b8ca220d31f17e1e2ea9ab927bbc4176b15682c650e7d1dd8f2758172b,"{""distance"":5,""physical_error_rate"":0.0005}","{""detection_events"":320555,""detectors_checked"":190269440,""obs_mistake_mask=E_E_"":1}"
   1230848,         0,         0,   119.4,decoder_by_matrix,3c866087b289edc25e9adea730044a15db18cabfd3ae2507fc844d5b4e03657a,"{""distance"":5,""physical_error_rate"":5e-06}","{""detection_events"":3840,""detectors_checked"":209244160}"
   1052672,         2,         0,   119.5,decoder_by_matrix,066a5d8d46981b593c3dec855f441edbe9e755a8873183448f69d036a2ecc650,"{""distance"":5,""physical_error_rate"":0.001}","{""detection_events"":594010,""detectors_checked"":178954240,""obs_mistake_mask=E___"":2}"
   1108992,         0,         0,   119.5,decoder_by_matrix,fa5edda0c1038186c8afbec49b0215a0b852396cdb50783a3f937fdf51d2afac,"{""distance"":5,""physical_error_rate"":1e-05}","{""detection_events"":6350,""detectors_checked"":188528640}"
   1175552,         0,         0,   119.4,decoder_by_matrix,e41ade2e4684e0396b9a3890c882b6453b515d69885aa1d89a26ce21ec554895,"{""distance"":5,""physical_error_rate"":1e-06}","{""detection_events"":635,""detectors_checked"":199843840}"
   1125376,         0,         0,   119.4,decoder_by_matrix,e41ade2e4684e0396b9a3890c882b6453b515d69885aa1d89a26ce21ec554895,"{""distance"":5,""physical_error_rate"":1e-06}","{""detection_events"":650,""detectors_checked"":191313920}"
   1145856,         1,         0,   119.8,decoder_by_matrix,066a5d8d46981b593c3dec855f441edbe9e755a8873183448f69d036a2ecc650,"{""distance"":5,""physical_error_rate"":0.001}","{""detection_events"":638990,""detectors_checked"":194795520,""obs_mistake_mask=E___"":1}"
   1099776,         1,         0,   119.5,decoder_by_matrix,b84cf4b8ca220d31f17e1e2ea9ab927bbc4176b15682c650e7d1dd8f2758172b,"{""distance"":5,""physical_error_rate"":0.0005}","{""detection_events"":312345,""detectors_checked"":186961920,""obs_mistake_mask=_E__"":1}"
   1132544,         0,         0,   119.5,decoder_by_matrix,b84cf4b8ca220d31f17e1e2ea9ab927bbc4176b15682c650e7d1dd8f2758172b,"{""distance"":5,""physical_error_rate"":0.0005}","{""detection_events"":322850,""detectors_checked"":192532480}"
   1142784,         0,         0,   119.6,decoder_by_matrix,0421d486f8a041838688df650e87c0a19c3450ab7a7cc8b3dc589ebff86d1c74,"{""distance"":5,""physical_error_rate"":0.0001}","{""detection_events"":64200,""detectors_checked"":194273280}"
   1068032,         0,         0,   119.6,decoder_by_matrix,0421d486f8a041838688df650e87c0a19c3450ab7a7cc8b3dc589ebff86d1c74,"{""distance"":5,""physical_error_rate"":0.0001}","{""detection_events"":60425,""detectors_checked"":181565440}"
   1257472,         0,         0,   119.7,decoder_by_matrix,e41ade2e4684e0396b9a3890c882b6453b515d69885aa1d89a26ce21ec554895,"{""distance"":5,""physical_error_rate"":1e-06}","{""detection_events"":740,""detectors_checked"":213770240}"
   1169408,         0,         0,   119.7,decoder_by_matrix,9c6baee88fc81e7d1aa345fcb3feec7ee81f21c5d49cb6ca037118097d89e180,"{""distance"":5,""physical_error_rate"":5e-05}","{""detection_events"":34455,""detectors_checked"":198799360}"
    997376,         0,         0,   119.4,decoder_by_matrix,9c6baee88fc81e7d1aa345fcb3feec7ee81f21c5d49cb6ca037118097d89e180,"{""distance"":5,""physical_error_rate"":5e-05}","{""detection_events"":27935,""detectors_checked"":169553920}"
   1116160,         0,         0,   119.5,decoder_by_matrix,0421d486f8a041838688df650e87c0a19c3450ab7a7cc8b3dc589ebff86d1c74,"{""distance"":5,""physical_error_rate"":0.0001}","{""detection_events"":64885,""detectors_checked"":189747200}"
   1028096,         0,         0,   119.4,decoder_by_matrix,3c866087b289edc25e9adea730044a15db18cabfd3ae2507fc844d5b4e03657a,"{""distance"":5,""physical_error_rate"":5e-06}","{""detection_events"":3165,""detectors_checked"":174776320}"
   1264640,         0,         0,   119.5,decoder_by_matrix,e41ade2e4684e0396b9a3890c882b6453b515d69885aa1d89a26ce21ec554895,"{""distance"":5,""physical_error_rate"":1e-06}","{""detection_events"":845,""detectors_checked"":214988800}"
   1120256,         4,         0,   119.6,decoder_by_matrix,066a5d8d46981b593c3dec855f441edbe9e755a8873183448f69d036a2ecc650,"{""distance"":5,""physical_error_rate"":0.001}","{""detection_events"":636835,""detectors_checked"":190443520,""obs_mistake_mask=E__E"":2,""obs_mistake_mask=E___"":2}"
   1121280,         0,         0,   119.6,decoder_by_matrix,9c6baee88fc81e7d1aa345fcb3feec7ee81f21c5d49cb6ca037118097d89e180,"{""distance"":5,""physical_error_rate"":5e-05}","{""detection_events"":33120,""detectors_checked"":190617600}"
   1122304,         0,         0,   119.6,decoder_by_matrix,fa5edda0c1038186c8afbec49b0215a0b852396cdb50783a3f937fdf51d2afac,"{""distance"":5,""physical_error_rate"":1e-05}","{""detection_events"":6580,""detectors_checked"":190791680}"
   1079296,         0,         0,   119.5,decoder_by_matrix,b84cf4b8ca220d31f17e1e2ea9ab927bbc4176b15682c650e7d1dd8f2758172b,"{""distance"":5,""physical_error_rate"":0.0005}","{""detection_events"":305840,""detectors_checked"":183480320}"
   1079296,         0,         0,   119.5,decoder_by_matrix,fa5edda0c1038186c8afbec49b0215a0b852396cdb50783a3f937fdf51d2afac,"{""distance"":5,""physical_error_rate"":1e-05}","{""detection_events"":6165,""detectors_checked"":183480320}"
   1049600,         0,         0,   119.6,decoder_by_matrix,9c6baee88fc81e7d1aa345fcb3feec7ee81f21c5d49cb6ca037118097d89e180,"{""distance"":5,""physical_error_rate"":5e-05}","{""detection_events"":30275,""detectors_checked"":178432000}"
   1242112,         0,         0,   119.6,decoder_by_matrix,e41ade2e4684e0396b9a3890c882b6453b515d69885aa1d89a26ce21ec554895,"{""distance"":5,""physical_error_rate"":1e-06}","{""detection_events"":875,""detectors_checked"":211159040}"
   1042432,         0,         0,   119.6,decoder_by_matrix,3c866087b289edc25e9adea730044a15db18cabfd3ae2507fc844d5b4e03657a,"{""distance"":5,""physical_error_rate"":5e-06}","{""detection_events"":2855,""detectors_checked"":177213440}"
   1134592,         0,         0,   119.5,decoder_by_matrix,0421d486f8a041838688df650e87c0a19c3450ab7a7cc8b3dc589ebff86d1c74,"{""distance"":5,""physical_error_rate"":0.0001}","{""detection_events"":63285,""detectors_checked"":192880640}"
   1016832,         0,         0,   119.5,decoder_by_matrix,b84cf4b8ca220d31f17e1e2ea9ab927bbc4176b15682c650e7d1dd8f2758172b,"{""distance"":5,""physical_error_rate"":0.0005}","{""detection_events"":289085,""detectors_checked"":172861440}"
   1313792,         0,         0,   119.5,decoder_by_matrix,fa5edda0c1038186c8afbec49b0215a0b852396cdb50783a3f937fdf51d2afac,"{""distance"":5,""physical_error_rate"":1e-05}","{""detection_events"":7650,""detectors_checked"":223344640}"
   1288192,         0,         0,   119.5,decoder_by_matrix,0421d486f8a041838688df650e87c0a19c3450ab7a7cc8b3dc589ebff86d1c74,"{""distance"":5,""physical_error_rate"":0.0001}","{""detection_events"":73970,""detectors_checked"":218992640}"
   1332224,         0,         0,   119.4,decoder_by_matrix,3c866087b289edc25e9adea730044a15db18cabfd3ae2507fc844d5b4e03657a,"{""distance"":5,""physical_error_rate"":5e-06}","{""detection_events"":4395,""detectors_checked"":226478080}"
   1036288,         0,         0,   119.6,decoder_by_matrix,fa5edda0c1038186c8afbec49b0215a0b852396cdb50783a3f937fdf51d2afac,"{""distance"":5,""physical_error_rate"":1e-05}","{""detection_events"":6430,""detectors_checked"":176168960}"
   1061888,         3,         0,   119.4,decoder_by_matrix,066a5d8d46981b593c3dec855f441edbe9e755a8873183448f69d036a2ecc650,"{""distance"":5,""physical_error_rate"":0.001}","{""detection_events"":598315,""detectors_checked"":180520960,""obs_mistake_mask=E_EE"":1,""obs_mistake_mask=__EE"":1,""obs_mistake_mask=___E"":1}"
   1083392,         1,         0,   119.7,decoder_by_matrix,066a5d8d46981b593c3dec855f441edbe9e755a8873183448f69d036a2ecc650,"{""distance"":5,""physical_error_rate"":0.001}","{""detection_events"":613915,""detectors_checked"":184176640,""obs_mistake_mask=EEE_"":1}"
   1099776,         0,         0,   119.5,decoder_by_matrix,fa5edda0c1038186c8afbec49b0215a0b852396cdb50783a3f937fdf51d2afac,"{""distance"":5,""physical_error_rate"":1e-05}","{""detection_events"":6285,""detectors_checked"":186961920}"
   1031168,         0,         0,   119.3,decoder_by_matrix,e41ade2e4684e0396b9a3890c882b6453b515d69885aa1d89a26ce21ec554895,"{""distance"":5,""physical_error_rate"":1e-06}","{""detection_events"":565,""detectors_checked"":175298560}"
   1143808,         0,         0,   119.5,decoder_by_matrix,9c6baee88fc81e7d1aa345fcb3feec7ee81f21c5d49cb6ca037118097d89e180,"{""distance"":5,""physical_error_rate"":5e-05}","{""detection_events"":32775,""detectors_checked"":194447360}"
   1131520,         0,         0,   119.3,decoder_by_matrix,9c6baee88fc81e7d1aa345fcb3feec7ee81f21c5d49cb6ca037118097d89e180,"{""distance"":5,""physical_error_rate"":5e-05}","{""detection_events"":30775,""detectors_checked"":192358400}"
    992256,         0,         0,   119.6,decoder_by_matrix,9c6baee88fc81e7d1aa345fcb3feec7ee81f21c5d49cb6ca037118097d89e180,"{""distance"":5,""physical_error_rate"":5e-05}","{""detection_events"":29195,""detectors_checked"":168683520}"
   1222656,         0,         0,   119.5,decoder_by_matrix,e41ade2e4684e0396b9a3890c882b6453b515d69885aa1d89a26ce21ec554895,"{""distance"":5,""physical_error_rate"":1e-06}","{""detection_events"":835,""detectors_checked"":207851520}"
   1074176,         0,         0,   119.6,decoder_by_matrix,b84cf4b8ca220d31f17e1e2ea9ab927bbc4176b15682c650e7d1dd8f2758172b,"{""distance"":5,""physical_error_rate"":0.0005}","{""detection_events"":308535,""detectors_checked"":182609920}"
   1182720,         0,         0,   119.5,decoder_by_matrix,3c866087b289edc25e9adea730044a15db18cabfd3ae2507fc844d5b4e03657a,"{""distance"":5,""physical_error_rate"":5e-06}","{""detection_events"":2985,""detectors_checked"":201062400}"
    936960,         0,         0,   119.5,decoder_by_matrix,0421d486f8a041838688df650e87c0a19c3450ab7a7cc8b3dc589ebff86d1c74,"{""distance"":5,""physical_error_rate"":0.0001}","{""detection_events"":54760,""detectors_checked"":159283200}"
   1215488,         0,         0,   119.6,decoder_by_matrix,3c866087b289edc25e9adea730044a15db18cabfd3ae2507fc844d5b4e03657a,"{""distance"":5,""physical_error_rate"":5e-06}","{""detection_events"":3605,""detectors_checked"":206632960}"
   1021952,         0,         0,   119.5,decoder_by_matrix,b84cf4b8ca220d31f17e1e2ea9ab927bbc4176b15682c650e7d1dd8f2758172b,"{""distance"":5,""physical_error_rate"":0.0005}","{""detection_events"":291875,""detectors_checked"":173731840}"
   1277952,         0,         0,   119.7,decoder_by_matrix,3c866087b289edc25e9adea730044a15db18cabfd3ae2507fc844d5b4e03657a,"{""distance"":5,""physical_error_rate"":5e-06}","{""detection_events"":3540,""detectors_checked"":217251840}"
   1190912,         0,         0,   119.5,decoder_by_matrix,fa5edda0c1038186c8afbec49b0215a0b852396cdb50783a3f937fdf51d2afac,"{""distance"":5,""physical_error_rate"":1e-05}","{""detection_events"":6960,""detectors_checked"":202455040}"
   1103872,         0,         0,   119.5,decoder_by_matrix,0421d486f8a041838688df650e87c0a19c3450ab7a7cc8b3dc589ebff86d1c74,"{""distance"":5,""physical_error_rate"":0.0001}","{""detection_events"":62575,""detectors_checked"":187658240}"
   1008640,         4,         0,   119.3,decoder_by_matrix,066a5d8d46981b593c3dec855f441edbe9e755a8873183448f69d036a2ecc650,"{""distance"":5,""physical_error_rate"":0.001}","{""detection_events"":574285,""detectors_checked"":171468800,""obs_mistake_mask=E_E_"":1,""obs_mistake_mask=_EE_"":1,""obs_mistake_mask=_E__"":1,""obs_mistake_mask=___E"":1}"
   1242112,         0,         0,   119.5,decoder_by_matrix,b84cf4b8ca220d31f17e1e2ea9ab927bbc4176b15682c650e7d1dd8f2758172b,"{""distance"":5,""physical_error_rate"":0.0005}","{""detection_events"":352090,""detectors_checked"":211159040}"
   1355776,         0,         0,   119.6,decoder_by_matrix,3c866087b289edc25e9adea730044a15db18cabfd3ae2507fc844d5b4e03657a,"{""distance"":5,""physical_error_rate"":5e-06}","{""detection_events"":4190,""detectors_checked"":230481920}"
   1164288,         2,         0,   119.5,decoder_by_matrix,066a5d8d46981b593c3dec855f441edbe9e755a8873183448f69d036a2ecc650,"{""distance"":5,""physical_error_rate"":0.001}","{""detection_events"":661880,""detectors_checked"":197928960,""obs_mistake_mask=E_E_"":1,""obs_mistake_mask=__EE"":1}"
   1117184,         0,         0,   119.7,decoder_by_matrix,e41ade2e4684e0396b9a3890c882b6453b515d69885aa1d89a26ce21ec554895,"{""distance"":5,""physical_error_rate"":1e-06}","{""detection_events"":775,""detectors_checked"":189921280}"
   1326080,         0,         0,   119.6,decoder_by_matrix,e41ade2e4684e0396b9a3890c882b6453b515d69885aa1d89a26ce21ec554895,"{""distance"":5,""physical_error_rate"":1e-06}","{""detection_events"":655,""detectors_checked"":225433600}"
   1053696,         0,         0,   119.6,decoder_by_matrix,fa5edda0c1038186c8afbec49b0215a0b852396cdb50783a3f937fdf51d2afac,"{""distance"":5,""physical_error_rate"":1e-05}","{""detection_events"":7125,""detectors_checked"":179128320}"
   1144832,         4,         0,   119.6,decoder_by_matrix,066a5d8d46981b593c3dec855f441edbe9e755a8873183448f69d036a2ecc650,"{""distance"":5,""physical_error_rate"":0.001}","{""detection_events"":660730,""detectors_checked"":194621440,""obs_mistake_mask=E___"":1,""obs_mistake_mask=_EEE"":1,""obs_mistake_mask=_E__"":1,""obs_mistake_mask=__EE"":1}"
   1001472,         0,         0,   119.5,decoder_by_matrix,b84cf4b8ca220d31f17e1e2ea9ab927bbc4176b15682c650e7d1dd8f2758172b,"{""distance"":5,""physical_error_rate"":0.0005}","{""detection_events"":284180,""detectors_checked"":170250240}"
   1241088,         0,         0,   119.6,decoder_by_matrix,b84cf4b8ca220d31f17e1e2ea9ab927bbc4176b15682c650e7d1dd8f2758172b,"{""distance"":5,""physical_error_rate"":0.0005}","{""detection_events"":356805,""detectors_checked"":210984960}"
   1064960,         0,         0,   119.5,decoder_by_matrix,0421d486f8a041838688df650e87c0a19c3450ab7a7cc8b3dc589ebff86d1c74,"{""distance"":5,""physical_error_rate"":0.0001}","{""detection_events"":60885,""detectors_checked"":181043200}"
   1085440,         0,         0,   119.4,decoder_by_matrix,0421d486f8a041838688df650e87c0a19c3450ab7a7cc8b3dc589ebff86d1c74,"{""distance"":5,""physical_error_rate"":0.0001}","{""detection_events"":62155,""detectors_checked"":184524800}"
   1441792,         0,         0,   119.5,decoder_by_matrix,e41ade2e4684e0396b9a3890c882b6453b515d69885aa1d89a26ce21ec554895,"{""distance"":5,""physical_error_rate"":1e-06}","{""detection_events"":765,""detectors_checked"":245104640}"
   1274880,         0,         0,   119.4,decoder_by_matrix,9c6baee88fc81e7d1aa345fcb3feec7ee81f21c5d49cb6ca037118097d89e180,"{""distance"":5,""physical_error_rate"":5e-05}","{""detection_events"":34705,""detectors_checked"":216729600}"
    952320,         0,         0,   119.5,decoder_by_matrix,9c6baee88fc81e7d1aa345fcb3feec7ee81f21c5d49cb6ca037118097d89e180,"{""distance"":5,""physical_error_rate"":5e-05}","{""detection_events"":25370,""detectors_checked"":161894400}"
   1065984,         0,         0,   119.4,decoder_by_matrix,0421d486f8a041838688df650e87c0a19c3450ab7a7cc8b3dc589ebff86d1c74,"{""distance"":5,""physical_error_rate"":0.0001}","{""detection_events"":61475,""detectors_checked"":181217280}"
   1026048,         0,         0,   119.5,decoder_by_matrix,3c866087b289edc25e9adea730044a15db18cabfd3ae2507fc844d5b4e03657a,"{""distance"":5,""physical_error_rate"":5e-06}","{""detection_events"":2655,""detectors_checked"":174428160}"
   1077248,         0,         0,   119.8,decoder_by_matrix,e41ade2e4684e0396b9a3890c882b6453b515d69885aa1d89a26ce21ec554895,"{""distance"":5,""physical_error_rate"":1e-06}","{""detection_events"":615,""detectors_checked"":183132160}"
   1081344,         6,         0,   119.4,decoder_by_matrix,066a5d8d46981b593c3dec855f441edbe9e755a8873183448f69d036a2ecc650,"{""distance"":5,""physical_error_rate"":0.001}","{""detection_events"":615135,""detectors_checked"":183828480,""obs_mistake_mask=E_EE"":2,""obs_mistake_mask=E_E_"":1,""obs_mistake_mask=__EE"":2,""obs_mistake_mask=___E"":1}"
   1033216,         0,         0,   119.6,decoder_by_matrix,9c6baee88fc81e7d1aa345fcb3feec7ee81f21c5d49cb6ca037118097d89e180,"{""distance"":5,""physical_error_rate"":5e-05}","{""detection_events"":29945,""detectors_checked"":175646720}"
   1037312,         0,         0,   119.5,decoder_by_matrix,fa5edda0c1038186c8afbec49b0215a0b852396cdb50783a3f937fdf51d2afac,"{""distance"":5,""physical_error_rate"":1e-05}","{""detection_events"":5905,""detectors_checked"":176343040}"
   1064960,         1,         0,   119.4,decoder_by_matrix,b84cf4b8ca220d31f17e1e2ea9ab927bbc4176b15682c650e7d1dd8f2758172b,"{""distance"":5,""physical_error_rate"":0.0005}","{""detection_events"":305010,""detectors_checked"":181043200,""obs_mistake_mask=_E__"":1}"
   1256448,         0,         0,   119.4,decoder_by_matrix,fa5edda0c1038186c8afbec49b0215a0b852396cdb50783a3f937fdf51d2afac,"{""distance"":5,""physical_error_rate"":1e-05}","{""detection_events"":7375,""detectors_checked"":213596160}"
   1165312,         0,         0,   119.4,decoder_by_matrix,9c6baee88fc81e7d1aa345fcb3feec7ee81f21c5d49cb6ca037118097d89e180,"{""distance"":5,""physical_error_rate"":5e-05}","{""detection_events"":31885,""detectors_checked"":198103040}"
   1067008,         0,         0,   119.7,decoder_by_matrix,e41ade2e4684e0396b9a3890c882b6453b515d69885aa1d89a26ce21ec554895,"{""distance"":5,""physical_error_rate"":1e-06}","{""detection_events"":630,""detectors_checked"":181391360}"
   1096704,         0,         0,   119.6,decoder_by_matrix,3c866087b289edc25e9adea730044a15db18cabfd3ae2507fc844d5b4e03657a,"{""distance"":5,""physical_error_rate"":5e-06}","{""detection_events"":2730,""detectors_checked"":186439680}"
   1103872,         0,         0,   119.4,decoder_by_matrix,0421d486f8a041838688df650e87c0a19c3450ab7a7cc8b3dc589ebff86d1c74,"{""distance"":5,""physical_error_rate"":0.0001}","{""detection_events"":63335,""detectors_checked"":187658240}"
    905216,         0,         0,   119.5,decoder_by_matrix,b84cf4b8ca220d31f17e1e2ea9ab927bbc4176b15682c650e7d1dd8f2758172b,"{""distance"":5,""physical_error_rate"":0.0005}","{""detection_events"":257015,""detectors_checked"":153886720}"
   1239040,         0,         0,   119.4,decoder_by_matrix,fa5edda0c1038186c8afbec49b0215a0b852396cdb50783a3f937fdf51d2afac,"{""distance"":5,""physical_error_rate"":1e-05}","{""detection_events"":7180,""detectors_checked"":210636800}"
   1083392,         0,         0,   119.6,decoder_by_matrix,0421d486f8a041838688df650e87c0a19c3450ab7a7cc8b3dc589ebff86d1c74,"{""distance"":5,""physical_error_rate"":0.0001}","{""detection_events"":62645,""detectors_checked"":184176640}"
   1258496,         0,         0,   119.5,decoder_by_matrix,3c866087b289edc25e9adea730044a15db18cabfd3ae2507fc844d5b4e03657a,"{""distance"":5,""physical_error_rate"":5e-06}","{""detection_events"":3955,""detectors_checked"":213944320}"
   1144832,         0,         0,   119.2,decoder_by_matrix,fa5edda0c1038186c8afbec49b0215a0b852396cdb50783a3f937fdf51d2afac,"{""distance"":5,""physical_error_rate"":1e-05}","{""detection_events"":6690,""detectors_checked"":194621440}"
    915456,         3,         0,   119.2,decoder_by_matrix,066a5d8d46981b593c3dec855f441edbe9e755a8873183448f69d036a2ecc650,"{""distance"":5,""physical_error_rate"":0.001}","{""detection_events"":519915,""detectors_checked"":155627520,""obs_mistake_mask=EE__"":1,""obs_mistake_mask=__EE"":1,""obs_mistake_mask=__E_"":1}"
   1139712,         0,         0,   119.5,decoder_by_matrix,066a5d8d46981b593c3dec855f441edbe9e755a8873183448f69d036a2ecc650,"{""distance"":5,""physical_error_rate"":0.001}","{""detection_events"":644000,""detectors_checked"":193751040}"
   1172480,         0,         0,   119.5,decoder_by_matrix,fa5edda0c1038186c8afbec49b0215a0b852396cdb50783a3f937fdf51d2afac,"{""distance"":5,""physical_error_rate"":1e-05}","{""detection_events"":6550,""detectors_checked"":199321600}"
   1069056,         0,         0,   119.4,decoder_by_matrix,e41ade2e4684e0396b9a3890c882b6453b515d69885aa1d89a26ce21ec554895,"{""distance"":5,""physical_error_rate"":1e-06}","{""detection_events"":455,""detectors_checked"":181739520}"
   1145856,         0,         0,   119.5,decoder_by_matrix,9c6baee88fc81e7d1aa345fcb3feec7ee81f21c5d49cb6ca037118097d89e180,"{""distance"":5,""physical_error_rate"":5e-05}","{""detection_events"":31390,""detectors_checked"":194795520}"
   1158144,         0,         0,   119.6,decoder_by_matrix,9c6baee88fc81e7d1aa345fcb3feec7ee81f21c5d49cb6ca037118097d89e180,"{""distance"":5,""physical_error_rate"":5e-05}","{""detection_events"":33935,""detectors_checked"":196884480}"
   1103872,         0,         0,   119.6,decoder_by_matrix,9c6baee88fc81e7d1aa345fcb3feec7ee81f21c5d49cb6ca037118097d89e180,"{""distance"":5,""physical_error_rate"":5e-05}","{""detection_events"":31245,""detectors_checked"":187658240}"
   1217536,         0,         0,   119.4,decoder_by_matrix,e41ade2e4684e0396b9a3890c882b6453b515d69885aa1d89a26ce21ec554895,"{""distance"":5,""physical_error_rate"":1e-06}","{""detection_events"":710,""detectors_checked"":206981120}"
   1099776,         0,         0,   119.4,decoder_by_matrix,b84cf4b8ca220d31f17e1e2ea9ab927bbc4176b15682c650e7d1dd8f2758172b,"{""distance"":5,""physical_error_rate"":0.0005}","{""detection_events"":313405,""detectors_checked"":186961920}"
   1221632,         0,         0,   119.6,decoder_by_matrix,3c866087b289edc25e9adea730044a15db18cabfd3ae2507fc844d5b4e03657a,"{""distance"":5,""physical_error_rate"":5e-06}","{""detection_events"":3245,""detectors_checked"":207677440}"
    926720,         0,         0,   119.5,decoder_by_matrix,0421d486f8a041838688df650e87c0a19c3450ab7a7cc8b3dc589ebff86d1c74,"{""distance"":5,""physical_error_rate"":0.0001}","{""detection_events"":53885,""detectors_checked"":157542400}"
   1198080,         0,         0,   119.4,decoder_by_matrix,3c866087b289edc25e9adea730044a15db18cabfd3ae2507fc844d5b4e03657a,"{""distance"":5,""physical_error_rate"":5e-06}","{""detection_events"":3945,""detectors_checked"":203673600}"
   1000448,         0,         0,   119.7,decoder_by_matrix,b84cf4b8ca220d31f17e1e2ea9ab927bbc4176b15682c650e7d1dd8f2758172b,"{""distance"":5,""physical_error_rate"":0.0005}","{""detection_events"":279460,""detectors_checked"":170076160}"
   1123328,         0,         0,   119.3,decoder_by_matrix,3c866087b289edc25e9adea730044a15db18cabfd3ae2507fc844d5b4e03657a,"{""distance"":5,""physical_error_rate"":5e-06}","{""detection_events"":3070,""detectors_checked"":190965760}"
   1130496,         0,         0,   119.5,decoder_by_matrix,fa5edda0c1038186c8afbec49b0215a0b852396cdb50783a3f937fdf51d2afac,"{""distance"":5,""physical_error_rate"":1e-05}","{""detection_events"":6285,""detectors_checked"":192184320}"
   1032192,         0,         0,   119.7,decoder_by_matrix,0421d486f8a041838688df650e87c0a19c3450ab7a7cc8b3dc589ebff86d1c74,"{""distance"":5,""physical_error_rate"":0.0001}","{""detection_events"":59280,""detectors_checked"":175472640}"
   1075200,         2,         0,   119.6,decoder_by_matrix,066a5d8d46981b593c3dec855f441edbe9e755a8873183448f69d036a2ecc650,"{""distance"":5,""physical_error_rate"":0.001}","{""detection_events"":611695,""detectors_checked"":182784000,""obs_mistake_mask=E___"":2}"
   1114112,         0,         0,   119.4,decoder_by_matrix,b84cf4b8ca220d31f17e1e2ea9ab927bbc4176b15682c650e7d1dd8f2758172b,"{""distance"":5,""physical_error_rate"":0.0005}","{""detection_events"":315545,""detectors_checked"":189399040}"
   1266688,         0,         0,   119.4,decoder_by_matrix,3c866087b289edc25e9adea730044a15db18cabfd3ae2507fc844d5b4e03657a,"{""distance"":5,""physical_error_rate"":5e-06}","{""detection_events"":3115,""detectors_checked"":215336960}"
   1146880,         2,         0,   119.5,decoder_by_matrix,066a5d8d46981b593c3dec855f441edbe9e755a8873183448f69d036a2ecc650,"{""distance"":5,""physical_error_rate"":0.001}","{""detection_events"":658830,""detectors_checked"":194969600,""obs_mistake_mask=E___"":1,""obs_mistake_mask=__EE"":1}"
   1290240,         0,         0,   119.4,decoder_by_matrix,e41ade2e4684e0396b9a3890c882b6453b515d69885aa1d89a26ce21ec554895,"{""distance"":5,""physical_error_rate"":1e-06}","{""detection_events"":740,""detectors_checked"":219340800}"
   1101824,         0,         0,   119.7,decoder_by_matrix,fa5edda0c1038186c8afbec49b0215a0b852396cdb50783a3f937fdf51d2afac,"{""distance"":5,""physical_error_rate"":1e-05}","{""detection_events"":6440,""detectors_checked"":187310080}"
    992256,         0,         0,   119.5,decoder_by_matrix,e41ade2e4684e0396b9a3890c882b6453b515d69885aa1d89a26ce21ec554895,"{""distance"":5,""physical_error_rate"":1e-06}","{""detection_events"":450,""detectors_checked"":168683520}"
   1120256,         2,         0,   119.4,decoder_by_matrix,066a5d8d46981b593c3dec855f441edbe9e755a8873183448f69d036a2ecc650,"{""distance"":5,""physical_error_rate"":0.001}","{""detection_events"":637825,""detectors_checked"":190443520,""obs_mistake_mask=__E_"":1,""obs_mistake_mask=___E"":1}"
   1050624,         0,         0,   119.5,decoder_by_matrix,b84cf4b8ca220d31f17e1e2ea9ab927bbc4176b15682c650e7d1dd8f2758172b,"{""distance"":5,""physical_error_rate"":0.0005}","{""detection_events"":301805,""detectors_checked"":178606080}"
   1110016,         0,         0,   119.5,decoder_by_matrix,0421d486f8a041838688df650e87c0a19c3450ab7a7cc8b3dc589ebff86d1c74,"{""distance"":5,""physical_error_rate"":0.0001}","{""detection_events"":63890,""detectors_checked"":188702720}"
   1156096,         0,         0,   119.6,decoder_by_matrix,b84cf4b8ca220d31f17e1e2ea9ab927bbc4176b15682c650e7d1dd8f2758172b,"{""distance"":5,""physical_error_rate"":0.0005}","{""detection_events"":332845,""detectors_checked"":196536320}"
   1103872,         0,         0,   119.4,decoder_by_matrix,0421d486f8a041838688df650e87c0a19c3450ab7a7cc8b3dc589ebff86d1c74,"{""distance"":5,""physical_error_rate"":0.0001}","{""detection_events"":61435,""detectors_checked"":187658240}"
   1490944,         0,         0,   119.5,decoder_by_matrix,e41ade2e4684e0396b9a3890c882b6453b515d69885aa1d89a26ce21ec554895,"{""distance"":5,""physical_error_rate"":1e-06}","{""detection_events"":1100,""detectors_checked"":253460480}"
   1090560,         0,         0,   119.5,decoder_by_matrix,9c6baee88fc81e7d1aa345fcb3feec7ee81f21c5d49cb6ca037118097d89e180,"{""distance"":5,""physical_error_rate"":5e-05}","{""detection_events"":32405,""detectors_checked"":185395200}"
   1102848,         0,         0,   119.5,decoder_by_matrix,9c6baee88fc81e7d1aa345fcb3feec7ee81f21c5d49cb6ca037118097d89e180,"{""distance"":5,""physical_error_rate"":5e-05}","{""detection_events"":32825,""detectors_checked"":187484160}"
   1124352,         0,         0,   119.3,decoder_by_matrix,0421d486f8a041838688df650e87c0a19c3450ab7a7cc8b3dc589ebff86d1c74,"{""distance"":5,""physical_error_rate"":0.0001}","{""detection_events"":63885,""detectors_checked"":191139840}"
   1089536,         0,         0,   119.5,decoder_by_matrix,3c866087b289edc25e9adea730044a15db18cabfd3ae2507fc844d5b4e03657a,"{""distance"":5,""physical_error_rate"":5e-06}","{""detection_events"":3170,""detectors_checked"":185221120}"
   1147904,         0,         0,   119.6,decoder_by_matrix,e41ade2e4684e0396b9a3890c882b6453b515d69885aa1d89a26ce21ec554895,"{""distance"":5,""physical_error_rate"":1e-06}","{""detection_events"":590,""detectors_checked"":195143680}"
   1143808,         1,         0,   119.7,decoder_by_matrix,066a5d8d46981b593c3dec855f441edbe9e755a8873183448f69d036a2ecc650,"{""distance"":5,""physical_error_rate"":0.001}","{""detection_events"":646550,""detectors_checked"":194447360,""obs_mistake_mask=_E_E"":1}"
   1065984,         0,         0,   119.6,decoder_by_matrix,9c6baee88fc81e7d1aa345fcb3feec7ee81f21c5d49cb6ca037118097d89e180,"{""distance"":5,""physical_error_rate"":5e-05}","{""detection_events"":30405,""detectors_checked"":181217280}"
   1095680,         0,         0,   119.3,decoder_by_matrix,fa5edda0c1038186c8afbec49b0215a0b852396cdb50783a3f937fdf51d2afac,"{""distance"":5,""physical_error_rate"":1e-05}","{""detection_events"":6685,""detectors_checked"":186265600}"
    957440,         0,         0,   119.7,decoder_by_matrix,b84cf4b8ca220d31f17e1e2ea9ab927bbc4176b15682c650e7d1dd8f2758172b,"{""distance"":5,""physical_error_rate"":0.0005}","{""detection_events"":269965,""detectors_checked"":162764800}"
   1246208,         0,         0,   119.5,decoder_by_matrix,fa5edda0c1038186c8afbec49b0215a0b852396cdb50783a3f937fdf51d2afac,"{""distance"":5,""physical_error_rate"":1e-05}","{""detection_events"":7020,""detectors_checked"":211855360}"
   1207296,         0,         0,   119.5,decoder_by_matrix,9c6baee88fc81e7d1aa345fcb3feec7ee81f21c5d49cb6ca037118097d89e180,"{""distance"":5,""physical_error_rate"":5e-05}","{""detection_events"":34140,""detectors_checked"":205240320}"
   1232896,         0,         0,   119.4,decoder_by_matrix,e41ade2e4684e0396b9a3890c882b6453b515d69885aa1d89a26ce21ec554895,"{""distance"":5,""physical_error_rate"":1e-06}","{""detection_events"":665,""detectors_checked"":209592320}"
   1051648,         0,         0,   119.7,decoder_by_matrix,3c866087b289edc25e9adea730044a15db18cabfd3ae2507fc844d5b4e03657a,"{""distance"":5,""physical_error_rate"":5e-06}","{""detection_events"":2465,""detectors_checked"":178780160}"
   1180672,         0,         0,   119.4,decoder_by_matrix,0421d486f8a041838688df650e87c0a19c3450ab7a7cc8b3dc589ebff86d1c74,"{""distance"":5,""physical_error_rate"":0.0001}","{""detection_events"":67630,""detectors_checked"":200714240}"
   1083392,         0,         0,   119.5,decoder_by_matrix,b84cf4b8ca220d31f17e1e2ea9ab927bbc4176b15682c650e7d1dd8f2758172b,"{""distance"":5,""physical_error_rate"":0.0005}","{""detection_events"":314700,""detectors_checked"":184176640}"
   1299456,         0,         0,   119.5,decoder_by_matrix,fa5edda0c1038186c8afbec49b0215a0b852396cdb50783a3f937fdf51d2afac,"{""distance"":5,""physical_error_rate"":1e-05}","{""detection_events"":7080,""detectors_checked"":220907520}"
   1073152,         0,         0,   119.5,decoder_by_matrix,0421d486f8a041838688df650e87c0a19c3450ab7a7cc8b3dc589ebff86d1c74,"{""distance"":5,""physical_error_rate"":0.0001}","{""detection_events"":62450,""detectors_checked"":182435840}"
   1311744,         0,         0,   119.4,decoder_by_matrix,3c866087b289edc25e9adea730044a15db18cabfd3ae2507fc844d5b4e03657a,"{""distance"":5,""physical_error_rate"":5e-06}","{""detection_events"":3555,""detectors_checked"":222996480}"
   1143808,         0,         0,   119.6,decoder_by_matrix,fa5edda0c1038186c8afbec49b0215a0b852396cdb50783a3f937fdf51d2afac,"{""distance"":5,""physical_error_rate"":1e-05}","{""detection_events"":6595,""detectors_checked"":194447360}"
    883712,         1,         0,   119.6,decoder_by_matrix,066a5d8d46981b593c3dec855f441edbe9e755a8873183448f69d036a2ecc650,"{""distance"":5,""physical_error_rate"":0.001}","{""detection_events"":500465,""detectors_checked"":150231040,""obs_mistake_mask=E___"":1}"
   1160192,         3,         0,   119.4,decoder_by_matrix,066a5d8d46981b593c3dec855f441edbe9e755a8873183448f69d036a2ecc650,"{""distance"":5,""physical_error_rate"":0.001}","{""detection_events"":655270,""detectors_checked"":197232640,""obs_mistake_mask=EE__"":1,""obs_mistake_mask=E_EE"":1,""obs_mistake_mask=E___"":1}"
   1147904,         0,         0,   119.5,decoder_by_matrix,fa5edda0c1038186c8afbec49b0215a0b852396cdb50783a3f937fdf51d2afac,"{""distance"":5,""physical_error_rate"":1e-05}","{""detection_events"":6060,""detectors_checked"":195143680}"
   1137664,         0,         0,   119.3,decoder_by_matrix,9c6baee88fc81e7d1aa345fcb3feec7ee81f21c5d49cb6ca037118097d89e180,"{""distance"":5,""physical_error_rate"":5e-05}","{""detection_events"":32970,""detectors_checked"":193402880}"
   1154048,         0,         0,   119.6,decoder_by_matrix,e41ade2e4684e0396b9a3890c882b6453b515d69885aa1d89a26ce21ec554895,"{""distance"":5,""physical_error_rate"":1e-06}","{""detection_events"":745,""detectors_checked"":196188160}"
   1081344,         0,         0,   119.6,decoder_by_matrix,9c6baee88fc81e7d1aa345fcb3feec7ee81f21c5d49cb6ca037118097d89e180,"{""distance"":5,""physical_error_rate"":5e-05}","{""detection_events"":31045,""detectors_checked"":183828480}"
   1300480,         0,         0,   119.6,decoder_by_matrix,9c6baee88fc81e7d1aa345fcb3feec7ee81f21c5d49cb6ca037118097d89e180,"{""distance"":5,""physical_error_rate"":5e-05}","{""detection_events"":37530,""detectors_checked"":221081600}"
   1305600,         0,         0,   119.6,decoder_by_matrix,e41ade2e4684e0396b9a3890c882b6453b515d69885aa1d89a26ce21ec554895,"{""distance"":5,""physical_error_rate"":1e-06}","{""detection_events"":805,""detectors_checked"":221952000}"
   1135616,         0,         0,   119.6,decoder_by_matrix,b84cf4b8ca220d31f17e1e2ea9ab927bbc4176b15682c650e7d1dd8f2758172b,"{""distance"":5,""physical_error_rate"":0.0005}","{""detection_events"":322990,""detectors_checked"":193054720}"
   1122304,         0,         0,   119.6,decoder_by_matrix,3c866087b289edc25e9adea730044a15db18cabfd3ae2507fc844d5b4e03657a,"{""distance"":5,""physical_error_rate"":5e-06}","{""detection_events"":3045,""detectors_checked"":190791680}"
    907264,         0,         0,   119.4,decoder_by_matrix,0421d486f8a041838688df650e87c0a19c3450ab7a7cc8b3dc589ebff86d1c74,"{""distance"":5,""physical_error_rate"":0.0001}","{""detection_events"":52765,""detectors_checked"":154234880}"
   1278976,         0,         0,   119.3,decoder_by_matrix,3c866087b289edc25e9adea730044a15db18cabfd3ae2507fc844d5b4e03657a,"{""distance"":5,""physical_error_rate"":5e-06}","{""detection_events"":4445,""detectors_checked"":217425920}"
    917504,         0,         0,   119.6,decoder_by_matrix,b84cf4b8ca220d31f17e1e2ea9ab927bbc4176b15682c650e7d1dd8f2758172b,"{""distance"":5,""physical_error_rate"":0.0005}","{""detection_events"":256920,""detectors_checked"":155975680}"
    988160,         0,         0,   119.6,decoder_by_matrix,3c866087b289edc25e9adea730044a15db18cabfd3ae2507fc844d5b4e03657a,"{""distance"":5,""physical_error_rate"":5e-06}","{""detection_events"":2700,""detectors_checked"":167987200}"
   1056768,         0,         0,   119.5,decoder_by_matrix,fa5edda0c1038186c8afbec49b0215a0b852396cdb50783a3f937fdf51d2afac,"{""distance"":5,""physical_error_rate"":1e-05}","{""detection_events"":5635,""detectors_checked"":179650560}"
   1245184,         0,         0,   119.5,decoder_by_matrix,0421d486f8a041838688df650e87c0a19c3450ab7a7cc8b3dc589ebff86d1c74,"{""distance"":5,""physical_error_rate"":0.0001}","{""detection_events"":70645,""detectors_checked"":211681280}"
   1034240,         4,         0,   119.5,decoder_by_matrix,066a5d8d46981b593c3dec855f441edbe9e755a8873183448f69d036a2ecc650,"{""distance"":5,""physical_error_rate"":0.001}","{""detection_events"":585560,""detectors_checked"":175820800,""obs_mistake_mask=E___"":1,""obs_mistake_mask=_E_E"":1,""obs_mistake_mask=_E__"":2}"
   1073152,         0,         0,   119.5,decoder_by_matrix,b84cf4b8ca220d31f17e1e2ea9ab927bbc4176b15682c650e7d1dd8f2758172b,"{""distance"":5,""physical_error_rate"":0.0005}","{""detection_events"":306525,""detectors_checked"":182435840}"
   1058816,         1,         0,   119.5,decoder_by_matrix,066a5d8d46981b593c3dec855f441edbe9e755a8873183448f69d036a2ecc650,"{""distance"":5,""physical_error_rate"":0.001}","{""detection_events"":604390,""detectors_checked"":179998720,""obs_mistake_mask=_EE_"":1}"
   1220608,         0,         0,   119.5,decoder_by_matrix,3c866087b289edc25e9adea730044a15db18cabfd3ae2507fc844d5b4e03657a,"{""distance"":5,""physical_error_rate"":5e-06}","{""detection_events"":3360,""detectors_checked"":207503360}"
   1309696,         0,         0,   119.5,decoder_by_matrix,e41ade2e4684e0396b9a3890c882b6453b515d69885aa1d89a26ce21ec554895,"{""distance"":5,""physical_error_rate"":1e-06}","{""detection_events"":675,""detectors_checked"":222648320}"
    924672,         0,         0,   119.6,decoder_by_matrix,e41ade2e4684e0396b9a3890c882b6453b515d69885aa1d89a26ce21ec554895,"{""distance"":5,""physical_error_rate"":1e-06}","{""detection_events"":715,""detectors_checked"":157194240}"
   1123328,         0,         0,   119.6,decoder_by_matrix,fa5edda0c1038186c8afbec49b0215a0b852396cdb50783a3f937fdf51d2afac,"{""distance"":5,""physical_error_rate"":1e-05}","{""detection_events"":7190,""detectors_checked"":190965760}"
   1202176,         1,         0,   119.4,decoder_by_matrix,066a5d8d46981b593c3dec855f441edbe9e755a8873183448f69d036a2ecc650,"{""distance"":5,""physical_error_rate"":0.001}","{""detection_events"":681995,""detectors_checked"":204369920,""obs_mistake_mask=EE__"":1}"
   1244160,         0,         0,   119.8,decoder_by_matrix,b84cf4b8ca220d31f17e1e2ea9ab927bbc4176b15682c650e7d1dd8f2758172b,"{""distance"":5,""physical_error_rate"":0.0005}","{""detection_events"":349865,""detectors_checked"":211507200}"
   1208320,         0,         0,   119.6,decoder_by_matrix,b84cf4b8ca220d31f17e1e2ea9ab927bbc4176b15682c650e7d1dd8f2758172b,"{""distance"":5,""physical_error_rate"":0.0005}","{""detection_events"":337790,""detectors_checked"":205414400}"
   1103872,         0,         0,   119.6,decoder_by_matrix,0421d486f8a041838688df650e87c0a19c3450ab7a7cc8b3dc589ebff86d1c74,"{""distance"":5,""physical_error_rate"":0.0001}","{""detection_events"":63160,""detectors_checked"":187658240}"
   1058816,         0,         0,   119.5,decoder_by_matrix,0421d486f8a041838688df650e87c0a19c3450ab7a7cc8b3dc589ebff86d1c74,"{""distance"":5,""physical_error_rate"":0.0001}","{""detection_events"":60850,""detectors_checked"":179998720}"
   1439744,         0,         0,   119.4,decoder_by_matrix,e41ade2e4684e0396b9a3890c882b6453b515d69885aa1d89a26ce21ec554895,"{""distance"":5,""physical_error_rate"":1e-06}","{""detection_events"":570,""detectors_checked"":244756480}"
   1087488,         0,         0,   119.6,decoder_by_matrix,9c6baee88fc81e7d1aa345fcb3feec7ee81f21c5d49cb6ca037118097d89e180,"{""distance"":5,""physical_error_rate"":5e-05}","{""detection_events"":31055,""detectors_checked"":184872960}"
    927744,         0,         0,   119.5,decoder_by_matrix,9c6baee88fc81e7d1aa345fcb3feec7ee81f21c5d49cb6ca037118097d89e180,"{""distance"":5,""physical_error_rate"":5e-05}","{""detection_events"":27520,""detectors_checked"":157716480}"
   1155072,         0,         0,   119.5,decoder_by_matrix,0421d486f8a041838688df650e87c0a19c3450ab7a7cc8b3dc589ebff86d1c74,"{""distance"":5,""physical_error_rate"":0.0001}","{""detection_events"":66160,""detectors_checked"":196362240}"
   1302528,         0,         0,   119.5,decoder_by_matrix,3c866087b289edc25e9adea730044a15db18cabfd3ae2507fc844d5b4e03657a,"{""distance"":5,""physical_error_rate"":5e-06}","{""detection_events"":3100,""detectors_checked"":221429760}"
    987136,         0,         0,   119.4,decoder_by_matrix,e41ade2e4684e0396b9a3890c882b6453b515d69885aa1d89a26ce21ec554895,"{""distance"":5,""physical_error_rate"":1e-06}","{""detection_events"":580,""detectors_checked"":167813120}"
   1106944,         4,         0,   119.3,decoder_by_matrix,066a5d8d46981b593c3dec855f441edbe9e755a8873183448f69d036a2ecc650,"{""distance"":5,""physical_error_rate"":0.001}","{""detection_events"":627310,""detectors_checked"":188180480,""obs_mistake_mask=EE_E"":1,""obs_mistake_mask=E_E_"":1,""obs_mistake_mask=_EE_"":1,""obs_mistake_mask=__E_"":1}"
   1219584,         0,         0,   119.6,decoder_by_matrix,9c6baee88fc81e7d1aa345fcb3feec7ee81f21c5d49cb6ca037118097d89e180,"{""distance"":5,""physical_error_rate"":5e-05}","{""detection_events"":34080,""detectors_checked"":207329280}"
   1067008,         0,         0,   119.5,decoder_by_matrix,fa5edda0c1038186c8afbec49b0215a0b852396cdb50783a3f937fdf51d2afac,"{""distance"":5,""physical_error_rate"":1e-05}","{""detection_events"":5715,""detectors_checked"":181391360}"
    941056,         0,         0,   119.3,decoder_by_matrix,b84cf4b8ca220d31f17e1e2ea9ab927bbc4176b15682c650e7d1dd8f2758172b,"{""distance"":5,""physical_error_rate"":0.0005}","{""detection_events"":266205,""detectors_checked"":159979520}"
   1043295,         0,         0,   104.6,decoder_by_matrix,fa5edda0c1038186c8afbec49b0215a0b852396cdb50783a3f937fdf51d2afac,"{""distance"":5,""physical_error_rate"":1e-05}","{""detection_events"":6000,""detectors_checked"":177360150}"
   1190912,         0,         0,   119.6,decoder_by_matrix,9c6baee88fc81e7d1aa345fcb3feec7ee81f21c5d49cb6ca037118097d89e180,"{""distance"":5,""physical_error_rate"":5e-05}","{""detection_events"":33445,""detectors_checked"":202455040}"
   1115136,         0,         0,   119.5,decoder_by_matrix,e41ade2e4684e0396b9a3890c882b6453b515d69885aa1d89a26ce21ec554895,"{""distance"":5,""physical_error_rate"":1e-06}","{""detection_events"":510,""detectors_checked"":189573120}"
   1188864,         0,         0,   119.5,decoder_by_matrix,3c866087b289edc25e9adea730044a15db18cabfd3ae2507fc844d5b4e03657a,"{""distance"":5,""physical_error_rate"":5e-06}","{""detection_events"":3245,""detectors_checked"":202106880}"
   1080320,         0,         0,   119.4,decoder_by_matrix,0421d486f8a041838688df650e87c0a19c3450ab7a7cc8b3dc589ebff86d1c74,"{""distance"":5,""physical_error_rate"":0.0001}","{""detection_events"":61405,""detectors_checked"":183654400}"
   1046528,         0,         0,   119.4,decoder_by_matrix,b84cf4b8ca220d31f17e1e2ea9ab927bbc4176b15682c650e7d1dd8f2758172b,"{""distance"":5,""physical_error_rate"":0.0005}","{""detection_events"":297530,""detectors_checked"":177909760}"
   1054720,         0,         0,   119.5,decoder_by_matrix,fa5edda0c1038186c8afbec49b0215a0b852396cdb50783a3f937fdf51d2afac,"{""distance"":5,""physical_error_rate"":1e-05}","{""detection_events"":5975,""detectors_checked"":179302400}"
   1137664,         0,         0,   119.4,decoder_by_matrix,0421d486f8a041838688df650e87c0a19c3450ab7a7cc8b3dc589ebff86d1c74,"{""distance"":5,""physical_error_rate"":0.0001}","{""detection_events"":63930,""detectors_checked"":193402880}"
   1122304,         0,         0,   119.5,decoder_by_matrix,3c866087b289edc25e9adea730044a15db18cabfd3ae2507fc844d5b4e03657a,"{""distance"":5,""physical_error_rate"":5e-06}","{""detection_events"":3565,""detectors_checked"":190791680}"
   1192960,         0,         0,   119.6,decoder_by_matrix,fa5edda0c1038186c8afbec49b0215a0b852396cdb50783a3f937fdf51d2afac,"{""distance"":5,""physical_error_rate"":1e-05}","{""detection_events"":7120,""detectors_checked"":202803200}"
   1061888,         2,         0,   119.6,decoder_by_matrix,066a5d8d46981b593c3dec855f441edbe9e755a8873183448f69d036a2ecc650,"{""distance"":5,""physical_error_rate"":0.001}","{""detection_events"":603960,""detectors_checked"":180520960,""obs_mistake_mask=E__E"":1,""obs_mistake_mask=_E__"":1}"
   1131520,         2,         0,   119.6,decoder_by_matrix,066a5d8d46981b593c3dec855f441edbe9e755a8873183448f69d036a2ecc650,"{""distance"":5,""physical_error_rate"":0.001}","{""detection_events"":643260,""detectors_checked"":192358400,""obs_mistake_mask=EE_E"":1,""obs_mistake_mask=__E_"":1}"
   1150976,         0,         0,   119.3,decoder_by_matrix,fa5edda0c1038186c8afbec49b0215a0b852396cdb50783a3f937fdf51d2afac,"{""distance"":5,""physical_error_rate"":1e-05}","{""detection_events"":6215,""detectors_checked"":195665920}"
   1188864,         0,         0,   119.6,decoder_by_matrix,9c6baee88fc81e7d1aa345fcb3feec7ee81f21c5d49cb6ca037118097d89e180,"{""distance"":5,""physical_error_rate"":5e-05}","{""detection_events"":34440,""detectors_checked"":202106880}"
   1033216,         0,         0,   119.5,decoder_by_matrix,e41ade2e4684e0396b9a3890c882b6453b515d69885aa1d89a26ce21ec554895,"{""distance"":5,""physical_error_rate"":1e-06}","{""detection_events"":545,""detectors_checked"":175646720}"
   1184768,         0,         0,   119.5,decoder_by_matrix,9c6baee88fc81e7d1aa345fcb3feec7ee81f21c5d49cb6ca037118097d89e180,"{""distance"":5,""physical_error_rate"":5e-05}","{""detection_events"":33270,""detectors_checked"":201410560}"
   1129472,         0,         0,   119.5,decoder_by_matrix,9c6baee88fc81e7d1aa345fcb3feec7ee81f21c5d49cb6ca037118097d89e180,"{""distance"":5,""physical_error_rate"":5e-05}","{""detection_events"":30875,""detectors_checked"":192010240}"
   1033216,         0,         0,   119.5,decoder_by_matrix,e41ade2e4684e0396b9a3890c882b6453b515d69885aa1d89a26ce21ec554895,"{""distance"":5,""physical_error_rate"":1e-06}","{""detection_events"":620,""detectors_checked"":175646720}"
   1185792,         0,         0,   119.5,decoder_by_matrix,b84cf4b8ca220d31f17e1e2ea9ab927bbc4176b15682c650e7d1dd8f2758172b,"{""distance"":5,""physical_error_rate"":0.0005}","{""detection_events"":337985,""detectors_checked"":201584640}"
   1208320,         0,         0,   119.6,decoder_by_matrix,3c866087b289edc25e9adea730044a15db18cabfd3ae2507fc844d5b4e03657a,"{""distance"":5,""physical_error_rate"":5e-06}","{""detection_events"":3965,""detectors_checked"":205414400}"
   1015808,         0,         0,   119.7,decoder_by_matrix,0421d486f8a041838688df650e87c0a19c3450ab7a7cc8b3dc589ebff86d1c74,"{""distance"":5,""physical_error_rate"":0.0001}","{""detection_events"":58270,""detectors_checked"":172687360}"
   1040384,         0,         0,   119.5,decoder_by_matrix,3c866087b289edc25e9adea730044a15db18cabfd3ae2507fc844d5b4e03657a,"{""distance"":5,""physical_error_rate"":5e-06}","{""detection_events"":2905,""detectors_checked"":176865280}"
   1040384,         0,         0,   119.5,decoder_by_matrix,b84cf4b8ca220d31f17e1e2ea9ab927bbc4176b15682c650e7d1dd8f2758172b,"{""distance"":5,""physical_error_rate"":0.0005}","{""detection_events"":296145,""detectors_checked"":176865280}"
   1139712,         0,         0,   119.5,decoder_by_matrix,3c866087b289edc25e9adea730044a15db18cabfd3ae2507fc844d5b4e03657a,"{""distance"":5,""physical_error_rate"":5e-06}","{""detection_events"":3510,""detectors_checked"":193751040}"
   1114112,         0,         0,   119.4,decoder_by_matrix,fa5edda0c1038186c8afbec49b0215a0b852396cdb50783a3f937fdf51d2afac,"{""distance"":5,""physical_error_rate"":1e-05}","{""detection_events"":6500,""detectors_checked"":189399040}"
   1000448,         0,         0,   119.6,decoder_by_matrix,0421d486f8a041838688df650e87c0a19c3450ab7a7cc8b3dc589ebff86d1c74,"{""distance"":5,""physical_error_rate"":0.0001}","{""detection_events"":56850,""detectors_checked"":170076160}"
   1179648,         1,         0,   119.5,decoder_by_matrix,066a5d8d46981b593c3dec855f441edbe9e755a8873183448f69d036a2ecc650,"{""distance"":5,""physical_error_rate"":0.001}","{""detection_events"":668790,""detectors_checked"":200540160,""obs_mistake_mask=__EE"":1}"
   1004544,         0,         0,   119.6,decoder_by_matrix,b84cf4b8ca220d31f17e1e2ea9ab927bbc4176b15682c650e7d1dd8f2758172b,"{""distance"":5,""physical_error_rate"":0.0005}","{""detection_events"":285250,""detectors_checked"":170772480}"
   1146880,         0,         0,   119.4,decoder_by_matrix,3c866087b289edc25e9adea730044a15db18cabfd3ae2507fc844d5b4e03657a,"{""distance"":5,""physical_error_rate"":5e-06}","{""detection_events"":3345,""detectors_checked"":194969600}"
   1191936,         3,         0,   119.4,decoder_by_matrix,066a5d8d46981b593c3dec855f441edbe9e755a8873183448f69d036a2ecc650,"{""distance"":5,""physical_error_rate"":0.001}","{""detection_events"":684060,""detectors_checked"":202629120,""obs_mistake_mask=EE_E"":1,""obs_mistake_mask=__E_"":2}"
   1141760,         0,         0,   119.5,decoder_by_matrix,e41ade2e4684e0396b9a3890c882b6453b515d69885aa1d89a26ce21ec554895,"{""distance"":5,""physical_error_rate"":1e-06}","{""detection_events"":555,""detectors_checked"":194099200}"
   1216512,         0,         0,   119.5,decoder_by_matrix,e41ade2e4684e0396b9a3890c882b6453b515d69885aa1d89a26ce21ec554895,"{""distance"":5,""physical_error_rate"":1e-06}","{""detection_events"":605,""detectors_checked"":206807040}"
   1161216,         0,         0,   119.6,decoder_by_matrix,fa5edda0c1038186c8afbec49b0215a0b852396cdb50783a3f937fdf51d2afac,"{""distance"":5,""physical_error_rate"":1e-05}","{""detection_events"":6285,""detectors_checked"":197406720}"
   1063936,         2,         0,   119.3,decoder_by_matrix,066a5d8d46981b593c3dec855f441edbe9e755a8873183448f69d036a2ecc650,"{""distance"":5,""physical_error_rate"":0.001}","{""detection_events"":600495,""detectors_checked"":180869120,""obs_mistake_mask=E_E_"":1,""obs_mistake_mask=_E__"":1}"
   1070080,         0,         0,   119.5,decoder_by_matrix,0421d486f8a041838688df650e87c0a19c3450ab7a7cc8b3dc589ebff86d1c74,"{""distance"":5,""physical_error_rate"":0.0001}","{""detection_events"":61150,""detectors_checked"":181913600}"
   1092608,         0,         0,   119.6,decoder_by_matrix,b84cf4b8ca220d31f17e1e2ea9ab927bbc4176b15682c650e7d1dd8f2758172b,"{""distance"":5,""physical_error_rate"":0.0005}","{""detection_events"":310710,""detectors_checked"":185743360}"
   1015808,         0,         0,   119.4,decoder_by_matrix,b84cf4b8ca220d31f17e1e2ea9ab927bbc4176b15682c650e7d1dd8f2758172b,"{""distance"":5,""physical_error_rate"":0.0005}","{""detection_events"":285780,""detectors_checked"":172687360}"
   1098752,         0,         0,   119.5,decoder_by_matrix,0421d486f8a041838688df650e87c0a19c3450ab7a7cc8b3dc589ebff86d1c74,"{""distance"":5,""physical_error_rate"":0.0001}","{""detection_events"":61385,""detectors_checked"":186787840}"
   1462272,         0,         0,   119.4,decoder_by_matrix,e41ade2e4684e0396b9a3890c882b6453b515d69885aa1d89a26ce21ec554895,"{""distance"":5,""physical_error_rate"":1e-06}","{""detection_events"":765,""detectors_checked"":248586240}"
   1080320,         0,         0,   119.5,decoder_by_matrix,9c6baee88fc81e7d1aa345fcb3feec7ee81f21c5d49cb6ca037118097d89e180,"{""distance"":5,""physical_error_rate"":5e-05}","{""detection_events"":30030,""detectors_checked"":183654400}"
   1098752,         0,         0,   119.5,decoder_by_matrix,9c6baee88fc81e7d1aa345fcb3feec7ee81f21c5d49cb6ca037118097d89e180,"{""distance"":5,""physical_error_rate"":5e-05}","{""detection_events"":30750,""detectors_checked"":186787840}"
   1000448,         0,         0,   119.4,decoder_by_matrix,0421d486f8a041838688df650e87c0a19c3450ab7a7cc8b3dc589ebff86d1c74,"{""distance"":5,""physical_error_rate"":0.0001}","{""detection_events"":57660,""detectors_checked"":170076160}"
   1116160,         0,         0,   119.6,decoder_by_matrix,3c866087b289edc25e9adea730044a15db18cabfd3ae2507fc844d5b4e03657a,"{""distance"":5,""physical_error_rate"":5e-06}","{""detection_events"":3385,""detectors_checked"":189747200}"
   1128448,         0,         0,   119.6,decoder_by_matrix,e41ade2e4684e0396b9a3890c882b6453b515d69885aa1d89a26ce21ec554895,"{""distance"":5,""physical_error_rate"":1e-06}","{""detection_events"":525,""detectors_checked"":191836160}"
   1173504,         2,         0,   119.6,decoder_by_matrix,066a5d8d46981b593c3dec855f441edbe9e755a8873183448f69d036a2ecc650,"{""distance"":5,""physical_error_rate"":0.001}","{""detection_events"":665540,""detectors_checked"":199495680,""obs_mistake_mask=_EE_"":2}"
   1080320,         0,         0,   119.5,decoder_by_matrix,9c6baee88fc81e7d1aa345fcb3feec7ee81f21c5d49cb6ca037118097d89e180,"{""distance"":5,""physical_error_rate"":5e-05}","{""detection_events"":30660,""detectors_checked"":183654400}"
   1173504,         0,         0,   119.5,decoder_by_matrix,fa5edda0c1038186c8afbec49b0215a0b852396cdb50783a3f937fdf51d2afac,"{""distance"":5,""physical_error_rate"":1e-05}","{""detection_events"":6560,""detectors_checked"":199495680}"
   1041408,         1,         0,   119.6,decoder_by_matrix,b84cf4b8ca220d31f17e1e2ea9ab927bbc4176b15682c650e7d1dd8f2758172b,"{""distance"":5,""physical_error_rate"":0.0005}","{""detection_events"":295200,""detectors_checked"":177039360,""obs_mistake_mask=E_E_"":1}"
   1311744,         0,         0,   119.6,decoder_by_matrix,fa5edda0c1038186c8afbec49b0215a0b852396cdb50783a3f937fdf51d2afac,"{""distance"":5,""physical_error_rate"":1e-05}","{""detection_events"":7420,""detectors_checked"":222996480}"
   1258496,         0,         0,   119.6,decoder_by_matrix,9c6baee88fc81e7d1aa345fcb3feec7ee81f21c5d49cb6ca037118097d89e180,"{""distance"":5,""physical_error_rate"":5e-05}","{""detection_events"":36950,""detectors_checked"":213944320}"
   1190912,         0,         0,   119.6,decoder_by_matrix,e41ade2e4684e0396b9a3890c882b6453b515d69885aa1d89a26ce21ec554895,"{""distance"":5,""physical_error_rate"":1e-06}","{""detection_events"":745,""detectors_checked"":202455040}"
   1217536,         0,         0,   119.5,decoder_by_matrix,3c866087b289edc25e9adea730044a15db18cabfd3ae2507fc844d5b4e03657a,"{""distance"":5,""physical_error_rate"":5e-06}","{""detection_events"":3155,""detectors_checked"":206981120}"
   1233920,         0,         0,   119.6,decoder_by_matrix,0421d486f8a041838688df650e87c0a19c3450ab7a7cc8b3dc589ebff86d1c74,"{""distance"":5,""physical_error_rate"":0.0001}","{""detection_events"":69990,""detectors_checked"":209766400}"
   1014784,         1,         0,   119.2,decoder_by_matrix,b84cf4b8ca220d31f17e1e2ea9ab927bbc4176b15682c650e7d1dd8f2758172b,"{""distance"":5,""physical_error_rate"":0.0005}","{""detection_events"":287530,""detectors_checked"":172513280,""obs_mistake_mask=E___"":1}"
   1259520,         0,         0,   119.6,decoder_by_matrix,fa5edda0c1038186c8afbec49b0215a0b852396cdb50783a3f937fdf51d2afac,"{""distance"":5,""physical_error_rate"":1e-05}","{""detection_events"":7140,""detectors_checked"":214118400}"
   1095680,         0,         0,   119.5,decoder_by_matrix,0421d486f8a041838688df650e87c0a19c3450ab7a7cc8b3dc589ebff86d1c74,"{""distance"":5,""physical_error_rate"":0.0001}","{""detection_events"":64120,""detectors_checked"":186265600}"
   1110016,         0,         0,   119.5,decoder_by_matrix,3c866087b289edc25e9adea730044a15db18cabfd3ae2507fc844d5b4e03657a,"{""distance"":5,""physical_error_rate"":5e-06}","{""detection_events"":3135,""detectors_checked"":188702720}"
   1236992,         0,         0,   119.4,decoder_by_matrix,fa5edda0c1038186c8afbec49b0215a0b852396cdb50783a3f937fdf51d2afac,"{""distance"":5,""physical_error_rate"":1e-05}","{""detection_events"":6570,""detectors_checked"":210288640}"
   1033216,         2,         0,   119.5,decoder_by_matrix,066a5d8d46981b593c3dec855f441edbe9e755a8873183448f69d036a2ecc650,"{""distance"":5,""physical_error_rate"":0.001}","{""detection_events"":584275,""detectors_checked"":175646720,""obs_mistake_mask=EE__"":1,""obs_mistake_mask=E___"":1}"
   1228800,         2,         0,   119.7,decoder_by_matrix,066a5d8d46981b593c3dec855f441edbe9e755a8873183448f69d036a2ecc650,"{""distance"":5,""physical_error_rate"":0.001}","{""detection_events"":694745,""detectors_checked"":208896000,""obs_mistake_mask=E__E"":1,""obs_mistake_mask=E___"":1}"
   1010688,         0,         0,   119.6,decoder_by_matrix,fa5edda0c1038186c8afbec49b0215a0b852396cdb50783a3f937fdf51d2afac,"{""distance"":5,""physical_error_rate"":1e-05}","{""detection_events"":6240,""detectors_checked"":171816960}"
   1126400,         0,         0,   119.6,decoder_by_matrix,9c6baee88fc81e7d1aa345fcb3feec7ee81f21c5d49cb6ca037118097d89e180,"{""distance"":5,""physical_error_rate"":5e-05}","{""detection_events"":30700,""detectors_checked"":191488000}"
   1177600,         0,         0,   119.5,decoder_by_matrix,e41ade2e4684e0396b9a3890c882b6453b515d69885aa1d89a26ce21ec554895,"{""distance"":5,""physical_error_rate"":1e-06}","{""detection_events"":580,""detectors_checked"":200192000}"
   1200128,         0,         0,   119.6,decoder_by_matrix,9c6baee88fc81e7d1aa345fcb3feec7ee81f21c5d49cb6ca037118097d89e180,"{""distance"":5,""physical_error_rate"":5e-05}","{""detection_events"":34640,""detectors_checked"":204021760}"
   1056768,         0,         0,   119.5,decoder_by_matrix,9c6baee88fc81e7d1aa345fcb3feec7ee81f21c5d49cb6ca037118097d89e180,"{""distance"":5,""physical_error_rate"":5e-05}","{""detection_events"":30460,""detectors_checked"":179650560}"
   1104896,         0,         0,   119.4,decoder_by_matrix,e41ade2e4684e0396b9a3890c882b6453b515d69885aa1d89a26ce21ec554895,"{""distance"":5,""physical_error_rate"":1e-06}","{""detection_events"":680,""detectors_checked"":187832320}"
    898048,         0,         0,   119.5,decoder_by_matrix,b84cf4b8ca220d31f17e1e2ea9ab927bbc4176b15682c650e7d1dd8f2758172b,"{""distance"":5,""physical_error_rate"":0.0005}","{""detection_events"":256930,""detectors_checked"":152668160}"
   1238016,         0,         0,   119.5,decoder_by_matrix,3c866087b289edc25e9adea730044a15db18cabfd3ae2507fc844d5b4e03657a,"{""distance"":5,""physical_error_rate"":5e-06}","{""detection_events"":3000,""detectors_checked"":210462720}"
   1029120,         0,         0,   119.7,decoder_by_matrix,0421d486f8a041838688df650e87c0a19c3450ab7a7cc8b3dc589ebff86d1c74,"{""distance"":5,""physical_error_rate"":0.0001}","{""detection_events"":58470,""detectors_checked"":174950400}"
   1088512,         0,         0,   119.6,decoder_by_matrix,3c866087b289edc25e9adea730044a15db18cabfd3ae2507fc844d5b4e03657a,"{""distance"":5,""physical_error_rate"":5e-06}","{""detection_events"":3175,""detectors_checked"":185047040}"
   1116160,         1,         0,   119.4,decoder_by_matrix,b84cf4b8ca220d31f17e1e2ea9ab927bbc4176b15682c650e7d1dd8f2758172b,"{""distance"":5,""physical_error_rate"":0.0005}","{""detection_events"":317275,""detectors_checked"":189747200,""obs_mistake_mask=_E__"":1}"
   1112064,         0,         0,   119.5,decoder_by_matrix,3c866087b289edc25e9adea730044a15db18cabfd3ae2507fc844d5b4e03657a,"{""distance"":5,""physical_error_rate"":5e-06}","{""detection_events"":2860,""detectors_checked"":189050880}"
    912384,         0,         0,   119.5,decoder_by_matrix,fa5edda0c1038186c8afbec49b0215a0b852396cdb50783a3f937fdf51d2afac,"{""distance"":5,""physical_error_rate"":1e-05}","{""detection_events"":5205,""detectors_checked"":155105280}"
   1059840,         0,         0,   119.6,decoder_by_matrix,0421d486f8a041838688df650e87c0a19c3450ab7a7cc8b3dc589ebff86d1c74,"{""distance"":5,""physical_error_rate"":0.0001}","{""detection_events"":59655,""detectors_checked"":180172800}"
   1281024,         2,         0,   119.5,decoder_by_matrix,066a5d8d46981b593c3dec855f441edbe9e755a8873183448f69d036a2ecc650,"{""distance"":5,""physical_error_rate"":0.001}","{""detection_events"":726935,""detectors_checked"":217774080,""obs_mistake_mask=E__E"":1,""obs_mistake_mask=E___"":1}"
   1147904,         0,         0,   119.7,decoder_by_matrix,b84cf4b8ca220d31f17e1e2ea9ab927bbc4176b15682c650e7d1dd8f2758172b,"{""distance"":5,""physical_error_rate"":0.0005}","{""detection_events"":321760,""detectors_checked"":195143680}"
   1311744,         0,         0,   119.3,decoder_by_matrix,3c866087b289edc25e9adea730044a15db18cabfd3ae2507fc844d5b4e03657a,"{""distance"":5,""physical_error_rate"":5e-06}","{""detection_events"":4235,""detectors_checked"":222996480}"
   1260544,         1,         0,   119.5,decoder_by_matrix,066a5d8d46981b593c3dec855f441edbe9e755a8873183448f69d036a2ecc650,"{""distance"":5,""physical_error_rate"":0.001}","{""detection_events"":711985,""detectors_checked"":214292480,""obs_mistake_mask=E__E"":1}"
   1130496,         0,         0,   119.6,decoder_by_matrix,e41ade2e4684e0396b9a3890c882b6453b515d69885aa1d89a26ce21ec554895,"{""distance"":5,""physical_error_rate"":1e-06}","{""detection_events"":640,""detectors_checked"":192184320}"
   1250304,         0,         0,   119.5,decoder_by_matrix,e41ade2e4684e0396b9a3890c882b6453b515d69885aa1d89a26ce21ec554895,"{""distance"":5,""physical_error_rate"":1e-06}","{""detection_events"":520,""detectors_checked"":212551680}"
   1260544,         0,         0,   119.5,decoder_by_matrix,fa5edda0c1038186c8afbec49b0215a0b852396cdb50783a3f937fdf51d2afac,"{""distance"":5,""physical_error_rate"":1e-05}","{""detection_events"":7285,""detectors_checked"":214292480}"
    869376,         2,         0,   119.3,decoder_by_matrix,066a5d8d46981b593c3dec855f441edbe9e755a8873183448f69d036a2ecc650,"{""distance"":5,""physical_error_rate"":0.001}","{""detection_events"":492175,""detectors_checked"":147793920,""obs_mistake_mask=E_E_"":1,""obs_mistake_mask=_E_E"":1}"
   1136640,         1,         0,   119.5,decoder_by_matrix,b84cf4b8ca220d31f17e1e2ea9ab927bbc4176b15682c650e7d1dd8f2758172b,"{""distance"":5,""physical_error_rate"":0.0005}","{""detection_events"":325750,""detectors_checked"":193228800,""obs_mistake_mask=__E_"":1}"
   1016832,         1,         0,   119.4,decoder_by_matrix,b84cf4b8ca220d31f17e1e2ea9ab927bbc4176b15682c650e7d1dd8f2758172b,"{""distance"":5,""physical_error_rate"":0.0005}","{""detection_events"":285920,""detectors_checked"":172861440,""obs_mistake_mask=E__E"":1}"
   1070080,         0,         0,   119.6,decoder_by_matrix,0421d486f8a041838688df650e87c0a19c3450ab7a7cc8b3dc589ebff86d1c74,"{""distance"":5,""physical_error_rate"":0.0001}","{""detection_events"":62110,""detectors_checked"":181913600}"
   1064960,         0,         0,   119.5,decoder_by_matrix,0421d486f8a041838688df650e87c0a19c3450ab7a7cc8b3dc589ebff86d1c74,"{""distance"":5,""physical_error_rate"":0.0001}","{""detection_events"":62640,""detectors_checked"":181043200}"
   1524736,         0,         0,   119.4,decoder_by_matrix,e41ade2e4684e0396b9a3890c882b6453b515d69885aa1d89a26ce21ec554895,"{""distance"":5,""physical_error_rate"":1e-06}","{""detection_events"":860,""detectors_checked"":259205120}"
   1075200,         0,         0,   119.5,decoder_by_matrix,9c6baee88fc81e7d1aa345fcb3feec7ee81f21c5d49cb6ca037118097d89e180,"{""distance"":5,""physical_error_rate"":5e-05}","{""detection_events"":32065,""detectors_checked"":182784000}"
   1041408,         0,         0,   119.5,decoder_by_matrix,9c6baee88fc81e7d1aa345fcb3feec7ee81f21c5d49cb6ca037118097d89e180,"{""distance"":5,""physical_error_rate"":5e-05}","{""detection_events"":28385,""detectors_checked"":177039360}"
   1061888,         0,         0,   119.4,decoder_by_matrix,0421d486f8a041838688df650e87c0a19c3450ab7a7cc8b3dc589ebff86d1c74,"{""distance"":5,""physical_error_rate"":0.0001}","{""detection_events"":62550,""detectors_checked"":180520960}"
   1112064,         0,         0,   119.5,decoder_by_matrix,3c866087b289edc25e9adea730044a15db18cabfd3ae2507fc844d5b4e03657a,"{""distance"":5,""physical_error_rate"":5e-06}","{""detection_events"":3250,""detectors_checked"":189050880}"
    900096,         0,         0,   119.5,decoder_by_matrix,e41ade2e4684e0396b9a3890c882b6453b515d69885aa1d89a26ce21ec554895,"{""distance"":5,""physical_error_rate"":1e-06}","{""detection_events"":490,""detectors_checked"":153016320}"
   1207296,         4,         0,   119.5,decoder_by_matrix,066a5d8d46981b593c3dec855f441edbe9e755a8873183448f69d036a2ecc650,"{""distance"":5,""physical_error_rate"":0.001}","{""detection_events"":688255,""detectors_checked"":205240320,""obs_mistake_mask=EEE_"":1,""obs_mistake_mask=EE__"":1,""obs_mistake_mask=E__E"":1,""obs_mistake_mask=__EE"":1}"
    846848,         0,         0,   119.5,decoder_by_matrix,9c6baee88fc81e7d1aa345fcb3feec7ee81f21c5d49cb6ca037118097d89e180,"{""distance"":5,""physical_error_rate"":5e-05}","{""detection_events"":24945,""detectors_checked"":143964160}"
   1283072,         0,         0,   119.6,decoder_by_matrix,fa5edda0c1038186c8afbec49b0215a0b852396cdb50783a3f937fdf51d2afac,"{""distance"":5,""physical_error_rate"":1e-05}","{""detection_events"":7325,""detectors_checked"":218122240}"
    997376,         0,         0,   119.5,decoder_by_matrix,b84cf4b8ca220d31f17e1e2ea9ab927bbc4176b15682c650e7d1dd8f2758172b,"{""distance"":5,""physical_error_rate"":0.0005}","{""detection_events"":283120,""detectors_checked"":169553920}"
   1350656,         0,         0,   119.4,decoder_by_matrix,fa5edda0c1038186c8afbec49b0215a0b852396cdb50783a3f937fdf51d2afac,"{""distance"":5,""physical_error_rate"":1e-05}","{""detection_events"":7415,""detectors_checked"":229611520}"
   1179648,         0,         0,   119.6,decoder_by_matrix,9c6baee88fc81e7d1aa345fcb3feec7ee81f21c5d49cb6ca037118097d89e180,"{""distance"":5,""physical_error_rate"":5e-05}","{""detection_events"":32720,""detectors_checked"":200540160}"
    793600,         0,         0,   119.5,decoder_by_matrix,e41ade2e4684e0396b9a3890c882b6453b515d69885aa1d89a26ce21ec554895,"{""distance"":5,""physical_error_rate"":1e-06}","{""detection_events"":370,""detectors_checked"":134912000}"
   1139712,         0,         0,   119.4,decoder_by_matrix,3c866087b289edc25e9adea730044a15db18cabfd3ae2507fc844d5b4e03657a,"{""distance"":5,""physical_error_rate"":5e-06}","{""detection_events"":2950,""detectors_checked"":193751040}"
   1168384,         0,         0,   119.3,decoder_by_matrix,0421d486f8a041838688df650e87c0a19c3450ab7a7cc8b3dc589ebff86d1c74,"{""distance"":5,""physical_error_rate"":0.0001}","{""detection_events"":67000,""detectors_checked"":198625280}"
    747520,         0,         0,   119.5,decoder_by_matrix,b84cf4b8ca220d31f17e1e2ea9ab927bbc4176b15682c650e7d1dd8f2758172b,"{""distance"":5,""physical_error_rate"":0.0005}","{""detection_events"":214245,""detectors_checked"":127078400}"
   1247814,         0,         0,   110.7,decoder_by_matrix,3c866087b289edc25e9adea730044a15db18cabfd3ae2507fc844d5b4e03657a,"{""distance"":5,""physical_error_rate"":5e-06}","{""detection_events"":3730,""detectors_checked"":212128380}"
   1313792,         0,         0,   119.5,decoder_by_matrix,0421d486f8a041838688df650e87c0a19c3450ab7a7cc8b3dc589ebff86d1c74,"{""distance"":5,""physical_error_rate"":0.0001}","{""detection_events"":72495,""detectors_checked"":223344640}"
   1330176,         0,         0,   119.4,decoder_by_matrix,fa5edda0c1038186c8afbec49b0215a0b852396cdb50783a3f937fdf51d2afac,"{""distance"":5,""physical_error_rate"":1e-05}","{""detection_events"":8280,""detectors_checked"":226129920}"
   1205248,         0,         0,   119.5,decoder_by_matrix,fa5edda0c1038186c8afbec49b0215a0b852396cdb50783a3f937fdf51d2afac,"{""distance"":5,""physical_error_rate"":1e-05}","{""detection_events"":6685,""detectors_checked"":204892160}"
   1266688,         4,         0,   119.4,decoder_by_matrix,066a5d8d46981b593c3dec855f441edbe9e755a8873183448f69d036a2ecc650,"{""distance"":5,""physical_error_rate"":0.001}","{""detection_events"":720495,""detectors_checked"":215336960,""obs_mistake_mask=E__E"":1,""obs_mistake_mask=E___"":2,""obs_mistake_mask=_E_E"":1}"
   1004544,         2,         0,   119.5,decoder_by_matrix,066a5d8d46981b593c3dec855f441edbe9e755a8873183448f69d036a2ecc650,"{""distance"":5,""physical_error_rate"":0.001}","{""detection_events"":568460,""detectors_checked"":170772480,""obs_mistake_mask=EE__"":1,""obs_mistake_mask=_EEE"":1}"
   1118208,         0,         0,   119.6,decoder_by_matrix,fa5edda0c1038186c8afbec49b0215a0b852396cdb50783a3f937fdf51d2afac,"{""distance"":5,""physical_error_rate"":1e-05}","{""detection_events"":6950,""detectors_checked"":190095360}"
   1112064,         0,         0,   119.4,decoder_by_matrix,9c6baee88fc81e7d1aa345fcb3feec7ee81f21c5d49cb6ca037118097d89e180,"{""distance"":5,""physical_error_rate"":5e-05}","{""detection_events"":32695,""detectors_checked"":189050880}"
   1160192,         0,         0,   119.4,decoder_by_matrix,e41ade2e4684e0396b9a3890c882b6453b515d69885aa1d89a26ce21ec554895,"{""distance"":5,""physical_error_rate"":1e-06}","{""detection_events"":575,""detectors_checked"":197232640}"
   1287168,         0,         0,   119.4,decoder_by_matrix,9c6baee88fc81e7d1aa345fcb3feec7ee81f21c5d49cb6ca037118097d89e180,"{""distance"":5,""physical_error_rate"":5e-05}","{""detection_events"":36190,""detectors_checked"":218818560}"
   1159168,         0,         0,   119.6,decoder_by_matrix,9c6baee88fc81e7d1aa345fcb3feec7ee81f21c5d49cb6ca037118097d89e180,"{""distance"":5,""physical_error_rate"":5e-05}","{""detection_events"":34990,""detectors_checked"":197058560}"
   1330176,         0,         0,   119.6,decoder_by_matrix,e41ade2e4684e0396b9a3890c882b6453b515d69885aa1d89a26ce21ec554895,"{""distance"":5,""physical_error_rate"":1e-06}","{""detection_events"":735,""detectors_checked"":226129920}"
   1068032,         0,         0,   119.2,decoder_by_matrix,3c866087b289edc25e9adea730044a15db18cabfd3ae2507fc844d5b4e03657a,"{""distance"":5,""physical_error_rate"":5e-06}","{""detection_events"":3060,""detectors_checked"":181565440}"
    799744,         0,         0,   119.6,decoder_by_matrix,b84cf4b8ca220d31f17e1e2ea9ab927bbc4176b15682c650e7d1dd8f2758172b,"{""distance"":5,""physical_error_rate"":0.0005}","{""detection_events"":231375,""detectors_checked"":135956480}"
   1036288,         0,         0,   119.4,decoder_by_matrix,0421d486f8a041838688df650e87c0a19c3450ab7a7cc8b3dc589ebff86d1c74,"{""distance"":5,""physical_error_rate"":0.0001}","{""detection_events"":59390,""detectors_checked"":176168960}"
   1301504,         0,         0,   119.6,decoder_by_matrix,3c866087b289edc25e9adea730044a15db18cabfd3ae2507fc844d5b4e03657a,"{""distance"":5,""physical_error_rate"":5e-06}","{""detection_events"":4055,""detectors_checked"":221255680}"
   1024000,         0,         0,   119.3,decoder_by_matrix,b84cf4b8ca220d31f17e1e2ea9ab927bbc4176b15682c650e7d1dd8f2758172b,"{""distance"":5,""physical_error_rate"":0.0005}","{""detection_events"":291915,""detectors_checked"":174080000}"
   1094656,         0,         0,   119.5,decoder_by_matrix,3c866087b289edc25e9adea730044a15db18cabfd3ae2507fc844d5b4e03657a,"{""distance"":5,""physical_error_rate"":5e-06}","{""detection_events"":3115,""detectors_checked"":186091520}"
    837632,         0,         0,   119.5,decoder_by_matrix,fa5edda0c1038186c8afbec49b0215a0b852396cdb50783a3f937fdf51d2afac,"{""distance"":5,""physical_error_rate"":1e-05}","{""detection_events"":5165,""detectors_checked"":142397440}"
   1287168,         0,         0,   119.5,decoder_by_matrix,0421d486f8a041838688df650e87c0a19c3450ab7a7cc8b3dc589ebff86d1c74,"{""distance"":5,""physical_error_rate"":0.0001}","{""detection_events"":73460,""detectors_checked"":218818560}"
   1060864,         1,         0,   119.5,decoder_by_matrix,066a5d8d46981b593c3dec855f441edbe9e755a8873183448f69d036a2ecc650,"{""distance"":5,""physical_error_rate"":0.001}","{""detection_events"":596180,""detectors_checked"":180346880,""obs_mistake_mask=_E__"":1}"
   1248256,         0,         0,   119.5,decoder_by_matrix,b84cf4b8ca220d31f17e1e2ea9ab927bbc4176b15682c650e7d1dd8f2758172b,"{""distance"":5,""physical_error_rate"":0.0005}","{""detection_events"":357315,""detectors_checked"":212203520}"
   1321984,         0,         0,   119.3,decoder_by_matrix,3c866087b289edc25e9adea730044a15db18cabfd3ae2507fc844d5b4e03657a,"{""distance"":5,""physical_error_rate"":5e-06}","{""detection_events"":4220,""detectors_checked"":224737280}"
   1036288,         3,         0,   119.4,decoder_by_matrix,066a5d8d46981b593c3dec855f441edbe9e755a8873183448f69d036a2ecc650,"{""distance"":5,""physical_error_rate"":0.001}","{""detection_events"":585405,""detectors_checked"":176168960,""obs_mistake_mask=E__E"":1,""obs_mistake_mask=E___"":2}"
   1338368,         0,         0,   119.5,decoder_by_matrix,e41ade2e4684e0396b9a3890c882b6453b515d69885aa1d89a26ce21ec554895,"{""distance"":5,""physical_error_rate"":1e-06}","{""detection_events"":740,""detectors_checked"":227522560}"
   1143808,         0,         0,   119.5,decoder_by_matrix,fa5edda0c1038186c8afbec49b0215a0b852396cdb50783a3f937fdf51d2afac,"{""distance"":5,""physical_error_rate"":1e-05}","{""detection_events"":6045,""detectors_checked"":194447360}"
   1137664,         0,         0,   119.4,decoder_by_matrix,e41ade2e4684e0396b9a3890c882b6453b515d69885aa1d89a26ce21ec554895,"{""distance"":5,""physical_error_rate"":1e-06}","{""detection_events"":800,""detectors_checked"":193402880}"
    897024,         2,         0,   119.5,decoder_by_matrix,066a5d8d46981b593c3dec855f441edbe9e755a8873183448f69d036a2ecc650,"{""distance"":5,""physical_error_rate"":0.001}","{""detection_events"":507935,""detectors_checked"":152494080,""obs_mistake_mask=__E_"":1,""obs_mistake_mask=___E"":1}"
   1026048,         0,         0,   119.4,decoder_by_matrix,b84cf4b8ca220d31f17e1e2ea9ab927bbc4176b15682c650e7d1dd8f2758172b,"{""distance"":5,""physical_error_rate"":0.0005}","{""detection_events"":296305,""detectors_checked"":174428160}"
   1281024,         1,         0,   119.5,decoder_by_matrix,b84cf4b8ca220d31f17e1e2ea9ab927bbc4176b15682c650e7d1dd8f2758172b,"{""distance"":5,""physical_error_rate"":0.0005}","{""detection_events"":370415,""detectors_checked"":217774080,""obs_mistake_mask=_EEE"":1}"
   1241088,         0,         0,   119.5,decoder_by_matrix,0421d486f8a041838688df650e87c0a19c3450ab7a7cc8b3dc589ebff86d1c74,"{""distance"":5,""physical_error_rate"":0.0001}","{""detection_events"":72650,""detectors_checked"":210984960}"
   1124352,         0,         0,   119.5,decoder_by_matrix,0421d486f8a041838688df650e87c0a19c3450ab7a7cc8b3dc589ebff86d1c74,"{""distance"":5,""physical_error_rate"":0.0001}","{""detection_events"":64090,""detectors_checked"":191139840}"
   1410048,         0,         0,   119.3,decoder_by_matrix,e41ade2e4684e0396b9a3890c882b6453b515d69885aa1d89a26ce21ec554895,"{""distance"":5,""physical_error_rate"":1e-06}","{""detection_events"":865,""detectors_checked"":239708160}"
   1282048,         0,         0,   119.6,decoder_by_matrix,9c6baee88fc81e7d1aa345fcb3feec7ee81f21c5d49cb6ca037118097d89e180,"{""distance"":5,""physical_error_rate"":5e-05}","{""detection_events"":37430,""detectors_checked"":217948160}"
   1036288,         0,         0,   119.4,decoder_by_matrix,9c6baee88fc81e7d1aa345fcb3feec7ee81f21c5d49cb6ca037118097d89e180,"{""distance"":5,""physical_error_rate"":5e-05}","{""detection_events"":29400,""detectors_checked"":176168960}"
   1290240,         0,         0,   119.5,decoder_by_matrix,0421d486f8a041838688df650e87c0a19c3450ab7a7cc8b3dc589ebff86d1c74,"{""distance"":5,""physical_error_rate"":0.0001}","{""detection_events"":73825,""detectors_checked"":219340800}"
   1304576,         0,         0,   119.4,decoder_by_matrix,3c866087b289edc25e9adea730044a15db18cabfd3ae2507fc844d5b4e03657a,"{""distance"":5,""physical_error_rate"":5e-06}","{""detection_events"":3665,""detectors_checked"":221777920}"
    868352,         0,         0,   119.9,decoder_by_matrix,e41ade2e4684e0396b9a3890c882b6453b515d69885aa1d89a26ce21ec554895,"{""distance"":5,""physical_error_rate"":1e-06}","{""detection_events"":785,""detectors_checked"":147619840}"
   1075200,         2,         0,   119.3,decoder_by_matrix,066a5d8d46981b593c3dec855f441edbe9e755a8873183448f69d036a2ecc650,"{""distance"":5,""physical_error_rate"":0.001}","{""detection_events"":608570,""detectors_checked"":182784000,""obs_mistake_mask=EE_E"":1,""obs_mistake_mask=___E"":1}"
    836608,         0,         0,   119.6,decoder_by_matrix,9c6baee88fc81e7d1aa345fcb3feec7ee81f21c5d49cb6ca037118097d89e180,"{""distance"":5,""physical_error_rate"":5e-05}","{""detection_events"":23785,""detectors_checked"":142223360}"
    930816,         0,         0,   119.6,decoder_by_matrix,fa5edda0c1038186c8afbec49b0215a0b852396cdb50783a3f937fdf51d2afac,"{""distance"":5,""physical_error_rate"":1e-05}","{""detection_events"":5705,""detectors_checked"":158238720}"
   1029120,         0,         0,   119.5,decoder_by_matrix,b84cf4b8ca220d31f17e1e2ea9ab927bbc4176b15682c650e7d1dd8f2758172b,"{""distance"":5,""physical_error_rate"":0.0005}","{""detection_events"":292200,""detectors_checked"":174950400}"
   1216512,         0,         0,   119.6,decoder_by_matrix,fa5edda0c1038186c8afbec49b0215a0b852396cdb50783a3f937fdf51d2afac,"{""distance"":5,""physical_error_rate"":1e-05}","{""detection_events"":7120,""detectors_checked"":206807040}"
   1166336,         0,         0,   119.5,decoder_by_matrix,9c6baee88fc81e7d1aa345fcb3feec7ee81f21c5d49cb6ca037118097d89e180,"{""distance"":5,""physical_error_rate"":5e-05}","{""detection_events"":33175,""detectors_checked"":198277120}"
   1201152,         0,         0,   119.4,decoder_by_matrix,e41ade2e4684e0396b9a3890c882b6453b515d69885aa1d89a26ce21ec554895,"{""distance"":5,""physical_error_rate"":1e-06}","{""detection_events"":495,""detectors_checked"":204195840}"
   1094656,         0,         0,   119.7,decoder_by_matrix,3c866087b289edc25e9adea730044a15db18cabfd3ae2507fc844d5b4e03657a,"{""distance"":5,""physical_error_rate"":5e-06}","{""detection_events"":3435,""detectors_checked"":186091520}"
    788480,         0,         0,   119.6,decoder_by_matrix,0421d486f8a041838688df650e87c0a19c3450ab7a7cc8b3dc589ebff86d1c74,"{""distance"":5,""physical_error_rate"":0.0001}","{""detection_events"":44405,""detectors_checked"":134041600}"
   1086464,         1,         0,   119.6,decoder_by_matrix,b84cf4b8ca220d31f17e1e2ea9ab927bbc4176b15682c650e7d1dd8f2758172b,"{""distance"":5,""physical_error_rate"":0.0005}","{""detection_events"":308785,""detectors_checked"":184698880,""obs_mistake_mask=__E_"":1}"
   1297408,         0,         0,   119.5,decoder_by_matrix,3c866087b289edc25e9adea730044a15db18cabfd3ae2507fc844d5b4e03657a,"{""distance"":5,""physical_error_rate"":5e-06}","{""detection_events"":3375,""detectors_checked"":220559360}"
   1283072,         0,         0,   119.6,decoder_by_matrix,0421d486f8a041838688df650e87c0a19c3450ab7a7cc8b3dc589ebff86d1c74,"{""distance"":5,""physical_error_rate"":0.0001}","{""detection_events"":72025,""detectors_checked"":218122240}"
   1302528,         0,         0,   119.5,decoder_by_matrix,fa5edda0c1038186c8afbec49b0215a0b852396cdb50783a3f937fdf51d2afac,"{""distance"":5,""physical_error_rate"":1e-05}","{""detection_events"":7025,""detectors_checked"":221429760}"
   1167360,         0,         0,   119.6,decoder_by_matrix,fa5edda0c1038186c8afbec49b0215a0b852396cdb50783a3f937fdf51d2afac,"{""distance"":5,""physical_error_rate"":1e-05}","{""detection_events"":6250,""detectors_checked"":198451200}"
   1219584,         3,         0,   119.5,decoder_by_matrix,066a5d8d46981b593c3dec855f441edbe9e755a8873183448f69d036a2ecc650,"{""distance"":5,""physical_error_rate"":0.001}","{""detection_events"":691415,""detectors_checked"":207329280,""obs_mistake_mask=_E_E"":1,""obs_mistake_mask=__E_"":1,""obs_mistake_mask=___E"":1}"
    862208,         0,         0,   119.6,decoder_by_matrix,fa5edda0c1038186c8afbec49b0215a0b852396cdb50783a3f937fdf51d2afac,"{""distance"":5,""physical_error_rate"":1e-05}","{""detection_events"":4805,""detectors_checked"":146575360}"
    996352,         1,         0,   119.3,decoder_by_matrix,066a5d8d46981b593c3dec855f441edbe9e755a8873183448f69d036a2ecc650,"{""distance"":5,""physical_error_rate"":0.001}","{""detection_events"":566570,""detectors_checked"":169379840,""obs_mistake_mask=_E__"":1}"
   1111040,         0,         0,   119.3,decoder_by_matrix,9c6baee88fc81e7d1aa345fcb3feec7ee81f21c5d49cb6ca037118097d89e180,"{""distance"":5,""physical_error_rate"":5e-05}","{""detection_events"":30840,""detectors_checked"":188876800}"
   1145856,         0,         0,   119.6,decoder_by_matrix,e41ade2e4684e0396b9a3890c882b6453b515d69885aa1d89a26ce21ec554895,"{""distance"":5,""physical_error_rate"":1e-06}","{""detection_events"":735,""detectors_checked"":194795520}"
   1103872,         0,         0,   119.5,decoder_by_matrix,9c6baee88fc81e7d1aa345fcb3feec7ee81f21c5d49cb6ca037118097d89e180,"{""distance"":5,""physical_error_rate"":5e-05}","{""detection_events"":31350,""detectors_checked"":187658240}"
   1255424,         0,         0,   119.4,decoder_by_matrix,9c6baee88fc81e7d1aa345fcb3feec7ee81f21c5d49cb6ca037118097d89e180,"{""distance"":5,""physical_error_rate"":5e-05}","{""detection_events"":35705,""detectors_checked"":213422080}"
   1294336,         0,         0,   119.6,decoder_by_matrix,e41ade2e4684e0396b9a3890c882b6453b515d69885aa1d89a26ce21ec554895,"{""distance"":5,""physical_error_rate"":1e-06}","{""detection_events"":790,""detectors_checked"":220037120}"
   1086464,         0,         0,   119.4,decoder_by_matrix,3c866087b289edc25e9adea730044a15db18cabfd3ae2507fc844d5b4e03657a,"{""distance"":5,""physical_error_rate"":5e-06}","{""detection_events"":3195,""detectors_checked"":184698880}"
    780288,         1,         0,   119.4,decoder_by_matrix,b84cf4b8ca220d31f17e1e2ea9ab927bbc4176b15682c650e7d1dd8f2758172b,"{""distance"":5,""physical_error_rate"":0.0005}","{""detection_events"":224385,""detectors_checked"":132648960,""obs_mistake_mask=E_E_"":1}"
   1227776,         0,         0,   119.5,decoder_by_matrix,0421d486f8a041838688df650e87c0a19c3450ab7a7cc8b3dc589ebff86d1c74,"{""distance"":5,""physical_error_rate"":0.0001}","{""detection_events"":69940,""detectors_checked"":208721920}"
   1260544,         0,         0,   119.5,decoder_by_matrix,3c866087b289edc25e9adea730044a15db18cabfd3ae2507fc844d5b4e03657a,"{""distance"":5,""physical_error_rate"":5e-06}","{""detection_events"":3175,""detectors_checked"":214292480}"
   1022976,         1,         0,   119.2,decoder_by_matrix,b84cf4b8ca220d31f17e1e2ea9ab927bbc4176b15682c650e7d1dd8f2758172b,"{""distance"":5,""physical_error_rate"":0.0005}","{""detection_events"":288925,""detectors_checked"":173905920,""obs_mistake_mask=__E_"":1}"
   1152000,         0,         0,   119.7,decoder_by_matrix,3c866087b289edc25e9adea730044a15db18cabfd3ae2507fc844d5b4e03657a,"{""distance"":5,""physical_error_rate"":5e-06}","{""detection_events"":3220,""detectors_checked"":195840000}"
   1244160,         0,         0,   119.4,decoder_by_matrix,0421d486f8a041838688df650e87c0a19c3450ab7a7cc8b3dc589ebff86d1c74,"{""distance"":5,""physical_error_rate"":0.0001}","{""detection_events"":71515,""detectors_checked"":211507200}"
    821248,         0,         0,   119.8,decoder_by_matrix,fa5edda0c1038186c8afbec49b0215a0b852396cdb50783a3f937fdf51d2afac,"{""distance"":5,""physical_error_rate"":1e-05}","{""detection_events"":5050,""detectors_checked"":139612160}"
   1204224,         2,         0,   119.3,decoder_by_matrix,066a5d8d46981b593c3dec855f441edbe9e755a8873183448f69d036a2ecc650,"{""distance"":5,""physical_error_rate"":0.001}","{""detection_events"":679450,""detectors_checked"":204718080,""obs_mistake_mask=E___"":1,""obs_mistake_mask=_EEE"":1}"
   1228800,         0,         0,   119.4,decoder_by_matrix,b84cf4b8ca220d31f17e1e2ea9ab927bbc4176b15682c650e7d1dd8f2758172b,"{""distance"":5,""physical_error_rate"":0.0005}","{""detection_events"":347520,""detectors_checked"":208896000}"
   1345536,         0,         0,   119.4,decoder_by_matrix,3c866087b289edc25e9adea730044a15db18cabfd3ae2507fc844d5b4e03657a,"{""distance"":5,""physical_error_rate"":5e-06}","{""detection_events"":4000,""detectors_checked"":228741120}"
   1121280,         4,         0,   119.3,decoder_by_matrix,066a5d8d46981b593c3dec855f441edbe9e755a8873183448f69d036a2ecc650,"{""distance"":5,""physical_error_rate"":0.001}","{""detection_events"":635295,""detectors_checked"":190617600,""obs_mistake_mask=EEE_"":1,""obs_mistake_mask=E___"":1,""obs_mistake_mask=_E__"":1,""obs_mistake_mask=___E"":1}"
    862208,         0,         0,   119.6,decoder_by_matrix,e41ade2e4684e0396b9a3890c882b6453b515d69885aa1d89a26ce21ec554895,"{""distance"":5,""physical_error_rate"":1e-06}","{""detection_events"":500,""detectors_checked"":146575360}"
   1165312,         0,         0,   119.4,decoder_by_matrix,e41ade2e4684e0396b9a3890c882b6453b515d69885aa1d89a26ce21ec554895,"{""distance"":5,""physical_error_rate"":1e-06}","{""detection_events"":675,""detectors_checked"":198103040}"
   1133568,         0,         0,   119.6,decoder_by_matrix,fa5edda0c1038186c8afbec49b0215a0b852396cdb50783a3f937fdf51d2afac,"{""distance"":5,""physical_error_rate"":1e-05}","{""detection_events"":6215,""detectors_checked"":192706560}"
   1112064,         3,         0,   119.7,decoder_by_matrix,066a5d8d46981b593c3dec855f441edbe9e755a8873183448f69d036a2ecc650,"{""distance"":5,""physical_error_rate"":0.001}","{""detection_events"":622355,""detectors_checked"":189050880,""obs_mistake_mask=EE__"":1,""obs_mistake_mask=_E__"":1,""obs_mistake_mask=___E"":1}"
   1225728,         0,         0,   119.5,decoder_by_matrix,b84cf4b8ca220d31f17e1e2ea9ab927bbc4176b15682c650e7d1dd8f2758172b,"{""distance"":5,""physical_error_rate"":0.0005}","{""detection_events"":346720,""detectors_checked"":208373760}"
   1012736,         0,         0,   119.7,decoder_by_matrix,b84cf4b8ca220d31f17e1e2ea9ab927bbc4176b15682c650e7d1dd8f2758172b,"{""distance"":5,""physical_error_rate"":0.0005}","{""detection_events"":286430,""detectors_checked"":172165120}"
   1223680,         0,         0,   119.5,decoder_by_matrix,0421d486f8a041838688df650e87c0a19c3450ab7a7cc8b3dc589ebff86d1c74,"{""distance"":5,""physical_error_rate"":0.0001}","{""detection_events"":67795,""detectors_checked"":208025600}"
   1081344,         0,         0,   119.5,decoder_by_matrix,0421d486f8a041838688df650e87c0a19c3450ab7a7cc8b3dc589ebff86d1c74,"{""distance"":5,""physical_error_rate"":0.0001}","{""detection_events"":60435,""detectors_checked"":183828480}"
   1441792,         0,         0,   119.4,decoder_by_matrix,e41ade2e4684e0396b9a3890c882b6453b515d69885aa1d89a26ce21ec554895,"{""distance"":5,""physical_error_rate"":1e-06}","{""detection_events"":905,""detectors_checked"":245104640}"
   1238016,         0,         0,   119.6,decoder_by_matrix,9c6baee88fc81e7d1aa345fcb3feec7ee81f21c5d49cb6ca037118097d89e180,"{""distance"":5,""physical_error_rate"":5e-05}","{""detection_events"":34895,""detectors_checked"":210462720}"
   1017856,         0,         0,   119.5,decoder_by_matrix,9c6baee88fc81e7d1aa345fcb3feec7ee81f21c5d49cb6ca037118097d89e180,"{""distance"":5,""physical_error_rate"":5e-05}","{""detection_events"":28770,""detectors_checked"":173035520}"
   1233920,         0,         0,   119.7,decoder_by_matrix,0421d486f8a041838688df650e87c0a19c3450ab7a7cc8b3dc589ebff86d1c74,"{""distance"":5,""physical_error_rate"":0.0001}","{""detection_events"":71480,""detectors_checked"":209766400}"
   1139712,         0,         0,   119.5,decoder_by_matrix,3c866087b289edc25e9adea730044a15db18cabfd3ae2507fc844d5b4e03657a,"{""distance"":5,""physical_error_rate"":5e-06}","{""detection_events"":3210,""detectors_checked"":193751040}"
    811008,         0,         0,   119.8,decoder_by_matrix,e41ade2e4684e0396b9a3890c882b6453b515d69885aa1d89a26ce21ec554895,"{""distance"":5,""physical_error_rate"":1e-06}","{""detection_events"":280,""detectors_checked"":137871360}"
   1172480,         0,         0,   119.6,decoder_by_matrix,066a5d8d46981b593c3dec855f441edbe9e755a8873183448f69d036a2ecc650,"{""distance"":5,""physical_error_rate"":0.001}","{""detection_events"":662590,""detectors_checked"":199321600}"
   1040384,         0,         0,   119.4,decoder_by_matrix,9c6baee88fc81e7d1aa345fcb3feec7ee81f21c5d49cb6ca037118097d89e180,"{""distance"":5,""physical_error_rate"":5e-05}","{""detection_events"":30700,""detectors_checked"":176865280}"
    791552,         0,         0,   119.6,decoder_by_matrix,fa5edda0c1038186c8afbec49b0215a0b852396cdb50783a3f937fdf51d2afac,"{""distance"":5,""physical_error_rate"":1e-05}","{""detection_events"":4175,""detectors_checked"":134563840}"
   1003520,         0,         0,   119.7,decoder_by_matrix,b84cf4b8ca220d31f17e1e2ea9ab927bbc4176b15682c650e7d1dd8f2758172b,"{""distance"":5,""physical_error_rate"":0.0005}","{""detection_events"":282590,""detectors_checked"":170598400}"
   1385472,         0,         0,   119.5,decoder_by_matrix,fa5edda0c1038186c8afbec49b0215a0b852396cdb50783a3f937fdf51d2afac,"{""distance"":5,""physical_error_rate"":1e-05}","{""detection_events"":8365,""detectors_checked"":235530240}"
   1263616,         0,         0,   119.4,decoder_by_matrix,9c6baee88fc81e7d1aa345fcb3feec7ee81f21c5d49cb6ca037118097d89e180,"{""distance"":5,""physical_error_rate"":5e-05}","{""detection_events"":34740,""detectors_checked"":214814720}"
   1223680,         0,         0,   119.5,decoder_by_matrix,e41ade2e4684e0396b9a3890c882b6453b515d69885aa1d89a26ce21ec554895,"{""distance"":5,""physical_error_rate"":1e-06}","{""detection_events"":890,""detectors_checked"":208025600}"
   1153024,         0,         0,   119.4,decoder_by_matrix,3c866087b289edc25e9adea730044a15db18cabfd3ae2507fc844d5b4e03657a,"{""distance"":5,""physical_error_rate"":5e-06}","{""detection_events"":3220,""detectors_checked"":196014080}"
    739328,         0,         0,   119.6,decoder_by_matrix,0421d486f8a041838688df650e87c0a19c3450ab7a7cc8b3dc589ebff86d1c74,"{""distance"":5,""physical_error_rate"":0.0001}","{""detection_events"":41995,""detectors_checked"":125685760}"
   1215488,         0,         0,   119.6,decoder_by_matrix,b84cf4b8ca220d31f17e1e2ea9ab927bbc4176b15682c650e7d1dd8f2758172b,"{""distance"":5,""physical_error_rate"":0.0005}","{""detection_events"":345665,""detectors_checked"":206632960}"
   1163264,         0,         0,   119.3,decoder_by_matrix,3c866087b289edc25e9adea730044a15db18cabfd3ae2507fc844d5b4e03657a,"{""distance"":5,""physical_error_rate"":5e-06}","{""detection_events"":3210,""detectors_checked"":197754880}"
   1183744,         0,         0,   119.7,decoder_by_matrix,0421d486f8a041838688df650e87c0a19c3450ab7a7cc8b3dc589ebff86d1c74,"{""distance"":5,""physical_error_rate"":0.0001}","{""detection_events"":65370,""detectors_checked"":201236480}"
   1204224,         0,         0,   119.6,decoder_by_matrix,fa5edda0c1038186c8afbec49b0215a0b852396cdb50783a3f937fdf51d2afac,"{""distance"":5,""physical_error_rate"":1e-05}","{""detection_events"":6810,""detectors_checked"":204718080}"
   1314816,         0,         0,   119.6,decoder_by_matrix,fa5edda0c1038186c8afbec49b0215a0b852396cdb50783a3f937fdf51d2afac,"{""distance"":5,""physical_error_rate"":1e-05}","{""detection_events"":7605,""detectors_checked"":223518720}"
   1141760,         2,         0,   119.6,decoder_by_matrix,066a5d8d46981b593c3dec855f441edbe9e755a8873183448f69d036a2ecc650,"{""distance"":5,""physical_error_rate"":0.001}","{""detection_events"":645040,""detectors_checked"":194099200,""obs_mistake_mask=E_E_"":1,""obs_mistake_mask=_E__"":1}"
   1236992,         4,         0,   119.6,decoder_by_matrix,066a5d8d46981b593c3dec855f441edbe9e755a8873183448f69d036a2ecc650,"{""distance"":5,""physical_error_rate"":0.001}","{""detection_events"":703925,""detectors_checked"":210288640,""obs_mistake_mask=E__E"":1,""obs_mistake_mask=E___"":1,""obs_mistake_mask=_EEE"":1,""obs_mistake_mask=__E_"":1}"
    724992,         0,         0,   119.8,decoder_by_matrix,fa5edda0c1038186c8afbec49b0215a0b852396cdb50783a3f937fdf51d2afac,"{""distance"":5,""physical_error_rate"":1e-05}","{""detection_events"":4575,""detectors_checked"":123248640}"
   1107968,         0,         0,   119.5,decoder_by_matrix,9c6baee88fc81e7d1aa345fcb3feec7ee81f21c5d49cb6ca037118097d89e180,"{""distance"":5,""physical_error_rate"":5e-05}","{""detection_events"":31945,""detectors_checked"":188354560}"
    858112,         0,         0,   119.7,decoder_by_matrix,e41ade2e4684e0396b9a3890c882b6453b515d69885aa1d89a26ce21ec554895,"{""distance"":5,""physical_error_rate"":1e-06}","{""detection_events"":555,""detectors_checked"":145879040}"
   1228800,         0,         0,   119.5,decoder_by_matrix,9c6baee88fc81e7d1aa345fcb3feec7ee81f21c5d49cb6ca037118097d89e180,"{""distance"":5,""physical_error_rate"":5e-05}","{""detection_events"":34125,""detectors_checked"":208896000}"
   1186816,         0,         0,   119.4,decoder_by_matrix,9c6baee88fc81e7d1aa345fcb3feec7ee81f21c5d49cb6ca037118097d89e180,"{""distance"":5,""physical_error_rate"":5e-05}","{""detection_events"":34225,""detectors_checked"":201758720}"
   1257472,         0,         0,   119.5,decoder_by_matrix,e41ade2e4684e0396b9a3890c882b6453b515d69885aa1d89a26ce21ec554895,"{""distance"":5,""physical_error_rate"":1e-06}","{""detection_events"":885,""detectors_checked"":213770240}"
   1267712,         0,         0,   119.6,decoder_by_matrix,3c866087b289edc25e9adea730044a15db18cabfd3ae2507fc844d5b4e03657a,"{""distance"":5,""physical_error_rate"":5e-06}","{""detection_events"":3595,""detectors_checked"":215511040}"
    784384,         0,         0,   119.5,decoder_by_matrix,b84cf4b8ca220d31f17e1e2ea9ab927bbc4176b15682c650e7d1dd8f2758172b,"{""distance"":5,""physical_error_rate"":0.0005}","{""detection_events"":223925,""detectors_checked"":133345280}"
   1144832,         0,         0,   119.6,decoder_by_matrix,0421d486f8a041838688df650e87c0a19c3450ab7a7cc8b3dc589ebff86d1c74,"{""distance"":5,""physical_error_rate"":0.0001}","{""detection_events"":64795,""detectors_checked"":194621440}"
   1189888,         0,         0,   119.3,decoder_by_matrix,3c866087b289edc25e9adea730044a15db18cabfd3ae2507fc844d5b4e03657a,"{""distance"":5,""physical_error_rate"":5e-06}","{""detection_events"":3905,""detectors_checked"":202280960}"
   1227776,         0,         0,   119.6,decoder_by_matrix,b84cf4b8ca220d31f17e1e2ea9ab927bbc4176b15682c650e7d1dd8f2758172b,"{""distance"":5,""physical_error_rate"":0.0005}","{""detection_events"":348410,""detectors_checked"":208721920}"
   1305600,         0,         0,   119.4,decoder_by_matrix,3c866087b289edc25e9adea730044a15db18cabfd3ae2507fc844d5b4e03657a,"{""distance"":5,""physical_error_rate"":5e-06}","{""detection_events"":4250,""detectors_checked"":221952000}"
    861184,         0,         0,   119.7,decoder_by_matrix,fa5edda0c1038186c8afbec49b0215a0b852396cdb50783a3f937fdf51d2afac,"{""distance"":5,""physical_error_rate"":1e-05}","{""detection_events"":4880,""detectors_checked"":146401280}"
   1007616,         0,         0,   119.7,decoder_by_matrix,0421d486f8a041838688df650e87c0a19c3450ab7a7cc8b3dc589ebff86d1c74,"{""distance"":5,""physical_error_rate"":0.0001}","{""detection_events"":56005,""detectors_checked"":171294720}"
   1222656,         1,         0,   119.5,decoder_by_matrix,b84cf4b8ca220d31f17e1e2ea9ab927bbc4176b15682c650e7d1dd8f2758172b,"{""distance"":5,""physical_error_rate"":0.0005}","{""detection_events"":349380,""detectors_checked"":207851520,""obs_mistake_mask=E___"":1}"
   1278976,         0,         0,   119.7,decoder_by_matrix,066a5d8d46981b593c3dec855f441edbe9e755a8873183448f69d036a2ecc650,"{""distance"":5,""physical_error_rate"":0.001}","{""detection_events"":720025,""detectors_checked"":217425920}"
   1326080,         0,         0,   119.5,decoder_by_matrix,3c866087b289edc25e9adea730044a15db18cabfd3ae2507fc844d5b4e03657a,"{""distance"":5,""physical_error_rate"":5e-06}","{""detection_events"":3725,""detectors_checked"":225433600}"
   1119232,         2,         0,   119.5,decoder_by_matrix,066a5d8d46981b593c3dec855f441edbe9e755a8873183448f69d036a2ecc650,"{""distance"":5,""physical_error_rate"":0.001}","{""detection_events"":634985,""detectors_checked"":190269440,""obs_mistake_mask=E_E_"":1,""obs_mistake_mask=___E"":1}"
    850944,         0,         0,   119.6,decoder_by_matrix,e41ade2e4684e0396b9a3890c882b6453b515d69885aa1d89a26ce21ec554895,"{""distance"":5,""physical_error_rate"":1e-06}","{""detection_events"":505,""detectors_checked"":144660480}"
   1263616,         0,         0,   119.5,decoder_by_matrix,e41ade2e4684e0396b9a3890c882b6453b515d69885aa1d89a26ce21ec554895,"{""distance"":5,""physical_error_rate"":1e-06}","{""detection_events"":675,""detectors_checked"":214814720}"
   1061888,         0,         0,   119.7,decoder_by_matrix,fa5edda0c1038186c8afbec49b0215a0b852396cdb50783a3f937fdf51d2afac,"{""distance"":5,""physical_error_rate"":1e-05}","{""detection_events"":6620,""detectors_checked"":180520960}"
   1216512,         6,         0,   119.6,decoder_by_matrix,066a5d8d46981b593c3dec855f441edbe9e755a8873183448f69d036a2ecc650,"{""distance"":5,""physical_error_rate"":0.001}","{""detection_events"":701375,""detectors_checked"":206807040,""obs_mistake_mask=E_E_"":1,""obs_mistake_mask=_E__"":1,""obs_mistake_mask=__EE"":1,""obs_mistake_mask=__E_"":2,""obs_mistake_mask=___E"":1}"
   1067008,         0,         0,   119.6,decoder_by_matrix,b84cf4b8ca220d31f17e1e2ea9ab927bbc4176b15682c650e7d1dd8f2758172b,"{""distance"":5,""physical_error_rate"":0.0005}","{""detection_events"":303385,""detectors_checked"":181391360}"
   1031168,         0,         0,   119.4,decoder_by_matrix,0421d486f8a041838688df650e87c0a19c3450ab7a7cc8b3dc589ebff86d1c74,"{""distance"":5,""physical_error_rate"":0.0001}","{""detection_events"":56310,""detectors_checked"":175298560}"
   1112064,         0,         0,   119.6,decoder_by_matrix,b84cf4b8ca220d31f17e1e2ea9ab927bbc4176b15682c650e7d1dd8f2758172b,"{""distance"":5,""physical_error_rate"":0.0005}","{""detection_events"":319315,""detectors_checked"":189050880}"
   1236992,         0,         0,   119.3,decoder_by_matrix,0421d486f8a041838688df650e87c0a19c3450ab7a7cc8b3dc589ebff86d1c74,"{""distance"":5,""physical_error_rate"":0.0001}","{""detection_events"":70405,""detectors_checked"":210288640}"
   1557504,         0,         0,   119.4,decoder_by_matrix,e41ade2e4684e0396b9a3890c882b6453b515d69885aa1d89a26ce21ec554895,"{""distance"":5,""physical_error_rate"":1e-06}","{""detection_events"":1195,""detectors_checked"":264775680}"
   1170432,         0,         0,   119.5,decoder_by_matrix,9c6baee88fc81e7d1aa345fcb3feec7ee81f21c5d49cb6ca037118097d89e180,"{""distance"":5,""physical_error_rate"":5e-05}","{""detection_events"":33755,""detectors_checked"":198973440}"
   1127424,         0,         0,   119.6,decoder_by_matrix,9c6baee88fc81e7d1aa345fcb3feec7ee81f21c5d49cb6ca037118097d89e180,"{""distance"":5,""physical_error_rate"":5e-05}","{""detection_events"":31885,""detectors_checked"":191662080}"
    980992,         0,         0,   119.4,decoder_by_matrix,0421d486f8a041838688df650e87c0a19c3450ab7a7cc8b3dc589ebff86d1c74,"{""distance"":5,""physical_error_rate"":0.0001}","{""detection_events"":54700,""detectors_checked"":166768640}"
   1269760,         0,         0,   119.5,decoder_by_matrix,3c866087b289edc25e9adea730044a15db18cabfd3ae2507fc844d5b4e03657a,"{""distance"":5,""physical_error_rate"":5e-06}","{""detection_events"":3395,""detectors_checked"":215859200}"
    905216,         0,         0,   119.6,decoder_by_matrix,e41ade2e4684e0396b9a3890c882b6453b515d69885aa1d89a26ce21ec554895,"{""distance"":5,""physical_error_rate"":1e-06}","{""detection_events"":515,""detectors_checked"":153886720}"
   1001472,         2,         0,   119.6,decoder_by_matrix,066a5d8d46981b593c3dec855f441edbe9e755a8873183448f69d036a2ecc650,"{""distance"":5,""physical_error_rate"":0.001}","{""detection_events"":565710,""detectors_checked"":170250240,""obs_mistake_mask=E_EE"":1,""obs_mistake_mask=_EE_"":1}"
   1042432,         0,         0,   119.5,decoder_by_matrix,9c6baee88fc81e7d1aa345fcb3feec7ee81f21c5d49cb6ca037118097d89e180,"{""distance"":5,""physical_error_rate"":5e-05}","{""detection_events"":27925,""detectors_checked"":177213440}"
    862208,         0,         0,   119.5,decoder_by_matrix,fa5edda0c1038186c8afbec49b0215a0b852396cdb50783a3f937fdf51d2afac,"{""distance"":5,""physical_error_rate"":1e-05}","{""detection_events"":5280,""detectors_checked"":146575360}"
   1148928,         0,         0,   119.5,decoder_by_matrix,b84cf4b8ca220d31f17e1e2ea9ab927bbc4176b15682c650e7d1dd8f2758172b,"{""distance"":5,""physical_error_rate"":0.0005}","{""detection_events"":330380,""detectors_checked"":195317760}"
   1256448,         0,         0,   119.6,decoder_by_matrix,fa5edda0c1038186c8afbec49b0215a0b852396cdb50783a3f937fdf51d2afac,"{""distance"":5,""physical_error_rate"":1e-05}","{""detection_events"":6620,""detectors_checked"":213596160}"
   1169408,         0,         0,   119.5,decoder_by_matrix,9c6baee88fc81e7d1aa345fcb3feec7ee81f21c5d49cb6ca037118097d89e180,"{""distance"":5,""physical_error_rate"":5e-05}","{""detection_events"":32945,""detectors_checked"":198799360}"
   1202176,         0,         0,   119.4,decoder_by_matrix,e41ade2e4684e0396b9a3890c882b6453b515d69885aa1d89a26ce21ec554895,"{""distance"":5,""physical_error_rate"":1e-06}","{""detection_events"":610,""detectors_checked"":204369920}"
   1108992,         0,         0,   119.7,decoder_by_matrix,3c866087b289edc25e9adea730044a15db18cabfd3ae2507fc844d5b4e03657a,"{""distance"":5,""physical_error_rate"":5e-06}","{""detection_events"":3350,""detectors_checked"":188528640}"
   1035264,         0,         0,   119.5,decoder_by_matrix,0421d486f8a041838688df650e87c0a19c3450ab7a7cc8b3dc589ebff86d1c74,"{""distance"":5,""physical_error_rate"":0.0001}","{""detection_events"":57205,""detectors_checked"":175994880}"
   1115136,         0,         0,   119.6,decoder_by_matrix,b84cf4b8ca220d31f17e1e2ea9ab927bbc4176b15682c650e7d1dd8f2758172b,"{""distance"":5,""physical_error_rate"":0.0005}","{""detection_events"":315610,""detectors_checked"":189573120}"
    788102,         0,         0,    81.4,decoder_by_matrix,e41ade2e4684e0396b9a3890c882b6453b515d69885aa1d89a26ce21ec554895,"{""distance"":5,""physical_error_rate"":1e-06}","{""detection_events"":335,""detectors_checked"":133977340}"
   1231872,         0,         0,   119.3,decoder_by_matrix,3c866087b289edc25e9adea730044a15db18cabfd3ae2507fc844d5b4e03657a,"{""distance"":5,""physical_error_rate"":5e-06}","{""detection_events"":3190,""detectors_checked"":209418240}"
   1166336,         0,         0,   119.5,decoder_by_matrix,fa5edda0c1038186c8afbec49b0215a0b852396cdb50783a3f937fdf51d2afac,"{""distance"":5,""physical_error_rate"":1e-05}","{""detection_events"":6725,""detectors_checked"":198277120}"
   1233920,         0,         0,   119.6,decoder_by_matrix,0421d486f8a041838688df650e87c0a19c3450ab7a7cc8b3dc589ebff86d1c74,"{""distance"":5,""physical_error_rate"":0.0001}","{""detection_events"":69205,""detectors_checked"":209766400}"
   1092608,         0,         0,   119.7,decoder_by_matrix,fa5edda0c1038186c8afbec49b0215a0b852396cdb50783a3f937fdf51d2afac,"{""distance"":5,""physical_error_rate"":1e-05}","{""detection_events"":6500,""detectors_checked"":185743360}"
   1076224,         4,         0,   119.4,decoder_by_matrix,066a5d8d46981b593c3dec855f441edbe9e755a8873183448f69d036a2ecc650,"{""distance"":5,""physical_error_rate"":0.001}","{""detection_events"":613295,""detectors_checked"":182958080,""obs_mistake_mask=_EEE"":1,""obs_mistake_mask=_E_E"":1,""obs_mistake_mask=_E__"":1,""obs_mistake_mask=__E_"":1}"
   1224704,         0,         0,   119.4,decoder_by_matrix,fa5edda0c1038186c8afbec49b0215a0b852396cdb50783a3f937fdf51d2afac,"{""distance"":5,""physical_error_rate"":1e-05}","{""detection_events"":7100,""detectors_checked"":208199680}"
   1058816,         2,         0,   119.5,decoder_by_matrix,066a5d8d46981b593c3dec855f441edbe9e755a8873183448f69d036a2ecc650,"{""distance"":5,""physical_error_rate"":0.001}","{""detection_events"":600155,""detectors_checked"":179998720,""obs_mistake_mask=EEE_"":1,""obs_mistake_mask=E_EE"":1}"
   1052672,         0,         0,   119.4,decoder_by_matrix,e41ade2e4684e0396b9a3890c882b6453b515d69885aa1d89a26ce21ec554895,"{""distance"":5,""physical_error_rate"":1e-06}","{""detection_events"":420,""detectors_checked"":178954240}"
   1225728,         0,         0,   119.6,decoder_by_matrix,9c6baee88fc81e7d1aa345fcb3feec7ee81f21c5d49cb6ca037118097d89e180,"{""distance"":5,""physical_error_rate"":5e-05}","{""detection_events"":35890,""detectors_checked"":208373760}"
   1093632,         0,         0,   119.5,decoder_by_matrix,9c6baee88fc81e7d1aa345fcb3feec7ee81f21c5d49cb6ca037118097d89e180,"{""distance"":5,""physical_error_rate"":5e-05}","{""detection_events"":30645,""detectors_checked"":185917440}"
   1252352,         0,         0,   119.5,decoder_by_matrix,9c6baee88fc81e7d1aa345fcb3feec7ee81f21c5d49cb6ca037118097d89e180,"{""distance"":5,""physical_error_rate"":5e-05}","{""detection_events"":35800,""detectors_checked"":212899840}"
   1128448,         0,         0,   119.7,decoder_by_matrix,3c866087b289edc25e9adea730044a15db18cabfd3ae2507fc844d5b4e03657a,"{""distance"":5,""physical_error_rate"":5e-06}","{""detection_events"":3085,""detectors_checked"":191836160}"
   1206272,         0,         0,   119.6,decoder_by_matrix,b84cf4b8ca220d31f17e1e2ea9ab927bbc4176b15682c650e7d1dd8f2758172b,"{""distance"":5,""physical_error_rate"":0.0005}","{""detection_events"":342565,""detectors_checked"":205066240}"
   1168384,         0,         0,   119.4,decoder_by_matrix,0421d486f8a041838688df650e87c0a19c3450ab7a7cc8b3dc589ebff86d1c74,"{""distance"":5,""physical_error_rate"":0.0001}","{""detection_events"":66455,""detectors_checked"":198625280}"
   1190912,         0,         0,   119.5,decoder_by_matrix,3c866087b289edc25e9adea730044a15db18cabfd3ae2507fc844d5b4e03657a,"{""distance"":5,""physical_error_rate"":5e-06}","{""detection_events"":2760,""detectors_checked"":202455040}"
   1018880,         0,         0,   119.5,decoder_by_matrix,b84cf4b8ca220d31f17e1e2ea9ab927bbc4176b15682c650e7d1dd8f2758172b,"{""distance"":5,""physical_error_rate"":0.0005}","{""detection_events"":287805,""detectors_checked"":173209600}"
   1114112,         0,         0,   119.6,decoder_by_matrix,3c866087b289edc25e9adea730044a15db18cabfd3ae2507fc844d5b4e03657a,"{""distance"":5,""physical_error_rate"":5e-06}","{""detection_events"":3245,""detectors_checked"":189399040}"
   1031168,         0,         0,   119.4,decoder_by_matrix,fa5edda0c1038186c8afbec49b0215a0b852396cdb50783a3f937fdf51d2afac,"{""distance"":5,""physical_error_rate"":1e-05}","{""detection_events"":6120,""detectors_checked"":175298560}"
   1039360,         0,         0,   119.6,decoder_by_matrix,0421d486f8a041838688df650e87c0a19c3450ab7a7cc8b3dc589ebff86d1c74,"{""distance"":5,""physical_error_rate"":0.0001}","{""detection_events"":57845,""detectors_checked"":176691200}"
    960512,         0,         0,   119.5,decoder_by_matrix,b84cf4b8ca220d31f17e1e2ea9ab927bbc4176b15682c650e7d1dd8f2758172b,"{""distance"":5,""physical_error_rate"":0.0005}","{""detection_events"":272875,""detectors_checked"":163287040}"
   1020928,         3,         0,   119.5,decoder_by_matrix,066a5d8d46981b593c3dec855f441edbe9e755a8873183448f69d036a2ecc650,"{""distance"":5,""physical_error_rate"":0.001}","{""detection_events"":575460,""detectors_checked"":173557760,""obs_mistake_mask=E__E"":1,""obs_mistake_mask=E___"":1,""obs_mistake_mask=_EEE"":1}"
   1178624,         0,         0,   119.5,decoder_by_matrix,3c866087b289edc25e9adea730044a15db18cabfd3ae2507fc844d5b4e03657a,"{""distance"":5,""physical_error_rate"":5e-06}","{""detection_events"":3080,""detectors_checked"":200366080}"
   1098752,         2,         0,   119.7,decoder_by_matrix,066a5d8d46981b593c3dec855f441edbe9e755a8873183448f69d036a2ecc650,"{""distance"":5,""physical_error_rate"":0.001}","{""detection_events"":618145,""detectors_checked"":186787840,""obs_mistake_mask=EEE_"":1,""obs_mistake_mask=E_E_"":1}"
   1157120,         0,         0,   119.6,decoder_by_matrix,e41ade2e4684e0396b9a3890c882b6453b515d69885aa1d89a26ce21ec554895,"{""distance"":5,""physical_error_rate"":1e-06}","{""detection_events"":705,""detectors_checked"":196710400}"
   1142784,         0,         0,   119.3,decoder_by_matrix,e41ade2e4684e0396b9a3890c882b6453b515d69885aa1d89a26ce21ec554895,"{""distance"":5,""physical_error_rate"":1e-06}","{""detection_events"":705,""detectors_checked"":194273280}"
   1107968,         0,         0,   119.5,decoder_by_matrix,fa5edda0c1038186c8afbec49b0215a0b852396cdb50783a3f937fdf51d2afac,"{""distance"":5,""physical_error_rate"":1e-05}","{""detection_events"":5650,""detectors_checked"":188354560}"
    932864,         1,         0,   119.8,decoder_by_matrix,066a5d8d46981b593c3dec855f441edbe9e755a8873183448f69d036a2ecc650,"{""distance"":5,""physical_error_rate"":0.001}","{""detection_events"":526540,""detectors_checked"":158586880,""obs_mistake_mask=__EE"":1}"
   1175552,         1,         0,   119.5,decoder_by_matrix,b84cf4b8ca220d31f17e1e2ea9ab927bbc4176b15682c650e7d1dd8f2758172b,"{""distance"":5,""physical_error_rate"":0.0005}","{""detection_events"":332520,""detectors_checked"":199843840,""obs_mistake_mask=E___"":1}"
   1038336,         0,         0,   119.4,decoder_by_matrix,0421d486f8a041838688df650e87c0a19c3450ab7a7cc8b3dc589ebff86d1c74,"{""distance"":5,""physical_error_rate"":0.0001}","{""detection_events"":61030,""detectors_checked"":176517120}"
   1204224,         1,         0,   119.6,decoder_by_matrix,b84cf4b8ca220d31f17e1e2ea9ab927bbc4176b15682c650e7d1dd8f2758172b,"{""distance"":5,""physical_error_rate"":0.0005}","{""detection_events"":342855,""detectors_checked"":204718080,""obs_mistake_mask=_EEE"":1}"
   1075200,         0,         0,   119.4,decoder_by_matrix,0421d486f8a041838688df650e87c0a19c3450ab7a7cc8b3dc589ebff86d1c74,"{""distance"":5,""physical_error_rate"":0.0001}","{""detection_events"":60855,""detectors_checked"":182784000}"
   1406976,         0,         0,   119.4,decoder_by_matrix,e41ade2e4684e0396b9a3890c882b6453b515d69885aa1d89a26ce21ec554895,"{""distance"":5,""physical_error_rate"":1e-06}","{""detection_events"":830,""detectors_checked"":239185920}"
   1220608,         0,         0,   119.5,decoder_by_matrix,9c6baee88fc81e7d1aa345fcb3feec7ee81f21c5d49cb6ca037118097d89e180,"{""distance"":5,""physical_error_rate"":5e-05}","{""detection_events"":32715,""detectors_checked"":207503360}"
   1082368,         0,         0,   119.6,decoder_by_matrix,9c6baee88fc81e7d1aa345fcb3feec7ee81f21c5d49cb6ca037118097d89e180,"{""distance"":5,""physical_error_rate"":5e-05}","{""detection_events"":29305,""detectors_checked"":184002560}"
    956416,         0,         0,   119.5,decoder_by_matrix,0421d486f8a041838688df650e87c0a19c3450ab7a7cc8b3dc589ebff86d1c74,"{""distance"":5,""physical_error_rate"":0.0001}","{""detection_events"":52845,""detectors_checked"":162590720}"
   1183744,         0,         0,   119.4,decoder_by_matrix,3c866087b289edc25e9adea730044a15db18cabfd3ae2507fc844d5b4e03657a,"{""distance"":5,""physical_error_rate"":5e-06}","{""detection_events"":3030,""detectors_checked"":201236480}"
   1335296,         0,         0,   119.7,decoder_by_matrix,e41ade2e4684e0396b9a3890c882b6453b515d69885aa1d89a26ce21ec554895,"{""distance"":5,""physical_error_rate"":1e-06}","{""detection_events"":900,""detectors_checked"":227000320}"
   1171456,         4,         0,   119.5,decoder_by_matrix,066a5d8d46981b593c3dec855f441edbe9e755a8873183448f69d036a2ecc650,"{""distance"":5,""physical_error_rate"":0.001}","{""detection_events"":661465,""detectors_checked"":199147520,""obs_mistake_mask=E__E"":1,""obs_mistake_mask=_E__"":1,""obs_mistake_mask=__EE"":1,""obs_mistake_mask=__E_"":1}"
   1171456,         0,         0,   119.5,decoder_by_matrix,9c6baee88fc81e7d1aa345fcb3feec7ee81f21c5d49cb6ca037118097d89e180,"{""distance"":5,""physical_error_rate"":5e-05}","{""detection_events"":33160,""detectors_checked"":199147520}"
   1175552,         0,         0,   119.6,decoder_by_matrix,fa5edda0c1038186c8afbec49b0215a0b852396cdb50783a3f937fdf51d2afac,"{""distance"":5,""physical_error_rate"":1e-05}","{""detection_events"":6785,""detectors_checked"":199843840}"
   1121280,         1,         0,   119.6,decoder_by_matrix,b84cf4b8ca220d31f17e1e2ea9ab927bbc4176b15682c650e7d1dd8f2758172b,"{""distance"":5,""physical_error_rate"":0.0005}","{""detection_events"":318120,""detectors_checked"":190617600,""obs_mistake_mask=E___"":1}"
   1238016,         0,         0,   119.3,decoder_by_matrix,fa5edda0c1038186c8afbec49b0215a0b852396cdb50783a3f937fdf51d2afac,"{""distance"":5,""physical_error_rate"":1e-05}","{""detection_events"":7230,""detectors_checked"":210462720}"
   1173504,         0,         0,   119.5,decoder_by_matrix,9c6baee88fc81e7d1aa345fcb3feec7ee81f21c5d49cb6ca037118097d89e180,"{""distance"":5,""physical_error_rate"":5e-05}","{""detection_events"":35745,""detectors_checked"":199495680}"
   1222656,         0,         0,   119.5,decoder_by_matrix,e41ade2e4684e0396b9a3890c882b6453b515d69885aa1d89a26ce21ec554895,"{""distance"":5,""physical_error_rate"":1e-06}","{""detection_events"":700,""detectors_checked"":207851520}"
   1239040,         0,         0,   119.6,decoder_by_matrix,3c866087b289edc25e9adea730044a15db18cabfd3ae2507fc844d5b4e03657a,"{""distance"":5,""physical_error_rate"":5e-06}","{""detection_events"":3805,""detectors_checked"":210636800}"
   1095680,         0,         0,   119.6,decoder_by_matrix,0421d486f8a041838688df650e87c0a19c3450ab7a7cc8b3dc589ebff86d1c74,"{""distance"":5,""physical_error_rate"":0.0001}","{""detection_events"":61360,""detectors_checked"":186265600}"
   1146880,         0,         0,   119.7,decoder_by_matrix,b84cf4b8ca220d31f17e1e2ea9ab927bbc4176b15682c650e7d1dd8f2758172b,"{""distance"":5,""physical_error_rate"":0.0005}","{""detection_events"":326245,""detectors_checked"":194969600}"
   1123328,         0,         0,   119.6,decoder_by_matrix,e41ade2e4684e0396b9a3890c882b6453b515d69885aa1d89a26ce21ec554895,"{""distance"":5,""physical_error_rate"":1e-06}","{""detection_events"":715,""detectors_checked"":190965760}"
   1168384,         0,         0,   119.4,decoder_by_matrix,3c866087b289edc25e9adea730044a15db18cabfd3ae2507fc844d5b4e03657a,"{""distance"":5,""physical_error_rate"":5e-06}","{""detection_events"":3330,""detectors_checked"":198625280}"
   1172480,         0,         0,   119.5,decoder_by_matrix,fa5edda0c1038186c8afbec49b0215a0b852396cdb50783a3f937fdf51d2afac,"{""distance"":5,""physical_error_rate"":1e-05}","{""detection_events"":6190,""detectors_checked"":199321600}"
   1240064,         0,         0,   119.4,decoder_by_matrix,0421d486f8a041838688df650e87c0a19c3450ab7a7cc8b3dc589ebff86d1c74,"{""distance"":5,""physical_error_rate"":0.0001}","{""detection_events"":68485,""detectors_checked"":210810880}"
   1257472,         0,         0,   119.4,decoder_by_matrix,fa5edda0c1038186c8afbec49b0215a0b852396cdb50783a3f937fdf51d2afac,"{""distance"":5,""physical_error_rate"":1e-05}","{""detection_events"":7755,""detectors_checked"":213770240}"
   1102848,         3,         0,   119.6,decoder_by_matrix,066a5d8d46981b593c3dec855f441edbe9e755a8873183448f69d036a2ecc650,"{""distance"":5,""physical_error_rate"":0.001}","{""detection_events"":627720,""detectors_checked"":187484160,""obs_mistake_mask=E___"":1,""obs_mistake_mask=__EE"":1,""obs_mistake_mask=__E_"":1}"
   1132544,         0,         0,   119.4,decoder_by_matrix,fa5edda0c1038186c8afbec49b0215a0b852396cdb50783a3f937fdf51d2afac,"{""distance"":5,""physical_error_rate"":1e-05}","{""detection_events"":6445,""detectors_checked"":192532480}"
   1168384,         5,         0,   119.5,decoder_by_matrix,066a5d8d46981b593c3dec855f441edbe9e755a8873183448f69d036a2ecc650,"{""distance"":5,""physical_error_rate"":0.001}","{""detection_events"":661155,""detectors_checked"":198625280,""obs_mistake_mask=E__E"":1,""obs_mistake_mask=E___"":2,""obs_mistake_mask=_E__"":1,""obs_mistake_mask=___E"":1}"
    882688,         0,         0,   119.5,decoder_by_matrix,e41ade2e4684e0396b9a3890c882b6453b515d69885aa1d89a26ce21ec554895,"{""distance"":5,""physical_error_rate"":1e-06}","{""detection_events"":370,""detectors_checked"":150056960}"
    799744,         0,         0,   119.6,decoder_by_matrix,9c6baee88fc81e7d1aa345fcb3feec7ee81f21c5d49cb6ca037118097d89e180,"{""distance"":5,""physical_error_rate"":5e-05}","{""detection_events"":23230,""detectors_checked"":135956480}"
   1283072,         0,         0,   119.6,decoder_by_matrix,9c6baee88fc81e7d1aa345fcb3feec7ee81f21c5d49cb6ca037118097d89e180,"{""distance"":5,""physical_error_rate"":5e-05}","{""detection_events"":36700,""detectors_checked"":218122240}"
   1165312,         0,         0,   119.7,decoder_by_matrix,9c6baee88fc81e7d1aa345fcb3feec7ee81f21c5d49cb6ca037118097d89e180,"{""distance"":5,""physical_error_rate"":5e-05}","{""detection_events"":32665,""detectors_checked"":198103040}"
   1306624,         0,         0,   119.6,decoder_by_matrix,3c866087b289edc25e9adea730044a15db18cabfd3ae2507fc844d5b4e03657a,"{""distance"":5,""physical_error_rate"":5e-06}","{""detection_events"":3630,""detectors_checked"":222126080}"
   1155072,         0,         0,   119.5,decoder_by_matrix,0421d486f8a041838688df650e87c0a19c3450ab7a7cc8b3dc589ebff86d1c74,"{""distance"":5,""physical_error_rate"":0.0001}","{""detection_events"":66175,""detectors_checked"":196362240}"
   1196032,         0,         0,   119.6,decoder_by_matrix,b84cf4b8ca220d31f17e1e2ea9ab927bbc4176b15682c650e7d1dd8f2758172b,"{""distance"":5,""physical_error_rate"":0.0005}","{""detection_events"":342815,""detectors_checked"":203325440}"
   1310720,         0,         0,   119.4,decoder_by_matrix,3c866087b289edc25e9adea730044a15db18cabfd3ae2507fc844d5b4e03657a,"{""distance"":5,""physical_error_rate"":5e-06}","{""detection_events"":3730,""detectors_checked"":222822400}"
   1177600,         0,         0,   119.4,decoder_by_matrix,b84cf4b8ca220d31f17e1e2ea9ab927bbc4176b15682c650e7d1dd8f2758172b,"{""distance"":5,""physical_error_rate"":0.0005}","{""detection_events"":336660,""detectors_checked"":200192000}"
    865280,         0,         0,   119.6,decoder_by_matrix,3c866087b289edc25e9adea730044a15db18cabfd3ae2507fc844d5b4e03657a,"{""distance"":5,""physical_error_rate"":5e-06}","{""detection_events"":2465,""detectors_checked"":147097600}"
   1136640,         0,         0,   119.5,decoder_by_matrix,fa5edda0c1038186c8afbec49b0215a0b852396cdb50783a3f937fdf51d2afac,"{""distance"":5,""physical_error_rate"":1e-05}","{""detection_events"":6455,""detectors_checked"":193228800}"
   1009664,         0,         0,   119.5,decoder_by_matrix,0421d486f8a041838688df650e87c0a19c3450ab7a7cc8b3dc589ebff86d1c74,"{""distance"":5,""physical_error_rate"":0.0001}","{""detection_events"":58360,""detectors_checked"":171642880}"
   1004544,         0,         0,   119.7,decoder_by_matrix,b84cf4b8ca220d31f17e1e2ea9ab927bbc4176b15682c650e7d1dd8f2758172b,"{""distance"":5,""physical_error_rate"":0.0005}","{""detection_events"":282120,""detectors_checked"":170772480}"
   1177600,         5,         0,   119.5,decoder_by_matrix,066a5d8d46981b593c3dec855f441edbe9e755a8873183448f69d036a2ecc650,"{""distance"":5,""physical_error_rate"":0.001}","{""detection_events"":667125,""detectors_checked"":200192000,""obs_mistake_mask=EEE_"":1,""obs_mistake_mask=EE_E"":1,""obs_mistake_mask=E_E_"":1,""obs_mistake_mask=_EE_"":1,""obs_mistake_mask=_E_E"":1}"
    992256,         0,         0,   119.2,decoder_by_matrix,3c866087b289edc25e9adea730044a15db18cabfd3ae2507fc844d5b4e03657a,"{""distance"":5,""physical_error_rate"":5e-06}","{""detection_events"":3175,""detectors_checked"":168683520}"
   1270784,         6,         0,   119.2,decoder_by_matrix,066a5d8d46981b593c3dec855f441edbe9e755a8873183448f69d036a2ecc650,"{""distance"":5,""physical_error_rate"":0.001}","{""detection_events"":723640,""detectors_checked"":216033280,""obs_mistake_mask=E_EE"":1,""obs_mistake_mask=E_E_"":1,""obs_mistake_mask=_EEE"":1,""obs_mistake_mask=_E__"":1,""obs_mistake_mask=__E_"":1,""obs_mistake_mask=___E"":1}"
   1176576,         0,         0,   119.3,decoder_by_matrix,e41ade2e4684e0396b9a3890c882b6453b515d69885aa1d89a26ce21ec554895,"{""distance"":5,""physical_error_rate"":1e-06}","{""detection_events"":625,""detectors_checked"":200017920}"
   1197056,         0,         0,   119.5,decoder_by_matrix,fa5edda0c1038186c8afbec49b0215a0b852396cdb50783a3f937fdf51d2afac,"{""distance"":5,""physical_error_rate"":1e-05}","{""detection_events"":7135,""detectors_checked"":203499520}"
    903168,         0,         0,   119.7,decoder_by_matrix,e41ade2e4684e0396b9a3890c882b6453b515d69885aa1d89a26ce21ec554895,"{""distance"":5,""physical_error_rate"":1e-06}","{""detection_events"":495,""detectors_checked"":153538560}"
    789504,         1,         0,   119.6,decoder_by_matrix,066a5d8d46981b593c3dec855f441edbe9e755a8873183448f69d036a2ecc650,"{""distance"":5,""physical_error_rate"":0.001}","{""detection_events"":446605,""detectors_checked"":134215680,""obs_mistake_mask=E___"":1}"
   1150976,         1,         0,   119.5,decoder_by_matrix,b84cf4b8ca220d31f17e1e2ea9ab927bbc4176b15682c650e7d1dd8f2758172b,"{""distance"":5,""physical_error_rate"":0.0005}","{""detection_events"":325595,""detectors_checked"":195665920,""obs_mistake_mask=__EE"":1}"
   1281024,         0,         0,   119.5,decoder_by_matrix,0421d486f8a041838688df650e87c0a19c3450ab7a7cc8b3dc589ebff86d1c74,"{""distance"":5,""physical_error_rate"":0.0001}","{""detection_events"":71545,""detectors_checked"":217774080}"
   1003520,         0,         0,   119.6,decoder_by_matrix,b84cf4b8ca220d31f17e1e2ea9ab927bbc4176b15682c650e7d1dd8f2758172b,"{""distance"":5,""physical_error_rate"":0.0005}","{""detection_events"":282800,""detectors_checked"":170598400}"
   1215488,         0,         0,   119.4,decoder_by_matrix,0421d486f8a041838688df650e87c0a19c3450ab7a7cc8b3dc589ebff86d1c74,"{""distance"":5,""physical_error_rate"":0.0001}","{""detection_events"":69450,""detectors_checked"":206632960}"
   1141760,         0,         0,   119.6,decoder_by_matrix,e41ade2e4684e0396b9a3890c882b6453b515d69885aa1d89a26ce21ec554895,"{""distance"":5,""physical_error_rate"":1e-06}","{""detection_events"":800,""detectors_checked"":194099200}"
   1138688,         0,         0,   119.5,decoder_by_matrix,9c6baee88fc81e7d1aa345fcb3feec7ee81f21c5d49cb6ca037118097d89e180,"{""distance"":5,""physical_error_rate"":5e-05}","{""detection_events"":32750,""detectors_checked"":193576960}"
   1183744,         0,         0,   119.6,decoder_by_matrix,9c6baee88fc81e7d1aa345fcb3feec7ee81f21c5d49cb6ca037118097d89e180,"{""distance"":5,""physical_error_rate"":5e-05}","{""detection_events"":34235,""detectors_checked"":201236480}"
   1005568,         0,         0,   119.4,decoder_by_matrix,0421d486f8a041838688df650e87c0a19c3450ab7a7cc8b3dc589ebff86d1c74,"{""distance"":5,""physical_error_rate"":0.0001}","{""detection_events"":58290,""detectors_checked"":170946560}"
   1213440,         0,         0,   119.4,decoder_by_matrix,3c866087b289edc25e9adea730044a15db18cabfd3ae2507fc844d5b4e03657a,"{""distance"":5,""physical_error_rate"":5e-06}","{""detection_events"":3715,""detectors_checked"":206284800}"
    825344,         0,         0,   119.4,decoder_by_matrix,e41ade2e4684e0396b9a3890c882b6453b515d69885aa1d89a26ce21ec554895,"{""distance"":5,""physical_error_rate"":1e-06}","{""detection_events"":495,""detectors_checked"":140308480}"
   1059840,         1,         0,   119.7,decoder_by_matrix,066a5d8d46981b593c3dec855f441edbe9e755a8873183448f69d036a2ecc650,"{""distance"":5,""physical_error_rate"":0.001}","{""detection_events"":601255,""detectors_checked"":180172800,""obs_mistake_mask=E___"":1}"
   1105920,         0,         0,   119.7,decoder_by_matrix,9c6baee88fc81e7d1aa345fcb3feec7ee81f21c5d49cb6ca037118097d89e180,"{""distance"":5,""physical_error_rate"":5e-05}","{""detection_events"":32185,""detectors_checked"":188006400}"
   1215488,         0,         0,   119.7,decoder_by_matrix,fa5edda0c1038186c8afbec49b0215a0b852396cdb50783a3f937fdf51d2afac,"{""distance"":5,""physical_error_rate"":1e-05}","{""detection_events"":6440,""detectors_checked"":206632960}"
   1015808,         0,         0,   119.5,decoder_by_matrix,b84cf4b8ca220d31f17e1e2ea9ab927bbc4176b15682c650e7d1dd8f2758172b,"{""distance"":5,""physical_error_rate"":0.0005}","{""detection_events"":290455,""detectors_checked"":172687360}"
   1335296,         0,         0,   119.6,decoder_by_matrix,fa5edda0c1038186c8afbec49b0215a0b852396cdb50783a3f937fdf51d2afac,"{""distance"":5,""physical_error_rate"":1e-05}","{""detection_events"":7750,""detectors_checked"":227000320}"
    732384,         0,         0,    76.6,decoder_by_matrix,0421d486f8a041838688df650e87c0a19c3450ab7a7cc8b3dc589ebff86d1c74,"{""distance"":5,""physical_error_rate"":0.0001}","{""detection_events"":40850,""detectors_checked"":124505280}"
   1198080,         0,         0,   119.5,decoder_by_matrix,9c6baee88fc81e7d1aa345fcb3feec7ee81f21c5d49cb6ca037118097d89e180,"{""distance"":5,""physical_error_rate"":5e-05}","{""detection_events"":34260,""detectors_checked"":203673600}"
   1177600,         0,         0,   119.6,decoder_by_matrix,e41ade2e4684e0396b9a3890c882b6453b515d69885aa1d89a26ce21ec554895,"{""distance"":5,""physical_error_rate"":1e-06}","{""detection_events"":735,""detectors_checked"":200192000}"
   1120256,         0,         0,   119.5,decoder_by_matrix,3c866087b289edc25e9adea730044a15db18cabfd3ae2507fc844d5b4e03657a,"{""distance"":5,""physical_error_rate"":5e-06}","{""detection_events"":3245,""detectors_checked"":190443520}"
   1149952,         0,         0,   119.4,decoder_by_matrix,0421d486f8a041838688df650e87c0a19c3450ab7a7cc8b3dc589ebff86d1c74,"{""distance"":5,""physical_error_rate"":0.0001}","{""detection_events"":65545,""detectors_checked"":195491840}"
   1189888,         0,         0,   119.4,decoder_by_matrix,b84cf4b8ca220d31f17e1e2ea9ab927bbc4176b15682c650e7d1dd8f2758172b,"{""distance"":5,""physical_error_rate"":0.0005}","{""detection_events"":343570,""detectors_checked"":202280960}"
   1171456,         0,         0,   119.6,decoder_by_matrix,e41ade2e4684e0396b9a3890c882b6453b515d69885aa1d89a26ce21ec554895,"{""distance"":5,""physical_error_rate"":1e-06}","{""detection_events"":580,""detectors_checked"":199147520}"
    230969,         0,         0,    24.7,decoder_by_matrix,9c6baee88fc81e7d1aa345fcb3feec7ee81f21c5d49cb6ca037118097d89e180,"{""distance"":5,""physical_error_rate"":5e-05}","{""detection_events"":7270,""detectors_checked"":39264730}"
   1136640,         0,         0,   119.6,decoder_by_matrix,3c866087b289edc25e9adea730044a15db18cabfd3ae2507fc844d5b4e03657a,"{""distance"":5,""physical_error_rate"":5e-06}","{""detection_events"":3155,""detectors_checked"":193228800}"
   1283072,         0,         0,   119.5,decoder_by_matrix,fa5edda0c1038186c8afbec49b0215a0b852396cdb50783a3f937fdf51d2afac,"{""distance"":5,""physical_error_rate"":1e-05}","{""detection_events"":7360,""detectors_checked"":218122240}"
   1132544,         0,         0,   119.7,decoder_by_matrix,fa5edda0c1038186c8afbec49b0215a0b852396cdb50783a3f937fdf51d2afac,"{""distance"":5,""physical_error_rate"":1e-05}","{""detection_events"":6830,""detectors_checked"":192532480}"
   1353728,         3,         0,   119.5,decoder_by_matrix,066a5d8d46981b593c3dec855f441edbe9e755a8873183448f69d036a2ecc650,"{""distance"":5,""physical_error_rate"":0.001}","{""detection_events"":770215,""detectors_checked"":230133760,""obs_mistake_mask=E___"":1,""obs_mistake_mask=_E__"":1,""obs_mistake_mask=__E_"":1}"
   1015808,         0,         0,   119.6,decoder_by_matrix,fa5edda0c1038186c8afbec49b0215a0b852396cdb50783a3f937fdf51d2afac,"{""distance"":5,""physical_error_rate"":1e-05}","{""detection_events"":5620,""detectors_checked"":172687360}"
   1172480,         3,         0,   119.8,decoder_by_matrix,066a5d8d46981b593c3dec855f441edbe9e755a8873183448f69d036a2ecc650,"{""distance"":5,""physical_error_rate"":0.001}","{""detection_events"":664795,""detectors_checked"":199321600,""obs_mistake_mask=E_E_"":1,""obs_mistake_mask=E___"":1,""obs_mistake_mask=_E__"":1}"
   1152000,         0,         0,   119.4,decoder_by_matrix,e41ade2e4684e0396b9a3890c882b6453b515d69885aa1d89a26ce21ec554895,"{""distance"":5,""physical_error_rate"":1e-06}","{""detection_events"":725,""detectors_checked"":195840000}"
    850944,         0,         0,   119.6,decoder_by_matrix,9c6baee88fc81e7d1aa345fcb3feec7ee81f21c5d49cb6ca037118097d89e180,"{""distance"":5,""physical_error_rate"":5e-05}","{""detection_events"":22900,""detectors_checked"":144660480}"
   1269760,         0,         0,   119.5,decoder_by_matrix,9c6baee88fc81e7d1aa345fcb3feec7ee81f21c5d49cb6ca037118097d89e180,"{""distance"":5,""physical_error_rate"":5e-05}","{""detection_events"":38175,""detectors_checked"":215859200}"
   1128448,         0,         0,   119.5,decoder_by_matrix,9c6baee88fc81e7d1aa345fcb3feec7ee81f21c5d49cb6ca037118097d89e180,"{""distance"":5,""physical_error_rate"":5e-05}","{""detection_events"":31165,""detectors_checked"":191836160}"
   1173504,         0,         0,   119.5,decoder_by_matrix,3c866087b289edc25e9adea730044a15db18cabfd3ae2507fc844d5b4e03657a,"{""distance"":5,""physical_error_rate"":5e-06}","{""detection_events"":3220,""detectors_checked"":199495680}"
   1206272,         0,         0,   119.5,decoder_by_matrix,b84cf4b8ca220d31f17e1e2ea9ab927bbc4176b15682c650e7d1dd8f2758172b,"{""distance"":5,""physical_error_rate"":0.0005}","{""detection_events"":346850,""detectors_checked"":205066240}"
   1106944,         0,         0,   119.5,decoder_by_matrix,0421d486f8a041838688df650e87c0a19c3450ab7a7cc8b3dc589ebff86d1c74,"{""distance"":5,""physical_error_rate"":0.0001}","{""detection_events"":63600,""detectors_checked"":188180480}"
   1103872,         0,         0,   119.5,decoder_by_matrix,3c866087b289edc25e9adea730044a15db18cabfd3ae2507fc844d5b4e03657a,"{""distance"":5,""physical_error_rate"":5e-06}","{""detection_events"":3630,""detectors_checked"":187658240}"
   1077248,         0,         0,   119.6,decoder_by_matrix,b84cf4b8ca220d31f17e1e2ea9ab927bbc4176b15682c650e7d1dd8f2758172b,"{""distance"":5,""physical_error_rate"":0.0005}","{""detection_events"":309390,""detectors_checked"":183132160}"
   1016832,         0,         0,   119.5,decoder_by_matrix,3c866087b289edc25e9adea730044a15db18cabfd3ae2507fc844d5b4e03657a,"{""distance"":5,""physical_error_rate"":5e-06}","{""detection_events"":2755,""detectors_checked"":172861440}"
    971776,         0,         0,   119.4,decoder_by_matrix,fa5edda0c1038186c8afbec49b0215a0b852396cdb50783a3f937fdf51d2afac,"{""distance"":5,""physical_error_rate"":1e-05}","{""detection_events"":5855,""detectors_checked"":165201920}"
    970752,         0,         0,   119.5,decoder_by_matrix,0421d486f8a041838688df650e87c0a19c3450ab7a7cc8b3dc589ebff86d1c74,"{""distance"":5,""physical_error_rate"":0.0001}","{""detection_events"":55055,""detectors_checked"":165027840}"
   1045504,         0,         0,   119.5,decoder_by_matrix,b84cf4b8ca220d31f17e1e2ea9ab927bbc4176b15682c650e7d1dd8f2758172b,"{""distance"":5,""physical_error_rate"":0.0005}","{""detection_events"":295755,""detectors_checked"":177735680}"
   1096704,         2,         0,   119.5,decoder_by_matrix,066a5d8d46981b593c3dec855f441edbe9e755a8873183448f69d036a2ecc650,"{""distance"":5,""physical_error_rate"":0.001}","{""detection_events"":623765,""detectors_checked"":186439680,""obs_mistake_mask=__E_"":1,""obs_mistake_mask=___E"":1}"
   1261568,         0,         0,   119.5,decoder_by_matrix,3c866087b289edc25e9adea730044a15db18cabfd3ae2507fc844d5b4e03657a,"{""distance"":5,""physical_error_rate"":5e-06}","{""detection_events"":3770,""detectors_checked"":214466560}"
   1095680,         4,         0,   119.6,decoder_by_matrix,066a5d8d46981b593c3dec855f441edbe9e755a8873183448f69d036a2ecc650,"{""distance"":5,""physical_error_rate"":0.001}","{""detection_events"":624075,""detectors_checked"":186265600,""obs_mistake_mask=E_E_"":1,""obs_mistake_mask=E__E"":1,""obs_mistake_mask=E___"":1,""obs_mistake_mask=___E"":1}"
   1210368,         0,         0,   119.6,decoder_by_matrix,e41ade2e4684e0396b9a3890c882b6453b515d69885aa1d89a26ce21ec554895,"{""distance"":5,""physical_error_rate"":1e-06}","{""detection_events"":445,""detectors_checked"":205762560}"
   1133568,         0,         0,   119.5,decoder_by_matrix,fa5edda0c1038186c8afbec49b0215a0b852396cdb50783a3f937fdf51d2afac,"{""distance"":5,""physical_error_rate"":1e-05}","{""detection_events"":6380,""detectors_checked"":192706560}"
   1135616,         0,         0,   119.5,decoder_by_matrix,e41ade2e4684e0396b9a3890c882b6453b515d69885aa1d89a26ce21ec554895,"{""distance"":5,""physical_error_rate"":1e-06}","{""detection_events"":670,""detectors_checked"":193054720}"
    985088,         5,         0,   119.5,decoder_by_matrix,066a5d8d46981b593c3dec855f441edbe9e755a8873183448f69d036a2ecc650,"{""distance"":5,""physical_error_rate"":0.001}","{""detection_events"":556780,""detectors_checked"":167464960,""obs_mistake_mask=EEE_"":1,""obs_mistake_mask=E___"":1,""obs_mistake_mask=_EEE"":1,""obs_mistake_mask=_E__"":1,""obs_mistake_mask=__E_"":1}"
    975872,         0,         0,   119.6,decoder_by_matrix,b84cf4b8ca220d31f17e1e2ea9ab927bbc4176b15682c650e7d1dd8f2758172b,"{""distance"":5,""physical_error_rate"":0.0005}","{""detection_events"":279000,""detectors_checked"":165898240}"
   1080320,         0,         0,   119.7,decoder_by_matrix,0421d486f8a041838688df650e87c0a19c3450ab7a7cc8b3dc589ebff86d1c74,"{""distance"":5,""physical_error_rate"":0.0001}","{""detection_events"":62900,""detectors_checked"":183654400}"
   1137664,         0,         0,   119.4,decoder_by_matrix,b84cf4b8ca220d31f17e1e2ea9ab927bbc4176b15682c650e7d1dd8f2758172b,"{""distance"":5,""physical_error_rate"":0.0005}","{""detection_events"":316925,""detectors_checked"":193402880}"
   1104896,         0,         0,   119.6,decoder_by_matrix,0421d486f8a041838688df650e87c0a19c3450ab7a7cc8b3dc589ebff86d1c74,"{""distance"":5,""physical_error_rate"":0.0001}","{""detection_events"":62890,""detectors_checked"":187832320}"
   1248256,         0,         0,   119.5,decoder_by_matrix,e41ade2e4684e0396b9a3890c882b6453b515d69885aa1d89a26ce21ec554895,"{""distance"":5,""physical_error_rate"":1e-06}","{""detection_events"":805,""detectors_checked"":212203520}"
   1195008,         0,         0,   119.5,decoder_by_matrix,9c6baee88fc81e7d1aa345fcb3feec7ee81f21c5d49cb6ca037118097d89e180,"{""distance"":5,""physical_error_rate"":5e-05}","{""detection_events"":34040,""detectors_checked"":203151360}"
   1128448,         0,         0,   119.5,decoder_by_matrix,9c6baee88fc81e7d1aa345fcb3feec7ee81f21c5d49cb6ca037118097d89e180,"{""distance"":5,""physical_error_rate"":5e-05}","{""detection_events"":32100,""detectors_checked"":191836160}"
   1186816,         0,         0,   119.4,decoder_by_matrix,0421d486f8a041838688df650e87c0a19c3450ab7a7cc8b3dc589ebff86d1c74,"{""distance"":5,""physical_error_rate"":0.0001}","{""detection_events"":68535,""detectors_checked"":201758720}"
   1149952,         0,         0,   119.6,decoder_by_matrix,3c866087b289edc25e9adea730044a15db18cabfd3ae2507fc844d5b4e03657a,"{""distance"":5,""physical_error_rate"":5e-06}","{""detection_events"":3490,""detectors_checked"":195491840}"
   1202176,         0,         0,   119.6,decoder_by_matrix,e41ade2e4684e0396b9a3890c882b6453b515d69885aa1d89a26ce21ec554895,"{""distance"":5,""physical_error_rate"":1e-06}","{""detection_events"":735,""detectors_checked"":204369920}"
   1146880,         2,         0,   119.6,decoder_by_matrix,066a5d8d46981b593c3dec855f441edbe9e755a8873183448f69d036a2ecc650,"{""distance"":5,""physical_error_rate"":0.001}","{""detection_events"":653645,""detectors_checked"":194969600,""obs_mistake_mask=_E_E"":1,""obs_mistake_mask=_E__"":1}"
   1005568,         0,         0,   119.4,decoder_by_matrix,9c6baee88fc81e7d1aa345fcb3feec7ee81f21c5d49cb6ca037118097d89e180,"{""distance"":5,""physical_error_rate"":5e-05}","{""detection_events"":27890,""detectors_checked"":170946560}"
   1203200,         0,         0,   119.4,decoder_by_matrix,fa5edda0c1038186c8afbec49b0215a0b852396cdb50783a3f937fdf51d2afac,"{""distance"":5,""physical_error_rate"":1e-05}","{""detection_events"":6655,""detectors_checked"":204544000}"
   1199104,         0,         0,   119.7,decoder_by_matrix,b84cf4b8ca220d31f17e1e2ea9ab927bbc4176b15682c650e7d1dd8f2758172b,"{""distance"":5,""physical_error_rate"":0.0005}","{""detection_events"":341220,""detectors_checked"":203847680}"
   1137664,         0,         0,   119.6,decoder_by_matrix,fa5edda0c1038186c8afbec49b0215a0b852396cdb50783a3f937fdf51d2afac,"{""distance"":5,""physical_error_rate"":1e-05}","{""detection_events"":6595,""detectors_checked"":193402880}"
   1242112,         0,         0,   119.5,decoder_by_matrix,0421d486f8a041838688df650e87c0a19c3450ab7a7cc8b3dc589ebff86d1c74,"{""distance"":5,""physical_error_rate"":0.0001}","{""detection_events"":71250,""detectors_checked"":211159040}"
   1018880,         0,         0,   119.7,decoder_by_matrix,e41ade2e4684e0396b9a3890c882b6453b515d69885aa1d89a26ce21ec554895,"{""distance"":5,""physical_error_rate"":1e-06}","{""detection_events"":765,""detectors_checked"":173209600}"
   1104896,         0,         0,   119.4,decoder_by_matrix,3c866087b289edc25e9adea730044a15db18cabfd3ae2507fc844d5b4e03657a,"{""distance"":5,""physical_error_rate"":5e-06}","{""detection_events"":3285,""detectors_checked"":187832320}"
   1017856,         0,         0,   119.7,decoder_by_matrix,0421d486f8a041838688df650e87c0a19c3450ab7a7cc8b3dc589ebff86d1c74,"{""distance"":5,""physical_error_rate"":0.0001}","{""detection_events"":57890,""detectors_checked"":173035520}"
   1070080,         0,         0,   119.4,decoder_by_matrix,b84cf4b8ca220d31f17e1e2ea9ab927bbc4176b15682c650e7d1dd8f2758172b,"{""distance"":5,""physical_error_rate"":0.0005}","{""detection_events"":300140,""detectors_checked"":181913600}"
   1313792,         0,         0,   119.3,decoder_by_matrix,e41ade2e4684e0396b9a3890c882b6453b515d69885aa1d89a26ce21ec554895,"{""distance"":5,""physical_error_rate"":1e-06}","{""detection_events"":700,""detectors_checked"":223344640}"
   1110016,         0,         0,   119.4,decoder_by_matrix,9c6baee88fc81e7d1aa345fcb3feec7ee81f21c5d49cb6ca037118097d89e180,"{""distance"":5,""physical_error_rate"":5e-05}","{""detection_events"":31570,""detectors_checked"":188702720}"
   1171456,         0,         0,   119.5,decoder_by_matrix,3c866087b289edc25e9adea730044a15db18cabfd3ae2507fc844d5b4e03657a,"{""distance"":5,""physical_error_rate"":5e-06}","{""detection_events"":3255,""detectors_checked"":199147520}"
   1308672,         0,         0,   119.5,decoder_by_matrix,fa5edda0c1038186c8afbec49b0215a0b852396cdb50783a3f937fdf51d2afac,"{""distance"":5,""physical_error_rate"":1e-05}","{""detection_events"":7360,""detectors_checked"":222474240}"
   1206272,         0,         0,   119.5,decoder_by_matrix,fa5edda0c1038186c8afbec49b0215a0b852396cdb50783a3f937fdf51d2afac,"{""distance"":5,""physical_error_rate"":1e-05}","{""detection_events"":6490,""detectors_checked"":205066240}"
   1048576,         1,         0,   119.5,decoder_by_matrix,066a5d8d46981b593c3dec855f441edbe9e755a8873183448f69d036a2ecc650,"{""distance"":5,""physical_error_rate"":0.001}","{""detection_events"":589855,""detectors_checked"":178257920,""obs_mistake_mask=E___"":1}"
   1039360,         3,         0,   119.5,decoder_by_matrix,066a5d8d46981b593c3dec855f441edbe9e755a8873183448f69d036a2ecc650,"{""distance"":5,""physical_error_rate"":0.001}","{""detection_events"":591615,""detectors_checked"":176691200,""obs_mistake_mask=E_E_"":2,""obs_mistake_mask=E___"":1}"
    927744,         0,         0,   119.6,decoder_by_matrix,fa5edda0c1038186c8afbec49b0215a0b852396cdb50783a3f937fdf51d2afac,"{""distance"":5,""physical_error_rate"":1e-05}","{""detection_events"":5265,""detectors_checked"":157716480}"
   1301504,         0,         0,   119.6,decoder_by_matrix,e41ade2e4684e0396b9a3890c882b6453b515d69885aa1d89a26ce21ec554895,"{""distance"":5,""physical_error_rate"":1e-06}","{""detection_events"":885,""detectors_checked"":221255680}"
   1067008,         0,         0,   119.5,decoder_by_matrix,9c6baee88fc81e7d1aa345fcb3feec7ee81f21c5d49cb6ca037118097d89e180,"{""distance"":5,""physical_error_rate"":5e-05}","{""detection_events"":28630,""detectors_checked"":181391360}"
   1238016,         0,         0,   119.5,decoder_by_matrix,9c6baee88fc81e7d1aa345fcb3feec7ee81f21c5d49cb6ca037118097d89e180,"{""distance"":5,""physical_error_rate"":5e-05}","{""detection_events"":33945,""detectors_checked"":210462720}"
   1043456,         0,         0,   119.5,decoder_by_matrix,9c6baee88fc81e7d1aa345fcb3feec7ee81f21c5d49cb6ca037118097d89e180,"{""distance"":5,""physical_error_rate"":5e-05}","{""detection_events"":29840,""detectors_checked"":177387520}"
   1084416,         2,         0,   119.5,decoder_by_matrix,b84cf4b8ca220d31f17e1e2ea9ab927bbc4176b15682c650e7d1dd8f2758172b,"{""distance"":5,""physical_error_rate"":0.0005}","{""detection_events"":305145,""detectors_checked"":184350720,""obs_mistake_mask=EE__"":1,""obs_mistake_mask=E___"":1}"
   1236992,         0,         0,   119.5,decoder_by_matrix,3c866087b289edc25e9adea730044a15db18cabfd3ae2507fc844d5b4e03657a,"{""distance"":5,""physical_error_rate"":5e-06}","{""detection_events"":3240,""detectors_checked"":210288640}"
    908288,         0,         0,   119.4,decoder_by_matrix,0421d486f8a041838688df650e87c0a19c3450ab7a7cc8b3dc589ebff86d1c74,"{""distance"":5,""physical_error_rate"":0.0001}","{""detection_events"":52230,""detectors_checked"":154408960}"
   1161216,         0,         0,   119.6,decoder_by_matrix,3c866087b289edc25e9adea730044a15db18cabfd3ae2507fc844d5b4e03657a,"{""distance"":5,""physical_error_rate"":5e-06}","{""detection_events"":2630,""detectors_checked"":197406720}"
   1110016,         0,         0,   119.5,decoder_by_matrix,b84cf4b8ca220d31f17e1e2ea9ab927bbc4176b15682c650e7d1dd8f2758172b,"{""distance"":5,""physical_error_rate"":0.0005}","{""detection_events"":320285,""detectors_checked"":188702720}"
   1217536,         0,         0,   119.5,decoder_by_matrix,3c866087b289edc25e9adea730044a15db18cabfd3ae2507fc844d5b4e03657a,"{""distance"":5,""physical_error_rate"":5e-06}","{""detection_events"":3465,""detectors_checked"":206981120}"
   1080320,         0,         0,   119.4,decoder_by_matrix,fa5edda0c1038186c8afbec49b0215a0b852396cdb50783a3f937fdf51d2afac,"{""distance"":5,""physical_error_rate"":1e-05}","{""detection_events"":6990,""detectors_checked"":183654400}"
    905216,         0,         0,   119.4,decoder_by_matrix,0421d486f8a041838688df650e87c0a19c3450ab7a7cc8b3dc589ebff86d1c74,"{""distance"":5,""physical_error_rate"":0.0001}","{""detection_events"":51900,""detectors_checked"":153886720}"
   1176576,         0,         0,   119.5,decoder_by_matrix,b84cf4b8ca220d31f17e1e2ea9ab927bbc4176b15682c650e7d1dd8f2758172b,"{""distance"":5,""physical_error_rate"":0.0005}","{""detection_events"":332195,""detectors_checked"":200017920}"
   1052672,         1,         0,   119.4,decoder_by_matrix,066a5d8d46981b593c3dec855f441edbe9e755a8873183448f69d036a2ecc650,"{""distance"":5,""physical_error_rate"":0.001}","{""detection_events"":598355,""detectors_checked"":178954240,""obs_mistake_mask=_E__"":1}"
   1404928,         0,         0,   119.3,decoder_by_matrix,3c866087b289edc25e9adea730044a15db18cabfd3ae2507fc844d5b4e03657a,"{""distance"":5,""physical_error_rate"":5e-06}","{""detection_events"":4065,""detectors_checked"":238837760}"
   1122304,         1,         0,   119.6,decoder_by_matrix,066a5d8d46981b593c3dec855f441edbe9e755a8873183448f69d036a2ecc650,"{""distance"":5,""physical_error_rate"":0.001}","{""detection_events"":639655,""detectors_checked"":190791680,""obs_mistake_mask=_EE_"":1}"
   1212416,         0,         0,   119.4,decoder_by_matrix,e41ade2e4684e0396b9a3890c882b6453b515d69885aa1d89a26ce21ec554895,"{""distance"":5,""physical_error_rate"":1e-06}","{""detection_events"":625,""detectors_checked"":206110720}"
    948224,         0,         0,   119.6,decoder_by_matrix,fa5edda0c1038186c8afbec49b0215a0b852396cdb50783a3f937fdf51d2afac,"{""distance"":5,""physical_error_rate"":1e-05}","{""detection_events"":4985,""detectors_checked"":161198080}"
   1152000,         0,         0,   119.6,decoder_by_matrix,e41ade2e4684e0396b9a3890c882b6453b515d69885aa1d89a26ce21ec554895,"{""distance"":5,""physical_error_rate"":1e-06}","{""detection_events"":855,""detectors_checked"":195840000}"
   1049600,         2,         0,   119.4,decoder_by_matrix,066a5d8d46981b593c3dec855f441edbe9e755a8873183448f69d036a2ecc650,"{""distance"":5,""physical_error_rate"":0.001}","{""detection_events"":594995,""detectors_checked"":178432000,""obs_mistake_mask=EE__"":1,""obs_mistake_mask=E_E_"":1}"
    897024,         1,         0,   119.4,decoder_by_matrix,b84cf4b8ca220d31f17e1e2ea9ab927bbc4176b15682c650e7d1dd8f2758172b,"{""distance"":5,""physical_error_rate"":0.0005}","{""detection_events"":257380,""detectors_checked"":152494080,""obs_mistake_mask=___E"":1}"
   1210368,         0,         0,   119.4,decoder_by_matrix,0421d486f8a041838688df650e87c0a19c3450ab7a7cc8b3dc589ebff86d1c74,"{""distance"":5,""physical_error_rate"":0.0001}","{""detection_events"":68100,""detectors_checked"":205762560}"
   1105920,         0,         0,   119.3,decoder_by_matrix,b84cf4b8ca220d31f17e1e2ea9ab927bbc4176b15682c650e7d1dd8f2758172b,"{""distance"":5,""physical_error_rate"":0.0005}","{""detection_events"":316165,""detectors_checked"":188006400}"
   1041408,         0,         0,   119.4,decoder_by_matrix,0421d486f8a041838688df650e87c0a19c3450ab7a7cc8b3dc589ebff86d1c74,"{""distance"":5,""physical_error_rate"":0.0001}","{""detection_events"":57650,""detectors_checked"":177039360}"
   1397760,         0,         0,   119.6,decoder_by_matrix,e41ade2e4684e0396b9a3890c882b6453b515d69885aa1d89a26ce21ec554895,"{""distance"":5,""physical_error_rate"":1e-06}","{""detection_events"":820,""detectors_checked"":237619200}"
   1212416,         0,         0,   119.5,decoder_by_matrix,9c6baee88fc81e7d1aa345fcb3feec7ee81f21c5d49cb6ca037118097d89e180,"{""distance"":5,""physical_error_rate"":5e-05}","{""detection_events"":34770,""detectors_checked"":206110720}"
   1259520,         0,         0,   119.6,decoder_by_matrix,9c6baee88fc81e7d1aa345fcb3feec7ee81f21c5d49cb6ca037118097d89e180,"{""distance"":5,""physical_error_rate"":5e-05}","{""detection_events"":36155,""detectors_checked"":214118400}"
   1026048,         0,         0,   119.5,decoder_by_matrix,0421d486f8a041838688df650e87c0a19c3450ab7a7cc8b3dc589ebff86d1c74,"{""distance"":5,""physical_error_rate"":0.0001}","{""detection_events"":58450,""detectors_checked"":174428160}"
   1186816,         0,         0,   119.6,decoder_by_matrix,3c866087b289edc25e9adea730044a15db18cabfd3ae2507fc844d5b4e03657a,"{""distance"":5,""physical_error_rate"":5e-06}","{""detection_events"":3580,""detectors_checked"":201758720}"
    943104,         0,         0,   119.6,decoder_by_matrix,e41ade2e4684e0396b9a3890c882b6453b515d69885aa1d89a26ce21ec554895,"{""distance"":5,""physical_error_rate"":1e-06}","{""detection_events"":700,""detectors_checked"":160327680}"
   1164288,         4,         0,   119.5,decoder_by_matrix,066a5d8d46981b593c3dec855f441edbe9e755a8873183448f69d036a2ecc650,"{""distance"":5,""physical_error_rate"":0.001}","{""detection_events"":657785,""detectors_checked"":197928960,""obs_mistake_mask=E__E"":2,""obs_mistake_mask=E___"":1,""obs_mistake_mask=_E__"":1}"
   1079296,         0,         0,   119.6,decoder_by_matrix,9c6baee88fc81e7d1aa345fcb3feec7ee81f21c5d49cb6ca037118097d89e180,"{""distance"":5,""physical_error_rate"":5e-05}","{""detection_events"":28640,""detectors_checked"":183480320}"
   1204224,         0,         0,   119.5,decoder_by_matrix,fa5edda0c1038186c8afbec49b0215a0b852396cdb50783a3f937fdf51d2afac,"{""distance"":5,""physical_error_rate"":1e-05}","{""detection_events"":6985,""detectors_checked"":204718080}"
    942080,         0,         0,   119.3,decoder_by_matrix,b84cf4b8ca220d31f17e1e2ea9ab927bbc4176b15682c650e7d1dd8f2758172b,"{""distance"":5,""physical_error_rate"":0.0005}","{""detection_events"":271360,""detectors_checked"":160153600}"
   1255424,         0,         0,   119.5,decoder_by_matrix,fa5edda0c1038186c8afbec49b0215a0b852396cdb50783a3f937fdf51d2afac,"{""distance"":5,""physical_error_rate"":1e-05}","{""detection_events"":7795,""detectors_checked"":213422080}"
   1129472,         0,         0,   119.7,decoder_by_matrix,0421d486f8a041838688df650e87c0a19c3450ab7a7cc8b3dc589ebff86d1c74,"{""distance"":5,""physical_error_rate"":0.0001}","{""detection_events"":65070,""detectors_checked"":192010240}"
   1083392,         0,         0,   119.5,decoder_by_matrix,e41ade2e4684e0396b9a3890c882b6453b515d69885aa1d89a26ce21ec554895,"{""distance"":5,""physical_error_rate"":1e-06}","{""detection_events"":645,""detectors_checked"":184176640}"
   1158144,         0,         0,   119.6,decoder_by_matrix,3c866087b289edc25e9adea730044a15db18cabfd3ae2507fc844d5b4e03657a,"{""distance"":5,""physical_error_rate"":5e-06}","{""detection_events"":3155,""detectors_checked"":196884480}"
   1078272,         0,         0,   119.6,decoder_by_matrix,0421d486f8a041838688df650e87c0a19c3450ab7a7cc8b3dc589ebff86d1c74,"{""distance"":5,""physical_error_rate"":0.0001}","{""detection_events"":62305,""detectors_checked"":183306240}"
   1038336,         0,         0,   119.6,decoder_by_matrix,b84cf4b8ca220d31f17e1e2ea9ab927bbc4176b15682c650e7d1dd8f2758172b,"{""distance"":5,""physical_error_rate"":0.0005}","{""detection_events"":295820,""detectors_checked"":176517120}"
   1238016,         0,         0,   119.5,decoder_by_matrix,e41ade2e4684e0396b9a3890c882b6453b515d69885aa1d89a26ce21ec554895,"{""distance"":5,""physical_error_rate"":1e-06}","{""detection_events"":780,""detectors_checked"":210462720}"
   1100800,         0,         0,   119.6,decoder_by_matrix,9c6baee88fc81e7d1aa345fcb3feec7ee81f21c5d49cb6ca037118097d89e180,"{""distance"":5,""physical_error_rate"":5e-05}","{""detection_events"":30905,""detectors_checked"":187136000}"
   1273856,         0,         0,   119.5,decoder_by_matrix,3c866087b289edc25e9adea730044a15db18cabfd3ae2507fc844d5b4e03657a,"{""distance"":5,""physical_error_rate"":5e-06}","{""detection_events"":3130,""detectors_checked"":216555520}"
   1286144,         0,         0,   119.4,decoder_by_matrix,fa5edda0c1038186c8afbec49b0215a0b852396cdb50783a3f937fdf51d2afac,"{""distance"":5,""physical_error_rate"":1e-05}","{""detection_events"":7275,""detectors_checked"":218644480}"
   1110016,         0,         0,   119.5,decoder_by_matrix,fa5edda0c1038186c8afbec49b0215a0b852396cdb50783a3f937fdf51d2afac,"{""distance"":5,""physical_error_rate"":1e-05}","{""detection_events"":6330,""detectors_checked"":188702720}"
   1051648,         2,         0,   119.5,decoder_by_matrix,066a5d8d46981b593c3dec855f441edbe9e755a8873183448f69d036a2ecc650,"{""distance"":5,""physical_error_rate"":0.001}","{""detection_events"":593945,""detectors_checked"":178780160,""obs_mistake_mask=_E__"":1,""obs_mistake_mask=__EE"":1}"
   1030144,         4,         0,   119.3,decoder_by_matrix,066a5d8d46981b593c3dec855f441edbe9e755a8873183448f69d036a2ecc650,"{""distance"":5,""physical_error_rate"":0.001}","{""detection_events"":587420,""detectors_checked"":175124480,""obs_mistake_mask=EEE_"":1,""obs_mistake_mask=E___"":1,""obs_mistake_mask=_EE_"":1,""obs_mistake_mask=___E"":1}"
   1061888,         0,         0,   119.7,decoder_by_matrix,fa5edda0c1038186c8afbec49b0215a0b852396cdb50783a3f937fdf51d2afac,"{""distance"":5,""physical_error_rate"":1e-05}","{""detection_events"":6545,""detectors_checked"":180520960}"
   1235968,         0,         0,   119.6,decoder_by_matrix,e41ade2e4684e0396b9a3890c882b6453b515d69885aa1d89a26ce21ec554895,"{""distance"":5,""physical_error_rate"":1e-06}","{""detection_events"":630,""detectors_checked"":210114560}"
   1336320,         0,         0,   119.3,decoder_by_matrix,9c6baee88fc81e7d1aa345fcb3feec7ee81f21c5d49cb6ca037118097d89e180,"{""distance"":5,""physical_error_rate"":5e-05}","{""detection_events"":39780,""detectors_checked"":227174400}"
   1095680,         0,         0,   119.5,decoder_by_matrix,9c6baee88fc81e7d1aa345fcb3feec7ee81f21c5d49cb6ca037118097d89e180,"{""distance"":5,""physical_error_rate"":5e-05}","{""detection_events"":30510,""detectors_checked"":186265600}"
   1014784,         0,         0,   119.7,decoder_by_matrix,9c6baee88fc81e7d1aa345fcb3feec7ee81f21c5d49cb6ca037118097d89e180,"{""distance"":5,""physical_error_rate"":5e-05}","{""detection_events"":29030,""detectors_checked"":172513280}"
   1071104,         0,         0,   119.5,decoder_by_matrix,b84cf4b8ca220d31f17e1e2ea9ab927bbc4176b15682c650e7d1dd8f2758172b,"{""distance"":5,""physical_error_rate"":0.0005}","{""detection_events"":301695,""detectors_checked"":182087680}"
   1211392,         0,         0,   119.5,decoder_by_matrix,3c866087b289edc25e9adea730044a15db18cabfd3ae2507fc844d5b4e03657a,"{""distance"":5,""physical_error_rate"":5e-06}","{""detection_events"":3975,""detectors_checked"":205936640}"
    964608,         0,         0,   119.6,decoder_by_matrix,0421d486f8a041838688df650e87c0a19c3450ab7a7cc8b3dc589ebff86d1c74,"{""distance"":5,""physical_error_rate"":0.0001}","{""detection_events"":55450,""detectors_checked"":163983360}"
   1123328,         0,         0,   119.4,decoder_by_matrix,3c866087b289edc25e9adea730044a15db18cabfd3ae2507fc844d5b4e03657a,"{""distance"":5,""physical_error_rate"":5e-06}","{""detection_events"":2985,""detectors_checked"":190965760}"
   1032192,         1,         0,   119.6,decoder_by_matrix,b84cf4b8ca220d31f17e1e2ea9ab927bbc4176b15682c650e7d1dd8f2758172b,"{""distance"":5,""physical_error_rate"":0.0005}","{""detection_events"":289425,""detectors_checked"":175472640,""obs_mistake_mask=EE__"":1}"
   1079296,         0,         0,   119.6,decoder_by_matrix,3c866087b289edc25e9adea730044a15db18cabfd3ae2507fc844d5b4e03657a,"{""distance"":5,""physical_error_rate"":5e-06}","{""detection_events"":3490,""detectors_checked"":183480320}"
   1143808,         0,         0,   119.4,decoder_by_matrix,fa5edda0c1038186c8afbec49b0215a0b852396cdb50783a3f937fdf51d2afac,"{""distance"":5,""physical_error_rate"":1e-05}","{""detection_events"":5145,""detectors_checked"":194447360}"
   1253376,         0,         0,   119.5,decoder_by_matrix,0421d486f8a041838688df650e87c0a19c3450ab7a7cc8b3dc589ebff86d1c74,"{""distance"":5,""physical_error_rate"":0.0001}","{""detection_events"":71270,""detectors_checked"":213073920}"
   1166336,         0,         0,   119.5,decoder_by_matrix,b84cf4b8ca220d31f17e1e2ea9ab927bbc4176b15682c650e7d1dd8f2758172b,"{""distance"":5,""physical_error_rate"":0.0005}","{""detection_events"":336680,""detectors_checked"":198277120}"
   1031168,         0,         0,   119.4,decoder_by_matrix,066a5d8d46981b593c3dec855f441edbe9e755a8873183448f69d036a2ecc650,"{""distance"":5,""physical_error_rate"":0.001}","{""detection_events"":577640,""detectors_checked"":175298560}"
   1297408,         0,         0,   119.5,decoder_by_matrix,3c866087b289edc25e9adea730044a15db18cabfd3ae2507fc844d5b4e03657a,"{""distance"":5,""physical_error_rate"":5e-06}","{""detection_events"":4250,""detectors_checked"":220559360}"
   1044480,         2,         0,   119.5,decoder_by_matrix,066a5d8d46981b593c3dec855f441edbe9e755a8873183448f69d036a2ecc650,"{""distance"":5,""physical_error_rate"":0.001}","{""detection_events"":591120,""detectors_checked"":177561600,""obs_mistake_mask=E___"":2}"
   1070080,         0,         0,   119.5,decoder_by_matrix,e41ade2e4684e0396b9a3890c882b6453b515d69885aa1d89a26ce21ec554895,"{""distance"":5,""physical_error_rate"":1e-06}","{""detection_events"":775,""detectors_checked"":181913600}"
   1160192,         0,         0,   119.5,decoder_by_matrix,e41ade2e4684e0396b9a3890c882b6453b515d69885aa1d89a26ce21ec554895,"{""distance"":5,""physical_error_rate"":1e-06}","{""detection_events"":505,""detectors_checked"":197232640}"
   1015808,         0,         0,   119.7,decoder_by_matrix,fa5edda0c1038186c8afbec49b0215a0b852396cdb50783a3f937fdf51d2afac,"{""distance"":5,""physical_error_rate"":1e-05}","{""detection_events"":5975,""detectors_checked"":172687360}"
   1011712,         3,         0,   119.5,decoder_by_matrix,066a5d8d46981b593c3dec855f441edbe9e755a8873183448f69d036a2ecc650,"{""distance"":5,""physical_error_rate"":0.001}","{""detection_events"":576800,""detectors_checked"":171991040,""obs_mistake_mask=E___"":1,""obs_mistake_mask=_EE_"":1,""obs_mistake_mask=___E"":1}"
   1093632,         0,         0,   119.6,decoder_by_matrix,0421d486f8a041838688df650e87c0a19c3450ab7a7cc8b3dc589ebff86d1c74,"{""distance"":5,""physical_error_rate"":0.0001}","{""detection_events"":62020,""detectors_checked"":185917440}"
   1033216,         1,         0,   119.5,decoder_by_matrix,b84cf4b8ca220d31f17e1e2ea9ab927bbc4176b15682c650e7d1dd8f2758172b,"{""distance"":5,""physical_error_rate"":0.0005}","{""detection_events"":292240,""detectors_checked"":175646720,""obs_mistake_mask=_E__"":1}"
   1229824,         0,         0,   119.4,decoder_by_matrix,b84cf4b8ca220d31f17e1e2ea9ab927bbc4176b15682c650e7d1dd8f2758172b,"{""distance"":5,""physical_error_rate"":0.0005}","{""detection_events"":350225,""detectors_checked"":209070080}"
   1136640,         0,         0,   119.6,decoder_by_matrix,0421d486f8a041838688df650e87c0a19c3450ab7a7cc8b3dc589ebff86d1c74,"{""distance"":5,""physical_error_rate"":0.0001}","{""detection_events"":68815,""detectors_checked"":193228800}"
   1529856,         0,         0,   119.4,decoder_by_matrix,e41ade2e4684e0396b9a3890c882b6453b515d69885aa1d89a26ce21ec554895,"{""distance"":5,""physical_error_rate"":1e-06}","{""detection_events"":655,""detectors_checked"":260075520}"
   1013760,         0,         0,   119.5,decoder_by_matrix,9c6baee88fc81e7d1aa345fcb3feec7ee81f21c5d49cb6ca037118097d89e180,"{""distance"":5,""physical_error_rate"":5e-05}","{""detection_events"":27405,""detectors_checked"":172339200}"
   1031168,         0,         0,   119.5,decoder_by_matrix,9c6baee88fc81e7d1aa345fcb3feec7ee81f21c5d49cb6ca037118097d89e180,"{""distance"":5,""physical_error_rate"":5e-05}","{""detection_events"":28495,""detectors_checked"":175298560}"
   1002496,         0,         0,   119.4,decoder_by_matrix,0421d486f8a041838688df650e87c0a19c3450ab7a7cc8b3dc589ebff86d1c74,"{""distance"":5,""physical_error_rate"":0.0001}","{""detection_events"":57140,""detectors_checked"":170424320}"
   1039360,         0,         0,   119.4,decoder_by_matrix,3c866087b289edc25e9adea730044a15db18cabfd3ae2507fc844d5b4e03657a,"{""distance"":5,""physical_error_rate"":5e-06}","{""detection_events"":3100,""detectors_checked"":176691200}"
   1318912,         0,         0,   119.5,decoder_by_matrix,e41ade2e4684e0396b9a3890c882b6453b515d69885aa1d89a26ce21ec554895,"{""distance"":5,""physical_error_rate"":1e-06}","{""detection_events"":565,""detectors_checked"":224215040}"
   1190912,         2,         0,   119.6,decoder_by_matrix,066a5d8d46981b593c3dec855f441edbe9e755a8873183448f69d036a2ecc650,"{""distance"":5,""physical_error_rate"":0.001}","{""detection_events"":669720,""detectors_checked"":202455040,""obs_mistake_mask=_EEE"":1,""obs_mistake_mask=__EE"":1}"
   1219584,         0,         0,   119.4,decoder_by_matrix,9c6baee88fc81e7d1aa345fcb3feec7ee81f21c5d49cb6ca037118097d89e180,"{""distance"":5,""physical_error_rate"":5e-05}","{""detection_events"":36135,""detectors_checked"":207329280}"
   1177600,         0,         0,   119.6,decoder_by_matrix,fa5edda0c1038186c8afbec49b0215a0b852396cdb50783a3f937fdf51d2afac,"{""distance"":5,""physical_error_rate"":1e-05}","{""detection_events"":6410,""detectors_checked"":200192000}"
    982016,         0,         0,   119.3,decoder_by_matrix,b84cf4b8ca220d31f17e1e2ea9ab927bbc4176b15682c650e7d1dd8f2758172b,"{""distance"":5,""physical_error_rate"":0.0005}","{""detection_events"":275865,""detectors_checked"":166942720}"
    607680,         0,         0,    65.0,decoder_by_matrix,fa5edda0c1038186c8afbec49b0215a0b852396cdb50783a3f937fdf51d2afac,"{""distance"":5,""physical_error_rate"":1e-05}","{""detection_events"":3380,""detectors_checked"":103305600}"
   1187840,         0,         0,   119.4,decoder_by_matrix,fa5edda0c1038186c8afbec49b0215a0b852396cdb50783a3f937fdf51d2afac,"{""distance"":5,""physical_error_rate"":1e-05}","{""detection_events"":6630,""detectors_checked"":201932800}"
   1078272,         0,         0,   119.6,decoder_by_matrix,0421d486f8a041838688df650e87c0a19c3450ab7a7cc8b3dc589ebff86d1c74,"{""distance"":5,""physical_error_rate"":0.0001}","{""detection_events"":59350,""detectors_checked"":183306240}"
   1058816,         0,         0,   119.6,decoder_by_matrix,e41ade2e4684e0396b9a3890c882b6453b515d69885aa1d89a26ce21ec554895,"{""distance"":5,""physical_error_rate"":1e-06}","{""detection_events"":530,""detectors_checked"":179998720}"
   1298432,         0,         0,   119.5,decoder_by_matrix,3c866087b289edc25e9adea730044a15db18cabfd3ae2507fc844d5b4e03657a,"{""distance"":5,""physical_error_rate"":5e-06}","{""detection_events"":3685,""detectors_checked"":220733440}"
    992256,         0,         0,   119.5,decoder_by_matrix,0421d486f8a041838688df650e87c0a19c3450ab7a7cc8b3dc589ebff86d1c74,"{""distance"":5,""physical_error_rate"":0.0001}","{""detection_events"":58970,""detectors_checked"":168683520}"
   1045504,         0,         0,   119.6,decoder_by_matrix,b84cf4b8ca220d31f17e1e2ea9ab927bbc4176b15682c650e7d1dd8f2758172b,"{""distance"":5,""physical_error_rate"":0.0005}","{""detection_events"":294760,""detectors_checked"":177735680}"
   1307648,         0,         0,   119.6,decoder_by_matrix,e41ade2e4684e0396b9a3890c882b6453b515d69885aa1d89a26ce21ec554895,"{""distance"":5,""physical_error_rate"":1e-06}","{""detection_events"":905,""detectors_checked"":222300160}"
   1163264,         0,         0,   119.5,decoder_by_matrix,9c6baee88fc81e7d1aa345fcb3feec7ee81f21c5d49cb6ca037118097d89e180,"{""distance"":5,""physical_error_rate"":5e-05}","{""detection_events"":33445,""detectors_checked"":197754880}"
   1361920,         0,         0,   119.5,decoder_by_matrix,3c866087b289edc25e9adea730044a15db18cabfd3ae2507fc844d5b4e03657a,"{""distance"":5,""physical_error_rate"":5e-06}","{""detection_events"":3550,""detectors_checked"":231526400}"
   1045504,         0,         0,   119.5,decoder_by_matrix,fa5edda0c1038186c8afbec49b0215a0b852396cdb50783a3f937fdf51d2afac,"{""distance"":5,""physical_error_rate"":1e-05}","{""detection_events"":6315,""detectors_checked"":177735680}"
   1026048,         1,         0,   119.4,decoder_by_matrix,066a5d8d46981b593c3dec855f441edbe9e755a8873183448f69d036a2ecc650,"{""distance"":5,""physical_error_rate"":0.001}","{""detection_events"":577795,""detectors_checked"":174428160,""obs_mistake_mask=_EE_"":1}"
   1267712,         0,         0,   119.2,decoder_by_matrix,fa5edda0c1038186c8afbec49b0215a0b852396cdb50783a3f937fdf51d2afac,"{""distance"":5,""physical_error_rate"":1e-05}","{""detection_events"":6910,""detectors_checked"":215511040}"
   1010688,         2,         0,   119.5,decoder_by_matrix,066a5d8d46981b593c3dec855f441edbe9e755a8873183448f69d036a2ecc650,"{""distance"":5,""physical_error_rate"":0.001}","{""detection_events"":571450,""detectors_checked"":171816960,""obs_mistake_mask=EE_E"":1,""obs_mistake_mask=_E__"":1}"
   1051648,         0,         0,   119.5,decoder_by_matrix,9c6baee88fc81e7d1aa345fcb3feec7ee81f21c5d49cb6ca037118097d89e180,"{""distance"":5,""physical_error_rate"":5e-05}","{""detection_events"":30630,""detectors_checked"":178780160}"
   1242112,         0,         0,   119.5,decoder_by_matrix,e41ade2e4684e0396b9a3890c882b6453b515d69885aa1d89a26ce21ec554895,"{""distance"":5,""physical_error_rate"":1e-06}","{""detection_events"":970,""detectors_checked"":211159040}"
   1306624,         0,         0,   119.6,decoder_by_matrix,9c6baee88fc81e7d1aa345fcb3feec7ee81f21c5d49cb6ca037118097d89e180,"{""distance"":5,""physical_error_rate"":5e-05}","{""detection_events"":36925,""detectors_checked"":222126080}"
   1054720,         0,         0,   119.5,decoder_by_matrix,9c6baee88fc81e7d1aa345fcb3feec7ee81f21c5d49cb6ca037118097d89e180,"{""distance"":5,""physical_error_rate"":5e-05}","{""detection_events"":30505,""detectors_checked"":179302400}"
    544859,         0,         0,    57.0,decoder_by_matrix,fa5edda0c1038186c8afbec49b0215a0b852396cdb50783a3f937fdf51d2afac,"{""distance"":5,""physical_error_rate"":1e-05}","{""detection_events"":3325,""detectors_checked"":92626030}"
   1256448,         0,         0,   119.6,decoder_by_matrix,b84cf4b8ca220d31f17e1e2ea9ab927bbc4176b15682c650e7d1dd8f2758172b,"{""distance"":5,""physical_error_rate"":0.0005}","{""detection_events"":355020,""detectors_checked"":213596160}"
   1106944,         0,         0,   119.5,decoder_by_matrix,3c866087b289edc25e9adea730044a15db18cabfd3ae2507fc844d5b4e03657a,"{""distance"":5,""physical_error_rate"":5e-06}","{""detection_events"":3160,""detectors_checked"":188180480}"
   1003520,         0,         0,   119.3,decoder_by_matrix,0421d486f8a041838688df650e87c0a19c3450ab7a7cc8b3dc589ebff86d1c74,"{""distance"":5,""physical_error_rate"":0.0001}","{""detection_events"":55520,""detectors_checked"":170598400}"
   1087488,         0,         0,   119.5,decoder_by_matrix,3c866087b289edc25e9adea730044a15db18cabfd3ae2507fc844d5b4e03657a,"{""distance"":5,""physical_error_rate"":5e-06}","{""detection_events"":2970,""detectors_checked"":184872960}"
   1115136,         0,         0,   119.5,decoder_by_matrix,b84cf4b8ca220d31f17e1e2ea9ab927bbc4176b15682c650e7d1dd8f2758172b,"{""distance"":5,""physical_error_rate"":0.0005}","{""detection_events"":315235,""detectors_checked"":189573120}"
   1126400,         0,         0,   119.7,decoder_by_matrix,3c866087b289edc25e9adea730044a15db18cabfd3ae2507fc844d5b4e03657a,"{""distance"":5,""physical_error_rate"":5e-06}","{""detection_events"":3175,""detectors_checked"":191488000}"
   1042432,         0,         0,   119.5,decoder_by_matrix,fa5edda0c1038186c8afbec49b0215a0b852396cdb50783a3f937fdf51d2afac,"{""distance"":5,""physical_error_rate"":1e-05}","{""detection_events"":5505,""detectors_checked"":177213440}"
   1010688,         0,         0,   119.5,decoder_by_matrix,0421d486f8a041838688df650e87c0a19c3450ab7a7cc8b3dc589ebff86d1c74,"{""distance"":5,""physical_error_rate"":0.0001}","{""detection_events"":58695,""detectors_checked"":171816960}"
   1214464,         0,         0,   119.4,decoder_by_matrix,b84cf4b8ca220d31f17e1e2ea9ab927bbc4176b15682c650e7d1dd8f2758172b,"{""distance"":5,""physical_error_rate"":0.0005}","{""detection_events"":339055,""detectors_checked"":206458880}"
    980992,         4,         0,   119.5,decoder_by_matrix,066a5d8d46981b593c3dec855f441edbe9e755a8873183448f69d036a2ecc650,"{""distance"":5,""physical_error_rate"":0.001}","{""detection_events"":559455,""detectors_checked"":166768640,""obs_mistake_mask=E_E_"":1,""obs_mistake_mask=E___"":1,""obs_mistake_mask=_E__"":1,""obs_mistake_mask=___E"":1}"
   1226752,         0,         0,   119.5,decoder_by_matrix,3c866087b289edc25e9adea730044a15db18cabfd3ae2507fc844d5b4e03657a,"{""distance"":5,""physical_error_rate"":5e-06}","{""detection_events"":3760,""detectors_checked"":208547840}"
   1001472,         2,         0,   119.5,decoder_by_matrix,066a5d8d46981b593c3dec855f441edbe9e755a8873183448f69d036a2ecc650,"{""distance"":5,""physical_error_rate"":0.001}","{""detection_events"":571390,""detectors_checked"":170250240,""obs_mistake_mask=_EE_"":1,""obs_mistake_mask=_E_E"":1}"
   1058816,         0,         0,   119.6,decoder_by_matrix,e41ade2e4684e0396b9a3890c882b6453b515d69885aa1d89a26ce21ec554895,"{""distance"":5,""physical_error_rate"":1e-06}","{""detection_events"":605,""detectors_checked"":179998720}"
   1083392,         0,         0,   119.6,decoder_by_matrix,e41ade2e4684e0396b9a3890c882b6453b515d69885aa1d89a26ce21ec554895,"{""distance"":5,""physical_error_rate"":1e-06}","{""detection_events"":475,""detectors_checked"":184176640}"
   1122304,         0,         0,   119.5,decoder_by_matrix,fa5edda0c1038186c8afbec49b0215a0b852396cdb50783a3f937fdf51d2afac,"{""distance"":5,""physical_error_rate"":1e-05}","{""detection_events"":6165,""detectors_checked"":190791680}"
   1002496,         0,         0,   119.6,decoder_by_matrix,066a5d8d46981b593c3dec855f441edbe9e755a8873183448f69d036a2ecc650,"{""distance"":5,""physical_error_rate"":0.001}","{""detection_events"":570475,""detectors_checked"":170424320}"
   1235968,         1,         0,   119.4,decoder_by_matrix,b84cf4b8ca220d31f17e1e2ea9ab927bbc4176b15682c650e7d1dd8f2758172b,"{""distance"":5,""physical_error_rate"":0.0005}","{""detection_events"":350945,""detectors_checked"":210114560,""obs_mistake_mask=E_EE"":1}"
   1057792,         0,         0,   119.5,decoder_by_matrix,0421d486f8a041838688df650e87c0a19c3450ab7a7cc8b3dc589ebff86d1c74,"{""distance"":5,""physical_error_rate"":0.0001}","{""detection_events"":62065,""detectors_checked"":179824640}"
   1256448,         0,         0,   119.4,decoder_by_matrix,b84cf4b8ca220d31f17e1e2ea9ab927bbc4176b15682c650e7d1dd8f2758172b,"{""distance"":5,""physical_error_rate"":0.0005}","{""detection_events"":358415,""detectors_checked"":213596160}"
   1004544,         0,         0,   119.7,decoder_by_matrix,0421d486f8a041838688df650e87c0a19c3450ab7a7cc8b3dc589ebff86d1c74,"{""distance"":5,""physical_error_rate"":0.0001}","{""detection_events"":55525,""detectors_checked"":170772480}"
   1231872,         0,         0,   119.5,decoder_by_matrix,e41ade2e4684e0396b9a3890c882b6453b515d69885aa1d89a26ce21ec554895,"{""distance"":5,""physical_error_rate"":1e-06}","{""detection_events"":405,""detectors_checked"":209418240}"
   1051648,         0,         0,   119.6,decoder_by_matrix,9c6baee88fc81e7d1aa345fcb3feec7ee81f21c5d49cb6ca037118097d89e180,"{""distance"":5,""physical_error_rate"":5e-05}","{""detection_events"":30015,""detectors_checked"":178780160}"
   1157120,         0,         0,   119.6,decoder_by_matrix,9c6baee88fc81e7d1aa345fcb3feec7ee81f21c5d49cb6ca037118097d89e180,"{""distance"":5,""physical_error_rate"":5e-05}","{""detection_events"":32375,""detectors_checked"":196710400}"
   1021952,         0,         0,   119.5,decoder_by_matrix,0421d486f8a041838688df650e87c0a19c3450ab7a7cc8b3dc589ebff86d1c74,"{""distance"":5,""physical_error_rate"":0.0001}","{""detection_events"":58685,""detectors_checked"":173731840}"
     32407,         0,         0,    3.69,decoder_by_matrix,fa5edda0c1038186c8afbec49b0215a0b852396cdb50783a3f937fdf51d2afac,"{""distance"":5,""physical_error_rate"":1e-05}","{""detection_events"":210,""detectors_checked"":5509190}"
   1102848,         0,         0,   108.0,decoder_by_matrix,fa5edda0c1038186c8afbec49b0215a0b852396cdb50783a3f937fdf51d2afac,"{""distance"":5,""physical_error_rate"":1e-05}","{""detection_events"":6480,""detectors_checked"":187484160}"
   1243136,         0,         0,   119.4,decoder_by_matrix,3c866087b289edc25e9adea730044a15db18cabfd3ae2507fc844d5b4e03657a,"{""distance"":5,""physical_error_rate"":5e-06}","{""detection_events"":3245,""detectors_checked"":211333120}"
   1197056,         0,         0,   119.7,decoder_by_matrix,e41ade2e4684e0396b9a3890c882b6453b515d69885aa1d89a26ce21ec554895,"{""distance"":5,""physical_error_rate"":1e-06}","{""detection_events"":645,""detectors_checked"":203499520}"
   1219584,         1,         0,   119.7,decoder_by_matrix,066a5d8d46981b593c3dec855f441edbe9e755a8873183448f69d036a2ecc650,"{""distance"":5,""physical_error_rate"":0.001}","{""detection_events"":686695,""detectors_checked"":207329280,""obs_mistake_mask=EE__"":1}"
    840834,         0,         0,    74.5,decoder_by_matrix,fa5edda0c1038186c8afbec49b0215a0b852396cdb50783a3f937fdf51d2afac,"{""distance"":5,""physical_error_rate"":1e-05}","{""detection_events"":4675,""detectors_checked"":142941780}"
   1205248,         0,         0,   119.5,decoder_by_matrix,9c6baee88fc81e7d1aa345fcb3feec7ee81f21c5d49cb6ca037118097d89e180,"{""distance"":5,""physical_error_rate"":5e-05}","{""detection_events"":34075,""detectors_checked"":204892160}"
   1083392,         0,         0,   119.5,decoder_by_matrix,b84cf4b8ca220d31f17e1e2ea9ab927bbc4176b15682c650e7d1dd8f2758172b,"{""distance"":5,""physical_error_rate"":0.0005}","{""detection_events"":305575,""detectors_checked"":184176640}"
    427165,         0,         0,    41.4,decoder_by_matrix,3c866087b289edc25e9adea730044a15db18cabfd3ae2507fc844d5b4e03657a,"{""distance"":5,""physical_error_rate"":5e-06}","{""detection_events"":1215,""detectors_checked"":72618050}"
    563165,         0,         0,    54.1,decoder_by_matrix,fa5edda0c1038186c8afbec49b0215a0b852396cdb50783a3f937fdf51d2afac,"{""distance"":5,""physical_error_rate"":1e-05}","{""detection_events"":3005,""detectors_checked"":95738050}"
    484352,         0,         0,    54.3,decoder_by_matrix,fa5edda0c1038186c8afbec49b0215a0b852396cdb50783a3f937fdf51d2afac,"{""distance"":5,""physical_error_rate"":1e-05}","{""detection_events"":3010,""detectors_checked"":82339840}"
    538624,         0,         0,    46.6,decoder_by_matrix,fa5edda0c1038186c8afbec49b0215a0b852396cdb50783a3f937fdf51d2afac,"{""distance"":5,""physical_error_rate"":1e-05}","{""detection_events"":3150,""detectors_checked"":91566080}"
    536576,         0,         0,    53.6,decoder_by_matrix,fa5edda0c1038186c8afbec49b0215a0b852396cdb50783a3f937fdf51d2afac,"{""distance"":5,""physical_error_rate"":1e-05}","{""detection_events"":3490,""detectors_checked"":91217920}"
     24541,         0,         0,    2.00,decoder_by_matrix,fa5edda0c1038186c8afbec49b0215a0b852396cdb50783a3f937fdf51d2afac,"{""distance"":5,""physical_error_rate"":1e-05}","{""detection_events"":155,""detectors_checked"":4171970}"
    473088,         0,         0,    53.7,decoder_by_matrix,fa5edda0c1038186c8afbec49b0215a0b852396cdb50783a3f937fdf51d2afac,"{""distance"":5,""physical_error_rate"":1e-05}","{""detection_events"":3220,""detectors_checked"":80424960}"
    360448,         0,         0,    39.3,decoder_by_matrix,fa5edda0c1038186c8afbec49b0215a0b852396cdb50783a3f937fdf51d2afac,"{""distance"":5,""physical_error_rate"":1e-05}","{""detection_events"":1680,""detectors_checked"":61276160}"
    444416,         0,         0,    48.6,decoder_by_matrix,fa5edda0c1038186c8afbec49b0215a0b852396cdb50783a3f937fdf51d2afac,"{""distance"":5,""physical_error_rate"":1e-05}","{""detection_events"":2460,""detectors_checked"":75550720}"
     48517,         0,         0,    4.57,decoder_by_matrix,fa5edda0c1038186c8afbec49b0215a0b852396cdb50783a3f937fdf51d2afac,"{""distance"":5,""physical_error_rate"":1e-05}","{""detection_events"":205,""detectors_checked"":8247890}"
     66918,         0,         0,    6.40,decoder_by_matrix,fa5edda0c1038186c8afbec49b0215a0b852396cdb50783a3f937fdf51d2afac,"{""distance"":5,""physical_error_rate"":1e-05}","{""detection_events"":345,""detectors_checked"":11376060}"
     58368,         0,         0,    6.45,decoder_by_matrix,fa5edda0c1038186c8afbec49b0215a0b852396cdb50783a3f937fdf51d2afac,"{""distance"":5,""physical_error_rate"":1e-05}","{""detection_events"":405,""detectors_checked"":9922560}"
      8550,         0,         0,    1.12,decoder_by_matrix,fa5edda0c1038186c8afbec49b0215a0b852396cdb50783a3f937fdf51d2afac,"{""distance"":5,""physical_error_rate"":1e-05}","{""detectors_checked"":1453500}"
     51200,         0,         0,    5.57,decoder_by_matrix,fa5edda0c1038186c8afbec49b0215a0b852396cdb50783a3f937fdf51d2afac,"{""distance"":5,""physical_error_rate"":1e-05}","{""detection_events"":260,""detectors_checked"":8704000}"
     52224,         0,         0,    5.52,decoder_by_matrix,fa5edda0c1038186c8afbec49b0215a0b852396cdb50783a3f937fdf51d2afac,"{""distance"":5,""physical_error_rate"":1e-05}","{""detection_events"":270,""detectors_checked"":8878080}"
     57344,         0,         0,    5.58,decoder_by_matrix,fa5edda0c1038186c8afbec49b0215a0b852396cdb50783a3f937fdf51d2afac,"{""distance"":5,""physical_error_rate"":1e-05}","{""detection_events"":225,""detectors_checked"":9748480}"
     48128,         0,         0,    5.61,decoder_by_matrix,fa5edda0c1038186c8afbec49b0215a0b852396cdb50783a3f937fdf51d2afac,"{""distance"":5,""physical_error_rate"":1e-05}","{""detection_events"":275,""detectors_checked"":8181760}"
        15,         0,         0,   0.090,decoder_by_matrix,fa5edda0c1038186c8afbec49b0215a0b852396cdb50783a3f937fdf51d2afac,"{""distance"":5,""physical_error_rate"":1e-05}","{""detectors_checked"":2550}"
      5135,         0,         0,   0.609,decoder_by_matrix,fa5edda0c1038186c8afbec49b0215a0b852396cdb50783a3f937fdf51d2afac,"{""distance"":5,""physical_error_rate"":1e-05}","{""detection_events"":120,""detectors_checked"":872950}"
     17408,         0,         0,    1.91,decoder_by_matrix,fa5edda0c1038186c8afbec49b0215a0b852396cdb50783a3f937fdf51d2afac,"{""distance"":5,""physical_error_rate"":1e-05}","{""detectors_checked"":2959360}"
     39936,         0,         0,    3.64,decoder_by_matrix,fa5edda0c1038186c8afbec49b0215a0b852396cdb50783a3f937fdf51d2afac,"{""distance"":5,""physical_error_rate"":1e-05}","{""detection_events"":140,""detectors_checked"":6789120}"
      7309,         0,         0,   0.714,decoder_by_matrix,fa5edda0c1038186c8afbec49b0215a0b852396cdb50783a3f937fdf51d2afac,"{""distance"":5,""physical_error_rate"":1e-05}","{""detection_events"":65,""detectors_checked"":1242530}"
      6159,         0,         0,   0.880,decoder_by_matrix,fa5edda0c1038186c8afbec49b0215a0b852396cdb50783a3f937fdf51d2afac,"{""distance"":5,""physical_error_rate"":1e-05}","{""detection_events"":5,""detectors_checked"":1047030}"
      8192,         0,         0,   0.909,decoder_by_matrix,fa5edda0c1038186c8afbec49b0215a0b852396cdb50783a3f937fdf51d2afac,"{""distance"":5,""physical_error_rate"":1e-05}","{""detection_events"":10,""detectors_checked"":1392640}"
       358,         0,         0,   0.068,decoder_by_matrix,fa5edda0c1038186c8afbec49b0215a0b852396cdb50783a3f937fdf51d2afac,"{""distance"":5,""physical_error_rate"":1e-05}","{""detectors_checked"":60860}"
      7985,         0,         0,   0.986,decoder_by_matrix,fa5edda0c1038186c8afbec49b0215a0b852396cdb50783a3f937fdf51d2afac,"{""distance"":5,""physical_error_rate"":1e-05}","{""detection_events"":50,""detectors_checked"":1357450}"
      5120,         0,         0,   0.457,decoder_by_matrix,fa5edda0c1038186c8afbec49b0215a0b852396cdb50783a3f937fdf51d2afac,"{""distance"":5,""physical_error_rate"":1e-05}","{""detection_events"":20,""detectors_checked"":870400}"
      5120,         0,         0,   0.475,decoder_by_matrix,fa5edda0c1038186c8afbec49b0215a0b852396cdb50783a3f937fdf51d2afac,"{""distance"":5,""physical_error_rate"":1e-05}","{""detection_events"":10,""detectors_checked"":870400}"
      4743,         0,         0,   0.566,decoder_by_matrix,fa5edda0c1038186c8afbec49b0215a0b852396cdb50783a3f937fdf51d2afac,"{""distance"":5,""physical_error_rate"":1e-05}","{""detection_events"":40,""detectors_checked"":806310}"
      3072,         0,         0,   0.342,decoder_by_matrix,fa5edda0c1038186c8afbec49b0215a0b852396cdb50783a3f937fdf51d2afac,"{""distance"":5,""physical_error_rate"":1e-05}","{""detection_events"":5,""detectors_checked"":522240}"
      3072,         0,         0,   0.307,decoder_by_matrix,fa5edda0c1038186c8afbec49b0215a0b852396cdb50783a3f937fdf51d2afac,"{""distance"":5,""physical_error_rate"":1e-05}","{""detectors_checked"":522240}"
      1985,         0,         0,   0.163,decoder_by_matrix,fa5edda0c1038186c8afbec49b0215a0b852396cdb50783a3f937fdf51d2afac,"{""distance"":5,""physical_error_rate"":1e-05}","{""detectors_checked"":337450}"
      2940,         0,         0,   0.381,decoder_by_matrix,fa5edda0c1038186c8afbec49b0215a0b852396cdb50783a3f937fdf51d2afac,"{""distance"":5,""physical_error_rate"":1e-05}","{""detection_events"":10,""detectors_checked"":499800}"
      2048,         0,         0,   0.217,decoder_by_matrix,fa5edda0c1038186c8afbec49b0215a0b852396cdb50783a3f937fdf51d2afac,"{""distance"":5,""physical_error_rate"":1e-05}","{""detection_events"":40,""detectors_checked"":348160}"
       246,         0,         0,   0.099,decoder_by_matrix,fa5edda0c1038186c8afbec49b0215a0b852396cdb50783a3f937fdf51d2afac,"{""distance"":5,""physical_error_rate"":1e-05}","{""detectors_checked"":41820}"
       263,         0,         0,   0.051,decoder_by_matrix,fa5edda0c1038186c8afbec49b0215a0b852396cdb50783a3f937fdf51d2afac,"{""distance"":5,""physical_error_rate"":1e-05}","{""detectors_checked"":44710}"
      2602,         0,         0,   0.325,decoder_by_matrix,fa5edda0c1038186c8afbec49b0215a0b852396cdb50783a3f937fdf51d2afac,"{""distance"":5,""physical_error_rate"":1e-05}","{""detectors_checked"":442340}"
       230,         0,         0,   0.058,decoder_by_matrix,fa5edda0c1038186c8afbec49b0215a0b852396cdb50783a3f937fdf51d2afac,"{""distance"":5,""physical_error_rate"":1e-05}","{""detectors_checked"":39100}"
       115,         0,         0,   0.106,decoder_by_matrix,fa5edda0c1038186c8afbec49b0215a0b852396cdb50783a3f937fdf51d2afac,"{""distance"":5,""physical_error_rate"":1e-05}","{""detectors_checked"":19550}"
       199,         0,         0,   0.103,decoder_by_matrix,fa5edda0c1038186c8afbec49b0215a0b852396cdb50783a3f937fdf51d2afac,"{""distance"":5,""physical_error_rate"":1e-05}","{""detectors_checked"":33830}"
      1441,         0,         0,   0.187,decoder_by_matrix,fa5edda0c1038186c8afbec49b0215a0b852396cdb50783a3f937fdf51d2afac,"{""distance"":5,""physical_error_rate"":1e-05}","{""detectors_checked"":244970}"
         1,         0,         0,   0.040,decoder_by_matrix,0421d486f8a041838688df650e87c0a19c3450ab7a7cc8b3dc589ebff86d1c74,"{""distance"":5,""physical_error_rate"":0.0001}","{""detectors_checked"":170}"
         1,         0,         0,   0.048,decoder_by_matrix,b84cf4b8ca220d31f17e1e2ea9ab927bbc4176b15682c650e7d1dd8f2758172b,"{""distance"":5,""physical_error_rate"":0.0005}","{""detectors_checked"":170}"
         1,         0,         0,   0.068,decoder_by_matrix,066a5d8d46981b593c3dec855f441edbe9e755a8873183448f69d036a2ecc650,"{""distance"":5,""physical_error_rate"":0.001}","{""detectors_checked"":170}"
         1,         0,         0,   0.060,decoder_by_matrix,9c6baee88fc81e7d1aa345fcb3feec7ee81f21c5d49cb6ca037118097d89e180,"{""distance"":5,""physical_error_rate"":5e-05}","{""detectors_checked"":170}"
         1,         0,         0,   0.082,decoder_by_matrix,3c866087b289edc25e9adea730044a15db18cabfd3ae2507fc844d5b4e03657a,"{""distance"":5,""physical_error_rate"":5e-06}","{""detectors_checked"":170}"
         1,         0,         0,   0.078,decoder_by_matrix,066a5d8d46981b593c3dec855f441edbe9e755a8873183448f69d036a2ecc650,"{""distance"":5,""physical_error_rate"":0.001}","{""detectors_checked"":170}"
         1,         0,         0,   0.076,decoder_by_matrix,e41ade2e4684e0396b9a3890c882b6453b515d69885aa1d89a26ce21ec554895,"{""distance"":5,""physical_error_rate"":1e-06}","{""detectors_checked"":170}"
         8,         0,         0,   0.081,decoder_by_matrix,9c6baee88fc81e7d1aa345fcb3feec7ee81f21c5d49cb6ca037118097d89e180,"{""distance"":5,""physical_error_rate"":5e-05}","{""detectors_checked"":1360}"
         8,         0,         0,   0.082,decoder_by_matrix,066a5d8d46981b593c3dec855f441edbe9e755a8873183448f69d036a2ecc650,"{""distance"":5,""physical_error_rate"":0.001}","{""detectors_checked"":1360}"
         8,         0,         0,   0.083,decoder_by_matrix,0421d486f8a041838688df650e87c0a19c3450ab7a7cc8b3dc589ebff86d1c74,"{""distance"":5,""physical_error_rate"":0.0001}","{""detectors_checked"":1360}"
         8,         0,         0,   0.110,decoder_by_matrix,b84cf4b8ca220d31f17e1e2ea9ab927bbc4176b15682c650e7d1dd8f2758172b,"{""distance"":5,""physical_error_rate"":0.0005}","{""detection_events"":5,""detectors_checked"":1360}"
         4,         0,         0,   0.107,decoder_by_matrix,066a5d8d46981b593c3dec855f441edbe9e755a8873183448f69d036a2ecc650,"{""distance"":5,""physical_error_rate"":0.001}","{""detectors_checked"":680}"
         4,         0,         0,   0.112,decoder_by_matrix,3c866087b289edc25e9adea730044a15db18cabfd3ae2507fc844d5b4e03657a,"{""distance"":5,""physical_error_rate"":5e-06}","{""detectors_checked"":680}"
        32,         0,         0,   0.080,decoder_by_matrix,0421d486f8a041838688df650e87c0a19c3450ab7a7cc8b3dc589ebff86d1c74,"{""distance"":5,""physical_error_rate"":0.0001}","{""detection_events"":30,""detectors_checked"":5440}"
        32,         0,         0,   0.101,decoder_by_matrix,066a5d8d46981b593c3dec855f441edbe9e755a8873183448f69d036a2ecc650,"{""distance"":5,""physical_error_rate"":0.001}","{""detection_events"":5,""detectors_checked"":5440}"
        32,         0,         0,   0.111,decoder_by_matrix,9c6baee88fc81e7d1aa345fcb3feec7ee81f21c5d49cb6ca037118097d89e180,"{""distance"":5,""physical_error_rate"":5e-05}","{""detectors_checked"":5440}"
         4,         0,         0,   0.116,decoder_by_matrix,e41ade2e4684e0396b9a3890c882b6453b515d69885aa1d89a26ce21ec554895,"{""distance"":5,""physical_error_rate"":1e-06}","{""detectors_checked"":680}"
        32,         0,         0,   0.112,decoder_by_matrix,b84cf4b8ca220d31f17e1e2ea9ab927bbc4176b15682c650e7d1dd8f2758172b,"{""distance"":5,""physical_error_rate"":0.0005}","{""detection_events"":5,""detectors_checked"":5440}"
        16,         0,         0,   0.114,decoder_by_matrix,066a5d8d46981b593c3dec855f441edbe9e755a8873183448f69d036a2ecc650,"{""distance"":5,""physical_error_rate"":0.001}","{""detectors_checked"":2720}"
        16,         0,         0,   0.119,decoder_by_matrix,3c866087b289edc25e9adea730044a15db18cabfd3ae2507fc844d5b4e03657a,"{""distance"":5,""physical_error_rate"":5e-06}","{""detectors_checked"":2720}"
       128,         0,         0,   0.082,decoder_by_matrix,0421d486f8a041838688df650e87c0a19c3450ab7a7cc8b3dc589ebff86d1c74,"{""distance"":5,""physical_error_rate"":0.0001}","{""detectors_checked"":21760}"
       128,         0,         0,   0.084,decoder_by_matrix,9c6baee88fc81e7d1aa345fcb3feec7ee81f21c5d49cb6ca037118097d89e180,"{""distance"":5,""physical_error_rate"":5e-05}","{""detectors_checked"":21760}"
       128,         0,         0,   0.110,decoder_by_matrix,066a5d8d46981b593c3dec855f441edbe9e755a8873183448f69d036a2ecc650,"{""distance"":5,""physical_error_rate"":0.001}","{""detection_events"":70,""detectors_checked"":21760}"
        16,         0,         0,   0.113,decoder_by_matrix,e41ade2e4684e0396b9a3890c882b6453b515d69885aa1d89a26ce21ec554895,"{""distance"":5,""physical_error_rate"":1e-06}","{""detectors_checked"":2720}"
       128,         0,         0,   0.113,decoder_by_matrix,b84cf4b8ca220d31f17e1e2ea9ab927bbc4176b15682c650e7d1dd8f2758172b,"{""distance"":5,""physical_error_rate"":0.0005}","{""detection_events"":40,""detectors_checked"":21760}"
       512,         0,         0,   0.084,decoder_by_matrix,0421d486f8a041838688df650e87c0a19c3450ab7a7cc8b3dc589ebff86d1c74,"{""distance"":5,""physical_error_rate"":0.0001}","{""detection_events"":90,""detectors_checked"":87040}"
        64,         0,         0,   0.112,decoder_by_matrix,066a5d8d46981b593c3dec855f441edbe9e755a8873183448f69d036a2ecc650,"{""distance"":5,""physical_error_rate"":0.001}","{""detection_events"":45,""detectors_checked"":10880}"
        64,         0,         0,   0.113,decoder_by_matrix,3c866087b289edc25e9adea730044a15db18cabfd3ae2507fc844d5b4e03657a,"{""distance"":5,""physical_error_rate"":5e-06}","{""detectors_checked"":10880}"
       512,         0,         0,   0.074,decoder_by_matrix,066a5d8d46981b593c3dec855f441edbe9e755a8873183448f69d036a2ecc650,"{""distance"":5,""physical_error_rate"":0.001}","{""detection_events"":325,""detectors_checked"":87040}"
       512,         0,         0,   0.087,decoder_by_matrix,9c6baee88fc81e7d1aa345fcb3feec7ee81f21c5d49cb6ca037118097d89e180,"{""distance"":5,""physical_error_rate"":5e-05}","{""detectors_checked"":87040}"
        64,         0,         0,   0.112,decoder_by_matrix,e41ade2e4684e0396b9a3890c882b6453b515d69885aa1d89a26ce21ec554895,"{""distance"":5,""physical_error_rate"":1e-06}","{""detectors_checked"":10880}"
       512,         0,         0,   0.114,decoder_by_matrix,b84cf4b8ca220d31f17e1e2ea9ab927bbc4176b15682c650e7d1dd8f2758172b,"{""distance"":5,""physical_error_rate"":0.0005}","{""detection_events"":165,""detectors_checked"":87040}"
      1024,         0,         0,   0.107,decoder_by_matrix,0421d486f8a041838688df650e87c0a19c3450ab7a7cc8b3dc589ebff86d1c74,"{""distance"":5,""physical_error_rate"":0.0001}","{""detection_events"":30,""detectors_checked"":174080}"
       256,         0,         0,   0.090,decoder_by_matrix,3c866087b289edc25e9adea730044a15db18cabfd3ae2507fc844d5b4e03657a,"{""distance"":5,""physical_error_rate"":5e-06}","{""detectors_checked"":43520}"
       256,         0,         0,   0.112,decoder_by_matrix,066a5d8d46981b593c3dec855f441edbe9e755a8873183448f69d036a2ecc650,"{""distance"":5,""physical_error_rate"":0.001}","{""detection_events"":90,""detectors_checked"":43520}"
      1024,         0,         0,   0.094,decoder_by_matrix,066a5d8d46981b593c3dec855f441edbe9e755a8873183448f69d036a2ecc650,"{""distance"":5,""physical_error_rate"":0.001}","{""detection_events"":545,""detectors_checked"":174080}"
      1024,         0,         0,   0.094,decoder_by_matrix,9c6baee88fc81e7d1aa345fcb3feec7ee81f21c5d49cb6ca037118097d89e180,"{""distance"":5,""physical_error_rate"":5e-05}","{""detection_events"":40,""detectors_checked"":174080}"
      1024,         0,         0,   0.085,decoder_by_matrix,0421d486f8a041838688df650e87c0a19c3450ab7a7cc8b3dc589ebff86d1c74,"{""distance"":5,""physical_error_rate"":0.0001}","{""detection_events"":45,""detectors_checked"":174080}"
       256,         0,         0,   0.093,decoder_by_matrix,e41ade2e4684e0396b9a3890c882b6453b515d69885aa1d89a26ce21ec554895,"{""distance"":5,""physical_error_rate"":1e-06}","{""detectors_checked"":43520}"
      1024,         0,         0,   0.079,decoder_by_matrix,9c6baee88fc81e7d1aa345fcb3feec7ee81f21c5d49cb6ca037118097d89e180,"{""distance"":5,""physical_error_rate"":5e-05}","{""detection_events"":35,""detectors_checked"":174080}"
      1024,         0,         0,   0.136,decoder_by_matrix,b84cf4b8ca220d31f17e1e2ea9ab927bbc4176b15682c650e7d1dd8f2758172b,"{""distance"":5,""physical_error_rate"":0.0005}","{""detection_events"":330,""detectors_checked"":174080}"
      1024,         0,         0,   0.091,decoder_by_matrix,066a5d8d46981b593c3dec855f441edbe9e755a8873183448f69d036a2ecc650,"{""distance"":5,""physical_error_rate"":0.001}","{""detection_events"":565,""detectors_checked"":174080}"
      1024,         0,         0,   0.114,decoder_by_matrix,066a5d8d46981b593c3dec855f441edbe9e755a8873183448f69d036a2ecc650,"{""distance"":5,""physical_error_rate"":0.001}","{""detection_events"":735,""detectors_checked"":174080}"
      1024,         0,         0,   0.135,decoder_by_matrix,3c866087b289edc25e9adea730044a15db18cabfd3ae2507fc844d5b4e03657a,"{""distance"":5,""physical_error_rate"":5e-06}","{""detectors_checked"":174080}"
      1024,         0,         0,   0.105,decoder_by_matrix,0421d486f8a041838688df650e87c0a19c3450ab7a7cc8b3dc589ebff86d1c74,"{""distance"":5,""physical_error_rate"":0.0001}","{""detection_events"":90,""detectors_checked"":174080}"
      1024,         0,         0,   0.113,decoder_by_matrix,e41ade2e4684e0396b9a3890c882b6453b515d69885aa1d89a26ce21ec554895,"{""distance"":5,""physical_error_rate"":1e-06}","{""detectors_checked"":174080}"
      1024,         0,         0,   0.101,decoder_by_matrix,b84cf4b8ca220d31f17e1e2ea9ab927bbc4176b15682c650e7d1dd8f2758172b,"{""distance"":5,""physical_error_rate"":0.0005}","{""detection_events"":255,""detectors_checked"":174080}"
      1024,         0,         0,   0.100,decoder_by_matrix,066a5d8d46981b593c3dec855f441edbe9e755a8873183448f69d036a2ecc650,"{""distance"":5,""physical_error_rate"":0.001}","{""detection_events"":490,""detectors_checked"":174080}"
      1024,         0,         0,   0.107,decoder_by_matrix,3c866087b289edc25e9adea730044a15db18cabfd3ae2507fc844d5b4e03657a,"{""distance"":5,""physical_error_rate"":5e-06}","{""detectors_checked"":174080}"
      1024,         0,         0,   0.109,decoder_by_matrix,066a5d8d46981b593c3dec855f441edbe9e755a8873183448f69d036a2ecc650,"{""distance"":5,""physical_error_rate"":0.001}","{""detection_events"":870,""detectors_checked"":174080}"
      1024,         0,         0,   0.112,decoder_by_matrix,e41ade2e4684e0396b9a3890c882b6453b515d69885aa1d89a26ce21ec554895,"{""distance"":5,""physical_error_rate"":1e-06}","{""detectors_checked"":174080}"
      2048,         0,         0,   0.184,decoder_by_matrix,9c6baee88fc81e7d1aa345fcb3feec7ee81f21c5d49cb6ca037118097d89e180,"{""distance"":5,""physical_error_rate"":5e-05}","{""detection_events"":65,""detectors_checked"":348160}"
      1024,         0,         0,   0.113,decoder_by_matrix,b84cf4b8ca220d31f17e1e2ea9ab927bbc4176b15682c650e7d1dd8f2758172b,"{""distance"":5,""physical_error_rate"":0.0005}","{""detection_events"":230,""detectors_checked"":174080}"
      1024,         0,         0,   0.100,decoder_by_matrix,3c866087b289edc25e9adea730044a15db18cabfd3ae2507fc844d5b4e03657a,"{""distance"":5,""physical_error_rate"":5e-06}","{""detectors_checked"":174080}"
      2048,         0,         0,   0.187,decoder_by_matrix,0421d486f8a041838688df650e87c0a19c3450ab7a7cc8b3dc589ebff86d1c74,"{""distance"":5,""physical_error_rate"":0.0001}","{""detection_events"":165,""detectors_checked"":348160}"
      1024,         0,         0,   0.113,decoder_by_matrix,066a5d8d46981b593c3dec855f441edbe9e755a8873183448f69d036a2ecc650,"{""distance"":5,""physical_error_rate"":0.001}","{""detection_events"":660,""detectors_checked"":174080}"
      2048,         0,         0,   0.178,decoder_by_matrix,066a5d8d46981b593c3dec855f441edbe9e755a8873183448f69d036a2ecc650,"{""distance"":5,""physical_error_rate"":0.001}","{""detection_events"":1280,""detectors_checked"":348160}"
      2048,         0,         0,   0.188,decoder_by_matrix,9c6baee88fc81e7d1aa345fcb3feec7ee81f21c5d49cb6ca037118097d89e180,"{""distance"":5,""physical_error_rate"":5e-05}","{""detection_events"":60,""detectors_checked"":348160}"
      1024,         0,         0,   0.246,decoder_by_matrix,e41ade2e4684e0396b9a3890c882b6453b515d69885aa1d89a26ce21ec554895,"{""distance"":5,""physical_error_rate"":1e-06}","{""detection_events"":40,""detectors_checked"":174080}"
      2048,         0,         0,   0.207,decoder_by_matrix,0421d486f8a041838688df650e87c0a19c3450ab7a7cc8b3dc589ebff86d1c74,"{""distance"":5,""physical_error_rate"":0.0001}","{""detection_events"":165,""detectors_checked"":348160}"
      2048,         0,         0,   0.248,decoder_by_matrix,b84cf4b8ca220d31f17e1e2ea9ab927bbc4176b15682c650e7d1dd8f2758172b,"{""distance"":5,""physical_error_rate"":0.0005}","{""detection_events"":605,""detectors_checked"":348160}"
      2048,         0,         0,   0.210,decoder_by_matrix,066a5d8d46981b593c3dec855f441edbe9e755a8873183448f69d036a2ecc650,"{""distance"":5,""physical_error_rate"":0.001}","{""detection_events"":1505,""detectors_checked"":348160}"
      2048,         0,         0,   0.222,decoder_by_matrix,3c866087b289edc25e9adea730044a15db18cabfd3ae2507fc844d5b4e03657a,"{""distance"":5,""physical_error_rate"":5e-06}","{""detectors_checked"":348160}"
      2048,         0,         0,   0.189,decoder_by_matrix,066a5d8d46981b593c3dec855f441edbe9e755a8873183448f69d036a2ecc650,"{""distance"":5,""physical_error_rate"":0.001}","{""detection_events"":1130,""detectors_checked"":348160}"
      3072,         0,         0,   0.268,decoder_by_matrix,9c6baee88fc81e7d1aa345fcb3feec7ee81f21c5d49cb6ca037118097d89e180,"{""distance"":5,""physical_error_rate"":5e-05}","{""detection_events"":40,""detectors_checked"":522240}"
      2048,         0,         0,   0.225,decoder_by_matrix,e41ade2e4684e0396b9a3890c882b6453b515d69885aa1d89a26ce21ec554895,"{""distance"":5,""physical_error_rate"":1e-06}","{""detectors_checked"":348160}"
      2048,         0,         0,   0.218,decoder_by_matrix,066a5d8d46981b593c3dec855f441edbe9e755a8873183448f69d036a2ecc650,"{""distance"":5,""physical_error_rate"":0.001}","{""detection_events"":1100,""detectors_checked"":348160}"
      2048,         0,         0,   0.227,decoder_by_matrix,3c866087b289edc25e9adea730044a15db18cabfd3ae2507fc844d5b4e03657a,"{""distance"":5,""physical_error_rate"":5e-06}","{""detectors_checked"":348160}"
      2048,         0,         0,   0.256,decoder_by_matrix,b84cf4b8ca220d31f17e1e2ea9ab927bbc4176b15682c650e7d1dd8f2758172b,"{""distance"":5,""physical_error_rate"":0.0005}","{""detection_events"":400,""detectors_checked"":348160}"
      3072,         0,         0,   0.335,decoder_by_matrix,0421d486f8a041838688df650e87c0a19c3450ab7a7cc8b3dc589ebff86d1c74,"{""distance"":5,""physical_error_rate"":0.0001}","{""detection_events"":100,""detectors_checked"":522240}"
      3072,         0,         0,   0.276,decoder_by_matrix,066a5d8d46981b593c3dec855f441edbe9e755a8873183448f69d036a2ecc650,"{""distance"":5,""physical_error_rate"":0.001}","{""detection_events"":1870,""detectors_checked"":522240}"
      2048,         0,         0,   0.227,decoder_by_matrix,e41ade2e4684e0396b9a3890c882b6453b515d69885aa1d89a26ce21ec554895,"{""distance"":5,""physical_error_rate"":1e-06}","{""detectors_checked"":348160}"
      3072,         0,         0,   0.286,decoder_by_matrix,9c6baee88fc81e7d1aa345fcb3feec7ee81f21c5d49cb6ca037118097d89e180,"{""distance"":5,""physical_error_rate"":5e-05}","{""detection_events"":130,""detectors_checked"":522240}"
      3072,         0,         0,   0.364,decoder_by_matrix,066a5d8d46981b593c3dec855f441edbe9e755a8873183448f69d036a2ecc650,"{""distance"":5,""physical_error_rate"":0.001}","{""detection_events"":1650,""detectors_checked"":522240}"
      3072,         0,         0,   0.349,decoder_by_matrix,3c866087b289edc25e9adea730044a15db18cabfd3ae2507fc844d5b4e03657a,"{""distance"":5,""physical_error_rate"":5e-06}","{""detection_events"":55,""detectors_checked"":522240}"
      3072,         0,         0,   0.366,decoder_by_matrix,b84cf4b8ca220d31f17e1e2ea9ab927bbc4176b15682c650e7d1dd8f2758172b,"{""distance"":5,""physical_error_rate"":0.0005}","{""detection_events"":1020,""detectors_checked"":522240}"
      4096,         0,         0,   0.413,decoder_by_matrix,066a5d8d46981b593c3dec855f441edbe9e755a8873183448f69d036a2ecc650,"{""distance"":5,""physical_error_rate"":0.001}","{""detection_events"":2235,""detectors_checked"":696320}"
      3072,         0,         0,   0.340,decoder_by_matrix,e41ade2e4684e0396b9a3890c882b6453b515d69885aa1d89a26ce21ec554895,"{""distance"":5,""physical_error_rate"":1e-06}","{""detectors_checked"":522240}"
      4096,         0,         0,   0.501,decoder_by_matrix,0421d486f8a041838688df650e87c0a19c3450ab7a7cc8b3dc589ebff86d1c74,"{""distance"":5,""physical_error_rate"":0.0001}","{""detection_events"":270,""detectors_checked"":696320}"
      4096,         0,         0,   0.421,decoder_by_matrix,9c6baee88fc81e7d1aa345fcb3feec7ee81f21c5d49cb6ca037118097d89e180,"{""distance"":5,""physical_error_rate"":5e-05}","{""detection_events"":140,""detectors_checked"":696320}"
      4096,         0,         0,   0.476,decoder_by_matrix,3c866087b289edc25e9adea730044a15db18cabfd3ae2507fc844d5b4e03657a,"{""distance"":5,""physical_error_rate"":5e-06}","{""detection_events"":10,""detectors_checked"":696320}"
      4096,         0,         0,   0.489,decoder_by_matrix,066a5d8d46981b593c3dec855f441edbe9e755a8873183448f69d036a2ecc650,"{""distance"":5,""physical_error_rate"":0.001}","{""detection_events"":2225,""detectors_checked"":696320}"
      4096,         0,         0,   0.501,decoder_by_matrix,b84cf4b8ca220d31f17e1e2ea9ab927bbc4176b15682c650e7d1dd8f2758172b,"{""distance"":5,""physical_error_rate"":0.0005}","{""detection_events"":980,""detectors_checked"":696320}"
      4096,         0,         0,   0.403,decoder_by_matrix,e41ade2e4684e0396b9a3890c882b6453b515d69885aa1d89a26ce21ec554895,"{""distance"":5,""physical_error_rate"":1e-06}","{""detectors_checked"":696320}"
      6144,         0,         0,   0.591,decoder_by_matrix,066a5d8d46981b593c3dec855f441edbe9e755a8873183448f69d036a2ecc650,"{""distance"":5,""physical_error_rate"":0.001}","{""detection_events"":3350,""detectors_checked"":1044480}"
      5120,         0,         0,   0.618,decoder_by_matrix,0421d486f8a041838688df650e87c0a19c3450ab7a7cc8b3dc589ebff86d1c74,"{""distance"":5,""physical_error_rate"":0.0001}","{""detection_events"":420,""detectors_checked"":870400}"
      6144,         0,         0,   0.581,decoder_by_matrix,9c6baee88fc81e7d1aa345fcb3feec7ee81f21c5d49cb6ca037118097d89e180,"{""distance"":5,""physical_error_rate"":5e-05}","{""detection_events"":180,""detectors_checked"":1044480}"
      5120,         0,         0,   0.592,decoder_by_matrix,3c866087b289edc25e9adea730044a15db18cabfd3ae2507fc844d5b4e03657a,"{""distance"":5,""physical_error_rate"":5e-06}","{""detection_events"":25,""detectors_checked"":870400}"
      5120,         1,         0,   0.622,decoder_by_matrix,066a5d8d46981b593c3dec855f441edbe9e755a8873183448f69d036a2ecc650,"{""distance"":5,""physical_error_rate"":0.001}","{""detection_events"":3100,""detectors_checked"":870400,""obs_mistake_mask=___E"":1}"
      5120,         0,         0,   0.616,decoder_by_matrix,b84cf4b8ca220d31f17e1e2ea9ab927bbc4176b15682c650e7d1dd8f2758172b,"{""distance"":5,""physical_error_rate"":0.0005}","{""detection_events"":1110,""detectors_checked"":870400}"
      7168,         0,         0,   0.616,decoder_by_matrix,e41ade2e4684e0396b9a3890c882b6453b515d69885aa1d89a26ce21ec554895,"{""distance"":5,""physical_error_rate"":1e-06}","{""detectors_checked"":1218560}"
      8192,         0,         0,   0.866,decoder_by_matrix,066a5d8d46981b593c3dec855f441edbe9e755a8873183448f69d036a2ecc650,"{""distance"":5,""physical_error_rate"":0.001}","{""detection_events"":4205,""detectors_checked"":1392640}"
      6144,         0,         0,   0.894,decoder_by_matrix,0421d486f8a041838688df650e87c0a19c3450ab7a7cc8b3dc589ebff86d1c74,"{""distance"":5,""physical_error_rate"":0.0001}","{""detection_events"":260,""detectors_checked"":1044480}"
      9216,         0,         0,   0.848,decoder_by_matrix,9c6baee88fc81e7d1aa345fcb3feec7ee81f21c5d49cb6ca037118097d89e180,"{""distance"":5,""physical_error_rate"":5e-05}","{""detection_events"":150,""detectors_checked"":1566720}"
      7168,         0,         0,   0.801,decoder_by_matrix,3c866087b289edc25e9adea730044a15db18cabfd3ae2507fc844d5b4e03657a,"{""distance"":5,""physical_error_rate"":5e-06}","{""detectors_checked"":1218560}"
      7168,         0,         0,   0.854,decoder_by_matrix,066a5d8d46981b593c3dec855f441edbe9e755a8873183448f69d036a2ecc650,"{""distance"":5,""physical_error_rate"":0.001}","{""detection_events"":4330,""detectors_checked"":1218560}"
      7168,         0,         0,   0.846,decoder_by_matrix,b84cf4b8ca220d31f17e1e2ea9ab927bbc4176b15682c650e7d1dd8f2758172b,"{""distance"":5,""physical_error_rate"":0.0005}","{""detection_events"":1625,""detectors_checked"":1218560}"
      9216,         0,         0,   0.793,decoder_by_matrix,e41ade2e4684e0396b9a3890c882b6453b515d69885aa1d89a26ce21ec554895,"{""distance"":5,""physical_error_rate"":1e-06}","{""detectors_checked"":1566720}"
     10240,         0,         0,    1.21,decoder_by_matrix,066a5d8d46981b593c3dec855f441edbe9e755a8873183448f69d036a2ecc650,"{""distance"":5,""physical_error_rate"":0.001}","{""detection_events"":5530,""detectors_checked"":1740800}"
     12288,         0,         0,    1.19,decoder_by_matrix,9c6baee88fc81e7d1aa345fcb3feec7ee81f21c5d49cb6ca037118097d89e180,"{""distance"":5,""physical_error_rate"":5e-05}","{""detection_events"":315,""detectors_checked"":2088960}"
     10240,         0,         0,    1.23,decoder_by_matrix,0421d486f8a041838688df650e87c0a19c3450ab7a7cc8b3dc589ebff86d1c74,"{""distance"":5,""physical_error_rate"":0.0001}","{""detection_events"":535,""detectors_checked"":1740800}"
     10240,         0,         0,    1.18,decoder_by_matrix,3c866087b289edc25e9adea730044a15db18cabfd3ae2507fc844d5b4e03657a,"{""distance"":5,""physical_error_rate"":5e-06}","{""detection_events"":75,""detectors_checked"":1740800}"
      9216,         0,         0,    1.11,decoder_by_matrix,066a5d8d46981b593c3dec855f441edbe9e755a8873183448f69d036a2ecc650,"{""distance"":5,""physical_error_rate"":0.001}","{""detection_events"":5060,""detectors_checked"":1566720}"
      9216,         0,         0,    1.12,decoder_by_matrix,b84cf4b8ca220d31f17e1e2ea9ab927bbc4176b15682c650e7d1dd8f2758172b,"{""distance"":5,""physical_error_rate"":0.0005}","{""detection_events"":2435,""detectors_checked"":1566720}"
     13312,         0,         0,    1.15,decoder_by_matrix,e41ade2e4684e0396b9a3890c882b6453b515d69885aa1d89a26ce21ec554895,"{""distance"":5,""physical_error_rate"":1e-06}","{""detectors_checked"":2263040}"
     16384,         0,         0,    1.56,decoder_by_matrix,9c6baee88fc81e7d1aa345fcb3feec7ee81f21c5d49cb6ca037118097d89e180,"{""distance"":5,""physical_error_rate"":5e-05}","{""detection_events"":320,""detectors_checked"":2785280}"
     14336,         0,         0,    1.65,decoder_by_matrix,066a5d8d46981b593c3dec855f441edbe9e755a8873183448f69d036a2ecc650,"{""distance"":5,""physical_error_rate"":0.001}","{""detection_events"":7940,""detectors_checked"":2437120}"
     14336,         0,         0,    1.60,decoder_by_matrix,0421d486f8a041838688df650e87c0a19c3450ab7a7cc8b3dc589ebff86d1c74,"{""distance"":5,""physical_error_rate"":0.0001}","{""detection_events"":840,""detectors_checked"":2437120}"
     14336,         0,         0,    1.61,decoder_by_matrix,3c866087b289edc25e9adea730044a15db18cabfd3ae2507fc844d5b4e03657a,"{""distance"":5,""physical_error_rate"":5e-06}","{""detection_events"":25,""detectors_checked"":2437120}"
     13312,         0,         0,    1.57,decoder_by_matrix,b84cf4b8ca220d31f17e1e2ea9ab927bbc4176b15682c650e7d1dd8f2758172b,"{""distance"":5,""physical_error_rate"":0.0005}","{""detection_events"":3785,""detectors_checked"":2263040}"
     14336,         0,         0,    1.54,decoder_by_matrix,e41ade2e4684e0396b9a3890c882b6453b515d69885aa1d89a26ce21ec554895,"{""distance"":5,""physical_error_rate"":1e-06}","{""detectors_checked"":2437120}"
     14336,         0,         0,    1.62,decoder_by_matrix,066a5d8d46981b593c3dec855f441edbe9e755a8873183448f69d036a2ecc650,"{""distance"":5,""physical_error_rate"":0.001}","{""detection_events"":7865,""detectors_checked"":2437120}"
     22528,         0,         0,    2.20,decoder_by_matrix,9c6baee88fc81e7d1aa345fcb3feec7ee81f21c5d49cb6ca037118097d89e180,"{""distance"":5,""physical_error_rate"":5e-05}","{""detection_events"":725,""detectors_checked"":3829760}"
     18432,         0,         0,    2.21,decoder_by_matrix,066a5d8d46981b593c3dec855f441edbe9e755a8873183448f69d036a2ecc650,"{""distance"":5,""physical_error_rate"":0.001}","{""detection_events"":10390,""detectors_checked"":3133440}"
     19456,         0,         0,    2.29,decoder_by_matrix,0421d486f8a041838688df650e87c0a19c3450ab7a7cc8b3dc589ebff86d1c74,"{""distance"":5,""physical_error_rate"":0.0001}","{""detection_events"":945,""detectors_checked"":3307520}"
     18432,         0,         0,    2.19,decoder_by_matrix,b84cf4b8ca220d31f17e1e2ea9ab927bbc4176b15682c650e7d1dd8f2758172b,"{""distance"":5,""physical_error_rate"":0.0005}","{""detection_events"":5450,""detectors_checked"":3133440}"
     19456,         0,         0,    2.20,decoder_by_matrix,3c866087b289edc25e9adea730044a15db18cabfd3ae2507fc844d5b4e03657a,"{""distance"":5,""physical_error_rate"":5e-06}","{""detection_events"":50,""detectors_checked"":3307520}"
     18432,         0,         0,    2.19,decoder_by_matrix,066a5d8d46981b593c3dec855f441edbe9e755a8873183448f69d036a2ecc650,"{""distance"":5,""physical_error_rate"":0.001}","{""detection_events"":11205,""detectors_checked"":3133440}"
     19456,         0,         0,    2.22,decoder_by_matrix,e41ade2e4684e0396b9a3890c882b6453b515d69885aa1d89a26ce21ec554895,"{""distance"":5,""physical_error_rate"":1e-06}","{""detectors_checked"":3307520}"
   1199222,         0,         0,   113.1,decoder_by_matrix,3c866087b289edc25e9adea730044a15db18cabfd3ae2507fc844d5b4e03657a,"{""distance"":5,""physical_error_rate"":5e-06}","{""detection_events"":3700,""detectors_checked"":203867740}"
   1110016,         0,         0,   119.6,decoder_by_matrix,0421d486f8a041838688df650e87c0a19c3450ab7a7cc8b3dc589ebff86d1c74,"{""distance"":5,""physical_error_rate"":0.0001}","{""detection_events"":65005,""detectors_checked"":188702720}"
     31744,         0,         0,    3.06,decoder_by_matrix,9c6baee88fc81e7d1aa345fcb3feec7ee81f21c5d49cb6ca037118097d89e180,"{""distance"":5,""physical_error_rate"":5e-05}","{""detection_events"":560,""detectors_checked"":5396480}"
     25600,         0,         0,    3.06,decoder_by_matrix,066a5d8d46981b593c3dec855f441edbe9e755a8873183448f69d036a2ecc650,"{""distance"":5,""physical_error_rate"":0.001}","{""detection_events"":14665,""detectors_checked"":4352000}"
     26624,         0,         0,    3.06,decoder_by_matrix,3c866087b289edc25e9adea730044a15db18cabfd3ae2507fc844d5b4e03657a,"{""distance"":5,""physical_error_rate"":5e-06}","{""detection_events"":200,""detectors_checked"":4526080}"
     26624,         0,         0,    3.12,decoder_by_matrix,0421d486f8a041838688df650e87c0a19c3450ab7a7cc8b3dc589ebff86d1c74,"{""distance"":5,""physical_error_rate"":0.0001}","{""detection_events"":1885,""detectors_checked"":4526080}"
     24576,         0,         0,    3.09,decoder_by_matrix,b84cf4b8ca220d31f17e1e2ea9ab927bbc4176b15682c650e7d1dd8f2758172b,"{""distance"":5,""physical_error_rate"":0.0005}","{""detection_events"":7425,""detectors_checked"":4177920}"
     25600,         0,         0,    3.06,decoder_by_matrix,066a5d8d46981b593c3dec855f441edbe9e755a8873183448f69d036a2ecc650,"{""distance"":5,""physical_error_rate"":0.001}","{""detection_events"":14965,""detectors_checked"":4352000}"
     26624,         0,         0,    3.04,decoder_by_matrix,e41ade2e4684e0396b9a3890c882b6453b515d69885aa1d89a26ce21ec554895,"{""distance"":5,""physical_error_rate"":1e-06}","{""detection_events"":15,""detectors_checked"":4526080}"
   1136640,         0,         0,   119.5,decoder_by_matrix,e41ade2e4684e0396b9a3890c882b6453b515d69885aa1d89a26ce21ec554895,"{""distance"":5,""physical_error_rate"":1e-06}","{""detection_events"":760,""detectors_checked"":193228800}"
     36864,         0,         0,    4.27,decoder_by_matrix,9c6baee88fc81e7d1aa345fcb3feec7ee81f21c5d49cb6ca037118097d89e180,"{""distance"":5,""physical_error_rate"":5e-05}","{""detection_events"":930,""detectors_checked"":6266880}"
     40960,         0,         0,    4.25,decoder_by_matrix,066a5d8d46981b593c3dec855f441edbe9e755a8873183448f69d036a2ecc650,"{""distance"":5,""physical_error_rate"":0.001}","{""detection_events"":24120,""detectors_checked"":6963200}"
     47104,         0,         0,    4.30,decoder_by_matrix,3c866087b289edc25e9adea730044a15db18cabfd3ae2507fc844d5b4e03657a,"{""distance"":5,""physical_error_rate"":5e-06}","{""detection_events"":105,""detectors_checked"":8007680}"
     35840,         1,         0,    4.24,decoder_by_matrix,066a5d8d46981b593c3dec855f441edbe9e755a8873183448f69d036a2ecc650,"{""distance"":5,""physical_error_rate"":0.001}","{""detection_events"":22110,""detectors_checked"":6092800,""obs_mistake_mask=_EE_"":1}"
     36864,         0,         0,    4.29,decoder_by_matrix,0421d486f8a041838688df650e87c0a19c3450ab7a7cc8b3dc589ebff86d1c74,"{""distance"":5,""physical_error_rate"":0.0001}","{""detection_events"":1870,""detectors_checked"":6266880}"
     35840,         0,         0,    4.32,decoder_by_matrix,b84cf4b8ca220d31f17e1e2ea9ab927bbc4176b15682c650e7d1dd8f2758172b,"{""distance"":5,""physical_error_rate"":0.0005}","{""detection_events"":10275,""detectors_checked"":6092800}"
     37888,         0,         0,    4.34,decoder_by_matrix,e41ade2e4684e0396b9a3890c882b6453b515d69885aa1d89a26ce21ec554895,"{""distance"":5,""physical_error_rate"":1e-06}","{""detection_events"":45,""detectors_checked"":6440960}"
   1081344,         0,         0,   119.5,decoder_by_matrix,0421d486f8a041838688df650e87c0a19c3450ab7a7cc8b3dc589ebff86d1c74,"{""distance"":5,""physical_error_rate"":0.0001}","{""detection_events"":62150,""detectors_checked"":183828480}"
   1017856,         0,         0,   119.7,decoder_by_matrix,b84cf4b8ca220d31f17e1e2ea9ab927bbc4176b15682c650e7d1dd8f2758172b,"{""distance"":5,""physical_error_rate"":0.0005}","{""detection_events"":292615,""detectors_checked"":173035520}"
   1231872,         0,         0,   119.4,decoder_by_matrix,e41ade2e4684e0396b9a3890c882b6453b515d69885aa1d89a26ce21ec554895,"{""distance"":5,""physical_error_rate"":1e-06}","{""detection_events"":845,""detectors_checked"":209418240}"
     61440,         0,         0,    5.96,decoder_by_matrix,066a5d8d46981b593c3dec855f441edbe9e755a8873183448f69d036a2ecc650,"{""distance"":5,""physical_error_rate"":0.001}","{""detection_events"":36335,""detectors_checked"":10444800}"
     50176,         0,         0,    6.04,decoder_by_matrix,9c6baee88fc81e7d1aa345fcb3feec7ee81f21c5d49cb6ca037118097d89e180,"{""distance"":5,""physical_error_rate"":5e-05}","{""detection_events"":1695,""detectors_checked"":8529920}"
     68608,         0,         0,    5.92,decoder_by_matrix,3c866087b289edc25e9adea730044a15db18cabfd3ae2507fc844d5b4e03657a,"{""distance"":5,""physical_error_rate"":5e-06}","{""detection_events"":235,""detectors_checked"":11663360}"
     50176,         0,         0,    5.99,decoder_by_matrix,0421d486f8a041838688df650e87c0a19c3450ab7a7cc8b3dc589ebff86d1c74,"{""distance"":5,""physical_error_rate"":0.0001}","{""detection_events"":2740,""detectors_checked"":8529920}"
     50176,         0,         0,    5.92,decoder_by_matrix,066a5d8d46981b593c3dec855f441edbe9e755a8873183448f69d036a2ecc650,"{""distance"":5,""physical_error_rate"":0.001}","{""detection_events"":28170,""detectors_checked"":8529920}"
     50176,         0,         0,    6.00,decoder_by_matrix,b84cf4b8ca220d31f17e1e2ea9ab927bbc4176b15682c650e7d1dd8f2758172b,"{""distance"":5,""physical_error_rate"":0.0005}","{""detection_events"":14300,""detectors_checked"":8529920}"
     51200,         0,         0,    6.00,decoder_by_matrix,e41ade2e4684e0396b9a3890c882b6453b515d69885aa1d89a26ce21ec554895,"{""distance"":5,""physical_error_rate"":1e-06}","{""detection_events"":35,""detectors_checked"":8704000}"
     83968,         0,         0,    8.34,decoder_by_matrix,066a5d8d46981b593c3dec855f441edbe9e755a8873183448f69d036a2ecc650,"{""distance"":5,""physical_error_rate"":0.001}","{""detection_events"":46520,""detectors_checked"":14274560}"
     69632,         0,         0,    8.33,decoder_by_matrix,9c6baee88fc81e7d1aa345fcb3feec7ee81f21c5d49cb6ca037118097d89e180,"{""distance"":5,""physical_error_rate"":5e-05}","{""detection_events"":2090,""detectors_checked"":11837440}"
     70656,         0,         0,    8.37,decoder_by_matrix,0421d486f8a041838688df650e87c0a19c3450ab7a7cc8b3dc589ebff86d1c74,"{""distance"":5,""physical_error_rate"":0.0001}","{""detection_events"":3985,""detectors_checked"":12011520}"
     92160,         0,         0,    8.42,decoder_by_matrix,3c866087b289edc25e9adea730044a15db18cabfd3ae2507fc844d5b4e03657a,"{""distance"":5,""physical_error_rate"":5e-06}","{""detection_events"":290,""detectors_checked"":15667200}"
     69632,         1,         0,    8.39,decoder_by_matrix,066a5d8d46981b593c3dec855f441edbe9e755a8873183448f69d036a2ecc650,"{""distance"":5,""physical_error_rate"":0.001}","{""detection_events"":37715,""detectors_checked"":11837440,""obs_mistake_mask=_EE_"":1}"
     72704,         0,         0,    8.37,decoder_by_matrix,e41ade2e4684e0396b9a3890c882b6453b515d69885aa1d89a26ce21ec554895,"{""distance"":5,""physical_error_rate"":1e-06}","{""detection_events"":75,""detectors_checked"":12359680}"
     69632,         0,         0,    8.37,decoder_by_matrix,b84cf4b8ca220d31f17e1e2ea9ab927bbc4176b15682c650e7d1dd8f2758172b,"{""distance"":5,""physical_error_rate"":0.0005}","{""detection_events"":19350,""detectors_checked"":11837440}"
   1040445,         0,         0,   104.2,decoder_by_matrix,3c866087b289edc25e9adea730044a15db18cabfd3ae2507fc844d5b4e03657a,"{""distance"":5,""physical_error_rate"":5e-06}","{""detection_events"":3125,""detectors_checked"":176875650}"
    894976,         0,         0,    92.3,decoder_by_matrix,3c866087b289edc25e9adea730044a15db18cabfd3ae2507fc844d5b4e03657a,"{""distance"":5,""physical_error_rate"":5e-06}","{""detection_events"":2460,""detectors_checked"":152145920}"
    881077,         0,         0,    93.6,decoder_by_matrix,3c866087b289edc25e9adea730044a15db18cabfd3ae2507fc844d5b4e03657a,"{""distance"":5,""physical_error_rate"":5e-06}","{""detection_events"":2320,""detectors_checked"":149783090}"
    856064,         0,         0,    83.7,decoder_by_matrix,3c866087b289edc25e9adea730044a15db18cabfd3ae2507fc844d5b4e03657a,"{""distance"":5,""physical_error_rate"":5e-06}","{""detection_events"":2210,""detectors_checked"":145530880}"
    821248,         0,         0,    94.1,decoder_by_matrix,3c866087b289edc25e9adea730044a15db18cabfd3ae2507fc844d5b4e03657a,"{""distance"":5,""physical_error_rate"":5e-06}","{""detection_events"":2395,""detectors_checked"":139612160}"
   1143808,         0,         0,   119.6,decoder_by_matrix,9c6baee88fc81e7d1aa345fcb3feec7ee81f21c5d49cb6ca037118097d89e180,"{""distance"":5,""physical_error_rate"":5e-05}","{""detection_events"":32995,""detectors_checked"":194447360}"
    659071,         0,         0,    60.0,decoder_by_matrix,3c866087b289edc25e9adea730044a15db18cabfd3ae2507fc844d5b4e03657a,"{""distance"":5,""physical_error_rate"":5e-06}","{""detection_events"":1685,""detectors_checked"":112042070}"
    118784,         0,         0,    11.7,decoder_by_matrix,066a5d8d46981b593c3dec855f441edbe9e755a8873183448f69d036a2ecc650,"{""distance"":5,""physical_error_rate"":0.001}","{""detection_events"":66715,""detectors_checked"":20193280}"
     97280,         0,         0,    11.8,decoder_by_matrix,9c6baee88fc81e7d1aa345fcb3feec7ee81f21c5d49cb6ca037118097d89e180,"{""distance"":5,""physical_error_rate"":5e-05}","{""detection_events"":2335,""detectors_checked"":16537600}"
    128000,         0,         0,    11.7,decoder_by_matrix,3c866087b289edc25e9adea730044a15db18cabfd3ae2507fc844d5b4e03657a,"{""distance"":5,""physical_error_rate"":5e-06}","{""detection_events"":270,""detectors_checked"":21760000}"
    100352,         0,         0,    11.7,decoder_by_matrix,066a5d8d46981b593c3dec855f441edbe9e755a8873183448f69d036a2ecc650,"{""distance"":5,""physical_error_rate"":0.001}","{""detection_events"":55885,""detectors_checked"":17059840}"
    103424,         0,         0,    11.8,decoder_by_matrix,0421d486f8a041838688df650e87c0a19c3450ab7a7cc8b3dc589ebff86d1c74,"{""distance"":5,""physical_error_rate"":0.0001}","{""detection_events"":5230,""detectors_checked"":17582080}"
    106496,         0,         0,    11.7,decoder_by_matrix,e41ade2e4684e0396b9a3890c882b6453b515d69885aa1d89a26ce21ec554895,"{""distance"":5,""physical_error_rate"":1e-06}","{""detection_events"":180,""detectors_checked"":18104320}"
     98304,         0,         0,    11.8,decoder_by_matrix,b84cf4b8ca220d31f17e1e2ea9ab927bbc4176b15682c650e7d1dd8f2758172b,"{""distance"":5,""physical_error_rate"":0.0005}","{""detection_events"":27035,""detectors_checked"":16711680}"
    367023,         0,         0,    41.7,decoder_by_matrix,3c866087b289edc25e9adea730044a15db18cabfd3ae2507fc844d5b4e03657a,"{""distance"":5,""physical_error_rate"":5e-06}","{""detection_events"":980,""detectors_checked"":62393910}"
   1074176,         1,         0,   119.4,decoder_by_matrix,066a5d8d46981b593c3dec855f441edbe9e755a8873183448f69d036a2ecc650,"{""distance"":5,""physical_error_rate"":0.001}","{""detection_events"":609315,""detectors_checked"":182609920,""obs_mistake_mask=___E"":1}"
   1124352,         5,         0,   119.6,decoder_by_matrix,066a5d8d46981b593c3dec855f441edbe9e755a8873183448f69d036a2ecc650,"{""distance"":5,""physical_error_rate"":0.001}","{""detection_events"":631650,""detectors_checked"":191139840,""obs_mistake_mask=E_E_"":1,""obs_mistake_mask=E___"":1,""obs_mistake_mask=_E_E"":1,""obs_mistake_mask=_E__"":1,""obs_mistake_mask=___E"":1}"
   1074176,         0,         0,   119.5,decoder_by_matrix,9c6baee88fc81e7d1aa345fcb3feec7ee81f21c5d49cb6ca037118097d89e180,"{""distance"":5,""physical_error_rate"":5e-05}","{""detection_events"":30940,""detectors_checked"":182609920}"
   1258496,         0,         0,   119.4,decoder_by_matrix,e41ade2e4684e0396b9a3890c882b6453b515d69885aa1d89a26ce21ec554895,"{""distance"":5,""physical_error_rate"":1e-06}","{""detection_events"":635,""detectors_checked"":213944320}"
   1070080,         0,         0,   119.8,decoder_by_matrix,9c6baee88fc81e7d1aa345fcb3feec7ee81f21c5d49cb6ca037118097d89e180,"{""distance"":5,""physical_error_rate"":5e-05}","{""detection_events"":30715,""detectors_checked"":181913600}"
   1131520,         0,         0,   119.6,decoder_by_matrix,9c6baee88fc81e7d1aa345fcb3feec7ee81f21c5d49cb6ca037118097d89e180,"{""distance"":5,""physical_error_rate"":5e-05}","{""detection_events"":32030,""detectors_checked"":192358400}"
    305145,         0,         0,    25.4,decoder_by_matrix,3c866087b289edc25e9adea730044a15db18cabfd3ae2507fc844d5b4e03657a,"{""distance"":5,""physical_error_rate"":5e-06}","{""detection_events"":1060,""detectors_checked"":51874650}"
   1014784,         1,         0,   119.4,decoder_by_matrix,b84cf4b8ca220d31f17e1e2ea9ab927bbc4176b15682c650e7d1dd8f2758172b,"{""distance"":5,""physical_error_rate"":0.0005}","{""detection_events"":286155,""detectors_checked"":172513280,""obs_mistake_mask=_E_E"":1}"
   1122304,         0,         0,   119.4,decoder_by_matrix,0421d486f8a041838688df650e87c0a19c3450ab7a7cc8b3dc589ebff86d1c74,"{""distance"":5,""physical_error_rate"":0.0001}","{""detection_events"":64590,""detectors_checked"":190791680}"
   1063936,         2,         0,   119.6,decoder_by_matrix,b84cf4b8ca220d31f17e1e2ea9ab927bbc4176b15682c650e7d1dd8f2758172b,"{""distance"":5,""physical_error_rate"":0.0005}","{""detection_events"":305915,""detectors_checked"":180869120,""obs_mistake_mask=EEE_"":1,""obs_mistake_mask=___E"":1}"
    168960,         0,         0,    16.3,decoder_by_matrix,066a5d8d46981b593c3dec855f441edbe9e755a8873183448f69d036a2ecc650,"{""distance"":5,""physical_error_rate"":0.001}","{""detection_events"":92645,""detectors_checked"":28723200}"
    136192,         0,         0,    16.4,decoder_by_matrix,9c6baee88fc81e7d1aa345fcb3feec7ee81f21c5d49cb6ca037118097d89e180,"{""distance"":5,""physical_error_rate"":5e-05}","{""detection_events"":3475,""detectors_checked"":23152640}"
    192512,         0,         0,    16.4,decoder_by_matrix,3c866087b289edc25e9adea730044a15db18cabfd3ae2507fc844d5b4e03657a,"{""distance"":5,""physical_error_rate"":5e-06}","{""detection_events"":585,""detectors_checked"":32727040}"
    180224,         0,         0,    16.4,decoder_by_matrix,066a5d8d46981b593c3dec855f441edbe9e755a8873183448f69d036a2ecc650,"{""distance"":5,""physical_error_rate"":0.001}","{""detection_events"":100905,""detectors_checked"":30638080}"
    182272,         0,         0,    16.4,decoder_by_matrix,0421d486f8a041838688df650e87c0a19c3450ab7a7cc8b3dc589ebff86d1c74,"{""distance"":5,""physical_error_rate"":0.0001}","{""detection_events"":10375,""detectors_checked"":30986240}"
    143360,         0,         0,    16.4,decoder_by_matrix,e41ade2e4684e0396b9a3890c882b6453b515d69885aa1d89a26ce21ec554895,"{""distance"":5,""physical_error_rate"":1e-06}","{""detection_events"":80,""detectors_checked"":24371200}"
   1039360,         0,         0,   119.4,decoder_by_matrix,0421d486f8a041838688df650e87c0a19c3450ab7a7cc8b3dc589ebff86d1c74,"{""distance"":5,""physical_error_rate"":0.0001}","{""detection_events"":61165,""detectors_checked"":176691200}"
    135168,         0,         0,    16.4,decoder_by_matrix,b84cf4b8ca220d31f17e1e2ea9ab927bbc4176b15682c650e7d1dd8f2758172b,"{""distance"":5,""physical_error_rate"":0.0005}","{""detection_events"":37980,""detectors_checked"":22978560}"
   1054720,         0,         0,   119.3,decoder_by_matrix,b84cf4b8ca220d31f17e1e2ea9ab927bbc4176b15682c650e7d1dd8f2758172b,"{""distance"":5,""physical_error_rate"":0.0005}","{""detection_events"":302940,""detectors_checked"":179302400}"
   1007616,         1,         0,   119.4,decoder_by_matrix,066a5d8d46981b593c3dec855f441edbe9e755a8873183448f69d036a2ecc650,"{""distance"":5,""physical_error_rate"":0.001}","{""detection_events"":571975,""detectors_checked"":171294720,""obs_mistake_mask=___E"":1}"
   1091584,         3,         0,   119.4,decoder_by_matrix,066a5d8d46981b593c3dec855f441edbe9e755a8873183448f69d036a2ecc650,"{""distance"":5,""physical_error_rate"":0.001}","{""detection_events"":621455,""detectors_checked"":185569280,""obs_mistake_mask=E_E_"":2,""obs_mistake_mask=__E_"":1}"
   1097728,         0,         0,   119.4,decoder_by_matrix,e41ade2e4684e0396b9a3890c882b6453b515d69885aa1d89a26ce21ec554895,"{""distance"":5,""physical_error_rate"":1e-06}","{""detection_events"":675,""detectors_checked"":186613760}"
    267002,         0,         0,    28.3,decoder_by_matrix,3c866087b289edc25e9adea730044a15db18cabfd3ae2507fc844d5b4e03657a,"{""distance"":5,""physical_error_rate"":5e-06}","{""detection_events"":710,""detectors_checked"":45390340}"
    239616,         0,         0,    27.9,decoder_by_matrix,3c866087b289edc25e9adea730044a15db18cabfd3ae2507fc844d5b4e03657a,"{""distance"":5,""physical_error_rate"":5e-06}","{""detection_events"":495,""detectors_checked"":40734720}"
   1122304,         0,         0,   119.5,decoder_by_matrix,e41ade2e4684e0396b9a3890c882b6453b515d69885aa1d89a26ce21ec554895,"{""distance"":5,""physical_error_rate"":1e-06}","{""detection_events"":635,""detectors_checked"":190791680}"
    243712,         0,         0,    28.4,decoder_by_matrix,3c866087b289edc25e9adea730044a15db18cabfd3ae2507fc844d5b4e03657a,"{""distance"":5,""physical_error_rate"":5e-06}","{""detection_events"":540,""detectors_checked"":41431040}"
    241664,         0,         0,    28.1,decoder_by_matrix,3c866087b289edc25e9adea730044a15db18cabfd3ae2507fc844d5b4e03657a,"{""distance"":5,""physical_error_rate"":5e-06}","{""detection_events"":610,""detectors_checked"":41082880}"
   1029120,         3,         0,   119.4,decoder_by_matrix,066a5d8d46981b593c3dec855f441edbe9e755a8873183448f69d036a2ecc650,"{""distance"":5,""physical_error_rate"":0.001}","{""detection_events"":588840,""detectors_checked"":174950400,""obs_mistake_mask=E__E"":1,""obs_mistake_mask=_EE_"":1,""obs_mistake_mask=__E_"":1}"
   1065984,         0,         0,   119.6,decoder_by_matrix,0421d486f8a041838688df650e87c0a19c3450ab7a7cc8b3dc589ebff86d1c74,"{""distance"":5,""physical_error_rate"":0.0001}","{""detection_events"":61735,""detectors_checked"":181217280}"
   1045504,         0,         0,   119.5,decoder_by_matrix,b84cf4b8ca220d31f17e1e2ea9ab927bbc4176b15682c650e7d1dd8f2758172b,"{""distance"":5,""physical_error_rate"":0.0005}","{""detection_events"":299925,""detectors_checked"":177735680}"
   1057792,         0,         0,   119.5,decoder_by_matrix,b84cf4b8ca220d31f17e1e2ea9ab927bbc4176b15682c650e7d1dd8f2758172b,"{""distance"":5,""physical_error_rate"":0.0005}","{""detection_events"":306285,""detectors_checked"":179824640}"
   1051648,         0,         0,   119.5,decoder_by_matrix,0421d486f8a041838688df650e87c0a19c3450ab7a7cc8b3dc589ebff86d1c74,"{""distance"":5,""physical_error_rate"":0.0001}","{""detection_events"":57915,""detectors_checked"":178780160}"
   1845248,         0,         0,   118.9,decoder_by_matrix,e41ade2e4684e0396b9a3890c882b6453b515d69885aa1d89a26ce21ec554895,"{""distance"":5,""physical_error_rate"":1e-06}","{""detection_events"":1140,""detectors_checked"":313692160}"
   1072128,         0,         0,   119.5,decoder_by_matrix,9c6baee88fc81e7d1aa345fcb3feec7ee81f21c5d49cb6ca037118097d89e180,"{""distance"":5,""physical_error_rate"":5e-05}","{""detection_events"":31525,""detectors_checked"":182261760}"
    209562,         0,         0,    20.1,decoder_by_matrix,3c866087b289edc25e9adea730044a15db18cabfd3ae2507fc844d5b4e03657a,"{""distance"":5,""physical_error_rate"":5e-06}","{""detection_events"":550,""detectors_checked"":35625540}"
     93184,         0,         0,    10.5,decoder_by_matrix,3c866087b289edc25e9adea730044a15db18cabfd3ae2507fc844d5b4e03657a,"{""distance"":5,""physical_error_rate"":5e-06}","{""detection_events"":255,""detectors_checked"":15841280}"
   1031168,         0,         0,   119.5,decoder_by_matrix,9c6baee88fc81e7d1aa345fcb3feec7ee81f21c5d49cb6ca037118097d89e180,"{""distance"":5,""physical_error_rate"":5e-05}","{""detection_events"":30090,""detectors_checked"":175298560}"
    985088,         0,         0,   119.6,decoder_by_matrix,0421d486f8a041838688df650e87c0a19c3450ab7a7cc8b3dc589ebff86d1c74,"{""distance"":5,""physical_error_rate"":0.0001}","{""detection_events"":54550,""detectors_checked"":167464960}"
     92743,         0,         0,    7.60,decoder_by_matrix,3c866087b289edc25e9adea730044a15db18cabfd3ae2507fc844d5b4e03657a,"{""distance"":5,""physical_error_rate"":5e-06}","{""detection_events"":155,""detectors_checked"":15766310}"
     70656,         0,         0,    6.34,decoder_by_matrix,3c866087b289edc25e9adea730044a15db18cabfd3ae2507fc844d5b4e03657a,"{""distance"":5,""physical_error_rate"":5e-06}","{""detection_events"":265,""detectors_checked"":12011520}"
     60670,         0,         0,    7.05,decoder_by_matrix,3c866087b289edc25e9adea730044a15db18cabfd3ae2507fc844d5b4e03657a,"{""distance"":5,""physical_error_rate"":5e-06}","{""detection_events"":165,""detectors_checked"":10313900}"
     61440,         0,         0,    7.03,decoder_by_matrix,3c866087b289edc25e9adea730044a15db18cabfd3ae2507fc844d5b4e03657a,"{""distance"":5,""physical_error_rate"":5e-06}","{""detection_events"":370,""detectors_checked"":10444800}"
     56320,         0,         0,    5.32,decoder_by_matrix,3c866087b289edc25e9adea730044a15db18cabfd3ae2507fc844d5b4e03657a,"{""distance"":5,""physical_error_rate"":5e-06}","{""detection_events"":160,""detectors_checked"":9574400}"
     62464,         0,         0,    7.07,decoder_by_matrix,3c866087b289edc25e9adea730044a15db18cabfd3ae2507fc844d5b4e03657a,"{""distance"":5,""physical_error_rate"":5e-06}","{""detection_events"":210,""detectors_checked"":10618880}"
     62464,         0,         0,    7.20,decoder_by_matrix,3c866087b289edc25e9adea730044a15db18cabfd3ae2507fc844d5b4e03657a,"{""distance"":5,""physical_error_rate"":5e-06}","{""detection_events"":160,""detectors_checked"":10618880}"
      7038,         0,         0,   0.800,decoder_by_matrix,3c866087b289edc25e9adea730044a15db18cabfd3ae2507fc844d5b4e03657a,"{""distance"":5,""physical_error_rate"":5e-06}","{""detectors_checked"":1196460}"
      7038,         0,         0,   0.814,decoder_by_matrix,3c866087b289edc25e9adea730044a15db18cabfd3ae2507fc844d5b4e03657a,"{""distance"":5,""physical_error_rate"":5e-06}","{""detectors_checked"":1196460}"
      8062,         0,         0,   0.896,decoder_by_matrix,3c866087b289edc25e9adea730044a15db18cabfd3ae2507fc844d5b4e03657a,"{""distance"":5,""physical_error_rate"":5e-06}","{""detection_events"":25,""detectors_checked"":1370540}"
     53087,         0,         0,    6.28,decoder_by_matrix,3c866087b289edc25e9adea730044a15db18cabfd3ae2507fc844d5b4e03657a,"{""distance"":5,""physical_error_rate"":5e-06}","{""detection_events"":190,""detectors_checked"":9024790}"
     38668,         0,         0,    3.16,decoder_by_matrix,3c866087b289edc25e9adea730044a15db18cabfd3ae2507fc844d5b4e03657a,"{""distance"":5,""physical_error_rate"":5e-06}","{""detection_events"":110,""detectors_checked"":6573560}"
     35840,         0,         0,    3.13,decoder_by_matrix,3c866087b289edc25e9adea730044a15db18cabfd3ae2507fc844d5b4e03657a,"{""distance"":5,""physical_error_rate"":5e-06}","{""detection_events"":180,""detectors_checked"":6092800}"
     10240,         0,         0,   0.967,decoder_by_matrix,3c866087b289edc25e9adea730044a15db18cabfd3ae2507fc844d5b4e03657a,"{""distance"":5,""physical_error_rate"":5e-06}","{""detection_events"":55,""detectors_checked"":1740800}"
       188,         0,         0,   0.078,decoder_by_matrix,3c866087b289edc25e9adea730044a15db18cabfd3ae2507fc844d5b4e03657a,"{""distance"":5,""physical_error_rate"":5e-06}","{""detectors_checked"":31960}"
       314,         0,         0,   0.075,decoder_by_matrix,3c866087b289edc25e9adea730044a15db18cabfd3ae2507fc844d5b4e03657a,"{""distance"":5,""physical_error_rate"":5e-06}","{""detectors_checked"":53380}"
     10240,         0,         0,    1.14,decoder_by_matrix,3c866087b289edc25e9adea730044a15db18cabfd3ae2507fc844d5b4e03657a,"{""distance"":5,""physical_error_rate"":5e-06}","{""detection_events"":40,""detectors_checked"":1740800}"
      2048,         0,         0,   0.156,decoder_by_matrix,3c866087b289edc25e9adea730044a15db18cabfd3ae2507fc844d5b4e03657a,"{""distance"":5,""physical_error_rate"":5e-06}","{""detection_events"":35,""detectors_checked"":348160}"
       285,         0,         0,   0.064,decoder_by_matrix,3c866087b289edc25e9adea730044a15db18cabfd3ae2507fc844d5b4e03657a,"{""distance"":5,""physical_error_rate"":5e-06}","{""detectors_checked"":48450}"
        39,         0,         0,   0.078,decoder_by_matrix,3c866087b289edc25e9adea730044a15db18cabfd3ae2507fc844d5b4e03657a,"{""distance"":5,""physical_error_rate"":5e-06}","{""detectors_checked"":6630}"
        24,         0,         0,   0.084,decoder_by_matrix,3c866087b289edc25e9adea730044a15db18cabfd3ae2507fc844d5b4e03657a,"{""distance"":5,""physical_error_rate"":5e-06}","{""detectors_checked"":4080}"
       623,         0,         0,   0.078,decoder_by_matrix,3c866087b289edc25e9adea730044a15db18cabfd3ae2507fc844d5b4e03657a,"{""distance"":5,""physical_error_rate"":5e-06}","{""detectors_checked"":105910}"
      2691,         0,         0,   0.230,decoder_by_matrix,3c866087b289edc25e9adea730044a15db18cabfd3ae2507fc844d5b4e03657a,"{""distance"":5,""physical_error_rate"":5e-06}","{""detectors_checked"":457470}"
      2730,         0,         0,   0.273,decoder_by_matrix,3c866087b289edc25e9adea730044a15db18cabfd3ae2507fc844d5b4e03657a,"{""distance"":5,""physical_error_rate"":5e-06}","{""detectors_checked"":464100}"
      1120,         0,         0,   0.160,decoder_by_matrix,3c866087b289edc25e9adea730044a15db18cabfd3ae2507fc844d5b4e03657a,"{""distance"":5,""physical_error_rate"":5e-06}","{""detectors_checked"":190400}"
        24,         0,         0,   0.112,decoder_by_matrix,3c866087b289edc25e9adea730044a15db18cabfd3ae2507fc844d5b4e03657a,"{""distance"":5,""physical_error_rate"":5e-06}","{""detectors_checked"":4080}"
       291,         0,         0,   0.079,decoder_by_matrix,3c866087b289edc25e9adea730044a15db18cabfd3ae2507fc844d5b4e03657a,"{""distance"":5,""physical_error_rate"":5e-06}","{""detectors_checked"":49470}"
       291,         0,         0,   0.113,decoder_by_matrix,3c866087b289edc25e9adea730044a15db18cabfd3ae2507fc844d5b4e03657a,"{""distance"":5,""physical_error_rate"":5e-06}","{""detectors_checked"":49470}"
      1120,         0,         0,   0.182,decoder_by_matrix,3c866087b289edc25e9adea730044a15db18cabfd3ae2507fc844d5b4e03657a,"{""distance"":5,""physical_error_rate"":5e-06}","{""detectors_checked"":190400}"
         1,         0,         0,   0.036,decoder_by_matrix,b84cf4b8ca220d31f17e1e2ea9ab927bbc4176b15682c650e7d1dd8f2758172b,"{""distance"":5,""physical_error_rate"":0.0005}","{""detectors_checked"":170}"
         1,         0,         0,   0.060,decoder_by_matrix,b84cf4b8ca220d31f17e1e2ea9ab927bbc4176b15682c650e7d1dd8f2758172b,"{""distance"":5,""physical_error_rate"":0.0005}","{""detectors_checked"":170}"
         1,         0,         0,   0.066,decoder_by_matrix,066a5d8d46981b593c3dec855f441edbe9e755a8873183448f69d036a2ecc650,"{""distance"":5,""physical_error_rate"":0.001}","{""detectors_checked"":170}"
         1,         0,         0,   0.074,decoder_by_matrix,0421d486f8a041838688df650e87c0a19c3450ab7a7cc8b3dc589ebff86d1c74,"{""distance"":5,""physical_error_rate"":0.0001}","{""detectors_checked"":170}"
         1,         0,         0,   0.085,decoder_by_matrix,066a5d8d46981b593c3dec855f441edbe9e755a8873183448f69d036a2ecc650,"{""distance"":5,""physical_error_rate"":0.001}","{""detectors_checked"":170}"
         1,         0,         0,   0.087,decoder_by_matrix,0421d486f8a041838688df650e87c0a19c3450ab7a7cc8b3dc589ebff86d1c74,"{""distance"":5,""physical_error_rate"":0.0001}","{""detectors_checked"":170}"
         1,         0,         0,   0.074,decoder_by_matrix,e41ade2e4684e0396b9a3890c882b6453b515d69885aa1d89a26ce21ec554895,"{""distance"":5,""physical_error_rate"":1e-06}","{""detectors_checked"":170}"
         1,         0,         0,   0.100,decoder_by_matrix,9c6baee88fc81e7d1aa345fcb3feec7ee81f21c5d49cb6ca037118097d89e180,"{""distance"":5,""physical_error_rate"":5e-05}","{""detectors_checked"":170}"
        16,         0,         0,   0.077,decoder_by_matrix,b84cf4b8ca220d31f17e1e2ea9ab927bbc4176b15682c650e7d1dd8f2758172b,"{""distance"":5,""physical_error_rate"":0.0005}","{""detectors_checked"":2720}"
   1509376,         0,         0,   119.8,decoder_by_matrix,e41ade2e4684e0396b9a3890c882b6453b515d69885aa1d89a26ce21ec554895,"{""distance"":5,""physical_error_rate"":1e-06}","{""detection_events"":800,""detectors_checked"":256593920}"
         8,         0,         0,   0.069,decoder_by_matrix,066a5d8d46981b593c3dec855f441edbe9e755a8873183448f69d036a2ecc650,"{""distance"":5,""physical_error_rate"":0.001}","{""detectors_checked"":1360}"
         8,         0,         0,   0.084,decoder_by_matrix,b84cf4b8ca220d31f17e1e2ea9ab927bbc4176b15682c650e7d1dd8f2758172b,"{""distance"":5,""physical_error_rate"":0.0005}","{""detectors_checked"":1360}"
         8,         0,         0,   0.085,decoder_by_matrix,e41ade2e4684e0396b9a3890c882b6453b515d69885aa1d89a26ce21ec554895,"{""distance"":5,""physical_error_rate"":1e-06}","{""detectors_checked"":1360}"
         4,         0,         0,   0.111,decoder_by_matrix,066a5d8d46981b593c3dec855f441edbe9e755a8873183448f69d036a2ecc650,"{""distance"":5,""physical_error_rate"":0.001}","{""detectors_checked"":680}"
         4,         0,         0,   0.115,decoder_by_matrix,0421d486f8a041838688df650e87c0a19c3450ab7a7cc8b3dc589ebff86d1c74,"{""distance"":5,""physical_error_rate"":0.0001}","{""detectors_checked"":680}"
         8,         0,         0,   0.110,decoder_by_matrix,0421d486f8a041838688df650e87c0a19c3450ab7a7cc8b3dc589ebff86d1c74,"{""distance"":5,""physical_error_rate"":0.0001}","{""detectors_checked"":1360}"
        64,         0,         0,   0.083,decoder_by_matrix,b84cf4b8ca220d31f17e1e2ea9ab927bbc4176b15682c650e7d1dd8f2758172b,"{""distance"":5,""physical_error_rate"":0.0005}","{""detection_events"":20,""detectors_checked"":10880}"
         4,         0,         0,   0.109,decoder_by_matrix,9c6baee88fc81e7d1aa345fcb3feec7ee81f21c5d49cb6ca037118097d89e180,"{""distance"":5,""physical_error_rate"":5e-05}","{""detectors_checked"":680}"
        32,         0,         0,   0.084,decoder_by_matrix,b84cf4b8ca220d31f17e1e2ea9ab927bbc4176b15682c650e7d1dd8f2758172b,"{""distance"":5,""physical_error_rate"":0.0005}","{""detectors_checked"":5440}"
        64,         0,         0,   0.101,decoder_by_matrix,066a5d8d46981b593c3dec855f441edbe9e755a8873183448f69d036a2ecc650,"{""distance"":5,""physical_error_rate"":0.001}","{""detection_events"":45,""detectors_checked"":10880}"
        32,         0,         0,   0.086,decoder_by_matrix,e41ade2e4684e0396b9a3890c882b6453b515d69885aa1d89a26ce21ec554895,"{""distance"":5,""physical_error_rate"":1e-06}","{""detectors_checked"":5440}"
       256,         0,         0,   0.084,decoder_by_matrix,b84cf4b8ca220d31f17e1e2ea9ab927bbc4176b15682c650e7d1dd8f2758172b,"{""distance"":5,""physical_error_rate"":0.0005}","{""detection_events"":40,""detectors_checked"":43520}"
        16,         0,         0,   0.113,decoder_by_matrix,066a5d8d46981b593c3dec855f441edbe9e755a8873183448f69d036a2ecc650,"{""distance"":5,""physical_error_rate"":0.001}","{""detectors_checked"":2720}"
       256,         0,         0,   0.083,decoder_by_matrix,066a5d8d46981b593c3dec855f441edbe9e755a8873183448f69d036a2ecc650,"{""distance"":5,""physical_error_rate"":0.001}","{""detection_events"":50,""detectors_checked"":43520}"
        16,         0,         0,   0.127,decoder_by_matrix,0421d486f8a041838688df650e87c0a19c3450ab7a7cc8b3dc589ebff86d1c74,"{""distance"":5,""physical_error_rate"":0.0001}","{""detectors_checked"":2720}"
        32,         0,         0,   0.113,decoder_by_matrix,0421d486f8a041838688df650e87c0a19c3450ab7a7cc8b3dc589ebff86d1c74,"{""distance"":5,""physical_error_rate"":0.0001}","{""detectors_checked"":5440}"
        16,         0,         0,   0.113,decoder_by_matrix,9c6baee88fc81e7d1aa345fcb3feec7ee81f21c5d49cb6ca037118097d89e180,"{""distance"":5,""physical_error_rate"":5e-05}","{""detectors_checked"":2720}"
       128,         0,         0,   0.102,decoder_by_matrix,e41ade2e4684e0396b9a3890c882b6453b515d69885aa1d89a26ce21ec554895,"{""distance"":5,""physical_error_rate"":1e-06}","{""detectors_checked"":21760}"
       128,         0,         0,   0.136,decoder_by_matrix,b84cf4b8ca220d31f17e1e2ea9ab927bbc4176b15682c650e7d1dd8f2758172b,"{""distance"":5,""physical_error_rate"":0.0005}","{""detection_events"":70,""detectors_checked"":21760}"
      1024,         0,         0,   0.085,decoder_by_matrix,b84cf4b8ca220d31f17e1e2ea9ab927bbc4176b15682c650e7d1dd8f2758172b,"{""distance"":5,""physical_error_rate"":0.0005}","{""detection_events"":325,""detectors_checked"":174080}"
        64,         0,         0,   0.092,decoder_by_matrix,066a5d8d46981b593c3dec855f441edbe9e755a8873183448f69d036a2ecc650,"{""distance"":5,""physical_error_rate"":0.001}","{""detection_events"":10,""detectors_checked"":10880}"
      1024,         0,         0,   0.086,decoder_by_matrix,066a5d8d46981b593c3dec855f441edbe9e755a8873183448f69d036a2ecc650,"{""distance"":5,""physical_error_rate"":0.001}","{""detection_events"":545,""detectors_checked"":174080}"
        64,         0,         0,   0.089,decoder_by_matrix,0421d486f8a041838688df650e87c0a19c3450ab7a7cc8b3dc589ebff86d1c74,"{""distance"":5,""physical_error_rate"":0.0001}","{""detectors_checked"":10880}"
       128,         0,         0,   0.110,decoder_by_matrix,0421d486f8a041838688df650e87c0a19c3450ab7a7cc8b3dc589ebff86d1c74,"{""distance"":5,""physical_error_rate"":0.0001}","{""detectors_checked"":21760}"
       512,         0,         0,   0.087,decoder_by_matrix,e41ade2e4684e0396b9a3890c882b6453b515d69885aa1d89a26ce21ec554895,"{""distance"":5,""physical_error_rate"":1e-06}","{""detectors_checked"":87040}"
      1024,         0,         0,   0.079,decoder_by_matrix,b84cf4b8ca220d31f17e1e2ea9ab927bbc4176b15682c650e7d1dd8f2758172b,"{""distance"":5,""physical_error_rate"":0.0005}","{""detection_events"":275,""detectors_checked"":174080}"
        64,         0,         0,   0.113,decoder_by_matrix,9c6baee88fc81e7d1aa345fcb3feec7ee81f21c5d49cb6ca037118097d89e180,"{""distance"":5,""physical_error_rate"":5e-05}","{""detectors_checked"":10880}"
       512,         0,         0,   0.114,decoder_by_matrix,b84cf4b8ca220d31f17e1e2ea9ab927bbc4176b15682c650e7d1dd8f2758172b,"{""distance"":5,""physical_error_rate"":0.0005}","{""detection_events"":135,""detectors_checked"":87040}"
      1024,         0,         0,   0.084,decoder_by_matrix,066a5d8d46981b593c3dec855f441edbe9e755a8873183448f69d036a2ecc650,"{""distance"":5,""physical_error_rate"":0.001}","{""detection_events"":455,""detectors_checked"":174080}"
       256,         0,         0,   0.134,decoder_by_matrix,066a5d8d46981b593c3dec855f441edbe9e755a8873183448f69d036a2ecc650,"{""distance"":5,""physical_error_rate"":0.001}","{""detection_events"":175,""detectors_checked"":43520}"
      1024,         0,         0,   0.093,decoder_by_matrix,e41ade2e4684e0396b9a3890c882b6453b515d69885aa1d89a26ce21ec554895,"{""distance"":5,""physical_error_rate"":1e-06}","{""detectors_checked"":174080}"
      1024,         0,         0,   0.077,decoder_by_matrix,b84cf4b8ca220d31f17e1e2ea9ab927bbc4176b15682c650e7d1dd8f2758172b,"{""distance"":5,""physical_error_rate"":0.0005}","{""detection_events"":275,""detectors_checked"":174080}"
       256,         0,         0,   0.113,decoder_by_matrix,0421d486f8a041838688df650e87c0a19c3450ab7a7cc8b3dc589ebff86d1c74,"{""distance"":5,""physical_error_rate"":0.0001}","{""detection_events"":5,""detectors_checked"":43520}"
       512,         0,         0,   0.121,decoder_by_matrix,0421d486f8a041838688df650e87c0a19c3450ab7a7cc8b3dc589ebff86d1c74,"{""distance"":5,""physical_error_rate"":0.0001}","{""detection_events"":85,""detectors_checked"":87040}"
       256,         0,         0,   0.114,decoder_by_matrix,9c6baee88fc81e7d1aa345fcb3feec7ee81f21c5d49cb6ca037118097d89e180,"{""distance"":5,""physical_error_rate"":5e-05}","{""detection_events"":15,""detectors_checked"":43520}"
      1024,         0,         0,   0.114,decoder_by_matrix,b84cf4b8ca220d31f17e1e2ea9ab927bbc4176b15682c650e7d1dd8f2758172b,"{""distance"":5,""physical_error_rate"":0.0005}","{""detection_events"":210,""detectors_checked"":174080}"
      1024,         0,         0,   0.094,decoder_by_matrix,066a5d8d46981b593c3dec855f441edbe9e755a8873183448f69d036a2ecc650,"{""distance"":5,""physical_error_rate"":0.001}","{""detection_events"":830,""detectors_checked"":174080}"
      1024,         0,         0,   0.093,decoder_by_matrix,e41ade2e4684e0396b9a3890c882b6453b515d69885aa1d89a26ce21ec554895,"{""distance"":5,""physical_error_rate"":1e-06}","{""detectors_checked"":174080}"
      1024,         0,         0,   0.085,decoder_by_matrix,0421d486f8a041838688df650e87c0a19c3450ab7a7cc8b3dc589ebff86d1c74,"{""distance"":5,""physical_error_rate"":0.0001}","{""detection_events"":90,""detectors_checked"":174080}"
      1024,         0,         0,   0.086,decoder_by_matrix,b84cf4b8ca220d31f17e1e2ea9ab927bbc4176b15682c650e7d1dd8f2758172b,"{""distance"":5,""physical_error_rate"":0.0005}","{""detection_events"":335,""detectors_checked"":174080}"
      1024,         0,         0,   0.114,decoder_by_matrix,066a5d8d46981b593c3dec855f441edbe9e755a8873183448f69d036a2ecc650,"{""distance"":5,""physical_error_rate"":0.001}","{""detection_events"":630,""detectors_checked"":174080}"
      1024,         0,         0,   0.113,decoder_by_matrix,0421d486f8a041838688df650e87c0a19c3450ab7a7cc8b3dc589ebff86d1c74,"{""distance"":5,""physical_error_rate"":0.0001}","{""detection_events"":100,""detectors_checked"":174080}"
      1024,         0,         0,   0.115,decoder_by_matrix,9c6baee88fc81e7d1aa345fcb3feec7ee81f21c5d49cb6ca037118097d89e180,"{""distance"":5,""physical_error_rate"":5e-05}","{""detectors_checked"":174080}"
      1024,         0,         0,   0.135,decoder_by_matrix,b84cf4b8ca220d31f17e1e2ea9ab927bbc4176b15682c650e7d1dd8f2758172b,"{""distance"":5,""physical_error_rate"":0.0005}","{""detection_events"":315,""detectors_checked"":174080}"
      1024,         0,         0,   0.115,decoder_by_matrix,0421d486f8a041838688df650e87c0a19c3450ab7a7cc8b3dc589ebff86d1c74,"{""distance"":5,""physical_error_rate"":0.0001}","{""detection_events"":65,""detectors_checked"":174080}"
      1024,         0,         0,   0.115,decoder_by_matrix,066a5d8d46981b593c3dec855f441edbe9e755a8873183448f69d036a2ecc650,"{""distance"":5,""physical_error_rate"":0.001}","{""detection_events"":700,""detectors_checked"":174080}"
      2048,         0,         0,   0.188,decoder_by_matrix,066a5d8d46981b593c3dec855f441edbe9e755a8873183448f69d036a2ecc650,"{""distance"":5,""physical_error_rate"":0.001}","{""detection_events"":1170,""detectors_checked"":348160}"
      1024,         0,         0,   0.113,decoder_by_matrix,0421d486f8a041838688df650e87c0a19c3450ab7a7cc8b3dc589ebff86d1c74,"{""distance"":5,""physical_error_rate"":0.0001}","{""detection_events"":60,""detectors_checked"":174080}"
      2048,         0,         0,   0.167,decoder_by_matrix,e41ade2e4684e0396b9a3890c882b6453b515d69885aa1d89a26ce21ec554895,"{""distance"":5,""physical_error_rate"":1e-06}","{""detectors_checked"":348160}"
      1024,         0,         0,   0.131,decoder_by_matrix,9c6baee88fc81e7d1aa345fcb3feec7ee81f21c5d49cb6ca037118097d89e180,"{""distance"":5,""physical_error_rate"":5e-05}","{""detection_events"":45,""detectors_checked"":174080}"
      2048,         0,         0,   0.165,decoder_by_matrix,b84cf4b8ca220d31f17e1e2ea9ab927bbc4176b15682c650e7d1dd8f2758172b,"{""distance"":5,""physical_error_rate"":0.0005}","{""detection_events"":765,""detectors_checked"":348160}"
      1024,         0,         0,   0.113,decoder_by_matrix,b84cf4b8ca220d31f17e1e2ea9ab927bbc4176b15682c650e7d1dd8f2758172b,"{""distance"":5,""physical_error_rate"":0.0005}","{""detection_events"":285,""detectors_checked"":174080}"
      1024,         0,         0,   0.104,decoder_by_matrix,066a5d8d46981b593c3dec855f441edbe9e755a8873183448f69d036a2ecc650,"{""distance"":5,""physical_error_rate"":0.001}","{""detection_events"":510,""detectors_checked"":174080}"
      1024,         0,         0,   0.114,decoder_by_matrix,0421d486f8a041838688df650e87c0a19c3450ab7a7cc8b3dc589ebff86d1c74,"{""distance"":5,""physical_error_rate"":0.0001}","{""detection_events"":50,""detectors_checked"":174080}"
      1024,         0,         0,   0.114,decoder_by_matrix,0421d486f8a041838688df650e87c0a19c3450ab7a7cc8b3dc589ebff86d1c74,"{""distance"":5,""physical_error_rate"":0.0001}","{""detection_events"":70,""detectors_checked"":174080}"
      1024,         0,         0,   0.115,decoder_by_matrix,9c6baee88fc81e7d1aa345fcb3feec7ee81f21c5d49cb6ca037118097d89e180,"{""distance"":5,""physical_error_rate"":5e-05}","{""detection_events"":25,""detectors_checked"":174080}"
      2048,         0,         0,   0.172,decoder_by_matrix,066a5d8d46981b593c3dec855f441edbe9e755a8873183448f69d036a2ecc650,"{""distance"":5,""physical_error_rate"":0.001}","{""detection_events"":1015,""detectors_checked"":348160}"
      2048,         0,         0,   0.208,decoder_by_matrix,e41ade2e4684e0396b9a3890c882b6453b515d69885aa1d89a26ce21ec554895,"{""distance"":5,""physical_error_rate"":1e-06}","{""detectors_checked"":348160}"
      2048,         0,         0,   0.227,decoder_by_matrix,b84cf4b8ca220d31f17e1e2ea9ab927bbc4176b15682c650e7d1dd8f2758172b,"{""distance"":5,""physical_error_rate"":0.0005}","{""detection_events"":470,""detectors_checked"":348160}"
      3072,         0,         0,   0.253,decoder_by_matrix,b84cf4b8ca220d31f17e1e2ea9ab927bbc4176b15682c650e7d1dd8f2758172b,"{""distance"":5,""physical_error_rate"":0.0005}","{""detection_events"":590,""detectors_checked"":522240}"
      2048,         0,         0,   0.211,decoder_by_matrix,0421d486f8a041838688df650e87c0a19c3450ab7a7cc8b3dc589ebff86d1c74,"{""distance"":5,""physical_error_rate"":0.0001}","{""detection_events"":125,""detectors_checked"":348160}"
      2048,         0,         0,   0.227,decoder_by_matrix,066a5d8d46981b593c3dec855f441edbe9e755a8873183448f69d036a2ecc650,"{""distance"":5,""physical_error_rate"":0.001}","{""detection_events"":1445,""detectors_checked"":348160}"
      2048,         0,         0,   0.231,decoder_by_matrix,0421d486f8a041838688df650e87c0a19c3450ab7a7cc8b3dc589ebff86d1c74,"{""distance"":5,""physical_error_rate"":0.0001}","{""detection_events"":195,""detectors_checked"":348160}"
      2048,         0,         0,   0.242,decoder_by_matrix,9c6baee88fc81e7d1aa345fcb3feec7ee81f21c5d49cb6ca037118097d89e180,"{""distance"":5,""physical_error_rate"":5e-05}","{""detection_events"":15,""detectors_checked"":348160}"
      2048,         0,         0,   0.214,decoder_by_matrix,066a5d8d46981b593c3dec855f441edbe9e755a8873183448f69d036a2ecc650,"{""distance"":5,""physical_error_rate"":0.001}","{""detection_events"":1035,""detectors_checked"":348160}"
      2048,         0,         0,   0.228,decoder_by_matrix,b84cf4b8ca220d31f17e1e2ea9ab927bbc4176b15682c650e7d1dd8f2758172b,"{""distance"":5,""physical_error_rate"":0.0005}","{""detection_events"":630,""detectors_checked"":348160}"
      3072,         0,         0,   0.303,decoder_by_matrix,e41ade2e4684e0396b9a3890c882b6453b515d69885aa1d89a26ce21ec554895,"{""distance"":5,""physical_error_rate"":1e-06}","{""detectors_checked"":522240}"
      2048,         0,         0,   0.253,decoder_by_matrix,0421d486f8a041838688df650e87c0a19c3450ab7a7cc8b3dc589ebff86d1c74,"{""distance"":5,""physical_error_rate"":0.0001}","{""detection_events"":205,""detectors_checked"":348160}"
      2048,         0,         0,   0.231,decoder_by_matrix,066a5d8d46981b593c3dec855f441edbe9e755a8873183448f69d036a2ecc650,"{""distance"":5,""physical_error_rate"":0.001}","{""detection_events"":1250,""detectors_checked"":348160}"
      2048,         0,         0,   0.235,decoder_by_matrix,0421d486f8a041838688df650e87c0a19c3450ab7a7cc8b3dc589ebff86d1c74,"{""distance"":5,""physical_error_rate"":0.0001}","{""detection_events"":160,""detectors_checked"":348160}"
      2048,         0,         0,   0.243,decoder_by_matrix,9c6baee88fc81e7d1aa345fcb3feec7ee81f21c5d49cb6ca037118097d89e180,"{""distance"":5,""physical_error_rate"":5e-05}","{""detection_events"":75,""detectors_checked"":348160}"
      4096,         0,         0,   0.337,decoder_by_matrix,b84cf4b8ca220d31f17e1e2ea9ab927bbc4176b15682c650e7d1dd8f2758172b,"{""distance"":5,""physical_error_rate"":0.0005}","{""detection_events"":1125,""detectors_checked"":696320}"
      4096,         0,         0,   0.366,decoder_by_matrix,066a5d8d46981b593c3dec855f441edbe9e755a8873183448f69d036a2ecc650,"{""distance"":5,""physical_error_rate"":0.001}","{""detection_events"":2140,""detectors_checked"":696320}"
      3072,         0,         0,   0.289,decoder_by_matrix,e41ade2e4684e0396b9a3890c882b6453b515d69885aa1d89a26ce21ec554895,"{""distance"":5,""physical_error_rate"":1e-06}","{""detectors_checked"":522240}"
      3072,         0,         0,   0.345,decoder_by_matrix,b84cf4b8ca220d31f17e1e2ea9ab927bbc4176b15682c650e7d1dd8f2758172b,"{""distance"":5,""physical_error_rate"":0.0005}","{""detection_events"":1315,""detectors_checked"":522240}"
      3072,         0,         0,   0.341,decoder_by_matrix,0421d486f8a041838688df650e87c0a19c3450ab7a7cc8b3dc589ebff86d1c74,"{""distance"":5,""physical_error_rate"":0.0001}","{""detection_events"":95,""detectors_checked"":522240}"
      3072,         0,         0,   0.338,decoder_by_matrix,066a5d8d46981b593c3dec855f441edbe9e755a8873183448f69d036a2ecc650,"{""distance"":5,""physical_error_rate"":0.001}","{""detection_events"":1900,""detectors_checked"":522240}"
      3072,         0,         0,   0.340,decoder_by_matrix,0421d486f8a041838688df650e87c0a19c3450ab7a7cc8b3dc589ebff86d1c74,"{""distance"":5,""physical_error_rate"":0.0001}","{""detection_events"":280,""detectors_checked"":522240}"
      3072,         0,         0,   0.363,decoder_by_matrix,9c6baee88fc81e7d1aa345fcb3feec7ee81f21c5d49cb6ca037118097d89e180,"{""distance"":5,""physical_error_rate"":5e-05}","{""detectors_checked"":522240}"
      5120,         0,         0,   0.450,decoder_by_matrix,b84cf4b8ca220d31f17e1e2ea9ab927bbc4176b15682c650e7d1dd8f2758172b,"{""distance"":5,""physical_error_rate"":0.0005}","{""detection_events"":1355,""detectors_checked"":870400}"
      5120,         0,         0,   0.437,decoder_by_matrix,066a5d8d46981b593c3dec855f441edbe9e755a8873183448f69d036a2ecc650,"{""distance"":5,""physical_error_rate"":0.001}","{""detection_events"":2975,""detectors_checked"":870400}"
      5120,         0,         0,   0.479,decoder_by_matrix,e41ade2e4684e0396b9a3890c882b6453b515d69885aa1d89a26ce21ec554895,"{""distance"":5,""physical_error_rate"":1e-06}","{""detectors_checked"":870400}"
      5120,         0,         0,   0.464,decoder_by_matrix,066a5d8d46981b593c3dec855f441edbe9e755a8873183448f69d036a2ecc650,"{""distance"":5,""physical_error_rate"":0.001}","{""detection_events"":2745,""detectors_checked"":870400}"
      4096,         0,         0,   0.474,decoder_by_matrix,0421d486f8a041838688df650e87c0a19c3450ab7a7cc8b3dc589ebff86d1c74,"{""distance"":5,""physical_error_rate"":0.0001}","{""detection_events"":180,""detectors_checked"":696320}"
      4096,         0,         0,   0.525,decoder_by_matrix,b84cf4b8ca220d31f17e1e2ea9ab927bbc4176b15682c650e7d1dd8f2758172b,"{""distance"":5,""physical_error_rate"":0.0005}","{""detection_events"":1365,""detectors_checked"":696320}"
      4096,         0,         0,   0.477,decoder_by_matrix,0421d486f8a041838688df650e87c0a19c3450ab7a7cc8b3dc589ebff86d1c74,"{""distance"":5,""physical_error_rate"":0.0001}","{""detection_events"":270,""detectors_checked"":696320}"
      4096,         0,         0,   0.472,decoder_by_matrix,9c6baee88fc81e7d1aa345fcb3feec7ee81f21c5d49cb6ca037118097d89e180,"{""distance"":5,""physical_error_rate"":5e-05}","{""detection_events"":225,""detectors_checked"":696320}"
      7168,         0,         0,   0.593,decoder_by_matrix,b84cf4b8ca220d31f17e1e2ea9ab927bbc4176b15682c650e7d1dd8f2758172b,"{""distance"":5,""physical_error_rate"":0.0005}","{""detection_events"":2195,""detectors_checked"":1218560}"
      7168,         0,         0,   0.629,decoder_by_matrix,066a5d8d46981b593c3dec855f441edbe9e755a8873183448f69d036a2ecc650,"{""distance"":5,""physical_error_rate"":0.001}","{""detection_events"":3515,""detectors_checked"":1218560}"
      6144,         0,         0,   0.589,decoder_by_matrix,e41ade2e4684e0396b9a3890c882b6453b515d69885aa1d89a26ce21ec554895,"{""distance"":5,""physical_error_rate"":1e-06}","{""detectors_checked"":1044480}"
      6144,         0,         0,   0.569,decoder_by_matrix,066a5d8d46981b593c3dec855f441edbe9e755a8873183448f69d036a2ecc650,"{""distance"":5,""physical_error_rate"":0.001}","{""detection_events"":3330,""detectors_checked"":1044480}"
      5120,         0,         0,   0.609,decoder_by_matrix,0421d486f8a041838688df650e87c0a19c3450ab7a7cc8b3dc589ebff86d1c74,"{""distance"":5,""physical_error_rate"":0.0001}","{""detection_events"":355,""detectors_checked"":870400}"
      5120,         0,         0,   0.589,decoder_by_matrix,0421d486f8a041838688df650e87c0a19c3450ab7a7cc8b3dc589ebff86d1c74,"{""distance"":5,""physical_error_rate"":0.0001}","{""detection_events"":135,""detectors_checked"":870400}"
      5120,         0,         0,   0.646,decoder_by_matrix,b84cf4b8ca220d31f17e1e2ea9ab927bbc4176b15682c650e7d1dd8f2758172b,"{""distance"":5,""physical_error_rate"":0.0005}","{""detection_events"":1400,""detectors_checked"":870400}"
      5120,         0,         0,   0.619,decoder_by_matrix,9c6baee88fc81e7d1aa345fcb3feec7ee81f21c5d49cb6ca037118097d89e180,"{""distance"":5,""physical_error_rate"":5e-05}","{""detection_events"":230,""detectors_checked"":870400}"
      9216,         0,         0,   0.787,decoder_by_matrix,b84cf4b8ca220d31f17e1e2ea9ab927bbc4176b15682c650e7d1dd8f2758172b,"{""distance"":5,""physical_error_rate"":0.0005}","{""detection_events"":2655,""detectors_checked"":1566720}"
      9216,         0,         0,   0.818,decoder_by_matrix,066a5d8d46981b593c3dec855f441edbe9e755a8873183448f69d036a2ecc650,"{""distance"":5,""physical_error_rate"":0.001}","{""detection_events"":5510,""detectors_checked"":1566720}"
      9216,         0,         0,   0.895,decoder_by_matrix,e41ade2e4684e0396b9a3890c882b6453b515d69885aa1d89a26ce21ec554895,"{""distance"":5,""physical_error_rate"":1e-06}","{""detectors_checked"":1566720}"
      7168,         0,         0,   0.838,decoder_by_matrix,0421d486f8a041838688df650e87c0a19c3450ab7a7cc8b3dc589ebff86d1c74,"{""distance"":5,""physical_error_rate"":0.0001}","{""detection_events"":210,""detectors_checked"":1218560}"
      7168,         0,         0,   0.838,decoder_by_matrix,b84cf4b8ca220d31f17e1e2ea9ab927bbc4176b15682c650e7d1dd8f2758172b,"{""distance"":5,""physical_error_rate"":0.0005}","{""detection_events"":1800,""detectors_checked"":1218560}"
      8192,         0,         0,   0.924,decoder_by_matrix,066a5d8d46981b593c3dec855f441edbe9e755a8873183448f69d036a2ecc650,"{""distance"":5,""physical_error_rate"":0.001}","{""detection_events"":4750,""detectors_checked"":1392640}"
      7168,         0,         0,   0.854,decoder_by_matrix,0421d486f8a041838688df650e87c0a19c3450ab7a7cc8b3dc589ebff86d1c74,"{""distance"":5,""physical_error_rate"":0.0001}","{""detection_events"":315,""detectors_checked"":1218560}"
      7168,         0,         0,   0.839,decoder_by_matrix,9c6baee88fc81e7d1aa345fcb3feec7ee81f21c5d49cb6ca037118097d89e180,"{""distance"":5,""physical_error_rate"":5e-05}","{""detection_events"":370,""detectors_checked"":1218560}"
   1067008,         1,         0,   119.4,decoder_by_matrix,066a5d8d46981b593c3dec855f441edbe9e755a8873183448f69d036a2ecc650,"{""distance"":5,""physical_error_rate"":0.001}","{""detection_events"":602805,""detectors_checked"":181391360,""obs_mistake_mask=___E"":1}"
     13312,         0,         0,    1.17,decoder_by_matrix,b84cf4b8ca220d31f17e1e2ea9ab927bbc4176b15682c650e7d1dd8f2758172b,"{""distance"":5,""physical_error_rate"":0.0005}","{""detection_events"":3600,""detectors_checked"":2263040}"
     15360,         0,         0,    1.16,decoder_by_matrix,066a5d8d46981b593c3dec855f441edbe9e755a8873183448f69d036a2ecc650,"{""distance"":5,""physical_error_rate"":0.001}","{""detection_events"":8075,""detectors_checked"":2611200}"
     12288,         0,         0,    1.15,decoder_by_matrix,e41ade2e4684e0396b9a3890c882b6453b515d69885aa1d89a26ce21ec554895,"{""distance"":5,""physical_error_rate"":1e-06}","{""detectors_checked"":2088960}"
      9216,         0,         0,    1.13,decoder_by_matrix,b84cf4b8ca220d31f17e1e2ea9ab927bbc4176b15682c650e7d1dd8f2758172b,"{""distance"":5,""physical_error_rate"":0.0005}","{""detection_events"":2585,""detectors_checked"":1566720}"
     10240,         0,         0,    1.18,decoder_by_matrix,0421d486f8a041838688df650e87c0a19c3450ab7a7cc8b3dc589ebff86d1c74,"{""distance"":5,""physical_error_rate"":0.0001}","{""detection_events"":605,""detectors_checked"":1740800}"
     12288,         0,         0,    1.17,decoder_by_matrix,066a5d8d46981b593c3dec855f441edbe9e755a8873183448f69d036a2ecc650,"{""distance"":5,""physical_error_rate"":0.001}","{""detection_events"":6645,""detectors_checked"":2088960}"
     10240,         0,         0,    1.20,decoder_by_matrix,0421d486f8a041838688df650e87c0a19c3450ab7a7cc8b3dc589ebff86d1c74,"{""distance"":5,""physical_error_rate"":0.0001}","{""detection_events"":755,""detectors_checked"":1740800}"
     10240,         0,         0,    1.20,decoder_by_matrix,9c6baee88fc81e7d1aa345fcb3feec7ee81f21c5d49cb6ca037118097d89e180,"{""distance"":5,""physical_error_rate"":5e-05}","{""detection_events"":160,""detectors_checked"":1740800}"
     18432,         0,         0,    1.60,decoder_by_matrix,b84cf4b8ca220d31f17e1e2ea9ab927bbc4176b15682c650e7d1dd8f2758172b,"{""distance"":5,""physical_error_rate"":0.0005}","{""detection_events"":5095,""detectors_checked"":3133440}"
     17408,         0,         0,    1.59,decoder_by_matrix,066a5d8d46981b593c3dec855f441edbe9e755a8873183448f69d036a2ecc650,"{""distance"":5,""physical_error_rate"":0.001}","{""detection_events"":9545,""detectors_checked"":2959360}"
     16384,         0,         0,    1.56,decoder_by_matrix,e41ade2e4684e0396b9a3890c882b6453b515d69885aa1d89a26ce21ec554895,"{""distance"":5,""physical_error_rate"":1e-06}","{""detectors_checked"":2785280}"
     13312,         0,         0,    1.56,decoder_by_matrix,b84cf4b8ca220d31f17e1e2ea9ab927bbc4176b15682c650e7d1dd8f2758172b,"{""distance"":5,""physical_error_rate"":0.0005}","{""detection_events"":3595,""detectors_checked"":2263040}"
     16384,         0,         0,    1.56,decoder_by_matrix,066a5d8d46981b593c3dec855f441edbe9e755a8873183448f69d036a2ecc650,"{""distance"":5,""physical_error_rate"":0.001}","{""detection_events"":9260,""detectors_checked"":2785280}"
     13312,         0,         0,    1.59,decoder_by_matrix,0421d486f8a041838688df650e87c0a19c3450ab7a7cc8b3dc589ebff86d1c74,"{""distance"":5,""physical_error_rate"":0.0001}","{""detection_events"":760,""detectors_checked"":2263040}"
     14336,         0,         0,    1.68,decoder_by_matrix,0421d486f8a041838688df650e87c0a19c3450ab7a7cc8b3dc589ebff86d1c74,"{""distance"":5,""physical_error_rate"":0.0001}","{""detection_events"":835,""detectors_checked"":2437120}"
     13312,         0,         0,    1.61,decoder_by_matrix,9c6baee88fc81e7d1aa345fcb3feec7ee81f21c5d49cb6ca037118097d89e180,"{""distance"":5,""physical_error_rate"":5e-05}","{""detection_events"":270,""detectors_checked"":2263040}"
   1376256,         0,         0,   119.6,decoder_by_matrix,9c6baee88fc81e7d1aa345fcb3feec7ee81f21c5d49cb6ca037118097d89e180,"{""distance"":5,""physical_error_rate"":5e-05}","{""detection_events"":38260,""detectors_checked"":233963520}"
     25600,         0,         0,    2.19,decoder_by_matrix,b84cf4b8ca220d31f17e1e2ea9ab927bbc4176b15682c650e7d1dd8f2758172b,"{""distance"":5,""physical_error_rate"":0.0005}","{""detection_events"":7380,""detectors_checked"":4352000}"
     23552,         0,         0,    2.22,decoder_by_matrix,066a5d8d46981b593c3dec855f441edbe9e755a8873183448f69d036a2ecc650,"{""distance"":5,""physical_error_rate"":0.001}","{""detection_events"":12800,""detectors_checked"":4003840}"
     23552,         0,         0,    2.22,decoder_by_matrix,e41ade2e4684e0396b9a3890c882b6453b515d69885aa1d89a26ce21ec554895,"{""distance"":5,""physical_error_rate"":1e-06}","{""detectors_checked"":4003840}"
     18432,         0,         0,    2.21,decoder_by_matrix,b84cf4b8ca220d31f17e1e2ea9ab927bbc4176b15682c650e7d1dd8f2758172b,"{""distance"":5,""physical_error_rate"":0.0005}","{""detection_events"":5525,""detectors_checked"":3133440}"
   1094656,         0,         0,   119.4,decoder_by_matrix,b84cf4b8ca220d31f17e1e2ea9ab927bbc4176b15682c650e7d1dd8f2758172b,"{""distance"":5,""physical_error_rate"":0.0005}","{""detection_events"":311170,""detectors_checked"":186091520}"
     23552,         0,         0,    2.25,decoder_by_matrix,066a5d8d46981b593c3dec855f441edbe9e755a8873183448f69d036a2ecc650,"{""distance"":5,""physical_error_rate"":0.001}","{""detection_events"":14355,""detectors_checked"":4003840}"
     18432,         0,         0,    2.25,decoder_by_matrix,0421d486f8a041838688df650e87c0a19c3450ab7a7cc8b3dc589ebff86d1c74,"{""distance"":5,""physical_error_rate"":0.0001}","{""detection_events"":1045,""detectors_checked"":3133440}"
     19456,         0,         0,    2.25,decoder_by_matrix,0421d486f8a041838688df650e87c0a19c3450ab7a7cc8b3dc589ebff86d1c74,"{""distance"":5,""physical_error_rate"":0.0001}","{""detection_events"":835,""detectors_checked"":3307520}"
     18432,         0,         0,    2.26,decoder_by_matrix,9c6baee88fc81e7d1aa345fcb3feec7ee81f21c5d49cb6ca037118097d89e180,"{""distance"":5,""physical_error_rate"":5e-05}","{""detection_events"":435,""detectors_checked"":3133440}"
     34816,         0,         0,    3.04,decoder_by_matrix,b84cf4b8ca220d31f17e1e2ea9ab927bbc4176b15682c650e7d1dd8f2758172b,"{""distance"":5,""physical_error_rate"":0.0005}","{""detection_events"":9995,""detectors_checked"":5918720}"
     33792,         1,         0,    3.09,decoder_by_matrix,066a5d8d46981b593c3dec855f441edbe9e755a8873183448f69d036a2ecc650,"{""distance"":5,""physical_error_rate"":0.001}","{""detection_events"":19960,""detectors_checked"":5744640,""obs_mistake_mask=___E"":1}"
     32768,         0,         0,    3.12,decoder_by_matrix,e41ade2e4684e0396b9a3890c882b6453b515d69885aa1d89a26ce21ec554895,"{""distance"":5,""physical_error_rate"":1e-06}","{""detection_events"":15,""detectors_checked"":5570560}"
     25600,         0,         0,    3.09,decoder_by_matrix,b84cf4b8ca220d31f17e1e2ea9ab927bbc4176b15682c650e7d1dd8f2758172b,"{""distance"":5,""physical_error_rate"":0.0005}","{""detection_events"":7065,""detectors_checked"":4352000}"
     31744,         1,         0,    3.06,decoder_by_matrix,066a5d8d46981b593c3dec855f441edbe9e755a8873183448f69d036a2ecc650,"{""distance"":5,""physical_error_rate"":0.001}","{""detection_events"":16840,""detectors_checked"":5396480,""obs_mistake_mask=_EEE"":1}"
     25600,         0,         0,    3.13,decoder_by_matrix,0421d486f8a041838688df650e87c0a19c3450ab7a7cc8b3dc589ebff86d1c74,"{""distance"":5,""physical_error_rate"":0.0001}","{""detection_events"":1195,""detectors_checked"":4352000}"
     26624,         0,         0,    3.08,decoder_by_matrix,0421d486f8a041838688df650e87c0a19c3450ab7a7cc8b3dc589ebff86d1c74,"{""distance"":5,""physical_error_rate"":0.0001}","{""detection_events"":1645,""detectors_checked"":4526080}"
     25600,         0,         0,    3.14,decoder_by_matrix,9c6baee88fc81e7d1aa345fcb3feec7ee81f21c5d49cb6ca037118097d89e180,"{""distance"":5,""physical_error_rate"":5e-05}","{""detection_events"":685,""detectors_checked"":4352000}"
    189440,         1,         0,    22.8,decoder_by_matrix,066a5d8d46981b593c3dec855f441edbe9e755a8873183448f69d036a2ecc650,"{""distance"":5,""physical_error_rate"":0.001}","{""detection_events"":106500,""detectors_checked"":32204800,""obs_mistake_mask=_E__"":1}"
    218112,         0,         0,    22.9,decoder_by_matrix,9c6baee88fc81e7d1aa345fcb3feec7ee81f21c5d49cb6ca037118097d89e180,"{""distance"":5,""physical_error_rate"":5e-05}","{""detection_events"":6055,""detectors_checked"":37079040}"
    220160,         0,         0,    22.9,decoder_by_matrix,066a5d8d46981b593c3dec855f441edbe9e755a8873183448f69d036a2ecc650,"{""distance"":5,""physical_error_rate"":0.001}","{""detection_events"":122570,""detectors_checked"":37427200}"
    218112,         0,         0,    22.8,decoder_by_matrix,0421d486f8a041838688df650e87c0a19c3450ab7a7cc8b3dc589ebff86d1c74,"{""distance"":5,""physical_error_rate"":0.0001}","{""detection_events"":12580,""detectors_checked"":37079040}"
    201728,         0,         0,    22.8,decoder_by_matrix,e41ade2e4684e0396b9a3890c882b6453b515d69885aa1d89a26ce21ec554895,"{""distance"":5,""physical_error_rate"":1e-06}","{""detection_events"":155,""detectors_checked"":34293760}"
    206848,         0,         0,    22.9,decoder_by_matrix,b84cf4b8ca220d31f17e1e2ea9ab927bbc4176b15682c650e7d1dd8f2758172b,"{""distance"":5,""physical_error_rate"":0.0005}","{""detection_events"":58245,""detectors_checked"":35164160}"
     49152,         0,         0,    4.24,decoder_by_matrix,b84cf4b8ca220d31f17e1e2ea9ab927bbc4176b15682c650e7d1dd8f2758172b,"{""distance"":5,""physical_error_rate"":0.0005}","{""detection_events"":13955,""detectors_checked"":8355840}"
     48128,         0,         0,    4.37,decoder_by_matrix,066a5d8d46981b593c3dec855f441edbe9e755a8873183448f69d036a2ecc650,"{""distance"":5,""physical_error_rate"":0.001}","{""detection_events"":28230,""detectors_checked"":8181760}"
     45056,         0,         0,    4.29,decoder_by_matrix,e41ade2e4684e0396b9a3890c882b6453b515d69885aa1d89a26ce21ec554895,"{""distance"":5,""physical_error_rate"":1e-06}","{""detection_events"":65,""detectors_checked"":7659520}"
     44032,         0,         0,    4.27,decoder_by_matrix,066a5d8d46981b593c3dec855f441edbe9e755a8873183448f69d036a2ecc650,"{""distance"":5,""physical_error_rate"":0.001}","{""detection_events"":25905,""detectors_checked"":7485440}"
     35840,         0,         0,    4.35,decoder_by_matrix,b84cf4b8ca220d31f17e1e2ea9ab927bbc4176b15682c650e7d1dd8f2758172b,"{""distance"":5,""physical_error_rate"":0.0005}","{""detection_events"":9365,""detectors_checked"":6092800}"
     35840,         0,         0,    4.29,decoder_by_matrix,0421d486f8a041838688df650e87c0a19c3450ab7a7cc8b3dc589ebff86d1c74,"{""distance"":5,""physical_error_rate"":0.0001}","{""detection_events"":2445,""detectors_checked"":6092800}"
     36864,         0,         0,    4.33,decoder_by_matrix,0421d486f8a041838688df650e87c0a19c3450ab7a7cc8b3dc589ebff86d1c74,"{""distance"":5,""physical_error_rate"":0.0001}","{""detection_events"":2280,""detectors_checked"":6266880}"
     36864,         0,         0,    4.38,decoder_by_matrix,9c6baee88fc81e7d1aa345fcb3feec7ee81f21c5d49cb6ca037118097d89e180,"{""distance"":5,""physical_error_rate"":5e-05}","{""detection_events"":1195,""detectors_checked"":6266880}"
     68608,         0,         0,    6.04,decoder_by_matrix,b84cf4b8ca220d31f17e1e2ea9ab927bbc4176b15682c650e7d1dd8f2758172b,"{""distance"":5,""physical_error_rate"":0.0005}","{""detection_events"":20185,""detectors_checked"":11663360}"
     67584,         0,         0,    6.01,decoder_by_matrix,066a5d8d46981b593c3dec855f441edbe9e755a8873183448f69d036a2ecc650,"{""distance"":5,""physical_error_rate"":0.001}","{""detection_events"":38810,""detectors_checked"":11489280}"
     63488,         0,         0,    5.95,decoder_by_matrix,e41ade2e4684e0396b9a3890c882b6453b515d69885aa1d89a26ce21ec554895,"{""distance"":5,""physical_error_rate"":1e-06}","{""detection_events"":35,""detectors_checked"":10792960}"
     61440,         0,         0,    5.97,decoder_by_matrix,066a5d8d46981b593c3dec855f441edbe9e755a8873183448f69d036a2ecc650,"{""distance"":5,""physical_error_rate"":0.001}","{""detection_events"":36290,""detectors_checked"":10444800}"
     49152,         0,         0,    6.02,decoder_by_matrix,b84cf4b8ca220d31f17e1e2ea9ab927bbc4176b15682c650e7d1dd8f2758172b,"{""distance"":5,""physical_error_rate"":0.0005}","{""detection_events"":14210,""detectors_checked"":8355840}"
     51200,         0,         0,    6.01,decoder_by_matrix,0421d486f8a041838688df650e87c0a19c3450ab7a7cc8b3dc589ebff86d1c74,"{""distance"":5,""physical_error_rate"":0.0001}","{""detection_events"":3305,""detectors_checked"":8704000}"
     51200,         0,         0,    6.04,decoder_by_matrix,0421d486f8a041838688df650e87c0a19c3450ab7a7cc8b3dc589ebff86d1c74,"{""distance"":5,""physical_error_rate"":0.0001}","{""detection_events"":2730,""detectors_checked"":8704000}"
     50176,         0,         0,    6.00,decoder_by_matrix,9c6baee88fc81e7d1aa345fcb3feec7ee81f21c5d49cb6ca037118097d89e180,"{""distance"":5,""physical_error_rate"":5e-05}","{""detection_events"":1520,""detectors_checked"":8529920}"
     77824,         0,         0,    8.37,decoder_by_matrix,b84cf4b8ca220d31f17e1e2ea9ab927bbc4176b15682c650e7d1dd8f2758172b,"{""distance"":5,""physical_error_rate"":0.0005}","{""detection_events"":20125,""detectors_checked"":13230080}"
     89088,         0,         0,    8.39,decoder_by_matrix,e41ade2e4684e0396b9a3890c882b6453b515d69885aa1d89a26ce21ec554895,"{""distance"":5,""physical_error_rate"":1e-06}","{""detection_events"":60,""detectors_checked"":15144960}"
     87040,         1,         0,    8.37,decoder_by_matrix,066a5d8d46981b593c3dec855f441edbe9e755a8873183448f69d036a2ecc650,"{""distance"":5,""physical_error_rate"":0.001}","{""detection_events"":47795,""detectors_checked"":14796800,""obs_mistake_mask=E_E_"":1}"
     90112,         0,         0,    8.43,decoder_by_matrix,066a5d8d46981b593c3dec855f441edbe9e755a8873183448f69d036a2ecc650,"{""distance"":5,""physical_error_rate"":0.001}","{""detection_events"":51700,""detectors_checked"":15319040}"
     70656,         0,         0,    8.35,decoder_by_matrix,b84cf4b8ca220d31f17e1e2ea9ab927bbc4176b15682c650e7d1dd8f2758172b,"{""distance"":5,""physical_error_rate"":0.0005}","{""detection_events"":19565,""detectors_checked"":12011520}"
     69632,         0,         0,    8.23,decoder_by_matrix,0421d486f8a041838688df650e87c0a19c3450ab7a7cc8b3dc589ebff86d1c74,"{""distance"":5,""physical_error_rate"":0.0001}","{""detection_events"":3720,""detectors_checked"":11837440}"
     71680,         0,         0,    8.40,decoder_by_matrix,0421d486f8a041838688df650e87c0a19c3450ab7a7cc8b3dc589ebff86d1c74,"{""distance"":5,""physical_error_rate"":0.0001}","{""detection_events"":3575,""detectors_checked"":12185600}"
     67584,         0,         0,    8.35,decoder_by_matrix,9c6baee88fc81e7d1aa345fcb3feec7ee81f21c5d49cb6ca037118097d89e180,"{""distance"":5,""physical_error_rate"":5e-05}","{""detection_events"":2055,""detectors_checked"":11489280}"
    104448,         0,         0,    11.7,decoder_by_matrix,b84cf4b8ca220d31f17e1e2ea9ab927bbc4176b15682c650e7d1dd8f2758172b,"{""distance"":5,""physical_error_rate"":0.0005}","{""detection_events"":29530,""detectors_checked"":17756160}"
    103424,         0,         0,    11.6,decoder_by_matrix,066a5d8d46981b593c3dec855f441edbe9e755a8873183448f69d036a2ecc650,"{""distance"":5,""physical_error_rate"":0.001}","{""detection_events"":60885,""detectors_checked"":17582080}"
    123904,         0,         0,    11.7,decoder_by_matrix,e41ade2e4684e0396b9a3890c882b6453b515d69885aa1d89a26ce21ec554895,"{""distance"":5,""physical_error_rate"":1e-06}","{""detection_events"":10,""detectors_checked"":21063680}"
    126976,         0,         0,    11.7,decoder_by_matrix,066a5d8d46981b593c3dec855f441edbe9e755a8873183448f69d036a2ecc650,"{""distance"":5,""physical_error_rate"":0.001}","{""detection_events"":71100,""detectors_checked"":21585920}"
    116736,         0,         0,    11.7,decoder_by_matrix,b84cf4b8ca220d31f17e1e2ea9ab927bbc4176b15682c650e7d1dd8f2758172b,"{""distance"":5,""physical_error_rate"":0.0005}","{""detection_events"":33840,""detectors_checked"":19845120}"
     98304,         0,         0,    11.8,decoder_by_matrix,0421d486f8a041838688df650e87c0a19c3450ab7a7cc8b3dc589ebff86d1c74,"{""distance"":5,""physical_error_rate"":0.0001}","{""detection_events"":5635,""detectors_checked"":16711680}"
     98304,         0,         0,    11.7,decoder_by_matrix,0421d486f8a041838688df650e87c0a19c3450ab7a7cc8b3dc589ebff86d1c74,"{""distance"":5,""physical_error_rate"":0.0001}","{""detection_events"":5715,""detectors_checked"":16711680}"
     99328,         0,         0,    11.7,decoder_by_matrix,9c6baee88fc81e7d1aa345fcb3feec7ee81f21c5d49cb6ca037118097d89e180,"{""distance"":5,""physical_error_rate"":5e-05}","{""detection_events"":2870,""detectors_checked"":16885760}"
    279552,         1,         0,    31.9,decoder_by_matrix,066a5d8d46981b593c3dec855f441edbe9e755a8873183448f69d036a2ecc650,"{""distance"":5,""physical_error_rate"":0.001}","{""detection_events"":158955,""detectors_checked"":47523840,""obs_mistake_mask=_E__"":1}"
    347136,         0,         0,    32.0,decoder_by_matrix,9c6baee88fc81e7d1aa345fcb3feec7ee81f21c5d49cb6ca037118097d89e180,"{""distance"":5,""physical_error_rate"":5e-05}","{""detection_events"":9790,""detectors_checked"":59013120}"
    272384,         0,         0,    31.9,decoder_by_matrix,0421d486f8a041838688df650e87c0a19c3450ab7a7cc8b3dc589ebff86d1c74,"{""distance"":5,""physical_error_rate"":0.0001}","{""detection_events"":15035,""detectors_checked"":46305280}"
    335872,         0,         0,    32.2,decoder_by_matrix,066a5d8d46981b593c3dec855f441edbe9e755a8873183448f69d036a2ecc650,"{""distance"":5,""physical_error_rate"":0.001}","{""detection_events"":194160,""detectors_checked"":57098240}"
    281600,         0,         0,    32.0,decoder_by_matrix,e41ade2e4684e0396b9a3890c882b6453b515d69885aa1d89a26ce21ec554895,"{""distance"":5,""physical_error_rate"":1e-06}","{""detection_events"":155,""detectors_checked"":47872000}"
    268288,         0,         0,    32.0,decoder_by_matrix,b84cf4b8ca220d31f17e1e2ea9ab927bbc4176b15682c650e7d1dd8f2758172b,"{""distance"":5,""physical_error_rate"":0.0005}","{""detection_events"":79035,""detectors_checked"":45608960}"
    126976,         0,         0,    16.3,decoder_by_matrix,b84cf4b8ca220d31f17e1e2ea9ab927bbc4176b15682c650e7d1dd8f2758172b,"{""distance"":5,""physical_error_rate"":0.0005}","{""detection_events"":36230,""detectors_checked"":21585920}"
    167936,         0,         0,    16.4,decoder_by_matrix,066a5d8d46981b593c3dec855f441edbe9e755a8873183448f69d036a2ecc650,"{""distance"":5,""physical_error_rate"":0.001}","{""detection_events"":94985,""detectors_checked"":28549120}"
    173056,         0,         0,    16.3,decoder_by_matrix,e41ade2e4684e0396b9a3890c882b6453b515d69885aa1d89a26ce21ec554895,"{""distance"":5,""physical_error_rate"":1e-06}","{""detection_events"":120,""detectors_checked"":29419520}"
    182272,         0,         0,    16.4,decoder_by_matrix,066a5d8d46981b593c3dec855f441edbe9e755a8873183448f69d036a2ecc650,"{""distance"":5,""physical_error_rate"":0.001}","{""detection_events"":105380,""detectors_checked"":30986240}"
    153600,         0,         0,    16.3,decoder_by_matrix,b84cf4b8ca220d31f17e1e2ea9ab927bbc4176b15682c650e7d1dd8f2758172b,"{""distance"":5,""physical_error_rate"":0.0005}","{""detection_events"":44585,""detectors_checked"":26112000}"
    138240,         0,         0,    16.3,decoder_by_matrix,0421d486f8a041838688df650e87c0a19c3450ab7a7cc8b3dc589ebff86d1c74,"{""distance"":5,""physical_error_rate"":0.0001}","{""detection_events"":8370,""detectors_checked"":23500800}"
    140288,         0,         0,    16.3,decoder_by_matrix,0421d486f8a041838688df650e87c0a19c3450ab7a7cc8b3dc589ebff86d1c74,"{""distance"":5,""physical_error_rate"":0.0001}","{""detection_events"":7510,""detectors_checked"":23848960}"
    138240,         0,         0,    16.4,decoder_by_matrix,9c6baee88fc81e7d1aa345fcb3feec7ee81f21c5d49cb6ca037118097d89e180,"{""distance"":5,""physical_error_rate"":5e-05}","{""detection_events"":4125,""detectors_checked"":23500800}"
   1083392,         0,         0,   119.4,decoder_by_matrix,0421d486f8a041838688df650e87c0a19c3450ab7a7cc8b3dc589ebff86d1c74,"{""distance"":5,""physical_error_rate"":0.0001}","{""detection_events"":61035,""detectors_checked"":184176640}"
   1219584,         0,         0,   119.5,decoder_by_matrix,e41ade2e4684e0396b9a3890c882b6453b515d69885aa1d89a26ce21ec554895,"{""distance"":5,""physical_error_rate"":1e-06}","{""detection_events"":685,""detectors_checked"":207329280}"
   1195008,         0,         0,   119.5,decoder_by_matrix,0421d486f8a041838688df650e87c0a19c3450ab7a7cc8b3dc589ebff86d1c74,"{""distance"":5,""physical_error_rate"":0.0001}","{""detection_events"":71115,""detectors_checked"":203151360}"
   1196032,         0,         0,   119.7,decoder_by_matrix,b84cf4b8ca220d31f17e1e2ea9ab927bbc4176b15682c650e7d1dd8f2758172b,"{""distance"":5,""physical_error_rate"":0.0005}","{""detection_events"":342855,""detectors_checked"":203325440}"
   1039360,         0,         0,   119.6,decoder_by_matrix,e41ade2e4684e0396b9a3890c882b6453b515d69885aa1d89a26ce21ec554895,"{""distance"":5,""physical_error_rate"":1e-06}","{""detection_events"":655,""detectors_checked"":176691200}"
    172032,         0,         0,    22.8,decoder_by_matrix,b84cf4b8ca220d31f17e1e2ea9ab927bbc4176b15682c650e7d1dd8f2758172b,"{""distance"":5,""physical_error_rate"":0.0005}","{""detection_events"":47750,""detectors_checked"":29245440}"
    233472,         1,         0,    22.8,decoder_by_matrix,066a5d8d46981b593c3dec855f441edbe9e755a8873183448f69d036a2ecc650,"{""distance"":5,""physical_error_rate"":0.001}","{""detection_events"":133240,""detectors_checked"":39690240,""obs_mistake_mask=__EE"":1}"
    285696,         0,         0,    22.9,decoder_by_matrix,e41ade2e4684e0396b9a3890c882b6453b515d69885aa1d89a26ce21ec554895,"{""distance"":5,""physical_error_rate"":1e-06}","{""detection_events"":270,""detectors_checked"":48568320}"
    254976,         0,         0,    22.9,decoder_by_matrix,066a5d8d46981b593c3dec855f441edbe9e755a8873183448f69d036a2ecc650,"{""distance"":5,""physical_error_rate"":0.001}","{""detection_events"":144615,""detectors_checked"":43345920}"
    190464,         0,         0,    22.9,decoder_by_matrix,b84cf4b8ca220d31f17e1e2ea9ab927bbc4176b15682c650e7d1dd8f2758172b,"{""distance"":5,""physical_error_rate"":0.0005}","{""detection_events"":54825,""detectors_checked"":32378880}"
    226304,         0,         0,    23.0,decoder_by_matrix,0421d486f8a041838688df650e87c0a19c3450ab7a7cc8b3dc589ebff86d1c74,"{""distance"":5,""physical_error_rate"":0.0001}","{""detection_events"":12810,""detectors_checked"":38471680}"
    230400,         0,         0,    22.9,decoder_by_matrix,0421d486f8a041838688df650e87c0a19c3450ab7a7cc8b3dc589ebff86d1c74,"{""distance"":5,""physical_error_rate"":0.0001}","{""detection_events"":13510,""detectors_checked"":39168000}"
    199680,         0,         0,    22.9,decoder_by_matrix,9c6baee88fc81e7d1aa345fcb3feec7ee81f21c5d49cb6ca037118097d89e180,"{""distance"":5,""physical_error_rate"":5e-05}","{""detection_events"":6260,""detectors_checked"":33945600}"
    333824,         1,         0,    44.7,decoder_by_matrix,066a5d8d46981b593c3dec855f441edbe9e755a8873183448f69d036a2ecc650,"{""distance"":5,""physical_error_rate"":0.001}","{""detection_events"":188870,""detectors_checked"":56750080,""obs_mistake_mask=E_E_"":1}"
    427008,         0,         0,    44.9,decoder_by_matrix,9c6baee88fc81e7d1aa345fcb3feec7ee81f21c5d49cb6ca037118097d89e180,"{""distance"":5,""physical_error_rate"":5e-05}","{""detection_events"":12090,""detectors_checked"":72591360}"
    374784,         0,         0,    44.9,decoder_by_matrix,0421d486f8a041838688df650e87c0a19c3450ab7a7cc8b3dc589ebff86d1c74,"{""distance"":5,""physical_error_rate"":0.0001}","{""detection_events"":21550,""detectors_checked"":63713280}"
    475136,         2,         0,    44.8,decoder_by_matrix,066a5d8d46981b593c3dec855f441edbe9e755a8873183448f69d036a2ecc650,"{""distance"":5,""physical_error_rate"":0.001}","{""detection_events"":269170,""detectors_checked"":80773120,""obs_mistake_mask=EE__"":1,""obs_mistake_mask=_E__"":1}"
    421888,         0,         0,    44.9,decoder_by_matrix,e41ade2e4684e0396b9a3890c882b6453b515d69885aa1d89a26ce21ec554895,"{""distance"":5,""physical_error_rate"":1e-06}","{""detection_events"":350,""detectors_checked"":71720960}"
    375808,         0,         0,    44.9,decoder_by_matrix,b84cf4b8ca220d31f17e1e2ea9ab927bbc4176b15682c650e7d1dd8f2758172b,"{""distance"":5,""physical_error_rate"":0.0005}","{""detection_events"":107350,""detectors_checked"":63887360}"
   1190912,         0,         0,   119.2,decoder_by_matrix,9c6baee88fc81e7d1aa345fcb3feec7ee81f21c5d49cb6ca037118097d89e180,"{""distance"":5,""physical_error_rate"":5e-05}","{""detection_events"":33265,""detectors_checked"":202455040}"
   1078272,         2,         0,   119.3,decoder_by_matrix,066a5d8d46981b593c3dec855f441edbe9e755a8873183448f69d036a2ecc650,"{""distance"":5,""physical_error_rate"":0.001}","{""detection_events"":611210,""detectors_checked"":183306240,""obs_mistake_mask=_EEE"":1,""obs_mistake_mask=_E_E"":1}"
   1221632,         1,         0,   119.5,decoder_by_matrix,066a5d8d46981b593c3dec855f441edbe9e755a8873183448f69d036a2ecc650,"{""distance"":5,""physical_error_rate"":0.001}","{""detection_events"":688130,""detectors_checked"":207677440,""obs_mistake_mask=___E"":1}"
   1057792,         0,         0,   119.6,decoder_by_matrix,9c6baee88fc81e7d1aa345fcb3feec7ee81f21c5d49cb6ca037118097d89e180,"{""distance"":5,""physical_error_rate"":5e-05}","{""detection_events"":29670,""detectors_checked"":179824640}"
   1112064,         0,         0,   119.6,decoder_by_matrix,e41ade2e4684e0396b9a3890c882b6453b515d69885aa1d89a26ce21ec554895,"{""distance"":5,""physical_error_rate"":1e-06}","{""detection_events"":655,""detectors_checked"":189050880}"
   1131520,         0,         0,   119.5,decoder_by_matrix,9c6baee88fc81e7d1aa345fcb3feec7ee81f21c5d49cb6ca037118097d89e180,"{""distance"":5,""physical_error_rate"":5e-05}","{""detection_events"":32525,""detectors_checked"":192358400}"
   1244160,         0,         0,   119.7,decoder_by_matrix,9c6baee88fc81e7d1aa345fcb3feec7ee81f21c5d49cb6ca037118097d89e180,"{""distance"":5,""physical_error_rate"":5e-05}","{""detection_events"":35615,""detectors_checked"":211507200}"
   1046528,         0,         0,   119.6,decoder_by_matrix,b84cf4b8ca220d31f17e1e2ea9ab927bbc4176b15682c650e7d1dd8f2758172b,"{""distance"":5,""physical_error_rate"":0.0005}","{""detection_events"":293895,""detectors_checked"":177909760}"
   1219584,         0,         0,   119.5,decoder_by_matrix,0421d486f8a041838688df650e87c0a19c3450ab7a7cc8b3dc589ebff86d1c74,"{""distance"":5,""physical_error_rate"":0.0001}","{""detection_events"":69370,""detectors_checked"":207329280}"
   1173504,         0,         0,   119.6,decoder_by_matrix,b84cf4b8ca220d31f17e1e2ea9ab927bbc4176b15682c650e7d1dd8f2758172b,"{""distance"":5,""physical_error_rate"":0.0005}","{""detection_events"":331050,""detectors_checked"":199495680}"
   1180672,         0,         0,   119.5,decoder_by_matrix,0421d486f8a041838688df650e87c0a19c3450ab7a7cc8b3dc589ebff86d1c74,"{""distance"":5,""physical_error_rate"":0.0001}","{""detection_events"":66350,""detectors_checked"":200714240}"
   1096704,         0,         0,   119.5,decoder_by_matrix,b84cf4b8ca220d31f17e1e2ea9ab927bbc4176b15682c650e7d1dd8f2758172b,"{""distance"":5,""physical_error_rate"":0.0005}","{""detection_events"":311405,""detectors_checked"":186439680}"
   1202176,         1,         0,   119.4,decoder_by_matrix,066a5d8d46981b593c3dec855f441edbe9e755a8873183448f69d036a2ecc650,"{""distance"":5,""physical_error_rate"":0.001}","{""detection_events"":679800,""detectors_checked"":204369920,""obs_mistake_mask=EE__"":1}"
   1208320,         1,         0,   119.5,decoder_by_matrix,066a5d8d46981b593c3dec855f441edbe9e755a8873183448f69d036a2ecc650,"{""distance"":5,""physical_error_rate"":0.001}","{""detection_events"":684570,""detectors_checked"":205414400,""obs_mistake_mask=_EE_"":1}"
   1046528,         0,         0,   119.5,decoder_by_matrix,e41ade2e4684e0396b9a3890c882b6453b515d69885aa1d89a26ce21ec554895,"{""distance"":5,""physical_error_rate"":1e-06}","{""detection_events"":435,""detectors_checked"":177909760}"
   1294336,         0,         0,   119.4,decoder_by_matrix,e41ade2e4684e0396b9a3890c882b6453b515d69885aa1d89a26ce21ec554895,"{""distance"":5,""physical_error_rate"":1e-06}","{""detection_events"":570,""detectors_checked"":220037120}"
   1146880,         5,         0,   119.5,decoder_by_matrix,066a5d8d46981b593c3dec855f441edbe9e755a8873183448f69d036a2ecc650,"{""distance"":5,""physical_error_rate"":0.001}","{""detection_events"":651615,""detectors_checked"":194969600,""obs_mistake_mask=E_EE"":1,""obs_mistake_mask=_EE_"":1,""obs_mistake_mask=_E__"":1,""obs_mistake_mask=__EE"":1,""obs_mistake_mask=___E"":1}"
   1028096,         0,         0,   119.5,decoder_by_matrix,b84cf4b8ca220d31f17e1e2ea9ab927bbc4176b15682c650e7d1dd8f2758172b,"{""distance"":5,""physical_error_rate"":0.0005}","{""detection_events"":299115,""detectors_checked"":174776320}"
    991232,         0,         0,   119.5,decoder_by_matrix,0421d486f8a041838688df650e87c0a19c3450ab7a7cc8b3dc589ebff86d1c74,"{""distance"":5,""physical_error_rate"":0.0001}","{""detection_events"":56325,""detectors_checked"":168509440}"
   1088512,         0,         0,   119.5,decoder_by_matrix,b84cf4b8ca220d31f17e1e2ea9ab927bbc4176b15682c650e7d1dd8f2758172b,"{""distance"":5,""physical_error_rate"":0.0005}","{""detection_events"":307455,""detectors_checked"":185047040}"
   1054720,         0,         0,   119.4,decoder_by_matrix,0421d486f8a041838688df650e87c0a19c3450ab7a7cc8b3dc589ebff86d1c74,"{""distance"":5,""physical_error_rate"":0.0001}","{""detection_events"":60010,""detectors_checked"":179302400}"
   1420288,         0,         0,   119.2,decoder_by_matrix,e41ade2e4684e0396b9a3890c882b6453b515d69885aa1d89a26ce21ec554895,"{""distance"":5,""physical_error_rate"":1e-06}","{""detection_events"":990,""detectors_checked"":241448960}"
   1202176,         0,         0,   119.6,decoder_by_matrix,9c6baee88fc81e7d1aa345fcb3feec7ee81f21c5d49cb6ca037118097d89e180,"{""distance"":5,""physical_error_rate"":5e-05}","{""detection_events"":32900,""detectors_checked"":204369920}"
    294912,         0,         0,    32.0,decoder_by_matrix,b84cf4b8ca220d31f17e1e2ea9ab927bbc4176b15682c650e7d1dd8f2758172b,"{""distance"":5,""physical_error_rate"":0.0005}","{""detection_events"":82045,""detectors_checked"":50135040}"
   1083392,         0,         0,   119.5,decoder_by_matrix,0421d486f8a041838688df650e87c0a19c3450ab7a7cc8b3dc589ebff86d1c74,"{""distance"":5,""physical_error_rate"":0.0001}","{""detection_events"":61880,""detectors_checked"":184176640}"
    333824,         0,         0,    32.0,decoder_by_matrix,066a5d8d46981b593c3dec855f441edbe9e755a8873183448f69d036a2ecc650,"{""distance"":5,""physical_error_rate"":0.001}","{""detection_events"":188610,""detectors_checked"":56750080}"
    337920,         0,         0,    31.9,decoder_by_matrix,e41ade2e4684e0396b9a3890c882b6453b515d69885aa1d89a26ce21ec554895,"{""distance"":5,""physical_error_rate"":1e-06}","{""detection_events"":270,""detectors_checked"":57446400}"
    271360,         0,         0,    32.1,decoder_by_matrix,b84cf4b8ca220d31f17e1e2ea9ab927bbc4176b15682c650e7d1dd8f2758172b,"{""distance"":5,""physical_error_rate"":0.0005}","{""detection_events"":78930,""detectors_checked"":46131200}"
   1002496,         0,         0,   119.6,decoder_by_matrix,9c6baee88fc81e7d1aa345fcb3feec7ee81f21c5d49cb6ca037118097d89e180,"{""distance"":5,""physical_error_rate"":5e-05}","{""detection_events"":28145,""detectors_checked"":170424320}"
    353280,         0,         0,    32.1,decoder_by_matrix,066a5d8d46981b593c3dec855f441edbe9e755a8873183448f69d036a2ecc650,"{""distance"":5,""physical_error_rate"":0.001}","{""detection_events"":203660,""detectors_checked"":60057600}"
    271360,         0,         0,    32.0,decoder_by_matrix,0421d486f8a041838688df650e87c0a19c3450ab7a7cc8b3dc589ebff86d1c74,"{""distance"":5,""physical_error_rate"":0.0001}","{""detection_events"":14885,""detectors_checked"":46131200}"
    310272,         0,         0,    32.0,decoder_by_matrix,0421d486f8a041838688df650e87c0a19c3450ab7a7cc8b3dc589ebff86d1c74,"{""distance"":5,""physical_error_rate"":0.0001}","{""detection_events"":17735,""detectors_checked"":52746240}"
    311296,         0,         0,    31.9,decoder_by_matrix,9c6baee88fc81e7d1aa345fcb3feec7ee81f21c5d49cb6ca037118097d89e180,"{""distance"":5,""physical_error_rate"":5e-05}","{""detection_events"":8970,""detectors_checked"":52920320}"
   1074176,         0,         0,   119.7,decoder_by_matrix,e41ade2e4684e0396b9a3890c882b6453b515d69885aa1d89a26ce21ec554895,"{""distance"":5,""physical_error_rate"":1e-06}","{""detection_events"":495,""detectors_checked"":182609920}"
   1038336,         3,         0,   119.5,decoder_by_matrix,066a5d8d46981b593c3dec855f441edbe9e755a8873183448f69d036a2ecc650,"{""distance"":5,""physical_error_rate"":0.001}","{""detection_events"":585795,""detectors_checked"":176517120,""obs_mistake_mask=EE__"":1,""obs_mistake_mask=_E_E"":1,""obs_mistake_mask=___E"":1}"
   1119232,         0,         0,   119.5,decoder_by_matrix,9c6baee88fc81e7d1aa345fcb3feec7ee81f21c5d49cb6ca037118097d89e180,"{""distance"":5,""physical_error_rate"":5e-05}","{""detection_events"":31300,""detectors_checked"":190269440}"
   1251328,         1,         0,   119.7,decoder_by_matrix,b84cf4b8ca220d31f17e1e2ea9ab927bbc4176b15682c650e7d1dd8f2758172b,"{""distance"":5,""physical_error_rate"":0.0005}","{""detection_events"":354915,""detectors_checked"":212725760,""obs_mistake_mask=_EE_"":1}"
    183147,         0,         0,    15.5,decoder_by_matrix,9c6baee88fc81e7d1aa345fcb3feec7ee81f21c5d49cb6ca037118097d89e180,"{""distance"":5,""physical_error_rate"":5e-05}","{""detection_events"":5235,""detectors_checked"":31134990}"
    166415,         0,         0,    24.3,decoder_by_matrix,e41ade2e4684e0396b9a3890c882b6453b515d69885aa1d89a26ce21ec554895,"{""distance"":5,""physical_error_rate"":1e-06}","{""detection_events"":25,""detectors_checked"":28290550}"
    701440,         0,         0,    62.8,decoder_by_matrix,9c6baee88fc81e7d1aa345fcb3feec7ee81f21c5d49cb6ca037118097d89e180,"{""distance"":5,""physical_error_rate"":5e-05}","{""detection_events"":20410,""detectors_checked"":119244800}"
    413696,         0,         0,    62.9,decoder_by_matrix,066a5d8d46981b593c3dec855f441edbe9e755a8873183448f69d036a2ecc650,"{""distance"":5,""physical_error_rate"":0.001}","{""detection_events"":234020,""detectors_checked"":70328320}"
    529408,         0,         0,    62.9,decoder_by_matrix,0421d486f8a041838688df650e87c0a19c3450ab7a7cc8b3dc589ebff86d1c74,"{""distance"":5,""physical_error_rate"":0.0001}","{""detection_events"":31580,""detectors_checked"":89999360}"
    430080,         1,         0,    62.6,decoder_by_matrix,066a5d8d46981b593c3dec855f441edbe9e755a8873183448f69d036a2ecc650,"{""distance"":5,""physical_error_rate"":0.001}","{""detection_events"":241195,""detectors_checked"":73113600,""obs_mistake_mask=__E_"":1}"
    556032,         0,         0,    62.9,decoder_by_matrix,e41ade2e4684e0396b9a3890c882b6453b515d69885aa1d89a26ce21ec554895,"{""distance"":5,""physical_error_rate"":1e-06}","{""detection_events"":535,""detectors_checked"":94525440}"
    526336,         0,         0,    62.8,decoder_by_matrix,b84cf4b8ca220d31f17e1e2ea9ab927bbc4176b15682c650e7d1dd8f2758172b,"{""distance"":5,""physical_error_rate"":0.0005}","{""detection_events"":152085,""detectors_checked"":89477120}"
    492544,         0,         0,    44.8,decoder_by_matrix,b84cf4b8ca220d31f17e1e2ea9ab927bbc4176b15682c650e7d1dd8f2758172b,"{""distance"":5,""physical_error_rate"":0.0005}","{""detection_events"":139785,""detectors_checked"":83732480}"
    521216,         0,         0,    44.9,decoder_by_matrix,066a5d8d46981b593c3dec855f441edbe9e755a8873183448f69d036a2ecc650,"{""distance"":5,""physical_error_rate"":0.001}","{""detection_events"":292810,""detectors_checked"":88606720}"
    478208,         0,         0,    44.9,decoder_by_matrix,e41ade2e4684e0396b9a3890c882b6453b515d69885aa1d89a26ce21ec554895,"{""distance"":5,""physical_error_rate"":1e-06}","{""detection_events"":230,""detectors_checked"":81295360}"
    380928,         0,         0,    45.0,decoder_by_matrix,b84cf4b8ca220d31f17e1e2ea9ab927bbc4176b15682c650e7d1dd8f2758172b,"{""distance"":5,""physical_error_rate"":0.0005}","{""detection_events"":109900,""detectors_checked"":64757760}"
    536576,         1,         0,    44.7,decoder_by_matrix,066a5d8d46981b593c3dec855f441edbe9e755a8873183448f69d036a2ecc650,"{""distance"":5,""physical_error_rate"":0.001}","{""detection_events"":304280,""detectors_checked"":91217920,""obs_mistake_mask=E___"":1}"
    374784,         0,         0,    44.9,decoder_by_matrix,0421d486f8a041838688df650e87c0a19c3450ab7a7cc8b3dc589ebff86d1c74,"{""distance"":5,""physical_error_rate"":0.0001}","{""detection_events"":21610,""detectors_checked"":63713280}"
    289792,         0,         0,    44.9,decoder_by_matrix,0421d486f8a041838688df650e87c0a19c3450ab7a7cc8b3dc589ebff86d1c74,"{""distance"":5,""physical_error_rate"":0.0001}","{""detection_events"":16705,""detectors_checked"":49264640}"
    423936,         0,         0,    44.9,decoder_by_matrix,9c6baee88fc81e7d1aa345fcb3feec7ee81f21c5d49cb6ca037118097d89e180,"{""distance"":5,""physical_error_rate"":5e-05}","{""detection_events"":11890,""detectors_checked"":72069120}"
   1202176,         0,         0,   119.5,decoder_by_matrix,0421d486f8a041838688df650e87c0a19c3450ab7a7cc8b3dc589ebff86d1c74,"{""distance"":5,""physical_error_rate"":0.0001}","{""detection_events"":69685,""detectors_checked"":204369920}"
   1193939,         0,         0,   115.4,decoder_by_matrix,e41ade2e4684e0396b9a3890c882b6453b515d69885aa1d89a26ce21ec554895,"{""distance"":5,""physical_error_rate"":1e-06}","{""detection_events"":660,""detectors_checked"":202969630}"
   1011712,         0,         0,   112.7,decoder_by_matrix,e41ade2e4684e0396b9a3890c882b6453b515d69885aa1d89a26ce21ec554895,"{""distance"":5,""physical_error_rate"":1e-06}","{""detection_events"":640,""detectors_checked"":171991040}"
    946364,         0,         0,    72.3,decoder_by_matrix,e41ade2e4684e0396b9a3890c882b6453b515d69885aa1d89a26ce21ec554895,"{""distance"":5,""physical_error_rate"":1e-06}","{""detection_events"":585,""detectors_checked"":160881880}"
    778240,         0,         0,    73.1,decoder_by_matrix,e41ade2e4684e0396b9a3890c882b6453b515d69885aa1d89a26ce21ec554895,"{""distance"":5,""physical_error_rate"":1e-06}","{""detection_events"":385,""detectors_checked"":132300800}"
    892928,         0,         0,   119.6,decoder_by_matrix,0421d486f8a041838688df650e87c0a19c3450ab7a7cc8b3dc589ebff86d1c74,"{""distance"":5,""physical_error_rate"":0.0001}","{""detection_events"":49590,""detectors_checked"":151797760}"
    908288,         1,         0,   119.3,decoder_by_matrix,b84cf4b8ca220d31f17e1e2ea9ab927bbc4176b15682c650e7d1dd8f2758172b,"{""distance"":5,""physical_error_rate"":0.0005}","{""detection_events"":257725,""detectors_checked"":154408960,""obs_mistake_mask=E__E"":1}"
    728800,         0,         0,    88.4,decoder_by_matrix,e41ade2e4684e0396b9a3890c882b6453b515d69885aa1d89a26ce21ec554895,"{""distance"":5,""physical_error_rate"":1e-06}","{""detection_events"":340,""detectors_checked"":123896000}"
    702464,         0,         0,    85.2,decoder_by_matrix,e41ade2e4684e0396b9a3890c882b6453b515d69885aa1d89a26ce21ec554895,"{""distance"":5,""physical_error_rate"":1e-06}","{""detection_events"":220,""detectors_checked"":119418880}"
     26336,         0,         0,    3.91,decoder_by_matrix,e41ade2e4684e0396b9a3890c882b6453b515d69885aa1d89a26ce21ec554895,"{""distance"":5,""physical_error_rate"":1e-06}","{""detectors_checked"":4477120}"
    491520,         0,         0,    41.6,decoder_by_matrix,e41ade2e4684e0396b9a3890c882b6453b515d69885aa1d89a26ce21ec554895,"{""distance"":5,""physical_error_rate"":1e-06}","{""detection_events"":380,""detectors_checked"":83558400}"
    480373,         0,         0,    47.5,decoder_by_matrix,e41ade2e4684e0396b9a3890c882b6453b515d69885aa1d89a26ce21ec554895,"{""distance"":5,""physical_error_rate"":1e-06}","{""detection_events"":505,""detectors_checked"":81663410}"
    471040,         0,         0,    56.5,decoder_by_matrix,e41ade2e4684e0396b9a3890c882b6453b515d69885aa1d89a26ce21ec554895,"{""distance"":5,""physical_error_rate"":1e-06}","{""detection_events"":210,""detectors_checked"":80076800}"
      9333,         0,         0,    1.26,decoder_by_matrix,e41ade2e4684e0396b9a3890c882b6453b515d69885aa1d89a26ce21ec554895,"{""distance"":5,""physical_error_rate"":1e-06}","{""detectors_checked"":1586610}"
   1289216,         0,         0,   119.3,decoder_by_matrix,9c6baee88fc81e7d1aa345fcb3feec7ee81f21c5d49cb6ca037118097d89e180,"{""distance"":5,""physical_error_rate"":5e-05}","{""detection_events"":35695,""detectors_checked"":219166720}"
    319010,         0,         0,    27.8,decoder_by_matrix,e41ade2e4684e0396b9a3890c882b6453b515d69885aa1d89a26ce21ec554895,"{""distance"":5,""physical_error_rate"":1e-06}","{""detection_events"":240,""detectors_checked"":54231700}"
    313344,         0,         0,    29.6,decoder_by_matrix,e41ade2e4684e0396b9a3890c882b6453b515d69885aa1d89a26ce21ec554895,"{""distance"":5,""physical_error_rate"":1e-06}","{""detection_events"":150,""detectors_checked"":53268480}"
    314368,         0,         0,    29.8,decoder_by_matrix,e41ade2e4684e0396b9a3890c882b6453b515d69885aa1d89a26ce21ec554895,"{""distance"":5,""physical_error_rate"":1e-06}","{""detection_events"":95,""detectors_checked"":53442560}"
    290816,         0,         0,    27.9,decoder_by_matrix,e41ade2e4684e0396b9a3890c882b6453b515d69885aa1d89a26ce21ec554895,"{""distance"":5,""physical_error_rate"":1e-06}","{""detection_events"":235,""detectors_checked"":49438720}"
     28194,         0,         0,    2.61,decoder_by_matrix,e41ade2e4684e0396b9a3890c882b6453b515d69885aa1d89a26ce21ec554895,"{""distance"":5,""physical_error_rate"":1e-06}","{""detection_events"":30,""detectors_checked"":4792980}"
    183296,         0,         0,    14.9,decoder_by_matrix,e41ade2e4684e0396b9a3890c882b6453b515d69885aa1d89a26ce21ec554895,"{""distance"":5,""physical_error_rate"":1e-06}","{""detection_events"":105,""detectors_checked"":31160320}"
    201728,         0,         0,    18.9,decoder_by_matrix,e41ade2e4684e0396b9a3890c882b6453b515d69885aa1d89a26ce21ec554895,"{""distance"":5,""physical_error_rate"":1e-06}","{""detection_events"":170,""detectors_checked"":34293760}"
    178373,         0,         0,    17.2,decoder_by_matrix,e41ade2e4684e0396b9a3890c882b6453b515d69885aa1d89a26ce21ec554895,"{""distance"":5,""physical_error_rate"":1e-06}","{""detection_events"":25,""detectors_checked"":30323410}"
    163840,         0,         0,    17.8,decoder_by_matrix,e41ade2e4684e0396b9a3890c882b6453b515d69885aa1d89a26ce21ec554895,"{""distance"":5,""physical_error_rate"":1e-06}","{""detection_events"":30,""detectors_checked"":27852800}"
    124928,         0,         0,    16.0,decoder_by_matrix,e41ade2e4684e0396b9a3890c882b6453b515d69885aa1d89a26ce21ec554895,"{""distance"":5,""physical_error_rate"":1e-06}","{""detection_events"":145,""detectors_checked"":21237760}"
     53445,         0,         0,    2.33,decoder_by_matrix,e41ade2e4684e0396b9a3890c882b6453b515d69885aa1d89a26ce21ec554895,"{""distance"":5,""physical_error_rate"":1e-06}","{""detection_events"":10,""detectors_checked"":9085650}"
     94208,         0,         0,    7.92,decoder_by_matrix,e41ade2e4684e0396b9a3890c882b6453b515d69885aa1d89a26ce21ec554895,"{""distance"":5,""physical_error_rate"":1e-06}","{""detection_events"":115,""detectors_checked"":16015360}"
     81920,         0,         0,    7.96,decoder_by_matrix,e41ade2e4684e0396b9a3890c882b6453b515d69885aa1d89a26ce21ec554895,"{""distance"":5,""physical_error_rate"":1e-06}","{""detection_events"":150,""detectors_checked"":13926400}"
     77750,         0,         0,    8.17,decoder_by_matrix,e41ade2e4684e0396b9a3890c882b6453b515d69885aa1d89a26ce21ec554895,"{""distance"":5,""physical_error_rate"":1e-06}","{""detection_events"":35,""detectors_checked"":13217500}"
     54272,         0,         0,    5.51,decoder_by_matrix,e41ade2e4684e0396b9a3890c882b6453b515d69885aa1d89a26ce21ec554895,"{""distance"":5,""physical_error_rate"":1e-06}","{""detection_events"":10,""detectors_checked"":9226240}"
     54272,         0,         0,    5.56,decoder_by_matrix,e41ade2e4684e0396b9a3890c882b6453b515d69885aa1d89a26ce21ec554895,"{""distance"":5,""physical_error_rate"":1e-06}","{""detection_events"":40,""detectors_checked"":9226240}"
     71680,         0,         0,    5.57,decoder_by_matrix,e41ade2e4684e0396b9a3890c882b6453b515d69885aa1d89a26ce21ec554895,"{""distance"":5,""physical_error_rate"":1e-06}","{""detection_events"":65,""detectors_checked"":12185600}"
    699677,         0,         0,    68.1,decoder_by_matrix,9c6baee88fc81e7d1aa345fcb3feec7ee81f21c5d49cb6ca037118097d89e180,"{""distance"":5,""physical_error_rate"":5e-05}","{""detection_events"":18920,""detectors_checked"":118945090}"
   1147904,         0,         0,   112.6,decoder_by_matrix,9c6baee88fc81e7d1aa345fcb3feec7ee81f21c5d49cb6ca037118097d89e180,"{""distance"":5,""physical_error_rate"":5e-05}","{""detection_events"":32705,""detectors_checked"":195143680}"
   1069056,         0,         0,   108.1,decoder_by_matrix,9c6baee88fc81e7d1aa345fcb3feec7ee81f21c5d49cb6ca037118097d89e180,"{""distance"":5,""physical_error_rate"":5e-05}","{""detection_events"":28815,""detectors_checked"":181739520}"
    590848,         0,         0,    62.6,decoder_by_matrix,b84cf4b8ca220d31f17e1e2ea9ab927bbc4176b15682c650e7d1dd8f2758172b,"{""distance"":5,""physical_error_rate"":0.0005}","{""detection_events"":169935,""detectors_checked"":100444160}"
      6070,         0,         0,   0.464,decoder_by_matrix,e41ade2e4684e0396b9a3890c882b6453b515d69885aa1d89a26ce21ec554895,"{""distance"":5,""physical_error_rate"":1e-06}","{""detection_events"":5,""detectors_checked"":1031900}"
    545792,         1,         0,    62.8,decoder_by_matrix,066a5d8d46981b593c3dec855f441edbe9e755a8873183448f69d036a2ecc650,"{""distance"":5,""physical_error_rate"":0.001}","{""detection_events"":309020,""detectors_checked"":92784640,""obs_mistake_mask=E___"":1}"
     34816,         0,         0,    3.19,decoder_by_matrix,e41ade2e4684e0396b9a3890c882b6453b515d69885aa1d89a26ce21ec554895,"{""distance"":5,""physical_error_rate"":1e-06}","{""detection_events"":30,""detectors_checked"":5918720}"
     35840,         0,         0,    3.33,decoder_by_matrix,e41ade2e4684e0396b9a3890c882b6453b515d69885aa1d89a26ce21ec554895,"{""distance"":5,""physical_error_rate"":1e-06}","{""detectors_checked"":6092800}"
    605184,         1,         0,    62.7,decoder_by_matrix,b84cf4b8ca220d31f17e1e2ea9ab927bbc4176b15682c650e7d1dd8f2758172b,"{""distance"":5,""physical_error_rate"":0.0005}","{""detection_events"":172730,""detectors_checked"":102881280,""obs_mistake_mask=_E_E"":1}"
    651264,         2,         0,    62.7,decoder_by_matrix,066a5d8d46981b593c3dec855f441edbe9e755a8873183448f69d036a2ecc650,"{""distance"":5,""physical_error_rate"":0.001}","{""detection_events"":366165,""detectors_checked"":110714880,""obs_mistake_mask=_EEE"":1,""obs_mistake_mask=_E__"":1}"
    573440,         0,         0,    62.9,decoder_by_matrix,0421d486f8a041838688df650e87c0a19c3450ab7a7cc8b3dc589ebff86d1c74,"{""distance"":5,""physical_error_rate"":0.0001}","{""detection_events"":31805,""detectors_checked"":97484800}"
    533504,         0,         0,    62.8,decoder_by_matrix,0421d486f8a041838688df650e87c0a19c3450ab7a7cc8b3dc589ebff86d1c74,"{""distance"":5,""physical_error_rate"":0.0001}","{""detection_events"":29780,""detectors_checked"":90695680}"
    602112,         0,         0,    62.7,decoder_by_matrix,9c6baee88fc81e7d1aa345fcb3feec7ee81f21c5d49cb6ca037118097d89e180,"{""distance"":5,""physical_error_rate"":5e-05}","{""detection_events"":16460,""detectors_checked"":102359040}"
     24973,         0,         0,    1.27,decoder_by_matrix,e41ade2e4684e0396b9a3890c882b6453b515d69885aa1d89a26ce21ec554895,"{""distance"":5,""physical_error_rate"":1e-06}","{""detectors_checked"":4245410}"
     22528,         0,         0,    1.33,decoder_by_matrix,e41ade2e4684e0396b9a3890c882b6453b515d69885aa1d89a26ce21ec554895,"{""distance"":5,""physical_error_rate"":1e-06}","{""detection_events"":10,""detectors_checked"":3829760}"
     18216,         0,         0,    1.74,decoder_by_matrix,e41ade2e4684e0396b9a3890c882b6453b515d69885aa1d89a26ce21ec554895,"{""distance"":5,""physical_error_rate"":1e-06}","{""detectors_checked"":3096720}"
     16384,         0,         0,    1.48,decoder_by_matrix,e41ade2e4684e0396b9a3890c882b6453b515d69885aa1d89a26ce21ec554895,"{""distance"":5,""physical_error_rate"":1e-06}","{""detectors_checked"":2785280}"
     13689,         0,         0,    1.59,decoder_by_matrix,e41ade2e4684e0396b9a3890c882b6453b515d69885aa1d89a26ce21ec554895,"{""distance"":5,""physical_error_rate"":1e-06}","{""detection_events"":30,""detectors_checked"":2327130}"
     13689,         0,         0,    1.63,decoder_by_matrix,e41ade2e4684e0396b9a3890c882b6453b515d69885aa1d89a26ce21ec554895,"{""distance"":5,""physical_error_rate"":1e-06}","{""detection_events"":5,""detectors_checked"":2327130}"
     12288,         0,         0,   0.615,decoder_by_matrix,e41ade2e4684e0396b9a3890c882b6453b515d69885aa1d89a26ce21ec554895,"{""distance"":5,""physical_error_rate"":1e-06}","{""detection_events"":45,""detectors_checked"":2088960}"
     11264,         0,         0,    1.03,decoder_by_matrix,e41ade2e4684e0396b9a3890c882b6453b515d69885aa1d89a26ce21ec554895,"{""distance"":5,""physical_error_rate"":1e-06}","{""detection_events"":5,""detectors_checked"":1914880}"
     12288,         0,         0,    1.14,decoder_by_matrix,e41ade2e4684e0396b9a3890c882b6453b515d69885aa1d89a26ce21ec554895,"{""distance"":5,""physical_error_rate"":1e-06}","{""detectors_checked"":2088960}"
     10348,         0,         0,   0.675,decoder_by_matrix,e41ade2e4684e0396b9a3890c882b6453b515d69885aa1d89a26ce21ec554895,"{""distance"":5,""physical_error_rate"":1e-06}","{""detectors_checked"":1759160}"
     13680,         0,         0,    1.15,decoder_by_matrix,e41ade2e4684e0396b9a3890c882b6453b515d69885aa1d89a26ce21ec554895,"{""distance"":5,""physical_error_rate"":1e-06}","{""detectors_checked"":2325600}"
      1832,         0,         0,   0.166,decoder_by_matrix,e41ade2e4684e0396b9a3890c882b6453b515d69885aa1d89a26ce21ec554895,"{""distance"":5,""physical_error_rate"":1e-06}","{""detectors_checked"":311440}"
      1401,         0,         0,   0.100,decoder_by_matrix,e41ade2e4684e0396b9a3890c882b6453b515d69885aa1d89a26ce21ec554895,"{""distance"":5,""physical_error_rate"":1e-06}","{""detectors_checked"":238170}"
       760,         0,         0,   0.048,decoder_by_matrix,e41ade2e4684e0396b9a3890c882b6453b515d69885aa1d89a26ce21ec554895,"{""distance"":5,""physical_error_rate"":1e-06}","{""detectors_checked"":129200}"
       454,         0,         0,   0.060,decoder_by_matrix,e41ade2e4684e0396b9a3890c882b6453b515d69885aa1d89a26ce21ec554895,"{""distance"":5,""physical_error_rate"":1e-06}","{""detectors_checked"":77180}"
       155,         0,         0,   0.027,decoder_by_matrix,e41ade2e4684e0396b9a3890c882b6453b515d69885aa1d89a26ce21ec554895,"{""distance"":5,""physical_error_rate"":1e-06}","{""detectors_checked"":26350}"
      1816,         0,         0,   0.110,decoder_by_matrix,e41ade2e4684e0396b9a3890c882b6453b515d69885aa1d89a26ce21ec554895,"{""distance"":5,""physical_error_rate"":1e-06}","{""detectors_checked"":308720}"
      1403,         0,         0,   0.189,decoder_by_matrix,e41ade2e4684e0396b9a3890c882b6453b515d69885aa1d89a26ce21ec554895,"{""distance"":5,""physical_error_rate"":1e-06}","{""detectors_checked"":238510}"
      3695,         0,         0,   0.363,decoder_by_matrix,e41ade2e4684e0396b9a3890c882b6453b515d69885aa1d89a26ce21ec554895,"{""distance"":5,""physical_error_rate"":1e-06}","{""detectors_checked"":628150}"
      1401,         0,         0,   0.151,decoder_by_matrix,e41ade2e4684e0396b9a3890c882b6453b515d69885aa1d89a26ce21ec554895,"{""distance"":5,""physical_error_rate"":1e-06}","{""detectors_checked"":238170}"
       150,         0,         0,   0.082,decoder_by_matrix,e41ade2e4684e0396b9a3890c882b6453b515d69885aa1d89a26ce21ec554895,"{""distance"":5,""physical_error_rate"":1e-06}","{""detectors_checked"":25500}"
       219,         0,         0,   0.030,decoder_by_matrix,e41ade2e4684e0396b9a3890c882b6453b515d69885aa1d89a26ce21ec554895,"{""distance"":5,""physical_error_rate"":1e-06}","{""detectors_checked"":37230}"
      1306,         0,         0,   0.099,decoder_by_matrix,e41ade2e4684e0396b9a3890c882b6453b515d69885aa1d89a26ce21ec554895,"{""distance"":5,""physical_error_rate"":1e-06}","{""detectors_checked"":222020}"
      1462,         0,         0,   0.144,decoder_by_matrix,e41ade2e4684e0396b9a3890c882b6453b515d69885aa1d89a26ce21ec554895,"{""distance"":5,""physical_error_rate"":1e-06}","{""detectors_checked"":248540}"
       154,         0,         0,   0.109,decoder_by_matrix,e41ade2e4684e0396b9a3890c882b6453b515d69885aa1d89a26ce21ec554895,"{""distance"":5,""physical_error_rate"":1e-06}","{""detectors_checked"":26180}"
       219,         0,         0,   0.075,decoder_by_matrix,e41ade2e4684e0396b9a3890c882b6453b515d69885aa1d89a26ce21ec554895,"{""distance"":5,""physical_error_rate"":1e-06}","{""detectors_checked"":37230}"
       219,         0,         0,   0.085,decoder_by_matrix,e41ade2e4684e0396b9a3890c882b6453b515d69885aa1d89a26ce21ec554895,"{""distance"":5,""physical_error_rate"":1e-06}","{""detectors_checked"":37230}"
      1462,         0,         0,   0.213,decoder_by_matrix,e41ade2e4684e0396b9a3890c882b6453b515d69885aa1d89a26ce21ec554895,"{""distance"":5,""physical_error_rate"":1e-06}","{""detectors_checked"":248540}"
      1462,         0,         0,   0.186,decoder_by_matrix,e41ade2e4684e0396b9a3890c882b6453b515d69885aa1d89a26ce21ec554895,"{""distance"":5,""physical_error_rate"":1e-06}","{""detectors_checked"":248540}"
   1026048,         0,         0,   114.9,decoder_by_matrix,9c6baee88fc81e7d1aa345fcb3feec7ee81f21c5d49cb6ca037118097d89e180,"{""distance"":5,""physical_error_rate"":5e-05}","{""detection_events"":29130,""detectors_checked"":174428160}"
    826368,         0,         0,    80.7,decoder_by_matrix,9c6baee88fc81e7d1aa345fcb3feec7ee81f21c5d49cb6ca037118097d89e180,"{""distance"":5,""physical_error_rate"":5e-05}","{""detection_events"":23895,""detectors_checked"":140482560}"
   1037312,         0,         0,   114.7,decoder_by_matrix,9c6baee88fc81e7d1aa345fcb3feec7ee81f21c5d49cb6ca037118097d89e180,"{""distance"":5,""physical_error_rate"":5e-05}","{""detection_events"":29470,""detectors_checked"":176343040}"
   1027072,         0,         0,   109.0,decoder_by_matrix,9c6baee88fc81e7d1aa345fcb3feec7ee81f21c5d49cb6ca037118097d89e180,"{""distance"":5,""physical_error_rate"":5e-05}","{""detection_events"":28865,""detectors_checked"":174602240}"
         1,         0,         0,   0.047,decoder_by_matrix,b84cf4b8ca220d31f17e1e2ea9ab927bbc4176b15682c650e7d1dd8f2758172b,"{""distance"":5,""physical_error_rate"":0.0005}","{""detectors_checked"":170}"
         1,         0,         0,   0.059,decoder_by_matrix,066a5d8d46981b593c3dec855f441edbe9e755a8873183448f69d036a2ecc650,"{""distance"":5,""physical_error_rate"":0.001}","{""detectors_checked"":170}"
         1,         0,         0,   0.052,decoder_by_matrix,0421d486f8a041838688df650e87c0a19c3450ab7a7cc8b3dc589ebff86d1c74,"{""distance"":5,""physical_error_rate"":0.0001}","{""detectors_checked"":170}"
         1,         0,         0,   0.077,decoder_by_matrix,066a5d8d46981b593c3dec855f441edbe9e755a8873183448f69d036a2ecc650,"{""distance"":5,""physical_error_rate"":0.001}","{""detectors_checked"":170}"
         1,         0,         0,   0.097,decoder_by_matrix,0421d486f8a041838688df650e87c0a19c3450ab7a7cc8b3dc589ebff86d1c74,"{""distance"":5,""physical_error_rate"":0.0001}","{""detectors_checked"":170}"
         1,         0,         0,   0.097,decoder_by_matrix,b84cf4b8ca220d31f17e1e2ea9ab927bbc4176b15682c650e7d1dd8f2758172b,"{""distance"":5,""physical_error_rate"":0.0005}","{""detectors_checked"":170}"
         8,         0,         0,   0.079,decoder_by_matrix,066a5d8d46981b593c3dec855f441edbe9e755a8873183448f69d036a2ecc650,"{""distance"":5,""physical_error_rate"":0.001}","{""detectors_checked"":1360}"
         1,         0,         0,   0.042,decoder_by_matrix,9c6baee88fc81e7d1aa345fcb3feec7ee81f21c5d49cb6ca037118097d89e180,"{""distance"":5,""physical_error_rate"":5e-05}","{""detectors_checked"":170}"
         1,         0,         0,   0.059,decoder_by_matrix,9c6baee88fc81e7d1aa345fcb3feec7ee81f21c5d49cb6ca037118097d89e180,"{""distance"":5,""physical_error_rate"":5e-05}","{""detectors_checked"":170}"
         8,         0,         0,   0.117,decoder_by_matrix,b84cf4b8ca220d31f17e1e2ea9ab927bbc4176b15682c650e7d1dd8f2758172b,"{""distance"":5,""physical_error_rate"":0.0005}","{""detectors_checked"":1360}"
         4,         0,         0,   0.082,decoder_by_matrix,066a5d8d46981b593c3dec855f441edbe9e755a8873183448f69d036a2ecc650,"{""distance"":5,""physical_error_rate"":0.001}","{""detectors_checked"":680}"
         1,         0,         0,   0.066,decoder_by_matrix,9c6baee88fc81e7d1aa345fcb3feec7ee81f21c5d49cb6ca037118097d89e180,"{""distance"":5,""physical_error_rate"":5e-05}","{""detectors_checked"":170}"
         8,         0,         0,   0.124,decoder_by_matrix,0421d486f8a041838688df650e87c0a19c3450ab7a7cc8b3dc589ebff86d1c74,"{""distance"":5,""physical_error_rate"":0.0001}","{""detectors_checked"":1360}"
         4,         0,         0,   0.113,decoder_by_matrix,0421d486f8a041838688df650e87c0a19c3450ab7a7cc8b3dc589ebff86d1c74,"{""distance"":5,""physical_error_rate"":0.0001}","{""detectors_checked"":680}"
         4,         0,         0,   0.118,decoder_by_matrix,b84cf4b8ca220d31f17e1e2ea9ab927bbc4176b15682c650e7d1dd8f2758172b,"{""distance"":5,""physical_error_rate"":0.0005}","{""detectors_checked"":680}"
        32,         0,         0,   0.089,decoder_by_matrix,066a5d8d46981b593c3dec855f441edbe9e755a8873183448f69d036a2ecc650,"{""distance"":5,""physical_error_rate"":0.001}","{""detectors_checked"":5440}"
        32,         0,         0,   0.073,decoder_by_matrix,b84cf4b8ca220d31f17e1e2ea9ab927bbc4176b15682c650e7d1dd8f2758172b,"{""distance"":5,""physical_error_rate"":0.0005}","{""detectors_checked"":5440}"
         8,         0,         0,   0.086,decoder_by_matrix,9c6baee88fc81e7d1aa345fcb3feec7ee81f21c5d49cb6ca037118097d89e180,"{""distance"":5,""physical_error_rate"":5e-05}","{""detectors_checked"":1360}"
        16,         0,         0,   0.082,decoder_by_matrix,066a5d8d46981b593c3dec855f441edbe9e755a8873183448f69d036a2ecc650,"{""distance"":5,""physical_error_rate"":0.001}","{""detectors_checked"":2720}"
         8,         0,         0,   0.082,decoder_by_matrix,9c6baee88fc81e7d1aa345fcb3feec7ee81f21c5d49cb6ca037118097d89e180,"{""distance"":5,""physical_error_rate"":5e-05}","{""detectors_checked"":1360}"
         8,         0,         0,   0.108,decoder_by_matrix,9c6baee88fc81e7d1aa345fcb3feec7ee81f21c5d49cb6ca037118097d89e180,"{""distance"":5,""physical_error_rate"":5e-05}","{""detectors_checked"":1360}"
        32,         0,         0,   0.112,decoder_by_matrix,0421d486f8a041838688df650e87c0a19c3450ab7a7cc8b3dc589ebff86d1c74,"{""distance"":5,""physical_error_rate"":0.0001}","{""detectors_checked"":5440}"
       128,         0,         0,   0.081,decoder_by_matrix,066a5d8d46981b593c3dec855f441edbe9e755a8873183448f69d036a2ecc650,"{""distance"":5,""physical_error_rate"":0.001}","{""detection_events"":40,""detectors_checked"":21760}"
       256,         0,         0,   0.083,decoder_by_matrix,b84cf4b8ca220d31f17e1e2ea9ab927bbc4176b15682c650e7d1dd8f2758172b,"{""distance"":5,""physical_error_rate"":0.0005}","{""detection_events"":150,""detectors_checked"":43520}"
        32,         0,         0,   0.078,decoder_by_matrix,9c6baee88fc81e7d1aa345fcb3feec7ee81f21c5d49cb6ca037118097d89e180,"{""distance"":5,""physical_error_rate"":5e-05}","{""detectors_checked"":5440}"
        16,         0,         0,   0.116,decoder_by_matrix,0421d486f8a041838688df650e87c0a19c3450ab7a7cc8b3dc589ebff86d1c74,"{""distance"":5,""physical_error_rate"":0.0001}","{""detectors_checked"":2720}"
        16,         0,         0,   0.114,decoder_by_matrix,b84cf4b8ca220d31f17e1e2ea9ab927bbc4176b15682c650e7d1dd8f2758172b,"{""distance"":5,""physical_error_rate"":0.0005}","{""detectors_checked"":2720}"
        64,         0,         0,   0.083,decoder_by_matrix,066a5d8d46981b593c3dec855f441edbe9e755a8873183448f69d036a2ecc650,"{""distance"":5,""physical_error_rate"":0.001}","{""detection_events"":50,""detectors_checked"":10880}"
        32,         0,         0,   0.108,decoder_by_matrix,9c6baee88fc81e7d1aa345fcb3feec7ee81f21c5d49cb6ca037118097d89e180,"{""distance"":5,""physical_error_rate"":5e-05}","{""detectors_checked"":5440}"
        32,         0,         0,   0.088,decoder_by_matrix,9c6baee88fc81e7d1aa345fcb3feec7ee81f21c5d49cb6ca037118097d89e180,"{""distance"":5,""physical_error_rate"":5e-05}","{""detectors_checked"":5440}"
       128,         0,         0,   0.103,decoder_by_matrix,0421d486f8a041838688df650e87c0a19c3450ab7a7cc8b3dc589ebff86d1c74,"{""distance"":5,""physical_error_rate"":0.0001}","{""detectors_checked"":21760}"
      1024,         0,         0,   0.088,decoder_by_matrix,b84cf4b8ca220d31f17e1e2ea9ab927bbc4176b15682c650e7d1dd8f2758172b,"{""distance"":5,""physical_error_rate"":0.0005}","{""detection_events"":285,""detectors_checked"":174080}"
       128,         0,         0,   0.054,decoder_by_matrix,9c6baee88fc81e7d1aa345fcb3feec7ee81f21c5d49cb6ca037118097d89e180,"{""distance"":5,""physical_error_rate"":5e-05}","{""detectors_checked"":21760}"
       512,         0,         0,   0.101,decoder_by_matrix,066a5d8d46981b593c3dec855f441edbe9e755a8873183448f69d036a2ecc650,"{""distance"":5,""physical_error_rate"":0.001}","{""detection_events"":225,""detectors_checked"":87040}"
       128,         0,         0,   0.084,decoder_by_matrix,9c6baee88fc81e7d1aa345fcb3feec7ee81f21c5d49cb6ca037118097d89e180,"{""distance"":5,""physical_error_rate"":5e-05}","{""detectors_checked"":21760}"
       128,         0,         0,   0.086,decoder_by_matrix,9c6baee88fc81e7d1aa345fcb3feec7ee81f21c5d49cb6ca037118097d89e180,"{""distance"":5,""physical_error_rate"":5e-05}","{""detectors_checked"":21760}"
        64,         0,         0,   0.113,decoder_by_matrix,0421d486f8a041838688df650e87c0a19c3450ab7a7cc8b3dc589ebff86d1c74,"{""distance"":5,""physical_error_rate"":0.0001}","{""detectors_checked"":10880}"
        64,         0,         0,   0.113,decoder_by_matrix,b84cf4b8ca220d31f17e1e2ea9ab927bbc4176b15682c650e7d1dd8f2758172b,"{""distance"":5,""physical_error_rate"":0.0005}","{""detection_events"":20,""detectors_checked"":10880}"
       256,         0,         0,   0.116,decoder_by_matrix,066a5d8d46981b593c3dec855f441edbe9e755a8873183448f69d036a2ecc650,"{""distance"":5,""physical_error_rate"":0.001}","{""detection_events"":185,""detectors_checked"":43520}"
      1024,         0,         0,   0.061,decoder_by_matrix,066a5d8d46981b593c3dec855f441edbe9e755a8873183448f69d036a2ecc650,"{""distance"":5,""physical_error_rate"":0.001}","{""detection_events"":505,""detectors_checked"":174080}"
       512,         0,         0,   0.091,decoder_by_matrix,0421d486f8a041838688df650e87c0a19c3450ab7a7cc8b3dc589ebff86d1c74,"{""distance"":5,""physical_error_rate"":0.0001}","{""detectors_checked"":87040}"
      1024,         0,         0,   0.091,decoder_by_matrix,b84cf4b8ca220d31f17e1e2ea9ab927bbc4176b15682c650e7d1dd8f2758172b,"{""distance"":5,""physical_error_rate"":0.0005}","{""detection_events"":215,""detectors_checked"":174080}"
       512,         0,         0,   0.078,decoder_by_matrix,9c6baee88fc81e7d1aa345fcb3feec7ee81f21c5d49cb6ca037118097d89e180,"{""distance"":5,""physical_error_rate"":5e-05}","{""detectors_checked"":87040}"
      1024,         0,         0,   0.085,decoder_by_matrix,9c6baee88fc81e7d1aa345fcb3feec7ee81f21c5d49cb6ca037118097d89e180,"{""distance"":5,""physical_error_rate"":5e-05}","{""detection_events"":30,""detectors_checked"":174080}"
       512,         0,         0,   0.087,decoder_by_matrix,9c6baee88fc81e7d1aa345fcb3feec7ee81f21c5d49cb6ca037118097d89e180,"{""distance"":5,""physical_error_rate"":5e-05}","{""detection_events"":20,""detectors_checked"":87040}"
       256,         0,         0,   0.113,decoder_by_matrix,0421d486f8a041838688df650e87c0a19c3450ab7a7cc8b3dc589ebff86d1c74,"{""distance"":5,""physical_error_rate"":0.0001}","{""detectors_checked"":43520}"
       256,         0,         0,   0.113,decoder_by_matrix,b84cf4b8ca220d31f17e1e2ea9ab927bbc4176b15682c650e7d1dd8f2758172b,"{""distance"":5,""physical_error_rate"":0.0005}","{""detection_events"":105,""detectors_checked"":43520}"
      1024,         0,         0,   0.108,decoder_by_matrix,066a5d8d46981b593c3dec855f441edbe9e755a8873183448f69d036a2ecc650,"{""distance"":5,""physical_error_rate"":0.001}","{""detection_events"":575,""detectors_checked"":174080}"
      1024,         0,         0,   0.084,decoder_by_matrix,b84cf4b8ca220d31f17e1e2ea9ab927bbc4176b15682c650e7d1dd8f2758172b,"{""distance"":5,""physical_error_rate"":0.0005}","{""detection_events"":460,""detectors_checked"":174080}"
      1024,         0,         0,   0.085,decoder_by_matrix,0421d486f8a041838688df650e87c0a19c3450ab7a7cc8b3dc589ebff86d1c74,"{""distance"":5,""physical_error_rate"":0.0001}","{""detection_events"":30,""detectors_checked"":174080}"
      1024,         0,         0,   0.073,decoder_by_matrix,9c6baee88fc81e7d1aa345fcb3feec7ee81f21c5d49cb6ca037118097d89e180,"{""distance"":5,""physical_error_rate"":5e-05}","{""detection_events"":100,""detectors_checked"":174080}"
      1024,         0,         0,   0.077,decoder_by_matrix,9c6baee88fc81e7d1aa345fcb3feec7ee81f21c5d49cb6ca037118097d89e180,"{""distance"":5,""physical_error_rate"":5e-05}","{""detection_events"":10,""detectors_checked"":174080}"
      1024,         0,         0,   0.080,decoder_by_matrix,9c6baee88fc81e7d1aa345fcb3feec7ee81f21c5d49cb6ca037118097d89e180,"{""distance"":5,""physical_error_rate"":5e-05}","{""detection_events"":50,""detectors_checked"":174080}"
      1024,         0,         0,   0.128,decoder_by_matrix,066a5d8d46981b593c3dec855f441edbe9e755a8873183448f69d036a2ecc650,"{""distance"":5,""physical_error_rate"":0.001}","{""detection_events"":570,""detectors_checked"":174080}"
      1024,         0,         0,   0.082,decoder_by_matrix,9c6baee88fc81e7d1aa345fcb3feec7ee81f21c5d49cb6ca037118097d89e180,"{""distance"":5,""physical_error_rate"":5e-05}","{""detectors_checked"":174080}"
      1024,         0,         0,   0.111,decoder_by_matrix,0421d486f8a041838688df650e87c0a19c3450ab7a7cc8b3dc589ebff86d1c74,"{""distance"":5,""physical_error_rate"":0.0001}","{""detection_events"":5,""detectors_checked"":174080}"
      1024,         0,         0,   0.102,decoder_by_matrix,0421d486f8a041838688df650e87c0a19c3450ab7a7cc8b3dc589ebff86d1c74,"{""distance"":5,""physical_error_rate"":0.0001}","{""detection_events"":105,""detectors_checked"":174080}"
      1024,         0,         0,   0.116,decoder_by_matrix,b84cf4b8ca220d31f17e1e2ea9ab927bbc4176b15682c650e7d1dd8f2758172b,"{""distance"":5,""physical_error_rate"":0.0005}","{""detection_events"":405,""detectors_checked"":174080}"
      1024,         0,         0,   0.108,decoder_by_matrix,b84cf4b8ca220d31f17e1e2ea9ab927bbc4176b15682c650e7d1dd8f2758172b,"{""distance"":5,""physical_error_rate"":0.0005}","{""detection_events"":315,""detectors_checked"":174080}"
      1024,         0,         0,   0.137,decoder_by_matrix,066a5d8d46981b593c3dec855f441edbe9e755a8873183448f69d036a2ecc650,"{""distance"":5,""physical_error_rate"":0.001}","{""detection_events"":780,""detectors_checked"":174080}"
      2048,         0,         0,   0.164,decoder_by_matrix,9c6baee88fc81e7d1aa345fcb3feec7ee81f21c5d49cb6ca037118097d89e180,"{""distance"":5,""physical_error_rate"":5e-05}","{""detection_events"":75,""detectors_checked"":348160}"
      2048,         0,         0,   0.142,decoder_by_matrix,9c6baee88fc81e7d1aa345fcb3feec7ee81f21c5d49cb6ca037118097d89e180,"{""distance"":5,""physical_error_rate"":5e-05}","{""detection_events"":35,""detectors_checked"":348160}"
      1024,         0,         0,   0.114,decoder_by_matrix,0421d486f8a041838688df650e87c0a19c3450ab7a7cc8b3dc589ebff86d1c74,"{""distance"":5,""physical_error_rate"":0.0001}","{""detection_events"":130,""detectors_checked"":174080}"
      1024,         0,         0,   0.116,decoder_by_matrix,0421d486f8a041838688df650e87c0a19c3450ab7a7cc8b3dc589ebff86d1c74,"{""distance"":5,""physical_error_rate"":0.0001}","{""detection_events"":25,""detectors_checked"":174080}"
      2048,         0,         0,   0.198,decoder_by_matrix,066a5d8d46981b593c3dec855f441edbe9e755a8873183448f69d036a2ecc650,"{""distance"":5,""physical_error_rate"":0.001}","{""detection_events"":1050,""detectors_checked"":348160}"
      1024,         0,         0,   0.135,decoder_by_matrix,b84cf4b8ca220d31f17e1e2ea9ab927bbc4176b15682c650e7d1dd8f2758172b,"{""distance"":5,""physical_error_rate"":0.0005}","{""detection_events"":320,""detectors_checked"":174080}"
      1024,         0,         0,   0.114,decoder_by_matrix,066a5d8d46981b593c3dec855f441edbe9e755a8873183448f69d036a2ecc650,"{""distance"":5,""physical_error_rate"":0.001}","{""detection_events"":515,""detectors_checked"":174080}"
      2048,         0,         0,   0.170,decoder_by_matrix,9c6baee88fc81e7d1aa345fcb3feec7ee81f21c5d49cb6ca037118097d89e180,"{""distance"":5,""physical_error_rate"":5e-05}","{""detection_events"":40,""detectors_checked"":348160}"
      2048,         0,         0,   0.171,decoder_by_matrix,b84cf4b8ca220d31f17e1e2ea9ab927bbc4176b15682c650e7d1dd8f2758172b,"{""distance"":5,""physical_error_rate"":0.0005}","{""detection_events"":610,""detectors_checked"":348160}"
      1024,         0,         0,   0.129,decoder_by_matrix,0421d486f8a041838688df650e87c0a19c3450ab7a7cc8b3dc589ebff86d1c74,"{""distance"":5,""physical_error_rate"":0.0001}","{""detection_events"":55,""detectors_checked"":174080}"
      2048,         0,         0,   0.165,decoder_by_matrix,9c6baee88fc81e7d1aa345fcb3feec7ee81f21c5d49cb6ca037118097d89e180,"{""distance"":5,""physical_error_rate"":5e-05}","{""detection_events"":60,""detectors_checked"":348160}"
      1024,         0,         0,   0.114,decoder_by_matrix,b84cf4b8ca220d31f17e1e2ea9ab927bbc4176b15682c650e7d1dd8f2758172b,"{""distance"":5,""physical_error_rate"":0.0005}","{""detection_events"":295,""detectors_checked"":174080}"
      2048,         0,         0,   0.178,decoder_by_matrix,9c6baee88fc81e7d1aa345fcb3feec7ee81f21c5d49cb6ca037118097d89e180,"{""distance"":5,""physical_error_rate"":5e-05}","{""detection_events"":85,""detectors_checked"":348160}"
      2048,         0,         0,   0.182,decoder_by_matrix,0421d486f8a041838688df650e87c0a19c3450ab7a7cc8b3dc589ebff86d1c74,"{""distance"":5,""physical_error_rate"":0.0001}","{""detection_events"":80,""detectors_checked"":348160}"
      2048,         0,         0,   0.165,decoder_by_matrix,9c6baee88fc81e7d1aa345fcb3feec7ee81f21c5d49cb6ca037118097d89e180,"{""distance"":5,""physical_error_rate"":5e-05}","{""detection_events"":5,""detectors_checked"":348160}"
      2048,         0,         0,   0.207,decoder_by_matrix,066a5d8d46981b593c3dec855f441edbe9e755a8873183448f69d036a2ecc650,"{""distance"":5,""physical_error_rate"":0.001}","{""detection_events"":1170,""detectors_checked"":348160}"
      2048,         0,         0,   0.231,decoder_by_matrix,066a5d8d46981b593c3dec855f441edbe9e755a8873183448f69d036a2ecc650,"{""distance"":5,""physical_error_rate"":0.001}","{""detection_events"":1310,""detectors_checked"":348160}"
      2048,         0,         0,   0.159,decoder_by_matrix,9c6baee88fc81e7d1aa345fcb3feec7ee81f21c5d49cb6ca037118097d89e180,"{""distance"":5,""physical_error_rate"":5e-05}","{""detection_events"":125,""detectors_checked"":348160}"
      2048,         0,         0,   0.194,decoder_by_matrix,9c6baee88fc81e7d1aa345fcb3feec7ee81f21c5d49cb6ca037118097d89e180,"{""distance"":5,""physical_error_rate"":5e-05}","{""detection_events"":40,""detectors_checked"":348160}"
      3072,         0,         0,   0.278,decoder_by_matrix,b84cf4b8ca220d31f17e1e2ea9ab927bbc4176b15682c650e7d1dd8f2758172b,"{""distance"":5,""physical_error_rate"":0.0005}","{""detection_events"":765,""detectors_checked"":522240}"
      2048,         0,         0,   0.224,decoder_by_matrix,0421d486f8a041838688df650e87c0a19c3450ab7a7cc8b3dc589ebff86d1c74,"{""distance"":5,""physical_error_rate"":0.0001}","{""detection_events"":90,""detectors_checked"":348160}"
      2048,         0,         0,   0.250,decoder_by_matrix,b84cf4b8ca220d31f17e1e2ea9ab927bbc4176b15682c650e7d1dd8f2758172b,"{""distance"":5,""physical_error_rate"":0.0005}","{""detection_events"":525,""detectors_checked"":348160}"
      3072,         0,         0,   0.268,decoder_by_matrix,0421d486f8a041838688df650e87c0a19c3450ab7a7cc8b3dc589ebff86d1c74,"{""distance"":5,""physical_error_rate"":0.0001}","{""detection_events"":115,""detectors_checked"":522240}"
      3072,         0,         0,   0.256,decoder_by_matrix,9c6baee88fc81e7d1aa345fcb3feec7ee81f21c5d49cb6ca037118097d89e180,"{""distance"":5,""physical_error_rate"":5e-05}","{""detection_events"":80,""detectors_checked"":522240}"
      3072,         0,         0,   0.260,decoder_by_matrix,066a5d8d46981b593c3dec855f441edbe9e755a8873183448f69d036a2ecc650,"{""distance"":5,""physical_error_rate"":0.001}","{""detection_events"":1915,""detectors_checked"":522240}"
      2048,         0,         0,   0.249,decoder_by_matrix,066a5d8d46981b593c3dec855f441edbe9e755a8873183448f69d036a2ecc650,"{""distance"":5,""physical_error_rate"":0.001}","{""detection_events"":1165,""detectors_checked"":348160}"
      3072,         0,         0,   0.247,decoder_by_matrix,9c6baee88fc81e7d1aa345fcb3feec7ee81f21c5d49cb6ca037118097d89e180,"{""distance"":5,""physical_error_rate"":5e-05}","{""detection_events"":60,""detectors_checked"":522240}"
      3072,         0,         0,   0.238,decoder_by_matrix,9c6baee88fc81e7d1aa345fcb3feec7ee81f21c5d49cb6ca037118097d89e180,"{""distance"":5,""physical_error_rate"":5e-05}","{""detection_events"":55,""detectors_checked"":522240}"
      2048,         0,         0,   0.250,decoder_by_matrix,0421d486f8a041838688df650e87c0a19c3450ab7a7cc8b3dc589ebff86d1c74,"{""distance"":5,""physical_error_rate"":0.0001}","{""detection_events"":100,""detectors_checked"":348160}"
      2048,         0,         0,   0.253,decoder_by_matrix,b84cf4b8ca220d31f17e1e2ea9ab927bbc4176b15682c650e7d1dd8f2758172b,"{""distance"":5,""physical_error_rate"":0.0005}","{""detection_events"":525,""detectors_checked"":348160}"
      4096,         0,         0,   0.328,decoder_by_matrix,b84cf4b8ca220d31f17e1e2ea9ab927bbc4176b15682c650e7d1dd8f2758172b,"{""distance"":5,""physical_error_rate"":0.0005}","{""detection_events"":1140,""detectors_checked"":696320}"
      3072,         0,         0,   0.307,decoder_by_matrix,0421d486f8a041838688df650e87c0a19c3450ab7a7cc8b3dc589ebff86d1c74,"{""distance"":5,""physical_error_rate"":0.0001}","{""detection_events"":85,""detectors_checked"":522240}"
      4096,         0,         0,   0.340,decoder_by_matrix,9c6baee88fc81e7d1aa345fcb3feec7ee81f21c5d49cb6ca037118097d89e180,"{""distance"":5,""physical_error_rate"":5e-05}","{""detection_events"":95,""detectors_checked"":696320}"
      3072,         0,         0,   0.305,decoder_by_matrix,066a5d8d46981b593c3dec855f441edbe9e755a8873183448f69d036a2ecc650,"{""distance"":5,""physical_error_rate"":0.001}","{""detection_events"":1770,""detectors_checked"":522240}"
      4096,         0,         0,   0.328,decoder_by_matrix,9c6baee88fc81e7d1aa345fcb3feec7ee81f21c5d49cb6ca037118097d89e180,"{""distance"":5,""physical_error_rate"":5e-05}","{""detection_events"":125,""detectors_checked"":696320}"
      3072,         0,         0,   0.366,decoder_by_matrix,066a5d8d46981b593c3dec855f441edbe9e755a8873183448f69d036a2ecc650,"{""distance"":5,""physical_error_rate"":0.001}","{""detection_events"":1675,""detectors_checked"":522240}"
      4096,         0,         0,   0.329,decoder_by_matrix,9c6baee88fc81e7d1aa345fcb3feec7ee81f21c5d49cb6ca037118097d89e180,"{""distance"":5,""physical_error_rate"":5e-05}","{""detection_events"":130,""detectors_checked"":696320}"
      3072,         0,         0,   0.364,decoder_by_matrix,0421d486f8a041838688df650e87c0a19c3450ab7a7cc8b3dc589ebff86d1c74,"{""distance"":5,""physical_error_rate"":0.0001}","{""detection_events"":60,""detectors_checked"":522240}"
      3072,         0,         0,   0.387,decoder_by_matrix,b84cf4b8ca220d31f17e1e2ea9ab927bbc4176b15682c650e7d1dd8f2758172b,"{""distance"":5,""physical_error_rate"":0.0005}","{""detection_events"":775,""detectors_checked"":522240}"
      5120,         0,         0,   0.461,decoder_by_matrix,b84cf4b8ca220d31f17e1e2ea9ab927bbc4176b15682c650e7d1dd8f2758172b,"{""distance"":5,""physical_error_rate"":0.0005}","{""detection_events"":1345,""detectors_checked"":870400}"
      4096,         0,         0,   0.397,decoder_by_matrix,0421d486f8a041838688df650e87c0a19c3450ab7a7cc8b3dc589ebff86d1c74,"{""distance"":5,""physical_error_rate"":0.0001}","{""detection_events"":310,""detectors_checked"":696320}"
      4096,         0,         0,   0.389,decoder_by_matrix,066a5d8d46981b593c3dec855f441edbe9e755a8873183448f69d036a2ecc650,"{""distance"":5,""physical_error_rate"":0.001}","{""detection_events"":2560,""detectors_checked"":696320}"
      5120,         0,         0,   0.425,decoder_by_matrix,9c6baee88fc81e7d1aa345fcb3feec7ee81f21c5d49cb6ca037118097d89e180,"{""distance"":5,""physical_error_rate"":5e-05}","{""detection_events"":175,""detectors_checked"":870400}"
      5120,         0,         0,   0.454,decoder_by_matrix,9c6baee88fc81e7d1aa345fcb3feec7ee81f21c5d49cb6ca037118097d89e180,"{""distance"":5,""physical_error_rate"":5e-05}","{""detection_events"":175,""detectors_checked"":870400}"
      5120,         0,         0,   0.439,decoder_by_matrix,9c6baee88fc81e7d1aa345fcb3feec7ee81f21c5d49cb6ca037118097d89e180,"{""distance"":5,""physical_error_rate"":5e-05}","{""detection_events"":70,""detectors_checked"":870400}"
      4096,         0,         0,   0.473,decoder_by_matrix,066a5d8d46981b593c3dec855f441edbe9e755a8873183448f69d036a2ecc650,"{""distance"":5,""physical_error_rate"":0.001}","{""detection_events"":2070,""detectors_checked"":696320}"
      4096,         0,         0,   0.478,decoder_by_matrix,0421d486f8a041838688df650e87c0a19c3450ab7a7cc8b3dc589ebff86d1c74,"{""distance"":5,""physical_error_rate"":0.0001}","{""detection_events"":245,""detectors_checked"":696320}"
      4096,         0,         0,   0.498,decoder_by_matrix,b84cf4b8ca220d31f17e1e2ea9ab927bbc4176b15682c650e7d1dd8f2758172b,"{""distance"":5,""physical_error_rate"":0.0005}","{""detection_events"":1475,""detectors_checked"":696320}"
      6144,         0,         0,   0.552,decoder_by_matrix,0421d486f8a041838688df650e87c0a19c3450ab7a7cc8b3dc589ebff86d1c74,"{""distance"":5,""physical_error_rate"":0.0001}","{""detection_events"":330,""detectors_checked"":1044480}"
      7168,         0,         0,   0.640,decoder_by_matrix,b84cf4b8ca220d31f17e1e2ea9ab927bbc4176b15682c650e7d1dd8f2758172b,"{""distance"":5,""physical_error_rate"":0.0005}","{""detection_events"":1900,""detectors_checked"":1218560}"
      6144,         0,         0,   0.605,decoder_by_matrix,066a5d8d46981b593c3dec855f441edbe9e755a8873183448f69d036a2ecc650,"{""distance"":5,""physical_error_rate"":0.001}","{""detection_events"":3045,""detectors_checked"":1044480}"
      7168,         0,         0,   0.566,decoder_by_matrix,9c6baee88fc81e7d1aa345fcb3feec7ee81f21c5d49cb6ca037118097d89e180,"{""distance"":5,""physical_error_rate"":5e-05}","{""detection_events"":185,""detectors_checked"":1218560}"
      7168,         0,         0,   0.608,decoder_by_matrix,9c6baee88fc81e7d1aa345fcb3feec7ee81f21c5d49cb6ca037118097d89e180,"{""distance"":5,""physical_error_rate"":5e-05}","{""detection_events"":140,""detectors_checked"":1218560}"
      8192,         0,         0,   0.632,decoder_by_matrix,9c6baee88fc81e7d1aa345fcb3feec7ee81f21c5d49cb6ca037118097d89e180,"{""distance"":5,""physical_error_rate"":5e-05}","{""detection_events"":325,""detectors_checked"":1392640}"
      5120,         0,         0,   0.616,decoder_by_matrix,066a5d8d46981b593c3dec855f441edbe9e755a8873183448f69d036a2ecc650,"{""distance"":5,""physical_error_rate"":0.001}","{""detection_events"":2565,""detectors_checked"":870400}"
      5120,         0,         0,   0.591,decoder_by_matrix,0421d486f8a041838688df650e87c0a19c3450ab7a7cc8b3dc589ebff86d1c74,"{""distance"":5,""physical_error_rate"":0.0001}","{""detection_events"":370,""detectors_checked"":870400}"
      5120,         0,         0,   0.617,decoder_by_matrix,b84cf4b8ca220d31f17e1e2ea9ab927bbc4176b15682c650e7d1dd8f2758172b,"{""distance"":5,""physical_error_rate"":0.0005}","{""detection_events"":1580,""detectors_checked"":870400}"
      9216,         0,         0,   0.834,decoder_by_matrix,0421d486f8a041838688df650e87c0a19c3450ab7a7cc8b3dc589ebff86d1c74,"{""distance"":5,""physical_error_rate"":0.0001}","{""detection_events"":590,""detectors_checked"":1566720}"
     10240,         0,         0,   0.873,decoder_by_matrix,b84cf4b8ca220d31f17e1e2ea9ab927bbc4176b15682c650e7d1dd8f2758172b,"{""distance"":5,""physical_error_rate"":0.0005}","{""detection_events"":2390,""detectors_checked"":1740800}"
      8192,         0,         0,   0.826,decoder_by_matrix,066a5d8d46981b593c3dec855f441edbe9e755a8873183448f69d036a2ecc650,"{""distance"":5,""physical_error_rate"":0.001}","{""detection_events"":5025,""detectors_checked"":1392640}"
     10240,         0,         0,   0.822,decoder_by_matrix,9c6baee88fc81e7d1aa345fcb3feec7ee81f21c5d49cb6ca037118097d89e180,"{""distance"":5,""physical_error_rate"":5e-05}","{""detection_events"":380,""detectors_checked"":1740800}"
     10240,         0,         0,   0.808,decoder_by_matrix,9c6baee88fc81e7d1aa345fcb3feec7ee81f21c5d49cb6ca037118097d89e180,"{""distance"":5,""physical_error_rate"":5e-05}","{""detection_events"":385,""detectors_checked"":1740800}"
      7168,         0,         0,   0.805,decoder_by_matrix,066a5d8d46981b593c3dec855f441edbe9e755a8873183448f69d036a2ecc650,"{""distance"":5,""physical_error_rate"":0.001}","{""detection_events"":4145,""detectors_checked"":1218560}"
      9216,         0,         0,   0.939,decoder_by_matrix,9c6baee88fc81e7d1aa345fcb3feec7ee81f21c5d49cb6ca037118097d89e180,"{""distance"":5,""physical_error_rate"":5e-05}","{""detection_events"":235,""detectors_checked"":1566720}"
      7168,         0,         0,   0.808,decoder_by_matrix,0421d486f8a041838688df650e87c0a19c3450ab7a7cc8b3dc589ebff86d1c74,"{""distance"":5,""physical_error_rate"":0.0001}","{""detection_events"":325,""detectors_checked"":1218560}"
      7168,         0,         0,   0.841,decoder_by_matrix,b84cf4b8ca220d31f17e1e2ea9ab927bbc4176b15682c650e7d1dd8f2758172b,"{""distance"":5,""physical_error_rate"":0.0005}","{""detection_events"":2090,""detectors_checked"":1218560}"
   1171456,         2,         0,   119.5,decoder_by_matrix,066a5d8d46981b593c3dec855f441edbe9e755a8873183448f69d036a2ecc650,"{""distance"":5,""physical_error_rate"":0.001}","{""detection_events"":666535,""detectors_checked"":199147520,""obs_mistake_mask=EE_E"":1,""obs_mistake_mask=EE__"":1}"
   1232896,         6,         0,   119.6,decoder_by_matrix,066a5d8d46981b593c3dec855f441edbe9e755a8873183448f69d036a2ecc650,"{""distance"":5,""physical_error_rate"":0.001}","{""detection_events"":698305,""detectors_checked"":209592320,""obs_mistake_mask=EEE_"":1,""obs_mistake_mask=E___"":3,""obs_mistake_mask=_E__"":2}"
     11264,         0,         0,    1.17,decoder_by_matrix,0421d486f8a041838688df650e87c0a19c3450ab7a7cc8b3dc589ebff86d1c74,"{""distance"":5,""physical_error_rate"":0.0001}","{""detection_events"":805,""detectors_checked"":1914880}"
     13312,         0,         0,    1.13,decoder_by_matrix,b84cf4b8ca220d31f17e1e2ea9ab927bbc4176b15682c650e7d1dd8f2758172b,"{""distance"":5,""physical_error_rate"":0.0005}","{""detection_events"":3645,""detectors_checked"":2263040}"
     12288,         0,         0,    1.17,decoder_by_matrix,066a5d8d46981b593c3dec855f441edbe9e755a8873183448f69d036a2ecc650,"{""distance"":5,""physical_error_rate"":0.001}","{""detection_events"":6385,""detectors_checked"":2088960}"
     14336,         0,         0,    1.17,decoder_by_matrix,9c6baee88fc81e7d1aa345fcb3feec7ee81f21c5d49cb6ca037118097d89e180,"{""distance"":5,""physical_error_rate"":5e-05}","{""detection_events"":550,""detectors_checked"":2437120}"
      9216,         0,         0,    1.12,decoder_by_matrix,066a5d8d46981b593c3dec855f441edbe9e755a8873183448f69d036a2ecc650,"{""distance"":5,""physical_error_rate"":0.001}","{""detection_events"":4865,""detectors_checked"":1566720}"
     14336,         0,         0,    1.16,decoder_by_matrix,9c6baee88fc81e7d1aa345fcb3feec7ee81f21c5d49cb6ca037118097d89e180,"{""distance"":5,""physical_error_rate"":5e-05}","{""detection_events"":285,""detectors_checked"":2437120}"
     13312,         0,         0,    1.13,decoder_by_matrix,9c6baee88fc81e7d1aa345fcb3feec7ee81f21c5d49cb6ca037118097d89e180,"{""distance"":5,""physical_error_rate"":5e-05}","{""detection_events"":275,""detectors_checked"":2263040}"
     10240,         0,         0,    1.18,decoder_by_matrix,0421d486f8a041838688df650e87c0a19c3450ab7a7cc8b3dc589ebff86d1c74,"{""distance"":5,""physical_error_rate"":0.0001}","{""detection_events"":505,""detectors_checked"":1740800}"
      9216,         0,         0,    1.12,decoder_by_matrix,b84cf4b8ca220d31f17e1e2ea9ab927bbc4176b15682c650e7d1dd8f2758172b,"{""distance"":5,""physical_error_rate"":0.0005}","{""detection_events"":2605,""detectors_checked"":1566720}"
   1091584,         0,         0,   119.5,decoder_by_matrix,b84cf4b8ca220d31f17e1e2ea9ab927bbc4176b15682c650e7d1dd8f2758172b,"{""distance"":5,""physical_error_rate"":0.0005}","{""detection_events"":308435,""detectors_checked"":185569280}"
   1251328,         0,         0,   119.6,decoder_by_matrix,0421d486f8a041838688df650e87c0a19c3450ab7a7cc8b3dc589ebff86d1c74,"{""distance"":5,""physical_error_rate"":0.0001}","{""detection_events"":70640,""detectors_checked"":212725760}"
     16384,         0,         0,    1.62,decoder_by_matrix,0421d486f8a041838688df650e87c0a19c3450ab7a7cc8b3dc589ebff86d1c74,"{""distance"":5,""physical_error_rate"":0.0001}","{""detection_events"":970,""detectors_checked"":2785280}"
     26624,         0,         0,    1.58,decoder_by_matrix,b84cf4b8ca220d31f17e1e2ea9ab927bbc4176b15682c650e7d1dd8f2758172b,"{""distance"":5,""physical_error_rate"":0.0005}","{""detection_events"":7390,""detectors_checked"":4526080}"
     19456,         0,         0,    1.59,decoder_by_matrix,9c6baee88fc81e7d1aa345fcb3feec7ee81f21c5d49cb6ca037118097d89e180,"{""distance"":5,""physical_error_rate"":5e-05}","{""detection_events"":740,""detectors_checked"":3307520}"
     16384,         0,         0,    1.61,decoder_by_matrix,066a5d8d46981b593c3dec855f441edbe9e755a8873183448f69d036a2ecc650,"{""distance"":5,""physical_error_rate"":0.001}","{""detection_events"":9115,""detectors_checked"":2785280}"
     13312,         0,         0,    1.59,decoder_by_matrix,066a5d8d46981b593c3dec855f441edbe9e755a8873183448f69d036a2ecc650,"{""distance"":5,""physical_error_rate"":0.001}","{""detection_events"":7515,""detectors_checked"":2263040}"
    995328,         0,         0,   119.6,decoder_by_matrix,b84cf4b8ca220d31f17e1e2ea9ab927bbc4176b15682c650e7d1dd8f2758172b,"{""distance"":5,""physical_error_rate"":0.0005}","{""detection_events"":278920,""detectors_checked"":169205760}"
     19456,         0,         0,    1.58,decoder_by_matrix,9c6baee88fc81e7d1aa345fcb3feec7ee81f21c5d49cb6ca037118097d89e180,"{""distance"":5,""physical_error_rate"":5e-05}","{""detection_events"":640,""detectors_checked"":3307520}"
     27648,         0,         0,    1.61,decoder_by_matrix,9c6baee88fc81e7d1aa345fcb3feec7ee81f21c5d49cb6ca037118097d89e180,"{""distance"":5,""physical_error_rate"":5e-05}","{""detection_events"":720,""detectors_checked"":4700160}"
     12288,         0,         0,    1.53,decoder_by_matrix,0421d486f8a041838688df650e87c0a19c3450ab7a7cc8b3dc589ebff86d1c74,"{""distance"":5,""physical_error_rate"":0.0001}","{""detection_events"":645,""detectors_checked"":2088960}"
     13312,         0,         0,    1.60,decoder_by_matrix,b84cf4b8ca220d31f17e1e2ea9ab927bbc4176b15682c650e7d1dd8f2758172b,"{""distance"":5,""physical_error_rate"":0.0005}","{""detection_events"":3835,""detectors_checked"":2263040}"
   1226752,         0,         0,   119.4,decoder_by_matrix,0421d486f8a041838688df650e87c0a19c3450ab7a7cc8b3dc589ebff86d1c74,"{""distance"":5,""physical_error_rate"":0.0001}","{""detection_events"":70425,""detectors_checked"":208547840}"
   1064960,         0,         0,   119.4,decoder_by_matrix,b84cf4b8ca220d31f17e1e2ea9ab927bbc4176b15682c650e7d1dd8f2758172b,"{""distance"":5,""physical_error_rate"":0.0005}","{""detection_events"":300015,""detectors_checked"":181043200}"
   1174528,         1,         0,   119.4,decoder_by_matrix,066a5d8d46981b593c3dec855f441edbe9e755a8873183448f69d036a2ecc650,"{""distance"":5,""physical_error_rate"":0.001}","{""detection_events"":659225,""detectors_checked"":199669760,""obs_mistake_mask=_E__"":1}"
   1108992,         3,         0,   119.5,decoder_by_matrix,066a5d8d46981b593c3dec855f441edbe9e755a8873183448f69d036a2ecc650,"{""distance"":5,""physical_error_rate"":0.001}","{""detection_events"":625860,""detectors_checked"":188528640,""obs_mistake_mask=E___"":1,""obs_mistake_mask=___E"":2}"
   1033216,         1,         0,   119.4,decoder_by_matrix,066a5d8d46981b593c3dec855f441edbe9e755a8873183448f69d036a2ecc650,"{""distance"":5,""physical_error_rate"":0.001}","{""detection_events"":585995,""detectors_checked"":175646720,""obs_mistake_mask=___E"":1}"
     25600,         0,         0,    2.19,decoder_by_matrix,b84cf4b8ca220d31f17e1e2ea9ab927bbc4176b15682c650e7d1dd8f2758172b,"{""distance"":5,""physical_error_rate"":0.0005}","{""detection_events"":7705,""detectors_checked"":4352000}"
     22528,         0,         0,    2.23,decoder_by_matrix,0421d486f8a041838688df650e87c0a19c3450ab7a7cc8b3dc589ebff86d1c74,"{""distance"":5,""physical_error_rate"":0.0001}","{""detection_events"":1515,""detectors_checked"":3829760}"
     29696,         0,         0,    2.23,decoder_by_matrix,9c6baee88fc81e7d1aa345fcb3feec7ee81f21c5d49cb6ca037118097d89e180,"{""distance"":5,""physical_error_rate"":5e-05}","{""detection_events"":710,""detectors_checked"":5048320}"
     21504,         0,         0,    2.22,decoder_by_matrix,066a5d8d46981b593c3dec855f441edbe9e755a8873183448f69d036a2ecc650,"{""distance"":5,""physical_error_rate"":0.001}","{""detection_events"":12460,""detectors_checked"":3655680}"
     18432,         0,         0,    2.22,decoder_by_matrix,066a5d8d46981b593c3dec855f441edbe9e755a8873183448f69d036a2ecc650,"{""distance"":5,""physical_error_rate"":0.001}","{""detection_events"":9910,""detectors_checked"":3133440}"
     27648,         0,         0,    2.23,decoder_by_matrix,9c6baee88fc81e7d1aa345fcb3feec7ee81f21c5d49cb6ca037118097d89e180,"{""distance"":5,""physical_error_rate"":5e-05}","{""detection_events"":565,""detectors_checked"":4700160}"
     18432,         0,         0,    2.18,decoder_by_matrix,0421d486f8a041838688df650e87c0a19c3450ab7a7cc8b3dc589ebff86d1c74,"{""distance"":5,""physical_error_rate"":0.0001}","{""detection_events"":1000,""detectors_checked"":3133440}"
     26624,         0,         0,    2.21,decoder_by_matrix,9c6baee88fc81e7d1aa345fcb3feec7ee81f21c5d49cb6ca037118097d89e180,"{""distance"":5,""physical_error_rate"":5e-05}","{""detection_events"":515,""detectors_checked"":4526080}"
   1075200,         0,         0,   119.5,decoder_by_matrix,b84cf4b8ca220d31f17e1e2ea9ab927bbc4176b15682c650e7d1dd8f2758172b,"{""distance"":5,""physical_error_rate"":0.0005}","{""detection_events"":304875,""detectors_checked"":182784000}"
   1039360,         1,         0,   119.6,decoder_by_matrix,b84cf4b8ca220d31f17e1e2ea9ab927bbc4176b15682c650e7d1dd8f2758172b,"{""distance"":5,""physical_error_rate"":0.0005}","{""detection_events"":300500,""detectors_checked"":176691200,""obs_mistake_mask=EEE_"":1}"
    916480,         0,         0,   119.7,decoder_by_matrix,0421d486f8a041838688df650e87c0a19c3450ab7a7cc8b3dc589ebff86d1c74,"{""distance"":5,""physical_error_rate"":0.0001}","{""detection_events"":51480,""detectors_checked"":155801600}"
     17408,         0,         0,    2.24,decoder_by_matrix,b84cf4b8ca220d31f17e1e2ea9ab927bbc4176b15682c650e7d1dd8f2758172b,"{""distance"":5,""physical_error_rate"":0.0005}","{""detection_events"":4820,""detectors_checked"":2959360}"
   1087488,         0,         0,   119.5,decoder_by_matrix,0421d486f8a041838688df650e87c0a19c3450ab7a7cc8b3dc589ebff86d1c74,"{""distance"":5,""physical_error_rate"":0.0001}","{""detection_events"":60310,""detectors_checked"":184872960}"
     21685,         0,         0,    1.80,decoder_by_matrix,9c6baee88fc81e7d1aa345fcb3feec7ee81f21c5d49cb6ca037118097d89e180,"{""distance"":5,""physical_error_rate"":5e-05}","{""detection_events"":485,""detectors_checked"":3686450}"
    203776,         0,         0,    22.4,decoder_by_matrix,9c6baee88fc81e7d1aa345fcb3feec7ee81f21c5d49cb6ca037118097d89e180,"{""distance"":5,""physical_error_rate"":5e-05}","{""detection_events"":5575,""detectors_checked"":34641920}"
   1043456,         0,         0,   119.6,decoder_by_matrix,0421d486f8a041838688df650e87c0a19c3450ab7a7cc8b3dc589ebff86d1c74,"{""distance"":5,""physical_error_rate"":0.0001}","{""detection_events"":58645,""detectors_checked"":177387520}"
     35840,         0,         0,    3.09,decoder_by_matrix,b84cf4b8ca220d31f17e1e2ea9ab927bbc4176b15682c650e7d1dd8f2758172b,"{""distance"":5,""physical_error_rate"":0.0005}","{""detection_events"":9275,""detectors_checked"":6092800}"
     31744,         0,         0,    3.09,decoder_by_matrix,0421d486f8a041838688df650e87c0a19c3450ab7a7cc8b3dc589ebff86d1c74,"{""distance"":5,""physical_error_rate"":0.0001}","{""detection_events"":1790,""detectors_checked"":5396480}"
     30720,         0,         0,    3.06,decoder_by_matrix,066a5d8d46981b593c3dec855f441edbe9e755a8873183448f69d036a2ecc650,"{""distance"":5,""physical_error_rate"":0.001}","{""detection_events"":16690,""detectors_checked"":5222400}"
     25600,         0,         0,    3.09,decoder_by_matrix,066a5d8d46981b593c3dec855f441edbe9e755a8873183448f69d036a2ecc650,"{""distance"":5,""physical_error_rate"":0.001}","{""detection_events"":13680,""detectors_checked"":4352000}"
     38912,         0,         0,    3.13,decoder_by_matrix,9c6baee88fc81e7d1aa345fcb3feec7ee81f21c5d49cb6ca037118097d89e180,"{""distance"":5,""physical_error_rate"":5e-05}","{""detection_events"":1030,""detectors_checked"":6615040}"
     35840,         0,         0,    3.07,decoder_by_matrix,9c6baee88fc81e7d1aa345fcb3feec7ee81f21c5d49cb6ca037118097d89e180,"{""distance"":5,""physical_error_rate"":5e-05}","{""detection_events"":1005,""detectors_checked"":6092800}"
     24576,         0,         0,    3.09,decoder_by_matrix,0421d486f8a041838688df650e87c0a19c3450ab7a7cc8b3dc589ebff86d1c74,"{""distance"":5,""physical_error_rate"":0.0001}","{""detection_events"":1405,""detectors_checked"":4177920}"
     25600,         0,         0,    3.15,decoder_by_matrix,b84cf4b8ca220d31f17e1e2ea9ab927bbc4176b15682c650e7d1dd8f2758172b,"{""distance"":5,""physical_error_rate"":0.0005}","{""detection_events"":7710,""detectors_checked"":4352000}"
     41984,         0,         0,    4.23,decoder_by_matrix,9c6baee88fc81e7d1aa345fcb3feec7ee81f21c5d49cb6ca037118097d89e180,"{""distance"":5,""physical_error_rate"":5e-05}","{""detection_events"":885,""detectors_checked"":7137280}"
     48128,         0,         0,    4.27,decoder_by_matrix,b84cf4b8ca220d31f17e1e2ea9ab927bbc4176b15682c650e7d1dd8f2758172b,"{""distance"":5,""physical_error_rate"":0.0005}","{""detection_events"":13210,""detectors_checked"":8181760}"
     44032,         0,         0,    4.28,decoder_by_matrix,0421d486f8a041838688df650e87c0a19c3450ab7a7cc8b3dc589ebff86d1c74,"{""distance"":5,""physical_error_rate"":0.0001}","{""detection_events"":2315,""detectors_checked"":7485440}"
     35840,         0,         0,    4.30,decoder_by_matrix,066a5d8d46981b593c3dec855f441edbe9e755a8873183448f69d036a2ecc650,"{""distance"":5,""physical_error_rate"":0.001}","{""detection_events"":19820,""detectors_checked"":6092800}"
     50176,         0,         0,    4.26,decoder_by_matrix,9c6baee88fc81e7d1aa345fcb3feec7ee81f21c5d49cb6ca037118097d89e180,"{""distance"":5,""physical_error_rate"":5e-05}","{""detection_events"":1460,""detectors_checked"":8529920}"
     44032,         0,         0,    4.38,decoder_by_matrix,066a5d8d46981b593c3dec855f441edbe9e755a8873183448f69d036a2ecc650,"{""distance"":5,""physical_error_rate"":0.001}","{""detection_events"":24320,""detectors_checked"":7485440}"
     53248,         0,         0,    4.31,decoder_by_matrix,9c6baee88fc81e7d1aa345fcb3feec7ee81f21c5d49cb6ca037118097d89e180,"{""distance"":5,""physical_error_rate"":5e-05}","{""detection_events"":1415,""detectors_checked"":9052160}"
     40960,         0,         0,    4.30,decoder_by_matrix,0421d486f8a041838688df650e87c0a19c3450ab7a7cc8b3dc589ebff86d1c74,"{""distance"":5,""physical_error_rate"":0.0001}","{""detection_events"":2240,""detectors_checked"":6963200}"
     36864,         0,         0,    4.36,decoder_by_matrix,b84cf4b8ca220d31f17e1e2ea9ab927bbc4176b15682c650e7d1dd8f2758172b,"{""distance"":5,""physical_error_rate"":0.0005}","{""detection_events"":10440,""detectors_checked"":6266880}"
    169391,         0,         0,    16.1,decoder_by_matrix,9c6baee88fc81e7d1aa345fcb3feec7ee81f21c5d49cb6ca037118097d89e180,"{""distance"":5,""physical_error_rate"":5e-05}","{""detection_events"":5270,""detectors_checked"":28796470}"
    194560,         0,         0,    17.4,decoder_by_matrix,9c6baee88fc81e7d1aa345fcb3feec7ee81f21c5d49cb6ca037118097d89e180,"{""distance"":5,""physical_error_rate"":5e-05}","{""detection_events"":6170,""detectors_checked"":33075200}"
    156672,         0,         0,    18.3,decoder_by_matrix,9c6baee88fc81e7d1aa345fcb3feec7ee81f21c5d49cb6ca037118097d89e180,"{""distance"":5,""physical_error_rate"":5e-05}","{""detection_events"":4375,""detectors_checked"":26634240}"
    175104,         0,         0,    16.4,decoder_by_matrix,9c6baee88fc81e7d1aa345fcb3feec7ee81f21c5d49cb6ca037118097d89e180,"{""distance"":5,""physical_error_rate"":5e-05}","{""detection_events"":5275,""detectors_checked"":29767680}"
    155648,         0,         0,    18.2,decoder_by_matrix,9c6baee88fc81e7d1aa345fcb3feec7ee81f21c5d49cb6ca037118097d89e180,"{""distance"":5,""physical_error_rate"":5e-05}","{""detection_events"":4760,""detectors_checked"":26460160}"
    153356,         0,         0,    18.4,decoder_by_matrix,9c6baee88fc81e7d1aa345fcb3feec7ee81f21c5d49cb6ca037118097d89e180,"{""distance"":5,""physical_error_rate"":5e-05}","{""detection_events"":4080,""detectors_checked"":26070520}"
    138240,         0,         0,    16.5,decoder_by_matrix,9c6baee88fc81e7d1aa345fcb3feec7ee81f21c5d49cb6ca037118097d89e180,"{""distance"":5,""physical_error_rate"":5e-05}","{""detection_events"":3815,""detectors_checked"":23500800}"
    139264,         0,         0,    16.7,decoder_by_matrix,9c6baee88fc81e7d1aa345fcb3feec7ee81f21c5d49cb6ca037118097d89e180,"{""distance"":5,""physical_error_rate"":5e-05}","{""detection_events"":3465,""detectors_checked"":23674880}"
    820224,         1,         0,    87.8,decoder_by_matrix,066a5d8d46981b593c3dec855f441edbe9e755a8873183448f69d036a2ecc650,"{""distance"":5,""physical_error_rate"":0.001}","{""detection_events"":461560,""detectors_checked"":139438080,""obs_mistake_mask=E___"":1}"
    889856,         0,         0,    88.0,decoder_by_matrix,0421d486f8a041838688df650e87c0a19c3450ab7a7cc8b3dc589ebff86d1c74,"{""distance"":5,""physical_error_rate"":0.0001}","{""detection_events"":47725,""detectors_checked"":151275520}"
    708608,         3,         0,    87.8,decoder_by_matrix,066a5d8d46981b593c3dec855f441edbe9e755a8873183448f69d036a2ecc650,"{""distance"":5,""physical_error_rate"":0.001}","{""detection_events"":404755,""detectors_checked"":120463360,""obs_mistake_mask=E___"":1,""obs_mistake_mask=_EEE"":1,""obs_mistake_mask=_E_E"":1}"
    840704,         0,         0,    87.9,decoder_by_matrix,b84cf4b8ca220d31f17e1e2ea9ab927bbc4176b15682c650e7d1dd8f2758172b,"{""distance"":5,""physical_error_rate"":0.0005}","{""detection_events"":240140,""detectors_checked"":142919680}"
     14092,         0,         0,    1.67,decoder_by_matrix,9c6baee88fc81e7d1aa345fcb3feec7ee81f21c5d49cb6ca037118097d89e180,"{""distance"":5,""physical_error_rate"":5e-05}","{""detection_events"":535,""detectors_checked"":2395640}"
     66560,         0,         0,    7.99,decoder_by_matrix,9c6baee88fc81e7d1aa345fcb3feec7ee81f21c5d49cb6ca037118097d89e180,"{""distance"":5,""physical_error_rate"":5e-05}","{""detection_events"":2135,""detectors_checked"":11315200}"
     59444,         0,         0,    6.01,decoder_by_matrix,9c6baee88fc81e7d1aa345fcb3feec7ee81f21c5d49cb6ca037118097d89e180,"{""distance"":5,""physical_error_rate"":5e-05}","{""detection_events"":1585,""detectors_checked"":10105480}"
     56320,         0,         0,    4.71,decoder_by_matrix,9c6baee88fc81e7d1aa345fcb3feec7ee81f21c5d49cb6ca037118097d89e180,"{""distance"":5,""physical_error_rate"":5e-05}","{""detection_events"":1500,""detectors_checked"":9574400}"
     51200,         0,         0,    4.29,decoder_by_matrix,9c6baee88fc81e7d1aa345fcb3feec7ee81f21c5d49cb6ca037118097d89e180,"{""distance"":5,""physical_error_rate"":5e-05}","{""detection_events"":1645,""detectors_checked"":8704000}"
     58368,         0,         0,    4.71,decoder_by_matrix,9c6baee88fc81e7d1aa345fcb3feec7ee81f21c5d49cb6ca037118097d89e180,"{""distance"":5,""physical_error_rate"":5e-05}","{""detection_events"":1705,""detectors_checked"":9922560}"
     52224,         0,         0,    4.37,decoder_by_matrix,9c6baee88fc81e7d1aa345fcb3feec7ee81f21c5d49cb6ca037118097d89e180,"{""distance"":5,""physical_error_rate"":5e-05}","{""detection_events"":1915,""detectors_checked"":8878080}"
   1033216,         2,         0,   119.6,decoder_by_matrix,066a5d8d46981b593c3dec855f441edbe9e755a8873183448f69d036a2ecc650,"{""distance"":5,""physical_error_rate"":0.001}","{""detection_events"":591175,""detectors_checked"":175646720,""obs_mistake_mask=E___"":1,""obs_mistake_mask=_EE_"":1}"
     48944,         0,         0,    4.70,decoder_by_matrix,9c6baee88fc81e7d1aa345fcb3feec7ee81f21c5d49cb6ca037118097d89e180,"{""distance"":5,""physical_error_rate"":5e-05}","{""detection_events"":1405,""detectors_checked"":8320480}"
     37888,         0,         0,    4.43,decoder_by_matrix,9c6baee88fc81e7d1aa345fcb3feec7ee81f21c5d49cb6ca037118097d89e180,"{""distance"":5,""physical_error_rate"":5e-05}","{""detection_events"":1280,""detectors_checked"":6440960}"
     39936,         0,         0,    4.69,decoder_by_matrix,9c6baee88fc81e7d1aa345fcb3feec7ee81f21c5d49cb6ca037118097d89e180,"{""distance"":5,""physical_error_rate"":5e-05}","{""detection_events"":1180,""detectors_checked"":6789120}"
     36864,         0,         0,    4.39,decoder_by_matrix,9c6baee88fc81e7d1aa345fcb3feec7ee81f21c5d49cb6ca037118097d89e180,"{""distance"":5,""physical_error_rate"":5e-05}","{""detection_events"":1130,""detectors_checked"":6266880}"
     39936,         0,         0,    4.68,decoder_by_matrix,9c6baee88fc81e7d1aa345fcb3feec7ee81f21c5d49cb6ca037118097d89e180,"{""distance"":5,""physical_error_rate"":5e-05}","{""detection_events"":1030,""detectors_checked"":6789120}"
      5928,         0,         0,   0.517,decoder_by_matrix,9c6baee88fc81e7d1aa345fcb3feec7ee81f21c5d49cb6ca037118097d89e180,"{""distance"":5,""physical_error_rate"":5e-05}","{""detection_events"":195,""detectors_checked"":1007760}"
      7185,         0,         0,   0.688,decoder_by_matrix,9c6baee88fc81e7d1aa345fcb3feec7ee81f21c5d49cb6ca037118097d89e180,"{""distance"":5,""physical_error_rate"":5e-05}","{""detection_events"":375,""detectors_checked"":1221450}"
     25600,         0,         0,    2.98,decoder_by_matrix,9c6baee88fc81e7d1aa345fcb3feec7ee81f21c5d49cb6ca037118097d89e180,"{""distance"":5,""physical_error_rate"":5e-05}","{""detection_events"":860,""detectors_checked"":4352000}"
      7220,         0,         0,   0.661,decoder_by_matrix,9c6baee88fc81e7d1aa345fcb3feec7ee81f21c5d49cb6ca037118097d89e180,"{""distance"":5,""physical_error_rate"":5e-05}","{""detection_events"":320,""detectors_checked"":1227400}"
       675,         0,         0,   0.043,decoder_by_matrix,9c6baee88fc81e7d1aa345fcb3feec7ee81f21c5d49cb6ca037118097d89e180,"{""distance"":5,""physical_error_rate"":5e-05}","{""detection_events"":15,""detectors_checked"":114750}"
     25600,         0,         0,    3.00,decoder_by_matrix,9c6baee88fc81e7d1aa345fcb3feec7ee81f21c5d49cb6ca037118097d89e180,"{""distance"":5,""physical_error_rate"":5e-05}","{""detection_events"":1085,""detectors_checked"":4352000}"
       913,         0,         0,   0.049,decoder_by_matrix,9c6baee88fc81e7d1aa345fcb3feec7ee81f21c5d49cb6ca037118097d89e180,"{""distance"":5,""physical_error_rate"":5e-05}","{""detectors_checked"":155210}"
      1093,         0,         0,   0.152,decoder_by_matrix,9c6baee88fc81e7d1aa345fcb3feec7ee81f21c5d49cb6ca037118097d89e180,"{""distance"":5,""physical_error_rate"":5e-05}","{""detectors_checked"":185810}"
     10578,         0,         0,   0.956,decoder_by_matrix,9c6baee88fc81e7d1aa345fcb3feec7ee81f21c5d49cb6ca037118097d89e180,"{""distance"":5,""physical_error_rate"":5e-05}","{""detection_events"":295,""detectors_checked"":1798260}"
     10240,         0,         0,   0.977,decoder_by_matrix,9c6baee88fc81e7d1aa345fcb3feec7ee81f21c5d49cb6ca037118097d89e180,"{""distance"":5,""physical_error_rate"":5e-05}","{""detection_events"":460,""detectors_checked"":1740800}"
      7168,         0,         0,   0.623,decoder_by_matrix,9c6baee88fc81e7d1aa345fcb3feec7ee81f21c5d49cb6ca037118097d89e180,"{""distance"":5,""physical_error_rate"":5e-05}","{""detection_events"":340,""detectors_checked"":1218560}"
     69632,         0,         0,    6.02,decoder_by_matrix,b84cf4b8ca220d31f17e1e2ea9ab927bbc4176b15682c650e7d1dd8f2758172b,"{""distance"":5,""physical_error_rate"":0.0005}","{""detection_events"":19690,""detectors_checked"":11837440}"
      2182,         0,         0,   0.327,decoder_by_matrix,9c6baee88fc81e7d1aa345fcb3feec7ee81f21c5d49cb6ca037118097d89e180,"{""distance"":5,""physical_error_rate"":5e-05}","{""detection_events"":10,""detectors_checked"":370940}"
     59392,         0,         0,    5.97,decoder_by_matrix,0421d486f8a041838688df650e87c0a19c3450ab7a7cc8b3dc589ebff86d1c74,"{""distance"":5,""physical_error_rate"":0.0001}","{""detection_events"":3395,""detectors_checked"":10096640}"
       451,         0,         0,   0.066,decoder_by_matrix,9c6baee88fc81e7d1aa345fcb3feec7ee81f21c5d49cb6ca037118097d89e180,"{""distance"":5,""physical_error_rate"":5e-05}","{""detectors_checked"":76670}"
      2591,         0,         0,   0.300,decoder_by_matrix,9c6baee88fc81e7d1aa345fcb3feec7ee81f21c5d49cb6ca037118097d89e180,"{""distance"":5,""physical_error_rate"":5e-05}","{""detection_events"":90,""detectors_checked"":440470}"
      6144,         0,         0,   0.669,decoder_by_matrix,9c6baee88fc81e7d1aa345fcb3feec7ee81f21c5d49cb6ca037118097d89e180,"{""distance"":5,""physical_error_rate"":5e-05}","{""detection_events"":190,""detectors_checked"":1044480}"
      6738,         0,         0,   0.745,decoder_by_matrix,9c6baee88fc81e7d1aa345fcb3feec7ee81f21c5d49cb6ca037118097d89e180,"{""distance"":5,""physical_error_rate"":5e-05}","{""detection_events"":90,""detectors_checked"":1145460}"
      6738,         0,         0,   0.797,decoder_by_matrix,9c6baee88fc81e7d1aa345fcb3feec7ee81f21c5d49cb6ca037118097d89e180,"{""distance"":5,""physical_error_rate"":5e-05}","{""detection_events"":245,""detectors_checked"":1145460}"
      7168,         0,         0,   0.802,decoder_by_matrix,9c6baee88fc81e7d1aa345fcb3feec7ee81f21c5d49cb6ca037118097d89e180,"{""distance"":5,""physical_error_rate"":5e-05}","{""detection_events"":230,""detectors_checked"":1218560}"
     64512,         0,         0,    5.96,decoder_by_matrix,0421d486f8a041838688df650e87c0a19c3450ab7a7cc8b3dc589ebff86d1c74,"{""distance"":5,""physical_error_rate"":0.0001}","{""detection_events"":3455,""detectors_checked"":10967040}"
     60416,         0,         0,    6.01,decoder_by_matrix,066a5d8d46981b593c3dec855f441edbe9e755a8873183448f69d036a2ecc650,"{""distance"":5,""physical_error_rate"":0.001}","{""detection_events"":32840,""detectors_checked"":10270720}"
       497,         0,         0,   0.100,decoder_by_matrix,9c6baee88fc81e7d1aa345fcb3feec7ee81f21c5d49cb6ca037118097d89e180,"{""distance"":5,""physical_error_rate"":5e-05}","{""detectors_checked"":84490}"
     50176,         0,         0,    6.03,decoder_by_matrix,066a5d8d46981b593c3dec855f441edbe9e755a8873183448f69d036a2ecc650,"{""distance"":5,""physical_error_rate"":0.001}","{""detection_events"":27930,""detectors_checked"":8529920}"
      4096,         0,         0,   0.334,decoder_by_matrix,9c6baee88fc81e7d1aa345fcb3feec7ee81f21c5d49cb6ca037118097d89e180,"{""distance"":5,""physical_error_rate"":5e-05}","{""detection_events"":90,""detectors_checked"":696320}"
      4852,         0,         0,   0.378,decoder_by_matrix,9c6baee88fc81e7d1aa345fcb3feec7ee81f21c5d49cb6ca037118097d89e180,"{""distance"":5,""physical_error_rate"":5e-05}","{""detection_events"":235,""detectors_checked"":824840}"
       594,         0,         0,   0.107,decoder_by_matrix,9c6baee88fc81e7d1aa345fcb3feec7ee81f21c5d49cb6ca037118097d89e180,"{""distance"":5,""physical_error_rate"":5e-05}","{""detection_events"":15,""detectors_checked"":100980}"
      2471,         0,         0,   0.267,decoder_by_matrix,9c6baee88fc81e7d1aa345fcb3feec7ee81f21c5d49cb6ca037118097d89e180,"{""distance"":5,""physical_error_rate"":5e-05}","{""detection_events"":90,""detectors_checked"":420070}"
         1,         0,         0,   0.075,decoder_by_matrix,9c6baee88fc81e7d1aa345fcb3feec7ee81f21c5d49cb6ca037118097d89e180,"{""distance"":5,""physical_error_rate"":5e-05}","{""detectors_checked"":170}"
      7168,         0,         0,   0.758,decoder_by_matrix,9c6baee88fc81e7d1aa345fcb3feec7ee81f21c5d49cb6ca037118097d89e180,"{""distance"":5,""physical_error_rate"":5e-05}","{""detection_events"":300,""detectors_checked"":1218560}"
      2048,         0,         0,   0.219,decoder_by_matrix,9c6baee88fc81e7d1aa345fcb3feec7ee81f21c5d49cb6ca037118097d89e180,"{""distance"":5,""physical_error_rate"":5e-05}","{""detection_events"":60,""detectors_checked"":348160}"
      3778,         0,         0,   0.312,decoder_by_matrix,9c6baee88fc81e7d1aa345fcb3feec7ee81f21c5d49cb6ca037118097d89e180,"{""distance"":5,""physical_error_rate"":5e-05}","{""detection_events"":105,""detectors_checked"":642260}"
       756,         0,         0,   0.049,decoder_by_matrix,9c6baee88fc81e7d1aa345fcb3feec7ee81f21c5d49cb6ca037118097d89e180,"{""distance"":5,""physical_error_rate"":5e-05}","{""detectors_checked"":128520}"
      1024,         0,         0,   0.077,decoder_by_matrix,9c6baee88fc81e7d1aa345fcb3feec7ee81f21c5d49cb6ca037118097d89e180,"{""distance"":5,""physical_error_rate"":5e-05}","{""detection_events"":25,""detectors_checked"":174080}"
       240,         0,         0,   0.083,decoder_by_matrix,9c6baee88fc81e7d1aa345fcb3feec7ee81f21c5d49cb6ca037118097d89e180,"{""distance"":5,""physical_error_rate"":5e-05}","{""detectors_checked"":40800}"
       451,         0,         0,   0.045,decoder_by_matrix,9c6baee88fc81e7d1aa345fcb3feec7ee81f21c5d49cb6ca037118097d89e180,"{""distance"":5,""physical_error_rate"":5e-05}","{""detection_events"":20,""detectors_checked"":76670}"
       451,         0,         0,   0.076,decoder_by_matrix,9c6baee88fc81e7d1aa345fcb3feec7ee81f21c5d49cb6ca037118097d89e180,"{""distance"":5,""physical_error_rate"":5e-05}","{""detectors_checked"":76670}"
      2620,         0,         0,   0.275,decoder_by_matrix,9c6baee88fc81e7d1aa345fcb3feec7ee81f21c5d49cb6ca037118097d89e180,"{""distance"":5,""physical_error_rate"":5e-05}","{""detection_events"":40,""detectors_checked"":445400}"
        23,         0,         0,   0.073,decoder_by_matrix,9c6baee88fc81e7d1aa345fcb3feec7ee81f21c5d49cb6ca037118097d89e180,"{""distance"":5,""physical_error_rate"":5e-05}","{""detectors_checked"":3910}"
        50,         0,         0,   0.046,decoder_by_matrix,9c6baee88fc81e7d1aa345fcb3feec7ee81f21c5d49cb6ca037118097d89e180,"{""distance"":5,""physical_error_rate"":5e-05}","{""detectors_checked"":8500}"
       309,         0,         0,   0.107,decoder_by_matrix,9c6baee88fc81e7d1aa345fcb3feec7ee81f21c5d49cb6ca037118097d89e180,"{""distance"":5,""physical_error_rate"":5e-05}","{""detection_events"":55,""detectors_checked"":52530}"
         1,         0,         0,   0.066,decoder_by_matrix,b84cf4b8ca220d31f17e1e2ea9ab927bbc4176b15682c650e7d1dd8f2758172b,"{""distance"":5,""physical_error_rate"":0.0005}","{""detectors_checked"":170}"
         1,         0,         0,   0.073,decoder_by_matrix,0421d486f8a041838688df650e87c0a19c3450ab7a7cc8b3dc589ebff86d1c74,"{""distance"":5,""physical_error_rate"":0.0001}","{""detectors_checked"":170}"
         1,         0,         0,   0.070,decoder_by_matrix,066a5d8d46981b593c3dec855f441edbe9e755a8873183448f69d036a2ecc650,"{""distance"":5,""physical_error_rate"":0.001}","{""detectors_checked"":170}"
         1,         0,         0,   0.043,decoder_by_matrix,b84cf4b8ca220d31f17e1e2ea9ab927bbc4176b15682c650e7d1dd8f2758172b,"{""distance"":5,""physical_error_rate"":0.0005}","{""detectors_checked"":170}"
         1,         0,         0,   0.079,decoder_by_matrix,0421d486f8a041838688df650e87c0a19c3450ab7a7cc8b3dc589ebff86d1c74,"{""distance"":5,""physical_error_rate"":0.0001}","{""detectors_checked"":170}"
         1,         0,         0,   0.106,decoder_by_matrix,b84cf4b8ca220d31f17e1e2ea9ab927bbc4176b15682c650e7d1dd8f2758172b,"{""distance"":5,""physical_error_rate"":0.0005}","{""detectors_checked"":170}"
         1,         0,         0,   0.053,decoder_by_matrix,066a5d8d46981b593c3dec855f441edbe9e755a8873183448f69d036a2ecc650,"{""distance"":5,""physical_error_rate"":0.001}","{""detectors_checked"":170}"
         1,         0,         0,   0.063,decoder_by_matrix,066a5d8d46981b593c3dec855f441edbe9e755a8873183448f69d036a2ecc650,"{""distance"":5,""physical_error_rate"":0.001}","{""detectors_checked"":170}"
         1,         0,         0,   0.075,decoder_by_matrix,0421d486f8a041838688df650e87c0a19c3450ab7a7cc8b3dc589ebff86d1c74,"{""distance"":5,""physical_error_rate"":0.0001}","{""detectors_checked"":170}"
     51200,         0,         0,    5.90,decoder_by_matrix,b84cf4b8ca220d31f17e1e2ea9ab927bbc4176b15682c650e7d1dd8f2758172b,"{""distance"":5,""physical_error_rate"":0.0005}","{""detection_events"":14985,""detectors_checked"":8704000}"
         1,         0,         0,   0.073,decoder_by_matrix,066a5d8d46981b593c3dec855f441edbe9e755a8873183448f69d036a2ecc650,"{""distance"":5,""physical_error_rate"":0.001}","{""detectors_checked"":170}"
         1,         0,         0,   0.077,decoder_by_matrix,b84cf4b8ca220d31f17e1e2ea9ab927bbc4176b15682c650e7d1dd8f2758172b,"{""distance"":5,""physical_error_rate"":0.0005}","{""detectors_checked"":170}"
         1,         0,         0,   0.083,decoder_by_matrix,0421d486f8a041838688df650e87c0a19c3450ab7a7cc8b3dc589ebff86d1c74,"{""distance"":5,""physical_error_rate"":0.0001}","{""detectors_checked"":170}"
         8,         0,         0,   0.068,decoder_by_matrix,066a5d8d46981b593c3dec855f441edbe9e755a8873183448f69d036a2ecc650,"{""distance"":5,""physical_error_rate"":0.001}","{""detectors_checked"":1360}"
         8,         0,         0,   0.082,decoder_by_matrix,066a5d8d46981b593c3dec855f441edbe9e755a8873183448f69d036a2ecc650,"{""distance"":5,""physical_error_rate"":0.001}","{""detection_events"":50,""detectors_checked"":1360}"
         8,         0,         0,   0.078,decoder_by_matrix,0421d486f8a041838688df650e87c0a19c3450ab7a7cc8b3dc589ebff86d1c74,"{""distance"":5,""physical_error_rate"":0.0001}","{""detectors_checked"":1360}"
         4,         0,         0,   0.090,decoder_by_matrix,0421d486f8a041838688df650e87c0a19c3450ab7a7cc8b3dc589ebff86d1c74,"{""distance"":5,""physical_error_rate"":0.0001}","{""detectors_checked"":680}"
         8,         0,         0,   0.080,decoder_by_matrix,b84cf4b8ca220d31f17e1e2ea9ab927bbc4176b15682c650e7d1dd8f2758172b,"{""distance"":5,""physical_error_rate"":0.0005}","{""detectors_checked"":1360}"
         8,         0,         0,   0.084,decoder_by_matrix,0421d486f8a041838688df650e87c0a19c3450ab7a7cc8b3dc589ebff86d1c74,"{""distance"":5,""physical_error_rate"":0.0001}","{""detectors_checked"":1360}"
         8,         0,         0,   0.073,decoder_by_matrix,b84cf4b8ca220d31f17e1e2ea9ab927bbc4176b15682c650e7d1dd8f2758172b,"{""distance"":5,""physical_error_rate"":0.0005}","{""detectors_checked"":1360}"
         8,         0,         0,   0.086,decoder_by_matrix,066a5d8d46981b593c3dec855f441edbe9e755a8873183448f69d036a2ecc650,"{""distance"":5,""physical_error_rate"":0.001}","{""detection_events"":15,""detectors_checked"":1360}"
         8,         0,         0,   0.056,decoder_by_matrix,066a5d8d46981b593c3dec855f441edbe9e755a8873183448f69d036a2ecc650,"{""distance"":5,""physical_error_rate"":0.001}","{""detectors_checked"":1360}"
         4,         0,         0,   0.113,decoder_by_matrix,b84cf4b8ca220d31f17e1e2ea9ab927bbc4176b15682c650e7d1dd8f2758172b,"{""distance"":5,""physical_error_rate"":0.0005}","{""detectors_checked"":680}"
         4,         0,         0,   0.110,decoder_by_matrix,b84cf4b8ca220d31f17e1e2ea9ab927bbc4176b15682c650e7d1dd8f2758172b,"{""distance"":5,""physical_error_rate"":0.0005}","{""detectors_checked"":680}"
         4,         0,         0,   0.115,decoder_by_matrix,0421d486f8a041838688df650e87c0a19c3450ab7a7cc8b3dc589ebff86d1c74,"{""distance"":5,""physical_error_rate"":0.0001}","{""detectors_checked"":680}"
        64,         0,         0,   0.073,decoder_by_matrix,066a5d8d46981b593c3dec855f441edbe9e755a8873183448f69d036a2ecc650,"{""distance"":5,""physical_error_rate"":0.001}","{""detection_events"":15,""detectors_checked"":10880}"
        64,         0,         0,   0.049,decoder_by_matrix,066a5d8d46981b593c3dec855f441edbe9e755a8873183448f69d036a2ecc650,"{""distance"":5,""physical_error_rate"":0.001}","{""detection_events"":65,""detectors_checked"":10880}"
        32,         0,         0,   0.074,decoder_by_matrix,066a5d8d46981b593c3dec855f441edbe9e755a8873183448f69d036a2ecc650,"{""distance"":5,""physical_error_rate"":0.001}","{""detection_events"":40,""detectors_checked"":5440}"
        32,         0,         0,   0.074,decoder_by_matrix,066a5d8d46981b593c3dec855f441edbe9e755a8873183448f69d036a2ecc650,"{""distance"":5,""physical_error_rate"":0.001}","{""detection_events"":25,""detectors_checked"":5440}"
        32,         0,         0,   0.073,decoder_by_matrix,0421d486f8a041838688df650e87c0a19c3450ab7a7cc8b3dc589ebff86d1c74,"{""distance"":5,""physical_error_rate"":0.0001}","{""detection_events"":10,""detectors_checked"":5440}"
        64,         0,         0,   0.065,decoder_by_matrix,b84cf4b8ca220d31f17e1e2ea9ab927bbc4176b15682c650e7d1dd8f2758172b,"{""distance"":5,""physical_error_rate"":0.0005}","{""detectors_checked"":10880}"
        32,         0,         0,   0.077,decoder_by_matrix,b84cf4b8ca220d31f17e1e2ea9ab927bbc4176b15682c650e7d1dd8f2758172b,"{""distance"":5,""physical_error_rate"":0.0005}","{""detection_events"":15,""detectors_checked"":5440}"
        16,         0,         0,   0.104,decoder_by_matrix,0421d486f8a041838688df650e87c0a19c3450ab7a7cc8b3dc589ebff86d1c74,"{""distance"":5,""physical_error_rate"":0.0001}","{""detectors_checked"":2720}"
        32,         0,         0,   0.085,decoder_by_matrix,0421d486f8a041838688df650e87c0a19c3450ab7a7cc8b3dc589ebff86d1c74,"{""distance"":5,""physical_error_rate"":0.0001}","{""detectors_checked"":5440}"
        16,         0,         0,   0.079,decoder_by_matrix,0421d486f8a041838688df650e87c0a19c3450ab7a7cc8b3dc589ebff86d1c74,"{""distance"":5,""physical_error_rate"":0.0001}","{""detectors_checked"":2720}"
       256,         0,         0,   0.063,decoder_by_matrix,066a5d8d46981b593c3dec855f441edbe9e755a8873183448f69d036a2ecc650,"{""distance"":5,""physical_error_rate"":0.001}","{""detection_events"":70,""detectors_checked"":43520}"
        16,         0,         0,   0.099,decoder_by_matrix,b84cf4b8ca220d31f17e1e2ea9ab927bbc4176b15682c650e7d1dd8f2758172b,"{""distance"":5,""physical_error_rate"":0.0005}","{""detectors_checked"":2720}"
        16,         0,         0,   0.114,decoder_by_matrix,b84cf4b8ca220d31f17e1e2ea9ab927bbc4176b15682c650e7d1dd8f2758172b,"{""distance"":5,""physical_error_rate"":0.0005}","{""detection_events"":20,""detectors_checked"":2720}"
       512,         0,         0,   0.073,decoder_by_matrix,066a5d8d46981b593c3dec855f441edbe9e755a8873183448f69d036a2ecc650,"{""distance"":5,""physical_error_rate"":0.001}","{""detection_events"":265,""detectors_checked"":87040}"
       128,         0,         0,   0.071,decoder_by_matrix,b84cf4b8ca220d31f17e1e2ea9ab927bbc4176b15682c650e7d1dd8f2758172b,"{""distance"":5,""physical_error_rate"":0.0005}","{""detection_events"":40,""detectors_checked"":21760}"
       256,         0,         0,   0.073,decoder_by_matrix,0421d486f8a041838688df650e87c0a19c3450ab7a7cc8b3dc589ebff86d1c74,"{""distance"":5,""physical_error_rate"":0.0001}","{""detection_events"":25,""detectors_checked"":43520}"
       512,         0,         0,   0.082,decoder_by_matrix,066a5d8d46981b593c3dec855f441edbe9e755a8873183448f69d036a2ecc650,"{""distance"":5,""physical_error_rate"":0.001}","{""detection_events"":235,""detectors_checked"":87040}"
       512,         0,         0,   0.081,decoder_by_matrix,b84cf4b8ca220d31f17e1e2ea9ab927bbc4176b15682c650e7d1dd8f2758172b,"{""distance"":5,""physical_error_rate"":0.0005}","{""detection_events"":135,""detectors_checked"":87040}"
       128,         0,         0,   0.073,decoder_by_matrix,0421d486f8a041838688df650e87c0a19c3450ab7a7cc8b3dc589ebff86d1c74,"{""distance"":5,""physical_error_rate"":0.0001}","{""detection_events"":15,""detectors_checked"":21760}"
        64,         0,         0,   0.076,decoder_by_matrix,0421d486f8a041838688df650e87c0a19c3450ab7a7cc8b3dc589ebff86d1c74,"{""distance"":5,""physical_error_rate"":0.0001}","{""detectors_checked"":10880}"
       256,         0,         0,   0.111,decoder_by_matrix,066a5d8d46981b593c3dec855f441edbe9e755a8873183448f69d036a2ecc650,"{""distance"":5,""physical_error_rate"":0.001}","{""detection_events"":80,""detectors_checked"":43520}"
        64,         0,         0,   0.074,decoder_by_matrix,0421d486f8a041838688df650e87c0a19c3450ab7a7cc8b3dc589ebff86d1c74,"{""distance"":5,""physical_error_rate"":0.0001}","{""detectors_checked"":10880}"
        64,         0,         0,   0.086,decoder_by_matrix,b84cf4b8ca220d31f17e1e2ea9ab927bbc4176b15682c650e7d1dd8f2758172b,"{""distance"":5,""physical_error_rate"":0.0005}","{""detection_events"":45,""detectors_checked"":10880}"
      1024,         0,         0,   0.085,decoder_by_matrix,066a5d8d46981b593c3dec855f441edbe9e755a8873183448f69d036a2ecc650,"{""distance"":5,""physical_error_rate"":0.001}","{""detection_events"":645,""detectors_checked"":174080}"
      1024,         0,         0,   0.086,decoder_by_matrix,b84cf4b8ca220d31f17e1e2ea9ab927bbc4176b15682c650e7d1dd8f2758172b,"{""distance"":5,""physical_error_rate"":0.0005}","{""detection_events"":230,""detectors_checked"":174080}"
      1024,         0,         0,   0.107,decoder_by_matrix,066a5d8d46981b593c3dec855f441edbe9e755a8873183448f69d036a2ecc650,"{""distance"":5,""physical_error_rate"":0.001}","{""detection_events"":810,""detectors_checked"":174080}"
       256,         0,         0,   0.080,decoder_by_matrix,0421d486f8a041838688df650e87c0a19c3450ab7a7cc8b3dc589ebff86d1c74,"{""distance"":5,""physical_error_rate"":0.0001}","{""detectors_checked"":43520}"
        64,         0,         0,   0.112,decoder_by_matrix,b84cf4b8ca220d31f17e1e2ea9ab927bbc4176b15682c650e7d1dd8f2758172b,"{""distance"":5,""physical_error_rate"":0.0005}","{""detection_events"":15,""detectors_checked"":10880}"
      1024,         0,         0,   0.089,decoder_by_matrix,0421d486f8a041838688df650e87c0a19c3450ab7a7cc8b3dc589ebff86d1c74,"{""distance"":5,""physical_error_rate"":0.0001}","{""detection_events"":65,""detectors_checked"":174080}"
      1024,         0,         0,   0.110,decoder_by_matrix,0421d486f8a041838688df650e87c0a19c3450ab7a7cc8b3dc589ebff86d1c74,"{""distance"":5,""physical_error_rate"":0.0001}","{""detection_events"":80,""detectors_checked"":174080}"
      1024,         0,         0,   0.111,decoder_by_matrix,066a5d8d46981b593c3dec855f441edbe9e755a8873183448f69d036a2ecc650,"{""distance"":5,""physical_error_rate"":0.001}","{""detection_events"":745,""detectors_checked"":174080}"
      1024,         0,         0,   0.109,decoder_by_matrix,b84cf4b8ca220d31f17e1e2ea9ab927bbc4176b15682c650e7d1dd8f2758172b,"{""distance"":5,""physical_error_rate"":0.0005}","{""detection_events"":220,""detectors_checked"":174080}"
      1024,         0,         0,   0.103,decoder_by_matrix,066a5d8d46981b593c3dec855f441edbe9e755a8873183448f69d036a2ecc650,"{""distance"":5,""physical_error_rate"":0.001}","{""detection_events"":730,""detectors_checked"":174080}"
       256,         0,         0,   0.083,decoder_by_matrix,b84cf4b8ca220d31f17e1e2ea9ab927bbc4176b15682c650e7d1dd8f2758172b,"{""distance"":5,""physical_error_rate"":0.0005}","{""detection_events"":20,""detectors_checked"":43520}"
      1024,         0,         0,   0.083,decoder_by_matrix,b84cf4b8ca220d31f17e1e2ea9ab927bbc4176b15682c650e7d1dd8f2758172b,"{""distance"":5,""physical_error_rate"":0.0005}","{""detection_events"":295,""detectors_checked"":174080}"
      1024,         0,         0,   0.086,decoder_by_matrix,066a5d8d46981b593c3dec855f441edbe9e755a8873183448f69d036a2ecc650,"{""distance"":5,""physical_error_rate"":0.001}","{""detection_events"":740,""detectors_checked"":174080}"
       512,         0,         0,   0.105,decoder_by_matrix,0421d486f8a041838688df650e87c0a19c3450ab7a7cc8b3dc589ebff86d1c74,"{""distance"":5,""physical_error_rate"":0.0001}","{""detection_events"":10,""detectors_checked"":87040}"
      1024,         0,         0,   0.107,decoder_by_matrix,066a5d8d46981b593c3dec855f441edbe9e755a8873183448f69d036a2ecc650,"{""distance"":5,""physical_error_rate"":0.001}","{""detection_events"":815,""detectors_checked"":174080}"
      1024,         0,         0,   0.089,decoder_by_matrix,0421d486f8a041838688df650e87c0a19c3450ab7a7cc8b3dc589ebff86d1c74,"{""distance"":5,""physical_error_rate"":0.0001}","{""detection_events"":85,""detectors_checked"":174080}"
      1024,         0,         0,   0.088,decoder_by_matrix,b84cf4b8ca220d31f17e1e2ea9ab927bbc4176b15682c650e7d1dd8f2758172b,"{""distance"":5,""physical_error_rate"":0.0005}","{""detection_events"":240,""detectors_checked"":174080}"
      1024,         0,         0,   0.101,decoder_by_matrix,0421d486f8a041838688df650e87c0a19c3450ab7a7cc8b3dc589ebff86d1c74,"{""distance"":5,""physical_error_rate"":0.0001}","{""detection_events"":50,""detectors_checked"":174080}"
      1024,         0,         0,   0.094,decoder_by_matrix,066a5d8d46981b593c3dec855f441edbe9e755a8873183448f69d036a2ecc650,"{""distance"":5,""physical_error_rate"":0.001}","{""detection_events"":470,""detectors_checked"":174080}"
       256,         0,         0,   0.112,decoder_by_matrix,b84cf4b8ca220d31f17e1e2ea9ab927bbc4176b15682c650e7d1dd8f2758172b,"{""distance"":5,""physical_error_rate"":0.0005}","{""detection_events"":135,""detectors_checked"":43520}"
      1024,         0,         0,   0.079,decoder_by_matrix,0421d486f8a041838688df650e87c0a19c3450ab7a7cc8b3dc589ebff86d1c74,"{""distance"":5,""physical_error_rate"":0.0001}","{""detection_events"":50,""detectors_checked"":174080}"
      1024,         0,         0,   0.097,decoder_by_matrix,066a5d8d46981b593c3dec855f441edbe9e755a8873183448f69d036a2ecc650,"{""distance"":5,""physical_error_rate"":0.001}","{""detection_events"":385,""detectors_checked"":174080}"
      1024,         0,         0,   0.085,decoder_by_matrix,b84cf4b8ca220d31f17e1e2ea9ab927bbc4176b15682c650e7d1dd8f2758172b,"{""distance"":5,""physical_error_rate"":0.0005}","{""detection_events"":435,""detectors_checked"":174080}"
      1024,         0,         0,   0.086,decoder_by_matrix,066a5d8d46981b593c3dec855f441edbe9e755a8873183448f69d036a2ecc650,"{""distance"":5,""physical_error_rate"":0.001}","{""detection_events"":705,""detectors_checked"":174080}"
      1024,         0,         0,   0.081,decoder_by_matrix,066a5d8d46981b593c3dec855f441edbe9e755a8873183448f69d036a2ecc650,"{""distance"":5,""physical_error_rate"":0.001}","{""detection_events"":600,""detectors_checked"":174080}"
      1024,         0,         0,   0.112,decoder_by_matrix,b84cf4b8ca220d31f17e1e2ea9ab927bbc4176b15682c650e7d1dd8f2758172b,"{""distance"":5,""physical_error_rate"":0.0005}","{""detection_events"":310,""detectors_checked"":174080}"
      1024,         0,         0,   0.111,decoder_by_matrix,0421d486f8a041838688df650e87c0a19c3450ab7a7cc8b3dc589ebff86d1c74,"{""distance"":5,""physical_error_rate"":0.0001}","{""detection_events"":45,""detectors_checked"":174080}"
      1024,         0,         0,   0.110,decoder_by_matrix,b84cf4b8ca220d31f17e1e2ea9ab927bbc4176b15682c650e7d1dd8f2758172b,"{""distance"":5,""physical_error_rate"":0.0005}","{""detection_events"":150,""detectors_checked"":174080}"
      1024,         0,         0,   0.081,decoder_by_matrix,066a5d8d46981b593c3dec855f441edbe9e755a8873183448f69d036a2ecc650,"{""distance"":5,""physical_error_rate"":0.001}","{""detection_events"":740,""detectors_checked"":174080}"
      1024,         0,         0,   0.134,decoder_by_matrix,0421d486f8a041838688df650e87c0a19c3450ab7a7cc8b3dc589ebff86d1c74,"{""distance"":5,""physical_error_rate"":0.0001}","{""detection_events"":65,""detectors_checked"":174080}"
      1024,         0,         0,   0.114,decoder_by_matrix,0421d486f8a041838688df650e87c0a19c3450ab7a7cc8b3dc589ebff86d1c74,"{""distance"":5,""physical_error_rate"":0.0001}","{""detection_events"":60,""detectors_checked"":174080}"
      1024,         0,         0,   0.091,decoder_by_matrix,0421d486f8a041838688df650e87c0a19c3450ab7a7cc8b3dc589ebff86d1c74,"{""distance"":5,""physical_error_rate"":0.0001}","{""detection_events"":50,""detectors_checked"":174080}"
      1024,         0,         0,   0.115,decoder_by_matrix,b84cf4b8ca220d31f17e1e2ea9ab927bbc4176b15682c650e7d1dd8f2758172b,"{""distance"":5,""physical_error_rate"":0.0005}","{""detection_events"":290,""detectors_checked"":174080}"
      2048,         0,         0,   0.133,decoder_by_matrix,066a5d8d46981b593c3dec855f441edbe9e755a8873183448f69d036a2ecc650,"{""distance"":5,""physical_error_rate"":0.001}","{""detection_events"":1115,""detectors_checked"":348160}"
      1024,         0,         0,   0.097,decoder_by_matrix,066a5d8d46981b593c3dec855f441edbe9e755a8873183448f69d036a2ecc650,"{""distance"":5,""physical_error_rate"":0.001}","{""detection_events"":415,""detectors_checked"":174080}"
      1024,         0,         0,   0.101,decoder_by_matrix,b84cf4b8ca220d31f17e1e2ea9ab927bbc4176b15682c650e7d1dd8f2758172b,"{""distance"":5,""physical_error_rate"":0.0005}","{""detection_events"":380,""detectors_checked"":174080}"
      1024,         0,         0,   0.108,decoder_by_matrix,b84cf4b8ca220d31f17e1e2ea9ab927bbc4176b15682c650e7d1dd8f2758172b,"{""distance"":5,""physical_error_rate"":0.0005}","{""detection_events"":355,""detectors_checked"":174080}"
      2048,         0,         0,   0.170,decoder_by_matrix,b84cf4b8ca220d31f17e1e2ea9ab927bbc4176b15682c650e7d1dd8f2758172b,"{""distance"":5,""physical_error_rate"":0.0005}","{""detection_events"":415,""detectors_checked"":348160}"
      1024,         0,         0,   0.115,decoder_by_matrix,0421d486f8a041838688df650e87c0a19c3450ab7a7cc8b3dc589ebff86d1c74,"{""distance"":5,""physical_error_rate"":0.0001}","{""detection_events"":40,""detectors_checked"":174080}"
      1024,         0,         0,   0.117,decoder_by_matrix,b84cf4b8ca220d31f17e1e2ea9ab927bbc4176b15682c650e7d1dd8f2758172b,"{""distance"":5,""physical_error_rate"":0.0005}","{""detection_events"":385,""detectors_checked"":174080}"
      2048,         0,         0,   0.163,decoder_by_matrix,066a5d8d46981b593c3dec855f441edbe9e755a8873183448f69d036a2ecc650,"{""distance"":5,""physical_error_rate"":0.001}","{""detection_events"":1000,""detectors_checked"":348160}"
      1024,         0,         0,   0.112,decoder_by_matrix,0421d486f8a041838688df650e87c0a19c3450ab7a7cc8b3dc589ebff86d1c74,"{""distance"":5,""physical_error_rate"":0.0001}","{""detection_events"":100,""detectors_checked"":174080}"
      1024,         0,         0,   0.114,decoder_by_matrix,0421d486f8a041838688df650e87c0a19c3450ab7a7cc8b3dc589ebff86d1c74,"{""distance"":5,""physical_error_rate"":0.0001}","{""detection_events"":20,""detectors_checked"":174080}"
      2048,         0,         0,   0.141,decoder_by_matrix,066a5d8d46981b593c3dec855f441edbe9e755a8873183448f69d036a2ecc650,"{""distance"":5,""physical_error_rate"":0.001}","{""detection_events"":1130,""detectors_checked"":348160}"
      2048,         0,         0,   0.192,decoder_by_matrix,0421d486f8a041838688df650e87c0a19c3450ab7a7cc8b3dc589ebff86d1c74,"{""distance"":5,""physical_error_rate"":0.0001}","{""detection_events"":125,""detectors_checked"":348160}"
      1024,         0,         0,   0.113,decoder_by_matrix,b84cf4b8ca220d31f17e1e2ea9ab927bbc4176b15682c650e7d1dd8f2758172b,"{""distance"":5,""physical_error_rate"":0.0005}","{""detection_events"":225,""detectors_checked"":174080}"
      2048,         0,         0,   0.197,decoder_by_matrix,066a5d8d46981b593c3dec855f441edbe9e755a8873183448f69d036a2ecc650,"{""distance"":5,""physical_error_rate"":0.001}","{""detection_events"":1165,""detectors_checked"":348160}"
      2048,         0,         0,   0.169,decoder_by_matrix,066a5d8d46981b593c3dec855f441edbe9e755a8873183448f69d036a2ecc650,"{""distance"":5,""physical_error_rate"":0.001}","{""detection_events"":1050,""detectors_checked"":348160}"
      1024,         0,         0,   0.122,decoder_by_matrix,b84cf4b8ca220d31f17e1e2ea9ab927bbc4176b15682c650e7d1dd8f2758172b,"{""distance"":5,""physical_error_rate"":0.0005}","{""detection_events"":305,""detectors_checked"":174080}"
      2048,         0,         0,   0.178,decoder_by_matrix,b84cf4b8ca220d31f17e1e2ea9ab927bbc4176b15682c650e7d1dd8f2758172b,"{""distance"":5,""physical_error_rate"":0.0005}","{""detection_events"":735,""detectors_checked"":348160}"
      2048,         0,         0,   0.201,decoder_by_matrix,b84cf4b8ca220d31f17e1e2ea9ab927bbc4176b15682c650e7d1dd8f2758172b,"{""distance"":5,""physical_error_rate"":0.0005}","{""detection_events"":505,""detectors_checked"":348160}"
      2048,         0,         0,   0.154,decoder_by_matrix,0421d486f8a041838688df650e87c0a19c3450ab7a7cc8b3dc589ebff86d1c74,"{""distance"":5,""physical_error_rate"":0.0001}","{""detection_events"":135,""detectors_checked"":348160}"
      2048,         0,         0,   0.183,decoder_by_matrix,0421d486f8a041838688df650e87c0a19c3450ab7a7cc8b3dc589ebff86d1c74,"{""distance"":5,""physical_error_rate"":0.0001}","{""detection_events"":150,""detectors_checked"":348160}"
      2048,         0,         0,   0.168,decoder_by_matrix,066a5d8d46981b593c3dec855f441edbe9e755a8873183448f69d036a2ecc650,"{""distance"":5,""physical_error_rate"":0.001}","{""detection_events"":870,""detectors_checked"":348160}"
      2048,         0,         0,   0.179,decoder_by_matrix,0421d486f8a041838688df650e87c0a19c3450ab7a7cc8b3dc589ebff86d1c74,"{""distance"":5,""physical_error_rate"":0.0001}","{""detection_events"":110,""detectors_checked"":348160}"
      2048,         0,         0,   0.187,decoder_by_matrix,066a5d8d46981b593c3dec855f441edbe9e755a8873183448f69d036a2ecc650,"{""distance"":5,""physical_error_rate"":0.001}","{""detection_events"":1180,""detectors_checked"":348160}"
      2048,         0,         0,   0.220,decoder_by_matrix,0421d486f8a041838688df650e87c0a19c3450ab7a7cc8b3dc589ebff86d1c74,"{""distance"":5,""physical_error_rate"":0.0001}","{""detection_events"":245,""detectors_checked"":348160}"
      2048,         0,         0,   0.215,decoder_by_matrix,066a5d8d46981b593c3dec855f441edbe9e755a8873183448f69d036a2ecc650,"{""distance"":5,""physical_error_rate"":0.001}","{""detection_events"":1450,""detectors_checked"":348160}"
      2048,         0,         0,   0.249,decoder_by_matrix,b84cf4b8ca220d31f17e1e2ea9ab927bbc4176b15682c650e7d1dd8f2758172b,"{""distance"":5,""physical_error_rate"":0.0005}","{""detection_events"":585,""detectors_checked"":348160}"
      3072,         0,         0,   0.257,decoder_by_matrix,066a5d8d46981b593c3dec855f441edbe9e755a8873183448f69d036a2ecc650,"{""distance"":5,""physical_error_rate"":0.001}","{""detection_events"":1615,""detectors_checked"":522240}"
      2048,         0,         0,   0.229,decoder_by_matrix,b84cf4b8ca220d31f17e1e2ea9ab927bbc4176b15682c650e7d1dd8f2758172b,"{""distance"":5,""physical_error_rate"":0.0005}","{""detection_events"":665,""detectors_checked"":348160}"
      2048,         0,         0,   0.207,decoder_by_matrix,0421d486f8a041838688df650e87c0a19c3450ab7a7cc8b3dc589ebff86d1c74,"{""distance"":5,""physical_error_rate"":0.0001}","{""detection_events"":110,""detectors_checked"":348160}"
      3072,         0,         0,   0.275,decoder_by_matrix,b84cf4b8ca220d31f17e1e2ea9ab927bbc4176b15682c650e7d1dd8f2758172b,"{""distance"":5,""physical_error_rate"":0.0005}","{""detection_events"":885,""detectors_checked"":522240}"
      3072,         0,         0,   0.253,decoder_by_matrix,066a5d8d46981b593c3dec855f441edbe9e755a8873183448f69d036a2ecc650,"{""distance"":5,""physical_error_rate"":0.001}","{""detection_events"":1560,""detectors_checked"":522240}"
      2048,         0,         0,   0.249,decoder_by_matrix,0421d486f8a041838688df650e87c0a19c3450ab7a7cc8b3dc589ebff86d1c74,"{""distance"":5,""physical_error_rate"":0.0001}","{""detection_events"":75,""detectors_checked"":348160}"
      2048,         0,         0,   0.198,decoder_by_matrix,0421d486f8a041838688df650e87c0a19c3450ab7a7cc8b3dc589ebff86d1c74,"{""distance"":5,""physical_error_rate"":0.0001}","{""detection_events"":130,""detectors_checked"":348160}"
      3072,         0,         0,   0.309,decoder_by_matrix,b84cf4b8ca220d31f17e1e2ea9ab927bbc4176b15682c650e7d1dd8f2758172b,"{""distance"":5,""physical_error_rate"":0.0005}","{""detection_events"":855,""detectors_checked"":522240}"
      3072,         0,         0,   0.314,decoder_by_matrix,066a5d8d46981b593c3dec855f441edbe9e755a8873183448f69d036a2ecc650,"{""distance"":5,""physical_error_rate"":0.001}","{""detection_events"":1495,""detectors_checked"":522240}"
      3072,         0,         0,   0.243,decoder_by_matrix,066a5d8d46981b593c3dec855f441edbe9e755a8873183448f69d036a2ecc650,"{""distance"":5,""physical_error_rate"":0.001}","{""detection_events"":1555,""detectors_checked"":522240}"
      2048,         0,         0,   0.230,decoder_by_matrix,b84cf4b8ca220d31f17e1e2ea9ab927bbc4176b15682c650e7d1dd8f2758172b,"{""distance"":5,""physical_error_rate"":0.0005}","{""detection_events"":715,""detectors_checked"":348160}"
      2048,         0,         0,   0.371,decoder_by_matrix,0421d486f8a041838688df650e87c0a19c3450ab7a7cc8b3dc589ebff86d1c74,"{""distance"":5,""physical_error_rate"":0.0001}","{""detection_events"":70,""detectors_checked"":348160}"
      3072,         0,         0,   0.264,decoder_by_matrix,b84cf4b8ca220d31f17e1e2ea9ab927bbc4176b15682c650e7d1dd8f2758172b,"{""distance"":5,""physical_error_rate"":0.0005}","{""detection_events"":945,""detectors_checked"":522240}"
      4096,         0,         0,   0.330,decoder_by_matrix,066a5d8d46981b593c3dec855f441edbe9e755a8873183448f69d036a2ecc650,"{""distance"":5,""physical_error_rate"":0.001}","{""detection_events"":2335,""detectors_checked"":696320}"
      3072,         0,         0,   0.283,decoder_by_matrix,0421d486f8a041838688df650e87c0a19c3450ab7a7cc8b3dc589ebff86d1c74,"{""distance"":5,""physical_error_rate"":0.0001}","{""detection_events"":140,""detectors_checked"":522240}"
      4096,         0,         0,   0.390,decoder_by_matrix,0421d486f8a041838688df650e87c0a19c3450ab7a7cc8b3dc589ebff86d1c74,"{""distance"":5,""physical_error_rate"":0.0001}","{""detection_events"":225,""detectors_checked"":696320}"
      4096,         0,         0,   0.346,decoder_by_matrix,066a5d8d46981b593c3dec855f441edbe9e755a8873183448f69d036a2ecc650,"{""distance"":5,""physical_error_rate"":0.001}","{""detection_events"":2375,""detectors_checked"":696320}"
      2048,         0,         0,   0.243,decoder_by_matrix,0421d486f8a041838688df650e87c0a19c3450ab7a7cc8b3dc589ebff86d1c74,"{""distance"":5,""physical_error_rate"":0.0001}","{""detection_events"":95,""detectors_checked"":348160}"
      4096,         0,         0,   0.370,decoder_by_matrix,b84cf4b8ca220d31f17e1e2ea9ab927bbc4176b15682c650e7d1dd8f2758172b,"{""distance"":5,""physical_error_rate"":0.0005}","{""detection_events"":1255,""detectors_checked"":696320}"
      3072,         0,         0,   0.301,decoder_by_matrix,066a5d8d46981b593c3dec855f441edbe9e755a8873183448f69d036a2ecc650,"{""distance"":5,""physical_error_rate"":0.001}","{""detection_events"":1885,""detectors_checked"":522240}"
      2048,         0,         0,   0.405,decoder_by_matrix,0421d486f8a041838688df650e87c0a19c3450ab7a7cc8b3dc589ebff86d1c74,"{""distance"":5,""physical_error_rate"":0.0001}","{""detection_events"":140,""detectors_checked"":348160}"
      4096,         0,         0,   0.390,decoder_by_matrix,b84cf4b8ca220d31f17e1e2ea9ab927bbc4176b15682c650e7d1dd8f2758172b,"{""distance"":5,""physical_error_rate"":0.0005}","{""detection_events"":1170,""detectors_checked"":696320}"
      3072,         0,         0,   0.364,decoder_by_matrix,b84cf4b8ca220d31f17e1e2ea9ab927bbc4176b15682c650e7d1dd8f2758172b,"{""distance"":5,""physical_error_rate"":0.0005}","{""detection_events"":750,""detectors_checked"":522240}"
      4096,         0,         0,   0.368,decoder_by_matrix,066a5d8d46981b593c3dec855f441edbe9e755a8873183448f69d036a2ecc650,"{""distance"":5,""physical_error_rate"":0.001}","{""detection_events"":2285,""detectors_checked"":696320}"
      3072,         0,         0,   0.318,decoder_by_matrix,b84cf4b8ca220d31f17e1e2ea9ab927bbc4176b15682c650e7d1dd8f2758172b,"{""distance"":5,""physical_error_rate"":0.0005}","{""detection_events"":950,""detectors_checked"":522240}"
      3072,         0,         0,   0.372,decoder_by_matrix,0421d486f8a041838688df650e87c0a19c3450ab7a7cc8b3dc589ebff86d1c74,"{""distance"":5,""physical_error_rate"":0.0001}","{""detection_events"":110,""detectors_checked"":522240}"
      5120,         0,         0,   0.435,decoder_by_matrix,066a5d8d46981b593c3dec855f441edbe9e755a8873183448f69d036a2ecc650,"{""distance"":5,""physical_error_rate"":0.001}","{""detection_events"":2890,""detectors_checked"":870400}"
      5120,         0,         0,   0.449,decoder_by_matrix,0421d486f8a041838688df650e87c0a19c3450ab7a7cc8b3dc589ebff86d1c74,"{""distance"":5,""physical_error_rate"":0.0001}","{""detection_events"":450,""detectors_checked"":870400}"
      5120,         0,         0,   0.419,decoder_by_matrix,b84cf4b8ca220d31f17e1e2ea9ab927bbc4176b15682c650e7d1dd8f2758172b,"{""distance"":5,""physical_error_rate"":0.0005}","{""detection_events"":1170,""detectors_checked"":870400}"
      5120,         0,         0,   0.446,decoder_by_matrix,066a5d8d46981b593c3dec855f441edbe9e755a8873183448f69d036a2ecc650,"{""distance"":5,""physical_error_rate"":0.001}","{""detection_events"":3135,""detectors_checked"":870400}"
      5120,         0,         0,   0.459,decoder_by_matrix,0421d486f8a041838688df650e87c0a19c3450ab7a7cc8b3dc589ebff86d1c74,"{""distance"":5,""physical_error_rate"":0.0001}","{""detection_events"":375,""detectors_checked"":870400}"
      4096,         0,         0,   0.396,decoder_by_matrix,b84cf4b8ca220d31f17e1e2ea9ab927bbc4176b15682c650e7d1dd8f2758172b,"{""distance"":5,""physical_error_rate"":0.0005}","{""detection_events"":1010,""detectors_checked"":696320}"
      5120,         0,         0,   0.471,decoder_by_matrix,066a5d8d46981b593c3dec855f441edbe9e755a8873183448f69d036a2ecc650,"{""distance"":5,""physical_error_rate"":0.001}","{""detection_events"":3145,""detectors_checked"":870400}"
      4096,         0,         0,   0.480,decoder_by_matrix,0421d486f8a041838688df650e87c0a19c3450ab7a7cc8b3dc589ebff86d1c74,"{""distance"":5,""physical_error_rate"":0.0001}","{""detection_events"":225,""detectors_checked"":696320}"
      5120,         0,         0,   0.454,decoder_by_matrix,066a5d8d46981b593c3dec855f441edbe9e755a8873183448f69d036a2ecc650,"{""distance"":5,""physical_error_rate"":0.001}","{""detection_events"":2715,""detectors_checked"":870400}"
      4096,         0,         0,   0.478,decoder_by_matrix,b84cf4b8ca220d31f17e1e2ea9ab927bbc4176b15682c650e7d1dd8f2758172b,"{""distance"":5,""physical_error_rate"":0.0005}","{""detection_events"":1155,""detectors_checked"":696320}"
      5120,         0,         0,   0.466,decoder_by_matrix,b84cf4b8ca220d31f17e1e2ea9ab927bbc4176b15682c650e7d1dd8f2758172b,"{""distance"":5,""physical_error_rate"":0.0005}","{""detection_events"":1485,""detectors_checked"":870400}"
      4096,         0,         0,   0.493,decoder_by_matrix,0421d486f8a041838688df650e87c0a19c3450ab7a7cc8b3dc589ebff86d1c74,"{""distance"":5,""physical_error_rate"":0.0001}","{""detection_events"":185,""detectors_checked"":696320}"
      7168,         0,         0,   0.614,decoder_by_matrix,066a5d8d46981b593c3dec855f441edbe9e755a8873183448f69d036a2ecc650,"{""distance"":5,""physical_error_rate"":0.001}","{""detection_events"":4200,""detectors_checked"":1218560}"
      7168,         0,         0,   0.592,decoder_by_matrix,0421d486f8a041838688df650e87c0a19c3450ab7a7cc8b3dc589ebff86d1c74,"{""distance"":5,""physical_error_rate"":0.0001}","{""detection_events"":475,""detectors_checked"":1218560}"
      6144,         0,         0,   0.571,decoder_by_matrix,0421d486f8a041838688df650e87c0a19c3450ab7a7cc8b3dc589ebff86d1c74,"{""distance"":5,""physical_error_rate"":0.0001}","{""detection_events"":375,""detectors_checked"":1044480}"
      7168,         0,         0,   0.614,decoder_by_matrix,b84cf4b8ca220d31f17e1e2ea9ab927bbc4176b15682c650e7d1dd8f2758172b,"{""distance"":5,""physical_error_rate"":0.0005}","{""detection_events"":1745,""detectors_checked"":1218560}"
      7168,         0,         0,   0.622,decoder_by_matrix,066a5d8d46981b593c3dec855f441edbe9e755a8873183448f69d036a2ecc650,"{""distance"":5,""physical_error_rate"":0.001}","{""detection_events"":4040,""detectors_checked"":1218560}"
      6144,         0,         0,   0.585,decoder_by_matrix,b84cf4b8ca220d31f17e1e2ea9ab927bbc4176b15682c650e7d1dd8f2758172b,"{""distance"":5,""physical_error_rate"":0.0005}","{""detection_events"":1710,""detectors_checked"":1044480}"
      6144,         0,         0,   0.614,decoder_by_matrix,066a5d8d46981b593c3dec855f441edbe9e755a8873183448f69d036a2ecc650,"{""distance"":5,""physical_error_rate"":0.001}","{""detection_events"":3530,""detectors_checked"":1044480}"
      5120,         0,         0,   0.608,decoder_by_matrix,0421d486f8a041838688df650e87c0a19c3450ab7a7cc8b3dc589ebff86d1c74,"{""distance"":5,""physical_error_rate"":0.0001}","{""detection_events"":320,""detectors_checked"":870400}"
      5120,         0,         0,   0.589,decoder_by_matrix,b84cf4b8ca220d31f17e1e2ea9ab927bbc4176b15682c650e7d1dd8f2758172b,"{""distance"":5,""physical_error_rate"":0.0005}","{""detection_events"":1305,""detectors_checked"":870400}"
      6144,         0,         0,   0.562,decoder_by_matrix,b84cf4b8ca220d31f17e1e2ea9ab927bbc4176b15682c650e7d1dd8f2758172b,"{""distance"":5,""physical_error_rate"":0.0005}","{""detection_events"":2005,""detectors_checked"":1044480}"
      7168,         0,         0,   0.681,decoder_by_matrix,066a5d8d46981b593c3dec855f441edbe9e755a8873183448f69d036a2ecc650,"{""distance"":5,""physical_error_rate"":0.001}","{""detection_events"":4580,""detectors_checked"":1218560}"
      5120,         0,         0,   0.591,decoder_by_matrix,0421d486f8a041838688df650e87c0a19c3450ab7a7cc8b3dc589ebff86d1c74,"{""distance"":5,""physical_error_rate"":0.0001}","{""detection_events"":360,""detectors_checked"":870400}"
   1226752,         0,         0,   119.5,decoder_by_matrix,b84cf4b8ca220d31f17e1e2ea9ab927bbc4176b15682c650e7d1dd8f2758172b,"{""distance"":5,""physical_error_rate"":0.0005}","{""detection_events"":349860,""detectors_checked"":208547840}"
      9216,         0,         0,   0.794,decoder_by_matrix,066a5d8d46981b593c3dec855f441edbe9e755a8873183448f69d036a2ecc650,"{""distance"":5,""physical_error_rate"":0.001}","{""detection_events"":5250,""detectors_checked"":1566720}"
     10240,         0,         0,   0.844,decoder_by_matrix,0421d486f8a041838688df650e87c0a19c3450ab7a7cc8b3dc589ebff86d1c74,"{""distance"":5,""physical_error_rate"":0.0001}","{""detection_events"":505,""detectors_checked"":1740800}"
      9216,         0,         0,   0.811,decoder_by_matrix,b84cf4b8ca220d31f17e1e2ea9ab927bbc4176b15682c650e7d1dd8f2758172b,"{""distance"":5,""physical_error_rate"":0.0005}","{""detection_events"":2410,""detectors_checked"":1566720}"
      9216,         0,         0,   0.852,decoder_by_matrix,0421d486f8a041838688df650e87c0a19c3450ab7a7cc8b3dc589ebff86d1c74,"{""distance"":5,""physical_error_rate"":0.0001}","{""detection_events"":595,""detectors_checked"":1566720}"
      8192,         0,         0,   0.815,decoder_by_matrix,b84cf4b8ca220d31f17e1e2ea9ab927bbc4176b15682c650e7d1dd8f2758172b,"{""distance"":5,""physical_error_rate"":0.0005}","{""detection_events"":2365,""detectors_checked"":1392640}"
     10240,         0,         0,   0.873,decoder_by_matrix,066a5d8d46981b593c3dec855f441edbe9e755a8873183448f69d036a2ecc650,"{""distance"":5,""physical_error_rate"":0.001}","{""detection_events"":5745,""detectors_checked"":1740800}"
      8192,         0,         0,   0.867,decoder_by_matrix,066a5d8d46981b593c3dec855f441edbe9e755a8873183448f69d036a2ecc650,"{""distance"":5,""physical_error_rate"":0.001}","{""detection_events"":4795,""detectors_checked"":1392640}"
      7168,         0,         0,   0.841,decoder_by_matrix,0421d486f8a041838688df650e87c0a19c3450ab7a7cc8b3dc589ebff86d1c74,"{""distance"":5,""physical_error_rate"":0.0001}","{""detection_events"":360,""detectors_checked"":1218560}"
      8192,         0,         0,   0.783,decoder_by_matrix,b84cf4b8ca220d31f17e1e2ea9ab927bbc4176b15682c650e7d1dd8f2758172b,"{""distance"":5,""physical_error_rate"":0.0005}","{""detection_events"":2175,""detectors_checked"":1392640}"
      6144,         0,         0,   0.836,decoder_by_matrix,b84cf4b8ca220d31f17e1e2ea9ab927bbc4176b15682c650e7d1dd8f2758172b,"{""distance"":5,""physical_error_rate"":0.0005}","{""detection_events"":1360,""detectors_checked"":1044480}"
      9216,         0,         0,   0.893,decoder_by_matrix,066a5d8d46981b593c3dec855f441edbe9e755a8873183448f69d036a2ecc650,"{""distance"":5,""physical_error_rate"":0.001}","{""detection_events"":4995,""detectors_checked"":1566720}"
      7168,         0,         0,   0.854,decoder_by_matrix,0421d486f8a041838688df650e87c0a19c3450ab7a7cc8b3dc589ebff86d1c74,"{""distance"":5,""physical_error_rate"":0.0001}","{""detection_events"":355,""detectors_checked"":1218560}"
     13312,         0,         0,    1.15,decoder_by_matrix,066a5d8d46981b593c3dec855f441edbe9e755a8873183448f69d036a2ecc650,"{""distance"":5,""physical_error_rate"":0.001}","{""detection_events"":7695,""detectors_checked"":2263040}"
     13312,         0,         0,    1.15,decoder_by_matrix,b84cf4b8ca220d31f17e1e2ea9ab927bbc4176b15682c650e7d1dd8f2758172b,"{""distance"":5,""physical_error_rate"":0.0005}","{""detection_events"":3970,""detectors_checked"":2263040}"
     12288,         0,         0,    1.10,decoder_by_matrix,b84cf4b8ca220d31f17e1e2ea9ab927bbc4176b15682c650e7d1dd8f2758172b,"{""distance"":5,""physical_error_rate"":0.0005}","{""detection_events"":3450,""detectors_checked"":2088960}"
     12288,         0,         0,    1.17,decoder_by_matrix,0421d486f8a041838688df650e87c0a19c3450ab7a7cc8b3dc589ebff86d1c74,"{""distance"":5,""physical_error_rate"":0.0001}","{""detection_events"":805,""detectors_checked"":2088960}"
     12288,         0,         0,    1.17,decoder_by_matrix,0421d486f8a041838688df650e87c0a19c3450ab7a7cc8b3dc589ebff86d1c74,"{""distance"":5,""physical_error_rate"":0.0001}","{""detection_events"":630,""detectors_checked"":2088960}"
     13312,         0,         0,    1.17,decoder_by_matrix,066a5d8d46981b593c3dec855f441edbe9e755a8873183448f69d036a2ecc650,"{""distance"":5,""physical_error_rate"":0.001}","{""detection_events"":7585,""detectors_checked"":2263040}"
      9216,         0,         0,    1.09,decoder_by_matrix,b84cf4b8ca220d31f17e1e2ea9ab927bbc4176b15682c650e7d1dd8f2758172b,"{""distance"":5,""physical_error_rate"":0.0005}","{""detection_events"":2080,""detectors_checked"":1566720}"
     12288,         0,         0,    1.20,decoder_by_matrix,066a5d8d46981b593c3dec855f441edbe9e755a8873183448f69d036a2ecc650,"{""distance"":5,""physical_error_rate"":0.001}","{""detection_events"":6690,""detectors_checked"":2088960}"
     10240,         0,         0,    1.18,decoder_by_matrix,0421d486f8a041838688df650e87c0a19c3450ab7a7cc8b3dc589ebff86d1c74,"{""distance"":5,""physical_error_rate"":0.0001}","{""detection_events"":665,""detectors_checked"":1740800}"
     12288,         0,         0,    1.17,decoder_by_matrix,b84cf4b8ca220d31f17e1e2ea9ab927bbc4176b15682c650e7d1dd8f2758172b,"{""distance"":5,""physical_error_rate"":0.0005}","{""detection_events"":3855,""detectors_checked"":2088960}"
     12288,         0,         0,    1.16,decoder_by_matrix,066a5d8d46981b593c3dec855f441edbe9e755a8873183448f69d036a2ecc650,"{""distance"":5,""physical_error_rate"":0.001}","{""detection_events"":7545,""detectors_checked"":2088960}"
     10240,         0,         0,    1.23,decoder_by_matrix,0421d486f8a041838688df650e87c0a19c3450ab7a7cc8b3dc589ebff86d1c74,"{""distance"":5,""physical_error_rate"":0.0001}","{""detection_events"":400,""detectors_checked"":1740800}"
     18432,         0,         0,    1.61,decoder_by_matrix,066a5d8d46981b593c3dec855f441edbe9e755a8873183448f69d036a2ecc650,"{""distance"":5,""physical_error_rate"":0.001}","{""detection_events"":11160,""detectors_checked"":3133440}"
     18432,         0,         0,    1.60,decoder_by_matrix,b84cf4b8ca220d31f17e1e2ea9ab927bbc4176b15682c650e7d1dd8f2758172b,"{""distance"":5,""physical_error_rate"":0.0005}","{""detection_events"":5505,""detectors_checked"":3133440}"
     19456,         0,         0,    1.59,decoder_by_matrix,b84cf4b8ca220d31f17e1e2ea9ab927bbc4176b15682c650e7d1dd8f2758172b,"{""distance"":5,""physical_error_rate"":0.0005}","{""detection_events"":5535,""detectors_checked"":3307520}"
     16384,         0,         0,    1.65,decoder_by_matrix,0421d486f8a041838688df650e87c0a19c3450ab7a7cc8b3dc589ebff86d1c74,"{""distance"":5,""physical_error_rate"":0.0001}","{""detection_events"":1010,""detectors_checked"":2785280}"
     13312,         0,         0,    1.57,decoder_by_matrix,b84cf4b8ca220d31f17e1e2ea9ab927bbc4176b15682c650e7d1dd8f2758172b,"{""distance"":5,""physical_error_rate"":0.0005}","{""detection_events"":3305,""detectors_checked"":2263040}"
     16384,         0,         0,    1.69,decoder_by_matrix,0421d486f8a041838688df650e87c0a19c3450ab7a7cc8b3dc589ebff86d1c74,"{""distance"":5,""physical_error_rate"":0.0001}","{""detection_events"":925,""detectors_checked"":2785280}"
     18432,         0,         0,    1.60,decoder_by_matrix,066a5d8d46981b593c3dec855f441edbe9e755a8873183448f69d036a2ecc650,"{""distance"":5,""physical_error_rate"":0.001}","{""detection_events"":9855,""detectors_checked"":3133440}"
     16384,         0,         0,    1.62,decoder_by_matrix,066a5d8d46981b593c3dec855f441edbe9e755a8873183448f69d036a2ecc650,"{""distance"":5,""physical_error_rate"":0.001}","{""detection_events"":9445,""detectors_checked"":2785280}"
     16384,         0,         0,    1.59,decoder_by_matrix,b84cf4b8ca220d31f17e1e2ea9ab927bbc4176b15682c650e7d1dd8f2758172b,"{""distance"":5,""physical_error_rate"":0.0005}","{""detection_events"":4215,""detectors_checked"":2785280}"
     13312,         0,         0,    1.59,decoder_by_matrix,0421d486f8a041838688df650e87c0a19c3450ab7a7cc8b3dc589ebff86d1c74,"{""distance"":5,""physical_error_rate"":0.0001}","{""detection_events"":695,""detectors_checked"":2263040}"
     16384,         0,         0,    1.55,decoder_by_matrix,066a5d8d46981b593c3dec855f441edbe9e755a8873183448f69d036a2ecc650,"{""distance"":5,""physical_error_rate"":0.001}","{""detection_events"":9555,""detectors_checked"":2785280}"
     13312,         0,         0,    1.57,decoder_by_matrix,0421d486f8a041838688df650e87c0a19c3450ab7a7cc8b3dc589ebff86d1c74,"{""distance"":5,""physical_error_rate"":0.0001}","{""detection_events"":870,""detectors_checked"":2263040}"
     86016,         0,         0,    8.37,decoder_by_matrix,0421d486f8a041838688df650e87c0a19c3450ab7a7cc8b3dc589ebff86d1c74,"{""distance"":5,""physical_error_rate"":0.0001}","{""detection_events"":5095,""detectors_checked"":14622720}"
    100352,         0,         0,    8.43,decoder_by_matrix,b84cf4b8ca220d31f17e1e2ea9ab927bbc4176b15682c650e7d1dd8f2758172b,"{""distance"":5,""physical_error_rate"":0.0005}","{""detection_events"":29655,""detectors_checked"":17059840}"
     78848,         0,         0,    8.37,decoder_by_matrix,0421d486f8a041838688df650e87c0a19c3450ab7a7cc8b3dc589ebff86d1c74,"{""distance"":5,""physical_error_rate"":0.0001}","{""detection_events"":4180,""detectors_checked"":13404160}"
     84992,         0,         0,    8.32,decoder_by_matrix,066a5d8d46981b593c3dec855f441edbe9e755a8873183448f69d036a2ecc650,"{""distance"":5,""physical_error_rate"":0.001}","{""detection_events"":47360,""detectors_checked"":14448640}"
     69632,         1,         0,    8.34,decoder_by_matrix,066a5d8d46981b593c3dec855f441edbe9e755a8873183448f69d036a2ecc650,"{""distance"":5,""physical_error_rate"":0.001}","{""detection_events"":39320,""detectors_checked"":11837440,""obs_mistake_mask=_EE_"":1}"
     26624,         0,         0,    2.18,decoder_by_matrix,b84cf4b8ca220d31f17e1e2ea9ab927bbc4176b15682c650e7d1dd8f2758172b,"{""distance"":5,""physical_error_rate"":0.0005}","{""detection_events"":7925,""detectors_checked"":4526080}"
     24576,         0,         0,    2.25,decoder_by_matrix,066a5d8d46981b593c3dec855f441edbe9e755a8873183448f69d036a2ecc650,"{""distance"":5,""physical_error_rate"":0.001}","{""detection_events"":13945,""detectors_checked"":4177920}"
     83968,         0,         0,    8.32,decoder_by_matrix,b84cf4b8ca220d31f17e1e2ea9ab927bbc4176b15682c650e7d1dd8f2758172b,"{""distance"":5,""physical_error_rate"":0.0005}","{""detection_events"":24605,""detectors_checked"":14274560}"
     25600,         0,         0,    2.22,decoder_by_matrix,b84cf4b8ca220d31f17e1e2ea9ab927bbc4176b15682c650e7d1dd8f2758172b,"{""distance"":5,""physical_error_rate"":0.0005}","{""detection_events"":7415,""detectors_checked"":4352000}"
     20480,         0,         0,    2.18,decoder_by_matrix,0421d486f8a041838688df650e87c0a19c3450ab7a7cc8b3dc589ebff86d1c74,"{""distance"":5,""physical_error_rate"":0.0001}","{""detection_events"":1000,""detectors_checked"":3481600}"
     18432,         0,         0,    2.20,decoder_by_matrix,b84cf4b8ca220d31f17e1e2ea9ab927bbc4176b15682c650e7d1dd8f2758172b,"{""distance"":5,""physical_error_rate"":0.0005}","{""detection_events"":5705,""detectors_checked"":3133440}"
     22528,         0,         0,    2.24,decoder_by_matrix,0421d486f8a041838688df650e87c0a19c3450ab7a7cc8b3dc589ebff86d1c74,"{""distance"":5,""physical_error_rate"":0.0001}","{""detection_events"":1280,""detectors_checked"":3829760}"
     25600,         0,         0,    2.17,decoder_by_matrix,066a5d8d46981b593c3dec855f441edbe9e755a8873183448f69d036a2ecc650,"{""distance"":5,""physical_error_rate"":0.001}","{""detection_events"":14875,""detectors_checked"":4352000}"
     18432,         0,         0,    2.12,decoder_by_matrix,0421d486f8a041838688df650e87c0a19c3450ab7a7cc8b3dc589ebff86d1c74,"{""distance"":5,""physical_error_rate"":0.0001}","{""detection_events"":845,""detectors_checked"":3133440}"
     21504,         0,         0,    2.24,decoder_by_matrix,066a5d8d46981b593c3dec855f441edbe9e755a8873183448f69d036a2ecc650,"{""distance"":5,""physical_error_rate"":0.001}","{""detection_events"":11760,""detectors_checked"":3655680}"
     21504,         0,         0,    2.26,decoder_by_matrix,b84cf4b8ca220d31f17e1e2ea9ab927bbc4176b15682c650e7d1dd8f2758172b,"{""distance"":5,""physical_error_rate"":0.0005}","{""detection_events"":5820,""detectors_checked"":3655680}"
     23552,         0,         0,    2.21,decoder_by_matrix,066a5d8d46981b593c3dec855f441edbe9e755a8873183448f69d036a2ecc650,"{""distance"":5,""physical_error_rate"":0.001}","{""detection_events"":13720,""detectors_checked"":4003840}"
     19456,         0,         0,    2.18,decoder_by_matrix,0421d486f8a041838688df650e87c0a19c3450ab7a7cc8b3dc589ebff86d1c74,"{""distance"":5,""physical_error_rate"":0.0001}","{""detection_events"":1120,""detectors_checked"":3307520}"
     30720,         0,         0,    3.06,decoder_by_matrix,b84cf4b8ca220d31f17e1e2ea9ab927bbc4176b15682c650e7d1dd8f2758172b,"{""distance"":5,""physical_error_rate"":0.0005}","{""detection_events"":9090,""detectors_checked"":5222400}"
     35840,         0,         0,    3.06,decoder_by_matrix,b84cf4b8ca220d31f17e1e2ea9ab927bbc4176b15682c650e7d1dd8f2758172b,"{""distance"":5,""physical_error_rate"":0.0005}","{""detection_events"":10110,""detectors_checked"":6092800}"
     35840,         0,         0,    3.11,decoder_by_matrix,066a5d8d46981b593c3dec855f441edbe9e755a8873183448f69d036a2ecc650,"{""distance"":5,""physical_error_rate"":0.001}","{""detection_events"":19040,""detectors_checked"":6092800}"
     30720,         0,         0,    3.05,decoder_by_matrix,0421d486f8a041838688df650e87c0a19c3450ab7a7cc8b3dc589ebff86d1c74,"{""distance"":5,""physical_error_rate"":0.0001}","{""detection_events"":1880,""detectors_checked"":5222400}"
     34816,         0,         0,    3.00,decoder_by_matrix,066a5d8d46981b593c3dec855f441edbe9e755a8873183448f69d036a2ecc650,"{""distance"":5,""physical_error_rate"":0.001}","{""detection_events"":19150,""detectors_checked"":5918720}"
     31744,         0,         0,    3.06,decoder_by_matrix,b84cf4b8ca220d31f17e1e2ea9ab927bbc4176b15682c650e7d1dd8f2758172b,"{""distance"":5,""physical_error_rate"":0.0005}","{""detection_events"":8750,""detectors_checked"":5396480}"
     24576,         0,         0,    3.10,decoder_by_matrix,0421d486f8a041838688df650e87c0a19c3450ab7a7cc8b3dc589ebff86d1c74,"{""distance"":5,""physical_error_rate"":0.0001}","{""detection_events"":1590,""detectors_checked"":4177920}"
     30720,         0,         0,    3.03,decoder_by_matrix,0421d486f8a041838688df650e87c0a19c3450ab7a7cc8b3dc589ebff86d1c74,"{""distance"":5,""physical_error_rate"":0.0001}","{""detection_events"":1725,""detectors_checked"":5222400}"
     30720,         0,         0,    3.07,decoder_by_matrix,066a5d8d46981b593c3dec855f441edbe9e755a8873183448f69d036a2ecc650,"{""distance"":5,""physical_error_rate"":0.001}","{""detection_events"":16610,""detectors_checked"":5222400}"
     26624,         0,         0,    3.11,decoder_by_matrix,b84cf4b8ca220d31f17e1e2ea9ab927bbc4176b15682c650e7d1dd8f2758172b,"{""distance"":5,""physical_error_rate"":0.0005}","{""detection_events"":7105,""detectors_checked"":4526080}"
     32768,         0,         0,    3.13,decoder_by_matrix,066a5d8d46981b593c3dec855f441edbe9e755a8873183448f69d036a2ecc650,"{""distance"":5,""physical_error_rate"":0.001}","{""detection_events"":17580,""detectors_checked"":5570560}"
     30720,         0,         0,    3.11,decoder_by_matrix,0421d486f8a041838688df650e87c0a19c3450ab7a7cc8b3dc589ebff86d1c74,"{""distance"":5,""physical_error_rate"":0.0001}","{""detection_events"":2105,""detectors_checked"":5222400}"
     43008,         0,         0,    4.28,decoder_by_matrix,b84cf4b8ca220d31f17e1e2ea9ab927bbc4176b15682c650e7d1dd8f2758172b,"{""distance"":5,""physical_error_rate"":0.0005}","{""detection_events"":12215,""detectors_checked"":7311360}"
     49152,         0,         0,    4.26,decoder_by_matrix,066a5d8d46981b593c3dec855f441edbe9e755a8873183448f69d036a2ecc650,"{""distance"":5,""physical_error_rate"":0.001}","{""detection_events"":28240,""detectors_checked"":8355840}"
     49152,         0,         0,    4.29,decoder_by_matrix,b84cf4b8ca220d31f17e1e2ea9ab927bbc4176b15682c650e7d1dd8f2758172b,"{""distance"":5,""physical_error_rate"":0.0005}","{""detection_events"":13720,""detectors_checked"":8355840}"
     43008,         0,         0,    4.27,decoder_by_matrix,0421d486f8a041838688df650e87c0a19c3450ab7a7cc8b3dc589ebff86d1c74,"{""distance"":5,""physical_error_rate"":0.0001}","{""detection_events"":2215,""detectors_checked"":7311360}"
     41984,         0,         0,    4.28,decoder_by_matrix,0421d486f8a041838688df650e87c0a19c3450ab7a7cc8b3dc589ebff86d1c74,"{""distance"":5,""physical_error_rate"":0.0001}","{""detection_events"":2330,""detectors_checked"":7137280}"
     45056,         0,         0,    4.33,decoder_by_matrix,b84cf4b8ca220d31f17e1e2ea9ab927bbc4176b15682c650e7d1dd8f2758172b,"{""distance"":5,""physical_error_rate"":0.0005}","{""detection_events"":13075,""detectors_checked"":7659520}"
     50176,         0,         0,    4.34,decoder_by_matrix,066a5d8d46981b593c3dec855f441edbe9e755a8873183448f69d036a2ecc650,"{""distance"":5,""physical_error_rate"":0.001}","{""detection_events"":28130,""detectors_checked"":8529920}"
     43008,         0,         0,    4.26,decoder_by_matrix,066a5d8d46981b593c3dec855f441edbe9e755a8873183448f69d036a2ecc650,"{""distance"":5,""physical_error_rate"":0.001}","{""detection_events"":23930,""detectors_checked"":7311360}"
     36864,         0,         0,    4.36,decoder_by_matrix,0421d486f8a041838688df650e87c0a19c3450ab7a7cc8b3dc589ebff86d1c74,"{""distance"":5,""physical_error_rate"":0.0001}","{""detection_events"":2480,""detectors_checked"":6266880}"
     41984,         0,         0,    4.34,decoder_by_matrix,b84cf4b8ca220d31f17e1e2ea9ab927bbc4176b15682c650e7d1dd8f2758172b,"{""distance"":5,""physical_error_rate"":0.0005}","{""detection_events"":11035,""detectors_checked"":7137280}"
     45056,         1,         0,    4.35,decoder_by_matrix,066a5d8d46981b593c3dec855f441edbe9e755a8873183448f69d036a2ecc650,"{""distance"":5,""physical_error_rate"":0.001}","{""detection_events"":25815,""detectors_checked"":7659520,""obs_mistake_mask=_E_E"":1}"
     44032,         0,         0,    4.32,decoder_by_matrix,0421d486f8a041838688df650e87c0a19c3450ab7a7cc8b3dc589ebff86d1c74,"{""distance"":5,""physical_error_rate"":0.0001}","{""detection_events"":2645,""detectors_checked"":7485440}"
    121856,         0,         0,    11.7,decoder_by_matrix,0421d486f8a041838688df650e87c0a19c3450ab7a7cc8b3dc589ebff86d1c74,"{""distance"":5,""physical_error_rate"":0.0001}","{""detection_events"":7585,""detectors_checked"":20715520}"
    134144,         0,         0,    11.7,decoder_by_matrix,b84cf4b8ca220d31f17e1e2ea9ab927bbc4176b15682c650e7d1dd8f2758172b,"{""distance"":5,""physical_error_rate"":0.0005}","{""detection_events"":38850,""detectors_checked"":22804480}"
    116736,         0,         0,    11.7,decoder_by_matrix,066a5d8d46981b593c3dec855f441edbe9e755a8873183448f69d036a2ecc650,"{""distance"":5,""physical_error_rate"":0.001}","{""detection_events"":65765,""detectors_checked"":19845120}"
    116736,         0,         0,    11.7,decoder_by_matrix,0421d486f8a041838688df650e87c0a19c3450ab7a7cc8b3dc589ebff86d1c74,"{""distance"":5,""physical_error_rate"":0.0001}","{""detection_events"":6155,""detectors_checked"":19845120}"
     97280,         0,         0,    11.7,decoder_by_matrix,066a5d8d46981b593c3dec855f441edbe9e755a8873183448f69d036a2ecc650,"{""distance"":5,""physical_error_rate"":0.001}","{""detection_events"":56985,""detectors_checked"":16537600}"
    118784,         0,         0,    11.7,decoder_by_matrix,b84cf4b8ca220d31f17e1e2ea9ab927bbc4176b15682c650e7d1dd8f2758172b,"{""distance"":5,""physical_error_rate"":0.0005}","{""detection_events"":32645,""detectors_checked"":20193280}"
     59392,         0,         0,    5.96,decoder_by_matrix,b84cf4b8ca220d31f17e1e2ea9ab927bbc4176b15682c650e7d1dd8f2758172b,"{""distance"":5,""physical_error_rate"":0.0005}","{""detection_events"":17780,""detectors_checked"":10096640}"
     69632,         0,         0,    6.05,decoder_by_matrix,066a5d8d46981b593c3dec855f441edbe9e755a8873183448f69d036a2ecc650,"{""distance"":5,""physical_error_rate"":0.001}","{""detection_events"":39860,""detectors_checked"":11837440}"
     69632,         0,         0,    5.99,decoder_by_matrix,b84cf4b8ca220d31f17e1e2ea9ab927bbc4176b15682c650e7d1dd8f2758172b,"{""distance"":5,""physical_error_rate"":0.0005}","{""detection_events"":20255,""detectors_checked"":11837440}"
     68608,         0,         0,    5.96,decoder_by_matrix,066a5d8d46981b593c3dec855f441edbe9e755a8873183448f69d036a2ecc650,"{""distance"":5,""physical_error_rate"":0.001}","{""detection_events"":37735,""detectors_checked"":11663360}"
     60416,         0,         0,    6.05,decoder_by_matrix,0421d486f8a041838688df650e87c0a19c3450ab7a7cc8b3dc589ebff86d1c74,"{""distance"":5,""physical_error_rate"":0.0001}","{""detection_events"":3705,""detectors_checked"":10270720}"
     60416,         0,         0,    5.93,decoder_by_matrix,066a5d8d46981b593c3dec855f441edbe9e755a8873183448f69d036a2ecc650,"{""distance"":5,""physical_error_rate"":0.001}","{""detection_events"":34385,""detectors_checked"":10270720}"
     60416,         0,         0,    6.04,decoder_by_matrix,0421d486f8a041838688df650e87c0a19c3450ab7a7cc8b3dc589ebff86d1c74,"{""distance"":5,""physical_error_rate"":0.0001}","{""detection_events"":3160,""detectors_checked"":10270720}"
     61440,         0,         0,    6.08,decoder_by_matrix,b84cf4b8ca220d31f17e1e2ea9ab927bbc4176b15682c650e7d1dd8f2758172b,"{""distance"":5,""physical_error_rate"":0.0005}","{""detection_events"":18305,""detectors_checked"":10444800}"
     50176,         0,         0,    6.04,decoder_by_matrix,0421d486f8a041838688df650e87c0a19c3450ab7a7cc8b3dc589ebff86d1c74,"{""distance"":5,""physical_error_rate"":0.0001}","{""detection_events"":3290,""detectors_checked"":8529920}"
     61440,         0,         0,    5.99,decoder_by_matrix,066a5d8d46981b593c3dec855f441edbe9e755a8873183448f69d036a2ecc650,"{""distance"":5,""physical_error_rate"":0.001}","{""detection_events"":34365,""detectors_checked"":10444800}"
     58368,         0,         0,    6.05,decoder_by_matrix,b84cf4b8ca220d31f17e1e2ea9ab927bbc4176b15682c650e7d1dd8f2758172b,"{""distance"":5,""physical_error_rate"":0.0005}","{""detection_events"":16005,""detectors_checked"":9922560}"
     58368,         0,         0,    6.00,decoder_by_matrix,0421d486f8a041838688df650e87c0a19c3450ab7a7cc8b3dc589ebff86d1c74,"{""distance"":5,""physical_error_rate"":0.0001}","{""detection_events"":3150,""detectors_checked"":9922560}"
     84992,         0,         0,    8.41,decoder_by_matrix,b84cf4b8ca220d31f17e1e2ea9ab927bbc4176b15682c650e7d1dd8f2758172b,"{""distance"":5,""physical_error_rate"":0.0005}","{""detection_events"":24675,""detectors_checked"":14448640}"
     95232,         0,         0,    8.38,decoder_by_matrix,066a5d8d46981b593c3dec855f441edbe9e755a8873183448f69d036a2ecc650,"{""distance"":5,""physical_error_rate"":0.001}","{""detection_events"":53970,""detectors_checked"":16189440}"
     96256,         0,         0,    8.34,decoder_by_matrix,b84cf4b8ca220d31f17e1e2ea9ab927bbc4176b15682c650e7d1dd8f2758172b,"{""distance"":5,""physical_error_rate"":0.0005}","{""detection_events"":26360,""detectors_checked"":16363520}"
    102400,         0,         0,    8.35,decoder_by_matrix,0421d486f8a041838688df650e87c0a19c3450ab7a7cc8b3dc589ebff86d1c74,"{""distance"":5,""physical_error_rate"":0.0001}","{""detection_events"":5855,""detectors_checked"":17408000}"
     96256,         0,         0,    8.39,decoder_by_matrix,066a5d8d46981b593c3dec855f441edbe9e755a8873183448f69d036a2ecc650,"{""distance"":5,""physical_error_rate"":0.001}","{""detection_events"":56320,""detectors_checked"":16363520}"
     71680,         0,         0,    8.35,decoder_by_matrix,0421d486f8a041838688df650e87c0a19c3450ab7a7cc8b3dc589ebff86d1c74,"{""distance"":5,""physical_error_rate"":0.0001}","{""detection_events"":3600,""detectors_checked"":12185600}"
     70656,         0,         0,    8.45,decoder_by_matrix,066a5d8d46981b593c3dec855f441edbe9e755a8873183448f69d036a2ecc650,"{""distance"":5,""physical_error_rate"":0.001}","{""detection_events"":39805,""detectors_checked"":12011520}"
     87040,         1,         0,    8.46,decoder_by_matrix,b84cf4b8ca220d31f17e1e2ea9ab927bbc4176b15682c650e7d1dd8f2758172b,"{""distance"":5,""physical_error_rate"":0.0005}","{""detection_events"":25410,""detectors_checked"":14796800,""obs_mistake_mask=___E"":1}"
     70656,         0,         0,    8.46,decoder_by_matrix,0421d486f8a041838688df650e87c0a19c3450ab7a7cc8b3dc589ebff86d1c74,"{""distance"":5,""physical_error_rate"":0.0001}","{""detection_events"":4120,""detectors_checked"":12011520}"
     69632,         0,         0,    8.41,decoder_by_matrix,b84cf4b8ca220d31f17e1e2ea9ab927bbc4176b15682c650e7d1dd8f2758172b,"{""distance"":5,""physical_error_rate"":0.0005}","{""detection_events"":20610,""detectors_checked"":11837440}"
     82944,         0,         0,    8.44,decoder_by_matrix,066a5d8d46981b593c3dec855f441edbe9e755a8873183448f69d036a2ecc650,"{""distance"":5,""physical_error_rate"":0.001}","{""detection_events"":46620,""detectors_checked"":14100480}"
     70656,         0,         0,    8.33,decoder_by_matrix,0421d486f8a041838688df650e87c0a19c3450ab7a7cc8b3dc589ebff86d1c74,"{""distance"":5,""physical_error_rate"":0.0001}","{""detection_events"":3570,""detectors_checked"":12011520}"
    180224,         0,         0,    16.3,decoder_by_matrix,0421d486f8a041838688df650e87c0a19c3450ab7a7cc8b3dc589ebff86d1c74,"{""distance"":5,""physical_error_rate"":0.0001}","{""detection_events"":9235,""detectors_checked"":30638080}"
    189440,         0,         0,    16.4,decoder_by_matrix,b84cf4b8ca220d31f17e1e2ea9ab927bbc4176b15682c650e7d1dd8f2758172b,"{""distance"":5,""physical_error_rate"":0.0005}","{""detection_events"":53230,""detectors_checked"":32204800}"
    169984,         0,         0,    16.3,decoder_by_matrix,0421d486f8a041838688df650e87c0a19c3450ab7a7cc8b3dc589ebff86d1c74,"{""distance"":5,""physical_error_rate"":0.0001}","{""detection_events"":10160,""detectors_checked"":28897280}"
    164864,         1,         0,    16.4,decoder_by_matrix,066a5d8d46981b593c3dec855f441edbe9e755a8873183448f69d036a2ecc650,"{""distance"":5,""physical_error_rate"":0.001}","{""detection_events"":95455,""detectors_checked"":28026880,""obs_mistake_mask=E___"":1}"
    162816,         0,         0,    16.4,decoder_by_matrix,066a5d8d46981b593c3dec855f441edbe9e755a8873183448f69d036a2ecc650,"{""distance"":5,""physical_error_rate"":0.001}","{""detection_events"":92940,""detectors_checked"":27678720}"
    172032,         0,         0,    16.4,decoder_by_matrix,b84cf4b8ca220d31f17e1e2ea9ab927bbc4176b15682c650e7d1dd8f2758172b,"{""distance"":5,""physical_error_rate"":0.0005}","{""detection_events"":47525,""detectors_checked"":29245440}"
    116736,         0,         0,    11.7,decoder_by_matrix,b84cf4b8ca220d31f17e1e2ea9ab927bbc4176b15682c650e7d1dd8f2758172b,"{""distance"":5,""physical_error_rate"":0.0005}","{""detection_events"":32520,""detectors_checked"":19845120}"
    133120,         0,         0,    11.7,decoder_by_matrix,b84cf4b8ca220d31f17e1e2ea9ab927bbc4176b15682c650e7d1dd8f2758172b,"{""distance"":5,""physical_error_rate"":0.0005}","{""detection_events"":37695,""detectors_checked"":22630400}"
    135168,         0,         0,    11.7,decoder_by_matrix,066a5d8d46981b593c3dec855f441edbe9e755a8873183448f69d036a2ecc650,"{""distance"":5,""physical_error_rate"":0.001}","{""detection_events"":76855,""detectors_checked"":22978560}"
    133120,         0,         0,    11.6,decoder_by_matrix,066a5d8d46981b593c3dec855f441edbe9e755a8873183448f69d036a2ecc650,"{""distance"":5,""physical_error_rate"":0.001}","{""detection_events"":76375,""detectors_checked"":22630400}"
    139264,         0,         0,    11.7,decoder_by_matrix,0421d486f8a041838688df650e87c0a19c3450ab7a7cc8b3dc589ebff86d1c74,"{""distance"":5,""physical_error_rate"":0.0001}","{""detection_events"":7995,""detectors_checked"":23674880}"
     97280,         0,         0,    11.8,decoder_by_matrix,0421d486f8a041838688df650e87c0a19c3450ab7a7cc8b3dc589ebff86d1c74,"{""distance"":5,""physical_error_rate"":0.0001}","{""detection_events"":6175,""detectors_checked"":16537600}"
    123904,         0,         0,    11.7,decoder_by_matrix,066a5d8d46981b593c3dec855f441edbe9e755a8873183448f69d036a2ecc650,"{""distance"":5,""physical_error_rate"":0.001}","{""detection_events"":70360,""detectors_checked"":21063680}"
     98304,         0,         0,    11.7,decoder_by_matrix,0421d486f8a041838688df650e87c0a19c3450ab7a7cc8b3dc589ebff86d1c74,"{""distance"":5,""physical_error_rate"":0.0001}","{""detection_events"":5630,""detectors_checked"":16711680}"
     98304,         0,         0,    11.8,decoder_by_matrix,b84cf4b8ca220d31f17e1e2ea9ab927bbc4176b15682c650e7d1dd8f2758172b,"{""distance"":5,""physical_error_rate"":0.0005}","{""detection_events"":25805,""detectors_checked"":16711680}"
    120832,         0,         0,    11.7,decoder_by_matrix,066a5d8d46981b593c3dec855f441edbe9e755a8873183448f69d036a2ecc650,"{""distance"":5,""physical_error_rate"":0.001}","{""detection_events"":67855,""detectors_checked"":20541440}"
     98304,         0,         0,    11.7,decoder_by_matrix,b84cf4b8ca220d31f17e1e2ea9ab927bbc4176b15682c650e7d1dd8f2758172b,"{""distance"":5,""physical_error_rate"":0.0005}","{""detection_events"":27980,""detectors_checked"":16711680}"
     98304,         0,         0,    11.7,decoder_by_matrix,0421d486f8a041838688df650e87c0a19c3450ab7a7cc8b3dc589ebff86d1c74,"{""distance"":5,""physical_error_rate"":0.0001}","{""detection_events"":5605,""detectors_checked"":16711680}"
   1168384,         0,         0,   119.4,decoder_by_matrix,0421d486f8a041838688df650e87c0a19c3450ab7a7cc8b3dc589ebff86d1c74,"{""distance"":5,""physical_error_rate"":0.0001}","{""detection_events"":66090,""detectors_checked"":198625280}"
    188416,         0,         0,    16.4,decoder_by_matrix,b84cf4b8ca220d31f17e1e2ea9ab927bbc4176b15682c650e7d1dd8f2758172b,"{""distance"":5,""physical_error_rate"":0.0005}","{""detection_events"":53815,""detectors_checked"":32030720}"
    187392,         0,         0,    16.3,decoder_by_matrix,066a5d8d46981b593c3dec855f441edbe9e755a8873183448f69d036a2ecc650,"{""distance"":5,""physical_error_rate"":0.001}","{""detection_events"":107160,""detectors_checked"":31856640}"
    163840,         0,         0,    16.3,decoder_by_matrix,b84cf4b8ca220d31f17e1e2ea9ab927bbc4176b15682c650e7d1dd8f2758172b,"{""distance"":5,""physical_error_rate"":0.0005}","{""detection_events"":46415,""detectors_checked"":27852800}"
    187392,         0,         0,    16.4,decoder_by_matrix,066a5d8d46981b593c3dec855f441edbe9e755a8873183448f69d036a2ecc650,"{""distance"":5,""physical_error_rate"":0.001}","{""detection_events"":105475,""detectors_checked"":31856640}"
    199680,         0,         0,    16.4,decoder_by_matrix,0421d486f8a041838688df650e87c0a19c3450ab7a7cc8b3dc589ebff86d1c74,"{""distance"":5,""physical_error_rate"":0.0001}","{""detection_events"":10200,""detectors_checked"":33945600}"
    136192,         0,         0,    16.3,decoder_by_matrix,0421d486f8a041838688df650e87c0a19c3450ab7a7cc8b3dc589ebff86d1c74,"{""distance"":5,""physical_error_rate"":0.0001}","{""detection_events"":8205,""detectors_checked"":23152640}"
    159744,         0,         0,    16.3,decoder_by_matrix,066a5d8d46981b593c3dec855f441edbe9e755a8873183448f69d036a2ecc650,"{""distance"":5,""physical_error_rate"":0.001}","{""detection_events"":93000,""detectors_checked"":27156480}"
    142336,         0,         0,    16.4,decoder_by_matrix,0421d486f8a041838688df650e87c0a19c3450ab7a7cc8b3dc589ebff86d1c74,"{""distance"":5,""physical_error_rate"":0.0001}","{""detection_events"":8615,""detectors_checked"":24197120}"
    136192,         0,         0,    16.4,decoder_by_matrix,b84cf4b8ca220d31f17e1e2ea9ab927bbc4176b15682c650e7d1dd8f2758172b,"{""distance"":5,""physical_error_rate"":0.0005}","{""detection_events"":37475,""detectors_checked"":23152640}"
    168960,         0,         0,    16.4,decoder_by_matrix,066a5d8d46981b593c3dec855f441edbe9e755a8873183448f69d036a2ecc650,"{""distance"":5,""physical_error_rate"":0.001}","{""detection_events"":96115,""detectors_checked"":28723200}"
    136192,         0,         0,    16.4,decoder_by_matrix,b84cf4b8ca220d31f17e1e2ea9ab927bbc4176b15682c650e7d1dd8f2758172b,"{""distance"":5,""physical_error_rate"":0.0005}","{""detection_events"":38625,""detectors_checked"":23152640}"
    138240,         0,         0,    16.3,decoder_by_matrix,0421d486f8a041838688df650e87c0a19c3450ab7a7cc8b3dc589ebff86d1c74,"{""distance"":5,""physical_error_rate"":0.0001}","{""detection_events"":7315,""detectors_checked"":23500800}"
    241664,         0,         0,    22.9,decoder_by_matrix,0421d486f8a041838688df650e87c0a19c3450ab7a7cc8b3dc589ebff86d1c74,"{""distance"":5,""physical_error_rate"":0.0001}","{""detection_events"":13990,""detectors_checked"":41082880}"
    262144,         0,         0,    22.9,decoder_by_matrix,b84cf4b8ca220d31f17e1e2ea9ab927bbc4176b15682c650e7d1dd8f2758172b,"{""distance"":5,""physical_error_rate"":0.0005}","{""detection_events"":74080,""detectors_checked"":44564480}"
    192512,         0,         0,    22.9,decoder_by_matrix,0421d486f8a041838688df650e87c0a19c3450ab7a7cc8b3dc589ebff86d1c74,"{""distance"":5,""physical_error_rate"":0.0001}","{""detection_events"":11225,""detectors_checked"":32727040}"
    231424,         0,         0,    22.9,decoder_by_matrix,066a5d8d46981b593c3dec855f441edbe9e755a8873183448f69d036a2ecc650,"{""distance"":5,""physical_error_rate"":0.001}","{""detection_events"":129320,""detectors_checked"":39342080}"
    235520,         0,         0,    22.8,decoder_by_matrix,066a5d8d46981b593c3dec855f441edbe9e755a8873183448f69d036a2ecc650,"{""distance"":5,""physical_error_rate"":0.001}","{""detection_events"":133540,""detectors_checked"":40038400}"
    235520,         0,         0,    22.9,decoder_by_matrix,b84cf4b8ca220d31f17e1e2ea9ab927bbc4176b15682c650e7d1dd8f2758172b,"{""distance"":5,""physical_error_rate"":0.0005}","{""detection_events"":65730,""detectors_checked"":40038400}"
   1058816,         0,         0,   119.6,decoder_by_matrix,0421d486f8a041838688df650e87c0a19c3450ab7a7cc8b3dc589ebff86d1c74,"{""distance"":5,""physical_error_rate"":0.0001}","{""detection_events"":59120,""detectors_checked"":179998720}"
    982016,         1,         0,   119.4,decoder_by_matrix,b84cf4b8ca220d31f17e1e2ea9ab927bbc4176b15682c650e7d1dd8f2758172b,"{""distance"":5,""physical_error_rate"":0.0005}","{""detection_events"":282000,""detectors_checked"":166942720,""obs_mistake_mask=__E_"":1}"
    749568,         0,         0,    87.8,decoder_by_matrix,b84cf4b8ca220d31f17e1e2ea9ab927bbc4176b15682c650e7d1dd8f2758172b,"{""distance"":5,""physical_error_rate"":0.0005}","{""detection_events"":216870,""detectors_checked"":127426560}"
    792576,         3,         0,    87.8,decoder_by_matrix,066a5d8d46981b593c3dec855f441edbe9e755a8873183448f69d036a2ecc650,"{""distance"":5,""physical_error_rate"":0.001}","{""detection_events"":453440,""detectors_checked"":134737920,""obs_mistake_mask=_EE_"":1,""obs_mistake_mask=__EE"":1,""obs_mistake_mask=___E"":1}"
    836608,         1,         0,    87.9,decoder_by_matrix,066a5d8d46981b593c3dec855f441edbe9e755a8873183448f69d036a2ecc650,"{""distance"":5,""physical_error_rate"":0.001}","{""detection_events"":476870,""detectors_checked"":142223360,""obs_mistake_mask=_E__"":1}"
    798720,         0,         0,    87.9,decoder_by_matrix,b84cf4b8ca220d31f17e1e2ea9ab927bbc4176b15682c650e7d1dd8f2758172b,"{""distance"":5,""physical_error_rate"":0.0005}","{""detection_events"":225545,""detectors_checked"":135782400}"
    804864,         0,         0,    87.8,decoder_by_matrix,0421d486f8a041838688df650e87c0a19c3450ab7a7cc8b3dc589ebff86d1c74,"{""distance"":5,""physical_error_rate"":0.0001}","{""detection_events"":45505,""detectors_checked"":136826880}"
    746496,         0,         0,    87.9,decoder_by_matrix,0421d486f8a041838688df650e87c0a19c3450ab7a7cc8b3dc589ebff86d1c74,"{""distance"":5,""physical_error_rate"":0.0001}","{""detection_events"":41500,""detectors_checked"":126904320}"
    219136,         0,         0,    22.8,decoder_by_matrix,b84cf4b8ca220d31f17e1e2ea9ab927bbc4176b15682c650e7d1dd8f2758172b,"{""distance"":5,""physical_error_rate"":0.0005}","{""detection_events"":61955,""detectors_checked"":37253120}"
    206848,         0,         0,    22.8,decoder_by_matrix,066a5d8d46981b593c3dec855f441edbe9e755a8873183448f69d036a2ecc650,"{""distance"":5,""physical_error_rate"":0.001}","{""detection_events"":117070,""detectors_checked"":35164160}"
    279552,         0,         0,    22.9,decoder_by_matrix,b84cf4b8ca220d31f17e1e2ea9ab927bbc4176b15682c650e7d1dd8f2758172b,"{""distance"":5,""physical_error_rate"":0.0005}","{""detection_events"":81645,""detectors_checked"":47523840}"
    214016,         0,         0,    22.9,decoder_by_matrix,066a5d8d46981b593c3dec855f441edbe9e755a8873183448f69d036a2ecc650,"{""distance"":5,""physical_error_rate"":0.001}","{""detection_events"":120420,""detectors_checked"":36382720}"
    293888,         0,         0,    22.8,decoder_by_matrix,0421d486f8a041838688df650e87c0a19c3450ab7a7cc8b3dc589ebff86d1c74,"{""distance"":5,""physical_error_rate"":0.0001}","{""detection_events"":17075,""detectors_checked"":49960960}"
    191488,         0,         0,    22.9,decoder_by_matrix,0421d486f8a041838688df650e87c0a19c3450ab7a7cc8b3dc589ebff86d1c74,"{""distance"":5,""physical_error_rate"":0.0001}","{""detection_events"":10890,""detectors_checked"":32552960}"
    202752,         0,         0,    22.9,decoder_by_matrix,066a5d8d46981b593c3dec855f441edbe9e755a8873183448f69d036a2ecc650,"{""distance"":5,""physical_error_rate"":0.001}","{""detection_events"":116620,""detectors_checked"":34467840}"
    209920,         0,         0,    22.9,decoder_by_matrix,0421d486f8a041838688df650e87c0a19c3450ab7a7cc8b3dc589ebff86d1c74,"{""distance"":5,""physical_error_rate"":0.0001}","{""detection_events"":12295,""detectors_checked"":35686400}"
    190464,         0,         0,    22.9,decoder_by_matrix,b84cf4b8ca220d31f17e1e2ea9ab927bbc4176b15682c650e7d1dd8f2758172b,"{""distance"":5,""physical_error_rate"":0.0005}","{""detection_events"":52540,""detectors_checked"":32378880}"
    241664,         0,         0,    22.9,decoder_by_matrix,066a5d8d46981b593c3dec855f441edbe9e755a8873183448f69d036a2ecc650,"{""distance"":5,""physical_error_rate"":0.001}","{""detection_events"":139365,""detectors_checked"":41082880}"
    190464,         0,         0,    23.0,decoder_by_matrix,b84cf4b8ca220d31f17e1e2ea9ab927bbc4176b15682c650e7d1dd8f2758172b,"{""distance"":5,""physical_error_rate"":0.0005}","{""detection_events"":54140,""detectors_checked"":32378880}"
    192512,         0,         0,    23.0,decoder_by_matrix,0421d486f8a041838688df650e87c0a19c3450ab7a7cc8b3dc589ebff86d1c74,"{""distance"":5,""physical_error_rate"":0.0001}","{""detection_events"":11095,""detectors_checked"":32727040}"
    330752,         0,         0,    32.0,decoder_by_matrix,0421d486f8a041838688df650e87c0a19c3450ab7a7cc8b3dc589ebff86d1c74,"{""distance"":5,""physical_error_rate"":0.0001}","{""detection_events"":19050,""detectors_checked"":56227840}"
    299008,         0,         0,    32.1,decoder_by_matrix,b84cf4b8ca220d31f17e1e2ea9ab927bbc4176b15682c650e7d1dd8f2758172b,"{""distance"":5,""physical_error_rate"":0.0005}","{""detection_events"":82040,""detectors_checked"":50831360}"
    281600,         0,         0,    32.1,decoder_by_matrix,0421d486f8a041838688df650e87c0a19c3450ab7a7cc8b3dc589ebff86d1c74,"{""distance"":5,""physical_error_rate"":0.0001}","{""detection_events"":15870,""detectors_checked"":47872000}"
    305152,         0,         0,    31.9,decoder_by_matrix,066a5d8d46981b593c3dec855f441edbe9e755a8873183448f69d036a2ecc650,"{""distance"":5,""physical_error_rate"":0.001}","{""detection_events"":173500,""detectors_checked"":51875840}"
    286720,         1,         0,    32.1,decoder_by_matrix,066a5d8d46981b593c3dec855f441edbe9e755a8873183448f69d036a2ecc650,"{""distance"":5,""physical_error_rate"":0.001}","{""detection_events"":161715,""detectors_checked"":48742400,""obs_mistake_mask=__E_"":1}"
    323584,         0,         0,    32.0,decoder_by_matrix,b84cf4b8ca220d31f17e1e2ea9ab927bbc4176b15682c650e7d1dd8f2758172b,"{""distance"":5,""physical_error_rate"":0.0005}","{""detection_events"":91185,""detectors_checked"":55009280}"
    426389,         0,         0,    40.0,decoder_by_matrix,0421d486f8a041838688df650e87c0a19c3450ab7a7cc8b3dc589ebff86d1c74,"{""distance"":5,""physical_error_rate"":0.0001}","{""detection_events"":23555,""detectors_checked"":72486130}"
   1101824,         0,         0,   107.9,decoder_by_matrix,0421d486f8a041838688df650e87c0a19c3450ab7a7cc8b3dc589ebff86d1c74,"{""distance"":5,""physical_error_rate"":0.0001}","{""detection_events"":65420,""detectors_checked"":187310080}"
   1027428,         0,         0,   109.8,decoder_by_matrix,0421d486f8a041838688df650e87c0a19c3450ab7a7cc8b3dc589ebff86d1c74,"{""distance"":5,""physical_error_rate"":0.0001}","{""detection_events"":59110,""detectors_checked"":174662760}"
    973824,         0,         0,   112.0,decoder_by_matrix,0421d486f8a041838688df650e87c0a19c3450ab7a7cc8b3dc589ebff86d1c74,"{""distance"":5,""physical_error_rate"":0.0001}","{""detection_events"":55070,""detectors_checked"":165550080}"
    994304,         0,         0,   113.4,decoder_by_matrix,0421d486f8a041838688df650e87c0a19c3450ab7a7cc8b3dc589ebff86d1c74,"{""distance"":5,""physical_error_rate"":0.0001}","{""detection_events"":55030,""detectors_checked"":169031680}"
    946176,         0,         0,   110.3,decoder_by_matrix,0421d486f8a041838688df650e87c0a19c3450ab7a7cc8b3dc589ebff86d1c74,"{""distance"":5,""physical_error_rate"":0.0001}","{""detection_events"":54455,""detectors_checked"":160849920}"
    917504,         0,         0,   100.9,decoder_by_matrix,0421d486f8a041838688df650e87c0a19c3450ab7a7cc8b3dc589ebff86d1c74,"{""distance"":5,""physical_error_rate"":0.0001}","{""detection_events"":52120,""detectors_checked"":155975680}"
   1015808,         0,         0,   119.4,decoder_by_matrix,066a5d8d46981b593c3dec855f441edbe9e755a8873183448f69d036a2ecc650,"{""distance"":5,""physical_error_rate"":0.001}","{""detection_events"":577345,""detectors_checked"":172687360}"
   1049600,         4,         0,   119.5,decoder_by_matrix,066a5d8d46981b593c3dec855f441edbe9e755a8873183448f69d036a2ecc650,"{""distance"":5,""physical_error_rate"":0.001}","{""detection_events"":600300,""detectors_checked"":178432000,""obs_mistake_mask=EEE_"":1,""obs_mistake_mask=E_E_"":1,""obs_mistake_mask=_E__"":1,""obs_mistake_mask=__E_"":1}"
   1053696,         0,         0,   119.4,decoder_by_matrix,b84cf4b8ca220d31f17e1e2ea9ab927bbc4176b15682c650e7d1dd8f2758172b,"{""distance"":5,""physical_error_rate"":0.0005}","{""detection_events"":300525,""detectors_checked"":179128320}"
   1044480,         1,         0,   119.5,decoder_by_matrix,b84cf4b8ca220d31f17e1e2ea9ab927bbc4176b15682c650e7d1dd8f2758172b,"{""distance"":5,""physical_error_rate"":0.0005}","{""detection_events"":296580,""detectors_checked"":177561600,""obs_mistake_mask=___E"":1}"
   1031168,         3,         0,   119.5,decoder_by_matrix,066a5d8d46981b593c3dec855f441edbe9e755a8873183448f69d036a2ecc650,"{""distance"":5,""physical_error_rate"":0.001}","{""detection_events"":586505,""detectors_checked"":175298560,""obs_mistake_mask=E___"":1,""obs_mistake_mask=_E_E"":1,""obs_mistake_mask=_E__"":1}"
   1054720,         1,         0,   119.7,decoder_by_matrix,b84cf4b8ca220d31f17e1e2ea9ab927bbc4176b15682c650e7d1dd8f2758172b,"{""distance"":5,""physical_error_rate"":0.0005}","{""detection_events"":301805,""detectors_checked"":179302400,""obs_mistake_mask=E___"":1}"
   1078272,         3,         0,   119.7,decoder_by_matrix,066a5d8d46981b593c3dec855f441edbe9e755a8873183448f69d036a2ecc650,"{""distance"":5,""physical_error_rate"":0.001}","{""detection_events"":608790,""detectors_checked"":183306240,""obs_mistake_mask=E___"":1,""obs_mistake_mask=_EE_"":2}"
   1135616,         6,         0,   119.4,decoder_by_matrix,066a5d8d46981b593c3dec855f441edbe9e755a8873183448f69d036a2ecc650,"{""distance"":5,""physical_error_rate"":0.001}","{""detection_events"":648400,""detectors_checked"":193054720,""obs_mistake_mask=E___"":1,""obs_mistake_mask=_EE_"":1,""obs_mistake_mask=__E_"":4}"
   1122304,         0,         0,   119.3,decoder_by_matrix,b84cf4b8ca220d31f17e1e2ea9ab927bbc4176b15682c650e7d1dd8f2758172b,"{""distance"":5,""physical_error_rate"":0.0005}","{""detection_events"":316595,""detectors_checked"":190791680}"
   1142784,         1,         0,   119.5,decoder_by_matrix,b84cf4b8ca220d31f17e1e2ea9ab927bbc4176b15682c650e7d1dd8f2758172b,"{""distance"":5,""physical_error_rate"":0.0005}","{""detection_events"":324885,""detectors_checked"":194273280,""obs_mistake_mask=EE__"":1}"
    117819,         0,         0,    10.7,decoder_by_matrix,0421d486f8a041838688df650e87c0a19c3450ab7a7cc8b3dc589ebff86d1c74,"{""distance"":5,""physical_error_rate"":0.0001}","{""detection_events"":6895,""detectors_checked"":20029230}"
    278528,         0,         0,    32.0,decoder_by_matrix,066a5d8d46981b593c3dec855f441edbe9e755a8873183448f69d036a2ecc650,"{""distance"":5,""physical_error_rate"":0.001}","{""detection_events"":159640,""detectors_checked"":47349760}"
    327680,         0,         0,    32.0,decoder_by_matrix,b84cf4b8ca220d31f17e1e2ea9ab927bbc4176b15682c650e7d1dd8f2758172b,"{""distance"":5,""physical_error_rate"":0.0005}","{""detection_events"":92800,""detectors_checked"":55705600}"
    550912,         0,         0,    32.1,decoder_by_matrix,b84cf4b8ca220d31f17e1e2ea9ab927bbc4176b15682c650e7d1dd8f2758172b,"{""distance"":5,""physical_error_rate"":0.0005}","{""detection_events"":154810,""detectors_checked"":93655040}"
    495616,         2,         0,    32.1,decoder_by_matrix,066a5d8d46981b593c3dec855f441edbe9e755a8873183448f69d036a2ecc650,"{""distance"":5,""physical_error_rate"":0.001}","{""detection_events"":278410,""detectors_checked"":84254720,""obs_mistake_mask=E___"":2}"
    323584,         0,         0,    32.1,decoder_by_matrix,0421d486f8a041838688df650e87c0a19c3450ab7a7cc8b3dc589ebff86d1c74,"{""distance"":5,""physical_error_rate"":0.0001}","{""detection_events"":19240,""detectors_checked"":55009280}"
    288768,         0,         0,    32.0,decoder_by_matrix,066a5d8d46981b593c3dec855f441edbe9e755a8873183448f69d036a2ecc650,"{""distance"":5,""physical_error_rate"":0.001}","{""detection_events"":162595,""detectors_checked"":49090560}"
    287744,         0,         0,    32.1,decoder_by_matrix,0421d486f8a041838688df650e87c0a19c3450ab7a7cc8b3dc589ebff86d1c74,"{""distance"":5,""physical_error_rate"":0.0001}","{""detection_events"":16025,""detectors_checked"":48916480}"
    320512,         0,         0,    32.1,decoder_by_matrix,0421d486f8a041838688df650e87c0a19c3450ab7a7cc8b3dc589ebff86d1c74,"{""distance"":5,""physical_error_rate"":0.0001}","{""detection_events"":19280,""detectors_checked"":54487040}"
    270336,         0,         0,    32.0,decoder_by_matrix,b84cf4b8ca220d31f17e1e2ea9ab927bbc4176b15682c650e7d1dd8f2758172b,"{""distance"":5,""physical_error_rate"":0.0005}","{""detection_events"":76500,""detectors_checked"":45957120}"
    280576,         1,         0,    32.1,decoder_by_matrix,066a5d8d46981b593c3dec855f441edbe9e755a8873183448f69d036a2ecc650,"{""distance"":5,""physical_error_rate"":0.001}","{""detection_events"":156780,""detectors_checked"":47697920,""obs_mistake_mask=_EE_"":1}"
    270336,         0,         0,    32.0,decoder_by_matrix,b84cf4b8ca220d31f17e1e2ea9ab927bbc4176b15682c650e7d1dd8f2758172b,"{""distance"":5,""physical_error_rate"":0.0005}","{""detection_events"":77375,""detectors_checked"":45957120}"
    271360,         0,         0,    32.0,decoder_by_matrix,0421d486f8a041838688df650e87c0a19c3450ab7a7cc8b3dc589ebff86d1c74,"{""distance"":5,""physical_error_rate"":0.0001}","{""detection_events"":15645,""detectors_checked"":46131200}"
   1097728,         1,         0,   119.6,decoder_by_matrix,066a5d8d46981b593c3dec855f441edbe9e755a8873183448f69d036a2ecc650,"{""distance"":5,""physical_error_rate"":0.001}","{""detection_events"":627820,""detectors_checked"":186613760,""obs_mistake_mask=__E_"":1}"
   1089536,         2,         0,   119.5,decoder_by_matrix,066a5d8d46981b593c3dec855f441edbe9e755a8873183448f69d036a2ecc650,"{""distance"":5,""physical_error_rate"":0.001}","{""detection_events"":617975,""detectors_checked"":185221120,""obs_mistake_mask=EE_E"":1,""obs_mistake_mask=__E_"":1}"
   1120256,         1,         0,   119.4,decoder_by_matrix,b84cf4b8ca220d31f17e1e2ea9ab927bbc4176b15682c650e7d1dd8f2758172b,"{""distance"":5,""physical_error_rate"":0.0005}","{""detection_events"":320125,""detectors_checked"":190443520,""obs_mistake_mask=EE__"":1}"
   1152000,         3,         0,   119.5,decoder_by_matrix,066a5d8d46981b593c3dec855f441edbe9e755a8873183448f69d036a2ecc650,"{""distance"":5,""physical_error_rate"":0.001}","{""detection_events"":655530,""detectors_checked"":195840000,""obs_mistake_mask=EE__"":1,""obs_mistake_mask=E___"":1,""obs_mistake_mask=_EEE"":1}"
   1036705,         0,         0,   115.7,decoder_by_matrix,b84cf4b8ca220d31f17e1e2ea9ab927bbc4176b15682c650e7d1dd8f2758172b,"{""distance"":5,""physical_error_rate"":0.0005}","{""detection_events"":293415,""detectors_checked"":176239850}"
    647498,         0,         0,    67.4,decoder_by_matrix,0421d486f8a041838688df650e87c0a19c3450ab7a7cc8b3dc589ebff86d1c74,"{""distance"":5,""physical_error_rate"":0.0001}","{""detection_events"":36605,""detectors_checked"":110074660}"
    582656,         0,         0,    64.9,decoder_by_matrix,0421d486f8a041838688df650e87c0a19c3450ab7a7cc8b3dc589ebff86d1c74,"{""distance"":5,""physical_error_rate"":0.0001}","{""detection_events"":32860,""detectors_checked"":99051520}"
    559104,         0,         0,    65.0,decoder_by_matrix,0421d486f8a041838688df650e87c0a19c3450ab7a7cc8b3dc589ebff86d1c74,"{""distance"":5,""physical_error_rate"":0.0001}","{""detection_events"":30915,""detectors_checked"":95047680}"
    389120,         0,         0,    44.8,decoder_by_matrix,b84cf4b8ca220d31f17e1e2ea9ab927bbc4176b15682c650e7d1dd8f2758172b,"{""distance"":5,""physical_error_rate"":0.0005}","{""detection_events"":113055,""detectors_checked"":66150400}"
    378880,         0,         0,    44.9,decoder_by_matrix,0421d486f8a041838688df650e87c0a19c3450ab7a7cc8b3dc589ebff86d1c74,"{""distance"":5,""physical_error_rate"":0.0001}","{""detection_events"":21585,""detectors_checked"":64409600}"
    468992,         0,         0,    44.9,decoder_by_matrix,0421d486f8a041838688df650e87c0a19c3450ab7a7cc8b3dc589ebff86d1c74,"{""distance"":5,""physical_error_rate"":0.0001}","{""detection_events"":26825,""detectors_checked"":79728640}"
    375808,         0,         0,    45.0,decoder_by_matrix,066a5d8d46981b593c3dec855f441edbe9e755a8873183448f69d036a2ecc650,"{""distance"":5,""physical_error_rate"":0.001}","{""detection_events"":215585,""detectors_checked"":63887360}"
    380928,         1,         0,    44.8,decoder_by_matrix,066a5d8d46981b593c3dec855f441edbe9e755a8873183448f69d036a2ecc650,"{""distance"":5,""physical_error_rate"":0.001}","{""detection_events"":216735,""detectors_checked"":64757760,""obs_mistake_mask=_EEE"":1}"
    376832,         1,         0,    44.9,decoder_by_matrix,b84cf4b8ca220d31f17e1e2ea9ab927bbc4176b15682c650e7d1dd8f2758172b,"{""distance"":5,""physical_error_rate"":0.0005}","{""detection_events"":107080,""detectors_checked"":64061440,""obs_mistake_mask=EE_E"":1}"
     62837,         0,         0,    5.70,decoder_by_matrix,0421d486f8a041838688df650e87c0a19c3450ab7a7cc8b3dc589ebff86d1c74,"{""distance"":5,""physical_error_rate"":0.0001}","{""detection_events"":3275,""detectors_checked"":10682290}"
    417792,         0,         0,    45.7,decoder_by_matrix,0421d486f8a041838688df650e87c0a19c3450ab7a7cc8b3dc589ebff86d1c74,"{""distance"":5,""physical_error_rate"":0.0001}","{""detection_events"":24835,""detectors_checked"":71024640}"
    482304,         0,         0,    44.9,decoder_by_matrix,0421d486f8a041838688df650e87c0a19c3450ab7a7cc8b3dc589ebff86d1c74,"{""distance"":5,""physical_error_rate"":0.0001}","{""detection_events"":27145,""detectors_checked"":81991680}"
    417792,         0,         0,    45.6,decoder_by_matrix,0421d486f8a041838688df650e87c0a19c3450ab7a7cc8b3dc589ebff86d1c74,"{""distance"":5,""physical_error_rate"":0.0001}","{""detection_events"":22975,""detectors_checked"":71024640}"
    410624,         0,         0,    45.1,decoder_by_matrix,0421d486f8a041838688df650e87c0a19c3450ab7a7cc8b3dc589ebff86d1c74,"{""distance"":5,""physical_error_rate"":0.0001}","{""detection_events"":22775,""detectors_checked"":69806080}"
    403550,         0,         0,    45.2,decoder_by_matrix,0421d486f8a041838688df650e87c0a19c3450ab7a7cc8b3dc589ebff86d1c74,"{""distance"":5,""physical_error_rate"":0.0001}","{""detection_events"":23950,""detectors_checked"":68603500}"
    386048,         0,         0,    45.4,decoder_by_matrix,0421d486f8a041838688df650e87c0a19c3450ab7a7cc8b3dc589ebff86d1c74,"{""distance"":5,""physical_error_rate"":0.0001}","{""detection_events"":21100,""detectors_checked"":65628160}"
    273408,         0,         0,    34.7,decoder_by_matrix,0421d486f8a041838688df650e87c0a19c3450ab7a7cc8b3dc589ebff86d1c74,"{""distance"":5,""physical_error_rate"":0.0001}","{""detection_events"":15475,""detectors_checked"":46479360}"
    326656,         0,         0,    28.7,decoder_by_matrix,0421d486f8a041838688df650e87c0a19c3450ab7a7cc8b3dc589ebff86d1c74,"{""distance"":5,""physical_error_rate"":0.0001}","{""detection_events"":19170,""detectors_checked"":55531520}"
    287744,         0,         0,    28.9,decoder_by_matrix,0421d486f8a041838688df650e87c0a19c3450ab7a7cc8b3dc589ebff86d1c74,"{""distance"":5,""physical_error_rate"":0.0001}","{""detection_events"":15995,""detectors_checked"":48916480}"
       330,         0,         0,   0.083,decoder_by_matrix,0421d486f8a041838688df650e87c0a19c3450ab7a7cc8b3dc589ebff86d1c74,"{""distance"":5,""physical_error_rate"":0.0001}","{""detectors_checked"":56100}"
    242688,         0,         0,    28.5,decoder_by_matrix,0421d486f8a041838688df650e87c0a19c3450ab7a7cc8b3dc589ebff86d1c74,"{""distance"":5,""physical_error_rate"":0.0001}","{""detection_events"":13650,""detectors_checked"":41256960}"
    214016,         0,         0,    29.0,decoder_by_matrix,0421d486f8a041838688df650e87c0a19c3450ab7a7cc8b3dc589ebff86d1c74,"{""distance"":5,""physical_error_rate"":0.0001}","{""detection_events"":12135,""detectors_checked"":36382720}"
    190659,         0,         0,    17.2,decoder_by_matrix,0421d486f8a041838688df650e87c0a19c3450ab7a7cc8b3dc589ebff86d1c74,"{""distance"":5,""physical_error_rate"":0.0001}","{""detection_events"":11635,""detectors_checked"":32412030}"
    150199,         0,         0,    17.9,decoder_by_matrix,0421d486f8a041838688df650e87c0a19c3450ab7a7cc8b3dc589ebff86d1c74,"{""distance"":5,""physical_error_rate"":0.0001}","{""detection_events"":8640,""detectors_checked"":25533830}"
    150199,         0,         0,    18.0,decoder_by_matrix,0421d486f8a041838688df650e87c0a19c3450ab7a7cc8b3dc589ebff86d1c74,"{""distance"":5,""physical_error_rate"":0.0001}","{""detection_events"":8950,""detectors_checked"":25533830}"
    140812,         0,         0,    16.8,decoder_by_matrix,0421d486f8a041838688df650e87c0a19c3450ab7a7cc8b3dc589ebff86d1c74,"{""distance"":5,""physical_error_rate"":0.0001}","{""detection_events"":8455,""detectors_checked"":23938040}"
    122623,         0,         0,    10.9,decoder_by_matrix,0421d486f8a041838688df650e87c0a19c3450ab7a7cc8b3dc589ebff86d1c74,"{""distance"":5,""physical_error_rate"":0.0001}","{""detection_events"":7085,""detectors_checked"":20845910}"
    114960,         0,         0,    11.7,decoder_by_matrix,0421d486f8a041838688df650e87c0a19c3450ab7a7cc8b3dc589ebff86d1c74,"{""distance"":5,""physical_error_rate"":0.0001}","{""detection_events"":6060,""detectors_checked"":19543200}"
    111616,         0,         0,    11.2,decoder_by_matrix,0421d486f8a041838688df650e87c0a19c3450ab7a7cc8b3dc589ebff86d1c74,"{""distance"":5,""physical_error_rate"":0.0001}","{""detection_events"":6920,""detectors_checked"":18974720}"
    114960,         0,         0,    11.7,decoder_by_matrix,0421d486f8a041838688df650e87c0a19c3450ab7a7cc8b3dc589ebff86d1c74,"{""distance"":5,""physical_error_rate"":0.0001}","{""detection_events"":6620,""detectors_checked"":19543200}"
    113664,         0,         0,    11.2,decoder_by_matrix,0421d486f8a041838688df650e87c0a19c3450ab7a7cc8b3dc589ebff86d1c74,"{""distance"":5,""physical_error_rate"":0.0001}","{""detection_events"":6785,""detectors_checked"":19322880}"
     98304,         0,         0,    11.9,decoder_by_matrix,0421d486f8a041838688df650e87c0a19c3450ab7a7cc8b3dc589ebff86d1c74,"{""distance"":5,""physical_error_rate"":0.0001}","{""detection_events"":5215,""detectors_checked"":16711680}"
     97280,         0,         0,    11.4,decoder_by_matrix,0421d486f8a041838688df650e87c0a19c3450ab7a7cc8b3dc589ebff86d1c74,"{""distance"":5,""physical_error_rate"":0.0001}","{""detection_events"":5470,""detectors_checked"":16537600}"
     93614,         0,         0,    11.4,decoder_by_matrix,0421d486f8a041838688df650e87c0a19c3450ab7a7cc8b3dc589ebff86d1c74,"{""distance"":5,""physical_error_rate"":0.0001}","{""detection_events"":5425,""detectors_checked"":15914380}"
    100352,         0,         0,    12.1,decoder_by_matrix,0421d486f8a041838688df650e87c0a19c3450ab7a7cc8b3dc589ebff86d1c74,"{""distance"":5,""physical_error_rate"":0.0001}","{""detection_events"":5555,""detectors_checked"":17059840}"
     84992,         0,         0,    11.4,decoder_by_matrix,0421d486f8a041838688df650e87c0a19c3450ab7a7cc8b3dc589ebff86d1c74,"{""distance"":5,""physical_error_rate"":0.0001}","{""detection_events"":5330,""detectors_checked"":14448640}"
     81920,         0,         0,    11.8,decoder_by_matrix,0421d486f8a041838688df650e87c0a19c3450ab7a7cc8b3dc589ebff86d1c74,"{""distance"":5,""physical_error_rate"":0.0001}","{""detection_events"":4545,""detectors_checked"":13926400}"
     92160,         0,         0,    12.2,decoder_by_matrix,0421d486f8a041838688df650e87c0a19c3450ab7a7cc8b3dc589ebff86d1c74,"{""distance"":5,""physical_error_rate"":0.0001}","{""detection_events"":4585,""detectors_checked"":15667200}"
     68435,         0,         0,    7.44,decoder_by_matrix,0421d486f8a041838688df650e87c0a19c3450ab7a7cc8b3dc589ebff86d1c74,"{""distance"":5,""physical_error_rate"":0.0001}","{""detection_events"":4105,""detectors_checked"":11633950}"
     57344,         0,         0,    6.67,decoder_by_matrix,0421d486f8a041838688df650e87c0a19c3450ab7a7cc8b3dc589ebff86d1c74,"{""distance"":5,""physical_error_rate"":0.0001}","{""detection_events"":3125,""detectors_checked"":9748480}"
     58368,         0,         0,    6.75,decoder_by_matrix,0421d486f8a041838688df650e87c0a19c3450ab7a7cc8b3dc589ebff86d1c74,"{""distance"":5,""physical_error_rate"":0.0001}","{""detection_events"":3060,""detectors_checked"":9922560}"
     15137,         0,         0,    1.80,decoder_by_matrix,0421d486f8a041838688df650e87c0a19c3450ab7a7cc8b3dc589ebff86d1c74,"{""distance"":5,""physical_error_rate"":0.0001}","{""detection_events"":885,""detectors_checked"":2573290}"
     33515,         0,         0,    2.96,decoder_by_matrix,0421d486f8a041838688df650e87c0a19c3450ab7a7cc8b3dc589ebff86d1c74,"{""distance"":5,""physical_error_rate"":0.0001}","{""detection_events"":2275,""detectors_checked"":5697550}"
     32768,         0,         0,    2.89,decoder_by_matrix,0421d486f8a041838688df650e87c0a19c3450ab7a7cc8b3dc589ebff86d1c74,"{""distance"":5,""physical_error_rate"":0.0001}","{""detection_events"":1540,""detectors_checked"":5570560}"
     31421,         0,         0,    2.93,decoder_by_matrix,0421d486f8a041838688df650e87c0a19c3450ab7a7cc8b3dc589ebff86d1c74,"{""distance"":5,""physical_error_rate"":0.0001}","{""detection_events"":1775,""detectors_checked"":5341570}"
     31421,         0,         0,    3.71,decoder_by_matrix,0421d486f8a041838688df650e87c0a19c3450ab7a7cc8b3dc589ebff86d1c74,"{""distance"":5,""physical_error_rate"":0.0001}","{""detection_events"":2010,""detectors_checked"":5341570}"
     30720,         0,         0,    3.03,decoder_by_matrix,0421d486f8a041838688df650e87c0a19c3450ab7a7cc8b3dc589ebff86d1c74,"{""distance"":5,""physical_error_rate"":0.0001}","{""detection_events"":1735,""detectors_checked"":5222400}"
     25600,         0,         0,    2.98,decoder_by_matrix,0421d486f8a041838688df650e87c0a19c3450ab7a7cc8b3dc589ebff86d1c74,"{""distance"":5,""physical_error_rate"":0.0001}","{""detection_events"":1985,""detectors_checked"":4352000}"
     27409,         0,         0,    3.26,decoder_by_matrix,0421d486f8a041838688df650e87c0a19c3450ab7a7cc8b3dc589ebff86d1c74,"{""distance"":5,""physical_error_rate"":0.0001}","{""detection_events"":1455,""detectors_checked"":4659530}"
     24576,         0,         0,    2.81,decoder_by_matrix,0421d486f8a041838688df650e87c0a19c3450ab7a7cc8b3dc589ebff86d1c74,"{""distance"":5,""physical_error_rate"":0.0001}","{""detection_events"":1490,""detectors_checked"":4177920}"
     26624,         0,         0,    3.15,decoder_by_matrix,0421d486f8a041838688df650e87c0a19c3450ab7a7cc8b3dc589ebff86d1c74,"{""distance"":5,""physical_error_rate"":0.0001}","{""detection_events"":1925,""detectors_checked"":4526080}"
     24576,         0,         0,    2.82,decoder_by_matrix,0421d486f8a041838688df650e87c0a19c3450ab7a7cc8b3dc589ebff86d1c74,"{""distance"":5,""physical_error_rate"":0.0001}","{""detection_events"":1380,""detectors_checked"":4177920}"
     21504,         0,         0,    2.45,decoder_by_matrix,0421d486f8a041838688df650e87c0a19c3450ab7a7cc8b3dc589ebff86d1c74,"{""distance"":5,""physical_error_rate"":0.0001}","{""detection_events"":1215,""detectors_checked"":3655680}"
     21504,         0,         0,    2.51,decoder_by_matrix,0421d486f8a041838688df650e87c0a19c3450ab7a7cc8b3dc589ebff86d1c74,"{""distance"":5,""physical_error_rate"":0.0001}","{""detection_events"":1065,""detectors_checked"":3655680}"
     25445,         0,         0,    3.10,decoder_by_matrix,0421d486f8a041838688df650e87c0a19c3450ab7a7cc8b3dc589ebff86d1c74,"{""distance"":5,""physical_error_rate"":0.0001}","{""detection_events"":1440,""detectors_checked"":4325650}"
     20212,         0,         0,    3.00,decoder_by_matrix,0421d486f8a041838688df650e87c0a19c3450ab7a7cc8b3dc589ebff86d1c74,"{""distance"":5,""physical_error_rate"":0.0001}","{""detection_events"":1260,""detectors_checked"":3436040}"
     20212,         0,         0,    2.99,decoder_by_matrix,0421d486f8a041838688df650e87c0a19c3450ab7a7cc8b3dc589ebff86d1c74,"{""distance"":5,""physical_error_rate"":0.0001}","{""detection_events"":945,""detectors_checked"":3436040}"
      4713,         0,         0,   0.467,decoder_by_matrix,0421d486f8a041838688df650e87c0a19c3450ab7a7cc8b3dc589ebff86d1c74,"{""distance"":5,""physical_error_rate"":0.0001}","{""detection_events"":160,""detectors_checked"":801210}"
      3773,         0,         0,   0.460,decoder_by_matrix,0421d486f8a041838688df650e87c0a19c3450ab7a7cc8b3dc589ebff86d1c74,"{""distance"":5,""physical_error_rate"":0.0001}","{""detection_events"":150,""detectors_checked"":641410}"
      9934,         0,         0,   0.838,decoder_by_matrix,0421d486f8a041838688df650e87c0a19c3450ab7a7cc8b3dc589ebff86d1c74,"{""distance"":5,""physical_error_rate"":0.0001}","{""detection_events"":735,""detectors_checked"":1688780}"
      8192,         0,         0,   0.691,decoder_by_matrix,0421d486f8a041838688df650e87c0a19c3450ab7a7cc8b3dc589ebff86d1c74,"{""distance"":5,""physical_error_rate"":0.0001}","{""detection_events"":515,""detectors_checked"":1392640}"
      3941,         0,         0,   0.436,decoder_by_matrix,0421d486f8a041838688df650e87c0a19c3450ab7a7cc8b3dc589ebff86d1c74,"{""distance"":5,""physical_error_rate"":0.0001}","{""detection_events"":225,""detectors_checked"":669970}"
      8671,         0,         0,   0.870,decoder_by_matrix,0421d486f8a041838688df650e87c0a19c3450ab7a7cc8b3dc589ebff86d1c74,"{""distance"":5,""physical_error_rate"":0.0001}","{""detection_events"":410,""detectors_checked"":1474070}"
      8377,         0,         0,    1.05,decoder_by_matrix,0421d486f8a041838688df650e87c0a19c3450ab7a7cc8b3dc589ebff86d1c74,"{""distance"":5,""physical_error_rate"":0.0001}","{""detection_events"":565,""detectors_checked"":1424090}"
       190,         0,         0,   0.050,decoder_by_matrix,0421d486f8a041838688df650e87c0a19c3450ab7a7cc8b3dc589ebff86d1c74,"{""distance"":5,""physical_error_rate"":0.0001}","{""detectors_checked"":32300}"
      7168,         0,         0,   0.773,decoder_by_matrix,0421d486f8a041838688df650e87c0a19c3450ab7a7cc8b3dc589ebff86d1c74,"{""distance"":5,""physical_error_rate"":0.0001}","{""detection_events"":395,""detectors_checked"":1218560}"
       788,         0,         0,   0.089,decoder_by_matrix,0421d486f8a041838688df650e87c0a19c3450ab7a7cc8b3dc589ebff86d1c74,"{""distance"":5,""physical_error_rate"":0.0001}","{""detection_events"":15,""detectors_checked"":133960}"
       724,         0,         0,   0.101,decoder_by_matrix,0421d486f8a041838688df650e87c0a19c3450ab7a7cc8b3dc589ebff86d1c74,"{""distance"":5,""physical_error_rate"":0.0001}","{""detection_events"":35,""detectors_checked"":123080}"
      3061,         0,         0,   0.227,decoder_by_matrix,0421d486f8a041838688df650e87c0a19c3450ab7a7cc8b3dc589ebff86d1c74,"{""distance"":5,""physical_error_rate"":0.0001}","{""detection_events"":205,""detectors_checked"":520370}"
      6144,         0,         0,   0.638,decoder_by_matrix,0421d486f8a041838688df650e87c0a19c3450ab7a7cc8b3dc589ebff86d1c74,"{""distance"":5,""physical_error_rate"":0.0001}","{""detection_events"":335,""detectors_checked"":1044480}"
       352,         0,         0,   0.113,decoder_by_matrix,0421d486f8a041838688df650e87c0a19c3450ab7a7cc8b3dc589ebff86d1c74,"{""distance"":5,""physical_error_rate"":0.0001}","{""detectors_checked"":59840}"
      5120,         0,         0,   0.428,decoder_by_matrix,0421d486f8a041838688df650e87c0a19c3450ab7a7cc8b3dc589ebff86d1c74,"{""distance"":5,""physical_error_rate"":0.0001}","{""detection_events"":375,""detectors_checked"":870400}"
      6144,         0,         0,   0.666,decoder_by_matrix,0421d486f8a041838688df650e87c0a19c3450ab7a7cc8b3dc589ebff86d1c74,"{""distance"":5,""physical_error_rate"":0.0001}","{""detection_events"":285,""detectors_checked"":1044480}"
      6144,         0,         0,   0.681,decoder_by_matrix,0421d486f8a041838688df650e87c0a19c3450ab7a7cc8b3dc589ebff86d1c74,"{""distance"":5,""physical_error_rate"":0.0001}","{""detection_events"":340,""detectors_checked"":1044480}"
      5696,         0,         0,   0.725,decoder_by_matrix,0421d486f8a041838688df650e87c0a19c3450ab7a7cc8b3dc589ebff86d1c74,"{""distance"":5,""physical_error_rate"":0.0001}","{""detection_events"":460,""detectors_checked"":968320}"
      6220,         0,         0,   0.800,decoder_by_matrix,0421d486f8a041838688df650e87c0a19c3450ab7a7cc8b3dc589ebff86d1c74,"{""distance"":5,""physical_error_rate"":0.0001}","{""detection_events"":375,""detectors_checked"":1057400}"
       375,         0,         0,   0.069,decoder_by_matrix,0421d486f8a041838688df650e87c0a19c3450ab7a7cc8b3dc589ebff86d1c74,"{""distance"":5,""physical_error_rate"":0.0001}","{""detection_events"":50,""detectors_checked"":63750}"
      4950,         0,         0,   0.522,decoder_by_matrix,0421d486f8a041838688df650e87c0a19c3450ab7a7cc8b3dc589ebff86d1c74,"{""distance"":5,""physical_error_rate"":0.0001}","{""detection_events"":125,""detectors_checked"":841500}"
      4950,         0,         0,   0.453,decoder_by_matrix,0421d486f8a041838688df650e87c0a19c3450ab7a7cc8b3dc589ebff86d1c74,"{""distance"":5,""physical_error_rate"":0.0001}","{""detection_events"":135,""detectors_checked"":841500}"
      5120,         0,         0,   0.554,decoder_by_matrix,0421d486f8a041838688df650e87c0a19c3450ab7a7cc8b3dc589ebff86d1c74,"{""distance"":5,""physical_error_rate"":0.0001}","{""detection_events"":245,""detectors_checked"":870400}"
       576,         0,         0,   0.065,decoder_by_matrix,0421d486f8a041838688df650e87c0a19c3450ab7a7cc8b3dc589ebff86d1c74,"{""distance"":5,""physical_error_rate"":0.0001}","{""detectors_checked"":97920}"
        76,         0,         0,   0.082,decoder_by_matrix,0421d486f8a041838688df650e87c0a19c3450ab7a7cc8b3dc589ebff86d1c74,"{""distance"":5,""physical_error_rate"":0.0001}","{""detectors_checked"":12920}"
        76,         0,         0,   0.099,decoder_by_matrix,0421d486f8a041838688df650e87c0a19c3450ab7a7cc8b3dc589ebff86d1c74,"{""distance"":5,""physical_error_rate"":0.0001}","{""detection_events"":10,""detectors_checked"":12920}"
      4950,         0,         0,   0.548,decoder_by_matrix,0421d486f8a041838688df650e87c0a19c3450ab7a7cc8b3dc589ebff86d1c74,"{""distance"":5,""physical_error_rate"":0.0001}","{""detection_events"":320,""detectors_checked"":841500}"
      3100,         0,         0,   0.370,decoder_by_matrix,0421d486f8a041838688df650e87c0a19c3450ab7a7cc8b3dc589ebff86d1c74,"{""distance"":5,""physical_error_rate"":0.0001}","{""detection_events"":285,""detectors_checked"":527000}"
      3100,         0,         0,   0.419,decoder_by_matrix,0421d486f8a041838688df650e87c0a19c3450ab7a7cc8b3dc589ebff86d1c74,"{""distance"":5,""physical_error_rate"":0.0001}","{""detection_events"":275,""detectors_checked"":527000}"
      2600,         0,         0,   0.304,decoder_by_matrix,0421d486f8a041838688df650e87c0a19c3450ab7a7cc8b3dc589ebff86d1c74,"{""distance"":5,""physical_error_rate"":0.0001}","{""detection_events"":55,""detectors_checked"":442000}"
       141,         0,         0,   0.078,decoder_by_matrix,0421d486f8a041838688df650e87c0a19c3450ab7a7cc8b3dc589ebff86d1c74,"{""distance"":5,""physical_error_rate"":0.0001}","{""detectors_checked"":23970}"
       576,         0,         0,   0.088,decoder_by_matrix,0421d486f8a041838688df650e87c0a19c3450ab7a7cc8b3dc589ebff86d1c74,"{""distance"":5,""physical_error_rate"":0.0001}","{""detection_events"":50,""detectors_checked"":97920}"
       124,         0,         0,   0.082,decoder_by_matrix,0421d486f8a041838688df650e87c0a19c3450ab7a7cc8b3dc589ebff86d1c74,"{""distance"":5,""physical_error_rate"":0.0001}","{""detection_events"":5,""detectors_checked"":21080}"
      1270,         0,         0,   0.152,decoder_by_matrix,0421d486f8a041838688df650e87c0a19c3450ab7a7cc8b3dc589ebff86d1c74,"{""distance"":5,""physical_error_rate"":0.0001}","{""detection_events"":70,""detectors_checked"":215900}"
        64,         0,         0,   0.075,decoder_by_matrix,0421d486f8a041838688df650e87c0a19c3450ab7a7cc8b3dc589ebff86d1c74,"{""distance"":5,""physical_error_rate"":0.0001}","{""detectors_checked"":10880}"
      2379,         0,         0,   0.339,decoder_by_matrix,0421d486f8a041838688df650e87c0a19c3450ab7a7cc8b3dc589ebff86d1c74,"{""distance"":5,""physical_error_rate"":0.0001}","{""detection_events"":90,""detectors_checked"":404430}"
      2070,         0,         0,   0.250,decoder_by_matrix,0421d486f8a041838688df650e87c0a19c3450ab7a7cc8b3dc589ebff86d1c74,"{""distance"":5,""physical_error_rate"":0.0001}","{""detection_events"":140,""detectors_checked"":351900}"
        71,         0,         0,   0.044,decoder_by_matrix,0421d486f8a041838688df650e87c0a19c3450ab7a7cc8b3dc589ebff86d1c74,"{""distance"":5,""physical_error_rate"":0.0001}","{""detection_events"":10,""detectors_checked"":12070}"
      1270,         0,         0,   0.181,decoder_by_matrix,0421d486f8a041838688df650e87c0a19c3450ab7a7cc8b3dc589ebff86d1c74,"{""distance"":5,""physical_error_rate"":0.0001}","{""detection_events"":100,""detectors_checked"":215900}"
      1395,         0,         0,   0.136,decoder_by_matrix,0421d486f8a041838688df650e87c0a19c3450ab7a7cc8b3dc589ebff86d1c74,"{""distance"":5,""physical_error_rate"":0.0001}","{""detection_events"":65,""detectors_checked"":237150}"
        40,         0,         0,   0.044,decoder_by_matrix,0421d486f8a041838688df650e87c0a19c3450ab7a7cc8b3dc589ebff86d1c74,"{""distance"":5,""physical_error_rate"":0.0001}","{""detectors_checked"":6800}"
      1395,         0,         0,   0.197,decoder_by_matrix,0421d486f8a041838688df650e87c0a19c3450ab7a7cc8b3dc589ebff86d1c74,"{""distance"":5,""physical_error_rate"":0.0001}","{""detection_events"":25,""detectors_checked"":237150}"
       642,         0,         0,   0.085,decoder_by_matrix,0421d486f8a041838688df650e87c0a19c3450ab7a7cc8b3dc589ebff86d1c74,"{""distance"":5,""physical_error_rate"":0.0001}","{""detection_events"":25,""detectors_checked"":109140}"
      2070,         0,         0,   0.341,decoder_by_matrix,0421d486f8a041838688df650e87c0a19c3450ab7a7cc8b3dc589ebff86d1c74,"{""distance"":5,""physical_error_rate"":0.0001}","{""detection_events"":125,""detectors_checked"":351900}"
    813056,         0,         0,    93.5,decoder_by_matrix,b84cf4b8ca220d31f17e1e2ea9ab927bbc4176b15682c650e7d1dd8f2758172b,"{""distance"":5,""physical_error_rate"":0.0005}","{""detection_events"":228585,""detectors_checked"":138219520}"
    801792,         0,         0,    94.1,decoder_by_matrix,b84cf4b8ca220d31f17e1e2ea9ab927bbc4176b15682c650e7d1dd8f2758172b,"{""distance"":5,""physical_error_rate"":0.0005}","{""detection_events"":227665,""detectors_checked"":136304640}"
         1,         0,         0,   0.054,decoder_by_matrix,066a5d8d46981b593c3dec855f441edbe9e755a8873183448f69d036a2ecc650,"{""distance"":5,""physical_error_rate"":0.001}","{""detectors_checked"":170}"
    502784,         1,         0,    44.9,decoder_by_matrix,066a5d8d46981b593c3dec855f441edbe9e755a8873183448f69d036a2ecc650,"{""distance"":5,""physical_error_rate"":0.001}","{""detection_events"":283435,""detectors_checked"":85473280,""obs_mistake_mask=_E__"":1}"
         1,         0,         0,   0.068,decoder_by_matrix,b84cf4b8ca220d31f17e1e2ea9ab927bbc4176b15682c650e7d1dd8f2758172b,"{""distance"":5,""physical_error_rate"":0.0005}","{""detectors_checked"":170}"
         1,         0,         0,   0.100,decoder_by_matrix,066a5d8d46981b593c3dec855f441edbe9e755a8873183448f69d036a2ecc650,"{""distance"":5,""physical_error_rate"":0.001}","{""detectors_checked"":170}"
         1,         0,         0,   0.107,decoder_by_matrix,b84cf4b8ca220d31f17e1e2ea9ab927bbc4176b15682c650e7d1dd8f2758172b,"{""distance"":5,""physical_error_rate"":0.0005}","{""detectors_checked"":170}"
    848896,         0,         0,    95.3,decoder_by_matrix,b84cf4b8ca220d31f17e1e2ea9ab927bbc4176b15682c650e7d1dd8f2758172b,"{""distance"":5,""physical_error_rate"":0.0005}","{""detection_events"":238760,""detectors_checked"":144312320}"
         1,         0,         0,   0.080,decoder_by_matrix,066a5d8d46981b593c3dec855f441edbe9e755a8873183448f69d036a2ecc650,"{""distance"":5,""physical_error_rate"":0.001}","{""detection_events"":45,""detectors_checked"":170}"
    448512,         0,         0,    44.7,decoder_by_matrix,b84cf4b8ca220d31f17e1e2ea9ab927bbc4176b15682c650e7d1dd8f2758172b,"{""distance"":5,""physical_error_rate"":0.0005}","{""detection_events"":126955,""detectors_checked"":76247040}"
         1,         0,         0,   0.097,decoder_by_matrix,066a5d8d46981b593c3dec855f441edbe9e755a8873183448f69d036a2ecc650,"{""distance"":5,""physical_error_rate"":0.001}","{""detectors_checked"":170}"
         1,         0,         0,   0.118,decoder_by_matrix,b84cf4b8ca220d31f17e1e2ea9ab927bbc4176b15682c650e7d1dd8f2758172b,"{""distance"":5,""physical_error_rate"":0.0005}","{""detectors_checked"":170}"
         1,         0,         0,   0.084,decoder_by_matrix,066a5d8d46981b593c3dec855f441edbe9e755a8873183448f69d036a2ecc650,"{""distance"":5,""physical_error_rate"":0.001}","{""detectors_checked"":170}"
         1,         0,         0,   0.119,decoder_by_matrix,b84cf4b8ca220d31f17e1e2ea9ab927bbc4176b15682c650e7d1dd8f2758172b,"{""distance"":5,""physical_error_rate"":0.0005}","{""detectors_checked"":170}"
         1,         0,         0,   0.096,decoder_by_matrix,066a5d8d46981b593c3dec855f441edbe9e755a8873183448f69d036a2ecc650,"{""distance"":5,""physical_error_rate"":0.001}","{""detectors_checked"":170}"
         1,         0,         0,   0.089,decoder_by_matrix,b84cf4b8ca220d31f17e1e2ea9ab927bbc4176b15682c650e7d1dd8f2758172b,"{""distance"":5,""physical_error_rate"":0.0005}","{""detectors_checked"":170}"
         1,         0,         0,   0.103,decoder_by_matrix,b84cf4b8ca220d31f17e1e2ea9ab927bbc4176b15682c650e7d1dd8f2758172b,"{""distance"":5,""physical_error_rate"":0.0005}","{""detectors_checked"":170}"
         1,         0,         0,   0.108,decoder_by_matrix,b84cf4b8ca220d31f17e1e2ea9ab927bbc4176b15682c650e7d1dd8f2758172b,"{""distance"":5,""physical_error_rate"":0.0005}","{""detectors_checked"":170}"
         8,         0,         0,   0.079,decoder_by_matrix,066a5d8d46981b593c3dec855f441edbe9e755a8873183448f69d036a2ecc650,"{""distance"":5,""physical_error_rate"":0.001}","{""detectors_checked"":1360}"
         1,         0,         0,   0.115,decoder_by_matrix,066a5d8d46981b593c3dec855f441edbe9e755a8873183448f69d036a2ecc650,"{""distance"":5,""physical_error_rate"":0.001}","{""detectors_checked"":170}"
         1,         0,         0,   0.107,decoder_by_matrix,b84cf4b8ca220d31f17e1e2ea9ab927bbc4176b15682c650e7d1dd8f2758172b,"{""distance"":5,""physical_error_rate"":0.0005}","{""detectors_checked"":170}"
         1,         0,         0,   0.093,decoder_by_matrix,066a5d8d46981b593c3dec855f441edbe9e755a8873183448f69d036a2ecc650,"{""distance"":5,""physical_error_rate"":0.001}","{""detectors_checked"":170}"
    396288,         0,         0,    44.7,decoder_by_matrix,b84cf4b8ca220d31f17e1e2ea9ab927bbc4176b15682c650e7d1dd8f2758172b,"{""distance"":5,""physical_error_rate"":0.0005}","{""detection_events"":112810,""detectors_checked"":67368960}"
         4,         0,         0,   0.086,decoder_by_matrix,b84cf4b8ca220d31f17e1e2ea9ab927bbc4176b15682c650e7d1dd8f2758172b,"{""distance"":5,""physical_error_rate"":0.0005}","{""detectors_checked"":680}"
         4,         0,         0,   0.099,decoder_by_matrix,066a5d8d46981b593c3dec855f441edbe9e755a8873183448f69d036a2ecc650,"{""distance"":5,""physical_error_rate"":0.001}","{""detectors_checked"":680}"
         4,         0,         0,   0.082,decoder_by_matrix,b84cf4b8ca220d31f17e1e2ea9ab927bbc4176b15682c650e7d1dd8f2758172b,"{""distance"":5,""physical_error_rate"":0.0005}","{""detectors_checked"":680}"
         4,         0,         0,   0.100,decoder_by_matrix,066a5d8d46981b593c3dec855f441edbe9e755a8873183448f69d036a2ecc650,"{""distance"":5,""physical_error_rate"":0.001}","{""detectors_checked"":680}"
         8,         0,         0,   0.113,decoder_by_matrix,b84cf4b8ca220d31f17e1e2ea9ab927bbc4176b15682c650e7d1dd8f2758172b,"{""distance"":5,""physical_error_rate"":0.0005}","{""detection_events"":5,""detectors_checked"":1360}"
         4,         0,         0,   0.107,decoder_by_matrix,b84cf4b8ca220d31f17e1e2ea9ab927bbc4176b15682c650e7d1dd8f2758172b,"{""distance"":5,""physical_error_rate"":0.0005}","{""detectors_checked"":680}"
        32,         0,         0,   0.095,decoder_by_matrix,066a5d8d46981b593c3dec855f441edbe9e755a8873183448f69d036a2ecc650,"{""distance"":5,""physical_error_rate"":0.001}","{""detection_events"":30,""detectors_checked"":5440}"
         4,         0,         0,   0.100,decoder_by_matrix,b84cf4b8ca220d31f17e1e2ea9ab927bbc4176b15682c650e7d1dd8f2758172b,"{""distance"":5,""physical_error_rate"":0.0005}","{""detectors_checked"":680}"
    505856,         0,         0,    44.9,decoder_by_matrix,066a5d8d46981b593c3dec855f441edbe9e755a8873183448f69d036a2ecc650,"{""distance"":5,""physical_error_rate"":0.001}","{""detection_events"":288605,""detectors_checked"":85995520}"
         4,         0,         0,   0.150,decoder_by_matrix,066a5d8d46981b593c3dec855f441edbe9e755a8873183448f69d036a2ecc650,"{""distance"":5,""physical_error_rate"":0.001}","{""detectors_checked"":680}"
         4,         0,         0,   0.111,decoder_by_matrix,b84cf4b8ca220d31f17e1e2ea9ab927bbc4176b15682c650e7d1dd8f2758172b,"{""distance"":5,""physical_error_rate"":0.0005}","{""detectors_checked"":680}"
         4,         0,         0,   0.118,decoder_by_matrix,b84cf4b8ca220d31f17e1e2ea9ab927bbc4176b15682c650e7d1dd8f2758172b,"{""distance"":5,""physical_error_rate"":0.0005}","{""detectors_checked"":680}"
         4,         0,         0,   0.132,decoder_by_matrix,066a5d8d46981b593c3dec855f441edbe9e755a8873183448f69d036a2ecc650,"{""distance"":5,""physical_error_rate"":0.001}","{""detectors_checked"":680}"
         4,         0,         0,   0.133,decoder_by_matrix,066a5d8d46981b593c3dec855f441edbe9e755a8873183448f69d036a2ecc650,"{""distance"":5,""physical_error_rate"":0.001}","{""detectors_checked"":680}"
         4,         0,         0,   0.127,decoder_by_matrix,066a5d8d46981b593c3dec855f441edbe9e755a8873183448f69d036a2ecc650,"{""distance"":5,""physical_error_rate"":0.001}","{""detectors_checked"":680}"
         4,         0,         0,   0.148,decoder_by_matrix,b84cf4b8ca220d31f17e1e2ea9ab927bbc4176b15682c650e7d1dd8f2758172b,"{""distance"":5,""physical_error_rate"":0.0005}","{""detectors_checked"":680}"
    499712,         0,         0,    44.8,decoder_by_matrix,066a5d8d46981b593c3dec855f441edbe9e755a8873183448f69d036a2ecc650,"{""distance"":5,""physical_error_rate"":0.001}","{""detection_events"":277110,""detectors_checked"":84951040}"
        16,         0,         0,   0.086,decoder_by_matrix,b84cf4b8ca220d31f17e1e2ea9ab927bbc4176b15682c650e7d1dd8f2758172b,"{""distance"":5,""physical_error_rate"":0.0005}","{""detectors_checked"":2720}"
         4,         0,         0,   0.146,decoder_by_matrix,066a5d8d46981b593c3dec855f441edbe9e755a8873183448f69d036a2ecc650,"{""distance"":5,""physical_error_rate"":0.001}","{""detectors_checked"":680}"
        16,         0,         0,   0.081,decoder_by_matrix,066a5d8d46981b593c3dec855f441edbe9e755a8873183448f69d036a2ecc650,"{""distance"":5,""physical_error_rate"":0.001}","{""detectors_checked"":2720}"
        16,         0,         0,   0.104,decoder_by_matrix,066a5d8d46981b593c3dec855f441edbe9e755a8873183448f69d036a2ecc650,"{""distance"":5,""physical_error_rate"":0.001}","{""detectors_checked"":2720}"
       128,         0,         0,   0.093,decoder_by_matrix,066a5d8d46981b593c3dec855f441edbe9e755a8873183448f69d036a2ecc650,"{""distance"":5,""physical_error_rate"":0.001}","{""detection_events"":145,""detectors_checked"":21760}"
        32,         0,         0,   0.113,decoder_by_matrix,b84cf4b8ca220d31f17e1e2ea9ab927bbc4176b15682c650e7d1dd8f2758172b,"{""distance"":5,""physical_error_rate"":0.0005}","{""detectors_checked"":5440}"
        16,         0,         0,   0.101,decoder_by_matrix,b84cf4b8ca220d31f17e1e2ea9ab927bbc4176b15682c650e7d1dd8f2758172b,"{""distance"":5,""physical_error_rate"":0.0005}","{""detectors_checked"":2720}"
        16,         0,         0,   0.112,decoder_by_matrix,b84cf4b8ca220d31f17e1e2ea9ab927bbc4176b15682c650e7d1dd8f2758172b,"{""distance"":5,""physical_error_rate"":0.0005}","{""detection_events"":5,""detectors_checked"":2720}"
        16,         0,         0,   0.112,decoder_by_matrix,b84cf4b8ca220d31f17e1e2ea9ab927bbc4176b15682c650e7d1dd8f2758172b,"{""distance"":5,""physical_error_rate"":0.0005}","{""detectors_checked"":2720}"
        16,         0,         0,   0.112,decoder_by_matrix,b84cf4b8ca220d31f17e1e2ea9ab927bbc4176b15682c650e7d1dd8f2758172b,"{""distance"":5,""physical_error_rate"":0.0005}","{""detectors_checked"":2720}"
        16,         0,         0,   0.113,decoder_by_matrix,b84cf4b8ca220d31f17e1e2ea9ab927bbc4176b15682c650e7d1dd8f2758172b,"{""distance"":5,""physical_error_rate"":0.0005}","{""detectors_checked"":2720}"
        64,         0,         0,   0.086,decoder_by_matrix,b84cf4b8ca220d31f17e1e2ea9ab927bbc4176b15682c650e7d1dd8f2758172b,"{""distance"":5,""physical_error_rate"":0.0005}","{""detectors_checked"":10880}"
        64,         0,         0,   0.071,decoder_by_matrix,066a5d8d46981b593c3dec855f441edbe9e755a8873183448f69d036a2ecc650,"{""distance"":5,""physical_error_rate"":0.001}","{""detection_events"":90,""detectors_checked"":10880}"
        16,         0,         0,   0.112,decoder_by_matrix,066a5d8d46981b593c3dec855f441edbe9e755a8873183448f69d036a2ecc650,"{""distance"":5,""physical_error_rate"":0.001}","{""detectors_checked"":2720}"
         8,         0,         0,   0.138,decoder_by_matrix,066a5d8d46981b593c3dec855f441edbe9e755a8873183448f69d036a2ecc650,"{""distance"":5,""physical_error_rate"":0.001}","{""detection_events"":5,""detectors_checked"":1360}"
        16,         0,         0,   0.104,decoder_by_matrix,b84cf4b8ca220d31f17e1e2ea9ab927bbc4176b15682c650e7d1dd8f2758172b,"{""distance"":5,""physical_error_rate"":0.0005}","{""detectors_checked"":2720}"
       512,         0,         0,   0.070,decoder_by_matrix,066a5d8d46981b593c3dec855f441edbe9e755a8873183448f69d036a2ecc650,"{""distance"":5,""physical_error_rate"":0.001}","{""detection_events"":200,""detectors_checked"":87040}"
        16,         0,         0,   0.112,decoder_by_matrix,066a5d8d46981b593c3dec855f441edbe9e755a8873183448f69d036a2ecc650,"{""distance"":5,""physical_error_rate"":0.001}","{""detectors_checked"":2720}"
        16,         0,         0,   0.108,decoder_by_matrix,066a5d8d46981b593c3dec855f441edbe9e755a8873183448f69d036a2ecc650,"{""distance"":5,""physical_error_rate"":0.001}","{""detectors_checked"":2720}"
        64,         0,         0,   0.082,decoder_by_matrix,066a5d8d46981b593c3dec855f441edbe9e755a8873183448f69d036a2ecc650,"{""distance"":5,""physical_error_rate"":0.001}","{""detection_events"":110,""detectors_checked"":10880}"
        16,         0,         0,   0.113,decoder_by_matrix,066a5d8d46981b593c3dec855f441edbe9e755a8873183448f69d036a2ecc650,"{""distance"":5,""physical_error_rate"":0.001}","{""detectors_checked"":2720}"
        64,         0,         0,   0.114,decoder_by_matrix,b84cf4b8ca220d31f17e1e2ea9ab927bbc4176b15682c650e7d1dd8f2758172b,"{""distance"":5,""physical_error_rate"":0.0005}","{""detection_events"":30,""detectors_checked"":10880}"
        64,         0,         0,   0.119,decoder_by_matrix,b84cf4b8ca220d31f17e1e2ea9ab927bbc4176b15682c650e7d1dd8f2758172b,"{""distance"":5,""physical_error_rate"":0.0005}","{""detection_events"":25,""detectors_checked"":10880}"
        64,         0,         0,   0.113,decoder_by_matrix,b84cf4b8ca220d31f17e1e2ea9ab927bbc4176b15682c650e7d1dd8f2758172b,"{""distance"":5,""physical_error_rate"":0.0005}","{""detection_events"":20,""detectors_checked"":10880}"
       512,         0,         0,   0.082,decoder_by_matrix,066a5d8d46981b593c3dec855f441edbe9e755a8873183448f69d036a2ecc650,"{""distance"":5,""physical_error_rate"":0.001}","{""detection_events"":255,""detectors_checked"":87040}"
       128,         0,         0,   0.141,decoder_by_matrix,b84cf4b8ca220d31f17e1e2ea9ab927bbc4176b15682c650e7d1dd8f2758172b,"{""distance"":5,""physical_error_rate"":0.0005}","{""detection_events"":10,""detectors_checked"":21760}"
        64,         0,         0,   0.112,decoder_by_matrix,b84cf4b8ca220d31f17e1e2ea9ab927bbc4176b15682c650e7d1dd8f2758172b,"{""distance"":5,""physical_error_rate"":0.0005}","{""detectors_checked"":10880}"
        64,         0,         0,   0.084,decoder_by_matrix,b84cf4b8ca220d31f17e1e2ea9ab927bbc4176b15682c650e7d1dd8f2758172b,"{""distance"":5,""physical_error_rate"":0.0005}","{""detection_events"":60,""detectors_checked"":10880}"
       256,         0,         0,   0.070,decoder_by_matrix,066a5d8d46981b593c3dec855f441edbe9e755a8873183448f69d036a2ecc650,"{""distance"":5,""physical_error_rate"":0.001}","{""detection_events"":105,""detectors_checked"":43520}"
        64,         0,         0,   0.070,decoder_by_matrix,066a5d8d46981b593c3dec855f441edbe9e755a8873183448f69d036a2ecc650,"{""distance"":5,""physical_error_rate"":0.001}","{""detectors_checked"":10880}"
        32,         0,         0,   0.084,decoder_by_matrix,066a5d8d46981b593c3dec855f441edbe9e755a8873183448f69d036a2ecc650,"{""distance"":5,""physical_error_rate"":0.001}","{""detectors_checked"":5440}"
        64,         0,         0,   0.098,decoder_by_matrix,066a5d8d46981b593c3dec855f441edbe9e755a8873183448f69d036a2ecc650,"{""distance"":5,""physical_error_rate"":0.001}","{""detection_events"":60,""detectors_checked"":10880}"
      1024,         0,         0,   0.086,decoder_by_matrix,066a5d8d46981b593c3dec855f441edbe9e755a8873183448f69d036a2ecc650,"{""distance"":5,""physical_error_rate"":0.001}","{""detection_events"":565,""detectors_checked"":174080}"
       256,         0,         0,   0.091,decoder_by_matrix,b84cf4b8ca220d31f17e1e2ea9ab927bbc4176b15682c650e7d1dd8f2758172b,"{""distance"":5,""physical_error_rate"":0.0005}","{""detection_events"":60,""detectors_checked"":43520}"
        64,         0,         0,   0.122,decoder_by_matrix,b84cf4b8ca220d31f17e1e2ea9ab927bbc4176b15682c650e7d1dd8f2758172b,"{""distance"":5,""physical_error_rate"":0.0005}","{""detection_events"":10,""detectors_checked"":10880}"
        64,         0,         0,   0.100,decoder_by_matrix,066a5d8d46981b593c3dec855f441edbe9e755a8873183448f69d036a2ecc650,"{""distance"":5,""physical_error_rate"":0.001}","{""detection_events"":65,""detectors_checked"":10880}"
        64,         0,         0,   0.084,decoder_by_matrix,066a5d8d46981b593c3dec855f441edbe9e755a8873183448f69d036a2ecc650,"{""distance"":5,""physical_error_rate"":0.001}","{""detection_events"":30,""detectors_checked"":10880}"
       256,         0,         0,   0.089,decoder_by_matrix,b84cf4b8ca220d31f17e1e2ea9ab927bbc4176b15682c650e7d1dd8f2758172b,"{""distance"":5,""physical_error_rate"":0.0005}","{""detection_events"":45,""detectors_checked"":43520}"
       256,         0,         0,   0.086,decoder_by_matrix,b84cf4b8ca220d31f17e1e2ea9ab927bbc4176b15682c650e7d1dd8f2758172b,"{""distance"":5,""physical_error_rate"":0.0005}","{""detection_events"":30,""detectors_checked"":43520}"
       256,         0,         0,   0.086,decoder_by_matrix,b84cf4b8ca220d31f17e1e2ea9ab927bbc4176b15682c650e7d1dd8f2758172b,"{""distance"":5,""physical_error_rate"":0.0005}","{""detection_events"":145,""detectors_checked"":43520}"
       256,         0,         0,   0.104,decoder_by_matrix,066a5d8d46981b593c3dec855f441edbe9e755a8873183448f69d036a2ecc650,"{""distance"":5,""physical_error_rate"":0.001}","{""detection_events"":150,""detectors_checked"":43520}"
      1024,         0,         0,   0.075,decoder_by_matrix,b84cf4b8ca220d31f17e1e2ea9ab927bbc4176b15682c650e7d1dd8f2758172b,"{""distance"":5,""physical_error_rate"":0.0005}","{""detection_events"":335,""detectors_checked"":174080}"
      1024,         0,         0,   0.096,decoder_by_matrix,066a5d8d46981b593c3dec855f441edbe9e755a8873183448f69d036a2ecc650,"{""distance"":5,""physical_error_rate"":0.001}","{""detection_events"":470,""detectors_checked"":174080}"
       256,         0,         0,   0.093,decoder_by_matrix,b84cf4b8ca220d31f17e1e2ea9ab927bbc4176b15682c650e7d1dd8f2758172b,"{""distance"":5,""physical_error_rate"":0.0005}","{""detection_events"":30,""detectors_checked"":43520}"
       128,         0,         0,   0.114,decoder_by_matrix,066a5d8d46981b593c3dec855f441edbe9e755a8873183448f69d036a2ecc650,"{""distance"":5,""physical_error_rate"":0.001}","{""detection_events"":10,""detectors_checked"":21760}"
    480256,         0,         0,    44.9,decoder_by_matrix,b84cf4b8ca220d31f17e1e2ea9ab927bbc4176b15682c650e7d1dd8f2758172b,"{""distance"":5,""physical_error_rate"":0.0005}","{""detection_events"":137680,""detectors_checked"":81643520}"
       256,         0,         0,   0.086,decoder_by_matrix,b84cf4b8ca220d31f17e1e2ea9ab927bbc4176b15682c650e7d1dd8f2758172b,"{""distance"":5,""physical_error_rate"":0.0005}","{""detection_events"":40,""detectors_checked"":43520}"
       512,         0,         0,   0.107,decoder_by_matrix,b84cf4b8ca220d31f17e1e2ea9ab927bbc4176b15682c650e7d1dd8f2758172b,"{""distance"":5,""physical_error_rate"":0.0005}","{""detection_events"":115,""detectors_checked"":87040}"
      1024,         0,         0,   0.124,decoder_by_matrix,066a5d8d46981b593c3dec855f441edbe9e755a8873183448f69d036a2ecc650,"{""distance"":5,""physical_error_rate"":0.001}","{""detection_events"":675,""detectors_checked"":174080}"
      1024,         0,         0,   0.092,decoder_by_matrix,066a5d8d46981b593c3dec855f441edbe9e755a8873183448f69d036a2ecc650,"{""distance"":5,""physical_error_rate"":0.001}","{""detection_events"":535,""detectors_checked"":174080}"
       512,         0,         0,   0.116,decoder_by_matrix,066a5d8d46981b593c3dec855f441edbe9e755a8873183448f69d036a2ecc650,"{""distance"":5,""physical_error_rate"":0.001}","{""detection_events"":340,""detectors_checked"":87040}"
    374784,         0,         0,    44.8,decoder_by_matrix,066a5d8d46981b593c3dec855f441edbe9e755a8873183448f69d036a2ecc650,"{""distance"":5,""physical_error_rate"":0.001}","{""detection_events"":212655,""detectors_checked"":63713280}"
       256,         0,         0,   0.147,decoder_by_matrix,b84cf4b8ca220d31f17e1e2ea9ab927bbc4176b15682c650e7d1dd8f2758172b,"{""distance"":5,""physical_error_rate"":0.0005}","{""detection_events"":190,""detectors_checked"":43520}"
       256,         0,         0,   0.107,decoder_by_matrix,066a5d8d46981b593c3dec855f441edbe9e755a8873183448f69d036a2ecc650,"{""distance"":5,""physical_error_rate"":0.001}","{""detection_events"":150,""detectors_checked"":43520}"
    497664,         0,         0,    44.8,decoder_by_matrix,b84cf4b8ca220d31f17e1e2ea9ab927bbc4176b15682c650e7d1dd8f2758172b,"{""distance"":5,""physical_error_rate"":0.0005}","{""detection_events"":142550,""detectors_checked"":84602880}"
       256,         0,         0,   0.117,decoder_by_matrix,066a5d8d46981b593c3dec855f441edbe9e755a8873183448f69d036a2ecc650,"{""distance"":5,""physical_error_rate"":0.001}","{""detection_events"":150,""detectors_checked"":43520}"
      1024,         0,         0,   0.105,decoder_by_matrix,b84cf4b8ca220d31f17e1e2ea9ab927bbc4176b15682c650e7d1dd8f2758172b,"{""distance"":5,""physical_error_rate"":0.0005}","{""detection_events"":445,""detectors_checked"":174080}"
      1024,         0,         0,   0.064,decoder_by_matrix,066a5d8d46981b593c3dec855f441edbe9e755a8873183448f69d036a2ecc650,"{""distance"":5,""physical_error_rate"":0.001}","{""detection_events"":805,""detectors_checked"":174080}"
      1024,         0,         0,   0.075,decoder_by_matrix,066a5d8d46981b593c3dec855f441edbe9e755a8873183448f69d036a2ecc650,"{""distance"":5,""physical_error_rate"":0.001}","{""detection_events"":315,""detectors_checked"":174080}"
      1024,         0,         0,   0.100,decoder_by_matrix,b84cf4b8ca220d31f17e1e2ea9ab927bbc4176b15682c650e7d1dd8f2758172b,"{""distance"":5,""physical_error_rate"":0.0005}","{""detection_events"":225,""detectors_checked"":174080}"
      1024,         0,         0,   0.114,decoder_by_matrix,066a5d8d46981b593c3dec855f441edbe9e755a8873183448f69d036a2ecc650,"{""distance"":5,""physical_error_rate"":0.001}","{""detection_events"":735,""detectors_checked"":174080}"
      1024,         0,         0,   0.082,decoder_by_matrix,b84cf4b8ca220d31f17e1e2ea9ab927bbc4176b15682c650e7d1dd8f2758172b,"{""distance"":5,""physical_error_rate"":0.0005}","{""detection_events"":370,""detectors_checked"":174080}"
      1024,         0,         0,   0.100,decoder_by_matrix,b84cf4b8ca220d31f17e1e2ea9ab927bbc4176b15682c650e7d1dd8f2758172b,"{""distance"":5,""physical_error_rate"":0.0005}","{""detection_events"":245,""detectors_checked"":174080}"
      1024,         0,         0,   0.114,decoder_by_matrix,066a5d8d46981b593c3dec855f441edbe9e755a8873183448f69d036a2ecc650,"{""distance"":5,""physical_error_rate"":0.001}","{""detection_events"":730,""detectors_checked"":174080}"
       512,         0,         0,   0.092,decoder_by_matrix,066a5d8d46981b593c3dec855f441edbe9e755a8873183448f69d036a2ecc650,"{""distance"":5,""physical_error_rate"":0.001}","{""detection_events"":150,""detectors_checked"":87040}"
      1024,         0,         0,   0.117,decoder_by_matrix,b84cf4b8ca220d31f17e1e2ea9ab927bbc4176b15682c650e7d1dd8f2758172b,"{""distance"":5,""physical_error_rate"":0.0005}","{""detection_events"":290,""detectors_checked"":174080}"
      1024,         0,         0,   0.119,decoder_by_matrix,b84cf4b8ca220d31f17e1e2ea9ab927bbc4176b15682c650e7d1dd8f2758172b,"{""distance"":5,""physical_error_rate"":0.0005}","{""detection_events"":145,""detectors_checked"":174080}"
      1024,         0,         0,   0.116,decoder_by_matrix,b84cf4b8ca220d31f17e1e2ea9ab927bbc4176b15682c650e7d1dd8f2758172b,"{""distance"":5,""physical_error_rate"":0.0005}","{""detection_events"":360,""detectors_checked"":174080}"
      1024,         0,         0,   0.076,decoder_by_matrix,b84cf4b8ca220d31f17e1e2ea9ab927bbc4176b15682c650e7d1dd8f2758172b,"{""distance"":5,""physical_error_rate"":0.0005}","{""detection_events"":320,""detectors_checked"":174080}"
      1024,         0,         0,   0.136,decoder_by_matrix,b84cf4b8ca220d31f17e1e2ea9ab927bbc4176b15682c650e7d1dd8f2758172b,"{""distance"":5,""physical_error_rate"":0.0005}","{""detection_events"":340,""detectors_checked"":174080}"
      1024,         0,         0,   0.109,decoder_by_matrix,066a5d8d46981b593c3dec855f441edbe9e755a8873183448f69d036a2ecc650,"{""distance"":5,""physical_error_rate"":0.001}","{""detection_events"":605,""detectors_checked"":174080}"
      1024,         0,         0,   0.110,decoder_by_matrix,066a5d8d46981b593c3dec855f441edbe9e755a8873183448f69d036a2ecc650,"{""distance"":5,""physical_error_rate"":0.001}","{""detection_events"":510,""detectors_checked"":174080}"
      1024,         0,         0,   0.110,decoder_by_matrix,066a5d8d46981b593c3dec855f441edbe9e755a8873183448f69d036a2ecc650,"{""distance"":5,""physical_error_rate"":0.001}","{""detection_events"":515,""detectors_checked"":174080}"
      2048,         0,         0,   0.195,decoder_by_matrix,066a5d8d46981b593c3dec855f441edbe9e755a8873183448f69d036a2ecc650,"{""distance"":5,""physical_error_rate"":0.001}","{""detection_events"":1355,""detectors_checked"":348160}"
      1024,         0,         0,   0.106,decoder_by_matrix,b84cf4b8ca220d31f17e1e2ea9ab927bbc4176b15682c650e7d1dd8f2758172b,"{""distance"":5,""physical_error_rate"":0.0005}","{""detection_events"":120,""detectors_checked"":174080}"
      1024,         0,         0,   0.115,decoder_by_matrix,b84cf4b8ca220d31f17e1e2ea9ab927bbc4176b15682c650e7d1dd8f2758172b,"{""distance"":5,""physical_error_rate"":0.0005}","{""detection_events"":375,""detectors_checked"":174080}"
      1024,         0,         0,   0.115,decoder_by_matrix,066a5d8d46981b593c3dec855f441edbe9e755a8873183448f69d036a2ecc650,"{""distance"":5,""physical_error_rate"":0.001}","{""detection_events"":970,""detectors_checked"":174080}"
      1024,         0,         0,   0.115,decoder_by_matrix,b84cf4b8ca220d31f17e1e2ea9ab927bbc4176b15682c650e7d1dd8f2758172b,"{""distance"":5,""physical_error_rate"":0.0005}","{""detection_events"":530,""detectors_checked"":174080}"
      1024,         0,         0,   0.115,decoder_by_matrix,b84cf4b8ca220d31f17e1e2ea9ab927bbc4176b15682c650e7d1dd8f2758172b,"{""distance"":5,""physical_error_rate"":0.0005}","{""detection_events"":255,""detectors_checked"":174080}"
      1024,         0,         0,   0.114,decoder_by_matrix,b84cf4b8ca220d31f17e1e2ea9ab927bbc4176b15682c650e7d1dd8f2758172b,"{""distance"":5,""physical_error_rate"":0.0005}","{""detection_events"":440,""detectors_checked"":174080}"
      1024,         0,         0,   0.136,decoder_by_matrix,066a5d8d46981b593c3dec855f441edbe9e755a8873183448f69d036a2ecc650,"{""distance"":5,""physical_error_rate"":0.001}","{""detection_events"":630,""detectors_checked"":174080}"
      1024,         0,         0,   0.114,decoder_by_matrix,b84cf4b8ca220d31f17e1e2ea9ab927bbc4176b15682c650e7d1dd8f2758172b,"{""distance"":5,""physical_error_rate"":0.0005}","{""detection_events"":170,""detectors_checked"":174080}"
      1024,         0,         0,   0.137,decoder_by_matrix,066a5d8d46981b593c3dec855f441edbe9e755a8873183448f69d036a2ecc650,"{""distance"":5,""physical_error_rate"":0.001}","{""detection_events"":560,""detectors_checked"":174080}"
      1024,         0,         0,   0.114,decoder_by_matrix,066a5d8d46981b593c3dec855f441edbe9e755a8873183448f69d036a2ecc650,"{""distance"":5,""physical_error_rate"":0.001}","{""detection_events"":645,""detectors_checked"":174080}"
      2048,         0,         0,   0.188,decoder_by_matrix,066a5d8d46981b593c3dec855f441edbe9e755a8873183448f69d036a2ecc650,"{""distance"":5,""physical_error_rate"":0.001}","{""detection_events"":1220,""detectors_checked"":348160}"
      1024,         0,         0,   0.113,decoder_by_matrix,066a5d8d46981b593c3dec855f441edbe9e755a8873183448f69d036a2ecc650,"{""distance"":5,""physical_error_rate"":0.001}","{""detection_events"":565,""detectors_checked"":174080}"
      2048,         0,         0,   0.184,decoder_by_matrix,b84cf4b8ca220d31f17e1e2ea9ab927bbc4176b15682c650e7d1dd8f2758172b,"{""distance"":5,""physical_error_rate"":0.0005}","{""detection_events"":650,""detectors_checked"":348160}"
      2048,         0,         0,   0.186,decoder_by_matrix,b84cf4b8ca220d31f17e1e2ea9ab927bbc4176b15682c650e7d1dd8f2758172b,"{""distance"":5,""physical_error_rate"":0.0005}","{""detection_events"":505,""detectors_checked"":348160}"
      1024,         0,         0,   0.114,decoder_by_matrix,b84cf4b8ca220d31f17e1e2ea9ab927bbc4176b15682c650e7d1dd8f2758172b,"{""distance"":5,""physical_error_rate"":0.0005}","{""detection_events"":280,""detectors_checked"":174080}"
      1024,         0,         0,   0.113,decoder_by_matrix,b84cf4b8ca220d31f17e1e2ea9ab927bbc4176b15682c650e7d1dd8f2758172b,"{""distance"":5,""physical_error_rate"":0.0005}","{""detection_events"":205,""detectors_checked"":174080}"
      1024,         0,         0,   0.115,decoder_by_matrix,066a5d8d46981b593c3dec855f441edbe9e755a8873183448f69d036a2ecc650,"{""distance"":5,""physical_error_rate"":0.001}","{""detection_events"":520,""detectors_checked"":174080}"
      1024,         0,         0,   0.114,decoder_by_matrix,b84cf4b8ca220d31f17e1e2ea9ab927bbc4176b15682c650e7d1dd8f2758172b,"{""distance"":5,""physical_error_rate"":0.0005}","{""detection_events"":290,""detectors_checked"":174080}"
      1024,         0,         0,   0.115,decoder_by_matrix,b84cf4b8ca220d31f17e1e2ea9ab927bbc4176b15682c650e7d1dd8f2758172b,"{""distance"":5,""physical_error_rate"":0.0005}","{""detection_events"":290,""detectors_checked"":174080}"
      1024,         0,         0,   0.114,decoder_by_matrix,066a5d8d46981b593c3dec855f441edbe9e755a8873183448f69d036a2ecc650,"{""distance"":5,""physical_error_rate"":0.001}","{""detection_events"":530,""detectors_checked"":174080}"
      1024,         0,         0,   0.113,decoder_by_matrix,b84cf4b8ca220d31f17e1e2ea9ab927bbc4176b15682c650e7d1dd8f2758172b,"{""distance"":5,""physical_error_rate"":0.0005}","{""detection_events"":320,""detectors_checked"":174080}"
      1024,         0,         0,   0.115,decoder_by_matrix,066a5d8d46981b593c3dec855f441edbe9e755a8873183448f69d036a2ecc650,"{""distance"":5,""physical_error_rate"":0.001}","{""detection_events"":615,""detectors_checked"":174080}"
      1024,         0,         0,   0.136,decoder_by_matrix,b84cf4b8ca220d31f17e1e2ea9ab927bbc4176b15682c650e7d1dd8f2758172b,"{""distance"":5,""physical_error_rate"":0.0005}","{""detection_events"":225,""detectors_checked"":174080}"
      1024,         0,         0,   0.115,decoder_by_matrix,066a5d8d46981b593c3dec855f441edbe9e755a8873183448f69d036a2ecc650,"{""distance"":5,""physical_error_rate"":0.001}","{""detection_events"":675,""detectors_checked"":174080}"
      2048,         0,         0,   0.187,decoder_by_matrix,066a5d8d46981b593c3dec855f441edbe9e755a8873183448f69d036a2ecc650,"{""distance"":5,""physical_error_rate"":0.001}","{""detection_events"":1000,""detectors_checked"":348160}"
      2048,         0,         0,   0.195,decoder_by_matrix,066a5d8d46981b593c3dec855f441edbe9e755a8873183448f69d036a2ecc650,"{""distance"":5,""physical_error_rate"":0.001}","{""detection_events"":1505,""detectors_checked"":348160}"
      1024,         0,         0,   0.115,decoder_by_matrix,066a5d8d46981b593c3dec855f441edbe9e755a8873183448f69d036a2ecc650,"{""distance"":5,""physical_error_rate"":0.001}","{""detection_events"":490,""detectors_checked"":174080}"
      2048,         0,         0,   0.177,decoder_by_matrix,066a5d8d46981b593c3dec855f441edbe9e755a8873183448f69d036a2ecc650,"{""distance"":5,""physical_error_rate"":0.001}","{""detection_events"":1410,""detectors_checked"":348160}"
      2048,         0,         0,   0.199,decoder_by_matrix,b84cf4b8ca220d31f17e1e2ea9ab927bbc4176b15682c650e7d1dd8f2758172b,"{""distance"":5,""physical_error_rate"":0.0005}","{""detection_events"":755,""detectors_checked"":348160}"
      2048,         0,         0,   0.197,decoder_by_matrix,b84cf4b8ca220d31f17e1e2ea9ab927bbc4176b15682c650e7d1dd8f2758172b,"{""distance"":5,""physical_error_rate"":0.0005}","{""detection_events"":610,""detectors_checked"":348160}"
      2048,         0,         0,   0.225,decoder_by_matrix,b84cf4b8ca220d31f17e1e2ea9ab927bbc4176b15682c650e7d1dd8f2758172b,"{""distance"":5,""physical_error_rate"":0.0005}","{""detection_events"":410,""detectors_checked"":348160}"
      2048,         0,         0,   0.251,decoder_by_matrix,b84cf4b8ca220d31f17e1e2ea9ab927bbc4176b15682c650e7d1dd8f2758172b,"{""distance"":5,""physical_error_rate"":0.0005}","{""detection_events"":585,""detectors_checked"":348160}"
      2048,         0,         0,   0.251,decoder_by_matrix,b84cf4b8ca220d31f17e1e2ea9ab927bbc4176b15682c650e7d1dd8f2758172b,"{""distance"":5,""physical_error_rate"":0.0005}","{""detection_events"":545,""detectors_checked"":348160}"
      2048,         0,         0,   0.254,decoder_by_matrix,066a5d8d46981b593c3dec855f441edbe9e755a8873183448f69d036a2ecc650,"{""distance"":5,""physical_error_rate"":0.001}","{""detection_events"":1105,""detectors_checked"":348160}"
      2048,         0,         0,   0.250,decoder_by_matrix,b84cf4b8ca220d31f17e1e2ea9ab927bbc4176b15682c650e7d1dd8f2758172b,"{""distance"":5,""physical_error_rate"":0.0005}","{""detection_events"":635,""detectors_checked"":348160}"
      2048,         0,         0,   0.229,decoder_by_matrix,b84cf4b8ca220d31f17e1e2ea9ab927bbc4176b15682c650e7d1dd8f2758172b,"{""distance"":5,""physical_error_rate"":0.0005}","{""detection_events"":665,""detectors_checked"":348160}"
      2048,         0,         0,   0.251,decoder_by_matrix,066a5d8d46981b593c3dec855f441edbe9e755a8873183448f69d036a2ecc650,"{""distance"":5,""physical_error_rate"":0.001}","{""detection_events"":1205,""detectors_checked"":348160}"
      2048,         0,         0,   0.247,decoder_by_matrix,066a5d8d46981b593c3dec855f441edbe9e755a8873183448f69d036a2ecc650,"{""distance"":5,""physical_error_rate"":0.001}","{""detection_events"":1120,""detectors_checked"":348160}"
      2048,         0,         0,   0.251,decoder_by_matrix,b84cf4b8ca220d31f17e1e2ea9ab927bbc4176b15682c650e7d1dd8f2758172b,"{""distance"":5,""physical_error_rate"":0.0005}","{""detection_events"":615,""detectors_checked"":348160}"
      2048,         0,         0,   0.255,decoder_by_matrix,066a5d8d46981b593c3dec855f441edbe9e755a8873183448f69d036a2ecc650,"{""distance"":5,""physical_error_rate"":0.001}","{""detection_events"":990,""detectors_checked"":348160}"
      2048,         0,         0,   0.237,decoder_by_matrix,066a5d8d46981b593c3dec855f441edbe9e755a8873183448f69d036a2ecc650,"{""distance"":5,""physical_error_rate"":0.001}","{""detection_events"":950,""detectors_checked"":348160}"
      3072,         0,         0,   0.289,decoder_by_matrix,066a5d8d46981b593c3dec855f441edbe9e755a8873183448f69d036a2ecc650,"{""distance"":5,""physical_error_rate"":0.001}","{""detection_events"":1645,""detectors_checked"":522240}"
      3072,         0,         0,   0.308,decoder_by_matrix,066a5d8d46981b593c3dec855f441edbe9e755a8873183448f69d036a2ecc650,"{""distance"":5,""physical_error_rate"":0.001}","{""detection_events"":1480,""detectors_checked"":522240}"
      2048,         0,         0,   0.221,decoder_by_matrix,b84cf4b8ca220d31f17e1e2ea9ab927bbc4176b15682c650e7d1dd8f2758172b,"{""distance"":5,""physical_error_rate"":0.0005}","{""detection_events"":670,""detectors_checked"":348160}"
      3072,         0,         0,   0.253,decoder_by_matrix,066a5d8d46981b593c3dec855f441edbe9e755a8873183448f69d036a2ecc650,"{""distance"":5,""physical_error_rate"":0.001}","{""detection_events"":1460,""detectors_checked"":522240}"
      2048,         0,         0,   0.248,decoder_by_matrix,b84cf4b8ca220d31f17e1e2ea9ab927bbc4176b15682c650e7d1dd8f2758172b,"{""distance"":5,""physical_error_rate"":0.0005}","{""detection_events"":515,""detectors_checked"":348160}"
      3072,         0,         0,   0.284,decoder_by_matrix,b84cf4b8ca220d31f17e1e2ea9ab927bbc4176b15682c650e7d1dd8f2758172b,"{""distance"":5,""physical_error_rate"":0.0005}","{""detection_events"":965,""detectors_checked"":522240}"
      2048,         0,         0,   0.229,decoder_by_matrix,b84cf4b8ca220d31f17e1e2ea9ab927bbc4176b15682c650e7d1dd8f2758172b,"{""distance"":5,""physical_error_rate"":0.0005}","{""detection_events"":470,""detectors_checked"":348160}"
      2048,         0,         0,   0.251,decoder_by_matrix,b84cf4b8ca220d31f17e1e2ea9ab927bbc4176b15682c650e7d1dd8f2758172b,"{""distance"":5,""physical_error_rate"":0.0005}","{""detection_events"":535,""detectors_checked"":348160}"
      2048,         0,         0,   0.251,decoder_by_matrix,066a5d8d46981b593c3dec855f441edbe9e755a8873183448f69d036a2ecc650,"{""distance"":5,""physical_error_rate"":0.001}","{""detection_events"":1365,""detectors_checked"":348160}"
      2048,         0,         0,   0.251,decoder_by_matrix,b84cf4b8ca220d31f17e1e2ea9ab927bbc4176b15682c650e7d1dd8f2758172b,"{""distance"":5,""physical_error_rate"":0.0005}","{""detection_events"":600,""detectors_checked"":348160}"
      2048,         0,         0,   0.248,decoder_by_matrix,066a5d8d46981b593c3dec855f441edbe9e755a8873183448f69d036a2ecc650,"{""distance"":5,""physical_error_rate"":0.001}","{""detection_events"":1230,""detectors_checked"":348160}"
      2048,         0,         0,   0.251,decoder_by_matrix,b84cf4b8ca220d31f17e1e2ea9ab927bbc4176b15682c650e7d1dd8f2758172b,"{""distance"":5,""physical_error_rate"":0.0005}","{""detection_events"":760,""detectors_checked"":348160}"
      2048,         0,         0,   0.251,decoder_by_matrix,066a5d8d46981b593c3dec855f441edbe9e755a8873183448f69d036a2ecc650,"{""distance"":5,""physical_error_rate"":0.001}","{""detection_events"":1055,""detectors_checked"":348160}"
      2048,         0,         0,   0.251,decoder_by_matrix,b84cf4b8ca220d31f17e1e2ea9ab927bbc4176b15682c650e7d1dd8f2758172b,"{""distance"":5,""physical_error_rate"":0.0005}","{""detection_events"":565,""detectors_checked"":348160}"
      2048,         0,         0,   0.250,decoder_by_matrix,066a5d8d46981b593c3dec855f441edbe9e755a8873183448f69d036a2ecc650,"{""distance"":5,""physical_error_rate"":0.001}","{""detection_events"":1280,""detectors_checked"":348160}"
      2048,         0,         0,   0.250,decoder_by_matrix,066a5d8d46981b593c3dec855f441edbe9e755a8873183448f69d036a2ecc650,"{""distance"":5,""physical_error_rate"":0.001}","{""detection_events"":825,""detectors_checked"":348160}"
      3072,         0,         0,   0.302,decoder_by_matrix,066a5d8d46981b593c3dec855f441edbe9e755a8873183448f69d036a2ecc650,"{""distance"":5,""physical_error_rate"":0.001}","{""detection_events"":2005,""detectors_checked"":522240}"
      3072,         0,         0,   0.289,decoder_by_matrix,066a5d8d46981b593c3dec855f441edbe9e755a8873183448f69d036a2ecc650,"{""distance"":5,""physical_error_rate"":0.001}","{""detection_events"":1925,""detectors_checked"":522240}"
      3072,         0,         0,   0.325,decoder_by_matrix,066a5d8d46981b593c3dec855f441edbe9e755a8873183448f69d036a2ecc650,"{""distance"":5,""physical_error_rate"":0.001}","{""detection_events"":2100,""detectors_checked"":522240}"
      3072,         0,         0,   0.309,decoder_by_matrix,b84cf4b8ca220d31f17e1e2ea9ab927bbc4176b15682c650e7d1dd8f2758172b,"{""distance"":5,""physical_error_rate"":0.0005}","{""detection_events"":920,""detectors_checked"":522240}"
      3072,         0,         0,   0.309,decoder_by_matrix,b84cf4b8ca220d31f17e1e2ea9ab927bbc4176b15682c650e7d1dd8f2758172b,"{""distance"":5,""physical_error_rate"":0.0005}","{""detection_events"":775,""detectors_checked"":522240}"
      3072,         0,         0,   0.365,decoder_by_matrix,b84cf4b8ca220d31f17e1e2ea9ab927bbc4176b15682c650e7d1dd8f2758172b,"{""distance"":5,""physical_error_rate"":0.0005}","{""detection_events"":800,""detectors_checked"":522240}"
      3072,         0,         0,   0.364,decoder_by_matrix,b84cf4b8ca220d31f17e1e2ea9ab927bbc4176b15682c650e7d1dd8f2758172b,"{""distance"":5,""physical_error_rate"":0.0005}","{""detection_events"":765,""detectors_checked"":522240}"
      3072,         0,         0,   0.342,decoder_by_matrix,b84cf4b8ca220d31f17e1e2ea9ab927bbc4176b15682c650e7d1dd8f2758172b,"{""distance"":5,""physical_error_rate"":0.0005}","{""detection_events"":825,""detectors_checked"":522240}"
      3072,         0,         0,   0.364,decoder_by_matrix,066a5d8d46981b593c3dec855f441edbe9e755a8873183448f69d036a2ecc650,"{""distance"":5,""physical_error_rate"":0.001}","{""detection_events"":1770,""detectors_checked"":522240}"
      3072,         0,         0,   0.367,decoder_by_matrix,b84cf4b8ca220d31f17e1e2ea9ab927bbc4176b15682c650e7d1dd8f2758172b,"{""distance"":5,""physical_error_rate"":0.0005}","{""detection_events"":795,""detectors_checked"":522240}"
      3072,         0,         0,   0.364,decoder_by_matrix,b84cf4b8ca220d31f17e1e2ea9ab927bbc4176b15682c650e7d1dd8f2758172b,"{""distance"":5,""physical_error_rate"":0.0005}","{""detection_events"":785,""detectors_checked"":522240}"
      3072,         0,         0,   0.365,decoder_by_matrix,066a5d8d46981b593c3dec855f441edbe9e755a8873183448f69d036a2ecc650,"{""distance"":5,""physical_error_rate"":0.001}","{""detection_events"":1960,""detectors_checked"":522240}"
      3072,         0,         0,   0.365,decoder_by_matrix,066a5d8d46981b593c3dec855f441edbe9e755a8873183448f69d036a2ecc650,"{""distance"":5,""physical_error_rate"":0.001}","{""detection_events"":1875,""detectors_checked"":522240}"
      3072,         0,         0,   0.366,decoder_by_matrix,b84cf4b8ca220d31f17e1e2ea9ab927bbc4176b15682c650e7d1dd8f2758172b,"{""distance"":5,""physical_error_rate"":0.0005}","{""detection_events"":1395,""detectors_checked"":522240}"
      3072,         0,         0,   0.366,decoder_by_matrix,066a5d8d46981b593c3dec855f441edbe9e755a8873183448f69d036a2ecc650,"{""distance"":5,""physical_error_rate"":0.001}","{""detection_events"":1590,""detectors_checked"":522240}"
      3072,         0,         0,   0.377,decoder_by_matrix,066a5d8d46981b593c3dec855f441edbe9e755a8873183448f69d036a2ecc650,"{""distance"":5,""physical_error_rate"":0.001}","{""detection_events"":1850,""detectors_checked"":522240}"
      4096,         0,         0,   0.392,decoder_by_matrix,b84cf4b8ca220d31f17e1e2ea9ab927bbc4176b15682c650e7d1dd8f2758172b,"{""distance"":5,""physical_error_rate"":0.0005}","{""detection_events"":980,""detectors_checked"":696320}"
      5120,         0,         0,   0.456,decoder_by_matrix,066a5d8d46981b593c3dec855f441edbe9e755a8873183448f69d036a2ecc650,"{""distance"":5,""physical_error_rate"":0.001}","{""detection_events"":3025,""detectors_checked"":870400}"
      5120,         0,         0,   0.484,decoder_by_matrix,066a5d8d46981b593c3dec855f441edbe9e755a8873183448f69d036a2ecc650,"{""distance"":5,""physical_error_rate"":0.001}","{""detection_events"":3125,""detectors_checked"":870400}"
      4096,         0,         0,   0.485,decoder_by_matrix,066a5d8d46981b593c3dec855f441edbe9e755a8873183448f69d036a2ecc650,"{""distance"":5,""physical_error_rate"":0.001}","{""detection_events"":2340,""detectors_checked"":696320}"
      4096,         0,         0,   0.407,decoder_by_matrix,b84cf4b8ca220d31f17e1e2ea9ab927bbc4176b15682c650e7d1dd8f2758172b,"{""distance"":5,""physical_error_rate"":0.0005}","{""detection_events"":1210,""detectors_checked"":696320}"
      4096,         0,         0,   0.400,decoder_by_matrix,066a5d8d46981b593c3dec855f441edbe9e755a8873183448f69d036a2ecc650,"{""distance"":5,""physical_error_rate"":0.001}","{""detection_events"":2265,""detectors_checked"":696320}"
      3072,         0,         0,   0.504,decoder_by_matrix,b84cf4b8ca220d31f17e1e2ea9ab927bbc4176b15682c650e7d1dd8f2758172b,"{""distance"":5,""physical_error_rate"":0.0005}","{""detection_events"":1095,""detectors_checked"":522240}"
      4096,         0,         0,   0.446,decoder_by_matrix,b84cf4b8ca220d31f17e1e2ea9ab927bbc4176b15682c650e7d1dd8f2758172b,"{""distance"":5,""physical_error_rate"":0.0005}","{""detection_events"":1035,""detectors_checked"":696320}"
      4096,         0,         0,   0.415,decoder_by_matrix,066a5d8d46981b593c3dec855f441edbe9e755a8873183448f69d036a2ecc650,"{""distance"":5,""physical_error_rate"":0.001}","{""detection_events"":2240,""detectors_checked"":696320}"
      4096,         0,         0,   0.491,decoder_by_matrix,b84cf4b8ca220d31f17e1e2ea9ab927bbc4176b15682c650e7d1dd8f2758172b,"{""distance"":5,""physical_error_rate"":0.0005}","{""detection_events"":1255,""detectors_checked"":696320}"
      4096,         0,         0,   0.465,decoder_by_matrix,b84cf4b8ca220d31f17e1e2ea9ab927bbc4176b15682c650e7d1dd8f2758172b,"{""distance"":5,""physical_error_rate"":0.0005}","{""detection_events"":1020,""detectors_checked"":696320}"
      4096,         0,         0,   0.474,decoder_by_matrix,b84cf4b8ca220d31f17e1e2ea9ab927bbc4176b15682c650e7d1dd8f2758172b,"{""distance"":5,""physical_error_rate"":0.0005}","{""detection_events"":840,""detectors_checked"":696320}"
      4096,         0,         0,   0.476,decoder_by_matrix,066a5d8d46981b593c3dec855f441edbe9e755a8873183448f69d036a2ecc650,"{""distance"":5,""physical_error_rate"":0.001}","{""detection_events"":2015,""detectors_checked"":696320}"
      4096,         0,         0,   0.449,decoder_by_matrix,066a5d8d46981b593c3dec855f441edbe9e755a8873183448f69d036a2ecc650,"{""distance"":5,""physical_error_rate"":0.001}","{""detection_events"":2310,""detectors_checked"":696320}"
      4096,         0,         0,   0.482,decoder_by_matrix,066a5d8d46981b593c3dec855f441edbe9e755a8873183448f69d036a2ecc650,"{""distance"":5,""physical_error_rate"":0.001}","{""detection_events"":2465,""detectors_checked"":696320}"
      4096,         0,         0,   0.472,decoder_by_matrix,b84cf4b8ca220d31f17e1e2ea9ab927bbc4176b15682c650e7d1dd8f2758172b,"{""distance"":5,""physical_error_rate"":0.0005}","{""detection_events"":1285,""detectors_checked"":696320}"
      6144,         0,         0,   0.573,decoder_by_matrix,b84cf4b8ca220d31f17e1e2ea9ab927bbc4176b15682c650e7d1dd8f2758172b,"{""distance"":5,""physical_error_rate"":0.0005}","{""detection_events"":1605,""detectors_checked"":1044480}"
      5120,         0,         0,   0.621,decoder_by_matrix,066a5d8d46981b593c3dec855f441edbe9e755a8873183448f69d036a2ecc650,"{""distance"":5,""physical_error_rate"":0.001}","{""detection_events"":3355,""detectors_checked"":870400}"
      6144,         0,         0,   0.595,decoder_by_matrix,066a5d8d46981b593c3dec855f441edbe9e755a8873183448f69d036a2ecc650,"{""distance"":5,""physical_error_rate"":0.001}","{""detection_events"":3590,""detectors_checked"":1044480}"
      6144,         0,         0,   0.602,decoder_by_matrix,b84cf4b8ca220d31f17e1e2ea9ab927bbc4176b15682c650e7d1dd8f2758172b,"{""distance"":5,""physical_error_rate"":0.0005}","{""detection_events"":1735,""detectors_checked"":1044480}"
      7168,         0,         0,   0.665,decoder_by_matrix,066a5d8d46981b593c3dec855f441edbe9e755a8873183448f69d036a2ecc650,"{""distance"":5,""physical_error_rate"":0.001}","{""detection_events"":3845,""detectors_checked"":1218560}"
      5120,         0,         0,   0.628,decoder_by_matrix,066a5d8d46981b593c3dec855f441edbe9e755a8873183448f69d036a2ecc650,"{""distance"":5,""physical_error_rate"":0.001}","{""detection_events"":3465,""detectors_checked"":870400}"
      5120,         0,         0,   0.579,decoder_by_matrix,066a5d8d46981b593c3dec855f441edbe9e755a8873183448f69d036a2ecc650,"{""distance"":5,""physical_error_rate"":0.001}","{""detection_events"":2690,""detectors_checked"":870400}"
      5120,         0,         0,   0.611,decoder_by_matrix,b84cf4b8ca220d31f17e1e2ea9ab927bbc4176b15682c650e7d1dd8f2758172b,"{""distance"":5,""physical_error_rate"":0.0005}","{""detection_events"":1540,""detectors_checked"":870400}"
      5120,         0,         0,   0.592,decoder_by_matrix,b84cf4b8ca220d31f17e1e2ea9ab927bbc4176b15682c650e7d1dd8f2758172b,"{""distance"":5,""physical_error_rate"":0.0005}","{""detection_events"":1340,""detectors_checked"":870400}"
      5120,         0,         0,   0.615,decoder_by_matrix,b84cf4b8ca220d31f17e1e2ea9ab927bbc4176b15682c650e7d1dd8f2758172b,"{""distance"":5,""physical_error_rate"":0.0005}","{""detection_events"":1300,""detectors_checked"":870400}"
      6144,         0,         0,   0.618,decoder_by_matrix,b84cf4b8ca220d31f17e1e2ea9ab927bbc4176b15682c650e7d1dd8f2758172b,"{""distance"":5,""physical_error_rate"":0.0005}","{""detection_events"":1495,""detectors_checked"":1044480}"
      5120,         0,         0,   0.591,decoder_by_matrix,066a5d8d46981b593c3dec855f441edbe9e755a8873183448f69d036a2ecc650,"{""distance"":5,""physical_error_rate"":0.001}","{""detection_events"":3275,""detectors_checked"":870400}"
      6144,         0,         0,   0.607,decoder_by_matrix,066a5d8d46981b593c3dec855f441edbe9e755a8873183448f69d036a2ecc650,"{""distance"":5,""physical_error_rate"":0.001}","{""detection_events"":3330,""detectors_checked"":1044480}"
      5120,         0,         0,   0.625,decoder_by_matrix,b84cf4b8ca220d31f17e1e2ea9ab927bbc4176b15682c650e7d1dd8f2758172b,"{""distance"":5,""physical_error_rate"":0.0005}","{""detection_events"":1560,""detectors_checked"":870400}"
      5120,         0,         0,   0.615,decoder_by_matrix,066a5d8d46981b593c3dec855f441edbe9e755a8873183448f69d036a2ecc650,"{""distance"":5,""physical_error_rate"":0.001}","{""detection_events"":3040,""detectors_checked"":870400}"
      6144,         0,         0,   0.627,decoder_by_matrix,b84cf4b8ca220d31f17e1e2ea9ab927bbc4176b15682c650e7d1dd8f2758172b,"{""distance"":5,""physical_error_rate"":0.0005}","{""detection_events"":1905,""detectors_checked"":1044480}"
     10240,         0,         0,   0.806,decoder_by_matrix,b84cf4b8ca220d31f17e1e2ea9ab927bbc4176b15682c650e7d1dd8f2758172b,"{""distance"":5,""physical_error_rate"":0.0005}","{""detection_events"":2360,""detectors_checked"":1740800}"
      8192,         0,         0,   0.803,decoder_by_matrix,066a5d8d46981b593c3dec855f441edbe9e755a8873183448f69d036a2ecc650,"{""distance"":5,""physical_error_rate"":0.001}","{""detection_events"":4800,""detectors_checked"":1392640}"
      7168,         0,         0,   0.866,decoder_by_matrix,066a5d8d46981b593c3dec855f441edbe9e755a8873183448f69d036a2ecc650,"{""distance"":5,""physical_error_rate"":0.001}","{""detection_events"":3475,""detectors_checked"":1218560}"
      8192,         0,         0,   0.799,decoder_by_matrix,b84cf4b8ca220d31f17e1e2ea9ab927bbc4176b15682c650e7d1dd8f2758172b,"{""distance"":5,""physical_error_rate"":0.0005}","{""detection_events"":2760,""detectors_checked"":1392640}"
      7168,         0,         0,   0.845,decoder_by_matrix,066a5d8d46981b593c3dec855f441edbe9e755a8873183448f69d036a2ecc650,"{""distance"":5,""physical_error_rate"":0.001}","{""detection_events"":4785,""detectors_checked"":1218560}"
      7168,         0,         0,   0.841,decoder_by_matrix,066a5d8d46981b593c3dec855f441edbe9e755a8873183448f69d036a2ecc650,"{""distance"":5,""physical_error_rate"":0.001}","{""detection_events"":4095,""detectors_checked"":1218560}"
      7168,         0,         0,   0.842,decoder_by_matrix,b84cf4b8ca220d31f17e1e2ea9ab927bbc4176b15682c650e7d1dd8f2758172b,"{""distance"":5,""physical_error_rate"":0.0005}","{""detection_events"":2235,""detectors_checked"":1218560}"
      7168,         0,         0,   0.867,decoder_by_matrix,066a5d8d46981b593c3dec855f441edbe9e755a8873183448f69d036a2ecc650,"{""distance"":5,""physical_error_rate"":0.001}","{""detection_events"":4420,""detectors_checked"":1218560}"
      7168,         0,         0,   0.843,decoder_by_matrix,b84cf4b8ca220d31f17e1e2ea9ab927bbc4176b15682c650e7d1dd8f2758172b,"{""distance"":5,""physical_error_rate"":0.0005}","{""detection_events"":1910,""detectors_checked"":1218560}"
      7168,         0,         0,   0.841,decoder_by_matrix,066a5d8d46981b593c3dec855f441edbe9e755a8873183448f69d036a2ecc650,"{""distance"":5,""physical_error_rate"":0.001}","{""detection_events"":4230,""detectors_checked"":1218560}"
      8192,         0,         0,   0.871,decoder_by_matrix,b84cf4b8ca220d31f17e1e2ea9ab927bbc4176b15682c650e7d1dd8f2758172b,"{""distance"":5,""physical_error_rate"":0.0005}","{""detection_events"":2325,""detectors_checked"":1392640}"
      9216,         0,         0,   0.881,decoder_by_matrix,b84cf4b8ca220d31f17e1e2ea9ab927bbc4176b15682c650e7d1dd8f2758172b,"{""distance"":5,""physical_error_rate"":0.0005}","{""detection_events"":2370,""detectors_checked"":1566720}"
      7168,         0,         0,   0.865,decoder_by_matrix,066a5d8d46981b593c3dec855f441edbe9e755a8873183448f69d036a2ecc650,"{""distance"":5,""physical_error_rate"":0.001}","{""detection_events"":4075,""detectors_checked"":1218560}"
      8192,         0,         0,   0.844,decoder_by_matrix,b84cf4b8ca220d31f17e1e2ea9ab927bbc4176b15682c650e7d1dd8f2758172b,"{""distance"":5,""physical_error_rate"":0.0005}","{""detection_events"":2590,""detectors_checked"":1392640}"
      8192,         0,         0,   0.856,decoder_by_matrix,b84cf4b8ca220d31f17e1e2ea9ab927bbc4176b15682c650e7d1dd8f2758172b,"{""distance"":5,""physical_error_rate"":0.0005}","{""detection_events"":2635,""detectors_checked"":1392640}"
      8192,         0,         0,   0.896,decoder_by_matrix,066a5d8d46981b593c3dec855f441edbe9e755a8873183448f69d036a2ecc650,"{""distance"":5,""physical_error_rate"":0.001}","{""detection_events"":4205,""detectors_checked"":1392640}"
     14336,         0,         0,    1.10,decoder_by_matrix,b84cf4b8ca220d31f17e1e2ea9ab927bbc4176b15682c650e7d1dd8f2758172b,"{""distance"":5,""physical_error_rate"":0.0005}","{""detection_events"":4310,""detectors_checked"":2437120}"
     11264,         0,         0,    1.09,decoder_by_matrix,066a5d8d46981b593c3dec855f441edbe9e755a8873183448f69d036a2ecc650,"{""distance"":5,""physical_error_rate"":0.001}","{""detection_events"":7105,""detectors_checked"":1914880}"
     11264,         0,         0,    1.16,decoder_by_matrix,b84cf4b8ca220d31f17e1e2ea9ab927bbc4176b15682c650e7d1dd8f2758172b,"{""distance"":5,""physical_error_rate"":0.0005}","{""detection_events"":3135,""detectors_checked"":1914880}"
     10240,         0,         0,    1.20,decoder_by_matrix,066a5d8d46981b593c3dec855f441edbe9e755a8873183448f69d036a2ecc650,"{""distance"":5,""physical_error_rate"":0.001}","{""detection_events"":6155,""detectors_checked"":1740800}"
     10240,         0,         0,    1.20,decoder_by_matrix,066a5d8d46981b593c3dec855f441edbe9e755a8873183448f69d036a2ecc650,"{""distance"":5,""physical_error_rate"":0.001}","{""detection_events"":5915,""detectors_checked"":1740800}"
      9216,         0,         0,    1.11,decoder_by_matrix,066a5d8d46981b593c3dec855f441edbe9e755a8873183448f69d036a2ecc650,"{""distance"":5,""physical_error_rate"":0.001}","{""detection_events"":5715,""detectors_checked"":1566720}"
      9216,         0,         0,    1.14,decoder_by_matrix,b84cf4b8ca220d31f17e1e2ea9ab927bbc4176b15682c650e7d1dd8f2758172b,"{""distance"":5,""physical_error_rate"":0.0005}","{""detection_events"":2585,""detectors_checked"":1566720}"
      8192,         0,         0,    1.13,decoder_by_matrix,066a5d8d46981b593c3dec855f441edbe9e755a8873183448f69d036a2ecc650,"{""distance"":5,""physical_error_rate"":0.001}","{""detection_events"":4495,""detectors_checked"":1392640}"
     11264,         0,         0,    1.12,decoder_by_matrix,b84cf4b8ca220d31f17e1e2ea9ab927bbc4176b15682c650e7d1dd8f2758172b,"{""distance"":5,""physical_error_rate"":0.0005}","{""detection_events"":3585,""detectors_checked"":1914880}"
      9216,         0,         0,    1.13,decoder_by_matrix,b84cf4b8ca220d31f17e1e2ea9ab927bbc4176b15682c650e7d1dd8f2758172b,"{""distance"":5,""physical_error_rate"":0.0005}","{""detection_events"":2560,""detectors_checked"":1566720}"
     10240,         0,         0,    1.21,decoder_by_matrix,b84cf4b8ca220d31f17e1e2ea9ab927bbc4176b15682c650e7d1dd8f2758172b,"{""distance"":5,""physical_error_rate"":0.0005}","{""detection_events"":3020,""detectors_checked"":1740800}"
      8192,         0,         0,    1.13,decoder_by_matrix,066a5d8d46981b593c3dec855f441edbe9e755a8873183448f69d036a2ecc650,"{""distance"":5,""physical_error_rate"":0.001}","{""detection_events"":4700,""detectors_checked"":1392640}"
     12288,         0,         0,    1.18,decoder_by_matrix,b84cf4b8ca220d31f17e1e2ea9ab927bbc4176b15682c650e7d1dd8f2758172b,"{""distance"":5,""physical_error_rate"":0.0005}","{""detection_events"":3395,""detectors_checked"":2088960}"
      9216,         0,         0,    1.28,decoder_by_matrix,066a5d8d46981b593c3dec855f441edbe9e755a8873183448f69d036a2ecc650,"{""distance"":5,""physical_error_rate"":0.001}","{""detection_events"":5400,""detectors_checked"":1566720}"
     10240,         0,         0,    1.19,decoder_by_matrix,066a5d8d46981b593c3dec855f441edbe9e755a8873183448f69d036a2ecc650,"{""distance"":5,""physical_error_rate"":0.001}","{""detection_events"":5710,""detectors_checked"":1740800}"
     10240,         0,         0,    1.21,decoder_by_matrix,b84cf4b8ca220d31f17e1e2ea9ab927bbc4176b15682c650e7d1dd8f2758172b,"{""distance"":5,""physical_error_rate"":0.0005}","{""detection_events"":2990,""detectors_checked"":1740800}"
     16384,         0,         0,    1.62,decoder_by_matrix,b84cf4b8ca220d31f17e1e2ea9ab927bbc4176b15682c650e7d1dd8f2758172b,"{""distance"":5,""physical_error_rate"":0.0005}","{""detection_events"":4305,""detectors_checked"":2785280}"
     16384,         0,         0,    1.63,decoder_by_matrix,066a5d8d46981b593c3dec855f441edbe9e755a8873183448f69d036a2ecc650,"{""distance"":5,""physical_error_rate"":0.001}","{""detection_events"":8605,""detectors_checked"":2785280}"
     15360,         0,         0,    1.57,decoder_by_matrix,b84cf4b8ca220d31f17e1e2ea9ab927bbc4176b15682c650e7d1dd8f2758172b,"{""distance"":5,""physical_error_rate"":0.0005}","{""detection_events"":4280,""detectors_checked"":2611200}"
     13312,         0,         0,    1.60,decoder_by_matrix,066a5d8d46981b593c3dec855f441edbe9e755a8873183448f69d036a2ecc650,"{""distance"":5,""physical_error_rate"":0.001}","{""detection_events"":7570,""detectors_checked"":2263040}"
     13312,         0,         0,    1.56,decoder_by_matrix,066a5d8d46981b593c3dec855f441edbe9e755a8873183448f69d036a2ecc650,"{""distance"":5,""physical_error_rate"":0.001}","{""detection_events"":8250,""detectors_checked"":2263040}"
     12288,         0,         0,    1.57,decoder_by_matrix,066a5d8d46981b593c3dec855f441edbe9e755a8873183448f69d036a2ecc650,"{""distance"":5,""physical_error_rate"":0.001}","{""detection_events"":7080,""detectors_checked"":2088960}"
     13312,         0,         0,    1.60,decoder_by_matrix,b84cf4b8ca220d31f17e1e2ea9ab927bbc4176b15682c650e7d1dd8f2758172b,"{""distance"":5,""physical_error_rate"":0.0005}","{""detection_events"":3630,""detectors_checked"":2263040}"
     15360,         0,         0,    1.60,decoder_by_matrix,066a5d8d46981b593c3dec855f441edbe9e755a8873183448f69d036a2ecc650,"{""distance"":5,""physical_error_rate"":0.001}","{""detection_events"":7965,""detectors_checked"":2611200}"
     13312,         0,         0,    1.59,decoder_by_matrix,b84cf4b8ca220d31f17e1e2ea9ab927bbc4176b15682c650e7d1dd8f2758172b,"{""distance"":5,""physical_error_rate"":0.0005}","{""detection_events"":3975,""detectors_checked"":2263040}"
     16384,         0,         0,    1.62,decoder_by_matrix,b84cf4b8ca220d31f17e1e2ea9ab927bbc4176b15682c650e7d1dd8f2758172b,"{""distance"":5,""physical_error_rate"":0.0005}","{""detection_events"":4705,""detectors_checked"":2785280}"
     13312,         0,         0,    1.58,decoder_by_matrix,b84cf4b8ca220d31f17e1e2ea9ab927bbc4176b15682c650e7d1dd8f2758172b,"{""distance"":5,""physical_error_rate"":0.0005}","{""detection_events"":3750,""detectors_checked"":2263040}"
     14336,         0,         0,    1.65,decoder_by_matrix,b84cf4b8ca220d31f17e1e2ea9ab927bbc4176b15682c650e7d1dd8f2758172b,"{""distance"":5,""physical_error_rate"":0.0005}","{""detection_events"":4000,""detectors_checked"":2437120}"
     13312,         0,         0,    1.63,decoder_by_matrix,066a5d8d46981b593c3dec855f441edbe9e755a8873183448f69d036a2ecc650,"{""distance"":5,""physical_error_rate"":0.001}","{""detection_events"":7890,""detectors_checked"":2263040}"
     15360,         0,         0,    1.55,decoder_by_matrix,066a5d8d46981b593c3dec855f441edbe9e755a8873183448f69d036a2ecc650,"{""distance"":5,""physical_error_rate"":0.001}","{""detection_events"":9850,""detectors_checked"":2611200}"
     13312,         0,         0,    1.58,decoder_by_matrix,066a5d8d46981b593c3dec855f441edbe9e755a8873183448f69d036a2ecc650,"{""distance"":5,""physical_error_rate"":0.001}","{""detection_events"":7625,""detectors_checked"":2263040}"
     16384,         0,         0,    1.58,decoder_by_matrix,b84cf4b8ca220d31f17e1e2ea9ab927bbc4176b15682c650e7d1dd8f2758172b,"{""distance"":5,""physical_error_rate"":0.0005}","{""detection_events"":4750,""detectors_checked"":2785280}"
     24576,         0,         0,    2.17,decoder_by_matrix,b84cf4b8ca220d31f17e1e2ea9ab927bbc4176b15682c650e7d1dd8f2758172b,"{""distance"":5,""physical_error_rate"":0.0005}","{""detection_events"":7130,""detectors_checked"":4177920}"
     22528,         0,         0,    2.17,decoder_by_matrix,066a5d8d46981b593c3dec855f441edbe9e755a8873183448f69d036a2ecc650,"{""distance"":5,""physical_error_rate"":0.001}","{""detection_events"":12880,""detectors_checked"":3829760}"
     20480,         0,         0,    2.29,decoder_by_matrix,b84cf4b8ca220d31f17e1e2ea9ab927bbc4176b15682c650e7d1dd8f2758172b,"{""distance"":5,""physical_error_rate"":0.0005}","{""detection_events"":6190,""detectors_checked"":3481600}"
     18432,         0,         0,    2.22,decoder_by_matrix,066a5d8d46981b593c3dec855f441edbe9e755a8873183448f69d036a2ecc650,"{""distance"":5,""physical_error_rate"":0.001}","{""detection_events"":11490,""detectors_checked"":3133440}"
     18432,         0,         0,    2.18,decoder_by_matrix,066a5d8d46981b593c3dec855f441edbe9e755a8873183448f69d036a2ecc650,"{""distance"":5,""physical_error_rate"":0.001}","{""detection_events"":10635,""detectors_checked"":3133440}"
     18432,         0,         0,    2.21,decoder_by_matrix,066a5d8d46981b593c3dec855f441edbe9e755a8873183448f69d036a2ecc650,"{""distance"":5,""physical_error_rate"":0.001}","{""detection_events"":10040,""detectors_checked"":3133440}"
     18432,         0,         0,    2.20,decoder_by_matrix,b84cf4b8ca220d31f17e1e2ea9ab927bbc4176b15682c650e7d1dd8f2758172b,"{""distance"":5,""physical_error_rate"":0.0005}","{""detection_events"":5185,""detectors_checked"":3133440}"
     22528,         0,         0,    2.22,decoder_by_matrix,066a5d8d46981b593c3dec855f441edbe9e755a8873183448f69d036a2ecc650,"{""distance"":5,""physical_error_rate"":0.001}","{""detection_events"":12395,""detectors_checked"":3829760}"
     18432,         1,         0,    2.17,decoder_by_matrix,b84cf4b8ca220d31f17e1e2ea9ab927bbc4176b15682c650e7d1dd8f2758172b,"{""distance"":5,""physical_error_rate"":0.0005}","{""detection_events"":5495,""detectors_checked"":3133440,""obs_mistake_mask=___E"":1}"
     21504,         0,         0,    2.19,decoder_by_matrix,b84cf4b8ca220d31f17e1e2ea9ab927bbc4176b15682c650e7d1dd8f2758172b,"{""distance"":5,""physical_error_rate"":0.0005}","{""detection_events"":5945,""detectors_checked"":3655680}"
     17408,         0,         0,    2.17,decoder_by_matrix,066a5d8d46981b593c3dec855f441edbe9e755a8873183448f69d036a2ecc650,"{""distance"":5,""physical_error_rate"":0.001}","{""detection_events"":9565,""detectors_checked"":2959360}"
     19456,         0,         0,    2.22,decoder_by_matrix,b84cf4b8ca220d31f17e1e2ea9ab927bbc4176b15682c650e7d1dd8f2758172b,"{""distance"":5,""physical_error_rate"":0.0005}","{""detection_events"":5220,""detectors_checked"":3307520}"
     18432,         0,         0,    2.24,decoder_by_matrix,b84cf4b8ca220d31f17e1e2ea9ab927bbc4176b15682c650e7d1dd8f2758172b,"{""distance"":5,""physical_error_rate"":0.0005}","{""detection_events"":5060,""detectors_checked"":3133440}"
     21504,         0,         0,    2.17,decoder_by_matrix,b84cf4b8ca220d31f17e1e2ea9ab927bbc4176b15682c650e7d1dd8f2758172b,"{""distance"":5,""physical_error_rate"":0.0005}","{""detection_events"":6185,""detectors_checked"":3655680}"
     19456,         0,         0,    2.24,decoder_by_matrix,066a5d8d46981b593c3dec855f441edbe9e755a8873183448f69d036a2ecc650,"{""distance"":5,""physical_error_rate"":0.001}","{""detection_events"":10620,""detectors_checked"":3307520}"
     22528,         1,         0,    2.23,decoder_by_matrix,066a5d8d46981b593c3dec855f441edbe9e755a8873183448f69d036a2ecc650,"{""distance"":5,""physical_error_rate"":0.001}","{""detection_events"":12470,""detectors_checked"":3829760,""obs_mistake_mask=EE_E"":1}"
     33792,         0,         0,    3.11,decoder_by_matrix,b84cf4b8ca220d31f17e1e2ea9ab927bbc4176b15682c650e7d1dd8f2758172b,"{""distance"":5,""physical_error_rate"":0.0005}","{""detection_events"":9530,""detectors_checked"":5744640}"
     28672,         0,         0,    3.15,decoder_by_matrix,066a5d8d46981b593c3dec855f441edbe9e755a8873183448f69d036a2ecc650,"{""distance"":5,""physical_error_rate"":0.001}","{""detection_events"":17615,""detectors_checked"":4874240}"
     25600,         0,         0,    3.08,decoder_by_matrix,066a5d8d46981b593c3dec855f441edbe9e755a8873183448f69d036a2ecc650,"{""distance"":5,""physical_error_rate"":0.001}","{""detection_events"":15055,""detectors_checked"":4352000}"
     25600,         0,         0,    3.05,decoder_by_matrix,066a5d8d46981b593c3dec855f441edbe9e755a8873183448f69d036a2ecc650,"{""distance"":5,""physical_error_rate"":0.001}","{""detection_events"":14930,""detectors_checked"":4352000}"
     26624,         0,         0,    3.12,decoder_by_matrix,b84cf4b8ca220d31f17e1e2ea9ab927bbc4176b15682c650e7d1dd8f2758172b,"{""distance"":5,""physical_error_rate"":0.0005}","{""detection_events"":7635,""detectors_checked"":4526080}"
     24576,         1,         0,    3.14,decoder_by_matrix,066a5d8d46981b593c3dec855f441edbe9e755a8873183448f69d036a2ecc650,"{""distance"":5,""physical_error_rate"":0.001}","{""detection_events"":14065,""detectors_checked"":4177920,""obs_mistake_mask=E__E"":1}"
     30720,         0,         0,    3.04,decoder_by_matrix,066a5d8d46981b593c3dec855f441edbe9e755a8873183448f69d036a2ecc650,"{""distance"":5,""physical_error_rate"":0.001}","{""detection_events"":17690,""detectors_checked"":5222400}"
     25600,         0,         0,    3.07,decoder_by_matrix,b84cf4b8ca220d31f17e1e2ea9ab927bbc4176b15682c650e7d1dd8f2758172b,"{""distance"":5,""physical_error_rate"":0.0005}","{""detection_events"":6890,""detectors_checked"":4352000}"
     26624,         0,         0,    3.14,decoder_by_matrix,b84cf4b8ca220d31f17e1e2ea9ab927bbc4176b15682c650e7d1dd8f2758172b,"{""distance"":5,""physical_error_rate"":0.0005}","{""detection_events"":8055,""detectors_checked"":4526080}"
     26624,         0,         0,    3.10,decoder_by_matrix,b84cf4b8ca220d31f17e1e2ea9ab927bbc4176b15682c650e7d1dd8f2758172b,"{""distance"":5,""physical_error_rate"":0.0005}","{""detection_events"":7755,""detectors_checked"":4526080}"
     25600,         0,         0,    3.08,decoder_by_matrix,066a5d8d46981b593c3dec855f441edbe9e755a8873183448f69d036a2ecc650,"{""distance"":5,""physical_error_rate"":0.001}","{""detection_events"":14445,""detectors_checked"":4352000}"
     25600,         0,         0,    3.04,decoder_by_matrix,066a5d8d46981b593c3dec855f441edbe9e755a8873183448f69d036a2ecc650,"{""distance"":5,""physical_error_rate"":0.001}","{""detection_events"":14625,""detectors_checked"":4352000}"
     26624,         0,         0,    3.07,decoder_by_matrix,b84cf4b8ca220d31f17e1e2ea9ab927bbc4176b15682c650e7d1dd8f2758172b,"{""distance"":5,""physical_error_rate"":0.0005}","{""detection_events"":7570,""detectors_checked"":4526080}"
     30720,         0,         0,    3.07,decoder_by_matrix,b84cf4b8ca220d31f17e1e2ea9ab927bbc4176b15682c650e7d1dd8f2758172b,"{""distance"":5,""physical_error_rate"":0.0005}","{""detection_events"":9075,""detectors_checked"":5222400}"
     26624,         0,         0,    3.14,decoder_by_matrix,b84cf4b8ca220d31f17e1e2ea9ab927bbc4176b15682c650e7d1dd8f2758172b,"{""distance"":5,""physical_error_rate"":0.0005}","{""detection_events"":7035,""detectors_checked"":4526080}"
     30720,         0,         0,    3.07,decoder_by_matrix,066a5d8d46981b593c3dec855f441edbe9e755a8873183448f69d036a2ecc650,"{""distance"":5,""physical_error_rate"":0.001}","{""detection_events"":17425,""detectors_checked"":5222400}"
     43008,         0,         0,    4.23,decoder_by_matrix,b84cf4b8ca220d31f17e1e2ea9ab927bbc4176b15682c650e7d1dd8f2758172b,"{""distance"":5,""physical_error_rate"":0.0005}","{""detection_events"":11955,""detectors_checked"":7311360}"
     43008,         0,         0,    4.29,decoder_by_matrix,066a5d8d46981b593c3dec855f441edbe9e755a8873183448f69d036a2ecc650,"{""distance"":5,""physical_error_rate"":0.001}","{""detection_events"":24070,""detectors_checked"":7311360}"
     35840,         0,         0,    4.24,decoder_by_matrix,066a5d8d46981b593c3dec855f441edbe9e755a8873183448f69d036a2ecc650,"{""distance"":5,""physical_error_rate"":0.001}","{""detection_events"":21000,""detectors_checked"":6092800}"
     34816,         0,         0,    4.29,decoder_by_matrix,066a5d8d46981b593c3dec855f441edbe9e755a8873183448f69d036a2ecc650,"{""distance"":5,""physical_error_rate"":0.001}","{""detection_events"":20270,""detectors_checked"":5918720}"
     35840,         0,         0,    4.26,decoder_by_matrix,b84cf4b8ca220d31f17e1e2ea9ab927bbc4176b15682c650e7d1dd8f2758172b,"{""distance"":5,""physical_error_rate"":0.0005}","{""detection_events"":9060,""detectors_checked"":6092800}"
    731422,         0,         0,    71.1,decoder_by_matrix,b84cf4b8ca220d31f17e1e2ea9ab927bbc4176b15682c650e7d1dd8f2758172b,"{""distance"":5,""physical_error_rate"":0.0005}","{""detection_events"":205610,""detectors_checked"":124341740}"
    564224,         0,         0,    58.1,decoder_by_matrix,b84cf4b8ca220d31f17e1e2ea9ab927bbc4176b15682c650e7d1dd8f2758172b,"{""distance"":5,""physical_error_rate"":0.0005}","{""detection_events"":166230,""detectors_checked"":95918080}"
     35840,         0,         0,    4.31,decoder_by_matrix,066a5d8d46981b593c3dec855f441edbe9e755a8873183448f69d036a2ecc650,"{""distance"":5,""physical_error_rate"":0.001}","{""detection_events"":21660,""detectors_checked"":6092800}"
    729088,         0,         0,    69.4,decoder_by_matrix,b84cf4b8ca220d31f17e1e2ea9ab927bbc4176b15682c650e7d1dd8f2758172b,"{""distance"":5,""physical_error_rate"":0.0005}","{""detection_events"":209330,""detectors_checked"":123944960}"
    611328,         0,         0,    70.3,decoder_by_matrix,b84cf4b8ca220d31f17e1e2ea9ab927bbc4176b15682c650e7d1dd8f2758172b,"{""distance"":5,""physical_error_rate"":0.0005}","{""detection_events"":178210,""detectors_checked"":103925760}"
    605184,         1,         0,    67.8,decoder_by_matrix,b84cf4b8ca220d31f17e1e2ea9ab927bbc4176b15682c650e7d1dd8f2758172b,"{""distance"":5,""physical_error_rate"":0.0005}","{""detection_events"":172505,""detectors_checked"":102881280,""obs_mistake_mask=E___"":1}"
     41984,         0,         0,    4.24,decoder_by_matrix,066a5d8d46981b593c3dec855f441edbe9e755a8873183448f69d036a2ecc650,"{""distance"":5,""physical_error_rate"":0.001}","{""detection_events"":23735,""detectors_checked"":7137280}"
     35840,         0,         0,    4.21,decoder_by_matrix,b84cf4b8ca220d31f17e1e2ea9ab927bbc4176b15682c650e7d1dd8f2758172b,"{""distance"":5,""physical_error_rate"":0.0005}","{""detection_events"":10650,""detectors_checked"":6092800}"
    579584,         0,         0,    68.1,decoder_by_matrix,b84cf4b8ca220d31f17e1e2ea9ab927bbc4176b15682c650e7d1dd8f2758172b,"{""distance"":5,""physical_error_rate"":0.0005}","{""detection_events"":165660,""detectors_checked"":98529280}"
     36864,         0,         0,    4.32,decoder_by_matrix,b84cf4b8ca220d31f17e1e2ea9ab927bbc4176b15682c650e7d1dd8f2758172b,"{""distance"":5,""physical_error_rate"":0.0005}","{""detection_events"":10220,""detectors_checked"":6266880}"
     35840,         0,         0,    4.31,decoder_by_matrix,066a5d8d46981b593c3dec855f441edbe9e755a8873183448f69d036a2ecc650,"{""distance"":5,""physical_error_rate"":0.001}","{""detection_events"":20895,""detectors_checked"":6092800}"
     36864,         0,         0,    4.34,decoder_by_matrix,b84cf4b8ca220d31f17e1e2ea9ab927bbc4176b15682c650e7d1dd8f2758172b,"{""distance"":5,""physical_error_rate"":0.0005}","{""detection_events"":10465,""detectors_checked"":6266880}"
     44032,         0,         0,    4.27,decoder_by_matrix,b84cf4b8ca220d31f17e1e2ea9ab927bbc4176b15682c650e7d1dd8f2758172b,"{""distance"":5,""physical_error_rate"":0.0005}","{""detection_events"":13135,""detectors_checked"":7485440}"
     40960,         0,         0,    4.27,decoder_by_matrix,b84cf4b8ca220d31f17e1e2ea9ab927bbc4176b15682c650e7d1dd8f2758172b,"{""distance"":5,""physical_error_rate"":0.0005}","{""detection_events"":11730,""detectors_checked"":6963200}"
     43008,         1,         0,    4.27,decoder_by_matrix,066a5d8d46981b593c3dec855f441edbe9e755a8873183448f69d036a2ecc650,"{""distance"":5,""physical_error_rate"":0.001}","{""detection_events"":23920,""detectors_checked"":7311360,""obs_mistake_mask=E___"":1}"
     43008,         0,         0,    4.30,decoder_by_matrix,066a5d8d46981b593c3dec855f441edbe9e755a8873183448f69d036a2ecc650,"{""distance"":5,""physical_error_rate"":0.001}","{""detection_events"":25010,""detectors_checked"":7311360}"
     35840,         0,         0,    4.35,decoder_by_matrix,b84cf4b8ca220d31f17e1e2ea9ab927bbc4176b15682c650e7d1dd8f2758172b,"{""distance"":5,""physical_error_rate"":0.0005}","{""detection_events"":9685,""detectors_checked"":6092800}"
    484712,         1,         0,    57.9,decoder_by_matrix,b84cf4b8ca220d31f17e1e2ea9ab927bbc4176b15682c650e7d1dd8f2758172b,"{""distance"":5,""physical_error_rate"":0.0005}","{""detection_events"":138690,""detectors_checked"":82401040,""obs_mistake_mask=_EEE"":1}"
    458752,         0,         0,    40.9,decoder_by_matrix,b84cf4b8ca220d31f17e1e2ea9ab927bbc4176b15682c650e7d1dd8f2758172b,"{""distance"":5,""physical_error_rate"":0.0005}","{""detection_events"":132360,""detectors_checked"":77987840}"
    344064,         0,         0,    40.5,decoder_by_matrix,b84cf4b8ca220d31f17e1e2ea9ab927bbc4176b15682c650e7d1dd8f2758172b,"{""distance"":5,""physical_error_rate"":0.0005}","{""detection_events"":98460,""detectors_checked"":58490880}"
     67584,         0,         0,    5.94,decoder_by_matrix,b84cf4b8ca220d31f17e1e2ea9ab927bbc4176b15682c650e7d1dd8f2758172b,"{""distance"":5,""physical_error_rate"":0.0005}","{""detection_events"":19630,""detectors_checked"":11489280}"
     60416,         0,         0,    5.98,decoder_by_matrix,066a5d8d46981b593c3dec855f441edbe9e755a8873183448f69d036a2ecc650,"{""distance"":5,""physical_error_rate"":0.001}","{""detection_events"":34435,""detectors_checked"":10270720}"
     50176,         0,         0,    5.93,decoder_by_matrix,066a5d8d46981b593c3dec855f441edbe9e755a8873183448f69d036a2ecc650,"{""distance"":5,""physical_error_rate"":0.001}","{""detection_events"":29420,""detectors_checked"":8529920}"
     49152,         0,         0,    5.96,decoder_by_matrix,066a5d8d46981b593c3dec855f441edbe9e755a8873183448f69d036a2ecc650,"{""distance"":5,""physical_error_rate"":0.001}","{""detection_events"":27790,""detectors_checked"":8355840}"
     57344,         0,         0,    5.95,decoder_by_matrix,b84cf4b8ca220d31f17e1e2ea9ab927bbc4176b15682c650e7d1dd8f2758172b,"{""distance"":5,""physical_error_rate"":0.0005}","{""detection_events"":15710,""detectors_checked"":9748480}"
     51200,         1,         0,    6.06,decoder_by_matrix,066a5d8d46981b593c3dec855f441edbe9e755a8873183448f69d036a2ecc650,"{""distance"":5,""physical_error_rate"":0.001}","{""detection_events"":29020,""detectors_checked"":8704000,""obs_mistake_mask=EEE_"":1}"
     52224,         1,         0,    5.99,decoder_by_matrix,066a5d8d46981b593c3dec855f441edbe9e755a8873183448f69d036a2ecc650,"{""distance"":5,""physical_error_rate"":0.001}","{""detection_events"":30315,""detectors_checked"":8878080,""obs_mistake_mask=E___"":1}"
     50176,         0,         0,    6.01,decoder_by_matrix,b84cf4b8ca220d31f17e1e2ea9ab927bbc4176b15682c650e7d1dd8f2758172b,"{""distance"":5,""physical_error_rate"":0.0005}","{""detection_events"":14100,""detectors_checked"":8529920}"
     58368,         0,         0,    5.97,decoder_by_matrix,b84cf4b8ca220d31f17e1e2ea9ab927bbc4176b15682c650e7d1dd8f2758172b,"{""distance"":5,""physical_error_rate"":0.0005}","{""detection_events"":17795,""detectors_checked"":9922560}"
     59392,         1,         0,    5.94,decoder_by_matrix,066a5d8d46981b593c3dec855f441edbe9e755a8873183448f69d036a2ecc650,"{""distance"":5,""physical_error_rate"":0.001}","{""detection_events"":35215,""detectors_checked"":10096640,""obs_mistake_mask=E___"":1}"
     58368,         0,         0,    6.00,decoder_by_matrix,b84cf4b8ca220d31f17e1e2ea9ab927bbc4176b15682c650e7d1dd8f2758172b,"{""distance"":5,""physical_error_rate"":0.0005}","{""detection_events"":17155,""detectors_checked"":9922560}"
     49152,         0,         0,    6.02,decoder_by_matrix,b84cf4b8ca220d31f17e1e2ea9ab927bbc4176b15682c650e7d1dd8f2758172b,"{""distance"":5,""physical_error_rate"":0.0005}","{""detection_events"":13670,""detectors_checked"":8355840}"
     55296,         0,         0,    6.00,decoder_by_matrix,b84cf4b8ca220d31f17e1e2ea9ab927bbc4176b15682c650e7d1dd8f2758172b,"{""distance"":5,""physical_error_rate"":0.0005}","{""detection_events"":14760,""detectors_checked"":9400320}"
     50176,         0,         0,    6.09,decoder_by_matrix,066a5d8d46981b593c3dec855f441edbe9e755a8873183448f69d036a2ecc650,"{""distance"":5,""physical_error_rate"":0.001}","{""detection_events"":28705,""detectors_checked"":8529920}"
     54272,         0,         0,    6.05,decoder_by_matrix,066a5d8d46981b593c3dec855f441edbe9e755a8873183448f69d036a2ecc650,"{""distance"":5,""physical_error_rate"":0.001}","{""detection_events"":30330,""detectors_checked"":9226240}"
     50176,         0,         0,    6.02,decoder_by_matrix,b84cf4b8ca220d31f17e1e2ea9ab927bbc4176b15682c650e7d1dd8f2758172b,"{""distance"":5,""physical_error_rate"":0.0005}","{""detection_events"":14680,""detectors_checked"":8529920}"
    217289,         0,         0,    24.4,decoder_by_matrix,b84cf4b8ca220d31f17e1e2ea9ab927bbc4176b15682c650e7d1dd8f2758172b,"{""distance"":5,""physical_error_rate"":0.0005}","{""detection_events"":62925,""detectors_checked"":36939130}"
    301056,         0,         0,    24.8,decoder_by_matrix,b84cf4b8ca220d31f17e1e2ea9ab927bbc4176b15682c650e7d1dd8f2758172b,"{""distance"":5,""physical_error_rate"":0.0005}","{""detection_events"":85485,""detectors_checked"":51179520}"
    291840,         0,         0,    24.9,decoder_by_matrix,b84cf4b8ca220d31f17e1e2ea9ab927bbc4176b15682c650e7d1dd8f2758172b,"{""distance"":5,""physical_error_rate"":0.0005}","{""detection_events"":83020,""detectors_checked"":49612800}"
   1143808,         2,         0,   119.6,decoder_by_matrix,066a5d8d46981b593c3dec855f441edbe9e755a8873183448f69d036a2ecc650,"{""distance"":5,""physical_error_rate"":0.001}","{""detection_events"":657190,""detectors_checked"":194447360,""obs_mistake_mask=E_EE"":1,""obs_mistake_mask=E___"":1}"
    265083,         0,         0,    25.8,decoder_by_matrix,b84cf4b8ca220d31f17e1e2ea9ab927bbc4176b15682c650e7d1dd8f2758172b,"{""distance"":5,""physical_error_rate"":0.0005}","{""detection_events"":75920,""detectors_checked"":45064110}"
    256000,         0,         0,    25.9,decoder_by_matrix,b84cf4b8ca220d31f17e1e2ea9ab927bbc4176b15682c650e7d1dd8f2758172b,"{""distance"":5,""physical_error_rate"":0.0005}","{""detection_events"":73040,""detectors_checked"":43520000}"
   1206272,         1,         0,   119.6,decoder_by_matrix,066a5d8d46981b593c3dec855f441edbe9e755a8873183448f69d036a2ecc650,"{""distance"":5,""physical_error_rate"":0.001}","{""detection_events"":683375,""detectors_checked"":205066240,""obs_mistake_mask=EE__"":1}"
    229334,         0,         0,    26.4,decoder_by_matrix,b84cf4b8ca220d31f17e1e2ea9ab927bbc4176b15682c650e7d1dd8f2758172b,"{""distance"":5,""physical_error_rate"":0.0005}","{""detection_events"":63675,""detectors_checked"":38986780}"
    219136,         0,         0,    25.9,decoder_by_matrix,b84cf4b8ca220d31f17e1e2ea9ab927bbc4176b15682c650e7d1dd8f2758172b,"{""distance"":5,""physical_error_rate"":0.0005}","{""detection_events"":62370,""detectors_checked"":37253120}"
    110592,         0,         0,    8.32,decoder_by_matrix,b84cf4b8ca220d31f17e1e2ea9ab927bbc4176b15682c650e7d1dd8f2758172b,"{""distance"":5,""physical_error_rate"":0.0005}","{""detection_events"":31920,""detectors_checked"":18800640}"
     80896,         0,         0,    8.35,decoder_by_matrix,066a5d8d46981b593c3dec855f441edbe9e755a8873183448f69d036a2ecc650,"{""distance"":5,""physical_error_rate"":0.001}","{""detection_events"":44860,""detectors_checked"":13752320}"
     81920,         0,         0,    8.41,decoder_by_matrix,066a5d8d46981b593c3dec855f441edbe9e755a8873183448f69d036a2ecc650,"{""distance"":5,""physical_error_rate"":0.001}","{""detection_events"":47810,""detectors_checked"":13926400}"
     69632,         0,         0,    8.34,decoder_by_matrix,066a5d8d46981b593c3dec855f441edbe9e755a8873183448f69d036a2ecc650,"{""distance"":5,""physical_error_rate"":0.001}","{""detection_events"":38880,""detectors_checked"":11837440}"
     67584,         0,         0,    8.30,decoder_by_matrix,b84cf4b8ca220d31f17e1e2ea9ab927bbc4176b15682c650e7d1dd8f2758172b,"{""distance"":5,""physical_error_rate"":0.0005}","{""detection_events"":18715,""detectors_checked"":11489280}"
     70656,         0,         0,    8.40,decoder_by_matrix,066a5d8d46981b593c3dec855f441edbe9e755a8873183448f69d036a2ecc650,"{""distance"":5,""physical_error_rate"":0.001}","{""detection_events"":40280,""detectors_checked"":12011520}"
     65536,         0,         0,    8.36,decoder_by_matrix,066a5d8d46981b593c3dec855f441edbe9e755a8873183448f69d036a2ecc650,"{""distance"":5,""physical_error_rate"":0.001}","{""detection_events"":36115,""detectors_checked"":11141120}"
     94208,         0,         0,    8.31,decoder_by_matrix,b84cf4b8ca220d31f17e1e2ea9ab927bbc4176b15682c650e7d1dd8f2758172b,"{""distance"":5,""physical_error_rate"":0.0005}","{""detection_events"":25605,""detectors_checked"":16015360}"
     69632,         0,         0,    8.38,decoder_by_matrix,b84cf4b8ca220d31f17e1e2ea9ab927bbc4176b15682c650e7d1dd8f2758172b,"{""distance"":5,""physical_error_rate"":0.0005}","{""detection_events"":20030,""detectors_checked"":11837440}"
     92160,         0,         0,    8.32,decoder_by_matrix,066a5d8d46981b593c3dec855f441edbe9e755a8873183448f69d036a2ecc650,"{""distance"":5,""physical_error_rate"":0.001}","{""detection_events"":51340,""detectors_checked"":15667200}"
     70656,         0,         0,    8.29,decoder_by_matrix,b84cf4b8ca220d31f17e1e2ea9ab927bbc4176b15682c650e7d1dd8f2758172b,"{""distance"":5,""physical_error_rate"":0.0005}","{""detection_events"":20200,""detectors_checked"":12011520}"
     69632,         0,         0,    8.35,decoder_by_matrix,b84cf4b8ca220d31f17e1e2ea9ab927bbc4176b15682c650e7d1dd8f2758172b,"{""distance"":5,""physical_error_rate"":0.0005}","{""detection_events"":19295,""detectors_checked"":11837440}"
     92160,         0,         0,    8.30,decoder_by_matrix,b84cf4b8ca220d31f17e1e2ea9ab927bbc4176b15682c650e7d1dd8f2758172b,"{""distance"":5,""physical_error_rate"":0.0005}","{""detection_events"":26045,""detectors_checked"":15667200}"
     69632,         0,         0,    8.38,decoder_by_matrix,066a5d8d46981b593c3dec855f441edbe9e755a8873183448f69d036a2ecc650,"{""distance"":5,""physical_error_rate"":0.001}","{""detection_events"":39955,""detectors_checked"":11837440}"
     70656,         1,         0,    8.37,decoder_by_matrix,066a5d8d46981b593c3dec855f441edbe9e755a8873183448f69d036a2ecc650,"{""distance"":5,""physical_error_rate"":0.001}","{""detection_events"":39525,""detectors_checked"":12011520,""obs_mistake_mask=_E__"":1}"
     68608,         0,         0,    8.29,decoder_by_matrix,b84cf4b8ca220d31f17e1e2ea9ab927bbc4176b15682c650e7d1dd8f2758172b,"{""distance"":5,""physical_error_rate"":0.0005}","{""detection_events"":19690,""detectors_checked"":11663360}"
    209112,         0,         0,    19.1,decoder_by_matrix,b84cf4b8ca220d31f17e1e2ea9ab927bbc4176b15682c650e7d1dd8f2758172b,"{""distance"":5,""physical_error_rate"":0.0005}","{""detection_events"":58760,""detectors_checked"":35549040}"
    179200,         0,         0,    19.0,decoder_by_matrix,b84cf4b8ca220d31f17e1e2ea9ab927bbc4176b15682c650e7d1dd8f2758172b,"{""distance"":5,""physical_error_rate"":0.0005}","{""detection_events"":51105,""detectors_checked"":30464000}"
    208896,         0,         0,    19.0,decoder_by_matrix,b84cf4b8ca220d31f17e1e2ea9ab927bbc4176b15682c650e7d1dd8f2758172b,"{""distance"":5,""physical_error_rate"":0.0005}","{""detection_events"":60310,""detectors_checked"":35512320}"
    181248,         1,         0,    19.1,decoder_by_matrix,b84cf4b8ca220d31f17e1e2ea9ab927bbc4176b15682c650e7d1dd8f2758172b,"{""distance"":5,""physical_error_rate"":0.0005}","{""detection_events"":50845,""detectors_checked"":30812160,""obs_mistake_mask=_E_E"":1}"
    208896,         0,         0,    19.2,decoder_by_matrix,b84cf4b8ca220d31f17e1e2ea9ab927bbc4176b15682c650e7d1dd8f2758172b,"{""distance"":5,""physical_error_rate"":0.0005}","{""detection_events"":56870,""detectors_checked"":35512320}"
    166912,         0,         0,    16.3,decoder_by_matrix,b84cf4b8ca220d31f17e1e2ea9ab927bbc4176b15682c650e7d1dd8f2758172b,"{""distance"":5,""physical_error_rate"":0.0005}","{""detection_events"":47030,""detectors_checked"":28375040}"
       216,         0,         0,   0.084,decoder_by_matrix,b84cf4b8ca220d31f17e1e2ea9ab927bbc4176b15682c650e7d1dd8f2758172b,"{""distance"":5,""physical_error_rate"":0.0005}","{""detection_events"":45,""detectors_checked"":36720}"
    128000,         0,         0,    9.35,decoder_by_matrix,b84cf4b8ca220d31f17e1e2ea9ab927bbc4176b15682c650e7d1dd8f2758172b,"{""distance"":5,""physical_error_rate"":0.0005}","{""detection_events"":35565,""detectors_checked"":21760000}"
    164473,         0,         0,    16.4,decoder_by_matrix,b84cf4b8ca220d31f17e1e2ea9ab927bbc4176b15682c650e7d1dd8f2758172b,"{""distance"":5,""physical_error_rate"":0.0005}","{""detection_events"":45435,""detectors_checked"":27960410}"
    128000,         0,         0,    16.5,decoder_by_matrix,b84cf4b8ca220d31f17e1e2ea9ab927bbc4176b15682c650e7d1dd8f2758172b,"{""distance"":5,""physical_error_rate"":0.0005}","{""detection_events"":34425,""detectors_checked"":21760000}"
    155648,         0,         0,    19.3,decoder_by_matrix,b84cf4b8ca220d31f17e1e2ea9ab927bbc4176b15682c650e7d1dd8f2758172b,"{""distance"":5,""physical_error_rate"":0.0005}","{""detection_events"":45525,""detectors_checked"":26460160}"
    125083,         0,         0,    11.0,decoder_by_matrix,b84cf4b8ca220d31f17e1e2ea9ab927bbc4176b15682c650e7d1dd8f2758172b,"{""distance"":5,""physical_error_rate"":0.0005}","{""detection_events"":34905,""detectors_checked"":21264110}"
    113664,         0,         0,    10.1,decoder_by_matrix,b84cf4b8ca220d31f17e1e2ea9ab927bbc4176b15682c650e7d1dd8f2758172b,"{""distance"":5,""physical_error_rate"":0.0005}","{""detection_events"":33155,""detectors_checked"":19322880}"
    108544,         0,         0,    9.58,decoder_by_matrix,b84cf4b8ca220d31f17e1e2ea9ab927bbc4176b15682c650e7d1dd8f2758172b,"{""distance"":5,""physical_error_rate"":0.0005}","{""detection_events"":31465,""detectors_checked"":18452480}"
     95866,         0,         0,    11.6,decoder_by_matrix,b84cf4b8ca220d31f17e1e2ea9ab927bbc4176b15682c650e7d1dd8f2758172b,"{""distance"":5,""physical_error_rate"":0.0005}","{""detection_events"":26785,""detectors_checked"":16297220}"
     86016,         0,         0,    6.44,decoder_by_matrix,b84cf4b8ca220d31f17e1e2ea9ab927bbc4176b15682c650e7d1dd8f2758172b,"{""distance"":5,""physical_error_rate"":0.0005}","{""detection_events"":24975,""detectors_checked"":14622720}"
     83968,         0,         0,    11.5,decoder_by_matrix,b84cf4b8ca220d31f17e1e2ea9ab927bbc4176b15682c650e7d1dd8f2758172b,"{""distance"":5,""physical_error_rate"":0.0005}","{""detection_events"":24400,""detectors_checked"":14274560}"
     82613,         0,         0,    10.2,decoder_by_matrix,b84cf4b8ca220d31f17e1e2ea9ab927bbc4176b15682c650e7d1dd8f2758172b,"{""distance"":5,""physical_error_rate"":0.0005}","{""detection_events"":23650,""detectors_checked"":14044210}"
     72088,         0,         0,    6.40,decoder_by_matrix,b84cf4b8ca220d31f17e1e2ea9ab927bbc4176b15682c650e7d1dd8f2758172b,"{""distance"":5,""physical_error_rate"":0.0005}","{""detection_events"":20155,""detectors_checked"":12254960}"
     70656,         0,         0,    6.30,decoder_by_matrix,b84cf4b8ca220d31f17e1e2ea9ab927bbc4176b15682c650e7d1dd8f2758172b,"{""distance"":5,""physical_error_rate"":0.0005}","{""detection_events"":19115,""detectors_checked"":12011520}"
     69084,         0,         0,    8.21,decoder_by_matrix,b84cf4b8ca220d31f17e1e2ea9ab927bbc4176b15682c650e7d1dd8f2758172b,"{""distance"":5,""physical_error_rate"":0.0005}","{""detection_events"":19405,""detectors_checked"":11744280}"
     68608,         0,         0,    7.98,decoder_by_matrix,b84cf4b8ca220d31f17e1e2ea9ab927bbc4176b15682c650e7d1dd8f2758172b,"{""distance"":5,""physical_error_rate"":0.0005}","{""detection_events"":20125,""detectors_checked"":11663360}"
     65536,         0,         0,    7.91,decoder_by_matrix,b84cf4b8ca220d31f17e1e2ea9ab927bbc4176b15682c650e7d1dd8f2758172b,"{""distance"":5,""physical_error_rate"":0.0005}","{""detection_events"":17865,""detectors_checked"":11141120}"
     68608,         0,         0,    8.09,decoder_by_matrix,b84cf4b8ca220d31f17e1e2ea9ab927bbc4176b15682c650e7d1dd8f2758172b,"{""distance"":5,""physical_error_rate"":0.0005}","{""detection_events"":18790,""detectors_checked"":11663360}"
     66560,         0,         0,    8.06,decoder_by_matrix,b84cf4b8ca220d31f17e1e2ea9ab927bbc4176b15682c650e7d1dd8f2758172b,"{""distance"":5,""physical_error_rate"":0.0005}","{""detection_events"":19510,""detectors_checked"":11315200}"
       476,         0,         0,   0.092,decoder_by_matrix,b84cf4b8ca220d31f17e1e2ea9ab927bbc4176b15682c650e7d1dd8f2758172b,"{""distance"":5,""physical_error_rate"":0.0005}","{""detection_events"":80,""detectors_checked"":80920}"
     28460,         0,         0,    2.56,decoder_by_matrix,b84cf4b8ca220d31f17e1e2ea9ab927bbc4176b15682c650e7d1dd8f2758172b,"{""distance"":5,""physical_error_rate"":0.0005}","{""detection_events"":8880,""detectors_checked"":4838200}"
     50835,         0,         0,    4.22,decoder_by_matrix,b84cf4b8ca220d31f17e1e2ea9ab927bbc4176b15682c650e7d1dd8f2758172b,"{""distance"":5,""physical_error_rate"":0.0005}","{""detection_events"":13805,""detectors_checked"":8641950}"
     49152,         0,         0,    4.32,decoder_by_matrix,b84cf4b8ca220d31f17e1e2ea9ab927bbc4176b15682c650e7d1dd8f2758172b,"{""distance"":5,""physical_error_rate"":0.0005}","{""detection_events"":13895,""detectors_checked"":8355840}"
     49152,         0,         0,    4.48,decoder_by_matrix,b84cf4b8ca220d31f17e1e2ea9ab927bbc4176b15682c650e7d1dd8f2758172b,"{""distance"":5,""physical_error_rate"":0.0005}","{""detection_events"":14870,""detectors_checked"":8355840}"
     48717,         0,         0,    4.53,decoder_by_matrix,b84cf4b8ca220d31f17e1e2ea9ab927bbc4176b15682c650e7d1dd8f2758172b,"{""distance"":5,""physical_error_rate"":0.0005}","{""detection_events"":13915,""detectors_checked"":8281890}"
     47104,         0,         0,    4.59,decoder_by_matrix,b84cf4b8ca220d31f17e1e2ea9ab927bbc4176b15682c650e7d1dd8f2758172b,"{""distance"":5,""physical_error_rate"":0.0005}","{""detection_events"":12770,""detectors_checked"":8007680}"
     48717,         0,         0,    4.48,decoder_by_matrix,b84cf4b8ca220d31f17e1e2ea9ab927bbc4176b15682c650e7d1dd8f2758172b,"{""distance"":5,""physical_error_rate"":0.0005}","{""detection_events"":14905,""detectors_checked"":8281890}"
     42591,         0,         0,    3.26,decoder_by_matrix,b84cf4b8ca220d31f17e1e2ea9ab927bbc4176b15682c650e7d1dd8f2758172b,"{""distance"":5,""physical_error_rate"":0.0005}","{""detection_events"":10995,""detectors_checked"":7240470}"
     41984,         0,         0,    3.78,decoder_by_matrix,b84cf4b8ca220d31f17e1e2ea9ab927bbc4176b15682c650e7d1dd8f2758172b,"{""distance"":5,""physical_error_rate"":0.0005}","{""detection_events"":11595,""detectors_checked"":7137280}"
     40960,         0,         0,    4.60,decoder_by_matrix,b84cf4b8ca220d31f17e1e2ea9ab927bbc4176b15682c650e7d1dd8f2758172b,"{""distance"":5,""physical_error_rate"":0.0005}","{""detection_events"":12035,""detectors_checked"":6963200}"
     36864,         0,         0,    3.32,decoder_by_matrix,b84cf4b8ca220d31f17e1e2ea9ab927bbc4176b15682c650e7d1dd8f2758172b,"{""distance"":5,""physical_error_rate"":0.0005}","{""detection_events"":10645,""detectors_checked"":6266880}"
     38598,         0,         0,    4.44,decoder_by_matrix,b84cf4b8ca220d31f17e1e2ea9ab927bbc4176b15682c650e7d1dd8f2758172b,"{""distance"":5,""physical_error_rate"":0.0005}","{""detection_events"":11450,""detectors_checked"":6561660}"
     38598,         0,         0,    3.89,decoder_by_matrix,b84cf4b8ca220d31f17e1e2ea9ab927bbc4176b15682c650e7d1dd8f2758172b,"{""distance"":5,""physical_error_rate"":0.0005}","{""detection_events"":9795,""detectors_checked"":6561660}"
     38598,         0,         0,    4.55,decoder_by_matrix,b84cf4b8ca220d31f17e1e2ea9ab927bbc4176b15682c650e7d1dd8f2758172b,"{""distance"":5,""physical_error_rate"":0.0005}","{""detection_events"":11065,""detectors_checked"":6561660}"
     36824,         0,         0,    3.92,decoder_by_matrix,b84cf4b8ca220d31f17e1e2ea9ab927bbc4176b15682c650e7d1dd8f2758172b,"{""distance"":5,""physical_error_rate"":0.0005}","{""detection_events"":10765,""detectors_checked"":6260080}"
     41984,         0,         0,    4.88,decoder_by_matrix,b84cf4b8ca220d31f17e1e2ea9ab927bbc4176b15682c650e7d1dd8f2758172b,"{""distance"":5,""physical_error_rate"":0.0005}","{""detection_events"":12145,""detectors_checked"":7137280}"
     34816,         0,         0,    3.22,decoder_by_matrix,b84cf4b8ca220d31f17e1e2ea9ab927bbc4176b15682c650e7d1dd8f2758172b,"{""distance"":5,""physical_error_rate"":0.0005}","{""detection_events"":10665,""detectors_checked"":5918720}"
     29696,         0,         0,    3.31,decoder_by_matrix,b84cf4b8ca220d31f17e1e2ea9ab927bbc4176b15682c650e7d1dd8f2758172b,"{""distance"":5,""physical_error_rate"":0.0005}","{""detection_events"":8065,""detectors_checked"":5048320}"
     30224,         0,         0,    3.58,decoder_by_matrix,b84cf4b8ca220d31f17e1e2ea9ab927bbc4176b15682c650e7d1dd8f2758172b,"{""distance"":5,""physical_error_rate"":0.0005}","{""detection_events"":8570,""detectors_checked"":5138080}"
     19776,         0,         0,    1.88,decoder_by_matrix,b84cf4b8ca220d31f17e1e2ea9ab927bbc4176b15682c650e7d1dd8f2758172b,"{""distance"":5,""physical_error_rate"":0.0005}","{""detection_events"":5790,""detectors_checked"":3361920}"
     19776,         0,         0,    1.96,decoder_by_matrix,b84cf4b8ca220d31f17e1e2ea9ab927bbc4176b15682c650e7d1dd8f2758172b,"{""distance"":5,""physical_error_rate"":0.0005}","{""detection_events"":5660,""detectors_checked"":3361920}"
       824,         0,         0,   0.066,decoder_by_matrix,b84cf4b8ca220d31f17e1e2ea9ab927bbc4176b15682c650e7d1dd8f2758172b,"{""distance"":5,""physical_error_rate"":0.0005}","{""detection_events"":330,""detectors_checked"":140080}"
     18952,         0,         0,    2.04,decoder_by_matrix,b84cf4b8ca220d31f17e1e2ea9ab927bbc4176b15682c650e7d1dd8f2758172b,"{""distance"":5,""physical_error_rate"":0.0005}","{""detection_events"":5650,""detectors_checked"":3221840}"
     19456,         0,         0,    2.05,decoder_by_matrix,b84cf4b8ca220d31f17e1e2ea9ab927bbc4176b15682c650e7d1dd8f2758172b,"{""distance"":5,""physical_error_rate"":0.0005}","{""detection_events"":5535,""detectors_checked"":3307520}"
       824,         0,         0,   0.112,decoder_by_matrix,b84cf4b8ca220d31f17e1e2ea9ab927bbc4176b15682c650e7d1dd8f2758172b,"{""distance"":5,""physical_error_rate"":0.0005}","{""detection_events"":135,""detectors_checked"":140080}"
     18952,         0,         0,    2.12,decoder_by_matrix,b84cf4b8ca220d31f17e1e2ea9ab927bbc4176b15682c650e7d1dd8f2758172b,"{""distance"":5,""physical_error_rate"":0.0005}","{""detection_events"":5595,""detectors_checked"":3221840}"
    589824,         1,         0,    62.8,decoder_by_matrix,066a5d8d46981b593c3dec855f441edbe9e755a8873183448f69d036a2ecc650,"{""distance"":5,""physical_error_rate"":0.001}","{""detection_events"":332670,""detectors_checked"":100270080,""obs_mistake_mask=___E"":1}"
    573440,         2,         0,    62.9,decoder_by_matrix,066a5d8d46981b593c3dec855f441edbe9e755a8873183448f69d036a2ecc650,"{""distance"":5,""physical_error_rate"":0.001}","{""detection_events"":325705,""detectors_checked"":97484800,""obs_mistake_mask=_EE_"":1,""obs_mistake_mask=_E__"":1}"
     17304,         0,         0,    1.48,decoder_by_matrix,b84cf4b8ca220d31f17e1e2ea9ab927bbc4176b15682c650e7d1dd8f2758172b,"{""distance"":5,""physical_error_rate"":0.0005}","{""detection_events"":5050,""detectors_checked"":2941680}"
     15360,         0,         0,    1.54,decoder_by_matrix,b84cf4b8ca220d31f17e1e2ea9ab927bbc4176b15682c650e7d1dd8f2758172b,"{""distance"":5,""physical_error_rate"":0.0005}","{""detection_events"":4930,""detectors_checked"":2611200}"
     17304,         0,         0,    1.63,decoder_by_matrix,b84cf4b8ca220d31f17e1e2ea9ab927bbc4176b15682c650e7d1dd8f2758172b,"{""distance"":5,""physical_error_rate"":0.0005}","{""detection_events"":4830,""detectors_checked"":2941680}"
     16384,         0,         0,    1.59,decoder_by_matrix,b84cf4b8ca220d31f17e1e2ea9ab927bbc4176b15682c650e7d1dd8f2758172b,"{""distance"":5,""physical_error_rate"":0.0005}","{""detection_events"":4805,""detectors_checked"":2785280}"
     15360,         0,         0,    1.46,decoder_by_matrix,b84cf4b8ca220d31f17e1e2ea9ab927bbc4176b15682c650e7d1dd8f2758172b,"{""distance"":5,""physical_error_rate"":0.0005}","{""detection_events"":4575,""detectors_checked"":2611200}"
     14948,         0,         0,    1.29,decoder_by_matrix,b84cf4b8ca220d31f17e1e2ea9ab927bbc4176b15682c650e7d1dd8f2758172b,"{""distance"":5,""physical_error_rate"":0.0005}","{""detection_events"":4060,""detectors_checked"":2541160}"
     14948,         0,         0,    1.39,decoder_by_matrix,b84cf4b8ca220d31f17e1e2ea9ab927bbc4176b15682c650e7d1dd8f2758172b,"{""distance"":5,""physical_error_rate"":0.0005}","{""detection_events"":5110,""detectors_checked"":2541160}"
     14948,         0,         0,    1.48,decoder_by_matrix,b84cf4b8ca220d31f17e1e2ea9ab927bbc4176b15682c650e7d1dd8f2758172b,"{""distance"":5,""physical_error_rate"":0.0005}","{""detection_events"":4150,""detectors_checked"":2541160}"
     14948,         0,         0,    1.48,decoder_by_matrix,b84cf4b8ca220d31f17e1e2ea9ab927bbc4176b15682c650e7d1dd8f2758172b,"{""distance"":5,""physical_error_rate"":0.0005}","{""detection_events"":4085,""detectors_checked"":2541160}"
     11264,         0,         0,    1.29,decoder_by_matrix,b84cf4b8ca220d31f17e1e2ea9ab927bbc4176b15682c650e7d1dd8f2758172b,"{""distance"":5,""physical_error_rate"":0.0005}","{""detection_events"":3320,""detectors_checked"":1914880}"
     14336,         0,         0,    1.39,decoder_by_matrix,b84cf4b8ca220d31f17e1e2ea9ab927bbc4176b15682c650e7d1dd8f2758172b,"{""distance"":5,""physical_error_rate"":0.0005}","{""detection_events"":3965,""detectors_checked"":2437120}"
     12288,         0,         0,    1.33,decoder_by_matrix,b84cf4b8ca220d31f17e1e2ea9ab927bbc4176b15682c650e7d1dd8f2758172b,"{""distance"":5,""physical_error_rate"":0.0005}","{""detection_events"":3340,""detectors_checked"":2088960}"
     13312,         0,         0,    1.49,decoder_by_matrix,b84cf4b8ca220d31f17e1e2ea9ab927bbc4176b15682c650e7d1dd8f2758172b,"{""distance"":5,""physical_error_rate"":0.0005}","{""detection_events"":3500,""detectors_checked"":2263040}"
     13312,         0,         0,    1.22,decoder_by_matrix,b84cf4b8ca220d31f17e1e2ea9ab927bbc4176b15682c650e7d1dd8f2758172b,"{""distance"":5,""physical_error_rate"":0.0005}","{""detection_events"":3400,""detectors_checked"":2263040}"
     11264,         0,         0,    1.35,decoder_by_matrix,b84cf4b8ca220d31f17e1e2ea9ab927bbc4176b15682c650e7d1dd8f2758172b,"{""distance"":5,""physical_error_rate"":0.0005}","{""detection_events"":3520,""detectors_checked"":1914880}"
     13312,         0,         0,    1.52,decoder_by_matrix,b84cf4b8ca220d31f17e1e2ea9ab927bbc4176b15682c650e7d1dd8f2758172b,"{""distance"":5,""physical_error_rate"":0.0005}","{""detection_events"":3435,""detectors_checked"":2263040}"
     13587,         0,         0,    1.39,decoder_by_matrix,b84cf4b8ca220d31f17e1e2ea9ab927bbc4176b15682c650e7d1dd8f2758172b,"{""distance"":5,""physical_error_rate"":0.0005}","{""detection_events"":4000,""detectors_checked"":2309790}"
      6144,         0,         0,   0.688,decoder_by_matrix,b84cf4b8ca220d31f17e1e2ea9ab927bbc4176b15682c650e7d1dd8f2758172b,"{""distance"":5,""physical_error_rate"":0.0005}","{""detection_events"":1560,""detectors_checked"":1044480}"
      9216,         0,         0,   0.767,decoder_by_matrix,b84cf4b8ca220d31f17e1e2ea9ab927bbc4176b15682c650e7d1dd8f2758172b,"{""distance"":5,""physical_error_rate"":0.0005}","{""detection_events"":2220,""detectors_checked"":1566720}"
       612,         0,         0,   0.103,decoder_by_matrix,b84cf4b8ca220d31f17e1e2ea9ab927bbc4176b15682c650e7d1dd8f2758172b,"{""distance"":5,""physical_error_rate"":0.0005}","{""detection_events"":195,""detectors_checked"":104040}"
      6144,         0,         0,   0.663,decoder_by_matrix,b84cf4b8ca220d31f17e1e2ea9ab927bbc4176b15682c650e7d1dd8f2758172b,"{""distance"":5,""physical_error_rate"":0.0005}","{""detection_events"":1990,""detectors_checked"":1044480}"
      6144,         0,         0,   0.666,decoder_by_matrix,b84cf4b8ca220d31f17e1e2ea9ab927bbc4176b15682c650e7d1dd8f2758172b,"{""distance"":5,""physical_error_rate"":0.0005}","{""detection_events"":1645,""detectors_checked"":1044480}"
      1984,         0,         0,   0.152,decoder_by_matrix,b84cf4b8ca220d31f17e1e2ea9ab927bbc4176b15682c650e7d1dd8f2758172b,"{""distance"":5,""physical_error_rate"":0.0005}","{""detection_events"":500,""detectors_checked"":337280}"
     11642,         0,         0,    1.40,decoder_by_matrix,b84cf4b8ca220d31f17e1e2ea9ab927bbc4176b15682c650e7d1dd8f2758172b,"{""distance"":5,""physical_error_rate"":0.0005}","{""detection_events"":3155,""detectors_checked"":1979140}"
     11642,         0,         0,    1.33,decoder_by_matrix,b84cf4b8ca220d31f17e1e2ea9ab927bbc4176b15682c650e7d1dd8f2758172b,"{""distance"":5,""physical_error_rate"":0.0005}","{""detection_events"":3190,""detectors_checked"":1979140}"
      7168,         0,         0,   0.771,decoder_by_matrix,b84cf4b8ca220d31f17e1e2ea9ab927bbc4176b15682c650e7d1dd8f2758172b,"{""distance"":5,""physical_error_rate"":0.0005}","{""detection_events"":2150,""detectors_checked"":1218560}"
      1636,         0,         0,   0.163,decoder_by_matrix,b84cf4b8ca220d31f17e1e2ea9ab927bbc4176b15682c650e7d1dd8f2758172b,"{""distance"":5,""physical_error_rate"":0.0005}","{""detection_events"":520,""detectors_checked"":278120}"
      2356,         0,         0,   0.252,decoder_by_matrix,b84cf4b8ca220d31f17e1e2ea9ab927bbc4176b15682c650e7d1dd8f2758172b,"{""distance"":5,""physical_error_rate"":0.0005}","{""detection_events"":715,""detectors_checked"":400520}"
      1756,         0,         0,   0.148,decoder_by_matrix,b84cf4b8ca220d31f17e1e2ea9ab927bbc4176b15682c650e7d1dd8f2758172b,"{""distance"":5,""physical_error_rate"":0.0005}","{""detection_events"":510,""detectors_checked"":298520}"
      4096,         0,         0,   0.365,decoder_by_matrix,b84cf4b8ca220d31f17e1e2ea9ab927bbc4176b15682c650e7d1dd8f2758172b,"{""distance"":5,""physical_error_rate"":0.0005}","{""detection_events"":1065,""detectors_checked"":696320}"
       985,         0,         0,   0.081,decoder_by_matrix,b84cf4b8ca220d31f17e1e2ea9ab927bbc4176b15682c650e7d1dd8f2758172b,"{""distance"":5,""physical_error_rate"":0.0005}","{""detection_events"":180,""detectors_checked"":167450}"
      4096,         0,         0,   0.353,decoder_by_matrix,b84cf4b8ca220d31f17e1e2ea9ab927bbc4176b15682c650e7d1dd8f2758172b,"{""distance"":5,""physical_error_rate"":0.0005}","{""detection_events"":1120,""detectors_checked"":696320}"
       477,         0,         0,   0.088,decoder_by_matrix,b84cf4b8ca220d31f17e1e2ea9ab927bbc4176b15682c650e7d1dd8f2758172b,"{""distance"":5,""physical_error_rate"":0.0005}","{""detection_events"":110,""detectors_checked"":81090}"
       517,         0,         0,   0.076,decoder_by_matrix,b84cf4b8ca220d31f17e1e2ea9ab927bbc4176b15682c650e7d1dd8f2758172b,"{""distance"":5,""physical_error_rate"":0.0005}","{""detection_events"":140,""detectors_checked"":87890}"
      3072,         0,         0,   0.266,decoder_by_matrix,b84cf4b8ca220d31f17e1e2ea9ab927bbc4176b15682c650e7d1dd8f2758172b,"{""distance"":5,""physical_error_rate"":0.0005}","{""detection_events"":850,""detectors_checked"":522240}"
       109,         0,         0,   0.069,decoder_by_matrix,b84cf4b8ca220d31f17e1e2ea9ab927bbc4176b15682c650e7d1dd8f2758172b,"{""distance"":5,""physical_error_rate"":0.0005}","{""detection_events"":55,""detectors_checked"":18530}"
        77,         0,         0,   0.087,decoder_by_matrix,b84cf4b8ca220d31f17e1e2ea9ab927bbc4176b15682c650e7d1dd8f2758172b,"{""distance"":5,""physical_error_rate"":0.0005}","{""detection_events"":40,""detectors_checked"":13090}"
      3750,         0,         0,   0.358,decoder_by_matrix,b84cf4b8ca220d31f17e1e2ea9ab927bbc4176b15682c650e7d1dd8f2758172b,"{""distance"":5,""physical_error_rate"":0.0005}","{""detection_events"":900,""detectors_checked"":637500}"
      4096,         0,         0,   0.398,decoder_by_matrix,b84cf4b8ca220d31f17e1e2ea9ab927bbc4176b15682c650e7d1dd8f2758172b,"{""distance"":5,""physical_error_rate"":0.0005}","{""detection_events"":1205,""detectors_checked"":696320}"
      1516,         0,         0,   0.198,decoder_by_matrix,b84cf4b8ca220d31f17e1e2ea9ab927bbc4176b15682c650e7d1dd8f2758172b,"{""distance"":5,""physical_error_rate"":0.0005}","{""detection_events"":415,""detectors_checked"":257720}"
      1803,         0,         0,   0.161,decoder_by_matrix,b84cf4b8ca220d31f17e1e2ea9ab927bbc4176b15682c650e7d1dd8f2758172b,"{""distance"":5,""physical_error_rate"":0.0005}","{""detection_events"":435,""detectors_checked"":306510}"
      1636,         0,         0,   0.220,decoder_by_matrix,b84cf4b8ca220d31f17e1e2ea9ab927bbc4176b15682c650e7d1dd8f2758172b,"{""distance"":5,""physical_error_rate"":0.0005}","{""detection_events"":570,""detectors_checked"":278120}"
      3072,         0,         0,   0.329,decoder_by_matrix,b84cf4b8ca220d31f17e1e2ea9ab927bbc4176b15682c650e7d1dd8f2758172b,"{""distance"":5,""physical_error_rate"":0.0005}","{""detection_events"":955,""detectors_checked"":522240}"
      4235,         0,         0,   0.450,decoder_by_matrix,b84cf4b8ca220d31f17e1e2ea9ab927bbc4176b15682c650e7d1dd8f2758172b,"{""distance"":5,""physical_error_rate"":0.0005}","{""detection_events"":1275,""detectors_checked"":719950}"
      2660,         0,         0,   0.329,decoder_by_matrix,b84cf4b8ca220d31f17e1e2ea9ab927bbc4176b15682c650e7d1dd8f2758172b,"{""distance"":5,""physical_error_rate"":0.0005}","{""detection_events"":985,""detectors_checked"":452200}"
       339,         0,         0,   0.059,decoder_by_matrix,b84cf4b8ca220d31f17e1e2ea9ab927bbc4176b15682c650e7d1dd8f2758172b,"{""distance"":5,""physical_error_rate"":0.0005}","{""detection_events"":75,""detectors_checked"":57630}"
       139,         0,         0,   0.044,decoder_by_matrix,b84cf4b8ca220d31f17e1e2ea9ab927bbc4176b15682c650e7d1dd8f2758172b,"{""distance"":5,""physical_error_rate"":0.0005}","{""detection_events"":5,""detectors_checked"":23630}"
       678,         0,         0,   0.058,decoder_by_matrix,b84cf4b8ca220d31f17e1e2ea9ab927bbc4176b15682c650e7d1dd8f2758172b,"{""distance"":5,""physical_error_rate"":0.0005}","{""detection_events"":195,""detectors_checked"":115260}"
       180,         0,         0,   0.070,decoder_by_matrix,b84cf4b8ca220d31f17e1e2ea9ab927bbc4176b15682c650e7d1dd8f2758172b,"{""distance"":5,""physical_error_rate"":0.0005}","{""detection_events"":75,""detectors_checked"":30600}"
      4096,         0,         0,   0.449,decoder_by_matrix,b84cf4b8ca220d31f17e1e2ea9ab927bbc4176b15682c650e7d1dd8f2758172b,"{""distance"":5,""physical_error_rate"":0.0005}","{""detection_events"":1135,""detectors_checked"":696320}"
      2039,         0,         0,   0.213,decoder_by_matrix,b84cf4b8ca220d31f17e1e2ea9ab927bbc4176b15682c650e7d1dd8f2758172b,"{""distance"":5,""physical_error_rate"":0.0005}","{""detection_events"":630,""detectors_checked"":346630}"
      1198,         0,         0,   0.177,decoder_by_matrix,b84cf4b8ca220d31f17e1e2ea9ab927bbc4176b15682c650e7d1dd8f2758172b,"{""distance"":5,""physical_error_rate"":0.0005}","{""detection_events"":285,""detectors_checked"":203660}"
       139,         0,         0,   0.072,decoder_by_matrix,b84cf4b8ca220d31f17e1e2ea9ab927bbc4176b15682c650e7d1dd8f2758172b,"{""distance"":5,""physical_error_rate"":0.0005}","{""detection_events"":75,""detectors_checked"":23630}"
       139,         0,         0,   0.030,decoder_by_matrix,b84cf4b8ca220d31f17e1e2ea9ab927bbc4176b15682c650e7d1dd8f2758172b,"{""distance"":5,""physical_error_rate"":0.0005}","{""detection_events"":30,""detectors_checked"":23630}"
       193,         0,         0,   0.055,decoder_by_matrix,b84cf4b8ca220d31f17e1e2ea9ab927bbc4176b15682c650e7d1dd8f2758172b,"{""distance"":5,""physical_error_rate"":0.0005}","{""detection_events"":140,""detectors_checked"":32810}"
      1260,         0,         0,   0.122,decoder_by_matrix,b84cf4b8ca220d31f17e1e2ea9ab927bbc4176b15682c650e7d1dd8f2758172b,"{""distance"":5,""physical_error_rate"":0.0005}","{""detection_events"":215,""detectors_checked"":214200}"
       383,         0,         0,   0.053,decoder_by_matrix,b84cf4b8ca220d31f17e1e2ea9ab927bbc4176b15682c650e7d1dd8f2758172b,"{""distance"":5,""physical_error_rate"":0.0005}","{""detection_events"":160,""detectors_checked"":65110}"
       813,         0,         0,   0.036,decoder_by_matrix,b84cf4b8ca220d31f17e1e2ea9ab927bbc4176b15682c650e7d1dd8f2758172b,"{""distance"":5,""physical_error_rate"":0.0005}","{""detection_events"":190,""detectors_checked"":138210}"
      1219,         0,         0,   0.130,decoder_by_matrix,b84cf4b8ca220d31f17e1e2ea9ab927bbc4176b15682c650e7d1dd8f2758172b,"{""distance"":5,""physical_error_rate"":0.0005}","{""detection_events"":355,""detectors_checked"":207230}"
       367,         0,         0,   0.084,decoder_by_matrix,b84cf4b8ca220d31f17e1e2ea9ab927bbc4176b15682c650e7d1dd8f2758172b,"{""distance"":5,""physical_error_rate"":0.0005}","{""detection_events"":105,""detectors_checked"":62390}"
      2898,         0,         0,   0.307,decoder_by_matrix,b84cf4b8ca220d31f17e1e2ea9ab927bbc4176b15682c650e7d1dd8f2758172b,"{""distance"":5,""physical_error_rate"":0.0005}","{""detection_events"":600,""detectors_checked"":492660}"
        59,         0,         0,   0.059,decoder_by_matrix,b84cf4b8ca220d31f17e1e2ea9ab927bbc4176b15682c650e7d1dd8f2758172b,"{""distance"":5,""physical_error_rate"":0.0005}","{""detection_events"":5,""detectors_checked"":10030}"
      2515,         0,         0,   0.230,decoder_by_matrix,b84cf4b8ca220d31f17e1e2ea9ab927bbc4176b15682c650e7d1dd8f2758172b,"{""distance"":5,""physical_error_rate"":0.0005}","{""detection_events"":920,""detectors_checked"":427550}"
        50,         0,         0,   0.045,decoder_by_matrix,b84cf4b8ca220d31f17e1e2ea9ab927bbc4176b15682c650e7d1dd8f2758172b,"{""distance"":5,""physical_error_rate"":0.0005}","{""detectors_checked"":8500}"
      2515,         0,         0,   0.314,decoder_by_matrix,b84cf4b8ca220d31f17e1e2ea9ab927bbc4176b15682c650e7d1dd8f2758172b,"{""distance"":5,""physical_error_rate"":0.0005}","{""detection_events"":885,""detectors_checked"":427550}"
      2344,         0,         0,   0.282,decoder_by_matrix,b84cf4b8ca220d31f17e1e2ea9ab927bbc4176b15682c650e7d1dd8f2758172b,"{""distance"":5,""physical_error_rate"":0.0005}","{""detection_events"":620,""detectors_checked"":398480}"
      1506,         0,         0,   0.187,decoder_by_matrix,b84cf4b8ca220d31f17e1e2ea9ab927bbc4176b15682c650e7d1dd8f2758172b,"{""distance"":5,""physical_error_rate"":0.0005}","{""detection_events"":345,""detectors_checked"":256020}"
         2,         0,         0,   0.084,decoder_by_matrix,b84cf4b8ca220d31f17e1e2ea9ab927bbc4176b15682c650e7d1dd8f2758172b,"{""distance"":5,""physical_error_rate"":0.0005}","{""detectors_checked"":340}"
      2515,         0,         0,   0.309,decoder_by_matrix,b84cf4b8ca220d31f17e1e2ea9ab927bbc4176b15682c650e7d1dd8f2758172b,"{""distance"":5,""physical_error_rate"":0.0005}","{""detection_events"":630,""detectors_checked"":427550}"
       750,         0,         0,   0.085,decoder_by_matrix,b84cf4b8ca220d31f17e1e2ea9ab927bbc4176b15682c650e7d1dd8f2758172b,"{""distance"":5,""physical_error_rate"":0.0005}","{""detection_events"":195,""detectors_checked"":127500}"
     98304,         0,         0,    11.8,decoder_by_matrix,066a5d8d46981b593c3dec855f441edbe9e755a8873183448f69d036a2ecc650,"{""distance"":5,""physical_error_rate"":0.001}","{""detection_events"":57010,""detectors_checked"":16711680}"
       857,         0,         0,   0.081,decoder_by_matrix,b84cf4b8ca220d31f17e1e2ea9ab927bbc4176b15682c650e7d1dd8f2758172b,"{""distance"":5,""physical_error_rate"":0.0005}","{""detection_events"":245,""detectors_checked"":145690}"
    129024,         0,         0,    11.7,decoder_by_matrix,066a5d8d46981b593c3dec855f441edbe9e755a8873183448f69d036a2ecc650,"{""distance"":5,""physical_error_rate"":0.001}","{""detection_events"":71900,""detectors_checked"":21934080}"
        41,         0,         0,   0.228,decoder_by_matrix,b84cf4b8ca220d31f17e1e2ea9ab927bbc4176b15682c650e7d1dd8f2758172b,"{""distance"":5,""physical_error_rate"":0.0005}","{""detectors_checked"":6970}"
     99328,         0,         0,    11.7,decoder_by_matrix,066a5d8d46981b593c3dec855f441edbe9e755a8873183448f69d036a2ecc650,"{""distance"":5,""physical_error_rate"":0.001}","{""detection_events"":57425,""detectors_checked"":16885760}"
     97280,         0,         0,    11.7,decoder_by_matrix,066a5d8d46981b593c3dec855f441edbe9e755a8873183448f69d036a2ecc650,"{""distance"":5,""physical_error_rate"":0.001}","{""detection_events"":56475,""detectors_checked"":16537600}"
         1,         0,         0,   0.038,decoder_by_matrix,066a5d8d46981b593c3dec855f441edbe9e755a8873183448f69d036a2ecc650,"{""distance"":5,""physical_error_rate"":0.001}","{""detectors_checked"":170}"
     96256,         0,         0,    11.7,decoder_by_matrix,066a5d8d46981b593c3dec855f441edbe9e755a8873183448f69d036a2ecc650,"{""distance"":5,""physical_error_rate"":0.001}","{""detection_events"":56435,""detectors_checked"":16363520}"
         1,         0,         0,   0.043,decoder_by_matrix,066a5d8d46981b593c3dec855f441edbe9e755a8873183448f69d036a2ecc650,"{""distance"":5,""physical_error_rate"":0.001}","{""detectors_checked"":170}"
         1,         0,         0,   0.053,decoder_by_matrix,066a5d8d46981b593c3dec855f441edbe9e755a8873183448f69d036a2ecc650,"{""distance"":5,""physical_error_rate"":0.001}","{""detectors_checked"":170}"
         1,         0,         0,   0.077,decoder_by_matrix,066a5d8d46981b593c3dec855f441edbe9e755a8873183448f69d036a2ecc650,"{""distance"":5,""physical_error_rate"":0.001}","{""detectors_checked"":170}"
         1,         0,         0,   0.065,decoder_by_matrix,066a5d8d46981b593c3dec855f441edbe9e755a8873183448f69d036a2ecc650,"{""distance"":5,""physical_error_rate"":0.001}","{""detectors_checked"":170}"
         1,         0,         0,   0.075,decoder_by_matrix,066a5d8d46981b593c3dec855f441edbe9e755a8873183448f69d036a2ecc650,"{""distance"":5,""physical_error_rate"":0.001}","{""detectors_checked"":170}"
         1,         0,         0,   0.066,decoder_by_matrix,066a5d8d46981b593c3dec855f441edbe9e755a8873183448f69d036a2ecc650,"{""distance"":5,""physical_error_rate"":0.001}","{""detectors_checked"":170}"
         1,         0,         0,   0.083,decoder_by_matrix,066a5d8d46981b593c3dec855f441edbe9e755a8873183448f69d036a2ecc650,"{""distance"":5,""physical_error_rate"":0.001}","{""detectors_checked"":170}"
         1,         0,         0,   0.070,decoder_by_matrix,066a5d8d46981b593c3dec855f441edbe9e755a8873183448f69d036a2ecc650,"{""distance"":5,""physical_error_rate"":0.001}","{""detectors_checked"":170}"
         1,         0,         0,   0.068,decoder_by_matrix,066a5d8d46981b593c3dec855f441edbe9e755a8873183448f69d036a2ecc650,"{""distance"":5,""physical_error_rate"":0.001}","{""detectors_checked"":170}"
         1,         0,         0,   0.086,decoder_by_matrix,066a5d8d46981b593c3dec855f441edbe9e755a8873183448f69d036a2ecc650,"{""distance"":5,""physical_error_rate"":0.001}","{""detectors_checked"":170}"
         1,         0,         0,   0.073,decoder_by_matrix,066a5d8d46981b593c3dec855f441edbe9e755a8873183448f69d036a2ecc650,"{""distance"":5,""physical_error_rate"":0.001}","{""detectors_checked"":170}"
         1,         0,         0,   0.084,decoder_by_matrix,066a5d8d46981b593c3dec855f441edbe9e755a8873183448f69d036a2ecc650,"{""distance"":5,""physical_error_rate"":0.001}","{""detectors_checked"":170}"
         1,         0,         0,   0.095,decoder_by_matrix,066a5d8d46981b593c3dec855f441edbe9e755a8873183448f69d036a2ecc650,"{""distance"":5,""physical_error_rate"":0.001}","{""detectors_checked"":170}"
         1,         0,         0,   0.092,decoder_by_matrix,066a5d8d46981b593c3dec855f441edbe9e755a8873183448f69d036a2ecc650,"{""distance"":5,""physical_error_rate"":0.001}","{""detectors_checked"":170}"
         8,         0,         0,   0.055,decoder_by_matrix,066a5d8d46981b593c3dec855f441edbe9e755a8873183448f69d036a2ecc650,"{""distance"":5,""physical_error_rate"":0.001}","{""detectors_checked"":1360}"
         1,         0,         0,   0.128,decoder_by_matrix,066a5d8d46981b593c3dec855f441edbe9e755a8873183448f69d036a2ecc650,"{""distance"":5,""physical_error_rate"":0.001}","{""detectors_checked"":170}"
         8,         0,         0,   0.087,decoder_by_matrix,066a5d8d46981b593c3dec855f441edbe9e755a8873183448f69d036a2ecc650,"{""distance"":5,""physical_error_rate"":0.001}","{""detectors_checked"":1360}"
         1,         0,         0,   0.119,decoder_by_matrix,066a5d8d46981b593c3dec855f441edbe9e755a8873183448f69d036a2ecc650,"{""distance"":5,""physical_error_rate"":0.001}","{""detectors_checked"":170}"
         4,         0,         0,   0.054,decoder_by_matrix,066a5d8d46981b593c3dec855f441edbe9e755a8873183448f69d036a2ecc650,"{""distance"":5,""physical_error_rate"":0.001}","{""detectors_checked"":680}"
         1,         0,         0,   0.115,decoder_by_matrix,066a5d8d46981b593c3dec855f441edbe9e755a8873183448f69d036a2ecc650,"{""distance"":5,""physical_error_rate"":0.001}","{""detection_events"":15,""detectors_checked"":170}"
         1,         0,         0,   0.127,decoder_by_matrix,066a5d8d46981b593c3dec855f441edbe9e755a8873183448f69d036a2ecc650,"{""distance"":5,""physical_error_rate"":0.001}","{""detectors_checked"":170}"
         8,         0,         0,   0.090,decoder_by_matrix,066a5d8d46981b593c3dec855f441edbe9e755a8873183448f69d036a2ecc650,"{""distance"":5,""physical_error_rate"":0.001}","{""detection_events"":10,""detectors_checked"":1360}"
         1,         0,         0,   0.128,decoder_by_matrix,066a5d8d46981b593c3dec855f441edbe9e755a8873183448f69d036a2ecc650,"{""distance"":5,""physical_error_rate"":0.001}","{""detectors_checked"":170}"
         1,         0,         0,   0.084,decoder_by_matrix,066a5d8d46981b593c3dec855f441edbe9e755a8873183448f69d036a2ecc650,"{""distance"":5,""physical_error_rate"":0.001}","{""detectors_checked"":170}"
         1,         0,         0,   0.098,decoder_by_matrix,066a5d8d46981b593c3dec855f441edbe9e755a8873183448f69d036a2ecc650,"{""distance"":5,""physical_error_rate"":0.001}","{""detectors_checked"":170}"
         4,         0,         0,   0.077,decoder_by_matrix,066a5d8d46981b593c3dec855f441edbe9e755a8873183448f69d036a2ecc650,"{""distance"":5,""physical_error_rate"":0.001}","{""detectors_checked"":680}"
        64,         0,         0,   0.074,decoder_by_matrix,066a5d8d46981b593c3dec855f441edbe9e755a8873183448f69d036a2ecc650,"{""distance"":5,""physical_error_rate"":0.001}","{""detection_events"":20,""detectors_checked"":10880}"
         1,         0,         0,   0.122,decoder_by_matrix,066a5d8d46981b593c3dec855f441edbe9e755a8873183448f69d036a2ecc650,"{""distance"":5,""physical_error_rate"":0.001}","{""detectors_checked"":170}"
         1,         0,         0,   0.101,decoder_by_matrix,066a5d8d46981b593c3dec855f441edbe9e755a8873183448f69d036a2ecc650,"{""distance"":5,""physical_error_rate"":0.001}","{""detection_events"":5,""detectors_checked"":170}"
         8,         0,         0,   0.083,decoder_by_matrix,066a5d8d46981b593c3dec855f441edbe9e755a8873183448f69d036a2ecc650,"{""distance"":5,""physical_error_rate"":0.001}","{""detectors_checked"":1360}"
         8,         0,         0,   0.085,decoder_by_matrix,066a5d8d46981b593c3dec855f441edbe9e755a8873183448f69d036a2ecc650,"{""distance"":5,""physical_error_rate"":0.001}","{""detection_events"":40,""detectors_checked"":1360}"
         8,         0,         0,   0.098,decoder_by_matrix,066a5d8d46981b593c3dec855f441edbe9e755a8873183448f69d036a2ecc650,"{""distance"":5,""physical_error_rate"":0.001}","{""detection_events"":5,""detectors_checked"":1360}"
    123904,         0,         0,    11.6,decoder_by_matrix,066a5d8d46981b593c3dec855f441edbe9e755a8873183448f69d036a2ecc650,"{""distance"":5,""physical_error_rate"":0.001}","{""detection_events"":68785,""detectors_checked"":21063680}"
         4,         0,         0,   0.076,decoder_by_matrix,066a5d8d46981b593c3dec855f441edbe9e755a8873183448f69d036a2ecc650,"{""distance"":5,""physical_error_rate"":0.001}","{""detectors_checked"":680}"
         8,         0,         0,   0.112,decoder_by_matrix,066a5d8d46981b593c3dec855f441edbe9e755a8873183448f69d036a2ecc650,"{""distance"":5,""physical_error_rate"":0.001}","{""detectors_checked"":1360}"
         4,         0,         0,   0.111,decoder_by_matrix,066a5d8d46981b593c3dec855f441edbe9e755a8873183448f69d036a2ecc650,"{""distance"":5,""physical_error_rate"":0.001}","{""detectors_checked"":680}"
         4,         0,         0,   0.130,decoder_by_matrix,066a5d8d46981b593c3dec855f441edbe9e755a8873183448f69d036a2ecc650,"{""distance"":5,""physical_error_rate"":0.001}","{""detection_events"":25,""detectors_checked"":680}"
        32,         0,         0,   0.092,decoder_by_matrix,066a5d8d46981b593c3dec855f441edbe9e755a8873183448f69d036a2ecc650,"{""distance"":5,""physical_error_rate"":0.001}","{""detectors_checked"":5440}"
         8,         0,         0,   0.120,decoder_by_matrix,066a5d8d46981b593c3dec855f441edbe9e755a8873183448f69d036a2ecc650,"{""distance"":5,""physical_error_rate"":0.001}","{""detection_events"":10,""detectors_checked"":1360}"
         4,         0,         0,   0.113,decoder_by_matrix,066a5d8d46981b593c3dec855f441edbe9e755a8873183448f69d036a2ecc650,"{""distance"":5,""physical_error_rate"":0.001}","{""detectors_checked"":680}"
         4,         0,         0,   0.114,decoder_by_matrix,066a5d8d46981b593c3dec855f441edbe9e755a8873183448f69d036a2ecc650,"{""distance"":5,""physical_error_rate"":0.001}","{""detectors_checked"":680}"
        32,         0,         0,   0.100,decoder_by_matrix,066a5d8d46981b593c3dec855f441edbe9e755a8873183448f69d036a2ecc650,"{""distance"":5,""physical_error_rate"":0.001}","{""detection_events"":35,""detectors_checked"":5440}"
         4,         0,         0,   0.047,decoder_by_matrix,066a5d8d46981b593c3dec855f441edbe9e755a8873183448f69d036a2ecc650,"{""distance"":5,""physical_error_rate"":0.001}","{""detectors_checked"":680}"
        32,         0,         0,   0.100,decoder_by_matrix,066a5d8d46981b593c3dec855f441edbe9e755a8873183448f69d036a2ecc650,"{""distance"":5,""physical_error_rate"":0.001}","{""detection_events"":10,""detectors_checked"":5440}"
         4,         0,         0,   0.110,decoder_by_matrix,066a5d8d46981b593c3dec855f441edbe9e755a8873183448f69d036a2ecc650,"{""distance"":5,""physical_error_rate"":0.001}","{""detectors_checked"":680}"
    104448,         0,         0,    11.7,decoder_by_matrix,066a5d8d46981b593c3dec855f441edbe9e755a8873183448f69d036a2ecc650,"{""distance"":5,""physical_error_rate"":0.001}","{""detection_events"":58040,""detectors_checked"":17756160}"
         4,         0,         0,   0.093,decoder_by_matrix,066a5d8d46981b593c3dec855f441edbe9e755a8873183448f69d036a2ecc650,"{""distance"":5,""physical_error_rate"":0.001}","{""detectors_checked"":680}"
         4,         0,         0,   0.095,decoder_by_matrix,066a5d8d46981b593c3dec855f441edbe9e755a8873183448f69d036a2ecc650,"{""distance"":5,""physical_error_rate"":0.001}","{""detectors_checked"":680}"
        32,         0,         0,   0.071,decoder_by_matrix,066a5d8d46981b593c3dec855f441edbe9e755a8873183448f69d036a2ecc650,"{""distance"":5,""physical_error_rate"":0.001}","{""detectors_checked"":5440}"
         4,         0,         0,   0.098,decoder_by_matrix,066a5d8d46981b593c3dec855f441edbe9e755a8873183448f69d036a2ecc650,"{""distance"":5,""physical_error_rate"":0.001}","{""detectors_checked"":680}"
        32,         0,         0,   0.075,decoder_by_matrix,066a5d8d46981b593c3dec855f441edbe9e755a8873183448f69d036a2ecc650,"{""distance"":5,""physical_error_rate"":0.001}","{""detection_events"":15,""detectors_checked"":5440}"
         4,         0,         0,   0.076,decoder_by_matrix,066a5d8d46981b593c3dec855f441edbe9e755a8873183448f69d036a2ecc650,"{""distance"":5,""physical_error_rate"":0.001}","{""detectors_checked"":680}"
         4,         0,         0,   0.132,decoder_by_matrix,066a5d8d46981b593c3dec855f441edbe9e755a8873183448f69d036a2ecc650,"{""distance"":5,""physical_error_rate"":0.001}","{""detectors_checked"":680}"
     97280,         0,         0,    11.7,decoder_by_matrix,066a5d8d46981b593c3dec855f441edbe9e755a8873183448f69d036a2ecc650,"{""distance"":5,""physical_error_rate"":0.001}","{""detection_events"":53635,""detectors_checked"":16537600}"
         4,         0,         0,   0.150,decoder_by_matrix,066a5d8d46981b593c3dec855f441edbe9e755a8873183448f69d036a2ecc650,"{""distance"":5,""physical_error_rate"":0.001}","{""detectors_checked"":680}"
        32,         0,         0,   0.085,decoder_by_matrix,066a5d8d46981b593c3dec855f441edbe9e755a8873183448f69d036a2ecc650,"{""distance"":5,""physical_error_rate"":0.001}","{""detection_events"":40,""detectors_checked"":5440}"
         4,         0,         0,   0.148,decoder_by_matrix,066a5d8d46981b593c3dec855f441edbe9e755a8873183448f69d036a2ecc650,"{""distance"":5,""physical_error_rate"":0.001}","{""detection_events"":25,""detectors_checked"":680}"
        16,         0,         0,   0.081,decoder_by_matrix,066a5d8d46981b593c3dec855f441edbe9e755a8873183448f69d036a2ecc650,"{""distance"":5,""physical_error_rate"":0.001}","{""detection_events"":35,""detectors_checked"":2720}"
        16,         0,         0,   0.089,decoder_by_matrix,066a5d8d46981b593c3dec855f441edbe9e755a8873183448f69d036a2ecc650,"{""distance"":5,""physical_error_rate"":0.001}","{""detectors_checked"":2720}"
       512,         0,         0,   0.104,decoder_by_matrix,066a5d8d46981b593c3dec855f441edbe9e755a8873183448f69d036a2ecc650,"{""distance"":5,""physical_error_rate"":0.001}","{""detection_events"":240,""detectors_checked"":87040}"
       128,         0,         0,   0.058,decoder_by_matrix,066a5d8d46981b593c3dec855f441edbe9e755a8873183448f69d036a2ecc650,"{""distance"":5,""physical_error_rate"":0.001}","{""detection_events"":90,""detectors_checked"":21760}"
        32,         0,         0,   0.111,decoder_by_matrix,066a5d8d46981b593c3dec855f441edbe9e755a8873183448f69d036a2ecc650,"{""distance"":5,""physical_error_rate"":0.001}","{""detection_events"":70,""detectors_checked"":5440}"
       128,         0,         0,   0.083,decoder_by_matrix,066a5d8d46981b593c3dec855f441edbe9e755a8873183448f69d036a2ecc650,"{""distance"":5,""physical_error_rate"":0.001}","{""detection_events"":115,""detectors_checked"":21760}"
        16,         0,         0,   0.112,decoder_by_matrix,066a5d8d46981b593c3dec855f441edbe9e755a8873183448f69d036a2ecc650,"{""distance"":5,""physical_error_rate"":0.001}","{""detection_events"":55,""detectors_checked"":2720}"
        16,         0,         0,   0.118,decoder_by_matrix,066a5d8d46981b593c3dec855f441edbe9e755a8873183448f69d036a2ecc650,"{""distance"":5,""physical_error_rate"":0.001}","{""detectors_checked"":2720}"
        32,         0,         0,   0.112,decoder_by_matrix,066a5d8d46981b593c3dec855f441edbe9e755a8873183448f69d036a2ecc650,"{""distance"":5,""physical_error_rate"":0.001}","{""detection_events"":10,""detectors_checked"":5440}"
        32,         0,         0,   0.100,decoder_by_matrix,066a5d8d46981b593c3dec855f441edbe9e755a8873183448f69d036a2ecc650,"{""distance"":5,""physical_error_rate"":0.001}","{""detection_events"":10,""detectors_checked"":5440}"
        16,         0,         0,   0.112,decoder_by_matrix,066a5d8d46981b593c3dec855f441edbe9e755a8873183448f69d036a2ecc650,"{""distance"":5,""physical_error_rate"":0.001}","{""detectors_checked"":2720}"
       128,         0,         0,   0.118,decoder_by_matrix,066a5d8d46981b593c3dec855f441edbe9e755a8873183448f69d036a2ecc650,"{""distance"":5,""physical_error_rate"":0.001}","{""detectors_checked"":21760}"
        16,         0,         0,   0.115,decoder_by_matrix,066a5d8d46981b593c3dec855f441edbe9e755a8873183448f69d036a2ecc650,"{""distance"":5,""physical_error_rate"":0.001}","{""detectors_checked"":2720}"
        16,         0,         0,   0.083,decoder_by_matrix,066a5d8d46981b593c3dec855f441edbe9e755a8873183448f69d036a2ecc650,"{""distance"":5,""physical_error_rate"":0.001}","{""detection_events"":40,""detectors_checked"":2720}"
       128,         0,         0,   0.087,decoder_by_matrix,066a5d8d46981b593c3dec855f441edbe9e755a8873183448f69d036a2ecc650,"{""distance"":5,""physical_error_rate"":0.001}","{""detection_events"":45,""detectors_checked"":21760}"
      1024,         0,         0,   0.055,decoder_by_matrix,066a5d8d46981b593c3dec855f441edbe9e755a8873183448f69d036a2ecc650,"{""distance"":5,""physical_error_rate"":0.001}","{""detection_events"":475,""detectors_checked"":174080}"
        16,         0,         0,   0.116,decoder_by_matrix,066a5d8d46981b593c3dec855f441edbe9e755a8873183448f69d036a2ecc650,"{""distance"":5,""physical_error_rate"":0.001}","{""detectors_checked"":2720}"
       128,         0,         0,   0.070,decoder_by_matrix,066a5d8d46981b593c3dec855f441edbe9e755a8873183448f69d036a2ecc650,"{""distance"":5,""physical_error_rate"":0.001}","{""detection_events"":65,""detectors_checked"":21760}"
        16,         0,         0,   0.112,decoder_by_matrix,066a5d8d46981b593c3dec855f441edbe9e755a8873183448f69d036a2ecc650,"{""distance"":5,""physical_error_rate"":0.001}","{""detectors_checked"":2720}"
      1024,         0,         0,   0.086,decoder_by_matrix,066a5d8d46981b593c3dec855f441edbe9e755a8873183448f69d036a2ecc650,"{""distance"":5,""physical_error_rate"":0.001}","{""detection_events"":760,""detectors_checked"":174080}"
         8,         0,         0,   0.078,decoder_by_matrix,066a5d8d46981b593c3dec855f441edbe9e755a8873183448f69d036a2ecc650,"{""distance"":5,""physical_error_rate"":0.001}","{""detectors_checked"":1360}"
        16,         0,         0,   0.131,decoder_by_matrix,066a5d8d46981b593c3dec855f441edbe9e755a8873183448f69d036a2ecc650,"{""distance"":5,""physical_error_rate"":0.001}","{""detectors_checked"":2720}"
        64,         0,         0,   0.091,decoder_by_matrix,066a5d8d46981b593c3dec855f441edbe9e755a8873183448f69d036a2ecc650,"{""distance"":5,""physical_error_rate"":0.001}","{""detection_events"":45,""detectors_checked"":10880}"
        64,         0,         0,   0.085,decoder_by_matrix,066a5d8d46981b593c3dec855f441edbe9e755a8873183448f69d036a2ecc650,"{""distance"":5,""physical_error_rate"":0.001}","{""detection_events"":25,""detectors_checked"":10880}"
        16,         0,         0,   0.111,decoder_by_matrix,066a5d8d46981b593c3dec855f441edbe9e755a8873183448f69d036a2ecc650,"{""distance"":5,""physical_error_rate"":0.001}","{""detectors_checked"":2720}"
        16,         0,         0,   0.112,decoder_by_matrix,066a5d8d46981b593c3dec855f441edbe9e755a8873183448f69d036a2ecc650,"{""distance"":5,""physical_error_rate"":0.001}","{""detectors_checked"":2720}"
       256,         0,         0,   0.122,decoder_by_matrix,066a5d8d46981b593c3dec855f441edbe9e755a8873183448f69d036a2ecc650,"{""distance"":5,""physical_error_rate"":0.001}","{""detection_events"":100,""detectors_checked"":43520}"
        16,         0,         0,   0.106,decoder_by_matrix,066a5d8d46981b593c3dec855f441edbe9e755a8873183448f69d036a2ecc650,"{""distance"":5,""physical_error_rate"":0.001}","{""detection_events"":10,""detectors_checked"":2720}"
       512,         0,         0,   0.108,decoder_by_matrix,066a5d8d46981b593c3dec855f441edbe9e755a8873183448f69d036a2ecc650,"{""distance"":5,""physical_error_rate"":0.001}","{""detection_events"":245,""detectors_checked"":87040}"
      1024,         0,         0,   0.081,decoder_by_matrix,066a5d8d46981b593c3dec855f441edbe9e755a8873183448f69d036a2ecc650,"{""distance"":5,""physical_error_rate"":0.001}","{""detection_events"":625,""detectors_checked"":174080}"
        64,         0,         0,   0.111,decoder_by_matrix,066a5d8d46981b593c3dec855f441edbe9e755a8873183448f69d036a2ecc650,"{""distance"":5,""physical_error_rate"":0.001}","{""detection_events"":120,""detectors_checked"":10880}"
       128,         0,         0,   0.113,decoder_by_matrix,066a5d8d46981b593c3dec855f441edbe9e755a8873183448f69d036a2ecc650,"{""distance"":5,""physical_error_rate"":0.001}","{""detection_events"":40,""detectors_checked"":21760}"
        64,         0,         0,   0.113,decoder_by_matrix,066a5d8d46981b593c3dec855f441edbe9e755a8873183448f69d036a2ecc650,"{""distance"":5,""physical_error_rate"":0.001}","{""detectors_checked"":10880}"
       512,         0,         0,   0.122,decoder_by_matrix,066a5d8d46981b593c3dec855f441edbe9e755a8873183448f69d036a2ecc650,"{""distance"":5,""physical_error_rate"":0.001}","{""detection_events"":270,""detectors_checked"":87040}"
        64,         0,         0,   0.084,decoder_by_matrix,066a5d8d46981b593c3dec855f441edbe9e755a8873183448f69d036a2ecc650,"{""distance"":5,""physical_error_rate"":0.001}","{""detection_events"":20,""detectors_checked"":10880}"
        64,         0,         0,   0.109,decoder_by_matrix,066a5d8d46981b593c3dec855f441edbe9e755a8873183448f69d036a2ecc650,"{""distance"":5,""physical_error_rate"":0.001}","{""detection_events"":35,""detectors_checked"":10880}"
       512,         0,         0,   0.086,decoder_by_matrix,066a5d8d46981b593c3dec855f441edbe9e755a8873183448f69d036a2ecc650,"{""distance"":5,""physical_error_rate"":0.001}","{""detection_events"":195,""detectors_checked"":87040}"
      1024,         0,         0,   0.085,decoder_by_matrix,066a5d8d46981b593c3dec855f441edbe9e755a8873183448f69d036a2ecc650,"{""distance"":5,""physical_error_rate"":0.001}","{""detection_events"":575,""detectors_checked"":174080}"
       128,         0,         0,   0.103,decoder_by_matrix,066a5d8d46981b593c3dec855f441edbe9e755a8873183448f69d036a2ecc650,"{""distance"":5,""physical_error_rate"":0.001}","{""detection_events"":85,""detectors_checked"":21760}"
       128,         0,         0,   0.112,decoder_by_matrix,066a5d8d46981b593c3dec855f441edbe9e755a8873183448f69d036a2ecc650,"{""distance"":5,""physical_error_rate"":0.001}","{""detection_events"":20,""detectors_checked"":21760}"
        64,         0,         0,   0.112,decoder_by_matrix,066a5d8d46981b593c3dec855f441edbe9e755a8873183448f69d036a2ecc650,"{""distance"":5,""physical_error_rate"":0.001}","{""detection_events"":60,""detectors_checked"":10880}"
        64,         0,         0,   0.120,decoder_by_matrix,066a5d8d46981b593c3dec855f441edbe9e755a8873183448f69d036a2ecc650,"{""distance"":5,""physical_error_rate"":0.001}","{""detection_events"":60,""detectors_checked"":10880}"
       256,         0,         0,   0.076,decoder_by_matrix,066a5d8d46981b593c3dec855f441edbe9e755a8873183448f69d036a2ecc650,"{""distance"":5,""physical_error_rate"":0.001}","{""detection_events"":175,""detectors_checked"":43520}"
        64,         0,         0,   0.093,decoder_by_matrix,066a5d8d46981b593c3dec855f441edbe9e755a8873183448f69d036a2ecc650,"{""distance"":5,""physical_error_rate"":0.001}","{""detection_events"":5,""detectors_checked"":10880}"
       256,         0,         0,   0.098,decoder_by_matrix,066a5d8d46981b593c3dec855f441edbe9e755a8873183448f69d036a2ecc650,"{""distance"":5,""physical_error_rate"":0.001}","{""detection_events"":125,""detectors_checked"":43520}"
        64,         0,         0,   0.101,decoder_by_matrix,066a5d8d46981b593c3dec855f441edbe9e755a8873183448f69d036a2ecc650,"{""distance"":5,""physical_error_rate"":0.001}","{""detection_events"":5,""detectors_checked"":10880}"
      1024,         0,         0,   0.104,decoder_by_matrix,066a5d8d46981b593c3dec855f441edbe9e755a8873183448f69d036a2ecc650,"{""distance"":5,""physical_error_rate"":0.001}","{""detection_events"":575,""detectors_checked"":174080}"
        32,         0,         0,   0.106,decoder_by_matrix,066a5d8d46981b593c3dec855f441edbe9e755a8873183448f69d036a2ecc650,"{""distance"":5,""physical_error_rate"":0.001}","{""detection_events"":30,""detectors_checked"":5440}"
        64,         0,         0,   0.113,decoder_by_matrix,066a5d8d46981b593c3dec855f441edbe9e755a8873183448f69d036a2ecc650,"{""distance"":5,""physical_error_rate"":0.001}","{""detection_events"":5,""detectors_checked"":10880}"
        64,         0,         0,   0.108,decoder_by_matrix,066a5d8d46981b593c3dec855f441edbe9e755a8873183448f69d036a2ecc650,"{""distance"":5,""physical_error_rate"":0.001}","{""detection_events"":20,""detectors_checked"":10880}"
        64,         0,         0,   0.106,decoder_by_matrix,066a5d8d46981b593c3dec855f441edbe9e755a8873183448f69d036a2ecc650,"{""distance"":5,""physical_error_rate"":0.001}","{""detection_events"":20,""detectors_checked"":10880}"
      1024,         0,         0,   0.113,decoder_by_matrix,066a5d8d46981b593c3dec855f441edbe9e755a8873183448f69d036a2ecc650,"{""distance"":5,""physical_error_rate"":0.001}","{""detection_events"":455,""detectors_checked"":174080}"
       256,         0,         0,   0.063,decoder_by_matrix,066a5d8d46981b593c3dec855f441edbe9e755a8873183448f69d036a2ecc650,"{""distance"":5,""physical_error_rate"":0.001}","{""detection_events"":105,""detectors_checked"":43520}"
      1024,         0,         0,   0.079,decoder_by_matrix,066a5d8d46981b593c3dec855f441edbe9e755a8873183448f69d036a2ecc650,"{""distance"":5,""physical_error_rate"":0.001}","{""detection_events"":690,""detectors_checked"":174080}"
       512,         0,         0,   0.077,decoder_by_matrix,066a5d8d46981b593c3dec855f441edbe9e755a8873183448f69d036a2ecc650,"{""distance"":5,""physical_error_rate"":0.001}","{""detection_events"":425,""detectors_checked"":87040}"
      1024,         0,         0,   0.079,decoder_by_matrix,066a5d8d46981b593c3dec855f441edbe9e755a8873183448f69d036a2ecc650,"{""distance"":5,""physical_error_rate"":0.001}","{""detection_events"":600,""detectors_checked"":174080}"
       512,         0,         0,   0.105,decoder_by_matrix,066a5d8d46981b593c3dec855f441edbe9e755a8873183448f69d036a2ecc650,"{""distance"":5,""physical_error_rate"":0.001}","{""detection_events"":240,""detectors_checked"":87040}"
       256,         0,         0,   0.109,decoder_by_matrix,066a5d8d46981b593c3dec855f441edbe9e755a8873183448f69d036a2ecc650,"{""distance"":5,""physical_error_rate"":0.001}","{""detection_events"":135,""detectors_checked"":43520}"
      1024,         0,         0,   0.119,decoder_by_matrix,066a5d8d46981b593c3dec855f441edbe9e755a8873183448f69d036a2ecc650,"{""distance"":5,""physical_error_rate"":0.001}","{""detection_events"":485,""detectors_checked"":174080}"
       256,         0,         0,   0.104,decoder_by_matrix,066a5d8d46981b593c3dec855f441edbe9e755a8873183448f69d036a2ecc650,"{""distance"":5,""physical_error_rate"":0.001}","{""detection_events"":175,""detectors_checked"":43520}"
      1024,         0,         0,   0.084,decoder_by_matrix,066a5d8d46981b593c3dec855f441edbe9e755a8873183448f69d036a2ecc650,"{""distance"":5,""physical_error_rate"":0.001}","{""detection_events"":570,""detectors_checked"":174080}"
       256,         0,         0,   0.108,decoder_by_matrix,066a5d8d46981b593c3dec855f441edbe9e755a8873183448f69d036a2ecc650,"{""distance"":5,""physical_error_rate"":0.001}","{""detection_events"":140,""detectors_checked"":43520}"
       256,         0,         0,   0.095,decoder_by_matrix,066a5d8d46981b593c3dec855f441edbe9e755a8873183448f69d036a2ecc650,"{""distance"":5,""physical_error_rate"":0.001}","{""detection_events"":155,""detectors_checked"":43520}"
       256,         0,         0,   0.113,decoder_by_matrix,066a5d8d46981b593c3dec855f441edbe9e755a8873183448f69d036a2ecc650,"{""distance"":5,""physical_error_rate"":0.001}","{""detection_events"":55,""detectors_checked"":43520}"
       512,         0,         0,   0.114,decoder_by_matrix,066a5d8d46981b593c3dec855f441edbe9e755a8873183448f69d036a2ecc650,"{""distance"":5,""physical_error_rate"":0.001}","{""detection_events"":305,""detectors_checked"":87040}"
      1024,         0,         0,   0.085,decoder_by_matrix,066a5d8d46981b593c3dec855f441edbe9e755a8873183448f69d036a2ecc650,"{""distance"":5,""physical_error_rate"":0.001}","{""detection_events"":555,""detectors_checked"":174080}"
      2048,         0,         0,   0.151,decoder_by_matrix,066a5d8d46981b593c3dec855f441edbe9e755a8873183448f69d036a2ecc650,"{""distance"":5,""physical_error_rate"":0.001}","{""detection_events"":1160,""detectors_checked"":348160}"
      1024,         0,         0,   0.114,decoder_by_matrix,066a5d8d46981b593c3dec855f441edbe9e755a8873183448f69d036a2ecc650,"{""distance"":5,""physical_error_rate"":0.001}","{""detection_events"":460,""detectors_checked"":174080}"
       256,         0,         0,   0.112,decoder_by_matrix,066a5d8d46981b593c3dec855f441edbe9e755a8873183448f69d036a2ecc650,"{""distance"":5,""physical_error_rate"":0.001}","{""detection_events"":85,""detectors_checked"":43520}"
      1024,         0,         0,   0.135,decoder_by_matrix,066a5d8d46981b593c3dec855f441edbe9e755a8873183448f69d036a2ecc650,"{""distance"":5,""physical_error_rate"":0.001}","{""detection_events"":320,""detectors_checked"":174080}"
       128,         0,         0,   0.112,decoder_by_matrix,066a5d8d46981b593c3dec855f441edbe9e755a8873183448f69d036a2ecc650,"{""distance"":5,""physical_error_rate"":0.001}","{""detection_events"":70,""detectors_checked"":21760}"
       256,         0,         0,   0.112,decoder_by_matrix,066a5d8d46981b593c3dec855f441edbe9e755a8873183448f69d036a2ecc650,"{""distance"":5,""physical_error_rate"":0.001}","{""detection_events"":220,""detectors_checked"":43520}"
       256,         0,         0,   0.113,decoder_by_matrix,066a5d8d46981b593c3dec855f441edbe9e755a8873183448f69d036a2ecc650,"{""distance"":5,""physical_error_rate"":0.001}","{""detection_events"":55,""detectors_checked"":43520}"
      1024,         0,         0,   0.085,decoder_by_matrix,066a5d8d46981b593c3dec855f441edbe9e755a8873183448f69d036a2ecc650,"{""distance"":5,""physical_error_rate"":0.001}","{""detection_events"":520,""detectors_checked"":174080}"
      1024,         0,         0,   0.093,decoder_by_matrix,066a5d8d46981b593c3dec855f441edbe9e755a8873183448f69d036a2ecc650,"{""distance"":5,""physical_error_rate"":0.001}","{""detection_events"":745,""detectors_checked"":174080}"
      1024,         0,         0,   0.085,decoder_by_matrix,066a5d8d46981b593c3dec855f441edbe9e755a8873183448f69d036a2ecc650,"{""distance"":5,""physical_error_rate"":0.001}","{""detection_events"":500,""detectors_checked"":174080}"
       256,         0,         0,   0.113,decoder_by_matrix,066a5d8d46981b593c3dec855f441edbe9e755a8873183448f69d036a2ecc650,"{""distance"":5,""physical_error_rate"":0.001}","{""detection_events"":200,""detectors_checked"":43520}"
      1024,         0,         0,   0.114,decoder_by_matrix,066a5d8d46981b593c3dec855f441edbe9e755a8873183448f69d036a2ecc650,"{""distance"":5,""physical_error_rate"":0.001}","{""detection_events"":650,""detectors_checked"":174080}"
       256,         0,         0,   0.132,decoder_by_matrix,066a5d8d46981b593c3dec855f441edbe9e755a8873183448f69d036a2ecc650,"{""distance"":5,""physical_error_rate"":0.001}","{""detection_events"":205,""detectors_checked"":43520}"
      1024,         0,         0,   0.115,decoder_by_matrix,066a5d8d46981b593c3dec855f441edbe9e755a8873183448f69d036a2ecc650,"{""distance"":5,""physical_error_rate"":0.001}","{""detection_events"":625,""detectors_checked"":174080}"
      1024,         0,         0,   0.116,decoder_by_matrix,066a5d8d46981b593c3dec855f441edbe9e755a8873183448f69d036a2ecc650,"{""distance"":5,""physical_error_rate"":0.001}","{""detection_events"":505,""detectors_checked"":174080}"
      1024,         0,         0,   0.084,decoder_by_matrix,066a5d8d46981b593c3dec855f441edbe9e755a8873183448f69d036a2ecc650,"{""distance"":5,""physical_error_rate"":0.001}","{""detection_events"":775,""detectors_checked"":174080}"
      1024,         0,         0,   0.081,decoder_by_matrix,066a5d8d46981b593c3dec855f441edbe9e755a8873183448f69d036a2ecc650,"{""distance"":5,""physical_error_rate"":0.001}","{""detection_events"":630,""detectors_checked"":174080}"
      1024,         0,         0,   0.132,decoder_by_matrix,066a5d8d46981b593c3dec855f441edbe9e755a8873183448f69d036a2ecc650,"{""distance"":5,""physical_error_rate"":0.001}","{""detection_events"":635,""detectors_checked"":174080}"
      1024,         0,         0,   0.094,decoder_by_matrix,066a5d8d46981b593c3dec855f441edbe9e755a8873183448f69d036a2ecc650,"{""distance"":5,""physical_error_rate"":0.001}","{""detection_events"":460,""detectors_checked"":174080}"
      1024,         0,         0,   0.115,decoder_by_matrix,066a5d8d46981b593c3dec855f441edbe9e755a8873183448f69d036a2ecc650,"{""distance"":5,""physical_error_rate"":0.001}","{""detection_events"":615,""detectors_checked"":174080}"
      1024,         0,         0,   0.113,decoder_by_matrix,066a5d8d46981b593c3dec855f441edbe9e755a8873183448f69d036a2ecc650,"{""distance"":5,""physical_error_rate"":0.001}","{""detection_events"":700,""detectors_checked"":174080}"
      1024,         0,         0,   0.114,decoder_by_matrix,066a5d8d46981b593c3dec855f441edbe9e755a8873183448f69d036a2ecc650,"{""distance"":5,""physical_error_rate"":0.001}","{""detection_events"":625,""detectors_checked"":174080}"
      1024,         0,         0,   0.114,decoder_by_matrix,066a5d8d46981b593c3dec855f441edbe9e755a8873183448f69d036a2ecc650,"{""distance"":5,""physical_error_rate"":0.001}","{""detection_events"":450,""detectors_checked"":174080}"
      1024,         0,         0,   0.115,decoder_by_matrix,066a5d8d46981b593c3dec855f441edbe9e755a8873183448f69d036a2ecc650,"{""distance"":5,""physical_error_rate"":0.001}","{""detection_events"":430,""detectors_checked"":174080}"
      1024,         0,         0,   0.114,decoder_by_matrix,066a5d8d46981b593c3dec855f441edbe9e755a8873183448f69d036a2ecc650,"{""distance"":5,""physical_error_rate"":0.001}","{""detection_events"":570,""detectors_checked"":174080}"
      1024,         0,         0,   0.086,decoder_by_matrix,066a5d8d46981b593c3dec855f441edbe9e755a8873183448f69d036a2ecc650,"{""distance"":5,""physical_error_rate"":0.001}","{""detection_events"":525,""detectors_checked"":174080}"
      1024,         0,         0,   0.118,decoder_by_matrix,066a5d8d46981b593c3dec855f441edbe9e755a8873183448f69d036a2ecc650,"{""distance"":5,""physical_error_rate"":0.001}","{""detection_events"":495,""detectors_checked"":174080}"
       512,         0,         0,   0.116,decoder_by_matrix,066a5d8d46981b593c3dec855f441edbe9e755a8873183448f69d036a2ecc650,"{""distance"":5,""physical_error_rate"":0.001}","{""detection_events"":140,""detectors_checked"":87040}"
      2048,         0,         0,   0.142,decoder_by_matrix,066a5d8d46981b593c3dec855f441edbe9e755a8873183448f69d036a2ecc650,"{""distance"":5,""physical_error_rate"":0.001}","{""detection_events"":1150,""detectors_checked"":348160}"
      1024,         0,         0,   0.114,decoder_by_matrix,066a5d8d46981b593c3dec855f441edbe9e755a8873183448f69d036a2ecc650,"{""distance"":5,""physical_error_rate"":0.001}","{""detection_events"":530,""detectors_checked"":174080}"
      1024,         0,         0,   0.115,decoder_by_matrix,066a5d8d46981b593c3dec855f441edbe9e755a8873183448f69d036a2ecc650,"{""distance"":5,""physical_error_rate"":0.001}","{""detection_events"":485,""detectors_checked"":174080}"
      1024,         0,         0,   0.112,decoder_by_matrix,066a5d8d46981b593c3dec855f441edbe9e755a8873183448f69d036a2ecc650,"{""distance"":5,""physical_error_rate"":0.001}","{""detection_events"":735,""detectors_checked"":174080}"
      1024,         0,         0,   0.114,decoder_by_matrix,066a5d8d46981b593c3dec855f441edbe9e755a8873183448f69d036a2ecc650,"{""distance"":5,""physical_error_rate"":0.001}","{""detection_events"":605,""detectors_checked"":174080}"
      2048,         0,         0,   0.159,decoder_by_matrix,066a5d8d46981b593c3dec855f441edbe9e755a8873183448f69d036a2ecc650,"{""distance"":5,""physical_error_rate"":0.001}","{""detection_events"":1405,""detectors_checked"":348160}"
      1024,         0,         0,   0.108,decoder_by_matrix,066a5d8d46981b593c3dec855f441edbe9e755a8873183448f69d036a2ecc650,"{""distance"":5,""physical_error_rate"":0.001}","{""detection_events"":545,""detectors_checked"":174080}"
      1024,         0,         0,   0.111,decoder_by_matrix,066a5d8d46981b593c3dec855f441edbe9e755a8873183448f69d036a2ecc650,"{""distance"":5,""physical_error_rate"":0.001}","{""detection_events"":545,""detectors_checked"":174080}"
      1024,         0,         0,   0.112,decoder_by_matrix,066a5d8d46981b593c3dec855f441edbe9e755a8873183448f69d036a2ecc650,"{""distance"":5,""physical_error_rate"":0.001}","{""detection_events"":685,""detectors_checked"":174080}"
      1024,         0,         0,   0.082,decoder_by_matrix,066a5d8d46981b593c3dec855f441edbe9e755a8873183448f69d036a2ecc650,"{""distance"":5,""physical_error_rate"":0.001}","{""detection_events"":475,""detectors_checked"":174080}"
      1024,         0,         0,   0.130,decoder_by_matrix,066a5d8d46981b593c3dec855f441edbe9e755a8873183448f69d036a2ecc650,"{""distance"":5,""physical_error_rate"":0.001}","{""detection_events"":420,""detectors_checked"":174080}"
      2048,         0,         0,   0.168,decoder_by_matrix,066a5d8d46981b593c3dec855f441edbe9e755a8873183448f69d036a2ecc650,"{""distance"":5,""physical_error_rate"":0.001}","{""detection_events"":1370,""detectors_checked"":348160}"
      1024,         0,         0,   0.114,decoder_by_matrix,066a5d8d46981b593c3dec855f441edbe9e755a8873183448f69d036a2ecc650,"{""distance"":5,""physical_error_rate"":0.001}","{""detection_events"":515,""detectors_checked"":174080}"
      1024,         0,         0,   0.115,decoder_by_matrix,066a5d8d46981b593c3dec855f441edbe9e755a8873183448f69d036a2ecc650,"{""distance"":5,""physical_error_rate"":0.001}","{""detection_events"":460,""detectors_checked"":174080}"
      1024,         0,         0,   0.112,decoder_by_matrix,066a5d8d46981b593c3dec855f441edbe9e755a8873183448f69d036a2ecc650,"{""distance"":5,""physical_error_rate"":0.001}","{""detection_events"":530,""detectors_checked"":174080}"
      2048,         0,         0,   0.168,decoder_by_matrix,066a5d8d46981b593c3dec855f441edbe9e755a8873183448f69d036a2ecc650,"{""distance"":5,""physical_error_rate"":0.001}","{""detection_events"":1380,""detectors_checked"":348160}"
      1024,         0,         0,   0.132,decoder_by_matrix,066a5d8d46981b593c3dec855f441edbe9e755a8873183448f69d036a2ecc650,"{""distance"":5,""physical_error_rate"":0.001}","{""detection_events"":620,""detectors_checked"":174080}"
      1024,         0,         0,   0.135,decoder_by_matrix,066a5d8d46981b593c3dec855f441edbe9e755a8873183448f69d036a2ecc650,"{""distance"":5,""physical_error_rate"":0.001}","{""detection_events"":485,""detectors_checked"":174080}"
      1024,         0,         0,   0.116,decoder_by_matrix,066a5d8d46981b593c3dec855f441edbe9e755a8873183448f69d036a2ecc650,"{""distance"":5,""physical_error_rate"":0.001}","{""detection_events"":670,""detectors_checked"":174080}"
      1024,         0,         0,   0.121,decoder_by_matrix,066a5d8d46981b593c3dec855f441edbe9e755a8873183448f69d036a2ecc650,"{""distance"":5,""physical_error_rate"":0.001}","{""detection_events"":660,""detectors_checked"":174080}"
      1024,         0,         0,   0.110,decoder_by_matrix,066a5d8d46981b593c3dec855f441edbe9e755a8873183448f69d036a2ecc650,"{""distance"":5,""physical_error_rate"":0.001}","{""detection_events"":495,""detectors_checked"":174080}"
      1024,         0,         0,   0.132,decoder_by_matrix,066a5d8d46981b593c3dec855f441edbe9e755a8873183448f69d036a2ecc650,"{""distance"":5,""physical_error_rate"":0.001}","{""detection_events"":465,""detectors_checked"":174080}"
      1024,         0,         0,   0.125,decoder_by_matrix,066a5d8d46981b593c3dec855f441edbe9e755a8873183448f69d036a2ecc650,"{""distance"":5,""physical_error_rate"":0.001}","{""detection_events"":615,""detectors_checked"":174080}"
      2048,         0,         0,   0.184,decoder_by_matrix,066a5d8d46981b593c3dec855f441edbe9e755a8873183448f69d036a2ecc650,"{""distance"":5,""physical_error_rate"":0.001}","{""detection_events"":1285,""detectors_checked"":348160}"
      1024,         0,         0,   0.099,decoder_by_matrix,066a5d8d46981b593c3dec855f441edbe9e755a8873183448f69d036a2ecc650,"{""distance"":5,""physical_error_rate"":0.001}","{""detection_events"":655,""detectors_checked"":174080}"
      1024,         0,         0,   0.100,decoder_by_matrix,066a5d8d46981b593c3dec855f441edbe9e755a8873183448f69d036a2ecc650,"{""distance"":5,""physical_error_rate"":0.001}","{""detection_events"":610,""detectors_checked"":174080}"
      1024,         0,         0,   0.117,decoder_by_matrix,066a5d8d46981b593c3dec855f441edbe9e755a8873183448f69d036a2ecc650,"{""distance"":5,""physical_error_rate"":0.001}","{""detection_events"":525,""detectors_checked"":174080}"
      1024,         0,         0,   0.113,decoder_by_matrix,066a5d8d46981b593c3dec855f441edbe9e755a8873183448f69d036a2ecc650,"{""distance"":5,""physical_error_rate"":0.001}","{""detection_events"":550,""detectors_checked"":174080}"
      1024,         0,         0,   0.116,decoder_by_matrix,066a5d8d46981b593c3dec855f441edbe9e755a8873183448f69d036a2ecc650,"{""distance"":5,""physical_error_rate"":0.001}","{""detection_events"":560,""detectors_checked"":174080}"
      2048,         0,         0,   0.160,decoder_by_matrix,066a5d8d46981b593c3dec855f441edbe9e755a8873183448f69d036a2ecc650,"{""distance"":5,""physical_error_rate"":0.001}","{""detection_events"":1300,""detectors_checked"":348160}"
      2048,         0,         0,   0.175,decoder_by_matrix,066a5d8d46981b593c3dec855f441edbe9e755a8873183448f69d036a2ecc650,"{""distance"":5,""physical_error_rate"":0.001}","{""detection_events"":1475,""detectors_checked"":348160}"
      1024,         0,         0,   0.135,decoder_by_matrix,066a5d8d46981b593c3dec855f441edbe9e755a8873183448f69d036a2ecc650,"{""distance"":5,""physical_error_rate"":0.001}","{""detection_events"":475,""detectors_checked"":174080}"
      2048,         0,         0,   0.136,decoder_by_matrix,066a5d8d46981b593c3dec855f441edbe9e755a8873183448f69d036a2ecc650,"{""distance"":5,""physical_error_rate"":0.001}","{""detection_events"":910,""detectors_checked"":348160}"
      1024,         0,         0,   0.109,decoder_by_matrix,066a5d8d46981b593c3dec855f441edbe9e755a8873183448f69d036a2ecc650,"{""distance"":5,""physical_error_rate"":0.001}","{""detection_events"":640,""detectors_checked"":174080}"
      1024,         0,         0,   0.114,decoder_by_matrix,066a5d8d46981b593c3dec855f441edbe9e755a8873183448f69d036a2ecc650,"{""distance"":5,""physical_error_rate"":0.001}","{""detection_events"":490,""detectors_checked"":174080}"
      1024,         0,         0,   0.114,decoder_by_matrix,066a5d8d46981b593c3dec855f441edbe9e755a8873183448f69d036a2ecc650,"{""distance"":5,""physical_error_rate"":0.001}","{""detection_events"":400,""detectors_checked"":174080}"
      1024,         0,         0,   0.114,decoder_by_matrix,066a5d8d46981b593c3dec855f441edbe9e755a8873183448f69d036a2ecc650,"{""distance"":5,""physical_error_rate"":0.001}","{""detection_events"":350,""detectors_checked"":174080}"
      1024,         0,         0,   0.135,decoder_by_matrix,066a5d8d46981b593c3dec855f441edbe9e755a8873183448f69d036a2ecc650,"{""distance"":5,""physical_error_rate"":0.001}","{""detection_events"":545,""detectors_checked"":174080}"
      1024,         0,         0,   0.111,decoder_by_matrix,066a5d8d46981b593c3dec855f441edbe9e755a8873183448f69d036a2ecc650,"{""distance"":5,""physical_error_rate"":0.001}","{""detection_events"":630,""detectors_checked"":174080}"
      1024,         0,         0,   0.115,decoder_by_matrix,066a5d8d46981b593c3dec855f441edbe9e755a8873183448f69d036a2ecc650,"{""distance"":5,""physical_error_rate"":0.001}","{""detection_events"":595,""detectors_checked"":174080}"
      1024,         0,         0,   0.115,decoder_by_matrix,066a5d8d46981b593c3dec855f441edbe9e755a8873183448f69d036a2ecc650,"{""distance"":5,""physical_error_rate"":0.001}","{""detection_events"":400,""detectors_checked"":174080}"
      1024,         0,         0,   0.113,decoder_by_matrix,066a5d8d46981b593c3dec855f441edbe9e755a8873183448f69d036a2ecc650,"{""distance"":5,""physical_error_rate"":0.001}","{""detection_events"":770,""detectors_checked"":174080}"
      1024,         0,         0,   0.113,decoder_by_matrix,066a5d8d46981b593c3dec855f441edbe9e755a8873183448f69d036a2ecc650,"{""distance"":5,""physical_error_rate"":0.001}","{""detection_events"":560,""detectors_checked"":174080}"
      2048,         0,         0,   0.171,decoder_by_matrix,066a5d8d46981b593c3dec855f441edbe9e755a8873183448f69d036a2ecc650,"{""distance"":5,""physical_error_rate"":0.001}","{""detection_events"":1415,""detectors_checked"":348160}"
      2048,         0,         0,   0.171,decoder_by_matrix,066a5d8d46981b593c3dec855f441edbe9e755a8873183448f69d036a2ecc650,"{""distance"":5,""physical_error_rate"":0.001}","{""detection_events"":1220,""detectors_checked"":348160}"
      1024,         0,         0,   0.113,decoder_by_matrix,066a5d8d46981b593c3dec855f441edbe9e755a8873183448f69d036a2ecc650,"{""distance"":5,""physical_error_rate"":0.001}","{""detection_events"":545,""detectors_checked"":174080}"
      2048,         0,         0,   0.228,decoder_by_matrix,066a5d8d46981b593c3dec855f441edbe9e755a8873183448f69d036a2ecc650,"{""distance"":5,""physical_error_rate"":0.001}","{""detection_events"":1165,""detectors_checked"":348160}"
      2048,         0,         0,   0.168,decoder_by_matrix,066a5d8d46981b593c3dec855f441edbe9e755a8873183448f69d036a2ecc650,"{""distance"":5,""physical_error_rate"":0.001}","{""detection_events"":1120,""detectors_checked"":348160}"
      2048,         0,         0,   0.193,decoder_by_matrix,066a5d8d46981b593c3dec855f441edbe9e755a8873183448f69d036a2ecc650,"{""distance"":5,""physical_error_rate"":0.001}","{""detection_events"":1025,""detectors_checked"":348160}"
      2048,         0,         0,   0.249,decoder_by_matrix,066a5d8d46981b593c3dec855f441edbe9e755a8873183448f69d036a2ecc650,"{""distance"":5,""physical_error_rate"":0.001}","{""detection_events"":835,""detectors_checked"":348160}"
      2048,         0,         0,   0.228,decoder_by_matrix,066a5d8d46981b593c3dec855f441edbe9e755a8873183448f69d036a2ecc650,"{""distance"":5,""physical_error_rate"":0.001}","{""detection_events"":1130,""detectors_checked"":348160}"
      2048,         0,         0,   0.248,decoder_by_matrix,066a5d8d46981b593c3dec855f441edbe9e755a8873183448f69d036a2ecc650,"{""distance"":5,""physical_error_rate"":0.001}","{""detection_events"":1165,""detectors_checked"":348160}"
      2048,         0,         0,   0.181,decoder_by_matrix,066a5d8d46981b593c3dec855f441edbe9e755a8873183448f69d036a2ecc650,"{""distance"":5,""physical_error_rate"":0.001}","{""detection_events"":900,""detectors_checked"":348160}"
      1024,         0,         0,   0.283,decoder_by_matrix,066a5d8d46981b593c3dec855f441edbe9e755a8873183448f69d036a2ecc650,"{""distance"":5,""physical_error_rate"":0.001}","{""detection_events"":360,""detectors_checked"":174080}"
      3072,         0,         0,   0.224,decoder_by_matrix,066a5d8d46981b593c3dec855f441edbe9e755a8873183448f69d036a2ecc650,"{""distance"":5,""physical_error_rate"":0.001}","{""detection_events"":1785,""detectors_checked"":522240}"
      2048,         0,         0,   0.254,decoder_by_matrix,066a5d8d46981b593c3dec855f441edbe9e755a8873183448f69d036a2ecc650,"{""distance"":5,""physical_error_rate"":0.001}","{""detection_events"":1140,""detectors_checked"":348160}"
      2048,         0,         0,   0.216,decoder_by_matrix,066a5d8d46981b593c3dec855f441edbe9e755a8873183448f69d036a2ecc650,"{""distance"":5,""physical_error_rate"":0.001}","{""detection_events"":1450,""detectors_checked"":348160}"
      3072,         0,         0,   0.220,decoder_by_matrix,066a5d8d46981b593c3dec855f441edbe9e755a8873183448f69d036a2ecc650,"{""distance"":5,""physical_error_rate"":0.001}","{""detection_events"":1660,""detectors_checked"":522240}"
      2048,         0,         0,   0.228,decoder_by_matrix,066a5d8d46981b593c3dec855f441edbe9e755a8873183448f69d036a2ecc650,"{""distance"":5,""physical_error_rate"":0.001}","{""detection_events"":1295,""detectors_checked"":348160}"
      2048,         0,         0,   0.228,decoder_by_matrix,066a5d8d46981b593c3dec855f441edbe9e755a8873183448f69d036a2ecc650,"{""distance"":5,""physical_error_rate"":0.001}","{""detection_events"":1075,""detectors_checked"":348160}"
      2048,         0,         0,   0.246,decoder_by_matrix,066a5d8d46981b593c3dec855f441edbe9e755a8873183448f69d036a2ecc650,"{""distance"":5,""physical_error_rate"":0.001}","{""detection_events"":1300,""detectors_checked"":348160}"
      2048,         0,         0,   0.251,decoder_by_matrix,066a5d8d46981b593c3dec855f441edbe9e755a8873183448f69d036a2ecc650,"{""distance"":5,""physical_error_rate"":0.001}","{""detection_events"":955,""detectors_checked"":348160}"
      2048,         0,         0,   0.228,decoder_by_matrix,066a5d8d46981b593c3dec855f441edbe9e755a8873183448f69d036a2ecc650,"{""distance"":5,""physical_error_rate"":0.001}","{""detection_events"":1125,""detectors_checked"":348160}"
      2048,         1,         0,   0.249,decoder_by_matrix,066a5d8d46981b593c3dec855f441edbe9e755a8873183448f69d036a2ecc650,"{""distance"":5,""physical_error_rate"":0.001}","{""detection_events"":1260,""detectors_checked"":348160,""obs_mistake_mask=___E"":1}"
      2048,         0,         0,   0.252,decoder_by_matrix,066a5d8d46981b593c3dec855f441edbe9e755a8873183448f69d036a2ecc650,"{""distance"":5,""physical_error_rate"":0.001}","{""detection_events"":1040,""detectors_checked"":348160}"
      2048,         0,         0,   0.262,decoder_by_matrix,066a5d8d46981b593c3dec855f441edbe9e755a8873183448f69d036a2ecc650,"{""distance"":5,""physical_error_rate"":0.001}","{""detection_events"":970,""detectors_checked"":348160}"
      2048,         0,         0,   0.253,decoder_by_matrix,066a5d8d46981b593c3dec855f441edbe9e755a8873183448f69d036a2ecc650,"{""distance"":5,""physical_error_rate"":0.001}","{""detection_events"":1150,""detectors_checked"":348160}"
      3072,         0,         0,   0.254,decoder_by_matrix,066a5d8d46981b593c3dec855f441edbe9e755a8873183448f69d036a2ecc650,"{""distance"":5,""physical_error_rate"":0.001}","{""detection_events"":1545,""detectors_checked"":522240}"
      2048,         0,         0,   0.225,decoder_by_matrix,066a5d8d46981b593c3dec855f441edbe9e755a8873183448f69d036a2ecc650,"{""distance"":5,""physical_error_rate"":0.001}","{""detection_events"":1150,""detectors_checked"":348160}"
      3072,         0,         0,   0.256,decoder_by_matrix,066a5d8d46981b593c3dec855f441edbe9e755a8873183448f69d036a2ecc650,"{""distance"":5,""physical_error_rate"":0.001}","{""detection_events"":1760,""detectors_checked"":522240}"
      2048,         0,         0,   0.249,decoder_by_matrix,066a5d8d46981b593c3dec855f441edbe9e755a8873183448f69d036a2ecc650,"{""distance"":5,""physical_error_rate"":0.001}","{""detection_events"":1065,""detectors_checked"":348160}"
      2048,         0,         0,   0.211,decoder_by_matrix,066a5d8d46981b593c3dec855f441edbe9e755a8873183448f69d036a2ecc650,"{""distance"":5,""physical_error_rate"":0.001}","{""detection_events"":1135,""detectors_checked"":348160}"
      2048,         0,         0,   0.197,decoder_by_matrix,066a5d8d46981b593c3dec855f441edbe9e755a8873183448f69d036a2ecc650,"{""distance"":5,""physical_error_rate"":0.001}","{""detection_events"":1255,""detectors_checked"":348160}"
      2048,         0,         0,   0.222,decoder_by_matrix,066a5d8d46981b593c3dec855f441edbe9e755a8873183448f69d036a2ecc650,"{""distance"":5,""physical_error_rate"":0.001}","{""detection_events"":1380,""detectors_checked"":348160}"
      2048,         0,         0,   0.231,decoder_by_matrix,066a5d8d46981b593c3dec855f441edbe9e755a8873183448f69d036a2ecc650,"{""distance"":5,""physical_error_rate"":0.001}","{""detection_events"":1255,""detectors_checked"":348160}"
      2048,         0,         0,   0.230,decoder_by_matrix,066a5d8d46981b593c3dec855f441edbe9e755a8873183448f69d036a2ecc650,"{""distance"":5,""physical_error_rate"":0.001}","{""detection_events"":1130,""detectors_checked"":348160}"
      2048,         0,         0,   0.251,decoder_by_matrix,066a5d8d46981b593c3dec855f441edbe9e755a8873183448f69d036a2ecc650,"{""distance"":5,""physical_error_rate"":0.001}","{""detection_events"":1185,""detectors_checked"":348160}"
      2048,         0,         0,   0.252,decoder_by_matrix,066a5d8d46981b593c3dec855f441edbe9e755a8873183448f69d036a2ecc650,"{""distance"":5,""physical_error_rate"":0.001}","{""detection_events"":1370,""detectors_checked"":348160}"
      2048,         0,         0,   0.250,decoder_by_matrix,066a5d8d46981b593c3dec855f441edbe9e755a8873183448f69d036a2ecc650,"{""distance"":5,""physical_error_rate"":0.001}","{""detection_events"":1335,""detectors_checked"":348160}"
      2048,         0,         0,   0.249,decoder_by_matrix,066a5d8d46981b593c3dec855f441edbe9e755a8873183448f69d036a2ecc650,"{""distance"":5,""physical_error_rate"":0.001}","{""detection_events"":1080,""detectors_checked"":348160}"
      3072,         0,         0,   0.243,decoder_by_matrix,066a5d8d46981b593c3dec855f441edbe9e755a8873183448f69d036a2ecc650,"{""distance"":5,""physical_error_rate"":0.001}","{""detection_events"":1645,""detectors_checked"":522240}"
      2048,         0,         0,   0.249,decoder_by_matrix,066a5d8d46981b593c3dec855f441edbe9e755a8873183448f69d036a2ecc650,"{""distance"":5,""physical_error_rate"":0.001}","{""detection_events"":1360,""detectors_checked"":348160}"
      4096,         0,         0,   0.295,decoder_by_matrix,066a5d8d46981b593c3dec855f441edbe9e755a8873183448f69d036a2ecc650,"{""distance"":5,""physical_error_rate"":0.001}","{""detection_events"":2515,""detectors_checked"":696320}"
      2048,         0,         0,   0.231,decoder_by_matrix,066a5d8d46981b593c3dec855f441edbe9e755a8873183448f69d036a2ecc650,"{""distance"":5,""physical_error_rate"":0.001}","{""detection_events"":1150,""detectors_checked"":348160}"
      2048,         0,         0,   0.248,decoder_by_matrix,066a5d8d46981b593c3dec855f441edbe9e755a8873183448f69d036a2ecc650,"{""distance"":5,""physical_error_rate"":0.001}","{""detection_events"":1190,""detectors_checked"":348160}"
      2048,         0,         0,   0.229,decoder_by_matrix,066a5d8d46981b593c3dec855f441edbe9e755a8873183448f69d036a2ecc650,"{""distance"":5,""physical_error_rate"":0.001}","{""detection_events"":1180,""detectors_checked"":348160}"
      2048,         0,         0,   0.249,decoder_by_matrix,066a5d8d46981b593c3dec855f441edbe9e755a8873183448f69d036a2ecc650,"{""distance"":5,""physical_error_rate"":0.001}","{""detection_events"":990,""detectors_checked"":348160}"
      4096,         0,         0,   0.329,decoder_by_matrix,066a5d8d46981b593c3dec855f441edbe9e755a8873183448f69d036a2ecc650,"{""distance"":5,""physical_error_rate"":0.001}","{""detection_events"":2170,""detectors_checked"":696320}"
      2048,         0,         0,   0.250,decoder_by_matrix,066a5d8d46981b593c3dec855f441edbe9e755a8873183448f69d036a2ecc650,"{""distance"":5,""physical_error_rate"":0.001}","{""detection_events"":1180,""detectors_checked"":348160}"
      2048,         0,         0,   0.229,decoder_by_matrix,066a5d8d46981b593c3dec855f441edbe9e755a8873183448f69d036a2ecc650,"{""distance"":5,""physical_error_rate"":0.001}","{""detection_events"":1035,""detectors_checked"":348160}"
      2048,         0,         0,   0.228,decoder_by_matrix,066a5d8d46981b593c3dec855f441edbe9e755a8873183448f69d036a2ecc650,"{""distance"":5,""physical_error_rate"":0.001}","{""detection_events"":960,""detectors_checked"":348160}"
      2048,         0,         0,   0.248,decoder_by_matrix,066a5d8d46981b593c3dec855f441edbe9e755a8873183448f69d036a2ecc650,"{""distance"":5,""physical_error_rate"":0.001}","{""detection_events"":1110,""detectors_checked"":348160}"
      3072,         0,         0,   0.267,decoder_by_matrix,066a5d8d46981b593c3dec855f441edbe9e755a8873183448f69d036a2ecc650,"{""distance"":5,""physical_error_rate"":0.001}","{""detection_events"":1690,""detectors_checked"":522240}"
      2048,         0,         0,   0.225,decoder_by_matrix,066a5d8d46981b593c3dec855f441edbe9e755a8873183448f69d036a2ecc650,"{""distance"":5,""physical_error_rate"":0.001}","{""detection_events"":1350,""detectors_checked"":348160}"
      4096,         0,         0,   0.363,decoder_by_matrix,066a5d8d46981b593c3dec855f441edbe9e755a8873183448f69d036a2ecc650,"{""distance"":5,""physical_error_rate"":0.001}","{""detection_events"":2280,""detectors_checked"":696320}"
      3072,         0,         0,   0.303,decoder_by_matrix,066a5d8d46981b593c3dec855f441edbe9e755a8873183448f69d036a2ecc650,"{""distance"":5,""physical_error_rate"":0.001}","{""detection_events"":1790,""detectors_checked"":522240}"
      3072,         0,         0,   0.363,decoder_by_matrix,066a5d8d46981b593c3dec855f441edbe9e755a8873183448f69d036a2ecc650,"{""distance"":5,""physical_error_rate"":0.001}","{""detection_events"":1835,""detectors_checked"":522240}"
      4096,         0,         0,   0.370,decoder_by_matrix,066a5d8d46981b593c3dec855f441edbe9e755a8873183448f69d036a2ecc650,"{""distance"":5,""physical_error_rate"":0.001}","{""detection_events"":2200,""detectors_checked"":696320}"
      3072,         0,         0,   0.366,decoder_by_matrix,066a5d8d46981b593c3dec855f441edbe9e755a8873183448f69d036a2ecc650,"{""distance"":5,""physical_error_rate"":0.001}","{""detection_events"":1350,""detectors_checked"":522240}"
      3072,         0,         0,   0.368,decoder_by_matrix,066a5d8d46981b593c3dec855f441edbe9e755a8873183448f69d036a2ecc650,"{""distance"":5,""physical_error_rate"":0.001}","{""detection_events"":1420,""detectors_checked"":522240}"
      4096,         0,         0,   0.367,decoder_by_matrix,066a5d8d46981b593c3dec855f441edbe9e755a8873183448f69d036a2ecc650,"{""distance"":5,""physical_error_rate"":0.001}","{""detection_events"":2205,""detectors_checked"":696320}"
      3072,         0,         0,   0.387,decoder_by_matrix,066a5d8d46981b593c3dec855f441edbe9e755a8873183448f69d036a2ecc650,"{""distance"":5,""physical_error_rate"":0.001}","{""detection_events"":1560,""detectors_checked"":522240}"
      3072,         0,         0,   0.376,decoder_by_matrix,066a5d8d46981b593c3dec855f441edbe9e755a8873183448f69d036a2ecc650,"{""distance"":5,""physical_error_rate"":0.001}","{""detection_events"":1370,""detectors_checked"":522240}"
      3072,         0,         0,   0.357,decoder_by_matrix,066a5d8d46981b593c3dec855f441edbe9e755a8873183448f69d036a2ecc650,"{""distance"":5,""physical_error_rate"":0.001}","{""detection_events"":1605,""detectors_checked"":522240}"
      3072,         0,         0,   0.333,decoder_by_matrix,066a5d8d46981b593c3dec855f441edbe9e755a8873183448f69d036a2ecc650,"{""distance"":5,""physical_error_rate"":0.001}","{""detection_events"":1735,""detectors_checked"":522240}"
      4096,         0,         0,   0.375,decoder_by_matrix,066a5d8d46981b593c3dec855f441edbe9e755a8873183448f69d036a2ecc650,"{""distance"":5,""physical_error_rate"":0.001}","{""detection_events"":2240,""detectors_checked"":696320}"
      3072,         0,         0,   0.335,decoder_by_matrix,066a5d8d46981b593c3dec855f441edbe9e755a8873183448f69d036a2ecc650,"{""distance"":5,""physical_error_rate"":0.001}","{""detection_events"":1470,""detectors_checked"":522240}"
      3072,         0,         0,   0.364,decoder_by_matrix,066a5d8d46981b593c3dec855f441edbe9e755a8873183448f69d036a2ecc650,"{""distance"":5,""physical_error_rate"":0.001}","{""detection_events"":1835,""detectors_checked"":522240}"
      3072,         0,         0,   0.364,decoder_by_matrix,066a5d8d46981b593c3dec855f441edbe9e755a8873183448f69d036a2ecc650,"{""distance"":5,""physical_error_rate"":0.001}","{""detection_events"":1970,""detectors_checked"":522240}"
      3072,         0,         0,   0.343,decoder_by_matrix,066a5d8d46981b593c3dec855f441edbe9e755a8873183448f69d036a2ecc650,"{""distance"":5,""physical_error_rate"":0.001}","{""detection_events"":1935,""detectors_checked"":522240}"
      3072,         0,         0,   0.335,decoder_by_matrix,066a5d8d46981b593c3dec855f441edbe9e755a8873183448f69d036a2ecc650,"{""distance"":5,""physical_error_rate"":0.001}","{""detection_events"":1480,""detectors_checked"":522240}"
      3072,         0,         0,   0.367,decoder_by_matrix,066a5d8d46981b593c3dec855f441edbe9e755a8873183448f69d036a2ecc650,"{""distance"":5,""physical_error_rate"":0.001}","{""detection_events"":1655,""detectors_checked"":522240}"
      3072,         0,         0,   0.370,decoder_by_matrix,066a5d8d46981b593c3dec855f441edbe9e755a8873183448f69d036a2ecc650,"{""distance"":5,""physical_error_rate"":0.001}","{""detection_events"":1640,""detectors_checked"":522240}"
      3072,         0,         0,   0.361,decoder_by_matrix,066a5d8d46981b593c3dec855f441edbe9e755a8873183448f69d036a2ecc650,"{""distance"":5,""physical_error_rate"":0.001}","{""detection_events"":1800,""detectors_checked"":522240}"
      5120,         0,         0,   0.427,decoder_by_matrix,066a5d8d46981b593c3dec855f441edbe9e755a8873183448f69d036a2ecc650,"{""distance"":5,""physical_error_rate"":0.001}","{""detection_events"":2550,""detectors_checked"":870400}"
      6144,         0,         0,   0.480,decoder_by_matrix,066a5d8d46981b593c3dec855f441edbe9e755a8873183448f69d036a2ecc650,"{""distance"":5,""physical_error_rate"":0.001}","{""detection_events"":3580,""detectors_checked"":1044480}"
      3072,         0,         0,   0.356,decoder_by_matrix,066a5d8d46981b593c3dec855f441edbe9e755a8873183448f69d036a2ecc650,"{""distance"":5,""physical_error_rate"":0.001}","{""detection_events"":1505,""detectors_checked"":522240}"
      4096,         0,         0,   0.424,decoder_by_matrix,066a5d8d46981b593c3dec855f441edbe9e755a8873183448f69d036a2ecc650,"{""distance"":5,""physical_error_rate"":0.001}","{""detection_events"":2090,""detectors_checked"":696320}"
      4096,         0,         0,   0.482,decoder_by_matrix,066a5d8d46981b593c3dec855f441edbe9e755a8873183448f69d036a2ecc650,"{""distance"":5,""physical_error_rate"":0.001}","{""detection_events"":2310,""detectors_checked"":696320}"
      4096,         0,         0,   0.498,decoder_by_matrix,066a5d8d46981b593c3dec855f441edbe9e755a8873183448f69d036a2ecc650,"{""distance"":5,""physical_error_rate"":0.001}","{""detection_events"":2285,""detectors_checked"":696320}"
      5120,         0,         0,   0.492,decoder_by_matrix,066a5d8d46981b593c3dec855f441edbe9e755a8873183448f69d036a2ecc650,"{""distance"":5,""physical_error_rate"":0.001}","{""detection_events"":2800,""detectors_checked"":870400}"
      4096,         0,         0,   0.469,decoder_by_matrix,066a5d8d46981b593c3dec855f441edbe9e755a8873183448f69d036a2ecc650,"{""distance"":5,""physical_error_rate"":0.001}","{""detection_events"":2265,""detectors_checked"":696320}"
      4096,         0,         0,   0.500,decoder_by_matrix,066a5d8d46981b593c3dec855f441edbe9e755a8873183448f69d036a2ecc650,"{""distance"":5,""physical_error_rate"":0.001}","{""detection_events"":2780,""detectors_checked"":696320}"
      4096,         0,         0,   0.476,decoder_by_matrix,066a5d8d46981b593c3dec855f441edbe9e755a8873183448f69d036a2ecc650,"{""distance"":5,""physical_error_rate"":0.001}","{""detection_events"":2385,""detectors_checked"":696320}"
      4096,         0,         0,   0.644,decoder_by_matrix,066a5d8d46981b593c3dec855f441edbe9e755a8873183448f69d036a2ecc650,"{""distance"":5,""physical_error_rate"":0.001}","{""detection_events"":2090,""detectors_checked"":696320}"
      4096,         0,         0,   0.487,decoder_by_matrix,066a5d8d46981b593c3dec855f441edbe9e755a8873183448f69d036a2ecc650,"{""distance"":5,""physical_error_rate"":0.001}","{""detection_events"":2510,""detectors_checked"":696320}"
      4096,         0,         0,   0.406,decoder_by_matrix,066a5d8d46981b593c3dec855f441edbe9e755a8873183448f69d036a2ecc650,"{""distance"":5,""physical_error_rate"":0.001}","{""detection_events"":2445,""detectors_checked"":696320}"
      4096,         0,         0,   0.438,decoder_by_matrix,066a5d8d46981b593c3dec855f441edbe9e755a8873183448f69d036a2ecc650,"{""distance"":5,""physical_error_rate"":0.001}","{""detection_events"":2180,""detectors_checked"":696320}"
      4096,         0,         0,   0.388,decoder_by_matrix,066a5d8d46981b593c3dec855f441edbe9e755a8873183448f69d036a2ecc650,"{""distance"":5,""physical_error_rate"":0.001}","{""detection_events"":2550,""detectors_checked"":696320}"
      4096,         0,         0,   0.432,decoder_by_matrix,066a5d8d46981b593c3dec855f441edbe9e755a8873183448f69d036a2ecc650,"{""distance"":5,""physical_error_rate"":0.001}","{""detection_events"":2225,""detectors_checked"":696320}"
      4096,         0,         0,   0.479,decoder_by_matrix,066a5d8d46981b593c3dec855f441edbe9e755a8873183448f69d036a2ecc650,"{""distance"":5,""physical_error_rate"":0.001}","{""detection_events"":2425,""detectors_checked"":696320}"
      5120,         0,         0,   0.487,decoder_by_matrix,066a5d8d46981b593c3dec855f441edbe9e755a8873183448f69d036a2ecc650,"{""distance"":5,""physical_error_rate"":0.001}","{""detection_events"":3005,""detectors_checked"":870400}"
      4096,         0,         0,   0.467,decoder_by_matrix,066a5d8d46981b593c3dec855f441edbe9e755a8873183448f69d036a2ecc650,"{""distance"":5,""physical_error_rate"":0.001}","{""detection_events"":2075,""detectors_checked"":696320}"
      4096,         0,         0,   0.476,decoder_by_matrix,066a5d8d46981b593c3dec855f441edbe9e755a8873183448f69d036a2ecc650,"{""distance"":5,""physical_error_rate"":0.001}","{""detection_events"":2310,""detectors_checked"":696320}"
      4096,         0,         0,   0.475,decoder_by_matrix,066a5d8d46981b593c3dec855f441edbe9e755a8873183448f69d036a2ecc650,"{""distance"":5,""physical_error_rate"":0.001}","{""detection_events"":2360,""detectors_checked"":696320}"
      4096,         0,         0,   0.505,decoder_by_matrix,066a5d8d46981b593c3dec855f441edbe9e755a8873183448f69d036a2ecc650,"{""distance"":5,""physical_error_rate"":0.001}","{""detection_events"":2050,""detectors_checked"":696320}"
      4096,         0,         0,   0.479,decoder_by_matrix,066a5d8d46981b593c3dec855f441edbe9e755a8873183448f69d036a2ecc650,"{""distance"":5,""physical_error_rate"":0.001}","{""detection_events"":2460,""detectors_checked"":696320}"
      4096,         0,         0,   0.504,decoder_by_matrix,066a5d8d46981b593c3dec855f441edbe9e755a8873183448f69d036a2ecc650,"{""distance"":5,""physical_error_rate"":0.001}","{""detection_events"":2585,""detectors_checked"":696320}"
      4096,         0,         0,   0.423,decoder_by_matrix,066a5d8d46981b593c3dec855f441edbe9e755a8873183448f69d036a2ecc650,"{""distance"":5,""physical_error_rate"":0.001}","{""detection_events"":2275,""detectors_checked"":696320}"
      5120,         0,         0,   0.542,decoder_by_matrix,066a5d8d46981b593c3dec855f441edbe9e755a8873183448f69d036a2ecc650,"{""distance"":5,""physical_error_rate"":0.001}","{""detection_events"":2635,""detectors_checked"":870400}"
      8192,         0,         0,   0.634,decoder_by_matrix,066a5d8d46981b593c3dec855f441edbe9e755a8873183448f69d036a2ecc650,"{""distance"":5,""physical_error_rate"":0.001}","{""detection_events"":4940,""detectors_checked"":1392640}"
      4096,         0,         0,   0.544,decoder_by_matrix,066a5d8d46981b593c3dec855f441edbe9e755a8873183448f69d036a2ecc650,"{""distance"":5,""physical_error_rate"":0.001}","{""detection_events"":2290,""detectors_checked"":696320}"
      6144,         0,         0,   0.620,decoder_by_matrix,066a5d8d46981b593c3dec855f441edbe9e755a8873183448f69d036a2ecc650,"{""distance"":5,""physical_error_rate"":0.001}","{""detection_events"":3610,""detectors_checked"":1044480}"
      6144,         0,         0,   0.607,decoder_by_matrix,066a5d8d46981b593c3dec855f441edbe9e755a8873183448f69d036a2ecc650,"{""distance"":5,""physical_error_rate"":0.001}","{""detection_events"":3410,""detectors_checked"":1044480}"
      6144,         0,         0,   0.581,decoder_by_matrix,066a5d8d46981b593c3dec855f441edbe9e755a8873183448f69d036a2ecc650,"{""distance"":5,""physical_error_rate"":0.001}","{""detection_events"":3405,""detectors_checked"":1044480}"
      5120,         0,         0,   0.614,decoder_by_matrix,066a5d8d46981b593c3dec855f441edbe9e755a8873183448f69d036a2ecc650,"{""distance"":5,""physical_error_rate"":0.001}","{""detection_events"":2545,""detectors_checked"":870400}"
      5120,         0,         0,   0.619,decoder_by_matrix,066a5d8d46981b593c3dec855f441edbe9e755a8873183448f69d036a2ecc650,"{""distance"":5,""physical_error_rate"":0.001}","{""detection_events"":2475,""detectors_checked"":870400}"
      5120,         0,         0,   0.686,decoder_by_matrix,066a5d8d46981b593c3dec855f441edbe9e755a8873183448f69d036a2ecc650,"{""distance"":5,""physical_error_rate"":0.001}","{""detection_events"":3230,""detectors_checked"":870400}"
      5120,         0,         0,   0.570,decoder_by_matrix,066a5d8d46981b593c3dec855f441edbe9e755a8873183448f69d036a2ecc650,"{""distance"":5,""physical_error_rate"":0.001}","{""detection_events"":2880,""detectors_checked"":870400}"
      6144,         0,         0,   0.588,decoder_by_matrix,066a5d8d46981b593c3dec855f441edbe9e755a8873183448f69d036a2ecc650,"{""distance"":5,""physical_error_rate"":0.001}","{""detection_events"":3850,""detectors_checked"":1044480}"
      6144,         0,         0,   0.633,decoder_by_matrix,066a5d8d46981b593c3dec855f441edbe9e755a8873183448f69d036a2ecc650,"{""distance"":5,""physical_error_rate"":0.001}","{""detection_events"":4005,""detectors_checked"":1044480}"
      6144,         0,         0,   0.589,decoder_by_matrix,066a5d8d46981b593c3dec855f441edbe9e755a8873183448f69d036a2ecc650,"{""distance"":5,""physical_error_rate"":0.001}","{""detection_events"":3000,""detectors_checked"":1044480}"
      6144,         0,         0,   0.632,decoder_by_matrix,066a5d8d46981b593c3dec855f441edbe9e755a8873183448f69d036a2ecc650,"{""distance"":5,""physical_error_rate"":0.001}","{""detection_events"":3420,""detectors_checked"":1044480}"
      5120,         0,         0,   0.613,decoder_by_matrix,066a5d8d46981b593c3dec855f441edbe9e755a8873183448f69d036a2ecc650,"{""distance"":5,""physical_error_rate"":0.001}","{""detection_events"":2875,""detectors_checked"":870400}"
      5120,         0,         0,   0.661,decoder_by_matrix,066a5d8d46981b593c3dec855f441edbe9e755a8873183448f69d036a2ecc650,"{""distance"":5,""physical_error_rate"":0.001}","{""detection_events"":2985,""detectors_checked"":870400}"
      6144,         0,         0,   0.570,decoder_by_matrix,066a5d8d46981b593c3dec855f441edbe9e755a8873183448f69d036a2ecc650,"{""distance"":5,""physical_error_rate"":0.001}","{""detection_events"":3595,""detectors_checked"":1044480}"
      5120,         0,         0,   0.587,decoder_by_matrix,066a5d8d46981b593c3dec855f441edbe9e755a8873183448f69d036a2ecc650,"{""distance"":5,""physical_error_rate"":0.001}","{""detection_events"":2730,""detectors_checked"":870400}"
      5120,         0,         0,   0.595,decoder_by_matrix,066a5d8d46981b593c3dec855f441edbe9e755a8873183448f69d036a2ecc650,"{""distance"":5,""physical_error_rate"":0.001}","{""detection_events"":2960,""detectors_checked"":870400}"
      5120,         0,         0,   0.612,decoder_by_matrix,066a5d8d46981b593c3dec855f441edbe9e755a8873183448f69d036a2ecc650,"{""distance"":5,""physical_error_rate"":0.001}","{""detection_events"":2815,""detectors_checked"":870400}"
      5120,         0,         0,   0.618,decoder_by_matrix,066a5d8d46981b593c3dec855f441edbe9e755a8873183448f69d036a2ecc650,"{""distance"":5,""physical_error_rate"":0.001}","{""detection_events"":2695,""detectors_checked"":870400}"
      5120,         0,         0,   0.601,decoder_by_matrix,066a5d8d46981b593c3dec855f441edbe9e755a8873183448f69d036a2ecc650,"{""distance"":5,""physical_error_rate"":0.001}","{""detection_events"":2795,""detectors_checked"":870400}"
      5120,         0,         0,   0.617,decoder_by_matrix,066a5d8d46981b593c3dec855f441edbe9e755a8873183448f69d036a2ecc650,"{""distance"":5,""physical_error_rate"":0.001}","{""detection_events"":3490,""detectors_checked"":870400}"
      6144,         0,         0,   0.600,decoder_by_matrix,066a5d8d46981b593c3dec855f441edbe9e755a8873183448f69d036a2ecc650,"{""distance"":5,""physical_error_rate"":0.001}","{""detection_events"":3265,""detectors_checked"":1044480}"
      7168,         0,         0,   0.808,decoder_by_matrix,066a5d8d46981b593c3dec855f441edbe9e755a8873183448f69d036a2ecc650,"{""distance"":5,""physical_error_rate"":0.001}","{""detection_events"":4305,""detectors_checked"":1218560}"
     10240,         0,         0,   0.794,decoder_by_matrix,066a5d8d46981b593c3dec855f441edbe9e755a8873183448f69d036a2ecc650,"{""distance"":5,""physical_error_rate"":0.001}","{""detection_events"":5810,""detectors_checked"":1740800}"
      8192,         0,         0,   0.793,decoder_by_matrix,066a5d8d46981b593c3dec855f441edbe9e755a8873183448f69d036a2ecc650,"{""distance"":5,""physical_error_rate"":0.001}","{""detection_events"":4780,""detectors_checked"":1392640}"
      6144,         0,         0,   0.838,decoder_by_matrix,066a5d8d46981b593c3dec855f441edbe9e755a8873183448f69d036a2ecc650,"{""distance"":5,""physical_error_rate"":0.001}","{""detection_events"":3385,""detectors_checked"":1044480}"
      8192,         0,         0,   0.776,decoder_by_matrix,066a5d8d46981b593c3dec855f441edbe9e755a8873183448f69d036a2ecc650,"{""distance"":5,""physical_error_rate"":0.001}","{""detection_events"":4505,""detectors_checked"":1392640}"
      8192,         0,         0,   0.800,decoder_by_matrix,066a5d8d46981b593c3dec855f441edbe9e755a8873183448f69d036a2ecc650,"{""distance"":5,""physical_error_rate"":0.001}","{""detection_events"":5295,""detectors_checked"":1392640}"
      8192,         0,         0,   0.822,decoder_by_matrix,066a5d8d46981b593c3dec855f441edbe9e755a8873183448f69d036a2ecc650,"{""distance"":5,""physical_error_rate"":0.001}","{""detection_events"":4675,""detectors_checked"":1392640}"
      8192,         0,         0,   0.792,decoder_by_matrix,066a5d8d46981b593c3dec855f441edbe9e755a8873183448f69d036a2ecc650,"{""distance"":5,""physical_error_rate"":0.001}","{""detection_events"":4785,""detectors_checked"":1392640}"
      8192,         0,         0,   0.804,decoder_by_matrix,066a5d8d46981b593c3dec855f441edbe9e755a8873183448f69d036a2ecc650,"{""distance"":5,""physical_error_rate"":0.001}","{""detection_events"":4370,""detectors_checked"":1392640}"
      6144,         0,         0,   0.811,decoder_by_matrix,066a5d8d46981b593c3dec855f441edbe9e755a8873183448f69d036a2ecc650,"{""distance"":5,""physical_error_rate"":0.001}","{""detection_events"":3600,""detectors_checked"":1044480}"
      7168,         0,         0,   0.826,decoder_by_matrix,066a5d8d46981b593c3dec855f441edbe9e755a8873183448f69d036a2ecc650,"{""distance"":5,""physical_error_rate"":0.001}","{""detection_events"":3655,""detectors_checked"":1218560}"
      7168,         0,         0,   0.840,decoder_by_matrix,066a5d8d46981b593c3dec855f441edbe9e755a8873183448f69d036a2ecc650,"{""distance"":5,""physical_error_rate"":0.001}","{""detection_events"":3910,""detectors_checked"":1218560}"
      7168,         0,         0,   0.875,decoder_by_matrix,066a5d8d46981b593c3dec855f441edbe9e755a8873183448f69d036a2ecc650,"{""distance"":5,""physical_error_rate"":0.001}","{""detection_events"":3525,""detectors_checked"":1218560}"
      6144,         0,         0,   0.830,decoder_by_matrix,066a5d8d46981b593c3dec855f441edbe9e755a8873183448f69d036a2ecc650,"{""distance"":5,""physical_error_rate"":0.001}","{""detection_events"":3490,""detectors_checked"":1044480}"
      7168,         0,         0,   0.847,decoder_by_matrix,066a5d8d46981b593c3dec855f441edbe9e755a8873183448f69d036a2ecc650,"{""distance"":5,""physical_error_rate"":0.001}","{""detection_events"":4175,""detectors_checked"":1218560}"
      7168,         0,         0,   0.823,decoder_by_matrix,066a5d8d46981b593c3dec855f441edbe9e755a8873183448f69d036a2ecc650,"{""distance"":5,""physical_error_rate"":0.001}","{""detection_events"":4395,""detectors_checked"":1218560}"
      9216,         0,         0,   0.875,decoder_by_matrix,066a5d8d46981b593c3dec855f441edbe9e755a8873183448f69d036a2ecc650,"{""distance"":5,""physical_error_rate"":0.001}","{""detection_events"":5015,""detectors_checked"":1566720}"
      8192,         0,         0,   0.817,decoder_by_matrix,066a5d8d46981b593c3dec855f441edbe9e755a8873183448f69d036a2ecc650,"{""distance"":5,""physical_error_rate"":0.001}","{""detection_events"":4130,""detectors_checked"":1392640}"
      8192,         0,         0,   0.821,decoder_by_matrix,066a5d8d46981b593c3dec855f441edbe9e755a8873183448f69d036a2ecc650,"{""distance"":5,""physical_error_rate"":0.001}","{""detection_events"":5045,""detectors_checked"":1392640}"
      7168,         0,         0,   0.847,decoder_by_matrix,066a5d8d46981b593c3dec855f441edbe9e755a8873183448f69d036a2ecc650,"{""distance"":5,""physical_error_rate"":0.001}","{""detection_events"":3900,""detectors_checked"":1218560}"
      7168,         0,         0,   0.835,decoder_by_matrix,066a5d8d46981b593c3dec855f441edbe9e755a8873183448f69d036a2ecc650,"{""distance"":5,""physical_error_rate"":0.001}","{""detection_events"":4605,""detectors_checked"":1218560}"
      7168,         0,         0,   0.862,decoder_by_matrix,066a5d8d46981b593c3dec855f441edbe9e755a8873183448f69d036a2ecc650,"{""distance"":5,""physical_error_rate"":0.001}","{""detection_events"":4030,""detectors_checked"":1218560}"
      7168,         0,         0,   0.869,decoder_by_matrix,066a5d8d46981b593c3dec855f441edbe9e755a8873183448f69d036a2ecc650,"{""distance"":5,""physical_error_rate"":0.001}","{""detection_events"":3920,""detectors_checked"":1218560}"
      9216,         0,         0,   0.876,decoder_by_matrix,066a5d8d46981b593c3dec855f441edbe9e755a8873183448f69d036a2ecc650,"{""distance"":5,""physical_error_rate"":0.001}","{""detection_events"":5955,""detectors_checked"":1566720}"
     10240,         0,         0,    1.15,decoder_by_matrix,066a5d8d46981b593c3dec855f441edbe9e755a8873183448f69d036a2ecc650,"{""distance"":5,""physical_error_rate"":0.001}","{""detection_events"":5800,""detectors_checked"":1740800}"
     14336,         0,         0,    1.11,decoder_by_matrix,066a5d8d46981b593c3dec855f441edbe9e755a8873183448f69d036a2ecc650,"{""distance"":5,""physical_error_rate"":0.001}","{""detection_events"":8320,""detectors_checked"":2437120}"
      8192,         0,         0,    1.11,decoder_by_matrix,066a5d8d46981b593c3dec855f441edbe9e755a8873183448f69d036a2ecc650,"{""distance"":5,""physical_error_rate"":0.001}","{""detection_events"":4650,""detectors_checked"":1392640}"
     12288,         0,         0,    1.19,decoder_by_matrix,066a5d8d46981b593c3dec855f441edbe9e755a8873183448f69d036a2ecc650,"{""distance"":5,""physical_error_rate"":0.001}","{""detection_events"":6880,""detectors_checked"":2088960}"
     11264,         0,         0,    1.12,decoder_by_matrix,066a5d8d46981b593c3dec855f441edbe9e755a8873183448f69d036a2ecc650,"{""distance"":5,""physical_error_rate"":0.001}","{""detection_events"":6020,""detectors_checked"":1914880}"
      8192,         0,         0,    1.08,decoder_by_matrix,066a5d8d46981b593c3dec855f441edbe9e755a8873183448f69d036a2ecc650,"{""distance"":5,""physical_error_rate"":0.001}","{""detection_events"":5030,""detectors_checked"":1392640}"
     12288,         0,         0,    1.19,decoder_by_matrix,066a5d8d46981b593c3dec855f441edbe9e755a8873183448f69d036a2ecc650,"{""distance"":5,""physical_error_rate"":0.001}","{""detection_events"":7430,""detectors_checked"":2088960}"
     11264,         0,         0,    1.17,decoder_by_matrix,066a5d8d46981b593c3dec855f441edbe9e755a8873183448f69d036a2ecc650,"{""distance"":5,""physical_error_rate"":0.001}","{""detection_events"":6905,""detectors_checked"":1914880}"
     12288,         0,         0,    1.18,decoder_by_matrix,066a5d8d46981b593c3dec855f441edbe9e755a8873183448f69d036a2ecc650,"{""distance"":5,""physical_error_rate"":0.001}","{""detection_events"":7570,""detectors_checked"":2088960}"
     12288,         0,         0,    1.17,decoder_by_matrix,066a5d8d46981b593c3dec855f441edbe9e755a8873183448f69d036a2ecc650,"{""distance"":5,""physical_error_rate"":0.001}","{""detection_events"":6075,""detectors_checked"":2088960}"
      8192,         0,         0,    1.13,decoder_by_matrix,066a5d8d46981b593c3dec855f441edbe9e755a8873183448f69d036a2ecc650,"{""distance"":5,""physical_error_rate"":0.001}","{""detection_events"":4715,""detectors_checked"":1392640}"
     10240,         0,         0,    1.19,decoder_by_matrix,066a5d8d46981b593c3dec855f441edbe9e755a8873183448f69d036a2ecc650,"{""distance"":5,""physical_error_rate"":0.001}","{""detection_events"":5705,""detectors_checked"":1740800}"
     12288,         0,         0,    1.15,decoder_by_matrix,066a5d8d46981b593c3dec855f441edbe9e755a8873183448f69d036a2ecc650,"{""distance"":5,""physical_error_rate"":0.001}","{""detection_events"":7975,""detectors_checked"":2088960}"
      9216,         0,         0,    1.26,decoder_by_matrix,066a5d8d46981b593c3dec855f441edbe9e755a8873183448f69d036a2ecc650,"{""distance"":5,""physical_error_rate"":0.001}","{""detection_events"":4975,""detectors_checked"":1566720}"
     10240,         0,         0,    1.17,decoder_by_matrix,066a5d8d46981b593c3dec855f441edbe9e755a8873183448f69d036a2ecc650,"{""distance"":5,""physical_error_rate"":0.001}","{""detection_events"":5625,""detectors_checked"":1740800}"
     11264,         0,         0,    1.12,decoder_by_matrix,066a5d8d46981b593c3dec855f441edbe9e755a8873183448f69d036a2ecc650,"{""distance"":5,""physical_error_rate"":0.001}","{""detection_events"":6530,""detectors_checked"":1914880}"
     10240,         0,         0,    1.18,decoder_by_matrix,066a5d8d46981b593c3dec855f441edbe9e755a8873183448f69d036a2ecc650,"{""distance"":5,""physical_error_rate"":0.001}","{""detection_events"":5915,""detectors_checked"":1740800}"
     10240,         0,         0,    1.21,decoder_by_matrix,066a5d8d46981b593c3dec855f441edbe9e755a8873183448f69d036a2ecc650,"{""distance"":5,""physical_error_rate"":0.001}","{""detection_events"":6050,""detectors_checked"":1740800}"
      8192,         0,         0,    1.12,decoder_by_matrix,066a5d8d46981b593c3dec855f441edbe9e755a8873183448f69d036a2ecc650,"{""distance"":5,""physical_error_rate"":0.001}","{""detection_events"":4875,""detectors_checked"":1392640}"
     10240,         0,         0,    1.13,decoder_by_matrix,066a5d8d46981b593c3dec855f441edbe9e755a8873183448f69d036a2ecc650,"{""distance"":5,""physical_error_rate"":0.001}","{""detection_events"":5180,""detectors_checked"":1740800}"
     12288,         0,         0,    1.21,decoder_by_matrix,066a5d8d46981b593c3dec855f441edbe9e755a8873183448f69d036a2ecc650,"{""distance"":5,""physical_error_rate"":0.001}","{""detection_events"":7475,""detectors_checked"":2088960}"
     10240,         0,         0,    1.16,decoder_by_matrix,066a5d8d46981b593c3dec855f441edbe9e755a8873183448f69d036a2ecc650,"{""distance"":5,""physical_error_rate"":0.001}","{""detection_events"":6025,""detectors_checked"":1740800}"
     11264,         0,         0,    1.15,decoder_by_matrix,066a5d8d46981b593c3dec855f441edbe9e755a8873183448f69d036a2ecc650,"{""distance"":5,""physical_error_rate"":0.001}","{""detection_events"":6275,""detectors_checked"":1914880}"
     10240,         0,         0,    1.21,decoder_by_matrix,066a5d8d46981b593c3dec855f441edbe9e755a8873183448f69d036a2ecc650,"{""distance"":5,""physical_error_rate"":0.001}","{""detection_events"":5685,""detectors_checked"":1740800}"
     14336,         0,         0,    1.60,decoder_by_matrix,066a5d8d46981b593c3dec855f441edbe9e755a8873183448f69d036a2ecc650,"{""distance"":5,""physical_error_rate"":0.001}","{""detection_events"":7970,""detectors_checked"":2437120}"
     17408,         0,         0,    1.63,decoder_by_matrix,066a5d8d46981b593c3dec855f441edbe9e755a8873183448f69d036a2ecc650,"{""distance"":5,""physical_error_rate"":0.001}","{""detection_events"":10210,""detectors_checked"":2959360}"
     13312,         0,         0,    1.55,decoder_by_matrix,066a5d8d46981b593c3dec855f441edbe9e755a8873183448f69d036a2ecc650,"{""distance"":5,""physical_error_rate"":0.001}","{""detection_events"":7470,""detectors_checked"":2263040}"
     17408,         0,         0,    1.54,decoder_by_matrix,066a5d8d46981b593c3dec855f441edbe9e755a8873183448f69d036a2ecc650,"{""distance"":5,""physical_error_rate"":0.001}","{""detection_events"":9870,""detectors_checked"":2959360}"
     12288,         0,         0,    1.65,decoder_by_matrix,066a5d8d46981b593c3dec855f441edbe9e755a8873183448f69d036a2ecc650,"{""distance"":5,""physical_error_rate"":0.001}","{""detection_events"":6690,""detectors_checked"":2088960}"
     15360,         1,         0,    1.54,decoder_by_matrix,066a5d8d46981b593c3dec855f441edbe9e755a8873183448f69d036a2ecc650,"{""distance"":5,""physical_error_rate"":0.001}","{""detection_events"":8665,""detectors_checked"":2611200,""obs_mistake_mask=E__E"":1}"
     13312,         0,         0,    1.58,decoder_by_matrix,066a5d8d46981b593c3dec855f441edbe9e755a8873183448f69d036a2ecc650,"{""distance"":5,""physical_error_rate"":0.001}","{""detection_events"":7875,""detectors_checked"":2263040}"
     15360,         0,         0,    1.58,decoder_by_matrix,066a5d8d46981b593c3dec855f441edbe9e755a8873183448f69d036a2ecc650,"{""distance"":5,""physical_error_rate"":0.001}","{""detection_events"":9050,""detectors_checked"":2611200}"
     17408,         0,         0,    1.57,decoder_by_matrix,066a5d8d46981b593c3dec855f441edbe9e755a8873183448f69d036a2ecc650,"{""distance"":5,""physical_error_rate"":0.001}","{""detection_events"":9630,""detectors_checked"":2959360}"
     12288,         0,         0,    1.60,decoder_by_matrix,066a5d8d46981b593c3dec855f441edbe9e755a8873183448f69d036a2ecc650,"{""distance"":5,""physical_error_rate"":0.001}","{""detection_events"":6935,""detectors_checked"":2088960}"
     14336,         0,         0,    1.63,decoder_by_matrix,066a5d8d46981b593c3dec855f441edbe9e755a8873183448f69d036a2ecc650,"{""distance"":5,""physical_error_rate"":0.001}","{""detection_events"":8230,""detectors_checked"":2437120}"
     13312,         0,         0,    1.58,decoder_by_matrix,066a5d8d46981b593c3dec855f441edbe9e755a8873183448f69d036a2ecc650,"{""distance"":5,""physical_error_rate"":0.001}","{""detection_events"":7595,""detectors_checked"":2263040}"
     13312,         0,         0,    1.55,decoder_by_matrix,066a5d8d46981b593c3dec855f441edbe9e755a8873183448f69d036a2ecc650,"{""distance"":5,""physical_error_rate"":0.001}","{""detection_events"":7575,""detectors_checked"":2263040}"
     13312,         0,         0,    1.56,decoder_by_matrix,066a5d8d46981b593c3dec855f441edbe9e755a8873183448f69d036a2ecc650,"{""distance"":5,""physical_error_rate"":0.001}","{""detection_events"":6820,""detectors_checked"":2263040}"
     17408,         0,         0,    1.56,decoder_by_matrix,066a5d8d46981b593c3dec855f441edbe9e755a8873183448f69d036a2ecc650,"{""distance"":5,""physical_error_rate"":0.001}","{""detection_events"":9850,""detectors_checked"":2959360}"
     16384,         0,         0,    1.64,decoder_by_matrix,066a5d8d46981b593c3dec855f441edbe9e755a8873183448f69d036a2ecc650,"{""distance"":5,""physical_error_rate"":0.001}","{""detection_events"":9105,""detectors_checked"":2785280}"
     12288,         0,         0,    1.65,decoder_by_matrix,066a5d8d46981b593c3dec855f441edbe9e755a8873183448f69d036a2ecc650,"{""distance"":5,""physical_error_rate"":0.001}","{""detection_events"":7020,""detectors_checked"":2088960}"
     14336,         0,         0,    1.67,decoder_by_matrix,066a5d8d46981b593c3dec855f441edbe9e755a8873183448f69d036a2ecc650,"{""distance"":5,""physical_error_rate"":0.001}","{""detection_events"":7745,""detectors_checked"":2437120}"
     13312,         0,         0,    1.55,decoder_by_matrix,066a5d8d46981b593c3dec855f441edbe9e755a8873183448f69d036a2ecc650,"{""distance"":5,""physical_error_rate"":0.001}","{""detection_events"":7370,""detectors_checked"":2263040}"
     12288,         0,         0,    1.59,decoder_by_matrix,066a5d8d46981b593c3dec855f441edbe9e755a8873183448f69d036a2ecc650,"{""distance"":5,""physical_error_rate"":0.001}","{""detection_events"":7350,""detectors_checked"":2088960}"
     14336,         0,         0,    1.67,decoder_by_matrix,066a5d8d46981b593c3dec855f441edbe9e755a8873183448f69d036a2ecc650,"{""distance"":5,""physical_error_rate"":0.001}","{""detection_events"":8085,""detectors_checked"":2437120}"
     17408,         0,         0,    1.56,decoder_by_matrix,066a5d8d46981b593c3dec855f441edbe9e755a8873183448f69d036a2ecc650,"{""distance"":5,""physical_error_rate"":0.001}","{""detection_events"":10495,""detectors_checked"":2959360}"
     14336,         0,         0,    1.66,decoder_by_matrix,066a5d8d46981b593c3dec855f441edbe9e755a8873183448f69d036a2ecc650,"{""distance"":5,""physical_error_rate"":0.001}","{""detection_events"":8290,""detectors_checked"":2437120}"
     13312,         0,         0,    1.56,decoder_by_matrix,066a5d8d46981b593c3dec855f441edbe9e755a8873183448f69d036a2ecc650,"{""distance"":5,""physical_error_rate"":0.001}","{""detection_events"":7540,""detectors_checked"":2263040}"
     19456,         0,         0,    2.19,decoder_by_matrix,066a5d8d46981b593c3dec855f441edbe9e755a8873183448f69d036a2ecc650,"{""distance"":5,""physical_error_rate"":0.001}","{""detection_events"":10095,""detectors_checked"":3307520}"
     23552,         0,         0,    2.24,decoder_by_matrix,066a5d8d46981b593c3dec855f441edbe9e755a8873183448f69d036a2ecc650,"{""distance"":5,""physical_error_rate"":0.001}","{""detection_events"":13110,""detectors_checked"":4003840}"
     16384,         0,         0,    2.16,decoder_by_matrix,066a5d8d46981b593c3dec855f441edbe9e755a8873183448f69d036a2ecc650,"{""distance"":5,""physical_error_rate"":0.001}","{""detection_events"":9145,""detectors_checked"":2785280}"
     23552,         0,         0,    2.24,decoder_by_matrix,066a5d8d46981b593c3dec855f441edbe9e755a8873183448f69d036a2ecc650,"{""distance"":5,""physical_error_rate"":0.001}","{""detection_events"":12270,""detectors_checked"":4003840}"
     20480,         0,         0,    2.23,decoder_by_matrix,066a5d8d46981b593c3dec855f441edbe9e755a8873183448f69d036a2ecc650,"{""distance"":5,""physical_error_rate"":0.001}","{""detection_events"":12760,""detectors_checked"":3481600}"
     29696,         0,         0,    2.17,decoder_by_matrix,066a5d8d46981b593c3dec855f441edbe9e755a8873183448f69d036a2ecc650,"{""distance"":5,""physical_error_rate"":0.001}","{""detection_events"":16190,""detectors_checked"":5048320}"
     21504,         0,         0,    2.22,decoder_by_matrix,066a5d8d46981b593c3dec855f441edbe9e755a8873183448f69d036a2ecc650,"{""distance"":5,""physical_error_rate"":0.001}","{""detection_events"":12360,""detectors_checked"":3655680}"
     21504,         0,         0,    2.26,decoder_by_matrix,066a5d8d46981b593c3dec855f441edbe9e755a8873183448f69d036a2ecc650,"{""distance"":5,""physical_error_rate"":0.001}","{""detection_events"":12920,""detectors_checked"":3655680}"
     21504,         0,         0,    2.20,decoder_by_matrix,066a5d8d46981b593c3dec855f441edbe9e755a8873183448f69d036a2ecc650,"{""distance"":5,""physical_error_rate"":0.001}","{""detection_events"":12380,""detectors_checked"":3655680}"
     22528,         0,         0,    2.23,decoder_by_matrix,066a5d8d46981b593c3dec855f441edbe9e755a8873183448f69d036a2ecc650,"{""distance"":5,""physical_error_rate"":0.001}","{""detection_events"":12580,""detectors_checked"":3829760}"
     18432,         0,         0,    2.19,decoder_by_matrix,066a5d8d46981b593c3dec855f441edbe9e755a8873183448f69d036a2ecc650,"{""distance"":5,""physical_error_rate"":0.001}","{""detection_events"":10365,""detectors_checked"":3133440}"
     16384,         0,         0,    2.22,decoder_by_matrix,066a5d8d46981b593c3dec855f441edbe9e755a8873183448f69d036a2ecc650,"{""distance"":5,""physical_error_rate"":0.001}","{""detection_events"":9180,""detectors_checked"":2785280}"
     21504,         0,         0,    2.17,decoder_by_matrix,066a5d8d46981b593c3dec855f441edbe9e755a8873183448f69d036a2ecc650,"{""distance"":5,""physical_error_rate"":0.001}","{""detection_events"":11125,""detectors_checked"":3655680}"
     23552,         0,         0,    2.23,decoder_by_matrix,066a5d8d46981b593c3dec855f441edbe9e755a8873183448f69d036a2ecc650,"{""distance"":5,""physical_error_rate"":0.001}","{""detection_events"":13385,""detectors_checked"":4003840}"
     18432,         0,         0,    2.17,decoder_by_matrix,066a5d8d46981b593c3dec855f441edbe9e755a8873183448f69d036a2ecc650,"{""distance"":5,""physical_error_rate"":0.001}","{""detection_events"":10305,""detectors_checked"":3133440}"
     22528,         1,         0,    2.16,decoder_by_matrix,066a5d8d46981b593c3dec855f441edbe9e755a8873183448f69d036a2ecc650,"{""distance"":5,""physical_error_rate"":0.001}","{""detection_events"":13415,""detectors_checked"":3829760,""obs_mistake_mask=_E__"":1}"
     16384,         0,         0,    2.18,decoder_by_matrix,066a5d8d46981b593c3dec855f441edbe9e755a8873183448f69d036a2ecc650,"{""distance"":5,""physical_error_rate"":0.001}","{""detection_events"":9520,""detectors_checked"":2785280}"
     21504,         0,         0,    2.18,decoder_by_matrix,066a5d8d46981b593c3dec855f441edbe9e755a8873183448f69d036a2ecc650,"{""distance"":5,""physical_error_rate"":0.001}","{""detection_events"":11825,""detectors_checked"":3655680}"
     22528,         0,         0,    2.21,decoder_by_matrix,066a5d8d46981b593c3dec855f441edbe9e755a8873183448f69d036a2ecc650,"{""distance"":5,""physical_error_rate"":0.001}","{""detection_events"":13770,""detectors_checked"":3829760}"
     23552,         0,         0,    2.22,decoder_by_matrix,066a5d8d46981b593c3dec855f441edbe9e755a8873183448f69d036a2ecc650,"{""distance"":5,""physical_error_rate"":0.001}","{""detection_events"":14185,""detectors_checked"":4003840}"
     22528,         0,         0,    2.17,decoder_by_matrix,066a5d8d46981b593c3dec855f441edbe9e755a8873183448f69d036a2ecc650,"{""distance"":5,""physical_error_rate"":0.001}","{""detection_events"":12210,""detectors_checked"":3829760}"
     18432,         0,         0,    2.18,decoder_by_matrix,066a5d8d46981b593c3dec855f441edbe9e755a8873183448f69d036a2ecc650,"{""distance"":5,""physical_error_rate"":0.001}","{""detection_events"":10970,""detectors_checked"":3133440}"
     22528,         0,         0,    2.34,decoder_by_matrix,066a5d8d46981b593c3dec855f441edbe9e755a8873183448f69d036a2ecc650,"{""distance"":5,""physical_error_rate"":0.001}","{""detection_events"":12560,""detectors_checked"":3829760}"
     21504,         0,         0,    2.29,decoder_by_matrix,066a5d8d46981b593c3dec855f441edbe9e755a8873183448f69d036a2ecc650,"{""distance"":5,""physical_error_rate"":0.001}","{""detection_events"":11480,""detectors_checked"":3655680}"
     31744,         0,         0,    3.05,decoder_by_matrix,066a5d8d46981b593c3dec855f441edbe9e755a8873183448f69d036a2ecc650,"{""distance"":5,""physical_error_rate"":0.001}","{""detection_events"":17620,""detectors_checked"":5396480}"
     30720,         0,         0,    3.10,decoder_by_matrix,066a5d8d46981b593c3dec855f441edbe9e755a8873183448f69d036a2ecc650,"{""distance"":5,""physical_error_rate"":0.001}","{""detection_events"":16600,""detectors_checked"":5222400}"
     27648,         0,         0,    3.09,decoder_by_matrix,066a5d8d46981b593c3dec855f441edbe9e755a8873183448f69d036a2ecc650,"{""distance"":5,""physical_error_rate"":0.001}","{""detection_events"":15235,""detectors_checked"":4700160}"
     34816,         0,         0,    3.11,decoder_by_matrix,066a5d8d46981b593c3dec855f441edbe9e755a8873183448f69d036a2ecc650,"{""distance"":5,""physical_error_rate"":0.001}","{""detection_events"":20110,""detectors_checked"":5918720}"
     34816,         0,         0,    3.10,decoder_by_matrix,066a5d8d46981b593c3dec855f441edbe9e755a8873183448f69d036a2ecc650,"{""distance"":5,""physical_error_rate"":0.001}","{""detection_events"":19365,""detectors_checked"":5918720}"
     25600,         0,         0,    3.12,decoder_by_matrix,066a5d8d46981b593c3dec855f441edbe9e755a8873183448f69d036a2ecc650,"{""distance"":5,""physical_error_rate"":0.001}","{""detection_events"":14105,""detectors_checked"":4352000}"
     34816,         0,         0,    3.07,decoder_by_matrix,066a5d8d46981b593c3dec855f441edbe9e755a8873183448f69d036a2ecc650,"{""distance"":5,""physical_error_rate"":0.001}","{""detection_events"":19750,""detectors_checked"":5918720}"
     34816,         0,         0,    3.02,decoder_by_matrix,066a5d8d46981b593c3dec855f441edbe9e755a8873183448f69d036a2ecc650,"{""distance"":5,""physical_error_rate"":0.001}","{""detection_events"":19430,""detectors_checked"":5918720}"
     33792,         0,         0,    3.03,decoder_by_matrix,066a5d8d46981b593c3dec855f441edbe9e755a8873183448f69d036a2ecc650,"{""distance"":5,""physical_error_rate"":0.001}","{""detection_events"":18915,""detectors_checked"":5744640}"
     33792,         0,         0,    3.08,decoder_by_matrix,066a5d8d46981b593c3dec855f441edbe9e755a8873183448f69d036a2ecc650,"{""distance"":5,""physical_error_rate"":0.001}","{""detection_events"":17870,""detectors_checked"":5744640}"
     34816,         0,         0,    3.08,decoder_by_matrix,066a5d8d46981b593c3dec855f441edbe9e755a8873183448f69d036a2ecc650,"{""distance"":5,""physical_error_rate"":0.001}","{""detection_events"":20505,""detectors_checked"":5918720}"
     27648,         0,         0,    3.07,decoder_by_matrix,066a5d8d46981b593c3dec855f441edbe9e755a8873183448f69d036a2ecc650,"{""distance"":5,""physical_error_rate"":0.001}","{""detection_events"":16835,""detectors_checked"":4700160}"
     33792,         0,         0,    3.07,decoder_by_matrix,066a5d8d46981b593c3dec855f441edbe9e755a8873183448f69d036a2ecc650,"{""distance"":5,""physical_error_rate"":0.001}","{""detection_events"":19315,""detectors_checked"":5744640}"
     20480,         0,         0,    3.16,decoder_by_matrix,066a5d8d46981b593c3dec855f441edbe9e755a8873183448f69d036a2ecc650,"{""distance"":5,""physical_error_rate"":0.001}","{""detection_events"":12350,""detectors_checked"":3481600}"
     26624,         0,         0,    3.10,decoder_by_matrix,066a5d8d46981b593c3dec855f441edbe9e755a8873183448f69d036a2ecc650,"{""distance"":5,""physical_error_rate"":0.001}","{""detection_events"":16300,""detectors_checked"":4526080}"
     24576,         0,         0,    3.07,decoder_by_matrix,066a5d8d46981b593c3dec855f441edbe9e755a8873183448f69d036a2ecc650,"{""distance"":5,""physical_error_rate"":0.001}","{""detection_events"":13690,""detectors_checked"":4177920}"
     34816,         0,         0,    3.04,decoder_by_matrix,066a5d8d46981b593c3dec855f441edbe9e755a8873183448f69d036a2ecc650,"{""distance"":5,""physical_error_rate"":0.001}","{""detection_events"":20140,""detectors_checked"":5918720}"
     25600,         0,         0,    3.16,decoder_by_matrix,066a5d8d46981b593c3dec855f441edbe9e755a8873183448f69d036a2ecc650,"{""distance"":5,""physical_error_rate"":0.001}","{""detection_events"":14405,""detectors_checked"":4352000}"
     33792,         0,         0,    3.03,decoder_by_matrix,066a5d8d46981b593c3dec855f441edbe9e755a8873183448f69d036a2ecc650,"{""distance"":5,""physical_error_rate"":0.001}","{""detection_events"":19160,""detectors_checked"":5744640}"
     26624,         0,         0,    3.15,decoder_by_matrix,066a5d8d46981b593c3dec855f441edbe9e755a8873183448f69d036a2ecc650,"{""distance"":5,""physical_error_rate"":0.001}","{""detection_events"":14485,""detectors_checked"":4526080}"
     26624,         0,         0,    3.13,decoder_by_matrix,066a5d8d46981b593c3dec855f441edbe9e755a8873183448f69d036a2ecc650,"{""distance"":5,""physical_error_rate"":0.001}","{""detection_events"":14990,""detectors_checked"":4526080}"
     34816,         0,         0,    3.04,decoder_by_matrix,066a5d8d46981b593c3dec855f441edbe9e755a8873183448f69d036a2ecc650,"{""distance"":5,""physical_error_rate"":0.001}","{""detection_events"":19750,""detectors_checked"":5918720}"
     26624,         0,         0,    3.15,decoder_by_matrix,066a5d8d46981b593c3dec855f441edbe9e755a8873183448f69d036a2ecc650,"{""distance"":5,""physical_error_rate"":0.001}","{""detection_events"":14185,""detectors_checked"":4526080}"
     21504,         0,         0,    3.04,decoder_by_matrix,066a5d8d46981b593c3dec855f441edbe9e755a8873183448f69d036a2ecc650,"{""distance"":5,""physical_error_rate"":0.001}","{""detection_events"":12395,""detectors_checked"":3655680}"
     46080,         0,         0,    4.33,decoder_by_matrix,066a5d8d46981b593c3dec855f441edbe9e755a8873183448f69d036a2ecc650,"{""distance"":5,""physical_error_rate"":0.001}","{""detection_events"":25950,""detectors_checked"":7833600}"
     43008,         0,         0,    4.29,decoder_by_matrix,066a5d8d46981b593c3dec855f441edbe9e755a8873183448f69d036a2ecc650,"{""distance"":5,""physical_error_rate"":0.001}","{""detection_events"":24285,""detectors_checked"":7311360}"
     35840,         0,         0,    4.26,decoder_by_matrix,066a5d8d46981b593c3dec855f441edbe9e755a8873183448f69d036a2ecc650,"{""distance"":5,""physical_error_rate"":0.001}","{""detection_events"":21245,""detectors_checked"":6092800}"
     48128,         0,         0,    4.24,decoder_by_matrix,066a5d8d46981b593c3dec855f441edbe9e755a8873183448f69d036a2ecc650,"{""distance"":5,""physical_error_rate"":0.001}","{""detection_events"":27175,""detectors_checked"":8181760}"
     38912,         0,         0,    4.32,decoder_by_matrix,066a5d8d46981b593c3dec855f441edbe9e755a8873183448f69d036a2ecc650,"{""distance"":5,""physical_error_rate"":0.001}","{""detection_events"":22095,""detectors_checked"":6615040}"
     49152,         0,         0,    4.31,decoder_by_matrix,066a5d8d46981b593c3dec855f441edbe9e755a8873183448f69d036a2ecc650,"{""distance"":5,""physical_error_rate"":0.001}","{""detection_events"":26725,""detectors_checked"":8355840}"
     47104,         0,         0,    4.32,decoder_by_matrix,066a5d8d46981b593c3dec855f441edbe9e755a8873183448f69d036a2ecc650,"{""distance"":5,""physical_error_rate"":0.001}","{""detection_events"":27110,""detectors_checked"":8007680}"
     49152,         0,         0,    4.30,decoder_by_matrix,066a5d8d46981b593c3dec855f441edbe9e755a8873183448f69d036a2ecc650,"{""distance"":5,""physical_error_rate"":0.001}","{""detection_events"":28225,""detectors_checked"":8355840}"
     47104,         0,         0,    4.27,decoder_by_matrix,066a5d8d46981b593c3dec855f441edbe9e755a8873183448f69d036a2ecc650,"{""distance"":5,""physical_error_rate"":0.001}","{""detection_events"":26975,""detectors_checked"":8007680}"
     49152,         0,         0,    4.28,decoder_by_matrix,066a5d8d46981b593c3dec855f441edbe9e755a8873183448f69d036a2ecc650,"{""distance"":5,""physical_error_rate"":0.001}","{""detection_events"":27765,""detectors_checked"":8355840}"
     48128,         0,         0,    4.28,decoder_by_matrix,066a5d8d46981b593c3dec855f441edbe9e755a8873183448f69d036a2ecc650,"{""distance"":5,""physical_error_rate"":0.001}","{""detection_events"":27355,""detectors_checked"":8181760}"
     36864,         0,         0,    4.30,decoder_by_matrix,066a5d8d46981b593c3dec855f441edbe9e755a8873183448f69d036a2ecc650,"{""distance"":5,""physical_error_rate"":0.001}","{""detection_events"":21585,""detectors_checked"":6266880}"
     35840,         0,         0,    4.26,decoder_by_matrix,066a5d8d46981b593c3dec855f441edbe9e755a8873183448f69d036a2ecc650,"{""distance"":5,""physical_error_rate"":0.001}","{""detection_events"":20790,""detectors_checked"":6092800}"
     35840,         0,         0,    4.23,decoder_by_matrix,066a5d8d46981b593c3dec855f441edbe9e755a8873183448f69d036a2ecc650,"{""distance"":5,""physical_error_rate"":0.001}","{""detection_events"":20835,""detectors_checked"":6092800}"
     28672,         0,         0,    4.27,decoder_by_matrix,066a5d8d46981b593c3dec855f441edbe9e755a8873183448f69d036a2ecc650,"{""distance"":5,""physical_error_rate"":0.001}","{""detection_events"":15135,""detectors_checked"":4874240}"
     49152,         0,         0,    4.34,decoder_by_matrix,066a5d8d46981b593c3dec855f441edbe9e755a8873183448f69d036a2ecc650,"{""distance"":5,""physical_error_rate"":0.001}","{""detection_events"":28055,""detectors_checked"":8355840}"
     47104,         0,         0,    4.29,decoder_by_matrix,066a5d8d46981b593c3dec855f441edbe9e755a8873183448f69d036a2ecc650,"{""distance"":5,""physical_error_rate"":0.001}","{""detection_events"":26130,""detectors_checked"":8007680}"
     35840,         0,         0,    4.31,decoder_by_matrix,066a5d8d46981b593c3dec855f441edbe9e755a8873183448f69d036a2ecc650,"{""distance"":5,""physical_error_rate"":0.001}","{""detection_events"":21715,""detectors_checked"":6092800}"
     49152,         0,         0,    4.28,decoder_by_matrix,066a5d8d46981b593c3dec855f441edbe9e755a8873183448f69d036a2ecc650,"{""distance"":5,""physical_error_rate"":0.001}","{""detection_events"":28495,""detectors_checked"":8355840}"
     35840,         0,         0,    4.31,decoder_by_matrix,066a5d8d46981b593c3dec855f441edbe9e755a8873183448f69d036a2ecc650,"{""distance"":5,""physical_error_rate"":0.001}","{""detection_events"":18940,""detectors_checked"":6092800}"
     35840,         0,         0,    4.31,decoder_by_matrix,066a5d8d46981b593c3dec855f441edbe9e755a8873183448f69d036a2ecc650,"{""distance"":5,""physical_error_rate"":0.001}","{""detection_events"":21150,""detectors_checked"":6092800}"
     35840,         0,         0,    4.27,decoder_by_matrix,066a5d8d46981b593c3dec855f441edbe9e755a8873183448f69d036a2ecc650,"{""distance"":5,""physical_error_rate"":0.001}","{""detection_events"":18450,""detectors_checked"":6092800}"
     49152,         0,         0,    4.28,decoder_by_matrix,066a5d8d46981b593c3dec855f441edbe9e755a8873183448f69d036a2ecc650,"{""distance"":5,""physical_error_rate"":0.001}","{""detection_events"":28145,""detectors_checked"":8355840}"
    176128,         0,         0,    16.4,decoder_by_matrix,066a5d8d46981b593c3dec855f441edbe9e755a8873183448f69d036a2ecc650,"{""distance"":5,""physical_error_rate"":0.001}","{""detection_events"":100495,""detectors_checked"":29941760}"
    160768,         0,         0,    16.4,decoder_by_matrix,066a5d8d46981b593c3dec855f441edbe9e755a8873183448f69d036a2ecc650,"{""distance"":5,""physical_error_rate"":0.001}","{""detection_events"":93145,""detectors_checked"":27330560}"
    153600,         1,         0,    16.4,decoder_by_matrix,066a5d8d46981b593c3dec855f441edbe9e755a8873183448f69d036a2ecc650,"{""distance"":5,""physical_error_rate"":0.001}","{""detection_events"":86745,""detectors_checked"":26112000,""obs_mistake_mask=_EE_"":1}"
     29696,         0,         0,    4.39,decoder_by_matrix,066a5d8d46981b593c3dec855f441edbe9e755a8873183448f69d036a2ecc650,"{""distance"":5,""physical_error_rate"":0.001}","{""detection_events"":17360,""detectors_checked"":5048320}"
    151552,         0,         0,    16.3,decoder_by_matrix,066a5d8d46981b593c3dec855f441edbe9e755a8873183448f69d036a2ecc650,"{""distance"":5,""physical_error_rate"":0.001}","{""detection_events"":84055,""detectors_checked"":25763840}"
    148480,         0,         0,    16.4,decoder_by_matrix,066a5d8d46981b593c3dec855f441edbe9e755a8873183448f69d036a2ecc650,"{""distance"":5,""physical_error_rate"":0.001}","{""detection_events"":83940,""detectors_checked"":25241600}"
    171008,         0,         0,    16.4,decoder_by_matrix,066a5d8d46981b593c3dec855f441edbe9e755a8873183448f69d036a2ecc650,"{""distance"":5,""physical_error_rate"":0.001}","{""detection_events"":96895,""detectors_checked"":29071360}"
    138240,         1,         0,    16.4,decoder_by_matrix,066a5d8d46981b593c3dec855f441edbe9e755a8873183448f69d036a2ecc650,"{""distance"":5,""physical_error_rate"":0.001}","{""detection_events"":75880,""detectors_checked"":23500800,""obs_mistake_mask=_E_E"":1}"
    144384,         0,         0,    16.5,decoder_by_matrix,066a5d8d46981b593c3dec855f441edbe9e755a8873183448f69d036a2ecc650,"{""distance"":5,""physical_error_rate"":0.001}","{""detection_events"":81520,""detectors_checked"":24545280}"
    536576,         2,         0,    62.7,decoder_by_matrix,066a5d8d46981b593c3dec855f441edbe9e755a8873183448f69d036a2ecc650,"{""distance"":5,""physical_error_rate"":0.001}","{""detection_events"":307260,""detectors_checked"":91217920,""obs_mistake_mask=E_E_"":1,""obs_mistake_mask=_E__"":1}"
    516096,         0,         0,    62.8,decoder_by_matrix,066a5d8d46981b593c3dec855f441edbe9e755a8873183448f69d036a2ecc650,"{""distance"":5,""physical_error_rate"":0.001}","{""detection_events"":295005,""detectors_checked"":87736320}"
    566272,         0,         0,    62.9,decoder_by_matrix,066a5d8d46981b593c3dec855f441edbe9e755a8873183448f69d036a2ecc650,"{""distance"":5,""physical_error_rate"":0.001}","{""detection_events"":322160,""detectors_checked"":96266240}"
   1178624,         0,         0,   119.5,decoder_by_matrix,066a5d8d46981b593c3dec855f441edbe9e755a8873183448f69d036a2ecc650,"{""distance"":5,""physical_error_rate"":0.001}","{""detection_events"":664785,""detectors_checked"":200366080}"
    659456,         2,         0,    62.8,decoder_by_matrix,066a5d8d46981b593c3dec855f441edbe9e755a8873183448f69d036a2ecc650,"{""distance"":5,""physical_error_rate"":0.001}","{""detection_events"":368285,""detectors_checked"":112107520,""obs_mistake_mask=EEE_"":1,""obs_mistake_mask=_E__"":1}"
   1138688,         1,         0,   119.5,decoder_by_matrix,066a5d8d46981b593c3dec855f441edbe9e755a8873183448f69d036a2ecc650,"{""distance"":5,""physical_error_rate"":0.001}","{""detection_events"":650275,""detectors_checked"":193576960,""obs_mistake_mask=_E__"":1}"
     63488,         0,         0,    5.95,decoder_by_matrix,066a5d8d46981b593c3dec855f441edbe9e755a8873183448f69d036a2ecc650,"{""distance"":5,""physical_error_rate"":0.001}","{""detection_events"":35085,""detectors_checked"":10792960}"
     60416,         0,         0,    5.99,decoder_by_matrix,066a5d8d46981b593c3dec855f441edbe9e755a8873183448f69d036a2ecc650,"{""distance"":5,""physical_error_rate"":0.001}","{""detection_events"":34720,""detectors_checked"":10270720}"
     66560,         0,         0,    6.02,decoder_by_matrix,066a5d8d46981b593c3dec855f441edbe9e755a8873183448f69d036a2ecc650,"{""distance"":5,""physical_error_rate"":0.001}","{""detection_events"":37630,""detectors_checked"":11315200}"
     54272,         0,         0,    6.04,decoder_by_matrix,066a5d8d46981b593c3dec855f441edbe9e755a8873183448f69d036a2ecc650,"{""distance"":5,""physical_error_rate"":0.001}","{""detection_events"":29375,""detectors_checked"":9226240}"
     68608,         0,         0,    6.03,decoder_by_matrix,066a5d8d46981b593c3dec855f441edbe9e755a8873183448f69d036a2ecc650,"{""distance"":5,""physical_error_rate"":0.001}","{""detection_events"":38615,""detectors_checked"":11663360}"
     67584,         1,         0,    5.94,decoder_by_matrix,066a5d8d46981b593c3dec855f441edbe9e755a8873183448f69d036a2ecc650,"{""distance"":5,""physical_error_rate"":0.001}","{""detection_events"":38140,""detectors_checked"":11489280,""obs_mistake_mask=EEE_"":1}"
     49152,         1,         0,    6.02,decoder_by_matrix,066a5d8d46981b593c3dec855f441edbe9e755a8873183448f69d036a2ecc650,"{""distance"":5,""physical_error_rate"":0.001}","{""detection_events"":28615,""detectors_checked"":8355840,""obs_mistake_mask=E___"":1}"
     67584,         0,         0,    6.03,decoder_by_matrix,066a5d8d46981b593c3dec855f441edbe9e755a8873183448f69d036a2ecc650,"{""distance"":5,""physical_error_rate"":0.001}","{""detection_events"":37900,""detectors_checked"":11489280}"
     67584,         0,         0,    6.01,decoder_by_matrix,066a5d8d46981b593c3dec855f441edbe9e755a8873183448f69d036a2ecc650,"{""distance"":5,""physical_error_rate"":0.001}","{""detection_events"":38585,""detectors_checked"":11489280}"
     67584,         0,         0,    6.01,decoder_by_matrix,066a5d8d46981b593c3dec855f441edbe9e755a8873183448f69d036a2ecc650,"{""distance"":5,""physical_error_rate"":0.001}","{""detection_events"":37420,""detectors_checked"":11489280}"
     39936,         0,         0,    5.90,decoder_by_matrix,066a5d8d46981b593c3dec855f441edbe9e755a8873183448f69d036a2ecc650,"{""distance"":5,""physical_error_rate"":0.001}","{""detection_events"":23210,""detectors_checked"":6789120}"
     66560,         0,         0,    6.02,decoder_by_matrix,066a5d8d46981b593c3dec855f441edbe9e755a8873183448f69d036a2ecc650,"{""distance"":5,""physical_error_rate"":0.001}","{""detection_events"":38060,""detectors_checked"":11315200}"
     50176,         0,         0,    5.99,decoder_by_matrix,066a5d8d46981b593c3dec855f441edbe9e755a8873183448f69d036a2ecc650,"{""distance"":5,""physical_error_rate"":0.001}","{""detection_events"":29070,""detectors_checked"":8529920}"
     51200,         0,         0,    6.04,decoder_by_matrix,066a5d8d46981b593c3dec855f441edbe9e755a8873183448f69d036a2ecc650,"{""distance"":5,""physical_error_rate"":0.001}","{""detection_events"":29080,""detectors_checked"":8704000}"
     54272,         0,         0,    6.05,decoder_by_matrix,066a5d8d46981b593c3dec855f441edbe9e755a8873183448f69d036a2ecc650,"{""distance"":5,""physical_error_rate"":0.001}","{""detection_events"":31890,""detectors_checked"":9226240}"
     66560,         0,         0,    5.96,decoder_by_matrix,066a5d8d46981b593c3dec855f441edbe9e755a8873183448f69d036a2ecc650,"{""distance"":5,""physical_error_rate"":0.001}","{""detection_events"":37530,""detectors_checked"":11315200}"
     49152,         1,         0,    5.96,decoder_by_matrix,066a5d8d46981b593c3dec855f441edbe9e755a8873183448f69d036a2ecc650,"{""distance"":5,""physical_error_rate"":0.001}","{""detection_events"":27300,""detectors_checked"":8355840,""obs_mistake_mask=E__E"":1}"
     68608,         0,         0,    6.01,decoder_by_matrix,066a5d8d46981b593c3dec855f441edbe9e755a8873183448f69d036a2ecc650,"{""distance"":5,""physical_error_rate"":0.001}","{""detection_events"":37865,""detectors_checked"":11663360}"
     51200,         0,         0,    5.99,decoder_by_matrix,066a5d8d46981b593c3dec855f441edbe9e755a8873183448f69d036a2ecc650,"{""distance"":5,""physical_error_rate"":0.001}","{""detection_events"":29140,""detectors_checked"":8704000}"
     48128,         0,         0,    6.00,decoder_by_matrix,066a5d8d46981b593c3dec855f441edbe9e755a8873183448f69d036a2ecc650,"{""distance"":5,""physical_error_rate"":0.001}","{""detection_events"":26890,""detectors_checked"":8181760}"
     68608,         0,         0,    6.03,decoder_by_matrix,066a5d8d46981b593c3dec855f441edbe9e755a8873183448f69d036a2ecc650,"{""distance"":5,""physical_error_rate"":0.001}","{""detection_events"":39730,""detectors_checked"":11663360}"
     68608,         0,         0,    5.99,decoder_by_matrix,066a5d8d46981b593c3dec855f441edbe9e755a8873183448f69d036a2ecc650,"{""distance"":5,""physical_error_rate"":0.001}","{""detection_events"":38380,""detectors_checked"":11663360}"
     50176,         0,         0,    6.01,decoder_by_matrix,066a5d8d46981b593c3dec855f441edbe9e755a8873183448f69d036a2ecc650,"{""distance"":5,""physical_error_rate"":0.001}","{""detection_events"":27810,""detectors_checked"":8529920}"
     39936,         0,         0,    5.97,decoder_by_matrix,066a5d8d46981b593c3dec855f441edbe9e755a8873183448f69d036a2ecc650,"{""distance"":5,""physical_error_rate"":0.001}","{""detection_events"":22630,""detectors_checked"":6789120}"
   1154048,         3,         0,   119.6,decoder_by_matrix,066a5d8d46981b593c3dec855f441edbe9e755a8873183448f69d036a2ecc650,"{""distance"":5,""physical_error_rate"":0.001}","{""detection_events"":656705,""detectors_checked"":196188160,""obs_mistake_mask=EE_E"":1,""obs_mistake_mask=_E__"":1,""obs_mistake_mask=___E"":1}"
   1058816,         1,         0,   119.6,decoder_by_matrix,066a5d8d46981b593c3dec855f441edbe9e755a8873183448f69d036a2ecc650,"{""distance"":5,""physical_error_rate"":0.001}","{""detection_events"":605000,""detectors_checked"":179998720,""obs_mistake_mask=_E__"":1}"
   1026048,         0,         0,   119.4,decoder_by_matrix,066a5d8d46981b593c3dec855f441edbe9e755a8873183448f69d036a2ecc650,"{""distance"":5,""physical_error_rate"":0.001}","{""detection_events"":577100,""detectors_checked"":174428160}"
     89088,         0,         0,    8.35,decoder_by_matrix,066a5d8d46981b593c3dec855f441edbe9e755a8873183448f69d036a2ecc650,"{""distance"":5,""physical_error_rate"":0.001}","{""detection_events"":49600,""detectors_checked"":15144960}"
     81920,         0,         0,    8.42,decoder_by_matrix,066a5d8d46981b593c3dec855f441edbe9e755a8873183448f69d036a2ecc650,"{""distance"":5,""physical_error_rate"":0.001}","{""detection_events"":47040,""detectors_checked"":13926400}"
     93184,         0,         0,    8.32,decoder_by_matrix,066a5d8d46981b593c3dec855f441edbe9e755a8873183448f69d036a2ecc650,"{""distance"":5,""physical_error_rate"":0.001}","{""detection_events"":52420,""detectors_checked"":15841280}"
     74752,         0,         0,    8.35,decoder_by_matrix,066a5d8d46981b593c3dec855f441edbe9e755a8873183448f69d036a2ecc650,"{""distance"":5,""physical_error_rate"":0.001}","{""detection_events"":42330,""detectors_checked"":12707840}"
     93184,         0,         0,    8.40,decoder_by_matrix,066a5d8d46981b593c3dec855f441edbe9e755a8873183448f69d036a2ecc650,"{""distance"":5,""physical_error_rate"":0.001}","{""detection_events"":51295,""detectors_checked"":15841280}"
     69632,         0,         0,    8.35,decoder_by_matrix,066a5d8d46981b593c3dec855f441edbe9e755a8873183448f69d036a2ecc650,"{""distance"":5,""physical_error_rate"":0.001}","{""detection_events"":40265,""detectors_checked"":11837440}"
     91136,         0,         0,    8.42,decoder_by_matrix,066a5d8d46981b593c3dec855f441edbe9e755a8873183448f69d036a2ecc650,"{""distance"":5,""physical_error_rate"":0.001}","{""detection_events"":51895,""detectors_checked"":15493120}"
     92160,         0,         0,    8.35,decoder_by_matrix,066a5d8d46981b593c3dec855f441edbe9e755a8873183448f69d036a2ecc650,"{""distance"":5,""physical_error_rate"":0.001}","{""detection_events"":53880,""detectors_checked"":15667200}"
     94208,         0,         0,    8.37,decoder_by_matrix,066a5d8d46981b593c3dec855f441edbe9e755a8873183448f69d036a2ecc650,"{""distance"":5,""physical_error_rate"":0.001}","{""detection_events"":53900,""detectors_checked"":16015360}"
     91136,         0,         0,    8.47,decoder_by_matrix,066a5d8d46981b593c3dec855f441edbe9e755a8873183448f69d036a2ecc650,"{""distance"":5,""physical_error_rate"":0.001}","{""detection_events"":50570,""detectors_checked"":15493120}"
     68608,         0,         0,    8.30,decoder_by_matrix,066a5d8d46981b593c3dec855f441edbe9e755a8873183448f69d036a2ecc650,"{""distance"":5,""physical_error_rate"":0.001}","{""detection_events"":38860,""detectors_checked"":11663360}"
     93184,         0,         0,    8.37,decoder_by_matrix,066a5d8d46981b593c3dec855f441edbe9e755a8873183448f69d036a2ecc650,"{""distance"":5,""physical_error_rate"":0.001}","{""detection_events"":53560,""detectors_checked"":15841280}"
     74752,         0,         0,    8.27,decoder_by_matrix,066a5d8d46981b593c3dec855f441edbe9e755a8873183448f69d036a2ecc650,"{""distance"":5,""physical_error_rate"":0.001}","{""detection_events"":43265,""detectors_checked"":12707840}"
     94208,         0,         0,    8.34,decoder_by_matrix,066a5d8d46981b593c3dec855f441edbe9e755a8873183448f69d036a2ecc650,"{""distance"":5,""physical_error_rate"":0.001}","{""detection_events"":50910,""detectors_checked"":16015360}"
     68608,         0,         0,    8.40,decoder_by_matrix,066a5d8d46981b593c3dec855f441edbe9e755a8873183448f69d036a2ecc650,"{""distance"":5,""physical_error_rate"":0.001}","{""detection_events"":39730,""detectors_checked"":11663360}"
     69632,         0,         0,    8.30,decoder_by_matrix,066a5d8d46981b593c3dec855f441edbe9e755a8873183448f69d036a2ecc650,"{""distance"":5,""physical_error_rate"":0.001}","{""detection_events"":41030,""detectors_checked"":11837440}"
     68608,         0,         0,    8.41,decoder_by_matrix,066a5d8d46981b593c3dec855f441edbe9e755a8873183448f69d036a2ecc650,"{""distance"":5,""physical_error_rate"":0.001}","{""detection_events"":38905,""detectors_checked"":11663360}"
     93184,         0,         0,    8.34,decoder_by_matrix,066a5d8d46981b593c3dec855f441edbe9e755a8873183448f69d036a2ecc650,"{""distance"":5,""physical_error_rate"":0.001}","{""detection_events"":51850,""detectors_checked"":15841280}"
     92160,         0,         0,    8.39,decoder_by_matrix,066a5d8d46981b593c3dec855f441edbe9e755a8873183448f69d036a2ecc650,"{""distance"":5,""physical_error_rate"":0.001}","{""detection_events"":49665,""detectors_checked"":15667200}"
     93184,         0,         0,    8.31,decoder_by_matrix,066a5d8d46981b593c3dec855f441edbe9e755a8873183448f69d036a2ecc650,"{""distance"":5,""physical_error_rate"":0.001}","{""detection_events"":53095,""detectors_checked"":15841280}"
     68608,         0,         0,    8.34,decoder_by_matrix,066a5d8d46981b593c3dec855f441edbe9e755a8873183448f69d036a2ecc650,"{""distance"":5,""physical_error_rate"":0.001}","{""detection_events"":38555,""detectors_checked"":11663360}"
     70656,         0,         0,    8.44,decoder_by_matrix,066a5d8d46981b593c3dec855f441edbe9e755a8873183448f69d036a2ecc650,"{""distance"":5,""physical_error_rate"":0.001}","{""detection_events"":39555,""detectors_checked"":12011520}"
     70656,         1,         0,    8.40,decoder_by_matrix,066a5d8d46981b593c3dec855f441edbe9e755a8873183448f69d036a2ecc650,"{""distance"":5,""physical_error_rate"":0.001}","{""detection_events"":41195,""detectors_checked"":12011520,""obs_mistake_mask=E__E"":1}"
     70656,         0,         0,    8.35,decoder_by_matrix,066a5d8d46981b593c3dec855f441edbe9e755a8873183448f69d036a2ecc650,"{""distance"":5,""physical_error_rate"":0.001}","{""detection_events"":39020,""detectors_checked"":12011520}"
   1302528,         1,         0,   119.5,decoder_by_matrix,066a5d8d46981b593c3dec855f441edbe9e755a8873183448f69d036a2ecc650,"{""distance"":5,""physical_error_rate"":0.001}","{""detection_events"":737955,""detectors_checked"":221429760,""obs_mistake_mask=_EE_"":1}"
   1133568,         3,         0,   119.4,decoder_by_matrix,066a5d8d46981b593c3dec855f441edbe9e755a8873183448f69d036a2ecc650,"{""distance"":5,""physical_error_rate"":0.001}","{""detection_events"":642970,""detectors_checked"":192706560,""obs_mistake_mask=E__E"":2,""obs_mistake_mask=_E_E"":1}"
    978944,         2,         0,   119.4,decoder_by_matrix,066a5d8d46981b593c3dec855f441edbe9e755a8873183448f69d036a2ecc650,"{""distance"":5,""physical_error_rate"":0.001}","{""detection_events"":555305,""detectors_checked"":166420480,""obs_mistake_mask=E___"":1,""obs_mistake_mask=_E__"":1}"
    252928,         1,         0,    23.0,decoder_by_matrix,066a5d8d46981b593c3dec855f441edbe9e755a8873183448f69d036a2ecc650,"{""distance"":5,""physical_error_rate"":0.001}","{""detection_events"":144280,""detectors_checked"":42997760,""obs_mistake_mask=E__E"":1}"
    254976,         0,         0,    22.8,decoder_by_matrix,066a5d8d46981b593c3dec855f441edbe9e755a8873183448f69d036a2ecc650,"{""distance"":5,""physical_error_rate"":0.001}","{""detection_events"":143735,""detectors_checked"":43345920}"
    206848,         0,         0,    23.0,decoder_by_matrix,066a5d8d46981b593c3dec855f441edbe9e755a8873183448f69d036a2ecc650,"{""distance"":5,""physical_error_rate"":0.001}","{""detection_events"":118455,""detectors_checked"":35164160}"
    191488,         1,         0,    23.0,decoder_by_matrix,066a5d8d46981b593c3dec855f441edbe9e755a8873183448f69d036a2ecc650,"{""distance"":5,""physical_error_rate"":0.001}","{""detection_events"":108420,""detectors_checked"":32552960,""obs_mistake_mask=__EE"":1}"
    191488,         0,         0,    23.0,decoder_by_matrix,066a5d8d46981b593c3dec855f441edbe9e755a8873183448f69d036a2ecc650,"{""distance"":5,""physical_error_rate"":0.001}","{""detection_events"":110805,""detectors_checked"":32552960}"
    247808,         2,         0,    22.9,decoder_by_matrix,066a5d8d46981b593c3dec855f441edbe9e755a8873183448f69d036a2ecc650,"{""distance"":5,""physical_error_rate"":0.001}","{""detection_events"":141425,""detectors_checked"":42127360,""obs_mistake_mask=E___"":1,""obs_mistake_mask=__E_"":1}"
    192512,         1,         0,    22.9,decoder_by_matrix,066a5d8d46981b593c3dec855f441edbe9e755a8873183448f69d036a2ecc650,"{""distance"":5,""physical_error_rate"":0.001}","{""detection_events"":108050,""detectors_checked"":32727040,""obs_mistake_mask=_E__"":1}"
    198656,         0,         0,    22.9,decoder_by_matrix,066a5d8d46981b593c3dec855f441edbe9e755a8873183448f69d036a2ecc650,"{""distance"":5,""physical_error_rate"":0.001}","{""detection_events"":113345,""detectors_checked"":33771520}"
    124928,         1,         0,    11.7,decoder_by_matrix,066a5d8d46981b593c3dec855f441edbe9e755a8873183448f69d036a2ecc650,"{""distance"":5,""physical_error_rate"":0.001}","{""detection_events"":70615,""detectors_checked"":21237760,""obs_mistake_mask=EE__"":1}"
    118784,         1,         0,    11.8,decoder_by_matrix,066a5d8d46981b593c3dec855f441edbe9e755a8873183448f69d036a2ecc650,"{""distance"":5,""physical_error_rate"":0.001}","{""detection_events"":65890,""detectors_checked"":20193280,""obs_mistake_mask=_EEE"":1}"
    121856,         1,         0,    11.8,decoder_by_matrix,066a5d8d46981b593c3dec855f441edbe9e755a8873183448f69d036a2ecc650,"{""distance"":5,""physical_error_rate"":0.001}","{""detection_events"":70750,""detectors_checked"":20715520,""obs_mistake_mask=E_EE"":1}"
    121856,         0,         0,    11.7,decoder_by_matrix,066a5d8d46981b593c3dec855f441edbe9e755a8873183448f69d036a2ecc650,"{""distance"":5,""physical_error_rate"":0.001}","{""detection_events"":70265,""detectors_checked"":20715520}"
    104448,         0,         0,    11.7,decoder_by_matrix,066a5d8d46981b593c3dec855f441edbe9e755a8873183448f69d036a2ecc650,"{""distance"":5,""physical_error_rate"":0.001}","{""detection_events"":58290,""detectors_checked"":17756160}"
    100352,         0,         0,    11.8,decoder_by_matrix,066a5d8d46981b593c3dec855f441edbe9e755a8873183448f69d036a2ecc650,"{""distance"":5,""physical_error_rate"":0.001}","{""detection_events"":57545,""detectors_checked"":17059840}"
    119808,         0,         0,    11.7,decoder_by_matrix,066a5d8d46981b593c3dec855f441edbe9e755a8873183448f69d036a2ecc650,"{""distance"":5,""physical_error_rate"":0.001}","{""detection_events"":70620,""detectors_checked"":20367360}"
    121856,         0,         0,    11.6,decoder_by_matrix,066a5d8d46981b593c3dec855f441edbe9e755a8873183448f69d036a2ecc650,"{""distance"":5,""physical_error_rate"":0.001}","{""detection_events"":70590,""detectors_checked"":20715520}"
    124928,         0,         0,    11.7,decoder_by_matrix,066a5d8d46981b593c3dec855f441edbe9e755a8873183448f69d036a2ecc650,"{""distance"":5,""physical_error_rate"":0.001}","{""detection_events"":70635,""detectors_checked"":21237760}"
     96256,         0,         0,    11.7,decoder_by_matrix,066a5d8d46981b593c3dec855f441edbe9e755a8873183448f69d036a2ecc650,"{""distance"":5,""physical_error_rate"":0.001}","{""detection_events"":54515,""detectors_checked"":16363520}"
    102400,         0,         0,    11.7,decoder_by_matrix,066a5d8d46981b593c3dec855f441edbe9e755a8873183448f69d036a2ecc650,"{""distance"":5,""physical_error_rate"":0.001}","{""detection_events"":56980,""detectors_checked"":17408000}"
    103424,         0,         0,    11.7,decoder_by_matrix,066a5d8d46981b593c3dec855f441edbe9e755a8873183448f69d036a2ecc650,"{""distance"":5,""physical_error_rate"":0.001}","{""detection_events"":59100,""detectors_checked"":17582080}"
    118784,         0,         0,    11.7,decoder_by_matrix,066a5d8d46981b593c3dec855f441edbe9e755a8873183448f69d036a2ecc650,"{""distance"":5,""physical_error_rate"":0.001}","{""detection_events"":65830,""detectors_checked"":20193280}"
    103424,         0,         0,    11.7,decoder_by_matrix,066a5d8d46981b593c3dec855f441edbe9e755a8873183448f69d036a2ecc650,"{""distance"":5,""physical_error_rate"":0.001}","{""detection_events"":57325,""detectors_checked"":17582080}"
    112640,         1,         0,    11.6,decoder_by_matrix,066a5d8d46981b593c3dec855f441edbe9e755a8873183448f69d036a2ecc650,"{""distance"":5,""physical_error_rate"":0.001}","{""detection_events"":63035,""detectors_checked"":19148800,""obs_mistake_mask=__EE"":1}"
     96256,         0,         0,    11.7,decoder_by_matrix,066a5d8d46981b593c3dec855f441edbe9e755a8873183448f69d036a2ecc650,"{""distance"":5,""physical_error_rate"":0.001}","{""detection_events"":56040,""detectors_checked"":16363520}"
     97280,         0,         0,    11.6,decoder_by_matrix,066a5d8d46981b593c3dec855f441edbe9e755a8873183448f69d036a2ecc650,"{""distance"":5,""physical_error_rate"":0.001}","{""detection_events"":54995,""detectors_checked"":16537600}"
     97280,         1,         0,    11.8,decoder_by_matrix,066a5d8d46981b593c3dec855f441edbe9e755a8873183448f69d036a2ecc650,"{""distance"":5,""physical_error_rate"":0.001}","{""detection_events"":55445,""detectors_checked"":16537600,""obs_mistake_mask=_E__"":1}"
    123904,         0,         0,    11.7,decoder_by_matrix,066a5d8d46981b593c3dec855f441edbe9e755a8873183448f69d036a2ecc650,"{""distance"":5,""physical_error_rate"":0.001}","{""detection_events"":72455,""detectors_checked"":21063680}"
    129024,         1,         0,    11.7,decoder_by_matrix,066a5d8d46981b593c3dec855f441edbe9e755a8873183448f69d036a2ecc650,"{""distance"":5,""physical_error_rate"":0.001}","{""detection_events"":71690,""detectors_checked"":21934080,""obs_mistake_mask=__E_"":1}"
     98304,         1,         0,    11.7,decoder_by_matrix,066a5d8d46981b593c3dec855f441edbe9e755a8873183448f69d036a2ecc650,"{""distance"":5,""physical_error_rate"":0.001}","{""detection_events"":57865,""detectors_checked"":16711680,""obs_mistake_mask=___E"":1}"
    123904,         0,         0,    11.7,decoder_by_matrix,066a5d8d46981b593c3dec855f441edbe9e755a8873183448f69d036a2ecc650,"{""distance"":5,""physical_error_rate"":0.001}","{""detection_events"":72255,""detectors_checked"":21063680}"
     97280,         0,         0,    11.8,decoder_by_matrix,066a5d8d46981b593c3dec855f441edbe9e755a8873183448f69d036a2ecc650,"{""distance"":5,""physical_error_rate"":0.001}","{""detection_events"":53985,""detectors_checked"":16537600}"
    112640,         1,         0,    11.7,decoder_by_matrix,066a5d8d46981b593c3dec855f441edbe9e755a8873183448f69d036a2ecc650,"{""distance"":5,""physical_error_rate"":0.001}","{""detection_events"":64530,""detectors_checked"":19148800,""obs_mistake_mask=__EE"":1}"
    175104,         0,         0,    16.4,decoder_by_matrix,066a5d8d46981b593c3dec855f441edbe9e755a8873183448f69d036a2ecc650,"{""distance"":5,""physical_error_rate"":0.001}","{""detection_events"":98005,""detectors_checked"":29767680}"
    168960,         1,         0,    16.5,decoder_by_matrix,066a5d8d46981b593c3dec855f441edbe9e755a8873183448f69d036a2ecc650,"{""distance"":5,""physical_error_rate"":0.001}","{""detection_events"":98005,""detectors_checked"":28723200,""obs_mistake_mask=_EEE"":1}"
    171008,         0,         0,    16.3,decoder_by_matrix,066a5d8d46981b593c3dec855f441edbe9e755a8873183448f69d036a2ecc650,"{""distance"":5,""physical_error_rate"":0.001}","{""detection_events"":98685,""detectors_checked"":29071360}"
    173056,         2,         0,    16.3,decoder_by_matrix,066a5d8d46981b593c3dec855f441edbe9e755a8873183448f69d036a2ecc650,"{""distance"":5,""physical_error_rate"":0.001}","{""detection_events"":98740,""detectors_checked"":29419520,""obs_mistake_mask=E__E"":1,""obs_mistake_mask=_EEE"":1}"
    144384,         0,         0,    16.3,decoder_by_matrix,066a5d8d46981b593c3dec855f441edbe9e755a8873183448f69d036a2ecc650,"{""distance"":5,""physical_error_rate"":0.001}","{""detection_events"":82115,""detectors_checked"":24545280}"
    171008,         0,         0,    16.4,decoder_by_matrix,066a5d8d46981b593c3dec855f441edbe9e755a8873183448f69d036a2ecc650,"{""distance"":5,""physical_error_rate"":0.001}","{""detection_events"":96345,""detectors_checked"":29071360}"
    148480,         0,         0,    16.4,decoder_by_matrix,066a5d8d46981b593c3dec855f441edbe9e755a8873183448f69d036a2ecc650,"{""distance"":5,""physical_error_rate"":0.001}","{""detection_events"":87710,""detectors_checked"":25241600}"
    171008,         1,         0,    16.3,decoder_by_matrix,066a5d8d46981b593c3dec855f441edbe9e755a8873183448f69d036a2ecc650,"{""distance"":5,""physical_error_rate"":0.001}","{""detection_events"":95000,""detectors_checked"":29071360,""obs_mistake_mask=E__E"":1}"
    171008,         0,         0,    16.4,decoder_by_matrix,066a5d8d46981b593c3dec855f441edbe9e755a8873183448f69d036a2ecc650,"{""distance"":5,""physical_error_rate"":0.001}","{""detection_events"":95345,""detectors_checked"":29071360}"
    146432,         0,         0,    16.4,decoder_by_matrix,066a5d8d46981b593c3dec855f441edbe9e755a8873183448f69d036a2ecc650,"{""distance"":5,""physical_error_rate"":0.001}","{""detection_events"":84660,""detectors_checked"":24893440}"
    150528,         1,         0,    16.4,decoder_by_matrix,066a5d8d46981b593c3dec855f441edbe9e755a8873183448f69d036a2ecc650,"{""distance"":5,""physical_error_rate"":0.001}","{""detection_events"":85505,""detectors_checked"":25589760,""obs_mistake_mask=EE__"":1}"
    146432,         1,         0,    16.3,decoder_by_matrix,066a5d8d46981b593c3dec855f441edbe9e755a8873183448f69d036a2ecc650,"{""distance"":5,""physical_error_rate"":0.001}","{""detection_events"":82460,""detectors_checked"":24893440,""obs_mistake_mask=__E_"":1}"
    168960,         1,         0,    16.4,decoder_by_matrix,066a5d8d46981b593c3dec855f441edbe9e755a8873183448f69d036a2ecc650,"{""distance"":5,""physical_error_rate"":0.001}","{""detection_events"":94700,""detectors_checked"":28723200,""obs_mistake_mask=EEE_"":1}"
    137216,         0,         0,    16.4,decoder_by_matrix,066a5d8d46981b593c3dec855f441edbe9e755a8873183448f69d036a2ecc650,"{""distance"":5,""physical_error_rate"":0.001}","{""detection_events"":77235,""detectors_checked"":23326720}"
    139264,         1,         0,    16.5,decoder_by_matrix,066a5d8d46981b593c3dec855f441edbe9e755a8873183448f69d036a2ecc650,"{""distance"":5,""physical_error_rate"":0.001}","{""detection_events"":78845,""detectors_checked"":23674880,""obs_mistake_mask=_EEE"":1}"
    138240,         0,         0,    16.4,decoder_by_matrix,066a5d8d46981b593c3dec855f441edbe9e755a8873183448f69d036a2ecc650,"{""distance"":5,""physical_error_rate"":0.001}","{""detection_events"":79590,""detectors_checked"":23500800}"
    155648,         0,         0,    16.3,decoder_by_matrix,066a5d8d46981b593c3dec855f441edbe9e755a8873183448f69d036a2ecc650,"{""distance"":5,""physical_error_rate"":0.001}","{""detection_events"":89875,""detectors_checked"":26460160}"
    142336,         0,         0,    16.4,decoder_by_matrix,066a5d8d46981b593c3dec855f441edbe9e755a8873183448f69d036a2ecc650,"{""distance"":5,""physical_error_rate"":0.001}","{""detection_events"":78785,""detectors_checked"":24197120}"
    136192,         0,         0,    16.4,decoder_by_matrix,066a5d8d46981b593c3dec855f441edbe9e755a8873183448f69d036a2ecc650,"{""distance"":5,""physical_error_rate"":0.001}","{""detection_events"":77050,""detectors_checked"":23152640}"
    168960,         0,         0,    16.4,decoder_by_matrix,066a5d8d46981b593c3dec855f441edbe9e755a8873183448f69d036a2ecc650,"{""distance"":5,""physical_error_rate"":0.001}","{""detection_events"":94840,""detectors_checked"":28723200}"
    179200,         0,         0,    16.3,decoder_by_matrix,066a5d8d46981b593c3dec855f441edbe9e755a8873183448f69d036a2ecc650,"{""distance"":5,""physical_error_rate"":0.001}","{""detection_events"":101665,""detectors_checked"":30464000}"
    172032,         1,         0,    16.5,decoder_by_matrix,066a5d8d46981b593c3dec855f441edbe9e755a8873183448f69d036a2ecc650,"{""distance"":5,""physical_error_rate"":0.001}","{""detection_events"":96570,""detectors_checked"":29245440,""obs_mistake_mask=E_EE"":1}"
    136192,         0,         0,    16.4,decoder_by_matrix,066a5d8d46981b593c3dec855f441edbe9e755a8873183448f69d036a2ecc650,"{""distance"":5,""physical_error_rate"":0.001}","{""detection_events"":75985,""detectors_checked"":23152640}"
    142336,         0,         0,    16.5,decoder_by_matrix,066a5d8d46981b593c3dec855f441edbe9e755a8873183448f69d036a2ecc650,"{""distance"":5,""physical_error_rate"":0.001}","{""detection_events"":80880,""detectors_checked"":24197120}"
    339968,         2,         0,    32.0,decoder_by_matrix,066a5d8d46981b593c3dec855f441edbe9e755a8873183448f69d036a2ecc650,"{""distance"":5,""physical_error_rate"":0.001}","{""detection_events"":193010,""detectors_checked"":57794560,""obs_mistake_mask=E__E"":1,""obs_mistake_mask=E___"":1}"
    338944,         0,         0,    32.2,decoder_by_matrix,066a5d8d46981b593c3dec855f441edbe9e755a8873183448f69d036a2ecc650,"{""distance"":5,""physical_error_rate"":0.001}","{""detection_events"":192985,""detectors_checked"":57620480}"
    278528,         1,         0,    32.1,decoder_by_matrix,066a5d8d46981b593c3dec855f441edbe9e755a8873183448f69d036a2ecc650,"{""distance"":5,""physical_error_rate"":0.001}","{""detection_events"":157395,""detectors_checked"":47349760,""obs_mistake_mask=EE__"":1}"
    278528,         0,         0,    32.1,decoder_by_matrix,066a5d8d46981b593c3dec855f441edbe9e755a8873183448f69d036a2ecc650,"{""distance"":5,""physical_error_rate"":0.001}","{""detection_events"":162925,""detectors_checked"":47349760}"
    329728,         2,         0,    32.0,decoder_by_matrix,066a5d8d46981b593c3dec855f441edbe9e755a8873183448f69d036a2ecc650,"{""distance"":5,""physical_error_rate"":0.001}","{""detection_events"":187310,""detectors_checked"":56053760,""obs_mistake_mask=_E__"":1,""obs_mistake_mask=___E"":1}"
    282624,         1,         0,    32.0,decoder_by_matrix,066a5d8d46981b593c3dec855f441edbe9e755a8873183448f69d036a2ecc650,"{""distance"":5,""physical_error_rate"":0.001}","{""detection_events"":157315,""detectors_checked"":48046080,""obs_mistake_mask=EE_E"":1}"
    284672,         0,         0,    32.0,decoder_by_matrix,066a5d8d46981b593c3dec855f441edbe9e755a8873183448f69d036a2ecc650,"{""distance"":5,""physical_error_rate"":0.001}","{""detection_events"":163465,""detectors_checked"":48394240}"
    276480,         2,         0,    32.0,decoder_by_matrix,066a5d8d46981b593c3dec855f441edbe9e755a8873183448f69d036a2ecc650,"{""distance"":5,""physical_error_rate"":0.001}","{""detection_events"":158055,""detectors_checked"":47001600,""obs_mistake_mask=EE__"":1,""obs_mistake_mask=E___"":1}"
    166912,         0,         0,    22.8,decoder_by_matrix,066a5d8d46981b593c3dec855f441edbe9e755a8873183448f69d036a2ecc650,"{""distance"":5,""physical_error_rate"":0.001}","{""detection_events"":97000,""detectors_checked"":28375040}"
    242688,         0,         0,    23.0,decoder_by_matrix,066a5d8d46981b593c3dec855f441edbe9e755a8873183448f69d036a2ecc650,"{""distance"":5,""physical_error_rate"":0.001}","{""detection_events"":138760,""detectors_checked"":41256960}"
    246784,         0,         0,    22.9,decoder_by_matrix,066a5d8d46981b593c3dec855f441edbe9e755a8873183448f69d036a2ecc650,"{""distance"":5,""physical_error_rate"":0.001}","{""detection_events"":140470,""detectors_checked"":41953280}"
    249856,         2,         0,    23.0,decoder_by_matrix,066a5d8d46981b593c3dec855f441edbe9e755a8873183448f69d036a2ecc650,"{""distance"":5,""physical_error_rate"":0.001}","{""detection_events"":141355,""detectors_checked"":42475520,""obs_mistake_mask=E__E"":1,""obs_mistake_mask=E___"":1}"
    245760,         1,         0,    22.8,decoder_by_matrix,066a5d8d46981b593c3dec855f441edbe9e755a8873183448f69d036a2ecc650,"{""distance"":5,""physical_error_rate"":0.001}","{""detection_events"":139675,""detectors_checked"":41779200,""obs_mistake_mask=_E__"":1}"
    248832,         1,         0,    22.8,decoder_by_matrix,066a5d8d46981b593c3dec855f441edbe9e755a8873183448f69d036a2ecc650,"{""distance"":5,""physical_error_rate"":0.001}","{""detection_events"":142030,""detectors_checked"":42301440,""obs_mistake_mask=E___"":1}"
    218112,         0,         0,    22.9,decoder_by_matrix,066a5d8d46981b593c3dec855f441edbe9e755a8873183448f69d036a2ecc650,"{""distance"":5,""physical_error_rate"":0.001}","{""detection_events"":121840,""detectors_checked"":37079040}"
    244736,         0,         0,    22.9,decoder_by_matrix,066a5d8d46981b593c3dec855f441edbe9e755a8873183448f69d036a2ecc650,"{""distance"":5,""physical_error_rate"":0.001}","{""detection_events"":140790,""detectors_checked"":41605120}"
    140288,         0,         0,    23.1,decoder_by_matrix,066a5d8d46981b593c3dec855f441edbe9e755a8873183448f69d036a2ecc650,"{""distance"":5,""physical_error_rate"":0.001}","{""detection_events"":81845,""detectors_checked"":23848960}"
    248832,         0,         0,    22.9,decoder_by_matrix,066a5d8d46981b593c3dec855f441edbe9e755a8873183448f69d036a2ecc650,"{""distance"":5,""physical_error_rate"":0.001}","{""detection_events"":143750,""detectors_checked"":42301440}"
    247808,         0,         0,    22.8,decoder_by_matrix,066a5d8d46981b593c3dec855f441edbe9e755a8873183448f69d036a2ecc650,"{""distance"":5,""physical_error_rate"":0.001}","{""detection_events"":139915,""detectors_checked"":42127360}"
    207872,         0,         0,    22.9,decoder_by_matrix,066a5d8d46981b593c3dec855f441edbe9e755a8873183448f69d036a2ecc650,"{""distance"":5,""physical_error_rate"":0.001}","{""detection_events"":117115,""detectors_checked"":35338240}"
    220160,         1,         0,    22.9,decoder_by_matrix,066a5d8d46981b593c3dec855f441edbe9e755a8873183448f69d036a2ecc650,"{""distance"":5,""physical_error_rate"":0.001}","{""detection_events"":123815,""detectors_checked"":37427200,""obs_mistake_mask=__E_"":1}"
    221184,         1,         0,    22.9,decoder_by_matrix,066a5d8d46981b593c3dec855f441edbe9e755a8873183448f69d036a2ecc650,"{""distance"":5,""physical_error_rate"":0.001}","{""detection_events"":127425,""detectors_checked"":37601280,""obs_mistake_mask=__EE"":1}"
    241664,         0,         0,    22.9,decoder_by_matrix,066a5d8d46981b593c3dec855f441edbe9e755a8873183448f69d036a2ecc650,"{""distance"":5,""physical_error_rate"":0.001}","{""detection_events"":139040,""detectors_checked"":41082880}"
    222208,         1,         0,    22.9,decoder_by_matrix,066a5d8d46981b593c3dec855f441edbe9e755a8873183448f69d036a2ecc650,"{""distance"":5,""physical_error_rate"":0.001}","{""detection_events"":125565,""detectors_checked"":37775360,""obs_mistake_mask=EE__"":1}"
    137216,         1,         0,    22.9,decoder_by_matrix,066a5d8d46981b593c3dec855f441edbe9e755a8873183448f69d036a2ecc650,"{""distance"":5,""physical_error_rate"":0.001}","{""detection_events"":75900,""detectors_checked"":23326720,""obs_mistake_mask=_E_E"":1}"
    228352,         0,         0,    22.9,decoder_by_matrix,066a5d8d46981b593c3dec855f441edbe9e755a8873183448f69d036a2ecc650,"{""distance"":5,""physical_error_rate"":0.001}","{""detection_events"":130515,""detectors_checked"":38819840}"
    221184,         0,         0,    22.9,decoder_by_matrix,066a5d8d46981b593c3dec855f441edbe9e755a8873183448f69d036a2ecc650,"{""distance"":5,""physical_error_rate"":0.001}","{""detection_events"":125105,""detectors_checked"":37601280}"
    139264,         1,         0,    23.0,decoder_by_matrix,066a5d8d46981b593c3dec855f441edbe9e755a8873183448f69d036a2ecc650,"{""distance"":5,""physical_error_rate"":0.001}","{""detection_events"":78535,""detectors_checked"":23674880,""obs_mistake_mask=__EE"":1}"
    253952,         1,         0,    22.9,decoder_by_matrix,066a5d8d46981b593c3dec855f441edbe9e755a8873183448f69d036a2ecc650,"{""distance"":5,""physical_error_rate"":0.001}","{""detection_events"":138730,""detectors_checked"":43171840,""obs_mistake_mask=E___"":1}"
    245760,         1,         0,    22.9,decoder_by_matrix,066a5d8d46981b593c3dec855f441edbe9e755a8873183448f69d036a2ecc650,"{""distance"":5,""physical_error_rate"":0.001}","{""detection_events"":138705,""detectors_checked"":41779200,""obs_mistake_mask=E___"":1}"
    226304,         1,         0,    22.9,decoder_by_matrix,066a5d8d46981b593c3dec855f441edbe9e755a8873183448f69d036a2ecc650,"{""distance"":5,""physical_error_rate"":0.001}","{""detection_events"":128600,""detectors_checked"":38471680,""obs_mistake_mask=E__E"":1}"
    218112,         0,         0,    22.9,decoder_by_matrix,066a5d8d46981b593c3dec855f441edbe9e755a8873183448f69d036a2ecc650,"{""distance"":5,""physical_error_rate"":0.001}","{""detection_events"":123400,""detectors_checked"":37079040}"
    864256,         2,         0,    87.8,decoder_by_matrix,066a5d8d46981b593c3dec855f441edbe9e755a8873183448f69d036a2ecc650,"{""distance"":5,""physical_error_rate"":0.001}","{""detection_events"":487225,""detectors_checked"":146923520,""obs_mistake_mask=_E_E"":1,""obs_mistake_mask=__E_"":1}"
    941056,         4,         0,    87.8,decoder_by_matrix,066a5d8d46981b593c3dec855f441edbe9e755a8873183448f69d036a2ecc650,"{""distance"":5,""physical_error_rate"":0.001}","{""detection_events"":535490,""detectors_checked"":159979520,""obs_mistake_mask=E___"":1,""obs_mistake_mask=_EEE"":2,""obs_mistake_mask=__E_"":1}"
    991232,         3,         0,   119.4,decoder_by_matrix,066a5d8d46981b593c3dec855f441edbe9e755a8873183448f69d036a2ecc650,"{""distance"":5,""physical_error_rate"":0.001}","{""detection_events"":563930,""detectors_checked"":168509440,""obs_mistake_mask=E__E"":1,""obs_mistake_mask=_EE_"":1,""obs_mistake_mask=_E_E"":1}"
   1105920,         3,         0,   119.5,decoder_by_matrix,066a5d8d46981b593c3dec855f441edbe9e755a8873183448f69d036a2ecc650,"{""distance"":5,""physical_error_rate"":0.001}","{""detection_events"":622305,""detectors_checked"":188006400,""obs_mistake_mask=E_E_"":1,""obs_mistake_mask=E__E"":1,""obs_mistake_mask=__E_"":1}"
    756736,         3,         0,    87.9,decoder_by_matrix,066a5d8d46981b593c3dec855f441edbe9e755a8873183448f69d036a2ecc650,"{""distance"":5,""physical_error_rate"":0.001}","{""detection_events"":428845,""detectors_checked"":128645120,""obs_mistake_mask=EE__"":1,""obs_mistake_mask=_E__"":1,""obs_mistake_mask=___E"":1}"
    778240,         1,         0,    87.9,decoder_by_matrix,066a5d8d46981b593c3dec855f441edbe9e755a8873183448f69d036a2ecc650,"{""distance"":5,""physical_error_rate"":0.001}","{""detection_events"":443670,""detectors_checked"":132300800,""obs_mistake_mask=_EEE"":1}"
    775168,         2,         0,    87.8,decoder_by_matrix,066a5d8d46981b593c3dec855f441edbe9e755a8873183448f69d036a2ecc650,"{""distance"":5,""physical_error_rate"":0.001}","{""detection_events"":439645,""detectors_checked"":131778560,""obs_mistake_mask=E__E"":1,""obs_mistake_mask=___E"":1}"
    973824,         3,         0,    87.8,decoder_by_matrix,066a5d8d46981b593c3dec855f441edbe9e755a8873183448f69d036a2ecc650,"{""distance"":5,""physical_error_rate"":0.001}","{""detection_events"":553010,""detectors_checked"":165550080,""obs_mistake_mask=E___"":1,""obs_mistake_mask=_E__"":1,""obs_mistake_mask=__EE"":1}"
    297984,         2,         0,    32.0,decoder_by_matrix,066a5d8d46981b593c3dec855f441edbe9e755a8873183448f69d036a2ecc650,"{""distance"":5,""physical_error_rate"":0.001}","{""detection_events"":168410,""detectors_checked"":50657280,""obs_mistake_mask=E__E"":1,""obs_mistake_mask=__E_"":1}"
    344064,         0,         0,    32.0,decoder_by_matrix,066a5d8d46981b593c3dec855f441edbe9e755a8873183448f69d036a2ecc650,"{""distance"":5,""physical_error_rate"":0.001}","{""detection_events"":196510,""detectors_checked"":58490880}"
    356352,         1,         0,    32.0,decoder_by_matrix,066a5d8d46981b593c3dec855f441edbe9e755a8873183448f69d036a2ecc650,"{""distance"":5,""physical_error_rate"":0.001}","{""detection_events"":202855,""detectors_checked"":60579840,""obs_mistake_mask=_EE_"":1}"
    361472,         2,         0,    32.0,decoder_by_matrix,066a5d8d46981b593c3dec855f441edbe9e755a8873183448f69d036a2ecc650,"{""distance"":5,""physical_error_rate"":0.001}","{""detection_events"":205955,""detectors_checked"":61450240,""obs_mistake_mask=_E__"":1,""obs_mistake_mask=__E_"":1}"
    354304,         1,         0,    32.0,decoder_by_matrix,066a5d8d46981b593c3dec855f441edbe9e755a8873183448f69d036a2ecc650,"{""distance"":5,""physical_error_rate"":0.001}","{""detection_events"":202415,""detectors_checked"":60231680,""obs_mistake_mask=_EE_"":1}"
    350208,         0,         0,    32.0,decoder_by_matrix,066a5d8d46981b593c3dec855f441edbe9e755a8873183448f69d036a2ecc650,"{""distance"":5,""physical_error_rate"":0.001}","{""detection_events"":200740,""detectors_checked"":59535360}"
    299008,         1,         0,    32.1,decoder_by_matrix,066a5d8d46981b593c3dec855f441edbe9e755a8873183448f69d036a2ecc650,"{""distance"":5,""physical_error_rate"":0.001}","{""detection_events"":170235,""detectors_checked"":50831360,""obs_mistake_mask=___E"":1}"
    351232,         1,         0,    32.0,decoder_by_matrix,066a5d8d46981b593c3dec855f441edbe9e755a8873183448f69d036a2ecc650,"{""distance"":5,""physical_error_rate"":0.001}","{""detection_events"":200905,""detectors_checked"":59709440,""obs_mistake_mask=_E__"":1}"
    348160,         0,         0,    32.1,decoder_by_matrix,066a5d8d46981b593c3dec855f441edbe9e755a8873183448f69d036a2ecc650,"{""distance"":5,""physical_error_rate"":0.001}","{""detection_events"":197685,""detectors_checked"":59187200}"
    274432,         0,         0,    32.0,decoder_by_matrix,066a5d8d46981b593c3dec855f441edbe9e755a8873183448f69d036a2ecc650,"{""distance"":5,""physical_error_rate"":0.001}","{""detection_events"":154430,""detectors_checked"":46653440}"
    362496,         0,         0,    32.0,decoder_by_matrix,066a5d8d46981b593c3dec855f441edbe9e755a8873183448f69d036a2ecc650,"{""distance"":5,""physical_error_rate"":0.001}","{""detection_events"":202325,""detectors_checked"":61624320}"
    252928,         0,         0,    32.1,decoder_by_matrix,066a5d8d46981b593c3dec855f441edbe9e755a8873183448f69d036a2ecc650,"{""distance"":5,""physical_error_rate"":0.001}","{""detection_events"":145640,""detectors_checked"":42997760}"
    297984,         2,         0,    32.0,decoder_by_matrix,066a5d8d46981b593c3dec855f441edbe9e755a8873183448f69d036a2ecc650,"{""distance"":5,""physical_error_rate"":0.001}","{""detection_events"":172055,""detectors_checked"":50657280,""obs_mistake_mask=E_EE"":1,""obs_mistake_mask=_E__"":1}"
    278528,         0,         0,    32.0,decoder_by_matrix,066a5d8d46981b593c3dec855f441edbe9e755a8873183448f69d036a2ecc650,"{""distance"":5,""physical_error_rate"":0.001}","{""detection_events"":157645,""detectors_checked"":47349760}"
    271360,         0,         0,    32.0,decoder_by_matrix,066a5d8d46981b593c3dec855f441edbe9e755a8873183448f69d036a2ecc650,"{""distance"":5,""physical_error_rate"":0.001}","{""detection_events"":156010,""detectors_checked"":46131200}"
    359424,         0,         0,    32.2,decoder_by_matrix,066a5d8d46981b593c3dec855f441edbe9e755a8873183448f69d036a2ecc650,"{""distance"":5,""physical_error_rate"":0.001}","{""detection_events"":202700,""detectors_checked"":61102080}"
    350208,         2,         0,    32.1,decoder_by_matrix,066a5d8d46981b593c3dec855f441edbe9e755a8873183448f69d036a2ecc650,"{""distance"":5,""physical_error_rate"":0.001}","{""detection_events"":195835,""detectors_checked"":59535360,""obs_mistake_mask=E_EE"":1,""obs_mistake_mask=__EE"":1}"
    359424,         1,         0,    32.0,decoder_by_matrix,066a5d8d46981b593c3dec855f441edbe9e755a8873183448f69d036a2ecc650,"{""distance"":5,""physical_error_rate"":0.001}","{""detection_events"":203125,""detectors_checked"":61102080,""obs_mistake_mask=__E_"":1}"
    265216,         0,         0,    32.1,decoder_by_matrix,066a5d8d46981b593c3dec855f441edbe9e755a8873183448f69d036a2ecc650,"{""distance"":5,""physical_error_rate"":0.001}","{""detection_events"":152920,""detectors_checked"":45086720}"
    222208,         0,         0,    32.2,decoder_by_matrix,066a5d8d46981b593c3dec855f441edbe9e755a8873183448f69d036a2ecc650,"{""distance"":5,""physical_error_rate"":0.001}","{""detection_events"":126375,""detectors_checked"":37775360}"
    348160,         1,         0,    32.0,decoder_by_matrix,066a5d8d46981b593c3dec855f441edbe9e755a8873183448f69d036a2ecc650,"{""distance"":5,""physical_error_rate"":0.001}","{""detection_events"":196770,""detectors_checked"":59187200,""obs_mistake_mask=EE_E"":1}"
    250880,         0,         0,    32.0,decoder_by_matrix,066a5d8d46981b593c3dec855f441edbe9e755a8873183448f69d036a2ecc650,"{""distance"":5,""physical_error_rate"":0.001}","{""detection_events"":142545,""detectors_checked"":42649600}"
    302080,         0,         0,    32.0,decoder_by_matrix,066a5d8d46981b593c3dec855f441edbe9e755a8873183448f69d036a2ecc650,"{""distance"":5,""physical_error_rate"":0.001}","{""detection_events"":171450,""detectors_checked"":51353600}"
    265216,         0,         0,    32.1,decoder_by_matrix,066a5d8d46981b593c3dec855f441edbe9e755a8873183448f69d036a2ecc650,"{""distance"":5,""physical_error_rate"":0.001}","{""detection_events"":149800,""detectors_checked"":45086720}"
    497664,         0,         0,    44.8,decoder_by_matrix,066a5d8d46981b593c3dec855f441edbe9e755a8873183448f69d036a2ecc650,"{""distance"":5,""physical_error_rate"":0.001}","{""detection_events"":281985,""detectors_checked"":84602880}"
    498688,         1,         0,    44.9,decoder_by_matrix,066a5d8d46981b593c3dec855f441edbe9e755a8873183448f69d036a2ecc650,"{""distance"":5,""physical_error_rate"":0.001}","{""detection_events"":283500,""detectors_checked"":84776960,""obs_mistake_mask=EEE_"":1}"
    376832,         0,         0,    45.0,decoder_by_matrix,066a5d8d46981b593c3dec855f441edbe9e755a8873183448f69d036a2ecc650,"{""distance"":5,""physical_error_rate"":0.001}","{""detection_events"":214660,""detectors_checked"":64061440}"
    395264,         0,         0,    44.9,decoder_by_matrix,066a5d8d46981b593c3dec855f441edbe9e755a8873183448f69d036a2ecc650,"{""distance"":5,""physical_error_rate"":0.001}","{""detection_events"":225430,""detectors_checked"":67194880}"
    425984,         0,         0,    44.8,decoder_by_matrix,066a5d8d46981b593c3dec855f441edbe9e755a8873183448f69d036a2ecc650,"{""distance"":5,""physical_error_rate"":0.001}","{""detection_events"":239285,""detectors_checked"":72417280}"
    290816,         0,         0,    45.0,decoder_by_matrix,066a5d8d46981b593c3dec855f441edbe9e755a8873183448f69d036a2ecc650,"{""distance"":5,""physical_error_rate"":0.001}","{""detection_events"":166730,""detectors_checked"":49438720}"
    362496,         1,         0,    44.9,decoder_by_matrix,066a5d8d46981b593c3dec855f441edbe9e755a8873183448f69d036a2ecc650,"{""distance"":5,""physical_error_rate"":0.001}","{""detection_events"":207870,""detectors_checked"":61624320,""obs_mistake_mask=E___"":1}"
    351232,         0,         0,    45.0,decoder_by_matrix,066a5d8d46981b593c3dec855f441edbe9e755a8873183448f69d036a2ecc650,"{""distance"":5,""physical_error_rate"":0.001}","{""detection_events"":199210,""detectors_checked"":59709440}"
    946176,         5,         0,   119.4,decoder_by_matrix,066a5d8d46981b593c3dec855f441edbe9e755a8873183448f69d036a2ecc650,"{""distance"":5,""physical_error_rate"":0.001}","{""detection_events"":535945,""detectors_checked"":160849920,""obs_mistake_mask=EE__"":1,""obs_mistake_mask=E__E"":1,""obs_mistake_mask=__EE"":1,""obs_mistake_mask=__E_"":1,""obs_mistake_mask=___E"":1}"
   1050624,         2,         0,   119.5,decoder_by_matrix,066a5d8d46981b593c3dec855f441edbe9e755a8873183448f69d036a2ecc650,"{""distance"":5,""physical_error_rate"":0.001}","{""detection_events"":598450,""detectors_checked"":178606080,""obs_mistake_mask=E_E_"":1,""obs_mistake_mask=E___"":1}"
   1065984,         5,         0,   119.5,decoder_by_matrix,066a5d8d46981b593c3dec855f441edbe9e755a8873183448f69d036a2ecc650,"{""distance"":5,""physical_error_rate"":0.001}","{""detection_events"":601490,""detectors_checked"":181217280,""obs_mistake_mask=EE__"":1,""obs_mistake_mask=_EEE"":2,""obs_mistake_mask=_EE_"":1,""obs_mistake_mask=_E_E"":1}"
    917504,         1,         0,   119.4,decoder_by_matrix,066a5d8d46981b593c3dec855f441edbe9e755a8873183448f69d036a2ecc650,"{""distance"":5,""physical_error_rate"":0.001}","{""detection_events"":518070,""detectors_checked"":155975680,""obs_mistake_mask=_E__"":1}"
   1097728,         4,         0,   119.5,decoder_by_matrix,066a5d8d46981b593c3dec855f441edbe9e755a8873183448f69d036a2ecc650,"{""distance"":5,""physical_error_rate"":0.001}","{""detection_events"":628315,""detectors_checked"":186613760,""obs_mistake_mask=E___"":1,""obs_mistake_mask=__E_"":3}"
   1262788,         3,         0,   117.9,decoder_by_matrix,066a5d8d46981b593c3dec855f441edbe9e755a8873183448f69d036a2ecc650,"{""distance"":5,""physical_error_rate"":0.001}","{""detection_events"":720890,""detectors_checked"":214673960,""obs_mistake_mask=EEE_"":1,""obs_mistake_mask=E___"":1,""obs_mistake_mask=_E_E"":1}"
   1000448,         5,         0,   119.4,decoder_by_matrix,066a5d8d46981b593c3dec855f441edbe9e755a8873183448f69d036a2ecc650,"{""distance"":5,""physical_error_rate"":0.001}","{""detection_events"":566225,""detectors_checked"":170076160,""obs_mistake_mask=E___"":3,""obs_mistake_mask=_EE_"":1,""obs_mistake_mask=_E__"":1}"
   1220608,         2,         0,   119.5,decoder_by_matrix,066a5d8d46981b593c3dec855f441edbe9e755a8873183448f69d036a2ecc650,"{""distance"":5,""physical_error_rate"":0.001}","{""detection_events"":688480,""detectors_checked"":207503360,""obs_mistake_mask=E_E_"":1,""obs_mistake_mask=_EEE"":1}"
    388096,         0,         0,    44.5,decoder_by_matrix,066a5d8d46981b593c3dec855f441edbe9e755a8873183448f69d036a2ecc650,"{""distance"":5,""physical_error_rate"":0.001}","{""detection_events"":219820,""detectors_checked"":65976320}"
    471040,         0,         0,    44.8,decoder_by_matrix,066a5d8d46981b593c3dec855f441edbe9e755a8873183448f69d036a2ecc650,"{""distance"":5,""physical_error_rate"":0.001}","{""detection_events"":268665,""detectors_checked"":80076800}"
    413696,         0,         0,    44.8,decoder_by_matrix,066a5d8d46981b593c3dec855f441edbe9e755a8873183448f69d036a2ecc650,"{""distance"":5,""physical_error_rate"":0.001}","{""detection_events"":236830,""detectors_checked"":70328320}"
    418816,         1,         0,    44.8,decoder_by_matrix,066a5d8d46981b593c3dec855f441edbe9e755a8873183448f69d036a2ecc650,"{""distance"":5,""physical_error_rate"":0.001}","{""detection_events"":242100,""detectors_checked"":71198720,""obs_mistake_mask=E___"":1}"
    453632,         2,         0,    44.8,decoder_by_matrix,066a5d8d46981b593c3dec855f441edbe9e755a8873183448f69d036a2ecc650,"{""distance"":5,""physical_error_rate"":0.001}","{""detection_events"":257010,""detectors_checked"":77117440,""obs_mistake_mask=E___"":1,""obs_mistake_mask=_EE_"":1}"
    428032,         1,         0,    44.8,decoder_by_matrix,066a5d8d46981b593c3dec855f441edbe9e755a8873183448f69d036a2ecc650,"{""distance"":5,""physical_error_rate"":0.001}","{""detection_events"":242860,""detectors_checked"":72765440,""obs_mistake_mask=EE_E"":1}"
    411648,         2,         0,    44.9,decoder_by_matrix,066a5d8d46981b593c3dec855f441edbe9e755a8873183448f69d036a2ecc650,"{""distance"":5,""physical_error_rate"":0.001}","{""detection_events"":236070,""detectors_checked"":69980160,""obs_mistake_mask=E__E"":1,""obs_mistake_mask=___E"":1}"
    408576,         2,         0,    44.9,decoder_by_matrix,066a5d8d46981b593c3dec855f441edbe9e755a8873183448f69d036a2ecc650,"{""distance"":5,""physical_error_rate"":0.001}","{""detection_events"":235455,""detectors_checked"":69457920,""obs_mistake_mask=E___"":1,""obs_mistake_mask=__EE"":1}"
    429056,         0,         0,    44.8,decoder_by_matrix,066a5d8d46981b593c3dec855f441edbe9e755a8873183448f69d036a2ecc650,"{""distance"":5,""physical_error_rate"":0.001}","{""detection_events"":242840,""detectors_checked"":72939520}"
    322560,         1,         0,    44.7,decoder_by_matrix,066a5d8d46981b593c3dec855f441edbe9e755a8873183448f69d036a2ecc650,"{""distance"":5,""physical_error_rate"":0.001}","{""detection_events"":178555,""detectors_checked"":54835200,""obs_mistake_mask=___E"":1}"
    430080,         0,         0,    44.7,decoder_by_matrix,066a5d8d46981b593c3dec855f441edbe9e755a8873183448f69d036a2ecc650,"{""distance"":5,""physical_error_rate"":0.001}","{""detection_events"":245110,""detectors_checked"":73113600}"
    322560,         0,         0,    44.7,decoder_by_matrix,066a5d8d46981b593c3dec855f441edbe9e755a8873183448f69d036a2ecc650,"{""distance"":5,""physical_error_rate"":0.001}","{""detection_events"":181555,""detectors_checked"":54835200}"
    432128,         0,         0,    44.7,decoder_by_matrix,066a5d8d46981b593c3dec855f441edbe9e755a8873183448f69d036a2ecc650,"{""distance"":5,""physical_error_rate"":0.001}","{""detection_events"":246710,""detectors_checked"":73461760}"
    376832,         0,         0,    44.7,decoder_by_matrix,066a5d8d46981b593c3dec855f441edbe9e755a8873183448f69d036a2ecc650,"{""distance"":5,""physical_error_rate"":0.001}","{""detection_events"":209160,""detectors_checked"":64061440}"
    443392,         1,         0,    44.8,decoder_by_matrix,066a5d8d46981b593c3dec855f441edbe9e755a8873183448f69d036a2ecc650,"{""distance"":5,""physical_error_rate"":0.001}","{""detection_events"":255435,""detectors_checked"":75376640,""obs_mistake_mask=__E_"":1}"
    485376,         1,         0,    44.8,decoder_by_matrix,066a5d8d46981b593c3dec855f441edbe9e755a8873183448f69d036a2ecc650,"{""distance"":5,""physical_error_rate"":0.001}","{""detection_events"":269695,""detectors_checked"":82513920,""obs_mistake_mask=___E"":1}"
    477184,         1,         0,    44.7,decoder_by_matrix,066a5d8d46981b593c3dec855f441edbe9e755a8873183448f69d036a2ecc650,"{""distance"":5,""physical_error_rate"":0.001}","{""detection_events"":273745,""detectors_checked"":81121280,""obs_mistake_mask=_EEE"":1}"
    453632,         2,         0,    44.9,decoder_by_matrix,066a5d8d46981b593c3dec855f441edbe9e755a8873183448f69d036a2ecc650,"{""distance"":5,""physical_error_rate"":0.001}","{""detection_events"":257275,""detectors_checked"":77117440,""obs_mistake_mask=E___"":1,""obs_mistake_mask=___E"":1}"
    434176,         2,         0,    44.8,decoder_by_matrix,066a5d8d46981b593c3dec855f441edbe9e755a8873183448f69d036a2ecc650,"{""distance"":5,""physical_error_rate"":0.001}","{""detection_events"":249195,""detectors_checked"":73809920,""obs_mistake_mask=E_E_"":1,""obs_mistake_mask=_E_E"":1}"
    323584,         0,         0,    44.7,decoder_by_matrix,066a5d8d46981b593c3dec855f441edbe9e755a8873183448f69d036a2ecc650,"{""distance"":5,""physical_error_rate"":0.001}","{""detection_events"":184500,""detectors_checked"":55009280}"
    327680,         1,         0,    44.9,decoder_by_matrix,066a5d8d46981b593c3dec855f441edbe9e755a8873183448f69d036a2ecc650,"{""distance"":5,""physical_error_rate"":0.001}","{""detection_events"":183470,""detectors_checked"":55705600,""obs_mistake_mask=_E__"":1}"
    388096,         0,         0,    44.9,decoder_by_matrix,066a5d8d46981b593c3dec855f441edbe9e755a8873183448f69d036a2ecc650,"{""distance"":5,""physical_error_rate"":0.001}","{""detection_events"":220870,""detectors_checked"":65976320}"
    322560,         2,         0,    44.8,decoder_by_matrix,066a5d8d46981b593c3dec855f441edbe9e755a8873183448f69d036a2ecc650,"{""distance"":5,""physical_error_rate"":0.001}","{""detection_events"":182025,""detectors_checked"":54835200,""obs_mistake_mask=E_E_"":1,""obs_mistake_mask=_E_E"":1}"
    369664,         1,         0,    44.9,decoder_by_matrix,066a5d8d46981b593c3dec855f441edbe9e755a8873183448f69d036a2ecc650,"{""distance"":5,""physical_error_rate"":0.001}","{""detection_events"":207600,""detectors_checked"":62842880,""obs_mistake_mask=_EE_"":1}"
     91943,         0,         0,    8.78,decoder_by_matrix,066a5d8d46981b593c3dec855f441edbe9e755a8873183448f69d036a2ecc650,"{""distance"":5,""physical_error_rate"":0.001}","{""detection_events"":51490,""detectors_checked"":15630310}"
    584704,         1,         0,    62.8,decoder_by_matrix,066a5d8d46981b593c3dec855f441edbe9e755a8873183448f69d036a2ecc650,"{""distance"":5,""physical_error_rate"":0.001}","{""detection_events"":330115,""detectors_checked"":99399680,""obs_mistake_mask=E__E"":1}"
    602112,         2,         0,    62.7,decoder_by_matrix,066a5d8d46981b593c3dec855f441edbe9e755a8873183448f69d036a2ecc650,"{""distance"":5,""physical_error_rate"":0.001}","{""detection_events"":342270,""detectors_checked"":102359040,""obs_mistake_mask=E_E_"":1,""obs_mistake_mask=_E_E"":1}"
    596992,         2,         0,    62.7,decoder_by_matrix,066a5d8d46981b593c3dec855f441edbe9e755a8873183448f69d036a2ecc650,"{""distance"":5,""physical_error_rate"":0.001}","{""detection_events"":336040,""detectors_checked"":101488640,""obs_mistake_mask=E___"":1,""obs_mistake_mask=__E_"":1}"
    595968,         0,         0,    62.7,decoder_by_matrix,066a5d8d46981b593c3dec855f441edbe9e755a8873183448f69d036a2ecc650,"{""distance"":5,""physical_error_rate"":0.001}","{""detection_events"":337310,""detectors_checked"":101314560}"
    595968,         0,         0,    62.7,decoder_by_matrix,066a5d8d46981b593c3dec855f441edbe9e755a8873183448f69d036a2ecc650,"{""distance"":5,""physical_error_rate"":0.001}","{""detection_events"":339170,""detectors_checked"":101314560}"
    653312,         0,         0,    62.6,decoder_by_matrix,066a5d8d46981b593c3dec855f441edbe9e755a8873183448f69d036a2ecc650,"{""distance"":5,""physical_error_rate"":0.001}","{""detection_events"":373530,""detectors_checked"":111063040}"
    571392,         0,         0,    62.9,decoder_by_matrix,066a5d8d46981b593c3dec855f441edbe9e755a8873183448f69d036a2ecc650,"{""distance"":5,""physical_error_rate"":0.001}","{""detection_events"":323635,""detectors_checked"":97136640}"
    556032,         1,         0,    62.8,decoder_by_matrix,066a5d8d46981b593c3dec855f441edbe9e755a8873183448f69d036a2ecc650,"{""distance"":5,""physical_error_rate"":0.001}","{""detection_events"":314590,""detectors_checked"":94525440,""obs_mistake_mask=_EEE"":1}"
   1061611,         1,         0,    99.9,decoder_by_matrix,066a5d8d46981b593c3dec855f441edbe9e755a8873183448f69d036a2ecc650,"{""distance"":5,""physical_error_rate"":0.001}","{""detection_events"":602750,""detectors_checked"":180473870,""obs_mistake_mask=E_EE"":1}"
    940401,         0,         0,   100.0,decoder_by_matrix,066a5d8d46981b593c3dec855f441edbe9e755a8873183448f69d036a2ecc650,"{""distance"":5,""physical_error_rate"":0.001}","{""detection_events"":534995,""detectors_checked"":159868170}"
    920809,         3,         0,    87.8,decoder_by_matrix,066a5d8d46981b593c3dec855f441edbe9e755a8873183448f69d036a2ecc650,"{""distance"":5,""physical_error_rate"":0.001}","{""detection_events"":520975,""detectors_checked"":156537530,""obs_mistake_mask=E___"":1,""obs_mistake_mask=_EEE"":1,""obs_mistake_mask=_E__"":1}"
    901626,         3,         0,    93.0,decoder_by_matrix,066a5d8d46981b593c3dec855f441edbe9e755a8873183448f69d036a2ecc650,"{""distance"":5,""physical_error_rate"":0.001}","{""detection_events"":516000,""detectors_checked"":153276420,""obs_mistake_mask=EE__"":1,""obs_mistake_mask=E_E_"":1,""obs_mistake_mask=_EE_"":1}"
    882842,         2,         0,    89.5,decoder_by_matrix,066a5d8d46981b593c3dec855f441edbe9e755a8873183448f69d036a2ecc650,"{""distance"":5,""physical_error_rate"":0.001}","{""detection_events"":494605,""detectors_checked"":150083140,""obs_mistake_mask=E___"":2}"
    882842,         1,         0,    89.7,decoder_by_matrix,066a5d8d46981b593c3dec855f441edbe9e755a8873183448f69d036a2ecc650,"{""distance"":5,""physical_error_rate"":0.001}","{""detection_events"":502010,""detectors_checked"":150083140,""obs_mistake_mask=__E_"":1}"
    848896,         5,         0,    89.1,decoder_by_matrix,066a5d8d46981b593c3dec855f441edbe9e755a8873183448f69d036a2ecc650,"{""distance"":5,""physical_error_rate"":0.001}","{""detection_events"":478500,""detectors_checked"":144312320,""obs_mistake_mask=E_E_"":1,""obs_mistake_mask=E___"":1,""obs_mistake_mask=__E_"":3}"
    846057,         4,         0,    93.0,decoder_by_matrix,066a5d8d46981b593c3dec855f441edbe9e755a8873183448f69d036a2ecc650,"{""distance"":5,""physical_error_rate"":0.001}","{""detection_events"":482810,""detectors_checked"":143829690,""obs_mistake_mask=E___"":1,""obs_mistake_mask=_EEE"":1,""obs_mistake_mask=___E"":2}"
    802816,         1,         0,    62.7,decoder_by_matrix,066a5d8d46981b593c3dec855f441edbe9e755a8873183448f69d036a2ecc650,"{""distance"":5,""physical_error_rate"":0.001}","{""detection_events"":460575,""detectors_checked"":136478720,""obs_mistake_mask=E___"":1}"
    659456,         1,         0,    62.7,decoder_by_matrix,066a5d8d46981b593c3dec855f441edbe9e755a8873183448f69d036a2ecc650,"{""distance"":5,""physical_error_rate"":0.001}","{""detection_events"":374930,""detectors_checked"":112107520,""obs_mistake_mask=E__E"":1}"
    540672,         0,         0,    62.6,decoder_by_matrix,066a5d8d46981b593c3dec855f441edbe9e755a8873183448f69d036a2ecc650,"{""distance"":5,""physical_error_rate"":0.001}","{""detection_events"":300535,""detectors_checked"":91914240}"
      7929,         0,         0,   0.433,decoder_by_matrix,066a5d8d46981b593c3dec855f441edbe9e755a8873183448f69d036a2ecc650,"{""distance"":5,""physical_error_rate"":0.001}","{""detection_events"":4175,""detectors_checked"":1347930}"
    545792,         1,         0,    62.6,decoder_by_matrix,066a5d8d46981b593c3dec855f441edbe9e755a8873183448f69d036a2ecc650,"{""distance"":5,""physical_error_rate"":0.001}","{""detection_events"":306525,""detectors_checked"":92784640,""obs_mistake_mask=_E__"":1}"
    553984,         0,         0,    62.7,decoder_by_matrix,066a5d8d46981b593c3dec855f441edbe9e755a8873183448f69d036a2ecc650,"{""distance"":5,""physical_error_rate"":0.001}","{""detection_events"":314200,""detectors_checked"":94177280}"
    810745,         1,         0,    80.1,decoder_by_matrix,066a5d8d46981b593c3dec855f441edbe9e755a8873183448f69d036a2ecc650,"{""distance"":5,""physical_error_rate"":0.001}","{""detection_events"":460395,""detectors_checked"":137826650,""obs_mistake_mask=E_E_"":1}"
    778240,         0,         0,    80.2,decoder_by_matrix,066a5d8d46981b593c3dec855f441edbe9e755a8873183448f69d036a2ecc650,"{""distance"":5,""physical_error_rate"":0.001}","{""detection_events"":450380,""detectors_checked"":132300800}"
    661504,         0,         0,    62.8,decoder_by_matrix,066a5d8d46981b593c3dec855f441edbe9e755a8873183448f69d036a2ecc650,"{""distance"":5,""physical_error_rate"":0.001}","{""detection_events"":375565,""detectors_checked"":112455680}"
    622592,         1,         0,    62.7,decoder_by_matrix,066a5d8d46981b593c3dec855f441edbe9e755a8873183448f69d036a2ecc650,"{""distance"":5,""physical_error_rate"":0.001}","{""detection_events"":353375,""detectors_checked"":105840640,""obs_mistake_mask=E___"":1}"
    560128,         2,         0,    62.7,decoder_by_matrix,066a5d8d46981b593c3dec855f441edbe9e755a8873183448f69d036a2ecc650,"{""distance"":5,""physical_error_rate"":0.001}","{""detection_events"":315450,""detectors_checked"":95221760,""obs_mistake_mask=E__E"":1,""obs_mistake_mask=E___"":1}"
    586752,         0,         0,    62.5,decoder_by_matrix,066a5d8d46981b593c3dec855f441edbe9e755a8873183448f69d036a2ecc650,"{""distance"":5,""physical_error_rate"":0.001}","{""detection_events"":334290,""detectors_checked"":99747840}"
    527360,         2,         0,    62.7,decoder_by_matrix,066a5d8d46981b593c3dec855f441edbe9e755a8873183448f69d036a2ecc650,"{""distance"":5,""physical_error_rate"":0.001}","{""detection_events"":296145,""detectors_checked"":89651200,""obs_mistake_mask=EE_E"":1,""obs_mistake_mask=E___"":1}"
    551936,         0,         0,    62.4,decoder_by_matrix,066a5d8d46981b593c3dec855f441edbe9e755a8873183448f69d036a2ecc650,"{""distance"":5,""physical_error_rate"":0.001}","{""detection_events"":316390,""detectors_checked"":93829120}"
    654336,         2,         0,    62.6,decoder_by_matrix,066a5d8d46981b593c3dec855f441edbe9e755a8873183448f69d036a2ecc650,"{""distance"":5,""physical_error_rate"":0.001}","{""detection_events"":376570,""detectors_checked"":111237120,""obs_mistake_mask=__EE"":1,""obs_mistake_mask=__E_"":1}"
    526336,         0,         0,    62.7,decoder_by_matrix,066a5d8d46981b593c3dec855f441edbe9e755a8873183448f69d036a2ecc650,"{""distance"":5,""physical_error_rate"":0.001}","{""detection_events"":297505,""detectors_checked"":89477120}"
    588800,         3,         0,    62.6,decoder_by_matrix,066a5d8d46981b593c3dec855f441edbe9e755a8873183448f69d036a2ecc650,"{""distance"":5,""physical_error_rate"":0.001}","{""detection_events"":334370,""detectors_checked"":100096000,""obs_mistake_mask=E___"":1,""obs_mistake_mask=_E_E"":1,""obs_mistake_mask=__E_"":1}"
    607232,         1,         0,    62.8,decoder_by_matrix,066a5d8d46981b593c3dec855f441edbe9e755a8873183448f69d036a2ecc650,"{""distance"":5,""physical_error_rate"":0.001}","{""detection_events"":345760,""detectors_checked"":103229440,""obs_mistake_mask=EE__"":1}"
    612352,         0,         0,    62.6,decoder_by_matrix,066a5d8d46981b593c3dec855f441edbe9e755a8873183448f69d036a2ecc650,"{""distance"":5,""physical_error_rate"":0.001}","{""detection_events"":350240,""detectors_checked"":104099840}"
    586752,         1,         0,    62.8,decoder_by_matrix,066a5d8d46981b593c3dec855f441edbe9e755a8873183448f69d036a2ecc650,"{""distance"":5,""physical_error_rate"":0.001}","{""detection_events"":331050,""detectors_checked"":99747840,""obs_mistake_mask=EE__"":1}"
    521216,         4,         0,    62.7,decoder_by_matrix,066a5d8d46981b593c3dec855f441edbe9e755a8873183448f69d036a2ecc650,"{""distance"":5,""physical_error_rate"":0.001}","{""detection_events"":296840,""detectors_checked"":88606720,""obs_mistake_mask=E__E"":1,""obs_mistake_mask=E___"":1,""obs_mistake_mask=__E_"":1,""obs_mistake_mask=___E"":1}"
    667648,         0,         0,    62.7,decoder_by_matrix,066a5d8d46981b593c3dec855f441edbe9e755a8873183448f69d036a2ecc650,"{""distance"":5,""physical_error_rate"":0.001}","{""detection_events"":372070,""detectors_checked"":113500160}"
    673792,         2,         0,    62.6,decoder_by_matrix,066a5d8d46981b593c3dec855f441edbe9e755a8873183448f69d036a2ecc650,"{""distance"":5,""physical_error_rate"":0.001}","{""detection_events"":380070,""detectors_checked"":114544640,""obs_mistake_mask=EE_E"":1,""obs_mistake_mask=_EE_"":1}"
    553984,         0,         0,    62.7,decoder_by_matrix,066a5d8d46981b593c3dec855f441edbe9e755a8873183448f69d036a2ecc650,"{""distance"":5,""physical_error_rate"":0.001}","{""detection_events"":308415,""detectors_checked"":94177280}"
    738304,         2,         0,    77.2,decoder_by_matrix,066a5d8d46981b593c3dec855f441edbe9e755a8873183448f69d036a2ecc650,"{""distance"":5,""physical_error_rate"":0.001}","{""detection_events"":423665,""detectors_checked"":125511680,""obs_mistake_mask=__E_"":1,""obs_mistake_mask=___E"":1}"
    570368,         0,         0,    62.4,decoder_by_matrix,066a5d8d46981b593c3dec855f441edbe9e755a8873183448f69d036a2ecc650,"{""distance"":5,""physical_error_rate"":0.001}","{""detection_events"":325185,""detectors_checked"":96962560}"
    552960,         2,         0,    62.7,decoder_by_matrix,066a5d8d46981b593c3dec855f441edbe9e755a8873183448f69d036a2ecc650,"{""distance"":5,""physical_error_rate"":0.001}","{""detection_events"":315745,""detectors_checked"":94003200,""obs_mistake_mask=_EE_"":1,""obs_mistake_mask=_E__"":1}"
    573440,         2,         0,    62.5,decoder_by_matrix,066a5d8d46981b593c3dec855f441edbe9e755a8873183448f69d036a2ecc650,"{""distance"":5,""physical_error_rate"":0.001}","{""detection_events"":325580,""detectors_checked"":97484800,""obs_mistake_mask=E___"":1,""obs_mistake_mask=__E_"":1}"
    729050,         3,         0,    79.9,decoder_by_matrix,066a5d8d46981b593c3dec855f441edbe9e755a8873183448f69d036a2ecc650,"{""distance"":5,""physical_error_rate"":0.001}","{""detection_events"":415755,""detectors_checked"":123938500,""obs_mistake_mask=E_E_"":1,""obs_mistake_mask=_EE_"":1,""obs_mistake_mask=_E__"":1}"
    720896,         0,         0,    79.0,decoder_by_matrix,066a5d8d46981b593c3dec855f441edbe9e755a8873183448f69d036a2ecc650,"{""distance"":5,""physical_error_rate"":0.001}","{""detection_events"":408705,""detectors_checked"":122552320}"
    529408,         0,         0,    57.6,decoder_by_matrix,066a5d8d46981b593c3dec855f441edbe9e755a8873183448f69d036a2ecc650,"{""distance"":5,""physical_error_rate"":0.001}","{""detection_events"":303705,""detectors_checked"":89999360}"
    658432,         1,         0,    70.7,decoder_by_matrix,066a5d8d46981b593c3dec855f441edbe9e755a8873183448f69d036a2ecc650,"{""distance"":5,""physical_error_rate"":0.001}","{""detection_events"":371150,""detectors_checked"":111933440,""obs_mistake_mask=___E"":1}"
    655360,         3,         0,    68.9,decoder_by_matrix,066a5d8d46981b593c3dec855f441edbe9e755a8873183448f69d036a2ecc650,"{""distance"":5,""physical_error_rate"":0.001}","{""detection_events"":370545,""detectors_checked"":111411200,""obs_mistake_mask=E__E"":2,""obs_mistake_mask=__E_"":1}"
    448944,         0,         0,    45.4,decoder_by_matrix,066a5d8d46981b593c3dec855f441edbe9e755a8873183448f69d036a2ecc650,"{""distance"":5,""physical_error_rate"":0.001}","{""detection_events"":251950,""detectors_checked"":76320480}"
    420864,         0,         0,    45.3,decoder_by_matrix,066a5d8d46981b593c3dec855f441edbe9e755a8873183448f69d036a2ecc650,"{""distance"":5,""physical_error_rate"":0.001}","{""detection_events"":241700,""detectors_checked"":71546880}"
    429056,         2,         0,    45.5,decoder_by_matrix,066a5d8d46981b593c3dec855f441edbe9e755a8873183448f69d036a2ecc650,"{""distance"":5,""physical_error_rate"":0.001}","{""detection_events"":244750,""detectors_checked"":72939520,""obs_mistake_mask=E_E_"":2}"
    425984,         0,         0,    45.4,decoder_by_matrix,066a5d8d46981b593c3dec855f441edbe9e755a8873183448f69d036a2ecc650,"{""distance"":5,""physical_error_rate"":0.001}","{""detection_events"":238645,""detectors_checked"":72417280}"
    415744,         0,         0,    45.3,decoder_by_matrix,066a5d8d46981b593c3dec855f441edbe9e755a8873183448f69d036a2ecc650,"{""distance"":5,""physical_error_rate"":0.001}","{""detection_events"":236985,""detectors_checked"":70676480}"
    428032,         0,         0,    45.6,decoder_by_matrix,066a5d8d46981b593c3dec855f441edbe9e755a8873183448f69d036a2ecc650,"{""distance"":5,""physical_error_rate"":0.001}","{""detection_events"":245780,""detectors_checked"":72765440}"
    386172,         1,         0,    46.0,decoder_by_matrix,066a5d8d46981b593c3dec855f441edbe9e755a8873183448f69d036a2ecc650,"{""distance"":5,""physical_error_rate"":0.001}","{""detection_events"":215835,""detectors_checked"":65649240,""obs_mistake_mask=EE_E"":1}"
    384000,         0,         0,    45.6,decoder_by_matrix,066a5d8d46981b593c3dec855f441edbe9e755a8873183448f69d036a2ecc650,"{""distance"":5,""physical_error_rate"":0.001}","{""detection_events"":216530,""detectors_checked"":65280000}"
    364544,         0,         0,    38.2,decoder_by_matrix,066a5d8d46981b593c3dec855f441edbe9e755a8873183448f69d036a2ecc650,"{""distance"":5,""physical_error_rate"":0.001}","{""detection_events"":204795,""detectors_checked"":61972480}"
    333967,         0,         0,    38.7,decoder_by_matrix,066a5d8d46981b593c3dec855f441edbe9e755a8873183448f69d036a2ecc650,"{""distance"":5,""physical_error_rate"":0.001}","{""detection_events"":189155,""detectors_checked"":56774390}"
    315392,         1,         0,    34.2,decoder_by_matrix,066a5d8d46981b593c3dec855f441edbe9e755a8873183448f69d036a2ecc650,"{""distance"":5,""physical_error_rate"":0.001}","{""detection_events"":176995,""detectors_checked"":53616640,""obs_mistake_mask=EE__"":1}"
     18575,         0,         0,    2.22,decoder_by_matrix,066a5d8d46981b593c3dec855f441edbe9e755a8873183448f69d036a2ecc650,"{""distance"":5,""physical_error_rate"":0.001}","{""detection_events"":11125,""detectors_checked"":3157750}"
    304457,         0,         0,    31.2,decoder_by_matrix,066a5d8d46981b593c3dec855f441edbe9e755a8873183448f69d036a2ecc650,"{""distance"":5,""physical_error_rate"":0.001}","{""detection_events"":171360,""detectors_checked"":51757690}"
    298114,         2,         0,    35.1,decoder_by_matrix,066a5d8d46981b593c3dec855f441edbe9e755a8873183448f69d036a2ecc650,"{""distance"":5,""physical_error_rate"":0.001}","{""detection_events"":168430,""detectors_checked"":50679380,""obs_mistake_mask=___E"":2}"
    291903,         0,         0,    33.3,decoder_by_matrix,066a5d8d46981b593c3dec855f441edbe9e755a8873183448f69d036a2ecc650,"{""distance"":5,""physical_error_rate"":0.001}","{""detection_events"":161860,""detectors_checked"":49623510}"
    289792,         1,         0,    33.5,decoder_by_matrix,066a5d8d46981b593c3dec855f441edbe9e755a8873183448f69d036a2ecc650,"{""distance"":5,""physical_error_rate"":0.001}","{""detection_events"":164325,""detectors_checked"":49264640,""obs_mistake_mask=__EE"":1}"
    285822,         0,         0,    33.3,decoder_by_matrix,066a5d8d46981b593c3dec855f441edbe9e755a8873183448f69d036a2ecc650,"{""distance"":5,""physical_error_rate"":0.001}","{""detection_events"":163715,""detectors_checked"":48589740}"
    273830,         1,         0,    17.0,decoder_by_matrix,066a5d8d46981b593c3dec855f441edbe9e755a8873183448f69d036a2ecc650,"{""distance"":5,""physical_error_rate"":0.001}","{""detection_events"":152880,""detectors_checked"":46551100,""obs_mistake_mask=__E_"":1}"
    268125,         0,         0,    20.6,decoder_by_matrix,066a5d8d46981b593c3dec855f441edbe9e755a8873183448f69d036a2ecc650,"{""distance"":5,""physical_error_rate"":0.001}","{""detection_events"":152295,""detectors_checked"":45581250}"
    267264,         0,         0,    20.5,decoder_by_matrix,066a5d8d46981b593c3dec855f441edbe9e755a8873183448f69d036a2ecc650,"{""distance"":5,""physical_error_rate"":0.001}","{""detection_events"":152915,""detectors_checked"":45434880}"
    262539,         0,         0,    26.7,decoder_by_matrix,066a5d8d46981b593c3dec855f441edbe9e755a8873183448f69d036a2ecc650,"{""distance"":5,""physical_error_rate"":0.001}","{""detection_events"":150620,""detectors_checked"":44631630}"
    252928,         1,         0,    26.3,decoder_by_matrix,066a5d8d46981b593c3dec855f441edbe9e755a8873183448f69d036a2ecc650,"{""distance"":5,""physical_error_rate"":0.001}","{""detection_events"":146320,""detectors_checked"":42997760,""obs_mistake_mask=_E__"":1}"
    254976,         0,         0,    26.2,decoder_by_matrix,066a5d8d46981b593c3dec855f441edbe9e755a8873183448f69d036a2ecc650,"{""distance"":5,""physical_error_rate"":0.001}","{""detection_events"":143330,""detectors_checked"":43345920}"
    254976,         1,         0,    26.6,decoder_by_matrix,066a5d8d46981b593c3dec855f441edbe9e755a8873183448f69d036a2ecc650,"{""distance"":5,""physical_error_rate"":0.001}","{""detection_events"":144270,""detectors_checked"":43345920,""obs_mistake_mask=__EE"":1}"
    261120,         2,         0,    26.5,decoder_by_matrix,066a5d8d46981b593c3dec855f441edbe9e755a8873183448f69d036a2ecc650,"{""distance"":5,""physical_error_rate"":0.001}","{""detection_events"":147380,""detectors_checked"":44390400,""obs_mistake_mask=E_E_"":1,""obs_mistake_mask=E___"":1}"
    252928,         0,         0,    26.7,decoder_by_matrix,066a5d8d46981b593c3dec855f441edbe9e755a8873183448f69d036a2ecc650,"{""distance"":5,""physical_error_rate"":0.001}","{""detection_events"":142995,""detectors_checked"":42997760}"
    251502,         0,         0,    26.6,decoder_by_matrix,066a5d8d46981b593c3dec855f441edbe9e755a8873183448f69d036a2ecc650,"{""distance"":5,""physical_error_rate"":0.001}","{""detection_events"":144490,""detectors_checked"":42755340}"
    251502,         0,         0,    26.6,decoder_by_matrix,066a5d8d46981b593c3dec855f441edbe9e755a8873183448f69d036a2ecc650,"{""distance"":5,""physical_error_rate"":0.001}","{""detection_events"":141575,""detectors_checked"":42755340}"
    244736,         1,         0,    26.5,decoder_by_matrix,066a5d8d46981b593c3dec855f441edbe9e755a8873183448f69d036a2ecc650,"{""distance"":5,""physical_error_rate"":0.001}","{""detection_events"":140555,""detectors_checked"":41605120,""obs_mistake_mask=___E"":1}"
    251904,         1,         0,    26.2,decoder_by_matrix,066a5d8d46981b593c3dec855f441edbe9e755a8873183448f69d036a2ecc650,"{""distance"":5,""physical_error_rate"":0.001}","{""detection_events"":140255,""detectors_checked"":42823680,""obs_mistake_mask=__E_"":1}"
    225280,         1,         0,    26.6,decoder_by_matrix,066a5d8d46981b593c3dec855f441edbe9e755a8873183448f69d036a2ecc650,"{""distance"":5,""physical_error_rate"":0.001}","{""detection_events"":129425,""detectors_checked"":38297600,""obs_mistake_mask=__EE"":1}"
    248832,         2,         0,    26.4,decoder_by_matrix,066a5d8d46981b593c3dec855f441edbe9e755a8873183448f69d036a2ecc650,"{""distance"":5,""physical_error_rate"":0.001}","{""detection_events"":140295,""detectors_checked"":42301440,""obs_mistake_mask=EEE_"":1,""obs_mistake_mask=_E__"":1}"
    224256,         0,         0,    26.5,decoder_by_matrix,066a5d8d46981b593c3dec855f441edbe9e755a8873183448f69d036a2ecc650,"{""distance"":5,""physical_error_rate"":0.001}","{""detection_events"":126960,""detectors_checked"":38123520}"
    245760,         0,         0,    26.6,decoder_by_matrix,066a5d8d46981b593c3dec855f441edbe9e755a8873183448f69d036a2ecc650,"{""distance"":5,""physical_error_rate"":0.001}","{""detection_events"":139950,""detectors_checked"":41779200}"
    230400,         3,         0,    22.9,decoder_by_matrix,066a5d8d46981b593c3dec855f441edbe9e755a8873183448f69d036a2ecc650,"{""distance"":5,""physical_error_rate"":0.001}","{""detection_events"":130550,""detectors_checked"":39168000,""obs_mistake_mask=EEE_"":1,""obs_mistake_mask=___E"":2}"
    245760,         1,         0,    26.6,decoder_by_matrix,066a5d8d46981b593c3dec855f441edbe9e755a8873183448f69d036a2ecc650,"{""distance"":5,""physical_error_rate"":0.001}","{""detection_events"":137885,""detectors_checked"":41779200,""obs_mistake_mask=E___"":1}"
    231424,         1,         0,    22.6,decoder_by_matrix,066a5d8d46981b593c3dec855f441edbe9e755a8873183448f69d036a2ecc650,"{""distance"":5,""physical_error_rate"":0.001}","{""detection_events"":130060,""detectors_checked"":39342080,""obs_mistake_mask=__EE"":1}"
    241664,         2,         0,    26.5,decoder_by_matrix,066a5d8d46981b593c3dec855f441edbe9e755a8873183448f69d036a2ecc650,"{""distance"":5,""physical_error_rate"":0.001}","{""detection_events"":138085,""detectors_checked"":41082880,""obs_mistake_mask=E_E_"":1,""obs_mistake_mask=__E_"":1}"
    229376,         0,         0,    24.2,decoder_by_matrix,066a5d8d46981b593c3dec855f441edbe9e755a8873183448f69d036a2ecc650,"{""distance"":5,""physical_error_rate"":0.001}","{""detection_events"":129915,""detectors_checked"":38993920}"
    251502,         0,         0,    26.6,decoder_by_matrix,066a5d8d46981b593c3dec855f441edbe9e755a8873183448f69d036a2ecc650,"{""distance"":5,""physical_error_rate"":0.001}","{""detection_events"":144345,""detectors_checked"":42755340}"
    241664,         1,         0,    24.1,decoder_by_matrix,066a5d8d46981b593c3dec855f441edbe9e755a8873183448f69d036a2ecc650,"{""distance"":5,""physical_error_rate"":0.001}","{""detection_events"":140030,""detectors_checked"":41082880,""obs_mistake_mask=___E"":1}"
    246784,         0,         0,    26.4,decoder_by_matrix,066a5d8d46981b593c3dec855f441edbe9e755a8873183448f69d036a2ecc650,"{""distance"":5,""physical_error_rate"":0.001}","{""detection_events"":139530,""detectors_checked"":41953280}"
    223232,         0,         0,    26.4,decoder_by_matrix,066a5d8d46981b593c3dec855f441edbe9e755a8873183448f69d036a2ecc650,"{""distance"":5,""physical_error_rate"":0.001}","{""detection_events"":125430,""detectors_checked"":37949440}"
    232448,         0,         0,    26.6,decoder_by_matrix,066a5d8d46981b593c3dec855f441edbe9e755a8873183448f69d036a2ecc650,"{""distance"":5,""physical_error_rate"":0.001}","{""detection_events"":132170,""detectors_checked"":39516160}"
    243712,         1,         0,    26.7,decoder_by_matrix,066a5d8d46981b593c3dec855f441edbe9e755a8873183448f69d036a2ecc650,"{""distance"":5,""physical_error_rate"":0.001}","{""detection_events"":137080,""detectors_checked"":41431040,""obs_mistake_mask=___E"":1}"
    228352,         1,         0,    24.0,decoder_by_matrix,066a5d8d46981b593c3dec855f441edbe9e755a8873183448f69d036a2ecc650,"{""distance"":5,""physical_error_rate"":0.001}","{""detection_events"":127765,""detectors_checked"":38819840,""obs_mistake_mask=_EEE"":1}"
    244736,         0,         0,    26.6,decoder_by_matrix,066a5d8d46981b593c3dec855f441edbe9e755a8873183448f69d036a2ecc650,"{""distance"":5,""physical_error_rate"":0.001}","{""detection_events"":140555,""detectors_checked"":41605120}"
    234496,         0,         0,    23.1,decoder_by_matrix,066a5d8d46981b593c3dec855f441edbe9e755a8873183448f69d036a2ecc650,"{""distance"":5,""physical_error_rate"":0.001}","{""detection_events"":134315,""detectors_checked"":39864320}"
    229376,         1,         0,    26.7,decoder_by_matrix,066a5d8d46981b593c3dec855f441edbe9e755a8873183448f69d036a2ecc650,"{""distance"":5,""physical_error_rate"":0.001}","{""detection_events"":130920,""detectors_checked"":38993920,""obs_mistake_mask=E___"":1}"
    195584,         0,         0,    22.1,decoder_by_matrix,066a5d8d46981b593c3dec855f441edbe9e755a8873183448f69d036a2ecc650,"{""distance"":5,""physical_error_rate"":0.001}","{""detection_events"":111400,""detectors_checked"":33249280}"
    200704,         1,         0,    24.1,decoder_by_matrix,066a5d8d46981b593c3dec855f441edbe9e755a8873183448f69d036a2ecc650,"{""distance"":5,""physical_error_rate"":0.001}","{""detection_events"":112445,""detectors_checked"":34119680,""obs_mistake_mask=_E__"":1}"
    200704,         2,         0,    23.1,decoder_by_matrix,066a5d8d46981b593c3dec855f441edbe9e755a8873183448f69d036a2ecc650,"{""distance"":5,""physical_error_rate"":0.001}","{""detection_events"":114945,""detectors_checked"":34119680,""obs_mistake_mask=E___"":1,""obs_mistake_mask=__EE"":1}"
    215040,         2,         0,    19.9,decoder_by_matrix,066a5d8d46981b593c3dec855f441edbe9e755a8873183448f69d036a2ecc650,"{""distance"":5,""physical_error_rate"":0.001}","{""detection_events"":121675,""detectors_checked"":36556800,""obs_mistake_mask=E___"":1,""obs_mistake_mask=_EE_"":1}"
    211968,         1,         0,    24.1,decoder_by_matrix,066a5d8d46981b593c3dec855f441edbe9e755a8873183448f69d036a2ecc650,"{""distance"":5,""physical_error_rate"":0.001}","{""detection_events"":120640,""detectors_checked"":36034560,""obs_mistake_mask=_EE_"":1}"
    207872,         0,         0,    22.8,decoder_by_matrix,066a5d8d46981b593c3dec855f441edbe9e755a8873183448f69d036a2ecc650,"{""distance"":5,""physical_error_rate"":0.001}","{""detection_events"":118405,""detectors_checked"":35338240}"
    244736,         0,         0,    26.6,decoder_by_matrix,066a5d8d46981b593c3dec855f441edbe9e755a8873183448f69d036a2ecc650,"{""distance"":5,""physical_error_rate"":0.001}","{""detection_events"":138085,""detectors_checked"":41605120}"
    219659,         1,         0,    23.6,decoder_by_matrix,066a5d8d46981b593c3dec855f441edbe9e755a8873183448f69d036a2ecc650,"{""distance"":5,""physical_error_rate"":0.001}","{""detection_events"":123115,""detectors_checked"":37342030,""obs_mistake_mask=_EEE"":1}"
    123904,         0,         0,    10.2,decoder_by_matrix,066a5d8d46981b593c3dec855f441edbe9e755a8873183448f69d036a2ecc650,"{""distance"":5,""physical_error_rate"":0.001}","{""detection_events"":70350,""detectors_checked"":21063680}"
    138240,         0,         0,    16.6,decoder_by_matrix,066a5d8d46981b593c3dec855f441edbe9e755a8873183448f69d036a2ecc650,"{""distance"":5,""physical_error_rate"":0.001}","{""detection_events"":78840,""detectors_checked"":23500800}"
      4619,         0,         0,   0.460,decoder_by_matrix,066a5d8d46981b593c3dec855f441edbe9e755a8873183448f69d036a2ecc650,"{""distance"":5,""physical_error_rate"":0.001}","{""detection_events"":2165,""detectors_checked"":785230}"
    140288,         0,         0,    12.9,decoder_by_matrix,066a5d8d46981b593c3dec855f441edbe9e755a8873183448f69d036a2ecc650,"{""distance"":5,""physical_error_rate"":0.001}","{""detection_events"":81275,""detectors_checked"":23848960}"
    139264,         0,         0,    16.3,decoder_by_matrix,066a5d8d46981b593c3dec855f441edbe9e755a8873183448f69d036a2ecc650,"{""distance"":5,""physical_error_rate"":0.001}","{""detection_events"":79715,""detectors_checked"":23674880}"
    151552,         0,         0,    16.2,decoder_by_matrix,066a5d8d46981b593c3dec855f441edbe9e755a8873183448f69d036a2ecc650,"{""distance"":5,""physical_error_rate"":0.001}","{""detection_events"":85485,""detectors_checked"":25763840}"
    202752,         2,         0,    23.7,decoder_by_matrix,066a5d8d46981b593c3dec855f441edbe9e755a8873183448f69d036a2ecc650,"{""distance"":5,""physical_error_rate"":0.001}","{""detection_events"":114970,""detectors_checked"":34467840,""obs_mistake_mask=_EE_"":1,""obs_mistake_mask=___E"":1}"
    200704,         0,         0,    23.7,decoder_by_matrix,066a5d8d46981b593c3dec855f441edbe9e755a8873183448f69d036a2ecc650,"{""distance"":5,""physical_error_rate"":0.001}","{""detection_events"":112970,""detectors_checked"":34119680}"
    156672,         0,         0,    18.7,decoder_by_matrix,066a5d8d46981b593c3dec855f441edbe9e755a8873183448f69d036a2ecc650,"{""distance"":5,""physical_error_rate"":0.001}","{""detection_events"":85105,""detectors_checked"":26634240}"
    207872,         0,         0,    23.4,decoder_by_matrix,066a5d8d46981b593c3dec855f441edbe9e755a8873183448f69d036a2ecc650,"{""distance"":5,""physical_error_rate"":0.001}","{""detection_events"":114420,""detectors_checked"":35338240}"
     75004,         1,         0,    6.83,decoder_by_matrix,066a5d8d46981b593c3dec855f441edbe9e755a8873183448f69d036a2ecc650,"{""distance"":5,""physical_error_rate"":0.001}","{""detection_events"":42015,""detectors_checked"":12750680,""obs_mistake_mask=_E__"":1}"
     70656,         0,         0,    6.82,decoder_by_matrix,066a5d8d46981b593c3dec855f441edbe9e755a8873183448f69d036a2ecc650,"{""distance"":5,""physical_error_rate"":0.001}","{""detection_events"":38260,""detectors_checked"":12011520}"
     37585,         0,         0,    3.75,decoder_by_matrix,066a5d8d46981b593c3dec855f441edbe9e755a8873183448f69d036a2ecc650,"{""distance"":5,""physical_error_rate"":0.001}","{""detection_events"":21185,""detectors_checked"":6389450}"
     40960,         0,         0,    3.79,decoder_by_matrix,066a5d8d46981b593c3dec855f441edbe9e755a8873183448f69d036a2ecc650,"{""distance"":5,""physical_error_rate"":0.001}","{""detection_events"":23880,""detectors_checked"":6963200}"
     37546,         0,         0,    3.68,decoder_by_matrix,066a5d8d46981b593c3dec855f441edbe9e755a8873183448f69d036a2ecc650,"{""distance"":5,""physical_error_rate"":0.001}","{""detection_events"":21900,""detectors_checked"":6382820}"
     39936,         0,         0,    3.74,decoder_by_matrix,066a5d8d46981b593c3dec855f441edbe9e755a8873183448f69d036a2ecc650,"{""distance"":5,""physical_error_rate"":0.001}","{""detection_events"":23685,""detectors_checked"":6789120}"
     39936,         0,         0,    3.98,decoder_by_matrix,066a5d8d46981b593c3dec855f441edbe9e755a8873183448f69d036a2ecc650,"{""distance"":5,""physical_error_rate"":0.001}","{""detection_events"":23010,""detectors_checked"":6789120}"
     39936,         0,         0,    3.83,decoder_by_matrix,066a5d8d46981b593c3dec855f441edbe9e755a8873183448f69d036a2ecc650,"{""distance"":5,""physical_error_rate"":0.001}","{""detection_events"":21580,""detectors_checked"":6789120}"
     39936,         0,         0,    3.98,decoder_by_matrix,066a5d8d46981b593c3dec855f441edbe9e755a8873183448f69d036a2ecc650,"{""distance"":5,""physical_error_rate"":0.001}","{""detection_events"":22100,""detectors_checked"":6789120}"
     39936,         0,         0,    3.89,decoder_by_matrix,066a5d8d46981b593c3dec855f441edbe9e755a8873183448f69d036a2ecc650,"{""distance"":5,""physical_error_rate"":0.001}","{""detection_events"":22915,""detectors_checked"":6789120}"
     39936,         0,         0,    3.92,decoder_by_matrix,066a5d8d46981b593c3dec855f441edbe9e755a8873183448f69d036a2ecc650,"{""distance"":5,""physical_error_rate"":0.001}","{""detection_events"":23605,""detectors_checked"":6789120}"
     39012,         0,         0,    3.90,decoder_by_matrix,066a5d8d46981b593c3dec855f441edbe9e755a8873183448f69d036a2ecc650,"{""distance"":5,""physical_error_rate"":0.001}","{""detection_events"":22890,""detectors_checked"":6632040}"
     39012,         0,         0,    3.92,decoder_by_matrix,066a5d8d46981b593c3dec855f441edbe9e755a8873183448f69d036a2ecc650,"{""distance"":5,""physical_error_rate"":0.001}","{""detection_events"":21175,""detectors_checked"":6632040}"
     38912,         0,         0,    3.87,decoder_by_matrix,066a5d8d46981b593c3dec855f441edbe9e755a8873183448f69d036a2ecc650,"{""distance"":5,""physical_error_rate"":0.001}","{""detection_events"":22960,""detectors_checked"":6615040}"
     36864,         0,         0,    3.81,decoder_by_matrix,066a5d8d46981b593c3dec855f441edbe9e755a8873183448f69d036a2ecc650,"{""distance"":5,""physical_error_rate"":0.001}","{""detection_events"":20340,""detectors_checked"":6266880}"
     40647,         0,         0,    4.02,decoder_by_matrix,066a5d8d46981b593c3dec855f441edbe9e755a8873183448f69d036a2ecc650,"{""distance"":5,""physical_error_rate"":0.001}","{""detection_events"":22885,""detectors_checked"":6909990}"
     33792,         0,         0,    3.99,decoder_by_matrix,066a5d8d46981b593c3dec855f441edbe9e755a8873183448f69d036a2ecc650,"{""distance"":5,""physical_error_rate"":0.001}","{""detection_events"":18660,""detectors_checked"":5744640}"
     34816,         0,         0,    3.91,decoder_by_matrix,066a5d8d46981b593c3dec855f441edbe9e755a8873183448f69d036a2ecc650,"{""distance"":5,""physical_error_rate"":0.001}","{""detection_events"":20230,""detectors_checked"":5918720}"
     33792,         0,         0,    3.96,decoder_by_matrix,066a5d8d46981b593c3dec855f441edbe9e755a8873183448f69d036a2ecc650,"{""distance"":5,""physical_error_rate"":0.001}","{""detection_events"":17640,""detectors_checked"":5744640}"
     38912,         0,         0,    3.87,decoder_by_matrix,066a5d8d46981b593c3dec855f441edbe9e755a8873183448f69d036a2ecc650,"{""distance"":5,""physical_error_rate"":0.001}","{""detection_events"":22025,""detectors_checked"":6615040}"
     39012,         0,         0,    3.78,decoder_by_matrix,066a5d8d46981b593c3dec855f441edbe9e755a8873183448f69d036a2ecc650,"{""distance"":5,""physical_error_rate"":0.001}","{""detection_events"":21455,""detectors_checked"":6632040}"
     39936,         0,         0,    3.98,decoder_by_matrix,066a5d8d46981b593c3dec855f441edbe9e755a8873183448f69d036a2ecc650,"{""distance"":5,""physical_error_rate"":0.001}","{""detection_events"":23120,""detectors_checked"":6789120}"
     39936,         0,         0,    3.94,decoder_by_matrix,066a5d8d46981b593c3dec855f441edbe9e755a8873183448f69d036a2ecc650,"{""distance"":5,""physical_error_rate"":0.001}","{""detection_events"":22550,""detectors_checked"":6789120}"
     36864,         0,         0,    3.40,decoder_by_matrix,066a5d8d46981b593c3dec855f441edbe9e755a8873183448f69d036a2ecc650,"{""distance"":5,""physical_error_rate"":0.001}","{""detection_events"":21600,""detectors_checked"":6266880}"
     34816,         0,         0,    4.10,decoder_by_matrix,066a5d8d46981b593c3dec855f441edbe9e755a8873183448f69d036a2ecc650,"{""distance"":5,""physical_error_rate"":0.001}","{""detection_events"":19000,""detectors_checked"":5918720}"
     39936,         0,         0,    3.81,decoder_by_matrix,066a5d8d46981b593c3dec855f441edbe9e755a8873183448f69d036a2ecc650,"{""distance"":5,""physical_error_rate"":0.001}","{""detection_events"":21915,""detectors_checked"":6789120}"
     35840,         0,         0,    3.90,decoder_by_matrix,066a5d8d46981b593c3dec855f441edbe9e755a8873183448f69d036a2ecc650,"{""distance"":5,""physical_error_rate"":0.001}","{""detection_events"":20745,""detectors_checked"":6092800}"
     35840,         0,         0,    3.95,decoder_by_matrix,066a5d8d46981b593c3dec855f441edbe9e755a8873183448f69d036a2ecc650,"{""distance"":5,""physical_error_rate"":0.001}","{""detection_events"":19810,""detectors_checked"":6092800}"
     33792,         0,         0,    4.15,decoder_by_matrix,066a5d8d46981b593c3dec855f441edbe9e755a8873183448f69d036a2ecc650,"{""distance"":5,""physical_error_rate"":0.001}","{""detection_events"":18035,""detectors_checked"":5744640}"
     39012,         0,         0,    3.99,decoder_by_matrix,066a5d8d46981b593c3dec855f441edbe9e755a8873183448f69d036a2ecc650,"{""distance"":5,""physical_error_rate"":0.001}","{""detection_events"":23450,""detectors_checked"":6632040}"
     35840,         0,         0,    3.99,decoder_by_matrix,066a5d8d46981b593c3dec855f441edbe9e755a8873183448f69d036a2ecc650,"{""distance"":5,""physical_error_rate"":0.001}","{""detection_events"":20345,""detectors_checked"":6092800}"
     35840,         0,         0,    3.36,decoder_by_matrix,066a5d8d46981b593c3dec855f441edbe9e755a8873183448f69d036a2ecc650,"{""distance"":5,""physical_error_rate"":0.001}","{""detection_events"":20115,""detectors_checked"":6092800}"
     33792,         0,         0,    4.04,decoder_by_matrix,066a5d8d46981b593c3dec855f441edbe9e755a8873183448f69d036a2ecc650,"{""distance"":5,""physical_error_rate"":0.001}","{""detection_events"":19200,""detectors_checked"":5744640}"
     30720,         0,         0,    3.37,decoder_by_matrix,066a5d8d46981b593c3dec855f441edbe9e755a8873183448f69d036a2ecc650,"{""distance"":5,""physical_error_rate"":0.001}","{""detection_events"":16865,""detectors_checked"":5222400}"
     34816,         0,         0,    4.03,decoder_by_matrix,066a5d8d46981b593c3dec855f441edbe9e755a8873183448f69d036a2ecc650,"{""distance"":5,""physical_error_rate"":0.001}","{""detection_events"":20280,""detectors_checked"":5918720}"
     34816,         1,         0,    4.01,decoder_by_matrix,066a5d8d46981b593c3dec855f441edbe9e755a8873183448f69d036a2ecc650,"{""distance"":5,""physical_error_rate"":0.001}","{""detection_events"":20820,""detectors_checked"":5918720,""obs_mistake_mask=___E"":1}"
     36864,         0,         0,    3.41,decoder_by_matrix,066a5d8d46981b593c3dec855f441edbe9e755a8873183448f69d036a2ecc650,"{""distance"":5,""physical_error_rate"":0.001}","{""detection_events"":21740,""detectors_checked"":6266880}"
     33792,         0,         0,    3.92,decoder_by_matrix,066a5d8d46981b593c3dec855f441edbe9e755a8873183448f69d036a2ecc650,"{""distance"":5,""physical_error_rate"":0.001}","{""detection_events"":19305,""detectors_checked"":5744640}"
     39936,         0,         0,    3.81,decoder_by_matrix,066a5d8d46981b593c3dec855f441edbe9e755a8873183448f69d036a2ecc650,"{""distance"":5,""physical_error_rate"":0.001}","{""detection_events"":23450,""detectors_checked"":6789120}"
     32768,         0,         0,    3.87,decoder_by_matrix,066a5d8d46981b593c3dec855f441edbe9e755a8873183448f69d036a2ecc650,"{""distance"":5,""physical_error_rate"":0.001}","{""detection_events"":19715,""detectors_checked"":5570560}"
     35840,         0,         0,    3.41,decoder_by_matrix,066a5d8d46981b593c3dec855f441edbe9e755a8873183448f69d036a2ecc650,"{""distance"":5,""physical_error_rate"":0.001}","{""detection_events"":20935,""detectors_checked"":6092800}"
     28672,         1,         0,    3.36,decoder_by_matrix,066a5d8d46981b593c3dec855f441edbe9e755a8873183448f69d036a2ecc650,"{""distance"":5,""physical_error_rate"":0.001}","{""detection_events"":16875,""detectors_checked"":4874240,""obs_mistake_mask=EE_E"":1}"
     33792,         0,         0,    4.04,decoder_by_matrix,066a5d8d46981b593c3dec855f441edbe9e755a8873183448f69d036a2ecc650,"{""distance"":5,""physical_error_rate"":0.001}","{""detection_events"":19555,""detectors_checked"":5744640}"
       711,         0,         0,   0.068,decoder_by_matrix,066a5d8d46981b593c3dec855f441edbe9e755a8873183448f69d036a2ecc650,"{""distance"":5,""physical_error_rate"":0.001}","{""detection_events"":560,""detectors_checked"":120870}"
     28672,         0,         0,    3.37,decoder_by_matrix,066a5d8d46981b593c3dec855f441edbe9e755a8873183448f69d036a2ecc650,"{""distance"":5,""physical_error_rate"":0.001}","{""detection_events"":17420,""detectors_checked"":4874240}"
     28672,         0,         0,    3.14,decoder_by_matrix,066a5d8d46981b593c3dec855f441edbe9e755a8873183448f69d036a2ecc650,"{""distance"":5,""physical_error_rate"":0.001}","{""detection_events"":15845,""detectors_checked"":4874240}"
       711,         0,         0,   0.106,decoder_by_matrix,066a5d8d46981b593c3dec855f441edbe9e755a8873183448f69d036a2ecc650,"{""distance"":5,""physical_error_rate"":0.001}","{""detection_events"":350,""detectors_checked"":120870}"
       711,         0,         0,   0.084,decoder_by_matrix,066a5d8d46981b593c3dec855f441edbe9e755a8873183448f69d036a2ecc650,"{""distance"":5,""physical_error_rate"":0.001}","{""detection_events"":390,""detectors_checked"":120870}"
     29969,         0,         0,    3.48,decoder_by_matrix,066a5d8d46981b593c3dec855f441edbe9e755a8873183448f69d036a2ecc650,"{""distance"":5,""physical_error_rate"":0.001}","{""detection_events"":18000,""detectors_checked"":5094730}"
     27648,         0,         0,    3.16,decoder_by_matrix,066a5d8d46981b593c3dec855f441edbe9e755a8873183448f69d036a2ecc650,"{""distance"":5,""physical_error_rate"":0.001}","{""detection_events"":16650,""detectors_checked"":4700160}"
     29696,         0,         0,    3.51,decoder_by_matrix,066a5d8d46981b593c3dec855f441edbe9e755a8873183448f69d036a2ecc650,"{""distance"":5,""physical_error_rate"":0.001}","{""detection_events"":16715,""detectors_checked"":5048320}"
        85,         0,         0,   0.094,decoder_by_matrix,066a5d8d46981b593c3dec855f441edbe9e755a8873183448f69d036a2ecc650,"{""distance"":5,""physical_error_rate"":0.001}","{""detection_events"":70,""detectors_checked"":14450}"
     29696,         0,         0,    3.49,decoder_by_matrix,066a5d8d46981b593c3dec855f441edbe9e755a8873183448f69d036a2ecc650,"{""distance"":5,""physical_error_rate"":0.001}","{""detection_events"":17150,""detectors_checked"":5048320}"
     32768,         0,         0,    3.58,decoder_by_matrix,066a5d8d46981b593c3dec855f441edbe9e755a8873183448f69d036a2ecc650,"{""distance"":5,""physical_error_rate"":0.001}","{""detection_events"":19175,""detectors_checked"":5570560}"
      3783,         0,         0,   0.369,decoder_by_matrix,066a5d8d46981b593c3dec855f441edbe9e755a8873183448f69d036a2ecc650,"{""distance"":5,""physical_error_rate"":0.001}","{""detection_events"":2485,""detectors_checked"":643110}"
       439,         0,         0,   0.105,decoder_by_matrix,066a5d8d46981b593c3dec855f441edbe9e755a8873183448f69d036a2ecc650,"{""distance"":5,""physical_error_rate"":0.001}","{""detection_events"":440,""detectors_checked"":74630}"
      5498,         0,         0,   0.502,decoder_by_matrix,066a5d8d46981b593c3dec855f441edbe9e755a8873183448f69d036a2ecc650,"{""distance"":5,""physical_error_rate"":0.001}","{""detection_events"":3350,""detectors_checked"":934660}"
      3172,         0,         0,   0.326,decoder_by_matrix,066a5d8d46981b593c3dec855f441edbe9e755a8873183448f69d036a2ecc650,"{""distance"":5,""physical_error_rate"":0.001}","{""detection_events"":1515,""detectors_checked"":539240}"
      3445,         0,         0,   0.342,decoder_by_matrix,066a5d8d46981b593c3dec855f441edbe9e755a8873183448f69d036a2ecc650,"{""distance"":5,""physical_error_rate"":0.001}","{""detection_events"":1860,""detectors_checked"":585650}"
      6144,         0,         0,   0.595,decoder_by_matrix,066a5d8d46981b593c3dec855f441edbe9e755a8873183448f69d036a2ecc650,"{""distance"":5,""physical_error_rate"":0.001}","{""detection_events"":3855,""detectors_checked"":1044480}"
      4159,         0,         0,   0.343,decoder_by_matrix,066a5d8d46981b593c3dec855f441edbe9e755a8873183448f69d036a2ecc650,"{""distance"":5,""physical_error_rate"":0.001}","{""detection_events"":2065,""detectors_checked"":707030}"
      4320,         0,         0,   0.354,decoder_by_matrix,066a5d8d46981b593c3dec855f441edbe9e755a8873183448f69d036a2ecc650,"{""distance"":5,""physical_error_rate"":0.001}","{""detection_events"":2625,""detectors_checked"":734400}"
      6144,         0,         0,   0.626,decoder_by_matrix,066a5d8d46981b593c3dec855f441edbe9e755a8873183448f69d036a2ecc650,"{""distance"":5,""physical_error_rate"":0.001}","{""detection_events"":3915,""detectors_checked"":1044480}"
      5546,         0,         0,   0.563,decoder_by_matrix,066a5d8d46981b593c3dec855f441edbe9e755a8873183448f69d036a2ecc650,"{""distance"":5,""physical_error_rate"":0.001}","{""detection_events"":2800,""detectors_checked"":942820}"
      4764,         0,         0,   0.588,decoder_by_matrix,066a5d8d46981b593c3dec855f441edbe9e755a8873183448f69d036a2ecc650,"{""distance"":5,""physical_error_rate"":0.001}","{""detection_events"":2830,""detectors_checked"":809880}"
      4535,         0,         0,   0.358,decoder_by_matrix,066a5d8d46981b593c3dec855f441edbe9e755a8873183448f69d036a2ecc650,"{""distance"":5,""physical_error_rate"":0.001}","{""detection_events"":2780,""detectors_checked"":770950}"
      5450,         0,         0,   0.539,decoder_by_matrix,066a5d8d46981b593c3dec855f441edbe9e755a8873183448f69d036a2ecc650,"{""distance"":5,""physical_error_rate"":0.001}","{""detection_events"":3000,""detectors_checked"":926500}"
      5450,         0,         0,   0.522,decoder_by_matrix,066a5d8d46981b593c3dec855f441edbe9e755a8873183448f69d036a2ecc650,"{""distance"":5,""physical_error_rate"":0.001}","{""detection_events"":2805,""detectors_checked"":926500}"
      3783,         0,         0,   0.385,decoder_by_matrix,066a5d8d46981b593c3dec855f441edbe9e755a8873183448f69d036a2ecc650,"{""distance"":5,""physical_error_rate"":0.001}","{""detection_events"":1975,""detectors_checked"":643110}"
       166,         0,         0,   0.059,decoder_by_matrix,066a5d8d46981b593c3dec855f441edbe9e755a8873183448f69d036a2ecc650,"{""distance"":5,""physical_error_rate"":0.001}","{""detection_events"":40,""detectors_checked"":28220}"
      3511,         0,         0,   0.345,decoder_by_matrix,066a5d8d46981b593c3dec855f441edbe9e755a8873183448f69d036a2ecc650,"{""distance"":5,""physical_error_rate"":0.001}","{""detection_events"":2025,""detectors_checked"":596870}"
      5450,         0,         0,   0.550,decoder_by_matrix,066a5d8d46981b593c3dec855f441edbe9e755a8873183448f69d036a2ecc650,"{""distance"":5,""physical_error_rate"":0.001}","{""detection_events"":2815,""detectors_checked"":926500}"
       124,         0,         0,   0.045,decoder_by_matrix,066a5d8d46981b593c3dec855f441edbe9e755a8873183448f69d036a2ecc650,"{""distance"":5,""physical_error_rate"":0.001}","{""detection_events"":75,""detectors_checked"":21080}"
      4196,         0,         0,   0.445,decoder_by_matrix,066a5d8d46981b593c3dec855f441edbe9e755a8873183448f69d036a2ecc650,"{""distance"":5,""physical_error_rate"":0.001}","{""detection_events"":2440,""detectors_checked"":713320}"
      5120,         0,         0,   0.566,decoder_by_matrix,066a5d8d46981b593c3dec855f441edbe9e755a8873183448f69d036a2ecc650,"{""distance"":5,""physical_error_rate"":0.001}","{""detection_events"":2955,""detectors_checked"":870400}"
      3949,         0,         0,   0.466,decoder_by_matrix,066a5d8d46981b593c3dec855f441edbe9e755a8873183448f69d036a2ecc650,"{""distance"":5,""physical_error_rate"":0.001}","{""detection_events"":2740,""detectors_checked"":671330}"
      5120,         0,         0,   0.538,decoder_by_matrix,066a5d8d46981b593c3dec855f441edbe9e755a8873183448f69d036a2ecc650,"{""distance"":5,""physical_error_rate"":0.001}","{""detection_events"":3180,""detectors_checked"":870400}"
      5450,         0,         0,   0.683,decoder_by_matrix,066a5d8d46981b593c3dec855f441edbe9e755a8873183448f69d036a2ecc650,"{""distance"":5,""physical_error_rate"":0.001}","{""detection_events"":3780,""detectors_checked"":926500}"
        55,         0,         0,   0.057,decoder_by_matrix,066a5d8d46981b593c3dec855f441edbe9e755a8873183448f69d036a2ecc650,"{""distance"":5,""physical_error_rate"":0.001}","{""detection_events"":40,""detectors_checked"":9350}"
       191,         0,         0,   0.057,decoder_by_matrix,066a5d8d46981b593c3dec855f441edbe9e755a8873183448f69d036a2ecc650,"{""distance"":5,""physical_error_rate"":0.001}","{""detection_events"":145,""detectors_checked"":32470}"
      5120,         0,         0,   0.564,decoder_by_matrix,066a5d8d46981b593c3dec855f441edbe9e755a8873183448f69d036a2ecc650,"{""distance"":5,""physical_error_rate"":0.001}","{""detection_events"":3120,""detectors_checked"":870400}"
       124,         0,         0,   0.069,decoder_by_matrix,066a5d8d46981b593c3dec855f441edbe9e755a8873183448f69d036a2ecc650,"{""distance"":5,""physical_error_rate"":0.001}","{""detection_events"":75,""detectors_checked"":21080}"
      5120,         0,         0,   0.550,decoder_by_matrix,066a5d8d46981b593c3dec855f441edbe9e755a8873183448f69d036a2ecc650,"{""distance"":5,""physical_error_rate"":0.001}","{""detection_events"":3150,""detectors_checked"":870400}"
      3909,         0,         0,   0.471,decoder_by_matrix,066a5d8d46981b593c3dec855f441edbe9e755a8873183448f69d036a2ecc650,"{""distance"":5,""physical_error_rate"":0.001}","{""detection_events"":2140,""detectors_checked"":664530}"
      5326,         0,         0,   0.687,decoder_by_matrix,066a5d8d46981b593c3dec855f441edbe9e755a8873183448f69d036a2ecc650,"{""distance"":5,""physical_error_rate"":0.001}","{""detection_events"":2500,""detectors_checked"":905420}"
      5120,         0,         0,   0.482,decoder_by_matrix,066a5d8d46981b593c3dec855f441edbe9e755a8873183448f69d036a2ecc650,"{""distance"":5,""physical_error_rate"":0.001}","{""detection_events"":2715,""detectors_checked"":870400}"
      5120,         0,         0,   0.548,decoder_by_matrix,066a5d8d46981b593c3dec855f441edbe9e755a8873183448f69d036a2ecc650,"{""distance"":5,""physical_error_rate"":0.001}","{""detection_events"":2825,""detectors_checked"":870400}"
      4141,         0,         0,   0.487,decoder_by_matrix,066a5d8d46981b593c3dec855f441edbe9e755a8873183448f69d036a2ecc650,"{""distance"":5,""physical_error_rate"":0.001}","{""detection_events"":2525,""detectors_checked"":703970}"
      5120,         0,         0,   0.586,decoder_by_matrix,066a5d8d46981b593c3dec855f441edbe9e755a8873183448f69d036a2ecc650,"{""distance"":5,""physical_error_rate"":0.001}","{""detection_events"":3015,""detectors_checked"":870400}"
      3238,         0,         0,   0.476,decoder_by_matrix,066a5d8d46981b593c3dec855f441edbe9e755a8873183448f69d036a2ecc650,"{""distance"":5,""physical_error_rate"":0.001}","{""detection_events"":2150,""detectors_checked"":550460}"
      4137,         0,         0,   0.528,decoder_by_matrix,066a5d8d46981b593c3dec855f441edbe9e755a8873183448f69d036a2ecc650,"{""distance"":5,""physical_error_rate"":0.001}","{""detection_events"":2370,""detectors_checked"":703290}"
      4141,         0,         0,   0.542,decoder_by_matrix,066a5d8d46981b593c3dec855f441edbe9e755a8873183448f69d036a2ecc650,"{""distance"":5,""physical_error_rate"":0.001}","{""detection_events"":1765,""detectors_checked"":703970}"
      5120,         0,         0,   0.609,decoder_by_matrix,066a5d8d46981b593c3dec855f441edbe9e755a8873183448f69d036a2ecc650,"{""distance"":5,""physical_error_rate"":0.001}","{""detection_events"":2850,""detectors_checked"":870400}"
       993,         0,         0,   0.038,decoder_by_matrix,066a5d8d46981b593c3dec855f441edbe9e755a8873183448f69d036a2ecc650,"{""distance"":5,""physical_error_rate"":0.001}","{""detection_events"":535,""detectors_checked"":168810}"
      2635,         0,         0,   0.177,decoder_by_matrix,066a5d8d46981b593c3dec855f441edbe9e755a8873183448f69d036a2ecc650,"{""distance"":5,""physical_error_rate"":0.001}","{""detection_events"":1445,""detectors_checked"":447950}"
      2585,         0,         0,   0.190,decoder_by_matrix,066a5d8d46981b593c3dec855f441edbe9e755a8873183448f69d036a2ecc650,"{""distance"":5,""physical_error_rate"":0.001}","{""detection_events"":1330,""detectors_checked"":439450}"
       548,         0,         0,   0.062,decoder_by_matrix,066a5d8d46981b593c3dec855f441edbe9e755a8873183448f69d036a2ecc650,"{""distance"":5,""physical_error_rate"":0.001}","{""detection_events"":525,""detectors_checked"":93160}"
      5120,         0,         0,   0.595,decoder_by_matrix,066a5d8d46981b593c3dec855f441edbe9e755a8873183448f69d036a2ecc650,"{""distance"":5,""physical_error_rate"":0.001}","{""detection_events"":3245,""detectors_checked"":870400}"
      4640,         0,         0,   0.483,decoder_by_matrix,066a5d8d46981b593c3dec855f441edbe9e755a8873183448f69d036a2ecc650,"{""distance"":5,""physical_error_rate"":0.001}","{""detection_events"":3060,""detectors_checked"":788800}"
        55,         0,         0,   0.085,decoder_by_matrix,066a5d8d46981b593c3dec855f441edbe9e755a8873183448f69d036a2ecc650,"{""distance"":5,""physical_error_rate"":0.001}","{""detection_events"":30,""detectors_checked"":9350}"
      4640,         0,         0,   0.536,decoder_by_matrix,066a5d8d46981b593c3dec855f441edbe9e755a8873183448f69d036a2ecc650,"{""distance"":5,""physical_error_rate"":0.001}","{""detection_events"":2390,""detectors_checked"":788800}"
       124,         0,         0,   0.094,decoder_by_matrix,066a5d8d46981b593c3dec855f441edbe9e755a8873183448f69d036a2ecc650,"{""distance"":5,""physical_error_rate"":0.001}","{""detection_events"":105,""detectors_checked"":21080}"
      2048,         0,         0,   0.218,decoder_by_matrix,066a5d8d46981b593c3dec855f441edbe9e755a8873183448f69d036a2ecc650,"{""distance"":5,""physical_error_rate"":0.001}","{""detection_events"":945,""detectors_checked"":348160}"
       548,         0,         0,   0.080,decoder_by_matrix,066a5d8d46981b593c3dec855f441edbe9e755a8873183448f69d036a2ecc650,"{""distance"":5,""physical_error_rate"":0.001}","{""detection_events"":390,""detectors_checked"":93160}"
       810,         0,         0,   0.047,decoder_by_matrix,066a5d8d46981b593c3dec855f441edbe9e755a8873183448f69d036a2ecc650,"{""distance"":5,""physical_error_rate"":0.001}","{""detection_events"":630,""detectors_checked"":137700}"
       330,         0,         0,   0.093,decoder_by_matrix,066a5d8d46981b593c3dec855f441edbe9e755a8873183448f69d036a2ecc650,"{""distance"":5,""physical_error_rate"":0.001}","{""detection_events"":110,""detectors_checked"":56100}"
      4096,         0,         0,   0.437,decoder_by_matrix,066a5d8d46981b593c3dec855f441edbe9e755a8873183448f69d036a2ecc650,"{""distance"":5,""physical_error_rate"":0.001}","{""detection_events"":2245,""detectors_checked"":696320}"
       503,         0,         0,   0.093,decoder_by_matrix,066a5d8d46981b593c3dec855f441edbe9e755a8873183448f69d036a2ecc650,"{""distance"":5,""physical_error_rate"":0.001}","{""detection_events"":445,""detectors_checked"":85510}"
      2751,         0,         0,   0.251,decoder_by_matrix,066a5d8d46981b593c3dec855f441edbe9e755a8873183448f69d036a2ecc650,"{""distance"":5,""physical_error_rate"":0.001}","{""detection_events"":1480,""detectors_checked"":467670}"
       548,         0,         0,   0.077,decoder_by_matrix,066a5d8d46981b593c3dec855f441edbe9e755a8873183448f69d036a2ecc650,"{""distance"":5,""physical_error_rate"":0.001}","{""detection_events"":125,""detectors_checked"":93160}"
        34,         0,         0,   0.059,decoder_by_matrix,066a5d8d46981b593c3dec855f441edbe9e755a8873183448f69d036a2ecc650,"{""distance"":5,""physical_error_rate"":0.001}","{""detection_events"":15,""detectors_checked"":5780}"
      4640,         0,         0,   0.574,decoder_by_matrix,066a5d8d46981b593c3dec855f441edbe9e755a8873183448f69d036a2ecc650,"{""distance"":5,""physical_error_rate"":0.001}","{""detection_events"":2410,""detectors_checked"":788800}"
       321,         0,         0,   0.071,decoder_by_matrix,066a5d8d46981b593c3dec855f441edbe9e755a8873183448f69d036a2ecc650,"{""distance"":5,""physical_error_rate"":0.001}","{""detection_events"":250,""detectors_checked"":54570}"
      4640,         0,         0,   0.601,decoder_by_matrix,066a5d8d46981b593c3dec855f441edbe9e755a8873183448f69d036a2ecc650,"{""distance"":5,""physical_error_rate"":0.001}","{""detection_events"":2465,""detectors_checked"":788800}"
       330,         0,         0,   0.075,decoder_by_matrix,066a5d8d46981b593c3dec855f441edbe9e755a8873183448f69d036a2ecc650,"{""distance"":5,""physical_error_rate"":0.001}","{""detection_events"":280,""detectors_checked"":56100}"
      4541,         0,         0,   0.500,decoder_by_matrix,066a5d8d46981b593c3dec855f441edbe9e755a8873183448f69d036a2ecc650,"{""distance"":5,""physical_error_rate"":0.001}","{""detection_events"":2575,""detectors_checked"":771970}"
      2478,         0,         0,   0.240,decoder_by_matrix,066a5d8d46981b593c3dec855f441edbe9e755a8873183448f69d036a2ecc650,"{""distance"":5,""physical_error_rate"":0.001}","{""detection_events"":1190,""detectors_checked"":421260}"
      4640,         0,         0,   0.566,decoder_by_matrix,066a5d8d46981b593c3dec855f441edbe9e755a8873183448f69d036a2ecc650,"{""distance"":5,""physical_error_rate"":0.001}","{""detection_events"":2750,""detectors_checked"":788800}"
       909,         0,         0,   0.081,decoder_by_matrix,066a5d8d46981b593c3dec855f441edbe9e755a8873183448f69d036a2ecc650,"{""distance"":5,""physical_error_rate"":0.001}","{""detection_events"":825,""detectors_checked"":154530}"
       330,         0,         0,   0.096,decoder_by_matrix,066a5d8d46981b593c3dec855f441edbe9e755a8873183448f69d036a2ecc650,"{""distance"":5,""physical_error_rate"":0.001}","{""detection_events"":195,""detectors_checked"":56100}"
        88,         0,         0,   0.055,decoder_by_matrix,066a5d8d46981b593c3dec855f441edbe9e755a8873183448f69d036a2ecc650,"{""distance"":5,""physical_error_rate"":0.001}","{""detection_events"":5,""detectors_checked"":14960}"
      4137,         0,         0,   0.496,decoder_by_matrix,066a5d8d46981b593c3dec855f441edbe9e755a8873183448f69d036a2ecc650,"{""distance"":5,""physical_error_rate"":0.001}","{""detection_events"":2455,""detectors_checked"":703290}"
       330,         0,         0,   0.082,decoder_by_matrix,066a5d8d46981b593c3dec855f441edbe9e755a8873183448f69d036a2ecc650,"{""distance"":5,""physical_error_rate"":0.001}","{""detection_events"":130,""detectors_checked"":56100}"
      4541,         0,         0,   0.584,decoder_by_matrix,066a5d8d46981b593c3dec855f441edbe9e755a8873183448f69d036a2ecc650,"{""distance"":5,""physical_error_rate"":0.001}","{""detection_events"":2720,""detectors_checked"":771970}"
        99,         0,         0,   0.082,decoder_by_matrix,066a5d8d46981b593c3dec855f441edbe9e755a8873183448f69d036a2ecc650,"{""distance"":5,""physical_error_rate"":0.001}","{""detection_events"":55,""detectors_checked"":16830}"
       909,         0,         0,   0.096,decoder_by_matrix,066a5d8d46981b593c3dec855f441edbe9e755a8873183448f69d036a2ecc650,"{""distance"":5,""physical_error_rate"":0.001}","{""detection_events"":590,""detectors_checked"":154530}"
      1990,         0,         0,   0.212,decoder_by_matrix,066a5d8d46981b593c3dec855f441edbe9e755a8873183448f69d036a2ecc650,"{""distance"":5,""physical_error_rate"":0.001}","{""detection_events"":1210,""detectors_checked"":338300}"
      3860,         0,         0,   0.331,decoder_by_matrix,066a5d8d46981b593c3dec855f441edbe9e755a8873183448f69d036a2ecc650,"{""distance"":5,""physical_error_rate"":0.001}","{""detection_events"":2225,""detectors_checked"":656200}"
       190,         0,         0,   0.051,decoder_by_matrix,066a5d8d46981b593c3dec855f441edbe9e755a8873183448f69d036a2ecc650,"{""distance"":5,""physical_error_rate"":0.001}","{""detection_events"":150,""detectors_checked"":32300}"
      4447,         0,         0,   0.601,decoder_by_matrix,066a5d8d46981b593c3dec855f441edbe9e755a8873183448f69d036a2ecc650,"{""distance"":5,""physical_error_rate"":0.001}","{""detection_events"":2760,""detectors_checked"":755990}"
       145,         0,         0,   0.053,decoder_by_matrix,066a5d8d46981b593c3dec855f441edbe9e755a8873183448f69d036a2ecc650,"{""distance"":5,""physical_error_rate"":0.001}","{""detection_events"":55,""detectors_checked"":24650}"
       330,         0,         0,   0.108,decoder_by_matrix,066a5d8d46981b593c3dec855f441edbe9e755a8873183448f69d036a2ecc650,"{""distance"":5,""physical_error_rate"":0.001}","{""detection_events"":125,""detectors_checked"":56100}"
       810,         0,         0,   0.032,decoder_by_matrix,066a5d8d46981b593c3dec855f441edbe9e755a8873183448f69d036a2ecc650,"{""distance"":5,""physical_error_rate"":0.001}","{""detection_events"":430,""detectors_checked"":137700}"
       330,         0,         0,   0.087,decoder_by_matrix,066a5d8d46981b593c3dec855f441edbe9e755a8873183448f69d036a2ecc650,"{""distance"":5,""physical_error_rate"":0.001}","{""detection_events"":120,""detectors_checked"":56100}"
       162,         0,         0,   0.035,decoder_by_matrix,066a5d8d46981b593c3dec855f441edbe9e755a8873183448f69d036a2ecc650,"{""distance"":5,""physical_error_rate"":0.001}","{""detection_events"":160,""detectors_checked"":27540}"
       330,         0,         0,   0.109,decoder_by_matrix,066a5d8d46981b593c3dec855f441edbe9e755a8873183448f69d036a2ecc650,"{""distance"":5,""physical_error_rate"":0.001}","{""detection_events"":125,""detectors_checked"":56100}"
      4333,         0,         0,   0.483,decoder_by_matrix,066a5d8d46981b593c3dec855f441edbe9e755a8873183448f69d036a2ecc650,"{""distance"":5,""physical_error_rate"":0.001}","{""detection_events"":2755,""detectors_checked"":736610}"
      4447,         0,         0,   0.618,decoder_by_matrix,066a5d8d46981b593c3dec855f441edbe9e755a8873183448f69d036a2ecc650,"{""distance"":5,""physical_error_rate"":0.001}","{""detection_events"":2210,""detectors_checked"":755990}"
      1194,         0,         0,   0.089,decoder_by_matrix,066a5d8d46981b593c3dec855f441edbe9e755a8873183448f69d036a2ecc650,"{""distance"":5,""physical_error_rate"":0.001}","{""detection_events"":730,""detectors_checked"":202980}"
      5260,         0,         0,   0.719,decoder_by_matrix,066a5d8d46981b593c3dec855f441edbe9e755a8873183448f69d036a2ecc650,"{""distance"":5,""physical_error_rate"":0.001}","{""detection_events"":2750,""detectors_checked"":894200}"
       516,         0,         0,   0.042,decoder_by_matrix,066a5d8d46981b593c3dec855f441edbe9e755a8873183448f69d036a2ecc650,"{""distance"":5,""physical_error_rate"":0.001}","{""detection_events"":200,""detectors_checked"":87720}"
      3072,         0,         0,   0.300,decoder_by_matrix,066a5d8d46981b593c3dec855f441edbe9e755a8873183448f69d036a2ecc650,"{""distance"":5,""physical_error_rate"":0.001}","{""detection_events"":1805,""detectors_checked"":522240}"
        57,         0,         0,   0.036,decoder_by_matrix,066a5d8d46981b593c3dec855f441edbe9e755a8873183448f69d036a2ecc650,"{""distance"":5,""physical_error_rate"":0.001}","{""detection_events"":30,""detectors_checked"":9690}"
        88,         0,         0,   0.100,decoder_by_matrix,066a5d8d46981b593c3dec855f441edbe9e755a8873183448f69d036a2ecc650,"{""distance"":5,""physical_error_rate"":0.001}","{""detection_events"":90,""detectors_checked"":14960}"
       544,         0,         0,   0.034,decoder_by_matrix,066a5d8d46981b593c3dec855f441edbe9e755a8873183448f69d036a2ecc650,"{""distance"":5,""physical_error_rate"":0.001}","{""detection_events"":335,""detectors_checked"":92480}"
      2825,         0,         0,   0.236,decoder_by_matrix,066a5d8d46981b593c3dec855f441edbe9e755a8873183448f69d036a2ecc650,"{""distance"":5,""physical_error_rate"":0.001}","{""detection_events"":1810,""detectors_checked"":480250}"
      2392,         0,         0,   0.229,decoder_by_matrix,066a5d8d46981b593c3dec855f441edbe9e755a8873183448f69d036a2ecc650,"{""distance"":5,""physical_error_rate"":0.001}","{""detection_events"":1345,""detectors_checked"":406640}"
       810,         0,         0,   0.121,decoder_by_matrix,066a5d8d46981b593c3dec855f441edbe9e755a8873183448f69d036a2ecc650,"{""distance"":5,""physical_error_rate"":0.001}","{""detection_events"":505,""detectors_checked"":137700}"
       206,         0,         0,   0.064,decoder_by_matrix,066a5d8d46981b593c3dec855f441edbe9e755a8873183448f69d036a2ecc650,"{""distance"":5,""physical_error_rate"":0.001}","{""detection_events"":30,""detectors_checked"":35020}"
        78,         0,         0,   0.046,decoder_by_matrix,066a5d8d46981b593c3dec855f441edbe9e755a8873183448f69d036a2ecc650,"{""distance"":5,""physical_error_rate"":0.001}","{""detection_events"":35,""detectors_checked"":13260}"
        79,         0,         0,   0.061,decoder_by_matrix,066a5d8d46981b593c3dec855f441edbe9e755a8873183448f69d036a2ecc650,"{""distance"":5,""physical_error_rate"":0.001}","{""detection_events"":40,""detectors_checked"":13430}"
      2564,         0,         0,   0.297,decoder_by_matrix,066a5d8d46981b593c3dec855f441edbe9e755a8873183448f69d036a2ecc650,"{""distance"":5,""physical_error_rate"":0.001}","{""detection_events"":945,""detectors_checked"":435880}"
       184,         0,         0,   0.023,decoder_by_matrix,066a5d8d46981b593c3dec855f441edbe9e755a8873183448f69d036a2ecc650,"{""distance"":5,""physical_error_rate"":0.001}","{""detection_events"":85,""detectors_checked"":31280}"
         5,         0,         0,   0.024,decoder_by_matrix,066a5d8d46981b593c3dec855f441edbe9e755a8873183448f69d036a2ecc650,"{""distance"":5,""physical_error_rate"":0.001}","{""detectors_checked"":850}"
       254,         0,         0,   0.025,decoder_by_matrix,066a5d8d46981b593c3dec855f441edbe9e755a8873183448f69d036a2ecc650,"{""distance"":5,""physical_error_rate"":0.001}","{""detection_events"":165,""detectors_checked"":43180}"
       254,         0,         0,   0.026,decoder_by_matrix,066a5d8d46981b593c3dec855f441edbe9e755a8873183448f69d036a2ecc650,"{""distance"":5,""physical_error_rate"":0.001}","{""detection_events"":285,""detectors_checked"":43180}"
         2,         0,         0,   0.026,decoder_by_matrix,066a5d8d46981b593c3dec855f441edbe9e755a8873183448f69d036a2ecc650,"{""distance"":5,""physical_error_rate"":0.001}","{""detection_events"":30,""detectors_checked"":340}"
       254,         0,         0,   0.031,decoder_by_matrix,066a5d8d46981b593c3dec855f441edbe9e755a8873183448f69d036a2ecc650,"{""distance"":5,""physical_error_rate"":0.001}","{""detection_events"":105,""detectors_checked"":43180}"
         2,         0,         0,   0.025,decoder_by_matrix,066a5d8d46981b593c3dec855f441edbe9e755a8873183448f69d036a2ecc650,"{""distance"":5,""physical_error_rate"":0.001}","{""detectors_checked"":340}"
       254,         0,         0,   0.034,decoder_by_matrix,066a5d8d46981b593c3dec855f441edbe9e755a8873183448f69d036a2ecc650,"{""distance"":5,""physical_error_rate"":0.001}","{""detection_events"":90,""detectors_checked"":43180}"
       254,         0,         0,   0.030,decoder_by_matrix,066a5d8d46981b593c3dec855f441edbe9e755a8873183448f69d036a2ecc650,"{""distance"":5,""physical_error_rate"":0.001}","{""detection_events"":80,""detectors_checked"":43180}"
         2,         0,         0,   0.025,decoder_by_matrix,066a5d8d46981b593c3dec855f441edbe9e755a8873183448f69d036a2ecc650,"{""distance"":5,""physical_error_rate"":0.001}","{""detectors_checked"":340}"
         2,         0,         0,   0.025,decoder_by_matrix,066a5d8d46981b593c3dec855f441edbe9e755a8873183448f69d036a2ecc650,"{""distance"":5,""physical_error_rate"":0.001}","{""detectors_checked"":340}"
         2,         0,         0,   0.027,decoder_by_matrix,066a5d8d46981b593c3dec855f441edbe9e755a8873183448f69d036a2ecc650,"{""distance"":5,""physical_error_rate"":0.001}","{""detectors_checked"":340}"
      1148,         0,         0,   0.139,decoder_by_matrix,066a5d8d46981b593c3dec855f441edbe9e755a8873183448f69d036a2ecc650,"{""distance"":5,""physical_error_rate"":0.001}","{""detection_events"":715,""detectors_checked"":195160}"
        41,         0,         0,   0.016,decoder_by_matrix,066a5d8d46981b593c3dec855f441edbe9e755a8873183448f69d036a2ecc650,"{""distance"":5,""physical_error_rate"":0.001}","{""detection_events"":35,""detectors_checked"":6970}"
