     shots,    errors,  discards, seconds,decoder,strong_id,json_metadata,custom_counts
      1297,         0,         0,   0.032,exact_mw,bb90ec3459e353008cf9a5bb9142bf1e8515517a9e167021b225104594e48e8a,"{""distance"":5,""physical_error_rate"":0.001}","{""detection_events"":1162,""detectors_checked"":290528}"
      1024,         0,         0,   0.026,exact_mw,bb90ec3459e353008cf9a5bb9142bf1e8515517a9e167021b225104594e48e8a,"{""distance"":5,""physical_error_rate"":0.001}","{""detection_events"":921,""detectors_checked"":229376}"
      2048,         1,         0,   0.038,exact_mw,bb90ec3459e353008cf9a5bb9142bf1e8515517a9e167021b225104594e48e8a,"{""distance"":5,""physical_error_rate"":0.001}","{""detection_events"":1905,""detectors_checked"":458752,""obs_mistake_mask=E"":1}"
      1024,         0,         0,   0.037,exact_mw,bb90ec3459e353008cf9a5bb9142bf1e8515517a9e167021b225104594e48e8a,"{""distance"":5,""physical_error_rate"":0.001}","{""detection_events"":957,""detectors_checked"":229376}"
      2048,         0,         0,   0.058,exact_mw,bb90ec3459e353008cf9a5bb9142bf1e8515517a9e167021b225104594e48e8a,"{""distance"":5,""physical_error_rate"":0.001}","{""detection_events"":2006,""detectors_checked"":458752}"
       273,         0,         0,   0.026,exact_mw,3208f56225bbcac0e2804eb6f92d0a8b681652a702ca1ec920ccd7367f0e0899,"{""distance"":5,""physical_error_rate"":0.002}","{""detection_events"":622,""detectors_checked"":61152}"
      2048,         0,         0,   0.059,exact_mw,bb90ec3459e353008cf9a5bb9142bf1e8515517a9e167021b225104594e48e8a,"{""distance"":5,""physical_error_rate"":0.001}","{""detection_events"":1979,""detectors_checked"":458752}"
      1024,         0,         0,   0.127,exact_mw,3208f56225bbcac0e2804eb6f92d0a8b681652a702ca1ec920ccd7367f0e0899,"{""distance"":5,""physical_error_rate"":0.002}","{""detection_events"":2026,""detectors_checked"":229376}"
      3072,         0,         0,   0.078,exact_mw,bb90ec3459e353008cf9a5bb9142bf1e8515517a9e167021b225104594e48e8a,"{""distance"":5,""physical_error_rate"":0.001}","{""detection_events"":3054,""detectors_checked"":688128}"
      2321,         0,         0,   0.010,exact_mw,cdc4a450a40af8e24899239080e4c40992fb5baf91c5a31ab3a165eacb3a1ab3,"{""distance"":5,""physical_error_rate"":0.0002}","{""detection_events"":384,""detectors_checked"":519904}"
      1024,         0,         0,   0.073,exact_mw,3208f56225bbcac0e2804eb6f92d0a8b681652a702ca1ec920ccd7367f0e0899,"{""distance"":5,""physical_error_rate"":0.002}","{""detection_events"":2083,""detectors_checked"":229376}"
      1024,         0,         0,   0.004,exact_mw,cdc4a450a40af8e24899239080e4c40992fb5baf91c5a31ab3a165eacb3a1ab3,"{""distance"":5,""physical_error_rate"":0.0002}","{""detection_events"":200,""detectors_checked"":229376}"
         1,         0,         0,   0.012,exact_mw,70a969f5042aec17ac076c6379f4170fb7c69b8e925756ef3b7334e28a33338b,"{""distance"":5,""physical_error_rate"":0.0001}","{""detectors_checked"":224}"
      6144,         0,         0,   0.024,exact_mw,cdc4a450a40af8e24899239080e4c40992fb5baf91c5a31ab3a165eacb3a1ab3,"{""distance"":5,""physical_error_rate"":0.0002}","{""detection_events"":1171,""detectors_checked"":1376256}"
      3344,         0,         0,   0.021,exact_mw,70a969f5042aec17ac076c6379f4170fb7c69b8e925756ef3b7334e28a33338b,"{""distance"":5,""physical_error_rate"":0.0001}","{""detection_events"":294,""detectors_checked"":749056}"
         1,         0,         0,   0.015,exact_mw,72230d8c06b5a71069df48ede6f7f3e6128cd83e8239dd1b2e5fe023578b6eb1,"{""distance"":5,""physical_error_rate"":0.01}","{""detection_events"":7,""detectors_checked"":224}"
      7168,         0,         0,   0.028,exact_mw,cdc4a450a40af8e24899239080e4c40992fb5baf91c5a31ab3a165eacb3a1ab3,"{""distance"":5,""physical_error_rate"":0.0002}","{""detection_events"":1378,""detectors_checked"":1605632}"
      2048,         0,         0,   0.022,exact_mw,70a969f5042aec17ac076c6379f4170fb7c69b8e925756ef3b7334e28a33338b,"{""distance"":5,""physical_error_rate"":0.0001}","{""detection_events"":168,""detectors_checked"":458752}"
      1024,         0,         0,   0.067,exact_mw,3208f56225bbcac0e2804eb6f92d0a8b681652a702ca1ec920ccd7367f0e0899,"{""distance"":5,""physical_error_rate"":0.002}","{""detection_events"":2103,""detectors_checked"":229376}"
      4096,         0,         0,   0.115,exact_mw,bb90ec3459e353008cf9a5bb9142bf1e8515517a9e167021b225104594e48e8a,"{""distance"":5,""physical_error_rate"":0.001}","{""detection_events"":4121,""detectors_checked"":917504}"
      4096,         0,         0,   0.028,exact_mw,70a969f5042aec17ac076c6379f4170fb7c69b8e925756ef3b7334e28a33338b,"{""distance"":5,""physical_error_rate"":0.0001}","{""detection_events"":326,""detectors_checked"":917504}"
     10240,         0,         0,   0.039,exact_mw,cdc4a450a40af8e24899239080e4c40992fb5baf91c5a31ab3a165eacb3a1ab3,"{""distance"":5,""physical_error_rate"":0.0002}","{""detection_events"":2037,""detectors_checked"":2293760}"
        16,         0,         0,   0.049,exact_mw,72230d8c06b5a71069df48ede6f7f3e6128cd83e8239dd1b2e5fe023578b6eb1,"{""distance"":5,""physical_error_rate"":0.01}","{""detection_events"":147,""detectors_checked"":3584}"
      6144,         0,         0,   0.049,exact_mw,70a969f5042aec17ac076c6379f4170fb7c69b8e925756ef3b7334e28a33338b,"{""distance"":5,""physical_error_rate"":0.0001}","{""detection_events"":632,""detectors_checked"":1376256}"
      1024,         0,         0,   0.074,exact_mw,3208f56225bbcac0e2804eb6f92d0a8b681652a702ca1ec920ccd7367f0e0899,"{""distance"":5,""physical_error_rate"":0.002}","{""detection_events"":2034,""detectors_checked"":229376}"
     14336,         0,         0,   0.054,exact_mw,cdc4a450a40af8e24899239080e4c40992fb5baf91c5a31ab3a165eacb3a1ab3,"{""distance"":5,""physical_error_rate"":0.0002}","{""detection_events"":2855,""detectors_checked"":3211264}"
        17,         0,         0,   0.010,exact_mw,38b7ae1c4e8407fc325e0d9e43e9f92ff26dcb3f5cf7b98d24ea74c9e5188d39,"{""distance"":5,""physical_error_rate"":0.005}","{""detection_events"":92,""detectors_checked"":3808}"
      8192,         0,         0,   0.056,exact_mw,70a969f5042aec17ac076c6379f4170fb7c69b8e925756ef3b7334e28a33338b,"{""distance"":5,""physical_error_rate"":0.0001}","{""detection_events"":765,""detectors_checked"":1835008}"
      1024,         0,         0,   0.062,exact_mw,3208f56225bbcac0e2804eb6f92d0a8b681652a702ca1ec920ccd7367f0e0899,"{""distance"":5,""physical_error_rate"":0.002}","{""detection_events"":1843,""detectors_checked"":229376}"
         1,         0,         0,   0.006,exact_mw,7b4896c0e7f0a510554d89637fd747b157418067a95869d1f0661294d473d1dc,"{""distance"":5,""physical_error_rate"":0.02}","{""detection_events"":16,""detectors_checked"":224}"
     20480,         0,         0,   0.076,exact_mw,cdc4a450a40af8e24899239080e4c40992fb5baf91c5a31ab3a165eacb3a1ab3,"{""distance"":5,""physical_error_rate"":0.0002}","{""detection_events"":4018,""detectors_checked"":4587520}"
      5120,         0,         0,   0.165,exact_mw,bb90ec3459e353008cf9a5bb9142bf1e8515517a9e167021b225104594e48e8a,"{""distance"":5,""physical_error_rate"":0.001}","{""detection_events"":5231,""detectors_checked"":1146880}"
      2321,         0,         0,   0.012,exact_mw,cb12ae119b9b2ba18d0216e7235b403229e92fd0743ede48fe7f1a2c6f45d594,"{""distance"":5,""physical_error_rate"":0.0005}","{""detection_events"":1070,""detectors_checked"":519904}"
     11264,         0,         0,   0.081,exact_mw,70a969f5042aec17ac076c6379f4170fb7c69b8e925756ef3b7334e28a33338b,"{""distance"":5,""physical_error_rate"":0.0001}","{""detection_events"":1115,""detectors_checked"":2523136}"
      2048,         0,         0,   0.017,exact_mw,cb12ae119b9b2ba18d0216e7235b403229e92fd0743ede48fe7f1a2c6f45d594,"{""distance"":5,""physical_error_rate"":0.0005}","{""detection_events"":1028,""detectors_checked"":458752}"
      2048,         0,         0,   0.024,exact_mw,cb12ae119b9b2ba18d0216e7235b403229e92fd0743ede48fe7f1a2c6f45d594,"{""distance"":5,""physical_error_rate"":0.0005}","{""detection_events"":996,""detectors_checked"":458752}"
         1,         0,         0,   0.019,exact_mw,7b4896c0e7f0a510554d89637fd747b157418067a95869d1f0661294d473d1dc,"{""distance"":5,""physical_error_rate"":0.02}","{""detection_events"":21,""detectors_checked"":224}"
        16,         2,         0,   0.108,exact_mw,7b4896c0e7f0a510554d89637fd747b157418067a95869d1f0661294d473d1dc,"{""distance"":5,""physical_error_rate"":0.02}","{""detection_events"":283,""detectors_checked"":3584,""obs_mistake_mask=E"":2}"
     27648,         0,         0,   0.106,exact_mw,cdc4a450a40af8e24899239080e4c40992fb5baf91c5a31ab3a165eacb3a1ab3,"{""distance"":5,""physical_error_rate"":0.0002}","{""detection_events"":5536,""detectors_checked"":6193152}"
         1,         0,         0,   0.017,exact_mw,72230d8c06b5a71069df48ede6f7f3e6128cd83e8239dd1b2e5fe023578b6eb1,"{""distance"":5,""physical_error_rate"":0.01}","{""detection_events"":11,""detectors_checked"":224}"
      2048,         0,         0,   0.127,exact_mw,3208f56225bbcac0e2804eb6f92d0a8b681652a702ca1ec920ccd7367f0e0899,"{""distance"":5,""physical_error_rate"":0.002}","{""detection_events"":3974,""detectors_checked"":458752}"
      3072,         0,         0,   0.027,exact_mw,cb12ae119b9b2ba18d0216e7235b403229e92fd0743ede48fe7f1a2c6f45d594,"{""distance"":5,""physical_error_rate"":0.0005}","{""detection_events"":1482,""detectors_checked"":688128}"
      3072,         0,         0,   0.027,exact_mw,cb12ae119b9b2ba18d0216e7235b403229e92fd0743ede48fe7f1a2c6f45d594,"{""distance"":5,""physical_error_rate"":0.0005}","{""detection_events"":1494,""detectors_checked"":688128}"
      2321,         0,         0,   0.010,exact_mw,f32ebecd8e105e50ec838d33c5ed9b45444b6b44a3c6ac541111079f2b14e893,"{""distance"":5,""physical_error_rate"":5e-05}","{""detection_events"":87,""detectors_checked"":519904}"
     14336,         0,         0,   0.105,exact_mw,70a969f5042aec17ac076c6379f4170fb7c69b8e925756ef3b7334e28a33338b,"{""distance"":5,""physical_error_rate"":0.0001}","{""detection_events"":1483,""detectors_checked"":3211264}"
        16,         0,         0,   0.080,exact_mw,7b4896c0e7f0a510554d89637fd747b157418067a95869d1f0661294d473d1dc,"{""distance"":5,""physical_error_rate"":0.02}","{""detection_events"":276,""detectors_checked"":3584}"
      1024,         0,         0,   0.020,exact_mw,f32ebecd8e105e50ec838d33c5ed9b45444b6b44a3c6ac541111079f2b14e893,"{""distance"":5,""physical_error_rate"":5e-05}","{""detection_events"":51,""detectors_checked"":229376}"
        16,         0,         0,   0.063,exact_mw,72230d8c06b5a71069df48ede6f7f3e6128cd83e8239dd1b2e5fe023578b6eb1,"{""distance"":5,""physical_error_rate"":0.01}","{""detection_events"":169,""detectors_checked"":3584}"
      4096,         0,         0,   0.028,exact_mw,f32ebecd8e105e50ec838d33c5ed9b45444b6b44a3c6ac541111079f2b14e893,"{""distance"":5,""physical_error_rate"":5e-05}","{""detection_events"":229,""detectors_checked"":917504}"
      6144,         0,         0,   0.056,exact_mw,cb12ae119b9b2ba18d0216e7235b403229e92fd0743ede48fe7f1a2c6f45d594,"{""distance"":5,""physical_error_rate"":0.0005}","{""detection_events"":3019,""detectors_checked"":1376256}"
       256,         0,         0,   0.249,exact_mw,38b7ae1c4e8407fc325e0d9e43e9f92ff26dcb3f5cf7b98d24ea74c9e5188d39,"{""distance"":5,""physical_error_rate"":0.005}","{""detection_events"":1279,""detectors_checked"":57344}"
      4096,         0,         0,   0.028,exact_mw,f32ebecd8e105e50ec838d33c5ed9b45444b6b44a3c6ac541111079f2b14e893,"{""distance"":5,""physical_error_rate"":5e-05}","{""detection_events"":167,""detectors_checked"":917504}"
      1024,         1,         0,   0.116,exact_mw,3208f56225bbcac0e2804eb6f92d0a8b681652a702ca1ec920ccd7367f0e0899,"{""distance"":5,""physical_error_rate"":0.002}","{""detection_events"":2084,""detectors_checked"":229376,""obs_mistake_mask=E"":1}"
      8192,         0,         0,   0.230,exact_mw,bb90ec3459e353008cf9a5bb9142bf1e8515517a9e167021b225104594e48e8a,"{""distance"":5,""physical_error_rate"":0.001}","{""detection_events"":8067,""detectors_checked"":1835008}"
     39936,         0,         0,   0.148,exact_mw,cdc4a450a40af8e24899239080e4c40992fb5baf91c5a31ab3a165eacb3a1ab3,"{""distance"":5,""physical_error_rate"":0.0002}","{""detection_events"":7826,""detectors_checked"":8945664}"
      6144,         0,         0,   0.049,exact_mw,f32ebecd8e105e50ec838d33c5ed9b45444b6b44a3c6ac541111079f2b14e893,"{""distance"":5,""physical_error_rate"":5e-05}","{""detection_events"":321,""detectors_checked"":1376256}"
      8192,         0,         0,   0.078,exact_mw,cb12ae119b9b2ba18d0216e7235b403229e92fd0743ede48fe7f1a2c6f45d594,"{""distance"":5,""physical_error_rate"":0.0005}","{""detection_events"":4043,""detectors_checked"":1835008}"
        17,         9,         0,   0.158,exact_mw,7def73f725f8347dc4de7c57664b66d91778cc6018e33f45b3defe89c7a0cfc0,"{""distance"":5,""physical_error_rate"":0.1}","{""detection_events"":1113,""detectors_checked"":3808,""obs_mistake_mask=E"":9}"
     20480,         0,         0,   0.153,exact_mw,70a969f5042aec17ac076c6379f4170fb7c69b8e925756ef3b7334e28a33338b,"{""distance"":5,""physical_error_rate"":0.0001}","{""detection_events"":1954,""detectors_checked"":4587520}"
      9216,         0,         0,   0.066,exact_mw,f32ebecd8e105e50ec838d33c5ed9b45444b6b44a3c6ac541111079f2b14e893,"{""distance"":5,""physical_error_rate"":5e-05}","{""detection_events"":436,""detectors_checked"":2064384}"
       128,         1,         0,   0.491,exact_mw,72230d8c06b5a71069df48ede6f7f3e6128cd83e8239dd1b2e5fe023578b6eb1,"{""distance"":5,""physical_error_rate"":0.01}","{""detection_events"":1194,""detectors_checked"":28672,""obs_mistake_mask=E"":1}"
     12288,         0,         0,   0.110,exact_mw,cb12ae119b9b2ba18d0216e7235b403229e92fd0743ede48fe7f1a2c6f45d594,"{""distance"":5,""physical_error_rate"":0.0005}","{""detection_events"":5946,""detectors_checked"":2752512}"
      2048,         0,         0,   0.192,exact_mw,3208f56225bbcac0e2804eb6f92d0a8b681652a702ca1ec920ccd7367f0e0899,"{""distance"":5,""physical_error_rate"":0.002}","{""detection_events"":4162,""detectors_checked"":458752}"
      7168,         0,         0,   0.081,exact_mw,f32ebecd8e105e50ec838d33c5ed9b45444b6b44a3c6ac541111079f2b14e893,"{""distance"":5,""physical_error_rate"":5e-05}","{""detection_events"":362,""detectors_checked"":1605632}"
         1,         1,         0,   0.019,exact_mw,14059eecea5f7bdc562c01e7682d53b775a747f80d40379178915ac673e3b6bb,"{""distance"":5,""physical_error_rate"":0.5}","{""detection_events"":100,""detectors_checked"":224,""obs_mistake_mask=E"":1}"
         1,         0,         0,   0.019,exact_mw,d68317bf2f4c69d73359111c5597779a07d8ed85f1f94573f1c8a2f6c683850d,"{""distance"":5,""physical_error_rate"":0.2}","{""detection_events"":82,""detectors_checked"":224}"
     50176,         0,         0,   0.220,exact_mw,cdc4a450a40af8e24899239080e4c40992fb5baf91c5a31ab3a165eacb3a1ab3,"{""distance"":5,""physical_error_rate"":0.0002}","{""detection_events"":9858,""detectors_checked"":11239424}"
        64,         0,         0,   0.402,exact_mw,7b4896c0e7f0a510554d89637fd747b157418067a95869d1f0661294d473d1dc,"{""distance"":5,""physical_error_rate"":0.02}","{""detection_events"":1117,""detectors_checked"":14336}"
     27648,         0,         0,   0.205,exact_mw,70a969f5042aec17ac076c6379f4170fb7c69b8e925756ef3b7334e28a33338b,"{""distance"":5,""physical_error_rate"":0.0001}","{""detection_events"":2840,""detectors_checked"":6193152}"
     10240,         0,         0,   0.294,exact_mw,bb90ec3459e353008cf9a5bb9142bf1e8515517a9e167021b225104594e48e8a,"{""distance"":5,""physical_error_rate"":0.001}","{""detection_events"":9795,""detectors_checked"":2293760}"
     13312,         0,         0,   0.106,exact_mw,f32ebecd8e105e50ec838d33c5ed9b45444b6b44a3c6ac541111079f2b14e893,"{""distance"":5,""physical_error_rate"":5e-05}","{""detection_events"":637,""detectors_checked"":2981888}"
     13312,         0,         0,   0.149,exact_mw,cb12ae119b9b2ba18d0216e7235b403229e92fd0743ede48fe7f1a2c6f45d594,"{""distance"":5,""physical_error_rate"":0.0005}","{""detection_events"":6478,""detectors_checked"":2981888}"
         1,         0,         0,   0.011,exact_mw,cb12ae119b9b2ba18d0216e7235b403229e92fd0743ede48fe7f1a2c6f45d594,"{""distance"":5,""physical_error_rate"":0.0005}","{""detectors_checked"":224}"
      2320,         0,         0,   0.021,exact_mw,cb12ae119b9b2ba18d0216e7235b403229e92fd0743ede48fe7f1a2c6f45d594,"{""distance"":5,""physical_error_rate"":0.0005}","{""detection_events"":1174,""detectors_checked"":519680}"
        16,         6,         0,   0.170,exact_mw,14059eecea5f7bdc562c01e7682d53b775a747f80d40379178915ac673e3b6bb,"{""distance"":5,""physical_error_rate"":0.5}","{""detection_events"":1819,""detectors_checked"":3584,""obs_mistake_mask=E"":6}"
      2048,         0,         0,   0.023,exact_mw,cb12ae119b9b2ba18d0216e7235b403229e92fd0743ede48fe7f1a2c6f45d594,"{""distance"":5,""physical_error_rate"":0.0005}","{""detection_events"":1047,""detectors_checked"":458752}"
       128,         1,         0,   0.470,exact_mw,72230d8c06b5a71069df48ede6f7f3e6128cd83e8239dd1b2e5fe023578b6eb1,"{""distance"":5,""physical_error_rate"":0.01}","{""detection_events"":1152,""detectors_checked"":28672,""obs_mistake_mask=E"":1}"
      3072,         0,         0,   0.030,exact_mw,cb12ae119b9b2ba18d0216e7235b403229e92fd0743ede48fe7f1a2c6f45d594,"{""distance"":5,""physical_error_rate"":0.0005}","{""detection_events"":1497,""detectors_checked"":688128}"
        64,         2,         0,   0.512,exact_mw,7b4896c0e7f0a510554d89637fd747b157418067a95869d1f0661294d473d1dc,"{""distance"":5,""physical_error_rate"":0.02}","{""detection_events"":1175,""detectors_checked"":14336,""obs_mistake_mask=E"":2}"
        16,         9,         0,   0.194,exact_mw,d68317bf2f4c69d73359111c5597779a07d8ed85f1f94573f1c8a2f6c683850d,"{""distance"":5,""physical_error_rate"":0.2}","{""detection_events"":1394,""detectors_checked"":3584,""obs_mistake_mask=E"":9}"
        32,        19,         0,   0.379,exact_mw,7def73f725f8347dc4de7c57664b66d91778cc6018e33f45b3defe89c7a0cfc0,"{""distance"":5,""physical_error_rate"":0.1}","{""detection_events"":2001,""detectors_checked"":7168,""obs_mistake_mask=E"":19}"
         1,         0,         0,   0.011,exact_mw,bb90ec3459e353008cf9a5bb9142bf1e8515517a9e167021b225104594e48e8a,"{""distance"":5,""physical_error_rate"":0.001}","{""detectors_checked"":224}"
      3072,         0,         0,   0.033,exact_mw,cb12ae119b9b2ba18d0216e7235b403229e92fd0743ede48fe7f1a2c6f45d594,"{""distance"":5,""physical_error_rate"":0.0005}","{""detection_events"":1543,""detectors_checked"":688128}"
     21504,         0,         0,   0.158,exact_mw,f32ebecd8e105e50ec838d33c5ed9b45444b6b44a3c6ac541111079f2b14e893,"{""distance"":5,""physical_error_rate"":5e-05}","{""detection_events"":1107,""detectors_checked"":4816896}"
         1,         0,         0,   0.006,exact_mw,72230d8c06b5a71069df48ede6f7f3e6128cd83e8239dd1b2e5fe023578b6eb1,"{""distance"":5,""physical_error_rate"":0.01}","{""detection_events"":17,""detectors_checked"":224}"
      1296,         0,         0,   0.024,exact_mw,bb90ec3459e353008cf9a5bb9142bf1e8515517a9e167021b225104594e48e8a,"{""distance"":5,""physical_error_rate"":0.001}","{""detection_events"":1336,""detectors_checked"":290304}"
         1,         1,         0,   0.007,exact_mw,14059eecea5f7bdc562c01e7682d53b775a747f80d40379178915ac673e3b6bb,"{""distance"":5,""physical_error_rate"":0.5}","{""detection_events"":101,""detectors_checked"":224,""obs_mistake_mask=E"":1}"
         1,         0,         0,   0.018,exact_mw,7fd11737ba5953e5998cf5d5ab7672462ce2ff07a9ab0f8628176a3f70e7a095,"{""distance"":5,""physical_error_rate"":0.05}","{""detection_events"":34,""detectors_checked"":224}"
      1024,         0,         0,   0.022,exact_mw,bb90ec3459e353008cf9a5bb9142bf1e8515517a9e167021b225104594e48e8a,"{""distance"":5,""physical_error_rate"":0.001}","{""detection_events"":974,""detectors_checked"":229376}"
       512,         0,         0,   0.540,exact_mw,38b7ae1c4e8407fc325e0d9e43e9f92ff26dcb3f5cf7b98d24ea74c9e5188d39,"{""distance"":5,""physical_error_rate"":0.005}","{""detection_events"":2641,""detectors_checked"":114688}"
      4096,         0,         0,   0.323,exact_mw,3208f56225bbcac0e2804eb6f92d0a8b681652a702ca1ec920ccd7367f0e0899,"{""distance"":5,""physical_error_rate"":0.002}","{""detection_events"":7957,""detectors_checked"":917504}"
      4096,         0,         0,   0.054,exact_mw,cb12ae119b9b2ba18d0216e7235b403229e92fd0743ede48fe7f1a2c6f45d594,"{""distance"":5,""physical_error_rate"":0.0005}","{""detection_events"":1985,""detectors_checked"":917504}"
     22528,         0,         0,   0.208,exact_mw,cb12ae119b9b2ba18d0216e7235b403229e92fd0743ede48fe7f1a2c6f45d594,"{""distance"":5,""physical_error_rate"":0.0005}","{""detection_events"":11098,""detectors_checked"":5046272}"
         1,         0,         0,   0.013,exact_mw,3208f56225bbcac0e2804eb6f92d0a8b681652a702ca1ec920ccd7367f0e0899,"{""distance"":5,""physical_error_rate"":0.002}","{""detectors_checked"":224}"
        16,         0,         0,   0.054,exact_mw,72230d8c06b5a71069df48ede6f7f3e6128cd83e8239dd1b2e5fe023578b6eb1,"{""distance"":5,""physical_error_rate"":0.01}","{""detection_events"":129,""detectors_checked"":3584}"
     58368,         0,         0,   0.274,exact_mw,cdc4a450a40af8e24899239080e4c40992fb5baf91c5a31ab3a165eacb3a1ab3,"{""distance"":5,""physical_error_rate"":0.0002}","{""detection_events"":11314,""detectors_checked"":13074432}"
      1024,         0,         0,   0.036,exact_mw,bb90ec3459e353008cf9a5bb9142bf1e8515517a9e167021b225104594e48e8a,"{""distance"":5,""physical_error_rate"":0.001}","{""detection_events"":965,""detectors_checked"":229376}"
       272,         0,         0,   0.024,exact_mw,3208f56225bbcac0e2804eb6f92d0a8b681652a702ca1ec920ccd7367f0e0899,"{""distance"":5,""physical_error_rate"":0.002}","{""detection_events"":586,""detectors_checked"":60928}"
        17,         0,         0,   0.035,exact_mw,38b7ae1c4e8407fc325e0d9e43e9f92ff26dcb3f5cf7b98d24ea74c9e5188d39,"{""distance"":5,""physical_error_rate"":0.005}","{""detection_events"":80,""detectors_checked"":3808}"
         1,         0,         0,   0.010,exact_mw,38b7ae1c4e8407fc325e0d9e43e9f92ff26dcb3f5cf7b98d24ea74c9e5188d39,"{""distance"":5,""physical_error_rate"":0.005}","{""detection_events"":6,""detectors_checked"":224}"
     40960,         0,         0,   0.302,exact_mw,70a969f5042aec17ac076c6379f4170fb7c69b8e925756ef3b7334e28a33338b,"{""distance"":5,""physical_error_rate"":0.0001}","{""detection_events"":3935,""detectors_checked"":9175040}"
         1,         0,         0,   0.010,exact_mw,f32ebecd8e105e50ec838d33c5ed9b45444b6b44a3c6ac541111079f2b14e893,"{""distance"":5,""physical_error_rate"":5e-05}","{""detectors_checked"":224}"
     10240,         0,         0,   0.079,exact_mw,cb12ae119b9b2ba18d0216e7235b403229e92fd0743ede48fe7f1a2c6f45d594,"{""distance"":5,""physical_error_rate"":0.0005}","{""detection_events"":4724,""detectors_checked"":2293760}"
       128,         0,         0,   0.479,exact_mw,72230d8c06b5a71069df48ede6f7f3e6128cd83e8239dd1b2e5fe023578b6eb1,"{""distance"":5,""physical_error_rate"":0.01}","{""detection_events"":1234,""detectors_checked"":28672}"
      4368,         0,         0,   0.018,exact_mw,f32ebecd8e105e50ec838d33c5ed9b45444b6b44a3c6ac541111079f2b14e893,"{""distance"":5,""physical_error_rate"":5e-05}","{""detection_events"":221,""detectors_checked"":978432}"
      2048,         0,         0,   0.059,exact_mw,bb90ec3459e353008cf9a5bb9142bf1e8515517a9e167021b225104594e48e8a,"{""distance"":5,""physical_error_rate"":0.001}","{""detection_events"":2092,""detectors_checked"":458752}"
         1,         0,         0,   0.001,exact_mw,f32ebecd8e105e50ec838d33c5ed9b45444b6b44a3c6ac541111079f2b14e893,"{""distance"":5,""physical_error_rate"":5e-05}","{""detectors_checked"":224}"
      1024,         0,         0,   0.004,exact_mw,f32ebecd8e105e50ec838d33c5ed9b45444b6b44a3c6ac541111079f2b14e893,"{""distance"":5,""physical_error_rate"":5e-05}","{""detection_events"":63,""detectors_checked"":229376}"
        16,         3,         0,   0.142,exact_mw,7fd11737ba5953e5998cf5d5ab7672462ce2ff07a9ab0f8628176a3f70e7a095,"{""distance"":5,""physical_error_rate"":0.05}","{""detection_events"":578,""detectors_checked"":3584,""obs_mistake_mask=E"":3}"
        16,         6,         0,   0.160,exact_mw,14059eecea5f7bdc562c01e7682d53b775a747f80d40379178915ac673e3b6bb,"{""distance"":5,""physical_error_rate"":0.5}","{""detection_events"":1803,""detectors_checked"":3584,""obs_mistake_mask=E"":6}"
      3344,         0,         0,   0.021,exact_mw,f32ebecd8e105e50ec838d33c5ed9b45444b6b44a3c6ac541111079f2b14e893,"{""distance"":5,""physical_error_rate"":5e-05}","{""detection_events"":165,""detectors_checked"":749056}"
      4096,         0,         0,   0.028,exact_mw,f32ebecd8e105e50ec838d33c5ed9b45444b6b44a3c6ac541111079f2b14e893,"{""distance"":5,""physical_error_rate"":5e-05}","{""detection_events"":209,""detectors_checked"":917504}"
     27648,         0,         0,   0.194,exact_mw,f32ebecd8e105e50ec838d33c5ed9b45444b6b44a3c6ac541111079f2b14e893,"{""distance"":5,""physical_error_rate"":5e-05}","{""detection_events"":1421,""detectors_checked"":6193152}"
      1024,         0,         0,   0.118,exact_mw,3208f56225bbcac0e2804eb6f92d0a8b681652a702ca1ec920ccd7367f0e0899,"{""distance"":5,""physical_error_rate"":0.002}","{""detection_events"":2027,""detectors_checked"":229376}"
        17,         6,         0,   0.156,exact_mw,7fd11737ba5953e5998cf5d5ab7672462ce2ff07a9ab0f8628176a3f70e7a095,"{""distance"":5,""physical_error_rate"":0.05}","{""detection_events"":669,""detectors_checked"":3808,""obs_mistake_mask=E"":6}"
      3072,         0,         0,   0.025,exact_mw,f32ebecd8e105e50ec838d33c5ed9b45444b6b44a3c6ac541111079f2b14e893,"{""distance"":5,""physical_error_rate"":5e-05}","{""detection_events"":139,""detectors_checked"":688128}"
      2048,         0,         0,   0.052,exact_mw,bb90ec3459e353008cf9a5bb9142bf1e8515517a9e167021b225104594e48e8a,"{""distance"":5,""physical_error_rate"":0.001}","{""detection_events"":1997,""detectors_checked"":458752}"
      4096,         0,         0,   0.029,exact_mw,f32ebecd8e105e50ec838d33c5ed9b45444b6b44a3c6ac541111079f2b14e893,"{""distance"":5,""physical_error_rate"":5e-05}","{""detection_events"":201,""detectors_checked"":917504}"
         1,         0,         0,   0.001,exact_mw,cdc4a450a40af8e24899239080e4c40992fb5baf91c5a31ab3a165eacb3a1ab3,"{""distance"":5,""physical_error_rate"":0.0002}","{""detectors_checked"":224}"
     15360,         1,         0,   0.405,exact_mw,bb90ec3459e353008cf9a5bb9142bf1e8515517a9e167021b225104594e48e8a,"{""distance"":5,""physical_error_rate"":0.001}","{""detection_events"":14943,""detectors_checked"":3440640,""obs_mistake_mask=E"":1}"
      6144,         0,         0,   0.049,exact_mw,f32ebecd8e105e50ec838d33c5ed9b45444b6b44a3c6ac541111079f2b14e893,"{""distance"":5,""physical_error_rate"":5e-05}","{""detection_events"":272,""detectors_checked"":1376256}"
         1,         0,         0,   0.006,exact_mw,7fd11737ba5953e5998cf5d5ab7672462ce2ff07a9ab0f8628176a3f70e7a095,"{""distance"":5,""physical_error_rate"":0.05}","{""detection_events"":25,""detectors_checked"":224}"
        32,        15,         0,   0.326,exact_mw,14059eecea5f7bdc562c01e7682d53b775a747f80d40379178915ac673e3b6bb,"{""distance"":5,""physical_error_rate"":0.5}","{""detection_events"":3539,""detectors_checked"":7168,""obs_mistake_mask=E"":15}"
      3344,         0,         0,   0.014,exact_mw,cdc4a450a40af8e24899239080e4c40992fb5baf91c5a31ab3a165eacb3a1ab3,"{""distance"":5,""physical_error_rate"":0.0002}","{""detection_events"":666,""detectors_checked"":749056}"
     11264,         0,         0,   0.112,exact_mw,cb12ae119b9b2ba18d0216e7235b403229e92fd0743ede48fe7f1a2c6f45d594,"{""distance"":5,""physical_error_rate"":0.0005}","{""detection_events"":5571,""detectors_checked"":2523136}"
        64,         2,         0,   0.451,exact_mw,7b4896c0e7f0a510554d89637fd747b157418067a95869d1f0661294d473d1dc,"{""distance"":5,""physical_error_rate"":0.02}","{""detection_events"":1118,""detectors_checked"":14336,""obs_mistake_mask=E"":2}"
         1,         0,         0,   0.011,exact_mw,70a969f5042aec17ac076c6379f4170fb7c69b8e925756ef3b7334e28a33338b,"{""distance"":5,""physical_error_rate"":0.0001}","{""detectors_checked"":224}"
         1,         0,         0,   0.010,exact_mw,7fd11737ba5953e5998cf5d5ab7672462ce2ff07a9ab0f8628176a3f70e7a095,"{""distance"":5,""physical_error_rate"":0.05}","{""detection_events"":27,""detectors_checked"":224}"
      3072,         0,         0,   0.023,exact_mw,cdc4a450a40af8e24899239080e4c40992fb5baf91c5a31ab3a165eacb3a1ab3,"{""distance"":5,""physical_error_rate"":0.0002}","{""detection_events"":611,""detectors_checked"":688128}"
        32,        18,         0,   0.303,exact_mw,7def73f725f8347dc4de7c57664b66d91778cc6018e33f45b3defe89c7a0cfc0,"{""distance"":5,""physical_error_rate"":0.1}","{""detection_events"":2032,""detectors_checked"":7168,""obs_mistake_mask=E"":18}"
      6144,         0,         0,   0.050,exact_mw,f32ebecd8e105e50ec838d33c5ed9b45444b6b44a3c6ac541111079f2b14e893,"{""distance"":5,""physical_error_rate"":5e-05}","{""detection_events"":308,""detectors_checked"":1376256}"
      3344,         0,         0,   0.023,exact_mw,70a969f5042aec17ac076c6379f4170fb7c69b8e925756ef3b7334e28a33338b,"{""distance"":5,""physical_error_rate"":0.0001}","{""detection_events"":351,""detectors_checked"":749056}"
      4096,         0,         0,   0.081,exact_mw,bb90ec3459e353008cf9a5bb9142bf1e8515517a9e167021b225104594e48e8a,"{""distance"":5,""physical_error_rate"":0.001}","{""detection_events"":4046,""detectors_checked"":917504}"
      8192,         0,         0,   0.056,exact_mw,f32ebecd8e105e50ec838d33c5ed9b45444b6b44a3c6ac541111079f2b14e893,"{""distance"":5,""physical_error_rate"":5e-05}","{""detection_events"":464,""detectors_checked"":1835008}"
        32,        16,         0,   0.333,exact_mw,d68317bf2f4c69d73359111c5597779a07d8ed85f1f94573f1c8a2f6c683850d,"{""distance"":5,""physical_error_rate"":0.2}","{""detection_events"":2893,""detectors_checked"":7168,""obs_mistake_mask=E"":16}"
      2048,         0,         0,   0.034,exact_mw,cdc4a450a40af8e24899239080e4c40992fb5baf91c5a31ab3a165eacb3a1ab3,"{""distance"":5,""physical_error_rate"":0.0002}","{""detection_events"":414,""detectors_checked"":458752}"
      3072,         0,         0,   0.024,exact_mw,70a969f5042aec17ac076c6379f4170fb7c69b8e925756ef3b7334e28a33338b,"{""distance"":5,""physical_error_rate"":0.0001}","{""detection_events"":333,""detectors_checked"":688128}"
      4096,         0,         0,   0.028,exact_mw,70a969f5042aec17ac076c6379f4170fb7c69b8e925756ef3b7334e28a33338b,"{""distance"":5,""physical_error_rate"":0.0001}","{""detection_events"":464,""detectors_checked"":917504}"
      7168,         0,         0,   0.053,exact_mw,f32ebecd8e105e50ec838d33c5ed9b45444b6b44a3c6ac541111079f2b14e893,"{""distance"":5,""physical_error_rate"":5e-05}","{""detection_events"":342,""detectors_checked"":1605632}"
      1024,         0,         0,   0.140,exact_mw,3208f56225bbcac0e2804eb6f92d0a8b681652a702ca1ec920ccd7367f0e0899,"{""distance"":5,""physical_error_rate"":0.002}","{""detection_events"":2016,""detectors_checked"":229376}"
      7168,         0,         0,   0.041,exact_mw,cdc4a450a40af8e24899239080e4c40992fb5baf91c5a31ab3a165eacb3a1ab3,"{""distance"":5,""physical_error_rate"":0.0002}","{""detection_events"":1340,""detectors_checked"":1605632}"
         1,         1,         0,   0.006,exact_mw,14059eecea5f7bdc562c01e7682d53b775a747f80d40379178915ac673e3b6bb,"{""distance"":5,""physical_error_rate"":0.5}","{""detection_events"":98,""detectors_checked"":224,""obs_mistake_mask=E"":1}"
     26624,         0,         0,   0.291,exact_mw,cb12ae119b9b2ba18d0216e7235b403229e92fd0743ede48fe7f1a2c6f45d594,"{""distance"":5,""physical_error_rate"":0.0005}","{""detection_events"":13605,""detectors_checked"":5963776}"
         1,         1,         0,   0.019,exact_mw,d68317bf2f4c69d73359111c5597779a07d8ed85f1f94573f1c8a2f6c683850d,"{""distance"":5,""physical_error_rate"":0.2}","{""detection_events"":81,""detectors_checked"":224,""obs_mistake_mask=E"":1}"
     11264,         0,         0,   0.080,exact_mw,f32ebecd8e105e50ec838d33c5ed9b45444b6b44a3c6ac541111079f2b14e893,"{""distance"":5,""physical_error_rate"":5e-05}","{""detection_events"":458,""detectors_checked"":2523136}"
      6144,         0,         0,   0.036,exact_mw,70a969f5042aec17ac076c6379f4170fb7c69b8e925756ef3b7334e28a33338b,"{""distance"":5,""physical_error_rate"":0.0001}","{""detection_events"":607,""detectors_checked"":1376256}"
         1,         0,         0,   0.014,exact_mw,72230d8c06b5a71069df48ede6f7f3e6128cd83e8239dd1b2e5fe023578b6eb1,"{""distance"":5,""physical_error_rate"":0.01}","{""detection_events"":12,""detectors_checked"":224}"
        16,         4,         0,   0.146,exact_mw,7fd11737ba5953e5998cf5d5ab7672462ce2ff07a9ab0f8628176a3f70e7a095,"{""distance"":5,""physical_error_rate"":0.05}","{""detection_events"":615,""detectors_checked"":3584,""obs_mistake_mask=E"":4}"
       256,         0,         0,   0.304,exact_mw,38b7ae1c4e8407fc325e0d9e43e9f92ff26dcb3f5cf7b98d24ea74c9e5188d39,"{""distance"":5,""physical_error_rate"":0.005}","{""detection_events"":1225,""detectors_checked"":57344}"
       272,         0,         0,   0.295,exact_mw,38b7ae1c4e8407fc325e0d9e43e9f92ff26dcb3f5cf7b98d24ea74c9e5188d39,"{""distance"":5,""physical_error_rate"":0.005}","{""detection_events"":1265,""detectors_checked"":60928}"
         1,         0,         0,   0.019,exact_mw,7b4896c0e7f0a510554d89637fd747b157418067a95869d1f0661294d473d1dc,"{""distance"":5,""physical_error_rate"":0.02}","{""detection_events"":11,""detectors_checked"":224}"
     15360,         0,         0,   0.159,exact_mw,cb12ae119b9b2ba18d0216e7235b403229e92fd0743ede48fe7f1a2c6f45d594,"{""distance"":5,""physical_error_rate"":0.0005}","{""detection_events"":7519,""detectors_checked"":3440640}"
      3072,         0,         0,   0.111,exact_mw,bb90ec3459e353008cf9a5bb9142bf1e8515517a9e167021b225104594e48e8a,"{""distance"":5,""physical_error_rate"":0.001}","{""detection_events"":3066,""detectors_checked"":688128}"
      7168,         0,         0,   0.054,exact_mw,cdc4a450a40af8e24899239080e4c40992fb5baf91c5a31ab3a165eacb3a1ab3,"{""distance"":5,""physical_error_rate"":0.0002}","{""detection_events"":1446,""detectors_checked"":1605632}"
     10240,         0,         0,   0.074,exact_mw,f32ebecd8e105e50ec838d33c5ed9b45444b6b44a3c6ac541111079f2b14e893,"{""distance"":5,""physical_error_rate"":5e-05}","{""detection_events"":513,""detectors_checked"":2293760}"
         1,         0,         0,   0.015,exact_mw,7fd11737ba5953e5998cf5d5ab7672462ce2ff07a9ab0f8628176a3f70e7a095,"{""distance"":5,""physical_error_rate"":0.05}","{""detection_events"":44,""detectors_checked"":224}"
      3072,         1,         0,   0.383,exact_mw,3208f56225bbcac0e2804eb6f92d0a8b681652a702ca1ec920ccd7367f0e0899,"{""distance"":5,""physical_error_rate"":0.002}","{""detection_events"":6070,""detectors_checked"":688128,""obs_mistake_mask=E"":1}"
        16,         0,         0,   0.048,exact_mw,72230d8c06b5a71069df48ede6f7f3e6128cd83e8239dd1b2e5fe023578b6eb1,"{""distance"":5,""physical_error_rate"":0.01}","{""detection_events"":137,""detectors_checked"":3584}"
      7168,         0,         0,   0.054,exact_mw,70a969f5042aec17ac076c6379f4170fb7c69b8e925756ef3b7334e28a33338b,"{""distance"":5,""physical_error_rate"":0.0001}","{""detection_events"":760,""detectors_checked"":1605632}"
      1024,         0,         0,   0.130,exact_mw,3208f56225bbcac0e2804eb6f92d0a8b681652a702ca1ec920ccd7367f0e0899,"{""distance"":5,""physical_error_rate"":0.002}","{""detection_events"":1951,""detectors_checked"":229376}"
    109568,         0,         0,   0.402,exact_mw,cdc4a450a40af8e24899239080e4c40992fb5baf91c5a31ab3a165eacb3a1ab3,"{""distance"":5,""physical_error_rate"":0.0002}","{""detection_events"":21730,""detectors_checked"":24543232}"
     10240,         0,         0,   0.078,exact_mw,cdc4a450a40af8e24899239080e4c40992fb5baf91c5a31ab3a165eacb3a1ab3,"{""distance"":5,""physical_error_rate"":0.0002}","{""detection_events"":2024,""detectors_checked"":2293760}"
     14336,         0,         0,   0.107,exact_mw,f32ebecd8e105e50ec838d33c5ed9b45444b6b44a3c6ac541111079f2b14e893,"{""distance"":5,""physical_error_rate"":5e-05}","{""detection_events"":740,""detectors_checked"":3211264}"
       128,         1,         0,   0.542,exact_mw,72230d8c06b5a71069df48ede6f7f3e6128cd83e8239dd1b2e5fe023578b6eb1,"{""distance"":5,""physical_error_rate"":0.01}","{""detection_events"":1211,""detectors_checked"":28672,""obs_mistake_mask=E"":1}"
     39936,         0,         0,   0.300,exact_mw,f32ebecd8e105e50ec838d33c5ed9b45444b6b44a3c6ac541111079f2b14e893,"{""distance"":5,""physical_error_rate"":5e-05}","{""detection_events"":2015,""detectors_checked"":8945664}"
        16,        13,         0,   0.158,exact_mw,14059eecea5f7bdc562c01e7682d53b775a747f80d40379178915ac673e3b6bb,"{""distance"":5,""physical_error_rate"":0.5}","{""detection_events"":1756,""detectors_checked"":3584,""obs_mistake_mask=E"":13}"
     10240,         0,         0,   0.075,exact_mw,70a969f5042aec17ac076c6379f4170fb7c69b8e925756ef3b7334e28a33338b,"{""distance"":5,""physical_error_rate"":0.0001}","{""detection_events"":1070,""detectors_checked"":2293760}"
        16,         8,         0,   0.148,exact_mw,d68317bf2f4c69d73359111c5597779a07d8ed85f1f94573f1c8a2f6c683850d,"{""distance"":5,""physical_error_rate"":0.2}","{""detection_events"":1420,""detectors_checked"":3584,""obs_mistake_mask=E"":8}"
       128,         1,         0,   0.365,exact_mw,72230d8c06b5a71069df48ede6f7f3e6128cd83e8239dd1b2e5fe023578b6eb1,"{""distance"":5,""physical_error_rate"":0.01}","{""detection_events"":1093,""detectors_checked"":28672,""obs_mistake_mask=E"":1}"
     13312,         0,         0,   0.106,exact_mw,f32ebecd8e105e50ec838d33c5ed9b45444b6b44a3c6ac541111079f2b14e893,"{""distance"":5,""physical_error_rate"":5e-05}","{""detection_events"":589,""detectors_checked"":2981888}"
        16,         0,         0,   0.135,exact_mw,7b4896c0e7f0a510554d89637fd747b157418067a95869d1f0661294d473d1dc,"{""distance"":5,""physical_error_rate"":0.02}","{""detection_events"":275,""detectors_checked"":3584}"
     56320,         0,         0,   0.413,exact_mw,70a969f5042aec17ac076c6379f4170fb7c69b8e925756ef3b7334e28a33338b,"{""distance"":5,""physical_error_rate"":0.0001}","{""detection_events"":5341,""detectors_checked"":12615680}"
        32,        15,         0,   0.378,exact_mw,14059eecea5f7bdc562c01e7682d53b775a747f80d40379178915ac673e3b6bb,"{""distance"":5,""physical_error_rate"":0.5}","{""detection_events"":3555,""detectors_checked"":7168,""obs_mistake_mask=E"":15}"
         1,         0,         0,   0.001,exact_mw,cb12ae119b9b2ba18d0216e7235b403229e92fd0743ede48fe7f1a2c6f45d594,"{""distance"":5,""physical_error_rate"":0.0005}","{""detectors_checked"":224}"
       128,         0,         0,   0.499,exact_mw,72230d8c06b5a71069df48ede6f7f3e6128cd83e8239dd1b2e5fe023578b6eb1,"{""distance"":5,""physical_error_rate"":0.01}","{""detection_events"":1286,""detectors_checked"":28672}"
        16,         6,         0,   0.297,exact_mw,7fd11737ba5953e5998cf5d5ab7672462ce2ff07a9ab0f8628176a3f70e7a095,"{""distance"":5,""physical_error_rate"":0.05}","{""detection_events"":611,""detectors_checked"":3584,""obs_mistake_mask=E"":6}"
      2320,         0,         0,   0.019,exact_mw,cb12ae119b9b2ba18d0216e7235b403229e92fd0743ede48fe7f1a2c6f45d594,"{""distance"":5,""physical_error_rate"":0.0005}","{""detection_events"":974,""detectors_checked"":519680}"
      6144,         0,         0,   0.163,exact_mw,bb90ec3459e353008cf9a5bb9142bf1e8515517a9e167021b225104594e48e8a,"{""distance"":5,""physical_error_rate"":0.001}","{""detection_events"":6094,""detectors_checked"":1376256}"
        32,        17,         0,   0.338,exact_mw,14059eecea5f7bdc562c01e7682d53b775a747f80d40379178915ac673e3b6bb,"{""distance"":5,""physical_error_rate"":0.5}","{""detection_events"":3509,""detectors_checked"":7168,""obs_mistake_mask=E"":17}"
       512,         1,         0,   0.547,exact_mw,38b7ae1c4e8407fc325e0d9e43e9f92ff26dcb3f5cf7b98d24ea74c9e5188d39,"{""distance"":5,""physical_error_rate"":0.005}","{""detection_events"":2483,""detectors_checked"":114688,""obs_mistake_mask=E"":1}"
        32,        18,         0,   0.325,exact_mw,7def73f725f8347dc4de7c57664b66d91778cc6018e33f45b3defe89c7a0cfc0,"{""distance"":5,""physical_error_rate"":0.1}","{""detection_events"":1972,""detectors_checked"":7168,""obs_mistake_mask=E"":18}"
       256,         0,         0,   0.216,exact_mw,38b7ae1c4e8407fc325e0d9e43e9f92ff26dcb3f5cf7b98d24ea74c9e5188d39,"{""distance"":5,""physical_error_rate"":0.005}","{""detection_events"":1064,""detectors_checked"":57344}"
     13312,         0,         0,   0.112,exact_mw,cdc4a450a40af8e24899239080e4c40992fb5baf91c5a31ab3a165eacb3a1ab3,"{""distance"":5,""physical_error_rate"":0.0002}","{""detection_events"":2453,""detectors_checked"":2981888}"
     22528,         0,         0,   0.210,exact_mw,cb12ae119b9b2ba18d0216e7235b403229e92fd0743ede48fe7f1a2c6f45d594,"{""distance"":5,""physical_error_rate"":0.0005}","{""detection_events"":11138,""detectors_checked"":5046272}"
      3072,         0,         0,   0.043,exact_mw,cb12ae119b9b2ba18d0216e7235b403229e92fd0743ede48fe7f1a2c6f45d594,"{""distance"":5,""physical_error_rate"":0.0005}","{""detection_events"":1572,""detectors_checked"":688128}"
        32,         9,         0,   0.414,exact_mw,7fd11737ba5953e5998cf5d5ab7672462ce2ff07a9ab0f8628176a3f70e7a095,"{""distance"":5,""physical_error_rate"":0.05}","{""detection_events"":1258,""detectors_checked"":7168,""obs_mistake_mask=E"":9}"
     15360,         0,         0,   0.107,exact_mw,70a969f5042aec17ac076c6379f4170fb7c69b8e925756ef3b7334e28a33338b,"{""distance"":5,""physical_error_rate"":0.0001}","{""detection_events"":1519,""detectors_checked"":3440640}"
     19456,         0,         0,   0.135,exact_mw,f32ebecd8e105e50ec838d33c5ed9b45444b6b44a3c6ac541111079f2b14e893,"{""distance"":5,""physical_error_rate"":5e-05}","{""detection_events"":970,""detectors_checked"":4358144}"
        16,         2,         0,   0.191,exact_mw,7fd11737ba5953e5998cf5d5ab7672462ce2ff07a9ab0f8628176a3f70e7a095,"{""distance"":5,""physical_error_rate"":0.05}","{""detection_events"":567,""detectors_checked"":3584,""obs_mistake_mask=E"":2}"
      1024,         0,         0,   0.159,exact_mw,3208f56225bbcac0e2804eb6f92d0a8b681652a702ca1ec920ccd7367f0e0899,"{""distance"":5,""physical_error_rate"":0.002}","{""detection_events"":1989,""detectors_checked"":229376}"
        32,        18,         0,   0.346,exact_mw,d68317bf2f4c69d73359111c5597779a07d8ed85f1f94573f1c8a2f6c683850d,"{""distance"":5,""physical_error_rate"":0.2}","{""detection_events"":2854,""detectors_checked"":7168,""obs_mistake_mask=E"":18}"
      2048,         0,         0,   0.027,exact_mw,cb12ae119b9b2ba18d0216e7235b403229e92fd0743ede48fe7f1a2c6f45d594,"{""distance"":5,""physical_error_rate"":0.0005}","{""detection_events"":955,""detectors_checked"":458752}"
     12288,         0,         0,   0.131,exact_mw,f32ebecd8e105e50ec838d33c5ed9b45444b6b44a3c6ac541111079f2b14e893,"{""distance"":5,""physical_error_rate"":5e-05}","{""detection_events"":508,""detectors_checked"":2752512}"
         1,         0,         0,   0.049,exact_mw,7def73f725f8347dc4de7c57664b66d91778cc6018e33f45b3defe89c7a0cfc0,"{""distance"":5,""physical_error_rate"":0.1}","{""detection_events"":49,""detectors_checked"":224}"
      3072,         0,         0,   0.042,exact_mw,cb12ae119b9b2ba18d0216e7235b403229e92fd0743ede48fe7f1a2c6f45d594,"{""distance"":5,""physical_error_rate"":0.0005}","{""detection_events"":1562,""detectors_checked"":688128}"
        17,         7,         0,   0.157,exact_mw,7def73f725f8347dc4de7c57664b66d91778cc6018e33f45b3defe89c7a0cfc0,"{""distance"":5,""physical_error_rate"":0.1}","{""detection_events"":1072,""detectors_checked"":3808,""obs_mistake_mask=E"":7}"
        64,        17,         0,   0.559,exact_mw,7fd11737ba5953e5998cf5d5ab7672462ce2ff07a9ab0f8628176a3f70e7a095,"{""distance"":5,""physical_error_rate"":0.05}","{""detection_events"":2463,""detectors_checked"":14336,""obs_mistake_mask=E"":17}"
        64,         1,         0,   0.463,exact_mw,7b4896c0e7f0a510554d89637fd747b157418067a95869d1f0661294d473d1dc,"{""distance"":5,""physical_error_rate"":0.02}","{""detection_events"":1166,""detectors_checked"":14336,""obs_mistake_mask=E"":1}"
     40960,         0,         0,   0.385,exact_mw,cb12ae119b9b2ba18d0216e7235b403229e92fd0743ede48fe7f1a2c6f45d594,"{""distance"":5,""physical_error_rate"":0.0005}","{""detection_events"":20012,""detectors_checked"":9175040}"
      3072,         0,         0,   0.057,exact_mw,cb12ae119b9b2ba18d0216e7235b403229e92fd0743ede48fe7f1a2c6f45d594,"{""distance"":5,""physical_error_rate"":0.0005}","{""detection_events"":1444,""detectors_checked"":688128}"
     18432,         0,         0,   0.136,exact_mw,cdc4a450a40af8e24899239080e4c40992fb5baf91c5a31ab3a165eacb3a1ab3,"{""distance"":5,""physical_error_rate"":0.0002}","{""detection_events"":3684,""detectors_checked"":4128768}"
         1,         0,         0,   0.019,exact_mw,d68317bf2f4c69d73359111c5597779a07d8ed85f1f94573f1c8a2f6c683850d,"{""distance"":5,""physical_error_rate"":0.2}","{""detection_events"":95,""detectors_checked"":224}"
     21504,         0,         0,   0.149,exact_mw,70a969f5042aec17ac076c6379f4170fb7c69b8e925756ef3b7334e28a33338b,"{""distance"":5,""physical_error_rate"":0.0001}","{""detection_events"":2178,""detectors_checked"":4816896}"
      7168,         0,         0,   0.212,exact_mw,bb90ec3459e353008cf9a5bb9142bf1e8515517a9e167021b225104594e48e8a,"{""distance"":5,""physical_error_rate"":0.001}","{""detection_events"":7077,""detectors_checked"":1605632}"
        64,         1,         0,   0.841,exact_mw,7b4896c0e7f0a510554d89637fd747b157418067a95869d1f0661294d473d1dc,"{""distance"":5,""physical_error_rate"":0.02}","{""detection_events"":1185,""detectors_checked"":14336,""obs_mistake_mask=E"":1}"
     24576,         0,         0,   0.588,exact_mw,bb90ec3459e353008cf9a5bb9142bf1e8515517a9e167021b225104594e48e8a,"{""distance"":5,""physical_error_rate"":0.001}","{""detection_events"":24061,""detectors_checked"":5505024}"
         1,         0,         0,   0.006,exact_mw,3208f56225bbcac0e2804eb6f92d0a8b681652a702ca1ec920ccd7367f0e0899,"{""distance"":5,""physical_error_rate"":0.002}","{""detectors_checked"":224}"
      8192,         0,         0,   0.077,exact_mw,cb12ae119b9b2ba18d0216e7235b403229e92fd0743ede48fe7f1a2c6f45d594,"{""distance"":5,""physical_error_rate"":0.0005}","{""detection_events"":4086,""detectors_checked"":1835008}"
         1,         0,         0,   0.039,exact_mw,d68317bf2f4c69d73359111c5597779a07d8ed85f1f94573f1c8a2f6c683850d,"{""distance"":5,""physical_error_rate"":0.2}","{""detection_events"":87,""detectors_checked"":224}"
      1024,         0,         0,   0.185,exact_mw,3208f56225bbcac0e2804eb6f92d0a8b681652a702ca1ec920ccd7367f0e0899,"{""distance"":5,""physical_error_rate"":0.002}","{""detection_events"":1979,""detectors_checked"":229376}"
     29696,         0,         0,   0.201,exact_mw,f32ebecd8e105e50ec838d33c5ed9b45444b6b44a3c6ac541111079f2b14e893,"{""distance"":5,""physical_error_rate"":5e-05}","{""detection_events"":1365,""detectors_checked"":6651904}"
        17,         0,         0,   0.010,exact_mw,cdc4a450a40af8e24899239080e4c40992fb5baf91c5a31ab3a165eacb3a1ab3,"{""distance"":5,""physical_error_rate"":0.0002}","{""detectors_checked"":3808}"
       272,         0,         0,   0.052,exact_mw,3208f56225bbcac0e2804eb6f92d0a8b681652a702ca1ec920ccd7367f0e0899,"{""distance"":5,""physical_error_rate"":0.002}","{""detection_events"":540,""detectors_checked"":60928}"
        32,        18,         0,   0.376,exact_mw,14059eecea5f7bdc562c01e7682d53b775a747f80d40379178915ac673e3b6bb,"{""distance"":5,""physical_error_rate"":0.5}","{""detection_events"":3551,""detectors_checked"":7168,""obs_mistake_mask=E"":18}"
       128,         1,         0,   0.452,exact_mw,72230d8c06b5a71069df48ede6f7f3e6128cd83e8239dd1b2e5fe023578b6eb1,"{""distance"":5,""physical_error_rate"":0.01}","{""detection_events"":1195,""detectors_checked"":28672,""obs_mistake_mask=E"":1}"
      5120,         0,         0,   0.456,exact_mw,3208f56225bbcac0e2804eb6f92d0a8b681652a702ca1ec920ccd7367f0e0899,"{""distance"":5,""physical_error_rate"":0.002}","{""detection_events"":9950,""detectors_checked"":1146880}"
        32,        18,         0,   0.338,exact_mw,14059eecea5f7bdc562c01e7682d53b775a747f80d40379178915ac673e3b6bb,"{""distance"":5,""physical_error_rate"":0.5}","{""detection_events"":3550,""detectors_checked"":7168,""obs_mistake_mask=E"":18}"
     19456,         0,         0,   0.220,exact_mw,f32ebecd8e105e50ec838d33c5ed9b45444b6b44a3c6ac541111079f2b14e893,"{""distance"":5,""physical_error_rate"":5e-05}","{""detection_events"":973,""detectors_checked"":4358144}"
         1,         0,         0,   0.014,exact_mw,70a969f5042aec17ac076c6379f4170fb7c69b8e925756ef3b7334e28a33338b,"{""distance"":5,""physical_error_rate"":0.0001}","{""detectors_checked"":224}"
        32,        16,         0,   0.327,exact_mw,14059eecea5f7bdc562c01e7682d53b775a747f80d40379178915ac673e3b6bb,"{""distance"":5,""physical_error_rate"":0.5}","{""detection_events"":3570,""detectors_checked"":7168,""obs_mistake_mask=E"":16}"
     54272,         0,         0,   0.409,exact_mw,f32ebecd8e105e50ec838d33c5ed9b45444b6b44a3c6ac541111079f2b14e893,"{""distance"":5,""physical_error_rate"":5e-05}","{""detection_events"":2788,""detectors_checked"":12156928}"
        16,         0,         0,   0.000,exact_mw,70a969f5042aec17ac076c6379f4170fb7c69b8e925756ef3b7334e28a33338b,"{""distance"":5,""physical_error_rate"":0.0001}","{""detectors_checked"":3584}"
      2304,         0,         0,   0.036,exact_mw,cdc4a450a40af8e24899239080e4c40992fb5baf91c5a31ab3a165eacb3a1ab3,"{""distance"":5,""physical_error_rate"":0.0002}","{""detection_events"":397,""detectors_checked"":516096}"
         1,         0,         0,   0.001,exact_mw,cb12ae119b9b2ba18d0216e7235b403229e92fd0743ede48fe7f1a2c6f45d594,"{""distance"":5,""physical_error_rate"":0.0005}","{""detectors_checked"":224}"
        32,        17,         0,   0.319,exact_mw,7def73f725f8347dc4de7c57664b66d91778cc6018e33f45b3defe89c7a0cfc0,"{""distance"":5,""physical_error_rate"":0.1}","{""detection_events"":1973,""detectors_checked"":7168,""obs_mistake_mask=E"":17}"
     23552,         0,         0,   0.294,exact_mw,cb12ae119b9b2ba18d0216e7235b403229e92fd0743ede48fe7f1a2c6f45d594,"{""distance"":5,""physical_error_rate"":0.0005}","{""detection_events"":11693,""detectors_checked"":5275648}"
      2320,         0,         0,   0.015,exact_mw,cb12ae119b9b2ba18d0216e7235b403229e92fd0743ede48fe7f1a2c6f45d594,"{""distance"":5,""physical_error_rate"":0.0005}","{""detection_events"":1164,""detectors_checked"":519680}"
      2048,         0,         0,   0.030,exact_mw,cdc4a450a40af8e24899239080e4c40992fb5baf91c5a31ab3a165eacb3a1ab3,"{""distance"":5,""physical_error_rate"":0.0002}","{""detection_events"":428,""detectors_checked"":458752}"
      5376,         0,         0,   0.034,exact_mw,70a969f5042aec17ac076c6379f4170fb7c69b8e925756ef3b7334e28a33338b,"{""distance"":5,""physical_error_rate"":0.0001}","{""detection_events"":570,""detectors_checked"":1204224}"
     11264,         0,         0,   0.119,exact_mw,cb12ae119b9b2ba18d0216e7235b403229e92fd0743ede48fe7f1a2c6f45d594,"{""distance"":5,""physical_error_rate"":0.0005}","{""detection_events"":5288,""detectors_checked"":2523136}"
      2321,         0,         0,   0.011,exact_mw,cdc4a450a40af8e24899239080e4c40992fb5baf91c5a31ab3a165eacb3a1ab3,"{""distance"":5,""physical_error_rate"":0.0002}","{""detection_events"":463,""detectors_checked"":519904}"
      1024,         0,         0,   0.023,exact_mw,cb12ae119b9b2ba18d0216e7235b403229e92fd0743ede48fe7f1a2c6f45d594,"{""distance"":5,""physical_error_rate"":0.0005}","{""detection_events"":546,""detectors_checked"":229376}"
        16,         6,         0,   0.194,exact_mw,d68317bf2f4c69d73359111c5597779a07d8ed85f1f94573f1c8a2f6c683850d,"{""distance"":5,""physical_error_rate"":0.2}","{""detection_events"":1429,""detectors_checked"":3584,""obs_mistake_mask=E"":6}"
     24576,         0,         0,   0.208,exact_mw,cdc4a450a40af8e24899239080e4c40992fb5baf91c5a31ab3a165eacb3a1ab3,"{""distance"":5,""physical_error_rate"":0.0002}","{""detection_events"":4770,""detectors_checked"":5505024}"
         8,         2,         0,   0.281,exact_mw,7def73f725f8347dc4de7c57664b66d91778cc6018e33f45b3defe89c7a0cfc0,"{""distance"":5,""physical_error_rate"":0.1}","{""detection_events"":526,""detectors_checked"":1792,""obs_mistake_mask=E"":2}"
       128,         1,         0,   0.476,exact_mw,72230d8c06b5a71069df48ede6f7f3e6128cd83e8239dd1b2e5fe023578b6eb1,"{""distance"":5,""physical_error_rate"":0.01}","{""detection_events"":1129,""detectors_checked"":28672,""obs_mistake_mask=E"":1}"
      2048,         0,         0,   0.029,exact_mw,cdc4a450a40af8e24899239080e4c40992fb5baf91c5a31ab3a165eacb3a1ab3,"{""distance"":5,""physical_error_rate"":0.0002}","{""detection_events"":450,""detectors_checked"":458752}"
      4096,         0,         0,   0.028,exact_mw,70a969f5042aec17ac076c6379f4170fb7c69b8e925756ef3b7334e28a33338b,"{""distance"":5,""physical_error_rate"":0.0001}","{""detection_events"":370,""detectors_checked"":917504}"
      1024,         0,         0,   0.021,exact_mw,cdc4a450a40af8e24899239080e4c40992fb5baf91c5a31ab3a165eacb3a1ab3,"{""distance"":5,""physical_error_rate"":0.0002}","{""detection_events"":223,""detectors_checked"":229376}"
         1,         0,         0,   0.011,exact_mw,bb90ec3459e353008cf9a5bb9142bf1e8515517a9e167021b225104594e48e8a,"{""distance"":5,""physical_error_rate"":0.001}","{""detectors_checked"":224}"
     28672,         0,         0,   0.208,exact_mw,70a969f5042aec17ac076c6379f4170fb7c69b8e925756ef3b7334e28a33338b,"{""distance"":5,""physical_error_rate"":0.0001}","{""detection_events"":2800,""detectors_checked"":6422528}"
        64,         9,         0,   0.606,exact_mw,7fd11737ba5953e5998cf5d5ab7672462ce2ff07a9ab0f8628176a3f70e7a095,"{""distance"":5,""physical_error_rate"":0.05}","{""detection_events"":2507,""detectors_checked"":14336,""obs_mistake_mask=E"":9}"
       273,         0,         0,   0.011,exact_mw,bb90ec3459e353008cf9a5bb9142bf1e8515517a9e167021b225104594e48e8a,"{""distance"":5,""physical_error_rate"":0.001}","{""detection_events"":305,""detectors_checked"":61152}"
      1024,         0,         0,   0.121,exact_mw,3208f56225bbcac0e2804eb6f92d0a8b681652a702ca1ec920ccd7367f0e0899,"{""distance"":5,""physical_error_rate"":0.002}","{""detection_events"":1952,""detectors_checked"":229376}"
      3072,         0,         0,   0.044,exact_mw,cb12ae119b9b2ba18d0216e7235b403229e92fd0743ede48fe7f1a2c6f45d594,"{""distance"":5,""physical_error_rate"":0.0005}","{""detection_events"":1453,""detectors_checked"":688128}"
      1296,         0,         0,   0.024,exact_mw,bb90ec3459e353008cf9a5bb9142bf1e8515517a9e167021b225104594e48e8a,"{""distance"":5,""physical_error_rate"":0.001}","{""detection_events"":1259,""detectors_checked"":290304}"
      4096,         0,         0,   0.034,exact_mw,cdc4a450a40af8e24899239080e4c40992fb5baf91c5a31ab3a165eacb3a1ab3,"{""distance"":5,""physical_error_rate"":0.0002}","{""detection_events"":801,""detectors_checked"":917504}"
        32,         7,         0,   0.452,exact_mw,7fd11737ba5953e5998cf5d5ab7672462ce2ff07a9ab0f8628176a3f70e7a095,"{""distance"":5,""physical_error_rate"":0.05}","{""detection_events"":1216,""detectors_checked"":7168,""obs_mistake_mask=E"":7}"
        32,        18,         0,   0.300,exact_mw,7def73f725f8347dc4de7c57664b66d91778cc6018e33f45b3defe89c7a0cfc0,"{""distance"":5,""physical_error_rate"":0.1}","{""detection_events"":1922,""detectors_checked"":7168,""obs_mistake_mask=E"":18}"
        32,        17,         0,   0.367,exact_mw,d68317bf2f4c69d73359111c5597779a07d8ed85f1f94573f1c8a2f6c683850d,"{""distance"":5,""physical_error_rate"":0.2}","{""detection_events"":2769,""detectors_checked"":7168,""obs_mistake_mask=E"":17}"
      3072,         0,         0,   0.051,exact_mw,cdc4a450a40af8e24899239080e4c40992fb5baf91c5a31ab3a165eacb3a1ab3,"{""distance"":5,""physical_error_rate"":0.0002}","{""detection_events"":521,""detectors_checked"":688128}"
      6144,         0,         0,   0.054,exact_mw,70a969f5042aec17ac076c6379f4170fb7c69b8e925756ef3b7334e28a33338b,"{""distance"":5,""physical_error_rate"":0.0001}","{""detection_events"":680,""detectors_checked"":1376256}"
      1024,         0,         0,   0.032,exact_mw,bb90ec3459e353008cf9a5bb9142bf1e8515517a9e167021b225104594e48e8a,"{""distance"":5,""physical_error_rate"":0.001}","{""detection_events"":991,""detectors_checked"":229376}"
      1024,         0,         0,   0.046,exact_mw,bb90ec3459e353008cf9a5bb9142bf1e8515517a9e167021b225104594e48e8a,"{""distance"":5,""physical_error_rate"":0.001}","{""detection_events"":861,""detectors_checked"":229376}"
      4096,         0,         0,   0.030,exact_mw,cdc4a450a40af8e24899239080e4c40992fb5baf91c5a31ab3a165eacb3a1ab3,"{""distance"":5,""physical_error_rate"":0.0002}","{""detection_events"":891,""detectors_checked"":917504}"
      6144,         0,         0,   0.040,exact_mw,cb12ae119b9b2ba18d0216e7235b403229e92fd0743ede48fe7f1a2c6f45d594,"{""distance"":5,""physical_error_rate"":0.0005}","{""detection_events"":2950,""detectors_checked"":1376256}"
     75776,         0,         0,   0.545,exact_mw,cdc4a450a40af8e24899239080e4c40992fb5baf91c5a31ab3a165eacb3a1ab3,"{""distance"":5,""physical_error_rate"":0.0002}","{""detection_events"":14883,""detectors_checked"":16973824}"
        32,         7,         0,   0.417,exact_mw,7fd11737ba5953e5998cf5d5ab7672462ce2ff07a9ab0f8628176a3f70e7a095,"{""distance"":5,""physical_error_rate"":0.05}","{""detection_events"":1285,""detectors_checked"":7168,""obs_mistake_mask=E"":7}"
       512,         0,         0,   0.647,exact_mw,38b7ae1c4e8407fc325e0d9e43e9f92ff26dcb3f5cf7b98d24ea74c9e5188d39,"{""distance"":5,""physical_error_rate"":0.005}","{""detection_events"":2489,""detectors_checked"":114688}"
       128,         0,         0,   0.496,exact_mw,72230d8c06b5a71069df48ede6f7f3e6128cd83e8239dd1b2e5fe023578b6eb1,"{""distance"":5,""physical_error_rate"":0.01}","{""detection_events"":1139,""detectors_checked"":28672}"
        32,        12,         0,   0.440,exact_mw,7fd11737ba5953e5998cf5d5ab7672462ce2ff07a9ab0f8628176a3f70e7a095,"{""distance"":5,""physical_error_rate"":0.05}","{""detection_events"":1289,""detectors_checked"":7168,""obs_mistake_mask=E"":12}"
      1024,         0,         0,   0.232,exact_mw,3208f56225bbcac0e2804eb6f92d0a8b681652a702ca1ec920ccd7367f0e0899,"{""distance"":5,""physical_error_rate"":0.002}","{""detection_events"":1931,""detectors_checked"":229376}"
      2048,         0,         0,   0.036,exact_mw,bb90ec3459e353008cf9a5bb9142bf1e8515517a9e167021b225104594e48e8a,"{""distance"":5,""physical_error_rate"":0.001}","{""detection_events"":2141,""detectors_checked"":458752}"
       512,         1,         0,   0.485,exact_mw,38b7ae1c4e8407fc325e0d9e43e9f92ff26dcb3f5cf7b98d24ea74c9e5188d39,"{""distance"":5,""physical_error_rate"":0.005}","{""detection_events"":2284,""detectors_checked"":114688,""obs_mistake_mask=E"":1}"
         1,         0,         0,   0.013,exact_mw,f32ebecd8e105e50ec838d33c5ed9b45444b6b44a3c6ac541111079f2b14e893,"{""distance"":5,""physical_error_rate"":5e-05}","{""detectors_checked"":224}"
      5120,         0,         0,   0.055,exact_mw,70a969f5042aec17ac076c6379f4170fb7c69b8e925756ef3b7334e28a33338b,"{""distance"":5,""physical_error_rate"":0.0001}","{""detection_events"":521,""detectors_checked"":1146880}"
      8192,         0,         0,   0.303,exact_mw,bb90ec3459e353008cf9a5bb9142bf1e8515517a9e167021b225104594e48e8a,"{""distance"":5,""physical_error_rate"":0.001}","{""detection_events"":8147,""detectors_checked"":1835008}"
      6144,         0,         0,   0.069,exact_mw,cdc4a450a40af8e24899239080e4c40992fb5baf91c5a31ab3a165eacb3a1ab3,"{""distance"":5,""physical_error_rate"":0.0002}","{""detection_events"":1278,""detectors_checked"":1376256}"
        64,         2,         0,   0.373,exact_mw,7b4896c0e7f0a510554d89637fd747b157418067a95869d1f0661294d473d1dc,"{""distance"":5,""physical_error_rate"":0.02}","{""detection_events"":1101,""detectors_checked"":14336,""obs_mistake_mask=E"":2}"
     13312,         0,         0,   0.148,exact_mw,cb12ae119b9b2ba18d0216e7235b403229e92fd0743ede48fe7f1a2c6f45d594,"{""distance"":5,""physical_error_rate"":0.0005}","{""detection_events"":6437,""detectors_checked"":2981888}"
      2048,         0,         0,   0.062,exact_mw,bb90ec3459e353008cf9a5bb9142bf1e8515517a9e167021b225104594e48e8a,"{""distance"":5,""physical_error_rate"":0.001}","{""detection_events"":2004,""detectors_checked"":458752}"
      3344,         0,         0,   0.021,exact_mw,f32ebecd8e105e50ec838d33c5ed9b45444b6b44a3c6ac541111079f2b14e893,"{""distance"":5,""physical_error_rate"":5e-05}","{""detection_events"":155,""detectors_checked"":749056}"
      7168,         0,         0,   0.040,exact_mw,cdc4a450a40af8e24899239080e4c40992fb5baf91c5a31ab3a165eacb3a1ab3,"{""distance"":5,""physical_error_rate"":0.0002}","{""detection_events"":1369,""detectors_checked"":1605632}"
     78848,         0,         0,   0.554,exact_mw,70a969f5042aec17ac076c6379f4170fb7c69b8e925756ef3b7334e28a33338b,"{""distance"":5,""physical_error_rate"":0.0001}","{""detection_events"":7767,""detectors_checked"":17661952}"
      6144,         0,         0,   0.070,exact_mw,cb12ae119b9b2ba18d0216e7235b403229e92fd0743ede48fe7f1a2c6f45d594,"{""distance"":5,""physical_error_rate"":0.0005}","{""detection_events"":3246,""detectors_checked"":1376256}"
         8,         4,         0,   0.283,exact_mw,d68317bf2f4c69d73359111c5597779a07d8ed85f1f94573f1c8a2f6c683850d,"{""distance"":5,""physical_error_rate"":0.2}","{""detection_events"":710,""detectors_checked"":1792,""obs_mistake_mask=E"":4}"
      1024,         0,         0,   0.114,exact_mw,3208f56225bbcac0e2804eb6f92d0a8b681652a702ca1ec920ccd7367f0e0899,"{""distance"":5,""physical_error_rate"":0.002}","{""detection_events"":1920,""detectors_checked"":229376}"
      2048,         0,         0,   0.048,exact_mw,bb90ec3459e353008cf9a5bb9142bf1e8515517a9e167021b225104594e48e8a,"{""distance"":5,""physical_error_rate"":0.001}","{""detection_events"":2061,""detectors_checked"":458752}"
      3072,         0,         0,   0.011,exact_mw,f32ebecd8e105e50ec838d33c5ed9b45444b6b44a3c6ac541111079f2b14e893,"{""distance"":5,""physical_error_rate"":5e-05}","{""detection_events"":186,""detectors_checked"":688128}"
      1024,         0,         0,   0.027,exact_mw,bb90ec3459e353008cf9a5bb9142bf1e8515517a9e167021b225104594e48e8a,"{""distance"":5,""physical_error_rate"":0.001}","{""detection_events"":969,""detectors_checked"":229376}"
     39936,         0,         0,   0.292,exact_mw,f32ebecd8e105e50ec838d33c5ed9b45444b6b44a3c6ac541111079f2b14e893,"{""distance"":5,""physical_error_rate"":5e-05}","{""detection_events"":2088,""detectors_checked"":8945664}"
      4096,         0,         0,   0.028,exact_mw,cdc4a450a40af8e24899239080e4c40992fb5baf91c5a31ab3a165eacb3a1ab3,"{""distance"":5,""physical_error_rate"":0.0002}","{""detection_events"":787,""detectors_checked"":917504}"
         1,         0,         0,   0.001,exact_mw,70a969f5042aec17ac076c6379f4170fb7c69b8e925756ef3b7334e28a33338b,"{""distance"":5,""physical_error_rate"":0.0001}","{""detectors_checked"":224}"
         1,         1,         0,   0.013,exact_mw,7b4896c0e7f0a510554d89637fd747b157418067a95869d1f0661294d473d1dc,"{""distance"":5,""physical_error_rate"":0.02}","{""detection_events"":16,""detectors_checked"":224,""obs_mistake_mask=E"":1}"
        17,         7,         0,   0.290,exact_mw,d68317bf2f4c69d73359111c5597779a07d8ed85f1f94573f1c8a2f6c683850d,"{""distance"":5,""physical_error_rate"":0.2}","{""detection_events"":1472,""detectors_checked"":3808,""obs_mistake_mask=E"":7}"
      3072,         0,         0,   0.020,exact_mw,f32ebecd8e105e50ec838d33c5ed9b45444b6b44a3c6ac541111079f2b14e893,"{""distance"":5,""physical_error_rate"":5e-05}","{""detection_events"":175,""detectors_checked"":688128}"
      2320,         0,         0,   0.018,exact_mw,70a969f5042aec17ac076c6379f4170fb7c69b8e925756ef3b7334e28a33338b,"{""distance"":5,""physical_error_rate"":0.0001}","{""detection_events"":176,""detectors_checked"":519680}"
      8192,         0,         0,   0.082,exact_mw,70a969f5042aec17ac076c6379f4170fb7c69b8e925756ef3b7334e28a33338b,"{""distance"":5,""physical_error_rate"":0.0001}","{""detection_events"":915,""detectors_checked"":1835008}"
      6144,         0,         0,   0.066,exact_mw,cdc4a450a40af8e24899239080e4c40992fb5baf91c5a31ab3a165eacb3a1ab3,"{""distance"":5,""physical_error_rate"":0.0002}","{""detection_events"":1128,""detectors_checked"":1376256}"
       273,         0,         0,   0.065,exact_mw,3208f56225bbcac0e2804eb6f92d0a8b681652a702ca1ec920ccd7367f0e0899,"{""distance"":5,""physical_error_rate"":0.002}","{""detection_events"":588,""detectors_checked"":61152}"
        64,        38,         0,   0.670,exact_mw,d68317bf2f4c69d73359111c5597779a07d8ed85f1f94573f1c8a2f6c683850d,"{""distance"":5,""physical_error_rate"":0.2}","{""detection_events"":5727,""detectors_checked"":14336,""obs_mistake_mask=E"":38}"
      2048,         0,         0,   0.036,exact_mw,bb90ec3459e353008cf9a5bb9142bf1e8515517a9e167021b225104594e48e8a,"{""distance"":5,""physical_error_rate"":0.001}","{""detection_events"":2065,""detectors_checked"":458752}"
      8192,         0,         0,   0.078,exact_mw,cb12ae119b9b2ba18d0216e7235b403229e92fd0743ede48fe7f1a2c6f45d594,"{""distance"":5,""physical_error_rate"":0.0005}","{""detection_events"":3983,""detectors_checked"":1835008}"
      3072,         0,         0,   0.028,exact_mw,70a969f5042aec17ac076c6379f4170fb7c69b8e925756ef3b7334e28a33338b,"{""distance"":5,""physical_error_rate"":0.0001}","{""detection_events"":302,""detectors_checked"":688128}"
     26624,         0,         0,   0.285,exact_mw,f32ebecd8e105e50ec838d33c5ed9b45444b6b44a3c6ac541111079f2b14e893,"{""distance"":5,""physical_error_rate"":5e-05}","{""detection_events"":1382,""detectors_checked"":5963776}"
      2048,         0,         0,   0.051,exact_mw,bb90ec3459e353008cf9a5bb9142bf1e8515517a9e167021b225104594e48e8a,"{""distance"":5,""physical_error_rate"":0.001}","{""detection_events"":1954,""detectors_checked"":458752}"
      4096,         0,         0,   0.052,exact_mw,f32ebecd8e105e50ec838d33c5ed9b45444b6b44a3c6ac541111079f2b14e893,"{""distance"":5,""physical_error_rate"":5e-05}","{""detection_events"":214,""detectors_checked"":917504}"
        32,        18,         0,   0.300,exact_mw,7def73f725f8347dc4de7c57664b66d91778cc6018e33f45b3defe89c7a0cfc0,"{""distance"":5,""physical_error_rate"":0.1}","{""detection_events"":1946,""detectors_checked"":7168,""obs_mistake_mask=E"":18}"
      3072,         0,         0,   0.030,exact_mw,70a969f5042aec17ac076c6379f4170fb7c69b8e925756ef3b7334e28a33338b,"{""distance"":5,""physical_error_rate"":0.0001}","{""detection_events"":291,""detectors_checked"":688128}"
     11264,         0,         0,   0.081,exact_mw,cdc4a450a40af8e24899239080e4c40992fb5baf91c5a31ab3a165eacb3a1ab3,"{""distance"":5,""physical_error_rate"":0.0002}","{""detection_events"":2243,""detectors_checked"":2523136}"
        32,        19,         0,   0.331,exact_mw,14059eecea5f7bdc562c01e7682d53b775a747f80d40379178915ac673e3b6bb,"{""distance"":5,""physical_error_rate"":0.5}","{""detection_events"":3599,""detectors_checked"":7168,""obs_mistake_mask=E"":19}"
        32,        20,         0,   0.369,exact_mw,14059eecea5f7bdc562c01e7682d53b775a747f80d40379178915ac673e3b6bb,"{""distance"":5,""physical_error_rate"":0.5}","{""detection_events"":3586,""detectors_checked"":7168,""obs_mistake_mask=E"":20}"
      8192,         0,         0,   0.056,exact_mw,f32ebecd8e105e50ec838d33c5ed9b45444b6b44a3c6ac541111079f2b14e893,"{""distance"":5,""physical_error_rate"":5e-05}","{""detection_events"":361,""detectors_checked"":1835008}"
     33792,         0,         0,   0.300,exact_mw,cdc4a450a40af8e24899239080e4c40992fb5baf91c5a31ab3a165eacb3a1ab3,"{""distance"":5,""physical_error_rate"":0.0002}","{""detection_events"":6786,""detectors_checked"":7569408}"
      2048,         0,         0,   0.080,exact_mw,bb90ec3459e353008cf9a5bb9142bf1e8515517a9e167021b225104594e48e8a,"{""distance"":5,""physical_error_rate"":0.001}","{""detection_events"":2076,""detectors_checked"":458752}"
     14336,         0,         0,   0.105,exact_mw,70a969f5042aec17ac076c6379f4170fb7c69b8e925756ef3b7334e28a33338b,"{""distance"":5,""physical_error_rate"":0.0001}","{""detection_events"":1397,""detectors_checked"":3211264}"
      3072,         0,         0,   0.038,exact_mw,70a969f5042aec17ac076c6379f4170fb7c69b8e925756ef3b7334e28a33338b,"{""distance"":5,""physical_error_rate"":0.0001}","{""detection_events"":273,""detectors_checked"":688128}"
        64,         3,         0,   0.732,exact_mw,7b4896c0e7f0a510554d89637fd747b157418067a95869d1f0661294d473d1dc,"{""distance"":5,""physical_error_rate"":0.02}","{""detection_events"":1141,""detectors_checked"":14336,""obs_mistake_mask=E"":3}"
       128,         1,         0,   0.743,exact_mw,72230d8c06b5a71069df48ede6f7f3e6128cd83e8239dd1b2e5fe023578b6eb1,"{""distance"":5,""physical_error_rate"":0.01}","{""detection_events"":1223,""detectors_checked"":28672,""obs_mistake_mask=E"":1}"
      7168,         0,         0,   0.106,exact_mw,cdc4a450a40af8e24899239080e4c40992fb5baf91c5a31ab3a165eacb3a1ab3,"{""distance"":5,""physical_error_rate"":0.0002}","{""detection_events"":1363,""detectors_checked"":1605632}"
        16,         1,         0,   0.137,exact_mw,7b4896c0e7f0a510554d89637fd747b157418067a95869d1f0661294d473d1dc,"{""distance"":5,""physical_error_rate"":0.02}","{""detection_events"":271,""detectors_checked"":3584,""obs_mistake_mask=E"":1}"
        64,        14,         0,   0.547,exact_mw,7fd11737ba5953e5998cf5d5ab7672462ce2ff07a9ab0f8628176a3f70e7a095,"{""distance"":5,""physical_error_rate"":0.05}","{""detection_events"":2460,""detectors_checked"":14336,""obs_mistake_mask=E"":14}"
     33792,         0,         0,   0.300,exact_mw,70a969f5042aec17ac076c6379f4170fb7c69b8e925756ef3b7334e28a33338b,"{""distance"":5,""physical_error_rate"":0.0001}","{""detection_events"":3428,""detectors_checked"":7569408}"
      2048,         0,         0,   0.086,exact_mw,bb90ec3459e353008cf9a5bb9142bf1e8515517a9e167021b225104594e48e8a,"{""distance"":5,""physical_error_rate"":0.001}","{""detection_events"":2023,""detectors_checked"":458752}"
     12288,         0,         0,   0.110,exact_mw,cb12ae119b9b2ba18d0216e7235b403229e92fd0743ede48fe7f1a2c6f45d594,"{""distance"":5,""physical_error_rate"":0.0005}","{""detection_events"":5923,""detectors_checked"":2752512}"
      1024,         0,         0,   0.188,exact_mw,3208f56225bbcac0e2804eb6f92d0a8b681652a702ca1ec920ccd7367f0e0899,"{""distance"":5,""physical_error_rate"":0.002}","{""detection_events"":2019,""detectors_checked"":229376}"
     18432,         0,         0,   0.196,exact_mw,cb12ae119b9b2ba18d0216e7235b403229e92fd0743ede48fe7f1a2c6f45d594,"{""distance"":5,""physical_error_rate"":0.0005}","{""detection_events"":8993,""detectors_checked"":4128768}"
        32,        19,         0,   0.433,exact_mw,14059eecea5f7bdc562c01e7682d53b775a747f80d40379178915ac673e3b6bb,"{""distance"":5,""physical_error_rate"":0.5}","{""detection_events"":3520,""detectors_checked"":7168,""obs_mistake_mask=E"":19}"
     43008,         0,         0,   0.575,exact_mw,cb12ae119b9b2ba18d0216e7235b403229e92fd0743ede48fe7f1a2c6f45d594,"{""distance"":5,""physical_error_rate"":0.0005}","{""detection_events"":20908,""detectors_checked"":9633792}"
      6144,         0,         0,   0.059,exact_mw,70a969f5042aec17ac076c6379f4170fb7c69b8e925756ef3b7334e28a33338b,"{""distance"":5,""physical_error_rate"":0.0001}","{""detection_events"":566,""detectors_checked"":1376256}"
     14336,         0,         0,   0.107,exact_mw,cdc4a450a40af8e24899239080e4c40992fb5baf91c5a31ab3a165eacb3a1ab3,"{""distance"":5,""physical_error_rate"":0.0002}","{""detection_events"":2737,""detectors_checked"":3211264}"
     10240,         0,         0,   0.076,exact_mw,f32ebecd8e105e50ec838d33c5ed9b45444b6b44a3c6ac541111079f2b14e893,"{""distance"":5,""physical_error_rate"":5e-05}","{""detection_events"":569,""detectors_checked"":2293760}"
      3072,         0,         0,   0.079,exact_mw,bb90ec3459e353008cf9a5bb9142bf1e8515517a9e167021b225104594e48e8a,"{""distance"":5,""physical_error_rate"":0.001}","{""detection_events"":2916,""detectors_checked"":688128}"
     38912,         0,         0,   0.393,exact_mw,cb12ae119b9b2ba18d0216e7235b403229e92fd0743ede48fe7f1a2c6f45d594,"{""distance"":5,""physical_error_rate"":0.0005}","{""detection_events"":19315,""detectors_checked"":8716288}"
        32,        20,         0,   0.334,exact_mw,d68317bf2f4c69d73359111c5597779a07d8ed85f1f94573f1c8a2f6c683850d,"{""distance"":5,""physical_error_rate"":0.2}","{""detection_events"":2890,""detectors_checked"":7168,""obs_mistake_mask=E"":20}"
        32,        14,         0,   0.335,exact_mw,7def73f725f8347dc4de7c57664b66d91778cc6018e33f45b3defe89c7a0cfc0,"{""distance"":5,""physical_error_rate"":0.1}","{""detection_events"":2063,""detectors_checked"":7168,""obs_mistake_mask=E"":14}"
      1024,         0,         0,   0.189,exact_mw,3208f56225bbcac0e2804eb6f92d0a8b681652a702ca1ec920ccd7367f0e0899,"{""distance"":5,""physical_error_rate"":0.002}","{""detection_events"":2057,""detectors_checked"":229376}"
      1024,         0,         0,   0.268,exact_mw,3208f56225bbcac0e2804eb6f92d0a8b681652a702ca1ec920ccd7367f0e0899,"{""distance"":5,""physical_error_rate"":0.002}","{""detection_events"":1941,""detectors_checked"":229376}"
        32,        16,         0,   0.425,exact_mw,d68317bf2f4c69d73359111c5597779a07d8ed85f1f94573f1c8a2f6c683850d,"{""distance"":5,""physical_error_rate"":0.2}","{""detection_events"":2778,""detectors_checked"":7168,""obs_mistake_mask=E"":16}"
       512,         0,         0,   0.777,exact_mw,38b7ae1c4e8407fc325e0d9e43e9f92ff26dcb3f5cf7b98d24ea74c9e5188d39,"{""distance"":5,""physical_error_rate"":0.005}","{""detection_events"":2452,""detectors_checked"":114688}"
      3072,         0,         0,   0.110,exact_mw,bb90ec3459e353008cf9a5bb9142bf1e8515517a9e167021b225104594e48e8a,"{""distance"":5,""physical_error_rate"":0.001}","{""detection_events"":3194,""detectors_checked"":688128}"
      7168,         0,         0,   0.081,exact_mw,70a969f5042aec17ac076c6379f4170fb7c69b8e925756ef3b7334e28a33338b,"{""distance"":5,""physical_error_rate"":0.0001}","{""detection_events"":662,""detectors_checked"":1605632}"
       128,         2,         0,   0.451,exact_mw,72230d8c06b5a71069df48ede6f7f3e6128cd83e8239dd1b2e5fe023578b6eb1,"{""distance"":5,""physical_error_rate"":0.01}","{""detection_events"":1148,""detectors_checked"":28672,""obs_mistake_mask=E"":2}"
     19456,         0,         0,   0.158,exact_mw,70a969f5042aec17ac076c6379f4170fb7c69b8e925756ef3b7334e28a33338b,"{""distance"":5,""physical_error_rate"":0.0001}","{""detection_events"":1943,""detectors_checked"":4358144}"
     14336,         0,         0,   0.163,exact_mw,cdc4a450a40af8e24899239080e4c40992fb5baf91c5a31ab3a165eacb3a1ab3,"{""distance"":5,""physical_error_rate"":0.0002}","{""detection_events"":2764,""detectors_checked"":3211264}"
        32,         7,         0,   0.432,exact_mw,7fd11737ba5953e5998cf5d5ab7672462ce2ff07a9ab0f8628176a3f70e7a095,"{""distance"":5,""physical_error_rate"":0.05}","{""detection_events"":1293,""detectors_checked"":7168,""obs_mistake_mask=E"":7}"
      5120,         0,         0,   0.109,exact_mw,bb90ec3459e353008cf9a5bb9142bf1e8515517a9e167021b225104594e48e8a,"{""distance"":5,""physical_error_rate"":0.001}","{""detection_events"":5183,""detectors_checked"":1146880}"
     16384,         0,         0,   0.160,exact_mw,cb12ae119b9b2ba18d0216e7235b403229e92fd0743ede48fe7f1a2c6f45d594,"{""distance"":5,""physical_error_rate"":0.0005}","{""detection_events"":8153,""detectors_checked"":3670016}"
       128,         0,         0,   0.582,exact_mw,72230d8c06b5a71069df48ede6f7f3e6128cd83e8239dd1b2e5fe023578b6eb1,"{""distance"":5,""physical_error_rate"":0.01}","{""detection_events"":1182,""detectors_checked"":28672}"
     14336,         0,         0,   0.136,exact_mw,f32ebecd8e105e50ec838d33c5ed9b45444b6b44a3c6ac541111079f2b14e893,"{""distance"":5,""physical_error_rate"":5e-05}","{""detection_events"":593,""detectors_checked"":3211264}"
      1024,         0,         0,   0.175,exact_mw,3208f56225bbcac0e2804eb6f92d0a8b681652a702ca1ec920ccd7367f0e0899,"{""distance"":5,""physical_error_rate"":0.002}","{""detection_events"":1981,""detectors_checked"":229376}"
        32,         7,         0,   0.415,exact_mw,7fd11737ba5953e5998cf5d5ab7672462ce2ff07a9ab0f8628176a3f70e7a095,"{""distance"":5,""physical_error_rate"":0.05}","{""detection_events"":1232,""detectors_checked"":7168,""obs_mistake_mask=E"":7}"
     77824,         0,         0,   0.575,exact_mw,f32ebecd8e105e50ec838d33c5ed9b45444b6b44a3c6ac541111079f2b14e893,"{""distance"":5,""physical_error_rate"":5e-05}","{""detection_events"":3918,""detectors_checked"":17432576}"
        32,         9,         0,   0.436,exact_mw,7fd11737ba5953e5998cf5d5ab7672462ce2ff07a9ab0f8628176a3f70e7a095,"{""distance"":5,""physical_error_rate"":0.05}","{""detection_events"":1242,""detectors_checked"":7168,""obs_mistake_mask=E"":9}"
     20480,         0,         0,   0.147,exact_mw,cdc4a450a40af8e24899239080e4c40992fb5baf91c5a31ab3a165eacb3a1ab3,"{""distance"":5,""physical_error_rate"":0.0002}","{""detection_events"":4182,""detectors_checked"":4587520}"
       273,         0,         0,   0.010,exact_mw,cb12ae119b9b2ba18d0216e7235b403229e92fd0743ede48fe7f1a2c6f45d594,"{""distance"":5,""physical_error_rate"":0.0005}","{""detection_events"":143,""detectors_checked"":61152}"
     16384,         0,         0,   0.407,exact_mw,bb90ec3459e353008cf9a5bb9142bf1e8515517a9e167021b225104594e48e8a,"{""distance"":5,""physical_error_rate"":0.001}","{""detection_events"":16077,""detectors_checked"":3670016}"
      2048,         0,         0,   0.020,exact_mw,cb12ae119b9b2ba18d0216e7235b403229e92fd0743ede48fe7f1a2c6f45d594,"{""distance"":5,""physical_error_rate"":0.0005}","{""detection_events"":1054,""detectors_checked"":458752}"
        16,         7,         0,   0.570,exact_mw,7def73f725f8347dc4de7c57664b66d91778cc6018e33f45b3defe89c7a0cfc0,"{""distance"":5,""physical_error_rate"":0.1}","{""detection_events"":922,""detectors_checked"":3584,""obs_mistake_mask=E"":7}"
     11264,         0,         0,   0.108,exact_mw,70a969f5042aec17ac076c6379f4170fb7c69b8e925756ef3b7334e28a33338b,"{""distance"":5,""physical_error_rate"":0.0001}","{""detection_events"":1091,""detectors_checked"":2523136}"
         1,         0,         0,   0.002,exact_mw,38b7ae1c4e8407fc325e0d9e43e9f92ff26dcb3f5cf7b98d24ea74c9e5188d39,"{""distance"":5,""physical_error_rate"":0.005}","{""detection_events"":5,""detectors_checked"":224}"
        64,         2,         0,   0.740,exact_mw,7b4896c0e7f0a510554d89637fd747b157418067a95869d1f0661294d473d1dc,"{""distance"":5,""physical_error_rate"":0.02}","{""detection_events"":1256,""detectors_checked"":14336,""obs_mistake_mask=E"":2}"
      3072,         0,         0,   0.017,exact_mw,cb12ae119b9b2ba18d0216e7235b403229e92fd0743ede48fe7f1a2c6f45d594,"{""distance"":5,""physical_error_rate"":0.0005}","{""detection_events"":1570,""detectors_checked"":688128}"
      8192,         1,         0,   0.664,exact_mw,3208f56225bbcac0e2804eb6f92d0a8b681652a702ca1ec920ccd7367f0e0899,"{""distance"":5,""physical_error_rate"":0.002}","{""detection_events"":16097,""detectors_checked"":1835008,""obs_mistake_mask=E"":1}"
        32,        19,         0,   0.318,exact_mw,7def73f725f8347dc4de7c57664b66d91778cc6018e33f45b3defe89c7a0cfc0,"{""distance"":5,""physical_error_rate"":0.1}","{""detection_events"":2072,""detectors_checked"":7168,""obs_mistake_mask=E"":19}"
      5120,         0,         0,   0.151,exact_mw,bb90ec3459e353008cf9a5bb9142bf1e8515517a9e167021b225104594e48e8a,"{""distance"":5,""physical_error_rate"":0.001}","{""detection_events"":4995,""detectors_checked"":1146880}"
     48128,         0,         0,   0.412,exact_mw,f32ebecd8e105e50ec838d33c5ed9b45444b6b44a3c6ac541111079f2b14e893,"{""distance"":5,""physical_error_rate"":5e-05}","{""detection_events"":2397,""detectors_checked"":10780672}"
      1024,         0,         0,   0.197,exact_mw,3208f56225bbcac0e2804eb6f92d0a8b681652a702ca1ec920ccd7367f0e0899,"{""distance"":5,""physical_error_rate"":0.002}","{""detection_events"":2082,""detectors_checked"":229376}"
        16,         0,         0,   0.024,exact_mw,38b7ae1c4e8407fc325e0d9e43e9f92ff26dcb3f5cf7b98d24ea74c9e5188d39,"{""distance"":5,""physical_error_rate"":0.005}","{""detection_events"":99,""detectors_checked"":3584}"
        32,        20,         0,   0.328,exact_mw,14059eecea5f7bdc562c01e7682d53b775a747f80d40379178915ac673e3b6bb,"{""distance"":5,""physical_error_rate"":0.5}","{""detection_events"":3589,""detectors_checked"":7168,""obs_mistake_mask=E"":20}"
        64,         1,         0,   0.461,exact_mw,7b4896c0e7f0a510554d89637fd747b157418067a95869d1f0661294d473d1dc,"{""distance"":5,""physical_error_rate"":0.02}","{""detection_events"":1169,""detectors_checked"":14336,""obs_mistake_mask=E"":1}"
        32,        17,         0,   0.329,exact_mw,14059eecea5f7bdc562c01e7682d53b775a747f80d40379178915ac673e3b6bb,"{""distance"":5,""physical_error_rate"":0.5}","{""detection_events"":3584,""detectors_checked"":7168,""obs_mistake_mask=E"":17}"
      4096,         0,         0,   0.047,exact_mw,cb12ae119b9b2ba18d0216e7235b403229e92fd0743ede48fe7f1a2c6f45d594,"{""distance"":5,""physical_error_rate"":0.0005}","{""detection_events"":1809,""detectors_checked"":917504}"
      1024,         0,         0,   0.128,exact_mw,3208f56225bbcac0e2804eb6f92d0a8b681652a702ca1ec920ccd7367f0e0899,"{""distance"":5,""physical_error_rate"":0.002}","{""detection_events"":2132,""detectors_checked"":229376}"
     49152,         0,         0,   0.414,exact_mw,f32ebecd8e105e50ec838d33c5ed9b45444b6b44a3c6ac541111079f2b14e893,"{""distance"":5,""physical_error_rate"":5e-05}","{""detection_events"":2406,""detectors_checked"":11010048}"
     26624,         0,         0,   0.295,exact_mw,cb12ae119b9b2ba18d0216e7235b403229e92fd0743ede48fe7f1a2c6f45d594,"{""distance"":5,""physical_error_rate"":0.0005}","{""detection_events"":13272,""detectors_checked"":5963776}"
      1024,         1,         0,   0.259,exact_mw,3208f56225bbcac0e2804eb6f92d0a8b681652a702ca1ec920ccd7367f0e0899,"{""distance"":5,""physical_error_rate"":0.002}","{""detection_events"":2025,""detectors_checked"":229376,""obs_mistake_mask=E"":1}"
      6144,         0,         0,   0.179,exact_mw,bb90ec3459e353008cf9a5bb9142bf1e8515517a9e167021b225104594e48e8a,"{""distance"":5,""physical_error_rate"":0.001}","{""detection_events"":6062,""detectors_checked"":1376256}"
     30720,         0,         0,   0.815,exact_mw,bb90ec3459e353008cf9a5bb9142bf1e8515517a9e167021b225104594e48e8a,"{""distance"":5,""physical_error_rate"":0.001}","{""detection_events"":30640,""detectors_checked"":6881280}"
        32,        16,         0,   0.495,exact_mw,d68317bf2f4c69d73359111c5597779a07d8ed85f1f94573f1c8a2f6c683850d,"{""distance"":5,""physical_error_rate"":0.2}","{""detection_events"":2842,""detectors_checked"":7168,""obs_mistake_mask=E"":16}"
      6144,         0,         0,   0.054,exact_mw,cb12ae119b9b2ba18d0216e7235b403229e92fd0743ede48fe7f1a2c6f45d594,"{""distance"":5,""physical_error_rate"":0.0005}","{""detection_events"":3114,""detectors_checked"":1376256}"
       512,         1,         0,   0.593,exact_mw,38b7ae1c4e8407fc325e0d9e43e9f92ff26dcb3f5cf7b98d24ea74c9e5188d39,"{""distance"":5,""physical_error_rate"":0.005}","{""detection_events"":2637,""detectors_checked"":114688,""obs_mistake_mask=E"":1}"
     18432,         0,         0,   0.203,exact_mw,70a969f5042aec17ac076c6379f4170fb7c69b8e925756ef3b7334e28a33338b,"{""distance"":5,""physical_error_rate"":0.0001}","{""detection_events"":1875,""detectors_checked"":4128768}"
     41984,         0,         0,   0.406,exact_mw,cdc4a450a40af8e24899239080e4c40992fb5baf91c5a31ab3a165eacb3a1ab3,"{""distance"":5,""physical_error_rate"":0.0002}","{""detection_events"":8292,""detectors_checked"":9404416}"
     16384,         0,         0,   0.211,exact_mw,cdc4a450a40af8e24899239080e4c40992fb5baf91c5a31ab3a165eacb3a1ab3,"{""distance"":5,""physical_error_rate"":0.0002}","{""detection_events"":3270,""detectors_checked"":3670016}"
        32,        18,         0,   0.323,exact_mw,d68317bf2f4c69d73359111c5597779a07d8ed85f1f94573f1c8a2f6c683850d,"{""distance"":5,""physical_error_rate"":0.2}","{""detection_events"":2846,""detectors_checked"":7168,""obs_mistake_mask=E"":18}"
     20480,         0,         0,   0.215,exact_mw,cb12ae119b9b2ba18d0216e7235b403229e92fd0743ede48fe7f1a2c6f45d594,"{""distance"":5,""physical_error_rate"":0.0005}","{""detection_events"":9741,""detectors_checked"":4587520}"
      5120,         0,         0,   0.174,exact_mw,f32ebecd8e105e50ec838d33c5ed9b45444b6b44a3c6ac541111079f2b14e893,"{""distance"":5,""physical_error_rate"":5e-05}","{""detection_events"":229,""detectors_checked"":1146880}"
        32,        17,         0,   0.336,exact_mw,7def73f725f8347dc4de7c57664b66d91778cc6018e33f45b3defe89c7a0cfc0,"{""distance"":5,""physical_error_rate"":0.1}","{""detection_events"":2071,""detectors_checked"":7168,""obs_mistake_mask=E"":17}"
     18432,         0,         0,   0.143,exact_mw,70a969f5042aec17ac076c6379f4170fb7c69b8e925756ef3b7334e28a33338b,"{""distance"":5,""physical_error_rate"":0.0001}","{""detection_events"":1849,""detectors_checked"":4128768}"
     36864,         0,         0,   0.408,exact_mw,70a969f5042aec17ac076c6379f4170fb7c69b8e925756ef3b7334e28a33338b,"{""distance"":5,""physical_error_rate"":0.0001}","{""detection_events"":3838,""detectors_checked"":8257536}"
     25600,         0,         0,   0.221,exact_mw,cdc4a450a40af8e24899239080e4c40992fb5baf91c5a31ab3a165eacb3a1ab3,"{""distance"":5,""physical_error_rate"":0.0002}","{""detection_events"":5066,""detectors_checked"":5734400}"
       512,         0,         0,   0.639,exact_mw,38b7ae1c4e8407fc325e0d9e43e9f92ff26dcb3f5cf7b98d24ea74c9e5188d39,"{""distance"":5,""physical_error_rate"":0.005}","{""detection_events"":2570,""detectors_checked"":114688}"
      4096,         0,         0,   0.067,exact_mw,cb12ae119b9b2ba18d0216e7235b403229e92fd0743ede48fe7f1a2c6f45d594,"{""distance"":5,""physical_error_rate"":0.0005}","{""detection_events"":2125,""detectors_checked"":917504}"
        32,        16,         0,   0.420,exact_mw,14059eecea5f7bdc562c01e7682d53b775a747f80d40379178915ac673e3b6bb,"{""distance"":5,""physical_error_rate"":0.5}","{""detection_events"":3569,""detectors_checked"":7168,""obs_mistake_mask=E"":16}"
       128,         1,         0,   0.689,exact_mw,72230d8c06b5a71069df48ede6f7f3e6128cd83e8239dd1b2e5fe023578b6eb1,"{""distance"":5,""physical_error_rate"":0.01}","{""detection_events"":1232,""detectors_checked"":28672,""obs_mistake_mask=E"":1}"
        32,        21,         0,   0.361,exact_mw,d68317bf2f4c69d73359111c5597779a07d8ed85f1f94573f1c8a2f6c683850d,"{""distance"":5,""physical_error_rate"":0.2}","{""detection_events"":2838,""detectors_checked"":7168,""obs_mistake_mask=E"":21}"
        16,         9,         0,   0.643,exact_mw,d68317bf2f4c69d73359111c5597779a07d8ed85f1f94573f1c8a2f6c683850d,"{""distance"":5,""physical_error_rate"":0.2}","{""detection_events"":1487,""detectors_checked"":3584,""obs_mistake_mask=E"":9}"
      1024,         0,         0,   0.134,exact_mw,3208f56225bbcac0e2804eb6f92d0a8b681652a702ca1ec920ccd7367f0e0899,"{""distance"":5,""physical_error_rate"":0.002}","{""detection_events"":1909,""detectors_checked"":229376}"
      8192,         0,         0,   0.213,exact_mw,bb90ec3459e353008cf9a5bb9142bf1e8515517a9e167021b225104594e48e8a,"{""distance"":5,""physical_error_rate"":0.001}","{""detection_events"":8237,""detectors_checked"":1835008}"
        64,        20,         0,   0.806,exact_mw,7fd11737ba5953e5998cf5d5ab7672462ce2ff07a9ab0f8628176a3f70e7a095,"{""distance"":5,""physical_error_rate"":0.05}","{""detection_events"":2495,""detectors_checked"":14336,""obs_mistake_mask=E"":20}"
      1024,         0,         0,   0.189,exact_mw,3208f56225bbcac0e2804eb6f92d0a8b681652a702ca1ec920ccd7367f0e0899,"{""distance"":5,""physical_error_rate"":0.002}","{""detection_events"":1943,""detectors_checked"":229376}"
      5120,         0,         0,   0.082,exact_mw,cb12ae119b9b2ba18d0216e7235b403229e92fd0743ede48fe7f1a2c6f45d594,"{""distance"":5,""physical_error_rate"":0.0005}","{""detection_events"":2404,""detectors_checked"":1146880}"
        32,         8,         0,   0.372,exact_mw,7fd11737ba5953e5998cf5d5ab7672462ce2ff07a9ab0f8628176a3f70e7a095,"{""distance"":5,""physical_error_rate"":0.05}","{""detection_events"":1256,""detectors_checked"":7168,""obs_mistake_mask=E"":8}"
    189440,         0,         0,   0.790,exact_mw,cdc4a450a40af8e24899239080e4c40992fb5baf91c5a31ab3a165eacb3a1ab3,"{""distance"":5,""physical_error_rate"":0.0002}","{""detection_events"":37105,""detectors_checked"":42434560}"
       128,         0,         0,   0.571,exact_mw,72230d8c06b5a71069df48ede6f7f3e6128cd83e8239dd1b2e5fe023578b6eb1,"{""distance"":5,""physical_error_rate"":0.01}","{""detection_events"":1324,""detectors_checked"":28672}"
        64,         5,         0,   0.573,exact_mw,7b4896c0e7f0a510554d89637fd747b157418067a95869d1f0661294d473d1dc,"{""distance"":5,""physical_error_rate"":0.02}","{""detection_events"":1129,""detectors_checked"":14336,""obs_mistake_mask=E"":5}"
      8192,         0,         0,   0.212,exact_mw,bb90ec3459e353008cf9a5bb9142bf1e8515517a9e167021b225104594e48e8a,"{""distance"":5,""physical_error_rate"":0.001}","{""detection_events"":8241,""detectors_checked"":1835008}"
     18432,         0,         0,   0.176,exact_mw,f32ebecd8e105e50ec838d33c5ed9b45444b6b44a3c6ac541111079f2b14e893,"{""distance"":5,""physical_error_rate"":5e-05}","{""detection_events"":964,""detectors_checked"":4128768}"
        64,        36,         0,   0.676,exact_mw,d68317bf2f4c69d73359111c5597779a07d8ed85f1f94573f1c8a2f6c683850d,"{""distance"":5,""physical_error_rate"":0.2}","{""detection_events"":5663,""detectors_checked"":14336,""obs_mistake_mask=E"":36}"
        64,         0,         0,   0.594,exact_mw,7b4896c0e7f0a510554d89637fd747b157418067a95869d1f0661294d473d1dc,"{""distance"":5,""physical_error_rate"":0.02}","{""detection_events"":1005,""detectors_checked"":14336}"
       256,         1,         0,   0.322,exact_mw,38b7ae1c4e8407fc325e0d9e43e9f92ff26dcb3f5cf7b98d24ea74c9e5188d39,"{""distance"":5,""physical_error_rate"":0.005}","{""detection_events"":1264,""detectors_checked"":57344,""obs_mistake_mask=E"":1}"
      1024,         0,         0,   0.129,exact_mw,3208f56225bbcac0e2804eb6f92d0a8b681652a702ca1ec920ccd7367f0e0899,"{""distance"":5,""physical_error_rate"":0.002}","{""detection_events"":2004,""detectors_checked"":229376}"
      2048,         0,         0,   0.328,exact_mw,3208f56225bbcac0e2804eb6f92d0a8b681652a702ca1ec920ccd7367f0e0899,"{""distance"":5,""physical_error_rate"":0.002}","{""detection_events"":3909,""detectors_checked"":458752}"
    143360,         0,         0,   0.777,exact_mw,70a969f5042aec17ac076c6379f4170fb7c69b8e925756ef3b7334e28a33338b,"{""distance"":5,""physical_error_rate"":0.0001}","{""detection_events"":13998,""detectors_checked"":32112640}"
        64,        12,         0,   0.611,exact_mw,7fd11737ba5953e5998cf5d5ab7672462ce2ff07a9ab0f8628176a3f70e7a095,"{""distance"":5,""physical_error_rate"":0.05}","{""detection_events"":2490,""detectors_checked"":14336,""obs_mistake_mask=E"":12}"
        32,        14,         0,   0.329,exact_mw,14059eecea5f7bdc562c01e7682d53b775a747f80d40379178915ac673e3b6bb,"{""distance"":5,""physical_error_rate"":0.5}","{""detection_events"":3603,""detectors_checked"":7168,""obs_mistake_mask=E"":14}"
     25600,         0,         0,   0.209,exact_mw,70a969f5042aec17ac076c6379f4170fb7c69b8e925756ef3b7334e28a33338b,"{""distance"":5,""physical_error_rate"":0.0001}","{""detection_events"":2513,""detectors_checked"":5734400}"
        32,        12,         0,   0.355,exact_mw,7def73f725f8347dc4de7c57664b66d91778cc6018e33f45b3defe89c7a0cfc0,"{""distance"":5,""physical_error_rate"":0.1}","{""detection_events"":2136,""detectors_checked"":7168,""obs_mistake_mask=E"":12}"
        32,         7,         0,   0.428,exact_mw,7fd11737ba5953e5998cf5d5ab7672462ce2ff07a9ab0f8628176a3f70e7a095,"{""distance"":5,""physical_error_rate"":0.05}","{""detection_events"":1226,""detectors_checked"":7168,""obs_mistake_mask=E"":7}"
      8192,         0,         0,   0.091,exact_mw,cb12ae119b9b2ba18d0216e7235b403229e92fd0743ede48fe7f1a2c6f45d594,"{""distance"":5,""physical_error_rate"":0.0005}","{""detection_events"":4213,""detectors_checked"":1835008}"
        32,         4,         0,   0.436,exact_mw,7fd11737ba5953e5998cf5d5ab7672462ce2ff07a9ab0f8628176a3f70e7a095,"{""distance"":5,""physical_error_rate"":0.05}","{""detection_events"":1254,""detectors_checked"":7168,""obs_mistake_mask=E"":4}"
     59392,         0,         0,   0.557,exact_mw,cb12ae119b9b2ba18d0216e7235b403229e92fd0743ede48fe7f1a2c6f45d594,"{""distance"":5,""physical_error_rate"":0.0005}","{""detection_events"":29093,""detectors_checked"":13303808}"
     25600,         0,         0,   0.283,exact_mw,70a969f5042aec17ac076c6379f4170fb7c69b8e925756ef3b7334e28a33338b,"{""distance"":5,""physical_error_rate"":0.0001}","{""detection_events"":2682,""detectors_checked"":5734400}"
      1024,         0,         0,   0.162,exact_mw,3208f56225bbcac0e2804eb6f92d0a8b681652a702ca1ec920ccd7367f0e0899,"{""distance"":5,""physical_error_rate"":0.002}","{""detection_events"":1964,""detectors_checked"":229376}"
     26624,         0,         0,   0.286,exact_mw,cdc4a450a40af8e24899239080e4c40992fb5baf91c5a31ab3a165eacb3a1ab3,"{""distance"":5,""physical_error_rate"":0.0002}","{""detection_events"":5314,""detectors_checked"":5963776}"
        32,        13,         0,   0.314,exact_mw,d68317bf2f4c69d73359111c5597779a07d8ed85f1f94573f1c8a2f6c683850d,"{""distance"":5,""physical_error_rate"":0.2}","{""detection_events"":2806,""detectors_checked"":7168,""obs_mistake_mask=E"":13}"
     29696,         0,         0,   0.305,exact_mw,cb12ae119b9b2ba18d0216e7235b403229e92fd0743ede48fe7f1a2c6f45d594,"{""distance"":5,""physical_error_rate"":0.0005}","{""detection_events"":14704,""detectors_checked"":6651904}"
        32,        17,         0,   0.416,exact_mw,14059eecea5f7bdc562c01e7682d53b775a747f80d40379178915ac673e3b6bb,"{""distance"":5,""physical_error_rate"":0.5}","{""detection_events"":3625,""detectors_checked"":7168,""obs_mistake_mask=E"":17}"
       128,         0,         0,   0.536,exact_mw,72230d8c06b5a71069df48ede6f7f3e6128cd83e8239dd1b2e5fe023578b6eb1,"{""distance"":5,""physical_error_rate"":0.01}","{""detection_events"":1202,""detectors_checked"":28672}"
     34816,         0,         0,   0.288,exact_mw,cdc4a450a40af8e24899239080e4c40992fb5baf91c5a31ab3a165eacb3a1ab3,"{""distance"":5,""physical_error_rate"":0.0002}","{""detection_events"":6727,""detectors_checked"":7798784}"
        32,        14,         0,   0.328,exact_mw,d68317bf2f4c69d73359111c5597779a07d8ed85f1f94573f1c8a2f6c683850d,"{""distance"":5,""physical_error_rate"":0.2}","{""detection_events"":2877,""detectors_checked"":7168,""obs_mistake_mask=E"":14}"
       512,         0,         0,   0.623,exact_mw,38b7ae1c4e8407fc325e0d9e43e9f92ff26dcb3f5cf7b98d24ea74c9e5188d39,"{""distance"":5,""physical_error_rate"":0.005}","{""detection_events"":2476,""detectors_checked"":114688}"
     35840,         0,         0,   0.396,exact_mw,cb12ae119b9b2ba18d0216e7235b403229e92fd0743ede48fe7f1a2c6f45d594,"{""distance"":5,""physical_error_rate"":0.0005}","{""detection_events"":17231,""detectors_checked"":8028160}"
        32,        12,         0,   0.337,exact_mw,7def73f725f8347dc4de7c57664b66d91778cc6018e33f45b3defe89c7a0cfc0,"{""distance"":5,""physical_error_rate"":0.1}","{""detection_events"":2076,""detectors_checked"":7168,""obs_mistake_mask=E"":12}"
        64,         1,         0,   0.475,exact_mw,7b4896c0e7f0a510554d89637fd747b157418067a95869d1f0661294d473d1dc,"{""distance"":5,""physical_error_rate"":0.02}","{""detection_events"":1107,""detectors_checked"":14336,""obs_mistake_mask=E"":1}"
     12288,         0,         0,   0.292,exact_mw,bb90ec3459e353008cf9a5bb9142bf1e8515517a9e167021b225104594e48e8a,"{""distance"":5,""physical_error_rate"":0.001}","{""detection_events"":11997,""detectors_checked"":2752512}"
        32,        10,         0,   0.324,exact_mw,d68317bf2f4c69d73359111c5597779a07d8ed85f1f94573f1c8a2f6c683850d,"{""distance"":5,""physical_error_rate"":0.2}","{""detection_events"":2864,""detectors_checked"":7168,""obs_mistake_mask=E"":10}"
     10240,         0,         0,   0.162,exact_mw,cb12ae119b9b2ba18d0216e7235b403229e92fd0743ede48fe7f1a2c6f45d594,"{""distance"":5,""physical_error_rate"":0.0005}","{""detection_events"":5127,""detectors_checked"":2293760}"
     16384,         0,         0,   0.560,exact_mw,bb90ec3459e353008cf9a5bb9142bf1e8515517a9e167021b225104594e48e8a,"{""distance"":5,""physical_error_rate"":0.001}","{""detection_events"":16288,""detectors_checked"":3670016}"
        32,        17,         0,   0.345,exact_mw,14059eecea5f7bdc562c01e7682d53b775a747f80d40379178915ac673e3b6bb,"{""distance"":5,""physical_error_rate"":0.5}","{""detection_events"":3573,""detectors_checked"":7168,""obs_mistake_mask=E"":17}"
        32,         7,         0,   0.272,exact_mw,7fd11737ba5953e5998cf5d5ab7672462ce2ff07a9ab0f8628176a3f70e7a095,"{""distance"":5,""physical_error_rate"":0.05}","{""detection_events"":1146,""detectors_checked"":7168,""obs_mistake_mask=E"":7}"
      1024,         0,         0,   0.222,exact_mw,3208f56225bbcac0e2804eb6f92d0a8b681652a702ca1ec920ccd7367f0e0899,"{""distance"":5,""physical_error_rate"":0.002}","{""detection_events"":2123,""detectors_checked"":229376}"
     59392,         0,         0,   0.795,exact_mw,cb12ae119b9b2ba18d0216e7235b403229e92fd0743ede48fe7f1a2c6f45d594,"{""distance"":5,""physical_error_rate"":0.0005}","{""detection_events"":29713,""detectors_checked"":13303808}"
     55296,         0,         0,   0.572,exact_mw,f32ebecd8e105e50ec838d33c5ed9b45444b6b44a3c6ac541111079f2b14e893,"{""distance"":5,""physical_error_rate"":5e-05}","{""detection_events"":2719,""detectors_checked"":12386304}"
     34816,         0,         0,   0.296,exact_mw,f32ebecd8e105e50ec838d33c5ed9b45444b6b44a3c6ac541111079f2b14e893,"{""distance"":5,""physical_error_rate"":5e-05}","{""detection_events"":1535,""detectors_checked"":7798784}"
        64,         2,         0,   0.617,exact_mw,7b4896c0e7f0a510554d89637fd747b157418067a95869d1f0661294d473d1dc,"{""distance"":5,""physical_error_rate"":0.02}","{""detection_events"":1158,""detectors_checked"":14336,""obs_mistake_mask=E"":2}"
     11264,         0,         0,   0.308,exact_mw,bb90ec3459e353008cf9a5bb9142bf1e8515517a9e167021b225104594e48e8a,"{""distance"":5,""physical_error_rate"":0.001}","{""detection_events"":11114,""detectors_checked"":2523136}"
       128,         0,         0,   0.731,exact_mw,72230d8c06b5a71069df48ede6f7f3e6128cd83e8239dd1b2e5fe023578b6eb1,"{""distance"":5,""physical_error_rate"":0.01}","{""detection_events"":1165,""detectors_checked"":28672}"
       256,         0,         0,   0.285,exact_mw,38b7ae1c4e8407fc325e0d9e43e9f92ff26dcb3f5cf7b98d24ea74c9e5188d39,"{""distance"":5,""physical_error_rate"":0.005}","{""detection_events"":1301,""detectors_checked"":57344}"
      1297,         0,         0,   0.006,exact_mw,cdc4a450a40af8e24899239080e4c40992fb5baf91c5a31ab3a165eacb3a1ab3,"{""distance"":5,""physical_error_rate"":0.0002}","{""detection_events"":241,""detectors_checked"":290528}"
        32,        15,         0,   0.285,exact_mw,7def73f725f8347dc4de7c57664b66d91778cc6018e33f45b3defe89c7a0cfc0,"{""distance"":5,""physical_error_rate"":0.1}","{""detection_events"":1954,""detectors_checked"":7168,""obs_mistake_mask=E"":15}"
     70656,         0,         0,   0.566,exact_mw,f32ebecd8e105e50ec838d33c5ed9b45444b6b44a3c6ac541111079f2b14e893,"{""distance"":5,""physical_error_rate"":5e-05}","{""detection_events"":3707,""detectors_checked"":15826944}"
      1024,         0,         0,   0.004,exact_mw,cdc4a450a40af8e24899239080e4c40992fb5baf91c5a31ab3a165eacb3a1ab3,"{""distance"":5,""physical_error_rate"":0.0002}","{""detection_events"":207,""detectors_checked"":229376}"
     38912,         0,         0,   0.309,exact_mw,70a969f5042aec17ac076c6379f4170fb7c69b8e925756ef3b7334e28a33338b,"{""distance"":5,""physical_error_rate"":0.0001}","{""detection_events"":3862,""detectors_checked"":8716288}"
         1,         1,         0,   0.018,exact_mw,14059eecea5f7bdc562c01e7682d53b775a747f80d40379178915ac673e3b6bb,"{""distance"":5,""physical_error_rate"":0.5}","{""detection_events"":113,""detectors_checked"":224,""obs_mistake_mask=E"":1}"
      5120,         0,         0,   0.019,exact_mw,cdc4a450a40af8e24899239080e4c40992fb5baf91c5a31ab3a165eacb3a1ab3,"{""distance"":5,""physical_error_rate"":0.0002}","{""detection_events"":1038,""detectors_checked"":1146880}"
         1,         0,         0,   0.006,exact_mw,7def73f725f8347dc4de7c57664b66d91778cc6018e33f45b3defe89c7a0cfc0,"{""distance"":5,""physical_error_rate"":0.1}","{""detection_events"":57,""detectors_checked"":224}"
        16,         5,         0,   0.711,exact_mw,7def73f725f8347dc4de7c57664b66d91778cc6018e33f45b3defe89c7a0cfc0,"{""distance"":5,""physical_error_rate"":0.1}","{""detection_events"":1005,""detectors_checked"":3584,""obs_mistake_mask=E"":5}"
      1024,         0,         0,   0.138,exact_mw,3208f56225bbcac0e2804eb6f92d0a8b681652a702ca1ec920ccd7367f0e0899,"{""distance"":5,""physical_error_rate"":0.002}","{""detection_events"":2152,""detectors_checked"":229376}"
     49152,         0,         0,   0.557,exact_mw,cdc4a450a40af8e24899239080e4c40992fb5baf91c5a31ab3a165eacb3a1ab3,"{""distance"":5,""physical_error_rate"":0.0002}","{""detection_events"":9661,""detectors_checked"":11010048}"
       128,         0,         0,   0.522,exact_mw,72230d8c06b5a71069df48ede6f7f3e6128cd83e8239dd1b2e5fe023578b6eb1,"{""distance"":5,""physical_error_rate"":0.01}","{""detection_events"":1225,""detectors_checked"":28672}"
        32,        15,         0,   0.371,exact_mw,14059eecea5f7bdc562c01e7682d53b775a747f80d40379178915ac673e3b6bb,"{""distance"":5,""physical_error_rate"":0.5}","{""detection_events"":3644,""detectors_checked"":7168,""obs_mistake_mask=E"":15}"
      4096,         0,         0,   0.029,exact_mw,cdc4a450a40af8e24899239080e4c40992fb5baf91c5a31ab3a165eacb3a1ab3,"{""distance"":5,""physical_error_rate"":0.0002}","{""detection_events"":792,""detectors_checked"":917504}"
     69632,         0,         0,   0.572,exact_mw,70a969f5042aec17ac076c6379f4170fb7c69b8e925756ef3b7334e28a33338b,"{""distance"":5,""physical_error_rate"":0.0001}","{""detection_events"":6819,""detectors_checked"":15597568}"
       512,         0,         0,   0.634,exact_mw,38b7ae1c4e8407fc325e0d9e43e9f92ff26dcb3f5cf7b98d24ea74c9e5188d39,"{""distance"":5,""physical_error_rate"":0.005}","{""detection_events"":2489,""detectors_checked"":114688}"
      2048,         0,         0,   0.337,exact_mw,3208f56225bbcac0e2804eb6f92d0a8b681652a702ca1ec920ccd7367f0e0899,"{""distance"":5,""physical_error_rate"":0.002}","{""detection_events"":4067,""detectors_checked"":458752}"
    105472,         0,         0,   0.808,exact_mw,f32ebecd8e105e50ec838d33c5ed9b45444b6b44a3c6ac541111079f2b14e893,"{""distance"":5,""physical_error_rate"":5e-05}","{""detection_events"":4988,""detectors_checked"":23625728}"
     15360,         0,         0,   0.217,exact_mw,cb12ae119b9b2ba18d0216e7235b403229e92fd0743ede48fe7f1a2c6f45d594,"{""distance"":5,""physical_error_rate"":0.0005}","{""detection_events"":7517,""detectors_checked"":3440640}"
        32,        19,         0,   0.342,exact_mw,d68317bf2f4c69d73359111c5597779a07d8ed85f1f94573f1c8a2f6c683850d,"{""distance"":5,""physical_error_rate"":0.2}","{""detection_events"":2810,""detectors_checked"":7168,""obs_mistake_mask=E"":19}"
      3072,         0,         0,   0.422,exact_mw,3208f56225bbcac0e2804eb6f92d0a8b681652a702ca1ec920ccd7367f0e0899,"{""distance"":5,""physical_error_rate"":0.002}","{""detection_events"":5967,""detectors_checked"":688128}"
        64,         1,         0,   0.468,exact_mw,7b4896c0e7f0a510554d89637fd747b157418067a95869d1f0661294d473d1dc,"{""distance"":5,""physical_error_rate"":0.02}","{""detection_events"":1103,""detectors_checked"":14336,""obs_mistake_mask=E"":1}"
       512,         0,         0,   0.603,exact_mw,38b7ae1c4e8407fc325e0d9e43e9f92ff26dcb3f5cf7b98d24ea74c9e5188d39,"{""distance"":5,""physical_error_rate"":0.005}","{""detection_events"":2571,""detectors_checked"":114688}"
      6144,         0,         0,   0.057,exact_mw,cdc4a450a40af8e24899239080e4c40992fb5baf91c5a31ab3a165eacb3a1ab3,"{""distance"":5,""physical_error_rate"":0.0002}","{""detection_events"":1320,""detectors_checked"":1376256}"
        32,        14,         0,   0.317,exact_mw,d68317bf2f4c69d73359111c5597779a07d8ed85f1f94573f1c8a2f6c683850d,"{""distance"":5,""physical_error_rate"":0.2}","{""detection_events"":2861,""detectors_checked"":7168,""obs_mistake_mask=E"":14}"
        32,        15,         0,   0.300,exact_mw,7def73f725f8347dc4de7c57664b66d91778cc6018e33f45b3defe89c7a0cfc0,"{""distance"":5,""physical_error_rate"":0.1}","{""detection_events"":2053,""detectors_checked"":7168,""obs_mistake_mask=E"":15}"
        32,         6,         0,   0.411,exact_mw,7fd11737ba5953e5998cf5d5ab7672462ce2ff07a9ab0f8628176a3f70e7a095,"{""distance"":5,""physical_error_rate"":0.05}","{""detection_events"":1267,""detectors_checked"":7168,""obs_mistake_mask=E"":6}"
        32,         2,         0,   0.417,exact_mw,7fd11737ba5953e5998cf5d5ab7672462ce2ff07a9ab0f8628176a3f70e7a095,"{""distance"":5,""physical_error_rate"":0.05}","{""detection_events"":1218,""detectors_checked"":7168,""obs_mistake_mask=E"":2}"
      8192,         0,         0,   0.812,exact_mw,3208f56225bbcac0e2804eb6f92d0a8b681652a702ca1ec920ccd7367f0e0899,"{""distance"":5,""physical_error_rate"":0.002}","{""detection_events"":16392,""detectors_checked"":1835008}"
     36864,         0,         0,   0.407,exact_mw,70a969f5042aec17ac076c6379f4170fb7c69b8e925756ef3b7334e28a33338b,"{""distance"":5,""physical_error_rate"":0.0001}","{""detection_events"":3654,""detectors_checked"":8257536}"
     35840,         0,         0,   0.407,exact_mw,cdc4a450a40af8e24899239080e4c40992fb5baf91c5a31ab3a165eacb3a1ab3,"{""distance"":5,""physical_error_rate"":0.0002}","{""detection_events"":7248,""detectors_checked"":8028160}"
      1024,         0,         0,   0.129,exact_mw,3208f56225bbcac0e2804eb6f92d0a8b681652a702ca1ec920ccd7367f0e0899,"{""distance"":5,""physical_error_rate"":0.002}","{""detection_events"":1957,""detectors_checked"":229376}"
      8192,         0,         0,   0.057,exact_mw,cdc4a450a40af8e24899239080e4c40992fb5baf91c5a31ab3a165eacb3a1ab3,"{""distance"":5,""physical_error_rate"":0.0002}","{""detection_events"":1688,""detectors_checked"":1835008}"
        16,         7,         0,   0.153,exact_mw,14059eecea5f7bdc562c01e7682d53b775a747f80d40379178915ac673e3b6bb,"{""distance"":5,""physical_error_rate"":0.5}","{""detection_events"":1772,""detectors_checked"":3584,""obs_mistake_mask=E"":7}"
        16,         8,         0,   0.150,exact_mw,7def73f725f8347dc4de7c57664b66d91778cc6018e33f45b3defe89c7a0cfc0,"{""distance"":5,""physical_error_rate"":0.1}","{""detection_events"":1046,""detectors_checked"":3584,""obs_mistake_mask=E"":8}"
     35840,         0,         0,   0.413,exact_mw,cb12ae119b9b2ba18d0216e7235b403229e92fd0743ede48fe7f1a2c6f45d594,"{""distance"":5,""physical_error_rate"":0.0005}","{""detection_events"":17656,""detectors_checked"":8028160}"
         1,         0,         0,   0.022,exact_mw,bb90ec3459e353008cf9a5bb9142bf1e8515517a9e167021b225104594e48e8a,"{""distance"":5,""physical_error_rate"":0.001}","{""detection_events"":2,""detectors_checked"":224}"
     46080,         0,         0,   0.396,exact_mw,cdc4a450a40af8e24899239080e4c40992fb5baf91c5a31ab3a165eacb3a1ab3,"{""distance"":5,""physical_error_rate"":0.0002}","{""detection_events"":8965,""detectors_checked"":10321920}"
        32,        19,         0,   0.346,exact_mw,d68317bf2f4c69d73359111c5597779a07d8ed85f1f94573f1c8a2f6c683850d,"{""distance"":5,""physical_error_rate"":0.2}","{""detection_events"":2830,""detectors_checked"":7168,""obs_mistake_mask=E"":19}"
        32,        20,         0,   0.340,exact_mw,14059eecea5f7bdc562c01e7682d53b775a747f80d40379178915ac673e3b6bb,"{""distance"":5,""physical_error_rate"":0.5}","{""detection_events"":3557,""detectors_checked"":7168,""obs_mistake_mask=E"":20}"
     17408,         0,         0,   0.415,exact_mw,bb90ec3459e353008cf9a5bb9142bf1e8515517a9e167021b225104594e48e8a,"{""distance"":5,""physical_error_rate"":0.001}","{""detection_events"":17375,""detectors_checked"":3899392}"
        64,        14,         0,   0.580,exact_mw,7fd11737ba5953e5998cf5d5ab7672462ce2ff07a9ab0f8628176a3f70e7a095,"{""distance"":5,""physical_error_rate"":0.05}","{""detection_events"":2425,""detectors_checked"":14336,""obs_mistake_mask=E"":14}"
      9216,         0,         0,   0.096,exact_mw,cdc4a450a40af8e24899239080e4c40992fb5baf91c5a31ab3a165eacb3a1ab3,"{""distance"":5,""physical_error_rate"":0.0002}","{""detection_events"":1873,""detectors_checked"":2064384}"
       128,         0,         0,   0.497,exact_mw,72230d8c06b5a71069df48ede6f7f3e6128cd83e8239dd1b2e5fe023578b6eb1,"{""distance"":5,""physical_error_rate"":0.01}","{""detection_events"":1171,""detectors_checked"":28672}"
        64,         3,         0,   0.633,exact_mw,7b4896c0e7f0a510554d89637fd747b157418067a95869d1f0661294d473d1dc,"{""distance"":5,""physical_error_rate"":0.02}","{""detection_events"":1091,""detectors_checked"":14336,""obs_mistake_mask=E"":3}"
        64,         1,         0,   0.464,exact_mw,7b4896c0e7f0a510554d89637fd747b157418067a95869d1f0661294d473d1dc,"{""distance"":5,""physical_error_rate"":0.02}","{""detection_events"":1109,""detectors_checked"":14336,""obs_mistake_mask=E"":1}"
      1024,         0,         0,   0.149,exact_mw,3208f56225bbcac0e2804eb6f92d0a8b681652a702ca1ec920ccd7367f0e0899,"{""distance"":5,""physical_error_rate"":0.002}","{""detection_events"":2047,""detectors_checked"":229376}"
      1296,         0,         0,   0.128,exact_mw,bb90ec3459e353008cf9a5bb9142bf1e8515517a9e167021b225104594e48e8a,"{""distance"":5,""physical_error_rate"":0.001}","{""detection_events"":1332,""detectors_checked"":290304}"
        16,         8,         0,   0.799,exact_mw,d68317bf2f4c69d73359111c5597779a07d8ed85f1f94573f1c8a2f6c683850d,"{""distance"":5,""physical_error_rate"":0.2}","{""detection_events"":1448,""detectors_checked"":3584,""obs_mistake_mask=E"":8}"
       512,         1,         0,   0.527,exact_mw,38b7ae1c4e8407fc325e0d9e43e9f92ff26dcb3f5cf7b98d24ea74c9e5188d39,"{""distance"":5,""physical_error_rate"":0.005}","{""detection_events"":2327,""detectors_checked"":114688,""obs_mistake_mask=E"":1}"
     37888,         0,         0,   0.394,exact_mw,f32ebecd8e105e50ec838d33c5ed9b45444b6b44a3c6ac541111079f2b14e893,"{""distance"":5,""physical_error_rate"":5e-05}","{""detection_events"":1908,""detectors_checked"":8486912}"
        32,        18,         0,   0.313,exact_mw,14059eecea5f7bdc562c01e7682d53b775a747f80d40379178915ac673e3b6bb,"{""distance"":5,""physical_error_rate"":0.5}","{""detection_events"":3569,""detectors_checked"":7168,""obs_mistake_mask=E"":18}"
      2048,         0,         0,   0.289,exact_mw,3208f56225bbcac0e2804eb6f92d0a8b681652a702ca1ec920ccd7367f0e0899,"{""distance"":5,""physical_error_rate"":0.002}","{""detection_events"":3954,""detectors_checked"":458752}"
     16384,         0,         0,   0.429,exact_mw,bb90ec3459e353008cf9a5bb9142bf1e8515517a9e167021b225104594e48e8a,"{""distance"":5,""physical_error_rate"":0.001}","{""detection_events"":15956,""detectors_checked"":3670016}"
     51200,         0,         0,   0.555,exact_mw,cb12ae119b9b2ba18d0216e7235b403229e92fd0743ede48fe7f1a2c6f45d594,"{""distance"":5,""physical_error_rate"":0.0005}","{""detection_events"":25605,""detectors_checked"":11468800}"
     11264,         0,         0,   0.100,exact_mw,cdc4a450a40af8e24899239080e4c40992fb5baf91c5a31ab3a165eacb3a1ab3,"{""distance"":5,""physical_error_rate"":0.0002}","{""detection_events"":2246,""detectors_checked"":2523136}"
        64,        20,         0,   0.807,exact_mw,7fd11737ba5953e5998cf5d5ab7672462ce2ff07a9ab0f8628176a3f70e7a095,"{""distance"":5,""physical_error_rate"":0.05}","{""detection_events"":2427,""detectors_checked"":14336,""obs_mistake_mask=E"":20}"
     21504,         0,         0,   0.299,exact_mw,cb12ae119b9b2ba18d0216e7235b403229e92fd0743ede48fe7f1a2c6f45d594,"{""distance"":5,""physical_error_rate"":0.0005}","{""detection_events"":10522,""detectors_checked"":4816896}"
         1,         0,         0,   0.021,exact_mw,3208f56225bbcac0e2804eb6f92d0a8b681652a702ca1ec920ccd7367f0e0899,"{""distance"":5,""physical_error_rate"":0.002}","{""detection_events"":4,""detectors_checked"":224}"
       128,         2,         0,   0.782,exact_mw,72230d8c06b5a71069df48ede6f7f3e6128cd83e8239dd1b2e5fe023578b6eb1,"{""distance"":5,""physical_error_rate"":0.01}","{""detection_events"":1364,""detectors_checked"":28672,""obs_mistake_mask=E"":2}"
     23552,         0,         0,   0.414,exact_mw,70a969f5042aec17ac076c6379f4170fb7c69b8e925756ef3b7334e28a33338b,"{""distance"":5,""physical_error_rate"":0.0001}","{""detection_events"":2317,""detectors_checked"":5275648}"
       128,         2,         0,   0.471,exact_mw,72230d8c06b5a71069df48ede6f7f3e6128cd83e8239dd1b2e5fe023578b6eb1,"{""distance"":5,""physical_error_rate"":0.01}","{""detection_events"":1267,""detectors_checked"":28672,""obs_mistake_mask=E"":2}"
        32,        15,         0,   0.315,exact_mw,d68317bf2f4c69d73359111c5597779a07d8ed85f1f94573f1c8a2f6c683850d,"{""distance"":5,""physical_error_rate"":0.2}","{""detection_events"":2849,""detectors_checked"":7168,""obs_mistake_mask=E"":15}"
        64,        17,         0,   0.560,exact_mw,7fd11737ba5953e5998cf5d5ab7672462ce2ff07a9ab0f8628176a3f70e7a095,"{""distance"":5,""physical_error_rate"":0.05}","{""detection_events"":2578,""detectors_checked"":14336,""obs_mistake_mask=E"":17}"
        32,        13,         0,   0.367,exact_mw,d68317bf2f4c69d73359111c5597779a07d8ed85f1f94573f1c8a2f6c683850d,"{""distance"":5,""physical_error_rate"":0.2}","{""detection_events"":2890,""detectors_checked"":7168,""obs_mistake_mask=E"":13}"
        64,         1,         0,   0.521,exact_mw,7b4896c0e7f0a510554d89637fd747b157418067a95869d1f0661294d473d1dc,"{""distance"":5,""physical_error_rate"":0.02}","{""detection_events"":1131,""detectors_checked"":14336,""obs_mistake_mask=E"":1}"
      1024,         0,         0,   0.142,exact_mw,bb90ec3459e353008cf9a5bb9142bf1e8515517a9e167021b225104594e48e8a,"{""distance"":5,""physical_error_rate"":0.001}","{""detection_events"":1055,""detectors_checked"":229376}"
     57344,         0,         0,   0.773,exact_mw,cb12ae119b9b2ba18d0216e7235b403229e92fd0743ede48fe7f1a2c6f45d594,"{""distance"":5,""physical_error_rate"":0.0005}","{""detection_events"":28484,""detectors_checked"":12845056}"
        32,        14,         0,   0.342,exact_mw,14059eecea5f7bdc562c01e7682d53b775a747f80d40379178915ac673e3b6bb,"{""distance"":5,""physical_error_rate"":0.5}","{""detection_events"":3599,""detectors_checked"":7168,""obs_mistake_mask=E"":14}"
     22528,         0,         0,   0.148,exact_mw,cdc4a450a40af8e24899239080e4c40992fb5baf91c5a31ab3a165eacb3a1ab3,"{""distance"":5,""physical_error_rate"":0.0002}","{""detection_events"":4585,""detectors_checked"":5046272}"
       128,         1,         0,   0.484,exact_mw,72230d8c06b5a71069df48ede6f7f3e6128cd83e8239dd1b2e5fe023578b6eb1,"{""distance"":5,""physical_error_rate"":0.01}","{""detection_events"":1173,""detectors_checked"":28672,""obs_mistake_mask=E"":1}"
        32,         4,         0,   0.410,exact_mw,7fd11737ba5953e5998cf5d5ab7672462ce2ff07a9ab0f8628176a3f70e7a095,"{""distance"":5,""physical_error_rate"":0.05}","{""detection_events"":1251,""detectors_checked"":7168,""obs_mistake_mask=E"":4}"
        32,         7,         0,   0.408,exact_mw,7fd11737ba5953e5998cf5d5ab7672462ce2ff07a9ab0f8628176a3f70e7a095,"{""distance"":5,""physical_error_rate"":0.05}","{""detection_events"":1243,""detectors_checked"":7168,""obs_mistake_mask=E"":7}"
        64,        30,         0,   0.872,exact_mw,d68317bf2f4c69d73359111c5597779a07d8ed85f1f94573f1c8a2f6c683850d,"{""distance"":5,""physical_error_rate"":0.2}","{""detection_events"":5660,""detectors_checked"":14336,""obs_mistake_mask=E"":30}"
        32,        17,         0,   0.342,exact_mw,d68317bf2f4c69d73359111c5597779a07d8ed85f1f94573f1c8a2f6c683850d,"{""distance"":5,""physical_error_rate"":0.2}","{""detection_events"":2857,""detectors_checked"":7168,""obs_mistake_mask=E"":17}"
     62464,         1,         0,    1.13,exact_mw,bb90ec3459e353008cf9a5bb9142bf1e8515517a9e167021b225104594e48e8a,"{""distance"":5,""physical_error_rate"":0.001}","{""detection_events"":62166,""detectors_checked"":13991936,""obs_mistake_mask=E"":1}"
       272,         0,         0,   0.149,exact_mw,3208f56225bbcac0e2804eb6f92d0a8b681652a702ca1ec920ccd7367f0e0899,"{""distance"":5,""physical_error_rate"":0.002}","{""detection_events"":489,""detectors_checked"":60928}"
      2048,         0,         0,   0.260,exact_mw,3208f56225bbcac0e2804eb6f92d0a8b681652a702ca1ec920ccd7367f0e0899,"{""distance"":5,""physical_error_rate"":0.002}","{""detection_events"":4125,""detectors_checked"":458752}"
       512,         1,         0,   0.616,exact_mw,38b7ae1c4e8407fc325e0d9e43e9f92ff26dcb3f5cf7b98d24ea74c9e5188d39,"{""distance"":5,""physical_error_rate"":0.005}","{""detection_events"":2347,""detectors_checked"":114688,""obs_mistake_mask=E"":1}"
        32,        17,         0,   0.369,exact_mw,14059eecea5f7bdc562c01e7682d53b775a747f80d40379178915ac673e3b6bb,"{""distance"":5,""physical_error_rate"":0.5}","{""detection_events"":3625,""detectors_checked"":7168,""obs_mistake_mask=E"":17}"
        64,        30,         0,   0.656,exact_mw,7def73f725f8347dc4de7c57664b66d91778cc6018e33f45b3defe89c7a0cfc0,"{""distance"":5,""physical_error_rate"":0.1}","{""detection_events"":3920,""detectors_checked"":14336,""obs_mistake_mask=E"":30}"
       512,         1,         0,   0.544,exact_mw,38b7ae1c4e8407fc325e0d9e43e9f92ff26dcb3f5cf7b98d24ea74c9e5188d39,"{""distance"":5,""physical_error_rate"":0.005}","{""detection_events"":2428,""detectors_checked"":114688,""obs_mistake_mask=E"":1}"
       512,         1,         0,   0.587,exact_mw,38b7ae1c4e8407fc325e0d9e43e9f92ff26dcb3f5cf7b98d24ea74c9e5188d39,"{""distance"":5,""physical_error_rate"":0.005}","{""detection_events"":2422,""detectors_checked"":114688,""obs_mistake_mask=E"":1}"
        64,         3,         0,   0.570,exact_mw,7b4896c0e7f0a510554d89637fd747b157418067a95869d1f0661294d473d1dc,"{""distance"":5,""physical_error_rate"":0.02}","{""detection_events"":1155,""detectors_checked"":14336,""obs_mistake_mask=E"":3}"
      1024,         0,         0,   0.107,exact_mw,3208f56225bbcac0e2804eb6f92d0a8b681652a702ca1ec920ccd7367f0e0899,"{""distance"":5,""physical_error_rate"":0.002}","{""detection_events"":1907,""detectors_checked"":229376}"
     28672,         0,         0,   0.816,exact_mw,bb90ec3459e353008cf9a5bb9142bf1e8515517a9e167021b225104594e48e8a,"{""distance"":5,""physical_error_rate"":0.001}","{""detection_events"":28380,""detectors_checked"":6422528}"
        32,        15,         0,   0.322,exact_mw,14059eecea5f7bdc562c01e7682d53b775a747f80d40379178915ac673e3b6bb,"{""distance"":5,""physical_error_rate"":0.5}","{""detection_events"":3535,""detectors_checked"":7168,""obs_mistake_mask=E"":15}"
      1024,         0,         0,   0.185,exact_mw,bb90ec3459e353008cf9a5bb9142bf1e8515517a9e167021b225104594e48e8a,"{""distance"":5,""physical_error_rate"":0.001}","{""detection_events"":1013,""detectors_checked"":229376}"
    107520,         0,         0,   0.789,exact_mw,f32ebecd8e105e50ec838d33c5ed9b45444b6b44a3c6ac541111079f2b14e893,"{""distance"":5,""physical_error_rate"":5e-05}","{""detection_events"":5309,""detectors_checked"":24084480}"
      5120,         0,         0,   0.620,exact_mw,3208f56225bbcac0e2804eb6f92d0a8b681652a702ca1ec920ccd7367f0e0899,"{""distance"":5,""physical_error_rate"":0.002}","{""detection_events"":10136,""detectors_checked"":1146880}"
     49152,         0,         0,   0.572,exact_mw,cdc4a450a40af8e24899239080e4c40992fb5baf91c5a31ab3a165eacb3a1ab3,"{""distance"":5,""physical_error_rate"":0.0002}","{""detection_events"":9670,""detectors_checked"":11010048}"
        64,         2,         0,   0.419,exact_mw,7b4896c0e7f0a510554d89637fd747b157418067a95869d1f0661294d473d1dc,"{""distance"":5,""physical_error_rate"":0.02}","{""detection_events"":1073,""detectors_checked"":14336,""obs_mistake_mask=E"":2}"
        64,        31,         0,   0.607,exact_mw,7def73f725f8347dc4de7c57664b66d91778cc6018e33f45b3defe89c7a0cfc0,"{""distance"":5,""physical_error_rate"":0.1}","{""detection_events"":4045,""detectors_checked"":14336,""obs_mistake_mask=E"":31}"
     57344,         0,         0,   0.576,exact_mw,70a969f5042aec17ac076c6379f4170fb7c69b8e925756ef3b7334e28a33338b,"{""distance"":5,""physical_error_rate"":0.0001}","{""detection_events"":5663,""detectors_checked"":12845056}"
       128,         0,         0,   0.442,exact_mw,72230d8c06b5a71069df48ede6f7f3e6128cd83e8239dd1b2e5fe023578b6eb1,"{""distance"":5,""physical_error_rate"":0.01}","{""detection_events"":1163,""detectors_checked"":28672}"
     27648,         0,         0,   0.208,exact_mw,cdc4a450a40af8e24899239080e4c40992fb5baf91c5a31ab3a165eacb3a1ab3,"{""distance"":5,""physical_error_rate"":0.0002}","{""detection_events"":5318,""detectors_checked"":6193152}"
        32,        13,         0,   0.315,exact_mw,d68317bf2f4c69d73359111c5597779a07d8ed85f1f94573f1c8a2f6c683850d,"{""distance"":5,""physical_error_rate"":0.2}","{""detection_events"":2883,""detectors_checked"":7168,""obs_mistake_mask=E"":13}"
     39936,         0,         0,   0.580,exact_mw,cb12ae119b9b2ba18d0216e7235b403229e92fd0743ede48fe7f1a2c6f45d594,"{""distance"":5,""physical_error_rate"":0.0005}","{""detection_events"":19287,""detectors_checked"":8945664}"
     74752,         0,         0,   0.568,exact_mw,cdc4a450a40af8e24899239080e4c40992fb5baf91c5a31ab3a165eacb3a1ab3,"{""distance"":5,""physical_error_rate"":0.0002}","{""detection_events"":14831,""detectors_checked"":16744448}"
    158720,         0,         0,    1.13,exact_mw,cdc4a450a40af8e24899239080e4c40992fb5baf91c5a31ab3a165eacb3a1ab3,"{""distance"":5,""physical_error_rate"":0.0002}","{""detection_events"":31396,""detectors_checked"":35553280}"
     83968,         0,         0,   0.780,exact_mw,f32ebecd8e105e50ec838d33c5ed9b45444b6b44a3c6ac541111079f2b14e893,"{""distance"":5,""physical_error_rate"":5e-05}","{""detection_events"":3894,""detectors_checked"":18808832}"
      1024,         0,         0,   0.096,exact_mw,bb90ec3459e353008cf9a5bb9142bf1e8515517a9e167021b225104594e48e8a,"{""distance"":5,""physical_error_rate"":0.001}","{""detection_events"":919,""detectors_checked"":229376}"
    168960,         0,         0,    1.11,exact_mw,70a969f5042aec17ac076c6379f4170fb7c69b8e925756ef3b7334e28a33338b,"{""distance"":5,""physical_error_rate"":0.0001}","{""detection_events"":16463,""detectors_checked"":37847040}"
     29696,         0,         0,   0.411,exact_mw,cb12ae119b9b2ba18d0216e7235b403229e92fd0743ede48fe7f1a2c6f45d594,"{""distance"":5,""physical_error_rate"":0.0005}","{""detection_events"":14494,""detectors_checked"":6651904}"
      1024,         0,         0,   0.123,exact_mw,3208f56225bbcac0e2804eb6f92d0a8b681652a702ca1ec920ccd7367f0e0899,"{""distance"":5,""physical_error_rate"":0.002}","{""detection_events"":2023,""detectors_checked"":229376}"
        32,        15,         0,   0.304,exact_mw,14059eecea5f7bdc562c01e7682d53b775a747f80d40379178915ac673e3b6bb,"{""distance"":5,""physical_error_rate"":0.5}","{""detection_events"":3542,""detectors_checked"":7168,""obs_mistake_mask=E"":15}"
     19456,         0,         0,   0.570,exact_mw,bb90ec3459e353008cf9a5bb9142bf1e8515517a9e167021b225104594e48e8a,"{""distance"":5,""physical_error_rate"":0.001}","{""detection_events"":19390,""detectors_checked"":4358144}"
        32,         8,         0,   0.295,exact_mw,7fd11737ba5953e5998cf5d5ab7672462ce2ff07a9ab0f8628176a3f70e7a095,"{""distance"":5,""physical_error_rate"":0.05}","{""detection_events"":1201,""detectors_checked"":7168,""obs_mistake_mask=E"":8}"
        64,        14,         0,   0.571,exact_mw,7fd11737ba5953e5998cf5d5ab7672462ce2ff07a9ab0f8628176a3f70e7a095,"{""distance"":5,""physical_error_rate"":0.05}","{""detection_events"":2370,""detectors_checked"":14336,""obs_mistake_mask=E"":14}"
     73728,         0,         0,   0.806,exact_mw,70a969f5042aec17ac076c6379f4170fb7c69b8e925756ef3b7334e28a33338b,"{""distance"":5,""physical_error_rate"":0.0001}","{""detection_events"":7225,""detectors_checked"":16515072}"
     70656,         0,         0,   0.806,exact_mw,cdc4a450a40af8e24899239080e4c40992fb5baf91c5a31ab3a165eacb3a1ab3,"{""distance"":5,""physical_error_rate"":0.0002}","{""detection_events"":13515,""detectors_checked"":15826944}"
        32,         5,         0,   0.286,exact_mw,7fd11737ba5953e5998cf5d5ab7672462ce2ff07a9ab0f8628176a3f70e7a095,"{""distance"":5,""physical_error_rate"":0.05}","{""detection_events"":1218,""detectors_checked"":7168,""obs_mistake_mask=E"":5}"
      4096,         0,         0,   0.506,exact_mw,3208f56225bbcac0e2804eb6f92d0a8b681652a702ca1ec920ccd7367f0e0899,"{""distance"":5,""physical_error_rate"":0.002}","{""detection_events"":7935,""detectors_checked"":917504}"
        32,        12,         0,   0.329,exact_mw,d68317bf2f4c69d73359111c5597779a07d8ed85f1f94573f1c8a2f6c683850d,"{""distance"":5,""physical_error_rate"":0.2}","{""detection_events"":2865,""detectors_checked"":7168,""obs_mistake_mask=E"":12}"
        16,         7,         0,   0.867,exact_mw,7def73f725f8347dc4de7c57664b66d91778cc6018e33f45b3defe89c7a0cfc0,"{""distance"":5,""physical_error_rate"":0.1}","{""detection_events"":1018,""detectors_checked"":3584,""obs_mistake_mask=E"":7}"
        64,         4,         0,   0.584,exact_mw,7b4896c0e7f0a510554d89637fd747b157418067a95869d1f0661294d473d1dc,"{""distance"":5,""physical_error_rate"":0.02}","{""detection_events"":1301,""detectors_checked"":14336,""obs_mistake_mask=E"":4}"
         1,         0,         0,   0.016,exact_mw,7b4896c0e7f0a510554d89637fd747b157418067a95869d1f0661294d473d1dc,"{""distance"":5,""physical_error_rate"":0.02}","{""detection_events"":27,""detectors_checked"":224}"
       128,         1,         0,   0.494,exact_mw,72230d8c06b5a71069df48ede6f7f3e6128cd83e8239dd1b2e5fe023578b6eb1,"{""distance"":5,""physical_error_rate"":0.01}","{""detection_events"":1253,""detectors_checked"":28672,""obs_mistake_mask=E"":1}"
       512,         0,         0,   0.568,exact_mw,38b7ae1c4e8407fc325e0d9e43e9f92ff26dcb3f5cf7b98d24ea74c9e5188d39,"{""distance"":5,""physical_error_rate"":0.005}","{""detection_events"":2511,""detectors_checked"":114688}"
      1024,         0,         0,   0.089,exact_mw,3208f56225bbcac0e2804eb6f92d0a8b681652a702ca1ec920ccd7367f0e0899,"{""distance"":5,""physical_error_rate"":0.002}","{""detection_events"":1956,""detectors_checked"":229376}"
        64,        30,         0,   0.746,exact_mw,7def73f725f8347dc4de7c57664b66d91778cc6018e33f45b3defe89c7a0cfc0,"{""distance"":5,""physical_error_rate"":0.1}","{""detection_events"":4152,""detectors_checked"":14336,""obs_mistake_mask=E"":30}"
     78848,         0,         0,   0.568,exact_mw,f32ebecd8e105e50ec838d33c5ed9b45444b6b44a3c6ac541111079f2b14e893,"{""distance"":5,""physical_error_rate"":5e-05}","{""detection_events"":4016,""detectors_checked"":17661952}"
       128,         2,         0,   0.519,exact_mw,72230d8c06b5a71069df48ede6f7f3e6128cd83e8239dd1b2e5fe023578b6eb1,"{""distance"":5,""physical_error_rate"":0.01}","{""detection_events"":1261,""detectors_checked"":28672,""obs_mistake_mask=E"":2}"
        32,        16,         0,   0.348,exact_mw,14059eecea5f7bdc562c01e7682d53b775a747f80d40379178915ac673e3b6bb,"{""distance"":5,""physical_error_rate"":0.5}","{""detection_events"":3588,""detectors_checked"":7168,""obs_mistake_mask=E"":16}"
        64,         2,         0,   0.458,exact_mw,7b4896c0e7f0a510554d89637fd747b157418067a95869d1f0661294d473d1dc,"{""distance"":5,""physical_error_rate"":0.02}","{""detection_events"":1132,""detectors_checked"":14336,""obs_mistake_mask=E"":2}"
     22528,         0,         0,   0.555,exact_mw,bb90ec3459e353008cf9a5bb9142bf1e8515517a9e167021b225104594e48e8a,"{""distance"":5,""physical_error_rate"":0.001}","{""detection_events"":22076,""detectors_checked"":5046272}"
        64,        11,         0,   0.559,exact_mw,7fd11737ba5953e5998cf5d5ab7672462ce2ff07a9ab0f8628176a3f70e7a095,"{""distance"":5,""physical_error_rate"":0.05}","{""detection_events"":2407,""detectors_checked"":14336,""obs_mistake_mask=E"":11}"
        32,        19,         0,   0.445,exact_mw,d68317bf2f4c69d73359111c5597779a07d8ed85f1f94573f1c8a2f6c683850d,"{""distance"":5,""physical_error_rate"":0.2}","{""detection_events"":2747,""detectors_checked"":7168,""obs_mistake_mask=E"":19}"
      3072,         0,         0,   0.362,exact_mw,3208f56225bbcac0e2804eb6f92d0a8b681652a702ca1ec920ccd7367f0e0899,"{""distance"":5,""physical_error_rate"":0.002}","{""detection_events"":5893,""detectors_checked"":688128}"
      1024,         0,         0,   0.185,exact_mw,bb90ec3459e353008cf9a5bb9142bf1e8515517a9e167021b225104594e48e8a,"{""distance"":5,""physical_error_rate"":0.001}","{""detection_events"":1031,""detectors_checked"":229376}"
        16,         0,         0,   0.091,exact_mw,7b4896c0e7f0a510554d89637fd747b157418067a95869d1f0661294d473d1dc,"{""distance"":5,""physical_error_rate"":0.02}","{""detection_events"":262,""detectors_checked"":3584}"
        64,        13,         0,   0.539,exact_mw,7fd11737ba5953e5998cf5d5ab7672462ce2ff07a9ab0f8628176a3f70e7a095,"{""distance"":5,""physical_error_rate"":0.05}","{""detection_events"":2412,""detectors_checked"":14336,""obs_mistake_mask=E"":13}"
     78848,         0,         0,    1.11,exact_mw,cb12ae119b9b2ba18d0216e7235b403229e92fd0743ede48fe7f1a2c6f45d594,"{""distance"":5,""physical_error_rate"":0.0005}","{""detection_events"":38944,""detectors_checked"":17661952}"
     14336,         0,         0,   0.610,exact_mw,70a969f5042aec17ac076c6379f4170fb7c69b8e925756ef3b7334e28a33338b,"{""distance"":5,""physical_error_rate"":0.0001}","{""detection_events"":1303,""detectors_checked"":3211264}"
      1024,         0,         0,   0.104,exact_mw,3208f56225bbcac0e2804eb6f92d0a8b681652a702ca1ec920ccd7367f0e0899,"{""distance"":5,""physical_error_rate"":0.002}","{""detection_events"":1757,""detectors_checked"":229376}"
     39936,         0,         0,   0.289,exact_mw,cdc4a450a40af8e24899239080e4c40992fb5baf91c5a31ab3a165eacb3a1ab3,"{""distance"":5,""physical_error_rate"":0.0002}","{""detection_events"":8125,""detectors_checked"":8945664}"
       512,         0,         0,   0.391,exact_mw,38b7ae1c4e8407fc325e0d9e43e9f92ff26dcb3f5cf7b98d24ea74c9e5188d39,"{""distance"":5,""physical_error_rate"":0.005}","{""detection_events"":2286,""detectors_checked"":114688}"
      1024,         0,         0,   0.131,exact_mw,bb90ec3459e353008cf9a5bb9142bf1e8515517a9e167021b225104594e48e8a,"{""distance"":5,""physical_error_rate"":0.001}","{""detection_events"":950,""detectors_checked"":229376}"
      1024,         0,         0,   0.102,exact_mw,3208f56225bbcac0e2804eb6f92d0a8b681652a702ca1ec920ccd7367f0e0899,"{""distance"":5,""physical_error_rate"":0.002}","{""detection_events"":1936,""detectors_checked"":229376}"
        16,         7,         0,   0.761,exact_mw,d68317bf2f4c69d73359111c5597779a07d8ed85f1f94573f1c8a2f6c683850d,"{""distance"":5,""physical_error_rate"":0.2}","{""detection_events"":1439,""detectors_checked"":3584,""obs_mistake_mask=E"":7}"
       128,         1,         0,   0.625,exact_mw,72230d8c06b5a71069df48ede6f7f3e6128cd83e8239dd1b2e5fe023578b6eb1,"{""distance"":5,""physical_error_rate"":0.01}","{""detection_events"":1222,""detectors_checked"":28672,""obs_mistake_mask=E"":1}"
        64,         4,         0,   0.447,exact_mw,7b4896c0e7f0a510554d89637fd747b157418067a95869d1f0661294d473d1dc,"{""distance"":5,""physical_error_rate"":0.02}","{""detection_events"":1147,""detectors_checked"":14336,""obs_mistake_mask=E"":4}"
     71680,         0,         0,   0.778,exact_mw,cb12ae119b9b2ba18d0216e7235b403229e92fd0743ede48fe7f1a2c6f45d594,"{""distance"":5,""physical_error_rate"":0.0005}","{""detection_events"":35519,""detectors_checked"":16056320}"
    148480,         0,         0,    1.11,exact_mw,f32ebecd8e105e50ec838d33c5ed9b45444b6b44a3c6ac541111079f2b14e893,"{""distance"":5,""physical_error_rate"":5e-05}","{""detection_events"":7497,""detectors_checked"":33259520}"
        32,        14,         0,   0.318,exact_mw,d68317bf2f4c69d73359111c5597779a07d8ed85f1f94573f1c8a2f6c683850d,"{""distance"":5,""physical_error_rate"":0.2}","{""detection_events"":2854,""detectors_checked"":7168,""obs_mistake_mask=E"":14}"
      2048,         0,         0,   0.118,exact_mw,bb90ec3459e353008cf9a5bb9142bf1e8515517a9e167021b225104594e48e8a,"{""distance"":5,""physical_error_rate"":0.001}","{""detection_events"":1928,""detectors_checked"":458752}"
        32,        14,         0,    1.44,exact_mw,14059eecea5f7bdc562c01e7682d53b775a747f80d40379178915ac673e3b6bb,"{""distance"":5,""physical_error_rate"":0.5}","{""detection_events"":3613,""detectors_checked"":7168,""obs_mistake_mask=E"":14}"
       128,         1,         0,   0.484,exact_mw,72230d8c06b5a71069df48ede6f7f3e6128cd83e8239dd1b2e5fe023578b6eb1,"{""distance"":5,""physical_error_rate"":0.01}","{""detection_events"":1223,""detectors_checked"":28672,""obs_mistake_mask=E"":1}"
       512,         1,         0,   0.570,exact_mw,38b7ae1c4e8407fc325e0d9e43e9f92ff26dcb3f5cf7b98d24ea74c9e5188d39,"{""distance"":5,""physical_error_rate"":0.005}","{""detection_events"":2536,""detectors_checked"":114688,""obs_mistake_mask=E"":1}"
        64,        34,         0,   0.605,exact_mw,7def73f725f8347dc4de7c57664b66d91778cc6018e33f45b3defe89c7a0cfc0,"{""distance"":5,""physical_error_rate"":0.1}","{""detection_events"":3935,""detectors_checked"":14336,""obs_mistake_mask=E"":34}"
        32,        21,         0,   0.343,exact_mw,d68317bf2f4c69d73359111c5597779a07d8ed85f1f94573f1c8a2f6c683850d,"{""distance"":5,""physical_error_rate"":0.2}","{""detection_events"":2813,""detectors_checked"":7168,""obs_mistake_mask=E"":21}"
        64,         3,         0,   0.604,exact_mw,7b4896c0e7f0a510554d89637fd747b157418067a95869d1f0661294d473d1dc,"{""distance"":5,""physical_error_rate"":0.02}","{""detection_events"":1106,""detectors_checked"":14336,""obs_mistake_mask=E"":3}"
     18432,         2,         0,    1.15,exact_mw,3208f56225bbcac0e2804eb6f92d0a8b681652a702ca1ec920ccd7367f0e0899,"{""distance"":5,""physical_error_rate"":0.002}","{""detection_events"":36583,""detectors_checked"":4128768,""obs_mistake_mask=E"":2}"
       512,         1,         0,   0.719,exact_mw,38b7ae1c4e8407fc325e0d9e43e9f92ff26dcb3f5cf7b98d24ea74c9e5188d39,"{""distance"":5,""physical_error_rate"":0.005}","{""detection_events"":2584,""detectors_checked"":114688,""obs_mistake_mask=E"":1}"
        32,        16,         0,   0.482,exact_mw,14059eecea5f7bdc562c01e7682d53b775a747f80d40379178915ac673e3b6bb,"{""distance"":5,""physical_error_rate"":0.5}","{""detection_events"":3611,""detectors_checked"":7168,""obs_mistake_mask=E"":16}"
      1024,         0,         0,   0.179,exact_mw,3208f56225bbcac0e2804eb6f92d0a8b681652a702ca1ec920ccd7367f0e0899,"{""distance"":5,""physical_error_rate"":0.002}","{""detection_events"":2079,""detectors_checked"":229376}"
        64,        35,         0,   0.648,exact_mw,14059eecea5f7bdc562c01e7682d53b775a747f80d40379178915ac673e3b6bb,"{""distance"":5,""physical_error_rate"":0.5}","{""detection_events"":7182,""detectors_checked"":14336,""obs_mistake_mask=E"":35}"
        16,        10,         0,   0.209,exact_mw,d68317bf2f4c69d73359111c5597779a07d8ed85f1f94573f1c8a2f6c683850d,"{""distance"":5,""physical_error_rate"":0.2}","{""detection_events"":1450,""detectors_checked"":3584,""obs_mistake_mask=E"":10}"
        64,        15,         0,   0.358,exact_mw,7fd11737ba5953e5998cf5d5ab7672462ce2ff07a9ab0f8628176a3f70e7a095,"{""distance"":5,""physical_error_rate"":0.05}","{""detection_events"":2496,""detectors_checked"":14336,""obs_mistake_mask=E"":15}"
     39936,         0,         0,   0.578,exact_mw,cb12ae119b9b2ba18d0216e7235b403229e92fd0743ede48fe7f1a2c6f45d594,"{""distance"":5,""physical_error_rate"":0.0005}","{""detection_events"":20181,""detectors_checked"":8945664}"
        64,        30,         0,   0.819,exact_mw,d68317bf2f4c69d73359111c5597779a07d8ed85f1f94573f1c8a2f6c683850d,"{""distance"":5,""physical_error_rate"":0.2}","{""detection_events"":5675,""detectors_checked"":14336,""obs_mistake_mask=E"":30}"
       128,         2,         0,   0.477,exact_mw,72230d8c06b5a71069df48ede6f7f3e6128cd83e8239dd1b2e5fe023578b6eb1,"{""distance"":5,""physical_error_rate"":0.01}","{""detection_events"":1174,""detectors_checked"":28672,""obs_mistake_mask=E"":2}"
      3072,         0,         0,   0.443,exact_mw,3208f56225bbcac0e2804eb6f92d0a8b681652a702ca1ec920ccd7367f0e0899,"{""distance"":5,""physical_error_rate"":0.002}","{""detection_events"":5962,""detectors_checked"":688128}"
      5120,         0,         0,   0.182,exact_mw,bb90ec3459e353008cf9a5bb9142bf1e8515517a9e167021b225104594e48e8a,"{""distance"":5,""physical_error_rate"":0.001}","{""detection_events"":4944,""detectors_checked"":1146880}"
        64,        34,         0,   0.649,exact_mw,d68317bf2f4c69d73359111c5597779a07d8ed85f1f94573f1c8a2f6c683850d,"{""distance"":5,""physical_error_rate"":0.2}","{""detection_events"":5608,""detectors_checked"":14336,""obs_mistake_mask=E"":34}"
        64,        14,         0,   0.555,exact_mw,7fd11737ba5953e5998cf5d5ab7672462ce2ff07a9ab0f8628176a3f70e7a095,"{""distance"":5,""physical_error_rate"":0.05}","{""detection_events"":2508,""detectors_checked"":14336,""obs_mistake_mask=E"":14}"
        32,        14,         0,   0.480,exact_mw,14059eecea5f7bdc562c01e7682d53b775a747f80d40379178915ac673e3b6bb,"{""distance"":5,""physical_error_rate"":0.5}","{""detection_events"":3595,""detectors_checked"":7168,""obs_mistake_mask=E"":14}"
     54272,         0,         0,   0.405,exact_mw,cdc4a450a40af8e24899239080e4c40992fb5baf91c5a31ab3a165eacb3a1ab3,"{""distance"":5,""physical_error_rate"":0.0002}","{""detection_events"":10874,""detectors_checked"":12156928}"
        64,         5,         0,   0.512,exact_mw,7b4896c0e7f0a510554d89637fd747b157418067a95869d1f0661294d473d1dc,"{""distance"":5,""physical_error_rate"":0.02}","{""detection_events"":1188,""detectors_checked"":14336,""obs_mistake_mask=E"":5}"
        64,        13,         0,   0.609,exact_mw,7fd11737ba5953e5998cf5d5ab7672462ce2ff07a9ab0f8628176a3f70e7a095,"{""distance"":5,""physical_error_rate"":0.05}","{""detection_events"":2415,""detectors_checked"":14336,""obs_mistake_mask=E"":13}"
        64,        40,         0,   0.731,exact_mw,7def73f725f8347dc4de7c57664b66d91778cc6018e33f45b3defe89c7a0cfc0,"{""distance"":5,""physical_error_rate"":0.1}","{""detection_events"":4057,""detectors_checked"":14336,""obs_mistake_mask=E"":40}"
        16,        10,         0,   0.248,exact_mw,14059eecea5f7bdc562c01e7682d53b775a747f80d40379178915ac673e3b6bb,"{""distance"":5,""physical_error_rate"":0.5}","{""detection_events"":1810,""detectors_checked"":3584,""obs_mistake_mask=E"":10}"
       512,         0,         0,   0.429,exact_mw,38b7ae1c4e8407fc325e0d9e43e9f92ff26dcb3f5cf7b98d24ea74c9e5188d39,"{""distance"":5,""physical_error_rate"":0.005}","{""detection_events"":2489,""detectors_checked"":114688}"
      1024,         0,         0,   0.161,exact_mw,3208f56225bbcac0e2804eb6f92d0a8b681652a702ca1ec920ccd7367f0e0899,"{""distance"":5,""physical_error_rate"":0.002}","{""detection_events"":2127,""detectors_checked"":229376}"
      4096,         0,         0,   0.623,exact_mw,3208f56225bbcac0e2804eb6f92d0a8b681652a702ca1ec920ccd7367f0e0899,"{""distance"":5,""physical_error_rate"":0.002}","{""detection_events"":7980,""detectors_checked"":917504}"
       128,         1,         0,   0.582,exact_mw,72230d8c06b5a71069df48ede6f7f3e6128cd83e8239dd1b2e5fe023578b6eb1,"{""distance"":5,""physical_error_rate"":0.01}","{""detection_events"":1193,""detectors_checked"":28672,""obs_mistake_mask=E"":1}"
     68608,         0,         0,   0.807,exact_mw,cdc4a450a40af8e24899239080e4c40992fb5baf91c5a31ab3a165eacb3a1ab3,"{""distance"":5,""physical_error_rate"":0.0002}","{""detection_events"":13710,""detectors_checked"":15368192}"
      7168,         0,         0,   0.844,exact_mw,3208f56225bbcac0e2804eb6f92d0a8b681652a702ca1ec920ccd7367f0e0899,"{""distance"":5,""physical_error_rate"":0.002}","{""detection_events"":13940,""detectors_checked"":1605632}"
     57344,         0,         0,   0.800,exact_mw,cb12ae119b9b2ba18d0216e7235b403229e92fd0743ede48fe7f1a2c6f45d594,"{""distance"":5,""physical_error_rate"":0.0005}","{""detection_events"":28176,""detectors_checked"":12845056}"
     28672,         0,         0,   0.828,exact_mw,70a969f5042aec17ac076c6379f4170fb7c69b8e925756ef3b7334e28a33338b,"{""distance"":5,""physical_error_rate"":0.0001}","{""detection_events"":2860,""detectors_checked"":6422528}"
     82944,         0,         0,   0.805,exact_mw,cdc4a450a40af8e24899239080e4c40992fb5baf91c5a31ab3a165eacb3a1ab3,"{""distance"":5,""physical_error_rate"":0.0002}","{""detection_events"":16695,""detectors_checked"":18579456}"
        16,         5,         0,   0.679,exact_mw,7def73f725f8347dc4de7c57664b66d91778cc6018e33f45b3defe89c7a0cfc0,"{""distance"":5,""physical_error_rate"":0.1}","{""detection_events"":1008,""detectors_checked"":3584,""obs_mistake_mask=E"":5}"
       128,         1,         0,   0.409,exact_mw,72230d8c06b5a71069df48ede6f7f3e6128cd83e8239dd1b2e5fe023578b6eb1,"{""distance"":5,""physical_error_rate"":0.01}","{""detection_events"":1176,""detectors_checked"":28672,""obs_mistake_mask=E"":1}"
       512,         0,         0,   0.672,exact_mw,38b7ae1c4e8407fc325e0d9e43e9f92ff26dcb3f5cf7b98d24ea74c9e5188d39,"{""distance"":5,""physical_error_rate"":0.005}","{""detection_events"":2422,""detectors_checked"":114688}"
        64,         2,         0,   0.683,exact_mw,7b4896c0e7f0a510554d89637fd747b157418067a95869d1f0661294d473d1dc,"{""distance"":5,""physical_error_rate"":0.02}","{""detection_events"":1212,""detectors_checked"":14336,""obs_mistake_mask=E"":2}"
        64,        31,         0,   0.686,exact_mw,7def73f725f8347dc4de7c57664b66d91778cc6018e33f45b3defe89c7a0cfc0,"{""distance"":5,""physical_error_rate"":0.1}","{""detection_events"":3988,""detectors_checked"":14336,""obs_mistake_mask=E"":31}"
      9216,         0,         0,   0.216,exact_mw,bb90ec3459e353008cf9a5bb9142bf1e8515517a9e167021b225104594e48e8a,"{""distance"":5,""physical_error_rate"":0.001}","{""detection_events"":9137,""detectors_checked"":2064384}"
    110592,         0,         0,    1.11,exact_mw,cb12ae119b9b2ba18d0216e7235b403229e92fd0743ede48fe7f1a2c6f45d594,"{""distance"":5,""physical_error_rate"":0.0005}","{""detection_events"":53972,""detectors_checked"":24772608}"
        64,         2,         0,   0.625,exact_mw,7b4896c0e7f0a510554d89637fd747b157418067a95869d1f0661294d473d1dc,"{""distance"":5,""physical_error_rate"":0.02}","{""detection_events"":1149,""detectors_checked"":14336,""obs_mistake_mask=E"":2}"
        64,         3,         0,   0.464,exact_mw,7b4896c0e7f0a510554d89637fd747b157418067a95869d1f0661294d473d1dc,"{""distance"":5,""physical_error_rate"":0.02}","{""detection_events"":1105,""detectors_checked"":14336,""obs_mistake_mask=E"":3}"
     28672,         0,         0,   0.782,exact_mw,bb90ec3459e353008cf9a5bb9142bf1e8515517a9e167021b225104594e48e8a,"{""distance"":5,""physical_error_rate"":0.001}","{""detection_events"":28101,""detectors_checked"":6422528}"
        32,        19,         0,   0.372,exact_mw,d68317bf2f4c69d73359111c5597779a07d8ed85f1f94573f1c8a2f6c683850d,"{""distance"":5,""physical_error_rate"":0.2}","{""detection_events"":2838,""detectors_checked"":7168,""obs_mistake_mask=E"":19}"
        32,        17,         0,   0.314,exact_mw,d68317bf2f4c69d73359111c5597779a07d8ed85f1f94573f1c8a2f6c683850d,"{""distance"":5,""physical_error_rate"":0.2}","{""detection_events"":2848,""detectors_checked"":7168,""obs_mistake_mask=E"":17}"
     98304,         0,         0,   0.774,exact_mw,f32ebecd8e105e50ec838d33c5ed9b45444b6b44a3c6ac541111079f2b14e893,"{""distance"":5,""physical_error_rate"":5e-05}","{""detection_events"":4931,""detectors_checked"":22020096}"
       128,         0,         0,   0.493,exact_mw,72230d8c06b5a71069df48ede6f7f3e6128cd83e8239dd1b2e5fe023578b6eb1,"{""distance"":5,""physical_error_rate"":0.01}","{""detection_events"":1228,""detectors_checked"":28672}"
     22528,         0,         0,   0.818,exact_mw,bb90ec3459e353008cf9a5bb9142bf1e8515517a9e167021b225104594e48e8a,"{""distance"":5,""physical_error_rate"":0.001}","{""detection_events"":21949,""detectors_checked"":5046272}"
      2048,         0,         0,   0.261,exact_mw,3208f56225bbcac0e2804eb6f92d0a8b681652a702ca1ec920ccd7367f0e0899,"{""distance"":5,""physical_error_rate"":0.002}","{""detection_events"":3968,""detectors_checked"":458752}"
       512,         0,         0,   0.446,exact_mw,38b7ae1c4e8407fc325e0d9e43e9f92ff26dcb3f5cf7b98d24ea74c9e5188d39,"{""distance"":5,""physical_error_rate"":0.005}","{""detection_events"":2342,""detectors_checked"":114688}"
       512,         1,         0,   0.542,exact_mw,38b7ae1c4e8407fc325e0d9e43e9f92ff26dcb3f5cf7b98d24ea74c9e5188d39,"{""distance"":5,""physical_error_rate"":0.005}","{""detection_events"":2494,""detectors_checked"":114688,""obs_mistake_mask=E"":1}"
        64,        10,         0,   0.852,exact_mw,7fd11737ba5953e5998cf5d5ab7672462ce2ff07a9ab0f8628176a3f70e7a095,"{""distance"":5,""physical_error_rate"":0.05}","{""detection_events"":2381,""detectors_checked"":14336,""obs_mistake_mask=E"":10}"
       128,         3,         0,   0.421,exact_mw,72230d8c06b5a71069df48ede6f7f3e6128cd83e8239dd1b2e5fe023578b6eb1,"{""distance"":5,""physical_error_rate"":0.01}","{""detection_events"":1232,""detectors_checked"":28672,""obs_mistake_mask=E"":3}"
        32,        11,         0,   0.488,exact_mw,14059eecea5f7bdc562c01e7682d53b775a747f80d40379178915ac673e3b6bb,"{""distance"":5,""physical_error_rate"":0.5}","{""detection_events"":3555,""detectors_checked"":7168,""obs_mistake_mask=E"":11}"
     25600,         0,         0,   0.793,exact_mw,70a969f5042aec17ac076c6379f4170fb7c69b8e925756ef3b7334e28a33338b,"{""distance"":5,""physical_error_rate"":0.0001}","{""detection_events"":2586,""detectors_checked"":5734400}"
     33792,         0,         0,    1.13,exact_mw,bb90ec3459e353008cf9a5bb9142bf1e8515517a9e167021b225104594e48e8a,"{""distance"":5,""physical_error_rate"":0.001}","{""detection_events"":33799,""detectors_checked"":7569408}"
       128,         0,         0,   0.304,exact_mw,72230d8c06b5a71069df48ede6f7f3e6128cd83e8239dd1b2e5fe023578b6eb1,"{""distance"":5,""physical_error_rate"":0.01}","{""detection_events"":1365,""detectors_checked"":28672}"
     74752,         0,         0,    1.10,exact_mw,f32ebecd8e105e50ec838d33c5ed9b45444b6b44a3c6ac541111079f2b14e893,"{""distance"":5,""physical_error_rate"":5e-05}","{""detection_events"":3650,""detectors_checked"":16744448}"
        64,        11,         0,   0.462,exact_mw,7fd11737ba5953e5998cf5d5ab7672462ce2ff07a9ab0f8628176a3f70e7a095,"{""distance"":5,""physical_error_rate"":0.05}","{""detection_events"":2435,""detectors_checked"":14336,""obs_mistake_mask=E"":11}"
    147456,         0,         0,    1.12,exact_mw,f32ebecd8e105e50ec838d33c5ed9b45444b6b44a3c6ac541111079f2b14e893,"{""distance"":5,""physical_error_rate"":5e-05}","{""detection_events"":7258,""detectors_checked"":33030144}"
        32,        15,         0,   0.475,exact_mw,14059eecea5f7bdc562c01e7682d53b775a747f80d40379178915ac673e3b6bb,"{""distance"":5,""physical_error_rate"":0.5}","{""detection_events"":3543,""detectors_checked"":7168,""obs_mistake_mask=E"":15}"
        64,        33,         0,   0.653,exact_mw,7def73f725f8347dc4de7c57664b66d91778cc6018e33f45b3defe89c7a0cfc0,"{""distance"":5,""physical_error_rate"":0.1}","{""detection_events"":3826,""detectors_checked"":14336,""obs_mistake_mask=E"":33}"
     12288,         0,         0,   0.289,exact_mw,bb90ec3459e353008cf9a5bb9142bf1e8515517a9e167021b225104594e48e8a,"{""distance"":5,""physical_error_rate"":0.001}","{""detection_events"":11807,""detectors_checked"":2752512}"
        64,         0,         0,   0.654,exact_mw,7b4896c0e7f0a510554d89637fd747b157418067a95869d1f0661294d473d1dc,"{""distance"":5,""physical_error_rate"":0.02}","{""detection_events"":1132,""detectors_checked"":14336}"
        64,         2,         0,   0.505,exact_mw,7b4896c0e7f0a510554d89637fd747b157418067a95869d1f0661294d473d1dc,"{""distance"":5,""physical_error_rate"":0.02}","{""detection_events"":1117,""detectors_checked"":14336,""obs_mistake_mask=E"":2}"
        32,        18,         0,   0.484,exact_mw,14059eecea5f7bdc562c01e7682d53b775a747f80d40379178915ac673e3b6bb,"{""distance"":5,""physical_error_rate"":0.5}","{""detection_events"":3595,""detectors_checked"":7168,""obs_mistake_mask=E"":18}"
        64,        38,         0,   0.631,exact_mw,14059eecea5f7bdc562c01e7682d53b775a747f80d40379178915ac673e3b6bb,"{""distance"":5,""physical_error_rate"":0.5}","{""detection_events"":7107,""detectors_checked"":14336,""obs_mistake_mask=E"":38}"
    130048,         0,         0,    1.11,exact_mw,70a969f5042aec17ac076c6379f4170fb7c69b8e925756ef3b7334e28a33338b,"{""distance"":5,""physical_error_rate"":0.0001}","{""detection_events"":13077,""detectors_checked"":29130752}"
     93184,         0,         0,    1.10,exact_mw,cdc4a450a40af8e24899239080e4c40992fb5baf91c5a31ab3a165eacb3a1ab3,"{""distance"":5,""physical_error_rate"":0.0002}","{""detection_events"":18589,""detectors_checked"":20873216}"
        32,        14,         0,   0.342,exact_mw,d68317bf2f4c69d73359111c5597779a07d8ed85f1f94573f1c8a2f6c683850d,"{""distance"":5,""physical_error_rate"":0.2}","{""detection_events"":2999,""detectors_checked"":7168,""obs_mistake_mask=E"":14}"
        32,        17,         0,   0.326,exact_mw,d68317bf2f4c69d73359111c5597779a07d8ed85f1f94573f1c8a2f6c683850d,"{""distance"":5,""physical_error_rate"":0.2}","{""detection_events"":2829,""detectors_checked"":7168,""obs_mistake_mask=E"":17}"
        64,        23,         0,   0.634,exact_mw,d68317bf2f4c69d73359111c5597779a07d8ed85f1f94573f1c8a2f6c683850d,"{""distance"":5,""physical_error_rate"":0.2}","{""detection_events"":5768,""detectors_checked"":14336,""obs_mistake_mask=E"":23}"
     77824,         0,         0,   0.567,exact_mw,cdc4a450a40af8e24899239080e4c40992fb5baf91c5a31ab3a165eacb3a1ab3,"{""distance"":5,""physical_error_rate"":0.0002}","{""detection_events"":15360,""detectors_checked"":17432576}"
        64,        18,         0,   0.608,exact_mw,7fd11737ba5953e5998cf5d5ab7672462ce2ff07a9ab0f8628176a3f70e7a095,"{""distance"":5,""physical_error_rate"":0.05}","{""detection_events"":2453,""detectors_checked"":14336,""obs_mistake_mask=E"":18}"
        64,        36,         0,   0.644,exact_mw,d68317bf2f4c69d73359111c5597779a07d8ed85f1f94573f1c8a2f6c683850d,"{""distance"":5,""physical_error_rate"":0.2}","{""detection_events"":5748,""detectors_checked"":14336,""obs_mistake_mask=E"":36}"
         1,         0,         0,   0.014,exact_mw,72230d8c06b5a71069df48ede6f7f3e6128cd83e8239dd1b2e5fe023578b6eb1,"{""distance"":5,""physical_error_rate"":0.01}","{""detection_events"":9,""detectors_checked"":224}"
       512,         0,         0,   0.595,exact_mw,38b7ae1c4e8407fc325e0d9e43e9f92ff26dcb3f5cf7b98d24ea74c9e5188d39,"{""distance"":5,""physical_error_rate"":0.005}","{""detection_events"":2552,""detectors_checked"":114688}"
        32,        14,         0,   0.862,exact_mw,d68317bf2f4c69d73359111c5597779a07d8ed85f1f94573f1c8a2f6c683850d,"{""distance"":5,""physical_error_rate"":0.2}","{""detection_events"":2928,""detectors_checked"":7168,""obs_mistake_mask=E"":14}"
       128,         0,         0,   0.493,exact_mw,72230d8c06b5a71069df48ede6f7f3e6128cd83e8239dd1b2e5fe023578b6eb1,"{""distance"":5,""physical_error_rate"":0.01}","{""detection_events"":1216,""detectors_checked"":28672}"
        64,         1,         0,   0.505,exact_mw,7b4896c0e7f0a510554d89637fd747b157418067a95869d1f0661294d473d1dc,"{""distance"":5,""physical_error_rate"":0.02}","{""detection_events"":1065,""detectors_checked"":14336,""obs_mistake_mask=E"":1}"
        16,         0,         0,   0.038,exact_mw,72230d8c06b5a71069df48ede6f7f3e6128cd83e8239dd1b2e5fe023578b6eb1,"{""distance"":5,""physical_error_rate"":0.01}","{""detection_events"":164,""detectors_checked"":3584}"
        64,        11,         0,   0.654,exact_mw,7fd11737ba5953e5998cf5d5ab7672462ce2ff07a9ab0f8628176a3f70e7a095,"{""distance"":5,""physical_error_rate"":0.05}","{""detection_events"":2479,""detectors_checked"":14336,""obs_mistake_mask=E"":11}"
     60416,         0,         0,    1.56,exact_mw,bb90ec3459e353008cf9a5bb9142bf1e8515517a9e167021b225104594e48e8a,"{""distance"":5,""physical_error_rate"":0.001}","{""detection_events"":58796,""detectors_checked"":13533184}"
      5120,         0,         0,   0.767,exact_mw,3208f56225bbcac0e2804eb6f92d0a8b681652a702ca1ec920ccd7367f0e0899,"{""distance"":5,""physical_error_rate"":0.002}","{""detection_events"":10236,""detectors_checked"":1146880}"
     54272,         0,         0,   0.791,exact_mw,cb12ae119b9b2ba18d0216e7235b403229e92fd0743ede48fe7f1a2c6f45d594,"{""distance"":5,""physical_error_rate"":0.0005}","{""detection_events"":26589,""detectors_checked"":12156928}"
       128,         0,         0,   0.478,exact_mw,72230d8c06b5a71069df48ede6f7f3e6128cd83e8239dd1b2e5fe023578b6eb1,"{""distance"":5,""physical_error_rate"":0.01}","{""detection_events"":1226,""detectors_checked"":28672}"
       512,         1,         0,   0.512,exact_mw,38b7ae1c4e8407fc325e0d9e43e9f92ff26dcb3f5cf7b98d24ea74c9e5188d39,"{""distance"":5,""physical_error_rate"":0.005}","{""detection_events"":2474,""detectors_checked"":114688,""obs_mistake_mask=E"":1}"
        32,        16,         0,   0.486,exact_mw,14059eecea5f7bdc562c01e7682d53b775a747f80d40379178915ac673e3b6bb,"{""distance"":5,""physical_error_rate"":0.5}","{""detection_events"":3523,""detectors_checked"":7168,""obs_mistake_mask=E"":16}"
     71680,         0,         0,    1.11,exact_mw,cb12ae119b9b2ba18d0216e7235b403229e92fd0743ede48fe7f1a2c6f45d594,"{""distance"":5,""physical_error_rate"":0.0005}","{""detection_events"":35556,""detectors_checked"":16056320}"
        64,         3,         0,   0.676,exact_mw,7b4896c0e7f0a510554d89637fd747b157418067a95869d1f0661294d473d1dc,"{""distance"":5,""physical_error_rate"":0.02}","{""detection_events"":1145,""detectors_checked"":14336,""obs_mistake_mask=E"":3}"
        16,        10,         0,   0.738,exact_mw,7def73f725f8347dc4de7c57664b66d91778cc6018e33f45b3defe89c7a0cfc0,"{""distance"":5,""physical_error_rate"":0.1}","{""detection_events"":992,""detectors_checked"":3584,""obs_mistake_mask=E"":10}"
        32,        16,         0,   0.427,exact_mw,14059eecea5f7bdc562c01e7682d53b775a747f80d40379178915ac673e3b6bb,"{""distance"":5,""physical_error_rate"":0.5}","{""detection_events"":3586,""detectors_checked"":7168,""obs_mistake_mask=E"":16}"
     15360,         0,         0,   0.411,exact_mw,bb90ec3459e353008cf9a5bb9142bf1e8515517a9e167021b225104594e48e8a,"{""distance"":5,""physical_error_rate"":0.001}","{""detection_events"":15314,""detectors_checked"":3440640}"
       128,         1,         0,   0.500,exact_mw,72230d8c06b5a71069df48ede6f7f3e6128cd83e8239dd1b2e5fe023578b6eb1,"{""distance"":5,""physical_error_rate"":0.01}","{""detection_events"":1219,""detectors_checked"":28672,""obs_mistake_mask=E"":1}"
    190464,         0,         0,    1.57,exact_mw,cdc4a450a40af8e24899239080e4c40992fb5baf91c5a31ab3a165eacb3a1ab3,"{""distance"":5,""physical_error_rate"":0.0002}","{""detection_events"":37855,""detectors_checked"":42663936}"
        64,        29,         0,   0.728,exact_mw,7def73f725f8347dc4de7c57664b66d91778cc6018e33f45b3defe89c7a0cfc0,"{""distance"":5,""physical_error_rate"":0.1}","{""detection_events"":3971,""detectors_checked"":14336,""obs_mistake_mask=E"":29}"
        32,        17,         0,   0.341,exact_mw,d68317bf2f4c69d73359111c5597779a07d8ed85f1f94573f1c8a2f6c683850d,"{""distance"":5,""physical_error_rate"":0.2}","{""detection_events"":2883,""detectors_checked"":7168,""obs_mistake_mask=E"":17}"
    261120,         0,         0,    1.52,exact_mw,70a969f5042aec17ac076c6379f4170fb7c69b8e925756ef3b7334e28a33338b,"{""distance"":5,""physical_error_rate"":0.0001}","{""detection_events"":25593,""detectors_checked"":58490880}"
        32,        17,         0,   0.347,exact_mw,d68317bf2f4c69d73359111c5597779a07d8ed85f1f94573f1c8a2f6c683850d,"{""distance"":5,""physical_error_rate"":0.2}","{""detection_events"":2907,""detectors_checked"":7168,""obs_mistake_mask=E"":17}"
       512,         1,         0,   0.602,exact_mw,38b7ae1c4e8407fc325e0d9e43e9f92ff26dcb3f5cf7b98d24ea74c9e5188d39,"{""distance"":5,""physical_error_rate"":0.005}","{""detection_events"":2464,""detectors_checked"":114688,""obs_mistake_mask=E"":1}"
        64,        19,         0,   0.547,exact_mw,7fd11737ba5953e5998cf5d5ab7672462ce2ff07a9ab0f8628176a3f70e7a095,"{""distance"":5,""physical_error_rate"":0.05}","{""detection_events"":2367,""detectors_checked"":14336,""obs_mistake_mask=E"":19}"
        64,         1,         0,   0.444,exact_mw,7b4896c0e7f0a510554d89637fd747b157418067a95869d1f0661294d473d1dc,"{""distance"":5,""physical_error_rate"":0.02}","{""detection_events"":1152,""detectors_checked"":14336,""obs_mistake_mask=E"":1}"
       512,         1,         0,   0.824,exact_mw,38b7ae1c4e8407fc325e0d9e43e9f92ff26dcb3f5cf7b98d24ea74c9e5188d39,"{""distance"":5,""physical_error_rate"":0.005}","{""detection_events"":2450,""detectors_checked"":114688,""obs_mistake_mask=E"":1}"
        64,        32,         0,   0.951,exact_mw,7def73f725f8347dc4de7c57664b66d91778cc6018e33f45b3defe89c7a0cfc0,"{""distance"":5,""physical_error_rate"":0.1}","{""detection_events"":3986,""detectors_checked"":14336,""obs_mistake_mask=E"":32}"
        64,        14,         0,    1.59,exact_mw,7fd11737ba5953e5998cf5d5ab7672462ce2ff07a9ab0f8628176a3f70e7a095,"{""distance"":5,""physical_error_rate"":0.05}","{""detection_events"":2465,""detectors_checked"":14336,""obs_mistake_mask=E"":14}"
        32,        21,         0,   0.512,exact_mw,14059eecea5f7bdc562c01e7682d53b775a747f80d40379178915ac673e3b6bb,"{""distance"":5,""physical_error_rate"":0.5}","{""detection_events"":3579,""detectors_checked"":7168,""obs_mistake_mask=E"":21}"
       128,         5,         0,   0.851,exact_mw,7b4896c0e7f0a510554d89637fd747b157418067a95869d1f0661294d473d1dc,"{""distance"":5,""physical_error_rate"":0.02}","{""detection_events"":2195,""detectors_checked"":28672,""obs_mistake_mask=E"":5}"
      5120,         0,         0,    1.02,exact_mw,3208f56225bbcac0e2804eb6f92d0a8b681652a702ca1ec920ccd7367f0e0899,"{""distance"":5,""physical_error_rate"":0.002}","{""detection_events"":9989,""detectors_checked"":1146880}"
        64,         0,         0,   0.441,exact_mw,7b4896c0e7f0a510554d89637fd747b157418067a95869d1f0661294d473d1dc,"{""distance"":5,""physical_error_rate"":0.02}","{""detection_events"":1175,""detectors_checked"":14336}"
        64,        35,         0,   0.632,exact_mw,7def73f725f8347dc4de7c57664b66d91778cc6018e33f45b3defe89c7a0cfc0,"{""distance"":5,""physical_error_rate"":0.1}","{""detection_events"":3959,""detectors_checked"":14336,""obs_mistake_mask=E"":35}"
      2048,         1,         0,   0.801,exact_mw,3208f56225bbcac0e2804eb6f92d0a8b681652a702ca1ec920ccd7367f0e0899,"{""distance"":5,""physical_error_rate"":0.002}","{""detection_events"":3898,""detectors_checked"":458752,""obs_mistake_mask=E"":1}"
       128,         3,         0,   0.510,exact_mw,72230d8c06b5a71069df48ede6f7f3e6128cd83e8239dd1b2e5fe023578b6eb1,"{""distance"":5,""physical_error_rate"":0.01}","{""detection_events"":1240,""detectors_checked"":28672,""obs_mistake_mask=E"":3}"
    149504,         0,         0,    1.55,exact_mw,cb12ae119b9b2ba18d0216e7235b403229e92fd0743ede48fe7f1a2c6f45d594,"{""distance"":5,""physical_error_rate"":0.0005}","{""detection_events"":73567,""detectors_checked"":33488896}"
       128,         0,         0,   0.497,exact_mw,72230d8c06b5a71069df48ede6f7f3e6128cd83e8239dd1b2e5fe023578b6eb1,"{""distance"":5,""physical_error_rate"":0.01}","{""detection_events"":1162,""detectors_checked"":28672}"
        64,        17,         0,   0.565,exact_mw,7fd11737ba5953e5998cf5d5ab7672462ce2ff07a9ab0f8628176a3f70e7a095,"{""distance"":5,""physical_error_rate"":0.05}","{""detection_events"":2425,""detectors_checked"":14336,""obs_mistake_mask=E"":17}"
    104448,         0,         0,    1.11,exact_mw,cdc4a450a40af8e24899239080e4c40992fb5baf91c5a31ab3a165eacb3a1ab3,"{""distance"":5,""physical_error_rate"":0.0002}","{""detection_events"":20073,""detectors_checked"":23396352}"
       512,         0,         0,   0.586,exact_mw,38b7ae1c4e8407fc325e0d9e43e9f92ff26dcb3f5cf7b98d24ea74c9e5188d39,"{""distance"":5,""physical_error_rate"":0.005}","{""detection_events"":2427,""detectors_checked"":114688}"
        64,         0,         0,   0.710,exact_mw,7b4896c0e7f0a510554d89637fd747b157418067a95869d1f0661294d473d1dc,"{""distance"":5,""physical_error_rate"":0.02}","{""detection_events"":1104,""detectors_checked"":14336}"
     86016,         0,         0,    1.11,exact_mw,cb12ae119b9b2ba18d0216e7235b403229e92fd0743ede48fe7f1a2c6f45d594,"{""distance"":5,""physical_error_rate"":0.0005}","{""detection_events"":42024,""detectors_checked"":19267584}"
        32,        16,         0,   0.344,exact_mw,d68317bf2f4c69d73359111c5597779a07d8ed85f1f94573f1c8a2f6c683850d,"{""distance"":5,""physical_error_rate"":0.2}","{""detection_events"":2872,""detectors_checked"":7168,""obs_mistake_mask=E"":16}"
    120832,         0,         0,    1.08,exact_mw,cdc4a450a40af8e24899239080e4c40992fb5baf91c5a31ab3a165eacb3a1ab3,"{""distance"":5,""physical_error_rate"":0.0002}","{""detection_events"":23873,""detectors_checked"":27066368}"
        32,        18,         0,   0.333,exact_mw,d68317bf2f4c69d73359111c5597779a07d8ed85f1f94573f1c8a2f6c683850d,"{""distance"":5,""physical_error_rate"":0.2}","{""detection_events"":2891,""detectors_checked"":7168,""obs_mistake_mask=E"":18}"
      9216,         0,         0,    1.14,exact_mw,3208f56225bbcac0e2804eb6f92d0a8b681652a702ca1ec920ccd7367f0e0899,"{""distance"":5,""physical_error_rate"":0.002}","{""detection_events"":17937,""detectors_checked"":2064384}"
     32768,         0,         0,    1.10,exact_mw,70a969f5042aec17ac076c6379f4170fb7c69b8e925756ef3b7334e28a33338b,"{""distance"":5,""physical_error_rate"":0.0001}","{""detection_events"":3139,""detectors_checked"":7340032}"
        64,        35,         0,   0.693,exact_mw,d68317bf2f4c69d73359111c5597779a07d8ed85f1f94573f1c8a2f6c683850d,"{""distance"":5,""physical_error_rate"":0.2}","{""detection_events"":5718,""detectors_checked"":14336,""obs_mistake_mask=E"":35}"
       256,         2,         0,   0.917,exact_mw,72230d8c06b5a71069df48ede6f7f3e6128cd83e8239dd1b2e5fe023578b6eb1,"{""distance"":5,""physical_error_rate"":0.01}","{""detection_events"":2283,""detectors_checked"":57344,""obs_mistake_mask=E"":2}"
     45056,         1,         0,    1.11,exact_mw,bb90ec3459e353008cf9a5bb9142bf1e8515517a9e167021b225104594e48e8a,"{""distance"":5,""physical_error_rate"":0.001}","{""detection_events"":44487,""detectors_checked"":10092544,""obs_mistake_mask=E"":1}"
    192512,         0,         0,    1.56,exact_mw,f32ebecd8e105e50ec838d33c5ed9b45444b6b44a3c6ac541111079f2b14e893,"{""distance"":5,""physical_error_rate"":5e-05}","{""detection_events"":9450,""detectors_checked"":43122688}"
        32,        19,         0,   0.482,exact_mw,14059eecea5f7bdc562c01e7682d53b775a747f80d40379178915ac673e3b6bb,"{""distance"":5,""physical_error_rate"":0.5}","{""detection_events"":3567,""detectors_checked"":7168,""obs_mistake_mask=E"":19}"
     93184,         0,         0,   0.760,exact_mw,cdc4a450a40af8e24899239080e4c40992fb5baf91c5a31ab3a165eacb3a1ab3,"{""distance"":5,""physical_error_rate"":0.0002}","{""detection_events"":18725,""detectors_checked"":20873216}"
        64,         3,         0,   0.414,exact_mw,7b4896c0e7f0a510554d89637fd747b157418067a95869d1f0661294d473d1dc,"{""distance"":5,""physical_error_rate"":0.02}","{""detection_events"":1137,""detectors_checked"":14336,""obs_mistake_mask=E"":3}"
    142336,         0,         0,    1.07,exact_mw,f32ebecd8e105e50ec838d33c5ed9b45444b6b44a3c6ac541111079f2b14e893,"{""distance"":5,""physical_error_rate"":5e-05}","{""detection_events"":6917,""detectors_checked"":31883264}"
       128,         0,         0,   0.621,exact_mw,72230d8c06b5a71069df48ede6f7f3e6128cd83e8239dd1b2e5fe023578b6eb1,"{""distance"":5,""physical_error_rate"":0.01}","{""detection_events"":1289,""detectors_checked"":28672}"
     28672,         0,         0,    1.11,exact_mw,bb90ec3459e353008cf9a5bb9142bf1e8515517a9e167021b225104594e48e8a,"{""distance"":5,""physical_error_rate"":0.001}","{""detection_events"":27687,""detectors_checked"":6422528}"
       512,         0,         0,   0.585,exact_mw,38b7ae1c4e8407fc325e0d9e43e9f92ff26dcb3f5cf7b98d24ea74c9e5188d39,"{""distance"":5,""physical_error_rate"":0.005}","{""detection_events"":2459,""detectors_checked"":114688}"
        32,        12,         0,   0.413,exact_mw,7fd11737ba5953e5998cf5d5ab7672462ce2ff07a9ab0f8628176a3f70e7a095,"{""distance"":5,""physical_error_rate"":0.05}","{""detection_events"":1278,""detectors_checked"":7168,""obs_mistake_mask=E"":12}"
        64,         2,         0,   0.584,exact_mw,7b4896c0e7f0a510554d89637fd747b157418067a95869d1f0661294d473d1dc,"{""distance"":5,""physical_error_rate"":0.02}","{""detection_events"":1231,""detectors_checked"":14336,""obs_mistake_mask=E"":2}"
     18432,         0,         0,    1.60,exact_mw,3208f56225bbcac0e2804eb6f92d0a8b681652a702ca1ec920ccd7367f0e0899,"{""distance"":5,""physical_error_rate"":0.002}","{""detection_events"":35525,""detectors_checked"":4128768}"
     21504,         0,         0,   0.577,exact_mw,bb90ec3459e353008cf9a5bb9142bf1e8515517a9e167021b225104594e48e8a,"{""distance"":5,""physical_error_rate"":0.001}","{""detection_events"":21270,""detectors_checked"":4816896}"
         1,         0,         0,   0.001,exact_mw,38b7ae1c4e8407fc325e0d9e43e9f92ff26dcb3f5cf7b98d24ea74c9e5188d39,"{""distance"":5,""physical_error_rate"":0.005}","{""detection_events"":3,""detectors_checked"":224}"
     31744,         0,         0,    1.08,exact_mw,70a969f5042aec17ac076c6379f4170fb7c69b8e925756ef3b7334e28a33338b,"{""distance"":5,""physical_error_rate"":0.0001}","{""detection_events"":3081,""detectors_checked"":7110656}"
        96,        48,         0,   0.956,exact_mw,14059eecea5f7bdc562c01e7682d53b775a747f80d40379178915ac673e3b6bb,"{""distance"":5,""physical_error_rate"":0.5}","{""detection_events"":10580,""detectors_checked"":21504,""obs_mistake_mask=E"":48}"
        32,        17,         0,   0.457,exact_mw,14059eecea5f7bdc562c01e7682d53b775a747f80d40379178915ac673e3b6bb,"{""distance"":5,""physical_error_rate"":0.5}","{""detection_events"":3608,""detectors_checked"":7168,""obs_mistake_mask=E"":17}"
       512,         0,         0,   0.531,exact_mw,38b7ae1c4e8407fc325e0d9e43e9f92ff26dcb3f5cf7b98d24ea74c9e5188d39,"{""distance"":5,""physical_error_rate"":0.005}","{""detection_events"":2227,""detectors_checked"":114688}"
       512,         1,         0,   0.583,exact_mw,38b7ae1c4e8407fc325e0d9e43e9f92ff26dcb3f5cf7b98d24ea74c9e5188d39,"{""distance"":5,""physical_error_rate"":0.005}","{""detection_events"":2483,""detectors_checked"":114688,""obs_mistake_mask=E"":1}"
        64,         0,         0,   0.419,exact_mw,7b4896c0e7f0a510554d89637fd747b157418067a95869d1f0661294d473d1dc,"{""distance"":5,""physical_error_rate"":0.02}","{""detection_events"":1198,""detectors_checked"":14336}"
        64,        28,         0,   0.652,exact_mw,7def73f725f8347dc4de7c57664b66d91778cc6018e33f45b3defe89c7a0cfc0,"{""distance"":5,""physical_error_rate"":0.1}","{""detection_events"":4046,""detectors_checked"":14336,""obs_mistake_mask=E"":28}"
        64,        18,         0,   0.601,exact_mw,7fd11737ba5953e5998cf5d5ab7672462ce2ff07a9ab0f8628176a3f70e7a095,"{""distance"":5,""physical_error_rate"":0.05}","{""detection_events"":2545,""detectors_checked"":14336,""obs_mistake_mask=E"":18}"
        96,        48,         0,   0.961,exact_mw,d68317bf2f4c69d73359111c5597779a07d8ed85f1f94573f1c8a2f6c683850d,"{""distance"":5,""physical_error_rate"":0.2}","{""detection_events"":8636,""detectors_checked"":21504,""obs_mistake_mask=E"":48}"
        64,        36,         0,   0.690,exact_mw,14059eecea5f7bdc562c01e7682d53b775a747f80d40379178915ac673e3b6bb,"{""distance"":5,""physical_error_rate"":0.5}","{""detection_events"":7203,""detectors_checked"":14336,""obs_mistake_mask=E"":36}"
        32,        17,         0,   0.341,exact_mw,d68317bf2f4c69d73359111c5597779a07d8ed85f1f94573f1c8a2f6c683850d,"{""distance"":5,""physical_error_rate"":0.2}","{""detection_events"":2834,""detectors_checked"":7168,""obs_mistake_mask=E"":17}"
       128,         1,         0,   0.458,exact_mw,72230d8c06b5a71069df48ede6f7f3e6128cd83e8239dd1b2e5fe023578b6eb1,"{""distance"":5,""physical_error_rate"":0.01}","{""detection_events"":1164,""detectors_checked"":28672,""obs_mistake_mask=E"":1}"
        16,         4,         0,   0.752,exact_mw,7def73f725f8347dc4de7c57664b66d91778cc6018e33f45b3defe89c7a0cfc0,"{""distance"":5,""physical_error_rate"":0.1}","{""detection_events"":957,""detectors_checked"":3584,""obs_mistake_mask=E"":4}"
       128,         3,         0,   0.567,exact_mw,72230d8c06b5a71069df48ede6f7f3e6128cd83e8239dd1b2e5fe023578b6eb1,"{""distance"":5,""physical_error_rate"":0.01}","{""detection_events"":1229,""detectors_checked"":28672,""obs_mistake_mask=E"":3}"
    148480,         0,         0,    1.55,exact_mw,cb12ae119b9b2ba18d0216e7235b403229e92fd0743ede48fe7f1a2c6f45d594,"{""distance"":5,""physical_error_rate"":0.0005}","{""detection_events"":73348,""detectors_checked"":33259520}"
        64,        11,         0,   0.608,exact_mw,7fd11737ba5953e5998cf5d5ab7672462ce2ff07a9ab0f8628176a3f70e7a095,"{""distance"":5,""physical_error_rate"":0.05}","{""detection_events"":2391,""detectors_checked"":14336,""obs_mistake_mask=E"":11}"
       272,         0,         0,   0.310,exact_mw,38b7ae1c4e8407fc325e0d9e43e9f92ff26dcb3f5cf7b98d24ea74c9e5188d39,"{""distance"":5,""physical_error_rate"":0.005}","{""detection_events"":1268,""detectors_checked"":60928}"
        32,        19,         0,   0.487,exact_mw,14059eecea5f7bdc562c01e7682d53b775a747f80d40379178915ac673e3b6bb,"{""distance"":5,""physical_error_rate"":0.5}","{""detection_events"":3489,""detectors_checked"":7168,""obs_mistake_mask=E"":19}"
      1024,         0,         0,   0.727,exact_mw,3208f56225bbcac0e2804eb6f92d0a8b681652a702ca1ec920ccd7367f0e0899,"{""distance"":5,""physical_error_rate"":0.002}","{""detection_events"":2060,""detectors_checked"":229376}"
        32,         9,         0,   0.403,exact_mw,7fd11737ba5953e5998cf5d5ab7672462ce2ff07a9ab0f8628176a3f70e7a095,"{""distance"":5,""physical_error_rate"":0.05}","{""detection_events"":1174,""detectors_checked"":7168,""obs_mistake_mask=E"":9}"
       128,         1,         0,   0.448,exact_mw,72230d8c06b5a71069df48ede6f7f3e6128cd83e8239dd1b2e5fe023578b6eb1,"{""distance"":5,""physical_error_rate"":0.01}","{""detection_events"":1258,""detectors_checked"":28672,""obs_mistake_mask=E"":1}"
     80896,         0,         0,    1.12,exact_mw,cb12ae119b9b2ba18d0216e7235b403229e92fd0743ede48fe7f1a2c6f45d594,"{""distance"":5,""physical_error_rate"":0.0005}","{""detection_events"":39848,""detectors_checked"":18120704}"
        64,         5,         0,   0.655,exact_mw,7b4896c0e7f0a510554d89637fd747b157418067a95869d1f0661294d473d1dc,"{""distance"":5,""physical_error_rate"":0.02}","{""detection_events"":1119,""detectors_checked"":14336,""obs_mistake_mask=E"":5}"
        64,         2,         0,   0.420,exact_mw,7b4896c0e7f0a510554d89637fd747b157418067a95869d1f0661294d473d1dc,"{""distance"":5,""physical_error_rate"":0.02}","{""detection_events"":1013,""detectors_checked"":14336,""obs_mistake_mask=E"":2}"
       256,         3,         0,   0.984,exact_mw,72230d8c06b5a71069df48ede6f7f3e6128cd83e8239dd1b2e5fe023578b6eb1,"{""distance"":5,""physical_error_rate"":0.01}","{""detection_events"":2610,""detectors_checked"":57344,""obs_mistake_mask=E"":3}"
        64,        26,         0,   0.897,exact_mw,7def73f725f8347dc4de7c57664b66d91778cc6018e33f45b3defe89c7a0cfc0,"{""distance"":5,""physical_error_rate"":0.1}","{""detection_events"":3939,""detectors_checked"":14336,""obs_mistake_mask=E"":26}"
        64,        38,         0,   0.644,exact_mw,d68317bf2f4c69d73359111c5597779a07d8ed85f1f94573f1c8a2f6c683850d,"{""distance"":5,""physical_error_rate"":0.2}","{""detection_events"":5713,""detectors_checked"":14336,""obs_mistake_mask=E"":38}"
        64,        29,         0,   0.637,exact_mw,d68317bf2f4c69d73359111c5597779a07d8ed85f1f94573f1c8a2f6c683850d,"{""distance"":5,""physical_error_rate"":0.2}","{""detection_events"":5774,""detectors_checked"":14336,""obs_mistake_mask=E"":29}"
       128,         6,         0,   0.884,exact_mw,7b4896c0e7f0a510554d89637fd747b157418067a95869d1f0661294d473d1dc,"{""distance"":5,""physical_error_rate"":0.02}","{""detection_events"":2326,""detectors_checked"":28672,""obs_mistake_mask=E"":6}"
       512,         0,         0,   0.506,exact_mw,38b7ae1c4e8407fc325e0d9e43e9f92ff26dcb3f5cf7b98d24ea74c9e5188d39,"{""distance"":5,""physical_error_rate"":0.005}","{""detection_events"":2394,""detectors_checked"":114688}"
    210944,         0,         0,    1.53,exact_mw,f32ebecd8e105e50ec838d33c5ed9b45444b6b44a3c6ac541111079f2b14e893,"{""distance"":5,""physical_error_rate"":5e-05}","{""detection_events"":10742,""detectors_checked"":47251456}"
        64,         2,         0,   0.438,exact_mw,7b4896c0e7f0a510554d89637fd747b157418067a95869d1f0661294d473d1dc,"{""distance"":5,""physical_error_rate"":0.02}","{""detection_events"":1060,""detectors_checked"":14336,""obs_mistake_mask=E"":2}"
     41984,         0,         0,    1.61,exact_mw,bb90ec3459e353008cf9a5bb9142bf1e8515517a9e167021b225104594e48e8a,"{""distance"":5,""physical_error_rate"":0.001}","{""detection_events"":40814,""detectors_checked"":9404416}"
    173056,         0,         0,    1.54,exact_mw,f32ebecd8e105e50ec838d33c5ed9b45444b6b44a3c6ac541111079f2b14e893,"{""distance"":5,""physical_error_rate"":5e-05}","{""detection_events"":8478,""detectors_checked"":38764544}"
       512,         1,         0,   0.504,exact_mw,38b7ae1c4e8407fc325e0d9e43e9f92ff26dcb3f5cf7b98d24ea74c9e5188d39,"{""distance"":5,""physical_error_rate"":0.005}","{""detection_events"":2361,""detectors_checked"":114688,""obs_mistake_mask=E"":1}"
       128,         1,         0,   0.745,exact_mw,72230d8c06b5a71069df48ede6f7f3e6128cd83e8239dd1b2e5fe023578b6eb1,"{""distance"":5,""physical_error_rate"":0.01}","{""detection_events"":1283,""detectors_checked"":28672,""obs_mistake_mask=E"":1}"
      6144,         0,         0,    1.35,exact_mw,3208f56225bbcac0e2804eb6f92d0a8b681652a702ca1ec920ccd7367f0e0899,"{""distance"":5,""physical_error_rate"":0.002}","{""detection_events"":12088,""detectors_checked"":1376256}"
    146432,         0,         0,    1.53,exact_mw,cdc4a450a40af8e24899239080e4c40992fb5baf91c5a31ab3a165eacb3a1ab3,"{""distance"":5,""physical_error_rate"":0.0002}","{""detection_events"":29142,""detectors_checked"":32800768}"
       512,         1,         0,   0.581,exact_mw,38b7ae1c4e8407fc325e0d9e43e9f92ff26dcb3f5cf7b98d24ea74c9e5188d39,"{""distance"":5,""physical_error_rate"":0.005}","{""detection_events"":2457,""detectors_checked"":114688,""obs_mistake_mask=E"":1}"
    205824,         0,         0,    1.56,exact_mw,70a969f5042aec17ac076c6379f4170fb7c69b8e925756ef3b7334e28a33338b,"{""distance"":5,""physical_error_rate"":0.0001}","{""detection_events"":20384,""detectors_checked"":46104576}"
        64,        35,         0,   0.602,exact_mw,7def73f725f8347dc4de7c57664b66d91778cc6018e33f45b3defe89c7a0cfc0,"{""distance"":5,""physical_error_rate"":0.1}","{""detection_events"":4030,""detectors_checked"":14336,""obs_mistake_mask=E"":35}"
       128,         1,         0,   0.425,exact_mw,72230d8c06b5a71069df48ede6f7f3e6128cd83e8239dd1b2e5fe023578b6eb1,"{""distance"":5,""physical_error_rate"":0.01}","{""detection_events"":1265,""detectors_checked"":28672,""obs_mistake_mask=E"":1}"
       128,         8,         0,   0.843,exact_mw,7b4896c0e7f0a510554d89637fd747b157418067a95869d1f0661294d473d1dc,"{""distance"":5,""physical_error_rate"":0.02}","{""detection_events"":2242,""detectors_checked"":28672,""obs_mistake_mask=E"":8}"
      1024,         1,         0,    1.03,exact_mw,38b7ae1c4e8407fc325e0d9e43e9f92ff26dcb3f5cf7b98d24ea74c9e5188d39,"{""distance"":5,""physical_error_rate"":0.005}","{""detection_events"":4939,""detectors_checked"":229376,""obs_mistake_mask=E"":1}"
      8192,         1,         0,    1.13,exact_mw,3208f56225bbcac0e2804eb6f92d0a8b681652a702ca1ec920ccd7367f0e0899,"{""distance"":5,""physical_error_rate"":0.002}","{""detection_events"":16129,""detectors_checked"":1835008,""obs_mistake_mask=E"":1}"
        64,        28,         0,   0.656,exact_mw,d68317bf2f4c69d73359111c5597779a07d8ed85f1f94573f1c8a2f6c683850d,"{""distance"":5,""physical_error_rate"":0.2}","{""detection_events"":5709,""detectors_checked"":14336,""obs_mistake_mask=E"":28}"
     31744,         0,         0,   0.810,exact_mw,bb90ec3459e353008cf9a5bb9142bf1e8515517a9e167021b225104594e48e8a,"{""distance"":5,""physical_error_rate"":0.001}","{""detection_events"":31236,""detectors_checked"":7110656}"
        32,        16,         0,   0.476,exact_mw,14059eecea5f7bdc562c01e7682d53b775a747f80d40379178915ac673e3b6bb,"{""distance"":5,""physical_error_rate"":0.5}","{""detection_events"":3505,""detectors_checked"":7168,""obs_mistake_mask=E"":16}"
       128,        66,         0,    1.21,exact_mw,7def73f725f8347dc4de7c57664b66d91778cc6018e33f45b3defe89c7a0cfc0,"{""distance"":5,""physical_error_rate"":0.1}","{""detection_events"":7879,""detectors_checked"":28672,""obs_mistake_mask=E"":66}"
        64,        12,         0,    1.64,exact_mw,7fd11737ba5953e5998cf5d5ab7672462ce2ff07a9ab0f8628176a3f70e7a095,"{""distance"":5,""physical_error_rate"":0.05}","{""detection_events"":2455,""detectors_checked"":14336,""obs_mistake_mask=E"":12}"
        32,        16,         0,    1.69,exact_mw,d68317bf2f4c69d73359111c5597779a07d8ed85f1f94573f1c8a2f6c683850d,"{""distance"":5,""physical_error_rate"":0.2}","{""detection_events"":2802,""detectors_checked"":7168,""obs_mistake_mask=E"":16}"
        64,         9,         0,   0.567,exact_mw,7fd11737ba5953e5998cf5d5ab7672462ce2ff07a9ab0f8628176a3f70e7a095,"{""distance"":5,""physical_error_rate"":0.05}","{""detection_events"":2393,""detectors_checked"":14336,""obs_mistake_mask=E"":9}"
        64,         5,         0,   0.465,exact_mw,7b4896c0e7f0a510554d89637fd747b157418067a95869d1f0661294d473d1dc,"{""distance"":5,""physical_error_rate"":0.02}","{""detection_events"":1251,""detectors_checked"":14336,""obs_mistake_mask=E"":5}"
        64,         0,         0,   0.391,exact_mw,7b4896c0e7f0a510554d89637fd747b157418067a95869d1f0661294d473d1dc,"{""distance"":5,""physical_error_rate"":0.02}","{""detection_events"":1049,""detectors_checked"":14336}"
       512,         0,         0,   0.609,exact_mw,38b7ae1c4e8407fc325e0d9e43e9f92ff26dcb3f5cf7b98d24ea74c9e5188d39,"{""distance"":5,""physical_error_rate"":0.005}","{""detection_events"":2412,""detectors_checked"":114688}"
    106496,         0,         0,    1.55,exact_mw,cb12ae119b9b2ba18d0216e7235b403229e92fd0743ede48fe7f1a2c6f45d594,"{""distance"":5,""physical_error_rate"":0.0005}","{""detection_events"":52865,""detectors_checked"":23855104}"
        64,        36,         0,   0.976,exact_mw,14059eecea5f7bdc562c01e7682d53b775a747f80d40379178915ac673e3b6bb,"{""distance"":5,""physical_error_rate"":0.5}","{""detection_events"":7176,""detectors_checked"":14336,""obs_mistake_mask=E"":36}"
    143360,         0,         0,    1.11,exact_mw,cdc4a450a40af8e24899239080e4c40992fb5baf91c5a31ab3a165eacb3a1ab3,"{""distance"":5,""physical_error_rate"":0.0002}","{""detection_events"":28017,""detectors_checked"":32112640}"
        64,        32,         0,   0.632,exact_mw,d68317bf2f4c69d73359111c5597779a07d8ed85f1f94573f1c8a2f6c683850d,"{""distance"":5,""physical_error_rate"":0.2}","{""detection_events"":5709,""detectors_checked"":14336,""obs_mistake_mask=E"":32}"
        96,        55,         0,   0.952,exact_mw,d68317bf2f4c69d73359111c5597779a07d8ed85f1f94573f1c8a2f6c683850d,"{""distance"":5,""physical_error_rate"":0.2}","{""detection_events"":8607,""detectors_checked"":21504,""obs_mistake_mask=E"":55}"
        64,        37,         0,   0.627,exact_mw,d68317bf2f4c69d73359111c5597779a07d8ed85f1f94573f1c8a2f6c683850d,"{""distance"":5,""physical_error_rate"":0.2}","{""detection_events"":5664,""detectors_checked"":14336,""obs_mistake_mask=E"":37}"
        96,        44,         0,   0.956,exact_mw,14059eecea5f7bdc562c01e7682d53b775a747f80d40379178915ac673e3b6bb,"{""distance"":5,""physical_error_rate"":0.5}","{""detection_events"":10635,""detectors_checked"":21504,""obs_mistake_mask=E"":44}"
        64,         3,         0,   0.672,exact_mw,7b4896c0e7f0a510554d89637fd747b157418067a95869d1f0661294d473d1dc,"{""distance"":5,""physical_error_rate"":0.02}","{""detection_events"":1177,""detectors_checked"":14336,""obs_mistake_mask=E"":3}"
       512,         0,         0,   0.600,exact_mw,38b7ae1c4e8407fc325e0d9e43e9f92ff26dcb3f5cf7b98d24ea74c9e5188d39,"{""distance"":5,""physical_error_rate"":0.005}","{""detection_events"":2483,""detectors_checked"":114688}"
        16,         5,         0,   0.933,exact_mw,7def73f725f8347dc4de7c57664b66d91778cc6018e33f45b3defe89c7a0cfc0,"{""distance"":5,""physical_error_rate"":0.1}","{""detection_events"":1001,""detectors_checked"":3584,""obs_mistake_mask=E"":5}"
        32,        17,         0,   0.314,exact_mw,d68317bf2f4c69d73359111c5597779a07d8ed85f1f94573f1c8a2f6c683850d,"{""distance"":5,""physical_error_rate"":0.2}","{""detection_events"":2932,""detectors_checked"":7168,""obs_mistake_mask=E"":17}"
       512,         1,         0,   0.577,exact_mw,38b7ae1c4e8407fc325e0d9e43e9f92ff26dcb3f5cf7b98d24ea74c9e5188d39,"{""distance"":5,""physical_error_rate"":0.005}","{""detection_events"":2691,""detectors_checked"":114688,""obs_mistake_mask=E"":1}"
        64,         8,         0,   0.758,exact_mw,7fd11737ba5953e5998cf5d5ab7672462ce2ff07a9ab0f8628176a3f70e7a095,"{""distance"":5,""physical_error_rate"":0.05}","{""detection_events"":2525,""detectors_checked"":14336,""obs_mistake_mask=E"":8}"
        64,        16,         0,    2.27,exact_mw,7fd11737ba5953e5998cf5d5ab7672462ce2ff07a9ab0f8628176a3f70e7a095,"{""distance"":5,""physical_error_rate"":0.05}","{""detection_events"":2438,""detectors_checked"":14336,""obs_mistake_mask=E"":16}"
       256,         3,         0,    1.00,exact_mw,72230d8c06b5a71069df48ede6f7f3e6128cd83e8239dd1b2e5fe023578b6eb1,"{""distance"":5,""physical_error_rate"":0.01}","{""detection_events"":2413,""detectors_checked"":57344,""obs_mistake_mask=E"":3}"
        64,        31,         0,   0.486,exact_mw,7def73f725f8347dc4de7c57664b66d91778cc6018e33f45b3defe89c7a0cfc0,"{""distance"":5,""physical_error_rate"":0.1}","{""detection_events"":3997,""detectors_checked"":14336,""obs_mistake_mask=E"":31}"
       128,         0,         0,   0.517,exact_mw,72230d8c06b5a71069df48ede6f7f3e6128cd83e8239dd1b2e5fe023578b6eb1,"{""distance"":5,""physical_error_rate"":0.01}","{""detection_events"":1259,""detectors_checked"":28672}"
       512,         1,         0,   0.583,exact_mw,38b7ae1c4e8407fc325e0d9e43e9f92ff26dcb3f5cf7b98d24ea74c9e5188d39,"{""distance"":5,""physical_error_rate"":0.005}","{""detection_events"":2537,""detectors_checked"":114688,""obs_mistake_mask=E"":1}"
       256,         0,         0,   0.843,exact_mw,72230d8c06b5a71069df48ede6f7f3e6128cd83e8239dd1b2e5fe023578b6eb1,"{""distance"":5,""physical_error_rate"":0.01}","{""detection_events"":2321,""detectors_checked"":57344}"
        32,        16,         0,   0.408,exact_mw,14059eecea5f7bdc562c01e7682d53b775a747f80d40379178915ac673e3b6bb,"{""distance"":5,""physical_error_rate"":0.5}","{""detection_events"":3569,""detectors_checked"":7168,""obs_mistake_mask=E"":16}"
       128,        23,         0,    1.20,exact_mw,7fd11737ba5953e5998cf5d5ab7672462ce2ff07a9ab0f8628176a3f70e7a095,"{""distance"":5,""physical_error_rate"":0.05}","{""detection_events"":4852,""detectors_checked"":28672,""obs_mistake_mask=E"":23}"
        64,         3,         0,   0.435,exact_mw,7b4896c0e7f0a510554d89637fd747b157418067a95869d1f0661294d473d1dc,"{""distance"":5,""physical_error_rate"":0.02}","{""detection_events"":1113,""detectors_checked"":14336,""obs_mistake_mask=E"":3}"
    197632,         0,         0,    1.56,exact_mw,cdc4a450a40af8e24899239080e4c40992fb5baf91c5a31ab3a165eacb3a1ab3,"{""distance"":5,""physical_error_rate"":0.0002}","{""detection_events"":39079,""detectors_checked"":44269568}"
       128,        65,         0,    1.29,exact_mw,14059eecea5f7bdc562c01e7682d53b775a747f80d40379178915ac673e3b6bb,"{""distance"":5,""physical_error_rate"":0.5}","{""detection_events"":14234,""detectors_checked"":28672,""obs_mistake_mask=E"":65}"
    157696,         0,         0,    1.54,exact_mw,cb12ae119b9b2ba18d0216e7235b403229e92fd0743ede48fe7f1a2c6f45d594,"{""distance"":5,""physical_error_rate"":0.0005}","{""detection_events"":78248,""detectors_checked"":35323904}"
        64,        26,         0,   0.916,exact_mw,7def73f725f8347dc4de7c57664b66d91778cc6018e33f45b3defe89c7a0cfc0,"{""distance"":5,""physical_error_rate"":0.1}","{""detection_events"":4039,""detectors_checked"":14336,""obs_mistake_mask=E"":26}"
       256,         2,         0,   0.933,exact_mw,72230d8c06b5a71069df48ede6f7f3e6128cd83e8239dd1b2e5fe023578b6eb1,"{""distance"":5,""physical_error_rate"":0.01}","{""detection_events"":2328,""detectors_checked"":57344,""obs_mistake_mask=E"":2}"
    138240,         0,         0,    1.57,exact_mw,cdc4a450a40af8e24899239080e4c40992fb5baf91c5a31ab3a165eacb3a1ab3,"{""distance"":5,""physical_error_rate"":0.0002}","{""detection_events"":27202,""detectors_checked"":30965760}"
      1024,         0,         0,   0.981,exact_mw,3208f56225bbcac0e2804eb6f92d0a8b681652a702ca1ec920ccd7367f0e0899,"{""distance"":5,""physical_error_rate"":0.002}","{""detection_events"":2062,""detectors_checked"":229376}"
     36864,         0,         0,    1.50,exact_mw,70a969f5042aec17ac076c6379f4170fb7c69b8e925756ef3b7334e28a33338b,"{""distance"":5,""physical_error_rate"":0.0001}","{""detection_events"":3458,""detectors_checked"":8257536}"
     13312,         2,         0,    1.61,exact_mw,3208f56225bbcac0e2804eb6f92d0a8b681652a702ca1ec920ccd7367f0e0899,"{""distance"":5,""physical_error_rate"":0.002}","{""detection_events"":25358,""detectors_checked"":2981888,""obs_mistake_mask=E"":2}"
     80896,         1,         0,    2.18,exact_mw,bb90ec3459e353008cf9a5bb9142bf1e8515517a9e167021b225104594e48e8a,"{""distance"":5,""physical_error_rate"":0.001}","{""detection_events"":79328,""detectors_checked"":18120704,""obs_mistake_mask=E"":1}"
     56320,         0,         0,    1.57,exact_mw,bb90ec3459e353008cf9a5bb9142bf1e8515517a9e167021b225104594e48e8a,"{""distance"":5,""physical_error_rate"":0.001}","{""detection_events"":55479,""detectors_checked"":12615680}"
       512,         0,         0,   0.528,exact_mw,38b7ae1c4e8407fc325e0d9e43e9f92ff26dcb3f5cf7b98d24ea74c9e5188d39,"{""distance"":5,""physical_error_rate"":0.005}","{""detection_events"":2423,""detectors_checked"":114688}"
    203776,         0,         0,    1.54,exact_mw,f32ebecd8e105e50ec838d33c5ed9b45444b6b44a3c6ac541111079f2b14e893,"{""distance"":5,""physical_error_rate"":5e-05}","{""detection_events"":10265,""detectors_checked"":45645824}"
     49152,         0,         0,    1.55,exact_mw,bb90ec3459e353008cf9a5bb9142bf1e8515517a9e167021b225104594e48e8a,"{""distance"":5,""physical_error_rate"":0.001}","{""detection_events"":48014,""detectors_checked"":11010048}"
        64,        29,         0,   0.367,exact_mw,7def73f725f8347dc4de7c57664b66d91778cc6018e33f45b3defe89c7a0cfc0,"{""distance"":5,""physical_error_rate"":0.1}","{""detection_events"":3932,""detectors_checked"":14336,""obs_mistake_mask=E"":29}"
        64,         4,         0,   0.512,exact_mw,7b4896c0e7f0a510554d89637fd747b157418067a95869d1f0661294d473d1dc,"{""distance"":5,""physical_error_rate"":0.02}","{""detection_events"":1065,""detectors_checked"":14336,""obs_mistake_mask=E"":4}"
       128,         3,         0,   0.844,exact_mw,7b4896c0e7f0a510554d89637fd747b157418067a95869d1f0661294d473d1dc,"{""distance"":5,""physical_error_rate"":0.02}","{""detection_events"":2261,""detectors_checked"":28672,""obs_mistake_mask=E"":3}"
    288768,         0,         0,    2.17,exact_mw,cdc4a450a40af8e24899239080e4c40992fb5baf91c5a31ab3a165eacb3a1ab3,"{""distance"":5,""physical_error_rate"":0.0002}","{""detection_events"":56583,""detectors_checked"":64684032}"
     34816,         0,         0,    1.60,exact_mw,70a969f5042aec17ac076c6379f4170fb7c69b8e925756ef3b7334e28a33338b,"{""distance"":5,""physical_error_rate"":0.0001}","{""detection_events"":3301,""detectors_checked"":7798784}"
    314368,         0,         0,    2.18,exact_mw,70a969f5042aec17ac076c6379f4170fb7c69b8e925756ef3b7334e28a33338b,"{""distance"":5,""physical_error_rate"":0.0001}","{""detection_events"":30256,""detectors_checked"":70418432}"
       512,         0,         0,   0.559,exact_mw,38b7ae1c4e8407fc325e0d9e43e9f92ff26dcb3f5cf7b98d24ea74c9e5188d39,"{""distance"":5,""physical_error_rate"":0.005}","{""detection_events"":2505,""detectors_checked"":114688}"
       128,         0,         0,   0.476,exact_mw,72230d8c06b5a71069df48ede6f7f3e6128cd83e8239dd1b2e5fe023578b6eb1,"{""distance"":5,""physical_error_rate"":0.01}","{""detection_events"":1160,""detectors_checked"":28672}"
       512,         0,         0,   0.581,exact_mw,38b7ae1c4e8407fc325e0d9e43e9f92ff26dcb3f5cf7b98d24ea74c9e5188d39,"{""distance"":5,""physical_error_rate"":0.005}","{""detection_events"":2499,""detectors_checked"":114688}"
        64,        11,         0,   0.585,exact_mw,7fd11737ba5953e5998cf5d5ab7672462ce2ff07a9ab0f8628176a3f70e7a095,"{""distance"":5,""physical_error_rate"":0.05}","{""detection_events"":2501,""detectors_checked"":14336,""obs_mistake_mask=E"":11}"
        64,         4,         0,   0.441,exact_mw,7b4896c0e7f0a510554d89637fd747b157418067a95869d1f0661294d473d1dc,"{""distance"":5,""physical_error_rate"":0.02}","{""detection_events"":1215,""detectors_checked"":14336,""obs_mistake_mask=E"":4}"
       192,         6,         0,   0.854,exact_mw,7b4896c0e7f0a510554d89637fd747b157418067a95869d1f0661294d473d1dc,"{""distance"":5,""physical_error_rate"":0.02}","{""detection_events"":3288,""detectors_checked"":43008,""obs_mistake_mask=E"":6}"
       512,         2,         0,   0.565,exact_mw,38b7ae1c4e8407fc325e0d9e43e9f92ff26dcb3f5cf7b98d24ea74c9e5188d39,"{""distance"":5,""physical_error_rate"":0.005}","{""detection_events"":2506,""detectors_checked"":114688,""obs_mistake_mask=E"":2}"
       192,         7,         0,    1.33,exact_mw,7b4896c0e7f0a510554d89637fd747b157418067a95869d1f0661294d473d1dc,"{""distance"":5,""physical_error_rate"":0.02}","{""detection_events"":3533,""detectors_checked"":43008,""obs_mistake_mask=E"":7}"
        64,        35,         0,   0.299,exact_mw,7def73f725f8347dc4de7c57664b66d91778cc6018e33f45b3defe89c7a0cfc0,"{""distance"":5,""physical_error_rate"":0.1}","{""detection_events"":3907,""detectors_checked"":14336,""obs_mistake_mask=E"":35}"
       512,         5,         0,    1.27,exact_mw,72230d8c06b5a71069df48ede6f7f3e6128cd83e8239dd1b2e5fe023578b6eb1,"{""distance"":5,""physical_error_rate"":0.01}","{""detection_events"":4773,""detectors_checked"":114688,""obs_mistake_mask=E"":5}"
    220160,         0,         0,    2.18,exact_mw,cb12ae119b9b2ba18d0216e7235b403229e92fd0743ede48fe7f1a2c6f45d594,"{""distance"":5,""physical_error_rate"":0.0005}","{""detection_events"":107968,""detectors_checked"":49315840}"
     45056,         0,         0,    1.13,exact_mw,bb90ec3459e353008cf9a5bb9142bf1e8515517a9e167021b225104594e48e8a,"{""distance"":5,""physical_error_rate"":0.001}","{""detection_events"":44213,""detectors_checked"":10092544}"
        64,        32,         0,   0.610,exact_mw,7def73f725f8347dc4de7c57664b66d91778cc6018e33f45b3defe89c7a0cfc0,"{""distance"":5,""physical_error_rate"":0.1}","{""detection_events"":3971,""detectors_checked"":14336,""obs_mistake_mask=E"":32}"
        16,         7,         0,    1.08,exact_mw,d68317bf2f4c69d73359111c5597779a07d8ed85f1f94573f1c8a2f6c683850d,"{""distance"":5,""physical_error_rate"":0.2}","{""detection_events"":1412,""detectors_checked"":3584,""obs_mistake_mask=E"":7}"
    108544,         0,         0,    1.53,exact_mw,cb12ae119b9b2ba18d0216e7235b403229e92fd0743ede48fe7f1a2c6f45d594,"{""distance"":5,""physical_error_rate"":0.0005}","{""detection_events"":53626,""detectors_checked"":24313856}"
      1024,         1,         0,    1.22,exact_mw,38b7ae1c4e8407fc325e0d9e43e9f92ff26dcb3f5cf7b98d24ea74c9e5188d39,"{""distance"":5,""physical_error_rate"":0.005}","{""detection_events"":4830,""detectors_checked"":229376,""obs_mistake_mask=E"":1}"
       128,        21,         0,    1.13,exact_mw,7fd11737ba5953e5998cf5d5ab7672462ce2ff07a9ab0f8628176a3f70e7a095,"{""distance"":5,""physical_error_rate"":0.05}","{""detection_events"":4964,""detectors_checked"":28672,""obs_mistake_mask=E"":21}"
    410624,         0,         0,    2.17,exact_mw,f32ebecd8e105e50ec838d33c5ed9b45444b6b44a3c6ac541111079f2b14e893,"{""distance"":5,""physical_error_rate"":5e-05}","{""detection_events"":20115,""detectors_checked"":91979776}"
       512,         0,         0,   0.578,exact_mw,38b7ae1c4e8407fc325e0d9e43e9f92ff26dcb3f5cf7b98d24ea74c9e5188d39,"{""distance"":5,""physical_error_rate"":0.005}","{""detection_events"":2464,""detectors_checked"":114688}"
       128,        63,         0,    1.22,exact_mw,7def73f725f8347dc4de7c57664b66d91778cc6018e33f45b3defe89c7a0cfc0,"{""distance"":5,""physical_error_rate"":0.1}","{""detection_events"":8140,""detectors_checked"":28672,""obs_mistake_mask=E"":63}"
       256,         1,         0,   0.921,exact_mw,72230d8c06b5a71069df48ede6f7f3e6128cd83e8239dd1b2e5fe023578b6eb1,"{""distance"":5,""physical_error_rate"":0.01}","{""detection_events"":2391,""detectors_checked"":57344,""obs_mistake_mask=E"":1}"
        96,        47,         0,    1.08,exact_mw,14059eecea5f7bdc562c01e7682d53b775a747f80d40379178915ac673e3b6bb,"{""distance"":5,""physical_error_rate"":0.5}","{""detection_events"":10776,""detectors_checked"":21504,""obs_mistake_mask=E"":47}"
      2048,         0,         0,    1.50,exact_mw,3208f56225bbcac0e2804eb6f92d0a8b681652a702ca1ec920ccd7367f0e0899,"{""distance"":5,""physical_error_rate"":0.002}","{""detection_events"":3930,""detectors_checked"":458752}"
        16,         9,         0,    1.04,exact_mw,7def73f725f8347dc4de7c57664b66d91778cc6018e33f45b3defe89c7a0cfc0,"{""distance"":5,""physical_error_rate"":0.1}","{""detection_events"":970,""detectors_checked"":3584,""obs_mistake_mask=E"":9}"
       128,         2,         0,   0.442,exact_mw,72230d8c06b5a71069df48ede6f7f3e6128cd83e8239dd1b2e5fe023578b6eb1,"{""distance"":5,""physical_error_rate"":0.01}","{""detection_events"":1169,""detectors_checked"":28672,""obs_mistake_mask=E"":2}"
        64,         2,         0,   0.416,exact_mw,7b4896c0e7f0a510554d89637fd747b157418067a95869d1f0661294d473d1dc,"{""distance"":5,""physical_error_rate"":0.02}","{""detection_events"":1184,""detectors_checked"":14336,""obs_mistake_mask=E"":2}"
       256,         1,         0,   0.995,exact_mw,72230d8c06b5a71069df48ede6f7f3e6128cd83e8239dd1b2e5fe023578b6eb1,"{""distance"":5,""physical_error_rate"":0.01}","{""detection_events"":2434,""detectors_checked"":57344,""obs_mistake_mask=E"":1}"
      1024,         0,         0,   0.890,exact_mw,3208f56225bbcac0e2804eb6f92d0a8b681652a702ca1ec920ccd7367f0e0899,"{""distance"":5,""physical_error_rate"":0.002}","{""detection_events"":2043,""detectors_checked"":229376}"
     25600,         2,         0,    2.27,exact_mw,3208f56225bbcac0e2804eb6f92d0a8b681652a702ca1ec920ccd7367f0e0899,"{""distance"":5,""physical_error_rate"":0.002}","{""detection_events"":50137,""detectors_checked"":5734400,""obs_mistake_mask=E"":2}"
        96,        56,         0,   0.953,exact_mw,14059eecea5f7bdc562c01e7682d53b775a747f80d40379178915ac673e3b6bb,"{""distance"":5,""physical_error_rate"":0.5}","{""detection_events"":10739,""detectors_checked"":21504,""obs_mistake_mask=E"":56}"
         1,         0,         0,   0.008,exact_mw,70a969f5042aec17ac076c6379f4170fb7c69b8e925756ef3b7334e28a33338b,"{""distance"":5,""physical_error_rate"":0.0001}","{""detectors_checked"":224}"
       128,        22,         0,    1.05,exact_mw,7fd11737ba5953e5998cf5d5ab7672462ce2ff07a9ab0f8628176a3f70e7a095,"{""distance"":5,""physical_error_rate"":0.05}","{""detection_events"":4932,""detectors_checked"":28672,""obs_mistake_mask=E"":22}"
       128,        61,         0,    1.28,exact_mw,14059eecea5f7bdc562c01e7682d53b775a747f80d40379178915ac673e3b6bb,"{""distance"":5,""physical_error_rate"":0.5}","{""detection_events"":14304,""detectors_checked"":28672,""obs_mistake_mask=E"":61}"
     13312,         0,         0,    1.60,exact_mw,3208f56225bbcac0e2804eb6f92d0a8b681652a702ca1ec920ccd7367f0e0899,"{""distance"":5,""physical_error_rate"":0.002}","{""detection_events"":25846,""detectors_checked"":2981888}"
      1296,         0,         0,   0.051,exact_mw,70a969f5042aec17ac076c6379f4170fb7c69b8e925756ef3b7334e28a33338b,"{""distance"":5,""physical_error_rate"":0.0001}","{""detection_events"":120,""detectors_checked"":290304}"
        32,        15,         0,   0.317,exact_mw,14059eecea5f7bdc562c01e7682d53b775a747f80d40379178915ac673e3b6bb,"{""distance"":5,""physical_error_rate"":0.5}","{""detection_events"":3559,""detectors_checked"":7168,""obs_mistake_mask=E"":15}"
      1024,         0,         0,   0.060,exact_mw,70a969f5042aec17ac076c6379f4170fb7c69b8e925756ef3b7334e28a33338b,"{""distance"":5,""physical_error_rate"":0.0001}","{""detection_events"":90,""detectors_checked"":229376}"
    211968,         0,         0,    2.17,exact_mw,cb12ae119b9b2ba18d0216e7235b403229e92fd0743ede48fe7f1a2c6f45d594,"{""distance"":5,""physical_error_rate"":0.0005}","{""detection_events"":104169,""detectors_checked"":47480832}"
      1024,         0,         0,   0.060,exact_mw,70a969f5042aec17ac076c6379f4170fb7c69b8e925756ef3b7334e28a33338b,"{""distance"":5,""physical_error_rate"":0.0001}","{""detection_events"":129,""detectors_checked"":229376}"
      1024,         0,         0,   0.060,exact_mw,70a969f5042aec17ac076c6379f4170fb7c69b8e925756ef3b7334e28a33338b,"{""distance"":5,""physical_error_rate"":0.0001}","{""detection_events"":93,""detectors_checked"":229376}"
    211968,         0,         0,    1.54,exact_mw,cdc4a450a40af8e24899239080e4c40992fb5baf91c5a31ab3a165eacb3a1ab3,"{""distance"":5,""physical_error_rate"":0.0002}","{""detection_events"":41813,""detectors_checked"":47480832}"
       128,         1,         0,   0.455,exact_mw,72230d8c06b5a71069df48ede6f7f3e6128cd83e8239dd1b2e5fe023578b6eb1,"{""distance"":5,""physical_error_rate"":0.01}","{""detection_events"":1185,""detectors_checked"":28672,""obs_mistake_mask=E"":1}"
      1024,         0,         0,   0.062,exact_mw,70a969f5042aec17ac076c6379f4170fb7c69b8e925756ef3b7334e28a33338b,"{""distance"":5,""physical_error_rate"":0.0001}","{""detection_events"":110,""detectors_checked"":229376}"
      1024,         0,         0,   0.908,exact_mw,38b7ae1c4e8407fc325e0d9e43e9f92ff26dcb3f5cf7b98d24ea74c9e5188d39,"{""distance"":5,""physical_error_rate"":0.005}","{""detection_events"":4958,""detectors_checked"":229376}"
       128,         6,         0,    1.05,exact_mw,7b4896c0e7f0a510554d89637fd747b157418067a95869d1f0661294d473d1dc,"{""distance"":5,""physical_error_rate"":0.02}","{""detection_events"":2301,""detectors_checked"":28672,""obs_mistake_mask=E"":6}"
        64,         1,         0,   0.476,exact_mw,7b4896c0e7f0a510554d89637fd747b157418067a95869d1f0661294d473d1dc,"{""distance"":5,""physical_error_rate"":0.02}","{""detection_events"":1227,""detectors_checked"":14336,""obs_mistake_mask=E"":1}"
       512,         0,         0,   0.631,exact_mw,38b7ae1c4e8407fc325e0d9e43e9f92ff26dcb3f5cf7b98d24ea74c9e5188d39,"{""distance"":5,""physical_error_rate"":0.005}","{""detection_events"":2526,""detectors_checked"":114688}"
     75776,         0,         0,    2.17,exact_mw,f32ebecd8e105e50ec838d33c5ed9b45444b6b44a3c6ac541111079f2b14e893,"{""distance"":5,""physical_error_rate"":5e-05}","{""detection_events"":3900,""detectors_checked"":16973824}"
       384,         2,         0,    1.37,exact_mw,72230d8c06b5a71069df48ede6f7f3e6128cd83e8239dd1b2e5fe023578b6eb1,"{""distance"":5,""physical_error_rate"":0.01}","{""detection_events"":3700,""detectors_checked"":86016,""obs_mistake_mask=E"":2}"
    260096,         0,         0,    2.13,exact_mw,f32ebecd8e105e50ec838d33c5ed9b45444b6b44a3c6ac541111079f2b14e893,"{""distance"":5,""physical_error_rate"":5e-05}","{""detection_events"":12705,""detectors_checked"":58261504}"
      1024,         1,         0,    1.10,exact_mw,38b7ae1c4e8407fc325e0d9e43e9f92ff26dcb3f5cf7b98d24ea74c9e5188d39,"{""distance"":5,""physical_error_rate"":0.005}","{""detection_events"":4912,""detectors_checked"":229376,""obs_mistake_mask=E"":1}"
      2048,         0,         0,   0.127,exact_mw,70a969f5042aec17ac076c6379f4170fb7c69b8e925756ef3b7334e28a33338b,"{""distance"":5,""physical_error_rate"":0.0001}","{""detection_events"":234,""detectors_checked"":458752}"
       128,         5,         0,    1.04,exact_mw,7b4896c0e7f0a510554d89637fd747b157418067a95869d1f0661294d473d1dc,"{""distance"":5,""physical_error_rate"":0.02}","{""detection_events"":2235,""detectors_checked"":28672,""obs_mistake_mask=E"":5}"
    294912,         0,         0,    2.13,exact_mw,70a969f5042aec17ac076c6379f4170fb7c69b8e925756ef3b7334e28a33338b,"{""distance"":5,""physical_error_rate"":0.0001}","{""detection_events"":29552,""detectors_checked"":66060288}"
    209920,         0,         0,    2.15,exact_mw,cdc4a450a40af8e24899239080e4c40992fb5baf91c5a31ab3a165eacb3a1ab3,"{""distance"":5,""physical_error_rate"":0.0002}","{""detection_events"":40828,""detectors_checked"":47022080}"
     13312,         1,         0,    2.31,exact_mw,bb90ec3459e353008cf9a5bb9142bf1e8515517a9e167021b225104594e48e8a,"{""distance"":5,""physical_error_rate"":0.001}","{""detection_events"":12947,""detectors_checked"":2981888,""obs_mistake_mask=E"":1}"
      2048,         0,         0,   0.128,exact_mw,70a969f5042aec17ac076c6379f4170fb7c69b8e925756ef3b7334e28a33338b,"{""distance"":5,""physical_error_rate"":0.0001}","{""detection_events"":172,""detectors_checked"":458752}"
        32,         9,         0,    2.04,exact_mw,7fd11737ba5953e5998cf5d5ab7672462ce2ff07a9ab0f8628176a3f70e7a095,"{""distance"":5,""physical_error_rate"":0.05}","{""detection_events"":1219,""detectors_checked"":7168,""obs_mistake_mask=E"":9}"
       128,        29,         0,    1.15,exact_mw,7fd11737ba5953e5998cf5d5ab7672462ce2ff07a9ab0f8628176a3f70e7a095,"{""distance"":5,""physical_error_rate"":0.05}","{""detection_events"":4896,""detectors_checked"":28672,""obs_mistake_mask=E"":29}"
       128,        64,         0,   0.975,exact_mw,7def73f725f8347dc4de7c57664b66d91778cc6018e33f45b3defe89c7a0cfc0,"{""distance"":5,""physical_error_rate"":0.1}","{""detection_events"":8012,""detectors_checked"":28672,""obs_mistake_mask=E"":64}"
       128,        59,         0,    1.08,exact_mw,7def73f725f8347dc4de7c57664b66d91778cc6018e33f45b3defe89c7a0cfc0,"{""distance"":5,""physical_error_rate"":0.1}","{""detection_events"":8067,""detectors_checked"":28672,""obs_mistake_mask=E"":59}"
      1024,         3,         0,    1.12,exact_mw,38b7ae1c4e8407fc325e0d9e43e9f92ff26dcb3f5cf7b98d24ea74c9e5188d39,"{""distance"":5,""physical_error_rate"":0.005}","{""detection_events"":4744,""detectors_checked"":229376,""obs_mistake_mask=E"":3}"
       192,        10,         0,    1.33,exact_mw,7b4896c0e7f0a510554d89637fd747b157418067a95869d1f0661294d473d1dc,"{""distance"":5,""physical_error_rate"":0.02}","{""detection_events"":3440,""detectors_checked"":43008,""obs_mistake_mask=E"":10}"
      3072,         0,         0,   0.191,exact_mw,70a969f5042aec17ac076c6379f4170fb7c69b8e925756ef3b7334e28a33338b,"{""distance"":5,""physical_error_rate"":0.0001}","{""detection_events"":380,""detectors_checked"":688128}"
        64,         1,         0,   0.438,exact_mw,7b4896c0e7f0a510554d89637fd747b157418067a95869d1f0661294d473d1dc,"{""distance"":5,""physical_error_rate"":0.02}","{""detection_events"":1078,""detectors_checked"":14336,""obs_mistake_mask=E"":1}"
       128,         2,         0,   0.491,exact_mw,72230d8c06b5a71069df48ede6f7f3e6128cd83e8239dd1b2e5fe023578b6eb1,"{""distance"":5,""physical_error_rate"":0.01}","{""detection_events"":1173,""detectors_checked"":28672,""obs_mistake_mask=E"":2}"
       128,        31,         0,    1.12,exact_mw,7fd11737ba5953e5998cf5d5ab7672462ce2ff07a9ab0f8628176a3f70e7a095,"{""distance"":5,""physical_error_rate"":0.05}","{""detection_events"":4875,""detectors_checked"":28672,""obs_mistake_mask=E"":31}"
    203776,         0,         0,    2.17,exact_mw,cb12ae119b9b2ba18d0216e7235b403229e92fd0743ede48fe7f1a2c6f45d594,"{""distance"":5,""physical_error_rate"":0.0005}","{""detection_events"":101311,""detectors_checked"":45645824}"
       512,         0,         0,   0.503,exact_mw,38b7ae1c4e8407fc325e0d9e43e9f92ff26dcb3f5cf7b98d24ea74c9e5188d39,"{""distance"":5,""physical_error_rate"":0.005}","{""detection_events"":2515,""detectors_checked"":114688}"
       128,        54,         0,    1.12,exact_mw,7def73f725f8347dc4de7c57664b66d91778cc6018e33f45b3defe89c7a0cfc0,"{""distance"":5,""physical_error_rate"":0.1}","{""detection_events"":7795,""detectors_checked"":28672,""obs_mistake_mask=E"":54}"
        32,         7,         0,    2.13,exact_mw,7fd11737ba5953e5998cf5d5ab7672462ce2ff07a9ab0f8628176a3f70e7a095,"{""distance"":5,""physical_error_rate"":0.05}","{""detection_events"":1299,""detectors_checked"":7168,""obs_mistake_mask=E"":7}"
        16,         4,         0,    1.15,exact_mw,7def73f725f8347dc4de7c57664b66d91778cc6018e33f45b3defe89c7a0cfc0,"{""distance"":5,""physical_error_rate"":0.1}","{""detection_events"":1037,""detectors_checked"":3584,""obs_mistake_mask=E"":4}"
      5120,         0,         0,   0.239,exact_mw,70a969f5042aec17ac076c6379f4170fb7c69b8e925756ef3b7334e28a33338b,"{""distance"":5,""physical_error_rate"":0.0001}","{""detection_events"":501,""detectors_checked"":1146880}"
        32,        19,         0,    2.07,exact_mw,14059eecea5f7bdc562c01e7682d53b775a747f80d40379178915ac673e3b6bb,"{""distance"":5,""physical_error_rate"":0.5}","{""detection_events"":3609,""detectors_checked"":7168,""obs_mistake_mask=E"":19}"
        16,         3,         0,   0.545,exact_mw,7fd11737ba5953e5998cf5d5ab7672462ce2ff07a9ab0f8628176a3f70e7a095,"{""distance"":5,""physical_error_rate"":0.05}","{""detection_events"":624,""detectors_checked"":3584,""obs_mistake_mask=E"":3}"
       384,         3,         0,    1.39,exact_mw,72230d8c06b5a71069df48ede6f7f3e6128cd83e8239dd1b2e5fe023578b6eb1,"{""distance"":5,""physical_error_rate"":0.01}","{""detection_events"":3527,""detectors_checked"":86016,""obs_mistake_mask=E"":3}"
        16,         9,         0,   0.163,exact_mw,14059eecea5f7bdc562c01e7682d53b775a747f80d40379178915ac673e3b6bb,"{""distance"":5,""physical_error_rate"":0.5}","{""detection_events"":1798,""detectors_checked"":3584,""obs_mistake_mask=E"":9}"
    285696,         0,         0,    2.16,exact_mw,cdc4a450a40af8e24899239080e4c40992fb5baf91c5a31ab3a165eacb3a1ab3,"{""distance"":5,""physical_error_rate"":0.0002}","{""detection_events"":56848,""detectors_checked"":63995904}"
     97280,         0,         0,    1.55,exact_mw,bb90ec3459e353008cf9a5bb9142bf1e8515517a9e167021b225104594e48e8a,"{""distance"":5,""physical_error_rate"":0.001}","{""detection_events"":94863,""detectors_checked"":21790720}"
    204800,         0,         0,    2.17,exact_mw,cb12ae119b9b2ba18d0216e7235b403229e92fd0743ede48fe7f1a2c6f45d594,"{""distance"":5,""physical_error_rate"":0.0005}","{""detection_events"":100885,""detectors_checked"":45875200}"
    240640,         0,         0,    2.14,exact_mw,cdc4a450a40af8e24899239080e4c40992fb5baf91c5a31ab3a165eacb3a1ab3,"{""distance"":5,""physical_error_rate"":0.0002}","{""detection_events"":47820,""detectors_checked"":53903360}"
       128,         2,         0,   0.476,exact_mw,72230d8c06b5a71069df48ede6f7f3e6128cd83e8239dd1b2e5fe023578b6eb1,"{""distance"":5,""physical_error_rate"":0.01}","{""detection_events"":1185,""detectors_checked"":28672,""obs_mistake_mask=E"":2}"
      1536,         0,         0,    1.59,exact_mw,38b7ae1c4e8407fc325e0d9e43e9f92ff26dcb3f5cf7b98d24ea74c9e5188d39,"{""distance"":5,""physical_error_rate"":0.005}","{""detection_events"":7382,""detectors_checked"":344064}"
     21504,         2,         0,    2.19,exact_mw,3208f56225bbcac0e2804eb6f92d0a8b681652a702ca1ec920ccd7367f0e0899,"{""distance"":5,""physical_error_rate"":0.002}","{""detection_events"":41827,""detectors_checked"":4816896,""obs_mistake_mask=E"":2}"
     87040,         0,         0,    2.17,exact_mw,bb90ec3459e353008cf9a5bb9142bf1e8515517a9e167021b225104594e48e8a,"{""distance"":5,""physical_error_rate"":0.001}","{""detection_events"":84492,""detectors_checked"":19496960}"
     43008,         0,         0,    2.22,exact_mw,70a969f5042aec17ac076c6379f4170fb7c69b8e925756ef3b7334e28a33338b,"{""distance"":5,""physical_error_rate"":0.0001}","{""detection_events"":4309,""detectors_checked"":9633792}"
      7168,         0,         0,   0.306,exact_mw,70a969f5042aec17ac076c6379f4170fb7c69b8e925756ef3b7334e28a33338b,"{""distance"":5,""physical_error_rate"":0.0001}","{""detection_events"":627,""detectors_checked"":1605632}"
       384,        13,         0,    1.82,exact_mw,7b4896c0e7f0a510554d89637fd747b157418067a95869d1f0661294d473d1dc,"{""distance"":5,""physical_error_rate"":0.02}","{""detection_events"":7013,""detectors_checked"":86016,""obs_mistake_mask=E"":13}"
       128,         4,         0,   0.857,exact_mw,7b4896c0e7f0a510554d89637fd747b157418067a95869d1f0661294d473d1dc,"{""distance"":5,""physical_error_rate"":0.02}","{""detection_events"":2311,""detectors_checked"":28672,""obs_mistake_mask=E"":4}"
    143360,         0,         0,    2.21,exact_mw,f32ebecd8e105e50ec838d33c5ed9b45444b6b44a3c6ac541111079f2b14e893,"{""distance"":5,""physical_error_rate"":5e-05}","{""detection_events"":6963,""detectors_checked"":32112640}"
       192,        32,         0,    1.39,exact_mw,7fd11737ba5953e5998cf5d5ab7672462ce2ff07a9ab0f8628176a3f70e7a095,"{""distance"":5,""physical_error_rate"":0.05}","{""detection_events"":7311,""detectors_checked"":43008,""obs_mistake_mask=E"":32}"
      1024,         0,         0,    1.48,exact_mw,3208f56225bbcac0e2804eb6f92d0a8b681652a702ca1ec920ccd7367f0e0899,"{""distance"":5,""physical_error_rate"":0.002}","{""detection_events"":2142,""detectors_checked"":229376}"
     89088,         1,         0,    2.17,exact_mw,bb90ec3459e353008cf9a5bb9142bf1e8515517a9e167021b225104594e48e8a,"{""distance"":5,""physical_error_rate"":0.001}","{""detection_events"":87334,""detectors_checked"":19955712,""obs_mistake_mask=E"":1}"
       512,         1,         0,   0.560,exact_mw,38b7ae1c4e8407fc325e0d9e43e9f92ff26dcb3f5cf7b98d24ea74c9e5188d39,"{""distance"":5,""physical_error_rate"":0.005}","{""detection_events"":2457,""detectors_checked"":114688,""obs_mistake_mask=E"":1}"
       512,         4,         0,    1.92,exact_mw,72230d8c06b5a71069df48ede6f7f3e6128cd83e8239dd1b2e5fe023578b6eb1,"{""distance"":5,""physical_error_rate"":0.01}","{""detection_events"":4868,""detectors_checked"":114688,""obs_mistake_mask=E"":4}"
       384,         2,         0,    1.53,exact_mw,72230d8c06b5a71069df48ede6f7f3e6128cd83e8239dd1b2e5fe023578b6eb1,"{""distance"":5,""physical_error_rate"":0.01}","{""detection_events"":3550,""detectors_checked"":86016,""obs_mistake_mask=E"":2}"
    146432,         0,         0,    2.17,exact_mw,70a969f5042aec17ac076c6379f4170fb7c69b8e925756ef3b7334e28a33338b,"{""distance"":5,""physical_error_rate"":0.0001}","{""detection_events"":14504,""detectors_checked"":32800768}"
      1024,         1,         0,    1.17,exact_mw,38b7ae1c4e8407fc325e0d9e43e9f92ff26dcb3f5cf7b98d24ea74c9e5188d39,"{""distance"":5,""physical_error_rate"":0.005}","{""detection_events"":5004,""detectors_checked"":229376,""obs_mistake_mask=E"":1}"
       128,         8,         0,   0.855,exact_mw,7b4896c0e7f0a510554d89637fd747b157418067a95869d1f0661294d473d1dc,"{""distance"":5,""physical_error_rate"":0.02}","{""detection_events"":2272,""detectors_checked"":28672,""obs_mistake_mask=E"":8}"
       128,         1,         0,   0.412,exact_mw,72230d8c06b5a71069df48ede6f7f3e6128cd83e8239dd1b2e5fe023578b6eb1,"{""distance"":5,""physical_error_rate"":0.01}","{""detection_events"":1084,""detectors_checked"":28672,""obs_mistake_mask=E"":1}"
       128,        28,         0,    1.12,exact_mw,7fd11737ba5953e5998cf5d5ab7672462ce2ff07a9ab0f8628176a3f70e7a095,"{""distance"":5,""physical_error_rate"":0.05}","{""detection_events"":4927,""detectors_checked"":28672,""obs_mistake_mask=E"":28}"
     10240,         0,         0,   0.417,exact_mw,70a969f5042aec17ac076c6379f4170fb7c69b8e925756ef3b7334e28a33338b,"{""distance"":5,""physical_error_rate"":0.0001}","{""detection_events"":1038,""detectors_checked"":2293760}"
      1024,         0,         0,    1.13,exact_mw,38b7ae1c4e8407fc325e0d9e43e9f92ff26dcb3f5cf7b98d24ea74c9e5188d39,"{""distance"":5,""physical_error_rate"":0.005}","{""detection_events"":5121,""detectors_checked"":229376}"
      2048,         1,         0,    1.48,exact_mw,38b7ae1c4e8407fc325e0d9e43e9f92ff26dcb3f5cf7b98d24ea74c9e5188d39,"{""distance"":5,""physical_error_rate"":0.005}","{""detection_events"":9940,""detectors_checked"":458752,""obs_mistake_mask=E"":1}"
        16,         3,         0,   0.824,exact_mw,7fd11737ba5953e5998cf5d5ab7672462ce2ff07a9ab0f8628176a3f70e7a095,"{""distance"":5,""physical_error_rate"":0.05}","{""detection_events"":594,""detectors_checked"":3584,""obs_mistake_mask=E"":3}"
    209920,         0,         0,    2.17,exact_mw,cb12ae119b9b2ba18d0216e7235b403229e92fd0743ede48fe7f1a2c6f45d594,"{""distance"":5,""physical_error_rate"":0.0005}","{""detection_events"":103291,""detectors_checked"":47022080}"
       320,        11,         0,    1.52,exact_mw,7b4896c0e7f0a510554d89637fd747b157418067a95869d1f0661294d473d1dc,"{""distance"":5,""physical_error_rate"":0.02}","{""detection_events"":5787,""detectors_checked"":71680,""obs_mistake_mask=E"":11}"
       512,         0,         0,   0.502,exact_mw,38b7ae1c4e8407fc325e0d9e43e9f92ff26dcb3f5cf7b98d24ea74c9e5188d39,"{""distance"":5,""physical_error_rate"":0.005}","{""detection_events"":2502,""detectors_checked"":114688}"
      3345,         0,         0,   0.026,exact_mw,70a969f5042aec17ac076c6379f4170fb7c69b8e925756ef3b7334e28a33338b,"{""distance"":5,""physical_error_rate"":0.0001}","{""detection_events"":352,""detectors_checked"":749280}"
      3072,         0,         0,    2.25,exact_mw,3208f56225bbcac0e2804eb6f92d0a8b681652a702ca1ec920ccd7367f0e0899,"{""distance"":5,""physical_error_rate"":0.002}","{""detection_events"":5941,""detectors_checked"":688128}"
      4096,         0,         0,   0.015,exact_mw,70a969f5042aec17ac076c6379f4170fb7c69b8e925756ef3b7334e28a33338b,"{""distance"":5,""physical_error_rate"":0.0001}","{""detection_events"":417,""detectors_checked"":917504}"
      4096,         0,         0,   0.028,exact_mw,70a969f5042aec17ac076c6379f4170fb7c69b8e925756ef3b7334e28a33338b,"{""distance"":5,""physical_error_rate"":0.0001}","{""detection_events"":374,""detectors_checked"":917504}"
      4096,         0,         0,   0.028,exact_mw,70a969f5042aec17ac076c6379f4170fb7c69b8e925756ef3b7334e28a33338b,"{""distance"":5,""physical_error_rate"":0.0001}","{""detection_events"":381,""detectors_checked"":917504}"
      6144,         0,         0,   0.040,exact_mw,70a969f5042aec17ac076c6379f4170fb7c69b8e925756ef3b7334e28a33338b,"{""distance"":5,""physical_error_rate"":0.0001}","{""detection_events"":515,""detectors_checked"":1376256}"
       112,        24,         0,    1.04,exact_mw,7fd11737ba5953e5998cf5d5ab7672462ce2ff07a9ab0f8628176a3f70e7a095,"{""distance"":5,""physical_error_rate"":0.05}","{""detection_events"":4207,""detectors_checked"":25088,""obs_mistake_mask=E"":24}"
    122880,         0,         0,    3.04,exact_mw,bb90ec3459e353008cf9a5bb9142bf1e8515517a9e167021b225104594e48e8a,"{""distance"":5,""physical_error_rate"":0.001}","{""detection_events"":120044,""detectors_checked"":27525120}"
         1,         0,         0,   0.017,exact_mw,f32ebecd8e105e50ec838d33c5ed9b45444b6b44a3c6ac541111079f2b14e893,"{""distance"":5,""physical_error_rate"":5e-05}","{""detectors_checked"":224}"
      7168,         0,         0,   0.052,exact_mw,70a969f5042aec17ac076c6379f4170fb7c69b8e925756ef3b7334e28a33338b,"{""distance"":5,""physical_error_rate"":0.0001}","{""detection_events"":644,""detectors_checked"":1605632}"
      1296,         0,         0,   0.043,exact_mw,f32ebecd8e105e50ec838d33c5ed9b45444b6b44a3c6ac541111079f2b14e893,"{""distance"":5,""physical_error_rate"":5e-05}","{""detection_events"":68,""detectors_checked"":290304}"
      1024,         0,         0,   0.045,exact_mw,f32ebecd8e105e50ec838d33c5ed9b45444b6b44a3c6ac541111079f2b14e893,"{""distance"":5,""physical_error_rate"":5e-05}","{""detection_events"":65,""detectors_checked"":229376}"
       512,         4,         0,    1.88,exact_mw,72230d8c06b5a71069df48ede6f7f3e6128cd83e8239dd1b2e5fe023578b6eb1,"{""distance"":5,""physical_error_rate"":0.01}","{""detection_events"":4803,""detectors_checked"":114688,""obs_mistake_mask=E"":4}"
     12288,         0,         0,   0.076,exact_mw,70a969f5042aec17ac076c6379f4170fb7c69b8e925756ef3b7334e28a33338b,"{""distance"":5,""physical_error_rate"":0.0001}","{""detection_events"":1132,""detectors_checked"":2752512}"
     13312,         0,         0,   0.559,exact_mw,70a969f5042aec17ac076c6379f4170fb7c69b8e925756ef3b7334e28a33338b,"{""distance"":5,""physical_error_rate"":0.0001}","{""detection_events"":1362,""detectors_checked"":2981888}"
      1024,         0,         0,   0.044,exact_mw,f32ebecd8e105e50ec838d33c5ed9b45444b6b44a3c6ac541111079f2b14e893,"{""distance"":5,""physical_error_rate"":5e-05}","{""detection_events"":58,""detectors_checked"":229376}"
    417792,         0,         0,    3.02,exact_mw,cdc4a450a40af8e24899239080e4c40992fb5baf91c5a31ab3a165eacb3a1ab3,"{""distance"":5,""physical_error_rate"":0.0002}","{""detection_events"":82201,""detectors_checked"":93585408}"
    557056,         0,         0,    3.03,exact_mw,70a969f5042aec17ac076c6379f4170fb7c69b8e925756ef3b7334e28a33338b,"{""distance"":5,""physical_error_rate"":0.0001}","{""detection_events"":54992,""detectors_checked"":124780544}"
      1024,         0,         0,   0.044,exact_mw,f32ebecd8e105e50ec838d33c5ed9b45444b6b44a3c6ac541111079f2b14e893,"{""distance"":5,""physical_error_rate"":5e-05}","{""detection_events"":57,""detectors_checked"":229376}"
     18432,         0,         0,    2.31,exact_mw,3208f56225bbcac0e2804eb6f92d0a8b681652a702ca1ec920ccd7367f0e0899,"{""distance"":5,""physical_error_rate"":0.002}","{""detection_events"":36056,""detectors_checked"":4128768}"
     15360,         0,         0,   0.120,exact_mw,70a969f5042aec17ac076c6379f4170fb7c69b8e925756ef3b7334e28a33338b,"{""distance"":5,""physical_error_rate"":0.0001}","{""detection_events"":1586,""detectors_checked"":3440640}"
      2048,         0,         0,   0.087,exact_mw,f32ebecd8e105e50ec838d33c5ed9b45444b6b44a3c6ac541111079f2b14e893,"{""distance"":5,""physical_error_rate"":5e-05}","{""detection_events"":111,""detectors_checked"":458752}"
       128,         5,         0,   0.818,exact_mw,7b4896c0e7f0a510554d89637fd747b157418067a95869d1f0661294d473d1dc,"{""distance"":5,""physical_error_rate"":0.02}","{""detection_events"":2290,""detectors_checked"":28672,""obs_mistake_mask=E"":5}"
    290816,         0,         0,    2.13,exact_mw,cdc4a450a40af8e24899239080e4c40992fb5baf91c5a31ab3a165eacb3a1ab3,"{""distance"":5,""physical_error_rate"":0.0002}","{""detection_events"":57748,""detectors_checked"":65142784}"
       256,         5,         0,    1.85,exact_mw,7b4896c0e7f0a510554d89637fd747b157418067a95869d1f0661294d473d1dc,"{""distance"":5,""physical_error_rate"":0.02}","{""detection_events"":4561,""detectors_checked"":57344,""obs_mistake_mask=E"":5}"
       192,        31,         0,    1.74,exact_mw,7fd11737ba5953e5998cf5d5ab7672462ce2ff07a9ab0f8628176a3f70e7a095,"{""distance"":5,""physical_error_rate"":0.05}","{""detection_events"":7454,""detectors_checked"":43008,""obs_mistake_mask=E"":31}"
      2048,         0,         0,   0.098,exact_mw,f32ebecd8e105e50ec838d33c5ed9b45444b6b44a3c6ac541111079f2b14e893,"{""distance"":5,""physical_error_rate"":5e-05}","{""detection_events"":114,""detectors_checked"":458752}"
     21504,         0,         0,   0.155,exact_mw,70a969f5042aec17ac076c6379f4170fb7c69b8e925756ef3b7334e28a33338b,"{""distance"":5,""physical_error_rate"":0.0001}","{""detection_events"":2134,""detectors_checked"":4816896}"
    306176,         0,         0,    3.03,exact_mw,cb12ae119b9b2ba18d0216e7235b403229e92fd0743ede48fe7f1a2c6f45d594,"{""distance"":5,""physical_error_rate"":0.0005}","{""detection_events"":150569,""detectors_checked"":68583424}"
       256,         3,         0,   0.965,exact_mw,72230d8c06b5a71069df48ede6f7f3e6128cd83e8239dd1b2e5fe023578b6eb1,"{""distance"":5,""physical_error_rate"":0.01}","{""detection_events"":2493,""detectors_checked"":57344,""obs_mistake_mask=E"":3}"
        16,         6,         0,   0.851,exact_mw,7fd11737ba5953e5998cf5d5ab7672462ce2ff07a9ab0f8628176a3f70e7a095,"{""distance"":5,""physical_error_rate"":0.05}","{""detection_events"":581,""detectors_checked"":3584,""obs_mistake_mask=E"":6}"
       512,         0,         0,   0.708,exact_mw,38b7ae1c4e8407fc325e0d9e43e9f92ff26dcb3f5cf7b98d24ea74c9e5188d39,"{""distance"":5,""physical_error_rate"":0.005}","{""detection_events"":2566,""detectors_checked"":114688}"
      4096,         0,         0,   0.151,exact_mw,f32ebecd8e105e50ec838d33c5ed9b45444b6b44a3c6ac541111079f2b14e893,"{""distance"":5,""physical_error_rate"":5e-05}","{""detection_events"":166,""detectors_checked"":917504}"
      1024,         1,         0,    1.17,exact_mw,38b7ae1c4e8407fc325e0d9e43e9f92ff26dcb3f5cf7b98d24ea74c9e5188d39,"{""distance"":5,""physical_error_rate"":0.005}","{""detection_events"":4787,""detectors_checked"":229376,""obs_mistake_mask=E"":1}"
     22528,         0,         0,   0.209,exact_mw,70a969f5042aec17ac076c6379f4170fb7c69b8e925756ef3b7334e28a33338b,"{""distance"":5,""physical_error_rate"":0.0001}","{""detection_events"":2126,""detectors_checked"":5046272}"
    493568,         0,         0,    3.04,exact_mw,f32ebecd8e105e50ec838d33c5ed9b45444b6b44a3c6ac541111079f2b14e893,"{""distance"":5,""physical_error_rate"":5e-05}","{""detection_events"":24588,""detectors_checked"":110559232}"
      4096,         0,         0,   0.191,exact_mw,f32ebecd8e105e50ec838d33c5ed9b45444b6b44a3c6ac541111079f2b14e893,"{""distance"":5,""physical_error_rate"":5e-05}","{""detection_events"":212,""detectors_checked"":917504}"
       512,         3,         0,    1.70,exact_mw,72230d8c06b5a71069df48ede6f7f3e6128cd83e8239dd1b2e5fe023578b6eb1,"{""distance"":5,""physical_error_rate"":0.01}","{""detection_events"":4730,""detectors_checked"":114688,""obs_mistake_mask=E"":3}"
      1536,         0,         0,    1.67,exact_mw,38b7ae1c4e8407fc325e0d9e43e9f92ff26dcb3f5cf7b98d24ea74c9e5188d39,"{""distance"":5,""physical_error_rate"":0.005}","{""detection_events"":7520,""detectors_checked"":344064}"
     25600,         1,         0,    3.05,exact_mw,3208f56225bbcac0e2804eb6f92d0a8b681652a702ca1ec920ccd7367f0e0899,"{""distance"":5,""physical_error_rate"":0.002}","{""detection_events"":49856,""detectors_checked"":5734400,""obs_mistake_mask=E"":1}"
      2560,         0,         0,    1.60,exact_mw,3208f56225bbcac0e2804eb6f92d0a8b681652a702ca1ec920ccd7367f0e0899,"{""distance"":5,""physical_error_rate"":0.002}","{""detection_events"":4943,""detectors_checked"":573440}"
     35840,         0,         0,   0.290,exact_mw,70a969f5042aec17ac076c6379f4170fb7c69b8e925756ef3b7334e28a33338b,"{""distance"":5,""physical_error_rate"":0.0001}","{""detection_events"":3553,""detectors_checked"":8028160}"
     18432,         0,         0,   0.803,exact_mw,70a969f5042aec17ac076c6379f4170fb7c69b8e925756ef3b7334e28a33338b,"{""distance"":5,""physical_error_rate"":0.0001}","{""detection_events"":1862,""detectors_checked"":4128768}"
      5120,         0,         0,   0.231,exact_mw,f32ebecd8e105e50ec838d33c5ed9b45444b6b44a3c6ac541111079f2b14e893,"{""distance"":5,""physical_error_rate"":5e-05}","{""detection_events"":268,""detectors_checked"":1146880}"
       256,        13,         0,    1.81,exact_mw,7b4896c0e7f0a510554d89637fd747b157418067a95869d1f0661294d473d1dc,"{""distance"":5,""physical_error_rate"":0.02}","{""detection_events"":4536,""detectors_checked"":57344,""obs_mistake_mask=E"":13}"
       512,         3,         0,    1.72,exact_mw,72230d8c06b5a71069df48ede6f7f3e6128cd83e8239dd1b2e5fe023578b6eb1,"{""distance"":5,""physical_error_rate"":0.01}","{""detection_events"":4576,""detectors_checked"":114688,""obs_mistake_mask=E"":3}"
    314368,         0,         0,    3.01,exact_mw,cb12ae119b9b2ba18d0216e7235b403229e92fd0743ede48fe7f1a2c6f45d594,"{""distance"":5,""physical_error_rate"":0.0005}","{""detection_events"":154131,""detectors_checked"":70418432}"
       128,        11,         0,    1.37,exact_mw,7b4896c0e7f0a510554d89637fd747b157418067a95869d1f0661294d473d1dc,"{""distance"":5,""physical_error_rate"":0.02}","{""detection_events"":2430,""detectors_checked"":28672,""obs_mistake_mask=E"":11}"
       512,         2,         0,   0.577,exact_mw,38b7ae1c4e8407fc325e0d9e43e9f92ff26dcb3f5cf7b98d24ea74c9e5188d39,"{""distance"":5,""physical_error_rate"":0.005}","{""detection_events"":2445,""detectors_checked"":114688,""obs_mistake_mask=E"":2}"
       512,         4,         0,    1.83,exact_mw,72230d8c06b5a71069df48ede6f7f3e6128cd83e8239dd1b2e5fe023578b6eb1,"{""distance"":5,""physical_error_rate"":0.01}","{""detection_events"":4871,""detectors_checked"":114688,""obs_mistake_mask=E"":4}"
        48,        15,         0,   0.619,exact_mw,7fd11737ba5953e5998cf5d5ab7672462ce2ff07a9ab0f8628176a3f70e7a095,"{""distance"":5,""physical_error_rate"":0.05}","{""detection_events"":1874,""detectors_checked"":10752,""obs_mistake_mask=E"":15}"
       128,        32,         0,    1.15,exact_mw,7fd11737ba5953e5998cf5d5ab7672462ce2ff07a9ab0f8628176a3f70e7a095,"{""distance"":5,""physical_error_rate"":0.05}","{""detection_events"":4932,""detectors_checked"":28672,""obs_mistake_mask=E"":32}"
     75776,         0,         0,    2.17,exact_mw,bb90ec3459e353008cf9a5bb9142bf1e8515517a9e167021b225104594e48e8a,"{""distance"":5,""physical_error_rate"":0.001}","{""detection_events"":74782,""detectors_checked"":16973824}"
    303104,         0,         0,    3.00,exact_mw,f32ebecd8e105e50ec838d33c5ed9b45444b6b44a3c6ac541111079f2b14e893,"{""distance"":5,""physical_error_rate"":5e-05}","{""detection_events"":14514,""detectors_checked"":67895296}"
    156672,         0,         0,    3.00,exact_mw,f32ebecd8e105e50ec838d33c5ed9b45444b6b44a3c6ac541111079f2b14e893,"{""distance"":5,""physical_error_rate"":5e-05}","{""detection_events"":7878,""detectors_checked"":35094528}"
      1536,         2,         0,    1.70,exact_mw,38b7ae1c4e8407fc325e0d9e43e9f92ff26dcb3f5cf7b98d24ea74c9e5188d39,"{""distance"":5,""physical_error_rate"":0.005}","{""detection_events"":7296,""detectors_checked"":344064,""obs_mistake_mask=E"":2}"
      7168,         0,         0,   0.332,exact_mw,f32ebecd8e105e50ec838d33c5ed9b45444b6b44a3c6ac541111079f2b14e893,"{""distance"":5,""physical_error_rate"":5e-05}","{""detection_events"":339,""detectors_checked"":1605632}"
       192,        49,         0,    2.04,exact_mw,7fd11737ba5953e5998cf5d5ab7672462ce2ff07a9ab0f8628176a3f70e7a095,"{""distance"":5,""physical_error_rate"":0.05}","{""detection_events"":7391,""detectors_checked"":43008,""obs_mistake_mask=E"":49}"
     56320,         0,         0,   0.393,exact_mw,70a969f5042aec17ac076c6379f4170fb7c69b8e925756ef3b7334e28a33338b,"{""distance"":5,""physical_error_rate"":0.0001}","{""detection_events"":5293,""detectors_checked"":12615680}"
       192,        49,         0,    1.82,exact_mw,7fd11737ba5953e5998cf5d5ab7672462ce2ff07a9ab0f8628176a3f70e7a095,"{""distance"":5,""physical_error_rate"":0.05}","{""detection_events"":7544,""detectors_checked"":43008,""obs_mistake_mask=E"":49}"
    400384,         0,         0,    3.02,exact_mw,cdc4a450a40af8e24899239080e4c40992fb5baf91c5a31ab3a165eacb3a1ab3,"{""distance"":5,""physical_error_rate"":0.0002}","{""detection_events"":78629,""detectors_checked"":89686016}"
    354304,         0,         0,    3.02,exact_mw,70a969f5042aec17ac076c6379f4170fb7c69b8e925756ef3b7334e28a33338b,"{""distance"":5,""physical_error_rate"":0.0001}","{""detection_events"":34472,""detectors_checked"":79364096}"
      1297,         0,         0,   0.031,exact_mw,bb90ec3459e353008cf9a5bb9142bf1e8515517a9e167021b225104594e48e8a,"{""distance"":5,""physical_error_rate"":0.001}","{""detection_events"":1235,""detectors_checked"":290528}"
      1024,         0,         0,   0.026,exact_mw,bb90ec3459e353008cf9a5bb9142bf1e8515517a9e167021b225104594e48e8a,"{""distance"":5,""physical_error_rate"":0.001}","{""detection_events"":990,""detectors_checked"":229376}"
      1024,         0,         0,   0.023,exact_mw,bb90ec3459e353008cf9a5bb9142bf1e8515517a9e167021b225104594e48e8a,"{""distance"":5,""physical_error_rate"":0.001}","{""detection_events"":1008,""detectors_checked"":229376}"
      1024,         0,         0,   0.028,exact_mw,bb90ec3459e353008cf9a5bb9142bf1e8515517a9e167021b225104594e48e8a,"{""distance"":5,""physical_error_rate"":0.001}","{""detection_events"":991,""detectors_checked"":229376}"
     21504,         0,         0,    3.30,exact_mw,bb90ec3459e353008cf9a5bb9142bf1e8515517a9e167021b225104594e48e8a,"{""distance"":5,""physical_error_rate"":0.001}","{""detection_events"":20902,""detectors_checked"":4816896}"
       512,         0,         0,   0.579,exact_mw,38b7ae1c4e8407fc325e0d9e43e9f92ff26dcb3f5cf7b98d24ea74c9e5188d39,"{""distance"":5,""physical_error_rate"":0.005}","{""detection_events"":2501,""detectors_checked"":114688}"
       192,         6,         0,    1.38,exact_mw,7b4896c0e7f0a510554d89637fd747b157418067a95869d1f0661294d473d1dc,"{""distance"":5,""physical_error_rate"":0.02}","{""detection_events"":3337,""detectors_checked"":43008,""obs_mistake_mask=E"":6}"
      3072,         0,         0,   0.048,exact_mw,bb90ec3459e353008cf9a5bb9142bf1e8515517a9e167021b225104594e48e8a,"{""distance"":5,""physical_error_rate"":0.001}","{""detection_events"":2858,""detectors_checked"":688128}"
      9216,         0,         0,   0.369,exact_mw,f32ebecd8e105e50ec838d33c5ed9b45444b6b44a3c6ac541111079f2b14e893,"{""distance"":5,""physical_error_rate"":5e-05}","{""detection_events"":436,""detectors_checked"":2064384}"
    249856,         0,         0,    3.00,exact_mw,cb12ae119b9b2ba18d0216e7235b403229e92fd0743ede48fe7f1a2c6f45d594,"{""distance"":5,""physical_error_rate"":0.0005}","{""detection_events"":123452,""detectors_checked"":55967744}"
      3072,         0,         0,   0.077,exact_mw,bb90ec3459e353008cf9a5bb9142bf1e8515517a9e167021b225104594e48e8a,"{""distance"":5,""physical_error_rate"":0.001}","{""detection_events"":3073,""detectors_checked"":688128}"
       384,        12,         0,    2.67,exact_mw,7b4896c0e7f0a510554d89637fd747b157418067a95869d1f0661294d473d1dc,"{""distance"":5,""physical_error_rate"":0.02}","{""detection_events"":6963,""detectors_checked"":86016,""obs_mistake_mask=E"":12}"
      4096,         0,         0,   0.077,exact_mw,bb90ec3459e353008cf9a5bb9142bf1e8515517a9e167021b225104594e48e8a,"{""distance"":5,""physical_error_rate"":0.001}","{""detection_events"":3947,""detectors_checked"":917504}"
       256,         1,         0,    1.40,exact_mw,72230d8c06b5a71069df48ede6f7f3e6128cd83e8239dd1b2e5fe023578b6eb1,"{""distance"":5,""physical_error_rate"":0.01}","{""detection_events"":2381,""detectors_checked"":57344,""obs_mistake_mask=E"":1}"
     76800,         0,         0,   0.553,exact_mw,70a969f5042aec17ac076c6379f4170fb7c69b8e925756ef3b7334e28a33338b,"{""distance"":5,""physical_error_rate"":0.0001}","{""detection_events"":7584,""detectors_checked"":17203200}"
         1,         0,         0,   0.018,exact_mw,72230d8c06b5a71069df48ede6f7f3e6128cd83e8239dd1b2e5fe023578b6eb1,"{""distance"":5,""physical_error_rate"":0.01}","{""detection_events"":17,""detectors_checked"":224}"
        64,        19,         0,   0.862,exact_mw,7fd11737ba5953e5998cf5d5ab7672462ce2ff07a9ab0f8628176a3f70e7a095,"{""distance"":5,""physical_error_rate"":0.05}","{""detection_events"":2431,""detectors_checked"":14336,""obs_mistake_mask=E"":19}"
      4096,         0,         0,   0.108,exact_mw,bb90ec3459e353008cf9a5bb9142bf1e8515517a9e167021b225104594e48e8a,"{""distance"":5,""physical_error_rate"":0.001}","{""detection_events"":3860,""detectors_checked"":917504}"
        16,         0,         0,   0.055,exact_mw,72230d8c06b5a71069df48ede6f7f3e6128cd83e8239dd1b2e5fe023578b6eb1,"{""distance"":5,""physical_error_rate"":0.01}","{""detection_events"":145,""detectors_checked"":3584}"
     23552,         0,         0,    1.12,exact_mw,70a969f5042aec17ac076c6379f4170fb7c69b8e925756ef3b7334e28a33338b,"{""distance"":5,""physical_error_rate"":0.0001}","{""detection_events"":2334,""detectors_checked"":5275648}"
    381952,         0,         0,    3.03,exact_mw,cdc4a450a40af8e24899239080e4c40992fb5baf91c5a31ab3a165eacb3a1ab3,"{""distance"":5,""physical_error_rate"":0.0002}","{""detection_events"":75415,""detectors_checked"":85557248}"
    269312,         0,         0,    3.01,exact_mw,cb12ae119b9b2ba18d0216e7235b403229e92fd0743ede48fe7f1a2c6f45d594,"{""distance"":5,""physical_error_rate"":0.0005}","{""detection_events"":130773,""detectors_checked"":60325888}"
    389120,         0,         0,    3.00,exact_mw,cdc4a450a40af8e24899239080e4c40992fb5baf91c5a31ab3a165eacb3a1ab3,"{""distance"":5,""physical_error_rate"":0.0002}","{""detection_events"":76528,""detectors_checked"":87162880}"
      6144,         0,         0,   0.178,exact_mw,bb90ec3459e353008cf9a5bb9142bf1e8515517a9e167021b225104594e48e8a,"{""distance"":5,""physical_error_rate"":0.001}","{""detection_events"":5891,""detectors_checked"":1376256}"
    123904,         0,         0,    3.05,exact_mw,bb90ec3459e353008cf9a5bb9142bf1e8515517a9e167021b225104594e48e8a,"{""distance"":5,""physical_error_rate"":0.001}","{""detection_events"":121124,""detectors_checked"":27754496}"
     68608,         0,         0,    3.07,exact_mw,70a969f5042aec17ac076c6379f4170fb7c69b8e925756ef3b7334e28a33338b,"{""distance"":5,""physical_error_rate"":0.0001}","{""detection_events"":6888,""detectors_checked"":15368192}"
     24576,         1,         0,    3.12,exact_mw,3208f56225bbcac0e2804eb6f92d0a8b681652a702ca1ec920ccd7367f0e0899,"{""distance"":5,""physical_error_rate"":0.002}","{""detection_events"":47663,""detectors_checked"":5505024,""obs_mistake_mask=E"":1}"
         1,         0,         0,   0.005,exact_mw,7fd11737ba5953e5998cf5d5ab7672462ce2ff07a9ab0f8628176a3f70e7a095,"{""distance"":5,""physical_error_rate"":0.05}","{""detection_events"":35,""detectors_checked"":224}"
      1536,         1,         0,    1.66,exact_mw,38b7ae1c4e8407fc325e0d9e43e9f92ff26dcb3f5cf7b98d24ea74c9e5188d39,"{""distance"":5,""physical_error_rate"":0.005}","{""detection_events"":7216,""detectors_checked"":344064,""obs_mistake_mask=E"":1}"
       512,         0,         0,   0.594,exact_mw,38b7ae1c4e8407fc325e0d9e43e9f92ff26dcb3f5cf7b98d24ea74c9e5188d39,"{""distance"":5,""physical_error_rate"":0.005}","{""detection_events"":2456,""detectors_checked"":114688}"
     69632,         0,         0,    3.06,exact_mw,f32ebecd8e105e50ec838d33c5ed9b45444b6b44a3c6ac541111079f2b14e893,"{""distance"":5,""physical_error_rate"":5e-05}","{""detection_events"":3395,""detectors_checked"":15597568}"
     12288,         0,         0,   0.608,exact_mw,f32ebecd8e105e50ec838d33c5ed9b45444b6b44a3c6ac541111079f2b14e893,"{""distance"":5,""physical_error_rate"":5e-05}","{""detection_events"":595,""detectors_checked"":2752512}"
    101376,         0,         0,    3.07,exact_mw,bb90ec3459e353008cf9a5bb9142bf1e8515517a9e167021b225104594e48e8a,"{""distance"":5,""physical_error_rate"":0.001}","{""detection_events"":99689,""detectors_checked"":22708224}"
         1,         0,         0,   0.005,exact_mw,7b4896c0e7f0a510554d89637fd747b157418067a95869d1f0661294d473d1dc,"{""distance"":5,""physical_error_rate"":0.02}","{""detection_events"":16,""detectors_checked"":224}"
      9216,         0,         0,   0.208,exact_mw,bb90ec3459e353008cf9a5bb9142bf1e8515517a9e167021b225104594e48e8a,"{""distance"":5,""physical_error_rate"":0.001}","{""detection_events"":9310,""detectors_checked"":2064384}"
    284672,         0,         0,    2.99,exact_mw,70a969f5042aec17ac076c6379f4170fb7c69b8e925756ef3b7334e28a33338b,"{""distance"":5,""physical_error_rate"":0.0001}","{""detection_events"":27957,""detectors_checked"":63766528}"
        16,         1,         0,   0.154,exact_mw,7fd11737ba5953e5998cf5d5ab7672462ce2ff07a9ab0f8628176a3f70e7a095,"{""distance"":5,""physical_error_rate"":0.05}","{""detection_events"":657,""detectors_checked"":3584,""obs_mistake_mask=E"":1}"
       128,        26,         0,    1.29,exact_mw,7fd11737ba5953e5998cf5d5ab7672462ce2ff07a9ab0f8628176a3f70e7a095,"{""distance"":5,""physical_error_rate"":0.05}","{""detection_events"":4892,""detectors_checked"":28672,""obs_mistake_mask=E"":26}"
       273,         0,         0,   0.020,exact_mw,cb12ae119b9b2ba18d0216e7235b403229e92fd0743ede48fe7f1a2c6f45d594,"{""distance"":5,""physical_error_rate"":0.0005}","{""detection_events"":132,""detectors_checked"":61152}"
       128,        33,         0,    1.15,exact_mw,7fd11737ba5953e5998cf5d5ab7672462ce2ff07a9ab0f8628176a3f70e7a095,"{""distance"":5,""physical_error_rate"":0.05}","{""detection_events"":4993,""detectors_checked"":28672,""obs_mistake_mask=E"":33}"
      1024,         0,         0,   0.004,exact_mw,cb12ae119b9b2ba18d0216e7235b403229e92fd0743ede48fe7f1a2c6f45d594,"{""distance"":5,""physical_error_rate"":0.0005}","{""detection_events"":492,""detectors_checked"":229376}"
        16,         1,         0,   0.109,exact_mw,7b4896c0e7f0a510554d89637fd747b157418067a95869d1f0661294d473d1dc,"{""distance"":5,""physical_error_rate"":0.02}","{""detection_events"":239,""detectors_checked"":3584,""obs_mistake_mask=E"":1}"
      3072,         0,         0,   0.041,exact_mw,cb12ae119b9b2ba18d0216e7235b403229e92fd0743ede48fe7f1a2c6f45d594,"{""distance"":5,""physical_error_rate"":0.0005}","{""detection_events"":1409,""detectors_checked"":688128}"
      2048,         0,         0,   0.029,exact_mw,cb12ae119b9b2ba18d0216e7235b403229e92fd0743ede48fe7f1a2c6f45d594,"{""distance"":5,""physical_error_rate"":0.0005}","{""detection_events"":979,""detectors_checked"":458752}"
       128,        29,         0,    1.20,exact_mw,7fd11737ba5953e5998cf5d5ab7672462ce2ff07a9ab0f8628176a3f70e7a095,"{""distance"":5,""physical_error_rate"":0.05}","{""detection_events"":5068,""detectors_checked"":28672,""obs_mistake_mask=E"":29}"
       128,         1,         0,   0.541,exact_mw,72230d8c06b5a71069df48ede6f7f3e6128cd83e8239dd1b2e5fe023578b6eb1,"{""distance"":5,""physical_error_rate"":0.01}","{""detection_events"":1266,""detectors_checked"":28672,""obs_mistake_mask=E"":1}"
      3072,         0,         0,   0.033,exact_mw,cb12ae119b9b2ba18d0216e7235b403229e92fd0743ede48fe7f1a2c6f45d594,"{""distance"":5,""physical_error_rate"":0.0005}","{""detection_events"":1541,""detectors_checked"":688128}"
        17,         3,         0,   0.140,exact_mw,7fd11737ba5953e5998cf5d5ab7672462ce2ff07a9ab0f8628176a3f70e7a095,"{""distance"":5,""physical_error_rate"":0.05}","{""detection_events"":607,""detectors_checked"":3808,""obs_mistake_mask=E"":3}"
        17,         1,         0,   0.130,exact_mw,7b4896c0e7f0a510554d89637fd747b157418067a95869d1f0661294d473d1dc,"{""distance"":5,""physical_error_rate"":0.02}","{""detection_events"":250,""detectors_checked"":3808,""obs_mistake_mask=E"":1}"
      4096,         0,         0,   0.056,exact_mw,cb12ae119b9b2ba18d0216e7235b403229e92fd0743ede48fe7f1a2c6f45d594,"{""distance"":5,""physical_error_rate"":0.0005}","{""detection_events"":2125,""detectors_checked"":917504}"
        64,        14,         0,   0.695,exact_mw,7fd11737ba5953e5998cf5d5ab7672462ce2ff07a9ab0f8628176a3f70e7a095,"{""distance"":5,""physical_error_rate"":0.05}","{""detection_events"":2545,""detectors_checked"":14336,""obs_mistake_mask=E"":14}"
    143360,         0,         0,   0.776,exact_mw,70a969f5042aec17ac076c6379f4170fb7c69b8e925756ef3b7334e28a33338b,"{""distance"":5,""physical_error_rate"":0.0001}","{""detection_events"":14481,""detectors_checked"":32112640}"
     13312,         0,         0,   0.310,exact_mw,bb90ec3459e353008cf9a5bb9142bf1e8515517a9e167021b225104594e48e8a,"{""distance"":5,""physical_error_rate"":0.001}","{""detection_events"":12962,""detectors_checked"":2981888}"
        32,         6,         0,   0.285,exact_mw,7fd11737ba5953e5998cf5d5ab7672462ce2ff07a9ab0f8628176a3f70e7a095,"{""distance"":5,""physical_error_rate"":0.05}","{""detection_events"":1262,""detectors_checked"":7168,""obs_mistake_mask=E"":6}"
      5120,         0,         0,   0.059,exact_mw,cb12ae119b9b2ba18d0216e7235b403229e92fd0743ede48fe7f1a2c6f45d594,"{""distance"":5,""physical_error_rate"":0.0005}","{""detection_events"":2536,""detectors_checked"":1146880}"
       640,         4,         0,    2.61,exact_mw,72230d8c06b5a71069df48ede6f7f3e6128cd83e8239dd1b2e5fe023578b6eb1,"{""distance"":5,""physical_error_rate"":0.01}","{""detection_events"":6099,""detectors_checked"":143360,""obs_mistake_mask=E"":4}"
    149504,         0,         0,    3.08,exact_mw,cb12ae119b9b2ba18d0216e7235b403229e92fd0743ede48fe7f1a2c6f45d594,"{""distance"":5,""physical_error_rate"":0.0005}","{""detection_events"":72875,""detectors_checked"":33488896}"
       256,        45,         0,    2.39,exact_mw,7fd11737ba5953e5998cf5d5ab7672462ce2ff07a9ab0f8628176a3f70e7a095,"{""distance"":5,""physical_error_rate"":0.05}","{""detection_events"":9726,""detectors_checked"":57344,""obs_mistake_mask=E"":45}"
       320,        12,         0,    2.49,exact_mw,7b4896c0e7f0a510554d89637fd747b157418067a95869d1f0661294d473d1dc,"{""distance"":5,""physical_error_rate"":0.02}","{""detection_events"":5566,""detectors_checked"":71680,""obs_mistake_mask=E"":12}"
       192,         4,         0,    1.78,exact_mw,7b4896c0e7f0a510554d89637fd747b157418067a95869d1f0661294d473d1dc,"{""distance"":5,""physical_error_rate"":0.02}","{""detection_events"":3289,""detectors_checked"":43008,""obs_mistake_mask=E"":4}"
      4096,         0,         0,    2.90,exact_mw,3208f56225bbcac0e2804eb6f92d0a8b681652a702ca1ec920ccd7367f0e0899,"{""distance"":5,""physical_error_rate"":0.002}","{""detection_events"":8177,""detectors_checked"":917504}"
     10240,         0,         0,   0.096,exact_mw,cb12ae119b9b2ba18d0216e7235b403229e92fd0743ede48fe7f1a2c6f45d594,"{""distance"":5,""physical_error_rate"":0.0005}","{""detection_events"":4856,""detectors_checked"":2293760}"
       256,        10,         0,    1.87,exact_mw,7b4896c0e7f0a510554d89637fd747b157418067a95869d1f0661294d473d1dc,"{""distance"":5,""physical_error_rate"":0.02}","{""detection_events"":4530,""detectors_checked"":57344,""obs_mistake_mask=E"":10}"
        64,         3,         0,   0.415,exact_mw,7b4896c0e7f0a510554d89637fd747b157418067a95869d1f0661294d473d1dc,"{""distance"":5,""physical_error_rate"":0.02}","{""detection_events"":1151,""detectors_checked"":14336,""obs_mistake_mask=E"":3}"
     11264,         0,         0,   0.148,exact_mw,cb12ae119b9b2ba18d0216e7235b403229e92fd0743ede48fe7f1a2c6f45d594,"{""distance"":5,""physical_error_rate"":0.0005}","{""detection_events"":5574,""detectors_checked"":2523136}"
       256,         0,         0,    1.16,exact_mw,72230d8c06b5a71069df48ede6f7f3e6128cd83e8239dd1b2e5fe023578b6eb1,"{""distance"":5,""physical_error_rate"":0.01}","{""detection_events"":2341,""detectors_checked"":57344}"
        64,         1,         0,   0.446,exact_mw,7b4896c0e7f0a510554d89637fd747b157418067a95869d1f0661294d473d1dc,"{""distance"":5,""physical_error_rate"":0.02}","{""detection_events"":1159,""detectors_checked"":14336,""obs_mistake_mask=E"":1}"
     14336,         0,         0,    2.20,exact_mw,3208f56225bbcac0e2804eb6f92d0a8b681652a702ca1ec920ccd7367f0e0899,"{""distance"":5,""physical_error_rate"":0.002}","{""detection_events"":28359,""detectors_checked"":3211264}"
     15360,         0,         0,   0.393,exact_mw,bb90ec3459e353008cf9a5bb9142bf1e8515517a9e167021b225104594e48e8a,"{""distance"":5,""physical_error_rate"":0.001}","{""detection_events"":14985,""detectors_checked"":3440640}"
     24576,         0,         0,   0.797,exact_mw,f32ebecd8e105e50ec838d33c5ed9b45444b6b44a3c6ac541111079f2b14e893,"{""distance"":5,""physical_error_rate"":5e-05}","{""detection_events"":1170,""detectors_checked"":5505024}"
       640,         3,         0,    2.39,exact_mw,72230d8c06b5a71069df48ede6f7f3e6128cd83e8239dd1b2e5fe023578b6eb1,"{""distance"":5,""physical_error_rate"":0.01}","{""detection_events"":6127,""detectors_checked"":143360,""obs_mistake_mask=E"":3}"
      1297,         0,         0,   0.026,exact_mw,f32ebecd8e105e50ec838d33c5ed9b45444b6b44a3c6ac541111079f2b14e893,"{""distance"":5,""physical_error_rate"":5e-05}","{""detection_events"":57,""detectors_checked"":290528}"
      2048,         0,         0,   0.026,exact_mw,f32ebecd8e105e50ec838d33c5ed9b45444b6b44a3c6ac541111079f2b14e893,"{""distance"":5,""physical_error_rate"":5e-05}","{""detection_events"":103,""detectors_checked"":458752}"
       128,         1,         0,   0.609,exact_mw,72230d8c06b5a71069df48ede6f7f3e6128cd83e8239dd1b2e5fe023578b6eb1,"{""distance"":5,""physical_error_rate"":0.01}","{""detection_events"":1154,""detectors_checked"":28672,""obs_mistake_mask=E"":1}"
      2048,         0,         0,   0.025,exact_mw,f32ebecd8e105e50ec838d33c5ed9b45444b6b44a3c6ac541111079f2b14e893,"{""distance"":5,""physical_error_rate"":5e-05}","{""detection_events"":97,""detectors_checked"":458752}"
     22528,         0,         0,   0.207,exact_mw,cb12ae119b9b2ba18d0216e7235b403229e92fd0743ede48fe7f1a2c6f45d594,"{""distance"":5,""physical_error_rate"":0.0005}","{""detection_events"":10819,""detectors_checked"":5046272}"
      3072,         0,         0,   0.029,exact_mw,f32ebecd8e105e50ec838d33c5ed9b45444b6b44a3c6ac541111079f2b14e893,"{""distance"":5,""physical_error_rate"":5e-05}","{""detection_events"":131,""detectors_checked"":688128}"
      3345,         0,         0,   0.026,exact_mw,f32ebecd8e105e50ec838d33c5ed9b45444b6b44a3c6ac541111079f2b14e893,"{""distance"":5,""physical_error_rate"":5e-05}","{""detection_events"":157,""detectors_checked"":749280}"
      5120,         0,         0,   0.046,exact_mw,f32ebecd8e105e50ec838d33c5ed9b45444b6b44a3c6ac541111079f2b14e893,"{""distance"":5,""physical_error_rate"":5e-05}","{""detection_events"":268,""detectors_checked"":1146880}"
      2048,         0,         0,   0.020,exact_mw,f32ebecd8e105e50ec838d33c5ed9b45444b6b44a3c6ac541111079f2b14e893,"{""distance"":5,""physical_error_rate"":5e-05}","{""detection_events"":104,""detectors_checked"":458752}"
      5120,         0,         0,   0.032,exact_mw,f32ebecd8e105e50ec838d33c5ed9b45444b6b44a3c6ac541111079f2b14e893,"{""distance"":5,""physical_error_rate"":5e-05}","{""detection_events"":217,""detectors_checked"":1146880}"
      5120,         0,         0,   0.055,exact_mw,f32ebecd8e105e50ec838d33c5ed9b45444b6b44a3c6ac541111079f2b14e893,"{""distance"":5,""physical_error_rate"":5e-05}","{""detection_events"":303,""detectors_checked"":1146880}"
      4096,         0,         0,   0.033,exact_mw,f32ebecd8e105e50ec838d33c5ed9b45444b6b44a3c6ac541111079f2b14e893,"{""distance"":5,""physical_error_rate"":5e-05}","{""detection_events"":171,""detectors_checked"":917504}"
    343040,         0,         0,    3.01,exact_mw,cdc4a450a40af8e24899239080e4c40992fb5baf91c5a31ab3a165eacb3a1ab3,"{""distance"":5,""physical_error_rate"":0.0002}","{""detection_events"":66989,""detectors_checked"":76840960}"
        64,         1,         0,   0.469,exact_mw,7b4896c0e7f0a510554d89637fd747b157418067a95869d1f0661294d473d1dc,"{""distance"":5,""physical_error_rate"":0.02}","{""detection_events"":1088,""detectors_checked"":14336,""obs_mistake_mask=E"":1}"
      7168,         0,         0,   0.039,exact_mw,f32ebecd8e105e50ec838d33c5ed9b45444b6b44a3c6ac541111079f2b14e893,"{""distance"":5,""physical_error_rate"":5e-05}","{""detection_events"":370,""detectors_checked"":1605632}"
      7168,         0,         0,   0.080,exact_mw,f32ebecd8e105e50ec838d33c5ed9b45444b6b44a3c6ac541111079f2b14e893,"{""distance"":5,""physical_error_rate"":5e-05}","{""detection_events"":313,""detectors_checked"":1605632}"
     20480,         1,         0,    3.20,exact_mw,3208f56225bbcac0e2804eb6f92d0a8b681652a702ca1ec920ccd7367f0e0899,"{""distance"":5,""physical_error_rate"":0.002}","{""detection_events"":39931,""detectors_checked"":4587520,""obs_mistake_mask=E"":1}"
      7168,         0,         0,   0.040,exact_mw,f32ebecd8e105e50ec838d33c5ed9b45444b6b44a3c6ac541111079f2b14e893,"{""distance"":5,""physical_error_rate"":5e-05}","{""detection_events"":328,""detectors_checked"":1605632}"
       512,         2,         0,    2.44,exact_mw,72230d8c06b5a71069df48ede6f7f3e6128cd83e8239dd1b2e5fe023578b6eb1,"{""distance"":5,""physical_error_rate"":0.01}","{""detection_events"":4871,""detectors_checked"":114688,""obs_mistake_mask=E"":2}"
       273,         1,         0,   0.312,exact_mw,38b7ae1c4e8407fc325e0d9e43e9f92ff26dcb3f5cf7b98d24ea74c9e5188d39,"{""distance"":5,""physical_error_rate"":0.005}","{""detection_events"":1199,""detectors_checked"":61152,""obs_mistake_mask=E"":1}"
      1024,         0,         0,    1.21,exact_mw,38b7ae1c4e8407fc325e0d9e43e9f92ff26dcb3f5cf7b98d24ea74c9e5188d39,"{""distance"":5,""physical_error_rate"":0.005}","{""detection_events"":4812,""detectors_checked"":229376}"
     28672,         0,         0,   0.286,exact_mw,cb12ae119b9b2ba18d0216e7235b403229e92fd0743ede48fe7f1a2c6f45d594,"{""distance"":5,""physical_error_rate"":0.0005}","{""detection_events"":14005,""detectors_checked"":6422528}"
      9216,         0,         0,   0.106,exact_mw,f32ebecd8e105e50ec838d33c5ed9b45444b6b44a3c6ac541111079f2b14e893,"{""distance"":5,""physical_error_rate"":5e-05}","{""detection_events"":451,""detectors_checked"":2064384}"
        64,         1,         0,   0.444,exact_mw,7b4896c0e7f0a510554d89637fd747b157418067a95869d1f0661294d473d1dc,"{""distance"":5,""physical_error_rate"":0.02}","{""detection_events"":1025,""detectors_checked"":14336,""obs_mistake_mask=E"":1}"
      9216,         0,         0,   0.068,exact_mw,f32ebecd8e105e50ec838d33c5ed9b45444b6b44a3c6ac541111079f2b14e893,"{""distance"":5,""physical_error_rate"":5e-05}","{""detection_events"":463,""detectors_checked"":2064384}"
    220160,         0,         0,    1.55,exact_mw,70a969f5042aec17ac076c6379f4170fb7c69b8e925756ef3b7334e28a33338b,"{""distance"":5,""physical_error_rate"":0.0001}","{""detection_events"":21980,""detectors_checked"":49315840}"
     14336,         0,         0,   0.105,exact_mw,f32ebecd8e105e50ec838d33c5ed9b45444b6b44a3c6ac541111079f2b14e893,"{""distance"":5,""physical_error_rate"":5e-05}","{""detection_events"":678,""detectors_checked"":3211264}"
       256,         9,         0,    1.96,exact_mw,7b4896c0e7f0a510554d89637fd747b157418067a95869d1f0661294d473d1dc,"{""distance"":5,""physical_error_rate"":0.02}","{""detection_events"":4496,""detectors_checked"":57344,""obs_mistake_mask=E"":9}"
     14336,         0,         0,   0.150,exact_mw,f32ebecd8e105e50ec838d33c5ed9b45444b6b44a3c6ac541111079f2b14e893,"{""distance"":5,""physical_error_rate"":5e-05}","{""detection_events"":742,""detectors_checked"":3211264}"
      1024,         8,         0,    2.55,exact_mw,72230d8c06b5a71069df48ede6f7f3e6128cd83e8239dd1b2e5fe023578b6eb1,"{""distance"":5,""physical_error_rate"":0.01}","{""detection_events"":9391,""detectors_checked"":229376,""obs_mistake_mask=E"":8}"
     22528,         0,         0,   0.547,exact_mw,bb90ec3459e353008cf9a5bb9142bf1e8515517a9e167021b225104594e48e8a,"{""distance"":5,""physical_error_rate"":0.001}","{""detection_events"":22445,""detectors_checked"":5046272}"
      2048,         2,         0,    2.48,exact_mw,38b7ae1c4e8407fc325e0d9e43e9f92ff26dcb3f5cf7b98d24ea74c9e5188d39,"{""distance"":5,""physical_error_rate"":0.005}","{""detection_events"":10015,""detectors_checked"":458752,""obs_mistake_mask=E"":2}"
     21504,         0,         0,   0.161,exact_mw,f32ebecd8e105e50ec838d33c5ed9b45444b6b44a3c6ac541111079f2b14e893,"{""distance"":5,""physical_error_rate"":5e-05}","{""detection_events"":1203,""detectors_checked"":4816896}"
        64,         2,         0,   0.429,exact_mw,7b4896c0e7f0a510554d89637fd747b157418067a95869d1f0661294d473d1dc,"{""distance"":5,""physical_error_rate"":0.02}","{""detection_events"":1145,""detectors_checked"":14336,""obs_mistake_mask=E"":2}"
    108544,         0,         0,    1.12,exact_mw,70a969f5042aec17ac076c6379f4170fb7c69b8e925756ef3b7334e28a33338b,"{""distance"":5,""physical_error_rate"":0.0001}","{""detection_events"":11050,""detectors_checked"":24313856}"
      2560,         1,         0,    3.02,exact_mw,38b7ae1c4e8407fc325e0d9e43e9f92ff26dcb3f5cf7b98d24ea74c9e5188d39,"{""distance"":5,""physical_error_rate"":0.005}","{""detection_events"":12496,""detectors_checked"":573440,""obs_mistake_mask=E"":1}"
       273,         0,         0,   0.083,exact_mw,3208f56225bbcac0e2804eb6f92d0a8b681652a702ca1ec920ccd7367f0e0899,"{""distance"":5,""physical_error_rate"":0.002}","{""detection_events"":511,""detectors_checked"":61152}"
     18432,         0,         0,   0.210,exact_mw,f32ebecd8e105e50ec838d33c5ed9b45444b6b44a3c6ac541111079f2b14e893,"{""distance"":5,""physical_error_rate"":5e-05}","{""detection_events"":989,""detectors_checked"":4128768}"
     38912,         0,         0,   0.403,exact_mw,cb12ae119b9b2ba18d0216e7235b403229e92fd0743ede48fe7f1a2c6f45d594,"{""distance"":5,""physical_error_rate"":0.0005}","{""detection_events"":19128,""detectors_checked"":8716288}"
      1024,         0,         0,   0.140,exact_mw,3208f56225bbcac0e2804eb6f92d0a8b681652a702ca1ec920ccd7367f0e0899,"{""distance"":5,""physical_error_rate"":0.002}","{""detection_events"":2088,""detectors_checked"":229376}"
        64,         3,         0,   0.448,exact_mw,7b4896c0e7f0a510554d89637fd747b157418067a95869d1f0661294d473d1dc,"{""distance"":5,""physical_error_rate"":0.02}","{""detection_events"":1136,""detectors_checked"":14336,""obs_mistake_mask=E"":3}"
       256,         0,         0,   0.492,exact_mw,38b7ae1c4e8407fc325e0d9e43e9f92ff26dcb3f5cf7b98d24ea74c9e5188d39,"{""distance"":5,""physical_error_rate"":0.005}","{""detection_events"":1245,""detectors_checked"":57344}"
     28672,         0,         0,   0.208,exact_mw,f32ebecd8e105e50ec838d33c5ed9b45444b6b44a3c6ac541111079f2b14e893,"{""distance"":5,""physical_error_rate"":5e-05}","{""detection_events"":1488,""detectors_checked"":6422528}"
       128,         0,         0,   0.871,exact_mw,72230d8c06b5a71069df48ede6f7f3e6128cd83e8239dd1b2e5fe023578b6eb1,"{""distance"":5,""physical_error_rate"":0.01}","{""detection_events"":1217,""detectors_checked"":28672}"
      1024,         0,         0,   0.126,exact_mw,3208f56225bbcac0e2804eb6f92d0a8b681652a702ca1ec920ccd7367f0e0899,"{""distance"":5,""physical_error_rate"":0.002}","{""detection_events"":2064,""detectors_checked"":229376}"
      2048,         6,         0,    4.53,exact_mw,38b7ae1c4e8407fc325e0d9e43e9f92ff26dcb3f5cf7b98d24ea74c9e5188d39,"{""distance"":5,""physical_error_rate"":0.005}","{""detection_events"":9779,""detectors_checked"":458752,""obs_mistake_mask=E"":6}"
     36864,         0,         0,   0.285,exact_mw,f32ebecd8e105e50ec838d33c5ed9b45444b6b44a3c6ac541111079f2b14e893,"{""distance"":5,""physical_error_rate"":5e-05}","{""detection_events"":1631,""detectors_checked"":8257536}"
      1024,         0,         0,   0.083,exact_mw,3208f56225bbcac0e2804eb6f92d0a8b681652a702ca1ec920ccd7367f0e0899,"{""distance"":5,""physical_error_rate"":0.002}","{""detection_events"":1881,""detectors_checked"":229376}"
     96256,         0,         0,    1.11,exact_mw,f32ebecd8e105e50ec838d33c5ed9b45444b6b44a3c6ac541111079f2b14e893,"{""distance"":5,""physical_error_rate"":5e-05}","{""detection_events"":4845,""detectors_checked"":21561344}"
        64,         1,         0,   0.456,exact_mw,7b4896c0e7f0a510554d89637fd747b157418067a95869d1f0661294d473d1dc,"{""distance"":5,""physical_error_rate"":0.02}","{""detection_events"":1186,""detectors_checked"":14336,""obs_mistake_mask=E"":1}"
    166912,         0,         0,    4.23,exact_mw,bb90ec3459e353008cf9a5bb9142bf1e8515517a9e167021b225104594e48e8a,"{""distance"":5,""physical_error_rate"":0.001}","{""detection_events"":163266,""detectors_checked"":37388288}"
    108544,         2,         0,    3.02,exact_mw,bb90ec3459e353008cf9a5bb9142bf1e8515517a9e167021b225104594e48e8a,"{""distance"":5,""physical_error_rate"":0.001}","{""detection_events"":106547,""detectors_checked"":24313856,""obs_mistake_mask=E"":2}"
     39936,         0,         0,   0.290,exact_mw,f32ebecd8e105e50ec838d33c5ed9b45444b6b44a3c6ac541111079f2b14e893,"{""distance"":5,""physical_error_rate"":5e-05}","{""detection_events"":2003,""detectors_checked"":8945664}"
      1024,         0,         0,   0.138,exact_mw,3208f56225bbcac0e2804eb6f92d0a8b681652a702ca1ec920ccd7367f0e0899,"{""distance"":5,""physical_error_rate"":0.002}","{""detection_events"":2031,""detectors_checked"":229376}"
        64,         1,         0,   0.415,exact_mw,7b4896c0e7f0a510554d89637fd747b157418067a95869d1f0661294d473d1dc,"{""distance"":5,""physical_error_rate"":0.02}","{""detection_events"":1085,""detectors_checked"":14336,""obs_mistake_mask=E"":1}"
    973824,         0,         0,    4.23,exact_mw,cdc4a450a40af8e24899239080e4c40992fb5baf91c5a31ab3a165eacb3a1ab3,"{""distance"":5,""physical_error_rate"":0.0002}","{""detection_events"":192870,""detectors_checked"":218136576}"
      1024,         0,         0,   0.139,exact_mw,3208f56225bbcac0e2804eb6f92d0a8b681652a702ca1ec920ccd7367f0e0899,"{""distance"":5,""physical_error_rate"":0.002}","{""detection_events"":2118,""detectors_checked"":229376}"
    516096,         0,         0,    4.23,exact_mw,70a969f5042aec17ac076c6379f4170fb7c69b8e925756ef3b7334e28a33338b,"{""distance"":5,""physical_error_rate"":0.0001}","{""detection_events"":50867,""detectors_checked"":115605504}"
     32768,         0,         0,   0.811,exact_mw,bb90ec3459e353008cf9a5bb9142bf1e8515517a9e167021b225104594e48e8a,"{""distance"":5,""physical_error_rate"":0.001}","{""detection_events"":32410,""detectors_checked"":7340032}"
       256,         3,         0,   0.500,exact_mw,38b7ae1c4e8407fc325e0d9e43e9f92ff26dcb3f5cf7b98d24ea74c9e5188d39,"{""distance"":5,""physical_error_rate"":0.005}","{""detection_events"":1239,""detectors_checked"":57344,""obs_mistake_mask=E"":3}"
     56320,         0,         0,   0.580,exact_mw,cb12ae119b9b2ba18d0216e7235b403229e92fd0743ede48fe7f1a2c6f45d594,"{""distance"":5,""physical_error_rate"":0.0005}","{""detection_events"":27999,""detectors_checked"":12615680}"
     27648,         0,         0,   0.409,exact_mw,f32ebecd8e105e50ec838d33c5ed9b45444b6b44a3c6ac541111079f2b14e893,"{""distance"":5,""physical_error_rate"":5e-05}","{""detection_events"":1406,""detectors_checked"":6193152}"
      1024,         0,         0,   0.132,exact_mw,3208f56225bbcac0e2804eb6f92d0a8b681652a702ca1ec920ccd7367f0e0899,"{""distance"":5,""physical_error_rate"":0.002}","{""detection_events"":1856,""detectors_checked"":229376}"
      2048,         7,         0,    2.37,exact_mw,38b7ae1c4e8407fc325e0d9e43e9f92ff26dcb3f5cf7b98d24ea74c9e5188d39,"{""distance"":5,""physical_error_rate"":0.005}","{""detection_events"":10028,""detectors_checked"":458752,""obs_mistake_mask=E"":7}"
     46080,         0,         0,   0.393,exact_mw,f32ebecd8e105e50ec838d33c5ed9b45444b6b44a3c6ac541111079f2b14e893,"{""distance"":5,""physical_error_rate"":5e-05}","{""detection_events"":2325,""detectors_checked"":10321920}"
    364544,         0,         0,    4.21,exact_mw,cb12ae119b9b2ba18d0216e7235b403229e92fd0743ede48fe7f1a2c6f45d594,"{""distance"":5,""physical_error_rate"":0.0005}","{""detection_events"":178481,""detectors_checked"":81657856}"
      1024,         0,         0,   0.129,exact_mw,3208f56225bbcac0e2804eb6f92d0a8b681652a702ca1ec920ccd7367f0e0899,"{""distance"":5,""physical_error_rate"":0.002}","{""detection_events"":1892,""detectors_checked"":229376}"
        64,         2,         0,   0.464,exact_mw,7b4896c0e7f0a510554d89637fd747b157418067a95869d1f0661294d473d1dc,"{""distance"":5,""physical_error_rate"":0.02}","{""detection_events"":1179,""detectors_checked"":14336,""obs_mistake_mask=E"":2}"
       128,         2,         0,   0.727,exact_mw,72230d8c06b5a71069df48ede6f7f3e6128cd83e8239dd1b2e5fe023578b6eb1,"{""distance"":5,""physical_error_rate"":0.01}","{""detection_events"":1283,""detectors_checked"":28672,""obs_mistake_mask=E"":2}"
       256,         0,         0,   0.337,exact_mw,38b7ae1c4e8407fc325e0d9e43e9f92ff26dcb3f5cf7b98d24ea74c9e5188d39,"{""distance"":5,""physical_error_rate"":0.005}","{""detection_events"":1225,""detectors_checked"":57344}"
        64,         1,         0,   0.445,exact_mw,7b4896c0e7f0a510554d89637fd747b157418067a95869d1f0661294d473d1dc,"{""distance"":5,""physical_error_rate"":0.02}","{""detection_events"":1133,""detectors_checked"":14336,""obs_mistake_mask=E"":1}"
    527360,         0,         0,    4.23,exact_mw,f32ebecd8e105e50ec838d33c5ed9b45444b6b44a3c6ac541111079f2b14e893,"{""distance"":5,""physical_error_rate"":5e-05}","{""detection_events"":26155,""detectors_checked"":118128640}"
       384,        10,         0,    3.11,exact_mw,7b4896c0e7f0a510554d89637fd747b157418067a95869d1f0661294d473d1dc,"{""distance"":5,""physical_error_rate"":0.02}","{""detection_events"":7068,""detectors_checked"":86016,""obs_mistake_mask=E"":10}"
      1024,         1,         0,   0.321,exact_mw,3208f56225bbcac0e2804eb6f92d0a8b681652a702ca1ec920ccd7367f0e0899,"{""distance"":5,""physical_error_rate"":0.002}","{""detection_events"":1908,""detectors_checked"":229376,""obs_mistake_mask=E"":1}"
         1,         0,         0,   0.000,exact_mw,cdc4a450a40af8e24899239080e4c40992fb5baf91c5a31ab3a165eacb3a1ab3,"{""distance"":5,""physical_error_rate"":0.0002}","{""detectors_checked"":224}"
      3344,         0,         0,   0.026,exact_mw,cdc4a450a40af8e24899239080e4c40992fb5baf91c5a31ab3a165eacb3a1ab3,"{""distance"":5,""physical_error_rate"":0.0002}","{""detection_events"":655,""detectors_checked"":749056}"
       256,         0,         0,   0.309,exact_mw,38b7ae1c4e8407fc325e0d9e43e9f92ff26dcb3f5cf7b98d24ea74c9e5188d39,"{""distance"":5,""physical_error_rate"":0.005}","{""detection_events"":1257,""detectors_checked"":57344}"
      1297,         0,         0,   0.019,exact_mw,cb12ae119b9b2ba18d0216e7235b403229e92fd0743ede48fe7f1a2c6f45d594,"{""distance"":5,""physical_error_rate"":0.0005}","{""detection_events"":658,""detectors_checked"":290528}"
       273,         0,         0,   0.021,exact_mw,bb90ec3459e353008cf9a5bb9142bf1e8515517a9e167021b225104594e48e8a,"{""distance"":5,""physical_error_rate"":0.001}","{""detection_events"":263,""detectors_checked"":61152}"
      4096,         0,         0,   0.030,exact_mw,cdc4a450a40af8e24899239080e4c40992fb5baf91c5a31ab3a165eacb3a1ab3,"{""distance"":5,""physical_error_rate"":0.0002}","{""detection_events"":768,""detectors_checked"":917504}"
     16384,         0,         0,   0.578,exact_mw,f32ebecd8e105e50ec838d33c5ed9b45444b6b44a3c6ac541111079f2b14e893,"{""distance"":5,""physical_error_rate"":5e-05}","{""detection_events"":790,""detectors_checked"":3670016}"
      3072,         0,         0,   0.027,exact_mw,cb12ae119b9b2ba18d0216e7235b403229e92fd0743ede48fe7f1a2c6f45d594,"{""distance"":5,""physical_error_rate"":0.0005}","{""detection_events"":1425,""detectors_checked"":688128}"
      1024,         2,         0,    1.67,exact_mw,38b7ae1c4e8407fc325e0d9e43e9f92ff26dcb3f5cf7b98d24ea74c9e5188d39,"{""distance"":5,""physical_error_rate"":0.005}","{""detection_events"":4938,""detectors_checked"":229376,""obs_mistake_mask=E"":2}"
      1024,         0,         0,   0.025,exact_mw,bb90ec3459e353008cf9a5bb9142bf1e8515517a9e167021b225104594e48e8a,"{""distance"":5,""physical_error_rate"":0.001}","{""detection_events"":978,""detectors_checked"":229376}"
        64,         2,         0,   0.421,exact_mw,7b4896c0e7f0a510554d89637fd747b157418067a95869d1f0661294d473d1dc,"{""distance"":5,""physical_error_rate"":0.02}","{""detection_events"":1212,""detectors_checked"":14336,""obs_mistake_mask=E"":2}"
      5120,         0,         0,   0.030,exact_mw,cdc4a450a40af8e24899239080e4c40992fb5baf91c5a31ab3a165eacb3a1ab3,"{""distance"":5,""physical_error_rate"":0.0002}","{""detection_events"":964,""detectors_checked"":1146880}"
      2048,         0,         0,   0.024,exact_mw,cb12ae119b9b2ba18d0216e7235b403229e92fd0743ede48fe7f1a2c6f45d594,"{""distance"":5,""physical_error_rate"":0.0005}","{""detection_events"":1094,""detectors_checked"":458752}"
     50176,         5,         0,    4.35,exact_mw,3208f56225bbcac0e2804eb6f92d0a8b681652a702ca1ec920ccd7367f0e0899,"{""distance"":5,""physical_error_rate"":0.002}","{""detection_events"":97603,""detectors_checked"":11239424,""obs_mistake_mask=E"":5}"
      2048,         0,         0,   0.039,exact_mw,bb90ec3459e353008cf9a5bb9142bf1e8515517a9e167021b225104594e48e8a,"{""distance"":5,""physical_error_rate"":0.001}","{""detection_events"":2023,""detectors_checked"":458752}"
      4096,         0,         0,   0.029,exact_mw,cb12ae119b9b2ba18d0216e7235b403229e92fd0743ede48fe7f1a2c6f45d594,"{""distance"":5,""physical_error_rate"":0.0005}","{""detection_events"":1960,""detectors_checked"":917504}"
      5120,         0,         0,   0.045,exact_mw,cdc4a450a40af8e24899239080e4c40992fb5baf91c5a31ab3a165eacb3a1ab3,"{""distance"":5,""physical_error_rate"":0.0002}","{""detection_events"":978,""detectors_checked"":1146880}"
      2048,         0,         0,   0.018,exact_mw,bb90ec3459e353008cf9a5bb9142bf1e8515517a9e167021b225104594e48e8a,"{""distance"":5,""physical_error_rate"":0.001}","{""detection_events"":1899,""detectors_checked"":458752}"
      3072,         0,         0,   0.031,exact_mw,cb12ae119b9b2ba18d0216e7235b403229e92fd0743ede48fe7f1a2c6f45d594,"{""distance"":5,""physical_error_rate"":0.0005}","{""detection_events"":1404,""detectors_checked"":688128}"
      8192,         0,         0,   0.056,exact_mw,cdc4a450a40af8e24899239080e4c40992fb5baf91c5a31ab3a165eacb3a1ab3,"{""distance"":5,""physical_error_rate"":0.0002}","{""detection_events"":1611,""detectors_checked"":1835008}"
      2048,         0,         0,   0.029,exact_mw,bb90ec3459e353008cf9a5bb9142bf1e8515517a9e167021b225104594e48e8a,"{""distance"":5,""physical_error_rate"":0.001}","{""detection_events"":2000,""detectors_checked"":458752}"
     51200,         0,         0,   0.571,exact_mw,f32ebecd8e105e50ec838d33c5ed9b45444b6b44a3c6ac541111079f2b14e893,"{""distance"":5,""physical_error_rate"":5e-05}","{""detection_events"":2691,""detectors_checked"":11468800}"
     57344,         0,         0,   0.777,exact_mw,cb12ae119b9b2ba18d0216e7235b403229e92fd0743ede48fe7f1a2c6f45d594,"{""distance"":5,""physical_error_rate"":0.0005}","{""detection_events"":28627,""detectors_checked"":12845056}"
        64,         3,         0,   0.448,exact_mw,7b4896c0e7f0a510554d89637fd747b157418067a95869d1f0661294d473d1dc,"{""distance"":5,""physical_error_rate"":0.02}","{""detection_events"":1152,""detectors_checked"":14336,""obs_mistake_mask=E"":3}"
      6144,         0,         0,   0.053,exact_mw,cb12ae119b9b2ba18d0216e7235b403229e92fd0743ede48fe7f1a2c6f45d594,"{""distance"":5,""physical_error_rate"":0.0005}","{""detection_events"":3261,""detectors_checked"":1376256}"
       384,         4,         0,    2.27,exact_mw,72230d8c06b5a71069df48ede6f7f3e6128cd83e8239dd1b2e5fe023578b6eb1,"{""distance"":5,""physical_error_rate"":0.01}","{""detection_events"":3680,""detectors_checked"":86016,""obs_mistake_mask=E"":4}"
    347136,         0,         0,    4.23,exact_mw,cb12ae119b9b2ba18d0216e7235b403229e92fd0743ede48fe7f1a2c6f45d594,"{""distance"":5,""physical_error_rate"":0.0005}","{""detection_events"":171064,""detectors_checked"":77758464}"
       256,         1,         0,   0.211,exact_mw,38b7ae1c4e8407fc325e0d9e43e9f92ff26dcb3f5cf7b98d24ea74c9e5188d39,"{""distance"":5,""physical_error_rate"":0.005}","{""detection_events"":1079,""detectors_checked"":57344,""obs_mistake_mask=E"":1}"
      3072,         0,         0,   0.059,exact_mw,bb90ec3459e353008cf9a5bb9142bf1e8515517a9e167021b225104594e48e8a,"{""distance"":5,""physical_error_rate"":0.001}","{""detection_events"":2857,""detectors_checked"":688128}"
     10240,         0,         0,   0.063,exact_mw,cdc4a450a40af8e24899239080e4c40992fb5baf91c5a31ab3a165eacb3a1ab3,"{""distance"":5,""physical_error_rate"":0.0002}","{""detection_events"":2111,""detectors_checked"":2293760}"
    157696,         0,         0,    1.55,exact_mw,70a969f5042aec17ac076c6379f4170fb7c69b8e925756ef3b7334e28a33338b,"{""distance"":5,""physical_error_rate"":0.0001}","{""detection_events"":15337,""detectors_checked"":35323904}"
      8192,         0,         0,   0.080,exact_mw,cb12ae119b9b2ba18d0216e7235b403229e92fd0743ede48fe7f1a2c6f45d594,"{""distance"":5,""physical_error_rate"":0.0005}","{""detection_events"":4164,""detectors_checked"":1835008}"
       128,         3,         0,   0.630,exact_mw,72230d8c06b5a71069df48ede6f7f3e6128cd83e8239dd1b2e5fe023578b6eb1,"{""distance"":5,""physical_error_rate"":0.01}","{""detection_events"":1212,""detectors_checked"":28672,""obs_mistake_mask=E"":3}"
      3072,         0,         0,   0.083,exact_mw,bb90ec3459e353008cf9a5bb9142bf1e8515517a9e167021b225104594e48e8a,"{""distance"":5,""physical_error_rate"":0.001}","{""detection_events"":3083,""detectors_checked"":688128}"
     13312,         0,         0,   0.114,exact_mw,cdc4a450a40af8e24899239080e4c40992fb5baf91c5a31ab3a165eacb3a1ab3,"{""distance"":5,""physical_error_rate"":0.0002}","{""detection_events"":2472,""detectors_checked"":2981888}"
     10240,         0,         0,   0.106,exact_mw,cb12ae119b9b2ba18d0216e7235b403229e92fd0743ede48fe7f1a2c6f45d594,"{""distance"":5,""physical_error_rate"":0.0005}","{""detection_events"":4899,""detectors_checked"":2293760}"
        17,         0,         0,   0.057,exact_mw,72230d8c06b5a71069df48ede6f7f3e6128cd83e8239dd1b2e5fe023578b6eb1,"{""distance"":5,""physical_error_rate"":0.01}","{""detection_events"":150,""detectors_checked"":3808}"
      4096,         0,         0,   0.112,exact_mw,bb90ec3459e353008cf9a5bb9142bf1e8515517a9e167021b225104594e48e8a,"{""distance"":5,""physical_error_rate"":0.001}","{""detection_events"":4049,""detectors_checked"":917504}"
    333824,         0,         0,    4.24,exact_mw,f32ebecd8e105e50ec838d33c5ed9b45444b6b44a3c6ac541111079f2b14e893,"{""distance"":5,""physical_error_rate"":5e-05}","{""detection_events"":15895,""detectors_checked"":74776576}"
       384,        15,         0,    2.70,exact_mw,7b4896c0e7f0a510554d89637fd747b157418067a95869d1f0661294d473d1dc,"{""distance"":5,""physical_error_rate"":0.02}","{""detection_events"":6776,""detectors_checked"":86016,""obs_mistake_mask=E"":15}"
    435200,         0,         0,    4.23,exact_mw,f32ebecd8e105e50ec838d33c5ed9b45444b6b44a3c6ac541111079f2b14e893,"{""distance"":5,""physical_error_rate"":5e-05}","{""detection_events"":21304,""detectors_checked"":97484800}"
       256,         6,         0,    2.72,exact_mw,7b4896c0e7f0a510554d89637fd747b157418067a95869d1f0661294d473d1dc,"{""distance"":5,""physical_error_rate"":0.02}","{""detection_events"":4475,""detectors_checked"":57344,""obs_mistake_mask=E"":6}"
        64,         0,         0,   0.413,exact_mw,7b4896c0e7f0a510554d89637fd747b157418067a95869d1f0661294d473d1dc,"{""distance"":5,""physical_error_rate"":0.02}","{""detection_events"":1165,""detectors_checked"":14336}"
     40960,         0,         0,    1.12,exact_mw,bb90ec3459e353008cf9a5bb9142bf1e8515517a9e167021b225104594e48e8a,"{""distance"":5,""physical_error_rate"":0.001}","{""detection_events"":40572,""detectors_checked"":9175040}"
     21504,         0,         0,   0.160,exact_mw,cdc4a450a40af8e24899239080e4c40992fb5baf91c5a31ab3a165eacb3a1ab3,"{""distance"":5,""physical_error_rate"":0.0002}","{""detection_events"":4109,""detectors_checked"":4816896}"
       273,         0,         0,   0.028,exact_mw,3208f56225bbcac0e2804eb6f92d0a8b681652a702ca1ec920ccd7367f0e0899,"{""distance"":5,""physical_error_rate"":0.002}","{""detection_events"":433,""detectors_checked"":61152}"
     17408,         0,         0,   0.160,exact_mw,cb12ae119b9b2ba18d0216e7235b403229e92fd0743ede48fe7f1a2c6f45d594,"{""distance"":5,""physical_error_rate"":0.0005}","{""detection_events"":8548,""detectors_checked"":3899392}"
    431104,         0,         0,    4.23,exact_mw,cdc4a450a40af8e24899239080e4c40992fb5baf91c5a31ab3a165eacb3a1ab3,"{""distance"":5,""physical_error_rate"":0.0002}","{""detection_events"":84654,""detectors_checked"":96567296}"
       273,         0,         0,   0.291,exact_mw,38b7ae1c4e8407fc325e0d9e43e9f92ff26dcb3f5cf7b98d24ea74c9e5188d39,"{""distance"":5,""physical_error_rate"":0.005}","{""detection_events"":1383,""detectors_checked"":61152}"
    347136,         0,         0,    4.27,exact_mw,70a969f5042aec17ac076c6379f4170fb7c69b8e925756ef3b7334e28a33338b,"{""distance"":5,""physical_error_rate"":0.0001}","{""detection_events"":34184,""detectors_checked"":77758464}"
      7168,         0,         0,   0.178,exact_mw,bb90ec3459e353008cf9a5bb9142bf1e8515517a9e167021b225104594e48e8a,"{""distance"":5,""physical_error_rate"":0.001}","{""detection_events"":7109,""detectors_checked"":1605632}"
        64,         0,         0,   0.429,exact_mw,7b4896c0e7f0a510554d89637fd747b157418067a95869d1f0661294d473d1dc,"{""distance"":5,""physical_error_rate"":0.02}","{""detection_events"":1129,""detectors_checked"":14336}"
      1024,         0,         0,   0.154,exact_mw,3208f56225bbcac0e2804eb6f92d0a8b681652a702ca1ec920ccd7367f0e0899,"{""distance"":5,""physical_error_rate"":0.002}","{""detection_events"":2047,""detectors_checked"":229376}"
    106496,         0,         0,    1.56,exact_mw,f32ebecd8e105e50ec838d33c5ed9b45444b6b44a3c6ac541111079f2b14e893,"{""distance"":5,""physical_error_rate"":5e-05}","{""detection_events"":5446,""detectors_checked"":23855104}"
    126976,         0,         0,    2.19,exact_mw,70a969f5042aec17ac076c6379f4170fb7c69b8e925756ef3b7334e28a33338b,"{""distance"":5,""physical_error_rate"":0.0001}","{""detection_events"":12315,""detectors_checked"":28442624}"
     18432,         0,         0,    2.99,exact_mw,3208f56225bbcac0e2804eb6f92d0a8b681652a702ca1ec920ccd7367f0e0899,"{""distance"":5,""physical_error_rate"":0.002}","{""detection_events"":36161,""detectors_checked"":4128768}"
     27648,         0,         0,   0.207,exact_mw,cdc4a450a40af8e24899239080e4c40992fb5baf91c5a31ab3a165eacb3a1ab3,"{""distance"":5,""physical_error_rate"":0.0002}","{""detection_events"":5238,""detectors_checked"":6193152}"
      1024,         0,         0,   0.782,exact_mw,3208f56225bbcac0e2804eb6f92d0a8b681652a702ca1ec920ccd7367f0e0899,"{""distance"":5,""physical_error_rate"":0.002}","{""detection_events"":2019,""detectors_checked"":229376}"
     19456,         0,         0,   0.194,exact_mw,cb12ae119b9b2ba18d0216e7235b403229e92fd0743ede48fe7f1a2c6f45d594,"{""distance"":5,""physical_error_rate"":0.0005}","{""detection_events"":9307,""detectors_checked"":4358144}"
       512,         0,         0,   0.567,exact_mw,38b7ae1c4e8407fc325e0d9e43e9f92ff26dcb3f5cf7b98d24ea74c9e5188d39,"{""distance"":5,""physical_error_rate"":0.005}","{""detection_events"":2526,""detectors_checked"":114688}"
      1024,         0,         0,   0.115,exact_mw,3208f56225bbcac0e2804eb6f92d0a8b681652a702ca1ec920ccd7367f0e0899,"{""distance"":5,""physical_error_rate"":0.002}","{""detection_events"":1888,""detectors_checked"":229376}"
     97280,         1,         0,    4.25,exact_mw,bb90ec3459e353008cf9a5bb9142bf1e8515517a9e167021b225104594e48e8a,"{""distance"":5,""physical_error_rate"":0.001}","{""detection_events"":95401,""detectors_checked"":21790720,""obs_mistake_mask=E"":1}"
       128,         0,         0,   0.543,exact_mw,72230d8c06b5a71069df48ede6f7f3e6128cd83e8239dd1b2e5fe023578b6eb1,"{""distance"":5,""physical_error_rate"":0.01}","{""detection_events"":1232,""detectors_checked"":28672}"
     16384,         0,         0,   0.746,exact_mw,f32ebecd8e105e50ec838d33c5ed9b45444b6b44a3c6ac541111079f2b14e893,"{""distance"":5,""physical_error_rate"":5e-05}","{""detection_events"":851,""detectors_checked"":3670016}"
      8192,         0,         0,   0.234,exact_mw,bb90ec3459e353008cf9a5bb9142bf1e8515517a9e167021b225104594e48e8a,"{""distance"":5,""physical_error_rate"":0.001}","{""detection_events"":8204,""detectors_checked"":1835008}"
       128,         1,         0,   0.451,exact_mw,72230d8c06b5a71069df48ede6f7f3e6128cd83e8239dd1b2e5fe023578b6eb1,"{""distance"":5,""physical_error_rate"":0.01}","{""detection_events"":1126,""detectors_checked"":28672,""obs_mistake_mask=E"":1}"
    323584,         0,         0,    4.22,exact_mw,cb12ae119b9b2ba18d0216e7235b403229e92fd0743ede48fe7f1a2c6f45d594,"{""distance"":5,""physical_error_rate"":0.0005}","{""detection_events"":159911,""detectors_checked"":72482816}"
       768,         2,         0,    3.30,exact_mw,72230d8c06b5a71069df48ede6f7f3e6128cd83e8239dd1b2e5fe023578b6eb1,"{""distance"":5,""physical_error_rate"":0.01}","{""detection_events"":6848,""detectors_checked"":172032,""obs_mistake_mask=E"":2}"
        64,         0,         0,   0.438,exact_mw,7b4896c0e7f0a510554d89637fd747b157418067a95869d1f0661294d473d1dc,"{""distance"":5,""physical_error_rate"":0.02}","{""detection_events"":1188,""detectors_checked"":14336}"
      1024,         0,         0,   0.133,exact_mw,3208f56225bbcac0e2804eb6f92d0a8b681652a702ca1ec920ccd7367f0e0899,"{""distance"":5,""physical_error_rate"":0.002}","{""detection_events"":1976,""detectors_checked"":229376}"
     74752,         0,         0,   0.799,exact_mw,f32ebecd8e105e50ec838d33c5ed9b45444b6b44a3c6ac541111079f2b14e893,"{""distance"":5,""physical_error_rate"":5e-05}","{""detection_events"":3677,""detectors_checked"":16744448}"
     39936,         0,         0,   0.289,exact_mw,cdc4a450a40af8e24899239080e4c40992fb5baf91c5a31ab3a165eacb3a1ab3,"{""distance"":5,""physical_error_rate"":0.0002}","{""detection_events"":7948,""detectors_checked"":8945664}"
     29696,         0,         0,   0.275,exact_mw,cb12ae119b9b2ba18d0216e7235b403229e92fd0743ede48fe7f1a2c6f45d594,"{""distance"":5,""physical_error_rate"":0.0005}","{""detection_events"":14772,""detectors_checked"":6651904}"
        64,         1,         0,   0.423,exact_mw,7b4896c0e7f0a510554d89637fd747b157418067a95869d1f0661294d473d1dc,"{""distance"":5,""physical_error_rate"":0.02}","{""detection_events"":1230,""detectors_checked"":14336,""obs_mistake_mask=E"":1}"
      1024,         0,         0,   0.132,exact_mw,3208f56225bbcac0e2804eb6f92d0a8b681652a702ca1ec920ccd7367f0e0899,"{""distance"":5,""physical_error_rate"":0.002}","{""detection_events"":1851,""detectors_checked"":229376}"
       768,         4,         0,    3.08,exact_mw,72230d8c06b5a71069df48ede6f7f3e6128cd83e8239dd1b2e5fe023578b6eb1,"{""distance"":5,""physical_error_rate"":0.01}","{""detection_events"":7334,""detectors_checked"":172032,""obs_mistake_mask=E"":4}"
       512,         1,         0,   0.537,exact_mw,38b7ae1c4e8407fc325e0d9e43e9f92ff26dcb3f5cf7b98d24ea74c9e5188d39,"{""distance"":5,""physical_error_rate"":0.005}","{""detection_events"":2433,""detectors_checked"":114688,""obs_mistake_mask=E"":1}"
     13312,         0,         0,   0.289,exact_mw,bb90ec3459e353008cf9a5bb9142bf1e8515517a9e167021b225104594e48e8a,"{""distance"":5,""physical_error_rate"":0.001}","{""detection_events"":12877,""detectors_checked"":2981888}"
       448,        13,         0,    3.50,exact_mw,7b4896c0e7f0a510554d89637fd747b157418067a95869d1f0661294d473d1dc,"{""distance"":5,""physical_error_rate"":0.02}","{""detection_events"":7905,""detectors_checked"":100352,""obs_mistake_mask=E"":13}"
         1,         0,         0,   0.023,exact_mw,72230d8c06b5a71069df48ede6f7f3e6128cd83e8239dd1b2e5fe023578b6eb1,"{""distance"":5,""physical_error_rate"":0.01}","{""detection_events"":13,""detectors_checked"":224}"
      1024,         0,         0,   0.132,exact_mw,3208f56225bbcac0e2804eb6f92d0a8b681652a702ca1ec920ccd7367f0e0899,"{""distance"":5,""physical_error_rate"":0.002}","{""detection_events"":2050,""detectors_checked"":229376}"
    404480,         0,         0,    4.22,exact_mw,cdc4a450a40af8e24899239080e4c40992fb5baf91c5a31ab3a165eacb3a1ab3,"{""distance"":5,""physical_error_rate"":0.0002}","{""detection_events"":78955,""detectors_checked"":90603520}"
       256,         6,         0,    2.71,exact_mw,7b4896c0e7f0a510554d89637fd747b157418067a95869d1f0661294d473d1dc,"{""distance"":5,""physical_error_rate"":0.02}","{""detection_events"":4666,""detectors_checked"":57344,""obs_mistake_mask=E"":6}"
    246784,         0,         0,    4.26,exact_mw,cb12ae119b9b2ba18d0216e7235b403229e92fd0743ede48fe7f1a2c6f45d594,"{""distance"":5,""physical_error_rate"":0.0005}","{""detection_events"":122045,""detectors_checked"":55279616}"
        64,         3,         0,   0.373,exact_mw,7b4896c0e7f0a510554d89637fd747b157418067a95869d1f0661294d473d1dc,"{""distance"":5,""physical_error_rate"":0.02}","{""detection_events"":1024,""detectors_checked"":14336,""obs_mistake_mask=E"":3}"
        16,         0,         0,   0.084,exact_mw,72230d8c06b5a71069df48ede6f7f3e6128cd83e8239dd1b2e5fe023578b6eb1,"{""distance"":5,""physical_error_rate"":0.01}","{""detection_events"":148,""detectors_checked"":3584}"
     73728,         0,         0,    1.09,exact_mw,cb12ae119b9b2ba18d0216e7235b403229e92fd0743ede48fe7f1a2c6f45d594,"{""distance"":5,""physical_error_rate"":0.0005}","{""detection_events"":36395,""detectors_checked"":16515072}"
    266240,         0,         0,    4.26,exact_mw,cdc4a450a40af8e24899239080e4c40992fb5baf91c5a31ab3a165eacb3a1ab3,"{""distance"":5,""physical_error_rate"":0.0002}","{""detection_events"":52563,""detectors_checked"":59637760}"
     24576,         1,         0,    3.30,exact_mw,3208f56225bbcac0e2804eb6f92d0a8b681652a702ca1ec920ccd7367f0e0899,"{""distance"":5,""physical_error_rate"":0.002}","{""detection_events"":47791,""detectors_checked"":5505024,""obs_mistake_mask=E"":1}"
       128,         0,         0,   0.477,exact_mw,72230d8c06b5a71069df48ede6f7f3e6128cd83e8239dd1b2e5fe023578b6eb1,"{""distance"":5,""physical_error_rate"":0.01}","{""detection_events"":1233,""detectors_checked"":28672}"
      1024,         0,         0,   0.108,exact_mw,3208f56225bbcac0e2804eb6f92d0a8b681652a702ca1ec920ccd7367f0e0899,"{""distance"":5,""physical_error_rate"":0.002}","{""detection_events"":1922,""detectors_checked"":229376}"
       128,         2,         0,   0.455,exact_mw,72230d8c06b5a71069df48ede6f7f3e6128cd83e8239dd1b2e5fe023578b6eb1,"{""distance"":5,""physical_error_rate"":0.01}","{""detection_events"":1182,""detectors_checked"":28672,""obs_mistake_mask=E"":2}"
    247808,         0,         0,    4.30,exact_mw,70a969f5042aec17ac076c6379f4170fb7c69b8e925756ef3b7334e28a33338b,"{""distance"":5,""physical_error_rate"":0.0001}","{""detection_events"":24118,""detectors_checked"":55508992}"
     55296,         0,         0,   0.404,exact_mw,cdc4a450a40af8e24899239080e4c40992fb5baf91c5a31ab3a165eacb3a1ab3,"{""distance"":5,""physical_error_rate"":0.0002}","{""detection_events"":11132,""detectors_checked"":12386304}"
     38912,         0,         0,   0.392,exact_mw,cb12ae119b9b2ba18d0216e7235b403229e92fd0743ede48fe7f1a2c6f45d594,"{""distance"":5,""physical_error_rate"":0.0005}","{""detection_events"":19155,""detectors_checked"":8716288}"
       512,         0,         0,   0.648,exact_mw,38b7ae1c4e8407fc325e0d9e43e9f92ff26dcb3f5cf7b98d24ea74c9e5188d39,"{""distance"":5,""physical_error_rate"":0.005}","{""detection_events"":2339,""detectors_checked"":114688}"
      1024,         0,         0,   0.126,exact_mw,3208f56225bbcac0e2804eb6f92d0a8b681652a702ca1ec920ccd7367f0e0899,"{""distance"":5,""physical_error_rate"":0.002}","{""detection_events"":2088,""detectors_checked"":229376}"
      1024,         0,         0,   0.743,exact_mw,3208f56225bbcac0e2804eb6f92d0a8b681652a702ca1ec920ccd7367f0e0899,"{""distance"":5,""physical_error_rate"":0.002}","{""detection_events"":1891,""detectors_checked"":229376}"
     33792,         8,         0,    4.32,exact_mw,3208f56225bbcac0e2804eb6f92d0a8b681652a702ca1ec920ccd7367f0e0899,"{""distance"":5,""physical_error_rate"":0.002}","{""detection_events"":66594,""detectors_checked"":7569408,""obs_mistake_mask=E"":8}"
       768,         6,         0,    3.15,exact_mw,72230d8c06b5a71069df48ede6f7f3e6128cd83e8239dd1b2e5fe023578b6eb1,"{""distance"":5,""physical_error_rate"":0.01}","{""detection_events"":7475,""detectors_checked"":172032,""obs_mistake_mask=E"":6}"
    114688,         0,         0,    4.40,exact_mw,bb90ec3459e353008cf9a5bb9142bf1e8515517a9e167021b225104594e48e8a,"{""distance"":5,""physical_error_rate"":0.001}","{""detection_events"":112678,""detectors_checked"":25690112}"
    122880,         0,         0,    4.26,exact_mw,bb90ec3459e353008cf9a5bb9142bf1e8515517a9e167021b225104594e48e8a,"{""distance"":5,""physical_error_rate"":0.001}","{""detection_events"":119379,""detectors_checked"":27525120}"
    173056,         0,         0,    4.21,exact_mw,f32ebecd8e105e50ec838d33c5ed9b45444b6b44a3c6ac541111079f2b14e893,"{""distance"":5,""physical_error_rate"":5e-05}","{""detection_events"":8526,""detectors_checked"":38764544}"
        64,         6,         0,   0.448,exact_mw,7b4896c0e7f0a510554d89637fd747b157418067a95869d1f0661294d473d1dc,"{""distance"":5,""physical_error_rate"":0.02}","{""detection_events"":1225,""detectors_checked"":14336,""obs_mistake_mask=E"":6}"
    428032,         0,         0,    4.25,exact_mw,70a969f5042aec17ac076c6379f4170fb7c69b8e925756ef3b7334e28a33338b,"{""distance"":5,""physical_error_rate"":0.0001}","{""detection_events"":42028,""detectors_checked"":95879168}"
     17408,         0,         0,   0.423,exact_mw,bb90ec3459e353008cf9a5bb9142bf1e8515517a9e167021b225104594e48e8a,"{""distance"":5,""physical_error_rate"":0.001}","{""detection_events"":17124,""detectors_checked"":3899392}"
       512,         0,         0,   0.470,exact_mw,38b7ae1c4e8407fc325e0d9e43e9f92ff26dcb3f5cf7b98d24ea74c9e5188d39,"{""distance"":5,""physical_error_rate"":0.005}","{""detection_events"":2361,""detectors_checked"":114688}"
        64,         0,         0,   0.320,exact_mw,72230d8c06b5a71069df48ede6f7f3e6128cd83e8239dd1b2e5fe023578b6eb1,"{""distance"":5,""physical_error_rate"":0.01}","{""detection_events"":468,""detectors_checked"":14336}"
      1024,         0,         0,   0.181,exact_mw,3208f56225bbcac0e2804eb6f92d0a8b681652a702ca1ec920ccd7367f0e0899,"{""distance"":5,""physical_error_rate"":0.002}","{""detection_events"":1996,""detectors_checked"":229376}"
       128,         1,         0,   0.421,exact_mw,72230d8c06b5a71069df48ede6f7f3e6128cd83e8239dd1b2e5fe023578b6eb1,"{""distance"":5,""physical_error_rate"":0.01}","{""detection_events"":1191,""detectors_checked"":28672,""obs_mistake_mask=E"":1}"
      1536,         3,         0,    1.77,exact_mw,38b7ae1c4e8407fc325e0d9e43e9f92ff26dcb3f5cf7b98d24ea74c9e5188d39,"{""distance"":5,""physical_error_rate"":0.005}","{""detection_events"":7663,""detectors_checked"":344064,""obs_mistake_mask=E"":3}"
       128,         0,         0,   0.531,exact_mw,72230d8c06b5a71069df48ede6f7f3e6128cd83e8239dd1b2e5fe023578b6eb1,"{""distance"":5,""physical_error_rate"":0.01}","{""detection_events"":1130,""detectors_checked"":28672}"
    162816,         0,         0,    4.22,exact_mw,cb12ae119b9b2ba18d0216e7235b403229e92fd0743ede48fe7f1a2c6f45d594,"{""distance"":5,""physical_error_rate"":0.0005}","{""detection_events"":80014,""detectors_checked"":36470784}"
        64,         0,         0,   0.329,exact_mw,72230d8c06b5a71069df48ede6f7f3e6128cd83e8239dd1b2e5fe023578b6eb1,"{""distance"":5,""physical_error_rate"":0.01}","{""detection_events"":614,""detectors_checked"":14336}"
    129024,         0,         0,    1.10,exact_mw,f32ebecd8e105e50ec838d33c5ed9b45444b6b44a3c6ac541111079f2b14e893,"{""distance"":5,""physical_error_rate"":5e-05}","{""detection_events"":6316,""detectors_checked"":28901376}"
        64,         3,         0,   0.448,exact_mw,7b4896c0e7f0a510554d89637fd747b157418067a95869d1f0661294d473d1dc,"{""distance"":5,""physical_error_rate"":0.02}","{""detection_events"":1073,""detectors_checked"":14336,""obs_mistake_mask=E"":3}"
      2048,         0,         0,   0.326,exact_mw,3208f56225bbcac0e2804eb6f92d0a8b681652a702ca1ec920ccd7367f0e0899,"{""distance"":5,""physical_error_rate"":0.002}","{""detection_events"":3939,""detectors_checked"":458752}"
     77824,         0,         0,   0.553,exact_mw,cdc4a450a40af8e24899239080e4c40992fb5baf91c5a31ab3a165eacb3a1ab3,"{""distance"":5,""physical_error_rate"":0.0002}","{""detection_events"":15087,""detectors_checked"":17432576}"
      2560,         1,         0,    3.34,exact_mw,38b7ae1c4e8407fc325e0d9e43e9f92ff26dcb3f5cf7b98d24ea74c9e5188d39,"{""distance"":5,""physical_error_rate"":0.005}","{""detection_events"":12014,""detectors_checked"":573440,""obs_mistake_mask=E"":1}"
     58368,         0,         0,   0.566,exact_mw,cb12ae119b9b2ba18d0216e7235b403229e92fd0743ede48fe7f1a2c6f45d594,"{""distance"":5,""physical_error_rate"":0.0005}","{""detection_events"":28015,""detectors_checked"":13074432}"
      3072,         0,         0,   0.542,exact_mw,3208f56225bbcac0e2804eb6f92d0a8b681652a702ca1ec920ccd7367f0e0899,"{""distance"":5,""physical_error_rate"":0.002}","{""detection_events"":5956,""detectors_checked"":688128}"
     57344,         1,         0,    1.56,exact_mw,bb90ec3459e353008cf9a5bb9142bf1e8515517a9e167021b225104594e48e8a,"{""distance"":5,""physical_error_rate"":0.001}","{""detection_events"":56080,""detectors_checked"":12845056,""obs_mistake_mask=E"":1}"
      1024,         4,         0,    3.52,exact_mw,72230d8c06b5a71069df48ede6f7f3e6128cd83e8239dd1b2e5fe023578b6eb1,"{""distance"":5,""physical_error_rate"":0.01}","{""detection_events"":9538,""detectors_checked"":229376,""obs_mistake_mask=E"":4}"
       512,         0,         0,   0.607,exact_mw,38b7ae1c4e8407fc325e0d9e43e9f92ff26dcb3f5cf7b98d24ea74c9e5188d39,"{""distance"":5,""physical_error_rate"":0.005}","{""detection_events"":2579,""detectors_checked"":114688}"
       128,         3,         0,   0.800,exact_mw,7b4896c0e7f0a510554d89637fd747b157418067a95869d1f0661294d473d1dc,"{""distance"":5,""physical_error_rate"":0.02}","{""detection_events"":2186,""detectors_checked"":28672,""obs_mistake_mask=E"":3}"
    101376,         0,         0,    1.11,exact_mw,f32ebecd8e105e50ec838d33c5ed9b45444b6b44a3c6ac541111079f2b14e893,"{""distance"":5,""physical_error_rate"":5e-05}","{""detection_events"":4881,""detectors_checked"":22708224}"
     22528,         0,         0,   0.572,exact_mw,bb90ec3459e353008cf9a5bb9142bf1e8515517a9e167021b225104594e48e8a,"{""distance"":5,""physical_error_rate"":0.001}","{""detection_events"":22098,""detectors_checked"":5046272}"
       512,         0,         0,   0.575,exact_mw,38b7ae1c4e8407fc325e0d9e43e9f92ff26dcb3f5cf7b98d24ea74c9e5188d39,"{""distance"":5,""physical_error_rate"":0.005}","{""detection_events"":2371,""detectors_checked"":114688}"
        64,         1,         0,   0.241,exact_mw,72230d8c06b5a71069df48ede6f7f3e6128cd83e8239dd1b2e5fe023578b6eb1,"{""distance"":5,""physical_error_rate"":0.01}","{""detection_events"":597,""detectors_checked"":14336,""obs_mistake_mask=E"":1}"
       128,         0,         0,   0.416,exact_mw,72230d8c06b5a71069df48ede6f7f3e6128cd83e8239dd1b2e5fe023578b6eb1,"{""distance"":5,""physical_error_rate"":0.01}","{""detection_events"":1076,""detectors_checked"":28672}"
      3072,         3,         0,    3.59,exact_mw,38b7ae1c4e8407fc325e0d9e43e9f92ff26dcb3f5cf7b98d24ea74c9e5188d39,"{""distance"":5,""physical_error_rate"":0.005}","{""detection_events"":14991,""detectors_checked"":688128,""obs_mistake_mask=E"":3}"
       128,         2,         0,   0.543,exact_mw,72230d8c06b5a71069df48ede6f7f3e6128cd83e8239dd1b2e5fe023578b6eb1,"{""distance"":5,""physical_error_rate"":0.01}","{""detection_events"":1233,""detectors_checked"":28672,""obs_mistake_mask=E"":2}"
      2048,         0,         0,   0.409,exact_mw,3208f56225bbcac0e2804eb6f92d0a8b681652a702ca1ec920ccd7367f0e0899,"{""distance"":5,""physical_error_rate"":0.002}","{""detection_events"":4081,""detectors_checked"":458752}"
        64,         5,         0,   0.443,exact_mw,7b4896c0e7f0a510554d89637fd747b157418067a95869d1f0661294d473d1dc,"{""distance"":5,""physical_error_rate"":0.02}","{""detection_events"":1188,""detectors_checked"":14336,""obs_mistake_mask=E"":5}"
    292864,         0,         0,    2.17,exact_mw,70a969f5042aec17ac076c6379f4170fb7c69b8e925756ef3b7334e28a33338b,"{""distance"":5,""physical_error_rate"":0.0001}","{""detection_events"":29138,""detectors_checked"":65601536}"
    466944,         0,         0,    4.20,exact_mw,cdc4a450a40af8e24899239080e4c40992fb5baf91c5a31ab3a165eacb3a1ab3,"{""distance"":5,""physical_error_rate"":0.0002}","{""detection_events"":92456,""detectors_checked"":104595456}"
      4096,         0,         0,   0.597,exact_mw,3208f56225bbcac0e2804eb6f92d0a8b681652a702ca1ec920ccd7367f0e0899,"{""distance"":5,""physical_error_rate"":0.002}","{""detection_events"":7971,""detectors_checked"":917504}"
     28672,         0,         0,    4.31,exact_mw,3208f56225bbcac0e2804eb6f92d0a8b681652a702ca1ec920ccd7367f0e0899,"{""distance"":5,""physical_error_rate"":0.002}","{""detection_events"":55640,""detectors_checked"":6422528}"
       512,         1,         0,   0.561,exact_mw,38b7ae1c4e8407fc325e0d9e43e9f92ff26dcb3f5cf7b98d24ea74c9e5188d39,"{""distance"":5,""physical_error_rate"":0.005}","{""detection_events"":2607,""detectors_checked"":114688,""obs_mistake_mask=E"":1}"
       512,         6,         0,    2.46,exact_mw,72230d8c06b5a71069df48ede6f7f3e6128cd83e8239dd1b2e5fe023578b6eb1,"{""distance"":5,""physical_error_rate"":0.01}","{""detection_events"":4858,""detectors_checked"":114688,""obs_mistake_mask=E"":6}"
       128,         0,         0,   0.486,exact_mw,72230d8c06b5a71069df48ede6f7f3e6128cd83e8239dd1b2e5fe023578b6eb1,"{""distance"":5,""physical_error_rate"":0.01}","{""detection_events"":1210,""detectors_checked"":28672}"
       512,         0,         0,   0.513,exact_mw,38b7ae1c4e8407fc325e0d9e43e9f92ff26dcb3f5cf7b98d24ea74c9e5188d39,"{""distance"":5,""physical_error_rate"":0.005}","{""detection_events"":2411,""detectors_checked"":114688}"
    107520,         0,         0,   0.805,exact_mw,cdc4a450a40af8e24899239080e4c40992fb5baf91c5a31ab3a165eacb3a1ab3,"{""distance"":5,""physical_error_rate"":0.0002}","{""detection_events"":20918,""detectors_checked"":24084480}"
       128,         1,         0,   0.542,exact_mw,72230d8c06b5a71069df48ede6f7f3e6128cd83e8239dd1b2e5fe023578b6eb1,"{""distance"":5,""physical_error_rate"":0.01}","{""detection_events"":1254,""detectors_checked"":28672,""obs_mistake_mask=E"":1}"
     80896,         0,         0,   0.792,exact_mw,cb12ae119b9b2ba18d0216e7235b403229e92fd0743ede48fe7f1a2c6f45d594,"{""distance"":5,""physical_error_rate"":0.0005}","{""detection_events"":39566,""detectors_checked"":18120704}"
      2048,         0,         0,   0.434,exact_mw,3208f56225bbcac0e2804eb6f92d0a8b681652a702ca1ec920ccd7367f0e0899,"{""distance"":5,""physical_error_rate"":0.002}","{""detection_events"":4002,""detectors_checked"":458752}"
    108544,         0,         0,    1.56,exact_mw,cb12ae119b9b2ba18d0216e7235b403229e92fd0743ede48fe7f1a2c6f45d594,"{""distance"":5,""physical_error_rate"":0.0005}","{""detection_events"":53269,""detectors_checked"":24313856}"
     39936,         0,         0,    2.18,exact_mw,f32ebecd8e105e50ec838d33c5ed9b45444b6b44a3c6ac541111079f2b14e893,"{""distance"":5,""physical_error_rate"":5e-05}","{""detection_events"":1902,""detectors_checked"":8945664}"
      3072,         7,         0,    3.37,exact_mw,38b7ae1c4e8407fc325e0d9e43e9f92ff26dcb3f5cf7b98d24ea74c9e5188d39,"{""distance"":5,""physical_error_rate"":0.005}","{""detection_events"":14708,""detectors_checked"":688128,""obs_mistake_mask=E"":7}"
       128,         2,         0,   0.579,exact_mw,72230d8c06b5a71069df48ede6f7f3e6128cd83e8239dd1b2e5fe023578b6eb1,"{""distance"":5,""physical_error_rate"":0.01}","{""detection_events"":1239,""detectors_checked"":28672,""obs_mistake_mask=E"":2}"
       128,         4,         0,   0.809,exact_mw,7b4896c0e7f0a510554d89637fd747b157418067a95869d1f0661294d473d1dc,"{""distance"":5,""physical_error_rate"":0.02}","{""detection_events"":2211,""detectors_checked"":28672,""obs_mistake_mask=E"":4}"
     33792,         0,         0,   0.809,exact_mw,bb90ec3459e353008cf9a5bb9142bf1e8515517a9e167021b225104594e48e8a,"{""distance"":5,""physical_error_rate"":0.001}","{""detection_events"":32714,""detectors_checked"":7569408}"
       128,         0,         0,   0.396,exact_mw,72230d8c06b5a71069df48ede6f7f3e6128cd83e8239dd1b2e5fe023578b6eb1,"{""distance"":5,""physical_error_rate"":0.01}","{""detection_events"":1178,""detectors_checked"":28672}"
       512,         0,         0,   0.497,exact_mw,38b7ae1c4e8407fc325e0d9e43e9f92ff26dcb3f5cf7b98d24ea74c9e5188d39,"{""distance"":5,""physical_error_rate"":0.005}","{""detection_events"":2369,""detectors_checked"":114688}"
       512,         1,         0,   0.547,exact_mw,38b7ae1c4e8407fc325e0d9e43e9f92ff26dcb3f5cf7b98d24ea74c9e5188d39,"{""distance"":5,""physical_error_rate"":0.005}","{""detection_events"":2456,""detectors_checked"":114688,""obs_mistake_mask=E"":1}"
       128,         3,         0,   0.868,exact_mw,7b4896c0e7f0a510554d89637fd747b157418067a95869d1f0661294d473d1dc,"{""distance"":5,""physical_error_rate"":0.02}","{""detection_events"":2312,""detectors_checked"":28672,""obs_mistake_mask=E"":3}"
       128,         0,         0,   0.428,exact_mw,72230d8c06b5a71069df48ede6f7f3e6128cd83e8239dd1b2e5fe023578b6eb1,"{""distance"":5,""physical_error_rate"":0.01}","{""detection_events"":1171,""detectors_checked"":28672}"
    167936,         1,         0,    4.23,exact_mw,bb90ec3459e353008cf9a5bb9142bf1e8515517a9e167021b225104594e48e8a,"{""distance"":5,""physical_error_rate"":0.001}","{""detection_events"":164413,""detectors_checked"":37617664,""obs_mistake_mask=E"":1}"
      6144,         0,         0,   0.804,exact_mw,3208f56225bbcac0e2804eb6f92d0a8b681652a702ca1ec920ccd7367f0e0899,"{""distance"":5,""physical_error_rate"":0.002}","{""detection_events"":11911,""detectors_checked"":1376256}"
      3072,         0,         0,   0.599,exact_mw,3208f56225bbcac0e2804eb6f92d0a8b681652a702ca1ec920ccd7367f0e0899,"{""distance"":5,""physical_error_rate"":0.002}","{""detection_events"":6044,""detectors_checked"":688128}"
       128,         2,         0,   0.439,exact_mw,72230d8c06b5a71069df48ede6f7f3e6128cd83e8239dd1b2e5fe023578b6eb1,"{""distance"":5,""physical_error_rate"":0.01}","{""detection_events"":1155,""detectors_checked"":28672,""obs_mistake_mask=E"":2}"
     47104,         0,         0,    1.56,exact_mw,f32ebecd8e105e50ec838d33c5ed9b45444b6b44a3c6ac541111079f2b14e893,"{""distance"":5,""physical_error_rate"":5e-05}","{""detection_events"":2327,""detectors_checked"":10551296}"
    142336,         0,         0,    1.56,exact_mw,f32ebecd8e105e50ec838d33c5ed9b45444b6b44a3c6ac541111079f2b14e893,"{""distance"":5,""physical_error_rate"":5e-05}","{""detection_events"":6928,""detectors_checked"":31883264}"
        64,         0,         0,    3.22,exact_mw,7b4896c0e7f0a510554d89637fd747b157418067a95869d1f0661294d473d1dc,"{""distance"":5,""physical_error_rate"":0.02}","{""detection_events"":1113,""detectors_checked"":14336}"
       128,         0,         0,   0.820,exact_mw,7b4896c0e7f0a510554d89637fd747b157418067a95869d1f0661294d473d1dc,"{""distance"":5,""physical_error_rate"":0.02}","{""detection_events"":2141,""detectors_checked"":28672}"
       128,         1,         0,   0.436,exact_mw,72230d8c06b5a71069df48ede6f7f3e6128cd83e8239dd1b2e5fe023578b6eb1,"{""distance"":5,""physical_error_rate"":0.01}","{""detection_events"":1128,""detectors_checked"":28672,""obs_mistake_mask=E"":1}"
       512,         0,         0,   0.598,exact_mw,38b7ae1c4e8407fc325e0d9e43e9f92ff26dcb3f5cf7b98d24ea74c9e5188d39,"{""distance"":5,""physical_error_rate"":0.005}","{""detection_events"":2627,""detectors_checked"":114688}"
     56320,         0,         0,    3.10,exact_mw,70a969f5042aec17ac076c6379f4170fb7c69b8e925756ef3b7334e28a33338b,"{""distance"":5,""physical_error_rate"":0.0001}","{""detection_events"":5503,""detectors_checked"":12615680}"
       256,         2,         0,   0.976,exact_mw,72230d8c06b5a71069df48ede6f7f3e6128cd83e8239dd1b2e5fe023578b6eb1,"{""distance"":5,""physical_error_rate"":0.01}","{""detection_events"":2427,""detectors_checked"":57344,""obs_mistake_mask=E"":2}"
       512,         0,         0,   0.659,exact_mw,38b7ae1c4e8407fc325e0d9e43e9f92ff26dcb3f5cf7b98d24ea74c9e5188d39,"{""distance"":5,""physical_error_rate"":0.005}","{""detection_events"":2561,""detectors_checked"":114688}"
    150528,         0,         0,    1.11,exact_mw,cdc4a450a40af8e24899239080e4c40992fb5baf91c5a31ab3a165eacb3a1ab3,"{""distance"":5,""physical_error_rate"":0.0002}","{""detection_events"":29588,""detectors_checked"":33718272}"
       512,        10,         0,    3.47,exact_mw,7b4896c0e7f0a510554d89637fd747b157418067a95869d1f0661294d473d1dc,"{""distance"":5,""physical_error_rate"":0.02}","{""detection_events"":8987,""detectors_checked"":114688,""obs_mistake_mask=E"":10}"
    111616,         1,         0,    1.07,exact_mw,cb12ae119b9b2ba18d0216e7235b403229e92fd0743ede48fe7f1a2c6f45d594,"{""distance"":5,""physical_error_rate"":0.0005}","{""detection_events"":54215,""detectors_checked"":25001984,""obs_mistake_mask=E"":1}"
       128,         1,         0,   0.476,exact_mw,72230d8c06b5a71069df48ede6f7f3e6128cd83e8239dd1b2e5fe023578b6eb1,"{""distance"":5,""physical_error_rate"":0.01}","{""detection_events"":1095,""detectors_checked"":28672,""obs_mistake_mask=E"":1}"
     43008,         1,         0,    1.09,exact_mw,bb90ec3459e353008cf9a5bb9142bf1e8515517a9e167021b225104594e48e8a,"{""distance"":5,""physical_error_rate"":0.001}","{""detection_events"":42065,""detectors_checked"":9633792,""obs_mistake_mask=E"":1}"
       128,         5,         0,   0.886,exact_mw,7b4896c0e7f0a510554d89637fd747b157418067a95869d1f0661294d473d1dc,"{""distance"":5,""physical_error_rate"":0.02}","{""detection_events"":2312,""detectors_checked"":28672,""obs_mistake_mask=E"":5}"
       128,         1,         0,   0.459,exact_mw,72230d8c06b5a71069df48ede6f7f3e6128cd83e8239dd1b2e5fe023578b6eb1,"{""distance"":5,""physical_error_rate"":0.01}","{""detection_events"":1288,""detectors_checked"":28672,""obs_mistake_mask=E"":1}"
     86016,         0,         0,    2.19,exact_mw,bb90ec3459e353008cf9a5bb9142bf1e8515517a9e167021b225104594e48e8a,"{""distance"":5,""physical_error_rate"":0.001}","{""detection_events"":83506,""detectors_checked"":19267584}"
      4096,         1,         0,   0.892,exact_mw,3208f56225bbcac0e2804eb6f92d0a8b681652a702ca1ec920ccd7367f0e0899,"{""distance"":5,""physical_error_rate"":0.002}","{""detection_events"":8103,""detectors_checked"":917504,""obs_mistake_mask=E"":1}"
       512,         2,         0,   0.572,exact_mw,38b7ae1c4e8407fc325e0d9e43e9f92ff26dcb3f5cf7b98d24ea74c9e5188d39,"{""distance"":5,""physical_error_rate"":0.005}","{""detection_events"":2520,""detectors_checked"":114688,""obs_mistake_mask=E"":2}"
       448,        16,         0,    3.11,exact_mw,7b4896c0e7f0a510554d89637fd747b157418067a95869d1f0661294d473d1dc,"{""distance"":5,""physical_error_rate"":0.02}","{""detection_events"":7738,""detectors_checked"":100352,""obs_mistake_mask=E"":16}"
       640,        28,         0,    4.56,exact_mw,7b4896c0e7f0a510554d89637fd747b157418067a95869d1f0661294d473d1dc,"{""distance"":5,""physical_error_rate"":0.02}","{""detection_events"":11611,""detectors_checked"":143360,""obs_mistake_mask=E"":28}"
       512,         1,         0,   0.549,exact_mw,38b7ae1c4e8407fc325e0d9e43e9f92ff26dcb3f5cf7b98d24ea74c9e5188d39,"{""distance"":5,""physical_error_rate"":0.005}","{""detection_events"":2321,""detectors_checked"":114688,""obs_mistake_mask=E"":1}"
       128,         0,         0,   0.420,exact_mw,72230d8c06b5a71069df48ede6f7f3e6128cd83e8239dd1b2e5fe023578b6eb1,"{""distance"":5,""physical_error_rate"":0.01}","{""detection_events"":1220,""detectors_checked"":28672}"
      2048,         0,         0,    5.46,exact_mw,38b7ae1c4e8407fc325e0d9e43e9f92ff26dcb3f5cf7b98d24ea74c9e5188d39,"{""distance"":5,""physical_error_rate"":0.005}","{""detection_events"":9873,""detectors_checked"":458752}"
      1297,         0,         0,   0.066,exact_mw,cdc4a450a40af8e24899239080e4c40992fb5baf91c5a31ab3a165eacb3a1ab3,"{""distance"":5,""physical_error_rate"":0.0002}","{""detection_events"":271,""detectors_checked"":290528}"
      2560,         4,         0,    2.75,exact_mw,38b7ae1c4e8407fc325e0d9e43e9f92ff26dcb3f5cf7b98d24ea74c9e5188d39,"{""distance"":5,""physical_error_rate"":0.005}","{""detection_events"":12104,""detectors_checked"":573440,""obs_mistake_mask=E"":4}"
      1024,         0,         0,   0.060,exact_mw,cdc4a450a40af8e24899239080e4c40992fb5baf91c5a31ab3a165eacb3a1ab3,"{""distance"":5,""physical_error_rate"":0.0002}","{""detection_events"":184,""detectors_checked"":229376}"
      9216,         1,         0,    1.21,exact_mw,3208f56225bbcac0e2804eb6f92d0a8b681652a702ca1ec920ccd7367f0e0899,"{""distance"":5,""physical_error_rate"":0.002}","{""detection_events"":18141,""detectors_checked"":2064384,""obs_mistake_mask=E"":1}"
      1024,         0,         0,   0.068,exact_mw,cdc4a450a40af8e24899239080e4c40992fb5baf91c5a31ab3a165eacb3a1ab3,"{""distance"":5,""physical_error_rate"":0.0002}","{""detection_events"":193,""detectors_checked"":229376}"
       128,         0,         0,   0.421,exact_mw,72230d8c06b5a71069df48ede6f7f3e6128cd83e8239dd1b2e5fe023578b6eb1,"{""distance"":5,""physical_error_rate"":0.01}","{""detection_events"":1163,""detectors_checked"":28672}"
      1024,         0,         0,   0.064,exact_mw,cdc4a450a40af8e24899239080e4c40992fb5baf91c5a31ab3a165eacb3a1ab3,"{""distance"":5,""physical_error_rate"":0.0002}","{""detection_events"":190,""detectors_checked"":229376}"
      1024,         0,         0,   0.064,exact_mw,cdc4a450a40af8e24899239080e4c40992fb5baf91c5a31ab3a165eacb3a1ab3,"{""distance"":5,""physical_error_rate"":0.0002}","{""detection_events"":253,""detectors_checked"":229376}"
       256,         2,         0,   0.999,exact_mw,72230d8c06b5a71069df48ede6f7f3e6128cd83e8239dd1b2e5fe023578b6eb1,"{""distance"":5,""physical_error_rate"":0.01}","{""detection_events"":2463,""detectors_checked"":57344,""obs_mistake_mask=E"":2}"
      1024,         0,         0,   0.064,exact_mw,cdc4a450a40af8e24899239080e4c40992fb5baf91c5a31ab3a165eacb3a1ab3,"{""distance"":5,""physical_error_rate"":0.0002}","{""detection_events"":211,""detectors_checked"":229376}"
       128,         1,         0,   0.458,exact_mw,72230d8c06b5a71069df48ede6f7f3e6128cd83e8239dd1b2e5fe023578b6eb1,"{""distance"":5,""physical_error_rate"":0.01}","{""detection_events"":1211,""detectors_checked"":28672,""obs_mistake_mask=E"":1}"
       512,         0,         0,   0.510,exact_mw,38b7ae1c4e8407fc325e0d9e43e9f92ff26dcb3f5cf7b98d24ea74c9e5188d39,"{""distance"":5,""physical_error_rate"":0.005}","{""detection_events"":2451,""detectors_checked"":114688}"
       192,         5,         0,    1.24,exact_mw,7b4896c0e7f0a510554d89637fd747b157418067a95869d1f0661294d473d1dc,"{""distance"":5,""physical_error_rate"":0.02}","{""detection_events"":3357,""detectors_checked"":43008,""obs_mistake_mask=E"":5}"
      2048,         0,         0,   0.128,exact_mw,cdc4a450a40af8e24899239080e4c40992fb5baf91c5a31ab3a165eacb3a1ab3,"{""distance"":5,""physical_error_rate"":0.0002}","{""detection_events"":387,""detectors_checked"":458752}"
    149504,         0,         0,    2.19,exact_mw,cb12ae119b9b2ba18d0216e7235b403229e92fd0743ede48fe7f1a2c6f45d594,"{""distance"":5,""physical_error_rate"":0.0005}","{""detection_events"":73275,""detectors_checked"":33488896}"
     10240,         0,         0,   0.111,exact_mw,cdc4a450a40af8e24899239080e4c40992fb5baf91c5a31ab3a165eacb3a1ab3,"{""distance"":5,""physical_error_rate"":0.0002}","{""detection_events"":2199,""detectors_checked"":2293760}"
       128,         0,         0,   0.452,exact_mw,72230d8c06b5a71069df48ede6f7f3e6128cd83e8239dd1b2e5fe023578b6eb1,"{""distance"":5,""physical_error_rate"":0.01}","{""detection_events"":1116,""detectors_checked"":28672}"
    233472,         1,         0,    5.97,exact_mw,bb90ec3459e353008cf9a5bb9142bf1e8515517a9e167021b225104594e48e8a,"{""distance"":5,""physical_error_rate"":0.001}","{""detection_events"":227742,""detectors_checked"":52297728,""obs_mistake_mask=E"":1}"
     14336,         2,         0,    4.42,exact_mw,3208f56225bbcac0e2804eb6f92d0a8b681652a702ca1ec920ccd7367f0e0899,"{""distance"":5,""physical_error_rate"":0.002}","{""detection_events"":27677,""detectors_checked"":3211264,""obs_mistake_mask=E"":2}"
     13312,         0,         0,   0.153,exact_mw,cdc4a450a40af8e24899239080e4c40992fb5baf91c5a31ab3a165eacb3a1ab3,"{""distance"":5,""physical_error_rate"":0.0002}","{""detection_events"":2543,""detectors_checked"":2981888}"
   1405952,         0,         0,    5.92,exact_mw,cdc4a450a40af8e24899239080e4c40992fb5baf91c5a31ab3a165eacb3a1ab3,"{""distance"":5,""physical_error_rate"":0.0002}","{""detection_events"":277178,""detectors_checked"":314933248}"
   1401856,         0,         0,    5.93,exact_mw,70a969f5042aec17ac076c6379f4170fb7c69b8e925756ef3b7334e28a33338b,"{""distance"":5,""physical_error_rate"":0.0001}","{""detection_events"":137976,""detectors_checked"":314015744}"
       128,         1,         0,   0.438,exact_mw,72230d8c06b5a71069df48ede6f7f3e6128cd83e8239dd1b2e5fe023578b6eb1,"{""distance"":5,""physical_error_rate"":0.01}","{""detection_events"":1215,""detectors_checked"":28672,""obs_mistake_mask=E"":1}"
    207872,         0,         0,    1.55,exact_mw,cdc4a450a40af8e24899239080e4c40992fb5baf91c5a31ab3a165eacb3a1ab3,"{""distance"":5,""physical_error_rate"":0.0002}","{""detection_events"":40923,""detectors_checked"":46563328}"
     19456,         0,         0,   0.217,exact_mw,cdc4a450a40af8e24899239080e4c40992fb5baf91c5a31ab3a165eacb3a1ab3,"{""distance"":5,""physical_error_rate"":0.0002}","{""detection_events"":3816,""detectors_checked"":4358144}"
    411648,         0,         0,    3.01,exact_mw,70a969f5042aec17ac076c6379f4170fb7c69b8e925756ef3b7334e28a33338b,"{""distance"":5,""physical_error_rate"":0.0001}","{""detection_events"":40115,""detectors_checked"":92209152}"
    154624,         0,         0,    1.55,exact_mw,cb12ae119b9b2ba18d0216e7235b403229e92fd0743ede48fe7f1a2c6f45d594,"{""distance"":5,""physical_error_rate"":0.0005}","{""detection_events"":76482,""detectors_checked"":34635776}"
       192,         6,         0,    1.32,exact_mw,7b4896c0e7f0a510554d89637fd747b157418067a95869d1f0661294d473d1dc,"{""distance"":5,""physical_error_rate"":0.02}","{""detection_events"":3228,""detectors_checked"":43008,""obs_mistake_mask=E"":6}"
       128,         3,         0,   0.407,exact_mw,72230d8c06b5a71069df48ede6f7f3e6128cd83e8239dd1b2e5fe023578b6eb1,"{""distance"":5,""physical_error_rate"":0.01}","{""detection_events"":1198,""detectors_checked"":28672,""obs_mistake_mask=E"":3}"
       512,         0,         0,   0.607,exact_mw,38b7ae1c4e8407fc325e0d9e43e9f92ff26dcb3f5cf7b98d24ea74c9e5188d39,"{""distance"":5,""physical_error_rate"":0.005}","{""detection_events"":2441,""detectors_checked"":114688}"
      1280,        10,         0,    4.45,exact_mw,72230d8c06b5a71069df48ede6f7f3e6128cd83e8239dd1b2e5fe023578b6eb1,"{""distance"":5,""physical_error_rate"":0.01}","{""detection_events"":12033,""detectors_checked"":286720,""obs_mistake_mask=E"":10}"
    695296,         1,         0,    5.94,exact_mw,cb12ae119b9b2ba18d0216e7235b403229e92fd0743ede48fe7f1a2c6f45d594,"{""distance"":5,""physical_error_rate"":0.0005}","{""detection_events"":341834,""detectors_checked"":155746304,""obs_mistake_mask=E"":1}"
      1024,         1,         0,    1.25,exact_mw,38b7ae1c4e8407fc325e0d9e43e9f92ff26dcb3f5cf7b98d24ea74c9e5188d39,"{""distance"":5,""physical_error_rate"":0.005}","{""detection_events"":4857,""detectors_checked"":229376,""obs_mistake_mask=E"":1}"
      1280,         7,         0,    4.69,exact_mw,72230d8c06b5a71069df48ede6f7f3e6128cd83e8239dd1b2e5fe023578b6eb1,"{""distance"":5,""physical_error_rate"":0.01}","{""detection_events"":12018,""detectors_checked"":286720,""obs_mistake_mask=E"":7}"
      7168,         0,         0,    1.27,exact_mw,3208f56225bbcac0e2804eb6f92d0a8b681652a702ca1ec920ccd7367f0e0899,"{""distance"":5,""physical_error_rate"":0.002}","{""detection_events"":13870,""detectors_checked"":1605632}"
     63488,         0,         0,    1.55,exact_mw,bb90ec3459e353008cf9a5bb9142bf1e8515517a9e167021b225104594e48e8a,"{""distance"":5,""physical_error_rate"":0.001}","{""detection_events"":61948,""detectors_checked"":14221312}"
    291840,         0,         0,    2.15,exact_mw,f32ebecd8e105e50ec838d33c5ed9b45444b6b44a3c6ac541111079f2b14e893,"{""distance"":5,""physical_error_rate"":5e-05}","{""detection_events"":14385,""detectors_checked"":65372160}"
   1021952,         0,         0,    5.93,exact_mw,f32ebecd8e105e50ec838d33c5ed9b45444b6b44a3c6ac541111079f2b14e893,"{""distance"":5,""physical_error_rate"":5e-05}","{""detection_events"":50210,""detectors_checked"":228917248}"
     24576,         0,         0,   0.295,exact_mw,cdc4a450a40af8e24899239080e4c40992fb5baf91c5a31ab3a165eacb3a1ab3,"{""distance"":5,""physical_error_rate"":0.0002}","{""detection_events"":4994,""detectors_checked"":5505024}"
       704,        18,         0,    4.62,exact_mw,7b4896c0e7f0a510554d89637fd747b157418067a95869d1f0661294d473d1dc,"{""distance"":5,""physical_error_rate"":0.02}","{""detection_events"":12350,""detectors_checked"":157696,""obs_mistake_mask=E"":18}"
    191488,         0,         0,    2.14,exact_mw,f32ebecd8e105e50ec838d33c5ed9b45444b6b44a3c6ac541111079f2b14e893,"{""distance"":5,""physical_error_rate"":5e-05}","{""detection_events"":9376,""detectors_checked"":42893312}"
    307200,         0,         0,    3.01,exact_mw,f32ebecd8e105e50ec838d33c5ed9b45444b6b44a3c6ac541111079f2b14e893,"{""distance"":5,""physical_error_rate"":5e-05}","{""detection_events"":15419,""detectors_checked"":68812800}"
       896,        10,         0,    3.30,exact_mw,72230d8c06b5a71069df48ede6f7f3e6128cd83e8239dd1b2e5fe023578b6eb1,"{""distance"":5,""physical_error_rate"":0.01}","{""detection_events"":8187,""detectors_checked"":200704,""obs_mistake_mask=E"":10}"
     70656,         3,         0,    5.98,exact_mw,3208f56225bbcac0e2804eb6f92d0a8b681652a702ca1ec920ccd7367f0e0899,"{""distance"":5,""physical_error_rate"":0.002}","{""detection_events"":136302,""detectors_checked"":15826944,""obs_mistake_mask=E"":3}"
      1280,        13,         0,    4.64,exact_mw,72230d8c06b5a71069df48ede6f7f3e6128cd83e8239dd1b2e5fe023578b6eb1,"{""distance"":5,""physical_error_rate"":0.01}","{""detection_events"":12139,""detectors_checked"":286720,""obs_mistake_mask=E"":13}"
     53248,         0,         0,   0.409,exact_mw,cdc4a450a40af8e24899239080e4c40992fb5baf91c5a31ab3a165eacb3a1ab3,"{""distance"":5,""physical_error_rate"":0.0002}","{""detection_events"":10316,""detectors_checked"":11927552}"
    578560,         1,         0,    5.91,exact_mw,cb12ae119b9b2ba18d0216e7235b403229e92fd0743ede48fe7f1a2c6f45d594,"{""distance"":5,""physical_error_rate"":0.0005}","{""detection_events"":285828,""detectors_checked"":129597440,""obs_mistake_mask=E"":1}"
       512,         1,         0,   0.661,exact_mw,38b7ae1c4e8407fc325e0d9e43e9f92ff26dcb3f5cf7b98d24ea74c9e5188d39,"{""distance"":5,""physical_error_rate"":0.005}","{""detection_events"":2549,""detectors_checked"":114688,""obs_mistake_mask=E"":1}"
     12288,         4,         0,    1.59,exact_mw,3208f56225bbcac0e2804eb6f92d0a8b681652a702ca1ec920ccd7367f0e0899,"{""distance"":5,""physical_error_rate"":0.002}","{""detection_events"":23938,""detectors_checked"":2752512,""obs_mistake_mask=E"":4}"
       384,         3,         0,    1.42,exact_mw,72230d8c06b5a71069df48ede6f7f3e6128cd83e8239dd1b2e5fe023578b6eb1,"{""distance"":5,""physical_error_rate"":0.01}","{""detection_events"":3646,""detectors_checked"":86016,""obs_mistake_mask=E"":3}"
       256,         6,         0,   0.909,exact_mw,72230d8c06b5a71069df48ede6f7f3e6128cd83e8239dd1b2e5fe023578b6eb1,"{""distance"":5,""physical_error_rate"":0.01}","{""detection_events"":2336,""detectors_checked"":57344,""obs_mistake_mask=E"":6}"
        17,         0,         0,   0.069,exact_mw,70a969f5042aec17ac076c6379f4170fb7c69b8e925756ef3b7334e28a33338b,"{""distance"":5,""physical_error_rate"":0.0001}","{""detection_events"":4,""detectors_checked"":3808}"
       256,         1,         0,   0.882,exact_mw,72230d8c06b5a71069df48ede6f7f3e6128cd83e8239dd1b2e5fe023578b6eb1,"{""distance"":5,""physical_error_rate"":0.01}","{""detection_events"":2313,""detectors_checked"":57344,""obs_mistake_mask=E"":1}"
    269312,         0,         0,    5.95,exact_mw,f32ebecd8e105e50ec838d33c5ed9b45444b6b44a3c6ac541111079f2b14e893,"{""distance"":5,""physical_error_rate"":5e-05}","{""detection_events"":13146,""detectors_checked"":60325888}"
      1152,         0,         0,   0.072,exact_mw,70a969f5042aec17ac076c6379f4170fb7c69b8e925756ef3b7334e28a33338b,"{""distance"":5,""physical_error_rate"":0.0001}","{""detection_events"":93,""detectors_checked"":258048}"
    107520,         0,         0,    5.91,exact_mw,f32ebecd8e105e50ec838d33c5ed9b45444b6b44a3c6ac541111079f2b14e893,"{""distance"":5,""physical_error_rate"":5e-05}","{""detection_events"":5133,""detectors_checked"":24084480}"
      1280,        10,         0,    4.42,exact_mw,72230d8c06b5a71069df48ede6f7f3e6128cd83e8239dd1b2e5fe023578b6eb1,"{""distance"":5,""physical_error_rate"":0.01}","{""detection_events"":12138,""detectors_checked"":286720,""obs_mistake_mask=E"":10}"
       192,         6,         0,    1.55,exact_mw,7b4896c0e7f0a510554d89637fd747b157418067a95869d1f0661294d473d1dc,"{""distance"":5,""physical_error_rate"":0.02}","{""detection_events"":3393,""detectors_checked"":43008,""obs_mistake_mask=E"":6}"
    709632,         0,         0,    5.94,exact_mw,cdc4a450a40af8e24899239080e4c40992fb5baf91c5a31ab3a165eacb3a1ab3,"{""distance"":5,""physical_error_rate"":0.0002}","{""detection_events"":139509,""detectors_checked"":158957568}"
    754688,         0,         0,    5.94,exact_mw,70a969f5042aec17ac076c6379f4170fb7c69b8e925756ef3b7334e28a33338b,"{""distance"":5,""physical_error_rate"":0.0001}","{""detection_events"":73992,""detectors_checked"":169050112}"
      1024,         0,         0,   0.074,exact_mw,70a969f5042aec17ac076c6379f4170fb7c69b8e925756ef3b7334e28a33338b,"{""distance"":5,""physical_error_rate"":0.0001}","{""detection_events"":121,""detectors_checked"":229376}"
      4096,         6,         0,    4.59,exact_mw,38b7ae1c4e8407fc325e0d9e43e9f92ff26dcb3f5cf7b98d24ea74c9e5188d39,"{""distance"":5,""physical_error_rate"":0.005}","{""detection_events"":19630,""detectors_checked"":917504,""obs_mistake_mask=E"":6}"
      1024,         0,         0,   0.072,exact_mw,70a969f5042aec17ac076c6379f4170fb7c69b8e925756ef3b7334e28a33338b,"{""distance"":5,""physical_error_rate"":0.0001}","{""detection_events"":77,""detectors_checked"":229376}"
      1024,         0,         0,   0.072,exact_mw,70a969f5042aec17ac076c6379f4170fb7c69b8e925756ef3b7334e28a33338b,"{""distance"":5,""physical_error_rate"":0.0001}","{""detection_events"":97,""detectors_checked"":229376}"
       512,         0,         0,   0.492,exact_mw,38b7ae1c4e8407fc325e0d9e43e9f92ff26dcb3f5cf7b98d24ea74c9e5188d39,"{""distance"":5,""physical_error_rate"":0.005}","{""detection_events"":2483,""detectors_checked"":114688}"
     77824,         0,         0,   0.566,exact_mw,cdc4a450a40af8e24899239080e4c40992fb5baf91c5a31ab3a165eacb3a1ab3,"{""distance"":5,""physical_error_rate"":0.0002}","{""detection_events"":15296,""detectors_checked"":17432576}"
      1024,         0,         0,   0.072,exact_mw,70a969f5042aec17ac076c6379f4170fb7c69b8e925756ef3b7334e28a33338b,"{""distance"":5,""physical_error_rate"":0.0001}","{""detection_events"":109,""detectors_checked"":229376}"
      1024,         1,         0,    1.16,exact_mw,38b7ae1c4e8407fc325e0d9e43e9f92ff26dcb3f5cf7b98d24ea74c9e5188d39,"{""distance"":5,""physical_error_rate"":0.005}","{""detection_events"":4869,""detectors_checked"":229376,""obs_mistake_mask=E"":1}"
      5120,         1,         0,    5.46,exact_mw,3208f56225bbcac0e2804eb6f92d0a8b681652a702ca1ec920ccd7367f0e0899,"{""distance"":5,""physical_error_rate"":0.002}","{""detection_events"":10180,""detectors_checked"":1146880,""obs_mistake_mask=E"":1}"
      5120,         0,         0,   0.056,exact_mw,70a969f5042aec17ac076c6379f4170fb7c69b8e925756ef3b7334e28a33338b,"{""distance"":5,""physical_error_rate"":0.0001}","{""detection_events"":506,""detectors_checked"":1146880}"
    158720,         1,         0,    6.00,exact_mw,bb90ec3459e353008cf9a5bb9142bf1e8515517a9e167021b225104594e48e8a,"{""distance"":5,""physical_error_rate"":0.001}","{""detection_events"":156718,""detectors_checked"":35553280,""obs_mistake_mask=E"":1}"
    406528,         0,         0,    5.91,exact_mw,cb12ae119b9b2ba18d0216e7235b403229e92fd0743ede48fe7f1a2c6f45d594,"{""distance"":5,""physical_error_rate"":0.0005}","{""detection_events"":201418,""detectors_checked"":91062272}"
      9216,         0,         0,   0.107,exact_mw,70a969f5042aec17ac076c6379f4170fb7c69b8e925756ef3b7334e28a33338b,"{""distance"":5,""physical_error_rate"":0.0001}","{""detection_events"":949,""detectors_checked"":2064384}"
      4096,         7,         0,    4.70,exact_mw,38b7ae1c4e8407fc325e0d9e43e9f92ff26dcb3f5cf7b98d24ea74c9e5188d39,"{""distance"":5,""physical_error_rate"":0.005}","{""detection_events"":20079,""detectors_checked"":917504,""obs_mistake_mask=E"":7}"
     17408,         0,         0,   0.150,exact_mw,70a969f5042aec17ac076c6379f4170fb7c69b8e925756ef3b7334e28a33338b,"{""distance"":5,""physical_error_rate"":0.0001}","{""detection_events"":1735,""detectors_checked"":3899392}"
       256,         1,         0,   0.903,exact_mw,72230d8c06b5a71069df48ede6f7f3e6128cd83e8239dd1b2e5fe023578b6eb1,"{""distance"":5,""physical_error_rate"":0.01}","{""detection_events"":2331,""detectors_checked"":57344,""obs_mistake_mask=E"":1}"
    362496,         0,         0,    5.89,exact_mw,cdc4a450a40af8e24899239080e4c40992fb5baf91c5a31ab3a165eacb3a1ab3,"{""distance"":5,""physical_error_rate"":0.0002}","{""detection_events"":70574,""detectors_checked"":81199104}"
      8192,         1,         0,    1.67,exact_mw,3208f56225bbcac0e2804eb6f92d0a8b681652a702ca1ec920ccd7367f0e0899,"{""distance"":5,""physical_error_rate"":0.002}","{""detection_events"":16136,""detectors_checked"":1835008,""obs_mistake_mask=E"":1}"
     99328,         0,         0,    5.92,exact_mw,cdc4a450a40af8e24899239080e4c40992fb5baf91c5a31ab3a165eacb3a1ab3,"{""distance"":5,""physical_error_rate"":0.0002}","{""detection_events"":19571,""detectors_checked"":22249472}"
       256,        17,         0,    1.78,exact_mw,7b4896c0e7f0a510554d89637fd747b157418067a95869d1f0661294d473d1dc,"{""distance"":5,""physical_error_rate"":0.02}","{""detection_events"":4619,""detectors_checked"":57344,""obs_mistake_mask=E"":17}"
      4096,         7,         0,    4.41,exact_mw,38b7ae1c4e8407fc325e0d9e43e9f92ff26dcb3f5cf7b98d24ea74c9e5188d39,"{""distance"":5,""physical_error_rate"":0.005}","{""detection_events"":19683,""detectors_checked"":917504,""obs_mistake_mask=E"":7}"
     28672,         0,         0,   0.209,exact_mw,70a969f5042aec17ac076c6379f4170fb7c69b8e925756ef3b7334e28a33338b,"{""distance"":5,""physical_error_rate"":0.0001}","{""detection_events"":2904,""detectors_checked"":6422528}"
    106496,         0,         0,    3.03,exact_mw,bb90ec3459e353008cf9a5bb9142bf1e8515517a9e167021b225104594e48e8a,"{""distance"":5,""physical_error_rate"":0.001}","{""detection_events"":105026,""detectors_checked"":23855104}"
       512,         1,         0,   0.602,exact_mw,38b7ae1c4e8407fc325e0d9e43e9f92ff26dcb3f5cf7b98d24ea74c9e5188d39,"{""distance"":5,""physical_error_rate"":0.005}","{""detection_events"":2563,""detectors_checked"":114688,""obs_mistake_mask=E"":1}"
       256,         3,         0,   0.911,exact_mw,72230d8c06b5a71069df48ede6f7f3e6128cd83e8239dd1b2e5fe023578b6eb1,"{""distance"":5,""physical_error_rate"":0.01}","{""detection_events"":2457,""detectors_checked"":57344,""obs_mistake_mask=E"":3}"
     77824,         0,         0,    5.98,exact_mw,cb12ae119b9b2ba18d0216e7235b403229e92fd0743ede48fe7f1a2c6f45d594,"{""distance"":5,""physical_error_rate"":0.0005}","{""detection_events"":38430,""detectors_checked"":17432576}"
    104448,         0,         0,    5.86,exact_mw,70a969f5042aec17ac076c6379f4170fb7c69b8e925756ef3b7334e28a33338b,"{""distance"":5,""physical_error_rate"":0.0001}","{""detection_events"":10147,""detectors_checked"":23396352}"
     46080,         3,         0,    5.96,exact_mw,3208f56225bbcac0e2804eb6f92d0a8b681652a702ca1ec920ccd7367f0e0899,"{""distance"":5,""physical_error_rate"":0.002}","{""detection_events"":90330,""detectors_checked"":10321920,""obs_mistake_mask=E"":3}"
    223232,         2,         0,    5.98,exact_mw,bb90ec3459e353008cf9a5bb9142bf1e8515517a9e167021b225104594e48e8a,"{""distance"":5,""physical_error_rate"":0.001}","{""detection_events"":219594,""detectors_checked"":50003968,""obs_mistake_mask=E"":2}"
    105472,         0,         0,    5.96,exact_mw,f32ebecd8e105e50ec838d33c5ed9b45444b6b44a3c6ac541111079f2b14e893,"{""distance"":5,""physical_error_rate"":5e-05}","{""detection_events"":5178,""detectors_checked"":23625728}"
     95232,         0,         0,   0.767,exact_mw,cdc4a450a40af8e24899239080e4c40992fb5baf91c5a31ab3a165eacb3a1ab3,"{""distance"":5,""physical_error_rate"":0.0002}","{""detection_events"":18579,""detectors_checked"":21331968}"
    579584,         0,         0,    5.94,exact_mw,70a969f5042aec17ac076c6379f4170fb7c69b8e925756ef3b7334e28a33338b,"{""distance"":5,""physical_error_rate"":0.0001}","{""detection_events"":57042,""detectors_checked"":129826816}"
     39936,         0,         0,   0.287,exact_mw,70a969f5042aec17ac076c6379f4170fb7c69b8e925756ef3b7334e28a33338b,"{""distance"":5,""physical_error_rate"":0.0001}","{""detection_events"":3982,""detectors_checked"":8945664}"
     31744,         0,         0,    6.06,exact_mw,bb90ec3459e353008cf9a5bb9142bf1e8515517a9e167021b225104594e48e8a,"{""distance"":5,""physical_error_rate"":0.001}","{""detection_events"":31230,""detectors_checked"":7110656}"
    292864,         0,         0,    2.15,exact_mw,cdc4a450a40af8e24899239080e4c40992fb5baf91c5a31ab3a165eacb3a1ab3,"{""distance"":5,""physical_error_rate"":0.0002}","{""detection_events"":58447,""detectors_checked"":65601536}"
    222208,         0,         0,    2.17,exact_mw,cb12ae119b9b2ba18d0216e7235b403229e92fd0743ede48fe7f1a2c6f45d594,"{""distance"":5,""physical_error_rate"":0.0005}","{""detection_events"":109152,""detectors_checked"":49774592}"
     91136,         1,         0,    2.18,exact_mw,bb90ec3459e353008cf9a5bb9142bf1e8515517a9e167021b225104594e48e8a,"{""distance"":5,""physical_error_rate"":0.001}","{""detection_events"":89417,""detectors_checked"":20414464,""obs_mistake_mask=E"":1}"
      3072,         6,         0,    3.35,exact_mw,38b7ae1c4e8407fc325e0d9e43e9f92ff26dcb3f5cf7b98d24ea74c9e5188d39,"{""distance"":5,""physical_error_rate"":0.005}","{""detection_events"":15060,""detectors_checked"":688128,""obs_mistake_mask=E"":6}"
     71680,         0,         0,    5.97,exact_mw,cb12ae119b9b2ba18d0216e7235b403229e92fd0743ede48fe7f1a2c6f45d594,"{""distance"":5,""physical_error_rate"":0.0005}","{""detection_events"":35765,""detectors_checked"":16056320}"
     57344,         0,         0,   0.404,exact_mw,70a969f5042aec17ac076c6379f4170fb7c69b8e925756ef3b7334e28a33338b,"{""distance"":5,""physical_error_rate"":0.0001}","{""detection_events"":5630,""detectors_checked"":12845056}"
     73728,         0,         0,    4.21,exact_mw,70a969f5042aec17ac076c6379f4170fb7c69b8e925756ef3b7334e28a33338b,"{""distance"":5,""physical_error_rate"":0.0001}","{""detection_events"":7130,""detectors_checked"":16515072}"
       512,         6,         0,    1.83,exact_mw,72230d8c06b5a71069df48ede6f7f3e6128cd83e8239dd1b2e5fe023578b6eb1,"{""distance"":5,""physical_error_rate"":0.01}","{""detection_events"":4724,""detectors_checked"":114688,""obs_mistake_mask=E"":6}"
    333824,         1,         0,    3.04,exact_mw,cb12ae119b9b2ba18d0216e7235b403229e92fd0743ede48fe7f1a2c6f45d594,"{""distance"":5,""physical_error_rate"":0.0005}","{""detection_events"":164064,""detectors_checked"":74776576,""obs_mistake_mask=E"":1}"
       384,         0,         0,    3.65,exact_mw,38b7ae1c4e8407fc325e0d9e43e9f92ff26dcb3f5cf7b98d24ea74c9e5188d39,"{""distance"":5,""physical_error_rate"":0.005}","{""detection_events"":1938,""detectors_checked"":86016}"
      1024,         3,         0,    1.16,exact_mw,38b7ae1c4e8407fc325e0d9e43e9f92ff26dcb3f5cf7b98d24ea74c9e5188d39,"{""distance"":5,""physical_error_rate"":0.005}","{""detection_events"":4835,""detectors_checked"":229376,""obs_mistake_mask=E"":3}"
    800768,         0,         0,    5.91,exact_mw,cdc4a450a40af8e24899239080e4c40992fb5baf91c5a31ab3a165eacb3a1ab3,"{""distance"":5,""physical_error_rate"":0.0002}","{""detection_events"":158354,""detectors_checked"":179372032}"
       384,         0,         0,    1.33,exact_mw,72230d8c06b5a71069df48ede6f7f3e6128cd83e8239dd1b2e5fe023578b6eb1,"{""distance"":5,""physical_error_rate"":0.01}","{""detection_events"":3784,""detectors_checked"":86016}"
     17408,         2,         0,    2.25,exact_mw,3208f56225bbcac0e2804eb6f92d0a8b681652a702ca1ec920ccd7367f0e0899,"{""distance"":5,""physical_error_rate"":0.002}","{""detection_events"":33525,""detectors_checked"":3899392,""obs_mistake_mask=E"":2}"
      1024,         1,         0,    1.76,exact_mw,38b7ae1c4e8407fc325e0d9e43e9f92ff26dcb3f5cf7b98d24ea74c9e5188d39,"{""distance"":5,""physical_error_rate"":0.005}","{""detection_events"":5077,""detectors_checked"":229376,""obs_mistake_mask=E"":1}"
     77824,         0,         0,   0.568,exact_mw,70a969f5042aec17ac076c6379f4170fb7c69b8e925756ef3b7334e28a33338b,"{""distance"":5,""physical_error_rate"":0.0001}","{""detection_events"":7723,""detectors_checked"":17432576}"
        96,         1,         0,    4.92,exact_mw,7b4896c0e7f0a510554d89637fd747b157418067a95869d1f0661294d473d1dc,"{""distance"":5,""physical_error_rate"":0.02}","{""detection_events"":1683,""detectors_checked"":21504,""obs_mistake_mask=E"":1}"
       640,        29,         0,    4.67,exact_mw,7b4896c0e7f0a510554d89637fd747b157418067a95869d1f0661294d473d1dc,"{""distance"":5,""physical_error_rate"":0.02}","{""detection_events"":11152,""detectors_checked"":143360,""obs_mistake_mask=E"":29}"
    147456,         0,         0,    1.08,exact_mw,cdc4a450a40af8e24899239080e4c40992fb5baf91c5a31ab3a165eacb3a1ab3,"{""distance"":5,""physical_error_rate"":0.0002}","{""detection_events"":29392,""detectors_checked"":33030144}"
     48128,         3,         0,    6.06,exact_mw,3208f56225bbcac0e2804eb6f92d0a8b681652a702ca1ec920ccd7367f0e0899,"{""distance"":5,""physical_error_rate"":0.002}","{""detection_events"":94068,""detectors_checked"":10780672,""obs_mistake_mask=E"":3}"
    421888,         0,         0,    3.00,exact_mw,f32ebecd8e105e50ec838d33c5ed9b45444b6b44a3c6ac541111079f2b14e893,"{""distance"":5,""physical_error_rate"":5e-05}","{""detection_events"":20820,""detectors_checked"":94502912}"
       640,        21,         0,    4.42,exact_mw,7b4896c0e7f0a510554d89637fd747b157418067a95869d1f0661294d473d1dc,"{""distance"":5,""physical_error_rate"":0.02}","{""detection_events"":11648,""detectors_checked"":143360,""obs_mistake_mask=E"":21}"
     56320,         0,         0,    3.02,exact_mw,f32ebecd8e105e50ec838d33c5ed9b45444b6b44a3c6ac541111079f2b14e893,"{""distance"":5,""physical_error_rate"":5e-05}","{""detection_events"":2859,""detectors_checked"":12615680}"
       384,        17,         0,    2.51,exact_mw,7b4896c0e7f0a510554d89637fd747b157418067a95869d1f0661294d473d1dc,"{""distance"":5,""physical_error_rate"":0.02}","{""detection_events"":6962,""detectors_checked"":86016,""obs_mistake_mask=E"":17}"
       256,         2,         0,    2.01,exact_mw,72230d8c06b5a71069df48ede6f7f3e6128cd83e8239dd1b2e5fe023578b6eb1,"{""distance"":5,""physical_error_rate"":0.01}","{""detection_events"":2382,""detectors_checked"":57344,""obs_mistake_mask=E"":2}"
     73728,         0,         0,   0.780,exact_mw,70a969f5042aec17ac076c6379f4170fb7c69b8e925756ef3b7334e28a33338b,"{""distance"":5,""physical_error_rate"":0.0001}","{""detection_events"":7343,""detectors_checked"":16515072}"
    240640,         0,         0,    5.97,exact_mw,bb90ec3459e353008cf9a5bb9142bf1e8515517a9e167021b225104594e48e8a,"{""distance"":5,""physical_error_rate"":0.001}","{""detection_events"":234635,""detectors_checked"":53903360}"
     12288,         0,         0,    2.27,exact_mw,3208f56225bbcac0e2804eb6f92d0a8b681652a702ca1ec920ccd7367f0e0899,"{""distance"":5,""physical_error_rate"":0.002}","{""detection_events"":24178,""detectors_checked"":2752512}"
    586752,         0,         0,    4.24,exact_mw,70a969f5042aec17ac076c6379f4170fb7c69b8e925756ef3b7334e28a33338b,"{""distance"":5,""physical_error_rate"":0.0001}","{""detection_events"":57716,""detectors_checked"":131432448}"
       384,        16,         0,    2.49,exact_mw,7b4896c0e7f0a510554d89637fd747b157418067a95869d1f0661294d473d1dc,"{""distance"":5,""physical_error_rate"":0.02}","{""detection_events"":6758,""detectors_checked"":86016,""obs_mistake_mask=E"":16}"
      1536,         2,         0,    1.68,exact_mw,38b7ae1c4e8407fc325e0d9e43e9f92ff26dcb3f5cf7b98d24ea74c9e5188d39,"{""distance"":5,""physical_error_rate"":0.005}","{""detection_events"":7210,""detectors_checked"":344064,""obs_mistake_mask=E"":2}"
    586752,         0,         0,    4.23,exact_mw,f32ebecd8e105e50ec838d33c5ed9b45444b6b44a3c6ac541111079f2b14e893,"{""distance"":5,""physical_error_rate"":5e-05}","{""detection_events"":28798,""detectors_checked"":131432448}"
    206848,         0,         0,    1.55,exact_mw,cdc4a450a40af8e24899239080e4c40992fb5baf91c5a31ab3a165eacb3a1ab3,"{""distance"":5,""physical_error_rate"":0.0002}","{""detection_events"":40212,""detectors_checked"":46333952}"
       512,         1,         0,    1.75,exact_mw,72230d8c06b5a71069df48ede6f7f3e6128cd83e8239dd1b2e5fe023578b6eb1,"{""distance"":5,""physical_error_rate"":0.01}","{""detection_events"":4719,""detectors_checked"":114688,""obs_mistake_mask=E"":1}"
       896,        38,         0,    6.03,exact_mw,7b4896c0e7f0a510554d89637fd747b157418067a95869d1f0661294d473d1dc,"{""distance"":5,""physical_error_rate"":0.02}","{""detection_events"":16115,""detectors_checked"":200704,""obs_mistake_mask=E"":38}"
       640,         1,         0,    2.35,exact_mw,72230d8c06b5a71069df48ede6f7f3e6128cd83e8239dd1b2e5fe023578b6eb1,"{""distance"":5,""physical_error_rate"":0.01}","{""detection_events"":6036,""detectors_checked"":143360,""obs_mistake_mask=E"":1}"
     48128,         0,         0,    1.14,exact_mw,70a969f5042aec17ac076c6379f4170fb7c69b8e925756ef3b7334e28a33338b,"{""distance"":5,""physical_error_rate"":0.0001}","{""detection_events"":4699,""detectors_checked"":10780672}"
      1280,        11,         0,    4.66,exact_mw,72230d8c06b5a71069df48ede6f7f3e6128cd83e8239dd1b2e5fe023578b6eb1,"{""distance"":5,""physical_error_rate"":0.01}","{""detection_events"":11978,""detectors_checked"":286720,""obs_mistake_mask=E"":11}"
    406528,         0,         0,    3.01,exact_mw,cdc4a450a40af8e24899239080e4c40992fb5baf91c5a31ab3a165eacb3a1ab3,"{""distance"":5,""physical_error_rate"":0.0002}","{""detection_events"":79381,""detectors_checked"":91062272}"
    315392,         0,         0,    3.03,exact_mw,cb12ae119b9b2ba18d0216e7235b403229e92fd0743ede48fe7f1a2c6f45d594,"{""distance"":5,""physical_error_rate"":0.0005}","{""detection_events"":154904,""detectors_checked"":70647808}"
    124928,         1,         0,    3.05,exact_mw,bb90ec3459e353008cf9a5bb9142bf1e8515517a9e167021b225104594e48e8a,"{""distance"":5,""physical_error_rate"":0.001}","{""detection_events"":122512,""detectors_checked"":27983872,""obs_mistake_mask=E"":1}"
      1536,         1,         0,    2.39,exact_mw,38b7ae1c4e8407fc325e0d9e43e9f92ff26dcb3f5cf7b98d24ea74c9e5188d39,"{""distance"":5,""physical_error_rate"":0.005}","{""detection_events"":7086,""detectors_checked"":344064,""obs_mistake_mask=E"":1}"
        64,         1,         0,    1.77,exact_mw,72230d8c06b5a71069df48ede6f7f3e6128cd83e8239dd1b2e5fe023578b6eb1,"{""distance"":5,""physical_error_rate"":0.01}","{""detection_events"":592,""detectors_checked"":14336,""obs_mistake_mask=E"":1}"
     22528,         1,         0,    6.00,exact_mw,3208f56225bbcac0e2804eb6f92d0a8b681652a702ca1ec920ccd7367f0e0899,"{""distance"":5,""physical_error_rate"":0.002}","{""detection_events"":44593,""detectors_checked"":5046272,""obs_mistake_mask=E"":1}"
       320,         5,         0,    5.98,exact_mw,72230d8c06b5a71069df48ede6f7f3e6128cd83e8239dd1b2e5fe023578b6eb1,"{""distance"":5,""physical_error_rate"":0.01}","{""detection_events"":3007,""detectors_checked"":71680,""obs_mistake_mask=E"":5}"
    109568,         0,         0,    4.25,exact_mw,bb90ec3459e353008cf9a5bb9142bf1e8515517a9e167021b225104594e48e8a,"{""distance"":5,""physical_error_rate"":0.001}","{""detection_events"":107349,""detectors_checked"":24543232}"
      1664,         8,         0,    5.99,exact_mw,72230d8c06b5a71069df48ede6f7f3e6128cd83e8239dd1b2e5fe023578b6eb1,"{""distance"":5,""physical_error_rate"":0.01}","{""detection_events"":15630,""detectors_checked"":372736,""obs_mistake_mask=E"":8}"
     23552,         2,         0,    3.16,exact_mw,3208f56225bbcac0e2804eb6f92d0a8b681652a702ca1ec920ccd7367f0e0899,"{""distance"":5,""physical_error_rate"":0.002}","{""detection_events"":45713,""detectors_checked"":5275648,""obs_mistake_mask=E"":2}"
      1536,         3,         0,    1.87,exact_mw,38b7ae1c4e8407fc325e0d9e43e9f92ff26dcb3f5cf7b98d24ea74c9e5188d39,"{""distance"":5,""physical_error_rate"":0.005}","{""detection_events"":7330,""detectors_checked"":344064,""obs_mistake_mask=E"":3}"
       960,        27,         0,    6.25,exact_mw,7b4896c0e7f0a510554d89637fd747b157418067a95869d1f0661294d473d1dc,"{""distance"":5,""physical_error_rate"":0.02}","{""detection_events"":16585,""detectors_checked"":215040,""obs_mistake_mask=E"":27}"
     30720,         0,         0,    1.60,exact_mw,70a969f5042aec17ac076c6379f4170fb7c69b8e925756ef3b7334e28a33338b,"{""distance"":5,""physical_error_rate"":0.0001}","{""detection_events"":2975,""detectors_checked"":6881280}"
       512,        19,         0,    3.29,exact_mw,7b4896c0e7f0a510554d89637fd747b157418067a95869d1f0661294d473d1dc,"{""distance"":5,""physical_error_rate"":0.02}","{""detection_events"":9204,""detectors_checked"":114688,""obs_mistake_mask=E"":19}"
    438272,         0,         0,    4.25,exact_mw,cb12ae119b9b2ba18d0216e7235b403229e92fd0743ede48fe7f1a2c6f45d594,"{""distance"":5,""physical_error_rate"":0.0005}","{""detection_events"":215910,""detectors_checked"":98172928}"
    289792,         0,         0,    2.17,exact_mw,cdc4a450a40af8e24899239080e4c40992fb5baf91c5a31ab3a165eacb3a1ab3,"{""distance"":5,""physical_error_rate"":0.0002}","{""detection_events"":57134,""detectors_checked"":64913408}"
       640,         4,         0,    2.19,exact_mw,72230d8c06b5a71069df48ede6f7f3e6128cd83e8239dd1b2e5fe023578b6eb1,"{""distance"":5,""physical_error_rate"":0.01}","{""detection_events"":5845,""detectors_checked"":143360,""obs_mistake_mask=E"":4}"
      1664,        17,         0,    6.45,exact_mw,72230d8c06b5a71069df48ede6f7f3e6128cd83e8239dd1b2e5fe023578b6eb1,"{""distance"":5,""physical_error_rate"":0.01}","{""detection_events"":16044,""detectors_checked"":372736,""obs_mistake_mask=E"":17}"
     17408,         1,         0,    3.17,exact_mw,3208f56225bbcac0e2804eb6f92d0a8b681652a702ca1ec920ccd7367f0e0899,"{""distance"":5,""physical_error_rate"":0.002}","{""detection_events"":34246,""detectors_checked"":3899392,""obs_mistake_mask=E"":1}"
      4096,         7,         0,    4.81,exact_mw,38b7ae1c4e8407fc325e0d9e43e9f92ff26dcb3f5cf7b98d24ea74c9e5188d39,"{""distance"":5,""physical_error_rate"":0.005}","{""detection_events"":19805,""detectors_checked"":917504,""obs_mistake_mask=E"":7}"
      2048,        11,         0,    6.28,exact_mw,72230d8c06b5a71069df48ede6f7f3e6128cd83e8239dd1b2e5fe023578b6eb1,"{""distance"":5,""physical_error_rate"":0.01}","{""detection_events"":19163,""detectors_checked"":458752,""obs_mistake_mask=E"":11}"
     30720,         1,         0,    5.97,exact_mw,3208f56225bbcac0e2804eb6f92d0a8b681652a702ca1ec920ccd7367f0e0899,"{""distance"":5,""physical_error_rate"":0.002}","{""detection_events"":60952,""detectors_checked"":6881280,""obs_mistake_mask=E"":1}"
      5632,         5,         0,    6.35,exact_mw,38b7ae1c4e8407fc325e0d9e43e9f92ff26dcb3f5cf7b98d24ea74c9e5188d39,"{""distance"":5,""physical_error_rate"":0.005}","{""detection_events"":27301,""detectors_checked"":1261568,""obs_mistake_mask=E"":5}"
       576,         1,         0,    4.73,exact_mw,38b7ae1c4e8407fc325e0d9e43e9f92ff26dcb3f5cf7b98d24ea74c9e5188d39,"{""distance"":5,""physical_error_rate"":0.005}","{""detection_events"":2722,""detectors_checked"":129024,""obs_mistake_mask=E"":1}"
    592896,         0,         0,    4.21,exact_mw,f32ebecd8e105e50ec838d33c5ed9b45444b6b44a3c6ac541111079f2b14e893,"{""distance"":5,""physical_error_rate"":5e-05}","{""detection_events"":29447,""detectors_checked"":132808704}"
       512,        17,         0,    3.39,exact_mw,7b4896c0e7f0a510554d89637fd747b157418067a95869d1f0661294d473d1dc,"{""distance"":5,""physical_error_rate"":0.02}","{""detection_events"":9163,""detectors_checked"":114688,""obs_mistake_mask=E"":17}"
     82944,         0,         0,    4.22,exact_mw,f32ebecd8e105e50ec838d33c5ed9b45444b6b44a3c6ac541111079f2b14e893,"{""distance"":5,""physical_error_rate"":5e-05}","{""detection_events"":3900,""detectors_checked"":18579456}"
      5632,         6,         0,    6.46,exact_mw,38b7ae1c4e8407fc325e0d9e43e9f92ff26dcb3f5cf7b98d24ea74c9e5188d39,"{""distance"":5,""physical_error_rate"":0.005}","{""detection_events"":27403,""detectors_checked"":1261568,""obs_mistake_mask=E"":6}"
      5632,         5,         0,    6.19,exact_mw,38b7ae1c4e8407fc325e0d9e43e9f92ff26dcb3f5cf7b98d24ea74c9e5188d39,"{""distance"":5,""physical_error_rate"":0.005}","{""detection_events"":27051,""detectors_checked"":1261568,""obs_mistake_mask=E"":5}"
    413696,         1,         0,    8.34,exact_mw,bb90ec3459e353008cf9a5bb9142bf1e8515517a9e167021b225104594e48e8a,"{""distance"":5,""physical_error_rate"":0.001}","{""detection_events"":405401,""detectors_checked"":92667904,""obs_mistake_mask=E"":1}"
   1646592,         0,         0,    8.32,exact_mw,cdc4a450a40af8e24899239080e4c40992fb5baf91c5a31ab3a165eacb3a1ab3,"{""distance"":5,""physical_error_rate"":0.0002}","{""detection_events"":326096,""detectors_checked"":368836608}"
   1494016,         0,         0,    8.32,exact_mw,70a969f5042aec17ac076c6379f4170fb7c69b8e925756ef3b7334e28a33338b,"{""distance"":5,""physical_error_rate"":0.0001}","{""detection_events"":147592,""detectors_checked"":334659584}"
       896,         7,         0,    3.25,exact_mw,72230d8c06b5a71069df48ede6f7f3e6128cd83e8239dd1b2e5fe023578b6eb1,"{""distance"":5,""physical_error_rate"":0.01}","{""detection_events"":8145,""detectors_checked"":200704,""obs_mistake_mask=E"":7}"
    809984,         0,         0,    8.32,exact_mw,cb12ae119b9b2ba18d0216e7235b403229e92fd0743ede48fe7f1a2c6f45d594,"{""distance"":5,""physical_error_rate"":0.0005}","{""detection_events"":398092,""detectors_checked"":181436416}"
        96,         0,         0,    2.90,exact_mw,72230d8c06b5a71069df48ede6f7f3e6128cd83e8239dd1b2e5fe023578b6eb1,"{""distance"":5,""physical_error_rate"":0.01}","{""detection_events"":916,""detectors_checked"":21504}"
    116736,         0,         0,    6.01,exact_mw,70a969f5042aec17ac076c6379f4170fb7c69b8e925756ef3b7334e28a33338b,"{""distance"":5,""physical_error_rate"":0.0001}","{""detection_events"":11442,""detectors_checked"":26148864}"
   1266688,         0,         0,    8.34,exact_mw,f32ebecd8e105e50ec838d33c5ed9b45444b6b44a3c6ac541111079f2b14e893,"{""distance"":5,""physical_error_rate"":5e-05}","{""detection_events"":62074,""detectors_checked"":283738112}"
     37888,         0,         0,    2.24,exact_mw,70a969f5042aec17ac076c6379f4170fb7c69b8e925756ef3b7334e28a33338b,"{""distance"":5,""physical_error_rate"":0.0001}","{""detection_events"":3609,""detectors_checked"":8486912}"
      2048,         0,         0,    3.59,exact_mw,38b7ae1c4e8407fc325e0d9e43e9f92ff26dcb3f5cf7b98d24ea74c9e5188d39,"{""distance"":5,""physical_error_rate"":0.005}","{""detection_events"":9921,""detectors_checked"":458752}"
     73728,         3,         0,    8.44,exact_mw,3208f56225bbcac0e2804eb6f92d0a8b681652a702ca1ec920ccd7367f0e0899,"{""distance"":5,""physical_error_rate"":0.002}","{""detection_events"":143879,""detectors_checked"":16515072,""obs_mistake_mask=E"":3}"
      2048,         2,         0,    2.51,exact_mw,38b7ae1c4e8407fc325e0d9e43e9f92ff26dcb3f5cf7b98d24ea74c9e5188d39,"{""distance"":5,""physical_error_rate"":0.005}","{""detection_events"":9769,""detectors_checked"":458752,""obs_mistake_mask=E"":2}"
    848896,         0,         0,    8.32,exact_mw,cb12ae119b9b2ba18d0216e7235b403229e92fd0743ede48fe7f1a2c6f45d594,"{""distance"":5,""physical_error_rate"":0.0005}","{""detection_events"":417379,""detectors_checked"":190152704}"
       784,        35,         0,    5.97,exact_mw,7b4896c0e7f0a510554d89637fd747b157418067a95869d1f0661294d473d1dc,"{""distance"":5,""physical_error_rate"":0.02}","{""detection_events"":14086,""detectors_checked"":175616,""obs_mistake_mask=E"":35}"
       896,        32,         0,    6.01,exact_mw,7b4896c0e7f0a510554d89637fd747b157418067a95869d1f0661294d473d1dc,"{""distance"":5,""physical_error_rate"":0.02}","{""detection_events"":15904,""detectors_checked"":200704,""obs_mistake_mask=E"":32}"
    169984,         0,         0,    8.29,exact_mw,f32ebecd8e105e50ec838d33c5ed9b45444b6b44a3c6ac541111079f2b14e893,"{""distance"":5,""physical_error_rate"":5e-05}","{""detection_events"":8367,""detectors_checked"":38076416}"
    215040,         0,         0,    8.36,exact_mw,f32ebecd8e105e50ec838d33c5ed9b45444b6b44a3c6ac541111079f2b14e893,"{""distance"":5,""physical_error_rate"":5e-05}","{""detection_events"":10781,""detectors_checked"":48168960}"
   1099776,         0,         0,    8.31,exact_mw,cdc4a450a40af8e24899239080e4c40992fb5baf91c5a31ab3a165eacb3a1ab3,"{""distance"":5,""physical_error_rate"":0.0002}","{""detection_events"":217191,""detectors_checked"":246349824}"
   1149952,         0,         0,    8.33,exact_mw,70a969f5042aec17ac076c6379f4170fb7c69b8e925756ef3b7334e28a33338b,"{""distance"":5,""physical_error_rate"":0.0001}","{""detection_events"":111816,""detectors_checked"":257589248}"
    571392,         0,         0,    4.22,exact_mw,cdc4a450a40af8e24899239080e4c40992fb5baf91c5a31ab3a165eacb3a1ab3,"{""distance"":5,""physical_error_rate"":0.0002}","{""detection_events"":112967,""detectors_checked"":127991808}"
    434176,         0,         0,    4.24,exact_mw,cb12ae119b9b2ba18d0216e7235b403229e92fd0743ede48fe7f1a2c6f45d594,"{""distance"":5,""physical_error_rate"":0.0005}","{""detection_events"":213484,""detectors_checked"":97255424}"
    166912,         4,         0,    4.26,exact_mw,bb90ec3459e353008cf9a5bb9142bf1e8515517a9e167021b225104594e48e8a,"{""distance"":5,""physical_error_rate"":0.001}","{""detection_events"":163617,""detectors_checked"":37388288,""obs_mistake_mask=E"":4}"
       960,        27,         0,    6.38,exact_mw,7b4896c0e7f0a510554d89637fd747b157418067a95869d1f0661294d473d1dc,"{""distance"":5,""physical_error_rate"":0.02}","{""detection_events"":16887,""detectors_checked"":215040,""obs_mistake_mask=E"":27}"
    580608,         1,         0,    8.27,exact_mw,cb12ae119b9b2ba18d0216e7235b403229e92fd0743ede48fe7f1a2c6f45d594,"{""distance"":5,""physical_error_rate"":0.0005}","{""detection_events"":284571,""detectors_checked"":130056192,""obs_mistake_mask=E"":1}"
    221184,         4,         0,    8.36,exact_mw,bb90ec3459e353008cf9a5bb9142bf1e8515517a9e167021b225104594e48e8a,"{""distance"":5,""physical_error_rate"":0.001}","{""detection_events"":217218,""detectors_checked"":49545216,""obs_mistake_mask=E"":4}"
    407552,         0,         0,    3.03,exact_mw,cdc4a450a40af8e24899239080e4c40992fb5baf91c5a31ab3a165eacb3a1ab3,"{""distance"":5,""physical_error_rate"":0.0002}","{""detection_events"":80600,""detectors_checked"":91291648}"
       896,         6,         0,    3.13,exact_mw,72230d8c06b5a71069df48ede6f7f3e6128cd83e8239dd1b2e5fe023578b6eb1,"{""distance"":5,""physical_error_rate"":0.01}","{""detection_events"":8289,""detectors_checked"":200704,""obs_mistake_mask=E"":6}"
    970752,         0,         0,    8.35,exact_mw,cdc4a450a40af8e24899239080e4c40992fb5baf91c5a31ab3a165eacb3a1ab3,"{""distance"":5,""physical_error_rate"":0.0002}","{""detection_events"":191509,""detectors_checked"":217448448}"
    596992,         0,         0,    8.34,exact_mw,cdc4a450a40af8e24899239080e4c40992fb5baf91c5a31ab3a165eacb3a1ab3,"{""distance"":5,""physical_error_rate"":0.0002}","{""detection_events"":116207,""detectors_checked"":133726208}"
    824320,         0,         0,    5.92,exact_mw,70a969f5042aec17ac076c6379f4170fb7c69b8e925756ef3b7334e28a33338b,"{""distance"":5,""physical_error_rate"":0.0001}","{""detection_events"":81054,""detectors_checked"":184647680}"
    155648,         0,         0,    8.31,exact_mw,cb12ae119b9b2ba18d0216e7235b403229e92fd0743ede48fe7f1a2c6f45d594,"{""distance"":5,""physical_error_rate"":0.0005}","{""detection_events"":76255,""detectors_checked"":34865152}"
    203776,         0,         0,    8.32,exact_mw,70a969f5042aec17ac076c6379f4170fb7c69b8e925756ef3b7334e28a33338b,"{""distance"":5,""physical_error_rate"":0.0001}","{""detection_events"":20270,""detectors_checked"":45645824}"
    333824,         0,         0,    8.35,exact_mw,bb90ec3459e353008cf9a5bb9142bf1e8515517a9e167021b225104594e48e8a,"{""distance"":5,""physical_error_rate"":0.001}","{""detection_events"":327584,""detectors_checked"":74776576}"
    211968,         0,         0,    8.32,exact_mw,f32ebecd8e105e50ec838d33c5ed9b45444b6b44a3c6ac541111079f2b14e893,"{""distance"":5,""physical_error_rate"":5e-05}","{""detection_events"":10725,""detectors_checked"":47480832}"
     67584,         2,         0,    8.45,exact_mw,3208f56225bbcac0e2804eb6f92d0a8b681652a702ca1ec920ccd7367f0e0899,"{""distance"":5,""physical_error_rate"":0.002}","{""detection_events"":130778,""detectors_checked"":15138816,""obs_mistake_mask=E"":2}"
    204800,         0,         0,    8.31,exact_mw,70a969f5042aec17ac076c6379f4170fb7c69b8e925756ef3b7334e28a33338b,"{""distance"":5,""physical_error_rate"":0.0001}","{""detection_events"":19963,""detectors_checked"":45875200}"
     30720,         2,         0,    4.28,exact_mw,3208f56225bbcac0e2804eb6f92d0a8b681652a702ca1ec920ccd7367f0e0899,"{""distance"":5,""physical_error_rate"":0.002}","{""detection_events"":59645,""detectors_checked"":6881280,""obs_mistake_mask=E"":2}"
     66560,         1,         0,    8.40,exact_mw,bb90ec3459e353008cf9a5bb9142bf1e8515517a9e167021b225104594e48e8a,"{""distance"":5,""physical_error_rate"":0.001}","{""detection_events"":64572,""detectors_checked"":14909440,""obs_mistake_mask=E"":1}"
    801792,         0,         0,    5.91,exact_mw,f32ebecd8e105e50ec838d33c5ed9b45444b6b44a3c6ac541111079f2b14e893,"{""distance"":5,""physical_error_rate"":5e-05}","{""detection_events"":39963,""detectors_checked"":179601408}"
    167936,         0,         0,    8.19,exact_mw,cb12ae119b9b2ba18d0216e7235b403229e92fd0743ede48fe7f1a2c6f45d594,"{""distance"":5,""physical_error_rate"":0.0005}","{""detection_events"":82891,""detectors_checked"":37617664}"
       640,        21,         0,    4.39,exact_mw,7b4896c0e7f0a510554d89637fd747b157418067a95869d1f0661294d473d1dc,"{""distance"":5,""physical_error_rate"":0.02}","{""detection_events"":11512,""detectors_checked"":143360,""obs_mistake_mask=E"":21}"
   1047552,         0,         0,    8.28,exact_mw,cdc4a450a40af8e24899239080e4c40992fb5baf91c5a31ab3a165eacb3a1ab3,"{""distance"":5,""physical_error_rate"":0.0002}","{""detection_events"":206306,""detectors_checked"":234651648}"
     22528,         2,         0,    4.35,exact_mw,3208f56225bbcac0e2804eb6f92d0a8b681652a702ca1ec920ccd7367f0e0899,"{""distance"":5,""physical_error_rate"":0.002}","{""detection_events"":44107,""detectors_checked"":5046272,""obs_mistake_mask=E"":2}"
      1792,         8,         0,    6.48,exact_mw,72230d8c06b5a71069df48ede6f7f3e6128cd83e8239dd1b2e5fe023578b6eb1,"{""distance"":5,""physical_error_rate"":0.01}","{""detection_events"":17288,""detectors_checked"":401408,""obs_mistake_mask=E"":8}"
     61440,         5,         0,    8.41,exact_mw,3208f56225bbcac0e2804eb6f92d0a8b681652a702ca1ec920ccd7367f0e0899,"{""distance"":5,""physical_error_rate"":0.002}","{""detection_events"":119270,""detectors_checked"":13762560,""obs_mistake_mask=E"":5}"
    218112,         0,         0,    3.06,exact_mw,70a969f5042aec17ac076c6379f4170fb7c69b8e925756ef3b7334e28a33338b,"{""distance"":5,""physical_error_rate"":0.0001}","{""detection_events"":21021,""detectors_checked"":48857088}"
    158720,         0,         0,    5.98,exact_mw,bb90ec3459e353008cf9a5bb9142bf1e8515517a9e167021b225104594e48e8a,"{""distance"":5,""physical_error_rate"":0.001}","{""detection_events"":155781,""detectors_checked"":35553280}"
       640,        27,         0,    4.52,exact_mw,7b4896c0e7f0a510554d89637fd747b157418067a95869d1f0661294d473d1dc,"{""distance"":5,""physical_error_rate"":0.02}","{""detection_events"":11365,""detectors_checked"":143360,""obs_mistake_mask=E"":27}"
    318464,         3,         0,    8.32,exact_mw,bb90ec3459e353008cf9a5bb9142bf1e8515517a9e167021b225104594e48e8a,"{""distance"":5,""physical_error_rate"":0.001}","{""detection_events"":311418,""detectors_checked"":71335936,""obs_mistake_mask=E"":3}"
      2560,         4,         0,    3.29,exact_mw,38b7ae1c4e8407fc325e0d9e43e9f92ff26dcb3f5cf7b98d24ea74c9e5188d39,"{""distance"":5,""physical_error_rate"":0.005}","{""detection_events"":12390,""detectors_checked"":573440,""obs_mistake_mask=E"":4}"
      1152,         8,         0,    4.35,exact_mw,72230d8c06b5a71069df48ede6f7f3e6128cd83e8239dd1b2e5fe023578b6eb1,"{""distance"":5,""physical_error_rate"":0.01}","{""detection_events"":11062,""detectors_checked"":258048,""obs_mistake_mask=E"":8}"
    581632,         1,         0,    5.95,exact_mw,cb12ae119b9b2ba18d0216e7235b403229e92fd0743ede48fe7f1a2c6f45d594,"{""distance"":5,""physical_error_rate"":0.0005}","{""detection_events"":285079,""detectors_checked"":130285568,""obs_mistake_mask=E"":1}"
    518144,         0,         0,    5.91,exact_mw,f32ebecd8e105e50ec838d33c5ed9b45444b6b44a3c6ac541111079f2b14e893,"{""distance"":5,""physical_error_rate"":5e-05}","{""detection_events"":25403,""detectors_checked"":116064256}"
      1280,        32,         0,    8.64,exact_mw,7b4896c0e7f0a510554d89637fd747b157418067a95869d1f0661294d473d1dc,"{""distance"":5,""physical_error_rate"":0.02}","{""detection_events"":22723,""detectors_checked"":286720,""obs_mistake_mask=E"":32}"
      5632,         7,         0,    6.45,exact_mw,38b7ae1c4e8407fc325e0d9e43e9f92ff26dcb3f5cf7b98d24ea74c9e5188d39,"{""distance"":5,""physical_error_rate"":0.005}","{""detection_events"":27167,""detectors_checked"":1261568,""obs_mistake_mask=E"":7}"
    510976,         0,         0,    5.96,exact_mw,f32ebecd8e105e50ec838d33c5ed9b45444b6b44a3c6ac541111079f2b14e893,"{""distance"":5,""physical_error_rate"":5e-05}","{""detection_events"":25092,""detectors_checked"":114458624}"
      1216,         0,         0,    6.29,exact_mw,38b7ae1c4e8407fc325e0d9e43e9f92ff26dcb3f5cf7b98d24ea74c9e5188d39,"{""distance"":5,""physical_error_rate"":0.005}","{""detection_events"":5911,""detectors_checked"":272384}"
       352,         6,         0,    5.37,exact_mw,72230d8c06b5a71069df48ede6f7f3e6128cd83e8239dd1b2e5fe023578b6eb1,"{""distance"":5,""physical_error_rate"":0.01}","{""detection_events"":3265,""detectors_checked"":78848,""obs_mistake_mask=E"":6}"
     31744,         1,         0,    8.48,exact_mw,3208f56225bbcac0e2804eb6f92d0a8b681652a702ca1ec920ccd7367f0e0899,"{""distance"":5,""physical_error_rate"":0.002}","{""detection_events"":62118,""detectors_checked"":7110656,""obs_mistake_mask=E"":1}"
    302080,         0,         0,    4.19,exact_mw,cdc4a450a40af8e24899239080e4c40992fb5baf91c5a31ab3a165eacb3a1ab3,"{""distance"":5,""physical_error_rate"":0.0002}","{""detection_events"":60103,""detectors_checked"":67665920}"
       320,         0,         0,    4.38,exact_mw,72230d8c06b5a71069df48ede6f7f3e6128cd83e8239dd1b2e5fe023578b6eb1,"{""distance"":5,""physical_error_rate"":0.01}","{""detection_events"":2993,""detectors_checked"":71680}"
      1280,        10,         0,    8.48,exact_mw,72230d8c06b5a71069df48ede6f7f3e6128cd83e8239dd1b2e5fe023578b6eb1,"{""distance"":5,""physical_error_rate"":0.01}","{""detection_events"":11914,""detectors_checked"":286720,""obs_mistake_mask=E"":10}"
      2432,        18,         0,    8.60,exact_mw,72230d8c06b5a71069df48ede6f7f3e6128cd83e8239dd1b2e5fe023578b6eb1,"{""distance"":5,""physical_error_rate"":0.01}","{""detection_events"":22623,""detectors_checked"":544768,""obs_mistake_mask=E"":18}"
      1024,        30,         0,    8.82,exact_mw,7b4896c0e7f0a510554d89637fd747b157418067a95869d1f0661294d473d1dc,"{""distance"":5,""physical_error_rate"":0.02}","{""detection_events"":18375,""detectors_checked"":229376,""obs_mistake_mask=E"":30}"
    780288,         0,         0,    5.93,exact_mw,cdc4a450a40af8e24899239080e4c40992fb5baf91c5a31ab3a165eacb3a1ab3,"{""distance"":5,""physical_error_rate"":0.0002}","{""detection_events"":153834,""detectors_checked"":174784512}"
    592896,         0,         0,    5.91,exact_mw,cb12ae119b9b2ba18d0216e7235b403229e92fd0743ede48fe7f1a2c6f45d594,"{""distance"":5,""physical_error_rate"":0.0005}","{""detection_events"":290725,""detectors_checked"":132808704}"
    236544,         0,         0,    5.97,exact_mw,bb90ec3459e353008cf9a5bb9142bf1e8515517a9e167021b225104594e48e8a,"{""distance"":5,""physical_error_rate"":0.001}","{""detection_events"":232639,""detectors_checked"":52985856}"
     52224,         5,         0,    8.48,exact_mw,3208f56225bbcac0e2804eb6f92d0a8b681652a702ca1ec920ccd7367f0e0899,"{""distance"":5,""physical_error_rate"":0.002}","{""detection_events"":102444,""detectors_checked"":11698176,""obs_mistake_mask=E"":5}"
      2304,        18,         0,    8.56,exact_mw,72230d8c06b5a71069df48ede6f7f3e6128cd83e8239dd1b2e5fe023578b6eb1,"{""distance"":5,""physical_error_rate"":0.01}","{""detection_events"":21514,""detectors_checked"":516096,""obs_mistake_mask=E"":18}"
       992,        11,         0,    8.77,exact_mw,72230d8c06b5a71069df48ede6f7f3e6128cd83e8239dd1b2e5fe023578b6eb1,"{""distance"":5,""physical_error_rate"":0.01}","{""detection_events"":9520,""detectors_checked"":222208,""obs_mistake_mask=E"":11}"
      7680,         6,         0,    8.60,exact_mw,38b7ae1c4e8407fc325e0d9e43e9f92ff26dcb3f5cf7b98d24ea74c9e5188d39,"{""distance"":5,""physical_error_rate"":0.005}","{""detection_events"":36559,""detectors_checked"":1720320,""obs_mistake_mask=E"":6}"
      2304,         3,         0,    7.10,exact_mw,38b7ae1c4e8407fc325e0d9e43e9f92ff26dcb3f5cf7b98d24ea74c9e5188d39,"{""distance"":5,""physical_error_rate"":0.005}","{""detection_events"":10898,""detectors_checked"":516096,""obs_mistake_mask=E"":3}"
    389120,         0,         0,    4.22,exact_mw,70a969f5042aec17ac076c6379f4170fb7c69b8e925756ef3b7334e28a33338b,"{""distance"":5,""physical_error_rate"":0.0001}","{""detection_events"":38582,""detectors_checked"":87162880}"
      7680,        13,         0,    8.37,exact_mw,38b7ae1c4e8407fc325e0d9e43e9f92ff26dcb3f5cf7b98d24ea74c9e5188d39,"{""distance"":5,""physical_error_rate"":0.005}","{""detection_events"":36696,""detectors_checked"":1720320,""obs_mistake_mask=E"":13}"
     47104,         4,         0,    6.04,exact_mw,3208f56225bbcac0e2804eb6f92d0a8b681652a702ca1ec920ccd7367f0e0899,"{""distance"":5,""physical_error_rate"":0.002}","{""detection_events"":91928,""detectors_checked"":10551296,""obs_mistake_mask=E"":4}"
    214016,         0,         0,    8.31,exact_mw,70a969f5042aec17ac076c6379f4170fb7c69b8e925756ef3b7334e28a33338b,"{""distance"":5,""physical_error_rate"":0.0001}","{""detection_events"":20909,""detectors_checked"":47939584}"
      4096,         4,         0,    4.66,exact_mw,38b7ae1c4e8407fc325e0d9e43e9f92ff26dcb3f5cf7b98d24ea74c9e5188d39,"{""distance"":5,""physical_error_rate"":0.005}","{""detection_events"":19787,""detectors_checked"":917504,""obs_mistake_mask=E"":4}"
       896,        36,         0,    6.03,exact_mw,7b4896c0e7f0a510554d89637fd747b157418067a95869d1f0661294d473d1dc,"{""distance"":5,""physical_error_rate"":0.02}","{""detection_events"":15499,""detectors_checked"":200704,""obs_mistake_mask=E"":36}"
      1152,        32,         0,    8.40,exact_mw,7b4896c0e7f0a510554d89637fd747b157418067a95869d1f0661294d473d1dc,"{""distance"":5,""physical_error_rate"":0.02}","{""detection_events"":20148,""detectors_checked"":258048,""obs_mistake_mask=E"":32}"
     49152,         2,         0,    6.07,exact_mw,3208f56225bbcac0e2804eb6f92d0a8b681652a702ca1ec920ccd7367f0e0899,"{""distance"":5,""physical_error_rate"":0.002}","{""detection_events"":95299,""detectors_checked"":11010048,""obs_mistake_mask=E"":2}"
      1280,        45,         0,    8.73,exact_mw,7b4896c0e7f0a510554d89637fd747b157418067a95869d1f0661294d473d1dc,"{""distance"":5,""physical_error_rate"":0.02}","{""detection_events"":22608,""detectors_checked"":286720,""obs_mistake_mask=E"":45}"
      1152,        38,         0,    8.36,exact_mw,7b4896c0e7f0a510554d89637fd747b157418067a95869d1f0661294d473d1dc,"{""distance"":5,""physical_error_rate"":0.02}","{""detection_events"":20256,""detectors_checked"":258048,""obs_mistake_mask=E"":38}"
       128,         2,         0,   0.842,exact_mw,7b4896c0e7f0a510554d89637fd747b157418067a95869d1f0661294d473d1dc,"{""distance"":5,""physical_error_rate"":0.02}","{""detection_events"":2247,""detectors_checked"":28672,""obs_mistake_mask=E"":2}"
       896,        27,         0,    6.06,exact_mw,7b4896c0e7f0a510554d89637fd747b157418067a95869d1f0661294d473d1dc,"{""distance"":5,""physical_error_rate"":0.02}","{""detection_events"":15950,""detectors_checked"":200704,""obs_mistake_mask=E"":27}"
      4864,         6,         0,    10.3,exact_mw,38b7ae1c4e8407fc325e0d9e43e9f92ff26dcb3f5cf7b98d24ea74c9e5188d39,"{""distance"":5,""physical_error_rate"":0.005}","{""detection_events"":23784,""detectors_checked"":1089536,""obs_mistake_mask=E"":6}"
       128,         5,         0,   0.945,exact_mw,7b4896c0e7f0a510554d89637fd747b157418067a95869d1f0661294d473d1dc,"{""distance"":5,""physical_error_rate"":0.02}","{""detection_events"":2370,""detectors_checked"":28672,""obs_mistake_mask=E"":5}"
        64,         3,         0,   0.436,exact_mw,7b4896c0e7f0a510554d89637fd747b157418067a95869d1f0661294d473d1dc,"{""distance"":5,""physical_error_rate"":0.02}","{""detection_events"":1098,""detectors_checked"":14336,""obs_mistake_mask=E"":3}"
       320,         6,         0,    3.16,exact_mw,7b4896c0e7f0a510554d89637fd747b157418067a95869d1f0661294d473d1dc,"{""distance"":5,""physical_error_rate"":0.02}","{""detection_events"":5617,""detectors_checked"":71680,""obs_mistake_mask=E"":6}"
   1126400,         0,         0,    8.29,exact_mw,70a969f5042aec17ac076c6379f4170fb7c69b8e925756ef3b7334e28a33338b,"{""distance"":5,""physical_error_rate"":0.0001}","{""detection_events"":111726,""detectors_checked"":252313600}"
       128,         3,         0,   0.872,exact_mw,7b4896c0e7f0a510554d89637fd747b157418067a95869d1f0661294d473d1dc,"{""distance"":5,""physical_error_rate"":0.02}","{""detection_events"":2282,""detectors_checked"":28672,""obs_mistake_mask=E"":3}"
       768,        25,         0,    5.21,exact_mw,7b4896c0e7f0a510554d89637fd747b157418067a95869d1f0661294d473d1dc,"{""distance"":5,""physical_error_rate"":0.02}","{""detection_events"":13591,""detectors_checked"":172032,""obs_mistake_mask=E"":25}"
       160,         0,         0,    4.96,exact_mw,72230d8c06b5a71069df48ede6f7f3e6128cd83e8239dd1b2e5fe023578b6eb1,"{""distance"":5,""physical_error_rate"":0.01}","{""detection_events"":1451,""detectors_checked"":35840}"
   1160192,         0,         0,    8.29,exact_mw,f32ebecd8e105e50ec838d33c5ed9b45444b6b44a3c6ac541111079f2b14e893,"{""distance"":5,""physical_error_rate"":5e-05}","{""detection_events"":58173,""detectors_checked"":259883008}"
       384,         1,         0,    6.74,exact_mw,72230d8c06b5a71069df48ede6f7f3e6128cd83e8239dd1b2e5fe023578b6eb1,"{""distance"":5,""physical_error_rate"":0.01}","{""detection_events"":3544,""detectors_checked"":86016,""obs_mistake_mask=E"":1}"
    634880,         0,         0,    11.7,exact_mw,bb90ec3459e353008cf9a5bb9142bf1e8515517a9e167021b225104594e48e8a,"{""distance"":5,""physical_error_rate"":0.001}","{""detection_events"":622762,""detectors_checked"":142213120}"
   2355200,         0,         0,    11.6,exact_mw,cdc4a450a40af8e24899239080e4c40992fb5baf91c5a31ab3a165eacb3a1ab3,"{""distance"":5,""physical_error_rate"":0.0002}","{""detection_events"":464420,""detectors_checked"":527564800}"
   2639872,         0,         0,    11.6,exact_mw,70a969f5042aec17ac076c6379f4170fb7c69b8e925756ef3b7334e28a33338b,"{""distance"":5,""physical_error_rate"":0.0001}","{""detection_events"":260756,""detectors_checked"":591331328}"
       704,         6,         0,    8.41,exact_mw,72230d8c06b5a71069df48ede6f7f3e6128cd83e8239dd1b2e5fe023578b6eb1,"{""distance"":5,""physical_error_rate"":0.01}","{""detection_events"":6555,""detectors_checked"":157696,""obs_mistake_mask=E"":6}"
   1179648,         0,         0,    11.6,exact_mw,cb12ae119b9b2ba18d0216e7235b403229e92fd0743ede48fe7f1a2c6f45d594,"{""distance"":5,""physical_error_rate"":0.0005}","{""detection_events"":582226,""detectors_checked"":264241152}"
     95232,         0,         0,    6.00,exact_mw,cdc4a450a40af8e24899239080e4c40992fb5baf91c5a31ab3a165eacb3a1ab3,"{""distance"":5,""physical_error_rate"":0.0002}","{""detection_events"":18815,""detectors_checked"":21331968}"
   2111488,         0,         0,    11.6,exact_mw,f32ebecd8e105e50ec838d33c5ed9b45444b6b44a3c6ac541111079f2b14e893,"{""distance"":5,""physical_error_rate"":5e-05}","{""detection_events"":102974,""detectors_checked"":472973312}"
    330752,         2,         0,    8.37,exact_mw,bb90ec3459e353008cf9a5bb9142bf1e8515517a9e167021b225104594e48e8a,"{""distance"":5,""physical_error_rate"":0.001}","{""detection_events"":324269,""detectors_checked"":74088448,""obs_mistake_mask=E"":2}"
       192,         0,         0,    6.23,exact_mw,72230d8c06b5a71069df48ede6f7f3e6128cd83e8239dd1b2e5fe023578b6eb1,"{""distance"":5,""physical_error_rate"":0.01}","{""detection_events"":1910,""detectors_checked"":43008}"
    138240,        10,         0,    11.7,exact_mw,3208f56225bbcac0e2804eb6f92d0a8b681652a702ca1ec920ccd7367f0e0899,"{""distance"":5,""physical_error_rate"":0.002}","{""detection_events"":268828,""detectors_checked"":30965760,""obs_mistake_mask=E"":10}"
   1180672,         0,         0,    11.6,exact_mw,cb12ae119b9b2ba18d0216e7235b403229e92fd0743ede48fe7f1a2c6f45d594,"{""distance"":5,""physical_error_rate"":0.0005}","{""detection_events"":581501,""detectors_checked"":264470528}"
      1297,         0,         0,   0.019,exact_mw,cdc4a450a40af8e24899239080e4c40992fb5baf91c5a31ab3a165eacb3a1ab3,"{""distance"":5,""physical_error_rate"":0.0002}","{""detection_events"":257,""detectors_checked"":290528}"
       273,         0,         0,   0.023,exact_mw,70a969f5042aec17ac076c6379f4170fb7c69b8e925756ef3b7334e28a33338b,"{""distance"":5,""physical_error_rate"":0.0001}","{""detection_events"":30,""detectors_checked"":61152}"
   1411072,         0,         0,    11.6,exact_mw,f32ebecd8e105e50ec838d33c5ed9b45444b6b44a3c6ac541111079f2b14e893,"{""distance"":5,""physical_error_rate"":5e-05}","{""detection_events"":68951,""detectors_checked"":316080128}"
      3072,         0,         0,   0.024,exact_mw,cdc4a450a40af8e24899239080e4c40992fb5baf91c5a31ab3a165eacb3a1ab3,"{""distance"":5,""physical_error_rate"":0.0002}","{""detection_events"":547,""detectors_checked"":688128}"
      2048,         0,         0,   0.029,exact_mw,70a969f5042aec17ac076c6379f4170fb7c69b8e925756ef3b7334e28a33338b,"{""distance"":5,""physical_error_rate"":0.0001}","{""detection_events"":204,""detectors_checked"":458752}"
         1,         0,         0,   0.000,exact_mw,cb12ae119b9b2ba18d0216e7235b403229e92fd0743ede48fe7f1a2c6f45d594,"{""distance"":5,""physical_error_rate"":0.0005}","{""detectors_checked"":224}"
      5120,         0,         0,   0.022,exact_mw,cdc4a450a40af8e24899239080e4c40992fb5baf91c5a31ab3a165eacb3a1ab3,"{""distance"":5,""physical_error_rate"":0.0002}","{""detection_events"":1106,""detectors_checked"":1146880}"
      1297,         0,         0,   0.030,exact_mw,bb90ec3459e353008cf9a5bb9142bf1e8515517a9e167021b225104594e48e8a,"{""distance"":5,""physical_error_rate"":0.001}","{""detection_events"":1301,""detectors_checked"":290528}"
      2048,         0,         0,   0.029,exact_mw,70a969f5042aec17ac076c6379f4170fb7c69b8e925756ef3b7334e28a33338b,"{""distance"":5,""physical_error_rate"":0.0001}","{""detection_events"":177,""detectors_checked"":458752}"
      3344,         0,         0,   0.029,exact_mw,cb12ae119b9b2ba18d0216e7235b403229e92fd0743ede48fe7f1a2c6f45d594,"{""distance"":5,""physical_error_rate"":0.0005}","{""detection_events"":1633,""detectors_checked"":749056}"
   1468416,         0,         0,    11.6,exact_mw,cdc4a450a40af8e24899239080e4c40992fb5baf91c5a31ab3a165eacb3a1ab3,"{""distance"":5,""physical_error_rate"":0.0002}","{""detection_events"":289960,""detectors_checked"":328925184}"
      2048,         0,         0,   0.029,exact_mw,cdc4a450a40af8e24899239080e4c40992fb5baf91c5a31ab3a165eacb3a1ab3,"{""distance"":5,""physical_error_rate"":0.0002}","{""detection_events"":371,""detectors_checked"":458752}"
   1424384,         0,         0,    11.6,exact_mw,70a969f5042aec17ac076c6379f4170fb7c69b8e925756ef3b7334e28a33338b,"{""distance"":5,""physical_error_rate"":0.0001}","{""detection_events"":140301,""detectors_checked"":319062016}"
    282624,         0,         0,    11.6,exact_mw,f32ebecd8e105e50ec838d33c5ed9b45444b6b44a3c6ac541111079f2b14e893,"{""distance"":5,""physical_error_rate"":5e-05}","{""detection_events"":14033,""detectors_checked"":63307776}"
      2048,         0,         0,   0.022,exact_mw,70a969f5042aec17ac076c6379f4170fb7c69b8e925756ef3b7334e28a33338b,"{""distance"":5,""physical_error_rate"":0.0001}","{""detection_events"":162,""detectors_checked"":458752}"
      1024,         0,         0,   0.033,exact_mw,bb90ec3459e353008cf9a5bb9142bf1e8515517a9e167021b225104594e48e8a,"{""distance"":5,""physical_error_rate"":0.001}","{""detection_events"":979,""detectors_checked"":229376}"
      3072,         0,         0,   0.031,exact_mw,cb12ae119b9b2ba18d0216e7235b403229e92fd0743ede48fe7f1a2c6f45d594,"{""distance"":5,""physical_error_rate"":0.0005}","{""detection_events"":1418,""detectors_checked"":688128}"
      3072,         0,         0,   0.025,exact_mw,cdc4a450a40af8e24899239080e4c40992fb5baf91c5a31ab3a165eacb3a1ab3,"{""distance"":5,""physical_error_rate"":0.0002}","{""detection_events"":614,""detectors_checked"":688128}"
      1024,         0,         0,   0.026,exact_mw,bb90ec3459e353008cf9a5bb9142bf1e8515517a9e167021b225104594e48e8a,"{""distance"":5,""physical_error_rate"":0.001}","{""detection_events"":964,""detectors_checked"":229376}"
      3072,         0,         0,   0.032,exact_mw,70a969f5042aec17ac076c6379f4170fb7c69b8e925756ef3b7334e28a33338b,"{""distance"":5,""physical_error_rate"":0.0001}","{""detection_events"":318,""detectors_checked"":688128}"
      3072,         0,         0,   0.029,exact_mw,cb12ae119b9b2ba18d0216e7235b403229e92fd0743ede48fe7f1a2c6f45d594,"{""distance"":5,""physical_error_rate"":0.0005}","{""detection_events"":1576,""detectors_checked"":688128}"
      2048,         0,         0,   0.036,exact_mw,bb90ec3459e353008cf9a5bb9142bf1e8515517a9e167021b225104594e48e8a,"{""distance"":5,""physical_error_rate"":0.001}","{""detection_events"":2078,""detectors_checked"":458752}"
      4096,         0,         0,   0.031,exact_mw,cb12ae119b9b2ba18d0216e7235b403229e92fd0743ede48fe7f1a2c6f45d594,"{""distance"":5,""physical_error_rate"":0.0005}","{""detection_events"":2004,""detectors_checked"":917504}"
      5120,         0,         0,   0.055,exact_mw,cdc4a450a40af8e24899239080e4c40992fb5baf91c5a31ab3a165eacb3a1ab3,"{""distance"":5,""physical_error_rate"":0.0002}","{""detection_events"":994,""detectors_checked"":1146880}"
         1,         0,         0,   0.000,exact_mw,3208f56225bbcac0e2804eb6f92d0a8b681652a702ca1ec920ccd7367f0e0899,"{""distance"":5,""physical_error_rate"":0.002}","{""detectors_checked"":224}"
      4096,         0,         0,   0.057,exact_mw,70a969f5042aec17ac076c6379f4170fb7c69b8e925756ef3b7334e28a33338b,"{""distance"":5,""physical_error_rate"":0.0001}","{""detection_events"":396,""detectors_checked"":917504}"
       272,         0,         0,   0.043,exact_mw,3208f56225bbcac0e2804eb6f92d0a8b681652a702ca1ec920ccd7367f0e0899,"{""distance"":5,""physical_error_rate"":0.002}","{""detection_events"":534,""detectors_checked"":60928}"
      2048,         0,         0,   0.050,exact_mw,bb90ec3459e353008cf9a5bb9142bf1e8515517a9e167021b225104594e48e8a,"{""distance"":5,""physical_error_rate"":0.001}","{""detection_events"":1873,""detectors_checked"":458752}"
    825344,         1,         0,    8.30,exact_mw,cb12ae119b9b2ba18d0216e7235b403229e92fd0743ede48fe7f1a2c6f45d594,"{""distance"":5,""physical_error_rate"":0.0005}","{""detection_events"":408019,""detectors_checked"":184877056,""obs_mistake_mask=E"":1}"
      5120,         0,         0,   0.069,exact_mw,cb12ae119b9b2ba18d0216e7235b403229e92fd0743ede48fe7f1a2c6f45d594,"{""distance"":5,""physical_error_rate"":0.0005}","{""detection_events"":2538,""detectors_checked"":1146880}"
      7168,         0,         0,   0.081,exact_mw,cdc4a450a40af8e24899239080e4c40992fb5baf91c5a31ab3a165eacb3a1ab3,"{""distance"":5,""physical_error_rate"":0.0002}","{""detection_events"":1586,""detectors_checked"":1605632}"
      4096,         0,         0,   0.078,exact_mw,70a969f5042aec17ac076c6379f4170fb7c69b8e925756ef3b7334e28a33338b,"{""distance"":5,""physical_error_rate"":0.0001}","{""detection_events"":479,""detectors_checked"":917504}"
         1,         0,         0,   0.000,exact_mw,38b7ae1c4e8407fc325e0d9e43e9f92ff26dcb3f5cf7b98d24ea74c9e5188d39,"{""distance"":5,""physical_error_rate"":0.005}","{""detection_events"":4,""detectors_checked"":224}"
      3072,         0,         0,   0.075,exact_mw,bb90ec3459e353008cf9a5bb9142bf1e8515517a9e167021b225104594e48e8a,"{""distance"":5,""physical_error_rate"":0.001}","{""detection_events"":3033,""detectors_checked"":688128}"
      1024,         0,         0,   0.085,exact_mw,3208f56225bbcac0e2804eb6f92d0a8b681652a702ca1ec920ccd7367f0e0899,"{""distance"":5,""physical_error_rate"":0.002}","{""detection_events"":1882,""detectors_checked"":229376}"
      7168,         0,         0,   0.078,exact_mw,cb12ae119b9b2ba18d0216e7235b403229e92fd0743ede48fe7f1a2c6f45d594,"{""distance"":5,""physical_error_rate"":0.0005}","{""detection_events"":3461,""detectors_checked"":1605632}"
     10240,         0,         0,   0.110,exact_mw,cdc4a450a40af8e24899239080e4c40992fb5baf91c5a31ab3a165eacb3a1ab3,"{""distance"":5,""physical_error_rate"":0.0002}","{""detection_events"":2079,""detectors_checked"":2293760}"
      3072,         0,         0,   0.079,exact_mw,bb90ec3459e353008cf9a5bb9142bf1e8515517a9e167021b225104594e48e8a,"{""distance"":5,""physical_error_rate"":0.001}","{""detection_events"":2968,""detectors_checked"":688128}"
      8192,         0,         0,   0.116,exact_mw,70a969f5042aec17ac076c6379f4170fb7c69b8e925756ef3b7334e28a33338b,"{""distance"":5,""physical_error_rate"":0.0001}","{""detection_events"":809,""detectors_checked"":1835008}"
   1136640,         2,         0,    11.6,exact_mw,cb12ae119b9b2ba18d0216e7235b403229e92fd0743ede48fe7f1a2c6f45d594,"{""distance"":5,""physical_error_rate"":0.0005}","{""detection_events"":558291,""detectors_checked"":254607360,""obs_mistake_mask=E"":2}"
    326656,         2,         0,    11.7,exact_mw,bb90ec3459e353008cf9a5bb9142bf1e8515517a9e167021b225104594e48e8a,"{""distance"":5,""physical_error_rate"":0.001}","{""detection_events"":319774,""detectors_checked"":73170944,""obs_mistake_mask=E"":2}"
      1024,         0,         0,   0.114,exact_mw,3208f56225bbcac0e2804eb6f92d0a8b681652a702ca1ec920ccd7367f0e0899,"{""distance"":5,""physical_error_rate"":0.002}","{""detection_events"":1979,""detectors_checked"":229376}"
     11264,         0,         0,   0.110,exact_mw,cb12ae119b9b2ba18d0216e7235b403229e92fd0743ede48fe7f1a2c6f45d594,"{""distance"":5,""physical_error_rate"":0.0005}","{""detection_events"":5600,""detectors_checked"":2523136}"
      4096,         0,         0,   0.095,exact_mw,bb90ec3459e353008cf9a5bb9142bf1e8515517a9e167021b225104594e48e8a,"{""distance"":5,""physical_error_rate"":0.001}","{""detection_events"":3988,""detectors_checked"":917504}"
     14336,         0,         0,   0.138,exact_mw,70a969f5042aec17ac076c6379f4170fb7c69b8e925756ef3b7334e28a33338b,"{""distance"":5,""physical_error_rate"":0.0001}","{""detection_events"":1412,""detectors_checked"":3211264}"
     14336,         0,         0,   0.162,exact_mw,cdc4a450a40af8e24899239080e4c40992fb5baf91c5a31ab3a165eacb3a1ab3,"{""distance"":5,""physical_error_rate"":0.0002}","{""detection_events"":2742,""detectors_checked"":3211264}"
       272,         1,         0,   0.240,exact_mw,38b7ae1c4e8407fc325e0d9e43e9f92ff26dcb3f5cf7b98d24ea74c9e5188d39,"{""distance"":5,""physical_error_rate"":0.005}","{""detection_events"":1201,""detectors_checked"":60928,""obs_mistake_mask=E"":1}"
      1024,         0,         0,   0.104,exact_mw,3208f56225bbcac0e2804eb6f92d0a8b681652a702ca1ec920ccd7367f0e0899,"{""distance"":5,""physical_error_rate"":0.002}","{""detection_events"":1896,""detectors_checked"":229376}"
     14336,         0,         0,   0.139,exact_mw,cb12ae119b9b2ba18d0216e7235b403229e92fd0743ede48fe7f1a2c6f45d594,"{""distance"":5,""physical_error_rate"":0.0005}","{""detection_events"":6835,""detectors_checked"":3211264}"
      5120,         0,         0,   0.140,exact_mw,bb90ec3459e353008cf9a5bb9142bf1e8515517a9e167021b225104594e48e8a,"{""distance"":5,""physical_error_rate"":0.001}","{""detection_events"":4978,""detectors_checked"":1146880}"
     18432,         0,         0,   0.211,exact_mw,70a969f5042aec17ac076c6379f4170fb7c69b8e925756ef3b7334e28a33338b,"{""distance"":5,""physical_error_rate"":0.0001}","{""detection_events"":1831,""detectors_checked"":4128768}"
     18432,         0,         0,   0.213,exact_mw,cdc4a450a40af8e24899239080e4c40992fb5baf91c5a31ab3a165eacb3a1ab3,"{""distance"":5,""physical_error_rate"":0.0002}","{""detection_events"":3617,""detectors_checked"":4128768}"
   1320960,         0,         0,    11.6,exact_mw,cdc4a450a40af8e24899239080e4c40992fb5baf91c5a31ab3a165eacb3a1ab3,"{""distance"":5,""physical_error_rate"":0.0002}","{""detection_events"":259641,""detectors_checked"":295895040}"
     18432,         0,         0,   0.209,exact_mw,cb12ae119b9b2ba18d0216e7235b403229e92fd0743ede48fe7f1a2c6f45d594,"{""distance"":5,""physical_error_rate"":0.0005}","{""detection_events"":9136,""detectors_checked"":4128768}"
    442368,         0,         0,    11.7,exact_mw,cdc4a450a40af8e24899239080e4c40992fb5baf91c5a31ab3a165eacb3a1ab3,"{""distance"":5,""physical_error_rate"":0.0002}","{""detection_events"":87474,""detectors_checked"":99090432}"
      7168,         0,         0,   0.207,exact_mw,bb90ec3459e353008cf9a5bb9142bf1e8515517a9e167021b225104594e48e8a,"{""distance"":5,""physical_error_rate"":0.001}","{""detection_events"":7195,""detectors_checked"":1605632}"
    163840,         0,         0,    8.33,exact_mw,f32ebecd8e105e50ec838d33c5ed9b45444b6b44a3c6ac541111079f2b14e893,"{""distance"":5,""physical_error_rate"":5e-05}","{""detection_events"":8040,""detectors_checked"":36700160}"
   1145856,         1,         0,    11.6,exact_mw,cb12ae119b9b2ba18d0216e7235b403229e92fd0743ede48fe7f1a2c6f45d594,"{""distance"":5,""physical_error_rate"":0.0005}","{""detection_events"":563914,""detectors_checked"":256671744,""obs_mistake_mask=E"":1}"
    321536,         0,         0,    11.5,exact_mw,70a969f5042aec17ac076c6379f4170fb7c69b8e925756ef3b7334e28a33338b,"{""distance"":5,""physical_error_rate"":0.0001}","{""detection_events"":31966,""detectors_checked"":72024064}"
     24576,         0,         0,   0.298,exact_mw,70a969f5042aec17ac076c6379f4170fb7c69b8e925756ef3b7334e28a33338b,"{""distance"":5,""physical_error_rate"":0.0001}","{""detection_events"":2364,""detectors_checked"":5505024}"
     26624,         0,         0,   0.297,exact_mw,cdc4a450a40af8e24899239080e4c40992fb5baf91c5a31ab3a165eacb3a1ab3,"{""distance"":5,""physical_error_rate"":0.0002}","{""detection_events"":5458,""detectors_checked"":5963776}"
   1134592,         0,         0,    8.34,exact_mw,f32ebecd8e105e50ec838d33c5ed9b45444b6b44a3c6ac541111079f2b14e893,"{""distance"":5,""physical_error_rate"":5e-05}","{""detection_events"":55956,""detectors_checked"":254148608}"
      1024,         0,         0,   0.515,exact_mw,3208f56225bbcac0e2804eb6f92d0a8b681652a702ca1ec920ccd7367f0e0899,"{""distance"":5,""physical_error_rate"":0.002}","{""detection_events"":2029,""detectors_checked"":229376}"
   1105920,         0,         0,    11.6,exact_mw,f32ebecd8e105e50ec838d33c5ed9b45444b6b44a3c6ac541111079f2b14e893,"{""distance"":5,""physical_error_rate"":5e-05}","{""detection_events"":54555,""detectors_checked"":247726080}"
       512,         0,         0,   0.540,exact_mw,38b7ae1c4e8407fc325e0d9e43e9f92ff26dcb3f5cf7b98d24ea74c9e5188d39,"{""distance"":5,""physical_error_rate"":0.005}","{""detection_events"":2331,""detectors_checked"":114688}"
      7680,         5,         0,    8.43,exact_mw,38b7ae1c4e8407fc325e0d9e43e9f92ff26dcb3f5cf7b98d24ea74c9e5188d39,"{""distance"":5,""physical_error_rate"":0.005}","{""detection_events"":36695,""detectors_checked"":1720320,""obs_mistake_mask=E"":5}"
     27648,         0,         0,   0.294,exact_mw,cb12ae119b9b2ba18d0216e7235b403229e92fd0743ede48fe7f1a2c6f45d594,"{""distance"":5,""physical_error_rate"":0.0005}","{""detection_events"":13699,""detectors_checked"":6193152}"
    342016,         0,         0,    11.8,exact_mw,bb90ec3459e353008cf9a5bb9142bf1e8515517a9e167021b225104594e48e8a,"{""distance"":5,""physical_error_rate"":0.001}","{""detection_events"":337974,""detectors_checked"":76611584}"
    656384,         0,         0,    5.91,exact_mw,70a969f5042aec17ac076c6379f4170fb7c69b8e925756ef3b7334e28a33338b,"{""distance"":5,""physical_error_rate"":0.0001}","{""detection_events"":65955,""detectors_checked"":147030016}"
    303104,         0,         0,    11.4,exact_mw,70a969f5042aec17ac076c6379f4170fb7c69b8e925756ef3b7334e28a33338b,"{""distance"":5,""physical_error_rate"":0.0001}","{""detection_events"":29953,""detectors_checked"":67895296}"
      2321,         0,         0,   0.022,exact_mw,f32ebecd8e105e50ec838d33c5ed9b45444b6b44a3c6ac541111079f2b14e893,"{""distance"":5,""physical_error_rate"":5e-05}","{""detection_events"":91,""detectors_checked"":519904}"
     13312,         0,         0,   0.293,exact_mw,bb90ec3459e353008cf9a5bb9142bf1e8515517a9e167021b225104594e48e8a,"{""distance"":5,""physical_error_rate"":0.001}","{""detection_events"":13099,""detectors_checked"":2981888}"
      2048,         0,         0,   0.017,exact_mw,f32ebecd8e105e50ec838d33c5ed9b45444b6b44a3c6ac541111079f2b14e893,"{""distance"":5,""physical_error_rate"":5e-05}","{""detection_events"":107,""detectors_checked"":458752}"
      3072,         0,         0,   0.029,exact_mw,f32ebecd8e105e50ec838d33c5ed9b45444b6b44a3c6ac541111079f2b14e893,"{""distance"":5,""physical_error_rate"":5e-05}","{""detection_events"":158,""detectors_checked"":688128}"
     94208,         6,         0,    11.8,exact_mw,3208f56225bbcac0e2804eb6f92d0a8b681652a702ca1ec920ccd7367f0e0899,"{""distance"":5,""physical_error_rate"":0.002}","{""detection_events"":181739,""detectors_checked"":21102592,""obs_mistake_mask=E"":6}"
     78848,         0,         0,    11.7,exact_mw,bb90ec3459e353008cf9a5bb9142bf1e8515517a9e167021b225104594e48e8a,"{""distance"":5,""physical_error_rate"":0.001}","{""detection_events"":77270,""detectors_checked"":17661952}"
      3072,         0,         0,   0.029,exact_mw,f32ebecd8e105e50ec838d33c5ed9b45444b6b44a3c6ac541111079f2b14e893,"{""distance"":5,""physical_error_rate"":5e-05}","{""detection_events"":137,""detectors_checked"":688128}"
      4096,         0,         0,   0.046,exact_mw,f32ebecd8e105e50ec838d33c5ed9b45444b6b44a3c6ac541111079f2b14e893,"{""distance"":5,""physical_error_rate"":5e-05}","{""detection_events"":262,""detectors_checked"":917504}"
      1216,         1,         0,    6.20,exact_mw,38b7ae1c4e8407fc325e0d9e43e9f92ff26dcb3f5cf7b98d24ea74c9e5188d39,"{""distance"":5,""physical_error_rate"":0.005}","{""detection_events"":5924,""detectors_checked"":272384,""obs_mistake_mask=E"":1}"
      1024,         0,         0,   0.243,exact_mw,3208f56225bbcac0e2804eb6f92d0a8b681652a702ca1ec920ccd7367f0e0899,"{""distance"":5,""physical_error_rate"":0.002}","{""detection_events"":2070,""detectors_checked"":229376}"
      8192,         0,         0,   0.055,exact_mw,f32ebecd8e105e50ec838d33c5ed9b45444b6b44a3c6ac541111079f2b14e893,"{""distance"":5,""physical_error_rate"":5e-05}","{""detection_events"":440,""detectors_checked"":1835008}"
     10240,         0,         0,   0.076,exact_mw,f32ebecd8e105e50ec838d33c5ed9b45444b6b44a3c6ac541111079f2b14e893,"{""distance"":5,""physical_error_rate"":5e-05}","{""detection_events"":552,""detectors_checked"":2293760}"
     38912,         0,         0,   0.405,exact_mw,70a969f5042aec17ac076c6379f4170fb7c69b8e925756ef3b7334e28a33338b,"{""distance"":5,""physical_error_rate"":0.0001}","{""detection_events"":3799,""detectors_checked"":8716288}"
     36864,         0,         0,   0.414,exact_mw,cdc4a450a40af8e24899239080e4c40992fb5baf91c5a31ab3a165eacb3a1ab3,"{""distance"":5,""physical_error_rate"":0.0002}","{""detection_events"":7205,""detectors_checked"":8257536}"
    345088,         1,         0,    11.7,exact_mw,cb12ae119b9b2ba18d0216e7235b403229e92fd0743ede48fe7f1a2c6f45d594,"{""distance"":5,""physical_error_rate"":0.0005}","{""detection_events"":170889,""detectors_checked"":77299712,""obs_mistake_mask=E"":1}"
     28672,         0,         0,   0.408,exact_mw,cb12ae119b9b2ba18d0216e7235b403229e92fd0743ede48fe7f1a2c6f45d594,"{""distance"":5,""physical_error_rate"":0.0005}","{""detection_events"":13857,""detectors_checked"":6422528}"
      9216,         0,         0,   0.106,exact_mw,f32ebecd8e105e50ec838d33c5ed9b45444b6b44a3c6ac541111079f2b14e893,"{""distance"":5,""physical_error_rate"":5e-05}","{""detection_events"":531,""detectors_checked"":2064384}"
      1024,         0,         0,   0.216,exact_mw,3208f56225bbcac0e2804eb6f92d0a8b681652a702ca1ec920ccd7367f0e0899,"{""distance"":5,""physical_error_rate"":0.002}","{""detection_events"":1948,""detectors_checked"":229376}"
     15360,         0,         0,   0.392,exact_mw,bb90ec3459e353008cf9a5bb9142bf1e8515517a9e167021b225104594e48e8a,"{""distance"":5,""physical_error_rate"":0.001}","{""detection_events"":15180,""detectors_checked"":3440640}"
     20480,         0,         0,   0.151,exact_mw,f32ebecd8e105e50ec838d33c5ed9b45444b6b44a3c6ac541111079f2b14e893,"{""distance"":5,""physical_error_rate"":5e-05}","{""detection_events"":995,""detectors_checked"":4587520}"
      2048,         0,         0,   0.320,exact_mw,3208f56225bbcac0e2804eb6f92d0a8b681652a702ca1ec920ccd7367f0e0899,"{""distance"":5,""physical_error_rate"":0.002}","{""detection_events"":3883,""detectors_checked"":458752}"
     25600,         0,         0,   0.206,exact_mw,f32ebecd8e105e50ec838d33c5ed9b45444b6b44a3c6ac541111079f2b14e893,"{""distance"":5,""physical_error_rate"":5e-05}","{""detection_events"":1265,""detectors_checked"":5734400}"
     72704,         0,         0,   0.567,exact_mw,70a969f5042aec17ac076c6379f4170fb7c69b8e925756ef3b7334e28a33338b,"{""distance"":5,""physical_error_rate"":0.0001}","{""detection_events"":7283,""detectors_checked"":16285696}"
     51200,         0,         0,   0.565,exact_mw,cdc4a450a40af8e24899239080e4c40992fb5baf91c5a31ab3a165eacb3a1ab3,"{""distance"":5,""physical_error_rate"":0.0002}","{""detection_events"":10064,""detectors_checked"":11468800}"
      5632,         6,         0,    6.06,exact_mw,38b7ae1c4e8407fc325e0d9e43e9f92ff26dcb3f5cf7b98d24ea74c9e5188d39,"{""distance"":5,""physical_error_rate"":0.005}","{""detection_events"":26976,""detectors_checked"":1261568,""obs_mistake_mask=E"":6}"
   1437696,         0,         0,    11.6,exact_mw,cdc4a450a40af8e24899239080e4c40992fb5baf91c5a31ab3a165eacb3a1ab3,"{""distance"":5,""physical_error_rate"":0.0002}","{""detection_events"":282514,""detectors_checked"":322043904}"
       512,         0,         0,   0.971,exact_mw,38b7ae1c4e8407fc325e0d9e43e9f92ff26dcb3f5cf7b98d24ea74c9e5188d39,"{""distance"":5,""physical_error_rate"":0.005}","{""detection_events"":2588,""detectors_checked"":114688}"
     37888,         0,         0,   0.567,exact_mw,cb12ae119b9b2ba18d0216e7235b403229e92fd0743ede48fe7f1a2c6f45d594,"{""distance"":5,""physical_error_rate"":0.0005}","{""detection_events"":18527,""detectors_checked"":8486912}"
     23552,         0,         0,   0.566,exact_mw,bb90ec3459e353008cf9a5bb9142bf1e8515517a9e167021b225104594e48e8a,"{""distance"":5,""physical_error_rate"":0.001}","{""detection_events"":22911,""detectors_checked"":5275648}"
      1024,         0,         0,   0.297,exact_mw,3208f56225bbcac0e2804eb6f92d0a8b681652a702ca1ec920ccd7367f0e0899,"{""distance"":5,""physical_error_rate"":0.002}","{""detection_events"":2000,""detectors_checked"":229376}"
     28672,         0,         0,   0.300,exact_mw,f32ebecd8e105e50ec838d33c5ed9b45444b6b44a3c6ac541111079f2b14e893,"{""distance"":5,""physical_error_rate"":5e-05}","{""detection_events"":1426,""detectors_checked"":6422528}"
      1664,         1,         0,    9.49,exact_mw,38b7ae1c4e8407fc325e0d9e43e9f92ff26dcb3f5cf7b98d24ea74c9e5188d39,"{""distance"":5,""physical_error_rate"":0.005}","{""detection_events"":7785,""detectors_checked"":372736,""obs_mistake_mask=E"":1}"
     82944,         5,         0,    11.8,exact_mw,3208f56225bbcac0e2804eb6f92d0a8b681652a702ca1ec920ccd7367f0e0899,"{""distance"":5,""physical_error_rate"":0.002}","{""detection_events"":160585,""detectors_checked"":18579456,""obs_mistake_mask=E"":5}"
      2048,         0,         0,   0.360,exact_mw,3208f56225bbcac0e2804eb6f92d0a8b681652a702ca1ec920ccd7367f0e0899,"{""distance"":5,""physical_error_rate"":0.002}","{""detection_events"":4047,""detectors_checked"":458752}"
     51200,         0,         0,   0.399,exact_mw,f32ebecd8e105e50ec838d33c5ed9b45444b6b44a3c6ac541111079f2b14e893,"{""distance"":5,""physical_error_rate"":5e-05}","{""detection_events"":2565,""detectors_checked"":11468800}"
    994304,         0,         0,    8.28,exact_mw,cdc4a450a40af8e24899239080e4c40992fb5baf91c5a31ab3a165eacb3a1ab3,"{""distance"":5,""physical_error_rate"":0.0002}","{""detection_events"":196874,""detectors_checked"":222724096}"
    847872,         2,         0,    8.32,exact_mw,cb12ae119b9b2ba18d0216e7235b403229e92fd0743ede48fe7f1a2c6f45d594,"{""distance"":5,""physical_error_rate"":0.0005}","{""detection_events"":417496,""detectors_checked"":189923328,""obs_mistake_mask=E"":2}"
    106496,         0,         0,   0.803,exact_mw,70a969f5042aec17ac076c6379f4170fb7c69b8e925756ef3b7334e28a33338b,"{""distance"":5,""physical_error_rate"":0.0001}","{""detection_events"":10412,""detectors_checked"":23855104}"
     97280,         0,         0,   0.800,exact_mw,cdc4a450a40af8e24899239080e4c40992fb5baf91c5a31ab3a165eacb3a1ab3,"{""distance"":5,""physical_error_rate"":0.0002}","{""detection_events"":19116,""detectors_checked"":21790720}"
     53248,         0,         0,   0.791,exact_mw,cb12ae119b9b2ba18d0216e7235b403229e92fd0743ede48fe7f1a2c6f45d594,"{""distance"":5,""physical_error_rate"":0.0005}","{""detection_events"":26105,""detectors_checked"":11927552}"
       512,         0,         0,   0.855,exact_mw,38b7ae1c4e8407fc325e0d9e43e9f92ff26dcb3f5cf7b98d24ea74c9e5188d39,"{""distance"":5,""physical_error_rate"":0.005}","{""detection_events"":2605,""detectors_checked"":114688}"
     31744,         0,         0,   0.791,exact_mw,bb90ec3459e353008cf9a5bb9142bf1e8515517a9e167021b225104594e48e8a,"{""distance"":5,""physical_error_rate"":0.001}","{""detection_events"":31405,""detectors_checked"":7110656}"
    409600,         1,         0,    11.7,exact_mw,bb90ec3459e353008cf9a5bb9142bf1e8515517a9e167021b225104594e48e8a,"{""distance"":5,""physical_error_rate"":0.001}","{""detection_events"":402532,""detectors_checked"":91750400,""obs_mistake_mask=E"":1}"
      2048,         0,         0,   0.433,exact_mw,3208f56225bbcac0e2804eb6f92d0a8b681652a702ca1ec920ccd7367f0e0899,"{""distance"":5,""physical_error_rate"":0.002}","{""detection_events"":3962,""detectors_checked"":458752}"
    290816,         1,         0,    8.36,exact_mw,bb90ec3459e353008cf9a5bb9142bf1e8515517a9e167021b225104594e48e8a,"{""distance"":5,""physical_error_rate"":0.001}","{""detection_events"":285662,""detectors_checked"":65142784,""obs_mistake_mask=E"":1}"
     73728,         0,         0,   0.565,exact_mw,f32ebecd8e105e50ec838d33c5ed9b45444b6b44a3c6ac541111079f2b14e893,"{""distance"":5,""physical_error_rate"":5e-05}","{""detection_events"":3684,""detectors_checked"":16515072}"
       512,         2,         0,   0.572,exact_mw,38b7ae1c4e8407fc325e0d9e43e9f92ff26dcb3f5cf7b98d24ea74c9e5188d39,"{""distance"":5,""physical_error_rate"":0.005}","{""detection_events"":2401,""detectors_checked"":114688,""obs_mistake_mask=E"":2}"
      4096,         0,         0,   0.615,exact_mw,3208f56225bbcac0e2804eb6f92d0a8b681652a702ca1ec920ccd7367f0e0899,"{""distance"":5,""physical_error_rate"":0.002}","{""detection_events"":7706,""detectors_checked"":917504}"
     60416,         3,         0,    8.42,exact_mw,3208f56225bbcac0e2804eb6f92d0a8b681652a702ca1ec920ccd7367f0e0899,"{""distance"":5,""physical_error_rate"":0.002}","{""detection_events"":117372,""detectors_checked"":13533184,""obs_mistake_mask=E"":3}"
    148480,         0,         0,    1.11,exact_mw,cdc4a450a40af8e24899239080e4c40992fb5baf91c5a31ab3a165eacb3a1ab3,"{""distance"":5,""physical_error_rate"":0.0002}","{""detection_events"":28792,""detectors_checked"":33259520}"
    112640,         0,         0,   0.803,exact_mw,f32ebecd8e105e50ec838d33c5ed9b45444b6b44a3c6ac541111079f2b14e893,"{""distance"":5,""physical_error_rate"":5e-05}","{""detection_events"":5704,""detectors_checked"":25231360}"
    149504,         0,         0,    1.11,exact_mw,70a969f5042aec17ac076c6379f4170fb7c69b8e925756ef3b7334e28a33338b,"{""distance"":5,""physical_error_rate"":0.0001}","{""detection_events"":14640,""detectors_checked"":33488896}"
    123904,         0,         0,    1.10,exact_mw,cb12ae119b9b2ba18d0216e7235b403229e92fd0743ede48fe7f1a2c6f45d594,"{""distance"":5,""physical_error_rate"":0.0005}","{""detection_events"":61334,""detectors_checked"":27754496}"
       640,         2,         0,    6.20,exact_mw,72230d8c06b5a71069df48ede6f7f3e6128cd83e8239dd1b2e5fe023578b6eb1,"{""distance"":5,""physical_error_rate"":0.01}","{""detection_events"":5994,""detectors_checked"":143360,""obs_mistake_mask=E"":2}"
       512,         1,         0,   0.555,exact_mw,38b7ae1c4e8407fc325e0d9e43e9f92ff26dcb3f5cf7b98d24ea74c9e5188d39,"{""distance"":5,""physical_error_rate"":0.005}","{""detection_events"":2434,""detectors_checked"":114688,""obs_mistake_mask=E"":1}"
     43008,         0,         0,    1.11,exact_mw,bb90ec3459e353008cf9a5bb9142bf1e8515517a9e167021b225104594e48e8a,"{""distance"":5,""physical_error_rate"":0.001}","{""detection_events"":42863,""detectors_checked"":9633792}"
      7168,         1,         0,   0.885,exact_mw,3208f56225bbcac0e2804eb6f92d0a8b681652a702ca1ec920ccd7367f0e0899,"{""distance"":5,""physical_error_rate"":0.002}","{""detection_events"":13925,""detectors_checked"":1605632,""obs_mistake_mask=E"":1}"
       512,         0,         0,   0.452,exact_mw,38b7ae1c4e8407fc325e0d9e43e9f92ff26dcb3f5cf7b98d24ea74c9e5188d39,"{""distance"":5,""physical_error_rate"":0.005}","{""detection_events"":2387,""detectors_checked"":114688}"
     56320,         4,         0,    8.40,exact_mw,3208f56225bbcac0e2804eb6f92d0a8b681652a702ca1ec920ccd7367f0e0899,"{""distance"":5,""physical_error_rate"":0.002}","{""detection_events"":109983,""detectors_checked"":12615680,""obs_mistake_mask=E"":4}"
    156672,         0,         0,    1.10,exact_mw,f32ebecd8e105e50ec838d33c5ed9b45444b6b44a3c6ac541111079f2b14e893,"{""distance"":5,""physical_error_rate"":5e-05}","{""detection_events"":7881,""detectors_checked"":35094528}"
       512,         1,         0,   0.577,exact_mw,38b7ae1c4e8407fc325e0d9e43e9f92ff26dcb3f5cf7b98d24ea74c9e5188d39,"{""distance"":5,""physical_error_rate"":0.005}","{""detection_events"":2425,""detectors_checked"":114688,""obs_mistake_mask=E"":1}"
     59392,         4,         0,    12.1,exact_mw,3208f56225bbcac0e2804eb6f92d0a8b681652a702ca1ec920ccd7367f0e0899,"{""distance"":5,""physical_error_rate"":0.002}","{""detection_events"":116701,""detectors_checked"":13303808,""obs_mistake_mask=E"":4}"
      2944,        21,         0,    11.7,exact_mw,72230d8c06b5a71069df48ede6f7f3e6128cd83e8239dd1b2e5fe023578b6eb1,"{""distance"":5,""physical_error_rate"":0.01}","{""detection_events"":27315,""detectors_checked"":659456,""obs_mistake_mask=E"":21}"
      3072,        21,         0,    11.8,exact_mw,72230d8c06b5a71069df48ede6f7f3e6128cd83e8239dd1b2e5fe023578b6eb1,"{""distance"":5,""physical_error_rate"":0.01}","{""detection_events"":28599,""detectors_checked"":688128,""obs_mistake_mask=E"":21}"
    215040,         0,         0,    1.52,exact_mw,70a969f5042aec17ac076c6379f4170fb7c69b8e925756ef3b7334e28a33338b,"{""distance"":5,""physical_error_rate"":0.0001}","{""detection_events"":20797,""detectors_checked"":48168960}"
    210944,         0,         0,    1.56,exact_mw,cdc4a450a40af8e24899239080e4c40992fb5baf91c5a31ab3a165eacb3a1ab3,"{""distance"":5,""physical_error_rate"":0.0002}","{""detection_events"":41610,""detectors_checked"":47251456}"
    160768,         0,         0,    1.57,exact_mw,cb12ae119b9b2ba18d0216e7235b403229e92fd0743ede48fe7f1a2c6f45d594,"{""distance"":5,""physical_error_rate"":0.0005}","{""detection_events"":79166,""detectors_checked"":36012032}"
       512,         0,         0,   0.531,exact_mw,38b7ae1c4e8407fc325e0d9e43e9f92ff26dcb3f5cf7b98d24ea74c9e5188d39,"{""distance"":5,""physical_error_rate"":0.005}","{""detection_events"":2256,""detectors_checked"":114688}"
     61440,         2,         0,    1.56,exact_mw,bb90ec3459e353008cf9a5bb9142bf1e8515517a9e167021b225104594e48e8a,"{""distance"":5,""physical_error_rate"":0.001}","{""detection_events"":59911,""detectors_checked"":13762560,""obs_mistake_mask=E"":2}"
      9216,         1,         0,    1.18,exact_mw,3208f56225bbcac0e2804eb6f92d0a8b681652a702ca1ec920ccd7367f0e0899,"{""distance"":5,""physical_error_rate"":0.002}","{""detection_events"":18017,""detectors_checked"":2064384,""obs_mistake_mask=E"":1}"
       512,         0,         0,   0.491,exact_mw,38b7ae1c4e8407fc325e0d9e43e9f92ff26dcb3f5cf7b98d24ea74c9e5188d39,"{""distance"":5,""physical_error_rate"":0.005}","{""detection_events"":2380,""detectors_checked"":114688}"
    215040,         0,         0,    1.54,exact_mw,f32ebecd8e105e50ec838d33c5ed9b45444b6b44a3c6ac541111079f2b14e893,"{""distance"":5,""physical_error_rate"":5e-05}","{""detection_events"":10693,""detectors_checked"":48168960}"
       512,         0,         0,   0.531,exact_mw,38b7ae1c4e8407fc325e0d9e43e9f92ff26dcb3f5cf7b98d24ea74c9e5188d39,"{""distance"":5,""physical_error_rate"":0.005}","{""detection_events"":2467,""detectors_checked"":114688}"
      1984,        14,         0,    12.2,exact_mw,72230d8c06b5a71069df48ede6f7f3e6128cd83e8239dd1b2e5fe023578b6eb1,"{""distance"":5,""physical_error_rate"":0.01}","{""detection_events"":18805,""detectors_checked"":444416,""obs_mistake_mask=E"":14}"
       864,         4,         0,    8.78,exact_mw,72230d8c06b5a71069df48ede6f7f3e6128cd83e8239dd1b2e5fe023578b6eb1,"{""distance"":5,""physical_error_rate"":0.01}","{""detection_events"":7819,""detectors_checked"":193536,""obs_mistake_mask=E"":4}"
     10240,        10,         0,    12.1,exact_mw,38b7ae1c4e8407fc325e0d9e43e9f92ff26dcb3f5cf7b98d24ea74c9e5188d39,"{""distance"":5,""physical_error_rate"":0.005}","{""detection_events"":49112,""detectors_checked"":2293760,""obs_mistake_mask=E"":10}"
      3584,        22,         0,    12.4,exact_mw,72230d8c06b5a71069df48ede6f7f3e6128cd83e8239dd1b2e5fe023578b6eb1,"{""distance"":5,""physical_error_rate"":0.01}","{""detection_events"":34058,""detectors_checked"":802816,""obs_mistake_mask=E"":22}"
     59392,         1,         0,    12.4,exact_mw,3208f56225bbcac0e2804eb6f92d0a8b681652a702ca1ec920ccd7367f0e0899,"{""distance"":5,""physical_error_rate"":0.002}","{""detection_events"":114419,""detectors_checked"":13303808,""obs_mistake_mask=E"":1}"
     12288,         4,         0,    1.57,exact_mw,3208f56225bbcac0e2804eb6f92d0a8b681652a702ca1ec920ccd7367f0e0899,"{""distance"":5,""physical_error_rate"":0.002}","{""detection_events"":23715,""detectors_checked"":2752512,""obs_mistake_mask=E"":4}"
     11264,         7,         0,    12.2,exact_mw,38b7ae1c4e8407fc325e0d9e43e9f92ff26dcb3f5cf7b98d24ea74c9e5188d39,"{""distance"":5,""physical_error_rate"":0.005}","{""detection_events"":54815,""detectors_checked"":2523136,""obs_mistake_mask=E"":7}"
    354304,         0,         0,    8.27,exact_mw,cdc4a450a40af8e24899239080e4c40992fb5baf91c5a31ab3a165eacb3a1ab3,"{""distance"":5,""physical_error_rate"":0.0002}","{""detection_events"":69774,""detectors_checked"":79364096}"
    309248,         0,         0,    11.6,exact_mw,70a969f5042aec17ac076c6379f4170fb7c69b8e925756ef3b7334e28a33338b,"{""distance"":5,""physical_error_rate"":0.0001}","{""detection_events"":30423,""detectors_checked"":69271552}"
    303104,         0,         0,    2.17,exact_mw,70a969f5042aec17ac076c6379f4170fb7c69b8e925756ef3b7334e28a33338b,"{""distance"":5,""physical_error_rate"":0.0001}","{""detection_events"":29841,""detectors_checked"":67895296}"
    293888,         0,         0,    2.17,exact_mw,cdc4a450a40af8e24899239080e4c40992fb5baf91c5a31ab3a165eacb3a1ab3,"{""distance"":5,""physical_error_rate"":0.0002}","{""detection_events"":58176,""detectors_checked"":65830912}"
      1024,         1,         0,    1.09,exact_mw,38b7ae1c4e8407fc325e0d9e43e9f92ff26dcb3f5cf7b98d24ea74c9e5188d39,"{""distance"":5,""physical_error_rate"":0.005}","{""detection_events"":4971,""detectors_checked"":229376,""obs_mistake_mask=E"":1}"
    219136,         0,         0,    2.15,exact_mw,cb12ae119b9b2ba18d0216e7235b403229e92fd0743ede48fe7f1a2c6f45d594,"{""distance"":5,""physical_error_rate"":0.0005}","{""detection_events"":107559,""detectors_checked"":49086464}"
     82944,         0,         0,    2.20,exact_mw,bb90ec3459e353008cf9a5bb9142bf1e8515517a9e167021b225104594e48e8a,"{""distance"":5,""physical_error_rate"":0.001}","{""detection_events"":80285,""detectors_checked"":18579456}"
       832,         5,         0,    8.63,exact_mw,72230d8c06b5a71069df48ede6f7f3e6128cd83e8239dd1b2e5fe023578b6eb1,"{""distance"":5,""physical_error_rate"":0.01}","{""detection_events"":7592,""detectors_checked"":186368,""obs_mistake_mask=E"":5}"
    305152,         0,         0,    2.15,exact_mw,f32ebecd8e105e50ec838d33c5ed9b45444b6b44a3c6ac541111079f2b14e893,"{""distance"":5,""physical_error_rate"":5e-05}","{""detection_events"":14709,""detectors_checked"":68354048}"
      1024,         1,         0,    1.13,exact_mw,38b7ae1c4e8407fc325e0d9e43e9f92ff26dcb3f5cf7b98d24ea74c9e5188d39,"{""distance"":5,""physical_error_rate"":0.005}","{""detection_events"":4847,""detectors_checked"":229376,""obs_mistake_mask=E"":1}"
      2048,         3,         0,    12.0,exact_mw,38b7ae1c4e8407fc325e0d9e43e9f92ff26dcb3f5cf7b98d24ea74c9e5188d39,"{""distance"":5,""physical_error_rate"":0.005}","{""detection_events"":9750,""detectors_checked"":458752,""obs_mistake_mask=E"":3}"
   1482752,         0,         0,    11.6,exact_mw,70a969f5042aec17ac076c6379f4170fb7c69b8e925756ef3b7334e28a33338b,"{""distance"":5,""physical_error_rate"":0.0001}","{""detection_events"":146649,""detectors_checked"":332136448}"
     18432,         0,         0,    2.23,exact_mw,3208f56225bbcac0e2804eb6f92d0a8b681652a702ca1ec920ccd7367f0e0899,"{""distance"":5,""physical_error_rate"":0.002}","{""detection_events"":36274,""detectors_checked"":4128768}"
    564224,         0,         0,    8.18,exact_mw,70a969f5042aec17ac076c6379f4170fb7c69b8e925756ef3b7334e28a33338b,"{""distance"":5,""physical_error_rate"":0.0001}","{""detection_events"":56096,""detectors_checked"":126386176}"
   1054720,         0,         0,    11.6,exact_mw,f32ebecd8e105e50ec838d33c5ed9b45444b6b44a3c6ac541111079f2b14e893,"{""distance"":5,""physical_error_rate"":5e-05}","{""detection_events"":52307,""detectors_checked"":236257280}"
      7424,         4,         0,    8.55,exact_mw,38b7ae1c4e8407fc325e0d9e43e9f92ff26dcb3f5cf7b98d24ea74c9e5188d39,"{""distance"":5,""physical_error_rate"":0.005}","{""detection_events"":35797,""detectors_checked"":1662976,""obs_mistake_mask=E"":4}"
      1024,         3,         0,    1.11,exact_mw,38b7ae1c4e8407fc325e0d9e43e9f92ff26dcb3f5cf7b98d24ea74c9e5188d39,"{""distance"":5,""physical_error_rate"":0.005}","{""detection_events"":4661,""detectors_checked"":229376,""obs_mistake_mask=E"":3}"
    395264,         0,         0,    3.05,exact_mw,70a969f5042aec17ac076c6379f4170fb7c69b8e925756ef3b7334e28a33338b,"{""distance"":5,""physical_error_rate"":0.0001}","{""detection_events"":38585,""detectors_checked"":88539136}"
    388096,         0,         0,    3.05,exact_mw,cdc4a450a40af8e24899239080e4c40992fb5baf91c5a31ab3a165eacb3a1ab3,"{""distance"":5,""physical_error_rate"":0.0002}","{""detection_events"":77040,""detectors_checked"":86933504}"
      7680,        10,         0,    8.72,exact_mw,38b7ae1c4e8407fc325e0d9e43e9f92ff26dcb3f5cf7b98d24ea74c9e5188d39,"{""distance"":5,""physical_error_rate"":0.005}","{""detection_events"":36750,""detectors_checked"":1720320,""obs_mistake_mask=E"":10}"
    313344,         0,         0,    3.03,exact_mw,cb12ae119b9b2ba18d0216e7235b403229e92fd0743ede48fe7f1a2c6f45d594,"{""distance"":5,""physical_error_rate"":0.0005}","{""detection_events"":153541,""detectors_checked"":70189056}"
    123904,         0,         0,    3.06,exact_mw,bb90ec3459e353008cf9a5bb9142bf1e8515517a9e167021b225104594e48e8a,"{""distance"":5,""physical_error_rate"":0.001}","{""detection_events"":121470,""detectors_checked"":27754496}"
      2784,        20,         0,    11.9,exact_mw,72230d8c06b5a71069df48ede6f7f3e6128cd83e8239dd1b2e5fe023578b6eb1,"{""distance"":5,""physical_error_rate"":0.01}","{""detection_events"":25957,""detectors_checked"":623616,""obs_mistake_mask=E"":20}"
    446464,         3,         0,    11.6,exact_mw,bb90ec3459e353008cf9a5bb9142bf1e8515517a9e167021b225104594e48e8a,"{""distance"":5,""physical_error_rate"":0.001}","{""detection_events"":436539,""detectors_checked"":100007936,""obs_mistake_mask=E"":3}"
    379904,         0,         0,    3.03,exact_mw,f32ebecd8e105e50ec838d33c5ed9b45444b6b44a3c6ac541111079f2b14e893,"{""distance"":5,""physical_error_rate"":5e-05}","{""detection_events"":18769,""detectors_checked"":85098496}"
      1536,         1,         0,    1.92,exact_mw,38b7ae1c4e8407fc325e0d9e43e9f92ff26dcb3f5cf7b98d24ea74c9e5188d39,"{""distance"":5,""physical_error_rate"":0.005}","{""detection_events"":7591,""detectors_checked"":344064,""obs_mistake_mask=E"":1}"
   1101824,         0,         0,    11.6,exact_mw,cb12ae119b9b2ba18d0216e7235b403229e92fd0743ede48fe7f1a2c6f45d594,"{""distance"":5,""physical_error_rate"":0.0005}","{""detection_events"":541325,""detectors_checked"":246808576}"
     20480,         2,         0,    3.07,exact_mw,3208f56225bbcac0e2804eb6f92d0a8b681652a702ca1ec920ccd7367f0e0899,"{""distance"":5,""physical_error_rate"":0.002}","{""detection_events"":40414,""detectors_checked"":4587520,""obs_mistake_mask=E"":2}"
   1438720,         0,         0,    11.6,exact_mw,f32ebecd8e105e50ec838d33c5ed9b45444b6b44a3c6ac541111079f2b14e893,"{""distance"":5,""physical_error_rate"":5e-05}","{""detection_events"":71254,""detectors_checked"":322273280}"
   1561600,         0,         0,    11.7,exact_mw,f32ebecd8e105e50ec838d33c5ed9b45444b6b44a3c6ac541111079f2b14e893,"{""distance"":5,""physical_error_rate"":5e-05}","{""detection_events"":76238,""detectors_checked"":349798400}"
      4992,         8,         0,    11.7,exact_mw,38b7ae1c4e8407fc325e0d9e43e9f92ff26dcb3f5cf7b98d24ea74c9e5188d39,"{""distance"":5,""physical_error_rate"":0.005}","{""detection_events"":24242,""detectors_checked"":1118208,""obs_mistake_mask=E"":8}"
       512,         2,         0,    9.42,exact_mw,72230d8c06b5a71069df48ede6f7f3e6128cd83e8239dd1b2e5fe023578b6eb1,"{""distance"":5,""physical_error_rate"":0.01}","{""detection_events"":4735,""detectors_checked"":114688,""obs_mistake_mask=E"":2}"
      9984,        12,         0,    11.7,exact_mw,38b7ae1c4e8407fc325e0d9e43e9f92ff26dcb3f5cf7b98d24ea74c9e5188d39,"{""distance"":5,""physical_error_rate"":0.005}","{""detection_events"":48534,""detectors_checked"":2236416,""obs_mistake_mask=E"":12}"
      2048,         1,         0,    2.26,exact_mw,38b7ae1c4e8407fc325e0d9e43e9f92ff26dcb3f5cf7b98d24ea74c9e5188d39,"{""distance"":5,""physical_error_rate"":0.005}","{""detection_events"":9778,""detectors_checked"":458752,""obs_mistake_mask=E"":1}"
   1178624,         0,         0,    11.6,exact_mw,cdc4a450a40af8e24899239080e4c40992fb5baf91c5a31ab3a165eacb3a1ab3,"{""distance"":5,""physical_error_rate"":0.0002}","{""detection_events"":232916,""detectors_checked"":264011776}"
   1187840,         0,         0,    11.6,exact_mw,cb12ae119b9b2ba18d0216e7235b403229e92fd0743ede48fe7f1a2c6f45d594,"{""distance"":5,""physical_error_rate"":0.0005}","{""detection_events"":583715,""detectors_checked"":266076160}"
    454656,         3,         0,    11.7,exact_mw,bb90ec3459e353008cf9a5bb9142bf1e8515517a9e167021b225104594e48e8a,"{""distance"":5,""physical_error_rate"":0.001}","{""detection_events"":446753,""detectors_checked"":101842944,""obs_mistake_mask=E"":3}"
    389120,         0,         0,    4.23,exact_mw,70a969f5042aec17ac076c6379f4170fb7c69b8e925756ef3b7334e28a33338b,"{""distance"":5,""physical_error_rate"":0.0001}","{""detection_events"":38557,""detectors_checked"":87162880}"
    568320,         0,         0,    4.26,exact_mw,cdc4a450a40af8e24899239080e4c40992fb5baf91c5a31ab3a165eacb3a1ab3,"{""distance"":5,""physical_error_rate"":0.0002}","{""detection_events"":111379,""detectors_checked"":127303680}"
    420864,         0,         0,    4.21,exact_mw,cb12ae119b9b2ba18d0216e7235b403229e92fd0743ede48fe7f1a2c6f45d594,"{""distance"":5,""physical_error_rate"":0.0005}","{""detection_events"":206223,""detectors_checked"":94273536}"
    761856,         7,         0,    16.3,exact_mw,bb90ec3459e353008cf9a5bb9142bf1e8515517a9e167021b225104594e48e8a,"{""distance"":5,""physical_error_rate"":0.001}","{""detection_events"":748131,""detectors_checked"":170655744,""obs_mistake_mask=E"":7}"
    145408,         0,         0,    4.24,exact_mw,bb90ec3459e353008cf9a5bb9142bf1e8515517a9e167021b225104594e48e8a,"{""distance"":5,""physical_error_rate"":0.001}","{""detection_events"":142041,""detectors_checked"":32571392}"
   3038208,         0,         0,    16.3,exact_mw,cdc4a450a40af8e24899239080e4c40992fb5baf91c5a31ab3a165eacb3a1ab3,"{""distance"":5,""physical_error_rate"":0.0002}","{""detection_events"":598610,""detectors_checked"":680558592}"
   3181568,         0,         0,    16.3,exact_mw,70a969f5042aec17ac076c6379f4170fb7c69b8e925756ef3b7334e28a33338b,"{""distance"":5,""physical_error_rate"":0.0001}","{""detection_events"":314303,""detectors_checked"":712671232}"
   1873920,         0,         0,    16.2,exact_mw,cb12ae119b9b2ba18d0216e7235b403229e92fd0743ede48fe7f1a2c6f45d594,"{""distance"":5,""physical_error_rate"":0.0005}","{""detection_events"":919857,""detectors_checked"":419758080}"
   2544640,         0,         0,    16.3,exact_mw,f32ebecd8e105e50ec838d33c5ed9b45444b6b44a3c6ac541111079f2b14e893,"{""distance"":5,""physical_error_rate"":5e-05}","{""detection_events"":125880,""detectors_checked"":569999360}"
   1530880,         0,         0,    16.3,exact_mw,cb12ae119b9b2ba18d0216e7235b403229e92fd0743ede48fe7f1a2c6f45d594,"{""distance"":5,""physical_error_rate"":0.0005}","{""detection_events"":753936,""detectors_checked"":342917120}"
    593920,         0,         0,    4.22,exact_mw,f32ebecd8e105e50ec838d33c5ed9b45444b6b44a3c6ac541111079f2b14e893,"{""distance"":5,""physical_error_rate"":5e-05}","{""detection_events"":29004,""detectors_checked"":133038080}"
    157696,         8,         0,    16.5,exact_mw,3208f56225bbcac0e2804eb6f92d0a8b681652a702ca1ec920ccd7367f0e0899,"{""distance"":5,""physical_error_rate"":0.002}","{""detection_events"":307794,""detectors_checked"":35323904,""obs_mistake_mask=E"":8}"
     66560,         4,         0,    12.4,exact_mw,3208f56225bbcac0e2804eb6f92d0a8b681652a702ca1ec920ccd7367f0e0899,"{""distance"":5,""physical_error_rate"":0.002}","{""detection_events"":130435,""detectors_checked"":14909440,""obs_mistake_mask=E"":4}"
    732160,         0,         0,    16.2,exact_mw,f32ebecd8e105e50ec838d33c5ed9b45444b6b44a3c6ac541111079f2b14e893,"{""distance"":5,""physical_error_rate"":5e-05}","{""detection_events"":36101,""detectors_checked"":164003840}"
   1690624,         0,         0,    16.2,exact_mw,cdc4a450a40af8e24899239080e4c40992fb5baf91c5a31ab3a165eacb3a1ab3,"{""distance"":5,""physical_error_rate"":0.0002}","{""detection_events"":333474,""detectors_checked"":378699776}"
    439296,         0,         0,    16.3,exact_mw,f32ebecd8e105e50ec838d33c5ed9b45444b6b44a3c6ac541111079f2b14e893,"{""distance"":5,""physical_error_rate"":5e-05}","{""detection_events"":21821,""detectors_checked"":98402304}"
   1599488,         0,         0,    16.3,exact_mw,70a969f5042aec17ac076c6379f4170fb7c69b8e925756ef3b7334e28a33338b,"{""distance"":5,""physical_error_rate"":0.0001}","{""detection_events"":158147,""detectors_checked"":358285312}"
   1400832,         0,         0,    16.2,exact_mw,cb12ae119b9b2ba18d0216e7235b403229e92fd0743ede48fe7f1a2c6f45d594,"{""distance"":5,""physical_error_rate"":0.0005}","{""detection_events"":690071,""detectors_checked"":313786368}"
     87040,         7,         0,    11.8,exact_mw,3208f56225bbcac0e2804eb6f92d0a8b681652a702ca1ec920ccd7367f0e0899,"{""distance"":5,""physical_error_rate"":0.002}","{""detection_events"":169931,""detectors_checked"":19496960,""obs_mistake_mask=E"":7}"
     35840,         4,         0,    4.36,exact_mw,3208f56225bbcac0e2804eb6f92d0a8b681652a702ca1ec920ccd7367f0e0899,"{""distance"":5,""physical_error_rate"":0.002}","{""detection_events"":69483,""detectors_checked"":8028160,""obs_mistake_mask=E"":4}"
    353280,         1,         0,    16.5,exact_mw,bb90ec3459e353008cf9a5bb9142bf1e8515517a9e167021b225104594e48e8a,"{""distance"":5,""physical_error_rate"":0.001}","{""detection_events"":345625,""detectors_checked"":79134720,""obs_mistake_mask=E"":1}"
   1150976,         0,         0,    16.3,exact_mw,cdc4a450a40af8e24899239080e4c40992fb5baf91c5a31ab3a165eacb3a1ab3,"{""distance"":5,""physical_error_rate"":0.0002}","{""detection_events"":226454,""detectors_checked"":257818624}"
   1713152,         0,         0,    16.3,exact_mw,cdc4a450a40af8e24899239080e4c40992fb5baf91c5a31ab3a165eacb3a1ab3,"{""distance"":5,""physical_error_rate"":0.0002}","{""detection_events"":337055,""detectors_checked"":383746048}"
   1321984,         2,         0,    16.3,exact_mw,cb12ae119b9b2ba18d0216e7235b403229e92fd0743ede48fe7f1a2c6f45d594,"{""distance"":5,""physical_error_rate"":0.0005}","{""detection_events"":650218,""detectors_checked"":296124416,""obs_mistake_mask=E"":2}"
    477184,         0,         0,    16.3,exact_mw,70a969f5042aec17ac076c6379f4170fb7c69b8e925756ef3b7334e28a33338b,"{""distance"":5,""physical_error_rate"":0.0001}","{""detection_events"":46900,""detectors_checked"":106889216}"
      3072,         3,         0,    3.27,exact_mw,38b7ae1c4e8407fc325e0d9e43e9f92ff26dcb3f5cf7b98d24ea74c9e5188d39,"{""distance"":5,""physical_error_rate"":0.005}","{""detection_events"":14777,""detectors_checked"":688128,""obs_mistake_mask=E"":3}"
   1447936,         0,         0,    16.3,exact_mw,f32ebecd8e105e50ec838d33c5ed9b45444b6b44a3c6ac541111079f2b14e893,"{""distance"":5,""physical_error_rate"":5e-05}","{""detection_events"":71798,""detectors_checked"":324337664}"
    612352,         4,         0,    16.3,exact_mw,bb90ec3459e353008cf9a5bb9142bf1e8515517a9e167021b225104594e48e8a,"{""distance"":5,""physical_error_rate"":0.001}","{""detection_events"":601711,""detectors_checked"":137166848,""obs_mistake_mask=E"":4}"
   1767424,         0,         0,    16.3,exact_mw,70a969f5042aec17ac076c6379f4170fb7c69b8e925756ef3b7334e28a33338b,"{""distance"":5,""physical_error_rate"":0.0001}","{""detection_events"":174534,""detectors_checked"":395902976}"
    420864,         1,         0,    16.4,exact_mw,bb90ec3459e353008cf9a5bb9142bf1e8515517a9e167021b225104594e48e8a,"{""distance"":5,""physical_error_rate"":0.001}","{""detection_events"":412065,""detectors_checked"":94273536,""obs_mistake_mask=E"":1}"
     84992,         6,         0,    16.6,exact_mw,3208f56225bbcac0e2804eb6f92d0a8b681652a702ca1ec920ccd7367f0e0899,"{""distance"":5,""physical_error_rate"":0.002}","{""detection_events"":167664,""detectors_checked"":19038208,""obs_mistake_mask=E"":6}"
    828416,         0,         0,    16.3,exact_mw,cb12ae119b9b2ba18d0216e7235b403229e92fd0743ede48fe7f1a2c6f45d594,"{""distance"":5,""physical_error_rate"":0.0005}","{""detection_events"":407829,""detectors_checked"":185565184}"
   2088960,         0,         0,    16.3,exact_mw,cdc4a450a40af8e24899239080e4c40992fb5baf91c5a31ab3a165eacb3a1ab3,"{""distance"":5,""physical_error_rate"":0.0002}","{""detection_events"":412220,""detectors_checked"":467927040}"
    120832,         7,         0,    16.5,exact_mw,3208f56225bbcac0e2804eb6f92d0a8b681652a702ca1ec920ccd7367f0e0899,"{""distance"":5,""physical_error_rate"":0.002}","{""detection_events"":237182,""detectors_checked"":27066368,""obs_mistake_mask=E"":7}"
      2816,        16,         0,    11.7,exact_mw,72230d8c06b5a71069df48ede6f7f3e6128cd83e8239dd1b2e5fe023578b6eb1,"{""distance"":5,""physical_error_rate"":0.01}","{""detection_events"":26545,""detectors_checked"":630784,""obs_mistake_mask=E"":16}"
    847872,         0,         0,    11.6,exact_mw,cdc4a450a40af8e24899239080e4c40992fb5baf91c5a31ab3a165eacb3a1ab3,"{""distance"":5,""physical_error_rate"":0.0002}","{""detection_events"":167115,""detectors_checked"":189923328}"
    521216,         4,         0,    16.3,exact_mw,bb90ec3459e353008cf9a5bb9142bf1e8515517a9e167021b225104594e48e8a,"{""distance"":5,""physical_error_rate"":0.001}","{""detection_events"":511908,""detectors_checked"":116752384,""obs_mistake_mask=E"":4}"
      2560,        14,         0,    11.8,exact_mw,72230d8c06b5a71069df48ede6f7f3e6128cd83e8239dd1b2e5fe023578b6eb1,"{""distance"":5,""physical_error_rate"":0.01}","{""detection_events"":24162,""detectors_checked"":573440,""obs_mistake_mask=E"":14}"
    544768,         0,         0,    5.88,exact_mw,70a969f5042aec17ac076c6379f4170fb7c69b8e925756ef3b7334e28a33338b,"{""distance"":5,""physical_error_rate"":0.0001}","{""detection_events"":53408,""detectors_checked"":122028032}"
    808960,         0,         0,    5.90,exact_mw,cdc4a450a40af8e24899239080e4c40992fb5baf91c5a31ab3a165eacb3a1ab3,"{""distance"":5,""physical_error_rate"":0.0002}","{""detection_events"":160288,""detectors_checked"":181207040}"
    605184,         0,         0,    5.95,exact_mw,cb12ae119b9b2ba18d0216e7235b403229e92fd0743ede48fe7f1a2c6f45d594,"{""distance"":5,""physical_error_rate"":0.0005}","{""detection_events"":298808,""detectors_checked"":135561216}"
     29696,         0,         0,    6.06,exact_mw,bb90ec3459e353008cf9a5bb9142bf1e8515517a9e167021b225104594e48e8a,"{""distance"":5,""physical_error_rate"":0.001}","{""detection_events"":29378,""detectors_checked"":6651904}"
   1581056,         0,         0,    11.6,exact_mw,70a969f5042aec17ac076c6379f4170fb7c69b8e925756ef3b7334e28a33338b,"{""distance"":5,""physical_error_rate"":0.0001}","{""detection_events"":155903,""detectors_checked"":354156544}"
      4096,         2,         0,    4.38,exact_mw,38b7ae1c4e8407fc325e0d9e43e9f92ff26dcb3f5cf7b98d24ea74c9e5188d39,"{""distance"":5,""physical_error_rate"":0.005}","{""detection_events"":19295,""detectors_checked"":917504,""obs_mistake_mask=E"":2}"
     21504,         1,         0,    16.9,exact_mw,3208f56225bbcac0e2804eb6f92d0a8b681652a702ca1ec920ccd7367f0e0899,"{""distance"":5,""physical_error_rate"":0.002}","{""detection_events"":41707,""detectors_checked"":4816896,""obs_mistake_mask=E"":1}"
      2144,        19,         0,    16.9,exact_mw,72230d8c06b5a71069df48ede6f7f3e6128cd83e8239dd1b2e5fe023578b6eb1,"{""distance"":5,""physical_error_rate"":0.01}","{""detection_events"":20246,""detectors_checked"":480256,""obs_mistake_mask=E"":19}"
    831488,         0,         0,    5.92,exact_mw,f32ebecd8e105e50ec838d33c5ed9b45444b6b44a3c6ac541111079f2b14e893,"{""distance"":5,""physical_error_rate"":5e-05}","{""detection_events"":41191,""detectors_checked"":186253312}"
      3584,        28,         0,    16.7,exact_mw,72230d8c06b5a71069df48ede6f7f3e6128cd83e8239dd1b2e5fe023578b6eb1,"{""distance"":5,""physical_error_rate"":0.01}","{""detection_events"":33413,""detectors_checked"":802816,""obs_mistake_mask=E"":28}"
      3328,         6,         0,    12.9,exact_mw,38b7ae1c4e8407fc325e0d9e43e9f92ff26dcb3f5cf7b98d24ea74c9e5188d39,"{""distance"":5,""physical_error_rate"":0.005}","{""detection_events"":15913,""detectors_checked"":745472,""obs_mistake_mask=E"":6}"
     49152,         5,         0,    5.99,exact_mw,3208f56225bbcac0e2804eb6f92d0a8b681652a702ca1ec920ccd7367f0e0899,"{""distance"":5,""physical_error_rate"":0.002}","{""detection_events"":95615,""detectors_checked"":11010048,""obs_mistake_mask=E"":5}"
     11264,        10,         0,    12.2,exact_mw,38b7ae1c4e8407fc325e0d9e43e9f92ff26dcb3f5cf7b98d24ea74c9e5188d39,"{""distance"":5,""physical_error_rate"":0.005}","{""detection_events"":54175,""detectors_checked"":2523136,""obs_mistake_mask=E"":10}"
    108544,         9,         0,    16.4,exact_mw,3208f56225bbcac0e2804eb6f92d0a8b681652a702ca1ec920ccd7367f0e0899,"{""distance"":5,""physical_error_rate"":0.002}","{""detection_events"":211307,""detectors_checked"":24313856,""obs_mistake_mask=E"":9}"
      4608,        27,         0,    16.8,exact_mw,72230d8c06b5a71069df48ede6f7f3e6128cd83e8239dd1b2e5fe023578b6eb1,"{""distance"":5,""physical_error_rate"":0.01}","{""detection_events"":42783,""detectors_checked"":1032192,""obs_mistake_mask=E"":27}"
     15360,        14,         0,    16.9,exact_mw,38b7ae1c4e8407fc325e0d9e43e9f92ff26dcb3f5cf7b98d24ea74c9e5188d39,"{""distance"":5,""physical_error_rate"":0.005}","{""detection_events"":73370,""detectors_checked"":3440640,""obs_mistake_mask=E"":14}"
    342016,         0,         0,    16.3,exact_mw,70a969f5042aec17ac076c6379f4170fb7c69b8e925756ef3b7334e28a33338b,"{""distance"":5,""physical_error_rate"":0.0001}","{""detection_events"":33469,""detectors_checked"":76611584}"
      5632,        37,         0,    17.1,exact_mw,72230d8c06b5a71069df48ede6f7f3e6128cd83e8239dd1b2e5fe023578b6eb1,"{""distance"":5,""physical_error_rate"":0.01}","{""detection_events"":52265,""detectors_checked"":1261568,""obs_mistake_mask=E"":37}"
     15360,        26,         0,    16.8,exact_mw,38b7ae1c4e8407fc325e0d9e43e9f92ff26dcb3f5cf7b98d24ea74c9e5188d39,"{""distance"":5,""physical_error_rate"":0.005}","{""detection_events"":73675,""detectors_checked"":3440640,""obs_mistake_mask=E"":26}"
       576,         1,         0,    12.0,exact_mw,72230d8c06b5a71069df48ede6f7f3e6128cd83e8239dd1b2e5fe023578b6eb1,"{""distance"":5,""physical_error_rate"":0.01}","{""detection_events"":5368,""detectors_checked"":129024,""obs_mistake_mask=E"":1}"
   2112512,         0,         0,    16.2,exact_mw,70a969f5042aec17ac076c6379f4170fb7c69b8e925756ef3b7334e28a33338b,"{""distance"":5,""physical_error_rate"":0.0001}","{""detection_events"":207007,""detectors_checked"":473202688}"
      2944,         3,         0,    16.5,exact_mw,38b7ae1c4e8407fc325e0d9e43e9f92ff26dcb3f5cf7b98d24ea74c9e5188d39,"{""distance"":5,""physical_error_rate"":0.005}","{""detection_events"":14156,""detectors_checked"":659456,""obs_mistake_mask=E"":3}"
   2056192,         0,         0,    16.3,exact_mw,f32ebecd8e105e50ec838d33c5ed9b45444b6b44a3c6ac541111079f2b14e893,"{""distance"":5,""physical_error_rate"":5e-05}","{""detection_events"":100733,""detectors_checked"":460587008}"
      1184,        11,         0,    16.5,exact_mw,72230d8c06b5a71069df48ede6f7f3e6128cd83e8239dd1b2e5fe023578b6eb1,"{""distance"":5,""physical_error_rate"":0.01}","{""detection_events"":10974,""detectors_checked"":265216,""obs_mistake_mask=E"":11}"
    615424,         1,         0,    16.3,exact_mw,bb90ec3459e353008cf9a5bb9142bf1e8515517a9e167021b225104594e48e8a,"{""distance"":5,""physical_error_rate"":0.001}","{""detection_events"":603967,""detectors_checked"":137854976,""obs_mistake_mask=E"":1}"
      5120,         8,         0,    6.07,exact_mw,38b7ae1c4e8407fc325e0d9e43e9f92ff26dcb3f5cf7b98d24ea74c9e5188d39,"{""distance"":5,""physical_error_rate"":0.005}","{""detection_events"":24895,""detectors_checked"":1146880,""obs_mistake_mask=E"":8}"
   1625088,         2,         0,    16.3,exact_mw,cb12ae119b9b2ba18d0216e7235b403229e92fd0743ede48fe7f1a2c6f45d594,"{""distance"":5,""physical_error_rate"":0.0005}","{""detection_events"":798767,""detectors_checked"":364019712,""obs_mistake_mask=E"":2}"
   2241536,         0,         0,    16.2,exact_mw,f32ebecd8e105e50ec838d33c5ed9b45444b6b44a3c6ac541111079f2b14e893,"{""distance"":5,""physical_error_rate"":5e-05}","{""detection_events"":110538,""detectors_checked"":502104064}"
   2221056,         0,         0,    16.2,exact_mw,f32ebecd8e105e50ec838d33c5ed9b45444b6b44a3c6ac541111079f2b14e893,"{""distance"":5,""physical_error_rate"":5e-05}","{""detection_events"":109797,""detectors_checked"":497516544}"
    909312,         0,         0,    8.31,exact_mw,70a969f5042aec17ac076c6379f4170fb7c69b8e925756ef3b7334e28a33338b,"{""distance"":5,""physical_error_rate"":0.0001}","{""detection_events"":89563,""detectors_checked"":203685888}"
   1062912,         0,         0,    8.28,exact_mw,cdc4a450a40af8e24899239080e4c40992fb5baf91c5a31ab3a165eacb3a1ab3,"{""distance"":5,""physical_error_rate"":0.0002}","{""detection_events"":208450,""detectors_checked"":238092288}"
    846848,         1,         0,    8.28,exact_mw,cb12ae119b9b2ba18d0216e7235b403229e92fd0743ede48fe7f1a2c6f45d594,"{""distance"":5,""physical_error_rate"":0.0005}","{""detection_events"":415896,""detectors_checked"":189693952,""obs_mistake_mask=E"":1}"
    201728,         2,         0,    8.34,exact_mw,bb90ec3459e353008cf9a5bb9142bf1e8515517a9e167021b225104594e48e8a,"{""distance"":5,""physical_error_rate"":0.001}","{""detection_events"":197547,""detectors_checked"":45187072,""obs_mistake_mask=E"":2}"
     15360,        15,         0,    16.9,exact_mw,38b7ae1c4e8407fc325e0d9e43e9f92ff26dcb3f5cf7b98d24ea74c9e5188d39,"{""distance"":5,""physical_error_rate"":0.005}","{""detection_events"":74205,""detectors_checked"":3440640,""obs_mistake_mask=E"":15}"
   1079296,         0,         0,    8.33,exact_mw,f32ebecd8e105e50ec838d33c5ed9b45444b6b44a3c6ac541111079f2b14e893,"{""distance"":5,""physical_error_rate"":5e-05}","{""detection_events"":53121,""detectors_checked"":241762304}"
     14848,        13,         0,    16.8,exact_mw,38b7ae1c4e8407fc325e0d9e43e9f92ff26dcb3f5cf7b98d24ea74c9e5188d39,"{""distance"":5,""physical_error_rate"":0.005}","{""detection_events"":71996,""detectors_checked"":3325952,""obs_mistake_mask=E"":13}"
   2184192,         0,         0,    16.3,exact_mw,cdc4a450a40af8e24899239080e4c40992fb5baf91c5a31ab3a165eacb3a1ab3,"{""distance"":5,""physical_error_rate"":0.0002}","{""detection_events"":430044,""detectors_checked"":489259008}"
   1655808,         2,         0,    16.2,exact_mw,cb12ae119b9b2ba18d0216e7235b403229e92fd0743ede48fe7f1a2c6f45d594,"{""distance"":5,""physical_error_rate"":0.0005}","{""detection_events"":812476,""detectors_checked"":370900992,""obs_mistake_mask=E"":2}"
    640000,         5,         0,    16.3,exact_mw,bb90ec3459e353008cf9a5bb9142bf1e8515517a9e167021b225104594e48e8a,"{""distance"":5,""physical_error_rate"":0.001}","{""detection_events"":626306,""detectors_checked"":143360000,""obs_mistake_mask=E"":5}"
     56320,         5,         0,    8.46,exact_mw,3208f56225bbcac0e2804eb6f92d0a8b681652a702ca1ec920ccd7367f0e0899,"{""distance"":5,""physical_error_rate"":0.002}","{""detection_events"":109431,""detectors_checked"":12615680,""obs_mistake_mask=E"":5}"
     60928,         8,         0,    16.4,exact_mw,3208f56225bbcac0e2804eb6f92d0a8b681652a702ca1ec920ccd7367f0e0899,"{""distance"":5,""physical_error_rate"":0.002}","{""detection_events"":118476,""detectors_checked"":13647872,""obs_mistake_mask=E"":8}"
    128000,         9,         0,    16.5,exact_mw,3208f56225bbcac0e2804eb6f92d0a8b681652a702ca1ec920ccd7367f0e0899,"{""distance"":5,""physical_error_rate"":0.002}","{""detection_events"":249436,""detectors_checked"":28672000,""obs_mistake_mask=E"":9}"
   1855488,         0,         0,    16.3,exact_mw,cdc4a450a40af8e24899239080e4c40992fb5baf91c5a31ab3a165eacb3a1ab3,"{""distance"":5,""physical_error_rate"":0.0002}","{""detection_events"":362944,""detectors_checked"":415629312}"
      2304,        16,         0,    17.0,exact_mw,72230d8c06b5a71069df48ede6f7f3e6128cd83e8239dd1b2e5fe023578b6eb1,"{""distance"":5,""physical_error_rate"":0.01}","{""detection_events"":21377,""detectors_checked"":516096,""obs_mistake_mask=E"":16}"
      4352,        27,         0,    16.4,exact_mw,72230d8c06b5a71069df48ede6f7f3e6128cd83e8239dd1b2e5fe023578b6eb1,"{""distance"":5,""physical_error_rate"":0.01}","{""detection_events"":40381,""detectors_checked"":974848,""obs_mistake_mask=E"":27}"
      5504,         4,         0,    9.19,exact_mw,38b7ae1c4e8407fc325e0d9e43e9f92ff26dcb3f5cf7b98d24ea74c9e5188d39,"{""distance"":5,""physical_error_rate"":0.005}","{""detection_events"":25967,""detectors_checked"":1232896,""obs_mistake_mask=E"":4}"
   2011136,         0,         0,    16.3,exact_mw,70a969f5042aec17ac076c6379f4170fb7c69b8e925756ef3b7334e28a33338b,"{""distance"":5,""physical_error_rate"":0.0001}","{""detection_events"":197982,""detectors_checked"":450494464}"
   1092608,         4,         0,    22.9,exact_mw,bb90ec3459e353008cf9a5bb9142bf1e8515517a9e167021b225104594e48e8a,"{""distance"":5,""physical_error_rate"":0.001}","{""detection_events"":1073255,""detectors_checked"":244744192,""obs_mistake_mask=E"":4}"
   4191232,         0,         0,    22.8,exact_mw,cdc4a450a40af8e24899239080e4c40992fb5baf91c5a31ab3a165eacb3a1ab3,"{""distance"":5,""physical_error_rate"":0.0002}","{""detection_events"":824895,""detectors_checked"":938835968}"
   4567040,         0,         0,    22.8,exact_mw,70a969f5042aec17ac076c6379f4170fb7c69b8e925756ef3b7334e28a33338b,"{""distance"":5,""physical_error_rate"":0.0001}","{""detection_events"":450080,""detectors_checked"":1023016960}"
   2842624,         1,         0,    22.8,exact_mw,cb12ae119b9b2ba18d0216e7235b403229e92fd0743ede48fe7f1a2c6f45d594,"{""distance"":5,""physical_error_rate"":0.0005}","{""detection_events"":1397376,""detectors_checked"":636747776,""obs_mistake_mask=E"":1}"
   3382272,         0,         0,    22.8,exact_mw,f32ebecd8e105e50ec838d33c5ed9b45444b6b44a3c6ac541111079f2b14e893,"{""distance"":5,""physical_error_rate"":5e-05}","{""detection_events"":166556,""detectors_checked"":757628928}"
   2339840,         1,         0,    22.8,exact_mw,cb12ae119b9b2ba18d0216e7235b403229e92fd0743ede48fe7f1a2c6f45d594,"{""distance"":5,""physical_error_rate"":0.0005}","{""detection_events"":1151273,""detectors_checked"":524124160,""obs_mistake_mask=E"":1}"
    248832,        15,         0,    23.0,exact_mw,3208f56225bbcac0e2804eb6f92d0a8b681652a702ca1ec920ccd7367f0e0899,"{""distance"":5,""physical_error_rate"":0.002}","{""detection_events"":487369,""detectors_checked"":55738368,""obs_mistake_mask=E"":15}"
   2556928,         0,         0,    22.8,exact_mw,cdc4a450a40af8e24899239080e4c40992fb5baf91c5a31ab3a165eacb3a1ab3,"{""distance"":5,""physical_error_rate"":0.0002}","{""detection_events"":506163,""detectors_checked"":572751872}"
    425984,         0,         0,    22.8,exact_mw,f32ebecd8e105e50ec838d33c5ed9b45444b6b44a3c6ac541111079f2b14e893,"{""distance"":5,""physical_error_rate"":5e-05}","{""detection_events"":20566,""detectors_checked"":95420416}"
     11776,         9,         0,    16.5,exact_mw,38b7ae1c4e8407fc325e0d9e43e9f92ff26dcb3f5cf7b98d24ea74c9e5188d39,"{""distance"":5,""physical_error_rate"":0.005}","{""detection_events"":56198,""detectors_checked"":2637824,""obs_mistake_mask=E"":9}"
    443392,         0,         0,    22.7,exact_mw,f32ebecd8e105e50ec838d33c5ed9b45444b6b44a3c6ac541111079f2b14e893,"{""distance"":5,""physical_error_rate"":5e-05}","{""detection_events"":21861,""detectors_checked"":99319808}"
    698368,         0,         0,    22.9,exact_mw,70a969f5042aec17ac076c6379f4170fb7c69b8e925756ef3b7334e28a33338b,"{""distance"":5,""physical_error_rate"":0.0001}","{""detection_events"":68942,""detectors_checked"":156434432}"
   2013184,         0,         0,    22.8,exact_mw,cb12ae119b9b2ba18d0216e7235b403229e92fd0743ede48fe7f1a2c6f45d594,"{""distance"":5,""physical_error_rate"":0.0005}","{""detection_events"":990760,""detectors_checked"":450953216}"
    485376,         5,         0,    22.9,exact_mw,bb90ec3459e353008cf9a5bb9142bf1e8515517a9e167021b225104594e48e8a,"{""distance"":5,""physical_error_rate"":0.001}","{""detection_events"":476128,""detectors_checked"":108724224,""obs_mistake_mask=E"":5}"
   1735680,         0,         0,    22.8,exact_mw,cdc4a450a40af8e24899239080e4c40992fb5baf91c5a31ab3a165eacb3a1ab3,"{""distance"":5,""physical_error_rate"":0.0002}","{""detection_events"":342733,""detectors_checked"":388792320}"
   1566720,         0,         0,    22.9,exact_mw,cdc4a450a40af8e24899239080e4c40992fb5baf91c5a31ab3a165eacb3a1ab3,"{""distance"":5,""physical_error_rate"":0.0002}","{""detection_events"":309046,""detectors_checked"":350945280}"
   1990656,         1,         0,    22.8,exact_mw,cb12ae119b9b2ba18d0216e7235b403229e92fd0743ede48fe7f1a2c6f45d594,"{""distance"":5,""physical_error_rate"":0.0005}","{""detection_events"":979617,""detectors_checked"":445906944,""obs_mistake_mask=E"":1}"
   2863104,         0,         0,    22.8,exact_mw,70a969f5042aec17ac076c6379f4170fb7c69b8e925756ef3b7334e28a33338b,"{""distance"":5,""physical_error_rate"":0.0001}","{""detection_events"":282920,""detectors_checked"":641335296}"
      2880,         4,         0,    17.7,exact_mw,38b7ae1c4e8407fc325e0d9e43e9f92ff26dcb3f5cf7b98d24ea74c9e5188d39,"{""distance"":5,""physical_error_rate"":0.005}","{""detection_events"":13790,""detectors_checked"":645120,""obs_mistake_mask=E"":4}"
   1286144,         0,         0,    22.7,exact_mw,f32ebecd8e105e50ec838d33c5ed9b45444b6b44a3c6ac541111079f2b14e893,"{""distance"":5,""physical_error_rate"":5e-05}","{""detection_events"":63726,""detectors_checked"":288096256}"
    850944,         9,         0,    22.9,exact_mw,bb90ec3459e353008cf9a5bb9142bf1e8515517a9e167021b225104594e48e8a,"{""distance"":5,""physical_error_rate"":0.001}","{""detection_events"":835738,""detectors_checked"":190611456,""obs_mistake_mask=E"":9}"
   3088384,         0,         0,    22.7,exact_mw,70a969f5042aec17ac076c6379f4170fb7c69b8e925756ef3b7334e28a33338b,"{""distance"":5,""physical_error_rate"":0.0001}","{""detection_events"":304010,""detectors_checked"":691798016}"
    131072,        12,         0,    22.9,exact_mw,3208f56225bbcac0e2804eb6f92d0a8b681652a702ca1ec920ccd7367f0e0899,"{""distance"":5,""physical_error_rate"":0.002}","{""detection_events"":255341,""detectors_checked"":29360128,""obs_mistake_mask=E"":12}"
    305152,         1,         0,    23.1,exact_mw,bb90ec3459e353008cf9a5bb9142bf1e8515517a9e167021b225104594e48e8a,"{""distance"":5,""physical_error_rate"":0.001}","{""detection_events"":299387,""detectors_checked"":68354048,""obs_mistake_mask=E"":1}"
    323584,         0,         0,    22.7,exact_mw,cb12ae119b9b2ba18d0216e7235b403229e92fd0743ede48fe7f1a2c6f45d594,"{""distance"":5,""physical_error_rate"":0.0005}","{""detection_events"":159729,""detectors_checked"":72482816}"
   1611776,         0,         0,    11.6,exact_mw,70a969f5042aec17ac076c6379f4170fb7c69b8e925756ef3b7334e28a33338b,"{""distance"":5,""physical_error_rate"":0.0001}","{""detection_events"":159388,""detectors_checked"":361037824}"
   1576960,         0,         0,    11.6,exact_mw,cdc4a450a40af8e24899239080e4c40992fb5baf91c5a31ab3a165eacb3a1ab3,"{""distance"":5,""physical_error_rate"":0.0002}","{""detection_events"":311859,""detectors_checked"":353239040}"
   1195008,         2,         0,    11.6,exact_mw,cb12ae119b9b2ba18d0216e7235b403229e92fd0743ede48fe7f1a2c6f45d594,"{""distance"":5,""physical_error_rate"":0.0005}","{""detection_events"":588354,""detectors_checked"":267681792,""obs_mistake_mask=E"":2}"
    460800,         2,         0,    11.7,exact_mw,bb90ec3459e353008cf9a5bb9142bf1e8515517a9e167021b225104594e48e8a,"{""distance"":5,""physical_error_rate"":0.001}","{""detection_events"":451657,""detectors_checked"":103219200,""obs_mistake_mask=E"":2}"
   3060736,         0,         0,    22.7,exact_mw,cdc4a450a40af8e24899239080e4c40992fb5baf91c5a31ab3a165eacb3a1ab3,"{""distance"":5,""physical_error_rate"":0.0002}","{""detection_events"":603475,""detectors_checked"":685604864}"
    182272,         9,         0,    23.0,exact_mw,3208f56225bbcac0e2804eb6f92d0a8b681652a702ca1ec920ccd7367f0e0899,"{""distance"":5,""physical_error_rate"":0.002}","{""detection_events"":355826,""detectors_checked"":40828928,""obs_mistake_mask=E"":9}"
      4608,        36,         0,    16.7,exact_mw,72230d8c06b5a71069df48ede6f7f3e6128cd83e8239dd1b2e5fe023578b6eb1,"{""distance"":5,""physical_error_rate"":0.01}","{""detection_events"":43099,""detectors_checked"":1032192,""obs_mistake_mask=E"":36}"
   1077248,         0,         0,    11.7,exact_mw,f32ebecd8e105e50ec838d33c5ed9b45444b6b44a3c6ac541111079f2b14e893,"{""distance"":5,""physical_error_rate"":5e-05}","{""detection_events"":53289,""detectors_checked"":241303552}"
    901120,         7,         0,    22.8,exact_mw,bb90ec3459e353008cf9a5bb9142bf1e8515517a9e167021b225104594e48e8a,"{""distance"":5,""physical_error_rate"":0.001}","{""detection_events"":885759,""detectors_checked"":201850880,""obs_mistake_mask=E"":7}"
     63488,         2,         0,    11.8,exact_mw,3208f56225bbcac0e2804eb6f92d0a8b681652a702ca1ec920ccd7367f0e0899,"{""distance"":5,""physical_error_rate"":0.002}","{""detection_events"":123265,""detectors_checked"":14221312,""obs_mistake_mask=E"":2}"
    162816,        14,         0,    23.0,exact_mw,3208f56225bbcac0e2804eb6f92d0a8b681652a702ca1ec920ccd7367f0e0899,"{""distance"":5,""physical_error_rate"":0.002}","{""detection_events"":317898,""detectors_checked"":36470784,""obs_mistake_mask=E"":14}"
      1888,        14,         0,    22.9,exact_mw,72230d8c06b5a71069df48ede6f7f3e6128cd83e8239dd1b2e5fe023578b6eb1,"{""distance"":5,""physical_error_rate"":0.01}","{""detection_events"":17197,""detectors_checked"":422912,""obs_mistake_mask=E"":14}"
      6016,        45,         0,    23.3,exact_mw,72230d8c06b5a71069df48ede6f7f3e6128cd83e8239dd1b2e5fe023578b6eb1,"{""distance"":5,""physical_error_rate"":0.01}","{""detection_events"":57264,""detectors_checked"":1347584,""obs_mistake_mask=E"":45}"
     21504,        19,         0,    23.0,exact_mw,38b7ae1c4e8407fc325e0d9e43e9f92ff26dcb3f5cf7b98d24ea74c9e5188d39,"{""distance"":5,""physical_error_rate"":0.005}","{""detection_events"":103017,""detectors_checked"":4816896,""obs_mistake_mask=E"":19}"
      1792,        13,         0,    23.3,exact_mw,72230d8c06b5a71069df48ede6f7f3e6128cd83e8239dd1b2e5fe023578b6eb1,"{""distance"":5,""physical_error_rate"":0.01}","{""detection_events"":16735,""detectors_checked"":401408,""obs_mistake_mask=E"":13}"
    437248,         0,         0,    22.8,exact_mw,70a969f5042aec17ac076c6379f4170fb7c69b8e925756ef3b7334e28a33338b,"{""distance"":5,""physical_error_rate"":0.0001}","{""detection_events"":43129,""detectors_checked"":97943552}"
     34816,         5,         0,    24.3,exact_mw,3208f56225bbcac0e2804eb6f92d0a8b681652a702ca1ec920ccd7367f0e0899,"{""distance"":5,""physical_error_rate"":0.002}","{""detection_events"":67648,""detectors_checked"":7798784,""obs_mistake_mask=E"":5}"
      6912,        48,         0,    23.9,exact_mw,72230d8c06b5a71069df48ede6f7f3e6128cd83e8239dd1b2e5fe023578b6eb1,"{""distance"":5,""physical_error_rate"":0.01}","{""detection_events"":64262,""detectors_checked"":1548288,""obs_mistake_mask=E"":48}"
     23552,        21,         0,    23.8,exact_mw,38b7ae1c4e8407fc325e0d9e43e9f92ff26dcb3f5cf7b98d24ea74c9e5188d39,"{""distance"":5,""physical_error_rate"":0.005}","{""detection_events"":112553,""detectors_checked"":5275648,""obs_mistake_mask=E"":21}"
   2245632,         0,         0,    22.7,exact_mw,70a969f5042aec17ac076c6379f4170fb7c69b8e925756ef3b7334e28a33338b,"{""distance"":5,""physical_error_rate"":0.0001}","{""detection_events"":223452,""detectors_checked"":503021568}"
      1536,         2,         0,    11.8,exact_mw,38b7ae1c4e8407fc325e0d9e43e9f92ff26dcb3f5cf7b98d24ea74c9e5188d39,"{""distance"":5,""physical_error_rate"":0.005}","{""detection_events"":7314,""detectors_checked"":344064,""obs_mistake_mask=E"":2}"
   1376256,         0,         0,    22.8,exact_mw,f32ebecd8e105e50ec838d33c5ed9b45444b6b44a3c6ac541111079f2b14e893,"{""distance"":5,""physical_error_rate"":5e-05}","{""detection_events"":68223,""detectors_checked"":308281344}"
      9344,        14,         0,    23.8,exact_mw,38b7ae1c4e8407fc325e0d9e43e9f92ff26dcb3f5cf7b98d24ea74c9e5188d39,"{""distance"":5,""physical_error_rate"":0.005}","{""detection_events"":45009,""detectors_checked"":2093056,""obs_mistake_mask=E"":14}"
    912384,         8,         0,    22.9,exact_mw,bb90ec3459e353008cf9a5bb9142bf1e8515517a9e167021b225104594e48e8a,"{""distance"":5,""physical_error_rate"":0.001}","{""detection_events"":894811,""detectors_checked"":204374016,""obs_mistake_mask=E"":8}"
      6400,        39,         0,    23.3,exact_mw,72230d8c06b5a71069df48ede6f7f3e6128cd83e8239dd1b2e5fe023578b6eb1,"{""distance"":5,""physical_error_rate"":0.01}","{""detection_events"":60269,""detectors_checked"":1433600,""obs_mistake_mask=E"":39}"
   2342912,         4,         0,    22.8,exact_mw,cb12ae119b9b2ba18d0216e7235b403229e92fd0743ede48fe7f1a2c6f45d594,"{""distance"":5,""physical_error_rate"":0.0005}","{""detection_events"":1155041,""detectors_checked"":524812288,""obs_mistake_mask=E"":4}"
   3106816,         0,         0,    22.8,exact_mw,f32ebecd8e105e50ec838d33c5ed9b45444b6b44a3c6ac541111079f2b14e893,"{""distance"":5,""physical_error_rate"":5e-05}","{""detection_events"":152559,""detectors_checked"":695926784}"
   1933312,         0,         0,    22.8,exact_mw,f32ebecd8e105e50ec838d33c5ed9b45444b6b44a3c6ac541111079f2b14e893,"{""distance"":5,""physical_error_rate"":5e-05}","{""detection_events"":94570,""detectors_checked"":433061888}"
     20480,        21,         0,    23.2,exact_mw,38b7ae1c4e8407fc325e0d9e43e9f92ff26dcb3f5cf7b98d24ea74c9e5188d39,"{""distance"":5,""physical_error_rate"":0.005}","{""detection_events"":98454,""detectors_checked"":4587520,""obs_mistake_mask=E"":21}"
   3066880,         0,         0,    22.7,exact_mw,cdc4a450a40af8e24899239080e4c40992fb5baf91c5a31ab3a165eacb3a1ab3,"{""distance"":5,""physical_error_rate"":0.0002}","{""detection_events"":602502,""detectors_checked"":686981120}"
   2326528,         1,         0,    22.7,exact_mw,cb12ae119b9b2ba18d0216e7235b403229e92fd0743ede48fe7f1a2c6f45d594,"{""distance"":5,""physical_error_rate"":0.0005}","{""detection_events"":1141737,""detectors_checked"":521142272,""obs_mistake_mask=E"":1}"
    901120,         4,         0,    22.9,exact_mw,bb90ec3459e353008cf9a5bb9142bf1e8515517a9e167021b225104594e48e8a,"{""distance"":5,""physical_error_rate"":0.001}","{""detection_events"":885169,""detectors_checked"":201850880,""obs_mistake_mask=E"":4}"
     20992,        23,         0,    23.4,exact_mw,38b7ae1c4e8407fc325e0d9e43e9f92ff26dcb3f5cf7b98d24ea74c9e5188d39,"{""distance"":5,""physical_error_rate"":0.005}","{""detection_events"":100484,""detectors_checked"":4702208,""obs_mistake_mask=E"":23}"
     58368,         2,         0,    22.9,exact_mw,3208f56225bbcac0e2804eb6f92d0a8b681652a702ca1ec920ccd7367f0e0899,"{""distance"":5,""physical_error_rate"":0.002}","{""detection_events"":113166,""detectors_checked"":13074432,""obs_mistake_mask=E"":2}"
    172032,         5,         0,    23.0,exact_mw,3208f56225bbcac0e2804eb6f92d0a8b681652a702ca1ec920ccd7367f0e0899,"{""distance"":5,""physical_error_rate"":0.002}","{""detection_events"":334312,""detectors_checked"":38535168,""obs_mistake_mask=E"":5}"
   2253824,         0,         0,    16.3,exact_mw,70a969f5042aec17ac076c6379f4170fb7c69b8e925756ef3b7334e28a33338b,"{""distance"":5,""physical_error_rate"":0.0001}","{""detection_events"":222078,""detectors_checked"":504856576}"
   2083840,         0,         0,    16.3,exact_mw,cdc4a450a40af8e24899239080e4c40992fb5baf91c5a31ab3a165eacb3a1ab3,"{""distance"":5,""physical_error_rate"":0.0002}","{""detection_events"":411912,""detectors_checked"":466780160}"
   1515520,         2,         0,    16.3,exact_mw,cb12ae119b9b2ba18d0216e7235b403229e92fd0743ede48fe7f1a2c6f45d594,"{""distance"":5,""physical_error_rate"":0.0005}","{""detection_events"":745661,""detectors_checked"":339476480,""obs_mistake_mask=E"":2}"
    642048,         5,         0,    16.3,exact_mw,bb90ec3459e353008cf9a5bb9142bf1e8515517a9e167021b225104594e48e8a,"{""distance"":5,""physical_error_rate"":0.001}","{""detection_events"":630544,""detectors_checked"":143818752,""obs_mistake_mask=E"":5}"
   1846272,         0,         0,    16.3,exact_mw,f32ebecd8e105e50ec838d33c5ed9b45444b6b44a3c6ac541111079f2b14e893,"{""distance"":5,""physical_error_rate"":5e-05}","{""detection_events"":90549,""detectors_checked"":413564928}"
   2663424,         0,         0,    22.8,exact_mw,cdc4a450a40af8e24899239080e4c40992fb5baf91c5a31ab3a165eacb3a1ab3,"{""distance"":5,""physical_error_rate"":0.0002}","{""detection_events"":524134,""detectors_checked"":596606976}"
      2112,        11,         0,    23.0,exact_mw,72230d8c06b5a71069df48ede6f7f3e6128cd83e8239dd1b2e5fe023578b6eb1,"{""distance"":5,""physical_error_rate"":0.01}","{""detection_events"":19660,""detectors_checked"":473088,""obs_mistake_mask=E"":11}"
     92160,         5,         0,    16.6,exact_mw,3208f56225bbcac0e2804eb6f92d0a8b681652a702ca1ec920ccd7367f0e0899,"{""distance"":5,""physical_error_rate"":0.002}","{""detection_events"":180457,""detectors_checked"":20643840,""obs_mistake_mask=E"":5}"
      5248,        35,         0,    24.1,exact_mw,72230d8c06b5a71069df48ede6f7f3e6128cd83e8239dd1b2e5fe023578b6eb1,"{""distance"":5,""physical_error_rate"":0.01}","{""detection_events"":48913,""detectors_checked"":1175552,""obs_mistake_mask=E"":35}"
   1520640,         0,         0,    22.9,exact_mw,70a969f5042aec17ac076c6379f4170fb7c69b8e925756ef3b7334e28a33338b,"{""distance"":5,""physical_error_rate"":0.0001}","{""detection_events"":150769,""detectors_checked"":340623360}"
     11648,        13,         0,    23.2,exact_mw,38b7ae1c4e8407fc325e0d9e43e9f92ff26dcb3f5cf7b98d24ea74c9e5188d39,"{""distance"":5,""physical_error_rate"":0.005}","{""detection_events"":55933,""detectors_checked"":2609152,""obs_mistake_mask=E"":13}"
      9920,        10,         0,    23.4,exact_mw,38b7ae1c4e8407fc325e0d9e43e9f92ff26dcb3f5cf7b98d24ea74c9e5188d39,"{""distance"":5,""physical_error_rate"":0.005}","{""detection_events"":47817,""detectors_checked"":2222080,""obs_mistake_mask=E"":10}"
      6272,        43,         0,    23.2,exact_mw,72230d8c06b5a71069df48ede6f7f3e6128cd83e8239dd1b2e5fe023578b6eb1,"{""distance"":5,""physical_error_rate"":0.01}","{""detection_events"":58698,""detectors_checked"":1404928,""obs_mistake_mask=E"":43}"
     11008,         7,         0,    16.4,exact_mw,38b7ae1c4e8407fc325e0d9e43e9f92ff26dcb3f5cf7b98d24ea74c9e5188d39,"{""distance"":5,""physical_error_rate"":0.005}","{""detection_events"":53100,""detectors_checked"":2465792,""obs_mistake_mask=E"":7}"
   1413120,         3,         0,    32.0,exact_mw,bb90ec3459e353008cf9a5bb9142bf1e8515517a9e167021b225104594e48e8a,"{""distance"":5,""physical_error_rate"":0.001}","{""detection_events"":1387326,""detectors_checked"":316538880,""obs_mistake_mask=E"":3}"
   5460992,         0,         0,    31.9,exact_mw,cdc4a450a40af8e24899239080e4c40992fb5baf91c5a31ab3a165eacb3a1ab3,"{""distance"":5,""physical_error_rate"":0.0002}","{""detection_events"":1080250,""detectors_checked"":1223262208}"
   5566464,         0,         0,    31.9,exact_mw,70a969f5042aec17ac076c6379f4170fb7c69b8e925756ef3b7334e28a33338b,"{""distance"":5,""physical_error_rate"":0.0001}","{""detection_events"":549295,""detectors_checked"":1246887936}"
   3472384,         2,         0,    31.9,exact_mw,cb12ae119b9b2ba18d0216e7235b403229e92fd0743ede48fe7f1a2c6f45d594,"{""distance"":5,""physical_error_rate"":0.0005}","{""detection_events"":1710415,""detectors_checked"":777814016,""obs_mistake_mask=E"":2}"
   4380672,         0,         0,    31.8,exact_mw,f32ebecd8e105e50ec838d33c5ed9b45444b6b44a3c6ac541111079f2b14e893,"{""distance"":5,""physical_error_rate"":5e-05}","{""detection_events"":214459,""detectors_checked"":981270528}"
   3062784,         1,         0,    31.9,exact_mw,cb12ae119b9b2ba18d0216e7235b403229e92fd0743ede48fe7f1a2c6f45d594,"{""distance"":5,""physical_error_rate"":0.0005}","{""detection_events"":1509150,""detectors_checked"":686063616,""obs_mistake_mask=E"":1}"
    348160,        28,         0,    32.1,exact_mw,3208f56225bbcac0e2804eb6f92d0a8b681652a702ca1ec920ccd7367f0e0899,"{""distance"":5,""physical_error_rate"":0.002}","{""detection_events"":682352,""detectors_checked"":77987840,""obs_mistake_mask=E"":28}"
   3286016,         0,         0,    31.9,exact_mw,cdc4a450a40af8e24899239080e4c40992fb5baf91c5a31ab3a165eacb3a1ab3,"{""distance"":5,""physical_error_rate"":0.0002}","{""detection_events"":645213,""detectors_checked"":736067584}"
   2765824,         0,         0,    32.0,exact_mw,f32ebecd8e105e50ec838d33c5ed9b45444b6b44a3c6ac541111079f2b14e893,"{""distance"":5,""physical_error_rate"":5e-05}","{""detection_events"":134914,""detectors_checked"":619544576}"
   2533376,         0,         0,    31.7,exact_mw,f32ebecd8e105e50ec838d33c5ed9b45444b6b44a3c6ac541111079f2b14e893,"{""distance"":5,""physical_error_rate"":5e-05}","{""detection_events"":124404,""detectors_checked"":567476224}"
   1812480,         0,         0,    31.9,exact_mw,70a969f5042aec17ac076c6379f4170fb7c69b8e925756ef3b7334e28a33338b,"{""distance"":5,""physical_error_rate"":0.0001}","{""detection_events"":178559,""detectors_checked"":405995520}"
   2363392,         1,         0,    31.9,exact_mw,cb12ae119b9b2ba18d0216e7235b403229e92fd0743ede48fe7f1a2c6f45d594,"{""distance"":5,""physical_error_rate"":0.0005}","{""detection_events"":1162069,""detectors_checked"":529399808,""obs_mistake_mask=E"":1}"
   1018880,         7,         0,    32.0,exact_mw,bb90ec3459e353008cf9a5bb9142bf1e8515517a9e167021b225104594e48e8a,"{""distance"":5,""physical_error_rate"":0.001}","{""detection_events"":999692,""detectors_checked"":228229120,""obs_mistake_mask=E"":7}"
   1300480,         0,         0,    31.9,exact_mw,cdc4a450a40af8e24899239080e4c40992fb5baf91c5a31ab3a165eacb3a1ab3,"{""distance"":5,""physical_error_rate"":0.0002}","{""detection_events"":255690,""detectors_checked"":291307520}"
   2255872,         0,         0,    31.9,exact_mw,cdc4a450a40af8e24899239080e4c40992fb5baf91c5a31ab3a165eacb3a1ab3,"{""distance"":5,""physical_error_rate"":0.0002}","{""detection_events"":444394,""detectors_checked"":505315328}"
   2394112,         1,         0,    31.9,exact_mw,cb12ae119b9b2ba18d0216e7235b403229e92fd0743ede48fe7f1a2c6f45d594,"{""distance"":5,""physical_error_rate"":0.0005}","{""detection_events"":1177189,""detectors_checked"":536281088,""obs_mistake_mask=E"":1}"
   2364416,         0,         0,    31.9,exact_mw,f32ebecd8e105e50ec838d33c5ed9b45444b6b44a3c6ac541111079f2b14e893,"{""distance"":5,""physical_error_rate"":5e-05}","{""detection_events"":116617,""detectors_checked"":529629184}"
   3745792,         0,         0,    31.9,exact_mw,70a969f5042aec17ac076c6379f4170fb7c69b8e925756ef3b7334e28a33338b,"{""distance"":5,""physical_error_rate"":0.0001}","{""detection_events"":370221,""detectors_checked"":839057408}"
   1226752,         5,         0,    32.0,exact_mw,bb90ec3459e353008cf9a5bb9142bf1e8515517a9e167021b225104594e48e8a,"{""distance"":5,""physical_error_rate"":0.001}","{""detection_events"":1205572,""detectors_checked"":274792448,""obs_mistake_mask=E"":5}"
   3615744,         0,         0,    31.8,exact_mw,70a969f5042aec17ac076c6379f4170fb7c69b8e925756ef3b7334e28a33338b,"{""distance"":5,""physical_error_rate"":0.0001}","{""detection_events"":357751,""detectors_checked"":809926656}"
    906240,         4,         0,    32.0,exact_mw,bb90ec3459e353008cf9a5bb9142bf1e8515517a9e167021b225104594e48e8a,"{""distance"":5,""physical_error_rate"":0.001}","{""detection_events"":886560,""detectors_checked"":202997760,""obs_mistake_mask=E"":4}"
    230400,         7,         0,    32.2,exact_mw,3208f56225bbcac0e2804eb6f92d0a8b681652a702ca1ec920ccd7367f0e0899,"{""distance"":5,""physical_error_rate"":0.002}","{""detection_events"":449413,""detectors_checked"":51609600,""obs_mistake_mask=E"":7}"
   3004416,         2,         0,    31.9,exact_mw,cb12ae119b9b2ba18d0216e7235b403229e92fd0743ede48fe7f1a2c6f45d594,"{""distance"":5,""physical_error_rate"":0.0005}","{""detection_events"":1478315,""detectors_checked"":672989184,""obs_mistake_mask=E"":2}"
   3385344,         0,         0,    31.9,exact_mw,cdc4a450a40af8e24899239080e4c40992fb5baf91c5a31ab3a165eacb3a1ab3,"{""distance"":5,""physical_error_rate"":0.0002}","{""detection_events"":665377,""detectors_checked"":758317056}"
    201728,         7,         0,    32.2,exact_mw,3208f56225bbcac0e2804eb6f92d0a8b681652a702ca1ec920ccd7367f0e0899,"{""distance"":5,""physical_error_rate"":0.002}","{""detection_events"":395086,""detectors_checked"":45187072,""obs_mistake_mask=E"":7}"
    962560,         5,         0,    32.0,exact_mw,bb90ec3459e353008cf9a5bb9142bf1e8515517a9e167021b225104594e48e8a,"{""distance"":5,""physical_error_rate"":0.001}","{""detection_events"":942995,""detectors_checked"":215613440,""obs_mistake_mask=E"":5}"
    207872,        16,         0,    32.2,exact_mw,3208f56225bbcac0e2804eb6f92d0a8b681652a702ca1ec920ccd7367f0e0899,"{""distance"":5,""physical_error_rate"":0.002}","{""detection_events"":406286,""detectors_checked"":46563328,""obs_mistake_mask=E"":16}"
      6624,        43,         0,    32.4,exact_mw,72230d8c06b5a71069df48ede6f7f3e6128cd83e8239dd1b2e5fe023578b6eb1,"{""distance"":5,""physical_error_rate"":0.01}","{""detection_events"":61579,""detectors_checked"":1483776,""obs_mistake_mask=E"":43}"
      7296,        45,         0,    29.5,exact_mw,72230d8c06b5a71069df48ede6f7f3e6128cd83e8239dd1b2e5fe023578b6eb1,"{""distance"":5,""physical_error_rate"":0.01}","{""detection_events"":68813,""detectors_checked"":1634304,""obs_mistake_mask=E"":45}"
      8064,        55,         0,    32.1,exact_mw,72230d8c06b5a71069df48ede6f7f3e6128cd83e8239dd1b2e5fe023578b6eb1,"{""distance"":5,""physical_error_rate"":0.01}","{""detection_events"":76096,""detectors_checked"":1806336,""obs_mistake_mask=E"":55}"
      4128,        20,         0,    18.8,exact_mw,72230d8c06b5a71069df48ede6f7f3e6128cd83e8239dd1b2e5fe023578b6eb1,"{""distance"":5,""physical_error_rate"":0.01}","{""detection_events"":38048,""detectors_checked"":924672,""obs_mistake_mask=E"":20}"
      6944,        52,         0,    30.7,exact_mw,72230d8c06b5a71069df48ede6f7f3e6128cd83e8239dd1b2e5fe023578b6eb1,"{""distance"":5,""physical_error_rate"":0.01}","{""detection_events"":64930,""detectors_checked"":1555456,""obs_mistake_mask=E"":52}"
      3712,        31,         0,    27.0,exact_mw,72230d8c06b5a71069df48ede6f7f3e6128cd83e8239dd1b2e5fe023578b6eb1,"{""distance"":5,""physical_error_rate"":0.01}","{""detection_events"":34950,""detectors_checked"":831488,""obs_mistake_mask=E"":31}"
      1408,         6,         0,    12.6,exact_mw,72230d8c06b5a71069df48ede6f7f3e6128cd83e8239dd1b2e5fe023578b6eb1,"{""distance"":5,""physical_error_rate"":0.01}","{""detection_events"":13458,""detectors_checked"":315392,""obs_mistake_mask=E"":6}"
      1568,        14,         0,    17.3,exact_mw,72230d8c06b5a71069df48ede6f7f3e6128cd83e8239dd1b2e5fe023578b6eb1,"{""distance"":5,""physical_error_rate"":0.01}","{""detection_events"":14953,""detectors_checked"":351232,""obs_mistake_mask=E"":14}"
       128,         0,         0,   0.446,exact_mw,72230d8c06b5a71069df48ede6f7f3e6128cd83e8239dd1b2e5fe023578b6eb1,"{""distance"":5,""physical_error_rate"":0.01}","{""detection_events"":1191,""detectors_checked"":28672}"
    908288,         0,         0,    31.7,exact_mw,70a969f5042aec17ac076c6379f4170fb7c69b8e925756ef3b7334e28a33338b,"{""distance"":5,""physical_error_rate"":0.0001}","{""detection_events"":89348,""detectors_checked"":203456512}"
     27648,        29,         0,    32.3,exact_mw,38b7ae1c4e8407fc325e0d9e43e9f92ff26dcb3f5cf7b98d24ea74c9e5188d39,"{""distance"":5,""physical_error_rate"":0.005}","{""detection_events"":132771,""detectors_checked"":6193152,""obs_mistake_mask=E"":29}"
      3345,         0,         0,   0.013,exact_mw,f32ebecd8e105e50ec838d33c5ed9b45444b6b44a3c6ac541111079f2b14e893,"{""distance"":5,""physical_error_rate"":5e-05}","{""detection_events"":183,""detectors_checked"":749280}"
      4096,         0,         0,   0.015,exact_mw,f32ebecd8e105e50ec838d33c5ed9b45444b6b44a3c6ac541111079f2b14e893,"{""distance"":5,""physical_error_rate"":5e-05}","{""detection_events"":184,""detectors_checked"":917504}"
      6144,         0,         0,   0.022,exact_mw,f32ebecd8e105e50ec838d33c5ed9b45444b6b44a3c6ac541111079f2b14e893,"{""distance"":5,""physical_error_rate"":5e-05}","{""detection_events"":319,""detectors_checked"":1376256}"
       273,         0,         0,   0.021,exact_mw,bb90ec3459e353008cf9a5bb9142bf1e8515517a9e167021b225104594e48e8a,"{""distance"":5,""physical_error_rate"":0.001}","{""detection_events"":266,""detectors_checked"":61152}"
         1,         0,         0,   0.000,exact_mw,cdc4a450a40af8e24899239080e4c40992fb5baf91c5a31ab3a165eacb3a1ab3,"{""distance"":5,""physical_error_rate"":0.0002}","{""detectors_checked"":224}"
      4096,         0,         0,   0.028,exact_mw,f32ebecd8e105e50ec838d33c5ed9b45444b6b44a3c6ac541111079f2b14e893,"{""distance"":5,""physical_error_rate"":5e-05}","{""detection_events"":211,""detectors_checked"":917504}"
      1024,         0,         0,   0.032,exact_mw,bb90ec3459e353008cf9a5bb9142bf1e8515517a9e167021b225104594e48e8a,"{""distance"":5,""physical_error_rate"":0.001}","{""detection_events"":1081,""detectors_checked"":229376}"
      3344,         0,         0,   0.026,exact_mw,cdc4a450a40af8e24899239080e4c40992fb5baf91c5a31ab3a165eacb3a1ab3,"{""distance"":5,""physical_error_rate"":0.0002}","{""detection_events"":627,""detectors_checked"":749056}"
      1024,         0,         0,   0.022,exact_mw,bb90ec3459e353008cf9a5bb9142bf1e8515517a9e167021b225104594e48e8a,"{""distance"":5,""physical_error_rate"":0.001}","{""detection_events"":1035,""detectors_checked"":229376}"
      4096,         0,         0,   0.028,exact_mw,cdc4a450a40af8e24899239080e4c40992fb5baf91c5a31ab3a165eacb3a1ab3,"{""distance"":5,""physical_error_rate"":0.0002}","{""detection_events"":842,""detectors_checked"":917504}"
      6144,         0,         0,   0.048,exact_mw,f32ebecd8e105e50ec838d33c5ed9b45444b6b44a3c6ac541111079f2b14e893,"{""distance"":5,""physical_error_rate"":5e-05}","{""detection_events"":343,""detectors_checked"":1376256}"
      4096,         0,         0,   0.028,exact_mw,cdc4a450a40af8e24899239080e4c40992fb5baf91c5a31ab3a165eacb3a1ab3,"{""distance"":5,""physical_error_rate"":0.0002}","{""detection_events"":797,""detectors_checked"":917504}"
      2048,         0,         0,   0.052,exact_mw,bb90ec3459e353008cf9a5bb9142bf1e8515517a9e167021b225104594e48e8a,"{""distance"":5,""physical_error_rate"":0.001}","{""detection_events"":1948,""detectors_checked"":458752}"
      8192,         0,         0,   0.055,exact_mw,f32ebecd8e105e50ec838d33c5ed9b45444b6b44a3c6ac541111079f2b14e893,"{""distance"":5,""physical_error_rate"":5e-05}","{""detection_events"":398,""detectors_checked"":1835008}"
     29184,        38,         0,    32.3,exact_mw,38b7ae1c4e8407fc325e0d9e43e9f92ff26dcb3f5cf7b98d24ea74c9e5188d39,"{""distance"":5,""physical_error_rate"":0.005}","{""detection_events"":140599,""detectors_checked"":6537216,""obs_mistake_mask=E"":38}"
      6144,         0,         0,   0.040,exact_mw,cdc4a450a40af8e24899239080e4c40992fb5baf91c5a31ab3a165eacb3a1ab3,"{""distance"":5,""physical_error_rate"":0.0002}","{""detection_events"":1227,""detectors_checked"":1376256}"
      2048,         0,         0,   0.062,exact_mw,bb90ec3459e353008cf9a5bb9142bf1e8515517a9e167021b225104594e48e8a,"{""distance"":5,""physical_error_rate"":0.001}","{""detection_events"":1963,""detectors_checked"":458752}"
   3178496,         0,         0,    22.7,exact_mw,70a969f5042aec17ac076c6379f4170fb7c69b8e925756ef3b7334e28a33338b,"{""distance"":5,""physical_error_rate"":0.0001}","{""detection_events"":313194,""detectors_checked"":711983104}"
   3060736,         0,         0,    22.7,exact_mw,cdc4a450a40af8e24899239080e4c40992fb5baf91c5a31ab3a165eacb3a1ab3,"{""distance"":5,""physical_error_rate"":0.0002}","{""detection_events"":604562,""detectors_checked"":685604864}"
      7168,         0,         0,   0.052,exact_mw,cdc4a450a40af8e24899239080e4c40992fb5baf91c5a31ab3a165eacb3a1ab3,"{""distance"":5,""physical_error_rate"":0.0002}","{""detection_events"":1478,""detectors_checked"":1605632}"
     13312,         0,         0,   0.074,exact_mw,f32ebecd8e105e50ec838d33c5ed9b45444b6b44a3c6ac541111079f2b14e893,"{""distance"":5,""physical_error_rate"":5e-05}","{""detection_events"":638,""detectors_checked"":2981888}"
      3072,         0,         0,   0.063,exact_mw,bb90ec3459e353008cf9a5bb9142bf1e8515517a9e167021b225104594e48e8a,"{""distance"":5,""physical_error_rate"":0.001}","{""detection_events"":2987,""detectors_checked"":688128}"
      7168,         0,         0,   0.064,exact_mw,cdc4a450a40af8e24899239080e4c40992fb5baf91c5a31ab3a165eacb3a1ab3,"{""distance"":5,""physical_error_rate"":0.0002}","{""detection_events"":1466,""detectors_checked"":1605632}"
   2325504,         0,         0,    22.8,exact_mw,cb12ae119b9b2ba18d0216e7235b403229e92fd0743ede48fe7f1a2c6f45d594,"{""distance"":5,""physical_error_rate"":0.0005}","{""detection_events"":1143755,""detectors_checked"":520912896}"
     14336,         0,         0,   0.103,exact_mw,f32ebecd8e105e50ec838d33c5ed9b45444b6b44a3c6ac541111079f2b14e893,"{""distance"":5,""physical_error_rate"":5e-05}","{""detection_events"":773,""detectors_checked"":3211264}"
      3072,         0,         0,   0.082,exact_mw,bb90ec3459e353008cf9a5bb9142bf1e8515517a9e167021b225104594e48e8a,"{""distance"":5,""physical_error_rate"":0.001}","{""detection_events"":3008,""detectors_checked"":688128}"
      9216,         0,         0,   0.106,exact_mw,cdc4a450a40af8e24899239080e4c40992fb5baf91c5a31ab3a165eacb3a1ab3,"{""distance"":5,""physical_error_rate"":0.0002}","{""detection_events"":1774,""detectors_checked"":2064384}"
    864256,         4,         0,    22.9,exact_mw,bb90ec3459e353008cf9a5bb9142bf1e8515517a9e167021b225104594e48e8a,"{""distance"":5,""physical_error_rate"":0.001}","{""detection_events"":847019,""detectors_checked"":193593344,""obs_mistake_mask=E"":4}"
      5120,         0,         0,   0.111,exact_mw,bb90ec3459e353008cf9a5bb9142bf1e8515517a9e167021b225104594e48e8a,"{""distance"":5,""physical_error_rate"":0.001}","{""detection_events"":5014,""detectors_checked"":1146880}"
    183296,         5,         0,    32.8,exact_mw,3208f56225bbcac0e2804eb6f92d0a8b681652a702ca1ec920ccd7367f0e0899,"{""distance"":5,""physical_error_rate"":0.002}","{""detection_events"":359886,""detectors_checked"":41058304,""obs_mistake_mask=E"":5}"
     22528,         0,         0,   0.158,exact_mw,f32ebecd8e105e50ec838d33c5ed9b45444b6b44a3c6ac541111079f2b14e893,"{""distance"":5,""physical_error_rate"":5e-05}","{""detection_events"":1081,""detectors_checked"":5046272}"
     14336,         0,         0,   0.158,exact_mw,cdc4a450a40af8e24899239080e4c40992fb5baf91c5a31ab3a165eacb3a1ab3,"{""distance"":5,""physical_error_rate"":0.0002}","{""detection_events"":2825,""detectors_checked"":3211264}"
   3934208,         0,         0,    31.9,exact_mw,70a969f5042aec17ac076c6379f4170fb7c69b8e925756ef3b7334e28a33338b,"{""distance"":5,""physical_error_rate"":0.0001}","{""detection_events"":388709,""detectors_checked"":881262592}"
      7168,         0,         0,   0.158,exact_mw,bb90ec3459e353008cf9a5bb9142bf1e8515517a9e167021b225104594e48e8a,"{""distance"":5,""physical_error_rate"":0.001}","{""detection_events"":7329,""detectors_checked"":1605632}"
     29696,         0,         0,   0.210,exact_mw,f32ebecd8e105e50ec838d33c5ed9b45444b6b44a3c6ac541111079f2b14e893,"{""distance"":5,""physical_error_rate"":5e-05}","{""detection_events"":1449,""detectors_checked"":6651904}"
     27648,         0,         0,   0.206,exact_mw,cdc4a450a40af8e24899239080e4c40992fb5baf91c5a31ab3a165eacb3a1ab3,"{""distance"":5,""physical_error_rate"":0.0002}","{""detection_events"":5468,""detectors_checked"":6193152}"
      9216,         0,         0,   0.213,exact_mw,bb90ec3459e353008cf9a5bb9142bf1e8515517a9e167021b225104594e48e8a,"{""distance"":5,""physical_error_rate"":0.001}","{""detection_events"":8838,""detectors_checked"":2064384}"
         1,         0,         0,   0.000,exact_mw,38b7ae1c4e8407fc325e0d9e43e9f92ff26dcb3f5cf7b98d24ea74c9e5188d39,"{""distance"":5,""physical_error_rate"":0.005}","{""detectors_checked"":224}"
     40960,         0,         0,   0.289,exact_mw,f32ebecd8e105e50ec838d33c5ed9b45444b6b44a3c6ac541111079f2b14e893,"{""distance"":5,""physical_error_rate"":5e-05}","{""detection_events"":2011,""detectors_checked"":9175040}"
   1770496,         0,         0,    31.7,exact_mw,f32ebecd8e105e50ec838d33c5ed9b45444b6b44a3c6ac541111079f2b14e893,"{""distance"":5,""physical_error_rate"":5e-05}","{""detection_events"":87400,""detectors_checked"":396591104}"
     33792,         0,         0,   0.290,exact_mw,cdc4a450a40af8e24899239080e4c40992fb5baf91c5a31ab3a165eacb3a1ab3,"{""distance"":5,""physical_error_rate"":0.0002}","{""detection_events"":6442,""detectors_checked"":7569408}"
         1,         0,         0,   0.000,exact_mw,70a969f5042aec17ac076c6379f4170fb7c69b8e925756ef3b7334e28a33338b,"{""distance"":5,""physical_error_rate"":0.0001}","{""detectors_checked"":224}"
      2320,         0,         0,   0.027,exact_mw,70a969f5042aec17ac076c6379f4170fb7c69b8e925756ef3b7334e28a33338b,"{""distance"":5,""physical_error_rate"":0.0001}","{""detection_events"":308,""detectors_checked"":519680}"
      3072,         0,         0,   0.027,exact_mw,70a969f5042aec17ac076c6379f4170fb7c69b8e925756ef3b7334e28a33338b,"{""distance"":5,""physical_error_rate"":0.0001}","{""detection_events"":276,""detectors_checked"":688128}"
      9216,         0,         0,   0.318,exact_mw,bb90ec3459e353008cf9a5bb9142bf1e8515517a9e167021b225104594e48e8a,"{""distance"":5,""physical_error_rate"":0.001}","{""detection_events"":9202,""detectors_checked"":2064384}"
      3072,         0,         0,   0.029,exact_mw,70a969f5042aec17ac076c6379f4170fb7c69b8e925756ef3b7334e28a33338b,"{""distance"":5,""physical_error_rate"":0.0001}","{""detection_events"":272,""detectors_checked"":688128}"
      4096,         0,         0,   0.051,exact_mw,70a969f5042aec17ac076c6379f4170fb7c69b8e925756ef3b7334e28a33338b,"{""distance"":5,""physical_error_rate"":0.0001}","{""detection_events"":416,""detectors_checked"":917504}"
      5120,         0,         0,   0.055,exact_mw,70a969f5042aec17ac076c6379f4170fb7c69b8e925756ef3b7334e28a33338b,"{""distance"":5,""physical_error_rate"":0.0001}","{""detection_events"":424,""detectors_checked"":1146880}"
   3059712,         0,         0,    22.7,exact_mw,f32ebecd8e105e50ec838d33c5ed9b45444b6b44a3c6ac541111079f2b14e893,"{""distance"":5,""physical_error_rate"":5e-05}","{""detection_events"":150289,""detectors_checked"":685375488}"
       272,         0,         0,   0.386,exact_mw,38b7ae1c4e8407fc325e0d9e43e9f92ff26dcb3f5cf7b98d24ea74c9e5188d39,"{""distance"":5,""physical_error_rate"":0.005}","{""detection_events"":1421,""detectors_checked"":60928}"
      6144,         0,         0,   0.059,exact_mw,70a969f5042aec17ac076c6379f4170fb7c69b8e925756ef3b7334e28a33338b,"{""distance"":5,""physical_error_rate"":0.0001}","{""detection_events"":639,""detectors_checked"":1376256}"
     56320,         0,         0,   0.403,exact_mw,f32ebecd8e105e50ec838d33c5ed9b45444b6b44a3c6ac541111079f2b14e893,"{""distance"":5,""physical_error_rate"":5e-05}","{""detection_events"":2871,""detectors_checked"":12615680}"
     54272,         0,         0,   0.415,exact_mw,cdc4a450a40af8e24899239080e4c40992fb5baf91c5a31ab3a165eacb3a1ab3,"{""distance"":5,""physical_error_rate"":0.0002}","{""detection_events"":10731,""detectors_checked"":12156928}"
     10240,         0,         0,   0.092,exact_mw,70a969f5042aec17ac076c6379f4170fb7c69b8e925756ef3b7334e28a33338b,"{""distance"":5,""physical_error_rate"":0.0001}","{""detection_events"":1053,""detectors_checked"":2293760}"
     15360,         0,         0,   0.417,exact_mw,bb90ec3459e353008cf9a5bb9142bf1e8515517a9e167021b225104594e48e8a,"{""distance"":5,""physical_error_rate"":0.001}","{""detection_events"":15176,""detectors_checked"":3440640}"
       256,         0,         0,   0.265,exact_mw,38b7ae1c4e8407fc325e0d9e43e9f92ff26dcb3f5cf7b98d24ea74c9e5188d39,"{""distance"":5,""physical_error_rate"":0.005}","{""detection_events"":1266,""detectors_checked"":57344}"
     14336,         0,         0,   0.161,exact_mw,70a969f5042aec17ac076c6379f4170fb7c69b8e925756ef3b7334e28a33338b,"{""distance"":5,""physical_error_rate"":0.0001}","{""detection_events"":1472,""detectors_checked"":3211264}"
     17024,        19,         0,    32.5,exact_mw,38b7ae1c4e8407fc325e0d9e43e9f92ff26dcb3f5cf7b98d24ea74c9e5188d39,"{""distance"":5,""physical_error_rate"":0.005}","{""detection_events"":81902,""detectors_checked"":3813376,""obs_mistake_mask=E"":19}"
     19456,         0,         0,   0.216,exact_mw,70a969f5042aec17ac076c6379f4170fb7c69b8e925756ef3b7334e28a33338b,"{""distance"":5,""physical_error_rate"":0.0001}","{""detection_events"":1943,""detectors_checked"":4358144}"
     79872,         0,         0,   0.569,exact_mw,f32ebecd8e105e50ec838d33c5ed9b45444b6b44a3c6ac541111079f2b14e893,"{""distance"":5,""physical_error_rate"":5e-05}","{""detection_events"":3815,""detectors_checked"":17891328}"
     75776,         0,         0,   0.579,exact_mw,cdc4a450a40af8e24899239080e4c40992fb5baf91c5a31ab3a165eacb3a1ab3,"{""distance"":5,""physical_error_rate"":0.0002}","{""detection_events"":15404,""detectors_checked"":16973824}"
     18432,         0,         0,   0.575,exact_mw,bb90ec3459e353008cf9a5bb9142bf1e8515517a9e167021b225104594e48e8a,"{""distance"":5,""physical_error_rate"":0.001}","{""detection_events"":18189,""detectors_checked"":4128768}"
     26624,         0,         0,   0.273,exact_mw,70a969f5042aec17ac076c6379f4170fb7c69b8e925756ef3b7334e28a33338b,"{""distance"":5,""physical_error_rate"":0.0001}","{""detection_events"":2615,""detectors_checked"":5963776}"
       512,         1,         0,   0.564,exact_mw,38b7ae1c4e8407fc325e0d9e43e9f92ff26dcb3f5cf7b98d24ea74c9e5188d39,"{""distance"":5,""physical_error_rate"":0.005}","{""detection_events"":2472,""detectors_checked"":114688,""obs_mistake_mask=E"":1}"
   1215488,         5,         0,    32.1,exact_mw,bb90ec3459e353008cf9a5bb9142bf1e8515517a9e167021b225104594e48e8a,"{""distance"":5,""physical_error_rate"":0.001}","{""detection_events"":1194293,""detectors_checked"":272269312,""obs_mistake_mask=E"":5}"
     44032,         6,         0,    23.0,exact_mw,3208f56225bbcac0e2804eb6f92d0a8b681652a702ca1ec920ccd7367f0e0899,"{""distance"":5,""physical_error_rate"":0.002}","{""detection_events"":85829,""detectors_checked"":9863168,""obs_mistake_mask=E"":6}"
     36864,         0,         0,   0.406,exact_mw,70a969f5042aec17ac076c6379f4170fb7c69b8e925756ef3b7334e28a33338b,"{""distance"":5,""physical_error_rate"":0.0001}","{""detection_events"":3721,""detectors_checked"":8257536}"
    110592,         0,         0,   0.792,exact_mw,f32ebecd8e105e50ec838d33c5ed9b45444b6b44a3c6ac541111079f2b14e893,"{""distance"":5,""physical_error_rate"":5e-05}","{""detection_events"":5329,""detectors_checked"":24772608}"
     76800,         0,         0,   0.773,exact_mw,cdc4a450a40af8e24899239080e4c40992fb5baf91c5a31ab3a165eacb3a1ab3,"{""distance"":5,""physical_error_rate"":0.0002}","{""detection_events"":14891,""detectors_checked"":17203200}"
     31744,         0,         0,   0.808,exact_mw,bb90ec3459e353008cf9a5bb9142bf1e8515517a9e167021b225104594e48e8a,"{""distance"":5,""physical_error_rate"":0.001}","{""detection_events"":31601,""detectors_checked"":7110656}"
     56320,         0,         0,   0.558,exact_mw,70a969f5042aec17ac076c6379f4170fb7c69b8e925756ef3b7334e28a33338b,"{""distance"":5,""physical_error_rate"":0.0001}","{""detection_events"":5430,""detectors_checked"":12615680}"
   3186688,         2,         0,    31.9,exact_mw,cb12ae119b9b2ba18d0216e7235b403229e92fd0743ede48fe7f1a2c6f45d594,"{""distance"":5,""physical_error_rate"":0.0005}","{""detection_events"":1568296,""detectors_checked"":713818112,""obs_mistake_mask=E"":2}"
         1,         0,         0,   0.001,exact_mw,38b7ae1c4e8407fc325e0d9e43e9f92ff26dcb3f5cf7b98d24ea74c9e5188d39,"{""distance"":5,""physical_error_rate"":0.005}","{""detection_events"":9,""detectors_checked"":224}"
       512,         0,         0,    1.20,exact_mw,38b7ae1c4e8407fc325e0d9e43e9f92ff26dcb3f5cf7b98d24ea74c9e5188d39,"{""distance"":5,""physical_error_rate"":0.005}","{""detection_events"":2433,""detectors_checked"":114688}"
       272,         0,         0,   0.335,exact_mw,38b7ae1c4e8407fc325e0d9e43e9f92ff26dcb3f5cf7b98d24ea74c9e5188d39,"{""distance"":5,""physical_error_rate"":0.005}","{""detection_events"":1408,""detectors_checked"":60928}"
   3526656,         0,         0,    31.9,exact_mw,f32ebecd8e105e50ec838d33c5ed9b45444b6b44a3c6ac541111079f2b14e893,"{""distance"":5,""physical_error_rate"":5e-05}","{""detection_events"":174266,""detectors_checked"":789970944}"
    167936,         0,         0,    1.11,exact_mw,f32ebecd8e105e50ec838d33c5ed9b45444b6b44a3c6ac541111079f2b14e893,"{""distance"":5,""physical_error_rate"":5e-05}","{""detection_events"":8475,""detectors_checked"":37617664}"
    105472,         0,         0,   0.778,exact_mw,70a969f5042aec17ac076c6379f4170fb7c69b8e925756ef3b7334e28a33338b,"{""distance"":5,""physical_error_rate"":0.0001}","{""detection_events"":10453,""detectors_checked"":23625728}"
    119808,         0,         0,    1.10,exact_mw,cdc4a450a40af8e24899239080e4c40992fb5baf91c5a31ab3a165eacb3a1ab3,"{""distance"":5,""physical_error_rate"":0.0002}","{""detection_events"":23431,""detectors_checked"":26836992}"
   3866624,         0,         0,    31.7,exact_mw,f32ebecd8e105e50ec838d33c5ed9b45444b6b44a3c6ac541111079f2b14e893,"{""distance"":5,""physical_error_rate"":5e-05}","{""detection_events"":190951,""detectors_checked"":866123776}"
     44032,         1,         0,    1.10,exact_mw,bb90ec3459e353008cf9a5bb9142bf1e8515517a9e167021b225104594e48e8a,"{""distance"":5,""physical_error_rate"":0.001}","{""detection_events"":42597,""detectors_checked"":9863168,""obs_mistake_mask=E"":1}"
        17,         0,         0,   0.020,exact_mw,3208f56225bbcac0e2804eb6f92d0a8b681652a702ca1ec920ccd7367f0e0899,"{""distance"":5,""physical_error_rate"":0.002}","{""detection_events"":44,""detectors_checked"":3808}"
       256,         0,         0,   0.033,exact_mw,3208f56225bbcac0e2804eb6f92d0a8b681652a702ca1ec920ccd7367f0e0899,"{""distance"":5,""physical_error_rate"":0.002}","{""detection_events"":524,""detectors_checked"":57344}"
      1024,         0,         0,   0.126,exact_mw,3208f56225bbcac0e2804eb6f92d0a8b681652a702ca1ec920ccd7367f0e0899,"{""distance"":5,""physical_error_rate"":0.002}","{""detection_events"":1910,""detectors_checked"":229376}"
      1024,         0,         0,   0.146,exact_mw,3208f56225bbcac0e2804eb6f92d0a8b681652a702ca1ec920ccd7367f0e0899,"{""distance"":5,""physical_error_rate"":0.002}","{""detection_events"":2159,""detectors_checked"":229376}"
      6592,         7,         0,    32.4,exact_mw,38b7ae1c4e8407fc325e0d9e43e9f92ff26dcb3f5cf7b98d24ea74c9e5188d39,"{""distance"":5,""physical_error_rate"":0.005}","{""detection_events"":31982,""detectors_checked"":1476608,""obs_mistake_mask=E"":7}"
    146432,         0,         0,    1.11,exact_mw,70a969f5042aec17ac076c6379f4170fb7c69b8e925756ef3b7334e28a33338b,"{""distance"":5,""physical_error_rate"":0.0001}","{""detection_events"":14579,""detectors_checked"":32800768}"
      1024,         0,         0,   0.132,exact_mw,3208f56225bbcac0e2804eb6f92d0a8b681652a702ca1ec920ccd7367f0e0899,"{""distance"":5,""physical_error_rate"":0.002}","{""detection_events"":2095,""detectors_checked"":229376}"
      1024,         0,         0,   0.143,exact_mw,3208f56225bbcac0e2804eb6f92d0a8b681652a702ca1ec920ccd7367f0e0899,"{""distance"":5,""physical_error_rate"":0.002}","{""detection_events"":2236,""detectors_checked"":229376}"
      1024,         0,         0,   0.101,exact_mw,3208f56225bbcac0e2804eb6f92d0a8b681652a702ca1ec920ccd7367f0e0899,"{""distance"":5,""physical_error_rate"":0.002}","{""detection_events"":1839,""detectors_checked"":229376}"
    405504,         0,         0,    1.53,exact_mw,f32ebecd8e105e50ec838d33c5ed9b45444b6b44a3c6ac541111079f2b14e893,"{""distance"":5,""physical_error_rate"":5e-05}","{""detection_events"":20242,""detectors_checked"":90832896}"
    201728,         0,         0,    1.55,exact_mw,cdc4a450a40af8e24899239080e4c40992fb5baf91c5a31ab3a165eacb3a1ab3,"{""distance"":5,""physical_error_rate"":0.0002}","{""detection_events"":39675,""detectors_checked"":45187072}"
      1024,         0,         0,   0.177,exact_mw,3208f56225bbcac0e2804eb6f92d0a8b681652a702ca1ec920ccd7367f0e0899,"{""distance"":5,""physical_error_rate"":0.002}","{""detection_events"":2126,""detectors_checked"":229376}"
     59392,         0,         0,    1.54,exact_mw,bb90ec3459e353008cf9a5bb9142bf1e8515517a9e167021b225104594e48e8a,"{""distance"":5,""physical_error_rate"":0.001}","{""detection_events"":58234,""detectors_checked"":13303808}"
   3712000,         0,         0,    31.9,exact_mw,cdc4a450a40af8e24899239080e4c40992fb5baf91c5a31ab3a165eacb3a1ab3,"{""distance"":5,""physical_error_rate"":0.0002}","{""detection_events"":731991,""detectors_checked"":831488000}"
   3220480,         2,         0,    31.9,exact_mw,cb12ae119b9b2ba18d0216e7235b403229e92fd0743ede48fe7f1a2c6f45d594,"{""distance"":5,""physical_error_rate"":0.0005}","{""detection_events"":1582750,""detectors_checked"":721387520,""obs_mistake_mask=E"":2}"
      2048,         0,         0,   0.255,exact_mw,3208f56225bbcac0e2804eb6f92d0a8b681652a702ca1ec920ccd7367f0e0899,"{""distance"":5,""physical_error_rate"":0.002}","{""detection_events"":3975,""detectors_checked"":458752}"
       256,         1,         0,    2.14,exact_mw,38b7ae1c4e8407fc325e0d9e43e9f92ff26dcb3f5cf7b98d24ea74c9e5188d39,"{""distance"":5,""physical_error_rate"":0.005}","{""detection_events"":1127,""detectors_checked"":57344,""obs_mistake_mask=E"":1}"
       512,         1,         0,    2.58,exact_mw,38b7ae1c4e8407fc325e0d9e43e9f92ff26dcb3f5cf7b98d24ea74c9e5188d39,"{""distance"":5,""physical_error_rate"":0.005}","{""detection_events"":2333,""detectors_checked"":114688,""obs_mistake_mask=E"":1}"
   1173504,         8,         0,    32.0,exact_mw,bb90ec3459e353008cf9a5bb9142bf1e8515517a9e167021b225104594e48e8a,"{""distance"":5,""physical_error_rate"":0.001}","{""detection_events"":1149921,""detectors_checked"":262864896,""obs_mistake_mask=E"":8}"
      2048,         0,         0,   0.291,exact_mw,3208f56225bbcac0e2804eb6f92d0a8b681652a702ca1ec920ccd7367f0e0899,"{""distance"":5,""physical_error_rate"":0.002}","{""detection_events"":3941,""detectors_checked"":458752}"
     26624,        30,         0,    32.3,exact_mw,38b7ae1c4e8407fc325e0d9e43e9f92ff26dcb3f5cf7b98d24ea74c9e5188d39,"{""distance"":5,""physical_error_rate"":0.005}","{""detection_events"":128179,""detectors_checked"":5963776,""obs_mistake_mask=E"":30}"
       256,         0,         0,   0.241,exact_mw,38b7ae1c4e8407fc325e0d9e43e9f92ff26dcb3f5cf7b98d24ea74c9e5188d39,"{""distance"":5,""physical_error_rate"":0.005}","{""detection_events"":1169,""detectors_checked"":57344}"
      3072,         0,         0,   0.333,exact_mw,3208f56225bbcac0e2804eb6f92d0a8b681652a702ca1ec920ccd7367f0e0899,"{""distance"":5,""physical_error_rate"":0.002}","{""detection_events"":5747,""detectors_checked"":688128}"
    209920,         0,         0,    1.52,exact_mw,70a969f5042aec17ac076c6379f4170fb7c69b8e925756ef3b7334e28a33338b,"{""distance"":5,""physical_error_rate"":0.0001}","{""detection_events"":21107,""detectors_checked"":47022080}"
      3072,         0,         0,   0.412,exact_mw,3208f56225bbcac0e2804eb6f92d0a8b681652a702ca1ec920ccd7367f0e0899,"{""distance"":5,""physical_error_rate"":0.002}","{""detection_events"":6047,""detectors_checked"":688128}"
       512,         0,         0,   0.620,exact_mw,38b7ae1c4e8407fc325e0d9e43e9f92ff26dcb3f5cf7b98d24ea74c9e5188d39,"{""distance"":5,""physical_error_rate"":0.005}","{""detection_events"":2633,""detectors_checked"":114688}"
       128,         0,         0,    1.15,exact_mw,38b7ae1c4e8407fc325e0d9e43e9f92ff26dcb3f5cf7b98d24ea74c9e5188d39,"{""distance"":5,""physical_error_rate"":0.005}","{""detection_events"":597,""detectors_checked"":28672}"
       512,         0,         0,   0.550,exact_mw,38b7ae1c4e8407fc325e0d9e43e9f92ff26dcb3f5cf7b98d24ea74c9e5188d39,"{""distance"":5,""physical_error_rate"":0.005}","{""detection_events"":2429,""detectors_checked"":114688}"
      5120,         2,         0,   0.679,exact_mw,3208f56225bbcac0e2804eb6f92d0a8b681652a702ca1ec920ccd7367f0e0899,"{""distance"":5,""physical_error_rate"":0.002}","{""detection_events"":9848,""detectors_checked"":1146880,""obs_mistake_mask=E"":2}"
    333824,         0,         0,    2.15,exact_mw,f32ebecd8e105e50ec838d33c5ed9b45444b6b44a3c6ac541111079f2b14e893,"{""distance"":5,""physical_error_rate"":5e-05}","{""detection_events"":16705,""detectors_checked"":74776576}"
    288768,         0,         0,    2.16,exact_mw,cdc4a450a40af8e24899239080e4c40992fb5baf91c5a31ab3a165eacb3a1ab3,"{""distance"":5,""physical_error_rate"":0.0002}","{""detection_events"":56907,""detectors_checked"":64684032}"
    158208,         7,         0,    32.1,exact_mw,3208f56225bbcac0e2804eb6f92d0a8b681652a702ca1ec920ccd7367f0e0899,"{""distance"":5,""physical_error_rate"":0.002}","{""detection_events"":308234,""detectors_checked"":35438592,""obs_mistake_mask=E"":7}"
       128,         0,         0,   0.895,exact_mw,38b7ae1c4e8407fc325e0d9e43e9f92ff26dcb3f5cf7b98d24ea74c9e5188d39,"{""distance"":5,""physical_error_rate"":0.005}","{""detection_events"":629,""detectors_checked"":28672}"
     89088,         3,         0,    2.18,exact_mw,bb90ec3459e353008cf9a5bb9142bf1e8515517a9e167021b225104594e48e8a,"{""distance"":5,""physical_error_rate"":0.001}","{""detection_events"":87526,""detectors_checked"":19955712,""obs_mistake_mask=E"":3}"
       512,         1,         0,   0.526,exact_mw,38b7ae1c4e8407fc325e0d9e43e9f92ff26dcb3f5cf7b98d24ea74c9e5188d39,"{""distance"":5,""physical_error_rate"":0.005}","{""detection_events"":2408,""detectors_checked"":114688,""obs_mistake_mask=E"":1}"
      7168,         1,         0,   0.887,exact_mw,3208f56225bbcac0e2804eb6f92d0a8b681652a702ca1ec920ccd7367f0e0899,"{""distance"":5,""physical_error_rate"":0.002}","{""detection_events"":13733,""detectors_checked"":1605632,""obs_mistake_mask=E"":1}"
    231424,         9,         0,    32.3,exact_mw,3208f56225bbcac0e2804eb6f92d0a8b681652a702ca1ec920ccd7367f0e0899,"{""distance"":5,""physical_error_rate"":0.002}","{""detection_events"":449692,""detectors_checked"":51838976,""obs_mistake_mask=E"":9}"
       512,         0,         0,   0.524,exact_mw,38b7ae1c4e8407fc325e0d9e43e9f92ff26dcb3f5cf7b98d24ea74c9e5188d39,"{""distance"":5,""physical_error_rate"":0.005}","{""detection_events"":2437,""detectors_checked"":114688}"
    294912,         0,         0,    2.14,exact_mw,70a969f5042aec17ac076c6379f4170fb7c69b8e925756ef3b7334e28a33338b,"{""distance"":5,""physical_error_rate"":0.0001}","{""detection_events"":28749,""detectors_checked"":66060288}"
       128,         0,         0,    1.05,exact_mw,38b7ae1c4e8407fc325e0d9e43e9f92ff26dcb3f5cf7b98d24ea74c9e5188d39,"{""distance"":5,""physical_error_rate"":0.005}","{""detection_events"":587,""detectors_checked"":28672}"
     19968,        24,         0,    23.8,exact_mw,38b7ae1c4e8407fc325e0d9e43e9f92ff26dcb3f5cf7b98d24ea74c9e5188d39,"{""distance"":5,""physical_error_rate"":0.005}","{""detection_events"":95193,""detectors_checked"":4472832,""obs_mistake_mask=E"":24}"
       512,         2,         0,   0.582,exact_mw,38b7ae1c4e8407fc325e0d9e43e9f92ff26dcb3f5cf7b98d24ea74c9e5188d39,"{""distance"":5,""physical_error_rate"":0.005}","{""detection_events"":2371,""detectors_checked"":114688,""obs_mistake_mask=E"":2}"
      9216,         1,         0,    1.16,exact_mw,3208f56225bbcac0e2804eb6f92d0a8b681652a702ca1ec920ccd7367f0e0899,"{""distance"":5,""physical_error_rate"":0.002}","{""detection_events"":18031,""detectors_checked"":2064384,""obs_mistake_mask=E"":1}"
       512,         0,         0,   0.587,exact_mw,38b7ae1c4e8407fc325e0d9e43e9f92ff26dcb3f5cf7b98d24ea74c9e5188d39,"{""distance"":5,""physical_error_rate"":0.005}","{""detection_events"":2542,""detectors_checked"":114688}"
       128,         0,         0,    1.18,exact_mw,38b7ae1c4e8407fc325e0d9e43e9f92ff26dcb3f5cf7b98d24ea74c9e5188d39,"{""distance"":5,""physical_error_rate"":0.005}","{""detection_events"":637,""detectors_checked"":28672}"
    703488,         0,         0,    31.9,exact_mw,cdc4a450a40af8e24899239080e4c40992fb5baf91c5a31ab3a165eacb3a1ab3,"{""distance"":5,""physical_error_rate"":0.0002}","{""detection_events"":138585,""detectors_checked"":157581312}"
    412672,         0,         0,    3.03,exact_mw,f32ebecd8e105e50ec838d33c5ed9b45444b6b44a3c6ac541111079f2b14e893,"{""distance"":5,""physical_error_rate"":5e-05}","{""detection_events"":20514,""detectors_checked"":92438528}"
    404480,         0,         0,    3.02,exact_mw,cdc4a450a40af8e24899239080e4c40992fb5baf91c5a31ab3a165eacb3a1ab3,"{""distance"":5,""physical_error_rate"":0.0002}","{""detection_events"":79386,""detectors_checked"":90603520}"
    120832,         0,         0,    3.03,exact_mw,bb90ec3459e353008cf9a5bb9142bf1e8515517a9e167021b225104594e48e8a,"{""distance"":5,""physical_error_rate"":0.001}","{""detection_events"":119191,""detectors_checked"":27066368}"
       128,         0,         0,   0.978,exact_mw,38b7ae1c4e8407fc325e0d9e43e9f92ff26dcb3f5cf7b98d24ea74c9e5188d39,"{""distance"":5,""physical_error_rate"":0.005}","{""detection_events"":539,""detectors_checked"":28672}"
      1024,         1,         0,    1.45,exact_mw,38b7ae1c4e8407fc325e0d9e43e9f92ff26dcb3f5cf7b98d24ea74c9e5188d39,"{""distance"":5,""physical_error_rate"":0.005}","{""detection_events"":4936,""detectors_checked"":229376,""obs_mistake_mask=E"":1}"
     13312,         1,         0,    1.56,exact_mw,3208f56225bbcac0e2804eb6f92d0a8b681652a702ca1ec920ccd7367f0e0899,"{""distance"":5,""physical_error_rate"":0.002}","{""detection_events"":25694,""detectors_checked"":2981888,""obs_mistake_mask=E"":1}"
    411648,         0,         0,    3.04,exact_mw,70a969f5042aec17ac076c6379f4170fb7c69b8e925756ef3b7334e28a33338b,"{""distance"":5,""physical_error_rate"":0.0001}","{""detection_events"":41308,""detectors_checked"":92209152}"
       128,         0,         0,   0.897,exact_mw,38b7ae1c4e8407fc325e0d9e43e9f92ff26dcb3f5cf7b98d24ea74c9e5188d39,"{""distance"":5,""physical_error_rate"":0.005}","{""detection_events"":610,""detectors_checked"":28672}"
   2046976,         0,         0,    31.9,exact_mw,70a969f5042aec17ac076c6379f4170fb7c69b8e925756ef3b7334e28a33338b,"{""distance"":5,""physical_error_rate"":0.0001}","{""detection_events"":201291,""detectors_checked"":458522624}"
      1536,         0,         0,    1.60,exact_mw,38b7ae1c4e8407fc325e0d9e43e9f92ff26dcb3f5cf7b98d24ea74c9e5188d39,"{""distance"":5,""physical_error_rate"":0.005}","{""detection_events"":7236,""detectors_checked"":344064}"
       128,         0,         0,    1.27,exact_mw,38b7ae1c4e8407fc325e0d9e43e9f92ff26dcb3f5cf7b98d24ea74c9e5188d39,"{""distance"":5,""physical_error_rate"":0.005}","{""detection_events"":610,""detectors_checked"":28672}"
     18432,         2,         0,    2.31,exact_mw,3208f56225bbcac0e2804eb6f92d0a8b681652a702ca1ec920ccd7367f0e0899,"{""distance"":5,""physical_error_rate"":0.002}","{""detection_events"":35628,""detectors_checked"":4128768,""obs_mistake_mask=E"":2}"
       128,         0,         0,   0.689,exact_mw,38b7ae1c4e8407fc325e0d9e43e9f92ff26dcb3f5cf7b98d24ea74c9e5188d39,"{""distance"":5,""physical_error_rate"":0.005}","{""detection_events"":570,""detectors_checked"":28672}"
      1536,         4,         0,    1.67,exact_mw,38b7ae1c4e8407fc325e0d9e43e9f92ff26dcb3f5cf7b98d24ea74c9e5188d39,"{""distance"":5,""physical_error_rate"":0.005}","{""detection_events"":7353,""detectors_checked"":344064,""obs_mistake_mask=E"":4}"
       256,         0,         0,   0.522,exact_mw,38b7ae1c4e8407fc325e0d9e43e9f92ff26dcb3f5cf7b98d24ea74c9e5188d39,"{""distance"":5,""physical_error_rate"":0.005}","{""detection_events"":1203,""detectors_checked"":57344}"
     17280,        19,         0,    32.2,exact_mw,38b7ae1c4e8407fc325e0d9e43e9f92ff26dcb3f5cf7b98d24ea74c9e5188d39,"{""distance"":5,""physical_error_rate"":0.005}","{""detection_events"":83279,""detectors_checked"":3870720,""obs_mistake_mask=E"":19}"
    549888,         0,         0,    4.25,exact_mw,f32ebecd8e105e50ec838d33c5ed9b45444b6b44a3c6ac541111079f2b14e893,"{""distance"":5,""physical_error_rate"":5e-05}","{""detection_events"":27501,""detectors_checked"":123174912}"
    455680,         0,         0,    4.23,exact_mw,cdc4a450a40af8e24899239080e4c40992fb5baf91c5a31ab3a165eacb3a1ab3,"{""distance"":5,""physical_error_rate"":0.0002}","{""detection_events"":90547,""detectors_checked"":102072320}"
    167936,         0,         0,    4.27,exact_mw,bb90ec3459e353008cf9a5bb9142bf1e8515517a9e167021b225104594e48e8a,"{""distance"":5,""physical_error_rate"":0.001}","{""detection_events"":165462,""detectors_checked"":37617664}"
       512,         0,         0,   0.839,exact_mw,38b7ae1c4e8407fc325e0d9e43e9f92ff26dcb3f5cf7b98d24ea74c9e5188d39,"{""distance"":5,""physical_error_rate"":0.005}","{""detection_events"":2471,""detectors_checked"":114688}"
       273,         0,         0,   0.058,exact_mw,cb12ae119b9b2ba18d0216e7235b403229e92fd0743ede48fe7f1a2c6f45d594,"{""distance"":5,""physical_error_rate"":0.0005}","{""detection_events"":187,""detectors_checked"":61152}"
      1024,         0,         0,   0.061,exact_mw,cb12ae119b9b2ba18d0216e7235b403229e92fd0743ede48fe7f1a2c6f45d594,"{""distance"":5,""physical_error_rate"":0.0005}","{""detection_events"":503,""detectors_checked"":229376}"
      1024,         0,         0,   0.118,exact_mw,cb12ae119b9b2ba18d0216e7235b403229e92fd0743ede48fe7f1a2c6f45d594,"{""distance"":5,""physical_error_rate"":0.0005}","{""detection_events"":538,""detectors_checked"":229376}"
      1024,         0,         0,   0.061,exact_mw,cb12ae119b9b2ba18d0216e7235b403229e92fd0743ede48fe7f1a2c6f45d594,"{""distance"":5,""physical_error_rate"":0.0005}","{""detection_events"":458,""detectors_checked"":229376}"
      1024,         0,         0,   0.061,exact_mw,cb12ae119b9b2ba18d0216e7235b403229e92fd0743ede48fe7f1a2c6f45d594,"{""distance"":5,""physical_error_rate"":0.0005}","{""detection_events"":483,""detectors_checked"":229376}"
      1024,         0,         0,   0.118,exact_mw,cb12ae119b9b2ba18d0216e7235b403229e92fd0743ede48fe7f1a2c6f45d594,"{""distance"":5,""physical_error_rate"":0.0005}","{""detection_events"":454,""detectors_checked"":229376}"
    565248,         0,         0,    4.25,exact_mw,70a969f5042aec17ac076c6379f4170fb7c69b8e925756ef3b7334e28a33338b,"{""distance"":5,""physical_error_rate"":0.0001}","{""detection_events"":56620,""detectors_checked"":126615552}"
     27648,        24,         0,    32.5,exact_mw,38b7ae1c4e8407fc325e0d9e43e9f92ff26dcb3f5cf7b98d24ea74c9e5188d39,"{""distance"":5,""physical_error_rate"":0.005}","{""detection_events"":133537,""detectors_checked"":6193152,""obs_mistake_mask=E"":24}"
       512,         0,         0,   0.837,exact_mw,38b7ae1c4e8407fc325e0d9e43e9f92ff26dcb3f5cf7b98d24ea74c9e5188d39,"{""distance"":5,""physical_error_rate"":0.005}","{""detection_events"":2463,""detectors_checked"":114688}"
      2048,         0,         0,   0.123,exact_mw,cb12ae119b9b2ba18d0216e7235b403229e92fd0743ede48fe7f1a2c6f45d594,"{""distance"":5,""physical_error_rate"":0.0005}","{""detection_events"":1040,""detectors_checked"":458752}"
      1024,         0,         0,   0.118,exact_mw,cb12ae119b9b2ba18d0216e7235b403229e92fd0743ede48fe7f1a2c6f45d594,"{""distance"":5,""physical_error_rate"":0.0005}","{""detection_events"":507,""detectors_checked"":229376}"
      3072,         0,         0,   0.182,exact_mw,cb12ae119b9b2ba18d0216e7235b403229e92fd0743ede48fe7f1a2c6f45d594,"{""distance"":5,""physical_error_rate"":0.0005}","{""detection_events"":1482,""detectors_checked"":688128}"
     22528,         0,         0,    3.05,exact_mw,3208f56225bbcac0e2804eb6f92d0a8b681652a702ca1ec920ccd7367f0e0899,"{""distance"":5,""physical_error_rate"":0.002}","{""detection_events"":44194,""detectors_checked"":5046272}"
      2048,         0,         0,   0.238,exact_mw,cb12ae119b9b2ba18d0216e7235b403229e92fd0743ede48fe7f1a2c6f45d594,"{""distance"":5,""physical_error_rate"":0.0005}","{""detection_events"":989,""detectors_checked"":458752}"
      3072,         0,         0,   0.301,exact_mw,cb12ae119b9b2ba18d0216e7235b403229e92fd0743ede48fe7f1a2c6f45d594,"{""distance"":5,""physical_error_rate"":0.0005}","{""detection_events"":1506,""detectors_checked"":688128}"
      2560,         4,         0,    2.71,exact_mw,38b7ae1c4e8407fc325e0d9e43e9f92ff26dcb3f5cf7b98d24ea74c9e5188d39,"{""distance"":5,""physical_error_rate"":0.005}","{""detection_events"":12394,""detectors_checked"":573440,""obs_mistake_mask=E"":4}"
      6144,         0,         0,   0.360,exact_mw,cb12ae119b9b2ba18d0216e7235b403229e92fd0743ede48fe7f1a2c6f45d594,"{""distance"":5,""physical_error_rate"":0.0005}","{""detection_events"":2885,""detectors_checked"":1376256}"
       768,         0,         0,    1.27,exact_mw,38b7ae1c4e8407fc325e0d9e43e9f92ff26dcb3f5cf7b98d24ea74c9e5188d39,"{""distance"":5,""physical_error_rate"":0.005}","{""detection_events"":3705,""detectors_checked"":172032}"
      9216,         0,         0,   0.693,exact_mw,cb12ae119b9b2ba18d0216e7235b403229e92fd0743ede48fe7f1a2c6f45d594,"{""distance"":5,""physical_error_rate"":0.0005}","{""detection_events"":4338,""detectors_checked"":2064384}"
      9216,         0,         0,   0.820,exact_mw,cb12ae119b9b2ba18d0216e7235b403229e92fd0743ede48fe7f1a2c6f45d594,"{""distance"":5,""physical_error_rate"":0.0005}","{""detection_events"":4507,""detectors_checked"":2064384}"
      1024,         2,         0,    1.64,exact_mw,38b7ae1c4e8407fc325e0d9e43e9f92ff26dcb3f5cf7b98d24ea74c9e5188d39,"{""distance"":5,""physical_error_rate"":0.005}","{""detection_events"":5113,""detectors_checked"":229376,""obs_mistake_mask=E"":2}"
     18432,         0,         0,    1.08,exact_mw,cb12ae119b9b2ba18d0216e7235b403229e92fd0743ede48fe7f1a2c6f45d594,"{""distance"":5,""physical_error_rate"":0.0005}","{""detection_events"":9332,""detectors_checked"":4128768}"
      3072,         2,         0,    3.59,exact_mw,38b7ae1c4e8407fc325e0d9e43e9f92ff26dcb3f5cf7b98d24ea74c9e5188d39,"{""distance"":5,""physical_error_rate"":0.005}","{""detection_events"":14658,""detectors_checked"":688128,""obs_mistake_mask=E"":2}"
     33792,         2,         0,    4.31,exact_mw,3208f56225bbcac0e2804eb6f92d0a8b681652a702ca1ec920ccd7367f0e0899,"{""distance"":5,""physical_error_rate"":0.002}","{""detection_events"":66207,""detectors_checked"":7569408,""obs_mistake_mask=E"":2}"
    772096,         0,         0,    5.94,exact_mw,f32ebecd8e105e50ec838d33c5ed9b45444b6b44a3c6ac541111079f2b14e893,"{""distance"":5,""physical_error_rate"":5e-05}","{""detection_events"":38038,""detectors_checked"":172949504}"
    186368,         0,         0,    5.93,exact_mw,cdc4a450a40af8e24899239080e4c40992fb5baf91c5a31ab3a165eacb3a1ab3,"{""distance"":5,""physical_error_rate"":0.0002}","{""detection_events"":36890,""detectors_checked"":41746432}"
    237568,         0,         0,    5.95,exact_mw,bb90ec3459e353008cf9a5bb9142bf1e8515517a9e167021b225104594e48e8a,"{""distance"":5,""physical_error_rate"":0.001}","{""detection_events"":233899,""detectors_checked"":53215232}"
      1536,         0,         0,    2.52,exact_mw,38b7ae1c4e8407fc325e0d9e43e9f92ff26dcb3f5cf7b98d24ea74c9e5188d39,"{""distance"":5,""physical_error_rate"":0.005}","{""detection_events"":7182,""detectors_checked"":344064}"
    124928,         0,         0,    1.56,exact_mw,cb12ae119b9b2ba18d0216e7235b403229e92fd0743ede48fe7f1a2c6f45d594,"{""distance"":5,""physical_error_rate"":0.0005}","{""detection_events"":60790,""detectors_checked"":27983872}"
    799744,         0,         0,    5.94,exact_mw,70a969f5042aec17ac076c6379f4170fb7c69b8e925756ef3b7334e28a33338b,"{""distance"":5,""physical_error_rate"":0.0001}","{""detection_events"":78257,""detectors_checked"":179142656}"
    182272,         0,         0,    2.16,exact_mw,cb12ae119b9b2ba18d0216e7235b403229e92fd0743ede48fe7f1a2c6f45d594,"{""distance"":5,""physical_error_rate"":0.0005}","{""detection_events"":88417,""detectors_checked"":40828928}"
      2560,         3,         0,    3.41,exact_mw,38b7ae1c4e8407fc325e0d9e43e9f92ff26dcb3f5cf7b98d24ea74c9e5188d39,"{""distance"":5,""physical_error_rate"":0.005}","{""detection_events"":12413,""detectors_checked"":573440,""obs_mistake_mask=E"":3}"
       896,         0,         0,    4.52,exact_mw,38b7ae1c4e8407fc325e0d9e43e9f92ff26dcb3f5cf7b98d24ea74c9e5188d39,"{""distance"":5,""physical_error_rate"":0.005}","{""detection_events"":4461,""detectors_checked"":200704}"
    247808,         0,         0,    3.02,exact_mw,cb12ae119b9b2ba18d0216e7235b403229e92fd0743ede48fe7f1a2c6f45d594,"{""distance"":5,""physical_error_rate"":0.0005}","{""detection_events"":121874,""detectors_checked"":55508992}"
     37888,         2,         0,    6.04,exact_mw,3208f56225bbcac0e2804eb6f92d0a8b681652a702ca1ec920ccd7367f0e0899,"{""distance"":5,""physical_error_rate"":0.002}","{""detection_events"":74162,""detectors_checked"":8486912,""obs_mistake_mask=E"":2}"
   1070080,         0,         0,    8.30,exact_mw,f32ebecd8e105e50ec838d33c5ed9b45444b6b44a3c6ac541111079f2b14e893,"{""distance"":5,""physical_error_rate"":5e-05}","{""detection_events"":52887,""detectors_checked"":239697920}"
    962560,         0,         0,    8.30,exact_mw,cdc4a450a40af8e24899239080e4c40992fb5baf91c5a31ab3a165eacb3a1ab3,"{""distance"":5,""physical_error_rate"":0.0002}","{""detection_events"":190942,""detectors_checked"":215613440}"
      2560,         2,         0,    4.51,exact_mw,38b7ae1c4e8407fc325e0d9e43e9f92ff26dcb3f5cf7b98d24ea74c9e5188d39,"{""distance"":5,""physical_error_rate"":0.005}","{""detection_events"":12633,""detectors_checked"":573440,""obs_mistake_mask=E"":2}"
    305152,         0,         0,    8.32,exact_mw,bb90ec3459e353008cf9a5bb9142bf1e8515517a9e167021b225104594e48e8a,"{""distance"":5,""physical_error_rate"":0.001}","{""detection_events"":298807,""detectors_checked"":68354048}"
   1095680,         0,         0,    8.29,exact_mw,70a969f5042aec17ac076c6379f4170fb7c69b8e925756ef3b7334e28a33338b,"{""distance"":5,""physical_error_rate"":0.0001}","{""detection_events"":107461,""detectors_checked"":245432320}"
    150528,         0,         0,    4.28,exact_mw,cb12ae119b9b2ba18d0216e7235b403229e92fd0743ede48fe7f1a2c6f45d594,"{""distance"":5,""physical_error_rate"":0.0005}","{""detection_events"":73420,""detectors_checked"":33718272}"
      3712,         2,         0,    6.21,exact_mw,38b7ae1c4e8407fc325e0d9e43e9f92ff26dcb3f5cf7b98d24ea74c9e5188d39,"{""distance"":5,""physical_error_rate"":0.005}","{""detection_events"":17928,""detectors_checked"":831488,""obs_mistake_mask=E"":2}"
   4304896,         0,         0,    31.9,exact_mw,70a969f5042aec17ac076c6379f4170fb7c69b8e925756ef3b7334e28a33338b,"{""distance"":5,""physical_error_rate"":0.0001}","{""detection_events"":424636,""detectors_checked"":964296704}"
   4152320,         0,         0,    31.8,exact_mw,cdc4a450a40af8e24899239080e4c40992fb5baf91c5a31ab3a165eacb3a1ab3,"{""distance"":5,""physical_error_rate"":0.0002}","{""detection_events"":818479,""detectors_checked"":930119680}"
   3248128,         2,         0,    31.9,exact_mw,cb12ae119b9b2ba18d0216e7235b403229e92fd0743ede48fe7f1a2c6f45d594,"{""distance"":5,""physical_error_rate"":0.0005}","{""detection_events"":1602989,""detectors_checked"":727580672,""obs_mistake_mask=E"":2}"
   1102848,         6,         0,    32.0,exact_mw,bb90ec3459e353008cf9a5bb9142bf1e8515517a9e167021b225104594e48e8a,"{""distance"":5,""physical_error_rate"":0.001}","{""detection_events"":1085789,""detectors_checked"":247037952,""obs_mistake_mask=E"":6}"
   3158016,         0,         0,    31.8,exact_mw,f32ebecd8e105e50ec838d33c5ed9b45444b6b44a3c6ac541111079f2b14e893,"{""distance"":5,""physical_error_rate"":5e-05}","{""detection_events"":156594,""detectors_checked"":707395584}"
    239104,         9,         0,    32.2,exact_mw,3208f56225bbcac0e2804eb6f92d0a8b681652a702ca1ec920ccd7367f0e0899,"{""distance"":5,""physical_error_rate"":0.002}","{""detection_events"":465011,""detectors_checked"":53559296,""obs_mistake_mask=E"":9}"
   2231296,        16,         0,    44.8,exact_mw,bb90ec3459e353008cf9a5bb9142bf1e8515517a9e167021b225104594e48e8a,"{""distance"":5,""physical_error_rate"":0.001}","{""detection_events"":2192353,""detectors_checked"":499810304,""obs_mistake_mask=E"":16}"
   7678976,         0,         0,    44.6,exact_mw,cdc4a450a40af8e24899239080e4c40992fb5baf91c5a31ab3a165eacb3a1ab3,"{""distance"":5,""physical_error_rate"":0.0002}","{""detection_events"":1515609,""detectors_checked"":1720090624}"
   9523200,         0,         0,    44.6,exact_mw,70a969f5042aec17ac076c6379f4170fb7c69b8e925756ef3b7334e28a33338b,"{""distance"":5,""physical_error_rate"":0.0001}","{""detection_events"":939320,""detectors_checked"":2133196800}"
     53248,         6,         0,    8.31,exact_mw,3208f56225bbcac0e2804eb6f92d0a8b681652a702ca1ec920ccd7367f0e0899,"{""distance"":5,""physical_error_rate"":0.002}","{""detection_events"":104587,""detectors_checked"":11927552,""obs_mistake_mask=E"":6}"
   5122048,         3,         0,    44.7,exact_mw,cb12ae119b9b2ba18d0216e7235b403229e92fd0743ede48fe7f1a2c6f45d594,"{""distance"":5,""physical_error_rate"":0.0005}","{""detection_events"":2520903,""detectors_checked"":1147338752,""obs_mistake_mask=E"":3}"
   6109184,         0,         0,    44.5,exact_mw,f32ebecd8e105e50ec838d33c5ed9b45444b6b44a3c6ac541111079f2b14e893,"{""distance"":5,""physical_error_rate"":5e-05}","{""detection_events"":299893,""detectors_checked"":1368457216}"
      2816,         3,         0,    6.20,exact_mw,38b7ae1c4e8407fc325e0d9e43e9f92ff26dcb3f5cf7b98d24ea74c9e5188d39,"{""distance"":5,""physical_error_rate"":0.005}","{""detection_events"":13418,""detectors_checked"":630784,""obs_mistake_mask=E"":3}"
   4423680,         4,         0,    44.6,exact_mw,cb12ae119b9b2ba18d0216e7235b403229e92fd0743ede48fe7f1a2c6f45d594,"{""distance"":5,""physical_error_rate"":0.0005}","{""detection_events"":2177708,""detectors_checked"":990904320,""obs_mistake_mask=E"":4}"
    445440,        29,         0,    45.0,exact_mw,3208f56225bbcac0e2804eb6f92d0a8b681652a702ca1ec920ccd7367f0e0899,"{""distance"":5,""physical_error_rate"":0.002}","{""detection_events"":867864,""detectors_checked"":99778560,""obs_mistake_mask=E"":29}"
   5803008,         0,         0,    44.5,exact_mw,cdc4a450a40af8e24899239080e4c40992fb5baf91c5a31ab3a165eacb3a1ab3,"{""distance"":5,""physical_error_rate"":0.0002}","{""detection_events"":1144279,""detectors_checked"":1299873792}"
   3407872,         0,         0,    44.6,exact_mw,f32ebecd8e105e50ec838d33c5ed9b45444b6b44a3c6ac541111079f2b14e893,"{""distance"":5,""physical_error_rate"":5e-05}","{""detection_events"":168567,""detectors_checked"":763363328}"
   4655104,         0,         0,    44.6,exact_mw,f32ebecd8e105e50ec838d33c5ed9b45444b6b44a3c6ac541111079f2b14e893,"{""distance"":5,""physical_error_rate"":5e-05}","{""detection_events"":229723,""detectors_checked"":1042743296}"
   3391488,         0,         0,    44.5,exact_mw,70a969f5042aec17ac076c6379f4170fb7c69b8e925756ef3b7334e28a33338b,"{""distance"":5,""physical_error_rate"":0.0001}","{""detection_events"":335407,""detectors_checked"":759693312}"
   3273728,         0,         0,    44.6,exact_mw,cb12ae119b9b2ba18d0216e7235b403229e92fd0743ede48fe7f1a2c6f45d594,"{""distance"":5,""physical_error_rate"":0.0005}","{""detection_events"":1609528,""detectors_checked"":733315072}"
   1005568,         2,         0,    45.0,exact_mw,bb90ec3459e353008cf9a5bb9142bf1e8515517a9e167021b225104594e48e8a,"{""distance"":5,""physical_error_rate"":0.001}","{""detection_events"":988217,""detectors_checked"":225247232,""obs_mistake_mask=E"":2}"
   3275776,         0,         0,    44.5,exact_mw,cdc4a450a40af8e24899239080e4c40992fb5baf91c5a31ab3a165eacb3a1ab3,"{""distance"":5,""physical_error_rate"":0.0002}","{""detection_events"":645472,""detectors_checked"":733773824}"
   4204544,         1,         0,    44.6,exact_mw,cdc4a450a40af8e24899239080e4c40992fb5baf91c5a31ab3a165eacb3a1ab3,"{""distance"":5,""physical_error_rate"":0.0002}","{""detection_events"":830564,""detectors_checked"":941817856,""obs_mistake_mask=E"":1}"
    430080,         0,         0,    5.99,exact_mw,cb12ae119b9b2ba18d0216e7235b403229e92fd0743ede48fe7f1a2c6f45d594,"{""distance"":5,""physical_error_rate"":0.0005}","{""detection_events"":212680,""detectors_checked"":96337920}"
   2123776,         0,         0,    44.6,exact_mw,cb12ae119b9b2ba18d0216e7235b403229e92fd0743ede48fe7f1a2c6f45d594,"{""distance"":5,""physical_error_rate"":0.0005}","{""detection_events"":1046673,""detectors_checked"":475725824}"
   4468736,         0,         0,    44.7,exact_mw,f32ebecd8e105e50ec838d33c5ed9b45444b6b44a3c6ac541111079f2b14e893,"{""distance"":5,""physical_error_rate"":5e-05}","{""detection_events"":220579,""detectors_checked"":1000996864}"
   2447360,         0,         0,    44.5,exact_mw,70a969f5042aec17ac076c6379f4170fb7c69b8e925756ef3b7334e28a33338b,"{""distance"":5,""physical_error_rate"":0.0001}","{""detection_events"":240812,""detectors_checked"":548208640}"
   1737728,         5,         0,    44.8,exact_mw,bb90ec3459e353008cf9a5bb9142bf1e8515517a9e167021b225104594e48e8a,"{""distance"":5,""physical_error_rate"":0.001}","{""detection_events"":1702634,""detectors_checked"":389251072,""obs_mistake_mask=E"":5}"
   3100672,         0,         0,    44.7,exact_mw,70a969f5042aec17ac076c6379f4170fb7c69b8e925756ef3b7334e28a33338b,"{""distance"":5,""physical_error_rate"":0.0001}","{""detection_events"":307362,""detectors_checked"":694550528}"
   1259520,        14,         0,    44.8,exact_mw,bb90ec3459e353008cf9a5bb9142bf1e8515517a9e167021b225104594e48e8a,"{""distance"":5,""physical_error_rate"":0.001}","{""detection_events"":1238581,""detectors_checked"":282132480,""obs_mistake_mask=E"":14}"
   2745344,         0,         0,    44.5,exact_mw,cb12ae119b9b2ba18d0216e7235b403229e92fd0743ede48fe7f1a2c6f45d594,"{""distance"":5,""physical_error_rate"":0.0005}","{""detection_events"":1346751,""detectors_checked"":614957056}"
   4335616,         0,         0,    44.6,exact_mw,cdc4a450a40af8e24899239080e4c40992fb5baf91c5a31ab3a165eacb3a1ab3,"{""distance"":5,""physical_error_rate"":0.0002}","{""detection_events"":852941,""detectors_checked"":971177984}"
    324608,        22,         0,    45.7,exact_mw,3208f56225bbcac0e2804eb6f92d0a8b681652a702ca1ec920ccd7367f0e0899,"{""distance"":5,""physical_error_rate"":0.002}","{""detection_events"":635526,""detectors_checked"":72712192,""obs_mistake_mask=E"":22}"
    324608,        20,         0,    45.1,exact_mw,3208f56225bbcac0e2804eb6f92d0a8b681652a702ca1ec920ccd7367f0e0899,"{""distance"":5,""physical_error_rate"":0.002}","{""detection_events"":634379,""detectors_checked"":72712192,""obs_mistake_mask=E"":20}"
   1456128,         5,         0,    44.8,exact_mw,bb90ec3459e353008cf9a5bb9142bf1e8515517a9e167021b225104594e48e8a,"{""distance"":5,""physical_error_rate"":0.001}","{""detection_events"":1428900,""detectors_checked"":326172672,""obs_mistake_mask=E"":5}"
      4096,         7,         0,    8.50,exact_mw,38b7ae1c4e8407fc325e0d9e43e9f92ff26dcb3f5cf7b98d24ea74c9e5188d39,"{""distance"":5,""physical_error_rate"":0.005}","{""detection_events"":19382,""detectors_checked"":917504,""obs_mistake_mask=E"":7}"
   1590272,         0,         0,    11.6,exact_mw,f32ebecd8e105e50ec838d33c5ed9b45444b6b44a3c6ac541111079f2b14e893,"{""distance"":5,""physical_error_rate"":5e-05}","{""detection_events"":78294,""detectors_checked"":356220928}"
   1457152,         0,         0,    11.6,exact_mw,cdc4a450a40af8e24899239080e4c40992fb5baf91c5a31ab3a165eacb3a1ab3,"{""distance"":5,""physical_error_rate"":0.0002}","{""detection_events"":287709,""detectors_checked"":326402048}"
    386048,         1,         0,    11.7,exact_mw,bb90ec3459e353008cf9a5bb9142bf1e8515517a9e167021b225104594e48e8a,"{""distance"":5,""physical_error_rate"":0.001}","{""detection_events"":378176,""detectors_checked"":86474752,""obs_mistake_mask=E"":1}"
    344064,        21,         0,    45.1,exact_mw,3208f56225bbcac0e2804eb6f92d0a8b681652a702ca1ec920ccd7367f0e0899,"{""distance"":5,""physical_error_rate"":0.002}","{""detection_events"":671859,""detectors_checked"":77070336,""obs_mistake_mask=E"":21}"
   1208320,         0,         0,    11.6,exact_mw,70a969f5042aec17ac076c6379f4170fb7c69b8e925756ef3b7334e28a33338b,"{""distance"":5,""physical_error_rate"":0.0001}","{""detection_events"":117897,""detectors_checked"":270663680}"
     18560,        17,         0,    33.4,exact_mw,38b7ae1c4e8407fc325e0d9e43e9f92ff26dcb3f5cf7b98d24ea74c9e5188d39,"{""distance"":5,""physical_error_rate"":0.005}","{""detection_events"":88338,""detectors_checked"":4157440,""obs_mistake_mask=E"":17}"
   1166336,         0,         0,    44.7,exact_mw,70a969f5042aec17ac076c6379f4170fb7c69b8e925756ef3b7334e28a33338b,"{""distance"":5,""physical_error_rate"":0.0001}","{""detection_events"":115834,""detectors_checked"":261259264}"
      7168,         9,         0,    8.54,exact_mw,38b7ae1c4e8407fc325e0d9e43e9f92ff26dcb3f5cf7b98d24ea74c9e5188d39,"{""distance"":5,""physical_error_rate"":0.005}","{""detection_events"":34213,""detectors_checked"":1605632,""obs_mistake_mask=E"":9}"
     41472,        49,         0,    45.4,exact_mw,38b7ae1c4e8407fc325e0d9e43e9f92ff26dcb3f5cf7b98d24ea74c9e5188d39,"{""distance"":5,""physical_error_rate"":0.005}","{""detection_events"":198381,""detectors_checked"":9289728,""obs_mistake_mask=E"":49}"
     39936,        47,         0,    45.3,exact_mw,38b7ae1c4e8407fc325e0d9e43e9f92ff26dcb3f5cf7b98d24ea74c9e5188d39,"{""distance"":5,""physical_error_rate"":0.005}","{""detection_events"":192204,""detectors_checked"":8945664,""obs_mistake_mask=E"":47}"
    314368,         0,         0,    8.24,exact_mw,cb12ae119b9b2ba18d0216e7235b403229e92fd0743ede48fe7f1a2c6f45d594,"{""distance"":5,""physical_error_rate"":0.0005}","{""detection_events"":154286,""detectors_checked"":70418432}"
   4932608,         0,         0,    44.6,exact_mw,70a969f5042aec17ac076c6379f4170fb7c69b8e925756ef3b7334e28a33338b,"{""distance"":5,""physical_error_rate"":0.0001}","{""detection_events"":486070,""detectors_checked"":1104904192}"
    322560,        31,         0,    45.1,exact_mw,3208f56225bbcac0e2804eb6f92d0a8b681652a702ca1ec920ccd7367f0e0899,"{""distance"":5,""physical_error_rate"":0.002}","{""detection_events"":630624,""detectors_checked"":72253440,""obs_mistake_mask=E"":31}"
   5520384,         0,         0,    44.7,exact_mw,f32ebecd8e105e50ec838d33c5ed9b45444b6b44a3c6ac541111079f2b14e893,"{""distance"":5,""physical_error_rate"":5e-05}","{""detection_events"":273361,""detectors_checked"":1236566016}"
     17024,        27,         0,    45.1,exact_mw,38b7ae1c4e8407fc325e0d9e43e9f92ff26dcb3f5cf7b98d24ea74c9e5188d39,"{""distance"":5,""physical_error_rate"":0.005}","{""detection_events"":81036,""detectors_checked"":3813376,""obs_mistake_mask=E"":27}"
     73728,         5,         0,    11.8,exact_mw,3208f56225bbcac0e2804eb6f92d0a8b681652a702ca1ec920ccd7367f0e0899,"{""distance"":5,""physical_error_rate"":0.002}","{""detection_events"":143567,""detectors_checked"":16515072,""obs_mistake_mask=E"":5}"
   1659904,         7,         0,    44.8,exact_mw,bb90ec3459e353008cf9a5bb9142bf1e8515517a9e167021b225104594e48e8a,"{""distance"":5,""physical_error_rate"":0.001}","{""detection_events"":1631659,""detectors_checked"":371818496,""obs_mistake_mask=E"":7}"
   4405248,         1,         0,    44.6,exact_mw,cb12ae119b9b2ba18d0216e7235b403229e92fd0743ede48fe7f1a2c6f45d594,"{""distance"":5,""physical_error_rate"":0.0005}","{""detection_events"":2165150,""detectors_checked"":986775552,""obs_mistake_mask=E"":1}"
   2744320,         0,         0,    44.5,exact_mw,f32ebecd8e105e50ec838d33c5ed9b45444b6b44a3c6ac541111079f2b14e893,"{""distance"":5,""physical_error_rate"":5e-05}","{""detection_events"":135441,""detectors_checked"":614727680}"
   3171328,         0,         0,    44.5,exact_mw,f32ebecd8e105e50ec838d33c5ed9b45444b6b44a3c6ac541111079f2b14e893,"{""distance"":5,""physical_error_rate"":5e-05}","{""detection_events"":157139,""detectors_checked"":710377472}"
     29632,        23,         0,    45.2,exact_mw,38b7ae1c4e8407fc325e0d9e43e9f92ff26dcb3f5cf7b98d24ea74c9e5188d39,"{""distance"":5,""physical_error_rate"":0.005}","{""detection_events"":143734,""detectors_checked"":6637568,""obs_mistake_mask=E"":23}"
   5943296,         0,         0,    44.6,exact_mw,cdc4a450a40af8e24899239080e4c40992fb5baf91c5a31ab3a165eacb3a1ab3,"{""distance"":5,""physical_error_rate"":0.0002}","{""detection_events"":1172024,""detectors_checked"":1331298304}"
   4401152,         2,         0,    44.7,exact_mw,cb12ae119b9b2ba18d0216e7235b403229e92fd0743ede48fe7f1a2c6f45d594,"{""distance"":5,""physical_error_rate"":0.0005}","{""detection_events"":2162975,""detectors_checked"":985858048,""obs_mistake_mask=E"":2}"
   1748992,         6,         0,    44.9,exact_mw,bb90ec3459e353008cf9a5bb9142bf1e8515517a9e167021b225104594e48e8a,"{""distance"":5,""physical_error_rate"":0.001}","{""detection_events"":1715599,""detectors_checked"":391774208,""obs_mistake_mask=E"":6}"
     30720,        34,         0,    45.5,exact_mw,38b7ae1c4e8407fc325e0d9e43e9f92ff26dcb3f5cf7b98d24ea74c9e5188d39,"{""distance"":5,""physical_error_rate"":0.005}","{""detection_events"":145842,""detectors_checked"":6881280,""obs_mistake_mask=E"":34}"
      2944,         3,         0,    12.7,exact_mw,38b7ae1c4e8407fc325e0d9e43e9f92ff26dcb3f5cf7b98d24ea74c9e5188d39,"{""distance"":5,""physical_error_rate"":0.005}","{""detection_events"":14506,""detectors_checked"":659456,""obs_mistake_mask=E"":3}"
    241664,         9,         0,    45.1,exact_mw,3208f56225bbcac0e2804eb6f92d0a8b681652a702ca1ec920ccd7367f0e0899,"{""distance"":5,""physical_error_rate"":0.002}","{""detection_events"":470855,""detectors_checked"":54132736,""obs_mistake_mask=E"":9}"
    290816,        16,         0,    45.0,exact_mw,3208f56225bbcac0e2804eb6f92d0a8b681652a702ca1ec920ccd7367f0e0899,"{""distance"":5,""physical_error_rate"":0.002}","{""detection_events"":565132,""detectors_checked"":65142784,""obs_mistake_mask=E"":16}"
   4019200,         0,         0,    44.4,exact_mw,cdc4a450a40af8e24899239080e4c40992fb5baf91c5a31ab3a165eacb3a1ab3,"{""distance"":5,""physical_error_rate"":0.0002}","{""detection_events"":791139,""detectors_checked"":900300800}"
      6912,        10,         0,    12.6,exact_mw,38b7ae1c4e8407fc325e0d9e43e9f92ff26dcb3f5cf7b98d24ea74c9e5188d39,"{""distance"":5,""physical_error_rate"":0.005}","{""detection_events"":33154,""detectors_checked"":1548288,""obs_mistake_mask=E"":10}"
    854016,         1,         0,    11.6,exact_mw,cb12ae119b9b2ba18d0216e7235b403229e92fd0743ede48fe7f1a2c6f45d594,"{""distance"":5,""physical_error_rate"":0.0005}","{""detection_events"":420056,""detectors_checked"":191299584,""obs_mistake_mask=E"":1}"
   2195456,         0,         0,    16.3,exact_mw,f32ebecd8e105e50ec838d33c5ed9b45444b6b44a3c6ac541111079f2b14e893,"{""distance"":5,""physical_error_rate"":5e-05}","{""detection_events"":108658,""detectors_checked"":491782144}"
   4909056,         0,         0,    44.5,exact_mw,70a969f5042aec17ac076c6379f4170fb7c69b8e925756ef3b7334e28a33338b,"{""distance"":5,""physical_error_rate"":0.0001}","{""detection_events"":484963,""detectors_checked"":1099628544}"
    581632,         0,         0,    16.3,exact_mw,cdc4a450a40af8e24899239080e4c40992fb5baf91c5a31ab3a165eacb3a1ab3,"{""distance"":5,""physical_error_rate"":0.0002}","{""detection_events"":115270,""detectors_checked"":130285568}"
    635904,         3,         0,    16.3,exact_mw,bb90ec3459e353008cf9a5bb9142bf1e8515517a9e167021b225104594e48e8a,"{""distance"":5,""physical_error_rate"":0.001}","{""detection_events"":622750,""detectors_checked"":142442496,""obs_mistake_mask=E"":3}"
   2163712,         0,         0,    16.3,exact_mw,70a969f5042aec17ac076c6379f4170fb7c69b8e925756ef3b7334e28a33338b,"{""distance"":5,""physical_error_rate"":0.0001}","{""detection_events"":213681,""detectors_checked"":484671488}"
     18688,        14,         0,    45.3,exact_mw,38b7ae1c4e8407fc325e0d9e43e9f92ff26dcb3f5cf7b98d24ea74c9e5188d39,"{""distance"":5,""physical_error_rate"":0.005}","{""detection_events"":88450,""detectors_checked"":4186112,""obs_mistake_mask=E"":14}"
     24320,        23,         0,    45.2,exact_mw,38b7ae1c4e8407fc325e0d9e43e9f92ff26dcb3f5cf7b98d24ea74c9e5188d39,"{""distance"":5,""physical_error_rate"":0.005}","{""detection_events"":116954,""detectors_checked"":5447680,""obs_mistake_mask=E"":23}"
      3712,         1,         0,    4.47,exact_mw,38b7ae1c4e8407fc325e0d9e43e9f92ff26dcb3f5cf7b98d24ea74c9e5188d39,"{""distance"":5,""physical_error_rate"":0.005}","{""detection_events"":18040,""detectors_checked"":831488,""obs_mistake_mask=E"":1}"
       192,         0,         0,    1.38,exact_mw,38b7ae1c4e8407fc325e0d9e43e9f92ff26dcb3f5cf7b98d24ea74c9e5188d39,"{""distance"":5,""physical_error_rate"":0.005}","{""detection_events"":853,""detectors_checked"":43008}"
     15872,        10,         0,    19.1,exact_mw,38b7ae1c4e8407fc325e0d9e43e9f92ff26dcb3f5cf7b98d24ea74c9e5188d39,"{""distance"":5,""physical_error_rate"":0.005}","{""detection_events"":76137,""detectors_checked"":3555328,""obs_mistake_mask=E"":10}"
      1152,         0,         0,    8.93,exact_mw,38b7ae1c4e8407fc325e0d9e43e9f92ff26dcb3f5cf7b98d24ea74c9e5188d39,"{""distance"":5,""physical_error_rate"":0.005}","{""detection_events"":5482,""detectors_checked"":258048}"
     15872,        14,         0,    17.2,exact_mw,38b7ae1c4e8407fc325e0d9e43e9f92ff26dcb3f5cf7b98d24ea74c9e5188d39,"{""distance"":5,""physical_error_rate"":0.005}","{""detection_events"":75998,""detectors_checked"":3555328,""obs_mistake_mask=E"":14}"
     10496,         8,         0,    11.6,exact_mw,38b7ae1c4e8407fc325e0d9e43e9f92ff26dcb3f5cf7b98d24ea74c9e5188d39,"{""distance"":5,""physical_error_rate"":0.005}","{""detection_events"":50195,""detectors_checked"":2351104,""obs_mistake_mask=E"":8}"
      2048,         3,         0,    14.8,exact_mw,38b7ae1c4e8407fc325e0d9e43e9f92ff26dcb3f5cf7b98d24ea74c9e5188d39,"{""distance"":5,""physical_error_rate"":0.005}","{""detection_events"":9825,""detectors_checked"":458752,""obs_mistake_mask=E"":3}"
     14848,        16,         0,    16.4,exact_mw,38b7ae1c4e8407fc325e0d9e43e9f92ff26dcb3f5cf7b98d24ea74c9e5188d39,"{""distance"":5,""physical_error_rate"":0.005}","{""detection_events"":71837,""detectors_checked"":3325952,""obs_mistake_mask=E"":16}"
      5248,         8,         0,    10.2,exact_mw,38b7ae1c4e8407fc325e0d9e43e9f92ff26dcb3f5cf7b98d24ea74c9e5188d39,"{""distance"":5,""physical_error_rate"":0.005}","{""detection_events"":25040,""detectors_checked"":1175552,""obs_mistake_mask=E"":8}"
     50176,         4,         0,    16.4,exact_mw,3208f56225bbcac0e2804eb6f92d0a8b681652a702ca1ec920ccd7367f0e0899,"{""distance"":5,""physical_error_rate"":0.002}","{""detection_events"":97138,""detectors_checked"":11239424,""obs_mistake_mask=E"":4}"
      3345,         0,         0,   0.013,exact_mw,f32ebecd8e105e50ec838d33c5ed9b45444b6b44a3c6ac541111079f2b14e893,"{""distance"":5,""physical_error_rate"":5e-05}","{""detection_events"":183,""detectors_checked"":749280}"
      4096,         0,         0,   0.016,exact_mw,f32ebecd8e105e50ec838d33c5ed9b45444b6b44a3c6ac541111079f2b14e893,"{""distance"":5,""physical_error_rate"":5e-05}","{""detection_events"":190,""detectors_checked"":917504}"
      6144,         0,         0,   0.023,exact_mw,f32ebecd8e105e50ec838d33c5ed9b45444b6b44a3c6ac541111079f2b14e893,"{""distance"":5,""physical_error_rate"":5e-05}","{""detection_events"":292,""detectors_checked"":1376256}"
      1297,         0,         0,   0.018,exact_mw,cdc4a450a40af8e24899239080e4c40992fb5baf91c5a31ab3a165eacb3a1ab3,"{""distance"":5,""physical_error_rate"":0.0002}","{""detection_events"":212,""detectors_checked"":290528}"
      8192,         0,         0,   0.030,exact_mw,f32ebecd8e105e50ec838d33c5ed9b45444b6b44a3c6ac541111079f2b14e893,"{""distance"":5,""physical_error_rate"":5e-05}","{""detection_events"":401,""detectors_checked"":1835008}"
      4096,         0,         0,   0.028,exact_mw,cdc4a450a40af8e24899239080e4c40992fb5baf91c5a31ab3a165eacb3a1ab3,"{""distance"":5,""physical_error_rate"":0.0002}","{""detection_events"":738,""detectors_checked"":917504}"
      3072,         0,         0,   0.026,exact_mw,cdc4a450a40af8e24899239080e4c40992fb5baf91c5a31ab3a165eacb3a1ab3,"{""distance"":5,""physical_error_rate"":0.0002}","{""detection_events"":591,""detectors_checked"":688128}"
      5120,         0,         0,   0.050,exact_mw,f32ebecd8e105e50ec838d33c5ed9b45444b6b44a3c6ac541111079f2b14e893,"{""distance"":5,""physical_error_rate"":5e-05}","{""detection_events"":281,""detectors_checked"":1146880}"
      4096,         0,         0,   0.028,exact_mw,cdc4a450a40af8e24899239080e4c40992fb5baf91c5a31ab3a165eacb3a1ab3,"{""distance"":5,""physical_error_rate"":0.0002}","{""detection_events"":718,""detectors_checked"":917504}"
      8192,         0,         0,   0.056,exact_mw,f32ebecd8e105e50ec838d33c5ed9b45444b6b44a3c6ac541111079f2b14e893,"{""distance"":5,""physical_error_rate"":5e-05}","{""detection_events"":381,""detectors_checked"":1835008}"
      3072,         0,         0,   0.026,exact_mw,cdc4a450a40af8e24899239080e4c40992fb5baf91c5a31ab3a165eacb3a1ab3,"{""distance"":5,""physical_error_rate"":0.0002}","{""detection_events"":644,""detectors_checked"":688128}"
      8192,         0,         0,   0.056,exact_mw,cdc4a450a40af8e24899239080e4c40992fb5baf91c5a31ab3a165eacb3a1ab3,"{""distance"":5,""physical_error_rate"":0.0002}","{""detection_events"":1575,""detectors_checked"":1835008}"
     11264,         0,         0,   0.080,exact_mw,f32ebecd8e105e50ec838d33c5ed9b45444b6b44a3c6ac541111079f2b14e893,"{""distance"":5,""physical_error_rate"":5e-05}","{""detection_events"":531,""detectors_checked"":2523136}"
      1297,         0,         0,   0.027,exact_mw,bb90ec3459e353008cf9a5bb9142bf1e8515517a9e167021b225104594e48e8a,"{""distance"":5,""physical_error_rate"":0.001}","{""detection_events"":1179,""detectors_checked"":290528}"
     12288,         0,         0,   0.077,exact_mw,cdc4a450a40af8e24899239080e4c40992fb5baf91c5a31ab3a165eacb3a1ab3,"{""distance"":5,""physical_error_rate"":0.0002}","{""detection_events"":2401,""detectors_checked"":2752512}"
      1024,         0,         0,   0.032,exact_mw,bb90ec3459e353008cf9a5bb9142bf1e8515517a9e167021b225104594e48e8a,"{""distance"":5,""physical_error_rate"":0.001}","{""detection_events"":937,""detectors_checked"":229376}"
     14336,         0,         0,   0.104,exact_mw,f32ebecd8e105e50ec838d33c5ed9b45444b6b44a3c6ac541111079f2b14e893,"{""distance"":5,""physical_error_rate"":5e-05}","{""detection_events"":713,""detectors_checked"":3211264}"
      2048,         0,         0,   0.056,exact_mw,bb90ec3459e353008cf9a5bb9142bf1e8515517a9e167021b225104594e48e8a,"{""distance"":5,""physical_error_rate"":0.001}","{""detection_events"":2077,""detectors_checked"":458752}"
     14336,         0,         0,   0.107,exact_mw,cdc4a450a40af8e24899239080e4c40992fb5baf91c5a31ab3a165eacb3a1ab3,"{""distance"":5,""physical_error_rate"":0.0002}","{""detection_events"":2905,""detectors_checked"":3211264}"
         1,         0,         0,   0.000,exact_mw,70a969f5042aec17ac076c6379f4170fb7c69b8e925756ef3b7334e28a33338b,"{""distance"":5,""physical_error_rate"":0.0001}","{""detectors_checked"":224}"
      2048,         0,         0,   0.058,exact_mw,bb90ec3459e353008cf9a5bb9142bf1e8515517a9e167021b225104594e48e8a,"{""distance"":5,""physical_error_rate"":0.001}","{""detection_events"":2034,""detectors_checked"":458752}"
      4368,         0,         0,   0.017,exact_mw,70a969f5042aec17ac076c6379f4170fb7c69b8e925756ef3b7334e28a33338b,"{""distance"":5,""physical_error_rate"":0.0001}","{""detection_events"":505,""detectors_checked"":978432}"
      2048,         0,         0,   0.007,exact_mw,70a969f5042aec17ac076c6379f4170fb7c69b8e925756ef3b7334e28a33338b,"{""distance"":5,""physical_error_rate"":0.0001}","{""detection_events"":150,""detectors_checked"":458752}"
      4096,         0,         0,   0.028,exact_mw,70a969f5042aec17ac076c6379f4170fb7c69b8e925756ef3b7334e28a33338b,"{""distance"":5,""physical_error_rate"":0.0001}","{""detection_events"":423,""detectors_checked"":917504}"
      2048,         0,         0,   0.060,exact_mw,bb90ec3459e353008cf9a5bb9142bf1e8515517a9e167021b225104594e48e8a,"{""distance"":5,""physical_error_rate"":0.001}","{""detection_events"":2130,""detectors_checked"":458752}"
     21504,         0,         0,   0.156,exact_mw,f32ebecd8e105e50ec838d33c5ed9b45444b6b44a3c6ac541111079f2b14e893,"{""distance"":5,""physical_error_rate"":5e-05}","{""detection_events"":1012,""detectors_checked"":4816896}"
      4096,         0,         0,   0.028,exact_mw,70a969f5042aec17ac076c6379f4170fb7c69b8e925756ef3b7334e28a33338b,"{""distance"":5,""physical_error_rate"":0.0001}","{""detection_events"":383,""detectors_checked"":917504}"
     20480,         0,         0,   0.155,exact_mw,cdc4a450a40af8e24899239080e4c40992fb5baf91c5a31ab3a165eacb3a1ab3,"{""distance"":5,""physical_error_rate"":0.0002}","{""detection_events"":4164,""detectors_checked"":4587520}"
      3072,         0,         0,   0.057,exact_mw,bb90ec3459e353008cf9a5bb9142bf1e8515517a9e167021b225104594e48e8a,"{""distance"":5,""physical_error_rate"":0.001}","{""detection_events"":2846,""detectors_checked"":688128}"
      8192,         0,         0,   0.056,exact_mw,70a969f5042aec17ac076c6379f4170fb7c69b8e925756ef3b7334e28a33338b,"{""distance"":5,""physical_error_rate"":0.0001}","{""detection_events"":860,""detectors_checked"":1835008}"
      4096,         0,         0,   0.082,exact_mw,bb90ec3459e353008cf9a5bb9142bf1e8515517a9e167021b225104594e48e8a,"{""distance"":5,""physical_error_rate"":0.001}","{""detection_events"":3957,""detectors_checked"":917504}"
     11264,         0,         0,   0.081,exact_mw,70a969f5042aec17ac076c6379f4170fb7c69b8e925756ef3b7334e28a33338b,"{""distance"":5,""physical_error_rate"":0.0001}","{""detection_events"":1179,""detectors_checked"":2523136}"
     28672,         0,         0,   0.208,exact_mw,f32ebecd8e105e50ec838d33c5ed9b45444b6b44a3c6ac541111079f2b14e893,"{""distance"":5,""physical_error_rate"":5e-05}","{""detection_events"":1467,""detectors_checked"":6422528}"
         1,         0,         0,   0.000,exact_mw,cb12ae119b9b2ba18d0216e7235b403229e92fd0743ede48fe7f1a2c6f45d594,"{""distance"":5,""physical_error_rate"":0.0005}","{""detectors_checked"":224}"
      5120,         0,         0,   0.107,exact_mw,bb90ec3459e353008cf9a5bb9142bf1e8515517a9e167021b225104594e48e8a,"{""distance"":5,""physical_error_rate"":0.001}","{""detection_events"":5075,""detectors_checked"":1146880}"
      2320,         0,         0,   0.030,exact_mw,cb12ae119b9b2ba18d0216e7235b403229e92fd0743ede48fe7f1a2c6f45d594,"{""distance"":5,""physical_error_rate"":0.0005}","{""detection_events"":1093,""detectors_checked"":519680}"
     28672,         0,         0,   0.212,exact_mw,cdc4a450a40af8e24899239080e4c40992fb5baf91c5a31ab3a165eacb3a1ab3,"{""distance"":5,""physical_error_rate"":0.0002}","{""detection_events"":5742,""detectors_checked"":6422528}"
     15360,         0,         0,   0.105,exact_mw,70a969f5042aec17ac076c6379f4170fb7c69b8e925756ef3b7334e28a33338b,"{""distance"":5,""physical_error_rate"":0.0001}","{""detection_events"":1621,""detectors_checked"":3440640}"
      2048,         0,         0,   0.027,exact_mw,cb12ae119b9b2ba18d0216e7235b403229e92fd0743ede48fe7f1a2c6f45d594,"{""distance"":5,""physical_error_rate"":0.0005}","{""detection_events"":960,""detectors_checked"":458752}"
      2048,         0,         0,   0.062,exact_mw,cb12ae119b9b2ba18d0216e7235b403229e92fd0743ede48fe7f1a2c6f45d594,"{""distance"":5,""physical_error_rate"":0.0005}","{""detection_events"":1057,""detectors_checked"":458752}"
      2048,         0,         0,   0.052,exact_mw,cb12ae119b9b2ba18d0216e7235b403229e92fd0743ede48fe7f1a2c6f45d594,"{""distance"":5,""physical_error_rate"":0.0005}","{""detection_events"":1015,""detectors_checked"":458752}"
      6144,         0,         0,   0.172,exact_mw,bb90ec3459e353008cf9a5bb9142bf1e8515517a9e167021b225104594e48e8a,"{""distance"":5,""physical_error_rate"":0.001}","{""detection_events"":6241,""detectors_checked"":1376256}"
     21504,         0,         0,   0.171,exact_mw,70a969f5042aec17ac076c6379f4170fb7c69b8e925756ef3b7334e28a33338b,"{""distance"":5,""physical_error_rate"":0.0001}","{""detection_events"":2183,""detectors_checked"":4816896}"
      4096,         0,         0,   0.055,exact_mw,cb12ae119b9b2ba18d0216e7235b403229e92fd0743ede48fe7f1a2c6f45d594,"{""distance"":5,""physical_error_rate"":0.0005}","{""detection_events"":1960,""detectors_checked"":917504}"
     36864,         0,         0,   0.292,exact_mw,f32ebecd8e105e50ec838d33c5ed9b45444b6b44a3c6ac541111079f2b14e893,"{""distance"":5,""physical_error_rate"":5e-05}","{""detection_events"":1766,""detectors_checked"":8257536}"
      5120,         0,         0,   0.077,exact_mw,cb12ae119b9b2ba18d0216e7235b403229e92fd0743ede48fe7f1a2c6f45d594,"{""distance"":5,""physical_error_rate"":0.0005}","{""detection_events"":2495,""detectors_checked"":1146880}"
     40960,         0,         0,   0.304,exact_mw,cdc4a450a40af8e24899239080e4c40992fb5baf91c5a31ab3a165eacb3a1ab3,"{""distance"":5,""physical_error_rate"":0.0002}","{""detection_events"":8181,""detectors_checked"":9175040}"
      9216,         0,         0,   0.222,exact_mw,bb90ec3459e353008cf9a5bb9142bf1e8515517a9e167021b225104594e48e8a,"{""distance"":5,""physical_error_rate"":0.001}","{""detection_events"":9001,""detectors_checked"":2064384}"
     28672,         0,         0,   0.211,exact_mw,70a969f5042aec17ac076c6379f4170fb7c69b8e925756ef3b7334e28a33338b,"{""distance"":5,""physical_error_rate"":0.0001}","{""detection_events"":2724,""detectors_checked"":6422528}"
     12288,         0,         0,   0.109,exact_mw,cb12ae119b9b2ba18d0216e7235b403229e92fd0743ede48fe7f1a2c6f45d594,"{""distance"":5,""physical_error_rate"":0.0005}","{""detection_events"":6180,""detectors_checked"":2752512}"
     16384,         0,         0,   0.137,exact_mw,cb12ae119b9b2ba18d0216e7235b403229e92fd0743ede48fe7f1a2c6f45d594,"{""distance"":5,""physical_error_rate"":0.0005}","{""detection_events"":8090,""detectors_checked"":3670016}"
     57344,         0,         0,   0.414,exact_mw,f32ebecd8e105e50ec838d33c5ed9b45444b6b44a3c6ac541111079f2b14e893,"{""distance"":5,""physical_error_rate"":5e-05}","{""detection_events"":2945,""detectors_checked"":12845056}"
     11264,         0,         0,   0.293,exact_mw,bb90ec3459e353008cf9a5bb9142bf1e8515517a9e167021b225104594e48e8a,"{""distance"":5,""physical_error_rate"":0.001}","{""detection_events"":11286,""detectors_checked"":2523136}"
     40960,         0,         0,   0.290,exact_mw,70a969f5042aec17ac076c6379f4170fb7c69b8e925756ef3b7334e28a33338b,"{""distance"":5,""physical_error_rate"":0.0001}","{""detection_events"":4095,""detectors_checked"":9175040}"
     56320,         0,         0,   0.400,exact_mw,cdc4a450a40af8e24899239080e4c40992fb5baf91c5a31ab3a165eacb3a1ab3,"{""distance"":5,""physical_error_rate"":0.0002}","{""detection_events"":10982,""detectors_checked"":12615680}"
     20480,         0,         0,   0.211,exact_mw,cb12ae119b9b2ba18d0216e7235b403229e92fd0743ede48fe7f1a2c6f45d594,"{""distance"":5,""physical_error_rate"":0.0005}","{""detection_events"":10321,""detectors_checked"":4587520}"
     29696,         0,         0,   0.289,exact_mw,cb12ae119b9b2ba18d0216e7235b403229e92fd0743ede48fe7f1a2c6f45d594,"{""distance"":5,""physical_error_rate"":0.0005}","{""detection_events"":14602,""detectors_checked"":6651904}"
     50176,         0,         0,   0.392,exact_mw,70a969f5042aec17ac076c6379f4170fb7c69b8e925756ef3b7334e28a33338b,"{""distance"":5,""physical_error_rate"":0.0001}","{""detection_events"":4907,""detectors_checked"":11239424}"
     14336,         0,         0,   0.429,exact_mw,bb90ec3459e353008cf9a5bb9142bf1e8515517a9e167021b225104594e48e8a,"{""distance"":5,""physical_error_rate"":0.001}","{""detection_events"":13965,""detectors_checked"":3211264}"
     62464,         0,         0,   0.564,exact_mw,f32ebecd8e105e50ec838d33c5ed9b45444b6b44a3c6ac541111079f2b14e893,"{""distance"":5,""physical_error_rate"":5e-05}","{""detection_events"":3286,""detectors_checked"":13991936}"
     76800,         0,         0,   0.579,exact_mw,cdc4a450a40af8e24899239080e4c40992fb5baf91c5a31ab3a165eacb3a1ab3,"{""distance"":5,""physical_error_rate"":0.0002}","{""detection_events"":14801,""detectors_checked"":17203200}"
     37888,         0,         0,   0.418,exact_mw,cb12ae119b9b2ba18d0216e7235b403229e92fd0743ede48fe7f1a2c6f45d594,"{""distance"":5,""physical_error_rate"":0.0005}","{""detection_events"":18456,""detectors_checked"":8486912}"
     79872,         0,         0,   0.568,exact_mw,70a969f5042aec17ac076c6379f4170fb7c69b8e925756ef3b7334e28a33338b,"{""distance"":5,""physical_error_rate"":0.0001}","{""detection_events"":7954,""detectors_checked"":17891328}"
     12288,         0,         0,   0.569,exact_mw,bb90ec3459e353008cf9a5bb9142bf1e8515517a9e167021b225104594e48e8a,"{""distance"":5,""physical_error_rate"":0.001}","{""detection_events"":12392,""detectors_checked"":2752512}"
     61440,         0,         0,   0.798,exact_mw,f32ebecd8e105e50ec838d33c5ed9b45444b6b44a3c6ac541111079f2b14e893,"{""distance"":5,""physical_error_rate"":5e-05}","{""detection_events"":3162,""detectors_checked"":13762560}"
     55296,         0,         0,   0.577,exact_mw,cb12ae119b9b2ba18d0216e7235b403229e92fd0743ede48fe7f1a2c6f45d594,"{""distance"":5,""physical_error_rate"":0.0005}","{""detection_events"":27211,""detectors_checked"":12386304}"
    108544,         0,         0,   0.803,exact_mw,cdc4a450a40af8e24899239080e4c40992fb5baf91c5a31ab3a165eacb3a1ab3,"{""distance"":5,""physical_error_rate"":0.0002}","{""detection_events"":21450,""detectors_checked"":24313856}"
       273,         0,         0,   0.023,exact_mw,bb90ec3459e353008cf9a5bb9142bf1e8515517a9e167021b225104594e48e8a,"{""distance"":5,""physical_error_rate"":0.001}","{""detection_events"":253,""detectors_checked"":61152}"
      1024,         0,         0,   0.052,exact_mw,bb90ec3459e353008cf9a5bb9142bf1e8515517a9e167021b225104594e48e8a,"{""distance"":5,""physical_error_rate"":0.001}","{""detection_events"":960,""detectors_checked"":229376}"
      1024,         0,         0,   0.030,exact_mw,bb90ec3459e353008cf9a5bb9142bf1e8515517a9e167021b225104594e48e8a,"{""distance"":5,""physical_error_rate"":0.001}","{""detection_events"":1059,""detectors_checked"":229376}"
     96256,         0,         0,   0.791,exact_mw,70a969f5042aec17ac076c6379f4170fb7c69b8e925756ef3b7334e28a33338b,"{""distance"":5,""physical_error_rate"":0.0001}","{""detection_events"":9272,""detectors_checked"":21561344}"
      2048,         0,         0,   0.056,exact_mw,bb90ec3459e353008cf9a5bb9142bf1e8515517a9e167021b225104594e48e8a,"{""distance"":5,""physical_error_rate"":0.001}","{""detection_events"":1974,""detectors_checked"":458752}"
     21504,         0,         0,   0.809,exact_mw,bb90ec3459e353008cf9a5bb9142bf1e8515517a9e167021b225104594e48e8a,"{""distance"":5,""physical_error_rate"":0.001}","{""detection_events"":20974,""detectors_checked"":4816896}"
      1024,         0,         0,   0.050,exact_mw,bb90ec3459e353008cf9a5bb9142bf1e8515517a9e167021b225104594e48e8a,"{""distance"":5,""physical_error_rate"":0.001}","{""detection_events"":1011,""detectors_checked"":229376}"
      1024,         0,         0,   0.058,exact_mw,bb90ec3459e353008cf9a5bb9142bf1e8515517a9e167021b225104594e48e8a,"{""distance"":5,""physical_error_rate"":0.001}","{""detection_events"":1009,""detectors_checked"":229376}"
      3072,         0,         0,   0.098,exact_mw,bb90ec3459e353008cf9a5bb9142bf1e8515517a9e167021b225104594e48e8a,"{""distance"":5,""physical_error_rate"":0.001}","{""detection_events"":3097,""detectors_checked"":688128}"
        17,         0,         0,   0.023,exact_mw,3208f56225bbcac0e2804eb6f92d0a8b681652a702ca1ec920ccd7367f0e0899,"{""distance"":5,""physical_error_rate"":0.002}","{""detection_events"":25,""detectors_checked"":3808}"
       256,         0,         0,   0.032,exact_mw,3208f56225bbcac0e2804eb6f92d0a8b681652a702ca1ec920ccd7367f0e0899,"{""distance"":5,""physical_error_rate"":0.002}","{""detection_events"":511,""detectors_checked"":57344}"
      4096,         0,         0,   0.132,exact_mw,bb90ec3459e353008cf9a5bb9142bf1e8515517a9e167021b225104594e48e8a,"{""distance"":5,""physical_error_rate"":0.001}","{""detection_events"":4065,""detectors_checked"":917504}"
     75776,         0,         0,   0.792,exact_mw,cb12ae119b9b2ba18d0216e7235b403229e92fd0743ede48fe7f1a2c6f45d594,"{""distance"":5,""physical_error_rate"":0.0005}","{""detection_events"":37968,""detectors_checked"":16973824}"
      1024,         0,         0,   0.190,exact_mw,3208f56225bbcac0e2804eb6f92d0a8b681652a702ca1ec920ccd7367f0e0899,"{""distance"":5,""physical_error_rate"":0.002}","{""detection_events"":2012,""detectors_checked"":229376}"
      6144,         0,         0,   0.174,exact_mw,bb90ec3459e353008cf9a5bb9142bf1e8515517a9e167021b225104594e48e8a,"{""distance"":5,""physical_error_rate"":0.001}","{""detection_events"":6076,""detectors_checked"":1376256}"
     99328,         0,         0,    1.11,exact_mw,f32ebecd8e105e50ec838d33c5ed9b45444b6b44a3c6ac541111079f2b14e893,"{""distance"":5,""physical_error_rate"":5e-05}","{""detection_events"":4901,""detectors_checked"":22249472}"
      1024,         0,         0,   0.240,exact_mw,3208f56225bbcac0e2804eb6f92d0a8b681652a702ca1ec920ccd7367f0e0899,"{""distance"":5,""physical_error_rate"":0.002}","{""detection_events"":2020,""detectors_checked"":229376}"
      8192,         0,         0,   0.211,exact_mw,bb90ec3459e353008cf9a5bb9142bf1e8515517a9e167021b225104594e48e8a,"{""distance"":5,""physical_error_rate"":0.001}","{""detection_events"":7956,""detectors_checked"":1835008}"
    150528,         0,         0,    1.12,exact_mw,cdc4a450a40af8e24899239080e4c40992fb5baf91c5a31ab3a165eacb3a1ab3,"{""distance"":5,""physical_error_rate"":0.0002}","{""detection_events"":29141,""detectors_checked"":33718272}"
       273,         0,         0,   0.053,exact_mw,3208f56225bbcac0e2804eb6f92d0a8b681652a702ca1ec920ccd7367f0e0899,"{""distance"":5,""physical_error_rate"":0.002}","{""detection_events"":498,""detectors_checked"":61152}"
      1024,         0,         0,   0.166,exact_mw,3208f56225bbcac0e2804eb6f92d0a8b681652a702ca1ec920ccd7367f0e0899,"{""distance"":5,""physical_error_rate"":0.002}","{""detection_events"":1970,""detectors_checked"":229376}"
     12288,         0,         0,   0.313,exact_mw,bb90ec3459e353008cf9a5bb9142bf1e8515517a9e167021b225104594e48e8a,"{""distance"":5,""physical_error_rate"":0.001}","{""detection_events"":12075,""detectors_checked"":2752512}"
      1024,         0,         0,   0.241,exact_mw,3208f56225bbcac0e2804eb6f92d0a8b681652a702ca1ec920ccd7367f0e0899,"{""distance"":5,""physical_error_rate"":0.002}","{""detection_events"":1914,""detectors_checked"":229376}"
    154624,         0,         0,    1.12,exact_mw,70a969f5042aec17ac076c6379f4170fb7c69b8e925756ef3b7334e28a33338b,"{""distance"":5,""physical_error_rate"":0.0001}","{""detection_events"":15687,""detectors_checked"":34635776}"
      1024,         0,         0,   0.219,exact_mw,3208f56225bbcac0e2804eb6f92d0a8b681652a702ca1ec920ccd7367f0e0899,"{""distance"":5,""physical_error_rate"":0.002}","{""detection_events"":1941,""detectors_checked"":229376}"
     39936,         0,         0,    1.12,exact_mw,bb90ec3459e353008cf9a5bb9142bf1e8515517a9e167021b225104594e48e8a,"{""distance"":5,""physical_error_rate"":0.001}","{""detection_events"":38613,""detectors_checked"":8945664}"
      1024,         0,         0,   0.189,exact_mw,3208f56225bbcac0e2804eb6f92d0a8b681652a702ca1ec920ccd7367f0e0899,"{""distance"":5,""physical_error_rate"":0.002}","{""detection_events"":1992,""detectors_checked"":229376}"
      1024,         0,         0,   0.208,exact_mw,3208f56225bbcac0e2804eb6f92d0a8b681652a702ca1ec920ccd7367f0e0899,"{""distance"":5,""physical_error_rate"":0.002}","{""detection_events"":2142,""detectors_checked"":229376}"
      1024,         0,         0,   0.128,exact_mw,3208f56225bbcac0e2804eb6f92d0a8b681652a702ca1ec920ccd7367f0e0899,"{""distance"":5,""physical_error_rate"":0.002}","{""detection_events"":2026,""detectors_checked"":229376}"
      1024,         0,         0,   0.103,exact_mw,3208f56225bbcac0e2804eb6f92d0a8b681652a702ca1ec920ccd7367f0e0899,"{""distance"":5,""physical_error_rate"":0.002}","{""detection_events"":1895,""detectors_checked"":229376}"
     16384,         0,         0,   0.394,exact_mw,bb90ec3459e353008cf9a5bb9142bf1e8515517a9e167021b225104594e48e8a,"{""distance"":5,""physical_error_rate"":0.001}","{""detection_events"":16238,""detectors_checked"":3670016}"
      1024,         0,         0,   0.083,exact_mw,3208f56225bbcac0e2804eb6f92d0a8b681652a702ca1ec920ccd7367f0e0899,"{""distance"":5,""physical_error_rate"":0.002}","{""detection_events"":1856,""detectors_checked"":229376}"
     58368,         0,         0,    1.09,exact_mw,cb12ae119b9b2ba18d0216e7235b403229e92fd0743ede48fe7f1a2c6f45d594,"{""distance"":5,""physical_error_rate"":0.0005}","{""detection_events"":28842,""detectors_checked"":13074432}"
      1024,         0,         0,   0.083,exact_mw,3208f56225bbcac0e2804eb6f92d0a8b681652a702ca1ec920ccd7367f0e0899,"{""distance"":5,""physical_error_rate"":0.002}","{""detection_events"":1997,""detectors_checked"":229376}"
      1024,         0,         0,   0.172,exact_mw,3208f56225bbcac0e2804eb6f92d0a8b681652a702ca1ec920ccd7367f0e0899,"{""distance"":5,""physical_error_rate"":0.002}","{""detection_events"":2136,""detectors_checked"":229376}"
      1024,         0,         0,   0.136,exact_mw,3208f56225bbcac0e2804eb6f92d0a8b681652a702ca1ec920ccd7367f0e0899,"{""distance"":5,""physical_error_rate"":0.002}","{""detection_events"":1904,""detectors_checked"":229376}"
      1024,         0,         0,   0.128,exact_mw,3208f56225bbcac0e2804eb6f92d0a8b681652a702ca1ec920ccd7367f0e0899,"{""distance"":5,""physical_error_rate"":0.002}","{""detection_events"":2029,""detectors_checked"":229376}"
      1297,         0,         0,   0.026,exact_mw,cb12ae119b9b2ba18d0216e7235b403229e92fd0743ede48fe7f1a2c6f45d594,"{""distance"":5,""physical_error_rate"":0.0005}","{""detection_events"":726,""detectors_checked"":290528}"
      2048,         0,         0,   0.287,exact_mw,3208f56225bbcac0e2804eb6f92d0a8b681652a702ca1ec920ccd7367f0e0899,"{""distance"":5,""physical_error_rate"":0.002}","{""detection_events"":4237,""detectors_checked"":458752}"
      2048,         0,         0,   0.029,exact_mw,cb12ae119b9b2ba18d0216e7235b403229e92fd0743ede48fe7f1a2c6f45d594,"{""distance"":5,""physical_error_rate"":0.0005}","{""detection_events"":1070,""detectors_checked"":458752}"
      1024,         0,         0,   0.025,exact_mw,cb12ae119b9b2ba18d0216e7235b403229e92fd0743ede48fe7f1a2c6f45d594,"{""distance"":5,""physical_error_rate"":0.0005}","{""detection_events"":540,""detectors_checked"":229376}"
      3072,         0,         0,   0.031,exact_mw,cb12ae119b9b2ba18d0216e7235b403229e92fd0743ede48fe7f1a2c6f45d594,"{""distance"":5,""physical_error_rate"":0.0005}","{""detection_events"":1580,""detectors_checked"":688128}"
      4096,         0,         0,   0.058,exact_mw,cb12ae119b9b2ba18d0216e7235b403229e92fd0743ede48fe7f1a2c6f45d594,"{""distance"":5,""physical_error_rate"":0.0005}","{""detection_events"":2121,""detectors_checked"":917504}"
     23552,         0,         0,   0.568,exact_mw,bb90ec3459e353008cf9a5bb9142bf1e8515517a9e167021b225104594e48e8a,"{""distance"":5,""physical_error_rate"":0.001}","{""detection_events"":23103,""detectors_checked"":5275648}"
      2048,         0,         0,   0.241,exact_mw,3208f56225bbcac0e2804eb6f92d0a8b681652a702ca1ec920ccd7367f0e0899,"{""distance"":5,""physical_error_rate"":0.002}","{""detection_events"":3976,""detectors_checked"":458752}"
      4096,         0,         0,   0.054,exact_mw,cb12ae119b9b2ba18d0216e7235b403229e92fd0743ede48fe7f1a2c6f45d594,"{""distance"":5,""physical_error_rate"":0.0005}","{""detection_events"":2055,""detectors_checked"":917504}"
      5120,         0,         0,   0.082,exact_mw,cb12ae119b9b2ba18d0216e7235b403229e92fd0743ede48fe7f1a2c6f45d594,"{""distance"":5,""physical_error_rate"":0.0005}","{""detection_events"":2536,""detectors_checked"":1146880}"
    210944,         0,         0,    1.52,exact_mw,f32ebecd8e105e50ec838d33c5ed9b45444b6b44a3c6ac541111079f2b14e893,"{""distance"":5,""physical_error_rate"":5e-05}","{""detection_events"":10436,""detectors_checked"":47251456}"
      3072,         0,         0,   0.391,exact_mw,3208f56225bbcac0e2804eb6f92d0a8b681652a702ca1ec920ccd7367f0e0899,"{""distance"":5,""physical_error_rate"":0.002}","{""detection_events"":5899,""detectors_checked"":688128}"
      7168,         0,         0,   0.107,exact_mw,cb12ae119b9b2ba18d0216e7235b403229e92fd0743ede48fe7f1a2c6f45d594,"{""distance"":5,""physical_error_rate"":0.0005}","{""detection_events"":3573,""detectors_checked"":1605632}"
    209920,         0,         0,    1.55,exact_mw,cdc4a450a40af8e24899239080e4c40992fb5baf91c5a31ab3a165eacb3a1ab3,"{""distance"":5,""physical_error_rate"":0.0002}","{""detection_events"":41275,""detectors_checked"":47022080}"
      2048,         1,         0,   0.291,exact_mw,3208f56225bbcac0e2804eb6f92d0a8b681652a702ca1ec920ccd7367f0e0899,"{""distance"":5,""physical_error_rate"":0.002}","{""detection_events"":3933,""detectors_checked"":458752,""obs_mistake_mask=E"":1}"
      8192,         0,         0,   0.161,exact_mw,cb12ae119b9b2ba18d0216e7235b403229e92fd0743ede48fe7f1a2c6f45d594,"{""distance"":5,""physical_error_rate"":0.0005}","{""detection_events"":4041,""detectors_checked"":1835008}"
    212992,         0,         0,    1.52,exact_mw,70a969f5042aec17ac076c6379f4170fb7c69b8e925756ef3b7334e28a33338b,"{""distance"":5,""physical_error_rate"":0.0001}","{""detection_events"":21002,""detectors_checked"":47710208}"
      9216,         0,         0,   0.229,exact_mw,cb12ae119b9b2ba18d0216e7235b403229e92fd0743ede48fe7f1a2c6f45d594,"{""distance"":5,""physical_error_rate"":0.0005}","{""detection_events"":4586,""detectors_checked"":2064384}"
     61440,         1,         0,    1.55,exact_mw,bb90ec3459e353008cf9a5bb9142bf1e8515517a9e167021b225104594e48e8a,"{""distance"":5,""physical_error_rate"":0.001}","{""detection_events"":60004,""detectors_checked"":13762560,""obs_mistake_mask=E"":1}"
      3072,         0,         0,   0.471,exact_mw,3208f56225bbcac0e2804eb6f92d0a8b681652a702ca1ec920ccd7367f0e0899,"{""distance"":5,""physical_error_rate"":0.002}","{""detection_events"":6038,""detectors_checked"":688128}"
     28672,         0,         0,   0.803,exact_mw,bb90ec3459e353008cf9a5bb9142bf1e8515517a9e167021b225104594e48e8a,"{""distance"":5,""physical_error_rate"":0.001}","{""detection_events"":28079,""detectors_checked"":6422528}"
      3072,         2,         0,   0.454,exact_mw,3208f56225bbcac0e2804eb6f92d0a8b681652a702ca1ec920ccd7367f0e0899,"{""distance"":5,""physical_error_rate"":0.002}","{""detection_events"":5953,""detectors_checked"":688128,""obs_mistake_mask=E"":2}"
       273,         0,         0,   0.002,exact_mw,cdc4a450a40af8e24899239080e4c40992fb5baf91c5a31ab3a165eacb3a1ab3,"{""distance"":5,""physical_error_rate"":0.0002}","{""detection_events"":52,""detectors_checked"":61152}"
      3072,         0,         0,   0.030,exact_mw,cdc4a450a40af8e24899239080e4c40992fb5baf91c5a31ab3a165eacb3a1ab3,"{""distance"":5,""physical_error_rate"":0.0002}","{""detection_events"":619,""detectors_checked"":688128}"
      3072,         0,         0,   0.038,exact_mw,cdc4a450a40af8e24899239080e4c40992fb5baf91c5a31ab3a165eacb3a1ab3,"{""distance"":5,""physical_error_rate"":0.0002}","{""detection_events"":586,""detectors_checked"":688128}"
     17408,         0,         0,   0.297,exact_mw,cb12ae119b9b2ba18d0216e7235b403229e92fd0743ede48fe7f1a2c6f45d594,"{""distance"":5,""physical_error_rate"":0.0005}","{""detection_events"":8365,""detectors_checked"":3899392}"
      2048,         0,         0,   0.023,exact_mw,cdc4a450a40af8e24899239080e4c40992fb5baf91c5a31ab3a165eacb3a1ab3,"{""distance"":5,""physical_error_rate"":0.0002}","{""detection_events"":417,""detectors_checked"":458752}"
      2048,         0,         0,   0.064,exact_mw,cdc4a450a40af8e24899239080e4c40992fb5baf91c5a31ab3a165eacb3a1ab3,"{""distance"":5,""physical_error_rate"":0.0002}","{""detection_events"":441,""detectors_checked"":458752}"
     30720,         0,         0,    1.56,exact_mw,cb12ae119b9b2ba18d0216e7235b403229e92fd0743ede48fe7f1a2c6f45d594,"{""distance"":5,""physical_error_rate"":0.0005}","{""detection_events"":15180,""detectors_checked"":6881280}"
      2048,         0,         0,   0.063,exact_mw,cdc4a450a40af8e24899239080e4c40992fb5baf91c5a31ab3a165eacb3a1ab3,"{""distance"":5,""physical_error_rate"":0.0002}","{""detection_events"":405,""detectors_checked"":458752}"
      3072,         0,         0,   0.095,exact_mw,cdc4a450a40af8e24899239080e4c40992fb5baf91c5a31ab3a165eacb3a1ab3,"{""distance"":5,""physical_error_rate"":0.0002}","{""detection_events"":617,""detectors_checked"":688128}"
      2048,         0,         0,   0.429,exact_mw,3208f56225bbcac0e2804eb6f92d0a8b681652a702ca1ec920ccd7367f0e0899,"{""distance"":5,""physical_error_rate"":0.002}","{""detection_events"":4082,""detectors_checked"":458752}"
      4096,         0,         0,   0.558,exact_mw,3208f56225bbcac0e2804eb6f92d0a8b681652a702ca1ec920ccd7367f0e0899,"{""distance"":5,""physical_error_rate"":0.002}","{""detection_events"":7767,""detectors_checked"":917504}"
      5120,         0,         0,   0.131,exact_mw,cdc4a450a40af8e24899239080e4c40992fb5baf91c5a31ab3a165eacb3a1ab3,"{""distance"":5,""physical_error_rate"":0.0002}","{""detection_events"":956,""detectors_checked"":1146880}"
     12288,         0,         0,   0.422,exact_mw,cb12ae119b9b2ba18d0216e7235b403229e92fd0743ede48fe7f1a2c6f45d594,"{""distance"":5,""physical_error_rate"":0.0005}","{""detection_events"":6061,""detectors_checked"":2752512}"
      5120,         0,         0,   0.159,exact_mw,cdc4a450a40af8e24899239080e4c40992fb5baf91c5a31ab3a165eacb3a1ab3,"{""distance"":5,""physical_error_rate"":0.0002}","{""detection_events"":1023,""detectors_checked"":1146880}"
      7168,         0,         0,   0.231,exact_mw,cdc4a450a40af8e24899239080e4c40992fb5baf91c5a31ab3a165eacb3a1ab3,"{""distance"":5,""physical_error_rate"":0.0002}","{""detection_events"":1438,""detectors_checked"":1605632}"
     22528,         0,         0,    1.08,exact_mw,bb90ec3459e353008cf9a5bb9142bf1e8515517a9e167021b225104594e48e8a,"{""distance"":5,""physical_error_rate"":0.001}","{""detection_events"":22406,""detectors_checked"":5046272}"
     13312,         0,         0,   0.584,exact_mw,cb12ae119b9b2ba18d0216e7235b403229e92fd0743ede48fe7f1a2c6f45d594,"{""distance"":5,""physical_error_rate"":0.0005}","{""detection_events"":6343,""detectors_checked"":2981888}"
      3072,         0,         0,   0.686,exact_mw,3208f56225bbcac0e2804eb6f92d0a8b681652a702ca1ec920ccd7367f0e0899,"{""distance"":5,""physical_error_rate"":0.002}","{""detection_events"":6005,""detectors_checked"":688128}"
      9216,         0,         0,   0.269,exact_mw,cdc4a450a40af8e24899239080e4c40992fb5baf91c5a31ab3a165eacb3a1ab3,"{""distance"":5,""physical_error_rate"":0.0002}","{""detection_events"":1784,""detectors_checked"":2064384}"
      4096,         1,         0,   0.874,exact_mw,3208f56225bbcac0e2804eb6f92d0a8b681652a702ca1ec920ccd7367f0e0899,"{""distance"":5,""physical_error_rate"":0.002}","{""detection_events"":8500,""detectors_checked"":917504,""obs_mistake_mask=E"":1}"
    203776,         0,         0,    2.16,exact_mw,f32ebecd8e105e50ec838d33c5ed9b45444b6b44a3c6ac541111079f2b14e893,"{""distance"":5,""physical_error_rate"":5e-05}","{""detection_events"":10063,""detectors_checked"":45645824}"
      8192,         0,         0,   0.405,exact_mw,cdc4a450a40af8e24899239080e4c40992fb5baf91c5a31ab3a165eacb3a1ab3,"{""distance"":5,""physical_error_rate"":0.0002}","{""detection_events"":1608,""detectors_checked"":1835008}"
    293888,         0,         0,    2.16,exact_mw,cdc4a450a40af8e24899239080e4c40992fb5baf91c5a31ab3a165eacb3a1ab3,"{""distance"":5,""physical_error_rate"":0.0002}","{""detection_events"":57813,""detectors_checked"":65830912}"
      6144,         0,         0,   0.815,exact_mw,3208f56225bbcac0e2804eb6f92d0a8b681652a702ca1ec920ccd7367f0e0899,"{""distance"":5,""physical_error_rate"":0.002}","{""detection_events"":11798,""detectors_checked"":1376256}"
    299008,         0,         0,    2.17,exact_mw,70a969f5042aec17ac076c6379f4170fb7c69b8e925756ef3b7334e28a33338b,"{""distance"":5,""physical_error_rate"":0.0001}","{""detection_events"":29312,""detectors_checked"":66977792}"
     77824,         0,         0,    2.18,exact_mw,bb90ec3459e353008cf9a5bb9142bf1e8515517a9e167021b225104594e48e8a,"{""distance"":5,""physical_error_rate"":0.001}","{""detection_events"":76795,""detectors_checked"":17432576}"
     14336,         0,         0,   0.855,exact_mw,cb12ae119b9b2ba18d0216e7235b403229e92fd0743ede48fe7f1a2c6f45d594,"{""distance"":5,""physical_error_rate"":0.0005}","{""detection_events"":7099,""detectors_checked"":3211264}"
     10240,         0,         0,   0.568,exact_mw,cdc4a450a40af8e24899239080e4c40992fb5baf91c5a31ab3a165eacb3a1ab3,"{""distance"":5,""physical_error_rate"":0.0002}","{""detection_events"":2039,""detectors_checked"":2293760}"
     43008,         0,         0,    2.26,exact_mw,cb12ae119b9b2ba18d0216e7235b403229e92fd0743ede48fe7f1a2c6f45d594,"{""distance"":5,""physical_error_rate"":0.0005}","{""detection_events"":22055,""detectors_checked"":9633792}"
     10240,         0,         0,    1.54,exact_mw,bb90ec3459e353008cf9a5bb9142bf1e8515517a9e167021b225104594e48e8a,"{""distance"":5,""physical_error_rate"":0.001}","{""detection_events"":9955,""detectors_checked"":2293760}"
      4096,         0,         0,    1.57,exact_mw,3208f56225bbcac0e2804eb6f92d0a8b681652a702ca1ec920ccd7367f0e0899,"{""distance"":5,""physical_error_rate"":0.002}","{""detection_events"":7707,""detectors_checked"":917504}"
     16384,         0,         0,   0.852,exact_mw,cdc4a450a40af8e24899239080e4c40992fb5baf91c5a31ab3a165eacb3a1ab3,"{""distance"":5,""physical_error_rate"":0.0002}","{""detection_events"":3191,""detectors_checked"":3670016}"
      9216,         1,         0,    1.13,exact_mw,3208f56225bbcac0e2804eb6f92d0a8b681652a702ca1ec920ccd7367f0e0899,"{""distance"":5,""physical_error_rate"":0.002}","{""detection_events"":18022,""detectors_checked"":2064384,""obs_mistake_mask=E"":1}"
     14336,         0,         0,    1.14,exact_mw,cb12ae119b9b2ba18d0216e7235b403229e92fd0743ede48fe7f1a2c6f45d594,"{""distance"":5,""physical_error_rate"":0.0005}","{""detection_events"":7072,""detectors_checked"":3211264}"
   1638400,         2,         0,    16.2,exact_mw,cb12ae119b9b2ba18d0216e7235b403229e92fd0743ede48fe7f1a2c6f45d594,"{""distance"":5,""physical_error_rate"":0.0005}","{""detection_events"":806316,""detectors_checked"":367001600,""obs_mistake_mask=E"":2}"
     30720,         0,         0,    1.13,exact_mw,cdc4a450a40af8e24899239080e4c40992fb5baf91c5a31ab3a165eacb3a1ab3,"{""distance"":5,""physical_error_rate"":0.0002}","{""detection_events"":6098,""detectors_checked"":6881280}"
      4096,         0,         0,    1.56,exact_mw,3208f56225bbcac0e2804eb6f92d0a8b681652a702ca1ec920ccd7367f0e0899,"{""distance"":5,""physical_error_rate"":0.002}","{""detection_events"":7987,""detectors_checked"":917504}"
    498688,         0,         0,    3.04,exact_mw,f32ebecd8e105e50ec838d33c5ed9b45444b6b44a3c6ac541111079f2b14e893,"{""distance"":5,""physical_error_rate"":5e-05}","{""detection_events"":25078,""detectors_checked"":111706112}"
     12288,         1,         0,    1.61,exact_mw,3208f56225bbcac0e2804eb6f92d0a8b681652a702ca1ec920ccd7367f0e0899,"{""distance"":5,""physical_error_rate"":0.002}","{""detection_events"":24205,""detectors_checked"":2752512,""obs_mistake_mask=E"":1}"
    380928,         0,         0,    3.02,exact_mw,cdc4a450a40af8e24899239080e4c40992fb5baf91c5a31ab3a165eacb3a1ab3,"{""distance"":5,""physical_error_rate"":0.0002}","{""detection_events"":74738,""detectors_checked"":85327872}"
     71680,         0,         0,    1.57,exact_mw,cb12ae119b9b2ba18d0216e7235b403229e92fd0743ede48fe7f1a2c6f45d594,"{""distance"":5,""physical_error_rate"":0.0005}","{""detection_events"":35117,""detectors_checked"":16056320}"
     19456,         0,         0,    2.22,exact_mw,bb90ec3459e353008cf9a5bb9142bf1e8515517a9e167021b225104594e48e8a,"{""distance"":5,""physical_error_rate"":0.001}","{""detection_events"":19310,""detectors_checked"":4358144}"
    419840,         0,         0,    3.04,exact_mw,70a969f5042aec17ac076c6379f4170fb7c69b8e925756ef3b7334e28a33338b,"{""distance"":5,""physical_error_rate"":0.0001}","{""detection_events"":41361,""detectors_checked"":94044160}"
    114688,         0,         0,    3.05,exact_mw,bb90ec3459e353008cf9a5bb9142bf1e8515517a9e167021b225104594e48e8a,"{""distance"":5,""physical_error_rate"":0.001}","{""detection_events"":112346,""detectors_checked"":25690112}"
    121856,         0,         0,    3.05,exact_mw,cb12ae119b9b2ba18d0216e7235b403229e92fd0743ede48fe7f1a2c6f45d594,"{""distance"":5,""physical_error_rate"":0.0005}","{""detection_events"":60796,""detectors_checked"":27295744}"
    137216,         0,         0,    1.55,exact_mw,cdc4a450a40af8e24899239080e4c40992fb5baf91c5a31ab3a165eacb3a1ab3,"{""distance"":5,""physical_error_rate"":0.0002}","{""detection_events"":27030,""detectors_checked"":30736384}"
     15360,         2,         0,    2.17,exact_mw,3208f56225bbcac0e2804eb6f92d0a8b681652a702ca1ec920ccd7367f0e0899,"{""distance"":5,""physical_error_rate"":0.002}","{""detection_events"":30419,""detectors_checked"":3440640,""obs_mistake_mask=E"":2}"
    167936,         0,         0,    2.16,exact_mw,cb12ae119b9b2ba18d0216e7235b403229e92fd0743ede48fe7f1a2c6f45d594,"{""distance"":5,""physical_error_rate"":0.0005}","{""detection_events"":83102,""detectors_checked"":37617664}"
   6087680,         0,         0,    44.7,exact_mw,70a969f5042aec17ac076c6379f4170fb7c69b8e925756ef3b7334e28a33338b,"{""distance"":5,""physical_error_rate"":0.0001}","{""detection_events"":600698,""detectors_checked"":1363640320}"
   5824512,         0,         0,    44.5,exact_mw,cdc4a450a40af8e24899239080e4c40992fb5baf91c5a31ab3a165eacb3a1ab3,"{""distance"":5,""physical_error_rate"":0.0002}","{""detection_events"":1147981,""detectors_checked"":1304690688}"
   4285440,         2,         0,    44.6,exact_mw,cb12ae119b9b2ba18d0216e7235b403229e92fd0743ede48fe7f1a2c6f45d594,"{""distance"":5,""physical_error_rate"":0.0005}","{""detection_events"":2116510,""detectors_checked"":959938560,""obs_mistake_mask=E"":2}"
     10240,         1,         0,    2.39,exact_mw,3208f56225bbcac0e2804eb6f92d0a8b681652a702ca1ec920ccd7367f0e0899,"{""distance"":5,""physical_error_rate"":0.002}","{""detection_events"":19896,""detectors_checked"":2293760,""obs_mistake_mask=E"":1}"
    882688,         5,         0,    44.7,exact_mw,bb90ec3459e353008cf9a5bb9142bf1e8515517a9e167021b225104594e48e8a,"{""distance"":5,""physical_error_rate"":0.001}","{""detection_events"":869035,""detectors_checked"":197722112,""obs_mistake_mask=E"":5}"
    250880,         0,         0,    2.16,exact_mw,cdc4a450a40af8e24899239080e4c40992fb5baf91c5a31ab3a165eacb3a1ab3,"{""distance"":5,""physical_error_rate"":0.0002}","{""detection_events"":49347,""detectors_checked"":56197120}"
     45056,         0,         0,    3.09,exact_mw,bb90ec3459e353008cf9a5bb9142bf1e8515517a9e167021b225104594e48e8a,"{""distance"":5,""physical_error_rate"":0.001}","{""detection_events"":43589,""detectors_checked"":10092544}"
   5360640,         0,         0,    44.6,exact_mw,f32ebecd8e105e50ec838d33c5ed9b45444b6b44a3c6ac541111079f2b14e893,"{""distance"":5,""physical_error_rate"":5e-05}","{""detection_events"":264046,""detectors_checked"":1200783360}"
    535552,         0,         0,    4.24,exact_mw,f32ebecd8e105e50ec838d33c5ed9b45444b6b44a3c6ac541111079f2b14e893,"{""distance"":5,""physical_error_rate"":5e-05}","{""detection_events"":26217,""detectors_checked"":119963648}"
    565248,         0,         0,    4.23,exact_mw,cdc4a450a40af8e24899239080e4c40992fb5baf91c5a31ab3a165eacb3a1ab3,"{""distance"":5,""physical_error_rate"":0.0002}","{""detection_events"":110372,""detectors_checked"":126615552}"
    586752,         0,         0,    4.21,exact_mw,70a969f5042aec17ac076c6379f4170fb7c69b8e925756ef3b7334e28a33338b,"{""distance"":5,""physical_error_rate"":0.0001}","{""detection_events"":57938,""detectors_checked"":131432448}"
    237568,        14,         0,    45.0,exact_mw,3208f56225bbcac0e2804eb6f92d0a8b681652a702ca1ec920ccd7367f0e0899,"{""distance"":5,""physical_error_rate"":0.002}","{""detection_events"":466011,""detectors_checked"":53215232,""obs_mistake_mask=E"":14}"
     64512,         0,         0,    4.45,exact_mw,bb90ec3459e353008cf9a5bb9142bf1e8515517a9e167021b225104594e48e8a,"{""distance"":5,""physical_error_rate"":0.001}","{""detection_events"":62810,""detectors_checked"":14450688}"
    391168,         0,         0,    4.27,exact_mw,cb12ae119b9b2ba18d0216e7235b403229e92fd0743ede48fe7f1a2c6f45d594,"{""distance"":5,""physical_error_rate"":0.0005}","{""detection_events"":192456,""detectors_checked"":87621632}"
     25600,         0,         0,    3.16,exact_mw,3208f56225bbcac0e2804eb6f92d0a8b681652a702ca1ec920ccd7367f0e0899,"{""distance"":5,""physical_error_rate"":0.002}","{""detection_events"":49634,""detectors_checked"":5734400}"
    203776,         0,         0,    3.05,exact_mw,cb12ae119b9b2ba18d0216e7235b403229e92fd0743ede48fe7f1a2c6f45d594,"{""distance"":5,""physical_error_rate"":0.0005}","{""detection_events"":101123,""detectors_checked"":45645824}"
   2780160,         0,         0,    22.8,exact_mw,f32ebecd8e105e50ec838d33c5ed9b45444b6b44a3c6ac541111079f2b14e893,"{""distance"":5,""physical_error_rate"":5e-05}","{""detection_events"":137068,""detectors_checked"":622755840}"
   1140736,         0,         0,    22.8,exact_mw,cdc4a450a40af8e24899239080e4c40992fb5baf91c5a31ab3a165eacb3a1ab3,"{""distance"":5,""physical_error_rate"":0.0002}","{""detection_events"":223849,""detectors_checked"":255524864}"
      5120,         0,         0,    3.21,exact_mw,3208f56225bbcac0e2804eb6f92d0a8b681652a702ca1ec920ccd7367f0e0899,"{""distance"":5,""physical_error_rate"":0.002}","{""detection_events"":9770,""detectors_checked"":1146880}"
    798720,         0,         0,    22.8,exact_mw,bb90ec3459e353008cf9a5bb9142bf1e8515517a9e167021b225104594e48e8a,"{""distance"":5,""physical_error_rate"":0.001}","{""detection_events"":781883,""detectors_checked"":178913280}"
    359424,         0,         0,    3.02,exact_mw,cdc4a450a40af8e24899239080e4c40992fb5baf91c5a31ab3a165eacb3a1ab3,"{""distance"":5,""physical_error_rate"":0.0002}","{""detection_events"":71953,""detectors_checked"":80510976}"
   2912256,         0,         0,    22.8,exact_mw,70a969f5042aec17ac076c6379f4170fb7c69b8e925756ef3b7334e28a33338b,"{""distance"":5,""physical_error_rate"":0.0001}","{""detection_events"":287853,""detectors_checked"":652345344}"
     95232,         1,         0,    4.28,exact_mw,bb90ec3459e353008cf9a5bb9142bf1e8515517a9e167021b225104594e48e8a,"{""distance"":5,""physical_error_rate"":0.001}","{""detection_events"":92487,""detectors_checked"":21331968,""obs_mistake_mask=E"":1}"
     33792,         0,         0,    4.36,exact_mw,3208f56225bbcac0e2804eb6f92d0a8b681652a702ca1ec920ccd7367f0e0899,"{""distance"":5,""physical_error_rate"":0.002}","{""detection_events"":66467,""detectors_checked"":7569408}"
    417792,         0,         0,    4.25,exact_mw,cb12ae119b9b2ba18d0216e7235b403229e92fd0743ede48fe7f1a2c6f45d594,"{""distance"":5,""physical_error_rate"":0.0005}","{""detection_events"":205959,""detectors_checked"":93585408}"
     28672,         2,         0,    4.37,exact_mw,3208f56225bbcac0e2804eb6f92d0a8b681652a702ca1ec920ccd7367f0e0899,"{""distance"":5,""physical_error_rate"":0.002}","{""detection_events"":56410,""detectors_checked"":6422528,""obs_mistake_mask=E"":2}"
    753664,         0,         0,    5.95,exact_mw,f32ebecd8e105e50ec838d33c5ed9b45444b6b44a3c6ac541111079f2b14e893,"{""distance"":5,""physical_error_rate"":5e-05}","{""detection_events"":37134,""detectors_checked"":168820736}"
    787456,         0,         0,    5.94,exact_mw,cdc4a450a40af8e24899239080e4c40992fb5baf91c5a31ab3a165eacb3a1ab3,"{""distance"":5,""physical_error_rate"":0.0002}","{""detection_events"":155228,""detectors_checked"":176390144}"
    515072,         0,         0,    4.23,exact_mw,cdc4a450a40af8e24899239080e4c40992fb5baf91c5a31ab3a165eacb3a1ab3,"{""distance"":5,""physical_error_rate"":0.0002}","{""detection_events"":101830,""detectors_checked"":115376128}"
    822272,         0,         0,    5.92,exact_mw,70a969f5042aec17ac076c6379f4170fb7c69b8e925756ef3b7334e28a33338b,"{""distance"":5,""physical_error_rate"":0.0001}","{""detection_events"":81305,""detectors_checked"":184188928}"
    163840,         0,         0,    5.97,exact_mw,bb90ec3459e353008cf9a5bb9142bf1e8515517a9e167021b225104594e48e8a,"{""distance"":5,""physical_error_rate"":0.001}","{""detection_events"":161575,""detectors_checked"":36700160}"
    197632,         0,         0,    6.02,exact_mw,cb12ae119b9b2ba18d0216e7235b403229e92fd0743ede48fe7f1a2c6f45d594,"{""distance"":5,""physical_error_rate"":0.0005}","{""detection_events"":96845,""detectors_checked"":44269568}"
    176128,        16,         0,    23.0,exact_mw,3208f56225bbcac0e2804eb6f92d0a8b681652a702ca1ec920ccd7367f0e0899,"{""distance"":5,""physical_error_rate"":0.002}","{""detection_events"":343421,""detectors_checked"":39452672,""obs_mistake_mask=E"":16}"
    131072,         1,         0,    5.93,exact_mw,bb90ec3459e353008cf9a5bb9142bf1e8515517a9e167021b225104594e48e8a,"{""distance"":5,""physical_error_rate"":0.001}","{""detection_events"":127707,""detectors_checked"":29360128,""obs_mistake_mask=E"":1}"
     49152,         4,         0,    5.96,exact_mw,3208f56225bbcac0e2804eb6f92d0a8b681652a702ca1ec920ccd7367f0e0899,"{""distance"":5,""physical_error_rate"":0.002}","{""detection_events"":95745,""detectors_checked"":11010048,""obs_mistake_mask=E"":4}"
    141312,         0,         0,    5.87,exact_mw,cb12ae119b9b2ba18d0216e7235b403229e92fd0743ede48fe7f1a2c6f45d594,"{""distance"":5,""physical_error_rate"":0.0005}","{""detection_events"":69426,""detectors_checked"":31653888}"
     43008,         2,         0,    6.00,exact_mw,3208f56225bbcac0e2804eb6f92d0a8b681652a702ca1ec920ccd7367f0e0899,"{""distance"":5,""physical_error_rate"":0.002}","{""detection_events"":84061,""detectors_checked"":9633792,""obs_mistake_mask=E"":2}"
    280576,         0,         0,    5.95,exact_mw,cdc4a450a40af8e24899239080e4c40992fb5baf91c5a31ab3a165eacb3a1ab3,"{""distance"":5,""physical_error_rate"":0.0002}","{""detection_events"":56116,""detectors_checked"":62849024}"
   1069056,         0,         0,    8.31,exact_mw,f32ebecd8e105e50ec838d33c5ed9b45444b6b44a3c6ac541111079f2b14e893,"{""distance"":5,""physical_error_rate"":5e-05}","{""detection_events"":52534,""detectors_checked"":239468544}"
   1097728,         0,         0,    8.33,exact_mw,cdc4a450a40af8e24899239080e4c40992fb5baf91c5a31ab3a165eacb3a1ab3,"{""distance"":5,""physical_error_rate"":0.0002}","{""detection_events"":216517,""detectors_checked"":245891072}"
   1155072,         0,         0,    8.30,exact_mw,70a969f5042aec17ac076c6379f4170fb7c69b8e925756ef3b7334e28a33338b,"{""distance"":5,""physical_error_rate"":0.0001}","{""detection_events"":114350,""detectors_checked"":258736128}"
    268288,         0,         0,    8.30,exact_mw,bb90ec3459e353008cf9a5bb9142bf1e8515517a9e167021b225104594e48e8a,"{""distance"":5,""physical_error_rate"":0.001}","{""detection_events"":263806,""detectors_checked"":60096512}"
    118784,         0,         0,    8.49,exact_mw,cb12ae119b9b2ba18d0216e7235b403229e92fd0743ede48fe7f1a2c6f45d594,"{""distance"":5,""physical_error_rate"":0.0005}","{""detection_events"":57377,""detectors_checked"":26607616}"
   1398784,         1,         0,    22.9,exact_mw,cb12ae119b9b2ba18d0216e7235b403229e92fd0743ede48fe7f1a2c6f45d594,"{""distance"":5,""physical_error_rate"":0.0005}","{""detection_events"":689957,""detectors_checked"":313327616,""obs_mistake_mask=E"":1}"
    219136,         1,         0,    8.36,exact_mw,bb90ec3459e353008cf9a5bb9142bf1e8515517a9e167021b225104594e48e8a,"{""distance"":5,""physical_error_rate"":0.001}","{""detection_events"":216005,""detectors_checked"":49086464,""obs_mistake_mask=E"":1}"
   2696192,        12,         0,    62.7,exact_mw,bb90ec3459e353008cf9a5bb9142bf1e8515517a9e167021b225104594e48e8a,"{""distance"":5,""physical_error_rate"":0.001}","{""detection_events"":2641210,""detectors_checked"":603947008,""obs_mistake_mask=E"":12}"
  10140672,         0,         0,    62.4,exact_mw,cdc4a450a40af8e24899239080e4c40992fb5baf91c5a31ab3a165eacb3a1ab3,"{""distance"":5,""physical_error_rate"":0.0002}","{""detection_events"":2001646,""detectors_checked"":2271510528}"
  10477568,         0,         0,    62.4,exact_mw,70a969f5042aec17ac076c6379f4170fb7c69b8e925756ef3b7334e28a33338b,"{""distance"":5,""physical_error_rate"":0.0001}","{""detection_events"":1039090,""detectors_checked"":2346975232}"
   6397952,         1,         0,    62.5,exact_mw,cb12ae119b9b2ba18d0216e7235b403229e92fd0743ede48fe7f1a2c6f45d594,"{""distance"":5,""physical_error_rate"":0.0005}","{""detection_events"":3144014,""detectors_checked"":1433141248,""obs_mistake_mask=E"":1}"
   8244224,         0,         0,    62.5,exact_mw,f32ebecd8e105e50ec838d33c5ed9b45444b6b44a3c6ac541111079f2b14e893,"{""distance"":5,""physical_error_rate"":5e-05}","{""detection_events"":405243,""detectors_checked"":1846706176}"
   6231040,         3,         0,    62.4,exact_mw,cb12ae119b9b2ba18d0216e7235b403229e92fd0743ede48fe7f1a2c6f45d594,"{""distance"":5,""physical_error_rate"":0.0005}","{""detection_events"":3067060,""detectors_checked"":1395752960,""obs_mistake_mask=E"":3}"
    747520,         1,         0,    8.31,exact_mw,cb12ae119b9b2ba18d0216e7235b403229e92fd0743ede48fe7f1a2c6f45d594,"{""distance"":5,""physical_error_rate"":0.0005}","{""detection_events"":368052,""detectors_checked"":167444480,""obs_mistake_mask=E"":1}"
    585728,        44,         0,    63.0,exact_mw,3208f56225bbcac0e2804eb6f92d0a8b681652a702ca1ec920ccd7367f0e0899,"{""distance"":5,""physical_error_rate"":0.002}","{""detection_events"":1146412,""detectors_checked"":131203072,""obs_mistake_mask=E"":44}"
   7885824,         0,         0,    62.5,exact_mw,cdc4a450a40af8e24899239080e4c40992fb5baf91c5a31ab3a165eacb3a1ab3,"{""distance"":5,""physical_error_rate"":0.0002}","{""detection_events"":1552251,""detectors_checked"":1766424576}"
   5047296,         0,         0,    62.2,exact_mw,f32ebecd8e105e50ec838d33c5ed9b45444b6b44a3c6ac541111079f2b14e893,"{""distance"":5,""physical_error_rate"":5e-05}","{""detection_events"":249463,""detectors_checked"":1130594304}"
     38912,         2,         0,    8.71,exact_mw,3208f56225bbcac0e2804eb6f92d0a8b681652a702ca1ec920ccd7367f0e0899,"{""distance"":5,""physical_error_rate"":0.002}","{""detection_events"":76618,""detectors_checked"":8716288,""obs_mistake_mask=E"":2}"
   5951488,         0,         0,    62.3,exact_mw,f32ebecd8e105e50ec838d33c5ed9b45444b6b44a3c6ac541111079f2b14e893,"{""distance"":5,""physical_error_rate"":5e-05}","{""detection_events"":292744,""detectors_checked"":1333133312}"
   4985856,         0,         0,    62.2,exact_mw,70a969f5042aec17ac076c6379f4170fb7c69b8e925756ef3b7334e28a33338b,"{""distance"":5,""physical_error_rate"":0.0001}","{""detection_events"":490325,""detectors_checked"":1116831744}"
     66560,         3,         0,    8.40,exact_mw,3208f56225bbcac0e2804eb6f92d0a8b681652a702ca1ec920ccd7367f0e0899,"{""distance"":5,""physical_error_rate"":0.002}","{""detection_events"":130902,""detectors_checked"":14909440,""obs_mistake_mask=E"":3}"
   4995072,         5,         0,    62.5,exact_mw,cb12ae119b9b2ba18d0216e7235b403229e92fd0743ede48fe7f1a2c6f45d594,"{""distance"":5,""physical_error_rate"":0.0005}","{""detection_events"":2458790,""detectors_checked"":1118896128,""obs_mistake_mask=E"":5}"
    156672,         0,         0,    8.21,exact_mw,cdc4a450a40af8e24899239080e4c40992fb5baf91c5a31ab3a165eacb3a1ab3,"{""distance"":5,""physical_error_rate"":0.0002}","{""detection_events"":30754,""detectors_checked"":35094528}"
   1616896,        11,         0,    62.8,exact_mw,bb90ec3459e353008cf9a5bb9142bf1e8515517a9e167021b225104594e48e8a,"{""distance"":5,""physical_error_rate"":0.001}","{""detection_events"":1589483,""detectors_checked"":362184704,""obs_mistake_mask=E"":11}"
   4698112,         0,         0,    62.5,exact_mw,cdc4a450a40af8e24899239080e4c40992fb5baf91c5a31ab3a165eacb3a1ab3,"{""distance"":5,""physical_error_rate"":0.0002}","{""detection_events"":924345,""detectors_checked"":1052377088}"
   5035008,         0,         0,    62.3,exact_mw,cdc4a450a40af8e24899239080e4c40992fb5baf91c5a31ab3a165eacb3a1ab3,"{""distance"":5,""physical_error_rate"":0.0002}","{""detection_events"":989963,""detectors_checked"":1127841792}"
   4708352,         4,         0,    62.5,exact_mw,cb12ae119b9b2ba18d0216e7235b403229e92fd0743ede48fe7f1a2c6f45d594,"{""distance"":5,""physical_error_rate"":0.0005}","{""detection_events"":2316471,""detectors_checked"":1054670848,""obs_mistake_mask=E"":4}"
   4271104,         0,         0,    62.3,exact_mw,f32ebecd8e105e50ec838d33c5ed9b45444b6b44a3c6ac541111079f2b14e893,"{""distance"":5,""physical_error_rate"":5e-05}","{""detection_events"":209680,""detectors_checked"":956727296}"
   7795712,         0,         0,    62.5,exact_mw,70a969f5042aec17ac076c6379f4170fb7c69b8e925756ef3b7334e28a33338b,"{""distance"":5,""physical_error_rate"":0.0001}","{""detection_events"":769928,""detectors_checked"":1746239488}"
   2365440,        11,         0,    62.7,exact_mw,bb90ec3459e353008cf9a5bb9142bf1e8515517a9e167021b225104594e48e8a,"{""distance"":5,""physical_error_rate"":0.001}","{""detection_events"":2321632,""detectors_checked"":529858560,""obs_mistake_mask=E"":11}"
   7328768,         0,         0,    62.4,exact_mw,70a969f5042aec17ac076c6379f4170fb7c69b8e925756ef3b7334e28a33338b,"{""distance"":5,""physical_error_rate"":0.0001}","{""detection_events"":722318,""detectors_checked"":1641644032}"
   3864576,         2,         0,    62.4,exact_mw,cb12ae119b9b2ba18d0216e7235b403229e92fd0743ede48fe7f1a2c6f45d594,"{""distance"":5,""physical_error_rate"":0.0005}","{""detection_events"":1895646,""detectors_checked"":865665024,""obs_mistake_mask=E"":2}"
   1898496,        11,         0,    62.8,exact_mw,bb90ec3459e353008cf9a5bb9142bf1e8515517a9e167021b225104594e48e8a,"{""distance"":5,""physical_error_rate"":0.001}","{""detection_events"":1862080,""detectors_checked"":425263104,""obs_mistake_mask=E"":11}"
   5064704,         0,         0,    62.3,exact_mw,cdc4a450a40af8e24899239080e4c40992fb5baf91c5a31ab3a165eacb3a1ab3,"{""distance"":5,""physical_error_rate"":0.0002}","{""detection_events"":997847,""detectors_checked"":1134493696}"
    387072,        21,         0,    62.9,exact_mw,3208f56225bbcac0e2804eb6f92d0a8b681652a702ca1ec920ccd7367f0e0899,"{""distance"":5,""physical_error_rate"":0.002}","{""detection_events"":752927,""detectors_checked"":86704128,""obs_mistake_mask=E"":21}"
    456704,        26,         0,    63.0,exact_mw,3208f56225bbcac0e2804eb6f92d0a8b681652a702ca1ec920ccd7367f0e0899,"{""distance"":5,""physical_error_rate"":0.002}","{""detection_events"":890819,""detectors_checked"":102301696,""obs_mistake_mask=E"":26}"
   1879040,        10,         0,    62.7,exact_mw,bb90ec3459e353008cf9a5bb9142bf1e8515517a9e167021b225104594e48e8a,"{""distance"":5,""physical_error_rate"":0.001}","{""detection_events"":1847215,""detectors_checked"":420904960,""obs_mistake_mask=E"":10}"
    399360,        22,         0,    63.0,exact_mw,3208f56225bbcac0e2804eb6f92d0a8b681652a702ca1ec920ccd7367f0e0899,"{""distance"":5,""physical_error_rate"":0.002}","{""detection_events"":779868,""detectors_checked"":89456640,""obs_mistake_mask=E"":22}"
   1745920,         0,         0,    11.6,exact_mw,f32ebecd8e105e50ec838d33c5ed9b45444b6b44a3c6ac541111079f2b14e893,"{""distance"":5,""physical_error_rate"":5e-05}","{""detection_events"":85700,""detectors_checked"":391086080}"
   1522688,         0,         0,    11.6,exact_mw,cdc4a450a40af8e24899239080e4c40992fb5baf91c5a31ab3a165eacb3a1ab3,"{""distance"":5,""physical_error_rate"":0.0002}","{""detection_events"":299938,""detectors_checked"":341082112}"
   1581056,         0,         0,    11.6,exact_mw,70a969f5042aec17ac076c6379f4170fb7c69b8e925756ef3b7334e28a33338b,"{""distance"":5,""physical_error_rate"":0.0001}","{""detection_events"":155389,""detectors_checked"":354156544}"
    325632,         1,         0,    11.6,exact_mw,bb90ec3459e353008cf9a5bb9142bf1e8515517a9e167021b225104594e48e8a,"{""distance"":5,""physical_error_rate"":0.001}","{""detection_events"":318689,""detectors_checked"":72941568,""obs_mistake_mask=E"":1}"
    253952,         0,         0,    11.7,exact_mw,cb12ae119b9b2ba18d0216e7235b403229e92fd0743ede48fe7f1a2c6f45d594,"{""distance"":5,""physical_error_rate"":0.0005}","{""detection_events"":124986,""detectors_checked"":56885248}"
   1634304,         0,         0,    62.8,exact_mw,70a969f5042aec17ac076c6379f4170fb7c69b8e925756ef3b7334e28a33338b,"{""distance"":5,""physical_error_rate"":0.0001}","{""detection_events"":162099,""detectors_checked"":366084096}"
   5696512,         0,         0,    62.4,exact_mw,70a969f5042aec17ac076c6379f4170fb7c69b8e925756ef3b7334e28a33338b,"{""distance"":5,""physical_error_rate"":0.0001}","{""detection_events"":561741,""detectors_checked"":1276018688}"
    270336,         9,         0,    63.0,exact_mw,3208f56225bbcac0e2804eb6f92d0a8b681652a702ca1ec920ccd7367f0e0899,"{""distance"":5,""physical_error_rate"":0.002}","{""detection_events"":527615,""detectors_checked"":60555264,""obs_mistake_mask=E"":9}"
    415744,         4,         0,    11.7,exact_mw,bb90ec3459e353008cf9a5bb9142bf1e8515517a9e167021b225104594e48e8a,"{""distance"":5,""physical_error_rate"":0.001}","{""detection_events"":408650,""detectors_checked"":93126656,""obs_mistake_mask=E"":4}"
   6830080,         0,         0,    62.3,exact_mw,f32ebecd8e105e50ec838d33c5ed9b45444b6b44a3c6ac541111079f2b14e893,"{""distance"":5,""physical_error_rate"":5e-05}","{""detection_events"":338003,""detectors_checked"":1529937920}"
   2391040,        17,         0,    62.8,exact_mw,bb90ec3459e353008cf9a5bb9142bf1e8515517a9e167021b225104594e48e8a,"{""distance"":5,""physical_error_rate"":0.001}","{""detection_events"":2348259,""detectors_checked"":535592960,""obs_mistake_mask=E"":17}"
   1188864,         1,         0,    11.7,exact_mw,cb12ae119b9b2ba18d0216e7235b403229e92fd0743ede48fe7f1a2c6f45d594,"{""distance"":5,""physical_error_rate"":0.0005}","{""detection_events"":585845,""detectors_checked"":266305536,""obs_mistake_mask=E"":1}"
   6113280,         1,         0,    62.5,exact_mw,cb12ae119b9b2ba18d0216e7235b403229e92fd0743ede48fe7f1a2c6f45d594,"{""distance"":5,""physical_error_rate"":0.0005}","{""detection_events"":3008235,""detectors_checked"":1369374720,""obs_mistake_mask=E"":1}"
     12288,         2,         0,    12.1,exact_mw,3208f56225bbcac0e2804eb6f92d0a8b681652a702ca1ec920ccd7367f0e0899,"{""distance"":5,""physical_error_rate"":0.002}","{""detection_events"":23636,""detectors_checked"":2752512,""obs_mistake_mask=E"":2}"
     51200,         1,         0,    12.3,exact_mw,3208f56225bbcac0e2804eb6f92d0a8b681652a702ca1ec920ccd7367f0e0899,"{""distance"":5,""physical_error_rate"":0.002}","{""detection_events"":100340,""detectors_checked"":11468800,""obs_mistake_mask=E"":1}"
    755712,         0,         0,    11.7,exact_mw,cdc4a450a40af8e24899239080e4c40992fb5baf91c5a31ab3a165eacb3a1ab3,"{""distance"":5,""physical_error_rate"":0.0002}","{""detection_events"":147317,""detectors_checked"":169279488}"
   2675712,         0,         0,    62.3,exact_mw,f32ebecd8e105e50ec838d33c5ed9b45444b6b44a3c6ac541111079f2b14e893,"{""distance"":5,""physical_error_rate"":5e-05}","{""detection_events"":132293,""detectors_checked"":599359488}"
   4529152,         0,         0,    62.3,exact_mw,f32ebecd8e105e50ec838d33c5ed9b45444b6b44a3c6ac541111079f2b14e893,"{""distance"":5,""physical_error_rate"":5e-05}","{""detection_events"":223136,""detectors_checked"":1014530048}"
   4657152,         0,         0,    31.9,exact_mw,f32ebecd8e105e50ec838d33c5ed9b45444b6b44a3c6ac541111079f2b14e893,"{""distance"":5,""physical_error_rate"":5e-05}","{""detection_events"":229474,""detectors_checked"":1043202048}"
   2138112,         1,         0,    32.0,exact_mw,cdc4a450a40af8e24899239080e4c40992fb5baf91c5a31ab3a165eacb3a1ab3,"{""distance"":5,""physical_error_rate"":0.0002}","{""detection_events"":423368,""detectors_checked"":478937088,""obs_mistake_mask=E"":1}"
   1027072,         8,         0,    32.0,exact_mw,bb90ec3459e353008cf9a5bb9142bf1e8515517a9e167021b225104594e48e8a,"{""distance"":5,""physical_error_rate"":0.001}","{""detection_events"":1012118,""detectors_checked"":230064128,""obs_mistake_mask=E"":8}"
   3939328,         0,         0,    31.8,exact_mw,70a969f5042aec17ac076c6379f4170fb7c69b8e925756ef3b7334e28a33338b,"{""distance"":5,""physical_error_rate"":0.0001}","{""detection_events"":388978,""detectors_checked"":882409472}"
   8217600,         0,         0,    62.5,exact_mw,cdc4a450a40af8e24899239080e4c40992fb5baf91c5a31ab3a165eacb3a1ab3,"{""distance"":5,""physical_error_rate"":0.0002}","{""detection_events"":1621971,""detectors_checked"":1840742400}"
   6324224,         0,         0,    62.5,exact_mw,cb12ae119b9b2ba18d0216e7235b403229e92fd0743ede48fe7f1a2c6f45d594,"{""distance"":5,""physical_error_rate"":0.0005}","{""detection_events"":3118867,""detectors_checked"":1416626176}"
   2457600,        11,         0,    62.7,exact_mw,bb90ec3459e353008cf9a5bb9142bf1e8515517a9e167021b225104594e48e8a,"{""distance"":5,""physical_error_rate"":0.001}","{""detection_events"":2417315,""detectors_checked"":550502400,""obs_mistake_mask=E"":11}"
    367616,        24,         0,    63.1,exact_mw,3208f56225bbcac0e2804eb6f92d0a8b681652a702ca1ec920ccd7367f0e0899,"{""distance"":5,""physical_error_rate"":0.002}","{""detection_events"":718836,""detectors_checked"":82345984,""obs_mistake_mask=E"":24}"
    427008,        21,         0,    63.0,exact_mw,3208f56225bbcac0e2804eb6f92d0a8b681652a702ca1ec920ccd7367f0e0899,"{""distance"":5,""physical_error_rate"":0.002}","{""detection_events"":834157,""detectors_checked"":95649792,""obs_mistake_mask=E"":21}"
   7984128,         0,         0,    62.4,exact_mw,cdc4a450a40af8e24899239080e4c40992fb5baf91c5a31ab3a165eacb3a1ab3,"{""distance"":5,""physical_error_rate"":0.0002}","{""detection_events"":1574444,""detectors_checked"":1788444672}"
    236544,        13,         0,    32.5,exact_mw,3208f56225bbcac0e2804eb6f92d0a8b681652a702ca1ec920ccd7367f0e0899,"{""distance"":5,""physical_error_rate"":0.002}","{""detection_events"":462911,""detectors_checked"":52985856,""obs_mistake_mask=E"":13}"
   4638720,         0,         0,    62.3,exact_mw,70a969f5042aec17ac076c6379f4170fb7c69b8e925756ef3b7334e28a33338b,"{""distance"":5,""physical_error_rate"":0.0001}","{""detection_events"":456351,""detectors_checked"":1039073280}"
   2409472,         0,         0,    16.2,exact_mw,f32ebecd8e105e50ec838d33c5ed9b45444b6b44a3c6ac541111079f2b14e893,"{""distance"":5,""physical_error_rate"":5e-05}","{""detection_events"":118808,""detectors_checked"":539721728}"
   2162688,         0,         0,    16.3,exact_mw,cdc4a450a40af8e24899239080e4c40992fb5baf91c5a31ab3a165eacb3a1ab3,"{""distance"":5,""physical_error_rate"":0.0002}","{""detection_events"":425791,""detectors_checked"":484442112}"
   2247680,         0,         0,    16.3,exact_mw,70a969f5042aec17ac076c6379f4170fb7c69b8e925756ef3b7334e28a33338b,"{""distance"":5,""physical_error_rate"":0.0001}","{""detection_events"":220583,""detectors_checked"":503480320}"
    500736,         5,         0,    16.4,exact_mw,bb90ec3459e353008cf9a5bb9142bf1e8515517a9e167021b225104594e48e8a,"{""distance"":5,""physical_error_rate"":0.001}","{""detection_events"":490095,""detectors_checked"":112164864,""obs_mistake_mask=E"":5}"
   1486848,         0,         0,    16.3,exact_mw,cb12ae119b9b2ba18d0216e7235b403229e92fd0743ede48fe7f1a2c6f45d594,"{""distance"":5,""physical_error_rate"":0.0005}","{""detection_events"":730108,""detectors_checked"":333053952}"
    594944,         4,         0,    16.3,exact_mw,bb90ec3459e353008cf9a5bb9142bf1e8515517a9e167021b225104594e48e8a,"{""distance"":5,""physical_error_rate"":0.001}","{""detection_events"":585607,""detectors_checked"":133267456,""obs_mistake_mask=E"":4}"
   1353728,         1,         0,    16.2,exact_mw,cb12ae119b9b2ba18d0216e7235b403229e92fd0743ede48fe7f1a2c6f45d594,"{""distance"":5,""physical_error_rate"":0.0005}","{""detection_events"":667515,""detectors_checked"":303235072,""obs_mistake_mask=E"":1}"
     90112,         7,         0,    16.5,exact_mw,3208f56225bbcac0e2804eb6f92d0a8b681652a702ca1ec920ccd7367f0e0899,"{""distance"":5,""physical_error_rate"":0.002}","{""detection_events"":176166,""detectors_checked"":20185088,""obs_mistake_mask=E"":7}"
   1355776,         0,         0,    16.3,exact_mw,cdc4a450a40af8e24899239080e4c40992fb5baf91c5a31ab3a165eacb3a1ab3,"{""distance"":5,""physical_error_rate"":0.0002}","{""detection_events"":266845,""detectors_checked"":303693824}"
   2260992,         0,         0,    32.0,exact_mw,cb12ae119b9b2ba18d0216e7235b403229e92fd0743ede48fe7f1a2c6f45d594,"{""distance"":5,""physical_error_rate"":0.0005}","{""detection_events"":1109249,""detectors_checked"":506462208}"
     50176,         3,         0,    17.1,exact_mw,3208f56225bbcac0e2804eb6f92d0a8b681652a702ca1ec920ccd7367f0e0899,"{""distance"":5,""physical_error_rate"":0.002}","{""detection_events"":97726,""detectors_checked"":11239424,""obs_mistake_mask=E"":3}"
   8392704,         0,         0,    62.4,exact_mw,70a969f5042aec17ac076c6379f4170fb7c69b8e925756ef3b7334e28a33338b,"{""distance"":5,""physical_error_rate"":0.0001}","{""detection_events"":829507,""detectors_checked"":1879965696}"
   7743488,         1,         0,    62.5,exact_mw,cdc4a450a40af8e24899239080e4c40992fb5baf91c5a31ab3a165eacb3a1ab3,"{""distance"":5,""physical_error_rate"":0.0002}","{""detection_events"":1525757,""detectors_checked"":1734541312,""obs_mistake_mask=E"":1}"
   6397952,         3,         0,    62.5,exact_mw,cb12ae119b9b2ba18d0216e7235b403229e92fd0743ede48fe7f1a2c6f45d594,"{""distance"":5,""physical_error_rate"":0.0005}","{""detection_events"":3147332,""detectors_checked"":1433141248,""obs_mistake_mask=E"":3}"
   1815552,         4,         0,    62.8,exact_mw,bb90ec3459e353008cf9a5bb9142bf1e8515517a9e167021b225104594e48e8a,"{""distance"":5,""physical_error_rate"":0.001}","{""detection_events"":1788541,""detectors_checked"":406683648,""obs_mistake_mask=E"":4}"
   7803904,         0,         0,    62.4,exact_mw,f32ebecd8e105e50ec838d33c5ed9b45444b6b44a3c6ac541111079f2b14e893,"{""distance"":5,""physical_error_rate"":5e-05}","{""detection_events"":385390,""detectors_checked"":1748074496}"
    491520,        33,         0,    63.1,exact_mw,3208f56225bbcac0e2804eb6f92d0a8b681652a702ca1ec920ccd7367f0e0899,"{""distance"":5,""physical_error_rate"":0.002}","{""detection_events"":959719,""detectors_checked"":110100480,""obs_mistake_mask=E"":33}"
   3129344,         0,         0,    22.7,exact_mw,f32ebecd8e105e50ec838d33c5ed9b45444b6b44a3c6ac541111079f2b14e893,"{""distance"":5,""physical_error_rate"":5e-05}","{""detection_events"":154906,""detectors_checked"":700973056}"
    922624,         0,         0,    22.9,exact_mw,cdc4a450a40af8e24899239080e4c40992fb5baf91c5a31ab3a165eacb3a1ab3,"{""distance"":5,""physical_error_rate"":0.0002}","{""detection_events"":181173,""detectors_checked"":206667776}"
   2974720,         0,         0,    22.7,exact_mw,70a969f5042aec17ac076c6379f4170fb7c69b8e925756ef3b7334e28a33338b,"{""distance"":5,""physical_error_rate"":0.0001}","{""detection_events"":295031,""detectors_checked"":666337280}"
    738304,         2,         0,    22.9,exact_mw,bb90ec3459e353008cf9a5bb9142bf1e8515517a9e167021b225104594e48e8a,"{""distance"":5,""physical_error_rate"":0.001}","{""detection_events"":724983,""detectors_checked"":165380096,""obs_mistake_mask=E"":2}"
   1568768,         1,         0,    22.8,exact_mw,cb12ae119b9b2ba18d0216e7235b403229e92fd0743ede48fe7f1a2c6f45d594,"{""distance"":5,""physical_error_rate"":0.0005}","{""detection_events"":770357,""detectors_checked"":351404032,""obs_mistake_mask=E"":1}"
    874496,         3,         0,    22.9,exact_mw,bb90ec3459e353008cf9a5bb9142bf1e8515517a9e167021b225104594e48e8a,"{""distance"":5,""physical_error_rate"":0.001}","{""detection_events"":856920,""detectors_checked"":195887104,""obs_mistake_mask=E"":3}"
   2316288,         2,         0,    22.7,exact_mw,cb12ae119b9b2ba18d0216e7235b403229e92fd0743ede48fe7f1a2c6f45d594,"{""distance"":5,""physical_error_rate"":0.0005}","{""detection_events"":1136822,""detectors_checked"":518848512,""obs_mistake_mask=E"":2}"
     55296,         3,         0,    22.9,exact_mw,3208f56225bbcac0e2804eb6f92d0a8b681652a702ca1ec920ccd7367f0e0899,"{""distance"":5,""physical_error_rate"":0.002}","{""detection_events"":108180,""detectors_checked"":12386304,""obs_mistake_mask=E"":3}"
   3049472,         0,         0,    22.7,exact_mw,cdc4a450a40af8e24899239080e4c40992fb5baf91c5a31ab3a165eacb3a1ab3,"{""distance"":5,""physical_error_rate"":0.0002}","{""detection_events"":598343,""detectors_checked"":683081728}"
     55808,         2,         0,    23.0,exact_mw,3208f56225bbcac0e2804eb6f92d0a8b681652a702ca1ec920ccd7367f0e0899,"{""distance"":5,""physical_error_rate"":0.002}","{""detection_events"":109516,""detectors_checked"":12500992,""obs_mistake_mask=E"":2}"
   6369280,         0,         0,    44.6,exact_mw,f32ebecd8e105e50ec838d33c5ed9b45444b6b44a3c6ac541111079f2b14e893,"{""distance"":5,""physical_error_rate"":5e-05}","{""detection_events"":312500,""detectors_checked"":1426718720}"
   1883136,         0,         0,    44.7,exact_mw,cdc4a450a40af8e24899239080e4c40992fb5baf91c5a31ab3a165eacb3a1ab3,"{""distance"":5,""physical_error_rate"":0.0002}","{""detection_events"":370431,""detectors_checked"":421822464}"
   1572864,        10,         0,    44.8,exact_mw,bb90ec3459e353008cf9a5bb9142bf1e8515517a9e167021b225104594e48e8a,"{""distance"":5,""physical_error_rate"":0.001}","{""detection_events"":1545452,""detectors_checked"":352321536,""obs_mistake_mask=E"":10}"
   5683200,         0,         0,    44.7,exact_mw,70a969f5042aec17ac076c6379f4170fb7c69b8e925756ef3b7334e28a33338b,"{""distance"":5,""physical_error_rate"":0.0001}","{""detection_events"":561598,""detectors_checked"":1273036800}"
    257024,         7,         0,    45.4,exact_mw,3208f56225bbcac0e2804eb6f92d0a8b681652a702ca1ec920ccd7367f0e0899,"{""distance"":5,""physical_error_rate"":0.002}","{""detection_events"":500044,""detectors_checked"":57573376,""obs_mistake_mask=E"":7}"
   1157120,         0,         0,    44.8,exact_mw,cb12ae119b9b2ba18d0216e7235b403229e92fd0743ede48fe7f1a2c6f45d594,"{""distance"":5,""physical_error_rate"":0.0005}","{""detection_events"":570720,""detectors_checked"":259194880}"
   4421632,         0,         0,    31.9,exact_mw,f32ebecd8e105e50ec838d33c5ed9b45444b6b44a3c6ac541111079f2b14e893,"{""distance"":5,""physical_error_rate"":5e-05}","{""detection_events"":217827,""detectors_checked"":990445568}"
   1522688,         0,         0,    31.7,exact_mw,cdc4a450a40af8e24899239080e4c40992fb5baf91c5a31ab3a165eacb3a1ab3,"{""distance"":5,""physical_error_rate"":0.0002}","{""detection_events"":300675,""detectors_checked"":341082112}"
   4130816,         0,         0,    31.8,exact_mw,70a969f5042aec17ac076c6379f4170fb7c69b8e925756ef3b7334e28a33338b,"{""distance"":5,""physical_error_rate"":0.0001}","{""detection_events"":406297,""detectors_checked"":925302784}"
    291840,         1,         0,    32.0,exact_mw,bb90ec3459e353008cf9a5bb9142bf1e8515517a9e167021b225104594e48e8a,"{""distance"":5,""physical_error_rate"":0.001}","{""detection_events"":285105,""detectors_checked"":65372160,""obs_mistake_mask=E"":1}"
   1379328,         0,         0,    31.9,exact_mw,cb12ae119b9b2ba18d0216e7235b403229e92fd0743ede48fe7f1a2c6f45d594,"{""distance"":5,""physical_error_rate"":0.0005}","{""detection_events"":677578,""detectors_checked"":308969472}"
    909312,         3,         0,    32.0,exact_mw,bb90ec3459e353008cf9a5bb9142bf1e8515517a9e167021b225104594e48e8a,"{""distance"":5,""physical_error_rate"":0.001}","{""detection_events"":893514,""detectors_checked"":203685888,""obs_mistake_mask=E"":3}"
   2445312,         0,         0,    31.9,exact_mw,cb12ae119b9b2ba18d0216e7235b403229e92fd0743ede48fe7f1a2c6f45d594,"{""distance"":5,""physical_error_rate"":0.0005}","{""detection_events"":1202522,""detectors_checked"":547749888}"
    243712,        19,         0,    32.1,exact_mw,3208f56225bbcac0e2804eb6f92d0a8b681652a702ca1ec920ccd7367f0e0899,"{""distance"":5,""physical_error_rate"":0.002}","{""detection_events"":477314,""detectors_checked"":54591488,""obs_mistake_mask=E"":19}"
   3681280,         0,         0,    32.0,exact_mw,cdc4a450a40af8e24899239080e4c40992fb5baf91c5a31ab3a165eacb3a1ab3,"{""distance"":5,""physical_error_rate"":0.0002}","{""detection_events"":726994,""detectors_checked"":824606720}"
    203776,        12,         0,    32.2,exact_mw,3208f56225bbcac0e2804eb6f92d0a8b681652a702ca1ec920ccd7367f0e0899,"{""distance"":5,""physical_error_rate"":0.002}","{""detection_events"":398657,""detectors_checked"":45645824,""obs_mistake_mask=E"":12}"
   3872768,        25,         0,    87.9,exact_mw,bb90ec3459e353008cf9a5bb9142bf1e8515517a9e167021b225104594e48e8a,"{""distance"":5,""physical_error_rate"":0.001}","{""detection_events"":3795982,""detectors_checked"":867500032,""obs_mistake_mask=E"":25}"
  18289664,         0,         0,    87.4,exact_mw,cdc4a450a40af8e24899239080e4c40992fb5baf91c5a31ab3a165eacb3a1ab3,"{""distance"":5,""physical_error_rate"":0.0002}","{""detection_events"":3607064,""detectors_checked"":4096884736}"
  13974528,         0,         0,    87.5,exact_mw,70a969f5042aec17ac076c6379f4170fb7c69b8e925756ef3b7334e28a33338b,"{""distance"":5,""physical_error_rate"":0.0001}","{""detection_events"":1378431,""detectors_checked"":3130294272}"
  10318848,         6,         0,    87.5,exact_mw,cb12ae119b9b2ba18d0216e7235b403229e92fd0743ede48fe7f1a2c6f45d594,"{""distance"":5,""physical_error_rate"":0.0005}","{""detection_events"":5077201,""detectors_checked"":2311421952,""obs_mistake_mask=E"":6}"
  11640832,         0,         0,    87.4,exact_mw,f32ebecd8e105e50ec838d33c5ed9b45444b6b44a3c6ac541111079f2b14e893,"{""distance"":5,""physical_error_rate"":5e-05}","{""detection_events"":575592,""detectors_checked"":2607546368}"
   8740864,         1,         0,    87.5,exact_mw,cb12ae119b9b2ba18d0216e7235b403229e92fd0743ede48fe7f1a2c6f45d594,"{""distance"":5,""physical_error_rate"":0.0005}","{""detection_events"":4300960,""detectors_checked"":1957953536,""obs_mistake_mask=E"":1}"
  10817536,         1,         0,    87.5,exact_mw,cdc4a450a40af8e24899239080e4c40992fb5baf91c5a31ab3a165eacb3a1ab3,"{""distance"":5,""physical_error_rate"":0.0002}","{""detection_events"":2134786,""detectors_checked"":2423128064,""obs_mistake_mask=E"":1}"
   5226496,         0,         0,    87.2,exact_mw,f32ebecd8e105e50ec838d33c5ed9b45444b6b44a3c6ac541111079f2b14e893,"{""distance"":5,""physical_error_rate"":5e-05}","{""detection_events"":257367,""detectors_checked"":1170735104}"
    878592,        57,         0,    88.2,exact_mw,3208f56225bbcac0e2804eb6f92d0a8b681652a702ca1ec920ccd7367f0e0899,"{""distance"":5,""physical_error_rate"":0.002}","{""detection_events"":1718906,""detectors_checked"":196804608,""obs_mistake_mask=E"":57}"
   7629824,         0,         0,    87.5,exact_mw,f32ebecd8e105e50ec838d33c5ed9b45444b6b44a3c6ac541111079f2b14e893,"{""distance"":5,""physical_error_rate"":5e-05}","{""detection_events"":377153,""detectors_checked"":1709080576}"
   8200192,         0,         0,    87.1,exact_mw,70a969f5042aec17ac076c6379f4170fb7c69b8e925756ef3b7334e28a33338b,"{""distance"":5,""physical_error_rate"":0.0001}","{""detection_events"":811301,""detectors_checked"":1836843008}"
   6831104,         2,         0,    87.6,exact_mw,cb12ae119b9b2ba18d0216e7235b403229e92fd0743ede48fe7f1a2c6f45d594,"{""distance"":5,""physical_error_rate"":0.0005}","{""detection_events"":3355009,""detectors_checked"":1530167296,""obs_mistake_mask=E"":2}"
   4088832,         0,         0,    87.2,exact_mw,cdc4a450a40af8e24899239080e4c40992fb5baf91c5a31ab3a165eacb3a1ab3,"{""distance"":5,""physical_error_rate"":0.0002}","{""detection_events"":805572,""detectors_checked"":915898368}"
   5934080,         0,         0,    87.5,exact_mw,cdc4a450a40af8e24899239080e4c40992fb5baf91c5a31ab3a165eacb3a1ab3,"{""distance"":5,""physical_error_rate"":0.0002}","{""detection_events"":1170995,""detectors_checked"":1329233920}"
   2351104,        13,         0,    88.0,exact_mw,bb90ec3459e353008cf9a5bb9142bf1e8515517a9e167021b225104594e48e8a,"{""distance"":5,""physical_error_rate"":0.001}","{""detection_events"":2309861,""detectors_checked"":526647296,""obs_mistake_mask=E"":13}"
   7146496,         3,         0,    87.6,exact_mw,cb12ae119b9b2ba18d0216e7235b403229e92fd0743ede48fe7f1a2c6f45d594,"{""distance"":5,""physical_error_rate"":0.0005}","{""detection_events"":3511744,""detectors_checked"":1600815104,""obs_mistake_mask=E"":3}"
   6380544,         0,         0,    87.6,exact_mw,f32ebecd8e105e50ec838d33c5ed9b45444b6b44a3c6ac541111079f2b14e893,"{""distance"":5,""physical_error_rate"":5e-05}","{""detection_events"":314432,""detectors_checked"":1429241856}"
   9140224,         0,         0,    87.5,exact_mw,70a969f5042aec17ac076c6379f4170fb7c69b8e925756ef3b7334e28a33338b,"{""distance"":5,""physical_error_rate"":0.0001}","{""detection_events"":901688,""detectors_checked"":2047410176}"
   3432448,        15,         0,    87.8,exact_mw,bb90ec3459e353008cf9a5bb9142bf1e8515517a9e167021b225104594e48e8a,"{""distance"":5,""physical_error_rate"":0.001}","{""detection_events"":3369168,""detectors_checked"":768868352,""obs_mistake_mask=E"":15}"
   8110080,         0,         0,    87.6,exact_mw,70a969f5042aec17ac076c6379f4170fb7c69b8e925756ef3b7334e28a33338b,"{""distance"":5,""physical_error_rate"":0.0001}","{""detection_events"":798455,""detectors_checked"":1816657920}"
   6053888,         3,         0,    87.7,exact_mw,cb12ae119b9b2ba18d0216e7235b403229e92fd0743ede48fe7f1a2c6f45d594,"{""distance"":5,""physical_error_rate"":0.0005}","{""detection_events"":2981073,""detectors_checked"":1356070912,""obs_mistake_mask=E"":3}"
   3023872,        12,         0,    87.8,exact_mw,bb90ec3459e353008cf9a5bb9142bf1e8515517a9e167021b225104594e48e8a,"{""distance"":5,""physical_error_rate"":0.001}","{""detection_events"":2970080,""detectors_checked"":677347328,""obs_mistake_mask=E"":12}"
   5429248,         0,         0,    87.4,exact_mw,cdc4a450a40af8e24899239080e4c40992fb5baf91c5a31ab3a165eacb3a1ab3,"{""distance"":5,""physical_error_rate"":0.0002}","{""detection_events"":1070370,""detectors_checked"":1216151552}"
    506880,        28,         0,    88.2,exact_mw,3208f56225bbcac0e2804eb6f92d0a8b681652a702ca1ec920ccd7367f0e0899,"{""distance"":5,""physical_error_rate"":0.002}","{""detection_events"":990951,""detectors_checked"":113541120,""obs_mistake_mask=E"":28}"
   3059712,        19,         0,    87.7,exact_mw,bb90ec3459e353008cf9a5bb9142bf1e8515517a9e167021b225104594e48e8a,"{""distance"":5,""physical_error_rate"":0.001}","{""detection_events"":3000243,""detectors_checked"":685375488,""obs_mistake_mask=E"":19}"
    607232,        38,         0,    88.2,exact_mw,3208f56225bbcac0e2804eb6f92d0a8b681652a702ca1ec920ccd7367f0e0899,"{""distance"":5,""physical_error_rate"":0.002}","{""detection_events"":1184146,""detectors_checked"":136019968,""obs_mistake_mask=E"":38}"
    555008,        30,         0,    88.1,exact_mw,3208f56225bbcac0e2804eb6f92d0a8b681652a702ca1ec920ccd7367f0e0899,"{""distance"":5,""physical_error_rate"":0.002}","{""detection_events"":1086346,""detectors_checked"":124321792,""obs_mistake_mask=E"":30}"
     29696,         3,         0,    3.70,exact_mw,3208f56225bbcac0e2804eb6f92d0a8b681652a702ca1ec920ccd7367f0e0899,"{""distance"":5,""physical_error_rate"":0.002}","{""detection_events"":58020,""detectors_checked"":6651904,""obs_mistake_mask=E"":3}"
    182272,        12,         0,    28.9,exact_mw,3208f56225bbcac0e2804eb6f92d0a8b681652a702ca1ec920ccd7367f0e0899,"{""distance"":5,""physical_error_rate"":0.002}","{""detection_events"":356660,""detectors_checked"":40828928,""obs_mistake_mask=E"":12}"
     72704,         4,         0,    9.36,exact_mw,3208f56225bbcac0e2804eb6f92d0a8b681652a702ca1ec920ccd7367f0e0899,"{""distance"":5,""physical_error_rate"":0.002}","{""detection_events"":141213,""detectors_checked"":16285696,""obs_mistake_mask=E"":4}"
    520192,        32,         0,    76.8,exact_mw,3208f56225bbcac0e2804eb6f92d0a8b681652a702ca1ec920ccd7367f0e0899,"{""distance"":5,""physical_error_rate"":0.002}","{""detection_events"":1016173,""detectors_checked"":116523008,""obs_mistake_mask=E"":32}"
     68608,         4,         0,    5.94,exact_mw,3208f56225bbcac0e2804eb6f92d0a8b681652a702ca1ec920ccd7367f0e0899,"{""distance"":5,""physical_error_rate"":0.002}","{""detection_events"":134675,""detectors_checked"":15368192,""obs_mistake_mask=E"":4}"
     15360,         0,         0,    2.95,exact_mw,3208f56225bbcac0e2804eb6f92d0a8b681652a702ca1ec920ccd7367f0e0899,"{""distance"":5,""physical_error_rate"":0.002}","{""detection_events"":30210,""detectors_checked"":3440640}"
    316416,        14,         0,    50.6,exact_mw,3208f56225bbcac0e2804eb6f92d0a8b681652a702ca1ec920ccd7367f0e0899,"{""distance"":5,""physical_error_rate"":0.002}","{""detection_events"":617694,""detectors_checked"":70877184,""obs_mistake_mask=E"":14}"
    443904,        24,         0,    84.8,exact_mw,3208f56225bbcac0e2804eb6f92d0a8b681652a702ca1ec920ccd7367f0e0899,"{""distance"":5,""physical_error_rate"":0.002}","{""detection_events"":868566,""detectors_checked"":99434496,""obs_mistake_mask=E"":24}"
    376832,        15,         0,    77.6,exact_mw,3208f56225bbcac0e2804eb6f92d0a8b681652a702ca1ec920ccd7367f0e0899,"{""distance"":5,""physical_error_rate"":0.002}","{""detection_events"":735608,""detectors_checked"":84410368,""obs_mistake_mask=E"":15}"
     26624,         0,         0,    11.1,exact_mw,3208f56225bbcac0e2804eb6f92d0a8b681652a702ca1ec920ccd7367f0e0899,"{""distance"":5,""physical_error_rate"":0.002}","{""detection_events"":51726,""detectors_checked"":5963776}"
   3233792,         0,         0,    87.5,exact_mw,70a969f5042aec17ac076c6379f4170fb7c69b8e925756ef3b7334e28a33338b,"{""distance"":5,""physical_error_rate"":0.0001}","{""detection_events"":320306,""detectors_checked"":724369408}"
      3345,         0,         0,   0.013,exact_mw,f32ebecd8e105e50ec838d33c5ed9b45444b6b44a3c6ac541111079f2b14e893,"{""distance"":5,""physical_error_rate"":5e-05}","{""detection_events"":185,""detectors_checked"":749280}"
      4096,         0,         0,   0.015,exact_mw,f32ebecd8e105e50ec838d33c5ed9b45444b6b44a3c6ac541111079f2b14e893,"{""distance"":5,""physical_error_rate"":5e-05}","{""detection_events"":130,""detectors_checked"":917504}"
      6144,         0,         0,   0.022,exact_mw,f32ebecd8e105e50ec838d33c5ed9b45444b6b44a3c6ac541111079f2b14e893,"{""distance"":5,""physical_error_rate"":5e-05}","{""detection_events"":345,""detectors_checked"":1376256}"
      8192,         0,         0,   0.030,exact_mw,f32ebecd8e105e50ec838d33c5ed9b45444b6b44a3c6ac541111079f2b14e893,"{""distance"":5,""physical_error_rate"":5e-05}","{""detection_events"":424,""detectors_checked"":1835008}"
     11264,         0,         0,   0.041,exact_mw,f32ebecd8e105e50ec838d33c5ed9b45444b6b44a3c6ac541111079f2b14e893,"{""distance"":5,""physical_error_rate"":5e-05}","{""detection_events"":536,""detectors_checked"":2523136}"
     15360,         0,         0,   0.055,exact_mw,f32ebecd8e105e50ec838d33c5ed9b45444b6b44a3c6ac541111079f2b14e893,"{""distance"":5,""physical_error_rate"":5e-05}","{""detection_events"":749,""detectors_checked"":3440640}"
     21504,         0,         0,   0.077,exact_mw,f32ebecd8e105e50ec838d33c5ed9b45444b6b44a3c6ac541111079f2b14e893,"{""distance"":5,""physical_error_rate"":5e-05}","{""detection_events"":1095,""detectors_checked"":4816896}"
     29696,         0,         0,   0.107,exact_mw,f32ebecd8e105e50ec838d33c5ed9b45444b6b44a3c6ac541111079f2b14e893,"{""distance"":5,""physical_error_rate"":5e-05}","{""detection_events"":1367,""detectors_checked"":6651904}"
     40960,         0,         0,   0.147,exact_mw,f32ebecd8e105e50ec838d33c5ed9b45444b6b44a3c6ac541111079f2b14e893,"{""distance"":5,""physical_error_rate"":5e-05}","{""detection_events"":1948,""detectors_checked"":9175040}"
     40960,         0,         0,   0.211,exact_mw,f32ebecd8e105e50ec838d33c5ed9b45444b6b44a3c6ac541111079f2b14e893,"{""distance"":5,""physical_error_rate"":5e-05}","{""detection_events"":2002,""detectors_checked"":9175040}"
     73728,         0,         0,   0.292,exact_mw,f32ebecd8e105e50ec838d33c5ed9b45444b6b44a3c6ac541111079f2b14e893,"{""distance"":5,""physical_error_rate"":5e-05}","{""detection_events"":3484,""detectors_checked"":16515072}"
      1297,         0,         0,   0.028,exact_mw,bb90ec3459e353008cf9a5bb9142bf1e8515517a9e167021b225104594e48e8a,"{""distance"":5,""physical_error_rate"":0.001}","{""detection_events"":1271,""detectors_checked"":290528}"
   9554944,         0,         0,    87.3,exact_mw,70a969f5042aec17ac076c6379f4170fb7c69b8e925756ef3b7334e28a33338b,"{""distance"":5,""physical_error_rate"":0.0001}","{""detection_events"":941009,""detectors_checked"":2140307456}"
      1024,         0,         0,   0.025,exact_mw,bb90ec3459e353008cf9a5bb9142bf1e8515517a9e167021b225104594e48e8a,"{""distance"":5,""physical_error_rate"":0.001}","{""detection_events"":1030,""detectors_checked"":229376}"
      1297,         0,         0,   0.019,exact_mw,cb12ae119b9b2ba18d0216e7235b403229e92fd0743ede48fe7f1a2c6f45d594,"{""distance"":5,""physical_error_rate"":0.0005}","{""detection_events"":693,""detectors_checked"":290528}"
      1024,         0,         0,   0.024,exact_mw,bb90ec3459e353008cf9a5bb9142bf1e8515517a9e167021b225104594e48e8a,"{""distance"":5,""physical_error_rate"":0.001}","{""detection_events"":966,""detectors_checked"":229376}"
      2321,         0,         0,   0.022,exact_mw,70a969f5042aec17ac076c6379f4170fb7c69b8e925756ef3b7334e28a33338b,"{""distance"":5,""physical_error_rate"":0.0001}","{""detection_events"":231,""detectors_checked"":519904}"
      3072,         0,         0,   0.030,exact_mw,cb12ae119b9b2ba18d0216e7235b403229e92fd0743ede48fe7f1a2c6f45d594,"{""distance"":5,""physical_error_rate"":0.0005}","{""detection_events"":1627,""detectors_checked"":688128}"
      2048,         0,         0,   0.035,exact_mw,bb90ec3459e353008cf9a5bb9142bf1e8515517a9e167021b225104594e48e8a,"{""distance"":5,""physical_error_rate"":0.001}","{""detection_events"":2084,""detectors_checked"":458752}"
      2048,         0,         0,   0.023,exact_mw,cb12ae119b9b2ba18d0216e7235b403229e92fd0743ede48fe7f1a2c6f45d594,"{""distance"":5,""physical_error_rate"":0.0005}","{""detection_events"":910,""detectors_checked"":458752}"
      4096,         0,         0,   0.028,exact_mw,70a969f5042aec17ac076c6379f4170fb7c69b8e925756ef3b7334e28a33338b,"{""distance"":5,""physical_error_rate"":0.0001}","{""detection_events"":400,""detectors_checked"":917504}"
      3072,         0,         0,   0.024,exact_mw,70a969f5042aec17ac076c6379f4170fb7c69b8e925756ef3b7334e28a33338b,"{""distance"":5,""physical_error_rate"":0.0001}","{""detection_events"":335,""detectors_checked"":688128}"
      3072,         0,         0,   0.027,exact_mw,cb12ae119b9b2ba18d0216e7235b403229e92fd0743ede48fe7f1a2c6f45d594,"{""distance"":5,""physical_error_rate"":0.0005}","{""detection_events"":1508,""detectors_checked"":688128}"
      2048,         0,         0,   0.049,exact_mw,bb90ec3459e353008cf9a5bb9142bf1e8515517a9e167021b225104594e48e8a,"{""distance"":5,""physical_error_rate"":0.001}","{""detection_events"":1927,""detectors_checked"":458752}"
      4096,         0,         0,   0.015,exact_mw,70a969f5042aec17ac076c6379f4170fb7c69b8e925756ef3b7334e28a33338b,"{""distance"":5,""physical_error_rate"":0.0001}","{""detection_events"":398,""detectors_checked"":917504}"
      3345,         0,         0,   0.026,exact_mw,70a969f5042aec17ac076c6379f4170fb7c69b8e925756ef3b7334e28a33338b,"{""distance"":5,""physical_error_rate"":0.0001}","{""detection_events"":307,""detectors_checked"":749280}"
      5120,         0,         0,   0.050,exact_mw,cb12ae119b9b2ba18d0216e7235b403229e92fd0743ede48fe7f1a2c6f45d594,"{""distance"":5,""physical_error_rate"":0.0005}","{""detection_events"":2541,""detectors_checked"":1146880}"
      6144,         0,         0,   0.048,exact_mw,70a969f5042aec17ac076c6379f4170fb7c69b8e925756ef3b7334e28a33338b,"{""distance"":5,""physical_error_rate"":0.0001}","{""detection_events"":656,""detectors_checked"":1376256}"
      3072,         0,         0,   0.024,exact_mw,70a969f5042aec17ac076c6379f4170fb7c69b8e925756ef3b7334e28a33338b,"{""distance"":5,""physical_error_rate"":0.0001}","{""detection_events"":279,""detectors_checked"":688128}"
      2048,         0,         0,   0.069,exact_mw,bb90ec3459e353008cf9a5bb9142bf1e8515517a9e167021b225104594e48e8a,"{""distance"":5,""physical_error_rate"":0.001}","{""detection_events"":2071,""detectors_checked"":458752}"
     99328,         0,         0,   0.401,exact_mw,f32ebecd8e105e50ec838d33c5ed9b45444b6b44a3c6ac541111079f2b14e893,"{""distance"":5,""physical_error_rate"":5e-05}","{""detection_events"":4840,""detectors_checked"":22249472}"
      4096,         0,         0,   0.029,exact_mw,70a969f5042aec17ac076c6379f4170fb7c69b8e925756ef3b7334e28a33338b,"{""distance"":5,""physical_error_rate"":0.0001}","{""detection_events"":380,""detectors_checked"":917504}"
      7168,         0,         0,   0.057,exact_mw,cb12ae119b9b2ba18d0216e7235b403229e92fd0743ede48fe7f1a2c6f45d594,"{""distance"":5,""physical_error_rate"":0.0005}","{""detection_events"":3450,""detectors_checked"":1605632}"
      8192,         0,         0,   0.056,exact_mw,70a969f5042aec17ac076c6379f4170fb7c69b8e925756ef3b7334e28a33338b,"{""distance"":5,""physical_error_rate"":0.0001}","{""detection_events"":759,""detectors_checked"":1835008}"
      4096,         0,         0,   0.028,exact_mw,70a969f5042aec17ac076c6379f4170fb7c69b8e925756ef3b7334e28a33338b,"{""distance"":5,""physical_error_rate"":0.0001}","{""detection_events"":454,""detectors_checked"":917504}"
      3072,         0,         0,   0.082,exact_mw,bb90ec3459e353008cf9a5bb9142bf1e8515517a9e167021b225104594e48e8a,"{""distance"":5,""physical_error_rate"":0.001}","{""detection_events"":3086,""detectors_checked"":688128}"
      6144,         0,         0,   0.049,exact_mw,70a969f5042aec17ac076c6379f4170fb7c69b8e925756ef3b7334e28a33338b,"{""distance"":5,""physical_error_rate"":0.0001}","{""detection_events"":614,""detectors_checked"":1376256}"
      8192,         0,         0,   0.076,exact_mw,cb12ae119b9b2ba18d0216e7235b403229e92fd0743ede48fe7f1a2c6f45d594,"{""distance"":5,""physical_error_rate"":0.0005}","{""detection_events"":4141,""detectors_checked"":1835008}"
     10240,         0,         0,   0.077,exact_mw,70a969f5042aec17ac076c6379f4170fb7c69b8e925756ef3b7334e28a33338b,"{""distance"":5,""physical_error_rate"":0.0001}","{""detection_events"":1069,""detectors_checked"":2293760}"
      8192,         0,         0,   0.056,exact_mw,70a969f5042aec17ac076c6379f4170fb7c69b8e925756ef3b7334e28a33338b,"{""distance"":5,""physical_error_rate"":0.0001}","{""detection_events"":751,""detectors_checked"":1835008}"
     10240,         0,         0,   0.106,exact_mw,cb12ae119b9b2ba18d0216e7235b403229e92fd0743ede48fe7f1a2c6f45d594,"{""distance"":5,""physical_error_rate"":0.0005}","{""detection_events"":4992,""detectors_checked"":2293760}"
      4096,         0,         0,   0.128,exact_mw,bb90ec3459e353008cf9a5bb9142bf1e8515517a9e167021b225104594e48e8a,"{""distance"":5,""physical_error_rate"":0.001}","{""detection_events"":4084,""detectors_checked"":917504}"
     10240,         0,         0,   0.076,exact_mw,70a969f5042aec17ac076c6379f4170fb7c69b8e925756ef3b7334e28a33338b,"{""distance"":5,""physical_error_rate"":0.0001}","{""detection_events"":888,""detectors_checked"":2293760}"
     16384,         0,         0,   0.111,exact_mw,70a969f5042aec17ac076c6379f4170fb7c69b8e925756ef3b7334e28a33338b,"{""distance"":5,""physical_error_rate"":0.0001}","{""detection_events"":1618,""detectors_checked"":3670016}"
   7514112,         0,         0,    87.2,exact_mw,f32ebecd8e105e50ec838d33c5ed9b45444b6b44a3c6ac541111079f2b14e893,"{""distance"":5,""physical_error_rate"":5e-05}","{""detection_events"":371850,""detectors_checked"":1683161088}"
     15360,         0,         0,   0.108,exact_mw,70a969f5042aec17ac076c6379f4170fb7c69b8e925756ef3b7334e28a33338b,"{""distance"":5,""physical_error_rate"":0.0001}","{""detection_events"":1554,""detectors_checked"":3440640}"
      6144,         0,         0,   0.154,exact_mw,bb90ec3459e353008cf9a5bb9142bf1e8515517a9e167021b225104594e48e8a,"{""distance"":5,""physical_error_rate"":0.001}","{""detection_events"":5830,""detectors_checked"":1376256}"
     16384,         0,         0,   0.164,exact_mw,cb12ae119b9b2ba18d0216e7235b403229e92fd0743ede48fe7f1a2c6f45d594,"{""distance"":5,""physical_error_rate"":0.0005}","{""detection_events"":8323,""detectors_checked"":3670016}"
     20480,         0,         0,   0.138,exact_mw,70a969f5042aec17ac076c6379f4170fb7c69b8e925756ef3b7334e28a33338b,"{""distance"":5,""physical_error_rate"":0.0001}","{""detection_events"":2081,""detectors_checked"":4587520}"
     20480,         0,         0,   0.139,exact_mw,70a969f5042aec17ac076c6379f4170fb7c69b8e925756ef3b7334e28a33338b,"{""distance"":5,""physical_error_rate"":0.0001}","{""detection_events"":2164,""detectors_checked"":4587520}"
    138240,         0,         0,   0.566,exact_mw,f32ebecd8e105e50ec838d33c5ed9b45444b6b44a3c6ac541111079f2b14e893,"{""distance"":5,""physical_error_rate"":5e-05}","{""detection_events"":6722,""detectors_checked"":30965760}"
      8192,         0,         0,   0.212,exact_mw,bb90ec3459e353008cf9a5bb9142bf1e8515517a9e167021b225104594e48e8a,"{""distance"":5,""physical_error_rate"":0.001}","{""detection_events"":8045,""detectors_checked"":1835008}"
     21504,         0,         0,   0.212,exact_mw,cb12ae119b9b2ba18d0216e7235b403229e92fd0743ede48fe7f1a2c6f45d594,"{""distance"":5,""physical_error_rate"":0.0005}","{""detection_events"":10550,""detectors_checked"":4816896}"
     28672,         0,         0,   0.194,exact_mw,70a969f5042aec17ac076c6379f4170fb7c69b8e925756ef3b7334e28a33338b,"{""distance"":5,""physical_error_rate"":0.0001}","{""detection_events"":2889,""detectors_checked"":6422528}"
     28672,         0,         0,   0.208,exact_mw,70a969f5042aec17ac076c6379f4170fb7c69b8e925756ef3b7334e28a33338b,"{""distance"":5,""physical_error_rate"":0.0001}","{""detection_events"":2877,""detectors_checked"":6422528}"
     32768,         0,         0,   0.290,exact_mw,cb12ae119b9b2ba18d0216e7235b403229e92fd0743ede48fe7f1a2c6f45d594,"{""distance"":5,""physical_error_rate"":0.0005}","{""detection_events"":15852,""detectors_checked"":7340032}"
     12288,         0,         0,   0.309,exact_mw,bb90ec3459e353008cf9a5bb9142bf1e8515517a9e167021b225104594e48e8a,"{""distance"":5,""physical_error_rate"":0.001}","{""detection_events"":11785,""detectors_checked"":2752512}"
     39936,         0,         0,   0.287,exact_mw,70a969f5042aec17ac076c6379f4170fb7c69b8e925756ef3b7334e28a33338b,"{""distance"":5,""physical_error_rate"":0.0001}","{""detection_events"":4015,""detectors_checked"":8945664}"
     40960,         0,         0,   0.291,exact_mw,70a969f5042aec17ac076c6379f4170fb7c69b8e925756ef3b7334e28a33338b,"{""distance"":5,""physical_error_rate"":0.0001}","{""detection_events"":3757,""detectors_checked"":9175040}"
       273,         0,         0,   0.024,exact_mw,bb90ec3459e353008cf9a5bb9142bf1e8515517a9e167021b225104594e48e8a,"{""distance"":5,""physical_error_rate"":0.001}","{""detection_events"":304,""detectors_checked"":61152}"
      2048,         0,         0,   0.054,exact_mw,bb90ec3459e353008cf9a5bb9142bf1e8515517a9e167021b225104594e48e8a,"{""distance"":5,""physical_error_rate"":0.001}","{""detection_events"":1857,""detectors_checked"":458752}"
      1297,         0,         0,   0.023,exact_mw,f32ebecd8e105e50ec838d33c5ed9b45444b6b44a3c6ac541111079f2b14e893,"{""distance"":5,""physical_error_rate"":5e-05}","{""detection_events"":65,""detectors_checked"":290528}"
      1024,         0,         0,   0.033,exact_mw,bb90ec3459e353008cf9a5bb9142bf1e8515517a9e167021b225104594e48e8a,"{""distance"":5,""physical_error_rate"":0.001}","{""detection_events"":1063,""detectors_checked"":229376}"
      3072,         0,         0,   0.029,exact_mw,f32ebecd8e105e50ec838d33c5ed9b45444b6b44a3c6ac541111079f2b14e893,"{""distance"":5,""physical_error_rate"":5e-05}","{""detection_events"":166,""detectors_checked"":688128}"
      1024,         0,         0,   0.033,exact_mw,bb90ec3459e353008cf9a5bb9142bf1e8515517a9e167021b225104594e48e8a,"{""distance"":5,""physical_error_rate"":0.001}","{""detection_events"":938,""detectors_checked"":229376}"
      3072,         0,         0,   0.029,exact_mw,f32ebecd8e105e50ec838d33c5ed9b45444b6b44a3c6ac541111079f2b14e893,"{""distance"":5,""physical_error_rate"":5e-05}","{""detection_events"":141,""detectors_checked"":688128}"
      2048,         0,         0,   0.032,exact_mw,bb90ec3459e353008cf9a5bb9142bf1e8515517a9e167021b225104594e48e8a,"{""distance"":5,""physical_error_rate"":0.001}","{""detection_events"":1946,""detectors_checked"":458752}"
      4096,         0,         0,   0.033,exact_mw,f32ebecd8e105e50ec838d33c5ed9b45444b6b44a3c6ac541111079f2b14e893,"{""distance"":5,""physical_error_rate"":5e-05}","{""detection_events"":204,""detectors_checked"":917504}"
      4096,         0,         0,   0.051,exact_mw,f32ebecd8e105e50ec838d33c5ed9b45444b6b44a3c6ac541111079f2b14e893,"{""distance"":5,""physical_error_rate"":5e-05}","{""detection_events"":204,""detectors_checked"":917504}"
     43008,         0,         0,   0.404,exact_mw,cb12ae119b9b2ba18d0216e7235b403229e92fd0743ede48fe7f1a2c6f45d594,"{""distance"":5,""physical_error_rate"":0.0005}","{""detection_events"":21568,""detectors_checked"":9633792}"
      2048,         0,         0,   0.080,exact_mw,bb90ec3459e353008cf9a5bb9142bf1e8515517a9e167021b225104594e48e8a,"{""distance"":5,""physical_error_rate"":0.001}","{""detection_events"":1926,""detectors_checked"":458752}"
     56320,         0,         0,   0.392,exact_mw,70a969f5042aec17ac076c6379f4170fb7c69b8e925756ef3b7334e28a33338b,"{""distance"":5,""physical_error_rate"":0.0001}","{""detection_events"":5287,""detectors_checked"":12615680}"
     18432,         0,         0,   0.411,exact_mw,bb90ec3459e353008cf9a5bb9142bf1e8515517a9e167021b225104594e48e8a,"{""distance"":5,""physical_error_rate"":0.001}","{""detection_events"":18044,""detectors_checked"":4128768}"
      5120,         0,         0,   0.055,exact_mw,f32ebecd8e105e50ec838d33c5ed9b45444b6b44a3c6ac541111079f2b14e893,"{""distance"":5,""physical_error_rate"":5e-05}","{""detection_events"":254,""detectors_checked"":1146880}"
    181248,         0,         0,   0.801,exact_mw,f32ebecd8e105e50ec838d33c5ed9b45444b6b44a3c6ac541111079f2b14e893,"{""distance"":5,""physical_error_rate"":5e-05}","{""detection_events"":8854,""detectors_checked"":40599552}"
      7168,         0,         0,   0.080,exact_mw,f32ebecd8e105e50ec838d33c5ed9b45444b6b44a3c6ac541111079f2b14e893,"{""distance"":5,""physical_error_rate"":5e-05}","{""detection_events"":350,""detectors_checked"":1605632}"
      2048,         0,         0,   0.109,exact_mw,bb90ec3459e353008cf9a5bb9142bf1e8515517a9e167021b225104594e48e8a,"{""distance"":5,""physical_error_rate"":0.001}","{""detection_events"":1995,""detectors_checked"":458752}"
     55296,         0,         0,   0.404,exact_mw,70a969f5042aec17ac076c6379f4170fb7c69b8e925756ef3b7334e28a33338b,"{""distance"":5,""physical_error_rate"":0.0001}","{""detection_events"":5440,""detectors_checked"":12386304}"
     10240,         0,         0,   0.109,exact_mw,f32ebecd8e105e50ec838d33c5ed9b45444b6b44a3c6ac541111079f2b14e893,"{""distance"":5,""physical_error_rate"":5e-05}","{""detection_events"":600,""detectors_checked"":2293760}"
      3072,         0,         0,   0.137,exact_mw,bb90ec3459e353008cf9a5bb9142bf1e8515517a9e167021b225104594e48e8a,"{""distance"":5,""physical_error_rate"":0.001}","{""detection_events"":3110,""detectors_checked"":688128}"
   3447808,        21,         0,    87.8,exact_mw,bb90ec3459e353008cf9a5bb9142bf1e8515517a9e167021b225104594e48e8a,"{""distance"":5,""physical_error_rate"":0.001}","{""detection_events"":3383513,""detectors_checked"":772308992,""obs_mistake_mask=E"":21}"
     14336,         0,         0,   0.160,exact_mw,f32ebecd8e105e50ec838d33c5ed9b45444b6b44a3c6ac541111079f2b14e893,"{""distance"":5,""physical_error_rate"":5e-05}","{""detection_events"":682,""detectors_checked"":3211264}"
      5120,         0,         0,   0.185,exact_mw,bb90ec3459e353008cf9a5bb9142bf1e8515517a9e167021b225104594e48e8a,"{""distance"":5,""physical_error_rate"":0.001}","{""detection_events"":5046,""detectors_checked"":1146880}"
     78848,         0,         0,   0.566,exact_mw,70a969f5042aec17ac076c6379f4170fb7c69b8e925756ef3b7334e28a33338b,"{""distance"":5,""physical_error_rate"":0.0001}","{""detection_events"":7446,""detectors_checked"":17661952}"
     59392,         0,         0,   0.580,exact_mw,cb12ae119b9b2ba18d0216e7235b403229e92fd0743ede48fe7f1a2c6f45d594,"{""distance"":5,""physical_error_rate"":0.0005}","{""detection_events"":28969,""detectors_checked"":13303808}"
     22528,         2,         0,   0.574,exact_mw,bb90ec3459e353008cf9a5bb9142bf1e8515517a9e167021b225104594e48e8a,"{""distance"":5,""physical_error_rate"":0.001}","{""detection_events"":22081,""detectors_checked"":5046272,""obs_mistake_mask=E"":2}"
     20480,         0,         0,   0.218,exact_mw,f32ebecd8e105e50ec838d33c5ed9b45444b6b44a3c6ac541111079f2b14e893,"{""distance"":5,""physical_error_rate"":5e-05}","{""detection_events"":1012,""detectors_checked"":4587520}"
      5120,         0,         0,   0.246,exact_mw,bb90ec3459e353008cf9a5bb9142bf1e8515517a9e167021b225104594e48e8a,"{""distance"":5,""physical_error_rate"":0.001}","{""detection_events"":5257,""detectors_checked"":1146880}"
     78848,         0,         0,   0.565,exact_mw,70a969f5042aec17ac076c6379f4170fb7c69b8e925756ef3b7334e28a33338b,"{""distance"":5,""physical_error_rate"":0.0001}","{""detection_events"":7630,""detectors_checked"":17661952}"
     26624,         0,         0,   0.299,exact_mw,f32ebecd8e105e50ec838d33c5ed9b45444b6b44a3c6ac541111079f2b14e893,"{""distance"":5,""physical_error_rate"":5e-05}","{""detection_events"":1324,""detectors_checked"":5963776}"
      7168,         0,         0,   0.289,exact_mw,bb90ec3459e353008cf9a5bb9142bf1e8515517a9e167021b225104594e48e8a,"{""distance"":5,""physical_error_rate"":0.001}","{""detection_events"":7071,""detectors_checked"":1605632}"
   8387584,         4,         0,    87.6,exact_mw,cb12ae119b9b2ba18d0216e7235b403229e92fd0743ede48fe7f1a2c6f45d594,"{""distance"":5,""physical_error_rate"":0.0005}","{""detection_events"":4128741,""detectors_checked"":1878818816,""obs_mistake_mask=E"":4}"
    154624,         0,         0,    1.11,exact_mw,f32ebecd8e105e50ec838d33c5ed9b45444b6b44a3c6ac541111079f2b14e893,"{""distance"":5,""physical_error_rate"":5e-05}","{""detection_events"":7483,""detectors_checked"":34635776}"
     37888,         0,         0,   0.405,exact_mw,f32ebecd8e105e50ec838d33c5ed9b45444b6b44a3c6ac541111079f2b14e893,"{""distance"":5,""physical_error_rate"":5e-05}","{""detection_events"":1885,""detectors_checked"":8486912}"
     78848,         0,         0,   0.786,exact_mw,cb12ae119b9b2ba18d0216e7235b403229e92fd0743ede48fe7f1a2c6f45d594,"{""distance"":5,""physical_error_rate"":0.0005}","{""detection_events"":38505,""detectors_checked"":17661952}"
    110592,         0,         0,   0.787,exact_mw,70a969f5042aec17ac076c6379f4170fb7c69b8e925756ef3b7334e28a33338b,"{""distance"":5,""physical_error_rate"":0.0001}","{""detection_events"":11102,""detectors_checked"":24772608}"
     11264,         0,         0,   0.433,exact_mw,bb90ec3459e353008cf9a5bb9142bf1e8515517a9e167021b225104594e48e8a,"{""distance"":5,""physical_error_rate"":0.001}","{""detection_events"":10985,""detectors_checked"":2523136}"
     30720,         0,         0,   0.820,exact_mw,bb90ec3459e353008cf9a5bb9142bf1e8515517a9e167021b225104594e48e8a,"{""distance"":5,""physical_error_rate"":0.001}","{""detection_events"":30374,""detectors_checked"":6881280}"
    109568,         0,         0,   0.789,exact_mw,70a969f5042aec17ac076c6379f4170fb7c69b8e925756ef3b7334e28a33338b,"{""distance"":5,""physical_error_rate"":0.0001}","{""detection_events"":10602,""detectors_checked"":24543232}"
     52224,         0,         0,   0.567,exact_mw,f32ebecd8e105e50ec838d33c5ed9b45444b6b44a3c6ac541111079f2b14e893,"{""distance"":5,""physical_error_rate"":5e-05}","{""detection_events"":2603,""detectors_checked"":11698176}"
   7444480,         0,         0,    87.4,exact_mw,f32ebecd8e105e50ec838d33c5ed9b45444b6b44a3c6ac541111079f2b14e893,"{""distance"":5,""physical_error_rate"":5e-05}","{""detection_events"":366530,""detectors_checked"":1667563520}"
     14336,         0,         0,   0.569,exact_mw,bb90ec3459e353008cf9a5bb9142bf1e8515517a9e167021b225104594e48e8a,"{""distance"":5,""physical_error_rate"":0.001}","{""detection_events"":14037,""detectors_checked"":3211264}"
   6199296,         0,         0,    87.6,exact_mw,f32ebecd8e105e50ec838d33c5ed9b45444b6b44a3c6ac541111079f2b14e893,"{""distance"":5,""physical_error_rate"":5e-05}","{""detection_events"":305905,""detectors_checked"":1388642304}"
    118784,         0,         0,    1.10,exact_mw,cb12ae119b9b2ba18d0216e7235b403229e92fd0743ede48fe7f1a2c6f45d594,"{""distance"":5,""physical_error_rate"":0.0005}","{""detection_events"":59088,""detectors_checked"":26607616}"
    153600,         0,         0,    1.12,exact_mw,70a969f5042aec17ac076c6379f4170fb7c69b8e925756ef3b7334e28a33338b,"{""distance"":5,""physical_error_rate"":0.0001}","{""detection_events"":15096,""detectors_checked"":34406400}"
     41984,         1,         0,    1.12,exact_mw,bb90ec3459e353008cf9a5bb9142bf1e8515517a9e167021b225104594e48e8a,"{""distance"":5,""physical_error_rate"":0.001}","{""detection_events"":41031,""detectors_checked"":9404416,""obs_mistake_mask=E"":1}"
    154624,         0,         0,    1.12,exact_mw,70a969f5042aec17ac076c6379f4170fb7c69b8e925756ef3b7334e28a33338b,"{""distance"":5,""physical_error_rate"":0.0001}","{""detection_events"":15235,""detectors_checked"":34635776}"
     72704,         0,         0,   0.776,exact_mw,f32ebecd8e105e50ec838d33c5ed9b45444b6b44a3c6ac541111079f2b14e893,"{""distance"":5,""physical_error_rate"":5e-05}","{""detection_events"":3535,""detectors_checked"":16285696}"
    309248,         0,         0,    1.54,exact_mw,f32ebecd8e105e50ec838d33c5ed9b45444b6b44a3c6ac541111079f2b14e893,"{""distance"":5,""physical_error_rate"":5e-05}","{""detection_events"":15228,""detectors_checked"":69271552}"
     22528,         0,         0,   0.792,exact_mw,bb90ec3459e353008cf9a5bb9142bf1e8515517a9e167021b225104594e48e8a,"{""distance"":5,""physical_error_rate"":0.001}","{""detection_events"":21725,""detectors_checked"":5046272}"
  11295744,         0,         0,    87.2,exact_mw,cdc4a450a40af8e24899239080e4c40992fb5baf91c5a31ab3a165eacb3a1ab3,"{""distance"":5,""physical_error_rate"":0.0002}","{""detection_events"":2227337,""detectors_checked"":2530246656}"
   8598528,         4,         0,    87.5,exact_mw,cb12ae119b9b2ba18d0216e7235b403229e92fd0743ede48fe7f1a2c6f45d594,"{""distance"":5,""physical_error_rate"":0.0005}","{""detection_events"":4234432,""detectors_checked"":1926070272,""obs_mistake_mask=E"":4}"
    108544,         0,         0,    1.11,exact_mw,f32ebecd8e105e50ec838d33c5ed9b45444b6b44a3c6ac541111079f2b14e893,"{""distance"":5,""physical_error_rate"":5e-05}","{""detection_events"":5436,""detectors_checked"":24313856}"
     33792,         0,         0,    1.12,exact_mw,bb90ec3459e353008cf9a5bb9142bf1e8515517a9e167021b225104594e48e8a,"{""distance"":5,""physical_error_rate"":0.001}","{""detection_events"":33478,""detectors_checked"":7569408}"
   3408896,        16,         0,    87.8,exact_mw,bb90ec3459e353008cf9a5bb9142bf1e8515517a9e167021b225104594e48e8a,"{""distance"":5,""physical_error_rate"":0.001}","{""detection_events"":3343563,""detectors_checked"":763592704,""obs_mistake_mask=E"":16}"
    131072,         0,         0,    1.56,exact_mw,cb12ae119b9b2ba18d0216e7235b403229e92fd0743ede48fe7f1a2c6f45d594,"{""distance"":5,""physical_error_rate"":0.0005}","{""detection_events"":64584,""detectors_checked"":29360128}"
    208896,         0,         0,    1.56,exact_mw,70a969f5042aec17ac076c6379f4170fb7c69b8e925756ef3b7334e28a33338b,"{""distance"":5,""physical_error_rate"":0.0001}","{""detection_events"":20548,""detectors_checked"":46792704}"
     61440,         0,         0,    1.56,exact_mw,bb90ec3459e353008cf9a5bb9142bf1e8515517a9e167021b225104594e48e8a,"{""distance"":5,""physical_error_rate"":0.001}","{""detection_events"":60840,""detectors_checked"":13762560}"
    156672,         0,         0,    1.55,exact_mw,70a969f5042aec17ac076c6379f4170fb7c69b8e925756ef3b7334e28a33338b,"{""distance"":5,""physical_error_rate"":0.0001}","{""detection_events"":15941,""detectors_checked"":35094528}"
    435200,         0,         0,    2.17,exact_mw,f32ebecd8e105e50ec838d33c5ed9b45444b6b44a3c6ac541111079f2b14e893,"{""distance"":5,""physical_error_rate"":5e-05}","{""detection_events"":21339,""detectors_checked"":97484800}"
    217088,         0,         0,    1.56,exact_mw,f32ebecd8e105e50ec838d33c5ed9b45444b6b44a3c6ac541111079f2b14e893,"{""distance"":5,""physical_error_rate"":5e-05}","{""detection_events"":10696,""detectors_checked"":48627712}"
     64512,         0,         0,    1.56,exact_mw,bb90ec3459e353008cf9a5bb9142bf1e8515517a9e167021b225104594e48e8a,"{""distance"":5,""physical_error_rate"":0.001}","{""detection_events"":62235,""detectors_checked"":14450688}"
      2321,         0,         0,   0.029,exact_mw,cb12ae119b9b2ba18d0216e7235b403229e92fd0743ede48fe7f1a2c6f45d594,"{""distance"":5,""physical_error_rate"":0.0005}","{""detection_events"":1111,""detectors_checked"":519904}"
      2048,         0,         0,   0.027,exact_mw,cb12ae119b9b2ba18d0216e7235b403229e92fd0743ede48fe7f1a2c6f45d594,"{""distance"":5,""physical_error_rate"":0.0005}","{""detection_events"":890,""detectors_checked"":458752}"
      2048,         0,         0,   0.028,exact_mw,cb12ae119b9b2ba18d0216e7235b403229e92fd0743ede48fe7f1a2c6f45d594,"{""distance"":5,""physical_error_rate"":0.0005}","{""detection_events"":1049,""detectors_checked"":458752}"
      3072,         0,         0,   0.031,exact_mw,cb12ae119b9b2ba18d0216e7235b403229e92fd0743ede48fe7f1a2c6f45d594,"{""distance"":5,""physical_error_rate"":0.0005}","{""detection_events"":1399,""detectors_checked"":688128}"
      2048,         0,         0,   0.046,exact_mw,cb12ae119b9b2ba18d0216e7235b403229e92fd0743ede48fe7f1a2c6f45d594,"{""distance"":5,""physical_error_rate"":0.0005}","{""detection_events"":1008,""detectors_checked"":458752}"
      5120,         0,         0,   0.059,exact_mw,cb12ae119b9b2ba18d0216e7235b403229e92fd0743ede48fe7f1a2c6f45d594,"{""distance"":5,""physical_error_rate"":0.0005}","{""detection_events"":2459,""detectors_checked"":1146880}"
      4096,         0,         0,   0.077,exact_mw,cb12ae119b9b2ba18d0216e7235b403229e92fd0743ede48fe7f1a2c6f45d594,"{""distance"":5,""physical_error_rate"":0.0005}","{""detection_events"":2002,""detectors_checked"":917504}"
      7168,         0,         0,   0.107,exact_mw,cb12ae119b9b2ba18d0216e7235b403229e92fd0743ede48fe7f1a2c6f45d594,"{""distance"":5,""physical_error_rate"":0.0005}","{""detection_events"":3404,""detectors_checked"":1605632}"
     11264,         0,         0,   0.163,exact_mw,cb12ae119b9b2ba18d0216e7235b403229e92fd0743ede48fe7f1a2c6f45d594,"{""distance"":5,""physical_error_rate"":0.0005}","{""detection_events"":5596,""detectors_checked"":2523136}"
    301056,         0,         0,    2.15,exact_mw,70a969f5042aec17ac076c6379f4170fb7c69b8e925756ef3b7334e28a33338b,"{""distance"":5,""physical_error_rate"":0.0001}","{""detection_events"":29358,""detectors_checked"":67436544}"
    226304,         2,         0,    2.18,exact_mw,cb12ae119b9b2ba18d0216e7235b403229e92fd0743ede48fe7f1a2c6f45d594,"{""distance"":5,""physical_error_rate"":0.0005}","{""detection_events"":111468,""detectors_checked"":50692096,""obs_mistake_mask=E"":2}"
     81920,         0,         0,    2.16,exact_mw,bb90ec3459e353008cf9a5bb9142bf1e8515517a9e167021b225104594e48e8a,"{""distance"":5,""physical_error_rate"":0.001}","{""detection_events"":81013,""detectors_checked"":18350080}"
    300032,         0,         0,    2.14,exact_mw,70a969f5042aec17ac076c6379f4170fb7c69b8e925756ef3b7334e28a33338b,"{""distance"":5,""physical_error_rate"":0.0001}","{""detection_events"":29225,""detectors_checked"":67207168}"
     13312,         0,         0,   0.214,exact_mw,cb12ae119b9b2ba18d0216e7235b403229e92fd0743ede48fe7f1a2c6f45d594,"{""distance"":5,""physical_error_rate"":0.0005}","{""detection_events"":6740,""detectors_checked"":2981888}"
     19456,         0,         0,   0.289,exact_mw,cb12ae119b9b2ba18d0216e7235b403229e92fd0743ede48fe7f1a2c6f45d594,"{""distance"":5,""physical_error_rate"":0.0005}","{""detection_events"":9603,""detectors_checked"":4358144}"
     39936,         0,         0,   0.411,exact_mw,cb12ae119b9b2ba18d0216e7235b403229e92fd0743ede48fe7f1a2c6f45d594,"{""distance"":5,""physical_error_rate"":0.0005}","{""detection_events"":19888,""detectors_checked"":8945664}"
    303104,         0,         0,    2.18,exact_mw,f32ebecd8e105e50ec838d33c5ed9b45444b6b44a3c6ac541111079f2b14e893,"{""distance"":5,""physical_error_rate"":5e-05}","{""detection_events"":14763,""detectors_checked"":67895296}"
     87040,         1,         0,    2.19,exact_mw,bb90ec3459e353008cf9a5bb9142bf1e8515517a9e167021b225104594e48e8a,"{""distance"":5,""physical_error_rate"":0.001}","{""detection_events"":84900,""detectors_checked"":19496960,""obs_mistake_mask=E"":1}"
     53248,         0,         0,   0.579,exact_mw,cb12ae119b9b2ba18d0216e7235b403229e92fd0743ede48fe7f1a2c6f45d594,"{""distance"":5,""physical_error_rate"":0.0005}","{""detection_events"":26365,""detectors_checked"":11927552}"
    421888,         0,         0,    3.05,exact_mw,f32ebecd8e105e50ec838d33c5ed9b45444b6b44a3c6ac541111079f2b14e893,"{""distance"":5,""physical_error_rate"":5e-05}","{""detection_events"":20560,""detectors_checked"":94502912}"
     80896,         0,         0,   0.789,exact_mw,cb12ae119b9b2ba18d0216e7235b403229e92fd0743ede48fe7f1a2c6f45d594,"{""distance"":5,""physical_error_rate"":0.0005}","{""detection_events"":39711,""detectors_checked"":18120704}"
   9639936,         0,         0,    87.5,exact_mw,cdc4a450a40af8e24899239080e4c40992fb5baf91c5a31ab3a165eacb3a1ab3,"{""distance"":5,""physical_error_rate"":0.0002}","{""detection_events"":1899548,""detectors_checked"":2159345664}"
    311296,         0,         0,    3.04,exact_mw,cb12ae119b9b2ba18d0216e7235b403229e92fd0743ede48fe7f1a2c6f45d594,"{""distance"":5,""physical_error_rate"":0.0005}","{""detection_events"":154554,""detectors_checked"":69730304}"
    422912,         0,         0,    3.02,exact_mw,70a969f5042aec17ac076c6379f4170fb7c69b8e925756ef3b7334e28a33338b,"{""distance"":5,""physical_error_rate"":0.0001}","{""detection_events"":41665,""detectors_checked"":94732288}"
    116736,         1,         0,    3.05,exact_mw,bb90ec3459e353008cf9a5bb9142bf1e8515517a9e167021b225104594e48e8a,"{""distance"":5,""physical_error_rate"":0.001}","{""detection_events"":116163,""detectors_checked"":26148864,""obs_mistake_mask=E"":1}"
    418816,         0,         0,    2.97,exact_mw,70a969f5042aec17ac076c6379f4170fb7c69b8e925756ef3b7334e28a33338b,"{""distance"":5,""physical_error_rate"":0.0001}","{""detection_events"":41445,""detectors_checked"":93814784}"
    111616,         0,         0,    1.09,exact_mw,cb12ae119b9b2ba18d0216e7235b403229e92fd0743ede48fe7f1a2c6f45d594,"{""distance"":5,""physical_error_rate"":0.0005}","{""detection_events"":55469,""detectors_checked"":25001984}"
         1,         0,         0,   0.021,exact_mw,f32ebecd8e105e50ec838d33c5ed9b45444b6b44a3c6ac541111079f2b14e893,"{""distance"":5,""physical_error_rate"":5e-05}","{""detectors_checked"":224}"
      2320,         0,         0,   0.030,exact_mw,f32ebecd8e105e50ec838d33c5ed9b45444b6b44a3c6ac541111079f2b14e893,"{""distance"":5,""physical_error_rate"":5e-05}","{""detection_events"":106,""detectors_checked"":519680}"
      2048,         0,         0,   0.029,exact_mw,f32ebecd8e105e50ec838d33c5ed9b45444b6b44a3c6ac541111079f2b14e893,"{""distance"":5,""physical_error_rate"":5e-05}","{""detection_events"":105,""detectors_checked"":458752}"
      2048,         0,         0,   0.029,exact_mw,f32ebecd8e105e50ec838d33c5ed9b45444b6b44a3c6ac541111079f2b14e893,"{""distance"":5,""physical_error_rate"":5e-05}","{""detection_events"":100,""detectors_checked"":458752}"
      4096,         0,         0,   0.049,exact_mw,f32ebecd8e105e50ec838d33c5ed9b45444b6b44a3c6ac541111079f2b14e893,"{""distance"":5,""physical_error_rate"":5e-05}","{""detection_events"":208,""detectors_checked"":917504}"
      5120,         0,         0,   0.055,exact_mw,f32ebecd8e105e50ec838d33c5ed9b45444b6b44a3c6ac541111079f2b14e893,"{""distance"":5,""physical_error_rate"":5e-05}","{""detection_events"":258,""detectors_checked"":1146880}"
      7168,         0,         0,   0.080,exact_mw,f32ebecd8e105e50ec838d33c5ed9b45444b6b44a3c6ac541111079f2b14e893,"{""distance"":5,""physical_error_rate"":5e-05}","{""detection_events"":295,""detectors_checked"":1605632}"
      2321,         0,         0,   0.027,exact_mw,cdc4a450a40af8e24899239080e4c40992fb5baf91c5a31ab3a165eacb3a1ab3,"{""distance"":5,""physical_error_rate"":0.0002}","{""detection_events"":466,""detectors_checked"":519904}"
      3072,         0,         0,   0.029,exact_mw,cdc4a450a40af8e24899239080e4c40992fb5baf91c5a31ab3a165eacb3a1ab3,"{""distance"":5,""physical_error_rate"":0.0002}","{""detection_events"":633,""detectors_checked"":688128}"
      2048,         0,         0,   0.026,exact_mw,cdc4a450a40af8e24899239080e4c40992fb5baf91c5a31ab3a165eacb3a1ab3,"{""distance"":5,""physical_error_rate"":0.0002}","{""detection_events"":426,""detectors_checked"":458752}"
      3072,         0,         0,   0.029,exact_mw,cdc4a450a40af8e24899239080e4c40992fb5baf91c5a31ab3a165eacb3a1ab3,"{""distance"":5,""physical_error_rate"":0.0002}","{""detection_events"":650,""detectors_checked"":688128}"
      9216,         0,         0,   0.105,exact_mw,f32ebecd8e105e50ec838d33c5ed9b45444b6b44a3c6ac541111079f2b14e893,"{""distance"":5,""physical_error_rate"":5e-05}","{""detection_events"":429,""detectors_checked"":2064384}"
   7220224,         0,         0,    87.4,exact_mw,70a969f5042aec17ac076c6379f4170fb7c69b8e925756ef3b7334e28a33338b,"{""distance"":5,""physical_error_rate"":0.0001}","{""detection_events"":714767,""detectors_checked"":1617330176}"
      4096,         0,         0,   0.051,exact_mw,cdc4a450a40af8e24899239080e4c40992fb5baf91c5a31ab3a165eacb3a1ab3,"{""distance"":5,""physical_error_rate"":0.0002}","{""detection_events"":792,""detectors_checked"":917504}"
      5120,         0,         0,   0.056,exact_mw,cdc4a450a40af8e24899239080e4c40992fb5baf91c5a31ab3a165eacb3a1ab3,"{""distance"":5,""physical_error_rate"":0.0002}","{""detection_events"":909,""detectors_checked"":1146880}"
    411648,         0,         0,    3.04,exact_mw,f32ebecd8e105e50ec838d33c5ed9b45444b6b44a3c6ac541111079f2b14e893,"{""distance"":5,""physical_error_rate"":5e-05}","{""detection_events"":20369,""detectors_checked"":92209152}"
     14336,         0,         0,   0.160,exact_mw,f32ebecd8e105e50ec838d33c5ed9b45444b6b44a3c6ac541111079f2b14e893,"{""distance"":5,""physical_error_rate"":5e-05}","{""detection_events"":747,""detectors_checked"":3211264}"
      6144,         0,         0,   0.078,exact_mw,cdc4a450a40af8e24899239080e4c40992fb5baf91c5a31ab3a165eacb3a1ab3,"{""distance"":5,""physical_error_rate"":0.0002}","{""detection_events"":1192,""detectors_checked"":1376256}"
     10240,         0,         0,   0.110,exact_mw,cdc4a450a40af8e24899239080e4c40992fb5baf91c5a31ab3a165eacb3a1ab3,"{""distance"":5,""physical_error_rate"":0.0002}","{""detection_events"":2072,""detectors_checked"":2293760}"
    121856,         1,         0,    3.04,exact_mw,bb90ec3459e353008cf9a5bb9142bf1e8515517a9e167021b225104594e48e8a,"{""distance"":5,""physical_error_rate"":0.001}","{""detection_events"":119478,""detectors_checked"":27295744,""obs_mistake_mask=E"":1}"
     20480,         0,         0,   0.219,exact_mw,f32ebecd8e105e50ec838d33c5ed9b45444b6b44a3c6ac541111079f2b14e893,"{""distance"":5,""physical_error_rate"":5e-05}","{""detection_events"":1020,""detectors_checked"":4587520}"
     14336,         0,         0,   0.142,exact_mw,cdc4a450a40af8e24899239080e4c40992fb5baf91c5a31ab3a165eacb3a1ab3,"{""distance"":5,""physical_error_rate"":0.0002}","{""detection_events"":2696,""detectors_checked"":3211264}"
     20480,         0,         0,   0.219,exact_mw,cdc4a450a40af8e24899239080e4c40992fb5baf91c5a31ab3a165eacb3a1ab3,"{""distance"":5,""physical_error_rate"":0.0002}","{""detection_events"":3925,""detectors_checked"":4587520}"
     26624,         0,         0,   0.297,exact_mw,f32ebecd8e105e50ec838d33c5ed9b45444b6b44a3c6ac541111079f2b14e893,"{""distance"":5,""physical_error_rate"":5e-05}","{""detection_events"":1307,""detectors_checked"":5963776}"
    157696,         0,         0,    1.53,exact_mw,cb12ae119b9b2ba18d0216e7235b403229e92fd0743ede48fe7f1a2c6f45d594,"{""distance"":5,""physical_error_rate"":0.0005}","{""detection_events"":77943,""detectors_checked"":35323904}"
     25600,         0,         0,   0.296,exact_mw,cdc4a450a40af8e24899239080e4c40992fb5baf91c5a31ab3a165eacb3a1ab3,"{""distance"":5,""physical_error_rate"":0.0002}","{""detection_events"":5113,""detectors_checked"":5734400}"
       273,         0,         0,   0.002,exact_mw,cdc4a450a40af8e24899239080e4c40992fb5baf91c5a31ab3a165eacb3a1ab3,"{""distance"":5,""physical_error_rate"":0.0002}","{""detection_events"":21,""detectors_checked"":61152}"
     36864,         0,         0,   0.406,exact_mw,f32ebecd8e105e50ec838d33c5ed9b45444b6b44a3c6ac541111079f2b14e893,"{""distance"":5,""physical_error_rate"":5e-05}","{""detection_events"":1720,""detectors_checked"":8257536}"
      2048,         0,         0,   0.008,exact_mw,cdc4a450a40af8e24899239080e4c40992fb5baf91c5a31ab3a165eacb3a1ab3,"{""distance"":5,""physical_error_rate"":0.0002}","{""detection_events"":398,""detectors_checked"":458752}"
      1024,         0,         0,   0.022,exact_mw,cdc4a450a40af8e24899239080e4c40992fb5baf91c5a31ab3a165eacb3a1ab3,"{""distance"":5,""physical_error_rate"":0.0002}","{""detection_events"":257,""detectors_checked"":229376}"
      3072,         0,         0,   0.029,exact_mw,cdc4a450a40af8e24899239080e4c40992fb5baf91c5a31ab3a165eacb3a1ab3,"{""distance"":5,""physical_error_rate"":0.0002}","{""detection_events"":622,""detectors_checked"":688128}"
      5120,         0,         0,   0.055,exact_mw,cdc4a450a40af8e24899239080e4c40992fb5baf91c5a31ab3a165eacb3a1ab3,"{""distance"":5,""physical_error_rate"":0.0002}","{""detection_events"":1103,""detectors_checked"":1146880}"
      5120,         0,         0,   0.054,exact_mw,cdc4a450a40af8e24899239080e4c40992fb5baf91c5a31ab3a165eacb3a1ab3,"{""distance"":5,""physical_error_rate"":0.0002}","{""detection_events"":1015,""detectors_checked"":1146880}"
     10240,         0,         0,   0.068,exact_mw,cdc4a450a40af8e24899239080e4c40992fb5baf91c5a31ab3a165eacb3a1ab3,"{""distance"":5,""physical_error_rate"":0.0002}","{""detection_events"":2014,""detectors_checked"":2293760}"
     36864,         0,         0,   0.401,exact_mw,cdc4a450a40af8e24899239080e4c40992fb5baf91c5a31ab3a165eacb3a1ab3,"{""distance"":5,""physical_error_rate"":0.0002}","{""detection_events"":6896,""detectors_checked"":8257536}"
     12288,         0,         0,   0.092,exact_mw,cdc4a450a40af8e24899239080e4c40992fb5baf91c5a31ab3a165eacb3a1ab3,"{""distance"":5,""physical_error_rate"":0.0002}","{""detection_events"":2358,""detectors_checked"":2752512}"
     20480,         0,         0,   0.137,exact_mw,cdc4a450a40af8e24899239080e4c40992fb5baf91c5a31ab3a165eacb3a1ab3,"{""distance"":5,""physical_error_rate"":0.0002}","{""detection_events"":3953,""detectors_checked"":4587520}"
     52224,         0,         0,   0.568,exact_mw,f32ebecd8e105e50ec838d33c5ed9b45444b6b44a3c6ac541111079f2b14e893,"{""distance"":5,""physical_error_rate"":5e-05}","{""detection_events"":2495,""detectors_checked"":11698176}"
    606208,         0,         0,    4.24,exact_mw,f32ebecd8e105e50ec838d33c5ed9b45444b6b44a3c6ac541111079f2b14e893,"{""distance"":5,""physical_error_rate"":5e-05}","{""detection_events"":30354,""detectors_checked"":135790592}"
     24576,         0,         0,   0.214,exact_mw,cdc4a450a40af8e24899239080e4c40992fb5baf91c5a31ab3a165eacb3a1ab3,"{""distance"":5,""physical_error_rate"":0.0002}","{""detection_events"":4894,""detectors_checked"":5505024}"
     51200,         0,         0,   0.577,exact_mw,cdc4a450a40af8e24899239080e4c40992fb5baf91c5a31ab3a165eacb3a1ab3,"{""distance"":5,""physical_error_rate"":0.0002}","{""detection_events"":10083,""detectors_checked"":11468800}"
     19456,         0,         0,   0.304,exact_mw,cdc4a450a40af8e24899239080e4c40992fb5baf91c5a31ab3a165eacb3a1ab3,"{""distance"":5,""physical_error_rate"":0.0002}","{""detection_events"":3888,""detectors_checked"":4358144}"
     72704,         0,         0,   0.797,exact_mw,f32ebecd8e105e50ec838d33c5ed9b45444b6b44a3c6ac541111079f2b14e893,"{""distance"":5,""physical_error_rate"":5e-05}","{""detection_events"":3683,""detectors_checked"":16285696}"
     11264,         0,         0,   0.441,exact_mw,cdc4a450a40af8e24899239080e4c40992fb5baf91c5a31ab3a165eacb3a1ab3,"{""distance"":5,""physical_error_rate"":0.0002}","{""detection_events"":2243,""detectors_checked"":2523136}"
     68608,         0,         0,   0.784,exact_mw,cdc4a450a40af8e24899239080e4c40992fb5baf91c5a31ab3a165eacb3a1ab3,"{""distance"":5,""physical_error_rate"":0.0002}","{""detection_events"":13685,""detectors_checked"":15368192}"
     98304,         0,         0,    2.18,exact_mw,cb12ae119b9b2ba18d0216e7235b403229e92fd0743ede48fe7f1a2c6f45d594,"{""distance"":5,""physical_error_rate"":0.0005}","{""detection_events"":47715,""detectors_checked"":22020096}"
    377856,         0,         0,    4.23,exact_mw,cb12ae119b9b2ba18d0216e7235b403229e92fd0743ede48fe7f1a2c6f45d594,"{""distance"":5,""physical_error_rate"":0.0005}","{""detection_events"":185204,""detectors_checked"":84639744}"
    577536,         0,         0,    4.25,exact_mw,70a969f5042aec17ac076c6379f4170fb7c69b8e925756ef3b7334e28a33338b,"{""distance"":5,""physical_error_rate"":0.0001}","{""detection_events"":56971,""detectors_checked"":129368064}"
    143360,         0,         0,    4.27,exact_mw,bb90ec3459e353008cf9a5bb9142bf1e8515517a9e167021b225104594e48e8a,"{""distance"":5,""physical_error_rate"":0.001}","{""detection_events"":140910,""detectors_checked"":32112640}"
     12288,         0,         0,   0.621,exact_mw,cdc4a450a40af8e24899239080e4c40992fb5baf91c5a31ab3a165eacb3a1ab3,"{""distance"":5,""physical_error_rate"":0.0002}","{""detection_events"":2536,""detectors_checked"":2752512}"
    417792,         0,         0,    4.22,exact_mw,70a969f5042aec17ac076c6379f4170fb7c69b8e925756ef3b7334e28a33338b,"{""distance"":5,""physical_error_rate"":0.0001}","{""detection_events"":41151,""detectors_checked"":93585408}"
     98304,         0,         0,    1.13,exact_mw,f32ebecd8e105e50ec838d33c5ed9b45444b6b44a3c6ac541111079f2b14e893,"{""distance"":5,""physical_error_rate"":5e-05}","{""detection_events"":5064,""detectors_checked"":22020096}"
     81920,         0,         0,    1.11,exact_mw,cdc4a450a40af8e24899239080e4c40992fb5baf91c5a31ab3a165eacb3a1ab3,"{""distance"":5,""physical_error_rate"":0.0002}","{""detection_events"":16169,""detectors_checked"":18350080}"
     17408,         0,         0,   0.812,exact_mw,cdc4a450a40af8e24899239080e4c40992fb5baf91c5a31ab3a165eacb3a1ab3,"{""distance"":5,""physical_error_rate"":0.0002}","{""detection_events"":3652,""detectors_checked"":3899392}"
    578560,         0,         0,    4.26,exact_mw,f32ebecd8e105e50ec838d33c5ed9b45444b6b44a3c6ac541111079f2b14e893,"{""distance"":5,""physical_error_rate"":5e-05}","{""detection_events"":28512,""detectors_checked"":129597440}"
    171008,         2,         0,    4.26,exact_mw,bb90ec3459e353008cf9a5bb9142bf1e8515517a9e167021b225104594e48e8a,"{""distance"":5,""physical_error_rate"":0.001}","{""detection_events"":168318,""detectors_checked"":38305792,""obs_mistake_mask=E"":2}"
     19456,         0,         0,    1.14,exact_mw,cdc4a450a40af8e24899239080e4c40992fb5baf91c5a31ab3a165eacb3a1ab3,"{""distance"":5,""physical_error_rate"":0.0002}","{""detection_events"":3993,""detectors_checked"":4358144}"
     31744,         0,         0,    1.59,exact_mw,f32ebecd8e105e50ec838d33c5ed9b45444b6b44a3c6ac541111079f2b14e893,"{""distance"":5,""physical_error_rate"":5e-05}","{""detection_events"":1691,""detectors_checked"":7110656}"
     28672,         0,         0,    1.56,exact_mw,cdc4a450a40af8e24899239080e4c40992fb5baf91c5a31ab3a165eacb3a1ab3,"{""distance"":5,""physical_error_rate"":0.0002}","{""detection_events"":5578,""detectors_checked"":6422528}"
    223232,         0,         0,    3.05,exact_mw,cb12ae119b9b2ba18d0216e7235b403229e92fd0743ede48fe7f1a2c6f45d594,"{""distance"":5,""physical_error_rate"":0.0005}","{""detection_events"":109815,""detectors_checked"":50003968}"
     28672,         0,         0,    1.61,exact_mw,cdc4a450a40af8e24899239080e4c40992fb5baf91c5a31ab3a165eacb3a1ab3,"{""distance"":5,""physical_error_rate"":0.0002}","{""detection_events"":5670,""detectors_checked"":6422528}"
     39936,         0,         0,    2.18,exact_mw,f32ebecd8e105e50ec838d33c5ed9b45444b6b44a3c6ac541111079f2b14e893,"{""distance"":5,""physical_error_rate"":5e-05}","{""detection_events"":1699,""detectors_checked"":8945664}"
     39936,         0,         0,    2.18,exact_mw,cdc4a450a40af8e24899239080e4c40992fb5baf91c5a31ab3a165eacb3a1ab3,"{""distance"":5,""physical_error_rate"":0.0002}","{""detection_events"":7916,""detectors_checked"":8945664}"
   1261568,         0,         0,    5.92,exact_mw,f32ebecd8e105e50ec838d33c5ed9b45444b6b44a3c6ac541111079f2b14e893,"{""distance"":5,""physical_error_rate"":5e-05}","{""detection_events"":62026,""detectors_checked"":282591232}"
     40960,         0,         0,    2.20,exact_mw,cdc4a450a40af8e24899239080e4c40992fb5baf91c5a31ab3a165eacb3a1ab3,"{""distance"":5,""physical_error_rate"":0.0002}","{""detection_events"":8077,""detectors_checked"":9175040}"
    618496,         1,         0,    5.96,exact_mw,cb12ae119b9b2ba18d0216e7235b403229e92fd0743ede48fe7f1a2c6f45d594,"{""distance"":5,""physical_error_rate"":0.0005}","{""detection_events"":304779,""detectors_checked"":138543104,""obs_mistake_mask=E"":1}"
    829440,         0,         0,    5.91,exact_mw,70a969f5042aec17ac076c6379f4170fb7c69b8e925756ef3b7334e28a33338b,"{""distance"":5,""physical_error_rate"":0.0001}","{""detection_events"":81457,""detectors_checked"":185794560}"
    219136,         1,         0,    5.96,exact_mw,bb90ec3459e353008cf9a5bb9142bf1e8515517a9e167021b225104594e48e8a,"{""distance"":5,""physical_error_rate"":0.001}","{""detection_events"":213735,""detectors_checked"":49086464,""obs_mistake_mask=E"":1}"
    823296,         0,         0,    5.92,exact_mw,70a969f5042aec17ac076c6379f4170fb7c69b8e925756ef3b7334e28a33338b,"{""distance"":5,""physical_error_rate"":0.0001}","{""detection_events"":80721,""detectors_checked"":184418304}"
    407552,         1,         0,    4.24,exact_mw,cb12ae119b9b2ba18d0216e7235b403229e92fd0743ede48fe7f1a2c6f45d594,"{""distance"":5,""physical_error_rate"":0.0005}","{""detection_events"":201611,""detectors_checked"":91291648,""obs_mistake_mask=E"":1}"
    829440,         0,         0,    5.91,exact_mw,f32ebecd8e105e50ec838d33c5ed9b45444b6b44a3c6ac541111079f2b14e893,"{""distance"":5,""physical_error_rate"":5e-05}","{""detection_events"":40228,""detectors_checked"":185794560}"
    114688,         0,         0,    3.05,exact_mw,f32ebecd8e105e50ec838d33c5ed9b45444b6b44a3c6ac541111079f2b14e893,"{""distance"":5,""physical_error_rate"":5e-05}","{""detection_events"":5793,""detectors_checked"":25690112}"
    238592,         2,         0,    5.94,exact_mw,bb90ec3459e353008cf9a5bb9142bf1e8515517a9e167021b225104594e48e8a,"{""distance"":5,""physical_error_rate"":0.001}","{""detection_events"":233577,""detectors_checked"":53444608,""obs_mistake_mask=E"":2}"
     53248,         0,         0,    2.96,exact_mw,cdc4a450a40af8e24899239080e4c40992fb5baf91c5a31ab3a165eacb3a1ab3,"{""distance"":5,""physical_error_rate"":0.0002}","{""detection_events"":10713,""detectors_checked"":11927552}"
   8885248,         0,         0,    62.4,exact_mw,f32ebecd8e105e50ec838d33c5ed9b45444b6b44a3c6ac541111079f2b14e893,"{""distance"":5,""physical_error_rate"":5e-05}","{""detection_events"":438723,""detectors_checked"":1990295552}"
   6713344,         0,         0,    62.5,exact_mw,cdc4a450a40af8e24899239080e4c40992fb5baf91c5a31ab3a165eacb3a1ab3,"{""distance"":5,""physical_error_rate"":0.0002}","{""detection_events"":1322941,""detectors_checked"":1503789056}"
     61440,         0,         0,    3.07,exact_mw,cdc4a450a40af8e24899239080e4c40992fb5baf91c5a31ab3a165eacb3a1ab3,"{""distance"":5,""physical_error_rate"":0.0002}","{""detection_events"":12051,""detectors_checked"":13762560}"
   1212416,         4,         0,    62.6,exact_mw,bb90ec3459e353008cf9a5bb9142bf1e8515517a9e167021b225104594e48e8a,"{""distance"":5,""physical_error_rate"":0.001}","{""detection_events"":1189147,""detectors_checked"":271581184,""obs_mistake_mask=E"":4}"
   7791616,         0,         0,    62.4,exact_mw,70a969f5042aec17ac076c6379f4170fb7c69b8e925756ef3b7334e28a33338b,"{""distance"":5,""physical_error_rate"":0.0001}","{""detection_events"":769117,""detectors_checked"":1745321984}"
   6454272,         0,         0,    44.7,exact_mw,f32ebecd8e105e50ec838d33c5ed9b45444b6b44a3c6ac541111079f2b14e893,"{""distance"":5,""physical_error_rate"":5e-05}","{""detection_events"":320078,""detectors_checked"":1445756928}"
   5302272,         0,         0,    44.6,exact_mw,cdc4a450a40af8e24899239080e4c40992fb5baf91c5a31ab3a165eacb3a1ab3,"{""distance"":5,""physical_error_rate"":0.0002}","{""detection_events"":1048923,""detectors_checked"":1187708928}"
   5927936,         0,         0,    44.6,exact_mw,70a969f5042aec17ac076c6379f4170fb7c69b8e925756ef3b7334e28a33338b,"{""distance"":5,""physical_error_rate"":0.0001}","{""detection_events"":587319,""detectors_checked"":1327857664}"
    332800,         2,         0,    44.7,exact_mw,bb90ec3459e353008cf9a5bb9142bf1e8515517a9e167021b225104594e48e8a,"{""distance"":5,""physical_error_rate"":0.001}","{""detection_events"":325876,""detectors_checked"":74547200,""obs_mistake_mask=E"":2}"
   3247104,         1,         0,    44.7,exact_mw,cb12ae119b9b2ba18d0216e7235b403229e92fd0743ede48fe7f1a2c6f45d594,"{""distance"":5,""physical_error_rate"":0.0005}","{""detection_events"":1601828,""detectors_checked"":727351296,""obs_mistake_mask=E"":1}"
    361472,         0,         0,    4.26,exact_mw,f32ebecd8e105e50ec838d33c5ed9b45444b6b44a3c6ac541111079f2b14e893,"{""distance"":5,""physical_error_rate"":5e-05}","{""detection_events"":17675,""detectors_checked"":80969728}"
    280576,         0,         0,    4.26,exact_mw,cdc4a450a40af8e24899239080e4c40992fb5baf91c5a31ab3a165eacb3a1ab3,"{""distance"":5,""physical_error_rate"":0.0002}","{""detection_events"":55845,""detectors_checked"":62849024}"
   1755136,         0,         0,    8.30,exact_mw,f32ebecd8e105e50ec838d33c5ed9b45444b6b44a3c6ac541111079f2b14e893,"{""distance"":5,""physical_error_rate"":5e-05}","{""detection_events"":87191,""detectors_checked"":393150464}"
    472064,         0,         0,    5.95,exact_mw,cb12ae119b9b2ba18d0216e7235b403229e92fd0743ede48fe7f1a2c6f45d594,"{""distance"":5,""physical_error_rate"":0.0005}","{""detection_events"":230430,""detectors_checked"":105742336}"
    201728,         0,         0,    4.28,exact_mw,cdc4a450a40af8e24899239080e4c40992fb5baf91c5a31ab3a165eacb3a1ab3,"{""distance"":5,""physical_error_rate"":0.0002}","{""detection_events"":39956,""detectors_checked"":45187072}"
   1048576,         4,         0,    44.8,exact_mw,bb90ec3459e353008cf9a5bb9142bf1e8515517a9e167021b225104594e48e8a,"{""distance"":5,""physical_error_rate"":0.001}","{""detection_events"":1025381,""detectors_checked"":234881024,""obs_mistake_mask=E"":4}"
    589824,         0,         0,    8.31,exact_mw,cb12ae119b9b2ba18d0216e7235b403229e92fd0743ede48fe7f1a2c6f45d594,"{""distance"":5,""physical_error_rate"":0.0005}","{""detection_events"":290824,""detectors_checked"":132120576}"
   1028096,         0,         0,    8.26,exact_mw,70a969f5042aec17ac076c6379f4170fb7c69b8e925756ef3b7334e28a33338b,"{""distance"":5,""physical_error_rate"":0.0001}","{""detection_events"":102104,""detectors_checked"":230293504}"
    250880,         1,         0,    8.32,exact_mw,bb90ec3459e353008cf9a5bb9142bf1e8515517a9e167021b225104594e48e8a,"{""distance"":5,""physical_error_rate"":0.001}","{""detection_events"":245948,""detectors_checked"":56197120,""obs_mistake_mask=E"":1}"
    940032,         0,         0,    8.29,exact_mw,70a969f5042aec17ac076c6379f4170fb7c69b8e925756ef3b7334e28a33338b,"{""distance"":5,""physical_error_rate"":0.0001}","{""detection_events"":93334,""detectors_checked"":210567168}"
   4495360,         2,         0,    44.7,exact_mw,cb12ae119b9b2ba18d0216e7235b403229e92fd0743ede48fe7f1a2c6f45d594,"{""distance"":5,""physical_error_rate"":0.0005}","{""detection_events"":2210350,""detectors_checked"":1006960640,""obs_mistake_mask=E"":2}"
    807936,         0,         0,    8.31,exact_mw,f32ebecd8e105e50ec838d33c5ed9b45444b6b44a3c6ac541111079f2b14e893,"{""distance"":5,""physical_error_rate"":5e-05}","{""detection_events"":39438,""detectors_checked"":180977664}"
    272384,         4,         0,    8.28,exact_mw,bb90ec3459e353008cf9a5bb9142bf1e8515517a9e167021b225104594e48e8a,"{""distance"":5,""physical_error_rate"":0.001}","{""detection_events"":267057,""detectors_checked"":61014016,""obs_mistake_mask=E"":4}"
   4408320,         0,         0,    44.4,exact_mw,cdc4a450a40af8e24899239080e4c40992fb5baf91c5a31ab3a165eacb3a1ab3,"{""distance"":5,""physical_error_rate"":0.0002}","{""detection_events"":872194,""detectors_checked"":987463680}"
  11128832,         0,         0,    87.3,exact_mw,70a969f5042aec17ac076c6379f4170fb7c69b8e925756ef3b7334e28a33338b,"{""distance"":5,""physical_error_rate"":0.0001}","{""detection_events"":1101065,""detectors_checked"":2492858368}"
  11041792,         0,         0,    87.4,exact_mw,cdc4a450a40af8e24899239080e4c40992fb5baf91c5a31ab3a165eacb3a1ab3,"{""distance"":5,""physical_error_rate"":0.0002}","{""detection_events"":2176071,""detectors_checked"":2473361408}"
   8739840,         3,         0,    87.6,exact_mw,cb12ae119b9b2ba18d0216e7235b403229e92fd0743ede48fe7f1a2c6f45d594,"{""distance"":5,""physical_error_rate"":0.0005}","{""detection_events"":4301291,""detectors_checked"":1957724160,""obs_mistake_mask=E"":3}"
   2313216,         7,         0,    87.9,exact_mw,bb90ec3459e353008cf9a5bb9142bf1e8515517a9e167021b225104594e48e8a,"{""distance"":5,""physical_error_rate"":0.001}","{""detection_events"":2271008,""detectors_checked"":518160384,""obs_mistake_mask=E"":7}"
    729088,         0,         0,    5.87,exact_mw,f32ebecd8e105e50ec838d33c5ed9b45444b6b44a3c6ac541111079f2b14e893,"{""distance"":5,""physical_error_rate"":5e-05}","{""detection_events"":35988,""detectors_checked"":163315712}"
    662528,         0,         0,    5.91,exact_mw,cdc4a450a40af8e24899239080e4c40992fb5baf91c5a31ab3a165eacb3a1ab3,"{""distance"":5,""physical_error_rate"":0.0002}","{""detection_events"":131197,""detectors_checked"":148406272}"
  11526144,         0,         0,    87.4,exact_mw,f32ebecd8e105e50ec838d33c5ed9b45444b6b44a3c6ac541111079f2b14e893,"{""distance"":5,""physical_error_rate"":5e-05}","{""detection_events"":570832,""detectors_checked"":2581856256}"
    239616,         0,         0,    5.94,exact_mw,cdc4a450a40af8e24899239080e4c40992fb5baf91c5a31ab3a165eacb3a1ab3,"{""distance"":5,""physical_error_rate"":0.0002}","{""detection_events"":47244,""detectors_checked"":53673984}"
    404480,         0,         0,    8.36,exact_mw,cb12ae119b9b2ba18d0216e7235b403229e92fd0743ede48fe7f1a2c6f45d594,"{""distance"":5,""physical_error_rate"":0.0005}","{""detection_events"":199077,""detectors_checked"":90603520}"
   1786880,         0,         0,    11.6,exact_mw,f32ebecd8e105e50ec838d33c5ed9b45444b6b44a3c6ac541111079f2b14e893,"{""distance"":5,""physical_error_rate"":5e-05}","{""detection_events"":87953,""detectors_checked"":400261120}"
   5107712,         2,         0,    62.6,exact_mw,cb12ae119b9b2ba18d0216e7235b403229e92fd0743ede48fe7f1a2c6f45d594,"{""distance"":5,""physical_error_rate"":0.0005}","{""detection_events"":2510197,""detectors_checked"":1144127488,""obs_mistake_mask=E"":2}"
    269312,         0,         0,    8.27,exact_mw,f32ebecd8e105e50ec838d33c5ed9b45444b6b44a3c6ac541111079f2b14e893,"{""distance"":5,""physical_error_rate"":5e-05}","{""detection_events"":13051,""detectors_checked"":60325888}"
   1492992,         0,         0,    11.6,exact_mw,70a969f5042aec17ac076c6379f4170fb7c69b8e925756ef3b7334e28a33338b,"{""distance"":5,""physical_error_rate"":0.0001}","{""detection_events"":147155,""detectors_checked"":334430208}"
    684032,         0,         0,    11.6,exact_mw,cb12ae119b9b2ba18d0216e7235b403229e92fd0743ede48fe7f1a2c6f45d594,"{""distance"":5,""physical_error_rate"":0.0005}","{""detection_events"":337762,""detectors_checked"":153223168}"
    466944,         1,         0,    11.7,exact_mw,bb90ec3459e353008cf9a5bb9142bf1e8515517a9e167021b225104594e48e8a,"{""distance"":5,""physical_error_rate"":0.001}","{""detection_events"":458178,""detectors_checked"":104595456,""obs_mistake_mask=E"":1}"
   1085440,         0,         0,    8.28,exact_mw,cdc4a450a40af8e24899239080e4c40992fb5baf91c5a31ab3a165eacb3a1ab3,"{""distance"":5,""physical_error_rate"":0.0002}","{""detection_events"":216186,""detectors_checked"":243138560}"
   1539072,         0,         0,    11.6,exact_mw,70a969f5042aec17ac076c6379f4170fb7c69b8e925756ef3b7334e28a33338b,"{""distance"":5,""physical_error_rate"":0.0001}","{""detection_events"":151895,""detectors_checked"":344752128}"
   1228800,         0,         0,    11.6,exact_mw,f32ebecd8e105e50ec838d33c5ed9b45444b6b44a3c6ac541111079f2b14e893,"{""distance"":5,""physical_error_rate"":5e-05}","{""detection_events"":60276,""detectors_checked"":275251200}"
    466944,         2,         0,    11.7,exact_mw,bb90ec3459e353008cf9a5bb9142bf1e8515517a9e167021b225104594e48e8a,"{""distance"":5,""physical_error_rate"":0.001}","{""detection_events"":458564,""detectors_checked"":104595456,""obs_mistake_mask=E"":2}"
    463872,         0,         0,    8.33,exact_mw,cdc4a450a40af8e24899239080e4c40992fb5baf91c5a31ab3a165eacb3a1ab3,"{""distance"":5,""physical_error_rate"":0.0002}","{""detection_events"":90979,""detectors_checked"":103907328}"
    576512,         0,         0,    11.7,exact_mw,cb12ae119b9b2ba18d0216e7235b403229e92fd0743ede48fe7f1a2c6f45d594,"{""distance"":5,""physical_error_rate"":0.0005}","{""detection_events"":285377,""detectors_checked"":129138688}"
   1036288,         0,         0,    11.6,exact_mw,f32ebecd8e105e50ec838d33c5ed9b45444b6b44a3c6ac541111079f2b14e893,"{""distance"":5,""physical_error_rate"":5e-05}","{""detection_events"":51138,""detectors_checked"":232128512}"
   1551360,         0,         0,    11.6,exact_mw,cdc4a450a40af8e24899239080e4c40992fb5baf91c5a31ab3a165eacb3a1ab3,"{""distance"":5,""physical_error_rate"":0.0002}","{""detection_events"":305176,""detectors_checked"":347504640}"
   1540096,         0,         0,    11.6,exact_mw,cdc4a450a40af8e24899239080e4c40992fb5baf91c5a31ab3a165eacb3a1ab3,"{""distance"":5,""physical_error_rate"":0.0002}","{""detection_events"":303819,""detectors_checked"":344981504}"
   2987008,         0,         0,    16.3,exact_mw,f32ebecd8e105e50ec838d33c5ed9b45444b6b44a3c6ac541111079f2b14e893,"{""distance"":5,""physical_error_rate"":5e-05}","{""detection_events"":146159,""detectors_checked"":669089792}"
   1679360,         0,         0,    16.3,exact_mw,70a969f5042aec17ac076c6379f4170fb7c69b8e925756ef3b7334e28a33338b,"{""distance"":5,""physical_error_rate"":0.0001}","{""detection_events"":166021,""detectors_checked"":376176640}"
   1001472,         1,         0,    16.2,exact_mw,cb12ae119b9b2ba18d0216e7235b403229e92fd0743ede48fe7f1a2c6f45d594,"{""distance"":5,""physical_error_rate"":0.0005}","{""detection_events"":492352,""detectors_checked"":224329728,""obs_mistake_mask=E"":1}"
   1935360,         0,         0,    16.2,exact_mw,70a969f5042aec17ac076c6379f4170fb7c69b8e925756ef3b7334e28a33338b,"{""distance"":5,""physical_error_rate"":0.0001}","{""detection_events"":189679,""detectors_checked"":433520640}"
    306176,         4,         0,    16.5,exact_mw,bb90ec3459e353008cf9a5bb9142bf1e8515517a9e167021b225104594e48e8a,"{""distance"":5,""physical_error_rate"":0.001}","{""detection_events"":301106,""detectors_checked"":68583424,""obs_mistake_mask=E"":4}"
   1386496,         0,         0,    16.2,exact_mw,f32ebecd8e105e50ec838d33c5ed9b45444b6b44a3c6ac541111079f2b14e893,"{""distance"":5,""physical_error_rate"":5e-05}","{""detection_events"":67903,""detectors_checked"":310575104}"
    432128,         3,         0,    16.3,exact_mw,bb90ec3459e353008cf9a5bb9142bf1e8515517a9e167021b225104594e48e8a,"{""distance"":5,""physical_error_rate"":0.001}","{""detection_events"":426322,""detectors_checked"":96796672,""obs_mistake_mask=E"":3}"
    923648,         0,         0,    16.3,exact_mw,cb12ae119b9b2ba18d0216e7235b403229e92fd0743ede48fe7f1a2c6f45d594,"{""distance"":5,""physical_error_rate"":0.0005}","{""detection_events"":454748,""detectors_checked"":206897152}"
   2190336,         0,         0,    16.3,exact_mw,f32ebecd8e105e50ec838d33c5ed9b45444b6b44a3c6ac541111079f2b14e893,"{""distance"":5,""physical_error_rate"":5e-05}","{""detection_events"":106148,""detectors_checked"":490635264}"
    954368,         0,         0,    16.3,exact_mw,cdc4a450a40af8e24899239080e4c40992fb5baf91c5a31ab3a165eacb3a1ab3,"{""distance"":5,""physical_error_rate"":0.0002}","{""detection_events"":188119,""detectors_checked"":213778432}"
    872448,         0,         0,    16.2,exact_mw,cdc4a450a40af8e24899239080e4c40992fb5baf91c5a31ab3a165eacb3a1ab3,"{""distance"":5,""physical_error_rate"":0.0002}","{""detection_events"":171471,""detectors_checked"":195428352}"
   4730880,         0,         0,    22.7,exact_mw,f32ebecd8e105e50ec838d33c5ed9b45444b6b44a3c6ac541111079f2b14e893,"{""distance"":5,""physical_error_rate"":5e-05}","{""detection_events"":232432,""detectors_checked"":1059717120}"
   2726912,         0,         0,    22.8,exact_mw,70a969f5042aec17ac076c6379f4170fb7c69b8e925756ef3b7334e28a33338b,"{""distance"":5,""physical_error_rate"":0.0001}","{""detection_events"":269146,""detectors_checked"":610828288}"
   1544192,         0,         0,    22.9,exact_mw,cb12ae119b9b2ba18d0216e7235b403229e92fd0743ede48fe7f1a2c6f45d594,"{""distance"":5,""physical_error_rate"":0.0005}","{""detection_events"":757507,""detectors_checked"":345899008}"
   3028992,         0,         0,    22.8,exact_mw,70a969f5042aec17ac076c6379f4170fb7c69b8e925756ef3b7334e28a33338b,"{""distance"":5,""physical_error_rate"":0.0001}","{""detection_events"":297548,""detectors_checked"":678494208}"
    415744,         1,         0,    23.0,exact_mw,bb90ec3459e353008cf9a5bb9142bf1e8515517a9e167021b225104594e48e8a,"{""distance"":5,""physical_error_rate"":0.001}","{""detection_events"":408555,""detectors_checked"":93126656,""obs_mistake_mask=E"":1}"
   1870848,         0,         0,    22.8,exact_mw,f32ebecd8e105e50ec838d33c5ed9b45444b6b44a3c6ac541111079f2b14e893,"{""distance"":5,""physical_error_rate"":5e-05}","{""detection_events"":92488,""detectors_checked"":419069952}"
    791552,         3,         0,    22.9,exact_mw,bb90ec3459e353008cf9a5bb9142bf1e8515517a9e167021b225104594e48e8a,"{""distance"":5,""physical_error_rate"":0.001}","{""detection_events"":776828,""detectors_checked"":177307648,""obs_mistake_mask=E"":3}"
   1227776,         0,         0,    22.9,exact_mw,cb12ae119b9b2ba18d0216e7235b403229e92fd0743ede48fe7f1a2c6f45d594,"{""distance"":5,""physical_error_rate"":0.0005}","{""detection_events"":604526,""detectors_checked"":275021824}"
   9765888,         0,         0,    62.3,exact_mw,f32ebecd8e105e50ec838d33c5ed9b45444b6b44a3c6ac541111079f2b14e893,"{""distance"":5,""physical_error_rate"":5e-05}","{""detection_events"":483511,""detectors_checked"":2187558912}"
   5016576,         0,         0,    62.4,exact_mw,cdc4a450a40af8e24899239080e4c40992fb5baf91c5a31ab3a165eacb3a1ab3,"{""distance"":5,""physical_error_rate"":0.0002}","{""detection_events"":988146,""detectors_checked"":1123713024}"
   8311808,         0,         0,    62.5,exact_mw,70a969f5042aec17ac076c6379f4170fb7c69b8e925756ef3b7334e28a33338b,"{""distance"":5,""physical_error_rate"":0.0001}","{""detection_events"":818740,""detectors_checked"":1861844992}"
   1556480,         8,         0,    62.6,exact_mw,bb90ec3459e353008cf9a5bb9142bf1e8515517a9e167021b225104594e48e8a,"{""distance"":5,""physical_error_rate"":0.001}","{""detection_events"":1530536,""detectors_checked"":348651520,""obs_mistake_mask=E"":8}"
   4754432,         2,         0,    62.5,exact_mw,cb12ae119b9b2ba18d0216e7235b403229e92fd0743ede48fe7f1a2c6f45d594,"{""distance"":5,""physical_error_rate"":0.0005}","{""detection_events"":2339543,""detectors_checked"":1064992768,""obs_mistake_mask=E"":2}"
   1996800,        10,         0,    62.6,exact_mw,bb90ec3459e353008cf9a5bb9142bf1e8515517a9e167021b225104594e48e8a,"{""distance"":5,""physical_error_rate"":0.001}","{""detection_events"":1958694,""detectors_checked"":447283200,""obs_mistake_mask=E"":10}"
   1772544,         0,         0,    22.9,exact_mw,f32ebecd8e105e50ec838d33c5ed9b45444b6b44a3c6ac541111079f2b14e893,"{""distance"":5,""physical_error_rate"":5e-05}","{""detection_events"":87141,""detectors_checked"":397049856}"
   2707456,         0,         0,    22.8,exact_mw,cdc4a450a40af8e24899239080e4c40992fb5baf91c5a31ab3a165eacb3a1ab3,"{""distance"":5,""physical_error_rate"":0.0002}","{""detection_events"":533542,""detectors_checked"":606470144}"
   4405248,         1,         0,    62.5,exact_mw,cb12ae119b9b2ba18d0216e7235b403229e92fd0743ede48fe7f1a2c6f45d594,"{""distance"":5,""physical_error_rate"":0.0005}","{""detection_events"":2171299,""detectors_checked"":986775552,""obs_mistake_mask=E"":1}"
   2947072,         0,         0,    22.7,exact_mw,cdc4a450a40af8e24899239080e4c40992fb5baf91c5a31ab3a165eacb3a1ab3,"{""distance"":5,""physical_error_rate"":0.0002}","{""detection_events"":582751,""detectors_checked"":660144128}"
   6745088,         0,         0,    62.5,exact_mw,cdc4a450a40af8e24899239080e4c40992fb5baf91c5a31ab3a165eacb3a1ab3,"{""distance"":5,""physical_error_rate"":0.0002}","{""detection_events"":1329888,""detectors_checked"":1510899712}"
   5806080,        27,         0,   119.6,exact_mw,bb90ec3459e353008cf9a5bb9142bf1e8515517a9e167021b225104594e48e8a,"{""distance"":5,""physical_error_rate"":0.001}","{""detection_events"":5701478,""detectors_checked"":1300561920,""obs_mistake_mask=E"":27}"
  23183360,         0,         0,   118.9,exact_mw,cdc4a450a40af8e24899239080e4c40992fb5baf91c5a31ab3a165eacb3a1ab3,"{""distance"":5,""physical_error_rate"":0.0002}","{""detection_events"":4564104,""detectors_checked"":5193072640}"
  21470208,         0,         0,   119.0,exact_mw,70a969f5042aec17ac076c6379f4170fb7c69b8e925756ef3b7334e28a33338b,"{""distance"":5,""physical_error_rate"":0.0001}","{""detection_events"":2113365,""detectors_checked"":4809326592}"
  14927872,         5,         0,   119.2,exact_mw,cb12ae119b9b2ba18d0216e7235b403229e92fd0743ede48fe7f1a2c6f45d594,"{""distance"":5,""physical_error_rate"":0.0005}","{""detection_events"":7346191,""detectors_checked"":3343843328,""obs_mistake_mask=E"":5}"
  16566272,         0,         0,   119.0,exact_mw,f32ebecd8e105e50ec838d33c5ed9b45444b6b44a3c6ac541111079f2b14e893,"{""distance"":5,""physical_error_rate"":5e-05}","{""detection_events"":819233,""detectors_checked"":3710844928}"
  11959296,         7,         0,   119.0,exact_mw,cb12ae119b9b2ba18d0216e7235b403229e92fd0743ede48fe7f1a2c6f45d594,"{""distance"":5,""physical_error_rate"":0.0005}","{""detection_events"":5881918,""detectors_checked"":2678882304,""obs_mistake_mask=E"":7}"
  15331328,         1,         0,   119.0,exact_mw,cdc4a450a40af8e24899239080e4c40992fb5baf91c5a31ab3a165eacb3a1ab3,"{""distance"":5,""physical_error_rate"":0.0002}","{""detection_events"":3022775,""detectors_checked"":3434217472,""obs_mistake_mask=E"":1}"
   8221696,         0,         0,   119.2,exact_mw,f32ebecd8e105e50ec838d33c5ed9b45444b6b44a3c6ac541111079f2b14e893,"{""distance"":5,""physical_error_rate"":5e-05}","{""detection_events"":404112,""detectors_checked"":1841659904}"
  10567680,         0,         0,   119.0,exact_mw,f32ebecd8e105e50ec838d33c5ed9b45444b6b44a3c6ac541111079f2b14e893,"{""distance"":5,""physical_error_rate"":5e-05}","{""detection_events"":521644,""detectors_checked"":2367160320}"
   6338560,         0,         0,   118.9,exact_mw,70a969f5042aec17ac076c6379f4170fb7c69b8e925756ef3b7334e28a33338b,"{""distance"":5,""physical_error_rate"":0.0001}","{""detection_events"":625097,""detectors_checked"":1419837440}"
   8598528,         3,         0,   118.7,exact_mw,cb12ae119b9b2ba18d0216e7235b403229e92fd0743ede48fe7f1a2c6f45d594,"{""distance"":5,""physical_error_rate"":0.0005}","{""detection_events"":4231274,""detectors_checked"":1926070272,""obs_mistake_mask=E"":3}"
   7193600,         0,         0,    31.9,exact_mw,f32ebecd8e105e50ec838d33c5ed9b45444b6b44a3c6ac541111079f2b14e893,"{""distance"":5,""physical_error_rate"":5e-05}","{""detection_events"":355932,""detectors_checked"":1611366400}"
  12434432,         0,         0,   118.9,exact_mw,cdc4a450a40af8e24899239080e4c40992fb5baf91c5a31ab3a165eacb3a1ab3,"{""distance"":5,""physical_error_rate"":0.0002}","{""detection_events"":2453364,""detectors_checked"":2785312768}"
  11825152,         0,         0,   118.9,exact_mw,cdc4a450a40af8e24899239080e4c40992fb5baf91c5a31ab3a165eacb3a1ab3,"{""distance"":5,""physical_error_rate"":0.0002}","{""detection_events"":2327907,""detectors_checked"":2648834048}"
   3743744,        16,         0,   119.3,exact_mw,bb90ec3459e353008cf9a5bb9142bf1e8515517a9e167021b225104594e48e8a,"{""distance"":5,""physical_error_rate"":0.001}","{""detection_events"":3671647,""detectors_checked"":838598656,""obs_mistake_mask=E"":16}"
   6334464,         6,         0,   118.7,exact_mw,cb12ae119b9b2ba18d0216e7235b403229e92fd0743ede48fe7f1a2c6f45d594,"{""distance"":5,""physical_error_rate"":0.0005}","{""detection_events"":3116698,""detectors_checked"":1418919936,""obs_mistake_mask=E"":6}"
  14723072,         0,         0,   119.0,exact_mw,f32ebecd8e105e50ec838d33c5ed9b45444b6b44a3c6ac541111079f2b14e893,"{""distance"":5,""physical_error_rate"":5e-05}","{""detection_events"":725480,""detectors_checked"":3297968128}"
  10852352,         0,         0,   118.9,exact_mw,70a969f5042aec17ac076c6379f4170fb7c69b8e925756ef3b7334e28a33338b,"{""distance"":5,""physical_error_rate"":0.0001}","{""detection_events"":1069987,""detectors_checked"":2430926848}"
  10640384,         0,         0,   119.0,exact_mw,70a969f5042aec17ac076c6379f4170fb7c69b8e925756ef3b7334e28a33338b,"{""distance"":5,""physical_error_rate"":0.0001}","{""detection_events"":1046968,""detectors_checked"":2383446016}"
   4704256,        32,         0,   119.4,exact_mw,bb90ec3459e353008cf9a5bb9142bf1e8515517a9e167021b225104594e48e8a,"{""distance"":5,""physical_error_rate"":0.001}","{""detection_events"":4618009,""detectors_checked"":1053753344,""obs_mistake_mask=E"":32}"
  14074880,         0,         0,    87.5,exact_mw,f32ebecd8e105e50ec838d33c5ed9b45444b6b44a3c6ac541111079f2b14e893,"{""distance"":5,""physical_error_rate"":5e-05}","{""detection_events"":694081,""detectors_checked"":3152773120}"
   5562368,         0,         0,    87.5,exact_mw,cdc4a450a40af8e24899239080e4c40992fb5baf91c5a31ab3a165eacb3a1ab3,"{""distance"":5,""physical_error_rate"":0.0002}","{""detection_events"":1095562,""detectors_checked"":1245970432}"
   5439488,         7,         0,   119.1,exact_mw,cb12ae119b9b2ba18d0216e7235b403229e92fd0743ede48fe7f1a2c6f45d594,"{""distance"":5,""physical_error_rate"":0.0005}","{""detection_events"":2674130,""detectors_checked"":1218445312,""obs_mistake_mask=E"":7}"
   2769920,        22,         0,   119.3,exact_mw,bb90ec3459e353008cf9a5bb9142bf1e8515517a9e167021b225104594e48e8a,"{""distance"":5,""physical_error_rate"":0.001}","{""detection_events"":2719425,""detectors_checked"":620462080,""obs_mistake_mask=E"":22}"
   2526208,        13,         0,    87.9,exact_mw,bb90ec3459e353008cf9a5bb9142bf1e8515517a9e167021b225104594e48e8a,"{""distance"":5,""physical_error_rate"":0.001}","{""detection_events"":2480587,""detectors_checked"":565870592,""obs_mistake_mask=E"":13}"
   4035584,         0,         0,    31.8,exact_mw,70a969f5042aec17ac076c6379f4170fb7c69b8e925756ef3b7334e28a33338b,"{""distance"":5,""physical_error_rate"":0.0001}","{""detection_events"":397815,""detectors_checked"":903970816}"
    637952,         0,         0,    32.0,exact_mw,cb12ae119b9b2ba18d0216e7235b403229e92fd0743ede48fe7f1a2c6f45d594,"{""distance"":5,""physical_error_rate"":0.0005}","{""detection_events"":314264,""detectors_checked"":142901248}"
   3412992,         0,         0,    31.8,exact_mw,70a969f5042aec17ac076c6379f4170fb7c69b8e925756ef3b7334e28a33338b,"{""distance"":5,""physical_error_rate"":0.0001}","{""detection_events"":335995,""detectors_checked"":764510208}"
   9895936,         0,         0,   118.8,exact_mw,cdc4a450a40af8e24899239080e4c40992fb5baf91c5a31ab3a165eacb3a1ab3,"{""distance"":5,""physical_error_rate"":0.0002}","{""detection_events"":1950198,""detectors_checked"":2216689664}"
    416768,         3,         0,    32.1,exact_mw,bb90ec3459e353008cf9a5bb9142bf1e8515517a9e167021b225104594e48e8a,"{""distance"":5,""physical_error_rate"":0.001}","{""detection_events"":410177,""detectors_checked"":93356032,""obs_mistake_mask=E"":3}"
  11502592,         0,         0,    87.5,exact_mw,70a969f5042aec17ac076c6379f4170fb7c69b8e925756ef3b7334e28a33338b,"{""distance"":5,""physical_error_rate"":0.0001}","{""detection_events"":1136256,""detectors_checked"":2576580608}"
   2579456,        13,         0,   119.4,exact_mw,bb90ec3459e353008cf9a5bb9142bf1e8515517a9e167021b225104594e48e8a,"{""distance"":5,""physical_error_rate"":0.001}","{""detection_events"":2532600,""detectors_checked"":577798144,""obs_mistake_mask=E"":13}"
   2477056,         0,         0,    31.9,exact_mw,f32ebecd8e105e50ec838d33c5ed9b45444b6b44a3c6ac541111079f2b14e893,"{""distance"":5,""physical_error_rate"":5e-05}","{""detection_events"":122123,""detectors_checked"":554860544}"
   1087488,         7,         0,    32.0,exact_mw,bb90ec3459e353008cf9a5bb9142bf1e8515517a9e167021b225104594e48e8a,"{""distance"":5,""physical_error_rate"":0.001}","{""detection_events"":1068022,""detectors_checked"":243597312,""obs_mistake_mask=E"":7}"
   2593792,         0,         0,   118.7,exact_mw,70a969f5042aec17ac076c6379f4170fb7c69b8e925756ef3b7334e28a33338b,"{""distance"":5,""physical_error_rate"":0.0001}","{""detection_events"":255693,""detectors_checked"":581009408}"
  11551744,         0,         0,   118.9,exact_mw,70a969f5042aec17ac076c6379f4170fb7c69b8e925756ef3b7334e28a33338b,"{""distance"":5,""physical_error_rate"":0.0001}","{""detection_events"":1141887,""detectors_checked"":2587590656}"
   1886208,         0,         0,    32.1,exact_mw,cb12ae119b9b2ba18d0216e7235b403229e92fd0743ede48fe7f1a2c6f45d594,"{""distance"":5,""physical_error_rate"":0.0005}","{""detection_events"":927695,""detectors_checked"":422510592}"
  12121088,         0,         0,   119.1,exact_mw,f32ebecd8e105e50ec838d33c5ed9b45444b6b44a3c6ac541111079f2b14e893,"{""distance"":5,""physical_error_rate"":5e-05}","{""detection_events"":596772,""detectors_checked"":2715123712}"
   4288512,        28,         0,   119.5,exact_mw,bb90ec3459e353008cf9a5bb9142bf1e8515517a9e167021b225104594e48e8a,"{""distance"":5,""physical_error_rate"":0.001}","{""detection_events"":4204362,""detectors_checked"":960626688,""obs_mistake_mask=E"":28}"
  10884096,         5,         0,   118.9,exact_mw,cb12ae119b9b2ba18d0216e7235b403229e92fd0743ede48fe7f1a2c6f45d594,"{""distance"":5,""physical_error_rate"":0.0005}","{""detection_events"":5355085,""detectors_checked"":2438037504,""obs_mistake_mask=E"":5}"
  11156480,         0,         0,   119.1,exact_mw,f32ebecd8e105e50ec838d33c5ed9b45444b6b44a3c6ac541111079f2b14e893,"{""distance"":5,""physical_error_rate"":5e-05}","{""detection_events"":547223,""detectors_checked"":2499051520}"
   8942592,         0,         0,   118.7,exact_mw,f32ebecd8e105e50ec838d33c5ed9b45444b6b44a3c6ac541111079f2b14e893,"{""distance"":5,""physical_error_rate"":5e-05}","{""detection_events"":440874,""detectors_checked"":2003140608}"
   2782208,         0,         0,    31.8,exact_mw,f32ebecd8e105e50ec838d33c5ed9b45444b6b44a3c6ac541111079f2b14e893,"{""distance"":5,""physical_error_rate"":5e-05}","{""detection_events"":137458,""detectors_checked"":623214592}"
   3303424,         1,         0,    31.9,exact_mw,cdc4a450a40af8e24899239080e4c40992fb5baf91c5a31ab3a165eacb3a1ab3,"{""distance"":5,""physical_error_rate"":0.0002}","{""detection_events"":649433,""detectors_checked"":739966976,""obs_mistake_mask=E"":1}"
  15270912,         1,         0,   118.8,exact_mw,cdc4a450a40af8e24899239080e4c40992fb5baf91c5a31ab3a165eacb3a1ab3,"{""distance"":5,""physical_error_rate"":0.0002}","{""detection_events"":3013885,""detectors_checked"":3420684288,""obs_mistake_mask=E"":1}"
  11868160,         2,         0,   119.1,exact_mw,cb12ae119b9b2ba18d0216e7235b403229e92fd0743ede48fe7f1a2c6f45d594,"{""distance"":5,""physical_error_rate"":0.0005}","{""detection_events"":5836669,""detectors_checked"":2658467840,""obs_mistake_mask=E"":2}"
   4764672,        16,         0,   119.5,exact_mw,bb90ec3459e353008cf9a5bb9142bf1e8515517a9e167021b225104594e48e8a,"{""distance"":5,""physical_error_rate"":0.001}","{""detection_events"":4683083,""detectors_checked"":1067286528,""obs_mistake_mask=E"":16}"
   4040704,         1,         0,    31.9,exact_mw,cdc4a450a40af8e24899239080e4c40992fb5baf91c5a31ab3a165eacb3a1ab3,"{""distance"":5,""physical_error_rate"":0.0002}","{""detection_events"":796074,""detectors_checked"":905117696,""obs_mistake_mask=E"":1}"
   6407168,         5,         0,    87.7,exact_mw,cb12ae119b9b2ba18d0216e7235b403229e92fd0743ede48fe7f1a2c6f45d594,"{""distance"":5,""physical_error_rate"":0.0005}","{""detection_events"":3158625,""detectors_checked"":1435205632,""obs_mistake_mask=E"":5}"
   9291776,         0,         0,   119.0,exact_mw,cdc4a450a40af8e24899239080e4c40992fb5baf91c5a31ab3a165eacb3a1ab3,"{""distance"":5,""physical_error_rate"":0.0002}","{""detection_events"":1832631,""detectors_checked"":2081357824}"
  11328512,         0,         0,   119.1,exact_mw,70a969f5042aec17ac076c6379f4170fb7c69b8e925756ef3b7334e28a33338b,"{""distance"":5,""physical_error_rate"":0.0001}","{""detection_events"":1118008,""detectors_checked"":2537586688}"
  16265216,         0,         0,   119.0,exact_mw,70a969f5042aec17ac076c6379f4170fb7c69b8e925756ef3b7334e28a33338b,"{""distance"":5,""physical_error_rate"":0.0001}","{""detection_events"":1607078,""detectors_checked"":3643408384}"
  15276032,         1,         0,   119.0,exact_mw,cdc4a450a40af8e24899239080e4c40992fb5baf91c5a31ab3a165eacb3a1ab3,"{""distance"":5,""physical_error_rate"":0.0002}","{""detection_events"":3010337,""detectors_checked"":3421831168,""obs_mistake_mask=E"":1}"
  11927552,        12,         0,   119.1,exact_mw,cb12ae119b9b2ba18d0216e7235b403229e92fd0743ede48fe7f1a2c6f45d594,"{""distance"":5,""physical_error_rate"":0.0005}","{""detection_events"":5865070,""detectors_checked"":2671771648,""obs_mistake_mask=E"":12}"
   3559424,        17,         0,   119.4,exact_mw,bb90ec3459e353008cf9a5bb9142bf1e8515517a9e167021b225104594e48e8a,"{""distance"":5,""physical_error_rate"":0.001}","{""detection_events"":3497305,""detectors_checked"":797310976,""obs_mistake_mask=E"":17}"
  15276032,         0,         0,   119.0,exact_mw,f32ebecd8e105e50ec838d33c5ed9b45444b6b44a3c6ac541111079f2b14e893,"{""distance"":5,""physical_error_rate"":5e-05}","{""detection_events"":754461,""detectors_checked"":3421831168}"
   7731200,         0,         0,    44.6,exact_mw,f32ebecd8e105e50ec838d33c5ed9b45444b6b44a3c6ac541111079f2b14e893,"{""distance"":5,""physical_error_rate"":5e-05}","{""detection_events"":381817,""detectors_checked"":1731788800}"
   5827584,         0,         0,    44.6,exact_mw,70a969f5042aec17ac076c6379f4170fb7c69b8e925756ef3b7334e28a33338b,"{""distance"":5,""physical_error_rate"":0.0001}","{""detection_events"":573779,""detectors_checked"":1305378816}"
   4535296,         2,         0,    44.6,exact_mw,cb12ae119b9b2ba18d0216e7235b403229e92fd0743ede48fe7f1a2c6f45d594,"{""distance"":5,""physical_error_rate"":0.0005}","{""detection_events"":2224666,""detectors_checked"":1015906304,""obs_mistake_mask=E"":2}"
   5061632,         0,         0,    44.6,exact_mw,70a969f5042aec17ac076c6379f4170fb7c69b8e925756ef3b7334e28a33338b,"{""distance"":5,""physical_error_rate"":0.0001}","{""detection_events"":498270,""detectors_checked"":1133805568}"
   1145856,        14,         0,    44.8,exact_mw,bb90ec3459e353008cf9a5bb9142bf1e8515517a9e167021b225104594e48e8a,"{""distance"":5,""physical_error_rate"":0.001}","{""detection_events"":1125826,""detectors_checked"":256671744,""obs_mistake_mask=E"":14}"
   4571136,         0,         0,    44.7,exact_mw,f32ebecd8e105e50ec838d33c5ed9b45444b6b44a3c6ac541111079f2b14e893,"{""distance"":5,""physical_error_rate"":5e-05}","{""detection_events"":225358,""detectors_checked"":1023934464}"
    961536,         8,         0,    44.9,exact_mw,bb90ec3459e353008cf9a5bb9142bf1e8515517a9e167021b225104594e48e8a,"{""distance"":5,""physical_error_rate"":0.001}","{""detection_events"":942378,""detectors_checked"":215384064,""obs_mistake_mask=E"":8}"
   2412544,         0,         0,    44.6,exact_mw,cb12ae119b9b2ba18d0216e7235b403229e92fd0743ede48fe7f1a2c6f45d594,"{""distance"":5,""physical_error_rate"":0.0005}","{""detection_events"":1187910,""detectors_checked"":540409856}"
   5199872,         0,         0,    44.6,exact_mw,f32ebecd8e105e50ec838d33c5ed9b45444b6b44a3c6ac541111079f2b14e893,"{""distance"":5,""physical_error_rate"":5e-05}","{""detection_events"":255447,""detectors_checked"":1164771328}"
   4198400,         0,         0,    44.7,exact_mw,cdc4a450a40af8e24899239080e4c40992fb5baf91c5a31ab3a165eacb3a1ab3,"{""distance"":5,""physical_error_rate"":0.0002}","{""detection_events"":826843,""detectors_checked"":940441600}"
   3532800,         0,         0,    44.5,exact_mw,cdc4a450a40af8e24899239080e4c40992fb5baf91c5a31ab3a165eacb3a1ab3,"{""distance"":5,""physical_error_rate"":0.0002}","{""detection_events"":696282,""detectors_checked"":791347200}"
  12851200,         0,         0,    87.4,exact_mw,f32ebecd8e105e50ec838d33c5ed9b45444b6b44a3c6ac541111079f2b14e893,"{""distance"":5,""physical_error_rate"":5e-05}","{""detection_events"":633844,""detectors_checked"":2878668800}"
   6426624,         0,         0,    87.3,exact_mw,cdc4a450a40af8e24899239080e4c40992fb5baf91c5a31ab3a165eacb3a1ab3,"{""distance"":5,""physical_error_rate"":0.0002}","{""detection_events"":1269346,""detectors_checked"":1439563776}"
  11980800,         0,         0,    87.5,exact_mw,70a969f5042aec17ac076c6379f4170fb7c69b8e925756ef3b7334e28a33338b,"{""distance"":5,""physical_error_rate"":0.0001}","{""detection_events"":1181385,""detectors_checked"":2683699200}"
   2040832,        10,         0,    87.9,exact_mw,bb90ec3459e353008cf9a5bb9142bf1e8515517a9e167021b225104594e48e8a,"{""distance"":5,""physical_error_rate"":0.001}","{""detection_events"":2002226,""detectors_checked"":457146368,""obs_mistake_mask=E"":10}"
   7209984,         7,         0,    87.5,exact_mw,cb12ae119b9b2ba18d0216e7235b403229e92fd0743ede48fe7f1a2c6f45d594,"{""distance"":5,""physical_error_rate"":0.0005}","{""detection_events"":3548434,""detectors_checked"":1615036416,""obs_mistake_mask=E"":7}"
   1425408,         4,         0,    87.9,exact_mw,bb90ec3459e353008cf9a5bb9142bf1e8515517a9e167021b225104594e48e8a,"{""distance"":5,""physical_error_rate"":0.001}","{""detection_events"":1397645,""detectors_checked"":319291392,""obs_mistake_mask=E"":4}"
   7175168,         4,         0,    87.6,exact_mw,cb12ae119b9b2ba18d0216e7235b403229e92fd0743ede48fe7f1a2c6f45d594,"{""distance"":5,""physical_error_rate"":0.0005}","{""detection_events"":3526674,""detectors_checked"":1607237632,""obs_mistake_mask=E"":4}"
   7420928,         0,         0,    87.5,exact_mw,cdc4a450a40af8e24899239080e4c40992fb5baf91c5a31ab3a165eacb3a1ab3,"{""distance"":5,""physical_error_rate"":0.0002}","{""detection_events"":1465214,""detectors_checked"":1662287872}"
  11254784,         0,         0,    62.5,exact_mw,f32ebecd8e105e50ec838d33c5ed9b45444b6b44a3c6ac541111079f2b14e893,"{""distance"":5,""physical_error_rate"":5e-05}","{""detection_events"":556810,""detectors_checked"":2521071616}"
   8599552,         0,         0,    62.5,exact_mw,70a969f5042aec17ac076c6379f4170fb7c69b8e925756ef3b7334e28a33338b,"{""distance"":5,""physical_error_rate"":0.0001}","{""detection_events"":850213,""detectors_checked"":1926299648}"
   5330944,         2,         0,    62.6,exact_mw,cb12ae119b9b2ba18d0216e7235b403229e92fd0743ede48fe7f1a2c6f45d594,"{""distance"":5,""physical_error_rate"":0.0005}","{""detection_events"":2620832,""detectors_checked"":1194131456,""obs_mistake_mask=E"":2}"
   7857152,         0,         0,    62.5,exact_mw,70a969f5042aec17ac076c6379f4170fb7c69b8e925756ef3b7334e28a33338b,"{""distance"":5,""physical_error_rate"":0.0001}","{""detection_events"":776449,""detectors_checked"":1760002048}"
   1500160,         9,         0,    62.9,exact_mw,bb90ec3459e353008cf9a5bb9142bf1e8515517a9e167021b225104594e48e8a,"{""distance"":5,""physical_error_rate"":0.001}","{""detection_events"":1473497,""detectors_checked"":336035840,""obs_mistake_mask=E"":9}"
   5537792,         0,         0,    62.4,exact_mw,f32ebecd8e105e50ec838d33c5ed9b45444b6b44a3c6ac541111079f2b14e893,"{""distance"":5,""physical_error_rate"":5e-05}","{""detection_events"":274292,""detectors_checked"":1240465408}"
   1618944,         6,         0,    62.8,exact_mw,bb90ec3459e353008cf9a5bb9142bf1e8515517a9e167021b225104594e48e8a,"{""distance"":5,""physical_error_rate"":0.001}","{""detection_events"":1591198,""detectors_checked"":362643456,""obs_mistake_mask=E"":6}"
   2397184,         1,         0,    62.3,exact_mw,cb12ae119b9b2ba18d0216e7235b403229e92fd0743ede48fe7f1a2c6f45d594,"{""distance"":5,""physical_error_rate"":0.0005}","{""detection_events"":1181215,""detectors_checked"":536969216,""obs_mistake_mask=E"":1}"
   5660672,        33,         0,   119.7,exact_mw,bb90ec3459e353008cf9a5bb9142bf1e8515517a9e167021b225104594e48e8a,"{""distance"":5,""physical_error_rate"":0.001}","{""detection_events"":5558968,""detectors_checked"":1267990528,""obs_mistake_mask=E"":33}"
  23533568,         1,         0,   119.0,exact_mw,cdc4a450a40af8e24899239080e4c40992fb5baf91c5a31ab3a165eacb3a1ab3,"{""distance"":5,""physical_error_rate"":0.0002}","{""detection_events"":4641138,""detectors_checked"":5271519232,""obs_mistake_mask=E"":1}"
  22683648,         0,         0,   119.0,exact_mw,70a969f5042aec17ac076c6379f4170fb7c69b8e925756ef3b7334e28a33338b,"{""distance"":5,""physical_error_rate"":0.0001}","{""detection_events"":2237876,""detectors_checked"":5081137152}"
  13400064,         7,         0,   119.2,exact_mw,cb12ae119b9b2ba18d0216e7235b403229e92fd0743ede48fe7f1a2c6f45d594,"{""distance"":5,""physical_error_rate"":0.0005}","{""detection_events"":6590751,""detectors_checked"":3001614336,""obs_mistake_mask=E"":7}"
  16507904,         0,         0,   118.9,exact_mw,f32ebecd8e105e50ec838d33c5ed9b45444b6b44a3c6ac541111079f2b14e893,"{""distance"":5,""physical_error_rate"":5e-05}","{""detection_events"":813456,""detectors_checked"":3697770496}"
  12085248,         2,         0,   119.0,exact_mw,cb12ae119b9b2ba18d0216e7235b403229e92fd0743ede48fe7f1a2c6f45d594,"{""distance"":5,""physical_error_rate"":0.0005}","{""detection_events"":5949483,""detectors_checked"":2707095552,""obs_mistake_mask=E"":2}"
  15366144,         1,         0,   118.9,exact_mw,cdc4a450a40af8e24899239080e4c40992fb5baf91c5a31ab3a165eacb3a1ab3,"{""distance"":5,""physical_error_rate"":0.0002}","{""detection_events"":3029066,""detectors_checked"":3442016256,""obs_mistake_mask=E"":1}"
   9260032,         0,         0,   118.8,exact_mw,f32ebecd8e105e50ec838d33c5ed9b45444b6b44a3c6ac541111079f2b14e893,"{""distance"":5,""physical_error_rate"":5e-05}","{""detection_events"":457540,""detectors_checked"":2074247168}"
   9347072,         0,         0,   119.1,exact_mw,f32ebecd8e105e50ec838d33c5ed9b45444b6b44a3c6ac541111079f2b14e893,"{""distance"":5,""physical_error_rate"":5e-05}","{""detection_events"":461922,""detectors_checked"":2093744128}"
  10582016,         0,         0,   119.1,exact_mw,70a969f5042aec17ac076c6379f4170fb7c69b8e925756ef3b7334e28a33338b,"{""distance"":5,""physical_error_rate"":0.0001}","{""detection_events"":1046689,""detectors_checked"":2370371584}"
   9182208,         3,         0,   119.0,exact_mw,cb12ae119b9b2ba18d0216e7235b403229e92fd0743ede48fe7f1a2c6f45d594,"{""distance"":5,""physical_error_rate"":0.0005}","{""detection_events"":4519115,""detectors_checked"":2056814592,""obs_mistake_mask=E"":3}"
  11677696,         0,         0,   118.8,exact_mw,cdc4a450a40af8e24899239080e4c40992fb5baf91c5a31ab3a165eacb3a1ab3,"{""distance"":5,""physical_error_rate"":0.0002}","{""detection_events"":2304380,""detectors_checked"":2615803904}"
  11867136,         0,         0,   119.1,exact_mw,cdc4a450a40af8e24899239080e4c40992fb5baf91c5a31ab3a165eacb3a1ab3,"{""distance"":5,""physical_error_rate"":0.0002}","{""detection_events"":2343438,""detectors_checked"":2658238464}"
   4344832,        23,         0,   119.5,exact_mw,bb90ec3459e353008cf9a5bb9142bf1e8515517a9e167021b225104594e48e8a,"{""distance"":5,""physical_error_rate"":0.001}","{""detection_events"":4260506,""detectors_checked"":973242368,""obs_mistake_mask=E"":23}"
   9769984,         2,         0,   119.1,exact_mw,cb12ae119b9b2ba18d0216e7235b403229e92fd0743ede48fe7f1a2c6f45d594,"{""distance"":5,""physical_error_rate"":0.0005}","{""detection_events"":4813802,""detectors_checked"":2188476416,""obs_mistake_mask=E"":2}"
   9411584,         0,         0,   119.0,exact_mw,f32ebecd8e105e50ec838d33c5ed9b45444b6b44a3c6ac541111079f2b14e893,"{""distance"":5,""physical_error_rate"":5e-05}","{""detection_events"":466141,""detectors_checked"":2108194816}"
   5869568,         0,         0,   118.7,exact_mw,70a969f5042aec17ac076c6379f4170fb7c69b8e925756ef3b7334e28a33338b,"{""distance"":5,""physical_error_rate"":0.0001}","{""detection_events"":579777,""detectors_checked"":1314783232}"
   7138304,         0,         0,   119.3,exact_mw,70a969f5042aec17ac076c6379f4170fb7c69b8e925756ef3b7334e28a33338b,"{""distance"":5,""physical_error_rate"":0.0001}","{""detection_events"":702242,""detectors_checked"":1598980096}"
   4713472,        23,         0,   119.4,exact_mw,bb90ec3459e353008cf9a5bb9142bf1e8515517a9e167021b225104594e48e8a,"{""distance"":5,""physical_error_rate"":0.001}","{""detection_events"":4627188,""detectors_checked"":1055817728,""obs_mistake_mask=E"":23}"
  18010112,         0,         0,   119.0,exact_mw,f32ebecd8e105e50ec838d33c5ed9b45444b6b44a3c6ac541111079f2b14e893,"{""distance"":5,""physical_error_rate"":5e-05}","{""detection_events"":889331,""detectors_checked"":4034265088}"
  10328064,         0,         0,   118.9,exact_mw,cdc4a450a40af8e24899239080e4c40992fb5baf91c5a31ab3a165eacb3a1ab3,"{""distance"":5,""physical_error_rate"":0.0002}","{""detection_events"":2036248,""detectors_checked"":2313486336}"
   5909504,         0,         0,    62.4,exact_mw,f32ebecd8e105e50ec838d33c5ed9b45444b6b44a3c6ac541111079f2b14e893,"{""distance"":5,""physical_error_rate"":5e-05}","{""detection_events"":290472,""detectors_checked"":1323728896}"
   6276096,         1,         0,   118.4,exact_mw,cb12ae119b9b2ba18d0216e7235b403229e92fd0743ede48fe7f1a2c6f45d594,"{""distance"":5,""physical_error_rate"":0.0005}","{""detection_events"":3080487,""detectors_checked"":1405845504,""obs_mistake_mask=E"":1}"
   3117056,        16,         0,   119.5,exact_mw,bb90ec3459e353008cf9a5bb9142bf1e8515517a9e167021b225104594e48e8a,"{""distance"":5,""physical_error_rate"":0.001}","{""detection_events"":3064626,""detectors_checked"":698220544,""obs_mistake_mask=E"":16}"
   2611200,         0,         0,    62.7,exact_mw,cdc4a450a40af8e24899239080e4c40992fb5baf91c5a31ab3a165eacb3a1ab3,"{""distance"":5,""physical_error_rate"":0.0002}","{""detection_events"":515858,""detectors_checked"":584908800}"
   3764224,        22,         0,   119.5,exact_mw,bb90ec3459e353008cf9a5bb9142bf1e8515517a9e167021b225104594e48e8a,"{""distance"":5,""physical_error_rate"":0.001}","{""detection_events"":3689117,""detectors_checked"":843186176,""obs_mistake_mask=E"":22}"
   9662464,         0,         0,   118.9,exact_mw,cdc4a450a40af8e24899239080e4c40992fb5baf91c5a31ab3a165eacb3a1ab3,"{""distance"":5,""physical_error_rate"":0.0002}","{""detection_events"":1904997,""detectors_checked"":2164391936}"
  14274560,         0,         0,   118.8,exact_mw,70a969f5042aec17ac076c6379f4170fb7c69b8e925756ef3b7334e28a33338b,"{""distance"":5,""physical_error_rate"":0.0001}","{""detection_events"":1410834,""detectors_checked"":3197501440}"
   3872768,        20,         0,   119.6,exact_mw,bb90ec3459e353008cf9a5bb9142bf1e8515517a9e167021b225104594e48e8a,"{""distance"":5,""physical_error_rate"":0.001}","{""detection_events"":3797821,""detectors_checked"":867500032,""obs_mistake_mask=E"":20}"
   6557696,         0,         0,    62.5,exact_mw,cdc4a450a40af8e24899239080e4c40992fb5baf91c5a31ab3a165eacb3a1ab3,"{""distance"":5,""physical_error_rate"":0.0002}","{""detection_events"":1288854,""detectors_checked"":1468923904}"
   2739200,         0,         0,   118.7,exact_mw,70a969f5042aec17ac076c6379f4170fb7c69b8e925756ef3b7334e28a33338b,"{""distance"":5,""physical_error_rate"":0.0001}","{""detection_events"":270106,""detectors_checked"":613580800}"
   8586240,         0,         0,   118.9,exact_mw,70a969f5042aec17ac076c6379f4170fb7c69b8e925756ef3b7334e28a33338b,"{""distance"":5,""physical_error_rate"":0.0001}","{""detection_events"":846394,""detectors_checked"":1923317760}"
   9884672,         0,         0,   118.8,exact_mw,f32ebecd8e105e50ec838d33c5ed9b45444b6b44a3c6ac541111079f2b14e893,"{""distance"":5,""physical_error_rate"":5e-05}","{""detection_events"":488642,""detectors_checked"":2214166528}"
   4562944,        25,         0,   119.4,exact_mw,bb90ec3459e353008cf9a5bb9142bf1e8515517a9e167021b225104594e48e8a,"{""distance"":5,""physical_error_rate"":0.001}","{""detection_events"":4479415,""detectors_checked"":1022099456,""obs_mistake_mask=E"":25}"
  11036672,         3,         0,   119.0,exact_mw,cb12ae119b9b2ba18d0216e7235b403229e92fd0743ede48fe7f1a2c6f45d594,"{""distance"":5,""physical_error_rate"":0.0005}","{""detection_events"":5433942,""detectors_checked"":2472214528,""obs_mistake_mask=E"":3}"
  12546048,         0,         0,   119.2,exact_mw,f32ebecd8e105e50ec838d33c5ed9b45444b6b44a3c6ac541111079f2b14e893,"{""distance"":5,""physical_error_rate"":5e-05}","{""detection_events"":618151,""detectors_checked"":2810314752}"
  14600192,         0,         0,   119.0,exact_mw,f32ebecd8e105e50ec838d33c5ed9b45444b6b44a3c6ac541111079f2b14e893,"{""distance"":5,""physical_error_rate"":5e-05}","{""detection_events"":721279,""detectors_checked"":3270443008}"
  15681536,         0,         0,   118.7,exact_mw,cdc4a450a40af8e24899239080e4c40992fb5baf91c5a31ab3a165eacb3a1ab3,"{""distance"":5,""physical_error_rate"":0.0002}","{""detection_events"":3094456,""detectors_checked"":3512664064}"
  11658240,         3,         0,   118.9,exact_mw,cb12ae119b9b2ba18d0216e7235b403229e92fd0743ede48fe7f1a2c6f45d594,"{""distance"":5,""physical_error_rate"":0.0005}","{""detection_events"":5737560,""detectors_checked"":2611445760,""obs_mistake_mask=E"":3}"
   4672512,        27,         0,   119.4,exact_mw,bb90ec3459e353008cf9a5bb9142bf1e8515517a9e167021b225104594e48e8a,"{""distance"":5,""physical_error_rate"":0.001}","{""detection_events"":4585668,""detectors_checked"":1046642688,""obs_mistake_mask=E"":27}"
   4954112,         2,         0,   119.1,exact_mw,cb12ae119b9b2ba18d0216e7235b403229e92fd0743ede48fe7f1a2c6f45d594,"{""distance"":5,""physical_error_rate"":0.0005}","{""detection_events"":2432194,""detectors_checked"":1109721088,""obs_mistake_mask=E"":2}"
   8273920,         1,         0,   118.8,exact_mw,cdc4a450a40af8e24899239080e4c40992fb5baf91c5a31ab3a165eacb3a1ab3,"{""distance"":5,""physical_error_rate"":0.0002}","{""detection_events"":1632685,""detectors_checked"":1853358080,""obs_mistake_mask=E"":1}"
  11331584,         0,         0,   119.0,exact_mw,70a969f5042aec17ac076c6379f4170fb7c69b8e925756ef3b7334e28a33338b,"{""distance"":5,""physical_error_rate"":0.0001}","{""detection_events"":1120751,""detectors_checked"":2538274816}"
   9181623,         0,         0,    41.4,exact_mw,cdc4a450a40af8e24899239080e4c40992fb5baf91c5a31ab3a165eacb3a1ab3,"{""distance"":5,""physical_error_rate"":0.0002}","{""detection_events"":1809860,""detectors_checked"":2056683552}"
  15818752,         0,         0,   119.0,exact_mw,70a969f5042aec17ac076c6379f4170fb7c69b8e925756ef3b7334e28a33338b,"{""distance"":5,""physical_error_rate"":0.0001}","{""detection_events"":1561550,""detectors_checked"":3543400448}"
  15067136,         0,         0,   119.0,exact_mw,cdc4a450a40af8e24899239080e4c40992fb5baf91c5a31ab3a165eacb3a1ab3,"{""distance"":5,""physical_error_rate"":0.0002}","{""detection_events"":2970393,""detectors_checked"":3375038464}"
  12092416,         3,         0,   119.0,exact_mw,cb12ae119b9b2ba18d0216e7235b403229e92fd0743ede48fe7f1a2c6f45d594,"{""distance"":5,""physical_error_rate"":0.0005}","{""detection_events"":5955533,""detectors_checked"":2708701184,""obs_mistake_mask=E"":3}"
   2158592,        14,         0,   119.3,exact_mw,bb90ec3459e353008cf9a5bb9142bf1e8515517a9e167021b225104594e48e8a,"{""distance"":5,""physical_error_rate"":0.001}","{""detection_events"":2116492,""detectors_checked"":483524608,""obs_mistake_mask=E"":14}"
  15114240,         0,         0,   119.0,exact_mw,f32ebecd8e105e50ec838d33c5ed9b45444b6b44a3c6ac541111079f2b14e893,"{""distance"":5,""physical_error_rate"":5e-05}","{""detection_events"":748773,""detectors_checked"":3385589760}"
  19405824,         0,         0,   119.0,exact_mw,f32ebecd8e105e50ec838d33c5ed9b45444b6b44a3c6ac541111079f2b14e893,"{""distance"":5,""physical_error_rate"":5e-05}","{""detection_events"":957754,""detectors_checked"":4346904576}"
   8243200,         0,         0,   118.9,exact_mw,cdc4a450a40af8e24899239080e4c40992fb5baf91c5a31ab3a165eacb3a1ab3,"{""distance"":5,""physical_error_rate"":0.0002}","{""detection_events"":1620276,""detectors_checked"":1846476800}"
  15690752,         0,         0,   118.9,exact_mw,70a969f5042aec17ac076c6379f4170fb7c69b8e925756ef3b7334e28a33338b,"{""distance"":5,""physical_error_rate"":0.0001}","{""detection_events"":1545983,""detectors_checked"":3514728448}"
   1978368,         5,         0,   119.4,exact_mw,bb90ec3459e353008cf9a5bb9142bf1e8515517a9e167021b225104594e48e8a,"{""distance"":5,""physical_error_rate"":0.001}","{""detection_events"":1945331,""detectors_checked"":443154432,""obs_mistake_mask=E"":5}"
   1942528,        16,         0,    64.3,exact_mw,bb90ec3459e353008cf9a5bb9142bf1e8515517a9e167021b225104594e48e8a,"{""distance"":5,""physical_error_rate"":0.001}","{""detection_events"":1909610,""detectors_checked"":435126272,""obs_mistake_mask=E"":16}"
   1998848,        14,         0,    55.1,exact_mw,bb90ec3459e353008cf9a5bb9142bf1e8515517a9e167021b225104594e48e8a,"{""distance"":5,""physical_error_rate"":0.001}","{""detection_events"":1961652,""detectors_checked"":447741952,""obs_mistake_mask=E"":14}"
   1717248,         9,         0,    75.5,exact_mw,bb90ec3459e353008cf9a5bb9142bf1e8515517a9e167021b225104594e48e8a,"{""distance"":5,""physical_error_rate"":0.001}","{""detection_events"":1681872,""detectors_checked"":384663552,""obs_mistake_mask=E"":9}"
   3479552,        13,         0,    67.5,exact_mw,bb90ec3459e353008cf9a5bb9142bf1e8515517a9e167021b225104594e48e8a,"{""distance"":5,""physical_error_rate"":0.001}","{""detection_events"":3411956,""detectors_checked"":779419648,""obs_mistake_mask=E"":13}"
   1862656,        22,         0,    51.5,exact_mw,bb90ec3459e353008cf9a5bb9142bf1e8515517a9e167021b225104594e48e8a,"{""distance"":5,""physical_error_rate"":0.001}","{""detection_events"":1832846,""detectors_checked"":417234944,""obs_mistake_mask=E"":22}"
   2285568,        15,         0,    65.0,exact_mw,bb90ec3459e353008cf9a5bb9142bf1e8515517a9e167021b225104594e48e8a,"{""distance"":5,""physical_error_rate"":0.001}","{""detection_events"":2240656,""detectors_checked"":511967232,""obs_mistake_mask=E"":15}"
   1240064,         6,         0,    64.5,exact_mw,bb90ec3459e353008cf9a5bb9142bf1e8515517a9e167021b225104594e48e8a,"{""distance"":5,""physical_error_rate"":0.001}","{""detection_events"":1216702,""detectors_checked"":277774336,""obs_mistake_mask=E"":6}"
   3652608,        15,         0,   117.0,exact_mw,bb90ec3459e353008cf9a5bb9142bf1e8515517a9e167021b225104594e48e8a,"{""distance"":5,""physical_error_rate"":0.001}","{""detection_events"":3582013,""detectors_checked"":818184192,""obs_mistake_mask=E"":15}"
   1304576,         6,         0,    65.1,exact_mw,bb90ec3459e353008cf9a5bb9142bf1e8515517a9e167021b225104594e48e8a,"{""distance"":5,""physical_error_rate"":0.001}","{""detection_events"":1283889,""detectors_checked"":292225024,""obs_mistake_mask=E"":6}"
    354304,         2,         0,    24.8,exact_mw,bb90ec3459e353008cf9a5bb9142bf1e8515517a9e167021b225104594e48e8a,"{""distance"":5,""physical_error_rate"":0.001}","{""detection_events"":348004,""detectors_checked"":79364096,""obs_mistake_mask=E"":2}"
   2059264,         7,         0,    63.3,exact_mw,bb90ec3459e353008cf9a5bb9142bf1e8515517a9e167021b225104594e48e8a,"{""distance"":5,""physical_error_rate"":0.001}","{""detection_events"":2022148,""detectors_checked"":461275136,""obs_mistake_mask=E"":7}"
   1807360,        13,         0,    74.8,exact_mw,bb90ec3459e353008cf9a5bb9142bf1e8515517a9e167021b225104594e48e8a,"{""distance"":5,""physical_error_rate"":0.001}","{""detection_events"":1772867,""detectors_checked"":404848640,""obs_mistake_mask=E"":13}"
      1024,         0,         0,   0.121,exact_mw,bb90ec3459e353008cf9a5bb9142bf1e8515517a9e167021b225104594e48e8a,"{""distance"":5,""physical_error_rate"":0.001}","{""detection_events"":1004,""detectors_checked"":229376}"
   8033280,         3,         0,   119.1,exact_mw,cb12ae119b9b2ba18d0216e7235b403229e92fd0743ede48fe7f1a2c6f45d594,"{""distance"":5,""physical_error_rate"":0.0005}","{""detection_events"":3944746,""detectors_checked"":1799454720,""obs_mistake_mask=E"":3}"
      3345,         0,         0,   0.026,exact_mw,70a969f5042aec17ac076c6379f4170fb7c69b8e925756ef3b7334e28a33338b,"{""distance"":5,""physical_error_rate"":0.0001}","{""detection_events"":290,""detectors_checked"":749280}"
      1024,         0,         0,   0.004,exact_mw,70a969f5042aec17ac076c6379f4170fb7c69b8e925756ef3b7334e28a33338b,"{""distance"":5,""physical_error_rate"":0.0001}","{""detection_events"":116,""detectors_checked"":229376}"
      4096,         0,         0,   0.028,exact_mw,70a969f5042aec17ac076c6379f4170fb7c69b8e925756ef3b7334e28a33338b,"{""distance"":5,""physical_error_rate"":0.0001}","{""detection_events"":384,""detectors_checked"":917504}"
      4096,         0,         0,   0.028,exact_mw,70a969f5042aec17ac076c6379f4170fb7c69b8e925756ef3b7334e28a33338b,"{""distance"":5,""physical_error_rate"":0.0001}","{""detection_events"":400,""detectors_checked"":917504}"
      7168,         0,         0,   0.052,exact_mw,70a969f5042aec17ac076c6379f4170fb7c69b8e925756ef3b7334e28a33338b,"{""distance"":5,""physical_error_rate"":0.0001}","{""detection_events"":763,""detectors_checked"":1605632}"
     15360,         0,         0,   0.055,exact_mw,70a969f5042aec17ac076c6379f4170fb7c69b8e925756ef3b7334e28a33338b,"{""distance"":5,""physical_error_rate"":0.0001}","{""detection_events"":1477,""detectors_checked"":3440640}"
     21504,         0,         0,   0.078,exact_mw,70a969f5042aec17ac076c6379f4170fb7c69b8e925756ef3b7334e28a33338b,"{""distance"":5,""physical_error_rate"":0.0001}","{""detection_events"":2085,""detectors_checked"":4816896}"
      3345,         0,         0,   0.026,exact_mw,f32ebecd8e105e50ec838d33c5ed9b45444b6b44a3c6ac541111079f2b14e893,"{""distance"":5,""physical_error_rate"":5e-05}","{""detection_events"":146,""detectors_checked"":749280}"
      4096,         0,         0,   0.028,exact_mw,f32ebecd8e105e50ec838d33c5ed9b45444b6b44a3c6ac541111079f2b14e893,"{""distance"":5,""physical_error_rate"":5e-05}","{""detection_events"":191,""detectors_checked"":917504}"
      3072,         0,         0,   0.024,exact_mw,f32ebecd8e105e50ec838d33c5ed9b45444b6b44a3c6ac541111079f2b14e893,"{""distance"":5,""physical_error_rate"":5e-05}","{""detection_events"":137,""detectors_checked"":688128}"
      4096,         0,         0,   0.028,exact_mw,f32ebecd8e105e50ec838d33c5ed9b45444b6b44a3c6ac541111079f2b14e893,"{""distance"":5,""physical_error_rate"":5e-05}","{""detection_events"":239,""detectors_checked"":917504}"
       273,         0,         0,   0.002,exact_mw,cdc4a450a40af8e24899239080e4c40992fb5baf91c5a31ab3a165eacb3a1ab3,"{""distance"":5,""physical_error_rate"":0.0002}","{""detection_events"":53,""detectors_checked"":61152}"
     29696,         0,         0,   0.107,exact_mw,70a969f5042aec17ac076c6379f4170fb7c69b8e925756ef3b7334e28a33338b,"{""distance"":5,""physical_error_rate"":0.0001}","{""detection_events"":2881,""detectors_checked"":6651904}"
      1297,         0,         0,   0.021,exact_mw,cb12ae119b9b2ba18d0216e7235b403229e92fd0743ede48fe7f1a2c6f45d594,"{""distance"":5,""physical_error_rate"":0.0005}","{""detection_events"":611,""detectors_checked"":290528}"
      3072,         0,         0,   0.025,exact_mw,cdc4a450a40af8e24899239080e4c40992fb5baf91c5a31ab3a165eacb3a1ab3,"{""distance"":5,""physical_error_rate"":0.0002}","{""detection_events"":602,""detectors_checked"":688128}"
      7168,         0,         0,   0.051,exact_mw,f32ebecd8e105e50ec838d33c5ed9b45444b6b44a3c6ac541111079f2b14e893,"{""distance"":5,""physical_error_rate"":5e-05}","{""detection_events"":367,""detectors_checked"":1605632}"
      3072,         0,         0,   0.028,exact_mw,cb12ae119b9b2ba18d0216e7235b403229e92fd0743ede48fe7f1a2c6f45d594,"{""distance"":5,""physical_error_rate"":0.0005}","{""detection_events"":1533,""detectors_checked"":688128}"
      4096,         0,         0,   0.028,exact_mw,cdc4a450a40af8e24899239080e4c40992fb5baf91c5a31ab3a165eacb3a1ab3,"{""distance"":5,""physical_error_rate"":0.0002}","{""detection_events"":882,""detectors_checked"":917504}"
      3345,         0,         0,   0.026,exact_mw,f32ebecd8e105e50ec838d33c5ed9b45444b6b44a3c6ac541111079f2b14e893,"{""distance"":5,""physical_error_rate"":5e-05}","{""detection_events"":139,""detectors_checked"":749280}"
      2048,         0,         0,   0.025,exact_mw,cb12ae119b9b2ba18d0216e7235b403229e92fd0743ede48fe7f1a2c6f45d594,"{""distance"":5,""physical_error_rate"":0.0005}","{""detection_events"":968,""detectors_checked"":458752}"
      4096,         0,         0,   0.028,exact_mw,cdc4a450a40af8e24899239080e4c40992fb5baf91c5a31ab3a165eacb3a1ab3,"{""distance"":5,""physical_error_rate"":0.0002}","{""detection_events"":755,""detectors_checked"":917504}"
      6144,         0,         0,   0.058,exact_mw,f32ebecd8e105e50ec838d33c5ed9b45444b6b44a3c6ac541111079f2b14e893,"{""distance"":5,""physical_error_rate"":5e-05}","{""detection_events"":348,""detectors_checked"":1376256}"
      4096,         0,         0,   0.028,exact_mw,f32ebecd8e105e50ec838d33c5ed9b45444b6b44a3c6ac541111079f2b14e893,"{""distance"":5,""physical_error_rate"":5e-05}","{""detection_events"":170,""detectors_checked"":917504}"
      3072,         0,         0,   0.028,exact_mw,cb12ae119b9b2ba18d0216e7235b403229e92fd0743ede48fe7f1a2c6f45d594,"{""distance"":5,""physical_error_rate"":0.0005}","{""detection_events"":1546,""detectors_checked"":688128}"
      3072,         0,         0,   0.024,exact_mw,f32ebecd8e105e50ec838d33c5ed9b45444b6b44a3c6ac541111079f2b14e893,"{""distance"":5,""physical_error_rate"":5e-05}","{""detection_events"":137,""detectors_checked"":688128}"
      6144,         0,         0,   0.049,exact_mw,cdc4a450a40af8e24899239080e4c40992fb5baf91c5a31ab3a165eacb3a1ab3,"{""distance"":5,""physical_error_rate"":0.0002}","{""detection_events"":1172,""detectors_checked"":1376256}"
      4096,         0,         0,   0.039,exact_mw,cb12ae119b9b2ba18d0216e7235b403229e92fd0743ede48fe7f1a2c6f45d594,"{""distance"":5,""physical_error_rate"":0.0005}","{""detection_events"":1902,""detectors_checked"":917504}"
     40960,         0,         0,   0.149,exact_mw,70a969f5042aec17ac076c6379f4170fb7c69b8e925756ef3b7334e28a33338b,"{""distance"":5,""physical_error_rate"":0.0001}","{""detection_events"":4056,""detectors_checked"":9175040}"
      4096,         0,         0,   0.028,exact_mw,f32ebecd8e105e50ec838d33c5ed9b45444b6b44a3c6ac541111079f2b14e893,"{""distance"":5,""physical_error_rate"":5e-05}","{""detection_events"":218,""detectors_checked"":917504}"
      7168,         0,         0,   0.080,exact_mw,f32ebecd8e105e50ec838d33c5ed9b45444b6b44a3c6ac541111079f2b14e893,"{""distance"":5,""physical_error_rate"":5e-05}","{""detection_events"":333,""detectors_checked"":1605632}"
      7168,         0,         0,   0.076,exact_mw,cdc4a450a40af8e24899239080e4c40992fb5baf91c5a31ab3a165eacb3a1ab3,"{""distance"":5,""physical_error_rate"":0.0002}","{""detection_events"":1406,""detectors_checked"":1605632}"
      7168,         0,         0,   0.052,exact_mw,f32ebecd8e105e50ec838d33c5ed9b45444b6b44a3c6ac541111079f2b14e893,"{""distance"":5,""physical_error_rate"":5e-05}","{""detection_events"":385,""detectors_checked"":1605632}"
      6144,         0,         0,   0.068,exact_mw,cb12ae119b9b2ba18d0216e7235b403229e92fd0743ede48fe7f1a2c6f45d594,"{""distance"":5,""physical_error_rate"":0.0005}","{""detection_events"":3080,""detectors_checked"":1376256}"
      9216,         0,         0,   0.057,exact_mw,f32ebecd8e105e50ec838d33c5ed9b45444b6b44a3c6ac541111079f2b14e893,"{""distance"":5,""physical_error_rate"":5e-05}","{""detection_events"":514,""detectors_checked"":2064384}"
      6144,         0,         0,   0.076,exact_mw,cdc4a450a40af8e24899239080e4c40992fb5baf91c5a31ab3a165eacb3a1ab3,"{""distance"":5,""physical_error_rate"":0.0002}","{""detection_events"":1174,""detectors_checked"":1376256}"
     13312,         0,         0,   0.095,exact_mw,f32ebecd8e105e50ec838d33c5ed9b45444b6b44a3c6ac541111079f2b14e893,"{""distance"":5,""physical_error_rate"":5e-05}","{""detection_events"":648,""detectors_checked"":2981888}"
      8192,         0,         0,   0.080,exact_mw,cb12ae119b9b2ba18d0216e7235b403229e92fd0743ede48fe7f1a2c6f45d594,"{""distance"":5,""physical_error_rate"":0.0005}","{""detection_events"":3940,""detectors_checked"":1835008}"
     10240,         0,         0,   0.063,exact_mw,f32ebecd8e105e50ec838d33c5ed9b45444b6b44a3c6ac541111079f2b14e893,"{""distance"":5,""physical_error_rate"":5e-05}","{""detection_events"":589,""detectors_checked"":2293760}"
     57344,         0,         0,   0.209,exact_mw,70a969f5042aec17ac076c6379f4170fb7c69b8e925756ef3b7334e28a33338b,"{""distance"":5,""physical_error_rate"":0.0001}","{""detection_events"":5665,""detectors_checked"":12845056}"
     10240,         0,         0,   0.108,exact_mw,cdc4a450a40af8e24899239080e4c40992fb5baf91c5a31ab3a165eacb3a1ab3,"{""distance"":5,""physical_error_rate"":0.0002}","{""detection_events"":2027,""detectors_checked"":2293760}"
     11264,         0,         0,   0.106,exact_mw,cb12ae119b9b2ba18d0216e7235b403229e92fd0743ede48fe7f1a2c6f45d594,"{""distance"":5,""physical_error_rate"":0.0005}","{""detection_events"":5643,""detectors_checked"":2523136}"
     20480,         0,         0,   0.152,exact_mw,f32ebecd8e105e50ec838d33c5ed9b45444b6b44a3c6ac541111079f2b14e893,"{""distance"":5,""physical_error_rate"":5e-05}","{""detection_events"":945,""detectors_checked"":4587520}"
     13312,         0,         0,   0.117,exact_mw,f32ebecd8e105e50ec838d33c5ed9b45444b6b44a3c6ac541111079f2b14e893,"{""distance"":5,""physical_error_rate"":5e-05}","{""detection_events"":666,""detectors_checked"":2981888}"
      1297,         0,         0,   0.018,exact_mw,70a969f5042aec17ac076c6379f4170fb7c69b8e925756ef3b7334e28a33338b,"{""distance"":5,""physical_error_rate"":0.0001}","{""detection_events"":112,""detectors_checked"":290528}"
      4096,         0,         0,   0.028,exact_mw,70a969f5042aec17ac076c6379f4170fb7c69b8e925756ef3b7334e28a33338b,"{""distance"":5,""physical_error_rate"":0.0001}","{""detection_events"":339,""detectors_checked"":917504}"
     15360,         0,         0,   0.151,exact_mw,cdc4a450a40af8e24899239080e4c40992fb5baf91c5a31ab3a165eacb3a1ab3,"{""distance"":5,""physical_error_rate"":0.0002}","{""detection_events"":3021,""detectors_checked"":3440640}"
      3072,         0,         0,   0.024,exact_mw,70a969f5042aec17ac076c6379f4170fb7c69b8e925756ef3b7334e28a33338b,"{""distance"":5,""physical_error_rate"":0.0001}","{""detection_events"":354,""detectors_checked"":688128}"
     15360,         0,         0,   0.155,exact_mw,cb12ae119b9b2ba18d0216e7235b403229e92fd0743ede48fe7f1a2c6f45d594,"{""distance"":5,""physical_error_rate"":0.0005}","{""detection_events"":7200,""detectors_checked"":3440640}"
      4096,         0,         0,   0.028,exact_mw,70a969f5042aec17ac076c6379f4170fb7c69b8e925756ef3b7334e28a33338b,"{""distance"":5,""physical_error_rate"":0.0001}","{""detection_events"":435,""detectors_checked"":917504}"
     22528,         0,         0,   0.147,exact_mw,f32ebecd8e105e50ec838d33c5ed9b45444b6b44a3c6ac541111079f2b14e893,"{""distance"":5,""physical_error_rate"":5e-05}","{""detection_events"":1111,""detectors_checked"":5046272}"
      6144,         0,         0,   0.040,exact_mw,70a969f5042aec17ac076c6379f4170fb7c69b8e925756ef3b7334e28a33338b,"{""distance"":5,""physical_error_rate"":0.0001}","{""detection_events"":548,""detectors_checked"":1376256}"
     24576,         0,         0,   0.213,exact_mw,f32ebecd8e105e50ec838d33c5ed9b45444b6b44a3c6ac541111079f2b14e893,"{""distance"":5,""physical_error_rate"":5e-05}","{""detection_events"":1341,""detectors_checked"":5505024}"
     62464,         0,         0,   0.289,exact_mw,70a969f5042aec17ac076c6379f4170fb7c69b8e925756ef3b7334e28a33338b,"{""distance"":5,""physical_error_rate"":0.0001}","{""detection_events"":6144,""detectors_checked"":13991936}"
      9216,         0,         0,   0.065,exact_mw,70a969f5042aec17ac076c6379f4170fb7c69b8e925756ef3b7334e28a33338b,"{""distance"":5,""physical_error_rate"":0.0001}","{""detection_events"":901,""detectors_checked"":2064384}"
     27648,         0,         0,   0.207,exact_mw,cdc4a450a40af8e24899239080e4c40992fb5baf91c5a31ab3a165eacb3a1ab3,"{""distance"":5,""physical_error_rate"":0.0002}","{""detection_events"":5298,""detectors_checked"":6193152}"
     23552,         0,         0,   0.206,exact_mw,cb12ae119b9b2ba18d0216e7235b403229e92fd0743ede48fe7f1a2c6f45d594,"{""distance"":5,""physical_error_rate"":0.0005}","{""detection_events"":11489,""detectors_checked"":5275648}"
     10240,         0,         0,   0.078,exact_mw,70a969f5042aec17ac076c6379f4170fb7c69b8e925756ef3b7334e28a33338b,"{""distance"":5,""physical_error_rate"":0.0001}","{""detection_events"":1082,""detectors_checked"":2293760}"
      1297,         0,         0,   0.019,exact_mw,cdc4a450a40af8e24899239080e4c40992fb5baf91c5a31ab3a165eacb3a1ab3,"{""distance"":5,""physical_error_rate"":0.0002}","{""detection_events"":293,""detectors_checked"":290528}"
      1024,         0,         0,   0.004,exact_mw,cdc4a450a40af8e24899239080e4c40992fb5baf91c5a31ab3a165eacb3a1ab3,"{""distance"":5,""physical_error_rate"":0.0002}","{""detection_events"":201,""detectors_checked"":229376}"
      4096,         0,         0,   0.021,exact_mw,cdc4a450a40af8e24899239080e4c40992fb5baf91c5a31ab3a165eacb3a1ab3,"{""distance"":5,""physical_error_rate"":0.0002}","{""detection_events"":769,""detectors_checked"":917504}"
     24576,         0,         0,   0.208,exact_mw,f32ebecd8e105e50ec838d33c5ed9b45444b6b44a3c6ac541111079f2b14e893,"{""distance"":5,""physical_error_rate"":5e-05}","{""detection_events"":1368,""detectors_checked"":5505024}"
         1,         0,         0,   0.000,exact_mw,70a969f5042aec17ac076c6379f4170fb7c69b8e925756ef3b7334e28a33338b,"{""distance"":5,""physical_error_rate"":0.0001}","{""detectors_checked"":224}"
      2320,         0,         0,   0.027,exact_mw,70a969f5042aec17ac076c6379f4170fb7c69b8e925756ef3b7334e28a33338b,"{""distance"":5,""physical_error_rate"":0.0001}","{""detection_events"":267,""detectors_checked"":519680}"
      4096,         0,         0,   0.029,exact_mw,cdc4a450a40af8e24899239080e4c40992fb5baf91c5a31ab3a165eacb3a1ab3,"{""distance"":5,""physical_error_rate"":0.0002}","{""detection_events"":808,""detectors_checked"":917504}"
     15360,         0,         0,   0.107,exact_mw,70a969f5042aec17ac076c6379f4170fb7c69b8e925756ef3b7334e28a33338b,"{""distance"":5,""physical_error_rate"":0.0001}","{""detection_events"":1551,""detectors_checked"":3440640}"
      3072,         0,         0,   0.029,exact_mw,70a969f5042aec17ac076c6379f4170fb7c69b8e925756ef3b7334e28a33338b,"{""distance"":5,""physical_error_rate"":0.0001}","{""detection_events"":327,""detectors_checked"":688128}"
      7168,         0,         0,   0.055,exact_mw,cdc4a450a40af8e24899239080e4c40992fb5baf91c5a31ab3a165eacb3a1ab3,"{""distance"":5,""physical_error_rate"":0.0002}","{""detection_events"":1433,""detectors_checked"":1605632}"
      3072,         0,         0,   0.029,exact_mw,70a969f5042aec17ac076c6379f4170fb7c69b8e925756ef3b7334e28a33338b,"{""distance"":5,""physical_error_rate"":0.0001}","{""detection_events"":339,""detectors_checked"":688128}"
     39936,         0,         0,   0.297,exact_mw,f32ebecd8e105e50ec838d33c5ed9b45444b6b44a3c6ac541111079f2b14e893,"{""distance"":5,""physical_error_rate"":5e-05}","{""detection_events"":1877,""detectors_checked"":8945664}"
      7168,         0,         0,   0.057,exact_mw,cdc4a450a40af8e24899239080e4c40992fb5baf91c5a31ab3a165eacb3a1ab3,"{""distance"":5,""physical_error_rate"":0.0002}","{""detection_events"":1290,""detectors_checked"":1605632}"
      5120,         0,         0,   0.054,exact_mw,70a969f5042aec17ac076c6379f4170fb7c69b8e925756ef3b7334e28a33338b,"{""distance"":5,""physical_error_rate"":0.0001}","{""detection_events"":567,""detectors_checked"":1146880}"
     19456,         0,         0,   0.135,exact_mw,70a969f5042aec17ac076c6379f4170fb7c69b8e925756ef3b7334e28a33338b,"{""distance"":5,""physical_error_rate"":0.0001}","{""detection_events"":1847,""detectors_checked"":4358144}"
     39936,         0,         0,   0.288,exact_mw,cdc4a450a40af8e24899239080e4c40992fb5baf91c5a31ab3a165eacb3a1ab3,"{""distance"":5,""physical_error_rate"":0.0002}","{""detection_events"":7952,""detectors_checked"":8945664}"
      5120,         0,         0,   0.055,exact_mw,70a969f5042aec17ac076c6379f4170fb7c69b8e925756ef3b7334e28a33338b,"{""distance"":5,""physical_error_rate"":0.0001}","{""detection_events"":508,""detectors_checked"":1146880}"
    100352,         0,         0,   0.402,exact_mw,70a969f5042aec17ac076c6379f4170fb7c69b8e925756ef3b7334e28a33338b,"{""distance"":5,""physical_error_rate"":0.0001}","{""detection_events"":9907,""detectors_checked"":22478848}"
     10240,         0,         0,   0.078,exact_mw,cdc4a450a40af8e24899239080e4c40992fb5baf91c5a31ab3a165eacb3a1ab3,"{""distance"":5,""physical_error_rate"":0.0002}","{""detection_events"":2017,""detectors_checked"":2293760}"
     30720,         0,         0,   0.298,exact_mw,cb12ae119b9b2ba18d0216e7235b403229e92fd0743ede48fe7f1a2c6f45d594,"{""distance"":5,""physical_error_rate"":0.0005}","{""detection_events"":15231,""detectors_checked"":6881280}"
     27648,         0,         0,   0.283,exact_mw,f32ebecd8e105e50ec838d33c5ed9b45444b6b44a3c6ac541111079f2b14e893,"{""distance"":5,""physical_error_rate"":5e-05}","{""detection_events"":1285,""detectors_checked"":6193152}"
      7168,         0,         0,   0.085,exact_mw,70a969f5042aec17ac076c6379f4170fb7c69b8e925756ef3b7334e28a33338b,"{""distance"":5,""physical_error_rate"":0.0001}","{""detection_events"":718,""detectors_checked"":1605632}"
     11264,         0,         0,   0.110,exact_mw,cdc4a450a40af8e24899239080e4c40992fb5baf91c5a31ab3a165eacb3a1ab3,"{""distance"":5,""physical_error_rate"":0.0002}","{""detection_events"":2172,""detectors_checked"":2523136}"
     29696,         0,         0,   0.208,exact_mw,70a969f5042aec17ac076c6379f4170fb7c69b8e925756ef3b7334e28a33338b,"{""distance"":5,""physical_error_rate"":0.0001}","{""detection_events"":2840,""detectors_checked"":6651904}"
     15360,         0,         0,   0.107,exact_mw,70a969f5042aec17ac076c6379f4170fb7c69b8e925756ef3b7334e28a33338b,"{""distance"":5,""physical_error_rate"":0.0001}","{""detection_events"":1495,""detectors_checked"":3440640}"
     18432,         0,         0,   0.161,exact_mw,cdc4a450a40af8e24899239080e4c40992fb5baf91c5a31ab3a165eacb3a1ab3,"{""distance"":5,""physical_error_rate"":0.0002}","{""detection_events"":3609,""detectors_checked"":4128768}"
     58368,         0,         0,   0.414,exact_mw,f32ebecd8e105e50ec838d33c5ed9b45444b6b44a3c6ac541111079f2b14e893,"{""distance"":5,""physical_error_rate"":5e-05}","{""detection_events"":2833,""detectors_checked"":13074432}"
     22528,         0,         0,   0.163,exact_mw,70a969f5042aec17ac076c6379f4170fb7c69b8e925756ef3b7334e28a33338b,"{""distance"":5,""physical_error_rate"":0.0001}","{""detection_events"":2133,""detectors_checked"":5046272}"
  11066368,         3,         0,   119.0,exact_mw,cb12ae119b9b2ba18d0216e7235b403229e92fd0743ede48fe7f1a2c6f45d594,"{""distance"":5,""physical_error_rate"":0.0005}","{""detection_events"":5444871,""detectors_checked"":2478866432,""obs_mistake_mask=E"":3}"
     54272,         0,         0,   0.410,exact_mw,cdc4a450a40af8e24899239080e4c40992fb5baf91c5a31ab3a165eacb3a1ab3,"{""distance"":5,""physical_error_rate"":0.0002}","{""detection_events"":10754,""detectors_checked"":12156928}"
     39936,         0,         0,   0.412,exact_mw,cb12ae119b9b2ba18d0216e7235b403229e92fd0743ede48fe7f1a2c6f45d594,"{""distance"":5,""physical_error_rate"":0.0005}","{""detection_events"":19414,""detectors_checked"":8945664}"
     37888,         0,         0,   0.406,exact_mw,f32ebecd8e105e50ec838d33c5ed9b45444b6b44a3c6ac541111079f2b14e893,"{""distance"":5,""physical_error_rate"":5e-05}","{""detection_events"":1879,""detectors_checked"":8486912}"
     35840,         0,         0,   0.293,exact_mw,70a969f5042aec17ac076c6379f4170fb7c69b8e925756ef3b7334e28a33338b,"{""distance"":5,""physical_error_rate"":0.0001}","{""detection_events"":3427,""detectors_checked"":8028160}"
     29696,         0,         0,   0.208,exact_mw,cdc4a450a40af8e24899239080e4c40992fb5baf91c5a31ab3a165eacb3a1ab3,"{""distance"":5,""physical_error_rate"":0.0002}","{""detection_events"":5923,""detectors_checked"":6651904}"
     28672,         0,         0,   0.207,exact_mw,70a969f5042aec17ac076c6379f4170fb7c69b8e925756ef3b7334e28a33338b,"{""distance"":5,""physical_error_rate"":0.0001}","{""detection_events"":2866,""detectors_checked"":6422528}"
    155648,         0,         0,   0.564,exact_mw,70a969f5042aec17ac076c6379f4170fb7c69b8e925756ef3b7334e28a33338b,"{""distance"":5,""physical_error_rate"":0.0001}","{""detection_events"":15425,""detectors_checked"":34865152}"
     39936,         0,         0,   0.304,exact_mw,cdc4a450a40af8e24899239080e4c40992fb5baf91c5a31ab3a165eacb3a1ab3,"{""distance"":5,""physical_error_rate"":0.0002}","{""detection_events"":7649,""detectors_checked"":8945664}"
     36864,         0,         0,   0.290,exact_mw,70a969f5042aec17ac076c6379f4170fb7c69b8e925756ef3b7334e28a33338b,"{""distance"":5,""physical_error_rate"":0.0001}","{""detection_events"":3668,""detectors_checked"":8257536}"
     54272,         0,         0,   0.398,exact_mw,70a969f5042aec17ac076c6379f4170fb7c69b8e925756ef3b7334e28a33338b,"{""distance"":5,""physical_error_rate"":0.0001}","{""detection_events"":5285,""detectors_checked"":12156928}"
     54272,         0,         0,   0.583,exact_mw,f32ebecd8e105e50ec838d33c5ed9b45444b6b44a3c6ac541111079f2b14e893,"{""distance"":5,""physical_error_rate"":5e-05}","{""detection_events"":2698,""detectors_checked"":12156928}"
     75776,         0,         0,   0.570,exact_mw,cdc4a450a40af8e24899239080e4c40992fb5baf91c5a31ab3a165eacb3a1ab3,"{""distance"":5,""physical_error_rate"":0.0002}","{""detection_events"":14845,""detectors_checked"":16973824}"
     54272,         0,         0,   0.567,exact_mw,cb12ae119b9b2ba18d0216e7235b403229e92fd0743ede48fe7f1a2c6f45d594,"{""distance"":5,""physical_error_rate"":0.0005}","{""detection_events"":26733,""detectors_checked"":12156928}"
     52224,         0,         0,   0.560,exact_mw,f32ebecd8e105e50ec838d33c5ed9b45444b6b44a3c6ac541111079f2b14e893,"{""distance"":5,""physical_error_rate"":5e-05}","{""detection_events"":2669,""detectors_checked"":11698176}"
     49152,         0,         0,   0.404,exact_mw,cdc4a450a40af8e24899239080e4c40992fb5baf91c5a31ab3a165eacb3a1ab3,"{""distance"":5,""physical_error_rate"":0.0002}","{""detection_events"":9814,""detectors_checked"":11010048}"
     55296,         0,         0,   0.393,exact_mw,70a969f5042aec17ac076c6379f4170fb7c69b8e925756ef3b7334e28a33338b,"{""distance"":5,""physical_error_rate"":0.0001}","{""detection_events"":5486,""detectors_checked"":12386304}"
    200704,         0,         0,   0.789,exact_mw,70a969f5042aec17ac076c6379f4170fb7c69b8e925756ef3b7334e28a33338b,"{""distance"":5,""physical_error_rate"":0.0001}","{""detection_events"":20287,""detectors_checked"":44957696}"
   8592384,         0,         0,   118.9,exact_mw,cdc4a450a40af8e24899239080e4c40992fb5baf91c5a31ab3a165eacb3a1ab3,"{""distance"":5,""physical_error_rate"":0.0002}","{""detection_events"":1696200,""detectors_checked"":1924694016}"
     78848,         0,         0,   0.570,exact_mw,70a969f5042aec17ac076c6379f4170fb7c69b8e925756ef3b7334e28a33338b,"{""distance"":5,""physical_error_rate"":0.0001}","{""detection_events"":8022,""detectors_checked"":17661952}"
    110592,         0,         0,   0.807,exact_mw,f32ebecd8e105e50ec838d33c5ed9b45444b6b44a3c6ac541111079f2b14e893,"{""distance"":5,""physical_error_rate"":5e-05}","{""detection_events"":5587,""detectors_checked"":24772608}"
     67584,         0,         0,   0.567,exact_mw,cdc4a450a40af8e24899239080e4c40992fb5baf91c5a31ab3a165eacb3a1ab3,"{""distance"":5,""physical_error_rate"":0.0002}","{""detection_events"":13505,""detectors_checked"":15138816}"
     86016,         0,         0,   0.801,exact_mw,cdc4a450a40af8e24899239080e4c40992fb5baf91c5a31ab3a165eacb3a1ab3,"{""distance"":5,""physical_error_rate"":0.0002}","{""detection_events"":17276,""detectors_checked"":19267584}"
     78848,         0,         0,   0.797,exact_mw,cb12ae119b9b2ba18d0216e7235b403229e92fd0743ede48fe7f1a2c6f45d594,"{""distance"":5,""physical_error_rate"":0.0005}","{""detection_events"":38862,""detectors_checked"":17661952}"
     73728,         0,         0,   0.552,exact_mw,70a969f5042aec17ac076c6379f4170fb7c69b8e925756ef3b7334e28a33338b,"{""distance"":5,""physical_error_rate"":0.0001}","{""detection_events"":7628,""detectors_checked"":16515072}"
     72704,         0,         0,   0.791,exact_mw,f32ebecd8e105e50ec838d33c5ed9b45444b6b44a3c6ac541111079f2b14e893,"{""distance"":5,""physical_error_rate"":5e-05}","{""detection_events"":3574,""detectors_checked"":16285696}"
         1,         0,         0,   0.000,exact_mw,cdc4a450a40af8e24899239080e4c40992fb5baf91c5a31ab3a165eacb3a1ab3,"{""distance"":5,""physical_error_rate"":0.0002}","{""detectors_checked"":224}"
     81920,         0,         0,   0.790,exact_mw,70a969f5042aec17ac076c6379f4170fb7c69b8e925756ef3b7334e28a33338b,"{""distance"":5,""physical_error_rate"":0.0001}","{""detection_events"":8048,""detectors_checked"":18350080}"
      2320,         0,         0,   0.027,exact_mw,cdc4a450a40af8e24899239080e4c40992fb5baf91c5a31ab3a165eacb3a1ab3,"{""distance"":5,""physical_error_rate"":0.0002}","{""detection_events"":524,""detectors_checked"":519680}"
      3072,         0,         0,   0.029,exact_mw,cdc4a450a40af8e24899239080e4c40992fb5baf91c5a31ab3a165eacb3a1ab3,"{""distance"":5,""physical_error_rate"":0.0002}","{""detection_events"":629,""detectors_checked"":688128}"
      3072,         0,         0,   0.029,exact_mw,cdc4a450a40af8e24899239080e4c40992fb5baf91c5a31ab3a165eacb3a1ab3,"{""distance"":5,""physical_error_rate"":0.0002}","{""detection_events"":521,""detectors_checked"":688128}"
      4096,         0,         0,   0.033,exact_mw,cdc4a450a40af8e24899239080e4c40992fb5baf91c5a31ab3a165eacb3a1ab3,"{""distance"":5,""physical_error_rate"":0.0002}","{""detection_events"":785,""detectors_checked"":917504}"
      5120,         0,         0,   0.046,exact_mw,cdc4a450a40af8e24899239080e4c40992fb5baf91c5a31ab3a165eacb3a1ab3,"{""distance"":5,""physical_error_rate"":0.0002}","{""detection_events"":957,""detectors_checked"":1146880}"
    307200,         0,         0,    1.10,exact_mw,70a969f5042aec17ac076c6379f4170fb7c69b8e925756ef3b7334e28a33338b,"{""distance"":5,""physical_error_rate"":0.0001}","{""detection_events"":30124,""detectors_checked"":68812800}"
      7168,         0,         0,   0.082,exact_mw,cdc4a450a40af8e24899239080e4c40992fb5baf91c5a31ab3a165eacb3a1ab3,"{""distance"":5,""physical_error_rate"":0.0002}","{""detection_events"":1425,""detectors_checked"":1605632}"
     68608,         0,         0,   0.766,exact_mw,cdc4a450a40af8e24899239080e4c40992fb5baf91c5a31ab3a165eacb3a1ab3,"{""distance"":5,""physical_error_rate"":0.0002}","{""detection_events"":13493,""detectors_checked"":15368192}"
      9216,         0,         0,   0.106,exact_mw,cdc4a450a40af8e24899239080e4c40992fb5baf91c5a31ab3a165eacb3a1ab3,"{""distance"":5,""physical_error_rate"":0.0002}","{""detection_events"":2016,""detectors_checked"":2064384}"
     73728,         0,         0,   0.776,exact_mw,70a969f5042aec17ac076c6379f4170fb7c69b8e925756ef3b7334e28a33338b,"{""distance"":5,""physical_error_rate"":0.0001}","{""detection_events"":7042,""detectors_checked"":16515072}"
     14336,         0,         0,   0.160,exact_mw,cdc4a450a40af8e24899239080e4c40992fb5baf91c5a31ab3a165eacb3a1ab3,"{""distance"":5,""physical_error_rate"":0.0002}","{""detection_events"":2776,""detectors_checked"":3211264}"
    100352,         0,         0,    1.10,exact_mw,f32ebecd8e105e50ec838d33c5ed9b45444b6b44a3c6ac541111079f2b14e893,"{""distance"":5,""physical_error_rate"":5e-05}","{""detection_events"":4876,""detectors_checked"":22478848}"
     88064,         0,         0,    1.12,exact_mw,cdc4a450a40af8e24899239080e4c40992fb5baf91c5a31ab3a165eacb3a1ab3,"{""distance"":5,""physical_error_rate"":0.0002}","{""detection_events"":17152,""detectors_checked"":19726336}"
     76800,         0,         0,    1.10,exact_mw,cb12ae119b9b2ba18d0216e7235b403229e92fd0743ede48fe7f1a2c6f45d594,"{""distance"":5,""physical_error_rate"":0.0005}","{""detection_events"":37540,""detectors_checked"":17203200}"
    103424,         0,         0,    1.09,exact_mw,f32ebecd8e105e50ec838d33c5ed9b45444b6b44a3c6ac541111079f2b14e893,"{""distance"":5,""physical_error_rate"":5e-05}","{""detection_events"":5273,""detectors_checked"":23166976}"
     19456,         0,         0,   0.222,exact_mw,cdc4a450a40af8e24899239080e4c40992fb5baf91c5a31ab3a165eacb3a1ab3,"{""distance"":5,""physical_error_rate"":0.0002}","{""detection_events"":4010,""detectors_checked"":4358144}"
     27648,         0,         0,   0.298,exact_mw,cdc4a450a40af8e24899239080e4c40992fb5baf91c5a31ab3a165eacb3a1ab3,"{""distance"":5,""physical_error_rate"":0.0002}","{""detection_events"":5361,""detectors_checked"":6193152}"
    102400,         0,         0,    1.11,exact_mw,70a969f5042aec17ac076c6379f4170fb7c69b8e925756ef3b7334e28a33338b,"{""distance"":5,""physical_error_rate"":0.0001}","{""detection_events"":9982,""detectors_checked"":22937600}"
    109568,         0,         0,    1.11,exact_mw,cdc4a450a40af8e24899239080e4c40992fb5baf91c5a31ab3a165eacb3a1ab3,"{""distance"":5,""physical_error_rate"":0.0002}","{""detection_events"":21439,""detectors_checked"":24543232}"
     36864,         0,         0,   0.406,exact_mw,cdc4a450a40af8e24899239080e4c40992fb5baf91c5a31ab3a165eacb3a1ab3,"{""distance"":5,""physical_error_rate"":0.0002}","{""detection_events"":7536,""detectors_checked"":8257536}"
    101376,         0,         0,    1.11,exact_mw,70a969f5042aec17ac076c6379f4170fb7c69b8e925756ef3b7334e28a33338b,"{""distance"":5,""physical_error_rate"":0.0001}","{""detection_events"":10013,""detectors_checked"":22708224}"
    429056,         0,         0,    1.55,exact_mw,70a969f5042aec17ac076c6379f4170fb7c69b8e925756ef3b7334e28a33338b,"{""distance"":5,""physical_error_rate"":0.0001}","{""detection_events"":42147,""detectors_checked"":96108544}"
     52224,         0,         0,   0.576,exact_mw,cdc4a450a40af8e24899239080e4c40992fb5baf91c5a31ab3a165eacb3a1ab3,"{""distance"":5,""physical_error_rate"":0.0002}","{""detection_events"":10262,""detectors_checked"":11698176}"
      1297,         0,         0,   0.027,exact_mw,cb12ae119b9b2ba18d0216e7235b403229e92fd0743ede48fe7f1a2c6f45d594,"{""distance"":5,""physical_error_rate"":0.0005}","{""detection_events"":690,""detectors_checked"":290528}"
     88064,         0,         0,    1.53,exact_mw,f32ebecd8e105e50ec838d33c5ed9b45444b6b44a3c6ac541111079f2b14e893,"{""distance"":5,""physical_error_rate"":5e-05}","{""detection_events"":4428,""detectors_checked"":19726336}"
      1024,         0,         0,   0.024,exact_mw,cb12ae119b9b2ba18d0216e7235b403229e92fd0743ede48fe7f1a2c6f45d594,"{""distance"":5,""physical_error_rate"":0.0005}","{""detection_events"":534,""detectors_checked"":229376}"
      2048,         0,         0,   0.028,exact_mw,cb12ae119b9b2ba18d0216e7235b403229e92fd0743ede48fe7f1a2c6f45d594,"{""distance"":5,""physical_error_rate"":0.0005}","{""detection_events"":1049,""detectors_checked"":458752}"
    140288,         0,         0,    1.54,exact_mw,cb12ae119b9b2ba18d0216e7235b403229e92fd0743ede48fe7f1a2c6f45d594,"{""distance"":5,""physical_error_rate"":0.0005}","{""detection_events"":69783,""detectors_checked"":31424512}"
         1,         0,         0,   0.000,exact_mw,f32ebecd8e105e50ec838d33c5ed9b45444b6b44a3c6ac541111079f2b14e893,"{""distance"":5,""physical_error_rate"":5e-05}","{""detectors_checked"":224}"
      2048,         0,         0,   0.030,exact_mw,cb12ae119b9b2ba18d0216e7235b403229e92fd0743ede48fe7f1a2c6f45d594,"{""distance"":5,""physical_error_rate"":0.0005}","{""detection_events"":1024,""detectors_checked"":458752}"
     62464,         0,         0,    1.53,exact_mw,cdc4a450a40af8e24899239080e4c40992fb5baf91c5a31ab3a165eacb3a1ab3,"{""distance"":5,""physical_error_rate"":0.0002}","{""detection_events"":12508,""detectors_checked"":13991936}"
      2320,         0,         0,   0.027,exact_mw,f32ebecd8e105e50ec838d33c5ed9b45444b6b44a3c6ac541111079f2b14e893,"{""distance"":5,""physical_error_rate"":5e-05}","{""detection_events"":102,""detectors_checked"":519680}"
      3072,         0,         0,   0.050,exact_mw,cb12ae119b9b2ba18d0216e7235b403229e92fd0743ede48fe7f1a2c6f45d594,"{""distance"":5,""physical_error_rate"":0.0005}","{""detection_events"":1600,""detectors_checked"":688128}"
    147456,         0,         0,    1.53,exact_mw,f32ebecd8e105e50ec838d33c5ed9b45444b6b44a3c6ac541111079f2b14e893,"{""distance"":5,""physical_error_rate"":5e-05}","{""detection_events"":6915,""detectors_checked"":33030144}"
      3072,         0,         0,   0.029,exact_mw,f32ebecd8e105e50ec838d33c5ed9b45444b6b44a3c6ac541111079f2b14e893,"{""distance"":5,""physical_error_rate"":5e-05}","{""detection_events"":179,""detectors_checked"":688128}"
      3072,         0,         0,   0.029,exact_mw,f32ebecd8e105e50ec838d33c5ed9b45444b6b44a3c6ac541111079f2b14e893,"{""distance"":5,""physical_error_rate"":5e-05}","{""detection_events"":198,""detectors_checked"":688128}"
      4096,         0,         0,   0.057,exact_mw,cb12ae119b9b2ba18d0216e7235b403229e92fd0743ede48fe7f1a2c6f45d594,"{""distance"":5,""physical_error_rate"":0.0005}","{""detection_events"":1969,""detectors_checked"":917504}"
      4096,         0,         0,   0.051,exact_mw,f32ebecd8e105e50ec838d33c5ed9b45444b6b44a3c6ac541111079f2b14e893,"{""distance"":5,""physical_error_rate"":5e-05}","{""detection_events"":183,""detectors_checked"":917504}"
      5120,         0,         0,   0.055,exact_mw,f32ebecd8e105e50ec838d33c5ed9b45444b6b44a3c6ac541111079f2b14e893,"{""distance"":5,""physical_error_rate"":5e-05}","{""detection_events"":254,""detectors_checked"":1146880}"
      5120,         0,         0,   0.081,exact_mw,cb12ae119b9b2ba18d0216e7235b403229e92fd0743ede48fe7f1a2c6f45d594,"{""distance"":5,""physical_error_rate"":0.0005}","{""detection_events"":2511,""detectors_checked"":1146880}"
      7168,         0,         0,   0.080,exact_mw,f32ebecd8e105e50ec838d33c5ed9b45444b6b44a3c6ac541111079f2b14e893,"{""distance"":5,""physical_error_rate"":5e-05}","{""detection_events"":336,""detectors_checked"":1605632}"
      6144,         0,         0,   0.108,exact_mw,cb12ae119b9b2ba18d0216e7235b403229e92fd0743ede48fe7f1a2c6f45d594,"{""distance"":5,""physical_error_rate"":0.0005}","{""detection_events"":3013,""detectors_checked"":1376256}"
      9216,         0,         0,   0.106,exact_mw,f32ebecd8e105e50ec838d33c5ed9b45444b6b44a3c6ac541111079f2b14e893,"{""distance"":5,""physical_error_rate"":5e-05}","{""detection_events"":451,""detectors_checked"":2064384}"
      9216,         0,         0,   0.158,exact_mw,cb12ae119b9b2ba18d0216e7235b403229e92fd0743ede48fe7f1a2c6f45d594,"{""distance"":5,""physical_error_rate"":0.0005}","{""detection_events"":4725,""detectors_checked"":2064384}"
    143360,         0,         0,    1.56,exact_mw,70a969f5042aec17ac076c6379f4170fb7c69b8e925756ef3b7334e28a33338b,"{""distance"":5,""physical_error_rate"":0.0001}","{""detection_events"":14307,""detectors_checked"":32112640}"
      1297,         0,         0,   0.018,exact_mw,70a969f5042aec17ac076c6379f4170fb7c69b8e925756ef3b7334e28a33338b,"{""distance"":5,""physical_error_rate"":0.0001}","{""detection_events"":116,""detectors_checked"":290528}"
      2048,         0,         0,   0.008,exact_mw,70a969f5042aec17ac076c6379f4170fb7c69b8e925756ef3b7334e28a33338b,"{""distance"":5,""physical_error_rate"":0.0001}","{""detection_events"":206,""detectors_checked"":458752}"
      4096,         0,         0,   0.026,exact_mw,70a969f5042aec17ac076c6379f4170fb7c69b8e925756ef3b7334e28a33338b,"{""distance"":5,""physical_error_rate"":0.0001}","{""detection_events"":517,""detectors_checked"":917504}"
     15360,         0,         0,   0.160,exact_mw,f32ebecd8e105e50ec838d33c5ed9b45444b6b44a3c6ac541111079f2b14e893,"{""distance"":5,""physical_error_rate"":5e-05}","{""detection_events"":826,""detectors_checked"":3440640}"
      3072,         0,         0,   0.030,exact_mw,70a969f5042aec17ac076c6379f4170fb7c69b8e925756ef3b7334e28a33338b,"{""distance"":5,""physical_error_rate"":0.0001}","{""detection_events"":330,""detectors_checked"":688128}"
     70656,         0,         0,   0.792,exact_mw,cdc4a450a40af8e24899239080e4c40992fb5baf91c5a31ab3a165eacb3a1ab3,"{""distance"":5,""physical_error_rate"":0.0002}","{""detection_events"":14001,""detectors_checked"":15826944}"
      1024,         0,         0,   0.052,exact_mw,70a969f5042aec17ac076c6379f4170fb7c69b8e925756ef3b7334e28a33338b,"{""distance"":5,""physical_error_rate"":0.0001}","{""detection_events"":108,""detectors_checked"":229376}"
      1024,         0,         0,   0.056,exact_mw,70a969f5042aec17ac076c6379f4170fb7c69b8e925756ef3b7334e28a33338b,"{""distance"":5,""physical_error_rate"":0.0001}","{""detection_events"":66,""detectors_checked"":229376}"
     16384,         0,         0,   0.223,exact_mw,cb12ae119b9b2ba18d0216e7235b403229e92fd0743ede48fe7f1a2c6f45d594,"{""distance"":5,""physical_error_rate"":0.0005}","{""detection_events"":8209,""detectors_checked"":3670016}"
     19456,         0,         0,   0.211,exact_mw,f32ebecd8e105e50ec838d33c5ed9b45444b6b44a3c6ac541111079f2b14e893,"{""distance"":5,""physical_error_rate"":5e-05}","{""detection_events"":979,""detectors_checked"":4358144}"
    154624,         0,         0,    1.55,exact_mw,cdc4a450a40af8e24899239080e4c40992fb5baf91c5a31ab3a165eacb3a1ab3,"{""distance"":5,""physical_error_rate"":0.0002}","{""detection_events"":30760,""detectors_checked"":34635776}"
      2048,         0,         0,   0.116,exact_mw,70a969f5042aec17ac076c6379f4170fb7c69b8e925756ef3b7334e28a33338b,"{""distance"":5,""physical_error_rate"":0.0001}","{""detection_events"":224,""detectors_checked"":458752}"
    142336,         0,         0,    1.56,exact_mw,70a969f5042aec17ac076c6379f4170fb7c69b8e925756ef3b7334e28a33338b,"{""distance"":5,""physical_error_rate"":0.0001}","{""detection_events"":14386,""detectors_checked"":31883264}"
      2048,         0,         0,   0.111,exact_mw,70a969f5042aec17ac076c6379f4170fb7c69b8e925756ef3b7334e28a33338b,"{""distance"":5,""physical_error_rate"":0.0001}","{""detection_events"":205,""detectors_checked"":458752}"
     18432,         0,         0,   0.295,exact_mw,cb12ae119b9b2ba18d0216e7235b403229e92fd0743ede48fe7f1a2c6f45d594,"{""distance"":5,""physical_error_rate"":0.0005}","{""detection_events"":8860,""detectors_checked"":4128768}"
     27648,         0,         0,   0.297,exact_mw,f32ebecd8e105e50ec838d33c5ed9b45444b6b44a3c6ac541111079f2b14e893,"{""distance"":5,""physical_error_rate"":5e-05}","{""detection_events"":1444,""detectors_checked"":6193152}"
      3072,         0,         0,   0.162,exact_mw,70a969f5042aec17ac076c6379f4170fb7c69b8e925756ef3b7334e28a33338b,"{""distance"":5,""physical_error_rate"":0.0001}","{""detection_events"":342,""detectors_checked"":688128}"
         1,         0,         0,   0.000,exact_mw,cb12ae119b9b2ba18d0216e7235b403229e92fd0743ede48fe7f1a2c6f45d594,"{""distance"":5,""physical_error_rate"":0.0005}","{""detectors_checked"":224}"
      1296,         0,         0,   0.112,exact_mw,cb12ae119b9b2ba18d0216e7235b403229e92fd0743ede48fe7f1a2c6f45d594,"{""distance"":5,""physical_error_rate"":0.0005}","{""detection_events"":661,""detectors_checked"":290304}"
      4096,         0,         0,   0.227,exact_mw,70a969f5042aec17ac076c6379f4170fb7c69b8e925756ef3b7334e28a33338b,"{""distance"":5,""physical_error_rate"":0.0001}","{""detection_events"":395,""detectors_checked"":917504}"
      1024,         0,         0,   0.062,exact_mw,cb12ae119b9b2ba18d0216e7235b403229e92fd0743ede48fe7f1a2c6f45d594,"{""distance"":5,""physical_error_rate"":0.0005}","{""detection_events"":496,""detectors_checked"":229376}"
     27648,         0,         0,   0.409,exact_mw,cb12ae119b9b2ba18d0216e7235b403229e92fd0743ede48fe7f1a2c6f45d594,"{""distance"":5,""physical_error_rate"":0.0005}","{""detection_events"":13450,""detectors_checked"":6193152}"
      1024,         0,         0,   0.120,exact_mw,cb12ae119b9b2ba18d0216e7235b403229e92fd0743ede48fe7f1a2c6f45d594,"{""distance"":5,""physical_error_rate"":0.0005}","{""detection_events"":497,""detectors_checked"":229376}"
     37888,         0,         0,   0.406,exact_mw,f32ebecd8e105e50ec838d33c5ed9b45444b6b44a3c6ac541111079f2b14e893,"{""distance"":5,""physical_error_rate"":5e-05}","{""detection_events"":1887,""detectors_checked"":8486912}"
      1024,         0,         0,   0.066,exact_mw,cb12ae119b9b2ba18d0216e7235b403229e92fd0743ede48fe7f1a2c6f45d594,"{""distance"":5,""physical_error_rate"":0.0005}","{""detection_events"":404,""detectors_checked"":229376}"
      6144,         0,         0,   0.311,exact_mw,70a969f5042aec17ac076c6379f4170fb7c69b8e925756ef3b7334e28a33338b,"{""distance"":5,""physical_error_rate"":0.0001}","{""detection_events"":576,""detectors_checked"":1376256}"
      1024,         0,         0,   0.126,exact_mw,cb12ae119b9b2ba18d0216e7235b403229e92fd0743ede48fe7f1a2c6f45d594,"{""distance"":5,""physical_error_rate"":0.0005}","{""detection_events"":566,""detectors_checked"":229376}"
  17721344,         0,         0,    87.5,exact_mw,f32ebecd8e105e50ec838d33c5ed9b45444b6b44a3c6ac541111079f2b14e893,"{""distance"":5,""physical_error_rate"":5e-05}","{""detection_events"":872708,""detectors_checked"":3969581056}"
    100352,         0,         0,    1.12,exact_mw,cdc4a450a40af8e24899239080e4c40992fb5baf91c5a31ab3a165eacb3a1ab3,"{""distance"":5,""physical_error_rate"":0.0002}","{""detection_events"":19496,""detectors_checked"":22478848}"
    588800,         0,         0,    2.16,exact_mw,70a969f5042aec17ac076c6379f4170fb7c69b8e925756ef3b7334e28a33338b,"{""distance"":5,""physical_error_rate"":0.0001}","{""detection_events"":58497,""detectors_checked"":131891200}"
      2048,         0,         0,   0.131,exact_mw,cb12ae119b9b2ba18d0216e7235b403229e92fd0743ede48fe7f1a2c6f45d594,"{""distance"":5,""physical_error_rate"":0.0005}","{""detection_events"":1036,""detectors_checked"":458752}"
     48128,         0,         0,   0.567,exact_mw,cb12ae119b9b2ba18d0216e7235b403229e92fd0743ede48fe7f1a2c6f45d594,"{""distance"":5,""physical_error_rate"":0.0005}","{""detection_events"":23453,""detectors_checked"":10780672}"
      2048,         0,         0,   0.133,exact_mw,cb12ae119b9b2ba18d0216e7235b403229e92fd0743ede48fe7f1a2c6f45d594,"{""distance"":5,""physical_error_rate"":0.0005}","{""detection_events"":985,""detectors_checked"":458752}"
     53248,         0,         0,   0.567,exact_mw,f32ebecd8e105e50ec838d33c5ed9b45444b6b44a3c6ac541111079f2b14e893,"{""distance"":5,""physical_error_rate"":5e-05}","{""detection_events"":2685,""detectors_checked"":11927552}"
      7168,         0,         0,   0.457,exact_mw,70a969f5042aec17ac076c6379f4170fb7c69b8e925756ef3b7334e28a33338b,"{""distance"":5,""physical_error_rate"":0.0001}","{""detection_events"":760,""detectors_checked"":1605632}"
     41984,         0,         0,    2.20,exact_mw,f32ebecd8e105e50ec838d33c5ed9b45444b6b44a3c6ac541111079f2b14e893,"{""distance"":5,""physical_error_rate"":5e-05}","{""detection_events"":1977,""detectors_checked"":9404416}"
     39936,         0,         0,    2.22,exact_mw,cdc4a450a40af8e24899239080e4c40992fb5baf91c5a31ab3a165eacb3a1ab3,"{""distance"":5,""physical_error_rate"":0.0002}","{""detection_events"":7810,""detectors_checked"":8945664}"
      3072,         0,         0,   0.274,exact_mw,cb12ae119b9b2ba18d0216e7235b403229e92fd0743ede48fe7f1a2c6f45d594,"{""distance"":5,""physical_error_rate"":0.0005}","{""detection_events"":1644,""detectors_checked"":688128}"
    126976,         0,         0,    2.24,exact_mw,cb12ae119b9b2ba18d0216e7235b403229e92fd0743ede48fe7f1a2c6f45d594,"{""distance"":5,""physical_error_rate"":0.0005}","{""detection_events"":62828,""detectors_checked"":28442624}"
    285696,         0,         0,    2.18,exact_mw,f32ebecd8e105e50ec838d33c5ed9b45444b6b44a3c6ac541111079f2b14e893,"{""distance"":5,""physical_error_rate"":5e-05}","{""detection_events"":13869,""detectors_checked"":63995904}"
      3072,         0,         0,   0.207,exact_mw,cb12ae119b9b2ba18d0216e7235b403229e92fd0743ede48fe7f1a2c6f45d594,"{""distance"":5,""physical_error_rate"":0.0005}","{""detection_events"":1580,""detectors_checked"":688128}"
    249856,         0,         0,    2.14,exact_mw,70a969f5042aec17ac076c6379f4170fb7c69b8e925756ef3b7334e28a33338b,"{""distance"":5,""physical_error_rate"":0.0001}","{""detection_events"":24531,""detectors_checked"":55967744}"
     10240,         0,         0,   0.611,exact_mw,70a969f5042aec17ac076c6379f4170fb7c69b8e925756ef3b7334e28a33338b,"{""distance"":5,""physical_error_rate"":0.0001}","{""detection_events"":902,""detectors_checked"":2293760}"
     70656,         0,         0,   0.792,exact_mw,cb12ae119b9b2ba18d0216e7235b403229e92fd0743ede48fe7f1a2c6f45d594,"{""distance"":5,""physical_error_rate"":0.0005}","{""detection_events"":34828,""detectors_checked"":15826944}"
      4096,         0,         0,   0.338,exact_mw,cb12ae119b9b2ba18d0216e7235b403229e92fd0743ede48fe7f1a2c6f45d594,"{""distance"":5,""physical_error_rate"":0.0005}","{""detection_events"":2032,""detectors_checked"":917504}"
     73728,         0,         0,   0.788,exact_mw,f32ebecd8e105e50ec838d33c5ed9b45444b6b44a3c6ac541111079f2b14e893,"{""distance"":5,""physical_error_rate"":5e-05}","{""detection_events"":3652,""detectors_checked"":16515072}"
    191488,         0,         0,    2.16,exact_mw,cdc4a450a40af8e24899239080e4c40992fb5baf91c5a31ab3a165eacb3a1ab3,"{""distance"":5,""physical_error_rate"":0.0002}","{""detection_events"":37923,""detectors_checked"":42893312}"
    266240,         0,         0,    2.17,exact_mw,70a969f5042aec17ac076c6379f4170fb7c69b8e925756ef3b7334e28a33338b,"{""distance"":5,""physical_error_rate"":0.0001}","{""detection_events"":25991,""detectors_checked"":59637760}"
  11091968,         0,         0,    87.5,exact_mw,70a969f5042aec17ac076c6379f4170fb7c69b8e925756ef3b7334e28a33338b,"{""distance"":5,""physical_error_rate"":0.0001}","{""detection_events"":1093319,""detectors_checked"":2484600832}"
   5691392,         1,         0,    87.2,exact_mw,cb12ae119b9b2ba18d0216e7235b403229e92fd0743ede48fe7f1a2c6f45d594,"{""distance"":5,""physical_error_rate"":0.0005}","{""detection_events"":2807174,""detectors_checked"":1274871808,""obs_mistake_mask=E"":1}"
  10180608,         0,         0,    87.3,exact_mw,70a969f5042aec17ac076c6379f4170fb7c69b8e925756ef3b7334e28a33338b,"{""distance"":5,""physical_error_rate"":0.0001}","{""detection_events"":1005815,""detectors_checked"":2280456192}"
      4096,         0,         0,   0.448,exact_mw,cb12ae119b9b2ba18d0216e7235b403229e92fd0743ede48fe7f1a2c6f45d594,"{""distance"":5,""physical_error_rate"":0.0005}","{""detection_events"":2020,""detectors_checked"":917504}"
    142336,         0,         0,    1.57,exact_mw,cdc4a450a40af8e24899239080e4c40992fb5baf91c5a31ab3a165eacb3a1ab3,"{""distance"":5,""physical_error_rate"":0.0002}","{""detection_events"":27784,""detectors_checked"":31883264}"
     19456,         0,         0,   0.806,exact_mw,70a969f5042aec17ac076c6379f4170fb7c69b8e925756ef3b7334e28a33338b,"{""distance"":5,""physical_error_rate"":0.0001}","{""detection_events"":1968,""detectors_checked"":4358144}"
     25600,         0,         0,   0.570,exact_mw,cb12ae119b9b2ba18d0216e7235b403229e92fd0743ede48fe7f1a2c6f45d594,"{""distance"":5,""physical_error_rate"":0.0005}","{""detection_events"":12381,""detectors_checked"":5734400}"
     28672,         0,         0,    1.06,exact_mw,cb12ae119b9b2ba18d0216e7235b403229e92fd0743ede48fe7f1a2c6f45d594,"{""distance"":5,""physical_error_rate"":0.0005}","{""detection_events"":14047,""detectors_checked"":6422528}"
    101376,         0,         0,    1.12,exact_mw,f32ebecd8e105e50ec838d33c5ed9b45444b6b44a3c6ac541111079f2b14e893,"{""distance"":5,""physical_error_rate"":5e-05}","{""detection_events"":4783,""detectors_checked"":22708224}"
   7098368,         0,         0,    87.4,exact_mw,f32ebecd8e105e50ec838d33c5ed9b45444b6b44a3c6ac541111079f2b14e893,"{""distance"":5,""physical_error_rate"":5e-05}","{""detection_events"":350427,""detectors_checked"":1590034432}"
     66560,         1,         0,   0.801,exact_mw,cb12ae119b9b2ba18d0216e7235b403229e92fd0743ede48fe7f1a2c6f45d594,"{""distance"":5,""physical_error_rate"":0.0005}","{""detection_events"":32342,""detectors_checked"":14909440,""obs_mistake_mask=E"":1}"
    125952,         0,         0,    1.12,exact_mw,70a969f5042aec17ac076c6379f4170fb7c69b8e925756ef3b7334e28a33338b,"{""distance"":5,""physical_error_rate"":0.0001}","{""detection_events"":12990,""detectors_checked"":28213248}"
    613376,         0,         0,    3.04,exact_mw,70a969f5042aec17ac076c6379f4170fb7c69b8e925756ef3b7334e28a33338b,"{""distance"":5,""physical_error_rate"":0.0001}","{""detection_events"":60739,""detectors_checked"":137396224}"
    227328,         0,         0,    3.03,exact_mw,f32ebecd8e105e50ec838d33c5ed9b45444b6b44a3c6ac541111079f2b14e893,"{""distance"":5,""physical_error_rate"":5e-05}","{""detection_events"":11197,""detectors_checked"":50921472}"
    164864,         0,         0,    3.06,exact_mw,cb12ae119b9b2ba18d0216e7235b403229e92fd0743ede48fe7f1a2c6f45d594,"{""distance"":5,""physical_error_rate"":0.0005}","{""detection_events"":80062,""detectors_checked"":36929536}"
    438272,         0,         0,    3.01,exact_mw,f32ebecd8e105e50ec838d33c5ed9b45444b6b44a3c6ac541111079f2b14e893,"{""distance"":5,""physical_error_rate"":5e-05}","{""detection_events"":22116,""detectors_checked"":98172928}"
     91136,         0,         0,    3.09,exact_mw,cdc4a450a40af8e24899239080e4c40992fb5baf91c5a31ab3a165eacb3a1ab3,"{""distance"":5,""physical_error_rate"":0.0002}","{""detection_events"":18278,""detectors_checked"":20414464}"
     32768,         0,         0,    1.58,exact_mw,cb12ae119b9b2ba18d0216e7235b403229e92fd0743ede48fe7f1a2c6f45d594,"{""distance"":5,""physical_error_rate"":0.0005}","{""detection_events"":15933,""detectors_checked"":7340032}"
    237568,         0,         0,    2.17,exact_mw,cdc4a450a40af8e24899239080e4c40992fb5baf91c5a31ab3a165eacb3a1ab3,"{""distance"":5,""physical_error_rate"":0.0002}","{""detection_events"":47326,""detectors_checked"":53215232}"
    144384,         0,         0,    1.55,exact_mw,f32ebecd8e105e50ec838d33c5ed9b45444b6b44a3c6ac541111079f2b14e893,"{""distance"":5,""physical_error_rate"":5e-05}","{""detection_events"":7150,""detectors_checked"":32342016}"
     94208,         0,         0,    1.11,exact_mw,cb12ae119b9b2ba18d0216e7235b403229e92fd0743ede48fe7f1a2c6f45d594,"{""distance"":5,""physical_error_rate"":0.0005}","{""detection_events"":46569,""detectors_checked"":21102592}"
    410624,         0,         0,    3.05,exact_mw,70a969f5042aec17ac076c6379f4170fb7c69b8e925756ef3b7334e28a33338b,"{""distance"":5,""physical_error_rate"":0.0001}","{""detection_events"":40554,""detectors_checked"":91979776}"
    283648,         0,         0,    3.01,exact_mw,cdc4a450a40af8e24899239080e4c40992fb5baf91c5a31ab3a165eacb3a1ab3,"{""distance"":5,""physical_error_rate"":0.0002}","{""detection_events"":55726,""detectors_checked"":63537152}"
    406528,         0,         0,    3.01,exact_mw,70a969f5042aec17ac076c6379f4170fb7c69b8e925756ef3b7334e28a33338b,"{""distance"":5,""physical_error_rate"":0.0001}","{""detection_events"":40077,""detectors_checked"":91062272}"
     65536,         0,         0,    1.61,exact_mw,70a969f5042aec17ac076c6379f4170fb7c69b8e925756ef3b7334e28a33338b,"{""distance"":5,""physical_error_rate"":0.0001}","{""detection_events"":6428,""detectors_checked"":14680064}"
    148480,         0,         0,    1.55,exact_mw,cb12ae119b9b2ba18d0216e7235b403229e92fd0743ede48fe7f1a2c6f45d594,"{""distance"":5,""physical_error_rate"":0.0005}","{""detection_events"":72748,""detectors_checked"":33259520}"
     34816,         0,         0,    2.21,exact_mw,cb12ae119b9b2ba18d0216e7235b403229e92fd0743ede48fe7f1a2c6f45d594,"{""distance"":5,""physical_error_rate"":0.0005}","{""detection_events"":17139,""detectors_checked"":7798784}"
    215040,         0,         0,    2.19,exact_mw,f32ebecd8e105e50ec838d33c5ed9b45444b6b44a3c6ac541111079f2b14e893,"{""distance"":5,""physical_error_rate"":5e-05}","{""detection_events"":10550,""detectors_checked"":48168960}"
     45056,         0,         0,    2.20,exact_mw,70a969f5042aec17ac076c6379f4170fb7c69b8e925756ef3b7334e28a33338b,"{""distance"":5,""physical_error_rate"":0.0001}","{""detection_events"":4374,""detectors_checked"":10092544}"
    333824,         0,         0,    3.02,exact_mw,cdc4a450a40af8e24899239080e4c40992fb5baf91c5a31ab3a165eacb3a1ab3,"{""distance"":5,""physical_error_rate"":0.0002}","{""detection_events"":65487,""detectors_checked"":74776576}"
   1010688,         0,         0,    4.24,exact_mw,70a969f5042aec17ac076c6379f4170fb7c69b8e925756ef3b7334e28a33338b,"{""distance"":5,""physical_error_rate"":0.0001}","{""detection_events"":99499,""detectors_checked"":226394112}"
    196608,         0,         0,    2.16,exact_mw,cb12ae119b9b2ba18d0216e7235b403229e92fd0743ede48fe7f1a2c6f45d594,"{""distance"":5,""physical_error_rate"":0.0005}","{""detection_events"":97217,""detectors_checked"":44040192}"
    171008,         0,         0,    4.16,exact_mw,f32ebecd8e105e50ec838d33c5ed9b45444b6b44a3c6ac541111079f2b14e893,"{""distance"":5,""physical_error_rate"":5e-05}","{""detection_events"":8527,""detectors_checked"":38305792}"
    428032,         0,         0,    4.24,exact_mw,f32ebecd8e105e50ec838d33c5ed9b45444b6b44a3c6ac541111079f2b14e893,"{""distance"":5,""physical_error_rate"":5e-05}","{""detection_events"":21114,""detectors_checked"":95879168}"
    350208,         0,         0,    4.23,exact_mw,cb12ae119b9b2ba18d0216e7235b403229e92fd0743ede48fe7f1a2c6f45d594,"{""distance"":5,""physical_error_rate"":0.0005}","{""detection_events"":173403,""detectors_checked"":78446592}"
    286720,         0,         0,    4.37,exact_mw,cdc4a450a40af8e24899239080e4c40992fb5baf91c5a31ab3a165eacb3a1ab3,"{""distance"":5,""physical_error_rate"":0.0002}","{""detection_events"":55896,""detectors_checked"":64225280}"
    411648,         0,         0,    4.25,exact_mw,70a969f5042aec17ac076c6379f4170fb7c69b8e925756ef3b7334e28a33338b,"{""distance"":5,""physical_error_rate"":0.0001}","{""detection_events"":40284,""detectors_checked"":92209152}"
    374784,         0,         0,    4.26,exact_mw,cdc4a450a40af8e24899239080e4c40992fb5baf91c5a31ab3a165eacb3a1ab3,"{""distance"":5,""physical_error_rate"":0.0002}","{""detection_events"":74199,""detectors_checked"":83951616}"
    550912,         0,         0,    4.24,exact_mw,70a969f5042aec17ac076c6379f4170fb7c69b8e925756ef3b7334e28a33338b,"{""distance"":5,""physical_error_rate"":0.0001}","{""detection_events"":55027,""detectors_checked"":123404288}"
   4777984,         3,         0,    87.6,exact_mw,cb12ae119b9b2ba18d0216e7235b403229e92fd0743ede48fe7f1a2c6f45d594,"{""distance"":5,""physical_error_rate"":0.0005}","{""detection_events"":2354034,""detectors_checked"":1070268416,""obs_mistake_mask=E"":3}"
     39936,         0,         0,    2.99,exact_mw,cb12ae119b9b2ba18d0216e7235b403229e92fd0743ede48fe7f1a2c6f45d594,"{""distance"":5,""physical_error_rate"":0.0005}","{""detection_events"":19928,""detectors_checked"":8945664}"
    305152,         0,         0,    3.03,exact_mw,f32ebecd8e105e50ec838d33c5ed9b45444b6b44a3c6ac541111079f2b14e893,"{""distance"":5,""physical_error_rate"":5e-05}","{""detection_events"":14554,""detectors_checked"":68354048}"
    186368,         0,         0,    3.05,exact_mw,70a969f5042aec17ac076c6379f4170fb7c69b8e925756ef3b7334e28a33338b,"{""distance"":5,""physical_error_rate"":0.0001}","{""detection_events"":18642,""detectors_checked"":41746432}"
    282624,         0,         0,    3.03,exact_mw,cb12ae119b9b2ba18d0216e7235b403229e92fd0743ede48fe7f1a2c6f45d594,"{""distance"":5,""physical_error_rate"":0.0005}","{""detection_events"":138577,""detectors_checked"":63307776}"
    134144,         0,         0,    4.33,exact_mw,cdc4a450a40af8e24899239080e4c40992fb5baf91c5a31ab3a165eacb3a1ab3,"{""distance"":5,""physical_error_rate"":0.0002}","{""detection_events"":26404,""detectors_checked"":30048256}"
   8450048,         0,         0,    87.3,exact_mw,f32ebecd8e105e50ec838d33c5ed9b45444b6b44a3c6ac541111079f2b14e893,"{""distance"":5,""physical_error_rate"":5e-05}","{""detection_events"":418232,""detectors_checked"":1892810752}"
   9404416,         0,         0,    87.3,exact_mw,cdc4a450a40af8e24899239080e4c40992fb5baf91c5a31ab3a165eacb3a1ab3,"{""distance"":5,""physical_error_rate"":0.0002}","{""detection_events"":1850881,""detectors_checked"":2106589184}"
     70656,         0,         0,    4.27,exact_mw,cb12ae119b9b2ba18d0216e7235b403229e92fd0743ede48fe7f1a2c6f45d594,"{""distance"":5,""physical_error_rate"":0.0005}","{""detection_events"":34740,""detectors_checked"":15826944}"
   1641472,         0,         0,    5.93,exact_mw,70a969f5042aec17ac076c6379f4170fb7c69b8e925756ef3b7334e28a33338b,"{""distance"":5,""physical_error_rate"":0.0001}","{""detection_events"":160768,""detectors_checked"":367689728}"
    501760,         0,         0,    4.22,exact_mw,f32ebecd8e105e50ec838d33c5ed9b45444b6b44a3c6ac541111079f2b14e893,"{""distance"":5,""physical_error_rate"":5e-05}","{""detection_events"":24518,""detectors_checked"":112394240}"
    624640,         0,         0,    5.96,exact_mw,f32ebecd8e105e50ec838d33c5ed9b45444b6b44a3c6ac541111079f2b14e893,"{""distance"":5,""physical_error_rate"":5e-05}","{""detection_events"":30529,""detectors_checked"":139919360}"
    586752,         0,         0,    5.98,exact_mw,f32ebecd8e105e50ec838d33c5ed9b45444b6b44a3c6ac541111079f2b14e893,"{""distance"":5,""physical_error_rate"":5e-05}","{""detection_events"":29240,""detectors_checked"":131432448}"
    558080,         0,         0,    5.96,exact_mw,cb12ae119b9b2ba18d0216e7235b403229e92fd0743ede48fe7f1a2c6f45d594,"{""distance"":5,""physical_error_rate"":0.0005}","{""detection_events"":274186,""detectors_checked"":125009920}"
     97280,         0,         0,    5.96,exact_mw,cdc4a450a40af8e24899239080e4c40992fb5baf91c5a31ab3a165eacb3a1ab3,"{""distance"":5,""physical_error_rate"":0.0002}","{""detection_events"":18980,""detectors_checked"":21790720}"
    390144,         0,         0,    4.26,exact_mw,70a969f5042aec17ac076c6379f4170fb7c69b8e925756ef3b7334e28a33338b,"{""distance"":5,""physical_error_rate"":0.0001}","{""detection_events"":38280,""detectors_checked"":87392256}"
    608256,         0,         0,    5.97,exact_mw,70a969f5042aec17ac076c6379f4170fb7c69b8e925756ef3b7334e28a33338b,"{""distance"":5,""physical_error_rate"":0.0001}","{""detection_events"":59023,""detectors_checked"":136249344}"
   6201344,         0,         0,    87.3,exact_mw,cdc4a450a40af8e24899239080e4c40992fb5baf91c5a31ab3a165eacb3a1ab3,"{""distance"":5,""physical_error_rate"":0.0002}","{""detection_events"":1225014,""detectors_checked"":1389101056}"
    733184,         0,         0,    5.92,exact_mw,cdc4a450a40af8e24899239080e4c40992fb5baf91c5a31ab3a165eacb3a1ab3,"{""distance"":5,""physical_error_rate"":0.0002}","{""detection_events"":144912,""detectors_checked"":164233216}"
    704512,         0,         0,    5.94,exact_mw,70a969f5042aec17ac076c6379f4170fb7c69b8e925756ef3b7334e28a33338b,"{""distance"":5,""physical_error_rate"":0.0001}","{""detection_events"":69324,""detectors_checked"":157810688}"
    421888,         0,         0,    4.26,exact_mw,cb12ae119b9b2ba18d0216e7235b403229e92fd0743ede48fe7f1a2c6f45d594,"{""distance"":5,""physical_error_rate"":0.0005}","{""detection_events"":208462,""detectors_checked"":94502912}"
    145408,         0,         0,    5.92,exact_mw,cdc4a450a40af8e24899239080e4c40992fb5baf91c5a31ab3a165eacb3a1ab3,"{""distance"":5,""physical_error_rate"":0.0002}","{""detection_events"":28506,""detectors_checked"":32571392}"
    424960,         0,         0,    5.94,exact_mw,cb12ae119b9b2ba18d0216e7235b403229e92fd0743ede48fe7f1a2c6f45d594,"{""distance"":5,""physical_error_rate"":0.0005}","{""detection_events"":210130,""detectors_checked"":95191040}"
    804864,         0,         0,    5.94,exact_mw,f32ebecd8e105e50ec838d33c5ed9b45444b6b44a3c6ac541111079f2b14e893,"{""distance"":5,""physical_error_rate"":5e-05}","{""detection_events"":39710,""detectors_checked"":180289536}"
    544768,         0,         0,    5.96,exact_mw,70a969f5042aec17ac076c6379f4170fb7c69b8e925756ef3b7334e28a33338b,"{""distance"":5,""physical_error_rate"":0.0001}","{""detection_events"":54132,""detectors_checked"":122028032}"
   5269699,         0,         0,    20.2,exact_mw,f32ebecd8e105e50ec838d33c5ed9b45444b6b44a3c6ac541111079f2b14e893,"{""distance"":5,""physical_error_rate"":5e-05}","{""detection_events"":259614,""detectors_checked"":1180412576}"
    161792,         0,         0,    5.97,exact_mw,cb12ae119b9b2ba18d0216e7235b403229e92fd0743ede48fe7f1a2c6f45d594,"{""distance"":5,""physical_error_rate"":0.0005}","{""detection_events"":79460,""detectors_checked"":36241408}"
   2011136,         0,         0,    8.30,exact_mw,70a969f5042aec17ac076c6379f4170fb7c69b8e925756ef3b7334e28a33338b,"{""distance"":5,""physical_error_rate"":0.0001}","{""detection_events"":197560,""detectors_checked"":450494464}"
    939008,         0,         0,    8.31,exact_mw,f32ebecd8e105e50ec838d33c5ed9b45444b6b44a3c6ac541111079f2b14e893,"{""distance"":5,""physical_error_rate"":5e-05}","{""detection_events"":46247,""detectors_checked"":210337792}"
    885760,         0,         0,    8.34,exact_mw,f32ebecd8e105e50ec838d33c5ed9b45444b6b44a3c6ac541111079f2b14e893,"{""distance"":5,""physical_error_rate"":5e-05}","{""detection_events"":43923,""detectors_checked"":198410240}"
    795648,         0,         0,    8.31,exact_mw,cb12ae119b9b2ba18d0216e7235b403229e92fd0743ede48fe7f1a2c6f45d594,"{""distance"":5,""physical_error_rate"":0.0005}","{""detection_events"":392155,""detectors_checked"":178225152}"
    612352,         0,         0,    8.36,exact_mw,cdc4a450a40af8e24899239080e4c40992fb5baf91c5a31ab3a165eacb3a1ab3,"{""distance"":5,""physical_error_rate"":0.0002}","{""detection_events"":119971,""detectors_checked"":137166848}"
    832512,         0,         0,    8.30,exact_mw,70a969f5042aec17ac076c6379f4170fb7c69b8e925756ef3b7334e28a33338b,"{""distance"":5,""physical_error_rate"":0.0001}","{""detection_events"":82394,""detectors_checked"":186482688}"
   1075200,         0,         0,    8.31,exact_mw,cdc4a450a40af8e24899239080e4c40992fb5baf91c5a31ab3a165eacb3a1ab3,"{""distance"":5,""physical_error_rate"":0.0002}","{""detection_events"":212613,""detectors_checked"":240844800}"
   1062912,         0,         0,    8.33,exact_mw,70a969f5042aec17ac076c6379f4170fb7c69b8e925756ef3b7334e28a33338b,"{""distance"":5,""physical_error_rate"":0.0001}","{""detection_events"":105177,""detectors_checked"":238092288}"
    233472,         0,         0,    8.38,exact_mw,cdc4a450a40af8e24899239080e4c40992fb5baf91c5a31ab3a165eacb3a1ab3,"{""distance"":5,""physical_error_rate"":0.0002}","{""detection_events"":45847,""detectors_checked"":52297728}"
    719872,         0,         0,    8.31,exact_mw,cb12ae119b9b2ba18d0216e7235b403229e92fd0743ede48fe7f1a2c6f45d594,"{""distance"":5,""physical_error_rate"":0.0005}","{""detection_events"":353637,""detectors_checked"":161251328}"
    991232,         0,         0,    8.30,exact_mw,f32ebecd8e105e50ec838d33c5ed9b45444b6b44a3c6ac541111079f2b14e893,"{""distance"":5,""physical_error_rate"":5e-05}","{""detection_events"":48895,""detectors_checked"":222035968}"
   1101824,         0,         0,    8.31,exact_mw,70a969f5042aec17ac076c6379f4170fb7c69b8e925756ef3b7334e28a33338b,"{""distance"":5,""physical_error_rate"":0.0001}","{""detection_events"":108543,""detectors_checked"":246808576}"
  20193219,         0,         0,   103.4,exact_mw,f32ebecd8e105e50ec838d33c5ed9b45444b6b44a3c6ac541111079f2b14e893,"{""distance"":5,""physical_error_rate"":5e-05}","{""detection_events"":995844,""detectors_checked"":4523281056}"
  19951616,         0,         0,   105.6,exact_mw,f32ebecd8e105e50ec838d33c5ed9b45444b6b44a3c6ac541111079f2b14e893,"{""distance"":5,""physical_error_rate"":5e-05}","{""detection_events"":983622,""detectors_checked"":4469161984}"
    182272,         0,         0,    8.31,exact_mw,cb12ae119b9b2ba18d0216e7235b403229e92fd0743ede48fe7f1a2c6f45d594,"{""distance"":5,""physical_error_rate"":0.0005}","{""detection_events"":89104,""detectors_checked"":40828928}"
   2436096,         0,         0,    11.6,exact_mw,70a969f5042aec17ac076c6379f4170fb7c69b8e925756ef3b7334e28a33338b,"{""distance"":5,""physical_error_rate"":0.0001}","{""detection_events"":239190,""detectors_checked"":545685504}"
   1391616,         0,         0,    11.6,exact_mw,f32ebecd8e105e50ec838d33c5ed9b45444b6b44a3c6ac541111079f2b14e893,"{""distance"":5,""physical_error_rate"":5e-05}","{""detection_events"":69023,""detectors_checked"":311721984}"
   1418240,         0,         0,    11.6,exact_mw,f32ebecd8e105e50ec838d33c5ed9b45444b6b44a3c6ac541111079f2b14e893,"{""distance"":5,""physical_error_rate"":5e-05}","{""detection_events"":70350,""detectors_checked"":317685760}"
   1140736,         0,         0,    11.6,exact_mw,cb12ae119b9b2ba18d0216e7235b403229e92fd0743ede48fe7f1a2c6f45d594,"{""distance"":5,""physical_error_rate"":0.0005}","{""detection_events"":561282,""detectors_checked"":255524864}"
   1287168,         0,         0,    11.6,exact_mw,cdc4a450a40af8e24899239080e4c40992fb5baf91c5a31ab3a165eacb3a1ab3,"{""distance"":5,""physical_error_rate"":0.0002}","{""detection_events"":254757,""detectors_checked"":288325632}"
   1124352,         0,         0,    11.6,exact_mw,70a969f5042aec17ac076c6379f4170fb7c69b8e925756ef3b7334e28a33338b,"{""distance"":5,""physical_error_rate"":0.0001}","{""detection_events"":110737,""detectors_checked"":251854848}"
   1550336,         0,         0,    11.7,exact_mw,cdc4a450a40af8e24899239080e4c40992fb5baf91c5a31ab3a165eacb3a1ab3,"{""distance"":5,""physical_error_rate"":0.0002}","{""detection_events"":306425,""detectors_checked"":347275264}"
   1447936,         0,         0,    11.6,exact_mw,70a969f5042aec17ac076c6379f4170fb7c69b8e925756ef3b7334e28a33338b,"{""distance"":5,""physical_error_rate"":0.0001}","{""detection_events"":141827,""detectors_checked"":324337664}"
    614400,         0,         0,    11.7,exact_mw,cdc4a450a40af8e24899239080e4c40992fb5baf91c5a31ab3a165eacb3a1ab3,"{""distance"":5,""physical_error_rate"":0.0002}","{""detection_events"":121178,""detectors_checked"":137625600}"
    921600,         0,         0,    11.6,exact_mw,cb12ae119b9b2ba18d0216e7235b403229e92fd0743ede48fe7f1a2c6f45d594,"{""distance"":5,""physical_error_rate"":0.0005}","{""detection_events"":453346,""detectors_checked"":206438400}"
   1441792,         0,         0,    11.6,exact_mw,f32ebecd8e105e50ec838d33c5ed9b45444b6b44a3c6ac541111079f2b14e893,"{""distance"":5,""physical_error_rate"":5e-05}","{""detection_events"":71094,""detectors_checked"":322961408}"
   1256448,         0,         0,    11.6,exact_mw,70a969f5042aec17ac076c6379f4170fb7c69b8e925756ef3b7334e28a33338b,"{""distance"":5,""physical_error_rate"":0.0001}","{""detection_events"":124599,""detectors_checked"":281444352}"
    914432,         1,         0,    11.6,exact_mw,cb12ae119b9b2ba18d0216e7235b403229e92fd0743ede48fe7f1a2c6f45d594,"{""distance"":5,""physical_error_rate"":0.0005}","{""detection_events"":449569,""detectors_checked"":204832768,""obs_mistake_mask=E"":1}"
  25254912,         0,         0,   118.9,exact_mw,70a969f5042aec17ac076c6379f4170fb7c69b8e925756ef3b7334e28a33338b,"{""distance"":5,""physical_error_rate"":0.0001}","{""detection_events"":2493842,""detectors_checked"":5657100288}"
  17485824,         9,         0,   119.1,exact_mw,cb12ae119b9b2ba18d0216e7235b403229e92fd0743ede48fe7f1a2c6f45d594,"{""distance"":5,""physical_error_rate"":0.0005}","{""detection_events"":8611436,""detectors_checked"":3916824576,""obs_mistake_mask=E"":9}"
  11526144,         1,         0,   118.9,exact_mw,cb12ae119b9b2ba18d0216e7235b403229e92fd0743ede48fe7f1a2c6f45d594,"{""distance"":5,""physical_error_rate"":0.0005}","{""detection_events"":5670329,""detectors_checked"":2581856256,""obs_mistake_mask=E"":1}"
  14716928,         0,         0,   118.8,exact_mw,cdc4a450a40af8e24899239080e4c40992fb5baf91c5a31ab3a165eacb3a1ab3,"{""distance"":5,""physical_error_rate"":0.0002}","{""detection_events"":2904710,""detectors_checked"":3296591872}"
   5843968,         0,         0,   119.0,exact_mw,f32ebecd8e105e50ec838d33c5ed9b45444b6b44a3c6ac541111079f2b14e893,"{""distance"":5,""physical_error_rate"":5e-05}","{""detection_events"":286831,""detectors_checked"":1309048832}"
  10706944,         0,         0,   118.9,exact_mw,f32ebecd8e105e50ec838d33c5ed9b45444b6b44a3c6ac541111079f2b14e893,"{""distance"":5,""physical_error_rate"":5e-05}","{""detection_events"":528776,""detectors_checked"":2398355456}"
  12480512,         0,         0,   118.8,exact_mw,70a969f5042aec17ac076c6379f4170fb7c69b8e925756ef3b7334e28a33338b,"{""distance"":5,""physical_error_rate"":0.0001}","{""detection_events"":1230369,""detectors_checked"":2795634688}"
   9040896,         4,         0,   119.1,exact_mw,cb12ae119b9b2ba18d0216e7235b403229e92fd0743ede48fe7f1a2c6f45d594,"{""distance"":5,""physical_error_rate"":0.0005}","{""detection_events"":4451550,""detectors_checked"":2025160704,""obs_mistake_mask=E"":4}"
  11739136,         0,         0,   118.9,exact_mw,cdc4a450a40af8e24899239080e4c40992fb5baf91c5a31ab3a165eacb3a1ab3,"{""distance"":5,""physical_error_rate"":0.0002}","{""detection_events"":2308344,""detectors_checked"":2629566464}"
   9854976,         0,         0,   119.1,exact_mw,cdc4a450a40af8e24899239080e4c40992fb5baf91c5a31ab3a165eacb3a1ab3,"{""distance"":5,""physical_error_rate"":0.0002}","{""detection_events"":1940479,""detectors_checked"":2207514624}"
   9193472,         5,         0,   119.0,exact_mw,cb12ae119b9b2ba18d0216e7235b403229e92fd0743ede48fe7f1a2c6f45d594,"{""distance"":5,""physical_error_rate"":0.0005}","{""detection_events"":4524188,""detectors_checked"":2059337728,""obs_mistake_mask=E"":5}"
  10705920,         0,         0,   118.9,exact_mw,f32ebecd8e105e50ec838d33c5ed9b45444b6b44a3c6ac541111079f2b14e893,"{""distance"":5,""physical_error_rate"":5e-05}","{""detection_events"":529477,""detectors_checked"":2398126080}"
  10826752,         0,         0,   118.8,exact_mw,70a969f5042aec17ac076c6379f4170fb7c69b8e925756ef3b7334e28a33338b,"{""distance"":5,""physical_error_rate"":0.0001}","{""detection_events"":1068655,""detectors_checked"":2425192448}"
  12800000,         0,         0,   118.8,exact_mw,70a969f5042aec17ac076c6379f4170fb7c69b8e925756ef3b7334e28a33338b,"{""distance"":5,""physical_error_rate"":0.0001}","{""detection_events"":1262674,""detectors_checked"":2867200000}"
   8851456,         0,         0,   119.0,exact_mw,cdc4a450a40af8e24899239080e4c40992fb5baf91c5a31ab3a165eacb3a1ab3,"{""distance"":5,""physical_error_rate"":0.0002}","{""detection_events"":1745658,""detectors_checked"":1982726144}"
   7400448,         1,         0,   119.1,exact_mw,cb12ae119b9b2ba18d0216e7235b403229e92fd0743ede48fe7f1a2c6f45d594,"{""distance"":5,""physical_error_rate"":0.0005}","{""detection_events"":3638890,""detectors_checked"":1657700352,""obs_mistake_mask=E"":1}"
   5881856,         0,         0,   119.3,exact_mw,cdc4a450a40af8e24899239080e4c40992fb5baf91c5a31ab3a165eacb3a1ab3,"{""distance"":5,""physical_error_rate"":0.0002}","{""detection_events"":1158838,""detectors_checked"":1317535744}"
    526108,         0,         0,    3.54,exact_mw,70a969f5042aec17ac076c6379f4170fb7c69b8e925756ef3b7334e28a33338b,"{""distance"":5,""physical_error_rate"":0.0001}","{""detection_events"":51458,""detectors_checked"":117848192}"
  14310400,         0,         0,   119.0,exact_mw,70a969f5042aec17ac076c6379f4170fb7c69b8e925756ef3b7334e28a33338b,"{""distance"":5,""physical_error_rate"":0.0001}","{""detection_events"":1410053,""detectors_checked"":3205529600}"
   2961408,         0,         0,    16.3,exact_mw,70a969f5042aec17ac076c6379f4170fb7c69b8e925756ef3b7334e28a33338b,"{""distance"":5,""physical_error_rate"":0.0001}","{""detection_events"":293939,""detectors_checked"":663355392}"
   2006016,         0,         0,    16.2,exact_mw,f32ebecd8e105e50ec838d33c5ed9b45444b6b44a3c6ac541111079f2b14e893,"{""distance"":5,""physical_error_rate"":5e-05}","{""detection_events"":98593,""detectors_checked"":449347584}"
   2021376,         0,         0,    16.3,exact_mw,f32ebecd8e105e50ec838d33c5ed9b45444b6b44a3c6ac541111079f2b14e893,"{""distance"":5,""physical_error_rate"":5e-05}","{""detection_events"":100393,""detectors_checked"":452788224}"
   1175552,         0,         0,    16.3,exact_mw,cb12ae119b9b2ba18d0216e7235b403229e92fd0743ede48fe7f1a2c6f45d594,"{""distance"":5,""physical_error_rate"":0.0005}","{""detection_events"":579039,""detectors_checked"":263323648}"
   1233920,         0,         0,    16.3,exact_mw,cdc4a450a40af8e24899239080e4c40992fb5baf91c5a31ab3a165eacb3a1ab3,"{""distance"":5,""physical_error_rate"":0.0002}","{""detection_events"":243276,""detectors_checked"":276398080}"
   1357824,         0,         0,    16.3,exact_mw,70a969f5042aec17ac076c6379f4170fb7c69b8e925756ef3b7334e28a33338b,"{""distance"":5,""physical_error_rate"":0.0001}","{""detection_events"":133542,""detectors_checked"":304152576}"
   3385344,         0,         0,   119.0,exact_mw,70a969f5042aec17ac076c6379f4170fb7c69b8e925756ef3b7334e28a33338b,"{""distance"":5,""physical_error_rate"":0.0001}","{""detection_events"":335069,""detectors_checked"":758317056}"
   2059264,         0,         0,    16.3,exact_mw,cdc4a450a40af8e24899239080e4c40992fb5baf91c5a31ab3a165eacb3a1ab3,"{""distance"":5,""physical_error_rate"":0.0002}","{""detection_events"":406814,""detectors_checked"":461275136}"
   1938432,         0,         0,    16.2,exact_mw,70a969f5042aec17ac076c6379f4170fb7c69b8e925756ef3b7334e28a33338b,"{""distance"":5,""physical_error_rate"":0.0001}","{""detection_events"":190684,""detectors_checked"":434208768}"
  12215296,         0,         0,   118.9,exact_mw,70a969f5042aec17ac076c6379f4170fb7c69b8e925756ef3b7334e28a33338b,"{""distance"":5,""physical_error_rate"":0.0001}","{""detection_events"":1204230,""detectors_checked"":2736226304}"
  11957248,         0,         0,   119.0,exact_mw,f32ebecd8e105e50ec838d33c5ed9b45444b6b44a3c6ac541111079f2b14e893,"{""distance"":5,""physical_error_rate"":5e-05}","{""detection_events"":591375,""detectors_checked"":2678423552}"
   1228800,         0,         0,    16.2,exact_mw,cdc4a450a40af8e24899239080e4c40992fb5baf91c5a31ab3a165eacb3a1ab3,"{""distance"":5,""physical_error_rate"":0.0002}","{""detection_events"":240929,""detectors_checked"":275251200}"
  11269120,         3,         0,   119.1,exact_mw,cb12ae119b9b2ba18d0216e7235b403229e92fd0743ede48fe7f1a2c6f45d594,"{""distance"":5,""physical_error_rate"":0.0005}","{""detection_events"":5547268,""detectors_checked"":2524282880,""obs_mistake_mask=E"":3}"
    727040,         0,         0,    16.4,exact_mw,cb12ae119b9b2ba18d0216e7235b403229e92fd0743ede48fe7f1a2c6f45d594,"{""distance"":5,""physical_error_rate"":0.0005}","{""detection_events"":357856,""detectors_checked"":162856960}"
    291840,         0,         0,    16.2,exact_mw,f32ebecd8e105e50ec838d33c5ed9b45444b6b44a3c6ac541111079f2b14e893,"{""distance"":5,""physical_error_rate"":5e-05}","{""detection_events"":14643,""detectors_checked"":65372160}"
  10557440,         0,         0,   118.9,exact_mw,f32ebecd8e105e50ec838d33c5ed9b45444b6b44a3c6ac541111079f2b14e893,"{""distance"":5,""physical_error_rate"":5e-05}","{""detection_events"":517945,""detectors_checked"":2364866560}"
   9694208,         0,         0,   118.6,exact_mw,f32ebecd8e105e50ec838d33c5ed9b45444b6b44a3c6ac541111079f2b14e893,"{""distance"":5,""physical_error_rate"":5e-05}","{""detection_events"":479008,""detectors_checked"":2171502592}"
   2237440,         0,         0,    16.2,exact_mw,70a969f5042aec17ac076c6379f4170fb7c69b8e925756ef3b7334e28a33338b,"{""distance"":5,""physical_error_rate"":0.0001}","{""detection_events"":221403,""detectors_checked"":501186560}"
   1325056,         1,         0,    16.3,exact_mw,cb12ae119b9b2ba18d0216e7235b403229e92fd0743ede48fe7f1a2c6f45d594,"{""distance"":5,""physical_error_rate"":0.0005}","{""detection_events"":651678,""detectors_checked"":296812544,""obs_mistake_mask=E"":1}"
  14437376,         0,         0,   118.8,exact_mw,cdc4a450a40af8e24899239080e4c40992fb5baf91c5a31ab3a165eacb3a1ab3,"{""distance"":5,""physical_error_rate"":0.0002}","{""detection_events"":2843625,""detectors_checked"":3233972224}"
  10503168,         1,         0,   119.0,exact_mw,cb12ae119b9b2ba18d0216e7235b403229e92fd0743ede48fe7f1a2c6f45d594,"{""distance"":5,""physical_error_rate"":0.0005}","{""detection_events"":5165098,""detectors_checked"":2352709632,""obs_mistake_mask=E"":1}"
   7013376,         5,         0,   119.2,exact_mw,cb12ae119b9b2ba18d0216e7235b403229e92fd0743ede48fe7f1a2c6f45d594,"{""distance"":5,""physical_error_rate"":0.0005}","{""detection_events"":3449659,""detectors_checked"":1570996224,""obs_mistake_mask=E"":5}"
  10231808,         0,         0,   119.0,exact_mw,cdc4a450a40af8e24899239080e4c40992fb5baf91c5a31ab3a165eacb3a1ab3,"{""distance"":5,""physical_error_rate"":0.0002}","{""detection_events"":2017641,""detectors_checked"":2291924992}"
   9522176,         0,         0,   118.8,exact_mw,70a969f5042aec17ac076c6379f4170fb7c69b8e925756ef3b7334e28a33338b,"{""distance"":5,""physical_error_rate"":0.0001}","{""detection_events"":937033,""detectors_checked"":2132967424}"
   8241761,         0,         0,    43.0,exact_mw,f32ebecd8e105e50ec838d33c5ed9b45444b6b44a3c6ac541111079f2b14e893,"{""distance"":5,""physical_error_rate"":5e-05}","{""detection_events"":410234,""detectors_checked"":1846154464}"
  16330752,         0,         0,    82.6,exact_mw,f32ebecd8e105e50ec838d33c5ed9b45444b6b44a3c6ac541111079f2b14e893,"{""distance"":5,""physical_error_rate"":5e-05}","{""detection_events"":806719,""detectors_checked"":3658088448}"
  13382656,         0,         0,   106.0,exact_mw,f32ebecd8e105e50ec838d33c5ed9b45444b6b44a3c6ac541111079f2b14e893,"{""distance"":5,""physical_error_rate"":5e-05}","{""detection_events"":660888,""detectors_checked"":2997714944}"
   4609024,         0,         0,    22.8,exact_mw,70a969f5042aec17ac076c6379f4170fb7c69b8e925756ef3b7334e28a33338b,"{""distance"":5,""physical_error_rate"":0.0001}","{""detection_events"":454489,""detectors_checked"":1032421376}"
   2957312,         0,         0,    22.8,exact_mw,f32ebecd8e105e50ec838d33c5ed9b45444b6b44a3c6ac541111079f2b14e893,"{""distance"":5,""physical_error_rate"":5e-05}","{""detection_events"":146255,""detectors_checked"":662437888}"
   3001344,         0,         0,    22.8,exact_mw,f32ebecd8e105e50ec838d33c5ed9b45444b6b44a3c6ac541111079f2b14e893,"{""distance"":5,""physical_error_rate"":5e-05}","{""detection_events"":147114,""detectors_checked"":672301056}"
   1428480,         1,         0,    22.7,exact_mw,cb12ae119b9b2ba18d0216e7235b403229e92fd0743ede48fe7f1a2c6f45d594,"{""distance"":5,""physical_error_rate"":0.0005}","{""detection_events"":705182,""detectors_checked"":319979520,""obs_mistake_mask=E"":1}"
    851968,         0,         0,    22.8,exact_mw,cdc4a450a40af8e24899239080e4c40992fb5baf91c5a31ab3a165eacb3a1ab3,"{""distance"":5,""physical_error_rate"":0.0002}","{""detection_events"":168309,""detectors_checked"":190840832}"
   1446912,         0,         0,    22.7,exact_mw,70a969f5042aec17ac076c6379f4170fb7c69b8e925756ef3b7334e28a33338b,"{""distance"":5,""physical_error_rate"":0.0001}","{""detection_events"":141620,""detectors_checked"":324108288}"
   2679808,         0,         0,    22.8,exact_mw,cdc4a450a40af8e24899239080e4c40992fb5baf91c5a31ab3a165eacb3a1ab3,"{""distance"":5,""physical_error_rate"":0.0002}","{""detection_events"":527953,""detectors_checked"":600276992}"
   2923520,         0,         0,    22.7,exact_mw,70a969f5042aec17ac076c6379f4170fb7c69b8e925756ef3b7334e28a33338b,"{""distance"":5,""physical_error_rate"":0.0001}","{""detection_events"":290380,""detectors_checked"":654868480}"
  22325863,         1,         0,   110.3,exact_mw,cdc4a450a40af8e24899239080e4c40992fb5baf91c5a31ab3a165eacb3a1ab3,"{""distance"":5,""physical_error_rate"":0.0002}","{""detection_events"":4400253,""detectors_checked"":5000993312,""obs_mistake_mask=E"":1}"
  13564238,         0,         0,   110.7,exact_mw,cdc4a450a40af8e24899239080e4c40992fb5baf91c5a31ab3a165eacb3a1ab3,"{""distance"":5,""physical_error_rate"":0.0002}","{""detection_events"":2672593,""detectors_checked"":3038389312}"
   2063360,         0,         0,    22.8,exact_mw,cdc4a450a40af8e24899239080e4c40992fb5baf91c5a31ab3a165eacb3a1ab3,"{""distance"":5,""physical_error_rate"":0.0002}","{""detection_events"":406312,""detectors_checked"":462192640}"
   1490944,         0,         0,    22.8,exact_mw,cb12ae119b9b2ba18d0216e7235b403229e92fd0743ede48fe7f1a2c6f45d594,"{""distance"":5,""physical_error_rate"":0.0005}","{""detection_events"":732632,""detectors_checked"":333971456}"
   1701888,         0,         0,    22.6,exact_mw,f32ebecd8e105e50ec838d33c5ed9b45444b6b44a3c6ac541111079f2b14e893,"{""distance"":5,""physical_error_rate"":5e-05}","{""detection_events"":83781,""detectors_checked"":381222912}"
   9316903,         0,         0,    49.7,exact_mw,f32ebecd8e105e50ec838d33c5ed9b45444b6b44a3c6ac541111079f2b14e893,"{""distance"":5,""physical_error_rate"":5e-05}","{""detection_events"":457739,""detectors_checked"":2086986272}"
  11266048,         0,         0,    58.1,exact_mw,f32ebecd8e105e50ec838d33c5ed9b45444b6b44a3c6ac541111079f2b14e893,"{""distance"":5,""physical_error_rate"":5e-05}","{""detection_events"":556719,""detectors_checked"":2523594752}"
   2716672,         0,         0,    22.7,exact_mw,70a969f5042aec17ac076c6379f4170fb7c69b8e925756ef3b7334e28a33338b,"{""distance"":5,""physical_error_rate"":0.0001}","{""detection_events"":268278,""detectors_checked"":608534528}"
    900096,         0,         0,    22.9,exact_mw,cb12ae119b9b2ba18d0216e7235b403229e92fd0743ede48fe7f1a2c6f45d594,"{""distance"":5,""physical_error_rate"":0.0005}","{""detection_events"":440726,""detectors_checked"":201621504}"
  15009792,         0,         0,   118.9,exact_mw,70a969f5042aec17ac076c6379f4170fb7c69b8e925756ef3b7334e28a33338b,"{""distance"":5,""physical_error_rate"":0.0001}","{""detection_events"":1479947,""detectors_checked"":3362193408}"
  11132928,         6,         0,   119.1,exact_mw,cb12ae119b9b2ba18d0216e7235b403229e92fd0743ede48fe7f1a2c6f45d594,"{""distance"":5,""physical_error_rate"":0.0005}","{""detection_events"":5482214,""detectors_checked"":2493775872,""obs_mistake_mask=E"":6}"
   4849574,         0,         0,    44.3,exact_mw,70a969f5042aec17ac076c6379f4170fb7c69b8e925756ef3b7334e28a33338b,"{""distance"":5,""physical_error_rate"":0.0001}","{""detection_events"":478225,""detectors_checked"":1086304576}"
   9822591,         0,         0,    94.7,exact_mw,f32ebecd8e105e50ec838d33c5ed9b45444b6b44a3c6ac541111079f2b14e893,"{""distance"":5,""physical_error_rate"":5e-05}","{""detection_events"":486674,""detectors_checked"":2200260384}"
  14192235,         0,         0,   111.2,exact_mw,70a969f5042aec17ac076c6379f4170fb7c69b8e925756ef3b7334e28a33338b,"{""distance"":5,""physical_error_rate"":0.0001}","{""detection_events"":1399288,""detectors_checked"":3179060640}"
  13536256,         0,         0,    55.4,exact_mw,70a969f5042aec17ac076c6379f4170fb7c69b8e925756ef3b7334e28a33338b,"{""distance"":5,""physical_error_rate"":0.0001}","{""detection_events"":1335654,""detectors_checked"":3032121344}"
   7180288,         0,         0,    31.9,exact_mw,70a969f5042aec17ac076c6379f4170fb7c69b8e925756ef3b7334e28a33338b,"{""distance"":5,""physical_error_rate"":0.0001}","{""detection_events"":708363,""detectors_checked"":1608384512}"
   3094528,         0,         0,    31.9,exact_mw,f32ebecd8e105e50ec838d33c5ed9b45444b6b44a3c6ac541111079f2b14e893,"{""distance"":5,""physical_error_rate"":5e-05}","{""detection_events"":152388,""detectors_checked"":693174272}"
   4224000,         0,         0,    31.8,exact_mw,f32ebecd8e105e50ec838d33c5ed9b45444b6b44a3c6ac541111079f2b14e893,"{""distance"":5,""physical_error_rate"":5e-05}","{""detection_events"":206540,""detectors_checked"":946176000}"
   1053696,         0,         0,    32.1,exact_mw,cb12ae119b9b2ba18d0216e7235b403229e92fd0743ede48fe7f1a2c6f45d594,"{""distance"":5,""physical_error_rate"":0.0005}","{""detection_events"":518107,""detectors_checked"":236027904}"
   3191808,         0,         0,    31.9,exact_mw,cdc4a450a40af8e24899239080e4c40992fb5baf91c5a31ab3a165eacb3a1ab3,"{""distance"":5,""physical_error_rate"":0.0002}","{""detection_events"":630159,""detectors_checked"":714964992}"
   1721344,         0,         0,    32.0,exact_mw,70a969f5042aec17ac076c6379f4170fb7c69b8e925756ef3b7334e28a33338b,"{""distance"":5,""physical_error_rate"":0.0001}","{""detection_events"":169436,""detectors_checked"":385581056}"
   3899392,         0,         0,    31.9,exact_mw,cdc4a450a40af8e24899239080e4c40992fb5baf91c5a31ab3a165eacb3a1ab3,"{""distance"":5,""physical_error_rate"":0.0002}","{""detection_events"":767145,""detectors_checked"":873463808}"
   3996672,         0,         0,    31.8,exact_mw,70a969f5042aec17ac076c6379f4170fb7c69b8e925756ef3b7334e28a33338b,"{""distance"":5,""physical_error_rate"":0.0001}","{""detection_events"":394863,""detectors_checked"":895254528}"
  13305221,         0,         0,   106.1,exact_mw,70a969f5042aec17ac076c6379f4170fb7c69b8e925756ef3b7334e28a33338b,"{""distance"":5,""physical_error_rate"":0.0001}","{""detection_events"":1310144,""detectors_checked"":2980369504}"
  11997184,         0,         0,   105.9,exact_mw,70a969f5042aec17ac076c6379f4170fb7c69b8e925756ef3b7334e28a33338b,"{""distance"":5,""physical_error_rate"":0.0001}","{""detection_events"":1189387,""detectors_checked"":2687369216}"
   3170304,         0,         0,    32.0,exact_mw,cdc4a450a40af8e24899239080e4c40992fb5baf91c5a31ab3a165eacb3a1ab3,"{""distance"":5,""physical_error_rate"":0.0002}","{""detection_events"":624081,""detectors_checked"":710148096}"
  10705920,         0,         0,   119.1,exact_mw,cdc4a450a40af8e24899239080e4c40992fb5baf91c5a31ab3a165eacb3a1ab3,"{""distance"":5,""physical_error_rate"":0.0002}","{""detection_events"":2114764,""detectors_checked"":2398126080}"
   7761920,         3,         0,   119.0,exact_mw,cb12ae119b9b2ba18d0216e7235b403229e92fd0743ede48fe7f1a2c6f45d594,"{""distance"":5,""physical_error_rate"":0.0005}","{""detection_events"":3816819,""detectors_checked"":1738670080,""obs_mistake_mask=E"":3}"
   2801664,         2,         0,    31.9,exact_mw,cb12ae119b9b2ba18d0216e7235b403229e92fd0743ede48fe7f1a2c6f45d594,"{""distance"":5,""physical_error_rate"":0.0005}","{""detection_events"":1380565,""detectors_checked"":627572736,""obs_mistake_mask=E"":2}"
   3692544,         0,         0,    31.8,exact_mw,f32ebecd8e105e50ec838d33c5ed9b45444b6b44a3c6ac541111079f2b14e893,"{""distance"":5,""physical_error_rate"":5e-05}","{""detection_events"":181257,""detectors_checked"":827129856}"
   3855360,         0,         0,    31.7,exact_mw,70a969f5042aec17ac076c6379f4170fb7c69b8e925756ef3b7334e28a33338b,"{""distance"":5,""physical_error_rate"":0.0001}","{""detection_events"":379387,""detectors_checked"":863600640}"
   1547264,         2,         0,    31.7,exact_mw,cb12ae119b9b2ba18d0216e7235b403229e92fd0743ede48fe7f1a2c6f45d594,"{""distance"":5,""physical_error_rate"":0.0005}","{""detection_events"":763146,""detectors_checked"":346587136,""obs_mistake_mask=E"":2}"
   8504551,         0,         0,    99.1,exact_mw,f32ebecd8e105e50ec838d33c5ed9b45444b6b44a3c6ac541111079f2b14e893,"{""distance"":5,""physical_error_rate"":5e-05}","{""detection_events"":420361,""detectors_checked"":1905019424}"
   7694336,         0,         0,    34.0,exact_mw,f32ebecd8e105e50ec838d33c5ed9b45444b6b44a3c6ac541111079f2b14e893,"{""distance"":5,""physical_error_rate"":5e-05}","{""detection_events"":383181,""detectors_checked"":1723531264}"
   8006656,         0,         0,    40.7,exact_mw,f32ebecd8e105e50ec838d33c5ed9b45444b6b44a3c6ac541111079f2b14e893,"{""distance"":5,""physical_error_rate"":5e-05}","{""detection_events"":395342,""detectors_checked"":1793490944}"
   8407040,         0,         0,    40.6,exact_mw,f32ebecd8e105e50ec838d33c5ed9b45444b6b44a3c6ac541111079f2b14e893,"{""distance"":5,""physical_error_rate"":5e-05}","{""detection_events"":414708,""detectors_checked"":1883176960}"
   7665664,         3,         0,   119.0,exact_mw,cb12ae119b9b2ba18d0216e7235b403229e92fd0743ede48fe7f1a2c6f45d594,"{""distance"":5,""physical_error_rate"":0.0005}","{""detection_events"":3771740,""detectors_checked"":1717108736,""obs_mistake_mask=E"":3}"
  12565504,         0,         0,   118.9,exact_mw,cdc4a450a40af8e24899239080e4c40992fb5baf91c5a31ab3a165eacb3a1ab3,"{""distance"":5,""physical_error_rate"":0.0002}","{""detection_events"":2472596,""detectors_checked"":2814672896}"
    150969,         0,         0,    1.22,exact_mw,cdc4a450a40af8e24899239080e4c40992fb5baf91c5a31ab3a165eacb3a1ab3,"{""distance"":5,""physical_error_rate"":0.0002}","{""detection_events"":29409,""detectors_checked"":33817056}"
  10482269,         0,         0,    43.8,exact_mw,cdc4a450a40af8e24899239080e4c40992fb5baf91c5a31ab3a165eacb3a1ab3,"{""distance"":5,""physical_error_rate"":0.0002}","{""detection_events"":2068115,""detectors_checked"":2348028256}"
   7284824,         0,         0,    41.8,exact_mw,f32ebecd8e105e50ec838d33c5ed9b45444b6b44a3c6ac541111079f2b14e893,"{""distance"":5,""physical_error_rate"":5e-05}","{""detection_events"":359118,""detectors_checked"":1631800576}"
   6164480,         0,         0,    48.4,exact_mw,f32ebecd8e105e50ec838d33c5ed9b45444b6b44a3c6ac541111079f2b14e893,"{""distance"":5,""physical_error_rate"":5e-05}","{""detection_events"":304265,""detectors_checked"":1380843520}"
   6638592,         0,         0,    76.1,exact_mw,f32ebecd8e105e50ec838d33c5ed9b45444b6b44a3c6ac541111079f2b14e893,"{""distance"":5,""physical_error_rate"":5e-05}","{""detection_events"":326643,""detectors_checked"":1487044608}"
   5411840,         0,         0,    64.4,exact_mw,f32ebecd8e105e50ec838d33c5ed9b45444b6b44a3c6ac541111079f2b14e893,"{""distance"":5,""physical_error_rate"":5e-05}","{""detection_events"":266871,""detectors_checked"":1212252160}"
   6620160,         0,         0,    77.1,exact_mw,f32ebecd8e105e50ec838d33c5ed9b45444b6b44a3c6ac541111079f2b14e893,"{""distance"":5,""physical_error_rate"":5e-05}","{""detection_events"":328603,""detectors_checked"":1482915840}"
   6464512,         4,         0,   119.2,exact_mw,cb12ae119b9b2ba18d0216e7235b403229e92fd0743ede48fe7f1a2c6f45d594,"{""distance"":5,""physical_error_rate"":0.0005}","{""detection_events"":3179150,""detectors_checked"":1448050688,""obs_mistake_mask=E"":4}"
   5322771,         0,         0,    72.2,exact_mw,f32ebecd8e105e50ec838d33c5ed9b45444b6b44a3c6ac541111079f2b14e893,"{""distance"":5,""physical_error_rate"":5e-05}","{""detection_events"":262690,""detectors_checked"":1192300704}"
   5254144,         0,         0,    81.9,exact_mw,f32ebecd8e105e50ec838d33c5ed9b45444b6b44a3c6ac541111079f2b14e893,"{""distance"":5,""physical_error_rate"":5e-05}","{""detection_events"":259500,""detectors_checked"":1176928256}"
   4972544,         0,         0,    69.7,exact_mw,f32ebecd8e105e50ec838d33c5ed9b45444b6b44a3c6ac541111079f2b14e893,"{""distance"":5,""physical_error_rate"":5e-05}","{""detection_events"":245808,""detectors_checked"":1113849856}"
   3249669,         0,         0,    14.1,exact_mw,f32ebecd8e105e50ec838d33c5ed9b45444b6b44a3c6ac541111079f2b14e893,"{""distance"":5,""physical_error_rate"":5e-05}","{""detection_events"":159524,""detectors_checked"":727925856}"
   2863104,         0,         0,    21.8,exact_mw,f32ebecd8e105e50ec838d33c5ed9b45444b6b44a3c6ac541111079f2b14e893,"{""distance"":5,""physical_error_rate"":5e-05}","{""detection_events"":140255,""detectors_checked"":641335296}"
   3068928,         0,         0,    29.0,exact_mw,f32ebecd8e105e50ec838d33c5ed9b45444b6b44a3c6ac541111079f2b14e893,"{""distance"":5,""physical_error_rate"":5e-05}","{""detection_events"":150772,""detectors_checked"":687439872}"
   7430144,         4,         0,   119.1,exact_mw,cb12ae119b9b2ba18d0216e7235b403229e92fd0743ede48fe7f1a2c6f45d594,"{""distance"":5,""physical_error_rate"":0.0005}","{""detection_events"":3661814,""detectors_checked"":1664352256,""obs_mistake_mask=E"":4}"
   2536965,         0,         0,    15.6,exact_mw,f32ebecd8e105e50ec838d33c5ed9b45444b6b44a3c6ac541111079f2b14e893,"{""distance"":5,""physical_error_rate"":5e-05}","{""detection_events"":126067,""detectors_checked"":568280160}"
   2391040,         0,         0,    15.6,exact_mw,f32ebecd8e105e50ec838d33c5ed9b45444b6b44a3c6ac541111079f2b14e893,"{""distance"":5,""physical_error_rate"":5e-05}","{""detection_events"":117403,""detectors_checked"":535592960}"
   9827127,         0,         0,    85.1,exact_mw,cdc4a450a40af8e24899239080e4c40992fb5baf91c5a31ab3a165eacb3a1ab3,"{""distance"":5,""physical_error_rate"":0.0002}","{""detection_events"":1939691,""detectors_checked"":2201276448}"
   9519104,         0,         0,   115.1,exact_mw,cdc4a450a40af8e24899239080e4c40992fb5baf91c5a31ab3a165eacb3a1ab3,"{""distance"":5,""physical_error_rate"":0.0002}","{""detection_events"":1875109,""detectors_checked"":2132279296}"
   9212932,         0,         0,    72.3,exact_mw,cdc4a450a40af8e24899239080e4c40992fb5baf91c5a31ab3a165eacb3a1ab3,"{""distance"":5,""physical_error_rate"":0.0002}","{""detection_events"":1814988,""detectors_checked"":2063696768}"
   2066321,         0,         0,    22.2,exact_mw,f32ebecd8e105e50ec838d33c5ed9b45444b6b44a3c6ac541111079f2b14e893,"{""distance"":5,""physical_error_rate"":5e-05}","{""detection_events"":102218,""detectors_checked"":462855904}"
   1865728,         0,         0,    12.3,exact_mw,f32ebecd8e105e50ec838d33c5ed9b45444b6b44a3c6ac541111079f2b14e893,"{""distance"":5,""physical_error_rate"":5e-05}","{""detection_events"":92609,""detectors_checked"":417923072}"
   7709696,         0,         0,   119.2,exact_mw,cdc4a450a40af8e24899239080e4c40992fb5baf91c5a31ab3a165eacb3a1ab3,"{""distance"":5,""physical_error_rate"":0.0002}","{""detection_events"":1520093,""detectors_checked"":1726971904}"
   1787736,         0,         0,    14.1,exact_mw,f32ebecd8e105e50ec838d33c5ed9b45444b6b44a3c6ac541111079f2b14e893,"{""distance"":5,""physical_error_rate"":5e-05}","{""detection_events"":88237,""detectors_checked"":400452864}"
   1720320,         0,         0,    14.1,exact_mw,f32ebecd8e105e50ec838d33c5ed9b45444b6b44a3c6ac541111079f2b14e893,"{""distance"":5,""physical_error_rate"":5e-05}","{""detection_events"":84995,""detectors_checked"":385351680}"
   1613824,         0,         0,    14.2,exact_mw,f32ebecd8e105e50ec838d33c5ed9b45444b6b44a3c6ac541111079f2b14e893,"{""distance"":5,""physical_error_rate"":5e-05}","{""detection_events"":79687,""detectors_checked"":361496576}"
   8042180,         0,         0,    91.8,exact_mw,cdc4a450a40af8e24899239080e4c40992fb5baf91c5a31ab3a165eacb3a1ab3,"{""distance"":5,""physical_error_rate"":0.0002}","{""detection_events"":1579267,""detectors_checked"":1801448320}"
   7784448,         1,         0,    91.3,exact_mw,cdc4a450a40af8e24899239080e4c40992fb5baf91c5a31ab3a165eacb3a1ab3,"{""distance"":5,""physical_error_rate"":0.0002}","{""detection_events"":1538320,""detectors_checked"":1743716352,""obs_mistake_mask=E"":1}"
   7657472,         1,         0,    90.4,exact_mw,cdc4a450a40af8e24899239080e4c40992fb5baf91c5a31ab3a165eacb3a1ab3,"{""distance"":5,""physical_error_rate"":0.0002}","{""detection_events"":1511788,""detectors_checked"":1715273728,""obs_mistake_mask=E"":1}"
   7957504,         0,         0,    91.7,exact_mw,cdc4a450a40af8e24899239080e4c40992fb5baf91c5a31ab3a165eacb3a1ab3,"{""distance"":5,""physical_error_rate"":0.0002}","{""detection_events"":1570553,""detectors_checked"":1782480896}"
   1559394,         0,         0,    9.41,exact_mw,f32ebecd8e105e50ec838d33c5ed9b45444b6b44a3c6ac541111079f2b14e893,"{""distance"":5,""physical_error_rate"":5e-05}","{""detection_events"":76132,""detectors_checked"":349304256}"
   1400832,         0,         0,    10.8,exact_mw,f32ebecd8e105e50ec838d33c5ed9b45444b6b44a3c6ac541111079f2b14e893,"{""distance"":5,""physical_error_rate"":5e-05}","{""detection_events"":68936,""detectors_checked"":313786368}"
   1285120,         0,         0,    15.8,exact_mw,f32ebecd8e105e50ec838d33c5ed9b45444b6b44a3c6ac541111079f2b14e893,"{""distance"":5,""physical_error_rate"":5e-05}","{""detection_events"":64158,""detectors_checked"":287866880}"
   1319936,         0,         0,    9.46,exact_mw,f32ebecd8e105e50ec838d33c5ed9b45444b6b44a3c6ac541111079f2b14e893,"{""distance"":5,""physical_error_rate"":5e-05}","{""detection_events"":64372,""detectors_checked"":295665664}"
   1502208,         0,         0,    10.8,exact_mw,f32ebecd8e105e50ec838d33c5ed9b45444b6b44a3c6ac541111079f2b14e893,"{""distance"":5,""physical_error_rate"":5e-05}","{""detection_events"":73898,""detectors_checked"":336494592}"
   1554432,         0,         0,    23.6,exact_mw,f32ebecd8e105e50ec838d33c5ed9b45444b6b44a3c6ac541111079f2b14e893,"{""distance"":5,""physical_error_rate"":5e-05}","{""detection_events"":77158,""detectors_checked"":348192768}"
   1358848,         0,         0,    31.3,exact_mw,f32ebecd8e105e50ec838d33c5ed9b45444b6b44a3c6ac541111079f2b14e893,"{""distance"":5,""physical_error_rate"":5e-05}","{""detection_events"":67257,""detectors_checked"":304381952}"
   1253548,         0,         0,    9.34,exact_mw,f32ebecd8e105e50ec838d33c5ed9b45444b6b44a3c6ac541111079f2b14e893,"{""distance"":5,""physical_error_rate"":5e-05}","{""detection_events"":61602,""detectors_checked"":280794752}"
    922624,         0,         0,    4.85,exact_mw,f32ebecd8e105e50ec838d33c5ed9b45444b6b44a3c6ac541111079f2b14e893,"{""distance"":5,""physical_error_rate"":5e-05}","{""detection_events"":44765,""detectors_checked"":206667776}"
   1220608,         0,         0,    9.34,exact_mw,f32ebecd8e105e50ec838d33c5ed9b45444b6b44a3c6ac541111079f2b14e893,"{""distance"":5,""physical_error_rate"":5e-05}","{""detection_events"":59264,""detectors_checked"":273416192}"
    648865,         0,         0,    12.5,exact_mw,f32ebecd8e105e50ec838d33c5ed9b45444b6b44a3c6ac541111079f2b14e893,"{""distance"":5,""physical_error_rate"":5e-05}","{""detection_events"":31827,""detectors_checked"":145345760}"
    626688,         0,         0,    10.9,exact_mw,f32ebecd8e105e50ec838d33c5ed9b45444b6b44a3c6ac541111079f2b14e893,"{""distance"":5,""physical_error_rate"":5e-05}","{""detection_events"":30552,""detectors_checked"":140378112}"
    596992,         0,         0,    5.10,exact_mw,f32ebecd8e105e50ec838d33c5ed9b45444b6b44a3c6ac541111079f2b14e893,"{""distance"":5,""physical_error_rate"":5e-05}","{""detection_events"":29687,""detectors_checked"":133726208}"
    474359,         0,         0,    3.55,exact_mw,f32ebecd8e105e50ec838d33c5ed9b45444b6b44a3c6ac541111079f2b14e893,"{""distance"":5,""physical_error_rate"":5e-05}","{""detection_events"":23448,""detectors_checked"":106256416}"
    371712,         0,         0,    2.01,exact_mw,f32ebecd8e105e50ec838d33c5ed9b45444b6b44a3c6ac541111079f2b14e893,"{""distance"":5,""physical_error_rate"":5e-05}","{""detection_events"":18680,""detectors_checked"":83263488}"
    430080,         0,         0,    3.55,exact_mw,f32ebecd8e105e50ec838d33c5ed9b45444b6b44a3c6ac541111079f2b14e893,"{""distance"":5,""physical_error_rate"":5e-05}","{""detection_events"":21338,""detectors_checked"":96337920}"
    399360,         0,         0,    3.53,exact_mw,f32ebecd8e105e50ec838d33c5ed9b45444b6b44a3c6ac541111079f2b14e893,"{""distance"":5,""physical_error_rate"":5e-05}","{""detection_events"":19449,""detectors_checked"":89456640}"
    363032,         0,         0,    2.70,exact_mw,f32ebecd8e105e50ec838d33c5ed9b45444b6b44a3c6ac541111079f2b14e893,"{""distance"":5,""physical_error_rate"":5e-05}","{""detection_events"":18112,""detectors_checked"":81319168}"
    364544,         0,         0,    2.74,exact_mw,f32ebecd8e105e50ec838d33c5ed9b45444b6b44a3c6ac541111079f2b14e893,"{""distance"":5,""physical_error_rate"":5e-05}","{""detection_events"":17801,""detectors_checked"":81657856}"
    293888,         0,         0,    2.75,exact_mw,f32ebecd8e105e50ec838d33c5ed9b45444b6b44a3c6ac541111079f2b14e893,"{""distance"":5,""physical_error_rate"":5e-05}","{""detection_events"":14546,""detectors_checked"":65830912}"
    185887,         0,         0,   0.861,exact_mw,f32ebecd8e105e50ec838d33c5ed9b45444b6b44a3c6ac541111079f2b14e893,"{""distance"":5,""physical_error_rate"":5e-05}","{""detection_events"":9089,""detectors_checked"":41638688}"
    217701,         0,         0,    1.58,exact_mw,f32ebecd8e105e50ec838d33c5ed9b45444b6b44a3c6ac541111079f2b14e893,"{""distance"":5,""physical_error_rate"":5e-05}","{""detection_events"":11181,""detectors_checked"":48765024}"
    215040,         0,         0,    1.55,exact_mw,f32ebecd8e105e50ec838d33c5ed9b45444b6b44a3c6ac541111079f2b14e893,"{""distance"":5,""physical_error_rate"":5e-05}","{""detection_events"":10284,""detectors_checked"":48168960}"
    208896,         0,         0,    1.56,exact_mw,f32ebecd8e105e50ec838d33c5ed9b45444b6b44a3c6ac541111079f2b14e893,"{""distance"":5,""physical_error_rate"":5e-05}","{""detection_events"":10443,""detectors_checked"":46792704}"
    204094,         0,         0,    1.44,exact_mw,f32ebecd8e105e50ec838d33c5ed9b45444b6b44a3c6ac541111079f2b14e893,"{""distance"":5,""physical_error_rate"":5e-05}","{""detection_events"":10233,""detectors_checked"":45717056}"
    195584,         0,         0,    1.37,exact_mw,f32ebecd8e105e50ec838d33c5ed9b45444b6b44a3c6ac541111079f2b14e893,"{""distance"":5,""physical_error_rate"":5e-05}","{""detection_events"":9817,""detectors_checked"":43810816}"
    196608,         0,         0,    1.38,exact_mw,f32ebecd8e105e50ec838d33c5ed9b45444b6b44a3c6ac541111079f2b14e893,"{""distance"":5,""physical_error_rate"":5e-05}","{""detection_events"":9877,""detectors_checked"":44040192}"
    164842,         0,         0,    1.15,exact_mw,f32ebecd8e105e50ec838d33c5ed9b45444b6b44a3c6ac541111079f2b14e893,"{""distance"":5,""physical_error_rate"":5e-05}","{""detection_events"":8251,""detectors_checked"":36924608}"
     57074,         0,         0,   0.250,exact_mw,f32ebecd8e105e50ec838d33c5ed9b45444b6b44a3c6ac541111079f2b14e893,"{""distance"":5,""physical_error_rate"":5e-05}","{""detection_events"":2905,""detectors_checked"":12784576}"
    145408,         0,         0,    1.24,exact_mw,f32ebecd8e105e50ec838d33c5ed9b45444b6b44a3c6ac541111079f2b14e893,"{""distance"":5,""physical_error_rate"":5e-05}","{""detection_events"":7227,""detectors_checked"":32571392}"
    154624,         0,         0,    3.29,exact_mw,f32ebecd8e105e50ec838d33c5ed9b45444b6b44a3c6ac541111079f2b14e893,"{""distance"":5,""physical_error_rate"":5e-05}","{""detection_events"":7648,""detectors_checked"":34635776}"
    130028,         0,         0,    1.36,exact_mw,f32ebecd8e105e50ec838d33c5ed9b45444b6b44a3c6ac541111079f2b14e893,"{""distance"":5,""physical_error_rate"":5e-05}","{""detection_events"":6375,""detectors_checked"":29126272}"
    123904,         0,         0,   0.484,exact_mw,f32ebecd8e105e50ec838d33c5ed9b45444b6b44a3c6ac541111079f2b14e893,"{""distance"":5,""physical_error_rate"":5e-05}","{""detection_events"":6052,""detectors_checked"":27754496}"
    106496,         0,         0,    3.34,exact_mw,f32ebecd8e105e50ec838d33c5ed9b45444b6b44a3c6ac541111079f2b14e893,"{""distance"":5,""physical_error_rate"":5e-05}","{""detection_events"":5223,""detectors_checked"":23855104}"
    109568,         0,         0,    3.43,exact_mw,f32ebecd8e105e50ec838d33c5ed9b45444b6b44a3c6ac541111079f2b14e893,"{""distance"":5,""physical_error_rate"":5e-05}","{""detection_events"":5513,""detectors_checked"":24543232}"
     99582,         0,         0,   0.834,exact_mw,f32ebecd8e105e50ec838d33c5ed9b45444b6b44a3c6ac541111079f2b14e893,"{""distance"":5,""physical_error_rate"":5e-05}","{""detection_events"":4728,""detectors_checked"":22306368}"
     80896,         0,         0,   0.839,exact_mw,f32ebecd8e105e50ec838d33c5ed9b45444b6b44a3c6ac541111079f2b14e893,"{""distance"":5,""physical_error_rate"":5e-05}","{""detection_events"":4052,""detectors_checked"":18120704}"
     99328,         0,         0,   0.587,exact_mw,f32ebecd8e105e50ec838d33c5ed9b45444b6b44a3c6ac541111079f2b14e893,"{""distance"":5,""physical_error_rate"":5e-05}","{""detection_events"":4913,""detectors_checked"":22249472}"
     77824,         0,         0,   0.593,exact_mw,f32ebecd8e105e50ec838d33c5ed9b45444b6b44a3c6ac541111079f2b14e893,"{""distance"":5,""physical_error_rate"":5e-05}","{""detection_events"":3835,""detectors_checked"":17432576}"
     82944,         0,         0,   0.858,exact_mw,f32ebecd8e105e50ec838d33c5ed9b45444b6b44a3c6ac541111079f2b14e893,"{""distance"":5,""physical_error_rate"":5e-05}","{""detection_events"":3960,""detectors_checked"":18579456}"
     21758,         0,         0,   0.129,exact_mw,f32ebecd8e105e50ec838d33c5ed9b45444b6b44a3c6ac541111079f2b14e893,"{""distance"":5,""physical_error_rate"":5e-05}","{""detection_events"":1093,""detectors_checked"":4873792}"
     68608,         0,         0,   0.457,exact_mw,f32ebecd8e105e50ec838d33c5ed9b45444b6b44a3c6ac541111079f2b14e893,"{""distance"":5,""physical_error_rate"":5e-05}","{""detection_events"":3465,""detectors_checked"":15368192}"
     63488,         0,         0,   0.468,exact_mw,f32ebecd8e105e50ec838d33c5ed9b45444b6b44a3c6ac541111079f2b14e893,"{""distance"":5,""physical_error_rate"":5e-05}","{""detection_events"":3238,""detectors_checked"":14221312}"
     49438,         0,         0,   0.456,exact_mw,f32ebecd8e105e50ec838d33c5ed9b45444b6b44a3c6ac541111079f2b14e893,"{""distance"":5,""physical_error_rate"":5e-05}","{""detection_events"":2337,""detectors_checked"":11074112}"
     54272,         0,         0,   0.477,exact_mw,f32ebecd8e105e50ec838d33c5ed9b45444b6b44a3c6ac541111079f2b14e893,"{""distance"":5,""physical_error_rate"":5e-05}","{""detection_events"":2662,""detectors_checked"":12156928}"
     52224,         0,         0,   0.477,exact_mw,f32ebecd8e105e50ec838d33c5ed9b45444b6b44a3c6ac541111079f2b14e893,"{""distance"":5,""physical_error_rate"":5e-05}","{""detection_events"":2585,""detectors_checked"":11698176}"
     65536,         0,         0,   0.469,exact_mw,f32ebecd8e105e50ec838d33c5ed9b45444b6b44a3c6ac541111079f2b14e893,"{""distance"":5,""physical_error_rate"":5e-05}","{""detection_events"":3214,""detectors_checked"":14680064}"
     27472,         0,         0,   0.166,exact_mw,f32ebecd8e105e50ec838d33c5ed9b45444b6b44a3c6ac541111079f2b14e893,"{""distance"":5,""physical_error_rate"":5e-05}","{""detection_events"":1338,""detectors_checked"":6153728}"
     49438,         0,         0,   0.276,exact_mw,f32ebecd8e105e50ec838d33c5ed9b45444b6b44a3c6ac541111079f2b14e893,"{""distance"":5,""physical_error_rate"":5e-05}","{""detection_events"":2277,""detectors_checked"":11074112}"
     16638,         0,         0,   0.144,exact_mw,f32ebecd8e105e50ec838d33c5ed9b45444b6b44a3c6ac541111079f2b14e893,"{""distance"":5,""physical_error_rate"":5e-05}","{""detection_events"":787,""detectors_checked"":3726912}"
     34449,         0,         0,   0.194,exact_mw,f32ebecd8e105e50ec838d33c5ed9b45444b6b44a3c6ac541111079f2b14e893,"{""distance"":5,""physical_error_rate"":5e-05}","{""detection_events"":1808,""detectors_checked"":7716576}"
     34140,         0,         0,   0.302,exact_mw,f32ebecd8e105e50ec838d33c5ed9b45444b6b44a3c6ac541111079f2b14e893,"{""distance"":5,""physical_error_rate"":5e-05}","{""detection_events"":1723,""detectors_checked"":7647360}"
     32566,         0,         0,   0.227,exact_mw,f32ebecd8e105e50ec838d33c5ed9b45444b6b44a3c6ac541111079f2b14e893,"{""distance"":5,""physical_error_rate"":5e-05}","{""detection_events"":1615,""detectors_checked"":7294784}"
     39936,         0,         0,   0.431,exact_mw,f32ebecd8e105e50ec838d33c5ed9b45444b6b44a3c6ac541111079f2b14e893,"{""distance"":5,""physical_error_rate"":5e-05}","{""detection_events"":2018,""detectors_checked"":8945664}"
      8425,         0,         0,   0.056,exact_mw,f32ebecd8e105e50ec838d33c5ed9b45444b6b44a3c6ac541111079f2b14e893,"{""distance"":5,""physical_error_rate"":5e-05}","{""detection_events"":441,""detectors_checked"":1887200}"
      8622,         0,         0,   0.057,exact_mw,f32ebecd8e105e50ec838d33c5ed9b45444b6b44a3c6ac541111079f2b14e893,"{""distance"":5,""physical_error_rate"":5e-05}","{""detection_events"":444,""detectors_checked"":1931328}"
       631,         0,         0,   0.002,exact_mw,f32ebecd8e105e50ec838d33c5ed9b45444b6b44a3c6ac541111079f2b14e893,"{""distance"":5,""physical_error_rate"":5e-05}","{""detection_events"":47,""detectors_checked"":141344}"
     12288,         0,         0,   0.078,exact_mw,f32ebecd8e105e50ec838d33c5ed9b45444b6b44a3c6ac541111079f2b14e893,"{""distance"":5,""physical_error_rate"":5e-05}","{""detection_events"":672,""detectors_checked"":2752512}"
     27648,         0,         0,   0.191,exact_mw,f32ebecd8e105e50ec838d33c5ed9b45444b6b44a3c6ac541111079f2b14e893,"{""distance"":5,""physical_error_rate"":5e-05}","{""detection_events"":1245,""detectors_checked"":6193152}"
       856,         0,         0,   0.003,exact_mw,f32ebecd8e105e50ec838d33c5ed9b45444b6b44a3c6ac541111079f2b14e893,"{""distance"":5,""physical_error_rate"":5e-05}","{""detection_events"":32,""detectors_checked"":191744}"
       546,         0,         0,   0.002,exact_mw,f32ebecd8e105e50ec838d33c5ed9b45444b6b44a3c6ac541111079f2b14e893,"{""distance"":5,""physical_error_rate"":5e-05}","{""detection_events"":33,""detectors_checked"":122304}"
     24576,         0,         0,   0.502,exact_mw,f32ebecd8e105e50ec838d33c5ed9b45444b6b44a3c6ac541111079f2b14e893,"{""distance"":5,""physical_error_rate"":5e-05}","{""detection_events"":1129,""detectors_checked"":5505024}"
      3332,         0,         0,   0.013,exact_mw,f32ebecd8e105e50ec838d33c5ed9b45444b6b44a3c6ac541111079f2b14e893,"{""distance"":5,""physical_error_rate"":5e-05}","{""detection_events"":165,""detectors_checked"":746368}"
      2690,         0,         0,   0.010,exact_mw,f32ebecd8e105e50ec838d33c5ed9b45444b6b44a3c6ac541111079f2b14e893,"{""distance"":5,""physical_error_rate"":5e-05}","{""detection_events"":156,""detectors_checked"":602560}"
        40,         0,         0,   0.000,exact_mw,f32ebecd8e105e50ec838d33c5ed9b45444b6b44a3c6ac541111079f2b14e893,"{""distance"":5,""physical_error_rate"":5e-05}","{""detectors_checked"":8960}"
      4092,         0,         0,   0.028,exact_mw,f32ebecd8e105e50ec838d33c5ed9b45444b6b44a3c6ac541111079f2b14e893,"{""distance"":5,""physical_error_rate"":5e-05}","{""detection_events"":234,""detectors_checked"":916608}"
       377,         0,         0,   0.001,exact_mw,f32ebecd8e105e50ec838d33c5ed9b45444b6b44a3c6ac541111079f2b14e893,"{""distance"":5,""physical_error_rate"":5e-05}","{""detection_events"":26,""detectors_checked"":84448}"
       428,         0,         0,   0.002,exact_mw,f32ebecd8e105e50ec838d33c5ed9b45444b6b44a3c6ac541111079f2b14e893,"{""distance"":5,""physical_error_rate"":5e-05}","{""detection_events"":41,""detectors_checked"":95872}"
       279,         0,         0,   0.001,exact_mw,f32ebecd8e105e50ec838d33c5ed9b45444b6b44a3c6ac541111079f2b14e893,"{""distance"":5,""physical_error_rate"":5e-05}","{""detection_events"":25,""detectors_checked"":62496}"
     11570,         0,         0,   0.091,exact_mw,f32ebecd8e105e50ec838d33c5ed9b45444b6b44a3c6ac541111079f2b14e893,"{""distance"":5,""physical_error_rate"":5e-05}","{""detection_events"":596,""detectors_checked"":2591680}"
      2764,         0,         0,   0.010,exact_mw,f32ebecd8e105e50ec838d33c5ed9b45444b6b44a3c6ac541111079f2b14e893,"{""distance"":5,""physical_error_rate"":5e-05}","{""detection_events"":141,""detectors_checked"":619136}"
      1303,         0,         0,   0.005,exact_mw,f32ebecd8e105e50ec838d33c5ed9b45444b6b44a3c6ac541111079f2b14e893,"{""distance"":5,""physical_error_rate"":5e-05}","{""detection_events"":65,""detectors_checked"":291872}"
      2002,         0,         0,   0.007,exact_mw,f32ebecd8e105e50ec838d33c5ed9b45444b6b44a3c6ac541111079f2b14e893,"{""distance"":5,""physical_error_rate"":5e-05}","{""detection_events"":81,""detectors_checked"":448448}"
      3034,         0,         0,   0.011,exact_mw,f32ebecd8e105e50ec838d33c5ed9b45444b6b44a3c6ac541111079f2b14e893,"{""distance"":5,""physical_error_rate"":5e-05}","{""detection_events"":93,""detectors_checked"":679616}"
      3788,         0,         0,   0.027,exact_mw,f32ebecd8e105e50ec838d33c5ed9b45444b6b44a3c6ac541111079f2b14e893,"{""distance"":5,""physical_error_rate"":5e-05}","{""detection_events"":196,""detectors_checked"":848512}"
      6025,         0,         0,   0.033,exact_mw,f32ebecd8e105e50ec838d33c5ed9b45444b6b44a3c6ac541111079f2b14e893,"{""distance"":5,""physical_error_rate"":5e-05}","{""detection_events"":274,""detectors_checked"":1349600}"
        18,         0,         0,   0.000,exact_mw,f32ebecd8e105e50ec838d33c5ed9b45444b6b44a3c6ac541111079f2b14e893,"{""distance"":5,""physical_error_rate"":5e-05}","{""detectors_checked"":4032}"
       995,         0,         0,   0.004,exact_mw,f32ebecd8e105e50ec838d33c5ed9b45444b6b44a3c6ac541111079f2b14e893,"{""distance"":5,""physical_error_rate"":5e-05}","{""detection_events"":52,""detectors_checked"":222880}"
      4919,         0,         0,   0.034,exact_mw,f32ebecd8e105e50ec838d33c5ed9b45444b6b44a3c6ac541111079f2b14e893,"{""distance"":5,""physical_error_rate"":5e-05}","{""detection_events"":258,""detectors_checked"":1101856}"
      1015,         0,         0,   0.004,exact_mw,f32ebecd8e105e50ec838d33c5ed9b45444b6b44a3c6ac541111079f2b14e893,"{""distance"":5,""physical_error_rate"":5e-05}","{""detection_events"":50,""detectors_checked"":227360}"
      6144,         0,         0,   0.048,exact_mw,f32ebecd8e105e50ec838d33c5ed9b45444b6b44a3c6ac541111079f2b14e893,"{""distance"":5,""physical_error_rate"":5e-05}","{""detection_events"":284,""detectors_checked"":1376256}"
      6144,         0,         0,   0.040,exact_mw,f32ebecd8e105e50ec838d33c5ed9b45444b6b44a3c6ac541111079f2b14e893,"{""distance"":5,""physical_error_rate"":5e-05}","{""detection_events"":332,""detectors_checked"":1376256}"
       768,         0,         0,   0.003,exact_mw,f32ebecd8e105e50ec838d33c5ed9b45444b6b44a3c6ac541111079f2b14e893,"{""distance"":5,""physical_error_rate"":5e-05}","{""detection_events"":41,""detectors_checked"":172032}"
       768,         0,         0,   0.003,exact_mw,f32ebecd8e105e50ec838d33c5ed9b45444b6b44a3c6ac541111079f2b14e893,"{""distance"":5,""physical_error_rate"":5e-05}","{""detection_events"":38,""detectors_checked"":172032}"
      5120,         0,         0,   0.020,exact_mw,f32ebecd8e105e50ec838d33c5ed9b45444b6b44a3c6ac541111079f2b14e893,"{""distance"":5,""physical_error_rate"":5e-05}","{""detection_events"":275,""detectors_checked"":1146880}"
      1102,         0,         0,   0.004,exact_mw,f32ebecd8e105e50ec838d33c5ed9b45444b6b44a3c6ac541111079f2b14e893,"{""distance"":5,""physical_error_rate"":5e-05}","{""detection_events"":50,""detectors_checked"":246848}"
      4409,         0,         0,   0.016,exact_mw,f32ebecd8e105e50ec838d33c5ed9b45444b6b44a3c6ac541111079f2b14e893,"{""distance"":5,""physical_error_rate"":5e-05}","{""detection_events"":205,""detectors_checked"":987616}"
      1292,         0,         0,   0.005,exact_mw,f32ebecd8e105e50ec838d33c5ed9b45444b6b44a3c6ac541111079f2b14e893,"{""distance"":5,""physical_error_rate"":5e-05}","{""detection_events"":41,""detectors_checked"":289408}"
     16384,         0,         0,   0.790,exact_mw,f32ebecd8e105e50ec838d33c5ed9b45444b6b44a3c6ac541111079f2b14e893,"{""distance"":5,""physical_error_rate"":5e-05}","{""detection_events"":775,""detectors_checked"":3670016}"
       977,         0,         0,   0.004,exact_mw,f32ebecd8e105e50ec838d33c5ed9b45444b6b44a3c6ac541111079f2b14e893,"{""distance"":5,""physical_error_rate"":5e-05}","{""detection_events"":47,""detectors_checked"":218848}"
      5120,         0,         0,   0.027,exact_mw,f32ebecd8e105e50ec838d33c5ed9b45444b6b44a3c6ac541111079f2b14e893,"{""distance"":5,""physical_error_rate"":5e-05}","{""detection_events"":274,""detectors_checked"":1146880}"
      4096,         0,         0,   0.037,exact_mw,f32ebecd8e105e50ec838d33c5ed9b45444b6b44a3c6ac541111079f2b14e893,"{""distance"":5,""physical_error_rate"":5e-05}","{""detection_events"":213,""detectors_checked"":917504}"
      1354,         0,         0,   0.005,exact_mw,f32ebecd8e105e50ec838d33c5ed9b45444b6b44a3c6ac541111079f2b14e893,"{""distance"":5,""physical_error_rate"":5e-05}","{""detection_events"":47,""detectors_checked"":303296}"
       100,         0,         0,   0.001,exact_mw,f32ebecd8e105e50ec838d33c5ed9b45444b6b44a3c6ac541111079f2b14e893,"{""distance"":5,""physical_error_rate"":5e-05}","{""detectors_checked"":22400}"
       672,         0,         0,   0.003,exact_mw,f32ebecd8e105e50ec838d33c5ed9b45444b6b44a3c6ac541111079f2b14e893,"{""distance"":5,""physical_error_rate"":5e-05}","{""detection_events"":23,""detectors_checked"":150528}"
        63,         0,         0,   0.000,exact_mw,f32ebecd8e105e50ec838d33c5ed9b45444b6b44a3c6ac541111079f2b14e893,"{""distance"":5,""physical_error_rate"":5e-05}","{""detection_events"":5,""detectors_checked"":14112}"
      1054,         0,         0,   0.004,exact_mw,f32ebecd8e105e50ec838d33c5ed9b45444b6b44a3c6ac541111079f2b14e893,"{""distance"":5,""physical_error_rate"":5e-05}","{""detection_events"":77,""detectors_checked"":236096}"
       929,         0,         0,   0.003,exact_mw,f32ebecd8e105e50ec838d33c5ed9b45444b6b44a3c6ac541111079f2b14e893,"{""distance"":5,""physical_error_rate"":5e-05}","{""detection_events"":51,""detectors_checked"":208096}"
      4472,         0,         0,   0.040,exact_mw,f32ebecd8e105e50ec838d33c5ed9b45444b6b44a3c6ac541111079f2b14e893,"{""distance"":5,""physical_error_rate"":5e-05}","{""detection_events"":263,""detectors_checked"":1001728}"
      1139,         0,         0,   0.004,exact_mw,f32ebecd8e105e50ec838d33c5ed9b45444b6b44a3c6ac541111079f2b14e893,"{""distance"":5,""physical_error_rate"":5e-05}","{""detection_events"":51,""detectors_checked"":255136}"
       746,         0,         0,   0.003,exact_mw,f32ebecd8e105e50ec838d33c5ed9b45444b6b44a3c6ac541111079f2b14e893,"{""distance"":5,""physical_error_rate"":5e-05}","{""detection_events"":60,""detectors_checked"":167104}"
       984,         0,         0,   0.004,exact_mw,f32ebecd8e105e50ec838d33c5ed9b45444b6b44a3c6ac541111079f2b14e893,"{""distance"":5,""physical_error_rate"":5e-05}","{""detection_events"":60,""detectors_checked"":220416}"
       651,         0,         0,   0.002,exact_mw,f32ebecd8e105e50ec838d33c5ed9b45444b6b44a3c6ac541111079f2b14e893,"{""distance"":5,""physical_error_rate"":5e-05}","{""detection_events"":29,""detectors_checked"":145824}"
      1715,         0,         0,   0.006,exact_mw,f32ebecd8e105e50ec838d33c5ed9b45444b6b44a3c6ac541111079f2b14e893,"{""distance"":5,""physical_error_rate"":5e-05}","{""detection_events"":102,""detectors_checked"":384160}"
        48,         0,         0,   0.000,exact_mw,f32ebecd8e105e50ec838d33c5ed9b45444b6b44a3c6ac541111079f2b14e893,"{""distance"":5,""physical_error_rate"":5e-05}","{""detection_events"":2,""detectors_checked"":10752}"
        61,         0,         0,   0.000,exact_mw,f32ebecd8e105e50ec838d33c5ed9b45444b6b44a3c6ac541111079f2b14e893,"{""distance"":5,""physical_error_rate"":5e-05}","{""detectors_checked"":13664}"
       132,         0,         0,   0.001,exact_mw,f32ebecd8e105e50ec838d33c5ed9b45444b6b44a3c6ac541111079f2b14e893,"{""distance"":5,""physical_error_rate"":5e-05}","{""detection_events"":7,""detectors_checked"":29568}"
       527,         0,         0,   0.002,exact_mw,f32ebecd8e105e50ec838d33c5ed9b45444b6b44a3c6ac541111079f2b14e893,"{""distance"":5,""physical_error_rate"":5e-05}","{""detection_events"":9,""detectors_checked"":118048}"
       371,         0,         0,   0.001,exact_mw,f32ebecd8e105e50ec838d33c5ed9b45444b6b44a3c6ac541111079f2b14e893,"{""distance"":5,""physical_error_rate"":5e-05}","{""detection_events"":10,""detectors_checked"":83104}"
       936,         0,         0,   0.003,exact_mw,f32ebecd8e105e50ec838d33c5ed9b45444b6b44a3c6ac541111079f2b14e893,"{""distance"":5,""physical_error_rate"":5e-05}","{""detection_events"":49,""detectors_checked"":209664}"
       936,         0,         0,   0.003,exact_mw,f32ebecd8e105e50ec838d33c5ed9b45444b6b44a3c6ac541111079f2b14e893,"{""distance"":5,""physical_error_rate"":5e-05}","{""detection_events"":57,""detectors_checked"":209664}"
         8,         0,         0,   0.000,exact_mw,f32ebecd8e105e50ec838d33c5ed9b45444b6b44a3c6ac541111079f2b14e893,"{""distance"":5,""physical_error_rate"":5e-05}","{""detectors_checked"":1792}"
        66,         0,         0,   0.000,exact_mw,f32ebecd8e105e50ec838d33c5ed9b45444b6b44a3c6ac541111079f2b14e893,"{""distance"":5,""physical_error_rate"":5e-05}","{""detectors_checked"":14784}"
        66,         0,         0,   0.000,exact_mw,f32ebecd8e105e50ec838d33c5ed9b45444b6b44a3c6ac541111079f2b14e893,"{""distance"":5,""physical_error_rate"":5e-05}","{""detection_events"":2,""detectors_checked"":14784}"
      1024,         0,         0,   0.004,exact_mw,f32ebecd8e105e50ec838d33c5ed9b45444b6b44a3c6ac541111079f2b14e893,"{""distance"":5,""physical_error_rate"":5e-05}","{""detection_events"":47,""detectors_checked"":229376}"
        41,         0,         0,   0.000,exact_mw,f32ebecd8e105e50ec838d33c5ed9b45444b6b44a3c6ac541111079f2b14e893,"{""distance"":5,""physical_error_rate"":5e-05}","{""detection_events"":2,""detectors_checked"":9184}"
         8,         0,         0,   0.000,exact_mw,f32ebecd8e105e50ec838d33c5ed9b45444b6b44a3c6ac541111079f2b14e893,"{""distance"":5,""physical_error_rate"":5e-05}","{""detectors_checked"":1792}"
         8,         0,         0,   0.000,exact_mw,f32ebecd8e105e50ec838d33c5ed9b45444b6b44a3c6ac541111079f2b14e893,"{""distance"":5,""physical_error_rate"":5e-05}","{""detection_events"":2,""detectors_checked"":1792}"
         8,         0,         0,   0.000,exact_mw,f32ebecd8e105e50ec838d33c5ed9b45444b6b44a3c6ac541111079f2b14e893,"{""distance"":5,""physical_error_rate"":5e-05}","{""detectors_checked"":1792}"
         8,         0,         0,   0.000,exact_mw,f32ebecd8e105e50ec838d33c5ed9b45444b6b44a3c6ac541111079f2b14e893,"{""distance"":5,""physical_error_rate"":5e-05}","{""detectors_checked"":1792}"
         5,         0,         0,   0.000,exact_mw,f32ebecd8e105e50ec838d33c5ed9b45444b6b44a3c6ac541111079f2b14e893,"{""distance"":5,""physical_error_rate"":5e-05}","{""detectors_checked"":1120}"
         8,         0,         0,   0.000,exact_mw,f32ebecd8e105e50ec838d33c5ed9b45444b6b44a3c6ac541111079f2b14e893,"{""distance"":5,""physical_error_rate"":5e-05}","{""detectors_checked"":1792}"
         8,         0,         0,   0.000,exact_mw,f32ebecd8e105e50ec838d33c5ed9b45444b6b44a3c6ac541111079f2b14e893,"{""distance"":5,""physical_error_rate"":5e-05}","{""detectors_checked"":1792}"
         8,         0,         0,   0.000,exact_mw,f32ebecd8e105e50ec838d33c5ed9b45444b6b44a3c6ac541111079f2b14e893,"{""distance"":5,""physical_error_rate"":5e-05}","{""detectors_checked"":1792}"
         8,         0,         0,   0.000,exact_mw,f32ebecd8e105e50ec838d33c5ed9b45444b6b44a3c6ac541111079f2b14e893,"{""distance"":5,""physical_error_rate"":5e-05}","{""detectors_checked"":1792}"
         8,         0,         0,   0.000,exact_mw,f32ebecd8e105e50ec838d33c5ed9b45444b6b44a3c6ac541111079f2b14e893,"{""distance"":5,""physical_error_rate"":5e-05}","{""detectors_checked"":1792}"
         8,         0,         0,   0.000,exact_mw,f32ebecd8e105e50ec838d33c5ed9b45444b6b44a3c6ac541111079f2b14e893,"{""distance"":5,""physical_error_rate"":5e-05}","{""detectors_checked"":1792}"
         2,         0,         0,   0.000,exact_mw,f32ebecd8e105e50ec838d33c5ed9b45444b6b44a3c6ac541111079f2b14e893,"{""distance"":5,""physical_error_rate"":5e-05}","{""detectors_checked"":448}"
         2,         0,         0,   0.000,exact_mw,f32ebecd8e105e50ec838d33c5ed9b45444b6b44a3c6ac541111079f2b14e893,"{""distance"":5,""physical_error_rate"":5e-05}","{""detectors_checked"":448}"
         2,         0,         0,   0.000,exact_mw,f32ebecd8e105e50ec838d33c5ed9b45444b6b44a3c6ac541111079f2b14e893,"{""distance"":5,""physical_error_rate"":5e-05}","{""detectors_checked"":448}"
         2,         0,         0,   0.000,exact_mw,f32ebecd8e105e50ec838d33c5ed9b45444b6b44a3c6ac541111079f2b14e893,"{""distance"":5,""physical_error_rate"":5e-05}","{""detectors_checked"":448}"
         2,         0,         0,   0.000,exact_mw,f32ebecd8e105e50ec838d33c5ed9b45444b6b44a3c6ac541111079f2b14e893,"{""distance"":5,""physical_error_rate"":5e-05}","{""detectors_checked"":448}"
         2,         0,         0,   0.000,exact_mw,f32ebecd8e105e50ec838d33c5ed9b45444b6b44a3c6ac541111079f2b14e893,"{""distance"":5,""physical_error_rate"":5e-05}","{""detectors_checked"":448}"
         2,         0,         0,   0.000,exact_mw,f32ebecd8e105e50ec838d33c5ed9b45444b6b44a3c6ac541111079f2b14e893,"{""distance"":5,""physical_error_rate"":5e-05}","{""detectors_checked"":448}"
         1,         0,         0,   0.000,exact_mw,f32ebecd8e105e50ec838d33c5ed9b45444b6b44a3c6ac541111079f2b14e893,"{""distance"":5,""physical_error_rate"":5e-05}","{""detectors_checked"":224}"
         1,         0,         0,   0.000,exact_mw,f32ebecd8e105e50ec838d33c5ed9b45444b6b44a3c6ac541111079f2b14e893,"{""distance"":5,""physical_error_rate"":5e-05}","{""detectors_checked"":224}"
         1,         0,         0,   0.000,exact_mw,f32ebecd8e105e50ec838d33c5ed9b45444b6b44a3c6ac541111079f2b14e893,"{""distance"":5,""physical_error_rate"":5e-05}","{""detectors_checked"":224}"
         1,         0,         0,   0.000,exact_mw,f32ebecd8e105e50ec838d33c5ed9b45444b6b44a3c6ac541111079f2b14e893,"{""distance"":5,""physical_error_rate"":5e-05}","{""detection_events"":2,""detectors_checked"":224}"
         1,         0,         0,   0.000,exact_mw,f32ebecd8e105e50ec838d33c5ed9b45444b6b44a3c6ac541111079f2b14e893,"{""distance"":5,""physical_error_rate"":5e-05}","{""detectors_checked"":224}"
         1,         0,         0,   0.000,exact_mw,f32ebecd8e105e50ec838d33c5ed9b45444b6b44a3c6ac541111079f2b14e893,"{""distance"":5,""physical_error_rate"":5e-05}","{""detectors_checked"":224}"
         8,         0,         0,   0.000,exact_mw,f32ebecd8e105e50ec838d33c5ed9b45444b6b44a3c6ac541111079f2b14e893,"{""distance"":5,""physical_error_rate"":5e-05}","{""detectors_checked"":1792}"
         1,         0,         0,   0.000,exact_mw,f32ebecd8e105e50ec838d33c5ed9b45444b6b44a3c6ac541111079f2b14e893,"{""distance"":5,""physical_error_rate"":5e-05}","{""detectors_checked"":224}"
         1,         0,         0,   0.000,exact_mw,f32ebecd8e105e50ec838d33c5ed9b45444b6b44a3c6ac541111079f2b14e893,"{""distance"":5,""physical_error_rate"":5e-05}","{""detectors_checked"":224}"
   9763840,         0,         0,    96.2,exact_mw,70a969f5042aec17ac076c6379f4170fb7c69b8e925756ef3b7334e28a33338b,"{""distance"":5,""physical_error_rate"":0.0001}","{""detection_events"":960510,""detectors_checked"":2187100160}"
   7006208,         0,         0,    64.9,exact_mw,cdc4a450a40af8e24899239080e4c40992fb5baf91c5a31ab3a165eacb3a1ab3,"{""distance"":5,""physical_error_rate"":0.0002}","{""detection_events"":1378329,""detectors_checked"":1569390592}"
   4090880,         0,         0,    21.7,exact_mw,cdc4a450a40af8e24899239080e4c40992fb5baf91c5a31ab3a165eacb3a1ab3,"{""distance"":5,""physical_error_rate"":0.0002}","{""detection_events"":804612,""detectors_checked"":916357120}"
   4503552,         0,         0,    34.7,exact_mw,cdc4a450a40af8e24899239080e4c40992fb5baf91c5a31ab3a165eacb3a1ab3,"{""distance"":5,""physical_error_rate"":0.0002}","{""detection_events"":888930,""detectors_checked"":1008795648}"
   7225344,         0,         0,    88.1,exact_mw,70a969f5042aec17ac076c6379f4170fb7c69b8e925756ef3b7334e28a33338b,"{""distance"":5,""physical_error_rate"":0.0001}","{""detection_events"":713269,""detectors_checked"":1618477056}"
   7372800,         0,         0,    56.6,exact_mw,70a969f5042aec17ac076c6379f4170fb7c69b8e925756ef3b7334e28a33338b,"{""distance"":5,""physical_error_rate"":0.0001}","{""detection_events"":726332,""detectors_checked"":1651507200}"
   6198272,         1,         0,    77.9,exact_mw,cdc4a450a40af8e24899239080e4c40992fb5baf91c5a31ab3a165eacb3a1ab3,"{""distance"":5,""physical_error_rate"":0.0002}","{""detection_events"":1220828,""detectors_checked"":1388412928,""obs_mistake_mask=E"":1}"
      3345,         0,         0,   0.013,exact_mw,cdc4a450a40af8e24899239080e4c40992fb5baf91c5a31ab3a165eacb3a1ab3,"{""distance"":5,""physical_error_rate"":0.0002}","{""detection_events"":650,""detectors_checked"":749280}"
      4096,         0,         0,   0.016,exact_mw,cdc4a450a40af8e24899239080e4c40992fb5baf91c5a31ab3a165eacb3a1ab3,"{""distance"":5,""physical_error_rate"":0.0002}","{""detection_events"":877,""detectors_checked"":917504}"
      6144,         0,         0,   0.023,exact_mw,cdc4a450a40af8e24899239080e4c40992fb5baf91c5a31ab3a165eacb3a1ab3,"{""distance"":5,""physical_error_rate"":0.0002}","{""detection_events"":1194,""detectors_checked"":1376256}"
      8192,         0,         0,   0.031,exact_mw,cdc4a450a40af8e24899239080e4c40992fb5baf91c5a31ab3a165eacb3a1ab3,"{""distance"":5,""physical_error_rate"":0.0002}","{""detection_events"":1624,""detectors_checked"":1835008}"
     10240,         0,         0,   0.039,exact_mw,cdc4a450a40af8e24899239080e4c40992fb5baf91c5a31ab3a165eacb3a1ab3,"{""distance"":5,""physical_error_rate"":0.0002}","{""detection_events"":2066,""detectors_checked"":2293760}"
     14336,         0,         0,   0.055,exact_mw,cdc4a450a40af8e24899239080e4c40992fb5baf91c5a31ab3a165eacb3a1ab3,"{""distance"":5,""physical_error_rate"":0.0002}","{""detection_events"":2923,""detectors_checked"":3211264}"
     20480,         0,         0,   0.075,exact_mw,cdc4a450a40af8e24899239080e4c40992fb5baf91c5a31ab3a165eacb3a1ab3,"{""distance"":5,""physical_error_rate"":0.0002}","{""detection_events"":4024,""detectors_checked"":4587520}"
     28672,         0,         0,   0.108,exact_mw,cdc4a450a40af8e24899239080e4c40992fb5baf91c5a31ab3a165eacb3a1ab3,"{""distance"":5,""physical_error_rate"":0.0002}","{""detection_events"":5660,""detectors_checked"":6422528}"
     39936,         0,         0,   0.147,exact_mw,cdc4a450a40af8e24899239080e4c40992fb5baf91c5a31ab3a165eacb3a1ab3,"{""distance"":5,""physical_error_rate"":0.0002}","{""detection_events"":7515,""detectors_checked"":8945664}"
   7490058,         0,         0,    41.7,exact_mw,70a969f5042aec17ac076c6379f4170fb7c69b8e925756ef3b7334e28a33338b,"{""distance"":5,""physical_error_rate"":0.0001}","{""detection_events"":737569,""detectors_checked"":1677772992}"
   7213056,         0,         0,    98.1,exact_mw,70a969f5042aec17ac076c6379f4170fb7c69b8e925756ef3b7334e28a33338b,"{""distance"":5,""physical_error_rate"":0.0001}","{""detection_events"":714907,""detectors_checked"":1615724544}"
   6787072,         0,         0,    52.6,exact_mw,70a969f5042aec17ac076c6379f4170fb7c69b8e925756ef3b7334e28a33338b,"{""distance"":5,""physical_error_rate"":0.0001}","{""detection_events"":670441,""detectors_checked"":1520304128}"
   6608896,         0,         0,    99.4,exact_mw,70a969f5042aec17ac076c6379f4170fb7c69b8e925756ef3b7334e28a33338b,"{""distance"":5,""physical_error_rate"":0.0001}","{""detection_events"":652654,""detectors_checked"":1480392704}"
     31744,         0,         0,   0.206,exact_mw,cdc4a450a40af8e24899239080e4c40992fb5baf91c5a31ab3a165eacb3a1ab3,"{""distance"":5,""physical_error_rate"":0.0002}","{""detection_events"":6173,""detectors_checked"":7110656}"
      3345,         0,         0,   0.027,exact_mw,70a969f5042aec17ac076c6379f4170fb7c69b8e925756ef3b7334e28a33338b,"{""distance"":5,""physical_error_rate"":0.0001}","{""detection_events"":333,""detectors_checked"":749280}"
      3345,         0,         0,   0.026,exact_mw,70a969f5042aec17ac076c6379f4170fb7c69b8e925756ef3b7334e28a33338b,"{""distance"":5,""physical_error_rate"":0.0001}","{""detection_events"":309,""detectors_checked"":749280}"
      4096,         0,         0,   0.028,exact_mw,70a969f5042aec17ac076c6379f4170fb7c69b8e925756ef3b7334e28a33338b,"{""distance"":5,""physical_error_rate"":0.0001}","{""detection_events"":464,""detectors_checked"":917504}"
      4096,         0,         0,   0.028,exact_mw,70a969f5042aec17ac076c6379f4170fb7c69b8e925756ef3b7334e28a33338b,"{""distance"":5,""physical_error_rate"":0.0001}","{""detection_events"":422,""detectors_checked"":917504}"
      1297,         0,         0,   0.028,exact_mw,cb12ae119b9b2ba18d0216e7235b403229e92fd0743ede48fe7f1a2c6f45d594,"{""distance"":5,""physical_error_rate"":0.0005}","{""detection_events"":644,""detectors_checked"":290528}"
      3072,         0,         0,   0.029,exact_mw,70a969f5042aec17ac076c6379f4170fb7c69b8e925756ef3b7334e28a33338b,"{""distance"":5,""physical_error_rate"":0.0001}","{""detection_events"":310,""detectors_checked"":688128}"
      3072,         0,         0,   0.024,exact_mw,70a969f5042aec17ac076c6379f4170fb7c69b8e925756ef3b7334e28a33338b,"{""distance"":5,""physical_error_rate"":0.0001}","{""detection_events"":306,""detectors_checked"":688128}"
      2048,         0,         0,   0.026,exact_mw,cb12ae119b9b2ba18d0216e7235b403229e92fd0743ede48fe7f1a2c6f45d594,"{""distance"":5,""physical_error_rate"":0.0005}","{""detection_events"":941,""detectors_checked"":458752}"
      2321,         0,         0,   0.011,exact_mw,cb12ae119b9b2ba18d0216e7235b403229e92fd0743ede48fe7f1a2c6f45d594,"{""distance"":5,""physical_error_rate"":0.0005}","{""detection_events"":1075,""detectors_checked"":519904}"
      3072,         0,         0,   0.029,exact_mw,70a969f5042aec17ac076c6379f4170fb7c69b8e925756ef3b7334e28a33338b,"{""distance"":5,""physical_error_rate"":0.0001}","{""detection_events"":256,""detectors_checked"":688128}"
      4096,         0,         0,   0.028,exact_mw,70a969f5042aec17ac076c6379f4170fb7c69b8e925756ef3b7334e28a33338b,"{""distance"":5,""physical_error_rate"":0.0001}","{""detection_events"":444,""detectors_checked"":917504}"
      1297,         0,         0,   0.023,exact_mw,cdc4a450a40af8e24899239080e4c40992fb5baf91c5a31ab3a165eacb3a1ab3,"{""distance"":5,""physical_error_rate"":0.0002}","{""detection_events"":261,""detectors_checked"":290528}"
      2048,         0,         0,   0.028,exact_mw,cb12ae119b9b2ba18d0216e7235b403229e92fd0743ede48fe7f1a2c6f45d594,"{""distance"":5,""physical_error_rate"":0.0005}","{""detection_events"":972,""detectors_checked"":458752}"
      1024,         0,         0,   0.018,exact_mw,cb12ae119b9b2ba18d0216e7235b403229e92fd0743ede48fe7f1a2c6f45d594,"{""distance"":5,""physical_error_rate"":0.0005}","{""detection_events"":462,""detectors_checked"":229376}"
      2048,         0,         0,   0.025,exact_mw,cb12ae119b9b2ba18d0216e7235b403229e92fd0743ede48fe7f1a2c6f45d594,"{""distance"":5,""physical_error_rate"":0.0005}","{""detection_events"":1007,""detectors_checked"":458752}"
      2048,         0,         0,   0.037,exact_mw,cdc4a450a40af8e24899239080e4c40992fb5baf91c5a31ab3a165eacb3a1ab3,"{""distance"":5,""physical_error_rate"":0.0002}","{""detection_events"":449,""detectors_checked"":458752}"
         1,         0,         0,   0.000,exact_mw,70a969f5042aec17ac076c6379f4170fb7c69b8e925756ef3b7334e28a33338b,"{""distance"":5,""physical_error_rate"":0.0001}","{""detectors_checked"":224}"
      7168,         0,         0,   0.052,exact_mw,70a969f5042aec17ac076c6379f4170fb7c69b8e925756ef3b7334e28a33338b,"{""distance"":5,""physical_error_rate"":0.0001}","{""detection_events"":761,""detectors_checked"":1605632}"
      4096,         0,         0,   0.047,exact_mw,70a969f5042aec17ac076c6379f4170fb7c69b8e925756ef3b7334e28a33338b,"{""distance"":5,""physical_error_rate"":0.0001}","{""detection_events"":417,""detectors_checked"":917504}"
      4368,         0,         0,   0.016,exact_mw,70a969f5042aec17ac076c6379f4170fb7c69b8e925756ef3b7334e28a33338b,"{""distance"":5,""physical_error_rate"":0.0001}","{""detection_events"":428,""detectors_checked"":978432}"
      4096,         0,         0,   0.037,exact_mw,cb12ae119b9b2ba18d0216e7235b403229e92fd0743ede48fe7f1a2c6f45d594,"{""distance"":5,""physical_error_rate"":0.0005}","{""detection_events"":1930,""detectors_checked"":917504}"
      3072,         0,         0,   0.031,exact_mw,cb12ae119b9b2ba18d0216e7235b403229e92fd0743ede48fe7f1a2c6f45d594,"{""distance"":5,""physical_error_rate"":0.0005}","{""detection_events"":1474,""detectors_checked"":688128}"
      3072,         0,         0,   0.012,exact_mw,cdc4a450a40af8e24899239080e4c40992fb5baf91c5a31ab3a165eacb3a1ab3,"{""distance"":5,""physical_error_rate"":0.0002}","{""detection_events"":590,""detectors_checked"":688128}"
      2048,         0,         0,   0.021,exact_mw,70a969f5042aec17ac076c6379f4170fb7c69b8e925756ef3b7334e28a33338b,"{""distance"":5,""physical_error_rate"":0.0001}","{""detection_events"":303,""detectors_checked"":458752}"
      2048,         0,         0,   0.029,exact_mw,cb12ae119b9b2ba18d0216e7235b403229e92fd0743ede48fe7f1a2c6f45d594,"{""distance"":5,""physical_error_rate"":0.0005}","{""detection_events"":977,""detectors_checked"":458752}"
      2048,         0,         0,   0.029,exact_mw,cdc4a450a40af8e24899239080e4c40992fb5baf91c5a31ab3a165eacb3a1ab3,"{""distance"":5,""physical_error_rate"":0.0002}","{""detection_events"":462,""detectors_checked"":458752}"
      7168,         0,         0,   0.052,exact_mw,70a969f5042aec17ac076c6379f4170fb7c69b8e925756ef3b7334e28a33338b,"{""distance"":5,""physical_error_rate"":0.0001}","{""detection_events"":879,""detectors_checked"":1605632}"
      5120,         0,         0,   0.054,exact_mw,70a969f5042aec17ac076c6379f4170fb7c69b8e925756ef3b7334e28a33338b,"{""distance"":5,""physical_error_rate"":0.0001}","{""detection_events"":552,""detectors_checked"":1146880}"
      4096,         0,         0,   0.028,exact_mw,70a969f5042aec17ac076c6379f4170fb7c69b8e925756ef3b7334e28a33338b,"{""distance"":5,""physical_error_rate"":0.0001}","{""detection_events"":438,""detectors_checked"":917504}"
      6144,         0,         0,   0.056,exact_mw,cb12ae119b9b2ba18d0216e7235b403229e92fd0743ede48fe7f1a2c6f45d594,"{""distance"":5,""physical_error_rate"":0.0005}","{""detection_events"":2874,""detectors_checked"":1376256}"
      3072,         0,         0,   0.056,exact_mw,cb12ae119b9b2ba18d0216e7235b403229e92fd0743ede48fe7f1a2c6f45d594,"{""distance"":5,""physical_error_rate"":0.0005}","{""detection_events"":1532,""detectors_checked"":688128}"
      4096,         0,         0,   0.057,exact_mw,cdc4a450a40af8e24899239080e4c40992fb5baf91c5a31ab3a165eacb3a1ab3,"{""distance"":5,""physical_error_rate"":0.0002}","{""detection_events"":877,""detectors_checked"":917504}"
      1297,         0,         0,   0.009,exact_mw,cb12ae119b9b2ba18d0216e7235b403229e92fd0743ede48fe7f1a2c6f45d594,"{""distance"":5,""physical_error_rate"":0.0005}","{""detection_events"":622,""detectors_checked"":290528}"
      7168,         0,         0,   0.052,exact_mw,70a969f5042aec17ac076c6379f4170fb7c69b8e925756ef3b7334e28a33338b,"{""distance"":5,""physical_error_rate"":0.0001}","{""detection_events"":705,""detectors_checked"":1605632}"
     64512,         0,         0,   0.296,exact_mw,cdc4a450a40af8e24899239080e4c40992fb5baf91c5a31ab3a165eacb3a1ab3,"{""distance"":5,""physical_error_rate"":0.0002}","{""detection_events"":12476,""detectors_checked"":14450688}"
     11264,         0,         0,   0.079,exact_mw,70a969f5042aec17ac076c6379f4170fb7c69b8e925756ef3b7334e28a33338b,"{""distance"":5,""physical_error_rate"":0.0001}","{""detection_events"":1126,""detectors_checked"":2523136}"
      1024,         0,         0,   0.006,exact_mw,cb12ae119b9b2ba18d0216e7235b403229e92fd0743ede48fe7f1a2c6f45d594,"{""distance"":5,""physical_error_rate"":0.0005}","{""detection_events"":527,""detectors_checked"":229376}"
      6144,         0,         0,   0.053,exact_mw,cb12ae119b9b2ba18d0216e7235b403229e92fd0743ede48fe7f1a2c6f45d594,"{""distance"":5,""physical_error_rate"":0.0005}","{""detection_events"":3013,""detectors_checked"":1376256}"
      6144,         0,         0,   0.085,exact_mw,70a969f5042aec17ac076c6379f4170fb7c69b8e925756ef3b7334e28a33338b,"{""distance"":5,""physical_error_rate"":0.0001}","{""detection_events"":672,""detectors_checked"":1376256}"
   5973294,         0,         0,    38.6,exact_mw,70a969f5042aec17ac076c6379f4170fb7c69b8e925756ef3b7334e28a33338b,"{""distance"":5,""physical_error_rate"":0.0001}","{""detection_events"":590101,""detectors_checked"":1338017856}"
   5033984,         0,         0,    37.3,exact_mw,70a969f5042aec17ac076c6379f4170fb7c69b8e925756ef3b7334e28a33338b,"{""distance"":5,""physical_error_rate"":0.0001}","{""detection_events"":494838,""detectors_checked"":1127612416}"
   5282816,         0,         0,    42.2,exact_mw,70a969f5042aec17ac076c6379f4170fb7c69b8e925756ef3b7334e28a33338b,"{""distance"":5,""physical_error_rate"":0.0001}","{""detection_events"":520391,""detectors_checked"":1183350784}"
      4096,         0,         0,   0.057,exact_mw,cdc4a450a40af8e24899239080e4c40992fb5baf91c5a31ab3a165eacb3a1ab3,"{""distance"":5,""physical_error_rate"":0.0002}","{""detection_events"":812,""detectors_checked"":917504}"
      2048,         0,         0,   0.024,exact_mw,cb12ae119b9b2ba18d0216e7235b403229e92fd0743ede48fe7f1a2c6f45d594,"{""distance"":5,""physical_error_rate"":0.0005}","{""detection_events"":1008,""detectors_checked"":458752}"
      8192,         0,         0,   0.057,exact_mw,70a969f5042aec17ac076c6379f4170fb7c69b8e925756ef3b7334e28a33338b,"{""distance"":5,""physical_error_rate"":0.0001}","{""detection_events"":843,""detectors_checked"":1835008}"
      4096,         0,         0,   0.088,exact_mw,cb12ae119b9b2ba18d0216e7235b403229e92fd0743ede48fe7f1a2c6f45d594,"{""distance"":5,""physical_error_rate"":0.0005}","{""detection_events"":2036,""detectors_checked"":917504}"
      2048,         0,         0,   0.028,exact_mw,cb12ae119b9b2ba18d0216e7235b403229e92fd0743ede48fe7f1a2c6f45d594,"{""distance"":5,""physical_error_rate"":0.0005}","{""detection_events"":966,""detectors_checked"":458752}"
      9216,         0,         0,   0.066,exact_mw,cb12ae119b9b2ba18d0216e7235b403229e92fd0743ede48fe7f1a2c6f45d594,"{""distance"":5,""physical_error_rate"":0.0005}","{""detection_events"":4425,""detectors_checked"":2064384}"
         1,         0,         0,   0.000,exact_mw,cb12ae119b9b2ba18d0216e7235b403229e92fd0743ede48fe7f1a2c6f45d594,"{""distance"":5,""physical_error_rate"":0.0005}","{""detectors_checked"":224}"
     15360,         0,         0,   0.107,exact_mw,70a969f5042aec17ac076c6379f4170fb7c69b8e925756ef3b7334e28a33338b,"{""distance"":5,""physical_error_rate"":0.0001}","{""detection_events"":1485,""detectors_checked"":3440640}"
      6144,         0,         0,   0.078,exact_mw,cdc4a450a40af8e24899239080e4c40992fb5baf91c5a31ab3a165eacb3a1ab3,"{""distance"":5,""physical_error_rate"":0.0002}","{""detection_events"":1250,""detectors_checked"":1376256}"
      5120,         0,         0,   0.051,exact_mw,cb12ae119b9b2ba18d0216e7235b403229e92fd0743ede48fe7f1a2c6f45d594,"{""distance"":5,""physical_error_rate"":0.0005}","{""detection_events"":2604,""detectors_checked"":1146880}"
      2320,         0,         0,   0.021,exact_mw,cb12ae119b9b2ba18d0216e7235b403229e92fd0743ede48fe7f1a2c6f45d594,"{""distance"":5,""physical_error_rate"":0.0005}","{""detection_events"":1061,""detectors_checked"":519680}"
      9216,         0,         0,   0.118,exact_mw,70a969f5042aec17ac076c6379f4170fb7c69b8e925756ef3b7334e28a33338b,"{""distance"":5,""physical_error_rate"":0.0001}","{""detection_events"":800,""detectors_checked"":2064384}"
      1024,         0,         0,   0.026,exact_mw,cb12ae119b9b2ba18d0216e7235b403229e92fd0743ede48fe7f1a2c6f45d594,"{""distance"":5,""physical_error_rate"":0.0005}","{""detection_events"":467,""detectors_checked"":229376}"
      8192,         0,         0,   0.093,exact_mw,70a969f5042aec17ac076c6379f4170fb7c69b8e925756ef3b7334e28a33338b,"{""distance"":5,""physical_error_rate"":0.0001}","{""detection_events"":813,""detectors_checked"":1835008}"
      7168,         0,         0,   0.108,exact_mw,cb12ae119b9b2ba18d0216e7235b403229e92fd0743ede48fe7f1a2c6f45d594,"{""distance"":5,""physical_error_rate"":0.0005}","{""detection_events"":3505,""detectors_checked"":1605632}"
      6144,         0,         0,   0.055,exact_mw,cb12ae119b9b2ba18d0216e7235b403229e92fd0743ede48fe7f1a2c6f45d594,"{""distance"":5,""physical_error_rate"":0.0005}","{""detection_events"":3036,""detectors_checked"":1376256}"
      1297,         0,         0,   0.020,exact_mw,cb12ae119b9b2ba18d0216e7235b403229e92fd0743ede48fe7f1a2c6f45d594,"{""distance"":5,""physical_error_rate"":0.0005}","{""detection_events"":588,""detectors_checked"":290528}"
     10240,         0,         0,   0.104,exact_mw,cb12ae119b9b2ba18d0216e7235b403229e92fd0743ede48fe7f1a2c6f45d594,"{""distance"":5,""physical_error_rate"":0.0005}","{""detection_events"":5118,""detectors_checked"":2293760}"
      2048,         0,         0,   0.028,exact_mw,cb12ae119b9b2ba18d0216e7235b403229e92fd0743ede48fe7f1a2c6f45d594,"{""distance"":5,""physical_error_rate"":0.0005}","{""detection_events"":976,""detectors_checked"":458752}"
      2321,         0,         0,   0.022,exact_mw,cdc4a450a40af8e24899239080e4c40992fb5baf91c5a31ab3a165eacb3a1ab3,"{""distance"":5,""physical_error_rate"":0.0002}","{""detection_events"":405,""detectors_checked"":519904}"
      3072,         0,         0,   0.028,exact_mw,cb12ae119b9b2ba18d0216e7235b403229e92fd0743ede48fe7f1a2c6f45d594,"{""distance"":5,""physical_error_rate"":0.0005}","{""detection_events"":1541,""detectors_checked"":688128}"
      3072,         0,         0,   0.023,exact_mw,cb12ae119b9b2ba18d0216e7235b403229e92fd0743ede48fe7f1a2c6f45d594,"{""distance"":5,""physical_error_rate"":0.0005}","{""detection_events"":1573,""detectors_checked"":688128}"
     12288,         0,         0,   0.106,exact_mw,cdc4a450a40af8e24899239080e4c40992fb5baf91c5a31ab3a165eacb3a1ab3,"{""distance"":5,""physical_error_rate"":0.0002}","{""detection_events"":2502,""detectors_checked"":2752512}"
      3072,         0,         0,   0.024,exact_mw,cdc4a450a40af8e24899239080e4c40992fb5baf91c5a31ab3a165eacb3a1ab3,"{""distance"":5,""physical_error_rate"":0.0002}","{""detection_events"":671,""detectors_checked"":688128}"
      3072,         0,         0,   0.026,exact_mw,cb12ae119b9b2ba18d0216e7235b403229e92fd0743ede48fe7f1a2c6f45d594,"{""distance"":5,""physical_error_rate"":0.0005}","{""detection_events"":1487,""detectors_checked"":688128}"
      8192,         0,         0,   0.081,exact_mw,cb12ae119b9b2ba18d0216e7235b403229e92fd0743ede48fe7f1a2c6f45d594,"{""distance"":5,""physical_error_rate"":0.0005}","{""detection_events"":4358,""detectors_checked"":1835008}"
     10240,         0,         0,   0.110,exact_mw,70a969f5042aec17ac076c6379f4170fb7c69b8e925756ef3b7334e28a33338b,"{""distance"":5,""physical_error_rate"":0.0001}","{""detection_events"":1012,""detectors_checked"":2293760}"
      4096,         0,         0,   0.029,exact_mw,cdc4a450a40af8e24899239080e4c40992fb5baf91c5a31ab3a165eacb3a1ab3,"{""distance"":5,""physical_error_rate"":0.0002}","{""detection_events"":847,""detectors_checked"":917504}"
     22528,         0,         0,   0.159,exact_mw,70a969f5042aec17ac076c6379f4170fb7c69b8e925756ef3b7334e28a33338b,"{""distance"":5,""physical_error_rate"":0.0001}","{""detection_events"":2213,""detectors_checked"":5046272}"
      4096,         0,         0,   0.032,exact_mw,cb12ae119b9b2ba18d0216e7235b403229e92fd0743ede48fe7f1a2c6f45d594,"{""distance"":5,""physical_error_rate"":0.0005}","{""detection_events"":2067,""detectors_checked"":917504}"
     19456,         0,         0,   0.150,exact_mw,70a969f5042aec17ac076c6379f4170fb7c69b8e925756ef3b7334e28a33338b,"{""distance"":5,""physical_error_rate"":0.0001}","{""detection_events"":1990,""detectors_checked"":4358144}"
      5120,         0,         0,   0.057,exact_mw,cb12ae119b9b2ba18d0216e7235b403229e92fd0743ede48fe7f1a2c6f45d594,"{""distance"":5,""physical_error_rate"":0.0005}","{""detection_events"":2358,""detectors_checked"":1146880}"
      4096,         0,         0,   0.028,exact_mw,cdc4a450a40af8e24899239080e4c40992fb5baf91c5a31ab3a165eacb3a1ab3,"{""distance"":5,""physical_error_rate"":0.0002}","{""detection_events"":793,""detectors_checked"":917504}"
     13312,         0,         0,   0.150,exact_mw,cb12ae119b9b2ba18d0216e7235b403229e92fd0743ede48fe7f1a2c6f45d594,"{""distance"":5,""physical_error_rate"":0.0005}","{""detection_events"":6469,""detectors_checked"":2981888}"
      4096,         0,         0,   0.050,exact_mw,cb12ae119b9b2ba18d0216e7235b403229e92fd0743ede48fe7f1a2c6f45d594,"{""distance"":5,""physical_error_rate"":0.0005}","{""detection_events"":2157,""detectors_checked"":917504}"
      6144,         0,         0,   0.044,exact_mw,cdc4a450a40af8e24899239080e4c40992fb5baf91c5a31ab3a165eacb3a1ab3,"{""distance"":5,""physical_error_rate"":0.0002}","{""detection_events"":1298,""detectors_checked"":1376256}"
     15360,         0,         0,   0.157,exact_mw,cb12ae119b9b2ba18d0216e7235b403229e92fd0743ede48fe7f1a2c6f45d594,"{""distance"":5,""physical_error_rate"":0.0005}","{""detection_events"":7537,""detectors_checked"":3440640}"
     12288,         0,         0,   0.108,exact_mw,cb12ae119b9b2ba18d0216e7235b403229e92fd0743ede48fe7f1a2c6f45d594,"{""distance"":5,""physical_error_rate"":0.0005}","{""detection_events"":5981,""detectors_checked"":2752512}"
     20480,         0,         0,   0.142,exact_mw,cdc4a450a40af8e24899239080e4c40992fb5baf91c5a31ab3a165eacb3a1ab3,"{""distance"":5,""physical_error_rate"":0.0002}","{""detection_events"":4247,""detectors_checked"":4587520}"
      5120,         0,         0,   0.080,exact_mw,cb12ae119b9b2ba18d0216e7235b403229e92fd0743ede48fe7f1a2c6f45d594,"{""distance"":5,""physical_error_rate"":0.0005}","{""detection_events"":2504,""detectors_checked"":1146880}"
      6144,         0,         0,   0.053,exact_mw,cb12ae119b9b2ba18d0216e7235b403229e92fd0743ede48fe7f1a2c6f45d594,"{""distance"":5,""physical_error_rate"":0.0005}","{""detection_events"":3015,""detectors_checked"":1376256}"
      5120,         0,         0,   0.057,exact_mw,cdc4a450a40af8e24899239080e4c40992fb5baf91c5a31ab3a165eacb3a1ab3,"{""distance"":5,""physical_error_rate"":0.0002}","{""detection_events"":1050,""detectors_checked"":1146880}"
     90112,         0,         0,   0.398,exact_mw,cdc4a450a40af8e24899239080e4c40992fb5baf91c5a31ab3a165eacb3a1ab3,"{""distance"":5,""physical_error_rate"":0.0002}","{""detection_events"":17878,""detectors_checked"":20185088}"
     19456,         0,         0,   0.148,exact_mw,70a969f5042aec17ac076c6379f4170fb7c69b8e925756ef3b7334e28a33338b,"{""distance"":5,""physical_error_rate"":0.0001}","{""detection_events"":1863,""detectors_checked"":4358144}"
      9216,         0,         0,   0.080,exact_mw,cb12ae119b9b2ba18d0216e7235b403229e92fd0743ede48fe7f1a2c6f45d594,"{""distance"":5,""physical_error_rate"":0.0005}","{""detection_events"":4577,""detectors_checked"":2064384}"
     28672,         0,         0,   0.207,exact_mw,70a969f5042aec17ac076c6379f4170fb7c69b8e925756ef3b7334e28a33338b,"{""distance"":5,""physical_error_rate"":0.0001}","{""detection_events"":2965,""detectors_checked"":6422528}"
      8192,         0,         0,   0.107,exact_mw,cb12ae119b9b2ba18d0216e7235b403229e92fd0743ede48fe7f1a2c6f45d594,"{""distance"":5,""physical_error_rate"":0.0005}","{""detection_events"":4086,""detectors_checked"":1835008}"
     29696,         0,         0,   0.207,exact_mw,70a969f5042aec17ac076c6379f4170fb7c69b8e925756ef3b7334e28a33338b,"{""distance"":5,""physical_error_rate"":0.0001}","{""detection_events"":2797,""detectors_checked"":6651904}"
     13312,         0,         0,   0.147,exact_mw,cb12ae119b9b2ba18d0216e7235b403229e92fd0743ede48fe7f1a2c6f45d594,"{""distance"":5,""physical_error_rate"":0.0005}","{""detection_events"":6484,""detectors_checked"":2981888}"
      5120,         0,         0,   0.126,exact_mw,cdc4a450a40af8e24899239080e4c40992fb5baf91c5a31ab3a165eacb3a1ab3,"{""distance"":5,""physical_error_rate"":0.0002}","{""detection_events"":971,""detectors_checked"":1146880}"
     19456,         0,         0,   0.209,exact_mw,cb12ae119b9b2ba18d0216e7235b403229e92fd0743ede48fe7f1a2c6f45d594,"{""distance"":5,""physical_error_rate"":0.0005}","{""detection_events"":9509,""detectors_checked"":4358144}"
     21504,         0,         0,   0.194,exact_mw,cb12ae119b9b2ba18d0216e7235b403229e92fd0743ede48fe7f1a2c6f45d594,"{""distance"":5,""physical_error_rate"":0.0005}","{""detection_events"":10582,""detectors_checked"":4816896}"
     28672,         0,         0,   0.207,exact_mw,cdc4a450a40af8e24899239080e4c40992fb5baf91c5a31ab3a165eacb3a1ab3,"{""distance"":5,""physical_error_rate"":0.0002}","{""detection_events"":5882,""detectors_checked"":6422528}"
     10240,         0,         0,   0.109,exact_mw,cb12ae119b9b2ba18d0216e7235b403229e92fd0743ede48fe7f1a2c6f45d594,"{""distance"":5,""physical_error_rate"":0.0005}","{""detection_events"":5027,""detectors_checked"":2293760}"
     29696,         0,         0,   0.210,exact_mw,70a969f5042aec17ac076c6379f4170fb7c69b8e925756ef3b7334e28a33338b,"{""distance"":5,""physical_error_rate"":0.0001}","{""detection_events"":2923,""detectors_checked"":6651904}"
     15360,         0,         0,   0.156,exact_mw,cb12ae119b9b2ba18d0216e7235b403229e92fd0743ede48fe7f1a2c6f45d594,"{""distance"":5,""physical_error_rate"":0.0005}","{""detection_events"":7600,""detectors_checked"":3440640}"
      2048,         0,         0,   0.120,exact_mw,cdc4a450a40af8e24899239080e4c40992fb5baf91c5a31ab3a165eacb3a1ab3,"{""distance"":5,""physical_error_rate"":0.0002}","{""detection_events"":434,""detectors_checked"":458752}"
     19456,         0,         0,   0.208,exact_mw,cb12ae119b9b2ba18d0216e7235b403229e92fd0743ede48fe7f1a2c6f45d594,"{""distance"":5,""physical_error_rate"":0.0005}","{""detection_events"":9425,""detectors_checked"":4358144}"
     16384,         0,         0,   0.151,exact_mw,cb12ae119b9b2ba18d0216e7235b403229e92fd0743ede48fe7f1a2c6f45d594,"{""distance"":5,""physical_error_rate"":0.0005}","{""detection_events"":8360,""detectors_checked"":3670016}"
     38912,         0,         0,   0.292,exact_mw,70a969f5042aec17ac076c6379f4170fb7c69b8e925756ef3b7334e28a33338b,"{""distance"":5,""physical_error_rate"":0.0001}","{""detection_events"":3759,""detectors_checked"":8716288}"
     39936,         0,         0,   0.293,exact_mw,70a969f5042aec17ac076c6379f4170fb7c69b8e925756ef3b7334e28a33338b,"{""distance"":5,""physical_error_rate"":0.0001}","{""detection_events"":4069,""detectors_checked"":8945664}"
      3072,         0,         0,   0.181,exact_mw,cdc4a450a40af8e24899239080e4c40992fb5baf91c5a31ab3a165eacb3a1ab3,"{""distance"":5,""physical_error_rate"":0.0002}","{""detection_events"":665,""detectors_checked"":688128}"
     31744,         0,         0,   0.296,exact_mw,cb12ae119b9b2ba18d0216e7235b403229e92fd0743ede48fe7f1a2c6f45d594,"{""distance"":5,""physical_error_rate"":0.0005}","{""detection_events"":15518,""detectors_checked"":7110656}"
     21504,         0,         0,   0.208,exact_mw,cb12ae119b9b2ba18d0216e7235b403229e92fd0743ede48fe7f1a2c6f45d594,"{""distance"":5,""physical_error_rate"":0.0005}","{""detection_events"":10221,""detectors_checked"":4816896}"
     28672,         0,         0,   0.290,exact_mw,cb12ae119b9b2ba18d0216e7235b403229e92fd0743ede48fe7f1a2c6f45d594,"{""distance"":5,""physical_error_rate"":0.0005}","{""detection_events"":14225,""detectors_checked"":6422528}"
     37888,         0,         0,   0.290,exact_mw,cdc4a450a40af8e24899239080e4c40992fb5baf91c5a31ab3a165eacb3a1ab3,"{""distance"":5,""physical_error_rate"":0.0002}","{""detection_events"":7670,""detectors_checked"":8486912}"
     39936,         0,         0,   0.284,exact_mw,70a969f5042aec17ac076c6379f4170fb7c69b8e925756ef3b7334e28a33338b,"{""distance"":5,""physical_error_rate"":0.0001}","{""detection_events"":4047,""detectors_checked"":8945664}"
     21504,         0,         0,   0.207,exact_mw,cb12ae119b9b2ba18d0216e7235b403229e92fd0743ede48fe7f1a2c6f45d594,"{""distance"":5,""physical_error_rate"":0.0005}","{""detection_events"":10767,""detectors_checked"":4816896}"
    144384,         0,         0,   0.564,exact_mw,cdc4a450a40af8e24899239080e4c40992fb5baf91c5a31ab3a165eacb3a1ab3,"{""distance"":5,""physical_error_rate"":0.0002}","{""detection_events"":28501,""detectors_checked"":32342016}"
      1297,         0,         0,   0.023,exact_mw,cdc4a450a40af8e24899239080e4c40992fb5baf91c5a31ab3a165eacb3a1ab3,"{""distance"":5,""physical_error_rate"":0.0002}","{""detection_events"":296,""detectors_checked"":290528}"
      1297,         0,         0,   0.026,exact_mw,cb12ae119b9b2ba18d0216e7235b403229e92fd0743ede48fe7f1a2c6f45d594,"{""distance"":5,""physical_error_rate"":0.0005}","{""detection_events"":656,""detectors_checked"":290528}"
      2048,         0,         0,   0.026,exact_mw,cdc4a450a40af8e24899239080e4c40992fb5baf91c5a31ab3a165eacb3a1ab3,"{""distance"":5,""physical_error_rate"":0.0002}","{""detection_events"":424,""detectors_checked"":458752}"
     29696,         0,         0,   0.289,exact_mw,cb12ae119b9b2ba18d0216e7235b403229e92fd0743ede48fe7f1a2c6f45d594,"{""distance"":5,""physical_error_rate"":0.0005}","{""detection_events"":14733,""detectors_checked"":6651904}"
      2048,         0,         0,   0.033,exact_mw,cb12ae119b9b2ba18d0216e7235b403229e92fd0743ede48fe7f1a2c6f45d594,"{""distance"":5,""physical_error_rate"":0.0005}","{""detection_events"":946,""detectors_checked"":458752}"
      3072,         0,         0,   0.029,exact_mw,cdc4a450a40af8e24899239080e4c40992fb5baf91c5a31ab3a165eacb3a1ab3,"{""distance"":5,""physical_error_rate"":0.0002}","{""detection_events"":625,""detectors_checked"":688128}"
      2048,         0,         0,   0.028,exact_mw,cb12ae119b9b2ba18d0216e7235b403229e92fd0743ede48fe7f1a2c6f45d594,"{""distance"":5,""physical_error_rate"":0.0005}","{""detection_events"":1083,""detectors_checked"":458752}"
      2048,         0,         0,   0.027,exact_mw,cb12ae119b9b2ba18d0216e7235b403229e92fd0743ede48fe7f1a2c6f45d594,"{""distance"":5,""physical_error_rate"":0.0005}","{""detection_events"":1027,""detectors_checked"":458752}"
      3072,         0,         0,   0.033,exact_mw,cdc4a450a40af8e24899239080e4c40992fb5baf91c5a31ab3a165eacb3a1ab3,"{""distance"":5,""physical_error_rate"":0.0002}","{""detection_events"":634,""detectors_checked"":688128}"
      2321,         0,         0,   0.024,exact_mw,70a969f5042aec17ac076c6379f4170fb7c69b8e925756ef3b7334e28a33338b,"{""distance"":5,""physical_error_rate"":0.0001}","{""detection_events"":217,""detectors_checked"":519904}"
      4096,         0,         0,   0.284,exact_mw,cdc4a450a40af8e24899239080e4c40992fb5baf91c5a31ab3a165eacb3a1ab3,"{""distance"":5,""physical_error_rate"":0.0002}","{""detection_events"":896,""detectors_checked"":917504}"
      3072,         0,         0,   0.029,exact_mw,70a969f5042aec17ac076c6379f4170fb7c69b8e925756ef3b7334e28a33338b,"{""distance"":5,""physical_error_rate"":0.0001}","{""detection_events"":336,""detectors_checked"":688128}"
      4096,         0,         0,   0.051,exact_mw,cdc4a450a40af8e24899239080e4c40992fb5baf91c5a31ab3a165eacb3a1ab3,"{""distance"":5,""physical_error_rate"":0.0002}","{""detection_events"":768,""detectors_checked"":917504}"
      4096,         0,         0,   0.050,exact_mw,cb12ae119b9b2ba18d0216e7235b403229e92fd0743ede48fe7f1a2c6f45d594,"{""distance"":5,""physical_error_rate"":0.0005}","{""detection_events"":1923,""detectors_checked"":917504}"
     30720,         0,         0,   0.271,exact_mw,cb12ae119b9b2ba18d0216e7235b403229e92fd0743ede48fe7f1a2c6f45d594,"{""distance"":5,""physical_error_rate"":0.0005}","{""detection_events"":14586,""detectors_checked"":6881280}"
      2048,         0,         0,   0.016,exact_mw,70a969f5042aec17ac076c6379f4170fb7c69b8e925756ef3b7334e28a33338b,"{""distance"":5,""physical_error_rate"":0.0001}","{""detection_events"":273,""detectors_checked"":458752}"
      3072,         0,         0,   0.029,exact_mw,70a969f5042aec17ac076c6379f4170fb7c69b8e925756ef3b7334e28a33338b,"{""distance"":5,""physical_error_rate"":0.0001}","{""detection_events"":291,""detectors_checked"":688128}"
      5120,         0,         0,   0.055,exact_mw,cdc4a450a40af8e24899239080e4c40992fb5baf91c5a31ab3a165eacb3a1ab3,"{""distance"":5,""physical_error_rate"":0.0002}","{""detection_events"":1089,""detectors_checked"":1146880}"
      4096,         0,         0,   0.055,exact_mw,cb12ae119b9b2ba18d0216e7235b403229e92fd0743ede48fe7f1a2c6f45d594,"{""distance"":5,""physical_error_rate"":0.0005}","{""detection_events"":1982,""detectors_checked"":917504}"
     57344,         0,         0,   0.408,exact_mw,70a969f5042aec17ac076c6379f4170fb7c69b8e925756ef3b7334e28a33338b,"{""distance"":5,""physical_error_rate"":0.0001}","{""detection_events"":5577,""detectors_checked"":12845056}"
     55296,         0,         0,   0.404,exact_mw,70a969f5042aec17ac076c6379f4170fb7c69b8e925756ef3b7334e28a33338b,"{""distance"":5,""physical_error_rate"":0.0001}","{""detection_events"":5404,""detectors_checked"":12386304}"
      3072,         0,         0,   0.030,exact_mw,70a969f5042aec17ac076c6379f4170fb7c69b8e925756ef3b7334e28a33338b,"{""distance"":5,""physical_error_rate"":0.0001}","{""detection_events"":300,""detectors_checked"":688128}"
      1297,         0,         0,   0.061,exact_mw,70a969f5042aec17ac076c6379f4170fb7c69b8e925756ef3b7334e28a33338b,"{""distance"":5,""physical_error_rate"":0.0001}","{""detection_events"":150,""detectors_checked"":290528}"
     29696,         0,         0,   0.296,exact_mw,cb12ae119b9b2ba18d0216e7235b403229e92fd0743ede48fe7f1a2c6f45d594,"{""distance"":5,""physical_error_rate"":0.0005}","{""detection_events"":14649,""detectors_checked"":6651904}"
     44032,         0,         0,   0.419,exact_mw,cb12ae119b9b2ba18d0216e7235b403229e92fd0743ede48fe7f1a2c6f45d594,"{""distance"":5,""physical_error_rate"":0.0005}","{""detection_events"":21424,""detectors_checked"":9863168}"
      5120,         0,         0,   0.054,exact_mw,70a969f5042aec17ac076c6379f4170fb7c69b8e925756ef3b7334e28a33338b,"{""distance"":5,""physical_error_rate"":0.0001}","{""detection_events"":492,""detectors_checked"":1146880}"
      7168,         0,         0,   0.080,exact_mw,cdc4a450a40af8e24899239080e4c40992fb5baf91c5a31ab3a165eacb3a1ab3,"{""distance"":5,""physical_error_rate"":0.0002}","{""detection_events"":1415,""detectors_checked"":1605632}"
      6144,         0,         0,   0.082,exact_mw,cb12ae119b9b2ba18d0216e7235b403229e92fd0743ede48fe7f1a2c6f45d594,"{""distance"":5,""physical_error_rate"":0.0005}","{""detection_events"":2959,""detectors_checked"":1376256}"
     41984,         0,         0,   0.397,exact_mw,cb12ae119b9b2ba18d0216e7235b403229e92fd0743ede48fe7f1a2c6f45d594,"{""distance"":5,""physical_error_rate"":0.0005}","{""detection_events"":20151,""detectors_checked"":9404416}"
      1024,         0,         0,   0.060,exact_mw,70a969f5042aec17ac076c6379f4170fb7c69b8e925756ef3b7334e28a33338b,"{""distance"":5,""physical_error_rate"":0.0001}","{""detection_events"":119,""detectors_checked"":229376}"
     56320,         0,         0,   0.415,exact_mw,cdc4a450a40af8e24899239080e4c40992fb5baf91c5a31ab3a165eacb3a1ab3,"{""distance"":5,""physical_error_rate"":0.0002}","{""detection_events"":11066,""detectors_checked"":12615680}"
     57344,         0,         0,   0.405,exact_mw,70a969f5042aec17ac076c6379f4170fb7c69b8e925756ef3b7334e28a33338b,"{""distance"":5,""physical_error_rate"":0.0001}","{""detection_events"":5693,""detectors_checked"":12845056}"
      6144,         0,         0,   0.076,exact_mw,70a969f5042aec17ac076c6379f4170fb7c69b8e925756ef3b7334e28a33338b,"{""distance"":5,""physical_error_rate"":0.0001}","{""detection_events"":647,""detectors_checked"":1376256}"
      1024,         0,         0,   0.060,exact_mw,70a969f5042aec17ac076c6379f4170fb7c69b8e925756ef3b7334e28a33338b,"{""distance"":5,""physical_error_rate"":0.0001}","{""detection_events"":93,""detectors_checked"":229376}"
      3072,         0,         0,   0.020,exact_mw,70a969f5042aec17ac076c6379f4170fb7c69b8e925756ef3b7334e28a33338b,"{""distance"":5,""physical_error_rate"":0.0001}","{""detection_events"":317,""detectors_checked"":688128}"
     10240,         0,         0,   0.110,exact_mw,cdc4a450a40af8e24899239080e4c40992fb5baf91c5a31ab3a165eacb3a1ab3,"{""distance"":5,""physical_error_rate"":0.0002}","{""detection_events"":2100,""detectors_checked"":2293760}"
      8192,         0,         0,   0.091,exact_mw,cb12ae119b9b2ba18d0216e7235b403229e92fd0743ede48fe7f1a2c6f45d594,"{""distance"":5,""physical_error_rate"":0.0005}","{""detection_events"":3960,""detectors_checked"":1835008}"
      6144,         0,         0,   0.295,exact_mw,cdc4a450a40af8e24899239080e4c40992fb5baf91c5a31ab3a165eacb3a1ab3,"{""distance"":5,""physical_error_rate"":0.0002}","{""detection_events"":1085,""detectors_checked"":1376256}"
      5120,         0,         0,   0.055,exact_mw,70a969f5042aec17ac076c6379f4170fb7c69b8e925756ef3b7334e28a33338b,"{""distance"":5,""physical_error_rate"":0.0001}","{""detection_events"":588,""detectors_checked"":1146880}"
   4703334,         0,         0,    36.3,exact_mw,70a969f5042aec17ac076c6379f4170fb7c69b8e925756ef3b7334e28a33338b,"{""distance"":5,""physical_error_rate"":0.0001}","{""detection_events"":463401,""detectors_checked"":1053546816}"
     43008,         0,         0,   0.419,exact_mw,cb12ae119b9b2ba18d0216e7235b403229e92fd0743ede48fe7f1a2c6f45d594,"{""distance"":5,""physical_error_rate"":0.0005}","{""detection_events"":20754,""detectors_checked"":9633792}"
   4612096,         0,         0,    36.5,exact_mw,70a969f5042aec17ac076c6379f4170fb7c69b8e925756ef3b7334e28a33338b,"{""distance"":5,""physical_error_rate"":0.0001}","{""detection_events"":452370,""detectors_checked"":1033109504}"
   4617216,         0,         0,    38.9,exact_mw,70a969f5042aec17ac076c6379f4170fb7c69b8e925756ef3b7334e28a33338b,"{""distance"":5,""physical_error_rate"":0.0001}","{""detection_events"":454510,""detectors_checked"":1034256384}"
     11264,         0,         0,   0.099,exact_mw,70a969f5042aec17ac076c6379f4170fb7c69b8e925756ef3b7334e28a33338b,"{""distance"":5,""physical_error_rate"":0.0001}","{""detection_events"":1028,""detectors_checked"":2523136}"
      6144,         0,         0,   0.059,exact_mw,70a969f5042aec17ac076c6379f4170fb7c69b8e925756ef3b7334e28a33338b,"{""distance"":5,""physical_error_rate"":0.0001}","{""detection_events"":654,""detectors_checked"":1376256}"
     15360,         0,         0,   0.164,exact_mw,cdc4a450a40af8e24899239080e4c40992fb5baf91c5a31ab3a165eacb3a1ab3,"{""distance"":5,""physical_error_rate"":0.0002}","{""detection_events"":3061,""detectors_checked"":3440640}"
     11264,         0,         0,   0.149,exact_mw,cb12ae119b9b2ba18d0216e7235b403229e92fd0743ede48fe7f1a2c6f45d594,"{""distance"":5,""physical_error_rate"":0.0005}","{""detection_events"":5429,""detectors_checked"":2523136}"
     41984,         0,         0,   0.415,exact_mw,cb12ae119b9b2ba18d0216e7235b403229e92fd0743ede48fe7f1a2c6f45d594,"{""distance"":5,""physical_error_rate"":0.0005}","{""detection_events"":20537,""detectors_checked"":9404416}"
      7168,         0,         0,   0.082,exact_mw,70a969f5042aec17ac076c6379f4170fb7c69b8e925756ef3b7334e28a33338b,"{""distance"":5,""physical_error_rate"":0.0001}","{""detection_events"":766,""detectors_checked"":1605632}"
     18432,         0,         0,   0.151,exact_mw,70a969f5042aec17ac076c6379f4170fb7c69b8e925756ef3b7334e28a33338b,"{""distance"":5,""physical_error_rate"":0.0001}","{""detection_events"":1798,""detectors_checked"":4128768}"
     41984,         0,         0,   0.398,exact_mw,cb12ae119b9b2ba18d0216e7235b403229e92fd0743ede48fe7f1a2c6f45d594,"{""distance"":5,""physical_error_rate"":0.0005}","{""detection_events"":20724,""detectors_checked"":9404416}"
      9216,         0,         0,   0.106,exact_mw,70a969f5042aec17ac076c6379f4170fb7c69b8e925756ef3b7334e28a33338b,"{""distance"":5,""physical_error_rate"":0.0001}","{""detection_events"":782,""detectors_checked"":2064384}"
     78848,         0,         0,   0.556,exact_mw,70a969f5042aec17ac076c6379f4170fb7c69b8e925756ef3b7334e28a33338b,"{""distance"":5,""physical_error_rate"":0.0001}","{""detection_events"":7798,""detectors_checked"":17661952}"
     19456,         0,         0,   0.197,exact_mw,cdc4a450a40af8e24899239080e4c40992fb5baf91c5a31ab3a165eacb3a1ab3,"{""distance"":5,""physical_error_rate"":0.0002}","{""detection_events"":3978,""detectors_checked"":4358144}"
    189440,         0,         0,   0.775,exact_mw,cdc4a450a40af8e24899239080e4c40992fb5baf91c5a31ab3a165eacb3a1ab3,"{""distance"":5,""physical_error_rate"":0.0002}","{""detection_events"":37267,""detectors_checked"":42434560}"
     80896,         0,         0,   0.571,exact_mw,70a969f5042aec17ac076c6379f4170fb7c69b8e925756ef3b7334e28a33338b,"{""distance"":5,""physical_error_rate"":0.0001}","{""detection_events"":7908,""detectors_checked"":18120704}"
     15360,         0,         0,   0.218,exact_mw,cb12ae119b9b2ba18d0216e7235b403229e92fd0743ede48fe7f1a2c6f45d594,"{""distance"":5,""physical_error_rate"":0.0005}","{""detection_events"":7283,""detectors_checked"":3440640}"
     35840,         0,         0,   0.402,exact_mw,cdc4a450a40af8e24899239080e4c40992fb5baf91c5a31ab3a165eacb3a1ab3,"{""distance"":5,""physical_error_rate"":0.0002}","{""detection_events"":7060,""detectors_checked"":8028160}"
     26624,         0,         0,   0.207,exact_mw,70a969f5042aec17ac076c6379f4170fb7c69b8e925756ef3b7334e28a33338b,"{""distance"":5,""physical_error_rate"":0.0001}","{""detection_events"":2606,""detectors_checked"":5963776}"
     40960,         0,         0,   0.561,exact_mw,cb12ae119b9b2ba18d0216e7235b403229e92fd0743ede48fe7f1a2c6f45d594,"{""distance"":5,""physical_error_rate"":0.0005}","{""detection_events"":19968,""detectors_checked"":9175040}"
     15360,         0,         0,   0.164,exact_mw,70a969f5042aec17ac076c6379f4170fb7c69b8e925756ef3b7334e28a33338b,"{""distance"":5,""physical_error_rate"":0.0001}","{""detection_events"":1598,""detectors_checked"":3440640}"
     78848,         0,         0,   0.565,exact_mw,cdc4a450a40af8e24899239080e4c40992fb5baf91c5a31ab3a165eacb3a1ab3,"{""distance"":5,""physical_error_rate"":0.0002}","{""detection_events"":15283,""detectors_checked"":17661952}"
     53248,         0,         0,   0.576,exact_mw,cb12ae119b9b2ba18d0216e7235b403229e92fd0743ede48fe7f1a2c6f45d594,"{""distance"":5,""physical_error_rate"":0.0005}","{""detection_events"":26101,""detectors_checked"":11927552}"
     52224,         0,         0,   0.563,exact_mw,70a969f5042aec17ac076c6379f4170fb7c69b8e925756ef3b7334e28a33338b,"{""distance"":5,""physical_error_rate"":0.0001}","{""detection_events"":5276,""detectors_checked"":11698176}"
     52224,         0,         0,   0.564,exact_mw,cb12ae119b9b2ba18d0216e7235b403229e92fd0743ede48fe7f1a2c6f45d594,"{""distance"":5,""physical_error_rate"":0.0005}","{""detection_events"":25845,""detectors_checked"":11698176}"
     19456,         0,         0,   0.209,exact_mw,70a969f5042aec17ac076c6379f4170fb7c69b8e925756ef3b7334e28a33338b,"{""distance"":5,""physical_error_rate"":0.0001}","{""detection_events"":1813,""detectors_checked"":4358144}"
     26624,         0,         0,   0.300,exact_mw,cdc4a450a40af8e24899239080e4c40992fb5baf91c5a31ab3a165eacb3a1ab3,"{""distance"":5,""physical_error_rate"":0.0002}","{""detection_events"":5197,""detectors_checked"":5963776}"
     19456,         0,         0,   0.292,exact_mw,cb12ae119b9b2ba18d0216e7235b403229e92fd0743ede48fe7f1a2c6f45d594,"{""distance"":5,""physical_error_rate"":0.0005}","{""detection_events"":9564,""detectors_checked"":4358144}"
     38912,         0,         0,   0.288,exact_mw,70a969f5042aec17ac076c6379f4170fb7c69b8e925756ef3b7334e28a33338b,"{""distance"":5,""physical_error_rate"":0.0001}","{""detection_events"":3737,""detectors_checked"":8716288}"
     58368,         0,         0,   0.578,exact_mw,cb12ae119b9b2ba18d0216e7235b403229e92fd0743ede48fe7f1a2c6f45d594,"{""distance"":5,""physical_error_rate"":0.0005}","{""detection_events"":29162,""detectors_checked"":13074432}"
     57344,         0,         0,   0.569,exact_mw,cb12ae119b9b2ba18d0216e7235b403229e92fd0743ede48fe7f1a2c6f45d594,"{""distance"":5,""physical_error_rate"":0.0005}","{""detection_events"":28023,""detectors_checked"":12845056}"
     37888,         0,         0,   0.289,exact_mw,70a969f5042aec17ac076c6379f4170fb7c69b8e925756ef3b7334e28a33338b,"{""distance"":5,""physical_error_rate"":0.0001}","{""detection_events"":3750,""detectors_checked"":8486912}"
     51200,         0,         0,   0.571,exact_mw,cdc4a450a40af8e24899239080e4c40992fb5baf91c5a31ab3a165eacb3a1ab3,"{""distance"":5,""physical_error_rate"":0.0002}","{""detection_events"":10276,""detectors_checked"":11468800}"
     36864,         0,         0,   0.405,exact_mw,cdc4a450a40af8e24899239080e4c40992fb5baf91c5a31ab3a165eacb3a1ab3,"{""distance"":5,""physical_error_rate"":0.0002}","{""detection_events"":7466,""detectors_checked"":8257536}"
     28672,         0,         0,   0.419,exact_mw,cb12ae119b9b2ba18d0216e7235b403229e92fd0743ede48fe7f1a2c6f45d594,"{""distance"":5,""physical_error_rate"":0.0005}","{""detection_events"":14426,""detectors_checked"":6422528}"
     56320,         0,         0,   0.404,exact_mw,70a969f5042aec17ac076c6379f4170fb7c69b8e925756ef3b7334e28a33338b,"{""distance"":5,""physical_error_rate"":0.0001}","{""detection_events"":5633,""detectors_checked"":12615680}"
    109568,         0,         0,   0.798,exact_mw,70a969f5042aec17ac076c6379f4170fb7c69b8e925756ef3b7334e28a33338b,"{""distance"":5,""physical_error_rate"":0.0001}","{""detection_events"":10678,""detectors_checked"":24543232}"
    110592,         0,         0,   0.782,exact_mw,70a969f5042aec17ac076c6379f4170fb7c69b8e925756ef3b7334e28a33338b,"{""distance"":5,""physical_error_rate"":0.0001}","{""detection_events"":10879,""detectors_checked"":24772608}"
     68608,         0,         0,   0.791,exact_mw,cb12ae119b9b2ba18d0216e7235b403229e92fd0743ede48fe7f1a2c6f45d594,"{""distance"":5,""physical_error_rate"":0.0005}","{""detection_events"":33669,""detectors_checked"":15368192}"
    108544,         0,         0,   0.793,exact_mw,cdc4a450a40af8e24899239080e4c40992fb5baf91c5a31ab3a165eacb3a1ab3,"{""distance"":5,""physical_error_rate"":0.0002}","{""detection_events"":21337,""detectors_checked"":24313856}"
     69632,         0,         0,   0.795,exact_mw,cb12ae119b9b2ba18d0216e7235b403229e92fd0743ede48fe7f1a2c6f45d594,"{""distance"":5,""physical_error_rate"":0.0005}","{""detection_events"":34545,""detectors_checked"":15597568}"
    100352,         0,         0,   0.806,exact_mw,70a969f5042aec17ac076c6379f4170fb7c69b8e925756ef3b7334e28a33338b,"{""distance"":5,""physical_error_rate"":0.0001}","{""detection_events"":10130,""detectors_checked"":22478848}"
     53248,         0,         0,   0.396,exact_mw,70a969f5042aec17ac076c6379f4170fb7c69b8e925756ef3b7334e28a33338b,"{""distance"":5,""physical_error_rate"":0.0001}","{""detection_events"":5011,""detectors_checked"":11927552}"
     73728,         0,         0,   0.794,exact_mw,cb12ae119b9b2ba18d0216e7235b403229e92fd0743ede48fe7f1a2c6f45d594,"{""distance"":5,""physical_error_rate"":0.0005}","{""detection_events"":36176,""detectors_checked"":16515072}"
    157696,         0,         0,    1.11,exact_mw,cdc4a450a40af8e24899239080e4c40992fb5baf91c5a31ab3a165eacb3a1ab3,"{""distance"":5,""physical_error_rate"":0.0002}","{""detection_events"":30943,""detectors_checked"":35323904}"
     83968,         0,         0,   0.802,exact_mw,cb12ae119b9b2ba18d0216e7235b403229e92fd0743ede48fe7f1a2c6f45d594,"{""distance"":5,""physical_error_rate"":0.0005}","{""detection_events"":41512,""detectors_checked"":18808832}"
     80896,         0,         0,   0.780,exact_mw,cb12ae119b9b2ba18d0216e7235b403229e92fd0743ede48fe7f1a2c6f45d594,"{""distance"":5,""physical_error_rate"":0.0005}","{""detection_events"":40125,""detectors_checked"":18120704}"
     49152,         0,         0,   0.566,exact_mw,cdc4a450a40af8e24899239080e4c40992fb5baf91c5a31ab3a165eacb3a1ab3,"{""distance"":5,""physical_error_rate"":0.0002}","{""detection_events"":9872,""detectors_checked"":11010048}"
     51200,         0,         0,   0.579,exact_mw,cb12ae119b9b2ba18d0216e7235b403229e92fd0743ede48fe7f1a2c6f45d594,"{""distance"":5,""physical_error_rate"":0.0005}","{""detection_events"":24954,""detectors_checked"":11468800}"
     77824,         0,         0,   0.567,exact_mw,70a969f5042aec17ac076c6379f4170fb7c69b8e925756ef3b7334e28a33338b,"{""distance"":5,""physical_error_rate"":0.0001}","{""detection_events"":7389,""detectors_checked"":17432576}"
     70656,         0,         0,   0.786,exact_mw,cdc4a450a40af8e24899239080e4c40992fb5baf91c5a31ab3a165eacb3a1ab3,"{""distance"":5,""physical_error_rate"":0.0002}","{""detection_events"":13878,""detectors_checked"":15826944}"
     60416,         0,         0,   0.568,exact_mw,70a969f5042aec17ac076c6379f4170fb7c69b8e925756ef3b7334e28a33338b,"{""distance"":5,""physical_error_rate"":0.0001}","{""detection_events"":5928,""detectors_checked"":13533184}"
    145408,         0,         0,    1.12,exact_mw,70a969f5042aec17ac076c6379f4170fb7c69b8e925756ef3b7334e28a33338b,"{""distance"":5,""physical_error_rate"":0.0001}","{""detection_events"":14495,""detectors_checked"":32571392}"
    140288,         0,         0,    1.10,exact_mw,70a969f5042aec17ac076c6379f4170fb7c69b8e925756ef3b7334e28a33338b,"{""distance"":5,""physical_error_rate"":0.0001}","{""detection_events"":13576,""detectors_checked"":31424512}"
    116736,         0,         0,    1.11,exact_mw,cb12ae119b9b2ba18d0216e7235b403229e92fd0743ede48fe7f1a2c6f45d594,"{""distance"":5,""physical_error_rate"":0.0005}","{""detection_events"":56839,""detectors_checked"":26148864}"
    111616,         0,         0,    1.09,exact_mw,cb12ae119b9b2ba18d0216e7235b403229e92fd0743ede48fe7f1a2c6f45d594,"{""distance"":5,""physical_error_rate"":0.0005}","{""detection_events"":54846,""detectors_checked"":25001984}"
    144384,         0,         0,    1.11,exact_mw,cdc4a450a40af8e24899239080e4c40992fb5baf91c5a31ab3a165eacb3a1ab3,"{""distance"":5,""physical_error_rate"":0.0002}","{""detection_events"":28343,""detectors_checked"":32342016}"
    114688,         0,         0,    1.09,exact_mw,70a969f5042aec17ac076c6379f4170fb7c69b8e925756ef3b7334e28a33338b,"{""distance"":5,""physical_error_rate"":0.0001}","{""detection_events"":11233,""detectors_checked"":25690112}"
     71680,         0,         0,   0.796,exact_mw,cdc4a450a40af8e24899239080e4c40992fb5baf91c5a31ab3a165eacb3a1ab3,"{""distance"":5,""physical_error_rate"":0.0002}","{""detection_events"":14582,""detectors_checked"":16056320}"
     82944,         0,         0,   0.806,exact_mw,cb12ae119b9b2ba18d0216e7235b403229e92fd0743ede48fe7f1a2c6f45d594,"{""distance"":5,""physical_error_rate"":0.0005}","{""detection_events"":41435,""detectors_checked"":18579456}"
    108544,         0,         0,   0.793,exact_mw,70a969f5042aec17ac076c6379f4170fb7c69b8e925756ef3b7334e28a33338b,"{""distance"":5,""physical_error_rate"":0.0001}","{""detection_events"":10583,""detectors_checked"":24313856}"
    116736,         0,         0,    1.11,exact_mw,cb12ae119b9b2ba18d0216e7235b403229e92fd0743ede48fe7f1a2c6f45d594,"{""distance"":5,""physical_error_rate"":0.0005}","{""detection_events"":58144,""detectors_checked"":26148864}"
    100352,         0,         0,    1.12,exact_mw,cb12ae119b9b2ba18d0216e7235b403229e92fd0743ede48fe7f1a2c6f45d594,"{""distance"":5,""physical_error_rate"":0.0005}","{""detection_events"":49523,""detectors_checked"":22478848}"
     77824,         0,         0,   0.783,exact_mw,70a969f5042aec17ac076c6379f4170fb7c69b8e925756ef3b7334e28a33338b,"{""distance"":5,""physical_error_rate"":0.0001}","{""detection_events"":7548,""detectors_checked"":17432576}"
    124928,         0,         0,    1.12,exact_mw,cb12ae119b9b2ba18d0216e7235b403229e92fd0743ede48fe7f1a2c6f45d594,"{""distance"":5,""physical_error_rate"":0.0005}","{""detection_events"":60722,""detectors_checked"":27983872}"
    101376,         0,         0,    1.11,exact_mw,cdc4a450a40af8e24899239080e4c40992fb5baf91c5a31ab3a165eacb3a1ab3,"{""distance"":5,""physical_error_rate"":0.0002}","{""detection_events"":19850,""detectors_checked"":22708224}"
    197632,         0,         0,    1.55,exact_mw,cdc4a450a40af8e24899239080e4c40992fb5baf91c5a31ab3a165eacb3a1ab3,"{""distance"":5,""physical_error_rate"":0.0002}","{""detection_events"":38755,""detectors_checked"":44269568}"
    100352,         0,         0,    1.11,exact_mw,cdc4a450a40af8e24899239080e4c40992fb5baf91c5a31ab3a165eacb3a1ab3,"{""distance"":5,""physical_error_rate"":0.0002}","{""detection_events"":19864,""detectors_checked"":22478848}"
    114688,         0,         0,    1.10,exact_mw,cb12ae119b9b2ba18d0216e7235b403229e92fd0743ede48fe7f1a2c6f45d594,"{""distance"":5,""physical_error_rate"":0.0005}","{""detection_events"":57013,""detectors_checked"":25690112}"
     83968,         0,         0,    1.13,exact_mw,70a969f5042aec17ac076c6379f4170fb7c69b8e925756ef3b7334e28a33338b,"{""distance"":5,""physical_error_rate"":0.0001}","{""detection_events"":8529,""detectors_checked"":18808832}"
     65536,         0,         0,    1.09,exact_mw,70a969f5042aec17ac076c6379f4170fb7c69b8e925756ef3b7334e28a33338b,"{""distance"":5,""physical_error_rate"":0.0001}","{""detection_events"":6647,""detectors_checked"":14680064}"
    217088,         0,         0,    1.55,exact_mw,70a969f5042aec17ac076c6379f4170fb7c69b8e925756ef3b7334e28a33338b,"{""distance"":5,""physical_error_rate"":0.0001}","{""detection_events"":21048,""detectors_checked"":48627712}"
    215040,         0,         0,    1.56,exact_mw,70a969f5042aec17ac076c6379f4170fb7c69b8e925756ef3b7334e28a33338b,"{""distance"":5,""physical_error_rate"":0.0001}","{""detection_events"":21282,""detectors_checked"":48168960}"
    104448,         0,         0,    1.56,exact_mw,cb12ae119b9b2ba18d0216e7235b403229e92fd0743ede48fe7f1a2c6f45d594,"{""distance"":5,""physical_error_rate"":0.0005}","{""detection_events"":51954,""detectors_checked"":23396352}"
    194560,         0,         0,    1.55,exact_mw,cdc4a450a40af8e24899239080e4c40992fb5baf91c5a31ab3a165eacb3a1ab3,"{""distance"":5,""physical_error_rate"":0.0002}","{""detection_events"":38564,""detectors_checked"":43581440}"
    155648,         0,         0,    1.55,exact_mw,cb12ae119b9b2ba18d0216e7235b403229e92fd0743ede48fe7f1a2c6f45d594,"{""distance"":5,""physical_error_rate"":0.0005}","{""detection_events"":77435,""detectors_checked"":34865152}"
    160768,         0,         0,    1.53,exact_mw,70a969f5042aec17ac076c6379f4170fb7c69b8e925756ef3b7334e28a33338b,"{""distance"":5,""physical_error_rate"":0.0001}","{""detection_events"":16195,""detectors_checked"":36012032}"
    158720,         0,         0,    1.54,exact_mw,cb12ae119b9b2ba18d0216e7235b403229e92fd0743ede48fe7f1a2c6f45d594,"{""distance"":5,""physical_error_rate"":0.0005}","{""detection_events"":78406,""detectors_checked"":35553280}"
    100352,         0,         0,    1.54,exact_mw,cb12ae119b9b2ba18d0216e7235b403229e92fd0743ede48fe7f1a2c6f45d594,"{""distance"":5,""physical_error_rate"":0.0005}","{""detection_events"":49003,""detectors_checked"":22478848}"
    109568,         0,         0,    1.55,exact_mw,cb12ae119b9b2ba18d0216e7235b403229e92fd0743ede48fe7f1a2c6f45d594,"{""distance"":5,""physical_error_rate"":0.0005}","{""detection_events"":53566,""detectors_checked"":24543232}"
    138240,         0,         0,    1.55,exact_mw,cdc4a450a40af8e24899239080e4c40992fb5baf91c5a31ab3a165eacb3a1ab3,"{""distance"":5,""physical_error_rate"":0.0002}","{""detection_events"":27556,""detectors_checked"":30965760}"
    137216,         0,         0,    1.52,exact_mw,cdc4a450a40af8e24899239080e4c40992fb5baf91c5a31ab3a165eacb3a1ab3,"{""distance"":5,""physical_error_rate"":0.0002}","{""detection_events"":26657,""detectors_checked"":30736384}"
    159744,         0,         0,    1.56,exact_mw,cb12ae119b9b2ba18d0216e7235b403229e92fd0743ede48fe7f1a2c6f45d594,"{""distance"":5,""physical_error_rate"":0.0005}","{""detection_events"":77613,""detectors_checked"":35782656}"
     45056,         0,         0,    1.54,exact_mw,70a969f5042aec17ac076c6379f4170fb7c69b8e925756ef3b7334e28a33338b,"{""distance"":5,""physical_error_rate"":0.0001}","{""detection_events"":4385,""detectors_checked"":10092544}"
   1693064,         0,         0,    13.6,exact_mw,cdc4a450a40af8e24899239080e4c40992fb5baf91c5a31ab3a165eacb3a1ab3,"{""distance"":5,""physical_error_rate"":0.0002}","{""detection_events"":332650,""detectors_checked"":379246336}"
    278528,         0,         0,    2.15,exact_mw,cdc4a450a40af8e24899239080e4c40992fb5baf91c5a31ab3a165eacb3a1ab3,"{""distance"":5,""physical_error_rate"":0.0002}","{""detection_events"":55195,""detectors_checked"":62390272}"
   3568640,         0,         0,    41.3,exact_mw,cdc4a450a40af8e24899239080e4c40992fb5baf91c5a31ab3a165eacb3a1ab3,"{""distance"":5,""physical_error_rate"":0.0002}","{""detection_events"":706475,""detectors_checked"":799375360}"
   3050496,         0,         0,    41.2,exact_mw,cdc4a450a40af8e24899239080e4c40992fb5baf91c5a31ab3a165eacb3a1ab3,"{""distance"":5,""physical_error_rate"":0.0002}","{""detection_events"":599799,""detectors_checked"":683311104}"
   3443712,         1,         0,    44.7,exact_mw,cb12ae119b9b2ba18d0216e7235b403229e92fd0743ede48fe7f1a2c6f45d594,"{""distance"":5,""physical_error_rate"":0.0005}","{""detection_events"":1693179,""detectors_checked"":771391488,""obs_mistake_mask=E"":1}"
     40960,         0,         0,    1.57,exact_mw,70a969f5042aec17ac076c6379f4170fb7c69b8e925756ef3b7334e28a33338b,"{""distance"":5,""physical_error_rate"":0.0001}","{""detection_events"":3918,""detectors_checked"":9175040}"
   2917376,         0,         0,    44.7,exact_mw,cdc4a450a40af8e24899239080e4c40992fb5baf91c5a31ab3a165eacb3a1ab3,"{""distance"":5,""physical_error_rate"":0.0002}","{""detection_events"":572637,""detectors_checked"":653492224}"
   3963049,         0,         0,    85.8,exact_mw,70a969f5042aec17ac076c6379f4170fb7c69b8e925756ef3b7334e28a33338b,"{""distance"":5,""physical_error_rate"":0.0001}","{""detection_events"":392181,""detectors_checked"":887722976}"
         1,         0,         0,   0.000,exact_mw,cdc4a450a40af8e24899239080e4c40992fb5baf91c5a31ab3a165eacb3a1ab3,"{""distance"":5,""physical_error_rate"":0.0002}","{""detectors_checked"":224}"
      3344,         0,         0,   0.034,exact_mw,cdc4a450a40af8e24899239080e4c40992fb5baf91c5a31ab3a165eacb3a1ab3,"{""distance"":5,""physical_error_rate"":0.0002}","{""detection_events"":746,""detectors_checked"":749056}"
    288768,         0,         0,    2.16,exact_mw,70a969f5042aec17ac076c6379f4170fb7c69b8e925756ef3b7334e28a33338b,"{""distance"":5,""physical_error_rate"":0.0001}","{""detection_events"":29169,""detectors_checked"":64684032}"
    287744,         0,         0,    2.16,exact_mw,70a969f5042aec17ac076c6379f4170fb7c69b8e925756ef3b7334e28a33338b,"{""distance"":5,""physical_error_rate"":0.0001}","{""detection_events"":28052,""detectors_checked"":64454656}"
      1024,         0,         0,   0.004,exact_mw,cdc4a450a40af8e24899239080e4c40992fb5baf91c5a31ab3a165eacb3a1ab3,"{""distance"":5,""physical_error_rate"":0.0002}","{""detection_events"":217,""detectors_checked"":229376}"
      3072,         0,         0,   0.029,exact_mw,cdc4a450a40af8e24899239080e4c40992fb5baf91c5a31ab3a165eacb3a1ab3,"{""distance"":5,""physical_error_rate"":0.0002}","{""detection_events"":610,""detectors_checked"":688128}"
    199680,         0,         0,    2.17,exact_mw,cb12ae119b9b2ba18d0216e7235b403229e92fd0743ede48fe7f1a2c6f45d594,"{""distance"":5,""physical_error_rate"":0.0005}","{""detection_events"":96927,""detectors_checked"":44728320}"
      4096,         0,         0,   0.051,exact_mw,cdc4a450a40af8e24899239080e4c40992fb5baf91c5a31ab3a165eacb3a1ab3,"{""distance"":5,""physical_error_rate"":0.0002}","{""detection_events"":782,""detectors_checked"":917504}"
    274432,         0,         0,    2.18,exact_mw,cdc4a450a40af8e24899239080e4c40992fb5baf91c5a31ab3a165eacb3a1ab3,"{""distance"":5,""physical_error_rate"":0.0002}","{""detection_events"":53891,""detectors_checked"":61472768}"
    198656,         0,         0,    2.19,exact_mw,cb12ae119b9b2ba18d0216e7235b403229e92fd0743ede48fe7f1a2c6f45d594,"{""distance"":5,""physical_error_rate"":0.0005}","{""detection_events"":97115,""detectors_checked"":44498944}"
      5120,         0,         0,   0.055,exact_mw,cdc4a450a40af8e24899239080e4c40992fb5baf91c5a31ab3a165eacb3a1ab3,"{""distance"":5,""physical_error_rate"":0.0002}","{""detection_events"":1073,""detectors_checked"":1146880}"
    296960,         0,         0,    2.17,exact_mw,70a969f5042aec17ac076c6379f4170fb7c69b8e925756ef3b7334e28a33338b,"{""distance"":5,""physical_error_rate"":0.0001}","{""detection_events"":28948,""detectors_checked"":66519040}"
    100738,         0,         0,   0.745,exact_mw,cdc4a450a40af8e24899239080e4c40992fb5baf91c5a31ab3a165eacb3a1ab3,"{""distance"":5,""physical_error_rate"":0.0002}","{""detection_events"":19878,""detectors_checked"":22565312}"
   2764800,         0,         0,    22.0,exact_mw,cdc4a450a40af8e24899239080e4c40992fb5baf91c5a31ab3a165eacb3a1ab3,"{""distance"":5,""physical_error_rate"":0.0002}","{""detection_events"":545856,""detectors_checked"":619315200}"
   2672640,         0,         0,    20.5,exact_mw,cdc4a450a40af8e24899239080e4c40992fb5baf91c5a31ab3a165eacb3a1ab3,"{""distance"":5,""physical_error_rate"":0.0002}","{""detection_events"":526412,""detectors_checked"":598671360}"
   2936832,         0,         0,    22.1,exact_mw,cdc4a450a40af8e24899239080e4c40992fb5baf91c5a31ab3a165eacb3a1ab3,"{""distance"":5,""physical_error_rate"":0.0002}","{""detection_events"":578565,""detectors_checked"":657850368}"
   3015680,         0,         0,    34.5,exact_mw,cdc4a450a40af8e24899239080e4c40992fb5baf91c5a31ab3a165eacb3a1ab3,"{""distance"":5,""physical_error_rate"":0.0002}","{""detection_events"":596452,""detectors_checked"":675512320}"
      8192,         0,         0,   0.078,exact_mw,cdc4a450a40af8e24899239080e4c40992fb5baf91c5a31ab3a165eacb3a1ab3,"{""distance"":5,""physical_error_rate"":0.0002}","{""detection_events"":1460,""detectors_checked"":1835008}"
    208896,         0,         0,    2.14,exact_mw,cb12ae119b9b2ba18d0216e7235b403229e92fd0743ede48fe7f1a2c6f45d594,"{""distance"":5,""physical_error_rate"":0.0005}","{""detection_events"":100913,""detectors_checked"":46792704}"
      9216,         0,         0,   0.107,exact_mw,cdc4a450a40af8e24899239080e4c40992fb5baf91c5a31ab3a165eacb3a1ab3,"{""distance"":5,""physical_error_rate"":0.0002}","{""detection_events"":1773,""detectors_checked"":2064384}"
    220160,         0,         0,    2.14,exact_mw,cb12ae119b9b2ba18d0216e7235b403229e92fd0743ede48fe7f1a2c6f45d594,"{""distance"":5,""physical_error_rate"":0.0005}","{""detection_events"":109159,""detectors_checked"":49315840}"
    218112,         0,         0,    2.17,exact_mw,cb12ae119b9b2ba18d0216e7235b403229e92fd0743ede48fe7f1a2c6f45d594,"{""distance"":5,""physical_error_rate"":0.0005}","{""detection_events"":108066,""detectors_checked"":48857088}"
     13312,         0,         0,   0.162,exact_mw,cdc4a450a40af8e24899239080e4c40992fb5baf91c5a31ab3a165eacb3a1ab3,"{""distance"":5,""physical_error_rate"":0.0002}","{""detection_events"":2668,""detectors_checked"":2981888}"
    219136,         0,         0,    2.15,exact_mw,cdc4a450a40af8e24899239080e4c40992fb5baf91c5a31ab3a165eacb3a1ab3,"{""distance"":5,""physical_error_rate"":0.0002}","{""detection_events"":43526,""detectors_checked"":49086464}"
     19456,         0,         0,   0.215,exact_mw,cdc4a450a40af8e24899239080e4c40992fb5baf91c5a31ab3a165eacb3a1ab3,"{""distance"":5,""physical_error_rate"":0.0002}","{""detection_events"":3715,""detectors_checked"":4358144}"
     26624,         0,         0,   0.298,exact_mw,cdc4a450a40af8e24899239080e4c40992fb5baf91c5a31ab3a165eacb3a1ab3,"{""distance"":5,""physical_error_rate"":0.0002}","{""detection_events"":5234,""detectors_checked"":5963776}"
    196608,         0,         0,    2.16,exact_mw,cdc4a450a40af8e24899239080e4c40992fb5baf91c5a31ab3a165eacb3a1ab3,"{""distance"":5,""physical_error_rate"":0.0002}","{""detection_events"":39171,""detectors_checked"":44040192}"
     98304,         0,         0,    2.17,exact_mw,cb12ae119b9b2ba18d0216e7235b403229e92fd0743ede48fe7f1a2c6f45d594,"{""distance"":5,""physical_error_rate"":0.0005}","{""detection_events"":48621,""detectors_checked"":22020096}"
     47104,         0,         0,    2.23,exact_mw,70a969f5042aec17ac076c6379f4170fb7c69b8e925756ef3b7334e28a33338b,"{""distance"":5,""physical_error_rate"":0.0001}","{""detection_events"":4579,""detectors_checked"":10551296}"
     35840,         0,         0,   0.420,exact_mw,cdc4a450a40af8e24899239080e4c40992fb5baf91c5a31ab3a165eacb3a1ab3,"{""distance"":5,""physical_error_rate"":0.0002}","{""detection_events"":7124,""detectors_checked"":8028160}"
     49152,         0,         0,    2.15,exact_mw,70a969f5042aec17ac076c6379f4170fb7c69b8e925756ef3b7334e28a33338b,"{""distance"":5,""physical_error_rate"":0.0001}","{""detection_events"":4696,""detectors_checked"":11010048}"
     40960,         0,         0,   0.577,exact_mw,cdc4a450a40af8e24899239080e4c40992fb5baf91c5a31ab3a165eacb3a1ab3,"{""distance"":5,""physical_error_rate"":0.0002}","{""detection_events"":8141,""detectors_checked"":9175040}"
    321536,         0,         0,    3.00,exact_mw,cdc4a450a40af8e24899239080e4c40992fb5baf91c5a31ab3a165eacb3a1ab3,"{""distance"":5,""physical_error_rate"":0.0002}","{""detection_events"":62953,""detectors_checked"":72024064}"
     45056,         0,         0,   0.816,exact_mw,cdc4a450a40af8e24899239080e4c40992fb5baf91c5a31ab3a165eacb3a1ab3,"{""distance"":5,""physical_error_rate"":0.0002}","{""detection_events"":8913,""detectors_checked"":10092544}"
    274432,         0,         0,    3.04,exact_mw,70a969f5042aec17ac076c6379f4170fb7c69b8e925756ef3b7334e28a33338b,"{""distance"":5,""physical_error_rate"":0.0001}","{""detection_events"":27524,""detectors_checked"":61472768}"
    279552,         0,         0,    3.00,exact_mw,70a969f5042aec17ac076c6379f4170fb7c69b8e925756ef3b7334e28a33338b,"{""distance"":5,""physical_error_rate"":0.0001}","{""detection_events"":27194,""detectors_checked"":62619648}"
    221184,         1,         0,    3.05,exact_mw,cb12ae119b9b2ba18d0216e7235b403229e92fd0743ede48fe7f1a2c6f45d594,"{""distance"":5,""physical_error_rate"":0.0005}","{""detection_events"":109063,""detectors_checked"":49545216,""obs_mistake_mask=E"":1}"
    385024,         0,         0,    3.02,exact_mw,cdc4a450a40af8e24899239080e4c40992fb5baf91c5a31ab3a165eacb3a1ab3,"{""distance"":5,""physical_error_rate"":0.0002}","{""detection_events"":75763,""detectors_checked"":86245376}"
    208896,         0,         0,    3.03,exact_mw,cb12ae119b9b2ba18d0216e7235b403229e92fd0743ede48fe7f1a2c6f45d594,"{""distance"":5,""physical_error_rate"":0.0005}","{""detection_events"":102345,""detectors_checked"":46792704}"
    293888,         0,         0,    3.04,exact_mw,70a969f5042aec17ac076c6379f4170fb7c69b8e925756ef3b7334e28a33338b,"{""distance"":5,""physical_error_rate"":0.0001}","{""detection_events"":28919,""detectors_checked"":65830912}"
    309248,         0,         0,    3.01,exact_mw,cb12ae119b9b2ba18d0216e7235b403229e92fd0743ede48fe7f1a2c6f45d594,"{""distance"":5,""physical_error_rate"":0.0005}","{""detection_events"":151694,""detectors_checked"":69271552}"
    226304,         1,         0,    3.03,exact_mw,cb12ae119b9b2ba18d0216e7235b403229e92fd0743ede48fe7f1a2c6f45d594,"{""distance"":5,""physical_error_rate"":0.0005}","{""detection_events"":111279,""detectors_checked"":50692096,""obs_mistake_mask=E"":1}"
    268288,         0,         0,    3.01,exact_mw,cb12ae119b9b2ba18d0216e7235b403229e92fd0743ede48fe7f1a2c6f45d594,"{""distance"":5,""physical_error_rate"":0.0005}","{""detection_events"":131112,""detectors_checked"":60096512}"
    409600,         0,         0,    3.02,exact_mw,cdc4a450a40af8e24899239080e4c40992fb5baf91c5a31ab3a165eacb3a1ab3,"{""distance"":5,""physical_error_rate"":0.0002}","{""detection_events"":81153,""detectors_checked"":91750400}"
  15363642,        15,         0,   111.9,exact_mw,cb12ae119b9b2ba18d0216e7235b403229e92fd0743ede48fe7f1a2c6f45d594,"{""distance"":5,""physical_error_rate"":0.0005}","{""detection_events"":7557259,""detectors_checked"":3441455808,""obs_mistake_mask=E"":15}"
     50176,         0,         0,    1.15,exact_mw,cdc4a450a40af8e24899239080e4c40992fb5baf91c5a31ab3a165eacb3a1ab3,"{""distance"":5,""physical_error_rate"":0.0002}","{""detection_events"":9773,""detectors_checked"":11239424}"
    373760,         0,         0,    3.05,exact_mw,cdc4a450a40af8e24899239080e4c40992fb5baf91c5a31ab3a165eacb3a1ab3,"{""distance"":5,""physical_error_rate"":0.0002}","{""detection_events"":74063,""detectors_checked"":83722240}"
    199680,         0,         0,    3.04,exact_mw,cb12ae119b9b2ba18d0216e7235b403229e92fd0743ede48fe7f1a2c6f45d594,"{""distance"":5,""physical_error_rate"":0.0005}","{""detection_events"":98450,""detectors_checked"":44728320}"
    157696,         0,         0,    3.07,exact_mw,70a969f5042aec17ac076c6379f4170fb7c69b8e925756ef3b7334e28a33338b,"{""distance"":5,""physical_error_rate"":0.0001}","{""detection_events"":15669,""detectors_checked"":35323904}"
    224256,         0,         0,    3.06,exact_mw,70a969f5042aec17ac076c6379f4170fb7c69b8e925756ef3b7334e28a33338b,"{""distance"":5,""physical_error_rate"":0.0001}","{""detection_events"":22237,""detectors_checked"":50233344}"
   4100096,         1,         0,    44.6,exact_mw,cb12ae119b9b2ba18d0216e7235b403229e92fd0743ede48fe7f1a2c6f45d594,"{""distance"":5,""physical_error_rate"":0.0005}","{""detection_events"":2019073,""detectors_checked"":918421504,""obs_mistake_mask=E"":1}"
   2429952,         0,         0,    44.4,exact_mw,70a969f5042aec17ac076c6379f4170fb7c69b8e925756ef3b7334e28a33338b,"{""distance"":5,""physical_error_rate"":0.0001}","{""detection_events"":239432,""detectors_checked"":544309248}"
     33792,         0,         0,    1.59,exact_mw,cdc4a450a40af8e24899239080e4c40992fb5baf91c5a31ab3a165eacb3a1ab3,"{""distance"":5,""physical_error_rate"":0.0002}","{""detection_events"":6465,""detectors_checked"":7569408}"
    720897,         0,         0,    5.37,exact_mw,cdc4a450a40af8e24899239080e4c40992fb5baf91c5a31ab3a165eacb3a1ab3,"{""distance"":5,""physical_error_rate"":0.0002}","{""detection_events"":142210,""detectors_checked"":161480928}"
   2104320,         0,         0,    20.1,exact_mw,cdc4a450a40af8e24899239080e4c40992fb5baf91c5a31ab3a165eacb3a1ab3,"{""distance"":5,""physical_error_rate"":0.0002}","{""detection_events"":413606,""detectors_checked"":471367680}"
   1885184,         1,         0,    20.1,exact_mw,cdc4a450a40af8e24899239080e4c40992fb5baf91c5a31ab3a165eacb3a1ab3,"{""distance"":5,""physical_error_rate"":0.0002}","{""detection_events"":369891,""detectors_checked"":422281216,""obs_mistake_mask=E"":1}"
   2076672,         0,         0,    15.5,exact_mw,cdc4a450a40af8e24899239080e4c40992fb5baf91c5a31ab3a165eacb3a1ab3,"{""distance"":5,""physical_error_rate"":0.0002}","{""detection_events"":406659,""detectors_checked"":465174528}"
   2511872,         0,         0,    15.5,exact_mw,cdc4a450a40af8e24899239080e4c40992fb5baf91c5a31ab3a165eacb3a1ab3,"{""distance"":5,""physical_error_rate"":0.0002}","{""detection_events"":494422,""detectors_checked"":562659328}"
   1909760,         0,         0,    20.1,exact_mw,cdc4a450a40af8e24899239080e4c40992fb5baf91c5a31ab3a165eacb3a1ab3,"{""distance"":5,""physical_error_rate"":0.0002}","{""detection_events"":375706,""detectors_checked"":427786240}"
    878903,         0,         0,    6.49,exact_mw,cdc4a450a40af8e24899239080e4c40992fb5baf91c5a31ab3a165eacb3a1ab3,"{""distance"":5,""physical_error_rate"":0.0002}","{""detection_events"":173284,""detectors_checked"":196874272}"
   1741824,         0,         0,    15.7,exact_mw,cdc4a450a40af8e24899239080e4c40992fb5baf91c5a31ab3a165eacb3a1ab3,"{""distance"":5,""physical_error_rate"":0.0002}","{""detection_events"":344593,""detectors_checked"":390168576}"
   1482752,         0,         0,    15.7,exact_mw,cdc4a450a40af8e24899239080e4c40992fb5baf91c5a31ab3a165eacb3a1ab3,"{""distance"":5,""physical_error_rate"":0.0002}","{""detection_events"":291267,""detectors_checked"":332136448}"
    545792,         0,         0,    4.22,exact_mw,cdc4a450a40af8e24899239080e4c40992fb5baf91c5a31ab3a165eacb3a1ab3,"{""distance"":5,""physical_error_rate"":0.0002}","{""detection_events"":108577,""detectors_checked"":122257408}"
   2707456,         1,         0,    44.8,exact_mw,cb12ae119b9b2ba18d0216e7235b403229e92fd0743ede48fe7f1a2c6f45d594,"{""distance"":5,""physical_error_rate"":0.0005}","{""detection_events"":1332039,""detectors_checked"":606470144,""obs_mistake_mask=E"":1}"
    891360,         0,         0,    6.86,exact_mw,cdc4a450a40af8e24899239080e4c40992fb5baf91c5a31ab3a165eacb3a1ab3,"{""distance"":5,""physical_error_rate"":0.0002}","{""detection_events"":176383,""detectors_checked"":199664640}"
    389120,         0,         0,    4.18,exact_mw,70a969f5042aec17ac076c6379f4170fb7c69b8e925756ef3b7334e28a33338b,"{""distance"":5,""physical_error_rate"":0.0001}","{""detection_events"":38554,""detectors_checked"":87162880}"
    116736,         0,         0,    4.27,exact_mw,70a969f5042aec17ac076c6379f4170fb7c69b8e925756ef3b7334e28a33338b,"{""distance"":5,""physical_error_rate"":0.0001}","{""detection_events"":11574,""detectors_checked"":26148864}"
    373760,         0,         0,    4.24,exact_mw,cb12ae119b9b2ba18d0216e7235b403229e92fd0743ede48fe7f1a2c6f45d594,"{""distance"":5,""physical_error_rate"":0.0005}","{""detection_events"":183720,""detectors_checked"":83722240}"
    558080,         0,         0,    4.20,exact_mw,cdc4a450a40af8e24899239080e4c40992fb5baf91c5a31ab3a165eacb3a1ab3,"{""distance"":5,""physical_error_rate"":0.0002}","{""detection_events"":109540,""detectors_checked"":125009920}"
    288768,         1,         0,    4.25,exact_mw,cb12ae119b9b2ba18d0216e7235b403229e92fd0743ede48fe7f1a2c6f45d594,"{""distance"":5,""physical_error_rate"":0.0005}","{""detection_events"":142556,""detectors_checked"":64684032,""obs_mistake_mask=E"":1}"
    680960,         0,         0,    4.26,exact_mw,70a969f5042aec17ac076c6379f4170fb7c69b8e925756ef3b7334e28a33338b,"{""distance"":5,""physical_error_rate"":0.0001}","{""detection_events"":67867,""detectors_checked"":152535040}"
    431104,         0,         0,    4.23,exact_mw,cb12ae119b9b2ba18d0216e7235b403229e92fd0743ede48fe7f1a2c6f45d594,"{""distance"":5,""physical_error_rate"":0.0005}","{""detection_events"":212030,""detectors_checked"":96567296}"
    378880,         1,         0,    4.25,exact_mw,cb12ae119b9b2ba18d0216e7235b403229e92fd0743ede48fe7f1a2c6f45d594,"{""distance"":5,""physical_error_rate"":0.0005}","{""detection_events"":186171,""detectors_checked"":84869120,""obs_mistake_mask=E"":1}"
    455680,         0,         0,    4.24,exact_mw,cb12ae119b9b2ba18d0216e7235b403229e92fd0743ede48fe7f1a2c6f45d594,"{""distance"":5,""physical_error_rate"":0.0005}","{""detection_events"":224645,""detectors_checked"":102072320}"
     38912,         0,         0,    2.24,exact_mw,cdc4a450a40af8e24899239080e4c40992fb5baf91c5a31ab3a165eacb3a1ab3,"{""distance"":5,""physical_error_rate"":0.0002}","{""detection_events"":7657,""detectors_checked"":8716288}"
    536576,         0,         0,    4.22,exact_mw,cdc4a450a40af8e24899239080e4c40992fb5baf91c5a31ab3a165eacb3a1ab3,"{""distance"":5,""physical_error_rate"":0.0002}","{""detection_events"":105586,""detectors_checked"":120193024}"
   1087903,         0,         0,    8.70,exact_mw,cdc4a450a40af8e24899239080e4c40992fb5baf91c5a31ab3a165eacb3a1ab3,"{""distance"":5,""physical_error_rate"":0.0002}","{""detection_events"":215009,""detectors_checked"":243690272}"
   1087488,         0,         0,    8.73,exact_mw,cdc4a450a40af8e24899239080e4c40992fb5baf91c5a31ab3a165eacb3a1ab3,"{""distance"":5,""physical_error_rate"":0.0002}","{""detection_events"":215643,""detectors_checked"":243597312}"
   1051648,         0,         0,    7.81,exact_mw,cdc4a450a40af8e24899239080e4c40992fb5baf91c5a31ab3a165eacb3a1ab3,"{""distance"":5,""physical_error_rate"":0.0002}","{""detection_events"":206874,""detectors_checked"":235569152}"
    982118,         0,         0,    24.7,exact_mw,cdc4a450a40af8e24899239080e4c40992fb5baf91c5a31ab3a165eacb3a1ab3,"{""distance"":5,""physical_error_rate"":0.0002}","{""detection_events"":193832,""detectors_checked"":219994432}"
    890880,         0,         0,    8.02,exact_mw,cdc4a450a40af8e24899239080e4c40992fb5baf91c5a31ab3a165eacb3a1ab3,"{""distance"":5,""physical_error_rate"":0.0002}","{""detection_events"":175783,""detectors_checked"":199557120}"
    570368,         0,         0,    4.25,exact_mw,cdc4a450a40af8e24899239080e4c40992fb5baf91c5a31ab3a165eacb3a1ab3,"{""distance"":5,""physical_error_rate"":0.0002}","{""detection_events"":111513,""detectors_checked"":127762432}"
    158720,         1,         0,    4.22,exact_mw,cb12ae119b9b2ba18d0216e7235b403229e92fd0743ede48fe7f1a2c6f45d594,"{""distance"":5,""physical_error_rate"":0.0005}","{""detection_events"":78002,""detectors_checked"":35553280,""obs_mistake_mask=E"":1}"
     79872,         0,         0,    4.32,exact_mw,70a969f5042aec17ac076c6379f4170fb7c69b8e925756ef3b7334e28a33338b,"{""distance"":5,""physical_error_rate"":0.0001}","{""detection_events"":7953,""detectors_checked"":17891328}"
     77824,         0,         0,    4.30,exact_mw,70a969f5042aec17ac076c6379f4170fb7c69b8e925756ef3b7334e28a33338b,"{""distance"":5,""physical_error_rate"":0.0001}","{""detection_events"":7849,""detectors_checked"":17432576}"
    833487,         0,         0,    3.65,exact_mw,cdc4a450a40af8e24899239080e4c40992fb5baf91c5a31ab3a165eacb3a1ab3,"{""distance"":5,""physical_error_rate"":0.0002}","{""detection_events"":165780,""detectors_checked"":186701088}"
    797696,         0,         0,    9.03,exact_mw,cdc4a450a40af8e24899239080e4c40992fb5baf91c5a31ab3a165eacb3a1ab3,"{""distance"":5,""physical_error_rate"":0.0002}","{""detection_events"":157179,""detectors_checked"":178683904}"
    724214,         0,         0,    3.71,exact_mw,cdc4a450a40af8e24899239080e4c40992fb5baf91c5a31ab3a165eacb3a1ab3,"{""distance"":5,""physical_error_rate"":0.0002}","{""detection_events"":141504,""detectors_checked"":162223936}"
    651742,         0,         0,    4.84,exact_mw,cdc4a450a40af8e24899239080e4c40992fb5baf91c5a31ab3a165eacb3a1ab3,"{""distance"":5,""physical_error_rate"":0.0002}","{""detection_events"":128897,""detectors_checked"":145990208}"
    646144,         0,         0,    4.83,exact_mw,cdc4a450a40af8e24899239080e4c40992fb5baf91c5a31ab3a165eacb3a1ab3,"{""distance"":5,""physical_error_rate"":0.0002}","{""detection_events"":126314,""detectors_checked"":144736256}"
    642048,         0,         0,    4.69,exact_mw,cdc4a450a40af8e24899239080e4c40992fb5baf91c5a31ab3a165eacb3a1ab3,"{""distance"":5,""physical_error_rate"":0.0002}","{""detection_events"":126690,""detectors_checked"":143818752}"
    638976,         0,         0,    4.68,exact_mw,cdc4a450a40af8e24899239080e4c40992fb5baf91c5a31ab3a165eacb3a1ab3,"{""distance"":5,""physical_error_rate"":0.0002}","{""detection_events"":125091,""detectors_checked"":143130624}"
    641024,         0,         0,    4.86,exact_mw,cdc4a450a40af8e24899239080e4c40992fb5baf91c5a31ab3a165eacb3a1ab3,"{""distance"":5,""physical_error_rate"":0.0002}","{""detection_events"":127138,""detectors_checked"":143589376}"
    620707,         0,         0,    4.77,exact_mw,cdc4a450a40af8e24899239080e4c40992fb5baf91c5a31ab3a165eacb3a1ab3,"{""distance"":5,""physical_error_rate"":0.0002}","{""detection_events"":121531,""detectors_checked"":139038368}"
    474112,         0,         0,    3.52,exact_mw,cdc4a450a40af8e24899239080e4c40992fb5baf91c5a31ab3a165eacb3a1ab3,"{""distance"":5,""physical_error_rate"":0.0002}","{""detection_events"":94480,""detectors_checked"":106201088}"
    468854,         0,         0,    5.07,exact_mw,cdc4a450a40af8e24899239080e4c40992fb5baf91c5a31ab3a165eacb3a1ab3,"{""distance"":5,""physical_error_rate"":0.0002}","{""detection_events"":92935,""detectors_checked"":105023296}"
    463872,         0,         0,    3.40,exact_mw,cdc4a450a40af8e24899239080e4c40992fb5baf91c5a31ab3a165eacb3a1ab3,"{""distance"":5,""physical_error_rate"":0.0002}","{""detection_events"":91295,""detectors_checked"":103907328}"
     51200,         0,         0,    3.02,exact_mw,cdc4a450a40af8e24899239080e4c40992fb5baf91c5a31ab3a165eacb3a1ab3,"{""distance"":5,""physical_error_rate"":0.0002}","{""detection_events"":9979,""detectors_checked"":11468800}"
    423951,         0,         0,    3.15,exact_mw,cdc4a450a40af8e24899239080e4c40992fb5baf91c5a31ab3a165eacb3a1ab3,"{""distance"":5,""physical_error_rate"":0.0002}","{""detection_events"":83144,""detectors_checked"":94965024}"
    416768,         0,         0,    1.71,exact_mw,cdc4a450a40af8e24899239080e4c40992fb5baf91c5a31ab3a165eacb3a1ab3,"{""distance"":5,""physical_error_rate"":0.0002}","{""detection_events"":81713,""detectors_checked"":93356032}"
    380928,         0,         0,    2.74,exact_mw,cdc4a450a40af8e24899239080e4c40992fb5baf91c5a31ab3a165eacb3a1ab3,"{""distance"":5,""physical_error_rate"":0.0002}","{""detection_events"":76022,""detectors_checked"":85327872}"
    398336,         0,         0,    2.96,exact_mw,cdc4a450a40af8e24899239080e4c40992fb5baf91c5a31ab3a165eacb3a1ab3,"{""distance"":5,""physical_error_rate"":0.0002}","{""detection_events"":79267,""detectors_checked"":89227264}"
    379236,         0,         0,    2.73,exact_mw,cdc4a450a40af8e24899239080e4c40992fb5baf91c5a31ab3a165eacb3a1ab3,"{""distance"":5,""physical_error_rate"":0.0002}","{""detection_events"":75310,""detectors_checked"":84948864}"
    320512,         0,         0,    2.52,exact_mw,cdc4a450a40af8e24899239080e4c40992fb5baf91c5a31ab3a165eacb3a1ab3,"{""distance"":5,""physical_error_rate"":0.0002}","{""detection_events"":64033,""detectors_checked"":71794688}"
    304223,         0,         0,    3.33,exact_mw,cdc4a450a40af8e24899239080e4c40992fb5baf91c5a31ab3a165eacb3a1ab3,"{""distance"":5,""physical_error_rate"":0.0002}","{""detection_events"":60161,""detectors_checked"":68145952}"
    293888,         0,         0,    1.14,exact_mw,cdc4a450a40af8e24899239080e4c40992fb5baf91c5a31ab3a165eacb3a1ab3,"{""distance"":5,""physical_error_rate"":0.0002}","{""detection_events"":58026,""detectors_checked"":65830912}"
    297984,         0,         0,    3.33,exact_mw,cdc4a450a40af8e24899239080e4c40992fb5baf91c5a31ab3a165eacb3a1ab3,"{""distance"":5,""physical_error_rate"":0.0002}","{""detection_events"":58421,""detectors_checked"":66748416}"
    278528,         0,         0,    5.67,exact_mw,cdc4a450a40af8e24899239080e4c40992fb5baf91c5a31ab3a165eacb3a1ab3,"{""distance"":5,""physical_error_rate"":0.0002}","{""detection_events"":55098,""detectors_checked"":62390272}"
  11300864,         7,         0,   119.1,exact_mw,cb12ae119b9b2ba18d0216e7235b403229e92fd0743ede48fe7f1a2c6f45d594,"{""distance"":5,""physical_error_rate"":0.0005}","{""detection_events"":5555943,""detectors_checked"":2531393536,""obs_mistake_mask=E"":7}"
   3172491,         0,         0,    19.4,exact_mw,70a969f5042aec17ac076c6379f4170fb7c69b8e925756ef3b7334e28a33338b,"{""distance"":5,""physical_error_rate"":0.0001}","{""detection_events"":311261,""detectors_checked"":710637984}"
   3024896,         0,         0,    21.9,exact_mw,70a969f5042aec17ac076c6379f4170fb7c69b8e925756ef3b7334e28a33338b,"{""distance"":5,""physical_error_rate"":0.0001}","{""detection_events"":298501,""detectors_checked"":677576704}"
   3003392,         0,         0,    19.9,exact_mw,70a969f5042aec17ac076c6379f4170fb7c69b8e925756ef3b7334e28a33338b,"{""distance"":5,""physical_error_rate"":0.0001}","{""detection_events"":295317,""detectors_checked"":672759808}"
   2949120,         0,         0,    21.9,exact_mw,70a969f5042aec17ac076c6379f4170fb7c69b8e925756ef3b7334e28a33338b,"{""distance"":5,""physical_error_rate"":0.0001}","{""detection_events"":290437,""detectors_checked"":660602880}"
    118996,         0,         0,   0.571,exact_mw,cdc4a450a40af8e24899239080e4c40992fb5baf91c5a31ab3a165eacb3a1ab3,"{""distance"":5,""physical_error_rate"":0.0002}","{""detection_events"":23619,""detectors_checked"":26655104}"
   2974720,         0,         0,   111.3,exact_mw,70a969f5042aec17ac076c6379f4170fb7c69b8e925756ef3b7334e28a33338b,"{""distance"":5,""physical_error_rate"":0.0001}","{""detection_events"":292711,""detectors_checked"":666337280}"
    227360,         0,         0,    1.68,exact_mw,cdc4a450a40af8e24899239080e4c40992fb5baf91c5a31ab3a165eacb3a1ab3,"{""distance"":5,""physical_error_rate"":0.0002}","{""detection_events"":44707,""detectors_checked"":50928640}"
    225280,         0,         0,    1.68,exact_mw,cdc4a450a40af8e24899239080e4c40992fb5baf91c5a31ab3a165eacb3a1ab3,"{""distance"":5,""physical_error_rate"":0.0002}","{""detection_events"":44276,""detectors_checked"":50462720}"
    224256,         0,         0,    1.66,exact_mw,cdc4a450a40af8e24899239080e4c40992fb5baf91c5a31ab3a165eacb3a1ab3,"{""distance"":5,""physical_error_rate"":0.0002}","{""detection_events"":43964,""detectors_checked"":50233344}"
    216533,         0,         0,    1.16,exact_mw,cdc4a450a40af8e24899239080e4c40992fb5baf91c5a31ab3a165eacb3a1ab3,"{""distance"":5,""physical_error_rate"":0.0002}","{""detection_events"":42378,""detectors_checked"":48503392}"
    221184,         0,         0,    1.68,exact_mw,cdc4a450a40af8e24899239080e4c40992fb5baf91c5a31ab3a165eacb3a1ab3,"{""distance"":5,""physical_error_rate"":0.0002}","{""detection_events"":43293,""detectors_checked"":49545216}"
    216533,         0,         0,    1.60,exact_mw,cdc4a450a40af8e24899239080e4c40992fb5baf91c5a31ab3a165eacb3a1ab3,"{""distance"":5,""physical_error_rate"":0.0002}","{""detection_events"":42905,""detectors_checked"":48503392}"
   8128512,         1,         0,   119.2,exact_mw,cb12ae119b9b2ba18d0216e7235b403229e92fd0743ede48fe7f1a2c6f45d594,"{""distance"":5,""physical_error_rate"":0.0005}","{""detection_events"":4010808,""detectors_checked"":1820786688,""obs_mistake_mask=E"":1}"
    216533,         0,         0,    1.65,exact_mw,cdc4a450a40af8e24899239080e4c40992fb5baf91c5a31ab3a165eacb3a1ab3,"{""distance"":5,""physical_error_rate"":0.0002}","{""detection_events"":42702,""detectors_checked"":48503392}"
    184320,         0,         0,    1.49,exact_mw,cdc4a450a40af8e24899239080e4c40992fb5baf91c5a31ab3a165eacb3a1ab3,"{""distance"":5,""physical_error_rate"":0.0002}","{""detection_events"":36015,""detectors_checked"":41287680}"
    173056,         0,         0,    1.27,exact_mw,cdc4a450a40af8e24899239080e4c40992fb5baf91c5a31ab3a165eacb3a1ab3,"{""distance"":5,""physical_error_rate"":0.0002}","{""detection_events"":34423,""detectors_checked"":38764544}"
    205824,         0,         0,    1.57,exact_mw,cdc4a450a40af8e24899239080e4c40992fb5baf91c5a31ab3a165eacb3a1ab3,"{""distance"":5,""physical_error_rate"":0.0002}","{""detection_events"":39961,""detectors_checked"":46104576}"
    201728,         0,         0,    1.57,exact_mw,cdc4a450a40af8e24899239080e4c40992fb5baf91c5a31ab3a165eacb3a1ab3,"{""distance"":5,""physical_error_rate"":0.0002}","{""detection_events"":39366,""detectors_checked"":45187072}"
    184816,         0,         0,    1.42,exact_mw,cdc4a450a40af8e24899239080e4c40992fb5baf91c5a31ab3a165eacb3a1ab3,"{""distance"":5,""physical_error_rate"":0.0002}","{""detection_events"":36605,""detectors_checked"":41398784}"
    179200,         0,         0,    1.93,exact_mw,cdc4a450a40af8e24899239080e4c40992fb5baf91c5a31ab3a165eacb3a1ab3,"{""distance"":5,""physical_error_rate"":0.0002}","{""detection_events"":35750,""detectors_checked"":40140800}"
    128000,         0,         0,    1.39,exact_mw,cdc4a450a40af8e24899239080e4c40992fb5baf91c5a31ab3a165eacb3a1ab3,"{""distance"":5,""physical_error_rate"":0.0002}","{""detection_events"":24405,""detectors_checked"":28672000}"
    178176,         1,         0,    1.43,exact_mw,cdc4a450a40af8e24899239080e4c40992fb5baf91c5a31ab3a165eacb3a1ab3,"{""distance"":5,""physical_error_rate"":0.0002}","{""detection_events"":35152,""detectors_checked"":39911424,""obs_mistake_mask=E"":1}"
    132096,         0,         0,   0.951,exact_mw,cdc4a450a40af8e24899239080e4c40992fb5baf91c5a31ab3a165eacb3a1ab3,"{""distance"":5,""physical_error_rate"":0.0002}","{""detection_events"":25822,""detectors_checked"":29589504}"
    137216,         0,         0,    1.43,exact_mw,cdc4a450a40af8e24899239080e4c40992fb5baf91c5a31ab3a165eacb3a1ab3,"{""distance"":5,""physical_error_rate"":0.0002}","{""detection_events"":26924,""detectors_checked"":30736384}"
    108435,         0,         0,   0.942,exact_mw,cdc4a450a40af8e24899239080e4c40992fb5baf91c5a31ab3a165eacb3a1ab3,"{""distance"":5,""physical_error_rate"":0.0002}","{""detection_events"":21502,""detectors_checked"":24289440}"
    100352,         0,         0,   0.964,exact_mw,cdc4a450a40af8e24899239080e4c40992fb5baf91c5a31ab3a165eacb3a1ab3,"{""distance"":5,""physical_error_rate"":0.0002}","{""detection_events"":19712,""detectors_checked"":22478848}"
      6640,         0,         0,   0.027,exact_mw,cdc4a450a40af8e24899239080e4c40992fb5baf91c5a31ab3a165eacb3a1ab3,"{""distance"":5,""physical_error_rate"":0.0002}","{""detection_events"":1335,""detectors_checked"":1487360}"
     43308,         0,         0,   0.297,exact_mw,cdc4a450a40af8e24899239080e4c40992fb5baf91c5a31ab3a165eacb3a1ab3,"{""distance"":5,""physical_error_rate"":0.0002}","{""detection_events"":8334,""detectors_checked"":9700992}"
     61440,         0,         0,   0.435,exact_mw,cdc4a450a40af8e24899239080e4c40992fb5baf91c5a31ab3a165eacb3a1ab3,"{""distance"":5,""physical_error_rate"":0.0002}","{""detection_events"":12203,""detectors_checked"":13762560}"
     60177,         0,         0,    3.23,exact_mw,cdc4a450a40af8e24899239080e4c40992fb5baf91c5a31ab3a165eacb3a1ab3,"{""distance"":5,""physical_error_rate"":0.0002}","{""detection_events"":11593,""detectors_checked"":13479648}"
     54385,         0,         0,   0.379,exact_mw,cdc4a450a40af8e24899239080e4c40992fb5baf91c5a31ab3a165eacb3a1ab3,"{""distance"":5,""physical_error_rate"":0.0002}","{""detection_events"":10537,""detectors_checked"":12182240}"
     53248,         0,         0,   0.394,exact_mw,cdc4a450a40af8e24899239080e4c40992fb5baf91c5a31ab3a165eacb3a1ab3,"{""distance"":5,""physical_error_rate"":0.0002}","{""detection_events"":10546,""detectors_checked"":11927552}"
     53248,         0,         0,   0.394,exact_mw,cdc4a450a40af8e24899239080e4c40992fb5baf91c5a31ab3a165eacb3a1ab3,"{""distance"":5,""physical_error_rate"":0.0002}","{""detection_events"":10552,""detectors_checked"":11927552}"
     51796,         0,         0,   0.354,exact_mw,cdc4a450a40af8e24899239080e4c40992fb5baf91c5a31ab3a165eacb3a1ab3,"{""distance"":5,""physical_error_rate"":0.0002}","{""detection_events"":10258,""detectors_checked"":11602304}"
     52224,         0,         0,   0.376,exact_mw,cdc4a450a40af8e24899239080e4c40992fb5baf91c5a31ab3a165eacb3a1ab3,"{""distance"":5,""physical_error_rate"":0.0002}","{""detection_events"":10374,""detectors_checked"":11698176}"
     54272,         0,         0,   0.384,exact_mw,cdc4a450a40af8e24899239080e4c40992fb5baf91c5a31ab3a165eacb3a1ab3,"{""distance"":5,""physical_error_rate"":0.0002}","{""detection_events"":10637,""detectors_checked"":12156928}"
     52224,         0,         0,   0.376,exact_mw,cdc4a450a40af8e24899239080e4c40992fb5baf91c5a31ab3a165eacb3a1ab3,"{""distance"":5,""physical_error_rate"":0.0002}","{""detection_events"":10230,""detectors_checked"":11698176}"
     51796,         0,         0,   0.366,exact_mw,cdc4a450a40af8e24899239080e4c40992fb5baf91c5a31ab3a165eacb3a1ab3,"{""distance"":5,""physical_error_rate"":0.0002}","{""detection_events"":10278,""detectors_checked"":11602304}"
     51796,         0,         0,   0.285,exact_mw,cdc4a450a40af8e24899239080e4c40992fb5baf91c5a31ab3a165eacb3a1ab3,"{""distance"":5,""physical_error_rate"":0.0002}","{""detection_events"":10319,""detectors_checked"":11602304}"
     44258,         0,         0,   0.259,exact_mw,cdc4a450a40af8e24899239080e4c40992fb5baf91c5a31ab3a165eacb3a1ab3,"{""distance"":5,""physical_error_rate"":0.0002}","{""detection_events"":8785,""detectors_checked"":9913792}"
      2161,         0,         0,   0.008,exact_mw,cdc4a450a40af8e24899239080e4c40992fb5baf91c5a31ab3a165eacb3a1ab3,"{""distance"":5,""physical_error_rate"":0.0002}","{""detection_events"":465,""detectors_checked"":484064}"
     44032,         0,         0,   0.301,exact_mw,cdc4a450a40af8e24899239080e4c40992fb5baf91c5a31ab3a165eacb3a1ab3,"{""distance"":5,""physical_error_rate"":0.0002}","{""detection_events"":8876,""detectors_checked"":9863168}"
     44258,         0,         0,   0.452,exact_mw,cdc4a450a40af8e24899239080e4c40992fb5baf91c5a31ab3a165eacb3a1ab3,"{""distance"":5,""physical_error_rate"":0.0002}","{""detection_events"":8556,""detectors_checked"":9913792}"
     30720,         0,         0,   0.292,exact_mw,cdc4a450a40af8e24899239080e4c40992fb5baf91c5a31ab3a165eacb3a1ab3,"{""distance"":5,""physical_error_rate"":0.0002}","{""detection_events"":6182,""detectors_checked"":6881280}"
     41984,         0,         0,   0.445,exact_mw,cdc4a450a40af8e24899239080e4c40992fb5baf91c5a31ab3a165eacb3a1ab3,"{""distance"":5,""physical_error_rate"":0.0002}","{""detection_events"":8314,""detectors_checked"":9404416}"
     40960,         0,         0,   0.278,exact_mw,cdc4a450a40af8e24899239080e4c40992fb5baf91c5a31ab3a165eacb3a1ab3,"{""distance"":5,""physical_error_rate"":0.0002}","{""detection_events"":8003,""detectors_checked"":9175040}"
     34816,         0,         0,   0.243,exact_mw,cdc4a450a40af8e24899239080e4c40992fb5baf91c5a31ab3a165eacb3a1ab3,"{""distance"":5,""physical_error_rate"":0.0002}","{""detection_events"":6935,""detectors_checked"":7798784}"
     34233,         0,         0,   0.337,exact_mw,cdc4a450a40af8e24899239080e4c40992fb5baf91c5a31ab3a165eacb3a1ab3,"{""distance"":5,""physical_error_rate"":0.0002}","{""detection_events"":6556,""detectors_checked"":7668192}"
     20480,         0,         0,   0.182,exact_mw,cdc4a450a40af8e24899239080e4c40992fb5baf91c5a31ab3a165eacb3a1ab3,"{""distance"":5,""physical_error_rate"":0.0002}","{""detection_events"":4101,""detectors_checked"":4587520}"
     44032,         0,         0,   0.302,exact_mw,cdc4a450a40af8e24899239080e4c40992fb5baf91c5a31ab3a165eacb3a1ab3,"{""distance"":5,""physical_error_rate"":0.0002}","{""detection_events"":8585,""detectors_checked"":9863168}"
      8894,         0,         0,   0.059,exact_mw,cdc4a450a40af8e24899239080e4c40992fb5baf91c5a31ab3a165eacb3a1ab3,"{""distance"":5,""physical_error_rate"":0.0002}","{""detection_events"":1852,""detectors_checked"":1992256}"
      9510,         0,         0,   0.060,exact_mw,cdc4a450a40af8e24899239080e4c40992fb5baf91c5a31ab3a165eacb3a1ab3,"{""distance"":5,""physical_error_rate"":0.0002}","{""detection_events"":1853,""detectors_checked"":2130240}"
      7538,         0,         0,   0.045,exact_mw,cdc4a450a40af8e24899239080e4c40992fb5baf91c5a31ab3a165eacb3a1ab3,"{""distance"":5,""physical_error_rate"":0.0002}","{""detection_events"":1598,""detectors_checked"":1688512}"
      7538,         0,         0,   0.054,exact_mw,cdc4a450a40af8e24899239080e4c40992fb5baf91c5a31ab3a165eacb3a1ab3,"{""distance"":5,""physical_error_rate"":0.0002}","{""detection_events"":1456,""detectors_checked"":1688512}"
       453,         0,         0,   0.003,exact_mw,cdc4a450a40af8e24899239080e4c40992fb5baf91c5a31ab3a165eacb3a1ab3,"{""distance"":5,""physical_error_rate"":0.0002}","{""detection_events"":89,""detectors_checked"":101472}"
   6413312,         1,         0,   119.1,exact_mw,cb12ae119b9b2ba18d0216e7235b403229e92fd0743ede48fe7f1a2c6f45d594,"{""distance"":5,""physical_error_rate"":0.0005}","{""detection_events"":3157287,""detectors_checked"":1436581888,""obs_mistake_mask=E"":1}"
     12344,         0,         0,   0.084,exact_mw,cdc4a450a40af8e24899239080e4c40992fb5baf91c5a31ab3a165eacb3a1ab3,"{""distance"":5,""physical_error_rate"":0.0002}","{""detection_events"":2318,""detectors_checked"":2765056}"
      1205,         0,         0,   0.005,exact_mw,cdc4a450a40af8e24899239080e4c40992fb5baf91c5a31ab3a165eacb3a1ab3,"{""distance"":5,""physical_error_rate"":0.0002}","{""detection_events"":231,""detectors_checked"":269920}"
      7538,         0,         0,   0.073,exact_mw,cdc4a450a40af8e24899239080e4c40992fb5baf91c5a31ab3a165eacb3a1ab3,"{""distance"":5,""physical_error_rate"":0.0002}","{""detection_events"":1433,""detectors_checked"":1688512}"
       993,         0,         0,   0.004,exact_mw,cdc4a450a40af8e24899239080e4c40992fb5baf91c5a31ab3a165eacb3a1ab3,"{""distance"":5,""physical_error_rate"":0.0002}","{""detection_events"":192,""detectors_checked"":222432}"
      7764,         0,         0,   0.060,exact_mw,cdc4a450a40af8e24899239080e4c40992fb5baf91c5a31ab3a165eacb3a1ab3,"{""distance"":5,""physical_error_rate"":0.0002}","{""detection_events"":1544,""detectors_checked"":1739136}"
       124,         0,         0,   0.001,exact_mw,cdc4a450a40af8e24899239080e4c40992fb5baf91c5a31ab3a165eacb3a1ab3,"{""distance"":5,""physical_error_rate"":0.0002}","{""detection_events"":37,""detectors_checked"":27776}"
     10959,         0,         0,   0.086,exact_mw,cdc4a450a40af8e24899239080e4c40992fb5baf91c5a31ab3a165eacb3a1ab3,"{""distance"":5,""physical_error_rate"":0.0002}","{""detection_events"":2043,""detectors_checked"":2454816}"
     10542,         0,         0,   0.065,exact_mw,cdc4a450a40af8e24899239080e4c40992fb5baf91c5a31ab3a165eacb3a1ab3,"{""distance"":5,""physical_error_rate"":0.0002}","{""detection_events"":2054,""detectors_checked"":2361408}"
      7372,         0,         0,   0.036,exact_mw,cdc4a450a40af8e24899239080e4c40992fb5baf91c5a31ab3a165eacb3a1ab3,"{""distance"":5,""physical_error_rate"":0.0002}","{""detection_events"":1547,""detectors_checked"":1651328}"
     10959,         0,         0,   0.066,exact_mw,cdc4a450a40af8e24899239080e4c40992fb5baf91c5a31ab3a165eacb3a1ab3,"{""distance"":5,""physical_error_rate"":0.0002}","{""detection_events"":2238,""detectors_checked"":2454816}"
      1443,         0,         0,   0.006,exact_mw,cdc4a450a40af8e24899239080e4c40992fb5baf91c5a31ab3a165eacb3a1ab3,"{""distance"":5,""physical_error_rate"":0.0002}","{""detection_events"":310,""detectors_checked"":323232}"
      3495,         0,         0,   0.016,exact_mw,cdc4a450a40af8e24899239080e4c40992fb5baf91c5a31ab3a165eacb3a1ab3,"{""distance"":5,""physical_error_rate"":0.0002}","{""detection_events"":673,""detectors_checked"":782880}"
      1686,         0,         0,   0.007,exact_mw,cdc4a450a40af8e24899239080e4c40992fb5baf91c5a31ab3a165eacb3a1ab3,"{""distance"":5,""physical_error_rate"":0.0002}","{""detection_events"":354,""detectors_checked"":377664}"
      7464,         0,         0,   0.062,exact_mw,cdc4a450a40af8e24899239080e4c40992fb5baf91c5a31ab3a165eacb3a1ab3,"{""distance"":5,""physical_error_rate"":0.0002}","{""detection_events"":1421,""detectors_checked"":1671936}"
     10240,         0,         0,   0.063,exact_mw,cdc4a450a40af8e24899239080e4c40992fb5baf91c5a31ab3a165eacb3a1ab3,"{""distance"":5,""physical_error_rate"":0.0002}","{""detection_events"":1965,""detectors_checked"":2293760}"
      7175,         0,         0,   0.081,exact_mw,cdc4a450a40af8e24899239080e4c40992fb5baf91c5a31ab3a165eacb3a1ab3,"{""distance"":5,""physical_error_rate"":0.0002}","{""detection_events"":1427,""detectors_checked"":1607200}"
      9442,         0,         0,   0.082,exact_mw,cdc4a450a40af8e24899239080e4c40992fb5baf91c5a31ab3a165eacb3a1ab3,"{""distance"":5,""physical_error_rate"":0.0002}","{""detection_events"":1885,""detectors_checked"":2115008}"
       458,         0,         0,   0.002,exact_mw,cdc4a450a40af8e24899239080e4c40992fb5baf91c5a31ab3a165eacb3a1ab3,"{""distance"":5,""physical_error_rate"":0.0002}","{""detection_events"":111,""detectors_checked"":102592}"
     11264,         0,         0,   0.088,exact_mw,cdc4a450a40af8e24899239080e4c40992fb5baf91c5a31ab3a165eacb3a1ab3,"{""distance"":5,""physical_error_rate"":0.0002}","{""detection_events"":2114,""detectors_checked"":2523136}"
      2390,         0,         0,   0.009,exact_mw,cdc4a450a40af8e24899239080e4c40992fb5baf91c5a31ab3a165eacb3a1ab3,"{""distance"":5,""physical_error_rate"":0.0002}","{""detection_events"":500,""detectors_checked"":535360}"
      1171,         0,         0,   0.005,exact_mw,cdc4a450a40af8e24899239080e4c40992fb5baf91c5a31ab3a165eacb3a1ab3,"{""distance"":5,""physical_error_rate"":0.0002}","{""detection_events"":235,""detectors_checked"":262304}"
     11376,         0,         0,   0.081,exact_mw,cdc4a450a40af8e24899239080e4c40992fb5baf91c5a31ab3a165eacb3a1ab3,"{""distance"":5,""physical_error_rate"":0.0002}","{""detection_events"":2236,""detectors_checked"":2548224}"
     10015,         0,         0,   0.107,exact_mw,cdc4a450a40af8e24899239080e4c40992fb5baf91c5a31ab3a165eacb3a1ab3,"{""distance"":5,""physical_error_rate"":0.0002}","{""detection_events"":1875,""detectors_checked"":2243360}"
      9812,         0,         0,   0.101,exact_mw,cdc4a450a40af8e24899239080e4c40992fb5baf91c5a31ab3a165eacb3a1ab3,"{""distance"":5,""physical_error_rate"":0.0002}","{""detection_events"":1949,""detectors_checked"":2197888}"
     11264,         0,         0,   0.109,exact_mw,cdc4a450a40af8e24899239080e4c40992fb5baf91c5a31ab3a165eacb3a1ab3,"{""distance"":5,""physical_error_rate"":0.0002}","{""detection_events"":2183,""detectors_checked"":2523136}"
     10959,         0,         0,   0.422,exact_mw,cdc4a450a40af8e24899239080e4c40992fb5baf91c5a31ab3a165eacb3a1ab3,"{""distance"":5,""physical_error_rate"":0.0002}","{""detection_events"":2303,""detectors_checked"":2454816}"
     13156,         0,         0,   0.302,exact_mw,cdc4a450a40af8e24899239080e4c40992fb5baf91c5a31ab3a165eacb3a1ab3,"{""distance"":5,""physical_error_rate"":0.0002}","{""detection_events"":2628,""detectors_checked"":2946944}"
      1327,         0,         0,   0.005,exact_mw,cdc4a450a40af8e24899239080e4c40992fb5baf91c5a31ab3a165eacb3a1ab3,"{""distance"":5,""physical_error_rate"":0.0002}","{""detection_events"":250,""detectors_checked"":297248}"
      9701,         0,         0,   0.079,exact_mw,cdc4a450a40af8e24899239080e4c40992fb5baf91c5a31ab3a165eacb3a1ab3,"{""distance"":5,""physical_error_rate"":0.0002}","{""detection_events"":2047,""detectors_checked"":2173024}"
       112,         0,         0,   0.001,exact_mw,cdc4a450a40af8e24899239080e4c40992fb5baf91c5a31ab3a165eacb3a1ab3,"{""distance"":5,""physical_error_rate"":0.0002}","{""detection_events"":16,""detectors_checked"":25088}"
      1136,         0,         0,   0.004,exact_mw,cdc4a450a40af8e24899239080e4c40992fb5baf91c5a31ab3a165eacb3a1ab3,"{""distance"":5,""physical_error_rate"":0.0002}","{""detection_events"":231,""detectors_checked"":254464}"
       112,         0,         0,   0.001,exact_mw,cdc4a450a40af8e24899239080e4c40992fb5baf91c5a31ab3a165eacb3a1ab3,"{""distance"":5,""physical_error_rate"":0.0002}","{""detection_events"":26,""detectors_checked"":25088}"
      9216,         0,         0,   0.088,exact_mw,cdc4a450a40af8e24899239080e4c40992fb5baf91c5a31ab3a165eacb3a1ab3,"{""distance"":5,""physical_error_rate"":0.0002}","{""detection_events"":1808,""detectors_checked"":2064384}"
      2197,         0,         0,   0.008,exact_mw,cdc4a450a40af8e24899239080e4c40992fb5baf91c5a31ab3a165eacb3a1ab3,"{""distance"":5,""physical_error_rate"":0.0002}","{""detection_events"":425,""detectors_checked"":492128}"
      2207,         0,         0,   0.008,exact_mw,cdc4a450a40af8e24899239080e4c40992fb5baf91c5a31ab3a165eacb3a1ab3,"{""distance"":5,""physical_error_rate"":0.0002}","{""detection_events"":432,""detectors_checked"":494368}"
      2207,         0,         0,   0.009,exact_mw,cdc4a450a40af8e24899239080e4c40992fb5baf91c5a31ab3a165eacb3a1ab3,"{""distance"":5,""physical_error_rate"":0.0002}","{""detection_events"":489,""detectors_checked"":494368}"
       341,         0,         0,   0.001,exact_mw,cdc4a450a40af8e24899239080e4c40992fb5baf91c5a31ab3a165eacb3a1ab3,"{""distance"":5,""physical_error_rate"":0.0002}","{""detection_events"":61,""detectors_checked"":76384}"
       313,         0,         0,   0.001,exact_mw,cdc4a450a40af8e24899239080e4c40992fb5baf91c5a31ab3a165eacb3a1ab3,"{""distance"":5,""physical_error_rate"":0.0002}","{""detection_events"":55,""detectors_checked"":70112}"
      2207,         0,         0,   0.009,exact_mw,cdc4a450a40af8e24899239080e4c40992fb5baf91c5a31ab3a165eacb3a1ab3,"{""distance"":5,""physical_error_rate"":0.0002}","{""detection_events"":441,""detectors_checked"":494368}"
      2207,         0,         0,   0.009,exact_mw,cdc4a450a40af8e24899239080e4c40992fb5baf91c5a31ab3a165eacb3a1ab3,"{""distance"":5,""physical_error_rate"":0.0002}","{""detection_events"":393,""detectors_checked"":494368}"
      3072,         0,         0,   0.013,exact_mw,cdc4a450a40af8e24899239080e4c40992fb5baf91c5a31ab3a165eacb3a1ab3,"{""distance"":5,""physical_error_rate"":0.0002}","{""detection_events"":552,""detectors_checked"":688128}"
       341,         0,         0,   0.002,exact_mw,cdc4a450a40af8e24899239080e4c40992fb5baf91c5a31ab3a165eacb3a1ab3,"{""distance"":5,""physical_error_rate"":0.0002}","{""detection_events"":71,""detectors_checked"":76384}"
      1432,         0,         0,   0.006,exact_mw,cdc4a450a40af8e24899239080e4c40992fb5baf91c5a31ab3a165eacb3a1ab3,"{""distance"":5,""physical_error_rate"":0.0002}","{""detection_events"":282,""detectors_checked"":320768}"
       481,         0,         0,   0.002,exact_mw,cdc4a450a40af8e24899239080e4c40992fb5baf91c5a31ab3a165eacb3a1ab3,"{""distance"":5,""physical_error_rate"":0.0002}","{""detection_events"":82,""detectors_checked"":107744}"
       341,         0,         0,   0.001,exact_mw,cdc4a450a40af8e24899239080e4c40992fb5baf91c5a31ab3a165eacb3a1ab3,"{""distance"":5,""physical_error_rate"":0.0002}","{""detection_events"":53,""detectors_checked"":76384}"
      1432,         0,         0,   0.005,exact_mw,cdc4a450a40af8e24899239080e4c40992fb5baf91c5a31ab3a165eacb3a1ab3,"{""distance"":5,""physical_error_rate"":0.0002}","{""detection_events"":310,""detectors_checked"":320768}"
       341,         0,         0,   0.001,exact_mw,cdc4a450a40af8e24899239080e4c40992fb5baf91c5a31ab3a165eacb3a1ab3,"{""distance"":5,""physical_error_rate"":0.0002}","{""detection_events"":60,""detectors_checked"":76384}"
      1553,         0,         0,   0.006,exact_mw,cdc4a450a40af8e24899239080e4c40992fb5baf91c5a31ab3a165eacb3a1ab3,"{""distance"":5,""physical_error_rate"":0.0002}","{""detection_events"":319,""detectors_checked"":347872}"
      1553,         0,         0,   0.006,exact_mw,cdc4a450a40af8e24899239080e4c40992fb5baf91c5a31ab3a165eacb3a1ab3,"{""distance"":5,""physical_error_rate"":0.0002}","{""detection_events"":340,""detectors_checked"":347872}"
       649,         0,         0,   0.003,exact_mw,cdc4a450a40af8e24899239080e4c40992fb5baf91c5a31ab3a165eacb3a1ab3,"{""distance"":5,""physical_error_rate"":0.0002}","{""detection_events"":130,""detectors_checked"":145376}"
       799,         0,         0,   0.003,exact_mw,cdc4a450a40af8e24899239080e4c40992fb5baf91c5a31ab3a165eacb3a1ab3,"{""distance"":5,""physical_error_rate"":0.0002}","{""detection_events"":149,""detectors_checked"":178976}"
      1024,         0,         0,   0.004,exact_mw,cdc4a450a40af8e24899239080e4c40992fb5baf91c5a31ab3a165eacb3a1ab3,"{""distance"":5,""physical_error_rate"":0.0002}","{""detection_events"":213,""detectors_checked"":229376}"
      1024,         0,         0,   0.004,exact_mw,cdc4a450a40af8e24899239080e4c40992fb5baf91c5a31ab3a165eacb3a1ab3,"{""distance"":5,""physical_error_rate"":0.0002}","{""detection_events"":126,""detectors_checked"":229376}"
       427,         0,         0,   0.002,exact_mw,cdc4a450a40af8e24899239080e4c40992fb5baf91c5a31ab3a165eacb3a1ab3,"{""distance"":5,""physical_error_rate"":0.0002}","{""detection_events"":90,""detectors_checked"":95648}"
      1024,         0,         0,   0.004,exact_mw,cdc4a450a40af8e24899239080e4c40992fb5baf91c5a31ab3a165eacb3a1ab3,"{""distance"":5,""physical_error_rate"":0.0002}","{""detection_events"":218,""detectors_checked"":229376}"
       169,         0,         0,   0.002,exact_mw,cdc4a450a40af8e24899239080e4c40992fb5baf91c5a31ab3a165eacb3a1ab3,"{""distance"":5,""physical_error_rate"":0.0002}","{""detection_events"":14,""detectors_checked"":37856}"
      1024,         0,         0,   0.004,exact_mw,cdc4a450a40af8e24899239080e4c40992fb5baf91c5a31ab3a165eacb3a1ab3,"{""distance"":5,""physical_error_rate"":0.0002}","{""detection_events"":173,""detectors_checked"":229376}"
      1024,         0,         0,   0.005,exact_mw,cdc4a450a40af8e24899239080e4c40992fb5baf91c5a31ab3a165eacb3a1ab3,"{""distance"":5,""physical_error_rate"":0.0002}","{""detection_events"":183,""detectors_checked"":229376}"
      1044,         0,         0,   0.004,exact_mw,cdc4a450a40af8e24899239080e4c40992fb5baf91c5a31ab3a165eacb3a1ab3,"{""distance"":5,""physical_error_rate"":0.0002}","{""detection_events"":211,""detectors_checked"":233856}"
        16,         0,         0,   0.000,exact_mw,cdc4a450a40af8e24899239080e4c40992fb5baf91c5a31ab3a165eacb3a1ab3,"{""distance"":5,""physical_error_rate"":0.0002}","{""detection_events"":2,""detectors_checked"":3584}"
      1044,         0,         0,   0.004,exact_mw,cdc4a450a40af8e24899239080e4c40992fb5baf91c5a31ab3a165eacb3a1ab3,"{""distance"":5,""physical_error_rate"":0.0002}","{""detection_events"":225,""detectors_checked"":233856}"
        16,         0,         0,   0.000,exact_mw,cdc4a450a40af8e24899239080e4c40992fb5baf91c5a31ab3a165eacb3a1ab3,"{""distance"":5,""physical_error_rate"":0.0002}","{""detectors_checked"":3584}"
      1448,         0,         0,   0.005,exact_mw,cdc4a450a40af8e24899239080e4c40992fb5baf91c5a31ab3a165eacb3a1ab3,"{""distance"":5,""physical_error_rate"":0.0002}","{""detection_events"":257,""detectors_checked"":324352}"
       105,         0,         0,   0.001,exact_mw,cdc4a450a40af8e24899239080e4c40992fb5baf91c5a31ab3a165eacb3a1ab3,"{""distance"":5,""physical_error_rate"":0.0002}","{""detection_events"":18,""detectors_checked"":23520}"
       347,         0,         0,   0.001,exact_mw,cdc4a450a40af8e24899239080e4c40992fb5baf91c5a31ab3a165eacb3a1ab3,"{""distance"":5,""physical_error_rate"":0.0002}","{""detection_events"":45,""detectors_checked"":77728}"
      1044,         0,         0,   0.004,exact_mw,cdc4a450a40af8e24899239080e4c40992fb5baf91c5a31ab3a165eacb3a1ab3,"{""distance"":5,""physical_error_rate"":0.0002}","{""detection_events"":299,""detectors_checked"":233856}"
       105,         0,         0,   0.001,exact_mw,cdc4a450a40af8e24899239080e4c40992fb5baf91c5a31ab3a165eacb3a1ab3,"{""distance"":5,""physical_error_rate"":0.0002}","{""detection_events"":12,""detectors_checked"":23520}"
        17,         0,         0,   0.000,exact_mw,cdc4a450a40af8e24899239080e4c40992fb5baf91c5a31ab3a165eacb3a1ab3,"{""distance"":5,""physical_error_rate"":0.0002}","{""detectors_checked"":3808}"
       538,         0,         0,   0.002,exact_mw,cdc4a450a40af8e24899239080e4c40992fb5baf91c5a31ab3a165eacb3a1ab3,"{""distance"":5,""physical_error_rate"":0.0002}","{""detection_events"":114,""detectors_checked"":120512}"
        49,         0,         0,   0.000,exact_mw,cdc4a450a40af8e24899239080e4c40992fb5baf91c5a31ab3a165eacb3a1ab3,"{""distance"":5,""physical_error_rate"":0.0002}","{""detection_events"":6,""detectors_checked"":10976}"
        17,         0,         0,   0.000,exact_mw,cdc4a450a40af8e24899239080e4c40992fb5baf91c5a31ab3a165eacb3a1ab3,"{""distance"":5,""physical_error_rate"":0.0002}","{""detection_events"":5,""detectors_checked"":3808}"
        47,         0,         0,   0.000,exact_mw,cdc4a450a40af8e24899239080e4c40992fb5baf91c5a31ab3a165eacb3a1ab3,"{""distance"":5,""physical_error_rate"":0.0002}","{""detection_events"":9,""detectors_checked"":10528}"
       363,         0,         0,   0.002,exact_mw,cdc4a450a40af8e24899239080e4c40992fb5baf91c5a31ab3a165eacb3a1ab3,"{""distance"":5,""physical_error_rate"":0.0002}","{""detection_events"":72,""detectors_checked"":81312}"
       518,         0,         0,   0.002,exact_mw,cdc4a450a40af8e24899239080e4c40992fb5baf91c5a31ab3a165eacb3a1ab3,"{""distance"":5,""physical_error_rate"":0.0002}","{""detection_events"":77,""detectors_checked"":116032}"
       363,         0,         0,   0.001,exact_mw,cdc4a450a40af8e24899239080e4c40992fb5baf91c5a31ab3a165eacb3a1ab3,"{""distance"":5,""physical_error_rate"":0.0002}","{""detection_events"":45,""detectors_checked"":81312}"
        44,         0,         0,   0.000,exact_mw,cdc4a450a40af8e24899239080e4c40992fb5baf91c5a31ab3a165eacb3a1ab3,"{""distance"":5,""physical_error_rate"":0.0002}","{""detection_events"":8,""detectors_checked"":9856}"
       314,         0,         0,   0.002,exact_mw,cdc4a450a40af8e24899239080e4c40992fb5baf91c5a31ab3a165eacb3a1ab3,"{""distance"":5,""physical_error_rate"":0.0002}","{""detection_events"":39,""detectors_checked"":70336}"
        45,         0,         0,   0.000,exact_mw,cdc4a450a40af8e24899239080e4c40992fb5baf91c5a31ab3a165eacb3a1ab3,"{""distance"":5,""physical_error_rate"":0.0002}","{""detection_events"":2,""detectors_checked"":10080}"
        17,         0,         0,   0.000,exact_mw,cdc4a450a40af8e24899239080e4c40992fb5baf91c5a31ab3a165eacb3a1ab3,"{""distance"":5,""physical_error_rate"":0.0002}","{""detection_events"":3,""detectors_checked"":3808}"
        44,         0,         0,   0.001,exact_mw,cdc4a450a40af8e24899239080e4c40992fb5baf91c5a31ab3a165eacb3a1ab3,"{""distance"":5,""physical_error_rate"":0.0002}","{""detection_events"":7,""detectors_checked"":9856}"
         4,         0,         0,   0.000,exact_mw,cdc4a450a40af8e24899239080e4c40992fb5baf91c5a31ab3a165eacb3a1ab3,"{""distance"":5,""physical_error_rate"":0.0002}","{""detectors_checked"":896}"
         9,         0,         0,   0.000,exact_mw,cdc4a450a40af8e24899239080e4c40992fb5baf91c5a31ab3a165eacb3a1ab3,"{""distance"":5,""physical_error_rate"":0.0002}","{""detection_events"":4,""detectors_checked"":2016}"
        44,         0,         0,   0.000,exact_mw,cdc4a450a40af8e24899239080e4c40992fb5baf91c5a31ab3a165eacb3a1ab3,"{""distance"":5,""physical_error_rate"":0.0002}","{""detection_events"":13,""detectors_checked"":9856}"
         9,         0,         0,   0.000,exact_mw,cdc4a450a40af8e24899239080e4c40992fb5baf91c5a31ab3a165eacb3a1ab3,"{""distance"":5,""physical_error_rate"":0.0002}","{""detectors_checked"":2016}"
         1,         0,         0,   0.000,exact_mw,cdc4a450a40af8e24899239080e4c40992fb5baf91c5a31ab3a165eacb3a1ab3,"{""distance"":5,""physical_error_rate"":0.0002}","{""detectors_checked"":224}"
         1,         0,         0,   0.000,exact_mw,cdc4a450a40af8e24899239080e4c40992fb5baf91c5a31ab3a165eacb3a1ab3,"{""distance"":5,""physical_error_rate"":0.0002}","{""detectors_checked"":224}"
         2,         0,         0,   0.000,exact_mw,cdc4a450a40af8e24899239080e4c40992fb5baf91c5a31ab3a165eacb3a1ab3,"{""distance"":5,""physical_error_rate"":0.0002}","{""detectors_checked"":448}"
         1,         0,         0,   0.000,exact_mw,cdc4a450a40af8e24899239080e4c40992fb5baf91c5a31ab3a165eacb3a1ab3,"{""distance"":5,""physical_error_rate"":0.0002}","{""detectors_checked"":224}"
         1,         0,         0,   0.000,exact_mw,cdc4a450a40af8e24899239080e4c40992fb5baf91c5a31ab3a165eacb3a1ab3,"{""distance"":5,""physical_error_rate"":0.0002}","{""detectors_checked"":224}"
         1,         0,         0,   0.000,exact_mw,cdc4a450a40af8e24899239080e4c40992fb5baf91c5a31ab3a165eacb3a1ab3,"{""distance"":5,""physical_error_rate"":0.0002}","{""detectors_checked"":224}"
         1,         0,         0,   0.000,exact_mw,cdc4a450a40af8e24899239080e4c40992fb5baf91c5a31ab3a165eacb3a1ab3,"{""distance"":5,""physical_error_rate"":0.0002}","{""detectors_checked"":224}"
         1,         0,         0,   0.000,exact_mw,cdc4a450a40af8e24899239080e4c40992fb5baf91c5a31ab3a165eacb3a1ab3,"{""distance"":5,""physical_error_rate"":0.0002}","{""detectors_checked"":224}"
         1,         0,         0,   0.000,exact_mw,cdc4a450a40af8e24899239080e4c40992fb5baf91c5a31ab3a165eacb3a1ab3,"{""distance"":5,""physical_error_rate"":0.0002}","{""detectors_checked"":224}"
         1,         0,         0,   0.000,exact_mw,cdc4a450a40af8e24899239080e4c40992fb5baf91c5a31ab3a165eacb3a1ab3,"{""distance"":5,""physical_error_rate"":0.0002}","{""detectors_checked"":224}"
         1,         0,         0,   0.000,exact_mw,cdc4a450a40af8e24899239080e4c40992fb5baf91c5a31ab3a165eacb3a1ab3,"{""distance"":5,""physical_error_rate"":0.0002}","{""detectors_checked"":224}"
  10873856,         6,         0,   105.9,exact_mw,cb12ae119b9b2ba18d0216e7235b403229e92fd0743ede48fe7f1a2c6f45d594,"{""distance"":5,""physical_error_rate"":0.0005}","{""detection_events"":5344228,""detectors_checked"":2435743744,""obs_mistake_mask=E"":6}"
   2735104,         0,         0,    20.8,exact_mw,70a969f5042aec17ac076c6379f4170fb7c69b8e925756ef3b7334e28a33338b,"{""distance"":5,""physical_error_rate"":0.0001}","{""detection_events"":268812,""detectors_checked"":612663296}"
   1824768,         0,         0,    20.9,exact_mw,70a969f5042aec17ac076c6379f4170fb7c69b8e925756ef3b7334e28a33338b,"{""distance"":5,""physical_error_rate"":0.0001}","{""detection_events"":179530,""detectors_checked"":408748032}"
   2447360,         0,         0,    19.0,exact_mw,70a969f5042aec17ac076c6379f4170fb7c69b8e925756ef3b7334e28a33338b,"{""distance"":5,""physical_error_rate"":0.0001}","{""detection_events"":241783,""detectors_checked"":548208640}"
   2675712,         0,         0,    19.0,exact_mw,70a969f5042aec17ac076c6379f4170fb7c69b8e925756ef3b7334e28a33338b,"{""distance"":5,""physical_error_rate"":0.0001}","{""detection_events"":264250,""detectors_checked"":599359488}"
  10320896,         5,         0,   108.6,exact_mw,cb12ae119b9b2ba18d0216e7235b403229e92fd0743ede48fe7f1a2c6f45d594,"{""distance"":5,""physical_error_rate"":0.0005}","{""detection_events"":5078166,""detectors_checked"":2311880704,""obs_mistake_mask=E"":5}"
   2239488,         0,         0,    18.9,exact_mw,70a969f5042aec17ac076c6379f4170fb7c69b8e925756ef3b7334e28a33338b,"{""distance"":5,""physical_error_rate"":0.0001}","{""detection_events"":222817,""detectors_checked"":501645312}"
   2769920,         0,         0,    20.4,exact_mw,70a969f5042aec17ac076c6379f4170fb7c69b8e925756ef3b7334e28a33338b,"{""distance"":5,""physical_error_rate"":0.0001}","{""detection_events"":271899,""detectors_checked"":620462080}"
   2512896,         0,         0,    20.4,exact_mw,70a969f5042aec17ac076c6379f4170fb7c69b8e925756ef3b7334e28a33338b,"{""distance"":5,""physical_error_rate"":0.0001}","{""detection_events"":246725,""detectors_checked"":562888704}"
   1516544,         0,         0,    20.9,exact_mw,70a969f5042aec17ac076c6379f4170fb7c69b8e925756ef3b7334e28a33338b,"{""distance"":5,""physical_error_rate"":0.0001}","{""detection_events"":149154,""detectors_checked"":339705856}"
   8991744,         7,         0,   103.0,exact_mw,cb12ae119b9b2ba18d0216e7235b403229e92fd0743ede48fe7f1a2c6f45d594,"{""distance"":5,""physical_error_rate"":0.0005}","{""detection_events"":4424192,""detectors_checked"":2014150656,""obs_mistake_mask=E"":7}"
    903168,         0,         0,    5.93,exact_mw,70a969f5042aec17ac076c6379f4170fb7c69b8e925756ef3b7334e28a33338b,"{""distance"":5,""physical_error_rate"":0.0001}","{""detection_events"":88662,""detectors_checked"":202309632}"
    114688,         0,         0,    5.99,exact_mw,70a969f5042aec17ac076c6379f4170fb7c69b8e925756ef3b7334e28a33338b,"{""distance"":5,""physical_error_rate"":0.0001}","{""detection_events"":11381,""detectors_checked"":25690112}"
    612352,         0,         0,    5.94,exact_mw,cb12ae119b9b2ba18d0216e7235b403229e92fd0743ede48fe7f1a2c6f45d594,"{""distance"":5,""physical_error_rate"":0.0005}","{""detection_events"":302876,""detectors_checked"":137166848}"
    566272,         1,         0,    5.90,exact_mw,cb12ae119b9b2ba18d0216e7235b403229e92fd0743ede48fe7f1a2c6f45d594,"{""distance"":5,""physical_error_rate"":0.0005}","{""detection_events"":279876,""detectors_checked"":126844928,""obs_mistake_mask=E"":1}"
    738304,         0,         0,    5.86,exact_mw,70a969f5042aec17ac076c6379f4170fb7c69b8e925756ef3b7334e28a33338b,"{""distance"":5,""physical_error_rate"":0.0001}","{""detection_events"":73370,""detectors_checked"":165380096}"
    611328,         2,         0,    5.93,exact_mw,cb12ae119b9b2ba18d0216e7235b403229e92fd0743ede48fe7f1a2c6f45d594,"{""distance"":5,""physical_error_rate"":0.0005}","{""detection_events"":301136,""detectors_checked"":136937472,""obs_mistake_mask=E"":2}"
   5720064,         1,         0,   119.2,exact_mw,cb12ae119b9b2ba18d0216e7235b403229e92fd0743ede48fe7f1a2c6f45d594,"{""distance"":5,""physical_error_rate"":0.0005}","{""detection_events"":2818885,""detectors_checked"":1281294336,""obs_mistake_mask=E"":1}"
    604160,         0,         0,    5.94,exact_mw,cb12ae119b9b2ba18d0216e7235b403229e92fd0743ede48fe7f1a2c6f45d594,"{""distance"":5,""physical_error_rate"":0.0005}","{""detection_events"":295821,""detectors_checked"":135331840}"
    660480,         1,         0,    5.92,exact_mw,cb12ae119b9b2ba18d0216e7235b403229e92fd0743ede48fe7f1a2c6f45d594,"{""distance"":5,""physical_error_rate"":0.0005}","{""detection_events"":326227,""detectors_checked"":147947520,""obs_mistake_mask=E"":1}"
    256000,         0,         0,    5.96,exact_mw,cb12ae119b9b2ba18d0216e7235b403229e92fd0743ede48fe7f1a2c6f45d594,"{""distance"":5,""physical_error_rate"":0.0005}","{""detection_events"":124350,""detectors_checked"":57344000}"
    129024,         0,         0,    5.94,exact_mw,70a969f5042aec17ac076c6379f4170fb7c69b8e925756ef3b7334e28a33338b,"{""distance"":5,""physical_error_rate"":0.0001}","{""detection_events"":12290,""detectors_checked"":28901376}"
    869541,         0,         0,    24.7,exact_mw,70a969f5042aec17ac076c6379f4170fb7c69b8e925756ef3b7334e28a33338b,"{""distance"":5,""physical_error_rate"":0.0001}","{""detection_events"":85262,""detectors_checked"":194777184}"
    222830,         0,         0,    1.49,exact_mw,70a969f5042aec17ac076c6379f4170fb7c69b8e925756ef3b7334e28a33338b,"{""distance"":5,""physical_error_rate"":0.0001}","{""detection_events"":22012,""detectors_checked"":49913920}"
    358400,         0,         0,    5.85,exact_mw,70a969f5042aec17ac076c6379f4170fb7c69b8e925756ef3b7334e28a33338b,"{""distance"":5,""physical_error_rate"":0.0001}","{""detection_events"":35683,""detectors_checked"":80281600}"
      3345,         0,         0,   0.013,exact_mw,70a969f5042aec17ac076c6379f4170fb7c69b8e925756ef3b7334e28a33338b,"{""distance"":5,""physical_error_rate"":0.0001}","{""detection_events"":242,""detectors_checked"":749280}"
      4096,         0,         0,   0.015,exact_mw,70a969f5042aec17ac076c6379f4170fb7c69b8e925756ef3b7334e28a33338b,"{""distance"":5,""physical_error_rate"":0.0001}","{""detection_events"":384,""detectors_checked"":917504}"
      6144,         0,         0,   0.022,exact_mw,70a969f5042aec17ac076c6379f4170fb7c69b8e925756ef3b7334e28a33338b,"{""distance"":5,""physical_error_rate"":0.0001}","{""detection_events"":593,""detectors_checked"":1376256}"
      8192,         0,         0,   0.029,exact_mw,70a969f5042aec17ac076c6379f4170fb7c69b8e925756ef3b7334e28a33338b,"{""distance"":5,""physical_error_rate"":0.0001}","{""detection_events"":801,""detectors_checked"":1835008}"
     11264,         0,         0,   0.040,exact_mw,70a969f5042aec17ac076c6379f4170fb7c69b8e925756ef3b7334e28a33338b,"{""distance"":5,""physical_error_rate"":0.0001}","{""detection_events"":1081,""detectors_checked"":2523136}"
     15360,         0,         0,   0.054,exact_mw,70a969f5042aec17ac076c6379f4170fb7c69b8e925756ef3b7334e28a33338b,"{""distance"":5,""physical_error_rate"":0.0001}","{""detection_events"":1479,""detectors_checked"":3440640}"
     21504,         0,         0,   0.077,exact_mw,70a969f5042aec17ac076c6379f4170fb7c69b8e925756ef3b7334e28a33338b,"{""distance"":5,""physical_error_rate"":0.0001}","{""detection_events"":2087,""detectors_checked"":4816896}"
    783456,         0,         0,    15.3,exact_mw,70a969f5042aec17ac076c6379f4170fb7c69b8e925756ef3b7334e28a33338b,"{""distance"":5,""physical_error_rate"":0.0001}","{""detection_events"":76558,""detectors_checked"":175494144}"
      2321,         0,         0,   0.024,exact_mw,70a969f5042aec17ac076c6379f4170fb7c69b8e925756ef3b7334e28a33338b,"{""distance"":5,""physical_error_rate"":0.0001}","{""detection_events"":225,""detectors_checked"":519904}"
      2048,         0,         0,   0.008,exact_mw,70a969f5042aec17ac076c6379f4170fb7c69b8e925756ef3b7334e28a33338b,"{""distance"":5,""physical_error_rate"":0.0001}","{""detection_events"":223,""detectors_checked"":458752}"
     29696,         0,         0,   0.105,exact_mw,70a969f5042aec17ac076c6379f4170fb7c69b8e925756ef3b7334e28a33338b,"{""distance"":5,""physical_error_rate"":0.0001}","{""detection_events"":2937,""detectors_checked"":6651904}"
      2048,         0,         0,   0.023,exact_mw,70a969f5042aec17ac076c6379f4170fb7c69b8e925756ef3b7334e28a33338b,"{""distance"":5,""physical_error_rate"":0.0001}","{""detection_events"":209,""detectors_checked"":458752}"
      4096,         0,         0,   0.028,exact_mw,70a969f5042aec17ac076c6379f4170fb7c69b8e925756ef3b7334e28a33338b,"{""distance"":5,""physical_error_rate"":0.0001}","{""detection_events"":415,""detectors_checked"":917504}"
      1297,         0,         0,   0.007,exact_mw,cb12ae119b9b2ba18d0216e7235b403229e92fd0743ede48fe7f1a2c6f45d594,"{""distance"":5,""physical_error_rate"":0.0005}","{""detection_events"":697,""detectors_checked"":290528}"
      1024,         0,         0,   0.004,exact_mw,cb12ae119b9b2ba18d0216e7235b403229e92fd0743ede48fe7f1a2c6f45d594,"{""distance"":5,""physical_error_rate"":0.0005}","{""detection_events"":448,""detectors_checked"":229376}"
      4096,         0,         0,   0.028,exact_mw,70a969f5042aec17ac076c6379f4170fb7c69b8e925756ef3b7334e28a33338b,"{""distance"":5,""physical_error_rate"":0.0001}","{""detection_events"":380,""detectors_checked"":917504}"
      3072,         0,         0,   0.029,exact_mw,cb12ae119b9b2ba18d0216e7235b403229e92fd0743ede48fe7f1a2c6f45d594,"{""distance"":5,""physical_error_rate"":0.0005}","{""detection_events"":1561,""detectors_checked"":688128}"
      2321,         0,         0,   0.026,exact_mw,cb12ae119b9b2ba18d0216e7235b403229e92fd0743ede48fe7f1a2c6f45d594,"{""distance"":5,""physical_error_rate"":0.0005}","{""detection_events"":1204,""detectors_checked"":519904}"
    738625,         0,         0,    3.45,exact_mw,70a969f5042aec17ac076c6379f4170fb7c69b8e925756ef3b7334e28a33338b,"{""distance"":5,""physical_error_rate"":0.0001}","{""detection_events"":73272,""detectors_checked"":165452000}"
      3072,         0,         0,   0.029,exact_mw,cb12ae119b9b2ba18d0216e7235b403229e92fd0743ede48fe7f1a2c6f45d594,"{""distance"":5,""physical_error_rate"":0.0005}","{""detection_events"":1457,""detectors_checked"":688128}"
      8192,         0,         0,   0.056,exact_mw,70a969f5042aec17ac076c6379f4170fb7c69b8e925756ef3b7334e28a33338b,"{""distance"":5,""physical_error_rate"":0.0001}","{""detection_events"":833,""detectors_checked"":1835008}"
      4096,         0,         0,   0.030,exact_mw,cb12ae119b9b2ba18d0216e7235b403229e92fd0743ede48fe7f1a2c6f45d594,"{""distance"":5,""physical_error_rate"":0.0005}","{""detection_events"":2004,""detectors_checked"":917504}"
     41984,         0,         0,   0.147,exact_mw,70a969f5042aec17ac076c6379f4170fb7c69b8e925756ef3b7334e28a33338b,"{""distance"":5,""physical_error_rate"":0.0001}","{""detection_events"":4220,""detectors_checked"":9404416}"
      2048,         0,         0,   0.026,exact_mw,cb12ae119b9b2ba18d0216e7235b403229e92fd0743ede48fe7f1a2c6f45d594,"{""distance"":5,""physical_error_rate"":0.0005}","{""detection_events"":1017,""detectors_checked"":458752}"
      5120,         0,         0,   0.055,exact_mw,cb12ae119b9b2ba18d0216e7235b403229e92fd0743ede48fe7f1a2c6f45d594,"{""distance"":5,""physical_error_rate"":0.0005}","{""detection_events"":2556,""detectors_checked"":1146880}"
         1,         0,         0,   0.000,exact_mw,cb12ae119b9b2ba18d0216e7235b403229e92fd0743ede48fe7f1a2c6f45d594,"{""distance"":5,""physical_error_rate"":0.0005}","{""detection_events"":2,""detectors_checked"":224}"
         1,         0,         0,   0.000,exact_mw,70a969f5042aec17ac076c6379f4170fb7c69b8e925756ef3b7334e28a33338b,"{""distance"":5,""physical_error_rate"":0.0001}","{""detectors_checked"":224}"
        16,         0,         0,   0.000,exact_mw,70a969f5042aec17ac076c6379f4170fb7c69b8e925756ef3b7334e28a33338b,"{""distance"":5,""physical_error_rate"":0.0001}","{""detectors_checked"":3584}"
      4096,         0,         0,   0.033,exact_mw,cb12ae119b9b2ba18d0216e7235b403229e92fd0743ede48fe7f1a2c6f45d594,"{""distance"":5,""physical_error_rate"":0.0005}","{""detection_events"":2103,""detectors_checked"":917504}"
         1,         0,         0,   0.000,exact_mw,cb12ae119b9b2ba18d0216e7235b403229e92fd0743ede48fe7f1a2c6f45d594,"{""distance"":5,""physical_error_rate"":0.0005}","{""detectors_checked"":224}"
      2320,         0,         0,   0.031,exact_mw,cb12ae119b9b2ba18d0216e7235b403229e92fd0743ede48fe7f1a2c6f45d594,"{""distance"":5,""physical_error_rate"":0.0005}","{""detection_events"":1099,""detectors_checked"":519680}"
     10240,         0,         0,   0.076,exact_mw,70a969f5042aec17ac076c6379f4170fb7c69b8e925756ef3b7334e28a33338b,"{""distance"":5,""physical_error_rate"":0.0001}","{""detection_events"":979,""detectors_checked"":2293760}"
      4352,         0,         0,   0.033,exact_mw,70a969f5042aec17ac076c6379f4170fb7c69b8e925756ef3b7334e28a33338b,"{""distance"":5,""physical_error_rate"":0.0001}","{""detection_events"":416,""detectors_checked"":974848}"
      2320,         0,         0,   0.032,exact_mw,cb12ae119b9b2ba18d0216e7235b403229e92fd0743ede48fe7f1a2c6f45d594,"{""distance"":5,""physical_error_rate"":0.0005}","{""detection_events"":1096,""detectors_checked"":519680}"
      2048,         0,         0,   0.028,exact_mw,cb12ae119b9b2ba18d0216e7235b403229e92fd0743ede48fe7f1a2c6f45d594,"{""distance"":5,""physical_error_rate"":0.0005}","{""detection_events"":979,""detectors_checked"":458752}"
      3072,         0,         0,   0.042,exact_mw,cb12ae119b9b2ba18d0216e7235b403229e92fd0743ede48fe7f1a2c6f45d594,"{""distance"":5,""physical_error_rate"":0.0005}","{""detection_events"":1563,""detectors_checked"":688128}"
      5120,         0,         0,   0.069,exact_mw,cb12ae119b9b2ba18d0216e7235b403229e92fd0743ede48fe7f1a2c6f45d594,"{""distance"":5,""physical_error_rate"":0.0005}","{""detection_events"":2624,""detectors_checked"":1146880}"
       273,         0,         0,   0.024,exact_mw,70a969f5042aec17ac076c6379f4170fb7c69b8e925756ef3b7334e28a33338b,"{""distance"":5,""physical_error_rate"":0.0001}","{""detection_events"":39,""detectors_checked"":61152}"
      4096,         0,         0,   0.028,exact_mw,70a969f5042aec17ac076c6379f4170fb7c69b8e925756ef3b7334e28a33338b,"{""distance"":5,""physical_error_rate"":0.0001}","{""detection_events"":361,""detectors_checked"":917504}"
      1024,         0,         0,   0.025,exact_mw,cb12ae119b9b2ba18d0216e7235b403229e92fd0743ede48fe7f1a2c6f45d594,"{""distance"":5,""physical_error_rate"":0.0005}","{""detection_events"":497,""detectors_checked"":229376}"
      2048,         0,         0,   0.030,exact_mw,cb12ae119b9b2ba18d0216e7235b403229e92fd0743ede48fe7f1a2c6f45d594,"{""distance"":5,""physical_error_rate"":0.0005}","{""detection_events"":971,""detectors_checked"":458752}"
      3072,         0,         0,   0.030,exact_mw,70a969f5042aec17ac076c6379f4170fb7c69b8e925756ef3b7334e28a33338b,"{""distance"":5,""physical_error_rate"":0.0001}","{""detection_events"":279,""detectors_checked"":688128}"
      2048,         0,         0,   0.031,exact_mw,cb12ae119b9b2ba18d0216e7235b403229e92fd0743ede48fe7f1a2c6f45d594,"{""distance"":5,""physical_error_rate"":0.0005}","{""detection_events"":1077,""detectors_checked"":458752}"
      6144,         0,         0,   0.055,exact_mw,cb12ae119b9b2ba18d0216e7235b403229e92fd0743ede48fe7f1a2c6f45d594,"{""distance"":5,""physical_error_rate"":0.0005}","{""detection_events"":3111,""detectors_checked"":1376256}"
      1297,         0,         0,   0.023,exact_mw,70a969f5042aec17ac076c6379f4170fb7c69b8e925756ef3b7334e28a33338b,"{""distance"":5,""physical_error_rate"":0.0001}","{""detection_events"":128,""detectors_checked"":290528}"
      7168,         0,         0,   0.052,exact_mw,70a969f5042aec17ac076c6379f4170fb7c69b8e925756ef3b7334e28a33338b,"{""distance"":5,""physical_error_rate"":0.0001}","{""detection_events"":669,""detectors_checked"":1605632}"
      2048,         0,         0,   0.031,exact_mw,70a969f5042aec17ac076c6379f4170fb7c69b8e925756ef3b7334e28a33338b,"{""distance"":5,""physical_error_rate"":0.0001}","{""detection_events"":224,""detectors_checked"":458752}"
      2048,         0,         0,   0.047,exact_mw,cb12ae119b9b2ba18d0216e7235b403229e92fd0743ede48fe7f1a2c6f45d594,"{""distance"":5,""physical_error_rate"":0.0005}","{""detection_events"":1023,""detectors_checked"":458752}"
     15360,         0,         0,   0.107,exact_mw,70a969f5042aec17ac076c6379f4170fb7c69b8e925756ef3b7334e28a33338b,"{""distance"":5,""physical_error_rate"":0.0001}","{""detection_events"":1504,""detectors_checked"":3440640}"
      7168,         0,         0,   0.077,exact_mw,cb12ae119b9b2ba18d0216e7235b403229e92fd0743ede48fe7f1a2c6f45d594,"{""distance"":5,""physical_error_rate"":0.0005}","{""detection_events"":3452,""detectors_checked"":1605632}"
      3072,         0,         0,   0.029,exact_mw,70a969f5042aec17ac076c6379f4170fb7c69b8e925756ef3b7334e28a33338b,"{""distance"":5,""physical_error_rate"":0.0001}","{""detection_events"":278,""detectors_checked"":688128}"
      2048,         0,         0,   0.048,exact_mw,cb12ae119b9b2ba18d0216e7235b403229e92fd0743ede48fe7f1a2c6f45d594,"{""distance"":5,""physical_error_rate"":0.0005}","{""detection_events"":1057,""detectors_checked"":458752}"
      3072,         0,         0,   0.029,exact_mw,70a969f5042aec17ac076c6379f4170fb7c69b8e925756ef3b7334e28a33338b,"{""distance"":5,""physical_error_rate"":0.0001}","{""detection_events"":287,""detectors_checked"":688128}"
      2048,         0,         0,   0.025,exact_mw,70a969f5042aec17ac076c6379f4170fb7c69b8e925756ef3b7334e28a33338b,"{""distance"":5,""physical_error_rate"":0.0001}","{""detection_events"":202,""detectors_checked"":458752}"
     43008,         0,         0,   0.216,exact_mw,70a969f5042aec17ac076c6379f4170fb7c69b8e925756ef3b7334e28a33338b,"{""distance"":5,""physical_error_rate"":0.0001}","{""detection_events"":4247,""detectors_checked"":9633792}"
      7168,         0,         0,   0.054,exact_mw,70a969f5042aec17ac076c6379f4170fb7c69b8e925756ef3b7334e28a33338b,"{""distance"":5,""physical_error_rate"":0.0001}","{""detection_events"":721,""detectors_checked"":1605632}"
      3072,         0,         0,   0.037,exact_mw,cb12ae119b9b2ba18d0216e7235b403229e92fd0743ede48fe7f1a2c6f45d594,"{""distance"":5,""physical_error_rate"":0.0005}","{""detection_events"":1503,""detectors_checked"":688128}"
      6144,         0,         0,   0.077,exact_mw,cb12ae119b9b2ba18d0216e7235b403229e92fd0743ede48fe7f1a2c6f45d594,"{""distance"":5,""physical_error_rate"":0.0005}","{""detection_events"":3068,""detectors_checked"":1376256}"
      3072,         0,         0,   0.029,exact_mw,70a969f5042aec17ac076c6379f4170fb7c69b8e925756ef3b7334e28a33338b,"{""distance"":5,""physical_error_rate"":0.0001}","{""detection_events"":330,""detectors_checked"":688128}"
      6144,         0,         0,   0.049,exact_mw,70a969f5042aec17ac076c6379f4170fb7c69b8e925756ef3b7334e28a33338b,"{""distance"":5,""physical_error_rate"":0.0001}","{""detection_events"":603,""detectors_checked"":1376256}"
      4096,         0,         0,   0.055,exact_mw,cb12ae119b9b2ba18d0216e7235b403229e92fd0743ede48fe7f1a2c6f45d594,"{""distance"":5,""physical_error_rate"":0.0005}","{""detection_events"":2068,""detectors_checked"":917504}"
      2321,         0,         0,   0.022,exact_mw,70a969f5042aec17ac076c6379f4170fb7c69b8e925756ef3b7334e28a33338b,"{""distance"":5,""physical_error_rate"":0.0001}","{""detection_events"":236,""detectors_checked"":519904}"
     11264,         0,         0,   0.108,exact_mw,cb12ae119b9b2ba18d0216e7235b403229e92fd0743ede48fe7f1a2c6f45d594,"{""distance"":5,""physical_error_rate"":0.0005}","{""detection_events"":5644,""detectors_checked"":2523136}"
      4096,         0,         0,   0.033,exact_mw,70a969f5042aec17ac076c6379f4170fb7c69b8e925756ef3b7334e28a33338b,"{""distance"":5,""physical_error_rate"":0.0001}","{""detection_events"":356,""detectors_checked"":917504}"
     11264,         0,         0,   0.077,exact_mw,70a969f5042aec17ac076c6379f4170fb7c69b8e925756ef3b7334e28a33338b,"{""distance"":5,""physical_error_rate"":0.0001}","{""detection_events"":1071,""detectors_checked"":2523136}"
      8192,         0,         0,   0.046,exact_mw,70a969f5042aec17ac076c6379f4170fb7c69b8e925756ef3b7334e28a33338b,"{""distance"":5,""physical_error_rate"":0.0001}","{""detection_events"":845,""detectors_checked"":1835008}"
      4096,         0,         0,   0.028,exact_mw,70a969f5042aec17ac076c6379f4170fb7c69b8e925756ef3b7334e28a33338b,"{""distance"":5,""physical_error_rate"":0.0001}","{""detection_events"":450,""detectors_checked"":917504}"
      8192,         0,         0,   0.071,exact_mw,cb12ae119b9b2ba18d0216e7235b403229e92fd0743ede48fe7f1a2c6f45d594,"{""distance"":5,""physical_error_rate"":0.0005}","{""detection_events"":3919,""detectors_checked"":1835008}"
     22528,         0,         0,   0.149,exact_mw,70a969f5042aec17ac076c6379f4170fb7c69b8e925756ef3b7334e28a33338b,"{""distance"":5,""physical_error_rate"":0.0001}","{""detection_events"":2238,""detectors_checked"":5046272}"
      2048,         0,         0,   0.008,exact_mw,70a969f5042aec17ac076c6379f4170fb7c69b8e925756ef3b7334e28a33338b,"{""distance"":5,""physical_error_rate"":0.0001}","{""detection_events"":237,""detectors_checked"":458752}"
      6144,         0,         0,   0.101,exact_mw,cb12ae119b9b2ba18d0216e7235b403229e92fd0743ede48fe7f1a2c6f45d594,"{""distance"":5,""physical_error_rate"":0.0005}","{""detection_events"":2929,""detectors_checked"":1376256}"
     12288,         0,         0,   0.109,exact_mw,cb12ae119b9b2ba18d0216e7235b403229e92fd0743ede48fe7f1a2c6f45d594,"{""distance"":5,""physical_error_rate"":0.0005}","{""detection_events"":6156,""detectors_checked"":2752512}"
      6144,         0,         0,   0.071,exact_mw,70a969f5042aec17ac076c6379f4170fb7c69b8e925756ef3b7334e28a33338b,"{""distance"":5,""physical_error_rate"":0.0001}","{""detection_events"":614,""detectors_checked"":1376256}"
      5120,         0,         0,   0.041,exact_mw,70a969f5042aec17ac076c6379f4170fb7c69b8e925756ef3b7334e28a33338b,"{""distance"":5,""physical_error_rate"":0.0001}","{""detection_events"":436,""detectors_checked"":1146880}"
     11264,         0,         0,   0.075,exact_mw,70a969f5042aec17ac076c6379f4170fb7c69b8e925756ef3b7334e28a33338b,"{""distance"":5,""physical_error_rate"":0.0001}","{""detection_events"":1122,""detectors_checked"":2523136}"
     13312,         0,         0,   0.108,exact_mw,70a969f5042aec17ac076c6379f4170fb7c69b8e925756ef3b7334e28a33338b,"{""distance"":5,""physical_error_rate"":0.0001}","{""detection_events"":1341,""detectors_checked"":2981888}"
      7168,         0,         0,   0.053,exact_mw,70a969f5042aec17ac076c6379f4170fb7c69b8e925756ef3b7334e28a33338b,"{""distance"":5,""physical_error_rate"":0.0001}","{""detection_events"":650,""detectors_checked"":1605632}"
     10240,         0,         0,   0.106,exact_mw,cb12ae119b9b2ba18d0216e7235b403229e92fd0743ede48fe7f1a2c6f45d594,"{""distance"":5,""physical_error_rate"":0.0005}","{""detection_events"":5178,""detectors_checked"":2293760}"
     16384,         0,         0,   0.149,exact_mw,cb12ae119b9b2ba18d0216e7235b403229e92fd0743ede48fe7f1a2c6f45d594,"{""distance"":5,""physical_error_rate"":0.0005}","{""detection_events"":7955,""detectors_checked"":3670016}"
      7168,         0,         0,   0.080,exact_mw,70a969f5042aec17ac076c6379f4170fb7c69b8e925756ef3b7334e28a33338b,"{""distance"":5,""physical_error_rate"":0.0001}","{""detection_events"":723,""detectors_checked"":1605632}"
      7168,         0,         0,   0.099,exact_mw,cb12ae119b9b2ba18d0216e7235b403229e92fd0743ede48fe7f1a2c6f45d594,"{""distance"":5,""physical_error_rate"":0.0005}","{""detection_events"":3337,""detectors_checked"":1605632}"
      8192,         0,         0,   0.056,exact_mw,70a969f5042aec17ac076c6379f4170fb7c69b8e925756ef3b7334e28a33338b,"{""distance"":5,""physical_error_rate"":0.0001}","{""detection_events"":922,""detectors_checked"":1835008}"
     14336,         0,         0,   0.142,exact_mw,cb12ae119b9b2ba18d0216e7235b403229e92fd0743ede48fe7f1a2c6f45d594,"{""distance"":5,""physical_error_rate"":0.0005}","{""detection_events"":6985,""detectors_checked"":3211264}"
     14336,         0,         0,   0.107,exact_mw,70a969f5042aec17ac076c6379f4170fb7c69b8e925756ef3b7334e28a33338b,"{""distance"":5,""physical_error_rate"":0.0001}","{""detection_events"":1419,""detectors_checked"":3211264}"
     40960,         0,         0,   0.295,exact_mw,70a969f5042aec17ac076c6379f4170fb7c69b8e925756ef3b7334e28a33338b,"{""distance"":5,""physical_error_rate"":0.0001}","{""detection_events"":3812,""detectors_checked"":9175040}"
     26624,         0,         0,   0.212,exact_mw,70a969f5042aec17ac076c6379f4170fb7c69b8e925756ef3b7334e28a33338b,"{""distance"":5,""physical_error_rate"":0.0001}","{""detection_events"":2756,""detectors_checked"":5963776}"
     10240,         0,         0,   0.100,exact_mw,70a969f5042aec17ac076c6379f4170fb7c69b8e925756ef3b7334e28a33338b,"{""distance"":5,""physical_error_rate"":0.0001}","{""detection_events"":1021,""detectors_checked"":2293760}"
     18432,         0,         0,   0.164,exact_mw,70a969f5042aec17ac076c6379f4170fb7c69b8e925756ef3b7334e28a33338b,"{""distance"":5,""physical_error_rate"":0.0001}","{""detection_events"":1953,""detectors_checked"":4128768}"
     10240,         0,         0,   0.078,exact_mw,70a969f5042aec17ac076c6379f4170fb7c69b8e925756ef3b7334e28a33338b,"{""distance"":5,""physical_error_rate"":0.0001}","{""detection_events"":947,""detectors_checked"":2293760}"
      1297,         0,         0,   0.011,exact_mw,70a969f5042aec17ac076c6379f4170fb7c69b8e925756ef3b7334e28a33338b,"{""distance"":5,""physical_error_rate"":0.0001}","{""detection_events"":133,""detectors_checked"":290528}"
     14336,         0,         0,   0.142,exact_mw,cb12ae119b9b2ba18d0216e7235b403229e92fd0743ede48fe7f1a2c6f45d594,"{""distance"":5,""physical_error_rate"":0.0005}","{""detection_events"":7010,""detectors_checked"":3211264}"
     10240,         0,         0,   0.129,exact_mw,cb12ae119b9b2ba18d0216e7235b403229e92fd0743ede48fe7f1a2c6f45d594,"{""distance"":5,""physical_error_rate"":0.0005}","{""detection_events"":5075,""detectors_checked"":2293760}"
       273,         0,         0,   0.002,exact_mw,cb12ae119b9b2ba18d0216e7235b403229e92fd0743ede48fe7f1a2c6f45d594,"{""distance"":5,""physical_error_rate"":0.0005}","{""detection_events"":129,""detectors_checked"":61152}"
      4096,         0,         0,   0.029,exact_mw,70a969f5042aec17ac076c6379f4170fb7c69b8e925756ef3b7334e28a33338b,"{""distance"":5,""physical_error_rate"":0.0001}","{""detection_events"":411,""detectors_checked"":917504}"
      3072,         0,         0,   0.011,exact_mw,70a969f5042aec17ac076c6379f4170fb7c69b8e925756ef3b7334e28a33338b,"{""distance"":5,""physical_error_rate"":0.0001}","{""detection_events"":295,""detectors_checked"":688128}"
      3072,         0,         0,   0.026,exact_mw,cb12ae119b9b2ba18d0216e7235b403229e92fd0743ede48fe7f1a2c6f45d594,"{""distance"":5,""physical_error_rate"":0.0005}","{""detection_events"":1547,""detectors_checked"":688128}"
     16384,         1,         0,   0.199,exact_mw,cb12ae119b9b2ba18d0216e7235b403229e92fd0743ede48fe7f1a2c6f45d594,"{""distance"":5,""physical_error_rate"":0.0005}","{""detection_events"":8359,""detectors_checked"":3670016,""obs_mistake_mask=E"":1}"
     20480,         0,         0,   0.156,exact_mw,70a969f5042aec17ac076c6379f4170fb7c69b8e925756ef3b7334e28a33338b,"{""distance"":5,""physical_error_rate"":0.0001}","{""detection_events"":2021,""detectors_checked"":4587520}"
      4096,         0,         0,   0.028,exact_mw,70a969f5042aec17ac076c6379f4170fb7c69b8e925756ef3b7334e28a33338b,"{""distance"":5,""physical_error_rate"":0.0001}","{""detection_events"":404,""detectors_checked"":917504}"
      2321,         0,         0,   0.027,exact_mw,70a969f5042aec17ac076c6379f4170fb7c69b8e925756ef3b7334e28a33338b,"{""distance"":5,""physical_error_rate"":0.0001}","{""detection_events"":210,""detectors_checked"":519904}"
      4096,         0,         0,   0.036,exact_mw,cb12ae119b9b2ba18d0216e7235b403229e92fd0743ede48fe7f1a2c6f45d594,"{""distance"":5,""physical_error_rate"":0.0005}","{""detection_events"":2106,""detectors_checked"":917504}"
     14336,         0,         0,   0.104,exact_mw,70a969f5042aec17ac076c6379f4170fb7c69b8e925756ef3b7334e28a33338b,"{""distance"":5,""physical_error_rate"":0.0001}","{""detection_events"":1471,""detectors_checked"":3211264}"
      2048,         0,         0,   0.026,exact_mw,70a969f5042aec17ac076c6379f4170fb7c69b8e925756ef3b7334e28a33338b,"{""distance"":5,""physical_error_rate"":0.0001}","{""detection_events"":180,""detectors_checked"":458752}"
      5120,         0,         0,   0.045,exact_mw,70a969f5042aec17ac076c6379f4170fb7c69b8e925756ef3b7334e28a33338b,"{""distance"":5,""physical_error_rate"":0.0001}","{""detection_events"":540,""detectors_checked"":1146880}"
     18432,         0,         0,   0.210,exact_mw,cb12ae119b9b2ba18d0216e7235b403229e92fd0743ede48fe7f1a2c6f45d594,"{""distance"":5,""physical_error_rate"":0.0005}","{""detection_events"":8794,""detectors_checked"":4128768}"
      3072,         0,         0,   0.033,exact_mw,cb12ae119b9b2ba18d0216e7235b403229e92fd0743ede48fe7f1a2c6f45d594,"{""distance"":5,""physical_error_rate"":0.0005}","{""detection_events"":1639,""detectors_checked"":688128}"
      2048,         0,         0,   0.026,exact_mw,70a969f5042aec17ac076c6379f4170fb7c69b8e925756ef3b7334e28a33338b,"{""distance"":5,""physical_error_rate"":0.0001}","{""detection_events"":195,""detectors_checked"":458752}"
     15360,         0,         0,   0.167,exact_mw,70a969f5042aec17ac076c6379f4170fb7c69b8e925756ef3b7334e28a33338b,"{""distance"":5,""physical_error_rate"":0.0001}","{""detection_events"":1552,""detectors_checked"":3440640}"
      4096,         0,         0,   0.028,exact_mw,70a969f5042aec17ac076c6379f4170fb7c69b8e925756ef3b7334e28a33338b,"{""distance"":5,""physical_error_rate"":0.0001}","{""detection_events"":371,""detectors_checked"":917504}"
      4096,         0,         0,   0.032,exact_mw,cb12ae119b9b2ba18d0216e7235b403229e92fd0743ede48fe7f1a2c6f45d594,"{""distance"":5,""physical_error_rate"":0.0005}","{""detection_events"":1812,""detectors_checked"":917504}"
      6144,         0,         0,   0.053,exact_mw,70a969f5042aec17ac076c6379f4170fb7c69b8e925756ef3b7334e28a33338b,"{""distance"":5,""physical_error_rate"":0.0001}","{""detection_events"":637,""detectors_checked"":1376256}"
     26624,         0,         0,   0.216,exact_mw,70a969f5042aec17ac076c6379f4170fb7c69b8e925756ef3b7334e28a33338b,"{""distance"":5,""physical_error_rate"":0.0001}","{""detection_events"":2604,""detectors_checked"":5963776}"
     16384,         0,         0,   0.197,exact_mw,cb12ae119b9b2ba18d0216e7235b403229e92fd0743ede48fe7f1a2c6f45d594,"{""distance"":5,""physical_error_rate"":0.0005}","{""detection_events"":7958,""detectors_checked"":3670016}"
     18432,         0,         0,   0.210,exact_mw,cb12ae119b9b2ba18d0216e7235b403229e92fd0743ede48fe7f1a2c6f45d594,"{""distance"":5,""physical_error_rate"":0.0005}","{""detection_events"":9081,""detectors_checked"":4128768}"
      7168,         0,         0,   0.052,exact_mw,70a969f5042aec17ac076c6379f4170fb7c69b8e925756ef3b7334e28a33338b,"{""distance"":5,""physical_error_rate"":0.0001}","{""detection_events"":640,""detectors_checked"":1605632}"
      6144,         0,         0,   0.071,exact_mw,cb12ae119b9b2ba18d0216e7235b403229e92fd0743ede48fe7f1a2c6f45d594,"{""distance"":5,""physical_error_rate"":0.0005}","{""detection_events"":2995,""detectors_checked"":1376256}"
     19456,         0,         0,   0.145,exact_mw,70a969f5042aec17ac076c6379f4170fb7c69b8e925756ef3b7334e28a33338b,"{""distance"":5,""physical_error_rate"":0.0001}","{""detection_events"":1965,""detectors_checked"":4358144}"
     73728,         0,         0,   0.291,exact_mw,70a969f5042aec17ac076c6379f4170fb7c69b8e925756ef3b7334e28a33338b,"{""distance"":5,""physical_error_rate"":0.0001}","{""detection_events"":7549,""detectors_checked"":16515072}"
      8192,         0,         0,   0.077,exact_mw,70a969f5042aec17ac076c6379f4170fb7c69b8e925756ef3b7334e28a33338b,"{""distance"":5,""physical_error_rate"":0.0001}","{""detection_events"":813,""detectors_checked"":1835008}"
      8192,         0,         0,   0.044,exact_mw,70a969f5042aec17ac076c6379f4170fb7c69b8e925756ef3b7334e28a33338b,"{""distance"":5,""physical_error_rate"":0.0001}","{""detection_events"":897,""detectors_checked"":1835008}"
     27648,         0,         0,   0.207,exact_mw,70a969f5042aec17ac076c6379f4170fb7c69b8e925756ef3b7334e28a33338b,"{""distance"":5,""physical_error_rate"":0.0001}","{""detection_events"":2772,""detectors_checked"":6193152}"
      8192,         0,         0,   0.079,exact_mw,cb12ae119b9b2ba18d0216e7235b403229e92fd0743ede48fe7f1a2c6f45d594,"{""distance"":5,""physical_error_rate"":0.0005}","{""detection_events"":4002,""detectors_checked"":1835008}"
    114688,         0,         0,   0.403,exact_mw,70a969f5042aec17ac076c6379f4170fb7c69b8e925756ef3b7334e28a33338b,"{""distance"":5,""physical_error_rate"":0.0001}","{""detection_events"":11274,""detectors_checked"":25690112}"
     18432,         0,         0,   0.197,exact_mw,70a969f5042aec17ac076c6379f4170fb7c69b8e925756ef3b7334e28a33338b,"{""distance"":5,""physical_error_rate"":0.0001}","{""detection_events"":1833,""detectors_checked"":4128768}"
      9216,         0,         0,   0.077,exact_mw,70a969f5042aec17ac076c6379f4170fb7c69b8e925756ef3b7334e28a33338b,"{""distance"":5,""physical_error_rate"":0.0001}","{""detection_events"":833,""detectors_checked"":2064384}"
     11264,         0,         0,   0.108,exact_mw,70a969f5042aec17ac076c6379f4170fb7c69b8e925756ef3b7334e28a33338b,"{""distance"":5,""physical_error_rate"":0.0001}","{""detection_events"":1058,""detectors_checked"":2523136}"
     26624,         0,         0,   0.303,exact_mw,cb12ae119b9b2ba18d0216e7235b403229e92fd0743ede48fe7f1a2c6f45d594,"{""distance"":5,""physical_error_rate"":0.0005}","{""detection_events"":12854,""detectors_checked"":5963776}"
       273,         0,         0,   0.002,exact_mw,cb12ae119b9b2ba18d0216e7235b403229e92fd0743ede48fe7f1a2c6f45d594,"{""distance"":5,""physical_error_rate"":0.0005}","{""detection_events"":129,""detectors_checked"":61152}"
     29696,         0,         0,   0.285,exact_mw,cb12ae119b9b2ba18d0216e7235b403229e92fd0743ede48fe7f1a2c6f45d594,"{""distance"":5,""physical_error_rate"":0.0005}","{""detection_events"":14670,""detectors_checked"":6651904}"
      1024,         0,         0,   0.005,exact_mw,cb12ae119b9b2ba18d0216e7235b403229e92fd0743ede48fe7f1a2c6f45d594,"{""distance"":5,""physical_error_rate"":0.0005}","{""detection_events"":415,""detectors_checked"":229376}"
     10240,         0,         0,   0.106,exact_mw,cb12ae119b9b2ba18d0216e7235b403229e92fd0743ede48fe7f1a2c6f45d594,"{""distance"":5,""physical_error_rate"":0.0005}","{""detection_events"":4971,""detectors_checked"":2293760}"
      1024,         0,         0,   0.024,exact_mw,cb12ae119b9b2ba18d0216e7235b403229e92fd0743ede48fe7f1a2c6f45d594,"{""distance"":5,""physical_error_rate"":0.0005}","{""detection_events"":539,""detectors_checked"":229376}"
     28672,         0,         0,   0.209,exact_mw,70a969f5042aec17ac076c6379f4170fb7c69b8e925756ef3b7334e28a33338b,"{""distance"":5,""physical_error_rate"":0.0001}","{""detection_events"":2716,""detectors_checked"":6422528}"
     15360,         0,         0,   0.108,exact_mw,70a969f5042aec17ac076c6379f4170fb7c69b8e925756ef3b7334e28a33338b,"{""distance"":5,""physical_error_rate"":0.0001}","{""detection_events"":1519,""detectors_checked"":3440640}"
      3072,         0,         0,   0.031,exact_mw,cb12ae119b9b2ba18d0216e7235b403229e92fd0743ede48fe7f1a2c6f45d594,"{""distance"":5,""physical_error_rate"":0.0005}","{""detection_events"":1458,""detectors_checked"":688128}"
     39936,         0,         0,   0.288,exact_mw,70a969f5042aec17ac076c6379f4170fb7c69b8e925756ef3b7334e28a33338b,"{""distance"":5,""physical_error_rate"":0.0001}","{""detection_events"":4055,""detectors_checked"":8945664}"
     19456,         0,         0,   0.123,exact_mw,70a969f5042aec17ac076c6379f4170fb7c69b8e925756ef3b7334e28a33338b,"{""distance"":5,""physical_error_rate"":0.0001}","{""detection_events"":1811,""detectors_checked"":4358144}"
     23552,         0,         0,   0.295,exact_mw,cb12ae119b9b2ba18d0216e7235b403229e92fd0743ede48fe7f1a2c6f45d594,"{""distance"":5,""physical_error_rate"":0.0005}","{""detection_events"":12087,""detectors_checked"":5275648}"
      1297,         0,         0,   0.025,exact_mw,cb12ae119b9b2ba18d0216e7235b403229e92fd0743ede48fe7f1a2c6f45d594,"{""distance"":5,""physical_error_rate"":0.0005}","{""detection_events"":629,""detectors_checked"":290528}"
     29696,         0,         0,   0.285,exact_mw,cb12ae119b9b2ba18d0216e7235b403229e92fd0743ede48fe7f1a2c6f45d594,"{""distance"":5,""physical_error_rate"":0.0005}","{""detection_events"":14628,""detectors_checked"":6651904}"
      2048,         0,         0,   0.049,exact_mw,cb12ae119b9b2ba18d0216e7235b403229e92fd0743ede48fe7f1a2c6f45d594,"{""distance"":5,""physical_error_rate"":0.0005}","{""detection_events"":1007,""detectors_checked"":458752}"
      1024,         0,         0,   0.023,exact_mw,cb12ae119b9b2ba18d0216e7235b403229e92fd0743ede48fe7f1a2c6f45d594,"{""distance"":5,""physical_error_rate"":0.0005}","{""detection_events"":522,""detectors_checked"":229376}"
      2048,         0,         0,   0.029,exact_mw,cb12ae119b9b2ba18d0216e7235b403229e92fd0743ede48fe7f1a2c6f45d594,"{""distance"":5,""physical_error_rate"":0.0005}","{""detection_events"":1081,""detectors_checked"":458752}"
     37888,         0,         0,   0.288,exact_mw,70a969f5042aec17ac076c6379f4170fb7c69b8e925756ef3b7334e28a33338b,"{""distance"":5,""physical_error_rate"":0.0001}","{""detection_events"":3840,""detectors_checked"":8486912}"
     11264,         0,         0,   0.149,exact_mw,cb12ae119b9b2ba18d0216e7235b403229e92fd0743ede48fe7f1a2c6f45d594,"{""distance"":5,""physical_error_rate"":0.0005}","{""detection_events"":5473,""detectors_checked"":2523136}"
      4096,         0,         0,   0.057,exact_mw,cb12ae119b9b2ba18d0216e7235b403229e92fd0743ede48fe7f1a2c6f45d594,"{""distance"":5,""physical_error_rate"":0.0005}","{""detection_events"":2006,""detectors_checked"":917504}"
      2048,         0,         0,   0.028,exact_mw,cb12ae119b9b2ba18d0216e7235b403229e92fd0743ede48fe7f1a2c6f45d594,"{""distance"":5,""physical_error_rate"":0.0005}","{""detection_events"":991,""detectors_checked"":458752}"
     20480,         0,         0,   0.152,exact_mw,70a969f5042aec17ac076c6379f4170fb7c69b8e925756ef3b7334e28a33338b,"{""distance"":5,""physical_error_rate"":0.0001}","{""detection_events"":2033,""detectors_checked"":4587520}"
      3072,         0,         0,   0.051,exact_mw,cb12ae119b9b2ba18d0216e7235b403229e92fd0743ede48fe7f1a2c6f45d594,"{""distance"":5,""physical_error_rate"":0.0005}","{""detection_events"":1536,""detectors_checked"":688128}"
     32768,         0,         0,   0.301,exact_mw,70a969f5042aec17ac076c6379f4170fb7c69b8e925756ef3b7334e28a33338b,"{""distance"":5,""physical_error_rate"":0.0001}","{""detection_events"":3098,""detectors_checked"":7340032}"
    111616,         0,         0,   0.402,exact_mw,70a969f5042aec17ac076c6379f4170fb7c69b8e925756ef3b7334e28a33338b,"{""distance"":5,""physical_error_rate"":0.0001}","{""detection_events"":11019,""detectors_checked"":25001984}"
      5120,         0,         0,   0.079,exact_mw,cb12ae119b9b2ba18d0216e7235b403229e92fd0743ede48fe7f1a2c6f45d594,"{""distance"":5,""physical_error_rate"":0.0005}","{""detection_events"":2567,""detectors_checked"":1146880}"
      4096,         0,         0,   0.057,exact_mw,cb12ae119b9b2ba18d0216e7235b403229e92fd0743ede48fe7f1a2c6f45d594,"{""distance"":5,""physical_error_rate"":0.0005}","{""detection_events"":2050,""detectors_checked"":917504}"
      2321,         0,         0,   0.027,exact_mw,70a969f5042aec17ac076c6379f4170fb7c69b8e925756ef3b7334e28a33338b,"{""distance"":5,""physical_error_rate"":0.0001}","{""detection_events"":286,""detectors_checked"":519904}"
     28672,         0,         0,   0.207,exact_mw,70a969f5042aec17ac076c6379f4170fb7c69b8e925756ef3b7334e28a33338b,"{""distance"":5,""physical_error_rate"":0.0001}","{""detection_events"":2919,""detectors_checked"":6422528}"
      2048,         0,         0,   0.026,exact_mw,70a969f5042aec17ac076c6379f4170fb7c69b8e925756ef3b7334e28a33338b,"{""distance"":5,""physical_error_rate"":0.0001}","{""detection_events"":226,""detectors_checked"":458752}"
     35840,         0,         0,   0.288,exact_mw,70a969f5042aec17ac076c6379f4170fb7c69b8e925756ef3b7334e28a33338b,"{""distance"":5,""physical_error_rate"":0.0001}","{""detection_events"":3439,""detectors_checked"":8028160}"
      3072,         0,         0,   0.029,exact_mw,70a969f5042aec17ac076c6379f4170fb7c69b8e925756ef3b7334e28a33338b,"{""distance"":5,""physical_error_rate"":0.0001}","{""detection_events"":303,""detectors_checked"":688128}"
      8192,         0,         0,   0.108,exact_mw,cb12ae119b9b2ba18d0216e7235b403229e92fd0743ede48fe7f1a2c6f45d594,"{""distance"":5,""physical_error_rate"":0.0005}","{""detection_events"":3942,""detectors_checked"":1835008}"
     37888,         0,         0,   0.389,exact_mw,cb12ae119b9b2ba18d0216e7235b403229e92fd0743ede48fe7f1a2c6f45d594,"{""distance"":5,""physical_error_rate"":0.0005}","{""detection_events"":18542,""detectors_checked"":8486912}"
      5120,         0,         0,   0.079,exact_mw,cb12ae119b9b2ba18d0216e7235b403229e92fd0743ede48fe7f1a2c6f45d594,"{""distance"":5,""physical_error_rate"":0.0005}","{""detection_events"":2385,""detectors_checked"":1146880}"
     22528,         0,         0,   0.208,exact_mw,cb12ae119b9b2ba18d0216e7235b403229e92fd0743ede48fe7f1a2c6f45d594,"{""distance"":5,""physical_error_rate"":0.0005}","{""detection_events"":10849,""detectors_checked"":5046272}"
      3072,         0,         0,   0.029,exact_mw,70a969f5042aec17ac076c6379f4170fb7c69b8e925756ef3b7334e28a33338b,"{""distance"":5,""physical_error_rate"":0.0001}","{""detection_events"":318,""detectors_checked"":688128}"
     46080,         0,         0,   0.401,exact_mw,cb12ae119b9b2ba18d0216e7235b403229e92fd0743ede48fe7f1a2c6f45d594,"{""distance"":5,""physical_error_rate"":0.0005}","{""detection_events"":22349,""detectors_checked"":10321920}"
      4096,         0,         0,   0.051,exact_mw,70a969f5042aec17ac076c6379f4170fb7c69b8e925756ef3b7334e28a33338b,"{""distance"":5,""physical_error_rate"":0.0001}","{""detection_events"":402,""detectors_checked"":917504}"
      8192,         0,         0,   0.254,exact_mw,70a969f5042aec17ac076c6379f4170fb7c69b8e925756ef3b7334e28a33338b,"{""distance"":5,""physical_error_rate"":0.0001}","{""detection_events"":859,""detectors_checked"":1835008}"
    714159,         0,         0,    11.6,exact_mw,70a969f5042aec17ac076c6379f4170fb7c69b8e925756ef3b7334e28a33338b,"{""distance"":5,""physical_error_rate"":0.0001}","{""detection_events"":69764,""detectors_checked"":159971616}"
    697344,         0,         0,    4.92,exact_mw,70a969f5042aec17ac076c6379f4170fb7c69b8e925756ef3b7334e28a33338b,"{""distance"":5,""physical_error_rate"":0.0001}","{""detection_events"":68613,""detectors_checked"":156205056}"
    690176,         0,         0,    4.89,exact_mw,70a969f5042aec17ac076c6379f4170fb7c69b8e925756ef3b7334e28a33338b,"{""distance"":5,""physical_error_rate"":0.0001}","{""detection_events"":67766,""detectors_checked"":154599424}"
      5120,         0,         0,   0.054,exact_mw,70a969f5042aec17ac076c6379f4170fb7c69b8e925756ef3b7334e28a33338b,"{""distance"":5,""physical_error_rate"":0.0001}","{""detection_events"":598,""detectors_checked"":1146880}"
    108544,         0,         0,   0.566,exact_mw,70a969f5042aec17ac076c6379f4170fb7c69b8e925756ef3b7334e28a33338b,"{""distance"":5,""physical_error_rate"":0.0001}","{""detection_events"":10743,""detectors_checked"":24313856}"
      8192,         0,         0,   0.122,exact_mw,cb12ae119b9b2ba18d0216e7235b403229e92fd0743ede48fe7f1a2c6f45d594,"{""distance"":5,""physical_error_rate"":0.0005}","{""detection_events"":3956,""detectors_checked"":1835008}"
     55296,         0,         0,   0.409,exact_mw,70a969f5042aec17ac076c6379f4170fb7c69b8e925756ef3b7334e28a33338b,"{""distance"":5,""physical_error_rate"":0.0001}","{""detection_events"":5423,""detectors_checked"":12386304}"
     36864,         0,         0,   0.413,exact_mw,cb12ae119b9b2ba18d0216e7235b403229e92fd0743ede48fe7f1a2c6f45d594,"{""distance"":5,""physical_error_rate"":0.0005}","{""detection_events"":17858,""detectors_checked"":8257536}"
     37888,         0,         0,   0.423,exact_mw,cb12ae119b9b2ba18d0216e7235b403229e92fd0743ede48fe7f1a2c6f45d594,"{""distance"":5,""physical_error_rate"":0.0005}","{""detection_events"":19043,""detectors_checked"":8486912}"
     11264,         0,         0,   0.165,exact_mw,cb12ae119b9b2ba18d0216e7235b403229e92fd0743ede48fe7f1a2c6f45d594,"{""distance"":5,""physical_error_rate"":0.0005}","{""detection_events"":5654,""detectors_checked"":2523136}"
    654277,         0,         0,    4.95,exact_mw,70a969f5042aec17ac076c6379f4170fb7c69b8e925756ef3b7334e28a33338b,"{""distance"":5,""physical_error_rate"":0.0001}","{""detection_events"":65134,""detectors_checked"":146558048}"
     51200,         0,         0,   0.392,exact_mw,70a969f5042aec17ac076c6379f4170fb7c69b8e925756ef3b7334e28a33338b,"{""distance"":5,""physical_error_rate"":0.0001}","{""detection_events"":5143,""detectors_checked"":11468800}"
      7168,         0,         0,   0.080,exact_mw,70a969f5042aec17ac076c6379f4170fb7c69b8e925756ef3b7334e28a33338b,"{""distance"":5,""physical_error_rate"":0.0001}","{""detection_events"":678,""detectors_checked"":1605632}"
     40960,         0,         0,   0.289,exact_mw,70a969f5042aec17ac076c6379f4170fb7c69b8e925756ef3b7334e28a33338b,"{""distance"":5,""physical_error_rate"":0.0001}","{""detection_events"":4050,""detectors_checked"":9175040}"
      9216,         0,         0,   0.139,exact_mw,cb12ae119b9b2ba18d0216e7235b403229e92fd0743ede48fe7f1a2c6f45d594,"{""distance"":5,""physical_error_rate"":0.0005}","{""detection_events"":4697,""detectors_checked"":2064384}"
     57344,         0,         0,   0.393,exact_mw,70a969f5042aec17ac076c6379f4170fb7c69b8e925756ef3b7334e28a33338b,"{""distance"":5,""physical_error_rate"":0.0001}","{""detection_events"":5476,""detectors_checked"":12845056}"
     28672,         0,         0,   0.294,exact_mw,cb12ae119b9b2ba18d0216e7235b403229e92fd0743ede48fe7f1a2c6f45d594,"{""distance"":5,""physical_error_rate"":0.0005}","{""detection_events"":14141,""detectors_checked"":6422528}"
      9216,         0,         0,   0.110,exact_mw,70a969f5042aec17ac076c6379f4170fb7c69b8e925756ef3b7334e28a33338b,"{""distance"":5,""physical_error_rate"":0.0001}","{""detection_events"":872,""detectors_checked"":2064384}"
     14336,         0,         0,   0.216,exact_mw,cb12ae119b9b2ba18d0216e7235b403229e92fd0743ede48fe7f1a2c6f45d594,"{""distance"":5,""physical_error_rate"":0.0005}","{""detection_events"":6970,""detectors_checked"":3211264}"
     57344,         0,         0,   0.411,exact_mw,70a969f5042aec17ac076c6379f4170fb7c69b8e925756ef3b7334e28a33338b,"{""distance"":5,""physical_error_rate"":0.0001}","{""detection_events"":5746,""detectors_checked"":12845056}"
      5120,         0,         0,   0.292,exact_mw,70a969f5042aec17ac076c6379f4170fb7c69b8e925756ef3b7334e28a33338b,"{""distance"":5,""physical_error_rate"":0.0001}","{""detection_events"":525,""detectors_checked"":1146880}"
    144384,         0,         0,   0.562,exact_mw,70a969f5042aec17ac076c6379f4170fb7c69b8e925756ef3b7334e28a33338b,"{""distance"":5,""physical_error_rate"":0.0001}","{""detection_events"":13790,""detectors_checked"":32342016}"
     14336,         0,         0,   0.161,exact_mw,70a969f5042aec17ac076c6379f4170fb7c69b8e925756ef3b7334e28a33338b,"{""distance"":5,""physical_error_rate"":0.0001}","{""detection_events"":1433,""detectors_checked"":3211264}"
     16384,         0,         0,   0.225,exact_mw,cb12ae119b9b2ba18d0216e7235b403229e92fd0743ede48fe7f1a2c6f45d594,"{""distance"":5,""physical_error_rate"":0.0005}","{""detection_events"":7879,""detectors_checked"":3670016}"
     58368,         0,         0,   0.579,exact_mw,cb12ae119b9b2ba18d0216e7235b403229e92fd0743ede48fe7f1a2c6f45d594,"{""distance"":5,""physical_error_rate"":0.0005}","{""detection_events"":28797,""detectors_checked"":13074432}"
     49152,         0,         0,   0.557,exact_mw,cb12ae119b9b2ba18d0216e7235b403229e92fd0743ede48fe7f1a2c6f45d594,"{""distance"":5,""physical_error_rate"":0.0005}","{""detection_events"":24189,""detectors_checked"":11010048}"
     56320,         0,         0,   0.411,exact_mw,70a969f5042aec17ac076c6379f4170fb7c69b8e925756ef3b7334e28a33338b,"{""distance"":5,""physical_error_rate"":0.0001}","{""detection_events"":5665,""detectors_checked"":12615680}"
     20480,         0,         0,   0.310,exact_mw,cb12ae119b9b2ba18d0216e7235b403229e92fd0743ede48fe7f1a2c6f45d594,"{""distance"":5,""physical_error_rate"":0.0005}","{""detection_events"":9785,""detectors_checked"":4587520}"
     21504,         0,         0,   0.221,exact_mw,70a969f5042aec17ac076c6379f4170fb7c69b8e925756ef3b7334e28a33338b,"{""distance"":5,""physical_error_rate"":0.0001}","{""detection_events"":2214,""detectors_checked"":4816896}"
     69632,         0,         0,   0.555,exact_mw,70a969f5042aec17ac076c6379f4170fb7c69b8e925756ef3b7334e28a33338b,"{""distance"":5,""physical_error_rate"":0.0001}","{""detection_events"":6819,""detectors_checked"":15597568}"
     43008,         0,         0,   0.406,exact_mw,cb12ae119b9b2ba18d0216e7235b403229e92fd0743ede48fe7f1a2c6f45d594,"{""distance"":5,""physical_error_rate"":0.0005}","{""detection_events"":21320,""detectors_checked"":9633792}"
     57344,         0,         0,   0.570,exact_mw,cb12ae119b9b2ba18d0216e7235b403229e92fd0743ede48fe7f1a2c6f45d594,"{""distance"":5,""physical_error_rate"":0.0005}","{""detection_events"":28172,""detectors_checked"":12845056}"
    585191,         0,         0,    4.47,exact_mw,70a969f5042aec17ac076c6379f4170fb7c69b8e925756ef3b7334e28a33338b,"{""distance"":5,""physical_error_rate"":0.0001}","{""detection_events"":57457,""detectors_checked"":131082784}"
    550200,         0,         0,    4.46,exact_mw,70a969f5042aec17ac076c6379f4170fb7c69b8e925756ef3b7334e28a33338b,"{""distance"":5,""physical_error_rate"":0.0001}","{""detection_events"":54079,""detectors_checked"":123244800}"
    577536,         0,         0,    4.26,exact_mw,70a969f5042aec17ac076c6379f4170fb7c69b8e925756ef3b7334e28a33338b,"{""distance"":5,""physical_error_rate"":0.0001}","{""detection_events"":56805,""detectors_checked"":129368064}"
     56320,         0,         0,   0.578,exact_mw,cb12ae119b9b2ba18d0216e7235b403229e92fd0743ede48fe7f1a2c6f45d594,"{""distance"":5,""physical_error_rate"":0.0005}","{""detection_events"":27742,""detectors_checked"":12615680}"
    536576,         0,         0,    4.47,exact_mw,70a969f5042aec17ac076c6379f4170fb7c69b8e925756ef3b7334e28a33338b,"{""distance"":5,""physical_error_rate"":0.0001}","{""detection_events"":52465,""detectors_checked"":120193024}"
    558080,         0,         0,    4.47,exact_mw,70a969f5042aec17ac076c6379f4170fb7c69b8e925756ef3b7334e28a33338b,"{""distance"":5,""physical_error_rate"":0.0001}","{""detection_events"":54183,""detectors_checked"":125009920}"
     73728,         0,         0,   0.545,exact_mw,70a969f5042aec17ac076c6379f4170fb7c69b8e925756ef3b7334e28a33338b,"{""distance"":5,""physical_error_rate"":0.0001}","{""detection_events"":7403,""detectors_checked"":16515072}"
    533006,         0,         0,    4.53,exact_mw,70a969f5042aec17ac076c6379f4170fb7c69b8e925756ef3b7334e28a33338b,"{""distance"":5,""physical_error_rate"":0.0001}","{""detection_events"":51997,""detectors_checked"":119393344}"
     20480,         0,         0,   0.289,exact_mw,cb12ae119b9b2ba18d0216e7235b403229e92fd0743ede48fe7f1a2c6f45d594,"{""distance"":5,""physical_error_rate"":0.0005}","{""detection_events"":10059,""detectors_checked"":4587520}"
    498688,         0,         0,    2.10,exact_mw,70a969f5042aec17ac076c6379f4170fb7c69b8e925756ef3b7334e28a33338b,"{""distance"":5,""physical_error_rate"":0.0001}","{""detection_events"":49357,""detectors_checked"":111706112}"
      8192,         0,         0,   0.310,exact_mw,70a969f5042aec17ac076c6379f4170fb7c69b8e925756ef3b7334e28a33338b,"{""distance"":5,""physical_error_rate"":0.0001}","{""detection_events"":851,""detectors_checked"":1835008}"
     72704,         0,         0,   0.570,exact_mw,70a969f5042aec17ac076c6379f4170fb7c69b8e925756ef3b7334e28a33338b,"{""distance"":5,""physical_error_rate"":0.0001}","{""detection_events"":6965,""detectors_checked"":16285696}"
    215040,         0,         0,   0.789,exact_mw,70a969f5042aec17ac076c6379f4170fb7c69b8e925756ef3b7334e28a33338b,"{""distance"":5,""physical_error_rate"":0.0001}","{""detection_events"":21291,""detectors_checked"":48168960}"
     70656,         0,         0,   0.575,exact_mw,70a969f5042aec17ac076c6379f4170fb7c69b8e925756ef3b7334e28a33338b,"{""distance"":5,""physical_error_rate"":0.0001}","{""detection_events"":6970,""detectors_checked"":15826944}"
     38912,         0,         0,   0.284,exact_mw,70a969f5042aec17ac076c6379f4170fb7c69b8e925756ef3b7334e28a33338b,"{""distance"":5,""physical_error_rate"":0.0001}","{""detection_events"":3744,""detectors_checked"":8716288}"
     40960,         0,         0,   0.395,exact_mw,cb12ae119b9b2ba18d0216e7235b403229e92fd0743ede48fe7f1a2c6f45d594,"{""distance"":5,""physical_error_rate"":0.0005}","{""detection_events"":20062,""detectors_checked"":9175040}"
     39936,         0,         0,   0.409,exact_mw,cb12ae119b9b2ba18d0216e7235b403229e92fd0743ede48fe7f1a2c6f45d594,"{""distance"":5,""physical_error_rate"":0.0005}","{""detection_events"":20068,""detectors_checked"":8945664}"
     84992,         0,         0,   0.566,exact_mw,70a969f5042aec17ac076c6379f4170fb7c69b8e925756ef3b7334e28a33338b,"{""distance"":5,""physical_error_rate"":0.0001}","{""detection_events"":8592,""detectors_checked"":19038208}"
    177152,         0,         0,   0.791,exact_mw,70a969f5042aec17ac076c6379f4170fb7c69b8e925756ef3b7334e28a33338b,"{""distance"":5,""physical_error_rate"":0.0001}","{""detection_events"":17797,""detectors_checked"":39682048}"
     41984,         0,         0,   0.565,exact_mw,cb12ae119b9b2ba18d0216e7235b403229e92fd0743ede48fe7f1a2c6f45d594,"{""distance"":5,""physical_error_rate"":0.0005}","{""detection_events"":20713,""detectors_checked"":9404416}"
     48128,         0,         0,   0.568,exact_mw,70a969f5042aec17ac076c6379f4170fb7c69b8e925756ef3b7334e28a33338b,"{""distance"":5,""physical_error_rate"":0.0001}","{""detection_events"":4758,""detectors_checked"":10780672}"
     76800,         0,         0,   0.799,exact_mw,cb12ae119b9b2ba18d0216e7235b403229e92fd0743ede48fe7f1a2c6f45d594,"{""distance"":5,""physical_error_rate"":0.0005}","{""detection_events"":37397,""detectors_checked"":17203200}"
     51200,         0,         0,   0.403,exact_mw,70a969f5042aec17ac076c6379f4170fb7c69b8e925756ef3b7334e28a33338b,"{""distance"":5,""physical_error_rate"":0.0001}","{""detection_events"":5083,""detectors_checked"":11468800}"
     83968,         0,         0,   0.794,exact_mw,cb12ae119b9b2ba18d0216e7235b403229e92fd0743ede48fe7f1a2c6f45d594,"{""distance"":5,""physical_error_rate"":0.0005}","{""detection_events"":41569,""detectors_checked"":18808832}"
    110592,         0,         0,   0.787,exact_mw,70a969f5042aec17ac076c6379f4170fb7c69b8e925756ef3b7334e28a33338b,"{""distance"":5,""physical_error_rate"":0.0001}","{""detection_events"":10847,""detectors_checked"":24772608}"
     72704,         0,         0,   0.795,exact_mw,cb12ae119b9b2ba18d0216e7235b403229e92fd0743ede48fe7f1a2c6f45d594,"{""distance"":5,""physical_error_rate"":0.0005}","{""detection_events"":36115,""detectors_checked"":16285696}"
     31744,         0,         0,   0.827,exact_mw,cb12ae119b9b2ba18d0216e7235b403229e92fd0743ede48fe7f1a2c6f45d594,"{""distance"":5,""physical_error_rate"":0.0005}","{""detection_events"":15952,""detectors_checked"":7110656}"
     86016,         0,         0,   0.806,exact_mw,70a969f5042aec17ac076c6379f4170fb7c69b8e925756ef3b7334e28a33338b,"{""distance"":5,""physical_error_rate"":0.0001}","{""detection_events"":8861,""detectors_checked"":19267584}"
    461790,         0,         0,    5.27,exact_mw,70a969f5042aec17ac076c6379f4170fb7c69b8e925756ef3b7334e28a33338b,"{""distance"":5,""physical_error_rate"":0.0001}","{""detection_events"":45425,""detectors_checked"":103440960}"
    107520,         0,         0,   0.790,exact_mw,70a969f5042aec17ac076c6379f4170fb7c69b8e925756ef3b7334e28a33338b,"{""distance"":5,""physical_error_rate"":0.0001}","{""detection_events"":10329,""detectors_checked"":24084480}"
    457728,         0,         0,    3.80,exact_mw,70a969f5042aec17ac076c6379f4170fb7c69b8e925756ef3b7334e28a33338b,"{""distance"":5,""physical_error_rate"":0.0001}","{""detection_events"":44658,""detectors_checked"":102531072}"
    419840,         0,         0,    3.79,exact_mw,70a969f5042aec17ac076c6379f4170fb7c69b8e925756ef3b7334e28a33338b,"{""distance"":5,""physical_error_rate"":0.0001}","{""detection_events"":42027,""detectors_checked"":94044160}"
    401663,         0,         0,    3.13,exact_mw,70a969f5042aec17ac076c6379f4170fb7c69b8e925756ef3b7334e28a33338b,"{""distance"":5,""physical_error_rate"":0.0001}","{""detection_events"":39179,""detectors_checked"":89972512}"
    412672,         0,         0,    5.42,exact_mw,70a969f5042aec17ac076c6379f4170fb7c69b8e925756ef3b7334e28a33338b,"{""distance"":5,""physical_error_rate"":0.0001}","{""detection_events"":40364,""detectors_checked"":92438528}"
     58368,         0,         0,   0.580,exact_mw,cb12ae119b9b2ba18d0216e7235b403229e92fd0743ede48fe7f1a2c6f45d594,"{""distance"":5,""physical_error_rate"":0.0005}","{""detection_events"":28841,""detectors_checked"":13074432}"
    392192,         0,         0,    5.37,exact_mw,70a969f5042aec17ac076c6379f4170fb7c69b8e925756ef3b7334e28a33338b,"{""distance"":5,""physical_error_rate"":0.0001}","{""detection_events"":38427,""detectors_checked"":87851008}"
    364544,         0,         0,    5.34,exact_mw,70a969f5042aec17ac076c6379f4170fb7c69b8e925756ef3b7334e28a33338b,"{""distance"":5,""physical_error_rate"":0.0001}","{""detection_events"":35531,""detectors_checked"":81657856}"
     72704,         0,         0,   0.806,exact_mw,70a969f5042aec17ac076c6379f4170fb7c69b8e925756ef3b7334e28a33338b,"{""distance"":5,""physical_error_rate"":0.0001}","{""detection_events"":7095,""detectors_checked"":16285696}"
     57344,         0,         0,   0.567,exact_mw,cb12ae119b9b2ba18d0216e7235b403229e92fd0743ede48fe7f1a2c6f45d594,"{""distance"":5,""physical_error_rate"":0.0005}","{""detection_events"":27919,""detectors_checked"":12845056}"
     77824,         0,         0,   0.565,exact_mw,70a969f5042aec17ac076c6379f4170fb7c69b8e925756ef3b7334e28a33338b,"{""distance"":5,""physical_error_rate"":0.0001}","{""detection_events"":7677,""detectors_checked"":17432576}"
    210420,         0,         0,   0.757,exact_mw,70a969f5042aec17ac076c6379f4170fb7c69b8e925756ef3b7334e28a33338b,"{""distance"":5,""physical_error_rate"":0.0001}","{""detection_events"":20733,""detectors_checked"":47134080}"
    379904,         0,         0,    4.14,exact_mw,70a969f5042aec17ac076c6379f4170fb7c69b8e925756ef3b7334e28a33338b,"{""distance"":5,""physical_error_rate"":0.0001}","{""detection_events"":37167,""detectors_checked"":85098496}"
    108544,         0,         0,   0.790,exact_mw,70a969f5042aec17ac076c6379f4170fb7c69b8e925756ef3b7334e28a33338b,"{""distance"":5,""physical_error_rate"":0.0001}","{""detection_events"":10737,""detectors_checked"":24313856}"
    325632,         0,         0,    4.01,exact_mw,70a969f5042aec17ac076c6379f4170fb7c69b8e925756ef3b7334e28a33338b,"{""distance"":5,""physical_error_rate"":0.0001}","{""detection_events"":31809,""detectors_checked"":72941568}"
    200704,         0,         0,    1.11,exact_mw,70a969f5042aec17ac076c6379f4170fb7c69b8e925756ef3b7334e28a33338b,"{""distance"":5,""physical_error_rate"":0.0001}","{""detection_events"":20111,""detectors_checked"":44957696}"
     57344,         0,         0,   0.803,exact_mw,cb12ae119b9b2ba18d0216e7235b403229e92fd0743ede48fe7f1a2c6f45d594,"{""distance"":5,""physical_error_rate"":0.0005}","{""detection_events"":28511,""detectors_checked"":12845056}"
     76800,         0,         0,   0.800,exact_mw,70a969f5042aec17ac076c6379f4170fb7c69b8e925756ef3b7334e28a33338b,"{""distance"":5,""physical_error_rate"":0.0001}","{""detection_events"":7493,""detectors_checked"":17203200}"
    310503,         0,         0,    2.03,exact_mw,70a969f5042aec17ac076c6379f4170fb7c69b8e925756ef3b7334e28a33338b,"{""distance"":5,""physical_error_rate"":0.0001}","{""detection_events"":30881,""detectors_checked"":69552672}"
    267264,         0,         0,    2.09,exact_mw,70a969f5042aec17ac076c6379f4170fb7c69b8e925756ef3b7334e28a33338b,"{""distance"":5,""physical_error_rate"":0.0001}","{""detection_events"":26569,""detectors_checked"":59867136}"
     46046,         0,         0,   0.218,exact_mw,70a969f5042aec17ac076c6379f4170fb7c69b8e925756ef3b7334e28a33338b,"{""distance"":5,""physical_error_rate"":0.0001}","{""detection_events"":4612,""detectors_checked"":10314304}"
     78848,         1,         0,   0.793,exact_mw,cb12ae119b9b2ba18d0216e7235b403229e92fd0743ede48fe7f1a2c6f45d594,"{""distance"":5,""physical_error_rate"":0.0005}","{""detection_events"":38646,""detectors_checked"":17661952,""obs_mistake_mask=E"":1}"
    266688,         0,         0,    2.33,exact_mw,70a969f5042aec17ac076c6379f4170fb7c69b8e925756ef3b7334e28a33338b,"{""distance"":5,""physical_error_rate"":0.0001}","{""detection_events"":26303,""detectors_checked"":59738112}"
    107520,         0,         0,    1.11,exact_mw,cb12ae119b9b2ba18d0216e7235b403229e92fd0743ede48fe7f1a2c6f45d594,"{""distance"":5,""physical_error_rate"":0.0005}","{""detection_events"":53328,""detectors_checked"":24084480}"
    248563,         0,         0,    2.31,exact_mw,70a969f5042aec17ac076c6379f4170fb7c69b8e925756ef3b7334e28a33338b,"{""distance"":5,""physical_error_rate"":0.0001}","{""detection_events"":24746,""detectors_checked"":55678112}"
    245760,         0,         0,    1.71,exact_mw,70a969f5042aec17ac076c6379f4170fb7c69b8e925756ef3b7334e28a33338b,"{""distance"":5,""physical_error_rate"":0.0001}","{""detection_events"":24172,""detectors_checked"":55050240}"
    242688,         0,         0,    1.73,exact_mw,70a969f5042aec17ac076c6379f4170fb7c69b8e925756ef3b7334e28a33338b,"{""distance"":5,""physical_error_rate"":0.0001}","{""detection_events"":23563,""detectors_checked"":54362112}"
    245760,         0,         0,    1.77,exact_mw,70a969f5042aec17ac076c6379f4170fb7c69b8e925756ef3b7334e28a33338b,"{""distance"":5,""physical_error_rate"":0.0001}","{""detection_events"":24020,""detectors_checked"":55050240}"
    129024,         0,         0,    1.10,exact_mw,cb12ae119b9b2ba18d0216e7235b403229e92fd0743ede48fe7f1a2c6f45d594,"{""distance"":5,""physical_error_rate"":0.0005}","{""detection_events"":63149,""detectors_checked"":28901376}"
    240795,         0,         0,    1.73,exact_mw,70a969f5042aec17ac076c6379f4170fb7c69b8e925756ef3b7334e28a33338b,"{""distance"":5,""physical_error_rate"":0.0001}","{""detection_events"":23618,""detectors_checked"":53938080}"
    238592,         0,         0,    1.72,exact_mw,70a969f5042aec17ac076c6379f4170fb7c69b8e925756ef3b7334e28a33338b,"{""distance"":5,""physical_error_rate"":0.0001}","{""detection_events"":23764,""detectors_checked"":53444608}"
     57344,         0,         0,   0.793,exact_mw,cb12ae119b9b2ba18d0216e7235b403229e92fd0743ede48fe7f1a2c6f45d594,"{""distance"":5,""physical_error_rate"":0.0005}","{""detection_events"":28206,""detectors_checked"":12845056}"
    112640,         0,         0,    1.08,exact_mw,70a969f5042aec17ac076c6379f4170fb7c69b8e925756ef3b7334e28a33338b,"{""distance"":5,""physical_error_rate"":0.0001}","{""detection_events"":11104,""detectors_checked"":25231360}"
     88064,         0,         0,    1.12,exact_mw,cb12ae119b9b2ba18d0216e7235b403229e92fd0743ede48fe7f1a2c6f45d594,"{""distance"":5,""physical_error_rate"":0.0005}","{""detection_events"":43653,""detectors_checked"":19726336}"
     17408,         0,         0,    1.12,exact_mw,cb12ae119b9b2ba18d0216e7235b403229e92fd0743ede48fe7f1a2c6f45d594,"{""distance"":5,""physical_error_rate"":0.0005}","{""detection_events"":8540,""detectors_checked"":3899392}"
    131072,         0,         0,    1.06,exact_mw,70a969f5042aec17ac076c6379f4170fb7c69b8e925756ef3b7334e28a33338b,"{""distance"":5,""physical_error_rate"":0.0001}","{""detection_events"":13050,""detectors_checked"":29360128}"
    142336,         0,         0,    1.10,exact_mw,70a969f5042aec17ac076c6379f4170fb7c69b8e925756ef3b7334e28a33338b,"{""distance"":5,""physical_error_rate"":0.0001}","{""detection_events"":14115,""detectors_checked"":31883264}"
     99328,         0,         0,   0.786,exact_mw,70a969f5042aec17ac076c6379f4170fb7c69b8e925756ef3b7334e28a33338b,"{""distance"":5,""physical_error_rate"":0.0001}","{""detection_events"":9904,""detectors_checked"":22249472}"
    210327,         0,         0,    2.05,exact_mw,70a969f5042aec17ac076c6379f4170fb7c69b8e925756ef3b7334e28a33338b,"{""distance"":5,""physical_error_rate"":0.0001}","{""detection_events"":20801,""detectors_checked"":47113248}"
    138240,         0,         0,    1.11,exact_mw,70a969f5042aec17ac076c6379f4170fb7c69b8e925756ef3b7334e28a33338b,"{""distance"":5,""physical_error_rate"":0.0001}","{""detection_events"":14054,""detectors_checked"":30965760}"
    204800,         0,         0,    2.08,exact_mw,70a969f5042aec17ac076c6379f4170fb7c69b8e925756ef3b7334e28a33338b,"{""distance"":5,""physical_error_rate"":0.0001}","{""detection_events"":20541,""detectors_checked"":45875200}"
    183296,         0,         0,    7.57,exact_mw,70a969f5042aec17ac076c6379f4170fb7c69b8e925756ef3b7334e28a33338b,"{""distance"":5,""physical_error_rate"":0.0001}","{""detection_events"":18141,""detectors_checked"":41058304}"
      2321,         0,         0,   0.027,exact_mw,70a969f5042aec17ac076c6379f4170fb7c69b8e925756ef3b7334e28a33338b,"{""distance"":5,""physical_error_rate"":0.0001}","{""detection_events"":194,""detectors_checked"":519904}"
    181130,         0,         0,    1.32,exact_mw,70a969f5042aec17ac076c6379f4170fb7c69b8e925756ef3b7334e28a33338b,"{""distance"":5,""physical_error_rate"":0.0001}","{""detection_events"":17494,""detectors_checked"":40573120}"
    164864,         0,         0,    1.20,exact_mw,70a969f5042aec17ac076c6379f4170fb7c69b8e925756ef3b7334e28a33338b,"{""distance"":5,""physical_error_rate"":0.0001}","{""detection_events"":15826,""detectors_checked"":36929536}"
    171008,         0,         0,    1.31,exact_mw,70a969f5042aec17ac076c6379f4170fb7c69b8e925756ef3b7334e28a33338b,"{""distance"":5,""physical_error_rate"":0.0001}","{""detection_events"":16864,""detectors_checked"":38305792}"
    167936,         0,         0,    1.20,exact_mw,70a969f5042aec17ac076c6379f4170fb7c69b8e925756ef3b7334e28a33338b,"{""distance"":5,""physical_error_rate"":0.0001}","{""detection_events"":16244,""detectors_checked"":37617664}"
      3072,         0,         0,   0.023,exact_mw,70a969f5042aec17ac076c6379f4170fb7c69b8e925756ef3b7334e28a33338b,"{""distance"":5,""physical_error_rate"":0.0001}","{""detection_events"":293,""detectors_checked"":688128}"
    158949,         0,         0,   0.706,exact_mw,70a969f5042aec17ac076c6379f4170fb7c69b8e925756ef3b7334e28a33338b,"{""distance"":5,""physical_error_rate"":0.0001}","{""detection_events"":15819,""detectors_checked"":35604576}"
   8373123,         4,         0,    86.4,exact_mw,cb12ae119b9b2ba18d0216e7235b403229e92fd0743ede48fe7f1a2c6f45d594,"{""distance"":5,""physical_error_rate"":0.0005}","{""detection_events"":4120534,""detectors_checked"":1875579552,""obs_mistake_mask=E"":4}"
      6144,         0,         0,   0.023,exact_mw,70a969f5042aec17ac076c6379f4170fb7c69b8e925756ef3b7334e28a33338b,"{""distance"":5,""physical_error_rate"":0.0001}","{""detection_events"":594,""detectors_checked"":1376256}"
    149504,         0,         0,    1.30,exact_mw,70a969f5042aec17ac076c6379f4170fb7c69b8e925756ef3b7334e28a33338b,"{""distance"":5,""physical_error_rate"":0.0001}","{""detection_events"":14770,""detectors_checked"":33488896}"
    141312,         0,         0,    1.02,exact_mw,70a969f5042aec17ac076c6379f4170fb7c69b8e925756ef3b7334e28a33338b,"{""distance"":5,""physical_error_rate"":0.0001}","{""detection_events"":13696,""detectors_checked"":31653888}"
      4096,         0,         0,   0.050,exact_mw,70a969f5042aec17ac076c6379f4170fb7c69b8e925756ef3b7334e28a33338b,"{""distance"":5,""physical_error_rate"":0.0001}","{""detection_events"":355,""detectors_checked"":917504}"
    138142,         0,         0,   0.967,exact_mw,70a969f5042aec17ac076c6379f4170fb7c69b8e925756ef3b7334e28a33338b,"{""distance"":5,""physical_error_rate"":0.0001}","{""detection_events"":13663,""detectors_checked"":30943808}"
     79363,         0,         0,   0.524,exact_mw,70a969f5042aec17ac076c6379f4170fb7c69b8e925756ef3b7334e28a33338b,"{""distance"":5,""physical_error_rate"":0.0001}","{""detection_events"":7662,""detectors_checked"":17777312}"
      4096,         0,         0,   0.033,exact_mw,70a969f5042aec17ac076c6379f4170fb7c69b8e925756ef3b7334e28a33338b,"{""distance"":5,""physical_error_rate"":0.0001}","{""detection_events"":454,""detectors_checked"":917504}"
    124928,         0,         0,    1.00,exact_mw,70a969f5042aec17ac076c6379f4170fb7c69b8e925756ef3b7334e28a33338b,"{""distance"":5,""physical_error_rate"":0.0001}","{""detection_events"":12489,""detectors_checked"":27983872}"
    136192,         0,         0,   0.990,exact_mw,70a969f5042aec17ac076c6379f4170fb7c69b8e925756ef3b7334e28a33338b,"{""distance"":5,""physical_error_rate"":0.0001}","{""detection_events"":13793,""detectors_checked"":30507008}"
    129024,         0,         0,    1.36,exact_mw,70a969f5042aec17ac076c6379f4170fb7c69b8e925756ef3b7334e28a33338b,"{""distance"":5,""physical_error_rate"":0.0001}","{""detection_events"":12918,""detectors_checked"":28901376}"
     79863,         0,         0,   0.574,exact_mw,70a969f5042aec17ac076c6379f4170fb7c69b8e925756ef3b7334e28a33338b,"{""distance"":5,""physical_error_rate"":0.0001}","{""detection_events"":7725,""detectors_checked"":17889312}"
      5120,         0,         0,   0.046,exact_mw,70a969f5042aec17ac076c6379f4170fb7c69b8e925756ef3b7334e28a33338b,"{""distance"":5,""physical_error_rate"":0.0001}","{""detection_events"":485,""detectors_checked"":1146880}"
     61411,         0,         0,   0.651,exact_mw,70a969f5042aec17ac076c6379f4170fb7c69b8e925756ef3b7334e28a33338b,"{""distance"":5,""physical_error_rate"":0.0001}","{""detection_events"":5991,""detectors_checked"":13756064}"
    124417,         0,         0,    1.00,exact_mw,70a969f5042aec17ac076c6379f4170fb7c69b8e925756ef3b7334e28a33338b,"{""distance"":5,""physical_error_rate"":0.0001}","{""detection_events"":12332,""detectors_checked"":27869408}"
    102400,         0,         0,    1.50,exact_mw,70a969f5042aec17ac076c6379f4170fb7c69b8e925756ef3b7334e28a33338b,"{""distance"":5,""physical_error_rate"":0.0001}","{""detection_events"":10191,""detectors_checked"":22937600}"
    116736,         0,         0,    1.12,exact_mw,cb12ae119b9b2ba18d0216e7235b403229e92fd0743ede48fe7f1a2c6f45d594,"{""distance"":5,""physical_error_rate"":0.0005}","{""detection_events"":57053,""detectors_checked"":26148864}"
     67991,         0,         0,   0.479,exact_mw,70a969f5042aec17ac076c6379f4170fb7c69b8e925756ef3b7334e28a33338b,"{""distance"":5,""physical_error_rate"":0.0001}","{""detection_events"":6817,""detectors_checked"":15229984}"
    104448,         0,         0,   0.725,exact_mw,70a969f5042aec17ac076c6379f4170fb7c69b8e925756ef3b7334e28a33338b,"{""distance"":5,""physical_error_rate"":0.0001}","{""detection_events"":10251,""detectors_checked"":23396352}"
     82830,         0,         0,   0.665,exact_mw,70a969f5042aec17ac076c6379f4170fb7c69b8e925756ef3b7334e28a33338b,"{""distance"":5,""physical_error_rate"":0.0001}","{""detection_events"":8140,""detectors_checked"":18553920}"
     90112,         0,         0,   0.637,exact_mw,70a969f5042aec17ac076c6379f4170fb7c69b8e925756ef3b7334e28a33338b,"{""distance"":5,""physical_error_rate"":0.0001}","{""detection_events"":8726,""detectors_checked"":20185088}"
     95829,         0,         0,   0.953,exact_mw,70a969f5042aec17ac076c6379f4170fb7c69b8e925756ef3b7334e28a33338b,"{""distance"":5,""physical_error_rate"":0.0001}","{""detection_events"":9496,""detectors_checked"":21465696}"
      9216,         0,         0,   0.107,exact_mw,70a969f5042aec17ac076c6379f4170fb7c69b8e925756ef3b7334e28a33338b,"{""distance"":5,""physical_error_rate"":0.0001}","{""detection_events"":905,""detectors_checked"":2064384}"
     90112,         0,         0,   0.916,exact_mw,70a969f5042aec17ac076c6379f4170fb7c69b8e925756ef3b7334e28a33338b,"{""distance"":5,""physical_error_rate"":0.0001}","{""detection_events"":9054,""detectors_checked"":20185088}"
     10240,         0,         0,   0.109,exact_mw,70a969f5042aec17ac076c6379f4170fb7c69b8e925756ef3b7334e28a33338b,"{""distance"":5,""physical_error_rate"":0.0001}","{""detection_events"":935,""detectors_checked"":2293760}"
     28588,         0,         0,   0.132,exact_mw,70a969f5042aec17ac076c6379f4170fb7c69b8e925756ef3b7334e28a33338b,"{""distance"":5,""physical_error_rate"":0.0001}","{""detection_events"":2970,""detectors_checked"":6403712}"
     72087,         0,         0,   0.513,exact_mw,70a969f5042aec17ac076c6379f4170fb7c69b8e925756ef3b7334e28a33338b,"{""distance"":5,""physical_error_rate"":0.0001}","{""detection_events"":6932,""detectors_checked"":16147488}"
     28214,         0,         0,   0.168,exact_mw,70a969f5042aec17ac076c6379f4170fb7c69b8e925756ef3b7334e28a33338b,"{""distance"":5,""physical_error_rate"":0.0001}","{""detection_events"":2823,""detectors_checked"":6319936}"
     28233,         0,         0,   0.193,exact_mw,70a969f5042aec17ac076c6379f4170fb7c69b8e925756ef3b7334e28a33338b,"{""distance"":5,""physical_error_rate"":0.0001}","{""detection_events"":2664,""detectors_checked"":6324192}"
     48624,         0,         0,   0.298,exact_mw,70a969f5042aec17ac076c6379f4170fb7c69b8e925756ef3b7334e28a33338b,"{""distance"":5,""physical_error_rate"":0.0001}","{""detection_events"":4886,""detectors_checked"":10891776}"
     79872,         0,         0,   0.649,exact_mw,70a969f5042aec17ac076c6379f4170fb7c69b8e925756ef3b7334e28a33338b,"{""distance"":5,""physical_error_rate"":0.0001}","{""detection_events"":7714,""detectors_checked"":17891328}"
     64218,         0,         0,   0.427,exact_mw,70a969f5042aec17ac076c6379f4170fb7c69b8e925756ef3b7334e28a33338b,"{""distance"":5,""physical_error_rate"":0.0001}","{""detection_events"":6157,""detectors_checked"":14384832}"
      4317,         0,         0,   0.025,exact_mw,70a969f5042aec17ac076c6379f4170fb7c69b8e925756ef3b7334e28a33338b,"{""distance"":5,""physical_error_rate"":0.0001}","{""detection_events"":450,""detectors_checked"":967008}"
     29043,         0,         0,   0.171,exact_mw,70a969f5042aec17ac076c6379f4170fb7c69b8e925756ef3b7334e28a33338b,"{""distance"":5,""physical_error_rate"":0.0001}","{""detection_events"":3068,""detectors_checked"":6505632}"
     75832,         0,         0,   0.885,exact_mw,70a969f5042aec17ac076c6379f4170fb7c69b8e925756ef3b7334e28a33338b,"{""distance"":5,""physical_error_rate"":0.0001}","{""detection_events"":7743,""detectors_checked"":16986368}"
     48257,         0,         0,   0.338,exact_mw,70a969f5042aec17ac076c6379f4170fb7c69b8e925756ef3b7334e28a33338b,"{""distance"":5,""physical_error_rate"":0.0001}","{""detection_events"":4895,""detectors_checked"":10809568}"
      4828,         0,         0,   0.031,exact_mw,70a969f5042aec17ac076c6379f4170fb7c69b8e925756ef3b7334e28a33338b,"{""distance"":5,""physical_error_rate"":0.0001}","{""detection_events"":474,""detectors_checked"":1081472}"
     30734,         0,         0,   0.209,exact_mw,70a969f5042aec17ac076c6379f4170fb7c69b8e925756ef3b7334e28a33338b,"{""distance"":5,""physical_error_rate"":0.0001}","{""detection_events"":3129,""detectors_checked"":6884416}"
     32486,         0,         0,   0.220,exact_mw,70a969f5042aec17ac076c6379f4170fb7c69b8e925756ef3b7334e28a33338b,"{""distance"":5,""physical_error_rate"":0.0001}","{""detection_events"":3312,""detectors_checked"":7276864}"
     28436,         0,         0,   0.269,exact_mw,70a969f5042aec17ac076c6379f4170fb7c69b8e925756ef3b7334e28a33338b,"{""distance"":5,""physical_error_rate"":0.0001}","{""detection_events"":2786,""detectors_checked"":6369664}"
       711,         0,         0,   0.003,exact_mw,70a969f5042aec17ac076c6379f4170fb7c69b8e925756ef3b7334e28a33338b,"{""distance"":5,""physical_error_rate"":0.0001}","{""detection_events"":36,""detectors_checked"":159264}"
     73728,         0,         0,   0.560,exact_mw,70a969f5042aec17ac076c6379f4170fb7c69b8e925756ef3b7334e28a33338b,"{""distance"":5,""physical_error_rate"":0.0001}","{""detection_events"":7199,""detectors_checked"":16515072}"
      8634,         0,         0,   0.053,exact_mw,70a969f5042aec17ac076c6379f4170fb7c69b8e925756ef3b7334e28a33338b,"{""distance"":5,""physical_error_rate"":0.0001}","{""detection_events"":863,""detectors_checked"":1934016}"
     54434,         0,         0,   0.397,exact_mw,70a969f5042aec17ac076c6379f4170fb7c69b8e925756ef3b7334e28a33338b,"{""distance"":5,""physical_error_rate"":0.0001}","{""detection_events"":5343,""detectors_checked"":12193216}"
     60416,         0,         0,   0.401,exact_mw,70a969f5042aec17ac076c6379f4170fb7c69b8e925756ef3b7334e28a33338b,"{""distance"":5,""physical_error_rate"":0.0001}","{""detection_events"":5907,""detectors_checked"":13533184}"
     20480,         0,         0,   0.144,exact_mw,70a969f5042aec17ac076c6379f4170fb7c69b8e925756ef3b7334e28a33338b,"{""distance"":5,""physical_error_rate"":0.0001}","{""detection_events"":2189,""detectors_checked"":4587520}"
     68767,         0,         0,   0.863,exact_mw,70a969f5042aec17ac076c6379f4170fb7c69b8e925756ef3b7334e28a33338b,"{""distance"":5,""physical_error_rate"":0.0001}","{""detection_events"":6688,""detectors_checked"":15403808}"
     60416,         0,         0,   0.620,exact_mw,70a969f5042aec17ac076c6379f4170fb7c69b8e925756ef3b7334e28a33338b,"{""distance"":5,""physical_error_rate"":0.0001}","{""detection_events"":5887,""detectors_checked"":13533184}"
     66560,         0,         0,   0.456,exact_mw,70a969f5042aec17ac076c6379f4170fb7c69b8e925756ef3b7334e28a33338b,"{""distance"":5,""physical_error_rate"":0.0001}","{""detection_events"":6390,""detectors_checked"":14909440}"
     62464,         0,         0,   0.459,exact_mw,70a969f5042aec17ac076c6379f4170fb7c69b8e925756ef3b7334e28a33338b,"{""distance"":5,""physical_error_rate"":0.0001}","{""detection_events"":6123,""detectors_checked"":13991936}"
     52900,         0,         0,   0.501,exact_mw,70a969f5042aec17ac076c6379f4170fb7c69b8e925756ef3b7334e28a33338b,"{""distance"":5,""physical_error_rate"":0.0001}","{""detection_events"":5463,""detectors_checked"":11849600}"
     58368,         0,         0,   0.429,exact_mw,70a969f5042aec17ac076c6379f4170fb7c69b8e925756ef3b7334e28a33338b,"{""distance"":5,""physical_error_rate"":0.0001}","{""detection_events"":5640,""detectors_checked"":13074432}"
     28523,         0,         0,   0.320,exact_mw,70a969f5042aec17ac076c6379f4170fb7c69b8e925756ef3b7334e28a33338b,"{""distance"":5,""physical_error_rate"":0.0001}","{""detection_events"":2863,""detectors_checked"":6389152}"
     14445,         0,         0,   0.111,exact_mw,70a969f5042aec17ac076c6379f4170fb7c69b8e925756ef3b7334e28a33338b,"{""distance"":5,""physical_error_rate"":0.0001}","{""detection_events"":1410,""detectors_checked"":3235680}"
     54272,         0,         0,   0.474,exact_mw,70a969f5042aec17ac076c6379f4170fb7c69b8e925756ef3b7334e28a33338b,"{""distance"":5,""physical_error_rate"":0.0001}","{""detection_events"":5464,""detectors_checked"":12156928}"
    119808,         0,         0,    1.11,exact_mw,cb12ae119b9b2ba18d0216e7235b403229e92fd0743ede48fe7f1a2c6f45d594,"{""distance"":5,""physical_error_rate"":0.0005}","{""detection_events"":58595,""detectors_checked"":26836992}"
      9006,         0,         0,   0.060,exact_mw,70a969f5042aec17ac076c6379f4170fb7c69b8e925756ef3b7334e28a33338b,"{""distance"":5,""physical_error_rate"":0.0001}","{""detection_events"":939,""detectors_checked"":2017344}"
      8311,         0,         0,   0.071,exact_mw,70a969f5042aec17ac076c6379f4170fb7c69b8e925756ef3b7334e28a33338b,"{""distance"":5,""physical_error_rate"":0.0001}","{""detection_events"":885,""detectors_checked"":1861664}"
     11050,         0,         0,   0.071,exact_mw,70a969f5042aec17ac076c6379f4170fb7c69b8e925756ef3b7334e28a33338b,"{""distance"":5,""physical_error_rate"":0.0001}","{""detection_events"":1067,""detectors_checked"":2475200}"
      8132,         0,         0,   0.071,exact_mw,70a969f5042aec17ac076c6379f4170fb7c69b8e925756ef3b7334e28a33338b,"{""distance"":5,""physical_error_rate"":0.0001}","{""detection_events"":845,""detectors_checked"":1821568}"
     49152,         0,         0,   0.883,exact_mw,70a969f5042aec17ac076c6379f4170fb7c69b8e925756ef3b7334e28a33338b,"{""distance"":5,""physical_error_rate"":0.0001}","{""detection_events"":4999,""detectors_checked"":11010048}"
     52900,         0,         0,   0.467,exact_mw,70a969f5042aec17ac076c6379f4170fb7c69b8e925756ef3b7334e28a33338b,"{""distance"":5,""physical_error_rate"":0.0001}","{""detection_events"":5121,""detectors_checked"":11849600}"
     54272,         0,         0,   0.516,exact_mw,70a969f5042aec17ac076c6379f4170fb7c69b8e925756ef3b7334e28a33338b,"{""distance"":5,""physical_error_rate"":0.0001}","{""detection_events"":5451,""detectors_checked"":12156928}"
      8351,         0,         0,   0.046,exact_mw,70a969f5042aec17ac076c6379f4170fb7c69b8e925756ef3b7334e28a33338b,"{""distance"":5,""physical_error_rate"":0.0001}","{""detection_events"":848,""detectors_checked"":1870624}"
     10646,         0,         0,   0.077,exact_mw,70a969f5042aec17ac076c6379f4170fb7c69b8e925756ef3b7334e28a33338b,"{""distance"":5,""physical_error_rate"":0.0001}","{""detection_events"":1034,""detectors_checked"":2384704}"
      2426,         0,         0,   0.009,exact_mw,70a969f5042aec17ac076c6379f4170fb7c69b8e925756ef3b7334e28a33338b,"{""distance"":5,""physical_error_rate"":0.0001}","{""detection_events"":217,""detectors_checked"":543424}"
      3506,         0,         0,   0.013,exact_mw,70a969f5042aec17ac076c6379f4170fb7c69b8e925756ef3b7334e28a33338b,"{""distance"":5,""physical_error_rate"":0.0001}","{""detection_events"":340,""detectors_checked"":785344}"
      1010,         0,         0,   0.004,exact_mw,70a969f5042aec17ac076c6379f4170fb7c69b8e925756ef3b7334e28a33338b,"{""distance"":5,""physical_error_rate"":0.0001}","{""detection_events"":123,""detectors_checked"":226240}"
      3250,         0,         0,   0.012,exact_mw,70a969f5042aec17ac076c6379f4170fb7c69b8e925756ef3b7334e28a33338b,"{""distance"":5,""physical_error_rate"":0.0001}","{""detection_events"":347,""detectors_checked"":728000}"
     12591,         0,         0,   0.094,exact_mw,70a969f5042aec17ac076c6379f4170fb7c69b8e925756ef3b7334e28a33338b,"{""distance"":5,""physical_error_rate"":0.0001}","{""detection_events"":1085,""detectors_checked"":2820384}"
     10878,         0,         0,   0.057,exact_mw,70a969f5042aec17ac076c6379f4170fb7c69b8e925756ef3b7334e28a33338b,"{""distance"":5,""physical_error_rate"":0.0001}","{""detection_events"":1208,""detectors_checked"":2436672}"
       185,         0,         0,   0.001,exact_mw,70a969f5042aec17ac076c6379f4170fb7c69b8e925756ef3b7334e28a33338b,"{""distance"":5,""physical_error_rate"":0.0001}","{""detection_events"":16,""detectors_checked"":41440}"
     38912,         0,         0,   0.637,exact_mw,70a969f5042aec17ac076c6379f4170fb7c69b8e925756ef3b7334e28a33338b,"{""distance"":5,""physical_error_rate"":0.0001}","{""detection_events"":3787,""detectors_checked"":8716288}"
     10656,         0,         0,   0.093,exact_mw,70a969f5042aec17ac076c6379f4170fb7c69b8e925756ef3b7334e28a33338b,"{""distance"":5,""physical_error_rate"":0.0001}","{""detection_events"":1083,""detectors_checked"":2386944}"
     14356,         0,         0,   0.105,exact_mw,70a969f5042aec17ac076c6379f4170fb7c69b8e925756ef3b7334e28a33338b,"{""distance"":5,""physical_error_rate"":0.0001}","{""detection_events"":1638,""detectors_checked"":3215744}"
     31744,         0,         0,   0.328,exact_mw,70a969f5042aec17ac076c6379f4170fb7c69b8e925756ef3b7334e28a33338b,"{""distance"":5,""physical_error_rate"":0.0001}","{""detection_events"":3010,""detectors_checked"":7110656}"
       133,         0,         0,   0.001,exact_mw,70a969f5042aec17ac076c6379f4170fb7c69b8e925756ef3b7334e28a33338b,"{""distance"":5,""physical_error_rate"":0.0001}","{""detection_events"":14,""detectors_checked"":29792}"
      3305,         0,         0,   0.012,exact_mw,70a969f5042aec17ac076c6379f4170fb7c69b8e925756ef3b7334e28a33338b,"{""distance"":5,""physical_error_rate"":0.0001}","{""detection_events"":321,""detectors_checked"":740320}"
      5006,         0,         0,   0.031,exact_mw,70a969f5042aec17ac076c6379f4170fb7c69b8e925756ef3b7334e28a33338b,"{""distance"":5,""physical_error_rate"":0.0001}","{""detection_events"":386,""detectors_checked"":1121344}"
      3748,         0,         0,   0.014,exact_mw,70a969f5042aec17ac076c6379f4170fb7c69b8e925756ef3b7334e28a33338b,"{""distance"":5,""physical_error_rate"":0.0001}","{""detection_events"":432,""detectors_checked"":839552}"
     16068,         0,         0,   0.099,exact_mw,70a969f5042aec17ac076c6379f4170fb7c69b8e925756ef3b7334e28a33338b,"{""distance"":5,""physical_error_rate"":0.0001}","{""detection_events"":1672,""detectors_checked"":3599232}"
     13110,         0,         0,   0.105,exact_mw,70a969f5042aec17ac076c6379f4170fb7c69b8e925756ef3b7334e28a33338b,"{""distance"":5,""physical_error_rate"":0.0001}","{""detection_events"":1311,""detectors_checked"":2936640}"
     54272,         0,         0,   0.584,exact_mw,70a969f5042aec17ac076c6379f4170fb7c69b8e925756ef3b7334e28a33338b,"{""distance"":5,""physical_error_rate"":0.0001}","{""detection_events"":5496,""detectors_checked"":12156928}"
       734,         0,         0,   0.003,exact_mw,70a969f5042aec17ac076c6379f4170fb7c69b8e925756ef3b7334e28a33338b,"{""distance"":5,""physical_error_rate"":0.0001}","{""detection_events"":67,""detectors_checked"":164416}"
       754,         0,         0,   0.003,exact_mw,70a969f5042aec17ac076c6379f4170fb7c69b8e925756ef3b7334e28a33338b,"{""distance"":5,""physical_error_rate"":0.0001}","{""detection_events"":61,""detectors_checked"":168896}"
      2321,         0,         0,   0.010,exact_mw,70a969f5042aec17ac076c6379f4170fb7c69b8e925756ef3b7334e28a33338b,"{""distance"":5,""physical_error_rate"":0.0001}","{""detection_events"":193,""detectors_checked"":519904}"
    111616,         0,         0,    1.07,exact_mw,cb12ae119b9b2ba18d0216e7235b403229e92fd0743ede48fe7f1a2c6f45d594,"{""distance"":5,""physical_error_rate"":0.0005}","{""detection_events"":54657,""detectors_checked"":25001984}"
      1024,         0,         0,   0.017,exact_mw,70a969f5042aec17ac076c6379f4170fb7c69b8e925756ef3b7334e28a33338b,"{""distance"":5,""physical_error_rate"":0.0001}","{""detection_events"":77,""detectors_checked"":229376}"
      2048,         0,         0,   0.026,exact_mw,70a969f5042aec17ac076c6379f4170fb7c69b8e925756ef3b7334e28a33338b,"{""distance"":5,""physical_error_rate"":0.0001}","{""detection_events"":259,""detectors_checked"":458752}"
      3072,         0,         0,   0.029,exact_mw,70a969f5042aec17ac076c6379f4170fb7c69b8e925756ef3b7334e28a33338b,"{""distance"":5,""physical_error_rate"":0.0001}","{""detection_events"":308,""detectors_checked"":688128}"
     26624,         0,         0,   0.206,exact_mw,70a969f5042aec17ac076c6379f4170fb7c69b8e925756ef3b7334e28a33338b,"{""distance"":5,""physical_error_rate"":0.0001}","{""detection_events"":2537,""detectors_checked"":5963776}"
       162,         0,         0,   0.001,exact_mw,70a969f5042aec17ac076c6379f4170fb7c69b8e925756ef3b7334e28a33338b,"{""distance"":5,""physical_error_rate"":0.0001}","{""detection_events"":9,""detectors_checked"":36288}"
     26624,         0,         0,   0.223,exact_mw,70a969f5042aec17ac076c6379f4170fb7c69b8e925756ef3b7334e28a33338b,"{""distance"":5,""physical_error_rate"":0.0001}","{""detection_events"":2641,""detectors_checked"":5963776}"
      4096,         0,         0,   0.047,exact_mw,70a969f5042aec17ac076c6379f4170fb7c69b8e925756ef3b7334e28a33338b,"{""distance"":5,""physical_error_rate"":0.0001}","{""detection_events"":381,""detectors_checked"":917504}"
     25661,         0,         0,   0.209,exact_mw,70a969f5042aec17ac076c6379f4170fb7c69b8e925756ef3b7334e28a33338b,"{""distance"":5,""physical_error_rate"":0.0001}","{""detection_events"":2607,""detectors_checked"":5748064}"
     25661,         0,         0,   0.272,exact_mw,70a969f5042aec17ac076c6379f4170fb7c69b8e925756ef3b7334e28a33338b,"{""distance"":5,""physical_error_rate"":0.0001}","{""detection_events"":2467,""detectors_checked"":5748064}"
     25661,         0,         0,   0.246,exact_mw,70a969f5042aec17ac076c6379f4170fb7c69b8e925756ef3b7334e28a33338b,"{""distance"":5,""physical_error_rate"":0.0001}","{""detection_events"":2688,""detectors_checked"":5748064}"
     25661,         0,         0,   0.244,exact_mw,70a969f5042aec17ac076c6379f4170fb7c69b8e925756ef3b7334e28a33338b,"{""distance"":5,""physical_error_rate"":0.0001}","{""detection_events"":2568,""detectors_checked"":5748064}"
     25661,         0,         0,   0.174,exact_mw,70a969f5042aec17ac076c6379f4170fb7c69b8e925756ef3b7334e28a33338b,"{""distance"":5,""physical_error_rate"":0.0001}","{""detection_events"":2468,""detectors_checked"":5748064}"
     25661,         0,         0,   0.170,exact_mw,70a969f5042aec17ac076c6379f4170fb7c69b8e925756ef3b7334e28a33338b,"{""distance"":5,""physical_error_rate"":0.0001}","{""detection_events"":2470,""detectors_checked"":5748064}"
     25661,         0,         0,   0.184,exact_mw,70a969f5042aec17ac076c6379f4170fb7c69b8e925756ef3b7334e28a33338b,"{""distance"":5,""physical_error_rate"":0.0001}","{""detection_events"":2551,""detectors_checked"":5748064}"
     25661,         0,         0,   0.183,exact_mw,70a969f5042aec17ac076c6379f4170fb7c69b8e925756ef3b7334e28a33338b,"{""distance"":5,""physical_error_rate"":0.0001}","{""detection_events"":2549,""detectors_checked"":5748064}"
     25661,         0,         0,   0.176,exact_mw,70a969f5042aec17ac076c6379f4170fb7c69b8e925756ef3b7334e28a33338b,"{""distance"":5,""physical_error_rate"":0.0001}","{""detection_events"":2478,""detectors_checked"":5748064}"
     25600,         0,         0,   0.163,exact_mw,70a969f5042aec17ac076c6379f4170fb7c69b8e925756ef3b7334e28a33338b,"{""distance"":5,""physical_error_rate"":0.0001}","{""detection_events"":2486,""detectors_checked"":5734400}"
     25661,         0,         0,   0.184,exact_mw,70a969f5042aec17ac076c6379f4170fb7c69b8e925756ef3b7334e28a33338b,"{""distance"":5,""physical_error_rate"":0.0001}","{""detection_events"":2451,""detectors_checked"":5748064}"
     25661,         0,         0,   0.146,exact_mw,70a969f5042aec17ac076c6379f4170fb7c69b8e925756ef3b7334e28a33338b,"{""distance"":5,""physical_error_rate"":0.0001}","{""detection_events"":2588,""detectors_checked"":5748064}"
     24576,         0,         0,   0.170,exact_mw,70a969f5042aec17ac076c6379f4170fb7c69b8e925756ef3b7334e28a33338b,"{""distance"":5,""physical_error_rate"":0.0001}","{""detection_events"":2432,""detectors_checked"":5505024}"
     25600,         0,         0,   0.181,exact_mw,70a969f5042aec17ac076c6379f4170fb7c69b8e925756ef3b7334e28a33338b,"{""distance"":5,""physical_error_rate"":0.0001}","{""detection_events"":2574,""detectors_checked"":5734400}"
     23552,         0,         0,   0.160,exact_mw,70a969f5042aec17ac076c6379f4170fb7c69b8e925756ef3b7334e28a33338b,"{""distance"":5,""physical_error_rate"":0.0001}","{""detection_events"":2210,""detectors_checked"":5275648}"
     19456,         0,         0,   0.173,exact_mw,70a969f5042aec17ac076c6379f4170fb7c69b8e925756ef3b7334e28a33338b,"{""distance"":5,""physical_error_rate"":0.0001}","{""detection_events"":1833,""detectors_checked"":4358144}"
       347,         0,         0,   0.001,exact_mw,70a969f5042aec17ac076c6379f4170fb7c69b8e925756ef3b7334e28a33338b,"{""distance"":5,""physical_error_rate"":0.0001}","{""detection_events"":36,""detectors_checked"":77728}"
     24576,         0,         0,   0.172,exact_mw,70a969f5042aec17ac076c6379f4170fb7c69b8e925756ef3b7334e28a33338b,"{""distance"":5,""physical_error_rate"":0.0001}","{""detection_events"":2419,""detectors_checked"":5505024}"
     25600,         0,         0,   0.191,exact_mw,70a969f5042aec17ac076c6379f4170fb7c69b8e925756ef3b7334e28a33338b,"{""distance"":5,""physical_error_rate"":0.0001}","{""detection_events"":2608,""detectors_checked"":5734400}"
     18432,         0,         0,   0.195,exact_mw,70a969f5042aec17ac076c6379f4170fb7c69b8e925756ef3b7334e28a33338b,"{""distance"":5,""physical_error_rate"":0.0001}","{""detection_events"":1667,""detectors_checked"":4128768}"
        61,         0,         0,   0.000,exact_mw,70a969f5042aec17ac076c6379f4170fb7c69b8e925756ef3b7334e28a33338b,"{""distance"":5,""physical_error_rate"":0.0001}","{""detection_events"":8,""detectors_checked"":13664}"
      5120,         0,         0,   0.055,exact_mw,70a969f5042aec17ac076c6379f4170fb7c69b8e925756ef3b7334e28a33338b,"{""distance"":5,""physical_error_rate"":0.0001}","{""detection_events"":546,""detectors_checked"":1146880}"
      1085,         0,         0,   0.004,exact_mw,70a969f5042aec17ac076c6379f4170fb7c69b8e925756ef3b7334e28a33338b,"{""distance"":5,""physical_error_rate"":0.0001}","{""detection_events"":113,""detectors_checked"":243040}"
      1125,         0,         0,   0.004,exact_mw,70a969f5042aec17ac076c6379f4170fb7c69b8e925756ef3b7334e28a33338b,"{""distance"":5,""physical_error_rate"":0.0001}","{""detection_events"":118,""detectors_checked"":252000}"
        61,         0,         0,   0.000,exact_mw,70a969f5042aec17ac076c6379f4170fb7c69b8e925756ef3b7334e28a33338b,"{""distance"":5,""physical_error_rate"":0.0001}","{""detection_events"":2,""detectors_checked"":13664}"
      1762,         0,         0,   0.006,exact_mw,70a969f5042aec17ac076c6379f4170fb7c69b8e925756ef3b7334e28a33338b,"{""distance"":5,""physical_error_rate"":0.0001}","{""detection_events"":186,""detectors_checked"":394688}"
     20480,         0,         0,   0.185,exact_mw,70a969f5042aec17ac076c6379f4170fb7c69b8e925756ef3b7334e28a33338b,"{""distance"":5,""physical_error_rate"":0.0001}","{""detection_events"":1925,""detectors_checked"":4587520}"
      1762,         0,         0,   0.006,exact_mw,70a969f5042aec17ac076c6379f4170fb7c69b8e925756ef3b7334e28a33338b,"{""distance"":5,""physical_error_rate"":0.0001}","{""detection_events"":157,""detectors_checked"":394688}"
     22528,         0,         0,   0.183,exact_mw,70a969f5042aec17ac076c6379f4170fb7c69b8e925756ef3b7334e28a33338b,"{""distance"":5,""physical_error_rate"":0.0001}","{""detection_events"":2218,""detectors_checked"":5046272}"
      1762,         0,         0,   0.006,exact_mw,70a969f5042aec17ac076c6379f4170fb7c69b8e925756ef3b7334e28a33338b,"{""distance"":5,""physical_error_rate"":0.0001}","{""detection_events"":178,""detectors_checked"":394688}"
      1762,         0,         0,   0.006,exact_mw,70a969f5042aec17ac076c6379f4170fb7c69b8e925756ef3b7334e28a33338b,"{""distance"":5,""physical_error_rate"":0.0001}","{""detection_events"":207,""detectors_checked"":394688}"
     19456,         0,         0,   0.188,exact_mw,70a969f5042aec17ac076c6379f4170fb7c69b8e925756ef3b7334e28a33338b,"{""distance"":5,""physical_error_rate"":0.0001}","{""detection_events"":1899,""detectors_checked"":4358144}"
      1762,         0,         0,   0.007,exact_mw,70a969f5042aec17ac076c6379f4170fb7c69b8e925756ef3b7334e28a33338b,"{""distance"":5,""physical_error_rate"":0.0001}","{""detection_events"":195,""detectors_checked"":394688}"
      1762,         0,         0,   0.007,exact_mw,70a969f5042aec17ac076c6379f4170fb7c69b8e925756ef3b7334e28a33338b,"{""distance"":5,""physical_error_rate"":0.0001}","{""detection_events"":171,""detectors_checked"":394688}"
     20480,         0,         0,   0.196,exact_mw,70a969f5042aec17ac076c6379f4170fb7c69b8e925756ef3b7334e28a33338b,"{""distance"":5,""physical_error_rate"":0.0001}","{""detection_events"":1993,""detectors_checked"":4587520}"
     21504,         0,         0,   0.208,exact_mw,70a969f5042aec17ac076c6379f4170fb7c69b8e925756ef3b7334e28a33338b,"{""distance"":5,""physical_error_rate"":0.0001}","{""detection_events"":2197,""detectors_checked"":4816896}"
     21504,         0,         0,   0.171,exact_mw,70a969f5042aec17ac076c6379f4170fb7c69b8e925756ef3b7334e28a33338b,"{""distance"":5,""physical_error_rate"":0.0001}","{""detection_events"":2211,""detectors_checked"":4816896}"
      1762,         0,         0,   0.007,exact_mw,70a969f5042aec17ac076c6379f4170fb7c69b8e925756ef3b7334e28a33338b,"{""distance"":5,""physical_error_rate"":0.0001}","{""detection_events"":165,""detectors_checked"":394688}"
       270,         0,         0,   0.001,exact_mw,70a969f5042aec17ac076c6379f4170fb7c69b8e925756ef3b7334e28a33338b,"{""distance"":5,""physical_error_rate"":0.0001}","{""detection_events"":12,""detectors_checked"":60480}"
        65,         0,         0,   0.000,exact_mw,70a969f5042aec17ac076c6379f4170fb7c69b8e925756ef3b7334e28a33338b,"{""distance"":5,""physical_error_rate"":0.0001}","{""detection_events"":10,""detectors_checked"":14560}"
       313,         0,         0,   0.001,exact_mw,70a969f5042aec17ac076c6379f4170fb7c69b8e925756ef3b7334e28a33338b,"{""distance"":5,""physical_error_rate"":0.0001}","{""detection_events"":26,""detectors_checked"":70112}"
      1762,         0,         0,   0.006,exact_mw,70a969f5042aec17ac076c6379f4170fb7c69b8e925756ef3b7334e28a33338b,"{""distance"":5,""physical_error_rate"":0.0001}","{""detection_events"":161,""detectors_checked"":394688}"
      1371,         0,         0,   0.005,exact_mw,70a969f5042aec17ac076c6379f4170fb7c69b8e925756ef3b7334e28a33338b,"{""distance"":5,""physical_error_rate"":0.0001}","{""detection_events"":142,""detectors_checked"":307104}"
     21504,         0,         0,   0.182,exact_mw,70a969f5042aec17ac076c6379f4170fb7c69b8e925756ef3b7334e28a33338b,"{""distance"":5,""physical_error_rate"":0.0001}","{""detection_events"":1921,""detectors_checked"":4816896}"
      5514,         0,         0,   0.021,exact_mw,70a969f5042aec17ac076c6379f4170fb7c69b8e925756ef3b7334e28a33338b,"{""distance"":5,""physical_error_rate"":0.0001}","{""detection_events"":613,""detectors_checked"":1235136}"
      1085,         0,         0,   0.004,exact_mw,70a969f5042aec17ac076c6379f4170fb7c69b8e925756ef3b7334e28a33338b,"{""distance"":5,""physical_error_rate"":0.0001}","{""detection_events"":137,""detectors_checked"":243040}"
     14312,         0,         0,   0.103,exact_mw,70a969f5042aec17ac076c6379f4170fb7c69b8e925756ef3b7334e28a33338b,"{""distance"":5,""physical_error_rate"":0.0001}","{""detection_events"":1503,""detectors_checked"":3205888}"
      1762,         0,         0,   0.006,exact_mw,70a969f5042aec17ac076c6379f4170fb7c69b8e925756ef3b7334e28a33338b,"{""distance"":5,""physical_error_rate"":0.0001}","{""detection_events"":174,""detectors_checked"":394688}"
      2923,         0,         0,   0.011,exact_mw,70a969f5042aec17ac076c6379f4170fb7c69b8e925756ef3b7334e28a33338b,"{""distance"":5,""physical_error_rate"":0.0001}","{""detection_events"":314,""detectors_checked"":654752}"
      1762,         0,         0,   0.006,exact_mw,70a969f5042aec17ac076c6379f4170fb7c69b8e925756ef3b7334e28a33338b,"{""distance"":5,""physical_error_rate"":0.0001}","{""detection_events"":234,""detectors_checked"":394688}"
      3419,         0,         0,   0.012,exact_mw,70a969f5042aec17ac076c6379f4170fb7c69b8e925756ef3b7334e28a33338b,"{""distance"":5,""physical_error_rate"":0.0001}","{""detection_events"":379,""detectors_checked"":765856}"
        61,         0,         0,   0.000,exact_mw,70a969f5042aec17ac076c6379f4170fb7c69b8e925756ef3b7334e28a33338b,"{""distance"":5,""physical_error_rate"":0.0001}","{""detection_events"":8,""detectors_checked"":13664}"
     21504,         0,         0,   0.201,exact_mw,70a969f5042aec17ac076c6379f4170fb7c69b8e925756ef3b7334e28a33338b,"{""distance"":5,""physical_error_rate"":0.0001}","{""detection_events"":2044,""detectors_checked"":4816896}"
      1762,         0,         0,   0.006,exact_mw,70a969f5042aec17ac076c6379f4170fb7c69b8e925756ef3b7334e28a33338b,"{""distance"":5,""physical_error_rate"":0.0001}","{""detection_events"":159,""detectors_checked"":394688}"
      1762,         0,         0,   0.006,exact_mw,70a969f5042aec17ac076c6379f4170fb7c69b8e925756ef3b7334e28a33338b,"{""distance"":5,""physical_error_rate"":0.0001}","{""detection_events"":156,""detectors_checked"":394688}"
       179,         0,         0,   0.001,exact_mw,70a969f5042aec17ac076c6379f4170fb7c69b8e925756ef3b7334e28a33338b,"{""distance"":5,""physical_error_rate"":0.0001}","{""detection_events"":16,""detectors_checked"":40096}"
     10240,         0,         0,   0.206,exact_mw,70a969f5042aec17ac076c6379f4170fb7c69b8e925756ef3b7334e28a33338b,"{""distance"":5,""physical_error_rate"":0.0001}","{""detection_events"":976,""detectors_checked"":2293760}"
      3419,         0,         0,   0.013,exact_mw,70a969f5042aec17ac076c6379f4170fb7c69b8e925756ef3b7334e28a33338b,"{""distance"":5,""physical_error_rate"":0.0001}","{""detection_events"":321,""detectors_checked"":765856}"
      2564,         0,         0,   0.010,exact_mw,70a969f5042aec17ac076c6379f4170fb7c69b8e925756ef3b7334e28a33338b,"{""distance"":5,""physical_error_rate"":0.0001}","{""detection_events"":260,""detectors_checked"":574336}"
     10240,         0,         0,   0.192,exact_mw,70a969f5042aec17ac076c6379f4170fb7c69b8e925756ef3b7334e28a33338b,"{""distance"":5,""physical_error_rate"":0.0001}","{""detection_events"":1038,""detectors_checked"":2293760}"
      4443,         0,         0,   0.017,exact_mw,70a969f5042aec17ac076c6379f4170fb7c69b8e925756ef3b7334e28a33338b,"{""distance"":5,""physical_error_rate"":0.0001}","{""detection_events"":410,""detectors_checked"":995232}"
      4443,         0,         0,   0.016,exact_mw,70a969f5042aec17ac076c6379f4170fb7c69b8e925756ef3b7334e28a33338b,"{""distance"":5,""physical_error_rate"":0.0001}","{""detection_events"":455,""detectors_checked"":995232}"
      2395,         0,         0,   0.014,exact_mw,70a969f5042aec17ac076c6379f4170fb7c69b8e925756ef3b7334e28a33338b,"{""distance"":5,""physical_error_rate"":0.0001}","{""detection_events"":263,""detectors_checked"":536480}"
      2395,         0,         0,   0.023,exact_mw,70a969f5042aec17ac076c6379f4170fb7c69b8e925756ef3b7334e28a33338b,"{""distance"":5,""physical_error_rate"":0.0001}","{""detection_events"":241,""detectors_checked"":536480}"
     10011,         0,         0,   0.085,exact_mw,70a969f5042aec17ac076c6379f4170fb7c69b8e925756ef3b7334e28a33338b,"{""distance"":5,""physical_error_rate"":0.0001}","{""detection_events"":1027,""detectors_checked"":2242464}"
      5120,         0,         0,   0.042,exact_mw,70a969f5042aec17ac076c6379f4170fb7c69b8e925756ef3b7334e28a33338b,"{""distance"":5,""physical_error_rate"":0.0001}","{""detection_events"":523,""detectors_checked"":1146880}"
       400,         0,         0,   0.002,exact_mw,70a969f5042aec17ac076c6379f4170fb7c69b8e925756ef3b7334e28a33338b,"{""distance"":5,""physical_error_rate"":0.0001}","{""detection_events"":31,""detectors_checked"":89600}"
      1344,         0,         0,   0.005,exact_mw,70a969f5042aec17ac076c6379f4170fb7c69b8e925756ef3b7334e28a33338b,"{""distance"":5,""physical_error_rate"":0.0001}","{""detection_events"":124,""detectors_checked"":301056}"
         8,         0,         0,   0.000,exact_mw,70a969f5042aec17ac076c6379f4170fb7c69b8e925756ef3b7334e28a33338b,"{""distance"":5,""physical_error_rate"":0.0001}","{""detectors_checked"":1792}"
      2090,         0,         0,   0.008,exact_mw,70a969f5042aec17ac076c6379f4170fb7c69b8e925756ef3b7334e28a33338b,"{""distance"":5,""physical_error_rate"":0.0001}","{""detection_events"":188,""detectors_checked"":468160}"
       674,         0,         0,   0.003,exact_mw,70a969f5042aec17ac076c6379f4170fb7c69b8e925756ef3b7334e28a33338b,"{""distance"":5,""physical_error_rate"":0.0001}","{""detection_events"":54,""detectors_checked"":150976}"
      1593,         0,         0,   0.006,exact_mw,70a969f5042aec17ac076c6379f4170fb7c69b8e925756ef3b7334e28a33338b,"{""distance"":5,""physical_error_rate"":0.0001}","{""detection_events"":180,""detectors_checked"":356832}"
      1135,         0,         0,   0.004,exact_mw,70a969f5042aec17ac076c6379f4170fb7c69b8e925756ef3b7334e28a33338b,"{""distance"":5,""physical_error_rate"":0.0001}","{""detection_events"":138,""detectors_checked"":254240}"
      2490,         0,         0,   0.009,exact_mw,70a969f5042aec17ac076c6379f4170fb7c69b8e925756ef3b7334e28a33338b,"{""distance"":5,""physical_error_rate"":0.0001}","{""detection_events"":247,""detectors_checked"":557760}"
      1135,         0,         0,   0.004,exact_mw,70a969f5042aec17ac076c6379f4170fb7c69b8e925756ef3b7334e28a33338b,"{""distance"":5,""physical_error_rate"":0.0001}","{""detection_events"":101,""detectors_checked"":254240}"
      2048,         0,         0,   0.008,exact_mw,70a969f5042aec17ac076c6379f4170fb7c69b8e925756ef3b7334e28a33338b,"{""distance"":5,""physical_error_rate"":0.0001}","{""detection_events"":215,""detectors_checked"":458752}"
      2490,         0,         0,   0.009,exact_mw,70a969f5042aec17ac076c6379f4170fb7c69b8e925756ef3b7334e28a33338b,"{""distance"":5,""physical_error_rate"":0.0001}","{""detection_events"":207,""detectors_checked"":557760}"
      4096,         0,         0,   0.015,exact_mw,70a969f5042aec17ac076c6379f4170fb7c69b8e925756ef3b7334e28a33338b,"{""distance"":5,""physical_error_rate"":0.0001}","{""detection_events"":434,""detectors_checked"":917504}"
       107,         0,         0,   0.001,exact_mw,70a969f5042aec17ac076c6379f4170fb7c69b8e925756ef3b7334e28a33338b,"{""distance"":5,""physical_error_rate"":0.0001}","{""detection_events"":6,""detectors_checked"":23968}"
       107,         0,         0,   0.001,exact_mw,70a969f5042aec17ac076c6379f4170fb7c69b8e925756ef3b7334e28a33338b,"{""distance"":5,""physical_error_rate"":0.0001}","{""detection_events"":11,""detectors_checked"":23968}"
       173,         0,         0,   0.001,exact_mw,70a969f5042aec17ac076c6379f4170fb7c69b8e925756ef3b7334e28a33338b,"{""distance"":5,""physical_error_rate"":0.0001}","{""detection_events"":17,""detectors_checked"":38752}"
       107,         0,         0,   0.001,exact_mw,70a969f5042aec17ac076c6379f4170fb7c69b8e925756ef3b7334e28a33338b,"{""distance"":5,""physical_error_rate"":0.0001}","{""detection_events"":22,""detectors_checked"":23968}"
      1024,         0,         0,   0.004,exact_mw,70a969f5042aec17ac076c6379f4170fb7c69b8e925756ef3b7334e28a33338b,"{""distance"":5,""physical_error_rate"":0.0001}","{""detection_events"":136,""detectors_checked"":229376}"
       356,         0,         0,   0.002,exact_mw,70a969f5042aec17ac076c6379f4170fb7c69b8e925756ef3b7334e28a33338b,"{""distance"":5,""physical_error_rate"":0.0001}","{""detection_events"":23,""detectors_checked"":79744}"
      1024,         0,         0,   0.004,exact_mw,70a969f5042aec17ac076c6379f4170fb7c69b8e925756ef3b7334e28a33338b,"{""distance"":5,""physical_error_rate"":0.0001}","{""detection_events"":65,""detectors_checked"":229376}"
      1024,         0,         0,   0.004,exact_mw,70a969f5042aec17ac076c6379f4170fb7c69b8e925756ef3b7334e28a33338b,"{""distance"":5,""physical_error_rate"":0.0001}","{""detection_events"":118,""detectors_checked"":229376}"
       107,         0,         0,   0.001,exact_mw,70a969f5042aec17ac076c6379f4170fb7c69b8e925756ef3b7334e28a33338b,"{""distance"":5,""physical_error_rate"":0.0001}","{""detection_events"":16,""detectors_checked"":23968}"
       339,         0,         0,   0.001,exact_mw,70a969f5042aec17ac076c6379f4170fb7c69b8e925756ef3b7334e28a33338b,"{""distance"":5,""physical_error_rate"":0.0001}","{""detection_events"":58,""detectors_checked"":75936}"
       139,         0,         0,   0.001,exact_mw,70a969f5042aec17ac076c6379f4170fb7c69b8e925756ef3b7334e28a33338b,"{""distance"":5,""physical_error_rate"":0.0001}","{""detection_events"":13,""detectors_checked"":31136}"
       107,         0,         0,   0.001,exact_mw,70a969f5042aec17ac076c6379f4170fb7c69b8e925756ef3b7334e28a33338b,"{""distance"":5,""physical_error_rate"":0.0001}","{""detection_events"":16,""detectors_checked"":23968}"
      1024,         0,         0,   0.004,exact_mw,70a969f5042aec17ac076c6379f4170fb7c69b8e925756ef3b7334e28a33338b,"{""distance"":5,""physical_error_rate"":0.0001}","{""detection_events"":104,""detectors_checked"":229376}"
      1024,         0,         0,   0.004,exact_mw,70a969f5042aec17ac076c6379f4170fb7c69b8e925756ef3b7334e28a33338b,"{""distance"":5,""physical_error_rate"":0.0001}","{""detection_events"":85,""detectors_checked"":229376}"
      1024,         0,         0,   0.004,exact_mw,70a969f5042aec17ac076c6379f4170fb7c69b8e925756ef3b7334e28a33338b,"{""distance"":5,""physical_error_rate"":0.0001}","{""detection_events"":96,""detectors_checked"":229376}"
      1070,         0,         0,   0.004,exact_mw,70a969f5042aec17ac076c6379f4170fb7c69b8e925756ef3b7334e28a33338b,"{""distance"":5,""physical_error_rate"":0.0001}","{""detection_events"":98,""detectors_checked"":239680}"
       306,         0,         0,   0.001,exact_mw,70a969f5042aec17ac076c6379f4170fb7c69b8e925756ef3b7334e28a33338b,"{""distance"":5,""physical_error_rate"":0.0001}","{""detection_events"":27,""detectors_checked"":68544}"
        50,         0,         0,   0.000,exact_mw,70a969f5042aec17ac076c6379f4170fb7c69b8e925756ef3b7334e28a33338b,"{""distance"":5,""physical_error_rate"":0.0001}","{""detectors_checked"":11200}"
       139,         0,         0,   0.001,exact_mw,70a969f5042aec17ac076c6379f4170fb7c69b8e925756ef3b7334e28a33338b,"{""distance"":5,""physical_error_rate"":0.0001}","{""detection_events"":12,""detectors_checked"":31136}"
       305,         0,         0,   0.001,exact_mw,70a969f5042aec17ac076c6379f4170fb7c69b8e925756ef3b7334e28a33338b,"{""distance"":5,""physical_error_rate"":0.0001}","{""detection_events"":29,""detectors_checked"":68320}"
       139,         0,         0,   0.001,exact_mw,70a969f5042aec17ac076c6379f4170fb7c69b8e925756ef3b7334e28a33338b,"{""distance"":5,""physical_error_rate"":0.0001}","{""detection_events"":19,""detectors_checked"":31136}"
       442,         0,         0,   0.002,exact_mw,70a969f5042aec17ac076c6379f4170fb7c69b8e925756ef3b7334e28a33338b,"{""distance"":5,""physical_error_rate"":0.0001}","{""detection_events"":52,""detectors_checked"":99008}"
       400,         0,         0,   0.002,exact_mw,70a969f5042aec17ac076c6379f4170fb7c69b8e925756ef3b7334e28a33338b,"{""distance"":5,""physical_error_rate"":0.0001}","{""detection_events"":18,""detectors_checked"":89600}"
       964,         0,         0,   0.004,exact_mw,70a969f5042aec17ac076c6379f4170fb7c69b8e925756ef3b7334e28a33338b,"{""distance"":5,""physical_error_rate"":0.0001}","{""detection_events"":81,""detectors_checked"":215936}"
       139,         0,         0,   0.001,exact_mw,70a969f5042aec17ac076c6379f4170fb7c69b8e925756ef3b7334e28a33338b,"{""distance"":5,""physical_error_rate"":0.0001}","{""detection_events"":19,""detectors_checked"":31136}"
       786,         0,         0,   0.003,exact_mw,70a969f5042aec17ac076c6379f4170fb7c69b8e925756ef3b7334e28a33338b,"{""distance"":5,""physical_error_rate"":0.0001}","{""detection_events"":71,""detectors_checked"":176064}"
       455,         0,         0,   0.002,exact_mw,70a969f5042aec17ac076c6379f4170fb7c69b8e925756ef3b7334e28a33338b,"{""distance"":5,""physical_error_rate"":0.0001}","{""detection_events"":52,""detectors_checked"":101920}"
       394,         0,         0,   0.002,exact_mw,70a969f5042aec17ac076c6379f4170fb7c69b8e925756ef3b7334e28a33338b,"{""distance"":5,""physical_error_rate"":0.0001}","{""detection_events"":46,""detectors_checked"":88256}"
       522,         0,         0,   0.002,exact_mw,70a969f5042aec17ac076c6379f4170fb7c69b8e925756ef3b7334e28a33338b,"{""distance"":5,""physical_error_rate"":0.0001}","{""detection_events"":55,""detectors_checked"":116928}"
      1049,         0,         0,   0.004,exact_mw,70a969f5042aec17ac076c6379f4170fb7c69b8e925756ef3b7334e28a33338b,"{""distance"":5,""physical_error_rate"":0.0001}","{""detection_events"":104,""detectors_checked"":234976}"
       139,         0,         0,   0.001,exact_mw,70a969f5042aec17ac076c6379f4170fb7c69b8e925756ef3b7334e28a33338b,"{""distance"":5,""physical_error_rate"":0.0001}","{""detection_events"":1,""detectors_checked"":31136}"
        11,         0,         0,   0.000,exact_mw,70a969f5042aec17ac076c6379f4170fb7c69b8e925756ef3b7334e28a33338b,"{""distance"":5,""physical_error_rate"":0.0001}","{""detection_events"":3,""detectors_checked"":2464}"
       166,         0,         0,   0.001,exact_mw,70a969f5042aec17ac076c6379f4170fb7c69b8e925756ef3b7334e28a33338b,"{""distance"":5,""physical_error_rate"":0.0001}","{""detection_events"":30,""detectors_checked"":37184}"
       455,         0,         0,   0.002,exact_mw,70a969f5042aec17ac076c6379f4170fb7c69b8e925756ef3b7334e28a33338b,"{""distance"":5,""physical_error_rate"":0.0001}","{""detection_events"":32,""detectors_checked"":101920}"
        49,         0,         0,   0.000,exact_mw,70a969f5042aec17ac076c6379f4170fb7c69b8e925756ef3b7334e28a33338b,"{""distance"":5,""physical_error_rate"":0.0001}","{""detection_events"":5,""detectors_checked"":10976}"
       372,         0,         0,   0.001,exact_mw,70a969f5042aec17ac076c6379f4170fb7c69b8e925756ef3b7334e28a33338b,"{""distance"":5,""physical_error_rate"":0.0001}","{""detection_events"":53,""detectors_checked"":83328}"
       372,         0,         0,   0.001,exact_mw,70a969f5042aec17ac076c6379f4170fb7c69b8e925756ef3b7334e28a33338b,"{""distance"":5,""physical_error_rate"":0.0001}","{""detection_events"":29,""detectors_checked"":83328}"
       340,         0,         0,   0.001,exact_mw,70a969f5042aec17ac076c6379f4170fb7c69b8e925756ef3b7334e28a33338b,"{""distance"":5,""physical_error_rate"":0.0001}","{""detection_events"":36,""detectors_checked"":76160}"
       307,         0,         0,   0.001,exact_mw,70a969f5042aec17ac076c6379f4170fb7c69b8e925756ef3b7334e28a33338b,"{""distance"":5,""physical_error_rate"":0.0001}","{""detection_events"":25,""detectors_checked"":68768}"
        64,         0,         0,   0.000,exact_mw,70a969f5042aec17ac076c6379f4170fb7c69b8e925756ef3b7334e28a33338b,"{""distance"":5,""physical_error_rate"":0.0001}","{""detection_events"":3,""detectors_checked"":14336}"
        11,         0,         0,   0.000,exact_mw,70a969f5042aec17ac076c6379f4170fb7c69b8e925756ef3b7334e28a33338b,"{""distance"":5,""physical_error_rate"":0.0001}","{""detection_events"":1,""detectors_checked"":2464}"
        35,         0,         0,   0.000,exact_mw,70a969f5042aec17ac076c6379f4170fb7c69b8e925756ef3b7334e28a33338b,"{""distance"":5,""physical_error_rate"":0.0001}","{""detection_events"":1,""detectors_checked"":7840}"
         3,         0,         0,   0.000,exact_mw,70a969f5042aec17ac076c6379f4170fb7c69b8e925756ef3b7334e28a33338b,"{""distance"":5,""physical_error_rate"":0.0001}","{""detectors_checked"":672}"
       307,         0,         0,   0.001,exact_mw,70a969f5042aec17ac076c6379f4170fb7c69b8e925756ef3b7334e28a33338b,"{""distance"":5,""physical_error_rate"":0.0001}","{""detection_events"":20,""detectors_checked"":68768}"
         3,         0,         0,   0.000,exact_mw,70a969f5042aec17ac076c6379f4170fb7c69b8e925756ef3b7334e28a33338b,"{""distance"":5,""physical_error_rate"":0.0001}","{""detectors_checked"":672}"
        32,         0,         0,   0.000,exact_mw,70a969f5042aec17ac076c6379f4170fb7c69b8e925756ef3b7334e28a33338b,"{""distance"":5,""physical_error_rate"":0.0001}","{""detection_events"":2,""detectors_checked"":7168}"
        32,         0,         0,   0.000,exact_mw,70a969f5042aec17ac076c6379f4170fb7c69b8e925756ef3b7334e28a33338b,"{""distance"":5,""physical_error_rate"":0.0001}","{""detection_events"":1,""detectors_checked"":7168}"
       178,         0,         0,   0.001,exact_mw,70a969f5042aec17ac076c6379f4170fb7c69b8e925756ef3b7334e28a33338b,"{""distance"":5,""physical_error_rate"":0.0001}","{""detection_events"":35,""detectors_checked"":39872}"
       221,         0,         0,   0.001,exact_mw,70a969f5042aec17ac076c6379f4170fb7c69b8e925756ef3b7334e28a33338b,"{""distance"":5,""physical_error_rate"":0.0001}","{""detection_events"":13,""detectors_checked"":49504}"
       117,         0,         0,   0.001,exact_mw,70a969f5042aec17ac076c6379f4170fb7c69b8e925756ef3b7334e28a33338b,"{""distance"":5,""physical_error_rate"":0.0001}","{""detection_events"":12,""detectors_checked"":26208}"
        27,         0,         0,   0.000,exact_mw,70a969f5042aec17ac076c6379f4170fb7c69b8e925756ef3b7334e28a33338b,"{""distance"":5,""physical_error_rate"":0.0001}","{""detection_events"":2,""detectors_checked"":6048}"
       340,         0,         0,   0.001,exact_mw,70a969f5042aec17ac076c6379f4170fb7c69b8e925756ef3b7334e28a33338b,"{""distance"":5,""physical_error_rate"":0.0001}","{""detection_events"":19,""detectors_checked"":76160}"
         5,         0,         0,   0.000,exact_mw,70a969f5042aec17ac076c6379f4170fb7c69b8e925756ef3b7334e28a33338b,"{""distance"":5,""physical_error_rate"":0.0001}","{""detectors_checked"":1120}"
        33,         0,         0,   0.000,exact_mw,70a969f5042aec17ac076c6379f4170fb7c69b8e925756ef3b7334e28a33338b,"{""distance"":5,""physical_error_rate"":0.0001}","{""detection_events"":3,""detectors_checked"":7392}"
        32,         0,         0,   0.000,exact_mw,70a969f5042aec17ac076c6379f4170fb7c69b8e925756ef3b7334e28a33338b,"{""distance"":5,""physical_error_rate"":0.0001}","{""detection_events"":2,""detectors_checked"":7168}"
         4,         0,         0,   0.000,exact_mw,70a969f5042aec17ac076c6379f4170fb7c69b8e925756ef3b7334e28a33338b,"{""distance"":5,""physical_error_rate"":0.0001}","{""detectors_checked"":896}"
         2,         0,         0,   0.000,exact_mw,70a969f5042aec17ac076c6379f4170fb7c69b8e925756ef3b7334e28a33338b,"{""distance"":5,""physical_error_rate"":0.0001}","{""detectors_checked"":448}"
        20,         0,         0,   0.000,exact_mw,70a969f5042aec17ac076c6379f4170fb7c69b8e925756ef3b7334e28a33338b,"{""distance"":5,""physical_error_rate"":0.0001}","{""detectors_checked"":4480}"
        20,         0,         0,   0.000,exact_mw,70a969f5042aec17ac076c6379f4170fb7c69b8e925756ef3b7334e28a33338b,"{""distance"":5,""physical_error_rate"":0.0001}","{""detection_events"":2,""detectors_checked"":4480}"
         4,         0,         0,   0.000,exact_mw,70a969f5042aec17ac076c6379f4170fb7c69b8e925756ef3b7334e28a33338b,"{""distance"":5,""physical_error_rate"":0.0001}","{""detectors_checked"":896}"
         1,         0,         0,   0.000,exact_mw,70a969f5042aec17ac076c6379f4170fb7c69b8e925756ef3b7334e28a33338b,"{""distance"":5,""physical_error_rate"":0.0001}","{""detectors_checked"":224}"
         1,         0,         0,   0.000,exact_mw,70a969f5042aec17ac076c6379f4170fb7c69b8e925756ef3b7334e28a33338b,"{""distance"":5,""physical_error_rate"":0.0001}","{""detectors_checked"":224}"
         1,         0,         0,   0.000,exact_mw,70a969f5042aec17ac076c6379f4170fb7c69b8e925756ef3b7334e28a33338b,"{""distance"":5,""physical_error_rate"":0.0001}","{""detectors_checked"":224}"
         1,         0,         0,   0.000,exact_mw,70a969f5042aec17ac076c6379f4170fb7c69b8e925756ef3b7334e28a33338b,"{""distance"":5,""physical_error_rate"":0.0001}","{""detectors_checked"":224}"
         1,         0,         0,   0.000,exact_mw,70a969f5042aec17ac076c6379f4170fb7c69b8e925756ef3b7334e28a33338b,"{""distance"":5,""physical_error_rate"":0.0001}","{""detection_events"":2,""detectors_checked"":224}"
         1,         0,         0,   0.000,exact_mw,70a969f5042aec17ac076c6379f4170fb7c69b8e925756ef3b7334e28a33338b,"{""distance"":5,""physical_error_rate"":0.0001}","{""detectors_checked"":224}"
         1,         0,         0,   0.000,exact_mw,70a969f5042aec17ac076c6379f4170fb7c69b8e925756ef3b7334e28a33338b,"{""distance"":5,""physical_error_rate"":0.0001}","{""detectors_checked"":224}"
         1,         0,         0,   0.000,exact_mw,70a969f5042aec17ac076c6379f4170fb7c69b8e925756ef3b7334e28a33338b,"{""distance"":5,""physical_error_rate"":0.0001}","{""detectors_checked"":224}"
         1,         0,         0,   0.000,exact_mw,70a969f5042aec17ac076c6379f4170fb7c69b8e925756ef3b7334e28a33338b,"{""distance"":5,""physical_error_rate"":0.0001}","{""detectors_checked"":224}"
         1,         0,         0,   0.000,exact_mw,70a969f5042aec17ac076c6379f4170fb7c69b8e925756ef3b7334e28a33338b,"{""distance"":5,""physical_error_rate"":0.0001}","{""detectors_checked"":224}"
         1,         0,         0,   0.000,exact_mw,70a969f5042aec17ac076c6379f4170fb7c69b8e925756ef3b7334e28a33338b,"{""distance"":5,""physical_error_rate"":0.0001}","{""detectors_checked"":224}"
         1,         0,         0,   0.000,exact_mw,70a969f5042aec17ac076c6379f4170fb7c69b8e925756ef3b7334e28a33338b,"{""distance"":5,""physical_error_rate"":0.0001}","{""detectors_checked"":224}"
         1,         0,         0,   0.000,exact_mw,70a969f5042aec17ac076c6379f4170fb7c69b8e925756ef3b7334e28a33338b,"{""distance"":5,""physical_error_rate"":0.0001}","{""detectors_checked"":224}"
         1,         0,         0,   0.000,exact_mw,70a969f5042aec17ac076c6379f4170fb7c69b8e925756ef3b7334e28a33338b,"{""distance"":5,""physical_error_rate"":0.0001}","{""detectors_checked"":224}"
         1,         0,         0,   0.000,exact_mw,70a969f5042aec17ac076c6379f4170fb7c69b8e925756ef3b7334e28a33338b,"{""distance"":5,""physical_error_rate"":0.0001}","{""detectors_checked"":224}"
         1,         0,         0,   0.000,exact_mw,70a969f5042aec17ac076c6379f4170fb7c69b8e925756ef3b7334e28a33338b,"{""distance"":5,""physical_error_rate"":0.0001}","{""detectors_checked"":224}"
   5412864,         1,         0,    61.9,exact_mw,cb12ae119b9b2ba18d0216e7235b403229e92fd0743ede48fe7f1a2c6f45d594,"{""distance"":5,""physical_error_rate"":0.0005}","{""detection_events"":2662362,""detectors_checked"":1212481536,""obs_mistake_mask=E"":1}"
   3599360,         3,         0,    57.8,exact_mw,cb12ae119b9b2ba18d0216e7235b403229e92fd0743ede48fe7f1a2c6f45d594,"{""distance"":5,""physical_error_rate"":0.0005}","{""detection_events"":1773555,""detectors_checked"":806256640,""obs_mistake_mask=E"":3}"
    165888,         0,         0,    1.55,exact_mw,cb12ae119b9b2ba18d0216e7235b403229e92fd0743ede48fe7f1a2c6f45d594,"{""distance"":5,""physical_error_rate"":0.0005}","{""detection_events"":81993,""detectors_checked"":37158912}"
         1,         0,         0,   0.000,exact_mw,cb12ae119b9b2ba18d0216e7235b403229e92fd0743ede48fe7f1a2c6f45d594,"{""distance"":5,""physical_error_rate"":0.0005}","{""detectors_checked"":224}"
         1,         0,         0,   0.000,exact_mw,cb12ae119b9b2ba18d0216e7235b403229e92fd0743ede48fe7f1a2c6f45d594,"{""distance"":5,""physical_error_rate"":0.0005}","{""detection_events"":5,""detectors_checked"":224}"
      1296,         0,         0,   0.018,exact_mw,cb12ae119b9b2ba18d0216e7235b403229e92fd0743ede48fe7f1a2c6f45d594,"{""distance"":5,""physical_error_rate"":0.0005}","{""detection_events"":681,""detectors_checked"":290304}"
      1296,         0,         0,   0.021,exact_mw,cb12ae119b9b2ba18d0216e7235b403229e92fd0743ede48fe7f1a2c6f45d594,"{""distance"":5,""physical_error_rate"":0.0005}","{""detection_events"":572,""detectors_checked"":290304}"
      2048,         0,         0,   0.026,exact_mw,cb12ae119b9b2ba18d0216e7235b403229e92fd0743ede48fe7f1a2c6f45d594,"{""distance"":5,""physical_error_rate"":0.0005}","{""detection_events"":1033,""detectors_checked"":458752}"
    117760,         0,         0,    1.53,exact_mw,cb12ae119b9b2ba18d0216e7235b403229e92fd0743ede48fe7f1a2c6f45d594,"{""distance"":5,""physical_error_rate"":0.0005}","{""detection_events"":57731,""detectors_checked"":26378240}"
      2048,         0,         0,   0.030,exact_mw,cb12ae119b9b2ba18d0216e7235b403229e92fd0743ede48fe7f1a2c6f45d594,"{""distance"":5,""physical_error_rate"":0.0005}","{""detection_events"":1042,""detectors_checked"":458752}"
      2048,         0,         0,   0.028,exact_mw,cb12ae119b9b2ba18d0216e7235b403229e92fd0743ede48fe7f1a2c6f45d594,"{""distance"":5,""physical_error_rate"":0.0005}","{""detection_events"":1034,""detectors_checked"":458752}"
      3072,         0,         0,   0.023,exact_mw,cb12ae119b9b2ba18d0216e7235b403229e92fd0743ede48fe7f1a2c6f45d594,"{""distance"":5,""physical_error_rate"":0.0005}","{""detection_events"":1548,""detectors_checked"":688128}"
      2048,         0,         0,   0.048,exact_mw,cb12ae119b9b2ba18d0216e7235b403229e92fd0743ede48fe7f1a2c6f45d594,"{""distance"":5,""physical_error_rate"":0.0005}","{""detection_events"":994,""detectors_checked"":458752}"
      5120,         0,         0,   0.054,exact_mw,cb12ae119b9b2ba18d0216e7235b403229e92fd0743ede48fe7f1a2c6f45d594,"{""distance"":5,""physical_error_rate"":0.0005}","{""detection_events"":2482,""detectors_checked"":1146880}"
    145408,         0,         0,    1.50,exact_mw,cb12ae119b9b2ba18d0216e7235b403229e92fd0743ede48fe7f1a2c6f45d594,"{""distance"":5,""physical_error_rate"":0.0005}","{""detection_events"":71816,""detectors_checked"":32571392}"
      4096,         0,         0,   0.054,exact_mw,cb12ae119b9b2ba18d0216e7235b403229e92fd0743ede48fe7f1a2c6f45d594,"{""distance"":5,""physical_error_rate"":0.0005}","{""detection_events"":1909,""detectors_checked"":917504}"
    140288,         0,         0,    1.51,exact_mw,cb12ae119b9b2ba18d0216e7235b403229e92fd0743ede48fe7f1a2c6f45d594,"{""distance"":5,""physical_error_rate"":0.0005}","{""detection_events"":68621,""detectors_checked"":31424512}"
      4096,         0,         0,   0.076,exact_mw,cb12ae119b9b2ba18d0216e7235b403229e92fd0743ede48fe7f1a2c6f45d594,"{""distance"":5,""physical_error_rate"":0.0005}","{""detection_events"":1995,""detectors_checked"":917504}"
      5120,         0,         0,   0.083,exact_mw,cb12ae119b9b2ba18d0216e7235b403229e92fd0743ede48fe7f1a2c6f45d594,"{""distance"":5,""physical_error_rate"":0.0005}","{""detection_events"":2462,""detectors_checked"":1146880}"
      2321,         0,         0,   0.012,exact_mw,cb12ae119b9b2ba18d0216e7235b403229e92fd0743ede48fe7f1a2c6f45d594,"{""distance"":5,""physical_error_rate"":0.0005}","{""detection_events"":1252,""detectors_checked"":519904}"
      7168,         0,         0,   0.077,exact_mw,cb12ae119b9b2ba18d0216e7235b403229e92fd0743ede48fe7f1a2c6f45d594,"{""distance"":5,""physical_error_rate"":0.0005}","{""detection_events"":3434,""detectors_checked"":1605632}"
      1024,         0,         0,   0.005,exact_mw,cb12ae119b9b2ba18d0216e7235b403229e92fd0743ede48fe7f1a2c6f45d594,"{""distance"":5,""physical_error_rate"":0.0005}","{""detection_events"":437,""detectors_checked"":229376}"
      3072,         0,         0,   0.029,exact_mw,cb12ae119b9b2ba18d0216e7235b403229e92fd0743ede48fe7f1a2c6f45d594,"{""distance"":5,""physical_error_rate"":0.0005}","{""detection_events"":1426,""detectors_checked"":688128}"
      6144,         0,         0,   0.105,exact_mw,cb12ae119b9b2ba18d0216e7235b403229e92fd0743ede48fe7f1a2c6f45d594,"{""distance"":5,""physical_error_rate"":0.0005}","{""detection_events"":2957,""detectors_checked"":1376256}"
      3072,         0,         0,   0.030,exact_mw,cb12ae119b9b2ba18d0216e7235b403229e92fd0743ede48fe7f1a2c6f45d594,"{""distance"":5,""physical_error_rate"":0.0005}","{""detection_events"":1537,""detectors_checked"":688128}"
     12288,         0,         0,   0.108,exact_mw,cb12ae119b9b2ba18d0216e7235b403229e92fd0743ede48fe7f1a2c6f45d594,"{""distance"":5,""physical_error_rate"":0.0005}","{""detection_events"":6194,""detectors_checked"":2752512}"
      6144,         0,         0,   0.057,exact_mw,cb12ae119b9b2ba18d0216e7235b403229e92fd0743ede48fe7f1a2c6f45d594,"{""distance"":5,""physical_error_rate"":0.0005}","{""detection_events"":3156,""detectors_checked"":1376256}"
      6144,         0,         0,   0.054,exact_mw,cb12ae119b9b2ba18d0216e7235b403229e92fd0743ede48fe7f1a2c6f45d594,"{""distance"":5,""physical_error_rate"":0.0005}","{""detection_events"":2945,""detectors_checked"":1376256}"
     10240,         0,         0,   0.159,exact_mw,cb12ae119b9b2ba18d0216e7235b403229e92fd0743ede48fe7f1a2c6f45d594,"{""distance"":5,""physical_error_rate"":0.0005}","{""detection_events"":5154,""detectors_checked"":2293760}"
      8192,         0,         0,   0.070,exact_mw,cb12ae119b9b2ba18d0216e7235b403229e92fd0743ede48fe7f1a2c6f45d594,"{""distance"":5,""physical_error_rate"":0.0005}","{""detection_events"":3846,""detectors_checked"":1835008}"
     13312,         0,         0,   0.167,exact_mw,cb12ae119b9b2ba18d0216e7235b403229e92fd0743ede48fe7f1a2c6f45d594,"{""distance"":5,""physical_error_rate"":0.0005}","{""detection_events"":6614,""detectors_checked"":2981888}"
    290816,         1,         0,    8.30,exact_mw,cb12ae119b9b2ba18d0216e7235b403229e92fd0743ede48fe7f1a2c6f45d594,"{""distance"":5,""physical_error_rate"":0.0005}","{""detection_events"":143316,""detectors_checked"":65142784,""obs_mistake_mask=E"":1}"
    763904,         0,         0,    8.22,exact_mw,cb12ae119b9b2ba18d0216e7235b403229e92fd0743ede48fe7f1a2c6f45d594,"{""distance"":5,""physical_error_rate"":0.0005}","{""detection_events"":376023,""detectors_checked"":171114496}"
     11264,         0,         0,   0.112,exact_mw,cb12ae119b9b2ba18d0216e7235b403229e92fd0743ede48fe7f1a2c6f45d594,"{""distance"":5,""physical_error_rate"":0.0005}","{""detection_events"":5509,""detectors_checked"":2523136}"
    151552,         0,         0,    1.51,exact_mw,cb12ae119b9b2ba18d0216e7235b403229e92fd0743ede48fe7f1a2c6f45d594,"{""distance"":5,""physical_error_rate"":0.0005}","{""detection_events"":74743,""detectors_checked"":33947648}"
     12288,         0,         0,   0.216,exact_mw,cb12ae119b9b2ba18d0216e7235b403229e92fd0743ede48fe7f1a2c6f45d594,"{""distance"":5,""physical_error_rate"":0.0005}","{""detection_events"":6229,""detectors_checked"":2752512}"
    702464,         1,         0,    8.29,exact_mw,cb12ae119b9b2ba18d0216e7235b403229e92fd0743ede48fe7f1a2c6f45d594,"{""distance"":5,""physical_error_rate"":0.0005}","{""detection_events"":344814,""detectors_checked"":157351936,""obs_mistake_mask=E"":1}"
     17408,         0,         0,   0.207,exact_mw,cb12ae119b9b2ba18d0216e7235b403229e92fd0743ede48fe7f1a2c6f45d594,"{""distance"":5,""physical_error_rate"":0.0005}","{""detection_events"":8693,""detectors_checked"":3899392}"
     16384,         0,         0,   0.158,exact_mw,cb12ae119b9b2ba18d0216e7235b403229e92fd0743ede48fe7f1a2c6f45d594,"{""distance"":5,""physical_error_rate"":0.0005}","{""detection_events"":8269,""detectors_checked"":3670016}"
    860160,         0,         0,    8.21,exact_mw,cb12ae119b9b2ba18d0216e7235b403229e92fd0743ede48fe7f1a2c6f45d594,"{""distance"":5,""physical_error_rate"":0.0005}","{""detection_events"":424283,""detectors_checked"":192675840}"
    840704,         0,         0,    8.31,exact_mw,cb12ae119b9b2ba18d0216e7235b403229e92fd0743ede48fe7f1a2c6f45d594,"{""distance"":5,""physical_error_rate"":0.0005}","{""detection_events"":413618,""detectors_checked"":188317696}"
     19456,         0,         0,   0.296,exact_mw,cb12ae119b9b2ba18d0216e7235b403229e92fd0743ede48fe7f1a2c6f45d594,"{""distance"":5,""physical_error_rate"":0.0005}","{""detection_events"":9375,""detectors_checked"":4358144}"
     18432,         0,         0,   0.193,exact_mw,cb12ae119b9b2ba18d0216e7235b403229e92fd0743ede48fe7f1a2c6f45d594,"{""distance"":5,""physical_error_rate"":0.0005}","{""detection_events"":9124,""detectors_checked"":4128768}"
     28672,         0,         0,   0.296,exact_mw,cb12ae119b9b2ba18d0216e7235b403229e92fd0743ede48fe7f1a2c6f45d594,"{""distance"":5,""physical_error_rate"":0.0005}","{""detection_events"":14007,""detectors_checked"":6422528}"
    165888,         0,         0,    1.55,exact_mw,cb12ae119b9b2ba18d0216e7235b403229e92fd0743ede48fe7f1a2c6f45d594,"{""distance"":5,""physical_error_rate"":0.0005}","{""detection_events"":81218,""detectors_checked"":37158912}"
    131072,         0,         0,    1.54,exact_mw,cb12ae119b9b2ba18d0216e7235b403229e92fd0743ede48fe7f1a2c6f45d594,"{""distance"":5,""physical_error_rate"":0.0005}","{""detection_events"":64990,""detectors_checked"":29360128}"
     19456,         0,         0,   0.288,exact_mw,cb12ae119b9b2ba18d0216e7235b403229e92fd0743ede48fe7f1a2c6f45d594,"{""distance"":5,""physical_error_rate"":0.0005}","{""detection_events"":9702,""detectors_checked"":4358144}"
      2321,         0,         0,   0.010,exact_mw,cb12ae119b9b2ba18d0216e7235b403229e92fd0743ede48fe7f1a2c6f45d594,"{""distance"":5,""physical_error_rate"":0.0005}","{""detection_events"":1112,""detectors_checked"":519904}"
      4096,         0,         0,   0.017,exact_mw,cb12ae119b9b2ba18d0216e7235b403229e92fd0743ede48fe7f1a2c6f45d594,"{""distance"":5,""physical_error_rate"":0.0005}","{""detection_events"":1874,""detectors_checked"":917504}"
      4096,         0,         0,   0.021,exact_mw,cb12ae119b9b2ba18d0216e7235b403229e92fd0743ede48fe7f1a2c6f45d594,"{""distance"":5,""physical_error_rate"":0.0005}","{""detection_events"":2012,""detectors_checked"":917504}"
      6144,         0,         0,   0.031,exact_mw,cb12ae119b9b2ba18d0216e7235b403229e92fd0743ede48fe7f1a2c6f45d594,"{""distance"":5,""physical_error_rate"":0.0005}","{""detection_events"":3075,""detectors_checked"":1376256}"
     28672,         0,         0,   0.409,exact_mw,cb12ae119b9b2ba18d0216e7235b403229e92fd0743ede48fe7f1a2c6f45d594,"{""distance"":5,""physical_error_rate"":0.0005}","{""detection_events"":14350,""detectors_checked"":6422528}"
      9216,         0,         0,   0.043,exact_mw,cb12ae119b9b2ba18d0216e7235b403229e92fd0743ede48fe7f1a2c6f45d594,"{""distance"":5,""physical_error_rate"":0.0005}","{""detection_events"":4497,""detectors_checked"":2064384}"
     37888,         0,         0,   0.408,exact_mw,cb12ae119b9b2ba18d0216e7235b403229e92fd0743ede48fe7f1a2c6f45d594,"{""distance"":5,""physical_error_rate"":0.0005}","{""detection_events"":18904,""detectors_checked"":8486912}"
   3490438,         2,         0,    52.0,exact_mw,cb12ae119b9b2ba18d0216e7235b403229e92fd0743ede48fe7f1a2c6f45d594,"{""distance"":5,""physical_error_rate"":0.0005}","{""detection_events"":1721497,""detectors_checked"":781858112,""obs_mistake_mask=E"":2}"
     12288,         0,         0,   0.057,exact_mw,cb12ae119b9b2ba18d0216e7235b403229e92fd0743ede48fe7f1a2c6f45d594,"{""distance"":5,""physical_error_rate"":0.0005}","{""detection_events"":5926,""detectors_checked"":2752512}"
      9216,         0,         0,   0.083,exact_mw,cb12ae119b9b2ba18d0216e7235b403229e92fd0743ede48fe7f1a2c6f45d594,"{""distance"":5,""physical_error_rate"":0.0005}","{""detection_events"":4646,""detectors_checked"":2064384}"
      2321,         0,         0,   0.010,exact_mw,cb12ae119b9b2ba18d0216e7235b403229e92fd0743ede48fe7f1a2c6f45d594,"{""distance"":5,""physical_error_rate"":0.0005}","{""detection_events"":1099,""detectors_checked"":519904}"
      3072,         0,         0,   0.017,exact_mw,cb12ae119b9b2ba18d0216e7235b403229e92fd0743ede48fe7f1a2c6f45d594,"{""distance"":5,""physical_error_rate"":0.0005}","{""detection_events"":1558,""detectors_checked"":688128}"
     10240,         0,         0,   0.107,exact_mw,cb12ae119b9b2ba18d0216e7235b403229e92fd0743ede48fe7f1a2c6f45d594,"{""distance"":5,""physical_error_rate"":0.0005}","{""detection_events"":5089,""detectors_checked"":2293760}"
      5120,         0,         0,   0.020,exact_mw,cb12ae119b9b2ba18d0216e7235b403229e92fd0743ede48fe7f1a2c6f45d594,"{""distance"":5,""physical_error_rate"":0.0005}","{""detection_events"":2541,""detectors_checked"":1146880}"
     26624,         0,         0,   0.416,exact_mw,cb12ae119b9b2ba18d0216e7235b403229e92fd0743ede48fe7f1a2c6f45d594,"{""distance"":5,""physical_error_rate"":0.0005}","{""detection_events"":12826,""detectors_checked"":5963776}"
      7168,         0,         0,   0.029,exact_mw,cb12ae119b9b2ba18d0216e7235b403229e92fd0743ede48fe7f1a2c6f45d594,"{""distance"":5,""physical_error_rate"":0.0005}","{""detection_events"":3577,""detectors_checked"":1605632}"
      9216,         0,         0,   0.041,exact_mw,cb12ae119b9b2ba18d0216e7235b403229e92fd0743ede48fe7f1a2c6f45d594,"{""distance"":5,""physical_error_rate"":0.0005}","{""detection_events"":4432,""detectors_checked"":2064384}"
         1,         0,         0,   0.000,exact_mw,cb12ae119b9b2ba18d0216e7235b403229e92fd0743ede48fe7f1a2c6f45d594,"{""distance"":5,""physical_error_rate"":0.0005}","{""detectors_checked"":224}"
      3344,         0,         0,   0.029,exact_mw,cb12ae119b9b2ba18d0216e7235b403229e92fd0743ede48fe7f1a2c6f45d594,"{""distance"":5,""physical_error_rate"":0.0005}","{""detection_events"":1585,""detectors_checked"":749056}"
     12288,         0,         0,   0.057,exact_mw,cb12ae119b9b2ba18d0216e7235b403229e92fd0743ede48fe7f1a2c6f45d594,"{""distance"":5,""physical_error_rate"":0.0005}","{""detection_events"":6005,""detectors_checked"":2752512}"
      3072,         0,         0,   0.026,exact_mw,cb12ae119b9b2ba18d0216e7235b403229e92fd0743ede48fe7f1a2c6f45d594,"{""distance"":5,""physical_error_rate"":0.0005}","{""detection_events"":1500,""detectors_checked"":688128}"
     14336,         0,         0,   0.149,exact_mw,cb12ae119b9b2ba18d0216e7235b403229e92fd0743ede48fe7f1a2c6f45d594,"{""distance"":5,""physical_error_rate"":0.0005}","{""detection_events"":7155,""detectors_checked"":3211264}"
      4096,         0,         0,   0.033,exact_mw,cb12ae119b9b2ba18d0216e7235b403229e92fd0743ede48fe7f1a2c6f45d594,"{""distance"":5,""physical_error_rate"":0.0005}","{""detection_events"":1968,""detectors_checked"":917504}"
    802816,         0,         0,    8.29,exact_mw,cb12ae119b9b2ba18d0216e7235b403229e92fd0743ede48fe7f1a2c6f45d594,"{""distance"":5,""physical_error_rate"":0.0005}","{""detection_events"":395823,""detectors_checked"":179830784}"
     16384,         0,         0,   0.077,exact_mw,cb12ae119b9b2ba18d0216e7235b403229e92fd0743ede48fe7f1a2c6f45d594,"{""distance"":5,""physical_error_rate"":0.0005}","{""detection_events"":7874,""detectors_checked"":3670016}"
      5120,         0,         0,   0.039,exact_mw,cb12ae119b9b2ba18d0216e7235b403229e92fd0743ede48fe7f1a2c6f45d594,"{""distance"":5,""physical_error_rate"":0.0005}","{""detection_events"":2340,""detectors_checked"":1146880}"
      6144,         0,         0,   0.041,exact_mw,cb12ae119b9b2ba18d0216e7235b403229e92fd0743ede48fe7f1a2c6f45d594,"{""distance"":5,""physical_error_rate"":0.0005}","{""detection_events"":2954,""detectors_checked"":1376256}"
     46080,         0,         0,   0.583,exact_mw,cb12ae119b9b2ba18d0216e7235b403229e92fd0743ede48fe7f1a2c6f45d594,"{""distance"":5,""physical_error_rate"":0.0005}","{""detection_events"":23022,""detectors_checked"":10321920}"
     17408,         0,         0,   0.107,exact_mw,cb12ae119b9b2ba18d0216e7235b403229e92fd0743ede48fe7f1a2c6f45d594,"{""distance"":5,""physical_error_rate"":0.0005}","{""detection_events"":8533,""detectors_checked"":3899392}"
     43008,         0,         0,   0.541,exact_mw,cb12ae119b9b2ba18d0216e7235b403229e92fd0743ede48fe7f1a2c6f45d594,"{""distance"":5,""physical_error_rate"":0.0005}","{""detection_events"":21125,""detectors_checked"":9633792}"
     11264,         0,         0,   0.077,exact_mw,cb12ae119b9b2ba18d0216e7235b403229e92fd0743ede48fe7f1a2c6f45d594,"{""distance"":5,""physical_error_rate"":0.0005}","{""detection_events"":5831,""detectors_checked"":2523136}"
      2321,         0,         0,   0.012,exact_mw,cb12ae119b9b2ba18d0216e7235b403229e92fd0743ede48fe7f1a2c6f45d594,"{""distance"":5,""physical_error_rate"":0.0005}","{""detection_events"":1120,""detectors_checked"":519904}"
      1024,         0,         0,   0.005,exact_mw,cb12ae119b9b2ba18d0216e7235b403229e92fd0743ede48fe7f1a2c6f45d594,"{""distance"":5,""physical_error_rate"":0.0005}","{""detection_events"":526,""detectors_checked"":229376}"
     19456,         0,         0,   0.233,exact_mw,cb12ae119b9b2ba18d0216e7235b403229e92fd0743ede48fe7f1a2c6f45d594,"{""distance"":5,""physical_error_rate"":0.0005}","{""detection_events"":9293,""detectors_checked"":4358144}"
      2048,         0,         0,   0.022,exact_mw,cb12ae119b9b2ba18d0216e7235b403229e92fd0743ede48fe7f1a2c6f45d594,"{""distance"":5,""physical_error_rate"":0.0005}","{""detection_events"":1039,""detectors_checked"":458752}"
      3072,         0,         0,   0.031,exact_mw,cb12ae119b9b2ba18d0216e7235b403229e92fd0743ede48fe7f1a2c6f45d594,"{""distance"":5,""physical_error_rate"":0.0005}","{""detection_events"":1455,""detectors_checked"":688128}"
    197632,         0,         0,    2.16,exact_mw,cb12ae119b9b2ba18d0216e7235b403229e92fd0743ede48fe7f1a2c6f45d594,"{""distance"":5,""physical_error_rate"":0.0005}","{""detection_events"":97482,""detectors_checked"":44269568}"
     21504,         0,         0,   0.106,exact_mw,cb12ae119b9b2ba18d0216e7235b403229e92fd0743ede48fe7f1a2c6f45d594,"{""distance"":5,""physical_error_rate"":0.0005}","{""detection_events"":10409,""detectors_checked"":4816896}"
     30720,         0,         0,   0.149,exact_mw,cb12ae119b9b2ba18d0216e7235b403229e92fd0743ede48fe7f1a2c6f45d594,"{""distance"":5,""physical_error_rate"":0.0005}","{""detection_events"":15312,""detectors_checked"":6881280}"
      4096,         0,         0,   0.048,exact_mw,cb12ae119b9b2ba18d0216e7235b403229e92fd0743ede48fe7f1a2c6f45d594,"{""distance"":5,""physical_error_rate"":0.0005}","{""detection_events"":1917,""detectors_checked"":917504}"
    168960,         0,         0,    2.14,exact_mw,cb12ae119b9b2ba18d0216e7235b403229e92fd0743ede48fe7f1a2c6f45d594,"{""distance"":5,""physical_error_rate"":0.0005}","{""detection_events"":83986,""detectors_checked"":37847040}"
      2321,         0,         0,   0.028,exact_mw,cb12ae119b9b2ba18d0216e7235b403229e92fd0743ede48fe7f1a2c6f45d594,"{""distance"":5,""physical_error_rate"":0.0005}","{""detection_events"":1171,""detectors_checked"":519904}"
      6144,         0,         0,   0.058,exact_mw,cb12ae119b9b2ba18d0216e7235b403229e92fd0743ede48fe7f1a2c6f45d594,"{""distance"":5,""physical_error_rate"":0.0005}","{""detection_events"":3222,""detectors_checked"":1376256}"
      3072,         0,         0,   0.028,exact_mw,cb12ae119b9b2ba18d0216e7235b403229e92fd0743ede48fe7f1a2c6f45d594,"{""distance"":5,""physical_error_rate"":0.0005}","{""detection_events"":1614,""detectors_checked"":688128}"
      2048,         0,         0,   0.009,exact_mw,cb12ae119b9b2ba18d0216e7235b403229e92fd0743ede48fe7f1a2c6f45d594,"{""distance"":5,""physical_error_rate"":0.0005}","{""detection_events"":923,""detectors_checked"":458752}"
     39936,         0,         0,   0.568,exact_mw,cb12ae119b9b2ba18d0216e7235b403229e92fd0743ede48fe7f1a2c6f45d594,"{""distance"":5,""physical_error_rate"":0.0005}","{""detection_events"":19554,""detectors_checked"":8945664}"
      3072,         0,         0,   0.028,exact_mw,cb12ae119b9b2ba18d0216e7235b403229e92fd0743ede48fe7f1a2c6f45d594,"{""distance"":5,""physical_error_rate"":0.0005}","{""detection_events"":1499,""detectors_checked"":688128}"
    156672,         0,         0,    2.15,exact_mw,cb12ae119b9b2ba18d0216e7235b403229e92fd0743ede48fe7f1a2c6f45d594,"{""distance"":5,""physical_error_rate"":0.0005}","{""detection_events"":77194,""detectors_checked"":35094528}"
     21504,         0,         0,   0.161,exact_mw,cb12ae119b9b2ba18d0216e7235b403229e92fd0743ede48fe7f1a2c6f45d594,"{""distance"":5,""physical_error_rate"":0.0005}","{""detection_events"":10995,""detectors_checked"":4816896}"
    134144,         0,         0,    2.15,exact_mw,cb12ae119b9b2ba18d0216e7235b403229e92fd0743ede48fe7f1a2c6f45d594,"{""distance"":5,""physical_error_rate"":0.0005}","{""detection_events"":66250,""detectors_checked"":30048256}"
      8192,         0,         0,   0.092,exact_mw,cb12ae119b9b2ba18d0216e7235b403229e92fd0743ede48fe7f1a2c6f45d594,"{""distance"":5,""physical_error_rate"":0.0005}","{""detection_events"":4077,""detectors_checked"":1835008}"
      3072,         0,         0,   0.049,exact_mw,cb12ae119b9b2ba18d0216e7235b403229e92fd0743ede48fe7f1a2c6f45d594,"{""distance"":5,""physical_error_rate"":0.0005}","{""detection_events"":1542,""detectors_checked"":688128}"
     31744,         0,         0,   0.298,exact_mw,cb12ae119b9b2ba18d0216e7235b403229e92fd0743ede48fe7f1a2c6f45d594,"{""distance"":5,""physical_error_rate"":0.0005}","{""detection_events"":15346,""detectors_checked"":7110656}"
     44032,         0,         0,   0.219,exact_mw,cb12ae119b9b2ba18d0216e7235b403229e92fd0743ede48fe7f1a2c6f45d594,"{""distance"":5,""physical_error_rate"":0.0005}","{""detection_events"":21780,""detectors_checked"":9863168}"
      3072,         0,         0,   0.054,exact_mw,cb12ae119b9b2ba18d0216e7235b403229e92fd0743ede48fe7f1a2c6f45d594,"{""distance"":5,""physical_error_rate"":0.0005}","{""detection_events"":1472,""detectors_checked"":688128}"
      9216,         0,         0,   0.106,exact_mw,cb12ae119b9b2ba18d0216e7235b403229e92fd0743ede48fe7f1a2c6f45d594,"{""distance"":5,""physical_error_rate"":0.0005}","{""detection_events"":4417,""detectors_checked"":2064384}"
         1,         0,         0,   0.000,exact_mw,cb12ae119b9b2ba18d0216e7235b403229e92fd0743ede48fe7f1a2c6f45d594,"{""distance"":5,""physical_error_rate"":0.0005}","{""detection_events"":2,""detectors_checked"":224}"
      7168,         0,         0,   0.081,exact_mw,cb12ae119b9b2ba18d0216e7235b403229e92fd0743ede48fe7f1a2c6f45d594,"{""distance"":5,""physical_error_rate"":0.0005}","{""detection_events"":3686,""detectors_checked"":1605632}"
      2320,         0,         0,   0.032,exact_mw,cb12ae119b9b2ba18d0216e7235b403229e92fd0743ede48fe7f1a2c6f45d594,"{""distance"":5,""physical_error_rate"":0.0005}","{""detection_events"":1120,""detectors_checked"":519680}"
      2321,         0,         0,   0.028,exact_mw,cb12ae119b9b2ba18d0216e7235b403229e92fd0743ede48fe7f1a2c6f45d594,"{""distance"":5,""physical_error_rate"":0.0005}","{""detection_events"":1134,""detectors_checked"":519904}"
      1024,         0,         0,   0.024,exact_mw,cb12ae119b9b2ba18d0216e7235b403229e92fd0743ede48fe7f1a2c6f45d594,"{""distance"":5,""physical_error_rate"":0.0005}","{""detection_events"":523,""detectors_checked"":229376}"
     20480,         0,         0,   0.207,exact_mw,cb12ae119b9b2ba18d0216e7235b403229e92fd0743ede48fe7f1a2c6f45d594,"{""distance"":5,""physical_error_rate"":0.0005}","{""detection_events"":10045,""detectors_checked"":4587520}"
      2048,         0,         0,   0.025,exact_mw,cb12ae119b9b2ba18d0216e7235b403229e92fd0743ede48fe7f1a2c6f45d594,"{""distance"":5,""physical_error_rate"":0.0005}","{""detection_events"":1001,""detectors_checked"":458752}"
      1297,         0,         0,   0.025,exact_mw,cb12ae119b9b2ba18d0216e7235b403229e92fd0743ede48fe7f1a2c6f45d594,"{""distance"":5,""physical_error_rate"":0.0005}","{""detection_events"":649,""detectors_checked"":290528}"
      2048,         0,         0,   0.029,exact_mw,cb12ae119b9b2ba18d0216e7235b403229e92fd0743ede48fe7f1a2c6f45d594,"{""distance"":5,""physical_error_rate"":0.0005}","{""detection_events"":1058,""detectors_checked"":458752}"
      2048,         0,         0,   0.021,exact_mw,cb12ae119b9b2ba18d0216e7235b403229e92fd0743ede48fe7f1a2c6f45d594,"{""distance"":5,""physical_error_rate"":0.0005}","{""detection_events"":1008,""detectors_checked"":458752}"
      2048,         0,         0,   0.027,exact_mw,cb12ae119b9b2ba18d0216e7235b403229e92fd0743ede48fe7f1a2c6f45d594,"{""distance"":5,""physical_error_rate"":0.0005}","{""detection_events"":911,""detectors_checked"":458752}"
      3072,         0,         0,   0.014,exact_mw,cb12ae119b9b2ba18d0216e7235b403229e92fd0743ede48fe7f1a2c6f45d594,"{""distance"":5,""physical_error_rate"":0.0005}","{""detection_events"":1524,""detectors_checked"":688128}"
      2321,         0,         0,   0.030,exact_mw,cb12ae119b9b2ba18d0216e7235b403229e92fd0743ede48fe7f1a2c6f45d594,"{""distance"":5,""physical_error_rate"":0.0005}","{""detection_events"":1147,""detectors_checked"":519904}"
      3072,         0,         0,   0.052,exact_mw,cb12ae119b9b2ba18d0216e7235b403229e92fd0743ede48fe7f1a2c6f45d594,"{""distance"":5,""physical_error_rate"":0.0005}","{""detection_events"":1470,""detectors_checked"":688128}"
     10240,         0,         0,   0.160,exact_mw,cb12ae119b9b2ba18d0216e7235b403229e92fd0743ede48fe7f1a2c6f45d594,"{""distance"":5,""physical_error_rate"":0.0005}","{""detection_events"":4878,""detectors_checked"":2293760}"
      2048,         0,         0,   0.031,exact_mw,cb12ae119b9b2ba18d0216e7235b403229e92fd0743ede48fe7f1a2c6f45d594,"{""distance"":5,""physical_error_rate"":0.0005}","{""detection_events"":1091,""detectors_checked"":458752}"
     11264,         0,         0,   0.122,exact_mw,cb12ae119b9b2ba18d0216e7235b403229e92fd0743ede48fe7f1a2c6f45d594,"{""distance"":5,""physical_error_rate"":0.0005}","{""detection_events"":5444,""detectors_checked"":2523136}"
      1297,         0,         0,   0.026,exact_mw,cb12ae119b9b2ba18d0216e7235b403229e92fd0743ede48fe7f1a2c6f45d594,"{""distance"":5,""physical_error_rate"":0.0005}","{""detection_events"":654,""detectors_checked"":290528}"
      1024,         0,         0,   0.007,exact_mw,cb12ae119b9b2ba18d0216e7235b403229e92fd0743ede48fe7f1a2c6f45d594,"{""distance"":5,""physical_error_rate"":0.0005}","{""detection_events"":497,""detectors_checked"":229376}"
      3072,         0,         0,   0.029,exact_mw,cb12ae119b9b2ba18d0216e7235b403229e92fd0743ede48fe7f1a2c6f45d594,"{""distance"":5,""physical_error_rate"":0.0005}","{""detection_events"":1573,""detectors_checked"":688128}"
      2048,         0,         0,   0.028,exact_mw,cb12ae119b9b2ba18d0216e7235b403229e92fd0743ede48fe7f1a2c6f45d594,"{""distance"":5,""physical_error_rate"":0.0005}","{""detection_events"":1050,""detectors_checked"":458752}"
      2048,         0,         0,   0.030,exact_mw,cb12ae119b9b2ba18d0216e7235b403229e92fd0743ede48fe7f1a2c6f45d594,"{""distance"":5,""physical_error_rate"":0.0005}","{""detection_events"":985,""detectors_checked"":458752}"
      2048,         0,         0,   0.027,exact_mw,cb12ae119b9b2ba18d0216e7235b403229e92fd0743ede48fe7f1a2c6f45d594,"{""distance"":5,""physical_error_rate"":0.0005}","{""detection_events"":952,""detectors_checked"":458752}"
      3072,         0,         0,   0.054,exact_mw,cb12ae119b9b2ba18d0216e7235b403229e92fd0743ede48fe7f1a2c6f45d594,"{""distance"":5,""physical_error_rate"":0.0005}","{""detection_events"":1525,""detectors_checked"":688128}"
      2048,         0,         0,   0.020,exact_mw,cb12ae119b9b2ba18d0216e7235b403229e92fd0743ede48fe7f1a2c6f45d594,"{""distance"":5,""physical_error_rate"":0.0005}","{""detection_events"":907,""detectors_checked"":458752}"
      3072,         0,         0,   0.031,exact_mw,cb12ae119b9b2ba18d0216e7235b403229e92fd0743ede48fe7f1a2c6f45d594,"{""distance"":5,""physical_error_rate"":0.0005}","{""detection_events"":1567,""detectors_checked"":688128}"
     41984,         0,         0,   0.286,exact_mw,cb12ae119b9b2ba18d0216e7235b403229e92fd0743ede48fe7f1a2c6f45d594,"{""distance"":5,""physical_error_rate"":0.0005}","{""detection_events"":20769,""detectors_checked"":9404416}"
      6144,         0,         0,   0.056,exact_mw,cb12ae119b9b2ba18d0216e7235b403229e92fd0743ede48fe7f1a2c6f45d594,"{""distance"":5,""physical_error_rate"":0.0005}","{""detection_events"":3063,""detectors_checked"":1376256}"
      4096,         0,         0,   0.053,exact_mw,cb12ae119b9b2ba18d0216e7235b403229e92fd0743ede48fe7f1a2c6f45d594,"{""distance"":5,""physical_error_rate"":0.0005}","{""detection_events"":2011,""detectors_checked"":917504}"
      2048,         0,         0,   0.027,exact_mw,cb12ae119b9b2ba18d0216e7235b403229e92fd0743ede48fe7f1a2c6f45d594,"{""distance"":5,""physical_error_rate"":0.0005}","{""detection_events"":1031,""detectors_checked"":458752}"
       273,         0,         0,   0.002,exact_mw,cb12ae119b9b2ba18d0216e7235b403229e92fd0743ede48fe7f1a2c6f45d594,"{""distance"":5,""physical_error_rate"":0.0005}","{""detection_events"":141,""detectors_checked"":61152}"
      1024,         0,         0,   0.006,exact_mw,cb12ae119b9b2ba18d0216e7235b403229e92fd0743ede48fe7f1a2c6f45d594,"{""distance"":5,""physical_error_rate"":0.0005}","{""detection_events"":507,""detectors_checked"":229376}"
      3072,         0,         0,   0.053,exact_mw,cb12ae119b9b2ba18d0216e7235b403229e92fd0743ede48fe7f1a2c6f45d594,"{""distance"":5,""physical_error_rate"":0.0005}","{""detection_events"":1613,""detectors_checked"":688128}"
      7168,         0,         0,   0.078,exact_mw,cb12ae119b9b2ba18d0216e7235b403229e92fd0743ede48fe7f1a2c6f45d594,"{""distance"":5,""physical_error_rate"":0.0005}","{""detection_events"":3546,""detectors_checked"":1605632}"
      4096,         0,         0,   0.030,exact_mw,cb12ae119b9b2ba18d0216e7235b403229e92fd0743ede48fe7f1a2c6f45d594,"{""distance"":5,""physical_error_rate"":0.0005}","{""detection_events"":2089,""detectors_checked"":917504}"
      2321,         0,         0,   0.032,exact_mw,cb12ae119b9b2ba18d0216e7235b403229e92fd0743ede48fe7f1a2c6f45d594,"{""distance"":5,""physical_error_rate"":0.0005}","{""detection_events"":1248,""detectors_checked"":519904}"
   3304299,         1,         0,    46.1,exact_mw,cb12ae119b9b2ba18d0216e7235b403229e92fd0743ede48fe7f1a2c6f45d594,"{""distance"":5,""physical_error_rate"":0.0005}","{""detection_events"":1624711,""detectors_checked"":740162976,""obs_mistake_mask=E"":1}"
      4096,         0,         0,   0.055,exact_mw,cb12ae119b9b2ba18d0216e7235b403229e92fd0743ede48fe7f1a2c6f45d594,"{""distance"":5,""physical_error_rate"":0.0005}","{""detection_events"":2074,""detectors_checked"":917504}"
     15360,         0,         0,   0.150,exact_mw,cb12ae119b9b2ba18d0216e7235b403229e92fd0743ede48fe7f1a2c6f45d594,"{""distance"":5,""physical_error_rate"":0.0005}","{""detection_events"":7544,""detectors_checked"":3440640}"
      5120,         0,         0,   0.076,exact_mw,cb12ae119b9b2ba18d0216e7235b403229e92fd0743ede48fe7f1a2c6f45d594,"{""distance"":5,""physical_error_rate"":0.0005}","{""detection_events"":2426,""detectors_checked"":1146880}"
      2048,         0,         0,   0.037,exact_mw,cb12ae119b9b2ba18d0216e7235b403229e92fd0743ede48fe7f1a2c6f45d594,"{""distance"":5,""physical_error_rate"":0.0005}","{""detection_events"":1026,""detectors_checked"":458752}"
      3072,         0,         0,   0.037,exact_mw,cb12ae119b9b2ba18d0216e7235b403229e92fd0743ede48fe7f1a2c6f45d594,"{""distance"":5,""physical_error_rate"":0.0005}","{""detection_events"":1456,""detectors_checked"":688128}"
      1024,         0,         0,   0.035,exact_mw,cb12ae119b9b2ba18d0216e7235b403229e92fd0743ede48fe7f1a2c6f45d594,"{""distance"":5,""physical_error_rate"":0.0005}","{""detection_events"":546,""detectors_checked"":229376}"
      1024,         0,         0,   0.017,exact_mw,cb12ae119b9b2ba18d0216e7235b403229e92fd0743ede48fe7f1a2c6f45d594,"{""distance"":5,""physical_error_rate"":0.0005}","{""detection_events"":477,""detectors_checked"":229376}"
     35840,         0,         0,   0.423,exact_mw,cb12ae119b9b2ba18d0216e7235b403229e92fd0743ede48fe7f1a2c6f45d594,"{""distance"":5,""physical_error_rate"":0.0005}","{""detection_events"":17670,""detectors_checked"":8028160}"
      7168,         0,         0,   0.071,exact_mw,cb12ae119b9b2ba18d0216e7235b403229e92fd0743ede48fe7f1a2c6f45d594,"{""distance"":5,""physical_error_rate"":0.0005}","{""detection_events"":3607,""detectors_checked"":1605632}"
     16384,         0,         0,   0.206,exact_mw,cb12ae119b9b2ba18d0216e7235b403229e92fd0743ede48fe7f1a2c6f45d594,"{""distance"":5,""physical_error_rate"":0.0005}","{""detection_events"":8073,""detectors_checked"":3670016}"
     73728,         0,         0,   0.806,exact_mw,cb12ae119b9b2ba18d0216e7235b403229e92fd0743ede48fe7f1a2c6f45d594,"{""distance"":5,""physical_error_rate"":0.0005}","{""detection_events"":36494,""detectors_checked"":16515072}"
     69632,         0,         0,   0.779,exact_mw,cb12ae119b9b2ba18d0216e7235b403229e92fd0743ede48fe7f1a2c6f45d594,"{""distance"":5,""physical_error_rate"":0.0005}","{""detection_events"":33764,""detectors_checked"":15597568}"
      4096,         0,         0,   0.035,exact_mw,cb12ae119b9b2ba18d0216e7235b403229e92fd0743ede48fe7f1a2c6f45d594,"{""distance"":5,""physical_error_rate"":0.0005}","{""detection_events"":1913,""detectors_checked"":917504}"
     26624,         0,         0,   0.291,exact_mw,cb12ae119b9b2ba18d0216e7235b403229e92fd0743ede48fe7f1a2c6f45d594,"{""distance"":5,""physical_error_rate"":0.0005}","{""detection_events"":12926,""detectors_checked"":5963776}"
      6144,         0,         0,   0.083,exact_mw,cb12ae119b9b2ba18d0216e7235b403229e92fd0743ede48fe7f1a2c6f45d594,"{""distance"":5,""physical_error_rate"":0.0005}","{""detection_events"":2941,""detectors_checked"":1376256}"
     11264,         0,         0,   0.108,exact_mw,cb12ae119b9b2ba18d0216e7235b403229e92fd0743ede48fe7f1a2c6f45d594,"{""distance"":5,""physical_error_rate"":0.0005}","{""detection_events"":5323,""detectors_checked"":2523136}"
      3072,         0,         0,   0.035,exact_mw,cb12ae119b9b2ba18d0216e7235b403229e92fd0743ede48fe7f1a2c6f45d594,"{""distance"":5,""physical_error_rate"":0.0005}","{""detection_events"":1474,""detectors_checked"":688128}"
      4096,         0,         0,   0.032,exact_mw,cb12ae119b9b2ba18d0216e7235b403229e92fd0743ede48fe7f1a2c6f45d594,"{""distance"":5,""physical_error_rate"":0.0005}","{""detection_events"":1886,""detectors_checked"":917504}"
         1,         0,         0,   0.000,exact_mw,cb12ae119b9b2ba18d0216e7235b403229e92fd0743ede48fe7f1a2c6f45d594,"{""distance"":5,""physical_error_rate"":0.0005}","{""detectors_checked"":224}"
      6144,         0,         0,   0.075,exact_mw,cb12ae119b9b2ba18d0216e7235b403229e92fd0743ede48fe7f1a2c6f45d594,"{""distance"":5,""physical_error_rate"":0.0005}","{""detection_events"":3015,""detectors_checked"":1376256}"
    167936,         0,         0,    2.17,exact_mw,cb12ae119b9b2ba18d0216e7235b403229e92fd0743ede48fe7f1a2c6f45d594,"{""distance"":5,""physical_error_rate"":0.0005}","{""detection_events"":82918,""detectors_checked"":37617664}"
      7168,         1,         0,   0.071,exact_mw,cb12ae119b9b2ba18d0216e7235b403229e92fd0743ede48fe7f1a2c6f45d594,"{""distance"":5,""physical_error_rate"":0.0005}","{""detection_events"":3570,""detectors_checked"":1605632,""obs_mistake_mask=E"":1}"
      6144,         0,         0,   0.113,exact_mw,cb12ae119b9b2ba18d0216e7235b403229e92fd0743ede48fe7f1a2c6f45d594,"{""distance"":5,""physical_error_rate"":0.0005}","{""detection_events"":3070,""detectors_checked"":1376256}"
      5120,         0,         0,   0.048,exact_mw,cb12ae119b9b2ba18d0216e7235b403229e92fd0743ede48fe7f1a2c6f45d594,"{""distance"":5,""physical_error_rate"":0.0005}","{""detection_events"":2436,""detectors_checked"":1146880}"
      3344,         0,         0,   0.055,exact_mw,cb12ae119b9b2ba18d0216e7235b403229e92fd0743ede48fe7f1a2c6f45d594,"{""distance"":5,""physical_error_rate"":0.0005}","{""detection_events"":1635,""detectors_checked"":749056}"
      5120,         0,         0,   0.055,exact_mw,cb12ae119b9b2ba18d0216e7235b403229e92fd0743ede48fe7f1a2c6f45d594,"{""distance"":5,""physical_error_rate"":0.0005}","{""detection_events"":2564,""detectors_checked"":1146880}"
      1297,         0,         0,   0.027,exact_mw,cb12ae119b9b2ba18d0216e7235b403229e92fd0743ede48fe7f1a2c6f45d594,"{""distance"":5,""physical_error_rate"":0.0005}","{""detection_events"":626,""detectors_checked"":290528}"
      2048,         0,         0,   0.027,exact_mw,cb12ae119b9b2ba18d0216e7235b403229e92fd0743ede48fe7f1a2c6f45d594,"{""distance"":5,""physical_error_rate"":0.0005}","{""detection_events"":1026,""detectors_checked"":458752}"
         1,         0,         0,   0.000,exact_mw,cb12ae119b9b2ba18d0216e7235b403229e92fd0743ede48fe7f1a2c6f45d594,"{""distance"":5,""physical_error_rate"":0.0005}","{""detectors_checked"":224}"
      8192,         0,         0,   0.111,exact_mw,cb12ae119b9b2ba18d0216e7235b403229e92fd0743ede48fe7f1a2c6f45d594,"{""distance"":5,""physical_error_rate"":0.0005}","{""detection_events"":4174,""detectors_checked"":1835008}"
      1024,         0,         0,   0.004,exact_mw,cb12ae119b9b2ba18d0216e7235b403229e92fd0743ede48fe7f1a2c6f45d594,"{""distance"":5,""physical_error_rate"":0.0005}","{""detection_events"":538,""detectors_checked"":229376}"
      6144,         0,         0,   0.055,exact_mw,cb12ae119b9b2ba18d0216e7235b403229e92fd0743ede48fe7f1a2c6f45d594,"{""distance"":5,""physical_error_rate"":0.0005}","{""detection_events"":2969,""detectors_checked"":1376256}"
      5120,         0,         0,   0.107,exact_mw,cb12ae119b9b2ba18d0216e7235b403229e92fd0743ede48fe7f1a2c6f45d594,"{""distance"":5,""physical_error_rate"":0.0005}","{""detection_events"":2611,""detectors_checked"":1146880}"
      5120,         0,         0,   0.078,exact_mw,cb12ae119b9b2ba18d0216e7235b403229e92fd0743ede48fe7f1a2c6f45d594,"{""distance"":5,""physical_error_rate"":0.0005}","{""detection_events"":2558,""detectors_checked"":1146880}"
      1296,         0,         0,   0.021,exact_mw,cb12ae119b9b2ba18d0216e7235b403229e92fd0743ede48fe7f1a2c6f45d594,"{""distance"":5,""physical_error_rate"":0.0005}","{""detection_events"":693,""detectors_checked"":290304}"
     21504,         0,         0,   0.198,exact_mw,cb12ae119b9b2ba18d0216e7235b403229e92fd0743ede48fe7f1a2c6f45d594,"{""distance"":5,""physical_error_rate"":0.0005}","{""detection_events"":10529,""detectors_checked"":4816896}"
      1024,         0,         0,   0.007,exact_mw,cb12ae119b9b2ba18d0216e7235b403229e92fd0743ede48fe7f1a2c6f45d594,"{""distance"":5,""physical_error_rate"":0.0005}","{""detection_events"":572,""detectors_checked"":229376}"
      2048,         0,         0,   0.020,exact_mw,cb12ae119b9b2ba18d0216e7235b403229e92fd0743ede48fe7f1a2c6f45d594,"{""distance"":5,""physical_error_rate"":0.0005}","{""detection_events"":1066,""detectors_checked"":458752}"
     11264,         0,         0,   0.108,exact_mw,cb12ae119b9b2ba18d0216e7235b403229e92fd0743ede48fe7f1a2c6f45d594,"{""distance"":5,""physical_error_rate"":0.0005}","{""detection_events"":5483,""detectors_checked"":2523136}"
     15360,         0,         0,   0.166,exact_mw,cb12ae119b9b2ba18d0216e7235b403229e92fd0743ede48fe7f1a2c6f45d594,"{""distance"":5,""physical_error_rate"":0.0005}","{""detection_events"":7612,""detectors_checked"":3440640}"
      2048,         0,         0,   0.022,exact_mw,cb12ae119b9b2ba18d0216e7235b403229e92fd0743ede48fe7f1a2c6f45d594,"{""distance"":5,""physical_error_rate"":0.0005}","{""detection_events"":1016,""detectors_checked"":458752}"
      2048,         0,         0,   0.028,exact_mw,cb12ae119b9b2ba18d0216e7235b403229e92fd0743ede48fe7f1a2c6f45d594,"{""distance"":5,""physical_error_rate"":0.0005}","{""detection_events"":1050,""detectors_checked"":458752}"
         1,         0,         0,   0.000,exact_mw,cb12ae119b9b2ba18d0216e7235b403229e92fd0743ede48fe7f1a2c6f45d594,"{""distance"":5,""physical_error_rate"":0.0005}","{""detection_events"":2,""detectors_checked"":224}"
      7168,         0,         0,   0.064,exact_mw,cb12ae119b9b2ba18d0216e7235b403229e92fd0743ede48fe7f1a2c6f45d594,"{""distance"":5,""physical_error_rate"":0.0005}","{""detection_events"":3441,""detectors_checked"":1605632}"
      2048,         0,         0,   0.038,exact_mw,cb12ae119b9b2ba18d0216e7235b403229e92fd0743ede48fe7f1a2c6f45d594,"{""distance"":5,""physical_error_rate"":0.0005}","{""detection_events"":1174,""detectors_checked"":458752}"
      1024,         0,         0,   0.006,exact_mw,cb12ae119b9b2ba18d0216e7235b403229e92fd0743ede48fe7f1a2c6f45d594,"{""distance"":5,""physical_error_rate"":0.0005}","{""detection_events"":558,""detectors_checked"":229376}"
         1,         0,         0,   0.000,exact_mw,cb12ae119b9b2ba18d0216e7235b403229e92fd0743ede48fe7f1a2c6f45d594,"{""distance"":5,""physical_error_rate"":0.0005}","{""detectors_checked"":224}"
         1,         0,         0,   0.000,exact_mw,cb12ae119b9b2ba18d0216e7235b403229e92fd0743ede48fe7f1a2c6f45d594,"{""distance"":5,""physical_error_rate"":0.0005}","{""detectors_checked"":224}"
      2048,         0,         0,   0.010,exact_mw,cb12ae119b9b2ba18d0216e7235b403229e92fd0743ede48fe7f1a2c6f45d594,"{""distance"":5,""physical_error_rate"":0.0005}","{""detection_events"":851,""detectors_checked"":458752}"
     10240,         0,         0,   0.159,exact_mw,cb12ae119b9b2ba18d0216e7235b403229e92fd0743ede48fe7f1a2c6f45d594,"{""distance"":5,""physical_error_rate"":0.0005}","{""detection_events"":5232,""detectors_checked"":2293760}"
      2320,         0,         0,   0.029,exact_mw,cb12ae119b9b2ba18d0216e7235b403229e92fd0743ede48fe7f1a2c6f45d594,"{""distance"":5,""physical_error_rate"":0.0005}","{""detection_events"":1237,""detectors_checked"":519680}"
      2320,         0,         0,   0.021,exact_mw,cb12ae119b9b2ba18d0216e7235b403229e92fd0743ede48fe7f1a2c6f45d594,"{""distance"":5,""physical_error_rate"":0.0005}","{""detection_events"":1093,""detectors_checked"":519680}"
      3072,         0,         0,   0.054,exact_mw,cb12ae119b9b2ba18d0216e7235b403229e92fd0743ede48fe7f1a2c6f45d594,"{""distance"":5,""physical_error_rate"":0.0005}","{""detection_events"":1503,""detectors_checked"":688128}"
      3072,         0,         0,   0.023,exact_mw,cb12ae119b9b2ba18d0216e7235b403229e92fd0743ede48fe7f1a2c6f45d594,"{""distance"":5,""physical_error_rate"":0.0005}","{""detection_events"":1463,""detectors_checked"":688128}"
      1296,         0,         0,   0.015,exact_mw,cb12ae119b9b2ba18d0216e7235b403229e92fd0743ede48fe7f1a2c6f45d594,"{""distance"":5,""physical_error_rate"":0.0005}","{""detection_events"":600,""detectors_checked"":290304}"
     40960,         0,         0,   0.376,exact_mw,cb12ae119b9b2ba18d0216e7235b403229e92fd0743ede48fe7f1a2c6f45d594,"{""distance"":5,""physical_error_rate"":0.0005}","{""detection_events"":20537,""detectors_checked"":9175040}"
     12288,         0,         0,   0.094,exact_mw,cb12ae119b9b2ba18d0216e7235b403229e92fd0743ede48fe7f1a2c6f45d594,"{""distance"":5,""physical_error_rate"":0.0005}","{""detection_events"":6122,""detectors_checked"":2752512}"
     70656,         0,         0,   0.777,exact_mw,cb12ae119b9b2ba18d0216e7235b403229e92fd0743ede48fe7f1a2c6f45d594,"{""distance"":5,""physical_error_rate"":0.0005}","{""detection_events"":34870,""detectors_checked"":15826944}"
      2048,         0,         0,   0.031,exact_mw,cb12ae119b9b2ba18d0216e7235b403229e92fd0743ede48fe7f1a2c6f45d594,"{""distance"":5,""physical_error_rate"":0.0005}","{""detection_events"":1116,""detectors_checked"":458752}"
     26624,         0,         0,   0.288,exact_mw,cb12ae119b9b2ba18d0216e7235b403229e92fd0743ede48fe7f1a2c6f45d594,"{""distance"":5,""physical_error_rate"":0.0005}","{""detection_events"":13554,""detectors_checked"":5963776}"
     12288,         0,         0,   0.164,exact_mw,cb12ae119b9b2ba18d0216e7235b403229e92fd0743ede48fe7f1a2c6f45d594,"{""distance"":5,""physical_error_rate"":0.0005}","{""detection_events"":6088,""detectors_checked"":2752512}"
      3072,         0,         0,   0.031,exact_mw,cb12ae119b9b2ba18d0216e7235b403229e92fd0743ede48fe7f1a2c6f45d594,"{""distance"":5,""physical_error_rate"":0.0005}","{""detection_events"":1480,""detectors_checked"":688128}"
      3072,         0,         0,   0.023,exact_mw,cb12ae119b9b2ba18d0216e7235b403229e92fd0743ede48fe7f1a2c6f45d594,"{""distance"":5,""physical_error_rate"":0.0005}","{""detection_events"":1448,""detectors_checked"":688128}"
      1297,         0,         0,   0.018,exact_mw,cb12ae119b9b2ba18d0216e7235b403229e92fd0743ede48fe7f1a2c6f45d594,"{""distance"":5,""physical_error_rate"":0.0005}","{""detection_events"":646,""detectors_checked"":290528}"
      4096,         0,         0,   0.045,exact_mw,cb12ae119b9b2ba18d0216e7235b403229e92fd0743ede48fe7f1a2c6f45d594,"{""distance"":5,""physical_error_rate"":0.0005}","{""detection_events"":1982,""detectors_checked"":917504}"
     11264,         0,         0,   0.148,exact_mw,cb12ae119b9b2ba18d0216e7235b403229e92fd0743ede48fe7f1a2c6f45d594,"{""distance"":5,""physical_error_rate"":0.0005}","{""detection_events"":5662,""detectors_checked"":2523136}"
      2048,         0,         0,   0.028,exact_mw,cb12ae119b9b2ba18d0216e7235b403229e92fd0743ede48fe7f1a2c6f45d594,"{""distance"":5,""physical_error_rate"":0.0005}","{""detection_events"":1026,""detectors_checked"":458752}"
      4096,         0,         0,   0.056,exact_mw,cb12ae119b9b2ba18d0216e7235b403229e92fd0743ede48fe7f1a2c6f45d594,"{""distance"":5,""physical_error_rate"":0.0005}","{""detection_events"":2031,""detectors_checked"":917504}"
     13312,         0,         0,   0.142,exact_mw,cb12ae119b9b2ba18d0216e7235b403229e92fd0743ede48fe7f1a2c6f45d594,"{""distance"":5,""physical_error_rate"":0.0005}","{""detection_events"":6543,""detectors_checked"":2981888}"
      3072,         0,         0,   0.021,exact_mw,cb12ae119b9b2ba18d0216e7235b403229e92fd0743ede48fe7f1a2c6f45d594,"{""distance"":5,""physical_error_rate"":0.0005}","{""detection_events"":1552,""detectors_checked"":688128}"
      2048,         0,         0,   0.028,exact_mw,cb12ae119b9b2ba18d0216e7235b403229e92fd0743ede48fe7f1a2c6f45d594,"{""distance"":5,""physical_error_rate"":0.0005}","{""detection_events"":1131,""detectors_checked"":458752}"
      2048,         0,         0,   0.028,exact_mw,cb12ae119b9b2ba18d0216e7235b403229e92fd0743ede48fe7f1a2c6f45d594,"{""distance"":5,""physical_error_rate"":0.0005}","{""detection_events"":972,""detectors_checked"":458752}"
      1297,         0,         0,   0.023,exact_mw,cb12ae119b9b2ba18d0216e7235b403229e92fd0743ede48fe7f1a2c6f45d594,"{""distance"":5,""physical_error_rate"":0.0005}","{""detection_events"":687,""detectors_checked"":290528}"
      7168,         0,         0,   0.076,exact_mw,cb12ae119b9b2ba18d0216e7235b403229e92fd0743ede48fe7f1a2c6f45d594,"{""distance"":5,""physical_error_rate"":0.0005}","{""detection_events"":3288,""detectors_checked"":1605632}"
     11264,         0,         0,   0.107,exact_mw,cb12ae119b9b2ba18d0216e7235b403229e92fd0743ede48fe7f1a2c6f45d594,"{""distance"":5,""physical_error_rate"":0.0005}","{""detection_events"":5496,""detectors_checked"":2523136}"
      3072,         0,         0,   0.034,exact_mw,cb12ae119b9b2ba18d0216e7235b403229e92fd0743ede48fe7f1a2c6f45d594,"{""distance"":5,""physical_error_rate"":0.0005}","{""detection_events"":1395,""detectors_checked"":688128}"
      3072,         0,         0,   0.029,exact_mw,cb12ae119b9b2ba18d0216e7235b403229e92fd0743ede48fe7f1a2c6f45d594,"{""distance"":5,""physical_error_rate"":0.0005}","{""detection_events"":1568,""detectors_checked"":688128}"
         1,         0,         0,   0.000,exact_mw,cb12ae119b9b2ba18d0216e7235b403229e92fd0743ede48fe7f1a2c6f45d594,"{""distance"":5,""physical_error_rate"":0.0005}","{""detectors_checked"":224}"
      3072,         0,         0,   0.053,exact_mw,cb12ae119b9b2ba18d0216e7235b403229e92fd0743ede48fe7f1a2c6f45d594,"{""distance"":5,""physical_error_rate"":0.0005}","{""detection_events"":1569,""detectors_checked"":688128}"
      4096,         0,         0,   0.050,exact_mw,cb12ae119b9b2ba18d0216e7235b403229e92fd0743ede48fe7f1a2c6f45d594,"{""distance"":5,""physical_error_rate"":0.0005}","{""detection_events"":2022,""detectors_checked"":917504}"
      3072,         0,         0,   0.050,exact_mw,cb12ae119b9b2ba18d0216e7235b403229e92fd0743ede48fe7f1a2c6f45d594,"{""distance"":5,""physical_error_rate"":0.0005}","{""detection_events"":1538,""detectors_checked"":688128}"
      6144,         0,         0,   0.084,exact_mw,cb12ae119b9b2ba18d0216e7235b403229e92fd0743ede48fe7f1a2c6f45d594,"{""distance"":5,""physical_error_rate"":0.0005}","{""detection_events"":3012,""detectors_checked"":1376256}"
      2320,         0,         0,   0.025,exact_mw,cb12ae119b9b2ba18d0216e7235b403229e92fd0743ede48fe7f1a2c6f45d594,"{""distance"":5,""physical_error_rate"":0.0005}","{""detection_events"":1142,""detectors_checked"":519680}"
      7168,         0,         0,   0.076,exact_mw,cb12ae119b9b2ba18d0216e7235b403229e92fd0743ede48fe7f1a2c6f45d594,"{""distance"":5,""physical_error_rate"":0.0005}","{""detection_events"":3617,""detectors_checked"":1605632}"
      2048,         0,         0,   0.027,exact_mw,cb12ae119b9b2ba18d0216e7235b403229e92fd0743ede48fe7f1a2c6f45d594,"{""distance"":5,""physical_error_rate"":0.0005}","{""detection_events"":1067,""detectors_checked"":458752}"
      3072,         0,         0,   0.030,exact_mw,cb12ae119b9b2ba18d0216e7235b403229e92fd0743ede48fe7f1a2c6f45d594,"{""distance"":5,""physical_error_rate"":0.0005}","{""detection_events"":1505,""detectors_checked"":688128}"
     14336,         0,         0,   0.217,exact_mw,cb12ae119b9b2ba18d0216e7235b403229e92fd0743ede48fe7f1a2c6f45d594,"{""distance"":5,""physical_error_rate"":0.0005}","{""detection_events"":7082,""detectors_checked"":3211264}"
    147456,         0,         0,    2.10,exact_mw,cb12ae119b9b2ba18d0216e7235b403229e92fd0743ede48fe7f1a2c6f45d594,"{""distance"":5,""physical_error_rate"":0.0005}","{""detection_events"":72159,""detectors_checked"":33030144}"
     40960,         0,         0,   0.411,exact_mw,cb12ae119b9b2ba18d0216e7235b403229e92fd0743ede48fe7f1a2c6f45d594,"{""distance"":5,""physical_error_rate"":0.0005}","{""detection_events"":19567,""detectors_checked"":9175040}"
     14336,         0,         0,   0.137,exact_mw,cb12ae119b9b2ba18d0216e7235b403229e92fd0743ede48fe7f1a2c6f45d594,"{""distance"":5,""physical_error_rate"":0.0005}","{""detection_events"":7038,""detectors_checked"":3211264}"
      3072,         0,         0,   0.027,exact_mw,cb12ae119b9b2ba18d0216e7235b403229e92fd0743ede48fe7f1a2c6f45d594,"{""distance"":5,""physical_error_rate"":0.0005}","{""detection_events"":1367,""detectors_checked"":688128}"
      2048,         0,         0,   0.028,exact_mw,cb12ae119b9b2ba18d0216e7235b403229e92fd0743ede48fe7f1a2c6f45d594,"{""distance"":5,""physical_error_rate"":0.0005}","{""detection_events"":890,""detectors_checked"":458752}"
      4096,         0,         0,   0.056,exact_mw,cb12ae119b9b2ba18d0216e7235b403229e92fd0743ede48fe7f1a2c6f45d594,"{""distance"":5,""physical_error_rate"":0.0005}","{""detection_events"":2043,""detectors_checked"":917504}"
     13312,         0,         0,   0.180,exact_mw,cb12ae119b9b2ba18d0216e7235b403229e92fd0743ede48fe7f1a2c6f45d594,"{""distance"":5,""physical_error_rate"":0.0005}","{""detection_events"":6432,""detectors_checked"":2981888}"
      3072,         0,         0,   0.039,exact_mw,cb12ae119b9b2ba18d0216e7235b403229e92fd0743ede48fe7f1a2c6f45d594,"{""distance"":5,""physical_error_rate"":0.0005}","{""detection_events"":1504,""detectors_checked"":688128}"
      4096,         0,         0,   0.053,exact_mw,cb12ae119b9b2ba18d0216e7235b403229e92fd0743ede48fe7f1a2c6f45d594,"{""distance"":5,""physical_error_rate"":0.0005}","{""detection_events"":1999,""detectors_checked"":917504}"
       273,         0,         0,   0.006,exact_mw,cb12ae119b9b2ba18d0216e7235b403229e92fd0743ede48fe7f1a2c6f45d594,"{""distance"":5,""physical_error_rate"":0.0005}","{""detection_events"":124,""detectors_checked"":61152}"
      3072,         0,         0,   0.015,exact_mw,cb12ae119b9b2ba18d0216e7235b403229e92fd0743ede48fe7f1a2c6f45d594,"{""distance"":5,""physical_error_rate"":0.0005}","{""detection_events"":1445,""detectors_checked"":688128}"
      8192,         0,         0,   0.076,exact_mw,cb12ae119b9b2ba18d0216e7235b403229e92fd0743ede48fe7f1a2c6f45d594,"{""distance"":5,""physical_error_rate"":0.0005}","{""detection_events"":4142,""detectors_checked"":1835008}"
      7168,         0,         0,   0.113,exact_mw,cb12ae119b9b2ba18d0216e7235b403229e92fd0743ede48fe7f1a2c6f45d594,"{""distance"":5,""physical_error_rate"":0.0005}","{""detection_events"":3600,""detectors_checked"":1605632}"
     22528,         0,         0,   0.289,exact_mw,cb12ae119b9b2ba18d0216e7235b403229e92fd0743ede48fe7f1a2c6f45d594,"{""distance"":5,""physical_error_rate"":0.0005}","{""detection_events"":10985,""detectors_checked"":5046272}"
      3072,         0,         0,   0.028,exact_mw,cb12ae119b9b2ba18d0216e7235b403229e92fd0743ede48fe7f1a2c6f45d594,"{""distance"":5,""physical_error_rate"":0.0005}","{""detection_events"":1480,""detectors_checked"":688128}"
      2048,         0,         0,   0.031,exact_mw,cb12ae119b9b2ba18d0216e7235b403229e92fd0743ede48fe7f1a2c6f45d594,"{""distance"":5,""physical_error_rate"":0.0005}","{""detection_events"":996,""detectors_checked"":458752}"
      8192,         0,         0,   0.109,exact_mw,cb12ae119b9b2ba18d0216e7235b403229e92fd0743ede48fe7f1a2c6f45d594,"{""distance"":5,""physical_error_rate"":0.0005}","{""detection_events"":4116,""detectors_checked"":1835008}"
      5120,         0,         0,   0.049,exact_mw,cb12ae119b9b2ba18d0216e7235b403229e92fd0743ede48fe7f1a2c6f45d594,"{""distance"":5,""physical_error_rate"":0.0005}","{""detection_events"":2657,""detectors_checked"":1146880}"
      6144,         0,         0,   0.064,exact_mw,cb12ae119b9b2ba18d0216e7235b403229e92fd0743ede48fe7f1a2c6f45d594,"{""distance"":5,""physical_error_rate"":0.0005}","{""detection_events"":3039,""detectors_checked"":1376256}"
    190464,         1,         0,    2.15,exact_mw,cb12ae119b9b2ba18d0216e7235b403229e92fd0743ede48fe7f1a2c6f45d594,"{""distance"":5,""physical_error_rate"":0.0005}","{""detection_events"":93355,""detectors_checked"":42663936,""obs_mistake_mask=E"":1}"
     15360,         0,         0,   0.156,exact_mw,cb12ae119b9b2ba18d0216e7235b403229e92fd0743ede48fe7f1a2c6f45d594,"{""distance"":5,""physical_error_rate"":0.0005}","{""detection_events"":7629,""detectors_checked"":3440640}"
     13312,         0,         0,   0.215,exact_mw,cb12ae119b9b2ba18d0216e7235b403229e92fd0743ede48fe7f1a2c6f45d594,"{""distance"":5,""physical_error_rate"":0.0005}","{""detection_events"":6691,""detectors_checked"":2981888}"
      1024,         0,         0,   0.028,exact_mw,cb12ae119b9b2ba18d0216e7235b403229e92fd0743ede48fe7f1a2c6f45d594,"{""distance"":5,""physical_error_rate"":0.0005}","{""detection_events"":529,""detectors_checked"":229376}"
      6144,         0,         0,   0.082,exact_mw,cb12ae119b9b2ba18d0216e7235b403229e92fd0743ede48fe7f1a2c6f45d594,"{""distance"":5,""physical_error_rate"":0.0005}","{""detection_events"":2844,""detectors_checked"":1376256}"
     11264,         0,         0,   0.125,exact_mw,cb12ae119b9b2ba18d0216e7235b403229e92fd0743ede48fe7f1a2c6f45d594,"{""distance"":5,""physical_error_rate"":0.0005}","{""detection_events"":5655,""detectors_checked"":2523136}"
     13312,         0,         0,   0.193,exact_mw,cb12ae119b9b2ba18d0216e7235b403229e92fd0743ede48fe7f1a2c6f45d594,"{""distance"":5,""physical_error_rate"":0.0005}","{""detection_events"":6667,""detectors_checked"":2981888}"
      5120,         0,         0,   0.042,exact_mw,cb12ae119b9b2ba18d0216e7235b403229e92fd0743ede48fe7f1a2c6f45d594,"{""distance"":5,""physical_error_rate"":0.0005}","{""detection_events"":2509,""detectors_checked"":1146880}"
      2321,         0,         0,   0.031,exact_mw,cb12ae119b9b2ba18d0216e7235b403229e92fd0743ede48fe7f1a2c6f45d594,"{""distance"":5,""physical_error_rate"":0.0005}","{""detection_events"":1092,""detectors_checked"":519904}"
      6144,         0,         0,   0.088,exact_mw,cb12ae119b9b2ba18d0216e7235b403229e92fd0743ede48fe7f1a2c6f45d594,"{""distance"":5,""physical_error_rate"":0.0005}","{""detection_events"":3196,""detectors_checked"":1376256}"
      2321,         0,         0,   0.024,exact_mw,cb12ae119b9b2ba18d0216e7235b403229e92fd0743ede48fe7f1a2c6f45d594,"{""distance"":5,""physical_error_rate"":0.0005}","{""detection_events"":1161,""detectors_checked"":519904}"
      9216,         0,         0,   0.078,exact_mw,cb12ae119b9b2ba18d0216e7235b403229e92fd0743ede48fe7f1a2c6f45d594,"{""distance"":5,""physical_error_rate"":0.0005}","{""detection_events"":4405,""detectors_checked"":2064384}"
     17408,         0,         0,   0.220,exact_mw,cb12ae119b9b2ba18d0216e7235b403229e92fd0743ede48fe7f1a2c6f45d594,"{""distance"":5,""physical_error_rate"":0.0005}","{""detection_events"":8437,""detectors_checked"":3899392}"
      3072,         0,         0,   0.032,exact_mw,cb12ae119b9b2ba18d0216e7235b403229e92fd0743ede48fe7f1a2c6f45d594,"{""distance"":5,""physical_error_rate"":0.0005}","{""detection_events"":1399,""detectors_checked"":688128}"
     56320,         0,         0,   0.547,exact_mw,cb12ae119b9b2ba18d0216e7235b403229e92fd0743ede48fe7f1a2c6f45d594,"{""distance"":5,""physical_error_rate"":0.0005}","{""detection_events"":27659,""detectors_checked"":12615680}"
      6144,         0,         0,   0.054,exact_mw,cb12ae119b9b2ba18d0216e7235b403229e92fd0743ede48fe7f1a2c6f45d594,"{""distance"":5,""physical_error_rate"":0.0005}","{""detection_events"":2982,""detectors_checked"":1376256}"
      2048,         0,         0,   0.029,exact_mw,cb12ae119b9b2ba18d0216e7235b403229e92fd0743ede48fe7f1a2c6f45d594,"{""distance"":5,""physical_error_rate"":0.0005}","{""detection_events"":1089,""detectors_checked"":458752}"
      3072,         0,         0,   0.028,exact_mw,cb12ae119b9b2ba18d0216e7235b403229e92fd0743ede48fe7f1a2c6f45d594,"{""distance"":5,""physical_error_rate"":0.0005}","{""detection_events"":1480,""detectors_checked"":688128}"
      7168,         0,         0,   0.077,exact_mw,cb12ae119b9b2ba18d0216e7235b403229e92fd0743ede48fe7f1a2c6f45d594,"{""distance"":5,""physical_error_rate"":0.0005}","{""detection_events"":3600,""detectors_checked"":1605632}"
      1024,         0,         0,   0.005,exact_mw,cb12ae119b9b2ba18d0216e7235b403229e92fd0743ede48fe7f1a2c6f45d594,"{""distance"":5,""physical_error_rate"":0.0005}","{""detection_events"":569,""detectors_checked"":229376}"
      1024,         0,         0,   0.005,exact_mw,cb12ae119b9b2ba18d0216e7235b403229e92fd0743ede48fe7f1a2c6f45d594,"{""distance"":5,""physical_error_rate"":0.0005}","{""detection_events"":445,""detectors_checked"":229376}"
      3072,         0,         0,   0.044,exact_mw,cb12ae119b9b2ba18d0216e7235b403229e92fd0743ede48fe7f1a2c6f45d594,"{""distance"":5,""physical_error_rate"":0.0005}","{""detection_events"":1531,""detectors_checked"":688128}"
      8192,         0,         0,   0.075,exact_mw,cb12ae119b9b2ba18d0216e7235b403229e92fd0743ede48fe7f1a2c6f45d594,"{""distance"":5,""physical_error_rate"":0.0005}","{""detection_events"":4055,""detectors_checked"":1835008}"
      1297,         0,         0,   0.027,exact_mw,cb12ae119b9b2ba18d0216e7235b403229e92fd0743ede48fe7f1a2c6f45d594,"{""distance"":5,""physical_error_rate"":0.0005}","{""detection_events"":703,""detectors_checked"":290528}"
      5120,         0,         0,   0.041,exact_mw,cb12ae119b9b2ba18d0216e7235b403229e92fd0743ede48fe7f1a2c6f45d594,"{""distance"":5,""physical_error_rate"":0.0005}","{""detection_events"":2367,""detectors_checked"":1146880}"
     10240,         0,         0,   0.163,exact_mw,cb12ae119b9b2ba18d0216e7235b403229e92fd0743ede48fe7f1a2c6f45d594,"{""distance"":5,""physical_error_rate"":0.0005}","{""detection_events"":4946,""detectors_checked"":2293760}"
      2048,         0,         0,   0.049,exact_mw,cb12ae119b9b2ba18d0216e7235b403229e92fd0743ede48fe7f1a2c6f45d594,"{""distance"":5,""physical_error_rate"":0.0005}","{""detection_events"":982,""detectors_checked"":458752}"
      8192,         0,         0,   0.077,exact_mw,cb12ae119b9b2ba18d0216e7235b403229e92fd0743ede48fe7f1a2c6f45d594,"{""distance"":5,""physical_error_rate"":0.0005}","{""detection_events"":4051,""detectors_checked"":1835008}"
      7168,         0,         0,   0.113,exact_mw,cb12ae119b9b2ba18d0216e7235b403229e92fd0743ede48fe7f1a2c6f45d594,"{""distance"":5,""physical_error_rate"":0.0005}","{""detection_events"":3603,""detectors_checked"":1605632}"
     11264,         0,         0,   0.111,exact_mw,cb12ae119b9b2ba18d0216e7235b403229e92fd0743ede48fe7f1a2c6f45d594,"{""distance"":5,""physical_error_rate"":0.0005}","{""detection_events"":5576,""detectors_checked"":2523136}"
      1024,         0,         0,   0.025,exact_mw,cb12ae119b9b2ba18d0216e7235b403229e92fd0743ede48fe7f1a2c6f45d594,"{""distance"":5,""physical_error_rate"":0.0005}","{""detection_events"":510,""detectors_checked"":229376}"
      5120,         0,         0,   0.054,exact_mw,cb12ae119b9b2ba18d0216e7235b403229e92fd0743ede48fe7f1a2c6f45d594,"{""distance"":5,""physical_error_rate"":0.0005}","{""detection_events"":2606,""detectors_checked"":1146880}"
     11264,         0,         0,   0.105,exact_mw,cb12ae119b9b2ba18d0216e7235b403229e92fd0743ede48fe7f1a2c6f45d594,"{""distance"":5,""physical_error_rate"":0.0005}","{""detection_events"":5640,""detectors_checked"":2523136}"
     18432,         0,         0,   0.212,exact_mw,cb12ae119b9b2ba18d0216e7235b403229e92fd0743ede48fe7f1a2c6f45d594,"{""distance"":5,""physical_error_rate"":0.0005}","{""detection_events"":9103,""detectors_checked"":4128768}"
      9216,         0,         0,   0.157,exact_mw,cb12ae119b9b2ba18d0216e7235b403229e92fd0743ede48fe7f1a2c6f45d594,"{""distance"":5,""physical_error_rate"":0.0005}","{""detection_events"":4547,""detectors_checked"":2064384}"
      3072,         0,         0,   0.043,exact_mw,cb12ae119b9b2ba18d0216e7235b403229e92fd0743ede48fe7f1a2c6f45d594,"{""distance"":5,""physical_error_rate"":0.0005}","{""detection_events"":1443,""detectors_checked"":688128}"
     11264,         0,         0,   0.149,exact_mw,cb12ae119b9b2ba18d0216e7235b403229e92fd0743ede48fe7f1a2c6f45d594,"{""distance"":5,""physical_error_rate"":0.0005}","{""detection_events"":5610,""detectors_checked"":2523136}"
      2048,         0,         0,   0.030,exact_mw,cb12ae119b9b2ba18d0216e7235b403229e92fd0743ede48fe7f1a2c6f45d594,"{""distance"":5,""physical_error_rate"":0.0005}","{""detection_events"":1029,""detectors_checked"":458752}"
     26624,         0,         0,   0.394,exact_mw,cb12ae119b9b2ba18d0216e7235b403229e92fd0743ede48fe7f1a2c6f45d594,"{""distance"":5,""physical_error_rate"":0.0005}","{""detection_events"":13950,""detectors_checked"":5963776}"
     11264,         0,         0,   0.110,exact_mw,cb12ae119b9b2ba18d0216e7235b403229e92fd0743ede48fe7f1a2c6f45d594,"{""distance"":5,""physical_error_rate"":0.0005}","{""detection_events"":5668,""detectors_checked"":2523136}"
      5120,         0,         0,   0.067,exact_mw,cb12ae119b9b2ba18d0216e7235b403229e92fd0743ede48fe7f1a2c6f45d594,"{""distance"":5,""physical_error_rate"":0.0005}","{""detection_events"":2495,""detectors_checked"":1146880}"
     19456,         0,         0,   0.293,exact_mw,cb12ae119b9b2ba18d0216e7235b403229e92fd0743ede48fe7f1a2c6f45d594,"{""distance"":5,""physical_error_rate"":0.0005}","{""detection_events"":9584,""detectors_checked"":4358144}"
      3072,         0,         0,   0.028,exact_mw,cb12ae119b9b2ba18d0216e7235b403229e92fd0743ede48fe7f1a2c6f45d594,"{""distance"":5,""physical_error_rate"":0.0005}","{""detection_events"":1689,""detectors_checked"":688128}"
     18432,         0,         0,   0.208,exact_mw,cb12ae119b9b2ba18d0216e7235b403229e92fd0743ede48fe7f1a2c6f45d594,"{""distance"":5,""physical_error_rate"":0.0005}","{""detection_events"":9303,""detectors_checked"":4128768}"
      7168,         0,         0,   0.078,exact_mw,cb12ae119b9b2ba18d0216e7235b403229e92fd0743ede48fe7f1a2c6f45d594,"{""distance"":5,""physical_error_rate"":0.0005}","{""detection_events"":3537,""detectors_checked"":1605632}"
      9216,         0,         0,   0.105,exact_mw,cb12ae119b9b2ba18d0216e7235b403229e92fd0743ede48fe7f1a2c6f45d594,"{""distance"":5,""physical_error_rate"":0.0005}","{""detection_events"":4255,""detectors_checked"":2064384}"
      6144,         0,         0,   0.063,exact_mw,cb12ae119b9b2ba18d0216e7235b403229e92fd0743ede48fe7f1a2c6f45d594,"{""distance"":5,""physical_error_rate"":0.0005}","{""detection_events"":3000,""detectors_checked"":1376256}"
     20480,         0,         0,   0.299,exact_mw,cb12ae119b9b2ba18d0216e7235b403229e92fd0743ede48fe7f1a2c6f45d594,"{""distance"":5,""physical_error_rate"":0.0005}","{""detection_events"":10253,""detectors_checked"":4587520}"
      9216,         0,         0,   0.108,exact_mw,cb12ae119b9b2ba18d0216e7235b403229e92fd0743ede48fe7f1a2c6f45d594,"{""distance"":5,""physical_error_rate"":0.0005}","{""detection_events"":4634,""detectors_checked"":2064384}"
      2321,         0,         0,   0.015,exact_mw,cb12ae119b9b2ba18d0216e7235b403229e92fd0743ede48fe7f1a2c6f45d594,"{""distance"":5,""physical_error_rate"":0.0005}","{""detection_events"":1133,""detectors_checked"":519904}"
      7168,         0,         0,   0.059,exact_mw,cb12ae119b9b2ba18d0216e7235b403229e92fd0743ede48fe7f1a2c6f45d594,"{""distance"":5,""physical_error_rate"":0.0005}","{""detection_events"":3412,""detectors_checked"":1605632}"
      1024,         0,         0,   0.007,exact_mw,cb12ae119b9b2ba18d0216e7235b403229e92fd0743ede48fe7f1a2c6f45d594,"{""distance"":5,""physical_error_rate"":0.0005}","{""detection_events"":488,""detectors_checked"":229376}"
         1,         0,         0,   0.000,exact_mw,cb12ae119b9b2ba18d0216e7235b403229e92fd0743ede48fe7f1a2c6f45d594,"{""distance"":5,""physical_error_rate"":0.0005}","{""detectors_checked"":224}"
      6144,         0,         0,   0.065,exact_mw,cb12ae119b9b2ba18d0216e7235b403229e92fd0743ede48fe7f1a2c6f45d594,"{""distance"":5,""physical_error_rate"":0.0005}","{""detection_events"":3055,""detectors_checked"":1376256}"
      3072,         0,         0,   0.028,exact_mw,cb12ae119b9b2ba18d0216e7235b403229e92fd0743ede48fe7f1a2c6f45d594,"{""distance"":5,""physical_error_rate"":0.0005}","{""detection_events"":1430,""detectors_checked"":688128}"
     10240,         0,         0,   0.159,exact_mw,cb12ae119b9b2ba18d0216e7235b403229e92fd0743ede48fe7f1a2c6f45d594,"{""distance"":5,""physical_error_rate"":0.0005}","{""detection_events"":5026,""detectors_checked"":2293760}"
     13312,         0,         0,   0.156,exact_mw,cb12ae119b9b2ba18d0216e7235b403229e92fd0743ede48fe7f1a2c6f45d594,"{""distance"":5,""physical_error_rate"":0.0005}","{""detection_events"":6582,""detectors_checked"":2981888}"
      3344,         0,         0,   0.029,exact_mw,cb12ae119b9b2ba18d0216e7235b403229e92fd0743ede48fe7f1a2c6f45d594,"{""distance"":5,""physical_error_rate"":0.0005}","{""detection_events"":1623,""detectors_checked"":749056}"
     10240,         0,         0,   0.156,exact_mw,cb12ae119b9b2ba18d0216e7235b403229e92fd0743ede48fe7f1a2c6f45d594,"{""distance"":5,""physical_error_rate"":0.0005}","{""detection_events"":5051,""detectors_checked"":2293760}"
     20480,         0,         0,   0.301,exact_mw,cb12ae119b9b2ba18d0216e7235b403229e92fd0743ede48fe7f1a2c6f45d594,"{""distance"":5,""physical_error_rate"":0.0005}","{""detection_events"":9918,""detectors_checked"":4587520}"
     24576,         0,         0,   0.282,exact_mw,cb12ae119b9b2ba18d0216e7235b403229e92fd0743ede48fe7f1a2c6f45d594,"{""distance"":5,""physical_error_rate"":0.0005}","{""detection_events"":11826,""detectors_checked"":5505024}"
         1,         0,         0,   0.000,exact_mw,cb12ae119b9b2ba18d0216e7235b403229e92fd0743ede48fe7f1a2c6f45d594,"{""distance"":5,""physical_error_rate"":0.0005}","{""detectors_checked"":224}"
      8192,         0,         0,   0.082,exact_mw,cb12ae119b9b2ba18d0216e7235b403229e92fd0743ede48fe7f1a2c6f45d594,"{""distance"":5,""physical_error_rate"":0.0005}","{""detection_events"":3916,""detectors_checked"":1835008}"
      3072,         0,         0,   0.030,exact_mw,cb12ae119b9b2ba18d0216e7235b403229e92fd0743ede48fe7f1a2c6f45d594,"{""distance"":5,""physical_error_rate"":0.0005}","{""detection_events"":1529,""detectors_checked"":688128}"
      2048,         0,         0,   0.025,exact_mw,cb12ae119b9b2ba18d0216e7235b403229e92fd0743ede48fe7f1a2c6f45d594,"{""distance"":5,""physical_error_rate"":0.0005}","{""detection_events"":1124,""detectors_checked"":458752}"
     27648,         0,         0,   0.291,exact_mw,cb12ae119b9b2ba18d0216e7235b403229e92fd0743ede48fe7f1a2c6f45d594,"{""distance"":5,""physical_error_rate"":0.0005}","{""detection_events"":13496,""detectors_checked"":6193152}"
     10240,         0,         0,   0.109,exact_mw,cb12ae119b9b2ba18d0216e7235b403229e92fd0743ede48fe7f1a2c6f45d594,"{""distance"":5,""physical_error_rate"":0.0005}","{""detection_events"":5065,""detectors_checked"":2293760}"
      1297,         0,         0,   0.023,exact_mw,cb12ae119b9b2ba18d0216e7235b403229e92fd0743ede48fe7f1a2c6f45d594,"{""distance"":5,""physical_error_rate"":0.0005}","{""detection_events"":728,""detectors_checked"":290528}"
      8192,         0,         0,   0.075,exact_mw,cb12ae119b9b2ba18d0216e7235b403229e92fd0743ede48fe7f1a2c6f45d594,"{""distance"":5,""physical_error_rate"":0.0005}","{""detection_events"":3876,""detectors_checked"":1835008}"
     14336,         0,         0,   0.214,exact_mw,cb12ae119b9b2ba18d0216e7235b403229e92fd0743ede48fe7f1a2c6f45d594,"{""distance"":5,""physical_error_rate"":0.0005}","{""detection_events"":7100,""detectors_checked"":3211264}"
      6144,         0,         0,   0.056,exact_mw,cb12ae119b9b2ba18d0216e7235b403229e92fd0743ede48fe7f1a2c6f45d594,"{""distance"":5,""physical_error_rate"":0.0005}","{""detection_events"":2985,""detectors_checked"":1376256}"
     99328,         0,         0,   0.572,exact_mw,cb12ae119b9b2ba18d0216e7235b403229e92fd0743ede48fe7f1a2c6f45d594,"{""distance"":5,""physical_error_rate"":0.0005}","{""detection_events"":48652,""detectors_checked"":22249472}"
      2320,         0,         0,   0.029,exact_mw,cb12ae119b9b2ba18d0216e7235b403229e92fd0743ede48fe7f1a2c6f45d594,"{""distance"":5,""physical_error_rate"":0.0005}","{""detection_events"":1236,""detectors_checked"":519680}"
         1,         0,         0,   0.000,exact_mw,cb12ae119b9b2ba18d0216e7235b403229e92fd0743ede48fe7f1a2c6f45d594,"{""distance"":5,""physical_error_rate"":0.0005}","{""detection_events"":2,""detectors_checked"":224}"
     15360,         0,         0,   0.164,exact_mw,cb12ae119b9b2ba18d0216e7235b403229e92fd0743ede48fe7f1a2c6f45d594,"{""distance"":5,""physical_error_rate"":0.0005}","{""detection_events"":7595,""detectors_checked"":3440640}"
      3072,         0,         0,   0.028,exact_mw,cb12ae119b9b2ba18d0216e7235b403229e92fd0743ede48fe7f1a2c6f45d594,"{""distance"":5,""physical_error_rate"":0.0005}","{""detection_events"":1605,""detectors_checked"":688128}"
      2048,         0,         0,   0.028,exact_mw,cb12ae119b9b2ba18d0216e7235b403229e92fd0743ede48fe7f1a2c6f45d594,"{""distance"":5,""physical_error_rate"":0.0005}","{""detection_events"":1000,""detectors_checked"":458752}"
      3072,         0,         0,   0.017,exact_mw,cb12ae119b9b2ba18d0216e7235b403229e92fd0743ede48fe7f1a2c6f45d594,"{""distance"":5,""physical_error_rate"":0.0005}","{""detection_events"":1485,""detectors_checked"":688128}"
     15360,         0,         0,   0.147,exact_mw,cb12ae119b9b2ba18d0216e7235b403229e92fd0743ede48fe7f1a2c6f45d594,"{""distance"":5,""physical_error_rate"":0.0005}","{""detection_events"":7376,""detectors_checked"":3440640}"
      1024,         0,         0,   0.027,exact_mw,cb12ae119b9b2ba18d0216e7235b403229e92fd0743ede48fe7f1a2c6f45d594,"{""distance"":5,""physical_error_rate"":0.0005}","{""detection_events"":483,""detectors_checked"":229376}"
     15360,         0,         0,   0.219,exact_mw,cb12ae119b9b2ba18d0216e7235b403229e92fd0743ede48fe7f1a2c6f45d594,"{""distance"":5,""physical_error_rate"":0.0005}","{""detection_events"":7482,""detectors_checked"":3440640}"
      2048,         0,         0,   0.026,exact_mw,cb12ae119b9b2ba18d0216e7235b403229e92fd0743ede48fe7f1a2c6f45d594,"{""distance"":5,""physical_error_rate"":0.0005}","{""detection_events"":1059,""detectors_checked"":458752}"
      2320,         0,         0,   0.024,exact_mw,cb12ae119b9b2ba18d0216e7235b403229e92fd0743ede48fe7f1a2c6f45d594,"{""distance"":5,""physical_error_rate"":0.0005}","{""detection_events"":1106,""detectors_checked"":519680}"
     19456,         0,         0,   0.203,exact_mw,cb12ae119b9b2ba18d0216e7235b403229e92fd0743ede48fe7f1a2c6f45d594,"{""distance"":5,""physical_error_rate"":0.0005}","{""detection_events"":9510,""detectors_checked"":4358144}"
     28672,         0,         0,   0.397,exact_mw,cb12ae119b9b2ba18d0216e7235b403229e92fd0743ede48fe7f1a2c6f45d594,"{""distance"":5,""physical_error_rate"":0.0005}","{""detection_events"":14245,""detectors_checked"":6422528}"
      9216,         0,         0,   0.156,exact_mw,cb12ae119b9b2ba18d0216e7235b403229e92fd0743ede48fe7f1a2c6f45d594,"{""distance"":5,""physical_error_rate"":0.0005}","{""detection_events"":4482,""detectors_checked"":2064384}"
      2048,         0,         0,   0.018,exact_mw,cb12ae119b9b2ba18d0216e7235b403229e92fd0743ede48fe7f1a2c6f45d594,"{""distance"":5,""physical_error_rate"":0.0005}","{""detection_events"":1113,""detectors_checked"":458752}"
      1024,         0,         0,   0.018,exact_mw,cb12ae119b9b2ba18d0216e7235b403229e92fd0743ede48fe7f1a2c6f45d594,"{""distance"":5,""physical_error_rate"":0.0005}","{""detection_events"":476,""detectors_checked"":229376}"
      6144,         0,         0,   0.070,exact_mw,cb12ae119b9b2ba18d0216e7235b403229e92fd0743ede48fe7f1a2c6f45d594,"{""distance"":5,""physical_error_rate"":0.0005}","{""detection_events"":3046,""detectors_checked"":1376256}"
      4096,         0,         0,   0.050,exact_mw,cb12ae119b9b2ba18d0216e7235b403229e92fd0743ede48fe7f1a2c6f45d594,"{""distance"":5,""physical_error_rate"":0.0005}","{""detection_events"":2038,""detectors_checked"":917504}"
     10240,         0,         0,   0.109,exact_mw,cb12ae119b9b2ba18d0216e7235b403229e92fd0743ede48fe7f1a2c6f45d594,"{""distance"":5,""physical_error_rate"":0.0005}","{""detection_events"":4935,""detectors_checked"":2293760}"
      8192,         0,         0,   0.066,exact_mw,cb12ae119b9b2ba18d0216e7235b403229e92fd0743ede48fe7f1a2c6f45d594,"{""distance"":5,""physical_error_rate"":0.0005}","{""detection_events"":4109,""detectors_checked"":1835008}"
     11264,         0,         0,   0.105,exact_mw,cb12ae119b9b2ba18d0216e7235b403229e92fd0743ede48fe7f1a2c6f45d594,"{""distance"":5,""physical_error_rate"":0.0005}","{""detection_events"":5774,""detectors_checked"":2523136}"
      6144,         0,         0,   0.054,exact_mw,cb12ae119b9b2ba18d0216e7235b403229e92fd0743ede48fe7f1a2c6f45d594,"{""distance"":5,""physical_error_rate"":0.0005}","{""detection_events"":3094,""detectors_checked"":1376256}"
     18432,         0,         0,   0.299,exact_mw,cb12ae119b9b2ba18d0216e7235b403229e92fd0743ede48fe7f1a2c6f45d594,"{""distance"":5,""physical_error_rate"":0.0005}","{""detection_events"":9056,""detectors_checked"":4128768}"
      2048,         0,         0,   0.032,exact_mw,cb12ae119b9b2ba18d0216e7235b403229e92fd0743ede48fe7f1a2c6f45d594,"{""distance"":5,""physical_error_rate"":0.0005}","{""detection_events"":1003,""detectors_checked"":458752}"
      2048,         0,         0,   0.042,exact_mw,cb12ae119b9b2ba18d0216e7235b403229e92fd0743ede48fe7f1a2c6f45d594,"{""distance"":5,""physical_error_rate"":0.0005}","{""detection_events"":1009,""detectors_checked"":458752}"
      3072,         0,         0,   0.039,exact_mw,cb12ae119b9b2ba18d0216e7235b403229e92fd0743ede48fe7f1a2c6f45d594,"{""distance"":5,""physical_error_rate"":0.0005}","{""detection_events"":1500,""detectors_checked"":688128}"
      3072,         0,         0,   0.028,exact_mw,cb12ae119b9b2ba18d0216e7235b403229e92fd0743ede48fe7f1a2c6f45d594,"{""distance"":5,""physical_error_rate"":0.0005}","{""detection_events"":1605,""detectors_checked"":688128}"
     34816,         0,         0,   0.571,exact_mw,cb12ae119b9b2ba18d0216e7235b403229e92fd0743ede48fe7f1a2c6f45d594,"{""distance"":5,""physical_error_rate"":0.0005}","{""detection_events"":17221,""detectors_checked"":7798784}"
     17408,         0,         0,   0.160,exact_mw,cb12ae119b9b2ba18d0216e7235b403229e92fd0743ede48fe7f1a2c6f45d594,"{""distance"":5,""physical_error_rate"":0.0005}","{""detection_events"":8737,""detectors_checked"":3899392}"
      4096,         0,         0,   0.039,exact_mw,cb12ae119b9b2ba18d0216e7235b403229e92fd0743ede48fe7f1a2c6f45d594,"{""distance"":5,""physical_error_rate"":0.0005}","{""detection_events"":2110,""detectors_checked"":917504}"
     32768,         0,         0,   0.289,exact_mw,cb12ae119b9b2ba18d0216e7235b403229e92fd0743ede48fe7f1a2c6f45d594,"{""distance"":5,""physical_error_rate"":0.0005}","{""detection_events"":16105,""detectors_checked"":7340032}"
      3072,         0,         0,   0.049,exact_mw,cb12ae119b9b2ba18d0216e7235b403229e92fd0743ede48fe7f1a2c6f45d594,"{""distance"":5,""physical_error_rate"":0.0005}","{""detection_events"":1483,""detectors_checked"":688128}"
     13312,         0,         0,   0.214,exact_mw,cb12ae119b9b2ba18d0216e7235b403229e92fd0743ede48fe7f1a2c6f45d594,"{""distance"":5,""physical_error_rate"":0.0005}","{""detection_events"":6563,""detectors_checked"":2981888}"
     14336,         0,         0,   0.217,exact_mw,cb12ae119b9b2ba18d0216e7235b403229e92fd0743ede48fe7f1a2c6f45d594,"{""distance"":5,""physical_error_rate"":0.0005}","{""detection_events"":7431,""detectors_checked"":3211264}"
      7168,         0,         0,   0.075,exact_mw,cb12ae119b9b2ba18d0216e7235b403229e92fd0743ede48fe7f1a2c6f45d594,"{""distance"":5,""physical_error_rate"":0.0005}","{""detection_events"":3577,""detectors_checked"":1605632}"
     20480,         0,         0,   0.219,exact_mw,cb12ae119b9b2ba18d0216e7235b403229e92fd0743ede48fe7f1a2c6f45d594,"{""distance"":5,""physical_error_rate"":0.0005}","{""detection_events"":10044,""detectors_checked"":4587520}"
      8192,         0,         0,   0.075,exact_mw,cb12ae119b9b2ba18d0216e7235b403229e92fd0743ede48fe7f1a2c6f45d594,"{""distance"":5,""physical_error_rate"":0.0005}","{""detection_events"":4091,""detectors_checked"":1835008}"
      8192,         0,         0,   0.107,exact_mw,cb12ae119b9b2ba18d0216e7235b403229e92fd0743ede48fe7f1a2c6f45d594,"{""distance"":5,""physical_error_rate"":0.0005}","{""detection_events"":4012,""detectors_checked"":1835008}"
      6144,         0,         0,   0.057,exact_mw,cb12ae119b9b2ba18d0216e7235b403229e92fd0743ede48fe7f1a2c6f45d594,"{""distance"":5,""physical_error_rate"":0.0005}","{""detection_events"":3027,""detectors_checked"":1376256}"
      6144,         0,         0,   0.054,exact_mw,cb12ae119b9b2ba18d0216e7235b403229e92fd0743ede48fe7f1a2c6f45d594,"{""distance"":5,""physical_error_rate"":0.0005}","{""detection_events"":2905,""detectors_checked"":1376256}"
     16384,         0,         0,   0.208,exact_mw,cb12ae119b9b2ba18d0216e7235b403229e92fd0743ede48fe7f1a2c6f45d594,"{""distance"":5,""physical_error_rate"":0.0005}","{""detection_events"":8051,""detectors_checked"":3670016}"
     14336,         0,         0,   0.135,exact_mw,cb12ae119b9b2ba18d0216e7235b403229e92fd0743ede48fe7f1a2c6f45d594,"{""distance"":5,""physical_error_rate"":0.0005}","{""detection_events"":7065,""detectors_checked"":3211264}"
      5120,         0,         0,   0.085,exact_mw,cb12ae119b9b2ba18d0216e7235b403229e92fd0743ede48fe7f1a2c6f45d594,"{""distance"":5,""physical_error_rate"":0.0005}","{""detection_events"":2554,""detectors_checked"":1146880}"
     19456,         0,         0,   0.213,exact_mw,cb12ae119b9b2ba18d0216e7235b403229e92fd0743ede48fe7f1a2c6f45d594,"{""distance"":5,""physical_error_rate"":0.0005}","{""detection_events"":9495,""detectors_checked"":4358144}"
     16384,         0,         0,   0.159,exact_mw,cb12ae119b9b2ba18d0216e7235b403229e92fd0743ede48fe7f1a2c6f45d594,"{""distance"":5,""physical_error_rate"":0.0005}","{""detection_events"":7909,""detectors_checked"":3670016}"
     78848,         0,         0,    1.09,exact_mw,cb12ae119b9b2ba18d0216e7235b403229e92fd0743ede48fe7f1a2c6f45d594,"{""distance"":5,""physical_error_rate"":0.0005}","{""detection_events"":38961,""detectors_checked"":17661952}"
     12288,         0,         0,   0.218,exact_mw,cb12ae119b9b2ba18d0216e7235b403229e92fd0743ede48fe7f1a2c6f45d594,"{""distance"":5,""physical_error_rate"":0.0005}","{""detection_events"":6017,""detectors_checked"":2752512}"
     26624,         0,         0,   0.425,exact_mw,cb12ae119b9b2ba18d0216e7235b403229e92fd0743ede48fe7f1a2c6f45d594,"{""distance"":5,""physical_error_rate"":0.0005}","{""detection_events"":13221,""detectors_checked"":5963776}"
     72704,         0,         0,    1.12,exact_mw,cb12ae119b9b2ba18d0216e7235b403229e92fd0743ede48fe7f1a2c6f45d594,"{""distance"":5,""physical_error_rate"":0.0005}","{""detection_events"":36289,""detectors_checked"":16285696}"
      8192,         0,         0,   0.110,exact_mw,cb12ae119b9b2ba18d0216e7235b403229e92fd0743ede48fe7f1a2c6f45d594,"{""distance"":5,""physical_error_rate"":0.0005}","{""detection_events"":4032,""detectors_checked"":1835008}"
     11264,         0,         0,   0.108,exact_mw,cb12ae119b9b2ba18d0216e7235b403229e92fd0743ede48fe7f1a2c6f45d594,"{""distance"":5,""physical_error_rate"":0.0005}","{""detection_events"":5509,""detectors_checked"":2523136}"
      9216,         0,         0,   0.082,exact_mw,cb12ae119b9b2ba18d0216e7235b403229e92fd0743ede48fe7f1a2c6f45d594,"{""distance"":5,""physical_error_rate"":0.0005}","{""detection_events"":4396,""detectors_checked"":2064384}"
     20480,         0,         0,   0.299,exact_mw,cb12ae119b9b2ba18d0216e7235b403229e92fd0743ede48fe7f1a2c6f45d594,"{""distance"":5,""physical_error_rate"":0.0005}","{""detection_events"":10045,""detectors_checked"":4587520}"
      8192,         0,         0,   0.080,exact_mw,cb12ae119b9b2ba18d0216e7235b403229e92fd0743ede48fe7f1a2c6f45d594,"{""distance"":5,""physical_error_rate"":0.0005}","{""detection_events"":4176,""detectors_checked"":1835008}"
     28672,         0,         0,   0.397,exact_mw,cb12ae119b9b2ba18d0216e7235b403229e92fd0743ede48fe7f1a2c6f45d594,"{""distance"":5,""physical_error_rate"":0.0005}","{""detection_events"":14090,""detectors_checked"":6422528}"
     15360,         0,         0,   0.135,exact_mw,cb12ae119b9b2ba18d0216e7235b403229e92fd0743ede48fe7f1a2c6f45d594,"{""distance"":5,""physical_error_rate"":0.0005}","{""detection_events"":7889,""detectors_checked"":3440640}"
     20480,         0,         0,   0.287,exact_mw,cb12ae119b9b2ba18d0216e7235b403229e92fd0743ede48fe7f1a2c6f45d594,"{""distance"":5,""physical_error_rate"":0.0005}","{""detection_events"":9976,""detectors_checked"":4587520}"
     21504,         0,         0,   0.282,exact_mw,cb12ae119b9b2ba18d0216e7235b403229e92fd0743ede48fe7f1a2c6f45d594,"{""distance"":5,""physical_error_rate"":0.0005}","{""detection_events"":10767,""detectors_checked"":4816896}"
      8192,         0,         0,   0.110,exact_mw,cb12ae119b9b2ba18d0216e7235b403229e92fd0743ede48fe7f1a2c6f45d594,"{""distance"":5,""physical_error_rate"":0.0005}","{""detection_events"":4073,""detectors_checked"":1835008}"
     17408,         0,         0,   0.208,exact_mw,cb12ae119b9b2ba18d0216e7235b403229e92fd0743ede48fe7f1a2c6f45d594,"{""distance"":5,""physical_error_rate"":0.0005}","{""detection_events"":8463,""detectors_checked"":3899392}"
     28672,         0,         0,   0.406,exact_mw,cb12ae119b9b2ba18d0216e7235b403229e92fd0743ede48fe7f1a2c6f45d594,"{""distance"":5,""physical_error_rate"":0.0005}","{""detection_events"":14067,""detectors_checked"":6422528}"
     31744,         0,         0,   0.407,exact_mw,cb12ae119b9b2ba18d0216e7235b403229e92fd0743ede48fe7f1a2c6f45d594,"{""distance"":5,""physical_error_rate"":0.0005}","{""detection_events"":15712,""detectors_checked"":7110656}"
      9216,         0,         0,   0.089,exact_mw,cb12ae119b9b2ba18d0216e7235b403229e92fd0743ede48fe7f1a2c6f45d594,"{""distance"":5,""physical_error_rate"":0.0005}","{""detection_events"":4707,""detectors_checked"":2064384}"
     46080,         0,         0,   0.391,exact_mw,cb12ae119b9b2ba18d0216e7235b403229e92fd0743ede48fe7f1a2c6f45d594,"{""distance"":5,""physical_error_rate"":0.0005}","{""detection_events"":22799,""detectors_checked"":10321920}"
      9216,         0,         0,   0.105,exact_mw,cb12ae119b9b2ba18d0216e7235b403229e92fd0743ede48fe7f1a2c6f45d594,"{""distance"":5,""physical_error_rate"":0.0005}","{""detection_events"":4555,""detectors_checked"":2064384}"
     37888,         0,         0,   0.573,exact_mw,cb12ae119b9b2ba18d0216e7235b403229e92fd0743ede48fe7f1a2c6f45d594,"{""distance"":5,""physical_error_rate"":0.0005}","{""detection_events"":19001,""detectors_checked"":8486912}"
     13312,         0,         0,   0.130,exact_mw,cb12ae119b9b2ba18d0216e7235b403229e92fd0743ede48fe7f1a2c6f45d594,"{""distance"":5,""physical_error_rate"":0.0005}","{""detection_events"":6541,""detectors_checked"":2981888}"
     20480,         0,         0,   0.211,exact_mw,cb12ae119b9b2ba18d0216e7235b403229e92fd0743ede48fe7f1a2c6f45d594,"{""distance"":5,""physical_error_rate"":0.0005}","{""detection_events"":9987,""detectors_checked"":4587520}"
     10240,         0,         0,   0.141,exact_mw,cb12ae119b9b2ba18d0216e7235b403229e92fd0743ede48fe7f1a2c6f45d594,"{""distance"":5,""physical_error_rate"":0.0005}","{""detection_events"":4832,""detectors_checked"":2293760}"
     20480,         0,         0,   0.295,exact_mw,cb12ae119b9b2ba18d0216e7235b403229e92fd0743ede48fe7f1a2c6f45d594,"{""distance"":5,""physical_error_rate"":0.0005}","{""detection_events"":10029,""detectors_checked"":4587520}"
     20480,         0,         0,   0.194,exact_mw,cb12ae119b9b2ba18d0216e7235b403229e92fd0743ede48fe7f1a2c6f45d594,"{""distance"":5,""physical_error_rate"":0.0005}","{""detection_events"":10091,""detectors_checked"":4587520}"
     20480,         0,         0,   0.294,exact_mw,cb12ae119b9b2ba18d0216e7235b403229e92fd0743ede48fe7f1a2c6f45d594,"{""distance"":5,""physical_error_rate"":0.0005}","{""detection_events"":10056,""detectors_checked"":4587520}"
     29696,         0,         0,   0.303,exact_mw,cb12ae119b9b2ba18d0216e7235b403229e92fd0743ede48fe7f1a2c6f45d594,"{""distance"":5,""physical_error_rate"":0.0005}","{""detection_events"":14714,""detectors_checked"":6651904}"
     99328,         0,         0,   0.791,exact_mw,cb12ae119b9b2ba18d0216e7235b403229e92fd0743ede48fe7f1a2c6f45d594,"{""distance"":5,""physical_error_rate"":0.0005}","{""detection_events"":48893,""detectors_checked"":22249472}"
      9216,         0,         0,   0.153,exact_mw,cb12ae119b9b2ba18d0216e7235b403229e92fd0743ede48fe7f1a2c6f45d594,"{""distance"":5,""physical_error_rate"":0.0005}","{""detection_events"":4320,""detectors_checked"":2064384}"
     29696,         0,         0,   0.407,exact_mw,cb12ae119b9b2ba18d0216e7235b403229e92fd0743ede48fe7f1a2c6f45d594,"{""distance"":5,""physical_error_rate"":0.0005}","{""detection_events"":14915,""detectors_checked"":6651904}"
     29696,         0,         0,   0.279,exact_mw,cb12ae119b9b2ba18d0216e7235b403229e92fd0743ede48fe7f1a2c6f45d594,"{""distance"":5,""physical_error_rate"":0.0005}","{""detection_events"":14524,""detectors_checked"":6651904}"
     22528,         0,         0,   0.295,exact_mw,cb12ae119b9b2ba18d0216e7235b403229e92fd0743ede48fe7f1a2c6f45d594,"{""distance"":5,""physical_error_rate"":0.0005}","{""detection_events"":11251,""detectors_checked"":5046272}"
     22528,         0,         0,   0.223,exact_mw,cb12ae119b9b2ba18d0216e7235b403229e92fd0743ede48fe7f1a2c6f45d594,"{""distance"":5,""physical_error_rate"":0.0005}","{""detection_events"":10877,""detectors_checked"":5046272}"
     17408,         0,         0,   0.165,exact_mw,cb12ae119b9b2ba18d0216e7235b403229e92fd0743ede48fe7f1a2c6f45d594,"{""distance"":5,""physical_error_rate"":0.0005}","{""detection_events"":8473,""detectors_checked"":3899392}"
     88064,         0,         0,    1.12,exact_mw,cb12ae119b9b2ba18d0216e7235b403229e92fd0743ede48fe7f1a2c6f45d594,"{""distance"":5,""physical_error_rate"":0.0005}","{""detection_events"":43174,""detectors_checked"":19726336}"
     40960,         0,         0,   0.409,exact_mw,cb12ae119b9b2ba18d0216e7235b403229e92fd0743ede48fe7f1a2c6f45d594,"{""distance"":5,""physical_error_rate"":0.0005}","{""detection_events"":20362,""detectors_checked"":9175040}"
     18432,         0,         0,   0.300,exact_mw,cb12ae119b9b2ba18d0216e7235b403229e92fd0743ede48fe7f1a2c6f45d594,"{""distance"":5,""physical_error_rate"":0.0005}","{""detection_events"":8928,""detectors_checked"":4128768}"
     16384,         0,         0,   0.163,exact_mw,cb12ae119b9b2ba18d0216e7235b403229e92fd0743ede48fe7f1a2c6f45d594,"{""distance"":5,""physical_error_rate"":0.0005}","{""detection_events"":8300,""detectors_checked"":3670016}"
     39936,         0,         0,   0.569,exact_mw,cb12ae119b9b2ba18d0216e7235b403229e92fd0743ede48fe7f1a2c6f45d594,"{""distance"":5,""physical_error_rate"":0.0005}","{""detection_events"":19401,""detectors_checked"":8945664}"
     16384,         0,         0,   0.209,exact_mw,cb12ae119b9b2ba18d0216e7235b403229e92fd0743ede48fe7f1a2c6f45d594,"{""distance"":5,""physical_error_rate"":0.0005}","{""detection_events"":8032,""detectors_checked"":3670016}"
     24576,         0,         0,   0.293,exact_mw,cb12ae119b9b2ba18d0216e7235b403229e92fd0743ede48fe7f1a2c6f45d594,"{""distance"":5,""physical_error_rate"":0.0005}","{""detection_events"":12218,""detectors_checked"":5505024}"
     14336,         0,         0,   0.210,exact_mw,cb12ae119b9b2ba18d0216e7235b403229e92fd0743ede48fe7f1a2c6f45d594,"{""distance"":5,""physical_error_rate"":0.0005}","{""detection_events"":6971,""detectors_checked"":3211264}"
     39936,         0,         0,   0.406,exact_mw,cb12ae119b9b2ba18d0216e7235b403229e92fd0743ede48fe7f1a2c6f45d594,"{""distance"":5,""physical_error_rate"":0.0005}","{""detection_events"":19641,""detectors_checked"":8945664}"
     11264,         0,         0,   0.221,exact_mw,cb12ae119b9b2ba18d0216e7235b403229e92fd0743ede48fe7f1a2c6f45d594,"{""distance"":5,""physical_error_rate"":0.0005}","{""detection_events"":5657,""detectors_checked"":2523136}"
     29696,         1,         0,   0.301,exact_mw,cb12ae119b9b2ba18d0216e7235b403229e92fd0743ede48fe7f1a2c6f45d594,"{""distance"":5,""physical_error_rate"":0.0005}","{""detection_events"":14693,""detectors_checked"":6651904,""obs_mistake_mask=E"":1}"
     29696,         0,         0,   0.419,exact_mw,cb12ae119b9b2ba18d0216e7235b403229e92fd0743ede48fe7f1a2c6f45d594,"{""distance"":5,""physical_error_rate"":0.0005}","{""detection_events"":14729,""detectors_checked"":6651904}"
     27648,         0,         0,   0.425,exact_mw,cb12ae119b9b2ba18d0216e7235b403229e92fd0743ede48fe7f1a2c6f45d594,"{""distance"":5,""physical_error_rate"":0.0005}","{""detection_events"":13464,""detectors_checked"":6193152}"
     27648,         0,         0,   0.290,exact_mw,cb12ae119b9b2ba18d0216e7235b403229e92fd0743ede48fe7f1a2c6f45d594,"{""distance"":5,""physical_error_rate"":0.0005}","{""detection_events"":13563,""detectors_checked"":6193152}"
     19456,         0,         0,   0.209,exact_mw,cb12ae119b9b2ba18d0216e7235b403229e92fd0743ede48fe7f1a2c6f45d594,"{""distance"":5,""physical_error_rate"":0.0005}","{""detection_events"":9369,""detectors_checked"":4358144}"
     21504,         0,         0,   0.206,exact_mw,cb12ae119b9b2ba18d0216e7235b403229e92fd0743ede48fe7f1a2c6f45d594,"{""distance"":5,""physical_error_rate"":0.0005}","{""detection_events"":10548,""detectors_checked"":4816896}"
    104448,         0,         0,   0.790,exact_mw,cb12ae119b9b2ba18d0216e7235b403229e92fd0743ede48fe7f1a2c6f45d594,"{""distance"":5,""physical_error_rate"":0.0005}","{""detection_events"":51544,""detectors_checked"":23396352}"
     29696,         0,         0,   0.310,exact_mw,cb12ae119b9b2ba18d0216e7235b403229e92fd0743ede48fe7f1a2c6f45d594,"{""distance"":5,""physical_error_rate"":0.0005}","{""detection_events"":14424,""detectors_checked"":6651904}"
     38912,         0,         0,   0.573,exact_mw,cb12ae119b9b2ba18d0216e7235b403229e92fd0743ede48fe7f1a2c6f45d594,"{""distance"":5,""physical_error_rate"":0.0005}","{""detection_events"":19076,""detectors_checked"":8716288}"
     20480,         0,         0,   0.416,exact_mw,cb12ae119b9b2ba18d0216e7235b403229e92fd0743ede48fe7f1a2c6f45d594,"{""distance"":5,""physical_error_rate"":0.0005}","{""detection_events"":10279,""detectors_checked"":4587520}"
     38912,         0,         0,   0.551,exact_mw,cb12ae119b9b2ba18d0216e7235b403229e92fd0743ede48fe7f1a2c6f45d594,"{""distance"":5,""physical_error_rate"":0.0005}","{""detection_events"":18817,""detectors_checked"":8716288}"
     36864,         0,         0,   0.418,exact_mw,cb12ae119b9b2ba18d0216e7235b403229e92fd0743ede48fe7f1a2c6f45d594,"{""distance"":5,""physical_error_rate"":0.0005}","{""detection_events"":18058,""detectors_checked"":8257536}"
     35840,         0,         0,   0.426,exact_mw,cb12ae119b9b2ba18d0216e7235b403229e92fd0743ede48fe7f1a2c6f45d594,"{""distance"":5,""physical_error_rate"":0.0005}","{""detection_events"":17598,""detectors_checked"":8028160}"
      1297,         0,         0,   0.026,exact_mw,cb12ae119b9b2ba18d0216e7235b403229e92fd0743ede48fe7f1a2c6f45d594,"{""distance"":5,""physical_error_rate"":0.0005}","{""detection_events"":651,""detectors_checked"":290528}"
     34816,         0,         0,   0.401,exact_mw,cb12ae119b9b2ba18d0216e7235b403229e92fd0743ede48fe7f1a2c6f45d594,"{""distance"":5,""physical_error_rate"":0.0005}","{""detection_events"":17388,""detectors_checked"":7798784}"
     43008,         0,         0,   0.567,exact_mw,cb12ae119b9b2ba18d0216e7235b403229e92fd0743ede48fe7f1a2c6f45d594,"{""distance"":5,""physical_error_rate"":0.0005}","{""detection_events"":21274,""detectors_checked"":9633792}"
     18432,         0,         0,   0.300,exact_mw,cb12ae119b9b2ba18d0216e7235b403229e92fd0743ede48fe7f1a2c6f45d594,"{""distance"":5,""physical_error_rate"":0.0005}","{""detection_events"":8886,""detectors_checked"":4128768}"
     25600,         0,         0,   0.292,exact_mw,cb12ae119b9b2ba18d0216e7235b403229e92fd0743ede48fe7f1a2c6f45d594,"{""distance"":5,""physical_error_rate"":0.0005}","{""detection_events"":12264,""detectors_checked"":5734400}"
     52224,         0,         0,   0.578,exact_mw,cb12ae119b9b2ba18d0216e7235b403229e92fd0743ede48fe7f1a2c6f45d594,"{""distance"":5,""physical_error_rate"":0.0005}","{""detection_events"":26260,""detectors_checked"":11698176}"
     54272,         0,         0,   0.805,exact_mw,cb12ae119b9b2ba18d0216e7235b403229e92fd0743ede48fe7f1a2c6f45d594,"{""distance"":5,""physical_error_rate"":0.0005}","{""detection_events"":26635,""detectors_checked"":12156928}"
      1024,         0,         0,   0.024,exact_mw,cb12ae119b9b2ba18d0216e7235b403229e92fd0743ede48fe7f1a2c6f45d594,"{""distance"":5,""physical_error_rate"":0.0005}","{""detection_events"":507,""detectors_checked"":229376}"
     33792,         0,         0,   0.411,exact_mw,cb12ae119b9b2ba18d0216e7235b403229e92fd0743ede48fe7f1a2c6f45d594,"{""distance"":5,""physical_error_rate"":0.0005}","{""detection_events"":16754,""detectors_checked"":7569408}"
     24576,         0,         0,   0.407,exact_mw,cb12ae119b9b2ba18d0216e7235b403229e92fd0743ede48fe7f1a2c6f45d594,"{""distance"":5,""physical_error_rate"":0.0005}","{""detection_events"":12030,""detectors_checked"":5505024}"
     55296,         0,         0,   0.542,exact_mw,cb12ae119b9b2ba18d0216e7235b403229e92fd0743ede48fe7f1a2c6f45d594,"{""distance"":5,""physical_error_rate"":0.0005}","{""detection_events"":27207,""detectors_checked"":12386304}"
       273,         0,         0,   0.022,exact_mw,cb12ae119b9b2ba18d0216e7235b403229e92fd0743ede48fe7f1a2c6f45d594,"{""distance"":5,""physical_error_rate"":0.0005}","{""detection_events"":141,""detectors_checked"":61152}"
      1024,         0,         0,   0.024,exact_mw,cb12ae119b9b2ba18d0216e7235b403229e92fd0743ede48fe7f1a2c6f45d594,"{""distance"":5,""physical_error_rate"":0.0005}","{""detection_events"":563,""detectors_checked"":229376}"
      1024,         0,         0,   0.006,exact_mw,cb12ae119b9b2ba18d0216e7235b403229e92fd0743ede48fe7f1a2c6f45d594,"{""distance"":5,""physical_error_rate"":0.0005}","{""detection_events"":492,""detectors_checked"":229376}"
      2048,         0,         0,   0.017,exact_mw,cb12ae119b9b2ba18d0216e7235b403229e92fd0743ede48fe7f1a2c6f45d594,"{""distance"":5,""physical_error_rate"":0.0005}","{""detection_events"":1103,""detectors_checked"":458752}"
     20480,         0,         0,   0.301,exact_mw,cb12ae119b9b2ba18d0216e7235b403229e92fd0743ede48fe7f1a2c6f45d594,"{""distance"":5,""physical_error_rate"":0.0005}","{""detection_events"":10023,""detectors_checked"":4587520}"
      3072,         0,         0,   0.039,exact_mw,cb12ae119b9b2ba18d0216e7235b403229e92fd0743ede48fe7f1a2c6f45d594,"{""distance"":5,""physical_error_rate"":0.0005}","{""detection_events"":1653,""detectors_checked"":688128}"
      2048,         0,         0,   0.044,exact_mw,cb12ae119b9b2ba18d0216e7235b403229e92fd0743ede48fe7f1a2c6f45d594,"{""distance"":5,""physical_error_rate"":0.0005}","{""detection_events"":1079,""detectors_checked"":458752}"
     26624,         0,         0,   0.407,exact_mw,cb12ae119b9b2ba18d0216e7235b403229e92fd0743ede48fe7f1a2c6f45d594,"{""distance"":5,""physical_error_rate"":0.0005}","{""detection_events"":13409,""detectors_checked"":5963776}"
     28672,         0,         0,   0.301,exact_mw,cb12ae119b9b2ba18d0216e7235b403229e92fd0743ede48fe7f1a2c6f45d594,"{""distance"":5,""physical_error_rate"":0.0005}","{""detection_events"":14317,""detectors_checked"":6422528}"
     27648,         0,         0,   0.289,exact_mw,cb12ae119b9b2ba18d0216e7235b403229e92fd0743ede48fe7f1a2c6f45d594,"{""distance"":5,""physical_error_rate"":0.0005}","{""detection_events"":13551,""detectors_checked"":6193152}"
      2048,         0,         0,   0.029,exact_mw,cb12ae119b9b2ba18d0216e7235b403229e92fd0743ede48fe7f1a2c6f45d594,"{""distance"":5,""physical_error_rate"":0.0005}","{""detection_events"":1024,""detectors_checked"":458752}"
     35840,         0,         0,   0.567,exact_mw,cb12ae119b9b2ba18d0216e7235b403229e92fd0743ede48fe7f1a2c6f45d594,"{""distance"":5,""physical_error_rate"":0.0005}","{""detection_events"":17558,""detectors_checked"":8028160}"
      4096,         0,         0,   0.033,exact_mw,cb12ae119b9b2ba18d0216e7235b403229e92fd0743ede48fe7f1a2c6f45d594,"{""distance"":5,""physical_error_rate"":0.0005}","{""detection_events"":2011,""detectors_checked"":917504}"
      3072,         0,         0,   0.059,exact_mw,cb12ae119b9b2ba18d0216e7235b403229e92fd0743ede48fe7f1a2c6f45d594,"{""distance"":5,""physical_error_rate"":0.0005}","{""detection_events"":1522,""detectors_checked"":688128}"
     48128,         0,         0,   0.577,exact_mw,cb12ae119b9b2ba18d0216e7235b403229e92fd0743ede48fe7f1a2c6f45d594,"{""distance"":5,""physical_error_rate"":0.0005}","{""detection_events"":23881,""detectors_checked"":10780672}"
     41984,         0,         0,   0.405,exact_mw,cb12ae119b9b2ba18d0216e7235b403229e92fd0743ede48fe7f1a2c6f45d594,"{""distance"":5,""physical_error_rate"":0.0005}","{""detection_events"":20766,""detectors_checked"":9404416}"
     30720,         0,         0,   0.411,exact_mw,cb12ae119b9b2ba18d0216e7235b403229e92fd0743ede48fe7f1a2c6f45d594,"{""distance"":5,""physical_error_rate"":0.0005}","{""detection_events"":15124,""detectors_checked"":6881280}"
      5120,         0,         0,   0.045,exact_mw,cb12ae119b9b2ba18d0216e7235b403229e92fd0743ede48fe7f1a2c6f45d594,"{""distance"":5,""physical_error_rate"":0.0005}","{""detection_events"":2408,""detectors_checked"":1146880}"
      4096,         0,         0,   0.090,exact_mw,cb12ae119b9b2ba18d0216e7235b403229e92fd0743ede48fe7f1a2c6f45d594,"{""distance"":5,""physical_error_rate"":0.0005}","{""detection_events"":2072,""detectors_checked"":917504}"
     56320,         0,         0,   0.803,exact_mw,cb12ae119b9b2ba18d0216e7235b403229e92fd0743ede48fe7f1a2c6f45d594,"{""distance"":5,""physical_error_rate"":0.0005}","{""detection_events"":27541,""detectors_checked"":12615680}"
      8192,         0,         0,   0.082,exact_mw,cb12ae119b9b2ba18d0216e7235b403229e92fd0743ede48fe7f1a2c6f45d594,"{""distance"":5,""physical_error_rate"":0.0005}","{""detection_events"":3987,""detectors_checked"":1835008}"
     52224,         0,         0,   0.551,exact_mw,cb12ae119b9b2ba18d0216e7235b403229e92fd0743ede48fe7f1a2c6f45d594,"{""distance"":5,""physical_error_rate"":0.0005}","{""detection_events"":25848,""detectors_checked"":11698176}"
     41984,         0,         0,   0.421,exact_mw,cb12ae119b9b2ba18d0216e7235b403229e92fd0743ede48fe7f1a2c6f45d594,"{""distance"":5,""physical_error_rate"":0.0005}","{""detection_events"":20333,""detectors_checked"":9404416}"
     40960,         0,         0,   0.566,exact_mw,cb12ae119b9b2ba18d0216e7235b403229e92fd0743ede48fe7f1a2c6f45d594,"{""distance"":5,""physical_error_rate"":0.0005}","{""detection_events"":20292,""detectors_checked"":9175040}"
     54272,         0,         0,   0.565,exact_mw,cb12ae119b9b2ba18d0216e7235b403229e92fd0743ede48fe7f1a2c6f45d594,"{""distance"":5,""physical_error_rate"":0.0005}","{""detection_events"":26505,""detectors_checked"":12156928}"
      6144,         0,         0,   0.117,exact_mw,cb12ae119b9b2ba18d0216e7235b403229e92fd0743ede48fe7f1a2c6f45d594,"{""distance"":5,""physical_error_rate"":0.0005}","{""detection_events"":3064,""detectors_checked"":1376256}"
     25600,         0,         0,   0.404,exact_mw,cb12ae119b9b2ba18d0216e7235b403229e92fd0743ede48fe7f1a2c6f45d594,"{""distance"":5,""physical_error_rate"":0.0005}","{""detection_events"":12610,""detectors_checked"":5734400}"
     36864,         0,         0,   0.404,exact_mw,cb12ae119b9b2ba18d0216e7235b403229e92fd0743ede48fe7f1a2c6f45d594,"{""distance"":5,""physical_error_rate"":0.0005}","{""detection_events"":18049,""detectors_checked"":8257536}"
     10240,         0,         0,   0.105,exact_mw,cb12ae119b9b2ba18d0216e7235b403229e92fd0743ede48fe7f1a2c6f45d594,"{""distance"":5,""physical_error_rate"":0.0005}","{""detection_events"":5277,""detectors_checked"":2293760}"
     53248,         0,         0,   0.795,exact_mw,cb12ae119b9b2ba18d0216e7235b403229e92fd0743ede48fe7f1a2c6f45d594,"{""distance"":5,""physical_error_rate"":0.0005}","{""detection_events"":26618,""detectors_checked"":11927552}"
     54272,         0,         0,   0.548,exact_mw,cb12ae119b9b2ba18d0216e7235b403229e92fd0743ede48fe7f1a2c6f45d594,"{""distance"":5,""physical_error_rate"":0.0005}","{""detection_events"":26205,""detectors_checked"":12156928}"
     26624,         0,         0,   0.425,exact_mw,cb12ae119b9b2ba18d0216e7235b403229e92fd0743ede48fe7f1a2c6f45d594,"{""distance"":5,""physical_error_rate"":0.0005}","{""detection_events"":13245,""detectors_checked"":5963776}"
     38912,         1,         0,   0.565,exact_mw,cb12ae119b9b2ba18d0216e7235b403229e92fd0743ede48fe7f1a2c6f45d594,"{""distance"":5,""physical_error_rate"":0.0005}","{""detection_events"":19430,""detectors_checked"":8716288,""obs_mistake_mask=E"":1}"
     30720,         0,         0,   0.586,exact_mw,cb12ae119b9b2ba18d0216e7235b403229e92fd0743ede48fe7f1a2c6f45d594,"{""distance"":5,""physical_error_rate"":0.0005}","{""detection_events"":15131,""detectors_checked"":6881280}"
     37888,         0,         0,   0.410,exact_mw,cb12ae119b9b2ba18d0216e7235b403229e92fd0743ede48fe7f1a2c6f45d594,"{""distance"":5,""physical_error_rate"":0.0005}","{""detection_events"":19134,""detectors_checked"":8486912}"
      7168,         0,         0,   0.142,exact_mw,cb12ae119b9b2ba18d0216e7235b403229e92fd0743ede48fe7f1a2c6f45d594,"{""distance"":5,""physical_error_rate"":0.0005}","{""detection_events"":3514,""detectors_checked"":1605632}"
     34816,         0,         0,   0.429,exact_mw,cb12ae119b9b2ba18d0216e7235b403229e92fd0743ede48fe7f1a2c6f45d594,"{""distance"":5,""physical_error_rate"":0.0005}","{""detection_events"":17181,""detectors_checked"":7798784}"
     11264,         0,         0,   0.147,exact_mw,cb12ae119b9b2ba18d0216e7235b403229e92fd0743ede48fe7f1a2c6f45d594,"{""distance"":5,""physical_error_rate"":0.0005}","{""detection_events"":5648,""detectors_checked"":2523136}"
    220160,         0,         0,    3.00,exact_mw,cb12ae119b9b2ba18d0216e7235b403229e92fd0743ede48fe7f1a2c6f45d594,"{""distance"":5,""physical_error_rate"":0.0005}","{""detection_events"":108367,""detectors_checked"":49315840}"
     46080,         0,         0,   0.598,exact_mw,cb12ae119b9b2ba18d0216e7235b403229e92fd0743ede48fe7f1a2c6f45d594,"{""distance"":5,""physical_error_rate"":0.0005}","{""detection_events"":22639,""detectors_checked"":10321920}"
     51200,         0,         0,   0.575,exact_mw,cb12ae119b9b2ba18d0216e7235b403229e92fd0743ede48fe7f1a2c6f45d594,"{""distance"":5,""physical_error_rate"":0.0005}","{""detection_events"":25404,""detectors_checked"":11468800}"
    179200,         0,         0,    2.99,exact_mw,cb12ae119b9b2ba18d0216e7235b403229e92fd0743ede48fe7f1a2c6f45d594,"{""distance"":5,""physical_error_rate"":0.0005}","{""detection_events"":88706,""detectors_checked"":40140800}"
     37888,         0,         0,   0.600,exact_mw,cb12ae119b9b2ba18d0216e7235b403229e92fd0743ede48fe7f1a2c6f45d594,"{""distance"":5,""physical_error_rate"":0.0005}","{""detection_events"":18656,""detectors_checked"":8486912}"
    118784,         0,         0,    1.11,exact_mw,cb12ae119b9b2ba18d0216e7235b403229e92fd0743ede48fe7f1a2c6f45d594,"{""distance"":5,""physical_error_rate"":0.0005}","{""detection_events"":58027,""detectors_checked"":26607616}"
     39936,         0,         0,   0.564,exact_mw,cb12ae119b9b2ba18d0216e7235b403229e92fd0743ede48fe7f1a2c6f45d594,"{""distance"":5,""physical_error_rate"":0.0005}","{""detection_events"":19705,""detectors_checked"":8945664}"
     55296,         0,         0,   0.806,exact_mw,cb12ae119b9b2ba18d0216e7235b403229e92fd0743ede48fe7f1a2c6f45d594,"{""distance"":5,""physical_error_rate"":0.0005}","{""detection_events"":27026,""detectors_checked"":12386304}"
     53248,         0,         0,   0.800,exact_mw,cb12ae119b9b2ba18d0216e7235b403229e92fd0743ede48fe7f1a2c6f45d594,"{""distance"":5,""physical_error_rate"":0.0005}","{""detection_events"":25820,""detectors_checked"":11927552}"
    269312,         0,         0,    3.03,exact_mw,cb12ae119b9b2ba18d0216e7235b403229e92fd0743ede48fe7f1a2c6f45d594,"{""distance"":5,""physical_error_rate"":0.0005}","{""detection_events"":134009,""detectors_checked"":60325888}"
     11264,         0,         0,   0.202,exact_mw,cb12ae119b9b2ba18d0216e7235b403229e92fd0743ede48fe7f1a2c6f45d594,"{""distance"":5,""physical_error_rate"":0.0005}","{""detection_events"":5572,""detectors_checked"":2523136}"
    239616,         0,         0,    3.04,exact_mw,cb12ae119b9b2ba18d0216e7235b403229e92fd0743ede48fe7f1a2c6f45d594,"{""distance"":5,""physical_error_rate"":0.0005}","{""detection_events"":117735,""detectors_checked"":53673984}"
     43008,         0,         0,   0.570,exact_mw,cb12ae119b9b2ba18d0216e7235b403229e92fd0743ede48fe7f1a2c6f45d594,"{""distance"":5,""physical_error_rate"":0.0005}","{""detection_events"":21494,""detectors_checked"":9633792}"
     36864,         0,         0,   0.561,exact_mw,cb12ae119b9b2ba18d0216e7235b403229e92fd0743ede48fe7f1a2c6f45d594,"{""distance"":5,""physical_error_rate"":0.0005}","{""detection_events"":18354,""detectors_checked"":8257536}"
     69632,         0,         0,   0.792,exact_mw,cb12ae119b9b2ba18d0216e7235b403229e92fd0743ede48fe7f1a2c6f45d594,"{""distance"":5,""physical_error_rate"":0.0005}","{""detection_events"":34048,""detectors_checked"":15597568}"
     14336,         0,         0,   0.226,exact_mw,cb12ae119b9b2ba18d0216e7235b403229e92fd0743ede48fe7f1a2c6f45d594,"{""distance"":5,""physical_error_rate"":0.0005}","{""detection_events"":7111,""detectors_checked"":3211264}"
     69632,         0,         0,   0.798,exact_mw,cb12ae119b9b2ba18d0216e7235b403229e92fd0743ede48fe7f1a2c6f45d594,"{""distance"":5,""physical_error_rate"":0.0005}","{""detection_events"":34686,""detectors_checked"":15597568}"
     73728,         0,         0,   0.773,exact_mw,cb12ae119b9b2ba18d0216e7235b403229e92fd0743ede48fe7f1a2c6f45d594,"{""distance"":5,""physical_error_rate"":0.0005}","{""detection_events"":36359,""detectors_checked"":16515072}"
    143360,         1,         0,    1.54,exact_mw,cb12ae119b9b2ba18d0216e7235b403229e92fd0743ede48fe7f1a2c6f45d594,"{""distance"":5,""physical_error_rate"":0.0005}","{""detection_events"":71164,""detectors_checked"":32112640,""obs_mistake_mask=E"":1}"
    105472,         0,         0,    1.54,exact_mw,cb12ae119b9b2ba18d0216e7235b403229e92fd0743ede48fe7f1a2c6f45d594,"{""distance"":5,""physical_error_rate"":0.0005}","{""detection_events"":51772,""detectors_checked"":23625728}"
     47104,         0,         0,   0.565,exact_mw,cb12ae119b9b2ba18d0216e7235b403229e92fd0743ede48fe7f1a2c6f45d594,"{""distance"":5,""physical_error_rate"":0.0005}","{""detection_events"":23249,""detectors_checked"":10551296}"
     54272,         0,         0,   0.808,exact_mw,cb12ae119b9b2ba18d0216e7235b403229e92fd0743ede48fe7f1a2c6f45d594,"{""distance"":5,""physical_error_rate"":0.0005}","{""detection_events"":26439,""detectors_checked"":12156928}"
    121856,         0,         0,    1.11,exact_mw,cb12ae119b9b2ba18d0216e7235b403229e92fd0743ede48fe7f1a2c6f45d594,"{""distance"":5,""physical_error_rate"":0.0005}","{""detection_events"":59785,""detectors_checked"":27295744}"
     40960,         0,         0,   0.550,exact_mw,cb12ae119b9b2ba18d0216e7235b403229e92fd0743ede48fe7f1a2c6f45d594,"{""distance"":5,""physical_error_rate"":0.0005}","{""detection_events"":20015,""detectors_checked"":9175040}"
     53248,         0,         0,   0.562,exact_mw,cb12ae119b9b2ba18d0216e7235b403229e92fd0743ede48fe7f1a2c6f45d594,"{""distance"":5,""physical_error_rate"":0.0005}","{""detection_events"":26344,""detectors_checked"":11927552}"
     60416,         0,         0,   0.795,exact_mw,cb12ae119b9b2ba18d0216e7235b403229e92fd0743ede48fe7f1a2c6f45d594,"{""distance"":5,""physical_error_rate"":0.0005}","{""detection_events"":29671,""detectors_checked"":13533184}"
     16384,         0,         0,   0.306,exact_mw,cb12ae119b9b2ba18d0216e7235b403229e92fd0743ede48fe7f1a2c6f45d594,"{""distance"":5,""physical_error_rate"":0.0005}","{""detection_events"":8119,""detectors_checked"":3670016}"
     34816,         0,         0,   0.541,exact_mw,cb12ae119b9b2ba18d0216e7235b403229e92fd0743ede48fe7f1a2c6f45d594,"{""distance"":5,""physical_error_rate"":0.0005}","{""detection_events"":16997,""detectors_checked"":7798784}"
     22528,         0,         0,   0.296,exact_mw,cb12ae119b9b2ba18d0216e7235b403229e92fd0743ede48fe7f1a2c6f45d594,"{""distance"":5,""physical_error_rate"":0.0005}","{""detection_events"":11272,""detectors_checked"":5046272}"
     51200,         0,         0,   0.570,exact_mw,cb12ae119b9b2ba18d0216e7235b403229e92fd0743ede48fe7f1a2c6f45d594,"{""distance"":5,""physical_error_rate"":0.0005}","{""detection_events"":25208,""detectors_checked"":11468800}"
    171008,         0,         0,    1.11,exact_mw,cb12ae119b9b2ba18d0216e7235b403229e92fd0743ede48fe7f1a2c6f45d594,"{""distance"":5,""physical_error_rate"":0.0005}","{""detection_events"":84340,""detectors_checked"":38305792}"
     53248,         0,         0,   0.798,exact_mw,cb12ae119b9b2ba18d0216e7235b403229e92fd0743ede48fe7f1a2c6f45d594,"{""distance"":5,""physical_error_rate"":0.0005}","{""detection_events"":26105,""detectors_checked"":11927552}"
     38912,         0,         0,   0.561,exact_mw,cb12ae119b9b2ba18d0216e7235b403229e92fd0743ede48fe7f1a2c6f45d594,"{""distance"":5,""physical_error_rate"":0.0005}","{""detection_events"":18972,""detectors_checked"":8716288}"
     53248,         0,         0,   0.794,exact_mw,cb12ae119b9b2ba18d0216e7235b403229e92fd0743ede48fe7f1a2c6f45d594,"{""distance"":5,""physical_error_rate"":0.0005}","{""detection_events"":25656,""detectors_checked"":11927552}"
     68608,         0,         0,   0.786,exact_mw,cb12ae119b9b2ba18d0216e7235b403229e92fd0743ede48fe7f1a2c6f45d594,"{""distance"":5,""physical_error_rate"":0.0005}","{""detection_events"":34156,""detectors_checked"":15368192}"
    155648,         0,         0,    1.55,exact_mw,cb12ae119b9b2ba18d0216e7235b403229e92fd0743ede48fe7f1a2c6f45d594,"{""distance"":5,""physical_error_rate"":0.0005}","{""detection_events"":77216,""detectors_checked"":34865152}"
    217088,         0,         0,    3.04,exact_mw,cb12ae119b9b2ba18d0216e7235b403229e92fd0743ede48fe7f1a2c6f45d594,"{""distance"":5,""physical_error_rate"":0.0005}","{""detection_events"":106417,""detectors_checked"":48627712}"
     77824,         0,         0,   0.794,exact_mw,cb12ae119b9b2ba18d0216e7235b403229e92fd0743ede48fe7f1a2c6f45d594,"{""distance"":5,""physical_error_rate"":0.0005}","{""detection_events"":38133,""detectors_checked"":17432576}"
     50176,         0,         0,   0.796,exact_mw,cb12ae119b9b2ba18d0216e7235b403229e92fd0743ede48fe7f1a2c6f45d594,"{""distance"":5,""physical_error_rate"":0.0005}","{""detection_events"":24758,""detectors_checked"":11239424}"
     52224,         0,         0,   0.796,exact_mw,cb12ae119b9b2ba18d0216e7235b403229e92fd0743ede48fe7f1a2c6f45d594,"{""distance"":5,""physical_error_rate"":0.0005}","{""detection_events"":25479,""detectors_checked"":11698176}"
     51200,         1,         0,   0.764,exact_mw,cb12ae119b9b2ba18d0216e7235b403229e92fd0743ede48fe7f1a2c6f45d594,"{""distance"":5,""physical_error_rate"":0.0005}","{""detection_events"":24930,""detectors_checked"":11468800,""obs_mistake_mask=E"":1}"
     72704,         0,         0,   0.792,exact_mw,cb12ae119b9b2ba18d0216e7235b403229e92fd0743ede48fe7f1a2c6f45d594,"{""distance"":5,""physical_error_rate"":0.0005}","{""detection_events"":35040,""detectors_checked"":16285696}"
     73728,         0,         0,    1.10,exact_mw,cb12ae119b9b2ba18d0216e7235b403229e92fd0743ede48fe7f1a2c6f45d594,"{""distance"":5,""physical_error_rate"":0.0005}","{""detection_events"":36706,""detectors_checked"":16515072}"
     40960,         0,         0,   0.807,exact_mw,cb12ae119b9b2ba18d0216e7235b403229e92fd0743ede48fe7f1a2c6f45d594,"{""distance"":5,""physical_error_rate"":0.0005}","{""detection_events"":19633,""detectors_checked"":9175040}"
     53248,         0,         0,   0.781,exact_mw,cb12ae119b9b2ba18d0216e7235b403229e92fd0743ede48fe7f1a2c6f45d594,"{""distance"":5,""physical_error_rate"":0.0005}","{""detection_events"":25910,""detectors_checked"":11927552}"
     21504,         0,         0,   0.419,exact_mw,cb12ae119b9b2ba18d0216e7235b403229e92fd0743ede48fe7f1a2c6f45d594,"{""distance"":5,""physical_error_rate"":0.0005}","{""detection_events"":10444,""detectors_checked"":4816896}"
     32768,         0,         0,   0.410,exact_mw,cb12ae119b9b2ba18d0216e7235b403229e92fd0743ede48fe7f1a2c6f45d594,"{""distance"":5,""physical_error_rate"":0.0005}","{""detection_events"":15852,""detectors_checked"":7340032}"
     52224,         0,         0,   0.778,exact_mw,cb12ae119b9b2ba18d0216e7235b403229e92fd0743ede48fe7f1a2c6f45d594,"{""distance"":5,""physical_error_rate"":0.0005}","{""detection_events"":26021,""detectors_checked"":11698176}"
     76800,         0,         0,    1.08,exact_mw,cb12ae119b9b2ba18d0216e7235b403229e92fd0743ede48fe7f1a2c6f45d594,"{""distance"":5,""physical_error_rate"":0.0005}","{""detection_events"":37731,""detectors_checked"":17203200}"
     53248,         0,         0,   0.811,exact_mw,cb12ae119b9b2ba18d0216e7235b403229e92fd0743ede48fe7f1a2c6f45d594,"{""distance"":5,""physical_error_rate"":0.0005}","{""detection_events"":26077,""detectors_checked"":11927552}"
    284672,         0,         0,    3.05,exact_mw,cb12ae119b9b2ba18d0216e7235b403229e92fd0743ede48fe7f1a2c6f45d594,"{""distance"":5,""physical_error_rate"":0.0005}","{""detection_events"":141461,""detectors_checked"":63766528}"
     49152,         0,         0,   0.786,exact_mw,cb12ae119b9b2ba18d0216e7235b403229e92fd0743ede48fe7f1a2c6f45d594,"{""distance"":5,""physical_error_rate"":0.0005}","{""detection_events"":24257,""detectors_checked"":11010048}"
     58368,         0,         0,   0.770,exact_mw,cb12ae119b9b2ba18d0216e7235b403229e92fd0743ede48fe7f1a2c6f45d594,"{""distance"":5,""physical_error_rate"":0.0005}","{""detection_events"":28633,""detectors_checked"":13074432}"
    214016,         0,         0,    3.06,exact_mw,cb12ae119b9b2ba18d0216e7235b403229e92fd0743ede48fe7f1a2c6f45d594,"{""distance"":5,""physical_error_rate"":0.0005}","{""detection_events"":105398,""detectors_checked"":47939584}"
     74752,         0,         0,   0.798,exact_mw,cb12ae119b9b2ba18d0216e7235b403229e92fd0743ede48fe7f1a2c6f45d594,"{""distance"":5,""physical_error_rate"":0.0005}","{""detection_events"":36930,""detectors_checked"":16744448}"
     72704,         0,         0,    1.11,exact_mw,cb12ae119b9b2ba18d0216e7235b403229e92fd0743ede48fe7f1a2c6f45d594,"{""distance"":5,""physical_error_rate"":0.0005}","{""detection_events"":35743,""detectors_checked"":16285696}"
     70656,         0,         0,    1.10,exact_mw,cb12ae119b9b2ba18d0216e7235b403229e92fd0743ede48fe7f1a2c6f45d594,"{""distance"":5,""physical_error_rate"":0.0005}","{""detection_events"":34691,""detectors_checked"":15826944}"
     52224,         0,         0,   0.782,exact_mw,cb12ae119b9b2ba18d0216e7235b403229e92fd0743ede48fe7f1a2c6f45d594,"{""distance"":5,""physical_error_rate"":0.0005}","{""detection_events"":25700,""detectors_checked"":11698176}"
     78848,         0,         0,   0.779,exact_mw,cb12ae119b9b2ba18d0216e7235b403229e92fd0743ede48fe7f1a2c6f45d594,"{""distance"":5,""physical_error_rate"":0.0005}","{""detection_events"":38517,""detectors_checked"":17661952}"
     98304,         0,         0,    1.09,exact_mw,cb12ae119b9b2ba18d0216e7235b403229e92fd0743ede48fe7f1a2c6f45d594,"{""distance"":5,""physical_error_rate"":0.0005}","{""detection_events"":48236,""detectors_checked"":22020096}"
    100352,         0,         0,    1.10,exact_mw,cb12ae119b9b2ba18d0216e7235b403229e92fd0743ede48fe7f1a2c6f45d594,"{""distance"":5,""physical_error_rate"":0.0005}","{""detection_events"":49456,""detectors_checked"":22478848}"
     58368,         0,         0,   0.794,exact_mw,cb12ae119b9b2ba18d0216e7235b403229e92fd0743ede48fe7f1a2c6f45d594,"{""distance"":5,""physical_error_rate"":0.0005}","{""detection_events"":28544,""detectors_checked"":13074432}"
    110592,         0,         0,    1.10,exact_mw,cb12ae119b9b2ba18d0216e7235b403229e92fd0743ede48fe7f1a2c6f45d594,"{""distance"":5,""physical_error_rate"":0.0005}","{""detection_events"":54599,""detectors_checked"":24772608}"
     73728,         0,         0,    1.11,exact_mw,cb12ae119b9b2ba18d0216e7235b403229e92fd0743ede48fe7f1a2c6f45d594,"{""distance"":5,""physical_error_rate"":0.0005}","{""detection_events"":36650,""detectors_checked"":16515072}"
     24576,         0,         0,   0.576,exact_mw,cb12ae119b9b2ba18d0216e7235b403229e92fd0743ede48fe7f1a2c6f45d594,"{""distance"":5,""physical_error_rate"":0.0005}","{""detection_events"":12214,""detectors_checked"":5505024}"
     48128,         0,         0,   0.567,exact_mw,cb12ae119b9b2ba18d0216e7235b403229e92fd0743ede48fe7f1a2c6f45d594,"{""distance"":5,""physical_error_rate"":0.0005}","{""detection_events"":24122,""detectors_checked"":10780672}"
     84992,         0,         0,    1.11,exact_mw,cb12ae119b9b2ba18d0216e7235b403229e92fd0743ede48fe7f1a2c6f45d594,"{""distance"":5,""physical_error_rate"":0.0005}","{""detection_events"":41492,""detectors_checked"":19038208}"
    266240,         0,         0,    1.55,exact_mw,cb12ae119b9b2ba18d0216e7235b403229e92fd0743ede48fe7f1a2c6f45d594,"{""distance"":5,""physical_error_rate"":0.0005}","{""detection_events"":130751,""detectors_checked"":59637760}"
     86016,         0,         0,    1.10,exact_mw,cb12ae119b9b2ba18d0216e7235b403229e92fd0743ede48fe7f1a2c6f45d594,"{""distance"":5,""physical_error_rate"":0.0005}","{""detection_events"":41689,""detectors_checked"":19267584}"
     80896,         0,         0,    1.11,exact_mw,cb12ae119b9b2ba18d0216e7235b403229e92fd0743ede48fe7f1a2c6f45d594,"{""distance"":5,""physical_error_rate"":0.0005}","{""detection_events"":39732,""detectors_checked"":18120704}"
     72704,         0,         0,    1.12,exact_mw,cb12ae119b9b2ba18d0216e7235b403229e92fd0743ede48fe7f1a2c6f45d594,"{""distance"":5,""physical_error_rate"":0.0005}","{""detection_events"":36374,""detectors_checked"":16285696}"
     96256,         0,         0,    1.12,exact_mw,cb12ae119b9b2ba18d0216e7235b403229e92fd0743ede48fe7f1a2c6f45d594,"{""distance"":5,""physical_error_rate"":0.0005}","{""detection_events"":47584,""detectors_checked"":21561344}"
     77824,         0,         0,    1.12,exact_mw,cb12ae119b9b2ba18d0216e7235b403229e92fd0743ede48fe7f1a2c6f45d594,"{""distance"":5,""physical_error_rate"":0.0005}","{""detection_events"":37979,""detectors_checked"":17432576}"
     72704,         0,         0,    1.11,exact_mw,cb12ae119b9b2ba18d0216e7235b403229e92fd0743ede48fe7f1a2c6f45d594,"{""distance"":5,""physical_error_rate"":0.0005}","{""detection_events"":35883,""detectors_checked"":16285696}"
     73728,         0,         0,    1.11,exact_mw,cb12ae119b9b2ba18d0216e7235b403229e92fd0743ede48fe7f1a2c6f45d594,"{""distance"":5,""physical_error_rate"":0.0005}","{""detection_events"":36262,""detectors_checked"":16515072}"
     98304,         0,         0,    1.12,exact_mw,cb12ae119b9b2ba18d0216e7235b403229e92fd0743ede48fe7f1a2c6f45d594,"{""distance"":5,""physical_error_rate"":0.0005}","{""detection_events"":49241,""detectors_checked"":22020096}"
    197632,         0,         0,    1.54,exact_mw,cb12ae119b9b2ba18d0216e7235b403229e92fd0743ede48fe7f1a2c6f45d594,"{""distance"":5,""physical_error_rate"":0.0005}","{""detection_events"":96919,""detectors_checked"":44269568}"
     48128,         0,         0,    1.11,exact_mw,cb12ae119b9b2ba18d0216e7235b403229e92fd0743ede48fe7f1a2c6f45d594,"{""distance"":5,""physical_error_rate"":0.0005}","{""detection_events"":24187,""detectors_checked"":10780672}"
     99328,         0,         0,    1.10,exact_mw,cb12ae119b9b2ba18d0216e7235b403229e92fd0743ede48fe7f1a2c6f45d594,"{""distance"":5,""physical_error_rate"":0.0005}","{""detection_events"":49657,""detectors_checked"":22249472}"
    173056,         0,         0,    1.55,exact_mw,cb12ae119b9b2ba18d0216e7235b403229e92fd0743ede48fe7f1a2c6f45d594,"{""distance"":5,""physical_error_rate"":0.0005}","{""detection_events"":84902,""detectors_checked"":38764544}"
    161792,         1,         0,    1.09,exact_mw,cb12ae119b9b2ba18d0216e7235b403229e92fd0743ede48fe7f1a2c6f45d594,"{""distance"":5,""physical_error_rate"":0.0005}","{""detection_events"":79956,""detectors_checked"":36241408,""obs_mistake_mask=E"":1}"
     75776,         0,         0,    1.12,exact_mw,cb12ae119b9b2ba18d0216e7235b403229e92fd0743ede48fe7f1a2c6f45d594,"{""distance"":5,""physical_error_rate"":0.0005}","{""detection_events"":37502,""detectors_checked"":16973824}"
     69632,         0,         0,    1.13,exact_mw,cb12ae119b9b2ba18d0216e7235b403229e92fd0743ede48fe7f1a2c6f45d594,"{""distance"":5,""physical_error_rate"":0.0005}","{""detection_events"":34441,""detectors_checked"":15597568}"
     30720,         0,         0,   0.779,exact_mw,cb12ae119b9b2ba18d0216e7235b403229e92fd0743ede48fe7f1a2c6f45d594,"{""distance"":5,""physical_error_rate"":0.0005}","{""detection_events"":15252,""detectors_checked"":6881280}"
     92160,         0,         0,    1.11,exact_mw,cb12ae119b9b2ba18d0216e7235b403229e92fd0743ede48fe7f1a2c6f45d594,"{""distance"":5,""physical_error_rate"":0.0005}","{""detection_events"":45060,""detectors_checked"":20643840}"
     70656,         0,         0,   0.797,exact_mw,cb12ae119b9b2ba18d0216e7235b403229e92fd0743ede48fe7f1a2c6f45d594,"{""distance"":5,""physical_error_rate"":0.0005}","{""detection_events"":34512,""detectors_checked"":15826944}"
     95232,         0,         0,    1.11,exact_mw,cb12ae119b9b2ba18d0216e7235b403229e92fd0743ede48fe7f1a2c6f45d594,"{""distance"":5,""physical_error_rate"":0.0005}","{""detection_events"":47227,""detectors_checked"":21331968}"
    101376,         0,         0,    1.56,exact_mw,cb12ae119b9b2ba18d0216e7235b403229e92fd0743ede48fe7f1a2c6f45d594,"{""distance"":5,""physical_error_rate"":0.0005}","{""detection_events"":50103,""detectors_checked"":22708224}"
     74752,         0,         0,    1.13,exact_mw,cb12ae119b9b2ba18d0216e7235b403229e92fd0743ede48fe7f1a2c6f45d594,"{""distance"":5,""physical_error_rate"":0.0005}","{""detection_events"":36929,""detectors_checked"":16744448}"
    107520,         0,         0,    1.09,exact_mw,cb12ae119b9b2ba18d0216e7235b403229e92fd0743ede48fe7f1a2c6f45d594,"{""distance"":5,""physical_error_rate"":0.0005}","{""detection_events"":53034,""detectors_checked"":24084480}"
     73728,         0,         0,    1.13,exact_mw,cb12ae119b9b2ba18d0216e7235b403229e92fd0743ede48fe7f1a2c6f45d594,"{""distance"":5,""physical_error_rate"":0.0005}","{""detection_events"":36486,""detectors_checked"":16515072}"
    193536,         0,         0,    2.17,exact_mw,cb12ae119b9b2ba18d0216e7235b403229e92fd0743ede48fe7f1a2c6f45d594,"{""distance"":5,""physical_error_rate"":0.0005}","{""detection_events"":94333,""detectors_checked"":43352064}"
    151552,         0,         0,    2.18,exact_mw,cb12ae119b9b2ba18d0216e7235b403229e92fd0743ede48fe7f1a2c6f45d594,"{""distance"":5,""physical_error_rate"":0.0005}","{""detection_events"":74918,""detectors_checked"":33947648}"
    102400,         0,         0,    1.55,exact_mw,cb12ae119b9b2ba18d0216e7235b403229e92fd0743ede48fe7f1a2c6f45d594,"{""distance"":5,""physical_error_rate"":0.0005}","{""detection_events"":50101,""detectors_checked"":22937600}"
    201728,         0,         0,    2.13,exact_mw,cb12ae119b9b2ba18d0216e7235b403229e92fd0743ede48fe7f1a2c6f45d594,"{""distance"":5,""physical_error_rate"":0.0005}","{""detection_events"":100043,""detectors_checked"":45187072}"
    103424,         0,         0,    1.56,exact_mw,cb12ae119b9b2ba18d0216e7235b403229e92fd0743ede48fe7f1a2c6f45d594,"{""distance"":5,""physical_error_rate"":0.0005}","{""detection_events"":50890,""detectors_checked"":23166976}"
    107520,         0,         0,    1.56,exact_mw,cb12ae119b9b2ba18d0216e7235b403229e92fd0743ede48fe7f1a2c6f45d594,"{""distance"":5,""physical_error_rate"":0.0005}","{""detection_events"":53628,""detectors_checked"":24084480}"
    134144,         0,         0,    1.58,exact_mw,cb12ae119b9b2ba18d0216e7235b403229e92fd0743ede48fe7f1a2c6f45d594,"{""distance"":5,""physical_error_rate"":0.0005}","{""detection_events"":65995,""detectors_checked"":30048256}"
    141312,         0,         0,    1.55,exact_mw,cb12ae119b9b2ba18d0216e7235b403229e92fd0743ede48fe7f1a2c6f45d594,"{""distance"":5,""physical_error_rate"":0.0005}","{""detection_events"":70946,""detectors_checked"":31653888}"
    148480,         0,         0,    1.54,exact_mw,cb12ae119b9b2ba18d0216e7235b403229e92fd0743ede48fe7f1a2c6f45d594,"{""distance"":5,""physical_error_rate"":0.0005}","{""detection_events"":71892,""detectors_checked"":33259520}"
    104448,         0,         0,    1.55,exact_mw,cb12ae119b9b2ba18d0216e7235b403229e92fd0743ede48fe7f1a2c6f45d594,"{""distance"":5,""physical_error_rate"":0.0005}","{""detection_events"":51080,""detectors_checked"":23396352}"
    135168,         0,         0,    1.54,exact_mw,cb12ae119b9b2ba18d0216e7235b403229e92fd0743ede48fe7f1a2c6f45d594,"{""distance"":5,""physical_error_rate"":0.0005}","{""detection_events"":67228,""detectors_checked"":30277632}"
    160768,         0,         0,    1.55,exact_mw,cb12ae119b9b2ba18d0216e7235b403229e92fd0743ede48fe7f1a2c6f45d594,"{""distance"":5,""physical_error_rate"":0.0005}","{""detection_events"":79020,""detectors_checked"":36012032}"
    126976,         0,         0,    1.54,exact_mw,cb12ae119b9b2ba18d0216e7235b403229e92fd0743ede48fe7f1a2c6f45d594,"{""distance"":5,""physical_error_rate"":0.0005}","{""detection_events"":62303,""detectors_checked"":28442624}"
    147456,         0,         0,    1.54,exact_mw,cb12ae119b9b2ba18d0216e7235b403229e92fd0743ede48fe7f1a2c6f45d594,"{""distance"":5,""physical_error_rate"":0.0005}","{""detection_events"":72442,""detectors_checked"":33030144}"
    136192,         0,         0,    1.55,exact_mw,cb12ae119b9b2ba18d0216e7235b403229e92fd0743ede48fe7f1a2c6f45d594,"{""distance"":5,""physical_error_rate"":0.0005}","{""detection_events"":67289,""detectors_checked"":30507008}"
    112640,         0,         0,    1.55,exact_mw,cb12ae119b9b2ba18d0216e7235b403229e92fd0743ede48fe7f1a2c6f45d594,"{""distance"":5,""physical_error_rate"":0.0005}","{""detection_events"":54785,""detectors_checked"":25231360}"
     84992,         0,         0,    1.11,exact_mw,cb12ae119b9b2ba18d0216e7235b403229e92fd0743ede48fe7f1a2c6f45d594,"{""distance"":5,""physical_error_rate"":0.0005}","{""detection_events"":42288,""detectors_checked"":19038208}"
    105472,         0,         0,    1.56,exact_mw,cb12ae119b9b2ba18d0216e7235b403229e92fd0743ede48fe7f1a2c6f45d594,"{""distance"":5,""physical_error_rate"":0.0005}","{""detection_events"":52091,""detectors_checked"":23625728}"
     50176,         0,         0,    1.14,exact_mw,cb12ae119b9b2ba18d0216e7235b403229e92fd0743ede48fe7f1a2c6f45d594,"{""distance"":5,""physical_error_rate"":0.0005}","{""detection_events"":24414,""detectors_checked"":11239424}"
    135168,         1,         0,    1.54,exact_mw,cb12ae119b9b2ba18d0216e7235b403229e92fd0743ede48fe7f1a2c6f45d594,"{""distance"":5,""physical_error_rate"":0.0005}","{""detection_events"":67078,""detectors_checked"":30277632,""obs_mistake_mask=E"":1}"
    106496,         0,         0,    1.57,exact_mw,cb12ae119b9b2ba18d0216e7235b403229e92fd0743ede48fe7f1a2c6f45d594,"{""distance"":5,""physical_error_rate"":0.0005}","{""detection_events"":52489,""detectors_checked"":23855104}"
     68608,         0,         0,    1.56,exact_mw,cb12ae119b9b2ba18d0216e7235b403229e92fd0743ede48fe7f1a2c6f45d594,"{""distance"":5,""physical_error_rate"":0.0005}","{""detection_events"":34252,""detectors_checked"":15368192}"
    148480,         0,         0,    1.53,exact_mw,cb12ae119b9b2ba18d0216e7235b403229e92fd0743ede48fe7f1a2c6f45d594,"{""distance"":5,""physical_error_rate"":0.0005}","{""detection_events"":72259,""detectors_checked"":33259520}"
    142336,         0,         0,    1.55,exact_mw,cb12ae119b9b2ba18d0216e7235b403229e92fd0743ede48fe7f1a2c6f45d594,"{""distance"":5,""physical_error_rate"":0.0005}","{""detection_events"":69609,""detectors_checked"":31883264}"
    102400,         0,         0,    1.56,exact_mw,cb12ae119b9b2ba18d0216e7235b403229e92fd0743ede48fe7f1a2c6f45d594,"{""distance"":5,""physical_error_rate"":0.0005}","{""detection_events"":50756,""detectors_checked"":22937600}"
    139264,         0,         0,    1.56,exact_mw,cb12ae119b9b2ba18d0216e7235b403229e92fd0743ede48fe7f1a2c6f45d594,"{""distance"":5,""physical_error_rate"":0.0005}","{""detection_events"":68542,""detectors_checked"":31195136}"
    197632,         0,         0,    2.17,exact_mw,cb12ae119b9b2ba18d0216e7235b403229e92fd0743ede48fe7f1a2c6f45d594,"{""distance"":5,""physical_error_rate"":0.0005}","{""detection_events"":97171,""detectors_checked"":44269568}"
    133120,         0,         0,    1.55,exact_mw,cb12ae119b9b2ba18d0216e7235b403229e92fd0743ede48fe7f1a2c6f45d594,"{""distance"":5,""physical_error_rate"":0.0005}","{""detection_events"":65598,""detectors_checked"":29818880}"
    102400,         0,         0,    1.55,exact_mw,cb12ae119b9b2ba18d0216e7235b403229e92fd0743ede48fe7f1a2c6f45d594,"{""distance"":5,""physical_error_rate"":0.0005}","{""detection_events"":50942,""detectors_checked"":22937600}"
    103424,         0,         0,    1.54,exact_mw,cb12ae119b9b2ba18d0216e7235b403229e92fd0743ede48fe7f1a2c6f45d594,"{""distance"":5,""physical_error_rate"":0.0005}","{""detection_events"":50692,""detectors_checked"":23166976}"
    133120,         0,         0,    1.56,exact_mw,cb12ae119b9b2ba18d0216e7235b403229e92fd0743ede48fe7f1a2c6f45d594,"{""distance"":5,""physical_error_rate"":0.0005}","{""detection_events"":65651,""detectors_checked"":29818880}"
     98304,         0,         0,    1.54,exact_mw,cb12ae119b9b2ba18d0216e7235b403229e92fd0743ede48fe7f1a2c6f45d594,"{""distance"":5,""physical_error_rate"":0.0005}","{""detection_events"":48114,""detectors_checked"":22020096}"
    231424,         0,         0,    2.16,exact_mw,cb12ae119b9b2ba18d0216e7235b403229e92fd0743ede48fe7f1a2c6f45d594,"{""distance"":5,""physical_error_rate"":0.0005}","{""detection_events"":114572,""detectors_checked"":51838976}"
    287744,         0,         0,    4.24,exact_mw,cb12ae119b9b2ba18d0216e7235b403229e92fd0743ede48fe7f1a2c6f45d594,"{""distance"":5,""physical_error_rate"":0.0005}","{""detection_events"":142058,""detectors_checked"":64454656}"
    290816,         0,         0,    2.14,exact_mw,cb12ae119b9b2ba18d0216e7235b403229e92fd0743ede48fe7f1a2c6f45d594,"{""distance"":5,""physical_error_rate"":0.0005}","{""detection_events"":142665,""detectors_checked"":65142784}"
    183296,         1,         0,    4.21,exact_mw,cb12ae119b9b2ba18d0216e7235b403229e92fd0743ede48fe7f1a2c6f45d594,"{""distance"":5,""physical_error_rate"":0.0005}","{""detection_events"":90217,""detectors_checked"":41058304,""obs_mistake_mask=E"":1}"
    397312,         0,         0,    4.24,exact_mw,cb12ae119b9b2ba18d0216e7235b403229e92fd0743ede48fe7f1a2c6f45d594,"{""distance"":5,""physical_error_rate"":0.0005}","{""detection_events"":194368,""detectors_checked"":88997888}"
    204800,         0,         0,    4.24,exact_mw,cb12ae119b9b2ba18d0216e7235b403229e92fd0743ede48fe7f1a2c6f45d594,"{""distance"":5,""physical_error_rate"":0.0005}","{""detection_events"":100887,""detectors_checked"":45875200}"
    143360,         0,         0,    2.17,exact_mw,cb12ae119b9b2ba18d0216e7235b403229e92fd0743ede48fe7f1a2c6f45d594,"{""distance"":5,""physical_error_rate"":0.0005}","{""detection_events"":70640,""detectors_checked"":32112640}"
    147456,         0,         0,    2.17,exact_mw,cb12ae119b9b2ba18d0216e7235b403229e92fd0743ede48fe7f1a2c6f45d594,"{""distance"":5,""physical_error_rate"":0.0005}","{""detection_events"":72113,""detectors_checked"":33030144}"
    104448,         1,         0,    1.56,exact_mw,cb12ae119b9b2ba18d0216e7235b403229e92fd0743ede48fe7f1a2c6f45d594,"{""distance"":5,""physical_error_rate"":0.0005}","{""detection_events"":51456,""detectors_checked"":23396352,""obs_mistake_mask=E"":1}"
    196608,         0,         0,    2.16,exact_mw,cb12ae119b9b2ba18d0216e7235b403229e92fd0743ede48fe7f1a2c6f45d594,"{""distance"":5,""physical_error_rate"":0.0005}","{""detection_events"":96782,""detectors_checked"":44040192}"
    379904,         0,         0,    4.25,exact_mw,cb12ae119b9b2ba18d0216e7235b403229e92fd0743ede48fe7f1a2c6f45d594,"{""distance"":5,""physical_error_rate"":0.0005}","{""detection_events"":188709,""detectors_checked"":85098496}"
    139264,         0,         0,    2.15,exact_mw,cb12ae119b9b2ba18d0216e7235b403229e92fd0743ede48fe7f1a2c6f45d594,"{""distance"":5,""physical_error_rate"":0.0005}","{""detection_events"":68868,""detectors_checked"":31195136}"
     57344,         0,         0,    1.56,exact_mw,cb12ae119b9b2ba18d0216e7235b403229e92fd0743ede48fe7f1a2c6f45d594,"{""distance"":5,""physical_error_rate"":0.0005}","{""detection_events"":28135,""detectors_checked"":12845056}"
    202752,         0,         0,    2.17,exact_mw,cb12ae119b9b2ba18d0216e7235b403229e92fd0743ede48fe7f1a2c6f45d594,"{""distance"":5,""physical_error_rate"":0.0005}","{""detection_events"":99508,""detectors_checked"":45416448}"
    145408,         0,         0,    2.16,exact_mw,cb12ae119b9b2ba18d0216e7235b403229e92fd0743ede48fe7f1a2c6f45d594,"{""distance"":5,""physical_error_rate"":0.0005}","{""detection_events"":72012,""detectors_checked"":32571392}"
    210944,         0,         0,    2.16,exact_mw,cb12ae119b9b2ba18d0216e7235b403229e92fd0743ede48fe7f1a2c6f45d594,"{""distance"":5,""physical_error_rate"":0.0005}","{""detection_events"":104946,""detectors_checked"":47251456}"
    165888,         0,         0,    2.14,exact_mw,cb12ae119b9b2ba18d0216e7235b403229e92fd0743ede48fe7f1a2c6f45d594,"{""distance"":5,""physical_error_rate"":0.0005}","{""detection_events"":81970,""detectors_checked"":37158912}"
    187392,         0,         0,    2.15,exact_mw,cb12ae119b9b2ba18d0216e7235b403229e92fd0743ede48fe7f1a2c6f45d594,"{""distance"":5,""physical_error_rate"":0.0005}","{""detection_events"":92471,""detectors_checked"":41975808}"
    420864,         0,         0,    4.26,exact_mw,cb12ae119b9b2ba18d0216e7235b403229e92fd0743ede48fe7f1a2c6f45d594,"{""distance"":5,""physical_error_rate"":0.0005}","{""detection_events"":206403,""detectors_checked"":94273536}"
    165888,         0,         0,    2.16,exact_mw,cb12ae119b9b2ba18d0216e7235b403229e92fd0743ede48fe7f1a2c6f45d594,"{""distance"":5,""physical_error_rate"":0.0005}","{""detection_events"":81654,""detectors_checked"":37158912}"
    144384,         0,         0,    2.15,exact_mw,cb12ae119b9b2ba18d0216e7235b403229e92fd0743ede48fe7f1a2c6f45d594,"{""distance"":5,""physical_error_rate"":0.0005}","{""detection_events"":70838,""detectors_checked"":32342016}"
    307200,         1,         0,    4.26,exact_mw,cb12ae119b9b2ba18d0216e7235b403229e92fd0743ede48fe7f1a2c6f45d594,"{""distance"":5,""physical_error_rate"":0.0005}","{""detection_events"":151819,""detectors_checked"":68812800,""obs_mistake_mask=E"":1}"
    158720,         0,         0,    2.14,exact_mw,cb12ae119b9b2ba18d0216e7235b403229e92fd0743ede48fe7f1a2c6f45d594,"{""distance"":5,""physical_error_rate"":0.0005}","{""detection_events"":78167,""detectors_checked"":35553280}"
    274432,         0,         0,    3.03,exact_mw,cb12ae119b9b2ba18d0216e7235b403229e92fd0743ede48fe7f1a2c6f45d594,"{""distance"":5,""physical_error_rate"":0.0005}","{""detection_events"":135126,""detectors_checked"":61472768}"
    208896,         0,         0,    3.04,exact_mw,cb12ae119b9b2ba18d0216e7235b403229e92fd0743ede48fe7f1a2c6f45d594,"{""distance"":5,""physical_error_rate"":0.0005}","{""detection_events"":102089,""detectors_checked"":46792704}"
    196608,         0,         0,    2.17,exact_mw,cb12ae119b9b2ba18d0216e7235b403229e92fd0743ede48fe7f1a2c6f45d594,"{""distance"":5,""physical_error_rate"":0.0005}","{""detection_events"":96413,""detectors_checked"":44040192}"
    106496,         0,         0,    2.18,exact_mw,cb12ae119b9b2ba18d0216e7235b403229e92fd0743ede48fe7f1a2c6f45d594,"{""distance"":5,""physical_error_rate"":0.0005}","{""detection_events"":52576,""detectors_checked"":23855104}"
    176128,         0,         0,    2.18,exact_mw,cb12ae119b9b2ba18d0216e7235b403229e92fd0743ede48fe7f1a2c6f45d594,"{""distance"":5,""physical_error_rate"":0.0005}","{""detection_events"":86794,""detectors_checked"":39452672}"
    199680,         0,         0,    2.15,exact_mw,cb12ae119b9b2ba18d0216e7235b403229e92fd0743ede48fe7f1a2c6f45d594,"{""distance"":5,""physical_error_rate"":0.0005}","{""detection_events"":97584,""detectors_checked"":44728320}"
    142336,         0,         0,    2.18,exact_mw,cb12ae119b9b2ba18d0216e7235b403229e92fd0743ede48fe7f1a2c6f45d594,"{""distance"":5,""physical_error_rate"":0.0005}","{""detection_events"":70355,""detectors_checked"":31883264}"
    158720,         0,         0,    2.17,exact_mw,cb12ae119b9b2ba18d0216e7235b403229e92fd0743ede48fe7f1a2c6f45d594,"{""distance"":5,""physical_error_rate"":0.0005}","{""detection_events"":78517,""detectors_checked"":35553280}"
     72704,         0,         0,    2.18,exact_mw,cb12ae119b9b2ba18d0216e7235b403229e92fd0743ede48fe7f1a2c6f45d594,"{""distance"":5,""physical_error_rate"":0.0005}","{""detection_events"":35608,""detectors_checked"":16285696}"
    263168,         0,         0,    3.03,exact_mw,cb12ae119b9b2ba18d0216e7235b403229e92fd0743ede48fe7f1a2c6f45d594,"{""distance"":5,""physical_error_rate"":0.0005}","{""detection_events"":128547,""detectors_checked"":58949632}"
    204800,         0,         0,    2.15,exact_mw,cb12ae119b9b2ba18d0216e7235b403229e92fd0743ede48fe7f1a2c6f45d594,"{""distance"":5,""physical_error_rate"":0.0005}","{""detection_events"":100912,""detectors_checked"":45875200}"
    150528,         0,         0,    2.18,exact_mw,cb12ae119b9b2ba18d0216e7235b403229e92fd0743ede48fe7f1a2c6f45d594,"{""distance"":5,""physical_error_rate"":0.0005}","{""detection_events"":74331,""detectors_checked"":33718272}"
    180224,         0,         0,    2.16,exact_mw,cb12ae119b9b2ba18d0216e7235b403229e92fd0743ede48fe7f1a2c6f45d594,"{""distance"":5,""physical_error_rate"":0.0005}","{""detection_events"":88942,""detectors_checked"":40370176}"
    159744,         0,         0,    2.17,exact_mw,cb12ae119b9b2ba18d0216e7235b403229e92fd0743ede48fe7f1a2c6f45d594,"{""distance"":5,""physical_error_rate"":0.0005}","{""detection_events"":78638,""detectors_checked"":35782656}"
    172032,         0,         0,    2.12,exact_mw,cb12ae119b9b2ba18d0216e7235b403229e92fd0743ede48fe7f1a2c6f45d594,"{""distance"":5,""physical_error_rate"":0.0005}","{""detection_events"":83815,""detectors_checked"":38535168}"
    206848,         1,         0,    2.16,exact_mw,cb12ae119b9b2ba18d0216e7235b403229e92fd0743ede48fe7f1a2c6f45d594,"{""distance"":5,""physical_error_rate"":0.0005}","{""detection_events"":102153,""detectors_checked"":46333952,""obs_mistake_mask=E"":1}"
    191488,         0,         0,    2.16,exact_mw,cb12ae119b9b2ba18d0216e7235b403229e92fd0743ede48fe7f1a2c6f45d594,"{""distance"":5,""physical_error_rate"":0.0005}","{""detection_events"":94310,""detectors_checked"":42893312}"
    168960,         0,         0,    2.17,exact_mw,cb12ae119b9b2ba18d0216e7235b403229e92fd0743ede48fe7f1a2c6f45d594,"{""distance"":5,""physical_error_rate"":0.0005}","{""detection_events"":83396,""detectors_checked"":37847040}"
   3218974,         1,         0,    28.7,exact_mw,cb12ae119b9b2ba18d0216e7235b403229e92fd0743ede48fe7f1a2c6f45d594,"{""distance"":5,""physical_error_rate"":0.0005}","{""detection_events"":1582796,""detectors_checked"":721050176,""obs_mistake_mask=E"":1}"
    354304,         1,         0,    3.00,exact_mw,cb12ae119b9b2ba18d0216e7235b403229e92fd0743ede48fe7f1a2c6f45d594,"{""distance"":5,""physical_error_rate"":0.0005}","{""detection_events"":175308,""detectors_checked"":79364096,""obs_mistake_mask=E"":1}"
    987136,         0,         0,    11.6,exact_mw,cb12ae119b9b2ba18d0216e7235b403229e92fd0743ede48fe7f1a2c6f45d594,"{""distance"":5,""physical_error_rate"":0.0005}","{""detection_events"":485962,""detectors_checked"":221118464}"
    843776,         1,         0,    11.6,exact_mw,cb12ae119b9b2ba18d0216e7235b403229e92fd0743ede48fe7f1a2c6f45d594,"{""distance"":5,""physical_error_rate"":0.0005}","{""detection_events"":416711,""detectors_checked"":189005824,""obs_mistake_mask=E"":1}"
    165888,         0,         0,    2.16,exact_mw,cb12ae119b9b2ba18d0216e7235b403229e92fd0743ede48fe7f1a2c6f45d594,"{""distance"":5,""physical_error_rate"":0.0005}","{""detection_events"":80075,""detectors_checked"":37158912}"
    408576,         1,         0,    3.03,exact_mw,cb12ae119b9b2ba18d0216e7235b403229e92fd0743ede48fe7f1a2c6f45d594,"{""distance"":5,""physical_error_rate"":0.0005}","{""detection_events"":199235,""detectors_checked"":91521024,""obs_mistake_mask=E"":1}"
     68608,         0,         0,    2.12,exact_mw,cb12ae119b9b2ba18d0216e7235b403229e92fd0743ede48fe7f1a2c6f45d594,"{""distance"":5,""physical_error_rate"":0.0005}","{""detection_events"":34329,""detectors_checked"":15368192}"
   1010688,         0,         0,    11.6,exact_mw,cb12ae119b9b2ba18d0216e7235b403229e92fd0743ede48fe7f1a2c6f45d594,"{""distance"":5,""physical_error_rate"":0.0005}","{""detection_events"":496614,""detectors_checked"":226394112}"
    368640,         0,         0,    3.01,exact_mw,cb12ae119b9b2ba18d0216e7235b403229e92fd0743ede48fe7f1a2c6f45d594,"{""distance"":5,""physical_error_rate"":0.0005}","{""detection_events"":181400,""detectors_checked"":82575360}"
   1030144,         0,         0,    11.6,exact_mw,cb12ae119b9b2ba18d0216e7235b403229e92fd0743ede48fe7f1a2c6f45d594,"{""distance"":5,""physical_error_rate"":0.0005}","{""detection_events"":506047,""detectors_checked"":230752256}"
   1100800,         0,         0,    11.6,exact_mw,cb12ae119b9b2ba18d0216e7235b403229e92fd0743ede48fe7f1a2c6f45d594,"{""distance"":5,""physical_error_rate"":0.0005}","{""detection_events"":541035,""detectors_checked"":246579200}"
    196608,         0,         0,    3.03,exact_mw,cb12ae119b9b2ba18d0216e7235b403229e92fd0743ede48fe7f1a2c6f45d594,"{""distance"":5,""physical_error_rate"":0.0005}","{""detection_events"":97450,""detectors_checked"":44040192}"
    246784,         0,         0,    3.03,exact_mw,cb12ae119b9b2ba18d0216e7235b403229e92fd0743ede48fe7f1a2c6f45d594,"{""distance"":5,""physical_error_rate"":0.0005}","{""detection_events"":120913,""detectors_checked"":55279616}"
    290816,         0,         0,    3.02,exact_mw,cb12ae119b9b2ba18d0216e7235b403229e92fd0743ede48fe7f1a2c6f45d594,"{""distance"":5,""physical_error_rate"":0.0005}","{""detection_events"":142372,""detectors_checked"":65142784}"
    250880,         0,         0,    2.99,exact_mw,cb12ae119b9b2ba18d0216e7235b403229e92fd0743ede48fe7f1a2c6f45d594,"{""distance"":5,""physical_error_rate"":0.0005}","{""detection_events"":123458,""detectors_checked"":56197120}"
    286720,         0,         0,    3.01,exact_mw,cb12ae119b9b2ba18d0216e7235b403229e92fd0743ede48fe7f1a2c6f45d594,"{""distance"":5,""physical_error_rate"":0.0005}","{""detection_events"":141622,""detectors_checked"":64225280}"
    231424,         0,         0,    3.04,exact_mw,cb12ae119b9b2ba18d0216e7235b403229e92fd0743ede48fe7f1a2c6f45d594,"{""distance"":5,""physical_error_rate"":0.0005}","{""detection_events"":114622,""detectors_checked"":51838976}"
    239616,         0,         0,    3.03,exact_mw,cb12ae119b9b2ba18d0216e7235b403229e92fd0743ede48fe7f1a2c6f45d594,"{""distance"":5,""physical_error_rate"":0.0005}","{""detection_events"":118292,""detectors_checked"":53673984}"
    214016,         0,         0,    2.97,exact_mw,cb12ae119b9b2ba18d0216e7235b403229e92fd0743ede48fe7f1a2c6f45d594,"{""distance"":5,""physical_error_rate"":0.0005}","{""detection_events"":104982,""detectors_checked"":47939584}"
    270336,         0,         0,    3.01,exact_mw,cb12ae119b9b2ba18d0216e7235b403229e92fd0743ede48fe7f1a2c6f45d594,"{""distance"":5,""physical_error_rate"":0.0005}","{""detection_events"":132284,""detectors_checked"":60555264}"
    985088,         3,         0,    11.6,exact_mw,cb12ae119b9b2ba18d0216e7235b403229e92fd0743ede48fe7f1a2c6f45d594,"{""distance"":5,""physical_error_rate"":0.0005}","{""detection_events"":483489,""detectors_checked"":220659712,""obs_mistake_mask=E"":3}"
    272384,         0,         0,    3.02,exact_mw,cb12ae119b9b2ba18d0216e7235b403229e92fd0743ede48fe7f1a2c6f45d594,"{""distance"":5,""physical_error_rate"":0.0005}","{""detection_events"":133758,""detectors_checked"":61014016}"
    224256,         0,         0,    3.04,exact_mw,cb12ae119b9b2ba18d0216e7235b403229e92fd0743ede48fe7f1a2c6f45d594,"{""distance"":5,""physical_error_rate"":0.0005}","{""detection_events"":109955,""detectors_checked"":50233344}"
    284672,         1,         0,    3.05,exact_mw,cb12ae119b9b2ba18d0216e7235b403229e92fd0743ede48fe7f1a2c6f45d594,"{""distance"":5,""physical_error_rate"":0.0005}","{""detection_events"":140246,""detectors_checked"":63766528,""obs_mistake_mask=E"":1}"
    285696,         0,         0,    2.99,exact_mw,cb12ae119b9b2ba18d0216e7235b403229e92fd0743ede48fe7f1a2c6f45d594,"{""distance"":5,""physical_error_rate"":0.0005}","{""detection_events"":140395,""detectors_checked"":63995904}"
    142336,         0,         0,    2.99,exact_mw,cb12ae119b9b2ba18d0216e7235b403229e92fd0743ede48fe7f1a2c6f45d594,"{""distance"":5,""physical_error_rate"":0.0005}","{""detection_events"":69664,""detectors_checked"":31883264}"
     99328,         0,         0,    3.05,exact_mw,cb12ae119b9b2ba18d0216e7235b403229e92fd0743ede48fe7f1a2c6f45d594,"{""distance"":5,""physical_error_rate"":0.0005}","{""detection_events"":48630,""detectors_checked"":22249472}"
    272384,         0,         0,    3.04,exact_mw,cb12ae119b9b2ba18d0216e7235b403229e92fd0743ede48fe7f1a2c6f45d594,"{""distance"":5,""physical_error_rate"":0.0005}","{""detection_events"":133916,""detectors_checked"":61014016}"
    200704,         0,         0,    2.94,exact_mw,cb12ae119b9b2ba18d0216e7235b403229e92fd0743ede48fe7f1a2c6f45d594,"{""distance"":5,""physical_error_rate"":0.0005}","{""detection_events"":99066,""detectors_checked"":44957696}"
    202752,         0,         0,    3.03,exact_mw,cb12ae119b9b2ba18d0216e7235b403229e92fd0743ede48fe7f1a2c6f45d594,"{""distance"":5,""physical_error_rate"":0.0005}","{""detection_events"":100048,""detectors_checked"":45416448}"
    201728,         0,         0,    2.98,exact_mw,cb12ae119b9b2ba18d0216e7235b403229e92fd0743ede48fe7f1a2c6f45d594,"{""distance"":5,""physical_error_rate"":0.0005}","{""detection_events"":98801,""detectors_checked"":45187072}"
    237568,         0,         0,    3.02,exact_mw,cb12ae119b9b2ba18d0216e7235b403229e92fd0743ede48fe7f1a2c6f45d594,"{""distance"":5,""physical_error_rate"":0.0005}","{""detection_events"":116972,""detectors_checked"":53215232}"
    273408,         0,         0,    3.05,exact_mw,cb12ae119b9b2ba18d0216e7235b403229e92fd0743ede48fe7f1a2c6f45d594,"{""distance"":5,""physical_error_rate"":0.0005}","{""detection_events"":134538,""detectors_checked"":61243392}"
    225280,         0,         0,    3.01,exact_mw,cb12ae119b9b2ba18d0216e7235b403229e92fd0743ede48fe7f1a2c6f45d594,"{""distance"":5,""physical_error_rate"":0.0005}","{""detection_events"":112337,""detectors_checked"":50462720}"
    204800,         0,         0,    3.03,exact_mw,cb12ae119b9b2ba18d0216e7235b403229e92fd0743ede48fe7f1a2c6f45d594,"{""distance"":5,""physical_error_rate"":0.0005}","{""detection_events"":100909,""detectors_checked"":45875200}"
    204800,         1,         0,    3.03,exact_mw,cb12ae119b9b2ba18d0216e7235b403229e92fd0743ede48fe7f1a2c6f45d594,"{""distance"":5,""physical_error_rate"":0.0005}","{""detection_events"":101254,""detectors_checked"":45875200,""obs_mistake_mask=E"":1}"
    204800,         0,         0,    2.98,exact_mw,cb12ae119b9b2ba18d0216e7235b403229e92fd0743ede48fe7f1a2c6f45d594,"{""distance"":5,""physical_error_rate"":0.0005}","{""detection_events"":102517,""detectors_checked"":45875200}"
    253952,         0,         0,    3.06,exact_mw,cb12ae119b9b2ba18d0216e7235b403229e92fd0743ede48fe7f1a2c6f45d594,"{""distance"":5,""physical_error_rate"":0.0005}","{""detection_events"":124160,""detectors_checked"":56885248}"
    205824,         0,         0,    3.00,exact_mw,cb12ae119b9b2ba18d0216e7235b403229e92fd0743ede48fe7f1a2c6f45d594,"{""distance"":5,""physical_error_rate"":0.0005}","{""detection_events"":101979,""detectors_checked"":46104576}"
    338944,         0,         0,    4.25,exact_mw,cb12ae119b9b2ba18d0216e7235b403229e92fd0743ede48fe7f1a2c6f45d594,"{""distance"":5,""physical_error_rate"":0.0005}","{""detection_events"":166706,""detectors_checked"":75923456}"
    376832,         0,         0,    4.22,exact_mw,cb12ae119b9b2ba18d0216e7235b403229e92fd0743ede48fe7f1a2c6f45d594,"{""distance"":5,""physical_error_rate"":0.0005}","{""detection_events"":185428,""detectors_checked"":84410368}"
    313344,         0,         0,    4.24,exact_mw,cb12ae119b9b2ba18d0216e7235b403229e92fd0743ede48fe7f1a2c6f45d594,"{""distance"":5,""physical_error_rate"":0.0005}","{""detection_events"":153915,""detectors_checked"":70189056}"
    224256,         0,         0,    3.05,exact_mw,cb12ae119b9b2ba18d0216e7235b403229e92fd0743ede48fe7f1a2c6f45d594,"{""distance"":5,""physical_error_rate"":0.0005}","{""detection_events"":111549,""detectors_checked"":50233344}"
    498688,         1,         0,    5.90,exact_mw,cb12ae119b9b2ba18d0216e7235b403229e92fd0743ede48fe7f1a2c6f45d594,"{""distance"":5,""physical_error_rate"":0.0005}","{""detection_events"":244571,""detectors_checked"":111706112,""obs_mistake_mask=E"":1}"
     92160,         1,         0,    3.01,exact_mw,cb12ae119b9b2ba18d0216e7235b403229e92fd0743ede48fe7f1a2c6f45d594,"{""distance"":5,""physical_error_rate"":0.0005}","{""detection_events"":44897,""detectors_checked"":20643840,""obs_mistake_mask=E"":1}"
    189440,         0,         0,    5.91,exact_mw,cb12ae119b9b2ba18d0216e7235b403229e92fd0743ede48fe7f1a2c6f45d594,"{""distance"":5,""physical_error_rate"":0.0005}","{""detection_events"":93750,""detectors_checked"":42434560}"
    443392,         0,         0,    5.94,exact_mw,cb12ae119b9b2ba18d0216e7235b403229e92fd0743ede48fe7f1a2c6f45d594,"{""distance"":5,""physical_error_rate"":0.0005}","{""detection_events"":217909,""detectors_checked"":99319808}"
    187392,         0,         0,    5.93,exact_mw,cb12ae119b9b2ba18d0216e7235b403229e92fd0743ede48fe7f1a2c6f45d594,"{""distance"":5,""physical_error_rate"":0.0005}","{""detection_events"":91659,""detectors_checked"":41975808}"
    472064,         1,         0,    5.90,exact_mw,cb12ae119b9b2ba18d0216e7235b403229e92fd0743ede48fe7f1a2c6f45d594,"{""distance"":5,""physical_error_rate"":0.0005}","{""detection_events"":230756,""detectors_checked"":105742336,""obs_mistake_mask=E"":1}"
    748544,         0,         0,    4.25,exact_mw,cb12ae119b9b2ba18d0216e7235b403229e92fd0743ede48fe7f1a2c6f45d594,"{""distance"":5,""physical_error_rate"":0.0005}","{""detection_events"":366803,""detectors_checked"":167673856}"
    571392,         0,         0,    5.94,exact_mw,cb12ae119b9b2ba18d0216e7235b403229e92fd0743ede48fe7f1a2c6f45d594,"{""distance"":5,""physical_error_rate"":0.0005}","{""detection_events"":280586,""detectors_checked"":127991808}"
    407552,         0,         0,    5.93,exact_mw,cb12ae119b9b2ba18d0216e7235b403229e92fd0743ede48fe7f1a2c6f45d594,"{""distance"":5,""physical_error_rate"":0.0005}","{""detection_events"":199325,""detectors_checked"":91291648}"
    518144,         0,         0,    4.20,exact_mw,cb12ae119b9b2ba18d0216e7235b403229e92fd0743ede48fe7f1a2c6f45d594,"{""distance"":5,""physical_error_rate"":0.0005}","{""detection_events"":255924,""detectors_checked"":116064256}"
   2771296,         2,         0,    31.1,exact_mw,cb12ae119b9b2ba18d0216e7235b403229e92fd0743ede48fe7f1a2c6f45d594,"{""distance"":5,""physical_error_rate"":0.0005}","{""detection_events"":1364084,""detectors_checked"":620770304,""obs_mistake_mask=E"":2}"
   2709504,         1,         0,    32.9,exact_mw,cb12ae119b9b2ba18d0216e7235b403229e92fd0743ede48fe7f1a2c6f45d594,"{""distance"":5,""physical_error_rate"":0.0005}","{""detection_events"":1333252,""detectors_checked"":606928896,""obs_mistake_mask=E"":1}"
    502784,         0,         0,    4.25,exact_mw,cb12ae119b9b2ba18d0216e7235b403229e92fd0743ede48fe7f1a2c6f45d594,"{""distance"":5,""physical_error_rate"":0.0005}","{""detection_events"":247646,""detectors_checked"":112623616}"
    314368,         0,         0,    4.19,exact_mw,cb12ae119b9b2ba18d0216e7235b403229e92fd0743ede48fe7f1a2c6f45d594,"{""distance"":5,""physical_error_rate"":0.0005}","{""detection_events"":154715,""detectors_checked"":70418432}"
    380928,         0,         0,    4.24,exact_mw,cb12ae119b9b2ba18d0216e7235b403229e92fd0743ede48fe7f1a2c6f45d594,"{""distance"":5,""physical_error_rate"":0.0005}","{""detection_events"":186479,""detectors_checked"":85327872}"
    362496,         0,         0,    4.25,exact_mw,cb12ae119b9b2ba18d0216e7235b403229e92fd0743ede48fe7f1a2c6f45d594,"{""distance"":5,""physical_error_rate"":0.0005}","{""detection_events"":178658,""detectors_checked"":81199104}"
    420864,         0,         0,    4.23,exact_mw,cb12ae119b9b2ba18d0216e7235b403229e92fd0743ede48fe7f1a2c6f45d594,"{""distance"":5,""physical_error_rate"":0.0005}","{""detection_events"":206205,""detectors_checked"":94273536}"
    409600,         0,         0,    4.25,exact_mw,cb12ae119b9b2ba18d0216e7235b403229e92fd0743ede48fe7f1a2c6f45d594,"{""distance"":5,""physical_error_rate"":0.0005}","{""detection_events"":201597,""detectors_checked"":91750400}"
    342016,         0,         0,    4.25,exact_mw,cb12ae119b9b2ba18d0216e7235b403229e92fd0743ede48fe7f1a2c6f45d594,"{""distance"":5,""physical_error_rate"":0.0005}","{""detection_events"":168225,""detectors_checked"":76611584}"
    306176,         0,         0,    4.27,exact_mw,cb12ae119b9b2ba18d0216e7235b403229e92fd0743ede48fe7f1a2c6f45d594,"{""distance"":5,""physical_error_rate"":0.0005}","{""detection_events"":150566,""detectors_checked"":68583424}"
    289792,         0,         0,    4.22,exact_mw,cb12ae119b9b2ba18d0216e7235b403229e92fd0743ede48fe7f1a2c6f45d594,"{""distance"":5,""physical_error_rate"":0.0005}","{""detection_events"":142485,""detectors_checked"":64913408}"
    350208,         0,         0,    4.25,exact_mw,cb12ae119b9b2ba18d0216e7235b403229e92fd0743ede48fe7f1a2c6f45d594,"{""distance"":5,""physical_error_rate"":0.0005}","{""detection_events"":172801,""detectors_checked"":78446592}"
    327680,         1,         0,    4.24,exact_mw,cb12ae119b9b2ba18d0216e7235b403229e92fd0743ede48fe7f1a2c6f45d594,"{""distance"":5,""physical_error_rate"":0.0005}","{""detection_events"":161965,""detectors_checked"":73400320,""obs_mistake_mask=E"":1}"
    417792,         0,         0,    4.22,exact_mw,cb12ae119b9b2ba18d0216e7235b403229e92fd0743ede48fe7f1a2c6f45d594,"{""distance"":5,""physical_error_rate"":0.0005}","{""detection_events"":204948,""detectors_checked"":93585408}"
    252928,         1,         0,    4.30,exact_mw,cb12ae119b9b2ba18d0216e7235b403229e92fd0743ede48fe7f1a2c6f45d594,"{""distance"":5,""physical_error_rate"":0.0005}","{""detection_events"":124265,""detectors_checked"":56655872,""obs_mistake_mask=E"":1}"
    392192,         0,         0,    4.24,exact_mw,cb12ae119b9b2ba18d0216e7235b403229e92fd0743ede48fe7f1a2c6f45d594,"{""distance"":5,""physical_error_rate"":0.0005}","{""detection_events"":194036,""detectors_checked"":87851008}"
    114688,         0,         0,    4.27,exact_mw,cb12ae119b9b2ba18d0216e7235b403229e92fd0743ede48fe7f1a2c6f45d594,"{""distance"":5,""physical_error_rate"":0.0005}","{""detection_events"":56569,""detectors_checked"":25690112}"
    360448,         0,         0,    4.23,exact_mw,cb12ae119b9b2ba18d0216e7235b403229e92fd0743ede48fe7f1a2c6f45d594,"{""distance"":5,""physical_error_rate"":0.0005}","{""detection_events"":177848,""detectors_checked"":80740352}"
    296960,         2,         0,    4.21,exact_mw,cb12ae119b9b2ba18d0216e7235b403229e92fd0743ede48fe7f1a2c6f45d594,"{""distance"":5,""physical_error_rate"":0.0005}","{""detection_events"":146034,""detectors_checked"":66519040,""obs_mistake_mask=E"":2}"
    118784,         0,         0,    4.31,exact_mw,cb12ae119b9b2ba18d0216e7235b403229e92fd0743ede48fe7f1a2c6f45d594,"{""distance"":5,""physical_error_rate"":0.0005}","{""detection_events"":58754,""detectors_checked"":26607616}"
    288768,         0,         0,    4.21,exact_mw,cb12ae119b9b2ba18d0216e7235b403229e92fd0743ede48fe7f1a2c6f45d594,"{""distance"":5,""physical_error_rate"":0.0005}","{""detection_events"":141919,""detectors_checked"":64684032}"
    290816,         0,         0,    4.20,exact_mw,cb12ae119b9b2ba18d0216e7235b403229e92fd0743ede48fe7f1a2c6f45d594,"{""distance"":5,""physical_error_rate"":0.0005}","{""detection_events"":142339,""detectors_checked"":65142784}"
   2432219,         2,         0,    27.6,exact_mw,cb12ae119b9b2ba18d0216e7235b403229e92fd0743ede48fe7f1a2c6f45d594,"{""distance"":5,""physical_error_rate"":0.0005}","{""detection_events"":1193726,""detectors_checked"":544817056,""obs_mistake_mask=E"":2}"
    337920,         0,         0,    4.24,exact_mw,cb12ae119b9b2ba18d0216e7235b403229e92fd0743ede48fe7f1a2c6f45d594,"{""distance"":5,""physical_error_rate"":0.0005}","{""detection_events"":166872,""detectors_checked"":75694080}"
   2359296,         1,         0,    26.0,exact_mw,cb12ae119b9b2ba18d0216e7235b403229e92fd0743ede48fe7f1a2c6f45d594,"{""distance"":5,""physical_error_rate"":0.0005}","{""detection_events"":1157849,""detectors_checked"":528482304,""obs_mistake_mask=E"":1}"
   2311168,         1,         0,    39.9,exact_mw,cb12ae119b9b2ba18d0216e7235b403229e92fd0743ede48fe7f1a2c6f45d594,"{""distance"":5,""physical_error_rate"":0.0005}","{""detection_events"":1137324,""detectors_checked"":517701632,""obs_mistake_mask=E"":1}"
    393216,         1,         0,    4.23,exact_mw,cb12ae119b9b2ba18d0216e7235b403229e92fd0743ede48fe7f1a2c6f45d594,"{""distance"":5,""physical_error_rate"":0.0005}","{""detection_events"":193340,""detectors_checked"":88080384,""obs_mistake_mask=E"":1}"
    381952,         0,         0,    4.23,exact_mw,cb12ae119b9b2ba18d0216e7235b403229e92fd0743ede48fe7f1a2c6f45d594,"{""distance"":5,""physical_error_rate"":0.0005}","{""detection_events"":188278,""detectors_checked"":85557248}"
    336896,         0,         0,    4.24,exact_mw,cb12ae119b9b2ba18d0216e7235b403229e92fd0743ede48fe7f1a2c6f45d594,"{""distance"":5,""physical_error_rate"":0.0005}","{""detection_events"":165530,""detectors_checked"":75464704}"
    288768,         0,         0,    4.23,exact_mw,cb12ae119b9b2ba18d0216e7235b403229e92fd0743ede48fe7f1a2c6f45d594,"{""distance"":5,""physical_error_rate"":0.0005}","{""detection_events"":141815,""detectors_checked"":64684032}"
    345088,         0,         0,    4.26,exact_mw,cb12ae119b9b2ba18d0216e7235b403229e92fd0743ede48fe7f1a2c6f45d594,"{""distance"":5,""physical_error_rate"":0.0005}","{""detection_events"":169436,""detectors_checked"":77299712}"
    279552,         1,         0,    4.22,exact_mw,cb12ae119b9b2ba18d0216e7235b403229e92fd0743ede48fe7f1a2c6f45d594,"{""distance"":5,""physical_error_rate"":0.0005}","{""detection_events"":138345,""detectors_checked"":62619648,""obs_mistake_mask=E"":1}"
    276480,         0,         0,    4.25,exact_mw,cb12ae119b9b2ba18d0216e7235b403229e92fd0743ede48fe7f1a2c6f45d594,"{""distance"":5,""physical_error_rate"":0.0005}","{""detection_events"":135789,""detectors_checked"":61931520}"
   2249687,         0,         0,    26.9,exact_mw,cb12ae119b9b2ba18d0216e7235b403229e92fd0743ede48fe7f1a2c6f45d594,"{""distance"":5,""physical_error_rate"":0.0005}","{""detection_events"":1108653,""detectors_checked"":503929888}"
    292864,         0,         0,    4.24,exact_mw,cb12ae119b9b2ba18d0216e7235b403229e92fd0743ede48fe7f1a2c6f45d594,"{""distance"":5,""physical_error_rate"":0.0005}","{""detection_events"":144680,""detectors_checked"":65601536}"
    107520,         0,         0,    4.20,exact_mw,cb12ae119b9b2ba18d0216e7235b403229e92fd0743ede48fe7f1a2c6f45d594,"{""distance"":5,""physical_error_rate"":0.0005}","{""detection_events"":52998,""detectors_checked"":24084480}"
   2100312,         1,         0,    21.6,exact_mw,cb12ae119b9b2ba18d0216e7235b403229e92fd0743ede48fe7f1a2c6f45d594,"{""distance"":5,""physical_error_rate"":0.0005}","{""detection_events"":1031817,""detectors_checked"":470469888,""obs_mistake_mask=E"":1}"
    448512,         1,         0,    5.93,exact_mw,cb12ae119b9b2ba18d0216e7235b403229e92fd0743ede48fe7f1a2c6f45d594,"{""distance"":5,""physical_error_rate"":0.0005}","{""detection_events"":220651,""detectors_checked"":100466688,""obs_mistake_mask=E"":1}"
    565248,         0,         0,    5.92,exact_mw,cb12ae119b9b2ba18d0216e7235b403229e92fd0743ede48fe7f1a2c6f45d594,"{""distance"":5,""physical_error_rate"":0.0005}","{""detection_events"":278868,""detectors_checked"":126615552}"
    481280,         0,         0,    5.87,exact_mw,cb12ae119b9b2ba18d0216e7235b403229e92fd0743ede48fe7f1a2c6f45d594,"{""distance"":5,""physical_error_rate"":0.0005}","{""detection_events"":235092,""detectors_checked"":107806720}"
   1026048,         0,         0,    5.94,exact_mw,cb12ae119b9b2ba18d0216e7235b403229e92fd0743ede48fe7f1a2c6f45d594,"{""distance"":5,""physical_error_rate"":0.0005}","{""detection_events"":502817,""detectors_checked"":229834752}"
    825344,         0,         0,    5.93,exact_mw,cb12ae119b9b2ba18d0216e7235b403229e92fd0743ede48fe7f1a2c6f45d594,"{""distance"":5,""physical_error_rate"":0.0005}","{""detection_events"":406417,""detectors_checked"":184877056}"
    750592,         0,         0,    5.91,exact_mw,cb12ae119b9b2ba18d0216e7235b403229e92fd0743ede48fe7f1a2c6f45d594,"{""distance"":5,""physical_error_rate"":0.0005}","{""detection_events"":368439,""detectors_checked"":168132608}"
   2061239,         0,         0,    30.0,exact_mw,cb12ae119b9b2ba18d0216e7235b403229e92fd0743ede48fe7f1a2c6f45d594,"{""distance"":5,""physical_error_rate"":0.0005}","{""detection_events"":1014192,""detectors_checked"":461717536}"
   2026496,         0,         0,    31.4,exact_mw,cb12ae119b9b2ba18d0216e7235b403229e92fd0743ede48fe7f1a2c6f45d594,"{""distance"":5,""physical_error_rate"":0.0005}","{""detection_events"":998368,""detectors_checked"":453935104}"
    562176,         0,         0,    5.91,exact_mw,cb12ae119b9b2ba18d0216e7235b403229e92fd0743ede48fe7f1a2c6f45d594,"{""distance"":5,""physical_error_rate"":0.0005}","{""detection_events"":274657,""detectors_checked"":125927424}"
   1965016,         1,         0,    31.0,exact_mw,cb12ae119b9b2ba18d0216e7235b403229e92fd0743ede48fe7f1a2c6f45d594,"{""distance"":5,""physical_error_rate"":0.0005}","{""detection_events"":965533,""detectors_checked"":440163584,""obs_mistake_mask=E"":1}"
   1903616,         2,         0,    21.4,exact_mw,cb12ae119b9b2ba18d0216e7235b403229e92fd0743ede48fe7f1a2c6f45d594,"{""distance"":5,""physical_error_rate"":0.0005}","{""detection_events"":936149,""detectors_checked"":426409984,""obs_mistake_mask=E"":2}"
   1902592,         2,         0,    23.0,exact_mw,cb12ae119b9b2ba18d0216e7235b403229e92fd0743ede48fe7f1a2c6f45d594,"{""distance"":5,""physical_error_rate"":0.0005}","{""detection_events"":934848,""detectors_checked"":426180608,""obs_mistake_mask=E"":2}"
    548864,         0,         0,    5.88,exact_mw,cb12ae119b9b2ba18d0216e7235b403229e92fd0743ede48fe7f1a2c6f45d594,"{""distance"":5,""physical_error_rate"":0.0005}","{""detection_events"":269292,""detectors_checked"":122945536}"
    439296,         0,         0,    5.84,exact_mw,cb12ae119b9b2ba18d0216e7235b403229e92fd0743ede48fe7f1a2c6f45d594,"{""distance"":5,""physical_error_rate"":0.0005}","{""detection_events"":215454,""detectors_checked"":98402304}"
    557056,         0,         0,    5.92,exact_mw,cb12ae119b9b2ba18d0216e7235b403229e92fd0743ede48fe7f1a2c6f45d594,"{""distance"":5,""physical_error_rate"":0.0005}","{""detection_events"":273227,""detectors_checked"":124780544}"
    497664,         0,         0,    5.88,exact_mw,cb12ae119b9b2ba18d0216e7235b403229e92fd0743ede48fe7f1a2c6f45d594,"{""distance"":5,""physical_error_rate"":0.0005}","{""detection_events"":244909,""detectors_checked"":111476736}"
    484352,         2,         0,    5.90,exact_mw,cb12ae119b9b2ba18d0216e7235b403229e92fd0743ede48fe7f1a2c6f45d594,"{""distance"":5,""physical_error_rate"":0.0005}","{""detection_events"":238644,""detectors_checked"":108494848,""obs_mistake_mask=E"":2}"
    405504,         0,         0,    5.86,exact_mw,cb12ae119b9b2ba18d0216e7235b403229e92fd0743ede48fe7f1a2c6f45d594,"{""distance"":5,""physical_error_rate"":0.0005}","{""detection_events"":200304,""detectors_checked"":90832896}"
   1893864,         0,         0,    31.1,exact_mw,cb12ae119b9b2ba18d0216e7235b403229e92fd0743ede48fe7f1a2c6f45d594,"{""distance"":5,""physical_error_rate"":0.0005}","{""detection_events"":931788,""detectors_checked"":424225536}"
    496640,         1,         0,    5.83,exact_mw,cb12ae119b9b2ba18d0216e7235b403229e92fd0743ede48fe7f1a2c6f45d594,"{""distance"":5,""physical_error_rate"":0.0005}","{""detection_events"":244728,""detectors_checked"":111247360,""obs_mistake_mask=E"":1}"
    466944,         0,         0,    5.90,exact_mw,cb12ae119b9b2ba18d0216e7235b403229e92fd0743ede48fe7f1a2c6f45d594,"{""distance"":5,""physical_error_rate"":0.0005}","{""detection_events"":229382,""detectors_checked"":104595456}"
    792576,         0,         0,    8.25,exact_mw,cb12ae119b9b2ba18d0216e7235b403229e92fd0743ede48fe7f1a2c6f45d594,"{""distance"":5,""physical_error_rate"":0.0005}","{""detection_events"":390008,""detectors_checked"":177537024}"
    445440,         1,         0,    8.26,exact_mw,cb12ae119b9b2ba18d0216e7235b403229e92fd0743ede48fe7f1a2c6f45d594,"{""distance"":5,""physical_error_rate"":0.0005}","{""detection_events"":218995,""detectors_checked"":99778560,""obs_mistake_mask=E"":1}"
    550912,         0,         0,    5.90,exact_mw,cb12ae119b9b2ba18d0216e7235b403229e92fd0743ede48fe7f1a2c6f45d594,"{""distance"":5,""physical_error_rate"":0.0005}","{""detection_events"":270393,""detectors_checked"":123404288}"
    699392,         0,         0,    8.29,exact_mw,cb12ae119b9b2ba18d0216e7235b403229e92fd0743ede48fe7f1a2c6f45d594,"{""distance"":5,""physical_error_rate"":0.0005}","{""detection_events"":343204,""detectors_checked"":156663808}"
    475136,         0,         0,    5.87,exact_mw,cb12ae119b9b2ba18d0216e7235b403229e92fd0743ede48fe7f1a2c6f45d594,"{""distance"":5,""physical_error_rate"":0.0005}","{""detection_events"":234599,""detectors_checked"":106430464}"
    464896,         0,         0,    5.85,exact_mw,cb12ae119b9b2ba18d0216e7235b403229e92fd0743ede48fe7f1a2c6f45d594,"{""distance"":5,""physical_error_rate"":0.0005}","{""detection_events"":229892,""detectors_checked"":104136704}"
    279552,         0,         0,    8.16,exact_mw,cb12ae119b9b2ba18d0216e7235b403229e92fd0743ede48fe7f1a2c6f45d594,"{""distance"":5,""physical_error_rate"":0.0005}","{""detection_events"":137636,""detectors_checked"":62619648}"
    565248,         0,         0,    5.85,exact_mw,cb12ae119b9b2ba18d0216e7235b403229e92fd0743ede48fe7f1a2c6f45d594,"{""distance"":5,""physical_error_rate"":0.0005}","{""detection_events"":278703,""detectors_checked"":126615552}"
    208896,         0,         0,    5.87,exact_mw,cb12ae119b9b2ba18d0216e7235b403229e92fd0743ede48fe7f1a2c6f45d594,"{""distance"":5,""physical_error_rate"":0.0005}","{""detection_events"":103077,""detectors_checked"":46792704}"
    567296,         1,         0,    5.88,exact_mw,cb12ae119b9b2ba18d0216e7235b403229e92fd0743ede48fe7f1a2c6f45d594,"{""distance"":5,""physical_error_rate"":0.0005}","{""detection_events"":279008,""detectors_checked"":127074304,""obs_mistake_mask=E"":1}"
    185344,         0,         0,    5.96,exact_mw,cb12ae119b9b2ba18d0216e7235b403229e92fd0743ede48fe7f1a2c6f45d594,"{""distance"":5,""physical_error_rate"":0.0005}","{""detection_events"":92160,""detectors_checked"":41517056}"
    443392,         0,         0,    5.93,exact_mw,cb12ae119b9b2ba18d0216e7235b403229e92fd0743ede48fe7f1a2c6f45d594,"{""distance"":5,""physical_error_rate"":0.0005}","{""detection_events"":218161,""detectors_checked"":99319808}"
    476160,         0,         0,    5.86,exact_mw,cb12ae119b9b2ba18d0216e7235b403229e92fd0743ede48fe7f1a2c6f45d594,"{""distance"":5,""physical_error_rate"":0.0005}","{""detection_events"":235827,""detectors_checked"":106659840}"
    434176,         0,         0,    5.87,exact_mw,cb12ae119b9b2ba18d0216e7235b403229e92fd0743ede48fe7f1a2c6f45d594,"{""distance"":5,""physical_error_rate"":0.0005}","{""detection_events"":213372,""detectors_checked"":97255424}"
   1758977,         0,         0,    24.1,exact_mw,cb12ae119b9b2ba18d0216e7235b403229e92fd0743ede48fe7f1a2c6f45d594,"{""distance"":5,""physical_error_rate"":0.0005}","{""detection_events"":867991,""detectors_checked"":394010848}"
   1638400,         1,         0,    21.3,exact_mw,cb12ae119b9b2ba18d0216e7235b403229e92fd0743ede48fe7f1a2c6f45d594,"{""distance"":5,""physical_error_rate"":0.0005}","{""detection_events"":807303,""detectors_checked"":367001600,""obs_mistake_mask=E"":1}"
    401408,         0,         0,    5.88,exact_mw,cb12ae119b9b2ba18d0216e7235b403229e92fd0743ede48fe7f1a2c6f45d594,"{""distance"":5,""physical_error_rate"":0.0005}","{""detection_events"":198629,""detectors_checked"":89915392}"
    570368,         0,         0,    5.83,exact_mw,cb12ae119b9b2ba18d0216e7235b403229e92fd0743ede48fe7f1a2c6f45d594,"{""distance"":5,""physical_error_rate"":0.0005}","{""detection_events"":280619,""detectors_checked"":127762432}"
    233472,         0,         0,    5.83,exact_mw,cb12ae119b9b2ba18d0216e7235b403229e92fd0743ede48fe7f1a2c6f45d594,"{""distance"":5,""physical_error_rate"":0.0005}","{""detection_events"":115109,""detectors_checked"":52297728}"
    638976,         0,         0,    8.21,exact_mw,cb12ae119b9b2ba18d0216e7235b403229e92fd0743ede48fe7f1a2c6f45d594,"{""distance"":5,""physical_error_rate"":0.0005}","{""detection_events"":315679,""detectors_checked"":143130624}"
    516096,         0,         0,    5.80,exact_mw,cb12ae119b9b2ba18d0216e7235b403229e92fd0743ede48fe7f1a2c6f45d594,"{""distance"":5,""physical_error_rate"":0.0005}","{""detection_events"":253313,""detectors_checked"":115605504}"
    461824,         0,         0,    5.90,exact_mw,cb12ae119b9b2ba18d0216e7235b403229e92fd0743ede48fe7f1a2c6f45d594,"{""distance"":5,""physical_error_rate"":0.0005}","{""detection_events"":227649,""detectors_checked"":103448576}"
    434176,         1,         0,    5.79,exact_mw,cb12ae119b9b2ba18d0216e7235b403229e92fd0743ede48fe7f1a2c6f45d594,"{""distance"":5,""physical_error_rate"":0.0005}","{""detection_events"":212893,""detectors_checked"":97255424,""obs_mistake_mask=E"":1}"
    536576,         0,         0,    5.79,exact_mw,cb12ae119b9b2ba18d0216e7235b403229e92fd0743ede48fe7f1a2c6f45d594,"{""distance"":5,""physical_error_rate"":0.0005}","{""detection_events"":264159,""detectors_checked"":120193024}"
    321536,         0,         0,    5.90,exact_mw,cb12ae119b9b2ba18d0216e7235b403229e92fd0743ede48fe7f1a2c6f45d594,"{""distance"":5,""physical_error_rate"":0.0005}","{""detection_events"":158554,""detectors_checked"":72024064}"
    822272,         0,         0,    8.21,exact_mw,cb12ae119b9b2ba18d0216e7235b403229e92fd0743ede48fe7f1a2c6f45d594,"{""distance"":5,""physical_error_rate"":0.0005}","{""detection_events"":404014,""detectors_checked"":184188928}"
    599040,         0,         0,    8.26,exact_mw,cb12ae119b9b2ba18d0216e7235b403229e92fd0743ede48fe7f1a2c6f45d594,"{""distance"":5,""physical_error_rate"":0.0005}","{""detection_events"":295641,""detectors_checked"":134184960}"
    497664,         1,         0,    5.88,exact_mw,cb12ae119b9b2ba18d0216e7235b403229e92fd0743ede48fe7f1a2c6f45d594,"{""distance"":5,""physical_error_rate"":0.0005}","{""detection_events"":244509,""detectors_checked"":111476736,""obs_mistake_mask=E"":1}"
    193536,         0,         0,    5.85,exact_mw,cb12ae119b9b2ba18d0216e7235b403229e92fd0743ede48fe7f1a2c6f45d594,"{""distance"":5,""physical_error_rate"":0.0005}","{""detection_events"":94957,""detectors_checked"":43352064}"
   1433600,         1,         0,    16.2,exact_mw,cb12ae119b9b2ba18d0216e7235b403229e92fd0743ede48fe7f1a2c6f45d594,"{""distance"":5,""physical_error_rate"":0.0005}","{""detection_events"":704880,""detectors_checked"":321126400,""obs_mistake_mask=E"":1}"
   1532928,         3,         0,    16.2,exact_mw,cb12ae119b9b2ba18d0216e7235b403229e92fd0743ede48fe7f1a2c6f45d594,"{""distance"":5,""physical_error_rate"":0.0005}","{""detection_events"":756064,""detectors_checked"":343375872,""obs_mistake_mask=E"":3}"
   1352704,         1,         0,    16.2,exact_mw,cb12ae119b9b2ba18d0216e7235b403229e92fd0743ede48fe7f1a2c6f45d594,"{""distance"":5,""physical_error_rate"":0.0005}","{""detection_events"":665298,""detectors_checked"":303005696,""obs_mistake_mask=E"":1}"
   1462272,         0,         0,    16.1,exact_mw,cb12ae119b9b2ba18d0216e7235b403229e92fd0743ede48fe7f1a2c6f45d594,"{""distance"":5,""physical_error_rate"":0.0005}","{""detection_events"":718531,""detectors_checked"":327548928}"
   1544192,         3,         0,    16.2,exact_mw,cb12ae119b9b2ba18d0216e7235b403229e92fd0743ede48fe7f1a2c6f45d594,"{""distance"":5,""physical_error_rate"":0.0005}","{""detection_events"":760203,""detectors_checked"":345899008,""obs_mistake_mask=E"":3}"
    646144,         1,         0,    8.29,exact_mw,cb12ae119b9b2ba18d0216e7235b403229e92fd0743ede48fe7f1a2c6f45d594,"{""distance"":5,""physical_error_rate"":0.0005}","{""detection_events"":319060,""detectors_checked"":144736256,""obs_mistake_mask=E"":1}"
    412672,         0,         0,    8.31,exact_mw,cb12ae119b9b2ba18d0216e7235b403229e92fd0743ede48fe7f1a2c6f45d594,"{""distance"":5,""physical_error_rate"":0.0005}","{""detection_events"":202798,""detectors_checked"":92438528}"
     69301,         0,         0,   0.359,exact_mw,cb12ae119b9b2ba18d0216e7235b403229e92fd0743ede48fe7f1a2c6f45d594,"{""distance"":5,""physical_error_rate"":0.0005}","{""detection_events"":34259,""detectors_checked"":15523424}"
   1568768,         0,         0,    17.6,exact_mw,cb12ae119b9b2ba18d0216e7235b403229e92fd0743ede48fe7f1a2c6f45d594,"{""distance"":5,""physical_error_rate"":0.0005}","{""detection_events"":773194,""detectors_checked"":351404032}"
    475136,         0,         0,    8.29,exact_mw,cb12ae119b9b2ba18d0216e7235b403229e92fd0743ede48fe7f1a2c6f45d594,"{""distance"":5,""physical_error_rate"":0.0005}","{""detection_events"":233958,""detectors_checked"":106430464}"
   1293312,         0,         0,    16.2,exact_mw,cb12ae119b9b2ba18d0216e7235b403229e92fd0743ede48fe7f1a2c6f45d594,"{""distance"":5,""physical_error_rate"":0.0005}","{""detection_events"":634563,""detectors_checked"":289701888}"
   1312768,         0,         0,    8.26,exact_mw,cb12ae119b9b2ba18d0216e7235b403229e92fd0743ede48fe7f1a2c6f45d594,"{""distance"":5,""physical_error_rate"":0.0005}","{""detection_events"":645986,""detectors_checked"":294060032}"
     45738,         0,         0,   0.219,exact_mw,cb12ae119b9b2ba18d0216e7235b403229e92fd0743ede48fe7f1a2c6f45d594,"{""distance"":5,""physical_error_rate"":0.0005}","{""detection_events"":22511,""detectors_checked"":10245312}"
    699392,         0,         0,    8.26,exact_mw,cb12ae119b9b2ba18d0216e7235b403229e92fd0743ede48fe7f1a2c6f45d594,"{""distance"":5,""physical_error_rate"":0.0005}","{""detection_events"":344331,""detectors_checked"":156663808}"
   1244160,         1,         0,    8.30,exact_mw,cb12ae119b9b2ba18d0216e7235b403229e92fd0743ede48fe7f1a2c6f45d594,"{""distance"":5,""physical_error_rate"":0.0005}","{""detection_events"":612716,""detectors_checked"":278691840,""obs_mistake_mask=E"":1}"
    643072,         1,         0,    8.26,exact_mw,cb12ae119b9b2ba18d0216e7235b403229e92fd0743ede48fe7f1a2c6f45d594,"{""distance"":5,""physical_error_rate"":0.0005}","{""detection_events"":315825,""detectors_checked"":144048128,""obs_mistake_mask=E"":1}"
    781312,         0,         0,    8.31,exact_mw,cb12ae119b9b2ba18d0216e7235b403229e92fd0743ede48fe7f1a2c6f45d594,"{""distance"":5,""physical_error_rate"":0.0005}","{""detection_events"":382502,""detectors_checked"":175013888}"
     40975,         0,         0,   0.641,exact_mw,cb12ae119b9b2ba18d0216e7235b403229e92fd0743ede48fe7f1a2c6f45d594,"{""distance"":5,""physical_error_rate"":0.0005}","{""detection_events"":20119,""detectors_checked"":9178400}"
   1277952,         0,         0,    13.1,exact_mw,cb12ae119b9b2ba18d0216e7235b403229e92fd0743ede48fe7f1a2c6f45d594,"{""distance"":5,""physical_error_rate"":0.0005}","{""detection_events"":627474,""detectors_checked"":286261248}"
   1263616,         1,         0,    13.2,exact_mw,cb12ae119b9b2ba18d0216e7235b403229e92fd0743ede48fe7f1a2c6f45d594,"{""distance"":5,""physical_error_rate"":0.0005}","{""detection_events"":620928,""detectors_checked"":283049984,""obs_mistake_mask=E"":1}"
    634880,         1,         0,    8.27,exact_mw,cb12ae119b9b2ba18d0216e7235b403229e92fd0743ede48fe7f1a2c6f45d594,"{""distance"":5,""physical_error_rate"":0.0005}","{""detection_events"":311520,""detectors_checked"":142213120,""obs_mistake_mask=E"":1}"
    735232,         0,         0,    8.27,exact_mw,cb12ae119b9b2ba18d0216e7235b403229e92fd0743ede48fe7f1a2c6f45d594,"{""distance"":5,""physical_error_rate"":0.0005}","{""detection_events"":358867,""detectors_checked"":164691968}"
    711680,         0,         0,    8.25,exact_mw,cb12ae119b9b2ba18d0216e7235b403229e92fd0743ede48fe7f1a2c6f45d594,"{""distance"":5,""physical_error_rate"":0.0005}","{""detection_events"":350180,""detectors_checked"":159416320}"
    675840,         1,         0,    8.25,exact_mw,cb12ae119b9b2ba18d0216e7235b403229e92fd0743ede48fe7f1a2c6f45d594,"{""distance"":5,""physical_error_rate"":0.0005}","{""detection_events"":333917,""detectors_checked"":151388160,""obs_mistake_mask=E"":1}"
    595968,         0,         0,    8.26,exact_mw,cb12ae119b9b2ba18d0216e7235b403229e92fd0743ede48fe7f1a2c6f45d594,"{""distance"":5,""physical_error_rate"":0.0005}","{""detection_events"":292467,""detectors_checked"":133496832}"
    675840,         0,         0,    8.30,exact_mw,cb12ae119b9b2ba18d0216e7235b403229e92fd0743ede48fe7f1a2c6f45d594,"{""distance"":5,""physical_error_rate"":0.0005}","{""detection_events"":332841,""detectors_checked"":151388160}"
    680960,         0,         0,    8.22,exact_mw,cb12ae119b9b2ba18d0216e7235b403229e92fd0743ede48fe7f1a2c6f45d594,"{""distance"":5,""physical_error_rate"":0.0005}","{""detection_events"":334712,""detectors_checked"":152535040}"
   1231871,         1,         0,    12.7,exact_mw,cb12ae119b9b2ba18d0216e7235b403229e92fd0743ede48fe7f1a2c6f45d594,"{""distance"":5,""physical_error_rate"":0.0005}","{""detection_events"":606503,""detectors_checked"":275939104,""obs_mistake_mask=E"":1}"
   1207296,         0,         0,    15.1,exact_mw,cb12ae119b9b2ba18d0216e7235b403229e92fd0743ede48fe7f1a2c6f45d594,"{""distance"":5,""physical_error_rate"":0.0005}","{""detection_events"":593103,""detectors_checked"":270434304}"
    712704,         0,         0,    8.23,exact_mw,cb12ae119b9b2ba18d0216e7235b403229e92fd0743ede48fe7f1a2c6f45d594,"{""distance"":5,""physical_error_rate"":0.0005}","{""detection_events"":351902,""detectors_checked"":159645696}"
    799744,         1,         0,    8.33,exact_mw,cb12ae119b9b2ba18d0216e7235b403229e92fd0743ede48fe7f1a2c6f45d594,"{""distance"":5,""physical_error_rate"":0.0005}","{""detection_events"":393662,""detectors_checked"":179142656,""obs_mistake_mask=E"":1}"
    718848,         0,         0,    8.29,exact_mw,cb12ae119b9b2ba18d0216e7235b403229e92fd0743ede48fe7f1a2c6f45d594,"{""distance"":5,""physical_error_rate"":0.0005}","{""detection_events"":355262,""detectors_checked"":161021952}"
    780288,         1,         0,    8.29,exact_mw,cb12ae119b9b2ba18d0216e7235b403229e92fd0743ede48fe7f1a2c6f45d594,"{""distance"":5,""physical_error_rate"":0.0005}","{""detection_events"":383282,""detectors_checked"":174784512,""obs_mistake_mask=E"":1}"
    655360,         0,         0,    8.29,exact_mw,cb12ae119b9b2ba18d0216e7235b403229e92fd0743ede48fe7f1a2c6f45d594,"{""distance"":5,""physical_error_rate"":0.0005}","{""detection_events"":323161,""detectors_checked"":146800640}"
    746496,         0,         0,    8.32,exact_mw,cb12ae119b9b2ba18d0216e7235b403229e92fd0743ede48fe7f1a2c6f45d594,"{""distance"":5,""physical_error_rate"":0.0005}","{""detection_events"":367171,""detectors_checked"":167215104}"
    254976,         0,         0,    8.32,exact_mw,cb12ae119b9b2ba18d0216e7235b403229e92fd0743ede48fe7f1a2c6f45d594,"{""distance"":5,""physical_error_rate"":0.0005}","{""detection_events"":124874,""detectors_checked"":57114624}"
    627712,         1,         0,    8.29,exact_mw,cb12ae119b9b2ba18d0216e7235b403229e92fd0743ede48fe7f1a2c6f45d594,"{""distance"":5,""physical_error_rate"":0.0005}","{""detection_events"":307966,""detectors_checked"":140607488,""obs_mistake_mask=E"":1}"
    763904,         0,         0,    8.31,exact_mw,cb12ae119b9b2ba18d0216e7235b403229e92fd0743ede48fe7f1a2c6f45d594,"{""distance"":5,""physical_error_rate"":0.0005}","{""detection_events"":376675,""detectors_checked"":171114496}"
    562176,         0,         0,    8.30,exact_mw,cb12ae119b9b2ba18d0216e7235b403229e92fd0743ede48fe7f1a2c6f45d594,"{""distance"":5,""physical_error_rate"":0.0005}","{""detection_events"":277096,""detectors_checked"":125927424}"
    701440,         0,         0,    8.32,exact_mw,cb12ae119b9b2ba18d0216e7235b403229e92fd0743ede48fe7f1a2c6f45d594,"{""distance"":5,""physical_error_rate"":0.0005}","{""detection_events"":343187,""detectors_checked"":157122560}"
   1099311,         1,         0,    14.1,exact_mw,cb12ae119b9b2ba18d0216e7235b403229e92fd0743ede48fe7f1a2c6f45d594,"{""distance"":5,""physical_error_rate"":0.0005}","{""detection_events"":542844,""detectors_checked"":246245664,""obs_mistake_mask=E"":1}"
    676864,         0,         0,    8.27,exact_mw,cb12ae119b9b2ba18d0216e7235b403229e92fd0743ede48fe7f1a2c6f45d594,"{""distance"":5,""physical_error_rate"":0.0005}","{""detection_events"":334325,""detectors_checked"":151617536}"
   1065984,         0,         0,    11.9,exact_mw,cb12ae119b9b2ba18d0216e7235b403229e92fd0743ede48fe7f1a2c6f45d594,"{""distance"":5,""physical_error_rate"":0.0005}","{""detection_events"":524315,""detectors_checked"":238780416}"
    743424,         0,         0,    8.29,exact_mw,cb12ae119b9b2ba18d0216e7235b403229e92fd0743ede48fe7f1a2c6f45d594,"{""distance"":5,""physical_error_rate"":0.0005}","{""detection_events"":366932,""detectors_checked"":166526976}"
    283648,         0,         0,    8.32,exact_mw,cb12ae119b9b2ba18d0216e7235b403229e92fd0743ede48fe7f1a2c6f45d594,"{""distance"":5,""physical_error_rate"":0.0005}","{""detection_events"":139064,""detectors_checked"":63537152}"
    641024,         0,         0,    8.30,exact_mw,cb12ae119b9b2ba18d0216e7235b403229e92fd0743ede48fe7f1a2c6f45d594,"{""distance"":5,""physical_error_rate"":0.0005}","{""detection_events"":314889,""detectors_checked"":143589376}"
    735232,         0,         0,    8.27,exact_mw,cb12ae119b9b2ba18d0216e7235b403229e92fd0743ede48fe7f1a2c6f45d594,"{""distance"":5,""physical_error_rate"":0.0005}","{""detection_events"":362199,""detectors_checked"":164691968}"
    696320,         1,         0,    8.30,exact_mw,cb12ae119b9b2ba18d0216e7235b403229e92fd0743ede48fe7f1a2c6f45d594,"{""distance"":5,""physical_error_rate"":0.0005}","{""detection_events"":343459,""detectors_checked"":155975680,""obs_mistake_mask=E"":1}"
    548864,         1,         0,    8.17,exact_mw,cb12ae119b9b2ba18d0216e7235b403229e92fd0743ede48fe7f1a2c6f45d594,"{""distance"":5,""physical_error_rate"":0.0005}","{""detection_events"":268429,""detectors_checked"":122945536,""obs_mistake_mask=E"":1}"
    948838,         2,         0,    10.2,exact_mw,cb12ae119b9b2ba18d0216e7235b403229e92fd0743ede48fe7f1a2c6f45d594,"{""distance"":5,""physical_error_rate"":0.0005}","{""detection_events"":465282,""detectors_checked"":212539712,""obs_mistake_mask=E"":2}"
    917504,         1,         0,    9.20,exact_mw,cb12ae119b9b2ba18d0216e7235b403229e92fd0743ede48fe7f1a2c6f45d594,"{""distance"":5,""physical_error_rate"":0.0005}","{""detection_events"":451519,""detectors_checked"":205520896,""obs_mistake_mask=E"":1}"
    872448,         0,         0,    16.1,exact_mw,cb12ae119b9b2ba18d0216e7235b403229e92fd0743ede48fe7f1a2c6f45d594,"{""distance"":5,""physical_error_rate"":0.0005}","{""detection_events"":428012,""detectors_checked"":195428352}"
    849773,         0,         0,    9.56,exact_mw,cb12ae119b9b2ba18d0216e7235b403229e92fd0743ede48fe7f1a2c6f45d594,"{""distance"":5,""physical_error_rate"":0.0005}","{""detection_events"":417242,""detectors_checked"":190349152}"
    812032,         0,         0,    8.51,exact_mw,cb12ae119b9b2ba18d0216e7235b403229e92fd0743ede48fe7f1a2c6f45d594,"{""distance"":5,""physical_error_rate"":0.0005}","{""detection_events"":398777,""detectors_checked"":181895168}"
    812032,         0,         0,    10.1,exact_mw,cb12ae119b9b2ba18d0216e7235b403229e92fd0743ede48fe7f1a2c6f45d594,"{""distance"":5,""physical_error_rate"":0.0005}","{""detection_events"":400008,""detectors_checked"":181895168}"
    831488,         0,         0,    10.4,exact_mw,cb12ae119b9b2ba18d0216e7235b403229e92fd0743ede48fe7f1a2c6f45d594,"{""distance"":5,""physical_error_rate"":0.0005}","{""detection_events"":410354,""detectors_checked"":186253312}"
     18285,         0,         0,   0.266,exact_mw,cb12ae119b9b2ba18d0216e7235b403229e92fd0743ede48fe7f1a2c6f45d594,"{""distance"":5,""physical_error_rate"":0.0005}","{""detection_events"":9331,""detectors_checked"":4095840}"
    783360,         0,         0,    9.90,exact_mw,cb12ae119b9b2ba18d0216e7235b403229e92fd0743ede48fe7f1a2c6f45d594,"{""distance"":5,""physical_error_rate"":0.0005}","{""detection_events"":388030,""detectors_checked"":175472640}"
    797696,         0,         0,    9.35,exact_mw,cb12ae119b9b2ba18d0216e7235b403229e92fd0743ede48fe7f1a2c6f45d594,"{""distance"":5,""physical_error_rate"":0.0005}","{""detection_events"":390813,""detectors_checked"":178683904}"
    769873,         0,         0,    10.4,exact_mw,cb12ae119b9b2ba18d0216e7235b403229e92fd0743ede48fe7f1a2c6f45d594,"{""distance"":5,""physical_error_rate"":0.0005}","{""detection_events"":377152,""detectors_checked"":172451552}"
    734208,         0,         0,    9.31,exact_mw,cb12ae119b9b2ba18d0216e7235b403229e92fd0743ede48fe7f1a2c6f45d594,"{""distance"":5,""physical_error_rate"":0.0005}","{""detection_events"":361220,""detectors_checked"":164462592}"
    744448,         1,         0,    9.44,exact_mw,cb12ae119b9b2ba18d0216e7235b403229e92fd0743ede48fe7f1a2c6f45d594,"{""distance"":5,""physical_error_rate"":0.0005}","{""detection_events"":366788,""detectors_checked"":166756352,""obs_mistake_mask=E"":1}"
    660480,         0,         0,    8.23,exact_mw,cb12ae119b9b2ba18d0216e7235b403229e92fd0743ede48fe7f1a2c6f45d594,"{""distance"":5,""physical_error_rate"":0.0005}","{""detection_events"":325249,""detectors_checked"":147947520}"
    230400,         0,         0,    8.18,exact_mw,cb12ae119b9b2ba18d0216e7235b403229e92fd0743ede48fe7f1a2c6f45d594,"{""distance"":5,""physical_error_rate"":0.0005}","{""detection_events"":113514,""detectors_checked"":51609600}"
    733140,         0,         0,    11.1,exact_mw,cb12ae119b9b2ba18d0216e7235b403229e92fd0743ede48fe7f1a2c6f45d594,"{""distance"":5,""physical_error_rate"":0.0005}","{""detection_events"":359288,""detectors_checked"":164223360}"
    700416,         1,         0,    4.24,exact_mw,cb12ae119b9b2ba18d0216e7235b403229e92fd0743ede48fe7f1a2c6f45d594,"{""distance"":5,""physical_error_rate"":0.0005}","{""detection_events"":342880,""detectors_checked"":156893184,""obs_mistake_mask=E"":1}"
    369664,         0,         0,    11.6,exact_mw,cb12ae119b9b2ba18d0216e7235b403229e92fd0743ede48fe7f1a2c6f45d594,"{""distance"":5,""physical_error_rate"":0.0005}","{""detection_events"":181141,""detectors_checked"":82804736}"
    684661,         0,         0,    12.8,exact_mw,cb12ae119b9b2ba18d0216e7235b403229e92fd0743ede48fe7f1a2c6f45d594,"{""distance"":5,""physical_error_rate"":0.0005}","{""detection_events"":336618,""detectors_checked"":153364064}"
    579584,         0,         0,    11.5,exact_mw,cb12ae119b9b2ba18d0216e7235b403229e92fd0743ede48fe7f1a2c6f45d594,"{""distance"":5,""physical_error_rate"":0.0005}","{""detection_events"":285235,""detectors_checked"":129826816}"
    657243,         0,         0,    8.15,exact_mw,cb12ae119b9b2ba18d0216e7235b403229e92fd0743ede48fe7f1a2c6f45d594,"{""distance"":5,""physical_error_rate"":0.0005}","{""detection_events"":322501,""detectors_checked"":147222432}"
    643072,         0,         0,    8.06,exact_mw,cb12ae119b9b2ba18d0216e7235b403229e92fd0743ede48fe7f1a2c6f45d594,"{""distance"":5,""physical_error_rate"":0.0005}","{""detection_events"":316546,""detectors_checked"":144048128}"
    637918,         1,         0,    8.22,exact_mw,cb12ae119b9b2ba18d0216e7235b403229e92fd0743ede48fe7f1a2c6f45d594,"{""distance"":5,""physical_error_rate"":0.0005}","{""detection_events"":312815,""detectors_checked"":142893632,""obs_mistake_mask=E"":1}"
    624640,         1,         0,    7.35,exact_mw,cb12ae119b9b2ba18d0216e7235b403229e92fd0743ede48fe7f1a2c6f45d594,"{""distance"":5,""physical_error_rate"":0.0005}","{""detection_events"":308641,""detectors_checked"":139919360,""obs_mistake_mask=E"":1}"
    635904,         0,         0,    7.46,exact_mw,cb12ae119b9b2ba18d0216e7235b403229e92fd0743ede48fe7f1a2c6f45d594,"{""distance"":5,""physical_error_rate"":0.0005}","{""detection_events"":313764,""detectors_checked"":142442496}"
    617902,         0,         0,    6.00,exact_mw,cb12ae119b9b2ba18d0216e7235b403229e92fd0743ede48fe7f1a2c6f45d594,"{""distance"":5,""physical_error_rate"":0.0005}","{""detection_events"":303612,""detectors_checked"":138410048}"
    613376,         0,         0,    7.91,exact_mw,cb12ae119b9b2ba18d0216e7235b403229e92fd0743ede48fe7f1a2c6f45d594,"{""distance"":5,""physical_error_rate"":0.0005}","{""detection_events"":301970,""detectors_checked"":137396224}"
    588551,         1,         0,    7.85,exact_mw,cb12ae119b9b2ba18d0216e7235b403229e92fd0743ede48fe7f1a2c6f45d594,"{""distance"":5,""physical_error_rate"":0.0005}","{""detection_events"":290077,""detectors_checked"":131835424,""obs_mistake_mask=E"":1}"
    569771,         0,         0,    6.00,exact_mw,cb12ae119b9b2ba18d0216e7235b403229e92fd0743ede48fe7f1a2c6f45d594,"{""distance"":5,""physical_error_rate"":0.0005}","{""detection_events"":280771,""detectors_checked"":127628704}"
    563200,         0,         0,    5.02,exact_mw,cb12ae119b9b2ba18d0216e7235b403229e92fd0743ede48fe7f1a2c6f45d594,"{""distance"":5,""physical_error_rate"":0.0005}","{""detection_events"":276607,""detectors_checked"":126156800}"
    560869,         0,         0,    5.83,exact_mw,cb12ae119b9b2ba18d0216e7235b403229e92fd0743ede48fe7f1a2c6f45d594,"{""distance"":5,""physical_error_rate"":0.0005}","{""detection_events"":276962,""detectors_checked"":125634656}"
    553984,         0,         0,    5.45,exact_mw,cb12ae119b9b2ba18d0216e7235b403229e92fd0743ede48fe7f1a2c6f45d594,"{""distance"":5,""physical_error_rate"":0.0005}","{""detection_events"":271839,""detectors_checked"":124092416}"
    558080,         1,         0,    7.63,exact_mw,cb12ae119b9b2ba18d0216e7235b403229e92fd0743ede48fe7f1a2c6f45d594,"{""distance"":5,""physical_error_rate"":0.0005}","{""detection_events"":273331,""detectors_checked"":125009920,""obs_mistake_mask=E"":1}"
    543305,         0,         0,    6.33,exact_mw,cb12ae119b9b2ba18d0216e7235b403229e92fd0743ede48fe7f1a2c6f45d594,"{""distance"":5,""physical_error_rate"":0.0005}","{""detection_events"":267022,""detectors_checked"":121700320}"
    531456,         0,         0,    5.89,exact_mw,cb12ae119b9b2ba18d0216e7235b403229e92fd0743ede48fe7f1a2c6f45d594,"{""distance"":5,""physical_error_rate"":0.0005}","{""detection_events"":261545,""detectors_checked"":119046144}"
    520192,         0,         0,    5.78,exact_mw,cb12ae119b9b2ba18d0216e7235b403229e92fd0743ede48fe7f1a2c6f45d594,"{""distance"":5,""physical_error_rate"":0.0005}","{""detection_events"":256143,""detectors_checked"":116523008}"
    518144,         0,         0,    5.77,exact_mw,cb12ae119b9b2ba18d0216e7235b403229e92fd0743ede48fe7f1a2c6f45d594,"{""distance"":5,""physical_error_rate"":0.0005}","{""detection_events"":253974,""detectors_checked"":116064256}"
    517440,         0,         0,    6.05,exact_mw,cb12ae119b9b2ba18d0216e7235b403229e92fd0743ede48fe7f1a2c6f45d594,"{""distance"":5,""physical_error_rate"":0.0005}","{""detection_events"":253551,""detectors_checked"":115906560}"
    488448,         0,         0,    6.06,exact_mw,cb12ae119b9b2ba18d0216e7235b403229e92fd0743ede48fe7f1a2c6f45d594,"{""distance"":5,""physical_error_rate"":0.0005}","{""detection_events"":240122,""detectors_checked"":109412352}"
    499712,         0,         0,    5.45,exact_mw,cb12ae119b9b2ba18d0216e7235b403229e92fd0743ede48fe7f1a2c6f45d594,"{""distance"":5,""physical_error_rate"":0.0005}","{""detection_events"":245257,""detectors_checked"":111935488}"
    514048,         0,         0,    5.67,exact_mw,cb12ae119b9b2ba18d0216e7235b403229e92fd0743ede48fe7f1a2c6f45d594,"{""distance"":5,""physical_error_rate"":0.0005}","{""detection_events"":253615,""detectors_checked"":115146752}"
    502784,         0,         0,    6.08,exact_mw,cb12ae119b9b2ba18d0216e7235b403229e92fd0743ede48fe7f1a2c6f45d594,"{""distance"":5,""physical_error_rate"":0.0005}","{""detection_events"":246329,""detectors_checked"":112623616}"
    484827,         0,         0,    5.17,exact_mw,cb12ae119b9b2ba18d0216e7235b403229e92fd0743ede48fe7f1a2c6f45d594,"{""distance"":5,""physical_error_rate"":0.0005}","{""detection_events"":238423,""detectors_checked"":108601248}"
    456704,         0,         0,    5.82,exact_mw,cb12ae119b9b2ba18d0216e7235b403229e92fd0743ede48fe7f1a2c6f45d594,"{""distance"":5,""physical_error_rate"":0.0005}","{""detection_events"":224421,""detectors_checked"":102301696}"
    450560,         0,         0,    2.77,exact_mw,cb12ae119b9b2ba18d0216e7235b403229e92fd0743ede48fe7f1a2c6f45d594,"{""distance"":5,""physical_error_rate"":0.0005}","{""detection_events"":222851,""detectors_checked"":100925440}"
    482304,         1,         0,    5.23,exact_mw,cb12ae119b9b2ba18d0216e7235b403229e92fd0743ede48fe7f1a2c6f45d594,"{""distance"":5,""physical_error_rate"":0.0005}","{""detection_events"":236961,""detectors_checked"":108036096,""obs_mistake_mask=E"":1}"
    482304,         0,         0,    8.33,exact_mw,cb12ae119b9b2ba18d0216e7235b403229e92fd0743ede48fe7f1a2c6f45d594,"{""distance"":5,""physical_error_rate"":0.0005}","{""detection_events"":237008,""detectors_checked"":108036096}"
    477184,         0,         0,    5.58,exact_mw,cb12ae119b9b2ba18d0216e7235b403229e92fd0743ede48fe7f1a2c6f45d594,"{""distance"":5,""physical_error_rate"":0.0005}","{""detection_events"":235481,""detectors_checked"":106889216}"
    446464,         0,         0,    5.20,exact_mw,cb12ae119b9b2ba18d0216e7235b403229e92fd0743ede48fe7f1a2c6f45d594,"{""distance"":5,""physical_error_rate"":0.0005}","{""detection_events"":220126,""detectors_checked"":100007936}"
    482304,         1,         0,    4.72,exact_mw,cb12ae119b9b2ba18d0216e7235b403229e92fd0743ede48fe7f1a2c6f45d594,"{""distance"":5,""physical_error_rate"":0.0005}","{""detection_events"":237437,""detectors_checked"":108036096,""obs_mistake_mask=E"":1}"
    460800,         0,         0,    4.96,exact_mw,cb12ae119b9b2ba18d0216e7235b403229e92fd0743ede48fe7f1a2c6f45d594,"{""distance"":5,""physical_error_rate"":0.0005}","{""detection_events"":227240,""detectors_checked"":103219200}"
    445923,         0,         0,    4.99,exact_mw,cb12ae119b9b2ba18d0216e7235b403229e92fd0743ede48fe7f1a2c6f45d594,"{""distance"":5,""physical_error_rate"":0.0005}","{""detection_events"":218806,""detectors_checked"":99886752}"
    442368,         0,         0,    4.82,exact_mw,cb12ae119b9b2ba18d0216e7235b403229e92fd0743ede48fe7f1a2c6f45d594,"{""distance"":5,""physical_error_rate"":0.0005}","{""detection_events"":219194,""detectors_checked"":99090432}"
    396288,         0,         0,    4.60,exact_mw,cb12ae119b9b2ba18d0216e7235b403229e92fd0743ede48fe7f1a2c6f45d594,"{""distance"":5,""physical_error_rate"":0.0005}","{""detection_events"":194049,""detectors_checked"":88768512}"
    413696,         0,         0,    5.53,exact_mw,cb12ae119b9b2ba18d0216e7235b403229e92fd0743ede48fe7f1a2c6f45d594,"{""distance"":5,""physical_error_rate"":0.0005}","{""detection_events"":204327,""detectors_checked"":92667904}"
    438272,         0,         0,    5.98,exact_mw,cb12ae119b9b2ba18d0216e7235b403229e92fd0743ede48fe7f1a2c6f45d594,"{""distance"":5,""physical_error_rate"":0.0005}","{""detection_events"":215797,""detectors_checked"":98172928}"
    425984,         0,         0,    4.82,exact_mw,cb12ae119b9b2ba18d0216e7235b403229e92fd0743ede48fe7f1a2c6f45d594,"{""distance"":5,""physical_error_rate"":0.0005}","{""detection_events"":209274,""detectors_checked"":95420416}"
    439296,         0,         0,    5.70,exact_mw,cb12ae119b9b2ba18d0216e7235b403229e92fd0743ede48fe7f1a2c6f45d594,"{""distance"":5,""physical_error_rate"":0.0005}","{""detection_events"":217464,""detectors_checked"":98402304}"
    429056,         0,         0,    5.53,exact_mw,cb12ae119b9b2ba18d0216e7235b403229e92fd0743ede48fe7f1a2c6f45d594,"{""distance"":5,""physical_error_rate"":0.0005}","{""detection_events"":211931,""detectors_checked"":96108544}"
    429056,         0,         0,    5.74,exact_mw,cb12ae119b9b2ba18d0216e7235b403229e92fd0743ede48fe7f1a2c6f45d594,"{""distance"":5,""physical_error_rate"":0.0005}","{""detection_events"":210733,""detectors_checked"":96108544}"
    424960,         1,         0,    5.63,exact_mw,cb12ae119b9b2ba18d0216e7235b403229e92fd0743ede48fe7f1a2c6f45d594,"{""distance"":5,""physical_error_rate"":0.0005}","{""detection_events"":211149,""detectors_checked"":95191040,""obs_mistake_mask=E"":1}"
    399360,         0,         0,    5.00,exact_mw,cb12ae119b9b2ba18d0216e7235b403229e92fd0743ede48fe7f1a2c6f45d594,"{""distance"":5,""physical_error_rate"":0.0005}","{""detection_events"":197118,""detectors_checked"":89456640}"
    407552,         0,         0,    5.69,exact_mw,cb12ae119b9b2ba18d0216e7235b403229e92fd0743ede48fe7f1a2c6f45d594,"{""distance"":5,""physical_error_rate"":0.0005}","{""detection_events"":201248,""detectors_checked"":91291648}"
    415744,         0,         0,    5.31,exact_mw,cb12ae119b9b2ba18d0216e7235b403229e92fd0743ede48fe7f1a2c6f45d594,"{""distance"":5,""physical_error_rate"":0.0005}","{""detection_events"":204889,""detectors_checked"":93126656}"
    397312,         0,         0,    5.14,exact_mw,cb12ae119b9b2ba18d0216e7235b403229e92fd0743ede48fe7f1a2c6f45d594,"{""distance"":5,""physical_error_rate"":0.0005}","{""detection_events"":194895,""detectors_checked"":88997888}"
    380540,         0,         0,    5.30,exact_mw,cb12ae119b9b2ba18d0216e7235b403229e92fd0743ede48fe7f1a2c6f45d594,"{""distance"":5,""physical_error_rate"":0.0005}","{""detection_events"":187989,""detectors_checked"":85240960}"
    380540,         0,         0,    4.33,exact_mw,cb12ae119b9b2ba18d0216e7235b403229e92fd0743ede48fe7f1a2c6f45d594,"{""distance"":5,""physical_error_rate"":0.0005}","{""detection_events"":188269,""detectors_checked"":85240960}"
    294912,         0,         0,    5.29,exact_mw,cb12ae119b9b2ba18d0216e7235b403229e92fd0743ede48fe7f1a2c6f45d594,"{""distance"":5,""physical_error_rate"":0.0005}","{""detection_events"":144220,""detectors_checked"":66060288}"
    344064,         0,         0,    6.32,exact_mw,cb12ae119b9b2ba18d0216e7235b403229e92fd0743ede48fe7f1a2c6f45d594,"{""distance"":5,""physical_error_rate"":0.0005}","{""detection_events"":169514,""detectors_checked"":77070336}"
    356352,         0,         0,    4.76,exact_mw,cb12ae119b9b2ba18d0216e7235b403229e92fd0743ede48fe7f1a2c6f45d594,"{""distance"":5,""physical_error_rate"":0.0005}","{""detection_events"":175698,""detectors_checked"":79822848}"
    316416,         0,         0,    4.21,exact_mw,cb12ae119b9b2ba18d0216e7235b403229e92fd0743ede48fe7f1a2c6f45d594,"{""distance"":5,""physical_error_rate"":0.0005}","{""detection_events"":156333,""detectors_checked"":70877184}"
    301056,         0,         0,    8.83,exact_mw,cb12ae119b9b2ba18d0216e7235b403229e92fd0743ede48fe7f1a2c6f45d594,"{""distance"":5,""physical_error_rate"":0.0005}","{""detection_events"":148123,""detectors_checked"":67436544}"
    312320,         0,         0,    4.34,exact_mw,cb12ae119b9b2ba18d0216e7235b403229e92fd0743ede48fe7f1a2c6f45d594,"{""distance"":5,""physical_error_rate"":0.0005}","{""detection_events"":154003,""detectors_checked"":69959680}"
    314368,         0,         0,    4.37,exact_mw,cb12ae119b9b2ba18d0216e7235b403229e92fd0743ede48fe7f1a2c6f45d594,"{""distance"":5,""physical_error_rate"":0.0005}","{""detection_events"":154287,""detectors_checked"":70418432}"
    369664,         0,         0,    4.28,exact_mw,cb12ae119b9b2ba18d0216e7235b403229e92fd0743ede48fe7f1a2c6f45d594,"{""distance"":5,""physical_error_rate"":0.0005}","{""detection_events"":181921,""detectors_checked"":82804736}"
    289298,         1,         0,    4.31,exact_mw,cb12ae119b9b2ba18d0216e7235b403229e92fd0743ede48fe7f1a2c6f45d594,"{""distance"":5,""physical_error_rate"":0.0005}","{""detection_events"":142668,""detectors_checked"":64802752,""obs_mistake_mask=E"":1}"
    246784,         0,         0,    1.25,exact_mw,cb12ae119b9b2ba18d0216e7235b403229e92fd0743ede48fe7f1a2c6f45d594,"{""distance"":5,""physical_error_rate"":0.0005}","{""detection_events"":120983,""detectors_checked"":55279616}"
    275456,         0,         0,    4.43,exact_mw,cb12ae119b9b2ba18d0216e7235b403229e92fd0743ede48fe7f1a2c6f45d594,"{""distance"":5,""physical_error_rate"":0.0005}","{""detection_events"":136491,""detectors_checked"":61702144}"
    241664,         0,         0,    5.71,exact_mw,cb12ae119b9b2ba18d0216e7235b403229e92fd0743ede48fe7f1a2c6f45d594,"{""distance"":5,""physical_error_rate"":0.0005}","{""detection_events"":118973,""detectors_checked"":54132736}"
    274432,         0,         0,    4.79,exact_mw,cb12ae119b9b2ba18d0216e7235b403229e92fd0743ede48fe7f1a2c6f45d594,"{""distance"":5,""physical_error_rate"":0.0005}","{""detection_events"":135229,""detectors_checked"":61472768}"
    238064,         0,         0,    3.45,exact_mw,cb12ae119b9b2ba18d0216e7235b403229e92fd0743ede48fe7f1a2c6f45d594,"{""distance"":5,""physical_error_rate"":0.0005}","{""detection_events"":116538,""detectors_checked"":53326336}"
    219136,         0,         0,    2.53,exact_mw,cb12ae119b9b2ba18d0216e7235b403229e92fd0743ede48fe7f1a2c6f45d594,"{""distance"":5,""physical_error_rate"":0.0005}","{""detection_events"":107292,""detectors_checked"":49086464}"
    229376,         0,         0,    1.62,exact_mw,cb12ae119b9b2ba18d0216e7235b403229e92fd0743ede48fe7f1a2c6f45d594,"{""distance"":5,""physical_error_rate"":0.0005}","{""detection_events"":112157,""detectors_checked"":51380224}"
    218120,         0,         0,    2.05,exact_mw,cb12ae119b9b2ba18d0216e7235b403229e92fd0743ede48fe7f1a2c6f45d594,"{""distance"":5,""physical_error_rate"":0.0005}","{""detection_events"":106713,""detectors_checked"":48858880}"
    207704,         0,         0,    2.06,exact_mw,cb12ae119b9b2ba18d0216e7235b403229e92fd0743ede48fe7f1a2c6f45d594,"{""distance"":5,""physical_error_rate"":0.0005}","{""detection_events"":101499,""detectors_checked"":46525696}"
    204458,         0,         0,    2.36,exact_mw,cb12ae119b9b2ba18d0216e7235b403229e92fd0743ede48fe7f1a2c6f45d594,"{""distance"":5,""physical_error_rate"":0.0005}","{""detection_events"":101103,""detectors_checked"":45798592}"
    201264,         1,         0,    2.73,exact_mw,cb12ae119b9b2ba18d0216e7235b403229e92fd0743ede48fe7f1a2c6f45d594,"{""distance"":5,""physical_error_rate"":0.0005}","{""detection_events"":99312,""detectors_checked"":45083136,""obs_mistake_mask=E"":1}"
    201264,         0,         0,    5.43,exact_mw,cb12ae119b9b2ba18d0216e7235b403229e92fd0743ede48fe7f1a2c6f45d594,"{""distance"":5,""physical_error_rate"":0.0005}","{""detection_events"":99070,""detectors_checked"":45083136}"
    194974,         0,         0,    1.46,exact_mw,cb12ae119b9b2ba18d0216e7235b403229e92fd0743ede48fe7f1a2c6f45d594,"{""distance"":5,""physical_error_rate"":0.0005}","{""detection_events"":94912,""detectors_checked"":43674176}"
    191928,         1,         0,    1.83,exact_mw,cb12ae119b9b2ba18d0216e7235b403229e92fd0743ede48fe7f1a2c6f45d594,"{""distance"":5,""physical_error_rate"":0.0005}","{""detection_events"":94659,""detectors_checked"":42991872,""obs_mistake_mask=E"":1}"
    194974,         0,         0,    2.22,exact_mw,cb12ae119b9b2ba18d0216e7235b403229e92fd0743ede48fe7f1a2c6f45d594,"{""distance"":5,""physical_error_rate"":0.0005}","{""detection_events"":96394,""detectors_checked"":43674176}"
    189440,         0,         0,    1.15,exact_mw,cb12ae119b9b2ba18d0216e7235b403229e92fd0743ede48fe7f1a2c6f45d594,"{""distance"":5,""physical_error_rate"":0.0005}","{""detection_events"":92982,""detectors_checked"":42434560}"
    188929,         0,         0,    2.49,exact_mw,cb12ae119b9b2ba18d0216e7235b403229e92fd0743ede48fe7f1a2c6f45d594,"{""distance"":5,""physical_error_rate"":0.0005}","{""detection_events"":92959,""detectors_checked"":42320096}"
    187392,         0,         0,    2.46,exact_mw,cb12ae119b9b2ba18d0216e7235b403229e92fd0743ede48fe7f1a2c6f45d594,"{""distance"":5,""physical_error_rate"":0.0005}","{""detection_events"":92193,""detectors_checked"":41975808}"
    179970,         0,         0,    1.62,exact_mw,cb12ae119b9b2ba18d0216e7235b403229e92fd0743ede48fe7f1a2c6f45d594,"{""distance"":5,""physical_error_rate"":0.0005}","{""detection_events"":88850,""detectors_checked"":40313280}"
    174230,         0,         0,    1.97,exact_mw,cb12ae119b9b2ba18d0216e7235b403229e92fd0743ede48fe7f1a2c6f45d594,"{""distance"":5,""physical_error_rate"":0.0005}","{""detection_events"":85367,""detectors_checked"":39027520}"
    171508,         0,         0,    1.69,exact_mw,cb12ae119b9b2ba18d0216e7235b403229e92fd0743ede48fe7f1a2c6f45d594,"{""distance"":5,""physical_error_rate"":0.0005}","{""detection_events"":83841,""detectors_checked"":38417792}"
    168960,         0,         0,    1.87,exact_mw,cb12ae119b9b2ba18d0216e7235b403229e92fd0743ede48fe7f1a2c6f45d594,"{""distance"":5,""physical_error_rate"":0.0005}","{""detection_events"":83553,""detectors_checked"":37847040}"
    169984,         0,         0,    1.78,exact_mw,cb12ae119b9b2ba18d0216e7235b403229e92fd0743ede48fe7f1a2c6f45d594,"{""distance"":5,""physical_error_rate"":0.0005}","{""detection_events"":83979,""detectors_checked"":38076416}"
    168828,         1,         0,    2.01,exact_mw,cb12ae119b9b2ba18d0216e7235b403229e92fd0743ede48fe7f1a2c6f45d594,"{""distance"":5,""physical_error_rate"":0.0005}","{""detection_events"":83918,""detectors_checked"":37817472,""obs_mistake_mask=E"":1}"
    162816,         0,         0,    1.97,exact_mw,cb12ae119b9b2ba18d0216e7235b403229e92fd0743ede48fe7f1a2c6f45d594,"{""distance"":5,""physical_error_rate"":0.0005}","{""detection_events"":79246,""detectors_checked"":36470784}"
    168828,         0,         0,    2.01,exact_mw,cb12ae119b9b2ba18d0216e7235b403229e92fd0743ede48fe7f1a2c6f45d594,"{""distance"":5,""physical_error_rate"":0.0005}","{""detection_events"":83277,""detectors_checked"":37817472}"
    158720,         0,         0,    1.63,exact_mw,cb12ae119b9b2ba18d0216e7235b403229e92fd0743ede48fe7f1a2c6f45d594,"{""distance"":5,""physical_error_rate"":0.0005}","{""detection_events"":77848,""detectors_checked"":35553280}"
    155712,         0,         0,    4.14,exact_mw,cb12ae119b9b2ba18d0216e7235b403229e92fd0743ede48fe7f1a2c6f45d594,"{""distance"":5,""physical_error_rate"":0.0005}","{""detection_events"":76335,""detectors_checked"":34879488}"
    156672,         0,         0,    1.68,exact_mw,cb12ae119b9b2ba18d0216e7235b403229e92fd0743ede48fe7f1a2c6f45d594,"{""distance"":5,""physical_error_rate"":0.0005}","{""detection_events"":77538,""detectors_checked"":35094528}"
    160894,         0,         0,    1.80,exact_mw,cb12ae119b9b2ba18d0216e7235b403229e92fd0743ede48fe7f1a2c6f45d594,"{""distance"":5,""physical_error_rate"":0.0005}","{""detection_events"":79877,""detectors_checked"":36040256}"
    160768,         0,         0,    1.79,exact_mw,cb12ae119b9b2ba18d0216e7235b403229e92fd0743ede48fe7f1a2c6f45d594,"{""distance"":5,""physical_error_rate"":0.0005}","{""detection_events"":78642,""detectors_checked"":36012032}"
    153600,         0,         0,    1.68,exact_mw,cb12ae119b9b2ba18d0216e7235b403229e92fd0743ede48fe7f1a2c6f45d594,"{""distance"":5,""physical_error_rate"":0.0005}","{""detection_events"":75374,""detectors_checked"":34406400}"
    155712,         0,         0,    1.82,exact_mw,cb12ae119b9b2ba18d0216e7235b403229e92fd0743ede48fe7f1a2c6f45d594,"{""distance"":5,""physical_error_rate"":0.0005}","{""detection_events"":76683,""detectors_checked"":34879488}"
    156672,         0,         0,    1.73,exact_mw,cb12ae119b9b2ba18d0216e7235b403229e92fd0743ede48fe7f1a2c6f45d594,"{""distance"":5,""physical_error_rate"":0.0005}","{""detection_events"":77677,""detectors_checked"":35094528}"
    155712,         0,         0,    1.83,exact_mw,cb12ae119b9b2ba18d0216e7235b403229e92fd0743ede48fe7f1a2c6f45d594,"{""distance"":5,""physical_error_rate"":0.0005}","{""detection_events"":76861,""detectors_checked"":34879488}"
    153600,         0,         0,    1.72,exact_mw,cb12ae119b9b2ba18d0216e7235b403229e92fd0743ede48fe7f1a2c6f45d594,"{""distance"":5,""physical_error_rate"":0.0005}","{""detection_events"":74586,""detectors_checked"":34406400}"
    141312,         0,         0,   0.739,exact_mw,cb12ae119b9b2ba18d0216e7235b403229e92fd0743ede48fe7f1a2c6f45d594,"{""distance"":5,""physical_error_rate"":0.0005}","{""detection_events"":69868,""detectors_checked"":31653888}"
    149504,         1,         0,    1.61,exact_mw,cb12ae119b9b2ba18d0216e7235b403229e92fd0743ede48fe7f1a2c6f45d594,"{""distance"":5,""physical_error_rate"":0.0005}","{""detection_events"":73396,""detectors_checked"":33488896,""obs_mistake_mask=E"":1}"
    138492,         0,         0,    1.77,exact_mw,cb12ae119b9b2ba18d0216e7235b403229e92fd0743ede48fe7f1a2c6f45d594,"{""distance"":5,""physical_error_rate"":0.0005}","{""detection_events"":68687,""detectors_checked"":31022208}"
    162816,         0,         0,    1.83,exact_mw,cb12ae119b9b2ba18d0216e7235b403229e92fd0743ede48fe7f1a2c6f45d594,"{""distance"":5,""physical_error_rate"":0.0005}","{""detection_events"":80864,""detectors_checked"":36470784}"
    152576,         0,         0,    1.65,exact_mw,cb12ae119b9b2ba18d0216e7235b403229e92fd0743ede48fe7f1a2c6f45d594,"{""distance"":5,""physical_error_rate"":0.0005}","{""detection_events"":74982,""detectors_checked"":34177024}"
    147456,         0,         0,    1.61,exact_mw,cb12ae119b9b2ba18d0216e7235b403229e92fd0743ede48fe7f1a2c6f45d594,"{""distance"":5,""physical_error_rate"":0.0005}","{""detection_events"":72751,""detectors_checked"":33030144}"
    141312,         0,         0,    1.80,exact_mw,cb12ae119b9b2ba18d0216e7235b403229e92fd0743ede48fe7f1a2c6f45d594,"{""distance"":5,""physical_error_rate"":0.0005}","{""detection_events"":69231,""detectors_checked"":31653888}"
    133611,         0,         0,    1.58,exact_mw,cb12ae119b9b2ba18d0216e7235b403229e92fd0743ede48fe7f1a2c6f45d594,"{""distance"":5,""physical_error_rate"":0.0005}","{""detection_events"":65106,""detectors_checked"":29928864}"
    130048,         0,         0,    1.68,exact_mw,cb12ae119b9b2ba18d0216e7235b403229e92fd0743ede48fe7f1a2c6f45d594,"{""distance"":5,""physical_error_rate"":0.0005}","{""detection_events"":63944,""detectors_checked"":29130752}"
    138240,         0,         0,    1.59,exact_mw,cb12ae119b9b2ba18d0216e7235b403229e92fd0743ede48fe7f1a2c6f45d594,"{""distance"":5,""physical_error_rate"":0.0005}","{""detection_events"":67808,""detectors_checked"":30965760}"
    130048,         0,         0,    1.55,exact_mw,cb12ae119b9b2ba18d0216e7235b403229e92fd0743ede48fe7f1a2c6f45d594,"{""distance"":5,""physical_error_rate"":0.0005}","{""detection_events"":63766,""detectors_checked"":29130752}"
    119808,         0,         0,    1.63,exact_mw,cb12ae119b9b2ba18d0216e7235b403229e92fd0743ede48fe7f1a2c6f45d594,"{""distance"":5,""physical_error_rate"":0.0005}","{""detection_events"":58445,""detectors_checked"":26836992}"
    128000,         0,         0,    1.65,exact_mw,cb12ae119b9b2ba18d0216e7235b403229e92fd0743ede48fe7f1a2c6f45d594,"{""distance"":5,""physical_error_rate"":0.0005}","{""detection_events"":63116,""detectors_checked"":28672000}"
    118784,         0,         0,    1.55,exact_mw,cb12ae119b9b2ba18d0216e7235b403229e92fd0743ede48fe7f1a2c6f45d594,"{""distance"":5,""physical_error_rate"":0.0005}","{""detection_events"":58018,""detectors_checked"":26607616}"
    149504,         0,         0,    1.56,exact_mw,cb12ae119b9b2ba18d0216e7235b403229e92fd0743ede48fe7f1a2c6f45d594,"{""distance"":5,""physical_error_rate"":0.0005}","{""detection_events"":74071,""detectors_checked"":33488896}"
    116736,         0,         0,    1.62,exact_mw,cb12ae119b9b2ba18d0216e7235b403229e92fd0743ede48fe7f1a2c6f45d594,"{""distance"":5,""physical_error_rate"":0.0005}","{""detection_events"":56886,""detectors_checked"":26148864}"
    137216,         0,         0,    1.55,exact_mw,cb12ae119b9b2ba18d0216e7235b403229e92fd0743ede48fe7f1a2c6f45d594,"{""distance"":5,""physical_error_rate"":0.0005}","{""detection_events"":67387,""detectors_checked"":30736384}"
    125952,         0,         0,    1.66,exact_mw,cb12ae119b9b2ba18d0216e7235b403229e92fd0743ede48fe7f1a2c6f45d594,"{""distance"":5,""physical_error_rate"":0.0005}","{""detection_events"":62196,""detectors_checked"":28213248}"
    129024,         0,         0,    1.58,exact_mw,cb12ae119b9b2ba18d0216e7235b403229e92fd0743ede48fe7f1a2c6f45d594,"{""distance"":5,""physical_error_rate"":0.0005}","{""detection_events"":63557,""detectors_checked"":28901376}"
    125952,         0,         0,    1.43,exact_mw,cb12ae119b9b2ba18d0216e7235b403229e92fd0743ede48fe7f1a2c6f45d594,"{""distance"":5,""physical_error_rate"":0.0005}","{""detection_events"":61939,""detectors_checked"":28213248}"
    124503,         0,         0,    1.68,exact_mw,cb12ae119b9b2ba18d0216e7235b403229e92fd0743ede48fe7f1a2c6f45d594,"{""distance"":5,""physical_error_rate"":0.0005}","{""detection_events"":61643,""detectors_checked"":27888672}"
    138240,         0,         0,    1.82,exact_mw,cb12ae119b9b2ba18d0216e7235b403229e92fd0743ede48fe7f1a2c6f45d594,"{""distance"":5,""physical_error_rate"":0.0005}","{""detection_events"":67819,""detectors_checked"":30965760}"
    154624,         0,         0,    1.84,exact_mw,cb12ae119b9b2ba18d0216e7235b403229e92fd0743ede48fe7f1a2c6f45d594,"{""distance"":5,""physical_error_rate"":0.0005}","{""detection_events"":75751,""detectors_checked"":34635776}"
    101376,         0,         0,    1.11,exact_mw,cb12ae119b9b2ba18d0216e7235b403229e92fd0743ede48fe7f1a2c6f45d594,"{""distance"":5,""physical_error_rate"":0.0005}","{""detection_events"":50171,""detectors_checked"":22708224}"
    111616,         0,         0,    1.66,exact_mw,cb12ae119b9b2ba18d0216e7235b403229e92fd0743ede48fe7f1a2c6f45d594,"{""distance"":5,""physical_error_rate"":0.0005}","{""detection_events"":54839,""detectors_checked"":25001984}"
     91136,         0,         0,    1.51,exact_mw,cb12ae119b9b2ba18d0216e7235b403229e92fd0743ede48fe7f1a2c6f45d594,"{""distance"":5,""physical_error_rate"":0.0005}","{""detection_events"":44709,""detectors_checked"":20414464}"
    104448,         0,         0,    1.09,exact_mw,cb12ae119b9b2ba18d0216e7235b403229e92fd0743ede48fe7f1a2c6f45d594,"{""distance"":5,""physical_error_rate"":0.0005}","{""detection_events"":51791,""detectors_checked"":23396352}"
     95232,         0,         0,    1.20,exact_mw,cb12ae119b9b2ba18d0216e7235b403229e92fd0743ede48fe7f1a2c6f45d594,"{""distance"":5,""physical_error_rate"":0.0005}","{""detection_events"":46869,""detectors_checked"":21331968}"
    110592,         0,         0,    1.46,exact_mw,cb12ae119b9b2ba18d0216e7235b403229e92fd0743ede48fe7f1a2c6f45d594,"{""distance"":5,""physical_error_rate"":0.0005}","{""detection_events"":54217,""detectors_checked"":24772608}"
    135168,         0,         0,    1.64,exact_mw,cb12ae119b9b2ba18d0216e7235b403229e92fd0743ede48fe7f1a2c6f45d594,"{""distance"":5,""physical_error_rate"":0.0005}","{""detection_events"":66544,""detectors_checked"":30277632}"
    111616,         0,         0,    1.57,exact_mw,cb12ae119b9b2ba18d0216e7235b403229e92fd0743ede48fe7f1a2c6f45d594,"{""distance"":5,""physical_error_rate"":0.0005}","{""detection_events"":54724,""detectors_checked"":25001984}"
    148480,         0,         0,    1.73,exact_mw,cb12ae119b9b2ba18d0216e7235b403229e92fd0743ede48fe7f1a2c6f45d594,"{""distance"":5,""physical_error_rate"":0.0005}","{""detection_events"":72997,""detectors_checked"":33259520}"
    112976,         0,         0,    1.45,exact_mw,cb12ae119b9b2ba18d0216e7235b403229e92fd0743ede48fe7f1a2c6f45d594,"{""distance"":5,""physical_error_rate"":0.0005}","{""detection_events"":55707,""detectors_checked"":25306624}"
     86822,         0,         0,    1.51,exact_mw,cb12ae119b9b2ba18d0216e7235b403229e92fd0743ede48fe7f1a2c6f45d594,"{""distance"":5,""physical_error_rate"":0.0005}","{""detection_events"":42443,""detectors_checked"":19448128}"
     86822,         0,         0,   0.788,exact_mw,cb12ae119b9b2ba18d0216e7235b403229e92fd0743ede48fe7f1a2c6f45d594,"{""distance"":5,""physical_error_rate"":0.0005}","{""detection_events"":42906,""detectors_checked"":19448128}"
    108544,         0,         0,    1.70,exact_mw,cb12ae119b9b2ba18d0216e7235b403229e92fd0743ede48fe7f1a2c6f45d594,"{""distance"":5,""physical_error_rate"":0.0005}","{""detection_events"":53761,""detectors_checked"":24313856}"
     83968,         0,         0,    1.76,exact_mw,cb12ae119b9b2ba18d0216e7235b403229e92fd0743ede48fe7f1a2c6f45d594,"{""distance"":5,""physical_error_rate"":0.0005}","{""detection_events"":41858,""detectors_checked"":18808832}"
     64705,         0,         0,   0.491,exact_mw,cb12ae119b9b2ba18d0216e7235b403229e92fd0743ede48fe7f1a2c6f45d594,"{""distance"":5,""physical_error_rate"":0.0005}","{""detection_events"":32252,""detectors_checked"":14493920}"
     57973,         0,         0,   0.662,exact_mw,cb12ae119b9b2ba18d0216e7235b403229e92fd0743ede48fe7f1a2c6f45d594,"{""distance"":5,""physical_error_rate"":0.0005}","{""detection_events"":29001,""detectors_checked"":12985952}"
     57067,         0,         0,   0.598,exact_mw,cb12ae119b9b2ba18d0216e7235b403229e92fd0743ede48fe7f1a2c6f45d594,"{""distance"":5,""physical_error_rate"":0.0005}","{""detection_events"":27860,""detectors_checked"":12783008}"
     56176,         0,         0,   0.650,exact_mw,cb12ae119b9b2ba18d0216e7235b403229e92fd0743ede48fe7f1a2c6f45d594,"{""distance"":5,""physical_error_rate"":0.0005}","{""detection_events"":27472,""detectors_checked"":12583424}"
     55298,         0,         0,   0.395,exact_mw,cb12ae119b9b2ba18d0216e7235b403229e92fd0743ede48fe7f1a2c6f45d594,"{""distance"":5,""physical_error_rate"":0.0005}","{""detection_events"":27532,""detectors_checked"":12386752}"
     55298,         0,         0,   0.616,exact_mw,cb12ae119b9b2ba18d0216e7235b403229e92fd0743ede48fe7f1a2c6f45d594,"{""distance"":5,""physical_error_rate"":0.0005}","{""detection_events"":27090,""detectors_checked"":12386752}"
     54434,         0,         0,   0.648,exact_mw,cb12ae119b9b2ba18d0216e7235b403229e92fd0743ede48fe7f1a2c6f45d594,"{""distance"":5,""physical_error_rate"":0.0005}","{""detection_events"":26671,""detectors_checked"":12193216}"
     54272,         1,         0,   0.528,exact_mw,cb12ae119b9b2ba18d0216e7235b403229e92fd0743ede48fe7f1a2c6f45d594,"{""distance"":5,""physical_error_rate"":0.0005}","{""detection_events"":26382,""detectors_checked"":12156928,""obs_mistake_mask=E"":1}"
     54434,         0,         0,   0.627,exact_mw,cb12ae119b9b2ba18d0216e7235b403229e92fd0743ede48fe7f1a2c6f45d594,"{""distance"":5,""physical_error_rate"":0.0005}","{""detection_events"":26958,""detectors_checked"":12193216}"
     53570,         0,         0,   0.601,exact_mw,cb12ae119b9b2ba18d0216e7235b403229e92fd0743ede48fe7f1a2c6f45d594,"{""distance"":5,""physical_error_rate"":0.0005}","{""detection_events"":26697,""detectors_checked"":11999680}"
     50184,         0,         0,   0.492,exact_mw,cb12ae119b9b2ba18d0216e7235b403229e92fd0743ede48fe7f1a2c6f45d594,"{""distance"":5,""physical_error_rate"":0.0005}","{""detection_events"":24397,""detectors_checked"":11241216}"
     50176,         1,         0,   0.895,exact_mw,cb12ae119b9b2ba18d0216e7235b403229e92fd0743ede48fe7f1a2c6f45d594,"{""distance"":5,""physical_error_rate"":0.0005}","{""detection_events"":24740,""detectors_checked"":11239424,""obs_mistake_mask=E"":1}"
     49399,         0,         0,   0.252,exact_mw,cb12ae119b9b2ba18d0216e7235b403229e92fd0743ede48fe7f1a2c6f45d594,"{""distance"":5,""physical_error_rate"":0.0005}","{""detection_events"":23856,""detectors_checked"":11065376}"
     50176,         0,         0,   0.516,exact_mw,cb12ae119b9b2ba18d0216e7235b403229e92fd0743ede48fe7f1a2c6f45d594,"{""distance"":5,""physical_error_rate"":0.0005}","{""detection_events"":24696,""detectors_checked"":11239424}"
     51021,         0,         0,   0.515,exact_mw,cb12ae119b9b2ba18d0216e7235b403229e92fd0743ede48fe7f1a2c6f45d594,"{""distance"":5,""physical_error_rate"":0.0005}","{""detection_events"":25499,""detectors_checked"":11428704}"
     47844,         0,         0,   0.461,exact_mw,cb12ae119b9b2ba18d0216e7235b403229e92fd0743ede48fe7f1a2c6f45d594,"{""distance"":5,""physical_error_rate"":0.0005}","{""detection_events"":23026,""detectors_checked"":10717056}"
     49399,         0,         0,   0.752,exact_mw,cb12ae119b9b2ba18d0216e7235b403229e92fd0743ede48fe7f1a2c6f45d594,"{""distance"":5,""physical_error_rate"":0.0005}","{""detection_events"":23938,""detectors_checked"":11065376}"
     47844,         0,         0,   0.432,exact_mw,cb12ae119b9b2ba18d0216e7235b403229e92fd0743ede48fe7f1a2c6f45d594,"{""distance"":5,""physical_error_rate"":0.0005}","{""detection_events"":23362,""detectors_checked"":10717056}"
     49399,         0,         0,   0.461,exact_mw,cb12ae119b9b2ba18d0216e7235b403229e92fd0743ede48fe7f1a2c6f45d594,"{""distance"":5,""physical_error_rate"":0.0005}","{""detection_events"":24049,""detectors_checked"":11065376}"
     46080,         0,         0,   0.451,exact_mw,cb12ae119b9b2ba18d0216e7235b403229e92fd0743ede48fe7f1a2c6f45d594,"{""distance"":5,""physical_error_rate"":0.0005}","{""detection_events"":22409,""detectors_checked"":10321920}"
     46080,         0,         0,   0.545,exact_mw,cb12ae119b9b2ba18d0216e7235b403229e92fd0743ede48fe7f1a2c6f45d594,"{""distance"":5,""physical_error_rate"":0.0005}","{""detection_events"":23247,""detectors_checked"":10321920}"
     47104,         0,         0,   0.423,exact_mw,cb12ae119b9b2ba18d0216e7235b403229e92fd0743ede48fe7f1a2c6f45d594,"{""distance"":5,""physical_error_rate"":0.0005}","{""detection_events"":23413,""detectors_checked"":10551296}"
     46080,         0,         0,   0.812,exact_mw,cb12ae119b9b2ba18d0216e7235b403229e92fd0743ede48fe7f1a2c6f45d594,"{""distance"":5,""physical_error_rate"":0.0005}","{""detection_events"":22706,""detectors_checked"":10321920}"
     46262,         0,         0,   0.513,exact_mw,cb12ae119b9b2ba18d0216e7235b403229e92fd0743ede48fe7f1a2c6f45d594,"{""distance"":5,""physical_error_rate"":0.0005}","{""detection_events"":23029,""detectors_checked"":10362688}"
     41984,         0,         0,   0.465,exact_mw,cb12ae119b9b2ba18d0216e7235b403229e92fd0743ede48fe7f1a2c6f45d594,"{""distance"":5,""physical_error_rate"":0.0005}","{""detection_events"":20753,""detectors_checked"":9404416}"
     40960,         0,         0,   0.466,exact_mw,cb12ae119b9b2ba18d0216e7235b403229e92fd0743ede48fe7f1a2c6f45d594,"{""distance"":5,""physical_error_rate"":0.0005}","{""detection_events"":20094,""detectors_checked"":9175040}"
     46080,         0,         0,   0.463,exact_mw,cb12ae119b9b2ba18d0216e7235b403229e92fd0743ede48fe7f1a2c6f45d594,"{""distance"":5,""physical_error_rate"":0.0005}","{""detection_events"":22612,""detectors_checked"":10321920}"
     47104,         0,         0,   0.557,exact_mw,cb12ae119b9b2ba18d0216e7235b403229e92fd0743ede48fe7f1a2c6f45d594,"{""distance"":5,""physical_error_rate"":0.0005}","{""detection_events"":22708,""detectors_checked"":10551296}"
     44032,         0,         0,   0.571,exact_mw,cb12ae119b9b2ba18d0216e7235b403229e92fd0743ede48fe7f1a2c6f45d594,"{""distance"":5,""physical_error_rate"":0.0005}","{""detection_events"":21357,""detectors_checked"":9863168}"
     39936,         0,         0,   0.455,exact_mw,cb12ae119b9b2ba18d0216e7235b403229e92fd0743ede48fe7f1a2c6f45d594,"{""distance"":5,""physical_error_rate"":0.0005}","{""detection_events"":19676,""detectors_checked"":8945664}"
     45515,         0,         0,   0.475,exact_mw,cb12ae119b9b2ba18d0216e7235b403229e92fd0743ede48fe7f1a2c6f45d594,"{""distance"":5,""physical_error_rate"":0.0005}","{""detection_events"":22116,""detectors_checked"":10195360}"
     39605,         0,         0,   0.488,exact_mw,cb12ae119b9b2ba18d0216e7235b403229e92fd0743ede48fe7f1a2c6f45d594,"{""distance"":5,""physical_error_rate"":0.0005}","{""detection_events"":19268,""detectors_checked"":8871520}"
     37888,         0,         0,   0.192,exact_mw,cb12ae119b9b2ba18d0216e7235b403229e92fd0743ede48fe7f1a2c6f45d594,"{""distance"":5,""physical_error_rate"":0.0005}","{""detection_events"":18474,""detectors_checked"":8486912}"
     39936,         0,         0,   0.470,exact_mw,cb12ae119b9b2ba18d0216e7235b403229e92fd0743ede48fe7f1a2c6f45d594,"{""distance"":5,""physical_error_rate"":0.0005}","{""detection_events"":19743,""detectors_checked"":8945664}"
     41984,         0,         0,   0.448,exact_mw,cb12ae119b9b2ba18d0216e7235b403229e92fd0743ede48fe7f1a2c6f45d594,"{""distance"":5,""physical_error_rate"":0.0005}","{""detection_events"":20872,""detectors_checked"":9404416}"
     45515,         1,         0,   0.570,exact_mw,cb12ae119b9b2ba18d0216e7235b403229e92fd0743ede48fe7f1a2c6f45d594,"{""distance"":5,""physical_error_rate"":0.0005}","{""detection_events"":22634,""detectors_checked"":10195360,""obs_mistake_mask=E"":1}"
     34830,         0,         0,   0.414,exact_mw,cb12ae119b9b2ba18d0216e7235b403229e92fd0743ede48fe7f1a2c6f45d594,"{""distance"":5,""physical_error_rate"":0.0005}","{""detection_events"":17442,""detectors_checked"":7801920}"
     37888,         0,         0,   0.394,exact_mw,cb12ae119b9b2ba18d0216e7235b403229e92fd0743ede48fe7f1a2c6f45d594,"{""distance"":5,""physical_error_rate"":0.0005}","{""detection_events"":18475,""detectors_checked"":8486912}"
     45056,         0,         0,   0.496,exact_mw,cb12ae119b9b2ba18d0216e7235b403229e92fd0743ede48fe7f1a2c6f45d594,"{""distance"":5,""physical_error_rate"":0.0005}","{""detection_events"":22051,""detectors_checked"":10092544}"
     36864,         0,         0,   0.398,exact_mw,cb12ae119b9b2ba18d0216e7235b403229e92fd0743ede48fe7f1a2c6f45d594,"{""distance"":5,""physical_error_rate"":0.0005}","{""detection_events"":18517,""detectors_checked"":8257536}"
     39605,         0,         0,   0.537,exact_mw,cb12ae119b9b2ba18d0216e7235b403229e92fd0743ede48fe7f1a2c6f45d594,"{""distance"":5,""physical_error_rate"":0.0005}","{""detection_events"":19474,""detectors_checked"":8871520}"
     40960,         0,         0,   0.518,exact_mw,cb12ae119b9b2ba18d0216e7235b403229e92fd0743ede48fe7f1a2c6f45d594,"{""distance"":5,""physical_error_rate"":0.0005}","{""detection_events"":20366,""detectors_checked"":9175040}"
     34816,         0,         0,   0.476,exact_mw,cb12ae119b9b2ba18d0216e7235b403229e92fd0743ede48fe7f1a2c6f45d594,"{""distance"":5,""physical_error_rate"":0.0005}","{""detection_events"":17488,""detectors_checked"":7798784}"
     33792,         0,         0,   0.425,exact_mw,cb12ae119b9b2ba18d0216e7235b403229e92fd0743ede48fe7f1a2c6f45d594,"{""distance"":5,""physical_error_rate"":0.0005}","{""detection_events"":16622,""detectors_checked"":7569408}"
     39605,         0,         0,   0.492,exact_mw,cb12ae119b9b2ba18d0216e7235b403229e92fd0743ede48fe7f1a2c6f45d594,"{""distance"":5,""physical_error_rate"":0.0005}","{""detection_events"":19412,""detectors_checked"":8871520}"
     35840,         0,         0,   0.479,exact_mw,cb12ae119b9b2ba18d0216e7235b403229e92fd0743ede48fe7f1a2c6f45d594,"{""distance"":5,""physical_error_rate"":0.0005}","{""detection_events"":17465,""detectors_checked"":8028160}"
     39936,         0,         0,   0.557,exact_mw,cb12ae119b9b2ba18d0216e7235b403229e92fd0743ede48fe7f1a2c6f45d594,"{""distance"":5,""physical_error_rate"":0.0005}","{""detection_events"":19641,""detectors_checked"":8945664}"
     37888,         0,         0,   0.409,exact_mw,cb12ae119b9b2ba18d0216e7235b403229e92fd0743ede48fe7f1a2c6f45d594,"{""distance"":5,""physical_error_rate"":0.0005}","{""detection_events"":18635,""detectors_checked"":8486912}"
     36864,         0,         0,   0.485,exact_mw,cb12ae119b9b2ba18d0216e7235b403229e92fd0743ede48fe7f1a2c6f45d594,"{""distance"":5,""physical_error_rate"":0.0005}","{""detection_events"":17877,""detectors_checked"":8257536}"
     36864,         0,         0,   0.470,exact_mw,cb12ae119b9b2ba18d0216e7235b403229e92fd0743ede48fe7f1a2c6f45d594,"{""distance"":5,""physical_error_rate"":0.0005}","{""detection_events"":17621,""detectors_checked"":8257536}"
     35840,         0,         0,   0.501,exact_mw,cb12ae119b9b2ba18d0216e7235b403229e92fd0743ede48fe7f1a2c6f45d594,"{""distance"":5,""physical_error_rate"":0.0005}","{""detection_events"":17971,""detectors_checked"":8028160}"
     34830,         0,         0,   0.476,exact_mw,cb12ae119b9b2ba18d0216e7235b403229e92fd0743ede48fe7f1a2c6f45d594,"{""distance"":5,""physical_error_rate"":0.0005}","{""detection_events"":17088,""detectors_checked"":7801920}"
     34830,         0,         0,   0.543,exact_mw,cb12ae119b9b2ba18d0216e7235b403229e92fd0743ede48fe7f1a2c6f45d594,"{""distance"":5,""physical_error_rate"":0.0005}","{""detection_events"":17589,""detectors_checked"":7801920}"
     31628,         0,         0,   0.467,exact_mw,cb12ae119b9b2ba18d0216e7235b403229e92fd0743ede48fe7f1a2c6f45d594,"{""distance"":5,""physical_error_rate"":0.0005}","{""detection_events"":15300,""detectors_checked"":7084672}"
     34816,         0,         0,   0.386,exact_mw,cb12ae119b9b2ba18d0216e7235b403229e92fd0743ede48fe7f1a2c6f45d594,"{""distance"":5,""physical_error_rate"":0.0005}","{""detection_events"":16910,""detectors_checked"":7798784}"
     36864,         0,         0,   0.454,exact_mw,cb12ae119b9b2ba18d0216e7235b403229e92fd0743ede48fe7f1a2c6f45d594,"{""distance"":5,""physical_error_rate"":0.0005}","{""detection_events"":18734,""detectors_checked"":8257536}"
     31628,         0,         0,   0.157,exact_mw,cb12ae119b9b2ba18d0216e7235b403229e92fd0743ede48fe7f1a2c6f45d594,"{""distance"":5,""physical_error_rate"":0.0005}","{""detection_events"":15389,""detectors_checked"":7084672}"
     35840,         0,         0,   0.495,exact_mw,cb12ae119b9b2ba18d0216e7235b403229e92fd0743ede48fe7f1a2c6f45d594,"{""distance"":5,""physical_error_rate"":0.0005}","{""detection_events"":17826,""detectors_checked"":8028160}"
     34830,         0,         0,   0.465,exact_mw,cb12ae119b9b2ba18d0216e7235b403229e92fd0743ede48fe7f1a2c6f45d594,"{""distance"":5,""physical_error_rate"":0.0005}","{""detection_events"":17330,""detectors_checked"":7801920}"
     31744,         0,         0,   0.443,exact_mw,cb12ae119b9b2ba18d0216e7235b403229e92fd0743ede48fe7f1a2c6f45d594,"{""distance"":5,""physical_error_rate"":0.0005}","{""detection_events"":15346,""detectors_checked"":7110656}"
     34830,         0,         0,   0.430,exact_mw,cb12ae119b9b2ba18d0216e7235b403229e92fd0743ede48fe7f1a2c6f45d594,"{""distance"":5,""physical_error_rate"":0.0005}","{""detection_events"":16807,""detectors_checked"":7801920}"
     34830,         0,         0,   0.506,exact_mw,cb12ae119b9b2ba18d0216e7235b403229e92fd0743ede48fe7f1a2c6f45d594,"{""distance"":5,""physical_error_rate"":0.0005}","{""detection_events"":17247,""detectors_checked"":7801920}"
      1717,         0,         0,   0.017,exact_mw,cb12ae119b9b2ba18d0216e7235b403229e92fd0743ede48fe7f1a2c6f45d594,"{""distance"":5,""physical_error_rate"":0.0005}","{""detection_events"":875,""detectors_checked"":384608}"
     11820,         0,         0,   0.053,exact_mw,cb12ae119b9b2ba18d0216e7235b403229e92fd0743ede48fe7f1a2c6f45d594,"{""distance"":5,""physical_error_rate"":0.0005}","{""detection_events"":5686,""detectors_checked"":2647680}"
     11421,         0,         0,   0.057,exact_mw,cb12ae119b9b2ba18d0216e7235b403229e92fd0743ede48fe7f1a2c6f45d594,"{""distance"":5,""physical_error_rate"":0.0005}","{""detection_events"":5590,""detectors_checked"":2558304}"
     19456,         0,         0,   0.248,exact_mw,cb12ae119b9b2ba18d0216e7235b403229e92fd0743ede48fe7f1a2c6f45d594,"{""distance"":5,""physical_error_rate"":0.0005}","{""detection_events"":9883,""detectors_checked"":4358144}"
     14672,         0,         0,   0.071,exact_mw,cb12ae119b9b2ba18d0216e7235b403229e92fd0743ede48fe7f1a2c6f45d594,"{""distance"":5,""physical_error_rate"":0.0005}","{""detection_events"":7189,""detectors_checked"":3286528}"
     24576,         0,         0,   0.169,exact_mw,cb12ae119b9b2ba18d0216e7235b403229e92fd0743ede48fe7f1a2c6f45d594,"{""distance"":5,""physical_error_rate"":0.0005}","{""detection_events"":12722,""detectors_checked"":5505024}"
     34816,         0,         0,   0.549,exact_mw,cb12ae119b9b2ba18d0216e7235b403229e92fd0743ede48fe7f1a2c6f45d594,"{""distance"":5,""physical_error_rate"":0.0005}","{""detection_events"":16860,""detectors_checked"":7798784}"
     16498,         0,         0,   0.139,exact_mw,cb12ae119b9b2ba18d0216e7235b403229e92fd0743ede48fe7f1a2c6f45d594,"{""distance"":5,""physical_error_rate"":0.0005}","{""detection_events"":8100,""detectors_checked"":3695552}"
      5234,         0,         0,   0.036,exact_mw,cb12ae119b9b2ba18d0216e7235b403229e92fd0743ede48fe7f1a2c6f45d594,"{""distance"":5,""physical_error_rate"":0.0005}","{""detection_events"":2635,""detectors_checked"":1172416}"
     39936,         0,         0,   0.511,exact_mw,cb12ae119b9b2ba18d0216e7235b403229e92fd0743ede48fe7f1a2c6f45d594,"{""distance"":5,""physical_error_rate"":0.0005}","{""detection_events"":19860,""detectors_checked"":8945664}"
     24576,         0,         0,   0.231,exact_mw,cb12ae119b9b2ba18d0216e7235b403229e92fd0743ede48fe7f1a2c6f45d594,"{""distance"":5,""physical_error_rate"":0.0005}","{""detection_events"":12121,""detectors_checked"":5505024}"
     34816,         0,         0,   0.497,exact_mw,cb12ae119b9b2ba18d0216e7235b403229e92fd0743ede48fe7f1a2c6f45d594,"{""distance"":5,""physical_error_rate"":0.0005}","{""detection_events"":17756,""detectors_checked"":7798784}"
     26624,         0,         0,   0.544,exact_mw,cb12ae119b9b2ba18d0216e7235b403229e92fd0743ede48fe7f1a2c6f45d594,"{""distance"":5,""physical_error_rate"":0.0005}","{""detection_events"":13330,""detectors_checked"":5963776}"
     15360,         0,         0,   0.187,exact_mw,cb12ae119b9b2ba18d0216e7235b403229e92fd0743ede48fe7f1a2c6f45d594,"{""distance"":5,""physical_error_rate"":0.0005}","{""detection_events"":7593,""detectors_checked"":3440640}"
     14779,         0,         0,   0.128,exact_mw,cb12ae119b9b2ba18d0216e7235b403229e92fd0743ede48fe7f1a2c6f45d594,"{""distance"":5,""physical_error_rate"":0.0005}","{""detection_events"":7250,""detectors_checked"":3310496}"
     14336,         0,         0,   0.115,exact_mw,cb12ae119b9b2ba18d0216e7235b403229e92fd0743ede48fe7f1a2c6f45d594,"{""distance"":5,""physical_error_rate"":0.0005}","{""detection_events"":7127,""detectors_checked"":3211264}"
     11304,         0,         0,   0.091,exact_mw,cb12ae119b9b2ba18d0216e7235b403229e92fd0743ede48fe7f1a2c6f45d594,"{""distance"":5,""physical_error_rate"":0.0005}","{""detection_events"":5559,""detectors_checked"":2532096}"
     14779,         0,         0,   0.114,exact_mw,cb12ae119b9b2ba18d0216e7235b403229e92fd0743ede48fe7f1a2c6f45d594,"{""distance"":5,""physical_error_rate"":0.0005}","{""detection_events"":7411,""detectors_checked"":3310496}"
      5073,         0,         0,   0.037,exact_mw,cb12ae119b9b2ba18d0216e7235b403229e92fd0743ede48fe7f1a2c6f45d594,"{""distance"":5,""physical_error_rate"":0.0005}","{""detection_events"":2541,""detectors_checked"":1136352}"
     24576,         1,         0,   0.464,exact_mw,cb12ae119b9b2ba18d0216e7235b403229e92fd0743ede48fe7f1a2c6f45d594,"{""distance"":5,""physical_error_rate"":0.0005}","{""detection_events"":12193,""detectors_checked"":5505024,""obs_mistake_mask=E"":1}"
     19456,         0,         0,   0.156,exact_mw,cb12ae119b9b2ba18d0216e7235b403229e92fd0743ede48fe7f1a2c6f45d594,"{""distance"":5,""physical_error_rate"":0.0005}","{""detection_events"":9604,""detectors_checked"":4358144}"
     17408,         0,         0,   0.201,exact_mw,cb12ae119b9b2ba18d0216e7235b403229e92fd0743ede48fe7f1a2c6f45d594,"{""distance"":5,""physical_error_rate"":0.0005}","{""detection_events"":8604,""detectors_checked"":3899392}"
     13238,         0,         0,   0.111,exact_mw,cb12ae119b9b2ba18d0216e7235b403229e92fd0743ede48fe7f1a2c6f45d594,"{""distance"":5,""physical_error_rate"":0.0005}","{""detection_events"":6672,""detectors_checked"":2965312}"
      6492,         0,         0,   0.048,exact_mw,cb12ae119b9b2ba18d0216e7235b403229e92fd0743ede48fe7f1a2c6f45d594,"{""distance"":5,""physical_error_rate"":0.0005}","{""detection_events"":3079,""detectors_checked"":1454208}"
     14073,         0,         0,   0.123,exact_mw,cb12ae119b9b2ba18d0216e7235b403229e92fd0743ede48fe7f1a2c6f45d594,"{""distance"":5,""physical_error_rate"":0.0005}","{""detection_events"":6919,""detectors_checked"":3152352}"
      6734,         0,         0,   0.045,exact_mw,cb12ae119b9b2ba18d0216e7235b403229e92fd0743ede48fe7f1a2c6f45d594,"{""distance"":5,""physical_error_rate"":0.0005}","{""detection_events"":3338,""detectors_checked"":1508416}"
      5845,         0,         0,   0.046,exact_mw,cb12ae119b9b2ba18d0216e7235b403229e92fd0743ede48fe7f1a2c6f45d594,"{""distance"":5,""physical_error_rate"":0.0005}","{""detection_events"":2972,""detectors_checked"":1309280}"
      8651,         0,         0,   0.072,exact_mw,cb12ae119b9b2ba18d0216e7235b403229e92fd0743ede48fe7f1a2c6f45d594,"{""distance"":5,""physical_error_rate"":0.0005}","{""detection_events"":4237,""detectors_checked"":1937824}"
     15965,         0,         0,   0.108,exact_mw,cb12ae119b9b2ba18d0216e7235b403229e92fd0743ede48fe7f1a2c6f45d594,"{""distance"":5,""physical_error_rate"":0.0005}","{""detection_events"":7785,""detectors_checked"":3576160}"
      1024,         0,         0,   0.005,exact_mw,cb12ae119b9b2ba18d0216e7235b403229e92fd0743ede48fe7f1a2c6f45d594,"{""distance"":5,""physical_error_rate"":0.0005}","{""detection_events"":494,""detectors_checked"":229376}"
     10924,         0,         0,   0.111,exact_mw,cb12ae119b9b2ba18d0216e7235b403229e92fd0743ede48fe7f1a2c6f45d594,"{""distance"":5,""physical_error_rate"":0.0005}","{""detection_events"":5364,""detectors_checked"":2446976}"
      6899,         0,         0,   0.043,exact_mw,cb12ae119b9b2ba18d0216e7235b403229e92fd0743ede48fe7f1a2c6f45d594,"{""distance"":5,""physical_error_rate"":0.0005}","{""detection_events"":3366,""detectors_checked"":1545376}"
     16888,         0,         0,   0.192,exact_mw,cb12ae119b9b2ba18d0216e7235b403229e92fd0743ede48fe7f1a2c6f45d594,"{""distance"":5,""physical_error_rate"":0.0005}","{""detection_events"":8386,""detectors_checked"":3782912}"
     14779,         0,         0,   0.141,exact_mw,cb12ae119b9b2ba18d0216e7235b403229e92fd0743ede48fe7f1a2c6f45d594,"{""distance"":5,""physical_error_rate"":0.0005}","{""detection_events"":7072,""detectors_checked"":3310496}"
      1719,         0,         0,   0.008,exact_mw,cb12ae119b9b2ba18d0216e7235b403229e92fd0743ede48fe7f1a2c6f45d594,"{""distance"":5,""physical_error_rate"":0.0005}","{""detection_events"":826,""detectors_checked"":385056}"
     13943,         0,         0,   0.136,exact_mw,cb12ae119b9b2ba18d0216e7235b403229e92fd0743ede48fe7f1a2c6f45d594,"{""distance"":5,""physical_error_rate"":0.0005}","{""detection_events"":6883,""detectors_checked"":3123232}"
     14336,         0,         0,   0.114,exact_mw,cb12ae119b9b2ba18d0216e7235b403229e92fd0743ede48fe7f1a2c6f45d594,"{""distance"":5,""physical_error_rate"":0.0005}","{""detection_events"":7275,""detectors_checked"":3211264}"
     13312,         0,         0,   0.134,exact_mw,cb12ae119b9b2ba18d0216e7235b403229e92fd0743ede48fe7f1a2c6f45d594,"{""distance"":5,""physical_error_rate"":0.0005}","{""detection_events"":6548,""detectors_checked"":2981888}"
     12236,         0,         0,   0.124,exact_mw,cb12ae119b9b2ba18d0216e7235b403229e92fd0743ede48fe7f1a2c6f45d594,"{""distance"":5,""physical_error_rate"":0.0005}","{""detection_events"":6035,""detectors_checked"":2740864}"
     11685,         0,         0,   0.052,exact_mw,cb12ae119b9b2ba18d0216e7235b403229e92fd0743ede48fe7f1a2c6f45d594,"{""distance"":5,""physical_error_rate"":0.0005}","{""detection_events"":5484,""detectors_checked"":2617440}"
     16498,         0,         0,   0.184,exact_mw,cb12ae119b9b2ba18d0216e7235b403229e92fd0743ede48fe7f1a2c6f45d594,"{""distance"":5,""physical_error_rate"":0.0005}","{""detection_events"":8145,""detectors_checked"":3695552}"
     14779,         0,         0,   0.145,exact_mw,cb12ae119b9b2ba18d0216e7235b403229e92fd0743ede48fe7f1a2c6f45d594,"{""distance"":5,""physical_error_rate"":0.0005}","{""detection_events"":7137,""detectors_checked"":3310496}"
     14336,         0,         0,   0.117,exact_mw,cb12ae119b9b2ba18d0216e7235b403229e92fd0743ede48fe7f1a2c6f45d594,"{""distance"":5,""physical_error_rate"":0.0005}","{""detection_events"":7156,""detectors_checked"":3211264}"
     15360,         0,         0,   0.153,exact_mw,cb12ae119b9b2ba18d0216e7235b403229e92fd0743ede48fe7f1a2c6f45d594,"{""distance"":5,""physical_error_rate"":0.0005}","{""detection_events"":7723,""detectors_checked"":3440640}"
     14336,         0,         0,   0.136,exact_mw,cb12ae119b9b2ba18d0216e7235b403229e92fd0743ede48fe7f1a2c6f45d594,"{""distance"":5,""physical_error_rate"":0.0005}","{""detection_events"":7127,""detectors_checked"":3211264}"
     14073,         0,         0,   0.111,exact_mw,cb12ae119b9b2ba18d0216e7235b403229e92fd0743ede48fe7f1a2c6f45d594,"{""distance"":5,""physical_error_rate"":0.0005}","{""detection_events"":6699,""detectors_checked"":3152352}"
     14336,         0,         0,   0.146,exact_mw,cb12ae119b9b2ba18d0216e7235b403229e92fd0743ede48fe7f1a2c6f45d594,"{""distance"":5,""physical_error_rate"":0.0005}","{""detection_events"":6994,""detectors_checked"":3211264}"
      7977,         0,         0,   0.083,exact_mw,cb12ae119b9b2ba18d0216e7235b403229e92fd0743ede48fe7f1a2c6f45d594,"{""distance"":5,""physical_error_rate"":0.0005}","{""detection_events"":3824,""detectors_checked"":1786848}"
       120,         0,         0,   0.001,exact_mw,cb12ae119b9b2ba18d0216e7235b403229e92fd0743ede48fe7f1a2c6f45d594,"{""distance"":5,""physical_error_rate"":0.0005}","{""detection_events"":54,""detectors_checked"":26880}"
     10381,         0,         0,   0.121,exact_mw,cb12ae119b9b2ba18d0216e7235b403229e92fd0743ede48fe7f1a2c6f45d594,"{""distance"":5,""physical_error_rate"":0.0005}","{""detection_events"":5088,""detectors_checked"":2325344}"
     11264,         0,         0,   0.062,exact_mw,cb12ae119b9b2ba18d0216e7235b403229e92fd0743ede48fe7f1a2c6f45d594,"{""distance"":5,""physical_error_rate"":0.0005}","{""detection_events"":5847,""detectors_checked"":2523136}"
      8192,         0,         0,   0.077,exact_mw,cb12ae119b9b2ba18d0216e7235b403229e92fd0743ede48fe7f1a2c6f45d594,"{""distance"":5,""physical_error_rate"":0.0005}","{""detection_events"":4033,""detectors_checked"":1835008}"
     11264,         0,         0,   0.059,exact_mw,cb12ae119b9b2ba18d0216e7235b403229e92fd0743ede48fe7f1a2c6f45d594,"{""distance"":5,""physical_error_rate"":0.0005}","{""detection_events"":5550,""detectors_checked"":2523136}"
      8192,         0,         0,   0.075,exact_mw,cb12ae119b9b2ba18d0216e7235b403229e92fd0743ede48fe7f1a2c6f45d594,"{""distance"":5,""physical_error_rate"":0.0005}","{""detection_events"":4084,""detectors_checked"":1835008}"
      1138,         0,         0,   0.005,exact_mw,cb12ae119b9b2ba18d0216e7235b403229e92fd0743ede48fe7f1a2c6f45d594,"{""distance"":5,""physical_error_rate"":0.0005}","{""detection_events"":517,""detectors_checked"":254912}"
      8192,         0,         0,   0.044,exact_mw,cb12ae119b9b2ba18d0216e7235b403229e92fd0743ede48fe7f1a2c6f45d594,"{""distance"":5,""physical_error_rate"":0.0005}","{""detection_events"":4076,""detectors_checked"":1835008}"
       241,         0,         0,   0.002,exact_mw,cb12ae119b9b2ba18d0216e7235b403229e92fd0743ede48fe7f1a2c6f45d594,"{""distance"":5,""physical_error_rate"":0.0005}","{""detection_events"":144,""detectors_checked"":53984}"
      6483,         0,         0,   0.068,exact_mw,cb12ae119b9b2ba18d0216e7235b403229e92fd0743ede48fe7f1a2c6f45d594,"{""distance"":5,""physical_error_rate"":0.0005}","{""detection_events"":3236,""detectors_checked"":1452192}"
       121,         0,         0,   0.001,exact_mw,cb12ae119b9b2ba18d0216e7235b403229e92fd0743ede48fe7f1a2c6f45d594,"{""distance"":5,""physical_error_rate"":0.0005}","{""detection_events"":65,""detectors_checked"":27104}"
      9216,         0,         0,   0.074,exact_mw,cb12ae119b9b2ba18d0216e7235b403229e92fd0743ede48fe7f1a2c6f45d594,"{""distance"":5,""physical_error_rate"":0.0005}","{""detection_events"":4452,""detectors_checked"":2064384}"
      7639,         0,         0,   0.070,exact_mw,cb12ae119b9b2ba18d0216e7235b403229e92fd0743ede48fe7f1a2c6f45d594,"{""distance"":5,""physical_error_rate"":0.0005}","{""detection_events"":3519,""detectors_checked"":1711136}"
       784,         0,         0,   0.003,exact_mw,cb12ae119b9b2ba18d0216e7235b403229e92fd0743ede48fe7f1a2c6f45d594,"{""distance"":5,""physical_error_rate"":0.0005}","{""detection_events"":356,""detectors_checked"":175616}"
       251,         0,         0,   0.001,exact_mw,cb12ae119b9b2ba18d0216e7235b403229e92fd0743ede48fe7f1a2c6f45d594,"{""distance"":5,""physical_error_rate"":0.0005}","{""detection_events"":125,""detectors_checked"":56224}"
      9216,         0,         0,   0.075,exact_mw,cb12ae119b9b2ba18d0216e7235b403229e92fd0743ede48fe7f1a2c6f45d594,"{""distance"":5,""physical_error_rate"":0.0005}","{""detection_events"":4395,""detectors_checked"":2064384}"
      6242,         0,         0,   0.082,exact_mw,cb12ae119b9b2ba18d0216e7235b403229e92fd0743ede48fe7f1a2c6f45d594,"{""distance"":5,""physical_error_rate"":0.0005}","{""detection_events"":3178,""detectors_checked"":1398208}"
      6462,         0,         0,   0.065,exact_mw,cb12ae119b9b2ba18d0216e7235b403229e92fd0743ede48fe7f1a2c6f45d594,"{""distance"":5,""physical_error_rate"":0.0005}","{""detection_events"":3059,""detectors_checked"":1447488}"
      8192,         0,         0,   0.068,exact_mw,cb12ae119b9b2ba18d0216e7235b403229e92fd0743ede48fe7f1a2c6f45d594,"{""distance"":5,""physical_error_rate"":0.0005}","{""detection_events"":4126,""detectors_checked"":1835008}"
      7821,         0,         0,   0.079,exact_mw,cb12ae119b9b2ba18d0216e7235b403229e92fd0743ede48fe7f1a2c6f45d594,"{""distance"":5,""physical_error_rate"":0.0005}","{""detection_events"":3976,""detectors_checked"":1751904}"
       361,         0,         0,   0.001,exact_mw,cb12ae119b9b2ba18d0216e7235b403229e92fd0743ede48fe7f1a2c6f45d594,"{""distance"":5,""physical_error_rate"":0.0005}","{""detection_events"":137,""detectors_checked"":80864}"
       205,         0,         0,   0.002,exact_mw,cb12ae119b9b2ba18d0216e7235b403229e92fd0743ede48fe7f1a2c6f45d594,"{""distance"":5,""physical_error_rate"":0.0005}","{""detection_events"":108,""detectors_checked"":45920}"
      6144,         0,         0,   0.075,exact_mw,cb12ae119b9b2ba18d0216e7235b403229e92fd0743ede48fe7f1a2c6f45d594,"{""distance"":5,""physical_error_rate"":0.0005}","{""detection_events"":2969,""detectors_checked"":1376256}"
       443,         0,         0,   0.002,exact_mw,cb12ae119b9b2ba18d0216e7235b403229e92fd0743ede48fe7f1a2c6f45d594,"{""distance"":5,""physical_error_rate"":0.0005}","{""detection_events"":215,""detectors_checked"":99232}"
      6462,         0,         0,   0.061,exact_mw,cb12ae119b9b2ba18d0216e7235b403229e92fd0743ede48fe7f1a2c6f45d594,"{""distance"":5,""physical_error_rate"":0.0005}","{""detection_events"":3125,""detectors_checked"":1447488}"
      6018,         0,         0,   0.034,exact_mw,cb12ae119b9b2ba18d0216e7235b403229e92fd0743ede48fe7f1a2c6f45d594,"{""distance"":5,""physical_error_rate"":0.0005}","{""detection_events"":2874,""detectors_checked"":1348032}"
      6018,         0,         0,   0.044,exact_mw,cb12ae119b9b2ba18d0216e7235b403229e92fd0743ede48fe7f1a2c6f45d594,"{""distance"":5,""physical_error_rate"":0.0005}","{""detection_events"":2902,""detectors_checked"":1348032}"
      1467,         0,         0,   0.005,exact_mw,cb12ae119b9b2ba18d0216e7235b403229e92fd0743ede48fe7f1a2c6f45d594,"{""distance"":5,""physical_error_rate"":0.0005}","{""detection_events"":714,""detectors_checked"":328608}"
      8012,         0,         0,   0.074,exact_mw,cb12ae119b9b2ba18d0216e7235b403229e92fd0743ede48fe7f1a2c6f45d594,"{""distance"":5,""physical_error_rate"":0.0005}","{""detection_events"":4124,""detectors_checked"":1794688}"
     10240,         0,         0,   0.123,exact_mw,cb12ae119b9b2ba18d0216e7235b403229e92fd0743ede48fe7f1a2c6f45d594,"{""distance"":5,""physical_error_rate"":0.0005}","{""detection_events"":5046,""detectors_checked"":2293760}"
       194,         0,         0,   0.002,exact_mw,cb12ae119b9b2ba18d0216e7235b403229e92fd0743ede48fe7f1a2c6f45d594,"{""distance"":5,""physical_error_rate"":0.0005}","{""detection_events"":76,""detectors_checked"":43456}"
       443,         0,         0,   0.004,exact_mw,cb12ae119b9b2ba18d0216e7235b403229e92fd0743ede48fe7f1a2c6f45d594,"{""distance"":5,""physical_error_rate"":0.0005}","{""detection_events"":227,""detectors_checked"":99232}"
      1512,         0,         0,   0.006,exact_mw,cb12ae119b9b2ba18d0216e7235b403229e92fd0743ede48fe7f1a2c6f45d594,"{""distance"":5,""physical_error_rate"":0.0005}","{""detection_events"":719,""detectors_checked"":338688}"
       148,         0,         0,   0.001,exact_mw,cb12ae119b9b2ba18d0216e7235b403229e92fd0743ede48fe7f1a2c6f45d594,"{""distance"":5,""physical_error_rate"":0.0005}","{""detection_events"":87,""detectors_checked"":33152}"
       156,         0,         0,   0.001,exact_mw,cb12ae119b9b2ba18d0216e7235b403229e92fd0743ede48fe7f1a2c6f45d594,"{""distance"":5,""physical_error_rate"":0.0005}","{""detection_events"":83,""detectors_checked"":34944}"
      1814,         0,         0,   0.009,exact_mw,cb12ae119b9b2ba18d0216e7235b403229e92fd0743ede48fe7f1a2c6f45d594,"{""distance"":5,""physical_error_rate"":0.0005}","{""detection_events"":903,""detectors_checked"":406336}"
       975,         0,         0,   0.005,exact_mw,cb12ae119b9b2ba18d0216e7235b403229e92fd0743ede48fe7f1a2c6f45d594,"{""distance"":5,""physical_error_rate"":0.0005}","{""detection_events"":393,""detectors_checked"":218400}"
      2520,         0,         0,   0.010,exact_mw,cb12ae119b9b2ba18d0216e7235b403229e92fd0743ede48fe7f1a2c6f45d594,"{""distance"":5,""physical_error_rate"":0.0005}","{""detection_events"":1230,""detectors_checked"":564480}"
       172,         0,         0,   0.001,exact_mw,cb12ae119b9b2ba18d0216e7235b403229e92fd0743ede48fe7f1a2c6f45d594,"{""distance"":5,""physical_error_rate"":0.0005}","{""detection_events"":66,""detectors_checked"":38528}"
       304,         0,         0,   0.004,exact_mw,cb12ae119b9b2ba18d0216e7235b403229e92fd0743ede48fe7f1a2c6f45d594,"{""distance"":5,""physical_error_rate"":0.0005}","{""detection_events"":160,""detectors_checked"":68096}"
       167,         0,         0,   0.001,exact_mw,cb12ae119b9b2ba18d0216e7235b403229e92fd0743ede48fe7f1a2c6f45d594,"{""distance"":5,""physical_error_rate"":0.0005}","{""detection_events"":64,""detectors_checked"":37408}"
       159,         0,         0,   0.001,exact_mw,cb12ae119b9b2ba18d0216e7235b403229e92fd0743ede48fe7f1a2c6f45d594,"{""distance"":5,""physical_error_rate"":0.0005}","{""detection_events"":75,""detectors_checked"":35616}"
       594,         0,         0,   0.002,exact_mw,cb12ae119b9b2ba18d0216e7235b403229e92fd0743ede48fe7f1a2c6f45d594,"{""distance"":5,""physical_error_rate"":0.0005}","{""detection_events"":329,""detectors_checked"":133056}"
      9954,         0,         0,   0.074,exact_mw,cb12ae119b9b2ba18d0216e7235b403229e92fd0743ede48fe7f1a2c6f45d594,"{""distance"":5,""physical_error_rate"":0.0005}","{""detection_events"":4985,""detectors_checked"":2229696}"
       224,         0,         0,   0.001,exact_mw,cb12ae119b9b2ba18d0216e7235b403229e92fd0743ede48fe7f1a2c6f45d594,"{""distance"":5,""physical_error_rate"":0.0005}","{""detection_events"":108,""detectors_checked"":50176}"
      3094,         0,         0,   0.018,exact_mw,cb12ae119b9b2ba18d0216e7235b403229e92fd0743ede48fe7f1a2c6f45d594,"{""distance"":5,""physical_error_rate"":0.0005}","{""detection_events"":1454,""detectors_checked"":693056}"
       995,         0,         0,   0.005,exact_mw,cb12ae119b9b2ba18d0216e7235b403229e92fd0743ede48fe7f1a2c6f45d594,"{""distance"":5,""physical_error_rate"":0.0005}","{""detection_events"":492,""detectors_checked"":222880}"
      2520,         0,         0,   0.014,exact_mw,cb12ae119b9b2ba18d0216e7235b403229e92fd0743ede48fe7f1a2c6f45d594,"{""distance"":5,""physical_error_rate"":0.0005}","{""detection_events"":1194,""detectors_checked"":564480}"
       416,         0,         0,   0.002,exact_mw,cb12ae119b9b2ba18d0216e7235b403229e92fd0743ede48fe7f1a2c6f45d594,"{""distance"":5,""physical_error_rate"":0.0005}","{""detection_events"":196,""detectors_checked"":93184}"
     10240,         0,         0,   0.088,exact_mw,cb12ae119b9b2ba18d0216e7235b403229e92fd0743ede48fe7f1a2c6f45d594,"{""distance"":5,""physical_error_rate"":0.0005}","{""detection_events"":5124,""detectors_checked"":2293760}"
     10240,         0,         0,   0.086,exact_mw,cb12ae119b9b2ba18d0216e7235b403229e92fd0743ede48fe7f1a2c6f45d594,"{""distance"":5,""physical_error_rate"":0.0005}","{""detection_events"":5217,""detectors_checked"":2293760}"
       194,         0,         0,   0.001,exact_mw,cb12ae119b9b2ba18d0216e7235b403229e92fd0743ede48fe7f1a2c6f45d594,"{""distance"":5,""physical_error_rate"":0.0005}","{""detection_events"":95,""detectors_checked"":43456}"
      6144,         0,         0,   0.055,exact_mw,cb12ae119b9b2ba18d0216e7235b403229e92fd0743ede48fe7f1a2c6f45d594,"{""distance"":5,""physical_error_rate"":0.0005}","{""detection_events"":3126,""detectors_checked"":1376256}"
      4096,         0,         0,   0.018,exact_mw,cb12ae119b9b2ba18d0216e7235b403229e92fd0743ede48fe7f1a2c6f45d594,"{""distance"":5,""physical_error_rate"":0.0005}","{""detection_events"":2035,""detectors_checked"":917504}"
       395,         0,         0,   0.002,exact_mw,cb12ae119b9b2ba18d0216e7235b403229e92fd0743ede48fe7f1a2c6f45d594,"{""distance"":5,""physical_error_rate"":0.0005}","{""detection_events"":159,""detectors_checked"":88480}"
       571,         0,         0,   0.003,exact_mw,cb12ae119b9b2ba18d0216e7235b403229e92fd0743ede48fe7f1a2c6f45d594,"{""distance"":5,""physical_error_rate"":0.0005}","{""detection_events"":277,""detectors_checked"":127904}"
      3690,         0,         0,   0.017,exact_mw,cb12ae119b9b2ba18d0216e7235b403229e92fd0743ede48fe7f1a2c6f45d594,"{""distance"":5,""physical_error_rate"":0.0005}","{""detection_events"":1883,""detectors_checked"":826560}"
      2520,         0,         0,   0.015,exact_mw,cb12ae119b9b2ba18d0216e7235b403229e92fd0743ede48fe7f1a2c6f45d594,"{""distance"":5,""physical_error_rate"":0.0005}","{""detection_events"":1199,""detectors_checked"":564480}"
      1814,         0,         0,   0.010,exact_mw,cb12ae119b9b2ba18d0216e7235b403229e92fd0743ede48fe7f1a2c6f45d594,"{""distance"":5,""physical_error_rate"":0.0005}","{""detection_events"":846,""detectors_checked"":406336}"
      2552,         0,         0,   0.023,exact_mw,cb12ae119b9b2ba18d0216e7235b403229e92fd0743ede48fe7f1a2c6f45d594,"{""distance"":5,""physical_error_rate"":0.0005}","{""detection_events"":1239,""detectors_checked"":571648}"
        71,         0,         0,   0.000,exact_mw,cb12ae119b9b2ba18d0216e7235b403229e92fd0743ede48fe7f1a2c6f45d594,"{""distance"":5,""physical_error_rate"":0.0005}","{""detection_events"":36,""detectors_checked"":15904}"
      2019,         0,         0,   0.008,exact_mw,cb12ae119b9b2ba18d0216e7235b403229e92fd0743ede48fe7f1a2c6f45d594,"{""distance"":5,""physical_error_rate"":0.0005}","{""detection_events"":1022,""detectors_checked"":452256}"
      8192,         0,         0,   0.092,exact_mw,cb12ae119b9b2ba18d0216e7235b403229e92fd0743ede48fe7f1a2c6f45d594,"{""distance"":5,""physical_error_rate"":0.0005}","{""detection_events"":3965,""detectors_checked"":1835008}"
      1628,         0,         0,   0.008,exact_mw,cb12ae119b9b2ba18d0216e7235b403229e92fd0743ede48fe7f1a2c6f45d594,"{""distance"":5,""physical_error_rate"":0.0005}","{""detection_events"":853,""detectors_checked"":364672}"
        71,         0,         0,   0.001,exact_mw,cb12ae119b9b2ba18d0216e7235b403229e92fd0743ede48fe7f1a2c6f45d594,"{""distance"":5,""physical_error_rate"":0.0005}","{""detection_events"":24,""detectors_checked"":15904}"
      3254,         0,         0,   0.024,exact_mw,cb12ae119b9b2ba18d0216e7235b403229e92fd0743ede48fe7f1a2c6f45d594,"{""distance"":5,""physical_error_rate"":0.0005}","{""detection_events"":1654,""detectors_checked"":728896}"
     12259,         0,         0,   0.180,exact_mw,cb12ae119b9b2ba18d0216e7235b403229e92fd0743ede48fe7f1a2c6f45d594,"{""distance"":5,""physical_error_rate"":0.0005}","{""detection_events"":5942,""detectors_checked"":2746016}"
       207,         0,         0,   0.001,exact_mw,cb12ae119b9b2ba18d0216e7235b403229e92fd0743ede48fe7f1a2c6f45d594,"{""distance"":5,""physical_error_rate"":0.0005}","{""detection_events"":71,""detectors_checked"":46368}"
        71,         0,         0,   0.001,exact_mw,cb12ae119b9b2ba18d0216e7235b403229e92fd0743ede48fe7f1a2c6f45d594,"{""distance"":5,""physical_error_rate"":0.0005}","{""detection_events"":36,""detectors_checked"":15904}"
       205,         0,         0,   0.002,exact_mw,cb12ae119b9b2ba18d0216e7235b403229e92fd0743ede48fe7f1a2c6f45d594,"{""distance"":5,""physical_error_rate"":0.0005}","{""detection_events"":114,""detectors_checked"":45920}"
      2520,         0,         0,   0.023,exact_mw,cb12ae119b9b2ba18d0216e7235b403229e92fd0743ede48fe7f1a2c6f45d594,"{""distance"":5,""physical_error_rate"":0.0005}","{""detection_events"":1218,""detectors_checked"":564480}"
      4119,         0,         0,   0.021,exact_mw,cb12ae119b9b2ba18d0216e7235b403229e92fd0743ede48fe7f1a2c6f45d594,"{""distance"":5,""physical_error_rate"":0.0005}","{""detection_events"":1983,""detectors_checked"":922656}"
       444,         0,         0,   0.002,exact_mw,cb12ae119b9b2ba18d0216e7235b403229e92fd0743ede48fe7f1a2c6f45d594,"{""distance"":5,""physical_error_rate"":0.0005}","{""detection_events"":221,""detectors_checked"":99456}"
       264,         0,         0,   0.001,exact_mw,cb12ae119b9b2ba18d0216e7235b403229e92fd0743ede48fe7f1a2c6f45d594,"{""distance"":5,""physical_error_rate"":0.0005}","{""detection_events"":161,""detectors_checked"":59136}"
      4096,         0,         0,   0.021,exact_mw,cb12ae119b9b2ba18d0216e7235b403229e92fd0743ede48fe7f1a2c6f45d594,"{""distance"":5,""physical_error_rate"":0.0005}","{""detection_events"":1862,""detectors_checked"":917504}"
        51,         0,         0,   0.001,exact_mw,cb12ae119b9b2ba18d0216e7235b403229e92fd0743ede48fe7f1a2c6f45d594,"{""distance"":5,""physical_error_rate"":0.0005}","{""detection_events"":48,""detectors_checked"":11424}"
         6,         0,         0,   0.000,exact_mw,cb12ae119b9b2ba18d0216e7235b403229e92fd0743ede48fe7f1a2c6f45d594,"{""distance"":5,""physical_error_rate"":0.0005}","{""detection_events"":2,""detectors_checked"":1344}"
      2520,         0,         0,   0.026,exact_mw,cb12ae119b9b2ba18d0216e7235b403229e92fd0743ede48fe7f1a2c6f45d594,"{""distance"":5,""physical_error_rate"":0.0005}","{""detection_events"":1090,""detectors_checked"":564480}"
      3072,         0,         0,   0.017,exact_mw,cb12ae119b9b2ba18d0216e7235b403229e92fd0743ede48fe7f1a2c6f45d594,"{""distance"":5,""physical_error_rate"":0.0005}","{""detection_events"":1439,""detectors_checked"":688128}"
      3072,         0,         0,   0.017,exact_mw,cb12ae119b9b2ba18d0216e7235b403229e92fd0743ede48fe7f1a2c6f45d594,"{""distance"":5,""physical_error_rate"":0.0005}","{""detection_events"":1531,""detectors_checked"":688128}"
        93,         0,         0,   0.001,exact_mw,cb12ae119b9b2ba18d0216e7235b403229e92fd0743ede48fe7f1a2c6f45d594,"{""distance"":5,""physical_error_rate"":0.0005}","{""detection_events"":48,""detectors_checked"":20832}"
      1954,         0,         0,   0.008,exact_mw,cb12ae119b9b2ba18d0216e7235b403229e92fd0743ede48fe7f1a2c6f45d594,"{""distance"":5,""physical_error_rate"":0.0005}","{""detection_events"":913,""detectors_checked"":437696}"
      3043,         0,         0,   0.017,exact_mw,cb12ae119b9b2ba18d0216e7235b403229e92fd0743ede48fe7f1a2c6f45d594,"{""distance"":5,""physical_error_rate"":0.0005}","{""detection_events"":1407,""detectors_checked"":681632}"
      2882,         0,         0,   0.015,exact_mw,cb12ae119b9b2ba18d0216e7235b403229e92fd0743ede48fe7f1a2c6f45d594,"{""distance"":5,""physical_error_rate"":0.0005}","{""detection_events"":1448,""detectors_checked"":645568}"
      3154,         0,         0,   0.015,exact_mw,cb12ae119b9b2ba18d0216e7235b403229e92fd0743ede48fe7f1a2c6f45d594,"{""distance"":5,""physical_error_rate"":0.0005}","{""detection_events"":1551,""detectors_checked"":706496}"
      1043,         0,         0,   0.006,exact_mw,cb12ae119b9b2ba18d0216e7235b403229e92fd0743ede48fe7f1a2c6f45d594,"{""distance"":5,""physical_error_rate"":0.0005}","{""detection_events"":549,""detectors_checked"":233632}"
      3072,         0,         0,   0.020,exact_mw,cb12ae119b9b2ba18d0216e7235b403229e92fd0743ede48fe7f1a2c6f45d594,"{""distance"":5,""physical_error_rate"":0.0005}","{""detection_events"":1430,""detectors_checked"":688128}"
      3987,         0,         0,   0.034,exact_mw,cb12ae119b9b2ba18d0216e7235b403229e92fd0743ede48fe7f1a2c6f45d594,"{""distance"":5,""physical_error_rate"":0.0005}","{""detection_events"":1873,""detectors_checked"":893088}"
       141,         0,         0,   0.001,exact_mw,cb12ae119b9b2ba18d0216e7235b403229e92fd0743ede48fe7f1a2c6f45d594,"{""distance"":5,""physical_error_rate"":0.0005}","{""detection_events"":74,""detectors_checked"":31584}"
      2392,         0,         0,   0.014,exact_mw,cb12ae119b9b2ba18d0216e7235b403229e92fd0743ede48fe7f1a2c6f45d594,"{""distance"":5,""physical_error_rate"":0.0005}","{""detection_events"":1139,""detectors_checked"":535808}"
        16,         0,         0,   0.000,exact_mw,cb12ae119b9b2ba18d0216e7235b403229e92fd0743ede48fe7f1a2c6f45d594,"{""distance"":5,""physical_error_rate"":0.0005}","{""detection_events"":7,""detectors_checked"":3584}"
      1006,         0,         0,   0.004,exact_mw,cb12ae119b9b2ba18d0216e7235b403229e92fd0743ede48fe7f1a2c6f45d594,"{""distance"":5,""physical_error_rate"":0.0005}","{""detection_events"":478,""detectors_checked"":225344}"
      1621,         0,         0,   0.014,exact_mw,cb12ae119b9b2ba18d0216e7235b403229e92fd0743ede48fe7f1a2c6f45d594,"{""distance"":5,""physical_error_rate"":0.0005}","{""detection_events"":834,""detectors_checked"":363104}"
      2320,         0,         0,   0.009,exact_mw,cb12ae119b9b2ba18d0216e7235b403229e92fd0743ede48fe7f1a2c6f45d594,"{""distance"":5,""physical_error_rate"":0.0005}","{""detection_events"":1117,""detectors_checked"":519680}"
        46,         0,         0,   0.000,exact_mw,cb12ae119b9b2ba18d0216e7235b403229e92fd0743ede48fe7f1a2c6f45d594,"{""distance"":5,""physical_error_rate"":0.0005}","{""detection_events"":42,""detectors_checked"":10304}"
      1102,         0,         0,   0.007,exact_mw,cb12ae119b9b2ba18d0216e7235b403229e92fd0743ede48fe7f1a2c6f45d594,"{""distance"":5,""physical_error_rate"":0.0005}","{""detection_events"":501,""detectors_checked"":246848}"
      3072,         0,         0,   0.025,exact_mw,cb12ae119b9b2ba18d0216e7235b403229e92fd0743ede48fe7f1a2c6f45d594,"{""distance"":5,""physical_error_rate"":0.0005}","{""detection_events"":1496,""detectors_checked"":688128}"
      2556,         0,         0,   0.009,exact_mw,cb12ae119b9b2ba18d0216e7235b403229e92fd0743ede48fe7f1a2c6f45d594,"{""distance"":5,""physical_error_rate"":0.0005}","{""detection_events"":1315,""detectors_checked"":572544}"
     10240,         0,         0,   0.102,exact_mw,cb12ae119b9b2ba18d0216e7235b403229e92fd0743ede48fe7f1a2c6f45d594,"{""distance"":5,""physical_error_rate"":0.0005}","{""detection_events"":4931,""detectors_checked"":2293760}"
      2985,         0,         0,   0.018,exact_mw,cb12ae119b9b2ba18d0216e7235b403229e92fd0743ede48fe7f1a2c6f45d594,"{""distance"":5,""physical_error_rate"":0.0005}","{""detection_events"":1505,""detectors_checked"":668640}"
        97,         0,         0,   0.001,exact_mw,cb12ae119b9b2ba18d0216e7235b403229e92fd0743ede48fe7f1a2c6f45d594,"{""distance"":5,""physical_error_rate"":0.0005}","{""detection_events"":66,""detectors_checked"":21728}"
      4096,         0,         0,   0.032,exact_mw,cb12ae119b9b2ba18d0216e7235b403229e92fd0743ede48fe7f1a2c6f45d594,"{""distance"":5,""physical_error_rate"":0.0005}","{""detection_events"":2023,""detectors_checked"":917504}"
         4,         0,         0,   0.000,exact_mw,cb12ae119b9b2ba18d0216e7235b403229e92fd0743ede48fe7f1a2c6f45d594,"{""distance"":5,""physical_error_rate"":0.0005}","{""detectors_checked"":896}"
      2212,         0,         0,   0.011,exact_mw,cb12ae119b9b2ba18d0216e7235b403229e92fd0743ede48fe7f1a2c6f45d594,"{""distance"":5,""physical_error_rate"":0.0005}","{""detection_events"":1131,""detectors_checked"":495488}"
      8192,         0,         0,   0.096,exact_mw,cb12ae119b9b2ba18d0216e7235b403229e92fd0743ede48fe7f1a2c6f45d594,"{""distance"":5,""physical_error_rate"":0.0005}","{""detection_events"":4016,""detectors_checked"":1835008}"
        20,         0,         0,   0.000,exact_mw,cb12ae119b9b2ba18d0216e7235b403229e92fd0743ede48fe7f1a2c6f45d594,"{""distance"":5,""physical_error_rate"":0.0005}","{""detection_events"":17,""detectors_checked"":4480}"
      1455,         0,         0,   0.012,exact_mw,cb12ae119b9b2ba18d0216e7235b403229e92fd0743ede48fe7f1a2c6f45d594,"{""distance"":5,""physical_error_rate"":0.0005}","{""detection_events"":703,""detectors_checked"":325920}"
        57,         0,         0,   0.000,exact_mw,cb12ae119b9b2ba18d0216e7235b403229e92fd0743ede48fe7f1a2c6f45d594,"{""distance"":5,""physical_error_rate"":0.0005}","{""detection_events"":15,""detectors_checked"":12768}"
       252,         0,         0,   0.002,exact_mw,cb12ae119b9b2ba18d0216e7235b403229e92fd0743ede48fe7f1a2c6f45d594,"{""distance"":5,""physical_error_rate"":0.0005}","{""detection_events"":95,""detectors_checked"":56448}"
       143,         0,         0,   0.001,exact_mw,cb12ae119b9b2ba18d0216e7235b403229e92fd0743ede48fe7f1a2c6f45d594,"{""distance"":5,""physical_error_rate"":0.0005}","{""detection_events"":83,""detectors_checked"":32032}"
      1974,         0,         0,   0.011,exact_mw,cb12ae119b9b2ba18d0216e7235b403229e92fd0743ede48fe7f1a2c6f45d594,"{""distance"":5,""physical_error_rate"":0.0005}","{""detection_events"":928,""detectors_checked"":442176}"
        71,         0,         0,   0.001,exact_mw,cb12ae119b9b2ba18d0216e7235b403229e92fd0743ede48fe7f1a2c6f45d594,"{""distance"":5,""physical_error_rate"":0.0005}","{""detection_events"":38,""detectors_checked"":15904}"
      2048,         0,         0,   0.008,exact_mw,cb12ae119b9b2ba18d0216e7235b403229e92fd0743ede48fe7f1a2c6f45d594,"{""distance"":5,""physical_error_rate"":0.0005}","{""detection_events"":919,""detectors_checked"":458752}"
      2048,         0,         0,   0.010,exact_mw,cb12ae119b9b2ba18d0216e7235b403229e92fd0743ede48fe7f1a2c6f45d594,"{""distance"":5,""physical_error_rate"":0.0005}","{""detection_events"":1076,""detectors_checked"":458752}"
        57,         0,         0,   0.000,exact_mw,cb12ae119b9b2ba18d0216e7235b403229e92fd0743ede48fe7f1a2c6f45d594,"{""distance"":5,""physical_error_rate"":0.0005}","{""detection_events"":31,""detectors_checked"":12768}"
      1159,         0,         0,   0.009,exact_mw,cb12ae119b9b2ba18d0216e7235b403229e92fd0743ede48fe7f1a2c6f45d594,"{""distance"":5,""physical_error_rate"":0.0005}","{""detection_events"":560,""detectors_checked"":259616}"
       251,         0,         0,   0.002,exact_mw,cb12ae119b9b2ba18d0216e7235b403229e92fd0743ede48fe7f1a2c6f45d594,"{""distance"":5,""physical_error_rate"":0.0005}","{""detection_events"":116,""detectors_checked"":56224}"
        57,         0,         0,   0.000,exact_mw,cb12ae119b9b2ba18d0216e7235b403229e92fd0743ede48fe7f1a2c6f45d594,"{""distance"":5,""physical_error_rate"":0.0005}","{""detection_events"":30,""detectors_checked"":12768}"
      1024,         0,         0,   0.006,exact_mw,cb12ae119b9b2ba18d0216e7235b403229e92fd0743ede48fe7f1a2c6f45d594,"{""distance"":5,""physical_error_rate"":0.0005}","{""detection_events"":500,""detectors_checked"":229376}"
        11,         0,         0,   0.000,exact_mw,cb12ae119b9b2ba18d0216e7235b403229e92fd0743ede48fe7f1a2c6f45d594,"{""distance"":5,""physical_error_rate"":0.0005}","{""detection_events"":12,""detectors_checked"":2464}"
       988,         0,         0,   0.006,exact_mw,cb12ae119b9b2ba18d0216e7235b403229e92fd0743ede48fe7f1a2c6f45d594,"{""distance"":5,""physical_error_rate"":0.0005}","{""detection_events"":487,""detectors_checked"":221312}"
      1024,         0,         0,   0.006,exact_mw,cb12ae119b9b2ba18d0216e7235b403229e92fd0743ede48fe7f1a2c6f45d594,"{""distance"":5,""physical_error_rate"":0.0005}","{""detection_events"":504,""detectors_checked"":229376}"
       501,         0,         0,   0.002,exact_mw,cb12ae119b9b2ba18d0216e7235b403229e92fd0743ede48fe7f1a2c6f45d594,"{""distance"":5,""physical_error_rate"":0.0005}","{""detection_events"":237,""detectors_checked"":112224}"
       467,         0,         0,   0.002,exact_mw,cb12ae119b9b2ba18d0216e7235b403229e92fd0743ede48fe7f1a2c6f45d594,"{""distance"":5,""physical_error_rate"":0.0005}","{""detection_events"":238,""detectors_checked"":104608}"
      1011,         0,         0,   0.004,exact_mw,cb12ae119b9b2ba18d0216e7235b403229e92fd0743ede48fe7f1a2c6f45d594,"{""distance"":5,""physical_error_rate"":0.0005}","{""detection_events"":532,""detectors_checked"":226464}"
        45,         0,         0,   0.000,exact_mw,cb12ae119b9b2ba18d0216e7235b403229e92fd0743ede48fe7f1a2c6f45d594,"{""distance"":5,""physical_error_rate"":0.0005}","{""detection_events"":20,""detectors_checked"":10080}"
       842,         0,         0,   0.004,exact_mw,cb12ae119b9b2ba18d0216e7235b403229e92fd0743ede48fe7f1a2c6f45d594,"{""distance"":5,""physical_error_rate"":0.0005}","{""detection_events"":381,""detectors_checked"":188608}"
       601,         0,         0,   0.002,exact_mw,cb12ae119b9b2ba18d0216e7235b403229e92fd0743ede48fe7f1a2c6f45d594,"{""distance"":5,""physical_error_rate"":0.0005}","{""detection_events"":266,""detectors_checked"":134624}"
      1024,         0,         0,   0.005,exact_mw,cb12ae119b9b2ba18d0216e7235b403229e92fd0743ede48fe7f1a2c6f45d594,"{""distance"":5,""physical_error_rate"":0.0005}","{""detection_events"":494,""detectors_checked"":229376}"
       924,         0,         0,   0.005,exact_mw,cb12ae119b9b2ba18d0216e7235b403229e92fd0743ede48fe7f1a2c6f45d594,"{""distance"":5,""physical_error_rate"":0.0005}","{""detection_events"":420,""detectors_checked"":206976}"
         6,         0,         0,   0.000,exact_mw,cb12ae119b9b2ba18d0216e7235b403229e92fd0743ede48fe7f1a2c6f45d594,"{""distance"":5,""physical_error_rate"":0.0005}","{""detection_events"":2,""detectors_checked"":1344}"
       776,         0,         0,   0.003,exact_mw,cb12ae119b9b2ba18d0216e7235b403229e92fd0743ede48fe7f1a2c6f45d594,"{""distance"":5,""physical_error_rate"":0.0005}","{""detection_events"":359,""detectors_checked"":173824}"
        12,         0,         0,   0.000,exact_mw,cb12ae119b9b2ba18d0216e7235b403229e92fd0743ede48fe7f1a2c6f45d594,"{""distance"":5,""physical_error_rate"":0.0005}","{""detection_events"":9,""detectors_checked"":2688}"
        28,         0,         0,   0.000,exact_mw,cb12ae119b9b2ba18d0216e7235b403229e92fd0743ede48fe7f1a2c6f45d594,"{""distance"":5,""physical_error_rate"":0.0005}","{""detection_events"":11,""detectors_checked"":6272}"
       502,         0,         0,   0.002,exact_mw,cb12ae119b9b2ba18d0216e7235b403229e92fd0743ede48fe7f1a2c6f45d594,"{""distance"":5,""physical_error_rate"":0.0005}","{""detection_events"":290,""detectors_checked"":112448}"
        73,         0,         0,   0.001,exact_mw,cb12ae119b9b2ba18d0216e7235b403229e92fd0743ede48fe7f1a2c6f45d594,"{""distance"":5,""physical_error_rate"":0.0005}","{""detection_events"":42,""detectors_checked"":16352}"
       730,         0,         0,   0.003,exact_mw,cb12ae119b9b2ba18d0216e7235b403229e92fd0743ede48fe7f1a2c6f45d594,"{""distance"":5,""physical_error_rate"":0.0005}","{""detection_events"":310,""detectors_checked"":163520}"
       272,         0,         0,   0.001,exact_mw,cb12ae119b9b2ba18d0216e7235b403229e92fd0743ede48fe7f1a2c6f45d594,"{""distance"":5,""physical_error_rate"":0.0005}","{""detection_events"":133,""detectors_checked"":60928}"
        33,         0,         0,   0.000,exact_mw,cb12ae119b9b2ba18d0216e7235b403229e92fd0743ede48fe7f1a2c6f45d594,"{""distance"":5,""physical_error_rate"":0.0005}","{""detection_events"":19,""detectors_checked"":7392}"
      2048,         0,         0,   0.015,exact_mw,cb12ae119b9b2ba18d0216e7235b403229e92fd0743ede48fe7f1a2c6f45d594,"{""distance"":5,""physical_error_rate"":0.0005}","{""detection_events"":1037,""detectors_checked"":458752}"
       664,         0,         0,   0.003,exact_mw,cb12ae119b9b2ba18d0216e7235b403229e92fd0743ede48fe7f1a2c6f45d594,"{""distance"":5,""physical_error_rate"":0.0005}","{""detection_events"":297,""detectors_checked"":148736}"
       776,         0,         0,   0.004,exact_mw,cb12ae119b9b2ba18d0216e7235b403229e92fd0743ede48fe7f1a2c6f45d594,"{""distance"":5,""physical_error_rate"":0.0005}","{""detection_events"":392,""detectors_checked"":173824}"
       272,         0,         0,   0.001,exact_mw,cb12ae119b9b2ba18d0216e7235b403229e92fd0743ede48fe7f1a2c6f45d594,"{""distance"":5,""physical_error_rate"":0.0005}","{""detection_events"":103,""detectors_checked"":60928}"
      1460,         0,         0,   0.006,exact_mw,cb12ae119b9b2ba18d0216e7235b403229e92fd0743ede48fe7f1a2c6f45d594,"{""distance"":5,""physical_error_rate"":0.0005}","{""detection_events"":666,""detectors_checked"":327040}"
       151,         0,         0,   0.001,exact_mw,cb12ae119b9b2ba18d0216e7235b403229e92fd0743ede48fe7f1a2c6f45d594,"{""distance"":5,""physical_error_rate"":0.0005}","{""detection_events"":69,""detectors_checked"":33824}"
         2,         0,         0,   0.000,exact_mw,cb12ae119b9b2ba18d0216e7235b403229e92fd0743ede48fe7f1a2c6f45d594,"{""distance"":5,""physical_error_rate"":0.0005}","{""detection_events"":7,""detectors_checked"":448}"
       296,         0,         0,   0.002,exact_mw,cb12ae119b9b2ba18d0216e7235b403229e92fd0743ede48fe7f1a2c6f45d594,"{""distance"":5,""physical_error_rate"":0.0005}","{""detection_events"":120,""detectors_checked"":66304}"
        47,         0,         0,   0.000,exact_mw,cb12ae119b9b2ba18d0216e7235b403229e92fd0743ede48fe7f1a2c6f45d594,"{""distance"":5,""physical_error_rate"":0.0005}","{""detection_events"":13,""detectors_checked"":10528}"
      3072,         0,         0,   0.035,exact_mw,cb12ae119b9b2ba18d0216e7235b403229e92fd0743ede48fe7f1a2c6f45d594,"{""distance"":5,""physical_error_rate"":0.0005}","{""detection_events"":1566,""detectors_checked"":688128}"
       776,         0,         0,   0.004,exact_mw,cb12ae119b9b2ba18d0216e7235b403229e92fd0743ede48fe7f1a2c6f45d594,"{""distance"":5,""physical_error_rate"":0.0005}","{""detection_events"":401,""detectors_checked"":173824}"
       304,         0,         0,   0.001,exact_mw,cb12ae119b9b2ba18d0216e7235b403229e92fd0743ede48fe7f1a2c6f45d594,"{""distance"":5,""physical_error_rate"":0.0005}","{""detection_events"":133,""detectors_checked"":68096}"
        44,         0,         0,   0.000,exact_mw,cb12ae119b9b2ba18d0216e7235b403229e92fd0743ede48fe7f1a2c6f45d594,"{""distance"":5,""physical_error_rate"":0.0005}","{""detection_events"":40,""detectors_checked"":9856}"
       320,         0,         0,   0.003,exact_mw,cb12ae119b9b2ba18d0216e7235b403229e92fd0743ede48fe7f1a2c6f45d594,"{""distance"":5,""physical_error_rate"":0.0005}","{""detection_events"":148,""detectors_checked"":71680}"
         7,         0,         0,   0.000,exact_mw,cb12ae119b9b2ba18d0216e7235b403229e92fd0743ede48fe7f1a2c6f45d594,"{""distance"":5,""physical_error_rate"":0.0005}","{""detectors_checked"":1568}"
        46,         0,         0,   0.000,exact_mw,cb12ae119b9b2ba18d0216e7235b403229e92fd0743ede48fe7f1a2c6f45d594,"{""distance"":5,""physical_error_rate"":0.0005}","{""detection_events"":23,""detectors_checked"":10304}"
       296,         0,         0,   0.003,exact_mw,cb12ae119b9b2ba18d0216e7235b403229e92fd0743ede48fe7f1a2c6f45d594,"{""distance"":5,""physical_error_rate"":0.0005}","{""detection_events"":144,""detectors_checked"":66304}"
       273,         0,         0,   0.001,exact_mw,cb12ae119b9b2ba18d0216e7235b403229e92fd0743ede48fe7f1a2c6f45d594,"{""distance"":5,""physical_error_rate"":0.0005}","{""detection_events"":125,""detectors_checked"":61152}"
       199,         0,         0,   0.003,exact_mw,cb12ae119b9b2ba18d0216e7235b403229e92fd0743ede48fe7f1a2c6f45d594,"{""distance"":5,""physical_error_rate"":0.0005}","{""detection_events"":143,""detectors_checked"":44576}"
         8,         0,         0,   0.000,exact_mw,cb12ae119b9b2ba18d0216e7235b403229e92fd0743ede48fe7f1a2c6f45d594,"{""distance"":5,""physical_error_rate"":0.0005}","{""detection_events"":9,""detectors_checked"":1792}"
       220,         0,         0,   0.002,exact_mw,cb12ae119b9b2ba18d0216e7235b403229e92fd0743ede48fe7f1a2c6f45d594,"{""distance"":5,""physical_error_rate"":0.0005}","{""detection_events"":130,""detectors_checked"":49280}"
         3,         0,         0,   0.000,exact_mw,cb12ae119b9b2ba18d0216e7235b403229e92fd0743ede48fe7f1a2c6f45d594,"{""distance"":5,""physical_error_rate"":0.0005}","{""detectors_checked"":672}"
       139,         0,         0,   0.001,exact_mw,cb12ae119b9b2ba18d0216e7235b403229e92fd0743ede48fe7f1a2c6f45d594,"{""distance"":5,""physical_error_rate"":0.0005}","{""detection_events"":57,""detectors_checked"":31136}"
         1,         0,         0,   0.000,exact_mw,cb12ae119b9b2ba18d0216e7235b403229e92fd0743ede48fe7f1a2c6f45d594,"{""distance"":5,""physical_error_rate"":0.0005}","{""detectors_checked"":224}"
        32,         0,         0,   0.000,exact_mw,cb12ae119b9b2ba18d0216e7235b403229e92fd0743ede48fe7f1a2c6f45d594,"{""distance"":5,""physical_error_rate"":0.0005}","{""detection_events"":8,""detectors_checked"":7168}"
         5,         0,         0,   0.000,exact_mw,cb12ae119b9b2ba18d0216e7235b403229e92fd0743ede48fe7f1a2c6f45d594,"{""distance"":5,""physical_error_rate"":0.0005}","{""detectors_checked"":1120}"
        16,         0,         0,   0.000,exact_mw,cb12ae119b9b2ba18d0216e7235b403229e92fd0743ede48fe7f1a2c6f45d594,"{""distance"":5,""physical_error_rate"":0.0005}","{""detection_events"":5,""detectors_checked"":3584}"
        32,         0,         0,   0.000,exact_mw,cb12ae119b9b2ba18d0216e7235b403229e92fd0743ede48fe7f1a2c6f45d594,"{""distance"":5,""physical_error_rate"":0.0005}","{""detection_events"":14,""detectors_checked"":7168}"
         5,         0,         0,   0.000,exact_mw,cb12ae119b9b2ba18d0216e7235b403229e92fd0743ede48fe7f1a2c6f45d594,"{""distance"":5,""physical_error_rate"":0.0005}","{""detection_events"":2,""detectors_checked"":1120}"
        21,         0,         0,   0.000,exact_mw,cb12ae119b9b2ba18d0216e7235b403229e92fd0743ede48fe7f1a2c6f45d594,"{""distance"":5,""physical_error_rate"":0.0005}","{""detection_events"":11,""detectors_checked"":4704}"
         2,         0,         0,   0.000,exact_mw,cb12ae119b9b2ba18d0216e7235b403229e92fd0743ede48fe7f1a2c6f45d594,"{""distance"":5,""physical_error_rate"":0.0005}","{""detection_events"":2,""detectors_checked"":448}"
         9,         0,         0,   0.000,exact_mw,cb12ae119b9b2ba18d0216e7235b403229e92fd0743ede48fe7f1a2c6f45d594,"{""distance"":5,""physical_error_rate"":0.0005}","{""detectors_checked"":2016}"
        12,         0,         0,   0.000,exact_mw,cb12ae119b9b2ba18d0216e7235b403229e92fd0743ede48fe7f1a2c6f45d594,"{""distance"":5,""physical_error_rate"":0.0005}","{""detection_events"":10,""detectors_checked"":2688}"
         1,         0,         0,   0.000,exact_mw,cb12ae119b9b2ba18d0216e7235b403229e92fd0743ede48fe7f1a2c6f45d594,"{""distance"":5,""physical_error_rate"":0.0005}","{""detectors_checked"":224}"
         5,         0,         0,   0.000,exact_mw,cb12ae119b9b2ba18d0216e7235b403229e92fd0743ede48fe7f1a2c6f45d594,"{""distance"":5,""physical_error_rate"":0.0005}","{""detection_events"":2,""detectors_checked"":1120}"
         1,         0,         0,   0.000,exact_mw,cb12ae119b9b2ba18d0216e7235b403229e92fd0743ede48fe7f1a2c6f45d594,"{""distance"":5,""physical_error_rate"":0.0005}","{""detectors_checked"":224}"
         1,         0,         0,   0.000,exact_mw,cb12ae119b9b2ba18d0216e7235b403229e92fd0743ede48fe7f1a2c6f45d594,"{""distance"":5,""physical_error_rate"":0.0005}","{""detectors_checked"":224}"
         2,         0,         0,   0.000,exact_mw,cb12ae119b9b2ba18d0216e7235b403229e92fd0743ede48fe7f1a2c6f45d594,"{""distance"":5,""physical_error_rate"":0.0005}","{""detectors_checked"":448}"
         2,         0,         0,   0.000,exact_mw,cb12ae119b9b2ba18d0216e7235b403229e92fd0743ede48fe7f1a2c6f45d594,"{""distance"":5,""physical_error_rate"":0.0005}","{""detectors_checked"":448}"
         2,         0,         0,   0.000,exact_mw,cb12ae119b9b2ba18d0216e7235b403229e92fd0743ede48fe7f1a2c6f45d594,"{""distance"":5,""physical_error_rate"":0.0005}","{""detectors_checked"":448}"
         1,         0,         0,   0.000,exact_mw,cb12ae119b9b2ba18d0216e7235b403229e92fd0743ede48fe7f1a2c6f45d594,"{""distance"":5,""physical_error_rate"":0.0005}","{""detection_events"":3,""detectors_checked"":224}"
         2,         0,         0,   0.000,exact_mw,cb12ae119b9b2ba18d0216e7235b403229e92fd0743ede48fe7f1a2c6f45d594,"{""distance"":5,""physical_error_rate"":0.0005}","{""detectors_checked"":448}"
         2,         0,         0,   0.000,exact_mw,cb12ae119b9b2ba18d0216e7235b403229e92fd0743ede48fe7f1a2c6f45d594,"{""distance"":5,""physical_error_rate"":0.0005}","{""detection_events"":2,""detectors_checked"":448}"
         1,         0,         0,   0.000,exact_mw,cb12ae119b9b2ba18d0216e7235b403229e92fd0743ede48fe7f1a2c6f45d594,"{""distance"":5,""physical_error_rate"":0.0005}","{""detection_events"":1,""detectors_checked"":224}"
         1,         0,         0,   0.000,exact_mw,cb12ae119b9b2ba18d0216e7235b403229e92fd0743ede48fe7f1a2c6f45d594,"{""distance"":5,""physical_error_rate"":0.0005}","{""detectors_checked"":224}"
         1,         0,         0,   0.000,exact_mw,cb12ae119b9b2ba18d0216e7235b403229e92fd0743ede48fe7f1a2c6f45d594,"{""distance"":5,""physical_error_rate"":0.0005}","{""detectors_checked"":224}"
         1,         0,         0,   0.000,exact_mw,cb12ae119b9b2ba18d0216e7235b403229e92fd0743ede48fe7f1a2c6f45d594,"{""distance"":5,""physical_error_rate"":0.0005}","{""detectors_checked"":224}"
         1,         0,         0,   0.000,exact_mw,cb12ae119b9b2ba18d0216e7235b403229e92fd0743ede48fe7f1a2c6f45d594,"{""distance"":5,""physical_error_rate"":0.0005}","{""detectors_checked"":224}"
         1,         0,         0,   0.000,exact_mw,cb12ae119b9b2ba18d0216e7235b403229e92fd0743ede48fe7f1a2c6f45d594,"{""distance"":5,""physical_error_rate"":0.0005}","{""detectors_checked"":224}"
         1,         0,         0,   0.000,exact_mw,cb12ae119b9b2ba18d0216e7235b403229e92fd0743ede48fe7f1a2c6f45d594,"{""distance"":5,""physical_error_rate"":0.0005}","{""detectors_checked"":224}"
         1,         0,         0,   0.000,exact_mw,cb12ae119b9b2ba18d0216e7235b403229e92fd0743ede48fe7f1a2c6f45d594,"{""distance"":5,""physical_error_rate"":0.0005}","{""detectors_checked"":224}"
         1,         0,         0,   0.000,exact_mw,cb12ae119b9b2ba18d0216e7235b403229e92fd0743ede48fe7f1a2c6f45d594,"{""distance"":5,""physical_error_rate"":0.0005}","{""detectors_checked"":224}"
         1,         0,         0,   0.000,exact_mw,cb12ae119b9b2ba18d0216e7235b403229e92fd0743ede48fe7f1a2c6f45d594,"{""distance"":5,""physical_error_rate"":0.0005}","{""detectors_checked"":224}"
         1,         0,         0,   0.000,exact_mw,cb12ae119b9b2ba18d0216e7235b403229e92fd0743ede48fe7f1a2c6f45d594,"{""distance"":5,""physical_error_rate"":0.0005}","{""detectors_checked"":224}"
         1,         0,         0,   0.000,exact_mw,cb12ae119b9b2ba18d0216e7235b403229e92fd0743ede48fe7f1a2c6f45d594,"{""distance"":5,""physical_error_rate"":0.0005}","{""detectors_checked"":224}"
         1,         0,         0,   0.000,exact_mw,cb12ae119b9b2ba18d0216e7235b403229e92fd0743ede48fe7f1a2c6f45d594,"{""distance"":5,""physical_error_rate"":0.0005}","{""detectors_checked"":224}"
         1,         0,         0,   0.000,exact_mw,cb12ae119b9b2ba18d0216e7235b403229e92fd0743ede48fe7f1a2c6f45d594,"{""distance"":5,""physical_error_rate"":0.0005}","{""detectors_checked"":224}"
         1,         0,         0,   0.000,exact_mw,cb12ae119b9b2ba18d0216e7235b403229e92fd0743ede48fe7f1a2c6f45d594,"{""distance"":5,""physical_error_rate"":0.0005}","{""detection_events"":4,""detectors_checked"":224}"
