     shots,    errors,  discards, seconds,decoder,strong_id,json_metadata,custom_counts
         1,         0,         0,   0.030,decoder_by_matrix,9c6baee88fc81e7d1aa345fcb3feec7ee81f21c5d49cb6ca037118097d89e180,"{""distance"":5,""physical_error_rate"":5e-05}","{""detectors_checked"":170}"
        16,         0,         0,   0.023,decoder_by_matrix,9c6baee88fc81e7d1aa345fcb3feec7ee81f21c5d49cb6ca037118097d89e180,"{""distance"":5,""physical_error_rate"":5e-05}","{""detectors_checked"":2720}"
       256,         0,         0,   0.024,decoder_by_matrix,9c6baee88fc81e7d1aa345fcb3feec7ee81f21c5d49cb6ca037118097d89e180,"{""distance"":5,""physical_error_rate"":5e-05}","{""detectors_checked"":43520}"
      1024,         0,         0,   0.028,decoder_by_matrix,9c6baee88fc81e7d1aa345fcb3feec7ee81f21c5d49cb6ca037118097d89e180,"{""distance"":5,""physical_error_rate"":5e-05}","{""detection_events"":10,""detectors_checked"":174080}"
      2048,         0,         0,   0.053,decoder_by_matrix,9c6baee88fc81e7d1aa345fcb3feec7ee81f21c5d49cb6ca037118097d89e180,"{""distance"":5,""physical_error_rate"":5e-05}","{""detection_events"":80,""detectors_checked"":348160}"
         1,         0,         0,   0.054,decoder_by_matrix,066a5d8d46981b593c3dec855f441edbe9e755a8873183448f69d036a2ecc650,"{""distance"":5,""physical_error_rate"":0.001}","{""detectors_checked"":170}"
         8,         0,         0,   0.024,decoder_by_matrix,066a5d8d46981b593c3dec855f441edbe9e755a8873183448f69d036a2ecc650,"{""distance"":5,""physical_error_rate"":0.001}","{""detectors_checked"":1360}"
      2048,         0,         0,   0.058,decoder_by_matrix,9c6baee88fc81e7d1aa345fcb3feec7ee81f21c5d49cb6ca037118097d89e180,"{""distance"":5,""physical_error_rate"":5e-05}","{""detection_events"":105,""detectors_checked"":348160}"
       128,         0,         0,   0.025,decoder_by_matrix,066a5d8d46981b593c3dec855f441edbe9e755a8873183448f69d036a2ecc650,"{""distance"":5,""physical_error_rate"":0.001}","{""detection_events"":70,""detectors_checked"":21760}"
      1024,         0,         0,   0.027,decoder_by_matrix,066a5d8d46981b593c3dec855f441edbe9e755a8873183448f69d036a2ecc650,"{""distance"":5,""physical_error_rate"":0.001}","{""detection_events"":530,""detectors_checked"":174080}"
      3072,         0,         0,   0.087,decoder_by_matrix,9c6baee88fc81e7d1aa345fcb3feec7ee81f21c5d49cb6ca037118097d89e180,"{""distance"":5,""physical_error_rate"":5e-05}","{""detection_events"":35,""detectors_checked"":522240}"
      2048,         0,         0,   0.056,decoder_by_matrix,066a5d8d46981b593c3dec855f441edbe9e755a8873183448f69d036a2ecc650,"{""distance"":5,""physical_error_rate"":0.001}","{""detection_events"":965,""detectors_checked"":348160}"
         1,         0,         0,   0.044,decoder_by_matrix,3c866087b289edc25e9adea730044a15db18cabfd3ae2507fc844d5b4e03657a,"{""distance"":5,""physical_error_rate"":5e-06}","{""detectors_checked"":170}"
         1,         0,         0,   0.058,decoder_by_matrix,b84cf4b8ca220d31f17e1e2ea9ab927bbc4176b15682c650e7d1dd8f2758172b,"{""distance"":5,""physical_error_rate"":0.0005}","{""detectors_checked"":170}"
         8,         0,         0,   0.024,decoder_by_matrix,3c866087b289edc25e9adea730044a15db18cabfd3ae2507fc844d5b4e03657a,"{""distance"":5,""physical_error_rate"":5e-06}","{""detectors_checked"":1360}"
       128,         0,         0,   0.024,decoder_by_matrix,3c866087b289edc25e9adea730044a15db18cabfd3ae2507fc844d5b4e03657a,"{""distance"":5,""physical_error_rate"":5e-06}","{""detectors_checked"":21760}"
      2048,         0,         0,   0.074,decoder_by_matrix,066a5d8d46981b593c3dec855f441edbe9e755a8873183448f69d036a2ecc650,"{""distance"":5,""physical_error_rate"":0.001}","{""detection_events"":970,""detectors_checked"":348160}"
      4096,         0,         0,   0.112,decoder_by_matrix,9c6baee88fc81e7d1aa345fcb3feec7ee81f21c5d49cb6ca037118097d89e180,"{""distance"":5,""physical_error_rate"":5e-05}","{""detection_events"":100,""detectors_checked"":696320}"
         8,         0,         0,   0.067,decoder_by_matrix,b84cf4b8ca220d31f17e1e2ea9ab927bbc4176b15682c650e7d1dd8f2758172b,"{""distance"":5,""physical_error_rate"":0.0005}","{""detectors_checked"":1360}"
      2048,         0,         0,   0.051,decoder_by_matrix,3c866087b289edc25e9adea730044a15db18cabfd3ae2507fc844d5b4e03657a,"{""distance"":5,""physical_error_rate"":5e-06}","{""detectors_checked"":348160}"
        64,         0,         0,   0.052,decoder_by_matrix,b84cf4b8ca220d31f17e1e2ea9ab927bbc4176b15682c650e7d1dd8f2758172b,"{""distance"":5,""physical_error_rate"":0.0005}","{""detectors_checked"":10880}"
         1,         0,         0,   0.048,decoder_by_matrix,066a5d8d46981b593c3dec855f441edbe9e755a8873183448f69d036a2ecc650,"{""distance"":5,""physical_error_rate"":0.001}","{""detectors_checked"":170}"
      2048,         0,         0,   0.067,decoder_by_matrix,3c866087b289edc25e9adea730044a15db18cabfd3ae2507fc844d5b4e03657a,"{""distance"":5,""physical_error_rate"":5e-06}","{""detectors_checked"":348160}"
      3072,         0,         0,   0.107,decoder_by_matrix,066a5d8d46981b593c3dec855f441edbe9e755a8873183448f69d036a2ecc650,"{""distance"":5,""physical_error_rate"":0.001}","{""detection_events"":1715,""detectors_checked"":522240}"
         8,         0,         0,   0.030,decoder_by_matrix,066a5d8d46981b593c3dec855f441edbe9e755a8873183448f69d036a2ecc650,"{""distance"":5,""physical_error_rate"":0.001}","{""detectors_checked"":1360}"
       512,         0,         0,   0.058,decoder_by_matrix,b84cf4b8ca220d31f17e1e2ea9ab927bbc4176b15682c650e7d1dd8f2758172b,"{""distance"":5,""physical_error_rate"":0.0005}","{""detection_events"":210,""detectors_checked"":87040}"
         1,         0,         0,   0.070,decoder_by_matrix,926aad2e192fb73fc0ac724cdb1e19af2dfa1e49635753b9cefb82507b443f08,"{""distance"":5,""physical_error_rate"":0.005}","{""detection_events"":10,""detectors_checked"":170}"
       128,         0,         0,   0.033,decoder_by_matrix,066a5d8d46981b593c3dec855f441edbe9e755a8873183448f69d036a2ecc650,"{""distance"":5,""physical_error_rate"":0.001}","{""detection_events"":90,""detectors_checked"":21760}"
      4096,         0,         0,   0.149,decoder_by_matrix,9c6baee88fc81e7d1aa345fcb3feec7ee81f21c5d49cb6ca037118097d89e180,"{""distance"":5,""physical_error_rate"":5e-05}","{""detection_events"":65,""detectors_checked"":696320}"
      1024,         0,         0,   0.044,decoder_by_matrix,b84cf4b8ca220d31f17e1e2ea9ab927bbc4176b15682c650e7d1dd8f2758172b,"{""distance"":5,""physical_error_rate"":0.0005}","{""detection_events"":110,""detectors_checked"":174080}"
      1024,         0,         0,   0.034,decoder_by_matrix,066a5d8d46981b593c3dec855f441edbe9e755a8873183448f69d036a2ecc650,"{""distance"":5,""physical_error_rate"":0.001}","{""detection_events"":435,""detectors_checked"":174080}"
      2048,         0,         0,   0.080,decoder_by_matrix,3c866087b289edc25e9adea730044a15db18cabfd3ae2507fc844d5b4e03657a,"{""distance"":5,""physical_error_rate"":5e-06}","{""detectors_checked"":348160}"
         8,         0,         0,   0.058,decoder_by_matrix,926aad2e192fb73fc0ac724cdb1e19af2dfa1e49635753b9cefb82507b443f08,"{""distance"":5,""physical_error_rate"":0.005}","{""detection_events"":30,""detectors_checked"":1360}"
      3072,         0,         0,   0.106,decoder_by_matrix,066a5d8d46981b593c3dec855f441edbe9e755a8873183448f69d036a2ecc650,"{""distance"":5,""physical_error_rate"":0.001}","{""detection_events"":1725,""detectors_checked"":522240}"
      2048,         0,         0,   0.063,decoder_by_matrix,b84cf4b8ca220d31f17e1e2ea9ab927bbc4176b15682c650e7d1dd8f2758172b,"{""distance"":5,""physical_error_rate"":0.0005}","{""detection_events"":405,""detectors_checked"":348160}"
        64,         0,         0,   0.047,decoder_by_matrix,926aad2e192fb73fc0ac724cdb1e19af2dfa1e49635753b9cefb82507b443f08,"{""distance"":5,""physical_error_rate"":0.005}","{""detection_events"":170,""detectors_checked"":10880}"
         1,         0,         0,   0.041,decoder_by_matrix,e41ade2e4684e0396b9a3890c882b6453b515d69885aa1d89a26ce21ec554895,"{""distance"":5,""physical_error_rate"":1e-06}","{""detectors_checked"":170}"
      2048,         0,         0,   0.069,decoder_by_matrix,066a5d8d46981b593c3dec855f441edbe9e755a8873183448f69d036a2ecc650,"{""distance"":5,""physical_error_rate"":0.001}","{""detection_events"":1440,""detectors_checked"":348160}"
         1,         0,         0,   0.050,decoder_by_matrix,90a4071835a8081462c190a19e797ba514a4700a252abbae3adc59eefd5a11d7,"{""distance"":5,""physical_error_rate"":0.01}","{""detectors_checked"":170}"
         1,         0,         0,   0.032,decoder_by_matrix,0421d486f8a041838688df650e87c0a19c3450ab7a7cc8b3dc589ebff86d1c74,"{""distance"":5,""physical_error_rate"":0.0001}","{""detectors_checked"":170}"
       512,         0,         0,   0.032,decoder_by_matrix,926aad2e192fb73fc0ac724cdb1e19af2dfa1e49635753b9cefb82507b443f08,"{""distance"":5,""physical_error_rate"":0.005}","{""detection_events"":1725,""detectors_checked"":87040}"
         8,         0,         0,   0.033,decoder_by_matrix,e41ade2e4684e0396b9a3890c882b6453b515d69885aa1d89a26ce21ec554895,"{""distance"":5,""physical_error_rate"":1e-06}","{""detectors_checked"":1360}"
      3072,         0,         0,   0.107,decoder_by_matrix,3c866087b289edc25e9adea730044a15db18cabfd3ae2507fc844d5b4e03657a,"{""distance"":5,""physical_error_rate"":5e-06}","{""detectors_checked"":522240}"
         1,         0,         0,   0.079,decoder_by_matrix,b84cf4b8ca220d31f17e1e2ea9ab927bbc4176b15682c650e7d1dd8f2758172b,"{""distance"":5,""physical_error_rate"":0.0005}","{""detectors_checked"":170}"
        16,         0,         0,   0.031,decoder_by_matrix,0421d486f8a041838688df650e87c0a19c3450ab7a7cc8b3dc589ebff86d1c74,"{""distance"":5,""physical_error_rate"":0.0001}","{""detection_events"":5,""detectors_checked"":2720}"
         8,         0,         0,   0.036,decoder_by_matrix,90a4071835a8081462c190a19e797ba514a4700a252abbae3adc59eefd5a11d7,"{""distance"":5,""physical_error_rate"":0.01}","{""detectors_checked"":1360}"
       128,         0,         0,   0.033,decoder_by_matrix,e41ade2e4684e0396b9a3890c882b6453b515d69885aa1d89a26ce21ec554895,"{""distance"":5,""physical_error_rate"":1e-06}","{""detectors_checked"":21760}"
      1024,         0,         0,   0.039,decoder_by_matrix,926aad2e192fb73fc0ac724cdb1e19af2dfa1e49635753b9cefb82507b443f08,"{""distance"":5,""physical_error_rate"":0.005}","{""detection_events"":3400,""detectors_checked"":174080}"
         4,         0,         0,   0.033,decoder_by_matrix,b84cf4b8ca220d31f17e1e2ea9ab927bbc4176b15682c650e7d1dd8f2758172b,"{""distance"":5,""physical_error_rate"":0.0005}","{""detectors_checked"":680}"
      2048,         0,         0,   0.077,decoder_by_matrix,066a5d8d46981b593c3dec855f441edbe9e755a8873183448f69d036a2ecc650,"{""distance"":5,""physical_error_rate"":0.001}","{""detection_events"":970,""detectors_checked"":348160}"
      2048,         0,         0,   0.089,decoder_by_matrix,b84cf4b8ca220d31f17e1e2ea9ab927bbc4176b15682c650e7d1dd8f2758172b,"{""distance"":5,""physical_error_rate"":0.0005}","{""detection_events"":520,""detectors_checked"":348160}"
       256,         0,         0,   0.031,decoder_by_matrix,0421d486f8a041838688df650e87c0a19c3450ab7a7cc8b3dc589ebff86d1c74,"{""distance"":5,""physical_error_rate"":0.0001}","{""detection_events"":20,""detectors_checked"":43520}"
       128,         2,         0,   0.039,decoder_by_matrix,90a4071835a8081462c190a19e797ba514a4700a252abbae3adc59eefd5a11d7,"{""distance"":5,""physical_error_rate"":0.01}","{""detection_events"":725,""detectors_checked"":21760,""obs_mistake_mask=_EEE"":1,""obs_mistake_mask=_E__"":1}"
      1024,         0,         0,   0.032,decoder_by_matrix,e41ade2e4684e0396b9a3890c882b6453b515d69885aa1d89a26ce21ec554895,"{""distance"":5,""physical_error_rate"":1e-06}","{""detectors_checked"":174080}"
         1,         0,         0,   0.038,decoder_by_matrix,fa5edda0c1038186c8afbec49b0215a0b852396cdb50783a3f937fdf51d2afac,"{""distance"":5,""physical_error_rate"":1e-05}","{""detectors_checked"":170}"
        64,         0,         0,   0.030,decoder_by_matrix,b84cf4b8ca220d31f17e1e2ea9ab927bbc4176b15682c650e7d1dd8f2758172b,"{""distance"":5,""physical_error_rate"":0.0005}","{""detectors_checked"":10880}"
      1024,         0,         0,   0.033,decoder_by_matrix,0421d486f8a041838688df650e87c0a19c3450ab7a7cc8b3dc589ebff86d1c74,"{""distance"":5,""physical_error_rate"":0.0001}","{""detection_events"":30,""detectors_checked"":174080}"
      4096,         0,         0,   0.154,decoder_by_matrix,066a5d8d46981b593c3dec855f441edbe9e755a8873183448f69d036a2ecc650,"{""distance"":5,""physical_error_rate"":0.001}","{""detection_events"":2100,""detectors_checked"":696320}"
         8,         0,         0,   0.033,decoder_by_matrix,fa5edda0c1038186c8afbec49b0215a0b852396cdb50783a3f937fdf51d2afac,"{""distance"":5,""physical_error_rate"":1e-05}","{""detectors_checked"":1360}"
      1024,         0,         0,   0.042,decoder_by_matrix,90a4071835a8081462c190a19e797ba514a4700a252abbae3adc59eefd5a11d7,"{""distance"":5,""physical_error_rate"":0.01}","{""detection_events"":5840,""detectors_checked"":174080}"
      1024,         0,         0,   0.037,decoder_by_matrix,b84cf4b8ca220d31f17e1e2ea9ab927bbc4176b15682c650e7d1dd8f2758172b,"{""distance"":5,""physical_error_rate"":0.0005}","{""detection_events"":175,""detectors_checked"":174080}"
      2048,         1,         0,   0.077,decoder_by_matrix,926aad2e192fb73fc0ac724cdb1e19af2dfa1e49635753b9cefb82507b443f08,"{""distance"":5,""physical_error_rate"":0.005}","{""detection_events"":5820,""detectors_checked"":348160,""obs_mistake_mask=_EEE"":1}"
      6144,         0,         0,   0.225,decoder_by_matrix,9c6baee88fc81e7d1aa345fcb3feec7ee81f21c5d49cb6ca037118097d89e180,"{""distance"":5,""physical_error_rate"":5e-05}","{""detection_events"":95,""detectors_checked"":1044480}"
      2048,         0,         0,   0.080,decoder_by_matrix,066a5d8d46981b593c3dec855f441edbe9e755a8873183448f69d036a2ecc650,"{""distance"":5,""physical_error_rate"":0.001}","{""detection_events"":1000,""detectors_checked"":348160}"
      2048,         0,         0,   0.072,decoder_by_matrix,e41ade2e4684e0396b9a3890c882b6453b515d69885aa1d89a26ce21ec554895,"{""distance"":5,""physical_error_rate"":1e-06}","{""detectors_checked"":348160}"
       128,         0,         0,   0.039,decoder_by_matrix,fa5edda0c1038186c8afbec49b0215a0b852396cdb50783a3f937fdf51d2afac,"{""distance"":5,""physical_error_rate"":1e-05}","{""detectors_checked"":21760}"
      1024,         0,         0,   0.042,decoder_by_matrix,90a4071835a8081462c190a19e797ba514a4700a252abbae3adc59eefd5a11d7,"{""distance"":5,""physical_error_rate"":0.01}","{""detection_events"":5685,""detectors_checked"":174080}"
      4096,         0,         0,   0.138,decoder_by_matrix,3c866087b289edc25e9adea730044a15db18cabfd3ae2507fc844d5b4e03657a,"{""distance"":5,""physical_error_rate"":5e-06}","{""detectors_checked"":696320}"
      2048,         0,         0,   0.065,decoder_by_matrix,0421d486f8a041838688df650e87c0a19c3450ab7a7cc8b3dc589ebff86d1c74,"{""distance"":5,""physical_error_rate"":0.0001}","{""detection_events"":70,""detectors_checked"":348160}"
         1,         0,         0,   0.031,decoder_by_matrix,9c6baee88fc81e7d1aa345fcb3feec7ee81f21c5d49cb6ca037118097d89e180,"{""distance"":5,""physical_error_rate"":5e-05}","{""detectors_checked"":170}"
      1024,         0,         0,   0.041,decoder_by_matrix,b84cf4b8ca220d31f17e1e2ea9ab927bbc4176b15682c650e7d1dd8f2758172b,"{""distance"":5,""physical_error_rate"":0.0005}","{""detection_events"":300,""detectors_checked"":174080}"
        16,         0,         0,   0.026,decoder_by_matrix,9c6baee88fc81e7d1aa345fcb3feec7ee81f21c5d49cb6ca037118097d89e180,"{""distance"":5,""physical_error_rate"":5e-05}","{""detectors_checked"":2720}"
      2048,         0,         0,   0.131,decoder_by_matrix,b84cf4b8ca220d31f17e1e2ea9ab927bbc4176b15682c650e7d1dd8f2758172b,"{""distance"":5,""physical_error_rate"":0.0005}","{""detection_events"":705,""detectors_checked"":348160}"
      1024,         0,         0,   0.042,decoder_by_matrix,fa5edda0c1038186c8afbec49b0215a0b852396cdb50783a3f937fdf51d2afac,"{""distance"":5,""physical_error_rate"":1e-05}","{""detection_events"":5,""detectors_checked"":174080}"
       256,         0,         0,   0.028,decoder_by_matrix,9c6baee88fc81e7d1aa345fcb3feec7ee81f21c5d49cb6ca037118097d89e180,"{""distance"":5,""physical_error_rate"":5e-05}","{""detection_events"":10,""detectors_checked"":43520}"
         1,         0,         0,   0.059,decoder_by_matrix,926aad2e192fb73fc0ac724cdb1e19af2dfa1e49635753b9cefb82507b443f08,"{""distance"":5,""physical_error_rate"":0.005}","{""detectors_checked"":170}"
      2048,         0,         0,   0.058,decoder_by_matrix,0421d486f8a041838688df650e87c0a19c3450ab7a7cc8b3dc589ebff86d1c74,"{""distance"":5,""physical_error_rate"":0.0001}","{""detection_events"":45,""detectors_checked"":348160}"
      2048,         0,         0,   0.078,decoder_by_matrix,e41ade2e4684e0396b9a3890c882b6453b515d69885aa1d89a26ce21ec554895,"{""distance"":5,""physical_error_rate"":1e-06}","{""detectors_checked"":348160}"
         1,         0,         0,   0.038,decoder_by_matrix,90a4071835a8081462c190a19e797ba514a4700a252abbae3adc59eefd5a11d7,"{""distance"":5,""physical_error_rate"":0.01}","{""detectors_checked"":170}"
      2048,         2,         0,   0.077,decoder_by_matrix,90a4071835a8081462c190a19e797ba514a4700a252abbae3adc59eefd5a11d7,"{""distance"":5,""physical_error_rate"":0.01}","{""detection_events"":11125,""detectors_checked"":348160,""obs_mistake_mask=_E_E"":1,""obs_mistake_mask=__E_"":1}"
      1024,         0,         0,   0.042,decoder_by_matrix,fa5edda0c1038186c8afbec49b0215a0b852396cdb50783a3f937fdf51d2afac,"{""distance"":5,""physical_error_rate"":1e-05}","{""detection_events"":15,""detectors_checked"":174080}"
      3072,         0,         0,   0.111,decoder_by_matrix,926aad2e192fb73fc0ac724cdb1e19af2dfa1e49635753b9cefb82507b443f08,"{""distance"":5,""physical_error_rate"":0.005}","{""detection_events"":8345,""detectors_checked"":522240}"
      2048,         0,         0,   0.082,decoder_by_matrix,b84cf4b8ca220d31f17e1e2ea9ab927bbc4176b15682c650e7d1dd8f2758172b,"{""distance"":5,""physical_error_rate"":0.0005}","{""detection_events"":585,""detectors_checked"":348160}"
      1024,         0,         0,   0.031,decoder_by_matrix,9c6baee88fc81e7d1aa345fcb3feec7ee81f21c5d49cb6ca037118097d89e180,"{""distance"":5,""physical_error_rate"":5e-05}","{""detection_events"":45,""detectors_checked"":174080}"
         8,         0,         0,   0.034,decoder_by_matrix,926aad2e192fb73fc0ac724cdb1e19af2dfa1e49635753b9cefb82507b443f08,"{""distance"":5,""physical_error_rate"":0.005}","{""detection_events"":90,""detectors_checked"":1360}"
      3072,         0,         0,   0.111,decoder_by_matrix,066a5d8d46981b593c3dec855f441edbe9e755a8873183448f69d036a2ecc650,"{""distance"":5,""physical_error_rate"":0.001}","{""detection_events"":1495,""detectors_checked"":522240}"
         8,         0,         0,   0.033,decoder_by_matrix,90a4071835a8081462c190a19e797ba514a4700a252abbae3adc59eefd5a11d7,"{""distance"":5,""physical_error_rate"":0.01}","{""detection_events"":20,""detectors_checked"":1360}"
       128,         0,         0,   0.034,decoder_by_matrix,926aad2e192fb73fc0ac724cdb1e19af2dfa1e49635753b9cefb82507b443f08,"{""distance"":5,""physical_error_rate"":0.005}","{""detection_events"":205,""detectors_checked"":21760}"
       128,         0,         0,   0.034,decoder_by_matrix,90a4071835a8081462c190a19e797ba514a4700a252abbae3adc59eefd5a11d7,"{""distance"":5,""physical_error_rate"":0.01}","{""detection_events"":740,""detectors_checked"":21760}"
      4096,         0,         0,   0.147,decoder_by_matrix,3c866087b289edc25e9adea730044a15db18cabfd3ae2507fc844d5b4e03657a,"{""distance"":5,""physical_error_rate"":5e-06}","{""detection_events"":20,""detectors_checked"":696320}"
      2048,         0,         0,   0.060,decoder_by_matrix,9c6baee88fc81e7d1aa345fcb3feec7ee81f21c5d49cb6ca037118097d89e180,"{""distance"":5,""physical_error_rate"":5e-05}","{""detection_events"":30,""detectors_checked"":348160}"
      2048,         0,         0,   0.071,decoder_by_matrix,fa5edda0c1038186c8afbec49b0215a0b852396cdb50783a3f937fdf51d2afac,"{""distance"":5,""physical_error_rate"":1e-05}","{""detectors_checked"":348160}"
      2048,         5,         0,   0.075,decoder_by_matrix,90a4071835a8081462c190a19e797ba514a4700a252abbae3adc59eefd5a11d7,"{""distance"":5,""physical_error_rate"":0.01}","{""detection_events"":10815,""detectors_checked"":348160,""obs_mistake_mask=_EEE"":1,""obs_mistake_mask=_EE_"":1,""obs_mistake_mask=_E__"":1,""obs_mistake_mask=__E_"":2}"
      3072,         0,         0,   0.091,decoder_by_matrix,0421d486f8a041838688df650e87c0a19c3450ab7a7cc8b3dc589ebff86d1c74,"{""distance"":5,""physical_error_rate"":0.0001}","{""detection_events"":235,""detectors_checked"":522240}"
      1024,         1,         0,   0.033,decoder_by_matrix,926aad2e192fb73fc0ac724cdb1e19af2dfa1e49635753b9cefb82507b443f08,"{""distance"":5,""physical_error_rate"":0.005}","{""detection_events"":2935,""detectors_checked"":174080,""obs_mistake_mask=E_E_"":1}"
         1,         0,         0,   0.075,decoder_by_matrix,0421d486f8a041838688df650e87c0a19c3450ab7a7cc8b3dc589ebff86d1c74,"{""distance"":5,""physical_error_rate"":0.0001}","{""detectors_checked"":170}"
      3072,         0,         0,   0.103,decoder_by_matrix,e41ade2e4684e0396b9a3890c882b6453b515d69885aa1d89a26ce21ec554895,"{""distance"":5,""physical_error_rate"":1e-06}","{""detectors_checked"":522240}"
      1024,         0,         0,   0.033,decoder_by_matrix,90a4071835a8081462c190a19e797ba514a4700a252abbae3adc59eefd5a11d7,"{""distance"":5,""physical_error_rate"":0.01}","{""detection_events"":5860,""detectors_checked"":174080}"
      3072,         0,         0,   0.105,decoder_by_matrix,b84cf4b8ca220d31f17e1e2ea9ab927bbc4176b15682c650e7d1dd8f2758172b,"{""distance"":5,""physical_error_rate"":0.0005}","{""detection_events"":805,""detectors_checked"":522240}"
      6144,         0,         0,   0.263,decoder_by_matrix,066a5d8d46981b593c3dec855f441edbe9e755a8873183448f69d036a2ecc650,"{""distance"":5,""physical_error_rate"":0.001}","{""detection_events"":3775,""detectors_checked"":1044480}"
      2048,         0,         0,   0.058,decoder_by_matrix,9c6baee88fc81e7d1aa345fcb3feec7ee81f21c5d49cb6ca037118097d89e180,"{""distance"":5,""physical_error_rate"":5e-05}","{""detection_events"":45,""detectors_checked"":348160}"
      4096,         0,         0,   0.134,decoder_by_matrix,926aad2e192fb73fc0ac724cdb1e19af2dfa1e49635753b9cefb82507b443f08,"{""distance"":5,""physical_error_rate"":0.005}","{""detection_events"":11635,""detectors_checked"":696320}"
      3072,         0,         0,   0.185,decoder_by_matrix,b84cf4b8ca220d31f17e1e2ea9ab927bbc4176b15682c650e7d1dd8f2758172b,"{""distance"":5,""physical_error_rate"":0.0005}","{""detection_events"":760,""detectors_checked"":522240}"
         8,         0,         0,   0.061,decoder_by_matrix,0421d486f8a041838688df650e87c0a19c3450ab7a7cc8b3dc589ebff86d1c74,"{""distance"":5,""physical_error_rate"":0.0001}","{""detectors_checked"":1360}"
      2048,         0,         0,   0.069,decoder_by_matrix,926aad2e192fb73fc0ac724cdb1e19af2dfa1e49635753b9cefb82507b443f08,"{""distance"":5,""physical_error_rate"":0.005}","{""detection_events"":6220,""detectors_checked"":348160}"
      2048,         1,         0,   0.073,decoder_by_matrix,90a4071835a8081462c190a19e797ba514a4700a252abbae3adc59eefd5a11d7,"{""distance"":5,""physical_error_rate"":0.01}","{""detection_events"":10555,""detectors_checked"":348160,""obs_mistake_mask=_E_E"":1}"
      3072,         0,         0,   0.105,decoder_by_matrix,fa5edda0c1038186c8afbec49b0215a0b852396cdb50783a3f937fdf51d2afac,"{""distance"":5,""physical_error_rate"":1e-05}","{""detectors_checked"":522240}"
      3072,         2,         0,   0.107,decoder_by_matrix,90a4071835a8081462c190a19e797ba514a4700a252abbae3adc59eefd5a11d7,"{""distance"":5,""physical_error_rate"":0.01}","{""detection_events"":16060,""detectors_checked"":522240,""obs_mistake_mask=E__E"":1,""obs_mistake_mask=__EE"":1}"
        64,         0,         0,   0.034,decoder_by_matrix,0421d486f8a041838688df650e87c0a19c3450ab7a7cc8b3dc589ebff86d1c74,"{""distance"":5,""physical_error_rate"":0.0001}","{""detectors_checked"":10880}"
      5120,         0,         0,   0.172,decoder_by_matrix,066a5d8d46981b593c3dec855f441edbe9e755a8873183448f69d036a2ecc650,"{""distance"":5,""physical_error_rate"":0.001}","{""detection_events"":3180,""detectors_checked"":870400}"
      4096,         0,         0,   0.116,decoder_by_matrix,0421d486f8a041838688df650e87c0a19c3450ab7a7cc8b3dc589ebff86d1c74,"{""distance"":5,""physical_error_rate"":0.0001}","{""detection_events"":315,""detectors_checked"":696320}"
      8192,         0,         0,   0.306,decoder_by_matrix,9c6baee88fc81e7d1aa345fcb3feec7ee81f21c5d49cb6ca037118097d89e180,"{""distance"":5,""physical_error_rate"":5e-05}","{""detection_events"":215,""detectors_checked"":1392640}"
      3072,         0,         0,   0.089,decoder_by_matrix,9c6baee88fc81e7d1aa345fcb3feec7ee81f21c5d49cb6ca037118097d89e180,"{""distance"":5,""physical_error_rate"":5e-05}","{""detection_events"":115,""detectors_checked"":522240}"
      1024,         0,         0,   0.037,decoder_by_matrix,0421d486f8a041838688df650e87c0a19c3450ab7a7cc8b3dc589ebff86d1c74,"{""distance"":5,""physical_error_rate"":0.0001}","{""detection_events"":25,""detectors_checked"":174080}"
      2048,         2,         0,   0.073,decoder_by_matrix,926aad2e192fb73fc0ac724cdb1e19af2dfa1e49635753b9cefb82507b443f08,"{""distance"":5,""physical_error_rate"":0.005}","{""detection_events"":5860,""detectors_checked"":348160,""obs_mistake_mask=E___"":1,""obs_mistake_mask=__EE"":1}"
      3072,         0,         0,   0.110,decoder_by_matrix,b84cf4b8ca220d31f17e1e2ea9ab927bbc4176b15682c650e7d1dd8f2758172b,"{""distance"":5,""physical_error_rate"":0.0005}","{""detection_events"":1065,""detectors_checked"":522240}"
      4096,         0,         0,   0.138,decoder_by_matrix,e41ade2e4684e0396b9a3890c882b6453b515d69885aa1d89a26ce21ec554895,"{""distance"":5,""physical_error_rate"":1e-06}","{""detectors_checked"":696320}"
      2048,         4,         0,   0.073,decoder_by_matrix,90a4071835a8081462c190a19e797ba514a4700a252abbae3adc59eefd5a11d7,"{""distance"":5,""physical_error_rate"":0.01}","{""detection_events"":11655,""detectors_checked"":348160,""obs_mistake_mask=E___"":1,""obs_mistake_mask=_E_E"":1,""obs_mistake_mask=_E__"":1,""obs_mistake_mask=___E"":1}"
      3072,         0,         0,   0.108,decoder_by_matrix,fa5edda0c1038186c8afbec49b0215a0b852396cdb50783a3f937fdf51d2afac,"{""distance"":5,""physical_error_rate"":1e-05}","{""detection_events"":25,""detectors_checked"":522240}"
      2048,         0,         0,   0.074,decoder_by_matrix,0421d486f8a041838688df650e87c0a19c3450ab7a7cc8b3dc589ebff86d1c74,"{""distance"":5,""physical_error_rate"":0.0001}","{""detection_events"":195,""detectors_checked"":348160}"
      7168,         0,         0,   0.239,decoder_by_matrix,3c866087b289edc25e9adea730044a15db18cabfd3ae2507fc844d5b4e03657a,"{""distance"":5,""physical_error_rate"":5e-06}","{""detection_events"":20,""detectors_checked"":1218560}"
      5120,         2,         0,   0.177,decoder_by_matrix,926aad2e192fb73fc0ac724cdb1e19af2dfa1e49635753b9cefb82507b443f08,"{""distance"":5,""physical_error_rate"":0.005}","{""detection_events"":15050,""detectors_checked"":870400,""obs_mistake_mask=_E__"":1,""obs_mistake_mask=__EE"":1}"
      4096,        12,         0,   0.148,decoder_by_matrix,90a4071835a8081462c190a19e797ba514a4700a252abbae3adc59eefd5a11d7,"{""distance"":5,""physical_error_rate"":0.01}","{""detection_events"":23385,""detectors_checked"":696320,""obs_mistake_mask=EEE_"":1,""obs_mistake_mask=EE__"":1,""obs_mistake_mask=E_E_"":2,""obs_mistake_mask=E__E"":2,""obs_mistake_mask=E___"":2,""obs_mistake_mask=_EEE"":2,""obs_mistake_mask=_E_E"":1,""obs_mistake_mask=___E"":1}"
      3072,         3,         0,   0.108,decoder_by_matrix,926aad2e192fb73fc0ac724cdb1e19af2dfa1e49635753b9cefb82507b443f08,"{""distance"":5,""physical_error_rate"":0.005}","{""detection_events"":8630,""detectors_checked"":522240,""obs_mistake_mask=E__E"":1,""obs_mistake_mask=_EE_"":2}"
      3072,         0,         0,   0.149,decoder_by_matrix,0421d486f8a041838688df650e87c0a19c3450ab7a7cc8b3dc589ebff86d1c74,"{""distance"":5,""physical_error_rate"":0.0001}","{""detection_events"":70,""detectors_checked"":522240}"
      4096,         0,         0,   0.129,decoder_by_matrix,9c6baee88fc81e7d1aa345fcb3feec7ee81f21c5d49cb6ca037118097d89e180,"{""distance"":5,""physical_error_rate"":5e-05}","{""detection_events"":55,""detectors_checked"":696320}"
      3072,         3,         0,   0.109,decoder_by_matrix,90a4071835a8081462c190a19e797ba514a4700a252abbae3adc59eefd5a11d7,"{""distance"":5,""physical_error_rate"":0.01}","{""detection_events"":16970,""detectors_checked"":522240,""obs_mistake_mask=EE_E"":1,""obs_mistake_mask=_EE_"":1,""obs_mistake_mask=__E_"":1}"
      2048,         0,         0,   0.069,decoder_by_matrix,0421d486f8a041838688df650e87c0a19c3450ab7a7cc8b3dc589ebff86d1c74,"{""distance"":5,""physical_error_rate"":0.0001}","{""detection_events"":135,""detectors_checked"":348160}"
      6144,         0,         0,   0.233,decoder_by_matrix,b84cf4b8ca220d31f17e1e2ea9ab927bbc4176b15682c650e7d1dd8f2758172b,"{""distance"":5,""physical_error_rate"":0.0005}","{""detection_events"":1620,""detectors_checked"":1044480}"
      5120,         0,         0,   0.176,decoder_by_matrix,b84cf4b8ca220d31f17e1e2ea9ab927bbc4176b15682c650e7d1dd8f2758172b,"{""distance"":5,""physical_error_rate"":0.0005}","{""detection_events"":1520,""detectors_checked"":870400}"
      6144,         0,         0,   0.213,decoder_by_matrix,066a5d8d46981b593c3dec855f441edbe9e755a8873183448f69d036a2ecc650,"{""distance"":5,""physical_error_rate"":0.001}","{""detection_events"":3105,""detectors_checked"":1044480}"
      5120,         0,         0,   0.171,decoder_by_matrix,e41ade2e4684e0396b9a3890c882b6453b515d69885aa1d89a26ce21ec554895,"{""distance"":5,""physical_error_rate"":1e-06}","{""detection_events"":15,""detectors_checked"":870400}"
      3072,         0,         0,   0.148,decoder_by_matrix,fa5edda0c1038186c8afbec49b0215a0b852396cdb50783a3f937fdf51d2afac,"{""distance"":5,""physical_error_rate"":1e-05}","{""detection_events"":15,""detectors_checked"":522240}"
      9216,         0,         0,   0.312,decoder_by_matrix,066a5d8d46981b593c3dec855f441edbe9e755a8873183448f69d036a2ecc650,"{""distance"":5,""physical_error_rate"":0.001}","{""detection_events"":4850,""detectors_checked"":1566720}"
      3072,         0,         0,   0.108,decoder_by_matrix,926aad2e192fb73fc0ac724cdb1e19af2dfa1e49635753b9cefb82507b443f08,"{""distance"":5,""physical_error_rate"":0.005}","{""detection_events"":8995,""detectors_checked"":522240}"
      3072,         3,         0,   0.113,decoder_by_matrix,90a4071835a8081462c190a19e797ba514a4700a252abbae3adc59eefd5a11d7,"{""distance"":5,""physical_error_rate"":0.01}","{""detection_events"":16790,""detectors_checked"":522240,""obs_mistake_mask=E___"":1,""obs_mistake_mask=_E__"":1,""obs_mistake_mask=__EE"":1}"
      3072,         0,         0,   0.110,decoder_by_matrix,0421d486f8a041838688df650e87c0a19c3450ab7a7cc8b3dc589ebff86d1c74,"{""distance"":5,""physical_error_rate"":0.0001}","{""detection_events"":205,""detectors_checked"":522240}"
         1,         0,         0,   0.072,decoder_by_matrix,fa5edda0c1038186c8afbec49b0215a0b852396cdb50783a3f937fdf51d2afac,"{""distance"":5,""physical_error_rate"":1e-05}","{""detectors_checked"":170}"
      4096,         0,         0,   0.151,decoder_by_matrix,9c6baee88fc81e7d1aa345fcb3feec7ee81f21c5d49cb6ca037118097d89e180,"{""distance"":5,""physical_error_rate"":5e-05}","{""detection_events"":90,""detectors_checked"":696320}"
         8,         0,         0,   0.037,decoder_by_matrix,fa5edda0c1038186c8afbec49b0215a0b852396cdb50783a3f937fdf51d2afac,"{""distance"":5,""physical_error_rate"":1e-05}","{""detectors_checked"":1360}"
      6144,        12,         0,   0.221,decoder_by_matrix,90a4071835a8081462c190a19e797ba514a4700a252abbae3adc59eefd5a11d7,"{""distance"":5,""physical_error_rate"":0.01}","{""detection_events"":33855,""detectors_checked"":1044480,""obs_mistake_mask=EE__"":1,""obs_mistake_mask=E_EE"":3,""obs_mistake_mask=E___"":1,""obs_mistake_mask=_EE_"":1,""obs_mistake_mask=_E_E"":2,""obs_mistake_mask=_E__"":1,""obs_mistake_mask=__EE"":2,""obs_mistake_mask=___E"":1}"
      6144,         1,         0,   0.246,decoder_by_matrix,926aad2e192fb73fc0ac724cdb1e19af2dfa1e49635753b9cefb82507b443f08,"{""distance"":5,""physical_error_rate"":0.005}","{""detection_events"":17380,""detectors_checked"":1044480,""obs_mistake_mask=_E__"":1}"
       128,         0,         0,   0.033,decoder_by_matrix,fa5edda0c1038186c8afbec49b0215a0b852396cdb50783a3f937fdf51d2afac,"{""distance"":5,""physical_error_rate"":1e-05}","{""detectors_checked"":21760}"
      6144,         0,         0,   0.227,decoder_by_matrix,0421d486f8a041838688df650e87c0a19c3450ab7a7cc8b3dc589ebff86d1c74,"{""distance"":5,""physical_error_rate"":0.0001}","{""detection_events"":300,""detectors_checked"":1044480}"
         1,         0,         0,   0.035,decoder_by_matrix,b84cf4b8ca220d31f17e1e2ea9ab927bbc4176b15682c650e7d1dd8f2758172b,"{""distance"":5,""physical_error_rate"":0.0005}","{""detectors_checked"":170}"
      1024,         0,         0,   0.032,decoder_by_matrix,fa5edda0c1038186c8afbec49b0215a0b852396cdb50783a3f937fdf51d2afac,"{""distance"":5,""physical_error_rate"":1e-05}","{""detectors_checked"":174080}"
      8192,         0,         0,   0.304,decoder_by_matrix,3c866087b289edc25e9adea730044a15db18cabfd3ae2507fc844d5b4e03657a,"{""distance"":5,""physical_error_rate"":5e-06}","{""detection_events"":5,""detectors_checked"":1392640}"
      4096,         0,         0,   0.139,decoder_by_matrix,0421d486f8a041838688df650e87c0a19c3450ab7a7cc8b3dc589ebff86d1c74,"{""distance"":5,""physical_error_rate"":0.0001}","{""detection_events"":250,""detectors_checked"":696320}"
      5120,         0,         0,   0.215,decoder_by_matrix,b84cf4b8ca220d31f17e1e2ea9ab927bbc4176b15682c650e7d1dd8f2758172b,"{""distance"":5,""physical_error_rate"":0.0005}","{""detection_events"":1600,""detectors_checked"":870400}"
      5120,         1,         0,   0.180,decoder_by_matrix,926aad2e192fb73fc0ac724cdb1e19af2dfa1e49635753b9cefb82507b443f08,"{""distance"":5,""physical_error_rate"":0.005}","{""detection_events"":15335,""detectors_checked"":870400,""obs_mistake_mask=_EEE"":1}"
     12288,         0,         0,   0.426,decoder_by_matrix,9c6baee88fc81e7d1aa345fcb3feec7ee81f21c5d49cb6ca037118097d89e180,"{""distance"":5,""physical_error_rate"":5e-05}","{""detection_events"":375,""detectors_checked"":2088960}"
        16,         0,         0,   0.038,decoder_by_matrix,b84cf4b8ca220d31f17e1e2ea9ab927bbc4176b15682c650e7d1dd8f2758172b,"{""distance"":5,""physical_error_rate"":0.0005}","{""detectors_checked"":2720}"
      7168,         0,         0,   0.230,decoder_by_matrix,e41ade2e4684e0396b9a3890c882b6453b515d69885aa1d89a26ce21ec554895,"{""distance"":5,""physical_error_rate"":1e-06}","{""detectors_checked"":1218560}"
      6144,         0,         0,   0.208,decoder_by_matrix,fa5edda0c1038186c8afbec49b0215a0b852396cdb50783a3f937fdf51d2afac,"{""distance"":5,""physical_error_rate"":1e-05}","{""detection_events"":70,""detectors_checked"":1044480}"
      5120,         5,         0,   0.180,decoder_by_matrix,90a4071835a8081462c190a19e797ba514a4700a252abbae3adc59eefd5a11d7,"{""distance"":5,""physical_error_rate"":0.01}","{""detection_events"":26665,""detectors_checked"":870400,""obs_mistake_mask=E__E"":1,""obs_mistake_mask=E___"":4}"
         1,         0,         0,   0.092,decoder_by_matrix,3c866087b289edc25e9adea730044a15db18cabfd3ae2507fc844d5b4e03657a,"{""distance"":5,""physical_error_rate"":5e-06}","{""detectors_checked"":170}"
       128,         0,         0,   0.038,decoder_by_matrix,b84cf4b8ca220d31f17e1e2ea9ab927bbc4176b15682c650e7d1dd8f2758172b,"{""distance"":5,""physical_error_rate"":0.0005}","{""detection_events"":25,""detectors_checked"":21760}"
      2048,         0,         0,   0.067,decoder_by_matrix,fa5edda0c1038186c8afbec49b0215a0b852396cdb50783a3f937fdf51d2afac,"{""distance"":5,""physical_error_rate"":1e-05}","{""detectors_checked"":348160}"
      8192,         0,         0,   0.294,decoder_by_matrix,b84cf4b8ca220d31f17e1e2ea9ab927bbc4176b15682c650e7d1dd8f2758172b,"{""distance"":5,""physical_error_rate"":0.0005}","{""detection_events"":2190,""detectors_checked"":1392640}"
      1024,         0,         0,   0.035,decoder_by_matrix,b84cf4b8ca220d31f17e1e2ea9ab927bbc4176b15682c650e7d1dd8f2758172b,"{""distance"":5,""physical_error_rate"":0.0005}","{""detection_events"":345,""detectors_checked"":174080}"
      6144,         0,         0,   0.208,decoder_by_matrix,9c6baee88fc81e7d1aa345fcb3feec7ee81f21c5d49cb6ca037118097d89e180,"{""distance"":5,""physical_error_rate"":5e-05}","{""detection_events"":205,""detectors_checked"":1044480}"
         4,         0,         0,   0.057,decoder_by_matrix,3c866087b289edc25e9adea730044a15db18cabfd3ae2507fc844d5b4e03657a,"{""distance"":5,""physical_error_rate"":5e-06}","{""detectors_checked"":680}"
      9216,         0,         0,   0.316,decoder_by_matrix,066a5d8d46981b593c3dec855f441edbe9e755a8873183448f69d036a2ecc650,"{""distance"":5,""physical_error_rate"":0.001}","{""detection_events"":4275,""detectors_checked"":1566720}"
      2048,         0,         0,   0.066,decoder_by_matrix,fa5edda0c1038186c8afbec49b0215a0b852396cdb50783a3f937fdf51d2afac,"{""distance"":5,""physical_error_rate"":1e-05}","{""detection_events"":30,""detectors_checked"":348160}"
         1,         0,         0,   0.069,decoder_by_matrix,e41ade2e4684e0396b9a3890c882b6453b515d69885aa1d89a26ce21ec554895,"{""distance"":5,""physical_error_rate"":1e-06}","{""detectors_checked"":170}"
      4096,         0,         0,   0.150,decoder_by_matrix,0421d486f8a041838688df650e87c0a19c3450ab7a7cc8b3dc589ebff86d1c74,"{""distance"":5,""physical_error_rate"":0.0001}","{""detection_events"":205,""detectors_checked"":696320}"
      2048,         0,         0,   0.066,decoder_by_matrix,b84cf4b8ca220d31f17e1e2ea9ab927bbc4176b15682c650e7d1dd8f2758172b,"{""distance"":5,""physical_error_rate"":0.0005}","{""detection_events"":510,""detectors_checked"":348160}"
        32,         0,         0,   0.076,decoder_by_matrix,3c866087b289edc25e9adea730044a15db18cabfd3ae2507fc844d5b4e03657a,"{""distance"":5,""physical_error_rate"":5e-06}","{""detectors_checked"":5440}"
         8,         0,         0,   0.041,decoder_by_matrix,e41ade2e4684e0396b9a3890c882b6453b515d69885aa1d89a26ce21ec554895,"{""distance"":5,""physical_error_rate"":1e-06}","{""detectors_checked"":1360}"
         1,         0,         0,   0.061,decoder_by_matrix,3c866087b289edc25e9adea730044a15db18cabfd3ae2507fc844d5b4e03657a,"{""distance"":5,""physical_error_rate"":5e-06}","{""detectors_checked"":170}"
      2048,         0,         0,   0.077,decoder_by_matrix,fa5edda0c1038186c8afbec49b0215a0b852396cdb50783a3f937fdf51d2afac,"{""distance"":5,""physical_error_rate"":1e-05}","{""detectors_checked"":348160}"
        64,         0,         0,   0.027,decoder_by_matrix,e41ade2e4684e0396b9a3890c882b6453b515d69885aa1d89a26ce21ec554895,"{""distance"":5,""physical_error_rate"":1e-06}","{""detectors_checked"":10880}"
       128,         0,         0,   0.041,decoder_by_matrix,3c866087b289edc25e9adea730044a15db18cabfd3ae2507fc844d5b4e03657a,"{""distance"":5,""physical_error_rate"":5e-06}","{""detectors_checked"":21760}"
      2048,         0,         0,   0.060,decoder_by_matrix,b84cf4b8ca220d31f17e1e2ea9ab927bbc4176b15682c650e7d1dd8f2758172b,"{""distance"":5,""physical_error_rate"":0.0005}","{""detection_events"":710,""detectors_checked"":348160}"
      6144,         0,         0,   0.220,decoder_by_matrix,926aad2e192fb73fc0ac724cdb1e19af2dfa1e49635753b9cefb82507b443f08,"{""distance"":5,""physical_error_rate"":0.005}","{""detection_events"":17260,""detectors_checked"":1044480}"
     12288,         0,         0,   0.412,decoder_by_matrix,066a5d8d46981b593c3dec855f441edbe9e755a8873183448f69d036a2ecc650,"{""distance"":5,""physical_error_rate"":0.001}","{""detection_events"":7575,""detectors_checked"":2088960}"
      8192,         0,         0,   0.293,decoder_by_matrix,0421d486f8a041838688df650e87c0a19c3450ab7a7cc8b3dc589ebff86d1c74,"{""distance"":5,""physical_error_rate"":0.0001}","{""detection_events"":490,""detectors_checked"":1392640}"
      6144,        15,         0,   0.221,decoder_by_matrix,90a4071835a8081462c190a19e797ba514a4700a252abbae3adc59eefd5a11d7,"{""distance"":5,""physical_error_rate"":0.01}","{""detection_events"":33770,""detectors_checked"":1044480,""obs_mistake_mask=EEE_"":1,""obs_mistake_mask=EE__"":1,""obs_mistake_mask=E_E_"":1,""obs_mistake_mask=E__E"":2,""obs_mistake_mask=E___"":3,""obs_mistake_mask=_EEE"":1,""obs_mistake_mask=_EE_"":1,""obs_mistake_mask=_E_E"":1,""obs_mistake_mask=__EE"":1,""obs_mistake_mask=__E_"":3}"
      1024,         0,         0,   0.041,decoder_by_matrix,3c866087b289edc25e9adea730044a15db18cabfd3ae2507fc844d5b4e03657a,"{""distance"":5,""physical_error_rate"":5e-06}","{""detectors_checked"":174080}"
      9216,         2,         0,   0.319,decoder_by_matrix,926aad2e192fb73fc0ac724cdb1e19af2dfa1e49635753b9cefb82507b443f08,"{""distance"":5,""physical_error_rate"":0.005}","{""detection_events"":25080,""detectors_checked"":1566720,""obs_mistake_mask=_E__"":1,""obs_mistake_mask=__EE"":1}"
      2048,         0,         0,   0.056,decoder_by_matrix,e41ade2e4684e0396b9a3890c882b6453b515d69885aa1d89a26ce21ec554895,"{""distance"":5,""physical_error_rate"":1e-06}","{""detectors_checked"":348160}"
         8,         0,         0,   0.068,decoder_by_matrix,3c866087b289edc25e9adea730044a15db18cabfd3ae2507fc844d5b4e03657a,"{""distance"":5,""physical_error_rate"":5e-06}","{""detectors_checked"":1360}"
      8192,         8,         0,   0.340,decoder_by_matrix,90a4071835a8081462c190a19e797ba514a4700a252abbae3adc59eefd5a11d7,"{""distance"":5,""physical_error_rate"":0.01}","{""detection_events"":44400,""detectors_checked"":1392640,""obs_mistake_mask=EE__"":1,""obs_mistake_mask=E_E_"":2,""obs_mistake_mask=E___"":1,""obs_mistake_mask=_EE_"":1,""obs_mistake_mask=_E__"":1,""obs_mistake_mask=__E_"":2}"
      8192,         0,         0,   0.295,decoder_by_matrix,b84cf4b8ca220d31f17e1e2ea9ab927bbc4176b15682c650e7d1dd8f2758172b,"{""distance"":5,""physical_error_rate"":0.0005}","{""detection_events"":2135,""detectors_checked"":1392640}"
        64,         0,         0,   0.042,decoder_by_matrix,3c866087b289edc25e9adea730044a15db18cabfd3ae2507fc844d5b4e03657a,"{""distance"":5,""physical_error_rate"":5e-06}","{""detectors_checked"":10880}"
      3072,         0,         0,   0.097,decoder_by_matrix,b84cf4b8ca220d31f17e1e2ea9ab927bbc4176b15682c650e7d1dd8f2758172b,"{""distance"":5,""physical_error_rate"":0.0005}","{""detection_events"":805,""detectors_checked"":522240}"
      3072,         0,         0,   0.119,decoder_by_matrix,fa5edda0c1038186c8afbec49b0215a0b852396cdb50783a3f937fdf51d2afac,"{""distance"":5,""physical_error_rate"":1e-05}","{""detection_events"":45,""detectors_checked"":522240}"
      8192,         0,         0,   0.294,decoder_by_matrix,fa5edda0c1038186c8afbec49b0215a0b852396cdb50783a3f937fdf51d2afac,"{""distance"":5,""physical_error_rate"":1e-05}","{""detection_events"":20,""detectors_checked"":1392640}"
      2048,         0,         0,   0.059,decoder_by_matrix,e41ade2e4684e0396b9a3890c882b6453b515d69885aa1d89a26ce21ec554895,"{""distance"":5,""physical_error_rate"":1e-06}","{""detectors_checked"":348160}"
      2048,         0,         0,   0.075,decoder_by_matrix,3c866087b289edc25e9adea730044a15db18cabfd3ae2507fc844d5b4e03657a,"{""distance"":5,""physical_error_rate"":5e-06}","{""detectors_checked"":348160}"
       512,         0,         0,   0.027,decoder_by_matrix,3c866087b289edc25e9adea730044a15db18cabfd3ae2507fc844d5b4e03657a,"{""distance"":5,""physical_error_rate"":5e-06}","{""detectors_checked"":87040}"
      9216,         0,         0,   0.315,decoder_by_matrix,e41ade2e4684e0396b9a3890c882b6453b515d69885aa1d89a26ce21ec554895,"{""distance"":5,""physical_error_rate"":1e-06}","{""detectors_checked"":1566720}"
         1,         0,         0,   0.074,decoder_by_matrix,e41ade2e4684e0396b9a3890c882b6453b515d69885aa1d89a26ce21ec554895,"{""distance"":5,""physical_error_rate"":1e-06}","{""detectors_checked"":170}"
      6144,         0,         0,   0.224,decoder_by_matrix,0421d486f8a041838688df650e87c0a19c3450ab7a7cc8b3dc589ebff86d1c74,"{""distance"":5,""physical_error_rate"":0.0001}","{""detection_events"":265,""detectors_checked"":1044480}"
      2048,         0,         0,   0.061,decoder_by_matrix,e41ade2e4684e0396b9a3890c882b6453b515d69885aa1d89a26ce21ec554895,"{""distance"":5,""physical_error_rate"":1e-06}","{""detectors_checked"":348160}"
      2048,         0,         0,   0.058,decoder_by_matrix,3c866087b289edc25e9adea730044a15db18cabfd3ae2507fc844d5b4e03657a,"{""distance"":5,""physical_error_rate"":5e-06}","{""detectors_checked"":348160}"
      8192,         0,         0,   0.306,decoder_by_matrix,9c6baee88fc81e7d1aa345fcb3feec7ee81f21c5d49cb6ca037118097d89e180,"{""distance"":5,""physical_error_rate"":5e-05}","{""detection_events"":200,""detectors_checked"":1392640}"
     12288,         0,         0,   0.429,decoder_by_matrix,3c866087b289edc25e9adea730044a15db18cabfd3ae2507fc844d5b4e03657a,"{""distance"":5,""physical_error_rate"":5e-06}","{""detection_events"":35,""detectors_checked"":2088960}"
      3072,         0,         0,   0.109,decoder_by_matrix,3c866087b289edc25e9adea730044a15db18cabfd3ae2507fc844d5b4e03657a,"{""distance"":5,""physical_error_rate"":5e-06}","{""detectors_checked"":522240}"
         8,         0,         0,   0.074,decoder_by_matrix,e41ade2e4684e0396b9a3890c882b6453b515d69885aa1d89a26ce21ec554895,"{""distance"":5,""physical_error_rate"":1e-06}","{""detectors_checked"":1360}"
      4096,         0,         0,   0.144,decoder_by_matrix,b84cf4b8ca220d31f17e1e2ea9ab927bbc4176b15682c650e7d1dd8f2758172b,"{""distance"":5,""physical_error_rate"":0.0005}","{""detection_events"":1200,""detectors_checked"":696320}"
      4096,         0,         0,   0.148,decoder_by_matrix,fa5edda0c1038186c8afbec49b0215a0b852396cdb50783a3f937fdf51d2afac,"{""distance"":5,""physical_error_rate"":1e-05}","{""detection_events"":40,""detectors_checked"":696320}"
      2048,         0,         0,   0.074,decoder_by_matrix,3c866087b289edc25e9adea730044a15db18cabfd3ae2507fc844d5b4e03657a,"{""distance"":5,""physical_error_rate"":5e-06}","{""detectors_checked"":348160}"
     11264,         0,         0,   0.421,decoder_by_matrix,b84cf4b8ca220d31f17e1e2ea9ab927bbc4176b15682c650e7d1dd8f2758172b,"{""distance"":5,""physical_error_rate"":0.0005}","{""detection_events"":3130,""detectors_checked"":1914880}"
      3072,         0,         0,   0.110,decoder_by_matrix,e41ade2e4684e0396b9a3890c882b6453b515d69885aa1d89a26ce21ec554895,"{""distance"":5,""physical_error_rate"":1e-06}","{""detectors_checked"":522240}"
        64,         0,         0,   0.074,decoder_by_matrix,e41ade2e4684e0396b9a3890c882b6453b515d69885aa1d89a26ce21ec554895,"{""distance"":5,""physical_error_rate"":1e-06}","{""detectors_checked"":10880}"
      7168,         3,         0,   0.294,decoder_by_matrix,926aad2e192fb73fc0ac724cdb1e19af2dfa1e49635753b9cefb82507b443f08,"{""distance"":5,""physical_error_rate"":0.005}","{""detection_events"":19905,""detectors_checked"":1218560,""obs_mistake_mask=E_E_"":1,""obs_mistake_mask=E__E"":1,""obs_mistake_mask=__E_"":1}"
     11264,         0,         0,   0.432,decoder_by_matrix,066a5d8d46981b593c3dec855f441edbe9e755a8873183448f69d036a2ecc650,"{""distance"":5,""physical_error_rate"":0.001}","{""detection_events"":5825,""detectors_checked"":1914880}"
      8192,        17,         0,   0.290,decoder_by_matrix,90a4071835a8081462c190a19e797ba514a4700a252abbae3adc59eefd5a11d7,"{""distance"":5,""physical_error_rate"":0.01}","{""detection_events"":46335,""detectors_checked"":1392640,""obs_mistake_mask=EEE_"":1,""obs_mistake_mask=EE__"":3,""obs_mistake_mask=E___"":6,""obs_mistake_mask=_EEE"":1,""obs_mistake_mask=_E_E"":2,""obs_mistake_mask=__EE"":1,""obs_mistake_mask=__E_"":3}"
      3072,         0,         0,   0.113,decoder_by_matrix,3c866087b289edc25e9adea730044a15db18cabfd3ae2507fc844d5b4e03657a,"{""distance"":5,""physical_error_rate"":5e-06}","{""detectors_checked"":522240}"
      3072,         0,         0,   0.108,decoder_by_matrix,3c866087b289edc25e9adea730044a15db18cabfd3ae2507fc844d5b4e03657a,"{""distance"":5,""physical_error_rate"":5e-06}","{""detection_events"":15,""detectors_checked"":522240}"
       512,         0,         0,   0.061,decoder_by_matrix,e41ade2e4684e0396b9a3890c882b6453b515d69885aa1d89a26ce21ec554895,"{""distance"":5,""physical_error_rate"":1e-06}","{""detectors_checked"":87040}"
     14336,         0,         0,   0.566,decoder_by_matrix,9c6baee88fc81e7d1aa345fcb3feec7ee81f21c5d49cb6ca037118097d89e180,"{""distance"":5,""physical_error_rate"":5e-05}","{""detection_events"":565,""detectors_checked"":2437120}"
      2048,         0,         0,   0.109,decoder_by_matrix,e41ade2e4684e0396b9a3890c882b6453b515d69885aa1d89a26ce21ec554895,"{""distance"":5,""physical_error_rate"":1e-06}","{""detectors_checked"":348160}"
         1,         0,         0,   0.062,decoder_by_matrix,fa5edda0c1038186c8afbec49b0215a0b852396cdb50783a3f937fdf51d2afac,"{""distance"":5,""physical_error_rate"":1e-05}","{""detectors_checked"":170}"
      5120,         0,         0,   0.184,decoder_by_matrix,b84cf4b8ca220d31f17e1e2ea9ab927bbc4176b15682c650e7d1dd8f2758172b,"{""distance"":5,""physical_error_rate"":0.0005}","{""detection_events"":1405,""detectors_checked"":870400}"
      2048,         0,         0,   0.069,decoder_by_matrix,e41ade2e4684e0396b9a3890c882b6453b515d69885aa1d89a26ce21ec554895,"{""distance"":5,""physical_error_rate"":1e-06}","{""detectors_checked"":348160}"
         8,         0,         0,   0.029,decoder_by_matrix,fa5edda0c1038186c8afbec49b0215a0b852396cdb50783a3f937fdf51d2afac,"{""distance"":5,""physical_error_rate"":1e-05}","{""detectors_checked"":1360}"
     11264,         0,         0,   0.416,decoder_by_matrix,0421d486f8a041838688df650e87c0a19c3450ab7a7cc8b3dc589ebff86d1c74,"{""distance"":5,""physical_error_rate"":0.0001}","{""detection_events"":720,""detectors_checked"":1914880}"
      7168,         0,         0,   0.307,decoder_by_matrix,0421d486f8a041838688df650e87c0a19c3450ab7a7cc8b3dc589ebff86d1c74,"{""distance"":5,""physical_error_rate"":0.0001}","{""detection_events"":495,""detectors_checked"":1218560}"
      6144,         0,         0,   0.220,decoder_by_matrix,fa5edda0c1038186c8afbec49b0215a0b852396cdb50783a3f937fdf51d2afac,"{""distance"":5,""physical_error_rate"":1e-05}","{""detection_events"":10,""detectors_checked"":1044480}"
       128,         0,         0,   0.030,decoder_by_matrix,fa5edda0c1038186c8afbec49b0215a0b852396cdb50783a3f937fdf51d2afac,"{""distance"":5,""physical_error_rate"":1e-05}","{""detectors_checked"":21760}"
     12288,         3,         0,   0.432,decoder_by_matrix,926aad2e192fb73fc0ac724cdb1e19af2dfa1e49635753b9cefb82507b443f08,"{""distance"":5,""physical_error_rate"":0.005}","{""detection_events"":32680,""detectors_checked"":2088960,""obs_mistake_mask=EE_E"":2,""obs_mistake_mask=E__E"":1}"
     11264,        14,         0,   0.418,decoder_by_matrix,90a4071835a8081462c190a19e797ba514a4700a252abbae3adc59eefd5a11d7,"{""distance"":5,""physical_error_rate"":0.01}","{""detection_events"":60760,""detectors_checked"":1914880,""obs_mistake_mask=EEE_"":1,""obs_mistake_mask=EE__"":2,""obs_mistake_mask=E_E_"":2,""obs_mistake_mask=E__E"":1,""obs_mistake_mask=E___"":3,""obs_mistake_mask=_EEE"":1,""obs_mistake_mask=_E__"":1,""obs_mistake_mask=__EE"":1,""obs_mistake_mask=__E_"":1,""obs_mistake_mask=___E"":1}"
      4096,         0,         0,   0.127,decoder_by_matrix,3c866087b289edc25e9adea730044a15db18cabfd3ae2507fc844d5b4e03657a,"{""distance"":5,""physical_error_rate"":5e-06}","{""detectors_checked"":696320}"
     11264,         0,         0,   0.409,decoder_by_matrix,b84cf4b8ca220d31f17e1e2ea9ab927bbc4176b15682c650e7d1dd8f2758172b,"{""distance"":5,""physical_error_rate"":0.0005}","{""detection_events"":3145,""detectors_checked"":1914880}"
      2048,         0,         0,   0.070,decoder_by_matrix,e41ade2e4684e0396b9a3890c882b6453b515d69885aa1d89a26ce21ec554895,"{""distance"":5,""physical_error_rate"":1e-06}","{""detection_events"":45,""detectors_checked"":348160}"
      1024,         0,         0,   0.030,decoder_by_matrix,fa5edda0c1038186c8afbec49b0215a0b852396cdb50783a3f937fdf51d2afac,"{""distance"":5,""physical_error_rate"":1e-05}","{""detectors_checked"":174080}"
     11264,         0,         0,   0.404,decoder_by_matrix,fa5edda0c1038186c8afbec49b0215a0b852396cdb50783a3f937fdf51d2afac,"{""distance"":5,""physical_error_rate"":1e-05}","{""detection_events"":80,""detectors_checked"":1914880}"
      5120,         0,         0,   0.184,decoder_by_matrix,3c866087b289edc25e9adea730044a15db18cabfd3ae2507fc844d5b4e03657a,"{""distance"":5,""physical_error_rate"":5e-06}","{""detection_events"":10,""detectors_checked"":870400}"
     11264,         0,         0,   0.430,decoder_by_matrix,e41ade2e4684e0396b9a3890c882b6453b515d69885aa1d89a26ce21ec554895,"{""distance"":5,""physical_error_rate"":1e-06}","{""detectors_checked"":1914880}"
      5120,         0,         0,   0.163,decoder_by_matrix,e41ade2e4684e0396b9a3890c882b6453b515d69885aa1d89a26ce21ec554895,"{""distance"":5,""physical_error_rate"":1e-06}","{""detection_events"":20,""detectors_checked"":870400}"
      2048,         0,         0,   0.063,decoder_by_matrix,fa5edda0c1038186c8afbec49b0215a0b852396cdb50783a3f937fdf51d2afac,"{""distance"":5,""physical_error_rate"":1e-05}","{""detectors_checked"":348160}"
      3072,         0,         0,   0.109,decoder_by_matrix,e41ade2e4684e0396b9a3890c882b6453b515d69885aa1d89a26ce21ec554895,"{""distance"":5,""physical_error_rate"":1e-06}","{""detection_events"":10,""detectors_checked"":522240}"
     17408,         0,         0,   0.596,decoder_by_matrix,066a5d8d46981b593c3dec855f441edbe9e755a8873183448f69d036a2ecc650,"{""distance"":5,""physical_error_rate"":0.001}","{""detection_events"":10175,""detectors_checked"":2959360}"
     11264,         0,         0,   0.436,decoder_by_matrix,9c6baee88fc81e7d1aa345fcb3feec7ee81f21c5d49cb6ca037118097d89e180,"{""distance"":5,""physical_error_rate"":5e-05}","{""detection_events"":415,""detectors_checked"":1914880}"
      2048,         0,         0,   0.065,decoder_by_matrix,fa5edda0c1038186c8afbec49b0215a0b852396cdb50783a3f937fdf51d2afac,"{""distance"":5,""physical_error_rate"":1e-05}","{""detectors_checked"":348160}"
      6144,         0,         0,   0.210,decoder_by_matrix,b84cf4b8ca220d31f17e1e2ea9ab927bbc4176b15682c650e7d1dd8f2758172b,"{""distance"":5,""physical_error_rate"":0.0005}","{""detection_events"":1910,""detectors_checked"":1044480}"
      5120,         0,         0,   0.164,decoder_by_matrix,3c866087b289edc25e9adea730044a15db18cabfd3ae2507fc844d5b4e03657a,"{""distance"":5,""physical_error_rate"":5e-06}","{""detection_events"":10,""detectors_checked"":870400}"
      2048,         0,         0,   0.080,decoder_by_matrix,fa5edda0c1038186c8afbec49b0215a0b852396cdb50783a3f937fdf51d2afac,"{""distance"":5,""physical_error_rate"":1e-05}","{""detection_events"":30,""detectors_checked"":348160}"
      3072,         0,         0,   0.108,decoder_by_matrix,e41ade2e4684e0396b9a3890c882b6453b515d69885aa1d89a26ce21ec554895,"{""distance"":5,""physical_error_rate"":1e-06}","{""detection_events"":40,""detectors_checked"":522240}"
     11264,         3,         0,   0.417,decoder_by_matrix,926aad2e192fb73fc0ac724cdb1e19af2dfa1e49635753b9cefb82507b443f08,"{""distance"":5,""physical_error_rate"":0.005}","{""detection_events"":31540,""detectors_checked"":1914880,""obs_mistake_mask=E__E"":1,""obs_mistake_mask=E___"":1,""obs_mistake_mask=_E_E"":1}"
      6144,         0,         0,   0.216,decoder_by_matrix,3c866087b289edc25e9adea730044a15db18cabfd3ae2507fc844d5b4e03657a,"{""distance"":5,""physical_error_rate"":5e-06}","{""detection_events"":35,""detectors_checked"":1044480}"
     10240,        15,         0,   0.424,decoder_by_matrix,90a4071835a8081462c190a19e797ba514a4700a252abbae3adc59eefd5a11d7,"{""distance"":5,""physical_error_rate"":0.01}","{""detection_events"":57360,""detectors_checked"":1740800,""obs_mistake_mask=EEE_"":2,""obs_mistake_mask=E__E"":1,""obs_mistake_mask=E___"":5,""obs_mistake_mask=_EE_"":2,""obs_mistake_mask=_E__"":3,""obs_mistake_mask=___E"":2}"
      8192,         0,         0,   0.292,decoder_by_matrix,fa5edda0c1038186c8afbec49b0215a0b852396cdb50783a3f937fdf51d2afac,"{""distance"":5,""physical_error_rate"":1e-05}","{""detection_events"":80,""detectors_checked"":1392640}"
     16384,         0,         0,   0.566,decoder_by_matrix,3c866087b289edc25e9adea730044a15db18cabfd3ae2507fc844d5b4e03657a,"{""distance"":5,""physical_error_rate"":5e-06}","{""detection_events"":15,""detectors_checked"":2785280}"
      6144,         0,         0,   0.238,decoder_by_matrix,e41ade2e4684e0396b9a3890c882b6453b515d69885aa1d89a26ce21ec554895,"{""distance"":5,""physical_error_rate"":1e-06}","{""detectors_checked"":1044480}"
     14336,         0,         0,   0.569,decoder_by_matrix,b84cf4b8ca220d31f17e1e2ea9ab927bbc4176b15682c650e7d1dd8f2758172b,"{""distance"":5,""physical_error_rate"":0.0005}","{""detection_events"":3730,""detectors_checked"":2437120}"
      3072,         0,         0,   0.133,decoder_by_matrix,fa5edda0c1038186c8afbec49b0215a0b852396cdb50783a3f937fdf51d2afac,"{""distance"":5,""physical_error_rate"":1e-05}","{""detection_events"":40,""detectors_checked"":522240}"
      4096,         0,         0,   0.152,decoder_by_matrix,e41ade2e4684e0396b9a3890c882b6453b515d69885aa1d89a26ce21ec554895,"{""distance"":5,""physical_error_rate"":1e-06}","{""detectors_checked"":696320}"
         1,         0,         0,   0.049,decoder_by_matrix,9c6baee88fc81e7d1aa345fcb3feec7ee81f21c5d49cb6ca037118097d89e180,"{""distance"":5,""physical_error_rate"":5e-05}","{""detectors_checked"":170}"
      5120,         0,         0,   0.229,decoder_by_matrix,3c866087b289edc25e9adea730044a15db18cabfd3ae2507fc844d5b4e03657a,"{""distance"":5,""physical_error_rate"":5e-06}","{""detectors_checked"":870400}"
     11264,         0,         0,   0.424,decoder_by_matrix,0421d486f8a041838688df650e87c0a19c3450ab7a7cc8b3dc589ebff86d1c74,"{""distance"":5,""physical_error_rate"":0.0001}","{""detection_events"":740,""detectors_checked"":1914880}"
         8,         0,         0,   0.035,decoder_by_matrix,9c6baee88fc81e7d1aa345fcb3feec7ee81f21c5d49cb6ca037118097d89e180,"{""distance"":5,""physical_error_rate"":5e-05}","{""detectors_checked"":1360}"
     16384,         0,         0,   0.596,decoder_by_matrix,066a5d8d46981b593c3dec855f441edbe9e755a8873183448f69d036a2ecc650,"{""distance"":5,""physical_error_rate"":0.001}","{""detection_events"":9425,""detectors_checked"":2785280}"
      7168,         0,         0,   0.308,decoder_by_matrix,b84cf4b8ca220d31f17e1e2ea9ab927bbc4176b15682c650e7d1dd8f2758172b,"{""distance"":5,""physical_error_rate"":0.0005}","{""detection_events"":2085,""detectors_checked"":1218560}"
       128,         0,         0,   0.036,decoder_by_matrix,9c6baee88fc81e7d1aa345fcb3feec7ee81f21c5d49cb6ca037118097d89e180,"{""distance"":5,""physical_error_rate"":5e-05}","{""detectors_checked"":21760}"
         1,         0,         0,   0.076,decoder_by_matrix,0421d486f8a041838688df650e87c0a19c3450ab7a7cc8b3dc589ebff86d1c74,"{""distance"":5,""physical_error_rate"":0.0001}","{""detectors_checked"":170}"
      1024,         0,         0,   0.038,decoder_by_matrix,9c6baee88fc81e7d1aa345fcb3feec7ee81f21c5d49cb6ca037118097d89e180,"{""distance"":5,""physical_error_rate"":5e-05}","{""detection_events"":5,""detectors_checked"":174080}"
      5120,         0,         0,   0.170,decoder_by_matrix,fa5edda0c1038186c8afbec49b0215a0b852396cdb50783a3f937fdf51d2afac,"{""distance"":5,""physical_error_rate"":1e-05}","{""detection_events"":20,""detectors_checked"":870400}"
         4,         0,         0,   0.076,decoder_by_matrix,0421d486f8a041838688df650e87c0a19c3450ab7a7cc8b3dc589ebff86d1c74,"{""distance"":5,""physical_error_rate"":0.0001}","{""detectors_checked"":680}"
     15360,         7,         0,   0.564,decoder_by_matrix,926aad2e192fb73fc0ac724cdb1e19af2dfa1e49635753b9cefb82507b443f08,"{""distance"":5,""physical_error_rate"":0.005}","{""detection_events"":42475,""detectors_checked"":2611200,""obs_mistake_mask=E_E_"":2,""obs_mistake_mask=E___"":2,""obs_mistake_mask=_EE_"":1,""obs_mistake_mask=_E_E"":1,""obs_mistake_mask=__E_"":1}"
     15360,         0,         0,   0.598,decoder_by_matrix,0421d486f8a041838688df650e87c0a19c3450ab7a7cc8b3dc589ebff86d1c74,"{""distance"":5,""physical_error_rate"":0.0001}","{""detection_events"":1000,""detectors_checked"":2611200}"
      7168,         0,         0,   0.300,decoder_by_matrix,3c866087b289edc25e9adea730044a15db18cabfd3ae2507fc844d5b4e03657a,"{""distance"":5,""physical_error_rate"":5e-06}","{""detection_events"":45,""detectors_checked"":1218560}"
      2048,         0,         0,   0.074,decoder_by_matrix,9c6baee88fc81e7d1aa345fcb3feec7ee81f21c5d49cb6ca037118097d89e180,"{""distance"":5,""physical_error_rate"":5e-05}","{""detection_events"":45,""detectors_checked"":348160}"
     15360,         0,         0,   0.574,decoder_by_matrix,b84cf4b8ca220d31f17e1e2ea9ab927bbc4176b15682c650e7d1dd8f2758172b,"{""distance"":5,""physical_error_rate"":0.0005}","{""detection_events"":4525,""detectors_checked"":2611200}"
     15360,        22,         0,   0.597,decoder_by_matrix,90a4071835a8081462c190a19e797ba514a4700a252abbae3adc59eefd5a11d7,"{""distance"":5,""physical_error_rate"":0.01}","{""detection_events"":80175,""detectors_checked"":2611200,""obs_mistake_mask=EEE_"":2,""obs_mistake_mask=EE_E"":2,""obs_mistake_mask=EE__"":1,""obs_mistake_mask=E_E_"":2,""obs_mistake_mask=E__E"":3,""obs_mistake_mask=E___"":4,""obs_mistake_mask=_EEE"":2,""obs_mistake_mask=_EE_"":2,""obs_mistake_mask=_E_E"":1,""obs_mistake_mask=___E"":3}"
     15360,         0,         0,   0.572,decoder_by_matrix,fa5edda0c1038186c8afbec49b0215a0b852396cdb50783a3f937fdf51d2afac,"{""distance"":5,""physical_error_rate"":1e-05}","{""detection_events"":20,""detectors_checked"":2611200}"
      6144,         0,         0,   0.217,decoder_by_matrix,e41ade2e4684e0396b9a3890c882b6453b515d69885aa1d89a26ce21ec554895,"{""distance"":5,""physical_error_rate"":1e-06}","{""detection_events"":10,""detectors_checked"":1044480}"
      8192,         0,         0,   0.307,decoder_by_matrix,e41ade2e4684e0396b9a3890c882b6453b515d69885aa1d89a26ce21ec554895,"{""distance"":5,""physical_error_rate"":1e-06}","{""detectors_checked"":1392640}"
        16,         0,         0,   0.065,decoder_by_matrix,0421d486f8a041838688df650e87c0a19c3450ab7a7cc8b3dc589ebff86d1c74,"{""distance"":5,""physical_error_rate"":0.0001}","{""detectors_checked"":2720}"
      2048,         0,         0,   0.074,decoder_by_matrix,9c6baee88fc81e7d1aa345fcb3feec7ee81f21c5d49cb6ca037118097d89e180,"{""distance"":5,""physical_error_rate"":5e-05}","{""detection_events"":5,""detectors_checked"":348160}"
     16384,         0,         0,   0.590,decoder_by_matrix,e41ade2e4684e0396b9a3890c882b6453b515d69885aa1d89a26ce21ec554895,"{""distance"":5,""physical_error_rate"":1e-06}","{""detectors_checked"":2785280}"
     10240,         0,         0,   0.409,decoder_by_matrix,fa5edda0c1038186c8afbec49b0215a0b852396cdb50783a3f937fdf51d2afac,"{""distance"":5,""physical_error_rate"":1e-05}","{""detection_events"":70,""detectors_checked"":1740800}"
      8192,         0,         0,   0.296,decoder_by_matrix,3c866087b289edc25e9adea730044a15db18cabfd3ae2507fc844d5b4e03657a,"{""distance"":5,""physical_error_rate"":5e-06}","{""detection_events"":65,""detectors_checked"":1392640}"
     21504,         0,         0,   0.815,decoder_by_matrix,9c6baee88fc81e7d1aa345fcb3feec7ee81f21c5d49cb6ca037118097d89e180,"{""distance"":5,""physical_error_rate"":5e-05}","{""detection_events"":670,""detectors_checked"":3655680}"
       128,         0,         0,   0.077,decoder_by_matrix,0421d486f8a041838688df650e87c0a19c3450ab7a7cc8b3dc589ebff86d1c74,"{""distance"":5,""physical_error_rate"":0.0001}","{""detectors_checked"":21760}"
     16384,         0,         0,   0.578,decoder_by_matrix,9c6baee88fc81e7d1aa345fcb3feec7ee81f21c5d49cb6ca037118097d89e180,"{""distance"":5,""physical_error_rate"":5e-05}","{""detection_events"":375,""detectors_checked"":2785280}"
      6144,         0,         0,   0.213,decoder_by_matrix,fa5edda0c1038186c8afbec49b0215a0b852396cdb50783a3f937fdf51d2afac,"{""distance"":5,""physical_error_rate"":1e-05}","{""detection_events"":10,""detectors_checked"":1044480}"
       512,         0,         0,   0.055,decoder_by_matrix,0421d486f8a041838688df650e87c0a19c3450ab7a7cc8b3dc589ebff86d1c74,"{""distance"":5,""physical_error_rate"":0.0001}","{""detection_events"":5,""detectors_checked"":87040}"
      3072,         0,         0,   0.112,decoder_by_matrix,9c6baee88fc81e7d1aa345fcb3feec7ee81f21c5d49cb6ca037118097d89e180,"{""distance"":5,""physical_error_rate"":5e-05}","{""detection_events"":75,""detectors_checked"":522240}"
      2048,         0,         0,   0.069,decoder_by_matrix,0421d486f8a041838688df650e87c0a19c3450ab7a7cc8b3dc589ebff86d1c74,"{""distance"":5,""physical_error_rate"":0.0001}","{""detection_events"":50,""detectors_checked"":348160}"
     15360,         3,         0,   0.585,decoder_by_matrix,926aad2e192fb73fc0ac724cdb1e19af2dfa1e49635753b9cefb82507b443f08,"{""distance"":5,""physical_error_rate"":0.005}","{""detection_events"":42270,""detectors_checked"":2611200,""obs_mistake_mask=E___"":3}"
     15360,        28,         0,   0.578,decoder_by_matrix,90a4071835a8081462c190a19e797ba514a4700a252abbae3adc59eefd5a11d7,"{""distance"":5,""physical_error_rate"":0.01}","{""detection_events"":83750,""detectors_checked"":2611200,""obs_mistake_mask=EE__"":1,""obs_mistake_mask=E_EE"":2,""obs_mistake_mask=E___"":4,""obs_mistake_mask=_EEE"":1,""obs_mistake_mask=_EE_"":1,""obs_mistake_mask=_E_E"":1,""obs_mistake_mask=_E__"":2,""obs_mistake_mask=__EE"":3,""obs_mistake_mask=__E_"":8,""obs_mistake_mask=___E"":5}"
     10240,         0,         0,   0.418,decoder_by_matrix,b84cf4b8ca220d31f17e1e2ea9ab927bbc4176b15682c650e7d1dd8f2758172b,"{""distance"":5,""physical_error_rate"":0.0005}","{""detection_events"":3040,""detectors_checked"":1740800}"
      2048,         0,         0,   0.076,decoder_by_matrix,0421d486f8a041838688df650e87c0a19c3450ab7a7cc8b3dc589ebff86d1c74,"{""distance"":5,""physical_error_rate"":0.0001}","{""detection_events"":140,""detectors_checked"":348160}"
      7168,         0,         0,   0.298,decoder_by_matrix,e41ade2e4684e0396b9a3890c882b6453b515d69885aa1d89a26ce21ec554895,"{""distance"":5,""physical_error_rate"":1e-06}","{""detection_events"":15,""detectors_checked"":1218560}"
      3072,         0,         0,   0.147,decoder_by_matrix,9c6baee88fc81e7d1aa345fcb3feec7ee81f21c5d49cb6ca037118097d89e180,"{""distance"":5,""physical_error_rate"":5e-05}","{""detection_events"":5,""detectors_checked"":522240}"
     22528,         0,         0,   0.816,decoder_by_matrix,066a5d8d46981b593c3dec855f441edbe9e755a8873183448f69d036a2ecc650,"{""distance"":5,""physical_error_rate"":0.001}","{""detection_events"":12115,""detectors_checked"":3829760}"
      7168,         0,         0,   0.404,decoder_by_matrix,3c866087b289edc25e9adea730044a15db18cabfd3ae2507fc844d5b4e03657a,"{""distance"":5,""physical_error_rate"":5e-06}","{""detectors_checked"":1218560}"
     15360,         0,         0,   0.594,decoder_by_matrix,0421d486f8a041838688df650e87c0a19c3450ab7a7cc8b3dc589ebff86d1c74,"{""distance"":5,""physical_error_rate"":0.0001}","{""detection_events"":795,""detectors_checked"":2611200}"
      3072,         0,         0,   0.117,decoder_by_matrix,0421d486f8a041838688df650e87c0a19c3450ab7a7cc8b3dc589ebff86d1c74,"{""distance"":5,""physical_error_rate"":0.0001}","{""detection_events"":100,""detectors_checked"":522240}"
     12288,         0,         0,   0.425,decoder_by_matrix,e41ade2e4684e0396b9a3890c882b6453b515d69885aa1d89a26ce21ec554895,"{""distance"":5,""physical_error_rate"":1e-06}","{""detection_events"":10,""detectors_checked"":2088960}"
      9216,         0,         0,   0.305,decoder_by_matrix,fa5edda0c1038186c8afbec49b0215a0b852396cdb50783a3f937fdf51d2afac,"{""distance"":5,""physical_error_rate"":1e-05}","{""detection_events"":5,""detectors_checked"":1566720}"
      4096,         0,         0,   0.150,decoder_by_matrix,9c6baee88fc81e7d1aa345fcb3feec7ee81f21c5d49cb6ca037118097d89e180,"{""distance"":5,""physical_error_rate"":5e-05}","{""detection_events"":230,""detectors_checked"":696320}"
     10240,         0,         0,   0.408,decoder_by_matrix,3c866087b289edc25e9adea730044a15db18cabfd3ae2507fc844d5b4e03657a,"{""distance"":5,""physical_error_rate"":5e-06}","{""detection_events"":10,""detectors_checked"":1740800}"
     22528,         0,         0,   0.816,decoder_by_matrix,3c866087b289edc25e9adea730044a15db18cabfd3ae2507fc844d5b4e03657a,"{""distance"":5,""physical_error_rate"":5e-06}","{""detection_events"":95,""detectors_checked"":3829760}"
     21504,         0,         0,   0.795,decoder_by_matrix,b84cf4b8ca220d31f17e1e2ea9ab927bbc4176b15682c650e7d1dd8f2758172b,"{""distance"":5,""physical_error_rate"":0.0005}","{""detection_events"":5880,""detectors_checked"":3655680}"
      4096,         0,         0,   0.167,decoder_by_matrix,0421d486f8a041838688df650e87c0a19c3450ab7a7cc8b3dc589ebff86d1c74,"{""distance"":5,""physical_error_rate"":0.0001}","{""detection_events"":165,""detectors_checked"":696320}"
     21504,         0,         0,   0.803,decoder_by_matrix,066a5d8d46981b593c3dec855f441edbe9e755a8873183448f69d036a2ecc650,"{""distance"":5,""physical_error_rate"":0.001}","{""detection_events"":11470,""detectors_checked"":3655680}"
     15360,         0,         0,   0.566,decoder_by_matrix,fa5edda0c1038186c8afbec49b0215a0b852396cdb50783a3f937fdf51d2afac,"{""distance"":5,""physical_error_rate"":1e-05}","{""detection_events"":75,""detectors_checked"":2611200}"
     11264,         0,         0,   0.421,decoder_by_matrix,e41ade2e4684e0396b9a3890c882b6453b515d69885aa1d89a26ce21ec554895,"{""distance"":5,""physical_error_rate"":1e-06}","{""detection_events"":15,""detectors_checked"":1914880}"
      6144,         0,         0,   0.270,decoder_by_matrix,9c6baee88fc81e7d1aa345fcb3feec7ee81f21c5d49cb6ca037118097d89e180,"{""distance"":5,""physical_error_rate"":5e-05}","{""detection_events"":220,""detectors_checked"":1044480}"
     21504,         4,         0,   0.801,decoder_by_matrix,926aad2e192fb73fc0ac724cdb1e19af2dfa1e49635753b9cefb82507b443f08,"{""distance"":5,""physical_error_rate"":0.005}","{""detection_events"":59035,""detectors_checked"":3655680,""obs_mistake_mask=EE__"":2,""obs_mistake_mask=E___"":1,""obs_mistake_mask=___E"":1}"
     21504,         0,         0,   0.804,decoder_by_matrix,0421d486f8a041838688df650e87c0a19c3450ab7a7cc8b3dc589ebff86d1c74,"{""distance"":5,""physical_error_rate"":0.0001}","{""detection_events"":1160,""detectors_checked"":3655680}"
     20480,        39,         0,   0.808,decoder_by_matrix,90a4071835a8081462c190a19e797ba514a4700a252abbae3adc59eefd5a11d7,"{""distance"":5,""physical_error_rate"":0.01}","{""detection_events"":111755,""detectors_checked"":3481600,""obs_mistake_mask=EE_E"":1,""obs_mistake_mask=EE__"":3,""obs_mistake_mask=E_EE"":1,""obs_mistake_mask=E_E_"":3,""obs_mistake_mask=E__E"":2,""obs_mistake_mask=E___"":5,""obs_mistake_mask=_EEE"":3,""obs_mistake_mask=_EE_"":1,""obs_mistake_mask=_E_E"":2,""obs_mistake_mask=_E__"":3,""obs_mistake_mask=__EE"":6,""obs_mistake_mask=__E_"":2,""obs_mistake_mask=___E"":7}"
     21504,         0,         0,   0.826,decoder_by_matrix,b84cf4b8ca220d31f17e1e2ea9ab927bbc4176b15682c650e7d1dd8f2758172b,"{""distance"":5,""physical_error_rate"":0.0005}","{""detection_events"":6355,""detectors_checked"":3655680}"
     21504,         0,         0,   0.815,decoder_by_matrix,fa5edda0c1038186c8afbec49b0215a0b852396cdb50783a3f937fdf51d2afac,"{""distance"":5,""physical_error_rate"":1e-05}","{""detection_events"":55,""detectors_checked"":3655680}"
      6144,         0,         0,   0.234,decoder_by_matrix,0421d486f8a041838688df650e87c0a19c3450ab7a7cc8b3dc589ebff86d1c74,"{""distance"":5,""physical_error_rate"":0.0001}","{""detection_events"":420,""detectors_checked"":1044480}"
     13312,         0,         0,   0.573,decoder_by_matrix,b84cf4b8ca220d31f17e1e2ea9ab927bbc4176b15682c650e7d1dd8f2758172b,"{""distance"":5,""physical_error_rate"":0.0005}","{""detection_events"":3620,""detectors_checked"":2263040}"
     10240,         0,         0,   0.415,decoder_by_matrix,fa5edda0c1038186c8afbec49b0215a0b852396cdb50783a3f937fdf51d2afac,"{""distance"":5,""physical_error_rate"":1e-05}","{""detection_events"":40,""detectors_checked"":1740800}"
     22528,         0,         0,   0.820,decoder_by_matrix,e41ade2e4684e0396b9a3890c882b6453b515d69885aa1d89a26ce21ec554895,"{""distance"":5,""physical_error_rate"":1e-06}","{""detection_events"":40,""detectors_checked"":3829760}"
     22528,         0,         0,   0.797,decoder_by_matrix,9c6baee88fc81e7d1aa345fcb3feec7ee81f21c5d49cb6ca037118097d89e180,"{""distance"":5,""physical_error_rate"":5e-05}","{""detection_events"":535,""detectors_checked"":3829760}"
     15360,         0,         0,   0.572,decoder_by_matrix,3c866087b289edc25e9adea730044a15db18cabfd3ae2507fc844d5b4e03657a,"{""distance"":5,""physical_error_rate"":5e-06}","{""detection_events"":10,""detectors_checked"":2611200}"
      8192,         0,         0,   0.297,decoder_by_matrix,9c6baee88fc81e7d1aa345fcb3feec7ee81f21c5d49cb6ca037118097d89e180,"{""distance"":5,""physical_error_rate"":5e-05}","{""detection_events"":315,""detectors_checked"":1392640}"
     16384,         0,         0,   0.596,decoder_by_matrix,e41ade2e4684e0396b9a3890c882b6453b515d69885aa1d89a26ce21ec554895,"{""distance"":5,""physical_error_rate"":1e-06}","{""detectors_checked"":2785280}"
     21504,         7,         0,   0.820,decoder_by_matrix,926aad2e192fb73fc0ac724cdb1e19af2dfa1e49635753b9cefb82507b443f08,"{""distance"":5,""physical_error_rate"":0.005}","{""detection_events"":59725,""detectors_checked"":3655680,""obs_mistake_mask=E_E_"":1,""obs_mistake_mask=E___"":1,""obs_mistake_mask=_E_E"":1,""obs_mistake_mask=_E__"":2,""obs_mistake_mask=__E_"":1,""obs_mistake_mask=___E"":1}"
     21504,        35,         0,   0.819,decoder_by_matrix,90a4071835a8081462c190a19e797ba514a4700a252abbae3adc59eefd5a11d7,"{""distance"":5,""physical_error_rate"":0.01}","{""detection_events"":117325,""detectors_checked"":3655680,""obs_mistake_mask=EE_E"":2,""obs_mistake_mask=EE__"":5,""obs_mistake_mask=E_E_"":2,""obs_mistake_mask=E__E"":3,""obs_mistake_mask=E___"":8,""obs_mistake_mask=_EEE"":3,""obs_mistake_mask=_EE_"":1,""obs_mistake_mask=_E_E"":1,""obs_mistake_mask=_E__"":3,""obs_mistake_mask=__EE"":1,""obs_mistake_mask=__E_"":4,""obs_mistake_mask=___E"":2}"
     15360,         0,         0,   0.579,decoder_by_matrix,3c866087b289edc25e9adea730044a15db18cabfd3ae2507fc844d5b4e03657a,"{""distance"":5,""physical_error_rate"":5e-06}","{""detection_events"":40,""detectors_checked"":2611200}"
      7168,         0,         0,   0.309,decoder_by_matrix,0421d486f8a041838688df650e87c0a19c3450ab7a7cc8b3dc589ebff86d1c74,"{""distance"":5,""physical_error_rate"":0.0001}","{""detection_events"":420,""detectors_checked"":1218560}"
     20480,         0,         0,   0.794,decoder_by_matrix,0421d486f8a041838688df650e87c0a19c3450ab7a7cc8b3dc589ebff86d1c74,"{""distance"":5,""physical_error_rate"":0.0001}","{""detection_events"":1050,""detectors_checked"":3481600}"
     28672,         0,         0,    1.11,decoder_by_matrix,9c6baee88fc81e7d1aa345fcb3feec7ee81f21c5d49cb6ca037118097d89e180,"{""distance"":5,""physical_error_rate"":5e-05}","{""detection_events"":840,""detectors_checked"":4874240}"
     15360,         0,         0,   0.571,decoder_by_matrix,e41ade2e4684e0396b9a3890c882b6453b515d69885aa1d89a26ce21ec554895,"{""distance"":5,""physical_error_rate"":1e-06}","{""detectors_checked"":2611200}"
     16384,         0,         0,   0.587,decoder_by_matrix,fa5edda0c1038186c8afbec49b0215a0b852396cdb50783a3f937fdf51d2afac,"{""distance"":5,""physical_error_rate"":1e-05}","{""detection_events"":110,""detectors_checked"":2785280}"
     11264,         0,         0,   0.432,decoder_by_matrix,9c6baee88fc81e7d1aa345fcb3feec7ee81f21c5d49cb6ca037118097d89e180,"{""distance"":5,""physical_error_rate"":5e-05}","{""detection_events"":230,""detectors_checked"":1914880}"
     21504,         0,         0,   0.808,decoder_by_matrix,fa5edda0c1038186c8afbec49b0215a0b852396cdb50783a3f937fdf51d2afac,"{""distance"":5,""physical_error_rate"":1e-05}","{""detection_events"":125,""detectors_checked"":3655680}"
     29696,         0,         0,    1.13,decoder_by_matrix,066a5d8d46981b593c3dec855f441edbe9e755a8873183448f69d036a2ecc650,"{""distance"":5,""physical_error_rate"":0.001}","{""detection_events"":16645,""detectors_checked"":5048320}"
     11264,         0,         0,   0.435,decoder_by_matrix,0421d486f8a041838688df650e87c0a19c3450ab7a7cc8b3dc589ebff86d1c74,"{""distance"":5,""physical_error_rate"":0.0001}","{""detection_events"":690,""detectors_checked"":1914880}"
     29696,         0,         0,    1.12,decoder_by_matrix,3c866087b289edc25e9adea730044a15db18cabfd3ae2507fc844d5b4e03657a,"{""distance"":5,""physical_error_rate"":5e-06}","{""detection_events"":110,""detectors_checked"":5048320}"
     21504,         0,         0,   0.828,decoder_by_matrix,b84cf4b8ca220d31f17e1e2ea9ab927bbc4176b15682c650e7d1dd8f2758172b,"{""distance"":5,""physical_error_rate"":0.0005}","{""detection_events"":6585,""detectors_checked"":3655680}"
     29696,         0,         0,    1.13,decoder_by_matrix,b84cf4b8ca220d31f17e1e2ea9ab927bbc4176b15682c650e7d1dd8f2758172b,"{""distance"":5,""physical_error_rate"":0.0005}","{""detection_events"":8925,""detectors_checked"":5048320}"
     21504,         0,         0,   0.802,decoder_by_matrix,3c866087b289edc25e9adea730044a15db18cabfd3ae2507fc844d5b4e03657a,"{""distance"":5,""physical_error_rate"":5e-06}","{""detection_events"":85,""detectors_checked"":3655680}"
     30720,         0,         0,    1.14,decoder_by_matrix,066a5d8d46981b593c3dec855f441edbe9e755a8873183448f69d036a2ecc650,"{""distance"":5,""physical_error_rate"":0.001}","{""detection_events"":17965,""detectors_checked"":5222400}"
     22528,         0,         0,   0.826,decoder_by_matrix,e41ade2e4684e0396b9a3890c882b6453b515d69885aa1d89a26ce21ec554895,"{""distance"":5,""physical_error_rate"":1e-06}","{""detectors_checked"":3829760}"
     28672,         8,         0,    1.11,decoder_by_matrix,926aad2e192fb73fc0ac724cdb1e19af2dfa1e49635753b9cefb82507b443f08,"{""distance"":5,""physical_error_rate"":0.005}","{""detection_events"":80425,""detectors_checked"":4874240,""obs_mistake_mask=E_EE"":1,""obs_mistake_mask=E___"":1,""obs_mistake_mask=_EEE"":3,""obs_mistake_mask=_E__"":2,""obs_mistake_mask=__E_"":1}"
     29696,         0,         0,    1.13,decoder_by_matrix,0421d486f8a041838688df650e87c0a19c3450ab7a7cc8b3dc589ebff86d1c74,"{""distance"":5,""physical_error_rate"":0.0001}","{""detection_events"":1815,""detectors_checked"":5048320}"
     22528,         0,         0,   0.826,decoder_by_matrix,3c866087b289edc25e9adea730044a15db18cabfd3ae2507fc844d5b4e03657a,"{""distance"":5,""physical_error_rate"":5e-06}","{""detection_events"":80,""detectors_checked"":3829760}"
     27648,        51,         0,    1.13,decoder_by_matrix,90a4071835a8081462c190a19e797ba514a4700a252abbae3adc59eefd5a11d7,"{""distance"":5,""physical_error_rate"":0.01}","{""detection_events"":152075,""detectors_checked"":4700160,""obs_mistake_mask=EEE_"":4,""obs_mistake_mask=EE_E"":1,""obs_mistake_mask=EE__"":3,""obs_mistake_mask=E_E_"":5,""obs_mistake_mask=E__E"":5,""obs_mistake_mask=E___"":4,""obs_mistake_mask=_EEE"":5,""obs_mistake_mask=_EE_"":3,""obs_mistake_mask=_E_E"":3,""obs_mistake_mask=_E__"":5,""obs_mistake_mask=__EE"":1,""obs_mistake_mask=__E_"":8,""obs_mistake_mask=___E"":4}"
     28672,         0,         0,    1.13,decoder_by_matrix,b84cf4b8ca220d31f17e1e2ea9ab927bbc4176b15682c650e7d1dd8f2758172b,"{""distance"":5,""physical_error_rate"":0.0005}","{""detection_events"":8295,""detectors_checked"":4874240}"
     28672,         0,         0,    1.13,decoder_by_matrix,fa5edda0c1038186c8afbec49b0215a0b852396cdb50783a3f937fdf51d2afac,"{""distance"":5,""physical_error_rate"":1e-05}","{""detection_events"":155,""detectors_checked"":4874240}"
     31744,         0,         0,    1.14,decoder_by_matrix,e41ade2e4684e0396b9a3890c882b6453b515d69885aa1d89a26ce21ec554895,"{""distance"":5,""physical_error_rate"":1e-06}","{""detection_events"":10,""detectors_checked"":5396480}"
     29696,         0,         0,    1.11,decoder_by_matrix,9c6baee88fc81e7d1aa345fcb3feec7ee81f21c5d49cb6ca037118097d89e180,"{""distance"":5,""physical_error_rate"":5e-05}","{""detection_events"":1200,""detectors_checked"":5048320}"
     15360,         0,         0,   0.587,decoder_by_matrix,9c6baee88fc81e7d1aa345fcb3feec7ee81f21c5d49cb6ca037118097d89e180,"{""distance"":5,""physical_error_rate"":5e-05}","{""detection_events"":370,""detectors_checked"":2611200}"
     21504,         0,         0,   0.801,decoder_by_matrix,e41ade2e4684e0396b9a3890c882b6453b515d69885aa1d89a26ce21ec554895,"{""distance"":5,""physical_error_rate"":1e-06}","{""detection_events"":15,""detectors_checked"":3655680}"
     15360,         0,         0,   0.589,decoder_by_matrix,0421d486f8a041838688df650e87c0a19c3450ab7a7cc8b3dc589ebff86d1c74,"{""distance"":5,""physical_error_rate"":0.0001}","{""detection_events"":670,""detectors_checked"":2611200}"
     28672,         8,         0,    1.13,decoder_by_matrix,926aad2e192fb73fc0ac724cdb1e19af2dfa1e49635753b9cefb82507b443f08,"{""distance"":5,""physical_error_rate"":0.005}","{""detection_events"":78170,""detectors_checked"":4874240,""obs_mistake_mask=E__E"":1,""obs_mistake_mask=E___"":2,""obs_mistake_mask=_EE_"":1,""obs_mistake_mask=_E__"":1,""obs_mistake_mask=__EE"":1,""obs_mistake_mask=__E_"":1,""obs_mistake_mask=___E"":1}"
     29696,        59,         0,    1.16,decoder_by_matrix,90a4071835a8081462c190a19e797ba514a4700a252abbae3adc59eefd5a11d7,"{""distance"":5,""physical_error_rate"":0.01}","{""detection_events"":160520,""detectors_checked"":5048320,""obs_mistake_mask=EEE_"":2,""obs_mistake_mask=EE__"":2,""obs_mistake_mask=E_EE"":4,""obs_mistake_mask=E_E_"":6,""obs_mistake_mask=E__E"":4,""obs_mistake_mask=E___"":7,""obs_mistake_mask=_EEE"":4,""obs_mistake_mask=_EE_"":1,""obs_mistake_mask=_E_E"":4,""obs_mistake_mask=_E__"":9,""obs_mistake_mask=__EE"":2,""obs_mistake_mask=__E_"":3,""obs_mistake_mask=___E"":11}"
     23552,         0,         0,   0.801,decoder_by_matrix,fa5edda0c1038186c8afbec49b0215a0b852396cdb50783a3f937fdf51d2afac,"{""distance"":5,""physical_error_rate"":1e-05}","{""detection_events"":150,""detectors_checked"":4003840}"
     28672,         0,         0,    1.14,decoder_by_matrix,0421d486f8a041838688df650e87c0a19c3450ab7a7cc8b3dc589ebff86d1c74,"{""distance"":5,""physical_error_rate"":0.0001}","{""detection_events"":1395,""detectors_checked"":4874240}"
     30720,         0,         0,    1.13,decoder_by_matrix,fa5edda0c1038186c8afbec49b0215a0b852396cdb50783a3f937fdf51d2afac,"{""distance"":5,""physical_error_rate"":1e-05}","{""detection_events"":215,""detectors_checked"":5222400}"
     39936,         0,         0,    1.57,decoder_by_matrix,9c6baee88fc81e7d1aa345fcb3feec7ee81f21c5d49cb6ca037118097d89e180,"{""distance"":5,""physical_error_rate"":5e-05}","{""detection_events"":1100,""detectors_checked"":6789120}"
     29696,         0,         0,    1.14,decoder_by_matrix,b84cf4b8ca220d31f17e1e2ea9ab927bbc4176b15682c650e7d1dd8f2758172b,"{""distance"":5,""physical_error_rate"":0.0005}","{""detection_events"":8075,""detectors_checked"":5048320}"
     30720,         0,         0,    1.11,decoder_by_matrix,3c866087b289edc25e9adea730044a15db18cabfd3ae2507fc844d5b4e03657a,"{""distance"":5,""physical_error_rate"":5e-06}","{""detection_events"":35,""detectors_checked"":5222400}"
     21504,         0,         0,   0.815,decoder_by_matrix,9c6baee88fc81e7d1aa345fcb3feec7ee81f21c5d49cb6ca037118097d89e180,"{""distance"":5,""physical_error_rate"":5e-05}","{""detection_events"":675,""detectors_checked"":3655680}"
     20480,         0,         0,   0.790,decoder_by_matrix,0421d486f8a041838688df650e87c0a19c3450ab7a7cc8b3dc589ebff86d1c74,"{""distance"":5,""physical_error_rate"":0.0001}","{""detection_events"":1010,""detectors_checked"":3481600}"
     29696,         0,         0,    1.14,decoder_by_matrix,e41ade2e4684e0396b9a3890c882b6453b515d69885aa1d89a26ce21ec554895,"{""distance"":5,""physical_error_rate"":1e-06}","{""detection_events"":55,""detectors_checked"":5048320}"
     31744,         0,         0,    1.13,decoder_by_matrix,3c866087b289edc25e9adea730044a15db18cabfd3ae2507fc844d5b4e03657a,"{""distance"":5,""physical_error_rate"":5e-06}","{""detection_events"":125,""detectors_checked"":5396480}"
     44032,         0,         0,    1.58,decoder_by_matrix,066a5d8d46981b593c3dec855f441edbe9e755a8873183448f69d036a2ecc650,"{""distance"":5,""physical_error_rate"":0.001}","{""detection_events"":25305,""detectors_checked"":7485440}"
     44032,         0,         0,    1.58,decoder_by_matrix,3c866087b289edc25e9adea730044a15db18cabfd3ae2507fc844d5b4e03657a,"{""distance"":5,""physical_error_rate"":5e-06}","{""detection_events"":125,""detectors_checked"":7485440}"
     29696,         0,         0,    1.12,decoder_by_matrix,e41ade2e4684e0396b9a3890c882b6453b515d69885aa1d89a26ce21ec554895,"{""distance"":5,""physical_error_rate"":1e-06}","{""detection_events"":30,""detectors_checked"":5048320}"
     40960,         0,         0,    1.58,decoder_by_matrix,b84cf4b8ca220d31f17e1e2ea9ab927bbc4176b15682c650e7d1dd8f2758172b,"{""distance"":5,""physical_error_rate"":0.0005}","{""detection_events"":11910,""detectors_checked"":6963200}"
     40960,         0,         0,    1.57,decoder_by_matrix,066a5d8d46981b593c3dec855f441edbe9e755a8873183448f69d036a2ecc650,"{""distance"":5,""physical_error_rate"":0.001}","{""detection_events"":24065,""detectors_checked"":6963200}"
     31744,         0,         0,    1.13,decoder_by_matrix,fa5edda0c1038186c8afbec49b0215a0b852396cdb50783a3f937fdf51d2afac,"{""distance"":5,""physical_error_rate"":1e-05}","{""detection_events"":330,""detectors_checked"":5396480}"
     41984,        11,         0,    1.55,decoder_by_matrix,926aad2e192fb73fc0ac724cdb1e19af2dfa1e49635753b9cefb82507b443f08,"{""distance"":5,""physical_error_rate"":0.005}","{""detection_events"":118125,""detectors_checked"":7137280,""obs_mistake_mask=EE__"":1,""obs_mistake_mask=E_E_"":1,""obs_mistake_mask=_EEE"":1,""obs_mistake_mask=_EE_"":1,""obs_mistake_mask=_E__"":3,""obs_mistake_mask=__E_"":2,""obs_mistake_mask=___E"":2}"
     40960,         0,         0,    1.59,decoder_by_matrix,0421d486f8a041838688df650e87c0a19c3450ab7a7cc8b3dc589ebff86d1c74,"{""distance"":5,""physical_error_rate"":0.0001}","{""detection_events"":2135,""detectors_checked"":6963200}"
     39936,        67,         0,    1.56,decoder_by_matrix,90a4071835a8081462c190a19e797ba514a4700a252abbae3adc59eefd5a11d7,"{""distance"":5,""physical_error_rate"":0.01}","{""detection_events"":213775,""detectors_checked"":6789120,""obs_mistake_mask=EE_E"":1,""obs_mistake_mask=EE__"":5,""obs_mistake_mask=E_EE"":1,""obs_mistake_mask=E_E_"":5,""obs_mistake_mask=E__E"":5,""obs_mistake_mask=E___"":15,""obs_mistake_mask=_EEE"":4,""obs_mistake_mask=_EE_"":4,""obs_mistake_mask=_E_E"":4,""obs_mistake_mask=_E__"":6,""obs_mistake_mask=__EE"":1,""obs_mistake_mask=__E_"":11,""obs_mistake_mask=___E"":5}"
     41984,         0,         0,    1.58,decoder_by_matrix,b84cf4b8ca220d31f17e1e2ea9ab927bbc4176b15682c650e7d1dd8f2758172b,"{""distance"":5,""physical_error_rate"":0.0005}","{""detection_events"":11965,""detectors_checked"":7137280}"
     41984,         0,         0,    1.58,decoder_by_matrix,fa5edda0c1038186c8afbec49b0215a0b852396cdb50783a3f937fdf51d2afac,"{""distance"":5,""physical_error_rate"":1e-05}","{""detection_events"":315,""detectors_checked"":7137280}"
     41984,         0,         0,    1.56,decoder_by_matrix,9c6baee88fc81e7d1aa345fcb3feec7ee81f21c5d49cb6ca037118097d89e180,"{""distance"":5,""physical_error_rate"":5e-05}","{""detection_events"":1315,""detectors_checked"":7137280}"
     41984,         0,         0,    1.57,decoder_by_matrix,e41ade2e4684e0396b9a3890c882b6453b515d69885aa1d89a26ce21ec554895,"{""distance"":5,""physical_error_rate"":1e-06}","{""detection_events"":45,""detectors_checked"":7137280}"
     40960,         8,         0,    1.57,decoder_by_matrix,926aad2e192fb73fc0ac724cdb1e19af2dfa1e49635753b9cefb82507b443f08,"{""distance"":5,""physical_error_rate"":0.005}","{""detection_events"":116305,""detectors_checked"":6963200,""obs_mistake_mask=E_E_"":1,""obs_mistake_mask=E__E"":2,""obs_mistake_mask=E___"":3,""obs_mistake_mask=_E_E"":1,""obs_mistake_mask=___E"":1}"
     40960,        70,         0,    1.57,decoder_by_matrix,90a4071835a8081462c190a19e797ba514a4700a252abbae3adc59eefd5a11d7,"{""distance"":5,""physical_error_rate"":0.01}","{""detection_events"":224605,""detectors_checked"":6963200,""obs_mistake_mask=EEE_"":3,""obs_mistake_mask=EE__"":4,""obs_mistake_mask=E_EE"":1,""obs_mistake_mask=E_E_"":6,""obs_mistake_mask=E__E"":6,""obs_mistake_mask=E___"":12,""obs_mistake_mask=_EEE"":2,""obs_mistake_mask=_EE_"":4,""obs_mistake_mask=_E_E"":6,""obs_mistake_mask=_E__"":11,""obs_mistake_mask=__EE"":2,""obs_mistake_mask=__E_"":8,""obs_mistake_mask=___E"":5}"
     40960,         0,         0,    1.58,decoder_by_matrix,0421d486f8a041838688df650e87c0a19c3450ab7a7cc8b3dc589ebff86d1c74,"{""distance"":5,""physical_error_rate"":0.0001}","{""detection_events"":2330,""detectors_checked"":6963200}"
     28672,         0,         0,    1.12,decoder_by_matrix,9c6baee88fc81e7d1aa345fcb3feec7ee81f21c5d49cb6ca037118097d89e180,"{""distance"":5,""physical_error_rate"":5e-05}","{""detection_events"":1050,""detectors_checked"":4874240}"
     28672,         0,         0,    1.13,decoder_by_matrix,0421d486f8a041838688df650e87c0a19c3450ab7a7cc8b3dc589ebff86d1c74,"{""distance"":5,""physical_error_rate"":0.0001}","{""detection_events"":1710,""detectors_checked"":4874240}"
     40960,         0,         0,    1.58,decoder_by_matrix,fa5edda0c1038186c8afbec49b0215a0b852396cdb50783a3f937fdf51d2afac,"{""distance"":5,""physical_error_rate"":1e-05}","{""detection_events"":340,""detectors_checked"":6963200}"
     39936,         0,         0,    1.58,decoder_by_matrix,b84cf4b8ca220d31f17e1e2ea9ab927bbc4176b15682c650e7d1dd8f2758172b,"{""distance"":5,""physical_error_rate"":0.0005}","{""detection_events"":11730,""detectors_checked"":6789120}"
     40960,         0,         0,    1.58,decoder_by_matrix,3c866087b289edc25e9adea730044a15db18cabfd3ae2507fc844d5b4e03657a,"{""distance"":5,""physical_error_rate"":5e-06}","{""detection_events"":215,""detectors_checked"":6963200}"
     43008,         0,         0,    1.57,decoder_by_matrix,e41ade2e4684e0396b9a3890c882b6453b515d69885aa1d89a26ce21ec554895,"{""distance"":5,""physical_error_rate"":1e-06}","{""detection_events"":25,""detectors_checked"":7311360}"
     43008,         0,         0,    1.58,decoder_by_matrix,3c866087b289edc25e9adea730044a15db18cabfd3ae2507fc844d5b4e03657a,"{""distance"":5,""physical_error_rate"":5e-06}","{""detection_events"":105,""detectors_checked"":7311360}"
     41984,         0,         0,    1.57,decoder_by_matrix,e41ade2e4684e0396b9a3890c882b6453b515d69885aa1d89a26ce21ec554895,"{""distance"":5,""physical_error_rate"":1e-06}","{""detectors_checked"":7137280}"
     44032,         0,         0,    1.56,decoder_by_matrix,fa5edda0c1038186c8afbec49b0215a0b852396cdb50783a3f937fdf51d2afac,"{""distance"":5,""physical_error_rate"":1e-05}","{""detection_events"":255,""detectors_checked"":7485440}"
     56320,         0,         0,    2.19,decoder_by_matrix,9c6baee88fc81e7d1aa345fcb3feec7ee81f21c5d49cb6ca037118097d89e180,"{""distance"":5,""physical_error_rate"":5e-05}","{""detection_events"":1585,""detectors_checked"":9574400}"
     59392,         0,         0,    2.17,decoder_by_matrix,066a5d8d46981b593c3dec855f441edbe9e755a8873183448f69d036a2ecc650,"{""distance"":5,""physical_error_rate"":0.001}","{""detection_events"":32995,""detectors_checked"":10096640}"
     60416,         0,         0,    2.21,decoder_by_matrix,3c866087b289edc25e9adea730044a15db18cabfd3ae2507fc844d5b4e03657a,"{""distance"":5,""physical_error_rate"":5e-06}","{""detection_events"":90,""detectors_checked"":10270720}"
     57344,         0,         0,    2.19,decoder_by_matrix,b84cf4b8ca220d31f17e1e2ea9ab927bbc4176b15682c650e7d1dd8f2758172b,"{""distance"":5,""physical_error_rate"":0.0005}","{""detection_events"":17460,""detectors_checked"":9748480}"
     58368,         0,         0,    2.19,decoder_by_matrix,066a5d8d46981b593c3dec855f441edbe9e755a8873183448f69d036a2ecc650,"{""distance"":5,""physical_error_rate"":0.001}","{""detection_events"":33105,""detectors_checked"":9922560}"
     40960,         0,         0,    1.57,decoder_by_matrix,9c6baee88fc81e7d1aa345fcb3feec7ee81f21c5d49cb6ca037118097d89e180,"{""distance"":5,""physical_error_rate"":5e-05}","{""detection_events"":1165,""detectors_checked"":6963200}"
     58368,        22,         0,    2.18,decoder_by_matrix,926aad2e192fb73fc0ac724cdb1e19af2dfa1e49635753b9cefb82507b443f08,"{""distance"":5,""physical_error_rate"":0.005}","{""detection_events"":164725,""detectors_checked"":9922560,""obs_mistake_mask=EEE_"":1,""obs_mistake_mask=EE__"":3,""obs_mistake_mask=E_E_"":1,""obs_mistake_mask=E__E"":1,""obs_mistake_mask=E___"":5,""obs_mistake_mask=_EE_"":3,""obs_mistake_mask=_E__"":2,""obs_mistake_mask=__E_"":4,""obs_mistake_mask=___E"":2}"
     40960,         0,         0,    1.58,decoder_by_matrix,0421d486f8a041838688df650e87c0a19c3450ab7a7cc8b3dc589ebff86d1c74,"{""distance"":5,""physical_error_rate"":0.0001}","{""detection_events"":2345,""detectors_checked"":6963200}"
     55296,       106,         0,    2.18,decoder_by_matrix,90a4071835a8081462c190a19e797ba514a4700a252abbae3adc59eefd5a11d7,"{""distance"":5,""physical_error_rate"":0.01}","{""detection_events"":301890,""detectors_checked"":9400320,""obs_mistake_mask=EEE_"":2,""obs_mistake_mask=EE_E"":4,""obs_mistake_mask=EE__"":12,""obs_mistake_mask=E_EE"":4,""obs_mistake_mask=E_E_"":9,""obs_mistake_mask=E__E"":4,""obs_mistake_mask=E___"":19,""obs_mistake_mask=_EEE"":9,""obs_mistake_mask=_EE_"":2,""obs_mistake_mask=_E_E"":4,""obs_mistake_mask=_E__"":8,""obs_mistake_mask=__EE"":6,""obs_mistake_mask=__E_"":10,""obs_mistake_mask=___E"":13}"
     57344,         0,         0,    2.19,decoder_by_matrix,0421d486f8a041838688df650e87c0a19c3450ab7a7cc8b3dc589ebff86d1c74,"{""distance"":5,""physical_error_rate"":0.0001}","{""detection_events"":3175,""detectors_checked"":9748480}"
     57344,         0,         0,    2.18,decoder_by_matrix,fa5edda0c1038186c8afbec49b0215a0b852396cdb50783a3f937fdf51d2afac,"{""distance"":5,""physical_error_rate"":1e-05}","{""detection_events"":200,""detectors_checked"":9748480}"
     57344,         0,         0,    2.19,decoder_by_matrix,b84cf4b8ca220d31f17e1e2ea9ab927bbc4176b15682c650e7d1dd8f2758172b,"{""distance"":5,""physical_error_rate"":0.0005}","{""detection_events"":16350,""detectors_checked"":9748480}"
     57344,         0,         0,    2.17,decoder_by_matrix,e41ade2e4684e0396b9a3890c882b6453b515d69885aa1d89a26ce21ec554895,"{""distance"":5,""physical_error_rate"":1e-06}","{""detection_events"":30,""detectors_checked"":9748480}"
     59392,         0,         0,    2.19,decoder_by_matrix,9c6baee88fc81e7d1aa345fcb3feec7ee81f21c5d49cb6ca037118097d89e180,"{""distance"":5,""physical_error_rate"":5e-05}","{""detection_events"":1815,""detectors_checked"":10096640}"
     56320,        12,         0,    2.17,decoder_by_matrix,926aad2e192fb73fc0ac724cdb1e19af2dfa1e49635753b9cefb82507b443f08,"{""distance"":5,""physical_error_rate"":0.005}","{""detection_events"":157695,""detectors_checked"":9574400,""obs_mistake_mask=EE_E"":1,""obs_mistake_mask=EE__"":2,""obs_mistake_mask=E___"":2,""obs_mistake_mask=_EEE"":1,""obs_mistake_mask=_E_E"":2,""obs_mistake_mask=__EE"":1,""obs_mistake_mask=___E"":3}"
     57344,       115,         0,    2.20,decoder_by_matrix,90a4071835a8081462c190a19e797ba514a4700a252abbae3adc59eefd5a11d7,"{""distance"":5,""physical_error_rate"":0.01}","{""detection_events"":311410,""detectors_checked"":9748480,""obs_mistake_mask=EEE_"":2,""obs_mistake_mask=EE_E"":3,""obs_mistake_mask=EE__"":9,""obs_mistake_mask=E_EE"":1,""obs_mistake_mask=E_E_"":7,""obs_mistake_mask=E__E"":6,""obs_mistake_mask=E___"":23,""obs_mistake_mask=_EEE"":9,""obs_mistake_mask=_EE_"":6,""obs_mistake_mask=_E_E"":4,""obs_mistake_mask=_E__"":11,""obs_mistake_mask=__EE"":5,""obs_mistake_mask=__E_"":16,""obs_mistake_mask=___E"":13}"
     56320,         0,         0,    2.18,decoder_by_matrix,0421d486f8a041838688df650e87c0a19c3450ab7a7cc8b3dc589ebff86d1c74,"{""distance"":5,""physical_error_rate"":0.0001}","{""detection_events"":3100,""detectors_checked"":9574400}"
     58368,         0,         0,    2.19,decoder_by_matrix,fa5edda0c1038186c8afbec49b0215a0b852396cdb50783a3f937fdf51d2afac,"{""distance"":5,""physical_error_rate"":1e-05}","{""detection_events"":375,""detectors_checked"":9922560}"
     56320,         0,         0,    2.18,decoder_by_matrix,b84cf4b8ca220d31f17e1e2ea9ab927bbc4176b15682c650e7d1dd8f2758172b,"{""distance"":5,""physical_error_rate"":0.0005}","{""detection_events"":16850,""detectors_checked"":9574400}"
     58368,         0,         0,    2.18,decoder_by_matrix,3c866087b289edc25e9adea730044a15db18cabfd3ae2507fc844d5b4e03657a,"{""distance"":5,""physical_error_rate"":5e-06}","{""detection_events"":170,""detectors_checked"":9922560}"
     58368,         0,         0,    2.18,decoder_by_matrix,e41ade2e4684e0396b9a3890c882b6453b515d69885aa1d89a26ce21ec554895,"{""distance"":5,""physical_error_rate"":1e-06}","{""detection_events"":50,""detectors_checked"":9922560}"
     60416,         0,         0,    2.19,decoder_by_matrix,3c866087b289edc25e9adea730044a15db18cabfd3ae2507fc844d5b4e03657a,"{""distance"":5,""physical_error_rate"":5e-06}","{""detection_events"":90,""detectors_checked"":10270720}"
     59392,         0,         0,    2.20,decoder_by_matrix,e41ade2e4684e0396b9a3890c882b6453b515d69885aa1d89a26ce21ec554895,"{""distance"":5,""physical_error_rate"":1e-06}","{""detection_events"":55,""detectors_checked"":10096640}"
     61440,         0,         0,    2.17,decoder_by_matrix,fa5edda0c1038186c8afbec49b0215a0b852396cdb50783a3f937fdf51d2afac,"{""distance"":5,""physical_error_rate"":1e-05}","{""detection_events"":395,""detectors_checked"":10444800}"
     57344,         0,         0,    2.19,decoder_by_matrix,9c6baee88fc81e7d1aa345fcb3feec7ee81f21c5d49cb6ca037118097d89e180,"{""distance"":5,""physical_error_rate"":5e-05}","{""detection_events"":1515,""detectors_checked"":9748480}"
     57344,         0,         0,    2.20,decoder_by_matrix,0421d486f8a041838688df650e87c0a19c3450ab7a7cc8b3dc589ebff86d1c74,"{""distance"":5,""physical_error_rate"":0.0001}","{""detection_events"":2760,""detectors_checked"":9748480}"
     77824,         0,         0,    3.05,decoder_by_matrix,9c6baee88fc81e7d1aa345fcb3feec7ee81f21c5d49cb6ca037118097d89e180,"{""distance"":5,""physical_error_rate"":5e-05}","{""detection_events"":2325,""detectors_checked"":13230080}"
     83968,         0,         0,    3.06,decoder_by_matrix,066a5d8d46981b593c3dec855f441edbe9e755a8873183448f69d036a2ecc650,"{""distance"":5,""physical_error_rate"":0.001}","{""detection_events"":47480,""detectors_checked"":14274560}"
     76800,         0,         0,    3.05,decoder_by_matrix,3c866087b289edc25e9adea730044a15db18cabfd3ae2507fc844d5b4e03657a,"{""distance"":5,""physical_error_rate"":5e-06}","{""detection_events"":115,""detectors_checked"":13056000}"
     79872,         0,         0,    3.04,decoder_by_matrix,b84cf4b8ca220d31f17e1e2ea9ab927bbc4176b15682c650e7d1dd8f2758172b,"{""distance"":5,""physical_error_rate"":0.0005}","{""detection_events"":21895,""detectors_checked"":13578240}"
     81920,         0,         0,    3.06,decoder_by_matrix,066a5d8d46981b593c3dec855f441edbe9e755a8873183448f69d036a2ecc650,"{""distance"":5,""physical_error_rate"":0.001}","{""detection_events"":47210,""detectors_checked"":13926400}"
     81920,        21,         0,    3.05,decoder_by_matrix,926aad2e192fb73fc0ac724cdb1e19af2dfa1e49635753b9cefb82507b443f08,"{""distance"":5,""physical_error_rate"":0.005}","{""detection_events"":226590,""detectors_checked"":13926400,""obs_mistake_mask=E_EE"":2,""obs_mistake_mask=E_E_"":1,""obs_mistake_mask=E__E"":1,""obs_mistake_mask=E___"":5,""obs_mistake_mask=_EEE"":1,""obs_mistake_mask=_EE_"":1,""obs_mistake_mask=_E__"":3,""obs_mistake_mask=__EE"":1,""obs_mistake_mask=__E_"":3,""obs_mistake_mask=___E"":3}"
     77824,       136,         0,    3.06,decoder_by_matrix,90a4071835a8081462c190a19e797ba514a4700a252abbae3adc59eefd5a11d7,"{""distance"":5,""physical_error_rate"":0.01}","{""detection_events"":422710,""detectors_checked"":13230080,""obs_mistake_mask=EEE_"":2,""obs_mistake_mask=EE_E"":1,""obs_mistake_mask=EE__"":10,""obs_mistake_mask=E_EE"":5,""obs_mistake_mask=E_E_"":11,""obs_mistake_mask=E__E"":9,""obs_mistake_mask=E___"":25,""obs_mistake_mask=_EEE"":6,""obs_mistake_mask=_EE_"":4,""obs_mistake_mask=_E_E"":8,""obs_mistake_mask=_E__"":16,""obs_mistake_mask=__EE"":8,""obs_mistake_mask=__E_"":15,""obs_mistake_mask=___E"":16}"
     76800,         0,         0,    3.07,decoder_by_matrix,0421d486f8a041838688df650e87c0a19c3450ab7a7cc8b3dc589ebff86d1c74,"{""distance"":5,""physical_error_rate"":0.0001}","{""detection_events"":4195,""detectors_checked"":13056000}"
     71680,         0,         0,    3.05,decoder_by_matrix,b84cf4b8ca220d31f17e1e2ea9ab927bbc4176b15682c650e7d1dd8f2758172b,"{""distance"":5,""physical_error_rate"":0.0005}","{""detection_events"":20940,""detectors_checked"":12185600}"
     73728,         0,         0,    3.07,decoder_by_matrix,fa5edda0c1038186c8afbec49b0215a0b852396cdb50783a3f937fdf51d2afac,"{""distance"":5,""physical_error_rate"":1e-05}","{""detection_events"":405,""detectors_checked"":12533760}"
     84992,         0,         0,    3.04,decoder_by_matrix,9c6baee88fc81e7d1aa345fcb3feec7ee81f21c5d49cb6ca037118097d89e180,"{""distance"":5,""physical_error_rate"":5e-05}","{""detection_events"":2380,""detectors_checked"":14448640}"
     76800,         0,         0,    3.06,decoder_by_matrix,e41ade2e4684e0396b9a3890c882b6453b515d69885aa1d89a26ce21ec554895,"{""distance"":5,""physical_error_rate"":1e-06}","{""detection_events"":70,""detectors_checked"":13056000}"
     77824,        11,         0,    3.07,decoder_by_matrix,926aad2e192fb73fc0ac724cdb1e19af2dfa1e49635753b9cefb82507b443f08,"{""distance"":5,""physical_error_rate"":0.005}","{""detection_events"":219285,""detectors_checked"":13230080,""obs_mistake_mask=EE__"":2,""obs_mistake_mask=E__E"":1,""obs_mistake_mask=E___"":5,""obs_mistake_mask=_E__"":1,""obs_mistake_mask=___E"":2}"
     80896,       142,         0,    3.07,decoder_by_matrix,90a4071835a8081462c190a19e797ba514a4700a252abbae3adc59eefd5a11d7,"{""distance"":5,""physical_error_rate"":0.01}","{""detection_events"":439165,""detectors_checked"":13752320,""obs_mistake_mask=EEEE"":1,""obs_mistake_mask=EEE_"":5,""obs_mistake_mask=EE_E"":5,""obs_mistake_mask=EE__"":10,""obs_mistake_mask=E_EE"":1,""obs_mistake_mask=E_E_"":7,""obs_mistake_mask=E__E"":11,""obs_mistake_mask=E___"":23,""obs_mistake_mask=_EEE"":8,""obs_mistake_mask=_EE_"":2,""obs_mistake_mask=_E_E"":4,""obs_mistake_mask=_E__"":19,""obs_mistake_mask=__EE"":7,""obs_mistake_mask=__E_"":20,""obs_mistake_mask=___E"":19}"
     76800,         0,         0,    3.05,decoder_by_matrix,0421d486f8a041838688df650e87c0a19c3450ab7a7cc8b3dc589ebff86d1c74,"{""distance"":5,""physical_error_rate"":0.0001}","{""detection_events"":4235,""detectors_checked"":13056000}"
     82944,         0,         0,    3.07,decoder_by_matrix,fa5edda0c1038186c8afbec49b0215a0b852396cdb50783a3f937fdf51d2afac,"{""distance"":5,""physical_error_rate"":1e-05}","{""detection_events"":445,""detectors_checked"":14100480}"
     79872,         0,         0,    3.05,decoder_by_matrix,b84cf4b8ca220d31f17e1e2ea9ab927bbc4176b15682c650e7d1dd8f2758172b,"{""distance"":5,""physical_error_rate"":0.0005}","{""detection_events"":22945,""detectors_checked"":13578240}"
     82944,         0,         0,    3.05,decoder_by_matrix,3c866087b289edc25e9adea730044a15db18cabfd3ae2507fc844d5b4e03657a,"{""distance"":5,""physical_error_rate"":5e-06}","{""detection_events"":150,""detectors_checked"":14100480}"
     80896,         0,         0,    3.06,decoder_by_matrix,e41ade2e4684e0396b9a3890c882b6453b515d69885aa1d89a26ce21ec554895,"{""distance"":5,""physical_error_rate"":1e-06}","{""detection_events"":55,""detectors_checked"":13752320}"
     83968,         0,         0,    3.04,decoder_by_matrix,3c866087b289edc25e9adea730044a15db18cabfd3ae2507fc844d5b4e03657a,"{""distance"":5,""physical_error_rate"":5e-06}","{""detection_events"":100,""detectors_checked"":14274560}"
     82944,         0,         0,    3.05,decoder_by_matrix,e41ade2e4684e0396b9a3890c882b6453b515d69885aa1d89a26ce21ec554895,"{""distance"":5,""physical_error_rate"":1e-06}","{""detection_events"":20,""detectors_checked"":14100480}"
     86016,         0,         0,    3.05,decoder_by_matrix,fa5edda0c1038186c8afbec49b0215a0b852396cdb50783a3f937fdf51d2afac,"{""distance"":5,""physical_error_rate"":1e-05}","{""detection_events"":595,""detectors_checked"":14622720}"
     74752,         0,         0,    3.06,decoder_by_matrix,9c6baee88fc81e7d1aa345fcb3feec7ee81f21c5d49cb6ca037118097d89e180,"{""distance"":5,""physical_error_rate"":5e-05}","{""detection_events"":2355,""detectors_checked"":12707840}"
     79872,         0,         0,    3.05,decoder_by_matrix,0421d486f8a041838688df650e87c0a19c3450ab7a7cc8b3dc589ebff86d1c74,"{""distance"":5,""physical_error_rate"":0.0001}","{""detection_events"":4850,""detectors_checked"":13578240}"
    108544,         0,         0,    4.28,decoder_by_matrix,9c6baee88fc81e7d1aa345fcb3feec7ee81f21c5d49cb6ca037118097d89e180,"{""distance"":5,""physical_error_rate"":5e-05}","{""detection_events"":3085,""detectors_checked"":18452480}"
    116736,         1,         0,    4.28,decoder_by_matrix,066a5d8d46981b593c3dec855f441edbe9e755a8873183448f69d036a2ecc650,"{""distance"":5,""physical_error_rate"":0.001}","{""detection_events"":64600,""detectors_checked"":19845120,""obs_mistake_mask=_EE_"":1}"
    114688,         0,         0,    4.29,decoder_by_matrix,3c866087b289edc25e9adea730044a15db18cabfd3ae2507fc844d5b4e03657a,"{""distance"":5,""physical_error_rate"":5e-06}","{""detection_events"":295,""detectors_checked"":19496960}"
    107520,         0,         0,    4.29,decoder_by_matrix,b84cf4b8ca220d31f17e1e2ea9ab927bbc4176b15682c650e7d1dd8f2758172b,"{""distance"":5,""physical_error_rate"":0.0005}","{""detection_events"":30835,""detectors_checked"":18278400}"
    112640,         0,         0,    4.26,decoder_by_matrix,066a5d8d46981b593c3dec855f441edbe9e755a8873183448f69d036a2ecc650,"{""distance"":5,""physical_error_rate"":0.001}","{""detection_events"":65510,""detectors_checked"":19148800}"
    113664,        32,         0,    4.28,decoder_by_matrix,926aad2e192fb73fc0ac724cdb1e19af2dfa1e49635753b9cefb82507b443f08,"{""distance"":5,""physical_error_rate"":0.005}","{""detection_events"":320380,""detectors_checked"":19322880,""obs_mistake_mask=EE_E"":1,""obs_mistake_mask=EE__"":3,""obs_mistake_mask=E_EE"":1,""obs_mistake_mask=E_E_"":3,""obs_mistake_mask=E__E"":1,""obs_mistake_mask=E___"":8,""obs_mistake_mask=_EE_"":4,""obs_mistake_mask=_E__"":6,""obs_mistake_mask=__EE"":3,""obs_mistake_mask=__E_"":2}"
    107520,       194,         0,    4.27,decoder_by_matrix,90a4071835a8081462c190a19e797ba514a4700a252abbae3adc59eefd5a11d7,"{""distance"":5,""physical_error_rate"":0.01}","{""detection_events"":585825,""detectors_checked"":18278400,""obs_mistake_mask=EEE_"":3,""obs_mistake_mask=EE_E"":6,""obs_mistake_mask=EE__"":22,""obs_mistake_mask=E_EE"":3,""obs_mistake_mask=E_E_"":11,""obs_mistake_mask=E__E"":17,""obs_mistake_mask=E___"":35,""obs_mistake_mask=_EEE"":5,""obs_mistake_mask=_EE_"":9,""obs_mistake_mask=_E_E"":8,""obs_mistake_mask=_E__"":22,""obs_mistake_mask=__EE"":8,""obs_mistake_mask=__E_"":24,""obs_mistake_mask=___E"":21}"
    111616,         0,         0,    4.26,decoder_by_matrix,0421d486f8a041838688df650e87c0a19c3450ab7a7cc8b3dc589ebff86d1c74,"{""distance"":5,""physical_error_rate"":0.0001}","{""detection_events"":5860,""detectors_checked"":18974720}"
    111616,         0,         0,    4.26,decoder_by_matrix,fa5edda0c1038186c8afbec49b0215a0b852396cdb50783a3f937fdf51d2afac,"{""distance"":5,""physical_error_rate"":1e-05}","{""detection_events"":540,""detectors_checked"":18974720}"
    111616,         0,         0,    4.29,decoder_by_matrix,b84cf4b8ca220d31f17e1e2ea9ab927bbc4176b15682c650e7d1dd8f2758172b,"{""distance"":5,""physical_error_rate"":0.0005}","{""detection_events"":32445,""detectors_checked"":18974720}"
    116736,         0,         0,    4.27,decoder_by_matrix,e41ade2e4684e0396b9a3890c882b6453b515d69885aa1d89a26ce21ec554895,"{""distance"":5,""physical_error_rate"":1e-06}","{""detection_events"":55,""detectors_checked"":19845120}"
    117760,         0,         0,    4.28,decoder_by_matrix,9c6baee88fc81e7d1aa345fcb3feec7ee81f21c5d49cb6ca037118097d89e180,"{""distance"":5,""physical_error_rate"":5e-05}","{""detection_events"":3155,""detectors_checked"":20019200}"
    110592,        32,         0,    4.29,decoder_by_matrix,926aad2e192fb73fc0ac724cdb1e19af2dfa1e49635753b9cefb82507b443f08,"{""distance"":5,""physical_error_rate"":0.005}","{""detection_events"":305435,""detectors_checked"":18800640,""obs_mistake_mask=EEE_"":1,""obs_mistake_mask=EE_E"":1,""obs_mistake_mask=EE__"":3,""obs_mistake_mask=E_E_"":1,""obs_mistake_mask=E__E"":1,""obs_mistake_mask=E___"":7,""obs_mistake_mask=_EEE"":1,""obs_mistake_mask=_EE_"":2,""obs_mistake_mask=_E_E"":2,""obs_mistake_mask=_E__"":2,""obs_mistake_mask=__EE"":1,""obs_mistake_mask=__E_"":3,""obs_mistake_mask=___E"":7}"
    110592,       172,         0,    4.28,decoder_by_matrix,90a4071835a8081462c190a19e797ba514a4700a252abbae3adc59eefd5a11d7,"{""distance"":5,""physical_error_rate"":0.01}","{""detection_events"":592330,""detectors_checked"":18800640,""obs_mistake_mask=EEEE"":1,""obs_mistake_mask=EEE_"":4,""obs_mistake_mask=EE_E"":5,""obs_mistake_mask=EE__"":15,""obs_mistake_mask=E_EE"":6,""obs_mistake_mask=E_E_"":10,""obs_mistake_mask=E__E"":9,""obs_mistake_mask=E___"":36,""obs_mistake_mask=_EEE"":11,""obs_mistake_mask=_EE_"":11,""obs_mistake_mask=_E_E"":5,""obs_mistake_mask=_E__"":17,""obs_mistake_mask=__EE"":5,""obs_mistake_mask=__E_"":16,""obs_mistake_mask=___E"":21}"
    108544,         0,         0,    4.26,decoder_by_matrix,0421d486f8a041838688df650e87c0a19c3450ab7a7cc8b3dc589ebff86d1c74,"{""distance"":5,""physical_error_rate"":0.0001}","{""detection_events"":6625,""detectors_checked"":18452480}"
    113664,         0,         0,    4.27,decoder_by_matrix,fa5edda0c1038186c8afbec49b0215a0b852396cdb50783a3f937fdf51d2afac,"{""distance"":5,""physical_error_rate"":1e-05}","{""detection_events"":740,""detectors_checked"":19322880}"
    110592,         0,         0,    4.28,decoder_by_matrix,b84cf4b8ca220d31f17e1e2ea9ab927bbc4176b15682c650e7d1dd8f2758172b,"{""distance"":5,""physical_error_rate"":0.0005}","{""detection_events"":30420,""detectors_checked"":18800640}"
    114688,         0,         0,    4.28,decoder_by_matrix,3c866087b289edc25e9adea730044a15db18cabfd3ae2507fc844d5b4e03657a,"{""distance"":5,""physical_error_rate"":5e-06}","{""detection_events"":270,""detectors_checked"":19496960}"
    115712,         0,         0,    4.26,decoder_by_matrix,e41ade2e4684e0396b9a3890c882b6453b515d69885aa1d89a26ce21ec554895,"{""distance"":5,""physical_error_rate"":1e-06}","{""detection_events"":35,""detectors_checked"":19671040}"
    116736,         0,         0,    4.26,decoder_by_matrix,3c866087b289edc25e9adea730044a15db18cabfd3ae2507fc844d5b4e03657a,"{""distance"":5,""physical_error_rate"":5e-06}","{""detection_events"":380,""detectors_checked"":19845120}"
    114688,         0,         0,    4.27,decoder_by_matrix,e41ade2e4684e0396b9a3890c882b6453b515d69885aa1d89a26ce21ec554895,"{""distance"":5,""physical_error_rate"":1e-06}","{""detectors_checked"":19496960}"
    120832,         0,         0,    4.25,decoder_by_matrix,fa5edda0c1038186c8afbec49b0215a0b852396cdb50783a3f937fdf51d2afac,"{""distance"":5,""physical_error_rate"":1e-05}","{""detection_events"":720,""detectors_checked"":20541440}"
    111616,         0,         0,    4.28,decoder_by_matrix,9c6baee88fc81e7d1aa345fcb3feec7ee81f21c5d49cb6ca037118097d89e180,"{""distance"":5,""physical_error_rate"":5e-05}","{""detection_events"":3765,""detectors_checked"":18974720}"
    110592,         0,         0,    4.28,decoder_by_matrix,0421d486f8a041838688df650e87c0a19c3450ab7a7cc8b3dc589ebff86d1c74,"{""distance"":5,""physical_error_rate"":0.0001}","{""detection_events"":6265,""detectors_checked"":18800640}"
    144384,         0,         0,    5.97,decoder_by_matrix,9c6baee88fc81e7d1aa345fcb3feec7ee81f21c5d49cb6ca037118097d89e180,"{""distance"":5,""physical_error_rate"":5e-05}","{""detection_events"":4035,""detectors_checked"":24545280}"
    163840,         1,         0,    5.99,decoder_by_matrix,066a5d8d46981b593c3dec855f441edbe9e755a8873183448f69d036a2ecc650,"{""distance"":5,""physical_error_rate"":0.001}","{""detection_events"":92100,""detectors_checked"":27852800,""obs_mistake_mask=E_E_"":1}"
    158720,         0,         0,    5.96,decoder_by_matrix,3c866087b289edc25e9adea730044a15db18cabfd3ae2507fc844d5b4e03657a,"{""distance"":5,""physical_error_rate"":5e-06}","{""detection_events"":565,""detectors_checked"":26982400}"
    156672,         0,         0,    5.99,decoder_by_matrix,b84cf4b8ca220d31f17e1e2ea9ab927bbc4176b15682c650e7d1dd8f2758172b,"{""distance"":5,""physical_error_rate"":0.0005}","{""detection_events"":42635,""detectors_checked"":26634240}"
    157696,         0,         0,    5.97,decoder_by_matrix,066a5d8d46981b593c3dec855f441edbe9e755a8873183448f69d036a2ecc650,"{""distance"":5,""physical_error_rate"":0.001}","{""detection_events"":88860,""detectors_checked"":26808320}"
    159744,        36,         0,    5.97,decoder_by_matrix,926aad2e192fb73fc0ac724cdb1e19af2dfa1e49635753b9cefb82507b443f08,"{""distance"":5,""physical_error_rate"":0.005}","{""detection_events"":444645,""detectors_checked"":27156480,""obs_mistake_mask=EE_E"":1,""obs_mistake_mask=EE__"":4,""obs_mistake_mask=E_EE"":1,""obs_mistake_mask=E_E_"":3,""obs_mistake_mask=E__E"":2,""obs_mistake_mask=E___"":4,""obs_mistake_mask=_EEE"":2,""obs_mistake_mask=_EE_"":4,""obs_mistake_mask=_E_E"":2,""obs_mistake_mask=_E__"":4,""obs_mistake_mask=__EE"":2,""obs_mistake_mask=__E_"":5,""obs_mistake_mask=___E"":2}"
    151552,       281,         0,    5.98,decoder_by_matrix,90a4071835a8081462c190a19e797ba514a4700a252abbae3adc59eefd5a11d7,"{""distance"":5,""physical_error_rate"":0.01}","{""detection_events"":829770,""detectors_checked"":25763840,""obs_mistake_mask=EEE_"":5,""obs_mistake_mask=EE_E"":12,""obs_mistake_mask=EE__"":9,""obs_mistake_mask=E_EE"":5,""obs_mistake_mask=E_E_"":18,""obs_mistake_mask=E__E"":22,""obs_mistake_mask=E___"":53,""obs_mistake_mask=_EEE"":30,""obs_mistake_mask=_EE_"":12,""obs_mistake_mask=_E_E"":6,""obs_mistake_mask=_E__"":37,""obs_mistake_mask=__EE"":14,""obs_mistake_mask=__E_"":25,""obs_mistake_mask=___E"":33}"
    156672,         0,         0,    5.98,decoder_by_matrix,0421d486f8a041838688df650e87c0a19c3450ab7a7cc8b3dc589ebff86d1c74,"{""distance"":5,""physical_error_rate"":0.0001}","{""detection_events"":9580,""detectors_checked"":26634240}"
    153600,         0,         0,    5.96,decoder_by_matrix,fa5edda0c1038186c8afbec49b0215a0b852396cdb50783a3f937fdf51d2afac,"{""distance"":5,""physical_error_rate"":1e-05}","{""detection_events"":705,""detectors_checked"":26112000}"
    158720,         0,         0,    5.98,decoder_by_matrix,b84cf4b8ca220d31f17e1e2ea9ab927bbc4176b15682c650e7d1dd8f2758172b,"{""distance"":5,""physical_error_rate"":0.0005}","{""detection_events"":44775,""detectors_checked"":26982400}"
    157696,         0,         0,    5.96,decoder_by_matrix,e41ade2e4684e0396b9a3890c882b6453b515d69885aa1d89a26ce21ec554895,"{""distance"":5,""physical_error_rate"":1e-06}","{""detection_events"":155,""detectors_checked"":26808320}"
    162816,         0,         0,    5.97,decoder_by_matrix,9c6baee88fc81e7d1aa345fcb3feec7ee81f21c5d49cb6ca037118097d89e180,"{""distance"":5,""physical_error_rate"":5e-05}","{""detection_events"":5050,""detectors_checked"":27678720}"
    155648,        43,         0,    5.97,decoder_by_matrix,926aad2e192fb73fc0ac724cdb1e19af2dfa1e49635753b9cefb82507b443f08,"{""distance"":5,""physical_error_rate"":0.005}","{""detection_events"":430010,""detectors_checked"":26460160,""obs_mistake_mask=EEE_"":1,""obs_mistake_mask=E_EE"":2,""obs_mistake_mask=E__E"":4,""obs_mistake_mask=E___"":10,""obs_mistake_mask=_EE_"":2,""obs_mistake_mask=_E_E"":5,""obs_mistake_mask=_E__"":4,""obs_mistake_mask=__EE"":1,""obs_mistake_mask=__E_"":8,""obs_mistake_mask=___E"":6}"
    156672,       275,         0,    5.98,decoder_by_matrix,90a4071835a8081462c190a19e797ba514a4700a252abbae3adc59eefd5a11d7,"{""distance"":5,""physical_error_rate"":0.01}","{""detection_events"":850865,""detectors_checked"":26634240,""obs_mistake_mask=EEEE"":1,""obs_mistake_mask=EEE_"":9,""obs_mistake_mask=EE_E"":3,""obs_mistake_mask=EE__"":20,""obs_mistake_mask=E_EE"":2,""obs_mistake_mask=E_E_"":23,""obs_mistake_mask=E__E"":21,""obs_mistake_mask=E___"":52,""obs_mistake_mask=_EEE"":15,""obs_mistake_mask=_EE_"":12,""obs_mistake_mask=_E_E"":19,""obs_mistake_mask=_E__"":29,""obs_mistake_mask=__EE"":16,""obs_mistake_mask=__E_"":33,""obs_mistake_mask=___E"":20}"
    145408,         0,         0,    5.94,decoder_by_matrix,0421d486f8a041838688df650e87c0a19c3450ab7a7cc8b3dc589ebff86d1c74,"{""distance"":5,""physical_error_rate"":0.0001}","{""detection_events"":8175,""detectors_checked"":24719360}"
    158720,         0,         0,    5.96,decoder_by_matrix,fa5edda0c1038186c8afbec49b0215a0b852396cdb50783a3f937fdf51d2afac,"{""distance"":5,""physical_error_rate"":1e-05}","{""detection_events"":995,""detectors_checked"":26982400}"
    153600,         0,         0,    5.97,decoder_by_matrix,b84cf4b8ca220d31f17e1e2ea9ab927bbc4176b15682c650e7d1dd8f2758172b,"{""distance"":5,""physical_error_rate"":0.0005}","{""detection_events"":43140,""detectors_checked"":26112000}"
    158720,         0,         0,    5.96,decoder_by_matrix,3c866087b289edc25e9adea730044a15db18cabfd3ae2507fc844d5b4e03657a,"{""distance"":5,""physical_error_rate"":5e-06}","{""detection_events"":670,""detectors_checked"":26982400}"
    160768,         0,         0,    5.97,decoder_by_matrix,e41ade2e4684e0396b9a3890c882b6453b515d69885aa1d89a26ce21ec554895,"{""distance"":5,""physical_error_rate"":1e-06}","{""detection_events"":20,""detectors_checked"":27330560}"
    164864,         0,         0,    5.98,decoder_by_matrix,3c866087b289edc25e9adea730044a15db18cabfd3ae2507fc844d5b4e03657a,"{""distance"":5,""physical_error_rate"":5e-06}","{""detection_events"":330,""detectors_checked"":28026880}"
    159744,         0,         0,    5.96,decoder_by_matrix,e41ade2e4684e0396b9a3890c882b6453b515d69885aa1d89a26ce21ec554895,"{""distance"":5,""physical_error_rate"":1e-06}","{""detection_events"":175,""detectors_checked"":27156480}"
    168960,         0,         0,    5.96,decoder_by_matrix,fa5edda0c1038186c8afbec49b0215a0b852396cdb50783a3f937fdf51d2afac,"{""distance"":5,""physical_error_rate"":1e-05}","{""detection_events"":825,""detectors_checked"":28723200}"
    155648,         0,         0,    5.97,decoder_by_matrix,9c6baee88fc81e7d1aa345fcb3feec7ee81f21c5d49cb6ca037118097d89e180,"{""distance"":5,""physical_error_rate"":5e-05}","{""detection_events"":4240,""detectors_checked"":26460160}"
    154624,         0,         0,    5.98,decoder_by_matrix,0421d486f8a041838688df650e87c0a19c3450ab7a7cc8b3dc589ebff86d1c74,"{""distance"":5,""physical_error_rate"":0.0001}","{""detection_events"":8350,""detectors_checked"":26286080}"
    216064,         0,         0,    8.36,decoder_by_matrix,9c6baee88fc81e7d1aa345fcb3feec7ee81f21c5d49cb6ca037118097d89e180,"{""distance"":5,""physical_error_rate"":5e-05}","{""detection_events"":6260,""detectors_checked"":36730880}"
    228352,         1,         0,    8.37,decoder_by_matrix,066a5d8d46981b593c3dec855f441edbe9e755a8873183448f69d036a2ecc650,"{""distance"":5,""physical_error_rate"":0.001}","{""detection_events"":127095,""detectors_checked"":38819840,""obs_mistake_mask=E_E_"":1}"
    229376,         0,         0,    8.35,decoder_by_matrix,3c866087b289edc25e9adea730044a15db18cabfd3ae2507fc844d5b4e03657a,"{""distance"":5,""physical_error_rate"":5e-06}","{""detection_events"":890,""detectors_checked"":38993920}"
    218112,         0,         0,    8.35,decoder_by_matrix,b84cf4b8ca220d31f17e1e2ea9ab927bbc4176b15682c650e7d1dd8f2758172b,"{""distance"":5,""physical_error_rate"":0.0005}","{""detection_events"":64225,""detectors_checked"":37079040}"
    222208,         0,         0,    8.36,decoder_by_matrix,066a5d8d46981b593c3dec855f441edbe9e755a8873183448f69d036a2ecc650,"{""distance"":5,""physical_error_rate"":0.001}","{""detection_events"":124075,""detectors_checked"":37775360}"
    223232,        43,         0,    8.36,decoder_by_matrix,926aad2e192fb73fc0ac724cdb1e19af2dfa1e49635753b9cefb82507b443f08,"{""distance"":5,""physical_error_rate"":0.005}","{""detection_events"":622630,""detectors_checked"":37949440,""obs_mistake_mask=EEE_"":2,""obs_mistake_mask=EE_E"":2,""obs_mistake_mask=EE__"":3,""obs_mistake_mask=E_EE"":1,""obs_mistake_mask=E_E_"":4,""obs_mistake_mask=E__E"":2,""obs_mistake_mask=E___"":11,""obs_mistake_mask=_EEE"":1,""obs_mistake_mask=_EE_"":2,""obs_mistake_mask=_E_E"":1,""obs_mistake_mask=_E__"":1,""obs_mistake_mask=__EE"":4,""obs_mistake_mask=__E_"":4,""obs_mistake_mask=___E"":5}"
    218112,         0,         0,    8.34,decoder_by_matrix,0421d486f8a041838688df650e87c0a19c3450ab7a7cc8b3dc589ebff86d1c74,"{""distance"":5,""physical_error_rate"":0.0001}","{""detection_events"":12835,""detectors_checked"":37079040}"
    210944,       399,         0,    8.35,decoder_by_matrix,90a4071835a8081462c190a19e797ba514a4700a252abbae3adc59eefd5a11d7,"{""distance"":5,""physical_error_rate"":0.01}","{""detection_events"":1153900,""detectors_checked"":35860480,""obs_mistake_mask=EEEE"":1,""obs_mistake_mask=EEE_"":13,""obs_mistake_mask=EE_E"":10,""obs_mistake_mask=EE__"":40,""obs_mistake_mask=E_EE"":9,""obs_mistake_mask=E_E_"":25,""obs_mistake_mask=E__E"":40,""obs_mistake_mask=E___"":68,""obs_mistake_mask=_EEE"":28,""obs_mistake_mask=_EE_"":13,""obs_mistake_mask=_E_E"":21,""obs_mistake_mask=_E__"":34,""obs_mistake_mask=__EE"":24,""obs_mistake_mask=__E_"":35,""obs_mistake_mask=___E"":38}"
    218112,         0,         0,    8.34,decoder_by_matrix,b84cf4b8ca220d31f17e1e2ea9ab927bbc4176b15682c650e7d1dd8f2758172b,"{""distance"":5,""physical_error_rate"":0.0005}","{""detection_events"":62290,""detectors_checked"":37079040}"
    219136,         0,         0,    8.37,decoder_by_matrix,fa5edda0c1038186c8afbec49b0215a0b852396cdb50783a3f937fdf51d2afac,"{""distance"":5,""physical_error_rate"":1e-05}","{""detection_events"":1270,""detectors_checked"":37253120}"
    229376,         0,         0,    8.36,decoder_by_matrix,e41ade2e4684e0396b9a3890c882b6453b515d69885aa1d89a26ce21ec554895,"{""distance"":5,""physical_error_rate"":1e-06}","{""detection_events"":235,""detectors_checked"":38993920}"
    229376,         0,         0,    8.35,decoder_by_matrix,9c6baee88fc81e7d1aa345fcb3feec7ee81f21c5d49cb6ca037118097d89e180,"{""distance"":5,""physical_error_rate"":5e-05}","{""detection_events"":6425,""detectors_checked"":38993920}"
    217088,        65,         0,    8.36,decoder_by_matrix,926aad2e192fb73fc0ac724cdb1e19af2dfa1e49635753b9cefb82507b443f08,"{""distance"":5,""physical_error_rate"":0.005}","{""detection_events"":603645,""detectors_checked"":36904960,""obs_mistake_mask=EEEE"":1,""obs_mistake_mask=EEE_"":4,""obs_mistake_mask=EE_E"":2,""obs_mistake_mask=EE__"":3,""obs_mistake_mask=E_EE"":1,""obs_mistake_mask=E_E_"":2,""obs_mistake_mask=E__E"":3,""obs_mistake_mask=E___"":15,""obs_mistake_mask=_EEE"":6,""obs_mistake_mask=_EE_"":4,""obs_mistake_mask=_E_E"":5,""obs_mistake_mask=_E__"":7,""obs_mistake_mask=__EE"":2,""obs_mistake_mask=__E_"":4,""obs_mistake_mask=___E"":6}"
    218112,       366,         0,    8.36,decoder_by_matrix,90a4071835a8081462c190a19e797ba514a4700a252abbae3adc59eefd5a11d7,"{""distance"":5,""physical_error_rate"":0.01}","{""detection_events"":1189785,""detectors_checked"":37079040,""obs_mistake_mask=EEE_"":10,""obs_mistake_mask=EE_E"":15,""obs_mistake_mask=EE__"":32,""obs_mistake_mask=E_EE"":12,""obs_mistake_mask=E_E_"":29,""obs_mistake_mask=E__E"":18,""obs_mistake_mask=E___"":67,""obs_mistake_mask=_EEE"":20,""obs_mistake_mask=_EE_"":21,""obs_mistake_mask=_E_E"":18,""obs_mistake_mask=_E__"":39,""obs_mistake_mask=__EE"":18,""obs_mistake_mask=__E_"":40,""obs_mistake_mask=___E"":27}"
    215040,         0,         0,    8.36,decoder_by_matrix,0421d486f8a041838688df650e87c0a19c3450ab7a7cc8b3dc589ebff86d1c74,"{""distance"":5,""physical_error_rate"":0.0001}","{""detection_events"":11590,""detectors_checked"":36556800}"
    222208,         0,         0,    8.35,decoder_by_matrix,fa5edda0c1038186c8afbec49b0215a0b852396cdb50783a3f937fdf51d2afac,"{""distance"":5,""physical_error_rate"":1e-05}","{""detection_events"":1375,""detectors_checked"":37775360}"
    215040,         0,         0,    8.34,decoder_by_matrix,b84cf4b8ca220d31f17e1e2ea9ab927bbc4176b15682c650e7d1dd8f2758172b,"{""distance"":5,""physical_error_rate"":0.0005}","{""detection_events"":62935,""detectors_checked"":36556800}"
    223232,         0,         0,    8.35,decoder_by_matrix,3c866087b289edc25e9adea730044a15db18cabfd3ae2507fc844d5b4e03657a,"{""distance"":5,""physical_error_rate"":5e-06}","{""detection_events"":670,""detectors_checked"":37949440}"
    226304,         0,         0,    8.37,decoder_by_matrix,e41ade2e4684e0396b9a3890c882b6453b515d69885aa1d89a26ce21ec554895,"{""distance"":5,""physical_error_rate"":1e-06}","{""detection_events"":175,""detectors_checked"":38471680}"
    229376,         0,         0,    8.36,decoder_by_matrix,3c866087b289edc25e9adea730044a15db18cabfd3ae2507fc844d5b4e03657a,"{""distance"":5,""physical_error_rate"":5e-06}","{""detection_events"":690,""detectors_checked"":38993920}"
    224256,         0,         0,    8.36,decoder_by_matrix,e41ade2e4684e0396b9a3890c882b6453b515d69885aa1d89a26ce21ec554895,"{""distance"":5,""physical_error_rate"":1e-06}","{""detection_events"":70,""detectors_checked"":38123520}"
    235520,         0,         0,    8.34,decoder_by_matrix,fa5edda0c1038186c8afbec49b0215a0b852396cdb50783a3f937fdf51d2afac,"{""distance"":5,""physical_error_rate"":1e-05}","{""detection_events"":1375,""detectors_checked"":40038400}"
    217088,         0,         0,    8.34,decoder_by_matrix,9c6baee88fc81e7d1aa345fcb3feec7ee81f21c5d49cb6ca037118097d89e180,"{""distance"":5,""physical_error_rate"":5e-05}","{""detection_events"":7085,""detectors_checked"":36904960}"
    216064,         0,         0,    8.35,decoder_by_matrix,0421d486f8a041838688df650e87c0a19c3450ab7a7cc8b3dc589ebff86d1c74,"{""distance"":5,""physical_error_rate"":0.0001}","{""detection_events"":13625,""detectors_checked"":36730880}"
    299008,         0,         0,    11.7,decoder_by_matrix,9c6baee88fc81e7d1aa345fcb3feec7ee81f21c5d49cb6ca037118097d89e180,"{""distance"":5,""physical_error_rate"":5e-05}","{""detection_events"":7630,""detectors_checked"":50831360}"
    319488,         1,         0,    11.7,decoder_by_matrix,066a5d8d46981b593c3dec855f441edbe9e755a8873183448f69d036a2ecc650,"{""distance"":5,""physical_error_rate"":0.001}","{""detection_events"":181245,""detectors_checked"":54312960,""obs_mistake_mask=E_E_"":1}"
    314368,         0,         0,    11.7,decoder_by_matrix,3c866087b289edc25e9adea730044a15db18cabfd3ae2507fc844d5b4e03657a,"{""distance"":5,""physical_error_rate"":5e-06}","{""detection_events"":935,""detectors_checked"":53442560}"
    306176,         0,         0,    11.7,decoder_by_matrix,b84cf4b8ca220d31f17e1e2ea9ab927bbc4176b15682c650e7d1dd8f2758172b,"{""distance"":5,""physical_error_rate"":0.0005}","{""detection_events"":87920,""detectors_checked"":52049920}"
    310272,         3,         0,    11.7,decoder_by_matrix,066a5d8d46981b593c3dec855f441edbe9e755a8873183448f69d036a2ecc650,"{""distance"":5,""physical_error_rate"":0.001}","{""detection_events"":175310,""detectors_checked"":52746240,""obs_mistake_mask=_EEE"":2,""obs_mistake_mask=__EE"":1}"
    312320,        79,         0,    11.7,decoder_by_matrix,926aad2e192fb73fc0ac724cdb1e19af2dfa1e49635753b9cefb82507b443f08,"{""distance"":5,""physical_error_rate"":0.005}","{""detection_events"":872225,""detectors_checked"":53094400,""obs_mistake_mask=EEE_"":2,""obs_mistake_mask=EE_E"":1,""obs_mistake_mask=EE__"":4,""obs_mistake_mask=E_EE"":3,""obs_mistake_mask=E_E_"":6,""obs_mistake_mask=E__E"":3,""obs_mistake_mask=E___"":20,""obs_mistake_mask=_EEE"":6,""obs_mistake_mask=_EE_"":6,""obs_mistake_mask=_E_E"":3,""obs_mistake_mask=_E__"":8,""obs_mistake_mask=__EE"":4,""obs_mistake_mask=__E_"":7,""obs_mistake_mask=___E"":6}"
    295936,       538,         0,    11.7,decoder_by_matrix,90a4071835a8081462c190a19e797ba514a4700a252abbae3adc59eefd5a11d7,"{""distance"":5,""physical_error_rate"":0.01}","{""detection_events"":1616565,""detectors_checked"":50309120,""obs_mistake_mask=EEE_"":14,""obs_mistake_mask=EE_E"":13,""obs_mistake_mask=EE__"":43,""obs_mistake_mask=E_EE"":21,""obs_mistake_mask=E_E_"":39,""obs_mistake_mask=E__E"":33,""obs_mistake_mask=E___"":98,""obs_mistake_mask=_EEE"":31,""obs_mistake_mask=_EE_"":35,""obs_mistake_mask=_E_E"":31,""obs_mistake_mask=_E__"":54,""obs_mistake_mask=__EE"":20,""obs_mistake_mask=__E_"":56,""obs_mistake_mask=___E"":50}"
    303104,         0,         0,    11.7,decoder_by_matrix,0421d486f8a041838688df650e87c0a19c3450ab7a7cc8b3dc589ebff86d1c74,"{""distance"":5,""physical_error_rate"":0.0001}","{""detection_events"":18190,""detectors_checked"":51527680}"
    303104,         0,         0,    11.7,decoder_by_matrix,b84cf4b8ca220d31f17e1e2ea9ab927bbc4176b15682c650e7d1dd8f2758172b,"{""distance"":5,""physical_error_rate"":0.0005}","{""detection_events"":85865,""detectors_checked"":51527680}"
    304128,         0,         0,    11.7,decoder_by_matrix,fa5edda0c1038186c8afbec49b0215a0b852396cdb50783a3f937fdf51d2afac,"{""distance"":5,""physical_error_rate"":1e-05}","{""detection_events"":1885,""detectors_checked"":51701760}"
    314368,         0,         0,    11.7,decoder_by_matrix,e41ade2e4684e0396b9a3890c882b6453b515d69885aa1d89a26ce21ec554895,"{""distance"":5,""physical_error_rate"":1e-06}","{""detection_events"":215,""detectors_checked"":53442560}"
    318464,         0,         0,    11.7,decoder_by_matrix,9c6baee88fc81e7d1aa345fcb3feec7ee81f21c5d49cb6ca037118097d89e180,"{""distance"":5,""physical_error_rate"":5e-05}","{""detection_events"":9830,""detectors_checked"":54138880}"
    304128,        81,         0,    11.7,decoder_by_matrix,926aad2e192fb73fc0ac724cdb1e19af2dfa1e49635753b9cefb82507b443f08,"{""distance"":5,""physical_error_rate"":0.005}","{""detection_events"":843280,""detectors_checked"":51701760,""obs_mistake_mask=EEE_"":3,""obs_mistake_mask=EE_E"":2,""obs_mistake_mask=EE__"":6,""obs_mistake_mask=E_E_"":8,""obs_mistake_mask=E__E"":9,""obs_mistake_mask=E___"":15,""obs_mistake_mask=_EEE"":6,""obs_mistake_mask=_EE_"":5,""obs_mistake_mask=_E_E"":5,""obs_mistake_mask=_E__"":5,""obs_mistake_mask=__EE"":4,""obs_mistake_mask=__E_"":4,""obs_mistake_mask=___E"":9}"
    305152,       558,         0,    11.7,decoder_by_matrix,90a4071835a8081462c190a19e797ba514a4700a252abbae3adc59eefd5a11d7,"{""distance"":5,""physical_error_rate"":0.01}","{""detection_events"":1674495,""detectors_checked"":51875840,""obs_mistake_mask=EEEE"":2,""obs_mistake_mask=EEE_"":11,""obs_mistake_mask=EE_E"":19,""obs_mistake_mask=EE__"":36,""obs_mistake_mask=E_EE"":7,""obs_mistake_mask=E_E_"":47,""obs_mistake_mask=E__E"":42,""obs_mistake_mask=E___"":96,""obs_mistake_mask=_EEE"":45,""obs_mistake_mask=_EE_"":32,""obs_mistake_mask=_E_E"":24,""obs_mistake_mask=_E__"":61,""obs_mistake_mask=__EE"":18,""obs_mistake_mask=__E_"":58,""obs_mistake_mask=___E"":60}"
    302080,         0,         0,    11.7,decoder_by_matrix,0421d486f8a041838688df650e87c0a19c3450ab7a7cc8b3dc589ebff86d1c74,"{""distance"":5,""physical_error_rate"":0.0001}","{""detection_events"":16660,""detectors_checked"":51353600}"
    312320,         0,         0,    11.7,decoder_by_matrix,fa5edda0c1038186c8afbec49b0215a0b852396cdb50783a3f937fdf51d2afac,"{""distance"":5,""physical_error_rate"":1e-05}","{""detection_events"":1560,""detectors_checked"":53094400}"
    302080,         0,         0,    11.7,decoder_by_matrix,b84cf4b8ca220d31f17e1e2ea9ab927bbc4176b15682c650e7d1dd8f2758172b,"{""distance"":5,""physical_error_rate"":0.0005}","{""detection_events"":84930,""detectors_checked"":51353600}"
    314368,         0,         0,    11.7,decoder_by_matrix,3c866087b289edc25e9adea730044a15db18cabfd3ae2507fc844d5b4e03657a,"{""distance"":5,""physical_error_rate"":5e-06}","{""detection_events"":775,""detectors_checked"":53442560}"
    314368,         0,         0,    11.7,decoder_by_matrix,e41ade2e4684e0396b9a3890c882b6453b515d69885aa1d89a26ce21ec554895,"{""distance"":5,""physical_error_rate"":1e-06}","{""detection_events"":190,""detectors_checked"":53442560}"
    321536,         0,         0,    11.7,decoder_by_matrix,3c866087b289edc25e9adea730044a15db18cabfd3ae2507fc844d5b4e03657a,"{""distance"":5,""physical_error_rate"":5e-06}","{""detection_events"":945,""detectors_checked"":54661120}"
    315392,         0,         0,    11.7,decoder_by_matrix,e41ade2e4684e0396b9a3890c882b6453b515d69885aa1d89a26ce21ec554895,"{""distance"":5,""physical_error_rate"":1e-06}","{""detection_events"":95,""detectors_checked"":53616640}"
    331776,         0,         0,    11.7,decoder_by_matrix,fa5edda0c1038186c8afbec49b0215a0b852396cdb50783a3f937fdf51d2afac,"{""distance"":5,""physical_error_rate"":1e-05}","{""detection_events"":1645,""detectors_checked"":56401920}"
    306176,         0,         0,    11.7,decoder_by_matrix,9c6baee88fc81e7d1aa345fcb3feec7ee81f21c5d49cb6ca037118097d89e180,"{""distance"":5,""physical_error_rate"":5e-05}","{""detection_events"":9140,""detectors_checked"":52049920}"
    303104,         0,         0,    11.7,decoder_by_matrix,0421d486f8a041838688df650e87c0a19c3450ab7a7cc8b3dc589ebff86d1c74,"{""distance"":5,""physical_error_rate"":0.0001}","{""detection_events"":18020,""detectors_checked"":51527680}"
    419840,         0,         0,    16.4,decoder_by_matrix,9c6baee88fc81e7d1aa345fcb3feec7ee81f21c5d49cb6ca037118097d89e180,"{""distance"":5,""physical_error_rate"":5e-05}","{""detection_events"":11430,""detectors_checked"":71372800}"
    447488,         0,         0,    16.3,decoder_by_matrix,066a5d8d46981b593c3dec855f441edbe9e755a8873183448f69d036a2ecc650,"{""distance"":5,""physical_error_rate"":0.001}","{""detection_events"":257965,""detectors_checked"":76072960}"
    431104,         0,         0,    16.4,decoder_by_matrix,3c866087b289edc25e9adea730044a15db18cabfd3ae2507fc844d5b4e03657a,"{""distance"":5,""physical_error_rate"":5e-06}","{""detection_events"":1290,""detectors_checked"":73287680}"
    418816,         0,         0,    16.4,decoder_by_matrix,b84cf4b8ca220d31f17e1e2ea9ab927bbc4176b15682c650e7d1dd8f2758172b,"{""distance"":5,""physical_error_rate"":0.0005}","{""detection_events"":118000,""detectors_checked"":71198720}"
    437248,         0,         0,    16.4,decoder_by_matrix,066a5d8d46981b593c3dec855f441edbe9e755a8873183448f69d036a2ecc650,"{""distance"":5,""physical_error_rate"":0.001}","{""detection_events"":248575,""detectors_checked"":74332160}"
    438272,       128,         0,    16.4,decoder_by_matrix,926aad2e192fb73fc0ac724cdb1e19af2dfa1e49635753b9cefb82507b443f08,"{""distance"":5,""physical_error_rate"":0.005}","{""detection_events"":1224645,""detectors_checked"":74506240,""obs_mistake_mask=EEE_"":2,""obs_mistake_mask=EE_E"":5,""obs_mistake_mask=EE__"":7,""obs_mistake_mask=E_EE"":1,""obs_mistake_mask=E_E_"":9,""obs_mistake_mask=E__E"":9,""obs_mistake_mask=E___"":22,""obs_mistake_mask=_EEE"":5,""obs_mistake_mask=_EE_"":6,""obs_mistake_mask=_E_E"":9,""obs_mistake_mask=_E__"":18,""obs_mistake_mask=__EE"":7,""obs_mistake_mask=__E_"":11,""obs_mistake_mask=___E"":17}"
    431104,         0,         0,    16.3,decoder_by_matrix,0421d486f8a041838688df650e87c0a19c3450ab7a7cc8b3dc589ebff86d1c74,"{""distance"":5,""physical_error_rate"":0.0001}","{""detection_events"":22990,""detectors_checked"":73287680}"
    414720,       776,         0,    16.4,decoder_by_matrix,90a4071835a8081462c190a19e797ba514a4700a252abbae3adc59eefd5a11d7,"{""distance"":5,""physical_error_rate"":0.01}","{""detection_events"":2264585,""detectors_checked"":70502400,""obs_mistake_mask=EEE_"":23,""obs_mistake_mask=EE_E"":28,""obs_mistake_mask=EE__"":52,""obs_mistake_mask=E_EE"":23,""obs_mistake_mask=E_E_"":67,""obs_mistake_mask=E__E"":62,""obs_mistake_mask=E___"":138,""obs_mistake_mask=_EEE"":48,""obs_mistake_mask=_EE_"":32,""obs_mistake_mask=_E_E"":34,""obs_mistake_mask=_E__"":88,""obs_mistake_mask=__EE"":43,""obs_mistake_mask=__E_"":59,""obs_mistake_mask=___E"":79}"
    417792,         0,         0,    16.3,decoder_by_matrix,b84cf4b8ca220d31f17e1e2ea9ab927bbc4176b15682c650e7d1dd8f2758172b,"{""distance"":5,""physical_error_rate"":0.0005}","{""detection_events"":116945,""detectors_checked"":71024640}"
    421888,         0,         0,    16.4,decoder_by_matrix,e41ade2e4684e0396b9a3890c882b6453b515d69885aa1d89a26ce21ec554895,"{""distance"":5,""physical_error_rate"":1e-06}","{""detection_events"":300,""detectors_checked"":71720960}"
    448512,         0,         0,    16.3,decoder_by_matrix,9c6baee88fc81e7d1aa345fcb3feec7ee81f21c5d49cb6ca037118097d89e180,"{""distance"":5,""physical_error_rate"":5e-05}","{""detection_events"":12615,""detectors_checked"":76247040}"
    418816,         0,         0,    16.4,decoder_by_matrix,fa5edda0c1038186c8afbec49b0215a0b852396cdb50783a3f937fdf51d2afac,"{""distance"":5,""physical_error_rate"":1e-05}","{""detection_events"":2540,""detectors_checked"":71198720}"
    427008,       108,         0,    16.4,decoder_by_matrix,926aad2e192fb73fc0ac724cdb1e19af2dfa1e49635753b9cefb82507b443f08,"{""distance"":5,""physical_error_rate"":0.005}","{""detection_events"":1187830,""detectors_checked"":72591360,""obs_mistake_mask=EEE_"":2,""obs_mistake_mask=EE_E"":4,""obs_mistake_mask=EE__"":11,""obs_mistake_mask=E_EE"":2,""obs_mistake_mask=E_E_"":5,""obs_mistake_mask=E__E"":5,""obs_mistake_mask=E___"":27,""obs_mistake_mask=_EEE"":10,""obs_mistake_mask=_EE_"":6,""obs_mistake_mask=_E_E"":1,""obs_mistake_mask=_E__"":12,""obs_mistake_mask=__EE"":4,""obs_mistake_mask=__E_"":12,""obs_mistake_mask=___E"":7}"
    428032,       773,         0,    16.4,decoder_by_matrix,90a4071835a8081462c190a19e797ba514a4700a252abbae3adc59eefd5a11d7,"{""distance"":5,""physical_error_rate"":0.01}","{""detection_events"":2335725,""detectors_checked"":72765440,""obs_mistake_mask=EEE_"":19,""obs_mistake_mask=EE_E"":17,""obs_mistake_mask=EE__"":45,""obs_mistake_mask=E_EE"":17,""obs_mistake_mask=E_E_"":60,""obs_mistake_mask=E__E"":51,""obs_mistake_mask=E___"":163,""obs_mistake_mask=_EEE"":36,""obs_mistake_mask=_EE_"":37,""obs_mistake_mask=_E_E"":48,""obs_mistake_mask=_E__"":82,""obs_mistake_mask=__EE"":46,""obs_mistake_mask=__E_"":80,""obs_mistake_mask=___E"":72}"
    414720,         0,         0,    16.4,decoder_by_matrix,0421d486f8a041838688df650e87c0a19c3450ab7a7cc8b3dc589ebff86d1c74,"{""distance"":5,""physical_error_rate"":0.0001}","{""detection_events"":24235,""detectors_checked"":70502400}"
    439296,         0,         0,    16.4,decoder_by_matrix,fa5edda0c1038186c8afbec49b0215a0b852396cdb50783a3f937fdf51d2afac,"{""distance"":5,""physical_error_rate"":1e-05}","{""detection_events"":2235,""detectors_checked"":74680320}"
    422912,         0,         0,    16.4,decoder_by_matrix,b84cf4b8ca220d31f17e1e2ea9ab927bbc4176b15682c650e7d1dd8f2758172b,"{""distance"":5,""physical_error_rate"":0.0005}","{""detection_events"":122400,""detectors_checked"":71895040}"
    441344,         0,         0,    16.4,decoder_by_matrix,3c866087b289edc25e9adea730044a15db18cabfd3ae2507fc844d5b4e03657a,"{""distance"":5,""physical_error_rate"":5e-06}","{""detection_events"":1045,""detectors_checked"":75028480}"
    442368,         0,         0,    16.4,decoder_by_matrix,e41ade2e4684e0396b9a3890c882b6453b515d69885aa1d89a26ce21ec554895,"{""distance"":5,""physical_error_rate"":1e-06}","{""detection_events"":285,""detectors_checked"":75202560}"
    455680,         0,         0,    16.4,decoder_by_matrix,3c866087b289edc25e9adea730044a15db18cabfd3ae2507fc844d5b4e03657a,"{""distance"":5,""physical_error_rate"":5e-06}","{""detection_events"":1110,""detectors_checked"":77465600}"
    441344,         0,         0,    16.4,decoder_by_matrix,e41ade2e4684e0396b9a3890c882b6453b515d69885aa1d89a26ce21ec554895,"{""distance"":5,""physical_error_rate"":1e-06}","{""detection_events"":115,""detectors_checked"":75028480}"
    459776,         0,         0,    16.4,decoder_by_matrix,fa5edda0c1038186c8afbec49b0215a0b852396cdb50783a3f937fdf51d2afac,"{""distance"":5,""physical_error_rate"":1e-05}","{""detection_events"":1880,""detectors_checked"":78161920}"
    427008,         0,         0,    16.4,decoder_by_matrix,9c6baee88fc81e7d1aa345fcb3feec7ee81f21c5d49cb6ca037118097d89e180,"{""distance"":5,""physical_error_rate"":5e-05}","{""detection_events"":11785,""detectors_checked"":72591360}"
    422912,         0,         0,    16.3,decoder_by_matrix,0421d486f8a041838688df650e87c0a19c3450ab7a7cc8b3dc589ebff86d1c74,"{""distance"":5,""physical_error_rate"":0.0001}","{""detection_events"":24300,""detectors_checked"":71895040}"
    562176,         0,         0,    22.9,decoder_by_matrix,9c6baee88fc81e7d1aa345fcb3feec7ee81f21c5d49cb6ca037118097d89e180,"{""distance"":5,""physical_error_rate"":5e-05}","{""detection_events"":16110,""detectors_checked"":95569920}"
    629760,         0,         0,    22.9,decoder_by_matrix,066a5d8d46981b593c3dec855f441edbe9e755a8873183448f69d036a2ecc650,"{""distance"":5,""physical_error_rate"":0.001}","{""detection_events"":359720,""detectors_checked"":107059200}"
    588800,         0,         0,    22.9,decoder_by_matrix,3c866087b289edc25e9adea730044a15db18cabfd3ae2507fc844d5b4e03657a,"{""distance"":5,""physical_error_rate"":5e-06}","{""detection_events"":1880,""detectors_checked"":100096000}"
    548864,         0,         0,    22.9,decoder_by_matrix,b84cf4b8ca220d31f17e1e2ea9ab927bbc4176b15682c650e7d1dd8f2758172b,"{""distance"":5,""physical_error_rate"":0.0005}","{""detection_events"":155950,""detectors_checked"":93306880}"
    564224,         0,         0,    22.9,decoder_by_matrix,066a5d8d46981b593c3dec855f441edbe9e755a8873183448f69d036a2ecc650,"{""distance"":5,""physical_error_rate"":0.001}","{""detection_events"":316585,""detectors_checked"":95918080}"
    618496,       164,         0,    22.9,decoder_by_matrix,926aad2e192fb73fc0ac724cdb1e19af2dfa1e49635753b9cefb82507b443f08,"{""distance"":5,""physical_error_rate"":0.005}","{""detection_events"":1714045,""detectors_checked"":105144320,""obs_mistake_mask=EEEE"":1,""obs_mistake_mask=EEE_"":3,""obs_mistake_mask=EE_E"":3,""obs_mistake_mask=EE__"":14,""obs_mistake_mask=E_EE"":4,""obs_mistake_mask=E_E_"":11,""obs_mistake_mask=E__E"":12,""obs_mistake_mask=E___"":19,""obs_mistake_mask=_EEE"":3,""obs_mistake_mask=_EE_"":9,""obs_mistake_mask=_E_E"":9,""obs_mistake_mask=_E__"":32,""obs_mistake_mask=__EE"":10,""obs_mistake_mask=__E_"":12,""obs_mistake_mask=___E"":22}"
    602112,         0,         0,    22.9,decoder_by_matrix,0421d486f8a041838688df650e87c0a19c3450ab7a7cc8b3dc589ebff86d1c74,"{""distance"":5,""physical_error_rate"":0.0001}","{""detection_events"":33770,""detectors_checked"":102359040}"
    578560,      1046,         0,    22.9,decoder_by_matrix,90a4071835a8081462c190a19e797ba514a4700a252abbae3adc59eefd5a11d7,"{""distance"":5,""physical_error_rate"":0.01}","{""detection_events"":3154100,""detectors_checked"":98355200,""obs_mistake_mask=EEE_"":25,""obs_mistake_mask=EE_E"":22,""obs_mistake_mask=EE__"":69,""obs_mistake_mask=E_EE"":27,""obs_mistake_mask=E_E_"":72,""obs_mistake_mask=E__E"":58,""obs_mistake_mask=E___"":220,""obs_mistake_mask=_EEE"":61,""obs_mistake_mask=_EE_"":54,""obs_mistake_mask=_E_E"":62,""obs_mistake_mask=_E__"":107,""obs_mistake_mask=__EE"":60,""obs_mistake_mask=__E_"":105,""obs_mistake_mask=___E"":104}"
    545792,         0,         0,    22.9,decoder_by_matrix,b84cf4b8ca220d31f17e1e2ea9ab927bbc4176b15682c650e7d1dd8f2758172b,"{""distance"":5,""physical_error_rate"":0.0005}","{""detection_events"":154115,""detectors_checked"":92784640}"
    565248,         0,         0,    22.9,decoder_by_matrix,e41ade2e4684e0396b9a3890c882b6453b515d69885aa1d89a26ce21ec554895,"{""distance"":5,""physical_error_rate"":1e-06}","{""detection_events"":435,""detectors_checked"":96092160}"
    561152,         0,         0,    22.9,decoder_by_matrix,fa5edda0c1038186c8afbec49b0215a0b852396cdb50783a3f937fdf51d2afac,"{""distance"":5,""physical_error_rate"":1e-05}","{""detection_events"":3510,""detectors_checked"":95395840}"
    621568,         0,         0,    22.9,decoder_by_matrix,9c6baee88fc81e7d1aa345fcb3feec7ee81f21c5d49cb6ca037118097d89e180,"{""distance"":5,""physical_error_rate"":5e-05}","{""detection_events"":18390,""detectors_checked"":105666560}"
    598016,       166,         0,    22.9,decoder_by_matrix,926aad2e192fb73fc0ac724cdb1e19af2dfa1e49635753b9cefb82507b443f08,"{""distance"":5,""physical_error_rate"":0.005}","{""detection_events"":1667210,""detectors_checked"":101662720,""obs_mistake_mask=EEE_"":3,""obs_mistake_mask=EE_E"":4,""obs_mistake_mask=EE__"":8,""obs_mistake_mask=E_EE"":5,""obs_mistake_mask=E_E_"":16,""obs_mistake_mask=E__E"":14,""obs_mistake_mask=E___"":28,""obs_mistake_mask=_EEE"":9,""obs_mistake_mask=_EE_"":8,""obs_mistake_mask=_E_E"":6,""obs_mistake_mask=_E__"":16,""obs_mistake_mask=__EE"":11,""obs_mistake_mask=__E_"":21,""obs_mistake_mask=___E"":17}"
    589824,      1027,         0,    22.9,decoder_by_matrix,90a4071835a8081462c190a19e797ba514a4700a252abbae3adc59eefd5a11d7,"{""distance"":5,""physical_error_rate"":0.01}","{""detection_events"":3207085,""detectors_checked"":100270080,""obs_mistake_mask=EEEE"":2,""obs_mistake_mask=EEE_"":25,""obs_mistake_mask=EE_E"":32,""obs_mistake_mask=EE__"":57,""obs_mistake_mask=E_EE"":23,""obs_mistake_mask=E_E_"":58,""obs_mistake_mask=E__E"":62,""obs_mistake_mask=E___"":207,""obs_mistake_mask=_EEE"":72,""obs_mistake_mask=_EE_"":62,""obs_mistake_mask=_E_E"":71,""obs_mistake_mask=_E__"":86,""obs_mistake_mask=__EE"":60,""obs_mistake_mask=__E_"":111,""obs_mistake_mask=___E"":99}"
    538624,         0,         0,    22.9,decoder_by_matrix,0421d486f8a041838688df650e87c0a19c3450ab7a7cc8b3dc589ebff86d1c74,"{""distance"":5,""physical_error_rate"":0.0001}","{""detection_events"":30055,""detectors_checked"":91566080}"
    607232,         0,         0,    22.9,decoder_by_matrix,fa5edda0c1038186c8afbec49b0215a0b852396cdb50783a3f937fdf51d2afac,"{""distance"":5,""physical_error_rate"":1e-05}","{""detection_events"":3185,""detectors_checked"":103229440}"
    560128,         0,         0,    22.9,decoder_by_matrix,b84cf4b8ca220d31f17e1e2ea9ab927bbc4176b15682c650e7d1dd8f2758172b,"{""distance"":5,""physical_error_rate"":0.0005}","{""detection_events"":163625,""detectors_checked"":95221760}"
    612352,         0,         0,    22.9,decoder_by_matrix,3c866087b289edc25e9adea730044a15db18cabfd3ae2507fc844d5b4e03657a,"{""distance"":5,""physical_error_rate"":5e-06}","{""detection_events"":1700,""detectors_checked"":104099840}"
    560128,         0,         0,    22.9,decoder_by_matrix,e41ade2e4684e0396b9a3890c882b6453b515d69885aa1d89a26ce21ec554895,"{""distance"":5,""physical_error_rate"":1e-06}","{""detection_events"":370,""detectors_checked"":95221760}"
    631808,         0,         0,    22.9,decoder_by_matrix,3c866087b289edc25e9adea730044a15db18cabfd3ae2507fc844d5b4e03657a,"{""distance"":5,""physical_error_rate"":5e-06}","{""detection_events"":1965,""detectors_checked"":107407360}"
    611328,         0,         0,    22.9,decoder_by_matrix,e41ade2e4684e0396b9a3890c882b6453b515d69885aa1d89a26ce21ec554895,"{""distance"":5,""physical_error_rate"":1e-06}","{""detection_events"":385,""detectors_checked"":103925760}"
    610304,         0,         0,    22.9,decoder_by_matrix,fa5edda0c1038186c8afbec49b0215a0b852396cdb50783a3f937fdf51d2afac,"{""distance"":5,""physical_error_rate"":1e-05}","{""detection_events"":3590,""detectors_checked"":103751680}"
    601088,         0,         0,    22.9,decoder_by_matrix,9c6baee88fc81e7d1aa345fcb3feec7ee81f21c5d49cb6ca037118097d89e180,"{""distance"":5,""physical_error_rate"":5e-05}","{""detection_events"":17145,""detectors_checked"":102184960}"
    591872,         0,         0,    22.9,decoder_by_matrix,0421d486f8a041838688df650e87c0a19c3450ab7a7cc8b3dc589ebff86d1c74,"{""distance"":5,""physical_error_rate"":0.0001}","{""detection_events"":33080,""detectors_checked"":100618240}"
         1,         0,         0,   0.090,decoder_by_matrix,b84cf4b8ca220d31f17e1e2ea9ab927bbc4176b15682c650e7d1dd8f2758172b,"{""distance"":5,""physical_error_rate"":0.0005}","{""detection_events"":40,""detectors_checked"":170}"
         4,         0,         0,   0.103,decoder_by_matrix,b84cf4b8ca220d31f17e1e2ea9ab927bbc4176b15682c650e7d1dd8f2758172b,"{""distance"":5,""physical_error_rate"":0.0005}","{""detectors_checked"":680}"
        16,         0,         0,   0.074,decoder_by_matrix,b84cf4b8ca220d31f17e1e2ea9ab927bbc4176b15682c650e7d1dd8f2758172b,"{""distance"":5,""physical_error_rate"":0.0005}","{""detectors_checked"":2720}"
       128,         0,         0,   0.248,decoder_by_matrix,b84cf4b8ca220d31f17e1e2ea9ab927bbc4176b15682c650e7d1dd8f2758172b,"{""distance"":5,""physical_error_rate"":0.0005}","{""detection_events"":30,""detectors_checked"":21760}"
       256,         0,         0,   0.765,decoder_by_matrix,b84cf4b8ca220d31f17e1e2ea9ab927bbc4176b15682c650e7d1dd8f2758172b,"{""distance"":5,""physical_error_rate"":0.0005}","{""detection_events"":175,""detectors_checked"":43520}"
       256,         0,         0,   0.772,decoder_by_matrix,b84cf4b8ca220d31f17e1e2ea9ab927bbc4176b15682c650e7d1dd8f2758172b,"{""distance"":5,""physical_error_rate"":0.0005}","{""detection_events"":80,""detectors_checked"":43520}"
       256,         0,         0,   0.961,decoder_by_matrix,b84cf4b8ca220d31f17e1e2ea9ab927bbc4176b15682c650e7d1dd8f2758172b,"{""distance"":5,""physical_error_rate"":0.0005}","{""detection_events"":105,""detectors_checked"":43520}"
       256,         0,         0,   0.392,decoder_by_matrix,b84cf4b8ca220d31f17e1e2ea9ab927bbc4176b15682c650e7d1dd8f2758172b,"{""distance"":5,""physical_error_rate"":0.0005}","{""detection_events"":70,""detectors_checked"":43520}"
         1,         0,         0,   0.145,decoder_by_matrix,926aad2e192fb73fc0ac724cdb1e19af2dfa1e49635753b9cefb82507b443f08,"{""distance"":5,""physical_error_rate"":0.005}","{""detectors_checked"":170}"
         4,         0,         0,   0.063,decoder_by_matrix,926aad2e192fb73fc0ac724cdb1e19af2dfa1e49635753b9cefb82507b443f08,"{""distance"":5,""physical_error_rate"":0.005}","{""detectors_checked"":680}"
        32,         0,         0,   0.075,decoder_by_matrix,926aad2e192fb73fc0ac724cdb1e19af2dfa1e49635753b9cefb82507b443f08,"{""distance"":5,""physical_error_rate"":0.005}","{""detection_events"":80,""detectors_checked"":5440}"
       256,         0,         0,   0.077,decoder_by_matrix,926aad2e192fb73fc0ac724cdb1e19af2dfa1e49635753b9cefb82507b443f08,"{""distance"":5,""physical_error_rate"":0.005}","{""detection_events"":735,""detectors_checked"":43520}"
      1024,         1,         0,   0.078,decoder_by_matrix,926aad2e192fb73fc0ac724cdb1e19af2dfa1e49635753b9cefb82507b443f08,"{""distance"":5,""physical_error_rate"":0.005}","{""detection_events"":2870,""detectors_checked"":174080,""obs_mistake_mask=_E__"":1}"
      1024,         0,         0,   0.077,decoder_by_matrix,926aad2e192fb73fc0ac724cdb1e19af2dfa1e49635753b9cefb82507b443f08,"{""distance"":5,""physical_error_rate"":0.005}","{""detection_events"":2955,""detectors_checked"":174080}"
      1024,         0,         0,   0.078,decoder_by_matrix,926aad2e192fb73fc0ac724cdb1e19af2dfa1e49635753b9cefb82507b443f08,"{""distance"":5,""physical_error_rate"":0.005}","{""detection_events"":2710,""detectors_checked"":174080}"
      1280,         0,         0,   0.668,decoder_by_matrix,b84cf4b8ca220d31f17e1e2ea9ab927bbc4176b15682c650e7d1dd8f2758172b,"{""distance"":5,""physical_error_rate"":0.0005}","{""detection_events"":510,""detectors_checked"":217600}"
      2048,         1,         0,   0.224,decoder_by_matrix,926aad2e192fb73fc0ac724cdb1e19af2dfa1e49635753b9cefb82507b443f08,"{""distance"":5,""physical_error_rate"":0.005}","{""detection_events"":5860,""detectors_checked"":348160,""obs_mistake_mask=E__E"":1}"
      2048,         0,         0,   0.160,decoder_by_matrix,926aad2e192fb73fc0ac724cdb1e19af2dfa1e49635753b9cefb82507b443f08,"{""distance"":5,""physical_error_rate"":0.005}","{""detection_events"":4600,""detectors_checked"":348160}"
      3072,         0,         0,   0.284,decoder_by_matrix,b84cf4b8ca220d31f17e1e2ea9ab927bbc4176b15682c650e7d1dd8f2758172b,"{""distance"":5,""physical_error_rate"":0.0005}","{""detection_events"":845,""detectors_checked"":522240}"
      3072,         0,         0,   0.253,decoder_by_matrix,926aad2e192fb73fc0ac724cdb1e19af2dfa1e49635753b9cefb82507b443f08,"{""distance"":5,""physical_error_rate"":0.005}","{""detection_events"":9020,""detectors_checked"":522240}"
      4096,         0,         0,   0.327,decoder_by_matrix,b84cf4b8ca220d31f17e1e2ea9ab927bbc4176b15682c650e7d1dd8f2758172b,"{""distance"":5,""physical_error_rate"":0.0005}","{""detection_events"":1025,""detectors_checked"":696320}"
      4096,         1,         0,   0.333,decoder_by_matrix,926aad2e192fb73fc0ac724cdb1e19af2dfa1e49635753b9cefb82507b443f08,"{""distance"":5,""physical_error_rate"":0.005}","{""detection_events"":11680,""detectors_checked"":696320,""obs_mistake_mask=E__E"":1}"
      5120,         0,         0,   0.426,decoder_by_matrix,b84cf4b8ca220d31f17e1e2ea9ab927bbc4176b15682c650e7d1dd8f2758172b,"{""distance"":5,""physical_error_rate"":0.0005}","{""detection_events"":1625,""detectors_checked"":870400}"
      5120,         1,         0,   0.419,decoder_by_matrix,926aad2e192fb73fc0ac724cdb1e19af2dfa1e49635753b9cefb82507b443f08,"{""distance"":5,""physical_error_rate"":0.005}","{""detection_events"":14485,""detectors_checked"":870400,""obs_mistake_mask=EE_E"":1}"
      8192,         0,         0,   0.647,decoder_by_matrix,b84cf4b8ca220d31f17e1e2ea9ab927bbc4176b15682c650e7d1dd8f2758172b,"{""distance"":5,""physical_error_rate"":0.0005}","{""detection_events"":2300,""detectors_checked"":1392640}"
      7168,         1,         0,   0.567,decoder_by_matrix,926aad2e192fb73fc0ac724cdb1e19af2dfa1e49635753b9cefb82507b443f08,"{""distance"":5,""physical_error_rate"":0.005}","{""detection_events"":20320,""detectors_checked"":1218560,""obs_mistake_mask=__E_"":1}"
      8192,         0,         0,   0.800,decoder_by_matrix,b84cf4b8ca220d31f17e1e2ea9ab927bbc4176b15682c650e7d1dd8f2758172b,"{""distance"":5,""physical_error_rate"":0.0005}","{""detection_events"":2330,""detectors_checked"":1392640}"
      9216,         4,         0,   0.796,decoder_by_matrix,926aad2e192fb73fc0ac724cdb1e19af2dfa1e49635753b9cefb82507b443f08,"{""distance"":5,""physical_error_rate"":0.005}","{""detection_events"":25545,""detectors_checked"":1566720,""obs_mistake_mask=E_EE"":1,""obs_mistake_mask=E__E"":1,""obs_mistake_mask=E___"":1,""obs_mistake_mask=__E_"":1}"
     13312,         0,         0,    1.23,decoder_by_matrix,b84cf4b8ca220d31f17e1e2ea9ab927bbc4176b15682c650e7d1dd8f2758172b,"{""distance"":5,""physical_error_rate"":0.0005}","{""detection_events"":3810,""detectors_checked"":2263040}"
     14336,         3,         0,    1.16,decoder_by_matrix,926aad2e192fb73fc0ac724cdb1e19af2dfa1e49635753b9cefb82507b443f08,"{""distance"":5,""physical_error_rate"":0.005}","{""detection_events"":41075,""detectors_checked"":2437120,""obs_mistake_mask=EE_E"":2,""obs_mistake_mask=_E__"":1}"
         1,         0,         0,   0.642,decoder_by_matrix,066a5d8d46981b593c3dec855f441edbe9e755a8873183448f69d036a2ecc650,"{""distance"":5,""physical_error_rate"":0.001}","{""detectors_checked"":170}"
     10240,         0,         0,    2.10,decoder_by_matrix,b84cf4b8ca220d31f17e1e2ea9ab927bbc4176b15682c650e7d1dd8f2758172b,"{""distance"":5,""physical_error_rate"":0.0005}","{""detection_events"":2650,""detectors_checked"":1740800}"
     14336,         3,         0,    2.26,decoder_by_matrix,926aad2e192fb73fc0ac724cdb1e19af2dfa1e49635753b9cefb82507b443f08,"{""distance"":5,""physical_error_rate"":0.005}","{""detection_events"":38230,""detectors_checked"":2437120,""obs_mistake_mask=E_E_"":2,""obs_mistake_mask=_EEE"":1}"
         1,         0,         0,   0.864,decoder_by_matrix,066a5d8d46981b593c3dec855f441edbe9e755a8873183448f69d036a2ecc650,"{""distance"":5,""physical_error_rate"":0.001}","{""detectors_checked"":170}"
         1,         0,         0,   0.521,decoder_by_matrix,066a5d8d46981b593c3dec855f441edbe9e755a8873183448f69d036a2ecc650,"{""distance"":5,""physical_error_rate"":0.001}","{""detectors_checked"":170}"
         1,         0,         0,   0.504,decoder_by_matrix,066a5d8d46981b593c3dec855f441edbe9e755a8873183448f69d036a2ecc650,"{""distance"":5,""physical_error_rate"":0.001}","{""detectors_checked"":170}"
         1,         0,         0,   0.598,decoder_by_matrix,066a5d8d46981b593c3dec855f441edbe9e755a8873183448f69d036a2ecc650,"{""distance"":5,""physical_error_rate"":0.001}","{""detectors_checked"":170}"
     16384,         0,         0,    2.43,decoder_by_matrix,b84cf4b8ca220d31f17e1e2ea9ab927bbc4176b15682c650e7d1dd8f2758172b,"{""distance"":5,""physical_error_rate"":0.0005}","{""detection_events"":4770,""detectors_checked"":2785280}"
     24576,        11,         0,    2.25,decoder_by_matrix,926aad2e192fb73fc0ac724cdb1e19af2dfa1e49635753b9cefb82507b443f08,"{""distance"":5,""physical_error_rate"":0.005}","{""detection_events"":66565,""detectors_checked"":4177920,""obs_mistake_mask=EEE_"":2,""obs_mistake_mask=E_E_"":1,""obs_mistake_mask=E___"":1,""obs_mistake_mask=_EE_"":1,""obs_mistake_mask=__EE"":2,""obs_mistake_mask=__E_"":3,""obs_mistake_mask=___E"":1}"
         1,         0,         0,   0.735,decoder_by_matrix,066a5d8d46981b593c3dec855f441edbe9e755a8873183448f69d036a2ecc650,"{""distance"":5,""physical_error_rate"":0.001}","{""detectors_checked"":170}"
         1,         0,         0,   0.489,decoder_by_matrix,066a5d8d46981b593c3dec855f441edbe9e755a8873183448f69d036a2ecc650,"{""distance"":5,""physical_error_rate"":0.001}","{""detectors_checked"":170}"
         1,         0,         0,   0.142,decoder_by_matrix,066a5d8d46981b593c3dec855f441edbe9e755a8873183448f69d036a2ecc650,"{""distance"":5,""physical_error_rate"":0.001}","{""detectors_checked"":170}"
        20,         0,         0,   0.179,decoder_by_matrix,066a5d8d46981b593c3dec855f441edbe9e755a8873183448f69d036a2ecc650,"{""distance"":5,""physical_error_rate"":0.001}","{""detectors_checked"":3400}"
      1344,         0,         0,   0.231,decoder_by_matrix,066a5d8d46981b593c3dec855f441edbe9e755a8873183448f69d036a2ecc650,"{""distance"":5,""physical_error_rate"":0.001}","{""detection_events"":895,""detectors_checked"":228480}"
    806912,         0,         0,    32.1,decoder_by_matrix,9c6baee88fc81e7d1aa345fcb3feec7ee81f21c5d49cb6ca037118097d89e180,"{""distance"":5,""physical_error_rate"":5e-05}","{""detection_events"":23240,""detectors_checked"":137175040}"
      5120,         0,         0,   0.342,decoder_by_matrix,066a5d8d46981b593c3dec855f441edbe9e755a8873183448f69d036a2ecc650,"{""distance"":5,""physical_error_rate"":0.001}","{""detection_events"":3090,""detectors_checked"":870400}"
    878592,         5,         0,    32.0,decoder_by_matrix,066a5d8d46981b593c3dec855f441edbe9e755a8873183448f69d036a2ecc650,"{""distance"":5,""physical_error_rate"":0.001}","{""detection_events"":497620,""detectors_checked"":149360640,""obs_mistake_mask=EE__"":1,""obs_mistake_mask=E__E"":1,""obs_mistake_mask=E___"":1,""obs_mistake_mask=_E_E"":1,""obs_mistake_mask=___E"":1}"
    840704,         0,         0,    32.0,decoder_by_matrix,3c866087b289edc25e9adea730044a15db18cabfd3ae2507fc844d5b4e03657a,"{""distance"":5,""physical_error_rate"":5e-06}","{""detection_events"":2765,""detectors_checked"":142919680}"
    762880,         0,         0,    32.0,decoder_by_matrix,b84cf4b8ca220d31f17e1e2ea9ab927bbc4176b15682c650e7d1dd8f2758172b,"{""distance"":5,""physical_error_rate"":0.0005}","{""detection_events"":216495,""detectors_checked"":129689600}"
    779264,         1,         0,    32.0,decoder_by_matrix,066a5d8d46981b593c3dec855f441edbe9e755a8873183448f69d036a2ecc650,"{""distance"":5,""physical_error_rate"":0.001}","{""detection_events"":442740,""detectors_checked"":132474880,""obs_mistake_mask=E___"":1}"
      5120,         0,         0,   0.413,decoder_by_matrix,066a5d8d46981b593c3dec855f441edbe9e755a8873183448f69d036a2ecc650,"{""distance"":5,""physical_error_rate"":0.001}","{""detection_events"":2940,""detectors_checked"":870400}"
    859136,       221,         0,    32.1,decoder_by_matrix,926aad2e192fb73fc0ac724cdb1e19af2dfa1e49635753b9cefb82507b443f08,"{""distance"":5,""physical_error_rate"":0.005}","{""detection_events"":2399550,""detectors_checked"":146053120,""obs_mistake_mask=EEE_"":6,""obs_mistake_mask=EE_E"":5,""obs_mistake_mask=EE__"":14,""obs_mistake_mask=E_EE"":9,""obs_mistake_mask=E_E_"":13,""obs_mistake_mask=E__E"":17,""obs_mistake_mask=E___"":44,""obs_mistake_mask=_EEE"":21,""obs_mistake_mask=_EE_"":14,""obs_mistake_mask=_E_E"":10,""obs_mistake_mask=_E__"":21,""obs_mistake_mask=__EE"":7,""obs_mistake_mask=__E_"":16,""obs_mistake_mask=___E"":24}"
    811008,      1535,         0,    32.0,decoder_by_matrix,90a4071835a8081462c190a19e797ba514a4700a252abbae3adc59eefd5a11d7,"{""distance"":5,""physical_error_rate"":0.01}","{""detection_events"":4423425,""detectors_checked"":137871360,""obs_mistake_mask=EEEE"":2,""obs_mistake_mask=EEE_"":46,""obs_mistake_mask=EE_E"":48,""obs_mistake_mask=EE__"":101,""obs_mistake_mask=E_EE"":23,""obs_mistake_mask=E_E_"":104,""obs_mistake_mask=E__E"":100,""obs_mistake_mask=E___"":291,""obs_mistake_mask=_EEE"":100,""obs_mistake_mask=_EE_"":86,""obs_mistake_mask=_E_E"":74,""obs_mistake_mask=_E__"":153,""obs_mistake_mask=__EE"":86,""obs_mistake_mask=__E_"":172,""obs_mistake_mask=___E"":149}"
    834560,         0,         0,    32.1,decoder_by_matrix,0421d486f8a041838688df650e87c0a19c3450ab7a7cc8b3dc589ebff86d1c74,"{""distance"":5,""physical_error_rate"":0.0001}","{""detection_events"":48290,""detectors_checked"":141875200}"
    800768,         0,         0,    32.1,decoder_by_matrix,b84cf4b8ca220d31f17e1e2ea9ab927bbc4176b15682c650e7d1dd8f2758172b,"{""distance"":5,""physical_error_rate"":0.0005}","{""detection_events"":227935,""detectors_checked"":136130560}"
    787456,         0,         0,    32.0,decoder_by_matrix,e41ade2e4684e0396b9a3890c882b6453b515d69885aa1d89a26ce21ec554895,"{""distance"":5,""physical_error_rate"":1e-06}","{""detection_events"":215,""detectors_checked"":133867520}"
    784384,         0,         0,    32.0,decoder_by_matrix,fa5edda0c1038186c8afbec49b0215a0b852396cdb50783a3f937fdf51d2afac,"{""distance"":5,""physical_error_rate"":1e-05}","{""detection_events"":4670,""detectors_checked"":133345280}"
    868352,         0,         0,    32.0,decoder_by_matrix,9c6baee88fc81e7d1aa345fcb3feec7ee81f21c5d49cb6ca037118097d89e180,"{""distance"":5,""physical_error_rate"":5e-05}","{""detection_events"":24480,""detectors_checked"":147619840}"
    836608,       193,         0,    32.0,decoder_by_matrix,926aad2e192fb73fc0ac724cdb1e19af2dfa1e49635753b9cefb82507b443f08,"{""distance"":5,""physical_error_rate"":0.005}","{""detection_events"":2330340,""detectors_checked"":142223360,""obs_mistake_mask=EEE_"":4,""obs_mistake_mask=EE_E"":4,""obs_mistake_mask=EE__"":13,""obs_mistake_mask=E_EE"":6,""obs_mistake_mask=E_E_"":17,""obs_mistake_mask=E__E"":18,""obs_mistake_mask=E___"":30,""obs_mistake_mask=_EEE"":19,""obs_mistake_mask=_EE_"":12,""obs_mistake_mask=_E_E"":7,""obs_mistake_mask=_E__"":17,""obs_mistake_mask=__EE"":9,""obs_mistake_mask=__E_"":15,""obs_mistake_mask=___E"":22}"
    824320,      1422,         0,    32.0,decoder_by_matrix,90a4071835a8081462c190a19e797ba514a4700a252abbae3adc59eefd5a11d7,"{""distance"":5,""physical_error_rate"":0.01}","{""detection_events"":4500280,""detectors_checked"":140134400,""obs_mistake_mask=EEEE"":2,""obs_mistake_mask=EEE_"":30,""obs_mistake_mask=EE_E"":40,""obs_mistake_mask=EE__"":119,""obs_mistake_mask=E_EE"":29,""obs_mistake_mask=E_E_"":108,""obs_mistake_mask=E__E"":86,""obs_mistake_mask=E___"":283,""obs_mistake_mask=_EEE"":86,""obs_mistake_mask=_EE_"":69,""obs_mistake_mask=_E_E"":72,""obs_mistake_mask=_E__"":134,""obs_mistake_mask=__EE"":70,""obs_mistake_mask=__E_"":151,""obs_mistake_mask=___E"":143}"
      8192,        14,         0,   0.412,decoder_by_matrix,90a4071835a8081462c190a19e797ba514a4700a252abbae3adc59eefd5a11d7,"{""distance"":5,""physical_error_rate"":0.01}","{""detection_events"":44695,""detectors_checked"":1392640,""obs_mistake_mask=EE__"":2,""obs_mistake_mask=E___"":2,""obs_mistake_mask=_EEE"":1,""obs_mistake_mask=_EE_"":1,""obs_mistake_mask=_E__"":2,""obs_mistake_mask=__EE"":1,""obs_mistake_mask=__E_"":3,""obs_mistake_mask=___E"":2}"
    777216,         0,         0,    32.1,decoder_by_matrix,0421d486f8a041838688df650e87c0a19c3450ab7a7cc8b3dc589ebff86d1c74,"{""distance"":5,""physical_error_rate"":0.0001}","{""detection_events"":44705,""detectors_checked"":132126720}"
      1024,         1,         0,   0.059,decoder_by_matrix,90a4071835a8081462c190a19e797ba514a4700a252abbae3adc59eefd5a11d7,"{""distance"":5,""physical_error_rate"":0.01}","{""detection_events"":5280,""detectors_checked"":174080,""obs_mistake_mask=E_EE"":1}"
      9216,         0,         0,   0.636,decoder_by_matrix,066a5d8d46981b593c3dec855f441edbe9e755a8873183448f69d036a2ecc650,"{""distance"":5,""physical_error_rate"":0.001}","{""detection_events"":5475,""detectors_checked"":1566720}"
     26624,         3,         0,    2.99,decoder_by_matrix,926aad2e192fb73fc0ac724cdb1e19af2dfa1e49635753b9cefb82507b443f08,"{""distance"":5,""physical_error_rate"":0.005}","{""detection_events"":74900,""detectors_checked"":4526080,""obs_mistake_mask=EEEE"":1,""obs_mistake_mask=_EE_"":1,""obs_mistake_mask=_E_E"":1}"
     26624,         0,         0,    3.00,decoder_by_matrix,b84cf4b8ca220d31f17e1e2ea9ab927bbc4176b15682c650e7d1dd8f2758172b,"{""distance"":5,""physical_error_rate"":0.0005}","{""detection_events"":7445,""detectors_checked"":4526080}"
    850944,         0,         0,    32.0,decoder_by_matrix,fa5edda0c1038186c8afbec49b0215a0b852396cdb50783a3f937fdf51d2afac,"{""distance"":5,""physical_error_rate"":1e-05}","{""detection_events"":5785,""detectors_checked"":144660480}"
    831488,         0,         0,    32.0,decoder_by_matrix,b84cf4b8ca220d31f17e1e2ea9ab927bbc4176b15682c650e7d1dd8f2758172b,"{""distance"":5,""physical_error_rate"":0.0005}","{""detection_events"":239625,""detectors_checked"":141352960}"
         1,         0,         0,   0.083,decoder_by_matrix,926aad2e192fb73fc0ac724cdb1e19af2dfa1e49635753b9cefb82507b443f08,"{""distance"":5,""physical_error_rate"":0.005}","{""detectors_checked"":170}"
    842752,         0,         0,    32.1,decoder_by_matrix,3c866087b289edc25e9adea730044a15db18cabfd3ae2507fc844d5b4e03657a,"{""distance"":5,""physical_error_rate"":5e-06}","{""detection_events"":2435,""detectors_checked"":143267840}"
         4,         0,         0,   0.062,decoder_by_matrix,926aad2e192fb73fc0ac724cdb1e19af2dfa1e49635753b9cefb82507b443f08,"{""distance"":5,""physical_error_rate"":0.005}","{""detection_events"":20,""detectors_checked"":680}"
        32,         0,         0,   0.074,decoder_by_matrix,926aad2e192fb73fc0ac724cdb1e19af2dfa1e49635753b9cefb82507b443f08,"{""distance"":5,""physical_error_rate"":0.005}","{""detection_events"":95,""detectors_checked"":5440}"
    839680,         0,         0,    32.1,decoder_by_matrix,e41ade2e4684e0396b9a3890c882b6453b515d69885aa1d89a26ce21ec554895,"{""distance"":5,""physical_error_rate"":1e-06}","{""detection_events"":420,""detectors_checked"":142745600}"
    886784,         0,         0,    32.0,decoder_by_matrix,3c866087b289edc25e9adea730044a15db18cabfd3ae2507fc844d5b4e03657a,"{""distance"":5,""physical_error_rate"":5e-06}","{""detection_events"":2580,""detectors_checked"":150753280}"
       256,         0,         0,   0.073,decoder_by_matrix,926aad2e192fb73fc0ac724cdb1e19af2dfa1e49635753b9cefb82507b443f08,"{""distance"":5,""physical_error_rate"":0.005}","{""detection_events"":655,""detectors_checked"":43520}"
      1024,         1,         0,   0.075,decoder_by_matrix,926aad2e192fb73fc0ac724cdb1e19af2dfa1e49635753b9cefb82507b443f08,"{""distance"":5,""physical_error_rate"":0.005}","{""detection_events"":2880,""detectors_checked"":174080,""obs_mistake_mask=___E"":1}"
      1024,         0,         0,   0.063,decoder_by_matrix,926aad2e192fb73fc0ac724cdb1e19af2dfa1e49635753b9cefb82507b443f08,"{""distance"":5,""physical_error_rate"":0.005}","{""detection_events"":3170,""detectors_checked"":174080}"
    851968,         0,         0,    32.0,decoder_by_matrix,e41ade2e4684e0396b9a3890c882b6453b515d69885aa1d89a26ce21ec554895,"{""distance"":5,""physical_error_rate"":1e-06}","{""detection_events"":565,""detectors_checked"":144834560}"
     12288,         0,         0,   0.806,decoder_by_matrix,066a5d8d46981b593c3dec855f441edbe9e755a8873183448f69d036a2ecc650,"{""distance"":5,""physical_error_rate"":0.001}","{""detection_events"":6715,""detectors_checked"":2088960}"
    893952,         0,         0,    32.1,decoder_by_matrix,fa5edda0c1038186c8afbec49b0215a0b852396cdb50783a3f937fdf51d2afac,"{""distance"":5,""physical_error_rate"":1e-05}","{""detection_events"":4810,""detectors_checked"":151971840}"
      2048,         1,         0,   0.150,decoder_by_matrix,926aad2e192fb73fc0ac724cdb1e19af2dfa1e49635753b9cefb82507b443f08,"{""distance"":5,""physical_error_rate"":0.005}","{""detection_events"":4800,""detectors_checked"":348160,""obs_mistake_mask=_E__"":1}"
      2048,         1,         0,   0.171,decoder_by_matrix,926aad2e192fb73fc0ac724cdb1e19af2dfa1e49635753b9cefb82507b443f08,"{""distance"":5,""physical_error_rate"":0.005}","{""detection_events"":5800,""detectors_checked"":348160,""obs_mistake_mask=_E__"":1}"
      3072,         0,         0,   0.212,decoder_by_matrix,926aad2e192fb73fc0ac724cdb1e19af2dfa1e49635753b9cefb82507b443f08,"{""distance"":5,""physical_error_rate"":0.005}","{""detection_events"":8905,""detectors_checked"":522240}"
      3072,         0,         0,   0.229,decoder_by_matrix,926aad2e192fb73fc0ac724cdb1e19af2dfa1e49635753b9cefb82507b443f08,"{""distance"":5,""physical_error_rate"":0.005}","{""detection_events"":8870,""detectors_checked"":522240}"
    845824,         0,         0,    32.1,decoder_by_matrix,9c6baee88fc81e7d1aa345fcb3feec7ee81f21c5d49cb6ca037118097d89e180,"{""distance"":5,""physical_error_rate"":5e-05}","{""detection_events"":24010,""detectors_checked"":143790080}"
    836608,         0,         0,    32.0,decoder_by_matrix,0421d486f8a041838688df650e87c0a19c3450ab7a7cc8b3dc589ebff86d1c74,"{""distance"":5,""physical_error_rate"":0.0001}","{""detection_events"":49860,""detectors_checked"":142223360}"
      4096,         1,         0,   0.297,decoder_by_matrix,926aad2e192fb73fc0ac724cdb1e19af2dfa1e49635753b9cefb82507b443f08,"{""distance"":5,""physical_error_rate"":0.005}","{""detection_events"":10925,""detectors_checked"":696320,""obs_mistake_mask=_EE_"":1}"
         1,         0,         0,   0.056,decoder_by_matrix,9c6baee88fc81e7d1aa345fcb3feec7ee81f21c5d49cb6ca037118097d89e180,"{""distance"":5,""physical_error_rate"":5e-05}","{""detectors_checked"":170}"
         8,         0,         0,   0.040,decoder_by_matrix,9c6baee88fc81e7d1aa345fcb3feec7ee81f21c5d49cb6ca037118097d89e180,"{""distance"":5,""physical_error_rate"":5e-05}","{""detectors_checked"":1360}"
     17408,         0,         0,    1.14,decoder_by_matrix,066a5d8d46981b593c3dec855f441edbe9e755a8873183448f69d036a2ecc650,"{""distance"":5,""physical_error_rate"":0.001}","{""detection_events"":9605,""detectors_checked"":2959360}"
        64,         0,         0,   0.038,decoder_by_matrix,9c6baee88fc81e7d1aa345fcb3feec7ee81f21c5d49cb6ca037118097d89e180,"{""distance"":5,""physical_error_rate"":5e-05}","{""detectors_checked"":10880}"
       512,         0,         0,   0.036,decoder_by_matrix,9c6baee88fc81e7d1aa345fcb3feec7ee81f21c5d49cb6ca037118097d89e180,"{""distance"":5,""physical_error_rate"":5e-05}","{""detection_events"":10,""detectors_checked"":87040}"
      1024,         0,         0,   0.040,decoder_by_matrix,9c6baee88fc81e7d1aa345fcb3feec7ee81f21c5d49cb6ca037118097d89e180,"{""distance"":5,""physical_error_rate"":5e-05}","{""detection_events"":45,""detectors_checked"":174080}"
      1024,         0,         0,   0.071,decoder_by_matrix,9c6baee88fc81e7d1aa345fcb3feec7ee81f21c5d49cb6ca037118097d89e180,"{""distance"":5,""physical_error_rate"":5e-05}","{""detection_events"":45,""detectors_checked"":174080}"
      5120,         1,         0,   0.406,decoder_by_matrix,926aad2e192fb73fc0ac724cdb1e19af2dfa1e49635753b9cefb82507b443f08,"{""distance"":5,""physical_error_rate"":0.005}","{""detection_events"":14015,""detectors_checked"":870400,""obs_mistake_mask=___E"":1}"
      2048,         0,         0,   0.075,decoder_by_matrix,9c6baee88fc81e7d1aa345fcb3feec7ee81f21c5d49cb6ca037118097d89e180,"{""distance"":5,""physical_error_rate"":5e-05}","{""detection_events"":40,""detectors_checked"":348160}"
      3072,         0,         0,   0.112,decoder_by_matrix,9c6baee88fc81e7d1aa345fcb3feec7ee81f21c5d49cb6ca037118097d89e180,"{""distance"":5,""physical_error_rate"":5e-05}","{""detection_events"":80,""detectors_checked"":522240}"
         1,         0,         0,   0.252,decoder_by_matrix,926aad2e192fb73fc0ac724cdb1e19af2dfa1e49635753b9cefb82507b443f08,"{""distance"":5,""physical_error_rate"":0.005}","{""detectors_checked"":170}"
         1,         0,         0,   0.325,decoder_by_matrix,066a5d8d46981b593c3dec855f441edbe9e755a8873183448f69d036a2ecc650,"{""distance"":5,""physical_error_rate"":0.001}","{""detectors_checked"":170}"
      4096,         0,         0,   0.150,decoder_by_matrix,9c6baee88fc81e7d1aa345fcb3feec7ee81f21c5d49cb6ca037118097d89e180,"{""distance"":5,""physical_error_rate"":5e-05}","{""detection_events"":85,""detectors_checked"":696320}"
      5120,         0,         0,   0.224,decoder_by_matrix,9c6baee88fc81e7d1aa345fcb3feec7ee81f21c5d49cb6ca037118097d89e180,"{""distance"":5,""physical_error_rate"":5e-05}","{""detection_events"":190,""detectors_checked"":870400}"
      7168,         3,         0,   0.554,decoder_by_matrix,926aad2e192fb73fc0ac724cdb1e19af2dfa1e49635753b9cefb82507b443f08,"{""distance"":5,""physical_error_rate"":0.005}","{""detection_events"":20165,""detectors_checked"":1218560,""obs_mistake_mask=EE_E"":1,""obs_mistake_mask=E_E_"":1,""obs_mistake_mask=_EEE"":1}"
         2,         0,         0,   0.442,decoder_by_matrix,926aad2e192fb73fc0ac724cdb1e19af2dfa1e49635753b9cefb82507b443f08,"{""distance"":5,""physical_error_rate"":0.005}","{""detectors_checked"":340}"
         1,         0,         0,   0.435,decoder_by_matrix,066a5d8d46981b593c3dec855f441edbe9e755a8873183448f69d036a2ecc650,"{""distance"":5,""physical_error_rate"":0.001}","{""detectors_checked"":170}"
      7168,         0,         0,   0.293,decoder_by_matrix,9c6baee88fc81e7d1aa345fcb3feec7ee81f21c5d49cb6ca037118097d89e180,"{""distance"":5,""physical_error_rate"":5e-05}","{""detection_events"":305,""detectors_checked"":1218560}"
         2,         0,         0,   0.431,decoder_by_matrix,926aad2e192fb73fc0ac724cdb1e19af2dfa1e49635753b9cefb82507b443f08,"{""distance"":5,""physical_error_rate"":0.005}","{""detectors_checked"":340}"
         1,         0,         0,   0.433,decoder_by_matrix,066a5d8d46981b593c3dec855f441edbe9e755a8873183448f69d036a2ecc650,"{""distance"":5,""physical_error_rate"":0.001}","{""detectors_checked"":170}"
     10240,         0,         0,   0.407,decoder_by_matrix,9c6baee88fc81e7d1aa345fcb3feec7ee81f21c5d49cb6ca037118097d89e180,"{""distance"":5,""physical_error_rate"":5e-05}","{""detection_events"":245,""detectors_checked"":1740800}"
      9216,         3,         0,   0.792,decoder_by_matrix,926aad2e192fb73fc0ac724cdb1e19af2dfa1e49635753b9cefb82507b443f08,"{""distance"":5,""physical_error_rate"":0.005}","{""detection_events"":26240,""detectors_checked"":1566720,""obs_mistake_mask=E___"":1,""obs_mistake_mask=_E_E"":1,""obs_mistake_mask=_E__"":1}"
         1,         0,         0,   0.373,decoder_by_matrix,066a5d8d46981b593c3dec855f441edbe9e755a8873183448f69d036a2ecc650,"{""distance"":5,""physical_error_rate"":0.001}","{""detectors_checked"":170}"
     20480,         1,         0,    1.62,decoder_by_matrix,066a5d8d46981b593c3dec855f441edbe9e755a8873183448f69d036a2ecc650,"{""distance"":5,""physical_error_rate"":0.001}","{""detection_events"":11530,""detectors_checked"":3481600,""obs_mistake_mask=_E_E"":1}"
         2,         0,         0,   0.448,decoder_by_matrix,926aad2e192fb73fc0ac724cdb1e19af2dfa1e49635753b9cefb82507b443f08,"{""distance"":5,""physical_error_rate"":0.005}","{""detectors_checked"":340}"
         1,         0,         0,   0.111,decoder_by_matrix,926aad2e192fb73fc0ac724cdb1e19af2dfa1e49635753b9cefb82507b443f08,"{""distance"":5,""physical_error_rate"":0.005}","{""detectors_checked"":170}"
         4,         0,         0,   0.063,decoder_by_matrix,926aad2e192fb73fc0ac724cdb1e19af2dfa1e49635753b9cefb82507b443f08,"{""distance"":5,""physical_error_rate"":0.005}","{""detectors_checked"":680}"
     11264,         0,         0,   0.602,decoder_by_matrix,9c6baee88fc81e7d1aa345fcb3feec7ee81f21c5d49cb6ca037118097d89e180,"{""distance"":5,""physical_error_rate"":5e-05}","{""detection_events"":360,""detectors_checked"":1914880}"
        32,         0,         0,   0.088,decoder_by_matrix,926aad2e192fb73fc0ac724cdb1e19af2dfa1e49635753b9cefb82507b443f08,"{""distance"":5,""physical_error_rate"":0.005}","{""detection_events"":35,""detectors_checked"":5440}"
         2,         0,         0,   0.440,decoder_by_matrix,926aad2e192fb73fc0ac724cdb1e19af2dfa1e49635753b9cefb82507b443f08,"{""distance"":5,""physical_error_rate"":0.005}","{""detectors_checked"":340}"
         1,         0,         0,   0.518,decoder_by_matrix,066a5d8d46981b593c3dec855f441edbe9e755a8873183448f69d036a2ecc650,"{""distance"":5,""physical_error_rate"":0.001}","{""detectors_checked"":170}"
       128,         0,         0,   0.079,decoder_by_matrix,926aad2e192fb73fc0ac724cdb1e19af2dfa1e49635753b9cefb82507b443f08,"{""distance"":5,""physical_error_rate"":0.005}","{""detection_events"":455,""detectors_checked"":21760}"
       512,         0,         0,   0.116,decoder_by_matrix,926aad2e192fb73fc0ac724cdb1e19af2dfa1e49635753b9cefb82507b443f08,"{""distance"":5,""physical_error_rate"":0.005}","{""detection_events"":1295,""detectors_checked"":87040}"
     69632,        11,         0,    4.25,decoder_by_matrix,926aad2e192fb73fc0ac724cdb1e19af2dfa1e49635753b9cefb82507b443f08,"{""distance"":5,""physical_error_rate"":0.005}","{""detection_events"":195195,""detectors_checked"":11837440,""obs_mistake_mask=EE_E"":1,""obs_mistake_mask=E_E_"":1,""obs_mistake_mask=E__E"":1,""obs_mistake_mask=E___"":2,""obs_mistake_mask=_EEE"":1,""obs_mistake_mask=_EE_"":2,""obs_mistake_mask=_E_E"":1,""obs_mistake_mask=__E_"":1,""obs_mistake_mask=___E"":1}"
     76800,         0,         0,    4.25,decoder_by_matrix,b84cf4b8ca220d31f17e1e2ea9ab927bbc4176b15682c650e7d1dd8f2758172b,"{""distance"":5,""physical_error_rate"":0.0005}","{""detection_events"":22730,""detectors_checked"":13056000}"
         1,         0,         0,   0.217,decoder_by_matrix,0421d486f8a041838688df650e87c0a19c3450ab7a7cc8b3dc589ebff86d1c74,"{""distance"":5,""physical_error_rate"":0.0001}","{""detectors_checked"":170}"
         2,         0,         0,   0.078,decoder_by_matrix,0421d486f8a041838688df650e87c0a19c3450ab7a7cc8b3dc589ebff86d1c74,"{""distance"":5,""physical_error_rate"":0.0001}","{""detectors_checked"":340}"
         2,         0,         0,   0.427,decoder_by_matrix,926aad2e192fb73fc0ac724cdb1e19af2dfa1e49635753b9cefb82507b443f08,"{""distance"":5,""physical_error_rate"":0.005}","{""detectors_checked"":340}"
         1,         0,         0,   0.447,decoder_by_matrix,066a5d8d46981b593c3dec855f441edbe9e755a8873183448f69d036a2ecc650,"{""distance"":5,""physical_error_rate"":0.001}","{""detectors_checked"":170}"
         8,         0,         0,   0.075,decoder_by_matrix,0421d486f8a041838688df650e87c0a19c3450ab7a7cc8b3dc589ebff86d1c74,"{""distance"":5,""physical_error_rate"":0.0001}","{""detectors_checked"":1360}"
        32,         0,         0,   0.075,decoder_by_matrix,0421d486f8a041838688df650e87c0a19c3450ab7a7cc8b3dc589ebff86d1c74,"{""distance"":5,""physical_error_rate"":0.0001}","{""detectors_checked"":5440}"
       256,         0,         0,   0.076,decoder_by_matrix,0421d486f8a041838688df650e87c0a19c3450ab7a7cc8b3dc589ebff86d1c74,"{""distance"":5,""physical_error_rate"":0.0001}","{""detectors_checked"":43520}"
     14336,         3,         0,    1.17,decoder_by_matrix,926aad2e192fb73fc0ac724cdb1e19af2dfa1e49635753b9cefb82507b443f08,"{""distance"":5,""physical_error_rate"":0.005}","{""detection_events"":41610,""detectors_checked"":2437120,""obs_mistake_mask=_EEE"":2,""obs_mistake_mask=_E__"":1}"
      1024,         0,         0,   0.497,decoder_by_matrix,926aad2e192fb73fc0ac724cdb1e19af2dfa1e49635753b9cefb82507b443f08,"{""distance"":5,""physical_error_rate"":0.005}","{""detection_events"":3055,""detectors_checked"":174080}"
      1024,         0,         0,   0.107,decoder_by_matrix,0421d486f8a041838688df650e87c0a19c3450ab7a7cc8b3dc589ebff86d1c74,"{""distance"":5,""physical_error_rate"":0.0001}","{""detection_events"":60,""detectors_checked"":174080}"
     13312,         0,         0,   0.826,decoder_by_matrix,9c6baee88fc81e7d1aa345fcb3feec7ee81f21c5d49cb6ca037118097d89e180,"{""distance"":5,""physical_error_rate"":5e-05}","{""detection_events"":275,""detectors_checked"":2263040}"
         1,         0,         0,   0.366,decoder_by_matrix,066a5d8d46981b593c3dec855f441edbe9e755a8873183448f69d036a2ecc650,"{""distance"":5,""physical_error_rate"":0.001}","{""detectors_checked"":170}"
      1024,         0,         0,   0.111,decoder_by_matrix,0421d486f8a041838688df650e87c0a19c3450ab7a7cc8b3dc589ebff86d1c74,"{""distance"":5,""physical_error_rate"":0.0001}","{""detection_events"":30,""detectors_checked"":174080}"
         1,         0,         0,   0.115,decoder_by_matrix,fa5edda0c1038186c8afbec49b0215a0b852396cdb50783a3f937fdf51d2afac,"{""distance"":5,""physical_error_rate"":1e-05}","{""detectors_checked"":170}"
      1024,         0,         0,   0.106,decoder_by_matrix,0421d486f8a041838688df650e87c0a19c3450ab7a7cc8b3dc589ebff86d1c74,"{""distance"":5,""physical_error_rate"":0.0001}","{""detection_events"":135,""detectors_checked"":174080}"
         4,         0,         0,   0.130,decoder_by_matrix,fa5edda0c1038186c8afbec49b0215a0b852396cdb50783a3f937fdf51d2afac,"{""distance"":5,""physical_error_rate"":1e-05}","{""detectors_checked"":680}"
        16,         0,         0,   0.076,decoder_by_matrix,fa5edda0c1038186c8afbec49b0215a0b852396cdb50783a3f937fdf51d2afac,"{""distance"":5,""physical_error_rate"":1e-05}","{""detectors_checked"":2720}"
      1024,         0,         0,   0.413,decoder_by_matrix,926aad2e192fb73fc0ac724cdb1e19af2dfa1e49635753b9cefb82507b443f08,"{""distance"":5,""physical_error_rate"":0.005}","{""detection_events"":3290,""detectors_checked"":174080}"
      2048,         0,         0,   0.207,decoder_by_matrix,0421d486f8a041838688df650e87c0a19c3450ab7a7cc8b3dc589ebff86d1c74,"{""distance"":5,""physical_error_rate"":0.0001}","{""detection_events"":70,""detectors_checked"":348160}"
        64,         0,         0,   0.063,decoder_by_matrix,fa5edda0c1038186c8afbec49b0215a0b852396cdb50783a3f937fdf51d2afac,"{""distance"":5,""physical_error_rate"":1e-05}","{""detectors_checked"":10880}"
         1,         0,         0,   0.408,decoder_by_matrix,066a5d8d46981b593c3dec855f441edbe9e755a8873183448f69d036a2ecc650,"{""distance"":5,""physical_error_rate"":0.001}","{""detectors_checked"":170}"
       512,         0,         0,   0.076,decoder_by_matrix,fa5edda0c1038186c8afbec49b0215a0b852396cdb50783a3f937fdf51d2afac,"{""distance"":5,""physical_error_rate"":1e-05}","{""detectors_checked"":87040}"
      1024,         0,         0,   0.077,decoder_by_matrix,fa5edda0c1038186c8afbec49b0215a0b852396cdb50783a3f937fdf51d2afac,"{""distance"":5,""physical_error_rate"":1e-05}","{""detectors_checked"":174080}"
         2,         0,         0,   0.907,decoder_by_matrix,926aad2e192fb73fc0ac724cdb1e19af2dfa1e49635753b9cefb82507b443f08,"{""distance"":5,""physical_error_rate"":0.005}","{""detectors_checked"":340}"
      3072,         0,         0,   0.233,decoder_by_matrix,0421d486f8a041838688df650e87c0a19c3450ab7a7cc8b3dc589ebff86d1c74,"{""distance"":5,""physical_error_rate"":0.0001}","{""detection_events"":200,""detectors_checked"":522240}"
      1024,         0,         0,   0.077,decoder_by_matrix,fa5edda0c1038186c8afbec49b0215a0b852396cdb50783a3f937fdf51d2afac,"{""distance"":5,""physical_error_rate"":1e-05}","{""detectors_checked"":174080}"
      1024,         0,         0,   0.410,decoder_by_matrix,926aad2e192fb73fc0ac724cdb1e19af2dfa1e49635753b9cefb82507b443f08,"{""distance"":5,""physical_error_rate"":0.005}","{""detection_events"":2870,""detectors_checked"":174080}"
      2048,         0,         0,   0.156,decoder_by_matrix,fa5edda0c1038186c8afbec49b0215a0b852396cdb50783a3f937fdf51d2afac,"{""distance"":5,""physical_error_rate"":1e-05}","{""detectors_checked"":348160}"
         1,         0,         0,   0.409,decoder_by_matrix,066a5d8d46981b593c3dec855f441edbe9e755a8873183448f69d036a2ecc650,"{""distance"":5,""physical_error_rate"":0.001}","{""detection_events"":10,""detectors_checked"":170}"
     26624,         0,         0,    2.19,decoder_by_matrix,066a5d8d46981b593c3dec855f441edbe9e755a8873183448f69d036a2ecc650,"{""distance"":5,""physical_error_rate"":0.001}","{""detection_events"":15130,""detectors_checked"":4526080}"
      1024,         0,         0,   0.152,decoder_by_matrix,fa5edda0c1038186c8afbec49b0215a0b852396cdb50783a3f937fdf51d2afac,"{""distance"":5,""physical_error_rate"":1e-05}","{""detectors_checked"":174080}"
      4096,         0,         0,   0.334,decoder_by_matrix,0421d486f8a041838688df650e87c0a19c3450ab7a7cc8b3dc589ebff86d1c74,"{""distance"":5,""physical_error_rate"":0.0001}","{""detection_events"":355,""detectors_checked"":696320}"
         2,         0,         0,   0.410,decoder_by_matrix,926aad2e192fb73fc0ac724cdb1e19af2dfa1e49635753b9cefb82507b443f08,"{""distance"":5,""physical_error_rate"":0.005}","{""detection_events"":10,""detectors_checked"":340}"
     14336,         0,         0,    1.17,decoder_by_matrix,9c6baee88fc81e7d1aa345fcb3feec7ee81f21c5d49cb6ca037118097d89e180,"{""distance"":5,""physical_error_rate"":5e-05}","{""detection_events"":365,""detectors_checked"":2437120}"
      1024,         0,         0,   0.403,decoder_by_matrix,926aad2e192fb73fc0ac724cdb1e19af2dfa1e49635753b9cefb82507b443f08,"{""distance"":5,""physical_error_rate"":0.005}","{""detection_events"":2825,""detectors_checked"":174080}"
      3072,         0,         0,   0.243,decoder_by_matrix,fa5edda0c1038186c8afbec49b0215a0b852396cdb50783a3f937fdf51d2afac,"{""distance"":5,""physical_error_rate"":1e-05}","{""detection_events"":65,""detectors_checked"":522240}"
         1,         0,         0,   0.404,decoder_by_matrix,066a5d8d46981b593c3dec855f441edbe9e755a8873183448f69d036a2ecc650,"{""distance"":5,""physical_error_rate"":0.001}","{""detectors_checked"":170}"
         2,         0,         0,   0.328,decoder_by_matrix,926aad2e192fb73fc0ac724cdb1e19af2dfa1e49635753b9cefb82507b443f08,"{""distance"":5,""physical_error_rate"":0.005}","{""detectors_checked"":340}"
      3072,         1,         0,   0.237,decoder_by_matrix,926aad2e192fb73fc0ac724cdb1e19af2dfa1e49635753b9cefb82507b443f08,"{""distance"":5,""physical_error_rate"":0.005}","{""detection_events"":7915,""detectors_checked"":522240,""obs_mistake_mask=__E_"":1}"
      5120,         0,         0,   0.452,decoder_by_matrix,0421d486f8a041838688df650e87c0a19c3450ab7a7cc8b3dc589ebff86d1c74,"{""distance"":5,""physical_error_rate"":0.0001}","{""detection_events"":220,""detectors_checked"":870400}"
      4096,         0,         0,   0.292,decoder_by_matrix,fa5edda0c1038186c8afbec49b0215a0b852396cdb50783a3f937fdf51d2afac,"{""distance"":5,""physical_error_rate"":1e-05}","{""detection_events"":30,""detectors_checked"":696320}"
     19456,         2,         0,    1.59,decoder_by_matrix,926aad2e192fb73fc0ac724cdb1e19af2dfa1e49635753b9cefb82507b443f08,"{""distance"":5,""physical_error_rate"":0.005}","{""detection_events"":54340,""detectors_checked"":3307520,""obs_mistake_mask=___E"":2}"
         2,         0,         0,   0.321,decoder_by_matrix,926aad2e192fb73fc0ac724cdb1e19af2dfa1e49635753b9cefb82507b443f08,"{""distance"":5,""physical_error_rate"":0.005}","{""detection_events"":10,""detectors_checked"":340}"
      4096,         1,         0,   0.284,decoder_by_matrix,926aad2e192fb73fc0ac724cdb1e19af2dfa1e49635753b9cefb82507b443f08,"{""distance"":5,""physical_error_rate"":0.005}","{""detection_events"":11390,""detectors_checked"":696320,""obs_mistake_mask=_EEE"":1}"
         1,         0,         0,   0.383,decoder_by_matrix,066a5d8d46981b593c3dec855f441edbe9e755a8873183448f69d036a2ecc650,"{""distance"":5,""physical_error_rate"":0.001}","{""detectors_checked"":170}"
      5120,         0,         0,   0.439,decoder_by_matrix,fa5edda0c1038186c8afbec49b0215a0b852396cdb50783a3f937fdf51d2afac,"{""distance"":5,""physical_error_rate"":1e-05}","{""detection_events"":40,""detectors_checked"":870400}"
      7168,         0,         0,   0.626,decoder_by_matrix,0421d486f8a041838688df650e87c0a19c3450ab7a7cc8b3dc589ebff86d1c74,"{""distance"":5,""physical_error_rate"":0.0001}","{""detection_events"":395,""detectors_checked"":1218560}"
      5120,         2,         0,   0.406,decoder_by_matrix,926aad2e192fb73fc0ac724cdb1e19af2dfa1e49635753b9cefb82507b443f08,"{""distance"":5,""physical_error_rate"":0.005}","{""detection_events"":14530,""detectors_checked"":870400,""obs_mistake_mask=E___"":1,""obs_mistake_mask=_EE_"":1}"
         2,         0,         0,   0.462,decoder_by_matrix,926aad2e192fb73fc0ac724cdb1e19af2dfa1e49635753b9cefb82507b443f08,"{""distance"":5,""physical_error_rate"":0.005}","{""detectors_checked"":340}"
         2,         0,         0,   0.826,decoder_by_matrix,066a5d8d46981b593c3dec855f441edbe9e755a8873183448f69d036a2ecc650,"{""distance"":5,""physical_error_rate"":0.001}","{""detectors_checked"":340}"
         2,         0,         0,   0.433,decoder_by_matrix,926aad2e192fb73fc0ac724cdb1e19af2dfa1e49635753b9cefb82507b443f08,"{""distance"":5,""physical_error_rate"":0.005}","{""detectors_checked"":340}"
     21504,         0,         0,    1.61,decoder_by_matrix,9c6baee88fc81e7d1aa345fcb3feec7ee81f21c5d49cb6ca037118097d89e180,"{""distance"":5,""physical_error_rate"":5e-05}","{""detection_events"":790,""detectors_checked"":3655680}"
      2048,         0,         0,   0.865,decoder_by_matrix,fa5edda0c1038186c8afbec49b0215a0b852396cdb50783a3f937fdf51d2afac,"{""distance"":5,""physical_error_rate"":1e-05}","{""detection_events"":10,""detectors_checked"":348160}"
      2048,         2,         0,   0.886,decoder_by_matrix,926aad2e192fb73fc0ac724cdb1e19af2dfa1e49635753b9cefb82507b443f08,"{""distance"":5,""physical_error_rate"":0.005}","{""detection_events"":6045,""detectors_checked"":348160,""obs_mistake_mask=EE_E"":1,""obs_mistake_mask=E___"":1}"
     10240,         0,         0,    1.21,decoder_by_matrix,0421d486f8a041838688df650e87c0a19c3450ab7a7cc8b3dc589ebff86d1c74,"{""distance"":5,""physical_error_rate"":0.0001}","{""detection_events"":785,""detectors_checked"":1740800}"
         4,         0,         0,   0.980,decoder_by_matrix,926aad2e192fb73fc0ac724cdb1e19af2dfa1e49635753b9cefb82507b443f08,"{""distance"":5,""physical_error_rate"":0.005}","{""detectors_checked"":680}"
         1,         0,         0,    1.05,decoder_by_matrix,066a5d8d46981b593c3dec855f441edbe9e755a8873183448f69d036a2ecc650,"{""distance"":5,""physical_error_rate"":0.001}","{""detectors_checked"":170}"
     31744,         9,         0,    2.21,decoder_by_matrix,926aad2e192fb73fc0ac724cdb1e19af2dfa1e49635753b9cefb82507b443f08,"{""distance"":5,""physical_error_rate"":0.005}","{""detection_events"":86600,""detectors_checked"":5396480,""obs_mistake_mask=E_E_"":1,""obs_mistake_mask=E___"":2,""obs_mistake_mask=_EEE"":1,""obs_mistake_mask=_E_E"":1,""obs_mistake_mask=_E__"":1,""obs_mistake_mask=___E"":3}"
      2048,         0,         0,    1.01,decoder_by_matrix,fa5edda0c1038186c8afbec49b0215a0b852396cdb50783a3f937fdf51d2afac,"{""distance"":5,""physical_error_rate"":1e-05}","{""detectors_checked"":348160}"
      2048,         1,         0,   0.958,decoder_by_matrix,926aad2e192fb73fc0ac724cdb1e19af2dfa1e49635753b9cefb82507b443f08,"{""distance"":5,""physical_error_rate"":0.005}","{""detection_events"":6215,""detectors_checked"":348160,""obs_mistake_mask=_E__"":1}"
     49152,         0,         0,    3.06,decoder_by_matrix,066a5d8d46981b593c3dec855f441edbe9e755a8873183448f69d036a2ecc650,"{""distance"":5,""physical_error_rate"":0.001}","{""detection_events"":27250,""detectors_checked"":8355840}"
      2048,         0,         0,    1.20,decoder_by_matrix,0421d486f8a041838688df650e87c0a19c3450ab7a7cc8b3dc589ebff86d1c74,"{""distance"":5,""physical_error_rate"":0.0001}","{""detection_events"":135,""detectors_checked"":348160}"
         4,         1,         0,   0.972,decoder_by_matrix,926aad2e192fb73fc0ac724cdb1e19af2dfa1e49635753b9cefb82507b443f08,"{""distance"":5,""physical_error_rate"":0.005}","{""detection_events"":30,""detectors_checked"":680,""obs_mistake_mask=__E_"":1}"
         2,         0,         0,   0.977,decoder_by_matrix,066a5d8d46981b593c3dec855f441edbe9e755a8873183448f69d036a2ecc650,"{""distance"":5,""physical_error_rate"":0.001}","{""detectors_checked"":340}"
     15360,         0,         0,    2.20,decoder_by_matrix,9c6baee88fc81e7d1aa345fcb3feec7ee81f21c5d49cb6ca037118097d89e180,"{""distance"":5,""physical_error_rate"":5e-05}","{""detection_events"":385,""detectors_checked"":2611200}"
      3072,         1,         0,    1.35,decoder_by_matrix,926aad2e192fb73fc0ac724cdb1e19af2dfa1e49635753b9cefb82507b443f08,"{""distance"":5,""physical_error_rate"":0.005}","{""detection_events"":8120,""detectors_checked"":522240,""obs_mistake_mask=___E"":1}"
      3072,         0,         0,    1.59,decoder_by_matrix,fa5edda0c1038186c8afbec49b0215a0b852396cdb50783a3f937fdf51d2afac,"{""distance"":5,""physical_error_rate"":1e-05}","{""detectors_checked"":522240}"
    119808,         0,         0,    5.96,decoder_by_matrix,b84cf4b8ca220d31f17e1e2ea9ab927bbc4176b15682c650e7d1dd8f2758172b,"{""distance"":5,""physical_error_rate"":0.0005}","{""detection_events"":33830,""detectors_checked"":20367360}"
    124928,        31,         0,    5.98,decoder_by_matrix,926aad2e192fb73fc0ac724cdb1e19af2dfa1e49635753b9cefb82507b443f08,"{""distance"":5,""physical_error_rate"":0.005}","{""detection_events"":348440,""detectors_checked"":21237760,""obs_mistake_mask=EE_E"":1,""obs_mistake_mask=EE__"":2,""obs_mistake_mask=E_E_"":3,""obs_mistake_mask=E__E"":2,""obs_mistake_mask=E___"":3,""obs_mistake_mask=_EE_"":2,""obs_mistake_mask=_E_E"":4,""obs_mistake_mask=_E__"":4,""obs_mistake_mask=__EE"":2,""obs_mistake_mask=__E_"":4,""obs_mistake_mask=___E"":4}"
         6,         0,         0,    1.33,decoder_by_matrix,926aad2e192fb73fc0ac724cdb1e19af2dfa1e49635753b9cefb82507b443f08,"{""distance"":5,""physical_error_rate"":0.005}","{""detection_events"":5,""detectors_checked"":1020}"
         3,         0,         0,    1.43,decoder_by_matrix,066a5d8d46981b593c3dec855f441edbe9e755a8873183448f69d036a2ecc650,"{""distance"":5,""physical_error_rate"":0.001}","{""detectors_checked"":510}"
      3072,         0,         0,    1.70,decoder_by_matrix,0421d486f8a041838688df650e87c0a19c3450ab7a7cc8b3dc589ebff86d1c74,"{""distance"":5,""physical_error_rate"":0.0001}","{""detection_events"":180,""detectors_checked"":522240}"
     76800,        24,         0,    3.08,decoder_by_matrix,926aad2e192fb73fc0ac724cdb1e19af2dfa1e49635753b9cefb82507b443f08,"{""distance"":5,""physical_error_rate"":0.005}","{""detection_events"":216330,""detectors_checked"":13056000,""obs_mistake_mask=E_E_"":2,""obs_mistake_mask=E__E"":2,""obs_mistake_mask=E___"":5,""obs_mistake_mask=_EEE"":5,""obs_mistake_mask=__EE"":3,""obs_mistake_mask=__E_"":5,""obs_mistake_mask=___E"":2}"
      4096,         0,         0,    1.85,decoder_by_matrix,926aad2e192fb73fc0ac724cdb1e19af2dfa1e49635753b9cefb82507b443f08,"{""distance"":5,""physical_error_rate"":0.005}","{""detection_events"":10820,""detectors_checked"":696320}"
      4096,         0,         0,    1.95,decoder_by_matrix,fa5edda0c1038186c8afbec49b0215a0b852396cdb50783a3f937fdf51d2afac,"{""distance"":5,""physical_error_rate"":1e-05}","{""detection_events"":85,""detectors_checked"":696320}"
         1,         0,         0,   0.090,decoder_by_matrix,e41ade2e4684e0396b9a3890c882b6453b515d69885aa1d89a26ce21ec554895,"{""distance"":5,""physical_error_rate"":1e-06}","{""detectors_checked"":170}"
         4,         0,         0,   0.076,decoder_by_matrix,e41ade2e4684e0396b9a3890c882b6453b515d69885aa1d89a26ce21ec554895,"{""distance"":5,""physical_error_rate"":1e-06}","{""detectors_checked"":680}"
        16,         0,         0,   0.078,decoder_by_matrix,e41ade2e4684e0396b9a3890c882b6453b515d69885aa1d89a26ce21ec554895,"{""distance"":5,""physical_error_rate"":1e-06}","{""detectors_checked"":2720}"
         6,         0,         0,    1.68,decoder_by_matrix,926aad2e192fb73fc0ac724cdb1e19af2dfa1e49635753b9cefb82507b443f08,"{""distance"":5,""physical_error_rate"":0.005}","{""detection_events"":60,""detectors_checked"":1020}"
        64,         0,         0,   0.076,decoder_by_matrix,e41ade2e4684e0396b9a3890c882b6453b515d69885aa1d89a26ce21ec554895,"{""distance"":5,""physical_error_rate"":1e-06}","{""detectors_checked"":10880}"
       256,         0,         0,   0.078,decoder_by_matrix,e41ade2e4684e0396b9a3890c882b6453b515d69885aa1d89a26ce21ec554895,"{""distance"":5,""physical_error_rate"":1e-06}","{""detectors_checked"":43520}"
      1024,         0,         0,   0.073,decoder_by_matrix,e41ade2e4684e0396b9a3890c882b6453b515d69885aa1d89a26ce21ec554895,"{""distance"":5,""physical_error_rate"":1e-06}","{""detectors_checked"":174080}"
      1024,         0,         0,   0.078,decoder_by_matrix,e41ade2e4684e0396b9a3890c882b6453b515d69885aa1d89a26ce21ec554895,"{""distance"":5,""physical_error_rate"":1e-06}","{""detectors_checked"":174080}"
         4,         0,         0,    1.87,decoder_by_matrix,066a5d8d46981b593c3dec855f441edbe9e755a8873183448f69d036a2ecc650,"{""distance"":5,""physical_error_rate"":0.001}","{""detection_events"":10,""detectors_checked"":680}"
      2048,         0,         0,   0.153,decoder_by_matrix,e41ade2e4684e0396b9a3890c882b6453b515d69885aa1d89a26ce21ec554895,"{""distance"":5,""physical_error_rate"":1e-06}","{""detectors_checked"":348160}"
      2048,         0,         0,   0.136,decoder_by_matrix,e41ade2e4684e0396b9a3890c882b6453b515d69885aa1d89a26ce21ec554895,"{""distance"":5,""physical_error_rate"":1e-06}","{""detectors_checked"":348160}"
     97280,         2,         0,    4.32,decoder_by_matrix,066a5d8d46981b593c3dec855f441edbe9e755a8873183448f69d036a2ecc650,"{""distance"":5,""physical_error_rate"":0.001}","{""detection_events"":53635,""detectors_checked"":16537600,""obs_mistake_mask=E___"":1,""obs_mistake_mask=___E"":1}"
      3072,         0,         0,   0.231,decoder_by_matrix,e41ade2e4684e0396b9a3890c882b6453b515d69885aa1d89a26ce21ec554895,"{""distance"":5,""physical_error_rate"":1e-06}","{""detectors_checked"":522240}"
     20480,         0,         0,    3.51,decoder_by_matrix,9c6baee88fc81e7d1aa345fcb3feec7ee81f21c5d49cb6ca037118097d89e180,"{""distance"":5,""physical_error_rate"":5e-05}","{""detection_events"":560,""detectors_checked"":3481600}"
      4096,         0,         0,    2.45,decoder_by_matrix,0421d486f8a041838688df650e87c0a19c3450ab7a7cc8b3dc589ebff86d1c74,"{""distance"":5,""physical_error_rate"":0.0001}","{""detection_events"":265,""detectors_checked"":696320}"
      4096,         0,         0,   0.349,decoder_by_matrix,e41ade2e4684e0396b9a3890c882b6453b515d69885aa1d89a26ce21ec554895,"{""distance"":5,""physical_error_rate"":1e-06}","{""detectors_checked"":696320}"
         1,         0,         0,   0.126,decoder_by_matrix,0421d486f8a041838688df650e87c0a19c3450ab7a7cc8b3dc589ebff86d1c74,"{""distance"":5,""physical_error_rate"":0.0001}","{""detectors_checked"":170}"
         1,         0,         0,   0.367,decoder_by_matrix,066a5d8d46981b593c3dec855f441edbe9e755a8873183448f69d036a2ecc650,"{""distance"":5,""physical_error_rate"":0.001}","{""detectors_checked"":170}"
         4,         0,         0,   0.270,decoder_by_matrix,0421d486f8a041838688df650e87c0a19c3450ab7a7cc8b3dc589ebff86d1c74,"{""distance"":5,""physical_error_rate"":0.0001}","{""detectors_checked"":680}"
      4096,         0,         0,   0.503,decoder_by_matrix,e41ade2e4684e0396b9a3890c882b6453b515d69885aa1d89a26ce21ec554895,"{""distance"":5,""physical_error_rate"":1e-06}","{""detectors_checked"":696320}"
         1,         0,         0,   0.242,decoder_by_matrix,066a5d8d46981b593c3dec855f441edbe9e755a8873183448f69d036a2ecc650,"{""distance"":5,""physical_error_rate"":0.001}","{""detectors_checked"":170}"
      5120,         1,         0,    2.20,decoder_by_matrix,926aad2e192fb73fc0ac724cdb1e19af2dfa1e49635753b9cefb82507b443f08,"{""distance"":5,""physical_error_rate"":0.005}","{""detection_events"":13630,""detectors_checked"":870400,""obs_mistake_mask=EE__"":1}"
         8,         0,         0,   0.217,decoder_by_matrix,0421d486f8a041838688df650e87c0a19c3450ab7a7cc8b3dc589ebff86d1c74,"{""distance"":5,""physical_error_rate"":0.0001}","{""detection_events"":40,""detectors_checked"":1360}"
         2,         0,         0,   0.243,decoder_by_matrix,066a5d8d46981b593c3dec855f441edbe9e755a8873183448f69d036a2ecc650,"{""distance"":5,""physical_error_rate"":0.001}","{""detectors_checked"":340}"
        16,         0,         0,   0.249,decoder_by_matrix,0421d486f8a041838688df650e87c0a19c3450ab7a7cc8b3dc589ebff86d1c74,"{""distance"":5,""physical_error_rate"":0.0001}","{""detectors_checked"":2720}"
         4,         0,         0,   0.247,decoder_by_matrix,066a5d8d46981b593c3dec855f441edbe9e755a8873183448f69d036a2ecc650,"{""distance"":5,""physical_error_rate"":0.001}","{""detectors_checked"":680}"
      5120,         0,         0,    2.51,decoder_by_matrix,fa5edda0c1038186c8afbec49b0215a0b852396cdb50783a3f937fdf51d2afac,"{""distance"":5,""physical_error_rate"":1e-05}","{""detection_events"":30,""detectors_checked"":870400}"
        32,         0,         0,   0.243,decoder_by_matrix,0421d486f8a041838688df650e87c0a19c3450ab7a7cc8b3dc589ebff86d1c74,"{""distance"":5,""physical_error_rate"":0.0001}","{""detectors_checked"":5440}"
      2048,         0,         0,   0.821,decoder_by_matrix,e41ade2e4684e0396b9a3890c882b6453b515d69885aa1d89a26ce21ec554895,"{""distance"":5,""physical_error_rate"":1e-06}","{""detectors_checked"":348160}"
         8,         0,         0,   0.330,decoder_by_matrix,066a5d8d46981b593c3dec855f441edbe9e755a8873183448f69d036a2ecc650,"{""distance"":5,""physical_error_rate"":0.001}","{""detectors_checked"":1360}"
         5,         0,         0,    2.27,decoder_by_matrix,066a5d8d46981b593c3dec855f441edbe9e755a8873183448f69d036a2ecc650,"{""distance"":5,""physical_error_rate"":0.001}","{""detectors_checked"":850}"
        12,         0,         0,    2.61,decoder_by_matrix,926aad2e192fb73fc0ac724cdb1e19af2dfa1e49635753b9cefb82507b443f08,"{""distance"":5,""physical_error_rate"":0.005}","{""detectors_checked"":2040}"
        64,         0,         0,   0.264,decoder_by_matrix,0421d486f8a041838688df650e87c0a19c3450ab7a7cc8b3dc589ebff86d1c74,"{""distance"":5,""physical_error_rate"":0.0001}","{""detectors_checked"":10880}"
         8,         0,         0,   0.253,decoder_by_matrix,066a5d8d46981b593c3dec855f441edbe9e755a8873183448f69d036a2ecc650,"{""distance"":5,""physical_error_rate"":0.001}","{""detectors_checked"":1360}"
       128,         0,         0,   0.288,decoder_by_matrix,0421d486f8a041838688df650e87c0a19c3450ab7a7cc8b3dc589ebff86d1c74,"{""distance"":5,""physical_error_rate"":0.0001}","{""detectors_checked"":21760}"
        16,         0,         0,   0.211,decoder_by_matrix,066a5d8d46981b593c3dec855f441edbe9e755a8873183448f69d036a2ecc650,"{""distance"":5,""physical_error_rate"":0.001}","{""detection_events"":30,""detectors_checked"":2720}"
       256,         0,         0,   0.307,decoder_by_matrix,0421d486f8a041838688df650e87c0a19c3450ab7a7cc8b3dc589ebff86d1c74,"{""distance"":5,""physical_error_rate"":0.0001}","{""detectors_checked"":43520}"
         1,         0,         0,   0.092,decoder_by_matrix,e41ade2e4684e0396b9a3890c882b6453b515d69885aa1d89a26ce21ec554895,"{""distance"":5,""physical_error_rate"":1e-06}","{""detectors_checked"":170}"
        32,         0,         0,   0.202,decoder_by_matrix,066a5d8d46981b593c3dec855f441edbe9e755a8873183448f69d036a2ecc650,"{""distance"":5,""physical_error_rate"":0.001}","{""detection_events"":40,""detectors_checked"":5440}"
         4,         0,         0,   0.057,decoder_by_matrix,e41ade2e4684e0396b9a3890c882b6453b515d69885aa1d89a26ce21ec554895,"{""distance"":5,""physical_error_rate"":1e-06}","{""detectors_checked"":680}"
      2048,         0,         0,   0.905,decoder_by_matrix,e41ade2e4684e0396b9a3890c882b6453b515d69885aa1d89a26ce21ec554895,"{""distance"":5,""physical_error_rate"":1e-06}","{""detectors_checked"":348160}"
        32,         0,         0,   0.075,decoder_by_matrix,e41ade2e4684e0396b9a3890c882b6453b515d69885aa1d89a26ce21ec554895,"{""distance"":5,""physical_error_rate"":1e-06}","{""detectors_checked"":5440}"
     95232,        17,         0,    4.27,decoder_by_matrix,926aad2e192fb73fc0ac724cdb1e19af2dfa1e49635753b9cefb82507b443f08,"{""distance"":5,""physical_error_rate"":0.005}","{""detection_events"":264885,""detectors_checked"":16189440,""obs_mistake_mask=EE__"":1,""obs_mistake_mask=E_E_"":2,""obs_mistake_mask=E__E"":1,""obs_mistake_mask=E___"":7,""obs_mistake_mask=_E_E"":1,""obs_mistake_mask=__E_"":1,""obs_mistake_mask=___E"":4}"
       256,         0,         0,   0.060,decoder_by_matrix,e41ade2e4684e0396b9a3890c882b6453b515d69885aa1d89a26ce21ec554895,"{""distance"":5,""physical_error_rate"":1e-06}","{""detectors_checked"":43520}"
       256,         0,         0,   0.248,decoder_by_matrix,0421d486f8a041838688df650e87c0a19c3450ab7a7cc8b3dc589ebff86d1c74,"{""distance"":5,""physical_error_rate"":0.0001}","{""detection_events"":20,""detectors_checked"":43520}"
        64,         0,         0,   0.205,decoder_by_matrix,066a5d8d46981b593c3dec855f441edbe9e755a8873183448f69d036a2ecc650,"{""distance"":5,""physical_error_rate"":0.001}","{""detectors_checked"":10880}"
       512,         0,         0,   0.249,decoder_by_matrix,0421d486f8a041838688df650e87c0a19c3450ab7a7cc8b3dc589ebff86d1c74,"{""distance"":5,""physical_error_rate"":0.0001}","{""detection_events"":90,""detectors_checked"":87040}"
       128,         0,         0,   0.316,decoder_by_matrix,066a5d8d46981b593c3dec855f441edbe9e755a8873183448f69d036a2ecc650,"{""distance"":5,""physical_error_rate"":0.001}","{""detection_events"":115,""detectors_checked"":21760}"
      1024,         0,         0,   0.361,decoder_by_matrix,e41ade2e4684e0396b9a3890c882b6453b515d69885aa1d89a26ce21ec554895,"{""distance"":5,""physical_error_rate"":1e-06}","{""detection_events"":15,""detectors_checked"":174080}"
      1024,         0,         0,   0.370,decoder_by_matrix,0421d486f8a041838688df650e87c0a19c3450ab7a7cc8b3dc589ebff86d1c74,"{""distance"":5,""physical_error_rate"":0.0001}","{""detection_events"":25,""detectors_checked"":174080}"
      1024,         0,         0,   0.302,decoder_by_matrix,e41ade2e4684e0396b9a3890c882b6453b515d69885aa1d89a26ce21ec554895,"{""distance"":5,""physical_error_rate"":1e-06}","{""detectors_checked"":174080}"
       384,         0,         0,   0.507,decoder_by_matrix,066a5d8d46981b593c3dec855f441edbe9e755a8873183448f69d036a2ecc650,"{""distance"":5,""physical_error_rate"":0.001}","{""detection_events"":215,""detectors_checked"":65280}"
      1024,         0,         0,   0.411,decoder_by_matrix,e41ade2e4684e0396b9a3890c882b6453b515d69885aa1d89a26ce21ec554895,"{""distance"":5,""physical_error_rate"":1e-06}","{""detectors_checked"":174080}"
      6144,         0,         0,    3.56,decoder_by_matrix,0421d486f8a041838688df650e87c0a19c3450ab7a7cc8b3dc589ebff86d1c74,"{""distance"":5,""physical_error_rate"":0.0001}","{""detection_events"":355,""detectors_checked"":1044480}"
      2048,         0,         0,   0.617,decoder_by_matrix,0421d486f8a041838688df650e87c0a19c3450ab7a7cc8b3dc589ebff86d1c74,"{""distance"":5,""physical_error_rate"":0.0001}","{""detection_events"":170,""detectors_checked"":348160}"
      3072,         0,         0,    1.41,decoder_by_matrix,e41ade2e4684e0396b9a3890c882b6453b515d69885aa1d89a26ce21ec554895,"{""distance"":5,""physical_error_rate"":1e-06}","{""detectors_checked"":522240}"
      6144,         3,         0,    3.13,decoder_by_matrix,926aad2e192fb73fc0ac724cdb1e19af2dfa1e49635753b9cefb82507b443f08,"{""distance"":5,""physical_error_rate"":0.005}","{""detection_events"":17240,""detectors_checked"":1044480,""obs_mistake_mask=EE__"":1,""obs_mistake_mask=E___"":2}"
      1024,         0,         0,   0.568,decoder_by_matrix,066a5d8d46981b593c3dec855f441edbe9e755a8873183448f69d036a2ecc650,"{""distance"":5,""physical_error_rate"":0.001}","{""detection_events"":655,""detectors_checked"":174080}"
         1,         0,         0,   0.226,decoder_by_matrix,9c6baee88fc81e7d1aa345fcb3feec7ee81f21c5d49cb6ca037118097d89e180,"{""distance"":5,""physical_error_rate"":5e-05}","{""detectors_checked"":170}"
     58368,         0,         0,    4.29,decoder_by_matrix,9c6baee88fc81e7d1aa345fcb3feec7ee81f21c5d49cb6ca037118097d89e180,"{""distance"":5,""physical_error_rate"":5e-05}","{""detection_events"":1685,""detectors_checked"":9922560}"
      1024,         0,         0,   0.765,decoder_by_matrix,e41ade2e4684e0396b9a3890c882b6453b515d69885aa1d89a26ce21ec554895,"{""distance"":5,""physical_error_rate"":1e-06}","{""detection_events"":15,""detectors_checked"":174080}"
         2,         0,         0,   0.310,decoder_by_matrix,9c6baee88fc81e7d1aa345fcb3feec7ee81f21c5d49cb6ca037118097d89e180,"{""distance"":5,""physical_error_rate"":5e-05}","{""detectors_checked"":340}"
      2048,         0,         0,   0.821,decoder_by_matrix,0421d486f8a041838688df650e87c0a19c3450ab7a7cc8b3dc589ebff86d1c74,"{""distance"":5,""physical_error_rate"":0.0001}","{""detection_events"":145,""detectors_checked"":348160}"
      2048,         0,         0,   0.635,decoder_by_matrix,066a5d8d46981b593c3dec855f441edbe9e755a8873183448f69d036a2ecc650,"{""distance"":5,""physical_error_rate"":0.001}","{""detection_events"":1065,""detectors_checked"":348160}"
      1024,         0,         0,   0.269,decoder_by_matrix,e41ade2e4684e0396b9a3890c882b6453b515d69885aa1d89a26ce21ec554895,"{""distance"":5,""physical_error_rate"":1e-06}","{""detectors_checked"":174080}"
         2,         0,         0,   0.303,decoder_by_matrix,9c6baee88fc81e7d1aa345fcb3feec7ee81f21c5d49cb6ca037118097d89e180,"{""distance"":5,""physical_error_rate"":5e-05}","{""detectors_checked"":340}"
     44306,         0,         0,    3.09,decoder_by_matrix,066a5d8d46981b593c3dec855f441edbe9e755a8873183448f69d036a2ecc650,"{""distance"":5,""physical_error_rate"":0.001}","{""detection_events"":25395,""detectors_checked"":7532020}"
      7168,         0,         0,    3.51,decoder_by_matrix,fa5edda0c1038186c8afbec49b0215a0b852396cdb50783a3f937fdf51d2afac,"{""distance"":5,""physical_error_rate"":1e-05}","{""detection_events"":10,""detectors_checked"":1218560}"
      1024,         0,         0,   0.290,decoder_by_matrix,e41ade2e4684e0396b9a3890c882b6453b515d69885aa1d89a26ce21ec554895,"{""distance"":5,""physical_error_rate"":1e-06}","{""detectors_checked"":174080}"
         2,         0,         0,   0.255,decoder_by_matrix,9c6baee88fc81e7d1aa345fcb3feec7ee81f21c5d49cb6ca037118097d89e180,"{""distance"":5,""physical_error_rate"":5e-05}","{""detectors_checked"":340}"
        14,         0,         0,    3.40,decoder_by_matrix,926aad2e192fb73fc0ac724cdb1e19af2dfa1e49635753b9cefb82507b443f08,"{""distance"":5,""physical_error_rate"":0.005}","{""detection_events"":15,""detectors_checked"":2380}"
         4,         0,         0,   0.292,decoder_by_matrix,9c6baee88fc81e7d1aa345fcb3feec7ee81f21c5d49cb6ca037118097d89e180,"{""distance"":5,""physical_error_rate"":5e-05}","{""detectors_checked"":680}"
      1024,         0,         0,   0.293,decoder_by_matrix,e41ade2e4684e0396b9a3890c882b6453b515d69885aa1d89a26ce21ec554895,"{""distance"":5,""physical_error_rate"":1e-06}","{""detectors_checked"":174080}"
    111616,         0,         0,    8.27,decoder_by_matrix,b84cf4b8ca220d31f17e1e2ea9ab927bbc4176b15682c650e7d1dd8f2758172b,"{""distance"":5,""physical_error_rate"":0.0005}","{""detection_events"":31920,""detectors_checked"":18974720}"
     63488,        11,         0,    8.37,decoder_by_matrix,926aad2e192fb73fc0ac724cdb1e19af2dfa1e49635753b9cefb82507b443f08,"{""distance"":5,""physical_error_rate"":0.005}","{""detection_events"":174635,""detectors_checked"":10792960,""obs_mistake_mask=E___"":2,""obs_mistake_mask=_EEE"":1,""obs_mistake_mask=_EE_"":1,""obs_mistake_mask=_E_E"":1,""obs_mistake_mask=_E__"":3,""obs_mistake_mask=__EE"":1,""obs_mistake_mask=__E_"":1,""obs_mistake_mask=___E"":1}"
      3072,         0,         0,   0.814,decoder_by_matrix,0421d486f8a041838688df650e87c0a19c3450ab7a7cc8b3dc589ebff86d1c74,"{""distance"":5,""physical_error_rate"":0.0001}","{""detection_events"":185,""detectors_checked"":522240}"
      3072,         0,         0,   0.818,decoder_by_matrix,066a5d8d46981b593c3dec855f441edbe9e755a8873183448f69d036a2ecc650,"{""distance"":5,""physical_error_rate"":0.001}","{""detection_events"":1850,""detectors_checked"":522240}"
         8,         0,         0,   0.351,decoder_by_matrix,9c6baee88fc81e7d1aa345fcb3feec7ee81f21c5d49cb6ca037118097d89e180,"{""distance"":5,""physical_error_rate"":5e-05}","{""detectors_checked"":1360}"
      4096,         0,         0,    1.78,decoder_by_matrix,e41ade2e4684e0396b9a3890c882b6453b515d69885aa1d89a26ce21ec554895,"{""distance"":5,""physical_error_rate"":1e-06}","{""detection_events"":60,""detectors_checked"":696320}"
     48128,         0,         0,    5.97,decoder_by_matrix,066a5d8d46981b593c3dec855f441edbe9e755a8873183448f69d036a2ecc650,"{""distance"":5,""physical_error_rate"":0.001}","{""detection_events"":25995,""detectors_checked"":8181760}"
      2048,         0,         0,   0.569,decoder_by_matrix,e41ade2e4684e0396b9a3890c882b6453b515d69885aa1d89a26ce21ec554895,"{""distance"":5,""physical_error_rate"":1e-06}","{""detectors_checked"":348160}"
         8,         0,         0,   0.432,decoder_by_matrix,9c6baee88fc81e7d1aa345fcb3feec7ee81f21c5d49cb6ca037118097d89e180,"{""distance"":5,""physical_error_rate"":5e-05}","{""detectors_checked"":1360}"
         8,         0,         0,   0.294,decoder_by_matrix,9c6baee88fc81e7d1aa345fcb3feec7ee81f21c5d49cb6ca037118097d89e180,"{""distance"":5,""physical_error_rate"":5e-05}","{""detectors_checked"":1360}"
      5120,         0,         0,    1.18,decoder_by_matrix,0421d486f8a041838688df650e87c0a19c3450ab7a7cc8b3dc589ebff86d1c74,"{""distance"":5,""physical_error_rate"":0.0001}","{""detection_events"":135,""detectors_checked"":870400}"
        16,         0,         0,   0.321,decoder_by_matrix,9c6baee88fc81e7d1aa345fcb3feec7ee81f21c5d49cb6ca037118097d89e180,"{""distance"":5,""physical_error_rate"":5e-05}","{""detectors_checked"":2720}"
      5120,         0,         0,    1.22,decoder_by_matrix,066a5d8d46981b593c3dec855f441edbe9e755a8873183448f69d036a2ecc650,"{""distance"":5,""physical_error_rate"":0.001}","{""detection_events"":3615,""detectors_checked"":870400}"
      3072,         0,         0,   0.859,decoder_by_matrix,e41ade2e4684e0396b9a3890c882b6453b515d69885aa1d89a26ce21ec554895,"{""distance"":5,""physical_error_rate"":1e-06}","{""detectors_checked"":522240}"
         1,         0,         0,   0.173,decoder_by_matrix,fa5edda0c1038186c8afbec49b0215a0b852396cdb50783a3f937fdf51d2afac,"{""distance"":5,""physical_error_rate"":1e-05}","{""detectors_checked"":170}"
         2,         0,         0,   0.075,decoder_by_matrix,fa5edda0c1038186c8afbec49b0215a0b852396cdb50783a3f937fdf51d2afac,"{""distance"":5,""physical_error_rate"":1e-05}","{""detectors_checked"":340}"
        16,         0,         0,   0.074,decoder_by_matrix,fa5edda0c1038186c8afbec49b0215a0b852396cdb50783a3f937fdf51d2afac,"{""distance"":5,""physical_error_rate"":1e-05}","{""detectors_checked"":2720}"
        16,         0,         0,   0.261,decoder_by_matrix,9c6baee88fc81e7d1aa345fcb3feec7ee81f21c5d49cb6ca037118097d89e180,"{""distance"":5,""physical_error_rate"":5e-05}","{""detectors_checked"":2720}"
       128,         0,         0,   0.075,decoder_by_matrix,fa5edda0c1038186c8afbec49b0215a0b852396cdb50783a3f937fdf51d2afac,"{""distance"":5,""physical_error_rate"":1e-05}","{""detectors_checked"":21760}"
      1024,         0,         0,   0.110,decoder_by_matrix,fa5edda0c1038186c8afbec49b0215a0b852396cdb50783a3f937fdf51d2afac,"{""distance"":5,""physical_error_rate"":1e-05}","{""detectors_checked"":174080}"
      1024,         0,         0,   0.075,decoder_by_matrix,fa5edda0c1038186c8afbec49b0215a0b852396cdb50783a3f937fdf51d2afac,"{""distance"":5,""physical_error_rate"":1e-05}","{""detectors_checked"":174080}"
        32,         0,         0,   0.317,decoder_by_matrix,9c6baee88fc81e7d1aa345fcb3feec7ee81f21c5d49cb6ca037118097d89e180,"{""distance"":5,""physical_error_rate"":5e-05}","{""detection_events"":5,""detectors_checked"":5440}"
      1024,         0,         0,   0.203,decoder_by_matrix,fa5edda0c1038186c8afbec49b0215a0b852396cdb50783a3f937fdf51d2afac,"{""distance"":5,""physical_error_rate"":1e-05}","{""detectors_checked"":174080}"
        96,         0,         0,   0.497,decoder_by_matrix,9c6baee88fc81e7d1aa345fcb3feec7ee81f21c5d49cb6ca037118097d89e180,"{""distance"":5,""physical_error_rate"":5e-05}","{""detectors_checked"":16320}"
         1,         0,         0,   0.125,decoder_by_matrix,b84cf4b8ca220d31f17e1e2ea9ab927bbc4176b15682c650e7d1dd8f2758172b,"{""distance"":5,""physical_error_rate"":0.0005}","{""detectors_checked"":170}"
      4096,         0,         0,    1.03,decoder_by_matrix,e41ade2e4684e0396b9a3890c882b6453b515d69885aa1d89a26ce21ec554895,"{""distance"":5,""physical_error_rate"":1e-06}","{""detectors_checked"":696320}"
         1,         0,         0,   0.184,decoder_by_matrix,3c866087b289edc25e9adea730044a15db18cabfd3ae2507fc844d5b4e03657a,"{""distance"":5,""physical_error_rate"":5e-06}","{""detectors_checked"":170}"
         4,         0,         0,   0.109,decoder_by_matrix,b84cf4b8ca220d31f17e1e2ea9ab927bbc4176b15682c650e7d1dd8f2758172b,"{""distance"":5,""physical_error_rate"":0.0005}","{""detectors_checked"":680}"
      1024,         0,         0,   0.540,decoder_by_matrix,fa5edda0c1038186c8afbec49b0215a0b852396cdb50783a3f937fdf51d2afac,"{""distance"":5,""physical_error_rate"":1e-05}","{""detectors_checked"":174080}"
         2,         0,         0,   0.108,decoder_by_matrix,3c866087b289edc25e9adea730044a15db18cabfd3ae2507fc844d5b4e03657a,"{""distance"":5,""physical_error_rate"":5e-06}","{""detectors_checked"":340}"
      6144,         0,         0,    2.22,decoder_by_matrix,e41ade2e4684e0396b9a3890c882b6453b515d69885aa1d89a26ce21ec554895,"{""distance"":5,""physical_error_rate"":1e-06}","{""detectors_checked"":1044480}"
        16,         0,         0,   0.128,decoder_by_matrix,b84cf4b8ca220d31f17e1e2ea9ab927bbc4176b15682c650e7d1dd8f2758172b,"{""distance"":5,""physical_error_rate"":0.0005}","{""detection_events"":10,""detectors_checked"":2720}"
         8,         0,         0,   0.110,decoder_by_matrix,3c866087b289edc25e9adea730044a15db18cabfd3ae2507fc844d5b4e03657a,"{""distance"":5,""physical_error_rate"":5e-06}","{""detectors_checked"":1360}"
      1024,         0,         0,   0.219,decoder_by_matrix,fa5edda0c1038186c8afbec49b0215a0b852396cdb50783a3f937fdf51d2afac,"{""distance"":5,""physical_error_rate"":1e-05}","{""detection_events"":10,""detectors_checked"":174080}"
        32,         0,         0,   0.110,decoder_by_matrix,3c866087b289edc25e9adea730044a15db18cabfd3ae2507fc844d5b4e03657a,"{""distance"":5,""physical_error_rate"":5e-06}","{""detectors_checked"":5440}"
        64,         0,         0,   0.139,decoder_by_matrix,b84cf4b8ca220d31f17e1e2ea9ab927bbc4176b15682c650e7d1dd8f2758172b,"{""distance"":5,""physical_error_rate"":0.0005}","{""detection_events"":10,""detectors_checked"":10880}"
       128,         0,         0,   0.081,decoder_by_matrix,3c866087b289edc25e9adea730044a15db18cabfd3ae2507fc844d5b4e03657a,"{""distance"":5,""physical_error_rate"":5e-06}","{""detectors_checked"":21760}"
       256,         0,         0,   0.083,decoder_by_matrix,b84cf4b8ca220d31f17e1e2ea9ab927bbc4176b15682c650e7d1dd8f2758172b,"{""distance"":5,""physical_error_rate"":0.0005}","{""detection_events"":65,""detectors_checked"":43520}"
      9216,         0,         0,    4.60,decoder_by_matrix,0421d486f8a041838688df650e87c0a19c3450ab7a7cc8b3dc589ebff86d1c74,"{""distance"":5,""physical_error_rate"":0.0001}","{""detection_events"":455,""detectors_checked"":1566720}"
       512,         0,         0,   0.075,decoder_by_matrix,3c866087b289edc25e9adea730044a15db18cabfd3ae2507fc844d5b4e03657a,"{""distance"":5,""physical_error_rate"":5e-06}","{""detectors_checked"":87040}"
      7168,         0,         0,    1.64,decoder_by_matrix,0421d486f8a041838688df650e87c0a19c3450ab7a7cc8b3dc589ebff86d1c74,"{""distance"":5,""physical_error_rate"":0.0001}","{""detection_events"":470,""detectors_checked"":1218560}"
      1024,         0,         0,   0.080,decoder_by_matrix,b84cf4b8ca220d31f17e1e2ea9ab927bbc4176b15682c650e7d1dd8f2758172b,"{""distance"":5,""physical_error_rate"":0.0005}","{""detection_events"":390,""detectors_checked"":174080}"
      8192,         0,         0,    1.66,decoder_by_matrix,066a5d8d46981b593c3dec855f441edbe9e755a8873183448f69d036a2ecc650,"{""distance"":5,""physical_error_rate"":0.001}","{""detection_events"":4600,""detectors_checked"":1392640}"
       896,         0,         0,   0.646,decoder_by_matrix,9c6baee88fc81e7d1aa345fcb3feec7ee81f21c5d49cb6ca037118097d89e180,"{""distance"":5,""physical_error_rate"":5e-05}","{""detection_events"":5,""detectors_checked"":152320}"
      1024,         0,         0,   0.079,decoder_by_matrix,3c866087b289edc25e9adea730044a15db18cabfd3ae2507fc844d5b4e03657a,"{""distance"":5,""physical_error_rate"":5e-06}","{""detection_events"":10,""detectors_checked"":174080}"
     11264,         5,         0,    4.36,decoder_by_matrix,926aad2e192fb73fc0ac724cdb1e19af2dfa1e49635753b9cefb82507b443f08,"{""distance"":5,""physical_error_rate"":0.005}","{""detection_events"":30785,""detectors_checked"":1914880,""obs_mistake_mask=EE_E"":1,""obs_mistake_mask=EE__"":1,""obs_mistake_mask=E__E"":1,""obs_mistake_mask=E___"":1,""obs_mistake_mask=_E__"":1}"
      1024,         0,         0,   0.267,decoder_by_matrix,fa5edda0c1038186c8afbec49b0215a0b852396cdb50783a3f937fdf51d2afac,"{""distance"":5,""physical_error_rate"":1e-05}","{""detectors_checked"":174080}"
     56320,        18,         0,    5.98,decoder_by_matrix,926aad2e192fb73fc0ac724cdb1e19af2dfa1e49635753b9cefb82507b443f08,"{""distance"":5,""physical_error_rate"":0.005}","{""detection_events"":156605,""detectors_checked"":9574400,""obs_mistake_mask=EE__"":3,""obs_mistake_mask=E_E_"":1,""obs_mistake_mask=E__E"":2,""obs_mistake_mask=E___"":4,""obs_mistake_mask=_EE_"":1,""obs_mistake_mask=_E_E"":1,""obs_mistake_mask=_E__"":2,""obs_mistake_mask=__EE"":1,""obs_mistake_mask=___E"":3}"
      2048,         0,         0,   0.156,decoder_by_matrix,3c866087b289edc25e9adea730044a15db18cabfd3ae2507fc844d5b4e03657a,"{""distance"":5,""physical_error_rate"":5e-06}","{""detectors_checked"":348160}"
      1024,         0,         0,   0.294,decoder_by_matrix,b84cf4b8ca220d31f17e1e2ea9ab927bbc4176b15682c650e7d1dd8f2758172b,"{""distance"":5,""physical_error_rate"":0.0005}","{""detection_events"":250,""detectors_checked"":174080}"
      1024,         0,         0,   0.275,decoder_by_matrix,b84cf4b8ca220d31f17e1e2ea9ab927bbc4176b15682c650e7d1dd8f2758172b,"{""distance"":5,""physical_error_rate"":0.0005}","{""detection_events"":335,""detectors_checked"":174080}"
      2048,         0,         0,   0.519,decoder_by_matrix,fa5edda0c1038186c8afbec49b0215a0b852396cdb50783a3f937fdf51d2afac,"{""distance"":5,""physical_error_rate"":1e-05}","{""detection_events"":10,""detectors_checked"":348160}"
      5120,         0,         0,    1.16,decoder_by_matrix,e41ade2e4684e0396b9a3890c882b6453b515d69885aa1d89a26ce21ec554895,"{""distance"":5,""physical_error_rate"":1e-06}","{""detectors_checked"":870400}"
     53248,         0,         0,    4.27,decoder_by_matrix,066a5d8d46981b593c3dec855f441edbe9e755a8873183448f69d036a2ecc650,"{""distance"":5,""physical_error_rate"":0.001}","{""detection_events"":30160,""detectors_checked"":9052160}"
      1024,         0,         0,   0.544,decoder_by_matrix,3c866087b289edc25e9adea730044a15db18cabfd3ae2507fc844d5b4e03657a,"{""distance"":5,""physical_error_rate"":5e-06}","{""detectors_checked"":174080}"
      1024,         0,         0,   0.303,decoder_by_matrix,b84cf4b8ca220d31f17e1e2ea9ab927bbc4176b15682c650e7d1dd8f2758172b,"{""distance"":5,""physical_error_rate"":0.0005}","{""detection_events"":300,""detectors_checked"":174080}"
      3072,         0,         0,   0.895,decoder_by_matrix,9c6baee88fc81e7d1aa345fcb3feec7ee81f21c5d49cb6ca037118097d89e180,"{""distance"":5,""physical_error_rate"":5e-05}","{""detection_events"":125,""detectors_checked"":522240}"
     10240,         0,         0,    4.40,decoder_by_matrix,fa5edda0c1038186c8afbec49b0215a0b852396cdb50783a3f937fdf51d2afac,"{""distance"":5,""physical_error_rate"":1e-05}","{""detection_events"":25,""detectors_checked"":1740800}"
      1024,         0,         0,   0.273,decoder_by_matrix,3c866087b289edc25e9adea730044a15db18cabfd3ae2507fc844d5b4e03657a,"{""distance"":5,""physical_error_rate"":5e-06}","{""detectors_checked"":174080}"
      1024,         0,         0,   0.302,decoder_by_matrix,b84cf4b8ca220d31f17e1e2ea9ab927bbc4176b15682c650e7d1dd8f2758172b,"{""distance"":5,""physical_error_rate"":0.0005}","{""detection_events"":275,""detectors_checked"":174080}"
      2048,         0,         0,   0.601,decoder_by_matrix,fa5edda0c1038186c8afbec49b0215a0b852396cdb50783a3f937fdf51d2afac,"{""distance"":5,""physical_error_rate"":1e-05}","{""detectors_checked"":348160}"
      1024,         0,         0,   0.300,decoder_by_matrix,b84cf4b8ca220d31f17e1e2ea9ab927bbc4176b15682c650e7d1dd8f2758172b,"{""distance"":5,""physical_error_rate"":0.0005}","{""detection_events"":230,""detectors_checked"":174080}"
        46,         0,         0,    4.80,decoder_by_matrix,926aad2e192fb73fc0ac724cdb1e19af2dfa1e49635753b9cefb82507b443f08,"{""distance"":5,""physical_error_rate"":0.005}","{""detection_events"":70,""detectors_checked"":7820}"
      2048,         0,         0,   0.556,decoder_by_matrix,3c866087b289edc25e9adea730044a15db18cabfd3ae2507fc844d5b4e03657a,"{""distance"":5,""physical_error_rate"":5e-06}","{""detectors_checked"":348160}"
         1,         0,         0,   0.151,decoder_by_matrix,066a5d8d46981b593c3dec855f441edbe9e755a8873183448f69d036a2ecc650,"{""distance"":5,""physical_error_rate"":0.001}","{""detectors_checked"":170}"
         1,         0,         0,   0.093,decoder_by_matrix,3c866087b289edc25e9adea730044a15db18cabfd3ae2507fc844d5b4e03657a,"{""distance"":5,""physical_error_rate"":5e-06}","{""detectors_checked"":170}"
         2,         0,         0,   0.081,decoder_by_matrix,066a5d8d46981b593c3dec855f441edbe9e755a8873183448f69d036a2ecc650,"{""distance"":5,""physical_error_rate"":0.001}","{""detectors_checked"":340}"
         4,         0,         0,   0.074,decoder_by_matrix,3c866087b289edc25e9adea730044a15db18cabfd3ae2507fc844d5b4e03657a,"{""distance"":5,""physical_error_rate"":5e-06}","{""detectors_checked"":680}"
         8,         0,         0,   0.073,decoder_by_matrix,066a5d8d46981b593c3dec855f441edbe9e755a8873183448f69d036a2ecc650,"{""distance"":5,""physical_error_rate"":0.001}","{""detectors_checked"":1360}"
      3072,         0,         0,   0.756,decoder_by_matrix,fa5edda0c1038186c8afbec49b0215a0b852396cdb50783a3f937fdf51d2afac,"{""distance"":5,""physical_error_rate"":1e-05}","{""detection_events"":20,""detectors_checked"":522240}"
        32,         0,         0,   0.059,decoder_by_matrix,3c866087b289edc25e9adea730044a15db18cabfd3ae2507fc844d5b4e03657a,"{""distance"":5,""physical_error_rate"":5e-06}","{""detectors_checked"":5440}"
    125952,         0,         0,    6.03,decoder_by_matrix,9c6baee88fc81e7d1aa345fcb3feec7ee81f21c5d49cb6ca037118097d89e180,"{""distance"":5,""physical_error_rate"":5e-05}","{""detection_events"":3705,""detectors_checked"":21411840}"
      2048,         0,         0,   0.529,decoder_by_matrix,b84cf4b8ca220d31f17e1e2ea9ab927bbc4176b15682c650e7d1dd8f2758172b,"{""distance"":5,""physical_error_rate"":0.0005}","{""detection_events"":580,""detectors_checked"":348160}"
         1,         0,         0,   0.062,decoder_by_matrix,e41ade2e4684e0396b9a3890c882b6453b515d69885aa1d89a26ce21ec554895,"{""distance"":5,""physical_error_rate"":1e-06}","{""detectors_checked"":170}"
         1,         0,         0,   0.063,decoder_by_matrix,3c866087b289edc25e9adea730044a15db18cabfd3ae2507fc844d5b4e03657a,"{""distance"":5,""physical_error_rate"":5e-06}","{""detectors_checked"":170}"
       256,         0,         0,   0.073,decoder_by_matrix,3c866087b289edc25e9adea730044a15db18cabfd3ae2507fc844d5b4e03657a,"{""distance"":5,""physical_error_rate"":5e-06}","{""detectors_checked"":43520}"
      2048,         0,         0,   0.478,decoder_by_matrix,3c866087b289edc25e9adea730044a15db18cabfd3ae2507fc844d5b4e03657a,"{""distance"":5,""physical_error_rate"":5e-06}","{""detectors_checked"":348160}"
         1,         0,         0,   0.105,decoder_by_matrix,9c6baee88fc81e7d1aa345fcb3feec7ee81f21c5d49cb6ca037118097d89e180,"{""distance"":5,""physical_error_rate"":5e-05}","{""detectors_checked"":170}"
         1,         0,         0,   0.135,decoder_by_matrix,b84cf4b8ca220d31f17e1e2ea9ab927bbc4176b15682c650e7d1dd8f2758172b,"{""distance"":5,""physical_error_rate"":0.0005}","{""detectors_checked"":170}"
         8,         0,         0,   0.072,decoder_by_matrix,3c866087b289edc25e9adea730044a15db18cabfd3ae2507fc844d5b4e03657a,"{""distance"":5,""physical_error_rate"":5e-06}","{""detectors_checked"":1360}"
         8,         0,         0,   0.075,decoder_by_matrix,e41ade2e4684e0396b9a3890c882b6453b515d69885aa1d89a26ce21ec554895,"{""distance"":5,""physical_error_rate"":1e-06}","{""detectors_checked"":1360}"
      1024,         0,         0,   0.076,decoder_by_matrix,3c866087b289edc25e9adea730044a15db18cabfd3ae2507fc844d5b4e03657a,"{""distance"":5,""physical_error_rate"":5e-06}","{""detectors_checked"":174080}"
         1,         0,         0,   0.170,decoder_by_matrix,fa5edda0c1038186c8afbec49b0215a0b852396cdb50783a3f937fdf51d2afac,"{""distance"":5,""physical_error_rate"":1e-05}","{""detectors_checked"":170}"
         4,         0,         0,   0.081,decoder_by_matrix,9c6baee88fc81e7d1aa345fcb3feec7ee81f21c5d49cb6ca037118097d89e180,"{""distance"":5,""physical_error_rate"":5e-05}","{""detectors_checked"":680}"
        64,         0,         0,   0.245,decoder_by_matrix,066a5d8d46981b593c3dec855f441edbe9e755a8873183448f69d036a2ecc650,"{""distance"":5,""physical_error_rate"":0.001}","{""detection_events"":10,""detectors_checked"":10880}"
         1,         0,         0,   0.095,decoder_by_matrix,0421d486f8a041838688df650e87c0a19c3450ab7a7cc8b3dc589ebff86d1c74,"{""distance"":5,""physical_error_rate"":0.0001}","{""detectors_checked"":170}"
        64,         0,         0,   0.073,decoder_by_matrix,3c866087b289edc25e9adea730044a15db18cabfd3ae2507fc844d5b4e03657a,"{""distance"":5,""physical_error_rate"":5e-06}","{""detectors_checked"":10880}"
        64,         0,         0,   0.074,decoder_by_matrix,e41ade2e4684e0396b9a3890c882b6453b515d69885aa1d89a26ce21ec554895,"{""distance"":5,""physical_error_rate"":1e-06}","{""detectors_checked"":10880}"
         4,         0,         0,   0.080,decoder_by_matrix,b84cf4b8ca220d31f17e1e2ea9ab927bbc4176b15682c650e7d1dd8f2758172b,"{""distance"":5,""physical_error_rate"":0.0005}","{""detectors_checked"":680}"
      5120,         0,         0,    1.26,decoder_by_matrix,9c6baee88fc81e7d1aa345fcb3feec7ee81f21c5d49cb6ca037118097d89e180,"{""distance"":5,""physical_error_rate"":5e-05}","{""detection_events"":70,""detectors_checked"":870400}"
     10240,         0,         0,    2.21,decoder_by_matrix,066a5d8d46981b593c3dec855f441edbe9e755a8873183448f69d036a2ecc650,"{""distance"":5,""physical_error_rate"":0.001}","{""detection_events"":5640,""detectors_checked"":1740800}"
      1024,         0,         0,   0.105,decoder_by_matrix,3c866087b289edc25e9adea730044a15db18cabfd3ae2507fc844d5b4e03657a,"{""distance"":5,""physical_error_rate"":5e-06}","{""detectors_checked"":174080}"
       512,         0,         0,   0.060,decoder_by_matrix,3c866087b289edc25e9adea730044a15db18cabfd3ae2507fc844d5b4e03657a,"{""distance"":5,""physical_error_rate"":5e-06}","{""detectors_checked"":87040}"
     10240,         0,         0,    2.27,decoder_by_matrix,0421d486f8a041838688df650e87c0a19c3450ab7a7cc8b3dc589ebff86d1c74,"{""distance"":5,""physical_error_rate"":0.0001}","{""detection_events"":610,""detectors_checked"":1740800}"
         2,         0,         0,   0.105,decoder_by_matrix,fa5edda0c1038186c8afbec49b0215a0b852396cdb50783a3f937fdf51d2afac,"{""distance"":5,""physical_error_rate"":1e-05}","{""detectors_checked"":340}"
       512,         0,         0,   0.070,decoder_by_matrix,e41ade2e4684e0396b9a3890c882b6453b515d69885aa1d89a26ce21ec554895,"{""distance"":5,""physical_error_rate"":1e-06}","{""detectors_checked"":87040}"
        16,         0,         0,   0.083,decoder_by_matrix,b84cf4b8ca220d31f17e1e2ea9ab927bbc4176b15682c650e7d1dd8f2758172b,"{""distance"":5,""physical_error_rate"":0.0005}","{""detectors_checked"":2720}"
      7168,         0,         0,    1.67,decoder_by_matrix,e41ade2e4684e0396b9a3890c882b6453b515d69885aa1d89a26ce21ec554895,"{""distance"":5,""physical_error_rate"":1e-06}","{""detectors_checked"":1218560}"
         4,         0,         0,   0.103,decoder_by_matrix,0421d486f8a041838688df650e87c0a19c3450ab7a7cc8b3dc589ebff86d1c74,"{""distance"":5,""physical_error_rate"":0.0001}","{""detectors_checked"":680}"
        16,         0,         0,   0.136,decoder_by_matrix,9c6baee88fc81e7d1aa345fcb3feec7ee81f21c5d49cb6ca037118097d89e180,"{""distance"":5,""physical_error_rate"":5e-05}","{""detectors_checked"":2720}"
      1024,         0,         0,   0.067,decoder_by_matrix,3c866087b289edc25e9adea730044a15db18cabfd3ae2507fc844d5b4e03657a,"{""distance"":5,""physical_error_rate"":5e-06}","{""detection_events"":45,""detectors_checked"":174080}"
      1024,         0,         0,   0.061,decoder_by_matrix,e41ade2e4684e0396b9a3890c882b6453b515d69885aa1d89a26ce21ec554895,"{""distance"":5,""physical_error_rate"":1e-06}","{""detectors_checked"":174080}"
        64,         0,         0,   0.061,decoder_by_matrix,b84cf4b8ca220d31f17e1e2ea9ab927bbc4176b15682c650e7d1dd8f2758172b,"{""distance"":5,""physical_error_rate"":0.0005}","{""detection_events"":45,""detectors_checked"":10880}"
         8,         0,         0,   0.090,decoder_by_matrix,fa5edda0c1038186c8afbec49b0215a0b852396cdb50783a3f937fdf51d2afac,"{""distance"":5,""physical_error_rate"":1e-05}","{""detectors_checked"":1360}"
        64,         0,         0,   0.062,decoder_by_matrix,9c6baee88fc81e7d1aa345fcb3feec7ee81f21c5d49cb6ca037118097d89e180,"{""distance"":5,""physical_error_rate"":5e-05}","{""detectors_checked"":10880}"
      2048,         0,         0,   0.137,decoder_by_matrix,3c866087b289edc25e9adea730044a15db18cabfd3ae2507fc844d5b4e03657a,"{""distance"":5,""physical_error_rate"":5e-06}","{""detection_events"":10,""detectors_checked"":348160}"
        16,         0,         0,   0.080,decoder_by_matrix,0421d486f8a041838688df650e87c0a19c3450ab7a7cc8b3dc589ebff86d1c74,"{""distance"":5,""physical_error_rate"":0.0001}","{""detectors_checked"":2720}"
       128,         0,         0,   0.213,decoder_by_matrix,066a5d8d46981b593c3dec855f441edbe9e755a8873183448f69d036a2ecc650,"{""distance"":5,""physical_error_rate"":0.001}","{""detection_events"":30,""detectors_checked"":21760}"
      1024,         0,         0,   0.073,decoder_by_matrix,3c866087b289edc25e9adea730044a15db18cabfd3ae2507fc844d5b4e03657a,"{""distance"":5,""physical_error_rate"":5e-06}","{""detectors_checked"":174080}"
      1024,         0,         0,   0.074,decoder_by_matrix,e41ade2e4684e0396b9a3890c882b6453b515d69885aa1d89a26ce21ec554895,"{""distance"":5,""physical_error_rate"":1e-06}","{""detectors_checked"":174080}"
        32,         0,         0,   0.061,decoder_by_matrix,fa5edda0c1038186c8afbec49b0215a0b852396cdb50783a3f937fdf51d2afac,"{""distance"":5,""physical_error_rate"":1e-05}","{""detectors_checked"":5440}"
       512,         0,         0,   0.073,decoder_by_matrix,b84cf4b8ca220d31f17e1e2ea9ab927bbc4176b15682c650e7d1dd8f2758172b,"{""distance"":5,""physical_error_rate"":0.0005}","{""detection_events"":175,""detectors_checked"":87040}"
       512,         0,         0,   0.075,decoder_by_matrix,9c6baee88fc81e7d1aa345fcb3feec7ee81f21c5d49cb6ca037118097d89e180,"{""distance"":5,""physical_error_rate"":5e-05}","{""detectors_checked"":87040}"
        64,         0,         0,   0.075,decoder_by_matrix,0421d486f8a041838688df650e87c0a19c3450ab7a7cc8b3dc589ebff86d1c74,"{""distance"":5,""physical_error_rate"":0.0001}","{""detectors_checked"":10880}"
      1024,         0,         0,   0.075,decoder_by_matrix,b84cf4b8ca220d31f17e1e2ea9ab927bbc4176b15682c650e7d1dd8f2758172b,"{""distance"":5,""physical_error_rate"":0.0005}","{""detection_events"":465,""detectors_checked"":174080}"
       256,         0,         0,   0.075,decoder_by_matrix,fa5edda0c1038186c8afbec49b0215a0b852396cdb50783a3f937fdf51d2afac,"{""distance"":5,""physical_error_rate"":1e-05}","{""detectors_checked"":43520}"
      2048,         0,         0,   0.135,decoder_by_matrix,3c866087b289edc25e9adea730044a15db18cabfd3ae2507fc844d5b4e03657a,"{""distance"":5,""physical_error_rate"":5e-06}","{""detectors_checked"":348160}"
      1024,         0,         0,   0.076,decoder_by_matrix,9c6baee88fc81e7d1aa345fcb3feec7ee81f21c5d49cb6ca037118097d89e180,"{""distance"":5,""physical_error_rate"":5e-05}","{""detection_events"":45,""detectors_checked"":174080}"
       512,         0,         0,   0.078,decoder_by_matrix,0421d486f8a041838688df650e87c0a19c3450ab7a7cc8b3dc589ebff86d1c74,"{""distance"":5,""physical_error_rate"":0.0001}","{""detection_events"":5,""detectors_checked"":87040}"
      2048,         0,         0,   0.133,decoder_by_matrix,e41ade2e4684e0396b9a3890c882b6453b515d69885aa1d89a26ce21ec554895,"{""distance"":5,""physical_error_rate"":1e-06}","{""detectors_checked"":348160}"
      1024,         0,         0,   0.075,decoder_by_matrix,fa5edda0c1038186c8afbec49b0215a0b852396cdb50783a3f937fdf51d2afac,"{""distance"":5,""physical_error_rate"":1e-05}","{""detectors_checked"":174080}"
      1024,         0,         0,   0.076,decoder_by_matrix,9c6baee88fc81e7d1aa345fcb3feec7ee81f21c5d49cb6ca037118097d89e180,"{""distance"":5,""physical_error_rate"":5e-05}","{""detection_events"":10,""detectors_checked"":174080}"
       256,         0,         0,   0.208,decoder_by_matrix,066a5d8d46981b593c3dec855f441edbe9e755a8873183448f69d036a2ecc650,"{""distance"":5,""physical_error_rate"":0.001}","{""detection_events"":135,""detectors_checked"":43520}"
      2048,         0,         0,   0.211,decoder_by_matrix,3c866087b289edc25e9adea730044a15db18cabfd3ae2507fc844d5b4e03657a,"{""distance"":5,""physical_error_rate"":5e-06}","{""detection_events"":20,""detectors_checked"":348160}"
      1024,         0,         0,   0.078,decoder_by_matrix,0421d486f8a041838688df650e87c0a19c3450ab7a7cc8b3dc589ebff86d1c74,"{""distance"":5,""physical_error_rate"":0.0001}","{""detection_events"":35,""detectors_checked"":174080}"
      2048,         0,         0,   0.131,decoder_by_matrix,b84cf4b8ca220d31f17e1e2ea9ab927bbc4176b15682c650e7d1dd8f2758172b,"{""distance"":5,""physical_error_rate"":0.0005}","{""detection_events"":780,""detectors_checked"":348160}"
      2048,         0,         0,   0.133,decoder_by_matrix,e41ade2e4684e0396b9a3890c882b6453b515d69885aa1d89a26ce21ec554895,"{""distance"":5,""physical_error_rate"":1e-06}","{""detectors_checked"":348160}"
      2048,         0,         0,   0.170,decoder_by_matrix,3c866087b289edc25e9adea730044a15db18cabfd3ae2507fc844d5b4e03657a,"{""distance"":5,""physical_error_rate"":5e-06}","{""detectors_checked"":348160}"
      2048,         0,         0,   0.135,decoder_by_matrix,fa5edda0c1038186c8afbec49b0215a0b852396cdb50783a3f937fdf51d2afac,"{""distance"":5,""physical_error_rate"":1e-05}","{""detectors_checked"":348160}"
      3072,         0,         0,   0.675,decoder_by_matrix,3c866087b289edc25e9adea730044a15db18cabfd3ae2507fc844d5b4e03657a,"{""distance"":5,""physical_error_rate"":5e-06}","{""detectors_checked"":522240}"
      2048,         0,         0,   0.122,decoder_by_matrix,3c866087b289edc25e9adea730044a15db18cabfd3ae2507fc844d5b4e03657a,"{""distance"":5,""physical_error_rate"":5e-06}","{""detectors_checked"":348160}"
      1024,         0,         0,   0.126,decoder_by_matrix,0421d486f8a041838688df650e87c0a19c3450ab7a7cc8b3dc589ebff86d1c74,"{""distance"":5,""physical_error_rate"":0.0001}","{""detection_events"":125,""detectors_checked"":174080}"
      2048,         0,         0,   0.152,decoder_by_matrix,9c6baee88fc81e7d1aa345fcb3feec7ee81f21c5d49cb6ca037118097d89e180,"{""distance"":5,""physical_error_rate"":5e-05}","{""detection_events"":60,""detectors_checked"":348160}"
      2048,         0,         0,   0.137,decoder_by_matrix,b84cf4b8ca220d31f17e1e2ea9ab927bbc4176b15682c650e7d1dd8f2758172b,"{""distance"":5,""physical_error_rate"":0.0005}","{""detection_events"":300,""detectors_checked"":348160}"
      2048,         0,         0,   0.149,decoder_by_matrix,e41ade2e4684e0396b9a3890c882b6453b515d69885aa1d89a26ce21ec554895,"{""distance"":5,""physical_error_rate"":1e-06}","{""detectors_checked"":348160}"
      2048,         0,         0,   0.147,decoder_by_matrix,fa5edda0c1038186c8afbec49b0215a0b852396cdb50783a3f937fdf51d2afac,"{""distance"":5,""physical_error_rate"":1e-05}","{""detectors_checked"":348160}"
       512,         0,         0,   0.257,decoder_by_matrix,066a5d8d46981b593c3dec855f441edbe9e755a8873183448f69d036a2ecc650,"{""distance"":5,""physical_error_rate"":0.001}","{""detection_events"":295,""detectors_checked"":87040}"
      2048,         0,         0,   0.137,decoder_by_matrix,0421d486f8a041838688df650e87c0a19c3450ab7a7cc8b3dc589ebff86d1c74,"{""distance"":5,""physical_error_rate"":0.0001}","{""detection_events"":160,""detectors_checked"":348160}"
      2048,         0,         0,   0.149,decoder_by_matrix,3c866087b289edc25e9adea730044a15db18cabfd3ae2507fc844d5b4e03657a,"{""distance"":5,""physical_error_rate"":5e-06}","{""detectors_checked"":348160}"
      4096,         0,         0,   0.942,decoder_by_matrix,fa5edda0c1038186c8afbec49b0215a0b852396cdb50783a3f937fdf51d2afac,"{""distance"":5,""physical_error_rate"":1e-05}","{""detection_events"":25,""detectors_checked"":696320}"
      2048,         0,         0,   0.162,decoder_by_matrix,9c6baee88fc81e7d1aa345fcb3feec7ee81f21c5d49cb6ca037118097d89e180,"{""distance"":5,""physical_error_rate"":5e-05}","{""detection_events"":45,""detectors_checked"":348160}"
      3072,         0,         0,   0.231,decoder_by_matrix,3c866087b289edc25e9adea730044a15db18cabfd3ae2507fc844d5b4e03657a,"{""distance"":5,""physical_error_rate"":5e-06}","{""detection_events"":5,""detectors_checked"":522240}"
      2048,         0,         0,   0.182,decoder_by_matrix,b84cf4b8ca220d31f17e1e2ea9ab927bbc4176b15682c650e7d1dd8f2758172b,"{""distance"":5,""physical_error_rate"":0.0005}","{""detection_events"":670,""detectors_checked"":348160}"
      3072,         0,         0,   0.948,decoder_by_matrix,b84cf4b8ca220d31f17e1e2ea9ab927bbc4176b15682c650e7d1dd8f2758172b,"{""distance"":5,""physical_error_rate"":0.0005}","{""detection_events"":890,""detectors_checked"":522240}"
     11264,         0,         0,    3.40,decoder_by_matrix,e41ade2e4684e0396b9a3890c882b6453b515d69885aa1d89a26ce21ec554895,"{""distance"":5,""physical_error_rate"":1e-06}","{""detectors_checked"":1914880}"
      3072,         0,         0,   0.211,decoder_by_matrix,e41ade2e4684e0396b9a3890c882b6453b515d69885aa1d89a26ce21ec554895,"{""distance"":5,""physical_error_rate"":1e-06}","{""detection_events"":30,""detectors_checked"":522240}"
      2048,         0,         0,   0.153,decoder_by_matrix,0421d486f8a041838688df650e87c0a19c3450ab7a7cc8b3dc589ebff86d1c74,"{""distance"":5,""physical_error_rate"":0.0001}","{""detection_events"":100,""detectors_checked"":348160}"
      1024,         0,         0,   0.209,decoder_by_matrix,066a5d8d46981b593c3dec855f441edbe9e755a8873183448f69d036a2ecc650,"{""distance"":5,""physical_error_rate"":0.001}","{""detection_events"":520,""detectors_checked"":174080}"
      3072,         0,         0,   0.207,decoder_by_matrix,3c866087b289edc25e9adea730044a15db18cabfd3ae2507fc844d5b4e03657a,"{""distance"":5,""physical_error_rate"":5e-06}","{""detection_events"":5,""detectors_checked"":522240}"
      3072,         0,         0,   0.258,decoder_by_matrix,fa5edda0c1038186c8afbec49b0215a0b852396cdb50783a3f937fdf51d2afac,"{""distance"":5,""physical_error_rate"":1e-05}","{""detectors_checked"":522240}"
      3072,         0,         0,   0.261,decoder_by_matrix,9c6baee88fc81e7d1aa345fcb3feec7ee81f21c5d49cb6ca037118097d89e180,"{""distance"":5,""physical_error_rate"":5e-05}","{""detection_events"":205,""detectors_checked"":522240}"
      3072,         0,         0,   0.213,decoder_by_matrix,b84cf4b8ca220d31f17e1e2ea9ab927bbc4176b15682c650e7d1dd8f2758172b,"{""distance"":5,""physical_error_rate"":0.0005}","{""detection_events"":950,""detectors_checked"":522240}"
      4096,         0,         0,   0.337,decoder_by_matrix,3c866087b289edc25e9adea730044a15db18cabfd3ae2507fc844d5b4e03657a,"{""distance"":5,""physical_error_rate"":5e-06}","{""detectors_checked"":696320}"
      3072,         0,         0,   0.231,decoder_by_matrix,0421d486f8a041838688df650e87c0a19c3450ab7a7cc8b3dc589ebff86d1c74,"{""distance"":5,""physical_error_rate"":0.0001}","{""detection_events"":160,""detectors_checked"":522240}"
      1024,         0,         0,   0.210,decoder_by_matrix,066a5d8d46981b593c3dec855f441edbe9e755a8873183448f69d036a2ecc650,"{""distance"":5,""physical_error_rate"":0.001}","{""detection_events"":625,""detectors_checked"":174080}"
      3072,         0,         0,   0.228,decoder_by_matrix,fa5edda0c1038186c8afbec49b0215a0b852396cdb50783a3f937fdf51d2afac,"{""distance"":5,""physical_error_rate"":1e-05}","{""detectors_checked"":522240}"
      5120,         0,         0,   0.357,decoder_by_matrix,e41ade2e4684e0396b9a3890c882b6453b515d69885aa1d89a26ce21ec554895,"{""distance"":5,""physical_error_rate"":1e-06}","{""detectors_checked"":870400}"
      5120,         0,         0,   0.326,decoder_by_matrix,3c866087b289edc25e9adea730044a15db18cabfd3ae2507fc844d5b4e03657a,"{""distance"":5,""physical_error_rate"":5e-06}","{""detectors_checked"":870400}"
      4096,         0,         0,   0.291,decoder_by_matrix,9c6baee88fc81e7d1aa345fcb3feec7ee81f21c5d49cb6ca037118097d89e180,"{""distance"":5,""physical_error_rate"":5e-05}","{""detection_events"":155,""detectors_checked"":696320}"
      4096,         0,         0,   0.337,decoder_by_matrix,b84cf4b8ca220d31f17e1e2ea9ab927bbc4176b15682c650e7d1dd8f2758172b,"{""distance"":5,""physical_error_rate"":0.0005}","{""detection_events"":1255,""detectors_checked"":696320}"
      1024,         0,         0,   0.258,decoder_by_matrix,066a5d8d46981b593c3dec855f441edbe9e755a8873183448f69d036a2ecc650,"{""distance"":5,""physical_error_rate"":0.001}","{""detection_events"":625,""detectors_checked"":174080}"
      5120,         0,         0,   0.363,decoder_by_matrix,0421d486f8a041838688df650e87c0a19c3450ab7a7cc8b3dc589ebff86d1c74,"{""distance"":5,""physical_error_rate"":0.0001}","{""detection_events"":240,""detectors_checked"":870400}"
      5120,         0,         0,   0.440,decoder_by_matrix,3c866087b289edc25e9adea730044a15db18cabfd3ae2507fc844d5b4e03657a,"{""distance"":5,""physical_error_rate"":5e-06}","{""detectors_checked"":870400}"
      4096,         0,         0,   0.368,decoder_by_matrix,fa5edda0c1038186c8afbec49b0215a0b852396cdb50783a3f937fdf51d2afac,"{""distance"":5,""physical_error_rate"":1e-05}","{""detection_events"":55,""detectors_checked"":696320}"
      4096,         0,         0,   0.982,decoder_by_matrix,3c866087b289edc25e9adea730044a15db18cabfd3ae2507fc844d5b4e03657a,"{""distance"":5,""physical_error_rate"":5e-06}","{""detection_events"":10,""detectors_checked"":696320}"
      6144,         0,         0,    1.57,decoder_by_matrix,9c6baee88fc81e7d1aa345fcb3feec7ee81f21c5d49cb6ca037118097d89e180,"{""distance"":5,""physical_error_rate"":5e-05}","{""detection_events"":150,""detectors_checked"":1044480}"
      6144,         0,         0,   0.404,decoder_by_matrix,e41ade2e4684e0396b9a3890c882b6453b515d69885aa1d89a26ce21ec554895,"{""distance"":5,""physical_error_rate"":1e-06}","{""detectors_checked"":1044480}"
      6144,         0,         0,   0.426,decoder_by_matrix,3c866087b289edc25e9adea730044a15db18cabfd3ae2507fc844d5b4e03657a,"{""distance"":5,""physical_error_rate"":5e-06}","{""detection_events"":10,""detectors_checked"":1044480}"
      4096,         0,         0,   0.347,decoder_by_matrix,066a5d8d46981b593c3dec855f441edbe9e755a8873183448f69d036a2ecc650,"{""distance"":5,""physical_error_rate"":0.001}","{""detection_events"":2275,""detectors_checked"":696320}"
      5120,         0,         0,   0.454,decoder_by_matrix,9c6baee88fc81e7d1aa345fcb3feec7ee81f21c5d49cb6ca037118097d89e180,"{""distance"":5,""physical_error_rate"":5e-05}","{""detection_events"":160,""detectors_checked"":870400}"
      4096,         0,         0,   0.976,decoder_by_matrix,b84cf4b8ca220d31f17e1e2ea9ab927bbc4176b15682c650e7d1dd8f2758172b,"{""distance"":5,""physical_error_rate"":0.0005}","{""detection_events"":1375,""detectors_checked"":696320}"
      5120,         0,         0,    1.15,decoder_by_matrix,fa5edda0c1038186c8afbec49b0215a0b852396cdb50783a3f937fdf51d2afac,"{""distance"":5,""physical_error_rate"":1e-05}","{""detection_events"":10,""detectors_checked"":870400}"
      5120,         0,         0,   0.412,decoder_by_matrix,0421d486f8a041838688df650e87c0a19c3450ab7a7cc8b3dc589ebff86d1c74,"{""distance"":5,""physical_error_rate"":0.0001}","{""detection_events"":340,""detectors_checked"":870400}"
      3072,         0,         0,   0.530,decoder_by_matrix,b84cf4b8ca220d31f17e1e2ea9ab927bbc4176b15682c650e7d1dd8f2758172b,"{""distance"":5,""physical_error_rate"":0.0005}","{""detection_events"":710,""detectors_checked"":522240}"
      5120,         0,         0,   0.524,decoder_by_matrix,fa5edda0c1038186c8afbec49b0215a0b852396cdb50783a3f937fdf51d2afac,"{""distance"":5,""physical_error_rate"":1e-05}","{""detection_events"":30,""detectors_checked"":870400}"
      7168,         0,         0,   0.598,decoder_by_matrix,3c866087b289edc25e9adea730044a15db18cabfd3ae2507fc844d5b4e03657a,"{""distance"":5,""physical_error_rate"":5e-06}","{""detection_events"":50,""detectors_checked"":1218560}"
      6144,         0,         0,   0.463,decoder_by_matrix,066a5d8d46981b593c3dec855f441edbe9e755a8873183448f69d036a2ecc650,"{""distance"":5,""physical_error_rate"":0.001}","{""detection_events"":3290,""detectors_checked"":1044480}"
      8192,         0,         0,   0.567,decoder_by_matrix,e41ade2e4684e0396b9a3890c882b6453b515d69885aa1d89a26ce21ec554895,"{""distance"":5,""physical_error_rate"":1e-06}","{""detectors_checked"":1392640}"
      7168,         0,         0,   0.570,decoder_by_matrix,9c6baee88fc81e7d1aa345fcb3feec7ee81f21c5d49cb6ca037118097d89e180,"{""distance"":5,""physical_error_rate"":5e-05}","{""detection_events"":230,""detectors_checked"":1218560}"
      9216,         0,         0,   0.628,decoder_by_matrix,3c866087b289edc25e9adea730044a15db18cabfd3ae2507fc844d5b4e03657a,"{""distance"":5,""physical_error_rate"":5e-06}","{""detection_events"":30,""detectors_checked"":1566720}"
      8192,         0,         0,   0.630,decoder_by_matrix,0421d486f8a041838688df650e87c0a19c3450ab7a7cc8b3dc589ebff86d1c74,"{""distance"":5,""physical_error_rate"":0.0001}","{""detection_events"":330,""detectors_checked"":1392640}"
     10240,         0,         0,    2.37,decoder_by_matrix,e41ade2e4684e0396b9a3890c882b6453b515d69885aa1d89a26ce21ec554895,"{""distance"":5,""physical_error_rate"":1e-06}","{""detectors_checked"":1740800}"
      3072,         0,         0,   0.676,decoder_by_matrix,b84cf4b8ca220d31f17e1e2ea9ab927bbc4176b15682c650e7d1dd8f2758172b,"{""distance"":5,""physical_error_rate"":0.0005}","{""detection_events"":640,""detectors_checked"":522240}"
      3072,         0,         0,   0.620,decoder_by_matrix,fa5edda0c1038186c8afbec49b0215a0b852396cdb50783a3f937fdf51d2afac,"{""distance"":5,""physical_error_rate"":1e-05}","{""detection_events"":20,""detectors_checked"":522240}"
      7168,         0,         0,   0.574,decoder_by_matrix,066a5d8d46981b593c3dec855f441edbe9e755a8873183448f69d036a2ecc650,"{""distance"":5,""physical_error_rate"":0.001}","{""detection_events"":3815,""detectors_checked"":1218560}"
      5120,         0,         0,    1.26,decoder_by_matrix,3c866087b289edc25e9adea730044a15db18cabfd3ae2507fc844d5b4e03657a,"{""distance"":5,""physical_error_rate"":5e-06}","{""detectors_checked"":870400}"
     12288,         0,         0,   0.859,decoder_by_matrix,e41ade2e4684e0396b9a3890c882b6453b515d69885aa1d89a26ce21ec554895,"{""distance"":5,""physical_error_rate"":1e-06}","{""detectors_checked"":2088960}"
     15360,         0,         0,    3.02,decoder_by_matrix,066a5d8d46981b593c3dec855f441edbe9e755a8873183448f69d036a2ecc650,"{""distance"":5,""physical_error_rate"":0.001}","{""detection_events"":8715,""detectors_checked"":2611200}"
     10240,         0,         0,   0.812,decoder_by_matrix,9c6baee88fc81e7d1aa345fcb3feec7ee81f21c5d49cb6ca037118097d89e180,"{""distance"":5,""physical_error_rate"":5e-05}","{""detection_events"":270,""detectors_checked"":1740800}"
      5120,         0,         0,    1.29,decoder_by_matrix,b84cf4b8ca220d31f17e1e2ea9ab927bbc4176b15682c650e7d1dd8f2758172b,"{""distance"":5,""physical_error_rate"":0.0005}","{""detection_events"":1475,""detectors_checked"":870400}"
     12288,         0,         0,   0.824,decoder_by_matrix,3c866087b289edc25e9adea730044a15db18cabfd3ae2507fc844d5b4e03657a,"{""distance"":5,""physical_error_rate"":5e-06}","{""detection_events"":50,""detectors_checked"":2088960}"
     11264,         0,         0,   0.990,decoder_by_matrix,3c866087b289edc25e9adea730044a15db18cabfd3ae2507fc844d5b4e03657a,"{""distance"":5,""physical_error_rate"":5e-06}","{""detection_events"":60,""detectors_checked"":1914880}"
     14336,         0,         0,    3.14,decoder_by_matrix,0421d486f8a041838688df650e87c0a19c3450ab7a7cc8b3dc589ebff86d1c74,"{""distance"":5,""physical_error_rate"":0.0001}","{""detection_events"":515,""detectors_checked"":2437120}"
     11264,         0,         0,   0.836,decoder_by_matrix,0421d486f8a041838688df650e87c0a19c3450ab7a7cc8b3dc589ebff86d1c74,"{""distance"":5,""physical_error_rate"":0.0001}","{""detection_events"":730,""detectors_checked"":1914880}"
      6144,         0,         0,    1.56,decoder_by_matrix,fa5edda0c1038186c8afbec49b0215a0b852396cdb50783a3f937fdf51d2afac,"{""distance"":5,""physical_error_rate"":1e-05}","{""detection_events"":50,""detectors_checked"":1044480}"
     10240,         0,         0,   0.797,decoder_by_matrix,066a5d8d46981b593c3dec855f441edbe9e755a8873183448f69d036a2ecc650,"{""distance"":5,""physical_error_rate"":0.001}","{""detection_events"":5945,""detectors_checked"":1740800}"
      4096,         0,         0,    1.01,decoder_by_matrix,b84cf4b8ca220d31f17e1e2ea9ab927bbc4176b15682c650e7d1dd8f2758172b,"{""distance"":5,""physical_error_rate"":0.0005}","{""detection_events"":1165,""detectors_checked"":696320}"
      4096,         0,         0,   0.927,decoder_by_matrix,fa5edda0c1038186c8afbec49b0215a0b852396cdb50783a3f937fdf51d2afac,"{""distance"":5,""physical_error_rate"":1e-05}","{""detectors_checked"":696320}"
    130048,         0,         0,    8.35,decoder_by_matrix,066a5d8d46981b593c3dec855f441edbe9e755a8873183448f69d036a2ecc650,"{""distance"":5,""physical_error_rate"":0.001}","{""detection_events"":73090,""detectors_checked"":22108160}"
     15360,         0,         0,    6.01,decoder_by_matrix,0421d486f8a041838688df650e87c0a19c3450ab7a7cc8b3dc589ebff86d1c74,"{""distance"":5,""physical_error_rate"":0.0001}","{""detection_events"":860,""detectors_checked"":2611200}"
      9216,         0,         0,    2.29,decoder_by_matrix,9c6baee88fc81e7d1aa345fcb3feec7ee81f21c5d49cb6ca037118097d89e180,"{""distance"":5,""physical_error_rate"":5e-05}","{""detection_events"":195,""detectors_checked"":1566720}"
     19456,         6,         0,    6.22,decoder_by_matrix,926aad2e192fb73fc0ac724cdb1e19af2dfa1e49635753b9cefb82507b443f08,"{""distance"":5,""physical_error_rate"":0.005}","{""detection_events"":53660,""detectors_checked"":3307520,""obs_mistake_mask=EE_E"":1,""obs_mistake_mask=E_E_"":1,""obs_mistake_mask=E__E"":1,""obs_mistake_mask=_EEE"":1,""obs_mistake_mask=__EE"":1,""obs_mistake_mask=__E_"":1}"
     26624,         0,         0,    1.17,decoder_by_matrix,e41ade2e4684e0396b9a3890c882b6453b515d69885aa1d89a26ce21ec554895,"{""distance"":5,""physical_error_rate"":1e-06}","{""detection_events"":10,""detectors_checked"":4526080}"
     14336,         0,         0,    1.12,decoder_by_matrix,9c6baee88fc81e7d1aa345fcb3feec7ee81f21c5d49cb6ca037118097d89e180,"{""distance"":5,""physical_error_rate"":5e-05}","{""detection_events"":355,""detectors_checked"":2437120}"
     16384,         0,         0,    1.12,decoder_by_matrix,3c866087b289edc25e9adea730044a15db18cabfd3ae2507fc844d5b4e03657a,"{""distance"":5,""physical_error_rate"":5e-06}","{""detection_events"":50,""detectors_checked"":2785280}"
      4096,         0,         0,    1.18,decoder_by_matrix,3c866087b289edc25e9adea730044a15db18cabfd3ae2507fc844d5b4e03657a,"{""distance"":5,""physical_error_rate"":5e-06}","{""detection_events"":10,""detectors_checked"":696320}"
      6144,         0,         0,    1.60,decoder_by_matrix,3c866087b289edc25e9adea730044a15db18cabfd3ae2507fc844d5b4e03657a,"{""distance"":5,""physical_error_rate"":5e-06}","{""detection_events"":5,""detectors_checked"":1044480}"
     96256,         0,         0,    5.97,decoder_by_matrix,066a5d8d46981b593c3dec855f441edbe9e755a8873183448f69d036a2ecc650,"{""distance"":5,""physical_error_rate"":0.001}","{""detection_events"":53035,""detectors_checked"":16363520}"
     14336,         0,         0,    1.16,decoder_by_matrix,0421d486f8a041838688df650e87c0a19c3450ab7a7cc8b3dc589ebff86d1c74,"{""distance"":5,""physical_error_rate"":0.0001}","{""detection_events"":705,""detectors_checked"":2437120}"
      5120,         0,         0,    1.56,decoder_by_matrix,b84cf4b8ca220d31f17e1e2ea9ab927bbc4176b15682c650e7d1dd8f2758172b,"{""distance"":5,""physical_error_rate"":0.0005}","{""detection_events"":1695,""detectors_checked"":870400}"
      4096,         0,         0,    1.15,decoder_by_matrix,b84cf4b8ca220d31f17e1e2ea9ab927bbc4176b15682c650e7d1dd8f2758172b,"{""distance"":5,""physical_error_rate"":0.0005}","{""detection_events"":1130,""detectors_checked"":696320}"
      6144,         0,         0,    1.25,decoder_by_matrix,066a5d8d46981b593c3dec855f441edbe9e755a8873183448f69d036a2ecc650,"{""distance"":5,""physical_error_rate"":0.001}","{""detection_events"":3130,""detectors_checked"":1044480}"
      3072,         0,         0,    1.16,decoder_by_matrix,fa5edda0c1038186c8afbec49b0215a0b852396cdb50783a3f937fdf51d2afac,"{""distance"":5,""physical_error_rate"":1e-05}","{""detection_events"":35,""detectors_checked"":522240}"
     18432,         0,         0,    6.30,decoder_by_matrix,fa5edda0c1038186c8afbec49b0215a0b852396cdb50783a3f937fdf51d2afac,"{""distance"":5,""physical_error_rate"":1e-05}","{""detection_events"":110,""detectors_checked"":3133440}"
      9488,         1,         0,    6.23,decoder_by_matrix,926aad2e192fb73fc0ac724cdb1e19af2dfa1e49635753b9cefb82507b443f08,"{""distance"":5,""physical_error_rate"":0.005}","{""detection_events"":26280,""detectors_checked"":1612960,""obs_mistake_mask=_E__"":1}"
     12288,         0,         0,    3.06,decoder_by_matrix,e41ade2e4684e0396b9a3890c882b6453b515d69885aa1d89a26ce21ec554895,"{""distance"":5,""physical_error_rate"":1e-06}","{""detection_events"":10,""detectors_checked"":2088960}"
      8192,         0,         0,    2.33,decoder_by_matrix,fa5edda0c1038186c8afbec49b0215a0b852396cdb50783a3f937fdf51d2afac,"{""distance"":5,""physical_error_rate"":1e-05}","{""detection_events"":15,""detectors_checked"":1392640}"
     16384,         0,         0,    4.89,decoder_by_matrix,e41ade2e4684e0396b9a3890c882b6453b515d69885aa1d89a26ce21ec554895,"{""distance"":5,""physical_error_rate"":1e-06}","{""detection_events"":50,""detectors_checked"":2785280}"
     39936,         0,         0,    1.57,decoder_by_matrix,e41ade2e4684e0396b9a3890c882b6453b515d69885aa1d89a26ce21ec554895,"{""distance"":5,""physical_error_rate"":1e-06}","{""detection_events"":10,""detectors_checked"":6789120}"
     26624,         0,         0,    1.61,decoder_by_matrix,3c866087b289edc25e9adea730044a15db18cabfd3ae2507fc844d5b4e03657a,"{""distance"":5,""physical_error_rate"":5e-06}","{""detection_events"":80,""detectors_checked"":4526080}"
      5120,         0,         0,    1.74,decoder_by_matrix,9c6baee88fc81e7d1aa345fcb3feec7ee81f21c5d49cb6ca037118097d89e180,"{""distance"":5,""physical_error_rate"":5e-05}","{""detection_events"":155,""detectors_checked"":870400}"
      5120,         0,         0,    1.71,decoder_by_matrix,3c866087b289edc25e9adea730044a15db18cabfd3ae2507fc844d5b4e03657a,"{""distance"":5,""physical_error_rate"":5e-06}","{""detectors_checked"":870400}"
     18432,         0,         0,    1.55,decoder_by_matrix,0421d486f8a041838688df650e87c0a19c3450ab7a7cc8b3dc589ebff86d1c74,"{""distance"":5,""physical_error_rate"":0.0001}","{""detection_events"":1180,""detectors_checked"":3133440}"
      6144,         0,         0,    1.62,decoder_by_matrix,fa5edda0c1038186c8afbec49b0215a0b852396cdb50783a3f937fdf51d2afac,"{""distance"":5,""physical_error_rate"":1e-05}","{""detectors_checked"":1044480}"
    106496,        25,         0,    8.40,decoder_by_matrix,926aad2e192fb73fc0ac724cdb1e19af2dfa1e49635753b9cefb82507b443f08,"{""distance"":5,""physical_error_rate"":0.005}","{""detection_events"":300605,""detectors_checked"":18104320,""obs_mistake_mask=EE__"":1,""obs_mistake_mask=E_EE"":1,""obs_mistake_mask=E_E_"":1,""obs_mistake_mask=E___"":4,""obs_mistake_mask=_EEE"":7,""obs_mistake_mask=_EE_"":1,""obs_mistake_mask=_E_E"":1,""obs_mistake_mask=_E__"":3,""obs_mistake_mask=__EE"":3,""obs_mistake_mask=__E_"":2,""obs_mistake_mask=___E"":1}"
      5120,         0,         0,    1.66,decoder_by_matrix,b84cf4b8ca220d31f17e1e2ea9ab927bbc4176b15682c650e7d1dd8f2758172b,"{""distance"":5,""physical_error_rate"":0.0005}","{""detection_events"":1435,""detectors_checked"":870400}"
    155648,         0,         0,    11.7,decoder_by_matrix,b84cf4b8ca220d31f17e1e2ea9ab927bbc4176b15682c650e7d1dd8f2758172b,"{""distance"":5,""physical_error_rate"":0.0005}","{""detection_events"":44670,""detectors_checked"":26460160}"
      5120,         0,         0,    1.81,decoder_by_matrix,066a5d8d46981b593c3dec855f441edbe9e755a8873183448f69d036a2ecc650,"{""distance"":5,""physical_error_rate"":0.001}","{""detection_events"":2605,""detectors_checked"":870400}"
      7168,         0,         0,    2.43,decoder_by_matrix,3c866087b289edc25e9adea730044a15db18cabfd3ae2507fc844d5b4e03657a,"{""distance"":5,""physical_error_rate"":5e-06}","{""detection_events"":60,""detectors_checked"":1218560}"
     10240,         0,         0,    3.01,decoder_by_matrix,9c6baee88fc81e7d1aa345fcb3feec7ee81f21c5d49cb6ca037118097d89e180,"{""distance"":5,""physical_error_rate"":5e-05}","{""detection_events"":305,""detectors_checked"":1740800}"
    156672,        43,         0,    12.1,decoder_by_matrix,926aad2e192fb73fc0ac724cdb1e19af2dfa1e49635753b9cefb82507b443f08,"{""distance"":5,""physical_error_rate"":0.005}","{""detection_events"":437260,""detectors_checked"":26634240,""obs_mistake_mask=EEE_"":3,""obs_mistake_mask=EE_E"":1,""obs_mistake_mask=EE__"":3,""obs_mistake_mask=E_EE"":3,""obs_mistake_mask=E_E_"":1,""obs_mistake_mask=E__E"":3,""obs_mistake_mask=E___"":10,""obs_mistake_mask=_EEE"":3,""obs_mistake_mask=_EE_"":2,""obs_mistake_mask=_E_E"":3,""obs_mistake_mask=_E__"":6,""obs_mistake_mask=__E_"":4,""obs_mistake_mask=___E"":1}"
      7168,         0,         0,    2.29,decoder_by_matrix,b84cf4b8ca220d31f17e1e2ea9ab927bbc4176b15682c650e7d1dd8f2758172b,"{""distance"":5,""physical_error_rate"":0.0005}","{""detection_events"":2145,""detectors_checked"":1218560}"
     18432,         0,         0,    4.45,decoder_by_matrix,066a5d8d46981b593c3dec855f441edbe9e755a8873183448f69d036a2ecc650,"{""distance"":5,""physical_error_rate"":0.001}","{""detection_events"":10495,""detectors_checked"":3133440}"
     18432,         0,         0,    4.44,decoder_by_matrix,0421d486f8a041838688df650e87c0a19c3450ab7a7cc8b3dc589ebff86d1c74,"{""distance"":5,""physical_error_rate"":0.0001}","{""detection_events"":900,""detectors_checked"":3133440}"
     53248,         0,         0,    2.19,decoder_by_matrix,e41ade2e4684e0396b9a3890c882b6453b515d69885aa1d89a26ce21ec554895,"{""distance"":5,""physical_error_rate"":1e-06}","{""detection_events"":70,""detectors_checked"":9052160}"
     40960,         0,         0,    2.19,decoder_by_matrix,3c866087b289edc25e9adea730044a15db18cabfd3ae2507fc844d5b4e03657a,"{""distance"":5,""physical_error_rate"":5e-06}","{""detection_events"":70,""detectors_checked"":6963200}"
    109568,         0,         0,    8.37,decoder_by_matrix,9c6baee88fc81e7d1aa345fcb3feec7ee81f21c5d49cb6ca037118097d89e180,"{""distance"":5,""physical_error_rate"":5e-05}","{""detection_events"":3300,""detectors_checked"":18626560}"
     25600,         0,         0,    2.15,decoder_by_matrix,0421d486f8a041838688df650e87c0a19c3450ab7a7cc8b3dc589ebff86d1c74,"{""distance"":5,""physical_error_rate"":0.0001}","{""detection_events"":1600,""detectors_checked"":4352000}"
      6144,         0,         0,    2.37,decoder_by_matrix,9c6baee88fc81e7d1aa345fcb3feec7ee81f21c5d49cb6ca037118097d89e180,"{""distance"":5,""physical_error_rate"":5e-05}","{""detection_events"":105,""detectors_checked"":1044480}"
      7168,         0,         0,    2.39,decoder_by_matrix,3c866087b289edc25e9adea730044a15db18cabfd3ae2507fc844d5b4e03657a,"{""distance"":5,""physical_error_rate"":5e-06}","{""detectors_checked"":1218560}"
      8192,         0,         0,    2.24,decoder_by_matrix,fa5edda0c1038186c8afbec49b0215a0b852396cdb50783a3f937fdf51d2afac,"{""distance"":5,""physical_error_rate"":1e-05}","{""detection_events"":155,""detectors_checked"":1392640}"
      8192,         0,         0,    2.27,decoder_by_matrix,b84cf4b8ca220d31f17e1e2ea9ab927bbc4176b15682c650e7d1dd8f2758172b,"{""distance"":5,""physical_error_rate"":0.0005}","{""detection_events"":2105,""detectors_checked"":1392640}"
      6144,         0,         0,    2.34,decoder_by_matrix,066a5d8d46981b593c3dec855f441edbe9e755a8873183448f69d036a2ecc650,"{""distance"":5,""physical_error_rate"":0.001}","{""detection_events"":3355,""detectors_checked"":1044480}"
     10240,         0,         0,    3.27,decoder_by_matrix,fa5edda0c1038186c8afbec49b0215a0b852396cdb50783a3f937fdf51d2afac,"{""distance"":5,""physical_error_rate"":1e-05}","{""detection_events"":95,""detectors_checked"":1740800}"
     10240,         0,         0,    3.09,decoder_by_matrix,3c866087b289edc25e9adea730044a15db18cabfd3ae2507fc844d5b4e03657a,"{""distance"":5,""physical_error_rate"":5e-06}","{""detectors_checked"":1740800}"
     16384,         0,         0,    4.51,decoder_by_matrix,e41ade2e4684e0396b9a3890c882b6453b515d69885aa1d89a26ce21ec554895,"{""distance"":5,""physical_error_rate"":1e-06}","{""detection_events"":45,""detectors_checked"":2785280}"
      9216,         0,         0,    3.21,decoder_by_matrix,b84cf4b8ca220d31f17e1e2ea9ab927bbc4176b15682c650e7d1dd8f2758172b,"{""distance"":5,""physical_error_rate"":0.0005}","{""detection_events"":2425,""detectors_checked"":1566720}"
     74752,         0,         0,    3.10,decoder_by_matrix,e41ade2e4684e0396b9a3890c882b6453b515d69885aa1d89a26ce21ec554895,"{""distance"":5,""physical_error_rate"":1e-06}","{""detection_events"":10,""detectors_checked"":12707840}"
     41984,         0,         0,    3.10,decoder_by_matrix,3c866087b289edc25e9adea730044a15db18cabfd3ae2507fc844d5b4e03657a,"{""distance"":5,""physical_error_rate"":5e-06}","{""detection_events"":145,""detectors_checked"":7137280}"
     39936,         0,         0,    3.08,decoder_by_matrix,0421d486f8a041838688df650e87c0a19c3450ab7a7cc8b3dc589ebff86d1c74,"{""distance"":5,""physical_error_rate"":0.0001}","{""detection_events"":1930,""detectors_checked"":6789120}"
     14336,         0,         0,    4.51,decoder_by_matrix,9c6baee88fc81e7d1aa345fcb3feec7ee81f21c5d49cb6ca037118097d89e180,"{""distance"":5,""physical_error_rate"":5e-05}","{""detection_events"":540,""detectors_checked"":2437120}"
      7168,         0,         0,    3.16,decoder_by_matrix,9c6baee88fc81e7d1aa345fcb3feec7ee81f21c5d49cb6ca037118097d89e180,"{""distance"":5,""physical_error_rate"":5e-05}","{""detection_events"":255,""detectors_checked"":1218560}"
     18432,         0,         0,    6.01,decoder_by_matrix,e41ade2e4684e0396b9a3890c882b6453b515d69885aa1d89a26ce21ec554895,"{""distance"":5,""physical_error_rate"":1e-06}","{""detectors_checked"":3133440}"
     10240,         0,         0,    3.06,decoder_by_matrix,b84cf4b8ca220d31f17e1e2ea9ab927bbc4176b15682c650e7d1dd8f2758172b,"{""distance"":5,""physical_error_rate"":0.0005}","{""detection_events"":2935,""detectors_checked"":1740800}"
     10240,         0,         0,    3.37,decoder_by_matrix,3c866087b289edc25e9adea730044a15db18cabfd3ae2507fc844d5b4e03657a,"{""distance"":5,""physical_error_rate"":5e-06}","{""detection_events"":5,""detectors_checked"":1740800}"
     11264,         0,         0,    3.12,decoder_by_matrix,fa5edda0c1038186c8afbec49b0215a0b852396cdb50783a3f937fdf51d2afac,"{""distance"":5,""physical_error_rate"":1e-05}","{""detection_events"":35,""detectors_checked"":1914880}"
      8192,         0,         0,    3.13,decoder_by_matrix,066a5d8d46981b593c3dec855f441edbe9e755a8873183448f69d036a2ecc650,"{""distance"":5,""physical_error_rate"":0.001}","{""detection_events"":4265,""detectors_checked"":1392640}"
     89088,         0,         0,    8.37,decoder_by_matrix,0421d486f8a041838688df650e87c0a19c3450ab7a7cc8b3dc589ebff86d1c74,"{""distance"":5,""physical_error_rate"":0.0001}","{""detection_events"":5765,""detectors_checked"":15144960}"
     23552,         8,         0,    8.46,decoder_by_matrix,926aad2e192fb73fc0ac724cdb1e19af2dfa1e49635753b9cefb82507b443f08,"{""distance"":5,""physical_error_rate"":0.005}","{""detection_events"":67325,""detectors_checked"":4003840,""obs_mistake_mask=E_E_"":1,""obs_mistake_mask=E___"":2,""obs_mistake_mask=_EEE"":1,""obs_mistake_mask=_E_E"":1,""obs_mistake_mask=___E"":3}"
    107520,         0,         0,    8.39,decoder_by_matrix,066a5d8d46981b593c3dec855f441edbe9e755a8873183448f69d036a2ecc650,"{""distance"":5,""physical_error_rate"":0.001}","{""detection_events"":61145,""detectors_checked"":18278400}"
     14336,         0,         0,    4.29,decoder_by_matrix,fa5edda0c1038186c8afbec49b0215a0b852396cdb50783a3f937fdf51d2afac,"{""distance"":5,""physical_error_rate"":1e-05}","{""detection_events"":65,""detectors_checked"":2437120}"
     24576,         0,         0,    5.94,decoder_by_matrix,066a5d8d46981b593c3dec855f441edbe9e755a8873183448f69d036a2ecc650,"{""distance"":5,""physical_error_rate"":0.001}","{""detection_events"":13300,""detectors_checked"":4177920}"
     21504,         0,         0,    8.44,decoder_by_matrix,fa5edda0c1038186c8afbec49b0215a0b852396cdb50783a3f937fdf51d2afac,"{""distance"":5,""physical_error_rate"":1e-05}","{""detection_events"":60,""detectors_checked"":3655680}"
     23552,         0,         0,    6.21,decoder_by_matrix,0421d486f8a041838688df650e87c0a19c3450ab7a7cc8b3dc589ebff86d1c74,"{""distance"":5,""physical_error_rate"":0.0001}","{""detection_events"":1235,""detectors_checked"":4003840}"
     20480,         3,         0,    8.35,decoder_by_matrix,926aad2e192fb73fc0ac724cdb1e19af2dfa1e49635753b9cefb82507b443f08,"{""distance"":5,""physical_error_rate"":0.005}","{""detection_events"":58390,""detectors_checked"":3481600,""obs_mistake_mask=EEE_"":1,""obs_mistake_mask=__E_"":1,""obs_mistake_mask=___E"":1}"
     14336,         0,         0,    4.50,decoder_by_matrix,3c866087b289edc25e9adea730044a15db18cabfd3ae2507fc844d5b4e03657a,"{""distance"":5,""physical_error_rate"":5e-06}","{""detection_events"":15,""detectors_checked"":2437120}"
     13312,         0,         0,    4.54,decoder_by_matrix,b84cf4b8ca220d31f17e1e2ea9ab927bbc4176b15682c650e7d1dd8f2758172b,"{""distance"":5,""physical_error_rate"":0.0005}","{""detection_events"":3875,""detectors_checked"":2263040}"
    103424,         0,         0,    4.27,decoder_by_matrix,e41ade2e4684e0396b9a3890c882b6453b515d69885aa1d89a26ce21ec554895,"{""distance"":5,""physical_error_rate"":1e-06}","{""detection_events"":65,""detectors_checked"":17582080}"
    153600,         0,         0,    11.7,decoder_by_matrix,066a5d8d46981b593c3dec855f441edbe9e755a8873183448f69d036a2ecc650,"{""distance"":5,""physical_error_rate"":0.001}","{""detection_events"":86240,""detectors_checked"":26112000}"
     65536,         0,         0,    4.27,decoder_by_matrix,3c866087b289edc25e9adea730044a15db18cabfd3ae2507fc844d5b4e03657a,"{""distance"":5,""physical_error_rate"":5e-06}","{""detection_events"":265,""detectors_checked"":11141120}"
     55296,         0,         0,    4.28,decoder_by_matrix,0421d486f8a041838688df650e87c0a19c3450ab7a7cc8b3dc589ebff86d1c74,"{""distance"":5,""physical_error_rate"":0.0001}","{""detection_events"":3425,""detectors_checked"":9400320}"
     10240,         0,         0,    4.40,decoder_by_matrix,9c6baee88fc81e7d1aa345fcb3feec7ee81f21c5d49cb6ca037118097d89e180,"{""distance"":5,""physical_error_rate"":5e-05}","{""detection_events"":180,""detectors_checked"":1740800}"
     13312,         0,         0,    4.32,decoder_by_matrix,fa5edda0c1038186c8afbec49b0215a0b852396cdb50783a3f937fdf51d2afac,"{""distance"":5,""physical_error_rate"":1e-05}","{""detection_events"":70,""detectors_checked"":2263040}"
     11264,         0,         0,    4.39,decoder_by_matrix,3c866087b289edc25e9adea730044a15db18cabfd3ae2507fc844d5b4e03657a,"{""distance"":5,""physical_error_rate"":5e-06}","{""detection_events"":45,""detectors_checked"":1914880}"
     13312,         0,         0,    4.54,decoder_by_matrix,b84cf4b8ca220d31f17e1e2ea9ab927bbc4176b15682c650e7d1dd8f2758172b,"{""distance"":5,""physical_error_rate"":0.0005}","{""detection_events"":3320,""detectors_checked"":2263040}"
     22528,         0,         0,    6.24,decoder_by_matrix,e41ade2e4684e0396b9a3890c882b6453b515d69885aa1d89a26ce21ec554895,"{""distance"":5,""physical_error_rate"":1e-06}","{""detection_events"":10,""detectors_checked"":3829760}"
     10240,         0,         0,    4.40,decoder_by_matrix,066a5d8d46981b593c3dec855f441edbe9e755a8873183448f69d036a2ecc650,"{""distance"":5,""physical_error_rate"":0.001}","{""detection_events"":6285,""detectors_checked"":1740800}"
     19456,         0,         0,    6.11,decoder_by_matrix,9c6baee88fc81e7d1aa345fcb3feec7ee81f21c5d49cb6ca037118097d89e180,"{""distance"":5,""physical_error_rate"":5e-05}","{""detection_events"":630,""detectors_checked"":3307520}"
    141312,        27,         0,    11.7,decoder_by_matrix,926aad2e192fb73fc0ac724cdb1e19af2dfa1e49635753b9cefb82507b443f08,"{""distance"":5,""physical_error_rate"":0.005}","{""detection_events"":386670,""detectors_checked"":24023040,""obs_mistake_mask=EEE_"":1,""obs_mistake_mask=EE__"":1,""obs_mistake_mask=E_E_"":3,""obs_mistake_mask=E__E"":2,""obs_mistake_mask=E___"":6,""obs_mistake_mask=_EEE"":1,""obs_mistake_mask=_EE_"":1,""obs_mistake_mask=_E_E"":2,""obs_mistake_mask=_E__"":3,""obs_mistake_mask=__EE"":1,""obs_mistake_mask=__E_"":2,""obs_mistake_mask=___E"":4}"
     19456,         0,         0,    6.20,decoder_by_matrix,fa5edda0c1038186c8afbec49b0215a0b852396cdb50783a3f937fdf51d2afac,"{""distance"":5,""physical_error_rate"":1e-05}","{""detection_events"":100,""detectors_checked"":3307520}"
   1043456,         0,         0,    44.9,decoder_by_matrix,9c6baee88fc81e7d1aa345fcb3feec7ee81f21c5d49cb6ca037118097d89e180,"{""distance"":5,""physical_error_rate"":5e-05}","{""detection_events"":30350,""detectors_checked"":177387520}"
    151552,         0,         0,    11.8,decoder_by_matrix,9c6baee88fc81e7d1aa345fcb3feec7ee81f21c5d49cb6ca037118097d89e180,"{""distance"":5,""physical_error_rate"":5e-05}","{""detection_events"":4545,""detectors_checked"":25763840}"
   1131520,         1,         0,    44.9,decoder_by_matrix,066a5d8d46981b593c3dec855f441edbe9e755a8873183448f69d036a2ecc650,"{""distance"":5,""physical_error_rate"":0.001}","{""detection_events"":643545,""detectors_checked"":192358400,""obs_mistake_mask=__E_"":1}"
   1136640,         0,         0,    44.8,decoder_by_matrix,3c866087b289edc25e9adea730044a15db18cabfd3ae2507fc844d5b4e03657a,"{""distance"":5,""physical_error_rate"":5e-06}","{""detection_events"":3380,""detectors_checked"":193228800}"
     27648,         0,         0,    8.48,decoder_by_matrix,e41ade2e4684e0396b9a3890c882b6453b515d69885aa1d89a26ce21ec554895,"{""distance"":5,""physical_error_rate"":1e-06}","{""detectors_checked"":4700160}"
    986112,         0,         0,    44.8,decoder_by_matrix,b84cf4b8ca220d31f17e1e2ea9ab927bbc4176b15682c650e7d1dd8f2758172b,"{""distance"":5,""physical_error_rate"":0.0005}","{""detection_events"":284970,""detectors_checked"":167639040}"
   1063936,         2,         0,    44.9,decoder_by_matrix,066a5d8d46981b593c3dec855f441edbe9e755a8873183448f69d036a2ecc650,"{""distance"":5,""physical_error_rate"":0.001}","{""detection_events"":606920,""detectors_checked"":180869120,""obs_mistake_mask=E___"":1,""obs_mistake_mask=__E_"":1}"
    960512,       222,         0,    44.9,decoder_by_matrix,926aad2e192fb73fc0ac724cdb1e19af2dfa1e49635753b9cefb82507b443f08,"{""distance"":5,""physical_error_rate"":0.005}","{""detection_events"":2666120,""detectors_checked"":163287040,""obs_mistake_mask=EEE_"":6,""obs_mistake_mask=EE_E"":4,""obs_mistake_mask=EE__"":16,""obs_mistake_mask=E_EE"":8,""obs_mistake_mask=E_E_"":10,""obs_mistake_mask=E__E"":12,""obs_mistake_mask=E___"":42,""obs_mistake_mask=_EEE"":16,""obs_mistake_mask=_EE_"":8,""obs_mistake_mask=_E_E"":12,""obs_mistake_mask=_E__"":29,""obs_mistake_mask=__EE"":15,""obs_mistake_mask=__E_"":28,""obs_mistake_mask=___E"":16}"
   1132544,         0,         0,    44.9,decoder_by_matrix,0421d486f8a041838688df650e87c0a19c3450ab7a7cc8b3dc589ebff86d1c74,"{""distance"":5,""physical_error_rate"":0.0001}","{""detection_events"":64085,""detectors_checked"":192532480}"
   1060864,         1,         0,    44.8,decoder_by_matrix,b84cf4b8ca220d31f17e1e2ea9ab927bbc4176b15682c650e7d1dd8f2758172b,"{""distance"":5,""physical_error_rate"":0.0005}","{""detection_events"":304025,""detectors_checked"":180346880,""obs_mistake_mask=__EE"":1}"
   1071104,         0,         0,    44.8,decoder_by_matrix,e41ade2e4684e0396b9a3890c882b6453b515d69885aa1d89a26ce21ec554895,"{""distance"":5,""physical_error_rate"":1e-06}","{""detection_events"":500,""detectors_checked"":182087680}"
   1076224,         0,         0,    44.9,decoder_by_matrix,fa5edda0c1038186c8afbec49b0215a0b852396cdb50783a3f937fdf51d2afac,"{""distance"":5,""physical_error_rate"":1e-05}","{""detection_events"":6525,""detectors_checked"":182958080}"
   1130496,         0,         0,    44.8,decoder_by_matrix,9c6baee88fc81e7d1aa345fcb3feec7ee81f21c5d49cb6ca037118097d89e180,"{""distance"":5,""physical_error_rate"":5e-05}","{""detection_events"":32130,""detectors_checked"":192184320}"
     18432,         0,         0,    6.11,decoder_by_matrix,3c866087b289edc25e9adea730044a15db18cabfd3ae2507fc844d5b4e03657a,"{""distance"":5,""physical_error_rate"":5e-06}","{""detection_events"":30,""detectors_checked"":3133440}"
   1078272,       287,         0,    44.8,decoder_by_matrix,926aad2e192fb73fc0ac724cdb1e19af2dfa1e49635753b9cefb82507b443f08,"{""distance"":5,""physical_error_rate"":0.005}","{""detection_events"":2993830,""detectors_checked"":183306240,""obs_mistake_mask=EEE_"":10,""obs_mistake_mask=EE_E"":7,""obs_mistake_mask=EE__"":22,""obs_mistake_mask=E_EE"":6,""obs_mistake_mask=E_E_"":17,""obs_mistake_mask=E__E"":22,""obs_mistake_mask=E___"":51,""obs_mistake_mask=_EEE"":15,""obs_mistake_mask=_EE_"":15,""obs_mistake_mask=_E_E"":13,""obs_mistake_mask=_E__"":24,""obs_mistake_mask=__EE"":23,""obs_mistake_mask=__E_"":34,""obs_mistake_mask=___E"":28}"
   1102848,         0,         0,    44.9,decoder_by_matrix,0421d486f8a041838688df650e87c0a19c3450ab7a7cc8b3dc589ebff86d1c74,"{""distance"":5,""physical_error_rate"":0.0001}","{""detection_events"":63345,""detectors_checked"":187484160}"
     19456,         0,         0,    6.19,decoder_by_matrix,b84cf4b8ca220d31f17e1e2ea9ab927bbc4176b15682c650e7d1dd8f2758172b,"{""distance"":5,""physical_error_rate"":0.0005}","{""detection_events"":6040,""detectors_checked"":3307520}"
   1148928,         0,         0,    44.9,decoder_by_matrix,fa5edda0c1038186c8afbec49b0215a0b852396cdb50783a3f937fdf51d2afac,"{""distance"":5,""physical_error_rate"":1e-05}","{""detection_events"":6530,""detectors_checked"":195317760}"
    149504,         0,         0,    5.96,decoder_by_matrix,e41ade2e4684e0396b9a3890c882b6453b515d69885aa1d89a26ce21ec554895,"{""distance"":5,""physical_error_rate"":1e-06}","{""detection_events"":85,""detectors_checked"":25415680}"
   1007616,         0,         0,    44.9,decoder_by_matrix,b84cf4b8ca220d31f17e1e2ea9ab927bbc4176b15682c650e7d1dd8f2758172b,"{""distance"":5,""physical_error_rate"":0.0005}","{""detection_events"":289030,""detectors_checked"":171294720}"
    150528,         0,         0,    5.99,decoder_by_matrix,3c866087b289edc25e9adea730044a15db18cabfd3ae2507fc844d5b4e03657a,"{""distance"":5,""physical_error_rate"":5e-06}","{""detection_events"":600,""detectors_checked"":25589760}"
   1031168,         0,         0,    44.9,decoder_by_matrix,3c866087b289edc25e9adea730044a15db18cabfd3ae2507fc844d5b4e03657a,"{""distance"":5,""physical_error_rate"":5e-06}","{""detection_events"":2910,""detectors_checked"":175298560}"
    919552,         0,         0,    44.8,decoder_by_matrix,e41ade2e4684e0396b9a3890c882b6453b515d69885aa1d89a26ce21ec554895,"{""distance"":5,""physical_error_rate"":1e-06}","{""detection_events"":625,""detectors_checked"":156323840}"
     76800,         0,         0,    5.97,decoder_by_matrix,0421d486f8a041838688df650e87c0a19c3450ab7a7cc8b3dc589ebff86d1c74,"{""distance"":5,""physical_error_rate"":0.0001}","{""detection_events"":4035,""detectors_checked"":13056000}"
   1106944,         0,         0,    44.8,decoder_by_matrix,3c866087b289edc25e9adea730044a15db18cabfd3ae2507fc844d5b4e03657a,"{""distance"":5,""physical_error_rate"":5e-06}","{""detection_events"":3285,""detectors_checked"":188180480}"
   1115136,         0,         0,    44.8,decoder_by_matrix,e41ade2e4684e0396b9a3890c882b6453b515d69885aa1d89a26ce21ec554895,"{""distance"":5,""physical_error_rate"":1e-06}","{""detection_events"":655,""detectors_checked"":189573120}"
   1128448,         0,         0,    44.9,decoder_by_matrix,fa5edda0c1038186c8afbec49b0215a0b852396cdb50783a3f937fdf51d2afac,"{""distance"":5,""physical_error_rate"":1e-05}","{""detection_events"":6625,""detectors_checked"":191836160}"
     30720,         0,         0,    8.37,decoder_by_matrix,066a5d8d46981b593c3dec855f441edbe9e755a8873183448f69d036a2ecc650,"{""distance"":5,""physical_error_rate"":0.001}","{""detection_events"":17475,""detectors_checked"":5222400}"
     20480,         0,         0,    6.04,decoder_by_matrix,fa5edda0c1038186c8afbec49b0215a0b852396cdb50783a3f937fdf51d2afac,"{""distance"":5,""physical_error_rate"":1e-05}","{""detection_events"":135,""detectors_checked"":3481600}"
     14336,         0,         0,    6.32,decoder_by_matrix,9c6baee88fc81e7d1aa345fcb3feec7ee81f21c5d49cb6ca037118097d89e180,"{""distance"":5,""physical_error_rate"":5e-05}","{""detection_events"":285,""detectors_checked"":2437120}"
     17408,         0,         0,    5.84,decoder_by_matrix,3c866087b289edc25e9adea730044a15db18cabfd3ae2507fc844d5b4e03657a,"{""distance"":5,""physical_error_rate"":5e-06}","{""detection_events"":40,""detectors_checked"":2959360}"
     20480,         0,         0,    6.05,decoder_by_matrix,b84cf4b8ca220d31f17e1e2ea9ab927bbc4176b15682c650e7d1dd8f2758172b,"{""distance"":5,""physical_error_rate"":0.0005}","{""detection_events"":5910,""detectors_checked"":3481600}"
     31744,         0,         0,    8.54,decoder_by_matrix,0421d486f8a041838688df650e87c0a19c3450ab7a7cc8b3dc589ebff86d1c74,"{""distance"":5,""physical_error_rate"":0.0001}","{""detection_events"":1705,""detectors_checked"":5396480}"
   1072128,         0,         0,    44.8,decoder_by_matrix,9c6baee88fc81e7d1aa345fcb3feec7ee81f21c5d49cb6ca037118097d89e180,"{""distance"":5,""physical_error_rate"":5e-05}","{""detection_events"":31955,""detectors_checked"":182261760}"
   1065984,         0,         0,    44.9,decoder_by_matrix,0421d486f8a041838688df650e87c0a19c3450ab7a7cc8b3dc589ebff86d1c74,"{""distance"":5,""physical_error_rate"":0.0001}","{""detection_events"":60585,""detectors_checked"":181217280}"
     16384,         0,         0,    6.47,decoder_by_matrix,066a5d8d46981b593c3dec855f441edbe9e755a8873183448f69d036a2ecc650,"{""distance"":5,""physical_error_rate"":0.001}","{""detection_events"":9090,""detectors_checked"":2785280}"
     72704,         0,         0,    16.3,decoder_by_matrix,b84cf4b8ca220d31f17e1e2ea9ab927bbc4176b15682c650e7d1dd8f2758172b,"{""distance"":5,""physical_error_rate"":0.0005}","{""detection_events"":20295,""detectors_checked"":12359680}"
    166912,        43,         0,    16.7,decoder_by_matrix,926aad2e192fb73fc0ac724cdb1e19af2dfa1e49635753b9cefb82507b443f08,"{""distance"":5,""physical_error_rate"":0.005}","{""detection_events"":465345,""detectors_checked"":28375040,""obs_mistake_mask=EEE_"":1,""obs_mistake_mask=EE_E"":3,""obs_mistake_mask=EE__"":1,""obs_mistake_mask=E_E_"":3,""obs_mistake_mask=E__E"":2,""obs_mistake_mask=E___"":12,""obs_mistake_mask=_EEE"":1,""obs_mistake_mask=_EE_"":1,""obs_mistake_mask=_E_E"":4,""obs_mistake_mask=_E__"":3,""obs_mistake_mask=__EE"":2,""obs_mistake_mask=__E_"":2,""obs_mistake_mask=___E"":8}"
     90112,         0,         0,    11.7,decoder_by_matrix,0421d486f8a041838688df650e87c0a19c3450ab7a7cc8b3dc589ebff86d1c74,"{""distance"":5,""physical_error_rate"":0.0001}","{""detection_events"":5445,""detectors_checked"":15319040}"
     33792,         6,         0,    11.7,decoder_by_matrix,926aad2e192fb73fc0ac724cdb1e19af2dfa1e49635753b9cefb82507b443f08,"{""distance"":5,""physical_error_rate"":0.005}","{""detection_events"":94875,""detectors_checked"":5744640,""obs_mistake_mask=_E__"":1,""obs_mistake_mask=__EE"":1,""obs_mistake_mask=___E"":4}"
    123904,         0,         0,    11.7,decoder_by_matrix,066a5d8d46981b593c3dec855f441edbe9e755a8873183448f69d036a2ecc650,"{""distance"":5,""physical_error_rate"":0.001}","{""detection_events"":69975,""detectors_checked"":21063680}"
     29696,         0,         0,    8.45,decoder_by_matrix,e41ade2e4684e0396b9a3890c882b6453b515d69885aa1d89a26ce21ec554895,"{""distance"":5,""physical_error_rate"":1e-06}","{""detection_events"":45,""detectors_checked"":5048320}"
     30720,         0,         0,    11.8,decoder_by_matrix,fa5edda0c1038186c8afbec49b0215a0b852396cdb50783a3f937fdf51d2afac,"{""distance"":5,""physical_error_rate"":1e-05}","{""detection_events"":255,""detectors_checked"":5222400}"
     27648,         6,         0,    11.6,decoder_by_matrix,926aad2e192fb73fc0ac724cdb1e19af2dfa1e49635753b9cefb82507b443f08,"{""distance"":5,""physical_error_rate"":0.005}","{""detection_events"":76260,""detectors_checked"":4700160,""obs_mistake_mask=_E_E"":1,""obs_mistake_mask=_E__"":3,""obs_mistake_mask=__EE"":1,""obs_mistake_mask=__E_"":1}"
     28672,         0,         0,    8.66,decoder_by_matrix,9c6baee88fc81e7d1aa345fcb3feec7ee81f21c5d49cb6ca037118097d89e180,"{""distance"":5,""physical_error_rate"":5e-05}","{""detection_events"":1045,""detectors_checked"":4874240}"
     28672,         0,         0,    8.53,decoder_by_matrix,fa5edda0c1038186c8afbec49b0215a0b852396cdb50783a3f937fdf51d2afac,"{""distance"":5,""physical_error_rate"":1e-05}","{""detection_events"":195,""detectors_checked"":4874240}"
     26624,         0,         0,    8.42,decoder_by_matrix,3c866087b289edc25e9adea730044a15db18cabfd3ae2507fc844d5b4e03657a,"{""distance"":5,""physical_error_rate"":5e-06}","{""detection_events"":130,""detectors_checked"":4526080}"
     28672,         0,         0,    8.54,decoder_by_matrix,b84cf4b8ca220d31f17e1e2ea9ab927bbc4176b15682c650e7d1dd8f2758172b,"{""distance"":5,""physical_error_rate"":0.0005}","{""detection_events"":8110,""detectors_checked"":4874240}"
    214016,         0,         0,    8.37,decoder_by_matrix,e41ade2e4684e0396b9a3890c882b6453b515d69885aa1d89a26ce21ec554895,"{""distance"":5,""physical_error_rate"":1e-06}","{""detection_events"":115,""detectors_checked"":36382720}"
    166912,         0,         0,    8.34,decoder_by_matrix,3c866087b289edc25e9adea730044a15db18cabfd3ae2507fc844d5b4e03657a,"{""distance"":5,""physical_error_rate"":5e-06}","{""detection_events"":515,""detectors_checked"":28375040}"
    105472,         0,         0,    8.39,decoder_by_matrix,0421d486f8a041838688df650e87c0a19c3450ab7a7cc8b3dc589ebff86d1c74,"{""distance"":5,""physical_error_rate"":0.0001}","{""detection_events"":6340,""detectors_checked"":17930240}"
     28672,         0,         0,    8.41,decoder_by_matrix,fa5edda0c1038186c8afbec49b0215a0b852396cdb50783a3f937fdf51d2afac,"{""distance"":5,""physical_error_rate"":1e-05}","{""detection_events"":115,""detectors_checked"":4874240}"
     23552,         0,         0,    8.32,decoder_by_matrix,3c866087b289edc25e9adea730044a15db18cabfd3ae2507fc844d5b4e03657a,"{""distance"":5,""physical_error_rate"":5e-06}","{""detection_events"":20,""detectors_checked"":4003840}"
     27648,         0,         0,    8.31,decoder_by_matrix,b84cf4b8ca220d31f17e1e2ea9ab927bbc4176b15682c650e7d1dd8f2758172b,"{""distance"":5,""physical_error_rate"":0.0005}","{""detection_events"":7660,""detectors_checked"":4700160}"
     19456,         0,         0,    8.97,decoder_by_matrix,9c6baee88fc81e7d1aa345fcb3feec7ee81f21c5d49cb6ca037118097d89e180,"{""distance"":5,""physical_error_rate"":5e-05}","{""detection_events"":555,""detectors_checked"":3307520}"
     20480,         0,         0,    8.52,decoder_by_matrix,066a5d8d46981b593c3dec855f441edbe9e755a8873183448f69d036a2ecc650,"{""distance"":5,""physical_error_rate"":0.001}","{""detection_events"":10965,""detectors_checked"":3481600}"
     38912,         0,         0,    11.6,decoder_by_matrix,e41ade2e4684e0396b9a3890c882b6453b515d69885aa1d89a26ce21ec554895,"{""distance"":5,""physical_error_rate"":1e-06}","{""detection_events"":10,""detectors_checked"":6615040}"
    176128,         3,         0,    17.0,decoder_by_matrix,066a5d8d46981b593c3dec855f441edbe9e755a8873183448f69d036a2ecc650,"{""distance"":5,""physical_error_rate"":0.001}","{""detection_events"":101310,""detectors_checked"":29941760,""obs_mistake_mask=EEE_"":1,""obs_mistake_mask=_E_E"":1,""obs_mistake_mask=__E_"":1}"
     46080,         0,         0,    11.8,decoder_by_matrix,066a5d8d46981b593c3dec855f441edbe9e755a8873183448f69d036a2ecc650,"{""distance"":5,""physical_error_rate"":0.001}","{""detection_events"":25930,""detectors_checked"":7833600}"
     43008,         0,         0,    11.8,decoder_by_matrix,0421d486f8a041838688df650e87c0a19c3450ab7a7cc8b3dc589ebff86d1c74,"{""distance"":5,""physical_error_rate"":0.0001}","{""detection_events"":2705,""detectors_checked"":7311360}"
    166912,        46,         0,    16.3,decoder_by_matrix,926aad2e192fb73fc0ac724cdb1e19af2dfa1e49635753b9cefb82507b443f08,"{""distance"":5,""physical_error_rate"":0.005}","{""detection_events"":465715,""detectors_checked"":28375040,""obs_mistake_mask=EEE_"":1,""obs_mistake_mask=EE_E"":1,""obs_mistake_mask=EE__"":2,""obs_mistake_mask=E_EE"":2,""obs_mistake_mask=E_E_"":7,""obs_mistake_mask=E__E"":4,""obs_mistake_mask=E___"":9,""obs_mistake_mask=_EE_"":2,""obs_mistake_mask=_E_E"":1,""obs_mistake_mask=_E__"":5,""obs_mistake_mask=__EE"":1,""obs_mistake_mask=__E_"":7,""obs_mistake_mask=___E"":4}"
    190464,         0,         0,    16.5,decoder_by_matrix,9c6baee88fc81e7d1aa345fcb3feec7ee81f21c5d49cb6ca037118097d89e180,"{""distance"":5,""physical_error_rate"":5e-05}","{""detection_events"":5590,""detectors_checked"":32378880}"
     39936,         0,         0,    12.0,decoder_by_matrix,e41ade2e4684e0396b9a3890c882b6453b515d69885aa1d89a26ce21ec554895,"{""distance"":5,""physical_error_rate"":1e-06}","{""detection_events"":65,""detectors_checked"":6789120}"
     35840,         0,         0,    11.7,decoder_by_matrix,9c6baee88fc81e7d1aa345fcb3feec7ee81f21c5d49cb6ca037118097d89e180,"{""distance"":5,""physical_error_rate"":5e-05}","{""detection_events"":865,""detectors_checked"":6092800}"
     34816,         0,         0,    11.8,decoder_by_matrix,fa5edda0c1038186c8afbec49b0215a0b852396cdb50783a3f937fdf51d2afac,"{""distance"":5,""physical_error_rate"":1e-05}","{""detection_events"":205,""detectors_checked"":5918720}"
    124928,         0,         0,    16.9,decoder_by_matrix,0421d486f8a041838688df650e87c0a19c3450ab7a7cc8b3dc589ebff86d1c74,"{""distance"":5,""physical_error_rate"":0.0001}","{""detection_events"":7430,""detectors_checked"":21237760}"
     47104,         8,         0,    16.7,decoder_by_matrix,926aad2e192fb73fc0ac724cdb1e19af2dfa1e49635753b9cefb82507b443f08,"{""distance"":5,""physical_error_rate"":0.005}","{""detection_events"":132110,""detectors_checked"":8007680,""obs_mistake_mask=EE__"":1,""obs_mistake_mask=E_EE"":1,""obs_mistake_mask=E___"":2,""obs_mistake_mask=_EEE"":1,""obs_mistake_mask=_E__"":1,""obs_mistake_mask=___E"":2}"
     32768,         0,         0,    11.9,decoder_by_matrix,3c866087b289edc25e9adea730044a15db18cabfd3ae2507fc844d5b4e03657a,"{""distance"":5,""physical_error_rate"":5e-06}","{""detection_events"":60,""detectors_checked"":5570560}"
    108544,         0,         0,    16.5,decoder_by_matrix,066a5d8d46981b593c3dec855f441edbe9e755a8873183448f69d036a2ecc650,"{""distance"":5,""physical_error_rate"":0.001}","{""detection_events"":62890,""detectors_checked"":18452480}"
    304128,         0,         0,    11.7,decoder_by_matrix,e41ade2e4684e0396b9a3890c882b6453b515d69885aa1d89a26ce21ec554895,"{""distance"":5,""physical_error_rate"":1e-06}","{""detection_events"":175,""detectors_checked"":51701760}"
    318464,         0,         0,    11.7,decoder_by_matrix,3c866087b289edc25e9adea730044a15db18cabfd3ae2507fc844d5b4e03657a,"{""distance"":5,""physical_error_rate"":5e-06}","{""detection_events"":1060,""detectors_checked"":54138880}"
     47104,         0,         0,    11.8,decoder_by_matrix,0421d486f8a041838688df650e87c0a19c3450ab7a7cc8b3dc589ebff86d1c74,"{""distance"":5,""physical_error_rate"":0.0001}","{""detection_events"":2935,""detectors_checked"":8007680}"
     32768,         0,         0,    12.2,decoder_by_matrix,b84cf4b8ca220d31f17e1e2ea9ab927bbc4176b15682c650e7d1dd8f2758172b,"{""distance"":5,""physical_error_rate"":0.0005}","{""detection_events"":8380,""detectors_checked"":5570560}"
     41984,         0,         0,    16.6,decoder_by_matrix,fa5edda0c1038186c8afbec49b0215a0b852396cdb50783a3f937fdf51d2afac,"{""distance"":5,""physical_error_rate"":1e-05}","{""detection_events"":200,""detectors_checked"":7137280}"
     39936,        11,         0,    16.7,decoder_by_matrix,926aad2e192fb73fc0ac724cdb1e19af2dfa1e49635753b9cefb82507b443f08,"{""distance"":5,""physical_error_rate"":0.005}","{""detection_events"":111365,""detectors_checked"":6789120,""obs_mistake_mask=E_EE"":1,""obs_mistake_mask=E_E_"":1,""obs_mistake_mask=E___"":5,""obs_mistake_mask=_E__"":1,""obs_mistake_mask=__EE"":2,""obs_mistake_mask=__E_"":1}"
     26624,         0,         0,    11.7,decoder_by_matrix,3c866087b289edc25e9adea730044a15db18cabfd3ae2507fc844d5b4e03657a,"{""distance"":5,""physical_error_rate"":5e-06}","{""detection_events"":50,""detectors_checked"":4526080}"
     34816,         0,         0,    11.8,decoder_by_matrix,fa5edda0c1038186c8afbec49b0215a0b852396cdb50783a3f937fdf51d2afac,"{""distance"":5,""physical_error_rate"":1e-05}","{""detection_events"":205,""detectors_checked"":5918720}"
     30720,         0,         0,    11.7,decoder_by_matrix,b84cf4b8ca220d31f17e1e2ea9ab927bbc4176b15682c650e7d1dd8f2758172b,"{""distance"":5,""physical_error_rate"":0.0005}","{""detection_events"":8460,""detectors_checked"":5222400}"
     27648,         0,         0,    11.7,decoder_by_matrix,9c6baee88fc81e7d1aa345fcb3feec7ee81f21c5d49cb6ca037118097d89e180,"{""distance"":5,""physical_error_rate"":5e-05}","{""detection_events"":545,""detectors_checked"":4700160}"
     27648,         0,         0,    11.9,decoder_by_matrix,066a5d8d46981b593c3dec855f441edbe9e755a8873183448f69d036a2ecc650,"{""distance"":5,""physical_error_rate"":0.001}","{""detection_events"":14490,""detectors_checked"":4700160}"
    130048,         0,         0,    23.1,decoder_by_matrix,b84cf4b8ca220d31f17e1e2ea9ab927bbc4176b15682c650e7d1dd8f2758172b,"{""distance"":5,""physical_error_rate"":0.0005}","{""detection_events"":37335,""detectors_checked"":22108160}"
    100352,        26,         0,    23.0,decoder_by_matrix,926aad2e192fb73fc0ac724cdb1e19af2dfa1e49635753b9cefb82507b443f08,"{""distance"":5,""physical_error_rate"":0.005}","{""detection_events"":279305,""detectors_checked"":17059840,""obs_mistake_mask=EE__"":3,""obs_mistake_mask=E_E_"":5,""obs_mistake_mask=E__E"":3,""obs_mistake_mask=E___"":1,""obs_mistake_mask=_EEE"":2,""obs_mistake_mask=_E_E"":1,""obs_mistake_mask=_E__"":6,""obs_mistake_mask=__EE"":1,""obs_mistake_mask=__E_"":4}"
     48128,         0,         0,    16.6,decoder_by_matrix,e41ade2e4684e0396b9a3890c882b6453b515d69885aa1d89a26ce21ec554895,"{""distance"":5,""physical_error_rate"":1e-06}","{""detection_events"":35,""detectors_checked"":8181760}"
     51200,         0,         0,    16.7,decoder_by_matrix,066a5d8d46981b593c3dec855f441edbe9e755a8873183448f69d036a2ecc650,"{""distance"":5,""physical_error_rate"":0.001}","{""detection_events"":29560,""detectors_checked"":8704000}"
     49152,         0,         0,    16.7,decoder_by_matrix,0421d486f8a041838688df650e87c0a19c3450ab7a7cc8b3dc589ebff86d1c74,"{""distance"":5,""physical_error_rate"":0.0001}","{""detection_events"":2570,""detectors_checked"":8355840}"
     46080,         0,         0,    16.8,decoder_by_matrix,e41ade2e4684e0396b9a3890c882b6453b515d69885aa1d89a26ce21ec554895,"{""distance"":5,""physical_error_rate"":1e-06}","{""detection_events"":35,""detectors_checked"":7833600}"
     45056,         0,         0,    16.4,decoder_by_matrix,9c6baee88fc81e7d1aa345fcb3feec7ee81f21c5d49cb6ca037118097d89e180,"{""distance"":5,""physical_error_rate"":5e-05}","{""detection_events"":1430,""detectors_checked"":7659520}"
     81920,         1,         0,    23.1,decoder_by_matrix,066a5d8d46981b593c3dec855f441edbe9e755a8873183448f69d036a2ecc650,"{""distance"":5,""physical_error_rate"":0.001}","{""detection_events"":47315,""detectors_checked"":13926400,""obs_mistake_mask=E___"":1}"
     44032,         0,         0,    16.3,decoder_by_matrix,fa5edda0c1038186c8afbec49b0215a0b852396cdb50783a3f937fdf51d2afac,"{""distance"":5,""physical_error_rate"":1e-05}","{""detection_events"":280,""detectors_checked"":7485440}"
     43008,         0,         0,    16.6,decoder_by_matrix,3c866087b289edc25e9adea730044a15db18cabfd3ae2507fc844d5b4e03657a,"{""distance"":5,""physical_error_rate"":5e-06}","{""detection_events"":90,""detectors_checked"":7311360}"
    425984,         0,         0,    16.4,decoder_by_matrix,e41ade2e4684e0396b9a3890c882b6453b515d69885aa1d89a26ce21ec554895,"{""distance"":5,""physical_error_rate"":1e-06}","{""detection_events"":355,""detectors_checked"":72417280}"
    452608,         0,         0,    16.4,decoder_by_matrix,3c866087b289edc25e9adea730044a15db18cabfd3ae2507fc844d5b4e03657a,"{""distance"":5,""physical_error_rate"":5e-06}","{""detection_events"":1295,""detectors_checked"":76943360}"
     82944,        22,         0,    23.6,decoder_by_matrix,926aad2e192fb73fc0ac724cdb1e19af2dfa1e49635753b9cefb82507b443f08,"{""distance"":5,""physical_error_rate"":0.005}","{""detection_events"":225505,""detectors_checked"":14100480,""obs_mistake_mask=EEE_"":1,""obs_mistake_mask=EE__"":2,""obs_mistake_mask=E_E_"":1,""obs_mistake_mask=E__E"":2,""obs_mistake_mask=E___"":5,""obs_mistake_mask=_EE_"":3,""obs_mistake_mask=_E__"":4,""obs_mistake_mask=__EE"":3,""obs_mistake_mask=__E_"":1}"
     48128,         0,         0,    16.5,decoder_by_matrix,0421d486f8a041838688df650e87c0a19c3450ab7a7cc8b3dc589ebff86d1c74,"{""distance"":5,""physical_error_rate"":0.0001}","{""detection_events"":2830,""detectors_checked"":8181760}"
     46080,         0,         0,    16.3,decoder_by_matrix,b84cf4b8ca220d31f17e1e2ea9ab927bbc4176b15682c650e7d1dd8f2758172b,"{""distance"":5,""physical_error_rate"":0.0005}","{""detection_events"":13595,""detectors_checked"":7833600}"
     49152,         0,         0,    16.4,decoder_by_matrix,fa5edda0c1038186c8afbec49b0215a0b852396cdb50783a3f937fdf51d2afac,"{""distance"":5,""physical_error_rate"":1e-05}","{""detection_events"":140,""detectors_checked"":8355840}"
     40960,         0,         0,    16.4,decoder_by_matrix,b84cf4b8ca220d31f17e1e2ea9ab927bbc4176b15682c650e7d1dd8f2758172b,"{""distance"":5,""physical_error_rate"":0.0005}","{""detection_events"":12770,""detectors_checked"":6963200}"
     35840,         0,         0,    16.6,decoder_by_matrix,3c866087b289edc25e9adea730044a15db18cabfd3ae2507fc844d5b4e03657a,"{""distance"":5,""physical_error_rate"":5e-06}","{""detection_events"":115,""detectors_checked"":6092800}"
     51200,         0,         0,    22.7,decoder_by_matrix,9c6baee88fc81e7d1aa345fcb3feec7ee81f21c5d49cb6ca037118097d89e180,"{""distance"":5,""physical_error_rate"":5e-05}","{""detection_events"":1760,""detectors_checked"":8704000}"
     41984,         0,         0,    16.4,decoder_by_matrix,9c6baee88fc81e7d1aa345fcb3feec7ee81f21c5d49cb6ca037118097d89e180,"{""distance"":5,""physical_error_rate"":5e-05}","{""detection_events"":1180,""detectors_checked"":7137280}"
     43008,         0,         0,    16.5,decoder_by_matrix,066a5d8d46981b593c3dec855f441edbe9e755a8873183448f69d036a2ecc650,"{""distance"":5,""physical_error_rate"":0.001}","{""detection_events"":23855,""detectors_checked"":7311360}"
     70656,         0,         0,    22.9,decoder_by_matrix,0421d486f8a041838688df650e87c0a19c3450ab7a7cc8b3dc589ebff86d1c74,"{""distance"":5,""physical_error_rate"":0.0001}","{""detection_events"":3800,""detectors_checked"":12011520}"
     58368,        13,         0,    23.3,decoder_by_matrix,926aad2e192fb73fc0ac724cdb1e19af2dfa1e49635753b9cefb82507b443f08,"{""distance"":5,""physical_error_rate"":0.005}","{""detection_events"":162460,""detectors_checked"":9922560,""obs_mistake_mask=EEE_"":1,""obs_mistake_mask=EE_E"":1,""obs_mistake_mask=EE__"":1,""obs_mistake_mask=E_EE"":1,""obs_mistake_mask=E_E_"":1,""obs_mistake_mask=E__E"":1,""obs_mistake_mask=E___"":2,""obs_mistake_mask=_E__"":3,""obs_mistake_mask=___E"":2}"
     44032,         0,         0,    23.5,decoder_by_matrix,066a5d8d46981b593c3dec855f441edbe9e755a8873183448f69d036a2ecc650,"{""distance"":5,""physical_error_rate"":0.001}","{""detection_events"":25540,""detectors_checked"":7485440}"
     62464,         0,         0,    23.0,decoder_by_matrix,fa5edda0c1038186c8afbec49b0215a0b852396cdb50783a3f937fdf51d2afac,"{""distance"":5,""physical_error_rate"":1e-05}","{""detection_events"":305,""detectors_checked"":10618880}"
     53248,        13,         0,    22.9,decoder_by_matrix,926aad2e192fb73fc0ac724cdb1e19af2dfa1e49635753b9cefb82507b443f08,"{""distance"":5,""physical_error_rate"":0.005}","{""detection_events"":144635,""detectors_checked"":9052160,""obs_mistake_mask=EE_E"":1,""obs_mistake_mask=EE__"":1,""obs_mistake_mask=E_E_"":1,""obs_mistake_mask=E__E"":1,""obs_mistake_mask=E___"":1,""obs_mistake_mask=_E__"":3,""obs_mistake_mask=__EE"":1,""obs_mistake_mask=__E_"":2,""obs_mistake_mask=___E"":2}"
     60416,         0,         0,    23.1,decoder_by_matrix,e41ade2e4684e0396b9a3890c882b6453b515d69885aa1d89a26ce21ec554895,"{""distance"":5,""physical_error_rate"":1e-06}","{""detection_events"":40,""detectors_checked"":10270720}"
     64512,         0,         0,    22.9,decoder_by_matrix,066a5d8d46981b593c3dec855f441edbe9e755a8873183448f69d036a2ecc650,"{""distance"":5,""physical_error_rate"":0.001}","{""detection_events"":37190,""detectors_checked"":10967040}"
     63488,         0,         0,    23.1,decoder_by_matrix,0421d486f8a041838688df650e87c0a19c3450ab7a7cc8b3dc589ebff86d1c74,"{""distance"":5,""physical_error_rate"":0.0001}","{""detection_events"":3190,""detectors_checked"":10792960}"
     60416,         0,         0,    22.9,decoder_by_matrix,e41ade2e4684e0396b9a3890c882b6453b515d69885aa1d89a26ce21ec554895,"{""distance"":5,""physical_error_rate"":1e-06}","{""detection_events"":15,""detectors_checked"":10270720}"
     59392,         0,         0,    23.0,decoder_by_matrix,9c6baee88fc81e7d1aa345fcb3feec7ee81f21c5d49cb6ca037118097d89e180,"{""distance"":5,""physical_error_rate"":5e-05}","{""detection_events"":1830,""detectors_checked"":10096640}"
     33280,        10,         0,    32.0,decoder_by_matrix,926aad2e192fb73fc0ac724cdb1e19af2dfa1e49635753b9cefb82507b443f08,"{""distance"":5,""physical_error_rate"":0.005}","{""detection_events"":93360,""detectors_checked"":5657600,""obs_mistake_mask=E_E_"":2,""obs_mistake_mask=E___"":2,""obs_mistake_mask=_EEE"":2,""obs_mistake_mask=_E__"":1,""obs_mistake_mask=__EE"":1,""obs_mistake_mask=__E_"":1,""obs_mistake_mask=___E"":1}"
     38912,         0,         0,    32.7,decoder_by_matrix,b84cf4b8ca220d31f17e1e2ea9ab927bbc4176b15682c650e7d1dd8f2758172b,"{""distance"":5,""physical_error_rate"":0.0005}","{""detection_events"":10435,""detectors_checked"":6615040}"
     59392,         0,         0,    23.2,decoder_by_matrix,fa5edda0c1038186c8afbec49b0215a0b852396cdb50783a3f937fdf51d2afac,"{""distance"":5,""physical_error_rate"":1e-05}","{""detection_events"":135,""detectors_checked"":10096640}"
    611328,         0,         0,    22.9,decoder_by_matrix,e41ade2e4684e0396b9a3890c882b6453b515d69885aa1d89a26ce21ec554895,"{""distance"":5,""physical_error_rate"":1e-06}","{""detection_events"":285,""detectors_checked"":103925760}"
     56320,         0,         0,    23.0,decoder_by_matrix,3c866087b289edc25e9adea730044a15db18cabfd3ae2507fc844d5b4e03657a,"{""distance"":5,""physical_error_rate"":5e-06}","{""detection_events"":195,""detectors_checked"":9574400}"
    637952,         0,         0,    22.9,decoder_by_matrix,3c866087b289edc25e9adea730044a15db18cabfd3ae2507fc844d5b4e03657a,"{""distance"":5,""physical_error_rate"":5e-06}","{""detection_events"":1785,""detectors_checked"":108451840}"
     28672,         0,         0,    23.0,decoder_by_matrix,0421d486f8a041838688df650e87c0a19c3450ab7a7cc8b3dc589ebff86d1c74,"{""distance"":5,""physical_error_rate"":0.0001}","{""detection_events"":2050,""detectors_checked"":4874240}"
     61440,         0,         0,    23.3,decoder_by_matrix,b84cf4b8ca220d31f17e1e2ea9ab927bbc4176b15682c650e7d1dd8f2758172b,"{""distance"":5,""physical_error_rate"":0.0005}","{""detection_events"":17695,""detectors_checked"":10444800}"
     66560,         0,         0,    23.0,decoder_by_matrix,fa5edda0c1038186c8afbec49b0215a0b852396cdb50783a3f937fdf51d2afac,"{""distance"":5,""physical_error_rate"":1e-05}","{""detection_events"":315,""detectors_checked"":11315200}"
     56320,         0,         0,    22.9,decoder_by_matrix,b84cf4b8ca220d31f17e1e2ea9ab927bbc4176b15682c650e7d1dd8f2758172b,"{""distance"":5,""physical_error_rate"":0.0005}","{""detection_events"":16345,""detectors_checked"":9574400}"
     49152,         0,         0,    23.0,decoder_by_matrix,3c866087b289edc25e9adea730044a15db18cabfd3ae2507fc844d5b4e03657a,"{""distance"":5,""physical_error_rate"":5e-06}","{""detection_events"":150,""detectors_checked"":8355840}"
     57344,         0,         0,    22.8,decoder_by_matrix,9c6baee88fc81e7d1aa345fcb3feec7ee81f21c5d49cb6ca037118097d89e180,"{""distance"":5,""physical_error_rate"":5e-05}","{""detection_events"":1240,""detectors_checked"":9748480}"
   1582080,         0,         0,    62.8,decoder_by_matrix,9c6baee88fc81e7d1aa345fcb3feec7ee81f21c5d49cb6ca037118097d89e180,"{""distance"":5,""physical_error_rate"":5e-05}","{""detection_events"":45835,""detectors_checked"":268953600}"
     58368,         0,         0,    23.0,decoder_by_matrix,066a5d8d46981b593c3dec855f441edbe9e755a8873183448f69d036a2ecc650,"{""distance"":5,""physical_error_rate"":0.001}","{""detection_events"":32755,""detectors_checked"":9922560}"
   1627136,         1,         0,    62.8,decoder_by_matrix,066a5d8d46981b593c3dec855f441edbe9e755a8873183448f69d036a2ecc650,"{""distance"":5,""physical_error_rate"":0.001}","{""detection_events"":927145,""detectors_checked"":276613120,""obs_mistake_mask=_E__"":1}"
   1679360,         0,         0,    62.8,decoder_by_matrix,3c866087b289edc25e9adea730044a15db18cabfd3ae2507fc844d5b4e03657a,"{""distance"":5,""physical_error_rate"":5e-06}","{""detection_events"":4820,""detectors_checked"":285491200}"
   1554432,         0,         0,    62.8,decoder_by_matrix,b84cf4b8ca220d31f17e1e2ea9ab927bbc4176b15682c650e7d1dd8f2758172b,"{""distance"":5,""physical_error_rate"":0.0005}","{""detection_events"":438390,""detectors_checked"":264253440}"
   1576960,         3,         0,    62.8,decoder_by_matrix,066a5d8d46981b593c3dec855f441edbe9e755a8873183448f69d036a2ecc650,"{""distance"":5,""physical_error_rate"":0.001}","{""detection_events"":895015,""detectors_checked"":268083200,""obs_mistake_mask=E___"":2,""obs_mistake_mask=_E__"":1}"
   1593344,       372,         0,    62.8,decoder_by_matrix,926aad2e192fb73fc0ac724cdb1e19af2dfa1e49635753b9cefb82507b443f08,"{""distance"":5,""physical_error_rate"":0.005}","{""detection_events"":4440940,""detectors_checked"":270868480,""obs_mistake_mask=EEE_"":11,""obs_mistake_mask=EE_E"":9,""obs_mistake_mask=EE__"":26,""obs_mistake_mask=E_EE"":8,""obs_mistake_mask=E_E_"":21,""obs_mistake_mask=E__E"":23,""obs_mistake_mask=E___"":55,""obs_mistake_mask=_EEE"":23,""obs_mistake_mask=_EE_"":27,""obs_mistake_mask=_E_E"":15,""obs_mistake_mask=_E__"":38,""obs_mistake_mask=__EE"":26,""obs_mistake_mask=__E_"":39,""obs_mistake_mask=___E"":51}"
   1513472,         0,         0,    62.8,decoder_by_matrix,0421d486f8a041838688df650e87c0a19c3450ab7a7cc8b3dc589ebff86d1c74,"{""distance"":5,""physical_error_rate"":0.0001}","{""detection_events"":85380,""detectors_checked"":257290240}"
   1611776,         0,         0,    62.8,decoder_by_matrix,b84cf4b8ca220d31f17e1e2ea9ab927bbc4176b15682c650e7d1dd8f2758172b,"{""distance"":5,""physical_error_rate"":0.0005}","{""detection_events"":459475,""detectors_checked"":274001920}"
   1618944,         0,         0,    62.8,decoder_by_matrix,e41ade2e4684e0396b9a3890c882b6453b515d69885aa1d89a26ce21ec554895,"{""distance"":5,""physical_error_rate"":1e-06}","{""detection_events"":1025,""detectors_checked"":275220480}"
   1614848,         0,         0,    62.8,decoder_by_matrix,fa5edda0c1038186c8afbec49b0215a0b852396cdb50783a3f937fdf51d2afac,"{""distance"":5,""physical_error_rate"":1e-05}","{""detection_events"":9790,""detectors_checked"":274524160}"
   1676288,         0,         0,    62.8,decoder_by_matrix,9c6baee88fc81e7d1aa345fcb3feec7ee81f21c5d49cb6ca037118097d89e180,"{""distance"":5,""physical_error_rate"":5e-05}","{""detection_events"":46940,""detectors_checked"":284968960}"
   1511424,       354,         0,    62.8,decoder_by_matrix,926aad2e192fb73fc0ac724cdb1e19af2dfa1e49635753b9cefb82507b443f08,"{""distance"":5,""physical_error_rate"":0.005}","{""detection_events"":4204795,""detectors_checked"":256942080,""obs_mistake_mask=EEE_"":9,""obs_mistake_mask=EE_E"":12,""obs_mistake_mask=EE__"":29,""obs_mistake_mask=E_EE"":4,""obs_mistake_mask=E_E_"":24,""obs_mistake_mask=E__E"":27,""obs_mistake_mask=E___"":65,""obs_mistake_mask=_EEE"":21,""obs_mistake_mask=_EE_"":24,""obs_mistake_mask=_E_E"":17,""obs_mistake_mask=_E__"":34,""obs_mistake_mask=__EE"":20,""obs_mistake_mask=__E_"":32,""obs_mistake_mask=___E"":36}"
   1579008,         0,         0,    62.8,decoder_by_matrix,0421d486f8a041838688df650e87c0a19c3450ab7a7cc8b3dc589ebff86d1c74,"{""distance"":5,""physical_error_rate"":0.0001}","{""detection_events"":88685,""detectors_checked"":268431360}"
   1582080,         0,         0,    62.8,decoder_by_matrix,fa5edda0c1038186c8afbec49b0215a0b852396cdb50783a3f937fdf51d2afac,"{""distance"":5,""physical_error_rate"":1e-05}","{""detection_events"":8260,""detectors_checked"":268953600}"
   1526784,         0,         0,    62.8,decoder_by_matrix,b84cf4b8ca220d31f17e1e2ea9ab927bbc4176b15682c650e7d1dd8f2758172b,"{""distance"":5,""physical_error_rate"":0.0005}","{""detection_events"":437465,""detectors_checked"":259553280}"
   1614848,         0,         0,    62.8,decoder_by_matrix,3c866087b289edc25e9adea730044a15db18cabfd3ae2507fc844d5b4e03657a,"{""distance"":5,""physical_error_rate"":5e-06}","{""detection_events"":3945,""detectors_checked"":274524160}"
   1595392,         0,         0,    62.7,decoder_by_matrix,e41ade2e4684e0396b9a3890c882b6453b515d69885aa1d89a26ce21ec554895,"{""distance"":5,""physical_error_rate"":1e-06}","{""detection_events"":805,""detectors_checked"":271216640}"
   1627136,         0,         0,    62.8,decoder_by_matrix,3c866087b289edc25e9adea730044a15db18cabfd3ae2507fc844d5b4e03657a,"{""distance"":5,""physical_error_rate"":5e-06}","{""detection_events"":4805,""detectors_checked"":276613120}"
   1611776,         0,         0,    62.8,decoder_by_matrix,e41ade2e4684e0396b9a3890c882b6453b515d69885aa1d89a26ce21ec554895,"{""distance"":5,""physical_error_rate"":1e-06}","{""detection_events"":765,""detectors_checked"":274001920}"
   1732608,         0,         0,    62.8,decoder_by_matrix,fa5edda0c1038186c8afbec49b0215a0b852396cdb50783a3f937fdf51d2afac,"{""distance"":5,""physical_error_rate"":1e-05}","{""detection_events"":9415,""detectors_checked"":294543360}"
   1603584,         0,         0,    62.8,decoder_by_matrix,9c6baee88fc81e7d1aa345fcb3feec7ee81f21c5d49cb6ca037118097d89e180,"{""distance"":5,""physical_error_rate"":5e-05}","{""detection_events"":44400,""detectors_checked"":272609280}"
   1540096,         0,         0,    62.8,decoder_by_matrix,0421d486f8a041838688df650e87c0a19c3450ab7a7cc8b3dc589ebff86d1c74,"{""distance"":5,""physical_error_rate"":0.0001}","{""detection_events"":84405,""detectors_checked"":261816320}"
     48128,         0,         0,    32.7,decoder_by_matrix,066a5d8d46981b593c3dec855f441edbe9e755a8873183448f69d036a2ecc650,"{""distance"":5,""physical_error_rate"":0.001}","{""detection_events"":28020,""detectors_checked"":8181760}"
     91136,        16,         0,    32.1,decoder_by_matrix,926aad2e192fb73fc0ac724cdb1e19af2dfa1e49635753b9cefb82507b443f08,"{""distance"":5,""physical_error_rate"":0.005}","{""detection_events"":251220,""detectors_checked"":15493120,""obs_mistake_mask=EE__"":3,""obs_mistake_mask=E_E_"":1,""obs_mistake_mask=E___"":2,""obs_mistake_mask=_EEE"":1,""obs_mistake_mask=_EE_"":1,""obs_mistake_mask=_E_E"":2,""obs_mistake_mask=_E__"":1,""obs_mistake_mask=__EE"":2,""obs_mistake_mask=__E_"":1,""obs_mistake_mask=___E"":2}"
    103936,         0,         0,    32.7,decoder_by_matrix,9c6baee88fc81e7d1aa345fcb3feec7ee81f21c5d49cb6ca037118097d89e180,"{""distance"":5,""physical_error_rate"":5e-05}","{""detection_events"":2455,""detectors_checked"":17669120}"
     96256,         0,         0,    32.5,decoder_by_matrix,0421d486f8a041838688df650e87c0a19c3450ab7a7cc8b3dc589ebff86d1c74,"{""distance"":5,""physical_error_rate"":0.0001}","{""detection_events"":5080,""detectors_checked"":16363520}"
     84992,        13,         0,    32.4,decoder_by_matrix,926aad2e192fb73fc0ac724cdb1e19af2dfa1e49635753b9cefb82507b443f08,"{""distance"":5,""physical_error_rate"":0.005}","{""detection_events"":233845,""detectors_checked"":14448640,""obs_mistake_mask=EE__"":1,""obs_mistake_mask=E_E_"":3,""obs_mistake_mask=E__E"":1,""obs_mistake_mask=E___"":2,""obs_mistake_mask=_E__"":3,""obs_mistake_mask=__E_"":1,""obs_mistake_mask=___E"":2}"
     91136,         0,         0,    31.9,decoder_by_matrix,fa5edda0c1038186c8afbec49b0215a0b852396cdb50783a3f937fdf51d2afac,"{""distance"":5,""physical_error_rate"":1e-05}","{""detection_events"":555,""detectors_checked"":15493120}"
    146432,         1,         0,    32.8,decoder_by_matrix,066a5d8d46981b593c3dec855f441edbe9e755a8873183448f69d036a2ecc650,"{""distance"":5,""physical_error_rate"":0.001}","{""detection_events"":84445,""detectors_checked"":24893440,""obs_mistake_mask=_EEE"":1}"
     78848,        16,         0,    32.3,decoder_by_matrix,926aad2e192fb73fc0ac724cdb1e19af2dfa1e49635753b9cefb82507b443f08,"{""distance"":5,""physical_error_rate"":0.005}","{""detection_events"":217655,""detectors_checked"":13404160,""obs_mistake_mask=EEE_"":1,""obs_mistake_mask=E_E_"":4,""obs_mistake_mask=E__E"":1,""obs_mistake_mask=E___"":1,""obs_mistake_mask=_EEE"":1,""obs_mistake_mask=_EE_"":1,""obs_mistake_mask=_E__"":3,""obs_mistake_mask=__EE"":3,""obs_mistake_mask=__E_"":1}"
     97280,         0,         0,    31.9,decoder_by_matrix,e41ade2e4684e0396b9a3890c882b6453b515d69885aa1d89a26ce21ec554895,"{""distance"":5,""physical_error_rate"":1e-06}","{""detection_events"":100,""detectors_checked"":16537600}"
    108544,         0,         0,    32.2,decoder_by_matrix,066a5d8d46981b593c3dec855f441edbe9e755a8873183448f69d036a2ecc650,"{""distance"":5,""physical_error_rate"":0.001}","{""detection_events"":60515,""detectors_checked"":18452480}"
    103424,         0,         0,    31.8,decoder_by_matrix,0421d486f8a041838688df650e87c0a19c3450ab7a7cc8b3dc589ebff86d1c74,"{""distance"":5,""physical_error_rate"":0.0001}","{""detection_events"":6405,""detectors_checked"":17582080}"
    100352,         0,         0,    32.0,decoder_by_matrix,e41ade2e4684e0396b9a3890c882b6453b515d69885aa1d89a26ce21ec554895,"{""distance"":5,""physical_error_rate"":1e-06}","{""detection_events"":95,""detectors_checked"":17059840}"
    104448,         0,         0,    31.7,decoder_by_matrix,9c6baee88fc81e7d1aa345fcb3feec7ee81f21c5d49cb6ca037118097d89e180,"{""distance"":5,""physical_error_rate"":5e-05}","{""detection_events"":3480,""detectors_checked"":17756160}"
    101376,         0,         0,    32.2,decoder_by_matrix,fa5edda0c1038186c8afbec49b0215a0b852396cdb50783a3f937fdf51d2afac,"{""distance"":5,""physical_error_rate"":1e-05}","{""detection_events"":675,""detectors_checked"":17233920}"
    858112,         0,         0,    32.0,decoder_by_matrix,e41ade2e4684e0396b9a3890c882b6453b515d69885aa1d89a26ce21ec554895,"{""distance"":5,""physical_error_rate"":1e-06}","{""detection_events"":405,""detectors_checked"":145879040}"
    863232,         0,         0,    32.0,decoder_by_matrix,3c866087b289edc25e9adea730044a15db18cabfd3ae2507fc844d5b4e03657a,"{""distance"":5,""physical_error_rate"":5e-06}","{""detection_events"":2230,""detectors_checked"":146749440}"
     99328,         0,         0,    32.1,decoder_by_matrix,3c866087b289edc25e9adea730044a15db18cabfd3ae2507fc844d5b4e03657a,"{""distance"":5,""physical_error_rate"":5e-06}","{""detection_events"":260,""detectors_checked"":16885760}"
    295936,         0,         0,    32.1,decoder_by_matrix,0421d486f8a041838688df650e87c0a19c3450ab7a7cc8b3dc589ebff86d1c74,"{""distance"":5,""physical_error_rate"":0.0001}","{""detection_events"":16245,""detectors_checked"":50309120}"
    115712,         0,         0,    31.9,decoder_by_matrix,fa5edda0c1038186c8afbec49b0215a0b852396cdb50783a3f937fdf51d2afac,"{""distance"":5,""physical_error_rate"":1e-05}","{""detection_events"":730,""detectors_checked"":19671040}"
    115712,         0,         0,    31.9,decoder_by_matrix,b84cf4b8ca220d31f17e1e2ea9ab927bbc4176b15682c650e7d1dd8f2758172b,"{""distance"":5,""physical_error_rate"":0.0005}","{""detection_events"":32205,""detectors_checked"":19671040}"
    108544,         0,         0,    32.1,decoder_by_matrix,b84cf4b8ca220d31f17e1e2ea9ab927bbc4176b15682c650e7d1dd8f2758172b,"{""distance"":5,""physical_error_rate"":0.0005}","{""detection_events"":31965,""detectors_checked"":18452480}"
    108544,         0,         0,    32.1,decoder_by_matrix,3c866087b289edc25e9adea730044a15db18cabfd3ae2507fc844d5b4e03657a,"{""distance"":5,""physical_error_rate"":5e-06}","{""detection_events"":225,""detectors_checked"":18452480}"
    103424,         0,         0,    32.1,decoder_by_matrix,9c6baee88fc81e7d1aa345fcb3feec7ee81f21c5d49cb6ca037118097d89e180,"{""distance"":5,""physical_error_rate"":5e-05}","{""detection_events"":3285,""detectors_checked"":17582080}"
    103424,         0,         0,    32.1,decoder_by_matrix,066a5d8d46981b593c3dec855f441edbe9e755a8873183448f69d036a2ecc650,"{""distance"":5,""physical_error_rate"":0.001}","{""detection_events"":58315,""detectors_checked"":17582080}"
    338176,        85,         0,    45.1,decoder_by_matrix,926aad2e192fb73fc0ac724cdb1e19af2dfa1e49635753b9cefb82507b443f08,"{""distance"":5,""physical_error_rate"":0.005}","{""detection_events"":941770,""detectors_checked"":57489920,""obs_mistake_mask=EEE_"":2,""obs_mistake_mask=EE_E"":3,""obs_mistake_mask=EE__"":4,""obs_mistake_mask=E_E_"":2,""obs_mistake_mask=E__E"":6,""obs_mistake_mask=E___"":19,""obs_mistake_mask=_EEE"":7,""obs_mistake_mask=_EE_"":2,""obs_mistake_mask=_E_E"":6,""obs_mistake_mask=_E__"":6,""obs_mistake_mask=__EE"":6,""obs_mistake_mask=__E_"":12,""obs_mistake_mask=___E"":10}"
    315392,         0,         0,    45.3,decoder_by_matrix,b84cf4b8ca220d31f17e1e2ea9ab927bbc4176b15682c650e7d1dd8f2758172b,"{""distance"":5,""physical_error_rate"":0.0005}","{""detection_events"":89865,""detectors_checked"":53616640}"
    325632,         0,         0,    45.0,decoder_by_matrix,066a5d8d46981b593c3dec855f441edbe9e755a8873183448f69d036a2ecc650,"{""distance"":5,""physical_error_rate"":0.001}","{""detection_events"":186635,""detectors_checked"":55357440}"
    332800,        81,         0,    44.9,decoder_by_matrix,926aad2e192fb73fc0ac724cdb1e19af2dfa1e49635753b9cefb82507b443f08,"{""distance"":5,""physical_error_rate"":0.005}","{""detection_events"":929570,""detectors_checked"":56576000,""obs_mistake_mask=EE_E"":3,""obs_mistake_mask=EE__"":4,""obs_mistake_mask=E_EE"":1,""obs_mistake_mask=E_E_"":5,""obs_mistake_mask=E__E"":7,""obs_mistake_mask=E___"":19,""obs_mistake_mask=_EEE"":6,""obs_mistake_mask=_EE_"":3,""obs_mistake_mask=_E_E"":4,""obs_mistake_mask=_E__"":7,""obs_mistake_mask=__EE"":5,""obs_mistake_mask=__E_"":9,""obs_mistake_mask=___E"":8}"
    342016,         0,         0,    44.9,decoder_by_matrix,9c6baee88fc81e7d1aa345fcb3feec7ee81f21c5d49cb6ca037118097d89e180,"{""distance"":5,""physical_error_rate"":5e-05}","{""detection_events"":10380,""detectors_checked"":58142720}"
    344064,         0,         0,    44.9,decoder_by_matrix,0421d486f8a041838688df650e87c0a19c3450ab7a7cc8b3dc589ebff86d1c74,"{""distance"":5,""physical_error_rate"":0.0001}","{""detection_events"":19335,""detectors_checked"":58490880}"
    139264,        43,         0,    44.8,decoder_by_matrix,926aad2e192fb73fc0ac724cdb1e19af2dfa1e49635753b9cefb82507b443f08,"{""distance"":5,""physical_error_rate"":0.005}","{""detection_events"":387770,""detectors_checked"":23674880,""obs_mistake_mask=EEE_"":2,""obs_mistake_mask=EE_E"":2,""obs_mistake_mask=EE__"":3,""obs_mistake_mask=E_EE"":2,""obs_mistake_mask=E_E_"":4,""obs_mistake_mask=E__E"":2,""obs_mistake_mask=E___"":7,""obs_mistake_mask=_EEE"":3,""obs_mistake_mask=_EE_"":2,""obs_mistake_mask=_E_E"":2,""obs_mistake_mask=_E__"":4,""obs_mistake_mask=__EE"":2,""obs_mistake_mask=__E_"":6,""obs_mistake_mask=___E"":2}"
    153600,         0,         0,    44.9,decoder_by_matrix,fa5edda0c1038186c8afbec49b0215a0b852396cdb50783a3f937fdf51d2afac,"{""distance"":5,""physical_error_rate"":1e-05}","{""detection_events"":910,""detectors_checked"":26112000}"
    418816,         1,         0,    44.8,decoder_by_matrix,066a5d8d46981b593c3dec855f441edbe9e755a8873183448f69d036a2ecc650,"{""distance"":5,""physical_error_rate"":0.001}","{""detection_events"":234645,""detectors_checked"":71198720,""obs_mistake_mask=___E"":1}"
    131072,        26,         0,    44.9,decoder_by_matrix,926aad2e192fb73fc0ac724cdb1e19af2dfa1e49635753b9cefb82507b443f08,"{""distance"":5,""physical_error_rate"":0.005}","{""detection_events"":361690,""detectors_checked"":22282240,""obs_mistake_mask=EE__"":3,""obs_mistake_mask=E_EE"":3,""obs_mistake_mask=E_E_"":1,""obs_mistake_mask=E__E"":1,""obs_mistake_mask=E___"":4,""obs_mistake_mask=_EEE"":1,""obs_mistake_mask=_EE_"":1,""obs_mistake_mask=_E_E"":1,""obs_mistake_mask=_E__"":4,""obs_mistake_mask=__EE"":1,""obs_mistake_mask=__E_"":4,""obs_mistake_mask=___E"":2}"
    158720,         0,         0,    44.8,decoder_by_matrix,e41ade2e4684e0396b9a3890c882b6453b515d69885aa1d89a26ce21ec554895,"{""distance"":5,""physical_error_rate"":1e-06}","{""detection_events"":35,""detectors_checked"":26982400}"
    171008,         0,         0,    44.6,decoder_by_matrix,066a5d8d46981b593c3dec855f441edbe9e755a8873183448f69d036a2ecc650,"{""distance"":5,""physical_error_rate"":0.001}","{""detection_events"":95585,""detectors_checked"":29071360}"
    163840,         0,         0,    44.6,decoder_by_matrix,0421d486f8a041838688df650e87c0a19c3450ab7a7cc8b3dc589ebff86d1c74,"{""distance"":5,""physical_error_rate"":0.0001}","{""detection_events"":9865,""detectors_checked"":27852800}"
    159744,         0,         0,    44.6,decoder_by_matrix,e41ade2e4684e0396b9a3890c882b6453b515d69885aa1d89a26ce21ec554895,"{""distance"":5,""physical_error_rate"":1e-06}","{""detection_events"":100,""detectors_checked"":27156480}"
    159744,         0,         0,    44.7,decoder_by_matrix,9c6baee88fc81e7d1aa345fcb3feec7ee81f21c5d49cb6ca037118097d89e180,"{""distance"":5,""physical_error_rate"":5e-05}","{""detection_events"":4355,""detectors_checked"":27156480}"
    157696,         0,         0,    45.0,decoder_by_matrix,fa5edda0c1038186c8afbec49b0215a0b852396cdb50783a3f937fdf51d2afac,"{""distance"":5,""physical_error_rate"":1e-05}","{""detection_events"":640,""detectors_checked"":26808320}"
   1119232,         0,         0,    44.8,decoder_by_matrix,e41ade2e4684e0396b9a3890c882b6453b515d69885aa1d89a26ce21ec554895,"{""distance"":5,""physical_error_rate"":1e-06}","{""detection_events"":665,""detectors_checked"":190269440}"
   1091584,         0,         0,    44.9,decoder_by_matrix,3c866087b289edc25e9adea730044a15db18cabfd3ae2507fc844d5b4e03657a,"{""distance"":5,""physical_error_rate"":5e-06}","{""detection_events"":2875,""detectors_checked"":185569280}"
    169984,         0,         0,    44.9,decoder_by_matrix,3c866087b289edc25e9adea730044a15db18cabfd3ae2507fc844d5b4e03657a,"{""distance"":5,""physical_error_rate"":5e-06}","{""detection_events"":400,""detectors_checked"":28897280}"
    463872,         0,         0,    44.9,decoder_by_matrix,0421d486f8a041838688df650e87c0a19c3450ab7a7cc8b3dc589ebff86d1c74,"{""distance"":5,""physical_error_rate"":0.0001}","{""detection_events"":27025,""detectors_checked"":78858240}"
    222208,         0,         0,    44.7,decoder_by_matrix,b84cf4b8ca220d31f17e1e2ea9ab927bbc4176b15682c650e7d1dd8f2758172b,"{""distance"":5,""physical_error_rate"":0.0005}","{""detection_events"":62340,""detectors_checked"":37775360}"
    233472,         0,         0,    44.6,decoder_by_matrix,b84cf4b8ca220d31f17e1e2ea9ab927bbc4176b15682c650e7d1dd8f2758172b,"{""distance"":5,""physical_error_rate"":0.0005}","{""detection_events"":64805,""detectors_checked"":39690240}"
    179200,         0,         0,    44.9,decoder_by_matrix,fa5edda0c1038186c8afbec49b0215a0b852396cdb50783a3f937fdf51d2afac,"{""distance"":5,""physical_error_rate"":1e-05}","{""detection_events"":1195,""detectors_checked"":30464000}"
    172032,         0,         0,    44.8,decoder_by_matrix,3c866087b289edc25e9adea730044a15db18cabfd3ae2507fc844d5b4e03657a,"{""distance"":5,""physical_error_rate"":5e-06}","{""detection_events"":500,""detectors_checked"":29245440}"
    157696,         0,         0,    44.7,decoder_by_matrix,9c6baee88fc81e7d1aa345fcb3feec7ee81f21c5d49cb6ca037118097d89e180,"{""distance"":5,""physical_error_rate"":5e-05}","{""detection_events"":4265,""detectors_checked"":26808320}"
    158720,         0,         0,    45.0,decoder_by_matrix,066a5d8d46981b593c3dec855f441edbe9e755a8873183448f69d036a2ecc650,"{""distance"":5,""physical_error_rate"":0.001}","{""detection_events"":91645,""detectors_checked"":26982400}"
   2007040,         0,         0,    87.9,decoder_by_matrix,9c6baee88fc81e7d1aa345fcb3feec7ee81f21c5d49cb6ca037118097d89e180,"{""distance"":5,""physical_error_rate"":5e-05}","{""detection_events"":56225,""detectors_checked"":341196800}"
   2098176,         3,         0,    87.9,decoder_by_matrix,066a5d8d46981b593c3dec855f441edbe9e755a8873183448f69d036a2ecc650,"{""distance"":5,""physical_error_rate"":0.001}","{""detection_events"":1183315,""detectors_checked"":356689920,""obs_mistake_mask=EE__"":1,""obs_mistake_mask=_E__"":1,""obs_mistake_mask=__E_"":1}"
   2237440,         0,         0,    88.0,decoder_by_matrix,3c866087b289edc25e9adea730044a15db18cabfd3ae2507fc844d5b4e03657a,"{""distance"":5,""physical_error_rate"":5e-06}","{""detection_events"":6285,""detectors_checked"":380364800}"
   2067456,         1,         0,    88.0,decoder_by_matrix,b84cf4b8ca220d31f17e1e2ea9ab927bbc4176b15682c650e7d1dd8f2758172b,"{""distance"":5,""physical_error_rate"":0.0005}","{""detection_events"":587640,""detectors_checked"":351467520,""obs_mistake_mask=___E"":1}"
   1933312,         3,         0,    87.8,decoder_by_matrix,066a5d8d46981b593c3dec855f441edbe9e755a8873183448f69d036a2ecc650,"{""distance"":5,""physical_error_rate"":0.001}","{""detection_events"":1096320,""detectors_checked"":328663040,""obs_mistake_mask=E_E_"":1,""obs_mistake_mask=E___"":1,""obs_mistake_mask=__EE"":1}"
   1925120,       438,         0,    87.9,decoder_by_matrix,926aad2e192fb73fc0ac724cdb1e19af2dfa1e49635753b9cefb82507b443f08,"{""distance"":5,""physical_error_rate"":0.005}","{""detection_events"":5370095,""detectors_checked"":327270400,""obs_mistake_mask=EEE_"":13,""obs_mistake_mask=EE_E"":8,""obs_mistake_mask=EE__"":22,""obs_mistake_mask=E_EE"":8,""obs_mistake_mask=E_E_"":25,""obs_mistake_mask=E__E"":38,""obs_mistake_mask=E___"":84,""obs_mistake_mask=_EEE"":20,""obs_mistake_mask=_EE_"":17,""obs_mistake_mask=_E_E"":32,""obs_mistake_mask=_E__"":49,""obs_mistake_mask=__EE"":26,""obs_mistake_mask=__E_"":53,""obs_mistake_mask=___E"":43}"
   2132992,         0,         0,    87.9,decoder_by_matrix,0421d486f8a041838688df650e87c0a19c3450ab7a7cc8b3dc589ebff86d1c74,"{""distance"":5,""physical_error_rate"":0.0001}","{""detection_events"":118305,""detectors_checked"":362608640}"
   2039808,         0,         0,    87.8,decoder_by_matrix,e41ade2e4684e0396b9a3890c882b6453b515d69885aa1d89a26ce21ec554895,"{""distance"":5,""physical_error_rate"":1e-06}","{""detection_events"":1110,""detectors_checked"":346767360}"
   2115584,         0,         0,    87.8,decoder_by_matrix,fa5edda0c1038186c8afbec49b0215a0b852396cdb50783a3f937fdf51d2afac,"{""distance"":5,""physical_error_rate"":1e-05}","{""detection_events"":11705,""detectors_checked"":359649280}"
   2067456,         1,         0,    88.0,decoder_by_matrix,b84cf4b8ca220d31f17e1e2ea9ab927bbc4176b15682c650e7d1dd8f2758172b,"{""distance"":5,""physical_error_rate"":0.0005}","{""detection_events"":593765,""detectors_checked"":351467520,""obs_mistake_mask=_E_E"":1}"
   1967104,         0,         0,    87.9,decoder_by_matrix,9c6baee88fc81e7d1aa345fcb3feec7ee81f21c5d49cb6ca037118097d89e180,"{""distance"":5,""physical_error_rate"":5e-05}","{""detection_events"":53520,""detectors_checked"":334407680}"
   2010112,       519,         0,    87.9,decoder_by_matrix,926aad2e192fb73fc0ac724cdb1e19af2dfa1e49635753b9cefb82507b443f08,"{""distance"":5,""physical_error_rate"":0.005}","{""detection_events"":5582175,""detectors_checked"":341719040,""obs_mistake_mask=EEE_"":11,""obs_mistake_mask=EE_E"":13,""obs_mistake_mask=EE__"":39,""obs_mistake_mask=E_EE"":15,""obs_mistake_mask=E_E_"":33,""obs_mistake_mask=E__E"":31,""obs_mistake_mask=E___"":98,""obs_mistake_mask=_EEE"":27,""obs_mistake_mask=_EE_"":31,""obs_mistake_mask=_E_E"":30,""obs_mistake_mask=_E__"":51,""obs_mistake_mask=__EE"":31,""obs_mistake_mask=__E_"":44,""obs_mistake_mask=___E"":65}"
   1992704,         0,         0,    87.9,decoder_by_matrix,0421d486f8a041838688df650e87c0a19c3450ab7a7cc8b3dc589ebff86d1c74,"{""distance"":5,""physical_error_rate"":0.0001}","{""detection_events"":112915,""detectors_checked"":338759680}"
   2036736,         0,         0,    87.9,decoder_by_matrix,fa5edda0c1038186c8afbec49b0215a0b852396cdb50783a3f937fdf51d2afac,"{""distance"":5,""physical_error_rate"":1e-05}","{""detection_events"":11430,""detectors_checked"":346245120}"
   1995776,         0,         0,    87.9,decoder_by_matrix,b84cf4b8ca220d31f17e1e2ea9ab927bbc4176b15682c650e7d1dd8f2758172b,"{""distance"":5,""physical_error_rate"":0.0005}","{""detection_events"":565215,""detectors_checked"":339281920}"
   1922048,         0,         0,    88.0,decoder_by_matrix,3c866087b289edc25e9adea730044a15db18cabfd3ae2507fc844d5b4e03657a,"{""distance"":5,""physical_error_rate"":5e-06}","{""detection_events"":5485,""detectors_checked"":326748160}"
   2082816,         0,         0,    87.9,decoder_by_matrix,e41ade2e4684e0396b9a3890c882b6453b515d69885aa1d89a26ce21ec554895,"{""distance"":5,""physical_error_rate"":1e-06}","{""detection_events"":1220,""detectors_checked"":354078720}"
   2118656,         0,         0,    87.8,decoder_by_matrix,3c866087b289edc25e9adea730044a15db18cabfd3ae2507fc844d5b4e03657a,"{""distance"":5,""physical_error_rate"":5e-06}","{""detection_events"":6350,""detectors_checked"":360171520}"
   2114560,         0,         0,    87.9,decoder_by_matrix,e41ade2e4684e0396b9a3890c882b6453b515d69885aa1d89a26ce21ec554895,"{""distance"":5,""physical_error_rate"":1e-06}","{""detection_events"":1090,""detectors_checked"":359475200}"
   1930240,         0,         0,    87.8,decoder_by_matrix,fa5edda0c1038186c8afbec49b0215a0b852396cdb50783a3f937fdf51d2afac,"{""distance"":5,""physical_error_rate"":1e-05}","{""detection_events"":11280,""detectors_checked"":328140800}"
   1976320,         0,         0,    87.9,decoder_by_matrix,0421d486f8a041838688df650e87c0a19c3450ab7a7cc8b3dc589ebff86d1c74,"{""distance"":5,""physical_error_rate"":0.0001}","{""detection_events"":110755,""detectors_checked"":335974400}"
   1973248,         0,         0,    88.0,decoder_by_matrix,9c6baee88fc81e7d1aa345fcb3feec7ee81f21c5d49cb6ca037118097d89e180,"{""distance"":5,""physical_error_rate"":5e-05}","{""detection_events"":56815,""detectors_checked"":335452160}"
    697344,       154,         0,    62.9,decoder_by_matrix,926aad2e192fb73fc0ac724cdb1e19af2dfa1e49635753b9cefb82507b443f08,"{""distance"":5,""physical_error_rate"":0.005}","{""detection_events"":1941185,""detectors_checked"":118548480,""obs_mistake_mask=EEE_"":3,""obs_mistake_mask=EE_E"":4,""obs_mistake_mask=EE__"":9,""obs_mistake_mask=E_EE"":2,""obs_mistake_mask=E_E_"":10,""obs_mistake_mask=E__E"":10,""obs_mistake_mask=E___"":37,""obs_mistake_mask=_EEE"":8,""obs_mistake_mask=_EE_"":7,""obs_mistake_mask=_E_E"":13,""obs_mistake_mask=_E__"":22,""obs_mistake_mask=__EE"":5,""obs_mistake_mask=__E_"":10,""obs_mistake_mask=___E"":14}"
    692224,         0,         0,    62.8,decoder_by_matrix,b84cf4b8ca220d31f17e1e2ea9ab927bbc4176b15682c650e7d1dd8f2758172b,"{""distance"":5,""physical_error_rate"":0.0005}","{""detection_events"":197605,""detectors_checked"":117678080}"
    823296,         2,         0,    62.8,decoder_by_matrix,066a5d8d46981b593c3dec855f441edbe9e755a8873183448f69d036a2ecc650,"{""distance"":5,""physical_error_rate"":0.001}","{""detection_events"":473650,""detectors_checked"":139960320,""obs_mistake_mask=_EE_"":1,""obs_mistake_mask=_E__"":1}"
    771072,       190,         0,    62.8,decoder_by_matrix,926aad2e192fb73fc0ac724cdb1e19af2dfa1e49635753b9cefb82507b443f08,"{""distance"":5,""physical_error_rate"":0.005}","{""detection_events"":2147890,""detectors_checked"":131082240,""obs_mistake_mask=EEE_"":1,""obs_mistake_mask=EE_E"":7,""obs_mistake_mask=EE__"":9,""obs_mistake_mask=E_EE"":2,""obs_mistake_mask=E_E_"":11,""obs_mistake_mask=E__E"":18,""obs_mistake_mask=E___"":36,""obs_mistake_mask=_EEE"":11,""obs_mistake_mask=_EE_"":9,""obs_mistake_mask=_E_E"":12,""obs_mistake_mask=_E__"":20,""obs_mistake_mask=__EE"":13,""obs_mistake_mask=__E_"":22,""obs_mistake_mask=___E"":19}"
    788480,         0,         0,    62.8,decoder_by_matrix,9c6baee88fc81e7d1aa345fcb3feec7ee81f21c5d49cb6ca037118097d89e180,"{""distance"":5,""physical_error_rate"":5e-05}","{""detection_events"":23175,""detectors_checked"":134041600}"
    798720,         0,         0,    62.9,decoder_by_matrix,0421d486f8a041838688df650e87c0a19c3450ab7a7cc8b3dc589ebff86d1c74,"{""distance"":5,""physical_error_rate"":0.0001}","{""detection_events"":44110,""detectors_checked"":135782400}"
    273408,        62,         0,    62.8,decoder_by_matrix,926aad2e192fb73fc0ac724cdb1e19af2dfa1e49635753b9cefb82507b443f08,"{""distance"":5,""physical_error_rate"":0.005}","{""detection_events"":760650,""detectors_checked"":46479360,""obs_mistake_mask=EEE_"":2,""obs_mistake_mask=EE_E"":2,""obs_mistake_mask=EE__"":5,""obs_mistake_mask=E_E_"":5,""obs_mistake_mask=E__E"":3,""obs_mistake_mask=E___"":8,""obs_mistake_mask=_EEE"":3,""obs_mistake_mask=_EE_"":7,""obs_mistake_mask=_E_E"":8,""obs_mistake_mask=_E__"":4,""obs_mistake_mask=__EE"":6,""obs_mistake_mask=__E_"":3,""obs_mistake_mask=___E"":6}"
    286720,         0,         0,    62.6,decoder_by_matrix,fa5edda0c1038186c8afbec49b0215a0b852396cdb50783a3f937fdf51d2afac,"{""distance"":5,""physical_error_rate"":1e-05}","{""detection_events"":1950,""detectors_checked"":48742400}"
    809984,         3,         0,    62.8,decoder_by_matrix,066a5d8d46981b593c3dec855f441edbe9e755a8873183448f69d036a2ecc650,"{""distance"":5,""physical_error_rate"":0.001}","{""detection_events"":459165,""detectors_checked"":137697280,""obs_mistake_mask=EE_E"":1,""obs_mistake_mask=E__E"":1,""obs_mistake_mask=_E__"":1}"
    272384,        66,         0,    62.9,decoder_by_matrix,926aad2e192fb73fc0ac724cdb1e19af2dfa1e49635753b9cefb82507b443f08,"{""distance"":5,""physical_error_rate"":0.005}","{""detection_events"":755435,""detectors_checked"":46305280,""obs_mistake_mask=EE_E"":1,""obs_mistake_mask=EE__"":5,""obs_mistake_mask=E_EE"":1,""obs_mistake_mask=E_E_"":7,""obs_mistake_mask=E__E"":8,""obs_mistake_mask=E___"":13,""obs_mistake_mask=_EEE"":4,""obs_mistake_mask=_EE_"":1,""obs_mistake_mask=_E_E"":3,""obs_mistake_mask=_E__"":5,""obs_mistake_mask=__EE"":2,""obs_mistake_mask=__E_"":7,""obs_mistake_mask=___E"":9}"
    499712,         0,         0,    63.1,decoder_by_matrix,e41ade2e4684e0396b9a3890c882b6453b515d69885aa1d89a26ce21ec554895,"{""distance"":5,""physical_error_rate"":1e-06}","{""detection_events"":410,""detectors_checked"":84951040}"
    310272,         1,         0,    62.6,decoder_by_matrix,066a5d8d46981b593c3dec855f441edbe9e755a8873183448f69d036a2ecc650,"{""distance"":5,""physical_error_rate"":0.001}","{""detection_events"":173630,""detectors_checked"":52746240,""obs_mistake_mask=E_E_"":1}"
    302080,         0,         0,    62.6,decoder_by_matrix,0421d486f8a041838688df650e87c0a19c3450ab7a7cc8b3dc589ebff86d1c74,"{""distance"":5,""physical_error_rate"":0.0001}","{""detection_events"":17450,""detectors_checked"":51353600}"
    285696,         0,         0,    62.7,decoder_by_matrix,e41ade2e4684e0396b9a3890c882b6453b515d69885aa1d89a26ce21ec554895,"{""distance"":5,""physical_error_rate"":1e-06}","{""detection_events"":145,""detectors_checked"":48568320}"
    278528,         0,         0,    62.9,decoder_by_matrix,9c6baee88fc81e7d1aa345fcb3feec7ee81f21c5d49cb6ca037118097d89e180,"{""distance"":5,""physical_error_rate"":5e-05}","{""detection_events"":7355,""detectors_checked"":47349760}"
    273408,         0,         0,    62.7,decoder_by_matrix,fa5edda0c1038186c8afbec49b0215a0b852396cdb50783a3f937fdf51d2afac,"{""distance"":5,""physical_error_rate"":1e-05}","{""detection_events"":1290,""detectors_checked"":46479360}"
   1444864,         0,         0,    62.8,decoder_by_matrix,e41ade2e4684e0396b9a3890c882b6453b515d69885aa1d89a26ce21ec554895,"{""distance"":5,""physical_error_rate"":1e-06}","{""detection_events"":850,""detectors_checked"":245626880}"
   1537024,         0,         0,    62.8,decoder_by_matrix,3c866087b289edc25e9adea730044a15db18cabfd3ae2507fc844d5b4e03657a,"{""distance"":5,""physical_error_rate"":5e-06}","{""detection_events"":4025,""detectors_checked"":261294080}"
    246784,         0,         0,    62.7,decoder_by_matrix,3c866087b289edc25e9adea730044a15db18cabfd3ae2507fc844d5b4e03657a,"{""distance"":5,""physical_error_rate"":5e-06}","{""detection_events"":765,""detectors_checked"":41953280}"
    697344,         0,         0,    62.8,decoder_by_matrix,0421d486f8a041838688df650e87c0a19c3450ab7a7cc8b3dc589ebff86d1c74,"{""distance"":5,""physical_error_rate"":0.0001}","{""detection_events"":39690,""detectors_checked"":118548480}"
    751616,         1,         0,    62.8,decoder_by_matrix,b84cf4b8ca220d31f17e1e2ea9ab927bbc4176b15682c650e7d1dd8f2758172b,"{""distance"":5,""physical_error_rate"":0.0005}","{""detection_events"":212900,""detectors_checked"":127774720,""obs_mistake_mask=E___"":1}"
    739328,         0,         0,    62.8,decoder_by_matrix,b84cf4b8ca220d31f17e1e2ea9ab927bbc4176b15682c650e7d1dd8f2758172b,"{""distance"":5,""physical_error_rate"":0.0005}","{""detection_events"":209495,""detectors_checked"":125685760}"
    305152,         0,         0,    62.7,decoder_by_matrix,fa5edda0c1038186c8afbec49b0215a0b852396cdb50783a3f937fdf51d2afac,"{""distance"":5,""physical_error_rate"":1e-05}","{""detection_events"":1680,""detectors_checked"":51875840}"
    300032,         0,         0,    62.6,decoder_by_matrix,3c866087b289edc25e9adea730044a15db18cabfd3ae2507fc844d5b4e03657a,"{""distance"":5,""physical_error_rate"":5e-06}","{""detection_events"":865,""detectors_checked"":51005440}"
    299008,         0,         0,    62.9,decoder_by_matrix,9c6baee88fc81e7d1aa345fcb3feec7ee81f21c5d49cb6ca037118097d89e180,"{""distance"":5,""physical_error_rate"":5e-05}","{""detection_events"":8480,""detectors_checked"":50831360}"
    280576,         1,         0,    62.9,decoder_by_matrix,066a5d8d46981b593c3dec855f441edbe9e755a8873183448f69d036a2ecc650,"{""distance"":5,""physical_error_rate"":0.001}","{""detection_events"":157995,""detectors_checked"":47697920,""obs_mistake_mask=E___"":1}"
    968704,         1,         0,    88.0,decoder_by_matrix,b84cf4b8ca220d31f17e1e2ea9ab927bbc4176b15682c650e7d1dd8f2758172b,"{""distance"":5,""physical_error_rate"":0.0005}","{""detection_events"":278880,""detectors_checked"":164679680,""obs_mistake_mask=E__E"":1}"
   1071104,       278,         0,    88.1,decoder_by_matrix,926aad2e192fb73fc0ac724cdb1e19af2dfa1e49635753b9cefb82507b443f08,"{""distance"":5,""physical_error_rate"":0.005}","{""detection_events"":2982585,""detectors_checked"":182087680,""obs_mistake_mask=EEE_"":5,""obs_mistake_mask=EE_E"":9,""obs_mistake_mask=EE__"":19,""obs_mistake_mask=E_EE"":6,""obs_mistake_mask=E_E_"":15,""obs_mistake_mask=E__E"":19,""obs_mistake_mask=E___"":44,""obs_mistake_mask=_EEE"":24,""obs_mistake_mask=_EE_"":14,""obs_mistake_mask=_E_E"":11,""obs_mistake_mask=_E__"":29,""obs_mistake_mask=__EE"":13,""obs_mistake_mask=__E_"":39,""obs_mistake_mask=___E"":31}"
    967680,         3,         0,    88.0,decoder_by_matrix,066a5d8d46981b593c3dec855f441edbe9e755a8873183448f69d036a2ecc650,"{""distance"":5,""physical_error_rate"":0.001}","{""detection_events"":550670,""detectors_checked"":164505600,""obs_mistake_mask=E___"":1,""obs_mistake_mask=_E_E"":1,""obs_mistake_mask=__EE"":1}"
   1027072,       227,         0,    87.9,decoder_by_matrix,926aad2e192fb73fc0ac724cdb1e19af2dfa1e49635753b9cefb82507b443f08,"{""distance"":5,""physical_error_rate"":0.005}","{""detection_events"":2851640,""detectors_checked"":174602240,""obs_mistake_mask=EEE_"":6,""obs_mistake_mask=EE_E"":6,""obs_mistake_mask=EE__"":19,""obs_mistake_mask=E_EE"":7,""obs_mistake_mask=E_E_"":11,""obs_mistake_mask=E__E"":18,""obs_mistake_mask=E___"":45,""obs_mistake_mask=_EEE"":7,""obs_mistake_mask=_EE_"":16,""obs_mistake_mask=_E_E"":12,""obs_mistake_mask=_E__"":18,""obs_mistake_mask=__EE"":12,""obs_mistake_mask=__E_"":22,""obs_mistake_mask=___E"":28}"
    894976,         0,         0,    87.8,decoder_by_matrix,9c6baee88fc81e7d1aa345fcb3feec7ee81f21c5d49cb6ca037118097d89e180,"{""distance"":5,""physical_error_rate"":5e-05}","{""detection_events"":24830,""detectors_checked"":152145920}"
   2780160,         0,         0,   119.6,decoder_by_matrix,9c6baee88fc81e7d1aa345fcb3feec7ee81f21c5d49cb6ca037118097d89e180,"{""distance"":5,""physical_error_rate"":5e-05}","{""detection_events"":77125,""detectors_checked"":472627200}"
   2444288,         6,         0,   119.6,decoder_by_matrix,066a5d8d46981b593c3dec855f441edbe9e755a8873183448f69d036a2ecc650,"{""distance"":5,""physical_error_rate"":0.001}","{""detection_events"":1377885,""detectors_checked"":415528960,""obs_mistake_mask=EE__"":1,""obs_mistake_mask=E__E"":1,""obs_mistake_mask=E___"":1,""obs_mistake_mask=_E__"":2,""obs_mistake_mask=___E"":1}"
   2933760,         0,         0,   119.6,decoder_by_matrix,3c866087b289edc25e9adea730044a15db18cabfd3ae2507fc844d5b4e03657a,"{""distance"":5,""physical_error_rate"":5e-06}","{""detection_events"":9010,""detectors_checked"":498739200}"
   2323456,         3,         0,   119.6,decoder_by_matrix,b84cf4b8ca220d31f17e1e2ea9ab927bbc4176b15682c650e7d1dd8f2758172b,"{""distance"":5,""physical_error_rate"":0.0005}","{""detection_events"":661085,""detectors_checked"":394987520,""obs_mistake_mask=EEE_"":1,""obs_mistake_mask=E___"":1,""obs_mistake_mask=_EEE"":1}"
   2573312,         7,         0,   119.6,decoder_by_matrix,066a5d8d46981b593c3dec855f441edbe9e755a8873183448f69d036a2ecc650,"{""distance"":5,""physical_error_rate"":0.001}","{""detection_events"":1469145,""detectors_checked"":437463040,""obs_mistake_mask=E___"":3,""obs_mistake_mask=_EE_"":1,""obs_mistake_mask=_E__"":1,""obs_mistake_mask=__EE"":1,""obs_mistake_mask=___E"":1}"
   2236416,         0,         0,   119.6,decoder_by_matrix,0421d486f8a041838688df650e87c0a19c3450ab7a7cc8b3dc589ebff86d1c74,"{""distance"":5,""physical_error_rate"":0.0001}","{""detection_events"":128225,""detectors_checked"":380190720}"
   2614272,         0,         0,   119.5,decoder_by_matrix,e41ade2e4684e0396b9a3890c882b6453b515d69885aa1d89a26ce21ec554895,"{""distance"":5,""physical_error_rate"":1e-06}","{""detection_events"":1465,""detectors_checked"":444426240}"
   2319360,       547,         0,   119.6,decoder_by_matrix,926aad2e192fb73fc0ac724cdb1e19af2dfa1e49635753b9cefb82507b443f08,"{""distance"":5,""physical_error_rate"":0.005}","{""detection_events"":6454480,""detectors_checked"":394291200,""obs_mistake_mask=EEE_"":14,""obs_mistake_mask=EE_E"":13,""obs_mistake_mask=EE__"":37,""obs_mistake_mask=E_EE"":13,""obs_mistake_mask=E_E_"":42,""obs_mistake_mask=E__E"":51,""obs_mistake_mask=E___"":94,""obs_mistake_mask=_EEE"":39,""obs_mistake_mask=_EE_"":25,""obs_mistake_mask=_E_E"":28,""obs_mistake_mask=_E__"":53,""obs_mistake_mask=__EE"":31,""obs_mistake_mask=__E_"":54,""obs_mistake_mask=___E"":53}"
   2889728,         0,         0,   119.5,decoder_by_matrix,fa5edda0c1038186c8afbec49b0215a0b852396cdb50783a3f937fdf51d2afac,"{""distance"":5,""physical_error_rate"":1e-05}","{""detection_events"":17545,""detectors_checked"":491253760}"
   2624512,         0,         0,   119.6,decoder_by_matrix,b84cf4b8ca220d31f17e1e2ea9ab927bbc4176b15682c650e7d1dd8f2758172b,"{""distance"":5,""physical_error_rate"":0.0005}","{""detection_events"":749365,""detectors_checked"":446167040}"
   2411520,         0,         0,   119.6,decoder_by_matrix,9c6baee88fc81e7d1aa345fcb3feec7ee81f21c5d49cb6ca037118097d89e180,"{""distance"":5,""physical_error_rate"":5e-05}","{""detection_events"":68960,""detectors_checked"":409958400}"
   2360320,       614,         0,   119.6,decoder_by_matrix,926aad2e192fb73fc0ac724cdb1e19af2dfa1e49635753b9cefb82507b443f08,"{""distance"":5,""physical_error_rate"":0.005}","{""detection_events"":6570710,""detectors_checked"":401254400,""obs_mistake_mask=EEEE"":1,""obs_mistake_mask=EEE_"":22,""obs_mistake_mask=EE_E"":8,""obs_mistake_mask=EE__"":43,""obs_mistake_mask=E_EE"":20,""obs_mistake_mask=E_E_"":43,""obs_mistake_mask=E__E"":45,""obs_mistake_mask=E___"":125,""obs_mistake_mask=_EEE"":31,""obs_mistake_mask=_EE_"":27,""obs_mistake_mask=_E_E"":31,""obs_mistake_mask=_E__"":63,""obs_mistake_mask=__EE"":37,""obs_mistake_mask=__E_"":67,""obs_mistake_mask=___E"":51}"
   2712576,         0,         0,   119.5,decoder_by_matrix,0421d486f8a041838688df650e87c0a19c3450ab7a7cc8b3dc589ebff86d1c74,"{""distance"":5,""physical_error_rate"":0.0001}","{""detection_events"":152850,""detectors_checked"":461137920}"
   2509824,         0,         0,   119.6,decoder_by_matrix,fa5edda0c1038186c8afbec49b0215a0b852396cdb50783a3f937fdf51d2afac,"{""distance"":5,""physical_error_rate"":1e-05}","{""detection_events"":13725,""detectors_checked"":426670080}"
   2163712,         0,         0,   119.6,decoder_by_matrix,b84cf4b8ca220d31f17e1e2ea9ab927bbc4176b15682c650e7d1dd8f2758172b,"{""distance"":5,""physical_error_rate"":0.0005}","{""detection_events"":621435,""detectors_checked"":367831040}"
   1092608,         0,         0,    87.9,decoder_by_matrix,0421d486f8a041838688df650e87c0a19c3450ab7a7cc8b3dc589ebff86d1c74,"{""distance"":5,""physical_error_rate"":0.0001}","{""detection_events"":63680,""detectors_checked"":185743360}"
   2240512,         0,         0,   119.6,decoder_by_matrix,3c866087b289edc25e9adea730044a15db18cabfd3ae2507fc844d5b4e03657a,"{""distance"":5,""physical_error_rate"":5e-06}","{""detection_events"":6420,""detectors_checked"":380887040}"
   2236416,         0,         0,   119.6,decoder_by_matrix,e41ade2e4684e0396b9a3890c882b6453b515d69885aa1d89a26ce21ec554895,"{""distance"":5,""physical_error_rate"":1e-06}","{""detection_events"":1265,""detectors_checked"":380190720}"
   2564096,         0,         0,   119.6,decoder_by_matrix,3c866087b289edc25e9adea730044a15db18cabfd3ae2507fc844d5b4e03657a,"{""distance"":5,""physical_error_rate"":5e-06}","{""detection_events"":7600,""detectors_checked"":435896320}"
   2348032,         0,         0,   119.6,decoder_by_matrix,e41ade2e4684e0396b9a3890c882b6453b515d69885aa1d89a26ce21ec554895,"{""distance"":5,""physical_error_rate"":1e-06}","{""detection_events"":1395,""detectors_checked"":399165440}"
   2603008,         0,         0,   119.5,decoder_by_matrix,fa5edda0c1038186c8afbec49b0215a0b852396cdb50783a3f937fdf51d2afac,"{""distance"":5,""physical_error_rate"":1e-05}","{""detection_events"":16390,""detectors_checked"":442511360}"
   1078272,       273,         0,    87.9,decoder_by_matrix,926aad2e192fb73fc0ac724cdb1e19af2dfa1e49635753b9cefb82507b443f08,"{""distance"":5,""physical_error_rate"":0.005}","{""detection_events"":2993830,""detectors_checked"":183306240,""obs_mistake_mask=EEEE"":1,""obs_mistake_mask=EEE_"":7,""obs_mistake_mask=EE_E"":6,""obs_mistake_mask=EE__"":19,""obs_mistake_mask=E_EE"":6,""obs_mistake_mask=E_E_"":23,""obs_mistake_mask=E__E"":20,""obs_mistake_mask=E___"":56,""obs_mistake_mask=_EEE"":9,""obs_mistake_mask=_EE_"":19,""obs_mistake_mask=_E_E"":12,""obs_mistake_mask=_E__"":24,""obs_mistake_mask=__EE"":12,""obs_mistake_mask=__E_"":30,""obs_mistake_mask=___E"":29}"
   2213888,         0,         0,   119.6,decoder_by_matrix,0421d486f8a041838688df650e87c0a19c3450ab7a7cc8b3dc589ebff86d1c74,"{""distance"":5,""physical_error_rate"":0.0001}","{""detection_events"":124075,""detectors_checked"":376360960}"
   2159616,         0,         0,   119.6,decoder_by_matrix,9c6baee88fc81e7d1aa345fcb3feec7ee81f21c5d49cb6ca037118097d89e180,"{""distance"":5,""physical_error_rate"":5e-05}","{""detection_events"":63265,""detectors_checked"":367134720}"
   1061888,         2,         0,    87.9,decoder_by_matrix,066a5d8d46981b593c3dec855f441edbe9e755a8873183448f69d036a2ecc650,"{""distance"":5,""physical_error_rate"":0.001}","{""detection_events"":605525,""detectors_checked"":180520960,""obs_mistake_mask=__EE"":2}"
    443392,         0,         0,    87.8,decoder_by_matrix,fa5edda0c1038186c8afbec49b0215a0b852396cdb50783a3f937fdf51d2afac,"{""distance"":5,""physical_error_rate"":1e-05}","{""detection_events"":2260,""detectors_checked"":75376640}"
    356352,        83,         0,    88.1,decoder_by_matrix,926aad2e192fb73fc0ac724cdb1e19af2dfa1e49635753b9cefb82507b443f08,"{""distance"":5,""physical_error_rate"":0.005}","{""detection_events"":999380,""detectors_checked"":60579840,""obs_mistake_mask=EEE_"":5,""obs_mistake_mask=EE_E"":2,""obs_mistake_mask=EE__"":6,""obs_mistake_mask=E_EE"":2,""obs_mistake_mask=E_E_"":10,""obs_mistake_mask=E__E"":7,""obs_mistake_mask=E___"":17,""obs_mistake_mask=_EEE"":5,""obs_mistake_mask=_EE_"":4,""obs_mistake_mask=_E_E"":2,""obs_mistake_mask=_E__"":3,""obs_mistake_mask=__EE"":2,""obs_mistake_mask=__E_"":9,""obs_mistake_mask=___E"":9}"
    936960,         0,         0,    87.9,decoder_by_matrix,e41ade2e4684e0396b9a3890c882b6453b515d69885aa1d89a26ce21ec554895,"{""distance"":5,""physical_error_rate"":1e-06}","{""detection_events"":660,""detectors_checked"":159283200}"
    480256,         2,         0,    87.7,decoder_by_matrix,066a5d8d46981b593c3dec855f441edbe9e755a8873183448f69d036a2ecc650,"{""distance"":5,""physical_error_rate"":0.001}","{""detection_events"":274625,""detectors_checked"":81643520,""obs_mistake_mask=E___"":1,""obs_mistake_mask=_EEE"":1}"
    457728,         0,         0,    87.6,decoder_by_matrix,0421d486f8a041838688df650e87c0a19c3450ab7a7cc8b3dc589ebff86d1c74,"{""distance"":5,""physical_error_rate"":0.0001}","{""detection_events"":25205,""detectors_checked"":77813760}"
    438272,         0,         0,    87.6,decoder_by_matrix,e41ade2e4684e0396b9a3890c882b6453b515d69885aa1d89a26ce21ec554895,"{""distance"":5,""physical_error_rate"":1e-06}","{""detection_events"":290,""detectors_checked"":74506240}"
    444416,         0,         0,    87.8,decoder_by_matrix,9c6baee88fc81e7d1aa345fcb3feec7ee81f21c5d49cb6ca037118097d89e180,"{""distance"":5,""physical_error_rate"":5e-05}","{""detection_events"":12570,""detectors_checked"":75550720}"
    438272,         0,         0,    87.5,decoder_by_matrix,fa5edda0c1038186c8afbec49b0215a0b852396cdb50783a3f937fdf51d2afac,"{""distance"":5,""physical_error_rate"":1e-05}","{""detection_events"":2345,""detectors_checked"":74506240}"
   1936384,         0,         0,    87.9,decoder_by_matrix,e41ade2e4684e0396b9a3890c882b6453b515d69885aa1d89a26ce21ec554895,"{""distance"":5,""physical_error_rate"":1e-06}","{""detection_events"":1365,""detectors_checked"":329185280}"
   1804288,         0,         0,    87.9,decoder_by_matrix,3c866087b289edc25e9adea730044a15db18cabfd3ae2507fc844d5b4e03657a,"{""distance"":5,""physical_error_rate"":5e-06}","{""detection_events"":4690,""detectors_checked"":306728960}"
    404480,         0,         0,    87.6,decoder_by_matrix,3c866087b289edc25e9adea730044a15db18cabfd3ae2507fc844d5b4e03657a,"{""distance"":5,""physical_error_rate"":5e-06}","{""detection_events"":840,""detectors_checked"":68761600}"
   1174528,         0,         0,    87.9,decoder_by_matrix,0421d486f8a041838688df650e87c0a19c3450ab7a7cc8b3dc589ebff86d1c74,"{""distance"":5,""physical_error_rate"":0.0001}","{""detection_events"":66285,""detectors_checked"":199669760}"
    913408,         0,         0,    87.9,decoder_by_matrix,b84cf4b8ca220d31f17e1e2ea9ab927bbc4176b15682c650e7d1dd8f2758172b,"{""distance"":5,""physical_error_rate"":0.0005}","{""detection_events"":259720,""detectors_checked"":155279360}"
   1077248,         1,         0,    87.9,decoder_by_matrix,b84cf4b8ca220d31f17e1e2ea9ab927bbc4176b15682c650e7d1dd8f2758172b,"{""distance"":5,""physical_error_rate"":0.0005}","{""detection_events"":304620,""detectors_checked"":183132160,""obs_mistake_mask=___E"":1}"
    489472,         0,         0,    87.5,decoder_by_matrix,fa5edda0c1038186c8afbec49b0215a0b852396cdb50783a3f937fdf51d2afac,"{""distance"":5,""physical_error_rate"":1e-05}","{""detection_events"":3020,""detectors_checked"":83210240}"
    476160,         0,         0,    87.7,decoder_by_matrix,3c866087b289edc25e9adea730044a15db18cabfd3ae2507fc844d5b4e03657a,"{""distance"":5,""physical_error_rate"":5e-06}","{""detection_events"":1075,""detectors_checked"":80947200}"
    944128,         0,         0,    88.2,decoder_by_matrix,9c6baee88fc81e7d1aa345fcb3feec7ee81f21c5d49cb6ca037118097d89e180,"{""distance"":5,""physical_error_rate"":5e-05}","{""detection_events"":25760,""detectors_checked"":160501760}"
    454656,         1,         0,    88.1,decoder_by_matrix,066a5d8d46981b593c3dec855f441edbe9e755a8873183448f69d036a2ecc650,"{""distance"":5,""physical_error_rate"":0.001}","{""detection_events"":255640,""detectors_checked"":77291520,""obs_mistake_mask=E___"":1}"
   1135616,         0,         0,   119.6,decoder_by_matrix,b84cf4b8ca220d31f17e1e2ea9ab927bbc4176b15682c650e7d1dd8f2758172b,"{""distance"":5,""physical_error_rate"":0.0005}","{""detection_events"":320910,""detectors_checked"":193054720}"
   1422336,       354,         0,   119.7,decoder_by_matrix,926aad2e192fb73fc0ac724cdb1e19af2dfa1e49635753b9cefb82507b443f08,"{""distance"":5,""physical_error_rate"":0.005}","{""detection_events"":3970575,""detectors_checked"":241797120,""obs_mistake_mask=EEE_"":8,""obs_mistake_mask=EE_E"":12,""obs_mistake_mask=EE__"":35,""obs_mistake_mask=E_EE"":13,""obs_mistake_mask=E_E_"":22,""obs_mistake_mask=E__E"":22,""obs_mistake_mask=E___"":49,""obs_mistake_mask=_EEE"":27,""obs_mistake_mask=_EE_"":24,""obs_mistake_mask=_E_E"":22,""obs_mistake_mask=_E__"":39,""obs_mistake_mask=__EE"":8,""obs_mistake_mask=__E_"":38,""obs_mistake_mask=___E"":35}"
   1423360,         3,         0,   119.6,decoder_by_matrix,066a5d8d46981b593c3dec855f441edbe9e755a8873183448f69d036a2ecc650,"{""distance"":5,""physical_error_rate"":0.001}","{""detection_events"":811995,""detectors_checked"":241971200,""obs_mistake_mask=EE__"":1,""obs_mistake_mask=E__E"":1,""obs_mistake_mask=_E_E"":1}"
   1386496,       368,         0,   119.6,decoder_by_matrix,926aad2e192fb73fc0ac724cdb1e19af2dfa1e49635753b9cefb82507b443f08,"{""distance"":5,""physical_error_rate"":0.005}","{""detection_events"":3862640,""detectors_checked"":235704320,""obs_mistake_mask=EEE_"":11,""obs_mistake_mask=EE_E"":10,""obs_mistake_mask=EE__"":27,""obs_mistake_mask=E_EE"":10,""obs_mistake_mask=E_E_"":21,""obs_mistake_mask=E__E"":21,""obs_mistake_mask=E___"":75,""obs_mistake_mask=_EEE"":21,""obs_mistake_mask=_EE_"":12,""obs_mistake_mask=_E_E"":24,""obs_mistake_mask=_E__"":48,""obs_mistake_mask=__EE"":15,""obs_mistake_mask=__E_"":34,""obs_mistake_mask=___E"":39}"
   1543168,         0,         0,   119.6,decoder_by_matrix,9c6baee88fc81e7d1aa345fcb3feec7ee81f21c5d49cb6ca037118097d89e180,"{""distance"":5,""physical_error_rate"":5e-05}","{""detection_events"":44315,""detectors_checked"":262338560}"
   2603008,         0,         0,   119.7,decoder_by_matrix,9c6baee88fc81e7d1aa345fcb3feec7ee81f21c5d49cb6ca037118097d89e180,"{""distance"":5,""physical_error_rate"":5e-05}","{""detection_events"":74220,""detectors_checked"":442511360}"
   1874944,         5,         0,   119.4,decoder_by_matrix,066a5d8d46981b593c3dec855f441edbe9e755a8873183448f69d036a2ecc650,"{""distance"":5,""physical_error_rate"":0.001}","{""detection_events"":1067595,""detectors_checked"":318740480,""obs_mistake_mask=EE__"":2,""obs_mistake_mask=E__E"":1,""obs_mistake_mask=_EEE"":1,""obs_mistake_mask=_E_E"":1}"
   2803712,         0,         0,   119.5,decoder_by_matrix,3c866087b289edc25e9adea730044a15db18cabfd3ae2507fc844d5b4e03657a,"{""distance"":5,""physical_error_rate"":5e-06}","{""detection_events"":8365,""detectors_checked"":476631040}"
   2354176,         0,         0,   119.7,decoder_by_matrix,b84cf4b8ca220d31f17e1e2ea9ab927bbc4176b15682c650e7d1dd8f2758172b,"{""distance"":5,""physical_error_rate"":0.0005}","{""detection_events"":668940,""detectors_checked"":400209920}"
   2283520,         4,         0,   119.6,decoder_by_matrix,066a5d8d46981b593c3dec855f441edbe9e755a8873183448f69d036a2ecc650,"{""distance"":5,""physical_error_rate"":0.001}","{""detection_events"":1288605,""detectors_checked"":388198400,""obs_mistake_mask=E__E"":1,""obs_mistake_mask=E___"":1,""obs_mistake_mask=_E_E"":1,""obs_mistake_mask=__EE"":1}"
   2494464,         0,         0,   119.5,decoder_by_matrix,e41ade2e4684e0396b9a3890c882b6453b515d69885aa1d89a26ce21ec554895,"{""distance"":5,""physical_error_rate"":1e-06}","{""detection_events"":1470,""detectors_checked"":424058880}"
   2325504,         0,         0,   119.6,decoder_by_matrix,0421d486f8a041838688df650e87c0a19c3450ab7a7cc8b3dc589ebff86d1c74,"{""distance"":5,""physical_error_rate"":0.0001}","{""detection_events"":132695,""detectors_checked"":395335680}"
   1973248,       486,         0,   119.6,decoder_by_matrix,926aad2e192fb73fc0ac724cdb1e19af2dfa1e49635753b9cefb82507b443f08,"{""distance"":5,""physical_error_rate"":0.005}","{""detection_events"":5497245,""detectors_checked"":335452160,""obs_mistake_mask=EEE_"":20,""obs_mistake_mask=EE_E"":15,""obs_mistake_mask=EE__"":35,""obs_mistake_mask=E_EE"":11,""obs_mistake_mask=E_E_"":29,""obs_mistake_mask=E__E"":34,""obs_mistake_mask=E___"":83,""obs_mistake_mask=_EEE"":21,""obs_mistake_mask=_EE_"":25,""obs_mistake_mask=_E_E"":20,""obs_mistake_mask=_E__"":55,""obs_mistake_mask=__EE"":26,""obs_mistake_mask=__E_"":65,""obs_mistake_mask=___E"":47}"
   2410496,         0,         0,   119.6,decoder_by_matrix,b84cf4b8ca220d31f17e1e2ea9ab927bbc4176b15682c650e7d1dd8f2758172b,"{""distance"":5,""physical_error_rate"":0.0005}","{""detection_events"":684015,""detectors_checked"":409784320}"
   2680832,         0,         0,   119.6,decoder_by_matrix,fa5edda0c1038186c8afbec49b0215a0b852396cdb50783a3f937fdf51d2afac,"{""distance"":5,""physical_error_rate"":1e-05}","{""detection_events"":15810,""detectors_checked"":455741440}"
   2293760,         0,         0,   119.6,decoder_by_matrix,9c6baee88fc81e7d1aa345fcb3feec7ee81f21c5d49cb6ca037118097d89e180,"{""distance"":5,""physical_error_rate"":5e-05}","{""detection_events"":66815,""detectors_checked"":389939200}"
   2106368,       491,         0,   119.6,decoder_by_matrix,926aad2e192fb73fc0ac724cdb1e19af2dfa1e49635753b9cefb82507b443f08,"{""distance"":5,""physical_error_rate"":0.005}","{""detection_events"":5868580,""detectors_checked"":358082560,""obs_mistake_mask=EEEE"":1,""obs_mistake_mask=EEE_"":12,""obs_mistake_mask=EE_E"":14,""obs_mistake_mask=EE__"":31,""obs_mistake_mask=E_EE"":2,""obs_mistake_mask=E_E_"":34,""obs_mistake_mask=E__E"":35,""obs_mistake_mask=E___"":112,""obs_mistake_mask=_EEE"":28,""obs_mistake_mask=_EE_"":26,""obs_mistake_mask=_E_E"":28,""obs_mistake_mask=_E__"":47,""obs_mistake_mask=__EE"":20,""obs_mistake_mask=__E_"":54,""obs_mistake_mask=___E"":47}"
   2545664,         0,         0,   119.7,decoder_by_matrix,0421d486f8a041838688df650e87c0a19c3450ab7a7cc8b3dc589ebff86d1c74,"{""distance"":5,""physical_error_rate"":0.0001}","{""detection_events"":148060,""detectors_checked"":432762880}"
   2226176,         0,         0,   119.6,decoder_by_matrix,fa5edda0c1038186c8afbec49b0215a0b852396cdb50783a3f937fdf51d2afac,"{""distance"":5,""physical_error_rate"":1e-05}","{""detection_events"":13035,""detectors_checked"":378449920}"
   1383424,         0,         0,   119.6,decoder_by_matrix,0421d486f8a041838688df650e87c0a19c3450ab7a7cc8b3dc589ebff86d1c74,"{""distance"":5,""physical_error_rate"":0.0001}","{""detection_events"":77055,""detectors_checked"":235182080}"
   2381824,         0,         0,   119.5,decoder_by_matrix,b84cf4b8ca220d31f17e1e2ea9ab927bbc4176b15682c650e7d1dd8f2758172b,"{""distance"":5,""physical_error_rate"":0.0005}","{""detection_events"":674160,""detectors_checked"":404910080}"
   2245632,         0,         0,   119.6,decoder_by_matrix,3c866087b289edc25e9adea730044a15db18cabfd3ae2507fc844d5b4e03657a,"{""distance"":5,""physical_error_rate"":5e-06}","{""detection_events"":6380,""detectors_checked"":381757440}"
   2599936,         0,         0,   119.6,decoder_by_matrix,e41ade2e4684e0396b9a3890c882b6453b515d69885aa1d89a26ce21ec554895,"{""distance"":5,""physical_error_rate"":1e-06}","{""detection_events"":1560,""detectors_checked"":441989120}"
   2386944,         0,         0,   119.6,decoder_by_matrix,3c866087b289edc25e9adea730044a15db18cabfd3ae2507fc844d5b4e03657a,"{""distance"":5,""physical_error_rate"":5e-06}","{""detection_events"":6965,""detectors_checked"":405780480}"
   2030592,         0,         0,   119.6,decoder_by_matrix,e41ade2e4684e0396b9a3890c882b6453b515d69885aa1d89a26ce21ec554895,"{""distance"":5,""physical_error_rate"":1e-06}","{""detection_events"":905,""detectors_checked"":345200640}"
   2423808,         0,         0,   119.5,decoder_by_matrix,fa5edda0c1038186c8afbec49b0215a0b852396cdb50783a3f937fdf51d2afac,"{""distance"":5,""physical_error_rate"":1e-05}","{""detection_events"":14320,""detectors_checked"":412047360}"
   1446912,       357,         0,   119.5,decoder_by_matrix,926aad2e192fb73fc0ac724cdb1e19af2dfa1e49635753b9cefb82507b443f08,"{""distance"":5,""physical_error_rate"":0.005}","{""detection_events"":4039025,""detectors_checked"":245975040,""obs_mistake_mask=EEE_"":12,""obs_mistake_mask=EE_E"":8,""obs_mistake_mask=EE__"":23,""obs_mistake_mask=E_EE"":16,""obs_mistake_mask=E_E_"":26,""obs_mistake_mask=E__E"":21,""obs_mistake_mask=E___"":71,""obs_mistake_mask=_EEE"":27,""obs_mistake_mask=_EE_"":14,""obs_mistake_mask=_E_E"":19,""obs_mistake_mask=_E__"":43,""obs_mistake_mask=__EE"":19,""obs_mistake_mask=__E_"":28,""obs_mistake_mask=___E"":30}"
   2621440,         0,         0,   119.6,decoder_by_matrix,0421d486f8a041838688df650e87c0a19c3450ab7a7cc8b3dc589ebff86d1c74,"{""distance"":5,""physical_error_rate"":0.0001}","{""detection_events"":150570,""detectors_checked"":445644800}"
   1415168,         1,         0,   119.6,decoder_by_matrix,066a5d8d46981b593c3dec855f441edbe9e755a8873183448f69d036a2ecc650,"{""distance"":5,""physical_error_rate"":0.001}","{""detection_events"":797465,""detectors_checked"":240578560,""obs_mistake_mask=E_E_"":1}"
   2214912,         0,         0,   119.7,decoder_by_matrix,9c6baee88fc81e7d1aa345fcb3feec7ee81f21c5d49cb6ca037118097d89e180,"{""distance"":5,""physical_error_rate"":5e-05}","{""detection_events"":63120,""detectors_checked"":376535040}"
    733184,         0,         0,   119.0,decoder_by_matrix,fa5edda0c1038186c8afbec49b0215a0b852396cdb50783a3f937fdf51d2afac,"{""distance"":5,""physical_error_rate"":1e-05}","{""detection_events"":4305,""detectors_checked"":124641280}"
    623616,       152,         0,   119.7,decoder_by_matrix,926aad2e192fb73fc0ac724cdb1e19af2dfa1e49635753b9cefb82507b443f08,"{""distance"":5,""physical_error_rate"":0.005}","{""detection_events"":1739370,""detectors_checked"":106014720,""obs_mistake_mask=EEE_"":4,""obs_mistake_mask=EE_E"":6,""obs_mistake_mask=EE__"":6,""obs_mistake_mask=E_EE"":4,""obs_mistake_mask=E_E_"":11,""obs_mistake_mask=E__E"":10,""obs_mistake_mask=E___"":27,""obs_mistake_mask=_EEE"":8,""obs_mistake_mask=_EE_"":7,""obs_mistake_mask=_E_E"":5,""obs_mistake_mask=_E__"":17,""obs_mistake_mask=__EE"":8,""obs_mistake_mask=__E_"":23,""obs_mistake_mask=___E"":16}"
   1555456,         0,         0,   119.8,decoder_by_matrix,e41ade2e4684e0396b9a3890c882b6453b515d69885aa1d89a26ce21ec554895,"{""distance"":5,""physical_error_rate"":1e-06}","{""detection_events"":910,""detectors_checked"":264427520}"
    813056,         2,         0,   119.2,decoder_by_matrix,066a5d8d46981b593c3dec855f441edbe9e755a8873183448f69d036a2ecc650,"{""distance"":5,""physical_error_rate"":0.001}","{""detection_events"":455800,""detectors_checked"":138219520,""obs_mistake_mask=E_EE"":1,""obs_mistake_mask=_EEE"":1}"
   1309696,         0,         0,   119.5,decoder_by_matrix,0421d486f8a041838688df650e87c0a19c3450ab7a7cc8b3dc589ebff86d1c74,"{""distance"":5,""physical_error_rate"":0.0001}","{""detection_events"":73355,""detectors_checked"":222648320}"
    753664,         0,         0,   119.3,decoder_by_matrix,e41ade2e4684e0396b9a3890c882b6453b515d69885aa1d89a26ce21ec554895,"{""distance"":5,""physical_error_rate"":1e-06}","{""detection_events"":510,""detectors_checked"":128122880}"
    993280,         0,         0,   119.4,decoder_by_matrix,9c6baee88fc81e7d1aa345fcb3feec7ee81f21c5d49cb6ca037118097d89e180,"{""distance"":5,""physical_error_rate"":5e-05}","{""detection_events"":27275,""detectors_checked"":168857600}"
    717824,         0,         0,   119.4,decoder_by_matrix,fa5edda0c1038186c8afbec49b0215a0b852396cdb50783a3f937fdf51d2afac,"{""distance"":5,""physical_error_rate"":1e-05}","{""detection_events"":4215,""detectors_checked"":122030080}"
   2233344,         0,         0,   119.5,decoder_by_matrix,e41ade2e4684e0396b9a3890c882b6453b515d69885aa1d89a26ce21ec554895,"{""distance"":5,""physical_error_rate"":1e-06}","{""detection_events"":1130,""detectors_checked"":379668480}"
   2234368,         0,         0,   119.6,decoder_by_matrix,3c866087b289edc25e9adea730044a15db18cabfd3ae2507fc844d5b4e03657a,"{""distance"":5,""physical_error_rate"":5e-06}","{""detection_events"":5940,""detectors_checked"":379842560}"
    694272,         0,         0,   119.4,decoder_by_matrix,3c866087b289edc25e9adea730044a15db18cabfd3ae2507fc844d5b4e03657a,"{""distance"":5,""physical_error_rate"":5e-06}","{""detection_events"":2170,""detectors_checked"":118026240}"
   1304576,         0,         0,   119.6,decoder_by_matrix,0421d486f8a041838688df650e87c0a19c3450ab7a7cc8b3dc589ebff86d1c74,"{""distance"":5,""physical_error_rate"":0.0001}","{""detection_events"":72510,""detectors_checked"":221777920}"
   1510400,         0,         0,   119.6,decoder_by_matrix,b84cf4b8ca220d31f17e1e2ea9ab927bbc4176b15682c650e7d1dd8f2758172b,"{""distance"":5,""physical_error_rate"":0.0005}","{""detection_events"":428650,""detectors_checked"":256768000}"
   1356800,         1,         0,   119.7,decoder_by_matrix,b84cf4b8ca220d31f17e1e2ea9ab927bbc4176b15682c650e7d1dd8f2758172b,"{""distance"":5,""physical_error_rate"":0.0005}","{""detection_events"":382835,""detectors_checked"":230656000,""obs_mistake_mask=___E"":1}"
    779264,         0,         0,   119.3,decoder_by_matrix,fa5edda0c1038186c8afbec49b0215a0b852396cdb50783a3f937fdf51d2afac,"{""distance"":5,""physical_error_rate"":1e-05}","{""detection_events"":4260,""detectors_checked"":132474880}"
    763904,         0,         0,   119.3,decoder_by_matrix,3c866087b289edc25e9adea730044a15db18cabfd3ae2507fc844d5b4e03657a,"{""distance"":5,""physical_error_rate"":5e-06}","{""detection_events"":2180,""detectors_checked"":129863680}"
   1350656,         0,         0,   119.6,decoder_by_matrix,9c6baee88fc81e7d1aa345fcb3feec7ee81f21c5d49cb6ca037118097d89e180,"{""distance"":5,""physical_error_rate"":5e-05}","{""detection_events"":37985,""detectors_checked"":229611520}"
   1298432,         6,         0,   119.6,decoder_by_matrix,066a5d8d46981b593c3dec855f441edbe9e755a8873183448f69d036a2ecc650,"{""distance"":5,""physical_error_rate"":0.001}","{""detection_events"":735950,""detectors_checked"":220733440,""obs_mistake_mask=EE__"":1,""obs_mistake_mask=E_E_"":1,""obs_mistake_mask=_E_E"":1,""obs_mistake_mask=__EE"":1,""obs_mistake_mask=__E_"":1,""obs_mistake_mask=___E"":1}"
   1425408,       340,         0,   119.6,decoder_by_matrix,926aad2e192fb73fc0ac724cdb1e19af2dfa1e49635753b9cefb82507b443f08,"{""distance"":5,""physical_error_rate"":0.005}","{""detection_events"":3962840,""detectors_checked"":242319360,""obs_mistake_mask=EEE_"":4,""obs_mistake_mask=EE_E"":5,""obs_mistake_mask=EE__"":26,""obs_mistake_mask=E_EE"":7,""obs_mistake_mask=E_E_"":22,""obs_mistake_mask=E__E"":26,""obs_mistake_mask=E___"":65,""obs_mistake_mask=_EEE"":14,""obs_mistake_mask=_EE_"":27,""obs_mistake_mask=_E_E"":22,""obs_mistake_mask=_E__"":29,""obs_mistake_mask=__EE"":16,""obs_mistake_mask=__E_"":39,""obs_mistake_mask=___E"":38}"
   1383424,         0,         0,   119.7,decoder_by_matrix,b84cf4b8ca220d31f17e1e2ea9ab927bbc4176b15682c650e7d1dd8f2758172b,"{""distance"":5,""physical_error_rate"":0.0005}","{""detection_events"":391280,""detectors_checked"":235182080}"
   1464320,         1,         0,   119.6,decoder_by_matrix,066a5d8d46981b593c3dec855f441edbe9e755a8873183448f69d036a2ecc650,"{""distance"":5,""physical_error_rate"":0.001}","{""detection_events"":835020,""detectors_checked"":248934400,""obs_mistake_mask=__E_"":1}"
   1320960,       296,         0,   119.7,decoder_by_matrix,926aad2e192fb73fc0ac724cdb1e19af2dfa1e49635753b9cefb82507b443f08,"{""distance"":5,""physical_error_rate"":0.005}","{""detection_events"":3691010,""detectors_checked"":224563200,""obs_mistake_mask=EEE_"":5,""obs_mistake_mask=EE_E"":9,""obs_mistake_mask=EE__"":20,""obs_mistake_mask=E_EE"":4,""obs_mistake_mask=E_E_"":20,""obs_mistake_mask=E__E"":12,""obs_mistake_mask=E___"":60,""obs_mistake_mask=_EEE"":16,""obs_mistake_mask=_EE_"":21,""obs_mistake_mask=_E_E"":10,""obs_mistake_mask=_E__"":43,""obs_mistake_mask=__EE"":14,""obs_mistake_mask=__E_"":35,""obs_mistake_mask=___E"":27}"
   1288192,         0,         0,   119.6,decoder_by_matrix,9c6baee88fc81e7d1aa345fcb3feec7ee81f21c5d49cb6ca037118097d89e180,"{""distance"":5,""physical_error_rate"":5e-05}","{""detection_events"":36955,""detectors_checked"":218992640}"
   2822144,         0,         0,   119.6,decoder_by_matrix,9c6baee88fc81e7d1aa345fcb3feec7ee81f21c5d49cb6ca037118097d89e180,"{""distance"":5,""physical_error_rate"":5e-05}","{""detection_events"":79375,""detectors_checked"":479764480}"
   1805312,         6,         0,   119.6,decoder_by_matrix,066a5d8d46981b593c3dec855f441edbe9e755a8873183448f69d036a2ecc650,"{""distance"":5,""physical_error_rate"":0.001}","{""detection_events"":1024310,""detectors_checked"":306903040,""obs_mistake_mask=E__E"":1,""obs_mistake_mask=E___"":2,""obs_mistake_mask=_E_E"":1,""obs_mistake_mask=_E__"":2}"
   3045376,         0,         0,   119.6,decoder_by_matrix,3c866087b289edc25e9adea730044a15db18cabfd3ae2507fc844d5b4e03657a,"{""distance"":5,""physical_error_rate"":5e-06}","{""detection_events"":7405,""detectors_checked"":517713920}"
   2043904,         0,         0,   119.5,decoder_by_matrix,b84cf4b8ca220d31f17e1e2ea9ab927bbc4176b15682c650e7d1dd8f2758172b,"{""distance"":5,""physical_error_rate"":0.0005}","{""detection_events"":587510,""detectors_checked"":347463680}"
   2083840,         4,         0,   119.6,decoder_by_matrix,066a5d8d46981b593c3dec855f441edbe9e755a8873183448f69d036a2ecc650,"{""distance"":5,""physical_error_rate"":0.001}","{""detection_events"":1178595,""detectors_checked"":354252800,""obs_mistake_mask=E___"":1,""obs_mistake_mask=_EEE"":1,""obs_mistake_mask=_E_E"":1,""obs_mistake_mask=_E__"":1}"
   2605056,         0,         0,   119.6,decoder_by_matrix,e41ade2e4684e0396b9a3890c882b6453b515d69885aa1d89a26ce21ec554895,"{""distance"":5,""physical_error_rate"":1e-06}","{""detection_events"":1430,""detectors_checked"":442859520}"
   1868800,       509,         0,   119.6,decoder_by_matrix,926aad2e192fb73fc0ac724cdb1e19af2dfa1e49635753b9cefb82507b443f08,"{""distance"":5,""physical_error_rate"":0.005}","{""detection_events"":5220750,""detectors_checked"":317696000,""obs_mistake_mask=EEEE"":2,""obs_mistake_mask=EEE_"":11,""obs_mistake_mask=EE_E"":12,""obs_mistake_mask=EE__"":26,""obs_mistake_mask=E_EE"":14,""obs_mistake_mask=E_E_"":32,""obs_mistake_mask=E__E"":45,""obs_mistake_mask=E___"":104,""obs_mistake_mask=_EEE"":32,""obs_mistake_mask=_EE_"":30,""obs_mistake_mask=_E_E"":27,""obs_mistake_mask=_E__"":45,""obs_mistake_mask=__EE"":22,""obs_mistake_mask=__E_"":50,""obs_mistake_mask=___E"":57}"
   1944576,         0,         0,   119.7,decoder_by_matrix,0421d486f8a041838688df650e87c0a19c3450ab7a7cc8b3dc589ebff86d1c74,"{""distance"":5,""physical_error_rate"":0.0001}","{""detection_events"":109555,""detectors_checked"":330577920}"
   1984512,       451,         0,   119.4,decoder_by_matrix,926aad2e192fb73fc0ac724cdb1e19af2dfa1e49635753b9cefb82507b443f08,"{""distance"":5,""physical_error_rate"":0.005}","{""detection_events"":5519690,""detectors_checked"":337367040,""obs_mistake_mask=EEE_"":13,""obs_mistake_mask=EE_E"":10,""obs_mistake_mask=EE__"":27,""obs_mistake_mask=E_EE"":8,""obs_mistake_mask=E_E_"":28,""obs_mistake_mask=E__E"":32,""obs_mistake_mask=E___"":92,""obs_mistake_mask=_EEE"":37,""obs_mistake_mask=_EE_"":21,""obs_mistake_mask=_E_E"":27,""obs_mistake_mask=_E__"":43,""obs_mistake_mask=__EE"":22,""obs_mistake_mask=__E_"":46,""obs_mistake_mask=___E"":45}"
   2878464,         0,         0,   119.6,decoder_by_matrix,fa5edda0c1038186c8afbec49b0215a0b852396cdb50783a3f937fdf51d2afac,"{""distance"":5,""physical_error_rate"":1e-05}","{""detection_events"":17070,""detectors_checked"":489338880}"
   2128896,         0,         0,   119.5,decoder_by_matrix,9c6baee88fc81e7d1aa345fcb3feec7ee81f21c5d49cb6ca037118097d89e180,"{""distance"":5,""physical_error_rate"":5e-05}","{""detection_events"":60350,""detectors_checked"":361912320}"
      1024,         0,         0,   0.077,decoder_by_matrix,926aad2e192fb73fc0ac724cdb1e19af2dfa1e49635753b9cefb82507b443f08,"{""distance"":5,""physical_error_rate"":0.005}","{""detection_events"":2490,""detectors_checked"":174080}"
    182272,        44,         0,    16.0,decoder_by_matrix,926aad2e192fb73fc0ac724cdb1e19af2dfa1e49635753b9cefb82507b443f08,"{""distance"":5,""physical_error_rate"":0.005}","{""detection_events"":513360,""detectors_checked"":30986240,""obs_mistake_mask=E_EE"":1,""obs_mistake_mask=E_E_"":2,""obs_mistake_mask=E__E"":2,""obs_mistake_mask=E___"":13,""obs_mistake_mask=_EEE"":5,""obs_mistake_mask=_EE_"":2,""obs_mistake_mask=_E__"":7,""obs_mistake_mask=__EE"":1,""obs_mistake_mask=__E_"":5,""obs_mistake_mask=___E"":6}"
   2758656,         0,         0,   119.6,decoder_by_matrix,b84cf4b8ca220d31f17e1e2ea9ab927bbc4176b15682c650e7d1dd8f2758172b,"{""distance"":5,""physical_error_rate"":0.0005}","{""detection_events"":778605,""detectors_checked"":468971520}"
   1312768,       314,         0,   118.3,decoder_by_matrix,926aad2e192fb73fc0ac724cdb1e19af2dfa1e49635753b9cefb82507b443f08,"{""distance"":5,""physical_error_rate"":0.005}","{""detection_events"":3665845,""detectors_checked"":223170560,""obs_mistake_mask=EEE_"":10,""obs_mistake_mask=EE_E"":5,""obs_mistake_mask=EE__"":19,""obs_mistake_mask=E_EE"":8,""obs_mistake_mask=E_E_"":16,""obs_mistake_mask=E__E"":26,""obs_mistake_mask=E___"":61,""obs_mistake_mask=_EEE"":23,""obs_mistake_mask=_EE_"":19,""obs_mistake_mask=_E_E"":14,""obs_mistake_mask=_E__"":32,""obs_mistake_mask=__EE"":15,""obs_mistake_mask=__E_"":37,""obs_mistake_mask=___E"":29}"
     50176,        10,         0,    5.10,decoder_by_matrix,926aad2e192fb73fc0ac724cdb1e19af2dfa1e49635753b9cefb82507b443f08,"{""distance"":5,""physical_error_rate"":0.005}","{""detection_events"":139940,""detectors_checked"":8529920,""obs_mistake_mask=EEE_"":1,""obs_mistake_mask=E_EE"":1,""obs_mistake_mask=E_E_"":1,""obs_mistake_mask=E__E"":1,""obs_mistake_mask=E___"":2,""obs_mistake_mask=_EE_"":1,""obs_mistake_mask=__EE"":1,""obs_mistake_mask=___E"":2}"
    628736,       139,         0,   116.6,decoder_by_matrix,926aad2e192fb73fc0ac724cdb1e19af2dfa1e49635753b9cefb82507b443f08,"{""distance"":5,""physical_error_rate"":0.005}","{""detection_events"":1752545,""detectors_checked"":106885120,""obs_mistake_mask=EEE_"":3,""obs_mistake_mask=EE_E"":4,""obs_mistake_mask=EE__"":8,""obs_mistake_mask=E_EE"":3,""obs_mistake_mask=E_E_"":13,""obs_mistake_mask=E__E"":9,""obs_mistake_mask=E___"":27,""obs_mistake_mask=_EEE"":11,""obs_mistake_mask=_EE_"":12,""obs_mistake_mask=_E_E"":5,""obs_mistake_mask=_E__"":13,""obs_mistake_mask=__EE"":4,""obs_mistake_mask=__E_"":18,""obs_mistake_mask=___E"":9}"
         1,         0,         0,   0.055,decoder_by_matrix,b84cf4b8ca220d31f17e1e2ea9ab927bbc4176b15682c650e7d1dd8f2758172b,"{""distance"":5,""physical_error_rate"":0.0005}","{""detectors_checked"":170}"
         1,         0,         0,   0.069,decoder_by_matrix,9c6baee88fc81e7d1aa345fcb3feec7ee81f21c5d49cb6ca037118097d89e180,"{""distance"":5,""physical_error_rate"":5e-05}","{""detectors_checked"":170}"
         1,         0,         0,   0.062,decoder_by_matrix,3c866087b289edc25e9adea730044a15db18cabfd3ae2507fc844d5b4e03657a,"{""distance"":5,""physical_error_rate"":5e-06}","{""detectors_checked"":170}"
         1,         0,         0,   0.063,decoder_by_matrix,e41ade2e4684e0396b9a3890c882b6453b515d69885aa1d89a26ce21ec554895,"{""distance"":5,""physical_error_rate"":1e-06}","{""detectors_checked"":170}"
         1,         0,         0,   0.072,decoder_by_matrix,fa5edda0c1038186c8afbec49b0215a0b852396cdb50783a3f937fdf51d2afac,"{""distance"":5,""physical_error_rate"":1e-05}","{""detectors_checked"":170}"
         1,         0,         0,   0.062,decoder_by_matrix,0421d486f8a041838688df650e87c0a19c3450ab7a7cc8b3dc589ebff86d1c74,"{""distance"":5,""physical_error_rate"":0.0001}","{""detectors_checked"":170}"
   2653184,         0,         0,   119.6,decoder_by_matrix,0421d486f8a041838688df650e87c0a19c3450ab7a7cc8b3dc589ebff86d1c74,"{""distance"":5,""physical_error_rate"":0.0001}","{""detection_events"":153310,""detectors_checked"":451041280}"
         8,         0,         0,   0.062,decoder_by_matrix,9c6baee88fc81e7d1aa345fcb3feec7ee81f21c5d49cb6ca037118097d89e180,"{""distance"":5,""physical_error_rate"":5e-05}","{""detectors_checked"":1360}"
         8,         0,         0,   0.061,decoder_by_matrix,fa5edda0c1038186c8afbec49b0215a0b852396cdb50783a3f937fdf51d2afac,"{""distance"":5,""physical_error_rate"":1e-05}","{""detectors_checked"":1360}"
         8,         0,         0,   0.075,decoder_by_matrix,3c866087b289edc25e9adea730044a15db18cabfd3ae2507fc844d5b4e03657a,"{""distance"":5,""physical_error_rate"":5e-06}","{""detectors_checked"":1360}"
         8,         0,         0,   0.076,decoder_by_matrix,e41ade2e4684e0396b9a3890c882b6453b515d69885aa1d89a26ce21ec554895,"{""distance"":5,""physical_error_rate"":1e-06}","{""detectors_checked"":1360}"
         8,         0,         0,   0.060,decoder_by_matrix,0421d486f8a041838688df650e87c0a19c3450ab7a7cc8b3dc589ebff86d1c74,"{""distance"":5,""physical_error_rate"":0.0001}","{""detectors_checked"":1360}"
        64,         0,         0,   0.077,decoder_by_matrix,9c6baee88fc81e7d1aa345fcb3feec7ee81f21c5d49cb6ca037118097d89e180,"{""distance"":5,""physical_error_rate"":5e-05}","{""detectors_checked"":10880}"
        64,         0,         0,   0.076,decoder_by_matrix,fa5edda0c1038186c8afbec49b0215a0b852396cdb50783a3f937fdf51d2afac,"{""distance"":5,""physical_error_rate"":1e-05}","{""detectors_checked"":10880}"
         8,         0,         0,   0.144,decoder_by_matrix,b84cf4b8ca220d31f17e1e2ea9ab927bbc4176b15682c650e7d1dd8f2758172b,"{""distance"":5,""physical_error_rate"":0.0005}","{""detectors_checked"":1360}"
        32,         0,         0,   0.075,decoder_by_matrix,3c866087b289edc25e9adea730044a15db18cabfd3ae2507fc844d5b4e03657a,"{""distance"":5,""physical_error_rate"":5e-06}","{""detectors_checked"":5440}"
        32,         0,         0,   0.076,decoder_by_matrix,e41ade2e4684e0396b9a3890c882b6453b515d69885aa1d89a26ce21ec554895,"{""distance"":5,""physical_error_rate"":1e-06}","{""detectors_checked"":5440}"
        64,         0,         0,   0.076,decoder_by_matrix,0421d486f8a041838688df650e87c0a19c3450ab7a7cc8b3dc589ebff86d1c74,"{""distance"":5,""physical_error_rate"":0.0001}","{""detectors_checked"":10880}"
       256,         0,         0,   0.075,decoder_by_matrix,9c6baee88fc81e7d1aa345fcb3feec7ee81f21c5d49cb6ca037118097d89e180,"{""distance"":5,""physical_error_rate"":5e-05}","{""detectors_checked"":43520}"
       256,         0,         0,   0.075,decoder_by_matrix,fa5edda0c1038186c8afbec49b0215a0b852396cdb50783a3f937fdf51d2afac,"{""distance"":5,""physical_error_rate"":1e-05}","{""detectors_checked"":43520}"
       256,         0,         0,   0.076,decoder_by_matrix,3c866087b289edc25e9adea730044a15db18cabfd3ae2507fc844d5b4e03657a,"{""distance"":5,""physical_error_rate"":5e-06}","{""detection_events"":10,""detectors_checked"":43520}"
       128,         0,         0,   0.076,decoder_by_matrix,e41ade2e4684e0396b9a3890c882b6453b515d69885aa1d89a26ce21ec554895,"{""distance"":5,""physical_error_rate"":1e-06}","{""detectors_checked"":21760}"
       256,         0,         0,   0.074,decoder_by_matrix,0421d486f8a041838688df650e87c0a19c3450ab7a7cc8b3dc589ebff86d1c74,"{""distance"":5,""physical_error_rate"":0.0001}","{""detection_events"":10,""detectors_checked"":43520}"
   2095104,         0,         0,   119.6,decoder_by_matrix,fa5edda0c1038186c8afbec49b0215a0b852396cdb50783a3f937fdf51d2afac,"{""distance"":5,""physical_error_rate"":1e-05}","{""detection_events"":11055,""detectors_checked"":356167680}"
        32,         0,         0,   0.148,decoder_by_matrix,b84cf4b8ca220d31f17e1e2ea9ab927bbc4176b15682c650e7d1dd8f2758172b,"{""distance"":5,""physical_error_rate"":0.0005}","{""detection_events"":10,""detectors_checked"":5440}"
      1024,         0,         0,   0.078,decoder_by_matrix,9c6baee88fc81e7d1aa345fcb3feec7ee81f21c5d49cb6ca037118097d89e180,"{""distance"":5,""physical_error_rate"":5e-05}","{""detection_events"":10,""detectors_checked"":174080}"
      1024,         0,         0,   0.080,decoder_by_matrix,fa5edda0c1038186c8afbec49b0215a0b852396cdb50783a3f937fdf51d2afac,"{""distance"":5,""physical_error_rate"":1e-05}","{""detection_events"":20,""detectors_checked"":174080}"
      1024,         0,         0,   0.077,decoder_by_matrix,3c866087b289edc25e9adea730044a15db18cabfd3ae2507fc844d5b4e03657a,"{""distance"":5,""physical_error_rate"":5e-06}","{""detectors_checked"":174080}"
       512,         0,         0,   0.076,decoder_by_matrix,e41ade2e4684e0396b9a3890c882b6453b515d69885aa1d89a26ce21ec554895,"{""distance"":5,""physical_error_rate"":1e-06}","{""detectors_checked"":87040}"
      1024,         0,         0,   0.078,decoder_by_matrix,0421d486f8a041838688df650e87c0a19c3450ab7a7cc8b3dc589ebff86d1c74,"{""distance"":5,""physical_error_rate"":0.0001}","{""detection_events"":25,""detectors_checked"":174080}"
      1024,         0,         0,   0.063,decoder_by_matrix,3c866087b289edc25e9adea730044a15db18cabfd3ae2507fc844d5b4e03657a,"{""distance"":5,""physical_error_rate"":5e-06}","{""detectors_checked"":174080}"
      1024,         0,         0,   0.078,decoder_by_matrix,9c6baee88fc81e7d1aa345fcb3feec7ee81f21c5d49cb6ca037118097d89e180,"{""distance"":5,""physical_error_rate"":5e-05}","{""detection_events"":10,""detectors_checked"":174080}"
      1024,         0,         0,   0.077,decoder_by_matrix,fa5edda0c1038186c8afbec49b0215a0b852396cdb50783a3f937fdf51d2afac,"{""distance"":5,""physical_error_rate"":1e-05}","{""detectors_checked"":174080}"
      1024,         0,         0,   0.076,decoder_by_matrix,e41ade2e4684e0396b9a3890c882b6453b515d69885aa1d89a26ce21ec554895,"{""distance"":5,""physical_error_rate"":1e-06}","{""detectors_checked"":174080}"
      1024,         0,         0,   0.077,decoder_by_matrix,0421d486f8a041838688df650e87c0a19c3450ab7a7cc8b3dc589ebff86d1c74,"{""distance"":5,""physical_error_rate"":0.0001}","{""detection_events"":15,""detectors_checked"":174080}"
      1024,         0,         0,   0.079,decoder_by_matrix,3c866087b289edc25e9adea730044a15db18cabfd3ae2507fc844d5b4e03657a,"{""distance"":5,""physical_error_rate"":5e-06}","{""detection_events"":20,""detectors_checked"":174080}"
      1024,         0,         0,   0.064,decoder_by_matrix,9c6baee88fc81e7d1aa345fcb3feec7ee81f21c5d49cb6ca037118097d89e180,"{""distance"":5,""physical_error_rate"":5e-05}","{""detectors_checked"":174080}"
      1024,         0,         0,   0.077,decoder_by_matrix,e41ade2e4684e0396b9a3890c882b6453b515d69885aa1d89a26ce21ec554895,"{""distance"":5,""physical_error_rate"":1e-06}","{""detectors_checked"":174080}"
      1024,         0,         0,   0.064,decoder_by_matrix,0421d486f8a041838688df650e87c0a19c3450ab7a7cc8b3dc589ebff86d1c74,"{""distance"":5,""physical_error_rate"":0.0001}","{""detection_events"":105,""detectors_checked"":174080}"
       128,         0,         0,   0.177,decoder_by_matrix,b84cf4b8ca220d31f17e1e2ea9ab927bbc4176b15682c650e7d1dd8f2758172b,"{""distance"":5,""physical_error_rate"":0.0005}","{""detection_events"":15,""detectors_checked"":21760}"
   2357248,         0,         0,   119.6,decoder_by_matrix,b84cf4b8ca220d31f17e1e2ea9ab927bbc4176b15682c650e7d1dd8f2758172b,"{""distance"":5,""physical_error_rate"":0.0005}","{""detection_events"":664320,""detectors_checked"":400732160}"
   1477632,         0,         0,   119.6,decoder_by_matrix,0421d486f8a041838688df650e87c0a19c3450ab7a7cc8b3dc589ebff86d1c74,"{""distance"":5,""physical_error_rate"":0.0001}","{""detection_events"":83755,""detectors_checked"":251197440}"
      2048,         0,         0,   0.138,decoder_by_matrix,fa5edda0c1038186c8afbec49b0215a0b852396cdb50783a3f937fdf51d2afac,"{""distance"":5,""physical_error_rate"":1e-05}","{""detectors_checked"":348160}"
   2117632,         0,         0,   119.6,decoder_by_matrix,3c866087b289edc25e9adea730044a15db18cabfd3ae2507fc844d5b4e03657a,"{""distance"":5,""physical_error_rate"":5e-06}","{""detection_events"":6430,""detectors_checked"":359997440}"
      2048,         0,         0,   0.159,decoder_by_matrix,3c866087b289edc25e9adea730044a15db18cabfd3ae2507fc844d5b4e03657a,"{""distance"":5,""physical_error_rate"":5e-06}","{""detectors_checked"":348160}"
      2048,         0,         0,   0.149,decoder_by_matrix,0421d486f8a041838688df650e87c0a19c3450ab7a7cc8b3dc589ebff86d1c74,"{""distance"":5,""physical_error_rate"":0.0001}","{""detection_events"":180,""detectors_checked"":348160}"
      2048,         0,         0,   0.154,decoder_by_matrix,e41ade2e4684e0396b9a3890c882b6453b515d69885aa1d89a26ce21ec554895,"{""distance"":5,""physical_error_rate"":1e-06}","{""detection_events"":10,""detectors_checked"":348160}"
      2048,         0,         0,   0.174,decoder_by_matrix,9c6baee88fc81e7d1aa345fcb3feec7ee81f21c5d49cb6ca037118097d89e180,"{""distance"":5,""physical_error_rate"":5e-05}","{""detection_events"":110,""detectors_checked"":348160}"
       256,         0,         0,   0.155,decoder_by_matrix,b84cf4b8ca220d31f17e1e2ea9ab927bbc4176b15682c650e7d1dd8f2758172b,"{""distance"":5,""physical_error_rate"":0.0005}","{""detection_events"":85,""detectors_checked"":43520}"
   2570240,         0,         0,   119.6,decoder_by_matrix,e41ade2e4684e0396b9a3890c882b6453b515d69885aa1d89a26ce21ec554895,"{""distance"":5,""physical_error_rate"":1e-06}","{""detection_events"":1270,""detectors_checked"":436940800}"
      2048,         0,         0,   0.176,decoder_by_matrix,fa5edda0c1038186c8afbec49b0215a0b852396cdb50783a3f937fdf51d2afac,"{""distance"":5,""physical_error_rate"":1e-05}","{""detection_events"":10,""detectors_checked"":348160}"
   2416640,         0,         0,   119.6,decoder_by_matrix,3c866087b289edc25e9adea730044a15db18cabfd3ae2507fc844d5b4e03657a,"{""distance"":5,""physical_error_rate"":5e-06}","{""detection_events"":6765,""detectors_checked"":410828800}"
      2048,         0,         0,   0.156,decoder_by_matrix,0421d486f8a041838688df650e87c0a19c3450ab7a7cc8b3dc589ebff86d1c74,"{""distance"":5,""physical_error_rate"":0.0001}","{""detection_events"":130,""detectors_checked"":348160}"
      2048,         0,         0,   0.156,decoder_by_matrix,9c6baee88fc81e7d1aa345fcb3feec7ee81f21c5d49cb6ca037118097d89e180,"{""distance"":5,""physical_error_rate"":5e-05}","{""detection_events"":80,""detectors_checked"":348160}"
       512,         0,         0,   0.158,decoder_by_matrix,b84cf4b8ca220d31f17e1e2ea9ab927bbc4176b15682c650e7d1dd8f2758172b,"{""distance"":5,""physical_error_rate"":0.0005}","{""detection_events"":170,""detectors_checked"":87040}"
      3072,         0,         0,   0.213,decoder_by_matrix,3c866087b289edc25e9adea730044a15db18cabfd3ae2507fc844d5b4e03657a,"{""distance"":5,""physical_error_rate"":5e-06}","{""detection_events"":20,""detectors_checked"":522240}"
      3072,         0,         0,   0.205,decoder_by_matrix,e41ade2e4684e0396b9a3890c882b6453b515d69885aa1d89a26ce21ec554895,"{""distance"":5,""physical_error_rate"":1e-06}","{""detectors_checked"":522240}"
      2048,         0,         0,   0.162,decoder_by_matrix,fa5edda0c1038186c8afbec49b0215a0b852396cdb50783a3f937fdf51d2afac,"{""distance"":5,""physical_error_rate"":1e-05}","{""detectors_checked"":348160}"
   2088960,         0,         0,   119.6,decoder_by_matrix,e41ade2e4684e0396b9a3890c882b6453b515d69885aa1d89a26ce21ec554895,"{""distance"":5,""physical_error_rate"":1e-06}","{""detection_events"":1140,""detectors_checked"":355123200}"
      1024,         0,         0,   0.160,decoder_by_matrix,b84cf4b8ca220d31f17e1e2ea9ab927bbc4176b15682c650e7d1dd8f2758172b,"{""distance"":5,""physical_error_rate"":0.0005}","{""detection_events"":220,""detectors_checked"":174080}"
   2630656,         0,         0,   119.5,decoder_by_matrix,fa5edda0c1038186c8afbec49b0215a0b852396cdb50783a3f937fdf51d2afac,"{""distance"":5,""physical_error_rate"":1e-05}","{""detection_events"":14760,""detectors_checked"":447211520}"
      3072,         0,         0,   0.232,decoder_by_matrix,0421d486f8a041838688df650e87c0a19c3450ab7a7cc8b3dc589ebff86d1c74,"{""distance"":5,""physical_error_rate"":0.0001}","{""detection_events"":195,""detectors_checked"":522240}"
      3072,         0,         0,   0.233,decoder_by_matrix,9c6baee88fc81e7d1aa345fcb3feec7ee81f21c5d49cb6ca037118097d89e180,"{""distance"":5,""physical_error_rate"":5e-05}","{""detection_events"":80,""detectors_checked"":522240}"
      3072,         0,         0,   0.209,decoder_by_matrix,3c866087b289edc25e9adea730044a15db18cabfd3ae2507fc844d5b4e03657a,"{""distance"":5,""physical_error_rate"":5e-06}","{""detectors_checked"":522240}"
      3072,         0,         0,   0.231,decoder_by_matrix,e41ade2e4684e0396b9a3890c882b6453b515d69885aa1d89a26ce21ec554895,"{""distance"":5,""physical_error_rate"":1e-06}","{""detectors_checked"":522240}"
      1024,         0,         0,   0.218,decoder_by_matrix,b84cf4b8ca220d31f17e1e2ea9ab927bbc4176b15682c650e7d1dd8f2758172b,"{""distance"":5,""physical_error_rate"":0.0005}","{""detection_events"":250,""detectors_checked"":174080}"
      3072,         0,         0,   0.340,decoder_by_matrix,fa5edda0c1038186c8afbec49b0215a0b852396cdb50783a3f937fdf51d2afac,"{""distance"":5,""physical_error_rate"":1e-05}","{""detection_events"":20,""detectors_checked"":522240}"
      7168,         0,         0,   0.291,decoder_by_matrix,3c866087b289edc25e9adea730044a15db18cabfd3ae2507fc844d5b4e03657a,"{""distance"":5,""physical_error_rate"":5e-06}","{""detectors_checked"":1218560}"
      4096,         0,         0,   0.329,decoder_by_matrix,0421d486f8a041838688df650e87c0a19c3450ab7a7cc8b3dc589ebff86d1c74,"{""distance"":5,""physical_error_rate"":0.0001}","{""detection_events"":185,""detectors_checked"":696320}"
      1024,         0,         0,   0.209,decoder_by_matrix,b84cf4b8ca220d31f17e1e2ea9ab927bbc4176b15682c650e7d1dd8f2758172b,"{""distance"":5,""physical_error_rate"":0.0005}","{""detection_events"":375,""detectors_checked"":174080}"
      5120,         0,         0,   0.317,decoder_by_matrix,e41ade2e4684e0396b9a3890c882b6453b515d69885aa1d89a26ce21ec554895,"{""distance"":5,""physical_error_rate"":1e-06}","{""detectors_checked"":870400}"
      1024,         0,         0,   0.298,decoder_by_matrix,b84cf4b8ca220d31f17e1e2ea9ab927bbc4176b15682c650e7d1dd8f2758172b,"{""distance"":5,""physical_error_rate"":0.0005}","{""detection_events"":275,""detectors_checked"":174080}"
   2458624,         0,         0,   119.6,decoder_by_matrix,0421d486f8a041838688df650e87c0a19c3450ab7a7cc8b3dc589ebff86d1c74,"{""distance"":5,""physical_error_rate"":0.0001}","{""detection_events"":140610,""detectors_checked"":417966080}"
      1024,         0,         0,   0.528,decoder_by_matrix,fa5edda0c1038186c8afbec49b0215a0b852396cdb50783a3f937fdf51d2afac,"{""distance"":5,""physical_error_rate"":1e-05}","{""detection_events"":10,""detectors_checked"":174080}"
     10240,         0,         0,   0.425,decoder_by_matrix,3c866087b289edc25e9adea730044a15db18cabfd3ae2507fc844d5b4e03657a,"{""distance"":5,""physical_error_rate"":5e-06}","{""detection_events"":15,""detectors_checked"":1740800}"
      1024,         0,         0,   0.447,decoder_by_matrix,0421d486f8a041838688df650e87c0a19c3450ab7a7cc8b3dc589ebff86d1c74,"{""distance"":5,""physical_error_rate"":0.0001}","{""detection_events"":90,""detectors_checked"":174080}"
      4096,         0,         0,   0.760,decoder_by_matrix,9c6baee88fc81e7d1aa345fcb3feec7ee81f21c5d49cb6ca037118097d89e180,"{""distance"":5,""physical_error_rate"":5e-05}","{""detection_events"":70,""detectors_checked"":696320}"
   1313792,         3,         0,   119.6,decoder_by_matrix,066a5d8d46981b593c3dec855f441edbe9e755a8873183448f69d036a2ecc650,"{""distance"":5,""physical_error_rate"":0.001}","{""detection_events"":742225,""detectors_checked"":223344640,""obs_mistake_mask=E___"":1,""obs_mistake_mask=__E_"":1,""obs_mistake_mask=___E"":1}"
     11264,         0,         0,   0.417,decoder_by_matrix,e41ade2e4684e0396b9a3890c882b6453b515d69885aa1d89a26ce21ec554895,"{""distance"":5,""physical_error_rate"":1e-06}","{""detectors_checked"":1914880}"
   2010112,         0,         0,   119.6,decoder_by_matrix,9c6baee88fc81e7d1aa345fcb3feec7ee81f21c5d49cb6ca037118097d89e180,"{""distance"":5,""physical_error_rate"":5e-05}","{""detection_events"":57425,""detectors_checked"":341719040}"
    748544,         0,         0,   119.1,decoder_by_matrix,fa5edda0c1038186c8afbec49b0215a0b852396cdb50783a3f937fdf51d2afac,"{""distance"":5,""physical_error_rate"":1e-05}","{""detection_events"":4040,""detectors_checked"":127252480}"
      2048,         0,         0,   0.413,decoder_by_matrix,b84cf4b8ca220d31f17e1e2ea9ab927bbc4176b15682c650e7d1dd8f2758172b,"{""distance"":5,""physical_error_rate"":0.0005}","{""detection_events"":745,""detectors_checked"":348160}"
      5120,         0,         0,   0.411,decoder_by_matrix,fa5edda0c1038186c8afbec49b0215a0b852396cdb50783a3f937fdf51d2afac,"{""distance"":5,""physical_error_rate"":1e-05}","{""detection_events"":50,""detectors_checked"":870400}"
      5120,         0,         0,   0.411,decoder_by_matrix,9c6baee88fc81e7d1aa345fcb3feec7ee81f21c5d49cb6ca037118097d89e180,"{""distance"":5,""physical_error_rate"":5e-05}","{""detection_events"":115,""detectors_checked"":870400}"
      8192,         0,         0,   0.572,decoder_by_matrix,3c866087b289edc25e9adea730044a15db18cabfd3ae2507fc844d5b4e03657a,"{""distance"":5,""physical_error_rate"":5e-06}","{""detection_events"":10,""detectors_checked"":1392640}"
      3072,         0,         0,   0.601,decoder_by_matrix,0421d486f8a041838688df650e87c0a19c3450ab7a7cc8b3dc589ebff86d1c74,"{""distance"":5,""physical_error_rate"":0.0001}","{""detection_events"":140,""detectors_checked"":522240}"
     14336,         0,         0,   0.612,decoder_by_matrix,e41ade2e4684e0396b9a3890c882b6453b515d69885aa1d89a26ce21ec554895,"{""distance"":5,""physical_error_rate"":1e-06}","{""detectors_checked"":2437120}"
      3072,         0,         0,   0.503,decoder_by_matrix,b84cf4b8ca220d31f17e1e2ea9ab927bbc4176b15682c650e7d1dd8f2758172b,"{""distance"":5,""physical_error_rate"":0.0005}","{""detection_events"":870,""detectors_checked"":522240}"
      8192,         0,         0,   0.553,decoder_by_matrix,fa5edda0c1038186c8afbec49b0215a0b852396cdb50783a3f937fdf51d2afac,"{""distance"":5,""physical_error_rate"":1e-05}","{""detection_events"":10,""detectors_checked"":1392640}"
      8192,         0,         0,   0.593,decoder_by_matrix,9c6baee88fc81e7d1aa345fcb3feec7ee81f21c5d49cb6ca037118097d89e180,"{""distance"":5,""physical_error_rate"":5e-05}","{""detection_events"":180,""detectors_checked"":1392640}"
     11264,         0,         0,   0.804,decoder_by_matrix,3c866087b289edc25e9adea730044a15db18cabfd3ae2507fc844d5b4e03657a,"{""distance"":5,""physical_error_rate"":5e-06}","{""detection_events"":10,""detectors_checked"":1914880}"
     11264,         0,         0,   0.808,decoder_by_matrix,e41ade2e4684e0396b9a3890c882b6453b515d69885aa1d89a26ce21ec554895,"{""distance"":5,""physical_error_rate"":1e-06}","{""detectors_checked"":1914880}"
      9216,         0,         0,   0.845,decoder_by_matrix,0421d486f8a041838688df650e87c0a19c3450ab7a7cc8b3dc589ebff86d1c74,"{""distance"":5,""physical_error_rate"":0.0001}","{""detection_events"":695,""detectors_checked"":1566720}"
      4096,         0,         0,   0.658,decoder_by_matrix,b84cf4b8ca220d31f17e1e2ea9ab927bbc4176b15682c650e7d1dd8f2758172b,"{""distance"":5,""physical_error_rate"":0.0005}","{""detection_events"":1190,""detectors_checked"":696320}"
     11264,         0,         0,   0.793,decoder_by_matrix,fa5edda0c1038186c8afbec49b0215a0b852396cdb50783a3f937fdf51d2afac,"{""distance"":5,""physical_error_rate"":1e-05}","{""detection_events"":95,""detectors_checked"":1914880}"
     11264,         0,         0,   0.808,decoder_by_matrix,9c6baee88fc81e7d1aa345fcb3feec7ee81f21c5d49cb6ca037118097d89e180,"{""distance"":5,""physical_error_rate"":5e-05}","{""detection_events"":485,""detectors_checked"":1914880}"
      5120,         0,         0,   0.839,decoder_by_matrix,b84cf4b8ca220d31f17e1e2ea9ab927bbc4176b15682c650e7d1dd8f2758172b,"{""distance"":5,""physical_error_rate"":0.0005}","{""detection_events"":1445,""detectors_checked"":870400}"
     15360,         0,         0,    1.12,decoder_by_matrix,3c866087b289edc25e9adea730044a15db18cabfd3ae2507fc844d5b4e03657a,"{""distance"":5,""physical_error_rate"":5e-06}","{""detection_events"":20,""detectors_checked"":2611200}"
     15360,         0,         0,    1.14,decoder_by_matrix,e41ade2e4684e0396b9a3890c882b6453b515d69885aa1d89a26ce21ec554895,"{""distance"":5,""physical_error_rate"":1e-06}","{""detection_events"":10,""detectors_checked"":2611200}"
      6144,         0,         0,    1.17,decoder_by_matrix,0421d486f8a041838688df650e87c0a19c3450ab7a7cc8b3dc589ebff86d1c74,"{""distance"":5,""physical_error_rate"":0.0001}","{""detection_events"":410,""detectors_checked"":1044480}"
     16384,         0,         0,    1.15,decoder_by_matrix,fa5edda0c1038186c8afbec49b0215a0b852396cdb50783a3f937fdf51d2afac,"{""distance"":5,""physical_error_rate"":1e-05}","{""detection_events"":70,""detectors_checked"":2785280}"
     15360,         0,         0,    1.12,decoder_by_matrix,9c6baee88fc81e7d1aa345fcb3feec7ee81f21c5d49cb6ca037118097d89e180,"{""distance"":5,""physical_error_rate"":5e-05}","{""detection_events"":400,""detectors_checked"":2611200}"
      7168,         0,         0,    1.22,decoder_by_matrix,b84cf4b8ca220d31f17e1e2ea9ab927bbc4176b15682c650e7d1dd8f2758172b,"{""distance"":5,""physical_error_rate"":0.0005}","{""detection_events"":1940,""detectors_checked"":1218560}"
     21504,         0,         0,    1.61,decoder_by_matrix,3c866087b289edc25e9adea730044a15db18cabfd3ae2507fc844d5b4e03657a,"{""distance"":5,""physical_error_rate"":5e-06}","{""detection_events"":50,""detectors_checked"":3655680}"
     23552,         0,         0,    1.56,decoder_by_matrix,e41ade2e4684e0396b9a3890c882b6453b515d69885aa1d89a26ce21ec554895,"{""distance"":5,""physical_error_rate"":1e-06}","{""detection_events"":50,""detectors_checked"":4003840}"
     17408,         0,         0,    1.56,decoder_by_matrix,0421d486f8a041838688df650e87c0a19c3450ab7a7cc8b3dc589ebff86d1c74,"{""distance"":5,""physical_error_rate"":0.0001}","{""detection_events"":1295,""detectors_checked"":2959360}"
     22528,         0,         0,    1.56,decoder_by_matrix,fa5edda0c1038186c8afbec49b0215a0b852396cdb50783a3f937fdf51d2afac,"{""distance"":5,""physical_error_rate"":1e-05}","{""detection_events"":205,""detectors_checked"":3829760}"
      7168,         0,         0,    1.50,decoder_by_matrix,9c6baee88fc81e7d1aa345fcb3feec7ee81f21c5d49cb6ca037118097d89e180,"{""distance"":5,""physical_error_rate"":5e-05}","{""detection_events"":105,""detectors_checked"":1218560}"
      8192,         0,         0,    1.75,decoder_by_matrix,b84cf4b8ca220d31f17e1e2ea9ab927bbc4176b15682c650e7d1dd8f2758172b,"{""distance"":5,""physical_error_rate"":0.0005}","{""detection_events"":2215,""detectors_checked"":1392640}"
     38912,         0,         0,    2.18,decoder_by_matrix,3c866087b289edc25e9adea730044a15db18cabfd3ae2507fc844d5b4e03657a,"{""distance"":5,""physical_error_rate"":5e-06}","{""detection_events"":115,""detectors_checked"":6615040}"
     52224,         0,         0,    2.20,decoder_by_matrix,e41ade2e4684e0396b9a3890c882b6453b515d69885aa1d89a26ce21ec554895,"{""distance"":5,""physical_error_rate"":1e-06}","{""detection_events"":20,""detectors_checked"":8878080}"
     13312,         0,         0,    2.19,decoder_by_matrix,0421d486f8a041838688df650e87c0a19c3450ab7a7cc8b3dc589ebff86d1c74,"{""distance"":5,""physical_error_rate"":0.0001}","{""detection_events"":810,""detectors_checked"":2263040}"
     31744,         0,         0,    2.25,decoder_by_matrix,fa5edda0c1038186c8afbec49b0215a0b852396cdb50783a3f937fdf51d2afac,"{""distance"":5,""physical_error_rate"":1e-05}","{""detection_events"":165,""detectors_checked"":5396480}"
   1310720,         0,         0,   119.4,decoder_by_matrix,e41ade2e4684e0396b9a3890c882b6453b515d69885aa1d89a26ce21ec554895,"{""distance"":5,""physical_error_rate"":1e-06}","{""detection_events"":725,""detectors_checked"":222822400}"
      6144,         0,         0,    2.57,decoder_by_matrix,9c6baee88fc81e7d1aa345fcb3feec7ee81f21c5d49cb6ca037118097d89e180,"{""distance"":5,""physical_error_rate"":5e-05}","{""detection_events"":230,""detectors_checked"":1044480}"
     10240,         0,         0,    2.24,decoder_by_matrix,b84cf4b8ca220d31f17e1e2ea9ab927bbc4176b15682c650e7d1dd8f2758172b,"{""distance"":5,""physical_error_rate"":0.0005}","{""detection_events"":2870,""detectors_checked"":1740800}"
    790528,         2,         0,   119.3,decoder_by_matrix,066a5d8d46981b593c3dec855f441edbe9e755a8873183448f69d036a2ecc650,"{""distance"":5,""physical_error_rate"":0.001}","{""detection_events"":448025,""detectors_checked"":134389760,""obs_mistake_mask=EE__"":1,""obs_mistake_mask=_E__"":1}"
   1188864,         0,         0,   119.7,decoder_by_matrix,0421d486f8a041838688df650e87c0a19c3450ab7a7cc8b3dc589ebff86d1c74,"{""distance"":5,""physical_error_rate"":0.0001}","{""detection_events"":67465,""detectors_checked"":202106880}"
     77824,         0,         0,    3.05,decoder_by_matrix,3c866087b289edc25e9adea730044a15db18cabfd3ae2507fc844d5b4e03657a,"{""distance"":5,""physical_error_rate"":5e-06}","{""detection_events"":335,""detectors_checked"":13230080}"
     67584,         0,         0,    3.09,decoder_by_matrix,e41ade2e4684e0396b9a3890c882b6453b515d69885aa1d89a26ce21ec554895,"{""distance"":5,""physical_error_rate"":1e-06}","{""detection_events"":45,""detectors_checked"":11489280}"
     22528,         0,         0,    3.18,decoder_by_matrix,0421d486f8a041838688df650e87c0a19c3450ab7a7cc8b3dc589ebff86d1c74,"{""distance"":5,""physical_error_rate"":0.0001}","{""detection_events"":1055,""detectors_checked"":3829760}"
     37888,         0,         0,    3.07,decoder_by_matrix,fa5edda0c1038186c8afbec49b0215a0b852396cdb50783a3f937fdf51d2afac,"{""distance"":5,""physical_error_rate"":1e-05}","{""detection_events"":305,""detectors_checked"":6440960}"
     18432,         0,         0,    3.10,decoder_by_matrix,9c6baee88fc81e7d1aa345fcb3feec7ee81f21c5d49cb6ca037118097d89e180,"{""distance"":5,""physical_error_rate"":5e-05}","{""detection_events"":680,""detectors_checked"":3133440}"
     16384,         0,         0,    3.13,decoder_by_matrix,b84cf4b8ca220d31f17e1e2ea9ab927bbc4176b15682c650e7d1dd8f2758172b,"{""distance"":5,""physical_error_rate"":0.0005}","{""detection_events"":5440,""detectors_checked"":2785280}"
    724992,         0,         0,   119.1,decoder_by_matrix,e41ade2e4684e0396b9a3890c882b6453b515d69885aa1d89a26ce21ec554895,"{""distance"":5,""physical_error_rate"":1e-06}","{""detection_events"":355,""detectors_checked"":123248640}"
   1534976,         0,         0,   119.6,decoder_by_matrix,9c6baee88fc81e7d1aa345fcb3feec7ee81f21c5d49cb6ca037118097d89e180,"{""distance"":5,""physical_error_rate"":5e-05}","{""detection_events"":43185,""detectors_checked"":260945920}"
     62464,         0,         0,    4.26,decoder_by_matrix,3c866087b289edc25e9adea730044a15db18cabfd3ae2507fc844d5b4e03657a,"{""distance"":5,""physical_error_rate"":5e-06}","{""detection_events"":80,""detectors_checked"":10618880}"
     97280,         0,         0,    4.27,decoder_by_matrix,e41ade2e4684e0396b9a3890c882b6453b515d69885aa1d89a26ce21ec554895,"{""distance"":5,""physical_error_rate"":1e-06}","{""detection_events"":40,""detectors_checked"":16537600}"
     25600,         0,         0,    4.25,decoder_by_matrix,0421d486f8a041838688df650e87c0a19c3450ab7a7cc8b3dc589ebff86d1c74,"{""distance"":5,""physical_error_rate"":0.0001}","{""detection_events"":1760,""detectors_checked"":4352000}"
     54272,         0,         0,    4.55,decoder_by_matrix,fa5edda0c1038186c8afbec49b0215a0b852396cdb50783a3f937fdf51d2afac,"{""distance"":5,""physical_error_rate"":1e-05}","{""detection_events"":280,""detectors_checked"":9226240}"
     44032,         0,         0,    4.33,decoder_by_matrix,9c6baee88fc81e7d1aa345fcb3feec7ee81f21c5d49cb6ca037118097d89e180,"{""distance"":5,""physical_error_rate"":5e-05}","{""detection_events"":1090,""detectors_checked"":7485440}"
    705536,         0,         0,   118.8,decoder_by_matrix,fa5edda0c1038186c8afbec49b0215a0b852396cdb50783a3f937fdf51d2afac,"{""distance"":5,""physical_error_rate"":1e-05}","{""detection_events"":3695,""detectors_checked"":119941120}"
     20480,         0,         0,    4.49,decoder_by_matrix,b84cf4b8ca220d31f17e1e2ea9ab927bbc4176b15682c650e7d1dd8f2758172b,"{""distance"":5,""physical_error_rate"":0.0005}","{""detection_events"":5815,""detectors_checked"":3481600}"
   2240512,         0,         0,   119.5,decoder_by_matrix,e41ade2e4684e0396b9a3890c882b6453b515d69885aa1d89a26ce21ec554895,"{""distance"":5,""physical_error_rate"":1e-06}","{""detection_events"":1280,""detectors_checked"":380887040}"
   2167808,         0,         0,   119.7,decoder_by_matrix,3c866087b289edc25e9adea730044a15db18cabfd3ae2507fc844d5b4e03657a,"{""distance"":5,""physical_error_rate"":5e-06}","{""detection_events"":7075,""detectors_checked"":368527360}"
    681984,         0,         0,   119.3,decoder_by_matrix,3c866087b289edc25e9adea730044a15db18cabfd3ae2507fc844d5b4e03657a,"{""distance"":5,""physical_error_rate"":5e-06}","{""detection_events"":2240,""detectors_checked"":115937280}"
   1299456,         0,         0,   119.6,decoder_by_matrix,0421d486f8a041838688df650e87c0a19c3450ab7a7cc8b3dc589ebff86d1c74,"{""distance"":5,""physical_error_rate"":0.0001}","{""detection_events"":76415,""detectors_checked"":220907520}"
   1277952,         0,         0,   119.6,decoder_by_matrix,b84cf4b8ca220d31f17e1e2ea9ab927bbc4176b15682c650e7d1dd8f2758172b,"{""distance"":5,""physical_error_rate"":0.0005}","{""detection_events"":360570,""detectors_checked"":217251840}"
   1371136,         0,         0,   119.7,decoder_by_matrix,b84cf4b8ca220d31f17e1e2ea9ab927bbc4176b15682c650e7d1dd8f2758172b,"{""distance"":5,""physical_error_rate"":0.0005}","{""detection_events"":390785,""detectors_checked"":233093120}"
    774144,         0,         0,   118.9,decoder_by_matrix,fa5edda0c1038186c8afbec49b0215a0b852396cdb50783a3f937fdf51d2afac,"{""distance"":5,""physical_error_rate"":1e-05}","{""detection_events"":4495,""detectors_checked"":131604480}"
    755712,         0,         0,   119.1,decoder_by_matrix,3c866087b289edc25e9adea730044a15db18cabfd3ae2507fc844d5b4e03657a,"{""distance"":5,""physical_error_rate"":5e-06}","{""detection_events"":2360,""detectors_checked"":128471040}"
   1280000,         3,         0,   119.6,decoder_by_matrix,066a5d8d46981b593c3dec855f441edbe9e755a8873183448f69d036a2ecc650,"{""distance"":5,""physical_error_rate"":0.001}","{""detection_events"":724020,""detectors_checked"":217600000,""obs_mistake_mask=EE__"":1,""obs_mistake_mask=E_E_"":1,""obs_mistake_mask=_E__"":1}"
   1293312,         0,         0,   119.6,decoder_by_matrix,9c6baee88fc81e7d1aa345fcb3feec7ee81f21c5d49cb6ca037118097d89e180,"{""distance"":5,""physical_error_rate"":5e-05}","{""detection_events"":34850,""detectors_checked"":219863040}"
     83968,         0,         0,    5.94,decoder_by_matrix,3c866087b289edc25e9adea730044a15db18cabfd3ae2507fc844d5b4e03657a,"{""distance"":5,""physical_error_rate"":5e-06}","{""detection_events"":365,""detectors_checked"":14274560}"
    125952,         0,         0,    6.02,decoder_by_matrix,e41ade2e4684e0396b9a3890c882b6453b515d69885aa1d89a26ce21ec554895,"{""distance"":5,""physical_error_rate"":1e-06}","{""detection_events"":85,""detectors_checked"":21411840}"
     17408,         0,         0,    5.96,decoder_by_matrix,0421d486f8a041838688df650e87c0a19c3450ab7a7cc8b3dc589ebff86d1c74,"{""distance"":5,""physical_error_rate"":0.0001}","{""detection_events"":1105,""detectors_checked"":2959360}"
     38912,         0,         0,    6.16,decoder_by_matrix,fa5edda0c1038186c8afbec49b0215a0b852396cdb50783a3f937fdf51d2afac,"{""distance"":5,""physical_error_rate"":1e-05}","{""detection_events"":135,""detectors_checked"":6615040}"
     56320,         0,         0,    6.02,decoder_by_matrix,9c6baee88fc81e7d1aa345fcb3feec7ee81f21c5d49cb6ca037118097d89e180,"{""distance"":5,""physical_error_rate"":5e-05}","{""detection_events"":1450,""detectors_checked"":9574400}"
     28672,         0,         0,    6.00,decoder_by_matrix,b84cf4b8ca220d31f17e1e2ea9ab927bbc4176b15682c650e7d1dd8f2758172b,"{""distance"":5,""physical_error_rate"":0.0005}","{""detection_events"":7205,""detectors_checked"":4874240}"
    125952,         0,         0,    8.37,decoder_by_matrix,3c866087b289edc25e9adea730044a15db18cabfd3ae2507fc844d5b4e03657a,"{""distance"":5,""physical_error_rate"":5e-06}","{""detection_events"":310,""detectors_checked"":21411840}"
    161792,         0,         0,    8.35,decoder_by_matrix,e41ade2e4684e0396b9a3890c882b6453b515d69885aa1d89a26ce21ec554895,"{""distance"":5,""physical_error_rate"":1e-06}","{""detection_events"":105,""detectors_checked"":27504640}"
    101376,         0,         0,    8.35,decoder_by_matrix,0421d486f8a041838688df650e87c0a19c3450ab7a7cc8b3dc589ebff86d1c74,"{""distance"":5,""physical_error_rate"":0.0001}","{""detection_events"":6080,""detectors_checked"":17233920}"
     73728,         0,         0,    8.29,decoder_by_matrix,fa5edda0c1038186c8afbec49b0215a0b852396cdb50783a3f937fdf51d2afac,"{""distance"":5,""physical_error_rate"":1e-05}","{""detection_events"":300,""detectors_checked"":12533760}"
     55296,         0,         0,    8.56,decoder_by_matrix,9c6baee88fc81e7d1aa345fcb3feec7ee81f21c5d49cb6ca037118097d89e180,"{""distance"":5,""physical_error_rate"":5e-05}","{""detection_events"":1490,""detectors_checked"":9400320}"
     41984,         0,         0,    8.58,decoder_by_matrix,b84cf4b8ca220d31f17e1e2ea9ab927bbc4176b15682c650e7d1dd8f2758172b,"{""distance"":5,""physical_error_rate"":0.0005}","{""detection_events"":12910,""detectors_checked"":7137280}"
    175104,         0,         0,    11.7,decoder_by_matrix,3c866087b289edc25e9adea730044a15db18cabfd3ae2507fc844d5b4e03657a,"{""distance"":5,""physical_error_rate"":5e-06}","{""detection_events"":570,""detectors_checked"":29767680}"
    201728,         0,         0,    11.7,decoder_by_matrix,e41ade2e4684e0396b9a3890c882b6453b515d69885aa1d89a26ce21ec554895,"{""distance"":5,""physical_error_rate"":1e-06}","{""detection_events"":150,""detectors_checked"":34293760}"
    129024,         0,         0,    11.8,decoder_by_matrix,0421d486f8a041838688df650e87c0a19c3450ab7a7cc8b3dc589ebff86d1c74,"{""distance"":5,""physical_error_rate"":0.0001}","{""detection_events"":7645,""detectors_checked"":21934080}"
    147456,         0,         0,    11.7,decoder_by_matrix,fa5edda0c1038186c8afbec49b0215a0b852396cdb50783a3f937fdf51d2afac,"{""distance"":5,""physical_error_rate"":1e-05}","{""detection_events"":710,""detectors_checked"":25067520}"
    112640,         0,         0,    11.7,decoder_by_matrix,9c6baee88fc81e7d1aa345fcb3feec7ee81f21c5d49cb6ca037118097d89e180,"{""distance"":5,""physical_error_rate"":5e-05}","{""detection_events"":3285,""detectors_checked"":19148800}"
     60416,         0,         0,    11.9,decoder_by_matrix,b84cf4b8ca220d31f17e1e2ea9ab927bbc4176b15682c650e7d1dd8f2758172b,"{""distance"":5,""physical_error_rate"":0.0005}","{""detection_events"":17285,""detectors_checked"":10270720}"
    268288,         0,         0,    16.4,decoder_by_matrix,3c866087b289edc25e9adea730044a15db18cabfd3ae2507fc844d5b4e03657a,"{""distance"":5,""physical_error_rate"":5e-06}","{""detection_events"":600,""detectors_checked"":45608960}"
    311296,         0,         0,    16.4,decoder_by_matrix,e41ade2e4684e0396b9a3890c882b6453b515d69885aa1d89a26ce21ec554895,"{""distance"":5,""physical_error_rate"":1e-06}","{""detection_events"":160,""detectors_checked"":52920320}"
    211968,         0,         0,    16.4,decoder_by_matrix,0421d486f8a041838688df650e87c0a19c3450ab7a7cc8b3dc589ebff86d1c74,"{""distance"":5,""physical_error_rate"":0.0001}","{""detection_events"":12735,""detectors_checked"":36034560}"
    133120,         0,         0,    16.4,decoder_by_matrix,fa5edda0c1038186c8afbec49b0215a0b852396cdb50783a3f937fdf51d2afac,"{""distance"":5,""physical_error_rate"":1e-05}","{""detection_events"":585,""detectors_checked"":22630400}"
    165888,         0,         0,    16.4,decoder_by_matrix,9c6baee88fc81e7d1aa345fcb3feec7ee81f21c5d49cb6ca037118097d89e180,"{""distance"":5,""physical_error_rate"":5e-05}","{""detection_events"":4565,""detectors_checked"":28200960}"
     81920,         0,         0,    16.3,decoder_by_matrix,b84cf4b8ca220d31f17e1e2ea9ab927bbc4176b15682c650e7d1dd8f2758172b,"{""distance"":5,""physical_error_rate"":0.0005}","{""detection_events"":23515,""detectors_checked"":13926400}"
    354304,         0,         0,    22.8,decoder_by_matrix,3c866087b289edc25e9adea730044a15db18cabfd3ae2507fc844d5b4e03657a,"{""distance"":5,""physical_error_rate"":5e-06}","{""detection_events"":900,""detectors_checked"":60231680}"
    346112,         0,         0,    22.9,decoder_by_matrix,e41ade2e4684e0396b9a3890c882b6453b515d69885aa1d89a26ce21ec554895,"{""distance"":5,""physical_error_rate"":1e-06}","{""detection_events"":160,""detectors_checked"":58839040}"
    290816,         0,         0,    22.9,decoder_by_matrix,0421d486f8a041838688df650e87c0a19c3450ab7a7cc8b3dc589ebff86d1c74,"{""distance"":5,""physical_error_rate"":0.0001}","{""detection_events"":16750,""detectors_checked"":49438720}"
    250880,         0,         0,    22.9,decoder_by_matrix,fa5edda0c1038186c8afbec49b0215a0b852396cdb50783a3f937fdf51d2afac,"{""distance"":5,""physical_error_rate"":1e-05}","{""detection_events"":1480,""detectors_checked"":42649600}"
    302080,         0,         0,    22.9,decoder_by_matrix,9c6baee88fc81e7d1aa345fcb3feec7ee81f21c5d49cb6ca037118097d89e180,"{""distance"":5,""physical_error_rate"":5e-05}","{""detection_events"":8475,""detectors_checked"":51353600}"
    135168,         0,         0,    22.8,decoder_by_matrix,b84cf4b8ca220d31f17e1e2ea9ab927bbc4176b15682c650e7d1dd8f2758172b,"{""distance"":5,""physical_error_rate"":0.0005}","{""detection_events"":39285,""detectors_checked"":22978560}"
   1227776,         0,         0,   119.5,decoder_by_matrix,b84cf4b8ca220d31f17e1e2ea9ab927bbc4176b15682c650e7d1dd8f2758172b,"{""distance"":5,""physical_error_rate"":0.0005}","{""detection_events"":352365,""detectors_checked"":208721920}"
   1285120,         0,         0,   119.7,decoder_by_matrix,066a5d8d46981b593c3dec855f441edbe9e755a8873183448f69d036a2ecc650,"{""distance"":5,""physical_error_rate"":0.001}","{""detection_events"":725035,""detectors_checked"":218470400}"
    577536,         0,         0,    32.1,decoder_by_matrix,3c866087b289edc25e9adea730044a15db18cabfd3ae2507fc844d5b4e03657a,"{""distance"":5,""physical_error_rate"":5e-06}","{""detection_events"":1810,""detectors_checked"":98181120}"
    590848,         0,         0,    32.0,decoder_by_matrix,e41ade2e4684e0396b9a3890c882b6453b515d69885aa1d89a26ce21ec554895,"{""distance"":5,""physical_error_rate"":1e-06}","{""detection_events"":195,""detectors_checked"":100444160}"
    282624,         0,         0,    32.1,decoder_by_matrix,0421d486f8a041838688df650e87c0a19c3450ab7a7cc8b3dc589ebff86d1c74,"{""distance"":5,""physical_error_rate"":0.0001}","{""detection_events"":16525,""detectors_checked"":48046080}"
    354304,         0,         0,    32.1,decoder_by_matrix,fa5edda0c1038186c8afbec49b0215a0b852396cdb50783a3f937fdf51d2afac,"{""distance"":5,""physical_error_rate"":1e-05}","{""detection_events"":2020,""detectors_checked"":60231680}"
    347136,         0,         0,    32.1,decoder_by_matrix,9c6baee88fc81e7d1aa345fcb3feec7ee81f21c5d49cb6ca037118097d89e180,"{""distance"":5,""physical_error_rate"":5e-05}","{""detection_events"":10340,""detectors_checked"":59013120}"
    167936,         0,         0,    32.0,decoder_by_matrix,b84cf4b8ca220d31f17e1e2ea9ab927bbc4176b15682c650e7d1dd8f2758172b,"{""distance"":5,""physical_error_rate"":0.0005}","{""detection_events"":47575,""detectors_checked"":28549120}"
   1326080,         0,         0,   119.6,decoder_by_matrix,9c6baee88fc81e7d1aa345fcb3feec7ee81f21c5d49cb6ca037118097d89e180,"{""distance"":5,""physical_error_rate"":5e-05}","{""detection_events"":39050,""detectors_checked"":225433600}"
   2787328,         0,         0,   119.6,decoder_by_matrix,9c6baee88fc81e7d1aa345fcb3feec7ee81f21c5d49cb6ca037118097d89e180,"{""distance"":5,""physical_error_rate"":5e-05}","{""detection_events"":77865,""detectors_checked"":473845760}"
   1858560,         6,         0,   119.7,decoder_by_matrix,066a5d8d46981b593c3dec855f441edbe9e755a8873183448f69d036a2ecc650,"{""distance"":5,""physical_error_rate"":0.001}","{""detection_events"":1058720,""detectors_checked"":315955200,""obs_mistake_mask=_E__"":2,""obs_mistake_mask=__EE"":2,""obs_mistake_mask=__E_"":1,""obs_mistake_mask=___E"":1}"
   3062784,         0,         0,   119.6,decoder_by_matrix,3c866087b289edc25e9adea730044a15db18cabfd3ae2507fc844d5b4e03657a,"{""distance"":5,""physical_error_rate"":5e-06}","{""detection_events"":9055,""detectors_checked"":520673280}"
   2125824,         2,         0,   119.6,decoder_by_matrix,b84cf4b8ca220d31f17e1e2ea9ab927bbc4176b15682c650e7d1dd8f2758172b,"{""distance"":5,""physical_error_rate"":0.0005}","{""detection_events"":599815,""detectors_checked"":361390080,""obs_mistake_mask=E_EE"":1,""obs_mistake_mask=E___"":1}"
   2066432,         4,         0,   119.6,decoder_by_matrix,066a5d8d46981b593c3dec855f441edbe9e755a8873183448f69d036a2ecc650,"{""distance"":5,""physical_error_rate"":0.001}","{""detection_events"":1184155,""detectors_checked"":351293440,""obs_mistake_mask=EE__"":1,""obs_mistake_mask=_EEE"":1,""obs_mistake_mask=_EE_"":1,""obs_mistake_mask=___E"":1}"
   2694144,         0,         0,   119.5,decoder_by_matrix,e41ade2e4684e0396b9a3890c882b6453b515d69885aa1d89a26ce21ec554895,"{""distance"":5,""physical_error_rate"":1e-06}","{""detection_events"":1830,""detectors_checked"":458004480}"
   2082816,         0,         0,   119.6,decoder_by_matrix,0421d486f8a041838688df650e87c0a19c3450ab7a7cc8b3dc589ebff86d1c74,"{""distance"":5,""physical_error_rate"":0.0001}","{""detection_events"":119275,""detectors_checked"":354078720}"
   2920448,         0,         0,   119.6,decoder_by_matrix,fa5edda0c1038186c8afbec49b0215a0b852396cdb50783a3f937fdf51d2afac,"{""distance"":5,""physical_error_rate"":1e-05}","{""detection_events"":16075,""detectors_checked"":496476160}"
   2857984,         0,         0,   119.5,decoder_by_matrix,b84cf4b8ca220d31f17e1e2ea9ab927bbc4176b15682c650e7d1dd8f2758172b,"{""distance"":5,""physical_error_rate"":0.0005}","{""detection_events"":810875,""detectors_checked"":485857280}"
   2210816,         0,         0,   119.6,decoder_by_matrix,9c6baee88fc81e7d1aa345fcb3feec7ee81f21c5d49cb6ca037118097d89e180,"{""distance"":5,""physical_error_rate"":5e-05}","{""detection_events"":61600,""detectors_checked"":375838720}"
   2697216,         0,         0,   119.5,decoder_by_matrix,0421d486f8a041838688df650e87c0a19c3450ab7a7cc8b3dc589ebff86d1c74,"{""distance"":5,""physical_error_rate"":0.0001}","{""detection_events"":153385,""detectors_checked"":458526720}"
   2114560,         0,         0,   119.6,decoder_by_matrix,fa5edda0c1038186c8afbec49b0215a0b852396cdb50783a3f937fdf51d2afac,"{""distance"":5,""physical_error_rate"":1e-05}","{""detection_events"":12290,""detectors_checked"":359475200}"
   1125376,         0,         0,   119.5,decoder_by_matrix,0421d486f8a041838688df650e87c0a19c3450ab7a7cc8b3dc589ebff86d1c74,"{""distance"":5,""physical_error_rate"":0.0001}","{""detection_events"":65290,""detectors_checked"":191313920}"
   2413568,         1,         0,   119.6,decoder_by_matrix,b84cf4b8ca220d31f17e1e2ea9ab927bbc4176b15682c650e7d1dd8f2758172b,"{""distance"":5,""physical_error_rate"":0.0005}","{""detection_events"":682335,""detectors_checked"":410306560,""obs_mistake_mask=E___"":1}"
   2291712,         0,         0,   119.6,decoder_by_matrix,3c866087b289edc25e9adea730044a15db18cabfd3ae2507fc844d5b4e03657a,"{""distance"":5,""physical_error_rate"":5e-06}","{""detection_events"":6005,""detectors_checked"":389591040}"
   2298880,         0,         0,   119.5,decoder_by_matrix,e41ade2e4684e0396b9a3890c882b6453b515d69885aa1d89a26ce21ec554895,"{""distance"":5,""physical_error_rate"":1e-06}","{""detection_events"":1335,""detectors_checked"":390809600}"
   2458624,         0,         0,   119.6,decoder_by_matrix,3c866087b289edc25e9adea730044a15db18cabfd3ae2507fc844d5b4e03657a,"{""distance"":5,""physical_error_rate"":5e-06}","{""detection_events"":6800,""detectors_checked"":417966080}"
   2199552,         0,         0,   119.7,decoder_by_matrix,e41ade2e4684e0396b9a3890c882b6453b515d69885aa1d89a26ce21ec554895,"{""distance"":5,""physical_error_rate"":1e-06}","{""detection_events"":1130,""detectors_checked"":373923840}"
   2355200,         0,         0,   119.5,decoder_by_matrix,fa5edda0c1038186c8afbec49b0215a0b852396cdb50783a3f937fdf51d2afac,"{""distance"":5,""physical_error_rate"":1e-05}","{""detection_events"":14035,""detectors_checked"":400384000}"
   2463744,         0,         0,   119.6,decoder_by_matrix,0421d486f8a041838688df650e87c0a19c3450ab7a7cc8b3dc589ebff86d1c74,"{""distance"":5,""physical_error_rate"":0.0001}","{""detection_events"":139875,""detectors_checked"":418836480}"
   1341440,         6,         0,   119.7,decoder_by_matrix,066a5d8d46981b593c3dec855f441edbe9e755a8873183448f69d036a2ecc650,"{""distance"":5,""physical_error_rate"":0.001}","{""detection_events"":759355,""detectors_checked"":228044800,""obs_mistake_mask=E_E_"":1,""obs_mistake_mask=E__E"":1,""obs_mistake_mask=E___"":1,""obs_mistake_mask=_EE_"":1,""obs_mistake_mask=__E_"":1,""obs_mistake_mask=___E"":1}"
   2463744,         0,         0,   119.6,decoder_by_matrix,9c6baee88fc81e7d1aa345fcb3feec7ee81f21c5d49cb6ca037118097d89e180,"{""distance"":5,""physical_error_rate"":5e-05}","{""detection_events"":70095,""detectors_checked"":418836480}"
    695296,         0,         0,   119.3,decoder_by_matrix,fa5edda0c1038186c8afbec49b0215a0b852396cdb50783a3f937fdf51d2afac,"{""distance"":5,""physical_error_rate"":1e-05}","{""detection_events"":4375,""detectors_checked"":118200320}"
   1376256,         0,         0,   119.7,decoder_by_matrix,e41ade2e4684e0396b9a3890c882b6453b515d69885aa1d89a26ce21ec554895,"{""distance"":5,""physical_error_rate"":1e-06}","{""detection_events"":750,""detectors_checked"":233963520}"
    759808,         1,         0,   119.2,decoder_by_matrix,066a5d8d46981b593c3dec855f441edbe9e755a8873183448f69d036a2ecc650,"{""distance"":5,""physical_error_rate"":0.001}","{""detection_events"":429965,""detectors_checked"":129167360,""obs_mistake_mask=EE_E"":1}"
   1388544,         0,         0,   119.5,decoder_by_matrix,0421d486f8a041838688df650e87c0a19c3450ab7a7cc8b3dc589ebff86d1c74,"{""distance"":5,""physical_error_rate"":0.0001}","{""detection_events"":80430,""detectors_checked"":236052480}"
    731136,         0,         0,   119.1,decoder_by_matrix,e41ade2e4684e0396b9a3890c882b6453b515d69885aa1d89a26ce21ec554895,"{""distance"":5,""physical_error_rate"":1e-06}","{""detection_events"":480,""detectors_checked"":124293120}"
   1336320,         0,         0,   119.6,decoder_by_matrix,9c6baee88fc81e7d1aa345fcb3feec7ee81f21c5d49cb6ca037118097d89e180,"{""distance"":5,""physical_error_rate"":5e-05}","{""detection_events"":39480,""detectors_checked"":227174400}"
    735232,         0,         0,   119.4,decoder_by_matrix,fa5edda0c1038186c8afbec49b0215a0b852396cdb50783a3f937fdf51d2afac,"{""distance"":5,""physical_error_rate"":1e-05}","{""detection_events"":4415,""detectors_checked"":124989440}"
   2100224,         0,         0,   119.6,decoder_by_matrix,e41ade2e4684e0396b9a3890c882b6453b515d69885aa1d89a26ce21ec554895,"{""distance"":5,""physical_error_rate"":1e-06}","{""detection_events"":1655,""detectors_checked"":357038080}"
   2041856,         0,         0,   119.6,decoder_by_matrix,3c866087b289edc25e9adea730044a15db18cabfd3ae2507fc844d5b4e03657a,"{""distance"":5,""physical_error_rate"":5e-06}","{""detection_events"":5710,""detectors_checked"":347115520}"
    720896,         0,         0,   119.6,decoder_by_matrix,3c866087b289edc25e9adea730044a15db18cabfd3ae2507fc844d5b4e03657a,"{""distance"":5,""physical_error_rate"":5e-06}","{""detection_events"":2360,""detectors_checked"":122552320}"
   1247232,         0,         0,   119.6,decoder_by_matrix,0421d486f8a041838688df650e87c0a19c3450ab7a7cc8b3dc589ebff86d1c74,"{""distance"":5,""physical_error_rate"":0.0001}","{""detection_events"":73335,""detectors_checked"":212029440}"
   1391616,         0,         0,   119.6,decoder_by_matrix,b84cf4b8ca220d31f17e1e2ea9ab927bbc4176b15682c650e7d1dd8f2758172b,"{""distance"":5,""physical_error_rate"":0.0005}","{""detection_events"":398775,""detectors_checked"":236574720}"
   1395712,         2,         0,   119.5,decoder_by_matrix,b84cf4b8ca220d31f17e1e2ea9ab927bbc4176b15682c650e7d1dd8f2758172b,"{""distance"":5,""physical_error_rate"":0.0005}","{""detection_events"":404010,""detectors_checked"":237271040,""obs_mistake_mask=E__E"":2}"
    821248,         0,         0,   119.2,decoder_by_matrix,fa5edda0c1038186c8afbec49b0215a0b852396cdb50783a3f937fdf51d2afac,"{""distance"":5,""physical_error_rate"":1e-05}","{""detection_events"":4995,""detectors_checked"":139612160}"
   1265664,         2,         0,   119.6,decoder_by_matrix,066a5d8d46981b593c3dec855f441edbe9e755a8873183448f69d036a2ecc650,"{""distance"":5,""physical_error_rate"":0.001}","{""detection_events"":725905,""detectors_checked"":215162880,""obs_mistake_mask=EE_E"":1,""obs_mistake_mask=E___"":1}"
   1341440,         0,         0,   119.5,decoder_by_matrix,9c6baee88fc81e7d1aa345fcb3feec7ee81f21c5d49cb6ca037118097d89e180,"{""distance"":5,""physical_error_rate"":5e-05}","{""detection_events"":38065,""detectors_checked"":228044800}"
    800768,         0,         0,   119.2,decoder_by_matrix,3c866087b289edc25e9adea730044a15db18cabfd3ae2507fc844d5b4e03657a,"{""distance"":5,""physical_error_rate"":5e-06}","{""detection_events"":2190,""detectors_checked"":136130560}"
    695296,         0,         0,    44.9,decoder_by_matrix,3c866087b289edc25e9adea730044a15db18cabfd3ae2507fc844d5b4e03657a,"{""distance"":5,""physical_error_rate"":5e-06}","{""detection_events"":2165,""detectors_checked"":118200320}"
    707584,         0,         0,    44.9,decoder_by_matrix,e41ade2e4684e0396b9a3890c882b6453b515d69885aa1d89a26ce21ec554895,"{""distance"":5,""physical_error_rate"":1e-06}","{""detection_events"":300,""detectors_checked"":120289280}"
    591872,         0,         0,    44.9,decoder_by_matrix,0421d486f8a041838688df650e87c0a19c3450ab7a7cc8b3dc589ebff86d1c74,"{""distance"":5,""physical_error_rate"":0.0001}","{""detection_events"":32080,""detectors_checked"":100618240}"
    526336,         0,         0,    44.9,decoder_by_matrix,fa5edda0c1038186c8afbec49b0215a0b852396cdb50783a3f937fdf51d2afac,"{""distance"":5,""physical_error_rate"":1e-05}","{""detection_events"":2730,""detectors_checked"":89477120}"
    576512,         0,         0,    44.9,decoder_by_matrix,9c6baee88fc81e7d1aa345fcb3feec7ee81f21c5d49cb6ca037118097d89e180,"{""distance"":5,""physical_error_rate"":5e-05}","{""detection_events"":15690,""detectors_checked"":98007040}"
    457728,         0,         0,    44.9,decoder_by_matrix,b84cf4b8ca220d31f17e1e2ea9ab927bbc4176b15682c650e7d1dd8f2758172b,"{""distance"":5,""physical_error_rate"":0.0005}","{""detection_events"":130750,""detectors_checked"":77813760}"
    865280,         0,         0,    62.8,decoder_by_matrix,3c866087b289edc25e9adea730044a15db18cabfd3ae2507fc844d5b4e03657a,"{""distance"":5,""physical_error_rate"":5e-06}","{""detection_events"":2590,""detectors_checked"":147097600}"
    964608,         0,         0,    62.8,decoder_by_matrix,e41ade2e4684e0396b9a3890c882b6453b515d69885aa1d89a26ce21ec554895,"{""distance"":5,""physical_error_rate"":1e-06}","{""detection_events"":605,""detectors_checked"":163983360}"
    741376,         0,         0,    62.7,decoder_by_matrix,0421d486f8a041838688df650e87c0a19c3450ab7a7cc8b3dc589ebff86d1c74,"{""distance"":5,""physical_error_rate"":0.0001}","{""detection_events"":42950,""detectors_checked"":126033920}"
    883712,         0,         0,    62.8,decoder_by_matrix,fa5edda0c1038186c8afbec49b0215a0b852396cdb50783a3f937fdf51d2afac,"{""distance"":5,""physical_error_rate"":1e-05}","{""detection_events"":5010,""detectors_checked"":150231040}"
    793600,         0,         0,    62.8,decoder_by_matrix,9c6baee88fc81e7d1aa345fcb3feec7ee81f21c5d49cb6ca037118097d89e180,"{""distance"":5,""physical_error_rate"":5e-05}","{""detection_events"":23185,""detectors_checked"":134912000}"
    815104,         0,         0,    62.8,decoder_by_matrix,b84cf4b8ca220d31f17e1e2ea9ab927bbc4176b15682c650e7d1dd8f2758172b,"{""distance"":5,""physical_error_rate"":0.0005}","{""detection_events"":232135,""detectors_checked"":138567680}"
   1500160,         1,         0,   119.5,decoder_by_matrix,b84cf4b8ca220d31f17e1e2ea9ab927bbc4176b15682c650e7d1dd8f2758172b,"{""distance"":5,""physical_error_rate"":0.0005}","{""detection_events"":429800,""detectors_checked"":255027200,""obs_mistake_mask=__E_"":1}"
   1478656,         2,         0,   119.6,decoder_by_matrix,066a5d8d46981b593c3dec855f441edbe9e755a8873183448f69d036a2ecc650,"{""distance"":5,""physical_error_rate"":0.001}","{""detection_events"":845830,""detectors_checked"":251371520,""obs_mistake_mask=E_E_"":1,""obs_mistake_mask=_EEE"":1}"
   1569792,         0,         0,   119.7,decoder_by_matrix,9c6baee88fc81e7d1aa345fcb3feec7ee81f21c5d49cb6ca037118097d89e180,"{""distance"":5,""physical_error_rate"":5e-05}","{""detection_events"":43210,""detectors_checked"":266864640}"
   2205696,         0,         0,   119.6,decoder_by_matrix,9c6baee88fc81e7d1aa345fcb3feec7ee81f21c5d49cb6ca037118097d89e180,"{""distance"":5,""physical_error_rate"":5e-05}","{""detection_events"":63395,""detectors_checked"":374968320}"
   1606656,         6,         0,   119.6,decoder_by_matrix,066a5d8d46981b593c3dec855f441edbe9e755a8873183448f69d036a2ecc650,"{""distance"":5,""physical_error_rate"":0.001}","{""detection_events"":911440,""detectors_checked"":273131520,""obs_mistake_mask=EEE_"":1,""obs_mistake_mask=EE_E"":1,""obs_mistake_mask=E__E"":1,""obs_mistake_mask=E___"":1,""obs_mistake_mask=_E__"":1,""obs_mistake_mask=__E_"":1}"
   2512896,         0,         0,   119.5,decoder_by_matrix,3c866087b289edc25e9adea730044a15db18cabfd3ae2507fc844d5b4e03657a,"{""distance"":5,""physical_error_rate"":5e-06}","{""detection_events"":6465,""detectors_checked"":427192320}"
   1650688,         4,         0,   119.6,decoder_by_matrix,066a5d8d46981b593c3dec855f441edbe9e755a8873183448f69d036a2ecc650,"{""distance"":5,""physical_error_rate"":0.001}","{""detection_events"":937725,""detectors_checked"":280616960,""obs_mistake_mask=E___"":2,""obs_mistake_mask=_E_E"":1,""obs_mistake_mask=__EE"":1}"
   1685504,         1,         0,   119.7,decoder_by_matrix,b84cf4b8ca220d31f17e1e2ea9ab927bbc4176b15682c650e7d1dd8f2758172b,"{""distance"":5,""physical_error_rate"":0.0005}","{""detection_events"":480825,""detectors_checked"":286535680,""obs_mistake_mask=E___"":1}"
   2441216,         0,         0,   119.5,decoder_by_matrix,e41ade2e4684e0396b9a3890c882b6453b515d69885aa1d89a26ce21ec554895,"{""distance"":5,""physical_error_rate"":1e-06}","{""detection_events"":1330,""detectors_checked"":415006720}"
   1733632,         0,         0,   119.6,decoder_by_matrix,0421d486f8a041838688df650e87c0a19c3450ab7a7cc8b3dc589ebff86d1c74,"{""distance"":5,""physical_error_rate"":0.0001}","{""detection_events"":96550,""detectors_checked"":294717440}"
   2443264,         0,         0,   119.7,decoder_by_matrix,fa5edda0c1038186c8afbec49b0215a0b852396cdb50783a3f937fdf51d2afac,"{""distance"":5,""physical_error_rate"":1e-05}","{""detection_events"":13920,""detectors_checked"":415354880}"
   2119680,         0,         0,   119.6,decoder_by_matrix,b84cf4b8ca220d31f17e1e2ea9ab927bbc4176b15682c650e7d1dd8f2758172b,"{""distance"":5,""physical_error_rate"":0.0005}","{""detection_events"":603855,""detectors_checked"":360345600}"
   1722368,         0,         0,   119.4,decoder_by_matrix,9c6baee88fc81e7d1aa345fcb3feec7ee81f21c5d49cb6ca037118097d89e180,"{""distance"":5,""physical_error_rate"":5e-05}","{""detection_events"":48600,""detectors_checked"":292802560}"
   2069504,         0,         0,   119.6,decoder_by_matrix,0421d486f8a041838688df650e87c0a19c3450ab7a7cc8b3dc589ebff86d1c74,"{""distance"":5,""physical_error_rate"":0.0001}","{""detection_events"":116955,""detectors_checked"":351815680}"
   1765376,         0,         0,   119.7,decoder_by_matrix,fa5edda0c1038186c8afbec49b0215a0b852396cdb50783a3f937fdf51d2afac,"{""distance"":5,""physical_error_rate"":1e-05}","{""detection_events"":10095,""detectors_checked"":300113920}"
   1594368,         0,         0,   119.6,decoder_by_matrix,0421d486f8a041838688df650e87c0a19c3450ab7a7cc8b3dc589ebff86d1c74,"{""distance"":5,""physical_error_rate"":0.0001}","{""detection_events"":89285,""detectors_checked"":271042560}"
   1865728,         0,         0,   119.5,decoder_by_matrix,b84cf4b8ca220d31f17e1e2ea9ab927bbc4176b15682c650e7d1dd8f2758172b,"{""distance"":5,""physical_error_rate"":0.0005}","{""detection_events"":532520,""detectors_checked"":317173760}"
   1756160,         0,         0,   119.4,decoder_by_matrix,3c866087b289edc25e9adea730044a15db18cabfd3ae2507fc844d5b4e03657a,"{""distance"":5,""physical_error_rate"":5e-06}","{""detection_events"":4855,""detectors_checked"":298547200}"
   1713152,         0,         0,   119.7,decoder_by_matrix,e41ade2e4684e0396b9a3890c882b6453b515d69885aa1d89a26ce21ec554895,"{""distance"":5,""physical_error_rate"":1e-06}","{""detection_events"":1070,""detectors_checked"":291235840}"
   1721344,         0,         0,   119.6,decoder_by_matrix,3c866087b289edc25e9adea730044a15db18cabfd3ae2507fc844d5b4e03657a,"{""distance"":5,""physical_error_rate"":5e-06}","{""detection_events"":4985,""detectors_checked"":292628480}"
   1736704,         0,         0,   119.6,decoder_by_matrix,e41ade2e4684e0396b9a3890c882b6453b515d69885aa1d89a26ce21ec554895,"{""distance"":5,""physical_error_rate"":1e-06}","{""detection_events"":1165,""detectors_checked"":295239680}"
   1829888,         0,         0,   119.7,decoder_by_matrix,fa5edda0c1038186c8afbec49b0215a0b852396cdb50783a3f937fdf51d2afac,"{""distance"":5,""physical_error_rate"":1e-05}","{""detection_events"":10500,""detectors_checked"":311080960}"
   1902592,         0,         0,   119.6,decoder_by_matrix,0421d486f8a041838688df650e87c0a19c3450ab7a7cc8b3dc589ebff86d1c74,"{""distance"":5,""physical_error_rate"":0.0001}","{""detection_events"":109910,""detectors_checked"":323440640}"
   1539072,         1,         0,   119.7,decoder_by_matrix,066a5d8d46981b593c3dec855f441edbe9e755a8873183448f69d036a2ecc650,"{""distance"":5,""physical_error_rate"":0.001}","{""detection_events"":878660,""detectors_checked"":261642240,""obs_mistake_mask=_EE_"":1}"
   1928192,         0,         0,   119.6,decoder_by_matrix,9c6baee88fc81e7d1aa345fcb3feec7ee81f21c5d49cb6ca037118097d89e180,"{""distance"":5,""physical_error_rate"":5e-05}","{""detection_events"":55170,""detectors_checked"":327792640}"
   1467392,         0,         0,   119.5,decoder_by_matrix,fa5edda0c1038186c8afbec49b0215a0b852396cdb50783a3f937fdf51d2afac,"{""distance"":5,""physical_error_rate"":1e-05}","{""detection_events"":8510,""detectors_checked"":249456640}"
   1714176,         0,         0,   119.6,decoder_by_matrix,e41ade2e4684e0396b9a3890c882b6453b515d69885aa1d89a26ce21ec554895,"{""distance"":5,""physical_error_rate"":1e-06}","{""detection_events"":915,""detectors_checked"":291409920}"
   3693568,         9,         0,   119.2,decoder_by_matrix,066a5d8d46981b593c3dec855f441edbe9e755a8873183448f69d036a2ecc650,"{""distance"":5,""physical_error_rate"":0.001}","{""detection_events"":2097545,""detectors_checked"":627906560,""obs_mistake_mask=EE_E"":1,""obs_mistake_mask=E___"":2,""obs_mistake_mask=_EEE"":2,""obs_mistake_mask=_E_E"":1,""obs_mistake_mask=_E__"":2,""obs_mistake_mask=__E_"":1}"
   1567744,         0,         0,   119.6,decoder_by_matrix,0421d486f8a041838688df650e87c0a19c3450ab7a7cc8b3dc589ebff86d1c74,"{""distance"":5,""physical_error_rate"":0.0001}","{""detection_events"":89175,""detectors_checked"":266516480}"
   1564672,         0,         0,   119.6,decoder_by_matrix,e41ade2e4684e0396b9a3890c882b6453b515d69885aa1d89a26ce21ec554895,"{""distance"":5,""physical_error_rate"":1e-06}","{""detection_events"":1135,""detectors_checked"":265994240}"
   1562624,         0,         0,   119.6,decoder_by_matrix,9c6baee88fc81e7d1aa345fcb3feec7ee81f21c5d49cb6ca037118097d89e180,"{""distance"":5,""physical_error_rate"":5e-05}","{""detection_events"":46155,""detectors_checked"":265646080}"
   1827840,         0,         0,   119.5,decoder_by_matrix,fa5edda0c1038186c8afbec49b0215a0b852396cdb50783a3f937fdf51d2afac,"{""distance"":5,""physical_error_rate"":1e-05}","{""detection_events"":9860,""detectors_checked"":310732800}"
   1751040,         0,         0,   119.6,decoder_by_matrix,e41ade2e4684e0396b9a3890c882b6453b515d69885aa1d89a26ce21ec554895,"{""distance"":5,""physical_error_rate"":1e-06}","{""detection_events"":1085,""detectors_checked"":297676800}"
   1762304,         0,         0,   119.6,decoder_by_matrix,3c866087b289edc25e9adea730044a15db18cabfd3ae2507fc844d5b4e03657a,"{""distance"":5,""physical_error_rate"":5e-06}","{""detection_events"":5135,""detectors_checked"":299591680}"
   1684480,         0,         0,   119.5,decoder_by_matrix,3c866087b289edc25e9adea730044a15db18cabfd3ae2507fc844d5b4e03657a,"{""distance"":5,""physical_error_rate"":5e-06}","{""detection_events"":5510,""detectors_checked"":286361600}"
   1616896,         0,         0,   119.5,decoder_by_matrix,0421d486f8a041838688df650e87c0a19c3450ab7a7cc8b3dc589ebff86d1c74,"{""distance"":5,""physical_error_rate"":0.0001}","{""detection_events"":92455,""detectors_checked"":274872320}"
   1551360,         2,         0,   119.6,decoder_by_matrix,b84cf4b8ca220d31f17e1e2ea9ab927bbc4176b15682c650e7d1dd8f2758172b,"{""distance"":5,""physical_error_rate"":0.0005}","{""detection_events"":438885,""detectors_checked"":263731200,""obs_mistake_mask=E_EE"":1,""obs_mistake_mask=__E_"":1}"
   1560576,         0,         0,   119.7,decoder_by_matrix,b84cf4b8ca220d31f17e1e2ea9ab927bbc4176b15682c650e7d1dd8f2758172b,"{""distance"":5,""physical_error_rate"":0.0005}","{""detection_events"":446740,""detectors_checked"":265297920}"
   1577984,         0,         0,   119.5,decoder_by_matrix,fa5edda0c1038186c8afbec49b0215a0b852396cdb50783a3f937fdf51d2afac,"{""distance"":5,""physical_error_rate"":1e-05}","{""detection_events"":8470,""detectors_checked"":268257280}"
   1597440,         4,         0,   119.6,decoder_by_matrix,066a5d8d46981b593c3dec855f441edbe9e755a8873183448f69d036a2ecc650,"{""distance"":5,""physical_error_rate"":0.001}","{""detection_events"":903075,""detectors_checked"":271564800,""obs_mistake_mask=EE__"":1,""obs_mistake_mask=E_E_"":1,""obs_mistake_mask=E__E"":1,""obs_mistake_mask=_E__"":1}"
   1519616,         0,         0,   119.6,decoder_by_matrix,9c6baee88fc81e7d1aa345fcb3feec7ee81f21c5d49cb6ca037118097d89e180,"{""distance"":5,""physical_error_rate"":5e-05}","{""detection_events"":43585,""detectors_checked"":258334720}"
   1595392,         0,         0,   119.6,decoder_by_matrix,3c866087b289edc25e9adea730044a15db18cabfd3ae2507fc844d5b4e03657a,"{""distance"":5,""physical_error_rate"":5e-06}","{""detection_events"":4435,""detectors_checked"":271216640}"
   1182720,         0,         0,    87.9,decoder_by_matrix,3c866087b289edc25e9adea730044a15db18cabfd3ae2507fc844d5b4e03657a,"{""distance"":5,""physical_error_rate"":5e-06}","{""detection_events"":3420,""detectors_checked"":201062400}"
   1182720,         0,         0,    87.9,decoder_by_matrix,e41ade2e4684e0396b9a3890c882b6453b515d69885aa1d89a26ce21ec554895,"{""distance"":5,""physical_error_rate"":1e-06}","{""detection_events"":765,""detectors_checked"":201062400}"
   1075200,         0,         0,    87.8,decoder_by_matrix,0421d486f8a041838688df650e87c0a19c3450ab7a7cc8b3dc589ebff86d1c74,"{""distance"":5,""physical_error_rate"":0.0001}","{""detection_events"":62890,""detectors_checked"":182784000}"
   1208320,         0,         0,    87.9,decoder_by_matrix,fa5edda0c1038186c8afbec49b0215a0b852396cdb50783a3f937fdf51d2afac,"{""distance"":5,""physical_error_rate"":1e-05}","{""detection_events"":6890,""detectors_checked"":205414400}"
   1121280,         0,         0,    87.9,decoder_by_matrix,9c6baee88fc81e7d1aa345fcb3feec7ee81f21c5d49cb6ca037118097d89e180,"{""distance"":5,""physical_error_rate"":5e-05}","{""detection_events"":32430,""detectors_checked"":190617600}"
   1128448,         0,         0,    87.9,decoder_by_matrix,b84cf4b8ca220d31f17e1e2ea9ab927bbc4176b15682c650e7d1dd8f2758172b,"{""distance"":5,""physical_error_rate"":0.0005}","{""detection_events"":320435,""detectors_checked"":191836160}"
   1522688,         0,         0,   119.5,decoder_by_matrix,b84cf4b8ca220d31f17e1e2ea9ab927bbc4176b15682c650e7d1dd8f2758172b,"{""distance"":5,""physical_error_rate"":0.0005}","{""detection_events"":432025,""detectors_checked"":258856960}"
   1489920,         0,         0,   119.7,decoder_by_matrix,066a5d8d46981b593c3dec855f441edbe9e755a8873183448f69d036a2ecc650,"{""distance"":5,""physical_error_rate"":0.001}","{""detection_events"":853645,""detectors_checked"":253286400}"
   1456128,         0,         0,   119.5,decoder_by_matrix,9c6baee88fc81e7d1aa345fcb3feec7ee81f21c5d49cb6ca037118097d89e180,"{""distance"":5,""physical_error_rate"":5e-05}","{""detection_events"":41475,""detectors_checked"":247541760}"
   2390016,         0,         0,   119.6,decoder_by_matrix,9c6baee88fc81e7d1aa345fcb3feec7ee81f21c5d49cb6ca037118097d89e180,"{""distance"":5,""physical_error_rate"":5e-05}","{""detection_events"":68690,""detectors_checked"":406302720}"
   1496064,         1,         0,   119.6,decoder_by_matrix,066a5d8d46981b593c3dec855f441edbe9e755a8873183448f69d036a2ecc650,"{""distance"":5,""physical_error_rate"":0.001}","{""detection_events"":852390,""detectors_checked"":254330880,""obs_mistake_mask=__E_"":1}"
   2698240,         0,         0,   119.6,decoder_by_matrix,3c866087b289edc25e9adea730044a15db18cabfd3ae2507fc844d5b4e03657a,"{""distance"":5,""physical_error_rate"":5e-06}","{""detection_events"":7510,""detectors_checked"":458700800}"
   1531904,         0,         0,   119.6,decoder_by_matrix,066a5d8d46981b593c3dec855f441edbe9e755a8873183448f69d036a2ecc650,"{""distance"":5,""physical_error_rate"":0.001}","{""detection_events"":869175,""detectors_checked"":260423680}"
   1566720,         0,         0,   119.6,decoder_by_matrix,b84cf4b8ca220d31f17e1e2ea9ab927bbc4176b15682c650e7d1dd8f2758172b,"{""distance"":5,""physical_error_rate"":0.0005}","{""detection_events"":444695,""detectors_checked"":266342400}"
   2619392,         0,         0,   119.7,decoder_by_matrix,e41ade2e4684e0396b9a3890c882b6453b515d69885aa1d89a26ce21ec554895,"{""distance"":5,""physical_error_rate"":1e-06}","{""detection_events"":1475,""detectors_checked"":445296640}"
   1617920,         0,         0,   119.5,decoder_by_matrix,0421d486f8a041838688df650e87c0a19c3450ab7a7cc8b3dc589ebff86d1c74,"{""distance"":5,""physical_error_rate"":0.0001}","{""detection_events"":92055,""detectors_checked"":275046400}"
   2506752,         0,         0,   119.5,decoder_by_matrix,fa5edda0c1038186c8afbec49b0215a0b852396cdb50783a3f937fdf51d2afac,"{""distance"":5,""physical_error_rate"":1e-05}","{""detection_events"":13215,""detectors_checked"":426147840}"
   2093056,         0,         0,   119.6,decoder_by_matrix,b84cf4b8ca220d31f17e1e2ea9ab927bbc4176b15682c650e7d1dd8f2758172b,"{""distance"":5,""physical_error_rate"":0.0005}","{""detection_events"":593535,""detectors_checked"":355819520}"
   1612800,         0,         0,   119.6,decoder_by_matrix,9c6baee88fc81e7d1aa345fcb3feec7ee81f21c5d49cb6ca037118097d89e180,"{""distance"":5,""physical_error_rate"":5e-05}","{""detection_events"":44775,""detectors_checked"":274176000}"
   2171904,         0,         0,   119.6,decoder_by_matrix,0421d486f8a041838688df650e87c0a19c3450ab7a7cc8b3dc589ebff86d1c74,"{""distance"":5,""physical_error_rate"":0.0001}","{""detection_events"":123855,""detectors_checked"":369223680}"
   1637376,         0,         0,   119.6,decoder_by_matrix,fa5edda0c1038186c8afbec49b0215a0b852396cdb50783a3f937fdf51d2afac,"{""distance"":5,""physical_error_rate"":1e-05}","{""detection_events"":9525,""detectors_checked"":278353920}"
   1491968,         0,         0,   119.6,decoder_by_matrix,0421d486f8a041838688df650e87c0a19c3450ab7a7cc8b3dc589ebff86d1c74,"{""distance"":5,""physical_error_rate"":0.0001}","{""detection_events"":83905,""detectors_checked"":253634560}"
   1554432,         0,         0,   119.4,decoder_by_matrix,b84cf4b8ca220d31f17e1e2ea9ab927bbc4176b15682c650e7d1dd8f2758172b,"{""distance"":5,""physical_error_rate"":0.0005}","{""detection_events"":443105,""detectors_checked"":264253440}"
   1613824,         0,         0,   119.5,decoder_by_matrix,3c866087b289edc25e9adea730044a15db18cabfd3ae2507fc844d5b4e03657a,"{""distance"":5,""physical_error_rate"":5e-06}","{""detection_events"":4605,""detectors_checked"":274350080}"
   1601536,         0,         0,   119.7,decoder_by_matrix,e41ade2e4684e0396b9a3890c882b6453b515d69885aa1d89a26ce21ec554895,"{""distance"":5,""physical_error_rate"":1e-06}","{""detection_events"":1055,""detectors_checked"":272261120}"
   1623040,         0,         0,   119.6,decoder_by_matrix,3c866087b289edc25e9adea730044a15db18cabfd3ae2507fc844d5b4e03657a,"{""distance"":5,""physical_error_rate"":5e-06}","{""detection_events"":4965,""detectors_checked"":275916800}"
   1643520,         0,         0,   119.6,decoder_by_matrix,e41ade2e4684e0396b9a3890c882b6453b515d69885aa1d89a26ce21ec554895,"{""distance"":5,""physical_error_rate"":1e-06}","{""detection_events"":930,""detectors_checked"":279398400}"
   1648640,         0,         0,   119.5,decoder_by_matrix,fa5edda0c1038186c8afbec49b0215a0b852396cdb50783a3f937fdf51d2afac,"{""distance"":5,""physical_error_rate"":1e-05}","{""detection_events"":10315,""detectors_checked"":280268800}"
   1574912,         0,         0,   119.6,decoder_by_matrix,0421d486f8a041838688df650e87c0a19c3450ab7a7cc8b3dc589ebff86d1c74,"{""distance"":5,""physical_error_rate"":0.0001}","{""detection_events"":89680,""detectors_checked"":267735040}"
   1515520,         3,         0,   119.7,decoder_by_matrix,066a5d8d46981b593c3dec855f441edbe9e755a8873183448f69d036a2ecc650,"{""distance"":5,""physical_error_rate"":0.001}","{""detection_events"":859150,""detectors_checked"":257638400,""obs_mistake_mask=E___"":1,""obs_mistake_mask=__E_"":2}"
   1575936,         0,         0,   119.6,decoder_by_matrix,9c6baee88fc81e7d1aa345fcb3feec7ee81f21c5d49cb6ca037118097d89e180,"{""distance"":5,""physical_error_rate"":5e-05}","{""detection_events"":45280,""detectors_checked"":267909120}"
   1555456,         0,         0,   119.5,decoder_by_matrix,fa5edda0c1038186c8afbec49b0215a0b852396cdb50783a3f937fdf51d2afac,"{""distance"":5,""physical_error_rate"":1e-05}","{""detection_events"":8600,""detectors_checked"":264427520}"
   1637376,         0,         0,   119.6,decoder_by_matrix,e41ade2e4684e0396b9a3890c882b6453b515d69885aa1d89a26ce21ec554895,"{""distance"":5,""physical_error_rate"":1e-06}","{""detection_events"":1005,""detectors_checked"":278353920}"
   6740992,        17,         0,   119.1,decoder_by_matrix,066a5d8d46981b593c3dec855f441edbe9e755a8873183448f69d036a2ecc650,"{""distance"":5,""physical_error_rate"":0.001}","{""detection_events"":3827560,""detectors_checked"":1145968640,""obs_mistake_mask=EE_E"":1,""obs_mistake_mask=EE__"":1,""obs_mistake_mask=E_E_"":1,""obs_mistake_mask=E___"":3,""obs_mistake_mask=_E_E"":2,""obs_mistake_mask=_E__"":2,""obs_mistake_mask=__EE"":2,""obs_mistake_mask=__E_"":3,""obs_mistake_mask=___E"":2}"
   1455104,         0,         0,   119.7,decoder_by_matrix,0421d486f8a041838688df650e87c0a19c3450ab7a7cc8b3dc589ebff86d1c74,"{""distance"":5,""physical_error_rate"":0.0001}","{""detection_events"":81490,""detectors_checked"":247367680}"
   1604608,         0,         0,   119.6,decoder_by_matrix,e41ade2e4684e0396b9a3890c882b6453b515d69885aa1d89a26ce21ec554895,"{""distance"":5,""physical_error_rate"":1e-06}","{""detection_events"":1160,""detectors_checked"":272783360}"
   1539072,         0,         0,   119.6,decoder_by_matrix,9c6baee88fc81e7d1aa345fcb3feec7ee81f21c5d49cb6ca037118097d89e180,"{""distance"":5,""physical_error_rate"":5e-05}","{""detection_events"":42250,""detectors_checked"":261642240}"
   1539072,         0,         0,   119.6,decoder_by_matrix,fa5edda0c1038186c8afbec49b0215a0b852396cdb50783a3f937fdf51d2afac,"{""distance"":5,""physical_error_rate"":1e-05}","{""detection_events"":8515,""detectors_checked"":261642240}"
   1596416,         0,         0,   119.5,decoder_by_matrix,e41ade2e4684e0396b9a3890c882b6453b515d69885aa1d89a26ce21ec554895,"{""distance"":5,""physical_error_rate"":1e-06}","{""detection_events"":1070,""detectors_checked"":271390720}"
   1611776,         0,         0,   119.4,decoder_by_matrix,3c866087b289edc25e9adea730044a15db18cabfd3ae2507fc844d5b4e03657a,"{""distance"":5,""physical_error_rate"":5e-06}","{""detection_events"":4250,""detectors_checked"":274001920}"
   1528832,         0,         0,   119.6,decoder_by_matrix,3c866087b289edc25e9adea730044a15db18cabfd3ae2507fc844d5b4e03657a,"{""distance"":5,""physical_error_rate"":5e-06}","{""detection_events"":3815,""detectors_checked"":259901440}"
   1530880,         0,         0,   119.6,decoder_by_matrix,0421d486f8a041838688df650e87c0a19c3450ab7a7cc8b3dc589ebff86d1c74,"{""distance"":5,""physical_error_rate"":0.0001}","{""detection_events"":84550,""detectors_checked"":260249600}"
   1471488,         0,         0,   119.6,decoder_by_matrix,b84cf4b8ca220d31f17e1e2ea9ab927bbc4176b15682c650e7d1dd8f2758172b,"{""distance"":5,""physical_error_rate"":0.0005}","{""detection_events"":414525,""detectors_checked"":250152960}"
   1563648,         1,         0,   119.6,decoder_by_matrix,b84cf4b8ca220d31f17e1e2ea9ab927bbc4176b15682c650e7d1dd8f2758172b,"{""distance"":5,""physical_error_rate"":0.0005}","{""detection_events"":444645,""detectors_checked"":265820160,""obs_mistake_mask=__EE"":1}"
   1638400,         0,         0,   119.5,decoder_by_matrix,fa5edda0c1038186c8afbec49b0215a0b852396cdb50783a3f937fdf51d2afac,"{""distance"":5,""physical_error_rate"":1e-05}","{""detection_events"":9585,""detectors_checked"":278528000}"
   1496064,         2,         0,   119.6,decoder_by_matrix,066a5d8d46981b593c3dec855f441edbe9e755a8873183448f69d036a2ecc650,"{""distance"":5,""physical_error_rate"":0.001}","{""detection_events"":845395,""detectors_checked"":254330880,""obs_mistake_mask=E___"":2}"
   1538048,         0,         0,   119.6,decoder_by_matrix,9c6baee88fc81e7d1aa345fcb3feec7ee81f21c5d49cb6ca037118097d89e180,"{""distance"":5,""physical_error_rate"":5e-05}","{""detection_events"":42895,""detectors_checked"":261468160}"
   1620992,         0,         0,   119.6,decoder_by_matrix,3c866087b289edc25e9adea730044a15db18cabfd3ae2507fc844d5b4e03657a,"{""distance"":5,""physical_error_rate"":5e-06}","{""detection_events"":4900,""detectors_checked"":275568640}"
   1611776,         0,         0,   119.7,decoder_by_matrix,3c866087b289edc25e9adea730044a15db18cabfd3ae2507fc844d5b4e03657a,"{""distance"":5,""physical_error_rate"":5e-06}","{""detection_events"":4760,""detectors_checked"":274001920}"
   1615872,         0,         0,   119.6,decoder_by_matrix,e41ade2e4684e0396b9a3890c882b6453b515d69885aa1d89a26ce21ec554895,"{""distance"":5,""physical_error_rate"":1e-06}","{""detection_events"":1235,""detectors_checked"":274698240}"
   1480704,         0,         0,   119.6,decoder_by_matrix,0421d486f8a041838688df650e87c0a19c3450ab7a7cc8b3dc589ebff86d1c74,"{""distance"":5,""physical_error_rate"":0.0001}","{""detection_events"":86075,""detectors_checked"":251719680}"
   1611776,         0,         0,   119.5,decoder_by_matrix,fa5edda0c1038186c8afbec49b0215a0b852396cdb50783a3f937fdf51d2afac,"{""distance"":5,""physical_error_rate"":1e-05}","{""detection_events"":8775,""detectors_checked"":274001920}"
   1523712,         0,         0,   119.6,decoder_by_matrix,9c6baee88fc81e7d1aa345fcb3feec7ee81f21c5d49cb6ca037118097d89e180,"{""distance"":5,""physical_error_rate"":5e-05}","{""detection_events"":45250,""detectors_checked"":259031040}"
   1561600,         0,         0,   119.5,decoder_by_matrix,b84cf4b8ca220d31f17e1e2ea9ab927bbc4176b15682c650e7d1dd8f2758172b,"{""distance"":5,""physical_error_rate"":0.0005}","{""detection_events"":446195,""detectors_checked"":265472000}"
   1509376,         0,         0,   119.6,decoder_by_matrix,b84cf4b8ca220d31f17e1e2ea9ab927bbc4176b15682c650e7d1dd8f2758172b,"{""distance"":5,""physical_error_rate"":0.0005}","{""detection_events"":430775,""detectors_checked"":256593920}"
   1536000,         6,         0,   119.7,decoder_by_matrix,066a5d8d46981b593c3dec855f441edbe9e755a8873183448f69d036a2ecc650,"{""distance"":5,""physical_error_rate"":0.001}","{""detection_events"":868215,""detectors_checked"":261120000,""obs_mistake_mask=EE_E"":1,""obs_mistake_mask=EE__"":1,""obs_mistake_mask=E___"":1,""obs_mistake_mask=_E__"":1,""obs_mistake_mask=__E_"":2}"
   1478656,         0,         0,   119.6,decoder_by_matrix,9c6baee88fc81e7d1aa345fcb3feec7ee81f21c5d49cb6ca037118097d89e180,"{""distance"":5,""physical_error_rate"":5e-05}","{""detection_events"":41885,""detectors_checked"":251371520}"
   2285568,         0,         0,   119.5,decoder_by_matrix,9c6baee88fc81e7d1aa345fcb3feec7ee81f21c5d49cb6ca037118097d89e180,"{""distance"":5,""physical_error_rate"":5e-05}","{""detection_events"":64155,""detectors_checked"":388546560}"
   1528832,         2,         0,   119.6,decoder_by_matrix,066a5d8d46981b593c3dec855f441edbe9e755a8873183448f69d036a2ecc650,"{""distance"":5,""physical_error_rate"":0.001}","{""detection_events"":862860,""detectors_checked"":259901440,""obs_mistake_mask=E__E"":1,""obs_mistake_mask=_E__"":1}"
   2527232,         0,         0,   119.6,decoder_by_matrix,3c866087b289edc25e9adea730044a15db18cabfd3ae2507fc844d5b4e03657a,"{""distance"":5,""physical_error_rate"":5e-06}","{""detection_events"":6470,""detectors_checked"":429629440}"
   1540096,         5,         0,   119.5,decoder_by_matrix,066a5d8d46981b593c3dec855f441edbe9e755a8873183448f69d036a2ecc650,"{""distance"":5,""physical_error_rate"":0.001}","{""detection_events"":873500,""detectors_checked"":261816320,""obs_mistake_mask=EE__"":1,""obs_mistake_mask=E___"":1,""obs_mistake_mask=_EE_"":1,""obs_mistake_mask=_E_E"":1,""obs_mistake_mask=__E_"":1}"
   1539072,         0,         0,   119.6,decoder_by_matrix,b84cf4b8ca220d31f17e1e2ea9ab927bbc4176b15682c650e7d1dd8f2758172b,"{""distance"":5,""physical_error_rate"":0.0005}","{""detection_events"":434810,""detectors_checked"":261642240}"
   2535424,         0,         0,   119.5,decoder_by_matrix,e41ade2e4684e0396b9a3890c882b6453b515d69885aa1d89a26ce21ec554895,"{""distance"":5,""physical_error_rate"":1e-06}","{""detection_events"":1595,""detectors_checked"":431022080}"
   2465792,         0,         0,   119.6,decoder_by_matrix,fa5edda0c1038186c8afbec49b0215a0b852396cdb50783a3f937fdf51d2afac,"{""distance"":5,""physical_error_rate"":1e-05}","{""detection_events"":14435,""detectors_checked"":419184640}"
   1590272,         0,         0,   119.5,decoder_by_matrix,0421d486f8a041838688df650e87c0a19c3450ab7a7cc8b3dc589ebff86d1c74,"{""distance"":5,""physical_error_rate"":0.0001}","{""detection_events"":91535,""detectors_checked"":270346240}"
   2115584,         0,         0,   119.5,decoder_by_matrix,b84cf4b8ca220d31f17e1e2ea9ab927bbc4176b15682c650e7d1dd8f2758172b,"{""distance"":5,""physical_error_rate"":0.0005}","{""detection_events"":599605,""detectors_checked"":359649280}"
   1594368,         0,         0,   119.7,decoder_by_matrix,9c6baee88fc81e7d1aa345fcb3feec7ee81f21c5d49cb6ca037118097d89e180,"{""distance"":5,""physical_error_rate"":5e-05}","{""detection_events"":46375,""detectors_checked"":271042560}"
   2203648,         0,         0,   119.6,decoder_by_matrix,0421d486f8a041838688df650e87c0a19c3450ab7a7cc8b3dc589ebff86d1c74,"{""distance"":5,""physical_error_rate"":0.0001}","{""detection_events"":127755,""detectors_checked"":374620160}"
   1602560,         0,         0,   119.6,decoder_by_matrix,fa5edda0c1038186c8afbec49b0215a0b852396cdb50783a3f937fdf51d2afac,"{""distance"":5,""physical_error_rate"":1e-05}","{""detection_events"":9280,""detectors_checked"":272435200}"
   1525760,         0,         0,   119.6,decoder_by_matrix,0421d486f8a041838688df650e87c0a19c3450ab7a7cc8b3dc589ebff86d1c74,"{""distance"":5,""physical_error_rate"":0.0001}","{""detection_events"":88160,""detectors_checked"":259379200}"
   1627136,         0,         0,   119.5,decoder_by_matrix,3c866087b289edc25e9adea730044a15db18cabfd3ae2507fc844d5b4e03657a,"{""distance"":5,""physical_error_rate"":5e-06}","{""detection_events"":4850,""detectors_checked"":276613120}"
   1562624,         0,         0,   119.6,decoder_by_matrix,b84cf4b8ca220d31f17e1e2ea9ab927bbc4176b15682c650e7d1dd8f2758172b,"{""distance"":5,""physical_error_rate"":0.0005}","{""detection_events"":442975,""detectors_checked"":265646080}"
   1598464,         0,         0,   119.7,decoder_by_matrix,e41ade2e4684e0396b9a3890c882b6453b515d69885aa1d89a26ce21ec554895,"{""distance"":5,""physical_error_rate"":1e-06}","{""detection_events"":885,""detectors_checked"":271738880}"
   1658880,         0,         0,   119.6,decoder_by_matrix,3c866087b289edc25e9adea730044a15db18cabfd3ae2507fc844d5b4e03657a,"{""distance"":5,""physical_error_rate"":5e-06}","{""detection_events"":5070,""detectors_checked"":282009600}"
   1634304,         0,         0,   119.5,decoder_by_matrix,e41ade2e4684e0396b9a3890c882b6453b515d69885aa1d89a26ce21ec554895,"{""distance"":5,""physical_error_rate"":1e-06}","{""detection_events"":1070,""detectors_checked"":277831680}"
   1666048,         0,         0,   119.5,decoder_by_matrix,fa5edda0c1038186c8afbec49b0215a0b852396cdb50783a3f937fdf51d2afac,"{""distance"":5,""physical_error_rate"":1e-05}","{""detection_events"":9380,""detectors_checked"":283228160}"
   1576960,         0,         0,   119.6,decoder_by_matrix,0421d486f8a041838688df650e87c0a19c3450ab7a7cc8b3dc589ebff86d1c74,"{""distance"":5,""physical_error_rate"":0.0001}","{""detection_events"":91925,""detectors_checked"":268083200}"
   1538048,         2,         0,   119.7,decoder_by_matrix,066a5d8d46981b593c3dec855f441edbe9e755a8873183448f69d036a2ecc650,"{""distance"":5,""physical_error_rate"":0.001}","{""detection_events"":869070,""detectors_checked"":261468160,""obs_mistake_mask=E___"":1,""obs_mistake_mask=_EEE"":1}"
   1585152,         0,         0,   119.5,decoder_by_matrix,9c6baee88fc81e7d1aa345fcb3feec7ee81f21c5d49cb6ca037118097d89e180,"{""distance"":5,""physical_error_rate"":5e-05}","{""detection_events"":44495,""detectors_checked"":269475840}"
   1503232,         0,         0,   119.5,decoder_by_matrix,fa5edda0c1038186c8afbec49b0215a0b852396cdb50783a3f937fdf51d2afac,"{""distance"":5,""physical_error_rate"":1e-05}","{""detection_events"":8795,""detectors_checked"":255549440}"
   1614848,         0,         0,   119.6,decoder_by_matrix,e41ade2e4684e0396b9a3890c882b6453b515d69885aa1d89a26ce21ec554895,"{""distance"":5,""physical_error_rate"":1e-06}","{""detection_events"":935,""detectors_checked"":274524160}"
   6876160,        12,         0,   119.0,decoder_by_matrix,066a5d8d46981b593c3dec855f441edbe9e755a8873183448f69d036a2ecc650,"{""distance"":5,""physical_error_rate"":0.001}","{""detection_events"":3911000,""detectors_checked"":1168947200,""obs_mistake_mask=E_E_"":1,""obs_mistake_mask=E__E"":1,""obs_mistake_mask=E___"":2,""obs_mistake_mask=_EE_"":2,""obs_mistake_mask=_E_E"":1,""obs_mistake_mask=__EE"":2,""obs_mistake_mask=__E_"":1,""obs_mistake_mask=___E"":2}"
   1542144,         0,         0,   119.8,decoder_by_matrix,0421d486f8a041838688df650e87c0a19c3450ab7a7cc8b3dc589ebff86d1c74,"{""distance"":5,""physical_error_rate"":0.0001}","{""detection_events"":88250,""detectors_checked"":262164480}"
   1566720,         0,         0,   119.6,decoder_by_matrix,e41ade2e4684e0396b9a3890c882b6453b515d69885aa1d89a26ce21ec554895,"{""distance"":5,""physical_error_rate"":1e-06}","{""detection_events"":990,""detectors_checked"":266342400}"
   1520640,         0,         0,   119.6,decoder_by_matrix,9c6baee88fc81e7d1aa345fcb3feec7ee81f21c5d49cb6ca037118097d89e180,"{""distance"":5,""physical_error_rate"":5e-05}","{""detection_events"":43725,""detectors_checked"":258508800}"
   1648640,         0,         0,   119.7,decoder_by_matrix,fa5edda0c1038186c8afbec49b0215a0b852396cdb50783a3f937fdf51d2afac,"{""distance"":5,""physical_error_rate"":1e-05}","{""detection_events"":9015,""detectors_checked"":280268800}"
   1589248,         0,         0,   119.5,decoder_by_matrix,e41ade2e4684e0396b9a3890c882b6453b515d69885aa1d89a26ce21ec554895,"{""distance"":5,""physical_error_rate"":1e-06}","{""detection_events"":1115,""detectors_checked"":270172160}"
   1606656,         0,         0,   119.6,decoder_by_matrix,3c866087b289edc25e9adea730044a15db18cabfd3ae2507fc844d5b4e03657a,"{""distance"":5,""physical_error_rate"":5e-06}","{""detection_events"":5250,""detectors_checked"":273131520}"
   1590272,         0,         0,   119.6,decoder_by_matrix,3c866087b289edc25e9adea730044a15db18cabfd3ae2507fc844d5b4e03657a,"{""distance"":5,""physical_error_rate"":5e-06}","{""detection_events"":4700,""detectors_checked"":270346240}"
   1539072,         0,         0,   119.5,decoder_by_matrix,0421d486f8a041838688df650e87c0a19c3450ab7a7cc8b3dc589ebff86d1c74,"{""distance"":5,""physical_error_rate"":0.0001}","{""detection_events"":88670,""detectors_checked"":261642240}"
   1438720,         0,         0,   119.6,decoder_by_matrix,b84cf4b8ca220d31f17e1e2ea9ab927bbc4176b15682c650e7d1dd8f2758172b,"{""distance"":5,""physical_error_rate"":0.0005}","{""detection_events"":413880,""detectors_checked"":244582400}"
   1496064,         1,         0,   119.6,decoder_by_matrix,b84cf4b8ca220d31f17e1e2ea9ab927bbc4176b15682c650e7d1dd8f2758172b,"{""distance"":5,""physical_error_rate"":0.0005}","{""detection_events"":427785,""detectors_checked"":254330880,""obs_mistake_mask=__E_"":1}"
   1597440,         0,         0,   119.7,decoder_by_matrix,fa5edda0c1038186c8afbec49b0215a0b852396cdb50783a3f937fdf51d2afac,"{""distance"":5,""physical_error_rate"":1e-05}","{""detection_events"":8615,""detectors_checked"":271564800}"
   1507328,         4,         0,   119.6,decoder_by_matrix,066a5d8d46981b593c3dec855f441edbe9e755a8873183448f69d036a2ecc650,"{""distance"":5,""physical_error_rate"":0.001}","{""detection_events"":858595,""detectors_checked"":256245760,""obs_mistake_mask=_EEE"":1,""obs_mistake_mask=_E__"":2,""obs_mistake_mask=__E_"":1}"
   1453056,         0,         0,   119.5,decoder_by_matrix,9c6baee88fc81e7d1aa345fcb3feec7ee81f21c5d49cb6ca037118097d89e180,"{""distance"":5,""physical_error_rate"":5e-05}","{""detection_events"":40840,""detectors_checked"":247019520}"
   1564672,         0,         0,   119.6,decoder_by_matrix,3c866087b289edc25e9adea730044a15db18cabfd3ae2507fc844d5b4e03657a,"{""distance"":5,""physical_error_rate"":5e-06}","{""detection_events"":4415,""detectors_checked"":265994240}"
   1607680,         0,         0,   119.7,decoder_by_matrix,3c866087b289edc25e9adea730044a15db18cabfd3ae2507fc844d5b4e03657a,"{""distance"":5,""physical_error_rate"":5e-06}","{""detection_events"":4275,""detectors_checked"":273305600}"
   1604608,         0,         0,   119.6,decoder_by_matrix,e41ade2e4684e0396b9a3890c882b6453b515d69885aa1d89a26ce21ec554895,"{""distance"":5,""physical_error_rate"":1e-06}","{""detection_events"":1120,""detectors_checked"":272783360}"
   1514496,         0,         0,   119.5,decoder_by_matrix,0421d486f8a041838688df650e87c0a19c3450ab7a7cc8b3dc589ebff86d1c74,"{""distance"":5,""physical_error_rate"":0.0001}","{""detection_events"":86715,""detectors_checked"":257464320}"
   1543168,         0,         0,   119.6,decoder_by_matrix,fa5edda0c1038186c8afbec49b0215a0b852396cdb50783a3f937fdf51d2afac,"{""distance"":5,""physical_error_rate"":1e-05}","{""detection_events"":8960,""detectors_checked"":262338560}"
   1525760,         0,         0,   119.6,decoder_by_matrix,9c6baee88fc81e7d1aa345fcb3feec7ee81f21c5d49cb6ca037118097d89e180,"{""distance"":5,""physical_error_rate"":5e-05}","{""detection_events"":41065,""detectors_checked"":259379200}"
   1553408,         0,         0,   119.6,decoder_by_matrix,b84cf4b8ca220d31f17e1e2ea9ab927bbc4176b15682c650e7d1dd8f2758172b,"{""distance"":5,""physical_error_rate"":0.0005}","{""detection_events"":442935,""detectors_checked"":264079360}"
   1588224,         0,         0,   119.6,decoder_by_matrix,b84cf4b8ca220d31f17e1e2ea9ab927bbc4176b15682c650e7d1dd8f2758172b,"{""distance"":5,""physical_error_rate"":0.0005}","{""detection_events"":449370,""detectors_checked"":269998080}"
   1473536,         3,         0,   119.6,decoder_by_matrix,066a5d8d46981b593c3dec855f441edbe9e755a8873183448f69d036a2ecc650,"{""distance"":5,""physical_error_rate"":0.001}","{""detection_events"":837675,""detectors_checked"":250501120,""obs_mistake_mask=EE__"":1,""obs_mistake_mask=E___"":1,""obs_mistake_mask=___E"":1}"
   1532928,         0,         0,   119.4,decoder_by_matrix,9c6baee88fc81e7d1aa345fcb3feec7ee81f21c5d49cb6ca037118097d89e180,"{""distance"":5,""physical_error_rate"":5e-05}","{""detection_events"":43720,""detectors_checked"":260597760}"
   2107392,         0,         0,   119.6,decoder_by_matrix,9c6baee88fc81e7d1aa345fcb3feec7ee81f21c5d49cb6ca037118097d89e180,"{""distance"":5,""physical_error_rate"":5e-05}","{""detection_events"":58770,""detectors_checked"":358256640}"
   1568768,         3,         0,   119.5,decoder_by_matrix,066a5d8d46981b593c3dec855f441edbe9e755a8873183448f69d036a2ecc650,"{""distance"":5,""physical_error_rate"":0.001}","{""detection_events"":882780,""detectors_checked"":266690560,""obs_mistake_mask=EEE_"":1,""obs_mistake_mask=E__E"":1,""obs_mistake_mask=E___"":1}"
   2291712,         0,         0,   119.6,decoder_by_matrix,3c866087b289edc25e9adea730044a15db18cabfd3ae2507fc844d5b4e03657a,"{""distance"":5,""physical_error_rate"":5e-06}","{""detection_events"":6555,""detectors_checked"":389591040}"
   1594368,         1,         0,   119.5,decoder_by_matrix,066a5d8d46981b593c3dec855f441edbe9e755a8873183448f69d036a2ecc650,"{""distance"":5,""physical_error_rate"":0.001}","{""detection_events"":908425,""detectors_checked"":271042560,""obs_mistake_mask=E___"":1}"
   1609728,         1,         0,   119.7,decoder_by_matrix,b84cf4b8ca220d31f17e1e2ea9ab927bbc4176b15682c650e7d1dd8f2758172b,"{""distance"":5,""physical_error_rate"":0.0005}","{""detection_events"":463615,""detectors_checked"":273653760,""obs_mistake_mask=___E"":1}"
   2363392,         0,         0,   119.6,decoder_by_matrix,e41ade2e4684e0396b9a3890c882b6453b515d69885aa1d89a26ce21ec554895,"{""distance"":5,""physical_error_rate"":1e-06}","{""detection_events"":1420,""detectors_checked"":401776640}"
   2325504,         0,         0,   119.6,decoder_by_matrix,fa5edda0c1038186c8afbec49b0215a0b852396cdb50783a3f937fdf51d2afac,"{""distance"":5,""physical_error_rate"":1e-05}","{""detection_events"":13730,""detectors_checked"":395335680}"
   1713152,         0,         0,   119.6,decoder_by_matrix,0421d486f8a041838688df650e87c0a19c3450ab7a7cc8b3dc589ebff86d1c74,"{""distance"":5,""physical_error_rate"":0.0001}","{""detection_events"":97165,""detectors_checked"":291235840}"
   1946624,         0,         0,   119.6,decoder_by_matrix,b84cf4b8ca220d31f17e1e2ea9ab927bbc4176b15682c650e7d1dd8f2758172b,"{""distance"":5,""physical_error_rate"":0.0005}","{""detection_events"":555085,""detectors_checked"":330926080}"
   1669120,         0,         0,   119.5,decoder_by_matrix,9c6baee88fc81e7d1aa345fcb3feec7ee81f21c5d49cb6ca037118097d89e180,"{""distance"":5,""physical_error_rate"":5e-05}","{""detection_events"":46090,""detectors_checked"":283750400}"
   2012160,         0,         0,   119.6,decoder_by_matrix,0421d486f8a041838688df650e87c0a19c3450ab7a7cc8b3dc589ebff86d1c74,"{""distance"":5,""physical_error_rate"":0.0001}","{""detection_events"":112285,""detectors_checked"":342067200}"
   1664000,         0,         0,   119.5,decoder_by_matrix,fa5edda0c1038186c8afbec49b0215a0b852396cdb50783a3f937fdf51d2afac,"{""distance"":5,""physical_error_rate"":1e-05}","{""detection_events"":9465,""detectors_checked"":282880000}"
   1523712,         0,         0,   119.8,decoder_by_matrix,0421d486f8a041838688df650e87c0a19c3450ab7a7cc8b3dc589ebff86d1c74,"{""distance"":5,""physical_error_rate"":0.0001}","{""detection_events"":85830,""detectors_checked"":259031040}"
   1569792,         0,         0,   119.6,decoder_by_matrix,b84cf4b8ca220d31f17e1e2ea9ab927bbc4176b15682c650e7d1dd8f2758172b,"{""distance"":5,""physical_error_rate"":0.0005}","{""detection_events"":445675,""detectors_checked"":266864640}"
   1643520,         0,         0,   119.6,decoder_by_matrix,3c866087b289edc25e9adea730044a15db18cabfd3ae2507fc844d5b4e03657a,"{""distance"":5,""physical_error_rate"":5e-06}","{""detection_events"":3750,""detectors_checked"":279398400}"
   1645568,         0,         0,   119.7,decoder_by_matrix,e41ade2e4684e0396b9a3890c882b6453b515d69885aa1d89a26ce21ec554895,"{""distance"":5,""physical_error_rate"":1e-06}","{""detection_events"":940,""detectors_checked"":279746560}"
   1692672,         0,         0,   119.5,decoder_by_matrix,3c866087b289edc25e9adea730044a15db18cabfd3ae2507fc844d5b4e03657a,"{""distance"":5,""physical_error_rate"":5e-06}","{""detection_events"":4545,""detectors_checked"":287754240}"
   1690624,         0,         0,   119.5,decoder_by_matrix,e41ade2e4684e0396b9a3890c882b6453b515d69885aa1d89a26ce21ec554895,"{""distance"":5,""physical_error_rate"":1e-06}","{""detection_events"":870,""detectors_checked"":287406080}"
   1683456,         0,         0,   119.5,decoder_by_matrix,fa5edda0c1038186c8afbec49b0215a0b852396cdb50783a3f937fdf51d2afac,"{""distance"":5,""physical_error_rate"":1e-05}","{""detection_events"":9515,""detectors_checked"":286187520}"
   1593344,         0,         0,   119.6,decoder_by_matrix,0421d486f8a041838688df650e87c0a19c3450ab7a7cc8b3dc589ebff86d1c74,"{""distance"":5,""physical_error_rate"":0.0001}","{""detection_events"":91990,""detectors_checked"":270868480}"
   1537024,         2,         0,   119.6,decoder_by_matrix,066a5d8d46981b593c3dec855f441edbe9e755a8873183448f69d036a2ecc650,"{""distance"":5,""physical_error_rate"":0.001}","{""detection_events"":872910,""detectors_checked"":261294080,""obs_mistake_mask=E__E"":1,""obs_mistake_mask=E___"":1}"
   1597440,         0,         0,   119.6,decoder_by_matrix,9c6baee88fc81e7d1aa345fcb3feec7ee81f21c5d49cb6ca037118097d89e180,"{""distance"":5,""physical_error_rate"":5e-05}","{""detection_events"":45490,""detectors_checked"":271564800}"
   1521664,         0,         0,   119.6,decoder_by_matrix,fa5edda0c1038186c8afbec49b0215a0b852396cdb50783a3f937fdf51d2afac,"{""distance"":5,""physical_error_rate"":1e-05}","{""detection_events"":9255,""detectors_checked"":258682880}"
   1627136,         0,         0,   119.6,decoder_by_matrix,e41ade2e4684e0396b9a3890c882b6453b515d69885aa1d89a26ce21ec554895,"{""distance"":5,""physical_error_rate"":1e-06}","{""detection_events"":915,""detectors_checked"":276613120}"
   7283712,        19,         0,   119.2,decoder_by_matrix,066a5d8d46981b593c3dec855f441edbe9e755a8873183448f69d036a2ecc650,"{""distance"":5,""physical_error_rate"":0.001}","{""detection_events"":4144975,""detectors_checked"":1238231040,""obs_mistake_mask=EE_E"":1,""obs_mistake_mask=EE__"":2,""obs_mistake_mask=E_EE"":1,""obs_mistake_mask=E_E_"":2,""obs_mistake_mask=E__E"":1,""obs_mistake_mask=E___"":2,""obs_mistake_mask=_EEE"":3,""obs_mistake_mask=_E__"":3,""obs_mistake_mask=__E_"":2,""obs_mistake_mask=___E"":2}"
   1484800,         0,         0,   119.6,decoder_by_matrix,0421d486f8a041838688df650e87c0a19c3450ab7a7cc8b3dc589ebff86d1c74,"{""distance"":5,""physical_error_rate"":0.0001}","{""detection_events"":84815,""detectors_checked"":252416000}"
   1614848,         0,         0,   119.6,decoder_by_matrix,e41ade2e4684e0396b9a3890c882b6453b515d69885aa1d89a26ce21ec554895,"{""distance"":5,""physical_error_rate"":1e-06}","{""detection_events"":1205,""detectors_checked"":274524160}"
   1558528,         0,         0,   119.8,decoder_by_matrix,9c6baee88fc81e7d1aa345fcb3feec7ee81f21c5d49cb6ca037118097d89e180,"{""distance"":5,""physical_error_rate"":5e-05}","{""detection_events"":46375,""detectors_checked"":264949760}"
   1638400,         0,         0,   119.6,decoder_by_matrix,fa5edda0c1038186c8afbec49b0215a0b852396cdb50783a3f937fdf51d2afac,"{""distance"":5,""physical_error_rate"":1e-05}","{""detection_events"":9105,""detectors_checked"":278528000}"
   1618944,         0,         0,   119.5,decoder_by_matrix,e41ade2e4684e0396b9a3890c882b6453b515d69885aa1d89a26ce21ec554895,"{""distance"":5,""physical_error_rate"":1e-06}","{""detection_events"":950,""detectors_checked"":275220480}"
   1626112,         0,         0,   119.7,decoder_by_matrix,3c866087b289edc25e9adea730044a15db18cabfd3ae2507fc844d5b4e03657a,"{""distance"":5,""physical_error_rate"":5e-06}","{""detection_events"":4995,""detectors_checked"":276439040}"
   1622016,         0,         0,   119.6,decoder_by_matrix,3c866087b289edc25e9adea730044a15db18cabfd3ae2507fc844d5b4e03657a,"{""distance"":5,""physical_error_rate"":5e-06}","{""detection_events"":4585,""detectors_checked"":275742720}"
   1528832,         0,         0,   119.6,decoder_by_matrix,0421d486f8a041838688df650e87c0a19c3450ab7a7cc8b3dc589ebff86d1c74,"{""distance"":5,""physical_error_rate"":0.0001}","{""detection_events"":86185,""detectors_checked"":259901440}"
   1505280,         0,         0,   119.5,decoder_by_matrix,b84cf4b8ca220d31f17e1e2ea9ab927bbc4176b15682c650e7d1dd8f2758172b,"{""distance"":5,""physical_error_rate"":0.0005}","{""detection_events"":424280,""detectors_checked"":255897600}"
   1523712,         1,         0,   119.6,decoder_by_matrix,b84cf4b8ca220d31f17e1e2ea9ab927bbc4176b15682c650e7d1dd8f2758172b,"{""distance"":5,""physical_error_rate"":0.0005}","{""detection_events"":430715,""detectors_checked"":259031040,""obs_mistake_mask=_E_E"":1}"
   1684480,         0,         0,   119.5,decoder_by_matrix,fa5edda0c1038186c8afbec49b0215a0b852396cdb50783a3f937fdf51d2afac,"{""distance"":5,""physical_error_rate"":1e-05}","{""detection_events"":8915,""detectors_checked"":286361600}"
   1530880,         4,         0,   119.6,decoder_by_matrix,066a5d8d46981b593c3dec855f441edbe9e755a8873183448f69d036a2ecc650,"{""distance"":5,""physical_error_rate"":0.001}","{""detection_events"":868580,""detectors_checked"":260249600,""obs_mistake_mask=EE_E"":1,""obs_mistake_mask=__EE"":1,""obs_mistake_mask=__E_"":2}"
   1588224,         0,         0,   119.6,decoder_by_matrix,3c866087b289edc25e9adea730044a15db18cabfd3ae2507fc844d5b4e03657a,"{""distance"":5,""physical_error_rate"":5e-06}","{""detection_events"":4450,""detectors_checked"":269998080}"
   1550336,         0,         0,   119.6,decoder_by_matrix,9c6baee88fc81e7d1aa345fcb3feec7ee81f21c5d49cb6ca037118097d89e180,"{""distance"":5,""physical_error_rate"":5e-05}","{""detection_events"":43185,""detectors_checked"":263557120}"
   1628160,         0,         0,   119.6,decoder_by_matrix,3c866087b289edc25e9adea730044a15db18cabfd3ae2507fc844d5b4e03657a,"{""distance"":5,""physical_error_rate"":5e-06}","{""detection_events"":3835,""detectors_checked"":276787200}"
   1635328,         0,         0,   119.7,decoder_by_matrix,e41ade2e4684e0396b9a3890c882b6453b515d69885aa1d89a26ce21ec554895,"{""distance"":5,""physical_error_rate"":1e-06}","{""detection_events"":575,""detectors_checked"":278005760}"
   1482752,         0,         0,   119.6,decoder_by_matrix,0421d486f8a041838688df650e87c0a19c3450ab7a7cc8b3dc589ebff86d1c74,"{""distance"":5,""physical_error_rate"":0.0001}","{""detection_events"":85785,""detectors_checked"":252067840}"
   1527808,         0,         0,   119.6,decoder_by_matrix,fa5edda0c1038186c8afbec49b0215a0b852396cdb50783a3f937fdf51d2afac,"{""distance"":5,""physical_error_rate"":1e-05}","{""detection_events"":9385,""detectors_checked"":259727360}"
   1551360,         0,         0,   119.4,decoder_by_matrix,9c6baee88fc81e7d1aa345fcb3feec7ee81f21c5d49cb6ca037118097d89e180,"{""distance"":5,""physical_error_rate"":5e-05}","{""detection_events"":43480,""detectors_checked"":263731200}"
   1557504,         0,         0,   119.6,decoder_by_matrix,b84cf4b8ca220d31f17e1e2ea9ab927bbc4176b15682c650e7d1dd8f2758172b,"{""distance"":5,""physical_error_rate"":0.0005}","{""detection_events"":441810,""detectors_checked"":264775680}"
   1538048,         1,         0,   119.5,decoder_by_matrix,b84cf4b8ca220d31f17e1e2ea9ab927bbc4176b15682c650e7d1dd8f2758172b,"{""distance"":5,""physical_error_rate"":0.0005}","{""detection_events"":435960,""detectors_checked"":261468160,""obs_mistake_mask=_EEE"":1}"
   1449984,         1,         0,   119.6,decoder_by_matrix,066a5d8d46981b593c3dec855f441edbe9e755a8873183448f69d036a2ecc650,"{""distance"":5,""physical_error_rate"":0.001}","{""detection_events"":822505,""detectors_checked"":246497280,""obs_mistake_mask=___E"":1}"
   1542144,         0,         0,   119.5,decoder_by_matrix,9c6baee88fc81e7d1aa345fcb3feec7ee81f21c5d49cb6ca037118097d89e180,"{""distance"":5,""physical_error_rate"":5e-05}","{""detection_events"":43670,""detectors_checked"":262164480}"
   2312192,         0,         0,   119.5,decoder_by_matrix,9c6baee88fc81e7d1aa345fcb3feec7ee81f21c5d49cb6ca037118097d89e180,"{""distance"":5,""physical_error_rate"":5e-05}","{""detection_events"":64535,""detectors_checked"":393072640}"
   1545216,         0,         0,   119.6,decoder_by_matrix,066a5d8d46981b593c3dec855f441edbe9e755a8873183448f69d036a2ecc650,"{""distance"":5,""physical_error_rate"":0.001}","{""detection_events"":879150,""detectors_checked"":262686720}"
   2587648,         0,         0,   119.6,decoder_by_matrix,3c866087b289edc25e9adea730044a15db18cabfd3ae2507fc844d5b4e03657a,"{""distance"":5,""physical_error_rate"":5e-06}","{""detection_events"":6740,""detectors_checked"":439900160}"
   1589248,         3,         0,   119.6,decoder_by_matrix,066a5d8d46981b593c3dec855f441edbe9e755a8873183448f69d036a2ecc650,"{""distance"":5,""physical_error_rate"":0.001}","{""detection_events"":898710,""detectors_checked"":270172160,""obs_mistake_mask=E_E_"":1,""obs_mistake_mask=E___"":1,""obs_mistake_mask=__E_"":1}"
   1569792,         1,         0,   119.6,decoder_by_matrix,b84cf4b8ca220d31f17e1e2ea9ab927bbc4176b15682c650e7d1dd8f2758172b,"{""distance"":5,""physical_error_rate"":0.0005}","{""detection_events"":450765,""detectors_checked"":266864640,""obs_mistake_mask=_EEE"":1}"
   2414592,         0,         0,   119.6,decoder_by_matrix,e41ade2e4684e0396b9a3890c882b6453b515d69885aa1d89a26ce21ec554895,"{""distance"":5,""physical_error_rate"":1e-06}","{""detection_events"":1170,""detectors_checked"":410480640}"
   2355200,         0,         0,   119.5,decoder_by_matrix,fa5edda0c1038186c8afbec49b0215a0b852396cdb50783a3f937fdf51d2afac,"{""distance"":5,""physical_error_rate"":1e-05}","{""detection_events"":13530,""detectors_checked"":400384000}"
   1629184,         0,         0,   119.6,decoder_by_matrix,0421d486f8a041838688df650e87c0a19c3450ab7a7cc8b3dc589ebff86d1c74,"{""distance"":5,""physical_error_rate"":0.0001}","{""detection_events"":91460,""detectors_checked"":276961280}"
   2102272,         2,         0,   119.6,decoder_by_matrix,b84cf4b8ca220d31f17e1e2ea9ab927bbc4176b15682c650e7d1dd8f2758172b,"{""distance"":5,""physical_error_rate"":0.0005}","{""detection_events"":599655,""detectors_checked"":357386240,""obs_mistake_mask=EE_E"":1,""obs_mistake_mask=E___"":1}"
   1628160,         0,         0,   119.5,decoder_by_matrix,9c6baee88fc81e7d1aa345fcb3feec7ee81f21c5d49cb6ca037118097d89e180,"{""distance"":5,""physical_error_rate"":5e-05}","{""detection_events"":45085,""detectors_checked"":276787200}"
   2163712,         0,         0,   119.6,decoder_by_matrix,0421d486f8a041838688df650e87c0a19c3450ab7a7cc8b3dc589ebff86d1c74,"{""distance"":5,""physical_error_rate"":0.0001}","{""detection_events"":122175,""detectors_checked"":367831040}"
   1638400,         0,         0,   119.7,decoder_by_matrix,fa5edda0c1038186c8afbec49b0215a0b852396cdb50783a3f937fdf51d2afac,"{""distance"":5,""physical_error_rate"":1e-05}","{""detection_events"":9065,""detectors_checked"":278528000}"
   1546240,         0,         0,   119.6,decoder_by_matrix,0421d486f8a041838688df650e87c0a19c3450ab7a7cc8b3dc589ebff86d1c74,"{""distance"":5,""physical_error_rate"":0.0001}","{""detection_events"":89525,""detectors_checked"":262860800}"
   1634304,         0,         0,   119.5,decoder_by_matrix,3c866087b289edc25e9adea730044a15db18cabfd3ae2507fc844d5b4e03657a,"{""distance"":5,""physical_error_rate"":5e-06}","{""detection_events"":4590,""detectors_checked"":277831680}"
   1563648,         0,         0,   119.6,decoder_by_matrix,b84cf4b8ca220d31f17e1e2ea9ab927bbc4176b15682c650e7d1dd8f2758172b,"{""distance"":5,""physical_error_rate"":0.0005}","{""detection_events"":444515,""detectors_checked"":265820160}"
   1625088,         0,         0,   119.7,decoder_by_matrix,e41ade2e4684e0396b9a3890c882b6453b515d69885aa1d89a26ce21ec554895,"{""distance"":5,""physical_error_rate"":1e-06}","{""detection_events"":760,""detectors_checked"":276264960}"
   1664000,         0,         0,   119.7,decoder_by_matrix,3c866087b289edc25e9adea730044a15db18cabfd3ae2507fc844d5b4e03657a,"{""distance"":5,""physical_error_rate"":5e-06}","{""detection_events"":4570,""detectors_checked"":282880000}"
   1669120,         0,         0,   119.5,decoder_by_matrix,e41ade2e4684e0396b9a3890c882b6453b515d69885aa1d89a26ce21ec554895,"{""distance"":5,""physical_error_rate"":1e-06}","{""detection_events"":1120,""detectors_checked"":283750400}"
   1656832,         0,         0,   119.5,decoder_by_matrix,fa5edda0c1038186c8afbec49b0215a0b852396cdb50783a3f937fdf51d2afac,"{""distance"":5,""physical_error_rate"":1e-05}","{""detection_events"":9110,""detectors_checked"":281661440}"
   1576960,         0,         0,   119.7,decoder_by_matrix,0421d486f8a041838688df650e87c0a19c3450ab7a7cc8b3dc589ebff86d1c74,"{""distance"":5,""physical_error_rate"":0.0001}","{""detection_events"":87530,""detectors_checked"":268083200}"
   1531904,         3,         0,   119.6,decoder_by_matrix,066a5d8d46981b593c3dec855f441edbe9e755a8873183448f69d036a2ecc650,"{""distance"":5,""physical_error_rate"":0.001}","{""detection_events"":868785,""detectors_checked"":260423680,""obs_mistake_mask=_E__"":1,""obs_mistake_mask=__EE"":1,""obs_mistake_mask=__E_"":1}"
   1584128,         0,         0,   119.7,decoder_by_matrix,9c6baee88fc81e7d1aa345fcb3feec7ee81f21c5d49cb6ca037118097d89e180,"{""distance"":5,""physical_error_rate"":5e-05}","{""detection_events"":44785,""detectors_checked"":269301760}"
   1636352,         0,         0,   119.7,decoder_by_matrix,fa5edda0c1038186c8afbec49b0215a0b852396cdb50783a3f937fdf51d2afac,"{""distance"":5,""physical_error_rate"":1e-05}","{""detection_events"":9185,""detectors_checked"":278179840}"
   1577984,         0,         0,   119.5,decoder_by_matrix,e41ade2e4684e0396b9a3890c882b6453b515d69885aa1d89a26ce21ec554895,"{""distance"":5,""physical_error_rate"":1e-06}","{""detection_events"":900,""detectors_checked"":268257280}"
   6600704,        15,         0,   119.1,decoder_by_matrix,066a5d8d46981b593c3dec855f441edbe9e755a8873183448f69d036a2ecc650,"{""distance"":5,""physical_error_rate"":0.001}","{""detection_events"":3746815,""detectors_checked"":1122119680,""obs_mistake_mask=EEE_"":1,""obs_mistake_mask=EE__"":1,""obs_mistake_mask=E__E"":1,""obs_mistake_mask=E___"":3,""obs_mistake_mask=_EEE"":1,""obs_mistake_mask=_EE_"":3,""obs_mistake_mask=_E__"":2,""obs_mistake_mask=__EE"":1,""obs_mistake_mask=__E_"":1,""obs_mistake_mask=___E"":1}"
   1427456,         0,         0,   119.5,decoder_by_matrix,0421d486f8a041838688df650e87c0a19c3450ab7a7cc8b3dc589ebff86d1c74,"{""distance"":5,""physical_error_rate"":0.0001}","{""detection_events"":79845,""detectors_checked"":242667520}"
   1645568,         0,         0,   119.6,decoder_by_matrix,e41ade2e4684e0396b9a3890c882b6453b515d69885aa1d89a26ce21ec554895,"{""distance"":5,""physical_error_rate"":1e-06}","{""detection_events"":925,""detectors_checked"":279746560}"
   1577984,         0,         0,   119.6,decoder_by_matrix,9c6baee88fc81e7d1aa345fcb3feec7ee81f21c5d49cb6ca037118097d89e180,"{""distance"":5,""physical_error_rate"":5e-05}","{""detection_events"":44945,""detectors_checked"":268257280}"
   1662976,         0,         0,   119.6,decoder_by_matrix,fa5edda0c1038186c8afbec49b0215a0b852396cdb50783a3f937fdf51d2afac,"{""distance"":5,""physical_error_rate"":1e-05}","{""detection_events"":10050,""detectors_checked"":282705920}"
   1615872,         0,         0,   119.6,decoder_by_matrix,e41ade2e4684e0396b9a3890c882b6453b515d69885aa1d89a26ce21ec554895,"{""distance"":5,""physical_error_rate"":1e-06}","{""detection_events"":810,""detectors_checked"":274698240}"
   1598464,         0,         0,   119.6,decoder_by_matrix,3c866087b289edc25e9adea730044a15db18cabfd3ae2507fc844d5b4e03657a,"{""distance"":5,""physical_error_rate"":5e-06}","{""detection_events"":4790,""detectors_checked"":271738880}"
   1514496,         0,         0,   119.6,decoder_by_matrix,3c866087b289edc25e9adea730044a15db18cabfd3ae2507fc844d5b4e03657a,"{""distance"":5,""physical_error_rate"":5e-06}","{""detection_events"":4150,""detectors_checked"":257464320}"
   1492992,         0,         0,   119.6,decoder_by_matrix,0421d486f8a041838688df650e87c0a19c3450ab7a7cc8b3dc589ebff86d1c74,"{""distance"":5,""physical_error_rate"":0.0001}","{""detection_events"":85325,""detectors_checked"":253808640}"
   1548288,         0,         0,   119.6,decoder_by_matrix,b84cf4b8ca220d31f17e1e2ea9ab927bbc4176b15682c650e7d1dd8f2758172b,"{""distance"":5,""physical_error_rate"":0.0005}","{""detection_events"":443355,""detectors_checked"":263208960}"
   1467392,         0,         0,   119.6,decoder_by_matrix,b84cf4b8ca220d31f17e1e2ea9ab927bbc4176b15682c650e7d1dd8f2758172b,"{""distance"":5,""physical_error_rate"":0.0005}","{""detection_events"":418515,""detectors_checked"":249456640}"
   1515520,         0,         0,   119.5,decoder_by_matrix,fa5edda0c1038186c8afbec49b0215a0b852396cdb50783a3f937fdf51d2afac,"{""distance"":5,""physical_error_rate"":1e-05}","{""detection_events"":8440,""detectors_checked"":257638400}"
   1595392,         0,         0,   119.7,decoder_by_matrix,3c866087b289edc25e9adea730044a15db18cabfd3ae2507fc844d5b4e03657a,"{""distance"":5,""physical_error_rate"":5e-06}","{""detection_events"":4345,""detectors_checked"":271216640}"
   1443840,         4,         0,   119.7,decoder_by_matrix,066a5d8d46981b593c3dec855f441edbe9e755a8873183448f69d036a2ecc650,"{""distance"":5,""physical_error_rate"":0.001}","{""detection_events"":817695,""detectors_checked"":245452800,""obs_mistake_mask=EE__"":1,""obs_mistake_mask=E___"":1,""obs_mistake_mask=_E_E"":1,""obs_mistake_mask=_E__"":1}"
   1516544,         0,         0,   119.6,decoder_by_matrix,9c6baee88fc81e7d1aa345fcb3feec7ee81f21c5d49cb6ca037118097d89e180,"{""distance"":5,""physical_error_rate"":5e-05}","{""detection_events"":42805,""detectors_checked"":257812480}"
   1691648,         0,         0,   119.5,decoder_by_matrix,3c866087b289edc25e9adea730044a15db18cabfd3ae2507fc844d5b4e03657a,"{""distance"":5,""physical_error_rate"":5e-06}","{""detection_events"":4965,""detectors_checked"":287580160}"
   1656832,         0,         0,   119.6,decoder_by_matrix,e41ade2e4684e0396b9a3890c882b6453b515d69885aa1d89a26ce21ec554895,"{""distance"":5,""physical_error_rate"":1e-06}","{""detection_events"":855,""detectors_checked"":281661440}"
   1566720,         0,         0,   119.6,decoder_by_matrix,0421d486f8a041838688df650e87c0a19c3450ab7a7cc8b3dc589ebff86d1c74,"{""distance"":5,""physical_error_rate"":0.0001}","{""detection_events"":89555,""detectors_checked"":266342400}"
   1553408,         0,         0,   119.6,decoder_by_matrix,fa5edda0c1038186c8afbec49b0215a0b852396cdb50783a3f937fdf51d2afac,"{""distance"":5,""physical_error_rate"":1e-05}","{""detection_events"":9115,""detectors_checked"":264079360}"
   1518592,         0,         0,   119.5,decoder_by_matrix,9c6baee88fc81e7d1aa345fcb3feec7ee81f21c5d49cb6ca037118097d89e180,"{""distance"":5,""physical_error_rate"":5e-05}","{""detection_events"":45270,""detectors_checked"":258160640}"
   1571840,         0,         0,   119.5,decoder_by_matrix,b84cf4b8ca220d31f17e1e2ea9ab927bbc4176b15682c650e7d1dd8f2758172b,"{""distance"":5,""physical_error_rate"":0.0005}","{""detection_events"":445795,""detectors_checked"":267212800}"
   1509376,         0,         0,   119.6,decoder_by_matrix,b84cf4b8ca220d31f17e1e2ea9ab927bbc4176b15682c650e7d1dd8f2758172b,"{""distance"":5,""physical_error_rate"":0.0005}","{""detection_events"":428435,""detectors_checked"":256593920}"
   1495040,         3,         0,   119.6,decoder_by_matrix,066a5d8d46981b593c3dec855f441edbe9e755a8873183448f69d036a2ecc650,"{""distance"":5,""physical_error_rate"":0.001}","{""detection_events"":847160,""detectors_checked"":254156800,""obs_mistake_mask=_EE_"":1,""obs_mistake_mask=__EE"":1,""obs_mistake_mask=__E_"":1}"
   1502208,         0,         0,   119.6,decoder_by_matrix,9c6baee88fc81e7d1aa345fcb3feec7ee81f21c5d49cb6ca037118097d89e180,"{""distance"":5,""physical_error_rate"":5e-05}","{""detection_events"":42545,""detectors_checked"":255375360}"
   2142208,         0,         0,   119.7,decoder_by_matrix,9c6baee88fc81e7d1aa345fcb3feec7ee81f21c5d49cb6ca037118097d89e180,"{""distance"":5,""physical_error_rate"":5e-05}","{""detection_events"":59530,""detectors_checked"":364175360}"
   2419712,         0,         0,   119.6,decoder_by_matrix,3c866087b289edc25e9adea730044a15db18cabfd3ae2507fc844d5b4e03657a,"{""distance"":5,""physical_error_rate"":5e-06}","{""detection_events"":6315,""detectors_checked"":411351040}"
   1581056,         1,         0,   119.6,decoder_by_matrix,066a5d8d46981b593c3dec855f441edbe9e755a8873183448f69d036a2ecc650,"{""distance"":5,""physical_error_rate"":0.001}","{""detection_events"":893430,""detectors_checked"":268779520,""obs_mistake_mask=__EE"":1}"
   1585152,         4,         0,   119.6,decoder_by_matrix,066a5d8d46981b593c3dec855f441edbe9e755a8873183448f69d036a2ecc650,"{""distance"":5,""physical_error_rate"":0.001}","{""detection_events"":894850,""detectors_checked"":269475840,""obs_mistake_mask=E___"":1,""obs_mistake_mask=___E"":3}"
   1565696,         1,         0,   119.6,decoder_by_matrix,b84cf4b8ca220d31f17e1e2ea9ab927bbc4176b15682c650e7d1dd8f2758172b,"{""distance"":5,""physical_error_rate"":0.0005}","{""detection_events"":445785,""detectors_checked"":266168320,""obs_mistake_mask=__E_"":1}"
   2219008,         0,         0,   119.5,decoder_by_matrix,fa5edda0c1038186c8afbec49b0215a0b852396cdb50783a3f937fdf51d2afac,"{""distance"":5,""physical_error_rate"":1e-05}","{""detection_events"":12355,""detectors_checked"":377231360}"
   2484224,         0,         0,   119.7,decoder_by_matrix,e41ade2e4684e0396b9a3890c882b6453b515d69885aa1d89a26ce21ec554895,"{""distance"":5,""physical_error_rate"":1e-06}","{""detection_events"":1575,""detectors_checked"":422318080}"
   1633280,         0,         0,   119.5,decoder_by_matrix,0421d486f8a041838688df650e87c0a19c3450ab7a7cc8b3dc589ebff86d1c74,"{""distance"":5,""physical_error_rate"":0.0001}","{""detection_events"":92935,""detectors_checked"":277657600}"
   1971200,         2,         0,   119.6,decoder_by_matrix,b84cf4b8ca220d31f17e1e2ea9ab927bbc4176b15682c650e7d1dd8f2758172b,"{""distance"":5,""physical_error_rate"":0.0005}","{""detection_events"":558255,""detectors_checked"":335104000,""obs_mistake_mask=_E__"":1,""obs_mistake_mask=__EE"":1}"
   1638400,         0,         0,   119.6,decoder_by_matrix,9c6baee88fc81e7d1aa345fcb3feec7ee81f21c5d49cb6ca037118097d89e180,"{""distance"":5,""physical_error_rate"":5e-05}","{""detection_events"":44790,""detectors_checked"":278528000}"
   1936384,         0,         0,   119.5,decoder_by_matrix,0421d486f8a041838688df650e87c0a19c3450ab7a7cc8b3dc589ebff86d1c74,"{""distance"":5,""physical_error_rate"":0.0001}","{""detection_events"":113735,""detectors_checked"":329185280}"
   1628160,         0,         0,   119.6,decoder_by_matrix,fa5edda0c1038186c8afbec49b0215a0b852396cdb50783a3f937fdf51d2afac,"{""distance"":5,""physical_error_rate"":1e-05}","{""detection_events"":8595,""detectors_checked"":276787200}"
   1537024,         0,         0,   119.5,decoder_by_matrix,0421d486f8a041838688df650e87c0a19c3450ab7a7cc8b3dc589ebff86d1c74,"{""distance"":5,""physical_error_rate"":0.0001}","{""detection_events"":87550,""detectors_checked"":261294080}"
   1625088,         0,         0,   119.6,decoder_by_matrix,3c866087b289edc25e9adea730044a15db18cabfd3ae2507fc844d5b4e03657a,"{""distance"":5,""physical_error_rate"":5e-06}","{""detection_events"":4610,""detectors_checked"":276264960}"
   1584128,         0,         0,   119.6,decoder_by_matrix,b84cf4b8ca220d31f17e1e2ea9ab927bbc4176b15682c650e7d1dd8f2758172b,"{""distance"":5,""physical_error_rate"":0.0005}","{""detection_events"":450250,""detectors_checked"":269301760}"
   1622016,         0,         0,   119.6,decoder_by_matrix,e41ade2e4684e0396b9a3890c882b6453b515d69885aa1d89a26ce21ec554895,"{""distance"":5,""physical_error_rate"":1e-06}","{""detection_events"":805,""detectors_checked"":275742720}"
   1647616,         0,         0,   119.7,decoder_by_matrix,3c866087b289edc25e9adea730044a15db18cabfd3ae2507fc844d5b4e03657a,"{""distance"":5,""physical_error_rate"":5e-06}","{""detection_events"":4650,""detectors_checked"":280094720}"
   1657856,         0,         0,   119.4,decoder_by_matrix,fa5edda0c1038186c8afbec49b0215a0b852396cdb50783a3f937fdf51d2afac,"{""distance"":5,""physical_error_rate"":1e-05}","{""detection_events"":9355,""detectors_checked"":281835520}"
   1644544,         0,         0,   119.7,decoder_by_matrix,e41ade2e4684e0396b9a3890c882b6453b515d69885aa1d89a26ce21ec554895,"{""distance"":5,""physical_error_rate"":1e-06}","{""detection_events"":765,""detectors_checked"":279572480}"
   1555456,         3,         0,   119.7,decoder_by_matrix,066a5d8d46981b593c3dec855f441edbe9e755a8873183448f69d036a2ecc650,"{""distance"":5,""physical_error_rate"":0.001}","{""detection_events"":880015,""detectors_checked"":264427520,""obs_mistake_mask=_E_E"":2,""obs_mistake_mask=___E"":1}"
   1601536,         0,         0,   119.5,decoder_by_matrix,0421d486f8a041838688df650e87c0a19c3450ab7a7cc8b3dc589ebff86d1c74,"{""distance"":5,""physical_error_rate"":0.0001}","{""detection_events"":91240,""detectors_checked"":272261120}"
   1586176,         0,         0,   119.7,decoder_by_matrix,9c6baee88fc81e7d1aa345fcb3feec7ee81f21c5d49cb6ca037118097d89e180,"{""distance"":5,""physical_error_rate"":5e-05}","{""detection_events"":46055,""detectors_checked"":269649920}"
   1570816,         0,         0,   119.5,decoder_by_matrix,fa5edda0c1038186c8afbec49b0215a0b852396cdb50783a3f937fdf51d2afac,"{""distance"":5,""physical_error_rate"":1e-05}","{""detection_events"":9020,""detectors_checked"":267038720}"
   1612800,         0,         0,   119.6,decoder_by_matrix,e41ade2e4684e0396b9a3890c882b6453b515d69885aa1d89a26ce21ec554895,"{""distance"":5,""physical_error_rate"":1e-06}","{""detection_events"":780,""detectors_checked"":274176000}"
   7882752,        22,         0,   119.1,decoder_by_matrix,066a5d8d46981b593c3dec855f441edbe9e755a8873183448f69d036a2ecc650,"{""distance"":5,""physical_error_rate"":0.001}","{""detection_events"":4469380,""detectors_checked"":1340067840,""obs_mistake_mask=EE_E"":1,""obs_mistake_mask=EE__"":2,""obs_mistake_mask=E_E_"":3,""obs_mistake_mask=E__E"":2,""obs_mistake_mask=E___"":4,""obs_mistake_mask=_E_E"":2,""obs_mistake_mask=_E__"":2,""obs_mistake_mask=__EE"":1,""obs_mistake_mask=__E_"":4,""obs_mistake_mask=___E"":1}"
   1550336,         0,         0,   119.5,decoder_by_matrix,0421d486f8a041838688df650e87c0a19c3450ab7a7cc8b3dc589ebff86d1c74,"{""distance"":5,""physical_error_rate"":0.0001}","{""detection_events"":88665,""detectors_checked"":263557120}"
   1617920,         0,         0,   119.5,decoder_by_matrix,e41ade2e4684e0396b9a3890c882b6453b515d69885aa1d89a26ce21ec554895,"{""distance"":5,""physical_error_rate"":1e-06}","{""detection_events"":675,""detectors_checked"":275046400}"
   1565696,         0,         0,   119.5,decoder_by_matrix,9c6baee88fc81e7d1aa345fcb3feec7ee81f21c5d49cb6ca037118097d89e180,"{""distance"":5,""physical_error_rate"":5e-05}","{""detection_events"":43700,""detectors_checked"":266168320}"
   1623040,         0,         0,   119.6,decoder_by_matrix,fa5edda0c1038186c8afbec49b0215a0b852396cdb50783a3f937fdf51d2afac,"{""distance"":5,""physical_error_rate"":1e-05}","{""detection_events"":10000,""detectors_checked"":275916800}"
   1651712,         0,         0,   119.5,decoder_by_matrix,e41ade2e4684e0396b9a3890c882b6453b515d69885aa1d89a26ce21ec554895,"{""distance"":5,""physical_error_rate"":1e-06}","{""detection_events"":885,""detectors_checked"":280791040}"
   1662976,         0,         0,   119.4,decoder_by_matrix,3c866087b289edc25e9adea730044a15db18cabfd3ae2507fc844d5b4e03657a,"{""distance"":5,""physical_error_rate"":5e-06}","{""detection_events"":4890,""detectors_checked"":282705920}"
   1583104,         0,         0,   119.4,decoder_by_matrix,3c866087b289edc25e9adea730044a15db18cabfd3ae2507fc844d5b4e03657a,"{""distance"":5,""physical_error_rate"":5e-06}","{""detection_events"":4465,""detectors_checked"":269127680}"
   1591296,         0,         0,   119.6,decoder_by_matrix,0421d486f8a041838688df650e87c0a19c3450ab7a7cc8b3dc589ebff86d1c74,"{""distance"":5,""physical_error_rate"":0.0001}","{""detection_events"":87295,""detectors_checked"":270520320}"
   1579008,         0,         0,   119.6,decoder_by_matrix,b84cf4b8ca220d31f17e1e2ea9ab927bbc4176b15682c650e7d1dd8f2758172b,"{""distance"":5,""physical_error_rate"":0.0005}","{""detection_events"":450495,""detectors_checked"":268431360}"
   1561600,         0,         0,   119.5,decoder_by_matrix,b84cf4b8ca220d31f17e1e2ea9ab927bbc4176b15682c650e7d1dd8f2758172b,"{""distance"":5,""physical_error_rate"":0.0005}","{""detection_events"":442315,""detectors_checked"":265472000}"
   1637376,         0,         0,   119.4,decoder_by_matrix,fa5edda0c1038186c8afbec49b0215a0b852396cdb50783a3f937fdf51d2afac,"{""distance"":5,""physical_error_rate"":1e-05}","{""detection_events"":8600,""detectors_checked"":278353920}"
   1588224,         0,         0,   119.6,decoder_by_matrix,3c866087b289edc25e9adea730044a15db18cabfd3ae2507fc844d5b4e03657a,"{""distance"":5,""physical_error_rate"":5e-06}","{""detection_events"":4935,""detectors_checked"":269998080}"
   1528832,         2,         0,   119.6,decoder_by_matrix,066a5d8d46981b593c3dec855f441edbe9e755a8873183448f69d036a2ecc650,"{""distance"":5,""physical_error_rate"":0.001}","{""detection_events"":873730,""detectors_checked"":259901440,""obs_mistake_mask=___E"":2}"
   1553408,         0,         0,   119.6,decoder_by_matrix,9c6baee88fc81e7d1aa345fcb3feec7ee81f21c5d49cb6ca037118097d89e180,"{""distance"":5,""physical_error_rate"":5e-05}","{""detection_events"":43410,""detectors_checked"":264079360}"
   1679360,         0,         0,   119.6,decoder_by_matrix,3c866087b289edc25e9adea730044a15db18cabfd3ae2507fc844d5b4e03657a,"{""distance"":5,""physical_error_rate"":5e-06}","{""detection_events"":4515,""detectors_checked"":285491200}"
   1653760,         0,         0,   119.6,decoder_by_matrix,e41ade2e4684e0396b9a3890c882b6453b515d69885aa1d89a26ce21ec554895,"{""distance"":5,""physical_error_rate"":1e-06}","{""detection_events"":930,""detectors_checked"":281139200}"
   1554432,         0,         0,   119.6,decoder_by_matrix,0421d486f8a041838688df650e87c0a19c3450ab7a7cc8b3dc589ebff86d1c74,"{""distance"":5,""physical_error_rate"":0.0001}","{""detection_events"":89605,""detectors_checked"":264253440}"
   1610752,         0,         0,   119.6,decoder_by_matrix,fa5edda0c1038186c8afbec49b0215a0b852396cdb50783a3f937fdf51d2afac,"{""distance"":5,""physical_error_rate"":1e-05}","{""detection_events"":9085,""detectors_checked"":273827840}"
   1562624,         0,         0,   119.6,decoder_by_matrix,9c6baee88fc81e7d1aa345fcb3feec7ee81f21c5d49cb6ca037118097d89e180,"{""distance"":5,""physical_error_rate"":5e-05}","{""detection_events"":44760,""detectors_checked"":265646080}"
   1561600,         0,         0,   119.5,decoder_by_matrix,b84cf4b8ca220d31f17e1e2ea9ab927bbc4176b15682c650e7d1dd8f2758172b,"{""distance"":5,""physical_error_rate"":0.0005}","{""detection_events"":441685,""detectors_checked"":265472000}"
   1525760,         0,         0,   119.6,decoder_by_matrix,b84cf4b8ca220d31f17e1e2ea9ab927bbc4176b15682c650e7d1dd8f2758172b,"{""distance"":5,""physical_error_rate"":0.0005}","{""detection_events"":433405,""detectors_checked"":259379200}"
   1534976,         3,         0,   119.7,decoder_by_matrix,066a5d8d46981b593c3dec855f441edbe9e755a8873183448f69d036a2ecc650,"{""distance"":5,""physical_error_rate"":0.001}","{""detection_events"":870095,""detectors_checked"":260945920,""obs_mistake_mask=EE_E"":1,""obs_mistake_mask=_EE_"":1,""obs_mistake_mask=__E_"":1}"
   1526784,         0,         0,   119.6,decoder_by_matrix,9c6baee88fc81e7d1aa345fcb3feec7ee81f21c5d49cb6ca037118097d89e180,"{""distance"":5,""physical_error_rate"":5e-05}","{""detection_events"":43855,""detectors_checked"":259553280}"
   2078720,         0,         0,   119.5,decoder_by_matrix,9c6baee88fc81e7d1aa345fcb3feec7ee81f21c5d49cb6ca037118097d89e180,"{""distance"":5,""physical_error_rate"":5e-05}","{""detection_events"":60920,""detectors_checked"":353382400}"
   1552384,         1,         0,   119.7,decoder_by_matrix,066a5d8d46981b593c3dec855f441edbe9e755a8873183448f69d036a2ecc650,"{""distance"":5,""physical_error_rate"":0.001}","{""detection_events"":885850,""detectors_checked"":263905280,""obs_mistake_mask=_EEE"":1}"
   2420736,         0,         0,   119.6,decoder_by_matrix,3c866087b289edc25e9adea730044a15db18cabfd3ae2507fc844d5b4e03657a,"{""distance"":5,""physical_error_rate"":5e-06}","{""detection_events"":6825,""detectors_checked"":411525120}"
   1528832,         2,         0,   119.6,decoder_by_matrix,066a5d8d46981b593c3dec855f441edbe9e755a8873183448f69d036a2ecc650,"{""distance"":5,""physical_error_rate"":0.001}","{""detection_events"":865120,""detectors_checked"":259901440,""obs_mistake_mask=_E__"":2}"
   1565696,         0,         0,   119.6,decoder_by_matrix,b84cf4b8ca220d31f17e1e2ea9ab927bbc4176b15682c650e7d1dd8f2758172b,"{""distance"":5,""physical_error_rate"":0.0005}","{""detection_events"":448550,""detectors_checked"":266168320}"
   2429952,         0,         0,   119.5,decoder_by_matrix,e41ade2e4684e0396b9a3890c882b6453b515d69885aa1d89a26ce21ec554895,"{""distance"":5,""physical_error_rate"":1e-06}","{""detection_events"":1375,""detectors_checked"":413091840}"
   2326528,         0,         0,   119.6,decoder_by_matrix,fa5edda0c1038186c8afbec49b0215a0b852396cdb50783a3f937fdf51d2afac,"{""distance"":5,""physical_error_rate"":1e-05}","{""detection_events"":13130,""detectors_checked"":395509760}"
   1625088,         0,         0,   119.7,decoder_by_matrix,0421d486f8a041838688df650e87c0a19c3450ab7a7cc8b3dc589ebff86d1c74,"{""distance"":5,""physical_error_rate"":0.0001}","{""detection_events"":94400,""detectors_checked"":276264960}"
   1842176,         0,         0,   119.6,decoder_by_matrix,b84cf4b8ca220d31f17e1e2ea9ab927bbc4176b15682c650e7d1dd8f2758172b,"{""distance"":5,""physical_error_rate"":0.0005}","{""detection_events"":524535,""detectors_checked"":313169920}"
   1638400,         0,         0,   119.6,decoder_by_matrix,9c6baee88fc81e7d1aa345fcb3feec7ee81f21c5d49cb6ca037118097d89e180,"{""distance"":5,""physical_error_rate"":5e-05}","{""detection_events"":48650,""detectors_checked"":278528000}"
   2051072,         0,         0,   119.6,decoder_by_matrix,0421d486f8a041838688df650e87c0a19c3450ab7a7cc8b3dc589ebff86d1c74,"{""distance"":5,""physical_error_rate"":0.0001}","{""detection_events"":117550,""detectors_checked"":348682240}"
   1617920,         0,         0,   119.6,decoder_by_matrix,fa5edda0c1038186c8afbec49b0215a0b852396cdb50783a3f937fdf51d2afac,"{""distance"":5,""physical_error_rate"":1e-05}","{""detection_events"":8870,""detectors_checked"":275046400}"
   1567744,         0,         0,   119.6,decoder_by_matrix,0421d486f8a041838688df650e87c0a19c3450ab7a7cc8b3dc589ebff86d1c74,"{""distance"":5,""physical_error_rate"":0.0001}","{""detection_events"":85795,""detectors_checked"":266516480}"
   1635328,         0,         0,   119.6,decoder_by_matrix,3c866087b289edc25e9adea730044a15db18cabfd3ae2507fc844d5b4e03657a,"{""distance"":5,""physical_error_rate"":5e-06}","{""detection_events"":4700,""detectors_checked"":278005760}"
   1583104,         0,         0,   119.6,decoder_by_matrix,b84cf4b8ca220d31f17e1e2ea9ab927bbc4176b15682c650e7d1dd8f2758172b,"{""distance"":5,""physical_error_rate"":0.0005}","{""detection_events"":448215,""detectors_checked"":269127680}"
   1633280,         0,         0,   119.7,decoder_by_matrix,e41ade2e4684e0396b9a3890c882b6453b515d69885aa1d89a26ce21ec554895,"{""distance"":5,""physical_error_rate"":1e-06}","{""detection_events"":940,""detectors_checked"":277657600}"
   1640448,         0,         0,   119.5,decoder_by_matrix,3c866087b289edc25e9adea730044a15db18cabfd3ae2507fc844d5b4e03657a,"{""distance"":5,""physical_error_rate"":5e-06}","{""detection_events"":5170,""detectors_checked"":278876160}"
   1626112,         0,         0,   119.6,decoder_by_matrix,fa5edda0c1038186c8afbec49b0215a0b852396cdb50783a3f937fdf51d2afac,"{""distance"":5,""physical_error_rate"":1e-05}","{""detection_events"":9905,""detectors_checked"":276439040}"
   1634304,         0,         0,   119.7,decoder_by_matrix,e41ade2e4684e0396b9a3890c882b6453b515d69885aa1d89a26ce21ec554895,"{""distance"":5,""physical_error_rate"":1e-06}","{""detection_events"":1120,""detectors_checked"":277831680}"
   1556480,         6,         0,   119.6,decoder_by_matrix,066a5d8d46981b593c3dec855f441edbe9e755a8873183448f69d036a2ecc650,"{""distance"":5,""physical_error_rate"":0.001}","{""detection_events"":887775,""detectors_checked"":264601600,""obs_mistake_mask=EE_E"":1,""obs_mistake_mask=E___"":1,""obs_mistake_mask=_EEE"":1,""obs_mistake_mask=_EE_"":2,""obs_mistake_mask=__EE"":1}"
   1589248,         0,         0,   119.7,decoder_by_matrix,0421d486f8a041838688df650e87c0a19c3450ab7a7cc8b3dc589ebff86d1c74,"{""distance"":5,""physical_error_rate"":0.0001}","{""detection_events"":89980,""detectors_checked"":270172160}"
   1589248,         0,         0,   119.6,decoder_by_matrix,9c6baee88fc81e7d1aa345fcb3feec7ee81f21c5d49cb6ca037118097d89e180,"{""distance"":5,""physical_error_rate"":5e-05}","{""detection_events"":43720,""detectors_checked"":270172160}"
   1623040,         0,         0,   119.5,decoder_by_matrix,fa5edda0c1038186c8afbec49b0215a0b852396cdb50783a3f937fdf51d2afac,"{""distance"":5,""physical_error_rate"":1e-05}","{""detection_events"":8885,""detectors_checked"":275916800}"
   1603584,         0,         0,   119.6,decoder_by_matrix,e41ade2e4684e0396b9a3890c882b6453b515d69885aa1d89a26ce21ec554895,"{""distance"":5,""physical_error_rate"":1e-06}","{""detection_events"":1370,""detectors_checked"":272609280}"
   7665664,        15,         0,   119.0,decoder_by_matrix,066a5d8d46981b593c3dec855f441edbe9e755a8873183448f69d036a2ecc650,"{""distance"":5,""physical_error_rate"":0.001}","{""detection_events"":4355810,""detectors_checked"":1303162880,""obs_mistake_mask=E_E_"":4,""obs_mistake_mask=E___"":3,""obs_mistake_mask=_EE_"":2,""obs_mistake_mask=_E_E"":1,""obs_mistake_mask=_E__"":2,""obs_mistake_mask=__E_"":1,""obs_mistake_mask=___E"":2}"
   1553408,         0,         0,   119.6,decoder_by_matrix,0421d486f8a041838688df650e87c0a19c3450ab7a7cc8b3dc589ebff86d1c74,"{""distance"":5,""physical_error_rate"":0.0001}","{""detection_events"":88560,""detectors_checked"":264079360}"
   1640448,         0,         0,   119.6,decoder_by_matrix,e41ade2e4684e0396b9a3890c882b6453b515d69885aa1d89a26ce21ec554895,"{""distance"":5,""physical_error_rate"":1e-06}","{""detection_events"":835,""detectors_checked"":278876160}"
   1576960,         0,         0,   119.6,decoder_by_matrix,9c6baee88fc81e7d1aa345fcb3feec7ee81f21c5d49cb6ca037118097d89e180,"{""distance"":5,""physical_error_rate"":5e-05}","{""detection_events"":43905,""detectors_checked"":268083200}"
   1550336,         0,         0,   119.7,decoder_by_matrix,fa5edda0c1038186c8afbec49b0215a0b852396cdb50783a3f937fdf51d2afac,"{""distance"":5,""physical_error_rate"":1e-05}","{""detection_events"":8800,""detectors_checked"":263557120}"
   1658880,         0,         0,   119.6,decoder_by_matrix,e41ade2e4684e0396b9a3890c882b6453b515d69885aa1d89a26ce21ec554895,"{""distance"":5,""physical_error_rate"":1e-06}","{""detection_events"":810,""detectors_checked"":282009600}"
   1669120,         0,         0,   119.6,decoder_by_matrix,3c866087b289edc25e9adea730044a15db18cabfd3ae2507fc844d5b4e03657a,"{""distance"":5,""physical_error_rate"":5e-06}","{""detection_events"":4850,""detectors_checked"":283750400}"
   1677312,         0,         0,   119.7,decoder_by_matrix,3c866087b289edc25e9adea730044a15db18cabfd3ae2507fc844d5b4e03657a,"{""distance"":5,""physical_error_rate"":5e-06}","{""detection_events"":4800,""detectors_checked"":285143040}"
   1541120,         0,         0,   119.5,decoder_by_matrix,0421d486f8a041838688df650e87c0a19c3450ab7a7cc8b3dc589ebff86d1c74,"{""distance"":5,""physical_error_rate"":0.0001}","{""detection_events"":87225,""detectors_checked"":261990400}"
   1557504,         1,         0,   119.5,decoder_by_matrix,b84cf4b8ca220d31f17e1e2ea9ab927bbc4176b15682c650e7d1dd8f2758172b,"{""distance"":5,""physical_error_rate"":0.0005}","{""detection_events"":441350,""detectors_checked"":264775680,""obs_mistake_mask=E__E"":1}"
   1565696,         0,         0,   119.7,decoder_by_matrix,b84cf4b8ca220d31f17e1e2ea9ab927bbc4176b15682c650e7d1dd8f2758172b,"{""distance"":5,""physical_error_rate"":0.0005}","{""detection_events"":447225,""detectors_checked"":266168320}"
   1544192,         0,         0,   119.5,decoder_by_matrix,fa5edda0c1038186c8afbec49b0215a0b852396cdb50783a3f937fdf51d2afac,"{""distance"":5,""physical_error_rate"":1e-05}","{""detection_events"":8515,""detectors_checked"":262512640}"
   1543168,         0,         0,   119.5,decoder_by_matrix,9c6baee88fc81e7d1aa345fcb3feec7ee81f21c5d49cb6ca037118097d89e180,"{""distance"":5,""physical_error_rate"":5e-05}","{""detection_events"":43535,""detectors_checked"":262338560}"
   1595392,         0,         0,   119.7,decoder_by_matrix,3c866087b289edc25e9adea730044a15db18cabfd3ae2507fc844d5b4e03657a,"{""distance"":5,""physical_error_rate"":5e-06}","{""detection_events"":4135,""detectors_checked"":271216640}"
   1540096,         6,         0,   119.6,decoder_by_matrix,066a5d8d46981b593c3dec855f441edbe9e755a8873183448f69d036a2ecc650,"{""distance"":5,""physical_error_rate"":0.001}","{""detection_events"":876430,""detectors_checked"":261816320,""obs_mistake_mask=E___"":3,""obs_mistake_mask=_EE_"":1,""obs_mistake_mask=_E_E"":1,""obs_mistake_mask=__EE"":1}"
   1631232,         0,         0,   119.7,decoder_by_matrix,3c866087b289edc25e9adea730044a15db18cabfd3ae2507fc844d5b4e03657a,"{""distance"":5,""physical_error_rate"":5e-06}","{""detection_events"":4400,""detectors_checked"":277309440}"
   1588224,         0,         0,   119.5,decoder_by_matrix,e41ade2e4684e0396b9a3890c882b6453b515d69885aa1d89a26ce21ec554895,"{""distance"":5,""physical_error_rate"":1e-06}","{""detection_events"":795,""detectors_checked"":269998080}"
   1563648,         0,         0,   119.7,decoder_by_matrix,0421d486f8a041838688df650e87c0a19c3450ab7a7cc8b3dc589ebff86d1c74,"{""distance"":5,""physical_error_rate"":0.0001}","{""detection_events"":92140,""detectors_checked"":265820160}"
   1597440,         0,         0,   119.6,decoder_by_matrix,fa5edda0c1038186c8afbec49b0215a0b852396cdb50783a3f937fdf51d2afac,"{""distance"":5,""physical_error_rate"":1e-05}","{""detection_events"":7915,""detectors_checked"":271564800}"
   1464320,         0,         0,   119.6,decoder_by_matrix,9c6baee88fc81e7d1aa345fcb3feec7ee81f21c5d49cb6ca037118097d89e180,"{""distance"":5,""physical_error_rate"":5e-05}","{""detection_events"":43330,""detectors_checked"":248934400}"
   1501184,         1,         0,   119.5,decoder_by_matrix,b84cf4b8ca220d31f17e1e2ea9ab927bbc4176b15682c650e7d1dd8f2758172b,"{""distance"":5,""physical_error_rate"":0.0005}","{""detection_events"":421810,""detectors_checked"":255201280,""obs_mistake_mask=E__E"":1}"
   1605632,         1,         0,   119.6,decoder_by_matrix,b84cf4b8ca220d31f17e1e2ea9ab927bbc4176b15682c650e7d1dd8f2758172b,"{""distance"":5,""physical_error_rate"":0.0005}","{""detection_events"":460030,""detectors_checked"":272957440,""obs_mistake_mask=E_E_"":1}"
   1496064,         5,         0,   119.6,decoder_by_matrix,066a5d8d46981b593c3dec855f441edbe9e755a8873183448f69d036a2ecc650,"{""distance"":5,""physical_error_rate"":0.001}","{""detection_events"":848255,""detectors_checked"":254330880,""obs_mistake_mask=E___"":2,""obs_mistake_mask=__EE"":1,""obs_mistake_mask=__E_"":1,""obs_mistake_mask=___E"":1}"
   1517568,         0,         0,   119.6,decoder_by_matrix,9c6baee88fc81e7d1aa345fcb3feec7ee81f21c5d49cb6ca037118097d89e180,"{""distance"":5,""physical_error_rate"":5e-05}","{""detection_events"":44115,""detectors_checked"":257986560}"
   2300928,         0,         0,   119.6,decoder_by_matrix,9c6baee88fc81e7d1aa345fcb3feec7ee81f21c5d49cb6ca037118097d89e180,"{""distance"":5,""physical_error_rate"":5e-05}","{""detection_events"":64510,""detectors_checked"":391157760}"
   1570816,         5,         0,   119.5,decoder_by_matrix,066a5d8d46981b593c3dec855f441edbe9e755a8873183448f69d036a2ecc650,"{""distance"":5,""physical_error_rate"":0.001}","{""detection_events"":892910,""detectors_checked"":267038720,""obs_mistake_mask=EE_E"":1,""obs_mistake_mask=E___"":1,""obs_mistake_mask=_EEE"":2,""obs_mistake_mask=_E_E"":1}"
   2524160,         0,         0,   119.6,decoder_by_matrix,3c866087b289edc25e9adea730044a15db18cabfd3ae2507fc844d5b4e03657a,"{""distance"":5,""physical_error_rate"":5e-06}","{""detection_events"":7080,""detectors_checked"":429107200}"
   1551360,         7,         0,   119.6,decoder_by_matrix,066a5d8d46981b593c3dec855f441edbe9e755a8873183448f69d036a2ecc650,"{""distance"":5,""physical_error_rate"":0.001}","{""detection_events"":877410,""detectors_checked"":263731200,""obs_mistake_mask=E_E_"":2,""obs_mistake_mask=E__E"":1,""obs_mistake_mask=E___"":1,""obs_mistake_mask=_EEE"":1,""obs_mistake_mask=_EE_"":2}"
   1562624,         1,         0,   119.5,decoder_by_matrix,b84cf4b8ca220d31f17e1e2ea9ab927bbc4176b15682c650e7d1dd8f2758172b,"{""distance"":5,""physical_error_rate"":0.0005}","{""detection_events"":445610,""detectors_checked"":265646080,""obs_mistake_mask=E_EE"":1}"
   2465792,         0,         0,   119.6,decoder_by_matrix,e41ade2e4684e0396b9a3890c882b6453b515d69885aa1d89a26ce21ec554895,"{""distance"":5,""physical_error_rate"":1e-06}","{""detection_events"":1485,""detectors_checked"":419184640}"
   2454528,         0,         0,   119.5,decoder_by_matrix,fa5edda0c1038186c8afbec49b0215a0b852396cdb50783a3f937fdf51d2afac,"{""distance"":5,""physical_error_rate"":1e-05}","{""detection_events"":13880,""detectors_checked"":417269760}"
   1606656,         0,         0,   119.5,decoder_by_matrix,0421d486f8a041838688df650e87c0a19c3450ab7a7cc8b3dc589ebff86d1c74,"{""distance"":5,""physical_error_rate"":0.0001}","{""detection_events"":90200,""detectors_checked"":273131520}"
   2086912,         0,         0,   119.5,decoder_by_matrix,b84cf4b8ca220d31f17e1e2ea9ab927bbc4176b15682c650e7d1dd8f2758172b,"{""distance"":5,""physical_error_rate"":0.0005}","{""detection_events"":595155,""detectors_checked"":354775040}"
   1605632,         0,         0,   119.7,decoder_by_matrix,9c6baee88fc81e7d1aa345fcb3feec7ee81f21c5d49cb6ca037118097d89e180,"{""distance"":5,""physical_error_rate"":5e-05}","{""detection_events"":46795,""detectors_checked"":272957440}"
   2085888,         0,         0,   119.6,decoder_by_matrix,0421d486f8a041838688df650e87c0a19c3450ab7a7cc8b3dc589ebff86d1c74,"{""distance"":5,""physical_error_rate"":0.0001}","{""detection_events"":119510,""detectors_checked"":354600960}"
   1607680,         0,         0,   119.5,decoder_by_matrix,fa5edda0c1038186c8afbec49b0215a0b852396cdb50783a3f937fdf51d2afac,"{""distance"":5,""physical_error_rate"":1e-05}","{""detection_events"":9400,""detectors_checked"":273305600}"
   1518592,         0,         0,   119.6,decoder_by_matrix,0421d486f8a041838688df650e87c0a19c3450ab7a7cc8b3dc589ebff86d1c74,"{""distance"":5,""physical_error_rate"":0.0001}","{""detection_events"":86095,""detectors_checked"":258160640}"
   1627136,         0,         0,   119.6,decoder_by_matrix,3c866087b289edc25e9adea730044a15db18cabfd3ae2507fc844d5b4e03657a,"{""distance"":5,""physical_error_rate"":5e-06}","{""detection_events"":4905,""detectors_checked"":276613120}"
   1581056,         0,         0,   119.6,decoder_by_matrix,b84cf4b8ca220d31f17e1e2ea9ab927bbc4176b15682c650e7d1dd8f2758172b,"{""distance"":5,""physical_error_rate"":0.0005}","{""detection_events"":448455,""detectors_checked"":268779520}"
   1625088,         0,         0,   119.7,decoder_by_matrix,e41ade2e4684e0396b9a3890c882b6453b515d69885aa1d89a26ce21ec554895,"{""distance"":5,""physical_error_rate"":1e-06}","{""detection_events"":1005,""detectors_checked"":276264960}"
   1646592,         0,         0,   119.7,decoder_by_matrix,3c866087b289edc25e9adea730044a15db18cabfd3ae2507fc844d5b4e03657a,"{""distance"":5,""physical_error_rate"":5e-06}","{""detection_events"":3865,""detectors_checked"":279920640}"
   1648640,         0,         0,   119.6,decoder_by_matrix,fa5edda0c1038186c8afbec49b0215a0b852396cdb50783a3f937fdf51d2afac,"{""distance"":5,""physical_error_rate"":1e-05}","{""detection_events"":9240,""detectors_checked"":280268800}"
   1665024,         0,         0,   119.6,decoder_by_matrix,e41ade2e4684e0396b9a3890c882b6453b515d69885aa1d89a26ce21ec554895,"{""distance"":5,""physical_error_rate"":1e-06}","{""detection_events"":970,""detectors_checked"":283054080}"
   1545216,         4,         0,   119.6,decoder_by_matrix,066a5d8d46981b593c3dec855f441edbe9e755a8873183448f69d036a2ecc650,"{""distance"":5,""physical_error_rate"":0.001}","{""detection_events"":875445,""detectors_checked"":262686720,""obs_mistake_mask=EE__"":2,""obs_mistake_mask=_EE_"":1,""obs_mistake_mask=__EE"":1}"
   1584128,         0,         0,   119.6,decoder_by_matrix,0421d486f8a041838688df650e87c0a19c3450ab7a7cc8b3dc589ebff86d1c74,"{""distance"":5,""physical_error_rate"":0.0001}","{""detection_events"":92440,""detectors_checked"":269301760}"
   1577984,         0,         0,   119.4,decoder_by_matrix,9c6baee88fc81e7d1aa345fcb3feec7ee81f21c5d49cb6ca037118097d89e180,"{""distance"":5,""physical_error_rate"":5e-05}","{""detection_events"":45215,""detectors_checked"":268257280}"
   1577984,         0,         0,   119.6,decoder_by_matrix,fa5edda0c1038186c8afbec49b0215a0b852396cdb50783a3f937fdf51d2afac,"{""distance"":5,""physical_error_rate"":1e-05}","{""detection_events"":8730,""detectors_checked"":268257280}"
   1596416,         0,         0,   119.5,decoder_by_matrix,e41ade2e4684e0396b9a3890c882b6453b515d69885aa1d89a26ce21ec554895,"{""distance"":5,""physical_error_rate"":1e-06}","{""detection_events"":960,""detectors_checked"":271390720}"
   7230464,        14,         0,   119.1,decoder_by_matrix,066a5d8d46981b593c3dec855f441edbe9e755a8873183448f69d036a2ecc650,"{""distance"":5,""physical_error_rate"":0.001}","{""detection_events"":4109240,""detectors_checked"":1229178880,""obs_mistake_mask=EE__"":1,""obs_mistake_mask=E_EE"":1,""obs_mistake_mask=E_E_"":1,""obs_mistake_mask=E__E"":1,""obs_mistake_mask=E___"":2,""obs_mistake_mask=_EEE"":1,""obs_mistake_mask=_EE_"":2,""obs_mistake_mask=_E__"":1,""obs_mistake_mask=__EE"":3,""obs_mistake_mask=__E_"":1}"
   1490944,         0,         0,   119.7,decoder_by_matrix,0421d486f8a041838688df650e87c0a19c3450ab7a7cc8b3dc589ebff86d1c74,"{""distance"":5,""physical_error_rate"":0.0001}","{""detection_events"":87415,""detectors_checked"":253460480}"
   1530880,         0,         0,   119.6,decoder_by_matrix,e41ade2e4684e0396b9a3890c882b6453b515d69885aa1d89a26ce21ec554895,"{""distance"":5,""physical_error_rate"":1e-06}","{""detection_events"":810,""detectors_checked"":260249600}"
   1546240,         0,         0,   119.5,decoder_by_matrix,9c6baee88fc81e7d1aa345fcb3feec7ee81f21c5d49cb6ca037118097d89e180,"{""distance"":5,""physical_error_rate"":5e-05}","{""detection_events"":44855,""detectors_checked"":262860800}"
   1571840,         0,         0,   119.6,decoder_by_matrix,fa5edda0c1038186c8afbec49b0215a0b852396cdb50783a3f937fdf51d2afac,"{""distance"":5,""physical_error_rate"":1e-05}","{""detection_events"":9525,""detectors_checked"":267212800}"
   1605632,         0,         0,   119.6,decoder_by_matrix,e41ade2e4684e0396b9a3890c882b6453b515d69885aa1d89a26ce21ec554895,"{""distance"":5,""physical_error_rate"":1e-06}","{""detection_events"":1000,""detectors_checked"":272957440}"
   1596416,         0,         0,   119.6,decoder_by_matrix,3c866087b289edc25e9adea730044a15db18cabfd3ae2507fc844d5b4e03657a,"{""distance"":5,""physical_error_rate"":5e-06}","{""detection_events"":4765,""detectors_checked"":271390720}"
   1545216,         0,         0,   119.6,decoder_by_matrix,3c866087b289edc25e9adea730044a15db18cabfd3ae2507fc844d5b4e03657a,"{""distance"":5,""physical_error_rate"":5e-06}","{""detection_events"":4040,""detectors_checked"":262686720}"
   1521664,         0,         0,   119.5,decoder_by_matrix,0421d486f8a041838688df650e87c0a19c3450ab7a7cc8b3dc589ebff86d1c74,"{""distance"":5,""physical_error_rate"":0.0001}","{""detection_events"":87980,""detectors_checked"":258682880}"
   1470464,         0,         0,   119.4,decoder_by_matrix,b84cf4b8ca220d31f17e1e2ea9ab927bbc4176b15682c650e7d1dd8f2758172b,"{""distance"":5,""physical_error_rate"":0.0005}","{""detection_events"":420480,""detectors_checked"":249978880}"
   1480704,         0,         0,   119.6,decoder_by_matrix,b84cf4b8ca220d31f17e1e2ea9ab927bbc4176b15682c650e7d1dd8f2758172b,"{""distance"":5,""physical_error_rate"":0.0005}","{""detection_events"":418005,""detectors_checked"":251719680}"
   1649664,         0,         0,   119.7,decoder_by_matrix,fa5edda0c1038186c8afbec49b0215a0b852396cdb50783a3f937fdf51d2afac,"{""distance"":5,""physical_error_rate"":1e-05}","{""detection_events"":9455,""detectors_checked"":280442880}"
   1487872,         1,         0,   119.5,decoder_by_matrix,066a5d8d46981b593c3dec855f441edbe9e755a8873183448f69d036a2ecc650,"{""distance"":5,""physical_error_rate"":0.001}","{""detection_events"":846625,""detectors_checked"":252938240,""obs_mistake_mask=E___"":1}"
   1513472,         0,         0,   119.6,decoder_by_matrix,9c6baee88fc81e7d1aa345fcb3feec7ee81f21c5d49cb6ca037118097d89e180,"{""distance"":5,""physical_error_rate"":5e-05}","{""detection_events"":42520,""detectors_checked"":257290240}"
   1585152,         0,         0,   119.6,decoder_by_matrix,3c866087b289edc25e9adea730044a15db18cabfd3ae2507fc844d5b4e03657a,"{""distance"":5,""physical_error_rate"":5e-06}","{""detection_events"":4920,""detectors_checked"":269475840}"
   1660928,         0,         0,   119.5,decoder_by_matrix,3c866087b289edc25e9adea730044a15db18cabfd3ae2507fc844d5b4e03657a,"{""distance"":5,""physical_error_rate"":5e-06}","{""detection_events"":4585,""detectors_checked"":282357760}"
   1624064,         0,         0,   119.5,decoder_by_matrix,e41ade2e4684e0396b9a3890c882b6453b515d69885aa1d89a26ce21ec554895,"{""distance"":5,""physical_error_rate"":1e-06}","{""detection_events"":840,""detectors_checked"":276090880}"
   1551360,         0,         0,   119.6,decoder_by_matrix,0421d486f8a041838688df650e87c0a19c3450ab7a7cc8b3dc589ebff86d1c74,"{""distance"":5,""physical_error_rate"":0.0001}","{""detection_events"":88160,""detectors_checked"":263731200}"
   1607680,         0,         0,   119.7,decoder_by_matrix,fa5edda0c1038186c8afbec49b0215a0b852396cdb50783a3f937fdf51d2afac,"{""distance"":5,""physical_error_rate"":1e-05}","{""detection_events"":9735,""detectors_checked"":273305600}"
   1543168,         0,         0,   119.6,decoder_by_matrix,9c6baee88fc81e7d1aa345fcb3feec7ee81f21c5d49cb6ca037118097d89e180,"{""distance"":5,""physical_error_rate"":5e-05}","{""detection_events"":43560,""detectors_checked"":262338560}"
   1534976,         0,         0,   119.6,decoder_by_matrix,b84cf4b8ca220d31f17e1e2ea9ab927bbc4176b15682c650e7d1dd8f2758172b,"{""distance"":5,""physical_error_rate"":0.0005}","{""detection_events"":433455,""detectors_checked"":260945920}"
   1570816,         0,         0,   119.6,decoder_by_matrix,b84cf4b8ca220d31f17e1e2ea9ab927bbc4176b15682c650e7d1dd8f2758172b,"{""distance"":5,""physical_error_rate"":0.0005}","{""detection_events"":441165,""detectors_checked"":267038720}"
   1490944,         1,         0,   119.6,decoder_by_matrix,066a5d8d46981b593c3dec855f441edbe9e755a8873183448f69d036a2ecc650,"{""distance"":5,""physical_error_rate"":0.001}","{""detection_events"":847925,""detectors_checked"":253460480,""obs_mistake_mask=_EE_"":1}"
   1497088,         0,         0,   119.6,decoder_by_matrix,9c6baee88fc81e7d1aa345fcb3feec7ee81f21c5d49cb6ca037118097d89e180,"{""distance"":5,""physical_error_rate"":5e-05}","{""detection_events"":42570,""detectors_checked"":254504960}"
   2231296,         0,         0,   119.6,decoder_by_matrix,9c6baee88fc81e7d1aa345fcb3feec7ee81f21c5d49cb6ca037118097d89e180,"{""distance"":5,""physical_error_rate"":5e-05}","{""detection_events"":62620,""detectors_checked"":379320320}"
   1550336,         1,         0,   119.6,decoder_by_matrix,066a5d8d46981b593c3dec855f441edbe9e755a8873183448f69d036a2ecc650,"{""distance"":5,""physical_error_rate"":0.001}","{""detection_events"":870685,""detectors_checked"":263557120,""obs_mistake_mask=_EEE"":1}"
   2520064,         0,         0,   119.6,decoder_by_matrix,3c866087b289edc25e9adea730044a15db18cabfd3ae2507fc844d5b4e03657a,"{""distance"":5,""physical_error_rate"":5e-06}","{""detection_events"":8270,""detectors_checked"":428410880}"
   1562624,         6,         0,   119.6,decoder_by_matrix,066a5d8d46981b593c3dec855f441edbe9e755a8873183448f69d036a2ecc650,"{""distance"":5,""physical_error_rate"":0.001}","{""detection_events"":887415,""detectors_checked"":265646080,""obs_mistake_mask=E_E_"":1,""obs_mistake_mask=_EE_"":1,""obs_mistake_mask=_E_E"":1,""obs_mistake_mask=_E__"":2,""obs_mistake_mask=___E"":1}"
   1604608,         0,         0,   119.5,decoder_by_matrix,b84cf4b8ca220d31f17e1e2ea9ab927bbc4176b15682c650e7d1dd8f2758172b,"{""distance"":5,""physical_error_rate"":0.0005}","{""detection_events"":449620,""detectors_checked"":272783360}"
   2595840,         0,         0,   119.6,decoder_by_matrix,e41ade2e4684e0396b9a3890c882b6453b515d69885aa1d89a26ce21ec554895,"{""distance"":5,""physical_error_rate"":1e-06}","{""detection_events"":1930,""detectors_checked"":441292800}"
   2374656,         0,         0,   119.6,decoder_by_matrix,fa5edda0c1038186c8afbec49b0215a0b852396cdb50783a3f937fdf51d2afac,"{""distance"":5,""physical_error_rate"":1e-05}","{""detection_events"":13035,""detectors_checked"":403691520}"
   1653760,         0,         0,   119.6,decoder_by_matrix,0421d486f8a041838688df650e87c0a19c3450ab7a7cc8b3dc589ebff86d1c74,"{""distance"":5,""physical_error_rate"":0.0001}","{""detection_events"":92140,""detectors_checked"":281139200}"
   1898496,         1,         0,   119.7,decoder_by_matrix,b84cf4b8ca220d31f17e1e2ea9ab927bbc4176b15682c650e7d1dd8f2758172b,"{""distance"":5,""physical_error_rate"":0.0005}","{""detection_events"":538175,""detectors_checked"":322744320,""obs_mistake_mask=EEE_"":1}"
   1625088,         0,         0,   119.6,decoder_by_matrix,9c6baee88fc81e7d1aa345fcb3feec7ee81f21c5d49cb6ca037118097d89e180,"{""distance"":5,""physical_error_rate"":5e-05}","{""detection_events"":46860,""detectors_checked"":276264960}"
   2055168,         0,         0,   119.5,decoder_by_matrix,0421d486f8a041838688df650e87c0a19c3450ab7a7cc8b3dc589ebff86d1c74,"{""distance"":5,""physical_error_rate"":0.0001}","{""detection_events"":116435,""detectors_checked"":349378560}"
   1632256,         0,         0,   119.5,decoder_by_matrix,fa5edda0c1038186c8afbec49b0215a0b852396cdb50783a3f937fdf51d2afac,"{""distance"":5,""physical_error_rate"":1e-05}","{""detection_events"":9010,""detectors_checked"":277483520}"
   1553408,         0,         0,   119.7,decoder_by_matrix,0421d486f8a041838688df650e87c0a19c3450ab7a7cc8b3dc589ebff86d1c74,"{""distance"":5,""physical_error_rate"":0.0001}","{""detection_events"":88495,""detectors_checked"":264079360}"
   1639424,         0,         0,   119.6,decoder_by_matrix,3c866087b289edc25e9adea730044a15db18cabfd3ae2507fc844d5b4e03657a,"{""distance"":5,""physical_error_rate"":5e-06}","{""detection_events"":4940,""detectors_checked"":278702080}"
   1560576,         0,         0,   119.6,decoder_by_matrix,b84cf4b8ca220d31f17e1e2ea9ab927bbc4176b15682c650e7d1dd8f2758172b,"{""distance"":5,""physical_error_rate"":0.0005}","{""detection_events"":448400,""detectors_checked"":265297920}"
   1608704,         0,         0,   119.6,decoder_by_matrix,e41ade2e4684e0396b9a3890c882b6453b515d69885aa1d89a26ce21ec554895,"{""distance"":5,""physical_error_rate"":1e-06}","{""detection_events"":1115,""detectors_checked"":273479680}"
   1651712,         0,         0,   119.6,decoder_by_matrix,3c866087b289edc25e9adea730044a15db18cabfd3ae2507fc844d5b4e03657a,"{""distance"":5,""physical_error_rate"":5e-06}","{""detection_events"":4830,""detectors_checked"":280791040}"
   1644544,         0,         0,   119.5,decoder_by_matrix,fa5edda0c1038186c8afbec49b0215a0b852396cdb50783a3f937fdf51d2afac,"{""distance"":5,""physical_error_rate"":1e-05}","{""detection_events"":8765,""detectors_checked"":279572480}"
   1661952,         0,         0,   119.6,decoder_by_matrix,e41ade2e4684e0396b9a3890c882b6453b515d69885aa1d89a26ce21ec554895,"{""distance"":5,""physical_error_rate"":1e-06}","{""detection_events"":660,""detectors_checked"":282531840}"
   1470464,         5,         0,   119.6,decoder_by_matrix,066a5d8d46981b593c3dec855f441edbe9e755a8873183448f69d036a2ecc650,"{""distance"":5,""physical_error_rate"":0.001}","{""detection_events"":839840,""detectors_checked"":249978880,""obs_mistake_mask=E_EE"":1,""obs_mistake_mask=E__E"":1,""obs_mistake_mask=E___"":2,""obs_mistake_mask=_E__"":1}"
   1582080,         0,         0,   119.5,decoder_by_matrix,9c6baee88fc81e7d1aa345fcb3feec7ee81f21c5d49cb6ca037118097d89e180,"{""distance"":5,""physical_error_rate"":5e-05}","{""detection_events"":43665,""detectors_checked"":268953600}"
   1584128,         0,         0,   119.6,decoder_by_matrix,0421d486f8a041838688df650e87c0a19c3450ab7a7cc8b3dc589ebff86d1c74,"{""distance"":5,""physical_error_rate"":0.0001}","{""detection_events"":93510,""detectors_checked"":269301760}"
   1572864,         0,         0,   119.5,decoder_by_matrix,fa5edda0c1038186c8afbec49b0215a0b852396cdb50783a3f937fdf51d2afac,"{""distance"":5,""physical_error_rate"":1e-05}","{""detection_events"":8860,""detectors_checked"":267386880}"
   1587200,         0,         0,   119.5,decoder_by_matrix,e41ade2e4684e0396b9a3890c882b6453b515d69885aa1d89a26ce21ec554895,"{""distance"":5,""physical_error_rate"":1e-06}","{""detection_events"":795,""detectors_checked"":269824000}"
   7406592,        19,         0,   119.0,decoder_by_matrix,066a5d8d46981b593c3dec855f441edbe9e755a8873183448f69d036a2ecc650,"{""distance"":5,""physical_error_rate"":0.001}","{""detection_events"":4198680,""detectors_checked"":1259120640,""obs_mistake_mask=E_E_"":4,""obs_mistake_mask=E__E"":1,""obs_mistake_mask=E___"":2,""obs_mistake_mask=_EEE"":1,""obs_mistake_mask=_E_E"":2,""obs_mistake_mask=_E__"":6,""obs_mistake_mask=__EE"":3}"
   1467392,         0,         0,   119.6,decoder_by_matrix,0421d486f8a041838688df650e87c0a19c3450ab7a7cc8b3dc589ebff86d1c74,"{""distance"":5,""physical_error_rate"":0.0001}","{""detection_events"":84110,""detectors_checked"":249456640}"
   1557504,         0,         0,   119.5,decoder_by_matrix,e41ade2e4684e0396b9a3890c882b6453b515d69885aa1d89a26ce21ec554895,"{""distance"":5,""physical_error_rate"":1e-06}","{""detection_events"":1020,""detectors_checked"":264775680}"
   1540096,         0,         0,   119.6,decoder_by_matrix,9c6baee88fc81e7d1aa345fcb3feec7ee81f21c5d49cb6ca037118097d89e180,"{""distance"":5,""physical_error_rate"":5e-05}","{""detection_events"":43260,""detectors_checked"":261816320}"
   1607680,         0,         0,   119.7,decoder_by_matrix,fa5edda0c1038186c8afbec49b0215a0b852396cdb50783a3f937fdf51d2afac,"{""distance"":5,""physical_error_rate"":1e-05}","{""detection_events"":8310,""detectors_checked"":273305600}"
   1652736,         0,         0,   119.7,decoder_by_matrix,e41ade2e4684e0396b9a3890c882b6453b515d69885aa1d89a26ce21ec554895,"{""distance"":5,""physical_error_rate"":1e-06}","{""detection_events"":595,""detectors_checked"":280965120}"
   1649664,         0,         0,   119.6,decoder_by_matrix,3c866087b289edc25e9adea730044a15db18cabfd3ae2507fc844d5b4e03657a,"{""distance"":5,""physical_error_rate"":5e-06}","{""detection_events"":4705,""detectors_checked"":280442880}"
   1613824,         0,         0,   119.6,decoder_by_matrix,3c866087b289edc25e9adea730044a15db18cabfd3ae2507fc844d5b4e03657a,"{""distance"":5,""physical_error_rate"":5e-06}","{""detection_events"":4495,""detectors_checked"":274350080}"
   1498112,         0,         0,   119.6,decoder_by_matrix,0421d486f8a041838688df650e87c0a19c3450ab7a7cc8b3dc589ebff86d1c74,"{""distance"":5,""physical_error_rate"":0.0001}","{""detection_events"":83090,""detectors_checked"":254679040}"
   1518592,         0,         0,   119.6,decoder_by_matrix,b84cf4b8ca220d31f17e1e2ea9ab927bbc4176b15682c650e7d1dd8f2758172b,"{""distance"":5,""physical_error_rate"":0.0005}","{""detection_events"":428215,""detectors_checked"":258160640}"
   1541120,         0,         0,   119.6,decoder_by_matrix,b84cf4b8ca220d31f17e1e2ea9ab927bbc4176b15682c650e7d1dd8f2758172b,"{""distance"":5,""physical_error_rate"":0.0005}","{""detection_events"":438105,""detectors_checked"":261990400}"
   1558528,         0,         0,   119.5,decoder_by_matrix,fa5edda0c1038186c8afbec49b0215a0b852396cdb50783a3f937fdf51d2afac,"{""distance"":5,""physical_error_rate"":1e-05}","{""detection_events"":8540,""detectors_checked"":264949760}"
   1531904,         2,         0,   119.6,decoder_by_matrix,066a5d8d46981b593c3dec855f441edbe9e755a8873183448f69d036a2ecc650,"{""distance"":5,""physical_error_rate"":0.001}","{""detection_events"":877795,""detectors_checked"":260423680,""obs_mistake_mask=E___"":1,""obs_mistake_mask=_E_E"":1}"
   1516544,         0,         0,   119.6,decoder_by_matrix,9c6baee88fc81e7d1aa345fcb3feec7ee81f21c5d49cb6ca037118097d89e180,"{""distance"":5,""physical_error_rate"":5e-05}","{""detection_events"":40890,""detectors_checked"":257812480}"
   1534976,         0,         0,   119.7,decoder_by_matrix,3c866087b289edc25e9adea730044a15db18cabfd3ae2507fc844d5b4e03657a,"{""distance"":5,""physical_error_rate"":5e-06}","{""detection_events"":4320,""detectors_checked"":260945920}"
   1624064,         0,         0,   119.6,decoder_by_matrix,3c866087b289edc25e9adea730044a15db18cabfd3ae2507fc844d5b4e03657a,"{""distance"":5,""physical_error_rate"":5e-06}","{""detection_events"":4590,""detectors_checked"":276090880}"
   1618944,         0,         0,   119.6,decoder_by_matrix,e41ade2e4684e0396b9a3890c882b6453b515d69885aa1d89a26ce21ec554895,"{""distance"":5,""physical_error_rate"":1e-06}","{""detection_events"":1115,""detectors_checked"":275220480}"
   1559552,         0,         0,   119.6,decoder_by_matrix,0421d486f8a041838688df650e87c0a19c3450ab7a7cc8b3dc589ebff86d1c74,"{""distance"":5,""physical_error_rate"":0.0001}","{""detection_events"":89670,""detectors_checked"":265123840}"
   1622016,         0,         0,   119.6,decoder_by_matrix,fa5edda0c1038186c8afbec49b0215a0b852396cdb50783a3f937fdf51d2afac,"{""distance"":5,""physical_error_rate"":1e-05}","{""detection_events"":9435,""detectors_checked"":275742720}"
   1597440,         0,         0,   119.4,decoder_by_matrix,9c6baee88fc81e7d1aa345fcb3feec7ee81f21c5d49cb6ca037118097d89e180,"{""distance"":5,""physical_error_rate"":5e-05}","{""detection_events"":45655,""detectors_checked"":271564800}"
   1579008,         4,         0,   119.6,decoder_by_matrix,b84cf4b8ca220d31f17e1e2ea9ab927bbc4176b15682c650e7d1dd8f2758172b,"{""distance"":5,""physical_error_rate"":0.0005}","{""detection_events"":447655,""detectors_checked"":268431360,""obs_mistake_mask=E_EE"":1,""obs_mistake_mask=E_E_"":1,""obs_mistake_mask=E___"":1,""obs_mistake_mask=__E_"":1}"
   1525760,         0,         0,   119.6,decoder_by_matrix,b84cf4b8ca220d31f17e1e2ea9ab927bbc4176b15682c650e7d1dd8f2758172b,"{""distance"":5,""physical_error_rate"":0.0005}","{""detection_events"":434155,""detectors_checked"":259379200}"
   1553408,         4,         0,   119.6,decoder_by_matrix,066a5d8d46981b593c3dec855f441edbe9e755a8873183448f69d036a2ecc650,"{""distance"":5,""physical_error_rate"":0.001}","{""detection_events"":877675,""detectors_checked"":264079360,""obs_mistake_mask=E_E_"":1,""obs_mistake_mask=_E__"":1,""obs_mistake_mask=___E"":2}"
   1500160,         0,         0,   119.5,decoder_by_matrix,9c6baee88fc81e7d1aa345fcb3feec7ee81f21c5d49cb6ca037118097d89e180,"{""distance"":5,""physical_error_rate"":5e-05}","{""detection_events"":41255,""detectors_checked"":255027200}"
   1950720,         0,         0,   119.5,decoder_by_matrix,9c6baee88fc81e7d1aa345fcb3feec7ee81f21c5d49cb6ca037118097d89e180,"{""distance"":5,""physical_error_rate"":5e-05}","{""detection_events"":54360,""detectors_checked"":331622400}"
   1582080,         3,         0,   119.6,decoder_by_matrix,066a5d8d46981b593c3dec855f441edbe9e755a8873183448f69d036a2ecc650,"{""distance"":5,""physical_error_rate"":0.001}","{""detection_events"":894335,""detectors_checked"":268953600,""obs_mistake_mask=__EE"":1,""obs_mistake_mask=__E_"":1,""obs_mistake_mask=___E"":1}"
   2327552,         0,         0,   119.7,decoder_by_matrix,3c866087b289edc25e9adea730044a15db18cabfd3ae2507fc844d5b4e03657a,"{""distance"":5,""physical_error_rate"":5e-06}","{""detection_events"":7550,""detectors_checked"":395683840}"
   1572864,         1,         0,   119.6,decoder_by_matrix,066a5d8d46981b593c3dec855f441edbe9e755a8873183448f69d036a2ecc650,"{""distance"":5,""physical_error_rate"":0.001}","{""detection_events"":902180,""detectors_checked"":267386880,""obs_mistake_mask=__E_"":1}"
   1632256,         1,         0,   119.6,decoder_by_matrix,b84cf4b8ca220d31f17e1e2ea9ab927bbc4176b15682c650e7d1dd8f2758172b,"{""distance"":5,""physical_error_rate"":0.0005}","{""detection_events"":466245,""detectors_checked"":277483520,""obs_mistake_mask=E___"":1}"
   2234368,         0,         0,   119.6,decoder_by_matrix,fa5edda0c1038186c8afbec49b0215a0b852396cdb50783a3f937fdf51d2afac,"{""distance"":5,""physical_error_rate"":1e-05}","{""detection_events"":11775,""detectors_checked"":379842560}"
   2422784,         0,         0,   119.6,decoder_by_matrix,e41ade2e4684e0396b9a3890c882b6453b515d69885aa1d89a26ce21ec554895,"{""distance"":5,""physical_error_rate"":1e-06}","{""detection_events"":1850,""detectors_checked"":411873280}"
   1672192,         0,         0,   119.6,decoder_by_matrix,0421d486f8a041838688df650e87c0a19c3450ab7a7cc8b3dc589ebff86d1c74,"{""distance"":5,""physical_error_rate"":0.0001}","{""detection_events"":94390,""detectors_checked"":284272640}"
   1816576,         0,         0,   119.6,decoder_by_matrix,b84cf4b8ca220d31f17e1e2ea9ab927bbc4176b15682c650e7d1dd8f2758172b,"{""distance"":5,""physical_error_rate"":0.0005}","{""detection_events"":511635,""detectors_checked"":308817920}"
   1686528,         0,         0,   119.6,decoder_by_matrix,9c6baee88fc81e7d1aa345fcb3feec7ee81f21c5d49cb6ca037118097d89e180,"{""distance"":5,""physical_error_rate"":5e-05}","{""detection_events"":47370,""detectors_checked"":286709760}"
   1847296,         0,         0,   119.7,decoder_by_matrix,0421d486f8a041838688df650e87c0a19c3450ab7a7cc8b3dc589ebff86d1c74,"{""distance"":5,""physical_error_rate"":0.0001}","{""detection_events"":106165,""detectors_checked"":314040320}"
   1718272,         0,         0,   119.6,decoder_by_matrix,fa5edda0c1038186c8afbec49b0215a0b852396cdb50783a3f937fdf51d2afac,"{""distance"":5,""physical_error_rate"":1e-05}","{""detection_events"":9650,""detectors_checked"":292106240}"
   1530880,         0,         0,   119.6,decoder_by_matrix,0421d486f8a041838688df650e87c0a19c3450ab7a7cc8b3dc589ebff86d1c74,"{""distance"":5,""physical_error_rate"":0.0001}","{""detection_events"":88635,""detectors_checked"":260249600}"
   1777664,         0,         0,   119.4,decoder_by_matrix,3c866087b289edc25e9adea730044a15db18cabfd3ae2507fc844d5b4e03657a,"{""distance"":5,""physical_error_rate"":5e-06}","{""detection_events"":5605,""detectors_checked"":302202880}"
   1564672,         0,         0,   119.6,decoder_by_matrix,b84cf4b8ca220d31f17e1e2ea9ab927bbc4176b15682c650e7d1dd8f2758172b,"{""distance"":5,""physical_error_rate"":0.0005}","{""detection_events"":443230,""detectors_checked"":265994240}"
   1634304,         0,         0,   119.6,decoder_by_matrix,e41ade2e4684e0396b9a3890c882b6453b515d69885aa1d89a26ce21ec554895,"{""distance"":5,""physical_error_rate"":1e-06}","{""detection_events"":700,""detectors_checked"":277831680}"
   1639424,         0,         0,   119.6,decoder_by_matrix,3c866087b289edc25e9adea730044a15db18cabfd3ae2507fc844d5b4e03657a,"{""distance"":5,""physical_error_rate"":5e-06}","{""detection_events"":4555,""detectors_checked"":278702080}"
   1646592,         0,         0,   119.6,decoder_by_matrix,fa5edda0c1038186c8afbec49b0215a0b852396cdb50783a3f937fdf51d2afac,"{""distance"":5,""physical_error_rate"":1e-05}","{""detection_events"":9370,""detectors_checked"":279920640}"
   1739776,         0,         0,   119.7,decoder_by_matrix,e41ade2e4684e0396b9a3890c882b6453b515d69885aa1d89a26ce21ec554895,"{""distance"":5,""physical_error_rate"":1e-06}","{""detection_events"":930,""detectors_checked"":295761920}"
   1520640,         3,         0,   119.6,decoder_by_matrix,066a5d8d46981b593c3dec855f441edbe9e755a8873183448f69d036a2ecc650,"{""distance"":5,""physical_error_rate"":0.001}","{""detection_events"":868290,""detectors_checked"":258508800,""obs_mistake_mask=EE__"":1,""obs_mistake_mask=_EEE"":2}"
   1574912,         0,         0,   119.5,decoder_by_matrix,9c6baee88fc81e7d1aa345fcb3feec7ee81f21c5d49cb6ca037118097d89e180,"{""distance"":5,""physical_error_rate"":5e-05}","{""detection_events"":45290,""detectors_checked"":267735040}"
   1604608,         0,         0,   119.6,decoder_by_matrix,0421d486f8a041838688df650e87c0a19c3450ab7a7cc8b3dc589ebff86d1c74,"{""distance"":5,""physical_error_rate"":0.0001}","{""detection_events"":91640,""detectors_checked"":272783360}"
   1581056,         0,         0,   119.5,decoder_by_matrix,fa5edda0c1038186c8afbec49b0215a0b852396cdb50783a3f937fdf51d2afac,"{""distance"":5,""physical_error_rate"":1e-05}","{""detection_events"":8335,""detectors_checked"":268779520}"
   1622016,         0,         0,   119.5,decoder_by_matrix,e41ade2e4684e0396b9a3890c882b6453b515d69885aa1d89a26ce21ec554895,"{""distance"":5,""physical_error_rate"":1e-06}","{""detection_events"":725,""detectors_checked"":275742720}"
   7680000,        13,         0,   119.0,decoder_by_matrix,066a5d8d46981b593c3dec855f441edbe9e755a8873183448f69d036a2ecc650,"{""distance"":5,""physical_error_rate"":0.001}","{""detection_events"":4356540,""detectors_checked"":1305600000,""obs_mistake_mask=EE_E"":1,""obs_mistake_mask=E___"":3,""obs_mistake_mask=_EEE"":1,""obs_mistake_mask=_EE_"":1,""obs_mistake_mask=_E_E"":1,""obs_mistake_mask=_E__"":2,""obs_mistake_mask=__EE"":1,""obs_mistake_mask=__E_"":2,""obs_mistake_mask=___E"":1}"
   1548288,         0,         0,   119.6,decoder_by_matrix,0421d486f8a041838688df650e87c0a19c3450ab7a7cc8b3dc589ebff86d1c74,"{""distance"":5,""physical_error_rate"":0.0001}","{""detection_events"":87395,""detectors_checked"":263208960}"
   1635328,         0,         0,   119.6,decoder_by_matrix,e41ade2e4684e0396b9a3890c882b6453b515d69885aa1d89a26ce21ec554895,"{""distance"":5,""physical_error_rate"":1e-06}","{""detection_events"":890,""detectors_checked"":278005760}"
   1561600,         0,         0,   119.7,decoder_by_matrix,9c6baee88fc81e7d1aa345fcb3feec7ee81f21c5d49cb6ca037118097d89e180,"{""distance"":5,""physical_error_rate"":5e-05}","{""detection_events"":45365,""detectors_checked"":265472000}"
   1567744,         0,         0,   119.6,decoder_by_matrix,fa5edda0c1038186c8afbec49b0215a0b852396cdb50783a3f937fdf51d2afac,"{""distance"":5,""physical_error_rate"":1e-05}","{""detection_events"":9000,""detectors_checked"":266516480}"
   1654784,         0,         0,   119.5,decoder_by_matrix,e41ade2e4684e0396b9a3890c882b6453b515d69885aa1d89a26ce21ec554895,"{""distance"":5,""physical_error_rate"":1e-06}","{""detection_events"":1155,""detectors_checked"":281313280}"
   1638400,         0,         0,   119.6,decoder_by_matrix,3c866087b289edc25e9adea730044a15db18cabfd3ae2507fc844d5b4e03657a,"{""distance"":5,""physical_error_rate"":5e-06}","{""detection_events"":4105,""detectors_checked"":278528000}"
   1576960,         0,         0,   119.6,decoder_by_matrix,3c866087b289edc25e9adea730044a15db18cabfd3ae2507fc844d5b4e03657a,"{""distance"":5,""physical_error_rate"":5e-06}","{""detection_events"":4390,""detectors_checked"":268083200}"
   1516544,         0,         0,   119.6,decoder_by_matrix,0421d486f8a041838688df650e87c0a19c3450ab7a7cc8b3dc589ebff86d1c74,"{""distance"":5,""physical_error_rate"":0.0001}","{""detection_events"":86780,""detectors_checked"":257812480}"
   1524736,         0,         0,   119.5,decoder_by_matrix,b84cf4b8ca220d31f17e1e2ea9ab927bbc4176b15682c650e7d1dd8f2758172b,"{""distance"":5,""physical_error_rate"":0.0005}","{""detection_events"":432575,""detectors_checked"":259205120}"
   1567744,         0,         0,   119.6,decoder_by_matrix,b84cf4b8ca220d31f17e1e2ea9ab927bbc4176b15682c650e7d1dd8f2758172b,"{""distance"":5,""physical_error_rate"":0.0005}","{""detection_events"":449135,""detectors_checked"":266516480}"
   1546240,         0,         0,   119.6,decoder_by_matrix,fa5edda0c1038186c8afbec49b0215a0b852396cdb50783a3f937fdf51d2afac,"{""distance"":5,""physical_error_rate"":1e-05}","{""detection_events"":8925,""detectors_checked"":262860800}"
   1539072,         1,         0,   119.5,decoder_by_matrix,066a5d8d46981b593c3dec855f441edbe9e755a8873183448f69d036a2ecc650,"{""distance"":5,""physical_error_rate"":0.001}","{""detection_events"":872040,""detectors_checked"":261642240,""obs_mistake_mask=_E__"":1}"
   1516544,         0,         0,   119.6,decoder_by_matrix,9c6baee88fc81e7d1aa345fcb3feec7ee81f21c5d49cb6ca037118097d89e180,"{""distance"":5,""physical_error_rate"":5e-05}","{""detection_events"":42760,""detectors_checked"":257812480}"
   1665024,         0,         0,   119.6,decoder_by_matrix,3c866087b289edc25e9adea730044a15db18cabfd3ae2507fc844d5b4e03657a,"{""distance"":5,""physical_error_rate"":5e-06}","{""detection_events"":4290,""detectors_checked"":283054080}"
   1677312,         0,         0,   119.5,decoder_by_matrix,3c866087b289edc25e9adea730044a15db18cabfd3ae2507fc844d5b4e03657a,"{""distance"":5,""physical_error_rate"":5e-06}","{""detection_events"":4305,""detectors_checked"":285143040}"
   1639424,         0,         0,   119.6,decoder_by_matrix,e41ade2e4684e0396b9a3890c882b6453b515d69885aa1d89a26ce21ec554895,"{""distance"":5,""physical_error_rate"":1e-06}","{""detection_events"":840,""detectors_checked"":278702080}"
   1517568,         0,         0,   119.6,decoder_by_matrix,0421d486f8a041838688df650e87c0a19c3450ab7a7cc8b3dc589ebff86d1c74,"{""distance"":5,""physical_error_rate"":0.0001}","{""detection_events"":90105,""detectors_checked"":257986560}"
   1557504,         0,         0,   119.5,decoder_by_matrix,fa5edda0c1038186c8afbec49b0215a0b852396cdb50783a3f937fdf51d2afac,"{""distance"":5,""physical_error_rate"":1e-05}","{""detection_events"":9375,""detectors_checked"":264775680}"
   1524736,         0,         0,   119.5,decoder_by_matrix,9c6baee88fc81e7d1aa345fcb3feec7ee81f21c5d49cb6ca037118097d89e180,"{""distance"":5,""physical_error_rate"":5e-05}","{""detection_events"":44805,""detectors_checked"":259205120}"
   1565696,         0,         0,   119.5,decoder_by_matrix,b84cf4b8ca220d31f17e1e2ea9ab927bbc4176b15682c650e7d1dd8f2758172b,"{""distance"":5,""physical_error_rate"":0.0005}","{""detection_events"":443205,""detectors_checked"":266168320}"
   1508352,         0,         0,   119.5,decoder_by_matrix,b84cf4b8ca220d31f17e1e2ea9ab927bbc4176b15682c650e7d1dd8f2758172b,"{""distance"":5,""physical_error_rate"":0.0005}","{""detection_events"":431685,""detectors_checked"":256419840}"
   1531904,         4,         0,   119.6,decoder_by_matrix,066a5d8d46981b593c3dec855f441edbe9e755a8873183448f69d036a2ecc650,"{""distance"":5,""physical_error_rate"":0.001}","{""detection_events"":864770,""detectors_checked"":260423680,""obs_mistake_mask=E_E_"":1,""obs_mistake_mask=E___"":3}"
   1475584,         0,         0,   119.6,decoder_by_matrix,9c6baee88fc81e7d1aa345fcb3feec7ee81f21c5d49cb6ca037118097d89e180,"{""distance"":5,""physical_error_rate"":5e-05}","{""detection_events"":41230,""detectors_checked"":250849280}"
   2225152,         0,         0,   119.6,decoder_by_matrix,9c6baee88fc81e7d1aa345fcb3feec7ee81f21c5d49cb6ca037118097d89e180,"{""distance"":5,""physical_error_rate"":5e-05}","{""detection_events"":64125,""detectors_checked"":378275840}"
   1547264,         3,         0,   119.5,decoder_by_matrix,066a5d8d46981b593c3dec855f441edbe9e755a8873183448f69d036a2ecc650,"{""distance"":5,""physical_error_rate"":0.001}","{""detection_events"":878725,""detectors_checked"":263034880,""obs_mistake_mask=E__E"":1,""obs_mistake_mask=_EE_"":1,""obs_mistake_mask=__E_"":1}"
   2556928,         0,         0,   119.6,decoder_by_matrix,3c866087b289edc25e9adea730044a15db18cabfd3ae2507fc844d5b4e03657a,"{""distance"":5,""physical_error_rate"":5e-06}","{""detection_events"":7205,""detectors_checked"":434677760}"
   1581056,         7,         0,   119.5,decoder_by_matrix,066a5d8d46981b593c3dec855f441edbe9e755a8873183448f69d036a2ecc650,"{""distance"":5,""physical_error_rate"":0.001}","{""detection_events"":889460,""detectors_checked"":268779520,""obs_mistake_mask=EE__"":1,""obs_mistake_mask=E_E_"":1,""obs_mistake_mask=E___"":1,""obs_mistake_mask=_E_E"":1,""obs_mistake_mask=__EE"":1,""obs_mistake_mask=__E_"":2}"
   1587200,         1,         0,   119.5,decoder_by_matrix,b84cf4b8ca220d31f17e1e2ea9ab927bbc4176b15682c650e7d1dd8f2758172b,"{""distance"":5,""physical_error_rate"":0.0005}","{""detection_events"":450210,""detectors_checked"":269824000,""obs_mistake_mask=_E__"":1}"
   2370560,         0,         0,   119.6,decoder_by_matrix,fa5edda0c1038186c8afbec49b0215a0b852396cdb50783a3f937fdf51d2afac,"{""distance"":5,""physical_error_rate"":1e-05}","{""detection_events"":13435,""detectors_checked"":402995200}"
   2529280,         0,         0,   119.6,decoder_by_matrix,e41ade2e4684e0396b9a3890c882b6453b515d69885aa1d89a26ce21ec554895,"{""distance"":5,""physical_error_rate"":1e-06}","{""detection_events"":1435,""detectors_checked"":429977600}"
   1658880,         0,         0,   119.5,decoder_by_matrix,0421d486f8a041838688df650e87c0a19c3450ab7a7cc8b3dc589ebff86d1c74,"{""distance"":5,""physical_error_rate"":0.0001}","{""detection_events"":94440,""detectors_checked"":282009600}"
   2118656,         0,         0,   119.6,decoder_by_matrix,b84cf4b8ca220d31f17e1e2ea9ab927bbc4176b15682c650e7d1dd8f2758172b,"{""distance"":5,""physical_error_rate"":0.0005}","{""detection_events"":596370,""detectors_checked"":360171520}"
   1628160,         0,         0,   119.7,decoder_by_matrix,9c6baee88fc81e7d1aa345fcb3feec7ee81f21c5d49cb6ca037118097d89e180,"{""distance"":5,""physical_error_rate"":5e-05}","{""detection_events"":45930,""detectors_checked"":276787200}"
   2160640,         0,         0,   119.5,decoder_by_matrix,0421d486f8a041838688df650e87c0a19c3450ab7a7cc8b3dc589ebff86d1c74,"{""distance"":5,""physical_error_rate"":0.0001}","{""detection_events"":123210,""detectors_checked"":367308800}"
   1666048,         0,         0,   119.7,decoder_by_matrix,fa5edda0c1038186c8afbec49b0215a0b852396cdb50783a3f937fdf51d2afac,"{""distance"":5,""physical_error_rate"":1e-05}","{""detection_events"":9155,""detectors_checked"":283228160}"
   1503232,         0,         0,   119.7,decoder_by_matrix,0421d486f8a041838688df650e87c0a19c3450ab7a7cc8b3dc589ebff86d1c74,"{""distance"":5,""physical_error_rate"":0.0001}","{""detection_events"":86725,""detectors_checked"":255549440}"
   1635328,         0,         0,   119.6,decoder_by_matrix,3c866087b289edc25e9adea730044a15db18cabfd3ae2507fc844d5b4e03657a,"{""distance"":5,""physical_error_rate"":5e-06}","{""detection_events"":4370,""detectors_checked"":278005760}"
   1576960,         0,         0,   119.7,decoder_by_matrix,b84cf4b8ca220d31f17e1e2ea9ab927bbc4176b15682c650e7d1dd8f2758172b,"{""distance"":5,""physical_error_rate"":0.0005}","{""detection_events"":446635,""detectors_checked"":268083200}"
   1628160,         0,         0,   119.6,decoder_by_matrix,e41ade2e4684e0396b9a3890c882b6453b515d69885aa1d89a26ce21ec554895,"{""distance"":5,""physical_error_rate"":1e-06}","{""detection_events"":955,""detectors_checked"":276787200}"
   1649664,         0,         0,   119.5,decoder_by_matrix,3c866087b289edc25e9adea730044a15db18cabfd3ae2507fc844d5b4e03657a,"{""distance"":5,""physical_error_rate"":5e-06}","{""detection_events"":4635,""detectors_checked"":280442880}"
   1683456,         0,         0,   119.6,decoder_by_matrix,fa5edda0c1038186c8afbec49b0215a0b852396cdb50783a3f937fdf51d2afac,"{""distance"":5,""physical_error_rate"":1e-05}","{""detection_events"":9590,""detectors_checked"":286187520}"
   1642496,         0,         0,   119.5,decoder_by_matrix,e41ade2e4684e0396b9a3890c882b6453b515d69885aa1d89a26ce21ec554895,"{""distance"":5,""physical_error_rate"":1e-06}","{""detection_events"":990,""detectors_checked"":279224320}"
   1605632,         0,         0,   119.6,decoder_by_matrix,9c6baee88fc81e7d1aa345fcb3feec7ee81f21c5d49cb6ca037118097d89e180,"{""distance"":5,""physical_error_rate"":5e-05}","{""detection_events"":46790,""detectors_checked"":272957440}"
   1525760,         6,         0,   119.7,decoder_by_matrix,066a5d8d46981b593c3dec855f441edbe9e755a8873183448f69d036a2ecc650,"{""distance"":5,""physical_error_rate"":0.001}","{""detection_events"":867630,""detectors_checked"":259379200,""obs_mistake_mask=E___"":2,""obs_mistake_mask=_EEE"":1,""obs_mistake_mask=__EE"":2,""obs_mistake_mask=___E"":1}"
   1606656,         0,         0,   119.6,decoder_by_matrix,0421d486f8a041838688df650e87c0a19c3450ab7a7cc8b3dc589ebff86d1c74,"{""distance"":5,""physical_error_rate"":0.0001}","{""detection_events"":92905,""detectors_checked"":273131520}"
   1524736,         0,         0,   119.7,decoder_by_matrix,fa5edda0c1038186c8afbec49b0215a0b852396cdb50783a3f937fdf51d2afac,"{""distance"":5,""physical_error_rate"":1e-05}","{""detection_events"":8970,""detectors_checked"":259205120}"
   1552384,         0,         0,   119.7,decoder_by_matrix,e41ade2e4684e0396b9a3890c882b6453b515d69885aa1d89a26ce21ec554895,"{""distance"":5,""physical_error_rate"":1e-06}","{""detection_events"":740,""detectors_checked"":263905280}"
   6455296,        17,         0,   119.1,decoder_by_matrix,066a5d8d46981b593c3dec855f441edbe9e755a8873183448f69d036a2ecc650,"{""distance"":5,""physical_error_rate"":0.001}","{""detection_events"":3654470,""detectors_checked"":1097400320,""obs_mistake_mask=E_E_"":1,""obs_mistake_mask=E__E"":3,""obs_mistake_mask=E___"":2,""obs_mistake_mask=_EEE"":2,""obs_mistake_mask=_EE_"":1,""obs_mistake_mask=_E__"":4,""obs_mistake_mask=__E_"":1,""obs_mistake_mask=___E"":3}"
   1511424,         0,         0,   119.6,decoder_by_matrix,0421d486f8a041838688df650e87c0a19c3450ab7a7cc8b3dc589ebff86d1c74,"{""distance"":5,""physical_error_rate"":0.0001}","{""detection_events"":84110,""detectors_checked"":256942080}"
   1554432,         0,         0,   119.5,decoder_by_matrix,e41ade2e4684e0396b9a3890c882b6453b515d69885aa1d89a26ce21ec554895,"{""distance"":5,""physical_error_rate"":1e-06}","{""detection_events"":1100,""detectors_checked"":264253440}"
   1538048,         0,         0,   119.6,decoder_by_matrix,9c6baee88fc81e7d1aa345fcb3feec7ee81f21c5d49cb6ca037118097d89e180,"{""distance"":5,""physical_error_rate"":5e-05}","{""detection_events"":44170,""detectors_checked"":261468160}"
   1524736,         0,         0,   119.7,decoder_by_matrix,fa5edda0c1038186c8afbec49b0215a0b852396cdb50783a3f937fdf51d2afac,"{""distance"":5,""physical_error_rate"":1e-05}","{""detection_events"":8525,""detectors_checked"":259205120}"
   1615872,         0,         0,   119.6,decoder_by_matrix,e41ade2e4684e0396b9a3890c882b6453b515d69885aa1d89a26ce21ec554895,"{""distance"":5,""physical_error_rate"":1e-06}","{""detection_events"":700,""detectors_checked"":274698240}"
   1592320,         0,         0,   119.5,decoder_by_matrix,3c866087b289edc25e9adea730044a15db18cabfd3ae2507fc844d5b4e03657a,"{""distance"":5,""physical_error_rate"":5e-06}","{""detection_events"":4650,""detectors_checked"":270694400}"
   1537024,         0,         0,   119.5,decoder_by_matrix,3c866087b289edc25e9adea730044a15db18cabfd3ae2507fc844d5b4e03657a,"{""distance"":5,""physical_error_rate"":5e-06}","{""detection_events"":4880,""detectors_checked"":261294080}"
   1498112,         0,         0,   119.6,decoder_by_matrix,0421d486f8a041838688df650e87c0a19c3450ab7a7cc8b3dc589ebff86d1c74,"{""distance"":5,""physical_error_rate"":0.0001}","{""detection_events"":84960,""detectors_checked"":254679040}"
   1490944,         0,         0,   119.6,decoder_by_matrix,b84cf4b8ca220d31f17e1e2ea9ab927bbc4176b15682c650e7d1dd8f2758172b,"{""distance"":5,""physical_error_rate"":0.0005}","{""detection_events"":417815,""detectors_checked"":253460480}"
   1565696,         1,         0,   119.6,decoder_by_matrix,b84cf4b8ca220d31f17e1e2ea9ab927bbc4176b15682c650e7d1dd8f2758172b,"{""distance"":5,""physical_error_rate"":0.0005}","{""detection_events"":447490,""detectors_checked"":266168320,""obs_mistake_mask=_E__"":1}"
   1580032,         0,         0,   119.6,decoder_by_matrix,fa5edda0c1038186c8afbec49b0215a0b852396cdb50783a3f937fdf51d2afac,"{""distance"":5,""physical_error_rate"":1e-05}","{""detection_events"":9110,""detectors_checked"":268605440}"
   1480704,         3,         0,   119.6,decoder_by_matrix,066a5d8d46981b593c3dec855f441edbe9e755a8873183448f69d036a2ecc650,"{""distance"":5,""physical_error_rate"":0.001}","{""detection_events"":836990,""detectors_checked"":251719680,""obs_mistake_mask=__EE"":1,""obs_mistake_mask=__E_"":1,""obs_mistake_mask=___E"":1}"
   1510400,         0,         0,   119.4,decoder_by_matrix,9c6baee88fc81e7d1aa345fcb3feec7ee81f21c5d49cb6ca037118097d89e180,"{""distance"":5,""physical_error_rate"":5e-05}","{""detection_events"":41565,""detectors_checked"":256768000}"
   1580032,         0,         0,   119.7,decoder_by_matrix,3c866087b289edc25e9adea730044a15db18cabfd3ae2507fc844d5b4e03657a,"{""distance"":5,""physical_error_rate"":5e-06}","{""detection_events"":3935,""detectors_checked"":268605440}"
   1599488,         0,         0,   119.6,decoder_by_matrix,3c866087b289edc25e9adea730044a15db18cabfd3ae2507fc844d5b4e03657a,"{""distance"":5,""physical_error_rate"":5e-06}","{""detection_events"":4765,""detectors_checked"":271912960}"
   1594368,         0,         0,   119.6,decoder_by_matrix,e41ade2e4684e0396b9a3890c882b6453b515d69885aa1d89a26ce21ec554895,"{""distance"":5,""physical_error_rate"":1e-06}","{""detection_events"":955,""detectors_checked"":271042560}"
   1526784,         0,         0,   119.6,decoder_by_matrix,0421d486f8a041838688df650e87c0a19c3450ab7a7cc8b3dc589ebff86d1c74,"{""distance"":5,""physical_error_rate"":0.0001}","{""detection_events"":87405,""detectors_checked"":259553280}"
   1598464,         0,         0,   119.5,decoder_by_matrix,fa5edda0c1038186c8afbec49b0215a0b852396cdb50783a3f937fdf51d2afac,"{""distance"":5,""physical_error_rate"":1e-05}","{""detection_events"":9050,""detectors_checked"":271738880}"
   1532928,         0,         0,   119.6,decoder_by_matrix,9c6baee88fc81e7d1aa345fcb3feec7ee81f21c5d49cb6ca037118097d89e180,"{""distance"":5,""physical_error_rate"":5e-05}","{""detection_events"":43915,""detectors_checked"":260597760}"
   1582080,         0,         0,   119.6,decoder_by_matrix,b84cf4b8ca220d31f17e1e2ea9ab927bbc4176b15682c650e7d1dd8f2758172b,"{""distance"":5,""physical_error_rate"":0.0005}","{""detection_events"":448010,""detectors_checked"":268953600}"
   1564672,         2,         0,   119.7,decoder_by_matrix,b84cf4b8ca220d31f17e1e2ea9ab927bbc4176b15682c650e7d1dd8f2758172b,"{""distance"":5,""physical_error_rate"":0.0005}","{""detection_events"":445330,""detectors_checked"":265994240,""obs_mistake_mask=E__E"":1,""obs_mistake_mask=E___"":1}"
   1482752,         0,         0,   119.7,decoder_by_matrix,066a5d8d46981b593c3dec855f441edbe9e755a8873183448f69d036a2ecc650,"{""distance"":5,""physical_error_rate"":0.001}","{""detection_events"":842995,""detectors_checked"":252067840}"
   1478656,         0,         0,   119.6,decoder_by_matrix,9c6baee88fc81e7d1aa345fcb3feec7ee81f21c5d49cb6ca037118097d89e180,"{""distance"":5,""physical_error_rate"":5e-05}","{""detection_events"":42940,""detectors_checked"":251371520}"
   2319360,         0,         0,   119.6,decoder_by_matrix,9c6baee88fc81e7d1aa345fcb3feec7ee81f21c5d49cb6ca037118097d89e180,"{""distance"":5,""physical_error_rate"":5e-05}","{""detection_events"":65395,""detectors_checked"":394291200}"
   1528832,         2,         0,   119.6,decoder_by_matrix,066a5d8d46981b593c3dec855f441edbe9e755a8873183448f69d036a2ecc650,"{""distance"":5,""physical_error_rate"":0.001}","{""detection_events"":872010,""detectors_checked"":259901440,""obs_mistake_mask=EE__"":1,""obs_mistake_mask=E___"":1}"
   2661376,         0,         0,   119.6,decoder_by_matrix,3c866087b289edc25e9adea730044a15db18cabfd3ae2507fc844d5b4e03657a,"{""distance"":5,""physical_error_rate"":5e-06}","{""detection_events"":8120,""detectors_checked"":452433920}"
   1539072,         3,         0,   119.6,decoder_by_matrix,066a5d8d46981b593c3dec855f441edbe9e755a8873183448f69d036a2ecc650,"{""distance"":5,""physical_error_rate"":0.001}","{""detection_events"":871795,""detectors_checked"":261642240,""obs_mistake_mask=E__E"":1,""obs_mistake_mask=_EEE"":1,""obs_mistake_mask=__E_"":1}"
   2674688,         0,         0,   119.5,decoder_by_matrix,e41ade2e4684e0396b9a3890c882b6453b515d69885aa1d89a26ce21ec554895,"{""distance"":5,""physical_error_rate"":1e-06}","{""detection_events"":1465,""detectors_checked"":454696960}"
   1577984,         1,         0,   119.7,decoder_by_matrix,b84cf4b8ca220d31f17e1e2ea9ab927bbc4176b15682c650e7d1dd8f2758172b,"{""distance"":5,""physical_error_rate"":0.0005}","{""detection_events"":449310,""detectors_checked"":268257280,""obs_mistake_mask=_E__"":1}"
   2449408,         0,         0,   119.6,decoder_by_matrix,fa5edda0c1038186c8afbec49b0215a0b852396cdb50783a3f937fdf51d2afac,"{""distance"":5,""physical_error_rate"":1e-05}","{""detection_events"":13650,""detectors_checked"":416399360}"
   1613824,         0,         0,   119.6,decoder_by_matrix,0421d486f8a041838688df650e87c0a19c3450ab7a7cc8b3dc589ebff86d1c74,"{""distance"":5,""physical_error_rate"":0.0001}","{""detection_events"":90930,""detectors_checked"":274350080}"
   2096128,         0,         0,   119.6,decoder_by_matrix,b84cf4b8ca220d31f17e1e2ea9ab927bbc4176b15682c650e7d1dd8f2758172b,"{""distance"":5,""physical_error_rate"":0.0005}","{""detection_events"":594545,""detectors_checked"":356341760}"
   1610752,         0,         0,   119.7,decoder_by_matrix,9c6baee88fc81e7d1aa345fcb3feec7ee81f21c5d49cb6ca037118097d89e180,"{""distance"":5,""physical_error_rate"":5e-05}","{""detection_events"":46690,""detectors_checked"":273827840}"
   2140160,         0,         0,   119.7,decoder_by_matrix,0421d486f8a041838688df650e87c0a19c3450ab7a7cc8b3dc589ebff86d1c74,"{""distance"":5,""physical_error_rate"":0.0001}","{""detection_events"":123255,""detectors_checked"":363827200}"
   1632256,         0,         0,   119.5,decoder_by_matrix,fa5edda0c1038186c8afbec49b0215a0b852396cdb50783a3f937fdf51d2afac,"{""distance"":5,""physical_error_rate"":1e-05}","{""detection_events"":9800,""detectors_checked"":277483520}"
   1613824,         0,         0,   119.6,decoder_by_matrix,3c866087b289edc25e9adea730044a15db18cabfd3ae2507fc844d5b4e03657a,"{""distance"":5,""physical_error_rate"":5e-06}","{""detection_events"":3955,""detectors_checked"":274350080}"
   1561600,         0,         0,   119.6,decoder_by_matrix,0421d486f8a041838688df650e87c0a19c3450ab7a7cc8b3dc589ebff86d1c74,"{""distance"":5,""physical_error_rate"":0.0001}","{""detection_events"":88515,""detectors_checked"":265472000}"
   1651712,         0,         0,   119.6,decoder_by_matrix,3c866087b289edc25e9adea730044a15db18cabfd3ae2507fc844d5b4e03657a,"{""distance"":5,""physical_error_rate"":5e-06}","{""detection_events"":4630,""detectors_checked"":280791040}"
   1554432,         1,         0,   119.6,decoder_by_matrix,b84cf4b8ca220d31f17e1e2ea9ab927bbc4176b15682c650e7d1dd8f2758172b,"{""distance"":5,""physical_error_rate"":0.0005}","{""detection_events"":439730,""detectors_checked"":264253440,""obs_mistake_mask=E___"":1}"
   1609728,         0,         0,   119.6,decoder_by_matrix,e41ade2e4684e0396b9a3890c882b6453b515d69885aa1d89a26ce21ec554895,"{""distance"":5,""physical_error_rate"":1e-06}","{""detection_events"":1100,""detectors_checked"":273653760}"
   1641472,         0,         0,   119.6,decoder_by_matrix,fa5edda0c1038186c8afbec49b0215a0b852396cdb50783a3f937fdf51d2afac,"{""distance"":5,""physical_error_rate"":1e-05}","{""detection_events"":10045,""detectors_checked"":279050240}"
   1625088,         0,         0,   119.7,decoder_by_matrix,e41ade2e4684e0396b9a3890c882b6453b515d69885aa1d89a26ce21ec554895,"{""distance"":5,""physical_error_rate"":1e-06}","{""detection_events"":1105,""detectors_checked"":276264960}"
   1567744,         0,         0,   119.7,decoder_by_matrix,9c6baee88fc81e7d1aa345fcb3feec7ee81f21c5d49cb6ca037118097d89e180,"{""distance"":5,""physical_error_rate"":5e-05}","{""detection_events"":45615,""detectors_checked"":266516480}"
   1515520,         5,         0,   119.6,decoder_by_matrix,066a5d8d46981b593c3dec855f441edbe9e755a8873183448f69d036a2ecc650,"{""distance"":5,""physical_error_rate"":0.001}","{""detection_events"":856695,""detectors_checked"":257638400,""obs_mistake_mask=E__E"":2,""obs_mistake_mask=_E__"":1,""obs_mistake_mask=__EE"":1,""obs_mistake_mask=__E_"":1}"
   1585152,         0,         0,   119.6,decoder_by_matrix,0421d486f8a041838688df650e87c0a19c3450ab7a7cc8b3dc589ebff86d1c74,"{""distance"":5,""physical_error_rate"":0.0001}","{""detection_events"":90555,""detectors_checked"":269475840}"
   1542144,         0,         0,   119.5,decoder_by_matrix,fa5edda0c1038186c8afbec49b0215a0b852396cdb50783a3f937fdf51d2afac,"{""distance"":5,""physical_error_rate"":1e-05}","{""detection_events"":8850,""detectors_checked"":262164480}"
   1542144,         0,         0,   119.7,decoder_by_matrix,e41ade2e4684e0396b9a3890c882b6453b515d69885aa1d89a26ce21ec554895,"{""distance"":5,""physical_error_rate"":1e-06}","{""detection_events"":695,""detectors_checked"":262164480}"
   6652928,        12,         0,   119.0,decoder_by_matrix,066a5d8d46981b593c3dec855f441edbe9e755a8873183448f69d036a2ecc650,"{""distance"":5,""physical_error_rate"":0.001}","{""detection_events"":3787625,""detectors_checked"":1130997760,""obs_mistake_mask=EEE_"":1,""obs_mistake_mask=EE_E"":2,""obs_mistake_mask=E_E_"":1,""obs_mistake_mask=E___"":2,""obs_mistake_mask=_EEE"":1,""obs_mistake_mask=_EE_"":1,""obs_mistake_mask=_E_E"":1,""obs_mistake_mask=__E_"":1,""obs_mistake_mask=___E"":2}"
   1512448,         0,         0,   119.7,decoder_by_matrix,0421d486f8a041838688df650e87c0a19c3450ab7a7cc8b3dc589ebff86d1c74,"{""distance"":5,""physical_error_rate"":0.0001}","{""detection_events"":85780,""detectors_checked"":257116160}"
   1611776,         0,         0,   119.5,decoder_by_matrix,e41ade2e4684e0396b9a3890c882b6453b515d69885aa1d89a26ce21ec554895,"{""distance"":5,""physical_error_rate"":1e-06}","{""detection_events"":945,""detectors_checked"":274001920}"
   1487872,         0,         0,   119.7,decoder_by_matrix,9c6baee88fc81e7d1aa345fcb3feec7ee81f21c5d49cb6ca037118097d89e180,"{""distance"":5,""physical_error_rate"":5e-05}","{""detection_events"":41710,""detectors_checked"":252938240}"
   1652736,         0,         0,   119.6,decoder_by_matrix,fa5edda0c1038186c8afbec49b0215a0b852396cdb50783a3f937fdf51d2afac,"{""distance"":5,""physical_error_rate"":1e-05}","{""detection_events"":9280,""detectors_checked"":280965120}"
   1610752,         0,         0,   119.5,decoder_by_matrix,e41ade2e4684e0396b9a3890c882b6453b515d69885aa1d89a26ce21ec554895,"{""distance"":5,""physical_error_rate"":1e-06}","{""detection_events"":970,""detectors_checked"":273827840}"
   1611776,         0,         0,   119.6,decoder_by_matrix,3c866087b289edc25e9adea730044a15db18cabfd3ae2507fc844d5b4e03657a,"{""distance"":5,""physical_error_rate"":5e-06}","{""detection_events"":4675,""detectors_checked"":274001920}"
   1542144,         0,         0,   119.7,decoder_by_matrix,3c866087b289edc25e9adea730044a15db18cabfd3ae2507fc844d5b4e03657a,"{""distance"":5,""physical_error_rate"":5e-06}","{""detection_events"":4295,""detectors_checked"":262164480}"
   1479680,         0,         0,   119.7,decoder_by_matrix,0421d486f8a041838688df650e87c0a19c3450ab7a7cc8b3dc589ebff86d1c74,"{""distance"":5,""physical_error_rate"":0.0001}","{""detection_events"":84535,""detectors_checked"":251545600}"
   1453056,         0,         0,   119.6,decoder_by_matrix,b84cf4b8ca220d31f17e1e2ea9ab927bbc4176b15682c650e7d1dd8f2758172b,"{""distance"":5,""physical_error_rate"":0.0005}","{""detection_events"":413635,""detectors_checked"":247019520}"
   1552384,         0,         0,   119.6,decoder_by_matrix,b84cf4b8ca220d31f17e1e2ea9ab927bbc4176b15682c650e7d1dd8f2758172b,"{""distance"":5,""physical_error_rate"":0.0005}","{""detection_events"":447825,""detectors_checked"":263905280}"
   1633280,         0,         0,   119.6,decoder_by_matrix,fa5edda0c1038186c8afbec49b0215a0b852396cdb50783a3f937fdf51d2afac,"{""distance"":5,""physical_error_rate"":1e-05}","{""detection_events"":9715,""detectors_checked"":277657600}"
   1492992,         7,         0,   119.6,decoder_by_matrix,066a5d8d46981b593c3dec855f441edbe9e755a8873183448f69d036a2ecc650,"{""distance"":5,""physical_error_rate"":0.001}","{""detection_events"":846860,""detectors_checked"":253808640,""obs_mistake_mask=E_E_"":1,""obs_mistake_mask=E__E"":1,""obs_mistake_mask=E___"":1,""obs_mistake_mask=_EEE"":1,""obs_mistake_mask=_E_E"":1,""obs_mistake_mask=_E__"":1,""obs_mistake_mask=___E"":1}"
   1576960,         0,         0,   119.7,decoder_by_matrix,9c6baee88fc81e7d1aa345fcb3feec7ee81f21c5d49cb6ca037118097d89e180,"{""distance"":5,""physical_error_rate"":5e-05}","{""detection_events"":45235,""detectors_checked"":268083200}"
   1651712,         0,         0,   119.6,decoder_by_matrix,3c866087b289edc25e9adea730044a15db18cabfd3ae2507fc844d5b4e03657a,"{""distance"":5,""physical_error_rate"":5e-06}","{""detection_events"":4990,""detectors_checked"":280791040}"
   1607680,         0,         0,   119.6,decoder_by_matrix,3c866087b289edc25e9adea730044a15db18cabfd3ae2507fc844d5b4e03657a,"{""distance"":5,""physical_error_rate"":5e-06}","{""detection_events"":4995,""detectors_checked"":273305600}"
   1566720,         0,         0,   119.6,decoder_by_matrix,e41ade2e4684e0396b9a3890c882b6453b515d69885aa1d89a26ce21ec554895,"{""distance"":5,""physical_error_rate"":1e-06}","{""detection_events"":1100,""detectors_checked"":266342400}"
   1466368,         0,         0,   119.6,decoder_by_matrix,0421d486f8a041838688df650e87c0a19c3450ab7a7cc8b3dc589ebff86d1c74,"{""distance"":5,""physical_error_rate"":0.0001}","{""detection_events"":84535,""detectors_checked"":249282560}"
   1503232,         0,         0,   119.6,decoder_by_matrix,fa5edda0c1038186c8afbec49b0215a0b852396cdb50783a3f937fdf51d2afac,"{""distance"":5,""physical_error_rate"":1e-05}","{""detection_events"":8625,""detectors_checked"":255549440}"
   1556480,         0,         0,   119.5,decoder_by_matrix,9c6baee88fc81e7d1aa345fcb3feec7ee81f21c5d49cb6ca037118097d89e180,"{""distance"":5,""physical_error_rate"":5e-05}","{""detection_events"":45860,""detectors_checked"":264601600}"
   1505280,         0,         0,   119.6,decoder_by_matrix,b84cf4b8ca220d31f17e1e2ea9ab927bbc4176b15682c650e7d1dd8f2758172b,"{""distance"":5,""physical_error_rate"":0.0005}","{""detection_events"":425945,""detectors_checked"":255897600}"
   1496064,         0,         0,   119.6,decoder_by_matrix,b84cf4b8ca220d31f17e1e2ea9ab927bbc4176b15682c650e7d1dd8f2758172b,"{""distance"":5,""physical_error_rate"":0.0005}","{""detection_events"":424945,""detectors_checked"":254330880}"
   1499136,         6,         0,   119.6,decoder_by_matrix,066a5d8d46981b593c3dec855f441edbe9e755a8873183448f69d036a2ecc650,"{""distance"":5,""physical_error_rate"":0.001}","{""detection_events"":851960,""detectors_checked"":254853120,""obs_mistake_mask=E_E_"":1,""obs_mistake_mask=E___"":1,""obs_mistake_mask=_EEE"":2,""obs_mistake_mask=__E_"":1,""obs_mistake_mask=___E"":1}"
   1527808,         0,         0,   119.6,decoder_by_matrix,9c6baee88fc81e7d1aa345fcb3feec7ee81f21c5d49cb6ca037118097d89e180,"{""distance"":5,""physical_error_rate"":5e-05}","{""detection_events"":44515,""detectors_checked"":259727360}"
   2144256,         0,         0,   119.6,decoder_by_matrix,9c6baee88fc81e7d1aa345fcb3feec7ee81f21c5d49cb6ca037118097d89e180,"{""distance"":5,""physical_error_rate"":5e-05}","{""detection_events"":61820,""detectors_checked"":364523520}"
   1570816,         1,         0,   119.7,decoder_by_matrix,066a5d8d46981b593c3dec855f441edbe9e755a8873183448f69d036a2ecc650,"{""distance"":5,""physical_error_rate"":0.001}","{""detection_events"":897805,""detectors_checked"":267038720,""obs_mistake_mask=_E__"":1}"
   2620416,         0,         0,   119.6,decoder_by_matrix,3c866087b289edc25e9adea730044a15db18cabfd3ae2507fc844d5b4e03657a,"{""distance"":5,""physical_error_rate"":5e-06}","{""detection_events"":8040,""detectors_checked"":445470720}"
   2512896,         0,         0,   119.6,decoder_by_matrix,e41ade2e4684e0396b9a3890c882b6453b515d69885aa1d89a26ce21ec554895,"{""distance"":5,""physical_error_rate"":1e-06}","{""detection_events"":1220,""detectors_checked"":427192320}"
   1585152,         0,         0,   119.5,decoder_by_matrix,b84cf4b8ca220d31f17e1e2ea9ab927bbc4176b15682c650e7d1dd8f2758172b,"{""distance"":5,""physical_error_rate"":0.0005}","{""detection_events"":449545,""detectors_checked"":269475840}"
   1565696,         3,         0,   119.6,decoder_by_matrix,066a5d8d46981b593c3dec855f441edbe9e755a8873183448f69d036a2ecc650,"{""distance"":5,""physical_error_rate"":0.001}","{""detection_events"":882725,""detectors_checked"":266168320,""obs_mistake_mask=EE_E"":1,""obs_mistake_mask=_E_E"":1,""obs_mistake_mask=__EE"":1}"
   2364416,         0,         0,   119.5,decoder_by_matrix,fa5edda0c1038186c8afbec49b0215a0b852396cdb50783a3f937fdf51d2afac,"{""distance"":5,""physical_error_rate"":1e-05}","{""detection_events"":11900,""detectors_checked"":401950720}"
   1616896,         0,         0,   119.5,decoder_by_matrix,0421d486f8a041838688df650e87c0a19c3450ab7a7cc8b3dc589ebff86d1c74,"{""distance"":5,""physical_error_rate"":0.0001}","{""detection_events"":92710,""detectors_checked"":274872320}"
   1848320,         0,         0,   119.6,decoder_by_matrix,b84cf4b8ca220d31f17e1e2ea9ab927bbc4176b15682c650e7d1dd8f2758172b,"{""distance"":5,""physical_error_rate"":0.0005}","{""detection_events"":529280,""detectors_checked"":314214400}"
   1616896,         0,         0,   119.5,decoder_by_matrix,9c6baee88fc81e7d1aa345fcb3feec7ee81f21c5d49cb6ca037118097d89e180,"{""distance"":5,""physical_error_rate"":5e-05}","{""detection_events"":47445,""detectors_checked"":274872320}"
   2033664,         0,         0,   119.6,decoder_by_matrix,0421d486f8a041838688df650e87c0a19c3450ab7a7cc8b3dc589ebff86d1c74,"{""distance"":5,""physical_error_rate"":0.0001}","{""detection_events"":112725,""detectors_checked"":345722880}"
   1634304,         0,         0,   119.5,decoder_by_matrix,fa5edda0c1038186c8afbec49b0215a0b852396cdb50783a3f937fdf51d2afac,"{""distance"":5,""physical_error_rate"":1e-05}","{""detection_events"":9330,""detectors_checked"":277831680}"
   1616896,         0,         0,   119.6,decoder_by_matrix,3c866087b289edc25e9adea730044a15db18cabfd3ae2507fc844d5b4e03657a,"{""distance"":5,""physical_error_rate"":5e-06}","{""detection_events"":4610,""detectors_checked"":274872320}"
   1510400,         0,         0,   119.6,decoder_by_matrix,0421d486f8a041838688df650e87c0a19c3450ab7a7cc8b3dc589ebff86d1c74,"{""distance"":5,""physical_error_rate"":0.0001}","{""detection_events"":84975,""detectors_checked"":256768000}"
   1566720,         0,         0,   119.6,decoder_by_matrix,b84cf4b8ca220d31f17e1e2ea9ab927bbc4176b15682c650e7d1dd8f2758172b,"{""distance"":5,""physical_error_rate"":0.0005}","{""detection_events"":443120,""detectors_checked"":266342400}"
   1645568,         0,         0,   119.5,decoder_by_matrix,3c866087b289edc25e9adea730044a15db18cabfd3ae2507fc844d5b4e03657a,"{""distance"":5,""physical_error_rate"":5e-06}","{""detection_events"":4805,""detectors_checked"":279746560}"
   1618944,         0,         0,   119.5,decoder_by_matrix,e41ade2e4684e0396b9a3890c882b6453b515d69885aa1d89a26ce21ec554895,"{""distance"":5,""physical_error_rate"":1e-06}","{""detection_events"":1115,""detectors_checked"":275220480}"
   1641472,         0,         0,   119.6,decoder_by_matrix,fa5edda0c1038186c8afbec49b0215a0b852396cdb50783a3f937fdf51d2afac,"{""distance"":5,""physical_error_rate"":1e-05}","{""detection_events"":9270,""detectors_checked"":279050240}"
   1619968,         0,         0,   119.5,decoder_by_matrix,e41ade2e4684e0396b9a3890c882b6453b515d69885aa1d89a26ce21ec554895,"{""distance"":5,""physical_error_rate"":1e-06}","{""detection_events"":1210,""detectors_checked"":275394560}"
   1579008,         0,         0,   119.5,decoder_by_matrix,9c6baee88fc81e7d1aa345fcb3feec7ee81f21c5d49cb6ca037118097d89e180,"{""distance"":5,""physical_error_rate"":5e-05}","{""detection_events"":43495,""detectors_checked"":268431360}"
   1581056,         0,         0,   119.5,decoder_by_matrix,0421d486f8a041838688df650e87c0a19c3450ab7a7cc8b3dc589ebff86d1c74,"{""distance"":5,""physical_error_rate"":0.0001}","{""detection_events"":90065,""detectors_checked"":268779520}"
   1572864,         5,         0,   119.7,decoder_by_matrix,066a5d8d46981b593c3dec855f441edbe9e755a8873183448f69d036a2ecc650,"{""distance"":5,""physical_error_rate"":0.001}","{""detection_events"":891075,""detectors_checked"":267386880,""obs_mistake_mask=EE_E"":1,""obs_mistake_mask=EE__"":1,""obs_mistake_mask=E_EE"":1,""obs_mistake_mask=E___"":2}"
   1590272,         0,         0,   119.5,decoder_by_matrix,fa5edda0c1038186c8afbec49b0215a0b852396cdb50783a3f937fdf51d2afac,"{""distance"":5,""physical_error_rate"":1e-05}","{""detection_events"":8415,""detectors_checked"":270346240}"
   1653760,         0,         0,   119.6,decoder_by_matrix,e41ade2e4684e0396b9a3890c882b6453b515d69885aa1d89a26ce21ec554895,"{""distance"":5,""physical_error_rate"":1e-06}","{""detection_events"":735,""detectors_checked"":281139200}"
   7464960,        14,         0,   119.1,decoder_by_matrix,066a5d8d46981b593c3dec855f441edbe9e755a8873183448f69d036a2ecc650,"{""distance"":5,""physical_error_rate"":0.001}","{""detection_events"":4244375,""detectors_checked"":1269043200,""obs_mistake_mask=E_E_"":2,""obs_mistake_mask=E___"":2,""obs_mistake_mask=_EEE"":2,""obs_mistake_mask=_EE_"":1,""obs_mistake_mask=__E_"":1,""obs_mistake_mask=___E"":6}"
   1527808,         0,         0,   119.6,decoder_by_matrix,0421d486f8a041838688df650e87c0a19c3450ab7a7cc8b3dc589ebff86d1c74,"{""distance"":5,""physical_error_rate"":0.0001}","{""detection_events"":86620,""detectors_checked"":259727360}"
   1615872,         0,         0,   119.5,decoder_by_matrix,e41ade2e4684e0396b9a3890c882b6453b515d69885aa1d89a26ce21ec554895,"{""distance"":5,""physical_error_rate"":1e-06}","{""detection_events"":805,""detectors_checked"":274698240}"
   1557504,         0,         0,   119.6,decoder_by_matrix,9c6baee88fc81e7d1aa345fcb3feec7ee81f21c5d49cb6ca037118097d89e180,"{""distance"":5,""physical_error_rate"":5e-05}","{""detection_events"":45485,""detectors_checked"":264775680}"
   1598464,         0,         0,   119.7,decoder_by_matrix,fa5edda0c1038186c8afbec49b0215a0b852396cdb50783a3f937fdf51d2afac,"{""distance"":5,""physical_error_rate"":1e-05}","{""detection_events"":8025,""detectors_checked"":271738880}"
   1609728,         0,         0,   119.5,decoder_by_matrix,e41ade2e4684e0396b9a3890c882b6453b515d69885aa1d89a26ce21ec554895,"{""distance"":5,""physical_error_rate"":1e-06}","{""detection_events"":1240,""detectors_checked"":273653760}"
   1625088,         0,         0,   119.7,decoder_by_matrix,3c866087b289edc25e9adea730044a15db18cabfd3ae2507fc844d5b4e03657a,"{""distance"":5,""physical_error_rate"":5e-06}","{""detection_events"":4355,""detectors_checked"":276264960}"
   1611776,         0,         0,   119.6,decoder_by_matrix,3c866087b289edc25e9adea730044a15db18cabfd3ae2507fc844d5b4e03657a,"{""distance"":5,""physical_error_rate"":5e-06}","{""detection_events"":4900,""detectors_checked"":274001920}"
   1549312,         0,         0,   119.7,decoder_by_matrix,0421d486f8a041838688df650e87c0a19c3450ab7a7cc8b3dc589ebff86d1c74,"{""distance"":5,""physical_error_rate"":0.0001}","{""detection_events"":86920,""detectors_checked"":263383040}"
   1481728,         0,         0,   119.7,decoder_by_matrix,b84cf4b8ca220d31f17e1e2ea9ab927bbc4176b15682c650e7d1dd8f2758172b,"{""distance"":5,""physical_error_rate"":0.0005}","{""detection_events"":424105,""detectors_checked"":251893760}"
   1489920,         0,         0,   119.6,decoder_by_matrix,b84cf4b8ca220d31f17e1e2ea9ab927bbc4176b15682c650e7d1dd8f2758172b,"{""distance"":5,""physical_error_rate"":0.0005}","{""detection_events"":425135,""detectors_checked"":253286400}"
   1661952,         0,         0,   119.6,decoder_by_matrix,fa5edda0c1038186c8afbec49b0215a0b852396cdb50783a3f937fdf51d2afac,"{""distance"":5,""physical_error_rate"":1e-05}","{""detection_events"":8960,""detectors_checked"":282531840}"
   1562624,         2,         0,   119.6,decoder_by_matrix,066a5d8d46981b593c3dec855f441edbe9e755a8873183448f69d036a2ecc650,"{""distance"":5,""physical_error_rate"":0.001}","{""detection_events"":892835,""detectors_checked"":265646080,""obs_mistake_mask=E___"":1,""obs_mistake_mask=_EEE"":1}"
   1537024,         0,         0,   119.6,decoder_by_matrix,9c6baee88fc81e7d1aa345fcb3feec7ee81f21c5d49cb6ca037118097d89e180,"{""distance"":5,""physical_error_rate"":5e-05}","{""detection_events"":42820,""detectors_checked"":261294080}"
   1613824,         0,         0,   119.6,decoder_by_matrix,3c866087b289edc25e9adea730044a15db18cabfd3ae2507fc844d5b4e03657a,"{""distance"":5,""physical_error_rate"":5e-06}","{""detection_events"":4555,""detectors_checked"":274350080}"
   1632256,         0,         0,   119.6,decoder_by_matrix,3c866087b289edc25e9adea730044a15db18cabfd3ae2507fc844d5b4e03657a,"{""distance"":5,""physical_error_rate"":5e-06}","{""detection_events"":4070,""detectors_checked"":277483520}"
   1627136,         0,         0,   119.7,decoder_by_matrix,e41ade2e4684e0396b9a3890c882b6453b515d69885aa1d89a26ce21ec554895,"{""distance"":5,""physical_error_rate"":1e-06}","{""detection_events"":915,""detectors_checked"":276613120}"
   1489920,         0,         0,   119.6,decoder_by_matrix,0421d486f8a041838688df650e87c0a19c3450ab7a7cc8b3dc589ebff86d1c74,"{""distance"":5,""physical_error_rate"":0.0001}","{""detection_events"":85895,""detectors_checked"":253286400}"
   1555456,         0,         0,   119.5,decoder_by_matrix,9c6baee88fc81e7d1aa345fcb3feec7ee81f21c5d49cb6ca037118097d89e180,"{""distance"":5,""physical_error_rate"":5e-05}","{""detection_events"":44865,""detectors_checked"":264427520}"
   1628160,         0,         0,   119.5,decoder_by_matrix,fa5edda0c1038186c8afbec49b0215a0b852396cdb50783a3f937fdf51d2afac,"{""distance"":5,""physical_error_rate"":1e-05}","{""detection_events"":8825,""detectors_checked"":276787200}"
   1538048,         0,         0,   119.6,decoder_by_matrix,b84cf4b8ca220d31f17e1e2ea9ab927bbc4176b15682c650e7d1dd8f2758172b,"{""distance"":5,""physical_error_rate"":0.0005}","{""detection_events"":440270,""detectors_checked"":261468160}"
   1614848,         0,         0,   119.5,decoder_by_matrix,b84cf4b8ca220d31f17e1e2ea9ab927bbc4176b15682c650e7d1dd8f2758172b,"{""distance"":5,""physical_error_rate"":0.0005}","{""detection_events"":460540,""detectors_checked"":274524160}"
   1524736,         1,         0,   119.5,decoder_by_matrix,066a5d8d46981b593c3dec855f441edbe9e755a8873183448f69d036a2ecc650,"{""distance"":5,""physical_error_rate"":0.001}","{""detection_events"":869610,""detectors_checked"":259205120,""obs_mistake_mask=E_EE"":1}"
   1533952,         0,         0,   119.6,decoder_by_matrix,9c6baee88fc81e7d1aa345fcb3feec7ee81f21c5d49cb6ca037118097d89e180,"{""distance"":5,""physical_error_rate"":5e-05}","{""detection_events"":46545,""detectors_checked"":260771840}"
   1941504,         0,         0,   119.6,decoder_by_matrix,9c6baee88fc81e7d1aa345fcb3feec7ee81f21c5d49cb6ca037118097d89e180,"{""distance"":5,""physical_error_rate"":5e-05}","{""detection_events"":54835,""detectors_checked"":330055680}"
   1609728,         3,         0,   119.6,decoder_by_matrix,066a5d8d46981b593c3dec855f441edbe9e755a8873183448f69d036a2ecc650,"{""distance"":5,""physical_error_rate"":0.001}","{""detection_events"":912830,""detectors_checked"":273653760,""obs_mistake_mask=_EEE"":1,""obs_mistake_mask=__EE"":1,""obs_mistake_mask=___E"":1}"
   2237440,         0,         0,   119.6,decoder_by_matrix,3c866087b289edc25e9adea730044a15db18cabfd3ae2507fc844d5b4e03657a,"{""distance"":5,""physical_error_rate"":5e-06}","{""detection_events"":6645,""detectors_checked"":380364800}"
   2270208,         0,         0,   119.5,decoder_by_matrix,e41ade2e4684e0396b9a3890c882b6453b515d69885aa1d89a26ce21ec554895,"{""distance"":5,""physical_error_rate"":1e-06}","{""detection_events"":1250,""detectors_checked"":385935360}"
   1724416,         0,         0,   119.5,decoder_by_matrix,b84cf4b8ca220d31f17e1e2ea9ab927bbc4176b15682c650e7d1dd8f2758172b,"{""distance"":5,""physical_error_rate"":0.0005}","{""detection_events"":497995,""detectors_checked"":293150720}"
   1994752,         0,         0,   119.6,decoder_by_matrix,fa5edda0c1038186c8afbec49b0215a0b852396cdb50783a3f937fdf51d2afac,"{""distance"":5,""physical_error_rate"":1e-05}","{""detection_events"":11250,""detectors_checked"":339107840}"
   1553408,         2,         0,   119.7,decoder_by_matrix,066a5d8d46981b593c3dec855f441edbe9e755a8873183448f69d036a2ecc650,"{""distance"":5,""physical_error_rate"":0.001}","{""detection_events"":885195,""detectors_checked"":264079360,""obs_mistake_mask=EEE_"":1,""obs_mistake_mask=__E_"":1}"
   1779712,         0,         0,   119.5,decoder_by_matrix,0421d486f8a041838688df650e87c0a19c3450ab7a7cc8b3dc589ebff86d1c74,"{""distance"":5,""physical_error_rate"":0.0001}","{""detection_events"":101290,""detectors_checked"":302551040}"
   1704960,         0,         0,   119.6,decoder_by_matrix,b84cf4b8ca220d31f17e1e2ea9ab927bbc4176b15682c650e7d1dd8f2758172b,"{""distance"":5,""physical_error_rate"":0.0005}","{""detection_events"":483190,""detectors_checked"":289843200}"
   1751040,         0,         0,   119.6,decoder_by_matrix,9c6baee88fc81e7d1aa345fcb3feec7ee81f21c5d49cb6ca037118097d89e180,"{""distance"":5,""physical_error_rate"":5e-05}","{""detection_events"":49655,""detectors_checked"":297676800}"
   1806336,         0,         0,   119.5,decoder_by_matrix,0421d486f8a041838688df650e87c0a19c3450ab7a7cc8b3dc589ebff86d1c74,"{""distance"":5,""physical_error_rate"":0.0001}","{""detection_events"":102410,""detectors_checked"":307077120}"
   1709056,         0,         0,   119.6,decoder_by_matrix,fa5edda0c1038186c8afbec49b0215a0b852396cdb50783a3f937fdf51d2afac,"{""distance"":5,""physical_error_rate"":1e-05}","{""detection_events"":9160,""detectors_checked"":290539520}"
   1709056,         0,         0,   119.5,decoder_by_matrix,3c866087b289edc25e9adea730044a15db18cabfd3ae2507fc844d5b4e03657a,"{""distance"":5,""physical_error_rate"":5e-06}","{""detection_events"":4630,""detectors_checked"":290539520}"
   1545216,         0,         0,   119.6,decoder_by_matrix,0421d486f8a041838688df650e87c0a19c3450ab7a7cc8b3dc589ebff86d1c74,"{""distance"":5,""physical_error_rate"":0.0001}","{""detection_events"":88100,""detectors_checked"":262686720}"
   1575936,         1,         0,   119.6,decoder_by_matrix,b84cf4b8ca220d31f17e1e2ea9ab927bbc4176b15682c650e7d1dd8f2758172b,"{""distance"":5,""physical_error_rate"":0.0005}","{""detection_events"":447335,""detectors_checked"":267909120,""obs_mistake_mask=___E"":1}"
   1640448,         0,         0,   119.6,decoder_by_matrix,3c866087b289edc25e9adea730044a15db18cabfd3ae2507fc844d5b4e03657a,"{""distance"":5,""physical_error_rate"":5e-06}","{""detection_events"":5240,""detectors_checked"":278876160}"
   1651712,         0,         0,   119.7,decoder_by_matrix,e41ade2e4684e0396b9a3890c882b6453b515d69885aa1d89a26ce21ec554895,"{""distance"":5,""physical_error_rate"":1e-06}","{""detection_events"":775,""detectors_checked"":280791040}"
   1660928,         0,         0,   119.6,decoder_by_matrix,fa5edda0c1038186c8afbec49b0215a0b852396cdb50783a3f937fdf51d2afac,"{""distance"":5,""physical_error_rate"":1e-05}","{""detection_events"":9800,""detectors_checked"":282357760}"
   1740800,         0,         0,   119.6,decoder_by_matrix,e41ade2e4684e0396b9a3890c882b6453b515d69885aa1d89a26ce21ec554895,"{""distance"":5,""physical_error_rate"":1e-06}","{""detection_events"":1140,""detectors_checked"":295936000}"
   1603584,         0,         0,   119.5,decoder_by_matrix,0421d486f8a041838688df650e87c0a19c3450ab7a7cc8b3dc589ebff86d1c74,"{""distance"":5,""physical_error_rate"":0.0001}","{""detection_events"":92190,""detectors_checked"":272609280}"
   1592320,         0,         0,   119.6,decoder_by_matrix,9c6baee88fc81e7d1aa345fcb3feec7ee81f21c5d49cb6ca037118097d89e180,"{""distance"":5,""physical_error_rate"":5e-05}","{""detection_events"":46585,""detectors_checked"":270694400}"
   1549312,         2,         0,   119.6,decoder_by_matrix,066a5d8d46981b593c3dec855f441edbe9e755a8873183448f69d036a2ecc650,"{""distance"":5,""physical_error_rate"":0.001}","{""detection_events"":880275,""detectors_checked"":263383040,""obs_mistake_mask=E_E_"":1,""obs_mistake_mask=___E"":1}"
   1597440,         0,         0,   119.6,decoder_by_matrix,fa5edda0c1038186c8afbec49b0215a0b852396cdb50783a3f937fdf51d2afac,"{""distance"":5,""physical_error_rate"":1e-05}","{""detection_events"":8935,""detectors_checked"":271564800}"
   1653760,         0,         0,   119.7,decoder_by_matrix,e41ade2e4684e0396b9a3890c882b6453b515d69885aa1d89a26ce21ec554895,"{""distance"":5,""physical_error_rate"":1e-06}","{""detection_events"":900,""detectors_checked"":281139200}"
   8574976,        17,         0,   119.0,decoder_by_matrix,066a5d8d46981b593c3dec855f441edbe9e755a8873183448f69d036a2ecc650,"{""distance"":5,""physical_error_rate"":0.001}","{""detection_events"":4863725,""detectors_checked"":1457745920,""obs_mistake_mask=EEE_"":1,""obs_mistake_mask=EE__"":4,""obs_mistake_mask=E_E_"":1,""obs_mistake_mask=E__E"":1,""obs_mistake_mask=E___"":2,""obs_mistake_mask=_EEE"":2,""obs_mistake_mask=_EE_"":2,""obs_mistake_mask=__EE"":1,""obs_mistake_mask=__E_"":2,""obs_mistake_mask=___E"":1}"
   1532928,         0,         0,   119.5,decoder_by_matrix,0421d486f8a041838688df650e87c0a19c3450ab7a7cc8b3dc589ebff86d1c74,"{""distance"":5,""physical_error_rate"":0.0001}","{""detection_events"":87530,""detectors_checked"":260597760}"
   1618944,         0,         0,   119.6,decoder_by_matrix,e41ade2e4684e0396b9a3890c882b6453b515d69885aa1d89a26ce21ec554895,"{""distance"":5,""physical_error_rate"":1e-06}","{""detection_events"":1000,""detectors_checked"":275220480}"
   1564672,         0,         0,   119.6,decoder_by_matrix,9c6baee88fc81e7d1aa345fcb3feec7ee81f21c5d49cb6ca037118097d89e180,"{""distance"":5,""physical_error_rate"":5e-05}","{""detection_events"":43755,""detectors_checked"":265994240}"
   1639424,         0,         0,   119.5,decoder_by_matrix,fa5edda0c1038186c8afbec49b0215a0b852396cdb50783a3f937fdf51d2afac,"{""distance"":5,""physical_error_rate"":1e-05}","{""detection_events"":10125,""detectors_checked"":278702080}"
   1627136,         0,         0,   119.6,decoder_by_matrix,e41ade2e4684e0396b9a3890c882b6453b515d69885aa1d89a26ce21ec554895,"{""distance"":5,""physical_error_rate"":1e-06}","{""detection_events"":710,""detectors_checked"":276613120}"
   1654784,         0,         0,   119.6,decoder_by_matrix,3c866087b289edc25e9adea730044a15db18cabfd3ae2507fc844d5b4e03657a,"{""distance"":5,""physical_error_rate"":5e-06}","{""detection_events"":4545,""detectors_checked"":281313280}"
   1623040,         0,         0,   119.7,decoder_by_matrix,3c866087b289edc25e9adea730044a15db18cabfd3ae2507fc844d5b4e03657a,"{""distance"":5,""physical_error_rate"":5e-06}","{""detection_events"":4280,""detectors_checked"":275916800}"
   1533952,         0,         0,   119.6,decoder_by_matrix,0421d486f8a041838688df650e87c0a19c3450ab7a7cc8b3dc589ebff86d1c74,"{""distance"":5,""physical_error_rate"":0.0001}","{""detection_events"":85650,""detectors_checked"":260771840}"
   1550336,         0,         0,   119.6,decoder_by_matrix,b84cf4b8ca220d31f17e1e2ea9ab927bbc4176b15682c650e7d1dd8f2758172b,"{""distance"":5,""physical_error_rate"":0.0005}","{""detection_events"":444295,""detectors_checked"":263557120}"
   1523712,         0,         0,   119.8,decoder_by_matrix,b84cf4b8ca220d31f17e1e2ea9ab927bbc4176b15682c650e7d1dd8f2758172b,"{""distance"":5,""physical_error_rate"":0.0005}","{""detection_events"":429635,""detectors_checked"":259031040}"
   1595392,         0,         0,   119.5,decoder_by_matrix,fa5edda0c1038186c8afbec49b0215a0b852396cdb50783a3f937fdf51d2afac,"{""distance"":5,""physical_error_rate"":1e-05}","{""detection_events"":9510,""detectors_checked"":271216640}"
   1590272,         0,         0,   119.5,decoder_by_matrix,9c6baee88fc81e7d1aa345fcb3feec7ee81f21c5d49cb6ca037118097d89e180,"{""distance"":5,""physical_error_rate"":5e-05}","{""detection_events"":45435,""detectors_checked"":270346240}"
   1602560,         0,         0,   119.6,decoder_by_matrix,3c866087b289edc25e9adea730044a15db18cabfd3ae2507fc844d5b4e03657a,"{""distance"":5,""physical_error_rate"":5e-06}","{""detection_events"":4515,""detectors_checked"":272435200}"
   1588224,         3,         0,   119.7,decoder_by_matrix,066a5d8d46981b593c3dec855f441edbe9e755a8873183448f69d036a2ecc650,"{""distance"":5,""physical_error_rate"":0.001}","{""detection_events"":900370,""detectors_checked"":269998080,""obs_mistake_mask=E__E"":1,""obs_mistake_mask=__EE"":1,""obs_mistake_mask=__E_"":1}"
   1639424,         0,         0,   119.6,decoder_by_matrix,3c866087b289edc25e9adea730044a15db18cabfd3ae2507fc844d5b4e03657a,"{""distance"":5,""physical_error_rate"":5e-06}","{""detection_events"":4595,""detectors_checked"":278702080}"
   1626112,         0,         0,   119.6,decoder_by_matrix,e41ade2e4684e0396b9a3890c882b6453b515d69885aa1d89a26ce21ec554895,"{""distance"":5,""physical_error_rate"":1e-06}","{""detection_events"":920,""detectors_checked"":276439040}"
   1526784,         0,         0,   119.6,decoder_by_matrix,0421d486f8a041838688df650e87c0a19c3450ab7a7cc8b3dc589ebff86d1c74,"{""distance"":5,""physical_error_rate"":0.0001}","{""detection_events"":85850,""detectors_checked"":259553280}"
   1556480,         0,         0,   119.6,decoder_by_matrix,9c6baee88fc81e7d1aa345fcb3feec7ee81f21c5d49cb6ca037118097d89e180,"{""distance"":5,""physical_error_rate"":5e-05}","{""detection_events"":44100,""detectors_checked"":264601600}"
   1614848,         0,         0,   119.6,decoder_by_matrix,fa5edda0c1038186c8afbec49b0215a0b852396cdb50783a3f937fdf51d2afac,"{""distance"":5,""physical_error_rate"":1e-05}","{""detection_events"":7655,""detectors_checked"":274524160}"
   1581056,         0,         0,   119.7,decoder_by_matrix,b84cf4b8ca220d31f17e1e2ea9ab927bbc4176b15682c650e7d1dd8f2758172b,"{""distance"":5,""physical_error_rate"":0.0005}","{""detection_events"":453170,""detectors_checked"":268779520}"
   1557504,         2,         0,   119.7,decoder_by_matrix,b84cf4b8ca220d31f17e1e2ea9ab927bbc4176b15682c650e7d1dd8f2758172b,"{""distance"":5,""physical_error_rate"":0.0005}","{""detection_events"":440280,""detectors_checked"":264775680,""obs_mistake_mask=E___"":1,""obs_mistake_mask=__EE"":1}"
   1517568,         6,         0,   119.6,decoder_by_matrix,066a5d8d46981b593c3dec855f441edbe9e755a8873183448f69d036a2ecc650,"{""distance"":5,""physical_error_rate"":0.001}","{""detection_events"":854965,""detectors_checked"":257986560,""obs_mistake_mask=E___"":1,""obs_mistake_mask=_EE_"":1,""obs_mistake_mask=_E__"":1,""obs_mistake_mask=__EE"":1,""obs_mistake_mask=___E"":2}"
   1497088,         0,         0,   119.6,decoder_by_matrix,9c6baee88fc81e7d1aa345fcb3feec7ee81f21c5d49cb6ca037118097d89e180,"{""distance"":5,""physical_error_rate"":5e-05}","{""detection_events"":42020,""detectors_checked"":254504960}"
   2131968,         0,         0,   119.6,decoder_by_matrix,9c6baee88fc81e7d1aa345fcb3feec7ee81f21c5d49cb6ca037118097d89e180,"{""distance"":5,""physical_error_rate"":5e-05}","{""detection_events"":61160,""detectors_checked"":362434560}"
   2438144,         0,         0,   119.5,decoder_by_matrix,3c866087b289edc25e9adea730044a15db18cabfd3ae2507fc844d5b4e03657a,"{""distance"":5,""physical_error_rate"":5e-06}","{""detection_events"":7195,""detectors_checked"":414484480}"
   1566720,         8,         0,   119.6,decoder_by_matrix,066a5d8d46981b593c3dec855f441edbe9e755a8873183448f69d036a2ecc650,"{""distance"":5,""physical_error_rate"":0.001}","{""detection_events"":885415,""detectors_checked"":266342400,""obs_mistake_mask=EEE_"":1,""obs_mistake_mask=EE__"":1,""obs_mistake_mask=E___"":3,""obs_mistake_mask=_EEE"":1,""obs_mistake_mask=_E__"":1,""obs_mistake_mask=___E"":1}"
   2254848,         0,         0,   119.5,decoder_by_matrix,fa5edda0c1038186c8afbec49b0215a0b852396cdb50783a3f937fdf51d2afac,"{""distance"":5,""physical_error_rate"":1e-05}","{""detection_events"":12870,""detectors_checked"":383324160}"
   1593344,         1,         0,   119.6,decoder_by_matrix,b84cf4b8ca220d31f17e1e2ea9ab927bbc4176b15682c650e7d1dd8f2758172b,"{""distance"":5,""physical_error_rate"":0.0005}","{""detection_events"":451100,""detectors_checked"":270868480,""obs_mistake_mask=E__E"":1}"
   2497536,         0,         0,   119.6,decoder_by_matrix,e41ade2e4684e0396b9a3890c882b6453b515d69885aa1d89a26ce21ec554895,"{""distance"":5,""physical_error_rate"":1e-06}","{""detection_events"":1660,""detectors_checked"":424581120}"
   1568768,         5,         0,   119.5,decoder_by_matrix,066a5d8d46981b593c3dec855f441edbe9e755a8873183448f69d036a2ecc650,"{""distance"":5,""physical_error_rate"":0.001}","{""detection_events"":894985,""detectors_checked"":266690560,""obs_mistake_mask=E_E_"":1,""obs_mistake_mask=E___"":1,""obs_mistake_mask=_EEE"":1,""obs_mistake_mask=__EE"":1,""obs_mistake_mask=__E_"":1}"
   1651712,         0,         0,   119.6,decoder_by_matrix,0421d486f8a041838688df650e87c0a19c3450ab7a7cc8b3dc589ebff86d1c74,"{""distance"":5,""physical_error_rate"":0.0001}","{""detection_events"":95250,""detectors_checked"":280791040}"
   1911808,         0,         0,   119.6,decoder_by_matrix,b84cf4b8ca220d31f17e1e2ea9ab927bbc4176b15682c650e7d1dd8f2758172b,"{""distance"":5,""physical_error_rate"":0.0005}","{""detection_events"":546750,""detectors_checked"":325007360}"
   2031616,         0,         0,   119.6,decoder_by_matrix,0421d486f8a041838688df650e87c0a19c3450ab7a7cc8b3dc589ebff86d1c74,"{""distance"":5,""physical_error_rate"":0.0001}","{""detection_events"":115405,""detectors_checked"":345374720}"
   1618944,         0,         0,   119.6,decoder_by_matrix,9c6baee88fc81e7d1aa345fcb3feec7ee81f21c5d49cb6ca037118097d89e180,"{""distance"":5,""physical_error_rate"":5e-05}","{""detection_events"":45435,""detectors_checked"":275220480}"
   1635328,         0,         0,   119.6,decoder_by_matrix,fa5edda0c1038186c8afbec49b0215a0b852396cdb50783a3f937fdf51d2afac,"{""distance"":5,""physical_error_rate"":1e-05}","{""detection_events"":9330,""detectors_checked"":278005760}"
   1660928,         0,         0,   119.5,decoder_by_matrix,3c866087b289edc25e9adea730044a15db18cabfd3ae2507fc844d5b4e03657a,"{""distance"":5,""physical_error_rate"":5e-06}","{""detection_events"":4700,""detectors_checked"":282357760}"
   1534976,         0,         0,   119.6,decoder_by_matrix,0421d486f8a041838688df650e87c0a19c3450ab7a7cc8b3dc589ebff86d1c74,"{""distance"":5,""physical_error_rate"":0.0001}","{""detection_events"":86265,""detectors_checked"":260945920}"
   1576960,         0,         0,   119.7,decoder_by_matrix,b84cf4b8ca220d31f17e1e2ea9ab927bbc4176b15682c650e7d1dd8f2758172b,"{""distance"":5,""physical_error_rate"":0.0005}","{""detection_events"":443270,""detectors_checked"":268083200}"
   1639424,         0,         0,   119.5,decoder_by_matrix,3c866087b289edc25e9adea730044a15db18cabfd3ae2507fc844d5b4e03657a,"{""distance"":5,""physical_error_rate"":5e-06}","{""detection_events"":4700,""detectors_checked"":278702080}"
   1632256,         0,         0,   119.5,decoder_by_matrix,e41ade2e4684e0396b9a3890c882b6453b515d69885aa1d89a26ce21ec554895,"{""distance"":5,""physical_error_rate"":1e-06}","{""detection_events"":1020,""detectors_checked"":277483520}"
   1644544,         0,         0,   119.7,decoder_by_matrix,fa5edda0c1038186c8afbec49b0215a0b852396cdb50783a3f937fdf51d2afac,"{""distance"":5,""physical_error_rate"":1e-05}","{""detection_events"":8580,""detectors_checked"":279572480}"
   1650688,         0,         0,   119.6,decoder_by_matrix,e41ade2e4684e0396b9a3890c882b6453b515d69885aa1d89a26ce21ec554895,"{""distance"":5,""physical_error_rate"":1e-06}","{""detection_events"":780,""detectors_checked"":280616960}"
   1594368,         0,         0,   119.6,decoder_by_matrix,0421d486f8a041838688df650e87c0a19c3450ab7a7cc8b3dc589ebff86d1c74,"{""distance"":5,""physical_error_rate"":0.0001}","{""detection_events"":89905,""detectors_checked"":271042560}"
   1594368,         0,         0,   119.7,decoder_by_matrix,9c6baee88fc81e7d1aa345fcb3feec7ee81f21c5d49cb6ca037118097d89e180,"{""distance"":5,""physical_error_rate"":5e-05}","{""detection_events"":46900,""detectors_checked"":271042560}"
   1579008,         0,         0,   119.4,decoder_by_matrix,fa5edda0c1038186c8afbec49b0215a0b852396cdb50783a3f937fdf51d2afac,"{""distance"":5,""physical_error_rate"":1e-05}","{""detection_events"":8555,""detectors_checked"":268431360}"
   1546240,         4,         0,   119.6,decoder_by_matrix,066a5d8d46981b593c3dec855f441edbe9e755a8873183448f69d036a2ecc650,"{""distance"":5,""physical_error_rate"":0.001}","{""detection_events"":883925,""detectors_checked"":262860800,""obs_mistake_mask=E__E"":1,""obs_mistake_mask=_E__"":1,""obs_mistake_mask=___E"":2}"
   1676288,         0,         0,   119.6,decoder_by_matrix,e41ade2e4684e0396b9a3890c882b6453b515d69885aa1d89a26ce21ec554895,"{""distance"":5,""physical_error_rate"":1e-06}","{""detection_events"":750,""detectors_checked"":284968960}"
   7099392,        18,         0,   119.0,decoder_by_matrix,066a5d8d46981b593c3dec855f441edbe9e755a8873183448f69d036a2ecc650,"{""distance"":5,""physical_error_rate"":0.001}","{""detection_events"":4033340,""detectors_checked"":1206896640,""obs_mistake_mask=EE_E"":1,""obs_mistake_mask=EE__"":2,""obs_mistake_mask=E_E_"":2,""obs_mistake_mask=E__E"":4,""obs_mistake_mask=E___"":4,""obs_mistake_mask=_EEE"":1,""obs_mistake_mask=_E_E"":1,""obs_mistake_mask=_E__"":1,""obs_mistake_mask=__EE"":1,""obs_mistake_mask=__E_"":1}"
   1525760,         0,         0,   119.7,decoder_by_matrix,0421d486f8a041838688df650e87c0a19c3450ab7a7cc8b3dc589ebff86d1c74,"{""distance"":5,""physical_error_rate"":0.0001}","{""detection_events"":86555,""detectors_checked"":259379200}"
   1553408,         0,         0,   119.6,decoder_by_matrix,e41ade2e4684e0396b9a3890c882b6453b515d69885aa1d89a26ce21ec554895,"{""distance"":5,""physical_error_rate"":1e-06}","{""detection_events"":975,""detectors_checked"":264079360}"
   1478656,         0,         0,   119.5,decoder_by_matrix,9c6baee88fc81e7d1aa345fcb3feec7ee81f21c5d49cb6ca037118097d89e180,"{""distance"":5,""physical_error_rate"":5e-05}","{""detection_events"":42240,""detectors_checked"":251371520}"
   1642496,         0,         0,   119.6,decoder_by_matrix,fa5edda0c1038186c8afbec49b0215a0b852396cdb50783a3f937fdf51d2afac,"{""distance"":5,""physical_error_rate"":1e-05}","{""detection_events"":8940,""detectors_checked"":279224320}"
   1585152,         0,         0,   119.5,decoder_by_matrix,e41ade2e4684e0396b9a3890c882b6453b515d69885aa1d89a26ce21ec554895,"{""distance"":5,""physical_error_rate"":1e-06}","{""detection_events"":985,""detectors_checked"":269475840}"
   1599488,         0,         0,   119.6,decoder_by_matrix,3c866087b289edc25e9adea730044a15db18cabfd3ae2507fc844d5b4e03657a,"{""distance"":5,""physical_error_rate"":5e-06}","{""detection_events"":4765,""detectors_checked"":271912960}"
   1635328,         0,         0,   119.6,decoder_by_matrix,3c866087b289edc25e9adea730044a15db18cabfd3ae2507fc844d5b4e03657a,"{""distance"":5,""physical_error_rate"":5e-06}","{""detection_events"":4365,""detectors_checked"":278005760}"
   1561600,         0,         0,   119.6,decoder_by_matrix,0421d486f8a041838688df650e87c0a19c3450ab7a7cc8b3dc589ebff86d1c74,"{""distance"":5,""physical_error_rate"":0.0001}","{""detection_events"":88305,""detectors_checked"":265472000}"
   1516544,         1,         0,   119.7,decoder_by_matrix,b84cf4b8ca220d31f17e1e2ea9ab927bbc4176b15682c650e7d1dd8f2758172b,"{""distance"":5,""physical_error_rate"":0.0005}","{""detection_events"":428995,""detectors_checked"":257812480,""obs_mistake_mask=E_E_"":1}"
   1545216,         0,         0,   119.7,decoder_by_matrix,b84cf4b8ca220d31f17e1e2ea9ab927bbc4176b15682c650e7d1dd8f2758172b,"{""distance"":5,""physical_error_rate"":0.0005}","{""detection_events"":444000,""detectors_checked"":262686720}"
   1533952,         0,         0,   119.6,decoder_by_matrix,fa5edda0c1038186c8afbec49b0215a0b852396cdb50783a3f937fdf51d2afac,"{""distance"":5,""physical_error_rate"":1e-05}","{""detection_events"":9545,""detectors_checked"":260771840}"
   1525760,         0,         0,   119.5,decoder_by_matrix,9c6baee88fc81e7d1aa345fcb3feec7ee81f21c5d49cb6ca037118097d89e180,"{""distance"":5,""physical_error_rate"":5e-05}","{""detection_events"":43035,""detectors_checked"":259379200}"
   1557504,         0,         0,   119.5,decoder_by_matrix,3c866087b289edc25e9adea730044a15db18cabfd3ae2507fc844d5b4e03657a,"{""distance"":5,""physical_error_rate"":5e-06}","{""detection_events"":4375,""detectors_checked"":264775680}"
   1510400,         0,         0,   119.7,decoder_by_matrix,066a5d8d46981b593c3dec855f441edbe9e755a8873183448f69d036a2ecc650,"{""distance"":5,""physical_error_rate"":0.001}","{""detection_events"":854895,""detectors_checked"":256768000}"
   1607680,         0,         0,   119.6,decoder_by_matrix,3c866087b289edc25e9adea730044a15db18cabfd3ae2507fc844d5b4e03657a,"{""distance"":5,""physical_error_rate"":5e-06}","{""detection_events"":4475,""detectors_checked"":273305600}"
   1648640,         0,         0,   119.6,decoder_by_matrix,e41ade2e4684e0396b9a3890c882b6453b515d69885aa1d89a26ce21ec554895,"{""distance"":5,""physical_error_rate"":1e-06}","{""detection_events"":635,""detectors_checked"":280268800}"
   1546240,         0,         0,   119.7,decoder_by_matrix,0421d486f8a041838688df650e87c0a19c3450ab7a7cc8b3dc589ebff86d1c74,"{""distance"":5,""physical_error_rate"":0.0001}","{""detection_events"":87405,""detectors_checked"":262860800}"
   1569792,         0,         0,   119.6,decoder_by_matrix,9c6baee88fc81e7d1aa345fcb3feec7ee81f21c5d49cb6ca037118097d89e180,"{""distance"":5,""physical_error_rate"":5e-05}","{""detection_events"":45540,""detectors_checked"":266864640}"
   1579008,         0,         0,   119.4,decoder_by_matrix,fa5edda0c1038186c8afbec49b0215a0b852396cdb50783a3f937fdf51d2afac,"{""distance"":5,""physical_error_rate"":1e-05}","{""detection_events"":9450,""detectors_checked"":268431360}"
   1496064,         1,         0,   119.6,decoder_by_matrix,b84cf4b8ca220d31f17e1e2ea9ab927bbc4176b15682c650e7d1dd8f2758172b,"{""distance"":5,""physical_error_rate"":0.0005}","{""detection_events"":421515,""detectors_checked"":254330880,""obs_mistake_mask=E___"":1}"
   1516544,         0,         0,   119.6,decoder_by_matrix,b84cf4b8ca220d31f17e1e2ea9ab927bbc4176b15682c650e7d1dd8f2758172b,"{""distance"":5,""physical_error_rate"":0.0005}","{""detection_events"":429655,""detectors_checked"":257812480}"
   1515520,         4,         0,   119.7,decoder_by_matrix,066a5d8d46981b593c3dec855f441edbe9e755a8873183448f69d036a2ecc650,"{""distance"":5,""physical_error_rate"":0.001}","{""detection_events"":859610,""detectors_checked"":257638400,""obs_mistake_mask=_EEE"":1,""obs_mistake_mask=_E__"":1,""obs_mistake_mask=__E_"":1,""obs_mistake_mask=___E"":1}"
   1567744,         0,         0,   119.6,decoder_by_matrix,9c6baee88fc81e7d1aa345fcb3feec7ee81f21c5d49cb6ca037118097d89e180,"{""distance"":5,""physical_error_rate"":5e-05}","{""detection_events"":46160,""detectors_checked"":266516480}"
   2148352,         0,         0,   119.5,decoder_by_matrix,9c6baee88fc81e7d1aa345fcb3feec7ee81f21c5d49cb6ca037118097d89e180,"{""distance"":5,""physical_error_rate"":5e-05}","{""detection_events"":61390,""detectors_checked"":365219840}"
   2475008,         0,         0,   119.6,decoder_by_matrix,3c866087b289edc25e9adea730044a15db18cabfd3ae2507fc844d5b4e03657a,"{""distance"":5,""physical_error_rate"":5e-06}","{""detection_events"":7540,""detectors_checked"":420751360}"
   1550336,         4,         0,   119.6,decoder_by_matrix,066a5d8d46981b593c3dec855f441edbe9e755a8873183448f69d036a2ecc650,"{""distance"":5,""physical_error_rate"":0.001}","{""detection_events"":881600,""detectors_checked"":263557120,""obs_mistake_mask=_EEE"":1,""obs_mistake_mask=__E_"":1,""obs_mistake_mask=___E"":2}"
   2219008,         0,         0,   119.6,decoder_by_matrix,fa5edda0c1038186c8afbec49b0215a0b852396cdb50783a3f937fdf51d2afac,"{""distance"":5,""physical_error_rate"":1e-05}","{""detection_events"":12555,""detectors_checked"":377231360}"
   2371584,         0,         0,   119.6,decoder_by_matrix,e41ade2e4684e0396b9a3890c882b6453b515d69885aa1d89a26ce21ec554895,"{""distance"":5,""physical_error_rate"":1e-06}","{""detection_events"":1350,""detectors_checked"":403169280}"
   1581056,         0,         0,   119.6,decoder_by_matrix,b84cf4b8ca220d31f17e1e2ea9ab927bbc4176b15682c650e7d1dd8f2758172b,"{""distance"":5,""physical_error_rate"":0.0005}","{""detection_events"":443920,""detectors_checked"":268779520}"
   1588224,         6,         0,   119.7,decoder_by_matrix,066a5d8d46981b593c3dec855f441edbe9e755a8873183448f69d036a2ecc650,"{""distance"":5,""physical_error_rate"":0.001}","{""detection_events"":903430,""detectors_checked"":269998080,""obs_mistake_mask=EE__"":1,""obs_mistake_mask=E_EE"":1,""obs_mistake_mask=E___"":1,""obs_mistake_mask=__EE"":2,""obs_mistake_mask=___E"":1}"
   1607680,         0,         0,   119.5,decoder_by_matrix,0421d486f8a041838688df650e87c0a19c3450ab7a7cc8b3dc589ebff86d1c74,"{""distance"":5,""physical_error_rate"":0.0001}","{""detection_events"":93430,""detectors_checked"":273305600}"
   1934336,         0,         0,   119.7,decoder_by_matrix,b84cf4b8ca220d31f17e1e2ea9ab927bbc4176b15682c650e7d1dd8f2758172b,"{""distance"":5,""physical_error_rate"":0.0005}","{""detection_events"":552395,""detectors_checked"":328837120}"
   2209792,         0,         0,   119.6,decoder_by_matrix,0421d486f8a041838688df650e87c0a19c3450ab7a7cc8b3dc589ebff86d1c74,"{""distance"":5,""physical_error_rate"":0.0001}","{""detection_events"":130475,""detectors_checked"":375664640}"
   1596416,         0,         0,   119.6,decoder_by_matrix,9c6baee88fc81e7d1aa345fcb3feec7ee81f21c5d49cb6ca037118097d89e180,"{""distance"":5,""physical_error_rate"":5e-05}","{""detection_events"":44615,""detectors_checked"":271390720}"
   1619968,         0,         0,   119.5,decoder_by_matrix,fa5edda0c1038186c8afbec49b0215a0b852396cdb50783a3f937fdf51d2afac,"{""distance"":5,""physical_error_rate"":1e-05}","{""detection_events"":9300,""detectors_checked"":275394560}"
   1615872,         0,         0,   119.6,decoder_by_matrix,3c866087b289edc25e9adea730044a15db18cabfd3ae2507fc844d5b4e03657a,"{""distance"":5,""physical_error_rate"":5e-06}","{""detection_events"":4755,""detectors_checked"":274698240}"
   1520640,         0,         0,   119.6,decoder_by_matrix,0421d486f8a041838688df650e87c0a19c3450ab7a7cc8b3dc589ebff86d1c74,"{""distance"":5,""physical_error_rate"":0.0001}","{""detection_events"":85925,""detectors_checked"":258508800}"
   1580032,         0,         0,   119.6,decoder_by_matrix,b84cf4b8ca220d31f17e1e2ea9ab927bbc4176b15682c650e7d1dd8f2758172b,"{""distance"":5,""physical_error_rate"":0.0005}","{""detection_events"":446495,""detectors_checked"":268605440}"
   1681408,         0,         0,   119.6,decoder_by_matrix,3c866087b289edc25e9adea730044a15db18cabfd3ae2507fc844d5b4e03657a,"{""distance"":5,""physical_error_rate"":5e-06}","{""detection_events"":4745,""detectors_checked"":285839360}"
   1630208,         0,         0,   119.6,decoder_by_matrix,e41ade2e4684e0396b9a3890c882b6453b515d69885aa1d89a26ce21ec554895,"{""distance"":5,""physical_error_rate"":1e-06}","{""detection_events"":1055,""detectors_checked"":277135360}"
   1650688,         0,         0,   119.6,decoder_by_matrix,fa5edda0c1038186c8afbec49b0215a0b852396cdb50783a3f937fdf51d2afac,"{""distance"":5,""physical_error_rate"":1e-05}","{""detection_events"":10515,""detectors_checked"":280616960}"
   1654784,         0,         0,   119.7,decoder_by_matrix,e41ade2e4684e0396b9a3890c882b6453b515d69885aa1d89a26ce21ec554895,"{""distance"":5,""physical_error_rate"":1e-06}","{""detection_events"":750,""detectors_checked"":281313280}"
   1584128,         0,         0,   119.4,decoder_by_matrix,0421d486f8a041838688df650e87c0a19c3450ab7a7cc8b3dc589ebff86d1c74,"{""distance"":5,""physical_error_rate"":0.0001}","{""detection_events"":91240,""detectors_checked"":269301760}"
   1585152,         0,         0,   119.5,decoder_by_matrix,9c6baee88fc81e7d1aa345fcb3feec7ee81f21c5d49cb6ca037118097d89e180,"{""distance"":5,""physical_error_rate"":5e-05}","{""detection_events"":46830,""detectors_checked"":269475840}"
   1611776,         0,         0,   119.5,decoder_by_matrix,fa5edda0c1038186c8afbec49b0215a0b852396cdb50783a3f937fdf51d2afac,"{""distance"":5,""physical_error_rate"":1e-05}","{""detection_events"":9070,""detectors_checked"":274001920}"
   1544192,         4,         0,   119.6,decoder_by_matrix,066a5d8d46981b593c3dec855f441edbe9e755a8873183448f69d036a2ecc650,"{""distance"":5,""physical_error_rate"":0.001}","{""detection_events"":877760,""detectors_checked"":262512640,""obs_mistake_mask=E__E"":1,""obs_mistake_mask=_E__"":1,""obs_mistake_mask=__E_"":1,""obs_mistake_mask=___E"":1}"
   1615872,         0,         0,   119.4,decoder_by_matrix,e41ade2e4684e0396b9a3890c882b6453b515d69885aa1d89a26ce21ec554895,"{""distance"":5,""physical_error_rate"":1e-06}","{""detection_events"":1045,""detectors_checked"":274698240}"
   8007680,        22,         0,   119.0,decoder_by_matrix,066a5d8d46981b593c3dec855f441edbe9e755a8873183448f69d036a2ecc650,"{""distance"":5,""physical_error_rate"":0.001}","{""detection_events"":4552715,""detectors_checked"":1361305600,""obs_mistake_mask=EEE_"":1,""obs_mistake_mask=EE_E"":2,""obs_mistake_mask=E_EE"":2,""obs_mistake_mask=E_E_"":1,""obs_mistake_mask=E___"":3,""obs_mistake_mask=_EEE"":1,""obs_mistake_mask=_EE_"":3,""obs_mistake_mask=_E__"":1,""obs_mistake_mask=__EE"":1,""obs_mistake_mask=__E_"":3,""obs_mistake_mask=___E"":4}"
   1511424,         0,         0,   119.6,decoder_by_matrix,0421d486f8a041838688df650e87c0a19c3450ab7a7cc8b3dc589ebff86d1c74,"{""distance"":5,""physical_error_rate"":0.0001}","{""detection_events"":88415,""detectors_checked"":256942080}"
   1588224,         0,         0,   119.6,decoder_by_matrix,e41ade2e4684e0396b9a3890c882b6453b515d69885aa1d89a26ce21ec554895,"{""distance"":5,""physical_error_rate"":1e-06}","{""detection_events"":1005,""detectors_checked"":269998080}"
   1527808,         0,         0,   119.6,decoder_by_matrix,9c6baee88fc81e7d1aa345fcb3feec7ee81f21c5d49cb6ca037118097d89e180,"{""distance"":5,""physical_error_rate"":5e-05}","{""detection_events"":42265,""detectors_checked"":259727360}"
   1632256,         0,         0,   119.6,decoder_by_matrix,fa5edda0c1038186c8afbec49b0215a0b852396cdb50783a3f937fdf51d2afac,"{""distance"":5,""physical_error_rate"":1e-05}","{""detection_events"":8570,""detectors_checked"":277483520}"
   1651712,         0,         0,   119.5,decoder_by_matrix,e41ade2e4684e0396b9a3890c882b6453b515d69885aa1d89a26ce21ec554895,"{""distance"":5,""physical_error_rate"":1e-06}","{""detection_events"":840,""detectors_checked"":280791040}"
   1635328,         0,         0,   119.6,decoder_by_matrix,3c866087b289edc25e9adea730044a15db18cabfd3ae2507fc844d5b4e03657a,"{""distance"":5,""physical_error_rate"":5e-06}","{""detection_events"":4320,""detectors_checked"":278005760}"
   1645568,         0,         0,   119.6,decoder_by_matrix,3c866087b289edc25e9adea730044a15db18cabfd3ae2507fc844d5b4e03657a,"{""distance"":5,""physical_error_rate"":5e-06}","{""detection_events"":4755,""detectors_checked"":279746560}"
   1610752,         0,         0,   119.7,decoder_by_matrix,0421d486f8a041838688df650e87c0a19c3450ab7a7cc8b3dc589ebff86d1c74,"{""distance"":5,""physical_error_rate"":0.0001}","{""detection_events"":92395,""detectors_checked"":273827840}"
   1509376,         1,         0,   119.5,decoder_by_matrix,b84cf4b8ca220d31f17e1e2ea9ab927bbc4176b15682c650e7d1dd8f2758172b,"{""distance"":5,""physical_error_rate"":0.0005}","{""detection_events"":425690,""detectors_checked"":256593920,""obs_mistake_mask=EEE_"":1}"
   1581056,         0,         0,   119.7,decoder_by_matrix,b84cf4b8ca220d31f17e1e2ea9ab927bbc4176b15682c650e7d1dd8f2758172b,"{""distance"":5,""physical_error_rate"":0.0005}","{""detection_events"":449835,""detectors_checked"":268779520}"
   1579008,         0,         0,   119.6,decoder_by_matrix,fa5edda0c1038186c8afbec49b0215a0b852396cdb50783a3f937fdf51d2afac,"{""distance"":5,""physical_error_rate"":1e-05}","{""detection_events"":9480,""detectors_checked"":268431360}"
   1542144,         0,         0,   119.6,decoder_by_matrix,9c6baee88fc81e7d1aa345fcb3feec7ee81f21c5d49cb6ca037118097d89e180,"{""distance"":5,""physical_error_rate"":5e-05}","{""detection_events"":42810,""detectors_checked"":262164480}"
   1627136,         0,         0,   119.5,decoder_by_matrix,3c866087b289edc25e9adea730044a15db18cabfd3ae2507fc844d5b4e03657a,"{""distance"":5,""physical_error_rate"":5e-06}","{""detection_events"":4130,""detectors_checked"":276613120}"
   1539072,         9,         0,   119.5,decoder_by_matrix,066a5d8d46981b593c3dec855f441edbe9e755a8873183448f69d036a2ecc650,"{""distance"":5,""physical_error_rate"":0.001}","{""detection_events"":874555,""detectors_checked"":261642240,""obs_mistake_mask=E_E_"":1,""obs_mistake_mask=E___"":3,""obs_mistake_mask=_EEE"":3,""obs_mistake_mask=_E_E"":1,""obs_mistake_mask=___E"":1}"
   1662976,         0,         0,   119.6,decoder_by_matrix,3c866087b289edc25e9adea730044a15db18cabfd3ae2507fc844d5b4e03657a,"{""distance"":5,""physical_error_rate"":5e-06}","{""detection_events"":5495,""detectors_checked"":282705920}"
   1675264,         0,         0,   119.7,decoder_by_matrix,e41ade2e4684e0396b9a3890c882b6453b515d69885aa1d89a26ce21ec554895,"{""distance"":5,""physical_error_rate"":1e-06}","{""detection_events"":975,""detectors_checked"":284794880}"
   1580032,         0,         0,   119.5,decoder_by_matrix,0421d486f8a041838688df650e87c0a19c3450ab7a7cc8b3dc589ebff86d1c74,"{""distance"":5,""physical_error_rate"":0.0001}","{""detection_events"":87255,""detectors_checked"":268605440}"
   1625088,         0,         0,   119.6,decoder_by_matrix,9c6baee88fc81e7d1aa345fcb3feec7ee81f21c5d49cb6ca037118097d89e180,"{""distance"":5,""physical_error_rate"":5e-05}","{""detection_events"":45795,""detectors_checked"":276264960}"
   1617920,         0,         0,   119.5,decoder_by_matrix,fa5edda0c1038186c8afbec49b0215a0b852396cdb50783a3f937fdf51d2afac,"{""distance"":5,""physical_error_rate"":1e-05}","{""detection_events"":9430,""detectors_checked"":275046400}"
   1594368,         0,         0,   119.5,decoder_by_matrix,b84cf4b8ca220d31f17e1e2ea9ab927bbc4176b15682c650e7d1dd8f2758172b,"{""distance"":5,""physical_error_rate"":0.0005}","{""detection_events"":453295,""detectors_checked"":271042560}"
   1611776,         0,         0,   119.6,decoder_by_matrix,b84cf4b8ca220d31f17e1e2ea9ab927bbc4176b15682c650e7d1dd8f2758172b,"{""distance"":5,""physical_error_rate"":0.0005}","{""detection_events"":453550,""detectors_checked"":274001920}"
   1518592,         2,         0,   119.7,decoder_by_matrix,066a5d8d46981b593c3dec855f441edbe9e755a8873183448f69d036a2ecc650,"{""distance"":5,""physical_error_rate"":0.001}","{""detection_events"":858290,""detectors_checked"":258160640,""obs_mistake_mask=E___"":1,""obs_mistake_mask=___E"":1}"
   1550336,         0,         0,   119.6,decoder_by_matrix,9c6baee88fc81e7d1aa345fcb3feec7ee81f21c5d49cb6ca037118097d89e180,"{""distance"":5,""physical_error_rate"":5e-05}","{""detection_events"":44410,""detectors_checked"":263557120}"
   2043904,         0,         0,   119.7,decoder_by_matrix,9c6baee88fc81e7d1aa345fcb3feec7ee81f21c5d49cb6ca037118097d89e180,"{""distance"":5,""physical_error_rate"":5e-05}","{""detection_events"":56745,""detectors_checked"":347463680}"
   2329600,         0,         0,   119.6,decoder_by_matrix,3c866087b289edc25e9adea730044a15db18cabfd3ae2507fc844d5b4e03657a,"{""distance"":5,""physical_error_rate"":5e-06}","{""detection_events"":6425,""detectors_checked"":396032000}"
   1562624,         4,         0,   119.7,decoder_by_matrix,066a5d8d46981b593c3dec855f441edbe9e755a8873183448f69d036a2ecc650,"{""distance"":5,""physical_error_rate"":0.001}","{""detection_events"":886890,""detectors_checked"":265646080,""obs_mistake_mask=EE__"":1,""obs_mistake_mask=E__E"":2,""obs_mistake_mask=___E"":1}"
   1610752,         1,         0,   119.5,decoder_by_matrix,b84cf4b8ca220d31f17e1e2ea9ab927bbc4176b15682c650e7d1dd8f2758172b,"{""distance"":5,""physical_error_rate"":0.0005}","{""detection_events"":461225,""detectors_checked"":273827840,""obs_mistake_mask=E___"":1}"
   2482176,         0,         0,   119.6,decoder_by_matrix,e41ade2e4684e0396b9a3890c882b6453b515d69885aa1d89a26ce21ec554895,"{""distance"":5,""physical_error_rate"":1e-06}","{""detection_events"":1300,""detectors_checked"":421969920}"
   2144256,         0,         0,   119.6,decoder_by_matrix,fa5edda0c1038186c8afbec49b0215a0b852396cdb50783a3f937fdf51d2afac,"{""distance"":5,""physical_error_rate"":1e-05}","{""detection_events"":11795,""detectors_checked"":364523520}"
   1562624,         6,         0,   119.5,decoder_by_matrix,066a5d8d46981b593c3dec855f441edbe9e755a8873183448f69d036a2ecc650,"{""distance"":5,""physical_error_rate"":0.001}","{""detection_events"":894790,""detectors_checked"":265646080,""obs_mistake_mask=E_E_"":2,""obs_mistake_mask=E___"":2,""obs_mistake_mask=_E_E"":1,""obs_mistake_mask=___E"":1}"
   1698816,         0,         0,   119.6,decoder_by_matrix,0421d486f8a041838688df650e87c0a19c3450ab7a7cc8b3dc589ebff86d1c74,"{""distance"":5,""physical_error_rate"":0.0001}","{""detection_events"":95790,""detectors_checked"":288798720}"
   1805312,         3,         0,   119.6,decoder_by_matrix,b84cf4b8ca220d31f17e1e2ea9ab927bbc4176b15682c650e7d1dd8f2758172b,"{""distance"":5,""physical_error_rate"":0.0005}","{""detection_events"":514955,""detectors_checked"":306903040,""obs_mistake_mask=_EEE"":1,""obs_mistake_mask=_E__"":1,""obs_mistake_mask=__E_"":1}"
   1803264,         0,         0,   119.5,decoder_by_matrix,0421d486f8a041838688df650e87c0a19c3450ab7a7cc8b3dc589ebff86d1c74,"{""distance"":5,""physical_error_rate"":0.0001}","{""detection_events"":101660,""detectors_checked"":306554880}"
   1653760,         0,         0,   119.5,decoder_by_matrix,9c6baee88fc81e7d1aa345fcb3feec7ee81f21c5d49cb6ca037118097d89e180,"{""distance"":5,""physical_error_rate"":5e-05}","{""detection_events"":48150,""detectors_checked"":281139200}"
   1646592,         0,         0,   119.5,decoder_by_matrix,fa5edda0c1038186c8afbec49b0215a0b852396cdb50783a3f937fdf51d2afac,"{""distance"":5,""physical_error_rate"":1e-05}","{""detection_events"":9530,""detectors_checked"":279920640}"
   1645568,         0,         0,   119.6,decoder_by_matrix,3c866087b289edc25e9adea730044a15db18cabfd3ae2507fc844d5b4e03657a,"{""distance"":5,""physical_error_rate"":5e-06}","{""detection_events"":4680,""detectors_checked"":279746560}"
   1502208,         0,         0,   119.6,decoder_by_matrix,0421d486f8a041838688df650e87c0a19c3450ab7a7cc8b3dc589ebff86d1c74,"{""distance"":5,""physical_error_rate"":0.0001}","{""detection_events"":86965,""detectors_checked"":255375360}"
   1581056,         1,         0,   119.6,decoder_by_matrix,b84cf4b8ca220d31f17e1e2ea9ab927bbc4176b15682c650e7d1dd8f2758172b,"{""distance"":5,""physical_error_rate"":0.0005}","{""detection_events"":454665,""detectors_checked"":268779520,""obs_mistake_mask=_E__"":1}"
   1629184,         0,         0,   119.5,decoder_by_matrix,e41ade2e4684e0396b9a3890c882b6453b515d69885aa1d89a26ce21ec554895,"{""distance"":5,""physical_error_rate"":1e-06}","{""detection_events"":820,""detectors_checked"":276961280}"
   1709056,         0,         0,   119.6,decoder_by_matrix,3c866087b289edc25e9adea730044a15db18cabfd3ae2507fc844d5b4e03657a,"{""distance"":5,""physical_error_rate"":5e-06}","{""detection_events"":5045,""detectors_checked"":290539520}"
   1677312,         0,         0,   119.6,decoder_by_matrix,e41ade2e4684e0396b9a3890c882b6453b515d69885aa1d89a26ce21ec554895,"{""distance"":5,""physical_error_rate"":1e-06}","{""detection_events"":1125,""detectors_checked"":285143040}"
   1687552,         0,         0,   119.5,decoder_by_matrix,fa5edda0c1038186c8afbec49b0215a0b852396cdb50783a3f937fdf51d2afac,"{""distance"":5,""physical_error_rate"":1e-05}","{""detection_events"":9655,""detectors_checked"":286883840}"
   1595392,         0,         0,   119.6,decoder_by_matrix,0421d486f8a041838688df650e87c0a19c3450ab7a7cc8b3dc589ebff86d1c74,"{""distance"":5,""physical_error_rate"":0.0001}","{""detection_events"":92845,""detectors_checked"":271216640}"
   1600512,         0,         0,   119.6,decoder_by_matrix,9c6baee88fc81e7d1aa345fcb3feec7ee81f21c5d49cb6ca037118097d89e180,"{""distance"":5,""physical_error_rate"":5e-05}","{""detection_events"":46310,""detectors_checked"":272087040}"
   1546240,         4,         0,   119.6,decoder_by_matrix,066a5d8d46981b593c3dec855f441edbe9e755a8873183448f69d036a2ecc650,"{""distance"":5,""physical_error_rate"":0.001}","{""detection_events"":881040,""detectors_checked"":262860800,""obs_mistake_mask=EE__"":1,""obs_mistake_mask=E___"":1,""obs_mistake_mask=_EEE"":1,""obs_mistake_mask=__E_"":1}"
   1564672,         0,         0,   119.6,decoder_by_matrix,fa5edda0c1038186c8afbec49b0215a0b852396cdb50783a3f937fdf51d2afac,"{""distance"":5,""physical_error_rate"":1e-05}","{""detection_events"":8475,""detectors_checked"":265994240}"
   1623040,         0,         0,   119.6,decoder_by_matrix,e41ade2e4684e0396b9a3890c882b6453b515d69885aa1d89a26ce21ec554895,"{""distance"":5,""physical_error_rate"":1e-06}","{""detection_events"":890,""detectors_checked"":275916800}"
   8245248,        15,         0,   119.1,decoder_by_matrix,066a5d8d46981b593c3dec855f441edbe9e755a8873183448f69d036a2ecc650,"{""distance"":5,""physical_error_rate"":0.001}","{""detection_events"":4651085,""detectors_checked"":1401692160,""obs_mistake_mask=EE__"":2,""obs_mistake_mask=E_EE"":1,""obs_mistake_mask=E_E_"":2,""obs_mistake_mask=E__E"":3,""obs_mistake_mask=E___"":2,""obs_mistake_mask=_EEE"":2,""obs_mistake_mask=_EE_"":1,""obs_mistake_mask=_E__"":1,""obs_mistake_mask=___E"":1}"
   1558528,         0,         0,   119.6,decoder_by_matrix,0421d486f8a041838688df650e87c0a19c3450ab7a7cc8b3dc589ebff86d1c74,"{""distance"":5,""physical_error_rate"":0.0001}","{""detection_events"":92445,""detectors_checked"":264949760}"
   1650688,         0,         0,   119.5,decoder_by_matrix,e41ade2e4684e0396b9a3890c882b6453b515d69885aa1d89a26ce21ec554895,"{""distance"":5,""physical_error_rate"":1e-06}","{""detection_events"":980,""detectors_checked"":280616960}"
   1521664,         0,         0,   119.6,decoder_by_matrix,9c6baee88fc81e7d1aa345fcb3feec7ee81f21c5d49cb6ca037118097d89e180,"{""distance"":5,""physical_error_rate"":5e-05}","{""detection_events"":41290,""detectors_checked"":258682880}"
   1635328,         0,         0,   119.6,decoder_by_matrix,fa5edda0c1038186c8afbec49b0215a0b852396cdb50783a3f937fdf51d2afac,"{""distance"":5,""physical_error_rate"":1e-05}","{""detection_events"":10195,""detectors_checked"":278005760}"
   1648640,         0,         0,   119.6,decoder_by_matrix,e41ade2e4684e0396b9a3890c882b6453b515d69885aa1d89a26ce21ec554895,"{""distance"":5,""physical_error_rate"":1e-06}","{""detection_events"":1040,""detectors_checked"":280268800}"
   1665024,         0,         0,   119.7,decoder_by_matrix,3c866087b289edc25e9adea730044a15db18cabfd3ae2507fc844d5b4e03657a,"{""distance"":5,""physical_error_rate"":5e-06}","{""detection_events"":4815,""detectors_checked"":283054080}"
   1591296,         0,         0,   119.7,decoder_by_matrix,3c866087b289edc25e9adea730044a15db18cabfd3ae2507fc844d5b4e03657a,"{""distance"":5,""physical_error_rate"":5e-06}","{""detection_events"":4295,""detectors_checked"":270520320}"
   1531904,         0,         0,   119.5,decoder_by_matrix,0421d486f8a041838688df650e87c0a19c3450ab7a7cc8b3dc589ebff86d1c74,"{""distance"":5,""physical_error_rate"":0.0001}","{""detection_events"":88880,""detectors_checked"":260423680}"
   1529856,         0,         0,   119.6,decoder_by_matrix,b84cf4b8ca220d31f17e1e2ea9ab927bbc4176b15682c650e7d1dd8f2758172b,"{""distance"":5,""physical_error_rate"":0.0005}","{""detection_events"":433395,""detectors_checked"":260075520}"
   1525760,         0,         0,   119.7,decoder_by_matrix,b84cf4b8ca220d31f17e1e2ea9ab927bbc4176b15682c650e7d1dd8f2758172b,"{""distance"":5,""physical_error_rate"":0.0005}","{""detection_events"":436380,""detectors_checked"":259379200}"
   1611776,         0,         0,   119.5,decoder_by_matrix,fa5edda0c1038186c8afbec49b0215a0b852396cdb50783a3f937fdf51d2afac,"{""distance"":5,""physical_error_rate"":1e-05}","{""detection_events"":9230,""detectors_checked"":274001920}"
   1533952,         0,         0,   119.6,decoder_by_matrix,9c6baee88fc81e7d1aa345fcb3feec7ee81f21c5d49cb6ca037118097d89e180,"{""distance"":5,""physical_error_rate"":5e-05}","{""detection_events"":44235,""detectors_checked"":260771840}"
   1671168,         0,         0,   119.6,decoder_by_matrix,3c866087b289edc25e9adea730044a15db18cabfd3ae2507fc844d5b4e03657a,"{""distance"":5,""physical_error_rate"":5e-06}","{""detection_events"":4600,""detectors_checked"":284098560}"
   1605632,         5,         0,   119.6,decoder_by_matrix,066a5d8d46981b593c3dec855f441edbe9e755a8873183448f69d036a2ecc650,"{""distance"":5,""physical_error_rate"":0.001}","{""detection_events"":918325,""detectors_checked"":272957440,""obs_mistake_mask=E___"":1,""obs_mistake_mask=_EE_"":2,""obs_mistake_mask=_E__"":1,""obs_mistake_mask=__EE"":1}"
   1639424,         0,         0,   119.6,decoder_by_matrix,3c866087b289edc25e9adea730044a15db18cabfd3ae2507fc844d5b4e03657a,"{""distance"":5,""physical_error_rate"":5e-06}","{""detection_events"":4450,""detectors_checked"":278702080}"
   1606656,         0,         0,   119.6,decoder_by_matrix,e41ade2e4684e0396b9a3890c882b6453b515d69885aa1d89a26ce21ec554895,"{""distance"":5,""physical_error_rate"":1e-06}","{""detection_events"":655,""detectors_checked"":273131520}"
   1553408,         0,         0,   119.7,decoder_by_matrix,0421d486f8a041838688df650e87c0a19c3450ab7a7cc8b3dc589ebff86d1c74,"{""distance"":5,""physical_error_rate"":0.0001}","{""detection_events"":88880,""detectors_checked"":264079360}"
   1513472,         0,         0,   119.5,decoder_by_matrix,9c6baee88fc81e7d1aa345fcb3feec7ee81f21c5d49cb6ca037118097d89e180,"{""distance"":5,""physical_error_rate"":5e-05}","{""detection_events"":44535,""detectors_checked"":257290240}"
   1604608,         0,         0,   119.7,decoder_by_matrix,fa5edda0c1038186c8afbec49b0215a0b852396cdb50783a3f937fdf51d2afac,"{""distance"":5,""physical_error_rate"":1e-05}","{""detection_events"":9295,""detectors_checked"":272783360}"
   1545216,         0,         0,   119.6,decoder_by_matrix,b84cf4b8ca220d31f17e1e2ea9ab927bbc4176b15682c650e7d1dd8f2758172b,"{""distance"":5,""physical_error_rate"":0.0005}","{""detection_events"":438545,""detectors_checked"":262686720}"
   1607680,         0,         0,   119.5,decoder_by_matrix,b84cf4b8ca220d31f17e1e2ea9ab927bbc4176b15682c650e7d1dd8f2758172b,"{""distance"":5,""physical_error_rate"":0.0005}","{""detection_events"":460100,""detectors_checked"":273305600}"
   1532928,         6,         0,   119.6,decoder_by_matrix,066a5d8d46981b593c3dec855f441edbe9e755a8873183448f69d036a2ecc650,"{""distance"":5,""physical_error_rate"":0.001}","{""detection_events"":873450,""detectors_checked"":260597760,""obs_mistake_mask=EE_E"":2,""obs_mistake_mask=E___"":2,""obs_mistake_mask=_E__"":1,""obs_mistake_mask=__EE"":1}"
   1553408,         0,         0,   119.6,decoder_by_matrix,9c6baee88fc81e7d1aa345fcb3feec7ee81f21c5d49cb6ca037118097d89e180,"{""distance"":5,""physical_error_rate"":5e-05}","{""detection_events"":44955,""detectors_checked"":264079360}"
   2024448,         0,         0,   119.6,decoder_by_matrix,9c6baee88fc81e7d1aa345fcb3feec7ee81f21c5d49cb6ca037118097d89e180,"{""distance"":5,""physical_error_rate"":5e-05}","{""detection_events"":58515,""detectors_checked"":344156160}"
   2400256,         0,         0,   119.6,decoder_by_matrix,3c866087b289edc25e9adea730044a15db18cabfd3ae2507fc844d5b4e03657a,"{""distance"":5,""physical_error_rate"":5e-06}","{""detection_events"":7110,""detectors_checked"":408043520}"
   1588224,         5,         0,   119.6,decoder_by_matrix,066a5d8d46981b593c3dec855f441edbe9e755a8873183448f69d036a2ecc650,"{""distance"":5,""physical_error_rate"":0.001}","{""detection_events"":907100,""detectors_checked"":269998080,""obs_mistake_mask=EE_E"":1,""obs_mistake_mask=E___"":2,""obs_mistake_mask=__E_"":2}"
   1619968,         0,         0,   119.6,decoder_by_matrix,b84cf4b8ca220d31f17e1e2ea9ab927bbc4176b15682c650e7d1dd8f2758172b,"{""distance"":5,""physical_error_rate"":0.0005}","{""detection_events"":464100,""detectors_checked"":275394560}"
   2297856,         0,         0,   119.6,decoder_by_matrix,e41ade2e4684e0396b9a3890c882b6453b515d69885aa1d89a26ce21ec554895,"{""distance"":5,""physical_error_rate"":1e-06}","{""detection_events"":1415,""detectors_checked"":390635520}"
   2118656,         0,         0,   119.6,decoder_by_matrix,fa5edda0c1038186c8afbec49b0215a0b852396cdb50783a3f937fdf51d2afac,"{""distance"":5,""physical_error_rate"":1e-05}","{""detection_events"":12870,""detectors_checked"":360171520}"
   1564672,         7,         0,   119.6,decoder_by_matrix,066a5d8d46981b593c3dec855f441edbe9e755a8873183448f69d036a2ecc650,"{""distance"":5,""physical_error_rate"":0.001}","{""detection_events"":891465,""detectors_checked"":265994240,""obs_mistake_mask=EE__"":1,""obs_mistake_mask=E___"":2,""obs_mistake_mask=_EEE"":1,""obs_mistake_mask=_EE_"":1,""obs_mistake_mask=_E__"":2}"
   1704960,         0,         0,   119.6,decoder_by_matrix,0421d486f8a041838688df650e87c0a19c3450ab7a7cc8b3dc589ebff86d1c74,"{""distance"":5,""physical_error_rate"":0.0001}","{""detection_events"":95355,""detectors_checked"":289843200}"
   1850368,         0,         0,   119.6,decoder_by_matrix,b84cf4b8ca220d31f17e1e2ea9ab927bbc4176b15682c650e7d1dd8f2758172b,"{""distance"":5,""physical_error_rate"":0.0005}","{""detection_events"":525000,""detectors_checked"":314562560}"
   1931264,         0,         0,   119.7,decoder_by_matrix,0421d486f8a041838688df650e87c0a19c3450ab7a7cc8b3dc589ebff86d1c74,"{""distance"":5,""physical_error_rate"":0.0001}","{""detection_events"":112095,""detectors_checked"":328314880}"
   1650688,         0,         0,   119.6,decoder_by_matrix,9c6baee88fc81e7d1aa345fcb3feec7ee81f21c5d49cb6ca037118097d89e180,"{""distance"":5,""physical_error_rate"":5e-05}","{""detection_events"":47550,""detectors_checked"":280616960}"
   1628160,         0,         0,   119.7,decoder_by_matrix,fa5edda0c1038186c8afbec49b0215a0b852396cdb50783a3f937fdf51d2afac,"{""distance"":5,""physical_error_rate"":1e-05}","{""detection_events"":9460,""detectors_checked"":276787200}"
   1766400,         0,         0,   119.6,decoder_by_matrix,3c866087b289edc25e9adea730044a15db18cabfd3ae2507fc844d5b4e03657a,"{""distance"":5,""physical_error_rate"":5e-06}","{""detection_events"":5750,""detectors_checked"":300288000}"
   1526784,         0,         0,   119.6,decoder_by_matrix,0421d486f8a041838688df650e87c0a19c3450ab7a7cc8b3dc589ebff86d1c74,"{""distance"":5,""physical_error_rate"":0.0001}","{""detection_events"":87060,""detectors_checked"":259553280}"
   1585152,         0,         0,   119.6,decoder_by_matrix,b84cf4b8ca220d31f17e1e2ea9ab927bbc4176b15682c650e7d1dd8f2758172b,"{""distance"":5,""physical_error_rate"":0.0005}","{""detection_events"":450235,""detectors_checked"":269475840}"
   1664000,         0,         0,   119.5,decoder_by_matrix,3c866087b289edc25e9adea730044a15db18cabfd3ae2507fc844d5b4e03657a,"{""distance"":5,""physical_error_rate"":5e-06}","{""detection_events"":4640,""detectors_checked"":282880000}"
   1627136,         0,         0,   119.7,decoder_by_matrix,e41ade2e4684e0396b9a3890c882b6453b515d69885aa1d89a26ce21ec554895,"{""distance"":5,""physical_error_rate"":1e-06}","{""detection_events"":895,""detectors_checked"":276613120}"
   1789952,         0,         0,   119.6,decoder_by_matrix,e41ade2e4684e0396b9a3890c882b6453b515d69885aa1d89a26ce21ec554895,"{""distance"":5,""physical_error_rate"":1e-06}","{""detection_events"":1015,""detectors_checked"":304291840}"
   1665024,         0,         0,   119.6,decoder_by_matrix,fa5edda0c1038186c8afbec49b0215a0b852396cdb50783a3f937fdf51d2afac,"{""distance"":5,""physical_error_rate"":1e-05}","{""detection_events"":9510,""detectors_checked"":283054080}"
   1581056,         0,         0,   119.6,decoder_by_matrix,0421d486f8a041838688df650e87c0a19c3450ab7a7cc8b3dc589ebff86d1c74,"{""distance"":5,""physical_error_rate"":0.0001}","{""detection_events"":89620,""detectors_checked"":268779520}"
   1584128,         0,         0,   119.6,decoder_by_matrix,9c6baee88fc81e7d1aa345fcb3feec7ee81f21c5d49cb6ca037118097d89e180,"{""distance"":5,""physical_error_rate"":5e-05}","{""detection_events"":45445,""detectors_checked"":269301760}"
   1508352,         6,         0,   119.6,decoder_by_matrix,066a5d8d46981b593c3dec855f441edbe9e755a8873183448f69d036a2ecc650,"{""distance"":5,""physical_error_rate"":0.001}","{""detection_events"":853965,""detectors_checked"":256419840,""obs_mistake_mask=E__E"":1,""obs_mistake_mask=E___"":1,""obs_mistake_mask=_EEE"":1,""obs_mistake_mask=__EE"":1,""obs_mistake_mask=__E_"":1,""obs_mistake_mask=___E"":1}"
   1552384,         0,         0,   119.5,decoder_by_matrix,fa5edda0c1038186c8afbec49b0215a0b852396cdb50783a3f937fdf51d2afac,"{""distance"":5,""physical_error_rate"":1e-05}","{""detection_events"":8730,""detectors_checked"":263905280}"
   1599488,         0,         0,   119.7,decoder_by_matrix,e41ade2e4684e0396b9a3890c882b6453b515d69885aa1d89a26ce21ec554895,"{""distance"":5,""physical_error_rate"":1e-06}","{""detection_events"":640,""detectors_checked"":271912960}"
   8243200,        22,         0,   119.1,decoder_by_matrix,066a5d8d46981b593c3dec855f441edbe9e755a8873183448f69d036a2ecc650,"{""distance"":5,""physical_error_rate"":0.001}","{""detection_events"":4686400,""detectors_checked"":1401344000,""obs_mistake_mask=EEE_"":3,""obs_mistake_mask=EE_E"":2,""obs_mistake_mask=E_E_"":2,""obs_mistake_mask=E__E"":3,""obs_mistake_mask=E___"":5,""obs_mistake_mask=_EEE"":1,""obs_mistake_mask=_EE_"":1,""obs_mistake_mask=_E__"":2,""obs_mistake_mask=__E_"":1,""obs_mistake_mask=___E"":2}"
   1494016,         0,         0,   119.6,decoder_by_matrix,0421d486f8a041838688df650e87c0a19c3450ab7a7cc8b3dc589ebff86d1c74,"{""distance"":5,""physical_error_rate"":0.0001}","{""detection_events"":87785,""detectors_checked"":253982720}"
   1630208,         0,         0,   119.5,decoder_by_matrix,e41ade2e4684e0396b9a3890c882b6453b515d69885aa1d89a26ce21ec554895,"{""distance"":5,""physical_error_rate"":1e-06}","{""detection_events"":890,""detectors_checked"":277135360}"
   1511424,         0,         0,   119.7,decoder_by_matrix,9c6baee88fc81e7d1aa345fcb3feec7ee81f21c5d49cb6ca037118097d89e180,"{""distance"":5,""physical_error_rate"":5e-05}","{""detection_events"":42435,""detectors_checked"":256942080}"
   1630208,         0,         0,   119.6,decoder_by_matrix,fa5edda0c1038186c8afbec49b0215a0b852396cdb50783a3f937fdf51d2afac,"{""distance"":5,""physical_error_rate"":1e-05}","{""detection_events"":9270,""detectors_checked"":277135360}"
   1610752,         0,         0,   119.6,decoder_by_matrix,e41ade2e4684e0396b9a3890c882b6453b515d69885aa1d89a26ce21ec554895,"{""distance"":5,""physical_error_rate"":1e-06}","{""detection_events"":720,""detectors_checked"":273827840}"
   1632256,         0,         0,   119.7,decoder_by_matrix,3c866087b289edc25e9adea730044a15db18cabfd3ae2507fc844d5b4e03657a,"{""distance"":5,""physical_error_rate"":5e-06}","{""detection_events"":4775,""detectors_checked"":277483520}"
   1623040,         0,         0,   119.7,decoder_by_matrix,3c866087b289edc25e9adea730044a15db18cabfd3ae2507fc844d5b4e03657a,"{""distance"":5,""physical_error_rate"":5e-06}","{""detection_events"":4715,""detectors_checked"":275916800}"
   1551360,         0,         0,   119.6,decoder_by_matrix,0421d486f8a041838688df650e87c0a19c3450ab7a7cc8b3dc589ebff86d1c74,"{""distance"":5,""physical_error_rate"":0.0001}","{""detection_events"":88900,""detectors_checked"":263731200}"
   1503232,         0,         0,   119.6,decoder_by_matrix,b84cf4b8ca220d31f17e1e2ea9ab927bbc4176b15682c650e7d1dd8f2758172b,"{""distance"":5,""physical_error_rate"":0.0005}","{""detection_events"":429180,""detectors_checked"":255549440}"
   1544192,         0,         0,   119.7,decoder_by_matrix,b84cf4b8ca220d31f17e1e2ea9ab927bbc4176b15682c650e7d1dd8f2758172b,"{""distance"":5,""physical_error_rate"":0.0005}","{""detection_events"":437485,""detectors_checked"":262512640}"
   1612800,         0,         0,   119.6,decoder_by_matrix,fa5edda0c1038186c8afbec49b0215a0b852396cdb50783a3f937fdf51d2afac,"{""distance"":5,""physical_error_rate"":1e-05}","{""detection_events"":9330,""detectors_checked"":274176000}"
   1527808,         0,         0,   119.5,decoder_by_matrix,9c6baee88fc81e7d1aa345fcb3feec7ee81f21c5d49cb6ca037118097d89e180,"{""distance"":5,""physical_error_rate"":5e-05}","{""detection_events"":40905,""detectors_checked"":259727360}"
   1649664,         0,         0,   119.5,decoder_by_matrix,3c866087b289edc25e9adea730044a15db18cabfd3ae2507fc844d5b4e03657a,"{""distance"":5,""physical_error_rate"":5e-06}","{""detection_events"":4460,""detectors_checked"":280442880}"
   1570816,         4,         0,   119.6,decoder_by_matrix,066a5d8d46981b593c3dec855f441edbe9e755a8873183448f69d036a2ecc650,"{""distance"":5,""physical_error_rate"":0.001}","{""detection_events"":883040,""detectors_checked"":267038720,""obs_mistake_mask=E_E_"":2,""obs_mistake_mask=E___"":1,""obs_mistake_mask=_EE_"":1}"
   1681408,         0,         0,   119.6,decoder_by_matrix,3c866087b289edc25e9adea730044a15db18cabfd3ae2507fc844d5b4e03657a,"{""distance"":5,""physical_error_rate"":5e-06}","{""detection_events"":4320,""detectors_checked"":285839360}"
   1654784,         0,         0,   119.6,decoder_by_matrix,e41ade2e4684e0396b9a3890c882b6453b515d69885aa1d89a26ce21ec554895,"{""distance"":5,""physical_error_rate"":1e-06}","{""detection_events"":970,""detectors_checked"":281313280}"
   1576960,         0,         0,   119.6,decoder_by_matrix,0421d486f8a041838688df650e87c0a19c3450ab7a7cc8b3dc589ebff86d1c74,"{""distance"":5,""physical_error_rate"":0.0001}","{""detection_events"":91915,""detectors_checked"":268083200}"
   1605632,         0,         0,   119.6,decoder_by_matrix,9c6baee88fc81e7d1aa345fcb3feec7ee81f21c5d49cb6ca037118097d89e180,"{""distance"":5,""physical_error_rate"":5e-05}","{""detection_events"":44955,""detectors_checked"":272957440}"
   1642496,         0,         0,   119.6,decoder_by_matrix,fa5edda0c1038186c8afbec49b0215a0b852396cdb50783a3f937fdf51d2afac,"{""distance"":5,""physical_error_rate"":1e-05}","{""detection_events"":9505,""detectors_checked"":279224320}"
   1580032,         0,         0,   119.7,decoder_by_matrix,b84cf4b8ca220d31f17e1e2ea9ab927bbc4176b15682c650e7d1dd8f2758172b,"{""distance"":5,""physical_error_rate"":0.0005}","{""detection_events"":447925,""detectors_checked"":268605440}"
   1566720,         0,         0,   119.6,decoder_by_matrix,b84cf4b8ca220d31f17e1e2ea9ab927bbc4176b15682c650e7d1dd8f2758172b,"{""distance"":5,""physical_error_rate"":0.0005}","{""detection_events"":443235,""detectors_checked"":266342400}"
   1543168,         5,         0,   119.6,decoder_by_matrix,066a5d8d46981b593c3dec855f441edbe9e755a8873183448f69d036a2ecc650,"{""distance"":5,""physical_error_rate"":0.001}","{""detection_events"":876145,""detectors_checked"":262338560,""obs_mistake_mask=E___"":1,""obs_mistake_mask=_EE_"":1,""obs_mistake_mask=_E__"":1,""obs_mistake_mask=___E"":2}"
   1534976,         0,         0,   119.6,decoder_by_matrix,9c6baee88fc81e7d1aa345fcb3feec7ee81f21c5d49cb6ca037118097d89e180,"{""distance"":5,""physical_error_rate"":5e-05}","{""detection_events"":43850,""detectors_checked"":260945920}"
   2089984,         0,         0,   119.5,decoder_by_matrix,9c6baee88fc81e7d1aa345fcb3feec7ee81f21c5d49cb6ca037118097d89e180,"{""distance"":5,""physical_error_rate"":5e-05}","{""detection_events"":59640,""detectors_checked"":355297280}"
   2160640,         0,         0,   119.6,decoder_by_matrix,3c866087b289edc25e9adea730044a15db18cabfd3ae2507fc844d5b4e03657a,"{""distance"":5,""physical_error_rate"":5e-06}","{""detection_events"":6335,""detectors_checked"":367308800}"
   1582080,         2,         0,   119.5,decoder_by_matrix,066a5d8d46981b593c3dec855f441edbe9e755a8873183448f69d036a2ecc650,"{""distance"":5,""physical_error_rate"":0.001}","{""detection_events"":894910,""detectors_checked"":268953600,""obs_mistake_mask=EEE_"":1,""obs_mistake_mask=EE__"":1}"
   2314240,         0,         0,   119.6,decoder_by_matrix,e41ade2e4684e0396b9a3890c882b6453b515d69885aa1d89a26ce21ec554895,"{""distance"":5,""physical_error_rate"":1e-06}","{""detection_events"":1355,""detectors_checked"":393420800}"
   1615872,         1,         0,   119.5,decoder_by_matrix,b84cf4b8ca220d31f17e1e2ea9ab927bbc4176b15682c650e7d1dd8f2758172b,"{""distance"":5,""physical_error_rate"":0.0005}","{""detection_events"":455225,""detectors_checked"":274698240,""obs_mistake_mask=E___"":1}"
   1966080,         0,         0,   119.5,decoder_by_matrix,fa5edda0c1038186c8afbec49b0215a0b852396cdb50783a3f937fdf51d2afac,"{""distance"":5,""physical_error_rate"":1e-05}","{""detection_events"":11280,""detectors_checked"":334233600}"
   1561600,         4,         0,   119.6,decoder_by_matrix,066a5d8d46981b593c3dec855f441edbe9e755a8873183448f69d036a2ecc650,"{""distance"":5,""physical_error_rate"":0.001}","{""detection_events"":884985,""detectors_checked"":265472000,""obs_mistake_mask=EEE_"":1,""obs_mistake_mask=EE_E"":1,""obs_mistake_mask=E___"":2}"
   1702912,         0,         0,   119.5,decoder_by_matrix,0421d486f8a041838688df650e87c0a19c3450ab7a7cc8b3dc589ebff86d1c74,"{""distance"":5,""physical_error_rate"":0.0001}","{""detection_events"":97515,""detectors_checked"":289495040}"
   1849344,         0,         0,   119.6,decoder_by_matrix,b84cf4b8ca220d31f17e1e2ea9ab927bbc4176b15682c650e7d1dd8f2758172b,"{""distance"":5,""physical_error_rate"":0.0005}","{""detection_events"":522180,""detectors_checked"":314388480}"
   1893376,         0,         0,   119.5,decoder_by_matrix,0421d486f8a041838688df650e87c0a19c3450ab7a7cc8b3dc589ebff86d1c74,"{""distance"":5,""physical_error_rate"":0.0001}","{""detection_events"":103685,""detectors_checked"":321873920}"
   1658880,         0,         0,   119.4,decoder_by_matrix,9c6baee88fc81e7d1aa345fcb3feec7ee81f21c5d49cb6ca037118097d89e180,"{""distance"":5,""physical_error_rate"":5e-05}","{""detection_events"":48535,""detectors_checked"":282009600}"
   1692672,         0,         0,   119.4,decoder_by_matrix,fa5edda0c1038186c8afbec49b0215a0b852396cdb50783a3f937fdf51d2afac,"{""distance"":5,""physical_error_rate"":1e-05}","{""detection_events"":9325,""detectors_checked"":287754240}"
   1681408,         0,         0,   119.5,decoder_by_matrix,3c866087b289edc25e9adea730044a15db18cabfd3ae2507fc844d5b4e03657a,"{""distance"":5,""physical_error_rate"":5e-06}","{""detection_events"":5250,""detectors_checked"":285839360}"
   1558528,         0,         0,   119.6,decoder_by_matrix,0421d486f8a041838688df650e87c0a19c3450ab7a7cc8b3dc589ebff86d1c74,"{""distance"":5,""physical_error_rate"":0.0001}","{""detection_events"":89075,""detectors_checked"":264949760}"
   1572864,         0,         0,   119.4,decoder_by_matrix,b84cf4b8ca220d31f17e1e2ea9ab927bbc4176b15682c650e7d1dd8f2758172b,"{""distance"":5,""physical_error_rate"":0.0005}","{""detection_events"":448185,""detectors_checked"":267386880}"
   1664000,         0,         0,   119.6,decoder_by_matrix,3c866087b289edc25e9adea730044a15db18cabfd3ae2507fc844d5b4e03657a,"{""distance"":5,""physical_error_rate"":5e-06}","{""detection_events"":4815,""detectors_checked"":282880000}"
   1652736,         0,         0,   119.6,decoder_by_matrix,e41ade2e4684e0396b9a3890c882b6453b515d69885aa1d89a26ce21ec554895,"{""distance"":5,""physical_error_rate"":1e-06}","{""detection_events"":1160,""detectors_checked"":280965120}"
   1671168,         0,         0,   119.5,decoder_by_matrix,e41ade2e4684e0396b9a3890c882b6453b515d69885aa1d89a26ce21ec554895,"{""distance"":5,""physical_error_rate"":1e-06}","{""detection_events"":1085,""detectors_checked"":284098560}"
   1681408,         0,         0,   119.5,decoder_by_matrix,fa5edda0c1038186c8afbec49b0215a0b852396cdb50783a3f937fdf51d2afac,"{""distance"":5,""physical_error_rate"":1e-05}","{""detection_events"":9725,""detectors_checked"":285839360}"
   1592320,         0,         0,   119.6,decoder_by_matrix,9c6baee88fc81e7d1aa345fcb3feec7ee81f21c5d49cb6ca037118097d89e180,"{""distance"":5,""physical_error_rate"":5e-05}","{""detection_events"":46330,""detectors_checked"":270694400}"
   1586176,         0,         0,   119.8,decoder_by_matrix,0421d486f8a041838688df650e87c0a19c3450ab7a7cc8b3dc589ebff86d1c74,"{""distance"":5,""physical_error_rate"":0.0001}","{""detection_events"":88690,""detectors_checked"":269649920}"
   1523712,         3,         0,   119.5,decoder_by_matrix,066a5d8d46981b593c3dec855f441edbe9e755a8873183448f69d036a2ecc650,"{""distance"":5,""physical_error_rate"":0.001}","{""detection_events"":865525,""detectors_checked"":259031040,""obs_mistake_mask=E_E_"":1,""obs_mistake_mask=_E__"":1,""obs_mistake_mask=__EE"":1}"
   1603584,         0,         0,   119.6,decoder_by_matrix,fa5edda0c1038186c8afbec49b0215a0b852396cdb50783a3f937fdf51d2afac,"{""distance"":5,""physical_error_rate"":1e-05}","{""detection_events"":9075,""detectors_checked"":272609280}"
   1635328,         0,         0,   119.6,decoder_by_matrix,e41ade2e4684e0396b9a3890c882b6453b515d69885aa1d89a26ce21ec554895,"{""distance"":5,""physical_error_rate"":1e-06}","{""detection_events"":860,""detectors_checked"":278005760}"
   8578048,        18,         0,   119.1,decoder_by_matrix,066a5d8d46981b593c3dec855f441edbe9e755a8873183448f69d036a2ecc650,"{""distance"":5,""physical_error_rate"":0.001}","{""detection_events"":4865715,""detectors_checked"":1458268160,""obs_mistake_mask=EE__"":1,""obs_mistake_mask=E__E"":1,""obs_mistake_mask=E___"":5,""obs_mistake_mask=_EEE"":1,""obs_mistake_mask=_E_E"":2,""obs_mistake_mask=_E__"":3,""obs_mistake_mask=__EE"":2,""obs_mistake_mask=__E_"":1,""obs_mistake_mask=___E"":2}"
   1518592,         0,         0,   119.7,decoder_by_matrix,0421d486f8a041838688df650e87c0a19c3450ab7a7cc8b3dc589ebff86d1c74,"{""distance"":5,""physical_error_rate"":0.0001}","{""detection_events"":88215,""detectors_checked"":258160640}"
   1613824,         0,         0,   119.6,decoder_by_matrix,e41ade2e4684e0396b9a3890c882b6453b515d69885aa1d89a26ce21ec554895,"{""distance"":5,""physical_error_rate"":1e-06}","{""detection_events"":845,""detectors_checked"":274350080}"
   1571840,         0,         0,   119.6,decoder_by_matrix,9c6baee88fc81e7d1aa345fcb3feec7ee81f21c5d49cb6ca037118097d89e180,"{""distance"":5,""physical_error_rate"":5e-05}","{""detection_events"":43165,""detectors_checked"":267212800}"
   1616896,         0,         0,   119.6,decoder_by_matrix,fa5edda0c1038186c8afbec49b0215a0b852396cdb50783a3f937fdf51d2afac,"{""distance"":5,""physical_error_rate"":1e-05}","{""detection_events"":9060,""detectors_checked"":274872320}"
   1630208,         0,         0,   119.6,decoder_by_matrix,e41ade2e4684e0396b9a3890c882b6453b515d69885aa1d89a26ce21ec554895,"{""distance"":5,""physical_error_rate"":1e-06}","{""detection_events"":890,""detectors_checked"":277135360}"
   1631232,         0,         0,   119.6,decoder_by_matrix,3c866087b289edc25e9adea730044a15db18cabfd3ae2507fc844d5b4e03657a,"{""distance"":5,""physical_error_rate"":5e-06}","{""detection_events"":4810,""detectors_checked"":277309440}"
   1635328,         0,         0,   119.6,decoder_by_matrix,3c866087b289edc25e9adea730044a15db18cabfd3ae2507fc844d5b4e03657a,"{""distance"":5,""physical_error_rate"":5e-06}","{""detection_events"":5110,""detectors_checked"":278005760}"
   1594368,         0,         0,   119.6,decoder_by_matrix,0421d486f8a041838688df650e87c0a19c3450ab7a7cc8b3dc589ebff86d1c74,"{""distance"":5,""physical_error_rate"":0.0001}","{""detection_events"":91005,""detectors_checked"":271042560}"
   1504256,         0,         0,   119.6,decoder_by_matrix,b84cf4b8ca220d31f17e1e2ea9ab927bbc4176b15682c650e7d1dd8f2758172b,"{""distance"":5,""physical_error_rate"":0.0005}","{""detection_events"":427760,""detectors_checked"":255723520}"
   1553408,         0,         0,   119.7,decoder_by_matrix,b84cf4b8ca220d31f17e1e2ea9ab927bbc4176b15682c650e7d1dd8f2758172b,"{""distance"":5,""physical_error_rate"":0.0005}","{""detection_events"":434350,""detectors_checked"":264079360}"
   1651712,         0,         0,   119.7,decoder_by_matrix,fa5edda0c1038186c8afbec49b0215a0b852396cdb50783a3f937fdf51d2afac,"{""distance"":5,""physical_error_rate"":1e-05}","{""detection_events"":9215,""detectors_checked"":280791040}"
   1555456,         0,         0,   119.5,decoder_by_matrix,3c866087b289edc25e9adea730044a15db18cabfd3ae2507fc844d5b4e03657a,"{""distance"":5,""physical_error_rate"":5e-06}","{""detection_events"":4015,""detectors_checked"":264427520}"
   1561600,         0,         0,   119.5,decoder_by_matrix,9c6baee88fc81e7d1aa345fcb3feec7ee81f21c5d49cb6ca037118097d89e180,"{""distance"":5,""physical_error_rate"":5e-05}","{""detection_events"":45690,""detectors_checked"":265472000}"
   1584128,         3,         0,   119.7,decoder_by_matrix,066a5d8d46981b593c3dec855f441edbe9e755a8873183448f69d036a2ecc650,"{""distance"":5,""physical_error_rate"":0.001}","{""detection_events"":900120,""detectors_checked"":269301760,""obs_mistake_mask=E___"":1,""obs_mistake_mask=__EE"":1,""obs_mistake_mask=___E"":1}"
   1689600,         0,         0,   119.6,decoder_by_matrix,3c866087b289edc25e9adea730044a15db18cabfd3ae2507fc844d5b4e03657a,"{""distance"":5,""physical_error_rate"":5e-06}","{""detection_events"":5340,""detectors_checked"":287232000}"
   1691648,         0,         0,   119.6,decoder_by_matrix,e41ade2e4684e0396b9a3890c882b6453b515d69885aa1d89a26ce21ec554895,"{""distance"":5,""physical_error_rate"":1e-06}","{""detection_events"":915,""detectors_checked"":287580160}"
   1528832,         0,         0,   119.7,decoder_by_matrix,0421d486f8a041838688df650e87c0a19c3450ab7a7cc8b3dc589ebff86d1c74,"{""distance"":5,""physical_error_rate"":0.0001}","{""detection_events"":89075,""detectors_checked"":259901440}"
   1579008,         0,         0,   119.6,decoder_by_matrix,9c6baee88fc81e7d1aa345fcb3feec7ee81f21c5d49cb6ca037118097d89e180,"{""distance"":5,""physical_error_rate"":5e-05}","{""detection_events"":45250,""detectors_checked"":268431360}"
   1648640,         0,         0,   119.5,decoder_by_matrix,fa5edda0c1038186c8afbec49b0215a0b852396cdb50783a3f937fdf51d2afac,"{""distance"":5,""physical_error_rate"":1e-05}","{""detection_events"":9350,""detectors_checked"":280268800}"
   1582080,         0,         0,   119.7,decoder_by_matrix,b84cf4b8ca220d31f17e1e2ea9ab927bbc4176b15682c650e7d1dd8f2758172b,"{""distance"":5,""physical_error_rate"":0.0005}","{""detection_events"":451760,""detectors_checked"":268953600}"
   1594368,         0,         0,   119.6,decoder_by_matrix,b84cf4b8ca220d31f17e1e2ea9ab927bbc4176b15682c650e7d1dd8f2758172b,"{""distance"":5,""physical_error_rate"":0.0005}","{""detection_events"":453585,""detectors_checked"":271042560}"
   1474560,         6,         0,   119.6,decoder_by_matrix,066a5d8d46981b593c3dec855f441edbe9e755a8873183448f69d036a2ecc650,"{""distance"":5,""physical_error_rate"":0.001}","{""detection_events"":832195,""detectors_checked"":250675200,""obs_mistake_mask=EE__"":1,""obs_mistake_mask=E___"":3,""obs_mistake_mask=_EEE"":1,""obs_mistake_mask=___E"":1}"
   1568768,         0,         0,   119.7,decoder_by_matrix,9c6baee88fc81e7d1aa345fcb3feec7ee81f21c5d49cb6ca037118097d89e180,"{""distance"":5,""physical_error_rate"":5e-05}","{""detection_events"":44100,""detectors_checked"":266690560}"
   2007040,         0,         0,   119.6,decoder_by_matrix,9c6baee88fc81e7d1aa345fcb3feec7ee81f21c5d49cb6ca037118097d89e180,"{""distance"":5,""physical_error_rate"":5e-05}","{""detection_events"":55940,""detectors_checked"":341196800}"
   2355200,         0,         0,   119.6,decoder_by_matrix,3c866087b289edc25e9adea730044a15db18cabfd3ae2507fc844d5b4e03657a,"{""distance"":5,""physical_error_rate"":5e-06}","{""detection_events"":6075,""detectors_checked"":400384000}"
   1581056,         3,         0,   119.5,decoder_by_matrix,066a5d8d46981b593c3dec855f441edbe9e755a8873183448f69d036a2ecc650,"{""distance"":5,""physical_error_rate"":0.001}","{""detection_events"":893705,""detectors_checked"":268779520,""obs_mistake_mask=E___"":1,""obs_mistake_mask=__E_"":1,""obs_mistake_mask=___E"":1}"
   2434048,         0,         0,   119.7,decoder_by_matrix,e41ade2e4684e0396b9a3890c882b6453b515d69885aa1d89a26ce21ec554895,"{""distance"":5,""physical_error_rate"":1e-06}","{""detection_events"":1950,""detectors_checked"":413788160}"
   1586176,         0,         0,   119.6,decoder_by_matrix,b84cf4b8ca220d31f17e1e2ea9ab927bbc4176b15682c650e7d1dd8f2758172b,"{""distance"":5,""physical_error_rate"":0.0005}","{""detection_events"":447240,""detectors_checked"":269649920}"
   2171904,         0,         0,   119.5,decoder_by_matrix,fa5edda0c1038186c8afbec49b0215a0b852396cdb50783a3f937fdf51d2afac,"{""distance"":5,""physical_error_rate"":1e-05}","{""detection_events"":13085,""detectors_checked"":369223680}"
   1610752,         3,         0,   119.6,decoder_by_matrix,066a5d8d46981b593c3dec855f441edbe9e755a8873183448f69d036a2ecc650,"{""distance"":5,""physical_error_rate"":0.001}","{""detection_events"":920260,""detectors_checked"":273827840,""obs_mistake_mask=_EE_"":1,""obs_mistake_mask=__EE"":1,""obs_mistake_mask=___E"":1}"
   1623040,         0,         0,   119.6,decoder_by_matrix,0421d486f8a041838688df650e87c0a19c3450ab7a7cc8b3dc589ebff86d1c74,"{""distance"":5,""physical_error_rate"":0.0001}","{""detection_events"":92870,""detectors_checked"":275916800}"
   1838080,         0,         0,   119.5,decoder_by_matrix,b84cf4b8ca220d31f17e1e2ea9ab927bbc4176b15682c650e7d1dd8f2758172b,"{""distance"":5,""physical_error_rate"":0.0005}","{""detection_events"":521530,""detectors_checked"":312473600}"
   1949696,         0,         0,   119.6,decoder_by_matrix,0421d486f8a041838688df650e87c0a19c3450ab7a7cc8b3dc589ebff86d1c74,"{""distance"":5,""physical_error_rate"":0.0001}","{""detection_events"":111775,""detectors_checked"":331448320}"
   1682432,         0,         0,   119.6,decoder_by_matrix,9c6baee88fc81e7d1aa345fcb3feec7ee81f21c5d49cb6ca037118097d89e180,"{""distance"":5,""physical_error_rate"":5e-05}","{""detection_events"":48265,""detectors_checked"":286013440}"
   1669120,         0,         0,   119.6,decoder_by_matrix,fa5edda0c1038186c8afbec49b0215a0b852396cdb50783a3f937fdf51d2afac,"{""distance"":5,""physical_error_rate"":1e-05}","{""detection_events"":8720,""detectors_checked"":283750400}"
   1630208,         0,         0,   119.7,decoder_by_matrix,3c866087b289edc25e9adea730044a15db18cabfd3ae2507fc844d5b4e03657a,"{""distance"":5,""physical_error_rate"":5e-06}","{""detection_events"":4325,""detectors_checked"":277135360}"
   1568768,         0,         0,   119.6,decoder_by_matrix,b84cf4b8ca220d31f17e1e2ea9ab927bbc4176b15682c650e7d1dd8f2758172b,"{""distance"":5,""physical_error_rate"":0.0005}","{""detection_events"":452110,""detectors_checked"":266690560}"
   1576960,         0,         0,   119.5,decoder_by_matrix,0421d486f8a041838688df650e87c0a19c3450ab7a7cc8b3dc589ebff86d1c74,"{""distance"":5,""physical_error_rate"":0.0001}","{""detection_events"":90310,""detectors_checked"":268083200}"
   1652736,         0,         0,   119.4,decoder_by_matrix,e41ade2e4684e0396b9a3890c882b6453b515d69885aa1d89a26ce21ec554895,"{""distance"":5,""physical_error_rate"":1e-06}","{""detection_events"":1230,""detectors_checked"":280965120}"
   1646592,         0,         0,   119.6,decoder_by_matrix,3c866087b289edc25e9adea730044a15db18cabfd3ae2507fc844d5b4e03657a,"{""distance"":5,""physical_error_rate"":5e-06}","{""detection_events"":4550,""detectors_checked"":279920640}"
   1666048,         0,         0,   119.7,decoder_by_matrix,e41ade2e4684e0396b9a3890c882b6453b515d69885aa1d89a26ce21ec554895,"{""distance"":5,""physical_error_rate"":1e-06}","{""detection_events"":725,""detectors_checked"":283228160}"
   1668096,         0,         0,   119.7,decoder_by_matrix,fa5edda0c1038186c8afbec49b0215a0b852396cdb50783a3f937fdf51d2afac,"{""distance"":5,""physical_error_rate"":1e-05}","{""detection_events"":9260,""detectors_checked"":283576320}"
   1600512,         0,         0,   119.6,decoder_by_matrix,9c6baee88fc81e7d1aa345fcb3feec7ee81f21c5d49cb6ca037118097d89e180,"{""distance"":5,""physical_error_rate"":5e-05}","{""detection_events"":44780,""detectors_checked"":272087040}"
   1571840,         0,         0,   119.6,decoder_by_matrix,0421d486f8a041838688df650e87c0a19c3450ab7a7cc8b3dc589ebff86d1c74,"{""distance"":5,""physical_error_rate"":0.0001}","{""detection_events"":89210,""detectors_checked"":267212800}"
   1474560,         4,         0,   119.6,decoder_by_matrix,066a5d8d46981b593c3dec855f441edbe9e755a8873183448f69d036a2ecc650,"{""distance"":5,""physical_error_rate"":0.001}","{""detection_events"":837595,""detectors_checked"":250675200,""obs_mistake_mask=EE_E"":1,""obs_mistake_mask=EE__"":1,""obs_mistake_mask=_EEE"":1,""obs_mistake_mask=___E"":1}"
   1571840,         0,         0,   119.6,decoder_by_matrix,fa5edda0c1038186c8afbec49b0215a0b852396cdb50783a3f937fdf51d2afac,"{""distance"":5,""physical_error_rate"":1e-05}","{""detection_events"":8940,""detectors_checked"":267212800}"
   1556480,         0,         0,   119.7,decoder_by_matrix,e41ade2e4684e0396b9a3890c882b6453b515d69885aa1d89a26ce21ec554895,"{""distance"":5,""physical_error_rate"":1e-06}","{""detection_events"":875,""detectors_checked"":264601600}"
   7380992,        13,         0,   119.0,decoder_by_matrix,066a5d8d46981b593c3dec855f441edbe9e755a8873183448f69d036a2ecc650,"{""distance"":5,""physical_error_rate"":0.001}","{""detection_events"":4199085,""detectors_checked"":1254768640,""obs_mistake_mask=EE__"":1,""obs_mistake_mask=E_EE"":1,""obs_mistake_mask=E_E_"":2,""obs_mistake_mask=_EE_"":1,""obs_mistake_mask=_E__"":1,""obs_mistake_mask=__EE"":1,""obs_mistake_mask=__E_"":3,""obs_mistake_mask=___E"":3}"
   1463296,         0,         0,   119.6,decoder_by_matrix,0421d486f8a041838688df650e87c0a19c3450ab7a7cc8b3dc589ebff86d1c74,"{""distance"":5,""physical_error_rate"":0.0001}","{""detection_events"":85555,""detectors_checked"":248760320}"
   1555456,         0,         0,   119.5,decoder_by_matrix,e41ade2e4684e0396b9a3890c882b6453b515d69885aa1d89a26ce21ec554895,"{""distance"":5,""physical_error_rate"":1e-06}","{""detection_events"":1100,""detectors_checked"":264427520}"
   1498112,         0,         0,   119.5,decoder_by_matrix,9c6baee88fc81e7d1aa345fcb3feec7ee81f21c5d49cb6ca037118097d89e180,"{""distance"":5,""physical_error_rate"":5e-05}","{""detection_events"":41885,""detectors_checked"":254679040}"
   1674240,         0,         0,   119.6,decoder_by_matrix,fa5edda0c1038186c8afbec49b0215a0b852396cdb50783a3f937fdf51d2afac,"{""distance"":5,""physical_error_rate"":1e-05}","{""detection_events"":9435,""detectors_checked"":284620800}"
   1703936,         0,         0,   119.5,decoder_by_matrix,e41ade2e4684e0396b9a3890c882b6453b515d69885aa1d89a26ce21ec554895,"{""distance"":5,""physical_error_rate"":1e-06}","{""detection_events"":955,""detectors_checked"":289669120}"
   1701888,         0,         0,   119.7,decoder_by_matrix,3c866087b289edc25e9adea730044a15db18cabfd3ae2507fc844d5b4e03657a,"{""distance"":5,""physical_error_rate"":5e-06}","{""detection_events"":4925,""detectors_checked"":289320960}"
   1598464,         0,         0,   119.4,decoder_by_matrix,0421d486f8a041838688df650e87c0a19c3450ab7a7cc8b3dc589ebff86d1c74,"{""distance"":5,""physical_error_rate"":0.0001}","{""detection_events"":90515,""detectors_checked"":271738880}"
   1599488,         0,         0,   119.6,decoder_by_matrix,3c866087b289edc25e9adea730044a15db18cabfd3ae2507fc844d5b4e03657a,"{""distance"":5,""physical_error_rate"":5e-06}","{""detection_events"":4515,""detectors_checked"":271912960}"
   1565696,         2,         0,   119.5,decoder_by_matrix,b84cf4b8ca220d31f17e1e2ea9ab927bbc4176b15682c650e7d1dd8f2758172b,"{""distance"":5,""physical_error_rate"":0.0005}","{""detection_events"":443350,""detectors_checked"":266168320,""obs_mistake_mask=E___"":1,""obs_mistake_mask=_EE_"":1}"
   1552384,         0,         0,   119.7,decoder_by_matrix,b84cf4b8ca220d31f17e1e2ea9ab927bbc4176b15682c650e7d1dd8f2758172b,"{""distance"":5,""physical_error_rate"":0.0005}","{""detection_events"":437495,""detectors_checked"":263905280}"
   1634304,         0,         0,   119.6,decoder_by_matrix,fa5edda0c1038186c8afbec49b0215a0b852396cdb50783a3f937fdf51d2afac,"{""distance"":5,""physical_error_rate"":1e-05}","{""detection_events"":8960,""detectors_checked"":277831680}"
   1541120,         0,         0,   119.5,decoder_by_matrix,3c866087b289edc25e9adea730044a15db18cabfd3ae2507fc844d5b4e03657a,"{""distance"":5,""physical_error_rate"":5e-06}","{""detection_events"":4195,""detectors_checked"":261990400}"
   1523712,         0,         0,   119.6,decoder_by_matrix,9c6baee88fc81e7d1aa345fcb3feec7ee81f21c5d49cb6ca037118097d89e180,"{""distance"":5,""physical_error_rate"":5e-05}","{""detection_events"":43540,""detectors_checked"":259031040}"
   1565696,         4,         0,   119.5,decoder_by_matrix,066a5d8d46981b593c3dec855f441edbe9e755a8873183448f69d036a2ecc650,"{""distance"":5,""physical_error_rate"":0.001}","{""detection_events"":889170,""detectors_checked"":266168320,""obs_mistake_mask=EE__"":2,""obs_mistake_mask=E___"":1,""obs_mistake_mask=__E_"":1}"
   1650688,         0,         0,   119.6,decoder_by_matrix,3c866087b289edc25e9adea730044a15db18cabfd3ae2507fc844d5b4e03657a,"{""distance"":5,""physical_error_rate"":5e-06}","{""detection_events"":5190,""detectors_checked"":280616960}"
   1601536,         0,         0,   119.6,decoder_by_matrix,e41ade2e4684e0396b9a3890c882b6453b515d69885aa1d89a26ce21ec554895,"{""distance"":5,""physical_error_rate"":1e-06}","{""detection_events"":1245,""detectors_checked"":272261120}"
   1536000,         0,         0,   119.6,decoder_by_matrix,0421d486f8a041838688df650e87c0a19c3450ab7a7cc8b3dc589ebff86d1c74,"{""distance"":5,""physical_error_rate"":0.0001}","{""detection_events"":86850,""detectors_checked"":261120000}"
   1582080,         0,         0,   119.6,decoder_by_matrix,9c6baee88fc81e7d1aa345fcb3feec7ee81f21c5d49cb6ca037118097d89e180,"{""distance"":5,""physical_error_rate"":5e-05}","{""detection_events"":46690,""detectors_checked"":268953600}"
   1575936,         0,         0,   119.4,decoder_by_matrix,fa5edda0c1038186c8afbec49b0215a0b852396cdb50783a3f937fdf51d2afac,"{""distance"":5,""physical_error_rate"":1e-05}","{""detection_events"":8580,""detectors_checked"":267909120}"
   1537024,         2,         0,   119.5,decoder_by_matrix,b84cf4b8ca220d31f17e1e2ea9ab927bbc4176b15682c650e7d1dd8f2758172b,"{""distance"":5,""physical_error_rate"":0.0005}","{""detection_events"":435830,""detectors_checked"":261294080,""obs_mistake_mask=_EE_"":2}"
   1564672,         0,         0,   119.6,decoder_by_matrix,b84cf4b8ca220d31f17e1e2ea9ab927bbc4176b15682c650e7d1dd8f2758172b,"{""distance"":5,""physical_error_rate"":0.0005}","{""detection_events"":447735,""detectors_checked"":265994240}"
   1482752,         2,         0,   119.6,decoder_by_matrix,066a5d8d46981b593c3dec855f441edbe9e755a8873183448f69d036a2ecc650,"{""distance"":5,""physical_error_rate"":0.001}","{""detection_events"":837830,""detectors_checked"":252067840,""obs_mistake_mask=EE_E"":1,""obs_mistake_mask=___E"":1}"
   1549312,         0,         0,   119.6,decoder_by_matrix,9c6baee88fc81e7d1aa345fcb3feec7ee81f21c5d49cb6ca037118097d89e180,"{""distance"":5,""physical_error_rate"":5e-05}","{""detection_events"":44330,""detectors_checked"":263383040}"
   2151424,         0,         0,   119.6,decoder_by_matrix,9c6baee88fc81e7d1aa345fcb3feec7ee81f21c5d49cb6ca037118097d89e180,"{""distance"":5,""physical_error_rate"":5e-05}","{""detection_events"":63060,""detectors_checked"":365742080}"
   2411520,         0,         0,   119.7,decoder_by_matrix,3c866087b289edc25e9adea730044a15db18cabfd3ae2507fc844d5b4e03657a,"{""distance"":5,""physical_error_rate"":5e-06}","{""detection_events"":6910,""detectors_checked"":409958400}"
   1549312,         3,         0,   119.7,decoder_by_matrix,066a5d8d46981b593c3dec855f441edbe9e755a8873183448f69d036a2ecc650,"{""distance"":5,""physical_error_rate"":0.001}","{""detection_events"":881560,""detectors_checked"":263383040,""obs_mistake_mask=E_E_"":1,""obs_mistake_mask=E___"":1,""obs_mistake_mask=_E_E"":1}"
   2359296,         0,         0,   119.6,decoder_by_matrix,e41ade2e4684e0396b9a3890c882b6453b515d69885aa1d89a26ce21ec554895,"{""distance"":5,""physical_error_rate"":1e-06}","{""detection_events"":950,""detectors_checked"":401080320}"
   1604608,         0,         0,   119.5,decoder_by_matrix,b84cf4b8ca220d31f17e1e2ea9ab927bbc4176b15682c650e7d1dd8f2758172b,"{""distance"":5,""physical_error_rate"":0.0005}","{""detection_events"":459290,""detectors_checked"":272783360}"
   2404352,         0,         0,   119.6,decoder_by_matrix,fa5edda0c1038186c8afbec49b0215a0b852396cdb50783a3f937fdf51d2afac,"{""distance"":5,""physical_error_rate"":1e-05}","{""detection_events"":14100,""detectors_checked"":408739840}"
   1556480,         3,         0,   119.7,decoder_by_matrix,066a5d8d46981b593c3dec855f441edbe9e755a8873183448f69d036a2ecc650,"{""distance"":5,""physical_error_rate"":0.001}","{""detection_events"":882060,""detectors_checked"":264601600,""obs_mistake_mask=__E_"":1,""obs_mistake_mask=___E"":2}"
   1648640,         0,         0,   119.6,decoder_by_matrix,0421d486f8a041838688df650e87c0a19c3450ab7a7cc8b3dc589ebff86d1c74,"{""distance"":5,""physical_error_rate"":0.0001}","{""detection_events"":94900,""detectors_checked"":280268800}"
   2052096,         1,         0,   119.6,decoder_by_matrix,b84cf4b8ca220d31f17e1e2ea9ab927bbc4176b15682c650e7d1dd8f2758172b,"{""distance"":5,""physical_error_rate"":0.0005}","{""detection_events"":588675,""detectors_checked"":348856320,""obs_mistake_mask=E___"":1}"
   1920000,         0,         0,   119.5,decoder_by_matrix,0421d486f8a041838688df650e87c0a19c3450ab7a7cc8b3dc589ebff86d1c74,"{""distance"":5,""physical_error_rate"":0.0001}","{""detection_events"":112190,""detectors_checked"":326400000}"
   1668096,         0,         0,   119.5,decoder_by_matrix,9c6baee88fc81e7d1aa345fcb3feec7ee81f21c5d49cb6ca037118097d89e180,"{""distance"":5,""physical_error_rate"":5e-05}","{""detection_events"":44310,""detectors_checked"":283576320}"
   1619968,         0,         0,   119.5,decoder_by_matrix,fa5edda0c1038186c8afbec49b0215a0b852396cdb50783a3f937fdf51d2afac,"{""distance"":5,""physical_error_rate"":1e-05}","{""detection_events"":9920,""detectors_checked"":275394560}"
   1610752,         0,         0,   119.5,decoder_by_matrix,3c866087b289edc25e9adea730044a15db18cabfd3ae2507fc844d5b4e03657a,"{""distance"":5,""physical_error_rate"":5e-06}","{""detection_events"":4545,""detectors_checked"":273827840}"
   1590272,         0,         0,   119.5,decoder_by_matrix,b84cf4b8ca220d31f17e1e2ea9ab927bbc4176b15682c650e7d1dd8f2758172b,"{""distance"":5,""physical_error_rate"":0.0005}","{""detection_events"":451275,""detectors_checked"":270346240}"
   1678336,         0,         0,   119.5,decoder_by_matrix,e41ade2e4684e0396b9a3890c882b6453b515d69885aa1d89a26ce21ec554895,"{""distance"":5,""physical_error_rate"":1e-06}","{""detection_events"":990,""detectors_checked"":285317120}"
   1470464,         0,         0,   119.6,decoder_by_matrix,0421d486f8a041838688df650e87c0a19c3450ab7a7cc8b3dc589ebff86d1c74,"{""distance"":5,""physical_error_rate"":0.0001}","{""detection_events"":80710,""detectors_checked"":249978880}"
   1694720,         0,         0,   119.6,decoder_by_matrix,3c866087b289edc25e9adea730044a15db18cabfd3ae2507fc844d5b4e03657a,"{""distance"":5,""physical_error_rate"":5e-06}","{""detection_events"":4690,""detectors_checked"":288102400}"
   1641472,         0,         0,   119.6,decoder_by_matrix,e41ade2e4684e0396b9a3890c882b6453b515d69885aa1d89a26ce21ec554895,"{""distance"":5,""physical_error_rate"":1e-06}","{""detection_events"":870,""detectors_checked"":279050240}"
   1689600,         0,         0,   119.7,decoder_by_matrix,fa5edda0c1038186c8afbec49b0215a0b852396cdb50783a3f937fdf51d2afac,"{""distance"":5,""physical_error_rate"":1e-05}","{""detection_events"":9340,""detectors_checked"":287232000}"
   1624064,         0,         0,   119.5,decoder_by_matrix,9c6baee88fc81e7d1aa345fcb3feec7ee81f21c5d49cb6ca037118097d89e180,"{""distance"":5,""physical_error_rate"":5e-05}","{""detection_events"":45295,""detectors_checked"":276090880}"
   1587200,         0,         0,   119.6,decoder_by_matrix,0421d486f8a041838688df650e87c0a19c3450ab7a7cc8b3dc589ebff86d1c74,"{""distance"":5,""physical_error_rate"":0.0001}","{""detection_events"":90855,""detectors_checked"":269824000}"
   1494016,         4,         0,   119.7,decoder_by_matrix,066a5d8d46981b593c3dec855f441edbe9e755a8873183448f69d036a2ecc650,"{""distance"":5,""physical_error_rate"":0.001}","{""detection_events"":848940,""detectors_checked"":253982720,""obs_mistake_mask=E___"":2,""obs_mistake_mask=__EE"":2}"
   1529856,         0,         0,   119.5,decoder_by_matrix,fa5edda0c1038186c8afbec49b0215a0b852396cdb50783a3f937fdf51d2afac,"{""distance"":5,""physical_error_rate"":1e-05}","{""detection_events"":9040,""detectors_checked"":260075520}"
   1641472,         0,         0,   119.6,decoder_by_matrix,e41ade2e4684e0396b9a3890c882b6453b515d69885aa1d89a26ce21ec554895,"{""distance"":5,""physical_error_rate"":1e-06}","{""detection_events"":845,""detectors_checked"":279050240}"
   7739392,        10,         0,   119.0,decoder_by_matrix,066a5d8d46981b593c3dec855f441edbe9e755a8873183448f69d036a2ecc650,"{""distance"":5,""physical_error_rate"":0.001}","{""detection_events"":4383245,""detectors_checked"":1315696640,""obs_mistake_mask=E_EE"":1,""obs_mistake_mask=E__E"":1,""obs_mistake_mask=E___"":2,""obs_mistake_mask=_EEE"":1,""obs_mistake_mask=_E_E"":1,""obs_mistake_mask=_E__"":3,""obs_mistake_mask=__EE"":1}"
   1495040,         0,         0,   119.6,decoder_by_matrix,0421d486f8a041838688df650e87c0a19c3450ab7a7cc8b3dc589ebff86d1c74,"{""distance"":5,""physical_error_rate"":0.0001}","{""detection_events"":83905,""detectors_checked"":254156800}"
   1569792,         0,         0,   119.6,decoder_by_matrix,e41ade2e4684e0396b9a3890c882b6453b515d69885aa1d89a26ce21ec554895,"{""distance"":5,""physical_error_rate"":1e-06}","{""detection_events"":1070,""detectors_checked"":266864640}"
   1519616,         0,         0,   119.6,decoder_by_matrix,9c6baee88fc81e7d1aa345fcb3feec7ee81f21c5d49cb6ca037118097d89e180,"{""distance"":5,""physical_error_rate"":5e-05}","{""detection_events"":42835,""detectors_checked"":258334720}"
   1641472,         0,         0,   119.6,decoder_by_matrix,fa5edda0c1038186c8afbec49b0215a0b852396cdb50783a3f937fdf51d2afac,"{""distance"":5,""physical_error_rate"":1e-05}","{""detection_events"":9360,""detectors_checked"":279050240}"
   1682432,         0,         0,   119.4,decoder_by_matrix,e41ade2e4684e0396b9a3890c882b6453b515d69885aa1d89a26ce21ec554895,"{""distance"":5,""physical_error_rate"":1e-06}","{""detection_events"":1025,""detectors_checked"":286013440}"
   1698816,         0,         0,   119.6,decoder_by_matrix,3c866087b289edc25e9adea730044a15db18cabfd3ae2507fc844d5b4e03657a,"{""distance"":5,""physical_error_rate"":5e-06}","{""detection_events"":4890,""detectors_checked"":288798720}"
   1599488,         0,         0,   119.6,decoder_by_matrix,0421d486f8a041838688df650e87c0a19c3450ab7a7cc8b3dc589ebff86d1c74,"{""distance"":5,""physical_error_rate"":0.0001}","{""detection_events"":90255,""detectors_checked"":271912960}"
   1566720,         0,         0,   119.7,decoder_by_matrix,3c866087b289edc25e9adea730044a15db18cabfd3ae2507fc844d5b4e03657a,"{""distance"":5,""physical_error_rate"":5e-06}","{""detection_events"":4825,""detectors_checked"":266342400}"
   1523712,         0,         0,   119.7,decoder_by_matrix,b84cf4b8ca220d31f17e1e2ea9ab927bbc4176b15682c650e7d1dd8f2758172b,"{""distance"":5,""physical_error_rate"":0.0005}","{""detection_events"":434520,""detectors_checked"":259031040}"
   1514496,         0,         0,   119.6,decoder_by_matrix,b84cf4b8ca220d31f17e1e2ea9ab927bbc4176b15682c650e7d1dd8f2758172b,"{""distance"":5,""physical_error_rate"":0.0005}","{""detection_events"":430320,""detectors_checked"":257464320}"
   1585152,         0,         0,   119.7,decoder_by_matrix,fa5edda0c1038186c8afbec49b0215a0b852396cdb50783a3f937fdf51d2afac,"{""distance"":5,""physical_error_rate"":1e-05}","{""detection_events"":8625,""detectors_checked"":269475840}"
   1577984,         0,         0,   119.6,decoder_by_matrix,3c866087b289edc25e9adea730044a15db18cabfd3ae2507fc844d5b4e03657a,"{""distance"":5,""physical_error_rate"":5e-06}","{""detection_events"":5420,""detectors_checked"":268257280}"
   1514496,         0,         0,   119.5,decoder_by_matrix,9c6baee88fc81e7d1aa345fcb3feec7ee81f21c5d49cb6ca037118097d89e180,"{""distance"":5,""physical_error_rate"":5e-05}","{""detection_events"":42395,""detectors_checked"":257464320}"
   1550336,         1,         0,   119.7,decoder_by_matrix,066a5d8d46981b593c3dec855f441edbe9e755a8873183448f69d036a2ecc650,"{""distance"":5,""physical_error_rate"":0.001}","{""detection_events"":880455,""detectors_checked"":263557120,""obs_mistake_mask=E___"":1}"
   1697792,         0,         0,   119.6,decoder_by_matrix,3c866087b289edc25e9adea730044a15db18cabfd3ae2507fc844d5b4e03657a,"{""distance"":5,""physical_error_rate"":5e-06}","{""detection_events"":4920,""detectors_checked"":288624640}"
   1655808,         0,         0,   119.6,decoder_by_matrix,e41ade2e4684e0396b9a3890c882b6453b515d69885aa1d89a26ce21ec554895,"{""distance"":5,""physical_error_rate"":1e-06}","{""detection_events"":835,""detectors_checked"":281487360}"
   1579008,         0,         0,   119.7,decoder_by_matrix,0421d486f8a041838688df650e87c0a19c3450ab7a7cc8b3dc589ebff86d1c74,"{""distance"":5,""physical_error_rate"":0.0001}","{""detection_events"":91325,""detectors_checked"":268431360}"
   1572864,         0,         0,   119.6,decoder_by_matrix,9c6baee88fc81e7d1aa345fcb3feec7ee81f21c5d49cb6ca037118097d89e180,"{""distance"":5,""physical_error_rate"":5e-05}","{""detection_events"":42575,""detectors_checked"":267386880}"
   1583104,         0,         0,   119.6,decoder_by_matrix,fa5edda0c1038186c8afbec49b0215a0b852396cdb50783a3f937fdf51d2afac,"{""distance"":5,""physical_error_rate"":1e-05}","{""detection_events"":8475,""detectors_checked"":269127680}"
   1585152,         0,         0,   119.5,decoder_by_matrix,b84cf4b8ca220d31f17e1e2ea9ab927bbc4176b15682c650e7d1dd8f2758172b,"{""distance"":5,""physical_error_rate"":0.0005}","{""detection_events"":452515,""detectors_checked"":269475840}"
   1579008,         1,         0,   119.5,decoder_by_matrix,b84cf4b8ca220d31f17e1e2ea9ab927bbc4176b15682c650e7d1dd8f2758172b,"{""distance"":5,""physical_error_rate"":0.0005}","{""detection_events"":444400,""detectors_checked"":268431360,""obs_mistake_mask=E___"":1}"
   1552384,         7,         0,   119.5,decoder_by_matrix,066a5d8d46981b593c3dec855f441edbe9e755a8873183448f69d036a2ecc650,"{""distance"":5,""physical_error_rate"":0.001}","{""detection_events"":881310,""detectors_checked"":263905280,""obs_mistake_mask=EE_E"":1,""obs_mistake_mask=E__E"":1,""obs_mistake_mask=E___"":1,""obs_mistake_mask=__EE"":1,""obs_mistake_mask=__E_"":2,""obs_mistake_mask=___E"":1}"
   1515520,         0,         0,   119.6,decoder_by_matrix,9c6baee88fc81e7d1aa345fcb3feec7ee81f21c5d49cb6ca037118097d89e180,"{""distance"":5,""physical_error_rate"":5e-05}","{""detection_events"":42190,""detectors_checked"":257638400}"
   1964032,         0,         0,   119.7,decoder_by_matrix,9c6baee88fc81e7d1aa345fcb3feec7ee81f21c5d49cb6ca037118097d89e180,"{""distance"":5,""physical_error_rate"":5e-05}","{""detection_events"":55685,""detectors_checked"":333885440}"
   2438144,         0,         0,   119.6,decoder_by_matrix,3c866087b289edc25e9adea730044a15db18cabfd3ae2507fc844d5b4e03657a,"{""distance"":5,""physical_error_rate"":5e-06}","{""detection_events"":7040,""detectors_checked"":414484480}"
   1576960,         3,         0,   119.6,decoder_by_matrix,066a5d8d46981b593c3dec855f441edbe9e755a8873183448f69d036a2ecc650,"{""distance"":5,""physical_error_rate"":0.001}","{""detection_events"":885190,""detectors_checked"":268083200,""obs_mistake_mask=E__E"":1,""obs_mistake_mask=E___"":1,""obs_mistake_mask=_E__"":1}"
   2500608,         0,         0,   119.6,decoder_by_matrix,e41ade2e4684e0396b9a3890c882b6453b515d69885aa1d89a26ce21ec554895,"{""distance"":5,""physical_error_rate"":1e-06}","{""detection_events"":1540,""detectors_checked"":425103360}"
   1558528,         0,         0,   119.6,decoder_by_matrix,b84cf4b8ca220d31f17e1e2ea9ab927bbc4176b15682c650e7d1dd8f2758172b,"{""distance"":5,""physical_error_rate"":0.0005}","{""detection_events"":446075,""detectors_checked"":264949760}"
   2163712,         0,         0,   119.6,decoder_by_matrix,fa5edda0c1038186c8afbec49b0215a0b852396cdb50783a3f937fdf51d2afac,"{""distance"":5,""physical_error_rate"":1e-05}","{""detection_events"":13155,""detectors_checked"":367831040}"
   1565696,         1,         0,   119.5,decoder_by_matrix,066a5d8d46981b593c3dec855f441edbe9e755a8873183448f69d036a2ecc650,"{""distance"":5,""physical_error_rate"":0.001}","{""detection_events"":886955,""detectors_checked"":266168320,""obs_mistake_mask=__EE"":1}"
   1639424,         0,         0,   119.6,decoder_by_matrix,0421d486f8a041838688df650e87c0a19c3450ab7a7cc8b3dc589ebff86d1c74,"{""distance"":5,""physical_error_rate"":0.0001}","{""detection_events"":90080,""detectors_checked"":278702080}"
   1726464,         0,         0,   119.6,decoder_by_matrix,b84cf4b8ca220d31f17e1e2ea9ab927bbc4176b15682c650e7d1dd8f2758172b,"{""distance"":5,""physical_error_rate"":0.0005}","{""detection_events"":489720,""detectors_checked"":293498880}"
   2022400,         0,         0,   119.6,decoder_by_matrix,0421d486f8a041838688df650e87c0a19c3450ab7a7cc8b3dc589ebff86d1c74,"{""distance"":5,""physical_error_rate"":0.0001}","{""detection_events"":113315,""detectors_checked"":343808000}"
   1615872,         0,         0,   119.6,decoder_by_matrix,9c6baee88fc81e7d1aa345fcb3feec7ee81f21c5d49cb6ca037118097d89e180,"{""distance"":5,""physical_error_rate"":5e-05}","{""detection_events"":47710,""detectors_checked"":274698240}"
   1632256,         0,         0,   119.6,decoder_by_matrix,fa5edda0c1038186c8afbec49b0215a0b852396cdb50783a3f937fdf51d2afac,"{""distance"":5,""physical_error_rate"":1e-05}","{""detection_events"":9085,""detectors_checked"":277483520}"
   1619968,         0,         0,   119.6,decoder_by_matrix,3c866087b289edc25e9adea730044a15db18cabfd3ae2507fc844d5b4e03657a,"{""distance"":5,""physical_error_rate"":5e-06}","{""detection_events"":5080,""detectors_checked"":275394560}"
   1607680,         0,         0,   119.6,decoder_by_matrix,b84cf4b8ca220d31f17e1e2ea9ab927bbc4176b15682c650e7d1dd8f2758172b,"{""distance"":5,""physical_error_rate"":0.0005}","{""detection_events"":453865,""detectors_checked"":273305600}"
   1650688,         0,         0,   119.7,decoder_by_matrix,e41ade2e4684e0396b9a3890c882b6453b515d69885aa1d89a26ce21ec554895,"{""distance"":5,""physical_error_rate"":1e-06}","{""detection_events"":1140,""detectors_checked"":280616960}"
   1498112,         0,         0,   119.6,decoder_by_matrix,0421d486f8a041838688df650e87c0a19c3450ab7a7cc8b3dc589ebff86d1c74,"{""distance"":5,""physical_error_rate"":0.0001}","{""detection_events"":86905,""detectors_checked"":254679040}"
   1676288,         0,         0,   119.7,decoder_by_matrix,3c866087b289edc25e9adea730044a15db18cabfd3ae2507fc844d5b4e03657a,"{""distance"":5,""physical_error_rate"":5e-06}","{""detection_events"":4740,""detectors_checked"":284968960}"
   1641472,         0,         0,   119.6,decoder_by_matrix,e41ade2e4684e0396b9a3890c882b6453b515d69885aa1d89a26ce21ec554895,"{""distance"":5,""physical_error_rate"":1e-06}","{""detection_events"":920,""detectors_checked"":279050240}"
   1640448,         0,         0,   119.6,decoder_by_matrix,fa5edda0c1038186c8afbec49b0215a0b852396cdb50783a3f937fdf51d2afac,"{""distance"":5,""physical_error_rate"":1e-05}","{""detection_events"":10070,""detectors_checked"":278876160}"
   1594368,         0,         0,   119.6,decoder_by_matrix,0421d486f8a041838688df650e87c0a19c3450ab7a7cc8b3dc589ebff86d1c74,"{""distance"":5,""physical_error_rate"":0.0001}","{""detection_events"":88925,""detectors_checked"":271042560}"
   1614848,         0,         0,   119.6,decoder_by_matrix,9c6baee88fc81e7d1aa345fcb3feec7ee81f21c5d49cb6ca037118097d89e180,"{""distance"":5,""physical_error_rate"":5e-05}","{""detection_events"":45205,""detectors_checked"":274524160}"
   1538048,         2,         0,   119.6,decoder_by_matrix,066a5d8d46981b593c3dec855f441edbe9e755a8873183448f69d036a2ecc650,"{""distance"":5,""physical_error_rate"":0.001}","{""detection_events"":880785,""detectors_checked"":261468160,""obs_mistake_mask=E_E_"":1,""obs_mistake_mask=E___"":1}"
   1615872,         0,         0,   119.6,decoder_by_matrix,fa5edda0c1038186c8afbec49b0215a0b852396cdb50783a3f937fdf51d2afac,"{""distance"":5,""physical_error_rate"":1e-05}","{""detection_events"":9715,""detectors_checked"":274698240}"
   1655808,         0,         0,   119.6,decoder_by_matrix,e41ade2e4684e0396b9a3890c882b6453b515d69885aa1d89a26ce21ec554895,"{""distance"":5,""physical_error_rate"":1e-06}","{""detection_events"":1135,""detectors_checked"":281487360}"
   8098816,        17,         0,   119.0,decoder_by_matrix,066a5d8d46981b593c3dec855f441edbe9e755a8873183448f69d036a2ecc650,"{""distance"":5,""physical_error_rate"":0.001}","{""detection_events"":4608700,""detectors_checked"":1376798720,""obs_mistake_mask=EE__"":1,""obs_mistake_mask=E_E_"":1,""obs_mistake_mask=E__E"":1,""obs_mistake_mask=E___"":3,""obs_mistake_mask=_EEE"":1,""obs_mistake_mask=_EE_"":3,""obs_mistake_mask=_E__"":2,""obs_mistake_mask=__EE"":1,""obs_mistake_mask=__E_"":2,""obs_mistake_mask=___E"":2}"
   1530880,         0,         0,   119.7,decoder_by_matrix,0421d486f8a041838688df650e87c0a19c3450ab7a7cc8b3dc589ebff86d1c74,"{""distance"":5,""physical_error_rate"":0.0001}","{""detection_events"":85450,""detectors_checked"":260249600}"
   1618944,         0,         0,   119.7,decoder_by_matrix,e41ade2e4684e0396b9a3890c882b6453b515d69885aa1d89a26ce21ec554895,"{""distance"":5,""physical_error_rate"":1e-06}","{""detection_events"":765,""detectors_checked"":275220480}"
   1545216,         0,         0,   119.5,decoder_by_matrix,9c6baee88fc81e7d1aa345fcb3feec7ee81f21c5d49cb6ca037118097d89e180,"{""distance"":5,""physical_error_rate"":5e-05}","{""detection_events"":45180,""detectors_checked"":262686720}"
   1681408,         0,         0,   119.6,decoder_by_matrix,fa5edda0c1038186c8afbec49b0215a0b852396cdb50783a3f937fdf51d2afac,"{""distance"":5,""physical_error_rate"":1e-05}","{""detection_events"":9475,""detectors_checked"":285839360}"
   1614848,         0,         0,   119.5,decoder_by_matrix,e41ade2e4684e0396b9a3890c882b6453b515d69885aa1d89a26ce21ec554895,"{""distance"":5,""physical_error_rate"":1e-06}","{""detection_events"":725,""detectors_checked"":274524160}"
   1634304,         0,         0,   119.7,decoder_by_matrix,3c866087b289edc25e9adea730044a15db18cabfd3ae2507fc844d5b4e03657a,"{""distance"":5,""physical_error_rate"":5e-06}","{""detection_events"":4210,""detectors_checked"":277831680}"
   1543168,         0,         0,   119.7,decoder_by_matrix,0421d486f8a041838688df650e87c0a19c3450ab7a7cc8b3dc589ebff86d1c74,"{""distance"":5,""physical_error_rate"":0.0001}","{""detection_events"":90150,""detectors_checked"":262338560}"
   1625088,         0,         0,   119.5,decoder_by_matrix,3c866087b289edc25e9adea730044a15db18cabfd3ae2507fc844d5b4e03657a,"{""distance"":5,""physical_error_rate"":5e-06}","{""detection_events"":4925,""detectors_checked"":276264960}"
   1524736,         0,         0,   119.7,decoder_by_matrix,b84cf4b8ca220d31f17e1e2ea9ab927bbc4176b15682c650e7d1dd8f2758172b,"{""distance"":5,""physical_error_rate"":0.0005}","{""detection_events"":440230,""detectors_checked"":259205120}"
   1515520,         1,         0,   119.7,decoder_by_matrix,b84cf4b8ca220d31f17e1e2ea9ab927bbc4176b15682c650e7d1dd8f2758172b,"{""distance"":5,""physical_error_rate"":0.0005}","{""detection_events"":430800,""detectors_checked"":257638400,""obs_mistake_mask=EE__"":1}"
   1639424,         0,         0,   119.5,decoder_by_matrix,fa5edda0c1038186c8afbec49b0215a0b852396cdb50783a3f937fdf51d2afac,"{""distance"":5,""physical_error_rate"":1e-05}","{""detection_events"":9265,""detectors_checked"":278702080}"
   1633280,         0,         0,   119.6,decoder_by_matrix,3c866087b289edc25e9adea730044a15db18cabfd3ae2507fc844d5b4e03657a,"{""distance"":5,""physical_error_rate"":5e-06}","{""detection_events"":4695,""detectors_checked"":277657600}"
   1549312,         0,         0,   119.6,decoder_by_matrix,9c6baee88fc81e7d1aa345fcb3feec7ee81f21c5d49cb6ca037118097d89e180,"{""distance"":5,""physical_error_rate"":5e-05}","{""detection_events"":43500,""detectors_checked"":263383040}"
   1541120,         2,         0,   119.5,decoder_by_matrix,066a5d8d46981b593c3dec855f441edbe9e755a8873183448f69d036a2ecc650,"{""distance"":5,""physical_error_rate"":0.001}","{""detection_events"":886155,""detectors_checked"":261990400,""obs_mistake_mask=__E_"":1,""obs_mistake_mask=___E"":1}"
   1350435,         6,         0,    21.3,decoder_by_matrix,066a5d8d46981b593c3dec855f441edbe9e755a8873183448f69d036a2ecc650,"{""distance"":5,""physical_error_rate"":0.001}","{""detection_events"":766410,""detectors_checked"":229573950,""obs_mistake_mask=EE_E"":1,""obs_mistake_mask=E___"":2,""obs_mistake_mask=_E__"":2,""obs_mistake_mask=__E_"":1}"
   1643520,         0,         0,   119.6,decoder_by_matrix,3c866087b289edc25e9adea730044a15db18cabfd3ae2507fc844d5b4e03657a,"{""distance"":5,""physical_error_rate"":5e-06}","{""detection_events"":4295,""detectors_checked"":279398400}"
   1593344,         0,         0,   119.7,decoder_by_matrix,e41ade2e4684e0396b9a3890c882b6453b515d69885aa1d89a26ce21ec554895,"{""distance"":5,""physical_error_rate"":1e-06}","{""detection_events"":990,""detectors_checked"":270868480}"
   1546240,         0,         0,   119.6,decoder_by_matrix,0421d486f8a041838688df650e87c0a19c3450ab7a7cc8b3dc589ebff86d1c74,"{""distance"":5,""physical_error_rate"":0.0001}","{""detection_events"":90280,""detectors_checked"":262860800}"
   1571840,         0,         0,   119.6,decoder_by_matrix,fa5edda0c1038186c8afbec49b0215a0b852396cdb50783a3f937fdf51d2afac,"{""distance"":5,""physical_error_rate"":1e-05}","{""detection_events"":9455,""detectors_checked"":267212800}"
   1552384,         0,         0,   119.6,decoder_by_matrix,9c6baee88fc81e7d1aa345fcb3feec7ee81f21c5d49cb6ca037118097d89e180,"{""distance"":5,""physical_error_rate"":5e-05}","{""detection_events"":44220,""detectors_checked"":263905280}"
   1582080,         1,         0,   119.4,decoder_by_matrix,b84cf4b8ca220d31f17e1e2ea9ab927bbc4176b15682c650e7d1dd8f2758172b,"{""distance"":5,""physical_error_rate"":0.0005}","{""detection_events"":444215,""detectors_checked"":268953600,""obs_mistake_mask=EE__"":1}"
   1537024,         0,         0,   119.6,decoder_by_matrix,b84cf4b8ca220d31f17e1e2ea9ab927bbc4176b15682c650e7d1dd8f2758172b,"{""distance"":5,""physical_error_rate"":0.0005}","{""detection_events"":435930,""detectors_checked"":261294080}"
   1531904,         2,         0,   119.7,decoder_by_matrix,066a5d8d46981b593c3dec855f441edbe9e755a8873183448f69d036a2ecc650,"{""distance"":5,""physical_error_rate"":0.001}","{""detection_events"":864220,""detectors_checked"":260423680,""obs_mistake_mask=_E__"":1,""obs_mistake_mask=__E_"":1}"
   1500160,         0,         0,   119.6,decoder_by_matrix,9c6baee88fc81e7d1aa345fcb3feec7ee81f21c5d49cb6ca037118097d89e180,"{""distance"":5,""physical_error_rate"":5e-05}","{""detection_events"":42035,""detectors_checked"":255027200}"
   2360320,         0,         0,   119.6,decoder_by_matrix,9c6baee88fc81e7d1aa345fcb3feec7ee81f21c5d49cb6ca037118097d89e180,"{""distance"":5,""physical_error_rate"":5e-05}","{""detection_events"":64135,""detectors_checked"":401254400}"
   2682880,         0,         0,   119.6,decoder_by_matrix,3c866087b289edc25e9adea730044a15db18cabfd3ae2507fc844d5b4e03657a,"{""distance"":5,""physical_error_rate"":5e-06}","{""detection_events"":8775,""detectors_checked"":456089600}"
   1497088,         5,         0,   119.7,decoder_by_matrix,066a5d8d46981b593c3dec855f441edbe9e755a8873183448f69d036a2ecc650,"{""distance"":5,""physical_error_rate"":0.001}","{""detection_events"":852550,""detectors_checked"":254504960,""obs_mistake_mask=E___"":2,""obs_mistake_mask=__EE"":1,""obs_mistake_mask=__E_"":1,""obs_mistake_mask=___E"":1}"
   2632704,         0,         0,   119.6,decoder_by_matrix,e41ade2e4684e0396b9a3890c882b6453b515d69885aa1d89a26ce21ec554895,"{""distance"":5,""physical_error_rate"":1e-06}","{""detection_events"":1555,""detectors_checked"":447559680}"
   1562624,         0,         0,   119.5,decoder_by_matrix,b84cf4b8ca220d31f17e1e2ea9ab927bbc4176b15682c650e7d1dd8f2758172b,"{""distance"":5,""physical_error_rate"":0.0005}","{""detection_events"":446595,""detectors_checked"":265646080}"
   2481152,         0,         0,   119.5,decoder_by_matrix,fa5edda0c1038186c8afbec49b0215a0b852396cdb50783a3f937fdf51d2afac,"{""distance"":5,""physical_error_rate"":1e-05}","{""detection_events"":13010,""detectors_checked"":421795840}"
   1542144,         4,         0,   119.6,decoder_by_matrix,066a5d8d46981b593c3dec855f441edbe9e755a8873183448f69d036a2ecc650,"{""distance"":5,""physical_error_rate"":0.001}","{""detection_events"":879895,""detectors_checked"":262164480,""obs_mistake_mask=E_E_"":1,""obs_mistake_mask=E___"":2,""obs_mistake_mask=_E__"":1}"
   1637376,         0,         0,   119.6,decoder_by_matrix,0421d486f8a041838688df650e87c0a19c3450ab7a7cc8b3dc589ebff86d1c74,"{""distance"":5,""physical_error_rate"":0.0001}","{""detection_events"":95475,""detectors_checked"":278353920}"
   2137088,         0,         0,   119.6,decoder_by_matrix,b84cf4b8ca220d31f17e1e2ea9ab927bbc4176b15682c650e7d1dd8f2758172b,"{""distance"":5,""physical_error_rate"":0.0005}","{""detection_events"":604565,""detectors_checked"":363304960}"
   2214912,         0,         0,   119.6,decoder_by_matrix,0421d486f8a041838688df650e87c0a19c3450ab7a7cc8b3dc589ebff86d1c74,"{""distance"":5,""physical_error_rate"":0.0001}","{""detection_events"":126540,""detectors_checked"":376535040}"
   1642496,         0,         0,   119.6,decoder_by_matrix,9c6baee88fc81e7d1aa345fcb3feec7ee81f21c5d49cb6ca037118097d89e180,"{""distance"":5,""physical_error_rate"":5e-05}","{""detection_events"":44650,""detectors_checked"":279224320}"
   1655808,         0,         0,   119.6,decoder_by_matrix,fa5edda0c1038186c8afbec49b0215a0b852396cdb50783a3f937fdf51d2afac,"{""distance"":5,""physical_error_rate"":1e-05}","{""detection_events"":9520,""detectors_checked"":281487360}"
   1636352,         0,         0,   119.4,decoder_by_matrix,3c866087b289edc25e9adea730044a15db18cabfd3ae2507fc844d5b4e03657a,"{""distance"":5,""physical_error_rate"":5e-06}","{""detection_events"":4715,""detectors_checked"":278179840}"
   1577984,         0,         0,   119.7,decoder_by_matrix,b84cf4b8ca220d31f17e1e2ea9ab927bbc4176b15682c650e7d1dd8f2758172b,"{""distance"":5,""physical_error_rate"":0.0005}","{""detection_events"":446965,""detectors_checked"":268257280}"
   1619968,         0,         0,   119.5,decoder_by_matrix,e41ade2e4684e0396b9a3890c882b6453b515d69885aa1d89a26ce21ec554895,"{""distance"":5,""physical_error_rate"":1e-06}","{""detection_events"":870,""detectors_checked"":275394560}"
   1508352,         0,         0,   119.6,decoder_by_matrix,0421d486f8a041838688df650e87c0a19c3450ab7a7cc8b3dc589ebff86d1c74,"{""distance"":5,""physical_error_rate"":0.0001}","{""detection_events"":86430,""detectors_checked"":256419840}"
   1642496,         0,         0,   119.6,decoder_by_matrix,3c866087b289edc25e9adea730044a15db18cabfd3ae2507fc844d5b4e03657a,"{""distance"":5,""physical_error_rate"":5e-06}","{""detection_events"":5350,""detectors_checked"":279224320}"
   1655808,         0,         0,   119.6,decoder_by_matrix,e41ade2e4684e0396b9a3890c882b6453b515d69885aa1d89a26ce21ec554895,"{""distance"":5,""physical_error_rate"":1e-06}","{""detection_events"":805,""detectors_checked"":281487360}"
   1626112,         0,         0,   119.6,decoder_by_matrix,fa5edda0c1038186c8afbec49b0215a0b852396cdb50783a3f937fdf51d2afac,"{""distance"":5,""physical_error_rate"":1e-05}","{""detection_events"":9540,""detectors_checked"":276439040}"
   1569792,         0,         0,   119.6,decoder_by_matrix,0421d486f8a041838688df650e87c0a19c3450ab7a7cc8b3dc589ebff86d1c74,"{""distance"":5,""physical_error_rate"":0.0001}","{""detection_events"":85975,""detectors_checked"":266864640}"
   1574912,         0,         0,   119.7,decoder_by_matrix,9c6baee88fc81e7d1aa345fcb3feec7ee81f21c5d49cb6ca037118097d89e180,"{""distance"":5,""physical_error_rate"":5e-05}","{""detection_events"":44110,""detectors_checked"":267735040}"
   1447936,         2,         0,   119.7,decoder_by_matrix,066a5d8d46981b593c3dec855f441edbe9e755a8873183448f69d036a2ecc650,"{""distance"":5,""physical_error_rate"":0.001}","{""detection_events"":826355,""detectors_checked"":246149120,""obs_mistake_mask=EE__"":1,""obs_mistake_mask=E_E_"":1}"
   1463296,         0,         0,   119.5,decoder_by_matrix,fa5edda0c1038186c8afbec49b0215a0b852396cdb50783a3f937fdf51d2afac,"{""distance"":5,""physical_error_rate"":1e-05}","{""detection_events"":7985,""detectors_checked"":248760320}"
   1540096,         0,         0,   119.7,decoder_by_matrix,e41ade2e4684e0396b9a3890c882b6453b515d69885aa1d89a26ce21ec554895,"{""distance"":5,""physical_error_rate"":1e-06}","{""detection_events"":995,""detectors_checked"":261816320}"
   1510400,         0,         0,   119.6,decoder_by_matrix,0421d486f8a041838688df650e87c0a19c3450ab7a7cc8b3dc589ebff86d1c74,"{""distance"":5,""physical_error_rate"":0.0001}","{""detection_events"":85215,""detectors_checked"":256768000}"
   1580032,         0,         0,   119.6,decoder_by_matrix,e41ade2e4684e0396b9a3890c882b6453b515d69885aa1d89a26ce21ec554895,"{""distance"":5,""physical_error_rate"":1e-06}","{""detection_events"":875,""detectors_checked"":268605440}"
   1537024,         0,         0,   119.6,decoder_by_matrix,9c6baee88fc81e7d1aa345fcb3feec7ee81f21c5d49cb6ca037118097d89e180,"{""distance"":5,""physical_error_rate"":5e-05}","{""detection_events"":43330,""detectors_checked"":261294080}"
   1666048,         0,         0,   119.5,decoder_by_matrix,fa5edda0c1038186c8afbec49b0215a0b852396cdb50783a3f937fdf51d2afac,"{""distance"":5,""physical_error_rate"":1e-05}","{""detection_events"":9375,""detectors_checked"":283228160}"
   1597440,         0,         0,   119.5,decoder_by_matrix,e41ade2e4684e0396b9a3890c882b6453b515d69885aa1d89a26ce21ec554895,"{""distance"":5,""physical_error_rate"":1e-06}","{""detection_events"":1045,""detectors_checked"":271564800}"
   1594368,         0,         0,   119.6,decoder_by_matrix,3c866087b289edc25e9adea730044a15db18cabfd3ae2507fc844d5b4e03657a,"{""distance"":5,""physical_error_rate"":5e-06}","{""detection_events"":4705,""detectors_checked"":271042560}"
   1542144,         0,         0,   119.5,decoder_by_matrix,3c866087b289edc25e9adea730044a15db18cabfd3ae2507fc844d5b4e03657a,"{""distance"":5,""physical_error_rate"":5e-06}","{""detection_events"":4565,""detectors_checked"":262164480}"
   1487872,         0,         0,   119.6,decoder_by_matrix,0421d486f8a041838688df650e87c0a19c3450ab7a7cc8b3dc589ebff86d1c74,"{""distance"":5,""physical_error_rate"":0.0001}","{""detection_events"":86165,""detectors_checked"":252938240}"
   1469440,         0,         0,   119.5,decoder_by_matrix,b84cf4b8ca220d31f17e1e2ea9ab927bbc4176b15682c650e7d1dd8f2758172b,"{""distance"":5,""physical_error_rate"":0.0005}","{""detection_events"":415420,""detectors_checked"":249804800}"
   1487872,         0,         0,   119.6,decoder_by_matrix,b84cf4b8ca220d31f17e1e2ea9ab927bbc4176b15682c650e7d1dd8f2758172b,"{""distance"":5,""physical_error_rate"":0.0005}","{""detection_events"":421565,""detectors_checked"":252938240}"
   1608704,         0,         0,   119.7,decoder_by_matrix,fa5edda0c1038186c8afbec49b0215a0b852396cdb50783a3f937fdf51d2afac,"{""distance"":5,""physical_error_rate"":1e-05}","{""detection_events"":9100,""detectors_checked"":273479680}"
   1597440,         0,         0,   119.7,decoder_by_matrix,3c866087b289edc25e9adea730044a15db18cabfd3ae2507fc844d5b4e03657a,"{""distance"":5,""physical_error_rate"":5e-06}","{""detection_events"":4335,""detectors_checked"":271564800}"
   1457152,         0,         0,   119.6,decoder_by_matrix,9c6baee88fc81e7d1aa345fcb3feec7ee81f21c5d49cb6ca037118097d89e180,"{""distance"":5,""physical_error_rate"":5e-05}","{""detection_events"":42000,""detectors_checked"":247715840}"
   1584128,         3,         0,   119.6,decoder_by_matrix,066a5d8d46981b593c3dec855f441edbe9e755a8873183448f69d036a2ecc650,"{""distance"":5,""physical_error_rate"":0.001}","{""detection_events"":890890,""detectors_checked"":269301760,""obs_mistake_mask=E___"":2,""obs_mistake_mask=_E__"":1}"
   5727232,        14,         0,   119.3,decoder_by_matrix,066a5d8d46981b593c3dec855f441edbe9e755a8873183448f69d036a2ecc650,"{""distance"":5,""physical_error_rate"":0.001}","{""detection_events"":3246060,""detectors_checked"":973629440,""obs_mistake_mask=E_EE"":1,""obs_mistake_mask=E_E_"":1,""obs_mistake_mask=E___"":4,""obs_mistake_mask=_EEE"":2,""obs_mistake_mask=_E_E"":1,""obs_mistake_mask=_E__"":2,""obs_mistake_mask=__EE"":1,""obs_mistake_mask=___E"":2}"
   1607680,         0,         0,   119.6,decoder_by_matrix,3c866087b289edc25e9adea730044a15db18cabfd3ae2507fc844d5b4e03657a,"{""distance"":5,""physical_error_rate"":5e-06}","{""detection_events"":4715,""detectors_checked"":273305600}"
   1590272,         0,         0,   119.7,decoder_by_matrix,e41ade2e4684e0396b9a3890c882b6453b515d69885aa1d89a26ce21ec554895,"{""distance"":5,""physical_error_rate"":1e-06}","{""detection_events"":725,""detectors_checked"":270346240}"
   1518592,         0,         0,   119.6,decoder_by_matrix,0421d486f8a041838688df650e87c0a19c3450ab7a7cc8b3dc589ebff86d1c74,"{""distance"":5,""physical_error_rate"":0.0001}","{""detection_events"":86300,""detectors_checked"":258160640}"
   1567744,         0,         0,   119.5,decoder_by_matrix,fa5edda0c1038186c8afbec49b0215a0b852396cdb50783a3f937fdf51d2afac,"{""distance"":5,""physical_error_rate"":1e-05}","{""detection_events"":8510,""detectors_checked"":266516480}"
   1489920,         0,         0,   119.5,decoder_by_matrix,9c6baee88fc81e7d1aa345fcb3feec7ee81f21c5d49cb6ca037118097d89e180,"{""distance"":5,""physical_error_rate"":5e-05}","{""detection_events"":42035,""detectors_checked"":253286400}"
   1517568,         1,         0,   119.6,decoder_by_matrix,b84cf4b8ca220d31f17e1e2ea9ab927bbc4176b15682c650e7d1dd8f2758172b,"{""distance"":5,""physical_error_rate"":0.0005}","{""detection_events"":434760,""detectors_checked"":257986560,""obs_mistake_mask=_E_E"":1}"
   1527808,         1,         0,   119.6,decoder_by_matrix,b84cf4b8ca220d31f17e1e2ea9ab927bbc4176b15682c650e7d1dd8f2758172b,"{""distance"":5,""physical_error_rate"":0.0005}","{""detection_events"":433530,""detectors_checked"":259727360,""obs_mistake_mask=_EEE"":1}"
   1525760,         3,         0,   119.5,decoder_by_matrix,066a5d8d46981b593c3dec855f441edbe9e755a8873183448f69d036a2ecc650,"{""distance"":5,""physical_error_rate"":0.001}","{""detection_events"":865215,""detectors_checked"":259379200,""obs_mistake_mask=E___"":1,""obs_mistake_mask=_EE_"":1,""obs_mistake_mask=__E_"":1}"
   1548288,         0,         0,   119.7,decoder_by_matrix,9c6baee88fc81e7d1aa345fcb3feec7ee81f21c5d49cb6ca037118097d89e180,"{""distance"":5,""physical_error_rate"":5e-05}","{""detection_events"":44250,""detectors_checked"":263208960}"
   2109440,         0,         0,   119.6,decoder_by_matrix,9c6baee88fc81e7d1aa345fcb3feec7ee81f21c5d49cb6ca037118097d89e180,"{""distance"":5,""physical_error_rate"":5e-05}","{""detection_events"":62405,""detectors_checked"":358604800}"
   2574336,         0,         0,   119.6,decoder_by_matrix,3c866087b289edc25e9adea730044a15db18cabfd3ae2507fc844d5b4e03657a,"{""distance"":5,""physical_error_rate"":5e-06}","{""detection_events"":6870,""detectors_checked"":437637120}"
   1545216,         8,         0,   119.5,decoder_by_matrix,066a5d8d46981b593c3dec855f441edbe9e755a8873183448f69d036a2ecc650,"{""distance"":5,""physical_error_rate"":0.001}","{""detection_events"":878705,""detectors_checked"":262686720,""obs_mistake_mask=EE__"":1,""obs_mistake_mask=E_E_"":1,""obs_mistake_mask=E__E"":1,""obs_mistake_mask=E___"":1,""obs_mistake_mask=_EEE"":1,""obs_mistake_mask=_E__"":1,""obs_mistake_mask=__EE"":1,""obs_mistake_mask=__E_"":1}"
   2560000,         0,         0,   119.6,decoder_by_matrix,e41ade2e4684e0396b9a3890c882b6453b515d69885aa1d89a26ce21ec554895,"{""distance"":5,""physical_error_rate"":1e-06}","{""detection_events"":1310,""detectors_checked"":435200000}"
   2414592,         0,         0,   119.6,decoder_by_matrix,fa5edda0c1038186c8afbec49b0215a0b852396cdb50783a3f937fdf51d2afac,"{""distance"":5,""physical_error_rate"":1e-05}","{""detection_events"":14030,""detectors_checked"":410480640}"
   1543168,         1,         0,   119.7,decoder_by_matrix,b84cf4b8ca220d31f17e1e2ea9ab927bbc4176b15682c650e7d1dd8f2758172b,"{""distance"":5,""physical_error_rate"":0.0005}","{""detection_events"":443375,""detectors_checked"":262338560,""obs_mistake_mask=E___"":1}"
   1554432,         3,         0,   119.5,decoder_by_matrix,066a5d8d46981b593c3dec855f441edbe9e755a8873183448f69d036a2ecc650,"{""distance"":5,""physical_error_rate"":0.001}","{""detection_events"":877155,""detectors_checked"":264253440,""obs_mistake_mask=EE_E"":1,""obs_mistake_mask=E_E_"":1,""obs_mistake_mask=__E_"":1}"
   1623040,         0,         0,   119.6,decoder_by_matrix,0421d486f8a041838688df650e87c0a19c3450ab7a7cc8b3dc589ebff86d1c74,"{""distance"":5,""physical_error_rate"":0.0001}","{""detection_events"":90655,""detectors_checked"":275916800}"
   2087936,         0,         0,   119.6,decoder_by_matrix,0421d486f8a041838688df650e87c0a19c3450ab7a7cc8b3dc589ebff86d1c74,"{""distance"":5,""physical_error_rate"":0.0001}","{""detection_events"":119020,""detectors_checked"":354949120}"
   2072576,         0,         0,   119.6,decoder_by_matrix,b84cf4b8ca220d31f17e1e2ea9ab927bbc4176b15682c650e7d1dd8f2758172b,"{""distance"":5,""physical_error_rate"":0.0005}","{""detection_events"":585915,""detectors_checked"":352337920}"
   1613824,         0,         0,   119.6,decoder_by_matrix,9c6baee88fc81e7d1aa345fcb3feec7ee81f21c5d49cb6ca037118097d89e180,"{""distance"":5,""physical_error_rate"":5e-05}","{""detection_events"":46435,""detectors_checked"":274350080}"
   1611776,         0,         0,   119.6,decoder_by_matrix,fa5edda0c1038186c8afbec49b0215a0b852396cdb50783a3f937fdf51d2afac,"{""distance"":5,""physical_error_rate"":1e-05}","{""detection_events"":9085,""detectors_checked"":274001920}"
   1606656,         0,         0,   119.6,decoder_by_matrix,3c866087b289edc25e9adea730044a15db18cabfd3ae2507fc844d5b4e03657a,"{""distance"":5,""physical_error_rate"":5e-06}","{""detection_events"":4165,""detectors_checked"":273131520}"
   1608704,         0,         0,   119.6,decoder_by_matrix,e41ade2e4684e0396b9a3890c882b6453b515d69885aa1d89a26ce21ec554895,"{""distance"":5,""physical_error_rate"":1e-06}","{""detection_events"":905,""detectors_checked"":273479680}"
   1566720,         0,         0,   119.7,decoder_by_matrix,b84cf4b8ca220d31f17e1e2ea9ab927bbc4176b15682c650e7d1dd8f2758172b,"{""distance"":5,""physical_error_rate"":0.0005}","{""detection_events"":447245,""detectors_checked"":266342400}"
   1656832,         0,         0,   119.5,decoder_by_matrix,3c866087b289edc25e9adea730044a15db18cabfd3ae2507fc844d5b4e03657a,"{""distance"":5,""physical_error_rate"":5e-06}","{""detection_events"":4740,""detectors_checked"":281661440}"
   1548288,         0,         0,   119.5,decoder_by_matrix,0421d486f8a041838688df650e87c0a19c3450ab7a7cc8b3dc589ebff86d1c74,"{""distance"":5,""physical_error_rate"":0.0001}","{""detection_events"":87980,""detectors_checked"":263208960}"
   1639424,         0,         0,   119.6,decoder_by_matrix,e41ade2e4684e0396b9a3890c882b6453b515d69885aa1d89a26ce21ec554895,"{""distance"":5,""physical_error_rate"":1e-06}","{""detection_events"":1030,""detectors_checked"":278702080}"
   1646592,         0,         0,   119.6,decoder_by_matrix,fa5edda0c1038186c8afbec49b0215a0b852396cdb50783a3f937fdf51d2afac,"{""distance"":5,""physical_error_rate"":1e-05}","{""detection_events"":8680,""detectors_checked"":279920640}"
   1582080,         0,         0,   119.5,decoder_by_matrix,0421d486f8a041838688df650e87c0a19c3450ab7a7cc8b3dc589ebff86d1c74,"{""distance"":5,""physical_error_rate"":0.0001}","{""detection_events"":88750,""detectors_checked"":268953600}"
   1590272,         0,         0,   119.6,decoder_by_matrix,9c6baee88fc81e7d1aa345fcb3feec7ee81f21c5d49cb6ca037118097d89e180,"{""distance"":5,""physical_error_rate"":5e-05}","{""detection_events"":46870,""detectors_checked"":270346240}"
   1519616,         6,         0,   119.7,decoder_by_matrix,066a5d8d46981b593c3dec855f441edbe9e755a8873183448f69d036a2ecc650,"{""distance"":5,""physical_error_rate"":0.001}","{""detection_events"":861600,""detectors_checked"":258334720,""obs_mistake_mask=EE__"":2,""obs_mistake_mask=E_E_"":1,""obs_mistake_mask=E__E"":1,""obs_mistake_mask=E___"":1,""obs_mistake_mask=_E__"":1}"
   1561600,         0,         0,   119.6,decoder_by_matrix,fa5edda0c1038186c8afbec49b0215a0b852396cdb50783a3f937fdf51d2afac,"{""distance"":5,""physical_error_rate"":1e-05}","{""detection_events"":9490,""detectors_checked"":265472000}"
   1651712,         0,         0,   119.6,decoder_by_matrix,e41ade2e4684e0396b9a3890c882b6453b515d69885aa1d89a26ce21ec554895,"{""distance"":5,""physical_error_rate"":1e-06}","{""detection_events"":1095,""detectors_checked"":280791040}"
   1491968,         0,         0,   119.7,decoder_by_matrix,0421d486f8a041838688df650e87c0a19c3450ab7a7cc8b3dc589ebff86d1c74,"{""distance"":5,""physical_error_rate"":0.0001}","{""detection_events"":85005,""detectors_checked"":253634560}"
   1605632,         0,         0,   119.7,decoder_by_matrix,e41ade2e4684e0396b9a3890c882b6453b515d69885aa1d89a26ce21ec554895,"{""distance"":5,""physical_error_rate"":1e-06}","{""detection_events"":735,""detectors_checked"":272957440}"
   1534976,         0,         0,   119.7,decoder_by_matrix,9c6baee88fc81e7d1aa345fcb3feec7ee81f21c5d49cb6ca037118097d89e180,"{""distance"":5,""physical_error_rate"":5e-05}","{""detection_events"":44960,""detectors_checked"":260945920}"
   1583104,         0,         0,   119.6,decoder_by_matrix,fa5edda0c1038186c8afbec49b0215a0b852396cdb50783a3f937fdf51d2afac,"{""distance"":5,""physical_error_rate"":1e-05}","{""detection_events"":8775,""detectors_checked"":269127680}"
   1590272,         0,         0,   119.5,decoder_by_matrix,e41ade2e4684e0396b9a3890c882b6453b515d69885aa1d89a26ce21ec554895,"{""distance"":5,""physical_error_rate"":1e-06}","{""detection_events"":1060,""detectors_checked"":270346240}"
   1624064,         0,         0,   119.5,decoder_by_matrix,3c866087b289edc25e9adea730044a15db18cabfd3ae2507fc844d5b4e03657a,"{""distance"":5,""physical_error_rate"":5e-06}","{""detection_events"":5080,""detectors_checked"":276090880}"
   1548288,         0,         0,   119.6,decoder_by_matrix,0421d486f8a041838688df650e87c0a19c3450ab7a7cc8b3dc589ebff86d1c74,"{""distance"":5,""physical_error_rate"":0.0001}","{""detection_events"":87695,""detectors_checked"":263208960}"
   1571840,         0,         0,   119.6,decoder_by_matrix,3c866087b289edc25e9adea730044a15db18cabfd3ae2507fc844d5b4e03657a,"{""distance"":5,""physical_error_rate"":5e-06}","{""detection_events"":4645,""detectors_checked"":267212800}"
   1515520,         0,         0,   119.6,decoder_by_matrix,b84cf4b8ca220d31f17e1e2ea9ab927bbc4176b15682c650e7d1dd8f2758172b,"{""distance"":5,""physical_error_rate"":0.0005}","{""detection_events"":430810,""detectors_checked"":257638400}"
   1560576,         2,         0,   119.7,decoder_by_matrix,b84cf4b8ca220d31f17e1e2ea9ab927bbc4176b15682c650e7d1dd8f2758172b,"{""distance"":5,""physical_error_rate"":0.0005}","{""detection_events"":445915,""detectors_checked"":265297920,""obs_mistake_mask=_EE_"":1,""obs_mistake_mask=_E__"":1}"
   1624064,         0,         0,   119.6,decoder_by_matrix,fa5edda0c1038186c8afbec49b0215a0b852396cdb50783a3f937fdf51d2afac,"{""distance"":5,""physical_error_rate"":1e-05}","{""detection_events"":9405,""detectors_checked"":276090880}"
   1610752,         0,         0,   119.6,decoder_by_matrix,3c866087b289edc25e9adea730044a15db18cabfd3ae2507fc844d5b4e03657a,"{""distance"":5,""physical_error_rate"":5e-06}","{""detection_events"":4645,""detectors_checked"":273827840}"
   1504256,         0,         0,   119.6,decoder_by_matrix,9c6baee88fc81e7d1aa345fcb3feec7ee81f21c5d49cb6ca037118097d89e180,"{""distance"":5,""physical_error_rate"":5e-05}","{""detection_events"":42250,""detectors_checked"":255723520}"
   1545216,         2,         0,   119.6,decoder_by_matrix,066a5d8d46981b593c3dec855f441edbe9e755a8873183448f69d036a2ecc650,"{""distance"":5,""physical_error_rate"":0.001}","{""detection_events"":875245,""detectors_checked"":262686720,""obs_mistake_mask=__E_"":1,""obs_mistake_mask=___E"":1}"
   6723584,         8,         0,   119.2,decoder_by_matrix,066a5d8d46981b593c3dec855f441edbe9e755a8873183448f69d036a2ecc650,"{""distance"":5,""physical_error_rate"":0.001}","{""detection_events"":3807215,""detectors_checked"":1143009280,""obs_mistake_mask=EE_E"":1,""obs_mistake_mask=E___"":3,""obs_mistake_mask=_EEE"":1,""obs_mistake_mask=__EE"":1,""obs_mistake_mask=__E_"":2}"
   1647616,         0,         0,   119.6,decoder_by_matrix,3c866087b289edc25e9adea730044a15db18cabfd3ae2507fc844d5b4e03657a,"{""distance"":5,""physical_error_rate"":5e-06}","{""detection_events"":4330,""detectors_checked"":280094720}"
   1622016,         0,         0,   119.6,decoder_by_matrix,e41ade2e4684e0396b9a3890c882b6453b515d69885aa1d89a26ce21ec554895,"{""distance"":5,""physical_error_rate"":1e-06}","{""detection_events"":1055,""detectors_checked"":275742720}"
   1478656,         0,         0,   119.6,decoder_by_matrix,0421d486f8a041838688df650e87c0a19c3450ab7a7cc8b3dc589ebff86d1c74,"{""distance"":5,""physical_error_rate"":0.0001}","{""detection_events"":84115,""detectors_checked"":251371520}"
   1607680,         0,         0,   119.4,decoder_by_matrix,fa5edda0c1038186c8afbec49b0215a0b852396cdb50783a3f937fdf51d2afac,"{""distance"":5,""physical_error_rate"":1e-05}","{""detection_events"":8660,""detectors_checked"":273305600}"
   1502208,         0,         0,   119.7,decoder_by_matrix,9c6baee88fc81e7d1aa345fcb3feec7ee81f21c5d49cb6ca037118097d89e180,"{""distance"":5,""physical_error_rate"":5e-05}","{""detection_events"":45580,""detectors_checked"":255375360}"
   1613824,         3,         0,   119.5,decoder_by_matrix,b84cf4b8ca220d31f17e1e2ea9ab927bbc4176b15682c650e7d1dd8f2758172b,"{""distance"":5,""physical_error_rate"":0.0005}","{""detection_events"":456795,""detectors_checked"":274350080,""obs_mistake_mask=E___"":1,""obs_mistake_mask=_E__"":1,""obs_mistake_mask=___E"":1}"
   1559552,         0,         0,   119.6,decoder_by_matrix,b84cf4b8ca220d31f17e1e2ea9ab927bbc4176b15682c650e7d1dd8f2758172b,"{""distance"":5,""physical_error_rate"":0.0005}","{""detection_events"":443160,""detectors_checked"":265123840}"
   1544192,         5,         0,   119.5,decoder_by_matrix,066a5d8d46981b593c3dec855f441edbe9e755a8873183448f69d036a2ecc650,"{""distance"":5,""physical_error_rate"":0.001}","{""detection_events"":884710,""detectors_checked"":262512640,""obs_mistake_mask=EE__"":1,""obs_mistake_mask=E___"":1,""obs_mistake_mask=_EEE"":1,""obs_mistake_mask=_E__"":1,""obs_mistake_mask=___E"":1}"
   1514496,         0,         0,   119.7,decoder_by_matrix,9c6baee88fc81e7d1aa345fcb3feec7ee81f21c5d49cb6ca037118097d89e180,"{""distance"":5,""physical_error_rate"":5e-05}","{""detection_events"":44425,""detectors_checked"":257464320}"
   2153472,         0,         0,   119.6,decoder_by_matrix,9c6baee88fc81e7d1aa345fcb3feec7ee81f21c5d49cb6ca037118097d89e180,"{""distance"":5,""physical_error_rate"":5e-05}","{""detection_events"":62240,""detectors_checked"":366090240}"
   2424832,         0,         0,   119.6,decoder_by_matrix,3c866087b289edc25e9adea730044a15db18cabfd3ae2507fc844d5b4e03657a,"{""distance"":5,""physical_error_rate"":5e-06}","{""detection_events"":7145,""detectors_checked"":412221440}"
   1564672,         2,         0,   119.5,decoder_by_matrix,066a5d8d46981b593c3dec855f441edbe9e755a8873183448f69d036a2ecc650,"{""distance"":5,""physical_error_rate"":0.001}","{""detection_events"":891370,""detectors_checked"":265994240,""obs_mistake_mask=E__E"":1,""obs_mistake_mask=__E_"":1}"
   2512896,         0,         0,   119.5,decoder_by_matrix,e41ade2e4684e0396b9a3890c882b6453b515d69885aa1d89a26ce21ec554895,"{""distance"":5,""physical_error_rate"":1e-06}","{""detection_events"":1550,""detectors_checked"":427192320}"
   2341888,         0,         0,   119.6,decoder_by_matrix,fa5edda0c1038186c8afbec49b0215a0b852396cdb50783a3f937fdf51d2afac,"{""distance"":5,""physical_error_rate"":1e-05}","{""detection_events"":12815,""detectors_checked"":398120960}"
   1572864,         0,         0,   119.6,decoder_by_matrix,b84cf4b8ca220d31f17e1e2ea9ab927bbc4176b15682c650e7d1dd8f2758172b,"{""distance"":5,""physical_error_rate"":0.0005}","{""detection_events"":447335,""detectors_checked"":267386880}"
   1597440,         4,         0,   119.6,decoder_by_matrix,066a5d8d46981b593c3dec855f441edbe9e755a8873183448f69d036a2ecc650,"{""distance"":5,""physical_error_rate"":0.001}","{""detection_events"":910915,""detectors_checked"":271564800,""obs_mistake_mask=E__E"":1,""obs_mistake_mask=E___"":2,""obs_mistake_mask=_E__"":1}"
   1619968,         0,         0,   119.6,decoder_by_matrix,0421d486f8a041838688df650e87c0a19c3450ab7a7cc8b3dc589ebff86d1c74,"{""distance"":5,""physical_error_rate"":0.0001}","{""detection_events"":93305,""detectors_checked"":275394560}"
   1989632,         0,         0,   119.6,decoder_by_matrix,0421d486f8a041838688df650e87c0a19c3450ab7a7cc8b3dc589ebff86d1c74,"{""distance"":5,""physical_error_rate"":0.0001}","{""detection_events"":115950,""detectors_checked"":338237440}"
   2077696,         0,         0,   119.6,decoder_by_matrix,b84cf4b8ca220d31f17e1e2ea9ab927bbc4176b15682c650e7d1dd8f2758172b,"{""distance"":5,""physical_error_rate"":0.0005}","{""detection_events"":590385,""detectors_checked"":353208320}"
   1628160,         0,         0,   119.5,decoder_by_matrix,9c6baee88fc81e7d1aa345fcb3feec7ee81f21c5d49cb6ca037118097d89e180,"{""distance"":5,""physical_error_rate"":5e-05}","{""detection_events"":45160,""detectors_checked"":276787200}"
   1652736,         0,         0,   119.6,decoder_by_matrix,fa5edda0c1038186c8afbec49b0215a0b852396cdb50783a3f937fdf51d2afac,"{""distance"":5,""physical_error_rate"":1e-05}","{""detection_events"":9020,""detectors_checked"":280965120}"
   1651712,         0,         0,   119.7,decoder_by_matrix,3c866087b289edc25e9adea730044a15db18cabfd3ae2507fc844d5b4e03657a,"{""distance"":5,""physical_error_rate"":5e-06}","{""detection_events"":4880,""detectors_checked"":280791040}"
   1641472,         0,         0,   119.6,decoder_by_matrix,e41ade2e4684e0396b9a3890c882b6453b515d69885aa1d89a26ce21ec554895,"{""distance"":5,""physical_error_rate"":1e-06}","{""detection_events"":865,""detectors_checked"":279050240}"
   1571840,         0,         0,   119.6,decoder_by_matrix,b84cf4b8ca220d31f17e1e2ea9ab927bbc4176b15682c650e7d1dd8f2758172b,"{""distance"":5,""physical_error_rate"":0.0005}","{""detection_events"":445580,""detectors_checked"":267212800}"
   1648640,         0,         0,   119.6,decoder_by_matrix,3c866087b289edc25e9adea730044a15db18cabfd3ae2507fc844d5b4e03657a,"{""distance"":5,""physical_error_rate"":5e-06}","{""detection_events"":4805,""detectors_checked"":280268800}"
   1555456,         0,         0,   119.6,decoder_by_matrix,0421d486f8a041838688df650e87c0a19c3450ab7a7cc8b3dc589ebff86d1c74,"{""distance"":5,""physical_error_rate"":0.0001}","{""detection_events"":89995,""detectors_checked"":264427520}"
   1671168,         0,         0,   119.6,decoder_by_matrix,e41ade2e4684e0396b9a3890c882b6453b515d69885aa1d89a26ce21ec554895,"{""distance"":5,""physical_error_rate"":1e-06}","{""detection_events"":880,""detectors_checked"":284098560}"
   1650688,         0,         0,   119.7,decoder_by_matrix,fa5edda0c1038186c8afbec49b0215a0b852396cdb50783a3f937fdf51d2afac,"{""distance"":5,""physical_error_rate"":1e-05}","{""detection_events"":9505,""detectors_checked"":280616960}"
   1590272,         0,         0,   119.7,decoder_by_matrix,0421d486f8a041838688df650e87c0a19c3450ab7a7cc8b3dc589ebff86d1c74,"{""distance"":5,""physical_error_rate"":0.0001}","{""detection_events"":90415,""detectors_checked"":270346240}"
   1584128,         0,         0,   119.7,decoder_by_matrix,9c6baee88fc81e7d1aa345fcb3feec7ee81f21c5d49cb6ca037118097d89e180,"{""distance"":5,""physical_error_rate"":5e-05}","{""detection_events"":45555,""detectors_checked"":269301760}"
   1555456,         7,         0,   119.6,decoder_by_matrix,066a5d8d46981b593c3dec855f441edbe9e755a8873183448f69d036a2ecc650,"{""distance"":5,""physical_error_rate"":0.001}","{""detection_events"":885480,""detectors_checked"":264427520,""obs_mistake_mask=E__E"":2,""obs_mistake_mask=E___"":1,""obs_mistake_mask=_EE_"":1,""obs_mistake_mask=_E_E"":1,""obs_mistake_mask=__E_"":2}"
   1532928,         0,         0,   119.6,decoder_by_matrix,fa5edda0c1038186c8afbec49b0215a0b852396cdb50783a3f937fdf51d2afac,"{""distance"":5,""physical_error_rate"":1e-05}","{""detection_events"":8325,""detectors_checked"":260597760}"
   1583104,         0,         0,   119.5,decoder_by_matrix,e41ade2e4684e0396b9a3890c882b6453b515d69885aa1d89a26ce21ec554895,"{""distance"":5,""physical_error_rate"":1e-06}","{""detection_events"":830,""detectors_checked"":269127680}"
   1448960,         0,         0,   119.6,decoder_by_matrix,0421d486f8a041838688df650e87c0a19c3450ab7a7cc8b3dc589ebff86d1c74,"{""distance"":5,""physical_error_rate"":0.0001}","{""detection_events"":79865,""detectors_checked"":246323200}"
   1520640,         0,         0,   119.4,decoder_by_matrix,e41ade2e4684e0396b9a3890c882b6453b515d69885aa1d89a26ce21ec554895,"{""distance"":5,""physical_error_rate"":1e-06}","{""detection_events"":935,""detectors_checked"":258508800}"
   1541120,         0,         0,   119.5,decoder_by_matrix,9c6baee88fc81e7d1aa345fcb3feec7ee81f21c5d49cb6ca037118097d89e180,"{""distance"":5,""physical_error_rate"":5e-05}","{""detection_events"":44505,""detectors_checked"":261990400}"
   1604608,         0,         0,   119.5,decoder_by_matrix,fa5edda0c1038186c8afbec49b0215a0b852396cdb50783a3f937fdf51d2afac,"{""distance"":5,""physical_error_rate"":1e-05}","{""detection_events"":9050,""detectors_checked"":272783360}"
   1666048,         0,         0,   119.7,decoder_by_matrix,e41ade2e4684e0396b9a3890c882b6453b515d69885aa1d89a26ce21ec554895,"{""distance"":5,""physical_error_rate"":1e-06}","{""detection_events"":995,""detectors_checked"":283228160}"
   1642496,         0,         0,   119.7,decoder_by_matrix,3c866087b289edc25e9adea730044a15db18cabfd3ae2507fc844d5b4e03657a,"{""distance"":5,""physical_error_rate"":5e-06}","{""detection_events"":4880,""detectors_checked"":279224320}"
   1623040,         0,         0,   119.6,decoder_by_matrix,3c866087b289edc25e9adea730044a15db18cabfd3ae2507fc844d5b4e03657a,"{""distance"":5,""physical_error_rate"":5e-06}","{""detection_events"":4870,""detectors_checked"":275916800}"
   1544192,         0,         0,   119.5,decoder_by_matrix,0421d486f8a041838688df650e87c0a19c3450ab7a7cc8b3dc589ebff86d1c74,"{""distance"":5,""physical_error_rate"":0.0001}","{""detection_events"":86235,""detectors_checked"":262512640}"
   1516544,         0,         0,   119.6,decoder_by_matrix,b84cf4b8ca220d31f17e1e2ea9ab927bbc4176b15682c650e7d1dd8f2758172b,"{""distance"":5,""physical_error_rate"":0.0005}","{""detection_events"":436980,""detectors_checked"":257812480}"
   1586176,         1,         0,   119.5,decoder_by_matrix,b84cf4b8ca220d31f17e1e2ea9ab927bbc4176b15682c650e7d1dd8f2758172b,"{""distance"":5,""physical_error_rate"":0.0005}","{""detection_events"":448230,""detectors_checked"":269649920,""obs_mistake_mask=_EEE"":1}"
   1604608,         0,         0,   119.6,decoder_by_matrix,fa5edda0c1038186c8afbec49b0215a0b852396cdb50783a3f937fdf51d2afac,"{""distance"":5,""physical_error_rate"":1e-05}","{""detection_events"":9135,""detectors_checked"":272783360}"
   1582080,         0,         0,   119.6,decoder_by_matrix,3c866087b289edc25e9adea730044a15db18cabfd3ae2507fc844d5b4e03657a,"{""distance"":5,""physical_error_rate"":5e-06}","{""detection_events"":4150,""detectors_checked"":268953600}"
   1530880,         0,         0,   119.5,decoder_by_matrix,9c6baee88fc81e7d1aa345fcb3feec7ee81f21c5d49cb6ca037118097d89e180,"{""distance"":5,""physical_error_rate"":5e-05}","{""detection_events"":42895,""detectors_checked"":260249600}"
   1574912,         3,         0,   119.6,decoder_by_matrix,066a5d8d46981b593c3dec855f441edbe9e755a8873183448f69d036a2ecc650,"{""distance"":5,""physical_error_rate"":0.001}","{""detection_events"":894050,""detectors_checked"":267735040,""obs_mistake_mask=EE__"":1,""obs_mistake_mask=E_EE"":1,""obs_mistake_mask=__E_"":1}"
   7427072,        19,         0,   119.1,decoder_by_matrix,066a5d8d46981b593c3dec855f441edbe9e755a8873183448f69d036a2ecc650,"{""distance"":5,""physical_error_rate"":0.001}","{""detection_events"":4217715,""detectors_checked"":1262602240,""obs_mistake_mask=EE__"":2,""obs_mistake_mask=E_E_"":2,""obs_mistake_mask=E__E"":1,""obs_mistake_mask=E___"":4,""obs_mistake_mask=_EEE"":1,""obs_mistake_mask=_E_E"":1,""obs_mistake_mask=_E__"":5,""obs_mistake_mask=__EE"":1,""obs_mistake_mask=__E_"":1,""obs_mistake_mask=___E"":1}"
   1620992,         0,         0,   119.5,decoder_by_matrix,3c866087b289edc25e9adea730044a15db18cabfd3ae2507fc844d5b4e03657a,"{""distance"":5,""physical_error_rate"":5e-06}","{""detection_events"":4790,""detectors_checked"":275568640}"
   1595392,         0,         0,   119.6,decoder_by_matrix,e41ade2e4684e0396b9a3890c882b6453b515d69885aa1d89a26ce21ec554895,"{""distance"":5,""physical_error_rate"":1e-06}","{""detection_events"":770,""detectors_checked"":271216640}"
   1513472,         0,         0,   119.6,decoder_by_matrix,0421d486f8a041838688df650e87c0a19c3450ab7a7cc8b3dc589ebff86d1c74,"{""distance"":5,""physical_error_rate"":0.0001}","{""detection_events"":88305,""detectors_checked"":257290240}"
   1529856,         0,         0,   119.6,decoder_by_matrix,fa5edda0c1038186c8afbec49b0215a0b852396cdb50783a3f937fdf51d2afac,"{""distance"":5,""physical_error_rate"":1e-05}","{""detection_events"":9330,""detectors_checked"":260075520}"
   1560576,         0,         0,   119.6,decoder_by_matrix,9c6baee88fc81e7d1aa345fcb3feec7ee81f21c5d49cb6ca037118097d89e180,"{""distance"":5,""physical_error_rate"":5e-05}","{""detection_events"":44455,""detectors_checked"":265297920}"
   1545216,         0,         0,   119.6,decoder_by_matrix,b84cf4b8ca220d31f17e1e2ea9ab927bbc4176b15682c650e7d1dd8f2758172b,"{""distance"":5,""physical_error_rate"":0.0005}","{""detection_events"":432440,""detectors_checked"":262686720}"
   1505280,         0,         0,   119.6,decoder_by_matrix,b84cf4b8ca220d31f17e1e2ea9ab927bbc4176b15682c650e7d1dd8f2758172b,"{""distance"":5,""physical_error_rate"":0.0005}","{""detection_events"":432285,""detectors_checked"":255897600}"
   1561600,         6,         0,   119.6,decoder_by_matrix,066a5d8d46981b593c3dec855f441edbe9e755a8873183448f69d036a2ecc650,"{""distance"":5,""physical_error_rate"":0.001}","{""detection_events"":883475,""detectors_checked"":265472000,""obs_mistake_mask=E_EE"":1,""obs_mistake_mask=E__E"":2,""obs_mistake_mask=__E_"":1,""obs_mistake_mask=___E"":2}"
   1490944,         0,         0,   119.5,decoder_by_matrix,9c6baee88fc81e7d1aa345fcb3feec7ee81f21c5d49cb6ca037118097d89e180,"{""distance"":5,""physical_error_rate"":5e-05}","{""detection_events"":42715,""detectors_checked"":253460480}"
   2409472,         0,         0,   119.5,decoder_by_matrix,9c6baee88fc81e7d1aa345fcb3feec7ee81f21c5d49cb6ca037118097d89e180,"{""distance"":5,""physical_error_rate"":5e-05}","{""detection_events"":65285,""detectors_checked"":409610240}"
   2692096,         0,         0,   119.5,decoder_by_matrix,3c866087b289edc25e9adea730044a15db18cabfd3ae2507fc844d5b4e03657a,"{""distance"":5,""physical_error_rate"":5e-06}","{""detection_events"":7595,""detectors_checked"":457656320}"
   1553408,         4,         0,   119.6,decoder_by_matrix,066a5d8d46981b593c3dec855f441edbe9e755a8873183448f69d036a2ecc650,"{""distance"":5,""physical_error_rate"":0.001}","{""detection_events"":879820,""detectors_checked"":264079360,""obs_mistake_mask=EE_E"":1,""obs_mistake_mask=E_E_"":1,""obs_mistake_mask=_E_E"":1,""obs_mistake_mask=__E_"":1}"
   2567168,         0,         0,   119.6,decoder_by_matrix,e41ade2e4684e0396b9a3890c882b6453b515d69885aa1d89a26ce21ec554895,"{""distance"":5,""physical_error_rate"":1e-06}","{""detection_events"":1915,""detectors_checked"":436418560}"
   1526784,         1,         0,   119.6,decoder_by_matrix,b84cf4b8ca220d31f17e1e2ea9ab927bbc4176b15682c650e7d1dd8f2758172b,"{""distance"":5,""physical_error_rate"":0.0005}","{""detection_events"":437635,""detectors_checked"":259553280,""obs_mistake_mask=_EEE"":1}"
   2582528,         0,         0,   119.6,decoder_by_matrix,fa5edda0c1038186c8afbec49b0215a0b852396cdb50783a3f937fdf51d2afac,"{""distance"":5,""physical_error_rate"":1e-05}","{""detection_events"":15050,""detectors_checked"":439029760}"
   1548288,         3,         0,   119.6,decoder_by_matrix,066a5d8d46981b593c3dec855f441edbe9e755a8873183448f69d036a2ecc650,"{""distance"":5,""physical_error_rate"":0.001}","{""detection_events"":886770,""detectors_checked"":263208960,""obs_mistake_mask=E___"":2,""obs_mistake_mask=__EE"":1}"
   2125824,         0,         0,   119.5,decoder_by_matrix,0421d486f8a041838688df650e87c0a19c3450ab7a7cc8b3dc589ebff86d1c74,"{""distance"":5,""physical_error_rate"":0.0001}","{""detection_events"":119650,""detectors_checked"":361390080}"
   2214912,         0,         0,   119.6,decoder_by_matrix,b84cf4b8ca220d31f17e1e2ea9ab927bbc4176b15682c650e7d1dd8f2758172b,"{""distance"":5,""physical_error_rate"":0.0005}","{""detection_events"":628785,""detectors_checked"":376535040}"
   1556480,         0,         0,   119.6,decoder_by_matrix,0421d486f8a041838688df650e87c0a19c3450ab7a7cc8b3dc589ebff86d1c74,"{""distance"":5,""physical_error_rate"":0.0001}","{""detection_events"":90300,""detectors_checked"":264601600}"
   1595392,         0,         0,   119.5,decoder_by_matrix,9c6baee88fc81e7d1aa345fcb3feec7ee81f21c5d49cb6ca037118097d89e180,"{""distance"":5,""physical_error_rate"":5e-05}","{""detection_events"":45890,""detectors_checked"":271216640}"
   1595392,         0,         0,   119.6,decoder_by_matrix,fa5edda0c1038186c8afbec49b0215a0b852396cdb50783a3f937fdf51d2afac,"{""distance"":5,""physical_error_rate"":1e-05}","{""detection_events"":8345,""detectors_checked"":271216640}"
   1606656,         0,         0,   119.7,decoder_by_matrix,3c866087b289edc25e9adea730044a15db18cabfd3ae2507fc844d5b4e03657a,"{""distance"":5,""physical_error_rate"":5e-06}","{""detection_events"":4610,""detectors_checked"":273131520}"
   1613824,         0,         0,   119.5,decoder_by_matrix,e41ade2e4684e0396b9a3890c882b6453b515d69885aa1d89a26ce21ec554895,"{""distance"":5,""physical_error_rate"":1e-06}","{""detection_events"":735,""detectors_checked"":274350080}"
   1560576,         0,         0,   119.5,decoder_by_matrix,b84cf4b8ca220d31f17e1e2ea9ab927bbc4176b15682c650e7d1dd8f2758172b,"{""distance"":5,""physical_error_rate"":0.0005}","{""detection_events"":444665,""detectors_checked"":265297920}"
   1494016,         0,         0,   119.5,decoder_by_matrix,0421d486f8a041838688df650e87c0a19c3450ab7a7cc8b3dc589ebff86d1c74,"{""distance"":5,""physical_error_rate"":0.0001}","{""detection_events"":86360,""detectors_checked"":253982720}"
   1644544,         0,         0,   119.6,decoder_by_matrix,3c866087b289edc25e9adea730044a15db18cabfd3ae2507fc844d5b4e03657a,"{""distance"":5,""physical_error_rate"":5e-06}","{""detection_events"":4920,""detectors_checked"":279572480}"
   1613824,         0,         0,   119.6,decoder_by_matrix,e41ade2e4684e0396b9a3890c882b6453b515d69885aa1d89a26ce21ec554895,"{""distance"":5,""physical_error_rate"":1e-06}","{""detection_events"":1025,""detectors_checked"":274350080}"
   1618944,         0,         0,   119.5,decoder_by_matrix,fa5edda0c1038186c8afbec49b0215a0b852396cdb50783a3f937fdf51d2afac,"{""distance"":5,""physical_error_rate"":1e-05}","{""detection_events"":9245,""detectors_checked"":275220480}"
   1574912,         0,         0,   119.6,decoder_by_matrix,0421d486f8a041838688df650e87c0a19c3450ab7a7cc8b3dc589ebff86d1c74,"{""distance"":5,""physical_error_rate"":0.0001}","{""detection_events"":91425,""detectors_checked"":267735040}"
   1582080,         0,         0,   119.6,decoder_by_matrix,9c6baee88fc81e7d1aa345fcb3feec7ee81f21c5d49cb6ca037118097d89e180,"{""distance"":5,""physical_error_rate"":5e-05}","{""detection_events"":44605,""detectors_checked"":268953600}"
   1520640,         4,         0,   119.7,decoder_by_matrix,066a5d8d46981b593c3dec855f441edbe9e755a8873183448f69d036a2ecc650,"{""distance"":5,""physical_error_rate"":0.001}","{""detection_events"":855760,""detectors_checked"":258508800,""obs_mistake_mask=E_E_"":1,""obs_mistake_mask=E__E"":1,""obs_mistake_mask=E___"":2}"
   1575936,         0,         0,   119.6,decoder_by_matrix,fa5edda0c1038186c8afbec49b0215a0b852396cdb50783a3f937fdf51d2afac,"{""distance"":5,""physical_error_rate"":1e-05}","{""detection_events"":8570,""detectors_checked"":267909120}"
   1630208,         0,         0,   119.5,decoder_by_matrix,e41ade2e4684e0396b9a3890c882b6453b515d69885aa1d89a26ce21ec554895,"{""distance"":5,""physical_error_rate"":1e-06}","{""detection_events"":960,""detectors_checked"":277135360}"
   1494016,         0,         0,   119.6,decoder_by_matrix,0421d486f8a041838688df650e87c0a19c3450ab7a7cc8b3dc589ebff86d1c74,"{""distance"":5,""physical_error_rate"":0.0001}","{""detection_events"":83900,""detectors_checked"":253982720}"
   1572864,         0,         0,   119.6,decoder_by_matrix,e41ade2e4684e0396b9a3890c882b6453b515d69885aa1d89a26ce21ec554895,"{""distance"":5,""physical_error_rate"":1e-06}","{""detection_events"":720,""detectors_checked"":267386880}"
   1488896,         0,         0,   119.6,decoder_by_matrix,9c6baee88fc81e7d1aa345fcb3feec7ee81f21c5d49cb6ca037118097d89e180,"{""distance"":5,""physical_error_rate"":5e-05}","{""detection_events"":42440,""detectors_checked"":253112320}"
   1584128,         0,         0,   119.6,decoder_by_matrix,fa5edda0c1038186c8afbec49b0215a0b852396cdb50783a3f937fdf51d2afac,"{""distance"":5,""physical_error_rate"":1e-05}","{""detection_events"":9035,""detectors_checked"":269301760}"
   1599488,         0,         0,   119.6,decoder_by_matrix,e41ade2e4684e0396b9a3890c882b6453b515d69885aa1d89a26ce21ec554895,"{""distance"":5,""physical_error_rate"":1e-06}","{""detection_events"":710,""detectors_checked"":271912960}"
   1610752,         0,         0,   119.5,decoder_by_matrix,3c866087b289edc25e9adea730044a15db18cabfd3ae2507fc844d5b4e03657a,"{""distance"":5,""physical_error_rate"":5e-06}","{""detection_events"":4970,""detectors_checked"":273827840}"
   1551360,         0,         0,   119.6,decoder_by_matrix,3c866087b289edc25e9adea730044a15db18cabfd3ae2507fc844d5b4e03657a,"{""distance"":5,""physical_error_rate"":5e-06}","{""detection_events"":4325,""detectors_checked"":263731200}"
   1540096,         0,         0,   119.6,decoder_by_matrix,0421d486f8a041838688df650e87c0a19c3450ab7a7cc8b3dc589ebff86d1c74,"{""distance"":5,""physical_error_rate"":0.0001}","{""detection_events"":87485,""detectors_checked"":261816320}"
   1528832,         1,         0,   119.6,decoder_by_matrix,b84cf4b8ca220d31f17e1e2ea9ab927bbc4176b15682c650e7d1dd8f2758172b,"{""distance"":5,""physical_error_rate"":0.0005}","{""detection_events"":432145,""detectors_checked"":259901440,""obs_mistake_mask=E__E"":1}"
   1500160,         0,         0,   119.6,decoder_by_matrix,b84cf4b8ca220d31f17e1e2ea9ab927bbc4176b15682c650e7d1dd8f2758172b,"{""distance"":5,""physical_error_rate"":0.0005}","{""detection_events"":419635,""detectors_checked"":255027200}"
   1598464,         0,         0,   119.6,decoder_by_matrix,fa5edda0c1038186c8afbec49b0215a0b852396cdb50783a3f937fdf51d2afac,"{""distance"":5,""physical_error_rate"":1e-05}","{""detection_events"":9885,""detectors_checked"":271738880}"
   1620992,         0,         0,   119.6,decoder_by_matrix,3c866087b289edc25e9adea730044a15db18cabfd3ae2507fc844d5b4e03657a,"{""distance"":5,""physical_error_rate"":5e-06}","{""detection_events"":4355,""detectors_checked"":275568640}"
   1518592,         0,         0,   119.6,decoder_by_matrix,9c6baee88fc81e7d1aa345fcb3feec7ee81f21c5d49cb6ca037118097d89e180,"{""distance"":5,""physical_error_rate"":5e-05}","{""detection_events"":43065,""detectors_checked"":258160640}"
   1514496,         1,         0,   119.6,decoder_by_matrix,066a5d8d46981b593c3dec855f441edbe9e755a8873183448f69d036a2ecc650,"{""distance"":5,""physical_error_rate"":0.001}","{""detection_events"":853910,""detectors_checked"":257464320,""obs_mistake_mask=EE_E"":1}"
   6896640,        21,         0,   119.2,decoder_by_matrix,066a5d8d46981b593c3dec855f441edbe9e755a8873183448f69d036a2ecc650,"{""distance"":5,""physical_error_rate"":0.001}","{""detection_events"":3913215,""detectors_checked"":1172428800,""obs_mistake_mask=EEE_"":1,""obs_mistake_mask=E_E_"":2,""obs_mistake_mask=E__E"":3,""obs_mistake_mask=E___"":5,""obs_mistake_mask=_E_E"":4,""obs_mistake_mask=_E__"":4,""obs_mistake_mask=__E_"":1,""obs_mistake_mask=___E"":1}"
   1662976,         0,         0,   119.6,decoder_by_matrix,3c866087b289edc25e9adea730044a15db18cabfd3ae2507fc844d5b4e03657a,"{""distance"":5,""physical_error_rate"":5e-06}","{""detection_events"":4650,""detectors_checked"":282705920}"
   1629184,         0,         0,   119.6,decoder_by_matrix,e41ade2e4684e0396b9a3890c882b6453b515d69885aa1d89a26ce21ec554895,"{""distance"":5,""physical_error_rate"":1e-06}","{""detection_events"":880,""detectors_checked"":276961280}"
   1548288,         0,         0,   119.6,decoder_by_matrix,0421d486f8a041838688df650e87c0a19c3450ab7a7cc8b3dc589ebff86d1c74,"{""distance"":5,""physical_error_rate"":0.0001}","{""detection_events"":87775,""detectors_checked"":263208960}"
   1592320,         0,         0,   119.6,decoder_by_matrix,fa5edda0c1038186c8afbec49b0215a0b852396cdb50783a3f937fdf51d2afac,"{""distance"":5,""physical_error_rate"":1e-05}","{""detection_events"":9430,""detectors_checked"":270694400}"
   1563648,         0,         0,   119.4,decoder_by_matrix,9c6baee88fc81e7d1aa345fcb3feec7ee81f21c5d49cb6ca037118097d89e180,"{""distance"":5,""physical_error_rate"":5e-05}","{""detection_events"":44560,""detectors_checked"":265820160}"
   1557504,         0,         0,   119.5,decoder_by_matrix,b84cf4b8ca220d31f17e1e2ea9ab927bbc4176b15682c650e7d1dd8f2758172b,"{""distance"":5,""physical_error_rate"":0.0005}","{""detection_events"":444490,""detectors_checked"":264775680}"
   1581056,         0,         0,   119.6,decoder_by_matrix,b84cf4b8ca220d31f17e1e2ea9ab927bbc4176b15682c650e7d1dd8f2758172b,"{""distance"":5,""physical_error_rate"":0.0005}","{""detection_events"":450705,""detectors_checked"":268779520}"
   1515520,         4,         0,   119.6,decoder_by_matrix,066a5d8d46981b593c3dec855f441edbe9e755a8873183448f69d036a2ecc650,"{""distance"":5,""physical_error_rate"":0.001}","{""detection_events"":860790,""detectors_checked"":257638400,""obs_mistake_mask=E_E_"":1,""obs_mistake_mask=E___"":1,""obs_mistake_mask=_E__"":1,""obs_mistake_mask=__E_"":1}"
   1505280,         0,         0,   119.6,decoder_by_matrix,9c6baee88fc81e7d1aa345fcb3feec7ee81f21c5d49cb6ca037118097d89e180,"{""distance"":5,""physical_error_rate"":5e-05}","{""detection_events"":41345,""detectors_checked"":255897600}"
   2124800,         0,         0,   119.6,decoder_by_matrix,9c6baee88fc81e7d1aa345fcb3feec7ee81f21c5d49cb6ca037118097d89e180,"{""distance"":5,""physical_error_rate"":5e-05}","{""detection_events"":62700,""detectors_checked"":361216000}"
   2515968,         0,         0,   119.5,decoder_by_matrix,3c866087b289edc25e9adea730044a15db18cabfd3ae2507fc844d5b4e03657a,"{""distance"":5,""physical_error_rate"":5e-06}","{""detection_events"":7485,""detectors_checked"":427714560}"
   1560576,         3,         0,   119.6,decoder_by_matrix,066a5d8d46981b593c3dec855f441edbe9e755a8873183448f69d036a2ecc650,"{""distance"":5,""physical_error_rate"":0.001}","{""detection_events"":882370,""detectors_checked"":265297920,""obs_mistake_mask=E_E_"":1,""obs_mistake_mask=___E"":2}"
   2370560,         0,         0,   119.5,decoder_by_matrix,fa5edda0c1038186c8afbec49b0215a0b852396cdb50783a3f937fdf51d2afac,"{""distance"":5,""physical_error_rate"":1e-05}","{""detection_events"":13725,""detectors_checked"":402995200}"
   2568192,         0,         0,   119.6,decoder_by_matrix,e41ade2e4684e0396b9a3890c882b6453b515d69885aa1d89a26ce21ec554895,"{""distance"":5,""physical_error_rate"":1e-06}","{""detection_events"":1735,""detectors_checked"":436592640}"
   1566720,         1,         0,   119.6,decoder_by_matrix,b84cf4b8ca220d31f17e1e2ea9ab927bbc4176b15682c650e7d1dd8f2758172b,"{""distance"":5,""physical_error_rate"":0.0005}","{""detection_events"":447730,""detectors_checked"":266342400,""obs_mistake_mask=E_E_"":1}"
   1560576,         2,         0,   119.6,decoder_by_matrix,066a5d8d46981b593c3dec855f441edbe9e755a8873183448f69d036a2ecc650,"{""distance"":5,""physical_error_rate"":0.001}","{""detection_events"":882210,""detectors_checked"":265297920,""obs_mistake_mask=E___"":1,""obs_mistake_mask=__E_"":1}"
   1989632,         0,         0,   119.6,decoder_by_matrix,0421d486f8a041838688df650e87c0a19c3450ab7a7cc8b3dc589ebff86d1c74,"{""distance"":5,""physical_error_rate"":0.0001}","{""detection_events"":113350,""detectors_checked"":338237440}"
   1638400,         0,         0,   119.6,decoder_by_matrix,0421d486f8a041838688df650e87c0a19c3450ab7a7cc8b3dc589ebff86d1c74,"{""distance"":5,""physical_error_rate"":0.0001}","{""detection_events"":94220,""detectors_checked"":278528000}"
   1766400,         0,         0,   119.7,decoder_by_matrix,b84cf4b8ca220d31f17e1e2ea9ab927bbc4176b15682c650e7d1dd8f2758172b,"{""distance"":5,""physical_error_rate"":0.0005}","{""detection_events"":495025,""detectors_checked"":300288000}"
   1658880,         0,         0,   119.6,decoder_by_matrix,9c6baee88fc81e7d1aa345fcb3feec7ee81f21c5d49cb6ca037118097d89e180,"{""distance"":5,""physical_error_rate"":5e-05}","{""detection_events"":48315,""detectors_checked"":282009600}"
   1624064,         0,         0,   119.7,decoder_by_matrix,fa5edda0c1038186c8afbec49b0215a0b852396cdb50783a3f937fdf51d2afac,"{""distance"":5,""physical_error_rate"":1e-05}","{""detection_events"":9270,""detectors_checked"":276090880}"
   1623040,         0,         0,   119.6,decoder_by_matrix,3c866087b289edc25e9adea730044a15db18cabfd3ae2507fc844d5b4e03657a,"{""distance"":5,""physical_error_rate"":5e-06}","{""detection_events"":4525,""detectors_checked"":275916800}"
   1615872,         0,         0,   119.5,decoder_by_matrix,e41ade2e4684e0396b9a3890c882b6453b515d69885aa1d89a26ce21ec554895,"{""distance"":5,""physical_error_rate"":1e-06}","{""detection_events"":725,""detectors_checked"":274698240}"
   1572864,         2,         0,   119.6,decoder_by_matrix,b84cf4b8ca220d31f17e1e2ea9ab927bbc4176b15682c650e7d1dd8f2758172b,"{""distance"":5,""physical_error_rate"":0.0005}","{""detection_events"":449280,""detectors_checked"":267386880,""obs_mistake_mask=E__E"":2}"
   1556480,         0,         0,   119.5,decoder_by_matrix,0421d486f8a041838688df650e87c0a19c3450ab7a7cc8b3dc589ebff86d1c74,"{""distance"":5,""physical_error_rate"":0.0001}","{""detection_events"":88250,""detectors_checked"":264601600}"
   1641472,         0,         0,   119.6,decoder_by_matrix,3c866087b289edc25e9adea730044a15db18cabfd3ae2507fc844d5b4e03657a,"{""distance"":5,""physical_error_rate"":5e-06}","{""detection_events"":4240,""detectors_checked"":279050240}"
   1625088,         0,         0,   119.7,decoder_by_matrix,e41ade2e4684e0396b9a3890c882b6453b515d69885aa1d89a26ce21ec554895,"{""distance"":5,""physical_error_rate"":1e-06}","{""detection_events"":620,""detectors_checked"":276264960}"
   1647616,         0,         0,   119.7,decoder_by_matrix,fa5edda0c1038186c8afbec49b0215a0b852396cdb50783a3f937fdf51d2afac,"{""distance"":5,""physical_error_rate"":1e-05}","{""detection_events"":9015,""detectors_checked"":280094720}"
   1587200,         0,         0,   119.6,decoder_by_matrix,0421d486f8a041838688df650e87c0a19c3450ab7a7cc8b3dc589ebff86d1c74,"{""distance"":5,""physical_error_rate"":0.0001}","{""detection_events"":90640,""detectors_checked"":269824000}"
   1582080,         0,         0,   119.6,decoder_by_matrix,9c6baee88fc81e7d1aa345fcb3feec7ee81f21c5d49cb6ca037118097d89e180,"{""distance"":5,""physical_error_rate"":5e-05}","{""detection_events"":43905,""detectors_checked"":268953600}"
   1585152,         8,         0,   119.7,decoder_by_matrix,066a5d8d46981b593c3dec855f441edbe9e755a8873183448f69d036a2ecc650,"{""distance"":5,""physical_error_rate"":0.001}","{""detection_events"":902810,""detectors_checked"":269475840,""obs_mistake_mask=E__E"":2,""obs_mistake_mask=E___"":3,""obs_mistake_mask=__EE"":1,""obs_mistake_mask=__E_"":1,""obs_mistake_mask=___E"":1}"
   1591296,         0,         0,   119.6,decoder_by_matrix,fa5edda0c1038186c8afbec49b0215a0b852396cdb50783a3f937fdf51d2afac,"{""distance"":5,""physical_error_rate"":1e-05}","{""detection_events"":9270,""detectors_checked"":270520320}"
   1667072,         0,         0,   119.6,decoder_by_matrix,e41ade2e4684e0396b9a3890c882b6453b515d69885aa1d89a26ce21ec554895,"{""distance"":5,""physical_error_rate"":1e-06}","{""detection_events"":1390,""detectors_checked"":283402240}"
   1536000,         0,         0,   119.7,decoder_by_matrix,0421d486f8a041838688df650e87c0a19c3450ab7a7cc8b3dc589ebff86d1c74,"{""distance"":5,""physical_error_rate"":0.0001}","{""detection_events"":90500,""detectors_checked"":261120000}"
   1541120,         0,         0,   119.5,decoder_by_matrix,e41ade2e4684e0396b9a3890c882b6453b515d69885aa1d89a26ce21ec554895,"{""distance"":5,""physical_error_rate"":1e-06}","{""detection_events"":980,""detectors_checked"":261990400}"
   1545216,         0,         0,   119.6,decoder_by_matrix,9c6baee88fc81e7d1aa345fcb3feec7ee81f21c5d49cb6ca037118097d89e180,"{""distance"":5,""physical_error_rate"":5e-05}","{""detection_events"":44045,""detectors_checked"":262686720}"
   1656832,         0,         0,   119.7,decoder_by_matrix,fa5edda0c1038186c8afbec49b0215a0b852396cdb50783a3f937fdf51d2afac,"{""distance"":5,""physical_error_rate"":1e-05}","{""detection_events"":8885,""detectors_checked"":281661440}"
   1626112,         0,         0,   119.6,decoder_by_matrix,e41ade2e4684e0396b9a3890c882b6453b515d69885aa1d89a26ce21ec554895,"{""distance"":5,""physical_error_rate"":1e-06}","{""detection_events"":910,""detectors_checked"":276439040}"
   1626112,         0,         0,   119.6,decoder_by_matrix,3c866087b289edc25e9adea730044a15db18cabfd3ae2507fc844d5b4e03657a,"{""distance"":5,""physical_error_rate"":5e-06}","{""detection_events"":4790,""detectors_checked"":276439040}"
   1625088,         0,         0,   119.5,decoder_by_matrix,3c866087b289edc25e9adea730044a15db18cabfd3ae2507fc844d5b4e03657a,"{""distance"":5,""physical_error_rate"":5e-06}","{""detection_events"":4065,""detectors_checked"":276264960}"
   1542144,         0,         0,   119.6,decoder_by_matrix,0421d486f8a041838688df650e87c0a19c3450ab7a7cc8b3dc589ebff86d1c74,"{""distance"":5,""physical_error_rate"":0.0001}","{""detection_events"":88875,""detectors_checked"":262164480}"
   1518592,         0,         0,   119.6,decoder_by_matrix,b84cf4b8ca220d31f17e1e2ea9ab927bbc4176b15682c650e7d1dd8f2758172b,"{""distance"":5,""physical_error_rate"":0.0005}","{""detection_events"":436840,""detectors_checked"":258160640}"
   1527808,         2,         0,   119.6,decoder_by_matrix,b84cf4b8ca220d31f17e1e2ea9ab927bbc4176b15682c650e7d1dd8f2758172b,"{""distance"":5,""physical_error_rate"":0.0005}","{""detection_events"":432355,""detectors_checked"":259727360,""obs_mistake_mask=E__E"":1,""obs_mistake_mask=_E__"":1}"
   1610752,         0,         0,   119.6,decoder_by_matrix,fa5edda0c1038186c8afbec49b0215a0b852396cdb50783a3f937fdf51d2afac,"{""distance"":5,""physical_error_rate"":1e-05}","{""detection_events"":9425,""detectors_checked"":273827840}"
   1586176,         0,         0,   119.5,decoder_by_matrix,3c866087b289edc25e9adea730044a15db18cabfd3ae2507fc844d5b4e03657a,"{""distance"":5,""physical_error_rate"":5e-06}","{""detection_events"":4575,""detectors_checked"":269649920}"
   1546240,         0,         0,   119.6,decoder_by_matrix,9c6baee88fc81e7d1aa345fcb3feec7ee81f21c5d49cb6ca037118097d89e180,"{""distance"":5,""physical_error_rate"":5e-05}","{""detection_events"":43600,""detectors_checked"":262860800}"
   1523712,         2,         0,   119.5,decoder_by_matrix,066a5d8d46981b593c3dec855f441edbe9e755a8873183448f69d036a2ecc650,"{""distance"":5,""physical_error_rate"":0.001}","{""detection_events"":871945,""detectors_checked"":259031040,""obs_mistake_mask=E__E"":1,""obs_mistake_mask=_E__"":1}"
   6699008,        11,         0,   119.2,decoder_by_matrix,066a5d8d46981b593c3dec855f441edbe9e755a8873183448f69d036a2ecc650,"{""distance"":5,""physical_error_rate"":0.001}","{""detection_events"":3789030,""detectors_checked"":1138831360,""obs_mistake_mask=EEE_"":1,""obs_mistake_mask=EE_E"":1,""obs_mistake_mask=EE__"":1,""obs_mistake_mask=E_E_"":2,""obs_mistake_mask=E___"":1,""obs_mistake_mask=_E_E"":1,""obs_mistake_mask=__EE"":1,""obs_mistake_mask=__E_"":2,""obs_mistake_mask=___E"":1}"
   1610752,         0,         0,   119.6,decoder_by_matrix,3c866087b289edc25e9adea730044a15db18cabfd3ae2507fc844d5b4e03657a,"{""distance"":5,""physical_error_rate"":5e-06}","{""detection_events"":4390,""detectors_checked"":273827840}"
   1602560,         0,         0,   119.5,decoder_by_matrix,e41ade2e4684e0396b9a3890c882b6453b515d69885aa1d89a26ce21ec554895,"{""distance"":5,""physical_error_rate"":1e-06}","{""detection_events"":1105,""detectors_checked"":272435200}"
   1538048,         0,         0,   119.5,decoder_by_matrix,0421d486f8a041838688df650e87c0a19c3450ab7a7cc8b3dc589ebff86d1c74,"{""distance"":5,""physical_error_rate"":0.0001}","{""detection_events"":85505,""detectors_checked"":261468160}"
   1614848,         0,         0,   119.6,decoder_by_matrix,fa5edda0c1038186c8afbec49b0215a0b852396cdb50783a3f937fdf51d2afac,"{""distance"":5,""physical_error_rate"":1e-05}","{""detection_events"":9070,""detectors_checked"":274524160}"
   1511424,         0,         0,   119.6,decoder_by_matrix,9c6baee88fc81e7d1aa345fcb3feec7ee81f21c5d49cb6ca037118097d89e180,"{""distance"":5,""physical_error_rate"":5e-05}","{""detection_events"":45635,""detectors_checked"":256942080}"
   1489920,         0,         0,   119.5,decoder_by_matrix,b84cf4b8ca220d31f17e1e2ea9ab927bbc4176b15682c650e7d1dd8f2758172b,"{""distance"":5,""physical_error_rate"":0.0005}","{""detection_events"":425080,""detectors_checked"":253286400}"
   1548288,         0,         0,   119.5,decoder_by_matrix,b84cf4b8ca220d31f17e1e2ea9ab927bbc4176b15682c650e7d1dd8f2758172b,"{""distance"":5,""physical_error_rate"":0.0005}","{""detection_events"":437215,""detectors_checked"":263208960}"
   1518592,         2,         0,   119.7,decoder_by_matrix,066a5d8d46981b593c3dec855f441edbe9e755a8873183448f69d036a2ecc650,"{""distance"":5,""physical_error_rate"":0.001}","{""detection_events"":862970,""detectors_checked"":258160640,""obs_mistake_mask=E_E_"":1,""obs_mistake_mask=E___"":1}"
   1505280,         0,         0,   119.6,decoder_by_matrix,9c6baee88fc81e7d1aa345fcb3feec7ee81f21c5d49cb6ca037118097d89e180,"{""distance"":5,""physical_error_rate"":5e-05}","{""detection_events"":40935,""detectors_checked"":255897600}"
   2288640,         0,         0,   119.6,decoder_by_matrix,9c6baee88fc81e7d1aa345fcb3feec7ee81f21c5d49cb6ca037118097d89e180,"{""distance"":5,""physical_error_rate"":5e-05}","{""detection_events"":64820,""detectors_checked"":389068800}"
   2593792,         0,         0,   119.5,decoder_by_matrix,3c866087b289edc25e9adea730044a15db18cabfd3ae2507fc844d5b4e03657a,"{""distance"":5,""physical_error_rate"":5e-06}","{""detection_events"":7440,""detectors_checked"":440944640}"
   1551360,         4,         0,   119.6,decoder_by_matrix,066a5d8d46981b593c3dec855f441edbe9e755a8873183448f69d036a2ecc650,"{""distance"":5,""physical_error_rate"":0.001}","{""detection_events"":873075,""detectors_checked"":263731200,""obs_mistake_mask=EE_E"":1,""obs_mistake_mask=EE__"":2,""obs_mistake_mask=__EE"":1}"
   2534400,         0,         0,   119.5,decoder_by_matrix,e41ade2e4684e0396b9a3890c882b6453b515d69885aa1d89a26ce21ec554895,"{""distance"":5,""physical_error_rate"":1e-06}","{""detection_events"":1465,""detectors_checked"":430848000}"
   2371584,         0,         0,   119.5,decoder_by_matrix,fa5edda0c1038186c8afbec49b0215a0b852396cdb50783a3f937fdf51d2afac,"{""distance"":5,""physical_error_rate"":1e-05}","{""detection_events"":12820,""detectors_checked"":403169280}"
   1529856,         0,         0,   119.7,decoder_by_matrix,b84cf4b8ca220d31f17e1e2ea9ab927bbc4176b15682c650e7d1dd8f2758172b,"{""distance"":5,""physical_error_rate"":0.0005}","{""detection_events"":434970,""detectors_checked"":260075520}"
   1542144,         3,         0,   119.5,decoder_by_matrix,066a5d8d46981b593c3dec855f441edbe9e755a8873183448f69d036a2ecc650,"{""distance"":5,""physical_error_rate"":0.001}","{""detection_events"":872380,""detectors_checked"":262164480,""obs_mistake_mask=EE__"":1,""obs_mistake_mask=E_EE"":1,""obs_mistake_mask=__EE"":1}"
   2144256,         0,         0,   119.6,decoder_by_matrix,0421d486f8a041838688df650e87c0a19c3450ab7a7cc8b3dc589ebff86d1c74,"{""distance"":5,""physical_error_rate"":0.0001}","{""detection_events"":122660,""detectors_checked"":364523520}"
   1599488,         0,         0,   119.5,decoder_by_matrix,0421d486f8a041838688df650e87c0a19c3450ab7a7cc8b3dc589ebff86d1c74,"{""distance"":5,""physical_error_rate"":0.0001}","{""detection_events"":90650,""detectors_checked"":271912960}"
   2137088,         1,         0,   119.6,decoder_by_matrix,b84cf4b8ca220d31f17e1e2ea9ab927bbc4176b15682c650e7d1dd8f2758172b,"{""distance"":5,""physical_error_rate"":0.0005}","{""detection_events"":611740,""detectors_checked"":363304960,""obs_mistake_mask=___E"":1}"
   1625088,         0,         0,   119.6,decoder_by_matrix,9c6baee88fc81e7d1aa345fcb3feec7ee81f21c5d49cb6ca037118097d89e180,"{""distance"":5,""physical_error_rate"":5e-05}","{""detection_events"":45580,""detectors_checked"":276264960}"
   1600512,         0,         0,   119.6,decoder_by_matrix,fa5edda0c1038186c8afbec49b0215a0b852396cdb50783a3f937fdf51d2afac,"{""distance"":5,""physical_error_rate"":1e-05}","{""detection_events"":7785,""detectors_checked"":272087040}"
   1598464,         0,         0,   119.5,decoder_by_matrix,3c866087b289edc25e9adea730044a15db18cabfd3ae2507fc844d5b4e03657a,"{""distance"":5,""physical_error_rate"":5e-06}","{""detection_events"":4215,""detectors_checked"":271738880}"
   1602560,         0,         0,   119.6,decoder_by_matrix,e41ade2e4684e0396b9a3890c882b6453b515d69885aa1d89a26ce21ec554895,"{""distance"":5,""physical_error_rate"":1e-06}","{""detection_events"":790,""detectors_checked"":272435200}"
   1575936,         2,         0,   119.6,decoder_by_matrix,b84cf4b8ca220d31f17e1e2ea9ab927bbc4176b15682c650e7d1dd8f2758172b,"{""distance"":5,""physical_error_rate"":0.0005}","{""detection_events"":442150,""detectors_checked"":267909120,""obs_mistake_mask=E___"":1,""obs_mistake_mask=_EE_"":1}"
   1519616,         0,         0,   119.6,decoder_by_matrix,0421d486f8a041838688df650e87c0a19c3450ab7a7cc8b3dc589ebff86d1c74,"{""distance"":5,""physical_error_rate"":0.0001}","{""detection_events"":86215,""detectors_checked"":258334720}"
   1641472,         0,         0,   119.6,decoder_by_matrix,3c866087b289edc25e9adea730044a15db18cabfd3ae2507fc844d5b4e03657a,"{""distance"":5,""physical_error_rate"":5e-06}","{""detection_events"":5045,""detectors_checked"":279050240}"
   1634304,         0,         0,   119.6,decoder_by_matrix,e41ade2e4684e0396b9a3890c882b6453b515d69885aa1d89a26ce21ec554895,"{""distance"":5,""physical_error_rate"":1e-06}","{""detection_events"":740,""detectors_checked"":277831680}"
   1644544,         0,         0,   119.6,decoder_by_matrix,fa5edda0c1038186c8afbec49b0215a0b852396cdb50783a3f937fdf51d2afac,"{""distance"":5,""physical_error_rate"":1e-05}","{""detection_events"":9935,""detectors_checked"":279572480}"
   1588224,         0,         0,   119.5,decoder_by_matrix,0421d486f8a041838688df650e87c0a19c3450ab7a7cc8b3dc589ebff86d1c74,"{""distance"":5,""physical_error_rate"":0.0001}","{""detection_events"":89745,""detectors_checked"":269998080}"
   1576960,         0,         0,   119.6,decoder_by_matrix,9c6baee88fc81e7d1aa345fcb3feec7ee81f21c5d49cb6ca037118097d89e180,"{""distance"":5,""physical_error_rate"":5e-05}","{""detection_events"":45150,""detectors_checked"":268083200}"
   1541120,         0,         0,   119.6,decoder_by_matrix,066a5d8d46981b593c3dec855f441edbe9e755a8873183448f69d036a2ecc650,"{""distance"":5,""physical_error_rate"":0.001}","{""detection_events"":872385,""detectors_checked"":261990400}"
   1537024,         0,         0,   119.6,decoder_by_matrix,fa5edda0c1038186c8afbec49b0215a0b852396cdb50783a3f937fdf51d2afac,"{""distance"":5,""physical_error_rate"":1e-05}","{""detection_events"":8310,""detectors_checked"":261294080}"
   1576960,         0,         0,   119.6,decoder_by_matrix,e41ade2e4684e0396b9a3890c882b6453b515d69885aa1d89a26ce21ec554895,"{""distance"":5,""physical_error_rate"":1e-06}","{""detection_events"":1060,""detectors_checked"":268083200}"
   1499136,         0,         0,   119.6,decoder_by_matrix,0421d486f8a041838688df650e87c0a19c3450ab7a7cc8b3dc589ebff86d1c74,"{""distance"":5,""physical_error_rate"":0.0001}","{""detection_events"":84100,""detectors_checked"":254853120}"
   1539072,         0,         0,   119.5,decoder_by_matrix,e41ade2e4684e0396b9a3890c882b6453b515d69885aa1d89a26ce21ec554895,"{""distance"":5,""physical_error_rate"":1e-06}","{""detection_events"":980,""detectors_checked"":261642240}"
   1537024,         0,         0,   119.5,decoder_by_matrix,9c6baee88fc81e7d1aa345fcb3feec7ee81f21c5d49cb6ca037118097d89e180,"{""distance"":5,""physical_error_rate"":5e-05}","{""detection_events"":42400,""detectors_checked"":261294080}"
   1612800,         0,         0,   119.6,decoder_by_matrix,fa5edda0c1038186c8afbec49b0215a0b852396cdb50783a3f937fdf51d2afac,"{""distance"":5,""physical_error_rate"":1e-05}","{""detection_events"":9165,""detectors_checked"":274176000}"
   1575936,         0,         0,   119.6,decoder_by_matrix,e41ade2e4684e0396b9a3890c882b6453b515d69885aa1d89a26ce21ec554895,"{""distance"":5,""physical_error_rate"":1e-06}","{""detection_events"":1025,""detectors_checked"":267909120}"
   1600512,         0,         0,   119.6,decoder_by_matrix,3c866087b289edc25e9adea730044a15db18cabfd3ae2507fc844d5b4e03657a,"{""distance"":5,""physical_error_rate"":5e-06}","{""detection_events"":4495,""detectors_checked"":272087040}"
   1577984,         0,         0,   119.6,decoder_by_matrix,3c866087b289edc25e9adea730044a15db18cabfd3ae2507fc844d5b4e03657a,"{""distance"":5,""physical_error_rate"":5e-06}","{""detection_events"":4630,""detectors_checked"":268257280}"
   1531904,         0,         0,   119.6,decoder_by_matrix,0421d486f8a041838688df650e87c0a19c3450ab7a7cc8b3dc589ebff86d1c74,"{""distance"":5,""physical_error_rate"":0.0001}","{""detection_events"":90490,""detectors_checked"":260423680}"
   1476608,         0,         0,   119.4,decoder_by_matrix,b84cf4b8ca220d31f17e1e2ea9ab927bbc4176b15682c650e7d1dd8f2758172b,"{""distance"":5,""physical_error_rate"":0.0005}","{""detection_events"":420505,""detectors_checked"":251023360}"
   1537024,         0,         0,   119.6,decoder_by_matrix,b84cf4b8ca220d31f17e1e2ea9ab927bbc4176b15682c650e7d1dd8f2758172b,"{""distance"":5,""physical_error_rate"":0.0005}","{""detection_events"":435620,""detectors_checked"":261294080}"
   1541120,         0,         0,   119.5,decoder_by_matrix,fa5edda0c1038186c8afbec49b0215a0b852396cdb50783a3f937fdf51d2afac,"{""distance"":5,""physical_error_rate"":1e-05}","{""detection_events"":8870,""detectors_checked"":261990400}"
   1597440,         0,         0,   119.6,decoder_by_matrix,3c866087b289edc25e9adea730044a15db18cabfd3ae2507fc844d5b4e03657a,"{""distance"":5,""physical_error_rate"":5e-06}","{""detection_events"":4795,""detectors_checked"":271564800}"
   1528832,         0,         0,   119.7,decoder_by_matrix,9c6baee88fc81e7d1aa345fcb3feec7ee81f21c5d49cb6ca037118097d89e180,"{""distance"":5,""physical_error_rate"":5e-05}","{""detection_events"":44585,""detectors_checked"":259901440}"
   1581056,         3,         0,   119.5,decoder_by_matrix,066a5d8d46981b593c3dec855f441edbe9e755a8873183448f69d036a2ecc650,"{""distance"":5,""physical_error_rate"":0.001}","{""detection_events"":896650,""detectors_checked"":268779520,""obs_mistake_mask=E___"":3}"
   7012352,        10,         0,   119.1,decoder_by_matrix,066a5d8d46981b593c3dec855f441edbe9e755a8873183448f69d036a2ecc650,"{""distance"":5,""physical_error_rate"":0.001}","{""detection_events"":3969745,""detectors_checked"":1192099840,""obs_mistake_mask=EE__"":1,""obs_mistake_mask=E_EE"":1,""obs_mistake_mask=E_E_"":1,""obs_mistake_mask=E___"":1,""obs_mistake_mask=_EEE"":1,""obs_mistake_mask=_E__"":1,""obs_mistake_mask=__EE"":2,""obs_mistake_mask=__E_"":2}"
   1650688,         0,         0,   119.7,decoder_by_matrix,3c866087b289edc25e9adea730044a15db18cabfd3ae2507fc844d5b4e03657a,"{""distance"":5,""physical_error_rate"":5e-06}","{""detection_events"":4525,""detectors_checked"":280616960}"
   1615872,         0,         0,   119.6,decoder_by_matrix,e41ade2e4684e0396b9a3890c882b6453b515d69885aa1d89a26ce21ec554895,"{""distance"":5,""physical_error_rate"":1e-06}","{""detection_events"":1065,""detectors_checked"":274698240}"
   1524736,         0,         0,   119.6,decoder_by_matrix,0421d486f8a041838688df650e87c0a19c3450ab7a7cc8b3dc589ebff86d1c74,"{""distance"":5,""physical_error_rate"":0.0001}","{""detection_events"":86580,""detectors_checked"":259205120}"
   1550336,         0,         0,   119.6,decoder_by_matrix,fa5edda0c1038186c8afbec49b0215a0b852396cdb50783a3f937fdf51d2afac,"{""distance"":5,""physical_error_rate"":1e-05}","{""detection_events"":8595,""detectors_checked"":263557120}"
   1570816,         0,         0,   119.5,decoder_by_matrix,9c6baee88fc81e7d1aa345fcb3feec7ee81f21c5d49cb6ca037118097d89e180,"{""distance"":5,""physical_error_rate"":5e-05}","{""detection_events"":45975,""detectors_checked"":267038720}"
   1569792,         0,         0,   119.7,decoder_by_matrix,b84cf4b8ca220d31f17e1e2ea9ab927bbc4176b15682c650e7d1dd8f2758172b,"{""distance"":5,""physical_error_rate"":0.0005}","{""detection_events"":441500,""detectors_checked"":266864640}"
   1564672,         2,         0,   119.6,decoder_by_matrix,b84cf4b8ca220d31f17e1e2ea9ab927bbc4176b15682c650e7d1dd8f2758172b,"{""distance"":5,""physical_error_rate"":0.0005}","{""detection_events"":448210,""detectors_checked"":265994240,""obs_mistake_mask=__E_"":1,""obs_mistake_mask=___E"":1}"
   1488896,         4,         0,   119.6,decoder_by_matrix,066a5d8d46981b593c3dec855f441edbe9e755a8873183448f69d036a2ecc650,"{""distance"":5,""physical_error_rate"":0.001}","{""detection_events"":845210,""detectors_checked"":253112320,""obs_mistake_mask=E_E_"":1,""obs_mistake_mask=E___"":1,""obs_mistake_mask=_EEE"":1,""obs_mistake_mask=__EE"":1}"
   1541120,         0,         0,   119.5,decoder_by_matrix,9c6baee88fc81e7d1aa345fcb3feec7ee81f21c5d49cb6ca037118097d89e180,"{""distance"":5,""physical_error_rate"":5e-05}","{""detection_events"":43045,""detectors_checked"":261990400}"
   2340864,         0,         0,   119.6,decoder_by_matrix,9c6baee88fc81e7d1aa345fcb3feec7ee81f21c5d49cb6ca037118097d89e180,"{""distance"":5,""physical_error_rate"":5e-05}","{""detection_events"":67075,""detectors_checked"":397946880}"
   2648064,         0,         0,   119.5,decoder_by_matrix,3c866087b289edc25e9adea730044a15db18cabfd3ae2507fc844d5b4e03657a,"{""distance"":5,""physical_error_rate"":5e-06}","{""detection_events"":8065,""detectors_checked"":450170880}"
   2538496,         0,         0,   119.6,decoder_by_matrix,e41ade2e4684e0396b9a3890c882b6453b515d69885aa1d89a26ce21ec554895,"{""distance"":5,""physical_error_rate"":1e-06}","{""detection_events"":1375,""detectors_checked"":431544320}"
   1549312,         1,         0,   119.5,decoder_by_matrix,b84cf4b8ca220d31f17e1e2ea9ab927bbc4176b15682c650e7d1dd8f2758172b,"{""distance"":5,""physical_error_rate"":0.0005}","{""detection_events"":435515,""detectors_checked"":263383040,""obs_mistake_mask=E___"":1}"
   1558528,         2,         0,   119.6,decoder_by_matrix,066a5d8d46981b593c3dec855f441edbe9e755a8873183448f69d036a2ecc650,"{""distance"":5,""physical_error_rate"":0.001}","{""detection_events"":883330,""detectors_checked"":264949760,""obs_mistake_mask=E___"":1,""obs_mistake_mask=_E__"":1}"
   2402304,         0,         0,   119.6,decoder_by_matrix,fa5edda0c1038186c8afbec49b0215a0b852396cdb50783a3f937fdf51d2afac,"{""distance"":5,""physical_error_rate"":1e-05}","{""detection_events"":13660,""detectors_checked"":408391680}"
   1567744,         2,         0,   119.6,decoder_by_matrix,066a5d8d46981b593c3dec855f441edbe9e755a8873183448f69d036a2ecc650,"{""distance"":5,""physical_error_rate"":0.001}","{""detection_events"":892545,""detectors_checked"":266516480,""obs_mistake_mask=E_EE"":1,""obs_mistake_mask=_E_E"":1}"
   2132992,         0,         0,   119.7,decoder_by_matrix,0421d486f8a041838688df650e87c0a19c3450ab7a7cc8b3dc589ebff86d1c74,"{""distance"":5,""physical_error_rate"":0.0001}","{""detection_events"":121280,""detectors_checked"":362608640}"
   1592320,         0,         0,   119.6,decoder_by_matrix,0421d486f8a041838688df650e87c0a19c3450ab7a7cc8b3dc589ebff86d1c74,"{""distance"":5,""physical_error_rate"":0.0001}","{""detection_events"":92570,""detectors_checked"":270694400}"
   2026496,         0,         0,   119.6,decoder_by_matrix,b84cf4b8ca220d31f17e1e2ea9ab927bbc4176b15682c650e7d1dd8f2758172b,"{""distance"":5,""physical_error_rate"":0.0005}","{""detection_events"":579865,""detectors_checked"":344504320}"
   1598464,         0,         0,   119.6,decoder_by_matrix,9c6baee88fc81e7d1aa345fcb3feec7ee81f21c5d49cb6ca037118097d89e180,"{""distance"":5,""physical_error_rate"":5e-05}","{""detection_events"":46200,""detectors_checked"":271738880}"
   1598464,         0,         0,   119.5,decoder_by_matrix,fa5edda0c1038186c8afbec49b0215a0b852396cdb50783a3f937fdf51d2afac,"{""distance"":5,""physical_error_rate"":1e-05}","{""detection_events"":9500,""detectors_checked"":271738880}"
   1607680,         0,         0,   119.6,decoder_by_matrix,3c866087b289edc25e9adea730044a15db18cabfd3ae2507fc844d5b4e03657a,"{""distance"":5,""physical_error_rate"":5e-06}","{""detection_events"":4900,""detectors_checked"":273305600}"
   1595392,         0,         0,   119.6,decoder_by_matrix,e41ade2e4684e0396b9a3890c882b6453b515d69885aa1d89a26ce21ec554895,"{""distance"":5,""physical_error_rate"":1e-06}","{""detection_events"":1180,""detectors_checked"":271216640}"
   1564672,         0,         0,   119.5,decoder_by_matrix,b84cf4b8ca220d31f17e1e2ea9ab927bbc4176b15682c650e7d1dd8f2758172b,"{""distance"":5,""physical_error_rate"":0.0005}","{""detection_events"":444585,""detectors_checked"":265994240}"
   1527808,         0,         0,   119.7,decoder_by_matrix,0421d486f8a041838688df650e87c0a19c3450ab7a7cc8b3dc589ebff86d1c74,"{""distance"":5,""physical_error_rate"":0.0001}","{""detection_events"":85340,""detectors_checked"":259727360}"
   1643520,         0,         0,   119.6,decoder_by_matrix,3c866087b289edc25e9adea730044a15db18cabfd3ae2507fc844d5b4e03657a,"{""distance"":5,""physical_error_rate"":5e-06}","{""detection_events"":4860,""detectors_checked"":279398400}"
   1623040,         0,         0,   119.7,decoder_by_matrix,e41ade2e4684e0396b9a3890c882b6453b515d69885aa1d89a26ce21ec554895,"{""distance"":5,""physical_error_rate"":1e-06}","{""detection_events"":945,""detectors_checked"":275916800}"
   1648640,         0,         0,   119.6,decoder_by_matrix,fa5edda0c1038186c8afbec49b0215a0b852396cdb50783a3f937fdf51d2afac,"{""distance"":5,""physical_error_rate"":1e-05}","{""detection_events"":9210,""detectors_checked"":280268800}"
   1559552,         0,         0,   119.6,decoder_by_matrix,0421d486f8a041838688df650e87c0a19c3450ab7a7cc8b3dc589ebff86d1c74,"{""distance"":5,""physical_error_rate"":0.0001}","{""detection_events"":89920,""detectors_checked"":265123840}"
   1595392,         0,         0,   119.5,decoder_by_matrix,9c6baee88fc81e7d1aa345fcb3feec7ee81f21c5d49cb6ca037118097d89e180,"{""distance"":5,""physical_error_rate"":5e-05}","{""detection_events"":44390,""detectors_checked"":271216640}"
   1515520,         2,         0,   119.6,decoder_by_matrix,066a5d8d46981b593c3dec855f441edbe9e755a8873183448f69d036a2ecc650,"{""distance"":5,""physical_error_rate"":0.001}","{""detection_events"":856725,""detectors_checked"":257638400,""obs_mistake_mask=E__E"":1,""obs_mistake_mask=E___"":1}"
   1564672,         0,         0,   119.6,decoder_by_matrix,fa5edda0c1038186c8afbec49b0215a0b852396cdb50783a3f937fdf51d2afac,"{""distance"":5,""physical_error_rate"":1e-05}","{""detection_events"":9435,""detectors_checked"":265994240}"
   1586176,         0,         0,   119.5,decoder_by_matrix,e41ade2e4684e0396b9a3890c882b6453b515d69885aa1d89a26ce21ec554895,"{""distance"":5,""physical_error_rate"":1e-06}","{""detection_events"":665,""detectors_checked"":269649920}"
   1546240,         0,         0,   119.6,decoder_by_matrix,0421d486f8a041838688df650e87c0a19c3450ab7a7cc8b3dc589ebff86d1c74,"{""distance"":5,""physical_error_rate"":0.0001}","{""detection_events"":90015,""detectors_checked"":262860800}"
   1540096,         0,         0,   119.5,decoder_by_matrix,e41ade2e4684e0396b9a3890c882b6453b515d69885aa1d89a26ce21ec554895,"{""distance"":5,""physical_error_rate"":1e-06}","{""detection_events"":1100,""detectors_checked"":261816320}"
   1521664,         0,         0,   119.6,decoder_by_matrix,9c6baee88fc81e7d1aa345fcb3feec7ee81f21c5d49cb6ca037118097d89e180,"{""distance"":5,""physical_error_rate"":5e-05}","{""detection_events"":43235,""detectors_checked"":258682880}"
   1586176,         0,         0,   119.5,decoder_by_matrix,fa5edda0c1038186c8afbec49b0215a0b852396cdb50783a3f937fdf51d2afac,"{""distance"":5,""physical_error_rate"":1e-05}","{""detection_events"":9215,""detectors_checked"":269649920}"
   1638400,         0,         0,   119.5,decoder_by_matrix,e41ade2e4684e0396b9a3890c882b6453b515d69885aa1d89a26ce21ec554895,"{""distance"":5,""physical_error_rate"":1e-06}","{""detection_events"":885,""detectors_checked"":278528000}"
   1633280,         0,         0,   119.6,decoder_by_matrix,3c866087b289edc25e9adea730044a15db18cabfd3ae2507fc844d5b4e03657a,"{""distance"":5,""physical_error_rate"":5e-06}","{""detection_events"":4500,""detectors_checked"":277657600}"
   1648640,         0,         0,   119.7,decoder_by_matrix,3c866087b289edc25e9adea730044a15db18cabfd3ae2507fc844d5b4e03657a,"{""distance"":5,""physical_error_rate"":5e-06}","{""detection_events"":4975,""detectors_checked"":280268800}"
   1545216,         0,         0,   119.6,decoder_by_matrix,0421d486f8a041838688df650e87c0a19c3450ab7a7cc8b3dc589ebff86d1c74,"{""distance"":5,""physical_error_rate"":0.0001}","{""detection_events"":88860,""detectors_checked"":262686720}"
   1530880,         0,         0,   119.6,decoder_by_matrix,b84cf4b8ca220d31f17e1e2ea9ab927bbc4176b15682c650e7d1dd8f2758172b,"{""distance"":5,""physical_error_rate"":0.0005}","{""detection_events"":433090,""detectors_checked"":260249600}"
   1522688,         1,         0,   119.6,decoder_by_matrix,b84cf4b8ca220d31f17e1e2ea9ab927bbc4176b15682c650e7d1dd8f2758172b,"{""distance"":5,""physical_error_rate"":0.0005}","{""detection_events"":432715,""detectors_checked"":258856960,""obs_mistake_mask=EE_E"":1}"
   1599488,         0,         0,   119.6,decoder_by_matrix,fa5edda0c1038186c8afbec49b0215a0b852396cdb50783a3f937fdf51d2afac,"{""distance"":5,""physical_error_rate"":1e-05}","{""detection_events"":8925,""detectors_checked"":271912960}"
   1552384,         0,         0,   119.4,decoder_by_matrix,3c866087b289edc25e9adea730044a15db18cabfd3ae2507fc844d5b4e03657a,"{""distance"":5,""physical_error_rate"":5e-06}","{""detection_events"":4245,""detectors_checked"":263905280}"
   1558528,         0,         0,   119.7,decoder_by_matrix,9c6baee88fc81e7d1aa345fcb3feec7ee81f21c5d49cb6ca037118097d89e180,"{""distance"":5,""physical_error_rate"":5e-05}","{""detection_events"":43520,""detectors_checked"":264949760}"
   1553408,         2,         0,   119.6,decoder_by_matrix,066a5d8d46981b593c3dec855f441edbe9e755a8873183448f69d036a2ecc650,"{""distance"":5,""physical_error_rate"":0.001}","{""detection_events"":883675,""detectors_checked"":264079360,""obs_mistake_mask=E_E_"":1,""obs_mistake_mask=___E"":1}"
   5826560,        11,         0,   119.2,decoder_by_matrix,066a5d8d46981b593c3dec855f441edbe9e755a8873183448f69d036a2ecc650,"{""distance"":5,""physical_error_rate"":0.001}","{""detection_events"":3317055,""detectors_checked"":990515200,""obs_mistake_mask=EEE_"":1,""obs_mistake_mask=EE__"":1,""obs_mistake_mask=E_E_"":1,""obs_mistake_mask=E__E"":1,""obs_mistake_mask=E___"":2,""obs_mistake_mask=_EEE"":1,""obs_mistake_mask=_E__"":1,""obs_mistake_mask=__EE"":1,""obs_mistake_mask=__E_"":1,""obs_mistake_mask=___E"":1}"
   1624064,         0,         0,   119.6,decoder_by_matrix,3c866087b289edc25e9adea730044a15db18cabfd3ae2507fc844d5b4e03657a,"{""distance"":5,""physical_error_rate"":5e-06}","{""detection_events"":4320,""detectors_checked"":276090880}"
   1647616,         0,         0,   119.7,decoder_by_matrix,e41ade2e4684e0396b9a3890c882b6453b515d69885aa1d89a26ce21ec554895,"{""distance"":5,""physical_error_rate"":1e-06}","{""detection_events"":885,""detectors_checked"":280094720}"
   1484800,         0,         0,   119.5,decoder_by_matrix,0421d486f8a041838688df650e87c0a19c3450ab7a7cc8b3dc589ebff86d1c74,"{""distance"":5,""physical_error_rate"":0.0001}","{""detection_events"":82335,""detectors_checked"":252416000}"
   1572864,         0,         0,   119.5,decoder_by_matrix,fa5edda0c1038186c8afbec49b0215a0b852396cdb50783a3f937fdf51d2afac,"{""distance"":5,""physical_error_rate"":1e-05}","{""detection_events"":9045,""detectors_checked"":267386880}"
   1547264,         0,         0,   119.5,decoder_by_matrix,9c6baee88fc81e7d1aa345fcb3feec7ee81f21c5d49cb6ca037118097d89e180,"{""distance"":5,""physical_error_rate"":5e-05}","{""detection_events"":43450,""detectors_checked"":263034880}"
   1533952,         0,         0,   119.7,decoder_by_matrix,b84cf4b8ca220d31f17e1e2ea9ab927bbc4176b15682c650e7d1dd8f2758172b,"{""distance"":5,""physical_error_rate"":0.0005}","{""detection_events"":433575,""detectors_checked"":260771840}"
   1527808,         0,         0,   119.5,decoder_by_matrix,b84cf4b8ca220d31f17e1e2ea9ab927bbc4176b15682c650e7d1dd8f2758172b,"{""distance"":5,""physical_error_rate"":0.0005}","{""detection_events"":434690,""detectors_checked"":259727360}"
   1505280,         1,         0,   119.7,decoder_by_matrix,066a5d8d46981b593c3dec855f441edbe9e755a8873183448f69d036a2ecc650,"{""distance"":5,""physical_error_rate"":0.001}","{""detection_events"":862515,""detectors_checked"":255897600,""obs_mistake_mask=EE__"":1}"
   1435648,         0,         0,   119.6,decoder_by_matrix,9c6baee88fc81e7d1aa345fcb3feec7ee81f21c5d49cb6ca037118097d89e180,"{""distance"":5,""physical_error_rate"":5e-05}","{""detection_events"":41050,""detectors_checked"":244060160}"
   2692096,         0,         0,   119.5,decoder_by_matrix,9c6baee88fc81e7d1aa345fcb3feec7ee81f21c5d49cb6ca037118097d89e180,"{""distance"":5,""physical_error_rate"":5e-05}","{""detection_events"":78480,""detectors_checked"":457656320}"
   2816000,         0,         0,   119.6,decoder_by_matrix,3c866087b289edc25e9adea730044a15db18cabfd3ae2507fc844d5b4e03657a,"{""distance"":5,""physical_error_rate"":5e-06}","{""detection_events"":6900,""detectors_checked"":478720000}"
   2584576,         0,         0,   119.6,decoder_by_matrix,e41ade2e4684e0396b9a3890c882b6453b515d69885aa1d89a26ce21ec554895,"{""distance"":5,""physical_error_rate"":1e-06}","{""detection_events"":1490,""detectors_checked"":439377920}"
   1582080,         0,         0,   119.7,decoder_by_matrix,b84cf4b8ca220d31f17e1e2ea9ab927bbc4176b15682c650e7d1dd8f2758172b,"{""distance"":5,""physical_error_rate"":0.0005}","{""detection_events"":446395,""detectors_checked"":268953600}"
   2714624,         0,         0,   119.6,decoder_by_matrix,fa5edda0c1038186c8afbec49b0215a0b852396cdb50783a3f937fdf51d2afac,"{""distance"":5,""physical_error_rate"":1e-05}","{""detection_events"":15300,""detectors_checked"":461486080}"
   1539072,         2,         0,   119.7,decoder_by_matrix,066a5d8d46981b593c3dec855f441edbe9e755a8873183448f69d036a2ecc650,"{""distance"":5,""physical_error_rate"":0.001}","{""detection_events"":878720,""detectors_checked"":261642240,""obs_mistake_mask=E___"":2}"
   1571840,         2,         0,   119.6,decoder_by_matrix,066a5d8d46981b593c3dec855f441edbe9e755a8873183448f69d036a2ecc650,"{""distance"":5,""physical_error_rate"":0.001}","{""detection_events"":888570,""detectors_checked"":267212800,""obs_mistake_mask=E___"":1,""obs_mistake_mask=___E"":1}"
   1645568,         0,         0,   119.7,decoder_by_matrix,0421d486f8a041838688df650e87c0a19c3450ab7a7cc8b3dc589ebff86d1c74,"{""distance"":5,""physical_error_rate"":0.0001}","{""detection_events"":94140,""detectors_checked"":279746560}"
   2502656,         0,         0,   119.6,decoder_by_matrix,0421d486f8a041838688df650e87c0a19c3450ab7a7cc8b3dc589ebff86d1c74,"{""distance"":5,""physical_error_rate"":0.0001}","{""detection_events"":142070,""detectors_checked"":425451520}"
   2330624,         1,         0,   119.6,decoder_by_matrix,b84cf4b8ca220d31f17e1e2ea9ab927bbc4176b15682c650e7d1dd8f2758172b,"{""distance"":5,""physical_error_rate"":0.0005}","{""detection_events"":666205,""detectors_checked"":396206080,""obs_mistake_mask=_EE_"":1}"
   1623040,         0,         0,   119.5,decoder_by_matrix,9c6baee88fc81e7d1aa345fcb3feec7ee81f21c5d49cb6ca037118097d89e180,"{""distance"":5,""physical_error_rate"":5e-05}","{""detection_events"":46240,""detectors_checked"":275916800}"
   1623040,         0,         0,   119.5,decoder_by_matrix,fa5edda0c1038186c8afbec49b0215a0b852396cdb50783a3f937fdf51d2afac,"{""distance"":5,""physical_error_rate"":1e-05}","{""detection_events"":9030,""detectors_checked"":275916800}"
   1610752,         0,         0,   119.5,decoder_by_matrix,3c866087b289edc25e9adea730044a15db18cabfd3ae2507fc844d5b4e03657a,"{""distance"":5,""physical_error_rate"":5e-06}","{""detection_events"":4260,""detectors_checked"":273827840}"
   1609728,         0,         0,   119.7,decoder_by_matrix,e41ade2e4684e0396b9a3890c882b6453b515d69885aa1d89a26ce21ec554895,"{""distance"":5,""physical_error_rate"":1e-06}","{""detection_events"":645,""detectors_checked"":273653760}"
   1566720,         0,         0,   119.7,decoder_by_matrix,b84cf4b8ca220d31f17e1e2ea9ab927bbc4176b15682c650e7d1dd8f2758172b,"{""distance"":5,""physical_error_rate"":0.0005}","{""detection_events"":446720,""detectors_checked"":266342400}"
   1640448,         0,         0,   119.6,decoder_by_matrix,3c866087b289edc25e9adea730044a15db18cabfd3ae2507fc844d5b4e03657a,"{""distance"":5,""physical_error_rate"":5e-06}","{""detection_events"":4895,""detectors_checked"":278876160}"
   1638400,         0,         0,   119.5,decoder_by_matrix,e41ade2e4684e0396b9a3890c882b6453b515d69885aa1d89a26ce21ec554895,"{""distance"":5,""physical_error_rate"":1e-06}","{""detection_events"":1070,""detectors_checked"":278528000}"
   1446912,         0,         0,   119.7,decoder_by_matrix,0421d486f8a041838688df650e87c0a19c3450ab7a7cc8b3dc589ebff86d1c74,"{""distance"":5,""physical_error_rate"":0.0001}","{""detection_events"":84485,""detectors_checked"":245975040}"
   1640448,         0,         0,   119.6,decoder_by_matrix,fa5edda0c1038186c8afbec49b0215a0b852396cdb50783a3f937fdf51d2afac,"{""distance"":5,""physical_error_rate"":1e-05}","{""detection_events"":9485,""detectors_checked"":278876160}"
   1569792,         0,         0,   119.6,decoder_by_matrix,9c6baee88fc81e7d1aa345fcb3feec7ee81f21c5d49cb6ca037118097d89e180,"{""distance"":5,""physical_error_rate"":5e-05}","{""detection_events"":44555,""detectors_checked"":266864640}"
   1576960,         0,         0,   119.6,decoder_by_matrix,0421d486f8a041838688df650e87c0a19c3450ab7a7cc8b3dc589ebff86d1c74,"{""distance"":5,""physical_error_rate"":0.0001}","{""detection_events"":88480,""detectors_checked"":268083200}"
   1573888,         5,         0,   119.6,decoder_by_matrix,066a5d8d46981b593c3dec855f441edbe9e755a8873183448f69d036a2ecc650,"{""distance"":5,""physical_error_rate"":0.001}","{""detection_events"":894570,""detectors_checked"":267560960,""obs_mistake_mask=EE__"":1,""obs_mistake_mask=E_EE"":1,""obs_mistake_mask=E_E_"":1,""obs_mistake_mask=_EE_"":1,""obs_mistake_mask=_E__"":1}"
   1497088,         0,         0,   119.7,decoder_by_matrix,fa5edda0c1038186c8afbec49b0215a0b852396cdb50783a3f937fdf51d2afac,"{""distance"":5,""physical_error_rate"":1e-05}","{""detection_events"":8385,""detectors_checked"":254504960}"
   1568768,         0,         0,   119.5,decoder_by_matrix,e41ade2e4684e0396b9a3890c882b6453b515d69885aa1d89a26ce21ec554895,"{""distance"":5,""physical_error_rate"":1e-06}","{""detection_events"":585,""detectors_checked"":266690560}"
   1445888,         1,         0,   119.6,decoder_by_matrix,0421d486f8a041838688df650e87c0a19c3450ab7a7cc8b3dc589ebff86d1c74,"{""distance"":5,""physical_error_rate"":0.0001}","{""detection_events"":81340,""detectors_checked"":245800960,""obs_mistake_mask=_E__"":1}"
   1613824,         0,         0,   119.5,decoder_by_matrix,e41ade2e4684e0396b9a3890c882b6453b515d69885aa1d89a26ce21ec554895,"{""distance"":5,""physical_error_rate"":1e-06}","{""detection_events"":910,""detectors_checked"":274350080}"
   1460224,         0,         0,   119.5,decoder_by_matrix,9c6baee88fc81e7d1aa345fcb3feec7ee81f21c5d49cb6ca037118097d89e180,"{""distance"":5,""physical_error_rate"":5e-05}","{""detection_events"":42200,""detectors_checked"":248238080}"
   2588672,         0,         0,   119.2,decoder_by_matrix,fa5edda0c1038186c8afbec49b0215a0b852396cdb50783a3f937fdf51d2afac,"{""distance"":5,""physical_error_rate"":1e-05}","{""detection_events"":14950,""detectors_checked"":440074240}"
   1659904,         0,         0,   119.6,decoder_by_matrix,e41ade2e4684e0396b9a3890c882b6453b515d69885aa1d89a26ce21ec554895,"{""distance"":5,""physical_error_rate"":1e-06}","{""detection_events"":905,""detectors_checked"":282183680}"
   1626112,         0,         0,   119.6,decoder_by_matrix,3c866087b289edc25e9adea730044a15db18cabfd3ae2507fc844d5b4e03657a,"{""distance"":5,""physical_error_rate"":5e-06}","{""detection_events"":4505,""detectors_checked"":276439040}"
   1455104,         0,         0,   119.5,decoder_by_matrix,3c866087b289edc25e9adea730044a15db18cabfd3ae2507fc844d5b4e03657a,"{""distance"":5,""physical_error_rate"":5e-06}","{""detection_events"":4165,""detectors_checked"":247367680}"
   1474560,         0,         0,   119.6,decoder_by_matrix,0421d486f8a041838688df650e87c0a19c3450ab7a7cc8b3dc589ebff86d1c74,"{""distance"":5,""physical_error_rate"":0.0001}","{""detection_events"":84040,""detectors_checked"":250675200}"
   1432576,         0,         0,   119.7,decoder_by_matrix,b84cf4b8ca220d31f17e1e2ea9ab927bbc4176b15682c650e7d1dd8f2758172b,"{""distance"":5,""physical_error_rate"":0.0005}","{""detection_events"":404680,""detectors_checked"":243537920}"
   1550336,         1,         0,   119.6,decoder_by_matrix,b84cf4b8ca220d31f17e1e2ea9ab927bbc4176b15682c650e7d1dd8f2758172b,"{""distance"":5,""physical_error_rate"":0.0005}","{""detection_events"":440330,""detectors_checked"":263557120,""obs_mistake_mask=_E__"":1}"
   1419264,         0,         0,   119.6,decoder_by_matrix,fa5edda0c1038186c8afbec49b0215a0b852396cdb50783a3f937fdf51d2afac,"{""distance"":5,""physical_error_rate"":1e-05}","{""detection_events"":9320,""detectors_checked"":241274880}"
   1649664,         0,         0,   119.6,decoder_by_matrix,3c866087b289edc25e9adea730044a15db18cabfd3ae2507fc844d5b4e03657a,"{""distance"":5,""physical_error_rate"":5e-06}","{""detection_events"":4305,""detectors_checked"":280442880}"
   1565696,         0,         0,   119.7,decoder_by_matrix,9c6baee88fc81e7d1aa345fcb3feec7ee81f21c5d49cb6ca037118097d89e180,"{""distance"":5,""physical_error_rate"":5e-05}","{""detection_events"":44030,""detectors_checked"":266168320}"
   1500160,         4,         0,   119.5,decoder_by_matrix,066a5d8d46981b593c3dec855f441edbe9e755a8873183448f69d036a2ecc650,"{""distance"":5,""physical_error_rate"":0.001}","{""detection_events"":848745,""detectors_checked"":255027200,""obs_mistake_mask=E___"":2,""obs_mistake_mask=__EE"":1,""obs_mistake_mask=___E"":1}"
   2966528,         7,         0,   119.2,decoder_by_matrix,066a5d8d46981b593c3dec855f441edbe9e755a8873183448f69d036a2ecc650,"{""distance"":5,""physical_error_rate"":0.001}","{""detection_events"":1683015,""detectors_checked"":504309760,""obs_mistake_mask=E_E_"":1,""obs_mistake_mask=E___"":1,""obs_mistake_mask=_EEE"":2,""obs_mistake_mask=_E__"":1,""obs_mistake_mask=__E_"":1,""obs_mistake_mask=___E"":1}"
   1659904,         0,         0,   119.5,decoder_by_matrix,3c866087b289edc25e9adea730044a15db18cabfd3ae2507fc844d5b4e03657a,"{""distance"":5,""physical_error_rate"":5e-06}","{""detection_events"":4915,""detectors_checked"":282183680}"
   1642496,         0,         0,   119.6,decoder_by_matrix,e41ade2e4684e0396b9a3890c882b6453b515d69885aa1d89a26ce21ec554895,"{""distance"":5,""physical_error_rate"":1e-06}","{""detection_events"":895,""detectors_checked"":279224320}"
   1524736,         0,         0,   119.6,decoder_by_matrix,0421d486f8a041838688df650e87c0a19c3450ab7a7cc8b3dc589ebff86d1c74,"{""distance"":5,""physical_error_rate"":0.0001}","{""detection_events"":85105,""detectors_checked"":259205120}"
   1530880,         0,         0,   119.7,decoder_by_matrix,fa5edda0c1038186c8afbec49b0215a0b852396cdb50783a3f937fdf51d2afac,"{""distance"":5,""physical_error_rate"":1e-05}","{""detection_events"":8735,""detectors_checked"":260249600}"
   1554432,         0,         0,   119.7,decoder_by_matrix,9c6baee88fc81e7d1aa345fcb3feec7ee81f21c5d49cb6ca037118097d89e180,"{""distance"":5,""physical_error_rate"":5e-05}","{""detection_events"":43690,""detectors_checked"":264253440}"
   1556480,         2,         0,   119.7,decoder_by_matrix,b84cf4b8ca220d31f17e1e2ea9ab927bbc4176b15682c650e7d1dd8f2758172b,"{""distance"":5,""physical_error_rate"":0.0005}","{""detection_events"":441000,""detectors_checked"":264601600,""obs_mistake_mask=__E_"":1,""obs_mistake_mask=___E"":1}"
   1563648,         0,         0,   119.5,decoder_by_matrix,b84cf4b8ca220d31f17e1e2ea9ab927bbc4176b15682c650e7d1dd8f2758172b,"{""distance"":5,""physical_error_rate"":0.0005}","{""detection_events"":442760,""detectors_checked"":265820160}"
   1532928,         5,         0,   119.6,decoder_by_matrix,066a5d8d46981b593c3dec855f441edbe9e755a8873183448f69d036a2ecc650,"{""distance"":5,""physical_error_rate"":0.001}","{""detection_events"":867295,""detectors_checked"":260597760,""obs_mistake_mask=_EE_"":1,""obs_mistake_mask=_E__"":1,""obs_mistake_mask=__EE"":2,""obs_mistake_mask=___E"":1}"
   1565696,         0,         0,   119.6,decoder_by_matrix,9c6baee88fc81e7d1aa345fcb3feec7ee81f21c5d49cb6ca037118097d89e180,"{""distance"":5,""physical_error_rate"":5e-05}","{""detection_events"":46540,""detectors_checked"":266168320}"
   2328576,         0,         0,   119.6,decoder_by_matrix,9c6baee88fc81e7d1aa345fcb3feec7ee81f21c5d49cb6ca037118097d89e180,"{""distance"":5,""physical_error_rate"":5e-05}","{""detection_events"":68255,""detectors_checked"":395857920}"
   2650112,         0,         0,   119.5,decoder_by_matrix,3c866087b289edc25e9adea730044a15db18cabfd3ae2507fc844d5b4e03657a,"{""distance"":5,""physical_error_rate"":5e-06}","{""detection_events"":7690,""detectors_checked"":450519040}"
   1570816,         1,         0,   119.5,decoder_by_matrix,b84cf4b8ca220d31f17e1e2ea9ab927bbc4176b15682c650e7d1dd8f2758172b,"{""distance"":5,""physical_error_rate"":0.0005}","{""detection_events"":441210,""detectors_checked"":267038720,""obs_mistake_mask=E_E_"":1}"
   2634752,         0,         0,   119.6,decoder_by_matrix,e41ade2e4684e0396b9a3890c882b6453b515d69885aa1d89a26ce21ec554895,"{""distance"":5,""physical_error_rate"":1e-06}","{""detection_events"":1580,""detectors_checked"":447907840}"
   2477056,         0,         0,   119.5,decoder_by_matrix,fa5edda0c1038186c8afbec49b0215a0b852396cdb50783a3f937fdf51d2afac,"{""distance"":5,""physical_error_rate"":1e-05}","{""detection_events"":13095,""detectors_checked"":421099520}"
   1592320,         6,         0,   119.7,decoder_by_matrix,066a5d8d46981b593c3dec855f441edbe9e755a8873183448f69d036a2ecc650,"{""distance"":5,""physical_error_rate"":0.001}","{""detection_events"":896330,""detectors_checked"":270694400,""obs_mistake_mask=EE__"":1,""obs_mistake_mask=E___"":1,""obs_mistake_mask=_EE_"":1,""obs_mistake_mask=_E_E"":1,""obs_mistake_mask=_E__"":1,""obs_mistake_mask=__E_"":1}"
   1620992,         2,         0,   119.6,decoder_by_matrix,066a5d8d46981b593c3dec855f441edbe9e755a8873183448f69d036a2ecc650,"{""distance"":5,""physical_error_rate"":0.001}","{""detection_events"":918615,""detectors_checked"":275568640,""obs_mistake_mask=EE__"":1,""obs_mistake_mask=_E__"":1}"
   2241536,         0,         0,   119.7,decoder_by_matrix,0421d486f8a041838688df650e87c0a19c3450ab7a7cc8b3dc589ebff86d1c74,"{""distance"":5,""physical_error_rate"":0.0001}","{""detection_events"":127425,""detectors_checked"":381061120}"
   1592320,         0,         0,   119.6,decoder_by_matrix,0421d486f8a041838688df650e87c0a19c3450ab7a7cc8b3dc589ebff86d1c74,"{""distance"":5,""physical_error_rate"":0.0001}","{""detection_events"":88035,""detectors_checked"":270694400}"
   2056192,         0,         0,   119.6,decoder_by_matrix,b84cf4b8ca220d31f17e1e2ea9ab927bbc4176b15682c650e7d1dd8f2758172b,"{""distance"":5,""physical_error_rate"":0.0005}","{""detection_events"":588405,""detectors_checked"":349552640}"
   1593344,         0,         0,   119.5,decoder_by_matrix,9c6baee88fc81e7d1aa345fcb3feec7ee81f21c5d49cb6ca037118097d89e180,"{""distance"":5,""physical_error_rate"":5e-05}","{""detection_events"":44010,""detectors_checked"":270868480}"
   1629184,         0,         0,   119.6,decoder_by_matrix,3c866087b289edc25e9adea730044a15db18cabfd3ae2507fc844d5b4e03657a,"{""distance"":5,""physical_error_rate"":5e-06}","{""detection_events"":4350,""detectors_checked"":276961280}"
   1599488,         0,         0,   119.5,decoder_by_matrix,fa5edda0c1038186c8afbec49b0215a0b852396cdb50783a3f937fdf51d2afac,"{""distance"":5,""physical_error_rate"":1e-05}","{""detection_events"":7920,""detectors_checked"":271912960}"
   1628160,         0,         0,   119.6,decoder_by_matrix,e41ade2e4684e0396b9a3890c882b6453b515d69885aa1d89a26ce21ec554895,"{""distance"":5,""physical_error_rate"":1e-06}","{""detection_events"":885,""detectors_checked"":276787200}"
   1591296,         0,         0,   119.6,decoder_by_matrix,b84cf4b8ca220d31f17e1e2ea9ab927bbc4176b15682c650e7d1dd8f2758172b,"{""distance"":5,""physical_error_rate"":0.0005}","{""detection_events"":448285,""detectors_checked"":270520320}"
   1620992,         0,         0,   119.7,decoder_by_matrix,3c866087b289edc25e9adea730044a15db18cabfd3ae2507fc844d5b4e03657a,"{""distance"":5,""physical_error_rate"":5e-06}","{""detection_events"":4630,""detectors_checked"":275568640}"
   1648640,         0,         0,   119.6,decoder_by_matrix,e41ade2e4684e0396b9a3890c882b6453b515d69885aa1d89a26ce21ec554895,"{""distance"":5,""physical_error_rate"":1e-06}","{""detection_events"":950,""detectors_checked"":280268800}"
   1506304,         0,         0,   119.6,decoder_by_matrix,0421d486f8a041838688df650e87c0a19c3450ab7a7cc8b3dc589ebff86d1c74,"{""distance"":5,""physical_error_rate"":0.0001}","{""detection_events"":84795,""detectors_checked"":256071680}"
   1644544,         0,         0,   119.7,decoder_by_matrix,fa5edda0c1038186c8afbec49b0215a0b852396cdb50783a3f937fdf51d2afac,"{""distance"":5,""physical_error_rate"":1e-05}","{""detection_events"":9220,""detectors_checked"":279572480}"
   1583104,         0,         0,   119.6,decoder_by_matrix,0421d486f8a041838688df650e87c0a19c3450ab7a7cc8b3dc589ebff86d1c74,"{""distance"":5,""physical_error_rate"":0.0001}","{""detection_events"":89465,""detectors_checked"":269127680}"
   1568768,         0,         0,   119.7,decoder_by_matrix,9c6baee88fc81e7d1aa345fcb3feec7ee81f21c5d49cb6ca037118097d89e180,"{""distance"":5,""physical_error_rate"":5e-05}","{""detection_events"":44810,""detectors_checked"":266690560}"
   1532928,         5,         0,   119.7,decoder_by_matrix,066a5d8d46981b593c3dec855f441edbe9e755a8873183448f69d036a2ecc650,"{""distance"":5,""physical_error_rate"":0.001}","{""detection_events"":872515,""detectors_checked"":260597760,""obs_mistake_mask=EE__"":1,""obs_mistake_mask=E__E"":1,""obs_mistake_mask=E___"":1,""obs_mistake_mask=_E__"":1,""obs_mistake_mask=__EE"":1}"
   1463296,         0,         0,   119.5,decoder_by_matrix,fa5edda0c1038186c8afbec49b0215a0b852396cdb50783a3f937fdf51d2afac,"{""distance"":5,""physical_error_rate"":1e-05}","{""detection_events"":8585,""detectors_checked"":248760320}"
   1615872,         0,         0,   119.6,decoder_by_matrix,e41ade2e4684e0396b9a3890c882b6453b515d69885aa1d89a26ce21ec554895,"{""distance"":5,""physical_error_rate"":1e-06}","{""detection_events"":900,""detectors_checked"":274698240}"
   1539072,         0,         0,   119.6,decoder_by_matrix,0421d486f8a041838688df650e87c0a19c3450ab7a7cc8b3dc589ebff86d1c74,"{""distance"":5,""physical_error_rate"":0.0001}","{""detection_events"":88310,""detectors_checked"":261642240}"
   1504256,         0,         0,   119.6,decoder_by_matrix,e41ade2e4684e0396b9a3890c882b6453b515d69885aa1d89a26ce21ec554895,"{""distance"":5,""physical_error_rate"":1e-06}","{""detection_events"":895,""detectors_checked"":255723520}"
   1577984,         0,         0,   119.6,decoder_by_matrix,9c6baee88fc81e7d1aa345fcb3feec7ee81f21c5d49cb6ca037118097d89e180,"{""distance"":5,""physical_error_rate"":5e-05}","{""detection_events"":45200,""detectors_checked"":268257280}"
   2117632,         0,         0,   119.5,decoder_by_matrix,fa5edda0c1038186c8afbec49b0215a0b852396cdb50783a3f937fdf51d2afac,"{""distance"":5,""physical_error_rate"":1e-05}","{""detection_events"":12195,""detectors_checked"":359997440}"
   1717248,         0,         0,   119.6,decoder_by_matrix,e41ade2e4684e0396b9a3890c882b6453b515d69885aa1d89a26ce21ec554895,"{""distance"":5,""physical_error_rate"":1e-06}","{""detection_events"":1070,""detectors_checked"":291932160}"
   1746944,         0,         0,   119.7,decoder_by_matrix,3c866087b289edc25e9adea730044a15db18cabfd3ae2507fc844d5b4e03657a,"{""distance"":5,""physical_error_rate"":5e-06}","{""detection_events"":4915,""detectors_checked"":296980480}"
   1538048,         0,         0,   119.5,decoder_by_matrix,0421d486f8a041838688df650e87c0a19c3450ab7a7cc8b3dc589ebff86d1c74,"{""distance"":5,""physical_error_rate"":0.0001}","{""detection_events"":90220,""detectors_checked"":261468160}"
   1587200,         0,         0,   119.7,decoder_by_matrix,3c866087b289edc25e9adea730044a15db18cabfd3ae2507fc844d5b4e03657a,"{""distance"":5,""physical_error_rate"":5e-06}","{""detection_events"":3955,""detectors_checked"":269824000}"
   1572864,         1,         0,   119.6,decoder_by_matrix,b84cf4b8ca220d31f17e1e2ea9ab927bbc4176b15682c650e7d1dd8f2758172b,"{""distance"":5,""physical_error_rate"":0.0005}","{""detection_events"":451160,""detectors_checked"":267386880,""obs_mistake_mask=_E__"":1}"
   1561600,         1,         0,   119.5,decoder_by_matrix,b84cf4b8ca220d31f17e1e2ea9ab927bbc4176b15682c650e7d1dd8f2758172b,"{""distance"":5,""physical_error_rate"":0.0005}","{""detection_events"":444655,""detectors_checked"":265472000,""obs_mistake_mask=E_E_"":1}"
   1585152,         0,         0,   119.5,decoder_by_matrix,fa5edda0c1038186c8afbec49b0215a0b852396cdb50783a3f937fdf51d2afac,"{""distance"":5,""physical_error_rate"":1e-05}","{""detection_events"":8755,""detectors_checked"":269475840}"
   1616896,         0,         0,   119.6,decoder_by_matrix,3c866087b289edc25e9adea730044a15db18cabfd3ae2507fc844d5b4e03657a,"{""distance"":5,""physical_error_rate"":5e-06}","{""detection_events"":3900,""detectors_checked"":274872320}"
   1581056,         0,         0,   119.6,decoder_by_matrix,9c6baee88fc81e7d1aa345fcb3feec7ee81f21c5d49cb6ca037118097d89e180,"{""distance"":5,""physical_error_rate"":5e-05}","{""detection_events"":44345,""detectors_checked"":268779520}"
   1591296,         1,         0,   119.5,decoder_by_matrix,066a5d8d46981b593c3dec855f441edbe9e755a8873183448f69d036a2ecc650,"{""distance"":5,""physical_error_rate"":0.001}","{""detection_events"":903210,""detectors_checked"":270520320,""obs_mistake_mask=EEE_"":1}"
   6080512,        12,         0,   119.1,decoder_by_matrix,066a5d8d46981b593c3dec855f441edbe9e755a8873183448f69d036a2ecc650,"{""distance"":5,""physical_error_rate"":0.001}","{""detection_events"":3466875,""detectors_checked"":1033687040,""obs_mistake_mask=E__E"":1,""obs_mistake_mask=E___"":5,""obs_mistake_mask=_E_E"":1,""obs_mistake_mask=_E__"":4,""obs_mistake_mask=___E"":1}"
   1673216,         0,         0,   119.6,decoder_by_matrix,3c866087b289edc25e9adea730044a15db18cabfd3ae2507fc844d5b4e03657a,"{""distance"":5,""physical_error_rate"":5e-06}","{""detection_events"":4845,""detectors_checked"":284446720}"
   1635328,         0,         0,   119.5,decoder_by_matrix,e41ade2e4684e0396b9a3890c882b6453b515d69885aa1d89a26ce21ec554895,"{""distance"":5,""physical_error_rate"":1e-06}","{""detection_events"":970,""detectors_checked"":278005760}"
   1569792,         0,         0,   119.7,decoder_by_matrix,0421d486f8a041838688df650e87c0a19c3450ab7a7cc8b3dc589ebff86d1c74,"{""distance"":5,""physical_error_rate"":0.0001}","{""detection_events"":88015,""detectors_checked"":266864640}"
   1542144,         0,         0,   119.5,decoder_by_matrix,9c6baee88fc81e7d1aa345fcb3feec7ee81f21c5d49cb6ca037118097d89e180,"{""distance"":5,""physical_error_rate"":5e-05}","{""detection_events"":43025,""detectors_checked"":262164480}"
   1580032,         0,         0,   119.6,decoder_by_matrix,fa5edda0c1038186c8afbec49b0215a0b852396cdb50783a3f937fdf51d2afac,"{""distance"":5,""physical_error_rate"":1e-05}","{""detection_events"":8850,""detectors_checked"":268605440}"
   1592320,         2,         0,   119.5,decoder_by_matrix,b84cf4b8ca220d31f17e1e2ea9ab927bbc4176b15682c650e7d1dd8f2758172b,"{""distance"":5,""physical_error_rate"":0.0005}","{""detection_events"":456855,""detectors_checked"":270694400,""obs_mistake_mask=_EEE"":1,""obs_mistake_mask=___E"":1}"
   1534976,         0,         0,   119.6,decoder_by_matrix,b84cf4b8ca220d31f17e1e2ea9ab927bbc4176b15682c650e7d1dd8f2758172b,"{""distance"":5,""physical_error_rate"":0.0005}","{""detection_events"":435315,""detectors_checked"":260945920}"
   1537024,         3,         0,   119.5,decoder_by_matrix,066a5d8d46981b593c3dec855f441edbe9e755a8873183448f69d036a2ecc650,"{""distance"":5,""physical_error_rate"":0.001}","{""detection_events"":871790,""detectors_checked"":261294080,""obs_mistake_mask=EEE_"":1,""obs_mistake_mask=_EEE"":1,""obs_mistake_mask=__E_"":1}"
   1497088,         0,         0,   119.5,decoder_by_matrix,9c6baee88fc81e7d1aa345fcb3feec7ee81f21c5d49cb6ca037118097d89e180,"{""distance"":5,""physical_error_rate"":5e-05}","{""detection_events"":41905,""detectors_checked"":254504960}"
   2108416,         0,         0,   119.6,decoder_by_matrix,9c6baee88fc81e7d1aa345fcb3feec7ee81f21c5d49cb6ca037118097d89e180,"{""distance"":5,""physical_error_rate"":5e-05}","{""detection_events"":58175,""detectors_checked"":358430720}"
   2524160,         0,         0,   119.5,decoder_by_matrix,3c866087b289edc25e9adea730044a15db18cabfd3ae2507fc844d5b4e03657a,"{""distance"":5,""physical_error_rate"":5e-06}","{""detection_events"":7365,""detectors_checked"":429107200}"
   2546688,         0,         0,   119.5,decoder_by_matrix,e41ade2e4684e0396b9a3890c882b6453b515d69885aa1d89a26ce21ec554895,"{""distance"":5,""physical_error_rate"":1e-06}","{""detection_events"":1455,""detectors_checked"":432936960}"
   1583104,         0,         0,   119.5,decoder_by_matrix,b84cf4b8ca220d31f17e1e2ea9ab927bbc4176b15682c650e7d1dd8f2758172b,"{""distance"":5,""physical_error_rate"":0.0005}","{""detection_events"":450075,""detectors_checked"":269127680}"
   2263040,         0,         0,   119.5,decoder_by_matrix,fa5edda0c1038186c8afbec49b0215a0b852396cdb50783a3f937fdf51d2afac,"{""distance"":5,""physical_error_rate"":1e-05}","{""detection_events"":12525,""detectors_checked"":384716800}"
   1575936,         2,         0,   119.7,decoder_by_matrix,066a5d8d46981b593c3dec855f441edbe9e755a8873183448f69d036a2ecc650,"{""distance"":5,""physical_error_rate"":0.001}","{""detection_events"":893415,""detectors_checked"":267909120,""obs_mistake_mask=__E_"":1,""obs_mistake_mask=___E"":1}"
   1554432,         4,         0,   119.6,decoder_by_matrix,066a5d8d46981b593c3dec855f441edbe9e755a8873183448f69d036a2ecc650,"{""distance"":5,""physical_error_rate"":0.001}","{""detection_events"":887765,""detectors_checked"":264253440,""obs_mistake_mask=EE__"":1,""obs_mistake_mask=E__E"":1,""obs_mistake_mask=_EEE"":1,""obs_mistake_mask=_E_E"":1}"
   1938432,         0,         0,   119.5,decoder_by_matrix,0421d486f8a041838688df650e87c0a19c3450ab7a7cc8b3dc589ebff86d1c74,"{""distance"":5,""physical_error_rate"":0.0001}","{""detection_events"":113140,""detectors_checked"":329533440}"
   1838080,         0,         0,   119.5,decoder_by_matrix,b84cf4b8ca220d31f17e1e2ea9ab927bbc4176b15682c650e7d1dd8f2758172b,"{""distance"":5,""physical_error_rate"":0.0005}","{""detection_events"":521910,""detectors_checked"":312473600}"
   1641472,         0,         0,   119.6,decoder_by_matrix,0421d486f8a041838688df650e87c0a19c3450ab7a7cc8b3dc589ebff86d1c74,"{""distance"":5,""physical_error_rate"":0.0001}","{""detection_events"":90170,""detectors_checked"":279050240}"
   1662976,         0,         0,   119.6,decoder_by_matrix,9c6baee88fc81e7d1aa345fcb3feec7ee81f21c5d49cb6ca037118097d89e180,"{""distance"":5,""physical_error_rate"":5e-05}","{""detection_events"":47740,""detectors_checked"":282705920}"
   1634304,         0,         0,   119.7,decoder_by_matrix,3c866087b289edc25e9adea730044a15db18cabfd3ae2507fc844d5b4e03657a,"{""distance"":5,""physical_error_rate"":5e-06}","{""detection_events"":4755,""detectors_checked"":277831680}"
   1666048,         0,         0,   119.6,decoder_by_matrix,fa5edda0c1038186c8afbec49b0215a0b852396cdb50783a3f937fdf51d2afac,"{""distance"":5,""physical_error_rate"":1e-05}","{""detection_events"":9940,""detectors_checked"":283228160}"
   1648640,         0,         0,   119.6,decoder_by_matrix,e41ade2e4684e0396b9a3890c882b6453b515d69885aa1d89a26ce21ec554895,"{""distance"":5,""physical_error_rate"":1e-06}","{""detection_events"":1285,""detectors_checked"":280268800}"
   1575936,         0,         0,   119.6,decoder_by_matrix,b84cf4b8ca220d31f17e1e2ea9ab927bbc4176b15682c650e7d1dd8f2758172b,"{""distance"":5,""physical_error_rate"":0.0005}","{""detection_events"":448110,""detectors_checked"":267909120}"
   1689600,         0,         0,   119.6,decoder_by_matrix,3c866087b289edc25e9adea730044a15db18cabfd3ae2507fc844d5b4e03657a,"{""distance"":5,""physical_error_rate"":5e-06}","{""detection_events"":5170,""detectors_checked"":287232000}"
   1672192,         0,         0,   119.6,decoder_by_matrix,e41ade2e4684e0396b9a3890c882b6453b515d69885aa1d89a26ce21ec554895,"{""distance"":5,""physical_error_rate"":1e-06}","{""detection_events"":935,""detectors_checked"":284272640}"
   1570816,         0,         0,   119.7,decoder_by_matrix,0421d486f8a041838688df650e87c0a19c3450ab7a7cc8b3dc589ebff86d1c74,"{""distance"":5,""physical_error_rate"":0.0001}","{""detection_events"":88635,""detectors_checked"":267038720}"
   1667072,         0,         0,   119.6,decoder_by_matrix,fa5edda0c1038186c8afbec49b0215a0b852396cdb50783a3f937fdf51d2afac,"{""distance"":5,""physical_error_rate"":1e-05}","{""detection_events"":9615,""detectors_checked"":283402240}"
   1595392,         0,         0,   119.6,decoder_by_matrix,0421d486f8a041838688df650e87c0a19c3450ab7a7cc8b3dc589ebff86d1c74,"{""distance"":5,""physical_error_rate"":0.0001}","{""detection_events"":90865,""detectors_checked"":271216640}"
   1612800,         0,         0,   119.5,decoder_by_matrix,9c6baee88fc81e7d1aa345fcb3feec7ee81f21c5d49cb6ca037118097d89e180,"{""distance"":5,""physical_error_rate"":5e-05}","{""detection_events"":47380,""detectors_checked"":274176000}"
   1481728,         4,         0,   119.6,decoder_by_matrix,066a5d8d46981b593c3dec855f441edbe9e755a8873183448f69d036a2ecc650,"{""distance"":5,""physical_error_rate"":0.001}","{""detection_events"":844865,""detectors_checked"":251893760,""obs_mistake_mask=EE__"":1,""obs_mistake_mask=E___"":1,""obs_mistake_mask=_EEE"":1,""obs_mistake_mask=__E_"":1}"
   1532928,         0,         0,   119.5,decoder_by_matrix,fa5edda0c1038186c8afbec49b0215a0b852396cdb50783a3f937fdf51d2afac,"{""distance"":5,""physical_error_rate"":1e-05}","{""detection_events"":8885,""detectors_checked"":260597760}"
   1606656,         0,         0,   119.6,decoder_by_matrix,e41ade2e4684e0396b9a3890c882b6453b515d69885aa1d89a26ce21ec554895,"{""distance"":5,""physical_error_rate"":1e-06}","{""detection_events"":930,""detectors_checked"":273131520}"
   1572864,         0,         0,   119.5,decoder_by_matrix,0421d486f8a041838688df650e87c0a19c3450ab7a7cc8b3dc589ebff86d1c74,"{""distance"":5,""physical_error_rate"":0.0001}","{""detection_events"":86985,""detectors_checked"":267386880}"
   1558528,         0,         0,   119.6,decoder_by_matrix,e41ade2e4684e0396b9a3890c882b6453b515d69885aa1d89a26ce21ec554895,"{""distance"":5,""physical_error_rate"":1e-06}","{""detection_events"":680,""detectors_checked"":264949760}"
   1569792,         0,         0,   119.6,decoder_by_matrix,9c6baee88fc81e7d1aa345fcb3feec7ee81f21c5d49cb6ca037118097d89e180,"{""distance"":5,""physical_error_rate"":5e-05}","{""detection_events"":44165,""detectors_checked"":266864640}"
   1618944,         0,         0,   119.5,decoder_by_matrix,fa5edda0c1038186c8afbec49b0215a0b852396cdb50783a3f937fdf51d2afac,"{""distance"":5,""physical_error_rate"":1e-05}","{""detection_events"":8150,""detectors_checked"":275220480}"
   1649664,         0,         0,   119.7,decoder_by_matrix,e41ade2e4684e0396b9a3890c882b6453b515d69885aa1d89a26ce21ec554895,"{""distance"":5,""physical_error_rate"":1e-06}","{""detection_events"":1080,""detectors_checked"":280442880}"
   1642496,         0,         0,   119.6,decoder_by_matrix,3c866087b289edc25e9adea730044a15db18cabfd3ae2507fc844d5b4e03657a,"{""distance"":5,""physical_error_rate"":5e-06}","{""detection_events"":4650,""detectors_checked"":279224320}"
   1533952,         0,         0,   119.6,decoder_by_matrix,0421d486f8a041838688df650e87c0a19c3450ab7a7cc8b3dc589ebff86d1c74,"{""distance"":5,""physical_error_rate"":0.0001}","{""detection_events"":86500,""detectors_checked"":260771840}"
   1615872,         0,         0,   119.5,decoder_by_matrix,3c866087b289edc25e9adea730044a15db18cabfd3ae2507fc844d5b4e03657a,"{""distance"":5,""physical_error_rate"":5e-06}","{""detection_events"":4595,""detectors_checked"":274698240}"
   1486848,         1,         0,   119.6,decoder_by_matrix,b84cf4b8ca220d31f17e1e2ea9ab927bbc4176b15682c650e7d1dd8f2758172b,"{""distance"":5,""physical_error_rate"":0.0005}","{""detection_events"":419565,""detectors_checked"":252764160,""obs_mistake_mask=E_E_"":1}"
   1530880,         0,         0,   119.7,decoder_by_matrix,b84cf4b8ca220d31f17e1e2ea9ab927bbc4176b15682c650e7d1dd8f2758172b,"{""distance"":5,""physical_error_rate"":0.0005}","{""detection_events"":436790,""detectors_checked"":260249600}"
   1614848,         0,         0,   119.6,decoder_by_matrix,fa5edda0c1038186c8afbec49b0215a0b852396cdb50783a3f937fdf51d2afac,"{""distance"":5,""physical_error_rate"":1e-05}","{""detection_events"":9585,""detectors_checked"":274524160}"
   1684480,         0,         0,   119.6,decoder_by_matrix,3c866087b289edc25e9adea730044a15db18cabfd3ae2507fc844d5b4e03657a,"{""distance"":5,""physical_error_rate"":5e-06}","{""detection_events"":4810,""detectors_checked"":286361600}"
   1548288,         0,         0,   119.6,decoder_by_matrix,9c6baee88fc81e7d1aa345fcb3feec7ee81f21c5d49cb6ca037118097d89e180,"{""distance"":5,""physical_error_rate"":5e-05}","{""detection_events"":42815,""detectors_checked"":263208960}"
   1594368,         4,         0,   119.6,decoder_by_matrix,066a5d8d46981b593c3dec855f441edbe9e755a8873183448f69d036a2ecc650,"{""distance"":5,""physical_error_rate"":0.001}","{""detection_events"":902500,""detectors_checked"":271042560,""obs_mistake_mask=EE__"":1,""obs_mistake_mask=E__E"":1,""obs_mistake_mask=E___"":1,""obs_mistake_mask=_EE_"":1}"
   6996992,        13,         0,   119.1,decoder_by_matrix,066a5d8d46981b593c3dec855f441edbe9e755a8873183448f69d036a2ecc650,"{""distance"":5,""physical_error_rate"":0.001}","{""detection_events"":3966985,""detectors_checked"":1189488640,""obs_mistake_mask=EE_E"":1,""obs_mistake_mask=EE__"":1,""obs_mistake_mask=E__E"":1,""obs_mistake_mask=E___"":2,""obs_mistake_mask=_EE_"":1,""obs_mistake_mask=_E_E"":1,""obs_mistake_mask=_E__"":3,""obs_mistake_mask=__E_"":2,""obs_mistake_mask=___E"":1}"
   1711104,         0,         0,   119.6,decoder_by_matrix,3c866087b289edc25e9adea730044a15db18cabfd3ae2507fc844d5b4e03657a,"{""distance"":5,""physical_error_rate"":5e-06}","{""detection_events"":4945,""detectors_checked"":290887680}"
   1636352,         0,         0,   119.6,decoder_by_matrix,e41ade2e4684e0396b9a3890c882b6453b515d69885aa1d89a26ce21ec554895,"{""distance"":5,""physical_error_rate"":1e-06}","{""detection_events"":880,""detectors_checked"":278179840}"
   1532928,         0,         0,   119.7,decoder_by_matrix,0421d486f8a041838688df650e87c0a19c3450ab7a7cc8b3dc589ebff86d1c74,"{""distance"":5,""physical_error_rate"":0.0001}","{""detection_events"":88040,""detectors_checked"":260597760}"
   1592320,         0,         0,   119.6,decoder_by_matrix,9c6baee88fc81e7d1aa345fcb3feec7ee81f21c5d49cb6ca037118097d89e180,"{""distance"":5,""physical_error_rate"":5e-05}","{""detection_events"":45075,""detectors_checked"":270694400}"
   1531904,         0,         0,   119.4,decoder_by_matrix,fa5edda0c1038186c8afbec49b0215a0b852396cdb50783a3f937fdf51d2afac,"{""distance"":5,""physical_error_rate"":1e-05}","{""detection_events"":8530,""detectors_checked"":260423680}"
   1561600,         1,         0,   119.6,decoder_by_matrix,b84cf4b8ca220d31f17e1e2ea9ab927bbc4176b15682c650e7d1dd8f2758172b,"{""distance"":5,""physical_error_rate"":0.0005}","{""detection_events"":446410,""detectors_checked"":265472000,""obs_mistake_mask=E___"":1}"
   1549312,         0,         0,   119.6,decoder_by_matrix,b84cf4b8ca220d31f17e1e2ea9ab927bbc4176b15682c650e7d1dd8f2758172b,"{""distance"":5,""physical_error_rate"":0.0005}","{""detection_events"":441045,""detectors_checked"":263383040}"
   1553408,         4,         0,   119.6,decoder_by_matrix,066a5d8d46981b593c3dec855f441edbe9e755a8873183448f69d036a2ecc650,"{""distance"":5,""physical_error_rate"":0.001}","{""detection_events"":876085,""detectors_checked"":264079360,""obs_mistake_mask=E_EE"":1,""obs_mistake_mask=E___"":1,""obs_mistake_mask=__E_"":1,""obs_mistake_mask=___E"":1}"
   1530880,         0,         0,   119.7,decoder_by_matrix,9c6baee88fc81e7d1aa345fcb3feec7ee81f21c5d49cb6ca037118097d89e180,"{""distance"":5,""physical_error_rate"":5e-05}","{""detection_events"":43670,""detectors_checked"":260249600}"
   1972224,         0,         0,   119.7,decoder_by_matrix,9c6baee88fc81e7d1aa345fcb3feec7ee81f21c5d49cb6ca037118097d89e180,"{""distance"":5,""physical_error_rate"":5e-05}","{""detection_events"":56870,""detectors_checked"":335278080}"
   2404352,         0,         0,   119.6,decoder_by_matrix,3c866087b289edc25e9adea730044a15db18cabfd3ae2507fc844d5b4e03657a,"{""distance"":5,""physical_error_rate"":5e-06}","{""detection_events"":6730,""detectors_checked"":408739840}"
   2464768,         0,         0,   119.6,decoder_by_matrix,e41ade2e4684e0396b9a3890c882b6453b515d69885aa1d89a26ce21ec554895,"{""distance"":5,""physical_error_rate"":1e-06}","{""detection_events"":1440,""detectors_checked"":419010560}"
   1574912,         0,         0,   119.6,decoder_by_matrix,b84cf4b8ca220d31f17e1e2ea9ab927bbc4176b15682c650e7d1dd8f2758172b,"{""distance"":5,""physical_error_rate"":0.0005}","{""detection_events"":442285,""detectors_checked"":267735040}"
   2227200,         0,         0,   119.6,decoder_by_matrix,fa5edda0c1038186c8afbec49b0215a0b852396cdb50783a3f937fdf51d2afac,"{""distance"":5,""physical_error_rate"":1e-05}","{""detection_events"":12665,""detectors_checked"":378624000}"
   1653760,         5,         0,   119.7,decoder_by_matrix,066a5d8d46981b593c3dec855f441edbe9e755a8873183448f69d036a2ecc650,"{""distance"":5,""physical_error_rate"":0.001}","{""detection_events"":941010,""detectors_checked"":281139200,""obs_mistake_mask=EE_E"":1,""obs_mistake_mask=EE__"":1,""obs_mistake_mask=E_EE"":1,""obs_mistake_mask=E_E_"":1,""obs_mistake_mask=_EEE"":1}"
   1620992,         2,         0,   119.6,decoder_by_matrix,066a5d8d46981b593c3dec855f441edbe9e755a8873183448f69d036a2ecc650,"{""distance"":5,""physical_error_rate"":0.001}","{""detection_events"":915865,""detectors_checked"":275568640,""obs_mistake_mask=E_EE"":1,""obs_mistake_mask=E__E"":1}"
   1627136,         0,         0,   119.5,decoder_by_matrix,0421d486f8a041838688df650e87c0a19c3450ab7a7cc8b3dc589ebff86d1c74,"{""distance"":5,""physical_error_rate"":0.0001}","{""detection_events"":93675,""detectors_checked"":276613120}"
   1855488,         0,         0,   119.7,decoder_by_matrix,0421d486f8a041838688df650e87c0a19c3450ab7a7cc8b3dc589ebff86d1c74,"{""distance"":5,""physical_error_rate"":0.0001}","{""detection_events"":104890,""detectors_checked"":315432960}"
   1804288,         0,         0,   119.6,decoder_by_matrix,b84cf4b8ca220d31f17e1e2ea9ab927bbc4176b15682c650e7d1dd8f2758172b,"{""distance"":5,""physical_error_rate"":0.0005}","{""detection_events"":513855,""detectors_checked"":306728960}"
   1604608,         0,         0,   119.6,decoder_by_matrix,9c6baee88fc81e7d1aa345fcb3feec7ee81f21c5d49cb6ca037118097d89e180,"{""distance"":5,""physical_error_rate"":5e-05}","{""detection_events"":45130,""detectors_checked"":272783360}"
   1619968,         0,         0,   119.6,decoder_by_matrix,3c866087b289edc25e9adea730044a15db18cabfd3ae2507fc844d5b4e03657a,"{""distance"":5,""physical_error_rate"":5e-06}","{""detection_events"":4475,""detectors_checked"":275394560}"
   1635328,         0,         0,   119.6,decoder_by_matrix,fa5edda0c1038186c8afbec49b0215a0b852396cdb50783a3f937fdf51d2afac,"{""distance"":5,""physical_error_rate"":1e-05}","{""detection_events"":9060,""detectors_checked"":278005760}"
   1616896,         0,         0,   119.7,decoder_by_matrix,e41ade2e4684e0396b9a3890c882b6453b515d69885aa1d89a26ce21ec554895,"{""distance"":5,""physical_error_rate"":1e-06}","{""detection_events"":840,""detectors_checked"":274872320}"
   1572864,         0,         0,   119.6,decoder_by_matrix,b84cf4b8ca220d31f17e1e2ea9ab927bbc4176b15682c650e7d1dd8f2758172b,"{""distance"":5,""physical_error_rate"":0.0005}","{""detection_events"":450090,""detectors_checked"":267386880}"
   1656832,         0,         0,   119.6,decoder_by_matrix,3c866087b289edc25e9adea730044a15db18cabfd3ae2507fc844d5b4e03657a,"{""distance"":5,""physical_error_rate"":5e-06}","{""detection_events"":4775,""detectors_checked"":281661440}"
   1710080,         0,         0,   119.7,decoder_by_matrix,e41ade2e4684e0396b9a3890c882b6453b515d69885aa1d89a26ce21ec554895,"{""distance"":5,""physical_error_rate"":1e-06}","{""detection_events"":710,""detectors_checked"":290713600}"
   1537024,         0,         0,   119.5,decoder_by_matrix,0421d486f8a041838688df650e87c0a19c3450ab7a7cc8b3dc589ebff86d1c74,"{""distance"":5,""physical_error_rate"":0.0001}","{""detection_events"":87620,""detectors_checked"":261294080}"
   1661952,         0,         0,   119.7,decoder_by_matrix,fa5edda0c1038186c8afbec49b0215a0b852396cdb50783a3f937fdf51d2afac,"{""distance"":5,""physical_error_rate"":1e-05}","{""detection_events"":9590,""detectors_checked"":282531840}"
   1584128,         0,         0,   119.6,decoder_by_matrix,0421d486f8a041838688df650e87c0a19c3450ab7a7cc8b3dc589ebff86d1c74,"{""distance"":5,""physical_error_rate"":0.0001}","{""detection_events"":91175,""detectors_checked"":269301760}"
   1589248,         0,         0,   119.5,decoder_by_matrix,9c6baee88fc81e7d1aa345fcb3feec7ee81f21c5d49cb6ca037118097d89e180,"{""distance"":5,""physical_error_rate"":5e-05}","{""detection_events"":44090,""detectors_checked"":270172160}"
   1534976,         1,         0,   119.6,decoder_by_matrix,066a5d8d46981b593c3dec855f441edbe9e755a8873183448f69d036a2ecc650,"{""distance"":5,""physical_error_rate"":0.001}","{""detection_events"":874380,""detectors_checked"":260945920,""obs_mistake_mask=_EE_"":1}"
   1589248,         0,         0,   119.7,decoder_by_matrix,fa5edda0c1038186c8afbec49b0215a0b852396cdb50783a3f937fdf51d2afac,"{""distance"":5,""physical_error_rate"":1e-05}","{""detection_events"":9165,""detectors_checked"":270172160}"
   1635328,         0,         0,   119.5,decoder_by_matrix,e41ade2e4684e0396b9a3890c882b6453b515d69885aa1d89a26ce21ec554895,"{""distance"":5,""physical_error_rate"":1e-06}","{""detection_events"":755,""detectors_checked"":278005760}"
   1571840,         0,         0,   119.5,decoder_by_matrix,0421d486f8a041838688df650e87c0a19c3450ab7a7cc8b3dc589ebff86d1c74,"{""distance"":5,""physical_error_rate"":0.0001}","{""detection_events"":90585,""detectors_checked"":267212800}"
   1623040,         0,         0,   119.7,decoder_by_matrix,e41ade2e4684e0396b9a3890c882b6453b515d69885aa1d89a26ce21ec554895,"{""distance"":5,""physical_error_rate"":1e-06}","{""detection_events"":1015,""detectors_checked"":275916800}"
   1576960,         0,         0,   119.7,decoder_by_matrix,9c6baee88fc81e7d1aa345fcb3feec7ee81f21c5d49cb6ca037118097d89e180,"{""distance"":5,""physical_error_rate"":5e-05}","{""detection_events"":45295,""detectors_checked"":268083200}"
   1626112,         0,         0,   119.7,decoder_by_matrix,fa5edda0c1038186c8afbec49b0215a0b852396cdb50783a3f937fdf51d2afac,"{""distance"":5,""physical_error_rate"":1e-05}","{""detection_events"":8675,""detectors_checked"":276439040}"
   1642496,         0,         0,   119.6,decoder_by_matrix,e41ade2e4684e0396b9a3890c882b6453b515d69885aa1d89a26ce21ec554895,"{""distance"":5,""physical_error_rate"":1e-06}","{""detection_events"":770,""detectors_checked"":279224320}"
   1669120,         0,         0,   119.5,decoder_by_matrix,3c866087b289edc25e9adea730044a15db18cabfd3ae2507fc844d5b4e03657a,"{""distance"":5,""physical_error_rate"":5e-06}","{""detection_events"":4920,""detectors_checked"":283750400}"
   1602560,         0,         0,   119.6,decoder_by_matrix,0421d486f8a041838688df650e87c0a19c3450ab7a7cc8b3dc589ebff86d1c74,"{""distance"":5,""physical_error_rate"":0.0001}","{""detection_events"":92130,""detectors_checked"":272435200}"
   1620992,         0,         0,   119.5,decoder_by_matrix,3c866087b289edc25e9adea730044a15db18cabfd3ae2507fc844d5b4e03657a,"{""distance"":5,""physical_error_rate"":5e-06}","{""detection_events"":4850,""detectors_checked"":275568640}"
   1536000,         0,         0,   119.7,decoder_by_matrix,b84cf4b8ca220d31f17e1e2ea9ab927bbc4176b15682c650e7d1dd8f2758172b,"{""distance"":5,""physical_error_rate"":0.0005}","{""detection_events"":431790,""detectors_checked"":261120000}"
   1582080,         0,         0,   119.7,decoder_by_matrix,b84cf4b8ca220d31f17e1e2ea9ab927bbc4176b15682c650e7d1dd8f2758172b,"{""distance"":5,""physical_error_rate"":0.0005}","{""detection_events"":450305,""detectors_checked"":268953600}"
   1553408,         0,         0,   119.5,decoder_by_matrix,fa5edda0c1038186c8afbec49b0215a0b852396cdb50783a3f937fdf51d2afac,"{""distance"":5,""physical_error_rate"":1e-05}","{""detection_events"":8190,""detectors_checked"":264079360}"
   1565696,         0,         0,   119.5,decoder_by_matrix,3c866087b289edc25e9adea730044a15db18cabfd3ae2507fc844d5b4e03657a,"{""distance"":5,""physical_error_rate"":5e-06}","{""detection_events"":4495,""detectors_checked"":266168320}"
   1571840,         0,         0,   119.7,decoder_by_matrix,9c6baee88fc81e7d1aa345fcb3feec7ee81f21c5d49cb6ca037118097d89e180,"{""distance"":5,""physical_error_rate"":5e-05}","{""detection_events"":44770,""detectors_checked"":267212800}"
   1609728,         6,         0,   119.5,decoder_by_matrix,066a5d8d46981b593c3dec855f441edbe9e755a8873183448f69d036a2ecc650,"{""distance"":5,""physical_error_rate"":0.001}","{""detection_events"":915725,""detectors_checked"":273653760,""obs_mistake_mask=E___"":2,""obs_mistake_mask=_EE_"":1,""obs_mistake_mask=_E__"":1,""obs_mistake_mask=__EE"":2}"
   7084032,        15,         0,   119.1,decoder_by_matrix,066a5d8d46981b593c3dec855f441edbe9e755a8873183448f69d036a2ecc650,"{""distance"":5,""physical_error_rate"":0.001}","{""detection_events"":4017750,""detectors_checked"":1204285440,""obs_mistake_mask=EE_E"":1,""obs_mistake_mask=EE__"":1,""obs_mistake_mask=E_E_"":1,""obs_mistake_mask=E__E"":1,""obs_mistake_mask=E___"":3,""obs_mistake_mask=_EEE"":1,""obs_mistake_mask=_EE_"":1,""obs_mistake_mask=_E__"":1,""obs_mistake_mask=__E_"":3,""obs_mistake_mask=___E"":2}"
   1629184,         0,         0,   119.6,decoder_by_matrix,3c866087b289edc25e9adea730044a15db18cabfd3ae2507fc844d5b4e03657a,"{""distance"":5,""physical_error_rate"":5e-06}","{""detection_events"":4430,""detectors_checked"":276961280}"
   1606656,         0,         0,   119.5,decoder_by_matrix,e41ade2e4684e0396b9a3890c882b6453b515d69885aa1d89a26ce21ec554895,"{""distance"":5,""physical_error_rate"":1e-06}","{""detection_events"":825,""detectors_checked"":273131520}"
   1496064,         0,         0,   119.6,decoder_by_matrix,0421d486f8a041838688df650e87c0a19c3450ab7a7cc8b3dc589ebff86d1c74,"{""distance"":5,""physical_error_rate"":0.0001}","{""detection_events"":87685,""detectors_checked"":254330880}"
   1521664,         0,         0,   119.6,decoder_by_matrix,9c6baee88fc81e7d1aa345fcb3feec7ee81f21c5d49cb6ca037118097d89e180,"{""distance"":5,""physical_error_rate"":5e-05}","{""detection_events"":44885,""detectors_checked"":258682880}"
   1616896,         0,         0,   119.5,decoder_by_matrix,fa5edda0c1038186c8afbec49b0215a0b852396cdb50783a3f937fdf51d2afac,"{""distance"":5,""physical_error_rate"":1e-05}","{""detection_events"":9665,""detectors_checked"":274872320}"
   1596416,         0,         0,   119.7,decoder_by_matrix,b84cf4b8ca220d31f17e1e2ea9ab927bbc4176b15682c650e7d1dd8f2758172b,"{""distance"":5,""physical_error_rate"":0.0005}","{""detection_events"":446840,""detectors_checked"":271390720}"
   1576960,         0,         0,   119.6,decoder_by_matrix,b84cf4b8ca220d31f17e1e2ea9ab927bbc4176b15682c650e7d1dd8f2758172b,"{""distance"":5,""physical_error_rate"":0.0005}","{""detection_events"":446120,""detectors_checked"":268083200}"
   1496064,         0,         0,   119.5,decoder_by_matrix,066a5d8d46981b593c3dec855f441edbe9e755a8873183448f69d036a2ecc650,"{""distance"":5,""physical_error_rate"":0.001}","{""detection_events"":849490,""detectors_checked"":254330880}"
   1523712,         0,         0,   119.5,decoder_by_matrix,9c6baee88fc81e7d1aa345fcb3feec7ee81f21c5d49cb6ca037118097d89e180,"{""distance"":5,""physical_error_rate"":5e-05}","{""detection_events"":44510,""detectors_checked"":259031040}"
   2157568,         0,         0,   119.6,decoder_by_matrix,9c6baee88fc81e7d1aa345fcb3feec7ee81f21c5d49cb6ca037118097d89e180,"{""distance"":5,""physical_error_rate"":5e-05}","{""detection_events"":62250,""detectors_checked"":366786560}"
   2669568,         0,         0,   119.6,decoder_by_matrix,3c866087b289edc25e9adea730044a15db18cabfd3ae2507fc844d5b4e03657a,"{""distance"":5,""physical_error_rate"":5e-06}","{""detection_events"":7425,""detectors_checked"":453826560}"
   2577408,         0,         0,   119.5,decoder_by_matrix,e41ade2e4684e0396b9a3890c882b6453b515d69885aa1d89a26ce21ec554895,"{""distance"":5,""physical_error_rate"":1e-06}","{""detection_events"":1620,""detectors_checked"":438159360}"
   2260992,         0,         0,   119.6,decoder_by_matrix,fa5edda0c1038186c8afbec49b0215a0b852396cdb50783a3f937fdf51d2afac,"{""distance"":5,""physical_error_rate"":1e-05}","{""detection_events"":13150,""detectors_checked"":384368640}"
   1562624,         1,         0,   119.6,decoder_by_matrix,b84cf4b8ca220d31f17e1e2ea9ab927bbc4176b15682c650e7d1dd8f2758172b,"{""distance"":5,""physical_error_rate"":0.0005}","{""detection_events"":442460,""detectors_checked"":265646080,""obs_mistake_mask=_EEE"":1}"
   1563648,         5,         0,   119.4,decoder_by_matrix,066a5d8d46981b593c3dec855f441edbe9e755a8873183448f69d036a2ecc650,"{""distance"":5,""physical_error_rate"":0.001}","{""detection_events"":877930,""detectors_checked"":265820160,""obs_mistake_mask=E_E_"":1,""obs_mistake_mask=E___"":1,""obs_mistake_mask=__EE"":1,""obs_mistake_mask=__E_"":1,""obs_mistake_mask=___E"":1}"
   1550336,         2,         0,   119.5,decoder_by_matrix,066a5d8d46981b593c3dec855f441edbe9e755a8873183448f69d036a2ecc650,"{""distance"":5,""physical_error_rate"":0.001}","{""detection_events"":878070,""detectors_checked"":263557120,""obs_mistake_mask=_E__"":1,""obs_mistake_mask=__EE"":1}"
   1905664,         0,         0,   119.6,decoder_by_matrix,0421d486f8a041838688df650e87c0a19c3450ab7a7cc8b3dc589ebff86d1c74,"{""distance"":5,""physical_error_rate"":0.0001}","{""detection_events"":105610,""detectors_checked"":323962880}"
   1844224,         0,         0,   119.6,decoder_by_matrix,b84cf4b8ca220d31f17e1e2ea9ab927bbc4176b15682c650e7d1dd8f2758172b,"{""distance"":5,""physical_error_rate"":0.0005}","{""detection_events"":526060,""detectors_checked"":313518080}"
   1652736,         0,         0,   119.6,decoder_by_matrix,0421d486f8a041838688df650e87c0a19c3450ab7a7cc8b3dc589ebff86d1c74,"{""distance"":5,""physical_error_rate"":0.0001}","{""detection_events"":93380,""detectors_checked"":280965120}"
   1638400,         0,         0,   119.6,decoder_by_matrix,9c6baee88fc81e7d1aa345fcb3feec7ee81f21c5d49cb6ca037118097d89e180,"{""distance"":5,""physical_error_rate"":5e-05}","{""detection_events"":45960,""detectors_checked"":278528000}"
   1614848,         0,         0,   119.6,decoder_by_matrix,3c866087b289edc25e9adea730044a15db18cabfd3ae2507fc844d5b4e03657a,"{""distance"":5,""physical_error_rate"":5e-06}","{""detection_events"":4195,""detectors_checked"":274524160}"
   1638400,         0,         0,   119.5,decoder_by_matrix,fa5edda0c1038186c8afbec49b0215a0b852396cdb50783a3f937fdf51d2afac,"{""distance"":5,""physical_error_rate"":1e-05}","{""detection_events"":8795,""detectors_checked"":278528000}"
   1604608,         0,         0,   119.6,decoder_by_matrix,e41ade2e4684e0396b9a3890c882b6453b515d69885aa1d89a26ce21ec554895,"{""distance"":5,""physical_error_rate"":1e-06}","{""detection_events"":890,""detectors_checked"":272783360}"
   1585152,         0,         0,   119.6,decoder_by_matrix,b84cf4b8ca220d31f17e1e2ea9ab927bbc4176b15682c650e7d1dd8f2758172b,"{""distance"":5,""physical_error_rate"":0.0005}","{""detection_events"":450355,""detectors_checked"":269475840}"
   1636352,         0,         0,   119.6,decoder_by_matrix,3c866087b289edc25e9adea730044a15db18cabfd3ae2507fc844d5b4e03657a,"{""distance"":5,""physical_error_rate"":5e-06}","{""detection_events"":4750,""detectors_checked"":278179840}"
   1632256,         0,         0,   119.6,decoder_by_matrix,e41ade2e4684e0396b9a3890c882b6453b515d69885aa1d89a26ce21ec554895,"{""distance"":5,""physical_error_rate"":1e-06}","{""detection_events"":1040,""detectors_checked"":277483520}"
   1528832,         0,         0,   119.5,decoder_by_matrix,0421d486f8a041838688df650e87c0a19c3450ab7a7cc8b3dc589ebff86d1c74,"{""distance"":5,""physical_error_rate"":0.0001}","{""detection_events"":85405,""detectors_checked"":259901440}"
   1637376,         0,         0,   119.6,decoder_by_matrix,fa5edda0c1038186c8afbec49b0215a0b852396cdb50783a3f937fdf51d2afac,"{""distance"":5,""physical_error_rate"":1e-05}","{""detection_events"":9575,""detectors_checked"":278353920}"
   1623040,         0,         0,   119.7,decoder_by_matrix,0421d486f8a041838688df650e87c0a19c3450ab7a7cc8b3dc589ebff86d1c74,"{""distance"":5,""physical_error_rate"":0.0001}","{""detection_events"":92445,""detectors_checked"":275916800}"
   1581056,         0,         0,   119.6,decoder_by_matrix,9c6baee88fc81e7d1aa345fcb3feec7ee81f21c5d49cb6ca037118097d89e180,"{""distance"":5,""physical_error_rate"":5e-05}","{""detection_events"":45315,""detectors_checked"":268779520}"
   1537024,         3,         0,   119.6,decoder_by_matrix,066a5d8d46981b593c3dec855f441edbe9e755a8873183448f69d036a2ecc650,"{""distance"":5,""physical_error_rate"":0.001}","{""detection_events"":869760,""detectors_checked"":261294080,""obs_mistake_mask=EE__"":1,""obs_mistake_mask=_E_E"":1,""obs_mistake_mask=__E_"":1}"
   1640448,         0,         0,   119.5,decoder_by_matrix,fa5edda0c1038186c8afbec49b0215a0b852396cdb50783a3f937fdf51d2afac,"{""distance"":5,""physical_error_rate"":1e-05}","{""detection_events"":8700,""detectors_checked"":278876160}"
   1649664,         0,         0,   119.5,decoder_by_matrix,e41ade2e4684e0396b9a3890c882b6453b515d69885aa1d89a26ce21ec554895,"{""distance"":5,""physical_error_rate"":1e-06}","{""detection_events"":770,""detectors_checked"":280442880}"
   1537024,         0,         0,   119.5,decoder_by_matrix,0421d486f8a041838688df650e87c0a19c3450ab7a7cc8b3dc589ebff86d1c74,"{""distance"":5,""physical_error_rate"":0.0001}","{""detection_events"":85725,""detectors_checked"":261294080}"
   1545216,         0,         0,   119.5,decoder_by_matrix,e41ade2e4684e0396b9a3890c882b6453b515d69885aa1d89a26ce21ec554895,"{""distance"":5,""physical_error_rate"":1e-06}","{""detection_events"":715,""detectors_checked"":262686720}"
   1513472,         0,         0,   119.6,decoder_by_matrix,9c6baee88fc81e7d1aa345fcb3feec7ee81f21c5d49cb6ca037118097d89e180,"{""distance"":5,""physical_error_rate"":5e-05}","{""detection_events"":43545,""detectors_checked"":257290240}"
   1569792,         0,         0,   119.5,decoder_by_matrix,fa5edda0c1038186c8afbec49b0215a0b852396cdb50783a3f937fdf51d2afac,"{""distance"":5,""physical_error_rate"":1e-05}","{""detection_events"":9590,""detectors_checked"":266864640}"
   1617920,         0,         0,   119.6,decoder_by_matrix,e41ade2e4684e0396b9a3890c882b6453b515d69885aa1d89a26ce21ec554895,"{""distance"":5,""physical_error_rate"":1e-06}","{""detection_events"":1105,""detectors_checked"":275046400}"
   1631232,         0,         0,   119.6,decoder_by_matrix,3c866087b289edc25e9adea730044a15db18cabfd3ae2507fc844d5b4e03657a,"{""distance"":5,""physical_error_rate"":5e-06}","{""detection_events"":4820,""detectors_checked"":277309440}"
   1520640,         0,         0,   119.5,decoder_by_matrix,0421d486f8a041838688df650e87c0a19c3450ab7a7cc8b3dc589ebff86d1c74,"{""distance"":5,""physical_error_rate"":0.0001}","{""detection_events"":86600,""detectors_checked"":258508800}"
   1554432,         0,         0,   119.6,decoder_by_matrix,3c866087b289edc25e9adea730044a15db18cabfd3ae2507fc844d5b4e03657a,"{""distance"":5,""physical_error_rate"":5e-06}","{""detection_events"":4915,""detectors_checked"":264253440}"
   1473536,         3,         0,   119.5,decoder_by_matrix,b84cf4b8ca220d31f17e1e2ea9ab927bbc4176b15682c650e7d1dd8f2758172b,"{""distance"":5,""physical_error_rate"":0.0005}","{""detection_events"":418005,""detectors_checked"":250501120,""obs_mistake_mask=_EEE"":1,""obs_mistake_mask=__E_"":1,""obs_mistake_mask=___E"":1}"
   1589248,         1,         0,   119.5,decoder_by_matrix,b84cf4b8ca220d31f17e1e2ea9ab927bbc4176b15682c650e7d1dd8f2758172b,"{""distance"":5,""physical_error_rate"":0.0005}","{""detection_events"":456925,""detectors_checked"":270172160,""obs_mistake_mask=E___"":1}"
   1597440,         0,         0,   119.5,decoder_by_matrix,fa5edda0c1038186c8afbec49b0215a0b852396cdb50783a3f937fdf51d2afac,"{""distance"":5,""physical_error_rate"":1e-05}","{""detection_events"":9855,""detectors_checked"":271564800}"
   1593344,         0,         0,   119.6,decoder_by_matrix,3c866087b289edc25e9adea730044a15db18cabfd3ae2507fc844d5b4e03657a,"{""distance"":5,""physical_error_rate"":5e-06}","{""detection_events"":4155,""detectors_checked"":270868480}"
   1573888,         0,         0,   119.7,decoder_by_matrix,9c6baee88fc81e7d1aa345fcb3feec7ee81f21c5d49cb6ca037118097d89e180,"{""distance"":5,""physical_error_rate"":5e-05}","{""detection_events"":45110,""detectors_checked"":267560960}"
   1581056,         1,         0,   119.6,decoder_by_matrix,066a5d8d46981b593c3dec855f441edbe9e755a8873183448f69d036a2ecc650,"{""distance"":5,""physical_error_rate"":0.001}","{""detection_events"":891580,""detectors_checked"":268779520,""obs_mistake_mask=___E"":1}"
   6168576,        15,         0,   119.3,decoder_by_matrix,066a5d8d46981b593c3dec855f441edbe9e755a8873183448f69d036a2ecc650,"{""distance"":5,""physical_error_rate"":0.001}","{""detection_events"":3485700,""detectors_checked"":1048657920,""obs_mistake_mask=EE__"":2,""obs_mistake_mask=E_EE"":1,""obs_mistake_mask=E_E_"":2,""obs_mistake_mask=E__E"":1,""obs_mistake_mask=E___"":3,""obs_mistake_mask=_EEE"":1,""obs_mistake_mask=_E__"":2,""obs_mistake_mask=__EE"":1,""obs_mistake_mask=___E"":2}"
   1668096,         0,         0,   119.6,decoder_by_matrix,3c866087b289edc25e9adea730044a15db18cabfd3ae2507fc844d5b4e03657a,"{""distance"":5,""physical_error_rate"":5e-06}","{""detection_events"":4625,""detectors_checked"":283576320}"
   1632256,         0,         0,   119.5,decoder_by_matrix,e41ade2e4684e0396b9a3890c882b6453b515d69885aa1d89a26ce21ec554895,"{""distance"":5,""physical_error_rate"":1e-06}","{""detection_events"":1390,""detectors_checked"":277483520}"
   1571840,         0,         0,   119.6,decoder_by_matrix,0421d486f8a041838688df650e87c0a19c3450ab7a7cc8b3dc589ebff86d1c74,"{""distance"":5,""physical_error_rate"":0.0001}","{""detection_events"":87900,""detectors_checked"":267212800}"
   1560576,         0,         0,   119.6,decoder_by_matrix,9c6baee88fc81e7d1aa345fcb3feec7ee81f21c5d49cb6ca037118097d89e180,"{""distance"":5,""physical_error_rate"":5e-05}","{""detection_events"":45260,""detectors_checked"":265297920}"
   1592320,         0,         0,   119.6,decoder_by_matrix,fa5edda0c1038186c8afbec49b0215a0b852396cdb50783a3f937fdf51d2afac,"{""distance"":5,""physical_error_rate"":1e-05}","{""detection_events"":8420,""detectors_checked"":270694400}"
   1610752,         1,         0,   119.6,decoder_by_matrix,b84cf4b8ca220d31f17e1e2ea9ab927bbc4176b15682c650e7d1dd8f2758172b,"{""distance"":5,""physical_error_rate"":0.0005}","{""detection_events"":459770,""detectors_checked"":273827840,""obs_mistake_mask=_E__"":1}"
   1529856,         1,         0,   119.6,decoder_by_matrix,b84cf4b8ca220d31f17e1e2ea9ab927bbc4176b15682c650e7d1dd8f2758172b,"{""distance"":5,""physical_error_rate"":0.0005}","{""detection_events"":441750,""detectors_checked"":260075520,""obs_mistake_mask=_E_E"":1}"
   1476608,         3,         0,   119.6,decoder_by_matrix,066a5d8d46981b593c3dec855f441edbe9e755a8873183448f69d036a2ecc650,"{""distance"":5,""physical_error_rate"":0.001}","{""detection_events"":835820,""detectors_checked"":251023360,""obs_mistake_mask=_EEE"":1,""obs_mistake_mask=__E_"":1,""obs_mistake_mask=___E"":1}"
   1461248,         0,         0,   119.5,decoder_by_matrix,9c6baee88fc81e7d1aa345fcb3feec7ee81f21c5d49cb6ca037118097d89e180,"{""distance"":5,""physical_error_rate"":5e-05}","{""detection_events"":41320,""detectors_checked"":248412160}"
   2391040,         0,         0,   119.6,decoder_by_matrix,9c6baee88fc81e7d1aa345fcb3feec7ee81f21c5d49cb6ca037118097d89e180,"{""distance"":5,""physical_error_rate"":5e-05}","{""detection_events"":68100,""detectors_checked"":406476800}"
   2720768,         0,         0,   119.6,decoder_by_matrix,3c866087b289edc25e9adea730044a15db18cabfd3ae2507fc844d5b4e03657a,"{""distance"":5,""physical_error_rate"":5e-06}","{""detection_events"":7960,""detectors_checked"":462530560}"
   2612224,         0,         0,   119.6,decoder_by_matrix,e41ade2e4684e0396b9a3890c882b6453b515d69885aa1d89a26ce21ec554895,"{""distance"":5,""physical_error_rate"":1e-06}","{""detection_events"":1445,""detectors_checked"":444078080}"
   2513920,         0,         0,   119.6,decoder_by_matrix,fa5edda0c1038186c8afbec49b0215a0b852396cdb50783a3f937fdf51d2afac,"{""distance"":5,""physical_error_rate"":1e-05}","{""detection_events"":13730,""detectors_checked"":427366400}"
   1630208,         0,         0,   119.6,decoder_by_matrix,b84cf4b8ca220d31f17e1e2ea9ab927bbc4176b15682c650e7d1dd8f2758172b,"{""distance"":5,""physical_error_rate"":0.0005}","{""detection_events"":465650,""detectors_checked"":277135360}"
   1570816,         6,         0,   119.6,decoder_by_matrix,066a5d8d46981b593c3dec855f441edbe9e755a8873183448f69d036a2ecc650,"{""distance"":5,""physical_error_rate"":0.001}","{""detection_events"":880985,""detectors_checked"":267038720,""obs_mistake_mask=E_EE"":1,""obs_mistake_mask=E_E_"":1,""obs_mistake_mask=E__E"":1,""obs_mistake_mask=E___"":1,""obs_mistake_mask=_EE_"":1,""obs_mistake_mask=_E__"":1}"
   1575936,         6,         0,   119.7,decoder_by_matrix,066a5d8d46981b593c3dec855f441edbe9e755a8873183448f69d036a2ecc650,"{""distance"":5,""physical_error_rate"":0.001}","{""detection_events"":892650,""detectors_checked"":267909120,""obs_mistake_mask=EE__"":1,""obs_mistake_mask=_EE_"":1,""obs_mistake_mask=_E_E"":1,""obs_mistake_mask=_E__"":2,""obs_mistake_mask=__EE"":1}"
   2320384,         0,         0,   119.6,decoder_by_matrix,0421d486f8a041838688df650e87c0a19c3450ab7a7cc8b3dc589ebff86d1c74,"{""distance"":5,""physical_error_rate"":0.0001}","{""detection_events"":133640,""detectors_checked"":394465280}"
   2138112,         0,         0,   119.6,decoder_by_matrix,b84cf4b8ca220d31f17e1e2ea9ab927bbc4176b15682c650e7d1dd8f2758172b,"{""distance"":5,""physical_error_rate"":0.0005}","{""detection_events"":608915,""detectors_checked"":363479040}"
   1650688,         0,         0,   119.5,decoder_by_matrix,0421d486f8a041838688df650e87c0a19c3450ab7a7cc8b3dc589ebff86d1c74,"{""distance"":5,""physical_error_rate"":0.0001}","{""detection_events"":91115,""detectors_checked"":280616960}"
   1616896,         0,         0,   119.6,decoder_by_matrix,9c6baee88fc81e7d1aa345fcb3feec7ee81f21c5d49cb6ca037118097d89e180,"{""distance"":5,""physical_error_rate"":5e-05}","{""detection_events"":47540,""detectors_checked"":274872320}"
   1609728,         0,         0,   119.6,decoder_by_matrix,3c866087b289edc25e9adea730044a15db18cabfd3ae2507fc844d5b4e03657a,"{""distance"":5,""physical_error_rate"":5e-06}","{""detection_events"":4200,""detectors_checked"":273653760}"
   1639424,         0,         0,   119.6,decoder_by_matrix,fa5edda0c1038186c8afbec49b0215a0b852396cdb50783a3f937fdf51d2afac,"{""distance"":5,""physical_error_rate"":1e-05}","{""detection_events"":10395,""detectors_checked"":278702080}"
   1616896,         0,         0,   119.6,decoder_by_matrix,e41ade2e4684e0396b9a3890c882b6453b515d69885aa1d89a26ce21ec554895,"{""distance"":5,""physical_error_rate"":1e-06}","{""detection_events"":800,""detectors_checked"":274872320}"
   1584128,         0,         0,   119.7,decoder_by_matrix,b84cf4b8ca220d31f17e1e2ea9ab927bbc4176b15682c650e7d1dd8f2758172b,"{""distance"":5,""physical_error_rate"":0.0005}","{""detection_events"":447435,""detectors_checked"":269301760}"
   1653760,         0,         0,   119.6,decoder_by_matrix,3c866087b289edc25e9adea730044a15db18cabfd3ae2507fc844d5b4e03657a,"{""distance"":5,""physical_error_rate"":5e-06}","{""detection_events"":4245,""detectors_checked"":281139200}"
   1661952,         0,         0,   119.6,decoder_by_matrix,e41ade2e4684e0396b9a3890c882b6453b515d69885aa1d89a26ce21ec554895,"{""distance"":5,""physical_error_rate"":1e-06}","{""detection_events"":700,""detectors_checked"":282531840}"
   1507328,         0,         0,   119.4,decoder_by_matrix,0421d486f8a041838688df650e87c0a19c3450ab7a7cc8b3dc589ebff86d1c74,"{""distance"":5,""physical_error_rate"":0.0001}","{""detection_events"":86030,""detectors_checked"":256245760}"
   1658880,         0,         0,   119.6,decoder_by_matrix,fa5edda0c1038186c8afbec49b0215a0b852396cdb50783a3f937fdf51d2afac,"{""distance"":5,""physical_error_rate"":1e-05}","{""detection_events"":9725,""detectors_checked"":282009600}"
   1603584,         0,         0,   119.5,decoder_by_matrix,9c6baee88fc81e7d1aa345fcb3feec7ee81f21c5d49cb6ca037118097d89e180,"{""distance"":5,""physical_error_rate"":5e-05}","{""detection_events"":45190,""detectors_checked"":272609280}"
   1581056,         0,         0,   119.6,decoder_by_matrix,0421d486f8a041838688df650e87c0a19c3450ab7a7cc8b3dc589ebff86d1c74,"{""distance"":5,""physical_error_rate"":0.0001}","{""detection_events"":92110,""detectors_checked"":268779520}"
   1539072,         0,         0,   119.6,decoder_by_matrix,066a5d8d46981b593c3dec855f441edbe9e755a8873183448f69d036a2ecc650,"{""distance"":5,""physical_error_rate"":0.001}","{""detection_events"":876125,""detectors_checked"":261642240}"
   1613824,         0,         0,   119.6,decoder_by_matrix,fa5edda0c1038186c8afbec49b0215a0b852396cdb50783a3f937fdf51d2afac,"{""distance"":5,""physical_error_rate"":1e-05}","{""detection_events"":9390,""detectors_checked"":274350080}"
   1638400,         0,         0,   119.6,decoder_by_matrix,e41ade2e4684e0396b9a3890c882b6453b515d69885aa1d89a26ce21ec554895,"{""distance"":5,""physical_error_rate"":1e-06}","{""detection_events"":885,""detectors_checked"":278528000}"
   1554432,         0,         0,   119.5,decoder_by_matrix,0421d486f8a041838688df650e87c0a19c3450ab7a7cc8b3dc589ebff86d1c74,"{""distance"":5,""physical_error_rate"":0.0001}","{""detection_events"":90895,""detectors_checked"":264253440}"
   1508352,         0,         0,   119.6,decoder_by_matrix,e41ade2e4684e0396b9a3890c882b6453b515d69885aa1d89a26ce21ec554895,"{""distance"":5,""physical_error_rate"":1e-06}","{""detection_events"":1270,""detectors_checked"":256419840}"
   1504256,         0,         0,   119.6,decoder_by_matrix,9c6baee88fc81e7d1aa345fcb3feec7ee81f21c5d49cb6ca037118097d89e180,"{""distance"":5,""physical_error_rate"":5e-05}","{""detection_events"":40480,""detectors_checked"":255723520}"
   1593344,         0,         0,   119.6,decoder_by_matrix,fa5edda0c1038186c8afbec49b0215a0b852396cdb50783a3f937fdf51d2afac,"{""distance"":5,""physical_error_rate"":1e-05}","{""detection_events"":9065,""detectors_checked"":270868480}"
   1604608,         0,         0,   119.6,decoder_by_matrix,e41ade2e4684e0396b9a3890c882b6453b515d69885aa1d89a26ce21ec554895,"{""distance"":5,""physical_error_rate"":1e-06}","{""detection_events"":1025,""detectors_checked"":272783360}"
   1677312,         0,         0,   119.7,decoder_by_matrix,3c866087b289edc25e9adea730044a15db18cabfd3ae2507fc844d5b4e03657a,"{""distance"":5,""physical_error_rate"":5e-06}","{""detection_events"":4695,""detectors_checked"":285143040}"
   1469440,         0,         0,   119.5,decoder_by_matrix,0421d486f8a041838688df650e87c0a19c3450ab7a7cc8b3dc589ebff86d1c74,"{""distance"":5,""physical_error_rate"":0.0001}","{""detection_events"":85190,""detectors_checked"":249804800}"
   1529856,         0,         0,   119.6,decoder_by_matrix,3c866087b289edc25e9adea730044a15db18cabfd3ae2507fc844d5b4e03657a,"{""distance"":5,""physical_error_rate"":5e-06}","{""detection_events"":4360,""detectors_checked"":260075520}"
   1527808,         0,         0,   119.6,decoder_by_matrix,b84cf4b8ca220d31f17e1e2ea9ab927bbc4176b15682c650e7d1dd8f2758172b,"{""distance"":5,""physical_error_rate"":0.0005}","{""detection_events"":432510,""detectors_checked"":259727360}"
   1579008,         0,         0,   119.6,decoder_by_matrix,b84cf4b8ca220d31f17e1e2ea9ab927bbc4176b15682c650e7d1dd8f2758172b,"{""distance"":5,""physical_error_rate"":0.0005}","{""detection_events"":449950,""detectors_checked"":268431360}"
   1558528,         0,         0,   119.5,decoder_by_matrix,fa5edda0c1038186c8afbec49b0215a0b852396cdb50783a3f937fdf51d2afac,"{""distance"":5,""physical_error_rate"":1e-05}","{""detection_events"":8765,""detectors_checked"":264949760}"
   1631232,         0,         0,   119.6,decoder_by_matrix,3c866087b289edc25e9adea730044a15db18cabfd3ae2507fc844d5b4e03657a,"{""distance"":5,""physical_error_rate"":5e-06}","{""detection_events"":4770,""detectors_checked"":277309440}"
   1503232,         0,         0,   119.6,decoder_by_matrix,9c6baee88fc81e7d1aa345fcb3feec7ee81f21c5d49cb6ca037118097d89e180,"{""distance"":5,""physical_error_rate"":5e-05}","{""detection_events"":44240,""detectors_checked"":255549440}"
   2823168,         7,         0,   119.1,decoder_by_matrix,066a5d8d46981b593c3dec855f441edbe9e755a8873183448f69d036a2ecc650,"{""distance"":5,""physical_error_rate"":0.001}","{""detection_events"":1595890,""detectors_checked"":479938560,""obs_mistake_mask=EEE_"":1,""obs_mistake_mask=EE__"":1,""obs_mistake_mask=E_E_"":1,""obs_mistake_mask=E___"":2,""obs_mistake_mask=_E__"":2}"
   3598336,         9,         0,   119.3,decoder_by_matrix,066a5d8d46981b593c3dec855f441edbe9e755a8873183448f69d036a2ecc650,"{""distance"":5,""physical_error_rate"":0.001}","{""detection_events"":2049165,""detectors_checked"":611717120,""obs_mistake_mask=EE__"":1,""obs_mistake_mask=E_EE"":2,""obs_mistake_mask=E_E_"":2,""obs_mistake_mask=E___"":2,""obs_mistake_mask=_EE_"":1,""obs_mistake_mask=___E"":1}"
   1658880,         0,         0,   119.6,decoder_by_matrix,3c866087b289edc25e9adea730044a15db18cabfd3ae2507fc844d5b4e03657a,"{""distance"":5,""physical_error_rate"":5e-06}","{""detection_events"":4780,""detectors_checked"":282009600}"
   1673216,         0,         0,   119.7,decoder_by_matrix,e41ade2e4684e0396b9a3890c882b6453b515d69885aa1d89a26ce21ec554895,"{""distance"":5,""physical_error_rate"":1e-06}","{""detection_events"":920,""detectors_checked"":284446720}"
   1531904,         0,         0,   119.6,decoder_by_matrix,0421d486f8a041838688df650e87c0a19c3450ab7a7cc8b3dc589ebff86d1c74,"{""distance"":5,""physical_error_rate"":0.0001}","{""detection_events"":86330,""detectors_checked"":260423680}"
   1576960,         0,         0,   119.6,decoder_by_matrix,9c6baee88fc81e7d1aa345fcb3feec7ee81f21c5d49cb6ca037118097d89e180,"{""distance"":5,""physical_error_rate"":5e-05}","{""detection_events"":45385,""detectors_checked"":268083200}"
   1554432,         0,         0,   119.6,decoder_by_matrix,fa5edda0c1038186c8afbec49b0215a0b852396cdb50783a3f937fdf51d2afac,"{""distance"":5,""physical_error_rate"":1e-05}","{""detection_events"":8185,""detectors_checked"":264253440}"
   1570816,         0,         0,   119.6,decoder_by_matrix,b84cf4b8ca220d31f17e1e2ea9ab927bbc4176b15682c650e7d1dd8f2758172b,"{""distance"":5,""physical_error_rate"":0.0005}","{""detection_events"":448130,""detectors_checked"":267038720}"
   1559552,         0,         0,   119.6,decoder_by_matrix,b84cf4b8ca220d31f17e1e2ea9ab927bbc4176b15682c650e7d1dd8f2758172b,"{""distance"":5,""physical_error_rate"":0.0005}","{""detection_events"":455025,""detectors_checked"":265123840}"
   1580032,         3,         0,   119.6,decoder_by_matrix,066a5d8d46981b593c3dec855f441edbe9e755a8873183448f69d036a2ecc650,"{""distance"":5,""physical_error_rate"":0.001}","{""detection_events"":895805,""detectors_checked"":268605440,""obs_mistake_mask=E___"":1,""obs_mistake_mask=___E"":2}"
   1542144,         0,         0,   119.6,decoder_by_matrix,9c6baee88fc81e7d1aa345fcb3feec7ee81f21c5d49cb6ca037118097d89e180,"{""distance"":5,""physical_error_rate"":5e-05}","{""detection_events"":42695,""detectors_checked"":262164480}"
   2151424,         0,         0,   119.5,decoder_by_matrix,9c6baee88fc81e7d1aa345fcb3feec7ee81f21c5d49cb6ca037118097d89e180,"{""distance"":5,""physical_error_rate"":5e-05}","{""detection_events"":62410,""detectors_checked"":365742080}"
   2477056,         0,         0,   119.6,decoder_by_matrix,3c866087b289edc25e9adea730044a15db18cabfd3ae2507fc844d5b4e03657a,"{""distance"":5,""physical_error_rate"":5e-06}","{""detection_events"":6565,""detectors_checked"":421099520}"
   2576384,         0,         0,   119.4,decoder_by_matrix,e41ade2e4684e0396b9a3890c882b6453b515d69885aa1d89a26ce21ec554895,"{""distance"":5,""physical_error_rate"":1e-06}","{""detection_events"":1580,""detectors_checked"":437985280}"
   2354176,         0,         0,   119.6,decoder_by_matrix,fa5edda0c1038186c8afbec49b0215a0b852396cdb50783a3f937fdf51d2afac,"{""distance"":5,""physical_error_rate"":1e-05}","{""detection_events"":13805,""detectors_checked"":400209920}"
   1607680,         0,         0,   119.6,decoder_by_matrix,b84cf4b8ca220d31f17e1e2ea9ab927bbc4176b15682c650e7d1dd8f2758172b,"{""distance"":5,""physical_error_rate"":0.0005}","{""detection_events"":459535,""detectors_checked"":273305600}"
   1617920,         4,         0,   119.6,decoder_by_matrix,066a5d8d46981b593c3dec855f441edbe9e755a8873183448f69d036a2ecc650,"{""distance"":5,""physical_error_rate"":0.001}","{""detection_events"":917570,""detectors_checked"":275046400,""obs_mistake_mask=E_EE"":1,""obs_mistake_mask=E_E_"":1,""obs_mistake_mask=_E__"":1,""obs_mistake_mask=___E"":1}"
   1893376,         0,         0,   119.7,decoder_by_matrix,0421d486f8a041838688df650e87c0a19c3450ab7a7cc8b3dc589ebff86d1c74,"{""distance"":5,""physical_error_rate"":0.0001}","{""detection_events"":109030,""detectors_checked"":321873920}"
   1583104,         3,         0,   119.6,decoder_by_matrix,066a5d8d46981b593c3dec855f441edbe9e755a8873183448f69d036a2ecc650,"{""distance"":5,""physical_error_rate"":0.001}","{""detection_events"":897710,""detectors_checked"":269127680,""obs_mistake_mask=EEE_"":1,""obs_mistake_mask=E__E"":1,""obs_mistake_mask=___E"":1}"
   1662976,         0,         0,   119.6,decoder_by_matrix,0421d486f8a041838688df650e87c0a19c3450ab7a7cc8b3dc589ebff86d1c74,"{""distance"":5,""physical_error_rate"":0.0001}","{""detection_events"":94565,""detectors_checked"":282705920}"
   1893376,         0,         0,   119.6,decoder_by_matrix,b84cf4b8ca220d31f17e1e2ea9ab927bbc4176b15682c650e7d1dd8f2758172b,"{""distance"":5,""physical_error_rate"":0.0005}","{""detection_events"":538145,""detectors_checked"":321873920}"
   1655808,         0,         0,   119.6,decoder_by_matrix,9c6baee88fc81e7d1aa345fcb3feec7ee81f21c5d49cb6ca037118097d89e180,"{""distance"":5,""physical_error_rate"":5e-05}","{""detection_events"":47880,""detectors_checked"":281487360}"
   1662976,         0,         0,   119.6,decoder_by_matrix,3c866087b289edc25e9adea730044a15db18cabfd3ae2507fc844d5b4e03657a,"{""distance"":5,""physical_error_rate"":5e-06}","{""detection_events"":4870,""detectors_checked"":282705920}"
   1683456,         0,         0,   119.5,decoder_by_matrix,fa5edda0c1038186c8afbec49b0215a0b852396cdb50783a3f937fdf51d2afac,"{""distance"":5,""physical_error_rate"":1e-05}","{""detection_events"":9170,""detectors_checked"":286187520}"
   1626112,         0,         0,   119.5,decoder_by_matrix,e41ade2e4684e0396b9a3890c882b6453b515d69885aa1d89a26ce21ec554895,"{""distance"":5,""physical_error_rate"":1e-06}","{""detection_events"":1275,""detectors_checked"":276439040}"
   1580032,         1,         0,   119.7,decoder_by_matrix,b84cf4b8ca220d31f17e1e2ea9ab927bbc4176b15682c650e7d1dd8f2758172b,"{""distance"":5,""physical_error_rate"":0.0005}","{""detection_events"":446595,""detectors_checked"":268605440,""obs_mistake_mask=E___"":1}"
   1661952,         0,         0,   119.6,decoder_by_matrix,3c866087b289edc25e9adea730044a15db18cabfd3ae2507fc844d5b4e03657a,"{""distance"":5,""physical_error_rate"":5e-06}","{""detection_events"":4910,""detectors_checked"":282531840}"
   1664000,         0,         0,   119.7,decoder_by_matrix,e41ade2e4684e0396b9a3890c882b6453b515d69885aa1d89a26ce21ec554895,"{""distance"":5,""physical_error_rate"":1e-06}","{""detection_events"":1120,""detectors_checked"":282880000}"
   1551360,         0,         0,   119.6,decoder_by_matrix,0421d486f8a041838688df650e87c0a19c3450ab7a7cc8b3dc589ebff86d1c74,"{""distance"":5,""physical_error_rate"":0.0001}","{""detection_events"":86040,""detectors_checked"":263731200}"
   1641472,         0,         0,   119.6,decoder_by_matrix,fa5edda0c1038186c8afbec49b0215a0b852396cdb50783a3f937fdf51d2afac,"{""distance"":5,""physical_error_rate"":1e-05}","{""detection_events"":9250,""detectors_checked"":279050240}"
   1579008,         0,         0,   119.6,decoder_by_matrix,9c6baee88fc81e7d1aa345fcb3feec7ee81f21c5d49cb6ca037118097d89e180,"{""distance"":5,""physical_error_rate"":5e-05}","{""detection_events"":44215,""detectors_checked"":268431360}"
   1583104,         0,         0,   119.5,decoder_by_matrix,0421d486f8a041838688df650e87c0a19c3450ab7a7cc8b3dc589ebff86d1c74,"{""distance"":5,""physical_error_rate"":0.0001}","{""detection_events"":90985,""detectors_checked"":269127680}"
   1548288,         3,         0,   119.6,decoder_by_matrix,066a5d8d46981b593c3dec855f441edbe9e755a8873183448f69d036a2ecc650,"{""distance"":5,""physical_error_rate"":0.001}","{""detection_events"":873830,""detectors_checked"":263208960,""obs_mistake_mask=E___"":3}"
   1617920,         0,         0,   119.7,decoder_by_matrix,fa5edda0c1038186c8afbec49b0215a0b852396cdb50783a3f937fdf51d2afac,"{""distance"":5,""physical_error_rate"":1e-05}","{""detection_events"":9220,""detectors_checked"":275046400}"
   1593344,         0,         0,   119.6,decoder_by_matrix,e41ade2e4684e0396b9a3890c882b6453b515d69885aa1d89a26ce21ec554895,"{""distance"":5,""physical_error_rate"":1e-06}","{""detection_events"":1075,""detectors_checked"":270868480}"
   1543168,         0,         0,   119.6,decoder_by_matrix,0421d486f8a041838688df650e87c0a19c3450ab7a7cc8b3dc589ebff86d1c74,"{""distance"":5,""physical_error_rate"":0.0001}","{""detection_events"":86765,""detectors_checked"":262338560}"
   1632256,         0,         0,   119.7,decoder_by_matrix,e41ade2e4684e0396b9a3890c882b6453b515d69885aa1d89a26ce21ec554895,"{""distance"":5,""physical_error_rate"":1e-06}","{""detection_events"":1215,""detectors_checked"":277483520}"
   1586176,         0,         0,   119.7,decoder_by_matrix,9c6baee88fc81e7d1aa345fcb3feec7ee81f21c5d49cb6ca037118097d89e180,"{""distance"":5,""physical_error_rate"":5e-05}","{""detection_events"":45365,""detectors_checked"":269649920}"
   1637376,         0,         0,   119.6,decoder_by_matrix,fa5edda0c1038186c8afbec49b0215a0b852396cdb50783a3f937fdf51d2afac,"{""distance"":5,""physical_error_rate"":1e-05}","{""detection_events"":9580,""detectors_checked"":278353920}"
   1683456,         0,         0,   119.6,decoder_by_matrix,e41ade2e4684e0396b9a3890c882b6453b515d69885aa1d89a26ce21ec554895,"{""distance"":5,""physical_error_rate"":1e-06}","{""detection_events"":980,""detectors_checked"":286187520}"
   1704960,         0,         0,   119.5,decoder_by_matrix,3c866087b289edc25e9adea730044a15db18cabfd3ae2507fc844d5b4e03657a,"{""distance"":5,""physical_error_rate"":5e-06}","{""detection_events"":4595,""detectors_checked"":289843200}"
   1538048,         0,         0,   119.6,decoder_by_matrix,0421d486f8a041838688df650e87c0a19c3450ab7a7cc8b3dc589ebff86d1c74,"{""distance"":5,""physical_error_rate"":0.0001}","{""detection_events"":87365,""detectors_checked"":261468160}"
   1606656,         0,         0,   119.6,decoder_by_matrix,3c866087b289edc25e9adea730044a15db18cabfd3ae2507fc844d5b4e03657a,"{""distance"":5,""physical_error_rate"":5e-06}","{""detection_events"":5055,""detectors_checked"":273131520}"
   1527808,         0,         0,   119.6,decoder_by_matrix,b84cf4b8ca220d31f17e1e2ea9ab927bbc4176b15682c650e7d1dd8f2758172b,"{""distance"":5,""physical_error_rate"":0.0005}","{""detection_events"":434305,""detectors_checked"":259727360}"
   1542144,         0,         0,   119.5,decoder_by_matrix,b84cf4b8ca220d31f17e1e2ea9ab927bbc4176b15682c650e7d1dd8f2758172b,"{""distance"":5,""physical_error_rate"":0.0005}","{""detection_events"":434955,""detectors_checked"":262164480}"
   1560576,         0,         0,   119.4,decoder_by_matrix,fa5edda0c1038186c8afbec49b0215a0b852396cdb50783a3f937fdf51d2afac,"{""distance"":5,""physical_error_rate"":1e-05}","{""detection_events"":9165,""detectors_checked"":265297920}"
   1646592,         0,         0,   119.6,decoder_by_matrix,3c866087b289edc25e9adea730044a15db18cabfd3ae2507fc844d5b4e03657a,"{""distance"":5,""physical_error_rate"":5e-06}","{""detection_events"":4710,""detectors_checked"":279920640}"
   1617920,         0,         0,   119.4,decoder_by_matrix,9c6baee88fc81e7d1aa345fcb3feec7ee81f21c5d49cb6ca037118097d89e180,"{""distance"":5,""physical_error_rate"":5e-05}","{""detection_events"":45960,""detectors_checked"":275046400}"
   1973248,         3,         0,   119.5,decoder_by_matrix,066a5d8d46981b593c3dec855f441edbe9e755a8873183448f69d036a2ecc650,"{""distance"":5,""physical_error_rate"":0.001}","{""detection_events"":1130290,""detectors_checked"":335452160,""obs_mistake_mask=_E__"":1,""obs_mistake_mask=__E_"":1,""obs_mistake_mask=___E"":1}"
   7091200,        11,         0,   119.0,decoder_by_matrix,066a5d8d46981b593c3dec855f441edbe9e755a8873183448f69d036a2ecc650,"{""distance"":5,""physical_error_rate"":0.001}","{""detection_events"":4015685,""detectors_checked"":1205504000,""obs_mistake_mask=EE_E"":1,""obs_mistake_mask=EE__"":1,""obs_mistake_mask=E_E_"":2,""obs_mistake_mask=E___"":3,""obs_mistake_mask=_EEE"":1,""obs_mistake_mask=__EE"":1,""obs_mistake_mask=__E_"":1,""obs_mistake_mask=___E"":1}"
   1662976,         0,         0,   119.6,decoder_by_matrix,3c866087b289edc25e9adea730044a15db18cabfd3ae2507fc844d5b4e03657a,"{""distance"":5,""physical_error_rate"":5e-06}","{""detection_events"":4675,""detectors_checked"":282705920}"
   1622016,         0,         0,   119.6,decoder_by_matrix,e41ade2e4684e0396b9a3890c882b6453b515d69885aa1d89a26ce21ec554895,"{""distance"":5,""physical_error_rate"":1e-06}","{""detection_events"":1045,""detectors_checked"":275742720}"
   1580032,         0,         0,   119.5,decoder_by_matrix,0421d486f8a041838688df650e87c0a19c3450ab7a7cc8b3dc589ebff86d1c74,"{""distance"":5,""physical_error_rate"":0.0001}","{""detection_events"":88845,""detectors_checked"":268605440}"
   1634304,         0,         0,   119.5,decoder_by_matrix,9c6baee88fc81e7d1aa345fcb3feec7ee81f21c5d49cb6ca037118097d89e180,"{""distance"":5,""physical_error_rate"":5e-05}","{""detection_events"":47500,""detectors_checked"":277831680}"
   1600512,         0,         0,   119.6,decoder_by_matrix,fa5edda0c1038186c8afbec49b0215a0b852396cdb50783a3f937fdf51d2afac,"{""distance"":5,""physical_error_rate"":1e-05}","{""detection_events"":8665,""detectors_checked"":272087040}"
   1556480,         0,         0,   119.6,decoder_by_matrix,b84cf4b8ca220d31f17e1e2ea9ab927bbc4176b15682c650e7d1dd8f2758172b,"{""distance"":5,""physical_error_rate"":0.0005}","{""detection_events"":438685,""detectors_checked"":264601600}"
   1576960,         0,         0,   119.6,decoder_by_matrix,b84cf4b8ca220d31f17e1e2ea9ab927bbc4176b15682c650e7d1dd8f2758172b,"{""distance"":5,""physical_error_rate"":0.0005}","{""detection_events"":449595,""detectors_checked"":268083200}"
   1531904,         3,         0,   119.6,decoder_by_matrix,066a5d8d46981b593c3dec855f441edbe9e755a8873183448f69d036a2ecc650,"{""distance"":5,""physical_error_rate"":0.001}","{""detection_events"":871240,""detectors_checked"":260423680,""obs_mistake_mask=EE__"":1,""obs_mistake_mask=__E_"":1,""obs_mistake_mask=___E"":1}"
   1545216,         0,         0,   119.7,decoder_by_matrix,9c6baee88fc81e7d1aa345fcb3feec7ee81f21c5d49cb6ca037118097d89e180,"{""distance"":5,""physical_error_rate"":5e-05}","{""detection_events"":43870,""detectors_checked"":262686720}"
   1953792,         0,         0,   119.7,decoder_by_matrix,9c6baee88fc81e7d1aa345fcb3feec7ee81f21c5d49cb6ca037118097d89e180,"{""distance"":5,""physical_error_rate"":5e-05}","{""detection_events"":53700,""detectors_checked"":332144640}"
   2574336,         0,         0,   119.6,decoder_by_matrix,3c866087b289edc25e9adea730044a15db18cabfd3ae2507fc844d5b4e03657a,"{""distance"":5,""physical_error_rate"":5e-06}","{""detection_events"":7050,""detectors_checked"":437637120}"
   2485248,         0,         0,   119.6,decoder_by_matrix,e41ade2e4684e0396b9a3890c882b6453b515d69885aa1d89a26ce21ec554895,"{""distance"":5,""physical_error_rate"":1e-06}","{""detection_events"":1295,""detectors_checked"":422492160}"
   2316288,         0,         0,   119.6,decoder_by_matrix,fa5edda0c1038186c8afbec49b0215a0b852396cdb50783a3f937fdf51d2afac,"{""distance"":5,""physical_error_rate"":1e-05}","{""detection_events"":13320,""detectors_checked"":393768960}"
   1584128,         0,         0,   119.6,decoder_by_matrix,b84cf4b8ca220d31f17e1e2ea9ab927bbc4176b15682c650e7d1dd8f2758172b,"{""distance"":5,""physical_error_rate"":0.0005}","{""detection_events"":452700,""detectors_checked"":269301760}"
   1544192,         4,         0,   119.5,decoder_by_matrix,066a5d8d46981b593c3dec855f441edbe9e755a8873183448f69d036a2ecc650,"{""distance"":5,""physical_error_rate"":0.001}","{""detection_events"":874920,""detectors_checked"":262512640,""obs_mistake_mask=E___"":1,""obs_mistake_mask=_E__"":2,""obs_mistake_mask=__E_"":1}"
   1965056,         0,         0,   119.5,decoder_by_matrix,0421d486f8a041838688df650e87c0a19c3450ab7a7cc8b3dc589ebff86d1c74,"{""distance"":5,""physical_error_rate"":0.0001}","{""detection_events"":113140,""detectors_checked"":334059520}"
   1556480,         1,         0,   119.5,decoder_by_matrix,066a5d8d46981b593c3dec855f441edbe9e755a8873183448f69d036a2ecc650,"{""distance"":5,""physical_error_rate"":0.001}","{""detection_events"":879700,""detectors_checked"":264601600,""obs_mistake_mask=_E__"":1}"
   1888256,         0,         0,   119.6,decoder_by_matrix,b84cf4b8ca220d31f17e1e2ea9ab927bbc4176b15682c650e7d1dd8f2758172b,"{""distance"":5,""physical_error_rate"":0.0005}","{""detection_events"":532590,""detectors_checked"":321003520}"
   1647616,         0,         0,   119.6,decoder_by_matrix,0421d486f8a041838688df650e87c0a19c3450ab7a7cc8b3dc589ebff86d1c74,"{""distance"":5,""physical_error_rate"":0.0001}","{""detection_events"":96170,""detectors_checked"":280094720}"
   1705984,         0,         0,   119.6,decoder_by_matrix,9c6baee88fc81e7d1aa345fcb3feec7ee81f21c5d49cb6ca037118097d89e180,"{""distance"":5,""physical_error_rate"":5e-05}","{""detection_events"":47205,""detectors_checked"":290017280}"
   1652736,         0,         0,   119.6,decoder_by_matrix,3c866087b289edc25e9adea730044a15db18cabfd3ae2507fc844d5b4e03657a,"{""distance"":5,""physical_error_rate"":5e-06}","{""detection_events"":4815,""detectors_checked"":280965120}"
   1685504,         0,         0,   119.5,decoder_by_matrix,fa5edda0c1038186c8afbec49b0215a0b852396cdb50783a3f937fdf51d2afac,"{""distance"":5,""physical_error_rate"":1e-05}","{""detection_events"":9845,""detectors_checked"":286535680}"
   1609728,         0,         0,   119.5,decoder_by_matrix,e41ade2e4684e0396b9a3890c882b6453b515d69885aa1d89a26ce21ec554895,"{""distance"":5,""physical_error_rate"":1e-06}","{""detection_events"":915,""detectors_checked"":273653760}"
   1570816,         0,         0,   119.6,decoder_by_matrix,b84cf4b8ca220d31f17e1e2ea9ab927bbc4176b15682c650e7d1dd8f2758172b,"{""distance"":5,""physical_error_rate"":0.0005}","{""detection_events"":444565,""detectors_checked"":267038720}"
   1657856,         0,         0,   119.5,decoder_by_matrix,3c866087b289edc25e9adea730044a15db18cabfd3ae2507fc844d5b4e03657a,"{""distance"":5,""physical_error_rate"":5e-06}","{""detection_events"":4415,""detectors_checked"":281835520}"
   1677312,         0,         0,   119.6,decoder_by_matrix,e41ade2e4684e0396b9a3890c882b6453b515d69885aa1d89a26ce21ec554895,"{""distance"":5,""physical_error_rate"":1e-06}","{""detection_events"":915,""detectors_checked"":285143040}"
   1640448,         0,         0,   119.6,decoder_by_matrix,fa5edda0c1038186c8afbec49b0215a0b852396cdb50783a3f937fdf51d2afac,"{""distance"":5,""physical_error_rate"":1e-05}","{""detection_events"":8820,""detectors_checked"":278876160}"
   1566720,         0,         0,   119.6,decoder_by_matrix,0421d486f8a041838688df650e87c0a19c3450ab7a7cc8b3dc589ebff86d1c74,"{""distance"":5,""physical_error_rate"":0.0001}","{""detection_events"":87195,""detectors_checked"":266342400}"
   1576960,         0,         0,   119.6,decoder_by_matrix,9c6baee88fc81e7d1aa345fcb3feec7ee81f21c5d49cb6ca037118097d89e180,"{""distance"":5,""physical_error_rate"":5e-05}","{""detection_events"":45240,""detectors_checked"":268083200}"
   1594368,         0,         0,   119.5,decoder_by_matrix,0421d486f8a041838688df650e87c0a19c3450ab7a7cc8b3dc589ebff86d1c74,"{""distance"":5,""physical_error_rate"":0.0001}","{""detection_events"":91905,""detectors_checked"":271042560}"
   1504256,         2,         0,   119.7,decoder_by_matrix,066a5d8d46981b593c3dec855f441edbe9e755a8873183448f69d036a2ecc650,"{""distance"":5,""physical_error_rate"":0.001}","{""detection_events"":857725,""detectors_checked"":255723520,""obs_mistake_mask=_EE_"":1,""obs_mistake_mask=__EE"":1}"
   1540096,         0,         0,   119.5,decoder_by_matrix,fa5edda0c1038186c8afbec49b0215a0b852396cdb50783a3f937fdf51d2afac,"{""distance"":5,""physical_error_rate"":1e-05}","{""detection_events"":9095,""detectors_checked"":261816320}"
   1592320,         0,         0,   119.6,decoder_by_matrix,e41ade2e4684e0396b9a3890c882b6453b515d69885aa1d89a26ce21ec554895,"{""distance"":5,""physical_error_rate"":1e-06}","{""detection_events"":1080,""detectors_checked"":270694400}"
   1520640,         0,         0,   119.6,decoder_by_matrix,0421d486f8a041838688df650e87c0a19c3450ab7a7cc8b3dc589ebff86d1c74,"{""distance"":5,""physical_error_rate"":0.0001}","{""detection_events"":87665,""detectors_checked"":258508800}"
   1564672,         0,         0,   119.6,decoder_by_matrix,e41ade2e4684e0396b9a3890c882b6453b515d69885aa1d89a26ce21ec554895,"{""distance"":5,""physical_error_rate"":1e-06}","{""detection_events"":865,""detectors_checked"":265994240}"
   1518592,         0,         0,   119.6,decoder_by_matrix,9c6baee88fc81e7d1aa345fcb3feec7ee81f21c5d49cb6ca037118097d89e180,"{""distance"":5,""physical_error_rate"":5e-05}","{""detection_events"":44125,""detectors_checked"":258160640}"
   1653760,         0,         0,   119.6,decoder_by_matrix,fa5edda0c1038186c8afbec49b0215a0b852396cdb50783a3f937fdf51d2afac,"{""distance"":5,""physical_error_rate"":1e-05}","{""detection_events"":9280,""detectors_checked"":281139200}"
   1605632,         0,         0,   119.6,decoder_by_matrix,e41ade2e4684e0396b9a3890c882b6453b515d69885aa1d89a26ce21ec554895,"{""distance"":5,""physical_error_rate"":1e-06}","{""detection_events"":845,""detectors_checked"":272957440}"
   1612800,         0,         0,   119.6,decoder_by_matrix,3c866087b289edc25e9adea730044a15db18cabfd3ae2507fc844d5b4e03657a,"{""distance"":5,""physical_error_rate"":5e-06}","{""detection_events"":4270,""detectors_checked"":274176000}"
   1566720,         0,         0,   119.7,decoder_by_matrix,0421d486f8a041838688df650e87c0a19c3450ab7a7cc8b3dc589ebff86d1c74,"{""distance"":5,""physical_error_rate"":0.0001}","{""detection_events"":90370,""detectors_checked"":266342400}"
   1594368,         0,         0,   119.7,decoder_by_matrix,3c866087b289edc25e9adea730044a15db18cabfd3ae2507fc844d5b4e03657a,"{""distance"":5,""physical_error_rate"":5e-06}","{""detection_events"":4680,""detectors_checked"":271042560}"
   1505280,         0,         0,   119.6,decoder_by_matrix,b84cf4b8ca220d31f17e1e2ea9ab927bbc4176b15682c650e7d1dd8f2758172b,"{""distance"":5,""physical_error_rate"":0.0005}","{""detection_events"":424855,""detectors_checked"":255897600}"
   1569792,         0,         0,   119.6,decoder_by_matrix,b84cf4b8ca220d31f17e1e2ea9ab927bbc4176b15682c650e7d1dd8f2758172b,"{""distance"":5,""physical_error_rate"":0.0005}","{""detection_events"":443920,""detectors_checked"":266864640}"
   1589248,         0,         0,   119.7,decoder_by_matrix,fa5edda0c1038186c8afbec49b0215a0b852396cdb50783a3f937fdf51d2afac,"{""distance"":5,""physical_error_rate"":1e-05}","{""detection_events"":9745,""detectors_checked"":270172160}"
   1639424,         0,         0,   119.5,decoder_by_matrix,3c866087b289edc25e9adea730044a15db18cabfd3ae2507fc844d5b4e03657a,"{""distance"":5,""physical_error_rate"":5e-06}","{""detection_events"":4950,""detectors_checked"":278702080}"
   1586176,         0,         0,   119.6,decoder_by_matrix,9c6baee88fc81e7d1aa345fcb3feec7ee81f21c5d49cb6ca037118097d89e180,"{""distance"":5,""physical_error_rate"":5e-05}","{""detection_events"":44970,""detectors_checked"":269649920}"
   1531904,         2,         0,   119.6,decoder_by_matrix,066a5d8d46981b593c3dec855f441edbe9e755a8873183448f69d036a2ecc650,"{""distance"":5,""physical_error_rate"":0.001}","{""detection_events"":878720,""detectors_checked"":260423680,""obs_mistake_mask=EE__"":1,""obs_mistake_mask=_E_E"":1}"
   7018496,        15,         0,   119.1,decoder_by_matrix,066a5d8d46981b593c3dec855f441edbe9e755a8873183448f69d036a2ecc650,"{""distance"":5,""physical_error_rate"":0.001}","{""detection_events"":3972175,""detectors_checked"":1193144320,""obs_mistake_mask=EE_E"":1,""obs_mistake_mask=E_E_"":1,""obs_mistake_mask=E___"":2,""obs_mistake_mask=_EE_"":1,""obs_mistake_mask=_E_E"":4,""obs_mistake_mask=__EE"":2,""obs_mistake_mask=___E"":4}"
   1640448,         0,         0,   119.5,decoder_by_matrix,3c866087b289edc25e9adea730044a15db18cabfd3ae2507fc844d5b4e03657a,"{""distance"":5,""physical_error_rate"":5e-06}","{""detection_events"":4275,""detectors_checked"":278876160}"
   1584128,         0,         0,   119.5,decoder_by_matrix,e41ade2e4684e0396b9a3890c882b6453b515d69885aa1d89a26ce21ec554895,"{""distance"":5,""physical_error_rate"":1e-06}","{""detection_events"":815,""detectors_checked"":269301760}"
   1545216,         0,         0,   119.6,decoder_by_matrix,0421d486f8a041838688df650e87c0a19c3450ab7a7cc8b3dc589ebff86d1c74,"{""distance"":5,""physical_error_rate"":0.0001}","{""detection_events"":88755,""detectors_checked"":262686720}"
   1519616,         0,         0,   119.5,decoder_by_matrix,fa5edda0c1038186c8afbec49b0215a0b852396cdb50783a3f937fdf51d2afac,"{""distance"":5,""physical_error_rate"":1e-05}","{""detection_events"":9175,""detectors_checked"":258334720}"
   1589248,         0,         0,   119.6,decoder_by_matrix,9c6baee88fc81e7d1aa345fcb3feec7ee81f21c5d49cb6ca037118097d89e180,"{""distance"":5,""physical_error_rate"":5e-05}","{""detection_events"":46015,""detectors_checked"":270172160}"
   1545216,         0,         0,   119.6,decoder_by_matrix,b84cf4b8ca220d31f17e1e2ea9ab927bbc4176b15682c650e7d1dd8f2758172b,"{""distance"":5,""physical_error_rate"":0.0005}","{""detection_events"":437360,""detectors_checked"":262686720}"
   1547264,         3,         0,   119.7,decoder_by_matrix,b84cf4b8ca220d31f17e1e2ea9ab927bbc4176b15682c650e7d1dd8f2758172b,"{""distance"":5,""physical_error_rate"":0.0005}","{""detection_events"":440725,""detectors_checked"":263034880,""obs_mistake_mask=E___"":1,""obs_mistake_mask=__E_"":1,""obs_mistake_mask=___E"":1}"
   1556480,         3,         0,   119.7,decoder_by_matrix,066a5d8d46981b593c3dec855f441edbe9e755a8873183448f69d036a2ecc650,"{""distance"":5,""physical_error_rate"":0.001}","{""detection_events"":876215,""detectors_checked"":264601600,""obs_mistake_mask=E_E_"":1,""obs_mistake_mask=E___"":1,""obs_mistake_mask=___E"":1}"
   1513472,         0,         0,   119.6,decoder_by_matrix,9c6baee88fc81e7d1aa345fcb3feec7ee81f21c5d49cb6ca037118097d89e180,"{""distance"":5,""physical_error_rate"":5e-05}","{""detection_events"":43265,""detectors_checked"":257290240}"
   2086912,         0,         0,   119.6,decoder_by_matrix,9c6baee88fc81e7d1aa345fcb3feec7ee81f21c5d49cb6ca037118097d89e180,"{""distance"":5,""physical_error_rate"":5e-05}","{""detection_events"":58105,""detectors_checked"":354775040}"
   2562048,         0,         0,   119.5,decoder_by_matrix,3c866087b289edc25e9adea730044a15db18cabfd3ae2507fc844d5b4e03657a,"{""distance"":5,""physical_error_rate"":5e-06}","{""detection_events"":8025,""detectors_checked"":435548160}"
   2500608,         0,         0,   119.6,decoder_by_matrix,e41ade2e4684e0396b9a3890c882b6453b515d69885aa1d89a26ce21ec554895,"{""distance"":5,""physical_error_rate"":1e-06}","{""detection_events"":1555,""detectors_checked"":425103360}"
   2230272,         0,         0,   119.5,decoder_by_matrix,fa5edda0c1038186c8afbec49b0215a0b852396cdb50783a3f937fdf51d2afac,"{""distance"":5,""physical_error_rate"":1e-05}","{""detection_events"":12805,""detectors_checked"":379146240}"
   1562624,         0,         0,   119.7,decoder_by_matrix,b84cf4b8ca220d31f17e1e2ea9ab927bbc4176b15682c650e7d1dd8f2758172b,"{""distance"":5,""physical_error_rate"":0.0005}","{""detection_events"":448660,""detectors_checked"":265646080}"
   1545216,         4,         0,   119.6,decoder_by_matrix,066a5d8d46981b593c3dec855f441edbe9e755a8873183448f69d036a2ecc650,"{""distance"":5,""physical_error_rate"":0.001}","{""detection_events"":877050,""detectors_checked"":262686720,""obs_mistake_mask=E_E_"":1,""obs_mistake_mask=E___"":1,""obs_mistake_mask=__EE"":1,""obs_mistake_mask=__E_"":1}"
   1526784,         4,         0,   119.7,decoder_by_matrix,066a5d8d46981b593c3dec855f441edbe9e755a8873183448f69d036a2ecc650,"{""distance"":5,""physical_error_rate"":0.001}","{""detection_events"":875090,""detectors_checked"":259553280,""obs_mistake_mask=EE__"":1,""obs_mistake_mask=E___"":1,""obs_mistake_mask=__E_"":2}"
   2203648,         0,         0,   119.7,decoder_by_matrix,0421d486f8a041838688df650e87c0a19c3450ab7a7cc8b3dc589ebff86d1c74,"{""distance"":5,""physical_error_rate"":0.0001}","{""detection_events"":125490,""detectors_checked"":374620160}"
   2036736,         0,         0,   119.7,decoder_by_matrix,b84cf4b8ca220d31f17e1e2ea9ab927bbc4176b15682c650e7d1dd8f2758172b,"{""distance"":5,""physical_error_rate"":0.0005}","{""detection_events"":583510,""detectors_checked"":346245120}"
   1687552,         0,         0,   119.7,decoder_by_matrix,0421d486f8a041838688df650e87c0a19c3450ab7a7cc8b3dc589ebff86d1c74,"{""distance"":5,""physical_error_rate"":0.0001}","{""detection_events"":95830,""detectors_checked"":286883840}"
   1628160,         0,         0,   119.6,decoder_by_matrix,9c6baee88fc81e7d1aa345fcb3feec7ee81f21c5d49cb6ca037118097d89e180,"{""distance"":5,""physical_error_rate"":5e-05}","{""detection_events"":47465,""detectors_checked"":276787200}"
   1632256,         0,         0,   119.7,decoder_by_matrix,3c866087b289edc25e9adea730044a15db18cabfd3ae2507fc844d5b4e03657a,"{""distance"":5,""physical_error_rate"":5e-06}","{""detection_events"":5360,""detectors_checked"":277483520}"
   1659904,         0,         0,   119.6,decoder_by_matrix,fa5edda0c1038186c8afbec49b0215a0b852396cdb50783a3f937fdf51d2afac,"{""distance"":5,""physical_error_rate"":1e-05}","{""detection_events"":9590,""detectors_checked"":282183680}"
   1602560,         0,         0,   119.7,decoder_by_matrix,e41ade2e4684e0396b9a3890c882b6453b515d69885aa1d89a26ce21ec554895,"{""distance"":5,""physical_error_rate"":1e-06}","{""detection_events"":935,""detectors_checked"":272435200}"
   1568768,         0,         0,   119.6,decoder_by_matrix,b84cf4b8ca220d31f17e1e2ea9ab927bbc4176b15682c650e7d1dd8f2758172b,"{""distance"":5,""physical_error_rate"":0.0005}","{""detection_events"":449545,""detectors_checked"":266690560}"
   1641472,         0,         0,   119.6,decoder_by_matrix,3c866087b289edc25e9adea730044a15db18cabfd3ae2507fc844d5b4e03657a,"{""distance"":5,""physical_error_rate"":5e-06}","{""detection_events"":5400,""detectors_checked"":279050240}"
   1689600,         0,         0,   119.6,decoder_by_matrix,e41ade2e4684e0396b9a3890c882b6453b515d69885aa1d89a26ce21ec554895,"{""distance"":5,""physical_error_rate"":1e-06}","{""detection_events"":895,""detectors_checked"":287232000}"
   1541120,         0,         0,   119.6,decoder_by_matrix,0421d486f8a041838688df650e87c0a19c3450ab7a7cc8b3dc589ebff86d1c74,"{""distance"":5,""physical_error_rate"":0.0001}","{""detection_events"":88505,""detectors_checked"":261990400}"
   1631232,         0,         0,   119.6,decoder_by_matrix,fa5edda0c1038186c8afbec49b0215a0b852396cdb50783a3f937fdf51d2afac,"{""distance"":5,""physical_error_rate"":1e-05}","{""detection_events"":10225,""detectors_checked"":277309440}"
   1575936,         0,         0,   119.5,decoder_by_matrix,0421d486f8a041838688df650e87c0a19c3450ab7a7cc8b3dc589ebff86d1c74,"{""distance"":5,""physical_error_rate"":0.0001}","{""detection_events"":89990,""detectors_checked"":267909120}"
   1579008,         0,         0,   119.7,decoder_by_matrix,9c6baee88fc81e7d1aa345fcb3feec7ee81f21c5d49cb6ca037118097d89e180,"{""distance"":5,""physical_error_rate"":5e-05}","{""detection_events"":45610,""detectors_checked"":268431360}"
   1496064,         5,         0,   119.7,decoder_by_matrix,066a5d8d46981b593c3dec855f441edbe9e755a8873183448f69d036a2ecc650,"{""distance"":5,""physical_error_rate"":0.001}","{""detection_events"":850085,""detectors_checked"":254330880,""obs_mistake_mask=E_EE"":1,""obs_mistake_mask=E___"":1,""obs_mistake_mask=_EEE"":1,""obs_mistake_mask=_E__"":2}"
   1608704,         0,         0,   119.5,decoder_by_matrix,fa5edda0c1038186c8afbec49b0215a0b852396cdb50783a3f937fdf51d2afac,"{""distance"":5,""physical_error_rate"":1e-05}","{""detection_events"":9275,""detectors_checked"":273479680}"
   1606656,         0,         0,   119.7,decoder_by_matrix,e41ade2e4684e0396b9a3890c882b6453b515d69885aa1d89a26ce21ec554895,"{""distance"":5,""physical_error_rate"":1e-06}","{""detection_events"":935,""detectors_checked"":273131520}"
   1539072,         0,         0,   119.6,decoder_by_matrix,0421d486f8a041838688df650e87c0a19c3450ab7a7cc8b3dc589ebff86d1c74,"{""distance"":5,""physical_error_rate"":0.0001}","{""detection_events"":87690,""detectors_checked"":261642240}"
   1595392,         0,         0,   119.5,decoder_by_matrix,e41ade2e4684e0396b9a3890c882b6453b515d69885aa1d89a26ce21ec554895,"{""distance"":5,""physical_error_rate"":1e-06}","{""detection_events"":960,""detectors_checked"":271216640}"
   1544192,         0,         0,   119.6,decoder_by_matrix,9c6baee88fc81e7d1aa345fcb3feec7ee81f21c5d49cb6ca037118097d89e180,"{""distance"":5,""physical_error_rate"":5e-05}","{""detection_events"":43370,""detectors_checked"":262512640}"
   1584128,         0,         0,   119.6,decoder_by_matrix,fa5edda0c1038186c8afbec49b0215a0b852396cdb50783a3f937fdf51d2afac,"{""distance"":5,""physical_error_rate"":1e-05}","{""detection_events"":9985,""detectors_checked"":269301760}"
   1623040,         0,         0,   119.6,decoder_by_matrix,e41ade2e4684e0396b9a3890c882b6453b515d69885aa1d89a26ce21ec554895,"{""distance"":5,""physical_error_rate"":1e-06}","{""detection_events"":870,""detectors_checked"":275916800}"
   1616896,         0,         0,   119.7,decoder_by_matrix,3c866087b289edc25e9adea730044a15db18cabfd3ae2507fc844d5b4e03657a,"{""distance"":5,""physical_error_rate"":5e-06}","{""detection_events"":4440,""detectors_checked"":274872320}"
   1585152,         0,         0,   119.5,decoder_by_matrix,0421d486f8a041838688df650e87c0a19c3450ab7a7cc8b3dc589ebff86d1c74,"{""distance"":5,""physical_error_rate"":0.0001}","{""detection_events"":92065,""detectors_checked"":269475840}"
   1580032,         0,         0,   119.5,decoder_by_matrix,3c866087b289edc25e9adea730044a15db18cabfd3ae2507fc844d5b4e03657a,"{""distance"":5,""physical_error_rate"":5e-06}","{""detection_events"":4660,""detectors_checked"":268605440}"
   1508352,         0,         0,   119.6,decoder_by_matrix,b84cf4b8ca220d31f17e1e2ea9ab927bbc4176b15682c650e7d1dd8f2758172b,"{""distance"":5,""physical_error_rate"":0.0005}","{""detection_events"":422760,""detectors_checked"":256419840}"
   1525760,         0,         0,   119.7,decoder_by_matrix,b84cf4b8ca220d31f17e1e2ea9ab927bbc4176b15682c650e7d1dd8f2758172b,"{""distance"":5,""physical_error_rate"":0.0005}","{""detection_events"":444325,""detectors_checked"":259379200}"
   1534976,         0,         0,   119.6,decoder_by_matrix,fa5edda0c1038186c8afbec49b0215a0b852396cdb50783a3f937fdf51d2afac,"{""distance"":5,""physical_error_rate"":1e-05}","{""detection_events"":8755,""detectors_checked"":260945920}"
   1576960,         0,         0,   119.6,decoder_by_matrix,3c866087b289edc25e9adea730044a15db18cabfd3ae2507fc844d5b4e03657a,"{""distance"":5,""physical_error_rate"":5e-06}","{""detection_events"":4360,""detectors_checked"":268083200}"
   1518592,         0,         0,   119.6,decoder_by_matrix,9c6baee88fc81e7d1aa345fcb3feec7ee81f21c5d49cb6ca037118097d89e180,"{""distance"":5,""physical_error_rate"":5e-05}","{""detection_events"":42985,""detectors_checked"":258160640}"
   1551360,         0,         0,   119.6,decoder_by_matrix,066a5d8d46981b593c3dec855f441edbe9e755a8873183448f69d036a2ecc650,"{""distance"":5,""physical_error_rate"":0.001}","{""detection_events"":877710,""detectors_checked"":263731200}"
   7294976,        12,         0,   119.2,decoder_by_matrix,066a5d8d46981b593c3dec855f441edbe9e755a8873183448f69d036a2ecc650,"{""distance"":5,""physical_error_rate"":0.001}","{""detection_events"":4138430,""detectors_checked"":1240145920,""obs_mistake_mask=E_E_"":1,""obs_mistake_mask=E___"":4,""obs_mistake_mask=_EEE"":1,""obs_mistake_mask=_EE_"":1,""obs_mistake_mask=_E_E"":1,""obs_mistake_mask=_E__"":2,""obs_mistake_mask=__E_"":2}"
   1401382,         3,         0,    19.8,decoder_by_matrix,066a5d8d46981b593c3dec855f441edbe9e755a8873183448f69d036a2ecc650,"{""distance"":5,""physical_error_rate"":0.001}","{""detection_events"":788550,""detectors_checked"":238234940,""obs_mistake_mask=EE__"":1,""obs_mistake_mask=E__E"":1,""obs_mistake_mask=__E_"":1}"
   1626112,         0,         0,   119.6,decoder_by_matrix,3c866087b289edc25e9adea730044a15db18cabfd3ae2507fc844d5b4e03657a,"{""distance"":5,""physical_error_rate"":5e-06}","{""detection_events"":5005,""detectors_checked"":276439040}"
   1577984,         0,         0,   119.7,decoder_by_matrix,e41ade2e4684e0396b9a3890c882b6453b515d69885aa1d89a26ce21ec554895,"{""distance"":5,""physical_error_rate"":1e-06}","{""detection_events"":815,""detectors_checked"":268257280}"
   1503232,         0,         0,   119.6,decoder_by_matrix,0421d486f8a041838688df650e87c0a19c3450ab7a7cc8b3dc589ebff86d1c74,"{""distance"":5,""physical_error_rate"":0.0001}","{""detection_events"":86795,""detectors_checked"":255549440}"
   1560576,         0,         0,   119.6,decoder_by_matrix,fa5edda0c1038186c8afbec49b0215a0b852396cdb50783a3f937fdf51d2afac,"{""distance"":5,""physical_error_rate"":1e-05}","{""detection_events"":8775,""detectors_checked"":265297920}"
   1605632,         0,         0,   119.6,decoder_by_matrix,9c6baee88fc81e7d1aa345fcb3feec7ee81f21c5d49cb6ca037118097d89e180,"{""distance"":5,""physical_error_rate"":5e-05}","{""detection_events"":43940,""detectors_checked"":272957440}"
   1523712,         0,         0,   119.6,decoder_by_matrix,b84cf4b8ca220d31f17e1e2ea9ab927bbc4176b15682c650e7d1dd8f2758172b,"{""distance"":5,""physical_error_rate"":0.0005}","{""detection_events"":431095,""detectors_checked"":259031040}"
   1600512,         0,         0,   119.6,decoder_by_matrix,b84cf4b8ca220d31f17e1e2ea9ab927bbc4176b15682c650e7d1dd8f2758172b,"{""distance"":5,""physical_error_rate"":0.0005}","{""detection_events"":461745,""detectors_checked"":272087040}"
   1553408,         4,         0,   119.6,decoder_by_matrix,066a5d8d46981b593c3dec855f441edbe9e755a8873183448f69d036a2ecc650,"{""distance"":5,""physical_error_rate"":0.001}","{""detection_events"":872440,""detectors_checked"":264079360,""obs_mistake_mask=E__E"":1,""obs_mistake_mask=_E_E"":2,""obs_mistake_mask=_E__"":1}"
   1494016,         0,         0,   119.6,decoder_by_matrix,9c6baee88fc81e7d1aa345fcb3feec7ee81f21c5d49cb6ca037118097d89e180,"{""distance"":5,""physical_error_rate"":5e-05}","{""detection_events"":40090,""detectors_checked"":253982720}"
   2157568,         0,         0,   119.6,decoder_by_matrix,9c6baee88fc81e7d1aa345fcb3feec7ee81f21c5d49cb6ca037118097d89e180,"{""distance"":5,""physical_error_rate"":5e-05}","{""detection_events"":62740,""detectors_checked"":366786560}"
   2519040,         0,         0,   119.5,decoder_by_matrix,3c866087b289edc25e9adea730044a15db18cabfd3ae2507fc844d5b4e03657a,"{""distance"":5,""physical_error_rate"":5e-06}","{""detection_events"":7335,""detectors_checked"":428236800}"
   2507776,         0,         0,   119.5,decoder_by_matrix,e41ade2e4684e0396b9a3890c882b6453b515d69885aa1d89a26ce21ec554895,"{""distance"":5,""physical_error_rate"":1e-06}","{""detection_events"":1430,""detectors_checked"":426321920}"
   2296832,         0,         0,   119.5,decoder_by_matrix,fa5edda0c1038186c8afbec49b0215a0b852396cdb50783a3f937fdf51d2afac,"{""distance"":5,""physical_error_rate"":1e-05}","{""detection_events"":13665,""detectors_checked"":390461440}"
   1651712,         1,         0,   119.6,decoder_by_matrix,b84cf4b8ca220d31f17e1e2ea9ab927bbc4176b15682c650e7d1dd8f2758172b,"{""distance"":5,""physical_error_rate"":0.0005}","{""detection_events"":469680,""detectors_checked"":280791040,""obs_mistake_mask=_E__"":1}"
   1539072,         1,         0,   119.6,decoder_by_matrix,066a5d8d46981b593c3dec855f441edbe9e755a8873183448f69d036a2ecc650,"{""distance"":5,""physical_error_rate"":0.001}","{""detection_events"":868480,""detectors_checked"":261642240,""obs_mistake_mask=E_E_"":1}"
   1562624,         4,         0,   119.5,decoder_by_matrix,066a5d8d46981b593c3dec855f441edbe9e755a8873183448f69d036a2ecc650,"{""distance"":5,""physical_error_rate"":0.001}","{""detection_events"":885290,""detectors_checked"":265646080,""obs_mistake_mask=E___"":1,""obs_mistake_mask=_EEE"":2,""obs_mistake_mask=_EE_"":1}"
   1968128,         0,         0,   119.6,decoder_by_matrix,0421d486f8a041838688df650e87c0a19c3450ab7a7cc8b3dc589ebff86d1c74,"{""distance"":5,""physical_error_rate"":0.0001}","{""detection_events"":109465,""detectors_checked"":334581760}"
   1666048,         0,         0,   119.6,decoder_by_matrix,0421d486f8a041838688df650e87c0a19c3450ab7a7cc8b3dc589ebff86d1c74,"{""distance"":5,""physical_error_rate"":0.0001}","{""detection_events"":92195,""detectors_checked"":283228160}"
   1868800,         0,         0,   119.7,decoder_by_matrix,b84cf4b8ca220d31f17e1e2ea9ab927bbc4176b15682c650e7d1dd8f2758172b,"{""distance"":5,""physical_error_rate"":0.0005}","{""detection_events"":528495,""detectors_checked"":317696000}"
   1630208,         0,         0,   119.6,decoder_by_matrix,9c6baee88fc81e7d1aa345fcb3feec7ee81f21c5d49cb6ca037118097d89e180,"{""distance"":5,""physical_error_rate"":5e-05}","{""detection_events"":45285,""detectors_checked"":277135360}"
   1666048,         0,         0,   119.6,decoder_by_matrix,3c866087b289edc25e9adea730044a15db18cabfd3ae2507fc844d5b4e03657a,"{""distance"":5,""physical_error_rate"":5e-06}","{""detection_events"":4780,""detectors_checked"":283228160}"
   1664000,         0,         0,   119.6,decoder_by_matrix,fa5edda0c1038186c8afbec49b0215a0b852396cdb50783a3f937fdf51d2afac,"{""distance"":5,""physical_error_rate"":1e-05}","{""detection_events"":8350,""detectors_checked"":282880000}"
   1592320,         0,         0,   119.4,decoder_by_matrix,e41ade2e4684e0396b9a3890c882b6453b515d69885aa1d89a26ce21ec554895,"{""distance"":5,""physical_error_rate"":1e-06}","{""detection_events"":1005,""detectors_checked"":270694400}"
   1559552,         0,         0,   119.6,decoder_by_matrix,b84cf4b8ca220d31f17e1e2ea9ab927bbc4176b15682c650e7d1dd8f2758172b,"{""distance"":5,""physical_error_rate"":0.0005}","{""detection_events"":446105,""detectors_checked"":265123840}"
   1654784,         0,         0,   119.7,decoder_by_matrix,3c866087b289edc25e9adea730044a15db18cabfd3ae2507fc844d5b4e03657a,"{""distance"":5,""physical_error_rate"":5e-06}","{""detection_events"":4085,""detectors_checked"":281313280}"
   1758208,         0,         0,   119.5,decoder_by_matrix,e41ade2e4684e0396b9a3890c882b6453b515d69885aa1d89a26ce21ec554895,"{""distance"":5,""physical_error_rate"":1e-06}","{""detection_events"":950,""detectors_checked"":298895360}"
   1559552,         0,         0,   119.5,decoder_by_matrix,0421d486f8a041838688df650e87c0a19c3450ab7a7cc8b3dc589ebff86d1c74,"{""distance"":5,""physical_error_rate"":0.0001}","{""detection_events"":87685,""detectors_checked"":265123840}"
   1635328,         0,         0,   119.5,decoder_by_matrix,fa5edda0c1038186c8afbec49b0215a0b852396cdb50783a3f937fdf51d2afac,"{""distance"":5,""physical_error_rate"":1e-05}","{""detection_events"":9240,""detectors_checked"":278005760}"
   1579008,         0,         0,   119.6,decoder_by_matrix,0421d486f8a041838688df650e87c0a19c3450ab7a7cc8b3dc589ebff86d1c74,"{""distance"":5,""physical_error_rate"":0.0001}","{""detection_events"":92360,""detectors_checked"":268431360}"
   1587200,         0,         0,   119.6,decoder_by_matrix,9c6baee88fc81e7d1aa345fcb3feec7ee81f21c5d49cb6ca037118097d89e180,"{""distance"":5,""physical_error_rate"":5e-05}","{""detection_events"":45180,""detectors_checked"":269824000}"
   1476608,         1,         0,   119.6,decoder_by_matrix,066a5d8d46981b593c3dec855f441edbe9e755a8873183448f69d036a2ecc650,"{""distance"":5,""physical_error_rate"":0.001}","{""detection_events"":837025,""detectors_checked"":251023360,""obs_mistake_mask=EEE_"":1}"
   1609728,         0,         0,   119.7,decoder_by_matrix,fa5edda0c1038186c8afbec49b0215a0b852396cdb50783a3f937fdf51d2afac,"{""distance"":5,""physical_error_rate"":1e-05}","{""detection_events"":9205,""detectors_checked"":273653760}"
   1630208,         0,         0,   119.6,decoder_by_matrix,e41ade2e4684e0396b9a3890c882b6453b515d69885aa1d89a26ce21ec554895,"{""distance"":5,""physical_error_rate"":1e-06}","{""detection_events"":1180,""detectors_checked"":277135360}"
   1486848,         0,         0,   119.7,decoder_by_matrix,0421d486f8a041838688df650e87c0a19c3450ab7a7cc8b3dc589ebff86d1c74,"{""distance"":5,""physical_error_rate"":0.0001}","{""detection_events"":85115,""detectors_checked"":252764160}"
   1572864,         0,         0,   119.6,decoder_by_matrix,e41ade2e4684e0396b9a3890c882b6453b515d69885aa1d89a26ce21ec554895,"{""distance"":5,""physical_error_rate"":1e-06}","{""detection_events"":680,""detectors_checked"":267386880}"
   1494016,         0,         0,   119.7,decoder_by_matrix,9c6baee88fc81e7d1aa345fcb3feec7ee81f21c5d49cb6ca037118097d89e180,"{""distance"":5,""physical_error_rate"":5e-05}","{""detection_events"":43975,""detectors_checked"":253982720}"
   1643520,         0,         0,   119.6,decoder_by_matrix,fa5edda0c1038186c8afbec49b0215a0b852396cdb50783a3f937fdf51d2afac,"{""distance"":5,""physical_error_rate"":1e-05}","{""detection_events"":9390,""detectors_checked"":279398400}"
   1607680,         0,         0,   119.5,decoder_by_matrix,e41ade2e4684e0396b9a3890c882b6453b515d69885aa1d89a26ce21ec554895,"{""distance"":5,""physical_error_rate"":1e-06}","{""detection_events"":1150,""detectors_checked"":273305600}"
   1644544,         0,         0,   119.6,decoder_by_matrix,3c866087b289edc25e9adea730044a15db18cabfd3ae2507fc844d5b4e03657a,"{""distance"":5,""physical_error_rate"":5e-06}","{""detection_events"":5025,""detectors_checked"":279572480}"
   1537024,         0,         0,   119.5,decoder_by_matrix,0421d486f8a041838688df650e87c0a19c3450ab7a7cc8b3dc589ebff86d1c74,"{""distance"":5,""physical_error_rate"":0.0001}","{""detection_events"":88290,""detectors_checked"":261294080}"
   1584128,         0,         0,   119.7,decoder_by_matrix,3c866087b289edc25e9adea730044a15db18cabfd3ae2507fc844d5b4e03657a,"{""distance"":5,""physical_error_rate"":5e-06}","{""detection_events"":4515,""detectors_checked"":269301760}"
   1464320,         0,         0,   119.8,decoder_by_matrix,b84cf4b8ca220d31f17e1e2ea9ab927bbc4176b15682c650e7d1dd8f2758172b,"{""distance"":5,""physical_error_rate"":0.0005}","{""detection_events"":413880,""detectors_checked"":248934400}"
   1502208,         0,         0,   119.6,decoder_by_matrix,b84cf4b8ca220d31f17e1e2ea9ab927bbc4176b15682c650e7d1dd8f2758172b,"{""distance"":5,""physical_error_rate"":0.0005}","{""detection_events"":429940,""detectors_checked"":255375360}"
   1555456,         0,         0,   119.7,decoder_by_matrix,fa5edda0c1038186c8afbec49b0215a0b852396cdb50783a3f937fdf51d2afac,"{""distance"":5,""physical_error_rate"":1e-05}","{""detection_events"":8570,""detectors_checked"":264427520}"
   1618944,         0,         0,   119.6,decoder_by_matrix,3c866087b289edc25e9adea730044a15db18cabfd3ae2507fc844d5b4e03657a,"{""distance"":5,""physical_error_rate"":5e-06}","{""detection_events"":4495,""detectors_checked"":275220480}"
   1519616,         0,         0,   119.6,decoder_by_matrix,9c6baee88fc81e7d1aa345fcb3feec7ee81f21c5d49cb6ca037118097d89e180,"{""distance"":5,""physical_error_rate"":5e-05}","{""detection_events"":42885,""detectors_checked"":258334720}"
   1521664,         4,         0,   119.7,decoder_by_matrix,066a5d8d46981b593c3dec855f441edbe9e755a8873183448f69d036a2ecc650,"{""distance"":5,""physical_error_rate"":0.001}","{""detection_events"":862465,""detectors_checked"":258682880,""obs_mistake_mask=EEE_"":2,""obs_mistake_mask=EE_E"":1,""obs_mistake_mask=___E"":1}"
   6922240,        15,         0,   119.0,decoder_by_matrix,066a5d8d46981b593c3dec855f441edbe9e755a8873183448f69d036a2ecc650,"{""distance"":5,""physical_error_rate"":0.001}","{""detection_events"":3933510,""detectors_checked"":1176780800,""obs_mistake_mask=EEE_"":1,""obs_mistake_mask=EE__"":2,""obs_mistake_mask=E_E_"":1,""obs_mistake_mask=E__E"":2,""obs_mistake_mask=E___"":1,""obs_mistake_mask=_EEE"":3,""obs_mistake_mask=_EE_"":1,""obs_mistake_mask=_E_E"":2,""obs_mistake_mask=__E_"":1,""obs_mistake_mask=___E"":1}"
   1603584,         0,         0,   119.6,decoder_by_matrix,3c866087b289edc25e9adea730044a15db18cabfd3ae2507fc844d5b4e03657a,"{""distance"":5,""physical_error_rate"":5e-06}","{""detection_events"":4850,""detectors_checked"":272609280}"
   1618944,         0,         0,   119.7,decoder_by_matrix,e41ade2e4684e0396b9a3890c882b6453b515d69885aa1d89a26ce21ec554895,"{""distance"":5,""physical_error_rate"":1e-06}","{""detection_events"":685,""detectors_checked"":275220480}"
   1524736,         0,         0,   119.5,decoder_by_matrix,0421d486f8a041838688df650e87c0a19c3450ab7a7cc8b3dc589ebff86d1c74,"{""distance"":5,""physical_error_rate"":0.0001}","{""detection_events"":88925,""detectors_checked"":259205120}"
   1553408,         0,         0,   119.5,decoder_by_matrix,9c6baee88fc81e7d1aa345fcb3feec7ee81f21c5d49cb6ca037118097d89e180,"{""distance"":5,""physical_error_rate"":5e-05}","{""detection_events"":44410,""detectors_checked"":264079360}"
   1611776,         0,         0,   119.8,decoder_by_matrix,fa5edda0c1038186c8afbec49b0215a0b852396cdb50783a3f937fdf51d2afac,"{""distance"":5,""physical_error_rate"":1e-05}","{""detection_events"":9675,""detectors_checked"":274001920}"
   1521664,         0,         0,   119.6,decoder_by_matrix,b84cf4b8ca220d31f17e1e2ea9ab927bbc4176b15682c650e7d1dd8f2758172b,"{""distance"":5,""physical_error_rate"":0.0005}","{""detection_events"":433515,""detectors_checked"":258682880}"
   1527808,         0,         0,   119.7,decoder_by_matrix,b84cf4b8ca220d31f17e1e2ea9ab927bbc4176b15682c650e7d1dd8f2758172b,"{""distance"":5,""physical_error_rate"":0.0005}","{""detection_events"":433820,""detectors_checked"":259727360}"
   1485824,         2,         0,   119.6,decoder_by_matrix,066a5d8d46981b593c3dec855f441edbe9e755a8873183448f69d036a2ecc650,"{""distance"":5,""physical_error_rate"":0.001}","{""detection_events"":846025,""detectors_checked"":252590080,""obs_mistake_mask=_EEE"":1,""obs_mistake_mask=__EE"":1}"
   1449984,         0,         0,   119.6,decoder_by_matrix,9c6baee88fc81e7d1aa345fcb3feec7ee81f21c5d49cb6ca037118097d89e180,"{""distance"":5,""physical_error_rate"":5e-05}","{""detection_events"":41645,""detectors_checked"":246497280}"
   2479104,         0,         0,   119.6,decoder_by_matrix,9c6baee88fc81e7d1aa345fcb3feec7ee81f21c5d49cb6ca037118097d89e180,"{""distance"":5,""physical_error_rate"":5e-05}","{""detection_events"":70830,""detectors_checked"":421447680}"
   2732032,         0,         0,   119.5,decoder_by_matrix,3c866087b289edc25e9adea730044a15db18cabfd3ae2507fc844d5b4e03657a,"{""distance"":5,""physical_error_rate"":5e-06}","{""detection_events"":8015,""detectors_checked"":464445440}"
   2488320,         0,         0,   119.5,decoder_by_matrix,e41ade2e4684e0396b9a3890c882b6453b515d69885aa1d89a26ce21ec554895,"{""distance"":5,""physical_error_rate"":1e-06}","{""detection_events"":1420,""detectors_checked"":423014400}"
   2566144,         0,         0,   119.6,decoder_by_matrix,fa5edda0c1038186c8afbec49b0215a0b852396cdb50783a3f937fdf51d2afac,"{""distance"":5,""physical_error_rate"":1e-05}","{""detection_events"":15625,""detectors_checked"":436244480}"
   1532928,         1,         0,   119.7,decoder_by_matrix,b84cf4b8ca220d31f17e1e2ea9ab927bbc4176b15682c650e7d1dd8f2758172b,"{""distance"":5,""physical_error_rate"":0.0005}","{""detection_events"":437690,""detectors_checked"":260597760,""obs_mistake_mask=EE__"":1}"
   1506304,         4,         0,   119.6,decoder_by_matrix,066a5d8d46981b593c3dec855f441edbe9e755a8873183448f69d036a2ecc650,"{""distance"":5,""physical_error_rate"":0.001}","{""detection_events"":856310,""detectors_checked"":256071680,""obs_mistake_mask=E_EE"":1,""obs_mistake_mask=E___"":1,""obs_mistake_mask=__E_"":1,""obs_mistake_mask=___E"":1}"
   2341888,         0,         0,   119.5,decoder_by_matrix,0421d486f8a041838688df650e87c0a19c3450ab7a7cc8b3dc589ebff86d1c74,"{""distance"":5,""physical_error_rate"":0.0001}","{""detection_events"":128815,""detectors_checked"":398120960}"
   1567744,         0,         0,   119.7,decoder_by_matrix,066a5d8d46981b593c3dec855f441edbe9e755a8873183448f69d036a2ecc650,"{""distance"":5,""physical_error_rate"":0.001}","{""detection_events"":890990,""detectors_checked"":266516480}"
   1602560,         0,         0,   119.5,decoder_by_matrix,0421d486f8a041838688df650e87c0a19c3450ab7a7cc8b3dc589ebff86d1c74,"{""distance"":5,""physical_error_rate"":0.0001}","{""detection_events"":89640,""detectors_checked"":272435200}"
   2365440,         1,         0,   119.6,decoder_by_matrix,b84cf4b8ca220d31f17e1e2ea9ab927bbc4176b15682c650e7d1dd8f2758172b,"{""distance"":5,""physical_error_rate"":0.0005}","{""detection_events"":673435,""detectors_checked"":402124800,""obs_mistake_mask=E_E_"":1}"
   1589248,         0,         0,   119.6,decoder_by_matrix,9c6baee88fc81e7d1aa345fcb3feec7ee81f21c5d49cb6ca037118097d89e180,"{""distance"":5,""physical_error_rate"":5e-05}","{""detection_events"":45575,""detectors_checked"":270172160}"
   1604608,         0,         0,   119.7,decoder_by_matrix,3c866087b289edc25e9adea730044a15db18cabfd3ae2507fc844d5b4e03657a,"{""distance"":5,""physical_error_rate"":5e-06}","{""detection_events"":4500,""detectors_checked"":272783360}"
   1608704,         0,         0,   119.6,decoder_by_matrix,fa5edda0c1038186c8afbec49b0215a0b852396cdb50783a3f937fdf51d2afac,"{""distance"":5,""physical_error_rate"":1e-05}","{""detection_events"":8960,""detectors_checked"":273479680}"
   1613824,         0,         0,   119.6,decoder_by_matrix,e41ade2e4684e0396b9a3890c882b6453b515d69885aa1d89a26ce21ec554895,"{""distance"":5,""physical_error_rate"":1e-06}","{""detection_events"":640,""detectors_checked"":274350080}"
   1560576,         0,         0,   119.5,decoder_by_matrix,b84cf4b8ca220d31f17e1e2ea9ab927bbc4176b15682c650e7d1dd8f2758172b,"{""distance"":5,""physical_error_rate"":0.0005}","{""detection_events"":444850,""detectors_checked"":265297920}"
   1640448,         0,         0,   119.6,decoder_by_matrix,e41ade2e4684e0396b9a3890c882b6453b515d69885aa1d89a26ce21ec554895,"{""distance"":5,""physical_error_rate"":1e-06}","{""detection_events"":1040,""detectors_checked"":278876160}"
   1654784,         0,         0,   119.6,decoder_by_matrix,3c866087b289edc25e9adea730044a15db18cabfd3ae2507fc844d5b4e03657a,"{""distance"":5,""physical_error_rate"":5e-06}","{""detection_events"":4540,""detectors_checked"":281313280}"
   1642496,         0,         0,   119.7,decoder_by_matrix,fa5edda0c1038186c8afbec49b0215a0b852396cdb50783a3f937fdf51d2afac,"{""distance"":5,""physical_error_rate"":1e-05}","{""detection_events"":9435,""detectors_checked"":279224320}"
   1543168,         0,         0,   119.6,decoder_by_matrix,0421d486f8a041838688df650e87c0a19c3450ab7a7cc8b3dc589ebff86d1c74,"{""distance"":5,""physical_error_rate"":0.0001}","{""detection_events"":86365,""detectors_checked"":262338560}"
   1570816,         0,         0,   119.6,decoder_by_matrix,0421d486f8a041838688df650e87c0a19c3450ab7a7cc8b3dc589ebff86d1c74,"{""distance"":5,""physical_error_rate"":0.0001}","{""detection_events"":89250,""detectors_checked"":267038720}"
   1570816,         0,         0,   119.5,decoder_by_matrix,9c6baee88fc81e7d1aa345fcb3feec7ee81f21c5d49cb6ca037118097d89e180,"{""distance"":5,""physical_error_rate"":5e-05}","{""detection_events"":44715,""detectors_checked"":267038720}"
   1471488,         3,         0,   119.6,decoder_by_matrix,066a5d8d46981b593c3dec855f441edbe9e755a8873183448f69d036a2ecc650,"{""distance"":5,""physical_error_rate"":0.001}","{""detection_events"":834565,""detectors_checked"":250152960,""obs_mistake_mask=E_E_"":1,""obs_mistake_mask=E___"":2}"
   1499136,         0,         0,   119.5,decoder_by_matrix,fa5edda0c1038186c8afbec49b0215a0b852396cdb50783a3f937fdf51d2afac,"{""distance"":5,""physical_error_rate"":1e-05}","{""detection_events"":8250,""detectors_checked"":254853120}"
   1527808,         0,         0,   119.6,decoder_by_matrix,e41ade2e4684e0396b9a3890c882b6453b515d69885aa1d89a26ce21ec554895,"{""distance"":5,""physical_error_rate"":1e-06}","{""detection_events"":770,""detectors_checked"":259727360}"
   1501184,         0,         0,   119.6,decoder_by_matrix,0421d486f8a041838688df650e87c0a19c3450ab7a7cc8b3dc589ebff86d1c74,"{""distance"":5,""physical_error_rate"":0.0001}","{""detection_events"":85040,""detectors_checked"":255201280}"
   1573888,         0,         0,   119.6,decoder_by_matrix,e41ade2e4684e0396b9a3890c882b6453b515d69885aa1d89a26ce21ec554895,"{""distance"":5,""physical_error_rate"":1e-06}","{""detection_events"":915,""detectors_checked"":267560960}"
   1522688,         0,         0,   119.6,decoder_by_matrix,9c6baee88fc81e7d1aa345fcb3feec7ee81f21c5d49cb6ca037118097d89e180,"{""distance"":5,""physical_error_rate"":5e-05}","{""detection_events"":44675,""detectors_checked"":258856960}"
   1624064,         0,         0,   119.6,decoder_by_matrix,fa5edda0c1038186c8afbec49b0215a0b852396cdb50783a3f937fdf51d2afac,"{""distance"":5,""physical_error_rate"":1e-05}","{""detection_events"":8380,""detectors_checked"":276090880}"
   1555456,         0,         0,   119.5,decoder_by_matrix,e41ade2e4684e0396b9a3890c882b6453b515d69885aa1d89a26ce21ec554895,"{""distance"":5,""physical_error_rate"":1e-06}","{""detection_events"":890,""detectors_checked"":264427520}"
   1580032,         0,         0,   119.7,decoder_by_matrix,3c866087b289edc25e9adea730044a15db18cabfd3ae2507fc844d5b4e03657a,"{""distance"":5,""physical_error_rate"":5e-06}","{""detection_events"":4250,""detectors_checked"":268605440}"
   1530880,         0,         0,   119.7,decoder_by_matrix,0421d486f8a041838688df650e87c0a19c3450ab7a7cc8b3dc589ebff86d1c74,"{""distance"":5,""physical_error_rate"":0.0001}","{""detection_events"":88185,""detectors_checked"":260249600}"
   1468416,         0,         0,   119.6,decoder_by_matrix,3c866087b289edc25e9adea730044a15db18cabfd3ae2507fc844d5b4e03657a,"{""distance"":5,""physical_error_rate"":5e-06}","{""detection_events"":4470,""detectors_checked"":249630720}"
   1425408,         0,         0,   119.6,decoder_by_matrix,b84cf4b8ca220d31f17e1e2ea9ab927bbc4176b15682c650e7d1dd8f2758172b,"{""distance"":5,""physical_error_rate"":0.0005}","{""detection_events"":405095,""detectors_checked"":242319360}"
   1596416,         0,         0,   119.6,decoder_by_matrix,b84cf4b8ca220d31f17e1e2ea9ab927bbc4176b15682c650e7d1dd8f2758172b,"{""distance"":5,""physical_error_rate"":0.0005}","{""detection_events"":448965,""detectors_checked"":271390720}"
   1564672,         0,         0,   119.6,decoder_by_matrix,fa5edda0c1038186c8afbec49b0215a0b852396cdb50783a3f937fdf51d2afac,"{""distance"":5,""physical_error_rate"":1e-05}","{""detection_events"":9440,""detectors_checked"":265994240}"
   1629184,         0,         0,   119.6,decoder_by_matrix,3c866087b289edc25e9adea730044a15db18cabfd3ae2507fc844d5b4e03657a,"{""distance"":5,""physical_error_rate"":5e-06}","{""detection_events"":4695,""detectors_checked"":276961280}"
   1532928,         0,         0,   119.6,decoder_by_matrix,9c6baee88fc81e7d1aa345fcb3feec7ee81f21c5d49cb6ca037118097d89e180,"{""distance"":5,""physical_error_rate"":5e-05}","{""detection_events"":42580,""detectors_checked"":260597760}"
   1568768,         1,         0,   119.5,decoder_by_matrix,066a5d8d46981b593c3dec855f441edbe9e755a8873183448f69d036a2ecc650,"{""distance"":5,""physical_error_rate"":0.001}","{""detection_events"":889245,""detectors_checked"":266690560,""obs_mistake_mask=__EE"":1}"
   6278144,        16,         0,   119.0,decoder_by_matrix,066a5d8d46981b593c3dec855f441edbe9e755a8873183448f69d036a2ecc650,"{""distance"":5,""physical_error_rate"":0.001}","{""detection_events"":3560870,""detectors_checked"":1067284480,""obs_mistake_mask=EE__"":1,""obs_mistake_mask=E_EE"":1,""obs_mistake_mask=E_E_"":2,""obs_mistake_mask=E__E"":1,""obs_mistake_mask=E___"":2,""obs_mistake_mask=_EEE"":1,""obs_mistake_mask=_EE_"":2,""obs_mistake_mask=_E__"":4,""obs_mistake_mask=__E_"":1,""obs_mistake_mask=___E"":1}"
   1571840,         0,         0,   119.7,decoder_by_matrix,3c866087b289edc25e9adea730044a15db18cabfd3ae2507fc844d5b4e03657a,"{""distance"":5,""physical_error_rate"":5e-06}","{""detection_events"":4795,""detectors_checked"":267212800}"
   1579008,         0,         0,   119.6,decoder_by_matrix,e41ade2e4684e0396b9a3890c882b6453b515d69885aa1d89a26ce21ec554895,"{""distance"":5,""physical_error_rate"":1e-06}","{""detection_events"":965,""detectors_checked"":268431360}"
   1543168,         0,         0,   119.5,decoder_by_matrix,0421d486f8a041838688df650e87c0a19c3450ab7a7cc8b3dc589ebff86d1c74,"{""distance"":5,""physical_error_rate"":0.0001}","{""detection_events"":87925,""detectors_checked"":262338560}"
   1594368,         0,         0,   119.7,decoder_by_matrix,fa5edda0c1038186c8afbec49b0215a0b852396cdb50783a3f937fdf51d2afac,"{""distance"":5,""physical_error_rate"":1e-05}","{""detection_events"":9270,""detectors_checked"":271042560}"
   1483776,         0,         0,   119.6,decoder_by_matrix,9c6baee88fc81e7d1aa345fcb3feec7ee81f21c5d49cb6ca037118097d89e180,"{""distance"":5,""physical_error_rate"":5e-05}","{""detection_events"":41245,""detectors_checked"":252241920}"
   1496064,         1,         0,   119.5,decoder_by_matrix,b84cf4b8ca220d31f17e1e2ea9ab927bbc4176b15682c650e7d1dd8f2758172b,"{""distance"":5,""physical_error_rate"":0.0005}","{""detection_events"":427960,""detectors_checked"":254330880,""obs_mistake_mask=E_E_"":1}"
   1557504,         0,         0,   119.6,decoder_by_matrix,b84cf4b8ca220d31f17e1e2ea9ab927bbc4176b15682c650e7d1dd8f2758172b,"{""distance"":5,""physical_error_rate"":0.0005}","{""detection_events"":443735,""detectors_checked"":264775680}"
   1530880,         1,         0,   119.6,decoder_by_matrix,066a5d8d46981b593c3dec855f441edbe9e755a8873183448f69d036a2ecc650,"{""distance"":5,""physical_error_rate"":0.001}","{""detection_events"":868900,""detectors_checked"":260249600,""obs_mistake_mask=__E_"":1}"
   1534976,         0,         0,   119.5,decoder_by_matrix,9c6baee88fc81e7d1aa345fcb3feec7ee81f21c5d49cb6ca037118097d89e180,"{""distance"":5,""physical_error_rate"":5e-05}","{""detection_events"":42290,""detectors_checked"":260945920}"
   2238464,         0,         0,   119.6,decoder_by_matrix,9c6baee88fc81e7d1aa345fcb3feec7ee81f21c5d49cb6ca037118097d89e180,"{""distance"":5,""physical_error_rate"":5e-05}","{""detection_events"":64940,""detectors_checked"":380538880}"
   2556928,         0,         0,   119.6,decoder_by_matrix,3c866087b289edc25e9adea730044a15db18cabfd3ae2507fc844d5b4e03657a,"{""distance"":5,""physical_error_rate"":5e-06}","{""detection_events"":7310,""detectors_checked"":434677760}"
   2614272,         0,         0,   119.6,decoder_by_matrix,e41ade2e4684e0396b9a3890c882b6453b515d69885aa1d89a26ce21ec554895,"{""distance"":5,""physical_error_rate"":1e-06}","{""detection_events"":1560,""detectors_checked"":444426240}"
   2399232,         0,         0,   119.6,decoder_by_matrix,fa5edda0c1038186c8afbec49b0215a0b852396cdb50783a3f937fdf51d2afac,"{""distance"":5,""physical_error_rate"":1e-05}","{""detection_events"":13700,""detectors_checked"":407869440}"
   1560576,         2,         0,   119.6,decoder_by_matrix,b84cf4b8ca220d31f17e1e2ea9ab927bbc4176b15682c650e7d1dd8f2758172b,"{""distance"":5,""physical_error_rate"":0.0005}","{""detection_events"":442695,""detectors_checked"":265297920,""obs_mistake_mask=_E__"":2}"
   1548288,         5,         0,   119.7,decoder_by_matrix,066a5d8d46981b593c3dec855f441edbe9e755a8873183448f69d036a2ecc650,"{""distance"":5,""physical_error_rate"":0.001}","{""detection_events"":880070,""detectors_checked"":263208960,""obs_mistake_mask=EE__"":1,""obs_mistake_mask=E_EE"":1,""obs_mistake_mask=E_E_"":1,""obs_mistake_mask=E___"":1,""obs_mistake_mask=__E_"":1}"
   1595392,         0,         0,   119.6,decoder_by_matrix,0421d486f8a041838688df650e87c0a19c3450ab7a7cc8b3dc589ebff86d1c74,"{""distance"":5,""physical_error_rate"":0.0001}","{""detection_events"":92185,""detectors_checked"":271216640}"
   2050048,         0,         0,   119.7,decoder_by_matrix,0421d486f8a041838688df650e87c0a19c3450ab7a7cc8b3dc589ebff86d1c74,"{""distance"":5,""physical_error_rate"":0.0001}","{""detection_events"":117920,""detectors_checked"":348508160}"
   1554432,         2,         0,   119.5,decoder_by_matrix,066a5d8d46981b593c3dec855f441edbe9e755a8873183448f69d036a2ecc650,"{""distance"":5,""physical_error_rate"":0.001}","{""detection_events"":879925,""detectors_checked"":264253440,""obs_mistake_mask=E___"":1,""obs_mistake_mask=__EE"":1}"
   1622016,         0,         0,   119.6,decoder_by_matrix,9c6baee88fc81e7d1aa345fcb3feec7ee81f21c5d49cb6ca037118097d89e180,"{""distance"":5,""physical_error_rate"":5e-05}","{""detection_events"":44885,""detectors_checked"":275742720}"
   2034688,         0,         0,   119.7,decoder_by_matrix,b84cf4b8ca220d31f17e1e2ea9ab927bbc4176b15682c650e7d1dd8f2758172b,"{""distance"":5,""physical_error_rate"":0.0005}","{""detection_events"":583335,""detectors_checked"":345896960}"
   1599488,         0,         0,   119.5,decoder_by_matrix,3c866087b289edc25e9adea730044a15db18cabfd3ae2507fc844d5b4e03657a,"{""distance"":5,""physical_error_rate"":5e-06}","{""detection_events"":4595,""detectors_checked"":271912960}"
   1633280,         0,         0,   119.6,decoder_by_matrix,fa5edda0c1038186c8afbec49b0215a0b852396cdb50783a3f937fdf51d2afac,"{""distance"":5,""physical_error_rate"":1e-05}","{""detection_events"":9320,""detectors_checked"":277657600}"
   1626112,         0,         0,   119.6,decoder_by_matrix,e41ade2e4684e0396b9a3890c882b6453b515d69885aa1d89a26ce21ec554895,"{""distance"":5,""physical_error_rate"":1e-06}","{""detection_events"":860,""detectors_checked"":276439040}"
   1582080,         0,         0,   119.7,decoder_by_matrix,b84cf4b8ca220d31f17e1e2ea9ab927bbc4176b15682c650e7d1dd8f2758172b,"{""distance"":5,""physical_error_rate"":0.0005}","{""detection_events"":448560,""detectors_checked"":268953600}"
   1627136,         0,         0,   119.6,decoder_by_matrix,e41ade2e4684e0396b9a3890c882b6453b515d69885aa1d89a26ce21ec554895,"{""distance"":5,""physical_error_rate"":1e-06}","{""detection_events"":590,""detectors_checked"":276613120}"
   1659904,         0,         0,   119.6,decoder_by_matrix,3c866087b289edc25e9adea730044a15db18cabfd3ae2507fc844d5b4e03657a,"{""distance"":5,""physical_error_rate"":5e-06}","{""detection_events"":4640,""detectors_checked"":282183680}"
   1650688,         0,         0,   119.5,decoder_by_matrix,fa5edda0c1038186c8afbec49b0215a0b852396cdb50783a3f937fdf51d2afac,"{""distance"":5,""physical_error_rate"":1e-05}","{""detection_events"":8600,""detectors_checked"":280616960}"
   1551360,         0,         0,   119.7,decoder_by_matrix,0421d486f8a041838688df650e87c0a19c3450ab7a7cc8b3dc589ebff86d1c74,"{""distance"":5,""physical_error_rate"":0.0001}","{""detection_events"":88830,""detectors_checked"":263731200}"
   1589248,         0,         0,   119.6,decoder_by_matrix,0421d486f8a041838688df650e87c0a19c3450ab7a7cc8b3dc589ebff86d1c74,"{""distance"":5,""physical_error_rate"":0.0001}","{""detection_events"":89665,""detectors_checked"":270172160}"
   1579008,         0,         0,   119.6,decoder_by_matrix,9c6baee88fc81e7d1aa345fcb3feec7ee81f21c5d49cb6ca037118097d89e180,"{""distance"":5,""physical_error_rate"":5e-05}","{""detection_events"":44315,""detectors_checked"":268431360}"
   1570816,         3,         0,   119.6,decoder_by_matrix,066a5d8d46981b593c3dec855f441edbe9e755a8873183448f69d036a2ecc650,"{""distance"":5,""physical_error_rate"":0.001}","{""detection_events"":898860,""detectors_checked"":267038720,""obs_mistake_mask=E___"":1,""obs_mistake_mask=__E_"":1,""obs_mistake_mask=___E"":1}"
   1601536,         0,         0,   119.5,decoder_by_matrix,fa5edda0c1038186c8afbec49b0215a0b852396cdb50783a3f937fdf51d2afac,"{""distance"":5,""physical_error_rate"":1e-05}","{""detection_events"":8895,""detectors_checked"":272261120}"
   1638400,         0,         0,   119.6,decoder_by_matrix,e41ade2e4684e0396b9a3890c882b6453b515d69885aa1d89a26ce21ec554895,"{""distance"":5,""physical_error_rate"":1e-06}","{""detection_events"":970,""detectors_checked"":278528000}"
   1524736,         0,         0,   119.6,decoder_by_matrix,0421d486f8a041838688df650e87c0a19c3450ab7a7cc8b3dc589ebff86d1c74,"{""distance"":5,""physical_error_rate"":0.0001}","{""detection_events"":87980,""detectors_checked"":259205120}"
   1559552,         0,         0,   119.5,decoder_by_matrix,e41ade2e4684e0396b9a3890c882b6453b515d69885aa1d89a26ce21ec554895,"{""distance"":5,""physical_error_rate"":1e-06}","{""detection_events"":975,""detectors_checked"":265123840}"
   1455104,         0,         0,   119.6,decoder_by_matrix,9c6baee88fc81e7d1aa345fcb3feec7ee81f21c5d49cb6ca037118097d89e180,"{""distance"":5,""physical_error_rate"":5e-05}","{""detection_events"":41305,""detectors_checked"":247367680}"
   1540096,         0,         0,   119.5,decoder_by_matrix,fa5edda0c1038186c8afbec49b0215a0b852396cdb50783a3f937fdf51d2afac,"{""distance"":5,""physical_error_rate"":1e-05}","{""detection_events"":8210,""detectors_checked"":261816320}"
   1567744,         0,         0,   119.5,decoder_by_matrix,e41ade2e4684e0396b9a3890c882b6453b515d69885aa1d89a26ce21ec554895,"{""distance"":5,""physical_error_rate"":1e-06}","{""detection_events"":1000,""detectors_checked"":266516480}"
   1601536,         0,         0,   119.6,decoder_by_matrix,3c866087b289edc25e9adea730044a15db18cabfd3ae2507fc844d5b4e03657a,"{""distance"":5,""physical_error_rate"":5e-06}","{""detection_events"":3985,""detectors_checked"":272261120}"
   1534976,         0,         0,   119.5,decoder_by_matrix,0421d486f8a041838688df650e87c0a19c3450ab7a7cc8b3dc589ebff86d1c74,"{""distance"":5,""physical_error_rate"":0.0001}","{""detection_events"":85780,""detectors_checked"":260945920}"
   1527808,         0,         0,   119.4,decoder_by_matrix,3c866087b289edc25e9adea730044a15db18cabfd3ae2507fc844d5b4e03657a,"{""distance"":5,""physical_error_rate"":5e-06}","{""detection_events"":3995,""detectors_checked"":259727360}"
   1484800,         0,         0,   119.6,decoder_by_matrix,b84cf4b8ca220d31f17e1e2ea9ab927bbc4176b15682c650e7d1dd8f2758172b,"{""distance"":5,""physical_error_rate"":0.0005}","{""detection_events"":417495,""detectors_checked"":252416000}"
   1515520,         1,         0,   119.5,decoder_by_matrix,b84cf4b8ca220d31f17e1e2ea9ab927bbc4176b15682c650e7d1dd8f2758172b,"{""distance"":5,""physical_error_rate"":0.0005}","{""detection_events"":434845,""detectors_checked"":257638400,""obs_mistake_mask=_E_E"":1}"
   1527808,         0,         0,   119.6,decoder_by_matrix,fa5edda0c1038186c8afbec49b0215a0b852396cdb50783a3f937fdf51d2afac,"{""distance"":5,""physical_error_rate"":1e-05}","{""detection_events"":8540,""detectors_checked"":259727360}"
   1622016,         0,         0,   119.6,decoder_by_matrix,3c866087b289edc25e9adea730044a15db18cabfd3ae2507fc844d5b4e03657a,"{""distance"":5,""physical_error_rate"":5e-06}","{""detection_events"":4415,""detectors_checked"":275742720}"
   1549312,         0,         0,   119.5,decoder_by_matrix,9c6baee88fc81e7d1aa345fcb3feec7ee81f21c5d49cb6ca037118097d89e180,"{""distance"":5,""physical_error_rate"":5e-05}","{""detection_events"":44330,""detectors_checked"":263383040}"
   1543168,         2,         0,   119.5,decoder_by_matrix,066a5d8d46981b593c3dec855f441edbe9e755a8873183448f69d036a2ecc650,"{""distance"":5,""physical_error_rate"":0.001}","{""detection_events"":869860,""detectors_checked"":262338560,""obs_mistake_mask=_EE_"":2}"
   7036928,        14,         0,   119.2,decoder_by_matrix,066a5d8d46981b593c3dec855f441edbe9e755a8873183448f69d036a2ecc650,"{""distance"":5,""physical_error_rate"":0.001}","{""detection_events"":3982180,""detectors_checked"":1196277760,""obs_mistake_mask=E_E_"":1,""obs_mistake_mask=E__E"":1,""obs_mistake_mask=E___"":2,""obs_mistake_mask=_EEE"":1,""obs_mistake_mask=_EE_"":1,""obs_mistake_mask=_E_E"":1,""obs_mistake_mask=_E__"":3,""obs_mistake_mask=__E_"":1,""obs_mistake_mask=___E"":3}"
   1613824,         0,         0,   119.6,decoder_by_matrix,3c866087b289edc25e9adea730044a15db18cabfd3ae2507fc844d5b4e03657a,"{""distance"":5,""physical_error_rate"":5e-06}","{""detection_events"":4180,""detectors_checked"":274350080}"
   1569792,         0,         0,   119.5,decoder_by_matrix,e41ade2e4684e0396b9a3890c882b6453b515d69885aa1d89a26ce21ec554895,"{""distance"":5,""physical_error_rate"":1e-06}","{""detection_events"":860,""detectors_checked"":266864640}"
   1537024,         0,         0,   119.5,decoder_by_matrix,0421d486f8a041838688df650e87c0a19c3450ab7a7cc8b3dc589ebff86d1c74,"{""distance"":5,""physical_error_rate"":0.0001}","{""detection_events"":87595,""detectors_checked"":261294080}"
   1552384,         0,         0,   119.4,decoder_by_matrix,fa5edda0c1038186c8afbec49b0215a0b852396cdb50783a3f937fdf51d2afac,"{""distance"":5,""physical_error_rate"":1e-05}","{""detection_events"":9110,""detectors_checked"":263905280}"
   1519616,         0,         0,   119.7,decoder_by_matrix,9c6baee88fc81e7d1aa345fcb3feec7ee81f21c5d49cb6ca037118097d89e180,"{""distance"":5,""physical_error_rate"":5e-05}","{""detection_events"":44290,""detectors_checked"":258334720}"
   1599488,         2,         0,   119.5,decoder_by_matrix,b84cf4b8ca220d31f17e1e2ea9ab927bbc4176b15682c650e7d1dd8f2758172b,"{""distance"":5,""physical_error_rate"":0.0005}","{""detection_events"":452740,""detectors_checked"":271912960,""obs_mistake_mask=_EEE"":1,""obs_mistake_mask=_E_E"":1}"
   1589248,         0,         0,   119.6,decoder_by_matrix,b84cf4b8ca220d31f17e1e2ea9ab927bbc4176b15682c650e7d1dd8f2758172b,"{""distance"":5,""physical_error_rate"":0.0005}","{""detection_events"":447615,""detectors_checked"":270172160}"
   1481728,         0,         0,   119.6,decoder_by_matrix,066a5d8d46981b593c3dec855f441edbe9e755a8873183448f69d036a2ecc650,"{""distance"":5,""physical_error_rate"":0.001}","{""detection_events"":843135,""detectors_checked"":251893760}"
   1523712,         0,         0,   119.6,decoder_by_matrix,9c6baee88fc81e7d1aa345fcb3feec7ee81f21c5d49cb6ca037118097d89e180,"{""distance"":5,""physical_error_rate"":5e-05}","{""detection_events"":43420,""detectors_checked"":259031040}"
   2319360,         0,         0,   119.6,decoder_by_matrix,9c6baee88fc81e7d1aa345fcb3feec7ee81f21c5d49cb6ca037118097d89e180,"{""distance"":5,""physical_error_rate"":5e-05}","{""detection_events"":65655,""detectors_checked"":394291200}"
   2753536,         0,         0,   119.6,decoder_by_matrix,3c866087b289edc25e9adea730044a15db18cabfd3ae2507fc844d5b4e03657a,"{""distance"":5,""physical_error_rate"":5e-06}","{""detection_events"":7995,""detectors_checked"":468101120}"
   2661376,         0,         0,   119.6,decoder_by_matrix,e41ade2e4684e0396b9a3890c882b6453b515d69885aa1d89a26ce21ec554895,"{""distance"":5,""physical_error_rate"":1e-06}","{""detection_events"":2035,""detectors_checked"":452433920}"
   2499584,         0,         0,   119.6,decoder_by_matrix,fa5edda0c1038186c8afbec49b0215a0b852396cdb50783a3f937fdf51d2afac,"{""distance"":5,""physical_error_rate"":1e-05}","{""detection_events"":14875,""detectors_checked"":424929280}"
   1548288,         0,         0,   119.5,decoder_by_matrix,b84cf4b8ca220d31f17e1e2ea9ab927bbc4176b15682c650e7d1dd8f2758172b,"{""distance"":5,""physical_error_rate"":0.0005}","{""detection_events"":443780,""detectors_checked"":263208960}"
   1550336,         4,         0,   119.6,decoder_by_matrix,066a5d8d46981b593c3dec855f441edbe9e755a8873183448f69d036a2ecc650,"{""distance"":5,""physical_error_rate"":0.001}","{""detection_events"":882525,""detectors_checked"":263557120,""obs_mistake_mask=E__E"":1,""obs_mistake_mask=_EEE"":1,""obs_mistake_mask=_E__"":1,""obs_mistake_mask=__E_"":1}"
   1571840,         0,         0,   119.6,decoder_by_matrix,0421d486f8a041838688df650e87c0a19c3450ab7a7cc8b3dc589ebff86d1c74,"{""distance"":5,""physical_error_rate"":0.0001}","{""detection_events"":89180,""detectors_checked"":267212800}"
   2107392,         0,         0,   119.6,decoder_by_matrix,0421d486f8a041838688df650e87c0a19c3450ab7a7cc8b3dc589ebff86d1c74,"{""distance"":5,""physical_error_rate"":0.0001}","{""detection_events"":118915,""detectors_checked"":358256640}"
   1563648,         5,         0,   119.6,decoder_by_matrix,066a5d8d46981b593c3dec855f441edbe9e755a8873183448f69d036a2ecc650,"{""distance"":5,""physical_error_rate"":0.001}","{""detection_events"":888675,""detectors_checked"":265820160,""obs_mistake_mask=_E__"":1,""obs_mistake_mask=__EE"":1,""obs_mistake_mask=__E_"":2,""obs_mistake_mask=___E"":1}"
   1596416,         0,         0,   119.5,decoder_by_matrix,9c6baee88fc81e7d1aa345fcb3feec7ee81f21c5d49cb6ca037118097d89e180,"{""distance"":5,""physical_error_rate"":5e-05}","{""detection_events"":45310,""detectors_checked"":271390720}"
   2067456,         0,         0,   119.6,decoder_by_matrix,b84cf4b8ca220d31f17e1e2ea9ab927bbc4176b15682c650e7d1dd8f2758172b,"{""distance"":5,""physical_error_rate"":0.0005}","{""detection_events"":584395,""detectors_checked"":351467520}"
   1600512,         0,         0,   119.6,decoder_by_matrix,3c866087b289edc25e9adea730044a15db18cabfd3ae2507fc844d5b4e03657a,"{""distance"":5,""physical_error_rate"":5e-06}","{""detection_events"":4560,""detectors_checked"":272087040}"
   1604608,         0,         0,   119.5,decoder_by_matrix,fa5edda0c1038186c8afbec49b0215a0b852396cdb50783a3f937fdf51d2afac,"{""distance"":5,""physical_error_rate"":1e-05}","{""detection_events"":8285,""detectors_checked"":272783360}"
   1609728,         0,         0,   119.6,decoder_by_matrix,e41ade2e4684e0396b9a3890c882b6453b515d69885aa1d89a26ce21ec554895,"{""distance"":5,""physical_error_rate"":1e-06}","{""detection_events"":925,""detectors_checked"":273653760}"
   1561600,         1,         0,   119.6,decoder_by_matrix,b84cf4b8ca220d31f17e1e2ea9ab927bbc4176b15682c650e7d1dd8f2758172b,"{""distance"":5,""physical_error_rate"":0.0005}","{""detection_events"":440475,""detectors_checked"":265472000,""obs_mistake_mask=_EEE"":1}"
   1624064,         0,         0,   119.5,decoder_by_matrix,e41ade2e4684e0396b9a3890c882b6453b515d69885aa1d89a26ce21ec554895,"{""distance"":5,""physical_error_rate"":1e-06}","{""detection_events"":825,""detectors_checked"":276090880}"
   1627136,         0,         0,   119.6,decoder_by_matrix,3c866087b289edc25e9adea730044a15db18cabfd3ae2507fc844d5b4e03657a,"{""distance"":5,""physical_error_rate"":5e-06}","{""detection_events"":4990,""detectors_checked"":276613120}"
   1634304,         0,         0,   119.7,decoder_by_matrix,fa5edda0c1038186c8afbec49b0215a0b852396cdb50783a3f937fdf51d2afac,"{""distance"":5,""physical_error_rate"":1e-05}","{""detection_events"":8760,""detectors_checked"":277831680}"
   1481728,         0,         0,   119.5,decoder_by_matrix,0421d486f8a041838688df650e87c0a19c3450ab7a7cc8b3dc589ebff86d1c74,"{""distance"":5,""physical_error_rate"":0.0001}","{""detection_events"":85085,""detectors_checked"":251893760}"
   1586176,         0,         0,   119.6,decoder_by_matrix,0421d486f8a041838688df650e87c0a19c3450ab7a7cc8b3dc589ebff86d1c74,"{""distance"":5,""physical_error_rate"":0.0001}","{""detection_events"":89125,""detectors_checked"":269649920}"
   1584128,         0,         0,   119.6,decoder_by_matrix,9c6baee88fc81e7d1aa345fcb3feec7ee81f21c5d49cb6ca037118097d89e180,"{""distance"":5,""physical_error_rate"":5e-05}","{""detection_events"":44940,""detectors_checked"":269301760}"
   1557504,         3,         0,   119.6,decoder_by_matrix,066a5d8d46981b593c3dec855f441edbe9e755a8873183448f69d036a2ecc650,"{""distance"":5,""physical_error_rate"":0.001}","{""detection_events"":884515,""detectors_checked"":264775680,""obs_mistake_mask=EE__"":1,""obs_mistake_mask=_EE_"":1,""obs_mistake_mask=_E__"":1}"
   1541120,         0,         0,   119.6,decoder_by_matrix,fa5edda0c1038186c8afbec49b0215a0b852396cdb50783a3f937fdf51d2afac,"{""distance"":5,""physical_error_rate"":1e-05}","{""detection_events"":8550,""detectors_checked"":261990400}"
   1530880,         0,         0,   119.6,decoder_by_matrix,e41ade2e4684e0396b9a3890c882b6453b515d69885aa1d89a26ce21ec554895,"{""distance"":5,""physical_error_rate"":1e-06}","{""detection_events"":780,""detectors_checked"":260249600}"
   1497088,         0,         0,   119.5,decoder_by_matrix,0421d486f8a041838688df650e87c0a19c3450ab7a7cc8b3dc589ebff86d1c74,"{""distance"":5,""physical_error_rate"":0.0001}","{""detection_events"":85045,""detectors_checked"":254504960}"
   1622016,         0,         0,   119.6,decoder_by_matrix,e41ade2e4684e0396b9a3890c882b6453b515d69885aa1d89a26ce21ec554895,"{""distance"":5,""physical_error_rate"":1e-06}","{""detection_events"":1085,""detectors_checked"":275742720}"
   1439744,         0,         0,   119.6,decoder_by_matrix,9c6baee88fc81e7d1aa345fcb3feec7ee81f21c5d49cb6ca037118097d89e180,"{""distance"":5,""physical_error_rate"":5e-05}","{""detection_events"":41080,""detectors_checked"":244756480}"
   1519616,         0,         0,   119.5,decoder_by_matrix,fa5edda0c1038186c8afbec49b0215a0b852396cdb50783a3f937fdf51d2afac,"{""distance"":5,""physical_error_rate"":1e-05}","{""detection_events"":7840,""detectors_checked"":258334720}"
   1634304,         0,         0,   119.6,decoder_by_matrix,e41ade2e4684e0396b9a3890c882b6453b515d69885aa1d89a26ce21ec554895,"{""distance"":5,""physical_error_rate"":1e-06}","{""detection_events"":995,""detectors_checked"":277831680}"
   1629184,         0,         0,   119.7,decoder_by_matrix,3c866087b289edc25e9adea730044a15db18cabfd3ae2507fc844d5b4e03657a,"{""distance"":5,""physical_error_rate"":5e-06}","{""detection_events"":4670,""detectors_checked"":276961280}"
   1507328,         0,         0,   119.5,decoder_by_matrix,0421d486f8a041838688df650e87c0a19c3450ab7a7cc8b3dc589ebff86d1c74,"{""distance"":5,""physical_error_rate"":0.0001}","{""detection_events"":85085,""detectors_checked"":256245760}"
   1538048,         0,         0,   119.5,decoder_by_matrix,3c866087b289edc25e9adea730044a15db18cabfd3ae2507fc844d5b4e03657a,"{""distance"":5,""physical_error_rate"":5e-06}","{""detection_events"":4565,""detectors_checked"":261468160}"
   1529856,         1,         0,   119.6,decoder_by_matrix,b84cf4b8ca220d31f17e1e2ea9ab927bbc4176b15682c650e7d1dd8f2758172b,"{""distance"":5,""physical_error_rate"":0.0005}","{""detection_events"":439970,""detectors_checked"":260075520,""obs_mistake_mask=E__E"":1}"
   1550336,         0,         0,   119.7,decoder_by_matrix,b84cf4b8ca220d31f17e1e2ea9ab927bbc4176b15682c650e7d1dd8f2758172b,"{""distance"":5,""physical_error_rate"":0.0005}","{""detection_events"":441175,""detectors_checked"":263557120}"
   1594368,         0,         0,   119.6,decoder_by_matrix,fa5edda0c1038186c8afbec49b0215a0b852396cdb50783a3f937fdf51d2afac,"{""distance"":5,""physical_error_rate"":1e-05}","{""detection_events"":9335,""detectors_checked"":271042560}"
   1659904,         0,         0,   119.7,decoder_by_matrix,3c866087b289edc25e9adea730044a15db18cabfd3ae2507fc844d5b4e03657a,"{""distance"":5,""physical_error_rate"":5e-06}","{""detection_events"":4670,""detectors_checked"":282183680}"
   1559552,         0,         0,   119.7,decoder_by_matrix,9c6baee88fc81e7d1aa345fcb3feec7ee81f21c5d49cb6ca037118097d89e180,"{""distance"":5,""physical_error_rate"":5e-05}","{""detection_events"":44720,""detectors_checked"":265123840}"
   1531904,         3,         0,   119.5,decoder_by_matrix,066a5d8d46981b593c3dec855f441edbe9e755a8873183448f69d036a2ecc650,"{""distance"":5,""physical_error_rate"":0.001}","{""detection_events"":874120,""detectors_checked"":260423680,""obs_mistake_mask=E___"":1,""obs_mistake_mask=_E__"":2}"
   6946816,        17,         0,   119.0,decoder_by_matrix,066a5d8d46981b593c3dec855f441edbe9e755a8873183448f69d036a2ecc650,"{""distance"":5,""physical_error_rate"":0.001}","{""detection_events"":3945495,""detectors_checked"":1180958720,""obs_mistake_mask=E_E_"":3,""obs_mistake_mask=E__E"":2,""obs_mistake_mask=E___"":4,""obs_mistake_mask=_EEE"":1,""obs_mistake_mask=_E__"":2,""obs_mistake_mask=__EE"":1,""obs_mistake_mask=__E_"":2,""obs_mistake_mask=___E"":2}"
   1672192,         0,         0,   119.6,decoder_by_matrix,3c866087b289edc25e9adea730044a15db18cabfd3ae2507fc844d5b4e03657a,"{""distance"":5,""physical_error_rate"":5e-06}","{""detection_events"":5030,""detectors_checked"":284272640}"
   1627136,         0,         0,   119.6,decoder_by_matrix,e41ade2e4684e0396b9a3890c882b6453b515d69885aa1d89a26ce21ec554895,"{""distance"":5,""physical_error_rate"":1e-06}","{""detection_events"":745,""detectors_checked"":276613120}"
   1532928,         0,         0,   119.7,decoder_by_matrix,0421d486f8a041838688df650e87c0a19c3450ab7a7cc8b3dc589ebff86d1c74,"{""distance"":5,""physical_error_rate"":0.0001}","{""detection_events"":88015,""detectors_checked"":260597760}"
   1561600,         0,         0,   119.5,decoder_by_matrix,fa5edda0c1038186c8afbec49b0215a0b852396cdb50783a3f937fdf51d2afac,"{""distance"":5,""physical_error_rate"":1e-05}","{""detection_events"":8665,""detectors_checked"":265472000}"
   1556480,         0,         0,   119.5,decoder_by_matrix,9c6baee88fc81e7d1aa345fcb3feec7ee81f21c5d49cb6ca037118097d89e180,"{""distance"":5,""physical_error_rate"":5e-05}","{""detection_events"":43885,""detectors_checked"":264601600}"
   1539072,         1,         0,   119.6,decoder_by_matrix,b84cf4b8ca220d31f17e1e2ea9ab927bbc4176b15682c650e7d1dd8f2758172b,"{""distance"":5,""physical_error_rate"":0.0005}","{""detection_events"":432425,""detectors_checked"":261642240,""obs_mistake_mask=_EEE"":1}"
   1510400,         0,         0,   119.6,decoder_by_matrix,b84cf4b8ca220d31f17e1e2ea9ab927bbc4176b15682c650e7d1dd8f2758172b,"{""distance"":5,""physical_error_rate"":0.0005}","{""detection_events"":429320,""detectors_checked"":256768000}"
   1527808,         1,         0,   119.6,decoder_by_matrix,066a5d8d46981b593c3dec855f441edbe9e755a8873183448f69d036a2ecc650,"{""distance"":5,""physical_error_rate"":0.001}","{""detection_events"":865805,""detectors_checked"":259727360,""obs_mistake_mask=_E_E"":1}"
   1482752,         0,         0,   119.6,decoder_by_matrix,9c6baee88fc81e7d1aa345fcb3feec7ee81f21c5d49cb6ca037118097d89e180,"{""distance"":5,""physical_error_rate"":5e-05}","{""detection_events"":43160,""detectors_checked"":252067840}"
   2214912,         0,         0,   119.5,decoder_by_matrix,9c6baee88fc81e7d1aa345fcb3feec7ee81f21c5d49cb6ca037118097d89e180,"{""distance"":5,""physical_error_rate"":5e-05}","{""detection_events"":62335,""detectors_checked"":376535040}"
   2610176,         0,         0,   119.6,decoder_by_matrix,3c866087b289edc25e9adea730044a15db18cabfd3ae2507fc844d5b4e03657a,"{""distance"":5,""physical_error_rate"":5e-06}","{""detection_events"":7275,""detectors_checked"":443729920}"
   2565120,         0,         0,   119.6,decoder_by_matrix,e41ade2e4684e0396b9a3890c882b6453b515d69885aa1d89a26ce21ec554895,"{""distance"":5,""physical_error_rate"":1e-06}","{""detection_events"":1635,""detectors_checked"":436070400}"
   2377728,         0,         0,   119.6,decoder_by_matrix,fa5edda0c1038186c8afbec49b0215a0b852396cdb50783a3f937fdf51d2afac,"{""distance"":5,""physical_error_rate"":1e-05}","{""detection_events"":13580,""detectors_checked"":404213760}"
   1544192,         1,         0,   119.6,decoder_by_matrix,b84cf4b8ca220d31f17e1e2ea9ab927bbc4176b15682c650e7d1dd8f2758172b,"{""distance"":5,""physical_error_rate"":0.0005}","{""detection_events"":432710,""detectors_checked"":262512640,""obs_mistake_mask=E__E"":1}"
   1552384,         7,         0,   119.6,decoder_by_matrix,066a5d8d46981b593c3dec855f441edbe9e755a8873183448f69d036a2ecc650,"{""distance"":5,""physical_error_rate"":0.001}","{""detection_events"":887140,""detectors_checked"":263905280,""obs_mistake_mask=EEE_"":1,""obs_mistake_mask=E___"":1,""obs_mistake_mask=_EE_"":1,""obs_mistake_mask=_E__"":2,""obs_mistake_mask=__E_"":2}"
   1608704,         0,         0,   119.7,decoder_by_matrix,0421d486f8a041838688df650e87c0a19c3450ab7a7cc8b3dc589ebff86d1c74,"{""distance"":5,""physical_error_rate"":0.0001}","{""detection_events"":89700,""detectors_checked"":273479680}"
   2115584,         0,         0,   119.5,decoder_by_matrix,0421d486f8a041838688df650e87c0a19c3450ab7a7cc8b3dc589ebff86d1c74,"{""distance"":5,""physical_error_rate"":0.0001}","{""detection_events"":119940,""detectors_checked"":359649280}"
   1540096,         4,         0,   119.6,decoder_by_matrix,066a5d8d46981b593c3dec855f441edbe9e755a8873183448f69d036a2ecc650,"{""distance"":5,""physical_error_rate"":0.001}","{""detection_events"":878185,""detectors_checked"":261816320,""obs_mistake_mask=E_E_"":1,""obs_mistake_mask=_E_E"":1,""obs_mistake_mask=_E__"":1,""obs_mistake_mask=___E"":1}"
   1600512,         0,         0,   119.6,decoder_by_matrix,9c6baee88fc81e7d1aa345fcb3feec7ee81f21c5d49cb6ca037118097d89e180,"{""distance"":5,""physical_error_rate"":5e-05}","{""detection_events"":45155,""detectors_checked"":272087040}"
   2110464,         1,         0,   119.7,decoder_by_matrix,b84cf4b8ca220d31f17e1e2ea9ab927bbc4176b15682c650e7d1dd8f2758172b,"{""distance"":5,""physical_error_rate"":0.0005}","{""detection_events"":597210,""detectors_checked"":358778880,""obs_mistake_mask=_E__"":1}"
   1607680,         0,         0,   119.5,decoder_by_matrix,3c866087b289edc25e9adea730044a15db18cabfd3ae2507fc844d5b4e03657a,"{""distance"":5,""physical_error_rate"":5e-06}","{""detection_events"":4105,""detectors_checked"":273305600}"
   1630208,         0,         0,   119.6,decoder_by_matrix,fa5edda0c1038186c8afbec49b0215a0b852396cdb50783a3f937fdf51d2afac,"{""distance"":5,""physical_error_rate"":1e-05}","{""detection_events"":9330,""detectors_checked"":277135360}"
   1624064,         0,         0,   119.5,decoder_by_matrix,e41ade2e4684e0396b9a3890c882b6453b515d69885aa1d89a26ce21ec554895,"{""distance"":5,""physical_error_rate"":1e-06}","{""detection_events"":880,""detectors_checked"":276090880}"
   1559552,         0,         0,   119.6,decoder_by_matrix,b84cf4b8ca220d31f17e1e2ea9ab927bbc4176b15682c650e7d1dd8f2758172b,"{""distance"":5,""physical_error_rate"":0.0005}","{""detection_events"":444805,""detectors_checked"":265123840}"
   1628160,         0,         0,   119.6,decoder_by_matrix,e41ade2e4684e0396b9a3890c882b6453b515d69885aa1d89a26ce21ec554895,"{""distance"":5,""physical_error_rate"":1e-06}","{""detection_events"":785,""detectors_checked"":276787200}"
   1627136,         0,         0,   119.6,decoder_by_matrix,3c866087b289edc25e9adea730044a15db18cabfd3ae2507fc844d5b4e03657a,"{""distance"":5,""physical_error_rate"":5e-06}","{""detection_events"":4660,""detectors_checked"":276613120}"
   1644544,         0,         0,   119.6,decoder_by_matrix,fa5edda0c1038186c8afbec49b0215a0b852396cdb50783a3f937fdf51d2afac,"{""distance"":5,""physical_error_rate"":1e-05}","{""detection_events"":8675,""detectors_checked"":279572480}"
   1534976,         0,         0,   119.6,decoder_by_matrix,0421d486f8a041838688df650e87c0a19c3450ab7a7cc8b3dc589ebff86d1c74,"{""distance"":5,""physical_error_rate"":0.0001}","{""detection_events"":85425,""detectors_checked"":260945920}"
   1591296,         0,         0,   119.6,decoder_by_matrix,0421d486f8a041838688df650e87c0a19c3450ab7a7cc8b3dc589ebff86d1c74,"{""distance"":5,""physical_error_rate"":0.0001}","{""detection_events"":92715,""detectors_checked"":270520320}"
   1581056,         0,         0,   119.6,decoder_by_matrix,9c6baee88fc81e7d1aa345fcb3feec7ee81f21c5d49cb6ca037118097d89e180,"{""distance"":5,""physical_error_rate"":5e-05}","{""detection_events"":45150,""detectors_checked"":268779520}"
   1508352,         5,         0,   119.7,decoder_by_matrix,066a5d8d46981b593c3dec855f441edbe9e755a8873183448f69d036a2ecc650,"{""distance"":5,""physical_error_rate"":0.001}","{""detection_events"":858610,""detectors_checked"":256419840,""obs_mistake_mask=E_E_"":1,""obs_mistake_mask=E___"":1,""obs_mistake_mask=_E__"":1,""obs_mistake_mask=__EE"":1,""obs_mistake_mask=__E_"":1}"
   1640448,         0,         0,   119.7,decoder_by_matrix,fa5edda0c1038186c8afbec49b0215a0b852396cdb50783a3f937fdf51d2afac,"{""distance"":5,""physical_error_rate"":1e-05}","{""detection_events"":8675,""detectors_checked"":278876160}"
   1579008,         0,         0,   119.5,decoder_by_matrix,e41ade2e4684e0396b9a3890c882b6453b515d69885aa1d89a26ce21ec554895,"{""distance"":5,""physical_error_rate"":1e-06}","{""detection_events"":985,""detectors_checked"":268431360}"
   1483776,         0,         0,   119.6,decoder_by_matrix,0421d486f8a041838688df650e87c0a19c3450ab7a7cc8b3dc589ebff86d1c74,"{""distance"":5,""physical_error_rate"":0.0001}","{""detection_events"":87455,""detectors_checked"":252241920}"
   1622016,         0,         0,   119.6,decoder_by_matrix,e41ade2e4684e0396b9a3890c882b6453b515d69885aa1d89a26ce21ec554895,"{""distance"":5,""physical_error_rate"":1e-06}","{""detection_events"":1070,""detectors_checked"":275742720}"
   1504256,         0,         0,   119.6,decoder_by_matrix,9c6baee88fc81e7d1aa345fcb3feec7ee81f21c5d49cb6ca037118097d89e180,"{""distance"":5,""physical_error_rate"":5e-05}","{""detection_events"":44595,""detectors_checked"":255723520}"
   1538048,         0,         0,   119.6,decoder_by_matrix,fa5edda0c1038186c8afbec49b0215a0b852396cdb50783a3f937fdf51d2afac,"{""distance"":5,""physical_error_rate"":1e-05}","{""detection_events"":9015,""detectors_checked"":261468160}"
   1599488,         0,         0,   119.6,decoder_by_matrix,e41ade2e4684e0396b9a3890c882b6453b515d69885aa1d89a26ce21ec554895,"{""distance"":5,""physical_error_rate"":1e-06}","{""detection_events"":1305,""detectors_checked"":271912960}"
   1610752,         0,         0,   119.6,decoder_by_matrix,3c866087b289edc25e9adea730044a15db18cabfd3ae2507fc844d5b4e03657a,"{""distance"":5,""physical_error_rate"":5e-06}","{""detection_events"":4895,""detectors_checked"":273827840}"
   1554432,         0,         0,   119.6,decoder_by_matrix,0421d486f8a041838688df650e87c0a19c3450ab7a7cc8b3dc589ebff86d1c74,"{""distance"":5,""physical_error_rate"":0.0001}","{""detection_events"":88625,""detectors_checked"":264253440}"
   1585152,         0,         0,   119.6,decoder_by_matrix,3c866087b289edc25e9adea730044a15db18cabfd3ae2507fc844d5b4e03657a,"{""distance"":5,""physical_error_rate"":5e-06}","{""detection_events"":4170,""detectors_checked"":269475840}"
   1541120,         1,         0,   119.5,decoder_by_matrix,b84cf4b8ca220d31f17e1e2ea9ab927bbc4176b15682c650e7d1dd8f2758172b,"{""distance"":5,""physical_error_rate"":0.0005}","{""detection_events"":440005,""detectors_checked"":261990400,""obs_mistake_mask=E_EE"":1}"
   1503232,         1,         0,   119.7,decoder_by_matrix,b84cf4b8ca220d31f17e1e2ea9ab927bbc4176b15682c650e7d1dd8f2758172b,"{""distance"":5,""physical_error_rate"":0.0005}","{""detection_events"":424280,""detectors_checked"":255549440,""obs_mistake_mask=E___"":1}"
   1586176,         0,         0,   119.4,decoder_by_matrix,fa5edda0c1038186c8afbec49b0215a0b852396cdb50783a3f937fdf51d2afac,"{""distance"":5,""physical_error_rate"":1e-05}","{""detection_events"":8765,""detectors_checked"":269649920}"
   1628160,         0,         0,   119.6,decoder_by_matrix,3c866087b289edc25e9adea730044a15db18cabfd3ae2507fc844d5b4e03657a,"{""distance"":5,""physical_error_rate"":5e-06}","{""detection_events"":4595,""detectors_checked"":276787200}"
   1570816,         0,         0,   119.5,decoder_by_matrix,9c6baee88fc81e7d1aa345fcb3feec7ee81f21c5d49cb6ca037118097d89e180,"{""distance"":5,""physical_error_rate"":5e-05}","{""detection_events"":44700,""detectors_checked"":267038720}"
   1521664,         2,         0,   119.6,decoder_by_matrix,066a5d8d46981b593c3dec855f441edbe9e755a8873183448f69d036a2ecc650,"{""distance"":5,""physical_error_rate"":0.001}","{""detection_events"":858490,""detectors_checked"":258682880,""obs_mistake_mask=_E__"":1,""obs_mistake_mask=__EE"":1}"
   6856704,        10,         0,   119.2,decoder_by_matrix,066a5d8d46981b593c3dec855f441edbe9e755a8873183448f69d036a2ecc650,"{""distance"":5,""physical_error_rate"":0.001}","{""detection_events"":3900915,""detectors_checked"":1165639680,""obs_mistake_mask=E_E_"":2,""obs_mistake_mask=E___"":2,""obs_mistake_mask=_E__"":3,""obs_mistake_mask=__E_"":3}"
   1619968,         0,         0,   119.6,decoder_by_matrix,3c866087b289edc25e9adea730044a15db18cabfd3ae2507fc844d5b4e03657a,"{""distance"":5,""physical_error_rate"":5e-06}","{""detection_events"":4145,""detectors_checked"":275394560}"
   1603584,         0,         0,   119.6,decoder_by_matrix,e41ade2e4684e0396b9a3890c882b6453b515d69885aa1d89a26ce21ec554895,"{""distance"":5,""physical_error_rate"":1e-06}","{""detection_events"":905,""detectors_checked"":272609280}"
   1523712,         0,         0,   119.7,decoder_by_matrix,0421d486f8a041838688df650e87c0a19c3450ab7a7cc8b3dc589ebff86d1c74,"{""distance"":5,""physical_error_rate"":0.0001}","{""detection_events"":85655,""detectors_checked"":259031040}"
   1613824,         0,         0,   119.6,decoder_by_matrix,fa5edda0c1038186c8afbec49b0215a0b852396cdb50783a3f937fdf51d2afac,"{""distance"":5,""physical_error_rate"":1e-05}","{""detection_events"":8935,""detectors_checked"":274350080}"
   1575936,         0,         0,   119.6,decoder_by_matrix,9c6baee88fc81e7d1aa345fcb3feec7ee81f21c5d49cb6ca037118097d89e180,"{""distance"":5,""physical_error_rate"":5e-05}","{""detection_events"":43890,""detectors_checked"":267909120}"
   1558528,         0,         0,   119.5,decoder_by_matrix,b84cf4b8ca220d31f17e1e2ea9ab927bbc4176b15682c650e7d1dd8f2758172b,"{""distance"":5,""physical_error_rate"":0.0005}","{""detection_events"":442165,""detectors_checked"":264949760}"
   1551360,         0,         0,   119.4,decoder_by_matrix,b84cf4b8ca220d31f17e1e2ea9ab927bbc4176b15682c650e7d1dd8f2758172b,"{""distance"":5,""physical_error_rate"":0.0005}","{""detection_events"":437980,""detectors_checked"":263731200}"
   1557504,         2,         0,   119.5,decoder_by_matrix,066a5d8d46981b593c3dec855f441edbe9e755a8873183448f69d036a2ecc650,"{""distance"":5,""physical_error_rate"":0.001}","{""detection_events"":883280,""detectors_checked"":264775680,""obs_mistake_mask=E___"":1,""obs_mistake_mask=_E__"":1}"
   1531904,         0,         0,   119.4,decoder_by_matrix,9c6baee88fc81e7d1aa345fcb3feec7ee81f21c5d49cb6ca037118097d89e180,"{""distance"":5,""physical_error_rate"":5e-05}","{""detection_events"":43635,""detectors_checked"":260423680}"
   1972224,         0,         0,   119.7,decoder_by_matrix,9c6baee88fc81e7d1aa345fcb3feec7ee81f21c5d49cb6ca037118097d89e180,"{""distance"":5,""physical_error_rate"":5e-05}","{""detection_events"":57250,""detectors_checked"":335278080}"
   2528256,         0,         0,   119.6,decoder_by_matrix,3c866087b289edc25e9adea730044a15db18cabfd3ae2507fc844d5b4e03657a,"{""distance"":5,""physical_error_rate"":5e-06}","{""detection_events"":7280,""detectors_checked"":429803520}"
   2565120,         0,         0,   119.6,decoder_by_matrix,e41ade2e4684e0396b9a3890c882b6453b515d69885aa1d89a26ce21ec554895,"{""distance"":5,""physical_error_rate"":1e-06}","{""detection_events"":1540,""detectors_checked"":436070400}"
   2216960,         0,         0,   119.6,decoder_by_matrix,fa5edda0c1038186c8afbec49b0215a0b852396cdb50783a3f937fdf51d2afac,"{""distance"":5,""physical_error_rate"":1e-05}","{""detection_events"":12885,""detectors_checked"":376883200}"
   1559552,         0,         0,   119.5,decoder_by_matrix,b84cf4b8ca220d31f17e1e2ea9ab927bbc4176b15682c650e7d1dd8f2758172b,"{""distance"":5,""physical_error_rate"":0.0005}","{""detection_events"":449355,""detectors_checked"":265123840}"
   1773568,         0,         0,   119.5,decoder_by_matrix,0421d486f8a041838688df650e87c0a19c3450ab7a7cc8b3dc589ebff86d1c74,"{""distance"":5,""physical_error_rate"":0.0001}","{""detection_events"":99585,""detectors_checked"":301506560}"
   1601536,         0,         0,   119.5,decoder_by_matrix,0421d486f8a041838688df650e87c0a19c3450ab7a7cc8b3dc589ebff86d1c74,"{""distance"":5,""physical_error_rate"":0.0001}","{""detection_events"":93985,""detectors_checked"":272261120}"
   1551360,         4,         0,   119.6,decoder_by_matrix,066a5d8d46981b593c3dec855f441edbe9e755a8873183448f69d036a2ecc650,"{""distance"":5,""physical_error_rate"":0.001}","{""detection_events"":883535,""detectors_checked"":263731200,""obs_mistake_mask=EE_E"":1,""obs_mistake_mask=EE__"":1,""obs_mistake_mask=E_EE"":1,""obs_mistake_mask=_EEE"":1}"
   1570816,         5,         0,   119.6,decoder_by_matrix,066a5d8d46981b593c3dec855f441edbe9e755a8873183448f69d036a2ecc650,"{""distance"":5,""physical_error_rate"":0.001}","{""detection_events"":889300,""detectors_checked"":267038720,""obs_mistake_mask=E_E_"":1,""obs_mistake_mask=E___"":2,""obs_mistake_mask=__EE"":1,""obs_mistake_mask=___E"":1}"
   1970176,         1,         0,   119.6,decoder_by_matrix,b84cf4b8ca220d31f17e1e2ea9ab927bbc4176b15682c650e7d1dd8f2758172b,"{""distance"":5,""physical_error_rate"":0.0005}","{""detection_events"":562595,""detectors_checked"":334929920,""obs_mistake_mask=E__E"":1}"
   1613824,         0,         0,   119.6,decoder_by_matrix,9c6baee88fc81e7d1aa345fcb3feec7ee81f21c5d49cb6ca037118097d89e180,"{""distance"":5,""physical_error_rate"":5e-05}","{""detection_events"":45055,""detectors_checked"":274350080}"
   1620992,         0,         0,   119.5,decoder_by_matrix,3c866087b289edc25e9adea730044a15db18cabfd3ae2507fc844d5b4e03657a,"{""distance"":5,""physical_error_rate"":5e-06}","{""detection_events"":4875,""detectors_checked"":275568640}"
   1630208,         0,         0,   119.5,decoder_by_matrix,fa5edda0c1038186c8afbec49b0215a0b852396cdb50783a3f937fdf51d2afac,"{""distance"":5,""physical_error_rate"":1e-05}","{""detection_events"":9250,""detectors_checked"":277135360}"
   1640448,         0,         0,   119.6,decoder_by_matrix,e41ade2e4684e0396b9a3890c882b6453b515d69885aa1d89a26ce21ec554895,"{""distance"":5,""physical_error_rate"":1e-06}","{""detection_events"":815,""detectors_checked"":278876160}"
   1585152,         2,         0,   119.7,decoder_by_matrix,b84cf4b8ca220d31f17e1e2ea9ab927bbc4176b15682c650e7d1dd8f2758172b,"{""distance"":5,""physical_error_rate"":0.0005}","{""detection_events"":448835,""detectors_checked"":269475840,""obs_mistake_mask=_EEE"":1,""obs_mistake_mask=___E"":1}"
   1651712,         0,         0,   119.6,decoder_by_matrix,e41ade2e4684e0396b9a3890c882b6453b515d69885aa1d89a26ce21ec554895,"{""distance"":5,""physical_error_rate"":1e-06}","{""detection_events"":1125,""detectors_checked"":280791040}"
   1644544,         0,         0,   119.6,decoder_by_matrix,3c866087b289edc25e9adea730044a15db18cabfd3ae2507fc844d5b4e03657a,"{""distance"":5,""physical_error_rate"":5e-06}","{""detection_events"":3870,""detectors_checked"":279572480}"
   1643520,         0,         0,   119.5,decoder_by_matrix,fa5edda0c1038186c8afbec49b0215a0b852396cdb50783a3f937fdf51d2afac,"{""distance"":5,""physical_error_rate"":1e-05}","{""detection_events"":9215,""detectors_checked"":279398400}"
   1542144,         0,         0,   119.6,decoder_by_matrix,0421d486f8a041838688df650e87c0a19c3450ab7a7cc8b3dc589ebff86d1c74,"{""distance"":5,""physical_error_rate"":0.0001}","{""detection_events"":88025,""detectors_checked"":262164480}"
   1591296,         0,         0,   119.5,decoder_by_matrix,0421d486f8a041838688df650e87c0a19c3450ab7a7cc8b3dc589ebff86d1c74,"{""distance"":5,""physical_error_rate"":0.0001}","{""detection_events"":91445,""detectors_checked"":270520320}"
   1595392,         0,         0,   119.4,decoder_by_matrix,9c6baee88fc81e7d1aa345fcb3feec7ee81f21c5d49cb6ca037118097d89e180,"{""distance"":5,""physical_error_rate"":5e-05}","{""detection_events"":45020,""detectors_checked"":271216640}"
   1544192,         3,         0,   119.6,decoder_by_matrix,066a5d8d46981b593c3dec855f441edbe9e755a8873183448f69d036a2ecc650,"{""distance"":5,""physical_error_rate"":0.001}","{""detection_events"":873305,""detectors_checked"":262512640,""obs_mistake_mask=E__E"":1,""obs_mistake_mask=E___"":1,""obs_mistake_mask=_E__"":1}"
   1623040,         0,         0,   119.5,decoder_by_matrix,fa5edda0c1038186c8afbec49b0215a0b852396cdb50783a3f937fdf51d2afac,"{""distance"":5,""physical_error_rate"":1e-05}","{""detection_events"":8900,""detectors_checked"":275916800}"
   1651712,         0,         0,   119.6,decoder_by_matrix,e41ade2e4684e0396b9a3890c882b6453b515d69885aa1d89a26ce21ec554895,"{""distance"":5,""physical_error_rate"":1e-06}","{""detection_events"":1070,""detectors_checked"":280791040}"
   1551360,         0,         0,   119.8,decoder_by_matrix,0421d486f8a041838688df650e87c0a19c3450ab7a7cc8b3dc589ebff86d1c74,"{""distance"":5,""physical_error_rate"":0.0001}","{""detection_events"":87115,""detectors_checked"":263731200}"
   1611776,         0,         0,   119.6,decoder_by_matrix,e41ade2e4684e0396b9a3890c882b6453b515d69885aa1d89a26ce21ec554895,"{""distance"":5,""physical_error_rate"":1e-06}","{""detection_events"":635,""detectors_checked"":274001920}"
   1582080,         0,         0,   119.4,decoder_by_matrix,9c6baee88fc81e7d1aa345fcb3feec7ee81f21c5d49cb6ca037118097d89e180,"{""distance"":5,""physical_error_rate"":5e-05}","{""detection_events"":45995,""detectors_checked"":268953600}"
   1609728,         0,         0,   119.6,decoder_by_matrix,fa5edda0c1038186c8afbec49b0215a0b852396cdb50783a3f937fdf51d2afac,"{""distance"":5,""physical_error_rate"":1e-05}","{""detection_events"":8775,""detectors_checked"":273653760}"
   1639424,         0,         0,   119.6,decoder_by_matrix,e41ade2e4684e0396b9a3890c882b6453b515d69885aa1d89a26ce21ec554895,"{""distance"":5,""physical_error_rate"":1e-06}","{""detection_events"":875,""detectors_checked"":278702080}"
   1670144,         0,         0,   119.6,decoder_by_matrix,3c866087b289edc25e9adea730044a15db18cabfd3ae2507fc844d5b4e03657a,"{""distance"":5,""physical_error_rate"":5e-06}","{""detection_events"":4525,""detectors_checked"":283924480}"
   1551360,         0,         0,   119.7,decoder_by_matrix,0421d486f8a041838688df650e87c0a19c3450ab7a7cc8b3dc589ebff86d1c74,"{""distance"":5,""physical_error_rate"":0.0001}","{""detection_events"":86200,""detectors_checked"":263731200}"
   1585152,         0,         0,   119.7,decoder_by_matrix,3c866087b289edc25e9adea730044a15db18cabfd3ae2507fc844d5b4e03657a,"{""distance"":5,""physical_error_rate"":5e-06}","{""detection_events"":3745,""detectors_checked"":269475840}"
   1552384,         0,         0,   119.6,decoder_by_matrix,b84cf4b8ca220d31f17e1e2ea9ab927bbc4176b15682c650e7d1dd8f2758172b,"{""distance"":5,""physical_error_rate"":0.0005}","{""detection_events"":437305,""detectors_checked"":263905280}"
   1562624,         0,         0,   119.6,decoder_by_matrix,b84cf4b8ca220d31f17e1e2ea9ab927bbc4176b15682c650e7d1dd8f2758172b,"{""distance"":5,""physical_error_rate"":0.0005}","{""detection_events"":444195,""detectors_checked"":265646080}"
   1609728,         0,         0,   119.6,decoder_by_matrix,fa5edda0c1038186c8afbec49b0215a0b852396cdb50783a3f937fdf51d2afac,"{""distance"":5,""physical_error_rate"":1e-05}","{""detection_events"":9435,""detectors_checked"":273653760}"
   1635328,         0,         0,   119.6,decoder_by_matrix,3c866087b289edc25e9adea730044a15db18cabfd3ae2507fc844d5b4e03657a,"{""distance"":5,""physical_error_rate"":5e-06}","{""detection_events"":4445,""detectors_checked"":278005760}"
   1558528,         0,         0,   119.5,decoder_by_matrix,9c6baee88fc81e7d1aa345fcb3feec7ee81f21c5d49cb6ca037118097d89e180,"{""distance"":5,""physical_error_rate"":5e-05}","{""detection_events"":43260,""detectors_checked"":264949760}"
   1524736,         0,         0,   119.7,decoder_by_matrix,066a5d8d46981b593c3dec855f441edbe9e755a8873183448f69d036a2ecc650,"{""distance"":5,""physical_error_rate"":0.001}","{""detection_events"":864670,""detectors_checked"":259205120}"
   7709696,        15,         0,   119.0,decoder_by_matrix,066a5d8d46981b593c3dec855f441edbe9e755a8873183448f69d036a2ecc650,"{""distance"":5,""physical_error_rate"":0.001}","{""detection_events"":4388850,""detectors_checked"":1310648320,""obs_mistake_mask=EE__"":1,""obs_mistake_mask=E_E_"":1,""obs_mistake_mask=E__E"":2,""obs_mistake_mask=E___"":7,""obs_mistake_mask=_EEE"":1,""obs_mistake_mask=__E_"":2,""obs_mistake_mask=___E"":1}"
   1681408,         0,         0,   119.6,decoder_by_matrix,3c866087b289edc25e9adea730044a15db18cabfd3ae2507fc844d5b4e03657a,"{""distance"":5,""physical_error_rate"":5e-06}","{""detection_events"":4490,""detectors_checked"":285839360}"
   1676288,         0,         0,   119.7,decoder_by_matrix,e41ade2e4684e0396b9a3890c882b6453b515d69885aa1d89a26ce21ec554895,"{""distance"":5,""physical_error_rate"":1e-06}","{""detection_events"":965,""detectors_checked"":284968960}"
   1579008,         0,         0,   119.6,decoder_by_matrix,0421d486f8a041838688df650e87c0a19c3450ab7a7cc8b3dc589ebff86d1c74,"{""distance"":5,""physical_error_rate"":0.0001}","{""detection_events"":89950,""detectors_checked"":268431360}"
   1628160,         0,         0,   119.5,decoder_by_matrix,fa5edda0c1038186c8afbec49b0215a0b852396cdb50783a3f937fdf51d2afac,"{""distance"":5,""physical_error_rate"":1e-05}","{""detection_events"":9445,""detectors_checked"":276787200}"
   1602560,         0,         0,   119.6,decoder_by_matrix,9c6baee88fc81e7d1aa345fcb3feec7ee81f21c5d49cb6ca037118097d89e180,"{""distance"":5,""physical_error_rate"":5e-05}","{""detection_events"":47180,""detectors_checked"":272435200}"
   1607680,         0,         0,   119.6,decoder_by_matrix,b84cf4b8ca220d31f17e1e2ea9ab927bbc4176b15682c650e7d1dd8f2758172b,"{""distance"":5,""physical_error_rate"":0.0005}","{""detection_events"":453305,""detectors_checked"":273305600}"
   1529856,         0,         0,   119.7,decoder_by_matrix,b84cf4b8ca220d31f17e1e2ea9ab927bbc4176b15682c650e7d1dd8f2758172b,"{""distance"":5,""physical_error_rate"":0.0005}","{""detection_events"":433370,""detectors_checked"":260075520}"
   1565696,         4,         0,   119.7,decoder_by_matrix,066a5d8d46981b593c3dec855f441edbe9e755a8873183448f69d036a2ecc650,"{""distance"":5,""physical_error_rate"":0.001}","{""detection_events"":893820,""detectors_checked"":266168320,""obs_mistake_mask=E_E_"":1,""obs_mistake_mask=_EE_"":1,""obs_mistake_mask=__EE"":1,""obs_mistake_mask=___E"":1}"
   1550336,         0,         0,   119.6,decoder_by_matrix,9c6baee88fc81e7d1aa345fcb3feec7ee81f21c5d49cb6ca037118097d89e180,"{""distance"":5,""physical_error_rate"":5e-05}","{""detection_events"":44715,""detectors_checked"":263557120}"
   1953792,         0,         0,   119.6,decoder_by_matrix,9c6baee88fc81e7d1aa345fcb3feec7ee81f21c5d49cb6ca037118097d89e180,"{""distance"":5,""physical_error_rate"":5e-05}","{""detection_events"":56790,""detectors_checked"":332144640}"
   2437120,         0,         0,   119.6,decoder_by_matrix,3c866087b289edc25e9adea730044a15db18cabfd3ae2507fc844d5b4e03657a,"{""distance"":5,""physical_error_rate"":5e-06}","{""detection_events"":7550,""detectors_checked"":414310400}"
   2453504,         0,         0,   119.6,decoder_by_matrix,e41ade2e4684e0396b9a3890c882b6453b515d69885aa1d89a26ce21ec554895,"{""distance"":5,""physical_error_rate"":1e-06}","{""detection_events"":1245,""detectors_checked"":417095680}"
   2244608,         0,         0,   119.7,decoder_by_matrix,fa5edda0c1038186c8afbec49b0215a0b852396cdb50783a3f937fdf51d2afac,"{""distance"":5,""physical_error_rate"":1e-05}","{""detection_events"":13030,""detectors_checked"":381583360}"
   1592320,         0,         0,   119.5,decoder_by_matrix,b84cf4b8ca220d31f17e1e2ea9ab927bbc4176b15682c650e7d1dd8f2758172b,"{""distance"":5,""physical_error_rate"":0.0005}","{""detection_events"":454590,""detectors_checked"":270694400}"
   1721344,         0,         0,   119.6,decoder_by_matrix,0421d486f8a041838688df650e87c0a19c3450ab7a7cc8b3dc589ebff86d1c74,"{""distance"":5,""physical_error_rate"":0.0001}","{""detection_events"":100945,""detectors_checked"":292628480}"
   1781760,         0,         0,   119.6,decoder_by_matrix,0421d486f8a041838688df650e87c0a19c3450ab7a7cc8b3dc589ebff86d1c74,"{""distance"":5,""physical_error_rate"":0.0001}","{""detection_events"":103420,""detectors_checked"":302899200}"
   1626112,         4,         0,   119.6,decoder_by_matrix,066a5d8d46981b593c3dec855f441edbe9e755a8873183448f69d036a2ecc650,"{""distance"":5,""physical_error_rate"":0.001}","{""detection_events"":926365,""detectors_checked"":276439040,""obs_mistake_mask=_EE_"":1,""obs_mistake_mask=_E__"":2,""obs_mistake_mask=___E"":1}"
   1596416,         1,         0,   119.5,decoder_by_matrix,066a5d8d46981b593c3dec855f441edbe9e755a8873183448f69d036a2ecc650,"{""distance"":5,""physical_error_rate"":0.001}","{""detection_events"":909065,""detectors_checked"":271390720,""obs_mistake_mask=E___"":1}"
   1718272,         1,         0,   119.5,decoder_by_matrix,b84cf4b8ca220d31f17e1e2ea9ab927bbc4176b15682c650e7d1dd8f2758172b,"{""distance"":5,""physical_error_rate"":0.0005}","{""detection_events"":489050,""detectors_checked"":292106240,""obs_mistake_mask=__E_"":1}"
   1633280,         0,         0,   119.5,decoder_by_matrix,9c6baee88fc81e7d1aa345fcb3feec7ee81f21c5d49cb6ca037118097d89e180,"{""distance"":5,""physical_error_rate"":5e-05}","{""detection_events"":47320,""detectors_checked"":277657600}"
   1625088,         0,         0,   119.6,decoder_by_matrix,3c866087b289edc25e9adea730044a15db18cabfd3ae2507fc844d5b4e03657a,"{""distance"":5,""physical_error_rate"":5e-06}","{""detection_events"":4755,""detectors_checked"":276264960}"
   1632256,         0,         0,   119.5,decoder_by_matrix,fa5edda0c1038186c8afbec49b0215a0b852396cdb50783a3f937fdf51d2afac,"{""distance"":5,""physical_error_rate"":1e-05}","{""detection_events"":9495,""detectors_checked"":277483520}"
   1628160,         0,         0,   119.7,decoder_by_matrix,e41ade2e4684e0396b9a3890c882b6453b515d69885aa1d89a26ce21ec554895,"{""distance"":5,""physical_error_rate"":1e-06}","{""detection_events"":870,""detectors_checked"":276787200}"
   1597440,         0,         0,   119.4,decoder_by_matrix,b84cf4b8ca220d31f17e1e2ea9ab927bbc4176b15682c650e7d1dd8f2758172b,"{""distance"":5,""physical_error_rate"":0.0005}","{""detection_events"":460335,""detectors_checked"":271564800}"
   1648640,         0,         0,   119.6,decoder_by_matrix,e41ade2e4684e0396b9a3890c882b6453b515d69885aa1d89a26ce21ec554895,"{""distance"":5,""physical_error_rate"":1e-06}","{""detection_events"":915,""detectors_checked"":280268800}"
   1635328,         0,         0,   119.6,decoder_by_matrix,3c866087b289edc25e9adea730044a15db18cabfd3ae2507fc844d5b4e03657a,"{""distance"":5,""physical_error_rate"":5e-06}","{""detection_events"":4800,""detectors_checked"":278005760}"
   1670144,         0,         0,   119.6,decoder_by_matrix,fa5edda0c1038186c8afbec49b0215a0b852396cdb50783a3f937fdf51d2afac,"{""distance"":5,""physical_error_rate"":1e-05}","{""detection_events"":9185,""detectors_checked"":283924480}"
   1525760,         0,         0,   119.6,decoder_by_matrix,0421d486f8a041838688df650e87c0a19c3450ab7a7cc8b3dc589ebff86d1c74,"{""distance"":5,""physical_error_rate"":0.0001}","{""detection_events"":86435,""detectors_checked"":259379200}"
   1582080,         0,         0,   119.5,decoder_by_matrix,9c6baee88fc81e7d1aa345fcb3feec7ee81f21c5d49cb6ca037118097d89e180,"{""distance"":5,""physical_error_rate"":5e-05}","{""detection_events"":46195,""detectors_checked"":268953600}"
   1575936,         0,         0,   119.6,decoder_by_matrix,0421d486f8a041838688df650e87c0a19c3450ab7a7cc8b3dc589ebff86d1c74,"{""distance"":5,""physical_error_rate"":0.0001}","{""detection_events"":90670,""detectors_checked"":267909120}"
   1529856,         3,         0,   119.6,decoder_by_matrix,066a5d8d46981b593c3dec855f441edbe9e755a8873183448f69d036a2ecc650,"{""distance"":5,""physical_error_rate"":0.001}","{""detection_events"":861315,""detectors_checked"":260075520,""obs_mistake_mask=E__E"":1,""obs_mistake_mask=E___"":1,""obs_mistake_mask=_E_E"":1}"
   1636352,         0,         0,   119.5,decoder_by_matrix,fa5edda0c1038186c8afbec49b0215a0b852396cdb50783a3f937fdf51d2afac,"{""distance"":5,""physical_error_rate"":1e-05}","{""detection_events"":8955,""detectors_checked"":278179840}"
   1703936,         0,         0,   119.7,decoder_by_matrix,e41ade2e4684e0396b9a3890c882b6453b515d69885aa1d89a26ce21ec554895,"{""distance"":5,""physical_error_rate"":1e-06}","{""detection_events"":1060,""detectors_checked"":289669120}"
   1560576,         0,         0,   119.6,decoder_by_matrix,0421d486f8a041838688df650e87c0a19c3450ab7a7cc8b3dc589ebff86d1c74,"{""distance"":5,""physical_error_rate"":0.0001}","{""detection_events"":88425,""detectors_checked"":265297920}"
   1591296,         0,         0,   119.5,decoder_by_matrix,e41ade2e4684e0396b9a3890c882b6453b515d69885aa1d89a26ce21ec554895,"{""distance"":5,""physical_error_rate"":1e-06}","{""detection_events"":835,""detectors_checked"":270520320}"
   1559552,         0,         0,   119.6,decoder_by_matrix,9c6baee88fc81e7d1aa345fcb3feec7ee81f21c5d49cb6ca037118097d89e180,"{""distance"":5,""physical_error_rate"":5e-05}","{""detection_events"":46055,""detectors_checked"":265123840}"
   1633280,         0,         0,   119.6,decoder_by_matrix,fa5edda0c1038186c8afbec49b0215a0b852396cdb50783a3f937fdf51d2afac,"{""distance"":5,""physical_error_rate"":1e-05}","{""detection_events"":8345,""detectors_checked"":277657600}"
   1679360,         0,         0,   119.6,decoder_by_matrix,e41ade2e4684e0396b9a3890c882b6453b515d69885aa1d89a26ce21ec554895,"{""distance"":5,""physical_error_rate"":1e-06}","{""detection_events"":1085,""detectors_checked"":285491200}"
   1681408,         0,         0,   119.7,decoder_by_matrix,3c866087b289edc25e9adea730044a15db18cabfd3ae2507fc844d5b4e03657a,"{""distance"":5,""physical_error_rate"":5e-06}","{""detection_events"":4860,""detectors_checked"":285839360}"
   1590272,         0,         0,   119.5,decoder_by_matrix,3c866087b289edc25e9adea730044a15db18cabfd3ae2507fc844d5b4e03657a,"{""distance"":5,""physical_error_rate"":5e-06}","{""detection_events"":4940,""detectors_checked"":270346240}"
   1562624,         0,         0,   119.6,decoder_by_matrix,0421d486f8a041838688df650e87c0a19c3450ab7a7cc8b3dc589ebff86d1c74,"{""distance"":5,""physical_error_rate"":0.0001}","{""detection_events"":89325,""detectors_checked"":265646080}"
   1527808,         1,         0,   119.6,decoder_by_matrix,b84cf4b8ca220d31f17e1e2ea9ab927bbc4176b15682c650e7d1dd8f2758172b,"{""distance"":5,""physical_error_rate"":0.0005}","{""detection_events"":435855,""detectors_checked"":259727360,""obs_mistake_mask=___E"":1}"
   1534976,         0,         0,   119.5,decoder_by_matrix,b84cf4b8ca220d31f17e1e2ea9ab927bbc4176b15682c650e7d1dd8f2758172b,"{""distance"":5,""physical_error_rate"":0.0005}","{""detection_events"":430780,""detectors_checked"":260945920}"
   1609728,         0,         0,   119.6,decoder_by_matrix,fa5edda0c1038186c8afbec49b0215a0b852396cdb50783a3f937fdf51d2afac,"{""distance"":5,""physical_error_rate"":1e-05}","{""detection_events"":8865,""detectors_checked"":273653760}"
   1626112,         0,         0,   119.6,decoder_by_matrix,3c866087b289edc25e9adea730044a15db18cabfd3ae2507fc844d5b4e03657a,"{""distance"":5,""physical_error_rate"":5e-06}","{""detection_events"":4935,""detectors_checked"":276439040}"
   1579008,         0,         0,   119.7,decoder_by_matrix,9c6baee88fc81e7d1aa345fcb3feec7ee81f21c5d49cb6ca037118097d89e180,"{""distance"":5,""physical_error_rate"":5e-05}","{""detection_events"":44075,""detectors_checked"":268431360}"
   1560576,         2,         0,   119.6,decoder_by_matrix,066a5d8d46981b593c3dec855f441edbe9e755a8873183448f69d036a2ecc650,"{""distance"":5,""physical_error_rate"":0.001}","{""detection_events"":885245,""detectors_checked"":265297920,""obs_mistake_mask=_E__"":1,""obs_mistake_mask=__EE"":1}"
   6984704,        14,         0,   119.1,decoder_by_matrix,066a5d8d46981b593c3dec855f441edbe9e755a8873183448f69d036a2ecc650,"{""distance"":5,""physical_error_rate"":0.001}","{""detection_events"":3960065,""detectors_checked"":1187399680,""obs_mistake_mask=EEE_"":1,""obs_mistake_mask=EE_E"":1,""obs_mistake_mask=EE__"":1,""obs_mistake_mask=E_EE"":1,""obs_mistake_mask=E_E_"":1,""obs_mistake_mask=E__E"":2,""obs_mistake_mask=E___"":2,""obs_mistake_mask=_EE_"":1,""obs_mistake_mask=_E__"":3,""obs_mistake_mask=___E"":1}"
   1637376,         0,         0,   119.6,decoder_by_matrix,3c866087b289edc25e9adea730044a15db18cabfd3ae2507fc844d5b4e03657a,"{""distance"":5,""physical_error_rate"":5e-06}","{""detection_events"":4225,""detectors_checked"":278353920}"
   1636352,         0,         0,   119.6,decoder_by_matrix,e41ade2e4684e0396b9a3890c882b6453b515d69885aa1d89a26ce21ec554895,"{""distance"":5,""physical_error_rate"":1e-06}","{""detection_events"":1070,""detectors_checked"":278179840}"
   1491968,         0,         0,   119.7,decoder_by_matrix,0421d486f8a041838688df650e87c0a19c3450ab7a7cc8b3dc589ebff86d1c74,"{""distance"":5,""physical_error_rate"":0.0001}","{""detection_events"":84135,""detectors_checked"":253634560}"
   1646592,         0,         0,   119.6,decoder_by_matrix,fa5edda0c1038186c8afbec49b0215a0b852396cdb50783a3f937fdf51d2afac,"{""distance"":5,""physical_error_rate"":1e-05}","{""detection_events"":9970,""detectors_checked"":279920640}"
   1516544,         0,         0,   119.6,decoder_by_matrix,9c6baee88fc81e7d1aa345fcb3feec7ee81f21c5d49cb6ca037118097d89e180,"{""distance"":5,""physical_error_rate"":5e-05}","{""detection_events"":42365,""detectors_checked"":257812480}"
   1568768,         1,         0,   119.6,decoder_by_matrix,b84cf4b8ca220d31f17e1e2ea9ab927bbc4176b15682c650e7d1dd8f2758172b,"{""distance"":5,""physical_error_rate"":0.0005}","{""detection_events"":442250,""detectors_checked"":266690560,""obs_mistake_mask=__E_"":1}"
   1573888,         0,         0,   119.5,decoder_by_matrix,b84cf4b8ca220d31f17e1e2ea9ab927bbc4176b15682c650e7d1dd8f2758172b,"{""distance"":5,""physical_error_rate"":0.0005}","{""detection_events"":449265,""detectors_checked"":267560960}"
   1558528,         3,         0,   119.5,decoder_by_matrix,066a5d8d46981b593c3dec855f441edbe9e755a8873183448f69d036a2ecc650,"{""distance"":5,""physical_error_rate"":0.001}","{""detection_events"":886555,""detectors_checked"":264949760,""obs_mistake_mask=E_E_"":1,""obs_mistake_mask=_EEE"":1,""obs_mistake_mask=__E_"":1}"
   1511424,         0,         0,   119.7,decoder_by_matrix,9c6baee88fc81e7d1aa345fcb3feec7ee81f21c5d49cb6ca037118097d89e180,"{""distance"":5,""physical_error_rate"":5e-05}","{""detection_events"":43535,""detectors_checked"":256942080}"
   2108416,         0,         0,   119.6,decoder_by_matrix,9c6baee88fc81e7d1aa345fcb3feec7ee81f21c5d49cb6ca037118097d89e180,"{""distance"":5,""physical_error_rate"":5e-05}","{""detection_events"":58175,""detectors_checked"":358430720}"
   2409472,         0,         0,   119.7,decoder_by_matrix,3c866087b289edc25e9adea730044a15db18cabfd3ae2507fc844d5b4e03657a,"{""distance"":5,""physical_error_rate"":5e-06}","{""detection_events"":7560,""detectors_checked"":409610240}"
   2529280,         0,         0,   119.5,decoder_by_matrix,e41ade2e4684e0396b9a3890c882b6453b515d69885aa1d89a26ce21ec554895,"{""distance"":5,""physical_error_rate"":1e-06}","{""detection_events"":1365,""detectors_checked"":429977600}"
   2351104,         0,         0,   119.6,decoder_by_matrix,fa5edda0c1038186c8afbec49b0215a0b852396cdb50783a3f937fdf51d2afac,"{""distance"":5,""physical_error_rate"":1e-05}","{""detection_events"":14100,""detectors_checked"":399687680}"
   1568768,         0,         0,   119.5,decoder_by_matrix,b84cf4b8ca220d31f17e1e2ea9ab927bbc4176b15682c650e7d1dd8f2758172b,"{""distance"":5,""physical_error_rate"":0.0005}","{""detection_events"":442240,""detectors_checked"":266690560}"
   1612800,         0,         0,   119.6,decoder_by_matrix,0421d486f8a041838688df650e87c0a19c3450ab7a7cc8b3dc589ebff86d1c74,"{""distance"":5,""physical_error_rate"":0.0001}","{""detection_events"":91365,""detectors_checked"":274176000}"
   1569792,         3,         0,   119.6,decoder_by_matrix,066a5d8d46981b593c3dec855f441edbe9e755a8873183448f69d036a2ecc650,"{""distance"":5,""physical_error_rate"":0.001}","{""detection_events"":892130,""detectors_checked"":266864640,""obs_mistake_mask=_EE_"":1,""obs_mistake_mask=__EE"":1,""obs_mistake_mask=__E_"":1}"
   1971200,         0,         0,   119.7,decoder_by_matrix,0421d486f8a041838688df650e87c0a19c3450ab7a7cc8b3dc589ebff86d1c74,"{""distance"":5,""physical_error_rate"":0.0001}","{""detection_events"":113940,""detectors_checked"":335104000}"
   1569792,         3,         0,   119.6,decoder_by_matrix,066a5d8d46981b593c3dec855f441edbe9e755a8873183448f69d036a2ecc650,"{""distance"":5,""physical_error_rate"":0.001}","{""detection_events"":892385,""detectors_checked"":266864640,""obs_mistake_mask=E___"":2,""obs_mistake_mask=_E__"":1}"
   1974272,         1,         0,   119.6,decoder_by_matrix,b84cf4b8ca220d31f17e1e2ea9ab927bbc4176b15682c650e7d1dd8f2758172b,"{""distance"":5,""physical_error_rate"":0.0005}","{""detection_events"":563185,""detectors_checked"":335626240,""obs_mistake_mask=_E_E"":1}"
   1598464,         0,         0,   119.6,decoder_by_matrix,9c6baee88fc81e7d1aa345fcb3feec7ee81f21c5d49cb6ca037118097d89e180,"{""distance"":5,""physical_error_rate"":5e-05}","{""detection_events"":45865,""detectors_checked"":271738880}"
   1620992,         0,         0,   119.5,decoder_by_matrix,3c866087b289edc25e9adea730044a15db18cabfd3ae2507fc844d5b4e03657a,"{""distance"":5,""physical_error_rate"":5e-06}","{""detection_events"":4220,""detectors_checked"":275568640}"
   1623040,         0,         0,   119.4,decoder_by_matrix,fa5edda0c1038186c8afbec49b0215a0b852396cdb50783a3f937fdf51d2afac,"{""distance"":5,""physical_error_rate"":1e-05}","{""detection_events"":9415,""detectors_checked"":275916800}"
   1630208,         0,         0,   119.6,decoder_by_matrix,e41ade2e4684e0396b9a3890c882b6453b515d69885aa1d89a26ce21ec554895,"{""distance"":5,""physical_error_rate"":1e-06}","{""detection_events"":1495,""detectors_checked"":277135360}"
   1566720,         1,         0,   119.6,decoder_by_matrix,b84cf4b8ca220d31f17e1e2ea9ab927bbc4176b15682c650e7d1dd8f2758172b,"{""distance"":5,""physical_error_rate"":0.0005}","{""detection_events"":440970,""detectors_checked"":266342400,""obs_mistake_mask=___E"":1}"
   1629184,         0,         0,   119.7,decoder_by_matrix,e41ade2e4684e0396b9a3890c882b6453b515d69885aa1d89a26ce21ec554895,"{""distance"":5,""physical_error_rate"":1e-06}","{""detection_events"":1060,""detectors_checked"":276961280}"
   1664000,         0,         0,   119.5,decoder_by_matrix,3c866087b289edc25e9adea730044a15db18cabfd3ae2507fc844d5b4e03657a,"{""distance"":5,""physical_error_rate"":5e-06}","{""detection_events"":4555,""detectors_checked"":282880000}"
   1660928,         0,         0,   119.7,decoder_by_matrix,fa5edda0c1038186c8afbec49b0215a0b852396cdb50783a3f937fdf51d2afac,"{""distance"":5,""physical_error_rate"":1e-05}","{""detection_events"":9435,""detectors_checked"":282357760}"
   1490944,         0,         0,   119.6,decoder_by_matrix,0421d486f8a041838688df650e87c0a19c3450ab7a7cc8b3dc589ebff86d1c74,"{""distance"":5,""physical_error_rate"":0.0001}","{""detection_events"":84635,""detectors_checked"":253460480}"
   1594368,         0,         0,   119.6,decoder_by_matrix,9c6baee88fc81e7d1aa345fcb3feec7ee81f21c5d49cb6ca037118097d89e180,"{""distance"":5,""physical_error_rate"":5e-05}","{""detection_events"":46485,""detectors_checked"":271042560}"
   1587200,         0,         0,   119.6,decoder_by_matrix,0421d486f8a041838688df650e87c0a19c3450ab7a7cc8b3dc589ebff86d1c74,"{""distance"":5,""physical_error_rate"":0.0001}","{""detection_events"":90385,""detectors_checked"":269824000}"
   1511424,         2,         0,   119.6,decoder_by_matrix,066a5d8d46981b593c3dec855f441edbe9e755a8873183448f69d036a2ecc650,"{""distance"":5,""physical_error_rate"":0.001}","{""detection_events"":868260,""detectors_checked"":256942080,""obs_mistake_mask=E__E"":1,""obs_mistake_mask=__E_"":1}"
   1560576,         0,         0,   119.6,decoder_by_matrix,fa5edda0c1038186c8afbec49b0215a0b852396cdb50783a3f937fdf51d2afac,"{""distance"":5,""physical_error_rate"":1e-05}","{""detection_events"":8600,""detectors_checked"":265297920}"
   1598464,         0,         0,   119.6,decoder_by_matrix,e41ade2e4684e0396b9a3890c882b6453b515d69885aa1d89a26ce21ec554895,"{""distance"":5,""physical_error_rate"":1e-06}","{""detection_events"":880,""detectors_checked"":271738880}"
   1560576,         0,         0,   119.5,decoder_by_matrix,0421d486f8a041838688df650e87c0a19c3450ab7a7cc8b3dc589ebff86d1c74,"{""distance"":5,""physical_error_rate"":0.0001}","{""detection_events"":89335,""detectors_checked"":265297920}"
   1607680,         0,         0,   119.6,decoder_by_matrix,e41ade2e4684e0396b9a3890c882b6453b515d69885aa1d89a26ce21ec554895,"{""distance"":5,""physical_error_rate"":1e-06}","{""detection_events"":835,""detectors_checked"":273305600}"
   1496064,         0,         0,   119.6,decoder_by_matrix,9c6baee88fc81e7d1aa345fcb3feec7ee81f21c5d49cb6ca037118097d89e180,"{""distance"":5,""physical_error_rate"":5e-05}","{""detection_events"":43680,""detectors_checked"":254330880}"
   1608704,         0,         0,   119.6,decoder_by_matrix,fa5edda0c1038186c8afbec49b0215a0b852396cdb50783a3f937fdf51d2afac,"{""distance"":5,""physical_error_rate"":1e-05}","{""detection_events"":9005,""detectors_checked"":273479680}"
   1604608,         0,         0,   119.4,decoder_by_matrix,e41ade2e4684e0396b9a3890c882b6453b515d69885aa1d89a26ce21ec554895,"{""distance"":5,""physical_error_rate"":1e-06}","{""detection_events"":1010,""detectors_checked"":272783360}"
   1653760,         0,         0,   119.7,decoder_by_matrix,3c866087b289edc25e9adea730044a15db18cabfd3ae2507fc844d5b4e03657a,"{""distance"":5,""physical_error_rate"":5e-06}","{""detection_events"":4200,""detectors_checked"":281139200}"
   1622016,         0,         0,   119.5,decoder_by_matrix,3c866087b289edc25e9adea730044a15db18cabfd3ae2507fc844d5b4e03657a,"{""distance"":5,""physical_error_rate"":5e-06}","{""detection_events"":5205,""detectors_checked"":275742720}"
   1567744,         0,         0,   119.6,decoder_by_matrix,0421d486f8a041838688df650e87c0a19c3450ab7a7cc8b3dc589ebff86d1c74,"{""distance"":5,""physical_error_rate"":0.0001}","{""detection_events"":90655,""detectors_checked"":266516480}"
   1534976,         0,         0,   119.6,decoder_by_matrix,b84cf4b8ca220d31f17e1e2ea9ab927bbc4176b15682c650e7d1dd8f2758172b,"{""distance"":5,""physical_error_rate"":0.0005}","{""detection_events"":436220,""detectors_checked"":260945920}"
   1580032,         0,         0,   119.6,decoder_by_matrix,b84cf4b8ca220d31f17e1e2ea9ab927bbc4176b15682c650e7d1dd8f2758172b,"{""distance"":5,""physical_error_rate"":0.0005}","{""detection_events"":444130,""detectors_checked"":268605440}"
   1560576,         0,         0,   119.5,decoder_by_matrix,fa5edda0c1038186c8afbec49b0215a0b852396cdb50783a3f937fdf51d2afac,"{""distance"":5,""physical_error_rate"":1e-05}","{""detection_events"":9655,""detectors_checked"":265297920}"
   1627136,         0,         0,   119.5,decoder_by_matrix,3c866087b289edc25e9adea730044a15db18cabfd3ae2507fc844d5b4e03657a,"{""distance"":5,""physical_error_rate"":5e-06}","{""detection_events"":4095,""detectors_checked"":276613120}"
   1499136,         4,         0,   119.6,decoder_by_matrix,066a5d8d46981b593c3dec855f441edbe9e755a8873183448f69d036a2ecc650,"{""distance"":5,""physical_error_rate"":0.001}","{""detection_events"":843615,""detectors_checked"":254853120,""obs_mistake_mask=E__E"":1,""obs_mistake_mask=_E__"":1,""obs_mistake_mask=__E_"":2}"
   1500160,         0,         0,   119.6,decoder_by_matrix,9c6baee88fc81e7d1aa345fcb3feec7ee81f21c5d49cb6ca037118097d89e180,"{""distance"":5,""physical_error_rate"":5e-05}","{""detection_events"":41700,""detectors_checked"":255027200}"
   6924288,        11,         0,   119.1,decoder_by_matrix,066a5d8d46981b593c3dec855f441edbe9e755a8873183448f69d036a2ecc650,"{""distance"":5,""physical_error_rate"":0.001}","{""detection_events"":3941530,""detectors_checked"":1177128960,""obs_mistake_mask=EE__"":1,""obs_mistake_mask=E___"":5,""obs_mistake_mask=_E__"":1,""obs_mistake_mask=__EE"":1,""obs_mistake_mask=__E_"":2,""obs_mistake_mask=___E"":1}"
   1564672,         0,         0,   119.7,decoder_by_matrix,3c866087b289edc25e9adea730044a15db18cabfd3ae2507fc844d5b4e03657a,"{""distance"":5,""physical_error_rate"":5e-06}","{""detection_events"":4790,""detectors_checked"":265994240}"
   1559552,         0,         0,   119.6,decoder_by_matrix,e41ade2e4684e0396b9a3890c882b6453b515d69885aa1d89a26ce21ec554895,"{""distance"":5,""physical_error_rate"":1e-06}","{""detection_events"":855,""detectors_checked"":265123840}"
   1448960,         0,         0,   119.6,decoder_by_matrix,0421d486f8a041838688df650e87c0a19c3450ab7a7cc8b3dc589ebff86d1c74,"{""distance"":5,""physical_error_rate"":0.0001}","{""detection_events"":80410,""detectors_checked"":246323200}"
   1602560,         0,         0,   119.6,decoder_by_matrix,fa5edda0c1038186c8afbec49b0215a0b852396cdb50783a3f937fdf51d2afac,"{""distance"":5,""physical_error_rate"":1e-05}","{""detection_events"":9125,""detectors_checked"":272435200}"
   1499136,         0,         0,   119.7,decoder_by_matrix,9c6baee88fc81e7d1aa345fcb3feec7ee81f21c5d49cb6ca037118097d89e180,"{""distance"":5,""physical_error_rate"":5e-05}","{""detection_events"":42575,""detectors_checked"":254853120}"
   1582080,         0,         0,   119.6,decoder_by_matrix,b84cf4b8ca220d31f17e1e2ea9ab927bbc4176b15682c650e7d1dd8f2758172b,"{""distance"":5,""physical_error_rate"":0.0005}","{""detection_events"":450690,""detectors_checked"":268953600}"
   1556480,         0,         0,   119.6,decoder_by_matrix,b84cf4b8ca220d31f17e1e2ea9ab927bbc4176b15682c650e7d1dd8f2758172b,"{""distance"":5,""physical_error_rate"":0.0005}","{""detection_events"":438450,""detectors_checked"":264601600}"
   1511424,         5,         0,   119.6,decoder_by_matrix,066a5d8d46981b593c3dec855f441edbe9e755a8873183448f69d036a2ecc650,"{""distance"":5,""physical_error_rate"":0.001}","{""detection_events"":860370,""detectors_checked"":256942080,""obs_mistake_mask=E_E_"":2,""obs_mistake_mask=E___"":1,""obs_mistake_mask=__E_"":1,""obs_mistake_mask=___E"":1}"
   1528832,         0,         0,   119.5,decoder_by_matrix,9c6baee88fc81e7d1aa345fcb3feec7ee81f21c5d49cb6ca037118097d89e180,"{""distance"":5,""physical_error_rate"":5e-05}","{""detection_events"":42395,""detectors_checked"":259901440}"
   2415616,         0,         0,   119.6,decoder_by_matrix,9c6baee88fc81e7d1aa345fcb3feec7ee81f21c5d49cb6ca037118097d89e180,"{""distance"":5,""physical_error_rate"":5e-05}","{""detection_events"":68405,""detectors_checked"":410654720}"
   2680832,         0,         0,   119.6,decoder_by_matrix,3c866087b289edc25e9adea730044a15db18cabfd3ae2507fc844d5b4e03657a,"{""distance"":5,""physical_error_rate"":5e-06}","{""detection_events"":7875,""detectors_checked"":455741440}"
   2498560,         0,         0,   119.5,decoder_by_matrix,e41ade2e4684e0396b9a3890c882b6453b515d69885aa1d89a26ce21ec554895,"{""distance"":5,""physical_error_rate"":1e-06}","{""detection_events"":1465,""detectors_checked"":424755200}"
   2365440,         0,         0,   119.6,decoder_by_matrix,fa5edda0c1038186c8afbec49b0215a0b852396cdb50783a3f937fdf51d2afac,"{""distance"":5,""physical_error_rate"":1e-05}","{""detection_events"":13550,""detectors_checked"":402124800}"
   1586176,         0,         0,   119.6,decoder_by_matrix,b84cf4b8ca220d31f17e1e2ea9ab927bbc4176b15682c650e7d1dd8f2758172b,"{""distance"":5,""physical_error_rate"":0.0005}","{""detection_events"":450370,""detectors_checked"":269649920}"
   1667072,         0,         0,   119.5,decoder_by_matrix,0421d486f8a041838688df650e87c0a19c3450ab7a7cc8b3dc589ebff86d1c74,"{""distance"":5,""physical_error_rate"":0.0001}","{""detection_events"":97135,""detectors_checked"":283402240}"
   1556480,         5,         0,   119.6,decoder_by_matrix,066a5d8d46981b593c3dec855f441edbe9e755a8873183448f69d036a2ecc650,"{""distance"":5,""physical_error_rate"":0.001}","{""detection_events"":879810,""detectors_checked"":264601600,""obs_mistake_mask=EEE_"":1,""obs_mistake_mask=E_E_"":1,""obs_mistake_mask=E___"":1,""obs_mistake_mask=__EE"":1,""obs_mistake_mask=__E_"":1}"
   1531904,         1,         0,   119.7,decoder_by_matrix,066a5d8d46981b593c3dec855f441edbe9e755a8873183448f69d036a2ecc650,"{""distance"":5,""physical_error_rate"":0.001}","{""detection_events"":871410,""detectors_checked"":260423680,""obs_mistake_mask=__E_"":1}"
   2182144,         0,         0,   119.6,decoder_by_matrix,0421d486f8a041838688df650e87c0a19c3450ab7a7cc8b3dc589ebff86d1c74,"{""distance"":5,""physical_error_rate"":0.0001}","{""detection_events"":125445,""detectors_checked"":370964480}"
   2216960,         0,         0,   119.6,decoder_by_matrix,b84cf4b8ca220d31f17e1e2ea9ab927bbc4176b15682c650e7d1dd8f2758172b,"{""distance"":5,""physical_error_rate"":0.0005}","{""detection_events"":632140,""detectors_checked"":376883200}"
   1658880,         0,         0,   119.6,decoder_by_matrix,9c6baee88fc81e7d1aa345fcb3feec7ee81f21c5d49cb6ca037118097d89e180,"{""distance"":5,""physical_error_rate"":5e-05}","{""detection_events"":46080,""detectors_checked"":282009600}"
   1645568,         0,         0,   119.5,decoder_by_matrix,3c866087b289edc25e9adea730044a15db18cabfd3ae2507fc844d5b4e03657a,"{""distance"":5,""physical_error_rate"":5e-06}","{""detection_events"":4995,""detectors_checked"":279746560}"
   1636352,         0,         0,   119.4,decoder_by_matrix,fa5edda0c1038186c8afbec49b0215a0b852396cdb50783a3f937fdf51d2afac,"{""distance"":5,""physical_error_rate"":1e-05}","{""detection_events"":9620,""detectors_checked"":278179840}"
   1570816,         0,         0,   119.6,decoder_by_matrix,b84cf4b8ca220d31f17e1e2ea9ab927bbc4176b15682c650e7d1dd8f2758172b,"{""distance"":5,""physical_error_rate"":0.0005}","{""detection_events"":447940,""detectors_checked"":267038720}"
   1608704,         0,         0,   119.7,decoder_by_matrix,e41ade2e4684e0396b9a3890c882b6453b515d69885aa1d89a26ce21ec554895,"{""distance"":5,""physical_error_rate"":1e-06}","{""detection_events"":915,""detectors_checked"":273479680}"
   1671168,         0,         0,   119.6,decoder_by_matrix,e41ade2e4684e0396b9a3890c882b6453b515d69885aa1d89a26ce21ec554895,"{""distance"":5,""physical_error_rate"":1e-06}","{""detection_events"":815,""detectors_checked"":284098560}"
   1615872,         0,         0,   119.5,decoder_by_matrix,3c866087b289edc25e9adea730044a15db18cabfd3ae2507fc844d5b4e03657a,"{""distance"":5,""physical_error_rate"":5e-06}","{""detection_events"":5130,""detectors_checked"":274698240}"
   1637376,         0,         0,   119.7,decoder_by_matrix,fa5edda0c1038186c8afbec49b0215a0b852396cdb50783a3f937fdf51d2afac,"{""distance"":5,""physical_error_rate"":1e-05}","{""detection_events"":10320,""detectors_checked"":278353920}"
   1498112,         0,         0,   119.6,decoder_by_matrix,0421d486f8a041838688df650e87c0a19c3450ab7a7cc8b3dc589ebff86d1c74,"{""distance"":5,""physical_error_rate"":0.0001}","{""detection_events"":86210,""detectors_checked"":254679040}"
   1575936,         0,         0,   119.6,decoder_by_matrix,9c6baee88fc81e7d1aa345fcb3feec7ee81f21c5d49cb6ca037118097d89e180,"{""distance"":5,""physical_error_rate"":5e-05}","{""detection_events"":45815,""detectors_checked"":267909120}"
   1573888,         0,         0,   119.6,decoder_by_matrix,0421d486f8a041838688df650e87c0a19c3450ab7a7cc8b3dc589ebff86d1c74,"{""distance"":5,""physical_error_rate"":0.0001}","{""detection_events"":90310,""detectors_checked"":267560960}"
   1454080,         2,         0,   119.6,decoder_by_matrix,066a5d8d46981b593c3dec855f441edbe9e755a8873183448f69d036a2ecc650,"{""distance"":5,""physical_error_rate"":0.001}","{""detection_events"":820535,""detectors_checked"":247193600,""obs_mistake_mask=EE__"":1,""obs_mistake_mask=___E"":1}"
   1615872,         0,         0,   119.5,decoder_by_matrix,fa5edda0c1038186c8afbec49b0215a0b852396cdb50783a3f937fdf51d2afac,"{""distance"":5,""physical_error_rate"":1e-05}","{""detection_events"":8960,""detectors_checked"":274698240}"
   1601536,         0,         0,   119.5,decoder_by_matrix,e41ade2e4684e0396b9a3890c882b6453b515d69885aa1d89a26ce21ec554895,"{""distance"":5,""physical_error_rate"":1e-06}","{""detection_events"":785,""detectors_checked"":272261120}"
   1527808,         0,         0,   119.7,decoder_by_matrix,0421d486f8a041838688df650e87c0a19c3450ab7a7cc8b3dc589ebff86d1c74,"{""distance"":5,""physical_error_rate"":0.0001}","{""detection_events"":87490,""detectors_checked"":259727360}"
   1509376,         0,         0,   119.5,decoder_by_matrix,e41ade2e4684e0396b9a3890c882b6453b515d69885aa1d89a26ce21ec554895,"{""distance"":5,""physical_error_rate"":1e-06}","{""detection_events"":820,""detectors_checked"":256593920}"
   1539072,         0,         0,   119.6,decoder_by_matrix,9c6baee88fc81e7d1aa345fcb3feec7ee81f21c5d49cb6ca037118097d89e180,"{""distance"":5,""physical_error_rate"":5e-05}","{""detection_events"":43050,""detectors_checked"":261642240}"
   1612800,         0,         0,   119.6,decoder_by_matrix,fa5edda0c1038186c8afbec49b0215a0b852396cdb50783a3f937fdf51d2afac,"{""distance"":5,""physical_error_rate"":1e-05}","{""detection_events"":9190,""detectors_checked"":274176000}"
   1610752,         0,         0,   119.6,decoder_by_matrix,e41ade2e4684e0396b9a3890c882b6453b515d69885aa1d89a26ce21ec554895,"{""distance"":5,""physical_error_rate"":1e-06}","{""detection_events"":870,""detectors_checked"":273827840}"
   1630208,         0,         0,   119.5,decoder_by_matrix,3c866087b289edc25e9adea730044a15db18cabfd3ae2507fc844d5b4e03657a,"{""distance"":5,""physical_error_rate"":5e-06}","{""detection_events"":4760,""detectors_checked"":277135360}"
   1549312,         0,         0,   119.6,decoder_by_matrix,3c866087b289edc25e9adea730044a15db18cabfd3ae2507fc844d5b4e03657a,"{""distance"":5,""physical_error_rate"":5e-06}","{""detection_events"":4460,""detectors_checked"":263383040}"
   1562624,         0,         0,   119.7,decoder_by_matrix,0421d486f8a041838688df650e87c0a19c3450ab7a7cc8b3dc589ebff86d1c74,"{""distance"":5,""physical_error_rate"":0.0001}","{""detection_events"":89085,""detectors_checked"":265646080}"
   1496064,         0,         0,   119.6,decoder_by_matrix,b84cf4b8ca220d31f17e1e2ea9ab927bbc4176b15682c650e7d1dd8f2758172b,"{""distance"":5,""physical_error_rate"":0.0005}","{""detection_events"":424905,""detectors_checked"":254330880}"
   1536000,         0,         0,   119.6,decoder_by_matrix,b84cf4b8ca220d31f17e1e2ea9ab927bbc4176b15682c650e7d1dd8f2758172b,"{""distance"":5,""physical_error_rate"":0.0005}","{""detection_events"":435265,""detectors_checked"":261120000}"
   1551360,         0,         0,   119.6,decoder_by_matrix,fa5edda0c1038186c8afbec49b0215a0b852396cdb50783a3f937fdf51d2afac,"{""distance"":5,""physical_error_rate"":1e-05}","{""detection_events"":8590,""detectors_checked"":263731200}"
   1572864,         0,         0,   119.6,decoder_by_matrix,3c866087b289edc25e9adea730044a15db18cabfd3ae2507fc844d5b4e03657a,"{""distance"":5,""physical_error_rate"":5e-06}","{""detection_events"":4665,""detectors_checked"":267386880}"
   1468416,         3,         0,   119.5,decoder_by_matrix,066a5d8d46981b593c3dec855f441edbe9e755a8873183448f69d036a2ecc650,"{""distance"":5,""physical_error_rate"":0.001}","{""detection_events"":829210,""detectors_checked"":249630720,""obs_mistake_mask=E___"":1,""obs_mistake_mask=_E__"":1,""obs_mistake_mask=__E_"":1}"
   1527808,         0,         0,   119.6,decoder_by_matrix,9c6baee88fc81e7d1aa345fcb3feec7ee81f21c5d49cb6ca037118097d89e180,"{""distance"":5,""physical_error_rate"":5e-05}","{""detection_events"":44105,""detectors_checked"":259727360}"
   7083008,        13,         0,   119.2,decoder_by_matrix,066a5d8d46981b593c3dec855f441edbe9e755a8873183448f69d036a2ecc650,"{""distance"":5,""physical_error_rate"":0.001}","{""detection_events"":4019630,""detectors_checked"":1204111360,""obs_mistake_mask=EEE_"":1,""obs_mistake_mask=EE_E"":1,""obs_mistake_mask=E_E_"":1,""obs_mistake_mask=E__E"":1,""obs_mistake_mask=E___"":2,""obs_mistake_mask=_E_E"":1,""obs_mistake_mask=_E__"":3,""obs_mistake_mask=__E_"":1,""obs_mistake_mask=___E"":2}"
   1680384,         0,         0,   119.5,decoder_by_matrix,3c866087b289edc25e9adea730044a15db18cabfd3ae2507fc844d5b4e03657a,"{""distance"":5,""physical_error_rate"":5e-06}","{""detection_events"":4565,""detectors_checked"":285665280}"
   1636352,         0,         0,   119.6,decoder_by_matrix,e41ade2e4684e0396b9a3890c882b6453b515d69885aa1d89a26ce21ec554895,"{""distance"":5,""physical_error_rate"":1e-06}","{""detection_events"":985,""detectors_checked"":278179840}"
   1539072,         0,         0,   119.7,decoder_by_matrix,0421d486f8a041838688df650e87c0a19c3450ab7a7cc8b3dc589ebff86d1c74,"{""distance"":5,""physical_error_rate"":0.0001}","{""detection_events"":85405,""detectors_checked"":261642240}"
   1656832,         0,         0,   119.6,decoder_by_matrix,fa5edda0c1038186c8afbec49b0215a0b852396cdb50783a3f937fdf51d2afac,"{""distance"":5,""physical_error_rate"":1e-05}","{""detection_events"":9190,""detectors_checked"":281661440}"
   1549312,         0,         0,   119.6,decoder_by_matrix,9c6baee88fc81e7d1aa345fcb3feec7ee81f21c5d49cb6ca037118097d89e180,"{""distance"":5,""physical_error_rate"":5e-05}","{""detection_events"":42550,""detectors_checked"":263383040}"
   1582080,         0,         0,   119.6,decoder_by_matrix,b84cf4b8ca220d31f17e1e2ea9ab927bbc4176b15682c650e7d1dd8f2758172b,"{""distance"":5,""physical_error_rate"":0.0005}","{""detection_events"":448015,""detectors_checked"":268953600}"
   1330293,         1,         0,    21.8,decoder_by_matrix,066a5d8d46981b593c3dec855f441edbe9e755a8873183448f69d036a2ecc650,"{""distance"":5,""physical_error_rate"":0.001}","{""detection_events"":756900,""detectors_checked"":226149810,""obs_mistake_mask=E___"":1}"
   1570816,         2,         0,   119.6,decoder_by_matrix,b84cf4b8ca220d31f17e1e2ea9ab927bbc4176b15682c650e7d1dd8f2758172b,"{""distance"":5,""physical_error_rate"":0.0005}","{""detection_events"":441620,""detectors_checked"":267038720,""obs_mistake_mask=E__E"":1,""obs_mistake_mask=_E__"":1}"
   1519616,         3,         0,   119.6,decoder_by_matrix,066a5d8d46981b593c3dec855f441edbe9e755a8873183448f69d036a2ecc650,"{""distance"":5,""physical_error_rate"":0.001}","{""detection_events"":868135,""detectors_checked"":258334720,""obs_mistake_mask=EE__"":1,""obs_mistake_mask=E___"":1,""obs_mistake_mask=__EE"":1}"
   1544192,         0,         0,   119.6,decoder_by_matrix,9c6baee88fc81e7d1aa345fcb3feec7ee81f21c5d49cb6ca037118097d89e180,"{""distance"":5,""physical_error_rate"":5e-05}","{""detection_events"":42360,""detectors_checked"":262512640}"
   2014208,         0,         0,   119.6,decoder_by_matrix,9c6baee88fc81e7d1aa345fcb3feec7ee81f21c5d49cb6ca037118097d89e180,"{""distance"":5,""physical_error_rate"":5e-05}","{""detection_events"":58705,""detectors_checked"":342415360}"
   2503680,         0,         0,   119.6,decoder_by_matrix,3c866087b289edc25e9adea730044a15db18cabfd3ae2507fc844d5b4e03657a,"{""distance"":5,""physical_error_rate"":5e-06}","{""detection_events"":6895,""detectors_checked"":425625600}"
   2521088,         0,         0,   119.6,decoder_by_matrix,e41ade2e4684e0396b9a3890c882b6453b515d69885aa1d89a26ce21ec554895,"{""distance"":5,""physical_error_rate"":1e-06}","{""detection_events"":1570,""detectors_checked"":428584960}"
   2239488,         0,         0,   119.5,decoder_by_matrix,fa5edda0c1038186c8afbec49b0215a0b852396cdb50783a3f937fdf51d2afac,"{""distance"":5,""physical_error_rate"":1e-05}","{""detection_events"":12200,""detectors_checked"":380712960}"
   1557504,         1,         0,   119.6,decoder_by_matrix,b84cf4b8ca220d31f17e1e2ea9ab927bbc4176b15682c650e7d1dd8f2758172b,"{""distance"":5,""physical_error_rate"":0.0005}","{""detection_events"":443865,""detectors_checked"":264775680,""obs_mistake_mask=E__E"":1}"
   1651712,         0,         0,   119.5,decoder_by_matrix,0421d486f8a041838688df650e87c0a19c3450ab7a7cc8b3dc589ebff86d1c74,"{""distance"":5,""physical_error_rate"":0.0001}","{""detection_events"":93760,""detectors_checked"":280791040}"
   1597440,         2,         0,   119.6,decoder_by_matrix,066a5d8d46981b593c3dec855f441edbe9e755a8873183448f69d036a2ecc650,"{""distance"":5,""physical_error_rate"":0.001}","{""detection_events"":901470,""detectors_checked"":271564800,""obs_mistake_mask=_EE_"":1,""obs_mistake_mask=_E__"":1}"
   2008064,         2,         0,   119.6,decoder_by_matrix,b84cf4b8ca220d31f17e1e2ea9ab927bbc4176b15682c650e7d1dd8f2758172b,"{""distance"":5,""physical_error_rate"":0.0005}","{""detection_events"":570340,""detectors_checked"":341370880,""obs_mistake_mask=E_E_"":1,""obs_mistake_mask=__E_"":1}"
   1572864,         3,         0,   119.7,decoder_by_matrix,066a5d8d46981b593c3dec855f441edbe9e755a8873183448f69d036a2ecc650,"{""distance"":5,""physical_error_rate"":0.001}","{""detection_events"":893280,""detectors_checked"":267386880,""obs_mistake_mask=E_EE"":1,""obs_mistake_mask=E___"":2}"
   1634304,         0,         0,   119.5,decoder_by_matrix,9c6baee88fc81e7d1aa345fcb3feec7ee81f21c5d49cb6ca037118097d89e180,"{""distance"":5,""physical_error_rate"":5e-05}","{""detection_events"":46140,""detectors_checked"":277831680}"
   1912832,         0,         0,   119.6,decoder_by_matrix,0421d486f8a041838688df650e87c0a19c3450ab7a7cc8b3dc589ebff86d1c74,"{""distance"":5,""physical_error_rate"":0.0001}","{""detection_events"":107065,""detectors_checked"":325181440}"
   1612800,         0,         0,   119.6,decoder_by_matrix,3c866087b289edc25e9adea730044a15db18cabfd3ae2507fc844d5b4e03657a,"{""distance"":5,""physical_error_rate"":5e-06}","{""detection_events"":4345,""detectors_checked"":274176000}"
   1641472,         0,         0,   119.5,decoder_by_matrix,fa5edda0c1038186c8afbec49b0215a0b852396cdb50783a3f937fdf51d2afac,"{""distance"":5,""physical_error_rate"":1e-05}","{""detection_events"":9530,""detectors_checked"":279050240}"
   1574912,         0,         0,   119.7,decoder_by_matrix,b84cf4b8ca220d31f17e1e2ea9ab927bbc4176b15682c650e7d1dd8f2758172b,"{""distance"":5,""physical_error_rate"":0.0005}","{""detection_events"":451550,""detectors_checked"":267735040}"
   1650688,         0,         0,   119.7,decoder_by_matrix,e41ade2e4684e0396b9a3890c882b6453b515d69885aa1d89a26ce21ec554895,"{""distance"":5,""physical_error_rate"":1e-06}","{""detection_events"":895,""detectors_checked"":280616960}"
   1642496,         0,         0,   119.6,decoder_by_matrix,e41ade2e4684e0396b9a3890c882b6453b515d69885aa1d89a26ce21ec554895,"{""distance"":5,""physical_error_rate"":1e-06}","{""detection_events"":1180,""detectors_checked"":279224320}"
   1677312,         0,         0,   119.7,decoder_by_matrix,3c866087b289edc25e9adea730044a15db18cabfd3ae2507fc844d5b4e03657a,"{""distance"":5,""physical_error_rate"":5e-06}","{""detection_events"":5050,""detectors_checked"":285143040}"
   1526784,         0,         0,   119.6,decoder_by_matrix,0421d486f8a041838688df650e87c0a19c3450ab7a7cc8b3dc589ebff86d1c74,"{""distance"":5,""physical_error_rate"":0.0001}","{""detection_events"":86935,""detectors_checked"":259553280}"
   1655808,         0,         0,   119.5,decoder_by_matrix,fa5edda0c1038186c8afbec49b0215a0b852396cdb50783a3f937fdf51d2afac,"{""distance"":5,""physical_error_rate"":1e-05}","{""detection_events"":9795,""detectors_checked"":281487360}"
   1580032,         0,         0,   119.5,decoder_by_matrix,9c6baee88fc81e7d1aa345fcb3feec7ee81f21c5d49cb6ca037118097d89e180,"{""distance"":5,""physical_error_rate"":5e-05}","{""detection_events"":43770,""detectors_checked"":268605440}"
   1596416,         0,         0,   119.6,decoder_by_matrix,0421d486f8a041838688df650e87c0a19c3450ab7a7cc8b3dc589ebff86d1c74,"{""distance"":5,""physical_error_rate"":0.0001}","{""detection_events"":88755,""detectors_checked"":271390720}"
   1577984,         0,         0,   119.5,decoder_by_matrix,fa5edda0c1038186c8afbec49b0215a0b852396cdb50783a3f937fdf51d2afac,"{""distance"":5,""physical_error_rate"":1e-05}","{""detection_events"":9980,""detectors_checked"":268257280}"
   1555456,         1,         0,   119.6,decoder_by_matrix,066a5d8d46981b593c3dec855f441edbe9e755a8873183448f69d036a2ecc650,"{""distance"":5,""physical_error_rate"":0.001}","{""detection_events"":876560,""detectors_checked"":264427520,""obs_mistake_mask=EE_E"":1}"
   1667072,         0,         0,   119.5,decoder_by_matrix,e41ade2e4684e0396b9a3890c882b6453b515d69885aa1d89a26ce21ec554895,"{""distance"":5,""physical_error_rate"":1e-06}","{""detection_events"":755,""detectors_checked"":283402240}"
   1508352,         0,         0,   119.6,decoder_by_matrix,0421d486f8a041838688df650e87c0a19c3450ab7a7cc8b3dc589ebff86d1c74,"{""distance"":5,""physical_error_rate"":0.0001}","{""detection_events"":84830,""detectors_checked"":256419840}"
   1560576,         0,         0,   119.6,decoder_by_matrix,e41ade2e4684e0396b9a3890c882b6453b515d69885aa1d89a26ce21ec554895,"{""distance"":5,""physical_error_rate"":1e-06}","{""detection_events"":825,""detectors_checked"":265297920}"
   1518592,         0,         0,   119.5,decoder_by_matrix,9c6baee88fc81e7d1aa345fcb3feec7ee81f21c5d49cb6ca037118097d89e180,"{""distance"":5,""physical_error_rate"":5e-05}","{""detection_events"":42905,""detectors_checked"":258160640}"
   1572864,         0,         0,   119.5,decoder_by_matrix,fa5edda0c1038186c8afbec49b0215a0b852396cdb50783a3f937fdf51d2afac,"{""distance"":5,""physical_error_rate"":1e-05}","{""detection_events"":9015,""detectors_checked"":267386880}"
   1655808,         0,         0,   119.4,decoder_by_matrix,e41ade2e4684e0396b9a3890c882b6453b515d69885aa1d89a26ce21ec554895,"{""distance"":5,""physical_error_rate"":1e-06}","{""detection_events"":815,""detectors_checked"":281487360}"
   1657856,         0,         0,   119.5,decoder_by_matrix,3c866087b289edc25e9adea730044a15db18cabfd3ae2507fc844d5b4e03657a,"{""distance"":5,""physical_error_rate"":5e-06}","{""detection_events"":4420,""detectors_checked"":281835520}"
   1580032,         0,         0,   119.5,decoder_by_matrix,0421d486f8a041838688df650e87c0a19c3450ab7a7cc8b3dc589ebff86d1c74,"{""distance"":5,""physical_error_rate"":0.0001}","{""detection_events"":90710,""detectors_checked"":268605440}"
   1593344,         0,         0,   119.6,decoder_by_matrix,3c866087b289edc25e9adea730044a15db18cabfd3ae2507fc844d5b4e03657a,"{""distance"":5,""physical_error_rate"":5e-06}","{""detection_events"":4915,""detectors_checked"":270868480}"
   1525760,         2,         0,   119.7,decoder_by_matrix,b84cf4b8ca220d31f17e1e2ea9ab927bbc4176b15682c650e7d1dd8f2758172b,"{""distance"":5,""physical_error_rate"":0.0005}","{""detection_events"":429205,""detectors_checked"":259379200,""obs_mistake_mask=EE_E"":1,""obs_mistake_mask=___E"":1}"
   1552384,         0,         0,   119.6,decoder_by_matrix,b84cf4b8ca220d31f17e1e2ea9ab927bbc4176b15682c650e7d1dd8f2758172b,"{""distance"":5,""physical_error_rate"":0.0005}","{""detection_events"":437190,""detectors_checked"":263905280}"
   1615872,         0,         0,   119.6,decoder_by_matrix,fa5edda0c1038186c8afbec49b0215a0b852396cdb50783a3f937fdf51d2afac,"{""distance"":5,""physical_error_rate"":1e-05}","{""detection_events"":9510,""detectors_checked"":274698240}"
   1652736,         0,         0,   119.6,decoder_by_matrix,3c866087b289edc25e9adea730044a15db18cabfd3ae2507fc844d5b4e03657a,"{""distance"":5,""physical_error_rate"":5e-06}","{""detection_events"":5000,""detectors_checked"":280965120}"
   1568768,         0,         0,   119.6,decoder_by_matrix,066a5d8d46981b593c3dec855f441edbe9e755a8873183448f69d036a2ecc650,"{""distance"":5,""physical_error_rate"":0.001}","{""detection_events"":889770,""detectors_checked"":266690560}"
   1585152,         0,         0,   119.6,decoder_by_matrix,9c6baee88fc81e7d1aa345fcb3feec7ee81f21c5d49cb6ca037118097d89e180,"{""distance"":5,""physical_error_rate"":5e-05}","{""detection_events"":45345,""detectors_checked"":269475840}"
   1632256,         0,         0,   119.7,decoder_by_matrix,3c866087b289edc25e9adea730044a15db18cabfd3ae2507fc844d5b4e03657a,"{""distance"":5,""physical_error_rate"":5e-06}","{""detection_events"":5275,""detectors_checked"":277483520}"
   1644544,         0,         0,   119.7,decoder_by_matrix,e41ade2e4684e0396b9a3890c882b6453b515d69885aa1d89a26ce21ec554895,"{""distance"":5,""physical_error_rate"":1e-06}","{""detection_events"":835,""detectors_checked"":279572480}"
   1523712,         0,         0,   119.6,decoder_by_matrix,0421d486f8a041838688df650e87c0a19c3450ab7a7cc8b3dc589ebff86d1c74,"{""distance"":5,""physical_error_rate"":0.0001}","{""detection_events"":85775,""detectors_checked"":259031040}"
   1599488,         0,         0,   119.5,decoder_by_matrix,fa5edda0c1038186c8afbec49b0215a0b852396cdb50783a3f937fdf51d2afac,"{""distance"":5,""physical_error_rate"":1e-05}","{""detection_events"":9115,""detectors_checked"":271912960}"
   1548288,         0,         0,   119.6,decoder_by_matrix,9c6baee88fc81e7d1aa345fcb3feec7ee81f21c5d49cb6ca037118097d89e180,"{""distance"":5,""physical_error_rate"":5e-05}","{""detection_events"":43320,""detectors_checked"":263208960}"
   1605632,         0,         0,   119.5,decoder_by_matrix,b84cf4b8ca220d31f17e1e2ea9ab927bbc4176b15682c650e7d1dd8f2758172b,"{""distance"":5,""physical_error_rate"":0.0005}","{""detection_events"":458565,""detectors_checked"":272957440}"
   7032832,        20,         0,   119.1,decoder_by_matrix,066a5d8d46981b593c3dec855f441edbe9e755a8873183448f69d036a2ecc650,"{""distance"":5,""physical_error_rate"":0.001}","{""detection_events"":3973085,""detectors_checked"":1195581440,""obs_mistake_mask=EEE_"":1,""obs_mistake_mask=E__E"":3,""obs_mistake_mask=E___"":7,""obs_mistake_mask=_E__"":2,""obs_mistake_mask=__EE"":1,""obs_mistake_mask=__E_"":3,""obs_mistake_mask=___E"":3}"
   1573888,         0,         0,   119.6,decoder_by_matrix,b84cf4b8ca220d31f17e1e2ea9ab927bbc4176b15682c650e7d1dd8f2758172b,"{""distance"":5,""physical_error_rate"":0.0005}","{""detection_events"":445680,""detectors_checked"":267560960}"
   1488896,         4,         0,   119.6,decoder_by_matrix,066a5d8d46981b593c3dec855f441edbe9e755a8873183448f69d036a2ecc650,"{""distance"":5,""physical_error_rate"":0.001}","{""detection_events"":844195,""detectors_checked"":253112320,""obs_mistake_mask=EE_E"":1,""obs_mistake_mask=E_E_"":1,""obs_mistake_mask=E___"":1,""obs_mistake_mask=__E_"":1}"
   1529856,         0,         0,   119.5,decoder_by_matrix,9c6baee88fc81e7d1aa345fcb3feec7ee81f21c5d49cb6ca037118097d89e180,"{""distance"":5,""physical_error_rate"":5e-05}","{""detection_events"":43505,""detectors_checked"":260075520}"
   2236416,         0,         0,   119.6,decoder_by_matrix,9c6baee88fc81e7d1aa345fcb3feec7ee81f21c5d49cb6ca037118097d89e180,"{""distance"":5,""physical_error_rate"":5e-05}","{""detection_events"":64290,""detectors_checked"":380190720}"
   2590720,         0,         0,   119.6,decoder_by_matrix,3c866087b289edc25e9adea730044a15db18cabfd3ae2507fc844d5b4e03657a,"{""distance"":5,""physical_error_rate"":5e-06}","{""detection_events"":7085,""detectors_checked"":440422400}"
   2592768,         0,         0,   119.6,decoder_by_matrix,e41ade2e4684e0396b9a3890c882b6453b515d69885aa1d89a26ce21ec554895,"{""distance"":5,""physical_error_rate"":1e-06}","{""detection_events"":1465,""detectors_checked"":440770560}"
   2358272,         0,         0,   119.5,decoder_by_matrix,fa5edda0c1038186c8afbec49b0215a0b852396cdb50783a3f937fdf51d2afac,"{""distance"":5,""physical_error_rate"":1e-05}","{""detection_events"":13070,""detectors_checked"":400906240}"
   1547264,         0,         0,   119.6,decoder_by_matrix,b84cf4b8ca220d31f17e1e2ea9ab927bbc4176b15682c650e7d1dd8f2758172b,"{""distance"":5,""physical_error_rate"":0.0005}","{""detection_events"":435000,""detectors_checked"":263034880}"
   1622016,         0,         0,   119.5,decoder_by_matrix,0421d486f8a041838688df650e87c0a19c3450ab7a7cc8b3dc589ebff86d1c74,"{""distance"":5,""physical_error_rate"":0.0001}","{""detection_events"":89915,""detectors_checked"":275742720}"
   1563648,         3,         0,   119.6,decoder_by_matrix,066a5d8d46981b593c3dec855f441edbe9e755a8873183448f69d036a2ecc650,"{""distance"":5,""physical_error_rate"":0.001}","{""detection_events"":892275,""detectors_checked"":265820160,""obs_mistake_mask=E___"":2,""obs_mistake_mask=___E"":1}"
   1880064,         0,         0,   119.6,decoder_by_matrix,b84cf4b8ca220d31f17e1e2ea9ab927bbc4176b15682c650e7d1dd8f2758172b,"{""distance"":5,""physical_error_rate"":0.0005}","{""detection_events"":533160,""detectors_checked"":319610880}"
   1996800,         0,         0,   119.6,decoder_by_matrix,0421d486f8a041838688df650e87c0a19c3450ab7a7cc8b3dc589ebff86d1c74,"{""distance"":5,""physical_error_rate"":0.0001}","{""detection_events"":113655,""detectors_checked"":339456000}"
   1598464,         0,         0,   119.6,decoder_by_matrix,9c6baee88fc81e7d1aa345fcb3feec7ee81f21c5d49cb6ca037118097d89e180,"{""distance"":5,""physical_error_rate"":5e-05}","{""detection_events"":44565,""detectors_checked"":271738880}"
   1554432,         3,         0,   119.5,decoder_by_matrix,066a5d8d46981b593c3dec855f441edbe9e755a8873183448f69d036a2ecc650,"{""distance"":5,""physical_error_rate"":0.001}","{""detection_events"":881960,""detectors_checked"":264253440,""obs_mistake_mask=EE__"":2,""obs_mistake_mask=E_EE"":1}"
   1604608,         0,         0,   119.6,decoder_by_matrix,3c866087b289edc25e9adea730044a15db18cabfd3ae2507fc844d5b4e03657a,"{""distance"":5,""physical_error_rate"":5e-06}","{""detection_events"":5160,""detectors_checked"":272783360}"
   1631232,         0,         0,   119.6,decoder_by_matrix,fa5edda0c1038186c8afbec49b0215a0b852396cdb50783a3f937fdf51d2afac,"{""distance"":5,""physical_error_rate"":1e-05}","{""detection_events"":8410,""detectors_checked"":277309440}"
   1587200,         0,         0,   119.6,decoder_by_matrix,b84cf4b8ca220d31f17e1e2ea9ab927bbc4176b15682c650e7d1dd8f2758172b,"{""distance"":5,""physical_error_rate"":0.0005}","{""detection_events"":451655,""detectors_checked"":269824000}"
   1617920,         0,         0,   119.6,decoder_by_matrix,e41ade2e4684e0396b9a3890c882b6453b515d69885aa1d89a26ce21ec554895,"{""distance"":5,""physical_error_rate"":1e-06}","{""detection_events"":610,""detectors_checked"":275046400}"
   1636352,         0,         0,   119.5,decoder_by_matrix,e41ade2e4684e0396b9a3890c882b6453b515d69885aa1d89a26ce21ec554895,"{""distance"":5,""physical_error_rate"":1e-06}","{""detection_events"":1035,""detectors_checked"":278179840}"
   1667072,         0,         0,   119.6,decoder_by_matrix,3c866087b289edc25e9adea730044a15db18cabfd3ae2507fc844d5b4e03657a,"{""distance"":5,""physical_error_rate"":5e-06}","{""detection_events"":5010,""detectors_checked"":283402240}"
   1543168,         0,         0,   119.6,decoder_by_matrix,0421d486f8a041838688df650e87c0a19c3450ab7a7cc8b3dc589ebff86d1c74,"{""distance"":5,""physical_error_rate"":0.0001}","{""detection_events"":89585,""detectors_checked"":262338560}"
   1646592,         0,         0,   119.6,decoder_by_matrix,fa5edda0c1038186c8afbec49b0215a0b852396cdb50783a3f937fdf51d2afac,"{""distance"":5,""physical_error_rate"":1e-05}","{""detection_events"":9590,""detectors_checked"":279920640}"
   1586176,         0,         0,   119.5,decoder_by_matrix,9c6baee88fc81e7d1aa345fcb3feec7ee81f21c5d49cb6ca037118097d89e180,"{""distance"":5,""physical_error_rate"":5e-05}","{""detection_events"":48630,""detectors_checked"":269649920}"
   1579008,         0,         0,   119.6,decoder_by_matrix,0421d486f8a041838688df650e87c0a19c3450ab7a7cc8b3dc589ebff86d1c74,"{""distance"":5,""physical_error_rate"":0.0001}","{""detection_events"":90030,""detectors_checked"":268431360}"
   1486848,         4,         0,   119.5,decoder_by_matrix,066a5d8d46981b593c3dec855f441edbe9e755a8873183448f69d036a2ecc650,"{""distance"":5,""physical_error_rate"":0.001}","{""detection_events"":837125,""detectors_checked"":252764160,""obs_mistake_mask=EEE_"":1,""obs_mistake_mask=EE__"":1,""obs_mistake_mask=E___"":1,""obs_mistake_mask=_EE_"":1}"
   1567744,         0,         0,   119.6,decoder_by_matrix,fa5edda0c1038186c8afbec49b0215a0b852396cdb50783a3f937fdf51d2afac,"{""distance"":5,""physical_error_rate"":1e-05}","{""detection_events"":9135,""detectors_checked"":266516480}"
   1594368,         0,         0,   119.5,decoder_by_matrix,e41ade2e4684e0396b9a3890c882b6453b515d69885aa1d89a26ce21ec554895,"{""distance"":5,""physical_error_rate"":1e-06}","{""detection_events"":850,""detectors_checked"":271042560}"
   1526784,         0,         0,   119.6,decoder_by_matrix,0421d486f8a041838688df650e87c0a19c3450ab7a7cc8b3dc589ebff86d1c74,"{""distance"":5,""physical_error_rate"":0.0001}","{""detection_events"":88465,""detectors_checked"":259553280}"
   1594368,         0,         0,   119.7,decoder_by_matrix,e41ade2e4684e0396b9a3890c882b6453b515d69885aa1d89a26ce21ec554895,"{""distance"":5,""physical_error_rate"":1e-06}","{""detection_events"":1215,""detectors_checked"":271042560}"
   1518592,         0,         0,   119.7,decoder_by_matrix,9c6baee88fc81e7d1aa345fcb3feec7ee81f21c5d49cb6ca037118097d89e180,"{""distance"":5,""physical_error_rate"":5e-05}","{""detection_events"":44515,""detectors_checked"":258160640}"
   1585152,         0,         0,   119.6,decoder_by_matrix,fa5edda0c1038186c8afbec49b0215a0b852396cdb50783a3f937fdf51d2afac,"{""distance"":5,""physical_error_rate"":1e-05}","{""detection_events"":8890,""detectors_checked"":269475840}"
   1631232,         0,         0,   119.6,decoder_by_matrix,e41ade2e4684e0396b9a3890c882b6453b515d69885aa1d89a26ce21ec554895,"{""distance"":5,""physical_error_rate"":1e-06}","{""detection_events"":740,""detectors_checked"":277309440}"
   1626112,         0,         0,   119.7,decoder_by_matrix,3c866087b289edc25e9adea730044a15db18cabfd3ae2507fc844d5b4e03657a,"{""distance"":5,""physical_error_rate"":5e-06}","{""detection_events"":4960,""detectors_checked"":276439040}"
   1554432,         0,         0,   119.6,decoder_by_matrix,0421d486f8a041838688df650e87c0a19c3450ab7a7cc8b3dc589ebff86d1c74,"{""distance"":5,""physical_error_rate"":0.0001}","{""detection_events"":89770,""detectors_checked"":264253440}"
   1608704,         0,         0,   119.5,decoder_by_matrix,3c866087b289edc25e9adea730044a15db18cabfd3ae2507fc844d5b4e03657a,"{""distance"":5,""physical_error_rate"":5e-06}","{""detection_events"":4765,""detectors_checked"":273479680}"
   1541120,         1,         0,   119.6,decoder_by_matrix,b84cf4b8ca220d31f17e1e2ea9ab927bbc4176b15682c650e7d1dd8f2758172b,"{""distance"":5,""physical_error_rate"":0.0005}","{""detection_events"":436585,""detectors_checked"":261990400,""obs_mistake_mask=___E"":1}"
   1507328,         1,         0,   119.6,decoder_by_matrix,b84cf4b8ca220d31f17e1e2ea9ab927bbc4176b15682c650e7d1dd8f2758172b,"{""distance"":5,""physical_error_rate"":0.0005}","{""detection_events"":434280,""detectors_checked"":256245760,""obs_mistake_mask=_EEE"":1}"
   1613824,         0,         0,   119.6,decoder_by_matrix,fa5edda0c1038186c8afbec49b0215a0b852396cdb50783a3f937fdf51d2afac,"{""distance"":5,""physical_error_rate"":1e-05}","{""detection_events"":9415,""detectors_checked"":274350080}"
   1609728,         0,         0,   119.6,decoder_by_matrix,3c866087b289edc25e9adea730044a15db18cabfd3ae2507fc844d5b4e03657a,"{""distance"":5,""physical_error_rate"":5e-06}","{""detection_events"":4605,""detectors_checked"":273653760}"
   1514496,         1,         0,   119.7,decoder_by_matrix,066a5d8d46981b593c3dec855f441edbe9e755a8873183448f69d036a2ecc650,"{""distance"":5,""physical_error_rate"":0.001}","{""detection_events"":863205,""detectors_checked"":257464320,""obs_mistake_mask=___E"":1}"
   1538048,         0,         0,   119.6,decoder_by_matrix,9c6baee88fc81e7d1aa345fcb3feec7ee81f21c5d49cb6ca037118097d89e180,"{""distance"":5,""physical_error_rate"":5e-05}","{""detection_events"":43985,""detectors_checked"":261468160}"
   1611776,         0,         0,   119.7,decoder_by_matrix,3c866087b289edc25e9adea730044a15db18cabfd3ae2507fc844d5b4e03657a,"{""distance"":5,""physical_error_rate"":5e-06}","{""detection_events"":4990,""detectors_checked"":274001920}"
   1614848,         0,         0,   119.6,decoder_by_matrix,e41ade2e4684e0396b9a3890c882b6453b515d69885aa1d89a26ce21ec554895,"{""distance"":5,""physical_error_rate"":1e-06}","{""detection_events"":655,""detectors_checked"":274524160}"
   1525760,         0,         0,   119.6,decoder_by_matrix,0421d486f8a041838688df650e87c0a19c3450ab7a7cc8b3dc589ebff86d1c74,"{""distance"":5,""physical_error_rate"":0.0001}","{""detection_events"":86055,""detectors_checked"":259379200}"
   1538048,         0,         0,   119.6,decoder_by_matrix,fa5edda0c1038186c8afbec49b0215a0b852396cdb50783a3f937fdf51d2afac,"{""distance"":5,""physical_error_rate"":1e-05}","{""detection_events"":8825,""detectors_checked"":261468160}"
   1479680,         0,         0,   119.6,decoder_by_matrix,9c6baee88fc81e7d1aa345fcb3feec7ee81f21c5d49cb6ca037118097d89e180,"{""distance"":5,""physical_error_rate"":5e-05}","{""detection_events"":42105,""detectors_checked"":251545600}"
   1529856,         0,         0,   119.5,decoder_by_matrix,b84cf4b8ca220d31f17e1e2ea9ab927bbc4176b15682c650e7d1dd8f2758172b,"{""distance"":5,""physical_error_rate"":0.0005}","{""detection_events"":437690,""detectors_checked"":260075520}"
   6477824,        12,         0,   119.2,decoder_by_matrix,066a5d8d46981b593c3dec855f441edbe9e755a8873183448f69d036a2ecc650,"{""distance"":5,""physical_error_rate"":0.001}","{""detection_events"":3663465,""detectors_checked"":1101230080,""obs_mistake_mask=EE_E"":1,""obs_mistake_mask=E_E_"":1,""obs_mistake_mask=E__E"":1,""obs_mistake_mask=E___"":3,""obs_mistake_mask=_EEE"":1,""obs_mistake_mask=__EE"":1,""obs_mistake_mask=__E_"":1,""obs_mistake_mask=___E"":3}"
   1595392,         1,         0,   119.5,decoder_by_matrix,b84cf4b8ca220d31f17e1e2ea9ab927bbc4176b15682c650e7d1dd8f2758172b,"{""distance"":5,""physical_error_rate"":0.0005}","{""detection_events"":455075,""detectors_checked"":271216640,""obs_mistake_mask=_EE_"":1}"
   1500160,         6,         0,   119.6,decoder_by_matrix,066a5d8d46981b593c3dec855f441edbe9e755a8873183448f69d036a2ecc650,"{""distance"":5,""physical_error_rate"":0.001}","{""detection_events"":855880,""detectors_checked"":255027200,""obs_mistake_mask=E_E_"":2,""obs_mistake_mask=E__E"":1,""obs_mistake_mask=_E__"":1,""obs_mistake_mask=__E_"":2}"
   1536000,         0,         0,   119.6,decoder_by_matrix,9c6baee88fc81e7d1aa345fcb3feec7ee81f21c5d49cb6ca037118097d89e180,"{""distance"":5,""physical_error_rate"":5e-05}","{""detection_events"":43155,""detectors_checked"":261120000}"
   2284544,         0,         0,   119.7,decoder_by_matrix,9c6baee88fc81e7d1aa345fcb3feec7ee81f21c5d49cb6ca037118097d89e180,"{""distance"":5,""physical_error_rate"":5e-05}","{""detection_events"":65055,""detectors_checked"":388372480}"
   2700288,         0,         0,   119.5,decoder_by_matrix,3c866087b289edc25e9adea730044a15db18cabfd3ae2507fc844d5b4e03657a,"{""distance"":5,""physical_error_rate"":5e-06}","{""detection_events"":7460,""detectors_checked"":459048960}"
   2572288,         0,         0,   119.6,decoder_by_matrix,e41ade2e4684e0396b9a3890c882b6453b515d69885aa1d89a26ce21ec554895,"{""distance"":5,""physical_error_rate"":1e-06}","{""detection_events"":1475,""detectors_checked"":437288960}"
   2492416,         0,         0,   119.6,decoder_by_matrix,fa5edda0c1038186c8afbec49b0215a0b852396cdb50783a3f937fdf51d2afac,"{""distance"":5,""physical_error_rate"":1e-05}","{""detection_events"":13760,""detectors_checked"":423710720}"
   1594368,         1,         0,   119.6,decoder_by_matrix,b84cf4b8ca220d31f17e1e2ea9ab927bbc4176b15682c650e7d1dd8f2758172b,"{""distance"":5,""physical_error_rate"":0.0005}","{""detection_events"":448765,""detectors_checked"":271042560,""obs_mistake_mask=E__E"":1}"
   1619968,         0,         0,   119.5,decoder_by_matrix,0421d486f8a041838688df650e87c0a19c3450ab7a7cc8b3dc589ebff86d1c74,"{""distance"":5,""physical_error_rate"":0.0001}","{""detection_events"":91435,""detectors_checked"":275394560}"
   1587200,         3,         0,   119.7,decoder_by_matrix,066a5d8d46981b593c3dec855f441edbe9e755a8873183448f69d036a2ecc650,"{""distance"":5,""physical_error_rate"":0.001}","{""detection_events"":897520,""detectors_checked"":269824000,""obs_mistake_mask=E__E"":1,""obs_mistake_mask=__E_"":1,""obs_mistake_mask=___E"":1}"
   2157568,         1,         0,   119.7,decoder_by_matrix,b84cf4b8ca220d31f17e1e2ea9ab927bbc4176b15682c650e7d1dd8f2758172b,"{""distance"":5,""physical_error_rate"":0.0005}","{""detection_events"":608925,""detectors_checked"":366786560,""obs_mistake_mask=E___"":1}"
   1589248,         0,         0,   119.6,decoder_by_matrix,9c6baee88fc81e7d1aa345fcb3feec7ee81f21c5d49cb6ca037118097d89e180,"{""distance"":5,""physical_error_rate"":5e-05}","{""detection_events"":46985,""detectors_checked"":270172160}"
   2027520,         0,         0,   119.6,decoder_by_matrix,0421d486f8a041838688df650e87c0a19c3450ab7a7cc8b3dc589ebff86d1c74,"{""distance"":5,""physical_error_rate"":0.0001}","{""detection_events"":114965,""detectors_checked"":344678400}"
   1588224,         7,         0,   119.6,decoder_by_matrix,066a5d8d46981b593c3dec855f441edbe9e755a8873183448f69d036a2ecc650,"{""distance"":5,""physical_error_rate"":0.001}","{""detection_events"":896360,""detectors_checked"":269998080,""obs_mistake_mask=EE_E"":1,""obs_mistake_mask=E_EE"":1,""obs_mistake_mask=E_E_"":1,""obs_mistake_mask=E___"":3,""obs_mistake_mask=___E"":1}"
   1604608,         0,         0,   119.5,decoder_by_matrix,3c866087b289edc25e9adea730044a15db18cabfd3ae2507fc844d5b4e03657a,"{""distance"":5,""physical_error_rate"":5e-06}","{""detection_events"":4450,""detectors_checked"":272783360}"
   1627136,         0,         0,   119.6,decoder_by_matrix,fa5edda0c1038186c8afbec49b0215a0b852396cdb50783a3f937fdf51d2afac,"{""distance"":5,""physical_error_rate"":1e-05}","{""detection_events"":9420,""detectors_checked"":276613120}"
   1581056,         0,         0,   119.4,decoder_by_matrix,b84cf4b8ca220d31f17e1e2ea9ab927bbc4176b15682c650e7d1dd8f2758172b,"{""distance"":5,""physical_error_rate"":0.0005}","{""detection_events"":452730,""detectors_checked"":268779520}"
   1619968,         0,         0,   119.6,decoder_by_matrix,e41ade2e4684e0396b9a3890c882b6453b515d69885aa1d89a26ce21ec554895,"{""distance"":5,""physical_error_rate"":1e-06}","{""detection_events"":840,""detectors_checked"":275394560}"
   1629184,         0,         0,   119.6,decoder_by_matrix,e41ade2e4684e0396b9a3890c882b6453b515d69885aa1d89a26ce21ec554895,"{""distance"":5,""physical_error_rate"":1e-06}","{""detection_events"":775,""detectors_checked"":276961280}"
   1620992,         0,         0,   119.5,decoder_by_matrix,3c866087b289edc25e9adea730044a15db18cabfd3ae2507fc844d5b4e03657a,"{""distance"":5,""physical_error_rate"":5e-06}","{""detection_events"":4050,""detectors_checked"":275568640}"
   1540096,         0,         0,   119.6,decoder_by_matrix,0421d486f8a041838688df650e87c0a19c3450ab7a7cc8b3dc589ebff86d1c74,"{""distance"":5,""physical_error_rate"":0.0001}","{""detection_events"":88415,""detectors_checked"":261816320}"
   1651712,         0,         0,   119.5,decoder_by_matrix,fa5edda0c1038186c8afbec49b0215a0b852396cdb50783a3f937fdf51d2afac,"{""distance"":5,""physical_error_rate"":1e-05}","{""detection_events"":9340,""detectors_checked"":280791040}"
   1581056,         0,         0,   119.6,decoder_by_matrix,9c6baee88fc81e7d1aa345fcb3feec7ee81f21c5d49cb6ca037118097d89e180,"{""distance"":5,""physical_error_rate"":5e-05}","{""detection_events"":44535,""detectors_checked"":268779520}"
   1574912,         0,         0,   119.6,decoder_by_matrix,0421d486f8a041838688df650e87c0a19c3450ab7a7cc8b3dc589ebff86d1c74,"{""distance"":5,""physical_error_rate"":0.0001}","{""detection_events"":91380,""detectors_checked"":267735040}"
   1515520,         4,         0,   119.6,decoder_by_matrix,066a5d8d46981b593c3dec855f441edbe9e755a8873183448f69d036a2ecc650,"{""distance"":5,""physical_error_rate"":0.001}","{""detection_events"":867010,""detectors_checked"":257638400,""obs_mistake_mask=E_E_"":1,""obs_mistake_mask=E__E"":1,""obs_mistake_mask=E___"":1,""obs_mistake_mask=__E_"":1}"
   1585152,         0,         0,   119.6,decoder_by_matrix,fa5edda0c1038186c8afbec49b0215a0b852396cdb50783a3f937fdf51d2afac,"{""distance"":5,""physical_error_rate"":1e-05}","{""detection_events"":8995,""detectors_checked"":269475840}"
   1596416,         0,         0,   119.7,decoder_by_matrix,e41ade2e4684e0396b9a3890c882b6453b515d69885aa1d89a26ce21ec554895,"{""distance"":5,""physical_error_rate"":1e-06}","{""detection_events"":735,""detectors_checked"":271390720}"
   1514496,         0,         0,   119.5,decoder_by_matrix,0421d486f8a041838688df650e87c0a19c3450ab7a7cc8b3dc589ebff86d1c74,"{""distance"":5,""physical_error_rate"":0.0001}","{""detection_events"":86805,""detectors_checked"":257464320}"
   1683456,         0,         0,   119.6,decoder_by_matrix,e41ade2e4684e0396b9a3890c882b6453b515d69885aa1d89a26ce21ec554895,"{""distance"":5,""physical_error_rate"":1e-06}","{""detection_events"":990,""detectors_checked"":286187520}"
   1489920,         0,         0,   119.5,decoder_by_matrix,9c6baee88fc81e7d1aa345fcb3feec7ee81f21c5d49cb6ca037118097d89e180,"{""distance"":5,""physical_error_rate"":5e-05}","{""detection_events"":42180,""detectors_checked"":253286400}"
   1539072,         0,         0,   119.8,decoder_by_matrix,fa5edda0c1038186c8afbec49b0215a0b852396cdb50783a3f937fdf51d2afac,"{""distance"":5,""physical_error_rate"":1e-05}","{""detection_events"":9475,""detectors_checked"":261642240}"
   1610752,         0,         0,   119.7,decoder_by_matrix,e41ade2e4684e0396b9a3890c882b6453b515d69885aa1d89a26ce21ec554895,"{""distance"":5,""physical_error_rate"":1e-06}","{""detection_events"":905,""detectors_checked"":273827840}"
   1599488,         0,         0,   119.5,decoder_by_matrix,3c866087b289edc25e9adea730044a15db18cabfd3ae2507fc844d5b4e03657a,"{""distance"":5,""physical_error_rate"":5e-06}","{""detection_events"":4840,""detectors_checked"":271912960}"
   1543168,         0,         0,   119.6,decoder_by_matrix,0421d486f8a041838688df650e87c0a19c3450ab7a7cc8b3dc589ebff86d1c74,"{""distance"":5,""physical_error_rate"":0.0001}","{""detection_events"":88335,""detectors_checked"":262338560}"
   1425408,         0,         0,   119.5,decoder_by_matrix,3c866087b289edc25e9adea730044a15db18cabfd3ae2507fc844d5b4e03657a,"{""distance"":5,""physical_error_rate"":5e-06}","{""detection_events"":4615,""detectors_checked"":242319360}"
   1557504,         0,         0,   119.5,decoder_by_matrix,b84cf4b8ca220d31f17e1e2ea9ab927bbc4176b15682c650e7d1dd8f2758172b,"{""distance"":5,""physical_error_rate"":0.0005}","{""detection_events"":440060,""detectors_checked"":264775680}"
   1553408,         0,         0,   119.6,decoder_by_matrix,b84cf4b8ca220d31f17e1e2ea9ab927bbc4176b15682c650e7d1dd8f2758172b,"{""distance"":5,""physical_error_rate"":0.0005}","{""detection_events"":445180,""detectors_checked"":264079360}"
   1509376,         0,         0,   119.5,decoder_by_matrix,fa5edda0c1038186c8afbec49b0215a0b852396cdb50783a3f937fdf51d2afac,"{""distance"":5,""physical_error_rate"":1e-05}","{""detection_events"":8110,""detectors_checked"":256593920}"
   1504256,         0,         0,   119.6,decoder_by_matrix,3c866087b289edc25e9adea730044a15db18cabfd3ae2507fc844d5b4e03657a,"{""distance"":5,""physical_error_rate"":5e-06}","{""detection_events"":4360,""detectors_checked"":255723520}"
   1499136,         2,         0,   119.5,decoder_by_matrix,066a5d8d46981b593c3dec855f441edbe9e755a8873183448f69d036a2ecc650,"{""distance"":5,""physical_error_rate"":0.001}","{""detection_events"":848725,""detectors_checked"":254853120,""obs_mistake_mask=E_E_"":1,""obs_mistake_mask=_EE_"":1}"
   1426432,         0,         0,   119.7,decoder_by_matrix,9c6baee88fc81e7d1aa345fcb3feec7ee81f21c5d49cb6ca037118097d89e180,"{""distance"":5,""physical_error_rate"":5e-05}","{""detection_events"":40075,""detectors_checked"":242493440}"
   1612800,         0,         0,   119.6,decoder_by_matrix,3c866087b289edc25e9adea730044a15db18cabfd3ae2507fc844d5b4e03657a,"{""distance"":5,""physical_error_rate"":5e-06}","{""detection_events"":4335,""detectors_checked"":274176000}"
   1675264,         0,         0,   119.6,decoder_by_matrix,e41ade2e4684e0396b9a3890c882b6453b515d69885aa1d89a26ce21ec554895,"{""distance"":5,""physical_error_rate"":1e-06}","{""detection_events"":1145,""detectors_checked"":284794880}"
   1534976,         0,         0,   119.6,decoder_by_matrix,0421d486f8a041838688df650e87c0a19c3450ab7a7cc8b3dc589ebff86d1c74,"{""distance"":5,""physical_error_rate"":0.0001}","{""detection_events"":88630,""detectors_checked"":260945920}"
   1555456,         0,         0,   119.5,decoder_by_matrix,fa5edda0c1038186c8afbec49b0215a0b852396cdb50783a3f937fdf51d2afac,"{""distance"":5,""physical_error_rate"":1e-05}","{""detection_events"":8730,""detectors_checked"":264427520}"
   1562624,         0,         0,   119.4,decoder_by_matrix,9c6baee88fc81e7d1aa345fcb3feec7ee81f21c5d49cb6ca037118097d89e180,"{""distance"":5,""physical_error_rate"":5e-05}","{""detection_events"":44255,""detectors_checked"":265646080}"
   1528832,         0,         0,   119.5,decoder_by_matrix,b84cf4b8ca220d31f17e1e2ea9ab927bbc4176b15682c650e7d1dd8f2758172b,"{""distance"":5,""physical_error_rate"":0.0005}","{""detection_events"":439910,""detectors_checked"":259901440}"
   5304320,         7,         0,   119.2,decoder_by_matrix,066a5d8d46981b593c3dec855f441edbe9e755a8873183448f69d036a2ecc650,"{""distance"":5,""physical_error_rate"":0.001}","{""detection_events"":3008215,""detectors_checked"":901734400,""obs_mistake_mask=EE__"":1,""obs_mistake_mask=E__E"":3,""obs_mistake_mask=_EEE"":1,""obs_mistake_mask=_EE_"":1,""obs_mistake_mask=___E"":1}"
   1569792,         2,         0,   119.6,decoder_by_matrix,b84cf4b8ca220d31f17e1e2ea9ab927bbc4176b15682c650e7d1dd8f2758172b,"{""distance"":5,""physical_error_rate"":0.0005}","{""detection_events"":445370,""detectors_checked"":266864640,""obs_mistake_mask=E__E"":1,""obs_mistake_mask=E___"":1}"
   1558528,         4,         0,   119.6,decoder_by_matrix,066a5d8d46981b593c3dec855f441edbe9e755a8873183448f69d036a2ecc650,"{""distance"":5,""physical_error_rate"":0.001}","{""detection_events"":883550,""detectors_checked"":264949760,""obs_mistake_mask=E__E"":1,""obs_mistake_mask=_E_E"":1,""obs_mistake_mask=___E"":2}"
   1526784,         0,         0,   119.5,decoder_by_matrix,9c6baee88fc81e7d1aa345fcb3feec7ee81f21c5d49cb6ca037118097d89e180,"{""distance"":5,""physical_error_rate"":5e-05}","{""detection_events"":44200,""detectors_checked"":259553280}"
   2301952,         0,         0,   119.6,decoder_by_matrix,9c6baee88fc81e7d1aa345fcb3feec7ee81f21c5d49cb6ca037118097d89e180,"{""distance"":5,""physical_error_rate"":5e-05}","{""detection_events"":67475,""detectors_checked"":391331840}"
   2712576,         0,         0,   119.6,decoder_by_matrix,3c866087b289edc25e9adea730044a15db18cabfd3ae2507fc844d5b4e03657a,"{""distance"":5,""physical_error_rate"":5e-06}","{""detection_events"":7940,""detectors_checked"":461137920}"
   2650112,         0,         0,   119.6,decoder_by_matrix,e41ade2e4684e0396b9a3890c882b6453b515d69885aa1d89a26ce21ec554895,"{""distance"":5,""physical_error_rate"":1e-06}","{""detection_events"":1690,""detectors_checked"":450519040}"
   2403328,         0,         0,   119.5,decoder_by_matrix,fa5edda0c1038186c8afbec49b0215a0b852396cdb50783a3f937fdf51d2afac,"{""distance"":5,""physical_error_rate"":1e-05}","{""detection_events"":14235,""detectors_checked"":408565760}"
   1582080,         1,         0,   119.5,decoder_by_matrix,b84cf4b8ca220d31f17e1e2ea9ab927bbc4176b15682c650e7d1dd8f2758172b,"{""distance"":5,""physical_error_rate"":0.0005}","{""detection_events"":453725,""detectors_checked"":268953600,""obs_mistake_mask=E_E_"":1}"
   1675264,         0,         0,   119.6,decoder_by_matrix,0421d486f8a041838688df650e87c0a19c3450ab7a7cc8b3dc589ebff86d1c74,"{""distance"":5,""physical_error_rate"":0.0001}","{""detection_events"":95300,""detectors_checked"":284794880}"
   2245632,         1,         0,   119.6,decoder_by_matrix,b84cf4b8ca220d31f17e1e2ea9ab927bbc4176b15682c650e7d1dd8f2758172b,"{""distance"":5,""physical_error_rate"":0.0005}","{""detection_events"":640780,""detectors_checked"":381757440,""obs_mistake_mask=_EE_"":1}"
   1577984,         2,         0,   119.4,decoder_by_matrix,066a5d8d46981b593c3dec855f441edbe9e755a8873183448f69d036a2ecc650,"{""distance"":5,""physical_error_rate"":0.001}","{""detection_events"":891080,""detectors_checked"":268257280,""obs_mistake_mask=EE__"":1,""obs_mistake_mask=E___"":1}"
   1609728,         0,         0,   119.7,decoder_by_matrix,9c6baee88fc81e7d1aa345fcb3feec7ee81f21c5d49cb6ca037118097d89e180,"{""distance"":5,""physical_error_rate"":5e-05}","{""detection_events"":46790,""detectors_checked"":273653760}"
   2201600,         0,         0,   119.6,decoder_by_matrix,0421d486f8a041838688df650e87c0a19c3450ab7a7cc8b3dc589ebff86d1c74,"{""distance"":5,""physical_error_rate"":0.0001}","{""detection_events"":127750,""detectors_checked"":374272000}"
   1566720,         3,         0,   119.6,decoder_by_matrix,066a5d8d46981b593c3dec855f441edbe9e755a8873183448f69d036a2ecc650,"{""distance"":5,""physical_error_rate"":0.001}","{""detection_events"":895140,""detectors_checked"":266342400,""obs_mistake_mask=_EE_"":1,""obs_mistake_mask=_E_E"":1,""obs_mistake_mask=_E__"":1}"
   1627136,         0,         0,   119.7,decoder_by_matrix,3c866087b289edc25e9adea730044a15db18cabfd3ae2507fc844d5b4e03657a,"{""distance"":5,""physical_error_rate"":5e-06}","{""detection_events"":4450,""detectors_checked"":276613120}"
   1642496,         0,         0,   119.5,decoder_by_matrix,fa5edda0c1038186c8afbec49b0215a0b852396cdb50783a3f937fdf51d2afac,"{""distance"":5,""physical_error_rate"":1e-05}","{""detection_events"":8930,""detectors_checked"":279224320}"
   1561600,         2,         0,   119.6,decoder_by_matrix,b84cf4b8ca220d31f17e1e2ea9ab927bbc4176b15682c650e7d1dd8f2758172b,"{""distance"":5,""physical_error_rate"":0.0005}","{""detection_events"":440980,""detectors_checked"":265472000,""obs_mistake_mask=_E__"":1,""obs_mistake_mask=__E_"":1}"
   1619968,         0,         0,   119.7,decoder_by_matrix,e41ade2e4684e0396b9a3890c882b6453b515d69885aa1d89a26ce21ec554895,"{""distance"":5,""physical_error_rate"":1e-06}","{""detection_events"":815,""detectors_checked"":275394560}"
   1651712,         0,         0,   119.6,decoder_by_matrix,3c866087b289edc25e9adea730044a15db18cabfd3ae2507fc844d5b4e03657a,"{""distance"":5,""physical_error_rate"":5e-06}","{""detection_events"":4825,""detectors_checked"":280791040}"
   1625088,         0,         0,   119.6,decoder_by_matrix,e41ade2e4684e0396b9a3890c882b6453b515d69885aa1d89a26ce21ec554895,"{""distance"":5,""physical_error_rate"":1e-06}","{""detection_events"":1150,""detectors_checked"":276264960}"
   1481728,         0,         0,   119.6,decoder_by_matrix,0421d486f8a041838688df650e87c0a19c3450ab7a7cc8b3dc589ebff86d1c74,"{""distance"":5,""physical_error_rate"":0.0001}","{""detection_events"":85210,""detectors_checked"":251893760}"
   1648640,         0,         0,   119.6,decoder_by_matrix,fa5edda0c1038186c8afbec49b0215a0b852396cdb50783a3f937fdf51d2afac,"{""distance"":5,""physical_error_rate"":1e-05}","{""detection_events"":9015,""detectors_checked"":280268800}"
   1582080,         0,         0,   119.6,decoder_by_matrix,9c6baee88fc81e7d1aa345fcb3feec7ee81f21c5d49cb6ca037118097d89e180,"{""distance"":5,""physical_error_rate"":5e-05}","{""detection_events"":43745,""detectors_checked"":268953600}"
   1581056,         0,         0,   119.6,decoder_by_matrix,0421d486f8a041838688df650e87c0a19c3450ab7a7cc8b3dc589ebff86d1c74,"{""distance"":5,""physical_error_rate"":0.0001}","{""detection_events"":88210,""detectors_checked"":268779520}"
   1563648,         4,         0,   119.6,decoder_by_matrix,066a5d8d46981b593c3dec855f441edbe9e755a8873183448f69d036a2ecc650,"{""distance"":5,""physical_error_rate"":0.001}","{""detection_events"":885070,""detectors_checked"":265820160,""obs_mistake_mask=E___"":1,""obs_mistake_mask=_EE_"":1,""obs_mistake_mask=_E_E"":1,""obs_mistake_mask=__E_"":1}"
   1580032,         0,         0,   119.6,decoder_by_matrix,fa5edda0c1038186c8afbec49b0215a0b852396cdb50783a3f937fdf51d2afac,"{""distance"":5,""physical_error_rate"":1e-05}","{""detection_events"":9635,""detectors_checked"":268605440}"
   1653760,         0,         0,   119.7,decoder_by_matrix,e41ade2e4684e0396b9a3890c882b6453b515d69885aa1d89a26ce21ec554895,"{""distance"":5,""physical_error_rate"":1e-06}","{""detection_events"":810,""detectors_checked"":281139200}"
   1560576,         0,         0,   119.6,decoder_by_matrix,0421d486f8a041838688df650e87c0a19c3450ab7a7cc8b3dc589ebff86d1c74,"{""distance"":5,""physical_error_rate"":0.0001}","{""detection_events"":87985,""detectors_checked"":265297920}"
   1507328,         0,         0,   119.6,decoder_by_matrix,e41ade2e4684e0396b9a3890c882b6453b515d69885aa1d89a26ce21ec554895,"{""distance"":5,""physical_error_rate"":1e-06}","{""detection_events"":785,""detectors_checked"":256245760}"
   1588224,         0,         0,   119.5,decoder_by_matrix,9c6baee88fc81e7d1aa345fcb3feec7ee81f21c5d49cb6ca037118097d89e180,"{""distance"":5,""physical_error_rate"":5e-05}","{""detection_events"":44890,""detectors_checked"":269998080}"
   1630208,         0,         0,   119.6,decoder_by_matrix,fa5edda0c1038186c8afbec49b0215a0b852396cdb50783a3f937fdf51d2afac,"{""distance"":5,""physical_error_rate"":1e-05}","{""detection_events"":8350,""detectors_checked"":277135360}"
   1665024,         0,         0,   119.6,decoder_by_matrix,e41ade2e4684e0396b9a3890c882b6453b515d69885aa1d89a26ce21ec554895,"{""distance"":5,""physical_error_rate"":1e-06}","{""detection_events"":1190,""detectors_checked"":283054080}"
   1643520,         0,         0,   119.6,decoder_by_matrix,3c866087b289edc25e9adea730044a15db18cabfd3ae2507fc844d5b4e03657a,"{""distance"":5,""physical_error_rate"":5e-06}","{""detection_events"":4505,""detectors_checked"":279398400}"
   1594368,         0,         0,   119.5,decoder_by_matrix,0421d486f8a041838688df650e87c0a19c3450ab7a7cc8b3dc589ebff86d1c74,"{""distance"":5,""physical_error_rate"":0.0001}","{""detection_events"":89780,""detectors_checked"":271042560}"
   1453056,         0,         0,   119.6,decoder_by_matrix,3c866087b289edc25e9adea730044a15db18cabfd3ae2507fc844d5b4e03657a,"{""distance"":5,""physical_error_rate"":5e-06}","{""detection_events"":4260,""detectors_checked"":247019520}"
   1560576,         0,         0,   119.7,decoder_by_matrix,b84cf4b8ca220d31f17e1e2ea9ab927bbc4176b15682c650e7d1dd8f2758172b,"{""distance"":5,""physical_error_rate"":0.0005}","{""detection_events"":448065,""detectors_checked"":265297920}"
   1496064,         0,         0,   119.5,decoder_by_matrix,b84cf4b8ca220d31f17e1e2ea9ab927bbc4176b15682c650e7d1dd8f2758172b,"{""distance"":5,""physical_error_rate"":0.0005}","{""detection_events"":422910,""detectors_checked"":254330880}"
   2698240,         0,         0,   119.3,decoder_by_matrix,fa5edda0c1038186c8afbec49b0215a0b852396cdb50783a3f937fdf51d2afac,"{""distance"":5,""physical_error_rate"":1e-05}","{""detection_events"":14605,""detectors_checked"":458700800}"
   1607680,         0,         0,   119.6,decoder_by_matrix,3c866087b289edc25e9adea730044a15db18cabfd3ae2507fc844d5b4e03657a,"{""distance"":5,""physical_error_rate"":5e-06}","{""detection_events"":4770,""detectors_checked"":273305600}"
   1515520,         3,         0,   119.6,decoder_by_matrix,066a5d8d46981b593c3dec855f441edbe9e755a8873183448f69d036a2ecc650,"{""distance"":5,""physical_error_rate"":0.001}","{""detection_events"":865425,""detectors_checked"":257638400,""obs_mistake_mask=E___"":1,""obs_mistake_mask=_EEE"":1,""obs_mistake_mask=___E"":1}"
   1519616,         0,         0,   119.5,decoder_by_matrix,9c6baee88fc81e7d1aa345fcb3feec7ee81f21c5d49cb6ca037118097d89e180,"{""distance"":5,""physical_error_rate"":5e-05}","{""detection_events"":44085,""detectors_checked"":258334720}"
   1657856,         0,         0,   119.7,decoder_by_matrix,e41ade2e4684e0396b9a3890c882b6453b515d69885aa1d89a26ce21ec554895,"{""distance"":5,""physical_error_rate"":1e-06}","{""detection_events"":685,""detectors_checked"":281835520}"
   1669120,         0,         0,   119.7,decoder_by_matrix,3c866087b289edc25e9adea730044a15db18cabfd3ae2507fc844d5b4e03657a,"{""distance"":5,""physical_error_rate"":5e-06}","{""detection_events"":5150,""detectors_checked"":283750400}"
   1538048,         0,         0,   119.6,decoder_by_matrix,0421d486f8a041838688df650e87c0a19c3450ab7a7cc8b3dc589ebff86d1c74,"{""distance"":5,""physical_error_rate"":0.0001}","{""detection_events"":87705,""detectors_checked"":261468160}"
   1565696,         0,         0,   119.6,decoder_by_matrix,fa5edda0c1038186c8afbec49b0215a0b852396cdb50783a3f937fdf51d2afac,"{""distance"":5,""physical_error_rate"":1e-05}","{""detection_events"":8725,""detectors_checked"":266168320}"
   1592320,         0,         0,   119.6,decoder_by_matrix,9c6baee88fc81e7d1aa345fcb3feec7ee81f21c5d49cb6ca037118097d89e180,"{""distance"":5,""physical_error_rate"":5e-05}","{""detection_events"":44435,""detectors_checked"":270694400}"
   1479680,         0,         0,   119.6,decoder_by_matrix,b84cf4b8ca220d31f17e1e2ea9ab927bbc4176b15682c650e7d1dd8f2758172b,"{""distance"":5,""physical_error_rate"":0.0005}","{""detection_events"":427090,""detectors_checked"":251545600}"
   3324928,         8,         0,   119.2,decoder_by_matrix,066a5d8d46981b593c3dec855f441edbe9e755a8873183448f69d036a2ecc650,"{""distance"":5,""physical_error_rate"":0.001}","{""detection_events"":1888320,""detectors_checked"":565237760,""obs_mistake_mask=E_E_"":1,""obs_mistake_mask=E__E"":1,""obs_mistake_mask=E___"":1,""obs_mistake_mask=_EEE"":1,""obs_mistake_mask=_E__"":1,""obs_mistake_mask=__EE"":2,""obs_mistake_mask=__E_"":1}"
   1579008,         0,         0,   119.6,decoder_by_matrix,b84cf4b8ca220d31f17e1e2ea9ab927bbc4176b15682c650e7d1dd8f2758172b,"{""distance"":5,""physical_error_rate"":0.0005}","{""detection_events"":449720,""detectors_checked"":268431360}"
   1566720,         8,         0,   119.6,decoder_by_matrix,066a5d8d46981b593c3dec855f441edbe9e755a8873183448f69d036a2ecc650,"{""distance"":5,""physical_error_rate"":0.001}","{""detection_events"":896745,""detectors_checked"":266342400,""obs_mistake_mask=E___"":1,""obs_mistake_mask=_E_E"":1,""obs_mistake_mask=_E__"":1,""obs_mistake_mask=__E_"":3,""obs_mistake_mask=___E"":2}"
   1558528,         0,         0,   119.6,decoder_by_matrix,9c6baee88fc81e7d1aa345fcb3feec7ee81f21c5d49cb6ca037118097d89e180,"{""distance"":5,""physical_error_rate"":5e-05}","{""detection_events"":42200,""detectors_checked"":264949760}"
   2380800,         0,         0,   119.6,decoder_by_matrix,9c6baee88fc81e7d1aa345fcb3feec7ee81f21c5d49cb6ca037118097d89e180,"{""distance"":5,""physical_error_rate"":5e-05}","{""detection_events"":66545,""detectors_checked"":404736000}"
   2734828,         0,         0,   119.6,decoder_by_matrix,3c866087b289edc25e9adea730044a15db18cabfd3ae2507fc844d5b4e03657a,"{""distance"":5,""physical_error_rate"":5e-06}","{""detection_events"":7445,""detectors_checked"":464920760}"
   2650112,         0,         0,   119.6,decoder_by_matrix,e41ade2e4684e0396b9a3890c882b6453b515d69885aa1d89a26ce21ec554895,"{""distance"":5,""physical_error_rate"":1e-06}","{""detection_events"":1290,""detectors_checked"":450519040}"
   2641920,         0,         0,   119.6,decoder_by_matrix,fa5edda0c1038186c8afbec49b0215a0b852396cdb50783a3f937fdf51d2afac,"{""distance"":5,""physical_error_rate"":1e-05}","{""detection_events"":14490,""detectors_checked"":449126400}"
   1574912,         0,         0,   119.6,decoder_by_matrix,b84cf4b8ca220d31f17e1e2ea9ab927bbc4176b15682c650e7d1dd8f2758172b,"{""distance"":5,""physical_error_rate"":0.0005}","{""detection_events"":445165,""detectors_checked"":267735040}"
   1630208,         0,         0,   119.5,decoder_by_matrix,0421d486f8a041838688df650e87c0a19c3450ab7a7cc8b3dc589ebff86d1c74,"{""distance"":5,""physical_error_rate"":0.0001}","{""detection_events"":92655,""detectors_checked"":277135360}"
   2091008,         0,         0,   119.6,decoder_by_matrix,b84cf4b8ca220d31f17e1e2ea9ab927bbc4176b15682c650e7d1dd8f2758172b,"{""distance"":5,""physical_error_rate"":0.0005}","{""detection_events"":604355,""detectors_checked"":355471360}"
   1633280,         4,         0,   119.6,decoder_by_matrix,066a5d8d46981b593c3dec855f441edbe9e755a8873183448f69d036a2ecc650,"{""distance"":5,""physical_error_rate"":0.001}","{""detection_events"":925005,""detectors_checked"":277657600,""obs_mistake_mask=E___"":1,""obs_mistake_mask=_E_E"":1,""obs_mistake_mask=_E__"":1,""obs_mistake_mask=___E"":1}"
   2395136,         0,         0,   119.6,decoder_by_matrix,0421d486f8a041838688df650e87c0a19c3450ab7a7cc8b3dc589ebff86d1c74,"{""distance"":5,""physical_error_rate"":0.0001}","{""detection_events"":135230,""detectors_checked"":407173120}"
   1593344,         0,         0,   119.5,decoder_by_matrix,9c6baee88fc81e7d1aa345fcb3feec7ee81f21c5d49cb6ca037118097d89e180,"{""distance"":5,""physical_error_rate"":5e-05}","{""detection_events"":45845,""detectors_checked"":270868480}"
   1581056,         5,         0,   119.6,decoder_by_matrix,066a5d8d46981b593c3dec855f441edbe9e755a8873183448f69d036a2ecc650,"{""distance"":5,""physical_error_rate"":0.001}","{""detection_events"":889310,""detectors_checked"":268779520,""obs_mistake_mask=EE__"":2,""obs_mistake_mask=E__E"":2,""obs_mistake_mask=_EE_"":1}"
   1614848,         0,         0,   119.5,decoder_by_matrix,3c866087b289edc25e9adea730044a15db18cabfd3ae2507fc844d5b4e03657a,"{""distance"":5,""physical_error_rate"":5e-06}","{""detection_events"":4980,""detectors_checked"":274524160}"
   1620992,         0,         0,   119.7,decoder_by_matrix,fa5edda0c1038186c8afbec49b0215a0b852396cdb50783a3f937fdf51d2afac,"{""distance"":5,""physical_error_rate"":1e-05}","{""detection_events"":10065,""detectors_checked"":275568640}"
   1569792,         0,         0,   119.6,decoder_by_matrix,b84cf4b8ca220d31f17e1e2ea9ab927bbc4176b15682c650e7d1dd8f2758172b,"{""distance"":5,""physical_error_rate"":0.0005}","{""detection_events"":449685,""detectors_checked"":266864640}"
   1637376,         0,         0,   119.6,decoder_by_matrix,3c866087b289edc25e9adea730044a15db18cabfd3ae2507fc844d5b4e03657a,"{""distance"":5,""physical_error_rate"":5e-06}","{""detection_events"":4845,""detectors_checked"":278353920}"
   1641472,         0,         0,   119.6,decoder_by_matrix,e41ade2e4684e0396b9a3890c882b6453b515d69885aa1d89a26ce21ec554895,"{""distance"":5,""physical_error_rate"":1e-06}","{""detection_events"":770,""detectors_checked"":279050240}"
   1648640,         0,         0,   119.7,decoder_by_matrix,e41ade2e4684e0396b9a3890c882b6453b515d69885aa1d89a26ce21ec554895,"{""distance"":5,""physical_error_rate"":1e-06}","{""detection_events"":945,""detectors_checked"":280268800}"
   1678336,         0,         0,   119.6,decoder_by_matrix,fa5edda0c1038186c8afbec49b0215a0b852396cdb50783a3f937fdf51d2afac,"{""distance"":5,""physical_error_rate"":1e-05}","{""detection_events"":9515,""detectors_checked"":285317120}"
   1418240,         0,         0,   119.5,decoder_by_matrix,0421d486f8a041838688df650e87c0a19c3450ab7a7cc8b3dc589ebff86d1c74,"{""distance"":5,""physical_error_rate"":0.0001}","{""detection_events"":80355,""detectors_checked"":241100800}"
   1584128,         0,         0,   119.5,decoder_by_matrix,9c6baee88fc81e7d1aa345fcb3feec7ee81f21c5d49cb6ca037118097d89e180,"{""distance"":5,""physical_error_rate"":5e-05}","{""detection_events"":44725,""detectors_checked"":269301760}"
   1583104,         0,         0,   119.6,decoder_by_matrix,0421d486f8a041838688df650e87c0a19c3450ab7a7cc8b3dc589ebff86d1c74,"{""distance"":5,""physical_error_rate"":0.0001}","{""detection_events"":88270,""detectors_checked"":269127680}"
   1518592,         4,         0,   119.6,decoder_by_matrix,066a5d8d46981b593c3dec855f441edbe9e755a8873183448f69d036a2ecc650,"{""distance"":5,""physical_error_rate"":0.001}","{""detection_events"":862445,""detectors_checked"":258160640,""obs_mistake_mask=E_E_"":1,""obs_mistake_mask=E___"":1,""obs_mistake_mask=_EE_"":1,""obs_mistake_mask=__E_"":1}"
   1610752,         0,         0,   119.6,decoder_by_matrix,fa5edda0c1038186c8afbec49b0215a0b852396cdb50783a3f937fdf51d2afac,"{""distance"":5,""physical_error_rate"":1e-05}","{""detection_events"":8810,""detectors_checked"":273827840}"
   1556480,         0,         0,   119.6,decoder_by_matrix,e41ade2e4684e0396b9a3890c882b6453b515d69885aa1d89a26ce21ec554895,"{""distance"":5,""physical_error_rate"":1e-06}","{""detection_events"":1010,""detectors_checked"":264601600}"
   1494016,         0,         0,   119.7,decoder_by_matrix,0421d486f8a041838688df650e87c0a19c3450ab7a7cc8b3dc589ebff86d1c74,"{""distance"":5,""physical_error_rate"":0.0001}","{""detection_events"":83865,""detectors_checked"":253982720}"
   1553408,         0,         0,   119.6,decoder_by_matrix,e41ade2e4684e0396b9a3890c882b6453b515d69885aa1d89a26ce21ec554895,"{""distance"":5,""physical_error_rate"":1e-06}","{""detection_events"":680,""detectors_checked"":264079360}"
   1531904,         0,         0,   119.4,decoder_by_matrix,9c6baee88fc81e7d1aa345fcb3feec7ee81f21c5d49cb6ca037118097d89e180,"{""distance"":5,""physical_error_rate"":5e-05}","{""detection_events"":43135,""detectors_checked"":260423680}"
   1616896,         0,         0,   119.5,decoder_by_matrix,fa5edda0c1038186c8afbec49b0215a0b852396cdb50783a3f937fdf51d2afac,"{""distance"":5,""physical_error_rate"":1e-05}","{""detection_events"":8770,""detectors_checked"":274872320}"
   1640448,         0,         0,   119.5,decoder_by_matrix,e41ade2e4684e0396b9a3890c882b6453b515d69885aa1d89a26ce21ec554895,"{""distance"":5,""physical_error_rate"":1e-06}","{""detection_events"":880,""detectors_checked"":278876160}"
   1617920,         0,         0,   119.6,decoder_by_matrix,3c866087b289edc25e9adea730044a15db18cabfd3ae2507fc844d5b4e03657a,"{""distance"":5,""physical_error_rate"":5e-06}","{""detection_events"":4570,""detectors_checked"":275046400}"
   1594368,         0,         0,   119.5,decoder_by_matrix,3c866087b289edc25e9adea730044a15db18cabfd3ae2507fc844d5b4e03657a,"{""distance"":5,""physical_error_rate"":5e-06}","{""detection_events"":4750,""detectors_checked"":271042560}"
   1565696,         0,         0,   119.6,decoder_by_matrix,0421d486f8a041838688df650e87c0a19c3450ab7a7cc8b3dc589ebff86d1c74,"{""distance"":5,""physical_error_rate"":0.0001}","{""detection_events"":89960,""detectors_checked"":266168320}"
   1529856,         0,         0,   119.6,decoder_by_matrix,b84cf4b8ca220d31f17e1e2ea9ab927bbc4176b15682c650e7d1dd8f2758172b,"{""distance"":5,""physical_error_rate"":0.0005}","{""detection_events"":437390,""detectors_checked"":260075520}"
   1598464,         0,         0,   119.6,decoder_by_matrix,b84cf4b8ca220d31f17e1e2ea9ab927bbc4176b15682c650e7d1dd8f2758172b,"{""distance"":5,""physical_error_rate"":0.0005}","{""detection_events"":455920,""detectors_checked"":271738880}"
   3269632,         0,         0,   119.1,decoder_by_matrix,fa5edda0c1038186c8afbec49b0215a0b852396cdb50783a3f937fdf51d2afac,"{""distance"":5,""physical_error_rate"":1e-05}","{""detection_events"":19595,""detectors_checked"":555837440}"
   1666048,         0,         0,   119.6,decoder_by_matrix,3c866087b289edc25e9adea730044a15db18cabfd3ae2507fc844d5b4e03657a,"{""distance"":5,""physical_error_rate"":5e-06}","{""detection_events"":4470,""detectors_checked"":283228160}"
   1567744,         4,         0,   119.6,decoder_by_matrix,066a5d8d46981b593c3dec855f441edbe9e755a8873183448f69d036a2ecc650,"{""distance"":5,""physical_error_rate"":0.001}","{""detection_events"":891635,""detectors_checked"":266516480,""obs_mistake_mask=E___"":2,""obs_mistake_mask=_EE_"":1,""obs_mistake_mask=__E_"":1}"
   1504256,         0,         0,   119.6,decoder_by_matrix,9c6baee88fc81e7d1aa345fcb3feec7ee81f21c5d49cb6ca037118097d89e180,"{""distance"":5,""physical_error_rate"":5e-05}","{""detection_events"":41930,""detectors_checked"":255723520}"
   1509454,         0,         0,    69.6,decoder_by_matrix,e41ade2e4684e0396b9a3890c882b6453b515d69885aa1d89a26ce21ec554895,"{""distance"":5,""physical_error_rate"":1e-06}","{""detection_events"":705,""detectors_checked"":256607180}"
   1590272,         0,         0,   119.6,decoder_by_matrix,e41ade2e4684e0396b9a3890c882b6453b515d69885aa1d89a26ce21ec554895,"{""distance"":5,""physical_error_rate"":1e-06}","{""detection_events"":975,""detectors_checked"":270346240}"
   1639424,         0,         0,   119.5,decoder_by_matrix,3c866087b289edc25e9adea730044a15db18cabfd3ae2507fc844d5b4e03657a,"{""distance"":5,""physical_error_rate"":5e-06}","{""detection_events"":4865,""detectors_checked"":278702080}"
   1459200,         0,         0,   119.6,decoder_by_matrix,0421d486f8a041838688df650e87c0a19c3450ab7a7cc8b3dc589ebff86d1c74,"{""distance"":5,""physical_error_rate"":0.0001}","{""detection_events"":83550,""detectors_checked"":248064000}"
   1608704,         0,         0,   119.6,decoder_by_matrix,fa5edda0c1038186c8afbec49b0215a0b852396cdb50783a3f937fdf51d2afac,"{""distance"":5,""physical_error_rate"":1e-05}","{""detection_events"":9120,""detectors_checked"":273479680}"
   1452032,         0,         0,   119.7,decoder_by_matrix,9c6baee88fc81e7d1aa345fcb3feec7ee81f21c5d49cb6ca037118097d89e180,"{""distance"":5,""physical_error_rate"":5e-05}","{""detection_events"":41295,""detectors_checked"":246845440}"
   1577984,         0,         0,   119.8,decoder_by_matrix,b84cf4b8ca220d31f17e1e2ea9ab927bbc4176b15682c650e7d1dd8f2758172b,"{""distance"":5,""physical_error_rate"":0.0005}","{""detection_events"":445780,""detectors_checked"":268257280}"
   3147776,         4,         0,   119.4,decoder_by_matrix,066a5d8d46981b593c3dec855f441edbe9e755a8873183448f69d036a2ecc650,"{""distance"":5,""physical_error_rate"":0.001}","{""detection_events"":1776500,""detectors_checked"":535121920,""obs_mistake_mask=EE__"":1,""obs_mistake_mask=E__E"":1,""obs_mistake_mask=_EEE"":1,""obs_mistake_mask=_E_E"":1}"
   1503232,         0,         0,   119.6,decoder_by_matrix,b84cf4b8ca220d31f17e1e2ea9ab927bbc4176b15682c650e7d1dd8f2758172b,"{""distance"":5,""physical_error_rate"":0.0005}","{""detection_events"":431960,""detectors_checked"":255549440}"
   1490944,         4,         0,   119.6,decoder_by_matrix,066a5d8d46981b593c3dec855f441edbe9e755a8873183448f69d036a2ecc650,"{""distance"":5,""physical_error_rate"":0.001}","{""detection_events"":847595,""detectors_checked"":253460480,""obs_mistake_mask=E_E_"":2,""obs_mistake_mask=E___"":2}"
   1465344,         0,         0,   119.6,decoder_by_matrix,9c6baee88fc81e7d1aa345fcb3feec7ee81f21c5d49cb6ca037118097d89e180,"{""distance"":5,""physical_error_rate"":5e-05}","{""detection_events"":41590,""detectors_checked"":249108480}"
   2509824,         0,         0,   119.7,decoder_by_matrix,9c6baee88fc81e7d1aa345fcb3feec7ee81f21c5d49cb6ca037118097d89e180,"{""distance"":5,""physical_error_rate"":5e-05}","{""detection_events"":72190,""detectors_checked"":426670080}"
   2919424,         0,         0,   119.6,decoder_by_matrix,3c866087b289edc25e9adea730044a15db18cabfd3ae2507fc844d5b4e03657a,"{""distance"":5,""physical_error_rate"":5e-06}","{""detection_events"":9090,""detectors_checked"":496302080}"
   2667520,         0,         0,   119.6,decoder_by_matrix,fa5edda0c1038186c8afbec49b0215a0b852396cdb50783a3f937fdf51d2afac,"{""distance"":5,""physical_error_rate"":1e-05}","{""detection_events"":15310,""detectors_checked"":453478400}"
   1577984,         1,         0,   119.7,decoder_by_matrix,b84cf4b8ca220d31f17e1e2ea9ab927bbc4176b15682c650e7d1dd8f2758172b,"{""distance"":5,""physical_error_rate"":0.0005}","{""detection_events"":447855,""detectors_checked"":268257280,""obs_mistake_mask=EE__"":1}"
   1658880,         0,         0,   119.5,decoder_by_matrix,0421d486f8a041838688df650e87c0a19c3450ab7a7cc8b3dc589ebff86d1c74,"{""distance"":5,""physical_error_rate"":0.0001}","{""detection_events"":94590,""detectors_checked"":282009600}"
   1582080,         5,         0,   119.6,decoder_by_matrix,066a5d8d46981b593c3dec855f441edbe9e755a8873183448f69d036a2ecc650,"{""distance"":5,""physical_error_rate"":0.001}","{""detection_events"":901550,""detectors_checked"":268953600,""obs_mistake_mask=E__E"":1,""obs_mistake_mask=E___"":1,""obs_mistake_mask=__EE"":1,""obs_mistake_mask=__E_"":1,""obs_mistake_mask=___E"":1}"
   2329600,         0,         0,   119.6,decoder_by_matrix,0421d486f8a041838688df650e87c0a19c3450ab7a7cc8b3dc589ebff86d1c74,"{""distance"":5,""physical_error_rate"":0.0001}","{""detection_events"":131970,""detectors_checked"":396032000}"
   2264064,         0,         0,   119.7,decoder_by_matrix,b84cf4b8ca220d31f17e1e2ea9ab927bbc4176b15682c650e7d1dd8f2758172b,"{""distance"":5,""physical_error_rate"":0.0005}","{""detection_events"":652205,""detectors_checked"":384890880}"
   1625088,         0,         0,   119.4,decoder_by_matrix,9c6baee88fc81e7d1aa345fcb3feec7ee81f21c5d49cb6ca037118097d89e180,"{""distance"":5,""physical_error_rate"":5e-05}","{""detection_events"":45770,""detectors_checked"":276264960}"
   1569792,         4,         0,   119.6,decoder_by_matrix,066a5d8d46981b593c3dec855f441edbe9e755a8873183448f69d036a2ecc650,"{""distance"":5,""physical_error_rate"":0.001}","{""detection_events"":894400,""detectors_checked"":266864640,""obs_mistake_mask=EE__"":1,""obs_mistake_mask=E___"":2,""obs_mistake_mask=__EE"":1}"
   1654784,         0,         0,   119.6,decoder_by_matrix,3c866087b289edc25e9adea730044a15db18cabfd3ae2507fc844d5b4e03657a,"{""distance"":5,""physical_error_rate"":5e-06}","{""detection_events"":4760,""detectors_checked"":281313280}"
   1627136,         0,         0,   119.6,decoder_by_matrix,fa5edda0c1038186c8afbec49b0215a0b852396cdb50783a3f937fdf51d2afac,"{""distance"":5,""physical_error_rate"":1e-05}","{""detection_events"":9115,""detectors_checked"":276613120}"
   1667072,         0,         0,   119.7,decoder_by_matrix,b84cf4b8ca220d31f17e1e2ea9ab927bbc4176b15682c650e7d1dd8f2758172b,"{""distance"":5,""physical_error_rate"":0.0005}","{""detection_events"":474450,""detectors_checked"":283402240}"
   1704960,         0,         0,   119.6,decoder_by_matrix,3c866087b289edc25e9adea730044a15db18cabfd3ae2507fc844d5b4e03657a,"{""distance"":5,""physical_error_rate"":5e-06}","{""detection_events"":5230,""detectors_checked"":289843200}"
   1645568,         0,         0,   119.5,decoder_by_matrix,e41ade2e4684e0396b9a3890c882b6453b515d69885aa1d89a26ce21ec554895,"{""distance"":5,""physical_error_rate"":1e-06}","{""detection_events"":1120,""detectors_checked"":279746560}"
   1683456,         0,         0,   119.6,decoder_by_matrix,e41ade2e4684e0396b9a3890c882b6453b515d69885aa1d89a26ce21ec554895,"{""distance"":5,""physical_error_rate"":1e-06}","{""detection_events"":1030,""detectors_checked"":286187520}"
   1697792,         0,         0,   119.5,decoder_by_matrix,fa5edda0c1038186c8afbec49b0215a0b852396cdb50783a3f937fdf51d2afac,"{""distance"":5,""physical_error_rate"":1e-05}","{""detection_events"":9235,""detectors_checked"":288624640}"
   1527808,         0,         0,   119.6,decoder_by_matrix,0421d486f8a041838688df650e87c0a19c3450ab7a7cc8b3dc589ebff86d1c74,"{""distance"":5,""physical_error_rate"":0.0001}","{""detection_events"":87895,""detectors_checked"":259727360}"
   1777664,         0,         0,   119.6,decoder_by_matrix,9c6baee88fc81e7d1aa345fcb3feec7ee81f21c5d49cb6ca037118097d89e180,"{""distance"":5,""physical_error_rate"":5e-05}","{""detection_events"":50825,""detectors_checked"":302202880}"
   1709056,         0,         0,   119.6,decoder_by_matrix,0421d486f8a041838688df650e87c0a19c3450ab7a7cc8b3dc589ebff86d1c74,"{""distance"":5,""physical_error_rate"":0.0001}","{""detection_events"":97505,""detectors_checked"":290539520}"
   1549312,         3,         0,   119.7,decoder_by_matrix,066a5d8d46981b593c3dec855f441edbe9e755a8873183448f69d036a2ecc650,"{""distance"":5,""physical_error_rate"":0.001}","{""detection_events"":882230,""detectors_checked"":263383040,""obs_mistake_mask=EE__"":1,""obs_mistake_mask=E__E"":1,""obs_mistake_mask=E___"":1}"
   1489920,         0,         0,   119.5,decoder_by_matrix,fa5edda0c1038186c8afbec49b0215a0b852396cdb50783a3f937fdf51d2afac,"{""distance"":5,""physical_error_rate"":1e-05}","{""detection_events"":8180,""detectors_checked"":253286400}"
   1452032,         0,         0,   119.5,decoder_by_matrix,e41ade2e4684e0396b9a3890c882b6453b515d69885aa1d89a26ce21ec554895,"{""distance"":5,""physical_error_rate"":1e-06}","{""detection_events"":820,""detectors_checked"":246845440}"
   1469440,         0,         0,   119.7,decoder_by_matrix,0421d486f8a041838688df650e87c0a19c3450ab7a7cc8b3dc589ebff86d1c74,"{""distance"":5,""physical_error_rate"":0.0001}","{""detection_events"":86160,""detectors_checked"":249804800}"
   1569792,         0,         0,   119.6,decoder_by_matrix,e41ade2e4684e0396b9a3890c882b6453b515d69885aa1d89a26ce21ec554895,"{""distance"":5,""physical_error_rate"":1e-06}","{""detection_events"":1040,""detectors_checked"":266864640}"
   1481728,         0,         0,   119.6,decoder_by_matrix,9c6baee88fc81e7d1aa345fcb3feec7ee81f21c5d49cb6ca037118097d89e180,"{""distance"":5,""physical_error_rate"":5e-05}","{""detection_events"":43665,""detectors_checked"":251893760}"
   1671168,         0,         0,   119.6,decoder_by_matrix,fa5edda0c1038186c8afbec49b0215a0b852396cdb50783a3f937fdf51d2afac,"{""distance"":5,""physical_error_rate"":1e-05}","{""detection_events"":9395,""detectors_checked"":284098560}"
   1608704,         0,         0,   119.6,decoder_by_matrix,e41ade2e4684e0396b9a3890c882b6453b515d69885aa1d89a26ce21ec554895,"{""distance"":5,""physical_error_rate"":1e-06}","{""detection_events"":735,""detectors_checked"":273479680}"
   1622016,         0,         0,   119.5,decoder_by_matrix,3c866087b289edc25e9adea730044a15db18cabfd3ae2507fc844d5b4e03657a,"{""distance"":5,""physical_error_rate"":5e-06}","{""detection_events"":4170,""detectors_checked"":275742720}"
   1515520,         0,         0,   119.5,decoder_by_matrix,0421d486f8a041838688df650e87c0a19c3450ab7a7cc8b3dc589ebff86d1c74,"{""distance"":5,""physical_error_rate"":0.0001}","{""detection_events"":87550,""detectors_checked"":257638400}"
   1448960,         0,         0,   119.5,decoder_by_matrix,3c866087b289edc25e9adea730044a15db18cabfd3ae2507fc844d5b4e03657a,"{""distance"":5,""physical_error_rate"":5e-06}","{""detection_events"":4435,""detectors_checked"":246323200}"
   1503232,         0,         0,   119.4,decoder_by_matrix,b84cf4b8ca220d31f17e1e2ea9ab927bbc4176b15682c650e7d1dd8f2758172b,"{""distance"":5,""physical_error_rate"":0.0005}","{""detection_events"":429610,""detectors_checked"":255549440}"
   1558528,         0,         0,   119.5,decoder_by_matrix,b84cf4b8ca220d31f17e1e2ea9ab927bbc4176b15682c650e7d1dd8f2758172b,"{""distance"":5,""physical_error_rate"":0.0005}","{""detection_events"":441955,""detectors_checked"":264949760}"
   3078144,         0,         0,   119.2,decoder_by_matrix,fa5edda0c1038186c8afbec49b0215a0b852396cdb50783a3f937fdf51d2afac,"{""distance"":5,""physical_error_rate"":1e-05}","{""detection_events"":18040,""detectors_checked"":523284480}"
   1606656,         0,         0,   119.6,decoder_by_matrix,3c866087b289edc25e9adea730044a15db18cabfd3ae2507fc844d5b4e03657a,"{""distance"":5,""physical_error_rate"":5e-06}","{""detection_events"":4160,""detectors_checked"":273131520}"
   1574912,         2,         0,   119.7,decoder_by_matrix,066a5d8d46981b593c3dec855f441edbe9e755a8873183448f69d036a2ecc650,"{""distance"":5,""physical_error_rate"":0.001}","{""detection_events"":887875,""detectors_checked"":267735040,""obs_mistake_mask=_E_E"":1,""obs_mistake_mask=___E"":1}"
   1500160,         0,         0,   119.5,decoder_by_matrix,9c6baee88fc81e7d1aa345fcb3feec7ee81f21c5d49cb6ca037118097d89e180,"{""distance"":5,""physical_error_rate"":5e-05}","{""detection_events"":42380,""detectors_checked"":255027200}"
   2633728,         0,         0,   119.6,decoder_by_matrix,e41ade2e4684e0396b9a3890c882b6453b515d69885aa1d89a26ce21ec554895,"{""distance"":5,""physical_error_rate"":1e-06}","{""detection_events"":1465,""detectors_checked"":447733760}"
   1629184,         0,         0,   119.6,decoder_by_matrix,e41ade2e4684e0396b9a3890c882b6453b515d69885aa1d89a26ce21ec554895,"{""distance"":5,""physical_error_rate"":1e-06}","{""detection_events"":775,""detectors_checked"":276961280}"
   1640448,         0,         0,   119.6,decoder_by_matrix,3c866087b289edc25e9adea730044a15db18cabfd3ae2507fc844d5b4e03657a,"{""distance"":5,""physical_error_rate"":5e-06}","{""detection_events"":4420,""detectors_checked"":278876160}"
   1470464,         0,         0,   119.7,decoder_by_matrix,0421d486f8a041838688df650e87c0a19c3450ab7a7cc8b3dc589ebff86d1c74,"{""distance"":5,""physical_error_rate"":0.0001}","{""detection_events"":84540,""detectors_checked"":249978880}"
   1615872,         0,         0,   119.6,decoder_by_matrix,fa5edda0c1038186c8afbec49b0215a0b852396cdb50783a3f937fdf51d2afac,"{""distance"":5,""physical_error_rate"":1e-05}","{""detection_events"":9100,""detectors_checked"":274698240}"
   1502208,         0,         0,   119.6,decoder_by_matrix,9c6baee88fc81e7d1aa345fcb3feec7ee81f21c5d49cb6ca037118097d89e180,"{""distance"":5,""physical_error_rate"":5e-05}","{""detection_events"":41330,""detectors_checked"":255375360}"
   1583104,         0,         0,   119.6,decoder_by_matrix,b84cf4b8ca220d31f17e1e2ea9ab927bbc4176b15682c650e7d1dd8f2758172b,"{""distance"":5,""physical_error_rate"":0.0005}","{""detection_events"":445645,""detectors_checked"":269127680}"
   3345408,         5,         0,   119.3,decoder_by_matrix,066a5d8d46981b593c3dec855f441edbe9e755a8873183448f69d036a2ecc650,"{""distance"":5,""physical_error_rate"":0.001}","{""detection_events"":1895555,""detectors_checked"":568719360,""obs_mistake_mask=EE__"":1,""obs_mistake_mask=E_E_"":1,""obs_mistake_mask=E__E"":1,""obs_mistake_mask=E___"":1,""obs_mistake_mask=___E"":1}"
   1538048,         1,         0,   119.6,decoder_by_matrix,b84cf4b8ca220d31f17e1e2ea9ab927bbc4176b15682c650e7d1dd8f2758172b,"{""distance"":5,""physical_error_rate"":0.0005}","{""detection_events"":432265,""detectors_checked"":261468160,""obs_mistake_mask=E___"":1}"
   1592320,         2,         0,   119.6,decoder_by_matrix,066a5d8d46981b593c3dec855f441edbe9e755a8873183448f69d036a2ecc650,"{""distance"":5,""physical_error_rate"":0.001}","{""detection_events"":904255,""detectors_checked"":270694400,""obs_mistake_mask=_E__"":2}"
   1476608,         0,         0,   119.7,decoder_by_matrix,9c6baee88fc81e7d1aa345fcb3feec7ee81f21c5d49cb6ca037118097d89e180,"{""distance"":5,""physical_error_rate"":5e-05}","{""detection_events"":41360,""detectors_checked"":251023360}"
   2231296,         0,         0,   119.6,decoder_by_matrix,9c6baee88fc81e7d1aa345fcb3feec7ee81f21c5d49cb6ca037118097d89e180,"{""distance"":5,""physical_error_rate"":5e-05}","{""detection_events"":63860,""detectors_checked"":379320320}"
   2839552,         0,         0,   119.6,decoder_by_matrix,3c866087b289edc25e9adea730044a15db18cabfd3ae2507fc844d5b4e03657a,"{""distance"":5,""physical_error_rate"":5e-06}","{""detection_events"":8940,""detectors_checked"":482723840}"
   2544640,         0,         0,   119.6,decoder_by_matrix,fa5edda0c1038186c8afbec49b0215a0b852396cdb50783a3f937fdf51d2afac,"{""distance"":5,""physical_error_rate"":1e-05}","{""detection_events"":14110,""detectors_checked"":432588800}"
   1582080,         0,         0,   119.6,decoder_by_matrix,b84cf4b8ca220d31f17e1e2ea9ab927bbc4176b15682c650e7d1dd8f2758172b,"{""distance"":5,""physical_error_rate"":0.0005}","{""detection_events"":447255,""detectors_checked"":268953600}"
   1617920,         0,         0,   119.6,decoder_by_matrix,0421d486f8a041838688df650e87c0a19c3450ab7a7cc8b3dc589ebff86d1c74,"{""distance"":5,""physical_error_rate"":0.0001}","{""detection_events"":92425,""detectors_checked"":275046400}"
   1611776,         5,         0,   119.6,decoder_by_matrix,066a5d8d46981b593c3dec855f441edbe9e755a8873183448f69d036a2ecc650,"{""distance"":5,""physical_error_rate"":0.001}","{""detection_events"":913280,""detectors_checked"":274001920,""obs_mistake_mask=EE__"":2,""obs_mistake_mask=E_E_"":1,""obs_mistake_mask=_EEE"":1,""obs_mistake_mask=_E__"":1}"
   2226176,         1,         0,   119.5,decoder_by_matrix,b84cf4b8ca220d31f17e1e2ea9ab927bbc4176b15682c650e7d1dd8f2758172b,"{""distance"":5,""physical_error_rate"":0.0005}","{""detection_events"":628380,""detectors_checked"":378449920,""obs_mistake_mask=E___"":1}"
   2273280,         0,         0,   119.6,decoder_by_matrix,0421d486f8a041838688df650e87c0a19c3450ab7a7cc8b3dc589ebff86d1c74,"{""distance"":5,""physical_error_rate"":0.0001}","{""detection_events"":126155,""detectors_checked"":386457600}"
   1640448,         0,         0,   119.6,decoder_by_matrix,9c6baee88fc81e7d1aa345fcb3feec7ee81f21c5d49cb6ca037118097d89e180,"{""distance"":5,""physical_error_rate"":5e-05}","{""detection_events"":44845,""detectors_checked"":278876160}"
   1577984,         4,         0,   119.7,decoder_by_matrix,066a5d8d46981b593c3dec855f441edbe9e755a8873183448f69d036a2ecc650,"{""distance"":5,""physical_error_rate"":0.001}","{""detection_events"":899625,""detectors_checked"":268257280,""obs_mistake_mask=EE_E"":1,""obs_mistake_mask=E___"":2,""obs_mistake_mask=_EEE"":1}"
   1623040,         0,         0,   119.6,decoder_by_matrix,3c866087b289edc25e9adea730044a15db18cabfd3ae2507fc844d5b4e03657a,"{""distance"":5,""physical_error_rate"":5e-06}","{""detection_events"":4915,""detectors_checked"":275916800}"
   1620992,         0,         0,   119.4,decoder_by_matrix,fa5edda0c1038186c8afbec49b0215a0b852396cdb50783a3f937fdf51d2afac,"{""distance"":5,""physical_error_rate"":1e-05}","{""detection_events"":8805,""detectors_checked"":275568640}"
   1608704,         0,         0,   119.6,decoder_by_matrix,b84cf4b8ca220d31f17e1e2ea9ab927bbc4176b15682c650e7d1dd8f2758172b,"{""distance"":5,""physical_error_rate"":0.0005}","{""detection_events"":449955,""detectors_checked"":273479680}"
   1729536,         0,         0,   119.7,decoder_by_matrix,e41ade2e4684e0396b9a3890c882b6453b515d69885aa1d89a26ce21ec554895,"{""distance"":5,""physical_error_rate"":1e-06}","{""detection_events"":990,""detectors_checked"":294021120}"
   1698816,         0,         0,   119.6,decoder_by_matrix,3c866087b289edc25e9adea730044a15db18cabfd3ae2507fc844d5b4e03657a,"{""distance"":5,""physical_error_rate"":5e-06}","{""detection_events"":5140,""detectors_checked"":288798720}"
   1657856,         0,         0,   119.6,decoder_by_matrix,e41ade2e4684e0396b9a3890c882b6453b515d69885aa1d89a26ce21ec554895,"{""distance"":5,""physical_error_rate"":1e-06}","{""detection_events"":870,""detectors_checked"":281835520}"
   1669120,         0,         0,   119.5,decoder_by_matrix,fa5edda0c1038186c8afbec49b0215a0b852396cdb50783a3f937fdf51d2afac,"{""distance"":5,""physical_error_rate"":1e-05}","{""detection_events"":9145,""detectors_checked"":283750400}"
   1557504,         0,         0,   119.5,decoder_by_matrix,0421d486f8a041838688df650e87c0a19c3450ab7a7cc8b3dc589ebff86d1c74,"{""distance"":5,""physical_error_rate"":0.0001}","{""detection_events"":88045,""detectors_checked"":264775680}"
   1637376,         0,         0,   119.6,decoder_by_matrix,9c6baee88fc81e7d1aa345fcb3feec7ee81f21c5d49cb6ca037118097d89e180,"{""distance"":5,""physical_error_rate"":5e-05}","{""detection_events"":46715,""detectors_checked"":278353920}"
   1642496,         0,         0,   119.6,decoder_by_matrix,0421d486f8a041838688df650e87c0a19c3450ab7a7cc8b3dc589ebff86d1c74,"{""distance"":5,""physical_error_rate"":0.0001}","{""detection_events"":93330,""detectors_checked"":279224320}"
   1546240,         6,         0,   119.6,decoder_by_matrix,066a5d8d46981b593c3dec855f441edbe9e755a8873183448f69d036a2ecc650,"{""distance"":5,""physical_error_rate"":0.001}","{""detection_events"":875540,""detectors_checked"":262860800,""obs_mistake_mask=E_EE"":1,""obs_mistake_mask=E_E_"":1,""obs_mistake_mask=E___"":3,""obs_mistake_mask=_E_E"":1}"
   1613824,         0,         0,   119.6,decoder_by_matrix,fa5edda0c1038186c8afbec49b0215a0b852396cdb50783a3f937fdf51d2afac,"{""distance"":5,""physical_error_rate"":1e-05}","{""detection_events"":9300,""detectors_checked"":274350080}"
   1566720,         0,         0,   119.6,decoder_by_matrix,e41ade2e4684e0396b9a3890c882b6453b515d69885aa1d89a26ce21ec554895,"{""distance"":5,""physical_error_rate"":1e-06}","{""detection_events"":895,""detectors_checked"":266342400}"
   1476608,         0,         0,   119.7,decoder_by_matrix,0421d486f8a041838688df650e87c0a19c3450ab7a7cc8b3dc589ebff86d1c74,"{""distance"":5,""physical_error_rate"":0.0001}","{""detection_events"":85065,""detectors_checked"":251023360}"
   1522688,         0,         0,   119.6,decoder_by_matrix,e41ade2e4684e0396b9a3890c882b6453b515d69885aa1d89a26ce21ec554895,"{""distance"":5,""physical_error_rate"":1e-06}","{""detection_events"":1210,""detectors_checked"":258856960}"
   1446912,         0,         0,   119.7,decoder_by_matrix,9c6baee88fc81e7d1aa345fcb3feec7ee81f21c5d49cb6ca037118097d89e180,"{""distance"":5,""physical_error_rate"":5e-05}","{""detection_events"":40860,""detectors_checked"":245975040}"
   1577984,         0,         0,   119.6,decoder_by_matrix,fa5edda0c1038186c8afbec49b0215a0b852396cdb50783a3f937fdf51d2afac,"{""distance"":5,""physical_error_rate"":1e-05}","{""detection_events"":8800,""detectors_checked"":268257280}"
   1654784,         0,         0,   119.6,decoder_by_matrix,e41ade2e4684e0396b9a3890c882b6453b515d69885aa1d89a26ce21ec554895,"{""distance"":5,""physical_error_rate"":1e-06}","{""detection_events"":1220,""detectors_checked"":281313280}"
   1595392,         0,         0,   119.7,decoder_by_matrix,3c866087b289edc25e9adea730044a15db18cabfd3ae2507fc844d5b4e03657a,"{""distance"":5,""physical_error_rate"":5e-06}","{""detection_events"":4265,""detectors_checked"":271216640}"
   1593344,         0,         0,   119.5,decoder_by_matrix,3c866087b289edc25e9adea730044a15db18cabfd3ae2507fc844d5b4e03657a,"{""distance"":5,""physical_error_rate"":5e-06}","{""detection_events"":4740,""detectors_checked"":270868480}"
   1497088,         0,         0,   119.6,decoder_by_matrix,0421d486f8a041838688df650e87c0a19c3450ab7a7cc8b3dc589ebff86d1c74,"{""distance"":5,""physical_error_rate"":0.0001}","{""detection_events"":88145,""detectors_checked"":254504960}"
   1491968,         0,         0,   119.6,decoder_by_matrix,b84cf4b8ca220d31f17e1e2ea9ab927bbc4176b15682c650e7d1dd8f2758172b,"{""distance"":5,""physical_error_rate"":0.0005}","{""detection_events"":427715,""detectors_checked"":253634560}"
   1598464,         0,         0,   119.6,decoder_by_matrix,b84cf4b8ca220d31f17e1e2ea9ab927bbc4176b15682c650e7d1dd8f2758172b,"{""distance"":5,""physical_error_rate"":0.0005}","{""detection_events"":453785,""detectors_checked"":271738880}"
   3235840,         0,         0,   119.2,decoder_by_matrix,fa5edda0c1038186c8afbec49b0215a0b852396cdb50783a3f937fdf51d2afac,"{""distance"":5,""physical_error_rate"":1e-05}","{""detection_events"":17955,""detectors_checked"":550092800}"
   1589248,         0,         0,   119.5,decoder_by_matrix,3c866087b289edc25e9adea730044a15db18cabfd3ae2507fc844d5b4e03657a,"{""distance"":5,""physical_error_rate"":5e-06}","{""detection_events"":5370,""detectors_checked"":270172160}"
   1473536,         1,         0,   119.6,decoder_by_matrix,066a5d8d46981b593c3dec855f441edbe9e755a8873183448f69d036a2ecc650,"{""distance"":5,""physical_error_rate"":0.001}","{""detection_events"":837365,""detectors_checked"":250501120,""obs_mistake_mask=E___"":1}"
   1557504,         0,         0,   119.5,decoder_by_matrix,9c6baee88fc81e7d1aa345fcb3feec7ee81f21c5d49cb6ca037118097d89e180,"{""distance"":5,""physical_error_rate"":5e-05}","{""detection_events"":43955,""detectors_checked"":264775680}"
   2670592,         0,         0,   119.6,decoder_by_matrix,e41ade2e4684e0396b9a3890c882b6453b515d69885aa1d89a26ce21ec554895,"{""distance"":5,""physical_error_rate"":1e-06}","{""detection_events"":1590,""detectors_checked"":454000640}"
   1640448,         0,         0,   119.7,decoder_by_matrix,e41ade2e4684e0396b9a3890c882b6453b515d69885aa1d89a26ce21ec554895,"{""distance"":5,""physical_error_rate"":1e-06}","{""detection_events"":640,""detectors_checked"":278876160}"
   1624064,         0,         0,   119.7,decoder_by_matrix,3c866087b289edc25e9adea730044a15db18cabfd3ae2507fc844d5b4e03657a,"{""distance"":5,""physical_error_rate"":5e-06}","{""detection_events"":4095,""detectors_checked"":276090880}"
   1519616,         0,         0,   119.7,decoder_by_matrix,0421d486f8a041838688df650e87c0a19c3450ab7a7cc8b3dc589ebff86d1c74,"{""distance"":5,""physical_error_rate"":0.0001}","{""detection_events"":89175,""detectors_checked"":258334720}"
   1600512,         0,         0,   119.6,decoder_by_matrix,fa5edda0c1038186c8afbec49b0215a0b852396cdb50783a3f937fdf51d2afac,"{""distance"":5,""physical_error_rate"":1e-05}","{""detection_events"":8915,""detectors_checked"":272087040}"
   1502208,         0,         0,   119.5,decoder_by_matrix,9c6baee88fc81e7d1aa345fcb3feec7ee81f21c5d49cb6ca037118097d89e180,"{""distance"":5,""physical_error_rate"":5e-05}","{""detection_events"":42470,""detectors_checked"":255375360}"
   1627136,         0,         0,   119.6,decoder_by_matrix,b84cf4b8ca220d31f17e1e2ea9ab927bbc4176b15682c650e7d1dd8f2758172b,"{""distance"":5,""physical_error_rate"":0.0005}","{""detection_events"":462040,""detectors_checked"":276613120}"
   3193856,        10,         0,   119.1,decoder_by_matrix,066a5d8d46981b593c3dec855f441edbe9e755a8873183448f69d036a2ecc650,"{""distance"":5,""physical_error_rate"":0.001}","{""detection_events"":1822785,""detectors_checked"":542955520,""obs_mistake_mask=EE_E"":2,""obs_mistake_mask=E___"":2,""obs_mistake_mask=_E_E"":1,""obs_mistake_mask=_E__"":3,""obs_mistake_mask=__EE"":1,""obs_mistake_mask=___E"":1}"
   1565696,         1,         0,   119.5,decoder_by_matrix,b84cf4b8ca220d31f17e1e2ea9ab927bbc4176b15682c650e7d1dd8f2758172b,"{""distance"":5,""physical_error_rate"":0.0005}","{""detection_events"":446275,""detectors_checked"":266168320,""obs_mistake_mask=E_E_"":1}"
   1589248,         2,         0,   119.6,decoder_by_matrix,066a5d8d46981b593c3dec855f441edbe9e755a8873183448f69d036a2ecc650,"{""distance"":5,""physical_error_rate"":0.001}","{""detection_events"":901470,""detectors_checked"":270172160,""obs_mistake_mask=E_EE"":1,""obs_mistake_mask=_E__"":1}"
   1476608,         0,         0,   119.6,decoder_by_matrix,9c6baee88fc81e7d1aa345fcb3feec7ee81f21c5d49cb6ca037118097d89e180,"{""distance"":5,""physical_error_rate"":5e-05}","{""detection_events"":44085,""detectors_checked"":251023360}"
   2238464,         0,         0,   119.6,decoder_by_matrix,9c6baee88fc81e7d1aa345fcb3feec7ee81f21c5d49cb6ca037118097d89e180,"{""distance"":5,""physical_error_rate"":5e-05}","{""detection_events"":65000,""detectors_checked"":380538880}"
   2598912,         0,         0,   119.6,decoder_by_matrix,3c866087b289edc25e9adea730044a15db18cabfd3ae2507fc844d5b4e03657a,"{""distance"":5,""physical_error_rate"":5e-06}","{""detection_events"":7245,""detectors_checked"":441815040}"
   2398208,         0,         0,   119.6,decoder_by_matrix,fa5edda0c1038186c8afbec49b0215a0b852396cdb50783a3f937fdf51d2afac,"{""distance"":5,""physical_error_rate"":1e-05}","{""detection_events"":13860,""detectors_checked"":407695360}"
   1644544,         0,         0,   119.7,decoder_by_matrix,b84cf4b8ca220d31f17e1e2ea9ab927bbc4176b15682c650e7d1dd8f2758172b,"{""distance"":5,""physical_error_rate"":0.0005}","{""detection_events"":472370,""detectors_checked"":279572480}"
   1615872,         1,         0,   119.5,decoder_by_matrix,066a5d8d46981b593c3dec855f441edbe9e755a8873183448f69d036a2ecc650,"{""distance"":5,""physical_error_rate"":0.001}","{""detection_events"":918065,""detectors_checked"":274698240,""obs_mistake_mask=_E__"":1}"
   1977344,         0,         0,   119.7,decoder_by_matrix,b84cf4b8ca220d31f17e1e2ea9ab927bbc4176b15682c650e7d1dd8f2758172b,"{""distance"":5,""physical_error_rate"":0.0005}","{""detection_events"":566675,""detectors_checked"":336148480}"
   1740800,         0,         0,   119.6,decoder_by_matrix,0421d486f8a041838688df650e87c0a19c3450ab7a7cc8b3dc589ebff86d1c74,"{""distance"":5,""physical_error_rate"":0.0001}","{""detection_events"":98265,""detectors_checked"":295936000}"
   2044928,         0,         0,   119.6,decoder_by_matrix,0421d486f8a041838688df650e87c0a19c3450ab7a7cc8b3dc589ebff86d1c74,"{""distance"":5,""physical_error_rate"":0.0001}","{""detection_events"":116450,""detectors_checked"":347637760}"
   1739776,         0,         0,   119.6,decoder_by_matrix,9c6baee88fc81e7d1aa345fcb3feec7ee81f21c5d49cb6ca037118097d89e180,"{""distance"":5,""physical_error_rate"":5e-05}","{""detection_events"":49505,""detectors_checked"":295761920}"
   1580032,         3,         0,   119.4,decoder_by_matrix,066a5d8d46981b593c3dec855f441edbe9e755a8873183448f69d036a2ecc650,"{""distance"":5,""physical_error_rate"":0.001}","{""detection_events"":895990,""detectors_checked"":268605440,""obs_mistake_mask=E_EE"":1,""obs_mistake_mask=__EE"":1,""obs_mistake_mask=___E"":1}"
   1705984,         0,         0,   119.6,decoder_by_matrix,3c866087b289edc25e9adea730044a15db18cabfd3ae2507fc844d5b4e03657a,"{""distance"":5,""physical_error_rate"":5e-06}","{""detection_events"":4595,""detectors_checked"":290017280}"
   1736704,         0,         0,   119.6,decoder_by_matrix,fa5edda0c1038186c8afbec49b0215a0b852396cdb50783a3f937fdf51d2afac,"{""distance"":5,""physical_error_rate"":1e-05}","{""detection_events"":10855,""detectors_checked"":295239680}"
   1612800,         0,         0,   119.6,decoder_by_matrix,b84cf4b8ca220d31f17e1e2ea9ab927bbc4176b15682c650e7d1dd8f2758172b,"{""distance"":5,""physical_error_rate"":0.0005}","{""detection_events"":458090,""detectors_checked"":274176000}"
   1713152,         0,         0,   119.7,decoder_by_matrix,e41ade2e4684e0396b9a3890c882b6453b515d69885aa1d89a26ce21ec554895,"{""distance"":5,""physical_error_rate"":1e-06}","{""detection_events"":890,""detectors_checked"":291235840}"
   1682432,         0,         0,   119.6,decoder_by_matrix,3c866087b289edc25e9adea730044a15db18cabfd3ae2507fc844d5b4e03657a,"{""distance"":5,""physical_error_rate"":5e-06}","{""detection_events"":4630,""detectors_checked"":286013440}"
   1753088,         0,         0,   119.6,decoder_by_matrix,e41ade2e4684e0396b9a3890c882b6453b515d69885aa1d89a26ce21ec554895,"{""distance"":5,""physical_error_rate"":1e-06}","{""detection_events"":565,""detectors_checked"":298024960}"
   1699840,         0,         0,   119.6,decoder_by_matrix,fa5edda0c1038186c8afbec49b0215a0b852396cdb50783a3f937fdf51d2afac,"{""distance"":5,""physical_error_rate"":1e-05}","{""detection_events"":9270,""detectors_checked"":288972800}"
   1530880,         0,         0,   119.6,decoder_by_matrix,0421d486f8a041838688df650e87c0a19c3450ab7a7cc8b3dc589ebff86d1c74,"{""distance"":5,""physical_error_rate"":0.0001}","{""detection_events"":85290,""detectors_checked"":260249600}"
   1609728,         0,         0,   119.6,decoder_by_matrix,9c6baee88fc81e7d1aa345fcb3feec7ee81f21c5d49cb6ca037118097d89e180,"{""distance"":5,""physical_error_rate"":5e-05}","{""detection_events"":44650,""detectors_checked"":273653760}"
   1650688,         0,         0,   119.6,decoder_by_matrix,0421d486f8a041838688df650e87c0a19c3450ab7a7cc8b3dc589ebff86d1c74,"{""distance"":5,""physical_error_rate"":0.0001}","{""detection_events"":95165,""detectors_checked"":280616960}"
   1594368,         0,         0,   119.6,decoder_by_matrix,fa5edda0c1038186c8afbec49b0215a0b852396cdb50783a3f937fdf51d2afac,"{""distance"":5,""physical_error_rate"":1e-05}","{""detection_events"":9655,""detectors_checked"":271042560}"
   1572864,         4,         0,   119.7,decoder_by_matrix,066a5d8d46981b593c3dec855f441edbe9e755a8873183448f69d036a2ecc650,"{""distance"":5,""physical_error_rate"":0.001}","{""detection_events"":892165,""detectors_checked"":267386880,""obs_mistake_mask=E_EE"":1,""obs_mistake_mask=E___"":1,""obs_mistake_mask=_E__"":1,""obs_mistake_mask=__E_"":1}"
   1670144,         0,         0,   119.6,decoder_by_matrix,e41ade2e4684e0396b9a3890c882b6453b515d69885aa1d89a26ce21ec554895,"{""distance"":5,""physical_error_rate"":1e-06}","{""detection_events"":1035,""detectors_checked"":283924480}"
   1549312,         0,         0,   119.7,decoder_by_matrix,0421d486f8a041838688df650e87c0a19c3450ab7a7cc8b3dc589ebff86d1c74,"{""distance"":5,""physical_error_rate"":0.0001}","{""detection_events"":91820,""detectors_checked"":263383040}"
   1526784,         0,         0,   119.5,decoder_by_matrix,e41ade2e4684e0396b9a3890c882b6453b515d69885aa1d89a26ce21ec554895,"{""distance"":5,""physical_error_rate"":1e-06}","{""detection_events"":855,""detectors_checked"":259553280}"
   1547264,         0,         0,   119.5,decoder_by_matrix,9c6baee88fc81e7d1aa345fcb3feec7ee81f21c5d49cb6ca037118097d89e180,"{""distance"":5,""physical_error_rate"":5e-05}","{""detection_events"":44300,""detectors_checked"":263034880}"
   1560576,         0,         0,   119.7,decoder_by_matrix,fa5edda0c1038186c8afbec49b0215a0b852396cdb50783a3f937fdf51d2afac,"{""distance"":5,""physical_error_rate"":1e-05}","{""detection_events"":8750,""detectors_checked"":265297920}"
   1717248,         0,         0,   119.4,decoder_by_matrix,e41ade2e4684e0396b9a3890c882b6453b515d69885aa1d89a26ce21ec554895,"{""distance"":5,""physical_error_rate"":1e-06}","{""detection_events"":1010,""detectors_checked"":291932160}"
   1729536,         0,         0,   119.7,decoder_by_matrix,3c866087b289edc25e9adea730044a15db18cabfd3ae2507fc844d5b4e03657a,"{""distance"":5,""physical_error_rate"":5e-06}","{""detection_events"":4990,""detectors_checked"":294021120}"
   1608704,         0,         0,   119.5,decoder_by_matrix,3c866087b289edc25e9adea730044a15db18cabfd3ae2507fc844d5b4e03657a,"{""distance"":5,""physical_error_rate"":5e-06}","{""detection_events"":4885,""detectors_checked"":273479680}"
   1533952,         0,         0,   119.6,decoder_by_matrix,0421d486f8a041838688df650e87c0a19c3450ab7a7cc8b3dc589ebff86d1c74,"{""distance"":5,""physical_error_rate"":0.0001}","{""detection_events"":84700,""detectors_checked"":260771840}"
   1497088,         0,         0,   119.6,decoder_by_matrix,b84cf4b8ca220d31f17e1e2ea9ab927bbc4176b15682c650e7d1dd8f2758172b,"{""distance"":5,""physical_error_rate"":0.0005}","{""detection_events"":423045,""detectors_checked"":254504960}"
   1529856,         0,         0,   119.6,decoder_by_matrix,b84cf4b8ca220d31f17e1e2ea9ab927bbc4176b15682c650e7d1dd8f2758172b,"{""distance"":5,""physical_error_rate"":0.0005}","{""detection_events"":433980,""detectors_checked"":260075520}"
   3310592,         0,         0,   119.1,decoder_by_matrix,fa5edda0c1038186c8afbec49b0215a0b852396cdb50783a3f937fdf51d2afac,"{""distance"":5,""physical_error_rate"":1e-05}","{""detection_events"":19550,""detectors_checked"":562800640}"
   1549312,         0,         0,   119.5,decoder_by_matrix,3c866087b289edc25e9adea730044a15db18cabfd3ae2507fc844d5b4e03657a,"{""distance"":5,""physical_error_rate"":5e-06}","{""detection_events"":3850,""detectors_checked"":263383040}"
   1527808,         4,         0,   119.7,decoder_by_matrix,066a5d8d46981b593c3dec855f441edbe9e755a8873183448f69d036a2ecc650,"{""distance"":5,""physical_error_rate"":0.001}","{""detection_events"":869295,""detectors_checked"":259727360,""obs_mistake_mask=E_EE"":1,""obs_mistake_mask=E__E"":1,""obs_mistake_mask=_E__"":1,""obs_mistake_mask=___E"":1}"
   1514496,         0,         0,   119.7,decoder_by_matrix,9c6baee88fc81e7d1aa345fcb3feec7ee81f21c5d49cb6ca037118097d89e180,"{""distance"":5,""physical_error_rate"":5e-05}","{""detection_events"":43585,""detectors_checked"":257464320}"
   2566144,         0,         0,   119.6,decoder_by_matrix,e41ade2e4684e0396b9a3890c882b6453b515d69885aa1d89a26ce21ec554895,"{""distance"":5,""physical_error_rate"":1e-06}","{""detection_events"":1620,""detectors_checked"":436244480}"
   1649664,         0,         0,   119.5,decoder_by_matrix,e41ade2e4684e0396b9a3890c882b6453b515d69885aa1d89a26ce21ec554895,"{""distance"":5,""physical_error_rate"":1e-06}","{""detection_events"":1025,""detectors_checked"":280442880}"
   1657856,         0,         0,   119.5,decoder_by_matrix,3c866087b289edc25e9adea730044a15db18cabfd3ae2507fc844d5b4e03657a,"{""distance"":5,""physical_error_rate"":5e-06}","{""detection_events"":6095,""detectors_checked"":281835520}"
   1542144,         0,         0,   119.5,decoder_by_matrix,0421d486f8a041838688df650e87c0a19c3450ab7a7cc8b3dc589ebff86d1c74,"{""distance"":5,""physical_error_rate"":0.0001}","{""detection_events"":87625,""detectors_checked"":262164480}"
   1576960,         0,         0,   119.6,decoder_by_matrix,fa5edda0c1038186c8afbec49b0215a0b852396cdb50783a3f937fdf51d2afac,"{""distance"":5,""physical_error_rate"":1e-05}","{""detection_events"":8935,""detectors_checked"":268083200}"
   1598464,         0,         0,   119.6,decoder_by_matrix,9c6baee88fc81e7d1aa345fcb3feec7ee81f21c5d49cb6ca037118097d89e180,"{""distance"":5,""physical_error_rate"":5e-05}","{""detection_events"":45395,""detectors_checked"":271738880}"
   1566720,         0,         0,   119.6,decoder_by_matrix,b84cf4b8ca220d31f17e1e2ea9ab927bbc4176b15682c650e7d1dd8f2758172b,"{""distance"":5,""physical_error_rate"":0.0005}","{""detection_events"":447095,""detectors_checked"":266342400}"
   3520512,         5,         0,   119.3,decoder_by_matrix,066a5d8d46981b593c3dec855f441edbe9e755a8873183448f69d036a2ecc650,"{""distance"":5,""physical_error_rate"":0.001}","{""detection_events"":1997750,""detectors_checked"":598487040,""obs_mistake_mask=EE_E"":1,""obs_mistake_mask=E_E_"":1,""obs_mistake_mask=E___"":1,""obs_mistake_mask=_E_E"":1,""obs_mistake_mask=__E_"":1}"
   1604608,         0,         0,   119.6,decoder_by_matrix,b84cf4b8ca220d31f17e1e2ea9ab927bbc4176b15682c650e7d1dd8f2758172b,"{""distance"":5,""physical_error_rate"":0.0005}","{""detection_events"":454850,""detectors_checked"":272783360}"
   1583104,         1,         0,   119.6,decoder_by_matrix,066a5d8d46981b593c3dec855f441edbe9e755a8873183448f69d036a2ecc650,"{""distance"":5,""physical_error_rate"":0.001}","{""detection_events"":901930,""detectors_checked"":269127680,""obs_mistake_mask=__E_"":1}"
   1579008,         0,         0,   119.6,decoder_by_matrix,9c6baee88fc81e7d1aa345fcb3feec7ee81f21c5d49cb6ca037118097d89e180,"{""distance"":5,""physical_error_rate"":5e-05}","{""detection_events"":46770,""detectors_checked"":268431360}"
   2087936,         0,         0,   119.6,decoder_by_matrix,9c6baee88fc81e7d1aa345fcb3feec7ee81f21c5d49cb6ca037118097d89e180,"{""distance"":5,""physical_error_rate"":5e-05}","{""detection_events"":57895,""detectors_checked"":354949120}"
   2516992,         0,         0,   119.6,decoder_by_matrix,3c866087b289edc25e9adea730044a15db18cabfd3ae2507fc844d5b4e03657a,"{""distance"":5,""physical_error_rate"":5e-06}","{""detection_events"":6905,""detectors_checked"":427888640}"
   2219008,         0,         0,   119.6,decoder_by_matrix,fa5edda0c1038186c8afbec49b0215a0b852396cdb50783a3f937fdf51d2afac,"{""distance"":5,""physical_error_rate"":1e-05}","{""detection_events"":12795,""detectors_checked"":377231360}"
   1645568,         0,         0,   119.6,decoder_by_matrix,b84cf4b8ca220d31f17e1e2ea9ab927bbc4176b15682c650e7d1dd8f2758172b,"{""distance"":5,""physical_error_rate"":0.0005}","{""detection_events"":470840,""detectors_checked"":279746560}"
   1597440,         4,         0,   119.6,decoder_by_matrix,066a5d8d46981b593c3dec855f441edbe9e755a8873183448f69d036a2ecc650,"{""distance"":5,""physical_error_rate"":0.001}","{""detection_events"":913865,""detectors_checked"":271564800,""obs_mistake_mask=E_E_"":1,""obs_mistake_mask=__EE"":1,""obs_mistake_mask=__E_"":1,""obs_mistake_mask=___E"":1}"
   1910784,         0,         0,   119.6,decoder_by_matrix,0421d486f8a041838688df650e87c0a19c3450ab7a7cc8b3dc589ebff86d1c74,"{""distance"":5,""physical_error_rate"":0.0001}","{""detection_events"":107500,""detectors_checked"":324833280}"
   1821696,         0,         0,   119.5,decoder_by_matrix,0421d486f8a041838688df650e87c0a19c3450ab7a7cc8b3dc589ebff86d1c74,"{""distance"":5,""physical_error_rate"":0.0001}","{""detection_events"":103360,""detectors_checked"":309688320}"
   1768448,         0,         0,   119.7,decoder_by_matrix,b84cf4b8ca220d31f17e1e2ea9ab927bbc4176b15682c650e7d1dd8f2758172b,"{""distance"":5,""physical_error_rate"":0.0005}","{""detection_events"":497725,""detectors_checked"":300636160}"
   1830912,         0,         0,   119.6,decoder_by_matrix,9c6baee88fc81e7d1aa345fcb3feec7ee81f21c5d49cb6ca037118097d89e180,"{""distance"":5,""physical_error_rate"":5e-05}","{""detection_events"":51460,""detectors_checked"":311255040}"
   1589248,         2,         0,   119.6,decoder_by_matrix,066a5d8d46981b593c3dec855f441edbe9e755a8873183448f69d036a2ecc650,"{""distance"":5,""physical_error_rate"":0.001}","{""detection_events"":891330,""detectors_checked"":270172160,""obs_mistake_mask=_EEE"":1,""obs_mistake_mask=_EE_"":1}"
   1709056,         0,         0,   119.4,decoder_by_matrix,3c866087b289edc25e9adea730044a15db18cabfd3ae2507fc844d5b4e03657a,"{""distance"":5,""physical_error_rate"":5e-06}","{""detection_events"":4660,""detectors_checked"":290539520}"
   1823744,         0,         0,   119.5,decoder_by_matrix,fa5edda0c1038186c8afbec49b0215a0b852396cdb50783a3f937fdf51d2afac,"{""distance"":5,""physical_error_rate"":1e-05}","{""detection_events"":10410,""detectors_checked"":310036480}"
   1593344,         0,         0,   119.6,decoder_by_matrix,b84cf4b8ca220d31f17e1e2ea9ab927bbc4176b15682c650e7d1dd8f2758172b,"{""distance"":5,""physical_error_rate"":0.0005}","{""detection_events"":452135,""detectors_checked"":270868480}"
   1647616,         0,         0,   119.6,decoder_by_matrix,e41ade2e4684e0396b9a3890c882b6453b515d69885aa1d89a26ce21ec554895,"{""distance"":5,""physical_error_rate"":1e-06}","{""detection_events"":1105,""detectors_checked"":280094720}"
   1650688,         0,         0,   119.5,decoder_by_matrix,3c866087b289edc25e9adea730044a15db18cabfd3ae2507fc844d5b4e03657a,"{""distance"":5,""physical_error_rate"":5e-06}","{""detection_events"":4590,""detectors_checked"":280616960}"
   1794048,         0,         0,   119.6,decoder_by_matrix,e41ade2e4684e0396b9a3890c882b6453b515d69885aa1d89a26ce21ec554895,"{""distance"":5,""physical_error_rate"":1e-06}","{""detection_events"":1085,""detectors_checked"":304988160}"
   1672192,         0,         0,   119.5,decoder_by_matrix,fa5edda0c1038186c8afbec49b0215a0b852396cdb50783a3f937fdf51d2afac,"{""distance"":5,""physical_error_rate"":1e-05}","{""detection_events"":8905,""detectors_checked"":284272640}"
   1550336,         0,         0,   119.6,decoder_by_matrix,0421d486f8a041838688df650e87c0a19c3450ab7a7cc8b3dc589ebff86d1c74,"{""distance"":5,""physical_error_rate"":0.0001}","{""detection_events"":86905,""detectors_checked"":263557120}"
   1599488,         0,         0,   119.5,decoder_by_matrix,9c6baee88fc81e7d1aa345fcb3feec7ee81f21c5d49cb6ca037118097d89e180,"{""distance"":5,""physical_error_rate"":5e-05}","{""detection_events"":45875,""detectors_checked"":271912960}"
   1611776,         0,         0,   119.5,decoder_by_matrix,0421d486f8a041838688df650e87c0a19c3450ab7a7cc8b3dc589ebff86d1c74,"{""distance"":5,""physical_error_rate"":0.0001}","{""detection_events"":90845,""detectors_checked"":274001920}"
   1524736,         3,         0,   119.6,decoder_by_matrix,066a5d8d46981b593c3dec855f441edbe9e755a8873183448f69d036a2ecc650,"{""distance"":5,""physical_error_rate"":0.001}","{""detection_events"":861965,""detectors_checked"":259205120,""obs_mistake_mask=_EEE"":1,""obs_mistake_mask=_EE_"":2}"
   1612800,         0,         0,   119.6,decoder_by_matrix,fa5edda0c1038186c8afbec49b0215a0b852396cdb50783a3f937fdf51d2afac,"{""distance"":5,""physical_error_rate"":1e-05}","{""detection_events"":9800,""detectors_checked"":274176000}"
   1579008,         0,         0,   119.6,decoder_by_matrix,e41ade2e4684e0396b9a3890c882b6453b515d69885aa1d89a26ce21ec554895,"{""distance"":5,""physical_error_rate"":1e-06}","{""detection_events"":730,""detectors_checked"":268431360}"
   1536000,         0,         0,   119.7,decoder_by_matrix,0421d486f8a041838688df650e87c0a19c3450ab7a7cc8b3dc589ebff86d1c74,"{""distance"":5,""physical_error_rate"":0.0001}","{""detection_events"":86285,""detectors_checked"":261120000}"
   1584128,         0,         0,   119.5,decoder_by_matrix,e41ade2e4684e0396b9a3890c882b6453b515d69885aa1d89a26ce21ec554895,"{""distance"":5,""physical_error_rate"":1e-06}","{""detection_events"":920,""detectors_checked"":269301760}"
   1541120,         0,         0,   119.5,decoder_by_matrix,9c6baee88fc81e7d1aa345fcb3feec7ee81f21c5d49cb6ca037118097d89e180,"{""distance"":5,""physical_error_rate"":5e-05}","{""detection_events"":45295,""detectors_checked"":261990400}"
   1589248,         0,         0,   119.7,decoder_by_matrix,fa5edda0c1038186c8afbec49b0215a0b852396cdb50783a3f937fdf51d2afac,"{""distance"":5,""physical_error_rate"":1e-05}","{""detection_events"":8185,""detectors_checked"":270172160}"
   1705984,         0,         0,   119.5,decoder_by_matrix,e41ade2e4684e0396b9a3890c882b6453b515d69885aa1d89a26ce21ec554895,"{""distance"":5,""physical_error_rate"":1e-06}","{""detection_events"":785,""detectors_checked"":290017280}"
   1681408,         0,         0,   119.6,decoder_by_matrix,3c866087b289edc25e9adea730044a15db18cabfd3ae2507fc844d5b4e03657a,"{""distance"":5,""physical_error_rate"":5e-06}","{""detection_events"":4995,""detectors_checked"":285839360}"
   1629184,         0,         0,   119.6,decoder_by_matrix,3c866087b289edc25e9adea730044a15db18cabfd3ae2507fc844d5b4e03657a,"{""distance"":5,""physical_error_rate"":5e-06}","{""detection_events"":4540,""detectors_checked"":276961280}"
   1549312,         0,         0,   119.6,decoder_by_matrix,0421d486f8a041838688df650e87c0a19c3450ab7a7cc8b3dc589ebff86d1c74,"{""distance"":5,""physical_error_rate"":0.0001}","{""detection_events"":87860,""detectors_checked"":263383040}"
   1487872,         0,         0,   119.6,decoder_by_matrix,b84cf4b8ca220d31f17e1e2ea9ab927bbc4176b15682c650e7d1dd8f2758172b,"{""distance"":5,""physical_error_rate"":0.0005}","{""detection_events"":417200,""detectors_checked"":252938240}"
   1595392,         0,         0,   119.7,decoder_by_matrix,b84cf4b8ca220d31f17e1e2ea9ab927bbc4176b15682c650e7d1dd8f2758172b,"{""distance"":5,""physical_error_rate"":0.0005}","{""detection_events"":454225,""detectors_checked"":271216640}"
   3463168,         0,         0,   119.2,decoder_by_matrix,fa5edda0c1038186c8afbec49b0215a0b852396cdb50783a3f937fdf51d2afac,"{""distance"":5,""physical_error_rate"":1e-05}","{""detection_events"":19715,""detectors_checked"":588738560}"
   1542144,         0,         0,   119.7,decoder_by_matrix,3c866087b289edc25e9adea730044a15db18cabfd3ae2507fc844d5b4e03657a,"{""distance"":5,""physical_error_rate"":5e-06}","{""detection_events"":4335,""detectors_checked"":262164480}"
   1577984,         3,         0,   119.6,decoder_by_matrix,066a5d8d46981b593c3dec855f441edbe9e755a8873183448f69d036a2ecc650,"{""distance"":5,""physical_error_rate"":0.001}","{""detection_events"":887735,""detectors_checked"":268257280,""obs_mistake_mask=E_E_"":1,""obs_mistake_mask=___E"":2}"
   1551360,         0,         0,   119.6,decoder_by_matrix,9c6baee88fc81e7d1aa345fcb3feec7ee81f21c5d49cb6ca037118097d89e180,"{""distance"":5,""physical_error_rate"":5e-05}","{""detection_events"":43225,""detectors_checked"":263731200}"
   1213598,         0,         0,    68.6,decoder_by_matrix,fa5edda0c1038186c8afbec49b0215a0b852396cdb50783a3f937fdf51d2afac,"{""distance"":5,""physical_error_rate"":1e-05}","{""detection_events"":7080,""detectors_checked"":206311660}"
   2580480,         0,         0,   119.7,decoder_by_matrix,e41ade2e4684e0396b9a3890c882b6453b515d69885aa1d89a26ce21ec554895,"{""distance"":5,""physical_error_rate"":1e-06}","{""detection_events"":1490,""detectors_checked"":438681600}"
   1785856,         0,         0,   119.6,decoder_by_matrix,e41ade2e4684e0396b9a3890c882b6453b515d69885aa1d89a26ce21ec554895,"{""distance"":5,""physical_error_rate"":1e-06}","{""detection_events"":1255,""detectors_checked"":303595520}"
   1732608,         0,         0,   119.6,decoder_by_matrix,3c866087b289edc25e9adea730044a15db18cabfd3ae2507fc844d5b4e03657a,"{""distance"":5,""physical_error_rate"":5e-06}","{""detection_events"":4765,""detectors_checked"":294543360}"
   1516544,         0,         0,   119.7,decoder_by_matrix,0421d486f8a041838688df650e87c0a19c3450ab7a7cc8b3dc589ebff86d1c74,"{""distance"":5,""physical_error_rate"":0.0001}","{""detection_events"":88370,""detectors_checked"":257812480}"
   1636352,         0,         0,   119.5,decoder_by_matrix,fa5edda0c1038186c8afbec49b0215a0b852396cdb50783a3f937fdf51d2afac,"{""distance"":5,""physical_error_rate"":1e-05}","{""detection_events"":9525,""detectors_checked"":278179840}"
   1631232,         0,         0,   119.6,decoder_by_matrix,9c6baee88fc81e7d1aa345fcb3feec7ee81f21c5d49cb6ca037118097d89e180,"{""distance"":5,""physical_error_rate"":5e-05}","{""detection_events"":47785,""detectors_checked"":277309440}"
   1605632,         0,         0,   119.5,decoder_by_matrix,b84cf4b8ca220d31f17e1e2ea9ab927bbc4176b15682c650e7d1dd8f2758172b,"{""distance"":5,""physical_error_rate"":0.0005}","{""detection_events"":452070,""detectors_checked"":272957440}"
   3782656,         1,         0,   119.3,decoder_by_matrix,066a5d8d46981b593c3dec855f441edbe9e755a8873183448f69d036a2ecc650,"{""distance"":5,""physical_error_rate"":0.001}","{""detection_events"":2141060,""detectors_checked"":643051520,""obs_mistake_mask=E___"":1}"
   1626112,         1,         0,   119.6,decoder_by_matrix,b84cf4b8ca220d31f17e1e2ea9ab927bbc4176b15682c650e7d1dd8f2758172b,"{""distance"":5,""physical_error_rate"":0.0005}","{""detection_events"":465465,""detectors_checked"":276439040,""obs_mistake_mask=__E_"":1}"
   1506304,         1,         0,   119.7,decoder_by_matrix,066a5d8d46981b593c3dec855f441edbe9e755a8873183448f69d036a2ecc650,"{""distance"":5,""physical_error_rate"":0.001}","{""detection_events"":847460,""detectors_checked"":256071680,""obs_mistake_mask=EE__"":1}"
   1577984,         0,         0,   119.6,decoder_by_matrix,9c6baee88fc81e7d1aa345fcb3feec7ee81f21c5d49cb6ca037118097d89e180,"{""distance"":5,""physical_error_rate"":5e-05}","{""detection_events"":43475,""detectors_checked"":268257280}"
   2016256,         0,         0,   119.7,decoder_by_matrix,9c6baee88fc81e7d1aa345fcb3feec7ee81f21c5d49cb6ca037118097d89e180,"{""distance"":5,""physical_error_rate"":5e-05}","{""detection_events"":56455,""detectors_checked"":342763520}"
   2369536,         0,         0,   119.6,decoder_by_matrix,3c866087b289edc25e9adea730044a15db18cabfd3ae2507fc844d5b4e03657a,"{""distance"":5,""physical_error_rate"":5e-06}","{""detection_events"":6480,""detectors_checked"":402821120}"
   1677312,         0,         0,   119.6,decoder_by_matrix,b84cf4b8ca220d31f17e1e2ea9ab927bbc4176b15682c650e7d1dd8f2758172b,"{""distance"":5,""physical_error_rate"":0.0005}","{""detection_events"":476620,""detectors_checked"":285143040}"
   1754112,         0,         0,   119.6,decoder_by_matrix,0421d486f8a041838688df650e87c0a19c3450ab7a7cc8b3dc589ebff86d1c74,"{""distance"":5,""physical_error_rate"":0.0001}","{""detection_events"":98245,""detectors_checked"":298199040}"
   1743872,         3,         0,   119.6,decoder_by_matrix,066a5d8d46981b593c3dec855f441edbe9e755a8873183448f69d036a2ecc650,"{""distance"":5,""physical_error_rate"":0.001}","{""detection_events"":980465,""detectors_checked"":296458240,""obs_mistake_mask=EE__"":1,""obs_mistake_mask=E___"":2}"
   1753088,         1,         0,   119.7,decoder_by_matrix,b84cf4b8ca220d31f17e1e2ea9ab927bbc4176b15682c650e7d1dd8f2758172b,"{""distance"":5,""physical_error_rate"":0.0005}","{""detection_events"":495130,""detectors_checked"":298024960,""obs_mistake_mask=EE__"":1}"
   1918976,         0,         0,   119.6,decoder_by_matrix,0421d486f8a041838688df650e87c0a19c3450ab7a7cc8b3dc589ebff86d1c74,"{""distance"":5,""physical_error_rate"":0.0001}","{""detection_events"":109820,""detectors_checked"":326225920}"
   1833984,         0,         0,   119.7,decoder_by_matrix,9c6baee88fc81e7d1aa345fcb3feec7ee81f21c5d49cb6ca037118097d89e180,"{""distance"":5,""physical_error_rate"":5e-05}","{""detection_events"":52680,""detectors_checked"":311777280}"
   1644544,         5,         0,   119.6,decoder_by_matrix,066a5d8d46981b593c3dec855f441edbe9e755a8873183448f69d036a2ecc650,"{""distance"":5,""physical_error_rate"":0.001}","{""detection_events"":944310,""detectors_checked"":279572480,""obs_mistake_mask=E__E"":2,""obs_mistake_mask=E___"":1,""obs_mistake_mask=_E_E"":1,""obs_mistake_mask=___E"":1}"
   1646592,         0,         0,   119.6,decoder_by_matrix,3c866087b289edc25e9adea730044a15db18cabfd3ae2507fc844d5b4e03657a,"{""distance"":5,""physical_error_rate"":5e-06}","{""detection_events"":4910,""detectors_checked"":279920640}"
   1729536,         0,         0,   119.6,decoder_by_matrix,fa5edda0c1038186c8afbec49b0215a0b852396cdb50783a3f937fdf51d2afac,"{""distance"":5,""physical_error_rate"":1e-05}","{""detection_events"":10105,""detectors_checked"":294021120}"
   1618944,         1,         0,   119.7,decoder_by_matrix,b84cf4b8ca220d31f17e1e2ea9ab927bbc4176b15682c650e7d1dd8f2758172b,"{""distance"":5,""physical_error_rate"":0.0005}","{""detection_events"":462880,""detectors_checked"":275220480,""obs_mistake_mask=EE__"":1}"
   1676288,         0,         0,   119.6,decoder_by_matrix,e41ade2e4684e0396b9a3890c882b6453b515d69885aa1d89a26ce21ec554895,"{""distance"":5,""physical_error_rate"":1e-06}","{""detection_events"":1075,""detectors_checked"":284968960}"
   1699840,         0,         0,   119.5,decoder_by_matrix,3c866087b289edc25e9adea730044a15db18cabfd3ae2507fc844d5b4e03657a,"{""distance"":5,""physical_error_rate"":5e-06}","{""detection_events"":5320,""detectors_checked"":288972800}"
   1724416,         0,         0,   119.6,decoder_by_matrix,e41ade2e4684e0396b9a3890c882b6453b515d69885aa1d89a26ce21ec554895,"{""distance"":5,""physical_error_rate"":1e-06}","{""detection_events"":1045,""detectors_checked"":293150720}"
   1755136,         0,         0,   119.6,decoder_by_matrix,fa5edda0c1038186c8afbec49b0215a0b852396cdb50783a3f937fdf51d2afac,"{""distance"":5,""physical_error_rate"":1e-05}","{""detection_events"":10860,""detectors_checked"":298373120}"
   1584128,         0,         0,   119.5,decoder_by_matrix,0421d486f8a041838688df650e87c0a19c3450ab7a7cc8b3dc589ebff86d1c74,"{""distance"":5,""physical_error_rate"":0.0001}","{""detection_events"":92175,""detectors_checked"":269301760}"
   1730560,         0,         0,   119.5,decoder_by_matrix,9c6baee88fc81e7d1aa345fcb3feec7ee81f21c5d49cb6ca037118097d89e180,"{""distance"":5,""physical_error_rate"":5e-05}","{""detection_events"":45885,""detectors_checked"":294195200}"
   1651712,         0,         0,   119.6,decoder_by_matrix,0421d486f8a041838688df650e87c0a19c3450ab7a7cc8b3dc589ebff86d1c74,"{""distance"":5,""physical_error_rate"":0.0001}","{""detection_events"":94550,""detectors_checked"":280791040}"
   1541120,         2,         0,   119.7,decoder_by_matrix,066a5d8d46981b593c3dec855f441edbe9e755a8873183448f69d036a2ecc650,"{""distance"":5,""physical_error_rate"":0.001}","{""detection_events"":870730,""detectors_checked"":261990400,""obs_mistake_mask=E___"":1,""obs_mistake_mask=_E_E"":1}"
   1632256,         0,         0,   119.6,decoder_by_matrix,fa5edda0c1038186c8afbec49b0215a0b852396cdb50783a3f937fdf51d2afac,"{""distance"":5,""physical_error_rate"":1e-05}","{""detection_events"":8590,""detectors_checked"":277483520}"
   1590272,         0,         0,   119.6,decoder_by_matrix,e41ade2e4684e0396b9a3890c882b6453b515d69885aa1d89a26ce21ec554895,"{""distance"":5,""physical_error_rate"":1e-06}","{""detection_events"":1000,""detectors_checked"":270346240}"
   1553408,         0,         0,   119.5,decoder_by_matrix,0421d486f8a041838688df650e87c0a19c3450ab7a7cc8b3dc589ebff86d1c74,"{""distance"":5,""physical_error_rate"":0.0001}","{""detection_events"":90715,""detectors_checked"":264079360}"
   1596416,         0,         0,   119.7,decoder_by_matrix,e41ade2e4684e0396b9a3890c882b6453b515d69885aa1d89a26ce21ec554895,"{""distance"":5,""physical_error_rate"":1e-06}","{""detection_events"":795,""detectors_checked"":271390720}"
   1527808,         0,         0,   119.6,decoder_by_matrix,9c6baee88fc81e7d1aa345fcb3feec7ee81f21c5d49cb6ca037118097d89e180,"{""distance"":5,""physical_error_rate"":5e-05}","{""detection_events"":43790,""detectors_checked"":259727360}"
   1639424,         0,         0,   119.6,decoder_by_matrix,fa5edda0c1038186c8afbec49b0215a0b852396cdb50783a3f937fdf51d2afac,"{""distance"":5,""physical_error_rate"":1e-05}","{""detection_events"":9155,""detectors_checked"":278702080}"
   1725440,         0,         0,   119.7,decoder_by_matrix,e41ade2e4684e0396b9a3890c882b6453b515d69885aa1d89a26ce21ec554895,"{""distance"":5,""physical_error_rate"":1e-06}","{""detection_events"":855,""detectors_checked"":293324800}"
   1728512,         0,         0,   119.7,decoder_by_matrix,3c866087b289edc25e9adea730044a15db18cabfd3ae2507fc844d5b4e03657a,"{""distance"":5,""physical_error_rate"":5e-06}","{""detection_events"":5250,""detectors_checked"":293847040}"
   1520640,         0,         0,   119.5,decoder_by_matrix,3c866087b289edc25e9adea730044a15db18cabfd3ae2507fc844d5b4e03657a,"{""distance"":5,""physical_error_rate"":5e-06}","{""detection_events"":4325,""detectors_checked"":258508800}"
   1594368,         0,         0,   119.6,decoder_by_matrix,0421d486f8a041838688df650e87c0a19c3450ab7a7cc8b3dc589ebff86d1c74,"{""distance"":5,""physical_error_rate"":0.0001}","{""detection_events"":88770,""detectors_checked"":271042560}"
   1489920,         0,         0,   119.6,decoder_by_matrix,b84cf4b8ca220d31f17e1e2ea9ab927bbc4176b15682c650e7d1dd8f2758172b,"{""distance"":5,""physical_error_rate"":0.0005}","{""detection_events"":431335,""detectors_checked"":253286400}"
   1591296,         1,         0,   119.6,decoder_by_matrix,b84cf4b8ca220d31f17e1e2ea9ab927bbc4176b15682c650e7d1dd8f2758172b,"{""distance"":5,""physical_error_rate"":0.0005}","{""detection_events"":453435,""detectors_checked"":270520320,""obs_mistake_mask=E_E_"":1}"
   3310592,         0,         0,   119.1,decoder_by_matrix,fa5edda0c1038186c8afbec49b0215a0b852396cdb50783a3f937fdf51d2afac,"{""distance"":5,""physical_error_rate"":1e-05}","{""detection_events"":19595,""detectors_checked"":562800640}"
   1576960,         0,         0,   119.6,decoder_by_matrix,3c866087b289edc25e9adea730044a15db18cabfd3ae2507fc844d5b4e03657a,"{""distance"":5,""physical_error_rate"":5e-06}","{""detection_events"":4650,""detectors_checked"":268083200}"
   1558528,         1,         0,   119.5,decoder_by_matrix,066a5d8d46981b593c3dec855f441edbe9e755a8873183448f69d036a2ecc650,"{""distance"":5,""physical_error_rate"":0.001}","{""detection_events"":876835,""detectors_checked"":264949760,""obs_mistake_mask=E___"":1}"
   1479680,         0,         0,   119.7,decoder_by_matrix,9c6baee88fc81e7d1aa345fcb3feec7ee81f21c5d49cb6ca037118097d89e180,"{""distance"":5,""physical_error_rate"":5e-05}","{""detection_events"":42805,""detectors_checked"":251545600}"
   2731446,        12,         0,   101.0,decoder_by_matrix,066a5d8d46981b593c3dec855f441edbe9e755a8873183448f69d036a2ecc650,"{""distance"":5,""physical_error_rate"":0.001}","{""detection_events"":1549275,""detectors_checked"":464345820,""obs_mistake_mask=EEE_"":1,""obs_mistake_mask=E_E_"":2,""obs_mistake_mask=E__E"":4,""obs_mistake_mask=_EEE"":1,""obs_mistake_mask=_EE_"":1,""obs_mistake_mask=__E_"":1,""obs_mistake_mask=___E"":2}"
   2397184,         0,         0,   119.4,decoder_by_matrix,fa5edda0c1038186c8afbec49b0215a0b852396cdb50783a3f937fdf51d2afac,"{""distance"":5,""physical_error_rate"":1e-05}","{""detection_events"":14000,""detectors_checked"":407521280}"
   2532352,         0,         0,   119.6,decoder_by_matrix,e41ade2e4684e0396b9a3890c882b6453b515d69885aa1d89a26ce21ec554895,"{""distance"":5,""physical_error_rate"":1e-06}","{""detection_events"":1190,""detectors_checked"":430499840}"
   1659904,         0,         0,   119.6,decoder_by_matrix,e41ade2e4684e0396b9a3890c882b6453b515d69885aa1d89a26ce21ec554895,"{""distance"":5,""physical_error_rate"":1e-06}","{""detection_events"":795,""detectors_checked"":282183680}"
   1649664,         0,         0,   119.6,decoder_by_matrix,3c866087b289edc25e9adea730044a15db18cabfd3ae2507fc844d5b4e03657a,"{""distance"":5,""physical_error_rate"":5e-06}","{""detection_events"":4995,""detectors_checked"":280442880}"
   1547264,         0,         0,   119.6,decoder_by_matrix,0421d486f8a041838688df650e87c0a19c3450ab7a7cc8b3dc589ebff86d1c74,"{""distance"":5,""physical_error_rate"":0.0001}","{""detection_events"":89100,""detectors_checked"":263034880}"
   1638400,         0,         0,   119.5,decoder_by_matrix,fa5edda0c1038186c8afbec49b0215a0b852396cdb50783a3f937fdf51d2afac,"{""distance"":5,""physical_error_rate"":1e-05}","{""detection_events"":9205,""detectors_checked"":278528000}"
   1610752,         0,         0,   119.6,decoder_by_matrix,9c6baee88fc81e7d1aa345fcb3feec7ee81f21c5d49cb6ca037118097d89e180,"{""distance"":5,""physical_error_rate"":5e-05}","{""detection_events"":46870,""detectors_checked"":273827840}"
   1582080,         3,         0,   119.6,decoder_by_matrix,b84cf4b8ca220d31f17e1e2ea9ab927bbc4176b15682c650e7d1dd8f2758172b,"{""distance"":5,""physical_error_rate"":0.0005}","{""detection_events"":449360,""detectors_checked"":268953600,""obs_mistake_mask=E_E_"":1,""obs_mistake_mask=__E_"":2}"
   1599488,         0,         0,   119.5,decoder_by_matrix,b84cf4b8ca220d31f17e1e2ea9ab927bbc4176b15682c650e7d1dd8f2758172b,"{""distance"":5,""physical_error_rate"":0.0005}","{""detection_events"":454305,""detectors_checked"":271912960}"
   1475584,         2,         0,   119.5,decoder_by_matrix,066a5d8d46981b593c3dec855f441edbe9e755a8873183448f69d036a2ecc650,"{""distance"":5,""physical_error_rate"":0.001}","{""detection_events"":833445,""detectors_checked"":250849280,""obs_mistake_mask=E___"":1,""obs_mistake_mask=__EE"":1}"
   1511424,         0,         0,   119.7,decoder_by_matrix,9c6baee88fc81e7d1aa345fcb3feec7ee81f21c5d49cb6ca037118097d89e180,"{""distance"":5,""physical_error_rate"":5e-05}","{""detection_events"":42665,""detectors_checked"":256942080}"
   2406400,         0,         0,   119.6,decoder_by_matrix,9c6baee88fc81e7d1aa345fcb3feec7ee81f21c5d49cb6ca037118097d89e180,"{""distance"":5,""physical_error_rate"":5e-05}","{""detection_events"":67005,""detectors_checked"":409088000}"
   2743296,         0,         0,   119.5,decoder_by_matrix,3c866087b289edc25e9adea730044a15db18cabfd3ae2507fc844d5b4e03657a,"{""distance"":5,""physical_error_rate"":5e-06}","{""detection_events"":7605,""detectors_checked"":466360320}"
   1593344,         0,         0,   119.6,decoder_by_matrix,b84cf4b8ca220d31f17e1e2ea9ab927bbc4176b15682c650e7d1dd8f2758172b,"{""distance"":5,""physical_error_rate"":0.0005}","{""detection_events"":445915,""detectors_checked"":270868480}"
   1581056,         2,         0,   119.5,decoder_by_matrix,066a5d8d46981b593c3dec855f441edbe9e755a8873183448f69d036a2ecc650,"{""distance"":5,""physical_error_rate"":0.001}","{""detection_events"":892895,""detectors_checked"":268779520,""obs_mistake_mask=E_E_"":1,""obs_mistake_mask=_EEE"":1}"
   2051072,         1,         0,   119.6,decoder_by_matrix,b84cf4b8ca220d31f17e1e2ea9ab927bbc4176b15682c650e7d1dd8f2758172b,"{""distance"":5,""physical_error_rate"":0.0005}","{""detection_events"":586435,""detectors_checked"":348682240,""obs_mistake_mask=E__E"":1}"
   1693696,         0,         0,   119.6,decoder_by_matrix,0421d486f8a041838688df650e87c0a19c3450ab7a7cc8b3dc589ebff86d1c74,"{""distance"":5,""physical_error_rate"":0.0001}","{""detection_events"":97535,""detectors_checked"":287928320}"
   2294784,         0,         0,   119.6,decoder_by_matrix,0421d486f8a041838688df650e87c0a19c3450ab7a7cc8b3dc589ebff86d1c74,"{""distance"":5,""physical_error_rate"":0.0001}","{""detection_events"":129180,""detectors_checked"":390113280}"
   1565696,         2,         0,   119.6,decoder_by_matrix,066a5d8d46981b593c3dec855f441edbe9e755a8873183448f69d036a2ecc650,"{""distance"":5,""physical_error_rate"":0.001}","{""detection_events"":887865,""detectors_checked"":266168320,""obs_mistake_mask=E_EE"":1,""obs_mistake_mask=E___"":1}"
   1629184,         0,         0,   119.7,decoder_by_matrix,9c6baee88fc81e7d1aa345fcb3feec7ee81f21c5d49cb6ca037118097d89e180,"{""distance"":5,""physical_error_rate"":5e-05}","{""detection_events"":46745,""detectors_checked"":276961280}"
   1614848,         0,         0,   119.5,decoder_by_matrix,3c866087b289edc25e9adea730044a15db18cabfd3ae2507fc844d5b4e03657a,"{""distance"":5,""physical_error_rate"":5e-06}","{""detection_events"":4285,""detectors_checked"":274524160}"
   1630208,         0,         0,   119.5,decoder_by_matrix,fa5edda0c1038186c8afbec49b0215a0b852396cdb50783a3f937fdf51d2afac,"{""distance"":5,""physical_error_rate"":1e-05}","{""detection_events"":9415,""detectors_checked"":277135360}"
   1571840,         0,         0,   119.6,decoder_by_matrix,b84cf4b8ca220d31f17e1e2ea9ab927bbc4176b15682c650e7d1dd8f2758172b,"{""distance"":5,""physical_error_rate"":0.0005}","{""detection_events"":441025,""detectors_checked"":267212800}"
   1660928,         0,         0,   119.6,decoder_by_matrix,e41ade2e4684e0396b9a3890c882b6453b515d69885aa1d89a26ce21ec554895,"{""distance"":5,""physical_error_rate"":1e-06}","{""detection_events"":925,""detectors_checked"":282357760}"
   1680384,         0,         0,   119.6,decoder_by_matrix,3c866087b289edc25e9adea730044a15db18cabfd3ae2507fc844d5b4e03657a,"{""distance"":5,""physical_error_rate"":5e-06}","{""detection_events"":5270,""detectors_checked"":285665280}"
   1686528,         0,         0,   119.6,decoder_by_matrix,e41ade2e4684e0396b9a3890c882b6453b515d69885aa1d89a26ce21ec554895,"{""distance"":5,""physical_error_rate"":1e-06}","{""detection_events"":1035,""detectors_checked"":286709760}"
   1672192,         0,         0,   119.6,decoder_by_matrix,fa5edda0c1038186c8afbec49b0215a0b852396cdb50783a3f937fdf51d2afac,"{""distance"":5,""physical_error_rate"":1e-05}","{""detection_events"":10455,""detectors_checked"":284272640}"
   1524736,         0,         0,   119.7,decoder_by_matrix,0421d486f8a041838688df650e87c0a19c3450ab7a7cc8b3dc589ebff86d1c74,"{""distance"":5,""physical_error_rate"":0.0001}","{""detection_events"":87915,""detectors_checked"":259205120}"
   1592320,         0,         0,   119.6,decoder_by_matrix,9c6baee88fc81e7d1aa345fcb3feec7ee81f21c5d49cb6ca037118097d89e180,"{""distance"":5,""physical_error_rate"":5e-05}","{""detection_events"":43530,""detectors_checked"":270694400}"
   1588224,         0,         0,   119.6,decoder_by_matrix,0421d486f8a041838688df650e87c0a19c3450ab7a7cc8b3dc589ebff86d1c74,"{""distance"":5,""physical_error_rate"":0.0001}","{""detection_events"":92320,""detectors_checked"":269998080}"
   1505280,         2,         0,   119.6,decoder_by_matrix,066a5d8d46981b593c3dec855f441edbe9e755a8873183448f69d036a2ecc650,"{""distance"":5,""physical_error_rate"":0.001}","{""detection_events"":855070,""detectors_checked"":255897600,""obs_mistake_mask=EEE_"":1,""obs_mistake_mask=_EE_"":1}"
   1536000,         0,         0,   119.6,decoder_by_matrix,fa5edda0c1038186c8afbec49b0215a0b852396cdb50783a3f937fdf51d2afac,"{""distance"":5,""physical_error_rate"":1e-05}","{""detection_events"":8515,""detectors_checked"":261120000}"
   1608704,         0,         0,   119.6,decoder_by_matrix,e41ade2e4684e0396b9a3890c882b6453b515d69885aa1d89a26ce21ec554895,"{""distance"":5,""physical_error_rate"":1e-06}","{""detection_events"":1025,""detectors_checked"":273479680}"
   1573888,         0,         0,   119.6,decoder_by_matrix,0421d486f8a041838688df650e87c0a19c3450ab7a7cc8b3dc589ebff86d1c74,"{""distance"":5,""physical_error_rate"":0.0001}","{""detection_events"":89155,""detectors_checked"":267560960}"
   1508352,         0,         0,   119.7,decoder_by_matrix,e41ade2e4684e0396b9a3890c882b6453b515d69885aa1d89a26ce21ec554895,"{""distance"":5,""physical_error_rate"":1e-06}","{""detection_events"":870,""detectors_checked"":256419840}"
   1554432,         0,         0,   119.6,decoder_by_matrix,9c6baee88fc81e7d1aa345fcb3feec7ee81f21c5d49cb6ca037118097d89e180,"{""distance"":5,""physical_error_rate"":5e-05}","{""detection_events"":45055,""detectors_checked"":264253440}"
   1574912,         0,         0,   119.6,decoder_by_matrix,fa5edda0c1038186c8afbec49b0215a0b852396cdb50783a3f937fdf51d2afac,"{""distance"":5,""physical_error_rate"":1e-05}","{""detection_events"":9580,""detectors_checked"":267735040}"
   1666048,         0,         0,   119.6,decoder_by_matrix,e41ade2e4684e0396b9a3890c882b6453b515d69885aa1d89a26ce21ec554895,"{""distance"":5,""physical_error_rate"":1e-06}","{""detection_events"":945,""detectors_checked"":283228160}"
   1665024,         0,         0,   119.7,decoder_by_matrix,3c866087b289edc25e9adea730044a15db18cabfd3ae2507fc844d5b4e03657a,"{""distance"":5,""physical_error_rate"":5e-06}","{""detection_events"":4580,""detectors_checked"":283054080}"
   1626112,         0,         0,   119.6,decoder_by_matrix,3c866087b289edc25e9adea730044a15db18cabfd3ae2507fc844d5b4e03657a,"{""distance"":5,""physical_error_rate"":5e-06}","{""detection_events"":4370,""detectors_checked"":276439040}"
   1579008,         0,         0,   119.6,decoder_by_matrix,0421d486f8a041838688df650e87c0a19c3450ab7a7cc8b3dc589ebff86d1c74,"{""distance"":5,""physical_error_rate"":0.0001}","{""detection_events"":89490,""detectors_checked"":268431360}"
   1530880,         0,         0,   119.7,decoder_by_matrix,b84cf4b8ca220d31f17e1e2ea9ab927bbc4176b15682c650e7d1dd8f2758172b,"{""distance"":5,""physical_error_rate"":0.0005}","{""detection_events"":434120,""detectors_checked"":260249600}"
   1561600,         0,         0,   119.6,decoder_by_matrix,b84cf4b8ca220d31f17e1e2ea9ab927bbc4176b15682c650e7d1dd8f2758172b,"{""distance"":5,""physical_error_rate"":0.0005}","{""detection_events"":444885,""detectors_checked"":265472000}"
   3183616,         0,         0,   119.0,decoder_by_matrix,fa5edda0c1038186c8afbec49b0215a0b852396cdb50783a3f937fdf51d2afac,"{""distance"":5,""physical_error_rate"":1e-05}","{""detection_events"":17640,""detectors_checked"":541214720}"
   1576960,         0,         0,   119.6,decoder_by_matrix,3c866087b289edc25e9adea730044a15db18cabfd3ae2507fc844d5b4e03657a,"{""distance"":5,""physical_error_rate"":5e-06}","{""detection_events"":4870,""detectors_checked"":268083200}"
   1557504,         1,         0,   119.7,decoder_by_matrix,066a5d8d46981b593c3dec855f441edbe9e755a8873183448f69d036a2ecc650,"{""distance"":5,""physical_error_rate"":0.001}","{""detection_events"":884190,""detectors_checked"":264775680,""obs_mistake_mask=_EE_"":1}"
   1514496,         0,         0,   119.6,decoder_by_matrix,9c6baee88fc81e7d1aa345fcb3feec7ee81f21c5d49cb6ca037118097d89e180,"{""distance"":5,""physical_error_rate"":5e-05}","{""detection_events"":42370,""detectors_checked"":257464320}"
   3318784,         7,         0,   119.1,decoder_by_matrix,066a5d8d46981b593c3dec855f441edbe9e755a8873183448f69d036a2ecc650,"{""distance"":5,""physical_error_rate"":0.001}","{""detection_events"":1882360,""detectors_checked"":564193280,""obs_mistake_mask=E__E"":1,""obs_mistake_mask=_EEE"":1,""obs_mistake_mask=_E_E"":1,""obs_mistake_mask=__EE"":1,""obs_mistake_mask=__E_"":2,""obs_mistake_mask=___E"":1}"
   2525184,         0,         0,   119.6,decoder_by_matrix,fa5edda0c1038186c8afbec49b0215a0b852396cdb50783a3f937fdf51d2afac,"{""distance"":5,""physical_error_rate"":1e-05}","{""detection_events"":14830,""detectors_checked"":429281280}"
   2699264,         0,         0,   119.6,decoder_by_matrix,e41ade2e4684e0396b9a3890c882b6453b515d69885aa1d89a26ce21ec554895,"{""distance"":5,""physical_error_rate"":1e-06}","{""detection_events"":1545,""detectors_checked"":458874880}"
   1679360,         0,         0,   119.6,decoder_by_matrix,e41ade2e4684e0396b9a3890c882b6453b515d69885aa1d89a26ce21ec554895,"{""distance"":5,""physical_error_rate"":1e-06}","{""detection_events"":1030,""detectors_checked"":285491200}"
   1648640,         0,         0,   119.6,decoder_by_matrix,3c866087b289edc25e9adea730044a15db18cabfd3ae2507fc844d5b4e03657a,"{""distance"":5,""physical_error_rate"":5e-06}","{""detection_events"":3950,""detectors_checked"":280268800}"
   1510400,         0,         0,   119.4,decoder_by_matrix,0421d486f8a041838688df650e87c0a19c3450ab7a7cc8b3dc589ebff86d1c74,"{""distance"":5,""physical_error_rate"":0.0001}","{""detection_events"":88835,""detectors_checked"":256768000}"
   1641472,         0,         0,   119.6,decoder_by_matrix,fa5edda0c1038186c8afbec49b0215a0b852396cdb50783a3f937fdf51d2afac,"{""distance"":5,""physical_error_rate"":1e-05}","{""detection_events"":9725,""detectors_checked"":279050240}"
   1538048,         0,         0,   119.7,decoder_by_matrix,9c6baee88fc81e7d1aa345fcb3feec7ee81f21c5d49cb6ca037118097d89e180,"{""distance"":5,""physical_error_rate"":5e-05}","{""detection_events"":46135,""detectors_checked"":261468160}"
   1589248,         0,         0,   119.6,decoder_by_matrix,b84cf4b8ca220d31f17e1e2ea9ab927bbc4176b15682c650e7d1dd8f2758172b,"{""distance"":5,""physical_error_rate"":0.0005}","{""detection_events"":454550,""detectors_checked"":270172160}"
   1466368,         0,         0,   119.5,decoder_by_matrix,b84cf4b8ca220d31f17e1e2ea9ab927bbc4176b15682c650e7d1dd8f2758172b,"{""distance"":5,""physical_error_rate"":0.0005}","{""detection_events"":421780,""detectors_checked"":249282560}"
   1550336,         3,         0,   119.6,decoder_by_matrix,066a5d8d46981b593c3dec855f441edbe9e755a8873183448f69d036a2ecc650,"{""distance"":5,""physical_error_rate"":0.001}","{""detection_events"":875745,""detectors_checked"":263557120,""obs_mistake_mask=E___"":3}"
   1475584,         0,         0,   119.5,decoder_by_matrix,9c6baee88fc81e7d1aa345fcb3feec7ee81f21c5d49cb6ca037118097d89e180,"{""distance"":5,""physical_error_rate"":5e-05}","{""detection_events"":42095,""detectors_checked"":250849280}"
   2440192,         0,         0,   119.6,decoder_by_matrix,9c6baee88fc81e7d1aa345fcb3feec7ee81f21c5d49cb6ca037118097d89e180,"{""distance"":5,""physical_error_rate"":5e-05}","{""detection_events"":68615,""detectors_checked"":414832640}"
   2786304,         0,         0,   119.5,decoder_by_matrix,3c866087b289edc25e9adea730044a15db18cabfd3ae2507fc844d5b4e03657a,"{""distance"":5,""physical_error_rate"":5e-06}","{""detection_events"":8065,""detectors_checked"":473671680}"
   1582080,         0,         0,   119.5,decoder_by_matrix,b84cf4b8ca220d31f17e1e2ea9ab927bbc4176b15682c650e7d1dd8f2758172b,"{""distance"":5,""physical_error_rate"":0.0005}","{""detection_events"":449650,""detectors_checked"":268953600}"
   1607680,         0,         0,   119.5,decoder_by_matrix,066a5d8d46981b593c3dec855f441edbe9e755a8873183448f69d036a2ecc650,"{""distance"":5,""physical_error_rate"":0.001}","{""detection_events"":901980,""detectors_checked"":273305600}"
   2226176,         1,         0,   119.6,decoder_by_matrix,b84cf4b8ca220d31f17e1e2ea9ab927bbc4176b15682c650e7d1dd8f2758172b,"{""distance"":5,""physical_error_rate"":0.0005}","{""detection_events"":631755,""detectors_checked"":378449920,""obs_mistake_mask=E___"":1}"
   2307072,         0,         0,   119.7,decoder_by_matrix,0421d486f8a041838688df650e87c0a19c3450ab7a7cc8b3dc589ebff86d1c74,"{""distance"":5,""physical_error_rate"":0.0001}","{""detection_events"":132090,""detectors_checked"":392202240}"
   1744896,         0,         0,   119.6,decoder_by_matrix,0421d486f8a041838688df650e87c0a19c3450ab7a7cc8b3dc589ebff86d1c74,"{""distance"":5,""physical_error_rate"":0.0001}","{""detection_events"":98845,""detectors_checked"":296632320}"
   1668096,         0,         0,   119.6,decoder_by_matrix,9c6baee88fc81e7d1aa345fcb3feec7ee81f21c5d49cb6ca037118097d89e180,"{""distance"":5,""physical_error_rate"":5e-05}","{""detection_events"":47210,""detectors_checked"":283576320}"
   1568768,         2,         0,   119.5,decoder_by_matrix,066a5d8d46981b593c3dec855f441edbe9e755a8873183448f69d036a2ecc650,"{""distance"":5,""physical_error_rate"":0.001}","{""detection_events"":898200,""detectors_checked"":266690560,""obs_mistake_mask=E_E_"":1,""obs_mistake_mask=_E__"":1}"
   1604608,         0,         0,   119.5,decoder_by_matrix,3c866087b289edc25e9adea730044a15db18cabfd3ae2507fc844d5b4e03657a,"{""distance"":5,""physical_error_rate"":5e-06}","{""detection_events"":4295,""detectors_checked"":272783360}"
   1640448,         0,         0,   119.6,decoder_by_matrix,fa5edda0c1038186c8afbec49b0215a0b852396cdb50783a3f937fdf51d2afac,"{""distance"":5,""physical_error_rate"":1e-05}","{""detection_events"":8830,""detectors_checked"":278876160}"
   1560576,         0,         0,   119.5,decoder_by_matrix,b84cf4b8ca220d31f17e1e2ea9ab927bbc4176b15682c650e7d1dd8f2758172b,"{""distance"":5,""physical_error_rate"":0.0005}","{""detection_events"":440975,""detectors_checked"":265297920}"
   1623040,         0,         0,   119.6,decoder_by_matrix,e41ade2e4684e0396b9a3890c882b6453b515d69885aa1d89a26ce21ec554895,"{""distance"":5,""physical_error_rate"":1e-06}","{""detection_events"":1150,""detectors_checked"":275916800}"
   1659904,         0,         0,   119.6,decoder_by_matrix,3c866087b289edc25e9adea730044a15db18cabfd3ae2507fc844d5b4e03657a,"{""distance"":5,""physical_error_rate"":5e-06}","{""detection_events"":5255,""detectors_checked"":282183680}"
   1657856,         0,         0,   119.7,decoder_by_matrix,e41ade2e4684e0396b9a3890c882b6453b515d69885aa1d89a26ce21ec554895,"{""distance"":5,""physical_error_rate"":1e-06}","{""detection_events"":1225,""detectors_checked"":281835520}"
   1644544,         0,         0,   119.6,decoder_by_matrix,fa5edda0c1038186c8afbec49b0215a0b852396cdb50783a3f937fdf51d2afac,"{""distance"":5,""physical_error_rate"":1e-05}","{""detection_events"":9115,""detectors_checked"":279572480}"
   1446912,         0,         0,   119.6,decoder_by_matrix,0421d486f8a041838688df650e87c0a19c3450ab7a7cc8b3dc589ebff86d1c74,"{""distance"":5,""physical_error_rate"":0.0001}","{""detection_events"":79570,""detectors_checked"":245975040}"
   1575936,         0,         0,   119.4,decoder_by_matrix,9c6baee88fc81e7d1aa345fcb3feec7ee81f21c5d49cb6ca037118097d89e180,"{""distance"":5,""physical_error_rate"":5e-05}","{""detection_events"":45595,""detectors_checked"":267909120}"
   1584128,         0,         0,   119.6,decoder_by_matrix,0421d486f8a041838688df650e87c0a19c3450ab7a7cc8b3dc589ebff86d1c74,"{""distance"":5,""physical_error_rate"":0.0001}","{""detection_events"":90765,""detectors_checked"":269301760}"
   1528832,         1,         0,   119.6,decoder_by_matrix,066a5d8d46981b593c3dec855f441edbe9e755a8873183448f69d036a2ecc650,"{""distance"":5,""physical_error_rate"":0.001}","{""detection_events"":874730,""detectors_checked"":259901440,""obs_mistake_mask=_E__"":1}"
   1530880,         0,         0,   119.6,decoder_by_matrix,fa5edda0c1038186c8afbec49b0215a0b852396cdb50783a3f937fdf51d2afac,"{""distance"":5,""physical_error_rate"":1e-05}","{""detection_events"":8835,""detectors_checked"":260249600}"
   1560576,         0,         0,   119.6,decoder_by_matrix,e41ade2e4684e0396b9a3890c882b6453b515d69885aa1d89a26ce21ec554895,"{""distance"":5,""physical_error_rate"":1e-06}","{""detection_events"":715,""detectors_checked"":265297920}"
   1504256,         0,         0,   119.5,decoder_by_matrix,0421d486f8a041838688df650e87c0a19c3450ab7a7cc8b3dc589ebff86d1c74,"{""distance"":5,""physical_error_rate"":0.0001}","{""detection_events"":88210,""detectors_checked"":255723520}"
   1536000,         0,         0,   119.6,decoder_by_matrix,e41ade2e4684e0396b9a3890c882b6453b515d69885aa1d89a26ce21ec554895,"{""distance"":5,""physical_error_rate"":1e-06}","{""detection_events"":660,""detectors_checked"":261120000}"
   1556480,         0,         0,   119.5,decoder_by_matrix,9c6baee88fc81e7d1aa345fcb3feec7ee81f21c5d49cb6ca037118097d89e180,"{""distance"":5,""physical_error_rate"":5e-05}","{""detection_events"":42135,""detectors_checked"":264601600}"
   1588224,         0,         0,   119.5,decoder_by_matrix,fa5edda0c1038186c8afbec49b0215a0b852396cdb50783a3f937fdf51d2afac,"{""distance"":5,""physical_error_rate"":1e-05}","{""detection_events"":8890,""detectors_checked"":269998080}"
   1688576,         0,         0,   119.5,decoder_by_matrix,e41ade2e4684e0396b9a3890c882b6453b515d69885aa1d89a26ce21ec554895,"{""distance"":5,""physical_error_rate"":1e-06}","{""detection_events"":1370,""detectors_checked"":287057920}"
   1692672,         0,         0,   119.6,decoder_by_matrix,3c866087b289edc25e9adea730044a15db18cabfd3ae2507fc844d5b4e03657a,"{""distance"":5,""physical_error_rate"":5e-06}","{""detection_events"":4690,""detectors_checked"":287754240}"
   1609728,         0,         0,   119.6,decoder_by_matrix,3c866087b289edc25e9adea730044a15db18cabfd3ae2507fc844d5b4e03657a,"{""distance"":5,""physical_error_rate"":5e-06}","{""detection_events"":4670,""detectors_checked"":273653760}"
   1526784,         0,         0,   119.6,decoder_by_matrix,0421d486f8a041838688df650e87c0a19c3450ab7a7cc8b3dc589ebff86d1c74,"{""distance"":5,""physical_error_rate"":0.0001}","{""detection_events"":89100,""detectors_checked"":259553280}"
   1526784,         1,         0,   119.6,decoder_by_matrix,b84cf4b8ca220d31f17e1e2ea9ab927bbc4176b15682c650e7d1dd8f2758172b,"{""distance"":5,""physical_error_rate"":0.0005}","{""detection_events"":433075,""detectors_checked"":259553280,""obs_mistake_mask=_E_E"":1}"
   1600512,         1,         0,   119.6,decoder_by_matrix,b84cf4b8ca220d31f17e1e2ea9ab927bbc4176b15682c650e7d1dd8f2758172b,"{""distance"":5,""physical_error_rate"":0.0005}","{""detection_events"":453845,""detectors_checked"":272087040,""obs_mistake_mask=__E_"":1}"
   3150848,         0,         0,   119.0,decoder_by_matrix,fa5edda0c1038186c8afbec49b0215a0b852396cdb50783a3f937fdf51d2afac,"{""distance"":5,""physical_error_rate"":1e-05}","{""detection_events"":16950,""detectors_checked"":535644160}"
   1547264,         0,         0,   119.7,decoder_by_matrix,3c866087b289edc25e9adea730044a15db18cabfd3ae2507fc844d5b4e03657a,"{""distance"":5,""physical_error_rate"":5e-06}","{""detection_events"":4035,""detectors_checked"":263034880}"
   1506304,         1,         0,   119.6,decoder_by_matrix,066a5d8d46981b593c3dec855f441edbe9e755a8873183448f69d036a2ecc650,"{""distance"":5,""physical_error_rate"":0.001}","{""detection_events"":861065,""detectors_checked"":256071680,""obs_mistake_mask=_E__"":1}"
   1538048,         0,         0,   119.5,decoder_by_matrix,9c6baee88fc81e7d1aa345fcb3feec7ee81f21c5d49cb6ca037118097d89e180,"{""distance"":5,""physical_error_rate"":5e-05}","{""detection_events"":42195,""detectors_checked"":261468160}"
   3173376,        11,         0,   119.3,decoder_by_matrix,066a5d8d46981b593c3dec855f441edbe9e755a8873183448f69d036a2ecc650,"{""distance"":5,""physical_error_rate"":0.001}","{""detection_events"":1809345,""detectors_checked"":539473920,""obs_mistake_mask=EEE_"":1,""obs_mistake_mask=E_E_"":1,""obs_mistake_mask=E__E"":1,""obs_mistake_mask=E___"":2,""obs_mistake_mask=_EEE"":1,""obs_mistake_mask=_EE_"":2,""obs_mistake_mask=_E__"":1,""obs_mistake_mask=__EE"":1,""obs_mistake_mask=__E_"":1}"
   2681856,         0,         0,   119.5,decoder_by_matrix,fa5edda0c1038186c8afbec49b0215a0b852396cdb50783a3f937fdf51d2afac,"{""distance"":5,""physical_error_rate"":1e-05}","{""detection_events"":16325,""detectors_checked"":455915520}"
   2566144,         0,         0,   119.5,decoder_by_matrix,e41ade2e4684e0396b9a3890c882b6453b515d69885aa1d89a26ce21ec554895,"{""distance"":5,""physical_error_rate"":1e-06}","{""detection_events"":1250,""detectors_checked"":436244480}"
   1683456,         0,         0,   119.5,decoder_by_matrix,e41ade2e4684e0396b9a3890c882b6453b515d69885aa1d89a26ce21ec554895,"{""distance"":5,""physical_error_rate"":1e-06}","{""detection_events"":820,""detectors_checked"":286187520}"
   1643520,         0,         0,   119.7,decoder_by_matrix,3c866087b289edc25e9adea730044a15db18cabfd3ae2507fc844d5b4e03657a,"{""distance"":5,""physical_error_rate"":5e-06}","{""detection_events"":4785,""detectors_checked"":279398400}"
   1589248,         0,         0,   119.5,decoder_by_matrix,0421d486f8a041838688df650e87c0a19c3450ab7a7cc8b3dc589ebff86d1c74,"{""distance"":5,""physical_error_rate"":0.0001}","{""detection_events"":89550,""detectors_checked"":270172160}"
   1638400,         0,         0,   119.6,decoder_by_matrix,fa5edda0c1038186c8afbec49b0215a0b852396cdb50783a3f937fdf51d2afac,"{""distance"":5,""physical_error_rate"":1e-05}","{""detection_events"":9160,""detectors_checked"":278528000}"
   1613824,         0,         0,   119.6,decoder_by_matrix,9c6baee88fc81e7d1aa345fcb3feec7ee81f21c5d49cb6ca037118097d89e180,"{""distance"":5,""physical_error_rate"":5e-05}","{""detection_events"":44695,""detectors_checked"":274350080}"
   1452032,         0,         0,   119.6,decoder_by_matrix,b84cf4b8ca220d31f17e1e2ea9ab927bbc4176b15682c650e7d1dd8f2758172b,"{""distance"":5,""physical_error_rate"":0.0005}","{""detection_events"":416955,""detectors_checked"":246845440}"
   1501184,         0,         0,   119.5,decoder_by_matrix,b84cf4b8ca220d31f17e1e2ea9ab927bbc4176b15682c650e7d1dd8f2758172b,"{""distance"":5,""physical_error_rate"":0.0005}","{""detection_events"":428945,""detectors_checked"":255201280}"
   1478656,         1,         0,   119.4,decoder_by_matrix,066a5d8d46981b593c3dec855f441edbe9e755a8873183448f69d036a2ecc650,"{""distance"":5,""physical_error_rate"":0.001}","{""detection_events"":836945,""detectors_checked"":251371520,""obs_mistake_mask=EE__"":1}"
   1425408,         0,         0,   119.5,decoder_by_matrix,9c6baee88fc81e7d1aa345fcb3feec7ee81f21c5d49cb6ca037118097d89e180,"{""distance"":5,""physical_error_rate"":5e-05}","{""detection_events"":41055,""detectors_checked"":242319360}"
   2318336,         0,         0,   119.6,decoder_by_matrix,9c6baee88fc81e7d1aa345fcb3feec7ee81f21c5d49cb6ca037118097d89e180,"{""distance"":5,""physical_error_rate"":5e-05}","{""detection_events"":66075,""detectors_checked"":394117120}"
   2659328,         0,         0,   119.5,decoder_by_matrix,3c866087b289edc25e9adea730044a15db18cabfd3ae2507fc844d5b4e03657a,"{""distance"":5,""physical_error_rate"":5e-06}","{""detection_events"":7610,""detectors_checked"":452085760}"
   1571840,         1,         0,   119.6,decoder_by_matrix,b84cf4b8ca220d31f17e1e2ea9ab927bbc4176b15682c650e7d1dd8f2758172b,"{""distance"":5,""physical_error_rate"":0.0005}","{""detection_events"":440620,""detectors_checked"":267212800,""obs_mistake_mask=E_E_"":1}"
   2183168,         0,         0,   119.6,decoder_by_matrix,b84cf4b8ca220d31f17e1e2ea9ab927bbc4176b15682c650e7d1dd8f2758172b,"{""distance"":5,""physical_error_rate"":0.0005}","{""detection_events"":621545,""detectors_checked"":371138560}"
   1645568,         3,         0,   119.7,decoder_by_matrix,066a5d8d46981b593c3dec855f441edbe9e755a8873183448f69d036a2ecc650,"{""distance"":5,""physical_error_rate"":0.001}","{""detection_events"":935090,""detectors_checked"":279746560,""obs_mistake_mask=EE__"":1,""obs_mistake_mask=_EEE"":1,""obs_mistake_mask=_E__"":1}"
   1622016,         0,         0,   119.5,decoder_by_matrix,0421d486f8a041838688df650e87c0a19c3450ab7a7cc8b3dc589ebff86d1c74,"{""distance"":5,""physical_error_rate"":0.0001}","{""detection_events"":94395,""detectors_checked"":275742720}"
   2277376,         0,         0,   119.6,decoder_by_matrix,0421d486f8a041838688df650e87c0a19c3450ab7a7cc8b3dc589ebff86d1c74,"{""distance"":5,""physical_error_rate"":0.0001}","{""detection_events"":131135,""detectors_checked"":387153920}"
   1639424,         0,         0,   119.7,decoder_by_matrix,9c6baee88fc81e7d1aa345fcb3feec7ee81f21c5d49cb6ca037118097d89e180,"{""distance"":5,""physical_error_rate"":5e-05}","{""detection_events"":46350,""detectors_checked"":278702080}"
   1583104,         0,         0,   119.7,decoder_by_matrix,066a5d8d46981b593c3dec855f441edbe9e755a8873183448f69d036a2ecc650,"{""distance"":5,""physical_error_rate"":0.001}","{""detection_events"":898530,""detectors_checked"":269127680}"
   1626112,         0,         0,   119.6,decoder_by_matrix,3c866087b289edc25e9adea730044a15db18cabfd3ae2507fc844d5b4e03657a,"{""distance"":5,""physical_error_rate"":5e-06}","{""detection_events"":4070,""detectors_checked"":276439040}"
   1642496,         0,         0,   119.5,decoder_by_matrix,fa5edda0c1038186c8afbec49b0215a0b852396cdb50783a3f937fdf51d2afac,"{""distance"":5,""physical_error_rate"":1e-05}","{""detection_events"":9920,""detectors_checked"":279224320}"
   1588224,         1,         0,   119.6,decoder_by_matrix,b84cf4b8ca220d31f17e1e2ea9ab927bbc4176b15682c650e7d1dd8f2758172b,"{""distance"":5,""physical_error_rate"":0.0005}","{""detection_events"":453260,""detectors_checked"":269998080,""obs_mistake_mask=_E__"":1}"
   1639424,         0,         0,   119.4,decoder_by_matrix,e41ade2e4684e0396b9a3890c882b6453b515d69885aa1d89a26ce21ec554895,"{""distance"":5,""physical_error_rate"":1e-06}","{""detection_events"":915,""detectors_checked"":278702080}"
   1673216,         0,         0,   119.6,decoder_by_matrix,3c866087b289edc25e9adea730044a15db18cabfd3ae2507fc844d5b4e03657a,"{""distance"":5,""physical_error_rate"":5e-06}","{""detection_events"":4750,""detectors_checked"":284446720}"
   1638400,         0,         0,   119.5,decoder_by_matrix,fa5edda0c1038186c8afbec49b0215a0b852396cdb50783a3f937fdf51d2afac,"{""distance"":5,""physical_error_rate"":1e-05}","{""detection_events"":9090,""detectors_checked"":278528000}"
   1654784,         0,         0,   119.7,decoder_by_matrix,e41ade2e4684e0396b9a3890c882b6453b515d69885aa1d89a26ce21ec554895,"{""distance"":5,""physical_error_rate"":1e-06}","{""detection_events"":1015,""detectors_checked"":281313280}"
   1580032,         0,         0,   119.6,decoder_by_matrix,0421d486f8a041838688df650e87c0a19c3450ab7a7cc8b3dc589ebff86d1c74,"{""distance"":5,""physical_error_rate"":0.0001}","{""detection_events"":89775,""detectors_checked"":268605440}"
   1591296,         0,         0,   119.6,decoder_by_matrix,9c6baee88fc81e7d1aa345fcb3feec7ee81f21c5d49cb6ca037118097d89e180,"{""distance"":5,""physical_error_rate"":5e-05}","{""detection_events"":45620,""detectors_checked"":270520320}"
   1605632,         0,         0,   119.6,decoder_by_matrix,0421d486f8a041838688df650e87c0a19c3450ab7a7cc8b3dc589ebff86d1c74,"{""distance"":5,""physical_error_rate"":0.0001}","{""detection_events"":92105,""detectors_checked"":272957440}"
   1538048,         6,         0,   119.6,decoder_by_matrix,066a5d8d46981b593c3dec855f441edbe9e755a8873183448f69d036a2ecc650,"{""distance"":5,""physical_error_rate"":0.001}","{""detection_events"":865200,""detectors_checked"":261468160,""obs_mistake_mask=EE__"":1,""obs_mistake_mask=E___"":1,""obs_mistake_mask=_EEE"":1,""obs_mistake_mask=__E_"":2,""obs_mistake_mask=___E"":1}"
   1587200,         0,         0,   119.5,decoder_by_matrix,fa5edda0c1038186c8afbec49b0215a0b852396cdb50783a3f937fdf51d2afac,"{""distance"":5,""physical_error_rate"":1e-05}","{""detection_events"":9020,""detectors_checked"":269824000}"
   1558528,         0,         0,   119.5,decoder_by_matrix,e41ade2e4684e0396b9a3890c882b6453b515d69885aa1d89a26ce21ec554895,"{""distance"":5,""physical_error_rate"":1e-06}","{""detection_events"":1160,""detectors_checked"":264949760}"
   1485824,         0,         0,   119.6,decoder_by_matrix,0421d486f8a041838688df650e87c0a19c3450ab7a7cc8b3dc589ebff86d1c74,"{""distance"":5,""physical_error_rate"":0.0001}","{""detection_events"":86935,""detectors_checked"":252590080}"
   1566720,         0,         0,   119.6,decoder_by_matrix,e41ade2e4684e0396b9a3890c882b6453b515d69885aa1d89a26ce21ec554895,"{""distance"":5,""physical_error_rate"":1e-06}","{""detection_events"":780,""detectors_checked"":266342400}"
   1520640,         0,         0,   119.6,decoder_by_matrix,9c6baee88fc81e7d1aa345fcb3feec7ee81f21c5d49cb6ca037118097d89e180,"{""distance"":5,""physical_error_rate"":5e-05}","{""detection_events"":43820,""detectors_checked"":258508800}"
    288785,         0,         0,    16.5,decoder_by_matrix,9c6baee88fc81e7d1aa345fcb3feec7ee81f21c5d49cb6ca037118097d89e180,"{""distance"":5,""physical_error_rate"":5e-05}","{""detection_events"":8435,""detectors_checked"":49093450}"
   1572864,         0,         0,   119.6,decoder_by_matrix,fa5edda0c1038186c8afbec49b0215a0b852396cdb50783a3f937fdf51d2afac,"{""distance"":5,""physical_error_rate"":1e-05}","{""detection_events"":8735,""detectors_checked"":267386880}"
   1709056,         0,         0,   119.6,decoder_by_matrix,e41ade2e4684e0396b9a3890c882b6453b515d69885aa1d89a26ce21ec554895,"{""distance"":5,""physical_error_rate"":1e-06}","{""detection_events"":850,""detectors_checked"":290539520}"
   1704960,         0,         0,   119.6,decoder_by_matrix,3c866087b289edc25e9adea730044a15db18cabfd3ae2507fc844d5b4e03657a,"{""distance"":5,""physical_error_rate"":5e-06}","{""detection_events"":4780,""detectors_checked"":289843200}"
   1443840,         0,         0,   119.6,decoder_by_matrix,3c866087b289edc25e9adea730044a15db18cabfd3ae2507fc844d5b4e03657a,"{""distance"":5,""physical_error_rate"":5e-06}","{""detection_events"":4200,""detectors_checked"":245452800}"
   1571840,         0,         0,   119.6,decoder_by_matrix,0421d486f8a041838688df650e87c0a19c3450ab7a7cc8b3dc589ebff86d1c74,"{""distance"":5,""physical_error_rate"":0.0001}","{""detection_events"":91005,""detectors_checked"":267212800}"
   1522688,         0,         0,   119.5,decoder_by_matrix,b84cf4b8ca220d31f17e1e2ea9ab927bbc4176b15682c650e7d1dd8f2758172b,"{""distance"":5,""physical_error_rate"":0.0005}","{""detection_events"":431940,""detectors_checked"":258856960}"
   1604608,         0,         0,   119.6,decoder_by_matrix,b84cf4b8ca220d31f17e1e2ea9ab927bbc4176b15682c650e7d1dd8f2758172b,"{""distance"":5,""physical_error_rate"":0.0005}","{""detection_events"":457015,""detectors_checked"":272783360}"
   2434048,         0,         0,   119.4,decoder_by_matrix,fa5edda0c1038186c8afbec49b0215a0b852396cdb50783a3f937fdf51d2afac,"{""distance"":5,""physical_error_rate"":1e-05}","{""detection_events"":13630,""detectors_checked"":413788160}"
   1517568,         0,         0,   119.7,decoder_by_matrix,3c866087b289edc25e9adea730044a15db18cabfd3ae2507fc844d5b4e03657a,"{""distance"":5,""physical_error_rate"":5e-06}","{""detection_events"":4115,""detectors_checked"":257986560}"
   1567744,         2,         0,   119.6,decoder_by_matrix,066a5d8d46981b593c3dec855f441edbe9e755a8873183448f69d036a2ecc650,"{""distance"":5,""physical_error_rate"":0.001}","{""detection_events"":894640,""detectors_checked"":266516480,""obs_mistake_mask=E___"":1,""obs_mistake_mask=_EE_"":1}"
   1506304,         0,         0,   119.5,decoder_by_matrix,9c6baee88fc81e7d1aa345fcb3feec7ee81f21c5d49cb6ca037118097d89e180,"{""distance"":5,""physical_error_rate"":5e-05}","{""detection_events"":44080,""detectors_checked"":256071680}"
   5351424,        12,         0,   119.2,decoder_by_matrix,066a5d8d46981b593c3dec855f441edbe9e755a8873183448f69d036a2ecc650,"{""distance"":5,""physical_error_rate"":0.001}","{""detection_events"":3033405,""detectors_checked"":909742080,""obs_mistake_mask=EE_E"":1,""obs_mistake_mask=E_EE"":2,""obs_mistake_mask=E_E_"":3,""obs_mistake_mask=E__E"":1,""obs_mistake_mask=_EE_"":1,""obs_mistake_mask=_E_E"":2,""obs_mistake_mask=_E__"":1,""obs_mistake_mask=___E"":1}"
   2446336,         0,         0,   119.6,decoder_by_matrix,fa5edda0c1038186c8afbec49b0215a0b852396cdb50783a3f937fdf51d2afac,"{""distance"":5,""physical_error_rate"":1e-05}","{""detection_events"":14150,""detectors_checked"":415877120}"
   2573312,         0,         0,   119.5,decoder_by_matrix,e41ade2e4684e0396b9a3890c882b6453b515d69885aa1d89a26ce21ec554895,"{""distance"":5,""physical_error_rate"":1e-06}","{""detection_events"":1220,""detectors_checked"":437463040}"
   1690624,         0,         0,   119.5,decoder_by_matrix,e41ade2e4684e0396b9a3890c882b6453b515d69885aa1d89a26ce21ec554895,"{""distance"":5,""physical_error_rate"":1e-06}","{""detection_events"":740,""detectors_checked"":287406080}"
   1653760,         0,         0,   119.5,decoder_by_matrix,3c866087b289edc25e9adea730044a15db18cabfd3ae2507fc844d5b4e03657a,"{""distance"":5,""physical_error_rate"":5e-06}","{""detection_events"":4485,""detectors_checked"":281139200}"
   1506304,         0,         0,   119.5,decoder_by_matrix,0421d486f8a041838688df650e87c0a19c3450ab7a7cc8b3dc589ebff86d1c74,"{""distance"":5,""physical_error_rate"":0.0001}","{""detection_events"":84845,""detectors_checked"":256071680}"
   1566720,         0,         0,   119.5,decoder_by_matrix,fa5edda0c1038186c8afbec49b0215a0b852396cdb50783a3f937fdf51d2afac,"{""distance"":5,""physical_error_rate"":1e-05}","{""detection_events"":9220,""detectors_checked"":266342400}"
   1546240,         0,         0,   119.6,decoder_by_matrix,9c6baee88fc81e7d1aa345fcb3feec7ee81f21c5d49cb6ca037118097d89e180,"{""distance"":5,""physical_error_rate"":5e-05}","{""detection_events"":45615,""detectors_checked"":262860800}"
   1560576,         0,         0,   119.6,decoder_by_matrix,b84cf4b8ca220d31f17e1e2ea9ab927bbc4176b15682c650e7d1dd8f2758172b,"{""distance"":5,""physical_error_rate"":0.0005}","{""detection_events"":444465,""detectors_checked"":265297920}"
   1583104,         0,         0,   119.6,decoder_by_matrix,b84cf4b8ca220d31f17e1e2ea9ab927bbc4176b15682c650e7d1dd8f2758172b,"{""distance"":5,""physical_error_rate"":0.0005}","{""detection_events"":450255,""detectors_checked"":269127680}"
   1552384,         4,         0,   119.6,decoder_by_matrix,066a5d8d46981b593c3dec855f441edbe9e755a8873183448f69d036a2ecc650,"{""distance"":5,""physical_error_rate"":0.001}","{""detection_events"":880100,""detectors_checked"":263905280,""obs_mistake_mask=EE__"":1,""obs_mistake_mask=_EEE"":1,""obs_mistake_mask=_EE_"":1,""obs_mistake_mask=_E_E"":1}"
   1557504,         0,         0,   119.6,decoder_by_matrix,9c6baee88fc81e7d1aa345fcb3feec7ee81f21c5d49cb6ca037118097d89e180,"{""distance"":5,""physical_error_rate"":5e-05}","{""detection_events"":44585,""detectors_checked"":264775680}"
   2535424,         0,         0,   119.5,decoder_by_matrix,3c866087b289edc25e9adea730044a15db18cabfd3ae2507fc844d5b4e03657a,"{""distance"":5,""physical_error_rate"":5e-06}","{""detection_events"":7595,""detectors_checked"":431022080}"
   1567744,         0,         0,   119.7,decoder_by_matrix,b84cf4b8ca220d31f17e1e2ea9ab927bbc4176b15682c650e7d1dd8f2758172b,"{""distance"":5,""physical_error_rate"":0.0005}","{""detection_events"":441225,""detectors_checked"":266516480}"
   1952768,         0,         0,   119.5,decoder_by_matrix,0421d486f8a041838688df650e87c0a19c3450ab7a7cc8b3dc589ebff86d1c74,"{""distance"":5,""physical_error_rate"":0.0001}","{""detection_events"":108335,""detectors_checked"":331970560}"
   1870848,         1,         0,   119.6,decoder_by_matrix,b84cf4b8ca220d31f17e1e2ea9ab927bbc4176b15682c650e7d1dd8f2758172b,"{""distance"":5,""physical_error_rate"":0.0005}","{""detection_events"":537835,""detectors_checked"":318044160,""obs_mistake_mask=_E__"":1}"
   1568768,         2,         0,   119.6,decoder_by_matrix,066a5d8d46981b593c3dec855f441edbe9e755a8873183448f69d036a2ecc650,"{""distance"":5,""physical_error_rate"":0.001}","{""detection_events"":883420,""detectors_checked"":266690560,""obs_mistake_mask=_E__"":1,""obs_mistake_mask=___E"":1}"
   1628160,         0,         0,   119.6,decoder_by_matrix,0421d486f8a041838688df650e87c0a19c3450ab7a7cc8b3dc589ebff86d1c74,"{""distance"":5,""physical_error_rate"":0.0001}","{""detection_events"":90195,""detectors_checked"":276787200}"
   1556480,         3,         0,   119.4,decoder_by_matrix,066a5d8d46981b593c3dec855f441edbe9e755a8873183448f69d036a2ecc650,"{""distance"":5,""physical_error_rate"":0.001}","{""detection_events"":884335,""detectors_checked"":264601600,""obs_mistake_mask=E_E_"":1,""obs_mistake_mask=E___"":1,""obs_mistake_mask=___E"":1}"
   1685504,         0,         0,   119.6,decoder_by_matrix,9c6baee88fc81e7d1aa345fcb3feec7ee81f21c5d49cb6ca037118097d89e180,"{""distance"":5,""physical_error_rate"":5e-05}","{""detection_events"":48155,""detectors_checked"":286535680}"
   1611776,         0,         0,   119.6,decoder_by_matrix,3c866087b289edc25e9adea730044a15db18cabfd3ae2507fc844d5b4e03657a,"{""distance"":5,""physical_error_rate"":5e-06}","{""detection_events"":4465,""detectors_checked"":274001920}"
   1633280,         0,         0,   119.5,decoder_by_matrix,fa5edda0c1038186c8afbec49b0215a0b852396cdb50783a3f937fdf51d2afac,"{""distance"":5,""physical_error_rate"":1e-05}","{""detection_events"":9770,""detectors_checked"":277657600}"
   1580032,         0,         0,   119.6,decoder_by_matrix,b84cf4b8ca220d31f17e1e2ea9ab927bbc4176b15682c650e7d1dd8f2758172b,"{""distance"":5,""physical_error_rate"":0.0005}","{""detection_events"":454875,""detectors_checked"":268605440}"
   1613824,         0,         0,   119.5,decoder_by_matrix,e41ade2e4684e0396b9a3890c882b6453b515d69885aa1d89a26ce21ec554895,"{""distance"":5,""physical_error_rate"":1e-06}","{""detection_events"":660,""detectors_checked"":274350080}"
   1659904,         0,         0,   119.5,decoder_by_matrix,fa5edda0c1038186c8afbec49b0215a0b852396cdb50783a3f937fdf51d2afac,"{""distance"":5,""physical_error_rate"":1e-05}","{""detection_events"":8560,""detectors_checked"":282183680}"
   1635328,         0,         0,   119.6,decoder_by_matrix,e41ade2e4684e0396b9a3890c882b6453b515d69885aa1d89a26ce21ec554895,"{""distance"":5,""physical_error_rate"":1e-06}","{""detection_events"":1095,""detectors_checked"":278005760}"
   1666048,         0,         0,   119.6,decoder_by_matrix,3c866087b289edc25e9adea730044a15db18cabfd3ae2507fc844d5b4e03657a,"{""distance"":5,""physical_error_rate"":5e-06}","{""detection_events"":5015,""detectors_checked"":283228160}"
   1557504,         0,         0,   119.5,decoder_by_matrix,0421d486f8a041838688df650e87c0a19c3450ab7a7cc8b3dc589ebff86d1c74,"{""distance"":5,""physical_error_rate"":0.0001}","{""detection_events"":87360,""detectors_checked"":264775680}"
   1575936,         0,         0,   119.6,decoder_by_matrix,9c6baee88fc81e7d1aa345fcb3feec7ee81f21c5d49cb6ca037118097d89e180,"{""distance"":5,""physical_error_rate"":5e-05}","{""detection_events"":43635,""detectors_checked"":267909120}"
   1579008,         0,         0,   119.5,decoder_by_matrix,0421d486f8a041838688df650e87c0a19c3450ab7a7cc8b3dc589ebff86d1c74,"{""distance"":5,""physical_error_rate"":0.0001}","{""detection_events"":88380,""detectors_checked"":268431360}"
   1558528,         3,         0,   119.6,decoder_by_matrix,066a5d8d46981b593c3dec855f441edbe9e755a8873183448f69d036a2ecc650,"{""distance"":5,""physical_error_rate"":0.001}","{""detection_events"":880435,""detectors_checked"":264949760,""obs_mistake_mask=E_E_"":1,""obs_mistake_mask=_EE_"":2}"
   1615872,         0,         0,   119.5,decoder_by_matrix,fa5edda0c1038186c8afbec49b0215a0b852396cdb50783a3f937fdf51d2afac,"{""distance"":5,""physical_error_rate"":1e-05}","{""detection_events"":9795,""detectors_checked"":274698240}"
   1565696,         0,         0,   119.5,decoder_by_matrix,e41ade2e4684e0396b9a3890c882b6453b515d69885aa1d89a26ce21ec554895,"{""distance"":5,""physical_error_rate"":1e-06}","{""detection_events"":900,""detectors_checked"":266168320}"
   1537024,         0,         0,   119.6,decoder_by_matrix,0421d486f8a041838688df650e87c0a19c3450ab7a7cc8b3dc589ebff86d1c74,"{""distance"":5,""physical_error_rate"":0.0001}","{""detection_events"":85450,""detectors_checked"":261294080}"
   1627136,         0,         0,   119.5,decoder_by_matrix,e41ade2e4684e0396b9a3890c882b6453b515d69885aa1d89a26ce21ec554895,"{""distance"":5,""physical_error_rate"":1e-06}","{""detection_events"":855,""detectors_checked"":276613120}"
   1532928,         0,         0,   119.6,decoder_by_matrix,9c6baee88fc81e7d1aa345fcb3feec7ee81f21c5d49cb6ca037118097d89e180,"{""distance"":5,""physical_error_rate"":5e-05}","{""detection_events"":43680,""detectors_checked"":260597760}"
   2076672,         0,         0,   119.5,decoder_by_matrix,9c6baee88fc81e7d1aa345fcb3feec7ee81f21c5d49cb6ca037118097d89e180,"{""distance"":5,""physical_error_rate"":5e-05}","{""detection_events"":59700,""detectors_checked"":353034240}"
   1623040,         0,         0,   119.6,decoder_by_matrix,fa5edda0c1038186c8afbec49b0215a0b852396cdb50783a3f937fdf51d2afac,"{""distance"":5,""physical_error_rate"":1e-05}","{""detection_events"":9020,""detectors_checked"":275916800}"
   1629184,         0,         0,   119.6,decoder_by_matrix,e41ade2e4684e0396b9a3890c882b6453b515d69885aa1d89a26ce21ec554895,"{""distance"":5,""physical_error_rate"":1e-06}","{""detection_events"":940,""detectors_checked"":276961280}"
   1632256,         0,         0,   119.6,decoder_by_matrix,3c866087b289edc25e9adea730044a15db18cabfd3ae2507fc844d5b4e03657a,"{""distance"":5,""physical_error_rate"":5e-06}","{""detection_events"":5155,""detectors_checked"":277483520}"
   1532928,         0,         0,   119.6,decoder_by_matrix,3c866087b289edc25e9adea730044a15db18cabfd3ae2507fc844d5b4e03657a,"{""distance"":5,""physical_error_rate"":5e-06}","{""detection_events"":4305,""detectors_checked"":260597760}"
   1554432,         0,         0,   119.6,decoder_by_matrix,0421d486f8a041838688df650e87c0a19c3450ab7a7cc8b3dc589ebff86d1c74,"{""distance"":5,""physical_error_rate"":0.0001}","{""detection_events"":85320,""detectors_checked"":264253440}"
   1516544,         0,         0,   119.6,decoder_by_matrix,b84cf4b8ca220d31f17e1e2ea9ab927bbc4176b15682c650e7d1dd8f2758172b,"{""distance"":5,""physical_error_rate"":0.0005}","{""detection_events"":430340,""detectors_checked"":257812480}"
   1596416,         2,         0,   119.5,decoder_by_matrix,b84cf4b8ca220d31f17e1e2ea9ab927bbc4176b15682c650e7d1dd8f2758172b,"{""distance"":5,""physical_error_rate"":0.0005}","{""detection_events"":447175,""detectors_checked"":271390720,""obs_mistake_mask=EE__"":1,""obs_mistake_mask=E___"":1}"
   1646592,         0,         0,   119.6,decoder_by_matrix,fa5edda0c1038186c8afbec49b0215a0b852396cdb50783a3f937fdf51d2afac,"{""distance"":5,""physical_error_rate"":1e-05}","{""detection_events"":9085,""detectors_checked"":279920640}"
   1627136,         0,         0,   119.6,decoder_by_matrix,3c866087b289edc25e9adea730044a15db18cabfd3ae2507fc844d5b4e03657a,"{""distance"":5,""physical_error_rate"":5e-06}","{""detection_events"":4500,""detectors_checked"":276613120}"
   1515520,         3,         0,   119.6,decoder_by_matrix,066a5d8d46981b593c3dec855f441edbe9e755a8873183448f69d036a2ecc650,"{""distance"":5,""physical_error_rate"":0.001}","{""detection_events"":857015,""detectors_checked"":257638400,""obs_mistake_mask=E_E_"":1,""obs_mistake_mask=E__E"":1,""obs_mistake_mask=_EEE"":1}"
   1514496,         0,         0,   119.5,decoder_by_matrix,9c6baee88fc81e7d1aa345fcb3feec7ee81f21c5d49cb6ca037118097d89e180,"{""distance"":5,""physical_error_rate"":5e-05}","{""detection_events"":43660,""detectors_checked"":257464320}"
   7459840,        12,         0,   119.1,decoder_by_matrix,066a5d8d46981b593c3dec855f441edbe9e755a8873183448f69d036a2ecc650,"{""distance"":5,""physical_error_rate"":0.001}","{""detection_events"":4221485,""detectors_checked"":1268172800,""obs_mistake_mask=E_E_"":2,""obs_mistake_mask=E___"":3,""obs_mistake_mask=_E_E"":2,""obs_mistake_mask=_E__"":1,""obs_mistake_mask=__EE"":1,""obs_mistake_mask=__E_"":3}"
   2235392,         0,         0,   119.6,decoder_by_matrix,fa5edda0c1038186c8afbec49b0215a0b852396cdb50783a3f937fdf51d2afac,"{""distance"":5,""physical_error_rate"":1e-05}","{""detection_events"":12500,""detectors_checked"":380016640}"
   2458624,         0,         0,   119.7,decoder_by_matrix,e41ade2e4684e0396b9a3890c882b6453b515d69885aa1d89a26ce21ec554895,"{""distance"":5,""physical_error_rate"":1e-06}","{""detection_events"":1345,""detectors_checked"":417966080}"
   1696768,         0,         0,   119.6,decoder_by_matrix,e41ade2e4684e0396b9a3890c882b6453b515d69885aa1d89a26ce21ec554895,"{""distance"":5,""physical_error_rate"":1e-06}","{""detection_events"":760,""detectors_checked"":288450560}"
   1625088,         0,         0,   119.5,decoder_by_matrix,3c866087b289edc25e9adea730044a15db18cabfd3ae2507fc844d5b4e03657a,"{""distance"":5,""physical_error_rate"":5e-06}","{""detection_events"":4670,""detectors_checked"":276264960}"
   1548288,         0,         0,   119.7,decoder_by_matrix,0421d486f8a041838688df650e87c0a19c3450ab7a7cc8b3dc589ebff86d1c74,"{""distance"":5,""physical_error_rate"":0.0001}","{""detection_events"":89460,""detectors_checked"":263208960}"
   1557504,         0,         0,   119.7,decoder_by_matrix,fa5edda0c1038186c8afbec49b0215a0b852396cdb50783a3f937fdf51d2afac,"{""distance"":5,""physical_error_rate"":1e-05}","{""detection_events"":9510,""detectors_checked"":264775680}"
   1560576,         0,         0,   119.6,decoder_by_matrix,9c6baee88fc81e7d1aa345fcb3feec7ee81f21c5d49cb6ca037118097d89e180,"{""distance"":5,""physical_error_rate"":5e-05}","{""detection_events"":44470,""detectors_checked"":265297920}"
   1561600,         0,         0,   119.7,decoder_by_matrix,b84cf4b8ca220d31f17e1e2ea9ab927bbc4176b15682c650e7d1dd8f2758172b,"{""distance"":5,""physical_error_rate"":0.0005}","{""detection_events"":440895,""detectors_checked"":265472000}"
   2567190,         6,         0,    37.3,decoder_by_matrix,066a5d8d46981b593c3dec855f441edbe9e755a8873183448f69d036a2ecc650,"{""distance"":5,""physical_error_rate"":0.001}","{""detection_events"":1459360,""detectors_checked"":436422300,""obs_mistake_mask=EE_E"":1,""obs_mistake_mask=E_E_"":1,""obs_mistake_mask=_EEE"":2,""obs_mistake_mask=__E_"":1,""obs_mistake_mask=___E"":1}"
   1599488,         0,         0,   119.6,decoder_by_matrix,b84cf4b8ca220d31f17e1e2ea9ab927bbc4176b15682c650e7d1dd8f2758172b,"{""distance"":5,""physical_error_rate"":0.0005}","{""detection_events"":452320,""detectors_checked"":271912960}"
   1566720,         1,         0,   119.5,decoder_by_matrix,066a5d8d46981b593c3dec855f441edbe9e755a8873183448f69d036a2ecc650,"{""distance"":5,""physical_error_rate"":0.001}","{""detection_events"":895290,""detectors_checked"":266342400,""obs_mistake_mask=EE__"":1}"
   1486848,         0,         0,   119.6,decoder_by_matrix,9c6baee88fc81e7d1aa345fcb3feec7ee81f21c5d49cb6ca037118097d89e180,"{""distance"":5,""physical_error_rate"":5e-05}","{""detection_events"":43470,""detectors_checked"":252764160}"
   2385920,         0,         0,   119.5,decoder_by_matrix,3c866087b289edc25e9adea730044a15db18cabfd3ae2507fc844d5b4e03657a,"{""distance"":5,""physical_error_rate"":5e-06}","{""detection_events"":6790,""detectors_checked"":405606400}"
   1573888,         1,         0,   119.6,decoder_by_matrix,b84cf4b8ca220d31f17e1e2ea9ab927bbc4176b15682c650e7d1dd8f2758172b,"{""distance"":5,""physical_error_rate"":0.0005}","{""detection_events"":441485,""detectors_checked"":267560960,""obs_mistake_mask=_E_E"":1}"
   1633280,         2,         0,   119.7,decoder_by_matrix,066a5d8d46981b593c3dec855f441edbe9e755a8873183448f69d036a2ecc650,"{""distance"":5,""physical_error_rate"":0.001}","{""detection_events"":920605,""detectors_checked"":277657600,""obs_mistake_mask=__EE"":2}"
   1823744,         0,         0,   119.6,decoder_by_matrix,b84cf4b8ca220d31f17e1e2ea9ab927bbc4176b15682c650e7d1dd8f2758172b,"{""distance"":5,""physical_error_rate"":0.0005}","{""detection_events"":517620,""detectors_checked"":310036480}"
   1656832,         0,         0,   119.6,decoder_by_matrix,0421d486f8a041838688df650e87c0a19c3450ab7a7cc8b3dc589ebff86d1c74,"{""distance"":5,""physical_error_rate"":0.0001}","{""detection_events"":93395,""detectors_checked"":281661440}"
   1874944,         0,         0,   119.7,decoder_by_matrix,0421d486f8a041838688df650e87c0a19c3450ab7a7cc8b3dc589ebff86d1c74,"{""distance"":5,""physical_error_rate"":0.0001}","{""detection_events"":104055,""detectors_checked"":318740480}"
   1575936,         1,         0,   119.5,decoder_by_matrix,066a5d8d46981b593c3dec855f441edbe9e755a8873183448f69d036a2ecc650,"{""distance"":5,""physical_error_rate"":0.001}","{""detection_events"":896480,""detectors_checked"":267909120,""obs_mistake_mask=E___"":1}"
   1683456,         0,         0,   119.5,decoder_by_matrix,9c6baee88fc81e7d1aa345fcb3feec7ee81f21c5d49cb6ca037118097d89e180,"{""distance"":5,""physical_error_rate"":5e-05}","{""detection_events"":46775,""detectors_checked"":286187520}"
   1616896,         0,         0,   119.6,decoder_by_matrix,3c866087b289edc25e9adea730044a15db18cabfd3ae2507fc844d5b4e03657a,"{""distance"":5,""physical_error_rate"":5e-06}","{""detection_events"":4625,""detectors_checked"":274872320}"
   1647616,         0,         0,   119.6,decoder_by_matrix,fa5edda0c1038186c8afbec49b0215a0b852396cdb50783a3f937fdf51d2afac,"{""distance"":5,""physical_error_rate"":1e-05}","{""detection_events"":9085,""detectors_checked"":280094720}"
   1582080,         0,         0,   119.6,decoder_by_matrix,b84cf4b8ca220d31f17e1e2ea9ab927bbc4176b15682c650e7d1dd8f2758172b,"{""distance"":5,""physical_error_rate"":0.0005}","{""detection_events"":445755,""detectors_checked"":268953600}"
   1627136,         0,         0,   119.6,decoder_by_matrix,e41ade2e4684e0396b9a3890c882b6453b515d69885aa1d89a26ce21ec554895,"{""distance"":5,""physical_error_rate"":1e-06}","{""detection_events"":1010,""detectors_checked"":276613120}"
   1662976,         0,         0,   119.5,decoder_by_matrix,fa5edda0c1038186c8afbec49b0215a0b852396cdb50783a3f937fdf51d2afac,"{""distance"":5,""physical_error_rate"":1e-05}","{""detection_events"":10055,""detectors_checked"":282705920}"
   1652736,         0,         0,   119.6,decoder_by_matrix,e41ade2e4684e0396b9a3890c882b6453b515d69885aa1d89a26ce21ec554895,"{""distance"":5,""physical_error_rate"":1e-06}","{""detection_events"":805,""detectors_checked"":280965120}"
   1657856,         0,         0,   119.7,decoder_by_matrix,3c866087b289edc25e9adea730044a15db18cabfd3ae2507fc844d5b4e03657a,"{""distance"":5,""physical_error_rate"":5e-06}","{""detection_events"":4890,""detectors_checked"":281835520}"
   1609728,         0,         0,   119.6,decoder_by_matrix,0421d486f8a041838688df650e87c0a19c3450ab7a7cc8b3dc589ebff86d1c74,"{""distance"":5,""physical_error_rate"":0.0001}","{""detection_events"":94300,""detectors_checked"":273653760}"
   1590272,         0,         0,   119.7,decoder_by_matrix,9c6baee88fc81e7d1aa345fcb3feec7ee81f21c5d49cb6ca037118097d89e180,"{""distance"":5,""physical_error_rate"":5e-05}","{""detection_events"":47525,""detectors_checked"":270346240}"
   1615872,         0,         0,   119.6,decoder_by_matrix,0421d486f8a041838688df650e87c0a19c3450ab7a7cc8b3dc589ebff86d1c74,"{""distance"":5,""physical_error_rate"":0.0001}","{""detection_events"":91410,""detectors_checked"":274698240}"
   1546240,         1,         0,   119.6,decoder_by_matrix,066a5d8d46981b593c3dec855f441edbe9e755a8873183448f69d036a2ecc650,"{""distance"":5,""physical_error_rate"":0.001}","{""detection_events"":878340,""detectors_checked"":262860800,""obs_mistake_mask=E__E"":1}"
   1600512,         0,         0,   119.5,decoder_by_matrix,fa5edda0c1038186c8afbec49b0215a0b852396cdb50783a3f937fdf51d2afac,"{""distance"":5,""physical_error_rate"":1e-05}","{""detection_events"":8960,""detectors_checked"":272087040}"
   1604608,         0,         0,   119.6,decoder_by_matrix,e41ade2e4684e0396b9a3890c882b6453b515d69885aa1d89a26ce21ec554895,"{""distance"":5,""physical_error_rate"":1e-06}","{""detection_events"":845,""detectors_checked"":272783360}"
   1511424,         0,         0,   119.7,decoder_by_matrix,0421d486f8a041838688df650e87c0a19c3450ab7a7cc8b3dc589ebff86d1c74,"{""distance"":5,""physical_error_rate"":0.0001}","{""detection_events"":86280,""detectors_checked"":256942080}"
   1623040,         0,         0,   119.5,decoder_by_matrix,e41ade2e4684e0396b9a3890c882b6453b515d69885aa1d89a26ce21ec554895,"{""distance"":5,""physical_error_rate"":1e-06}","{""detection_events"":1225,""detectors_checked"":275916800}"
   1532928,         0,         0,   119.5,decoder_by_matrix,9c6baee88fc81e7d1aa345fcb3feec7ee81f21c5d49cb6ca037118097d89e180,"{""distance"":5,""physical_error_rate"":5e-05}","{""detection_events"":44725,""detectors_checked"":260597760}"
   2109440,         0,         0,   119.7,decoder_by_matrix,9c6baee88fc81e7d1aa345fcb3feec7ee81f21c5d49cb6ca037118097d89e180,"{""distance"":5,""physical_error_rate"":5e-05}","{""detection_events"":58980,""detectors_checked"":358604800}"
   1597440,         0,         0,   119.5,decoder_by_matrix,fa5edda0c1038186c8afbec49b0215a0b852396cdb50783a3f937fdf51d2afac,"{""distance"":5,""physical_error_rate"":1e-05}","{""detection_events"":9180,""detectors_checked"":271564800}"
   1686528,         0,         0,   119.5,decoder_by_matrix,e41ade2e4684e0396b9a3890c882b6453b515d69885aa1d89a26ce21ec554895,"{""distance"":5,""physical_error_rate"":1e-06}","{""detection_events"":1075,""detectors_checked"":286709760}"
   1641472,         0,         0,   119.6,decoder_by_matrix,3c866087b289edc25e9adea730044a15db18cabfd3ae2507fc844d5b4e03657a,"{""distance"":5,""physical_error_rate"":5e-06}","{""detection_events"":4815,""detectors_checked"":279050240}"
   1585152,         0,         0,   119.7,decoder_by_matrix,3c866087b289edc25e9adea730044a15db18cabfd3ae2507fc844d5b4e03657a,"{""distance"":5,""physical_error_rate"":5e-06}","{""detection_events"":4085,""detectors_checked"":269475840}"
   1548288,         0,         0,   119.6,decoder_by_matrix,0421d486f8a041838688df650e87c0a19c3450ab7a7cc8b3dc589ebff86d1c74,"{""distance"":5,""physical_error_rate"":0.0001}","{""detection_events"":89205,""detectors_checked"":263208960}"
   1520640,         0,         0,   119.6,decoder_by_matrix,b84cf4b8ca220d31f17e1e2ea9ab927bbc4176b15682c650e7d1dd8f2758172b,"{""distance"":5,""physical_error_rate"":0.0005}","{""detection_events"":432655,""detectors_checked"":258508800}"
   1543168,         1,         0,   119.6,decoder_by_matrix,b84cf4b8ca220d31f17e1e2ea9ab927bbc4176b15682c650e7d1dd8f2758172b,"{""distance"":5,""physical_error_rate"":0.0005}","{""detection_events"":438595,""detectors_checked"":262338560,""obs_mistake_mask=___E"":1}"
   1602560,         0,         0,   119.6,decoder_by_matrix,fa5edda0c1038186c8afbec49b0215a0b852396cdb50783a3f937fdf51d2afac,"{""distance"":5,""physical_error_rate"":1e-05}","{""detection_events"":8975,""detectors_checked"":272435200}"
   1528832,         0,         0,   119.6,decoder_by_matrix,3c866087b289edc25e9adea730044a15db18cabfd3ae2507fc844d5b4e03657a,"{""distance"":5,""physical_error_rate"":5e-06}","{""detection_events"":4345,""detectors_checked"":259901440}"
   1516544,         2,         0,   119.6,decoder_by_matrix,066a5d8d46981b593c3dec855f441edbe9e755a8873183448f69d036a2ecc650,"{""distance"":5,""physical_error_rate"":0.001}","{""detection_events"":861740,""detectors_checked"":257812480,""obs_mistake_mask=_EE_"":1,""obs_mistake_mask=_E_E"":1}"
   1523712,         0,         0,   119.5,decoder_by_matrix,9c6baee88fc81e7d1aa345fcb3feec7ee81f21c5d49cb6ca037118097d89e180,"{""distance"":5,""physical_error_rate"":5e-05}","{""detection_events"":44360,""detectors_checked"":259031040}"
   2285568,         0,         0,   119.6,decoder_by_matrix,fa5edda0c1038186c8afbec49b0215a0b852396cdb50783a3f937fdf51d2afac,"{""distance"":5,""physical_error_rate"":1e-05}","{""detection_events"":13320,""detectors_checked"":388546560}"
   2493440,         0,         0,   119.6,decoder_by_matrix,e41ade2e4684e0396b9a3890c882b6453b515d69885aa1d89a26ce21ec554895,"{""distance"":5,""physical_error_rate"":1e-06}","{""detection_events"":1460,""detectors_checked"":423884800}"
   1686528,         0,         0,   119.6,decoder_by_matrix,e41ade2e4684e0396b9a3890c882b6453b515d69885aa1d89a26ce21ec554895,"{""distance"":5,""physical_error_rate"":1e-06}","{""detection_events"":905,""detectors_checked"":286709760}"
   1673216,         0,         0,   119.5,decoder_by_matrix,3c866087b289edc25e9adea730044a15db18cabfd3ae2507fc844d5b4e03657a,"{""distance"":5,""physical_error_rate"":5e-06}","{""detection_events"":5020,""detectors_checked"":284446720}"
   1565696,         0,         0,   119.6,decoder_by_matrix,0421d486f8a041838688df650e87c0a19c3450ab7a7cc8b3dc589ebff86d1c74,"{""distance"":5,""physical_error_rate"":0.0001}","{""detection_events"":90485,""detectors_checked"":266168320}"
   1627136,         0,         0,   119.7,decoder_by_matrix,fa5edda0c1038186c8afbec49b0215a0b852396cdb50783a3f937fdf51d2afac,"{""distance"":5,""physical_error_rate"":1e-05}","{""detection_events"":10590,""detectors_checked"":276613120}"
   1599488,         0,         0,   119.7,decoder_by_matrix,9c6baee88fc81e7d1aa345fcb3feec7ee81f21c5d49cb6ca037118097d89e180,"{""distance"":5,""physical_error_rate"":5e-05}","{""detection_events"":45670,""detectors_checked"":271912960}"
   1611776,         0,         0,   119.6,decoder_by_matrix,b84cf4b8ca220d31f17e1e2ea9ab927bbc4176b15682c650e7d1dd8f2758172b,"{""distance"":5,""physical_error_rate"":0.0005}","{""detection_events"":459610,""detectors_checked"":274001920}"
   7081984,        19,         0,   119.1,decoder_by_matrix,066a5d8d46981b593c3dec855f441edbe9e755a8873183448f69d036a2ecc650,"{""distance"":5,""physical_error_rate"":0.001}","{""detection_events"":4008675,""detectors_checked"":1203937280,""obs_mistake_mask=EE_E"":2,""obs_mistake_mask=EE__"":3,""obs_mistake_mask=E__E"":3,""obs_mistake_mask=E___"":2,""obs_mistake_mask=_EE_"":1,""obs_mistake_mask=_E_E"":2,""obs_mistake_mask=__EE"":2,""obs_mistake_mask=__E_"":1,""obs_mistake_mask=___E"":3}"
   1574912,         0,         0,   119.6,decoder_by_matrix,b84cf4b8ca220d31f17e1e2ea9ab927bbc4176b15682c650e7d1dd8f2758172b,"{""distance"":5,""physical_error_rate"":0.0005}","{""detection_events"":444755,""detectors_checked"":267735040}"
   1540096,         7,         0,   119.7,decoder_by_matrix,066a5d8d46981b593c3dec855f441edbe9e755a8873183448f69d036a2ecc650,"{""distance"":5,""physical_error_rate"":0.001}","{""detection_events"":877115,""detectors_checked"":261816320,""obs_mistake_mask=EE__"":1,""obs_mistake_mask=E_E_"":1,""obs_mistake_mask=E___"":2,""obs_mistake_mask=__EE"":1,""obs_mistake_mask=__E_"":1,""obs_mistake_mask=___E"":1}"
   1522688,         0,         0,   119.5,decoder_by_matrix,9c6baee88fc81e7d1aa345fcb3feec7ee81f21c5d49cb6ca037118097d89e180,"{""distance"":5,""physical_error_rate"":5e-05}","{""detection_events"":44040,""detectors_checked"":258856960}"
   2456576,         0,         0,   119.5,decoder_by_matrix,3c866087b289edc25e9adea730044a15db18cabfd3ae2507fc844d5b4e03657a,"{""distance"":5,""physical_error_rate"":5e-06}","{""detection_events"":6680,""detectors_checked"":417617920}"
   1573888,         1,         0,   119.5,decoder_by_matrix,b84cf4b8ca220d31f17e1e2ea9ab927bbc4176b15682c650e7d1dd8f2758172b,"{""distance"":5,""physical_error_rate"":0.0005}","{""detection_events"":447750,""detectors_checked"":267560960,""obs_mistake_mask=E__E"":1}"
   1936384,         1,         0,   119.5,decoder_by_matrix,b84cf4b8ca220d31f17e1e2ea9ab927bbc4176b15682c650e7d1dd8f2758172b,"{""distance"":5,""physical_error_rate"":0.0005}","{""detection_events"":545520,""detectors_checked"":329185280,""obs_mistake_mask=__EE"":1}"
   1608704,         6,         0,   119.5,decoder_by_matrix,066a5d8d46981b593c3dec855f441edbe9e755a8873183448f69d036a2ecc650,"{""distance"":5,""physical_error_rate"":0.001}","{""detection_events"":914650,""detectors_checked"":273479680,""obs_mistake_mask=EEE_"":1,""obs_mistake_mask=E___"":3,""obs_mistake_mask=_E__"":1,""obs_mistake_mask=__E_"":1}"
   1868800,         0,         0,   119.7,decoder_by_matrix,0421d486f8a041838688df650e87c0a19c3450ab7a7cc8b3dc589ebff86d1c74,"{""distance"":5,""physical_error_rate"":0.0001}","{""detection_events"":105775,""detectors_checked"":317696000}"
   1617920,         0,         0,   119.7,decoder_by_matrix,0421d486f8a041838688df650e87c0a19c3450ab7a7cc8b3dc589ebff86d1c74,"{""distance"":5,""physical_error_rate"":0.0001}","{""detection_events"":92650,""detectors_checked"":275046400}"
   1554432,         6,         0,   119.6,decoder_by_matrix,066a5d8d46981b593c3dec855f441edbe9e755a8873183448f69d036a2ecc650,"{""distance"":5,""physical_error_rate"":0.001}","{""detection_events"":885620,""detectors_checked"":264253440,""obs_mistake_mask=EE_E"":1,""obs_mistake_mask=EE__"":1,""obs_mistake_mask=_EE_"":1,""obs_mistake_mask=_E__"":2,""obs_mistake_mask=__E_"":1}"
   1645568,         0,         0,   119.6,decoder_by_matrix,9c6baee88fc81e7d1aa345fcb3feec7ee81f21c5d49cb6ca037118097d89e180,"{""distance"":5,""physical_error_rate"":5e-05}","{""detection_events"":48680,""detectors_checked"":279746560}"
   1616896,         0,         0,   119.7,decoder_by_matrix,3c866087b289edc25e9adea730044a15db18cabfd3ae2507fc844d5b4e03657a,"{""distance"":5,""physical_error_rate"":5e-06}","{""detection_events"":4360,""detectors_checked"":274872320}"
   1627136,         0,         0,   119.5,decoder_by_matrix,fa5edda0c1038186c8afbec49b0215a0b852396cdb50783a3f937fdf51d2afac,"{""distance"":5,""physical_error_rate"":1e-05}","{""detection_events"":9460,""detectors_checked"":276613120}"
   1605632,         0,         0,   119.6,decoder_by_matrix,e41ade2e4684e0396b9a3890c882b6453b515d69885aa1d89a26ce21ec554895,"{""distance"":5,""physical_error_rate"":1e-06}","{""detection_events"":930,""detectors_checked"":272957440}"
   1561600,         0,         0,   119.7,decoder_by_matrix,b84cf4b8ca220d31f17e1e2ea9ab927bbc4176b15682c650e7d1dd8f2758172b,"{""distance"":5,""physical_error_rate"":0.0005}","{""detection_events"":443090,""detectors_checked"":265472000}"
   1651712,         0,         0,   119.5,decoder_by_matrix,fa5edda0c1038186c8afbec49b0215a0b852396cdb50783a3f937fdf51d2afac,"{""distance"":5,""physical_error_rate"":1e-05}","{""detection_events"":8680,""detectors_checked"":280791040}"
   1671168,         0,         0,   119.5,decoder_by_matrix,3c866087b289edc25e9adea730044a15db18cabfd3ae2507fc844d5b4e03657a,"{""distance"":5,""physical_error_rate"":5e-06}","{""detection_events"":4685,""detectors_checked"":284098560}"
   1636352,         0,         0,   119.5,decoder_by_matrix,e41ade2e4684e0396b9a3890c882b6453b515d69885aa1d89a26ce21ec554895,"{""distance"":5,""physical_error_rate"":1e-06}","{""detection_events"":745,""detectors_checked"":278179840}"
   1576960,         0,         0,   119.5,decoder_by_matrix,0421d486f8a041838688df650e87c0a19c3450ab7a7cc8b3dc589ebff86d1c74,"{""distance"":5,""physical_error_rate"":0.0001}","{""detection_events"":89765,""detectors_checked"":268083200}"
   1579008,         0,         0,   119.5,decoder_by_matrix,9c6baee88fc81e7d1aa345fcb3feec7ee81f21c5d49cb6ca037118097d89e180,"{""distance"":5,""physical_error_rate"":5e-05}","{""detection_events"":43540,""detectors_checked"":268431360}"
   1592320,         0,         0,   119.6,decoder_by_matrix,0421d486f8a041838688df650e87c0a19c3450ab7a7cc8b3dc589ebff86d1c74,"{""distance"":5,""physical_error_rate"":0.0001}","{""detection_events"":87950,""detectors_checked"":270694400}"
   1552384,         3,         0,   119.6,decoder_by_matrix,066a5d8d46981b593c3dec855f441edbe9e755a8873183448f69d036a2ecc650,"{""distance"":5,""physical_error_rate"":0.001}","{""detection_events"":874665,""detectors_checked"":263905280,""obs_mistake_mask=__EE"":1,""obs_mistake_mask=__E_"":1,""obs_mistake_mask=___E"":1}"
   1600512,         0,         0,   119.6,decoder_by_matrix,fa5edda0c1038186c8afbec49b0215a0b852396cdb50783a3f937fdf51d2afac,"{""distance"":5,""physical_error_rate"":1e-05}","{""detection_events"":8935,""detectors_checked"":272087040}"
   1576960,         0,         0,   119.6,decoder_by_matrix,e41ade2e4684e0396b9a3890c882b6453b515d69885aa1d89a26ce21ec554895,"{""distance"":5,""physical_error_rate"":1e-06}","{""detection_events"":915,""detectors_checked"":268083200}"
   1501184,         0,         0,   119.6,decoder_by_matrix,0421d486f8a041838688df650e87c0a19c3450ab7a7cc8b3dc589ebff86d1c74,"{""distance"":5,""physical_error_rate"":0.0001}","{""detection_events"":84820,""detectors_checked"":255201280}"
   1549312,         0,         0,   119.6,decoder_by_matrix,e41ade2e4684e0396b9a3890c882b6453b515d69885aa1d89a26ce21ec554895,"{""distance"":5,""physical_error_rate"":1e-06}","{""detection_events"":670,""detectors_checked"":263383040}"
   1543168,         0,         0,   119.6,decoder_by_matrix,9c6baee88fc81e7d1aa345fcb3feec7ee81f21c5d49cb6ca037118097d89e180,"{""distance"":5,""physical_error_rate"":5e-05}","{""detection_events"":43735,""detectors_checked"":262338560}"
   2070528,         0,         0,   119.6,decoder_by_matrix,9c6baee88fc81e7d1aa345fcb3feec7ee81f21c5d49cb6ca037118097d89e180,"{""distance"":5,""physical_error_rate"":5e-05}","{""detection_events"":58550,""detectors_checked"":351989760}"
   1667072,         0,         0,   119.7,decoder_by_matrix,fa5edda0c1038186c8afbec49b0215a0b852396cdb50783a3f937fdf51d2afac,"{""distance"":5,""physical_error_rate"":1e-05}","{""detection_events"":9390,""detectors_checked"":283402240}"
   1677312,         0,         0,   119.6,decoder_by_matrix,e41ade2e4684e0396b9a3890c882b6453b515d69885aa1d89a26ce21ec554895,"{""distance"":5,""physical_error_rate"":1e-06}","{""detection_events"":810,""detectors_checked"":285143040}"
   1645568,         0,         0,   119.5,decoder_by_matrix,3c866087b289edc25e9adea730044a15db18cabfd3ae2507fc844d5b4e03657a,"{""distance"":5,""physical_error_rate"":5e-06}","{""detection_events"":4375,""detectors_checked"":279746560}"
   1607680,         0,         0,   119.6,decoder_by_matrix,3c866087b289edc25e9adea730044a15db18cabfd3ae2507fc844d5b4e03657a,"{""distance"":5,""physical_error_rate"":5e-06}","{""detection_events"":4555,""detectors_checked"":273305600}"
   1528832,         0,         0,   119.7,decoder_by_matrix,0421d486f8a041838688df650e87c0a19c3450ab7a7cc8b3dc589ebff86d1c74,"{""distance"":5,""physical_error_rate"":0.0001}","{""detection_events"":87950,""detectors_checked"":259901440}"
   1548288,         1,         0,   119.6,decoder_by_matrix,b84cf4b8ca220d31f17e1e2ea9ab927bbc4176b15682c650e7d1dd8f2758172b,"{""distance"":5,""physical_error_rate"":0.0005}","{""detection_events"":440490,""detectors_checked"":263208960,""obs_mistake_mask=E__E"":1}"
   1540096,         0,         0,   119.5,decoder_by_matrix,b84cf4b8ca220d31f17e1e2ea9ab927bbc4176b15682c650e7d1dd8f2758172b,"{""distance"":5,""physical_error_rate"":0.0005}","{""detection_events"":439300,""detectors_checked"":261816320}"
   1620992,         0,         0,   119.6,decoder_by_matrix,fa5edda0c1038186c8afbec49b0215a0b852396cdb50783a3f937fdf51d2afac,"{""distance"":5,""physical_error_rate"":1e-05}","{""detection_events"":9630,""detectors_checked"":275568640}"
   1544192,         0,         0,   119.5,decoder_by_matrix,3c866087b289edc25e9adea730044a15db18cabfd3ae2507fc844d5b4e03657a,"{""distance"":5,""physical_error_rate"":5e-06}","{""detection_events"":4275,""detectors_checked"":262512640}"
   1541120,         4,         0,   119.5,decoder_by_matrix,066a5d8d46981b593c3dec855f441edbe9e755a8873183448f69d036a2ecc650,"{""distance"":5,""physical_error_rate"":0.001}","{""detection_events"":875585,""detectors_checked"":261990400,""obs_mistake_mask=EE__"":1,""obs_mistake_mask=E___"":2,""obs_mistake_mask=_EE_"":1}"
   1582080,         0,         0,   119.6,decoder_by_matrix,9c6baee88fc81e7d1aa345fcb3feec7ee81f21c5d49cb6ca037118097d89e180,"{""distance"":5,""physical_error_rate"":5e-05}","{""detection_events"":45535,""detectors_checked"":268953600}"
    873378,         0,         0,    52.8,decoder_by_matrix,0421d486f8a041838688df650e87c0a19c3450ab7a7cc8b3dc589ebff86d1c74,"{""distance"":5,""physical_error_rate"":0.0001}","{""detection_events"":50065,""detectors_checked"":148474260}"
   2455552,         0,         0,   119.6,decoder_by_matrix,fa5edda0c1038186c8afbec49b0215a0b852396cdb50783a3f937fdf51d2afac,"{""distance"":5,""physical_error_rate"":1e-05}","{""detection_events"":14785,""detectors_checked"":417443840}"
   2633728,         0,         0,   119.6,decoder_by_matrix,e41ade2e4684e0396b9a3890c882b6453b515d69885aa1d89a26ce21ec554895,"{""distance"":5,""physical_error_rate"":1e-06}","{""detection_events"":1610,""detectors_checked"":447733760}"
   1631232,         0,         0,   119.5,decoder_by_matrix,e41ade2e4684e0396b9a3890c882b6453b515d69885aa1d89a26ce21ec554895,"{""distance"":5,""physical_error_rate"":1e-06}","{""detection_events"":1015,""detectors_checked"":277309440}"
   1623040,         0,         0,   119.6,decoder_by_matrix,3c866087b289edc25e9adea730044a15db18cabfd3ae2507fc844d5b4e03657a,"{""distance"":5,""physical_error_rate"":5e-06}","{""detection_events"":4495,""detectors_checked"":275916800}"
   1603584,         0,         0,   119.5,decoder_by_matrix,0421d486f8a041838688df650e87c0a19c3450ab7a7cc8b3dc589ebff86d1c74,"{""distance"":5,""physical_error_rate"":0.0001}","{""detection_events"":92430,""detectors_checked"":272609280}"
   1594368,         0,         0,   119.6,decoder_by_matrix,fa5edda0c1038186c8afbec49b0215a0b852396cdb50783a3f937fdf51d2afac,"{""distance"":5,""physical_error_rate"":1e-05}","{""detection_events"":9455,""detectors_checked"":271042560}"
   1577984,         0,         0,   119.4,decoder_by_matrix,9c6baee88fc81e7d1aa345fcb3feec7ee81f21c5d49cb6ca037118097d89e180,"{""distance"":5,""physical_error_rate"":5e-05}","{""detection_events"":44185,""detectors_checked"":268257280}"
   1598464,         0,         0,   119.5,decoder_by_matrix,b84cf4b8ca220d31f17e1e2ea9ab927bbc4176b15682c650e7d1dd8f2758172b,"{""distance"":5,""physical_error_rate"":0.0005}","{""detection_events"":449425,""detectors_checked"":271738880}"
   5191680,        13,         0,   119.0,decoder_by_matrix,066a5d8d46981b593c3dec855f441edbe9e755a8873183448f69d036a2ecc650,"{""distance"":5,""physical_error_rate"":0.001}","{""detection_events"":2947650,""detectors_checked"":882585600,""obs_mistake_mask=EE_E"":1,""obs_mistake_mask=EE__"":1,""obs_mistake_mask=E___"":4,""obs_mistake_mask=_EE_"":1,""obs_mistake_mask=_E__"":1,""obs_mistake_mask=__E_"":1,""obs_mistake_mask=___E"":4}"
   1601536,         1,         0,   119.6,decoder_by_matrix,b84cf4b8ca220d31f17e1e2ea9ab927bbc4176b15682c650e7d1dd8f2758172b,"{""distance"":5,""physical_error_rate"":0.0005}","{""detection_events"":457845,""detectors_checked"":272261120,""obs_mistake_mask=E__E"":1}"
   1568768,         6,         0,   119.7,decoder_by_matrix,066a5d8d46981b593c3dec855f441edbe9e755a8873183448f69d036a2ecc650,"{""distance"":5,""physical_error_rate"":0.001}","{""detection_events"":897085,""detectors_checked"":266690560,""obs_mistake_mask=E___"":1,""obs_mistake_mask=_EEE"":1,""obs_mistake_mask=_E__"":1,""obs_mistake_mask=__E_"":2,""obs_mistake_mask=___E"":1}"
   1472512,         0,         0,   119.6,decoder_by_matrix,9c6baee88fc81e7d1aa345fcb3feec7ee81f21c5d49cb6ca037118097d89e180,"{""distance"":5,""physical_error_rate"":5e-05}","{""detection_events"":40510,""detectors_checked"":250327040}"
   2768896,         0,         0,   119.6,decoder_by_matrix,3c866087b289edc25e9adea730044a15db18cabfd3ae2507fc844d5b4e03657a,"{""distance"":5,""physical_error_rate"":5e-06}","{""detection_events"":7800,""detectors_checked"":470712320}"
   2105344,         0,         0,   119.5,decoder_by_matrix,b84cf4b8ca220d31f17e1e2ea9ab927bbc4176b15682c650e7d1dd8f2758172b,"{""distance"":5,""physical_error_rate"":0.0005}","{""detection_events"":601770,""detectors_checked"":357908480}"
   1553408,         0,         0,   119.7,decoder_by_matrix,b84cf4b8ca220d31f17e1e2ea9ab927bbc4176b15682c650e7d1dd8f2758172b,"{""distance"":5,""physical_error_rate"":0.0005}","{""detection_events"":446665,""detectors_checked"":264079360}"
   1608704,         1,         0,   119.5,decoder_by_matrix,066a5d8d46981b593c3dec855f441edbe9e755a8873183448f69d036a2ecc650,"{""distance"":5,""physical_error_rate"":0.001}","{""detection_events"":915865,""detectors_checked"":273479680,""obs_mistake_mask=_E__"":1}"
   1627136,         0,         0,   119.6,decoder_by_matrix,0421d486f8a041838688df650e87c0a19c3450ab7a7cc8b3dc589ebff86d1c74,"{""distance"":5,""physical_error_rate"":0.0001}","{""detection_events"":93185,""detectors_checked"":276613120}"
   1574912,         2,         0,   119.8,decoder_by_matrix,066a5d8d46981b593c3dec855f441edbe9e755a8873183448f69d036a2ecc650,"{""distance"":5,""physical_error_rate"":0.001}","{""detection_events"":889955,""detectors_checked"":267735040,""obs_mistake_mask=__E_"":2}"
   1610752,         0,         0,   119.6,decoder_by_matrix,9c6baee88fc81e7d1aa345fcb3feec7ee81f21c5d49cb6ca037118097d89e180,"{""distance"":5,""physical_error_rate"":5e-05}","{""detection_events"":45650,""detectors_checked"":273827840}"
   1627136,         0,         0,   119.6,decoder_by_matrix,3c866087b289edc25e9adea730044a15db18cabfd3ae2507fc844d5b4e03657a,"{""distance"":5,""physical_error_rate"":5e-06}","{""detection_events"":4530,""detectors_checked"":276613120}"
   1629184,         0,         0,   119.5,decoder_by_matrix,fa5edda0c1038186c8afbec49b0215a0b852396cdb50783a3f937fdf51d2afac,"{""distance"":5,""physical_error_rate"":1e-05}","{""detection_events"":9570,""detectors_checked"":276961280}"
   1609728,         0,         0,   119.6,decoder_by_matrix,e41ade2e4684e0396b9a3890c882b6453b515d69885aa1d89a26ce21ec554895,"{""distance"":5,""physical_error_rate"":1e-06}","{""detection_events"":815,""detectors_checked"":273653760}"
   1587200,         1,         0,   119.7,decoder_by_matrix,b84cf4b8ca220d31f17e1e2ea9ab927bbc4176b15682c650e7d1dd8f2758172b,"{""distance"":5,""physical_error_rate"":0.0005}","{""detection_events"":446835,""detectors_checked"":269824000,""obs_mistake_mask=__E_"":1}"
   1642496,         0,         0,   119.6,decoder_by_matrix,fa5edda0c1038186c8afbec49b0215a0b852396cdb50783a3f937fdf51d2afac,"{""distance"":5,""physical_error_rate"":1e-05}","{""detection_events"":9765,""detectors_checked"":279224320}"
   1634304,         0,         0,   119.5,decoder_by_matrix,3c866087b289edc25e9adea730044a15db18cabfd3ae2507fc844d5b4e03657a,"{""distance"":5,""physical_error_rate"":5e-06}","{""detection_events"":4190,""detectors_checked"":277831680}"
   1679360,         0,         0,   119.6,decoder_by_matrix,e41ade2e4684e0396b9a3890c882b6453b515d69885aa1d89a26ce21ec554895,"{""distance"":5,""physical_error_rate"":1e-06}","{""detection_events"":1395,""detectors_checked"":285491200}"
   1505280,         0,         0,   119.6,decoder_by_matrix,0421d486f8a041838688df650e87c0a19c3450ab7a7cc8b3dc589ebff86d1c74,"{""distance"":5,""physical_error_rate"":0.0001}","{""detection_events"":83685,""detectors_checked"":255897600}"
   1577984,         0,         0,   119.5,decoder_by_matrix,9c6baee88fc81e7d1aa345fcb3feec7ee81f21c5d49cb6ca037118097d89e180,"{""distance"":5,""physical_error_rate"":5e-05}","{""detection_events"":46655,""detectors_checked"":268257280}"
   1574912,         0,         0,   119.5,decoder_by_matrix,0421d486f8a041838688df650e87c0a19c3450ab7a7cc8b3dc589ebff86d1c74,"{""distance"":5,""physical_error_rate"":0.0001}","{""detection_events"":89715,""detectors_checked"":267735040}"
   1566720,         0,         0,   119.6,decoder_by_matrix,066a5d8d46981b593c3dec855f441edbe9e755a8873183448f69d036a2ecc650,"{""distance"":5,""physical_error_rate"":0.001}","{""detection_events"":893580,""detectors_checked"":266342400}"
   1594368,         0,         0,   119.6,decoder_by_matrix,fa5edda0c1038186c8afbec49b0215a0b852396cdb50783a3f937fdf51d2afac,"{""distance"":5,""physical_error_rate"":1e-05}","{""detection_events"":8830,""detectors_checked"":271042560}"
    783211,         2,         0,    32.1,decoder_by_matrix,066a5d8d46981b593c3dec855f441edbe9e755a8873183448f69d036a2ecc650,"{""distance"":5,""physical_error_rate"":0.001}","{""detection_events"":451735,""detectors_checked"":133145870,""obs_mistake_mask=_EE_"":2}"
   1476608,         0,         0,   119.5,decoder_by_matrix,e41ade2e4684e0396b9a3890c882b6453b515d69885aa1d89a26ce21ec554895,"{""distance"":5,""physical_error_rate"":1e-06}","{""detection_events"":900,""detectors_checked"":251023360}"
   1467392,         0,         0,   119.7,decoder_by_matrix,0421d486f8a041838688df650e87c0a19c3450ab7a7cc8b3dc589ebff86d1c74,"{""distance"":5,""physical_error_rate"":0.0001}","{""detection_events"":83545,""detectors_checked"":249456640}"
   1579008,         0,         0,   119.5,decoder_by_matrix,e41ade2e4684e0396b9a3890c882b6453b515d69885aa1d89a26ce21ec554895,"{""distance"":5,""physical_error_rate"":1e-06}","{""detection_events"":1120,""detectors_checked"":268431360}"
   1482752,         0,         0,   119.5,decoder_by_matrix,9c6baee88fc81e7d1aa345fcb3feec7ee81f21c5d49cb6ca037118097d89e180,"{""distance"":5,""physical_error_rate"":5e-05}","{""detection_events"":40805,""detectors_checked"":252067840}"
   2452480,         0,         0,   119.6,decoder_by_matrix,9c6baee88fc81e7d1aa345fcb3feec7ee81f21c5d49cb6ca037118097d89e180,"{""distance"":5,""physical_error_rate"":5e-05}","{""detection_events"":71930,""detectors_checked"":416921600}"
   1657856,         0,         0,   119.6,decoder_by_matrix,fa5edda0c1038186c8afbec49b0215a0b852396cdb50783a3f937fdf51d2afac,"{""distance"":5,""physical_error_rate"":1e-05}","{""detection_events"":9475,""detectors_checked"":281835520}"
   1643520,         0,         0,   119.6,decoder_by_matrix,e41ade2e4684e0396b9a3890c882b6453b515d69885aa1d89a26ce21ec554895,"{""distance"":5,""physical_error_rate"":1e-06}","{""detection_events"":810,""detectors_checked"":279398400}"
   1652736,         0,         0,   119.7,decoder_by_matrix,3c866087b289edc25e9adea730044a15db18cabfd3ae2507fc844d5b4e03657a,"{""distance"":5,""physical_error_rate"":5e-06}","{""detection_events"":4535,""detectors_checked"":280965120}"
   1490944,         0,         0,   119.5,decoder_by_matrix,3c866087b289edc25e9adea730044a15db18cabfd3ae2507fc844d5b4e03657a,"{""distance"":5,""physical_error_rate"":5e-06}","{""detection_events"":3800,""detectors_checked"":253460480}"
   1423360,         0,         0,   119.5,decoder_by_matrix,0421d486f8a041838688df650e87c0a19c3450ab7a7cc8b3dc589ebff86d1c74,"{""distance"":5,""physical_error_rate"":0.0001}","{""detection_events"":79490,""detectors_checked"":241971200}"
   1514496,         0,         0,   119.6,decoder_by_matrix,b84cf4b8ca220d31f17e1e2ea9ab927bbc4176b15682c650e7d1dd8f2758172b,"{""distance"":5,""physical_error_rate"":0.0005}","{""detection_events"":432920,""detectors_checked"":257464320}"
   1565696,         0,         0,   119.6,decoder_by_matrix,b84cf4b8ca220d31f17e1e2ea9ab927bbc4176b15682c650e7d1dd8f2758172b,"{""distance"":5,""physical_error_rate"":0.0005}","{""detection_events"":447740,""detectors_checked"":266168320}"
   1508352,         0,         0,   119.5,decoder_by_matrix,fa5edda0c1038186c8afbec49b0215a0b852396cdb50783a3f937fdf51d2afac,"{""distance"":5,""physical_error_rate"":1e-05}","{""detection_events"":8890,""detectors_checked"":256419840}"
   2355200,         0,         0,   119.4,decoder_by_matrix,3c866087b289edc25e9adea730044a15db18cabfd3ae2507fc844d5b4e03657a,"{""distance"":5,""physical_error_rate"":5e-06}","{""detection_events"":7185,""detectors_checked"":400384000}"
   1502208,         2,         0,   119.5,decoder_by_matrix,066a5d8d46981b593c3dec855f441edbe9e755a8873183448f69d036a2ecc650,"{""distance"":5,""physical_error_rate"":0.001}","{""detection_events"":853605,""detectors_checked"":255375360,""obs_mistake_mask=EE_E"":1,""obs_mistake_mask=_E__"":1}"
   1504256,         0,         0,   119.6,decoder_by_matrix,9c6baee88fc81e7d1aa345fcb3feec7ee81f21c5d49cb6ca037118097d89e180,"{""distance"":5,""physical_error_rate"":5e-05}","{""detection_events"":43035,""detectors_checked"":255723520}"
   2152448,         0,         0,   119.7,decoder_by_matrix,0421d486f8a041838688df650e87c0a19c3450ab7a7cc8b3dc589ebff86d1c74,"{""distance"":5,""physical_error_rate"":0.0001}","{""detection_events"":120155,""detectors_checked"":365916160}"
   2503680,         0,         0,   119.6,decoder_by_matrix,fa5edda0c1038186c8afbec49b0215a0b852396cdb50783a3f937fdf51d2afac,"{""distance"":5,""physical_error_rate"":1e-05}","{""detection_events"":15305,""detectors_checked"":425625600}"
   2650112,         0,         0,   119.6,decoder_by_matrix,e41ade2e4684e0396b9a3890c882b6453b515d69885aa1d89a26ce21ec554895,"{""distance"":5,""physical_error_rate"":1e-06}","{""detection_events"":1420,""detectors_checked"":450519040}"
   1698816,         0,         0,   119.6,decoder_by_matrix,e41ade2e4684e0396b9a3890c882b6453b515d69885aa1d89a26ce21ec554895,"{""distance"":5,""physical_error_rate"":1e-06}","{""detection_events"":865,""detectors_checked"":288798720}"
   1688576,         0,         0,   119.6,decoder_by_matrix,3c866087b289edc25e9adea730044a15db18cabfd3ae2507fc844d5b4e03657a,"{""distance"":5,""physical_error_rate"":5e-06}","{""detection_events"":5280,""detectors_checked"":287057920}"
   1603584,         0,         0,   119.6,decoder_by_matrix,0421d486f8a041838688df650e87c0a19c3450ab7a7cc8b3dc589ebff86d1c74,"{""distance"":5,""physical_error_rate"":0.0001}","{""detection_events"":93950,""detectors_checked"":272609280}"
   1699840,         0,         0,   119.6,decoder_by_matrix,fa5edda0c1038186c8afbec49b0215a0b852396cdb50783a3f937fdf51d2afac,"{""distance"":5,""physical_error_rate"":1e-05}","{""detection_events"":8825,""detectors_checked"":288972800}"
   1490944,         0,         0,   119.6,decoder_by_matrix,9c6baee88fc81e7d1aa345fcb3feec7ee81f21c5d49cb6ca037118097d89e180,"{""distance"":5,""physical_error_rate"":5e-05}","{""detection_events"":42670,""detectors_checked"":253460480}"
   1597440,         0,         0,   119.6,decoder_by_matrix,b84cf4b8ca220d31f17e1e2ea9ab927bbc4176b15682c650e7d1dd8f2758172b,"{""distance"":5,""physical_error_rate"":0.0005}","{""detection_events"":450820,""detectors_checked"":271564800}"
   1563648,         0,         0,   119.5,decoder_by_matrix,b84cf4b8ca220d31f17e1e2ea9ab927bbc4176b15682c650e7d1dd8f2758172b,"{""distance"":5,""physical_error_rate"":0.0005}","{""detection_events"":445695,""detectors_checked"":265820160}"
   1502208,         3,         0,   119.5,decoder_by_matrix,066a5d8d46981b593c3dec855f441edbe9e755a8873183448f69d036a2ecc650,"{""distance"":5,""physical_error_rate"":0.001}","{""detection_events"":852875,""detectors_checked"":255375360,""obs_mistake_mask=E___"":1,""obs_mistake_mask=_E_E"":1,""obs_mistake_mask=___E"":1}"
   1529856,         0,         0,   119.5,decoder_by_matrix,9c6baee88fc81e7d1aa345fcb3feec7ee81f21c5d49cb6ca037118097d89e180,"{""distance"":5,""physical_error_rate"":5e-05}","{""detection_events"":42700,""detectors_checked"":260075520}"
   2641920,         0,         0,   119.6,decoder_by_matrix,3c866087b289edc25e9adea730044a15db18cabfd3ae2507fc844d5b4e03657a,"{""distance"":5,""physical_error_rate"":5e-06}","{""detection_events"":6655,""detectors_checked"":449126400}"
   2063360,         1,         0,   119.6,decoder_by_matrix,b84cf4b8ca220d31f17e1e2ea9ab927bbc4176b15682c650e7d1dd8f2758172b,"{""distance"":5,""physical_error_rate"":0.0005}","{""detection_events"":586340,""detectors_checked"":350771200,""obs_mistake_mask=E___"":1}"
   1596416,         4,         0,   119.6,decoder_by_matrix,066a5d8d46981b593c3dec855f441edbe9e755a8873183448f69d036a2ecc650,"{""distance"":5,""physical_error_rate"":0.001}","{""detection_events"":902910,""detectors_checked"":271390720,""obs_mistake_mask=E___"":1,""obs_mistake_mask=_E__"":1,""obs_mistake_mask=__E_"":1,""obs_mistake_mask=___E"":1}"
   1670144,         1,         0,   119.7,decoder_by_matrix,b84cf4b8ca220d31f17e1e2ea9ab927bbc4176b15682c650e7d1dd8f2758172b,"{""distance"":5,""physical_error_rate"":0.0005}","{""detection_events"":480275,""detectors_checked"":283924480,""obs_mistake_mask=__EE"":1}"
   1762304,         0,         0,   119.4,decoder_by_matrix,0421d486f8a041838688df650e87c0a19c3450ab7a7cc8b3dc589ebff86d1c74,"{""distance"":5,""physical_error_rate"":0.0001}","{""detection_events"":99705,""detectors_checked"":299591680}"
   1583104,         6,         0,   119.6,decoder_by_matrix,066a5d8d46981b593c3dec855f441edbe9e755a8873183448f69d036a2ecc650,"{""distance"":5,""physical_error_rate"":0.001}","{""detection_events"":903250,""detectors_checked"":269127680,""obs_mistake_mask=EEE_"":1,""obs_mistake_mask=EE__"":1,""obs_mistake_mask=E_E_"":1,""obs_mistake_mask=_E_E"":1,""obs_mistake_mask=__E_"":2}"
   1681408,         0,         0,   119.7,decoder_by_matrix,9c6baee88fc81e7d1aa345fcb3feec7ee81f21c5d49cb6ca037118097d89e180,"{""distance"":5,""physical_error_rate"":5e-05}","{""detection_events"":46895,""detectors_checked"":285839360}"
   1664000,         0,         0,   119.6,decoder_by_matrix,3c866087b289edc25e9adea730044a15db18cabfd3ae2507fc844d5b4e03657a,"{""distance"":5,""physical_error_rate"":5e-06}","{""detection_events"":4790,""detectors_checked"":282880000}"
   1726464,         0,         0,   119.6,decoder_by_matrix,fa5edda0c1038186c8afbec49b0215a0b852396cdb50783a3f937fdf51d2afac,"{""distance"":5,""physical_error_rate"":1e-05}","{""detection_events"":9665,""detectors_checked"":293498880}"
   1650688,         0,         0,   119.7,decoder_by_matrix,e41ade2e4684e0396b9a3890c882b6453b515d69885aa1d89a26ce21ec554895,"{""distance"":5,""physical_error_rate"":1e-06}","{""detection_events"":620,""detectors_checked"":280616960}"
   1563648,         0,         0,   119.6,decoder_by_matrix,b84cf4b8ca220d31f17e1e2ea9ab927bbc4176b15682c650e7d1dd8f2758172b,"{""distance"":5,""physical_error_rate"":0.0005}","{""detection_events"":441790,""detectors_checked"":265820160}"
   1674240,         0,         0,   119.6,decoder_by_matrix,fa5edda0c1038186c8afbec49b0215a0b852396cdb50783a3f937fdf51d2afac,"{""distance"":5,""physical_error_rate"":1e-05}","{""detection_events"":9400,""detectors_checked"":284620800}"
   1642496,         0,         0,   119.6,decoder_by_matrix,3c866087b289edc25e9adea730044a15db18cabfd3ae2507fc844d5b4e03657a,"{""distance"":5,""physical_error_rate"":5e-06}","{""detection_events"":4840,""detectors_checked"":279224320}"
   1742848,         0,         0,   119.7,decoder_by_matrix,e41ade2e4684e0396b9a3890c882b6453b515d69885aa1d89a26ce21ec554895,"{""distance"":5,""physical_error_rate"":1e-06}","{""detection_events"":1000,""detectors_checked"":296284160}"
   1564672,         0,         0,   119.6,decoder_by_matrix,0421d486f8a041838688df650e87c0a19c3450ab7a7cc8b3dc589ebff86d1c74,"{""distance"":5,""physical_error_rate"":0.0001}","{""detection_events"":91250,""detectors_checked"":265994240}"
   1574912,         0,         0,   119.4,decoder_by_matrix,9c6baee88fc81e7d1aa345fcb3feec7ee81f21c5d49cb6ca037118097d89e180,"{""distance"":5,""physical_error_rate"":5e-05}","{""detection_events"":46520,""detectors_checked"":267735040}"
   1587200,         0,         0,   119.6,decoder_by_matrix,0421d486f8a041838688df650e87c0a19c3450ab7a7cc8b3dc589ebff86d1c74,"{""distance"":5,""physical_error_rate"":0.0001}","{""detection_events"":89575,""detectors_checked"":269824000}"
   1618944,         0,         0,   119.5,decoder_by_matrix,fa5edda0c1038186c8afbec49b0215a0b852396cdb50783a3f937fdf51d2afac,"{""distance"":5,""physical_error_rate"":1e-05}","{""detection_events"":9215,""detectors_checked"":275220480}"
   1523712,         1,         0,   119.6,decoder_by_matrix,066a5d8d46981b593c3dec855f441edbe9e755a8873183448f69d036a2ecc650,"{""distance"":5,""physical_error_rate"":0.001}","{""detection_events"":853285,""detectors_checked"":259031040,""obs_mistake_mask=___E"":1}"
   3290112,        10,         0,   119.1,decoder_by_matrix,066a5d8d46981b593c3dec855f441edbe9e755a8873183448f69d036a2ecc650,"{""distance"":5,""physical_error_rate"":0.001}","{""detection_events"":1872090,""detectors_checked"":559319040,""obs_mistake_mask=E_E_"":1,""obs_mistake_mask=E___"":5,""obs_mistake_mask=_EEE"":2,""obs_mistake_mask=_E__"":1,""obs_mistake_mask=___E"":1}"
   1575936,         0,         0,   119.6,decoder_by_matrix,e41ade2e4684e0396b9a3890c882b6453b515d69885aa1d89a26ce21ec554895,"{""distance"":5,""physical_error_rate"":1e-06}","{""detection_events"":950,""detectors_checked"":267909120}"
   1541120,         0,         0,   119.6,decoder_by_matrix,0421d486f8a041838688df650e87c0a19c3450ab7a7cc8b3dc589ebff86d1c74,"{""distance"":5,""physical_error_rate"":0.0001}","{""detection_events"":85575,""detectors_checked"":261990400}"
   1507328,         0,         0,   119.6,decoder_by_matrix,e41ade2e4684e0396b9a3890c882b6453b515d69885aa1d89a26ce21ec554895,"{""distance"":5,""physical_error_rate"":1e-06}","{""detection_events"":745,""detectors_checked"":256245760}"
   1498112,         0,         0,   119.6,decoder_by_matrix,9c6baee88fc81e7d1aa345fcb3feec7ee81f21c5d49cb6ca037118097d89e180,"{""distance"":5,""physical_error_rate"":5e-05}","{""detection_events"":41230,""detectors_checked"":254679040}"
   2309120,         0,         0,   119.6,decoder_by_matrix,9c6baee88fc81e7d1aa345fcb3feec7ee81f21c5d49cb6ca037118097d89e180,"{""distance"":5,""physical_error_rate"":5e-05}","{""detection_events"":65030,""detectors_checked"":392550400}"
   1632256,         0,         0,   119.7,decoder_by_matrix,fa5edda0c1038186c8afbec49b0215a0b852396cdb50783a3f937fdf51d2afac,"{""distance"":5,""physical_error_rate"":1e-05}","{""detection_events"":9705,""detectors_checked"":277483520}"
   1686528,         0,         0,   119.6,decoder_by_matrix,e41ade2e4684e0396b9a3890c882b6453b515d69885aa1d89a26ce21ec554895,"{""distance"":5,""physical_error_rate"":1e-06}","{""detection_events"":1025,""detectors_checked"":286709760}"
   1667072,         0,         0,   119.6,decoder_by_matrix,3c866087b289edc25e9adea730044a15db18cabfd3ae2507fc844d5b4e03657a,"{""distance"":5,""physical_error_rate"":5e-06}","{""detection_events"":4455,""detectors_checked"":283402240}"
   1565696,         0,         0,   119.6,decoder_by_matrix,3c866087b289edc25e9adea730044a15db18cabfd3ae2507fc844d5b4e03657a,"{""distance"":5,""physical_error_rate"":5e-06}","{""detection_events"":4005,""detectors_checked"":266168320}"
   1530880,         0,         0,   119.7,decoder_by_matrix,0421d486f8a041838688df650e87c0a19c3450ab7a7cc8b3dc589ebff86d1c74,"{""distance"":5,""physical_error_rate"":0.0001}","{""detection_events"":86580,""detectors_checked"":260249600}"
   1496064,         0,         0,   119.5,decoder_by_matrix,b84cf4b8ca220d31f17e1e2ea9ab927bbc4176b15682c650e7d1dd8f2758172b,"{""distance"":5,""physical_error_rate"":0.0005}","{""detection_events"":427195,""detectors_checked"":254330880}"
   1510400,         0,         0,   119.5,decoder_by_matrix,b84cf4b8ca220d31f17e1e2ea9ab927bbc4176b15682c650e7d1dd8f2758172b,"{""distance"":5,""physical_error_rate"":0.0005}","{""detection_events"":426000,""detectors_checked"":256768000}"
   1582080,         0,         0,   119.5,decoder_by_matrix,fa5edda0c1038186c8afbec49b0215a0b852396cdb50783a3f937fdf51d2afac,"{""distance"":5,""physical_error_rate"":1e-05}","{""detection_events"":8735,""detectors_checked"":268953600}"
   3208192,         0,         0,   119.3,decoder_by_matrix,3c866087b289edc25e9adea730044a15db18cabfd3ae2507fc844d5b4e03657a,"{""distance"":5,""physical_error_rate"":5e-06}","{""detection_events"":9320,""detectors_checked"":545392640}"
   1571840,         3,         0,   119.7,decoder_by_matrix,066a5d8d46981b593c3dec855f441edbe9e755a8873183448f69d036a2ecc650,"{""distance"":5,""physical_error_rate"":0.001}","{""detection_events"":891835,""detectors_checked"":267212800,""obs_mistake_mask=_EEE"":1,""obs_mistake_mask=_E_E"":2}"
   1524736,         0,         0,   119.6,decoder_by_matrix,9c6baee88fc81e7d1aa345fcb3feec7ee81f21c5d49cb6ca037118097d89e180,"{""distance"":5,""physical_error_rate"":5e-05}","{""detection_events"":44735,""detectors_checked"":259205120}"
   2282496,         0,         0,   119.4,decoder_by_matrix,0421d486f8a041838688df650e87c0a19c3450ab7a7cc8b3dc589ebff86d1c74,"{""distance"":5,""physical_error_rate"":0.0001}","{""detection_events"":130550,""detectors_checked"":388024320}"
   2678784,         0,         0,   119.6,decoder_by_matrix,fa5edda0c1038186c8afbec49b0215a0b852396cdb50783a3f937fdf51d2afac,"{""distance"":5,""physical_error_rate"":1e-05}","{""detection_events"":14765,""detectors_checked"":455393280}"
   2622464,         0,         0,   119.6,decoder_by_matrix,e41ade2e4684e0396b9a3890c882b6453b515d69885aa1d89a26ce21ec554895,"{""distance"":5,""physical_error_rate"":1e-06}","{""detection_events"":1230,""detectors_checked"":445818880}"
   1631232,         0,         0,   119.6,decoder_by_matrix,e41ade2e4684e0396b9a3890c882b6453b515d69885aa1d89a26ce21ec554895,"{""distance"":5,""physical_error_rate"":1e-06}","{""detection_events"":690,""detectors_checked"":277309440}"
   1590272,         0,         0,   119.6,decoder_by_matrix,3c866087b289edc25e9adea730044a15db18cabfd3ae2507fc844d5b4e03657a,"{""distance"":5,""physical_error_rate"":5e-06}","{""detection_events"":4300,""detectors_checked"":270346240}"
   1545216,         0,         0,   119.6,decoder_by_matrix,0421d486f8a041838688df650e87c0a19c3450ab7a7cc8b3dc589ebff86d1c74,"{""distance"":5,""physical_error_rate"":0.0001}","{""detection_events"":88270,""detectors_checked"":262686720}"
   1589248,         0,         0,   119.6,decoder_by_matrix,fa5edda0c1038186c8afbec49b0215a0b852396cdb50783a3f937fdf51d2afac,"{""distance"":5,""physical_error_rate"":1e-05}","{""detection_events"":9480,""detectors_checked"":270172160}"
   1612800,         0,         0,   119.6,decoder_by_matrix,9c6baee88fc81e7d1aa345fcb3feec7ee81f21c5d49cb6ca037118097d89e180,"{""distance"":5,""physical_error_rate"":5e-05}","{""detection_events"":46765,""detectors_checked"":274176000}"
   1598464,         0,         0,   119.5,decoder_by_matrix,b84cf4b8ca220d31f17e1e2ea9ab927bbc4176b15682c650e7d1dd8f2758172b,"{""distance"":5,""physical_error_rate"":0.0005}","{""detection_events"":450395,""detectors_checked"":271738880}"
   1429504,         1,         0,   119.7,decoder_by_matrix,b84cf4b8ca220d31f17e1e2ea9ab927bbc4176b15682c650e7d1dd8f2758172b,"{""distance"":5,""physical_error_rate"":0.0005}","{""detection_events"":410055,""detectors_checked"":243015680,""obs_mistake_mask=___E"":1}"
   2298794,         1,         0,   110.9,decoder_by_matrix,b84cf4b8ca220d31f17e1e2ea9ab927bbc4176b15682c650e7d1dd8f2758172b,"{""distance"":5,""physical_error_rate"":0.0005}","{""detection_events"":652755,""detectors_checked"":390794980,""obs_mistake_mask=___E"":1}"
   1529856,         3,         0,   119.6,decoder_by_matrix,066a5d8d46981b593c3dec855f441edbe9e755a8873183448f69d036a2ecc650,"{""distance"":5,""physical_error_rate"":0.001}","{""detection_events"":870305,""detectors_checked"":260075520,""obs_mistake_mask=EE__"":1,""obs_mistake_mask=_E__"":2}"
   1400832,         0,         0,   119.7,decoder_by_matrix,9c6baee88fc81e7d1aa345fcb3feec7ee81f21c5d49cb6ca037118097d89e180,"{""distance"":5,""physical_error_rate"":5e-05}","{""detection_events"":39315,""detectors_checked"":238141440}"
   2934784,         0,         0,   119.6,decoder_by_matrix,3c866087b289edc25e9adea730044a15db18cabfd3ae2507fc844d5b4e03657a,"{""distance"":5,""physical_error_rate"":5e-06}","{""detection_events"":7750,""detectors_checked"":498913280}"
   1639424,         2,         0,   119.6,decoder_by_matrix,066a5d8d46981b593c3dec855f441edbe9e755a8873183448f69d036a2ecc650,"{""distance"":5,""physical_error_rate"":0.001}","{""detection_events"":931375,""detectors_checked"":278702080,""obs_mistake_mask=EEE_"":1,""obs_mistake_mask=E___"":1}"
   1575936,         0,         0,   119.6,decoder_by_matrix,b84cf4b8ca220d31f17e1e2ea9ab927bbc4176b15682c650e7d1dd8f2758172b,"{""distance"":5,""physical_error_rate"":0.0005}","{""detection_events"":447405,""detectors_checked"":267909120}"
   1654784,         0,         0,   119.5,decoder_by_matrix,0421d486f8a041838688df650e87c0a19c3450ab7a7cc8b3dc589ebff86d1c74,"{""distance"":5,""physical_error_rate"":0.0001}","{""detection_events"":95955,""detectors_checked"":281313280}"
   1537024,         4,         0,   119.6,decoder_by_matrix,066a5d8d46981b593c3dec855f441edbe9e755a8873183448f69d036a2ecc650,"{""distance"":5,""physical_error_rate"":0.001}","{""detection_events"":874500,""detectors_checked"":261294080,""obs_mistake_mask=E___"":2,""obs_mistake_mask=_EEE"":1,""obs_mistake_mask=___E"":1}"
   1638400,         0,         0,   119.7,decoder_by_matrix,9c6baee88fc81e7d1aa345fcb3feec7ee81f21c5d49cb6ca037118097d89e180,"{""distance"":5,""physical_error_rate"":5e-05}","{""detection_events"":44980,""detectors_checked"":278528000}"
   1620992,         0,         0,   119.6,decoder_by_matrix,3c866087b289edc25e9adea730044a15db18cabfd3ae2507fc844d5b4e03657a,"{""distance"":5,""physical_error_rate"":5e-06}","{""detection_events"":4745,""detectors_checked"":275568640}"
   1649664,         0,         0,   119.6,decoder_by_matrix,fa5edda0c1038186c8afbec49b0215a0b852396cdb50783a3f937fdf51d2afac,"{""distance"":5,""physical_error_rate"":1e-05}","{""detection_events"":9620,""detectors_checked"":280442880}"
   1626112,         0,         0,   119.5,decoder_by_matrix,e41ade2e4684e0396b9a3890c882b6453b515d69885aa1d89a26ce21ec554895,"{""distance"":5,""physical_error_rate"":1e-06}","{""detection_events"":735,""detectors_checked"":276439040}"
   1577984,         1,         0,   119.5,decoder_by_matrix,b84cf4b8ca220d31f17e1e2ea9ab927bbc4176b15682c650e7d1dd8f2758172b,"{""distance"":5,""physical_error_rate"":0.0005}","{""detection_events"":456800,""detectors_checked"":268257280,""obs_mistake_mask=_E__"":1}"
   1634304,         0,         0,   119.7,decoder_by_matrix,3c866087b289edc25e9adea730044a15db18cabfd3ae2507fc844d5b4e03657a,"{""distance"":5,""physical_error_rate"":5e-06}","{""detection_events"":4650,""detectors_checked"":277831680}"
   1638400,         0,         0,   119.6,decoder_by_matrix,fa5edda0c1038186c8afbec49b0215a0b852396cdb50783a3f937fdf51d2afac,"{""distance"":5,""physical_error_rate"":1e-05}","{""detection_events"":9215,""detectors_checked"":278528000}"
   1654784,         0,         0,   119.5,decoder_by_matrix,e41ade2e4684e0396b9a3890c882b6453b515d69885aa1d89a26ce21ec554895,"{""distance"":5,""physical_error_rate"":1e-06}","{""detection_events"":1000,""detectors_checked"":281313280}"
   1454080,         0,         0,   119.4,decoder_by_matrix,0421d486f8a041838688df650e87c0a19c3450ab7a7cc8b3dc589ebff86d1c74,"{""distance"":5,""physical_error_rate"":0.0001}","{""detection_events"":81750,""detectors_checked"":247193600}"
   1575936,         0,         0,   119.5,decoder_by_matrix,9c6baee88fc81e7d1aa345fcb3feec7ee81f21c5d49cb6ca037118097d89e180,"{""distance"":5,""physical_error_rate"":5e-05}","{""detection_events"":43795,""detectors_checked"":267909120}"
   1586176,         0,         0,   119.5,decoder_by_matrix,0421d486f8a041838688df650e87c0a19c3450ab7a7cc8b3dc589ebff86d1c74,"{""distance"":5,""physical_error_rate"":0.0001}","{""detection_events"":90585,""detectors_checked"":269649920}"
   1467392,         0,         0,   119.6,decoder_by_matrix,fa5edda0c1038186c8afbec49b0215a0b852396cdb50783a3f937fdf51d2afac,"{""distance"":5,""physical_error_rate"":1e-05}","{""detection_events"":9435,""detectors_checked"":249456640}"
   1451008,         3,         0,   119.5,decoder_by_matrix,066a5d8d46981b593c3dec855f441edbe9e755a8873183448f69d036a2ecc650,"{""distance"":5,""physical_error_rate"":0.001}","{""detection_events"":825990,""detectors_checked"":246671360,""obs_mistake_mask=E___"":1,""obs_mistake_mask=__E_"":1,""obs_mistake_mask=___E"":1}"
   2912256,         6,         0,   119.3,decoder_by_matrix,066a5d8d46981b593c3dec855f441edbe9e755a8873183448f69d036a2ecc650,"{""distance"":5,""physical_error_rate"":0.001}","{""detection_events"":1655425,""detectors_checked"":495083520,""obs_mistake_mask=EEE_"":1,""obs_mistake_mask=EE__"":2,""obs_mistake_mask=E___"":1,""obs_mistake_mask=_EE_"":1,""obs_mistake_mask=_E__"":1}"
   1478656,         0,         0,   119.6,decoder_by_matrix,e41ade2e4684e0396b9a3890c882b6453b515d69885aa1d89a26ce21ec554895,"{""distance"":5,""physical_error_rate"":1e-06}","{""detection_events"":1150,""detectors_checked"":251371520}"
   1418240,         0,         0,   119.4,decoder_by_matrix,0421d486f8a041838688df650e87c0a19c3450ab7a7cc8b3dc589ebff86d1c74,"{""distance"":5,""physical_error_rate"":0.0001}","{""detection_events"":81230,""detectors_checked"":241100800}"
   1583104,         0,         0,   119.7,decoder_by_matrix,e41ade2e4684e0396b9a3890c882b6453b515d69885aa1d89a26ce21ec554895,"{""distance"":5,""physical_error_rate"":1e-06}","{""detection_events"":890,""detectors_checked"":269127680}"
   1463296,         0,         0,   119.6,decoder_by_matrix,9c6baee88fc81e7d1aa345fcb3feec7ee81f21c5d49cb6ca037118097d89e180,"{""distance"":5,""physical_error_rate"":5e-05}","{""detection_events"":41685,""detectors_checked"":248760320}"
   2675712,         0,         0,   119.6,decoder_by_matrix,9c6baee88fc81e7d1aa345fcb3feec7ee81f21c5d49cb6ca037118097d89e180,"{""distance"":5,""physical_error_rate"":5e-05}","{""detection_events"":75375,""detectors_checked"":454871040}"
   1518592,         0,         0,   119.6,decoder_by_matrix,fa5edda0c1038186c8afbec49b0215a0b852396cdb50783a3f937fdf51d2afac,"{""distance"":5,""physical_error_rate"":1e-05}","{""detection_events"":8540,""detectors_checked"":258160640}"
   1672192,         0,         0,   119.7,decoder_by_matrix,e41ade2e4684e0396b9a3890c882b6453b515d69885aa1d89a26ce21ec554895,"{""distance"":5,""physical_error_rate"":1e-06}","{""detection_events"":1280,""detectors_checked"":284272640}"
   1627136,         0,         0,   119.6,decoder_by_matrix,3c866087b289edc25e9adea730044a15db18cabfd3ae2507fc844d5b4e03657a,"{""distance"":5,""physical_error_rate"":5e-06}","{""detection_events"":4680,""detectors_checked"":276613120}"
   1613824,         0,         0,   119.5,decoder_by_matrix,3c866087b289edc25e9adea730044a15db18cabfd3ae2507fc844d5b4e03657a,"{""distance"":5,""physical_error_rate"":5e-06}","{""detection_events"":4350,""detectors_checked"":274350080}"
   1528832,         0,         0,   119.6,decoder_by_matrix,0421d486f8a041838688df650e87c0a19c3450ab7a7cc8b3dc589ebff86d1c74,"{""distance"":5,""physical_error_rate"":0.0001}","{""detection_events"":88060,""detectors_checked"":259901440}"
   1456128,         0,         0,   119.6,decoder_by_matrix,b84cf4b8ca220d31f17e1e2ea9ab927bbc4176b15682c650e7d1dd8f2758172b,"{""distance"":5,""physical_error_rate"":0.0005}","{""detection_events"":416860,""detectors_checked"":247541760}"
   1628160,         2,         0,   119.5,decoder_by_matrix,b84cf4b8ca220d31f17e1e2ea9ab927bbc4176b15682c650e7d1dd8f2758172b,"{""distance"":5,""physical_error_rate"":0.0005}","{""detection_events"":464165,""detectors_checked"":276787200,""obs_mistake_mask=E_E_"":1,""obs_mistake_mask=E___"":1}"
   1559552,         0,         0,   119.6,decoder_by_matrix,fa5edda0c1038186c8afbec49b0215a0b852396cdb50783a3f937fdf51d2afac,"{""distance"":5,""physical_error_rate"":1e-05}","{""detection_events"":9000,""detectors_checked"":265123840}"
   2737152,         0,         0,   119.2,decoder_by_matrix,3c866087b289edc25e9adea730044a15db18cabfd3ae2507fc844d5b4e03657a,"{""distance"":5,""physical_error_rate"":5e-06}","{""detection_events"":7840,""detectors_checked"":465315840}"
   1532928,         7,         0,   119.5,decoder_by_matrix,066a5d8d46981b593c3dec855f441edbe9e755a8873183448f69d036a2ecc650,"{""distance"":5,""physical_error_rate"":0.001}","{""detection_events"":869345,""detectors_checked"":260597760,""obs_mistake_mask=E___"":3,""obs_mistake_mask=_EEE"":1,""obs_mistake_mask=_EE_"":1,""obs_mistake_mask=_E__"":1,""obs_mistake_mask=__EE"":1}"
   1551360,         0,         0,   119.5,decoder_by_matrix,9c6baee88fc81e7d1aa345fcb3feec7ee81f21c5d49cb6ca037118097d89e180,"{""distance"":5,""physical_error_rate"":5e-05}","{""detection_events"":44195,""detectors_checked"":263731200}"
   1019267,         1,         0,    37.4,decoder_by_matrix,066a5d8d46981b593c3dec855f441edbe9e755a8873183448f69d036a2ecc650,"{""distance"":5,""physical_error_rate"":0.001}","{""detection_events"":575920,""detectors_checked"":173275390,""obs_mistake_mask=__E_"":1}"
   2499584,         0,         0,   119.6,decoder_by_matrix,0421d486f8a041838688df650e87c0a19c3450ab7a7cc8b3dc589ebff86d1c74,"{""distance"":5,""physical_error_rate"":0.0001}","{""detection_events"":141470,""detectors_checked"":424929280}"
   2582528,         0,         0,   119.6,decoder_by_matrix,fa5edda0c1038186c8afbec49b0215a0b852396cdb50783a3f937fdf51d2afac,"{""distance"":5,""physical_error_rate"":1e-05}","{""detection_events"":14640,""detectors_checked"":439029760}"
   2599936,         0,         0,   119.6,decoder_by_matrix,e41ade2e4684e0396b9a3890c882b6453b515d69885aa1d89a26ce21ec554895,"{""distance"":5,""physical_error_rate"":1e-06}","{""detection_events"":1670,""detectors_checked"":441989120}"
   1662976,         0,         0,   119.6,decoder_by_matrix,e41ade2e4684e0396b9a3890c882b6453b515d69885aa1d89a26ce21ec554895,"{""distance"":5,""physical_error_rate"":1e-06}","{""detection_events"":1045,""detectors_checked"":282705920}"
   1630208,         0,         0,   119.6,decoder_by_matrix,3c866087b289edc25e9adea730044a15db18cabfd3ae2507fc844d5b4e03657a,"{""distance"":5,""physical_error_rate"":5e-06}","{""detection_events"":4140,""detectors_checked"":277135360}"
   1424384,         0,         0,   119.6,decoder_by_matrix,0421d486f8a041838688df650e87c0a19c3450ab7a7cc8b3dc589ebff86d1c74,"{""distance"":5,""physical_error_rate"":0.0001}","{""detection_events"":80120,""detectors_checked"":242145280}"
   1655808,         0,         0,   119.5,decoder_by_matrix,fa5edda0c1038186c8afbec49b0215a0b852396cdb50783a3f937fdf51d2afac,"{""distance"":5,""physical_error_rate"":1e-05}","{""detection_events"":8895,""detectors_checked"":281487360}"
   1455104,         0,         0,   119.5,decoder_by_matrix,9c6baee88fc81e7d1aa345fcb3feec7ee81f21c5d49cb6ca037118097d89e180,"{""distance"":5,""physical_error_rate"":5e-05}","{""detection_events"":43875,""detectors_checked"":247367680}"
   1541120,         1,         0,   119.6,decoder_by_matrix,b84cf4b8ca220d31f17e1e2ea9ab927bbc4176b15682c650e7d1dd8f2758172b,"{""distance"":5,""physical_error_rate"":0.0005}","{""detection_events"":447500,""detectors_checked"":261990400,""obs_mistake_mask=__E_"":1}"
   1527808,         0,         0,   119.6,decoder_by_matrix,b84cf4b8ca220d31f17e1e2ea9ab927bbc4176b15682c650e7d1dd8f2758172b,"{""distance"":5,""physical_error_rate"":0.0005}","{""detection_events"":435405,""detectors_checked"":259727360}"
   2251776,         0,         0,   119.6,decoder_by_matrix,b84cf4b8ca220d31f17e1e2ea9ab927bbc4176b15682c650e7d1dd8f2758172b,"{""distance"":5,""physical_error_rate"":0.0005}","{""detection_events"":632260,""detectors_checked"":382801920}"
   1474560,         2,         0,   119.4,decoder_by_matrix,066a5d8d46981b593c3dec855f441edbe9e755a8873183448f69d036a2ecc650,"{""distance"":5,""physical_error_rate"":0.001}","{""detection_events"":832685,""detectors_checked"":250675200,""obs_mistake_mask=EE__"":1,""obs_mistake_mask=E__E"":1}"
   1587200,         0,         0,   119.5,decoder_by_matrix,9c6baee88fc81e7d1aa345fcb3feec7ee81f21c5d49cb6ca037118097d89e180,"{""distance"":5,""physical_error_rate"":5e-05}","{""detection_events"":43635,""detectors_checked"":269824000}"
   2763776,         0,         0,   119.6,decoder_by_matrix,3c866087b289edc25e9adea730044a15db18cabfd3ae2507fc844d5b4e03657a,"{""distance"":5,""physical_error_rate"":5e-06}","{""detection_events"":7920,""detectors_checked"":469841920}"
   1595392,         2,         0,   119.6,decoder_by_matrix,066a5d8d46981b593c3dec855f441edbe9e755a8873183448f69d036a2ecc650,"{""distance"":5,""physical_error_rate"":0.001}","{""detection_events"":906940,""detectors_checked"":271216640,""obs_mistake_mask=_E_E"":2}"
   1620992,         0,         0,   119.6,decoder_by_matrix,b84cf4b8ca220d31f17e1e2ea9ab927bbc4176b15682c650e7d1dd8f2758172b,"{""distance"":5,""physical_error_rate"":0.0005}","{""detection_events"":460390,""detectors_checked"":275568640}"
   1731584,         0,         0,   119.7,decoder_by_matrix,0421d486f8a041838688df650e87c0a19c3450ab7a7cc8b3dc589ebff86d1c74,"{""distance"":5,""physical_error_rate"":0.0001}","{""detection_events"":96810,""detectors_checked"":294369280}"
   1596416,         4,         0,   119.4,decoder_by_matrix,066a5d8d46981b593c3dec855f441edbe9e755a8873183448f69d036a2ecc650,"{""distance"":5,""physical_error_rate"":0.001}","{""detection_events"":903595,""detectors_checked"":271390720,""obs_mistake_mask=EE__"":1,""obs_mistake_mask=E___"":2,""obs_mistake_mask=_E__"":1}"
   1713152,         0,         0,   119.6,decoder_by_matrix,9c6baee88fc81e7d1aa345fcb3feec7ee81f21c5d49cb6ca037118097d89e180,"{""distance"":5,""physical_error_rate"":5e-05}","{""detection_events"":47610,""detectors_checked"":291235840}"
   1626112,         0,         0,   119.7,decoder_by_matrix,3c866087b289edc25e9adea730044a15db18cabfd3ae2507fc844d5b4e03657a,"{""distance"":5,""physical_error_rate"":5e-06}","{""detection_events"":4550,""detectors_checked"":276439040}"
   1639424,         0,         0,   119.6,decoder_by_matrix,fa5edda0c1038186c8afbec49b0215a0b852396cdb50783a3f937fdf51d2afac,"{""distance"":5,""physical_error_rate"":1e-05}","{""detection_events"":10125,""detectors_checked"":278702080}"
   1631232,         0,         0,   119.6,decoder_by_matrix,e41ade2e4684e0396b9a3890c882b6453b515d69885aa1d89a26ce21ec554895,"{""distance"":5,""physical_error_rate"":1e-06}","{""detection_events"":775,""detectors_checked"":277309440}"
   1561600,         0,         0,   119.6,decoder_by_matrix,b84cf4b8ca220d31f17e1e2ea9ab927bbc4176b15682c650e7d1dd8f2758172b,"{""distance"":5,""physical_error_rate"":0.0005}","{""detection_events"":445850,""detectors_checked"":265472000}"
   1664000,         0,         0,   119.5,decoder_by_matrix,fa5edda0c1038186c8afbec49b0215a0b852396cdb50783a3f937fdf51d2afac,"{""distance"":5,""physical_error_rate"":1e-05}","{""detection_events"":9565,""detectors_checked"":282880000}"
   1676288,         0,         0,   119.7,decoder_by_matrix,3c866087b289edc25e9adea730044a15db18cabfd3ae2507fc844d5b4e03657a,"{""distance"":5,""physical_error_rate"":5e-06}","{""detection_events"":4070,""detectors_checked"":284968960}"
   1717248,         0,         0,   119.5,decoder_by_matrix,e41ade2e4684e0396b9a3890c882b6453b515d69885aa1d89a26ce21ec554895,"{""distance"":5,""physical_error_rate"":1e-06}","{""detection_events"":840,""detectors_checked"":291932160}"
   1435648,         0,         0,   119.6,decoder_by_matrix,0421d486f8a041838688df650e87c0a19c3450ab7a7cc8b3dc589ebff86d1c74,"{""distance"":5,""physical_error_rate"":0.0001}","{""detection_events"":82110,""detectors_checked"":244060160}"
   1574912,         0,         0,   119.6,decoder_by_matrix,9c6baee88fc81e7d1aa345fcb3feec7ee81f21c5d49cb6ca037118097d89e180,"{""distance"":5,""physical_error_rate"":5e-05}","{""detection_events"":43600,""detectors_checked"":267735040}"
   1566720,         0,         0,   119.6,decoder_by_matrix,0421d486f8a041838688df650e87c0a19c3450ab7a7cc8b3dc589ebff86d1c74,"{""distance"":5,""physical_error_rate"":0.0001}","{""detection_events"":88665,""detectors_checked"":266342400}"
   1573888,         0,         0,   119.6,decoder_by_matrix,fa5edda0c1038186c8afbec49b0215a0b852396cdb50783a3f937fdf51d2afac,"{""distance"":5,""physical_error_rate"":1e-05}","{""detection_events"":9935,""detectors_checked"":267560960}"
   1413120,         4,         0,   119.4,decoder_by_matrix,066a5d8d46981b593c3dec855f441edbe9e755a8873183448f69d036a2ecc650,"{""distance"":5,""physical_error_rate"":0.001}","{""detection_events"":806915,""detectors_checked"":240230400,""obs_mistake_mask=E__E"":1,""obs_mistake_mask=E___"":2,""obs_mistake_mask=___E"":1}"
   1552384,         0,         0,   119.7,decoder_by_matrix,e41ade2e4684e0396b9a3890c882b6453b515d69885aa1d89a26ce21ec554895,"{""distance"":5,""physical_error_rate"":1e-06}","{""detection_events"":700,""detectors_checked"":263905280}"
   1524736,         0,         0,   119.8,decoder_by_matrix,0421d486f8a041838688df650e87c0a19c3450ab7a7cc8b3dc589ebff86d1c74,"{""distance"":5,""physical_error_rate"":0.0001}","{""detection_events"":86665,""detectors_checked"":259205120}"
   1604608,         0,         0,   119.6,decoder_by_matrix,e41ade2e4684e0396b9a3890c882b6453b515d69885aa1d89a26ce21ec554895,"{""distance"":5,""physical_error_rate"":1e-06}","{""detection_events"":750,""detectors_checked"":272783360}"
   1440768,         0,         0,   119.4,decoder_by_matrix,9c6baee88fc81e7d1aa345fcb3feec7ee81f21c5d49cb6ca037118097d89e180,"{""distance"":5,""physical_error_rate"":5e-05}","{""detection_events"":43125,""detectors_checked"":244930560}"
   2406400,         0,         0,   119.6,decoder_by_matrix,9c6baee88fc81e7d1aa345fcb3feec7ee81f21c5d49cb6ca037118097d89e180,"{""distance"":5,""physical_error_rate"":5e-05}","{""detection_events"":67375,""detectors_checked"":409088000}"
   1522688,         0,         0,   119.6,decoder_by_matrix,fa5edda0c1038186c8afbec49b0215a0b852396cdb50783a3f937fdf51d2afac,"{""distance"":5,""physical_error_rate"":1e-05}","{""detection_events"":8975,""detectors_checked"":258856960}"
   1686528,         0,         0,   119.6,decoder_by_matrix,e41ade2e4684e0396b9a3890c882b6453b515d69885aa1d89a26ce21ec554895,"{""distance"":5,""physical_error_rate"":1e-06}","{""detection_events"":1160,""detectors_checked"":286709760}"
   1667072,         0,         0,   119.7,decoder_by_matrix,3c866087b289edc25e9adea730044a15db18cabfd3ae2507fc844d5b4e03657a,"{""distance"":5,""physical_error_rate"":5e-06}","{""detection_events"":5125,""detectors_checked"":283402240}"
   1452032,         0,         0,   119.7,decoder_by_matrix,3c866087b289edc25e9adea730044a15db18cabfd3ae2507fc844d5b4e03657a,"{""distance"":5,""physical_error_rate"":5e-06}","{""detection_events"":3575,""detectors_checked"":246845440}"
   1466368,         0,         0,   119.5,decoder_by_matrix,0421d486f8a041838688df650e87c0a19c3450ab7a7cc8b3dc589ebff86d1c74,"{""distance"":5,""physical_error_rate"":0.0001}","{""detection_events"":81345,""detectors_checked"":249282560}"
   1552384,         0,         0,   119.7,decoder_by_matrix,b84cf4b8ca220d31f17e1e2ea9ab927bbc4176b15682c650e7d1dd8f2758172b,"{""distance"":5,""physical_error_rate"":0.0005}","{""detection_events"":441665,""detectors_checked"":263905280}"
   1512448,         0,         0,   119.6,decoder_by_matrix,b84cf4b8ca220d31f17e1e2ea9ab927bbc4176b15682c650e7d1dd8f2758172b,"{""distance"":5,""physical_error_rate"":0.0005}","{""detection_events"":436000,""detectors_checked"":257116160}"
   1580032,         0,         0,   119.6,decoder_by_matrix,fa5edda0c1038186c8afbec49b0215a0b852396cdb50783a3f937fdf51d2afac,"{""distance"":5,""physical_error_rate"":1e-05}","{""detection_events"":8945,""detectors_checked"":268605440}"
   2897920,         0,         0,   119.1,decoder_by_matrix,3c866087b289edc25e9adea730044a15db18cabfd3ae2507fc844d5b4e03657a,"{""distance"":5,""physical_error_rate"":5e-06}","{""detection_events"":8220,""detectors_checked"":492646400}"
   1590272,         3,         0,   119.6,decoder_by_matrix,066a5d8d46981b593c3dec855f441edbe9e755a8873183448f69d036a2ecc650,"{""distance"":5,""physical_error_rate"":0.001}","{""detection_events"":900895,""detectors_checked"":270346240,""obs_mistake_mask=_EE_"":1,""obs_mistake_mask=_E__"":1,""obs_mistake_mask=__E_"":1}"
   1592320,         0,         0,   119.5,decoder_by_matrix,9c6baee88fc81e7d1aa345fcb3feec7ee81f21c5d49cb6ca037118097d89e180,"{""distance"":5,""physical_error_rate"":5e-05}","{""detection_events"":44465,""detectors_checked"":270694400}"
   2957312,         9,         0,   119.3,decoder_by_matrix,066a5d8d46981b593c3dec855f441edbe9e755a8873183448f69d036a2ecc650,"{""distance"":5,""physical_error_rate"":0.001}","{""detection_events"":1676705,""detectors_checked"":502743040,""obs_mistake_mask=EEE_"":1,""obs_mistake_mask=E___"":3,""obs_mistake_mask=_EEE"":1,""obs_mistake_mask=_E__"":2,""obs_mistake_mask=___E"":2}"
    232430,         3,         0,    7.94,decoder_by_matrix,066a5d8d46981b593c3dec855f441edbe9e755a8873183448f69d036a2ecc650,"{""distance"":5,""physical_error_rate"":0.001}","{""detection_events"":130335,""detectors_checked"":39513100,""obs_mistake_mask=EE__"":1,""obs_mistake_mask=E_E_"":1,""obs_mistake_mask=_E__"":1}"
   2465792,         0,         0,   119.6,decoder_by_matrix,0421d486f8a041838688df650e87c0a19c3450ab7a7cc8b3dc589ebff86d1c74,"{""distance"":5,""physical_error_rate"":0.0001}","{""detection_events"":137735,""detectors_checked"":419184640}"
   2718720,         0,         0,   119.6,decoder_by_matrix,fa5edda0c1038186c8afbec49b0215a0b852396cdb50783a3f937fdf51d2afac,"{""distance"":5,""physical_error_rate"":1e-05}","{""detection_events"":15840,""detectors_checked"":462182400}"
   2655232,         0,         0,   119.6,decoder_by_matrix,e41ade2e4684e0396b9a3890c882b6453b515d69885aa1d89a26ce21ec554895,"{""distance"":5,""physical_error_rate"":1e-06}","{""detection_events"":1430,""detectors_checked"":451389440}"
   1643520,         0,         0,   119.6,decoder_by_matrix,e41ade2e4684e0396b9a3890c882b6453b515d69885aa1d89a26ce21ec554895,"{""distance"":5,""physical_error_rate"":1e-06}","{""detection_events"":950,""detectors_checked"":279398400}"
   1626112,         0,         0,   119.6,decoder_by_matrix,3c866087b289edc25e9adea730044a15db18cabfd3ae2507fc844d5b4e03657a,"{""distance"":5,""physical_error_rate"":5e-06}","{""detection_events"":4690,""detectors_checked"":276439040}"
   1446912,         0,         0,   119.5,decoder_by_matrix,0421d486f8a041838688df650e87c0a19c3450ab7a7cc8b3dc589ebff86d1c74,"{""distance"":5,""physical_error_rate"":0.0001}","{""detection_events"":82055,""detectors_checked"":245975040}"
   1679360,         0,         0,   119.7,decoder_by_matrix,fa5edda0c1038186c8afbec49b0215a0b852396cdb50783a3f937fdf51d2afac,"{""distance"":5,""physical_error_rate"":1e-05}","{""detection_events"":8975,""detectors_checked"":285491200}"
   1591296,         0,         0,   119.6,decoder_by_matrix,9c6baee88fc81e7d1aa345fcb3feec7ee81f21c5d49cb6ca037118097d89e180,"{""distance"":5,""physical_error_rate"":5e-05}","{""detection_events"":47275,""detectors_checked"":270520320}"
   1568768,         0,         0,   119.6,decoder_by_matrix,b84cf4b8ca220d31f17e1e2ea9ab927bbc4176b15682c650e7d1dd8f2758172b,"{""distance"":5,""physical_error_rate"":0.0005}","{""detection_events"":442300,""detectors_checked"":266690560}"
   1915917,         0,         0,    77.1,decoder_by_matrix,3c866087b289edc25e9adea730044a15db18cabfd3ae2507fc844d5b4e03657a,"{""distance"":5,""physical_error_rate"":5e-06}","{""detection_events"":5750,""detectors_checked"":325705890}"
   1379826,         1,         0,   100.4,decoder_by_matrix,066a5d8d46981b593c3dec855f441edbe9e755a8873183448f69d036a2ecc650,"{""distance"":5,""physical_error_rate"":0.001}","{""detection_events"":777230,""detectors_checked"":234570420,""obs_mistake_mask=E_E_"":1}"
   1297408,         5,         0,    50.3,decoder_by_matrix,066a5d8d46981b593c3dec855f441edbe9e755a8873183448f69d036a2ecc650,"{""distance"":5,""physical_error_rate"":0.001}","{""detection_events"":737455,""detectors_checked"":220559360,""obs_mistake_mask=E_E_"":2,""obs_mistake_mask=E__E"":1,""obs_mistake_mask=___E"":2}"
   1300480,         1,         0,   106.9,decoder_by_matrix,066a5d8d46981b593c3dec855f441edbe9e755a8873183448f69d036a2ecc650,"{""distance"":5,""physical_error_rate"":0.001}","{""detection_events"":740970,""detectors_checked"":221081600,""obs_mistake_mask=E___"":1}"
   1215488,         5,         0,    97.6,decoder_by_matrix,066a5d8d46981b593c3dec855f441edbe9e755a8873183448f69d036a2ecc650,"{""distance"":5,""physical_error_rate"":0.001}","{""detection_events"":682240,""detectors_checked"":206632960,""obs_mistake_mask=EE__"":1,""obs_mistake_mask=E_E_"":1,""obs_mistake_mask=E___"":1,""obs_mistake_mask=__E_"":2}"
   1327104,         6,         0,   100.3,decoder_by_matrix,066a5d8d46981b593c3dec855f441edbe9e755a8873183448f69d036a2ecc650,"{""distance"":5,""physical_error_rate"":0.001}","{""detection_events"":750065,""detectors_checked"":225607680,""obs_mistake_mask=E___"":3,""obs_mistake_mask=__EE"":1,""obs_mistake_mask=__E_"":1,""obs_mistake_mask=___E"":1}"
     79346,         0,         0,    2.31,decoder_by_matrix,066a5d8d46981b593c3dec855f441edbe9e755a8873183448f69d036a2ecc650,"{""distance"":5,""physical_error_rate"":0.001}","{""detection_events"":43370,""detectors_checked"":13488820}"
   1082368,         4,         0,    82.7,decoder_by_matrix,066a5d8d46981b593c3dec855f441edbe9e755a8873183448f69d036a2ecc650,"{""distance"":5,""physical_error_rate"":0.001}","{""detection_events"":619485,""detectors_checked"":184002560,""obs_mistake_mask=_E_E"":1,""obs_mistake_mask=__EE"":1,""obs_mistake_mask=__E_"":1,""obs_mistake_mask=___E"":1}"
   1490944,         2,         0,   119.6,decoder_by_matrix,b84cf4b8ca220d31f17e1e2ea9ab927bbc4176b15682c650e7d1dd8f2758172b,"{""distance"":5,""physical_error_rate"":0.0005}","{""detection_events"":421020,""detectors_checked"":253460480,""obs_mistake_mask=_E_E"":1,""obs_mistake_mask=_E__"":1}"
     99490,         0,         0,    2.88,decoder_by_matrix,066a5d8d46981b593c3dec855f441edbe9e755a8873183448f69d036a2ecc650,"{""distance"":5,""physical_error_rate"":0.001}","{""detection_events"":57305,""detectors_checked"":16913300}"
     82908,         0,         0,    6.03,decoder_by_matrix,066a5d8d46981b593c3dec855f441edbe9e755a8873183448f69d036a2ecc650,"{""distance"":5,""physical_error_rate"":0.001}","{""detection_events"":47215,""detectors_checked"":14094360}"
     82908,         1,         0,    6.07,decoder_by_matrix,066a5d8d46981b593c3dec855f441edbe9e755a8873183448f69d036a2ecc650,"{""distance"":5,""physical_error_rate"":0.001}","{""detection_events"":48050,""detectors_checked"":14094360,""obs_mistake_mask=__E_"":1}"
     80896,         1,         0,    6.05,decoder_by_matrix,066a5d8d46981b593c3dec855f441edbe9e755a8873183448f69d036a2ecc650,"{""distance"":5,""physical_error_rate"":0.001}","{""detection_events"":44955,""detectors_checked"":13752320,""obs_mistake_mask=E__E"":1}"
     80896,         0,         0,    6.15,decoder_by_matrix,066a5d8d46981b593c3dec855f441edbe9e755a8873183448f69d036a2ecc650,"{""distance"":5,""physical_error_rate"":0.001}","{""detection_events"":45500,""detectors_checked"":13752320}"
     51200,         0,         0,    3.82,decoder_by_matrix,066a5d8d46981b593c3dec855f441edbe9e755a8873183448f69d036a2ecc650,"{""distance"":5,""physical_error_rate"":0.001}","{""detection_events"":29920,""detectors_checked"":8704000}"
      2012,         0,         0,   0.142,decoder_by_matrix,066a5d8d46981b593c3dec855f441edbe9e755a8873183448f69d036a2ecc650,"{""distance"":5,""physical_error_rate"":0.001}","{""detection_events"":820,""detectors_checked"":342040}"
     32768,         0,         0,   0.956,decoder_by_matrix,066a5d8d46981b593c3dec855f441edbe9e755a8873183448f69d036a2ecc650,"{""distance"":5,""physical_error_rate"":0.001}","{""detection_events"":19305,""detectors_checked"":5570560}"
      2012,         0,         0,   0.141,decoder_by_matrix,066a5d8d46981b593c3dec855f441edbe9e755a8873183448f69d036a2ecc650,"{""distance"":5,""physical_error_rate"":0.001}","{""detection_events"":1265,""detectors_checked"":342040}"
     13977,         0,         0,   0.405,decoder_by_matrix,066a5d8d46981b593c3dec855f441edbe9e755a8873183448f69d036a2ecc650,"{""distance"":5,""physical_error_rate"":0.001}","{""detection_events"":8685,""detectors_checked"":2376090}"
     11312,         0,         0,   0.875,decoder_by_matrix,066a5d8d46981b593c3dec855f441edbe9e755a8873183448f69d036a2ecc650,"{""distance"":5,""physical_error_rate"":0.001}","{""detection_events"":6050,""detectors_checked"":1923040}"
     10240,         0,         0,   0.743,decoder_by_matrix,066a5d8d46981b593c3dec855f441edbe9e755a8873183448f69d036a2ecc650,"{""distance"":5,""physical_error_rate"":0.001}","{""detection_events"":5935,""detectors_checked"":1740800}"
     11312,         0,         0,   0.899,decoder_by_matrix,066a5d8d46981b593c3dec855f441edbe9e755a8873183448f69d036a2ecc650,"{""distance"":5,""physical_error_rate"":0.001}","{""detection_events"":6380,""detectors_checked"":1923040}"
     11308,         0,         0,   0.315,decoder_by_matrix,066a5d8d46981b593c3dec855f441edbe9e755a8873183448f69d036a2ecc650,"{""distance"":5,""physical_error_rate"":0.001}","{""detection_events"":5935,""detectors_checked"":1922360}"
     11312,         0,         0,   0.870,decoder_by_matrix,066a5d8d46981b593c3dec855f441edbe9e755a8873183448f69d036a2ecc650,"{""distance"":5,""physical_error_rate"":0.001}","{""detection_events"":6255,""detectors_checked"":1923040}"
     11264,         0,         0,   0.805,decoder_by_matrix,066a5d8d46981b593c3dec855f441edbe9e755a8873183448f69d036a2ecc650,"{""distance"":5,""physical_error_rate"":0.001}","{""detection_events"":6695,""detectors_checked"":1914880}"
      1024,         0,         0,   0.065,decoder_by_matrix,066a5d8d46981b593c3dec855f441edbe9e755a8873183448f69d036a2ecc650,"{""distance"":5,""physical_error_rate"":0.001}","{""detection_events"":805,""detectors_checked"":174080}"
        48,         0,         0,   0.070,decoder_by_matrix,066a5d8d46981b593c3dec855f441edbe9e755a8873183448f69d036a2ecc650,"{""distance"":5,""physical_error_rate"":0.001}","{""detection_events"":55,""detectors_checked"":8160}"
        16,         0,         0,   0.026,decoder_by_matrix,066a5d8d46981b593c3dec855f441edbe9e755a8873183448f69d036a2ecc650,"{""distance"":5,""physical_error_rate"":0.001}","{""detectors_checked"":2720}"
        16,         0,         0,   0.062,decoder_by_matrix,066a5d8d46981b593c3dec855f441edbe9e755a8873183448f69d036a2ecc650,"{""distance"":5,""physical_error_rate"":0.001}","{""detection_events"":15,""detectors_checked"":2720}"
        16,         0,         0,   0.063,decoder_by_matrix,066a5d8d46981b593c3dec855f441edbe9e755a8873183448f69d036a2ecc650,"{""distance"":5,""physical_error_rate"":0.001}","{""detection_events"":5,""detectors_checked"":2720}"
         1,         0,         0,   0.014,decoder_by_matrix,fa5edda0c1038186c8afbec49b0215a0b852396cdb50783a3f937fdf51d2afac,"{""distance"":5,""physical_error_rate"":1e-05}","{""detectors_checked"":170}"
        16,         0,         0,   0.021,decoder_by_matrix,fa5edda0c1038186c8afbec49b0215a0b852396cdb50783a3f937fdf51d2afac,"{""distance"":5,""physical_error_rate"":1e-05}","{""detectors_checked"":2720}"
         1,         0,         0,   0.059,decoder_by_matrix,3c866087b289edc25e9adea730044a15db18cabfd3ae2507fc844d5b4e03657a,"{""distance"":5,""physical_error_rate"":5e-06}","{""detectors_checked"":170}"
      1280,         0,         0,   0.043,decoder_by_matrix,fa5edda0c1038186c8afbec49b0215a0b852396cdb50783a3f937fdf51d2afac,"{""distance"":5,""physical_error_rate"":1e-05}","{""detectors_checked"":217600}"
         1,         0,         0,   0.062,decoder_by_matrix,9c6baee88fc81e7d1aa345fcb3feec7ee81f21c5d49cb6ca037118097d89e180,"{""distance"":5,""physical_error_rate"":5e-05}","{""detectors_checked"":170}"
         1,         0,         0,   0.081,decoder_by_matrix,e41ade2e4684e0396b9a3890c882b6453b515d69885aa1d89a26ce21ec554895,"{""distance"":5,""physical_error_rate"":1e-06}","{""detectors_checked"":170}"
         1,         0,         0,   0.071,decoder_by_matrix,b84cf4b8ca220d31f17e1e2ea9ab927bbc4176b15682c650e7d1dd8f2758172b,"{""distance"":5,""physical_error_rate"":0.0005}","{""detectors_checked"":170}"
      1024,         0,         0,   0.023,decoder_by_matrix,fa5edda0c1038186c8afbec49b0215a0b852396cdb50783a3f937fdf51d2afac,"{""distance"":5,""physical_error_rate"":1e-05}","{""detection_events"":10,""detectors_checked"":174080}"
         1,         0,         0,   0.099,decoder_by_matrix,0421d486f8a041838688df650e87c0a19c3450ab7a7cc8b3dc589ebff86d1c74,"{""distance"":5,""physical_error_rate"":0.0001}","{""detectors_checked"":170}"
         8,         0,         0,   0.061,decoder_by_matrix,3c866087b289edc25e9adea730044a15db18cabfd3ae2507fc844d5b4e03657a,"{""distance"":5,""physical_error_rate"":5e-06}","{""detectors_checked"":1360}"
         8,         0,         0,   0.063,decoder_by_matrix,9c6baee88fc81e7d1aa345fcb3feec7ee81f21c5d49cb6ca037118097d89e180,"{""distance"":5,""physical_error_rate"":5e-05}","{""detectors_checked"":1360}"
      2048,         0,         0,   0.062,decoder_by_matrix,fa5edda0c1038186c8afbec49b0215a0b852396cdb50783a3f937fdf51d2afac,"{""distance"":5,""physical_error_rate"":1e-05}","{""detection_events"":10,""detectors_checked"":348160}"
         8,         0,         0,   0.052,decoder_by_matrix,b84cf4b8ca220d31f17e1e2ea9ab927bbc4176b15682c650e7d1dd8f2758172b,"{""distance"":5,""physical_error_rate"":0.0005}","{""detectors_checked"":1360}"
         4,         0,         0,   0.127,decoder_by_matrix,e41ade2e4684e0396b9a3890c882b6453b515d69885aa1d89a26ce21ec554895,"{""distance"":5,""physical_error_rate"":1e-06}","{""detectors_checked"":680}"
        64,         0,         0,   0.075,decoder_by_matrix,3c866087b289edc25e9adea730044a15db18cabfd3ae2507fc844d5b4e03657a,"{""distance"":5,""physical_error_rate"":5e-06}","{""detectors_checked"":10880}"
         4,         0,         0,   0.109,decoder_by_matrix,0421d486f8a041838688df650e87c0a19c3450ab7a7cc8b3dc589ebff86d1c74,"{""distance"":5,""physical_error_rate"":0.0001}","{""detectors_checked"":680}"
        64,         0,         0,   0.064,decoder_by_matrix,9c6baee88fc81e7d1aa345fcb3feec7ee81f21c5d49cb6ca037118097d89e180,"{""distance"":5,""physical_error_rate"":5e-05}","{""detectors_checked"":10880}"
      2048,         0,         0,   0.070,decoder_by_matrix,fa5edda0c1038186c8afbec49b0215a0b852396cdb50783a3f937fdf51d2afac,"{""distance"":5,""physical_error_rate"":1e-05}","{""detectors_checked"":348160}"
        64,         0,         0,   0.072,decoder_by_matrix,b84cf4b8ca220d31f17e1e2ea9ab927bbc4176b15682c650e7d1dd8f2758172b,"{""distance"":5,""physical_error_rate"":0.0005}","{""detection_events"":15,""detectors_checked"":10880}"
       512,         0,         0,   0.075,decoder_by_matrix,3c866087b289edc25e9adea730044a15db18cabfd3ae2507fc844d5b4e03657a,"{""distance"":5,""physical_error_rate"":5e-06}","{""detectors_checked"":87040}"
       512,         0,         0,   0.077,decoder_by_matrix,9c6baee88fc81e7d1aa345fcb3feec7ee81f21c5d49cb6ca037118097d89e180,"{""distance"":5,""physical_error_rate"":5e-05}","{""detection_events"":10,""detectors_checked"":87040}"
       512,         0,         0,   0.051,decoder_by_matrix,b84cf4b8ca220d31f17e1e2ea9ab927bbc4176b15682c650e7d1dd8f2758172b,"{""distance"":5,""physical_error_rate"":0.0005}","{""detection_events"":135,""detectors_checked"":87040}"
        16,         0,         0,   0.109,decoder_by_matrix,e41ade2e4684e0396b9a3890c882b6453b515d69885aa1d89a26ce21ec554895,"{""distance"":5,""physical_error_rate"":1e-06}","{""detectors_checked"":2720}"
      3072,         0,         0,   0.085,decoder_by_matrix,fa5edda0c1038186c8afbec49b0215a0b852396cdb50783a3f937fdf51d2afac,"{""distance"":5,""physical_error_rate"":1e-05}","{""detection_events"":25,""detectors_checked"":522240}"
        16,         0,         0,   0.102,decoder_by_matrix,0421d486f8a041838688df650e87c0a19c3450ab7a7cc8b3dc589ebff86d1c74,"{""distance"":5,""physical_error_rate"":0.0001}","{""detectors_checked"":2720}"
      1024,         0,         0,   0.075,decoder_by_matrix,3c866087b289edc25e9adea730044a15db18cabfd3ae2507fc844d5b4e03657a,"{""distance"":5,""physical_error_rate"":5e-06}","{""detectors_checked"":174080}"
      1024,         0,         0,   0.078,decoder_by_matrix,9c6baee88fc81e7d1aa345fcb3feec7ee81f21c5d49cb6ca037118097d89e180,"{""distance"":5,""physical_error_rate"":5e-05}","{""detection_events"":5,""detectors_checked"":174080}"
      1024,         0,         0,   0.078,decoder_by_matrix,b84cf4b8ca220d31f17e1e2ea9ab927bbc4176b15682c650e7d1dd8f2758172b,"{""distance"":5,""physical_error_rate"":0.0005}","{""detection_events"":255,""detectors_checked"":174080}"
      4096,         0,         0,   0.094,decoder_by_matrix,fa5edda0c1038186c8afbec49b0215a0b852396cdb50783a3f937fdf51d2afac,"{""distance"":5,""physical_error_rate"":1e-05}","{""detection_events"":25,""detectors_checked"":696320}"
      1024,         0,         0,   0.062,decoder_by_matrix,3c866087b289edc25e9adea730044a15db18cabfd3ae2507fc844d5b4e03657a,"{""distance"":5,""physical_error_rate"":5e-06}","{""detectors_checked"":174080}"
        64,         0,         0,   0.106,decoder_by_matrix,e41ade2e4684e0396b9a3890c882b6453b515d69885aa1d89a26ce21ec554895,"{""distance"":5,""physical_error_rate"":1e-06}","{""detectors_checked"":10880}"
        64,         0,         0,   0.092,decoder_by_matrix,0421d486f8a041838688df650e87c0a19c3450ab7a7cc8b3dc589ebff86d1c74,"{""distance"":5,""physical_error_rate"":0.0001}","{""detectors_checked"":10880}"
      1024,         0,         0,   0.070,decoder_by_matrix,b84cf4b8ca220d31f17e1e2ea9ab927bbc4176b15682c650e7d1dd8f2758172b,"{""distance"":5,""physical_error_rate"":0.0005}","{""detection_events"":470,""detectors_checked"":174080}"
      1024,         0,         0,   0.079,decoder_by_matrix,9c6baee88fc81e7d1aa345fcb3feec7ee81f21c5d49cb6ca037118097d89e180,"{""distance"":5,""physical_error_rate"":5e-05}","{""detection_events"":15,""detectors_checked"":174080}"
      1024,         0,         0,   0.075,decoder_by_matrix,3c866087b289edc25e9adea730044a15db18cabfd3ae2507fc844d5b4e03657a,"{""distance"":5,""physical_error_rate"":5e-06}","{""detectors_checked"":174080}"
      1024,         0,         0,   0.064,decoder_by_matrix,b84cf4b8ca220d31f17e1e2ea9ab927bbc4176b15682c650e7d1dd8f2758172b,"{""distance"":5,""physical_error_rate"":0.0005}","{""detection_events"":210,""detectors_checked"":174080}"
       256,         0,         0,   0.129,decoder_by_matrix,e41ade2e4684e0396b9a3890c882b6453b515d69885aa1d89a26ce21ec554895,"{""distance"":5,""physical_error_rate"":1e-06}","{""detectors_checked"":43520}"
      1024,         0,         0,   0.079,decoder_by_matrix,9c6baee88fc81e7d1aa345fcb3feec7ee81f21c5d49cb6ca037118097d89e180,"{""distance"":5,""physical_error_rate"":5e-05}","{""detection_events"":55,""detectors_checked"":174080}"
       256,         0,         0,   0.110,decoder_by_matrix,0421d486f8a041838688df650e87c0a19c3450ab7a7cc8b3dc589ebff86d1c74,"{""distance"":5,""physical_error_rate"":0.0001}","{""detection_events"":25,""detectors_checked"":43520}"
      5120,         0,         0,   0.149,decoder_by_matrix,fa5edda0c1038186c8afbec49b0215a0b852396cdb50783a3f937fdf51d2afac,"{""distance"":5,""physical_error_rate"":1e-05}","{""detection_events"":30,""detectors_checked"":870400}"
      2048,         0,         0,   0.138,decoder_by_matrix,3c866087b289edc25e9adea730044a15db18cabfd3ae2507fc844d5b4e03657a,"{""distance"":5,""physical_error_rate"":5e-06}","{""detection_events"":15,""detectors_checked"":348160}"
      1024,         0,         0,   0.094,decoder_by_matrix,e41ade2e4684e0396b9a3890c882b6453b515d69885aa1d89a26ce21ec554895,"{""distance"":5,""physical_error_rate"":1e-06}","{""detectors_checked"":174080}"
      1024,         0,         0,   0.102,decoder_by_matrix,0421d486f8a041838688df650e87c0a19c3450ab7a7cc8b3dc589ebff86d1c74,"{""distance"":5,""physical_error_rate"":0.0001}","{""detection_events"":75,""detectors_checked"":174080}"
      2048,         0,         0,   0.128,decoder_by_matrix,9c6baee88fc81e7d1aa345fcb3feec7ee81f21c5d49cb6ca037118097d89e180,"{""distance"":5,""physical_error_rate"":5e-05}","{""detection_events"":80,""detectors_checked"":348160}"
      2048,         0,         0,   0.157,decoder_by_matrix,b84cf4b8ca220d31f17e1e2ea9ab927bbc4176b15682c650e7d1dd8f2758172b,"{""distance"":5,""physical_error_rate"":0.0005}","{""detection_events"":475,""detectors_checked"":348160}"
      1024,         0,         0,   0.117,decoder_by_matrix,e41ade2e4684e0396b9a3890c882b6453b515d69885aa1d89a26ce21ec554895,"{""distance"":5,""physical_error_rate"":1e-06}","{""detectors_checked"":174080}"
      8192,         0,         0,   0.187,decoder_by_matrix,fa5edda0c1038186c8afbec49b0215a0b852396cdb50783a3f937fdf51d2afac,"{""distance"":5,""physical_error_rate"":1e-05}","{""detection_events"":20,""detectors_checked"":1392640}"
      1024,         0,         0,   0.111,decoder_by_matrix,0421d486f8a041838688df650e87c0a19c3450ab7a7cc8b3dc589ebff86d1c74,"{""distance"":5,""physical_error_rate"":0.0001}","{""detection_events"":75,""detectors_checked"":174080}"
      2048,         0,         0,   0.153,decoder_by_matrix,3c866087b289edc25e9adea730044a15db18cabfd3ae2507fc844d5b4e03657a,"{""distance"":5,""physical_error_rate"":5e-06}","{""detectors_checked"":348160}"
      2048,         0,         0,   0.157,decoder_by_matrix,9c6baee88fc81e7d1aa345fcb3feec7ee81f21c5d49cb6ca037118097d89e180,"{""distance"":5,""physical_error_rate"":5e-05}","{""detection_events"":10,""detectors_checked"":348160}"
      1024,         0,         0,   0.112,decoder_by_matrix,0421d486f8a041838688df650e87c0a19c3450ab7a7cc8b3dc589ebff86d1c74,"{""distance"":5,""physical_error_rate"":0.0001}","{""detection_events"":15,""detectors_checked"":174080}"
      2048,         0,         0,   0.162,decoder_by_matrix,e41ade2e4684e0396b9a3890c882b6453b515d69885aa1d89a26ce21ec554895,"{""distance"":5,""physical_error_rate"":1e-06}","{""detectors_checked"":348160}"
      3072,         0,         0,   0.217,decoder_by_matrix,b84cf4b8ca220d31f17e1e2ea9ab927bbc4176b15682c650e7d1dd8f2758172b,"{""distance"":5,""physical_error_rate"":0.0005}","{""detection_events"":1015,""detectors_checked"":522240}"
      3072,         0,         0,   0.207,decoder_by_matrix,3c866087b289edc25e9adea730044a15db18cabfd3ae2507fc844d5b4e03657a,"{""distance"":5,""physical_error_rate"":5e-06}","{""detectors_checked"":522240}"
      2048,         0,         0,   0.153,decoder_by_matrix,e41ade2e4684e0396b9a3890c882b6453b515d69885aa1d89a26ce21ec554895,"{""distance"":5,""physical_error_rate"":1e-06}","{""detectors_checked"":348160}"
      3072,         0,         0,   0.221,decoder_by_matrix,9c6baee88fc81e7d1aa345fcb3feec7ee81f21c5d49cb6ca037118097d89e180,"{""distance"":5,""physical_error_rate"":5e-05}","{""detection_events"":110,""detectors_checked"":522240}"
     11264,         0,         0,   0.288,decoder_by_matrix,fa5edda0c1038186c8afbec49b0215a0b852396cdb50783a3f937fdf51d2afac,"{""distance"":5,""physical_error_rate"":1e-05}","{""detection_events"":45,""detectors_checked"":1914880}"
      2048,         0,         0,   0.194,decoder_by_matrix,0421d486f8a041838688df650e87c0a19c3450ab7a7cc8b3dc589ebff86d1c74,"{""distance"":5,""physical_error_rate"":0.0001}","{""detection_events"":20,""detectors_checked"":348160}"
      3072,         0,         0,   0.216,decoder_by_matrix,b84cf4b8ca220d31f17e1e2ea9ab927bbc4176b15682c650e7d1dd8f2758172b,"{""distance"":5,""physical_error_rate"":0.0005}","{""detection_events"":875,""detectors_checked"":522240}"
      3072,         0,         0,   0.229,decoder_by_matrix,e41ade2e4684e0396b9a3890c882b6453b515d69885aa1d89a26ce21ec554895,"{""distance"":5,""physical_error_rate"":1e-06}","{""detectors_checked"":522240}"
      3072,         0,         0,   0.207,decoder_by_matrix,0421d486f8a041838688df650e87c0a19c3450ab7a7cc8b3dc589ebff86d1c74,"{""distance"":5,""physical_error_rate"":0.0001}","{""detection_events"":185,""detectors_checked"":522240}"
      5120,         0,         0,   0.350,decoder_by_matrix,3c866087b289edc25e9adea730044a15db18cabfd3ae2507fc844d5b4e03657a,"{""distance"":5,""physical_error_rate"":5e-06}","{""detectors_checked"":870400}"
      4096,         0,         0,   0.323,decoder_by_matrix,9c6baee88fc81e7d1aa345fcb3feec7ee81f21c5d49cb6ca037118097d89e180,"{""distance"":5,""physical_error_rate"":5e-05}","{""detection_events"":160,""detectors_checked"":696320}"
      4096,         0,         0,   0.294,decoder_by_matrix,b84cf4b8ca220d31f17e1e2ea9ab927bbc4176b15682c650e7d1dd8f2758172b,"{""distance"":5,""physical_error_rate"":0.0005}","{""detection_events"":1390,""detectors_checked"":696320}"
     15360,         0,         0,   0.414,decoder_by_matrix,fa5edda0c1038186c8afbec49b0215a0b852396cdb50783a3f937fdf51d2afac,"{""distance"":5,""physical_error_rate"":1e-05}","{""detection_events"":70,""detectors_checked"":2611200}"
      4096,         0,         0,   0.286,decoder_by_matrix,e41ade2e4684e0396b9a3890c882b6453b515d69885aa1d89a26ce21ec554895,"{""distance"":5,""physical_error_rate"":1e-06}","{""detectors_checked"":696320}"
      4096,         0,         0,   0.321,decoder_by_matrix,0421d486f8a041838688df650e87c0a19c3450ab7a7cc8b3dc589ebff86d1c74,"{""distance"":5,""physical_error_rate"":0.0001}","{""detection_events"":135,""detectors_checked"":696320}"
      6144,         0,         0,   0.440,decoder_by_matrix,3c866087b289edc25e9adea730044a15db18cabfd3ae2507fc844d5b4e03657a,"{""distance"":5,""physical_error_rate"":5e-06}","{""detection_events"":15,""detectors_checked"":1044480}"
      6144,         0,         0,   0.463,decoder_by_matrix,9c6baee88fc81e7d1aa345fcb3feec7ee81f21c5d49cb6ca037118097d89e180,"{""distance"":5,""physical_error_rate"":5e-05}","{""detection_events"":145,""detectors_checked"":1044480}"
      6144,         0,         0,   0.445,decoder_by_matrix,b84cf4b8ca220d31f17e1e2ea9ab927bbc4176b15682c650e7d1dd8f2758172b,"{""distance"":5,""physical_error_rate"":0.0005}","{""detection_events"":1770,""detectors_checked"":1044480}"
      6144,         0,         0,   0.425,decoder_by_matrix,e41ade2e4684e0396b9a3890c882b6453b515d69885aa1d89a26ce21ec554895,"{""distance"":5,""physical_error_rate"":1e-06}","{""detectors_checked"":1044480}"
     21504,         0,         0,   0.564,decoder_by_matrix,fa5edda0c1038186c8afbec49b0215a0b852396cdb50783a3f937fdf51d2afac,"{""distance"":5,""physical_error_rate"":1e-05}","{""detection_events"":125,""detectors_checked"":3655680}"
      6144,         0,         0,   0.461,decoder_by_matrix,0421d486f8a041838688df650e87c0a19c3450ab7a7cc8b3dc589ebff86d1c74,"{""distance"":5,""physical_error_rate"":0.0001}","{""detection_events"":415,""detectors_checked"":1044480}"
      7168,         0,         0,   0.580,decoder_by_matrix,3c866087b289edc25e9adea730044a15db18cabfd3ae2507fc844d5b4e03657a,"{""distance"":5,""physical_error_rate"":5e-06}","{""detectors_checked"":1218560}"
      8192,         0,         0,   0.607,decoder_by_matrix,9c6baee88fc81e7d1aa345fcb3feec7ee81f21c5d49cb6ca037118097d89e180,"{""distance"":5,""physical_error_rate"":5e-05}","{""detection_events"":460,""detectors_checked"":1392640}"
      8192,         0,         0,   0.588,decoder_by_matrix,b84cf4b8ca220d31f17e1e2ea9ab927bbc4176b15682c650e7d1dd8f2758172b,"{""distance"":5,""physical_error_rate"":0.0005}","{""detection_events"":2130,""detectors_checked"":1392640}"
      8192,         0,         0,   0.594,decoder_by_matrix,e41ade2e4684e0396b9a3890c882b6453b515d69885aa1d89a26ce21ec554895,"{""distance"":5,""physical_error_rate"":1e-06}","{""detection_events"":5,""detectors_checked"":1392640}"
      8192,         0,         0,   0.628,decoder_by_matrix,0421d486f8a041838688df650e87c0a19c3450ab7a7cc8b3dc589ebff86d1c74,"{""distance"":5,""physical_error_rate"":0.0001}","{""detection_events"":445,""detectors_checked"":1392640}"
     30720,         0,         0,   0.800,decoder_by_matrix,fa5edda0c1038186c8afbec49b0215a0b852396cdb50783a3f937fdf51d2afac,"{""distance"":5,""physical_error_rate"":1e-05}","{""detection_events"":190,""detectors_checked"":5222400}"
   2194432,         1,         0,   119.6,decoder_by_matrix,b84cf4b8ca220d31f17e1e2ea9ab927bbc4176b15682c650e7d1dd8f2758172b,"{""distance"":5,""physical_error_rate"":0.0005}","{""detection_events"":620855,""detectors_checked"":373053440,""obs_mistake_mask=EE__"":1}"
     12288,         0,         0,   0.848,decoder_by_matrix,3c866087b289edc25e9adea730044a15db18cabfd3ae2507fc844d5b4e03657a,"{""distance"":5,""physical_error_rate"":5e-06}","{""detection_events"":75,""detectors_checked"":2088960}"
     11264,         0,         0,   0.841,decoder_by_matrix,9c6baee88fc81e7d1aa345fcb3feec7ee81f21c5d49cb6ca037118097d89e180,"{""distance"":5,""physical_error_rate"":5e-05}","{""detection_events"":245,""detectors_checked"":1914880}"
     11264,         0,         0,   0.839,decoder_by_matrix,b84cf4b8ca220d31f17e1e2ea9ab927bbc4176b15682c650e7d1dd8f2758172b,"{""distance"":5,""physical_error_rate"":0.0005}","{""detection_events"":2945,""detectors_checked"":1914880}"
     11264,         0,         0,   0.814,decoder_by_matrix,e41ade2e4684e0396b9a3890c882b6453b515d69885aa1d89a26ce21ec554895,"{""distance"":5,""physical_error_rate"":1e-06}","{""detection_events"":10,""detectors_checked"":1914880}"
     11264,         0,         0,   0.863,decoder_by_matrix,0421d486f8a041838688df650e87c0a19c3450ab7a7cc8b3dc589ebff86d1c74,"{""distance"":5,""physical_error_rate"":0.0001}","{""detection_events"":680,""detectors_checked"":1914880}"
     34816,         0,         0,    1.12,decoder_by_matrix,fa5edda0c1038186c8afbec49b0215a0b852396cdb50783a3f937fdf51d2afac,"{""distance"":5,""physical_error_rate"":1e-05}","{""detection_events"":105,""detectors_checked"":5918720}"
     16384,         0,         0,    1.15,decoder_by_matrix,3c866087b289edc25e9adea730044a15db18cabfd3ae2507fc844d5b4e03657a,"{""distance"":5,""physical_error_rate"":5e-06}","{""detection_events"":30,""detectors_checked"":2785280}"
     15360,         0,         0,    1.12,decoder_by_matrix,b84cf4b8ca220d31f17e1e2ea9ab927bbc4176b15682c650e7d1dd8f2758172b,"{""distance"":5,""physical_error_rate"":0.0005}","{""detection_events"":4350,""detectors_checked"":2611200}"
     15360,         0,         0,    1.16,decoder_by_matrix,9c6baee88fc81e7d1aa345fcb3feec7ee81f21c5d49cb6ca037118097d89e180,"{""distance"":5,""physical_error_rate"":5e-05}","{""detection_events"":385,""detectors_checked"":2611200}"
     15360,         0,         0,    1.14,decoder_by_matrix,e41ade2e4684e0396b9a3890c882b6453b515d69885aa1d89a26ce21ec554895,"{""distance"":5,""physical_error_rate"":1e-06}","{""detection_events"":35,""detectors_checked"":2611200}"
     15360,         0,         0,    1.16,decoder_by_matrix,0421d486f8a041838688df650e87c0a19c3450ab7a7cc8b3dc589ebff86d1c74,"{""distance"":5,""physical_error_rate"":0.0001}","{""detection_events"":800,""detectors_checked"":2611200}"
     54272,         0,         0,    1.55,decoder_by_matrix,fa5edda0c1038186c8afbec49b0215a0b852396cdb50783a3f937fdf51d2afac,"{""distance"":5,""physical_error_rate"":1e-05}","{""detection_events"":125,""detectors_checked"":9226240}"
     22528,         0,         0,    1.58,decoder_by_matrix,3c866087b289edc25e9adea730044a15db18cabfd3ae2507fc844d5b4e03657a,"{""distance"":5,""physical_error_rate"":5e-06}","{""detection_events"":45,""detectors_checked"":3829760}"
     21504,         0,         0,    1.55,decoder_by_matrix,b84cf4b8ca220d31f17e1e2ea9ab927bbc4176b15682c650e7d1dd8f2758172b,"{""distance"":5,""physical_error_rate"":0.0005}","{""detection_events"":6655,""detectors_checked"":3655680}"
     21504,         0,         0,    1.60,decoder_by_matrix,9c6baee88fc81e7d1aa345fcb3feec7ee81f21c5d49cb6ca037118097d89e180,"{""distance"":5,""physical_error_rate"":5e-05}","{""detection_events"":715,""detectors_checked"":3655680}"
     21504,         0,         0,    1.54,decoder_by_matrix,e41ade2e4684e0396b9a3890c882b6453b515d69885aa1d89a26ce21ec554895,"{""distance"":5,""physical_error_rate"":1e-06}","{""detectors_checked"":3655680}"
     20480,         0,         0,    1.57,decoder_by_matrix,0421d486f8a041838688df650e87c0a19c3450ab7a7cc8b3dc589ebff86d1c74,"{""distance"":5,""physical_error_rate"":0.0001}","{""detection_events"":1305,""detectors_checked"":3481600}"
     81920,         0,         0,    2.16,decoder_by_matrix,fa5edda0c1038186c8afbec49b0215a0b852396cdb50783a3f937fdf51d2afac,"{""distance"":5,""physical_error_rate"":1e-05}","{""detection_events"":285,""detectors_checked"":13926400}"
     31744,         0,         0,    2.22,decoder_by_matrix,3c866087b289edc25e9adea730044a15db18cabfd3ae2507fc844d5b4e03657a,"{""distance"":5,""physical_error_rate"":5e-06}","{""detection_events"":95,""detectors_checked"":5396480}"
     29696,         0,         0,    2.22,decoder_by_matrix,b84cf4b8ca220d31f17e1e2ea9ab927bbc4176b15682c650e7d1dd8f2758172b,"{""distance"":5,""physical_error_rate"":0.0005}","{""detection_events"":8715,""detectors_checked"":5048320}"
     29696,         0,         0,    2.21,decoder_by_matrix,9c6baee88fc81e7d1aa345fcb3feec7ee81f21c5d49cb6ca037118097d89e180,"{""distance"":5,""physical_error_rate"":5e-05}","{""detection_events"":650,""detectors_checked"":5048320}"
     30720,         0,         0,    2.20,decoder_by_matrix,e41ade2e4684e0396b9a3890c882b6453b515d69885aa1d89a26ce21ec554895,"{""distance"":5,""physical_error_rate"":1e-06}","{""detection_events"":35,""detectors_checked"":5222400}"
     29696,         0,         0,    2.24,decoder_by_matrix,0421d486f8a041838688df650e87c0a19c3450ab7a7cc8b3dc589ebff86d1c74,"{""distance"":5,""physical_error_rate"":0.0001}","{""detection_events"":1970,""detectors_checked"":5048320}"
   1494016,         0,         0,   119.6,decoder_by_matrix,9c6baee88fc81e7d1aa345fcb3feec7ee81f21c5d49cb6ca037118097d89e180,"{""distance"":5,""physical_error_rate"":5e-05}","{""detection_events"":43300,""detectors_checked"":253982720}"
    128000,         0,         0,    3.00,decoder_by_matrix,fa5edda0c1038186c8afbec49b0215a0b852396cdb50783a3f937fdf51d2afac,"{""distance"":5,""physical_error_rate"":1e-05}","{""detection_events"":710,""detectors_checked"":21760000}"
     44032,         0,         0,    3.05,decoder_by_matrix,3c866087b289edc25e9adea730044a15db18cabfd3ae2507fc844d5b4e03657a,"{""distance"":5,""physical_error_rate"":5e-06}","{""detection_events"":30,""detectors_checked"":7485440}"
     40960,         0,         0,    3.04,decoder_by_matrix,b84cf4b8ca220d31f17e1e2ea9ab927bbc4176b15682c650e7d1dd8f2758172b,"{""distance"":5,""physical_error_rate"":0.0005}","{""detection_events"":11805,""detectors_checked"":6963200}"
     40960,         0,         0,    3.05,decoder_by_matrix,e41ade2e4684e0396b9a3890c882b6453b515d69885aa1d89a26ce21ec554895,"{""distance"":5,""physical_error_rate"":1e-06}","{""detection_events"":25,""detectors_checked"":6963200}"
     40960,         0,         0,    3.09,decoder_by_matrix,9c6baee88fc81e7d1aa345fcb3feec7ee81f21c5d49cb6ca037118097d89e180,"{""distance"":5,""physical_error_rate"":5e-05}","{""detection_events"":920,""detectors_checked"":6963200}"
     39936,         0,         0,    3.00,decoder_by_matrix,0421d486f8a041838688df650e87c0a19c3450ab7a7cc8b3dc589ebff86d1c74,"{""distance"":5,""physical_error_rate"":0.0001}","{""detection_events"":2205,""detectors_checked"":6789120}"
   1651712,         0,         0,   119.5,decoder_by_matrix,b84cf4b8ca220d31f17e1e2ea9ab927bbc4176b15682c650e7d1dd8f2758172b,"{""distance"":5,""physical_error_rate"":0.0005}","{""detection_events"":473840,""detectors_checked"":280791040}"
   1722368,         0,         0,   119.6,decoder_by_matrix,0421d486f8a041838688df650e87c0a19c3450ab7a7cc8b3dc589ebff86d1c74,"{""distance"":5,""physical_error_rate"":0.0001}","{""detection_events"":97780,""detectors_checked"":292802560}"
   1701888,         0,         0,   119.6,decoder_by_matrix,9c6baee88fc81e7d1aa345fcb3feec7ee81f21c5d49cb6ca037118097d89e180,"{""distance"":5,""physical_error_rate"":5e-05}","{""detection_events"":47520,""detectors_checked"":289320960}"
   1633280,         0,         0,   119.7,decoder_by_matrix,3c866087b289edc25e9adea730044a15db18cabfd3ae2507fc844d5b4e03657a,"{""distance"":5,""physical_error_rate"":5e-06}","{""detection_events"":4480,""detectors_checked"":277657600}"
   1668096,         0,         0,   119.6,decoder_by_matrix,fa5edda0c1038186c8afbec49b0215a0b852396cdb50783a3f937fdf51d2afac,"{""distance"":5,""physical_error_rate"":1e-05}","{""detection_events"":9555,""detectors_checked"":283576320}"
   1624064,         0,         0,   119.6,decoder_by_matrix,e41ade2e4684e0396b9a3890c882b6453b515d69885aa1d89a26ce21ec554895,"{""distance"":5,""physical_error_rate"":1e-06}","{""detection_events"":1175,""detectors_checked"":276090880}"
   1559552,         0,         0,   119.6,decoder_by_matrix,b84cf4b8ca220d31f17e1e2ea9ab927bbc4176b15682c650e7d1dd8f2758172b,"{""distance"":5,""physical_error_rate"":0.0005}","{""detection_events"":445010,""detectors_checked"":265123840}"
   1655808,         0,         0,   119.6,decoder_by_matrix,fa5edda0c1038186c8afbec49b0215a0b852396cdb50783a3f937fdf51d2afac,"{""distance"":5,""physical_error_rate"":1e-05}","{""detection_events"":8915,""detectors_checked"":281487360}"
   1661952,         0,         0,   119.6,decoder_by_matrix,3c866087b289edc25e9adea730044a15db18cabfd3ae2507fc844d5b4e03657a,"{""distance"":5,""physical_error_rate"":5e-06}","{""detection_events"":4765,""detectors_checked"":282531840}"
   1701888,         0,         0,   119.6,decoder_by_matrix,e41ade2e4684e0396b9a3890c882b6453b515d69885aa1d89a26ce21ec554895,"{""distance"":5,""physical_error_rate"":1e-06}","{""detection_events"":755,""detectors_checked"":289320960}"
   1400832,         0,         0,   119.6,decoder_by_matrix,0421d486f8a041838688df650e87c0a19c3450ab7a7cc8b3dc589ebff86d1c74,"{""distance"":5,""physical_error_rate"":0.0001}","{""detection_events"":79580,""detectors_checked"":238141440}"
   1586176,         0,         0,   119.6,decoder_by_matrix,9c6baee88fc81e7d1aa345fcb3feec7ee81f21c5d49cb6ca037118097d89e180,"{""distance"":5,""physical_error_rate"":5e-05}","{""detection_events"":46535,""detectors_checked"":269649920}"
   1576960,         0,         0,   119.6,decoder_by_matrix,0421d486f8a041838688df650e87c0a19c3450ab7a7cc8b3dc589ebff86d1c74,"{""distance"":5,""physical_error_rate"":0.0001}","{""detection_events"":89085,""detectors_checked"":268083200}"
   1576960,         0,         0,   119.7,decoder_by_matrix,fa5edda0c1038186c8afbec49b0215a0b852396cdb50783a3f937fdf51d2afac,"{""distance"":5,""physical_error_rate"":1e-05}","{""detection_events"":10325,""detectors_checked"":268083200}"
    241664,         0,         0,    4.26,decoder_by_matrix,fa5edda0c1038186c8afbec49b0215a0b852396cdb50783a3f937fdf51d2afac,"{""distance"":5,""physical_error_rate"":1e-05}","{""detection_events"":1220,""detectors_checked"":41082880}"
     58368,         0,         0,    4.27,decoder_by_matrix,3c866087b289edc25e9adea730044a15db18cabfd3ae2507fc844d5b4e03657a,"{""distance"":5,""physical_error_rate"":5e-06}","{""detection_events"":45,""detectors_checked"":9922560}"
     60416,         0,         0,    4.31,decoder_by_matrix,b84cf4b8ca220d31f17e1e2ea9ab927bbc4176b15682c650e7d1dd8f2758172b,"{""distance"":5,""physical_error_rate"":0.0005}","{""detection_events"":17810,""detectors_checked"":10270720}"
     57344,         0,         0,    4.28,decoder_by_matrix,e41ade2e4684e0396b9a3890c882b6453b515d69885aa1d89a26ce21ec554895,"{""distance"":5,""physical_error_rate"":1e-06}","{""detection_events"":10,""detectors_checked"":9748480}"
     57344,         0,         0,    4.25,decoder_by_matrix,9c6baee88fc81e7d1aa345fcb3feec7ee81f21c5d49cb6ca037118097d89e180,"{""distance"":5,""physical_error_rate"":5e-05}","{""detection_events"":1285,""detectors_checked"":9748480}"
     57344,         0,         0,    4.28,decoder_by_matrix,0421d486f8a041838688df650e87c0a19c3450ab7a7cc8b3dc589ebff86d1c74,"{""distance"":5,""physical_error_rate"":0.0001}","{""detection_events"":3395,""detectors_checked"":9748480}"
   1505280,         0,         0,   119.6,decoder_by_matrix,e41ade2e4684e0396b9a3890c882b6453b515d69885aa1d89a26ce21ec554895,"{""distance"":5,""physical_error_rate"":1e-06}","{""detection_events"":850,""detectors_checked"":255897600}"
    432128,         0,         0,    5.94,decoder_by_matrix,fa5edda0c1038186c8afbec49b0215a0b852396cdb50783a3f937fdf51d2afac,"{""distance"":5,""physical_error_rate"":1e-05}","{""detection_events"":2205,""detectors_checked"":73461760}"
     84992,         0,         0,    5.99,decoder_by_matrix,3c866087b289edc25e9adea730044a15db18cabfd3ae2507fc844d5b4e03657a,"{""distance"":5,""physical_error_rate"":5e-06}","{""detection_events"":385,""detectors_checked"":14448640}"
     84992,         0,         0,    5.99,decoder_by_matrix,b84cf4b8ca220d31f17e1e2ea9ab927bbc4176b15682c650e7d1dd8f2758172b,"{""distance"":5,""physical_error_rate"":0.0005}","{""detection_events"":26315,""detectors_checked"":14448640}"
     81920,         0,         0,    5.98,decoder_by_matrix,9c6baee88fc81e7d1aa345fcb3feec7ee81f21c5d49cb6ca037118097d89e180,"{""distance"":5,""physical_error_rate"":5e-05}","{""detection_events"":2950,""detectors_checked"":13926400}"
     79872,         0,         0,    6.03,decoder_by_matrix,e41ade2e4684e0396b9a3890c882b6453b515d69885aa1d89a26ce21ec554895,"{""distance"":5,""physical_error_rate"":1e-06}","{""detection_events"":20,""detectors_checked"":13578240}"
     81920,         0,         0,    6.02,decoder_by_matrix,0421d486f8a041838688df650e87c0a19c3450ab7a7cc8b3dc589ebff86d1c74,"{""distance"":5,""physical_error_rate"":0.0001}","{""detection_events"":4465,""detectors_checked"":13926400}"
   1572864,         0,         0,   119.6,decoder_by_matrix,0421d486f8a041838688df650e87c0a19c3450ab7a7cc8b3dc589ebff86d1c74,"{""distance"":5,""physical_error_rate"":0.0001}","{""detection_events"":90905,""detectors_checked"":267386880}"
   1615872,         0,         0,   119.5,decoder_by_matrix,e41ade2e4684e0396b9a3890c882b6453b515d69885aa1d89a26ce21ec554895,"{""distance"":5,""physical_error_rate"":1e-06}","{""detection_events"":765,""detectors_checked"":274698240}"
   1516544,         0,         0,   119.4,decoder_by_matrix,9c6baee88fc81e7d1aa345fcb3feec7ee81f21c5d49cb6ca037118097d89e180,"{""distance"":5,""physical_error_rate"":5e-05}","{""detection_events"":44385,""detectors_checked"":257812480}"
   2278400,         0,         0,   119.5,decoder_by_matrix,9c6baee88fc81e7d1aa345fcb3feec7ee81f21c5d49cb6ca037118097d89e180,"{""distance"":5,""physical_error_rate"":5e-05}","{""detection_events"":63865,""detectors_checked"":387328000}"
   1545216,         0,         0,   119.6,decoder_by_matrix,fa5edda0c1038186c8afbec49b0215a0b852396cdb50783a3f937fdf51d2afac,"{""distance"":5,""physical_error_rate"":1e-05}","{""detection_events"":8920,""detectors_checked"":262686720}"
   1655808,         0,         0,   119.6,decoder_by_matrix,e41ade2e4684e0396b9a3890c882b6453b515d69885aa1d89a26ce21ec554895,"{""distance"":5,""physical_error_rate"":1e-06}","{""detection_events"":865,""detectors_checked"":281487360}"
    702464,         0,         0,    8.30,decoder_by_matrix,fa5edda0c1038186c8afbec49b0215a0b852396cdb50783a3f937fdf51d2afac,"{""distance"":5,""physical_error_rate"":1e-05}","{""detection_events"":3365,""detectors_checked"":119418880}"
   1691648,         0,         0,   119.6,decoder_by_matrix,3c866087b289edc25e9adea730044a15db18cabfd3ae2507fc844d5b4e03657a,"{""distance"":5,""physical_error_rate"":5e-06}","{""detection_events"":4695,""detectors_checked"":287580160}"
    123904,         0,         0,    8.38,decoder_by_matrix,3c866087b289edc25e9adea730044a15db18cabfd3ae2507fc844d5b4e03657a,"{""distance"":5,""physical_error_rate"":5e-06}","{""detection_events"":450,""detectors_checked"":21063680}"
    118784,         0,         0,    8.33,decoder_by_matrix,b84cf4b8ca220d31f17e1e2ea9ab927bbc4176b15682c650e7d1dd8f2758172b,"{""distance"":5,""physical_error_rate"":0.0005}","{""detection_events"":35190,""detectors_checked"":20193280}"
   1524736,         0,         0,   119.6,decoder_by_matrix,3c866087b289edc25e9adea730044a15db18cabfd3ae2507fc844d5b4e03657a,"{""distance"":5,""physical_error_rate"":5e-06}","{""detection_events"":4135,""detectors_checked"":259205120}"
   1480704,         0,         0,   119.6,decoder_by_matrix,0421d486f8a041838688df650e87c0a19c3450ab7a7cc8b3dc589ebff86d1c74,"{""distance"":5,""physical_error_rate"":0.0001}","{""detection_events"":84480,""detectors_checked"":251719680}"
    113664,         0,         0,    8.40,decoder_by_matrix,9c6baee88fc81e7d1aa345fcb3feec7ee81f21c5d49cb6ca037118097d89e180,"{""distance"":5,""physical_error_rate"":5e-05}","{""detection_events"":3425,""detectors_checked"":19322880}"
    128000,         0,         0,    8.36,decoder_by_matrix,e41ade2e4684e0396b9a3890c882b6453b515d69885aa1d89a26ce21ec554895,"{""distance"":5,""physical_error_rate"":1e-06}","{""detection_events"":75,""detectors_checked"":21760000}"
    112640,         0,         0,    8.34,decoder_by_matrix,0421d486f8a041838688df650e87c0a19c3450ab7a7cc8b3dc589ebff86d1c74,"{""distance"":5,""physical_error_rate"":0.0001}","{""detection_events"":6645,""detectors_checked"":19148800}"
   1529856,         0,         0,   119.6,decoder_by_matrix,b84cf4b8ca220d31f17e1e2ea9ab927bbc4176b15682c650e7d1dd8f2758172b,"{""distance"":5,""physical_error_rate"":0.0005}","{""detection_events"":441050,""detectors_checked"":260075520}"
   1609728,         0,         0,   119.6,decoder_by_matrix,b84cf4b8ca220d31f17e1e2ea9ab927bbc4176b15682c650e7d1dd8f2758172b,"{""distance"":5,""physical_error_rate"":0.0005}","{""detection_events"":454710,""detectors_checked"":273653760}"
   1619968,         0,         0,   119.6,decoder_by_matrix,fa5edda0c1038186c8afbec49b0215a0b852396cdb50783a3f937fdf51d2afac,"{""distance"":5,""physical_error_rate"":1e-05}","{""detection_events"":7885,""detectors_checked"":275394560}"
   2903040,         0,         0,   119.2,decoder_by_matrix,3c866087b289edc25e9adea730044a15db18cabfd3ae2507fc844d5b4e03657a,"{""distance"":5,""physical_error_rate"":5e-06}","{""detection_events"":7825,""detectors_checked"":493516800}"
   1550336,         0,         0,   119.4,decoder_by_matrix,9c6baee88fc81e7d1aa345fcb3feec7ee81f21c5d49cb6ca037118097d89e180,"{""distance"":5,""physical_error_rate"":5e-05}","{""detection_events"":43775,""detectors_checked"":263557120}"
    886784,         0,         0,    11.6,decoder_by_matrix,fa5edda0c1038186c8afbec49b0215a0b852396cdb50783a3f937fdf51d2afac,"{""distance"":5,""physical_error_rate"":1e-05}","{""detection_events"":5045,""detectors_checked"":150753280}"
    162816,         0,         0,    11.7,decoder_by_matrix,3c866087b289edc25e9adea730044a15db18cabfd3ae2507fc844d5b4e03657a,"{""distance"":5,""physical_error_rate"":5e-06}","{""detection_events"":460,""detectors_checked"":27678720}"
    161792,         0,         0,    11.7,decoder_by_matrix,b84cf4b8ca220d31f17e1e2ea9ab927bbc4176b15682c650e7d1dd8f2758172b,"{""distance"":5,""physical_error_rate"":0.0005}","{""detection_events"":46340,""detectors_checked"":27504640}"
    156672,         0,         0,    11.7,decoder_by_matrix,e41ade2e4684e0396b9a3890c882b6453b515d69885aa1d89a26ce21ec554895,"{""distance"":5,""physical_error_rate"":1e-06}","{""detection_events"":115,""detectors_checked"":26634240}"
    154624,         0,         0,    11.7,decoder_by_matrix,9c6baee88fc81e7d1aa345fcb3feec7ee81f21c5d49cb6ca037118097d89e180,"{""distance"":5,""physical_error_rate"":5e-05}","{""detection_events"":3945,""detectors_checked"":26286080}"
    147456,         0,         0,    11.7,decoder_by_matrix,0421d486f8a041838688df650e87c0a19c3450ab7a7cc8b3dc589ebff86d1c74,"{""distance"":5,""physical_error_rate"":0.0001}","{""detection_events"":8820,""detectors_checked"":25067520}"
   1130496,         0,         0,    16.3,decoder_by_matrix,fa5edda0c1038186c8afbec49b0215a0b852396cdb50783a3f937fdf51d2afac,"{""distance"":5,""physical_error_rate"":1e-05}","{""detection_events"":6490,""detectors_checked"":192184320}"
    224256,         0,         0,    16.4,decoder_by_matrix,3c866087b289edc25e9adea730044a15db18cabfd3ae2507fc844d5b4e03657a,"{""distance"":5,""physical_error_rate"":5e-06}","{""detection_events"":695,""detectors_checked"":38123520}"
    219136,         0,         0,    16.3,decoder_by_matrix,b84cf4b8ca220d31f17e1e2ea9ab927bbc4176b15682c650e7d1dd8f2758172b,"{""distance"":5,""physical_error_rate"":0.0005}","{""detection_events"":63325,""detectors_checked"":37253120}"
    220160,         0,         0,    16.4,decoder_by_matrix,e41ade2e4684e0396b9a3890c882b6453b515d69885aa1d89a26ce21ec554895,"{""distance"":5,""physical_error_rate"":1e-06}","{""detection_events"":195,""detectors_checked"":37427200}"
    212992,         0,         0,    16.3,decoder_by_matrix,9c6baee88fc81e7d1aa345fcb3feec7ee81f21c5d49cb6ca037118097d89e180,"{""distance"":5,""physical_error_rate"":5e-05}","{""detection_events"":6845,""detectors_checked"":36208640}"
    205824,         0,         0,    16.4,decoder_by_matrix,0421d486f8a041838688df650e87c0a19c3450ab7a7cc8b3dc589ebff86d1c74,"{""distance"":5,""physical_error_rate"":0.0001}","{""detection_events"":11180,""detectors_checked"":34990080}"
   1982464,         0,         0,   119.6,decoder_by_matrix,0421d486f8a041838688df650e87c0a19c3450ab7a7cc8b3dc589ebff86d1c74,"{""distance"":5,""physical_error_rate"":0.0001}","{""detection_events"":114225,""detectors_checked"":337018880}"
   2308096,         0,         0,   119.6,decoder_by_matrix,fa5edda0c1038186c8afbec49b0215a0b852396cdb50783a3f937fdf51d2afac,"{""distance"":5,""physical_error_rate"":1e-05}","{""detection_events"":12190,""detectors_checked"":392376320}"
   1064960,         0,         0,    22.8,decoder_by_matrix,fa5edda0c1038186c8afbec49b0215a0b852396cdb50783a3f937fdf51d2afac,"{""distance"":5,""physical_error_rate"":1e-05}","{""detection_events"":6185,""detectors_checked"":181043200}"
   2486272,         0,         0,   119.6,decoder_by_matrix,e41ade2e4684e0396b9a3890c882b6453b515d69885aa1d89a26ce21ec554895,"{""distance"":5,""physical_error_rate"":1e-06}","{""detection_events"":1465,""detectors_checked"":422666240}"
    307200,         0,         0,    22.9,decoder_by_matrix,3c866087b289edc25e9adea730044a15db18cabfd3ae2507fc844d5b4e03657a,"{""distance"":5,""physical_error_rate"":5e-06}","{""detection_events"":995,""detectors_checked"":52224000}"
    308224,         0,         0,    22.9,decoder_by_matrix,b84cf4b8ca220d31f17e1e2ea9ab927bbc4176b15682c650e7d1dd8f2758172b,"{""distance"":5,""physical_error_rate"":0.0005}","{""detection_events"":89230,""detectors_checked"":52398080}"
    307200,         0,         0,    22.9,decoder_by_matrix,e41ade2e4684e0396b9a3890c882b6453b515d69885aa1d89a26ce21ec554895,"{""distance"":5,""physical_error_rate"":1e-06}","{""detection_events"":215,""detectors_checked"":52224000}"
    302080,         0,         0,    22.8,decoder_by_matrix,9c6baee88fc81e7d1aa345fcb3feec7ee81f21c5d49cb6ca037118097d89e180,"{""distance"":5,""physical_error_rate"":5e-05}","{""detection_events"":7975,""detectors_checked"":51353600}"
    284672,         0,         0,    22.9,decoder_by_matrix,0421d486f8a041838688df650e87c0a19c3450ab7a7cc8b3dc589ebff86d1c74,"{""distance"":5,""physical_error_rate"":0.0001}","{""detection_events"":16680,""detectors_checked"":48394240}"
   1616896,         0,         0,   119.6,decoder_by_matrix,e41ade2e4684e0396b9a3890c882b6453b515d69885aa1d89a26ce21ec554895,"{""distance"":5,""physical_error_rate"":1e-06}","{""detection_events"":1020,""detectors_checked"":274872320}"
   1724416,         0,         0,   119.7,decoder_by_matrix,3c866087b289edc25e9adea730044a15db18cabfd3ae2507fc844d5b4e03657a,"{""distance"":5,""physical_error_rate"":5e-06}","{""detection_events"":4860,""detectors_checked"":293150720}"
   1532928,         0,         0,   119.5,decoder_by_matrix,0421d486f8a041838688df650e87c0a19c3450ab7a7cc8b3dc589ebff86d1c74,"{""distance"":5,""physical_error_rate"":0.0001}","{""detection_events"":88140,""detectors_checked"":260597760}"
   1661952,         0,         0,   119.5,decoder_by_matrix,fa5edda0c1038186c8afbec49b0215a0b852396cdb50783a3f937fdf51d2afac,"{""distance"":5,""physical_error_rate"":1e-05}","{""detection_events"":10610,""detectors_checked"":282531840}"
   1577984,         0,         0,   119.6,decoder_by_matrix,9c6baee88fc81e7d1aa345fcb3feec7ee81f21c5d49cb6ca037118097d89e180,"{""distance"":5,""physical_error_rate"":5e-05}","{""detection_events"":45250,""detectors_checked"":268257280}"
   1589248,         0,         0,   119.6,decoder_by_matrix,b84cf4b8ca220d31f17e1e2ea9ab927bbc4176b15682c650e7d1dd8f2758172b,"{""distance"":5,""physical_error_rate"":0.0005}","{""detection_events"":448425,""detectors_checked"":270172160}"
   2481152,         0,         0,   119.6,decoder_by_matrix,3c866087b289edc25e9adea730044a15db18cabfd3ae2507fc844d5b4e03657a,"{""distance"":5,""physical_error_rate"":5e-06}","{""detection_events"":7120,""detectors_checked"":421795840}"
   1671168,         0,         0,    31.9,decoder_by_matrix,fa5edda0c1038186c8afbec49b0215a0b852396cdb50783a3f937fdf51d2afac,"{""distance"":5,""physical_error_rate"":1e-05}","{""detection_events"":9065,""detectors_checked"":284098560}"
    422912,         0,         0,    32.0,decoder_by_matrix,3c866087b289edc25e9adea730044a15db18cabfd3ae2507fc844d5b4e03657a,"{""distance"":5,""physical_error_rate"":5e-06}","{""detection_events"":1170,""detectors_checked"":71895040}"
    428032,         0,         0,    32.1,decoder_by_matrix,b84cf4b8ca220d31f17e1e2ea9ab927bbc4176b15682c650e7d1dd8f2758172b,"{""distance"":5,""physical_error_rate"":0.0005}","{""detection_events"":121180,""detectors_checked"":72765440}"
    422912,         0,         0,    32.1,decoder_by_matrix,e41ade2e4684e0396b9a3890c882b6453b515d69885aa1d89a26ce21ec554895,"{""distance"":5,""physical_error_rate"":1e-06}","{""detection_events"":160,""detectors_checked"":71895040}"
    425984,         0,         0,    32.1,decoder_by_matrix,9c6baee88fc81e7d1aa345fcb3feec7ee81f21c5d49cb6ca037118097d89e180,"{""distance"":5,""physical_error_rate"":5e-05}","{""detection_events"":11590,""detectors_checked"":72417280}"
    397312,         0,         0,    32.0,decoder_by_matrix,0421d486f8a041838688df650e87c0a19c3450ab7a7cc8b3dc589ebff86d1c74,"{""distance"":5,""physical_error_rate"":0.0001}","{""detection_events"":22835,""detectors_checked"":67543040}"
   1539072,         0,         0,   119.6,decoder_by_matrix,b84cf4b8ca220d31f17e1e2ea9ab927bbc4176b15682c650e7d1dd8f2758172b,"{""distance"":5,""physical_error_rate"":0.0005}","{""detection_events"":442840,""detectors_checked"":261642240}"
   1942528,         2,         0,   119.6,decoder_by_matrix,b84cf4b8ca220d31f17e1e2ea9ab927bbc4176b15682c650e7d1dd8f2758172b,"{""distance"":5,""physical_error_rate"":0.0005}","{""detection_events"":551440,""detectors_checked"":330229760,""obs_mistake_mask=_E__"":1,""obs_mistake_mask=__EE"":1}"
   1489920,         0,         0,   119.5,decoder_by_matrix,9c6baee88fc81e7d1aa345fcb3feec7ee81f21c5d49cb6ca037118097d89e180,"{""distance"":5,""physical_error_rate"":5e-05}","{""detection_events"":42340,""detectors_checked"":253286400}"
   1584128,         0,         0,   119.6,decoder_by_matrix,b84cf4b8ca220d31f17e1e2ea9ab927bbc4176b15682c650e7d1dd8f2758172b,"{""distance"":5,""physical_error_rate"":0.0005}","{""detection_events"":451945,""detectors_checked"":269301760}"
   1685504,         0,         0,   119.5,decoder_by_matrix,0421d486f8a041838688df650e87c0a19c3450ab7a7cc8b3dc589ebff86d1c74,"{""distance"":5,""physical_error_rate"":0.0001}","{""detection_events"":95830,""detectors_checked"":286535680}"
   1665024,         0,         0,   119.6,decoder_by_matrix,9c6baee88fc81e7d1aa345fcb3feec7ee81f21c5d49cb6ca037118097d89e180,"{""distance"":5,""physical_error_rate"":5e-05}","{""detection_events"":46730,""detectors_checked"":283054080}"
   1626112,         0,         0,   119.5,decoder_by_matrix,3c866087b289edc25e9adea730044a15db18cabfd3ae2507fc844d5b4e03657a,"{""distance"":5,""physical_error_rate"":5e-06}","{""detection_events"":4990,""detectors_checked"":276439040}"
   1640448,         0,         0,   119.6,decoder_by_matrix,fa5edda0c1038186c8afbec49b0215a0b852396cdb50783a3f937fdf51d2afac,"{""distance"":5,""physical_error_rate"":1e-05}","{""detection_events"":8870,""detectors_checked"":278876160}"
   1629184,         0,         0,   119.5,decoder_by_matrix,e41ade2e4684e0396b9a3890c882b6453b515d69885aa1d89a26ce21ec554895,"{""distance"":5,""physical_error_rate"":1e-06}","{""detection_events"":1090,""detectors_checked"":276961280}"
   1579008,         0,         0,   119.5,decoder_by_matrix,b84cf4b8ca220d31f17e1e2ea9ab927bbc4176b15682c650e7d1dd8f2758172b,"{""distance"":5,""physical_error_rate"":0.0005}","{""detection_events"":445110,""detectors_checked"":268431360}"
   1675264,         0,         0,   119.6,decoder_by_matrix,3c866087b289edc25e9adea730044a15db18cabfd3ae2507fc844d5b4e03657a,"{""distance"":5,""physical_error_rate"":5e-06}","{""detection_events"":4650,""detectors_checked"":284794880}"
   1658880,         0,         0,   119.7,decoder_by_matrix,fa5edda0c1038186c8afbec49b0215a0b852396cdb50783a3f937fdf51d2afac,"{""distance"":5,""physical_error_rate"":1e-05}","{""detection_events"":9095,""detectors_checked"":282009600}"
   1652736,         0,         0,   119.6,decoder_by_matrix,e41ade2e4684e0396b9a3890c882b6453b515d69885aa1d89a26ce21ec554895,"{""distance"":5,""physical_error_rate"":1e-06}","{""detection_events"":865,""detectors_checked"":280965120}"
   1603584,         0,         0,   119.5,decoder_by_matrix,0421d486f8a041838688df650e87c0a19c3450ab7a7cc8b3dc589ebff86d1c74,"{""distance"":5,""physical_error_rate"":0.0001}","{""detection_events"":90250,""detectors_checked"":272609280}"
   1606656,         0,         0,   119.5,decoder_by_matrix,9c6baee88fc81e7d1aa345fcb3feec7ee81f21c5d49cb6ca037118097d89e180,"{""distance"":5,""physical_error_rate"":5e-05}","{""detection_events"":47245,""detectors_checked"":273131520}"
   1601536,         0,         0,   119.5,decoder_by_matrix,0421d486f8a041838688df650e87c0a19c3450ab7a7cc8b3dc589ebff86d1c74,"{""distance"":5,""physical_error_rate"":0.0001}","{""detection_events"":90965,""detectors_checked"":272261120}"
   1531904,         0,         0,   119.6,decoder_by_matrix,fa5edda0c1038186c8afbec49b0215a0b852396cdb50783a3f937fdf51d2afac,"{""distance"":5,""physical_error_rate"":1e-05}","{""detection_events"":8755,""detectors_checked"":260423680}"
   1568768,         0,         0,   119.5,decoder_by_matrix,e41ade2e4684e0396b9a3890c882b6453b515d69885aa1d89a26ce21ec554895,"{""distance"":5,""physical_error_rate"":1e-06}","{""detection_events"":1065,""detectors_checked"":266690560}"
   1568768,         0,         0,   119.5,decoder_by_matrix,0421d486f8a041838688df650e87c0a19c3450ab7a7cc8b3dc589ebff86d1c74,"{""distance"":5,""physical_error_rate"":0.0001}","{""detection_events"":89005,""detectors_checked"":266690560}"
   1559552,         0,         0,   119.6,decoder_by_matrix,e41ade2e4684e0396b9a3890c882b6453b515d69885aa1d89a26ce21ec554895,"{""distance"":5,""physical_error_rate"":1e-06}","{""detection_events"":710,""detectors_checked"":265123840}"
   1523712,         0,         0,   119.5,decoder_by_matrix,9c6baee88fc81e7d1aa345fcb3feec7ee81f21c5d49cb6ca037118097d89e180,"{""distance"":5,""physical_error_rate"":5e-05}","{""detection_events"":44990,""detectors_checked"":259031040}"
   2204672,         0,         0,   119.5,decoder_by_matrix,9c6baee88fc81e7d1aa345fcb3feec7ee81f21c5d49cb6ca037118097d89e180,"{""distance"":5,""physical_error_rate"":5e-05}","{""detection_events"":61120,""detectors_checked"":374794240}"
   1611776,         0,         0,   119.5,decoder_by_matrix,fa5edda0c1038186c8afbec49b0215a0b852396cdb50783a3f937fdf51d2afac,"{""distance"":5,""physical_error_rate"":1e-05}","{""detection_events"":9935,""detectors_checked"":274001920}"
   1586176,         0,         0,   119.6,decoder_by_matrix,e41ade2e4684e0396b9a3890c882b6453b515d69885aa1d89a26ce21ec554895,"{""distance"":5,""physical_error_rate"":1e-06}","{""detection_events"":895,""detectors_checked"":269649920}"
   1586176,         0,         0,   119.7,decoder_by_matrix,3c866087b289edc25e9adea730044a15db18cabfd3ae2507fc844d5b4e03657a,"{""distance"":5,""physical_error_rate"":5e-06}","{""detection_events"":4900,""detectors_checked"":269649920}"
   1596416,         0,         0,   119.7,decoder_by_matrix,3c866087b289edc25e9adea730044a15db18cabfd3ae2507fc844d5b4e03657a,"{""distance"":5,""physical_error_rate"":5e-06}","{""detection_events"":4675,""detectors_checked"":271390720}"
   1480704,         0,         0,   119.7,decoder_by_matrix,0421d486f8a041838688df650e87c0a19c3450ab7a7cc8b3dc589ebff86d1c74,"{""distance"":5,""physical_error_rate"":0.0001}","{""detection_events"":84210,""detectors_checked"":251719680}"
   1476608,         0,         0,   119.7,decoder_by_matrix,b84cf4b8ca220d31f17e1e2ea9ab927bbc4176b15682c650e7d1dd8f2758172b,"{""distance"":5,""physical_error_rate"":0.0005}","{""detection_events"":422945,""detectors_checked"":251023360}"
   1496064,         0,         0,   119.6,decoder_by_matrix,b84cf4b8ca220d31f17e1e2ea9ab927bbc4176b15682c650e7d1dd8f2758172b,"{""distance"":5,""physical_error_rate"":0.0005}","{""detection_events"":424685,""detectors_checked"":254330880}"
   1533952,         0,         0,   119.7,decoder_by_matrix,fa5edda0c1038186c8afbec49b0215a0b852396cdb50783a3f937fdf51d2afac,"{""distance"":5,""physical_error_rate"":1e-05}","{""detection_events"":8175,""detectors_checked"":260771840}"
   1503232,         0,         0,   119.7,decoder_by_matrix,3c866087b289edc25e9adea730044a15db18cabfd3ae2507fc844d5b4e03657a,"{""distance"":5,""physical_error_rate"":5e-06}","{""detection_events"":4270,""detectors_checked"":255549440}"
   1498112,         0,         0,   119.5,decoder_by_matrix,9c6baee88fc81e7d1aa345fcb3feec7ee81f21c5d49cb6ca037118097d89e180,"{""distance"":5,""physical_error_rate"":5e-05}","{""detection_events"":41845,""detectors_checked"":254679040}"
   2395136,         0,         0,    44.6,decoder_by_matrix,fa5edda0c1038186c8afbec49b0215a0b852396cdb50783a3f937fdf51d2afac,"{""distance"":5,""physical_error_rate"":1e-05}","{""detection_events"":12695,""detectors_checked"":407173120}"
    603136,         0,         0,    44.9,decoder_by_matrix,3c866087b289edc25e9adea730044a15db18cabfd3ae2507fc844d5b4e03657a,"{""distance"":5,""physical_error_rate"":5e-06}","{""detection_events"":1930,""detectors_checked"":102533120}"
    583680,         0,         0,    44.9,decoder_by_matrix,b84cf4b8ca220d31f17e1e2ea9ab927bbc4176b15682c650e7d1dd8f2758172b,"{""distance"":5,""physical_error_rate"":0.0005}","{""detection_events"":163125,""detectors_checked"":99225600}"
    551936,         0,         0,    44.9,decoder_by_matrix,9c6baee88fc81e7d1aa345fcb3feec7ee81f21c5d49cb6ca037118097d89e180,"{""distance"":5,""physical_error_rate"":5e-05}","{""detection_events"":16135,""detectors_checked"":93829120}"
    609280,         0,         0,    44.9,decoder_by_matrix,e41ade2e4684e0396b9a3890c882b6453b515d69885aa1d89a26ce21ec554895,"{""distance"":5,""physical_error_rate"":1e-06}","{""detection_events"":360,""detectors_checked"":103577600}"
    591872,         0,         0,    44.8,decoder_by_matrix,0421d486f8a041838688df650e87c0a19c3450ab7a7cc8b3dc589ebff86d1c74,"{""distance"":5,""physical_error_rate"":0.0001}","{""detection_events"":34805,""detectors_checked"":100618240}"
   2334720,         0,         0,   119.5,decoder_by_matrix,0421d486f8a041838688df650e87c0a19c3450ab7a7cc8b3dc589ebff86d1c74,"{""distance"":5,""physical_error_rate"":0.0001}","{""detection_events"":133490,""detectors_checked"":396902400}"
   2439168,         0,         0,   119.5,decoder_by_matrix,fa5edda0c1038186c8afbec49b0215a0b852396cdb50783a3f937fdf51d2afac,"{""distance"":5,""physical_error_rate"":1e-05}","{""detection_events"":13335,""detectors_checked"":414658560}"
   2582528,         0,         0,   119.5,decoder_by_matrix,e41ade2e4684e0396b9a3890c882b6453b515d69885aa1d89a26ce21ec554895,"{""distance"":5,""physical_error_rate"":1e-06}","{""detection_events"":1230,""detectors_checked"":439029760}"
   1604608,         0,         0,   119.6,decoder_by_matrix,e41ade2e4684e0396b9a3890c882b6453b515d69885aa1d89a26ce21ec554895,"{""distance"":5,""physical_error_rate"":1e-06}","{""detection_events"":1065,""detectors_checked"":272783360}"
   1602560,         0,         0,   119.6,decoder_by_matrix,3c866087b289edc25e9adea730044a15db18cabfd3ae2507fc844d5b4e03657a,"{""distance"":5,""physical_error_rate"":5e-06}","{""detection_events"":4480,""detectors_checked"":272435200}"
   1467392,         0,         0,   119.6,decoder_by_matrix,0421d486f8a041838688df650e87c0a19c3450ab7a7cc8b3dc589ebff86d1c74,"{""distance"":5,""physical_error_rate"":0.0001}","{""detection_events"":84340,""detectors_checked"":249456640}"
   1486848,         0,         0,   119.6,decoder_by_matrix,fa5edda0c1038186c8afbec49b0215a0b852396cdb50783a3f937fdf51d2afac,"{""distance"":5,""physical_error_rate"":1e-05}","{""detection_events"":8605,""detectors_checked"":252764160}"
   1509376,         0,         0,   119.6,decoder_by_matrix,9c6baee88fc81e7d1aa345fcb3feec7ee81f21c5d49cb6ca037118097d89e180,"{""distance"":5,""physical_error_rate"":5e-05}","{""detection_events"":44330,""detectors_checked"":256593920}"
   1602560,         0,         0,   119.5,decoder_by_matrix,b84cf4b8ca220d31f17e1e2ea9ab927bbc4176b15682c650e7d1dd8f2758172b,"{""distance"":5,""physical_error_rate"":0.0005}","{""detection_events"":457485,""detectors_checked"":272435200}"
   2614272,         0,         0,   119.6,decoder_by_matrix,3c866087b289edc25e9adea730044a15db18cabfd3ae2507fc844d5b4e03657a,"{""distance"":5,""physical_error_rate"":5e-06}","{""detection_events"":7905,""detectors_checked"":444426240}"
   4229120,         0,         0,    62.6,decoder_by_matrix,fa5edda0c1038186c8afbec49b0215a0b852396cdb50783a3f937fdf51d2afac,"{""distance"":5,""physical_error_rate"":1e-05}","{""detection_events"":24145,""detectors_checked"":718950400}"
    864256,         0,         0,    62.8,decoder_by_matrix,3c866087b289edc25e9adea730044a15db18cabfd3ae2507fc844d5b4e03657a,"{""distance"":5,""physical_error_rate"":5e-06}","{""detection_events"":2435,""detectors_checked"":146923520}"
    803840,         0,         0,    62.8,decoder_by_matrix,b84cf4b8ca220d31f17e1e2ea9ab927bbc4176b15682c650e7d1dd8f2758172b,"{""distance"":5,""physical_error_rate"":0.0005}","{""detection_events"":229355,""detectors_checked"":136652800}"
    833536,         0,         0,    62.9,decoder_by_matrix,9c6baee88fc81e7d1aa345fcb3feec7ee81f21c5d49cb6ca037118097d89e180,"{""distance"":5,""physical_error_rate"":5e-05}","{""detection_events"":23540,""detectors_checked"":141701120}"
    852992,         0,         0,    62.8,decoder_by_matrix,e41ade2e4684e0396b9a3890c882b6453b515d69885aa1d89a26ce21ec554895,"{""distance"":5,""physical_error_rate"":1e-06}","{""detection_events"":480,""detectors_checked"":145008640}"
    801792,         0,         0,    62.8,decoder_by_matrix,0421d486f8a041838688df650e87c0a19c3450ab7a7cc8b3dc589ebff86d1c74,"{""distance"":5,""physical_error_rate"":0.0001}","{""detection_events"":44230,""detectors_checked"":136304640}"
    404414,         0,         0,    7.69,decoder_by_matrix,fa5edda0c1038186c8afbec49b0215a0b852396cdb50783a3f937fdf51d2afac,"{""distance"":5,""physical_error_rate"":1e-05}","{""detection_events"":2210,""detectors_checked"":68750380}"
   1517568,         0,         0,   119.6,decoder_by_matrix,b84cf4b8ca220d31f17e1e2ea9ab927bbc4176b15682c650e7d1dd8f2758172b,"{""distance"":5,""physical_error_rate"":0.0005}","{""detection_events"":427680,""detectors_checked"":257986560}"
   1983488,         1,         0,   119.6,decoder_by_matrix,b84cf4b8ca220d31f17e1e2ea9ab927bbc4176b15682c650e7d1dd8f2758172b,"{""distance"":5,""physical_error_rate"":0.0005}","{""detection_events"":562445,""detectors_checked"":337192960,""obs_mistake_mask=_EEE"":1}"
   1448960,         0,         0,   119.6,decoder_by_matrix,9c6baee88fc81e7d1aa345fcb3feec7ee81f21c5d49cb6ca037118097d89e180,"{""distance"":5,""physical_error_rate"":5e-05}","{""detection_events"":40345,""detectors_checked"":246323200}"
   1559552,         0,         0,   119.6,decoder_by_matrix,b84cf4b8ca220d31f17e1e2ea9ab927bbc4176b15682c650e7d1dd8f2758172b,"{""distance"":5,""physical_error_rate"":0.0005}","{""detection_events"":443555,""detectors_checked"":265123840}"
   1585152,         0,         0,   119.6,decoder_by_matrix,0421d486f8a041838688df650e87c0a19c3450ab7a7cc8b3dc589ebff86d1c74,"{""distance"":5,""physical_error_rate"":0.0001}","{""detection_events"":87635,""detectors_checked"":269475840}"
   1605632,         0,         0,   119.6,decoder_by_matrix,9c6baee88fc81e7d1aa345fcb3feec7ee81f21c5d49cb6ca037118097d89e180,"{""distance"":5,""physical_error_rate"":5e-05}","{""detection_events"":45045,""detectors_checked"":272957440}"
   1608704,         0,         0,   119.5,decoder_by_matrix,3c866087b289edc25e9adea730044a15db18cabfd3ae2507fc844d5b4e03657a,"{""distance"":5,""physical_error_rate"":5e-06}","{""detection_events"":4420,""detectors_checked"":273479680}"
   1614848,         0,         0,   119.5,decoder_by_matrix,fa5edda0c1038186c8afbec49b0215a0b852396cdb50783a3f937fdf51d2afac,"{""distance"":5,""physical_error_rate"":1e-05}","{""detection_events"":8855,""detectors_checked"":274524160}"
   1619968,         0,         0,   119.6,decoder_by_matrix,e41ade2e4684e0396b9a3890c882b6453b515d69885aa1d89a26ce21ec554895,"{""distance"":5,""physical_error_rate"":1e-06}","{""detection_events"":905,""detectors_checked"":275394560}"
   1560576,         0,         0,   119.6,decoder_by_matrix,b84cf4b8ca220d31f17e1e2ea9ab927bbc4176b15682c650e7d1dd8f2758172b,"{""distance"":5,""physical_error_rate"":0.0005}","{""detection_events"":445620,""detectors_checked"":265297920}"
   1662976,         0,         0,   119.6,decoder_by_matrix,3c866087b289edc25e9adea730044a15db18cabfd3ae2507fc844d5b4e03657a,"{""distance"":5,""physical_error_rate"":5e-06}","{""detection_events"":5090,""detectors_checked"":282705920}"
   1648640,         0,         0,   119.5,decoder_by_matrix,fa5edda0c1038186c8afbec49b0215a0b852396cdb50783a3f937fdf51d2afac,"{""distance"":5,""physical_error_rate"":1e-05}","{""detection_events"":9130,""detectors_checked"":280268800}"
   1610752,         0,         0,   119.6,decoder_by_matrix,e41ade2e4684e0396b9a3890c882b6453b515d69885aa1d89a26ce21ec554895,"{""distance"":5,""physical_error_rate"":1e-06}","{""detection_events"":635,""detectors_checked"":273827840}"
   1586176,         0,         0,   119.5,decoder_by_matrix,0421d486f8a041838688df650e87c0a19c3450ab7a7cc8b3dc589ebff86d1c74,"{""distance"":5,""physical_error_rate"":0.0001}","{""detection_events"":90660,""detectors_checked"":269649920}"
   1596416,         0,         0,   119.6,decoder_by_matrix,9c6baee88fc81e7d1aa345fcb3feec7ee81f21c5d49cb6ca037118097d89e180,"{""distance"":5,""physical_error_rate"":5e-05}","{""detection_events"":47105,""detectors_checked"":271390720}"
   1585152,         0,         0,   119.6,decoder_by_matrix,0421d486f8a041838688df650e87c0a19c3450ab7a7cc8b3dc589ebff86d1c74,"{""distance"":5,""physical_error_rate"":0.0001}","{""detection_events"":89735,""detectors_checked"":269475840}"
   1602560,         0,         0,   119.6,decoder_by_matrix,fa5edda0c1038186c8afbec49b0215a0b852396cdb50783a3f937fdf51d2afac,"{""distance"":5,""physical_error_rate"":1e-05}","{""detection_events"":9185,""detectors_checked"":272435200}"
   1590272,         0,         0,   119.6,decoder_by_matrix,e41ade2e4684e0396b9a3890c882b6453b515d69885aa1d89a26ce21ec554895,"{""distance"":5,""physical_error_rate"":1e-06}","{""detection_events"":1125,""detectors_checked"":270346240}"
   1478656,         0,         0,   119.6,decoder_by_matrix,0421d486f8a041838688df650e87c0a19c3450ab7a7cc8b3dc589ebff86d1c74,"{""distance"":5,""physical_error_rate"":0.0001}","{""detection_events"":89170,""detectors_checked"":251371520}"
   1574912,         0,         0,   119.6,decoder_by_matrix,e41ade2e4684e0396b9a3890c882b6453b515d69885aa1d89a26ce21ec554895,"{""distance"":5,""physical_error_rate"":1e-06}","{""detection_events"":575,""detectors_checked"":267735040}"
   1525760,         0,         0,   119.5,decoder_by_matrix,9c6baee88fc81e7d1aa345fcb3feec7ee81f21c5d49cb6ca037118097d89e180,"{""distance"":5,""physical_error_rate"":5e-05}","{""detection_events"":44715,""detectors_checked"":259379200}"
   2191360,         0,         0,   119.6,decoder_by_matrix,9c6baee88fc81e7d1aa345fcb3feec7ee81f21c5d49cb6ca037118097d89e180,"{""distance"":5,""physical_error_rate"":5e-05}","{""detection_events"":59850,""detectors_checked"":372531200}"
   1551360,         0,         0,   119.5,decoder_by_matrix,fa5edda0c1038186c8afbec49b0215a0b852396cdb50783a3f937fdf51d2afac,"{""distance"":5,""physical_error_rate"":1e-05}","{""detection_events"":9600,""detectors_checked"":263731200}"
   1611776,         0,         0,   119.6,decoder_by_matrix,e41ade2e4684e0396b9a3890c882b6453b515d69885aa1d89a26ce21ec554895,"{""distance"":5,""physical_error_rate"":1e-06}","{""detection_events"":785,""detectors_checked"":274001920}"
   1646592,         0,         0,   119.6,decoder_by_matrix,3c866087b289edc25e9adea730044a15db18cabfd3ae2507fc844d5b4e03657a,"{""distance"":5,""physical_error_rate"":5e-06}","{""detection_events"":4580,""detectors_checked"":279920640}"
   1532928,         0,         0,   119.6,decoder_by_matrix,3c866087b289edc25e9adea730044a15db18cabfd3ae2507fc844d5b4e03657a,"{""distance"":5,""physical_error_rate"":5e-06}","{""detection_events"":4105,""detectors_checked"":260597760}"
   1544192,         0,         0,   119.6,decoder_by_matrix,0421d486f8a041838688df650e87c0a19c3450ab7a7cc8b3dc589ebff86d1c74,"{""distance"":5,""physical_error_rate"":0.0001}","{""detection_events"":88560,""detectors_checked"":262512640}"
   1459200,         0,         0,   119.6,decoder_by_matrix,b84cf4b8ca220d31f17e1e2ea9ab927bbc4176b15682c650e7d1dd8f2758172b,"{""distance"":5,""physical_error_rate"":0.0005}","{""detection_events"":413030,""detectors_checked"":248064000}"
   1598464,         0,         0,   119.6,decoder_by_matrix,b84cf4b8ca220d31f17e1e2ea9ab927bbc4176b15682c650e7d1dd8f2758172b,"{""distance"":5,""physical_error_rate"":0.0005}","{""detection_events"":452870,""detectors_checked"":271738880}"
   1604608,         0,         0,   119.6,decoder_by_matrix,fa5edda0c1038186c8afbec49b0215a0b852396cdb50783a3f937fdf51d2afac,"{""distance"":5,""physical_error_rate"":1e-05}","{""detection_events"":9095,""detectors_checked"":272783360}"
   1603584,         0,         0,   119.6,decoder_by_matrix,3c866087b289edc25e9adea730044a15db18cabfd3ae2507fc844d5b4e03657a,"{""distance"":5,""physical_error_rate"":5e-06}","{""detection_events"":4590,""detectors_checked"":272609280}"
   1517568,         0,         0,   119.6,decoder_by_matrix,9c6baee88fc81e7d1aa345fcb3feec7ee81f21c5d49cb6ca037118097d89e180,"{""distance"":5,""physical_error_rate"":5e-05}","{""detection_events"":44810,""detectors_checked"":257986560}"
   2050048,         0,         0,   119.5,decoder_by_matrix,0421d486f8a041838688df650e87c0a19c3450ab7a7cc8b3dc589ebff86d1c74,"{""distance"":5,""physical_error_rate"":0.0001}","{""detection_events"":116495,""detectors_checked"":348508160}"
   1167360,         0,         0,    87.9,decoder_by_matrix,3c866087b289edc25e9adea730044a15db18cabfd3ae2507fc844d5b4e03657a,"{""distance"":5,""physical_error_rate"":5e-06}","{""detection_events"":3175,""detectors_checked"":198451200}"
   1129472,         0,         0,    87.9,decoder_by_matrix,b84cf4b8ca220d31f17e1e2ea9ab927bbc4176b15682c650e7d1dd8f2758172b,"{""distance"":5,""physical_error_rate"":0.0005}","{""detection_events"":320175,""detectors_checked"":192010240}"
   1199104,         0,         0,    87.8,decoder_by_matrix,e41ade2e4684e0396b9a3890c882b6453b515d69885aa1d89a26ce21ec554895,"{""distance"":5,""physical_error_rate"":1e-06}","{""detection_events"":725,""detectors_checked"":203847680}"
   1127424,         0,         0,    88.1,decoder_by_matrix,9c6baee88fc81e7d1aa345fcb3feec7ee81f21c5d49cb6ca037118097d89e180,"{""distance"":5,""physical_error_rate"":5e-05}","{""detection_events"":30245,""detectors_checked"":191662080}"
   1093632,         0,         0,    88.0,decoder_by_matrix,0421d486f8a041838688df650e87c0a19c3450ab7a7cc8b3dc589ebff86d1c74,"{""distance"":5,""physical_error_rate"":0.0001}","{""detection_events"":63315,""detectors_checked"":185917440}"
   2318336,         0,         0,   119.6,decoder_by_matrix,fa5edda0c1038186c8afbec49b0215a0b852396cdb50783a3f937fdf51d2afac,"{""distance"":5,""physical_error_rate"":1e-05}","{""detection_events"":12810,""detectors_checked"":394117120}"
   2642944,         0,         0,   119.6,decoder_by_matrix,e41ade2e4684e0396b9a3890c882b6453b515d69885aa1d89a26ce21ec554895,"{""distance"":5,""physical_error_rate"":1e-06}","{""detection_events"":1280,""detectors_checked"":449300480}"
   1674240,         0,         0,   119.6,decoder_by_matrix,e41ade2e4684e0396b9a3890c882b6453b515d69885aa1d89a26ce21ec554895,"{""distance"":5,""physical_error_rate"":1e-06}","{""detection_events"":890,""detectors_checked"":284620800}"
   1634304,         0,         0,   119.6,decoder_by_matrix,3c866087b289edc25e9adea730044a15db18cabfd3ae2507fc844d5b4e03657a,"{""distance"":5,""physical_error_rate"":5e-06}","{""detection_events"":4930,""detectors_checked"":277831680}"
   1585152,         0,         0,   119.6,decoder_by_matrix,0421d486f8a041838688df650e87c0a19c3450ab7a7cc8b3dc589ebff86d1c74,"{""distance"":5,""physical_error_rate"":0.0001}","{""detection_events"":90720,""detectors_checked"":269475840}"
   1585152,         0,         0,   119.5,decoder_by_matrix,fa5edda0c1038186c8afbec49b0215a0b852396cdb50783a3f937fdf51d2afac,"{""distance"":5,""physical_error_rate"":1e-05}","{""detection_events"":8940,""detectors_checked"":269475840}"
   1560576,         0,         0,   119.7,decoder_by_matrix,9c6baee88fc81e7d1aa345fcb3feec7ee81f21c5d49cb6ca037118097d89e180,"{""distance"":5,""physical_error_rate"":5e-05}","{""detection_events"":45630,""detectors_checked"":265297920}"
   1527808,         0,         0,   119.6,decoder_by_matrix,b84cf4b8ca220d31f17e1e2ea9ab927bbc4176b15682c650e7d1dd8f2758172b,"{""distance"":5,""physical_error_rate"":0.0005}","{""detection_events"":442165,""detectors_checked"":259727360}"
   2582528,         0,         0,   119.6,decoder_by_matrix,3c866087b289edc25e9adea730044a15db18cabfd3ae2507fc844d5b4e03657a,"{""distance"":5,""physical_error_rate"":5e-06}","{""detection_events"":6960,""detectors_checked"":439029760}"
   7648256,         0,         0,   119.1,decoder_by_matrix,fa5edda0c1038186c8afbec49b0215a0b852396cdb50783a3f937fdf51d2afac,"{""distance"":5,""physical_error_rate"":1e-05}","{""detection_events"":43625,""detectors_checked"":1300203520}"
   1496064,         0,         0,   119.6,decoder_by_matrix,b84cf4b8ca220d31f17e1e2ea9ab927bbc4176b15682c650e7d1dd8f2758172b,"{""distance"":5,""physical_error_rate"":0.0005}","{""detection_events"":428445,""detectors_checked"":254330880}"
   1933312,         0,         0,   119.7,decoder_by_matrix,b84cf4b8ca220d31f17e1e2ea9ab927bbc4176b15682c650e7d1dd8f2758172b,"{""distance"":5,""physical_error_rate"":0.0005}","{""detection_events"":557490,""detectors_checked"":328663040}"
   1227060,         0,         0,    19.7,decoder_by_matrix,fa5edda0c1038186c8afbec49b0215a0b852396cdb50783a3f937fdf51d2afac,"{""distance"":5,""physical_error_rate"":1e-05}","{""detection_events"":7430,""detectors_checked"":208600200}"
   1491968,         0,         0,   119.5,decoder_by_matrix,9c6baee88fc81e7d1aa345fcb3feec7ee81f21c5d49cb6ca037118097d89e180,"{""distance"":5,""physical_error_rate"":5e-05}","{""detection_events"":41690,""detectors_checked"":253634560}"
   1588224,         2,         0,   119.6,decoder_by_matrix,b84cf4b8ca220d31f17e1e2ea9ab927bbc4176b15682c650e7d1dd8f2758172b,"{""distance"":5,""physical_error_rate"":0.0005}","{""detection_events"":456390,""detectors_checked"":269998080,""obs_mistake_mask=E___"":1,""obs_mistake_mask=___E"":1}"
   1602560,         0,         0,   119.5,decoder_by_matrix,0421d486f8a041838688df650e87c0a19c3450ab7a7cc8b3dc589ebff86d1c74,"{""distance"":5,""physical_error_rate"":0.0001}","{""detection_events"":91375,""detectors_checked"":272435200}"
   1614848,         0,         0,   119.5,decoder_by_matrix,9c6baee88fc81e7d1aa345fcb3feec7ee81f21c5d49cb6ca037118097d89e180,"{""distance"":5,""physical_error_rate"":5e-05}","{""detection_events"":45460,""detectors_checked"":274524160}"
   1611776,         0,         0,   119.6,decoder_by_matrix,3c866087b289edc25e9adea730044a15db18cabfd3ae2507fc844d5b4e03657a,"{""distance"":5,""physical_error_rate"":5e-06}","{""detection_events"":4540,""detectors_checked"":274001920}"
   1611776,         0,         0,   119.4,decoder_by_matrix,fa5edda0c1038186c8afbec49b0215a0b852396cdb50783a3f937fdf51d2afac,"{""distance"":5,""physical_error_rate"":1e-05}","{""detection_events"":9285,""detectors_checked"":274001920}"
   1646592,         0,         0,   119.6,decoder_by_matrix,e41ade2e4684e0396b9a3890c882b6453b515d69885aa1d89a26ce21ec554895,"{""distance"":5,""physical_error_rate"":1e-06}","{""detection_events"":850,""detectors_checked"":279920640}"
   1558528,         0,         0,   119.6,decoder_by_matrix,b84cf4b8ca220d31f17e1e2ea9ab927bbc4176b15682c650e7d1dd8f2758172b,"{""distance"":5,""physical_error_rate"":0.0005}","{""detection_events"":443705,""detectors_checked"":264949760}"
   1679360,         0,         0,   119.7,decoder_by_matrix,3c866087b289edc25e9adea730044a15db18cabfd3ae2507fc844d5b4e03657a,"{""distance"":5,""physical_error_rate"":5e-06}","{""detection_events"":4940,""detectors_checked"":285491200}"
   1651712,         0,         0,   119.6,decoder_by_matrix,fa5edda0c1038186c8afbec49b0215a0b852396cdb50783a3f937fdf51d2afac,"{""distance"":5,""physical_error_rate"":1e-05}","{""detection_events"":9050,""detectors_checked"":280791040}"
   1626112,         0,         0,   119.5,decoder_by_matrix,e41ade2e4684e0396b9a3890c882b6453b515d69885aa1d89a26ce21ec554895,"{""distance"":5,""physical_error_rate"":1e-06}","{""detection_events"":930,""detectors_checked"":276439040}"
   1603584,         0,         0,   119.5,decoder_by_matrix,0421d486f8a041838688df650e87c0a19c3450ab7a7cc8b3dc589ebff86d1c74,"{""distance"":5,""physical_error_rate"":0.0001}","{""detection_events"":91360,""detectors_checked"":272609280}"
   1579008,         0,         0,   119.5,decoder_by_matrix,9c6baee88fc81e7d1aa345fcb3feec7ee81f21c5d49cb6ca037118097d89e180,"{""distance"":5,""physical_error_rate"":5e-05}","{""detection_events"":45340,""detectors_checked"":268431360}"
   1575936,         0,         0,   119.5,decoder_by_matrix,0421d486f8a041838688df650e87c0a19c3450ab7a7cc8b3dc589ebff86d1c74,"{""distance"":5,""physical_error_rate"":0.0001}","{""detection_events"":90960,""detectors_checked"":267909120}"
   1579008,         0,         0,   119.6,decoder_by_matrix,fa5edda0c1038186c8afbec49b0215a0b852396cdb50783a3f937fdf51d2afac,"{""distance"":5,""physical_error_rate"":1e-05}","{""detection_events"":8995,""detectors_checked"":268431360}"
   1632256,         0,         0,   119.6,decoder_by_matrix,e41ade2e4684e0396b9a3890c882b6453b515d69885aa1d89a26ce21ec554895,"{""distance"":5,""physical_error_rate"":1e-06}","{""detection_events"":845,""detectors_checked"":277483520}"
   1550336,         0,         0,   119.6,decoder_by_matrix,0421d486f8a041838688df650e87c0a19c3450ab7a7cc8b3dc589ebff86d1c74,"{""distance"":5,""physical_error_rate"":0.0001}","{""detection_events"":87375,""detectors_checked"":263557120}"
   1539072,         0,         0,   119.6,decoder_by_matrix,e41ade2e4684e0396b9a3890c882b6453b515d69885aa1d89a26ce21ec554895,"{""distance"":5,""physical_error_rate"":1e-06}","{""detection_events"":740,""detectors_checked"":261642240}"
   1567744,         0,         0,   119.6,decoder_by_matrix,9c6baee88fc81e7d1aa345fcb3feec7ee81f21c5d49cb6ca037118097d89e180,"{""distance"":5,""physical_error_rate"":5e-05}","{""detection_events"":44805,""detectors_checked"":266516480}"
   1999872,         0,         0,   119.6,decoder_by_matrix,9c6baee88fc81e7d1aa345fcb3feec7ee81f21c5d49cb6ca037118097d89e180,"{""distance"":5,""physical_error_rate"":5e-05}","{""detection_events"":56495,""detectors_checked"":339978240}"
   1650688,         0,         0,   119.6,decoder_by_matrix,fa5edda0c1038186c8afbec49b0215a0b852396cdb50783a3f937fdf51d2afac,"{""distance"":5,""physical_error_rate"":1e-05}","{""detection_events"":9570,""detectors_checked"":280616960}"
   1666048,         0,         0,   119.6,decoder_by_matrix,e41ade2e4684e0396b9a3890c882b6453b515d69885aa1d89a26ce21ec554895,"{""distance"":5,""physical_error_rate"":1e-06}","{""detection_events"":970,""detectors_checked"":283228160}"
   1623040,         0,         0,   119.5,decoder_by_matrix,3c866087b289edc25e9adea730044a15db18cabfd3ae2507fc844d5b4e03657a,"{""distance"":5,""physical_error_rate"":5e-06}","{""detection_events"":4205,""detectors_checked"":275916800}"
   1669120,         0,         0,   119.7,decoder_by_matrix,3c866087b289edc25e9adea730044a15db18cabfd3ae2507fc844d5b4e03657a,"{""distance"":5,""physical_error_rate"":5e-06}","{""detection_events"":4585,""detectors_checked"":283750400}"
   1576960,         0,         0,   119.5,decoder_by_matrix,0421d486f8a041838688df650e87c0a19c3450ab7a7cc8b3dc589ebff86d1c74,"{""distance"":5,""physical_error_rate"":0.0001}","{""detection_events"":89120,""detectors_checked"":268083200}"
   1508352,         1,         0,   119.6,decoder_by_matrix,b84cf4b8ca220d31f17e1e2ea9ab927bbc4176b15682c650e7d1dd8f2758172b,"{""distance"":5,""physical_error_rate"":0.0005}","{""detection_events"":429155,""detectors_checked"":256419840,""obs_mistake_mask=___E"":1}"
   1596416,         0,         0,   119.5,decoder_by_matrix,b84cf4b8ca220d31f17e1e2ea9ab927bbc4176b15682c650e7d1dd8f2758172b,"{""distance"":5,""physical_error_rate"":0.0005}","{""detection_events"":452215,""detectors_checked"":271390720}"
   1678336,         0,         0,   119.5,decoder_by_matrix,fa5edda0c1038186c8afbec49b0215a0b852396cdb50783a3f937fdf51d2afac,"{""distance"":5,""physical_error_rate"":1e-05}","{""detection_events"":9090,""detectors_checked"":285317120}"
   1571840,         0,         0,   119.6,decoder_by_matrix,3c866087b289edc25e9adea730044a15db18cabfd3ae2507fc844d5b4e03657a,"{""distance"":5,""physical_error_rate"":5e-06}","{""detection_events"":4525,""detectors_checked"":267212800}"
   1557504,         0,         0,   119.6,decoder_by_matrix,9c6baee88fc81e7d1aa345fcb3feec7ee81f21c5d49cb6ca037118097d89e180,"{""distance"":5,""physical_error_rate"":5e-05}","{""detection_events"":44805,""detectors_checked"":264775680}"
   1879040,         0,         0,   119.6,decoder_by_matrix,0421d486f8a041838688df650e87c0a19c3450ab7a7cc8b3dc589ebff86d1c74,"{""distance"":5,""physical_error_rate"":0.0001}","{""detection_events"":106550,""detectors_checked"":319436800}"
   1639424,         0,         0,   119.5,decoder_by_matrix,3c866087b289edc25e9adea730044a15db18cabfd3ae2507fc844d5b4e03657a,"{""distance"":5,""physical_error_rate"":5e-06}","{""detection_events"":4735,""detectors_checked"":278702080}"
   1572864,         1,         0,   119.6,decoder_by_matrix,b84cf4b8ca220d31f17e1e2ea9ab927bbc4176b15682c650e7d1dd8f2758172b,"{""distance"":5,""physical_error_rate"":0.0005}","{""detection_events"":448870,""detectors_checked"":267386880,""obs_mistake_mask=__E_"":1}"
   1662976,         0,         0,   119.5,decoder_by_matrix,e41ade2e4684e0396b9a3890c882b6453b515d69885aa1d89a26ce21ec554895,"{""distance"":5,""physical_error_rate"":1e-06}","{""detection_events"":1270,""detectors_checked"":282705920}"
   1607680,         0,         0,   119.6,decoder_by_matrix,9c6baee88fc81e7d1aa345fcb3feec7ee81f21c5d49cb6ca037118097d89e180,"{""distance"":5,""physical_error_rate"":5e-05}","{""detection_events"":47770,""detectors_checked"":273305600}"
   1590272,         0,         0,   119.5,decoder_by_matrix,0421d486f8a041838688df650e87c0a19c3450ab7a7cc8b3dc589ebff86d1c74,"{""distance"":5,""physical_error_rate"":0.0001}","{""detection_events"":91555,""detectors_checked"":270346240}"
   2254848,         0,         0,   119.6,decoder_by_matrix,fa5edda0c1038186c8afbec49b0215a0b852396cdb50783a3f937fdf51d2afac,"{""distance"":5,""physical_error_rate"":1e-05}","{""detection_events"":12530,""detectors_checked"":383324160}"
   2472960,         0,         0,   119.6,decoder_by_matrix,e41ade2e4684e0396b9a3890c882b6453b515d69885aa1d89a26ce21ec554895,"{""distance"":5,""physical_error_rate"":1e-06}","{""detection_events"":1370,""detectors_checked"":420403200}"
   1652736,         0,         0,   119.6,decoder_by_matrix,e41ade2e4684e0396b9a3890c882b6453b515d69885aa1d89a26ce21ec554895,"{""distance"":5,""physical_error_rate"":1e-06}","{""detection_events"":870,""detectors_checked"":280965120}"
   1704960,         0,         0,   119.6,decoder_by_matrix,3c866087b289edc25e9adea730044a15db18cabfd3ae2507fc844d5b4e03657a,"{""distance"":5,""physical_error_rate"":5e-06}","{""detection_events"":5100,""detectors_checked"":289843200}"
   1539072,         0,         0,   119.6,decoder_by_matrix,0421d486f8a041838688df650e87c0a19c3450ab7a7cc8b3dc589ebff86d1c74,"{""distance"":5,""physical_error_rate"":0.0001}","{""detection_events"":87825,""detectors_checked"":261642240}"
   1515520,         0,         0,   119.6,decoder_by_matrix,fa5edda0c1038186c8afbec49b0215a0b852396cdb50783a3f937fdf51d2afac,"{""distance"":5,""physical_error_rate"":1e-05}","{""detection_events"":8020,""detectors_checked"":257638400}"
   1540096,         0,         0,   119.6,decoder_by_matrix,9c6baee88fc81e7d1aa345fcb3feec7ee81f21c5d49cb6ca037118097d89e180,"{""distance"":5,""physical_error_rate"":5e-05}","{""detection_events"":43395,""detectors_checked"":261816320}"
   1516544,         0,         0,   119.6,decoder_by_matrix,b84cf4b8ca220d31f17e1e2ea9ab927bbc4176b15682c650e7d1dd8f2758172b,"{""distance"":5,""physical_error_rate"":0.0005}","{""detection_events"":428695,""detectors_checked"":257812480}"
   2460672,         0,         0,   119.6,decoder_by_matrix,3c866087b289edc25e9adea730044a15db18cabfd3ae2507fc844d5b4e03657a,"{""distance"":5,""physical_error_rate"":5e-06}","{""detection_events"":7220,""detectors_checked"":418314240}"
   6275213,         0,         0,   100.9,decoder_by_matrix,fa5edda0c1038186c8afbec49b0215a0b852396cdb50783a3f937fdf51d2afac,"{""distance"":5,""physical_error_rate"":1e-05}","{""detection_events"":35620,""detectors_checked"":1066786210}"
   1537024,         2,         0,   119.6,decoder_by_matrix,b84cf4b8ca220d31f17e1e2ea9ab927bbc4176b15682c650e7d1dd8f2758172b,"{""distance"":5,""physical_error_rate"":0.0005}","{""detection_events"":439650,""detectors_checked"":261294080,""obs_mistake_mask=_EE_"":1,""obs_mistake_mask=_E__"":1}"
   1879040,         0,         0,   119.6,decoder_by_matrix,b84cf4b8ca220d31f17e1e2ea9ab927bbc4176b15682c650e7d1dd8f2758172b,"{""distance"":5,""physical_error_rate"":0.0005}","{""detection_events"":527460,""detectors_checked"":319436800}"
   1521664,         0,         0,   119.6,decoder_by_matrix,9c6baee88fc81e7d1aa345fcb3feec7ee81f21c5d49cb6ca037118097d89e180,"{""distance"":5,""physical_error_rate"":5e-05}","{""detection_events"":41950,""detectors_checked"":258682880}"
   1557504,         0,         0,   119.5,decoder_by_matrix,b84cf4b8ca220d31f17e1e2ea9ab927bbc4176b15682c650e7d1dd8f2758172b,"{""distance"":5,""physical_error_rate"":0.0005}","{""detection_events"":446180,""detectors_checked"":264775680}"
   1603584,         0,         0,   119.7,decoder_by_matrix,0421d486f8a041838688df650e87c0a19c3450ab7a7cc8b3dc589ebff86d1c74,"{""distance"":5,""physical_error_rate"":0.0001}","{""detection_events"":92385,""detectors_checked"":272609280}"
   1587200,         0,         0,   119.6,decoder_by_matrix,9c6baee88fc81e7d1aa345fcb3feec7ee81f21c5d49cb6ca037118097d89e180,"{""distance"":5,""physical_error_rate"":5e-05}","{""detection_events"":44280,""detectors_checked"":269824000}"
   1607680,         0,         0,   119.6,decoder_by_matrix,3c866087b289edc25e9adea730044a15db18cabfd3ae2507fc844d5b4e03657a,"{""distance"":5,""physical_error_rate"":5e-06}","{""detection_events"":4700,""detectors_checked"":273305600}"
   1612800,         0,         0,   119.5,decoder_by_matrix,fa5edda0c1038186c8afbec49b0215a0b852396cdb50783a3f937fdf51d2afac,"{""distance"":5,""physical_error_rate"":1e-05}","{""detection_events"":9050,""detectors_checked"":274176000}"
   1677312,         0,         0,   119.6,decoder_by_matrix,e41ade2e4684e0396b9a3890c882b6453b515d69885aa1d89a26ce21ec554895,"{""distance"":5,""physical_error_rate"":1e-06}","{""detection_events"":1095,""detectors_checked"":285143040}"
   1598464,         0,         0,   119.6,decoder_by_matrix,b84cf4b8ca220d31f17e1e2ea9ab927bbc4176b15682c650e7d1dd8f2758172b,"{""distance"":5,""physical_error_rate"":0.0005}","{""detection_events"":452670,""detectors_checked"":271738880}"
   1664000,         0,         0,   119.5,decoder_by_matrix,3c866087b289edc25e9adea730044a15db18cabfd3ae2507fc844d5b4e03657a,"{""distance"":5,""physical_error_rate"":5e-06}","{""detection_events"":4725,""detectors_checked"":282880000}"
   1666048,         0,         0,   119.6,decoder_by_matrix,fa5edda0c1038186c8afbec49b0215a0b852396cdb50783a3f937fdf51d2afac,"{""distance"":5,""physical_error_rate"":1e-05}","{""detection_events"":9605,""detectors_checked"":283228160}"
   1616896,         0,         0,   119.6,decoder_by_matrix,e41ade2e4684e0396b9a3890c882b6453b515d69885aa1d89a26ce21ec554895,"{""distance"":5,""physical_error_rate"":1e-06}","{""detection_events"":995,""detectors_checked"":274872320}"
   1498112,         0,         0,   119.5,decoder_by_matrix,0421d486f8a041838688df650e87c0a19c3450ab7a7cc8b3dc589ebff86d1c74,"{""distance"":5,""physical_error_rate"":0.0001}","{""detection_events"":84115,""detectors_checked"":254679040}"
   1577984,         0,         0,   119.6,decoder_by_matrix,9c6baee88fc81e7d1aa345fcb3feec7ee81f21c5d49cb6ca037118097d89e180,"{""distance"":5,""physical_error_rate"":5e-05}","{""detection_events"":44780,""detectors_checked"":268257280}"
   1623040,         0,         0,   119.8,decoder_by_matrix,0421d486f8a041838688df650e87c0a19c3450ab7a7cc8b3dc589ebff86d1c74,"{""distance"":5,""physical_error_rate"":0.0001}","{""detection_events"":95690,""detectors_checked"":275916800}"
   1540096,         0,         0,   119.6,decoder_by_matrix,fa5edda0c1038186c8afbec49b0215a0b852396cdb50783a3f937fdf51d2afac,"{""distance"":5,""physical_error_rate"":1e-05}","{""detection_events"":7955,""detectors_checked"":261816320}"
   1579008,         0,         0,   119.6,decoder_by_matrix,e41ade2e4684e0396b9a3890c882b6453b515d69885aa1d89a26ce21ec554895,"{""distance"":5,""physical_error_rate"":1e-06}","{""detection_events"":1045,""detectors_checked"":268431360}"
   1143178,         0,         0,    52.8,decoder_by_matrix,3c866087b289edc25e9adea730044a15db18cabfd3ae2507fc844d5b4e03657a,"{""distance"":5,""physical_error_rate"":5e-06}","{""detection_events"":3510,""detectors_checked"":194340260}"
   1525760,         0,         0,   119.6,decoder_by_matrix,0421d486f8a041838688df650e87c0a19c3450ab7a7cc8b3dc589ebff86d1c74,"{""distance"":5,""physical_error_rate"":0.0001}","{""detection_events"":82635,""detectors_checked"":259379200}"
   1623040,         0,         0,   119.7,decoder_by_matrix,e41ade2e4684e0396b9a3890c882b6453b515d69885aa1d89a26ce21ec554895,"{""distance"":5,""physical_error_rate"":1e-06}","{""detection_events"":905,""detectors_checked"":275916800}"
   1511424,         0,         0,   119.5,decoder_by_matrix,9c6baee88fc81e7d1aa345fcb3feec7ee81f21c5d49cb6ca037118097d89e180,"{""distance"":5,""physical_error_rate"":5e-05}","{""detection_events"":44745,""detectors_checked"":256942080}"
   2183168,         0,         0,   119.7,decoder_by_matrix,9c6baee88fc81e7d1aa345fcb3feec7ee81f21c5d49cb6ca037118097d89e180,"{""distance"":5,""physical_error_rate"":5e-05}","{""detection_events"":61665,""detectors_checked"":371138560}"
   1568768,         0,         0,   119.6,decoder_by_matrix,fa5edda0c1038186c8afbec49b0215a0b852396cdb50783a3f937fdf51d2afac,"{""distance"":5,""physical_error_rate"":1e-05}","{""detection_events"":8950,""detectors_checked"":266690560}"
   1627136,         0,         0,   119.6,decoder_by_matrix,e41ade2e4684e0396b9a3890c882b6453b515d69885aa1d89a26ce21ec554895,"{""distance"":5,""physical_error_rate"":1e-06}","{""detection_events"":860,""detectors_checked"":276613120}"
   1521664,         0,         0,   119.5,decoder_by_matrix,0421d486f8a041838688df650e87c0a19c3450ab7a7cc8b3dc589ebff86d1c74,"{""distance"":5,""physical_error_rate"":0.0001}","{""detection_events"":90525,""detectors_checked"":258682880}"
   1563648,         0,         0,   119.6,decoder_by_matrix,3c866087b289edc25e9adea730044a15db18cabfd3ae2507fc844d5b4e03657a,"{""distance"":5,""physical_error_rate"":5e-06}","{""detection_events"":4920,""detectors_checked"":265820160}"
   1672192,         0,         0,   119.7,decoder_by_matrix,3c866087b289edc25e9adea730044a15db18cabfd3ae2507fc844d5b4e03657a,"{""distance"":5,""physical_error_rate"":5e-06}","{""detection_events"":4865,""detectors_checked"":284272640}"
   1554432,         0,         0,   119.7,decoder_by_matrix,b84cf4b8ca220d31f17e1e2ea9ab927bbc4176b15682c650e7d1dd8f2758172b,"{""distance"":5,""physical_error_rate"":0.0005}","{""detection_events"":440655,""detectors_checked"":264253440}"
   1548288,         0,         0,   119.6,decoder_by_matrix,b84cf4b8ca220d31f17e1e2ea9ab927bbc4176b15682c650e7d1dd8f2758172b,"{""distance"":5,""physical_error_rate"":0.0005}","{""detection_events"":436470,""detectors_checked"":263208960}"
   1597440,         0,         0,   119.6,decoder_by_matrix,fa5edda0c1038186c8afbec49b0215a0b852396cdb50783a3f937fdf51d2afac,"{""distance"":5,""physical_error_rate"":1e-05}","{""detection_events"":8645,""detectors_checked"":271564800}"
   1539072,         0,         0,   119.6,decoder_by_matrix,3c866087b289edc25e9adea730044a15db18cabfd3ae2507fc844d5b4e03657a,"{""distance"":5,""physical_error_rate"":5e-06}","{""detection_events"":4670,""detectors_checked"":261642240}"
   1571840,         0,         0,   119.4,decoder_by_matrix,9c6baee88fc81e7d1aa345fcb3feec7ee81f21c5d49cb6ca037118097d89e180,"{""distance"":5,""physical_error_rate"":5e-05}","{""detection_events"":45135,""detectors_checked"":267212800}"
   1897313,         0,         0,    89.9,decoder_by_matrix,e41ade2e4684e0396b9a3890c882b6453b515d69885aa1d89a26ce21ec554895,"{""distance"":5,""physical_error_rate"":1e-06}","{""detection_events"":1175,""detectors_checked"":322543210}"
   3998071,         0,         0,    61.8,decoder_by_matrix,fa5edda0c1038186c8afbec49b0215a0b852396cdb50783a3f937fdf51d2afac,"{""distance"":5,""physical_error_rate"":1e-05}","{""detection_events"":23010,""detectors_checked"":679672070}"
   2084864,         0,         0,   119.7,decoder_by_matrix,0421d486f8a041838688df650e87c0a19c3450ab7a7cc8b3dc589ebff86d1c74,"{""distance"":5,""physical_error_rate"":0.0001}","{""detection_events"":118485,""detectors_checked"":354426880}"
   1616896,         0,         0,   119.7,decoder_by_matrix,3c866087b289edc25e9adea730044a15db18cabfd3ae2507fc844d5b4e03657a,"{""distance"":5,""physical_error_rate"":5e-06}","{""detection_events"":4745,""detectors_checked"":274872320}"
   1570816,         1,         0,   119.6,decoder_by_matrix,b84cf4b8ca220d31f17e1e2ea9ab927bbc4176b15682c650e7d1dd8f2758172b,"{""distance"":5,""physical_error_rate"":0.0005}","{""detection_events"":449710,""detectors_checked"":267038720,""obs_mistake_mask=_EEE"":1}"
   1622016,         0,         0,   119.5,decoder_by_matrix,e41ade2e4684e0396b9a3890c882b6453b515d69885aa1d89a26ce21ec554895,"{""distance"":5,""physical_error_rate"":1e-06}","{""detection_events"":735,""detectors_checked"":275742720}"
   1556480,         0,         0,   119.6,decoder_by_matrix,9c6baee88fc81e7d1aa345fcb3feec7ee81f21c5d49cb6ca037118097d89e180,"{""distance"":5,""physical_error_rate"":5e-05}","{""detection_events"":43305,""detectors_checked"":264601600}"
   1557504,         0,         0,   119.7,decoder_by_matrix,0421d486f8a041838688df650e87c0a19c3450ab7a7cc8b3dc589ebff86d1c74,"{""distance"":5,""physical_error_rate"":0.0001}","{""detection_events"":88400,""detectors_checked"":264775680}"
   2412544,         0,         0,   119.6,decoder_by_matrix,fa5edda0c1038186c8afbec49b0215a0b852396cdb50783a3f937fdf51d2afac,"{""distance"":5,""physical_error_rate"":1e-05}","{""detection_events"":15065,""detectors_checked"":410132480}"
   1600512,         0,         0,   119.7,decoder_by_matrix,e41ade2e4684e0396b9a3890c882b6453b515d69885aa1d89a26ce21ec554895,"{""distance"":5,""physical_error_rate"":1e-06}","{""detection_events"":1265,""detectors_checked"":272087040}"
   1591296,         0,         0,   119.5,decoder_by_matrix,3c866087b289edc25e9adea730044a15db18cabfd3ae2507fc844d5b4e03657a,"{""distance"":5,""physical_error_rate"":5e-06}","{""detection_events"":4460,""detectors_checked"":270520320}"
   1498112,         0,         0,   119.5,decoder_by_matrix,0421d486f8a041838688df650e87c0a19c3450ab7a7cc8b3dc589ebff86d1c74,"{""distance"":5,""physical_error_rate"":0.0001}","{""detection_events"":84560,""detectors_checked"":254679040}"
   1548288,         0,         0,   119.5,decoder_by_matrix,fa5edda0c1038186c8afbec49b0215a0b852396cdb50783a3f937fdf51d2afac,"{""distance"":5,""physical_error_rate"":1e-05}","{""detection_events"":8610,""detectors_checked"":263208960}"
   1541120,         0,         0,   119.5,decoder_by_matrix,9c6baee88fc81e7d1aa345fcb3feec7ee81f21c5d49cb6ca037118097d89e180,"{""distance"":5,""physical_error_rate"":5e-05}","{""detection_events"":43815,""detectors_checked"":261990400}"
   1551360,         0,         0,   119.6,decoder_by_matrix,b84cf4b8ca220d31f17e1e2ea9ab927bbc4176b15682c650e7d1dd8f2758172b,"{""distance"":5,""physical_error_rate"":0.0005}","{""detection_events"":436840,""detectors_checked"":263731200}"
   2500173,         0,         0,    31.4,decoder_by_matrix,fa5edda0c1038186c8afbec49b0215a0b852396cdb50783a3f937fdf51d2afac,"{""distance"":5,""physical_error_rate"":1e-05}","{""detection_events"":15225,""detectors_checked"":425029410}"
   1692546,         0,         0,    25.2,decoder_by_matrix,fa5edda0c1038186c8afbec49b0215a0b852396cdb50783a3f937fdf51d2afac,"{""distance"":5,""physical_error_rate"":1e-05}","{""detection_events"":9005,""detectors_checked"":287732820}"
   1596416,         2,         0,   119.6,decoder_by_matrix,b84cf4b8ca220d31f17e1e2ea9ab927bbc4176b15682c650e7d1dd8f2758172b,"{""distance"":5,""physical_error_rate"":0.0005}","{""detection_events"":449735,""detectors_checked"":271390720,""obs_mistake_mask=E___"":1,""obs_mistake_mask=__E_"":1}"
   1480979,         0,         0,   106.6,decoder_by_matrix,fa5edda0c1038186c8afbec49b0215a0b852396cdb50783a3f937fdf51d2afac,"{""distance"":5,""physical_error_rate"":1e-05}","{""detection_events"":7900,""detectors_checked"":251766430}"
   1335296,         0,         0,   105.0,decoder_by_matrix,fa5edda0c1038186c8afbec49b0215a0b852396cdb50783a3f937fdf51d2afac,"{""distance"":5,""physical_error_rate"":1e-05}","{""detection_events"":8160,""detectors_checked"":227000320}"
   1480979,         0,         0,   107.1,decoder_by_matrix,fa5edda0c1038186c8afbec49b0215a0b852396cdb50783a3f937fdf51d2afac,"{""distance"":5,""physical_error_rate"":1e-05}","{""detection_events"":9575,""detectors_checked"":251766430}"
   1168384,         0,         0,    88.5,decoder_by_matrix,fa5edda0c1038186c8afbec49b0215a0b852396cdb50783a3f937fdf51d2afac,"{""distance"":5,""physical_error_rate"":1e-05}","{""detection_events"":6770,""detectors_checked"":198625280}"
    943822,         0,         0,    12.2,decoder_by_matrix,fa5edda0c1038186c8afbec49b0215a0b852396cdb50783a3f937fdf51d2afac,"{""distance"":5,""physical_error_rate"":1e-05}","{""detection_events"":5230,""detectors_checked"":160449740}"
   1289216,         0,         0,    92.3,decoder_by_matrix,fa5edda0c1038186c8afbec49b0215a0b852396cdb50783a3f937fdf51d2afac,"{""distance"":5,""physical_error_rate"":1e-05}","{""detection_events"":7655,""detectors_checked"":219166720}"
      6641,         0,         0,   0.501,decoder_by_matrix,fa5edda0c1038186c8afbec49b0215a0b852396cdb50783a3f937fdf51d2afac,"{""distance"":5,""physical_error_rate"":1e-05}","{""detection_events"":30,""detectors_checked"":1128970}"
    679797,         0,         0,    42.0,decoder_by_matrix,fa5edda0c1038186c8afbec49b0215a0b852396cdb50783a3f937fdf51d2afac,"{""distance"":5,""physical_error_rate"":1e-05}","{""detection_events"":3770,""detectors_checked"":115565490}"
    517814,         0,         0,    40.0,decoder_by_matrix,fa5edda0c1038186c8afbec49b0215a0b852396cdb50783a3f937fdf51d2afac,"{""distance"":5,""physical_error_rate"":1e-05}","{""detection_events"":2615,""detectors_checked"":88028380}"
   1786880,         0,         0,   119.6,decoder_by_matrix,b84cf4b8ca220d31f17e1e2ea9ab927bbc4176b15682c650e7d1dd8f2758172b,"{""distance"":5,""physical_error_rate"":0.0005}","{""detection_events"":508850,""detectors_checked"":303769600}"
    368113,         0,         0,    4.67,decoder_by_matrix,fa5edda0c1038186c8afbec49b0215a0b852396cdb50783a3f937fdf51d2afac,"{""distance"":5,""physical_error_rate"":1e-05}","{""detection_events"":1875,""detectors_checked"":62579210}"
   1548288,         0,         0,   119.6,decoder_by_matrix,9c6baee88fc81e7d1aa345fcb3feec7ee81f21c5d49cb6ca037118097d89e180,"{""distance"":5,""physical_error_rate"":5e-05}","{""detection_events"":43260,""detectors_checked"":263208960}"
    322095,         0,         0,    3.66,decoder_by_matrix,fa5edda0c1038186c8afbec49b0215a0b852396cdb50783a3f937fdf51d2afac,"{""distance"":5,""physical_error_rate"":1e-05}","{""detection_events"":2280,""detectors_checked"":54756150}"
   1590272,         0,         0,   119.6,decoder_by_matrix,b84cf4b8ca220d31f17e1e2ea9ab927bbc4176b15682c650e7d1dd8f2758172b,"{""distance"":5,""physical_error_rate"":0.0005}","{""detection_events"":453280,""detectors_checked"":270346240}"
   1624064,         0,         0,   119.6,decoder_by_matrix,0421d486f8a041838688df650e87c0a19c3450ab7a7cc8b3dc589ebff86d1c74,"{""distance"":5,""physical_error_rate"":0.0001}","{""detection_events"":94420,""detectors_checked"":276090880}"
   1624064,         0,         0,   119.6,decoder_by_matrix,9c6baee88fc81e7d1aa345fcb3feec7ee81f21c5d49cb6ca037118097d89e180,"{""distance"":5,""physical_error_rate"":5e-05}","{""detection_events"":46905,""detectors_checked"":276090880}"
   1635328,         0,         0,   119.7,decoder_by_matrix,3c866087b289edc25e9adea730044a15db18cabfd3ae2507fc844d5b4e03657a,"{""distance"":5,""physical_error_rate"":5e-06}","{""detection_events"":4430,""detectors_checked"":278005760}"
   1623040,         0,         0,   119.7,decoder_by_matrix,e41ade2e4684e0396b9a3890c882b6453b515d69885aa1d89a26ce21ec554895,"{""distance"":5,""physical_error_rate"":1e-06}","{""detection_events"":1025,""detectors_checked"":275916800}"
   1576960,         1,         0,   119.6,decoder_by_matrix,b84cf4b8ca220d31f17e1e2ea9ab927bbc4176b15682c650e7d1dd8f2758172b,"{""distance"":5,""physical_error_rate"":0.0005}","{""detection_events"":448060,""detectors_checked"":268083200,""obs_mistake_mask=E_E_"":1}"
   1673216,         0,         0,   119.8,decoder_by_matrix,3c866087b289edc25e9adea730044a15db18cabfd3ae2507fc844d5b4e03657a,"{""distance"":5,""physical_error_rate"":5e-06}","{""detection_events"":5100,""detectors_checked"":284446720}"
   1657856,         0,         0,   119.6,decoder_by_matrix,e41ade2e4684e0396b9a3890c882b6453b515d69885aa1d89a26ce21ec554895,"{""distance"":5,""physical_error_rate"":1e-06}","{""detection_events"":1070,""detectors_checked"":281835520}"
   1575936,         0,         0,   119.7,decoder_by_matrix,0421d486f8a041838688df650e87c0a19c3450ab7a7cc8b3dc589ebff86d1c74,"{""distance"":5,""physical_error_rate"":0.0001}","{""detection_events"":89910,""detectors_checked"":267909120}"
   1610752,         0,         0,   119.6,decoder_by_matrix,9c6baee88fc81e7d1aa345fcb3feec7ee81f21c5d49cb6ca037118097d89e180,"{""distance"":5,""physical_error_rate"":5e-05}","{""detection_events"":45980,""detectors_checked"":273827840}"
   1628160,         0,         0,   119.6,decoder_by_matrix,0421d486f8a041838688df650e87c0a19c3450ab7a7cc8b3dc589ebff86d1c74,"{""distance"":5,""physical_error_rate"":0.0001}","{""detection_events"":90340,""detectors_checked"":276787200}"
    281834,         0,         0,    7.24,decoder_by_matrix,fa5edda0c1038186c8afbec49b0215a0b852396cdb50783a3f937fdf51d2afac,"{""distance"":5,""physical_error_rate"":1e-05}","{""detection_events"":1505,""detectors_checked"":47911780}"
    279552,         0,         0,    15.0,decoder_by_matrix,fa5edda0c1038186c8afbec49b0215a0b852396cdb50783a3f937fdf51d2afac,"{""distance"":5,""physical_error_rate"":1e-05}","{""detection_events"":2110,""detectors_checked"":47523840}"
    246608,         0,         0,    17.9,decoder_by_matrix,fa5edda0c1038186c8afbec49b0215a0b852396cdb50783a3f937fdf51d2afac,"{""distance"":5,""physical_error_rate"":1e-05}","{""detection_events"":1555,""detectors_checked"":41923360}"
    234496,         0,         0,    17.9,decoder_by_matrix,fa5edda0c1038186c8afbec49b0215a0b852396cdb50783a3f937fdf51d2afac,"{""distance"":5,""physical_error_rate"":1e-05}","{""detection_events"":1460,""detectors_checked"":39864320}"
    224256,         0,         0,    15.9,decoder_by_matrix,fa5edda0c1038186c8afbec49b0215a0b852396cdb50783a3f937fdf51d2afac,"{""distance"":5,""physical_error_rate"":1e-05}","{""detection_events"":1095,""detectors_checked"":38123520}"
    236544,         0,         0,    17.9,decoder_by_matrix,fa5edda0c1038186c8afbec49b0215a0b852396cdb50783a3f937fdf51d2afac,"{""distance"":5,""physical_error_rate"":1e-05}","{""detection_events"":1545,""detectors_checked"":40212480}"
    192512,         0,         0,    15.7,decoder_by_matrix,fa5edda0c1038186c8afbec49b0215a0b852396cdb50783a3f937fdf51d2afac,"{""distance"":5,""physical_error_rate"":1e-05}","{""detection_events"":765,""detectors_checked"":32727040}"
    238592,         0,         0,    18.0,decoder_by_matrix,fa5edda0c1038186c8afbec49b0215a0b852396cdb50783a3f937fdf51d2afac,"{""distance"":5,""physical_error_rate"":1e-05}","{""detection_events"":1480,""detectors_checked"":40560640}"
      8016,         0,         0,   0.727,decoder_by_matrix,fa5edda0c1038186c8afbec49b0215a0b852396cdb50783a3f937fdf51d2afac,"{""distance"":5,""physical_error_rate"":1e-05}","{""detection_events"":20,""detectors_checked"":1362720}"
     10064,         0,         0,   0.771,decoder_by_matrix,fa5edda0c1038186c8afbec49b0215a0b852396cdb50783a3f937fdf51d2afac,"{""distance"":5,""physical_error_rate"":1e-05}","{""detection_events"":30,""detectors_checked"":1710880}"
     55296,         0,         0,    1.70,decoder_by_matrix,fa5edda0c1038186c8afbec49b0215a0b852396cdb50783a3f937fdf51d2afac,"{""distance"":5,""physical_error_rate"":1e-05}","{""detection_events"":480,""detectors_checked"":9400320}"
     30866,         0,         0,   0.491,decoder_by_matrix,fa5edda0c1038186c8afbec49b0215a0b852396cdb50783a3f937fdf51d2afac,"{""distance"":5,""physical_error_rate"":1e-05}","{""detection_events"":235,""detectors_checked"":5247220}"
     29696,         0,         0,    2.26,decoder_by_matrix,fa5edda0c1038186c8afbec49b0215a0b852396cdb50783a3f937fdf51d2afac,"{""distance"":5,""physical_error_rate"":1e-05}","{""detection_events"":135,""detectors_checked"":5048320}"
     18486,         0,         0,   0.208,decoder_by_matrix,fa5edda0c1038186c8afbec49b0215a0b852396cdb50783a3f937fdf51d2afac,"{""distance"":5,""physical_error_rate"":1e-05}","{""detection_events"":90,""detectors_checked"":3142620}"
     22352,         0,         0,    1.57,decoder_by_matrix,fa5edda0c1038186c8afbec49b0215a0b852396cdb50783a3f937fdf51d2afac,"{""distance"":5,""physical_error_rate"":1e-05}","{""detection_events"":40,""detectors_checked"":3799840}"
     22528,         0,         0,    1.62,decoder_by_matrix,fa5edda0c1038186c8afbec49b0215a0b852396cdb50783a3f937fdf51d2afac,"{""distance"":5,""physical_error_rate"":1e-05}","{""detection_events"":125,""detectors_checked"":3829760}"
     20985,         0,         0,    1.62,decoder_by_matrix,fa5edda0c1038186c8afbec49b0215a0b852396cdb50783a3f937fdf51d2afac,"{""distance"":5,""physical_error_rate"":1e-05}","{""detection_events"":140,""detectors_checked"":3567450}"
     20985,         0,         0,    1.66,decoder_by_matrix,fa5edda0c1038186c8afbec49b0215a0b852396cdb50783a3f937fdf51d2afac,"{""distance"":5,""physical_error_rate"":1e-05}","{""detection_events"":125,""detectors_checked"":3567450}"
       467,         0,         0,   0.061,decoder_by_matrix,fa5edda0c1038186c8afbec49b0215a0b852396cdb50783a3f937fdf51d2afac,"{""distance"":5,""physical_error_rate"":1e-05}","{""detectors_checked"":79390}"
     10129,         0,         0,   0.117,decoder_by_matrix,fa5edda0c1038186c8afbec49b0215a0b852396cdb50783a3f937fdf51d2afac,"{""distance"":5,""physical_error_rate"":1e-05}","{""detection_events"":75,""detectors_checked"":1721930}"
     12752,         0,         0,   0.960,decoder_by_matrix,fa5edda0c1038186c8afbec49b0215a0b852396cdb50783a3f937fdf51d2afac,"{""distance"":5,""physical_error_rate"":1e-05}","{""detection_events"":165,""detectors_checked"":2167840}"
     12752,         0,         0,   0.975,decoder_by_matrix,fa5edda0c1038186c8afbec49b0215a0b852396cdb50783a3f937fdf51d2afac,"{""distance"":5,""physical_error_rate"":1e-05}","{""detection_events"":85,""detectors_checked"":2167840}"
      6144,         0,         0,   0.103,decoder_by_matrix,fa5edda0c1038186c8afbec49b0215a0b852396cdb50783a3f937fdf51d2afac,"{""distance"":5,""physical_error_rate"":1e-05}","{""detection_events"":45,""detectors_checked"":1044480}"
      1621,         0,         0,   0.023,decoder_by_matrix,fa5edda0c1038186c8afbec49b0215a0b852396cdb50783a3f937fdf51d2afac,"{""distance"":5,""physical_error_rate"":1e-05}","{""detectors_checked"":275570}"
      7168,         0,         0,   0.475,decoder_by_matrix,fa5edda0c1038186c8afbec49b0215a0b852396cdb50783a3f937fdf51d2afac,"{""distance"":5,""physical_error_rate"":1e-05}","{""detection_events"":40,""detectors_checked"":1218560}"
       816,         0,         0,   0.011,decoder_by_matrix,fa5edda0c1038186c8afbec49b0215a0b852396cdb50783a3f937fdf51d2afac,"{""distance"":5,""physical_error_rate"":1e-05}","{""detectors_checked"":138720}"
       971,         0,         0,   0.012,decoder_by_matrix,fa5edda0c1038186c8afbec49b0215a0b852396cdb50783a3f937fdf51d2afac,"{""distance"":5,""physical_error_rate"":1e-05}","{""detectors_checked"":165070}"
       971,         0,         0,   0.012,decoder_by_matrix,fa5edda0c1038186c8afbec49b0215a0b852396cdb50783a3f937fdf51d2afac,"{""distance"":5,""physical_error_rate"":1e-05}","{""detectors_checked"":165070}"
      1888,         0,         0,   0.141,decoder_by_matrix,fa5edda0c1038186c8afbec49b0215a0b852396cdb50783a3f937fdf51d2afac,"{""distance"":5,""physical_error_rate"":1e-05}","{""detectors_checked"":320960}"
      4096,         0,         0,   0.296,decoder_by_matrix,fa5edda0c1038186c8afbec49b0215a0b852396cdb50783a3f937fdf51d2afac,"{""distance"":5,""physical_error_rate"":1e-05}","{""detection_events"":20,""detectors_checked"":696320}"
      4096,         0,         0,   0.280,decoder_by_matrix,fa5edda0c1038186c8afbec49b0215a0b852396cdb50783a3f937fdf51d2afac,"{""distance"":5,""physical_error_rate"":1e-05}","{""detection_events"":35,""detectors_checked"":696320}"
      4096,         0,         0,   0.266,decoder_by_matrix,fa5edda0c1038186c8afbec49b0215a0b852396cdb50783a3f937fdf51d2afac,"{""distance"":5,""physical_error_rate"":1e-05}","{""detection_events"":75,""detectors_checked"":696320}"
      4645,         0,         0,   0.338,decoder_by_matrix,fa5edda0c1038186c8afbec49b0215a0b852396cdb50783a3f937fdf51d2afac,"{""distance"":5,""physical_error_rate"":1e-05}","{""detection_events"":45,""detectors_checked"":789650}"
      2048,         0,         0,   0.105,decoder_by_matrix,fa5edda0c1038186c8afbec49b0215a0b852396cdb50783a3f937fdf51d2afac,"{""distance"":5,""physical_error_rate"":1e-05}","{""detection_events"":5,""detectors_checked"":348160}"
       468,         0,         0,   0.014,decoder_by_matrix,fa5edda0c1038186c8afbec49b0215a0b852396cdb50783a3f937fdf51d2afac,"{""distance"":5,""physical_error_rate"":1e-05}","{""detection_events"":15,""detectors_checked"":79560}"
       549,         0,         0,   0.067,decoder_by_matrix,fa5edda0c1038186c8afbec49b0215a0b852396cdb50783a3f937fdf51d2afac,"{""distance"":5,""physical_error_rate"":1e-05}","{""detectors_checked"":93330}"
       462,         0,         0,   0.062,decoder_by_matrix,fa5edda0c1038186c8afbec49b0215a0b852396cdb50783a3f937fdf51d2afac,"{""distance"":5,""physical_error_rate"":1e-05}","{""detection_events"":15,""detectors_checked"":78540}"
       549,         0,         0,   0.068,decoder_by_matrix,fa5edda0c1038186c8afbec49b0215a0b852396cdb50783a3f937fdf51d2afac,"{""distance"":5,""physical_error_rate"":1e-05}","{""detection_events"":30,""detectors_checked"":93330}"
        19,         0,         0,   0.066,decoder_by_matrix,fa5edda0c1038186c8afbec49b0215a0b852396cdb50783a3f937fdf51d2afac,"{""distance"":5,""physical_error_rate"":1e-05}","{""detectors_checked"":3230}"
      1052,         0,         0,   0.134,decoder_by_matrix,fa5edda0c1038186c8afbec49b0215a0b852396cdb50783a3f937fdf51d2afac,"{""distance"":5,""physical_error_rate"":1e-05}","{""detectors_checked"":178840}"
        97,         0,         0,   0.055,decoder_by_matrix,fa5edda0c1038186c8afbec49b0215a0b852396cdb50783a3f937fdf51d2afac,"{""distance"":5,""physical_error_rate"":1e-05}","{""detectors_checked"":16490}"
      3169,         0,         0,   0.297,decoder_by_matrix,fa5edda0c1038186c8afbec49b0215a0b852396cdb50783a3f937fdf51d2afac,"{""distance"":5,""physical_error_rate"":1e-05}","{""detection_events"":20,""detectors_checked"":538730}"
   2272256,         0,         0,   118.6,decoder_by_matrix,3c866087b289edc25e9adea730044a15db18cabfd3ae2507fc844d5b4e03657a,"{""distance"":5,""physical_error_rate"":5e-06}","{""detection_events"":6520,""detectors_checked"":386283520}"
         1,         0,         0,   0.031,decoder_by_matrix,0421d486f8a041838688df650e87c0a19c3450ab7a7cc8b3dc589ebff86d1c74,"{""distance"":5,""physical_error_rate"":0.0001}","{""detectors_checked"":170}"
        16,         0,         0,   0.028,decoder_by_matrix,0421d486f8a041838688df650e87c0a19c3450ab7a7cc8b3dc589ebff86d1c74,"{""distance"":5,""physical_error_rate"":0.0001}","{""detectors_checked"":2720}"
         1,         0,         0,   0.064,decoder_by_matrix,0421d486f8a041838688df650e87c0a19c3450ab7a7cc8b3dc589ebff86d1c74,"{""distance"":5,""physical_error_rate"":0.0001}","{""detectors_checked"":170}"
         1,         0,         0,   0.063,decoder_by_matrix,9c6baee88fc81e7d1aa345fcb3feec7ee81f21c5d49cb6ca037118097d89e180,"{""distance"":5,""physical_error_rate"":5e-05}","{""detectors_checked"":170}"
         1,         0,         0,   0.063,decoder_by_matrix,b84cf4b8ca220d31f17e1e2ea9ab927bbc4176b15682c650e7d1dd8f2758172b,"{""distance"":5,""physical_error_rate"":0.0005}","{""detectors_checked"":170}"
      1280,         0,         0,   0.045,decoder_by_matrix,0421d486f8a041838688df650e87c0a19c3450ab7a7cc8b3dc589ebff86d1c74,"{""distance"":5,""physical_error_rate"":0.0001}","{""detection_events"":40,""detectors_checked"":217600}"
         1,         0,         0,   0.083,decoder_by_matrix,e41ade2e4684e0396b9a3890c882b6453b515d69885aa1d89a26ce21ec554895,"{""distance"":5,""physical_error_rate"":1e-06}","{""detectors_checked"":170}"
         1,         0,         0,   0.132,decoder_by_matrix,b84cf4b8ca220d31f17e1e2ea9ab927bbc4176b15682c650e7d1dd8f2758172b,"{""distance"":5,""physical_error_rate"":0.0005}","{""detectors_checked"":170}"
         1,         0,         0,   0.102,decoder_by_matrix,9c6baee88fc81e7d1aa345fcb3feec7ee81f21c5d49cb6ca037118097d89e180,"{""distance"":5,""physical_error_rate"":5e-05}","{""detection_events"":10,""detectors_checked"":170}"
      1024,         0,         0,   0.035,decoder_by_matrix,0421d486f8a041838688df650e87c0a19c3450ab7a7cc8b3dc589ebff86d1c74,"{""distance"":5,""physical_error_rate"":0.0001}","{""detection_events"":115,""detectors_checked"":174080}"
         8,         0,         0,   0.062,decoder_by_matrix,0421d486f8a041838688df650e87c0a19c3450ab7a7cc8b3dc589ebff86d1c74,"{""distance"":5,""physical_error_rate"":0.0001}","{""detectors_checked"":1360}"
         1,         0,         0,   0.063,decoder_by_matrix,3c866087b289edc25e9adea730044a15db18cabfd3ae2507fc844d5b4e03657a,"{""distance"":5,""physical_error_rate"":5e-06}","{""detectors_checked"":170}"
         8,         0,         0,   0.062,decoder_by_matrix,9c6baee88fc81e7d1aa345fcb3feec7ee81f21c5d49cb6ca037118097d89e180,"{""distance"":5,""physical_error_rate"":5e-05}","{""detectors_checked"":1360}"
         8,         0,         0,   0.077,decoder_by_matrix,b84cf4b8ca220d31f17e1e2ea9ab927bbc4176b15682c650e7d1dd8f2758172b,"{""distance"":5,""physical_error_rate"":0.0005}","{""detection_events"":25,""detectors_checked"":1360}"
      2048,         0,         0,   0.048,decoder_by_matrix,0421d486f8a041838688df650e87c0a19c3450ab7a7cc8b3dc589ebff86d1c74,"{""distance"":5,""physical_error_rate"":0.0001}","{""detection_events"":125,""detectors_checked"":348160}"
        64,         0,         0,   0.039,decoder_by_matrix,9c6baee88fc81e7d1aa345fcb3feec7ee81f21c5d49cb6ca037118097d89e180,"{""distance"":5,""physical_error_rate"":5e-05}","{""detection_events"":5,""detectors_checked"":10880}"
         8,         0,         0,   0.063,decoder_by_matrix,3c866087b289edc25e9adea730044a15db18cabfd3ae2507fc844d5b4e03657a,"{""distance"":5,""physical_error_rate"":5e-06}","{""detectors_checked"":1360}"
        64,         0,         0,   0.074,decoder_by_matrix,0421d486f8a041838688df650e87c0a19c3450ab7a7cc8b3dc589ebff86d1c74,"{""distance"":5,""physical_error_rate"":0.0001}","{""detection_events"":20,""detectors_checked"":10880}"
         4,         0,         0,   0.110,decoder_by_matrix,e41ade2e4684e0396b9a3890c882b6453b515d69885aa1d89a26ce21ec554895,"{""distance"":5,""physical_error_rate"":1e-06}","{""detectors_checked"":680}"
       512,         0,         0,   0.038,decoder_by_matrix,9c6baee88fc81e7d1aa345fcb3feec7ee81f21c5d49cb6ca037118097d89e180,"{""distance"":5,""physical_error_rate"":5e-05}","{""detection_events"":10,""detectors_checked"":87040}"
         4,         0,         0,   0.104,decoder_by_matrix,9c6baee88fc81e7d1aa345fcb3feec7ee81f21c5d49cb6ca037118097d89e180,"{""distance"":5,""physical_error_rate"":5e-05}","{""detectors_checked"":680}"
        32,         0,         0,   0.076,decoder_by_matrix,b84cf4b8ca220d31f17e1e2ea9ab927bbc4176b15682c650e7d1dd8f2758172b,"{""distance"":5,""physical_error_rate"":0.0005}","{""detection_events"":10,""detectors_checked"":5440}"
      2048,         0,         0,   0.049,decoder_by_matrix,0421d486f8a041838688df650e87c0a19c3450ab7a7cc8b3dc589ebff86d1c74,"{""distance"":5,""physical_error_rate"":0.0001}","{""detection_events"":230,""detectors_checked"":348160}"
         4,         0,         0,   0.125,decoder_by_matrix,b84cf4b8ca220d31f17e1e2ea9ab927bbc4176b15682c650e7d1dd8f2758172b,"{""distance"":5,""physical_error_rate"":0.0005}","{""detectors_checked"":680}"
      1024,         0,         0,   0.041,decoder_by_matrix,9c6baee88fc81e7d1aa345fcb3feec7ee81f21c5d49cb6ca037118097d89e180,"{""distance"":5,""physical_error_rate"":5e-05}","{""detectors_checked"":174080}"
        64,         0,         0,   0.076,decoder_by_matrix,3c866087b289edc25e9adea730044a15db18cabfd3ae2507fc844d5b4e03657a,"{""distance"":5,""physical_error_rate"":5e-06}","{""detectors_checked"":10880}"
       512,         0,         0,   0.075,decoder_by_matrix,0421d486f8a041838688df650e87c0a19c3450ab7a7cc8b3dc589ebff86d1c74,"{""distance"":5,""physical_error_rate"":0.0001}","{""detection_events"":5,""detectors_checked"":87040}"
        16,         0,         0,   0.076,decoder_by_matrix,e41ade2e4684e0396b9a3890c882b6453b515d69885aa1d89a26ce21ec554895,"{""distance"":5,""physical_error_rate"":1e-06}","{""detectors_checked"":2720}"
       128,         0,         0,   0.075,decoder_by_matrix,b84cf4b8ca220d31f17e1e2ea9ab927bbc4176b15682c650e7d1dd8f2758172b,"{""distance"":5,""physical_error_rate"":0.0005}","{""detection_events"":55,""detectors_checked"":21760}"
        16,         0,         0,   0.082,decoder_by_matrix,9c6baee88fc81e7d1aa345fcb3feec7ee81f21c5d49cb6ca037118097d89e180,"{""distance"":5,""physical_error_rate"":5e-05}","{""detectors_checked"":2720}"
      6144,         0,         0,   0.077,decoder_by_matrix,0421d486f8a041838688df650e87c0a19c3450ab7a7cc8b3dc589ebff86d1c74,"{""distance"":5,""physical_error_rate"":0.0001}","{""detection_events"":285,""detectors_checked"":1044480}"
        16,         0,         0,   0.075,decoder_by_matrix,b84cf4b8ca220d31f17e1e2ea9ab927bbc4176b15682c650e7d1dd8f2758172b,"{""distance"":5,""physical_error_rate"":0.0005}","{""detectors_checked"":2720}"
      2048,         0,         0,   0.080,decoder_by_matrix,9c6baee88fc81e7d1aa345fcb3feec7ee81f21c5d49cb6ca037118097d89e180,"{""distance"":5,""physical_error_rate"":5e-05}","{""detection_events"":20,""detectors_checked"":348160}"
       256,         0,         0,   0.075,decoder_by_matrix,3c866087b289edc25e9adea730044a15db18cabfd3ae2507fc844d5b4e03657a,"{""distance"":5,""physical_error_rate"":5e-06}","{""detectors_checked"":43520}"
      1024,         0,         0,   0.078,decoder_by_matrix,0421d486f8a041838688df650e87c0a19c3450ab7a7cc8b3dc589ebff86d1c74,"{""distance"":5,""physical_error_rate"":0.0001}","{""detection_events"":95,""detectors_checked"":174080}"
        64,         0,         0,   0.076,decoder_by_matrix,e41ade2e4684e0396b9a3890c882b6453b515d69885aa1d89a26ce21ec554895,"{""distance"":5,""physical_error_rate"":1e-06}","{""detectors_checked"":10880}"
      1024,         0,         0,   0.078,decoder_by_matrix,b84cf4b8ca220d31f17e1e2ea9ab927bbc4176b15682c650e7d1dd8f2758172b,"{""distance"":5,""physical_error_rate"":0.0005}","{""detection_events"":460,""detectors_checked"":174080}"
        64,         0,         0,   0.075,decoder_by_matrix,9c6baee88fc81e7d1aa345fcb3feec7ee81f21c5d49cb6ca037118097d89e180,"{""distance"":5,""physical_error_rate"":5e-05}","{""detectors_checked"":10880}"
        64,         0,         0,   0.080,decoder_by_matrix,b84cf4b8ca220d31f17e1e2ea9ab927bbc4176b15682c650e7d1dd8f2758172b,"{""distance"":5,""physical_error_rate"":0.0005}","{""detection_events"":40,""detectors_checked"":10880}"
      7168,         0,         0,   0.109,decoder_by_matrix,0421d486f8a041838688df650e87c0a19c3450ab7a7cc8b3dc589ebff86d1c74,"{""distance"":5,""physical_error_rate"":0.0001}","{""detection_events"":380,""detectors_checked"":1218560}"
      1024,         0,         0,   0.064,decoder_by_matrix,3c866087b289edc25e9adea730044a15db18cabfd3ae2507fc844d5b4e03657a,"{""distance"":5,""physical_error_rate"":5e-06}","{""detectors_checked"":174080}"
      1024,         0,         0,   0.065,decoder_by_matrix,0421d486f8a041838688df650e87c0a19c3450ab7a7cc8b3dc589ebff86d1c74,"{""distance"":5,""physical_error_rate"":0.0001}","{""detection_events"":60,""detectors_checked"":174080}"
       256,         0,         0,   0.063,decoder_by_matrix,9c6baee88fc81e7d1aa345fcb3feec7ee81f21c5d49cb6ca037118097d89e180,"{""distance"":5,""physical_error_rate"":5e-05}","{""detectors_checked"":43520}"
      3072,         0,         0,   0.110,decoder_by_matrix,9c6baee88fc81e7d1aa345fcb3feec7ee81f21c5d49cb6ca037118097d89e180,"{""distance"":5,""physical_error_rate"":5e-05}","{""detection_events"":45,""detectors_checked"":522240}"
      1024,         0,         0,   0.078,decoder_by_matrix,b84cf4b8ca220d31f17e1e2ea9ab927bbc4176b15682c650e7d1dd8f2758172b,"{""distance"":5,""physical_error_rate"":0.0005}","{""detection_events"":245,""detectors_checked"":174080}"
       256,         0,         0,   0.081,decoder_by_matrix,e41ade2e4684e0396b9a3890c882b6453b515d69885aa1d89a26ce21ec554895,"{""distance"":5,""physical_error_rate"":1e-06}","{""detectors_checked"":43520}"
       256,         0,         0,   0.064,decoder_by_matrix,b84cf4b8ca220d31f17e1e2ea9ab927bbc4176b15682c650e7d1dd8f2758172b,"{""distance"":5,""physical_error_rate"":0.0005}","{""detection_events"":95,""detectors_checked"":43520}"
      1024,         0,         0,   0.078,decoder_by_matrix,3c866087b289edc25e9adea730044a15db18cabfd3ae2507fc844d5b4e03657a,"{""distance"":5,""physical_error_rate"":5e-06}","{""detection_events"":40,""detectors_checked"":174080}"
      1024,         0,         0,   0.063,decoder_by_matrix,0421d486f8a041838688df650e87c0a19c3450ab7a7cc8b3dc589ebff86d1c74,"{""distance"":5,""physical_error_rate"":0.0001}","{""detection_events"":50,""detectors_checked"":174080}"
      1024,         0,         0,   0.063,decoder_by_matrix,e41ade2e4684e0396b9a3890c882b6453b515d69885aa1d89a26ce21ec554895,"{""distance"":5,""physical_error_rate"":1e-06}","{""detectors_checked"":174080}"
      1024,         0,         0,   0.076,decoder_by_matrix,9c6baee88fc81e7d1aa345fcb3feec7ee81f21c5d49cb6ca037118097d89e180,"{""distance"":5,""physical_error_rate"":5e-05}","{""detection_events"":30,""detectors_checked"":174080}"
      1024,         0,         0,   0.077,decoder_by_matrix,b84cf4b8ca220d31f17e1e2ea9ab927bbc4176b15682c650e7d1dd8f2758172b,"{""distance"":5,""physical_error_rate"":0.0005}","{""detection_events"":245,""detectors_checked"":174080}"
      1024,         0,         0,   0.076,decoder_by_matrix,b84cf4b8ca220d31f17e1e2ea9ab927bbc4176b15682c650e7d1dd8f2758172b,"{""distance"":5,""physical_error_rate"":0.0005}","{""detection_events"":320,""detectors_checked"":174080}"
     13312,         0,         0,   0.158,decoder_by_matrix,0421d486f8a041838688df650e87c0a19c3450ab7a7cc8b3dc589ebff86d1c74,"{""distance"":5,""physical_error_rate"":0.0001}","{""detection_events"":1105,""detectors_checked"":2263040}"
      3072,         0,         0,   0.142,decoder_by_matrix,9c6baee88fc81e7d1aa345fcb3feec7ee81f21c5d49cb6ca037118097d89e180,"{""distance"":5,""physical_error_rate"":5e-05}","{""detection_events"":50,""detectors_checked"":522240}"
      1024,         0,         0,   0.075,decoder_by_matrix,e41ade2e4684e0396b9a3890c882b6453b515d69885aa1d89a26ce21ec554895,"{""distance"":5,""physical_error_rate"":1e-06}","{""detectors_checked"":174080}"
   1598464,         0,         0,   119.5,decoder_by_matrix,e41ade2e4684e0396b9a3890c882b6453b515d69885aa1d89a26ce21ec554895,"{""distance"":5,""physical_error_rate"":1e-06}","{""detection_events"":835,""detectors_checked"":271738880}"
      1024,         0,         0,   0.066,decoder_by_matrix,b84cf4b8ca220d31f17e1e2ea9ab927bbc4176b15682c650e7d1dd8f2758172b,"{""distance"":5,""physical_error_rate"":0.0005}","{""detection_events"":280,""detectors_checked"":174080}"
      2048,         0,         0,   0.138,decoder_by_matrix,3c866087b289edc25e9adea730044a15db18cabfd3ae2507fc844d5b4e03657a,"{""distance"":5,""physical_error_rate"":5e-06}","{""detectors_checked"":348160}"
      2048,         0,         0,   0.141,decoder_by_matrix,9c6baee88fc81e7d1aa345fcb3feec7ee81f21c5d49cb6ca037118097d89e180,"{""distance"":5,""physical_error_rate"":5e-05}","{""detection_events"":40,""detectors_checked"":348160}"
      2048,         0,         0,   0.182,decoder_by_matrix,0421d486f8a041838688df650e87c0a19c3450ab7a7cc8b3dc589ebff86d1c74,"{""distance"":5,""physical_error_rate"":0.0001}","{""detection_events"":145,""detectors_checked"":348160}"
      2048,         0,         0,   0.157,decoder_by_matrix,b84cf4b8ca220d31f17e1e2ea9ab927bbc4176b15682c650e7d1dd8f2758172b,"{""distance"":5,""physical_error_rate"":0.0005}","{""detection_events"":665,""detectors_checked"":348160}"
      4096,         0,         0,   0.155,decoder_by_matrix,9c6baee88fc81e7d1aa345fcb3feec7ee81f21c5d49cb6ca037118097d89e180,"{""distance"":5,""physical_error_rate"":5e-05}","{""detection_events"":255,""detectors_checked"":696320}"
      2048,         0,         0,   0.152,decoder_by_matrix,e41ade2e4684e0396b9a3890c882b6453b515d69885aa1d89a26ce21ec554895,"{""distance"":5,""physical_error_rate"":1e-06}","{""detectors_checked"":348160}"
      2048,         0,         0,   0.152,decoder_by_matrix,3c866087b289edc25e9adea730044a15db18cabfd3ae2507fc844d5b4e03657a,"{""distance"":5,""physical_error_rate"":5e-06}","{""detectors_checked"":348160}"
     13312,         0,         0,   0.202,decoder_by_matrix,0421d486f8a041838688df650e87c0a19c3450ab7a7cc8b3dc589ebff86d1c74,"{""distance"":5,""physical_error_rate"":0.0001}","{""detection_events"":660,""detectors_checked"":2263040}"
      2048,         0,         0,   0.164,decoder_by_matrix,b84cf4b8ca220d31f17e1e2ea9ab927bbc4176b15682c650e7d1dd8f2758172b,"{""distance"":5,""physical_error_rate"":0.0005}","{""detection_events"":545,""detectors_checked"":348160}"
      2048,         0,         0,   0.142,decoder_by_matrix,9c6baee88fc81e7d1aa345fcb3feec7ee81f21c5d49cb6ca037118097d89e180,"{""distance"":5,""physical_error_rate"":5e-05}","{""detection_events"":15,""detectors_checked"":348160}"
      2048,         0,         0,   0.155,decoder_by_matrix,b84cf4b8ca220d31f17e1e2ea9ab927bbc4176b15682c650e7d1dd8f2758172b,"{""distance"":5,""physical_error_rate"":0.0005}","{""detection_events"":550,""detectors_checked"":348160}"
      2048,         0,         0,   0.154,decoder_by_matrix,e41ade2e4684e0396b9a3890c882b6453b515d69885aa1d89a26ce21ec554895,"{""distance"":5,""physical_error_rate"":1e-06}","{""detectors_checked"":348160}"
      2048,         0,         0,   0.218,decoder_by_matrix,0421d486f8a041838688df650e87c0a19c3450ab7a7cc8b3dc589ebff86d1c74,"{""distance"":5,""physical_error_rate"":0.0001}","{""detection_events"":115,""detectors_checked"":348160}"
      2048,         0,         0,   0.158,decoder_by_matrix,3c866087b289edc25e9adea730044a15db18cabfd3ae2507fc844d5b4e03657a,"{""distance"":5,""physical_error_rate"":5e-06}","{""detectors_checked"":348160}"
      2048,         0,         0,   0.157,decoder_by_matrix,b84cf4b8ca220d31f17e1e2ea9ab927bbc4176b15682c650e7d1dd8f2758172b,"{""distance"":5,""physical_error_rate"":0.0005}","{""detection_events"":515,""detectors_checked"":348160}"
      6144,         0,         0,   0.231,decoder_by_matrix,9c6baee88fc81e7d1aa345fcb3feec7ee81f21c5d49cb6ca037118097d89e180,"{""distance"":5,""physical_error_rate"":5e-05}","{""detection_events"":105,""detectors_checked"":1044480}"
      2048,         0,         0,   0.184,decoder_by_matrix,9c6baee88fc81e7d1aa345fcb3feec7ee81f21c5d49cb6ca037118097d89e180,"{""distance"":5,""physical_error_rate"":5e-05}","{""detection_events"":115,""detectors_checked"":348160}"
      9216,         0,         0,   0.285,decoder_by_matrix,0421d486f8a041838688df650e87c0a19c3450ab7a7cc8b3dc589ebff86d1c74,"{""distance"":5,""physical_error_rate"":0.0001}","{""detection_events"":635,""detectors_checked"":1566720}"
      3072,         0,         0,   0.232,decoder_by_matrix,b84cf4b8ca220d31f17e1e2ea9ab927bbc4176b15682c650e7d1dd8f2758172b,"{""distance"":5,""physical_error_rate"":0.0005}","{""detection_events"":1050,""detectors_checked"":522240}"
      3072,         0,         0,   0.209,decoder_by_matrix,0421d486f8a041838688df650e87c0a19c3450ab7a7cc8b3dc589ebff86d1c74,"{""distance"":5,""physical_error_rate"":0.0001}","{""detection_events"":230,""detectors_checked"":522240}"
      3072,         0,         0,   0.237,decoder_by_matrix,e41ade2e4684e0396b9a3890c882b6453b515d69885aa1d89a26ce21ec554895,"{""distance"":5,""physical_error_rate"":1e-06}","{""detectors_checked"":522240}"
      3072,         0,         0,   0.230,decoder_by_matrix,3c866087b289edc25e9adea730044a15db18cabfd3ae2507fc844d5b4e03657a,"{""distance"":5,""physical_error_rate"":5e-06}","{""detectors_checked"":522240}"
      3072,         0,         0,   0.235,decoder_by_matrix,b84cf4b8ca220d31f17e1e2ea9ab927bbc4176b15682c650e7d1dd8f2758172b,"{""distance"":5,""physical_error_rate"":0.0005}","{""detection_events"":865,""detectors_checked"":522240}"
      3072,         0,         0,   0.273,decoder_by_matrix,9c6baee88fc81e7d1aa345fcb3feec7ee81f21c5d49cb6ca037118097d89e180,"{""distance"":5,""physical_error_rate"":5e-05}","{""detection_events"":50,""detectors_checked"":522240}"
      8192,         0,         0,   0.319,decoder_by_matrix,9c6baee88fc81e7d1aa345fcb3feec7ee81f21c5d49cb6ca037118097d89e180,"{""distance"":5,""physical_error_rate"":5e-05}","{""detection_events"":215,""detectors_checked"":1392640}"
      4096,         0,         0,   0.292,decoder_by_matrix,0421d486f8a041838688df650e87c0a19c3450ab7a7cc8b3dc589ebff86d1c74,"{""distance"":5,""physical_error_rate"":0.0001}","{""detection_events"":320,""detectors_checked"":696320}"
      4096,         0,         0,   0.341,decoder_by_matrix,b84cf4b8ca220d31f17e1e2ea9ab927bbc4176b15682c650e7d1dd8f2758172b,"{""distance"":5,""physical_error_rate"":0.0005}","{""detection_events"":1015,""detectors_checked"":696320}"
      4096,         0,         0,   0.311,decoder_by_matrix,e41ade2e4684e0396b9a3890c882b6453b515d69885aa1d89a26ce21ec554895,"{""distance"":5,""physical_error_rate"":1e-06}","{""detection_events"":5,""detectors_checked"":696320}"
     29696,         0,         0,   0.403,decoder_by_matrix,0421d486f8a041838688df650e87c0a19c3450ab7a7cc8b3dc589ebff86d1c74,"{""distance"":5,""physical_error_rate"":0.0001}","{""detection_events"":1590,""detectors_checked"":5048320}"
      5120,         0,         0,   0.336,decoder_by_matrix,3c866087b289edc25e9adea730044a15db18cabfd3ae2507fc844d5b4e03657a,"{""distance"":5,""physical_error_rate"":5e-06}","{""detection_events"":20,""detectors_checked"":870400}"
      4096,         0,         0,   0.337,decoder_by_matrix,b84cf4b8ca220d31f17e1e2ea9ab927bbc4176b15682c650e7d1dd8f2758172b,"{""distance"":5,""physical_error_rate"":0.0005}","{""detection_events"":1320,""detectors_checked"":696320}"
      4096,         0,         0,   0.307,decoder_by_matrix,9c6baee88fc81e7d1aa345fcb3feec7ee81f21c5d49cb6ca037118097d89e180,"{""distance"":5,""physical_error_rate"":5e-05}","{""detection_events"":150,""detectors_checked"":696320}"
      6144,         0,         0,   0.435,decoder_by_matrix,9c6baee88fc81e7d1aa345fcb3feec7ee81f21c5d49cb6ca037118097d89e180,"{""distance"":5,""physical_error_rate"":5e-05}","{""detection_events"":130,""detectors_checked"":1044480}"
      5120,         0,         0,   0.393,decoder_by_matrix,b84cf4b8ca220d31f17e1e2ea9ab927bbc4176b15682c650e7d1dd8f2758172b,"{""distance"":5,""physical_error_rate"":0.0005}","{""detection_events"":1105,""detectors_checked"":870400}"
      6144,         0,         0,   0.445,decoder_by_matrix,0421d486f8a041838688df650e87c0a19c3450ab7a7cc8b3dc589ebff86d1c74,"{""distance"":5,""physical_error_rate"":0.0001}","{""detection_events"":205,""detectors_checked"":1044480}"
      6144,         0,         0,   0.444,decoder_by_matrix,e41ade2e4684e0396b9a3890c882b6453b515d69885aa1d89a26ce21ec554895,"{""distance"":5,""physical_error_rate"":1e-06}","{""detection_events"":10,""detectors_checked"":1044480}"
      6144,         0,         0,   0.425,decoder_by_matrix,3c866087b289edc25e9adea730044a15db18cabfd3ae2507fc844d5b4e03657a,"{""distance"":5,""physical_error_rate"":5e-06}","{""detection_events"":5,""detectors_checked"":1044480}"
      5120,         0,         0,   0.411,decoder_by_matrix,b84cf4b8ca220d31f17e1e2ea9ab927bbc4176b15682c650e7d1dd8f2758172b,"{""distance"":5,""physical_error_rate"":0.0005}","{""detection_events"":1230,""detectors_checked"":870400}"
      5120,         0,         0,   0.413,decoder_by_matrix,9c6baee88fc81e7d1aa345fcb3feec7ee81f21c5d49cb6ca037118097d89e180,"{""distance"":5,""physical_error_rate"":5e-05}","{""detection_events"":200,""detectors_checked"":870400}"
     49152,         0,         0,   0.573,decoder_by_matrix,0421d486f8a041838688df650e87c0a19c3450ab7a7cc8b3dc589ebff86d1c74,"{""distance"":5,""physical_error_rate"":0.0001}","{""detection_events"":3090,""detectors_checked"":8355840}"
     11264,         0,         0,   0.565,decoder_by_matrix,9c6baee88fc81e7d1aa345fcb3feec7ee81f21c5d49cb6ca037118097d89e180,"{""distance"":5,""physical_error_rate"":5e-05}","{""detection_events"":210,""detectors_checked"":1914880}"
      8192,         0,         0,   0.604,decoder_by_matrix,b84cf4b8ca220d31f17e1e2ea9ab927bbc4176b15682c650e7d1dd8f2758172b,"{""distance"":5,""physical_error_rate"":0.0005}","{""detection_events"":2400,""detectors_checked"":1392640}"
      9216,         0,         0,   0.636,decoder_by_matrix,0421d486f8a041838688df650e87c0a19c3450ab7a7cc8b3dc589ebff86d1c74,"{""distance"":5,""physical_error_rate"":0.0001}","{""detection_events"":420,""detectors_checked"":1566720}"
      8192,         0,         0,   0.621,decoder_by_matrix,e41ade2e4684e0396b9a3890c882b6453b515d69885aa1d89a26ce21ec554895,"{""distance"":5,""physical_error_rate"":1e-06}","{""detectors_checked"":1392640}"
      8192,         0,         0,   0.584,decoder_by_matrix,3c866087b289edc25e9adea730044a15db18cabfd3ae2507fc844d5b4e03657a,"{""distance"":5,""physical_error_rate"":5e-06}","{""detection_events"":20,""detectors_checked"":1392640}"
      8192,         0,         0,   0.615,decoder_by_matrix,b84cf4b8ca220d31f17e1e2ea9ab927bbc4176b15682c650e7d1dd8f2758172b,"{""distance"":5,""physical_error_rate"":0.0005}","{""detection_events"":2110,""detectors_checked"":1392640}"
      8192,         0,         0,   0.665,decoder_by_matrix,9c6baee88fc81e7d1aa345fcb3feec7ee81f21c5d49cb6ca037118097d89e180,"{""distance"":5,""physical_error_rate"":5e-05}","{""detection_events"":175,""detectors_checked"":1392640}"
     45056,         0,         0,   0.776,decoder_by_matrix,0421d486f8a041838688df650e87c0a19c3450ab7a7cc8b3dc589ebff86d1c74,"{""distance"":5,""physical_error_rate"":0.0001}","{""detection_events"":2530,""detectors_checked"":7659520}"
     16384,         0,         0,   0.829,decoder_by_matrix,9c6baee88fc81e7d1aa345fcb3feec7ee81f21c5d49cb6ca037118097d89e180,"{""distance"":5,""physical_error_rate"":5e-05}","{""detection_events"":455,""detectors_checked"":2785280}"
   1538048,         0,         0,   119.6,decoder_by_matrix,0421d486f8a041838688df650e87c0a19c3450ab7a7cc8b3dc589ebff86d1c74,"{""distance"":5,""physical_error_rate"":0.0001}","{""detection_events"":88945,""detectors_checked"":261468160}"
     10240,         0,         0,   0.840,decoder_by_matrix,b84cf4b8ca220d31f17e1e2ea9ab927bbc4176b15682c650e7d1dd8f2758172b,"{""distance"":5,""physical_error_rate"":0.0005}","{""detection_events"":3100,""detectors_checked"":1740800}"
     11264,         0,         0,   0.831,decoder_by_matrix,0421d486f8a041838688df650e87c0a19c3450ab7a7cc8b3dc589ebff86d1c74,"{""distance"":5,""physical_error_rate"":0.0001}","{""detection_events"":680,""detectors_checked"":1914880}"
     10240,         0,         0,   0.848,decoder_by_matrix,e41ade2e4684e0396b9a3890c882b6453b515d69885aa1d89a26ce21ec554895,"{""distance"":5,""physical_error_rate"":1e-06}","{""detectors_checked"":1740800}"
     12288,         0,         0,   0.864,decoder_by_matrix,3c866087b289edc25e9adea730044a15db18cabfd3ae2507fc844d5b4e03657a,"{""distance"":5,""physical_error_rate"":5e-06}","{""detection_events"":35,""detectors_checked"":2088960}"
     11264,         0,         0,   0.854,decoder_by_matrix,b84cf4b8ca220d31f17e1e2ea9ab927bbc4176b15682c650e7d1dd8f2758172b,"{""distance"":5,""physical_error_rate"":0.0005}","{""detection_events"":3240,""detectors_checked"":1914880}"
      8192,         0,         0,   0.849,decoder_by_matrix,9c6baee88fc81e7d1aa345fcb3feec7ee81f21c5d49cb6ca037118097d89e180,"{""distance"":5,""physical_error_rate"":5e-05}","{""detection_events"":205,""detectors_checked"":1392640}"
     90112,         0,         0,    1.11,decoder_by_matrix,0421d486f8a041838688df650e87c0a19c3450ab7a7cc8b3dc589ebff86d1c74,"{""distance"":5,""physical_error_rate"":0.0001}","{""detection_events"":5045,""detectors_checked"":15319040}"
     24576,         0,         0,    1.12,decoder_by_matrix,9c6baee88fc81e7d1aa345fcb3feec7ee81f21c5d49cb6ca037118097d89e180,"{""distance"":5,""physical_error_rate"":5e-05}","{""detection_events"":680,""detectors_checked"":4177920}"
     15360,         0,         0,    1.16,decoder_by_matrix,b84cf4b8ca220d31f17e1e2ea9ab927bbc4176b15682c650e7d1dd8f2758172b,"{""distance"":5,""physical_error_rate"":0.0005}","{""detection_events"":4090,""detectors_checked"":2611200}"
     20480,         0,         0,    1.14,decoder_by_matrix,e41ade2e4684e0396b9a3890c882b6453b515d69885aa1d89a26ce21ec554895,"{""distance"":5,""physical_error_rate"":1e-06}","{""detection_events"":30,""detectors_checked"":3481600}"
     16384,         0,         0,    1.18,decoder_by_matrix,0421d486f8a041838688df650e87c0a19c3450ab7a7cc8b3dc589ebff86d1c74,"{""distance"":5,""physical_error_rate"":0.0001}","{""detection_events"":1130,""detectors_checked"":2785280}"
     14336,         0,         0,    1.08,decoder_by_matrix,b84cf4b8ca220d31f17e1e2ea9ab927bbc4176b15682c650e7d1dd8f2758172b,"{""distance"":5,""physical_error_rate"":0.0005}","{""detection_events"":4410,""detectors_checked"":2437120}"
     17408,         0,         0,    1.17,decoder_by_matrix,3c866087b289edc25e9adea730044a15db18cabfd3ae2507fc844d5b4e03657a,"{""distance"":5,""physical_error_rate"":5e-06}","{""detection_events"":70,""detectors_checked"":2959360}"
     13312,         0,         0,    1.16,decoder_by_matrix,9c6baee88fc81e7d1aa345fcb3feec7ee81f21c5d49cb6ca037118097d89e180,"{""distance"":5,""physical_error_rate"":5e-05}","{""detection_events"":395,""detectors_checked"":2263040}"
   1676288,         0,         0,   119.5,decoder_by_matrix,e41ade2e4684e0396b9a3890c882b6453b515d69885aa1d89a26ce21ec554895,"{""distance"":5,""physical_error_rate"":1e-06}","{""detection_events"":1170,""detectors_checked"":284968960}"
    137216,         0,         0,    1.55,decoder_by_matrix,0421d486f8a041838688df650e87c0a19c3450ab7a7cc8b3dc589ebff86d1c74,"{""distance"":5,""physical_error_rate"":0.0001}","{""detection_events"":8020,""detectors_checked"":23326720}"
     24576,         0,         0,    1.59,decoder_by_matrix,9c6baee88fc81e7d1aa345fcb3feec7ee81f21c5d49cb6ca037118097d89e180,"{""distance"":5,""physical_error_rate"":5e-05}","{""detection_events"":610,""detectors_checked"":4177920}"
     20480,         0,         0,    1.56,decoder_by_matrix,b84cf4b8ca220d31f17e1e2ea9ab927bbc4176b15682c650e7d1dd8f2758172b,"{""distance"":5,""physical_error_rate"":0.0005}","{""detection_events"":5435,""detectors_checked"":3481600}"
   1529856,         0,         0,   119.5,decoder_by_matrix,9c6baee88fc81e7d1aa345fcb3feec7ee81f21c5d49cb6ca037118097d89e180,"{""distance"":5,""physical_error_rate"":5e-05}","{""detection_events"":43555,""detectors_checked"":260075520}"
     28672,         0,         0,    1.58,decoder_by_matrix,e41ade2e4684e0396b9a3890c882b6453b515d69885aa1d89a26ce21ec554895,"{""distance"":5,""physical_error_rate"":1e-06}","{""detection_events"":50,""detectors_checked"":4874240}"
     22528,         0,         0,    1.60,decoder_by_matrix,0421d486f8a041838688df650e87c0a19c3450ab7a7cc8b3dc589ebff86d1c74,"{""distance"":5,""physical_error_rate"":0.0001}","{""detection_events"":1365,""detectors_checked"":3829760}"
     21504,         0,         0,    1.55,decoder_by_matrix,3c866087b289edc25e9adea730044a15db18cabfd3ae2507fc844d5b4e03657a,"{""distance"":5,""physical_error_rate"":5e-06}","{""detection_events"":40,""detectors_checked"":3655680}"
     20480,         0,         0,    1.59,decoder_by_matrix,b84cf4b8ca220d31f17e1e2ea9ab927bbc4176b15682c650e7d1dd8f2758172b,"{""distance"":5,""physical_error_rate"":0.0005}","{""detection_events"":5870,""detectors_checked"":3481600}"
     20480,         0,         0,    1.57,decoder_by_matrix,9c6baee88fc81e7d1aa345fcb3feec7ee81f21c5d49cb6ca037118097d89e180,"{""distance"":5,""physical_error_rate"":5e-05}","{""detection_events"":560,""detectors_checked"":3481600}"
   1929216,         0,         0,   119.6,decoder_by_matrix,9c6baee88fc81e7d1aa345fcb3feec7ee81f21c5d49cb6ca037118097d89e180,"{""distance"":5,""physical_error_rate"":5e-05}","{""detection_events"":56150,""detectors_checked"":327966720}"
    148480,         0,         0,    2.17,decoder_by_matrix,0421d486f8a041838688df650e87c0a19c3450ab7a7cc8b3dc589ebff86d1c74,"{""distance"":5,""physical_error_rate"":0.0001}","{""detection_events"":8020,""detectors_checked"":25241600}"
     30720,         0,         0,    2.24,decoder_by_matrix,9c6baee88fc81e7d1aa345fcb3feec7ee81f21c5d49cb6ca037118097d89e180,"{""distance"":5,""physical_error_rate"":5e-05}","{""detection_events"":790,""detectors_checked"":5222400}"
     29696,         0,         0,    2.24,decoder_by_matrix,b84cf4b8ca220d31f17e1e2ea9ab927bbc4176b15682c650e7d1dd8f2758172b,"{""distance"":5,""physical_error_rate"":0.0005}","{""detection_events"":7975,""detectors_checked"":5048320}"
     50176,         0,         0,    2.22,decoder_by_matrix,e41ade2e4684e0396b9a3890c882b6453b515d69885aa1d89a26ce21ec554895,"{""distance"":5,""physical_error_rate"":1e-06}","{""detection_events"":40,""detectors_checked"":8529920}"
     30720,         0,         0,    2.18,decoder_by_matrix,0421d486f8a041838688df650e87c0a19c3450ab7a7cc8b3dc589ebff86d1c74,"{""distance"":5,""physical_error_rate"":0.0001}","{""detection_events"":1940,""detectors_checked"":5222400}"
     30720,         0,         0,    2.21,decoder_by_matrix,3c866087b289edc25e9adea730044a15db18cabfd3ae2507fc844d5b4e03657a,"{""distance"":5,""physical_error_rate"":5e-06}","{""detection_events"":95,""detectors_checked"":5222400}"
     28672,         0,         0,    2.23,decoder_by_matrix,b84cf4b8ca220d31f17e1e2ea9ab927bbc4176b15682c650e7d1dd8f2758172b,"{""distance"":5,""physical_error_rate"":0.0005}","{""detection_events"":8135,""detectors_checked"":4874240}"
     28672,         0,         0,    2.19,decoder_by_matrix,9c6baee88fc81e7d1aa345fcb3feec7ee81f21c5d49cb6ca037118097d89e180,"{""distance"":5,""physical_error_rate"":5e-05}","{""detection_events"":755,""detectors_checked"":4874240}"
   1655808,         0,         0,   119.6,decoder_by_matrix,e41ade2e4684e0396b9a3890c882b6453b515d69885aa1d89a26ce21ec554895,"{""distance"":5,""physical_error_rate"":1e-06}","{""detection_events"":565,""detectors_checked"":281487360}"
   1541120,         0,         0,   119.5,decoder_by_matrix,0421d486f8a041838688df650e87c0a19c3450ab7a7cc8b3dc589ebff86d1c74,"{""distance"":5,""physical_error_rate"":0.0001}","{""detection_events"":86460,""detectors_checked"":261990400}"
   1679360,         0,         0,   119.6,decoder_by_matrix,3c866087b289edc25e9adea730044a15db18cabfd3ae2507fc844d5b4e03657a,"{""distance"":5,""physical_error_rate"":5e-06}","{""detection_events"":5580,""detectors_checked"":285491200}"
   1587200,         0,         0,   119.6,decoder_by_matrix,3c866087b289edc25e9adea730044a15db18cabfd3ae2507fc844d5b4e03657a,"{""distance"":5,""physical_error_rate"":5e-06}","{""detection_events"":4855,""detectors_checked"":269824000}"
   1536000,         0,         0,   119.7,decoder_by_matrix,b84cf4b8ca220d31f17e1e2ea9ab927bbc4176b15682c650e7d1dd8f2758172b,"{""distance"":5,""physical_error_rate"":0.0005}","{""detection_events"":434980,""detectors_checked"":261120000}"
    239616,         0,         0,    3.02,decoder_by_matrix,0421d486f8a041838688df650e87c0a19c3450ab7a7cc8b3dc589ebff86d1c74,"{""distance"":5,""physical_error_rate"":0.0001}","{""detection_events"":13570,""detectors_checked"":40734720}"
   1557504,         0,         0,   119.6,decoder_by_matrix,b84cf4b8ca220d31f17e1e2ea9ab927bbc4176b15682c650e7d1dd8f2758172b,"{""distance"":5,""physical_error_rate"":0.0005}","{""detection_events"":440420,""detectors_checked"":264775680}"
     39936,         0,         0,    3.10,decoder_by_matrix,9c6baee88fc81e7d1aa345fcb3feec7ee81f21c5d49cb6ca037118097d89e180,"{""distance"":5,""physical_error_rate"":5e-05}","{""detection_events"":1275,""detectors_checked"":6789120}"
     39936,         0,         0,    3.07,decoder_by_matrix,b84cf4b8ca220d31f17e1e2ea9ab927bbc4176b15682c650e7d1dd8f2758172b,"{""distance"":5,""physical_error_rate"":0.0005}","{""detection_events"":11595,""detectors_checked"":6789120}"
   1544192,         0,         0,   119.5,decoder_by_matrix,3c866087b289edc25e9adea730044a15db18cabfd3ae2507fc844d5b4e03657a,"{""distance"":5,""physical_error_rate"":5e-06}","{""detection_events"":4475,""detectors_checked"":262512640}"
     54272,         0,         0,    3.04,decoder_by_matrix,e41ade2e4684e0396b9a3890c882b6453b515d69885aa1d89a26ce21ec554895,"{""distance"":5,""physical_error_rate"":1e-06}","{""detectors_checked"":9226240}"
     43008,         0,         0,    3.06,decoder_by_matrix,0421d486f8a041838688df650e87c0a19c3450ab7a7cc8b3dc589ebff86d1c74,"{""distance"":5,""physical_error_rate"":0.0001}","{""detection_events"":2245,""detectors_checked"":7311360}"
     44032,         0,         0,    3.06,decoder_by_matrix,3c866087b289edc25e9adea730044a15db18cabfd3ae2507fc844d5b4e03657a,"{""distance"":5,""physical_error_rate"":5e-06}","{""detection_events"":145,""detectors_checked"":7485440}"
     39936,         0,         0,    3.09,decoder_by_matrix,b84cf4b8ca220d31f17e1e2ea9ab927bbc4176b15682c650e7d1dd8f2758172b,"{""distance"":5,""physical_error_rate"":0.0005}","{""detection_events"":11310,""detectors_checked"":6789120}"
     40960,         0,         0,    3.10,decoder_by_matrix,9c6baee88fc81e7d1aa345fcb3feec7ee81f21c5d49cb6ca037118097d89e180,"{""distance"":5,""physical_error_rate"":5e-05}","{""detection_events"":1015,""detectors_checked"":6963200}"
   1558528,         0,         0,   119.6,decoder_by_matrix,9c6baee88fc81e7d1aa345fcb3feec7ee81f21c5d49cb6ca037118097d89e180,"{""distance"":5,""physical_error_rate"":5e-05}","{""detection_events"":46180,""detectors_checked"":264949760}"
    350208,         0,         0,    4.25,decoder_by_matrix,0421d486f8a041838688df650e87c0a19c3450ab7a7cc8b3dc589ebff86d1c74,"{""distance"":5,""physical_error_rate"":0.0001}","{""detection_events"":19165,""detectors_checked"":59535360}"
     58368,         0,         0,    4.28,decoder_by_matrix,9c6baee88fc81e7d1aa345fcb3feec7ee81f21c5d49cb6ca037118097d89e180,"{""distance"":5,""physical_error_rate"":5e-05}","{""detection_events"":1895,""detectors_checked"":9922560}"
     55296,         0,         0,    4.30,decoder_by_matrix,b84cf4b8ca220d31f17e1e2ea9ab927bbc4176b15682c650e7d1dd8f2758172b,"{""distance"":5,""physical_error_rate"":0.0005}","{""detection_events"":15605,""detectors_checked"":9400320}"
     59392,         0,         0,    4.27,decoder_by_matrix,0421d486f8a041838688df650e87c0a19c3450ab7a7cc8b3dc589ebff86d1c74,"{""distance"":5,""physical_error_rate"":0.0001}","{""detection_events"":2545,""detectors_checked"":10096640}"
     88064,         0,         0,    4.33,decoder_by_matrix,e41ade2e4684e0396b9a3890c882b6453b515d69885aa1d89a26ce21ec554895,"{""distance"":5,""physical_error_rate"":1e-06}","{""detection_events"":60,""detectors_checked"":14970880}"
     61440,         0,         0,    4.25,decoder_by_matrix,3c866087b289edc25e9adea730044a15db18cabfd3ae2507fc844d5b4e03657a,"{""distance"":5,""physical_error_rate"":5e-06}","{""detection_events"":340,""detectors_checked"":10444800}"
     54272,         1,         0,    4.26,decoder_by_matrix,b84cf4b8ca220d31f17e1e2ea9ab927bbc4176b15682c650e7d1dd8f2758172b,"{""distance"":5,""physical_error_rate"":0.0005}","{""detection_events"":14910,""detectors_checked"":9226240,""obs_mistake_mask=E___"":1}"
     56320,         0,         0,    4.27,decoder_by_matrix,9c6baee88fc81e7d1aa345fcb3feec7ee81f21c5d49cb6ca037118097d89e180,"{""distance"":5,""physical_error_rate"":5e-05}","{""detection_events"":1765,""detectors_checked"":9574400}"
    103324,         0,         0,    7.04,decoder_by_matrix,3c866087b289edc25e9adea730044a15db18cabfd3ae2507fc844d5b4e03657a,"{""distance"":5,""physical_error_rate"":5e-06}","{""detection_events"":270,""detectors_checked"":17565080}"
   1212405,         0,         0,    87.8,decoder_by_matrix,3c866087b289edc25e9adea730044a15db18cabfd3ae2507fc844d5b4e03657a,"{""distance"":5,""physical_error_rate"":5e-06}","{""detection_events"":3720,""detectors_checked"":206108850}"
   1077693,         0,         0,    77.5,decoder_by_matrix,3c866087b289edc25e9adea730044a15db18cabfd3ae2507fc844d5b4e03657a,"{""distance"":5,""physical_error_rate"":5e-06}","{""detection_events"":3275,""detectors_checked"":183207810}"
    349184,         0,         0,    5.93,decoder_by_matrix,0421d486f8a041838688df650e87c0a19c3450ab7a7cc8b3dc589ebff86d1c74,"{""distance"":5,""physical_error_rate"":0.0001}","{""detection_events"":19905,""detectors_checked"":59361280}"
     80896,         0,         0,    6.03,decoder_by_matrix,9c6baee88fc81e7d1aa345fcb3feec7ee81f21c5d49cb6ca037118097d89e180,"{""distance"":5,""physical_error_rate"":5e-05}","{""detection_events"":2055,""detectors_checked"":13752320}"
     72704,         0,         0,    5.99,decoder_by_matrix,b84cf4b8ca220d31f17e1e2ea9ab927bbc4176b15682c650e7d1dd8f2758172b,"{""distance"":5,""physical_error_rate"":0.0005}","{""detection_events"":20195,""detectors_checked"":12359680}"
     80896,         0,         0,    5.94,decoder_by_matrix,3c866087b289edc25e9adea730044a15db18cabfd3ae2507fc844d5b4e03657a,"{""distance"":5,""physical_error_rate"":5e-06}","{""detection_events"":215,""detectors_checked"":13752320}"
    130048,         0,         0,    5.98,decoder_by_matrix,e41ade2e4684e0396b9a3890c882b6453b515d69885aa1d89a26ce21ec554895,"{""distance"":5,""physical_error_rate"":1e-06}","{""detection_events"":95,""detectors_checked"":22108160}"
     79872,         0,         0,    6.02,decoder_by_matrix,0421d486f8a041838688df650e87c0a19c3450ab7a7cc8b3dc589ebff86d1c74,"{""distance"":5,""physical_error_rate"":0.0001}","{""detection_events"":4695,""detectors_checked"":13578240}"
     69632,         0,         0,    5.98,decoder_by_matrix,b84cf4b8ca220d31f17e1e2ea9ab927bbc4176b15682c650e7d1dd8f2758172b,"{""distance"":5,""physical_error_rate"":0.0005}","{""detection_events"":20625,""detectors_checked"":11837440}"
     71680,         0,         0,    5.98,decoder_by_matrix,9c6baee88fc81e7d1aa345fcb3feec7ee81f21c5d49cb6ca037118097d89e180,"{""distance"":5,""physical_error_rate"":5e-05}","{""detection_events"":1830,""detectors_checked"":12185600}"
    367616,         0,         0,    8.29,decoder_by_matrix,0421d486f8a041838688df650e87c0a19c3450ab7a7cc8b3dc589ebff86d1c74,"{""distance"":5,""physical_error_rate"":0.0001}","{""detection_events"":20885,""detectors_checked"":62494720}"
    110592,         0,         0,    8.36,decoder_by_matrix,9c6baee88fc81e7d1aa345fcb3feec7ee81f21c5d49cb6ca037118097d89e180,"{""distance"":5,""physical_error_rate"":5e-05}","{""detection_events"":3470,""detectors_checked"":18800640}"
    107520,         0,         0,    8.35,decoder_by_matrix,b84cf4b8ca220d31f17e1e2ea9ab927bbc4176b15682c650e7d1dd8f2758172b,"{""distance"":5,""physical_error_rate"":0.0005}","{""detection_events"":29740,""detectors_checked"":18278400}"
    176128,         0,         0,    8.34,decoder_by_matrix,e41ade2e4684e0396b9a3890c882b6453b515d69885aa1d89a26ce21ec554895,"{""distance"":5,""physical_error_rate"":1e-06}","{""detection_events"":140,""detectors_checked"":29941760}"
    111616,         0,         0,    8.36,decoder_by_matrix,0421d486f8a041838688df650e87c0a19c3450ab7a7cc8b3dc589ebff86d1c74,"{""distance"":5,""physical_error_rate"":0.0001}","{""detection_events"":6345,""detectors_checked"":18974720}"
    115712,         0,         0,    8.35,decoder_by_matrix,3c866087b289edc25e9adea730044a15db18cabfd3ae2507fc844d5b4e03657a,"{""distance"":5,""physical_error_rate"":5e-06}","{""detection_events"":220,""detectors_checked"":19671040}"
    107520,         0,         0,    8.39,decoder_by_matrix,b84cf4b8ca220d31f17e1e2ea9ab927bbc4176b15682c650e7d1dd8f2758172b,"{""distance"":5,""physical_error_rate"":0.0005}","{""detection_events"":30160,""detectors_checked"":18278400}"
    103424,         0,         0,    8.37,decoder_by_matrix,9c6baee88fc81e7d1aa345fcb3feec7ee81f21c5d49cb6ca037118097d89e180,"{""distance"":5,""physical_error_rate"":5e-05}","{""detection_events"":3195,""detectors_checked"":17582080}"
   2454528,         0,         0,   119.6,decoder_by_matrix,e41ade2e4684e0396b9a3890c882b6453b515d69885aa1d89a26ce21ec554895,"{""distance"":5,""physical_error_rate"":1e-06}","{""detection_events"":1530,""detectors_checked"":417269760}"
    705536,         0,         0,    11.7,decoder_by_matrix,0421d486f8a041838688df650e87c0a19c3450ab7a7cc8b3dc589ebff86d1c74,"{""distance"":5,""physical_error_rate"":0.0001}","{""detection_events"":41620,""detectors_checked"":119941120}"
    154624,         0,         0,    11.7,decoder_by_matrix,9c6baee88fc81e7d1aa345fcb3feec7ee81f21c5d49cb6ca037118097d89e180,"{""distance"":5,""physical_error_rate"":5e-05}","{""detection_events"":4555,""detectors_checked"":26286080}"
    148480,         0,         0,    11.7,decoder_by_matrix,b84cf4b8ca220d31f17e1e2ea9ab927bbc4176b15682c650e7d1dd8f2758172b,"{""distance"":5,""physical_error_rate"":0.0005}","{""detection_events"":40755,""detectors_checked"":25241600}"
    161792,         0,         0,    11.7,decoder_by_matrix,0421d486f8a041838688df650e87c0a19c3450ab7a7cc8b3dc589ebff86d1c74,"{""distance"":5,""physical_error_rate"":0.0001}","{""detection_events"":10150,""detectors_checked"":27504640}"
    248832,         0,         0,    11.7,decoder_by_matrix,e41ade2e4684e0396b9a3890c882b6453b515d69885aa1d89a26ce21ec554895,"{""distance"":5,""physical_error_rate"":1e-06}","{""detection_events"":150,""detectors_checked"":42301440}"
    166912,         0,         0,    11.7,decoder_by_matrix,3c866087b289edc25e9adea730044a15db18cabfd3ae2507fc844d5b4e03657a,"{""distance"":5,""physical_error_rate"":5e-06}","{""detection_events"":550,""detectors_checked"":28375040}"
    153600,         0,         0,    11.7,decoder_by_matrix,9c6baee88fc81e7d1aa345fcb3feec7ee81f21c5d49cb6ca037118097d89e180,"{""distance"":5,""physical_error_rate"":5e-05}","{""detection_events"":5160,""detectors_checked"":26112000}"
    152576,         0,         0,    11.7,decoder_by_matrix,b84cf4b8ca220d31f17e1e2ea9ab927bbc4176b15682c650e7d1dd8f2758172b,"{""distance"":5,""physical_error_rate"":0.0005}","{""detection_events"":43480,""detectors_checked"":25937920}"
   1917952,         0,         0,   119.7,decoder_by_matrix,0421d486f8a041838688df650e87c0a19c3450ab7a7cc8b3dc589ebff86d1c74,"{""distance"":5,""physical_error_rate"":0.0001}","{""detection_events"":109965,""detectors_checked"":326051840}"
    957949,         0,         0,    47.4,decoder_by_matrix,3c866087b289edc25e9adea730044a15db18cabfd3ae2507fc844d5b4e03657a,"{""distance"":5,""physical_error_rate"":5e-06}","{""detection_events"":2920,""detectors_checked"":162851330}"
    811119,         0,         0,    54.9,decoder_by_matrix,3c866087b289edc25e9adea730044a15db18cabfd3ae2507fc844d5b4e03657a,"{""distance"":5,""physical_error_rate"":5e-06}","{""detection_events"":2155,""detectors_checked"":137890230}"
    739328,         0,         0,    55.4,decoder_by_matrix,3c866087b289edc25e9adea730044a15db18cabfd3ae2507fc844d5b4e03657a,"{""distance"":5,""physical_error_rate"":5e-06}","{""detection_events"":2430,""detectors_checked"":125685760}"
    360746,         0,         0,    16.9,decoder_by_matrix,e41ade2e4684e0396b9a3890c882b6453b515d69885aa1d89a26ce21ec554895,"{""distance"":5,""physical_error_rate"":1e-06}","{""detection_events"":280,""detectors_checked"":61326820}"
   1533952,         0,         0,   119.6,decoder_by_matrix,b84cf4b8ca220d31f17e1e2ea9ab927bbc4176b15682c650e7d1dd8f2758172b,"{""distance"":5,""physical_error_rate"":0.0005}","{""detection_events"":436520,""detectors_checked"":260771840}"
   1661952,         0,         0,   119.6,decoder_by_matrix,e41ade2e4684e0396b9a3890c882b6453b515d69885aa1d89a26ce21ec554895,"{""distance"":5,""physical_error_rate"":1e-06}","{""detection_events"":1170,""detectors_checked"":282531840}"
   1568768,         0,         0,   119.5,decoder_by_matrix,9c6baee88fc81e7d1aa345fcb3feec7ee81f21c5d49cb6ca037118097d89e180,"{""distance"":5,""physical_error_rate"":5e-05}","{""detection_events"":43470,""detectors_checked"":266690560}"
   1545216,         0,         0,   119.6,decoder_by_matrix,0421d486f8a041838688df650e87c0a19c3450ab7a7cc8b3dc589ebff86d1c74,"{""distance"":5,""physical_error_rate"":0.0001}","{""detection_events"":89270,""detectors_checked"":262686720}"
    950272,         0,         0,    16.3,decoder_by_matrix,0421d486f8a041838688df650e87c0a19c3450ab7a7cc8b3dc589ebff86d1c74,"{""distance"":5,""physical_error_rate"":0.0001}","{""detection_events"":52040,""detectors_checked"":161546240}"
    225280,         0,         0,    16.4,decoder_by_matrix,9c6baee88fc81e7d1aa345fcb3feec7ee81f21c5d49cb6ca037118097d89e180,"{""distance"":5,""physical_error_rate"":5e-05}","{""detection_events"":5740,""detectors_checked"":38297600}"
    214016,         0,         0,    16.4,decoder_by_matrix,b84cf4b8ca220d31f17e1e2ea9ab927bbc4176b15682c650e7d1dd8f2758172b,"{""distance"":5,""physical_error_rate"":0.0005}","{""detection_events"":61770,""detectors_checked"":36382720}"
    352256,         0,         0,    16.3,decoder_by_matrix,e41ade2e4684e0396b9a3890c882b6453b515d69885aa1d89a26ce21ec554895,"{""distance"":5,""physical_error_rate"":1e-06}","{""detection_events"":75,""detectors_checked"":59883520}"
    198656,         0,         0,    16.3,decoder_by_matrix,0421d486f8a041838688df650e87c0a19c3450ab7a7cc8b3dc589ebff86d1c74,"{""distance"":5,""physical_error_rate"":0.0001}","{""detection_events"":11515,""detectors_checked"":33771520}"
    218112,         0,         0,    16.3,decoder_by_matrix,3c866087b289edc25e9adea730044a15db18cabfd3ae2507fc844d5b4e03657a,"{""distance"":5,""physical_error_rate"":5e-06}","{""detection_events"":785,""detectors_checked"":37079040}"
    214016,         0,         0,    16.3,decoder_by_matrix,b84cf4b8ca220d31f17e1e2ea9ab927bbc4176b15682c650e7d1dd8f2758172b,"{""distance"":5,""physical_error_rate"":0.0005}","{""detection_events"":62425,""detectors_checked"":36382720}"
    219136,         0,         0,    16.4,decoder_by_matrix,9c6baee88fc81e7d1aa345fcb3feec7ee81f21c5d49cb6ca037118097d89e180,"{""distance"":5,""physical_error_rate"":5e-05}","{""detection_events"":6375,""detectors_checked"":37253120}"
   1658880,         0,         0,   119.6,decoder_by_matrix,e41ade2e4684e0396b9a3890c882b6453b515d69885aa1d89a26ce21ec554895,"{""distance"":5,""physical_error_rate"":1e-06}","{""detection_events"":1120,""detectors_checked"":282009600}"
   1550336,         0,         0,   119.6,decoder_by_matrix,0421d486f8a041838688df650e87c0a19c3450ab7a7cc8b3dc589ebff86d1c74,"{""distance"":5,""physical_error_rate"":0.0001}","{""detection_events"":87880,""detectors_checked"":263557120}"
   1605632,         0,         0,   119.5,decoder_by_matrix,9c6baee88fc81e7d1aa345fcb3feec7ee81f21c5d49cb6ca037118097d89e180,"{""distance"":5,""physical_error_rate"":5e-05}","{""detection_events"":44060,""detectors_checked"":272957440}"
   1562624,         1,         0,   119.7,decoder_by_matrix,b84cf4b8ca220d31f17e1e2ea9ab927bbc4176b15682c650e7d1dd8f2758172b,"{""distance"":5,""physical_error_rate"":0.0005}","{""detection_events"":440340,""detectors_checked"":265646080,""obs_mistake_mask=E_EE"":1}"
    199907,         0,         0,    13.6,decoder_by_matrix,e41ade2e4684e0396b9a3890c882b6453b515d69885aa1d89a26ce21ec554895,"{""distance"":5,""physical_error_rate"":1e-06}","{""detection_events"":175,""detectors_checked"":33984190}"
    720995,         0,         0,    53.3,decoder_by_matrix,3c866087b289edc25e9adea730044a15db18cabfd3ae2507fc844d5b4e03657a,"{""distance"":5,""physical_error_rate"":5e-06}","{""detection_events"":2065,""detectors_checked"":122569150}"
    600064,         0,         0,    43.9,decoder_by_matrix,3c866087b289edc25e9adea730044a15db18cabfd3ae2507fc844d5b4e03657a,"{""distance"":5,""physical_error_rate"":5e-06}","{""detection_events"":1215,""detectors_checked"":102010880}"
    662528,         0,         0,    51.8,decoder_by_matrix,3c866087b289edc25e9adea730044a15db18cabfd3ae2507fc844d5b4e03657a,"{""distance"":5,""physical_error_rate"":5e-06}","{""detection_events"":1805,""detectors_checked"":112629760}"
    634880,         0,         0,    46.3,decoder_by_matrix,3c866087b289edc25e9adea730044a15db18cabfd3ae2507fc844d5b4e03657a,"{""distance"":5,""physical_error_rate"":5e-06}","{""detection_events"":1755,""detectors_checked"":107929600}"
    621568,         0,         0,    45.8,decoder_by_matrix,3c866087b289edc25e9adea730044a15db18cabfd3ae2507fc844d5b4e03657a,"{""distance"":5,""physical_error_rate"":5e-06}","{""detection_events"":1745,""detectors_checked"":105666560}"
     58467,         0,         0,    4.54,decoder_by_matrix,3c866087b289edc25e9adea730044a15db18cabfd3ae2507fc844d5b4e03657a,"{""distance"":5,""physical_error_rate"":5e-06}","{""detection_events"":135,""detectors_checked"":9939390}"
    419840,         0,         0,    20.2,decoder_by_matrix,3c866087b289edc25e9adea730044a15db18cabfd3ae2507fc844d5b4e03657a,"{""distance"":5,""physical_error_rate"":5e-06}","{""detection_events"":1025,""detectors_checked"":71372800}"
    267264,         0,         0,    19.9,decoder_by_matrix,3c866087b289edc25e9adea730044a15db18cabfd3ae2507fc844d5b4e03657a,"{""distance"":5,""physical_error_rate"":5e-06}","{""detection_events"":1100,""detectors_checked"":45434880}"
    280576,         0,         0,    20.0,decoder_by_matrix,3c866087b289edc25e9adea730044a15db18cabfd3ae2507fc844d5b4e03657a,"{""distance"":5,""physical_error_rate"":5e-06}","{""detection_events"":580,""detectors_checked"":47697920}"
     88650,         0,         0,    7.14,decoder_by_matrix,3c866087b289edc25e9adea730044a15db18cabfd3ae2507fc844d5b4e03657a,"{""distance"":5,""physical_error_rate"":5e-06}","{""detection_events"":250,""detectors_checked"":15070500}"
    163840,         0,         0,    12.2,decoder_by_matrix,3c866087b289edc25e9adea730044a15db18cabfd3ae2507fc844d5b4e03657a,"{""distance"":5,""physical_error_rate"":5e-06}","{""detection_events"":345,""detectors_checked"":27852800}"
     99427,         0,         0,    8.10,decoder_by_matrix,3c866087b289edc25e9adea730044a15db18cabfd3ae2507fc844d5b4e03657a,"{""distance"":5,""physical_error_rate"":5e-06}","{""detection_events"":300,""detectors_checked"":16902590}"
    111616,         0,         0,    8.21,decoder_by_matrix,3c866087b289edc25e9adea730044a15db18cabfd3ae2507fc844d5b4e03657a,"{""distance"":5,""physical_error_rate"":5e-06}","{""detection_events"":210,""detectors_checked"":18974720}"
    109568,         0,         0,    8.28,decoder_by_matrix,3c866087b289edc25e9adea730044a15db18cabfd3ae2507fc844d5b4e03657a,"{""distance"":5,""physical_error_rate"":5e-06}","{""detection_events"":305,""detectors_checked"":18626560}"
    101491,         0,         0,    3.83,decoder_by_matrix,3c866087b289edc25e9adea730044a15db18cabfd3ae2507fc844d5b4e03657a,"{""distance"":5,""physical_error_rate"":5e-06}","{""detection_events"":160,""detectors_checked"":17253470}"
     65638,         0,         0,    4.74,decoder_by_matrix,3c866087b289edc25e9adea730044a15db18cabfd3ae2507fc844d5b4e03657a,"{""distance"":5,""physical_error_rate"":5e-06}","{""detection_events"":215,""detectors_checked"":11158460}"
     64512,         0,         0,    4.81,decoder_by_matrix,3c866087b289edc25e9adea730044a15db18cabfd3ae2507fc844d5b4e03657a,"{""distance"":5,""physical_error_rate"":5e-06}","{""detection_events"":185,""detectors_checked"":10967040}"
     58345,         0,         0,    5.18,decoder_by_matrix,3c866087b289edc25e9adea730044a15db18cabfd3ae2507fc844d5b4e03657a,"{""distance"":5,""physical_error_rate"":5e-06}","{""detection_events"":75,""detectors_checked"":9918650}"
     44694,         0,         0,    1.84,decoder_by_matrix,3c866087b289edc25e9adea730044a15db18cabfd3ae2507fc844d5b4e03657a,"{""distance"":5,""physical_error_rate"":5e-06}","{""detection_events"":170,""detectors_checked"":7597980}"
     40960,         0,         0,    3.06,decoder_by_matrix,3c866087b289edc25e9adea730044a15db18cabfd3ae2507fc844d5b4e03657a,"{""distance"":5,""physical_error_rate"":5e-06}","{""detection_events"":70,""detectors_checked"":6963200}"
     41984,         0,         0,    3.11,decoder_by_matrix,3c866087b289edc25e9adea730044a15db18cabfd3ae2507fc844d5b4e03657a,"{""distance"":5,""physical_error_rate"":5e-06}","{""detection_events"":105,""detectors_checked"":7137280}"
     14898,         0,         0,   0.646,decoder_by_matrix,3c866087b289edc25e9adea730044a15db18cabfd3ae2507fc844d5b4e03657a,"{""distance"":5,""physical_error_rate"":5e-06}","{""detection_events"":10,""detectors_checked"":2532660}"
     36864,         0,         0,    2.66,decoder_by_matrix,3c866087b289edc25e9adea730044a15db18cabfd3ae2507fc844d5b4e03657a,"{""distance"":5,""physical_error_rate"":5e-06}","{""detection_events"":65,""detectors_checked"":6266880}"
     34816,         0,         0,    2.70,decoder_by_matrix,3c866087b289edc25e9adea730044a15db18cabfd3ae2507fc844d5b4e03657a,"{""distance"":5,""physical_error_rate"":5e-06}","{""detection_events"":185,""detectors_checked"":5918720}"
      7673,         0,         0,   0.594,decoder_by_matrix,3c866087b289edc25e9adea730044a15db18cabfd3ae2507fc844d5b4e03657a,"{""distance"":5,""physical_error_rate"":5e-06}","{""detection_events"":10,""detectors_checked"":1304410}"
     32768,         0,         0,    2.79,decoder_by_matrix,3c866087b289edc25e9adea730044a15db18cabfd3ae2507fc844d5b4e03657a,"{""distance"":5,""physical_error_rate"":5e-06}","{""detection_events"":160,""detectors_checked"":5570560}"
      4912,         0,         0,   0.333,decoder_by_matrix,3c866087b289edc25e9adea730044a15db18cabfd3ae2507fc844d5b4e03657a,"{""distance"":5,""physical_error_rate"":5e-06}","{""detectors_checked"":835040}"
     25600,         0,         0,    1.89,decoder_by_matrix,3c866087b289edc25e9adea730044a15db18cabfd3ae2507fc844d5b4e03657a,"{""distance"":5,""physical_error_rate"":5e-06}","{""detection_events"":140,""detectors_checked"":4352000}"
     13312,         0,         0,    1.08,decoder_by_matrix,3c866087b289edc25e9adea730044a15db18cabfd3ae2507fc844d5b4e03657a,"{""distance"":5,""physical_error_rate"":5e-06}","{""detection_events"":10,""detectors_checked"":2263040}"
     25600,         0,         0,    1.98,decoder_by_matrix,3c866087b289edc25e9adea730044a15db18cabfd3ae2507fc844d5b4e03657a,"{""distance"":5,""physical_error_rate"":5e-06}","{""detection_events"":100,""detectors_checked"":4352000}"
     19456,         0,         0,    1.58,decoder_by_matrix,3c866087b289edc25e9adea730044a15db18cabfd3ae2507fc844d5b4e03657a,"{""distance"":5,""physical_error_rate"":5e-06}","{""detection_events"":30,""detectors_checked"":3307520}"
       354,         0,         0,   0.064,decoder_by_matrix,3c866087b289edc25e9adea730044a15db18cabfd3ae2507fc844d5b4e03657a,"{""distance"":5,""physical_error_rate"":5e-06}","{""detectors_checked"":60180}"
       726,         0,         0,   0.078,decoder_by_matrix,3c866087b289edc25e9adea730044a15db18cabfd3ae2507fc844d5b4e03657a,"{""distance"":5,""physical_error_rate"":5e-06}","{""detectors_checked"":123420}"
      3257,         0,         0,   0.295,decoder_by_matrix,3c866087b289edc25e9adea730044a15db18cabfd3ae2507fc844d5b4e03657a,"{""distance"":5,""physical_error_rate"":5e-06}","{""detectors_checked"":553690}"
      8685,         0,         0,   0.678,decoder_by_matrix,3c866087b289edc25e9adea730044a15db18cabfd3ae2507fc844d5b4e03657a,"{""distance"":5,""physical_error_rate"":5e-06}","{""detection_events"":35,""detectors_checked"":1476450}"
      8685,         0,         0,   0.680,decoder_by_matrix,3c866087b289edc25e9adea730044a15db18cabfd3ae2507fc844d5b4e03657a,"{""distance"":5,""physical_error_rate"":5e-06}","{""detection_events"":40,""detectors_checked"":1476450}"
     13009,         0,         0,   0.701,decoder_by_matrix,3c866087b289edc25e9adea730044a15db18cabfd3ae2507fc844d5b4e03657a,"{""distance"":5,""physical_error_rate"":5e-06}","{""detection_events"":20,""detectors_checked"":2211530}"
      3257,         0,         0,   0.280,decoder_by_matrix,3c866087b289edc25e9adea730044a15db18cabfd3ae2507fc844d5b4e03657a,"{""distance"":5,""physical_error_rate"":5e-06}","{""detectors_checked"":553690}"
      2878,         0,         0,   0.228,decoder_by_matrix,3c866087b289edc25e9adea730044a15db18cabfd3ae2507fc844d5b4e03657a,"{""distance"":5,""physical_error_rate"":5e-06}","{""detectors_checked"":489260}"
      6960,         0,         0,   0.749,decoder_by_matrix,3c866087b289edc25e9adea730044a15db18cabfd3ae2507fc844d5b4e03657a,"{""distance"":5,""physical_error_rate"":5e-06}","{""detection_events"":80,""detectors_checked"":1183200}"
       261,         0,         0,   0.039,decoder_by_matrix,3c866087b289edc25e9adea730044a15db18cabfd3ae2507fc844d5b4e03657a,"{""distance"":5,""physical_error_rate"":5e-06}","{""detectors_checked"":44370}"
       482,         0,         0,   0.062,decoder_by_matrix,3c866087b289edc25e9adea730044a15db18cabfd3ae2507fc844d5b4e03657a,"{""distance"":5,""physical_error_rate"":5e-06}","{""detectors_checked"":81940}"
      5120,         0,         0,   0.367,decoder_by_matrix,3c866087b289edc25e9adea730044a15db18cabfd3ae2507fc844d5b4e03657a,"{""distance"":5,""physical_error_rate"":5e-06}","{""detectors_checked"":870400}"
      4096,         0,         0,   0.309,decoder_by_matrix,3c866087b289edc25e9adea730044a15db18cabfd3ae2507fc844d5b4e03657a,"{""distance"":5,""physical_error_rate"":5e-06}","{""detection_events"":10,""detectors_checked"":696320}"
       104,         0,         0,   0.063,decoder_by_matrix,3c866087b289edc25e9adea730044a15db18cabfd3ae2507fc844d5b4e03657a,"{""distance"":5,""physical_error_rate"":5e-06}","{""detectors_checked"":17680}"
        15,         0,         0,   0.059,decoder_by_matrix,3c866087b289edc25e9adea730044a15db18cabfd3ae2507fc844d5b4e03657a,"{""distance"":5,""physical_error_rate"":5e-06}","{""detectors_checked"":2550}"
       104,         0,         0,   0.065,decoder_by_matrix,3c866087b289edc25e9adea730044a15db18cabfd3ae2507fc844d5b4e03657a,"{""distance"":5,""physical_error_rate"":5e-06}","{""detectors_checked"":17680}"
       104,         0,         0,   0.061,decoder_by_matrix,3c866087b289edc25e9adea730044a15db18cabfd3ae2507fc844d5b4e03657a,"{""distance"":5,""physical_error_rate"":5e-06}","{""detectors_checked"":17680}"
       104,         0,         0,   0.061,decoder_by_matrix,3c866087b289edc25e9adea730044a15db18cabfd3ae2507fc844d5b4e03657a,"{""distance"":5,""physical_error_rate"":5e-06}","{""detectors_checked"":17680}"
       104,         0,         0,   0.061,decoder_by_matrix,3c866087b289edc25e9adea730044a15db18cabfd3ae2507fc844d5b4e03657a,"{""distance"":5,""physical_error_rate"":5e-06}","{""detectors_checked"":17680}"
       104,         0,         0,   0.062,decoder_by_matrix,3c866087b289edc25e9adea730044a15db18cabfd3ae2507fc844d5b4e03657a,"{""distance"":5,""physical_error_rate"":5e-06}","{""detectors_checked"":17680}"
       104,         0,         0,   0.081,decoder_by_matrix,3c866087b289edc25e9adea730044a15db18cabfd3ae2507fc844d5b4e03657a,"{""distance"":5,""physical_error_rate"":5e-06}","{""detectors_checked"":17680}"
       104,         0,         0,   0.089,decoder_by_matrix,3c866087b289edc25e9adea730044a15db18cabfd3ae2507fc844d5b4e03657a,"{""distance"":5,""physical_error_rate"":5e-06}","{""detectors_checked"":17680}"
        78,         0,         0,   0.060,decoder_by_matrix,3c866087b289edc25e9adea730044a15db18cabfd3ae2507fc844d5b4e03657a,"{""distance"":5,""physical_error_rate"":5e-06}","{""detectors_checked"":13260}"
        11,         0,         0,   0.062,decoder_by_matrix,3c866087b289edc25e9adea730044a15db18cabfd3ae2507fc844d5b4e03657a,"{""distance"":5,""physical_error_rate"":5e-06}","{""detectors_checked"":1870}"
   1112064,         0,         0,    82.1,decoder_by_matrix,e41ade2e4684e0396b9a3890c882b6453b515d69885aa1d89a26ce21ec554895,"{""distance"":5,""physical_error_rate"":1e-06}","{""detection_events"":710,""detectors_checked"":189050880}"
   1187840,         0,         0,    82.5,decoder_by_matrix,e41ade2e4684e0396b9a3890c882b6453b515d69885aa1d89a26ce21ec554895,"{""distance"":5,""physical_error_rate"":1e-06}","{""detection_events"":525,""detectors_checked"":201932800}"
         1,         0,         0,   0.059,decoder_by_matrix,b84cf4b8ca220d31f17e1e2ea9ab927bbc4176b15682c650e7d1dd8f2758172b,"{""distance"":5,""physical_error_rate"":0.0005}","{""detectors_checked"":170}"
         1,         0,         0,   0.053,decoder_by_matrix,b84cf4b8ca220d31f17e1e2ea9ab927bbc4176b15682c650e7d1dd8f2758172b,"{""distance"":5,""physical_error_rate"":0.0005}","{""detectors_checked"":170}"
         1,         0,         0,   0.055,decoder_by_matrix,9c6baee88fc81e7d1aa345fcb3feec7ee81f21c5d49cb6ca037118097d89e180,"{""distance"":5,""physical_error_rate"":5e-05}","{""detectors_checked"":170}"
         1,         0,         0,   0.076,decoder_by_matrix,0421d486f8a041838688df650e87c0a19c3450ab7a7cc8b3dc589ebff86d1c74,"{""distance"":5,""physical_error_rate"":0.0001}","{""detectors_checked"":170}"
         1,         0,         0,   0.060,decoder_by_matrix,e41ade2e4684e0396b9a3890c882b6453b515d69885aa1d89a26ce21ec554895,"{""distance"":5,""physical_error_rate"":1e-06}","{""detectors_checked"":170}"
         1,         0,         0,   0.062,decoder_by_matrix,0421d486f8a041838688df650e87c0a19c3450ab7a7cc8b3dc589ebff86d1c74,"{""distance"":5,""physical_error_rate"":0.0001}","{""detectors_checked"":170}"
         1,         0,         0,   0.062,decoder_by_matrix,e41ade2e4684e0396b9a3890c882b6453b515d69885aa1d89a26ce21ec554895,"{""distance"":5,""physical_error_rate"":1e-06}","{""detectors_checked"":170}"
         1,         0,         0,   0.102,decoder_by_matrix,9c6baee88fc81e7d1aa345fcb3feec7ee81f21c5d49cb6ca037118097d89e180,"{""distance"":5,""physical_error_rate"":5e-05}","{""detectors_checked"":170}"
         8,         0,         0,   0.073,decoder_by_matrix,b84cf4b8ca220d31f17e1e2ea9ab927bbc4176b15682c650e7d1dd8f2758172b,"{""distance"":5,""physical_error_rate"":0.0005}","{""detectors_checked"":1360}"
         1,         0,         0,   0.099,decoder_by_matrix,e41ade2e4684e0396b9a3890c882b6453b515d69885aa1d89a26ce21ec554895,"{""distance"":5,""physical_error_rate"":1e-06}","{""detectors_checked"":170}"
         8,         0,         0,   0.063,decoder_by_matrix,9c6baee88fc81e7d1aa345fcb3feec7ee81f21c5d49cb6ca037118097d89e180,"{""distance"":5,""physical_error_rate"":5e-05}","{""detectors_checked"":1360}"
         8,         0,         0,   0.076,decoder_by_matrix,b84cf4b8ca220d31f17e1e2ea9ab927bbc4176b15682c650e7d1dd8f2758172b,"{""distance"":5,""physical_error_rate"":0.0005}","{""detectors_checked"":1360}"
         4,         0,         0,   0.074,decoder_by_matrix,0421d486f8a041838688df650e87c0a19c3450ab7a7cc8b3dc589ebff86d1c74,"{""distance"":5,""physical_error_rate"":0.0001}","{""detectors_checked"":680}"
         8,         0,         0,   0.065,decoder_by_matrix,e41ade2e4684e0396b9a3890c882b6453b515d69885aa1d89a26ce21ec554895,"{""distance"":5,""physical_error_rate"":1e-06}","{""detectors_checked"":1360}"
         8,         0,         0,   0.073,decoder_by_matrix,0421d486f8a041838688df650e87c0a19c3450ab7a7cc8b3dc589ebff86d1c74,"{""distance"":5,""physical_error_rate"":0.0001}","{""detectors_checked"":1360}"
         8,         0,         0,   0.077,decoder_by_matrix,e41ade2e4684e0396b9a3890c882b6453b515d69885aa1d89a26ce21ec554895,"{""distance"":5,""physical_error_rate"":1e-06}","{""detectors_checked"":1360}"
         4,         0,         0,   0.064,decoder_by_matrix,9c6baee88fc81e7d1aa345fcb3feec7ee81f21c5d49cb6ca037118097d89e180,"{""distance"":5,""physical_error_rate"":5e-05}","{""detectors_checked"":680}"
        64,         0,         0,   0.035,decoder_by_matrix,e41ade2e4684e0396b9a3890c882b6453b515d69885aa1d89a26ce21ec554895,"{""distance"":5,""physical_error_rate"":1e-06}","{""detectors_checked"":10880}"
        64,         0,         0,   0.077,decoder_by_matrix,b84cf4b8ca220d31f17e1e2ea9ab927bbc4176b15682c650e7d1dd8f2758172b,"{""distance"":5,""physical_error_rate"":0.0005}","{""detection_events"":5,""detectors_checked"":10880}"
        64,         0,         0,   0.063,decoder_by_matrix,9c6baee88fc81e7d1aa345fcb3feec7ee81f21c5d49cb6ca037118097d89e180,"{""distance"":5,""physical_error_rate"":5e-05}","{""detectors_checked"":10880}"
        32,         0,         0,   0.064,decoder_by_matrix,b84cf4b8ca220d31f17e1e2ea9ab927bbc4176b15682c650e7d1dd8f2758172b,"{""distance"":5,""physical_error_rate"":0.0005}","{""detectors_checked"":5440}"
        32,         0,         0,   0.060,decoder_by_matrix,0421d486f8a041838688df650e87c0a19c3450ab7a7cc8b3dc589ebff86d1c74,"{""distance"":5,""physical_error_rate"":0.0001}","{""detectors_checked"":5440}"
        64,         0,         0,   0.061,decoder_by_matrix,0421d486f8a041838688df650e87c0a19c3450ab7a7cc8b3dc589ebff86d1c74,"{""distance"":5,""physical_error_rate"":0.0001}","{""detectors_checked"":10880}"
      1024,         0,         0,   0.038,decoder_by_matrix,e41ade2e4684e0396b9a3890c882b6453b515d69885aa1d89a26ce21ec554895,"{""distance"":5,""physical_error_rate"":1e-06}","{""detectors_checked"":174080}"
         4,         0,         0,   0.110,decoder_by_matrix,e41ade2e4684e0396b9a3890c882b6453b515d69885aa1d89a26ce21ec554895,"{""distance"":5,""physical_error_rate"":1e-06}","{""detectors_checked"":680}"
        32,         0,         0,   0.073,decoder_by_matrix,e41ade2e4684e0396b9a3890c882b6453b515d69885aa1d89a26ce21ec554895,"{""distance"":5,""physical_error_rate"":1e-06}","{""detectors_checked"":5440}"
        32,         0,         0,   0.074,decoder_by_matrix,9c6baee88fc81e7d1aa345fcb3feec7ee81f21c5d49cb6ca037118097d89e180,"{""distance"":5,""physical_error_rate"":5e-05}","{""detection_events"":10,""detectors_checked"":5440}"
       256,         0,         0,   0.077,decoder_by_matrix,b84cf4b8ca220d31f17e1e2ea9ab927bbc4176b15682c650e7d1dd8f2758172b,"{""distance"":5,""physical_error_rate"":0.0005}","{""detection_events"":80,""detectors_checked"":43520}"
       512,         0,         0,   0.064,decoder_by_matrix,9c6baee88fc81e7d1aa345fcb3feec7ee81f21c5d49cb6ca037118097d89e180,"{""distance"":5,""physical_error_rate"":5e-05}","{""detection_events"":35,""detectors_checked"":87040}"
       512,         0,         0,   0.075,decoder_by_matrix,0421d486f8a041838688df650e87c0a19c3450ab7a7cc8b3dc589ebff86d1c74,"{""distance"":5,""physical_error_rate"":0.0001}","{""detection_events"":45,""detectors_checked"":87040}"
       256,         0,         0,   0.064,decoder_by_matrix,0421d486f8a041838688df650e87c0a19c3450ab7a7cc8b3dc589ebff86d1c74,"{""distance"":5,""physical_error_rate"":0.0001}","{""detection_events"":25,""detectors_checked"":43520}"
       256,         0,         0,   0.064,decoder_by_matrix,b84cf4b8ca220d31f17e1e2ea9ab927bbc4176b15682c650e7d1dd8f2758172b,"{""distance"":5,""physical_error_rate"":0.0005}","{""detection_events"":5,""detectors_checked"":43520}"
      2048,         0,         0,   0.074,decoder_by_matrix,e41ade2e4684e0396b9a3890c882b6453b515d69885aa1d89a26ce21ec554895,"{""distance"":5,""physical_error_rate"":1e-06}","{""detectors_checked"":348160}"
       256,         0,         0,   0.064,decoder_by_matrix,9c6baee88fc81e7d1aa345fcb3feec7ee81f21c5d49cb6ca037118097d89e180,"{""distance"":5,""physical_error_rate"":5e-05}","{""detectors_checked"":43520}"
       256,         0,         0,   0.064,decoder_by_matrix,e41ade2e4684e0396b9a3890c882b6453b515d69885aa1d89a26ce21ec554895,"{""distance"":5,""physical_error_rate"":1e-06}","{""detectors_checked"":43520}"
        16,         0,         0,   0.111,decoder_by_matrix,e41ade2e4684e0396b9a3890c882b6453b515d69885aa1d89a26ce21ec554895,"{""distance"":5,""physical_error_rate"":1e-06}","{""detectors_checked"":2720}"
      1024,         0,         0,   0.079,decoder_by_matrix,b84cf4b8ca220d31f17e1e2ea9ab927bbc4176b15682c650e7d1dd8f2758172b,"{""distance"":5,""physical_error_rate"":0.0005}","{""detection_events"":320,""detectors_checked"":174080}"
      1024,         0,         0,   0.068,decoder_by_matrix,9c6baee88fc81e7d1aa345fcb3feec7ee81f21c5d49cb6ca037118097d89e180,"{""distance"":5,""physical_error_rate"":5e-05}","{""detectors_checked"":174080}"
      2048,         0,         0,   0.072,decoder_by_matrix,e41ade2e4684e0396b9a3890c882b6453b515d69885aa1d89a26ce21ec554895,"{""distance"":5,""physical_error_rate"":1e-06}","{""detectors_checked"":348160}"
      1024,         0,         0,   0.076,decoder_by_matrix,0421d486f8a041838688df650e87c0a19c3450ab7a7cc8b3dc589ebff86d1c74,"{""distance"":5,""physical_error_rate"":0.0001}","{""detection_events"":90,""detectors_checked"":174080}"
      1024,         0,         0,   0.079,decoder_by_matrix,b84cf4b8ca220d31f17e1e2ea9ab927bbc4176b15682c650e7d1dd8f2758172b,"{""distance"":5,""physical_error_rate"":0.0005}","{""detection_events"":190,""detectors_checked"":174080}"
      1024,         0,         0,   0.076,decoder_by_matrix,e41ade2e4684e0396b9a3890c882b6453b515d69885aa1d89a26ce21ec554895,"{""distance"":5,""physical_error_rate"":1e-06}","{""detectors_checked"":174080}"
      1024,         0,         0,   0.078,decoder_by_matrix,9c6baee88fc81e7d1aa345fcb3feec7ee81f21c5d49cb6ca037118097d89e180,"{""distance"":5,""physical_error_rate"":5e-05}","{""detection_events"":25,""detectors_checked"":174080}"
      1024,         0,         0,   0.101,decoder_by_matrix,0421d486f8a041838688df650e87c0a19c3450ab7a7cc8b3dc589ebff86d1c74,"{""distance"":5,""physical_error_rate"":0.0001}","{""detection_events"":55,""detectors_checked"":174080}"
      1024,         0,         0,   0.079,decoder_by_matrix,b84cf4b8ca220d31f17e1e2ea9ab927bbc4176b15682c650e7d1dd8f2758172b,"{""distance"":5,""physical_error_rate"":0.0005}","{""detection_events"":320,""detectors_checked"":174080}"
      1024,         0,         0,   0.063,decoder_by_matrix,0421d486f8a041838688df650e87c0a19c3450ab7a7cc8b3dc589ebff86d1c74,"{""distance"":5,""physical_error_rate"":0.0001}","{""detection_events"":25,""detectors_checked"":174080}"
        64,         0,         0,   0.084,decoder_by_matrix,e41ade2e4684e0396b9a3890c882b6453b515d69885aa1d89a26ce21ec554895,"{""distance"":5,""physical_error_rate"":1e-06}","{""detectors_checked"":10880}"
      1024,         0,         0,   0.064,decoder_by_matrix,9c6baee88fc81e7d1aa345fcb3feec7ee81f21c5d49cb6ca037118097d89e180,"{""distance"":5,""physical_error_rate"":5e-05}","{""detection_events"":10,""detectors_checked"":174080}"
      1024,         0,         0,   0.080,decoder_by_matrix,b84cf4b8ca220d31f17e1e2ea9ab927bbc4176b15682c650e7d1dd8f2758172b,"{""distance"":5,""physical_error_rate"":0.0005}","{""detection_events"":325,""detectors_checked"":174080}"
      1024,         0,         0,   0.073,decoder_by_matrix,e41ade2e4684e0396b9a3890c882b6453b515d69885aa1d89a26ce21ec554895,"{""distance"":5,""physical_error_rate"":1e-06}","{""detectors_checked"":174080}"
      1024,         0,         0,   0.077,decoder_by_matrix,0421d486f8a041838688df650e87c0a19c3450ab7a7cc8b3dc589ebff86d1c74,"{""distance"":5,""physical_error_rate"":0.0001}","{""detection_events"":30,""detectors_checked"":174080}"
      1024,         0,         0,   0.095,decoder_by_matrix,9c6baee88fc81e7d1aa345fcb3feec7ee81f21c5d49cb6ca037118097d89e180,"{""distance"":5,""physical_error_rate"":5e-05}","{""detection_events"":10,""detectors_checked"":174080}"
      1024,         0,         0,   0.079,decoder_by_matrix,b84cf4b8ca220d31f17e1e2ea9ab927bbc4176b15682c650e7d1dd8f2758172b,"{""distance"":5,""physical_error_rate"":0.0005}","{""detection_events"":355,""detectors_checked"":174080}"
      3072,         0,         0,   0.139,decoder_by_matrix,e41ade2e4684e0396b9a3890c882b6453b515d69885aa1d89a26ce21ec554895,"{""distance"":5,""physical_error_rate"":1e-06}","{""detectors_checked"":522240}"
      1024,         0,         0,   0.064,decoder_by_matrix,9c6baee88fc81e7d1aa345fcb3feec7ee81f21c5d49cb6ca037118097d89e180,"{""distance"":5,""physical_error_rate"":5e-05}","{""detectors_checked"":174080}"
       256,         0,         0,   0.064,decoder_by_matrix,e41ade2e4684e0396b9a3890c882b6453b515d69885aa1d89a26ce21ec554895,"{""distance"":5,""physical_error_rate"":1e-06}","{""detectors_checked"":43520}"
      1024,         0,         0,   0.064,decoder_by_matrix,0421d486f8a041838688df650e87c0a19c3450ab7a7cc8b3dc589ebff86d1c74,"{""distance"":5,""physical_error_rate"":0.0001}","{""detection_events"":55,""detectors_checked"":174080}"
      1024,         0,         0,   0.079,decoder_by_matrix,b84cf4b8ca220d31f17e1e2ea9ab927bbc4176b15682c650e7d1dd8f2758172b,"{""distance"":5,""physical_error_rate"":0.0005}","{""detection_events"":300,""detectors_checked"":174080}"
      1024,         0,         0,   0.063,decoder_by_matrix,e41ade2e4684e0396b9a3890c882b6453b515d69885aa1d89a26ce21ec554895,"{""distance"":5,""physical_error_rate"":1e-06}","{""detectors_checked"":174080}"
      1024,         0,         0,   0.064,decoder_by_matrix,9c6baee88fc81e7d1aa345fcb3feec7ee81f21c5d49cb6ca037118097d89e180,"{""distance"":5,""physical_error_rate"":5e-05}","{""detection_events"":30,""detectors_checked"":174080}"
      1024,         0,         0,   0.075,decoder_by_matrix,0421d486f8a041838688df650e87c0a19c3450ab7a7cc8b3dc589ebff86d1c74,"{""distance"":5,""physical_error_rate"":0.0001}","{""detection_events"":45,""detectors_checked"":174080}"
      1024,         0,         0,   0.066,decoder_by_matrix,e41ade2e4684e0396b9a3890c882b6453b515d69885aa1d89a26ce21ec554895,"{""distance"":5,""physical_error_rate"":1e-06}","{""detectors_checked"":174080}"
      3072,         0,         0,   0.111,decoder_by_matrix,e41ade2e4684e0396b9a3890c882b6453b515d69885aa1d89a26ce21ec554895,"{""distance"":5,""physical_error_rate"":1e-06}","{""detectors_checked"":522240}"
      2048,         0,         0,   0.158,decoder_by_matrix,b84cf4b8ca220d31f17e1e2ea9ab927bbc4176b15682c650e7d1dd8f2758172b,"{""distance"":5,""physical_error_rate"":0.0005}","{""detection_events"":645,""detectors_checked"":348160}"
      2048,         0,         0,   0.141,decoder_by_matrix,9c6baee88fc81e7d1aa345fcb3feec7ee81f21c5d49cb6ca037118097d89e180,"{""distance"":5,""physical_error_rate"":5e-05}","{""detection_events"":90,""detectors_checked"":348160}"
      1024,         0,         0,   0.064,decoder_by_matrix,e41ade2e4684e0396b9a3890c882b6453b515d69885aa1d89a26ce21ec554895,"{""distance"":5,""physical_error_rate"":1e-06}","{""detectors_checked"":174080}"
      2048,         0,         0,   0.148,decoder_by_matrix,0421d486f8a041838688df650e87c0a19c3450ab7a7cc8b3dc589ebff86d1c74,"{""distance"":5,""physical_error_rate"":0.0001}","{""detection_events"":120,""detectors_checked"":348160}"
      2048,         0,         0,   0.135,decoder_by_matrix,e41ade2e4684e0396b9a3890c882b6453b515d69885aa1d89a26ce21ec554895,"{""distance"":5,""physical_error_rate"":1e-06}","{""detection_events"":5,""detectors_checked"":348160}"
      2048,         0,         0,   0.157,decoder_by_matrix,b84cf4b8ca220d31f17e1e2ea9ab927bbc4176b15682c650e7d1dd8f2758172b,"{""distance"":5,""physical_error_rate"":0.0005}","{""detection_events"":545,""detectors_checked"":348160}"
      2048,         0,         0,   0.146,decoder_by_matrix,0421d486f8a041838688df650e87c0a19c3450ab7a7cc8b3dc589ebff86d1c74,"{""distance"":5,""physical_error_rate"":0.0001}","{""detection_events"":10,""detectors_checked"":348160}"
      2048,         0,         0,   0.151,decoder_by_matrix,9c6baee88fc81e7d1aa345fcb3feec7ee81f21c5d49cb6ca037118097d89e180,"{""distance"":5,""physical_error_rate"":5e-05}","{""detection_events"":25,""detectors_checked"":348160}"
      4096,         0,         0,   0.177,decoder_by_matrix,e41ade2e4684e0396b9a3890c882b6453b515d69885aa1d89a26ce21ec554895,"{""distance"":5,""physical_error_rate"":1e-06}","{""detectors_checked"":696320}"
      2048,         0,         0,   0.139,decoder_by_matrix,e41ade2e4684e0396b9a3890c882b6453b515d69885aa1d89a26ce21ec554895,"{""distance"":5,""physical_error_rate"":1e-06}","{""detectors_checked"":348160}"
      2048,         0,         0,   0.141,decoder_by_matrix,9c6baee88fc81e7d1aa345fcb3feec7ee81f21c5d49cb6ca037118097d89e180,"{""distance"":5,""physical_error_rate"":5e-05}","{""detection_events"":40,""detectors_checked"":348160}"
      2048,         0,         0,   0.157,decoder_by_matrix,b84cf4b8ca220d31f17e1e2ea9ab927bbc4176b15682c650e7d1dd8f2758172b,"{""distance"":5,""physical_error_rate"":0.0005}","{""detection_events"":475,""detectors_checked"":348160}"
      2048,         0,         0,   0.142,decoder_by_matrix,0421d486f8a041838688df650e87c0a19c3450ab7a7cc8b3dc589ebff86d1c74,"{""distance"":5,""physical_error_rate"":0.0001}","{""detection_events"":50,""detectors_checked"":348160}"
      2048,         0,         0,   0.171,decoder_by_matrix,e41ade2e4684e0396b9a3890c882b6453b515d69885aa1d89a26ce21ec554895,"{""distance"":5,""physical_error_rate"":1e-06}","{""detectors_checked"":348160}"
      2048,         0,         0,   0.173,decoder_by_matrix,b84cf4b8ca220d31f17e1e2ea9ab927bbc4176b15682c650e7d1dd8f2758172b,"{""distance"":5,""physical_error_rate"":0.0005}","{""detection_events"":410,""detectors_checked"":348160}"
      2048,         0,         0,   0.161,decoder_by_matrix,0421d486f8a041838688df650e87c0a19c3450ab7a7cc8b3dc589ebff86d1c74,"{""distance"":5,""physical_error_rate"":0.0001}","{""detection_events"":110,""detectors_checked"":348160}"
      2048,         0,         0,   0.160,decoder_by_matrix,9c6baee88fc81e7d1aa345fcb3feec7ee81f21c5d49cb6ca037118097d89e180,"{""distance"":5,""physical_error_rate"":5e-05}","{""detection_events"":65,""detectors_checked"":348160}"
      2048,         0,         0,   0.152,decoder_by_matrix,e41ade2e4684e0396b9a3890c882b6453b515d69885aa1d89a26ce21ec554895,"{""distance"":5,""physical_error_rate"":1e-06}","{""detectors_checked"":348160}"
      3072,         0,         0,   0.212,decoder_by_matrix,e41ade2e4684e0396b9a3890c882b6453b515d69885aa1d89a26ce21ec554895,"{""distance"":5,""physical_error_rate"":1e-06}","{""detectors_checked"":522240}"
      5120,         0,         0,   0.207,decoder_by_matrix,0421d486f8a041838688df650e87c0a19c3450ab7a7cc8b3dc589ebff86d1c74,"{""distance"":5,""physical_error_rate"":0.0001}","{""detection_events"":315,""detectors_checked"":870400}"
      3072,         0,         0,   0.229,decoder_by_matrix,9c6baee88fc81e7d1aa345fcb3feec7ee81f21c5d49cb6ca037118097d89e180,"{""distance"":5,""physical_error_rate"":5e-05}","{""detection_events"":30,""detectors_checked"":522240}"
      3072,         0,         0,   0.234,decoder_by_matrix,b84cf4b8ca220d31f17e1e2ea9ab927bbc4176b15682c650e7d1dd8f2758172b,"{""distance"":5,""physical_error_rate"":0.0005}","{""detection_events"":870,""detectors_checked"":522240}"
      3072,         0,         0,   0.223,decoder_by_matrix,e41ade2e4684e0396b9a3890c882b6453b515d69885aa1d89a26ce21ec554895,"{""distance"":5,""physical_error_rate"":1e-06}","{""detectors_checked"":522240}"
      3072,         0,         0,   0.234,decoder_by_matrix,b84cf4b8ca220d31f17e1e2ea9ab927bbc4176b15682c650e7d1dd8f2758172b,"{""distance"":5,""physical_error_rate"":0.0005}","{""detection_events"":1040,""detectors_checked"":522240}"
      3072,         0,         0,   0.227,decoder_by_matrix,0421d486f8a041838688df650e87c0a19c3450ab7a7cc8b3dc589ebff86d1c74,"{""distance"":5,""physical_error_rate"":0.0001}","{""detection_events"":125,""detectors_checked"":522240}"
      3072,         0,         0,   0.239,decoder_by_matrix,9c6baee88fc81e7d1aa345fcb3feec7ee81f21c5d49cb6ca037118097d89e180,"{""distance"":5,""physical_error_rate"":5e-05}","{""detection_events"":70,""detectors_checked"":522240}"
      3072,         0,         0,   0.213,decoder_by_matrix,e41ade2e4684e0396b9a3890c882b6453b515d69885aa1d89a26ce21ec554895,"{""distance"":5,""physical_error_rate"":1e-06}","{""detectors_checked"":522240}"
      8192,         0,         0,   0.307,decoder_by_matrix,0421d486f8a041838688df650e87c0a19c3450ab7a7cc8b3dc589ebff86d1c74,"{""distance"":5,""physical_error_rate"":0.0001}","{""detection_events"":420,""detectors_checked"":1392640}"
      4096,         0,         0,   0.345,decoder_by_matrix,e41ade2e4684e0396b9a3890c882b6453b515d69885aa1d89a26ce21ec554895,"{""distance"":5,""physical_error_rate"":1e-06}","{""detectors_checked"":696320}"
      4096,         0,         0,   0.291,decoder_by_matrix,9c6baee88fc81e7d1aa345fcb3feec7ee81f21c5d49cb6ca037118097d89e180,"{""distance"":5,""physical_error_rate"":5e-05}","{""detection_events"":170,""detectors_checked"":696320}"
      4096,         0,         0,   0.311,decoder_by_matrix,b84cf4b8ca220d31f17e1e2ea9ab927bbc4176b15682c650e7d1dd8f2758172b,"{""distance"":5,""physical_error_rate"":0.0005}","{""detection_events"":1200,""detectors_checked"":696320}"
      4096,         0,         0,   0.303,decoder_by_matrix,e41ade2e4684e0396b9a3890c882b6453b515d69885aa1d89a26ce21ec554895,"{""distance"":5,""physical_error_rate"":1e-06}","{""detectors_checked"":696320}"
      4096,         0,         0,   0.310,decoder_by_matrix,b84cf4b8ca220d31f17e1e2ea9ab927bbc4176b15682c650e7d1dd8f2758172b,"{""distance"":5,""physical_error_rate"":0.0005}","{""detection_events"":1095,""detectors_checked"":696320}"
      4096,         0,         0,   0.310,decoder_by_matrix,9c6baee88fc81e7d1aa345fcb3feec7ee81f21c5d49cb6ca037118097d89e180,"{""distance"":5,""physical_error_rate"":5e-05}","{""detection_events"":120,""detectors_checked"":696320}"
      4096,         0,         0,   0.291,decoder_by_matrix,e41ade2e4684e0396b9a3890c882b6453b515d69885aa1d89a26ce21ec554895,"{""distance"":5,""physical_error_rate"":1e-06}","{""detectors_checked"":696320}"
      4096,         0,         0,   0.380,decoder_by_matrix,0421d486f8a041838688df650e87c0a19c3450ab7a7cc8b3dc589ebff86d1c74,"{""distance"":5,""physical_error_rate"":0.0001}","{""detection_events"":345,""detectors_checked"":696320}"
     11264,         0,         0,   0.430,decoder_by_matrix,e41ade2e4684e0396b9a3890c882b6453b515d69885aa1d89a26ce21ec554895,"{""distance"":5,""physical_error_rate"":1e-06}","{""detectors_checked"":1914880}"
      6144,         0,         0,   0.450,decoder_by_matrix,9c6baee88fc81e7d1aa345fcb3feec7ee81f21c5d49cb6ca037118097d89e180,"{""distance"":5,""physical_error_rate"":5e-05}","{""detection_events"":190,""detectors_checked"":1044480}"
      8192,         0,         0,   0.458,decoder_by_matrix,0421d486f8a041838688df650e87c0a19c3450ab7a7cc8b3dc589ebff86d1c74,"{""distance"":5,""physical_error_rate"":0.0001}","{""detection_events"":400,""detectors_checked"":1392640}"
      6144,         0,         0,   0.435,decoder_by_matrix,e41ade2e4684e0396b9a3890c882b6453b515d69885aa1d89a26ce21ec554895,"{""distance"":5,""physical_error_rate"":1e-06}","{""detection_events"":20,""detectors_checked"":1044480}"
      6144,         0,         0,   0.470,decoder_by_matrix,b84cf4b8ca220d31f17e1e2ea9ab927bbc4176b15682c650e7d1dd8f2758172b,"{""distance"":5,""physical_error_rate"":0.0005}","{""detection_events"":1600,""detectors_checked"":1044480}"
      5120,         0,         0,   0.411,decoder_by_matrix,9c6baee88fc81e7d1aa345fcb3feec7ee81f21c5d49cb6ca037118097d89e180,"{""distance"":5,""physical_error_rate"":5e-05}","{""detection_events"":205,""detectors_checked"":870400}"
      6144,         0,         0,   0.461,decoder_by_matrix,b84cf4b8ca220d31f17e1e2ea9ab927bbc4176b15682c650e7d1dd8f2758172b,"{""distance"":5,""physical_error_rate"":0.0005}","{""detection_events"":1935,""detectors_checked"":1044480}"
      6144,         0,         0,   0.463,decoder_by_matrix,0421d486f8a041838688df650e87c0a19c3450ab7a7cc8b3dc589ebff86d1c74,"{""distance"":5,""physical_error_rate"":0.0001}","{""detection_events"":335,""detectors_checked"":1044480}"
      6144,         0,         0,   0.492,decoder_by_matrix,e41ade2e4684e0396b9a3890c882b6453b515d69885aa1d89a26ce21ec554895,"{""distance"":5,""physical_error_rate"":1e-06}","{""detectors_checked"":1044480}"
     13312,         0,         0,   0.573,decoder_by_matrix,e41ade2e4684e0396b9a3890c882b6453b515d69885aa1d89a26ce21ec554895,"{""distance"":5,""physical_error_rate"":1e-06}","{""detectors_checked"":2263040}"
      8192,         0,         0,   0.597,decoder_by_matrix,0421d486f8a041838688df650e87c0a19c3450ab7a7cc8b3dc589ebff86d1c74,"{""distance"":5,""physical_error_rate"":0.0001}","{""detection_events"":660,""detectors_checked"":1392640}"
      8192,         0,         0,   0.599,decoder_by_matrix,e41ade2e4684e0396b9a3890c882b6453b515d69885aa1d89a26ce21ec554895,"{""distance"":5,""physical_error_rate"":1e-06}","{""detectors_checked"":1392640}"
      8192,         0,         0,   0.582,decoder_by_matrix,9c6baee88fc81e7d1aa345fcb3feec7ee81f21c5d49cb6ca037118097d89e180,"{""distance"":5,""physical_error_rate"":5e-05}","{""detection_events"":120,""detectors_checked"":1392640}"
      8192,         0,         0,   0.628,decoder_by_matrix,9c6baee88fc81e7d1aa345fcb3feec7ee81f21c5d49cb6ca037118097d89e180,"{""distance"":5,""physical_error_rate"":5e-05}","{""detection_events"":255,""detectors_checked"":1392640}"
      8192,         0,         0,   0.611,decoder_by_matrix,b84cf4b8ca220d31f17e1e2ea9ab927bbc4176b15682c650e7d1dd8f2758172b,"{""distance"":5,""physical_error_rate"":0.0005}","{""detection_events"":2725,""detectors_checked"":1392640}"
      7168,         0,         0,   0.630,decoder_by_matrix,b84cf4b8ca220d31f17e1e2ea9ab927bbc4176b15682c650e7d1dd8f2758172b,"{""distance"":5,""physical_error_rate"":0.0005}","{""detection_events"":2100,""detectors_checked"":1218560}"
      7168,         0,         0,   0.596,decoder_by_matrix,0421d486f8a041838688df650e87c0a19c3450ab7a7cc8b3dc589ebff86d1c74,"{""distance"":5,""physical_error_rate"":0.0001}","{""detection_events"":385,""detectors_checked"":1218560}"
      6144,         0,         0,   0.671,decoder_by_matrix,e41ade2e4684e0396b9a3890c882b6453b515d69885aa1d89a26ce21ec554895,"{""distance"":5,""physical_error_rate"":1e-06}","{""detection_events"":15,""detectors_checked"":1044480}"
     22528,         0,         0,   0.842,decoder_by_matrix,e41ade2e4684e0396b9a3890c882b6453b515d69885aa1d89a26ce21ec554895,"{""distance"":5,""physical_error_rate"":1e-06}","{""detection_events"":20,""detectors_checked"":3829760}"
     10240,         0,         0,   0.797,decoder_by_matrix,e41ade2e4684e0396b9a3890c882b6453b515d69885aa1d89a26ce21ec554895,"{""distance"":5,""physical_error_rate"":1e-06}","{""detectors_checked"":1740800}"
     11264,         0,         0,   0.813,decoder_by_matrix,0421d486f8a041838688df650e87c0a19c3450ab7a7cc8b3dc589ebff86d1c74,"{""distance"":5,""physical_error_rate"":0.0001}","{""detection_events"":510,""detectors_checked"":1914880}"
      9216,         0,         0,   0.835,decoder_by_matrix,9c6baee88fc81e7d1aa345fcb3feec7ee81f21c5d49cb6ca037118097d89e180,"{""distance"":5,""physical_error_rate"":5e-05}","{""detection_events"":240,""detectors_checked"":1566720}"
     11264,         0,         0,   0.837,decoder_by_matrix,9c6baee88fc81e7d1aa345fcb3feec7ee81f21c5d49cb6ca037118097d89e180,"{""distance"":5,""physical_error_rate"":5e-05}","{""detection_events"":175,""detectors_checked"":1914880}"
     11264,         0,         0,   0.821,decoder_by_matrix,b84cf4b8ca220d31f17e1e2ea9ab927bbc4176b15682c650e7d1dd8f2758172b,"{""distance"":5,""physical_error_rate"":0.0005}","{""detection_events"":2680,""detectors_checked"":1914880}"
     11264,         0,         0,   0.836,decoder_by_matrix,b84cf4b8ca220d31f17e1e2ea9ab927bbc4176b15682c650e7d1dd8f2758172b,"{""distance"":5,""physical_error_rate"":0.0005}","{""detection_events"":3500,""detectors_checked"":1914880}"
     11264,         0,         0,   0.829,decoder_by_matrix,0421d486f8a041838688df650e87c0a19c3450ab7a7cc8b3dc589ebff86d1c74,"{""distance"":5,""physical_error_rate"":0.0001}","{""detection_events"":510,""detectors_checked"":1914880}"
      8192,         0,         0,   0.840,decoder_by_matrix,e41ade2e4684e0396b9a3890c882b6453b515d69885aa1d89a26ce21ec554895,"{""distance"":5,""physical_error_rate"":1e-06}","{""detectors_checked"":1392640}"
     30720,         0,         0,    1.13,decoder_by_matrix,e41ade2e4684e0396b9a3890c882b6453b515d69885aa1d89a26ce21ec554895,"{""distance"":5,""physical_error_rate"":1e-06}","{""detection_events"":10,""detectors_checked"":5222400}"
     15360,         0,         0,    1.17,decoder_by_matrix,0421d486f8a041838688df650e87c0a19c3450ab7a7cc8b3dc589ebff86d1c74,"{""distance"":5,""physical_error_rate"":0.0001}","{""detection_events"":875,""detectors_checked"":2611200}"
     16384,         0,         0,    1.19,decoder_by_matrix,e41ade2e4684e0396b9a3890c882b6453b515d69885aa1d89a26ce21ec554895,"{""distance"":5,""physical_error_rate"":1e-06}","{""detectors_checked"":2785280}"
     14336,         0,         0,    1.14,decoder_by_matrix,9c6baee88fc81e7d1aa345fcb3feec7ee81f21c5d49cb6ca037118097d89e180,"{""distance"":5,""physical_error_rate"":5e-05}","{""detection_events"":435,""detectors_checked"":2437120}"
     13312,         0,         0,    1.12,decoder_by_matrix,b84cf4b8ca220d31f17e1e2ea9ab927bbc4176b15682c650e7d1dd8f2758172b,"{""distance"":5,""physical_error_rate"":0.0005}","{""detection_events"":4130,""detectors_checked"":2263040}"
     15360,         0,         0,    1.15,decoder_by_matrix,9c6baee88fc81e7d1aa345fcb3feec7ee81f21c5d49cb6ca037118097d89e180,"{""distance"":5,""physical_error_rate"":5e-05}","{""detection_events"":475,""detectors_checked"":2611200}"
     14336,         0,         0,    1.17,decoder_by_matrix,b84cf4b8ca220d31f17e1e2ea9ab927bbc4176b15682c650e7d1dd8f2758172b,"{""distance"":5,""physical_error_rate"":0.0005}","{""detection_events"":4160,""detectors_checked"":2437120}"
     14336,         0,         0,    1.13,decoder_by_matrix,0421d486f8a041838688df650e87c0a19c3450ab7a7cc8b3dc589ebff86d1c74,"{""distance"":5,""physical_error_rate"":0.0001}","{""detection_events"":720,""detectors_checked"":2437120}"
     14336,         0,         0,    1.10,decoder_by_matrix,e41ade2e4684e0396b9a3890c882b6453b515d69885aa1d89a26ce21ec554895,"{""distance"":5,""physical_error_rate"":1e-06}","{""detectors_checked"":2437120}"
   1224704,         0,         0,    22.8,decoder_by_matrix,0421d486f8a041838688df650e87c0a19c3450ab7a7cc8b3dc589ebff86d1c74,"{""distance"":5,""physical_error_rate"":0.0001}","{""detection_events"":69950,""detectors_checked"":208199680}"
    310272,         0,         0,    22.9,decoder_by_matrix,9c6baee88fc81e7d1aa345fcb3feec7ee81f21c5d49cb6ca037118097d89e180,"{""distance"":5,""physical_error_rate"":5e-05}","{""detection_events"":8740,""detectors_checked"":52746240}"
   1073645,         0,         0,    80.2,decoder_by_matrix,e41ade2e4684e0396b9a3890c882b6453b515d69885aa1d89a26ce21ec554895,"{""distance"":5,""physical_error_rate"":1e-06}","{""detection_events"":515,""detectors_checked"":182519650}"
    944128,         0,         0,    71.7,decoder_by_matrix,e41ade2e4684e0396b9a3890c882b6453b515d69885aa1d89a26ce21ec554895,"{""distance"":5,""physical_error_rate"":1e-06}","{""detection_events"":465,""detectors_checked"":160501760}"
    965632,         0,         0,    75.4,decoder_by_matrix,e41ade2e4684e0396b9a3890c882b6453b515d69885aa1d89a26ce21ec554895,"{""distance"":5,""physical_error_rate"":1e-06}","{""detection_events"":655,""detectors_checked"":164157440}"
    275456,         0,         0,    22.9,decoder_by_matrix,b84cf4b8ca220d31f17e1e2ea9ab927bbc4176b15682c650e7d1dd8f2758172b,"{""distance"":5,""physical_error_rate"":0.0005}","{""detection_events"":76235,""detectors_checked"":46827520}"
    487424,         0,         0,    22.9,decoder_by_matrix,e41ade2e4684e0396b9a3890c882b6453b515d69885aa1d89a26ce21ec554895,"{""distance"":5,""physical_error_rate"":1e-06}","{""detection_events"":275,""detectors_checked"":82862080}"
     28672,         0,         0,    1.57,decoder_by_matrix,e41ade2e4684e0396b9a3890c882b6453b515d69885aa1d89a26ce21ec554895,"{""distance"":5,""physical_error_rate"":1e-06}","{""detection_events"":35,""detectors_checked"":4874240}"
    300032,         0,         0,    23.0,decoder_by_matrix,0421d486f8a041838688df650e87c0a19c3450ab7a7cc8b3dc589ebff86d1c74,"{""distance"":5,""physical_error_rate"":0.0001}","{""detection_events"":16225,""detectors_checked"":51005440}"
     21504,         0,         0,    1.56,decoder_by_matrix,9c6baee88fc81e7d1aa345fcb3feec7ee81f21c5d49cb6ca037118097d89e180,"{""distance"":5,""physical_error_rate"":5e-05}","{""detection_events"":500,""detectors_checked"":3655680}"
     21504,         0,         0,    1.59,decoder_by_matrix,0421d486f8a041838688df650e87c0a19c3450ab7a7cc8b3dc589ebff86d1c74,"{""distance"":5,""physical_error_rate"":0.0001}","{""detection_events"":1280,""detectors_checked"":3655680}"
     20480,         0,         0,    1.56,decoder_by_matrix,b84cf4b8ca220d31f17e1e2ea9ab927bbc4176b15682c650e7d1dd8f2758172b,"{""distance"":5,""physical_error_rate"":0.0005}","{""detection_events"":5245,""detectors_checked"":3481600}"
     22528,         0,         0,    1.61,decoder_by_matrix,e41ade2e4684e0396b9a3890c882b6453b515d69885aa1d89a26ce21ec554895,"{""distance"":5,""physical_error_rate"":1e-06}","{""detection_events"":20,""detectors_checked"":3829760}"
    303104,         0,         0,    22.9,decoder_by_matrix,b84cf4b8ca220d31f17e1e2ea9ab927bbc4176b15682c650e7d1dd8f2758172b,"{""distance"":5,""physical_error_rate"":0.0005}","{""detection_events"":85950,""detectors_checked"":51527680}"
    301056,         0,         0,    22.9,decoder_by_matrix,9c6baee88fc81e7d1aa345fcb3feec7ee81f21c5d49cb6ca037118097d89e180,"{""distance"":5,""physical_error_rate"":5e-05}","{""detection_events"":8775,""detectors_checked"":51179520}"
     21504,         0,         0,    1.63,decoder_by_matrix,9c6baee88fc81e7d1aa345fcb3feec7ee81f21c5d49cb6ca037118097d89e180,"{""distance"":5,""physical_error_rate"":5e-05}","{""detection_events"":700,""detectors_checked"":3655680}"
     20480,         0,         0,    1.55,decoder_by_matrix,0421d486f8a041838688df650e87c0a19c3450ab7a7cc8b3dc589ebff86d1c74,"{""distance"":5,""physical_error_rate"":0.0001}","{""detection_events"":980,""detectors_checked"":3481600}"
     20480,         0,         0,    1.59,decoder_by_matrix,b84cf4b8ca220d31f17e1e2ea9ab927bbc4176b15682c650e7d1dd8f2758172b,"{""distance"":5,""physical_error_rate"":0.0005}","{""detection_events"":6065,""detectors_checked"":3481600}"
     20480,         0,         0,    1.54,decoder_by_matrix,e41ade2e4684e0396b9a3890c882b6453b515d69885aa1d89a26ce21ec554895,"{""distance"":5,""physical_error_rate"":1e-06}","{""detection_events"":5,""detectors_checked"":3481600}"
     51200,         0,         0,    2.20,decoder_by_matrix,e41ade2e4684e0396b9a3890c882b6453b515d69885aa1d89a26ce21ec554895,"{""distance"":5,""physical_error_rate"":1e-06}","{""detection_events"":25,""detectors_checked"":8704000}"
     29696,         0,         0,    2.19,decoder_by_matrix,9c6baee88fc81e7d1aa345fcb3feec7ee81f21c5d49cb6ca037118097d89e180,"{""distance"":5,""physical_error_rate"":5e-05}","{""detection_events"":1065,""detectors_checked"":5048320}"
     29696,         0,         0,    2.21,decoder_by_matrix,0421d486f8a041838688df650e87c0a19c3450ab7a7cc8b3dc589ebff86d1c74,"{""distance"":5,""physical_error_rate"":0.0001}","{""detection_events"":1590,""detectors_checked"":5048320}"
     29696,         0,         0,    2.21,decoder_by_matrix,b84cf4b8ca220d31f17e1e2ea9ab927bbc4176b15682c650e7d1dd8f2758172b,"{""distance"":5,""physical_error_rate"":0.0005}","{""detection_events"":8255,""detectors_checked"":5048320}"
     31744,         0,         0,    2.21,decoder_by_matrix,e41ade2e4684e0396b9a3890c882b6453b515d69885aa1d89a26ce21ec554895,"{""distance"":5,""physical_error_rate"":1e-06}","{""detection_events"":55,""detectors_checked"":5396480}"
     29696,         0,         0,    2.22,decoder_by_matrix,9c6baee88fc81e7d1aa345fcb3feec7ee81f21c5d49cb6ca037118097d89e180,"{""distance"":5,""physical_error_rate"":5e-05}","{""detection_events"":830,""detectors_checked"":5048320}"
     29696,         0,         0,    2.22,decoder_by_matrix,0421d486f8a041838688df650e87c0a19c3450ab7a7cc8b3dc589ebff86d1c74,"{""distance"":5,""physical_error_rate"":0.0001}","{""detection_events"":1355,""detectors_checked"":5048320}"
     29696,         0,         0,    2.22,decoder_by_matrix,b84cf4b8ca220d31f17e1e2ea9ab927bbc4176b15682c650e7d1dd8f2758172b,"{""distance"":5,""physical_error_rate"":0.0005}","{""detection_events"":8250,""detectors_checked"":5048320}"
     30720,         0,         0,    2.24,decoder_by_matrix,e41ade2e4684e0396b9a3890c882b6453b515d69885aa1d89a26ce21ec554895,"{""distance"":5,""physical_error_rate"":1e-06}","{""detection_events"":5,""detectors_checked"":5222400}"
    775475,         0,         0,    37.2,decoder_by_matrix,e41ade2e4684e0396b9a3890c882b6453b515d69885aa1d89a26ce21ec554895,"{""distance"":5,""physical_error_rate"":1e-06}","{""detection_events"":555,""detectors_checked"":131830750}"
     66560,         0,         0,    3.05,decoder_by_matrix,e41ade2e4684e0396b9a3890c882b6453b515d69885aa1d89a26ce21ec554895,"{""distance"":5,""physical_error_rate"":1e-06}","{""detection_events"":20,""detectors_checked"":11315200}"
     41984,         0,         0,    3.06,decoder_by_matrix,9c6baee88fc81e7d1aa345fcb3feec7ee81f21c5d49cb6ca037118097d89e180,"{""distance"":5,""physical_error_rate"":5e-05}","{""detection_events"":1025,""detectors_checked"":7137280}"
     40960,         0,         0,    3.06,decoder_by_matrix,b84cf4b8ca220d31f17e1e2ea9ab927bbc4176b15682c650e7d1dd8f2758172b,"{""distance"":5,""physical_error_rate"":0.0005}","{""detection_events"":10730,""detectors_checked"":6963200}"
     40960,         0,         0,    3.09,decoder_by_matrix,0421d486f8a041838688df650e87c0a19c3450ab7a7cc8b3dc589ebff86d1c74,"{""distance"":5,""physical_error_rate"":0.0001}","{""detection_events"":2275,""detectors_checked"":6963200}"
     44032,         0,         0,    3.08,decoder_by_matrix,e41ade2e4684e0396b9a3890c882b6453b515d69885aa1d89a26ce21ec554895,"{""distance"":5,""physical_error_rate"":1e-06}","{""detection_events"":20,""detectors_checked"":7485440}"
     41984,         0,         0,    3.10,decoder_by_matrix,9c6baee88fc81e7d1aa345fcb3feec7ee81f21c5d49cb6ca037118097d89e180,"{""distance"":5,""physical_error_rate"":5e-05}","{""detection_events"":1005,""detectors_checked"":7137280}"
     41984,         0,         0,    3.02,decoder_by_matrix,e41ade2e4684e0396b9a3890c882b6453b515d69885aa1d89a26ce21ec554895,"{""distance"":5,""physical_error_rate"":1e-06}","{""detectors_checked"":7137280}"
     40960,         0,         0,    3.07,decoder_by_matrix,b84cf4b8ca220d31f17e1e2ea9ab927bbc4176b15682c650e7d1dd8f2758172b,"{""distance"":5,""physical_error_rate"":0.0005}","{""detection_events"":11430,""detectors_checked"":6963200}"
     39936,         0,         0,    3.09,decoder_by_matrix,0421d486f8a041838688df650e87c0a19c3450ab7a7cc8b3dc589ebff86d1c74,"{""distance"":5,""physical_error_rate"":0.0001}","{""detection_events"":2565,""detectors_checked"":6789120}"
     98304,         0,         0,    4.29,decoder_by_matrix,e41ade2e4684e0396b9a3890c882b6453b515d69885aa1d89a26ce21ec554895,"{""distance"":5,""physical_error_rate"":1e-06}","{""detection_events"":150,""detectors_checked"":16711680}"
     57344,         0,         0,    4.32,decoder_by_matrix,9c6baee88fc81e7d1aa345fcb3feec7ee81f21c5d49cb6ca037118097d89e180,"{""distance"":5,""physical_error_rate"":5e-05}","{""detection_events"":1785,""detectors_checked"":9748480}"
     55296,         0,         0,    4.28,decoder_by_matrix,b84cf4b8ca220d31f17e1e2ea9ab927bbc4176b15682c650e7d1dd8f2758172b,"{""distance"":5,""physical_error_rate"":0.0005}","{""detection_events"":16230,""detectors_checked"":9400320}"
     60416,         0,         0,    4.25,decoder_by_matrix,e41ade2e4684e0396b9a3890c882b6453b515d69885aa1d89a26ce21ec554895,"{""distance"":5,""physical_error_rate"":1e-06}","{""detection_events"":55,""detectors_checked"":10270720}"
     57344,         0,         0,    4.33,decoder_by_matrix,0421d486f8a041838688df650e87c0a19c3450ab7a7cc8b3dc589ebff86d1c74,"{""distance"":5,""physical_error_rate"":0.0001}","{""detection_events"":3235,""detectors_checked"":9748480}"
     54272,         0,         0,    4.26,decoder_by_matrix,0421d486f8a041838688df650e87c0a19c3450ab7a7cc8b3dc589ebff86d1c74,"{""distance"":5,""physical_error_rate"":0.0001}","{""detection_events"":3205,""detectors_checked"":9226240}"
     58368,         0,         0,    4.34,decoder_by_matrix,9c6baee88fc81e7d1aa345fcb3feec7ee81f21c5d49cb6ca037118097d89e180,"{""distance"":5,""physical_error_rate"":5e-05}","{""detection_events"":1400,""detectors_checked"":9922560}"
     59392,         0,         0,    4.31,decoder_by_matrix,e41ade2e4684e0396b9a3890c882b6453b515d69885aa1d89a26ce21ec554895,"{""distance"":5,""physical_error_rate"":1e-06}","{""detection_events"":65,""detectors_checked"":10096640}"
     55296,         0,         0,    4.30,decoder_by_matrix,b84cf4b8ca220d31f17e1e2ea9ab927bbc4176b15682c650e7d1dd8f2758172b,"{""distance"":5,""physical_error_rate"":0.0005}","{""detection_events"":14860,""detectors_checked"":9400320}"
   1531904,         1,         0,   119.6,decoder_by_matrix,b84cf4b8ca220d31f17e1e2ea9ab927bbc4176b15682c650e7d1dd8f2758172b,"{""distance"":5,""physical_error_rate"":0.0005}","{""detection_events"":438285,""detectors_checked"":260423680,""obs_mistake_mask=_E__"":1}"
    148480,         0,         0,    5.96,decoder_by_matrix,e41ade2e4684e0396b9a3890c882b6453b515d69885aa1d89a26ce21ec554895,"{""distance"":5,""physical_error_rate"":1e-06}","{""detection_events"":100,""detectors_checked"":25241600}"
     77824,         0,         0,    5.95,decoder_by_matrix,b84cf4b8ca220d31f17e1e2ea9ab927bbc4176b15682c650e7d1dd8f2758172b,"{""distance"":5,""physical_error_rate"":0.0005}","{""detection_events"":21105,""detectors_checked"":13230080}"
     77824,         0,         0,    6.01,decoder_by_matrix,9c6baee88fc81e7d1aa345fcb3feec7ee81f21c5d49cb6ca037118097d89e180,"{""distance"":5,""physical_error_rate"":5e-05}","{""detection_events"":2535,""detectors_checked"":13230080}"
     77824,         0,         0,    5.99,decoder_by_matrix,0421d486f8a041838688df650e87c0a19c3450ab7a7cc8b3dc589ebff86d1c74,"{""distance"":5,""physical_error_rate"":0.0001}","{""detection_events"":4355,""detectors_checked"":13230080}"
     82944,         0,         0,    5.97,decoder_by_matrix,e41ade2e4684e0396b9a3890c882b6453b515d69885aa1d89a26ce21ec554895,"{""distance"":5,""physical_error_rate"":1e-06}","{""detection_events"":20,""detectors_checked"":14100480}"
     78848,         0,         0,    5.97,decoder_by_matrix,9c6baee88fc81e7d1aa345fcb3feec7ee81f21c5d49cb6ca037118097d89e180,"{""distance"":5,""physical_error_rate"":5e-05}","{""detection_events"":2740,""detectors_checked"":13404160}"
     79872,         0,         0,    6.01,decoder_by_matrix,0421d486f8a041838688df650e87c0a19c3450ab7a7cc8b3dc589ebff86d1c74,"{""distance"":5,""physical_error_rate"":0.0001}","{""detection_events"":5240,""detectors_checked"":13578240}"
     80896,         0,         0,    5.97,decoder_by_matrix,e41ade2e4684e0396b9a3890c882b6453b515d69885aa1d89a26ce21ec554895,"{""distance"":5,""physical_error_rate"":1e-06}","{""detection_events"":115,""detectors_checked"":13752320}"
     79872,         0,         0,    6.00,decoder_by_matrix,b84cf4b8ca220d31f17e1e2ea9ab927bbc4176b15682c650e7d1dd8f2758172b,"{""distance"":5,""physical_error_rate"":0.0005}","{""detection_events"":22725,""detectors_checked"":13578240}"
    495641,         0,         0,    37.1,decoder_by_matrix,e41ade2e4684e0396b9a3890c882b6453b515d69885aa1d89a26ce21ec554895,"{""distance"":5,""physical_error_rate"":1e-06}","{""detection_events"":205,""detectors_checked"":84258970}"
    459776,         0,         0,    35.5,decoder_by_matrix,e41ade2e4684e0396b9a3890c882b6453b515d69885aa1d89a26ce21ec554895,"{""distance"":5,""physical_error_rate"":1e-06}","{""detection_events"":285,""detectors_checked"":78161920}"
    397421,         0,         0,    18.7,decoder_by_matrix,e41ade2e4684e0396b9a3890c882b6453b515d69885aa1d89a26ce21ec554895,"{""distance"":5,""physical_error_rate"":1e-06}","{""detection_events"":115,""detectors_checked"":67561570}"
    342016,         0,         0,    14.7,decoder_by_matrix,e41ade2e4684e0396b9a3890c882b6453b515d69885aa1d89a26ce21ec554895,"{""distance"":5,""physical_error_rate"":1e-06}","{""detection_events"":215,""detectors_checked"":58142720}"
    328704,         0,         0,    24.5,decoder_by_matrix,e41ade2e4684e0396b9a3890c882b6453b515d69885aa1d89a26ce21ec554895,"{""distance"":5,""physical_error_rate"":1e-06}","{""detection_events"":200,""detectors_checked"":55879680}"
    331776,         0,         0,    24.6,decoder_by_matrix,e41ade2e4684e0396b9a3890c882b6453b515d69885aa1d89a26ce21ec554895,"{""distance"":5,""physical_error_rate"":1e-06}","{""detection_events"":135,""detectors_checked"":56401920}"
   2018304,         1,         0,   119.6,decoder_by_matrix,b84cf4b8ca220d31f17e1e2ea9ab927bbc4176b15682c650e7d1dd8f2758172b,"{""distance"":5,""physical_error_rate"":0.0005}","{""detection_events"":576085,""detectors_checked"":343111680,""obs_mistake_mask=E___"":1}"
     94931,         0,         0,    4.25,decoder_by_matrix,e41ade2e4684e0396b9a3890c882b6453b515d69885aa1d89a26ce21ec554895,"{""distance"":5,""physical_error_rate"":1e-06}","{""detection_events"":75,""detectors_checked"":16138270}"
    310272,         0,         0,    23.1,decoder_by_matrix,e41ade2e4684e0396b9a3890c882b6453b515d69885aa1d89a26ce21ec554895,"{""distance"":5,""physical_error_rate"":1e-06}","{""detection_events"":255,""detectors_checked"":52746240}"
    308224,         0,         0,    23.1,decoder_by_matrix,e41ade2e4684e0396b9a3890c882b6453b515d69885aa1d89a26ce21ec554895,"{""distance"":5,""physical_error_rate"":1e-06}","{""detection_events"":150,""detectors_checked"":52398080}"
    305152,         0,         0,    23.2,decoder_by_matrix,e41ade2e4684e0396b9a3890c882b6453b515d69885aa1d89a26ce21ec554895,"{""distance"":5,""physical_error_rate"":1e-06}","{""detection_events"":155,""detectors_checked"":51875840}"
     98079,         0,         0,    4.37,decoder_by_matrix,e41ade2e4684e0396b9a3890c882b6453b515d69885aa1d89a26ce21ec554895,"{""distance"":5,""physical_error_rate"":1e-06}","{""detection_events"":70,""detectors_checked"":16673430}"
    181248,         0,         0,    7.67,decoder_by_matrix,e41ade2e4684e0396b9a3890c882b6453b515d69885aa1d89a26ce21ec554895,"{""distance"":5,""physical_error_rate"":1e-06}","{""detection_events"":145,""detectors_checked"":30812160}"
    109568,         0,         0,    8.34,decoder_by_matrix,b84cf4b8ca220d31f17e1e2ea9ab927bbc4176b15682c650e7d1dd8f2758172b,"{""distance"":5,""physical_error_rate"":0.0005}","{""detection_events"":30350,""detectors_checked"":18626560}"
    108544,         0,         0,    8.36,decoder_by_matrix,9c6baee88fc81e7d1aa345fcb3feec7ee81f21c5d49cb6ca037118097d89e180,"{""distance"":5,""physical_error_rate"":5e-05}","{""detection_events"":3110,""detectors_checked"":18452480}"
    107520,         0,         0,    8.38,decoder_by_matrix,0421d486f8a041838688df650e87c0a19c3450ab7a7cc8b3dc589ebff86d1c74,"{""distance"":5,""physical_error_rate"":0.0001}","{""detection_events"":6020,""detectors_checked"":18278400}"
    113664,         0,         0,    8.38,decoder_by_matrix,e41ade2e4684e0396b9a3890c882b6453b515d69885aa1d89a26ce21ec554895,"{""distance"":5,""physical_error_rate"":1e-06}","{""detection_events"":85,""detectors_checked"":19322880}"
    107520,         0,         0,    8.39,decoder_by_matrix,9c6baee88fc81e7d1aa345fcb3feec7ee81f21c5d49cb6ca037118097d89e180,"{""distance"":5,""physical_error_rate"":5e-05}","{""detection_events"":3430,""detectors_checked"":18278400}"
    111616,         0,         0,    8.35,decoder_by_matrix,0421d486f8a041838688df650e87c0a19c3450ab7a7cc8b3dc589ebff86d1c74,"{""distance"":5,""physical_error_rate"":0.0001}","{""detection_events"":6310,""detectors_checked"":18974720}"
    113664,         0,         0,    8.32,decoder_by_matrix,e41ade2e4684e0396b9a3890c882b6453b515d69885aa1d89a26ce21ec554895,"{""distance"":5,""physical_error_rate"":1e-06}","{""detection_events"":55,""detectors_checked"":19322880}"
    109568,         1,         0,    8.39,decoder_by_matrix,b84cf4b8ca220d31f17e1e2ea9ab927bbc4176b15682c650e7d1dd8f2758172b,"{""distance"":5,""physical_error_rate"":0.0005}","{""detection_events"":31835,""detectors_checked"":18626560,""obs_mistake_mask=EE__"":1}"
     53287,         0,         0,    2.24,decoder_by_matrix,e41ade2e4684e0396b9a3890c882b6453b515d69885aa1d89a26ce21ec554895,"{""distance"":5,""physical_error_rate"":1e-06}","{""detection_events"":10,""detectors_checked"":9058790}"
    111616,         0,         0,    8.19,decoder_by_matrix,e41ade2e4684e0396b9a3890c882b6453b515d69885aa1d89a26ce21ec554895,"{""distance"":5,""physical_error_rate"":1e-06}","{""detection_events"":45,""detectors_checked"":18974720}"
    110903,         0,         0,    8.50,decoder_by_matrix,e41ade2e4684e0396b9a3890c882b6453b515d69885aa1d89a26ce21ec554895,"{""distance"":5,""physical_error_rate"":1e-06}","{""detection_events"":30,""detectors_checked"":18853510}"
     97280,         0,         0,    7.14,decoder_by_matrix,e41ade2e4684e0396b9a3890c882b6453b515d69885aa1d89a26ce21ec554895,"{""distance"":5,""physical_error_rate"":1e-06}","{""detection_events"":10,""detectors_checked"":16537600}"
     93184,         0,         0,    7.12,decoder_by_matrix,e41ade2e4684e0396b9a3890c882b6453b515d69885aa1d89a26ce21ec554895,"{""distance"":5,""physical_error_rate"":1e-06}","{""detection_events"":80,""detectors_checked"":15841280}"
     92360,         0,         0,    3.90,decoder_by_matrix,e41ade2e4684e0396b9a3890c882b6453b515d69885aa1d89a26ce21ec554895,"{""distance"":5,""physical_error_rate"":1e-06}","{""detection_events"":15,""detectors_checked"":15701200}"
   1517568,         0,         0,   119.5,decoder_by_matrix,9c6baee88fc81e7d1aa345fcb3feec7ee81f21c5d49cb6ca037118097d89e180,"{""distance"":5,""physical_error_rate"":5e-05}","{""detection_events"":41590,""detectors_checked"":257986560}"
     68791,         0,         0,    4.56,decoder_by_matrix,e41ade2e4684e0396b9a3890c882b6453b515d69885aa1d89a26ce21ec554895,"{""distance"":5,""physical_error_rate"":1e-06}","{""detection_events"":25,""detectors_checked"":11694470}"
     63488,         0,         0,    4.62,decoder_by_matrix,e41ade2e4684e0396b9a3890c882b6453b515d69885aa1d89a26ce21ec554895,"{""distance"":5,""physical_error_rate"":1e-06}","{""detection_events"":45,""detectors_checked"":10792960}"
     64512,         0,         0,    4.69,decoder_by_matrix,e41ade2e4684e0396b9a3890c882b6453b515d69885aa1d89a26ce21ec554895,"{""distance"":5,""physical_error_rate"":1e-06}","{""detectors_checked"":10967040}"
     64512,         0,         0,    4.67,decoder_by_matrix,e41ade2e4684e0396b9a3890c882b6453b515d69885aa1d89a26ce21ec554895,"{""distance"":5,""physical_error_rate"":1e-06}","{""detection_events"":40,""detectors_checked"":10967040}"
      4279,         0,         0,   0.369,decoder_by_matrix,e41ade2e4684e0396b9a3890c882b6453b515d69885aa1d89a26ce21ec554895,"{""distance"":5,""physical_error_rate"":1e-06}","{""detectors_checked"":727430}"
     58368,         0,         0,    2.70,decoder_by_matrix,e41ade2e4684e0396b9a3890c882b6453b515d69885aa1d89a26ce21ec554895,"{""distance"":5,""physical_error_rate"":1e-06}","{""detection_events"":25,""detectors_checked"":9922560}"
     54272,         0,         0,    3.99,decoder_by_matrix,e41ade2e4684e0396b9a3890c882b6453b515d69885aa1d89a26ce21ec554895,"{""distance"":5,""physical_error_rate"":1e-06}","{""detection_events"":10,""detectors_checked"":9226240}"
     59392,         0,         0,    4.09,decoder_by_matrix,e41ade2e4684e0396b9a3890c882b6453b515d69885aa1d89a26ce21ec554895,"{""distance"":5,""physical_error_rate"":1e-06}","{""detection_events"":140,""detectors_checked"":10096640}"
     17199,         0,         0,   0.685,decoder_by_matrix,e41ade2e4684e0396b9a3890c882b6453b515d69885aa1d89a26ce21ec554895,"{""distance"":5,""physical_error_rate"":1e-06}","{""detection_events"":5,""detectors_checked"":2923830}"
     40960,         0,         0,    2.88,decoder_by_matrix,e41ade2e4684e0396b9a3890c882b6453b515d69885aa1d89a26ce21ec554895,"{""distance"":5,""physical_error_rate"":1e-06}","{""detectors_checked"":6963200}"
     34816,         0,         0,    2.51,decoder_by_matrix,e41ade2e4684e0396b9a3890c882b6453b515d69885aa1d89a26ce21ec554895,"{""distance"":5,""physical_error_rate"":1e-06}","{""detection_events"":40,""detectors_checked"":5918720}"
     33792,         0,         0,    2.52,decoder_by_matrix,e41ade2e4684e0396b9a3890c882b6453b515d69885aa1d89a26ce21ec554895,"{""distance"":5,""physical_error_rate"":1e-06}","{""detectors_checked"":5744640}"
     34816,         0,         0,    2.54,decoder_by_matrix,e41ade2e4684e0396b9a3890c882b6453b515d69885aa1d89a26ce21ec554895,"{""distance"":5,""physical_error_rate"":1e-06}","{""detection_events"":10,""detectors_checked"":5918720}"
     30890,         0,         0,    1.52,decoder_by_matrix,e41ade2e4684e0396b9a3890c882b6453b515d69885aa1d89a26ce21ec554895,"{""distance"":5,""physical_error_rate"":1e-06}","{""detectors_checked"":5251300}"
     16284,         0,         0,   0.730,decoder_by_matrix,e41ade2e4684e0396b9a3890c882b6453b515d69885aa1d89a26ce21ec554895,"{""distance"":5,""physical_error_rate"":1e-06}","{""detection_events"":40,""detectors_checked"":2768280}"
     16284,         0,         0,    1.20,decoder_by_matrix,e41ade2e4684e0396b9a3890c882b6453b515d69885aa1d89a26ce21ec554895,"{""distance"":5,""physical_error_rate"":1e-06}","{""detectors_checked"":2768280}"
     16284,         0,         0,    1.18,decoder_by_matrix,e41ade2e4684e0396b9a3890c882b6453b515d69885aa1d89a26ce21ec554895,"{""distance"":5,""physical_error_rate"":1e-06}","{""detectors_checked"":2768280}"
     12288,         0,         0,   0.551,decoder_by_matrix,e41ade2e4684e0396b9a3890c882b6453b515d69885aa1d89a26ce21ec554895,"{""distance"":5,""physical_error_rate"":1e-06}","{""detection_events"":5,""detectors_checked"":2088960}"
     13570,         0,         0,   0.586,decoder_by_matrix,e41ade2e4684e0396b9a3890c882b6453b515d69885aa1d89a26ce21ec554895,"{""distance"":5,""physical_error_rate"":1e-06}","{""detectors_checked"":2306900}"
     14927,         0,         0,   0.902,decoder_by_matrix,e41ade2e4684e0396b9a3890c882b6453b515d69885aa1d89a26ce21ec554895,"{""distance"":5,""physical_error_rate"":1e-06}","{""detection_events"":40,""detectors_checked"":2537590}"
     11264,         0,         0,   0.916,decoder_by_matrix,e41ade2e4684e0396b9a3890c882b6453b515d69885aa1d89a26ce21ec554895,"{""distance"":5,""physical_error_rate"":1e-06}","{""detection_events"":20,""detectors_checked"":1914880}"
     13312,         0,         0,   0.954,decoder_by_matrix,e41ade2e4684e0396b9a3890c882b6453b515d69885aa1d89a26ce21ec554895,"{""distance"":5,""physical_error_rate"":1e-06}","{""detection_events"":40,""detectors_checked"":2263040}"
     13312,         0,         0,   0.698,decoder_by_matrix,e41ade2e4684e0396b9a3890c882b6453b515d69885aa1d89a26ce21ec554895,"{""distance"":5,""physical_error_rate"":1e-06}","{""detection_events"":40,""detectors_checked"":2263040}"
      9216,         0,         0,   0.679,decoder_by_matrix,e41ade2e4684e0396b9a3890c882b6453b515d69885aa1d89a26ce21ec554895,"{""distance"":5,""physical_error_rate"":1e-06}","{""detection_events"":5,""detectors_checked"":1566720}"
       258,         0,         0,   0.036,decoder_by_matrix,e41ade2e4684e0396b9a3890c882b6453b515d69885aa1d89a26ce21ec554895,"{""distance"":5,""physical_error_rate"":1e-06}","{""detectors_checked"":43860}"
     10058,         0,         0,   0.791,decoder_by_matrix,e41ade2e4684e0396b9a3890c882b6453b515d69885aa1d89a26ce21ec554895,"{""distance"":5,""physical_error_rate"":1e-06}","{""detectors_checked"":1709860}"
     10058,         0,         0,   0.743,decoder_by_matrix,e41ade2e4684e0396b9a3890c882b6453b515d69885aa1d89a26ce21ec554895,"{""distance"":5,""physical_error_rate"":1e-06}","{""detection_events"":35,""detectors_checked"":1709860}"
      5353,         0,         0,   0.245,decoder_by_matrix,e41ade2e4684e0396b9a3890c882b6453b515d69885aa1d89a26ce21ec554895,"{""distance"":5,""physical_error_rate"":1e-06}","{""detectors_checked"":910010}"
      6144,         0,         0,   0.302,decoder_by_matrix,e41ade2e4684e0396b9a3890c882b6453b515d69885aa1d89a26ce21ec554895,"{""distance"":5,""physical_error_rate"":1e-06}","{""detectors_checked"":1044480}"
       842,         0,         0,   0.065,decoder_by_matrix,e41ade2e4684e0396b9a3890c882b6453b515d69885aa1d89a26ce21ec554895,"{""distance"":5,""physical_error_rate"":1e-06}","{""detectors_checked"":143140}"
      4029,         0,         0,   0.327,decoder_by_matrix,e41ade2e4684e0396b9a3890c882b6453b515d69885aa1d89a26ce21ec554895,"{""distance"":5,""physical_error_rate"":1e-06}","{""detectors_checked"":684930}"
      4071,         0,         0,   0.337,decoder_by_matrix,e41ade2e4684e0396b9a3890c882b6453b515d69885aa1d89a26ce21ec554895,"{""distance"":5,""physical_error_rate"":1e-06}","{""detectors_checked"":692070}"
      3072,         0,         0,   0.117,decoder_by_matrix,e41ade2e4684e0396b9a3890c882b6453b515d69885aa1d89a26ce21ec554895,"{""distance"":5,""physical_error_rate"":1e-06}","{""detectors_checked"":522240}"
      1615,         0,         0,   0.134,decoder_by_matrix,e41ade2e4684e0396b9a3890c882b6453b515d69885aa1d89a26ce21ec554895,"{""distance"":5,""physical_error_rate"":1e-06}","{""detectors_checked"":274550}"
       321,         0,         0,   0.051,decoder_by_matrix,e41ade2e4684e0396b9a3890c882b6453b515d69885aa1d89a26ce21ec554895,"{""distance"":5,""physical_error_rate"":1e-06}","{""detectors_checked"":54570}"
       321,         0,         0,   0.062,decoder_by_matrix,e41ade2e4684e0396b9a3890c882b6453b515d69885aa1d89a26ce21ec554895,"{""distance"":5,""physical_error_rate"":1e-06}","{""detectors_checked"":54570}"
       622,         0,         0,   0.066,decoder_by_matrix,e41ade2e4684e0396b9a3890c882b6453b515d69885aa1d89a26ce21ec554895,"{""distance"":5,""physical_error_rate"":1e-06}","{""detectors_checked"":105740}"
      3072,         0,         0,   0.194,decoder_by_matrix,e41ade2e4684e0396b9a3890c882b6453b515d69885aa1d89a26ce21ec554895,"{""distance"":5,""physical_error_rate"":1e-06}","{""detectors_checked"":522240}"
       340,         0,         0,   0.073,decoder_by_matrix,e41ade2e4684e0396b9a3890c882b6453b515d69885aa1d89a26ce21ec554895,"{""distance"":5,""physical_error_rate"":1e-06}","{""detectors_checked"":57800}"
      3072,         0,         0,   0.200,decoder_by_matrix,e41ade2e4684e0396b9a3890c882b6453b515d69885aa1d89a26ce21ec554895,"{""distance"":5,""physical_error_rate"":1e-06}","{""detectors_checked"":522240}"
       119,         0,         0,   0.047,decoder_by_matrix,e41ade2e4684e0396b9a3890c882b6453b515d69885aa1d89a26ce21ec554895,"{""distance"":5,""physical_error_rate"":1e-06}","{""detectors_checked"":20230}"
       119,         0,         0,   0.038,decoder_by_matrix,e41ade2e4684e0396b9a3890c882b6453b515d69885aa1d89a26ce21ec554895,"{""distance"":5,""physical_error_rate"":1e-06}","{""detectors_checked"":20230}"
      1232,         0,         0,   0.140,decoder_by_matrix,e41ade2e4684e0396b9a3890c882b6453b515d69885aa1d89a26ce21ec554895,"{""distance"":5,""physical_error_rate"":1e-06}","{""detectors_checked"":209440}"
      3072,         0,         0,   0.251,decoder_by_matrix,e41ade2e4684e0396b9a3890c882b6453b515d69885aa1d89a26ce21ec554895,"{""distance"":5,""physical_error_rate"":1e-06}","{""detectors_checked"":522240}"
       158,         0,         0,   0.059,decoder_by_matrix,e41ade2e4684e0396b9a3890c882b6453b515d69885aa1d89a26ce21ec554895,"{""distance"":5,""physical_error_rate"":1e-06}","{""detectors_checked"":26860}"
       119,         0,         0,   0.064,decoder_by_matrix,e41ade2e4684e0396b9a3890c882b6453b515d69885aa1d89a26ce21ec554895,"{""distance"":5,""physical_error_rate"":1e-06}","{""detectors_checked"":20230}"
       472,         0,         0,   0.071,decoder_by_matrix,e41ade2e4684e0396b9a3890c882b6453b515d69885aa1d89a26ce21ec554895,"{""distance"":5,""physical_error_rate"":1e-06}","{""detectors_checked"":80240}"
        60,         0,         0,   0.062,decoder_by_matrix,e41ade2e4684e0396b9a3890c882b6453b515d69885aa1d89a26ce21ec554895,"{""distance"":5,""physical_error_rate"":1e-06}","{""detectors_checked"":10200}"
        46,         0,         0,   0.071,decoder_by_matrix,e41ade2e4684e0396b9a3890c882b6453b515d69885aa1d89a26ce21ec554895,"{""distance"":5,""physical_error_rate"":1e-06}","{""detectors_checked"":7820}"
        10,         0,         0,   0.062,decoder_by_matrix,e41ade2e4684e0396b9a3890c882b6453b515d69885aa1d89a26ce21ec554895,"{""distance"":5,""physical_error_rate"":1e-06}","{""detectors_checked"":1700}"
         3,         0,         0,   0.063,decoder_by_matrix,e41ade2e4684e0396b9a3890c882b6453b515d69885aa1d89a26ce21ec554895,"{""distance"":5,""physical_error_rate"":1e-06}","{""detectors_checked"":510}"
         1,         0,         0,   0.036,decoder_by_matrix,9c6baee88fc81e7d1aa345fcb3feec7ee81f21c5d49cb6ca037118097d89e180,"{""distance"":5,""physical_error_rate"":5e-05}","{""detectors_checked"":170}"
         1,         0,         0,   0.061,decoder_by_matrix,0421d486f8a041838688df650e87c0a19c3450ab7a7cc8b3dc589ebff86d1c74,"{""distance"":5,""physical_error_rate"":0.0001}","{""detectors_checked"":170}"
         1,         0,         0,   0.063,decoder_by_matrix,b84cf4b8ca220d31f17e1e2ea9ab927bbc4176b15682c650e7d1dd8f2758172b,"{""distance"":5,""physical_error_rate"":0.0005}","{""detectors_checked"":170}"
         1,         0,         0,   0.062,decoder_by_matrix,0421d486f8a041838688df650e87c0a19c3450ab7a7cc8b3dc589ebff86d1c74,"{""distance"":5,""physical_error_rate"":0.0001}","{""detectors_checked"":170}"
         1,         0,         0,   0.060,decoder_by_matrix,9c6baee88fc81e7d1aa345fcb3feec7ee81f21c5d49cb6ca037118097d89e180,"{""distance"":5,""physical_error_rate"":5e-05}","{""detectors_checked"":170}"
         1,         0,         0,   0.063,decoder_by_matrix,b84cf4b8ca220d31f17e1e2ea9ab927bbc4176b15682c650e7d1dd8f2758172b,"{""distance"":5,""physical_error_rate"":0.0005}","{""detectors_checked"":170}"
         1,         0,         0,   0.060,decoder_by_matrix,0421d486f8a041838688df650e87c0a19c3450ab7a7cc8b3dc589ebff86d1c74,"{""distance"":5,""physical_error_rate"":0.0001}","{""detectors_checked"":170}"
         1,         0,         0,   0.063,decoder_by_matrix,b84cf4b8ca220d31f17e1e2ea9ab927bbc4176b15682c650e7d1dd8f2758172b,"{""distance"":5,""physical_error_rate"":0.0005}","{""detectors_checked"":170}"
        16,         0,         0,   0.034,decoder_by_matrix,9c6baee88fc81e7d1aa345fcb3feec7ee81f21c5d49cb6ca037118097d89e180,"{""distance"":5,""physical_error_rate"":5e-05}","{""detectors_checked"":2720}"
         1,         0,         0,   0.081,decoder_by_matrix,b84cf4b8ca220d31f17e1e2ea9ab927bbc4176b15682c650e7d1dd8f2758172b,"{""distance"":5,""physical_error_rate"":0.0005}","{""detectors_checked"":170}"
         1,         0,         0,   0.095,decoder_by_matrix,9c6baee88fc81e7d1aa345fcb3feec7ee81f21c5d49cb6ca037118097d89e180,"{""distance"":5,""physical_error_rate"":5e-05}","{""detectors_checked"":170}"
         1,         0,         0,   0.080,decoder_by_matrix,9c6baee88fc81e7d1aa345fcb3feec7ee81f21c5d49cb6ca037118097d89e180,"{""distance"":5,""physical_error_rate"":5e-05}","{""detectors_checked"":170}"
       256,         0,         0,   0.034,decoder_by_matrix,9c6baee88fc81e7d1aa345fcb3feec7ee81f21c5d49cb6ca037118097d89e180,"{""distance"":5,""physical_error_rate"":5e-05}","{""detectors_checked"":43520}"
         8,         0,         0,   0.059,decoder_by_matrix,b84cf4b8ca220d31f17e1e2ea9ab927bbc4176b15682c650e7d1dd8f2758172b,"{""distance"":5,""physical_error_rate"":0.0005}","{""detectors_checked"":1360}"
         1,         0,         0,   0.105,decoder_by_matrix,0421d486f8a041838688df650e87c0a19c3450ab7a7cc8b3dc589ebff86d1c74,"{""distance"":5,""physical_error_rate"":0.0001}","{""detectors_checked"":170}"
         8,         0,         0,   0.075,decoder_by_matrix,0421d486f8a041838688df650e87c0a19c3450ab7a7cc8b3dc589ebff86d1c74,"{""distance"":5,""physical_error_rate"":0.0001}","{""detectors_checked"":1360}"
         8,         0,         0,   0.077,decoder_by_matrix,0421d486f8a041838688df650e87c0a19c3450ab7a7cc8b3dc589ebff86d1c74,"{""distance"":5,""physical_error_rate"":0.0001}","{""detectors_checked"":1360}"
         8,         0,         0,   0.074,decoder_by_matrix,9c6baee88fc81e7d1aa345fcb3feec7ee81f21c5d49cb6ca037118097d89e180,"{""distance"":5,""physical_error_rate"":5e-05}","{""detectors_checked"":1360}"
         8,         0,         0,   0.077,decoder_by_matrix,b84cf4b8ca220d31f17e1e2ea9ab927bbc4176b15682c650e7d1dd8f2758172b,"{""distance"":5,""physical_error_rate"":0.0005}","{""detectors_checked"":1360}"
         8,         0,         0,   0.076,decoder_by_matrix,b84cf4b8ca220d31f17e1e2ea9ab927bbc4176b15682c650e7d1dd8f2758172b,"{""distance"":5,""physical_error_rate"":0.0005}","{""detection_events"":5,""detectors_checked"":1360}"
      1024,         0,         0,   0.038,decoder_by_matrix,9c6baee88fc81e7d1aa345fcb3feec7ee81f21c5d49cb6ca037118097d89e180,"{""distance"":5,""physical_error_rate"":5e-05}","{""detection_events"":65,""detectors_checked"":174080}"
         8,         0,         0,   0.076,decoder_by_matrix,0421d486f8a041838688df650e87c0a19c3450ab7a7cc8b3dc589ebff86d1c74,"{""distance"":5,""physical_error_rate"":0.0001}","{""detectors_checked"":1360}"
         4,         0,         0,   0.075,decoder_by_matrix,b84cf4b8ca220d31f17e1e2ea9ab927bbc4176b15682c650e7d1dd8f2758172b,"{""distance"":5,""physical_error_rate"":0.0005}","{""detection_events"":5,""detectors_checked"":680}"
         4,         0,         0,   0.084,decoder_by_matrix,9c6baee88fc81e7d1aa345fcb3feec7ee81f21c5d49cb6ca037118097d89e180,"{""distance"":5,""physical_error_rate"":5e-05}","{""detectors_checked"":680}"
        64,         0,         0,   0.075,decoder_by_matrix,b84cf4b8ca220d31f17e1e2ea9ab927bbc4176b15682c650e7d1dd8f2758172b,"{""distance"":5,""physical_error_rate"":0.0005}","{""detection_events"":15,""detectors_checked"":10880}"
      1024,         0,         0,   0.038,decoder_by_matrix,9c6baee88fc81e7d1aa345fcb3feec7ee81f21c5d49cb6ca037118097d89e180,"{""distance"":5,""physical_error_rate"":5e-05}","{""detection_events"":30,""detectors_checked"":174080}"
        32,         0,         0,   0.055,decoder_by_matrix,0421d486f8a041838688df650e87c0a19c3450ab7a7cc8b3dc589ebff86d1c74,"{""distance"":5,""physical_error_rate"":0.0001}","{""detectors_checked"":5440}"
        64,         0,         0,   0.059,decoder_by_matrix,9c6baee88fc81e7d1aa345fcb3feec7ee81f21c5d49cb6ca037118097d89e180,"{""distance"":5,""physical_error_rate"":5e-05}","{""detectors_checked"":10880}"
        32,         0,         0,   0.062,decoder_by_matrix,0421d486f8a041838688df650e87c0a19c3450ab7a7cc8b3dc589ebff86d1c74,"{""distance"":5,""physical_error_rate"":0.0001}","{""detectors_checked"":5440}"
        16,         0,         0,   0.041,decoder_by_matrix,9c6baee88fc81e7d1aa345fcb3feec7ee81f21c5d49cb6ca037118097d89e180,"{""distance"":5,""physical_error_rate"":5e-05}","{""detectors_checked"":2720}"
         4,         0,         0,   0.119,decoder_by_matrix,9c6baee88fc81e7d1aa345fcb3feec7ee81f21c5d49cb6ca037118097d89e180,"{""distance"":5,""physical_error_rate"":5e-05}","{""detectors_checked"":680}"
        32,         0,         0,   0.073,decoder_by_matrix,b84cf4b8ca220d31f17e1e2ea9ab927bbc4176b15682c650e7d1dd8f2758172b,"{""distance"":5,""physical_error_rate"":0.0005}","{""detection_events"":5,""detectors_checked"":5440}"
        32,         0,         0,   0.066,decoder_by_matrix,0421d486f8a041838688df650e87c0a19c3450ab7a7cc8b3dc589ebff86d1c74,"{""distance"":5,""physical_error_rate"":0.0001}","{""detectors_checked"":5440}"
        32,         0,         0,   0.065,decoder_by_matrix,b84cf4b8ca220d31f17e1e2ea9ab927bbc4176b15682c650e7d1dd8f2758172b,"{""distance"":5,""physical_error_rate"":0.0005}","{""detectors_checked"":5440}"
        16,         0,         0,   0.064,decoder_by_matrix,b84cf4b8ca220d31f17e1e2ea9ab927bbc4176b15682c650e7d1dd8f2758172b,"{""distance"":5,""physical_error_rate"":0.0005}","{""detectors_checked"":2720}"
         4,         0,         0,   0.116,decoder_by_matrix,0421d486f8a041838688df650e87c0a19c3450ab7a7cc8b3dc589ebff86d1c74,"{""distance"":5,""physical_error_rate"":0.0001}","{""detectors_checked"":680}"
       128,         0,         0,   0.037,decoder_by_matrix,9c6baee88fc81e7d1aa345fcb3feec7ee81f21c5d49cb6ca037118097d89e180,"{""distance"":5,""physical_error_rate"":5e-05}","{""detectors_checked"":21760}"
       256,         0,         0,   0.078,decoder_by_matrix,b84cf4b8ca220d31f17e1e2ea9ab927bbc4176b15682c650e7d1dd8f2758172b,"{""distance"":5,""physical_error_rate"":0.0005}","{""detection_events"":60,""detectors_checked"":43520}"
      2048,         0,         0,   0.079,decoder_by_matrix,9c6baee88fc81e7d1aa345fcb3feec7ee81f21c5d49cb6ca037118097d89e180,"{""distance"":5,""physical_error_rate"":5e-05}","{""detection_events"":65,""detectors_checked"":348160}"
       512,         0,         0,   0.063,decoder_by_matrix,9c6baee88fc81e7d1aa345fcb3feec7ee81f21c5d49cb6ca037118097d89e180,"{""distance"":5,""physical_error_rate"":5e-05}","{""detection_events"":55,""detectors_checked"":87040}"
       256,         0,         0,   0.064,decoder_by_matrix,0421d486f8a041838688df650e87c0a19c3450ab7a7cc8b3dc589ebff86d1c74,"{""distance"":5,""physical_error_rate"":0.0001}","{""detectors_checked"":43520}"
       256,         0,         0,   0.065,decoder_by_matrix,0421d486f8a041838688df650e87c0a19c3450ab7a7cc8b3dc589ebff86d1c74,"{""distance"":5,""physical_error_rate"":0.0001}","{""detectors_checked"":43520}"
       256,         0,         0,   0.064,decoder_by_matrix,b84cf4b8ca220d31f17e1e2ea9ab927bbc4176b15682c650e7d1dd8f2758172b,"{""distance"":5,""physical_error_rate"":0.0005}","{""detection_events"":20,""detectors_checked"":43520}"
       256,         0,         0,   0.075,decoder_by_matrix,0421d486f8a041838688df650e87c0a19c3450ab7a7cc8b3dc589ebff86d1c74,"{""distance"":5,""physical_error_rate"":0.0001}","{""detectors_checked"":43520}"
      1024,         0,         0,   0.040,decoder_by_matrix,9c6baee88fc81e7d1aa345fcb3feec7ee81f21c5d49cb6ca037118097d89e180,"{""distance"":5,""physical_error_rate"":5e-05}","{""detection_events"":45,""detectors_checked"":174080}"
       256,         0,         0,   0.075,decoder_by_matrix,b84cf4b8ca220d31f17e1e2ea9ab927bbc4176b15682c650e7d1dd8f2758172b,"{""distance"":5,""physical_error_rate"":0.0005}","{""detection_events"":120,""detectors_checked"":43520}"
       128,         0,         0,   0.072,decoder_by_matrix,b84cf4b8ca220d31f17e1e2ea9ab927bbc4176b15682c650e7d1dd8f2758172b,"{""distance"":5,""physical_error_rate"":0.0005}","{""detection_events"":5,""detectors_checked"":21760}"
        16,         0,         0,   0.085,decoder_by_matrix,0421d486f8a041838688df650e87c0a19c3450ab7a7cc8b3dc589ebff86d1c74,"{""distance"":5,""physical_error_rate"":0.0001}","{""detection_events"":5,""detectors_checked"":2720}"
        16,         0,         0,   0.098,decoder_by_matrix,9c6baee88fc81e7d1aa345fcb3feec7ee81f21c5d49cb6ca037118097d89e180,"{""distance"":5,""physical_error_rate"":5e-05}","{""detectors_checked"":2720}"
      1024,         0,         0,   0.053,decoder_by_matrix,0421d486f8a041838688df650e87c0a19c3450ab7a7cc8b3dc589ebff86d1c74,"{""distance"":5,""physical_error_rate"":0.0001}","{""detection_events"":50,""detectors_checked"":174080}"
      1024,         0,         0,   0.079,decoder_by_matrix,b84cf4b8ca220d31f17e1e2ea9ab927bbc4176b15682c650e7d1dd8f2758172b,"{""distance"":5,""physical_error_rate"":0.0005}","{""detection_events"":230,""detectors_checked"":174080}"
      1024,         0,         0,   0.078,decoder_by_matrix,9c6baee88fc81e7d1aa345fcb3feec7ee81f21c5d49cb6ca037118097d89e180,"{""distance"":5,""physical_error_rate"":5e-05}","{""detection_events"":20,""detectors_checked"":174080}"
      1024,         0,         0,   0.068,decoder_by_matrix,9c6baee88fc81e7d1aa345fcb3feec7ee81f21c5d49cb6ca037118097d89e180,"{""distance"":5,""physical_error_rate"":5e-05}","{""detection_events"":30,""detectors_checked"":174080}"
      1024,         0,         0,   0.079,decoder_by_matrix,b84cf4b8ca220d31f17e1e2ea9ab927bbc4176b15682c650e7d1dd8f2758172b,"{""distance"":5,""physical_error_rate"":0.0005}","{""detection_events"":235,""detectors_checked"":174080}"
      1024,         0,         0,   0.079,decoder_by_matrix,0421d486f8a041838688df650e87c0a19c3450ab7a7cc8b3dc589ebff86d1c74,"{""distance"":5,""physical_error_rate"":0.0001}","{""detection_events"":10,""detectors_checked"":174080}"
      2048,         0,         0,   0.105,decoder_by_matrix,9c6baee88fc81e7d1aa345fcb3feec7ee81f21c5d49cb6ca037118097d89e180,"{""distance"":5,""physical_error_rate"":5e-05}","{""detection_events"":120,""detectors_checked"":348160}"
      1024,         0,         0,   0.078,decoder_by_matrix,b84cf4b8ca220d31f17e1e2ea9ab927bbc4176b15682c650e7d1dd8f2758172b,"{""distance"":5,""physical_error_rate"":0.0005}","{""detection_events"":365,""detectors_checked"":174080}"
      1024,         0,         0,   0.064,decoder_by_matrix,b84cf4b8ca220d31f17e1e2ea9ab927bbc4176b15682c650e7d1dd8f2758172b,"{""distance"":5,""physical_error_rate"":0.0005}","{""detection_events"":265,""detectors_checked"":174080}"
      1024,         0,         0,   0.092,decoder_by_matrix,0421d486f8a041838688df650e87c0a19c3450ab7a7cc8b3dc589ebff86d1c74,"{""distance"":5,""physical_error_rate"":0.0001}","{""detection_events"":70,""detectors_checked"":174080}"
        64,         0,         0,   0.059,decoder_by_matrix,0421d486f8a041838688df650e87c0a19c3450ab7a7cc8b3dc589ebff86d1c74,"{""distance"":5,""physical_error_rate"":0.0001}","{""detectors_checked"":10880}"
        64,         0,         0,   0.061,decoder_by_matrix,9c6baee88fc81e7d1aa345fcb3feec7ee81f21c5d49cb6ca037118097d89e180,"{""distance"":5,""physical_error_rate"":5e-05}","{""detectors_checked"":10880}"
      2048,         0,         0,   0.081,decoder_by_matrix,0421d486f8a041838688df650e87c0a19c3450ab7a7cc8b3dc589ebff86d1c74,"{""distance"":5,""physical_error_rate"":0.0001}","{""detection_events"":125,""detectors_checked"":348160}"
      1024,         0,         0,   0.079,decoder_by_matrix,b84cf4b8ca220d31f17e1e2ea9ab927bbc4176b15682c650e7d1dd8f2758172b,"{""distance"":5,""physical_error_rate"":0.0005}","{""detection_events"":275,""detectors_checked"":174080}"
      1024,         0,         0,   0.078,decoder_by_matrix,9c6baee88fc81e7d1aa345fcb3feec7ee81f21c5d49cb6ca037118097d89e180,"{""distance"":5,""physical_error_rate"":5e-05}","{""detection_events"":50,""detectors_checked"":174080}"
      1024,         0,         0,   0.079,decoder_by_matrix,9c6baee88fc81e7d1aa345fcb3feec7ee81f21c5d49cb6ca037118097d89e180,"{""distance"":5,""physical_error_rate"":5e-05}","{""detection_events"":5,""detectors_checked"":174080}"
      1024,         0,         0,   0.078,decoder_by_matrix,0421d486f8a041838688df650e87c0a19c3450ab7a7cc8b3dc589ebff86d1c74,"{""distance"":5,""physical_error_rate"":0.0001}","{""detection_events"":50,""detectors_checked"":174080}"
      1024,         0,         0,   0.079,decoder_by_matrix,b84cf4b8ca220d31f17e1e2ea9ab927bbc4176b15682c650e7d1dd8f2758172b,"{""distance"":5,""physical_error_rate"":0.0005}","{""detection_events"":270,""detectors_checked"":174080}"
      1024,         0,         0,   0.079,decoder_by_matrix,0421d486f8a041838688df650e87c0a19c3450ab7a7cc8b3dc589ebff86d1c74,"{""distance"":5,""physical_error_rate"":0.0001}","{""detection_events"":110,""detectors_checked"":174080}"
      1024,         0,         0,   0.092,decoder_by_matrix,b84cf4b8ca220d31f17e1e2ea9ab927bbc4176b15682c650e7d1dd8f2758172b,"{""distance"":5,""physical_error_rate"":0.0005}","{""detection_events"":315,""detectors_checked"":174080}"
      1024,         0,         0,   0.077,decoder_by_matrix,b84cf4b8ca220d31f17e1e2ea9ab927bbc4176b15682c650e7d1dd8f2758172b,"{""distance"":5,""physical_error_rate"":0.0005}","{""detection_events"":125,""detectors_checked"":174080}"
       512,         0,         0,   0.057,decoder_by_matrix,9c6baee88fc81e7d1aa345fcb3feec7ee81f21c5d49cb6ca037118097d89e180,"{""distance"":5,""physical_error_rate"":5e-05}","{""detectors_checked"":87040}"
       512,         0,         0,   0.089,decoder_by_matrix,0421d486f8a041838688df650e87c0a19c3450ab7a7cc8b3dc589ebff86d1c74,"{""distance"":5,""physical_error_rate"":0.0001}","{""detectors_checked"":87040}"
      2048,         0,         0,   0.078,decoder_by_matrix,0421d486f8a041838688df650e87c0a19c3450ab7a7cc8b3dc589ebff86d1c74,"{""distance"":5,""physical_error_rate"":0.0001}","{""detection_events"":60,""detectors_checked"":348160}"
      1024,         0,         0,   0.079,decoder_by_matrix,b84cf4b8ca220d31f17e1e2ea9ab927bbc4176b15682c650e7d1dd8f2758172b,"{""distance"":5,""physical_error_rate"":0.0005}","{""detection_events"":275,""detectors_checked"":174080}"
      2048,         0,         0,   0.131,decoder_by_matrix,9c6baee88fc81e7d1aa345fcb3feec7ee81f21c5d49cb6ca037118097d89e180,"{""distance"":5,""physical_error_rate"":5e-05}","{""detection_events"":60,""detectors_checked"":348160}"
      1024,         0,         0,   0.075,decoder_by_matrix,0421d486f8a041838688df650e87c0a19c3450ab7a7cc8b3dc589ebff86d1c74,"{""distance"":5,""physical_error_rate"":0.0001}","{""detection_events"":80,""detectors_checked"":174080}"
   1538048,         0,         0,   119.6,decoder_by_matrix,b84cf4b8ca220d31f17e1e2ea9ab927bbc4176b15682c650e7d1dd8f2758172b,"{""distance"":5,""physical_error_rate"":0.0005}","{""detection_events"":438475,""detectors_checked"":261468160}"
      1024,         0,         0,   0.064,decoder_by_matrix,9c6baee88fc81e7d1aa345fcb3feec7ee81f21c5d49cb6ca037118097d89e180,"{""distance"":5,""physical_error_rate"":5e-05}","{""detection_events"":40,""detectors_checked"":174080}"
      1024,         0,         0,   0.091,decoder_by_matrix,0421d486f8a041838688df650e87c0a19c3450ab7a7cc8b3dc589ebff86d1c74,"{""distance"":5,""physical_error_rate"":0.0001}","{""detection_events"":45,""detectors_checked"":174080}"
      2048,         0,         0,   0.140,decoder_by_matrix,9c6baee88fc81e7d1aa345fcb3feec7ee81f21c5d49cb6ca037118097d89e180,"{""distance"":5,""physical_error_rate"":5e-05}","{""detection_events"":25,""detectors_checked"":348160}"
      2048,         0,         0,   0.156,decoder_by_matrix,9c6baee88fc81e7d1aa345fcb3feec7ee81f21c5d49cb6ca037118097d89e180,"{""distance"":5,""physical_error_rate"":5e-05}","{""detection_events"":70,""detectors_checked"":348160}"
      2048,         0,         0,   0.137,decoder_by_matrix,b84cf4b8ca220d31f17e1e2ea9ab927bbc4176b15682c650e7d1dd8f2758172b,"{""distance"":5,""physical_error_rate"":0.0005}","{""detection_events"":590,""detectors_checked"":348160}"
      2048,         0,         0,   0.130,decoder_by_matrix,b84cf4b8ca220d31f17e1e2ea9ab927bbc4176b15682c650e7d1dd8f2758172b,"{""distance"":5,""physical_error_rate"":0.0005}","{""detection_events"":905,""detectors_checked"":348160}"
      2048,         0,         0,   0.150,decoder_by_matrix,b84cf4b8ca220d31f17e1e2ea9ab927bbc4176b15682c650e7d1dd8f2758172b,"{""distance"":5,""physical_error_rate"":0.0005}","{""detection_events"":555,""detectors_checked"":348160}"
      2048,         0,         0,   0.144,decoder_by_matrix,0421d486f8a041838688df650e87c0a19c3450ab7a7cc8b3dc589ebff86d1c74,"{""distance"":5,""physical_error_rate"":0.0001}","{""detection_events"":205,""detectors_checked"":348160}"
      3072,         0,         0,   0.113,decoder_by_matrix,0421d486f8a041838688df650e87c0a19c3450ab7a7cc8b3dc589ebff86d1c74,"{""distance"":5,""physical_error_rate"":0.0001}","{""detection_events"":185,""detectors_checked"":522240}"
      1024,         0,         0,   0.071,decoder_by_matrix,9c6baee88fc81e7d1aa345fcb3feec7ee81f21c5d49cb6ca037118097d89e180,"{""distance"":5,""physical_error_rate"":5e-05}","{""detection_events"":55,""detectors_checked"":174080}"
   1642496,         0,         0,   119.4,decoder_by_matrix,0421d486f8a041838688df650e87c0a19c3450ab7a7cc8b3dc589ebff86d1c74,"{""distance"":5,""physical_error_rate"":0.0001}","{""detection_events"":93910,""detectors_checked"":279224320}"
      1024,         0,         0,   0.080,decoder_by_matrix,0421d486f8a041838688df650e87c0a19c3450ab7a7cc8b3dc589ebff86d1c74,"{""distance"":5,""physical_error_rate"":0.0001}","{""detection_events"":55,""detectors_checked"":174080}"
      2048,         0,         0,   0.156,decoder_by_matrix,b84cf4b8ca220d31f17e1e2ea9ab927bbc4176b15682c650e7d1dd8f2758172b,"{""distance"":5,""physical_error_rate"":0.0005}","{""detection_events"":810,""detectors_checked"":348160}"
      2048,         0,         0,   0.140,decoder_by_matrix,0421d486f8a041838688df650e87c0a19c3450ab7a7cc8b3dc589ebff86d1c74,"{""distance"":5,""physical_error_rate"":0.0001}","{""detection_events"":140,""detectors_checked"":348160}"
      2048,         0,         0,   0.153,decoder_by_matrix,9c6baee88fc81e7d1aa345fcb3feec7ee81f21c5d49cb6ca037118097d89e180,"{""distance"":5,""physical_error_rate"":5e-05}","{""detection_events"":10,""detectors_checked"":348160}"
      2048,         0,         0,   0.152,decoder_by_matrix,9c6baee88fc81e7d1aa345fcb3feec7ee81f21c5d49cb6ca037118097d89e180,"{""distance"":5,""physical_error_rate"":5e-05}","{""detection_events"":20,""detectors_checked"":348160}"
      2048,         0,         0,   0.138,decoder_by_matrix,b84cf4b8ca220d31f17e1e2ea9ab927bbc4176b15682c650e7d1dd8f2758172b,"{""distance"":5,""physical_error_rate"":0.0005}","{""detection_events"":650,""detectors_checked"":348160}"
      2048,         0,         0,   0.138,decoder_by_matrix,9c6baee88fc81e7d1aa345fcb3feec7ee81f21c5d49cb6ca037118097d89e180,"{""distance"":5,""physical_error_rate"":5e-05}","{""detection_events"":40,""detectors_checked"":348160}"
      2048,         0,         0,   0.154,decoder_by_matrix,9c6baee88fc81e7d1aa345fcb3feec7ee81f21c5d49cb6ca037118097d89e180,"{""distance"":5,""physical_error_rate"":5e-05}","{""detection_events"":15,""detectors_checked"":348160}"
      2048,         0,         0,   0.141,decoder_by_matrix,b84cf4b8ca220d31f17e1e2ea9ab927bbc4176b15682c650e7d1dd8f2758172b,"{""distance"":5,""physical_error_rate"":0.0005}","{""detection_events"":695,""detectors_checked"":348160}"
      2048,         0,         0,   0.156,decoder_by_matrix,b84cf4b8ca220d31f17e1e2ea9ab927bbc4176b15682c650e7d1dd8f2758172b,"{""distance"":5,""physical_error_rate"":0.0005}","{""detection_events"":495,""detectors_checked"":348160}"
      2048,         0,         0,   0.142,decoder_by_matrix,0421d486f8a041838688df650e87c0a19c3450ab7a7cc8b3dc589ebff86d1c74,"{""distance"":5,""physical_error_rate"":0.0001}","{""detection_events"":155,""detectors_checked"":348160}"
      2048,         0,         0,   0.160,decoder_by_matrix,0421d486f8a041838688df650e87c0a19c3450ab7a7cc8b3dc589ebff86d1c74,"{""distance"":5,""physical_error_rate"":0.0001}","{""detection_events"":95,""detectors_checked"":348160}"
      4096,         0,         0,   0.148,decoder_by_matrix,0421d486f8a041838688df650e87c0a19c3450ab7a7cc8b3dc589ebff86d1c74,"{""distance"":5,""physical_error_rate"":0.0001}","{""detection_events"":265,""detectors_checked"":696320}"
      3072,         0,         0,   0.203,decoder_by_matrix,0421d486f8a041838688df650e87c0a19c3450ab7a7cc8b3dc589ebff86d1c74,"{""distance"":5,""physical_error_rate"":0.0001}","{""detection_events"":70,""detectors_checked"":522240}"
      2048,         0,         0,   0.161,decoder_by_matrix,b84cf4b8ca220d31f17e1e2ea9ab927bbc4176b15682c650e7d1dd8f2758172b,"{""distance"":5,""physical_error_rate"":0.0005}","{""detection_events"":560,""detectors_checked"":348160}"
   1615872,         0,         0,   119.6,decoder_by_matrix,9c6baee88fc81e7d1aa345fcb3feec7ee81f21c5d49cb6ca037118097d89e180,"{""distance"":5,""physical_error_rate"":5e-05}","{""detection_events"":46505,""detectors_checked"":274698240}"
      2048,         0,         0,   0.156,decoder_by_matrix,9c6baee88fc81e7d1aa345fcb3feec7ee81f21c5d49cb6ca037118097d89e180,"{""distance"":5,""physical_error_rate"":5e-05}","{""detection_events"":50,""detectors_checked"":348160}"
      3072,         0,         0,   0.216,decoder_by_matrix,9c6baee88fc81e7d1aa345fcb3feec7ee81f21c5d49cb6ca037118097d89e180,"{""distance"":5,""physical_error_rate"":5e-05}","{""detection_events"":150,""detectors_checked"":522240}"
      2048,         0,         0,   0.141,decoder_by_matrix,b84cf4b8ca220d31f17e1e2ea9ab927bbc4176b15682c650e7d1dd8f2758172b,"{""distance"":5,""physical_error_rate"":0.0005}","{""detection_events"":720,""detectors_checked"":348160}"
      2048,         0,         0,   0.136,decoder_by_matrix,b84cf4b8ca220d31f17e1e2ea9ab927bbc4176b15682c650e7d1dd8f2758172b,"{""distance"":5,""physical_error_rate"":0.0005}","{""detection_events"":645,""detectors_checked"":348160}"
      2048,         0,         0,   0.140,decoder_by_matrix,9c6baee88fc81e7d1aa345fcb3feec7ee81f21c5d49cb6ca037118097d89e180,"{""distance"":5,""physical_error_rate"":5e-05}","{""detection_events"":35,""detectors_checked"":348160}"
      2048,         0,         0,   0.156,decoder_by_matrix,0421d486f8a041838688df650e87c0a19c3450ab7a7cc8b3dc589ebff86d1c74,"{""distance"":5,""physical_error_rate"":0.0001}","{""detection_events"":130,""detectors_checked"":348160}"
      2048,         0,         0,   0.156,decoder_by_matrix,b84cf4b8ca220d31f17e1e2ea9ab927bbc4176b15682c650e7d1dd8f2758172b,"{""distance"":5,""physical_error_rate"":0.0005}","{""detection_events"":475,""detectors_checked"":348160}"
      2048,         0,         0,   0.139,decoder_by_matrix,0421d486f8a041838688df650e87c0a19c3450ab7a7cc8b3dc589ebff86d1c74,"{""distance"":5,""physical_error_rate"":0.0001}","{""detection_events"":125,""detectors_checked"":348160}"
      3072,         0,         0,   0.221,decoder_by_matrix,9c6baee88fc81e7d1aa345fcb3feec7ee81f21c5d49cb6ca037118097d89e180,"{""distance"":5,""physical_error_rate"":5e-05}","{""detection_events"":55,""detectors_checked"":522240}"
      3072,         0,         0,   0.217,decoder_by_matrix,0421d486f8a041838688df650e87c0a19c3450ab7a7cc8b3dc589ebff86d1c74,"{""distance"":5,""physical_error_rate"":0.0001}","{""detection_events"":235,""detectors_checked"":522240}"
      3072,         0,         0,   0.233,decoder_by_matrix,b84cf4b8ca220d31f17e1e2ea9ab927bbc4176b15682c650e7d1dd8f2758172b,"{""distance"":5,""physical_error_rate"":0.0005}","{""detection_events"":860,""detectors_checked"":522240}"
      6144,         0,         0,   0.245,decoder_by_matrix,0421d486f8a041838688df650e87c0a19c3450ab7a7cc8b3dc589ebff86d1c74,"{""distance"":5,""physical_error_rate"":0.0001}","{""detection_events"":300,""detectors_checked"":1044480}"
      3072,         0,         0,   0.218,decoder_by_matrix,9c6baee88fc81e7d1aa345fcb3feec7ee81f21c5d49cb6ca037118097d89e180,"{""distance"":5,""physical_error_rate"":5e-05}","{""detection_events"":50,""detectors_checked"":522240}"
      3072,         0,         0,   0.218,decoder_by_matrix,b84cf4b8ca220d31f17e1e2ea9ab927bbc4176b15682c650e7d1dd8f2758172b,"{""distance"":5,""physical_error_rate"":0.0005}","{""detection_events"":670,""detectors_checked"":522240}"
      3072,         0,         0,   0.225,decoder_by_matrix,9c6baee88fc81e7d1aa345fcb3feec7ee81f21c5d49cb6ca037118097d89e180,"{""distance"":5,""physical_error_rate"":5e-05}","{""detection_events"":120,""detectors_checked"":522240}"
      3072,         0,         0,   0.248,decoder_by_matrix,b84cf4b8ca220d31f17e1e2ea9ab927bbc4176b15682c650e7d1dd8f2758172b,"{""distance"":5,""physical_error_rate"":0.0005}","{""detection_events"":1175,""detectors_checked"":522240}"
      3072,         0,         0,   0.206,decoder_by_matrix,0421d486f8a041838688df650e87c0a19c3450ab7a7cc8b3dc589ebff86d1c74,"{""distance"":5,""physical_error_rate"":0.0001}","{""detection_events"":165,""detectors_checked"":522240}"
      3072,         0,         0,   0.219,decoder_by_matrix,b84cf4b8ca220d31f17e1e2ea9ab927bbc4176b15682c650e7d1dd8f2758172b,"{""distance"":5,""physical_error_rate"":0.0005}","{""detection_events"":520,""detectors_checked"":522240}"
      3072,         0,         0,   0.230,decoder_by_matrix,0421d486f8a041838688df650e87c0a19c3450ab7a7cc8b3dc589ebff86d1c74,"{""distance"":5,""physical_error_rate"":0.0001}","{""detection_events"":205,""detectors_checked"":522240}"
      4096,         0,         0,   0.311,decoder_by_matrix,9c6baee88fc81e7d1aa345fcb3feec7ee81f21c5d49cb6ca037118097d89e180,"{""distance"":5,""physical_error_rate"":5e-05}","{""detection_events"":245,""detectors_checked"":696320}"
      4096,         0,         0,   0.305,decoder_by_matrix,9c6baee88fc81e7d1aa345fcb3feec7ee81f21c5d49cb6ca037118097d89e180,"{""distance"":5,""physical_error_rate"":5e-05}","{""detection_events"":25,""detectors_checked"":696320}"
      4096,         0,         0,   0.296,decoder_by_matrix,0421d486f8a041838688df650e87c0a19c3450ab7a7cc8b3dc589ebff86d1c74,"{""distance"":5,""physical_error_rate"":0.0001}","{""detection_events"":185,""detectors_checked"":696320}"
      4096,         0,         0,   0.293,decoder_by_matrix,0421d486f8a041838688df650e87c0a19c3450ab7a7cc8b3dc589ebff86d1c74,"{""distance"":5,""physical_error_rate"":0.0001}","{""detection_events"":230,""detectors_checked"":696320}"
      4096,         0,         0,   0.314,decoder_by_matrix,b84cf4b8ca220d31f17e1e2ea9ab927bbc4176b15682c650e7d1dd8f2758172b,"{""distance"":5,""physical_error_rate"":0.0005}","{""detection_events"":1230,""detectors_checked"":696320}"
      4096,         0,         0,   0.294,decoder_by_matrix,9c6baee88fc81e7d1aa345fcb3feec7ee81f21c5d49cb6ca037118097d89e180,"{""distance"":5,""physical_error_rate"":5e-05}","{""detection_events"":155,""detectors_checked"":696320}"
      4096,         0,         0,   0.297,decoder_by_matrix,b84cf4b8ca220d31f17e1e2ea9ab927bbc4176b15682c650e7d1dd8f2758172b,"{""distance"":5,""physical_error_rate"":0.0005}","{""detection_events"":940,""detectors_checked"":696320}"
      4096,         0,         0,   0.309,decoder_by_matrix,0421d486f8a041838688df650e87c0a19c3450ab7a7cc8b3dc589ebff86d1c74,"{""distance"":5,""physical_error_rate"":0.0001}","{""detection_events"":150,""detectors_checked"":696320}"
      4096,         0,         0,   0.297,decoder_by_matrix,b84cf4b8ca220d31f17e1e2ea9ab927bbc4176b15682c650e7d1dd8f2758172b,"{""distance"":5,""physical_error_rate"":0.0005}","{""detection_events"":1375,""detectors_checked"":696320}"
      5120,         0,         0,   0.350,decoder_by_matrix,b84cf4b8ca220d31f17e1e2ea9ab927bbc4176b15682c650e7d1dd8f2758172b,"{""distance"":5,""physical_error_rate"":0.0005}","{""detection_events"":1230,""detectors_checked"":870400}"
      5120,         0,         0,   0.353,decoder_by_matrix,9c6baee88fc81e7d1aa345fcb3feec7ee81f21c5d49cb6ca037118097d89e180,"{""distance"":5,""physical_error_rate"":5e-05}","{""detection_events"":60,""detectors_checked"":870400}"
      5120,         0,         0,   0.395,decoder_by_matrix,0421d486f8a041838688df650e87c0a19c3450ab7a7cc8b3dc589ebff86d1c74,"{""distance"":5,""physical_error_rate"":0.0001}","{""detection_events"":310,""detectors_checked"":870400}"
     10240,         0,         0,   0.424,decoder_by_matrix,9c6baee88fc81e7d1aa345fcb3feec7ee81f21c5d49cb6ca037118097d89e180,"{""distance"":5,""physical_error_rate"":5e-05}","{""detection_events"":345,""detectors_checked"":1740800}"
   1779712,         0,         0,    31.9,decoder_by_matrix,0421d486f8a041838688df650e87c0a19c3450ab7a7cc8b3dc589ebff86d1c74,"{""distance"":5,""physical_error_rate"":0.0001}","{""detection_events"":100895,""detectors_checked"":302551040}"
      8192,         0,         0,   0.394,decoder_by_matrix,0421d486f8a041838688df650e87c0a19c3450ab7a7cc8b3dc589ebff86d1c74,"{""distance"":5,""physical_error_rate"":0.0001}","{""detection_events"":495,""detectors_checked"":1392640}"
      6144,         0,         0,   0.463,decoder_by_matrix,9c6baee88fc81e7d1aa345fcb3feec7ee81f21c5d49cb6ca037118097d89e180,"{""distance"":5,""physical_error_rate"":5e-05}","{""detection_events"":235,""detectors_checked"":1044480}"
   1646592,         1,         0,   119.6,decoder_by_matrix,b84cf4b8ca220d31f17e1e2ea9ab927bbc4176b15682c650e7d1dd8f2758172b,"{""distance"":5,""physical_error_rate"":0.0005}","{""detection_events"":473335,""detectors_checked"":279920640,""obs_mistake_mask=_E__"":1}"
      6144,         0,         0,   0.445,decoder_by_matrix,0421d486f8a041838688df650e87c0a19c3450ab7a7cc8b3dc589ebff86d1c74,"{""distance"":5,""physical_error_rate"":0.0001}","{""detection_events"":370,""detectors_checked"":1044480}"
      6144,         0,         0,   0.447,decoder_by_matrix,9c6baee88fc81e7d1aa345fcb3feec7ee81f21c5d49cb6ca037118097d89e180,"{""distance"":5,""physical_error_rate"":5e-05}","{""detection_events"":225,""detectors_checked"":1044480}"
      6144,         0,         0,   0.474,decoder_by_matrix,b84cf4b8ca220d31f17e1e2ea9ab927bbc4176b15682c650e7d1dd8f2758172b,"{""distance"":5,""physical_error_rate"":0.0005}","{""detection_events"":1895,""detectors_checked"":1044480}"
      6144,         0,         0,   0.449,decoder_by_matrix,b84cf4b8ca220d31f17e1e2ea9ab927bbc4176b15682c650e7d1dd8f2758172b,"{""distance"":5,""physical_error_rate"":0.0005}","{""detection_events"":1820,""detectors_checked"":1044480}"
      6144,         0,         0,   0.448,decoder_by_matrix,0421d486f8a041838688df650e87c0a19c3450ab7a7cc8b3dc589ebff86d1c74,"{""distance"":5,""physical_error_rate"":0.0001}","{""detection_events"":465,""detectors_checked"":1044480}"
      6144,         0,         0,   0.462,decoder_by_matrix,b84cf4b8ca220d31f17e1e2ea9ab927bbc4176b15682c650e7d1dd8f2758172b,"{""distance"":5,""physical_error_rate"":0.0005}","{""detection_events"":1655,""detectors_checked"":1044480}"
      6144,         0,         0,   0.407,decoder_by_matrix,9c6baee88fc81e7d1aa345fcb3feec7ee81f21c5d49cb6ca037118097d89e180,"{""distance"":5,""physical_error_rate"":5e-05}","{""detection_events"":200,""detectors_checked"":1044480}"
      6144,         0,         0,   0.449,decoder_by_matrix,b84cf4b8ca220d31f17e1e2ea9ab927bbc4176b15682c650e7d1dd8f2758172b,"{""distance"":5,""physical_error_rate"":0.0005}","{""detection_events"":1855,""detectors_checked"":1044480}"
      5120,         0,         0,   0.401,decoder_by_matrix,0421d486f8a041838688df650e87c0a19c3450ab7a7cc8b3dc589ebff86d1c74,"{""distance"":5,""physical_error_rate"":0.0001}","{""detection_events"":235,""detectors_checked"":870400}"
   1548288,         0,         0,   119.6,decoder_by_matrix,0421d486f8a041838688df650e87c0a19c3450ab7a7cc8b3dc589ebff86d1c74,"{""distance"":5,""physical_error_rate"":0.0001}","{""detection_events"":86325,""detectors_checked"":263208960}"
      8192,         0,         0,   0.586,decoder_by_matrix,9c6baee88fc81e7d1aa345fcb3feec7ee81f21c5d49cb6ca037118097d89e180,"{""distance"":5,""physical_error_rate"":5e-05}","{""detection_events"":175,""detectors_checked"":1392640}"
    435200,         0,         0,    32.1,decoder_by_matrix,9c6baee88fc81e7d1aa345fcb3feec7ee81f21c5d49cb6ca037118097d89e180,"{""distance"":5,""physical_error_rate"":5e-05}","{""detection_events"":12315,""detectors_checked"":73984000}"
      8192,         0,         0,   0.573,decoder_by_matrix,0421d486f8a041838688df650e87c0a19c3450ab7a7cc8b3dc589ebff86d1c74,"{""distance"":5,""physical_error_rate"":0.0001}","{""detection_events"":450,""detectors_checked"":1392640}"
      8192,         0,         0,   0.602,decoder_by_matrix,9c6baee88fc81e7d1aa345fcb3feec7ee81f21c5d49cb6ca037118097d89e180,"{""distance"":5,""physical_error_rate"":5e-05}","{""detection_events"":230,""detectors_checked"":1392640}"
     11264,         0,         0,   0.617,decoder_by_matrix,0421d486f8a041838688df650e87c0a19c3450ab7a7cc8b3dc589ebff86d1c74,"{""distance"":5,""physical_error_rate"":0.0001}","{""detection_events"":590,""detectors_checked"":1914880}"
    422912,         0,         0,    32.1,decoder_by_matrix,b84cf4b8ca220d31f17e1e2ea9ab927bbc4176b15682c650e7d1dd8f2758172b,"{""distance"":5,""physical_error_rate"":0.0005}","{""detection_events"":119930,""detectors_checked"":71895040}"
      8192,         0,         0,   0.602,decoder_by_matrix,9c6baee88fc81e7d1aa345fcb3feec7ee81f21c5d49cb6ca037118097d89e180,"{""distance"":5,""physical_error_rate"":5e-05}","{""detection_events"":220,""detectors_checked"":1392640}"
      8192,         0,         0,   0.580,decoder_by_matrix,9c6baee88fc81e7d1aa345fcb3feec7ee81f21c5d49cb6ca037118097d89e180,"{""distance"":5,""physical_error_rate"":5e-05}","{""detection_events"":155,""detectors_checked"":1392640}"
      8192,         0,         0,   0.631,decoder_by_matrix,b84cf4b8ca220d31f17e1e2ea9ab927bbc4176b15682c650e7d1dd8f2758172b,"{""distance"":5,""physical_error_rate"":0.0005}","{""detection_events"":2680,""detectors_checked"":1392640}"
      8192,         0,         0,   0.593,decoder_by_matrix,0421d486f8a041838688df650e87c0a19c3450ab7a7cc8b3dc589ebff86d1c74,"{""distance"":5,""physical_error_rate"":0.0001}","{""detection_events"":525,""detectors_checked"":1392640}"
      8192,         0,         0,   0.605,decoder_by_matrix,b84cf4b8ca220d31f17e1e2ea9ab927bbc4176b15682c650e7d1dd8f2758172b,"{""distance"":5,""physical_error_rate"":0.0005}","{""detection_events"":2600,""detectors_checked"":1392640}"
      8192,         0,         0,   0.614,decoder_by_matrix,b84cf4b8ca220d31f17e1e2ea9ab927bbc4176b15682c650e7d1dd8f2758172b,"{""distance"":5,""physical_error_rate"":0.0005}","{""detection_events"":2455,""detectors_checked"":1392640}"
      8192,         0,         0,   0.597,decoder_by_matrix,b84cf4b8ca220d31f17e1e2ea9ab927bbc4176b15682c650e7d1dd8f2758172b,"{""distance"":5,""physical_error_rate"":0.0005}","{""detection_events"":2480,""detectors_checked"":1392640}"
    413696,         0,         0,    32.0,decoder_by_matrix,0421d486f8a041838688df650e87c0a19c3450ab7a7cc8b3dc589ebff86d1c74,"{""distance"":5,""physical_error_rate"":0.0001}","{""detection_events"":23200,""detectors_checked"":70328320}"
    420864,         0,         0,    32.0,decoder_by_matrix,b84cf4b8ca220d31f17e1e2ea9ab927bbc4176b15682c650e7d1dd8f2758172b,"{""distance"":5,""physical_error_rate"":0.0005}","{""detection_events"":120120,""detectors_checked"":71546880}"
      8192,         0,         0,   0.613,decoder_by_matrix,0421d486f8a041838688df650e87c0a19c3450ab7a7cc8b3dc589ebff86d1c74,"{""distance"":5,""physical_error_rate"":0.0001}","{""detection_events"":295,""detectors_checked"":1392640}"
    420864,         0,         0,    32.1,decoder_by_matrix,9c6baee88fc81e7d1aa345fcb3feec7ee81f21c5d49cb6ca037118097d89e180,"{""distance"":5,""physical_error_rate"":5e-05}","{""detection_events"":12310,""detectors_checked"":71546880}"
   1628160,         0,         0,   119.7,decoder_by_matrix,9c6baee88fc81e7d1aa345fcb3feec7ee81f21c5d49cb6ca037118097d89e180,"{""distance"":5,""physical_error_rate"":5e-05}","{""detection_events"":46325,""detectors_checked"":276787200}"
   1629184,         0,         0,   119.6,decoder_by_matrix,0421d486f8a041838688df650e87c0a19c3450ab7a7cc8b3dc589ebff86d1c74,"{""distance"":5,""physical_error_rate"":0.0001}","{""detection_events"":94005,""detectors_checked"":276961280}"
     18432,         0,         0,   0.829,decoder_by_matrix,9c6baee88fc81e7d1aa345fcb3feec7ee81f21c5d49cb6ca037118097d89e180,"{""distance"":5,""physical_error_rate"":5e-05}","{""detection_events"":530,""detectors_checked"":3133440}"
     13312,         0,         0,   0.839,decoder_by_matrix,0421d486f8a041838688df650e87c0a19c3450ab7a7cc8b3dc589ebff86d1c74,"{""distance"":5,""physical_error_rate"":0.0001}","{""detection_events"":720,""detectors_checked"":2263040}"
     11264,         0,         0,   0.840,decoder_by_matrix,9c6baee88fc81e7d1aa345fcb3feec7ee81f21c5d49cb6ca037118097d89e180,"{""distance"":5,""physical_error_rate"":5e-05}","{""detection_events"":285,""detectors_checked"":1914880}"
     19456,         0,         0,   0.822,decoder_by_matrix,0421d486f8a041838688df650e87c0a19c3450ab7a7cc8b3dc589ebff86d1c74,"{""distance"":5,""physical_error_rate"":0.0001}","{""detection_events"":935,""detectors_checked"":3307520}"
     11264,         0,         0,   0.829,decoder_by_matrix,9c6baee88fc81e7d1aa345fcb3feec7ee81f21c5d49cb6ca037118097d89e180,"{""distance"":5,""physical_error_rate"":5e-05}","{""detection_events"":305,""detectors_checked"":1914880}"
     11264,         0,         0,   0.830,decoder_by_matrix,b84cf4b8ca220d31f17e1e2ea9ab927bbc4176b15682c650e7d1dd8f2758172b,"{""distance"":5,""physical_error_rate"":0.0005}","{""detection_events"":3680,""detectors_checked"":1914880}"
     11264,         0,         0,   0.826,decoder_by_matrix,0421d486f8a041838688df650e87c0a19c3450ab7a7cc8b3dc589ebff86d1c74,"{""distance"":5,""physical_error_rate"":0.0001}","{""detection_events"":905,""detectors_checked"":1914880}"
     12288,         0,         0,   0.850,decoder_by_matrix,9c6baee88fc81e7d1aa345fcb3feec7ee81f21c5d49cb6ca037118097d89e180,"{""distance"":5,""physical_error_rate"":5e-05}","{""detection_events"":225,""detectors_checked"":2088960}"
     11264,         0,         0,   0.829,decoder_by_matrix,b84cf4b8ca220d31f17e1e2ea9ab927bbc4176b15682c650e7d1dd8f2758172b,"{""distance"":5,""physical_error_rate"":0.0005}","{""detection_events"":3105,""detectors_checked"":1914880}"
     11264,         0,         0,   0.833,decoder_by_matrix,b84cf4b8ca220d31f17e1e2ea9ab927bbc4176b15682c650e7d1dd8f2758172b,"{""distance"":5,""physical_error_rate"":0.0005}","{""detection_events"":3445,""detectors_checked"":1914880}"
     11264,         0,         0,   0.828,decoder_by_matrix,b84cf4b8ca220d31f17e1e2ea9ab927bbc4176b15682c650e7d1dd8f2758172b,"{""distance"":5,""physical_error_rate"":0.0005}","{""detection_events"":3415,""detectors_checked"":1914880}"
     11264,         0,         0,   0.854,decoder_by_matrix,0421d486f8a041838688df650e87c0a19c3450ab7a7cc8b3dc589ebff86d1c74,"{""distance"":5,""physical_error_rate"":0.0001}","{""detection_events"":470,""detectors_checked"":1914880}"
     22528,         0,         0,    1.13,decoder_by_matrix,9c6baee88fc81e7d1aa345fcb3feec7ee81f21c5d49cb6ca037118097d89e180,"{""distance"":5,""physical_error_rate"":5e-05}","{""detection_events"":645,""detectors_checked"":3829760}"
     19456,         0,         0,    1.11,decoder_by_matrix,0421d486f8a041838688df650e87c0a19c3450ab7a7cc8b3dc589ebff86d1c74,"{""distance"":5,""physical_error_rate"":0.0001}","{""detection_events"":1120,""detectors_checked"":3307520}"
     15360,         0,         0,    1.11,decoder_by_matrix,9c6baee88fc81e7d1aa345fcb3feec7ee81f21c5d49cb6ca037118097d89e180,"{""distance"":5,""physical_error_rate"":5e-05}","{""detection_events"":445,""detectors_checked"":2611200}"
     15360,         0,         0,    1.12,decoder_by_matrix,9c6baee88fc81e7d1aa345fcb3feec7ee81f21c5d49cb6ca037118097d89e180,"{""distance"":5,""physical_error_rate"":5e-05}","{""detection_events"":430,""detectors_checked"":2611200}"
     15360,         0,         0,    1.18,decoder_by_matrix,0421d486f8a041838688df650e87c0a19c3450ab7a7cc8b3dc589ebff86d1c74,"{""distance"":5,""physical_error_rate"":0.0001}","{""detection_events"":830,""detectors_checked"":2611200}"
     13312,         0,         0,    1.11,decoder_by_matrix,b84cf4b8ca220d31f17e1e2ea9ab927bbc4176b15682c650e7d1dd8f2758172b,"{""distance"":5,""physical_error_rate"":0.0005}","{""detection_events"":3600,""detectors_checked"":2263040}"
     15360,         0,         0,    1.13,decoder_by_matrix,0421d486f8a041838688df650e87c0a19c3450ab7a7cc8b3dc589ebff86d1c74,"{""distance"":5,""physical_error_rate"":0.0001}","{""detection_events"":1020,""detectors_checked"":2611200}"
     15360,         0,         0,    1.13,decoder_by_matrix,b84cf4b8ca220d31f17e1e2ea9ab927bbc4176b15682c650e7d1dd8f2758172b,"{""distance"":5,""physical_error_rate"":0.0005}","{""detection_events"":4290,""detectors_checked"":2611200}"
     15360,         0,         0,    1.13,decoder_by_matrix,b84cf4b8ca220d31f17e1e2ea9ab927bbc4176b15682c650e7d1dd8f2758172b,"{""distance"":5,""physical_error_rate"":0.0005}","{""detection_events"":4885,""detectors_checked"":2611200}"
     16384,         0,         0,    1.14,decoder_by_matrix,9c6baee88fc81e7d1aa345fcb3feec7ee81f21c5d49cb6ca037118097d89e180,"{""distance"":5,""physical_error_rate"":5e-05}","{""detection_events"":605,""detectors_checked"":2785280}"
     16384,         0,         0,    1.16,decoder_by_matrix,b84cf4b8ca220d31f17e1e2ea9ab927bbc4176b15682c650e7d1dd8f2758172b,"{""distance"":5,""physical_error_rate"":0.0005}","{""detection_events"":5415,""detectors_checked"":2785280}"
     14336,         0,         0,    1.09,decoder_by_matrix,0421d486f8a041838688df650e87c0a19c3450ab7a7cc8b3dc589ebff86d1c74,"{""distance"":5,""physical_error_rate"":0.0001}","{""detection_events"":765,""detectors_checked"":2437120}"
     29696,         0,         0,    1.55,decoder_by_matrix,9c6baee88fc81e7d1aa345fcb3feec7ee81f21c5d49cb6ca037118097d89e180,"{""distance"":5,""physical_error_rate"":5e-05}","{""detection_events"":895,""detectors_checked"":5048320}"
     20480,         0,         0,    1.57,decoder_by_matrix,9c6baee88fc81e7d1aa345fcb3feec7ee81f21c5d49cb6ca037118097d89e180,"{""distance"":5,""physical_error_rate"":5e-05}","{""detection_events"":625,""detectors_checked"":3481600}"
     21504,         0,         0,    1.61,decoder_by_matrix,0421d486f8a041838688df650e87c0a19c3450ab7a7cc8b3dc589ebff86d1c74,"{""distance"":5,""physical_error_rate"":0.0001}","{""detection_events"":1625,""detectors_checked"":3655680}"
     21504,         0,         0,    1.60,decoder_by_matrix,9c6baee88fc81e7d1aa345fcb3feec7ee81f21c5d49cb6ca037118097d89e180,"{""distance"":5,""physical_error_rate"":5e-05}","{""detection_events"":425,""detectors_checked"":3655680}"
     28672,         0,         0,    1.57,decoder_by_matrix,b84cf4b8ca220d31f17e1e2ea9ab927bbc4176b15682c650e7d1dd8f2758172b,"{""distance"":5,""physical_error_rate"":0.0005}","{""detection_events"":8315,""detectors_checked"":4874240}"
    161792,         0,         0,    11.7,decoder_by_matrix,b84cf4b8ca220d31f17e1e2ea9ab927bbc4176b15682c650e7d1dd8f2758172b,"{""distance"":5,""physical_error_rate"":0.0005}","{""detection_events"":45270,""detectors_checked"":27504640}"
     30720,         0,         0,    1.58,decoder_by_matrix,0421d486f8a041838688df650e87c0a19c3450ab7a7cc8b3dc589ebff86d1c74,"{""distance"":5,""physical_error_rate"":0.0001}","{""detection_events"":1620,""detectors_checked"":5222400}"
     21504,         0,         0,    1.57,decoder_by_matrix,0421d486f8a041838688df650e87c0a19c3450ab7a7cc8b3dc589ebff86d1c74,"{""distance"":5,""physical_error_rate"":0.0001}","{""detection_events"":1475,""detectors_checked"":3655680}"
     22528,         0,         0,    1.56,decoder_by_matrix,9c6baee88fc81e7d1aa345fcb3feec7ee81f21c5d49cb6ca037118097d89e180,"{""distance"":5,""physical_error_rate"":5e-05}","{""detection_events"":580,""detectors_checked"":3829760}"
     21504,         0,         0,    1.59,decoder_by_matrix,b84cf4b8ca220d31f17e1e2ea9ab927bbc4176b15682c650e7d1dd8f2758172b,"{""distance"":5,""physical_error_rate"":0.0005}","{""detection_events"":5840,""detectors_checked"":3655680}"
     21504,         0,         0,    1.56,decoder_by_matrix,b84cf4b8ca220d31f17e1e2ea9ab927bbc4176b15682c650e7d1dd8f2758172b,"{""distance"":5,""physical_error_rate"":0.0005}","{""detection_events"":5870,""detectors_checked"":3655680}"
    163840,         0,         0,    11.7,decoder_by_matrix,9c6baee88fc81e7d1aa345fcb3feec7ee81f21c5d49cb6ca037118097d89e180,"{""distance"":5,""physical_error_rate"":5e-05}","{""detection_events"":4475,""detectors_checked"":27852800}"
     20480,         0,         0,    1.64,decoder_by_matrix,b84cf4b8ca220d31f17e1e2ea9ab927bbc4176b15682c650e7d1dd8f2758172b,"{""distance"":5,""physical_error_rate"":0.0005}","{""detection_events"":6080,""detectors_checked"":3481600}"
     20480,         0,         0,    1.54,decoder_by_matrix,0421d486f8a041838688df650e87c0a19c3450ab7a7cc8b3dc589ebff86d1c74,"{""distance"":5,""physical_error_rate"":0.0001}","{""detection_events"":1240,""detectors_checked"":3481600}"
    156672,         0,         0,    11.7,decoder_by_matrix,0421d486f8a041838688df650e87c0a19c3450ab7a7cc8b3dc589ebff86d1c74,"{""distance"":5,""physical_error_rate"":0.0001}","{""detection_events"":8485,""detectors_checked"":26634240}"
    157696,         0,         0,    11.7,decoder_by_matrix,0421d486f8a041838688df650e87c0a19c3450ab7a7cc8b3dc589ebff86d1c74,"{""distance"":5,""physical_error_rate"":0.0001}","{""detection_events"":9035,""detectors_checked"":26808320}"
    155648,         0,         0,    11.7,decoder_by_matrix,9c6baee88fc81e7d1aa345fcb3feec7ee81f21c5d49cb6ca037118097d89e180,"{""distance"":5,""physical_error_rate"":5e-05}","{""detection_events"":4915,""detectors_checked"":26460160}"
    165888,         0,         0,    11.7,decoder_by_matrix,b84cf4b8ca220d31f17e1e2ea9ab927bbc4176b15682c650e7d1dd8f2758172b,"{""distance"":5,""physical_error_rate"":0.0005}","{""detection_events"":49540,""detectors_checked"":28200960}"
     46080,         0,         0,    2.18,decoder_by_matrix,9c6baee88fc81e7d1aa345fcb3feec7ee81f21c5d49cb6ca037118097d89e180,"{""distance"":5,""physical_error_rate"":5e-05}","{""detection_events"":1110,""detectors_checked"":7833600}"
     50176,         0,         0,    2.17,decoder_by_matrix,0421d486f8a041838688df650e87c0a19c3450ab7a7cc8b3dc589ebff86d1c74,"{""distance"":5,""physical_error_rate"":0.0001}","{""detection_events"":2570,""detectors_checked"":8529920}"
     29696,         0,         0,    2.23,decoder_by_matrix,9c6baee88fc81e7d1aa345fcb3feec7ee81f21c5d49cb6ca037118097d89e180,"{""distance"":5,""physical_error_rate"":5e-05}","{""detection_events"":910,""detectors_checked"":5048320}"
     48128,         0,         0,    2.18,decoder_by_matrix,b84cf4b8ca220d31f17e1e2ea9ab927bbc4176b15682c650e7d1dd8f2758172b,"{""distance"":5,""physical_error_rate"":0.0005}","{""detection_events"":13640,""detectors_checked"":8181760}"
     28672,         0,         0,    2.19,decoder_by_matrix,0421d486f8a041838688df650e87c0a19c3450ab7a7cc8b3dc589ebff86d1c74,"{""distance"":5,""physical_error_rate"":0.0001}","{""detection_events"":1620,""detectors_checked"":4874240}"
     28672,         0,         0,    2.21,decoder_by_matrix,9c6baee88fc81e7d1aa345fcb3feec7ee81f21c5d49cb6ca037118097d89e180,"{""distance"":5,""physical_error_rate"":5e-05}","{""detection_events"":995,""detectors_checked"":4874240}"
     28672,         0,         0,    2.17,decoder_by_matrix,0421d486f8a041838688df650e87c0a19c3450ab7a7cc8b3dc589ebff86d1c74,"{""distance"":5,""physical_error_rate"":0.0001}","{""detection_events"":1540,""detectors_checked"":4874240}"
     26624,         0,         0,    2.15,decoder_by_matrix,b84cf4b8ca220d31f17e1e2ea9ab927bbc4176b15682c650e7d1dd8f2758172b,"{""distance"":5,""physical_error_rate"":0.0005}","{""detection_events"":7935,""detectors_checked"":4526080}"
     29696,         0,         0,    2.19,decoder_by_matrix,9c6baee88fc81e7d1aa345fcb3feec7ee81f21c5d49cb6ca037118097d89e180,"{""distance"":5,""physical_error_rate"":5e-05}","{""detection_events"":855,""detectors_checked"":5048320}"
     26624,         0,         0,    2.24,decoder_by_matrix,b84cf4b8ca220d31f17e1e2ea9ab927bbc4176b15682c650e7d1dd8f2758172b,"{""distance"":5,""physical_error_rate"":0.0005}","{""detection_events"":7970,""detectors_checked"":4526080}"
     26624,         0,         0,    2.23,decoder_by_matrix,0421d486f8a041838688df650e87c0a19c3450ab7a7cc8b3dc589ebff86d1c74,"{""distance"":5,""physical_error_rate"":0.0001}","{""detection_events"":1325,""detectors_checked"":4526080}"
     26624,         0,         0,    2.28,decoder_by_matrix,b84cf4b8ca220d31f17e1e2ea9ab927bbc4176b15682c650e7d1dd8f2758172b,"{""distance"":5,""physical_error_rate"":0.0005}","{""detection_events"":7740,""detectors_checked"":4526080}"
     58368,         0,         0,    3.07,decoder_by_matrix,9c6baee88fc81e7d1aa345fcb3feec7ee81f21c5d49cb6ca037118097d89e180,"{""distance"":5,""physical_error_rate"":5e-05}","{""detection_events"":1930,""detectors_checked"":9922560}"
     75776,         0,         0,    3.05,decoder_by_matrix,0421d486f8a041838688df650e87c0a19c3450ab7a7cc8b3dc589ebff86d1c74,"{""distance"":5,""physical_error_rate"":0.0001}","{""detection_events"":3920,""detectors_checked"":12881920}"
     36864,         0,         0,    3.05,decoder_by_matrix,9c6baee88fc81e7d1aa345fcb3feec7ee81f21c5d49cb6ca037118097d89e180,"{""distance"":5,""physical_error_rate"":5e-05}","{""detection_events"":1020,""detectors_checked"":6266880}"
     37888,         0,         0,    3.05,decoder_by_matrix,0421d486f8a041838688df650e87c0a19c3450ab7a7cc8b3dc589ebff86d1c74,"{""distance"":5,""physical_error_rate"":0.0001}","{""detection_events"":2650,""detectors_checked"":6440960}"
     68608,         0,         0,    3.07,decoder_by_matrix,b84cf4b8ca220d31f17e1e2ea9ab927bbc4176b15682c650e7d1dd8f2758172b,"{""distance"":5,""physical_error_rate"":0.0005}","{""detection_events"":20810,""detectors_checked"":11663360}"
     38912,         0,         0,    3.05,decoder_by_matrix,b84cf4b8ca220d31f17e1e2ea9ab927bbc4176b15682c650e7d1dd8f2758172b,"{""distance"":5,""physical_error_rate"":0.0005}","{""detection_events"":11415,""detectors_checked"":6615040}"
     41984,         0,         0,    3.09,decoder_by_matrix,9c6baee88fc81e7d1aa345fcb3feec7ee81f21c5d49cb6ca037118097d89e180,"{""distance"":5,""physical_error_rate"":5e-05}","{""detection_events"":1325,""detectors_checked"":7137280}"
     40960,         0,         0,    3.10,decoder_by_matrix,0421d486f8a041838688df650e87c0a19c3450ab7a7cc8b3dc589ebff86d1c74,"{""distance"":5,""physical_error_rate"":0.0001}","{""detection_events"":2000,""detectors_checked"":6963200}"
     39936,         0,         0,    3.09,decoder_by_matrix,9c6baee88fc81e7d1aa345fcb3feec7ee81f21c5d49cb6ca037118097d89e180,"{""distance"":5,""physical_error_rate"":5e-05}","{""detection_events"":1070,""detectors_checked"":6789120}"
     36864,         0,         0,    3.04,decoder_by_matrix,0421d486f8a041838688df650e87c0a19c3450ab7a7cc8b3dc589ebff86d1c74,"{""distance"":5,""physical_error_rate"":0.0001}","{""detection_events"":1855,""detectors_checked"":6266880}"
     39936,         0,         0,    3.12,decoder_by_matrix,b84cf4b8ca220d31f17e1e2ea9ab927bbc4176b15682c650e7d1dd8f2758172b,"{""distance"":5,""physical_error_rate"":0.0005}","{""detection_events"":12495,""detectors_checked"":6789120}"
     36864,         0,         0,    3.10,decoder_by_matrix,b84cf4b8ca220d31f17e1e2ea9ab927bbc4176b15682c650e7d1dd8f2758172b,"{""distance"":5,""physical_error_rate"":0.0005}","{""detection_events"":10945,""detectors_checked"":6266880}"
   1485824,         0,         0,   119.5,decoder_by_matrix,0421d486f8a041838688df650e87c0a19c3450ab7a7cc8b3dc589ebff86d1c74,"{""distance"":5,""physical_error_rate"":0.0001}","{""detection_events"":84740,""detectors_checked"":252590080}"
   1482752,         0,         0,   119.8,decoder_by_matrix,9c6baee88fc81e7d1aa345fcb3feec7ee81f21c5d49cb6ca037118097d89e180,"{""distance"":5,""physical_error_rate"":5e-05}","{""detection_events"":41885,""detectors_checked"":252067840}"
     98304,         0,         0,    4.29,decoder_by_matrix,9c6baee88fc81e7d1aa345fcb3feec7ee81f21c5d49cb6ca037118097d89e180,"{""distance"":5,""physical_error_rate"":5e-05}","{""detection_events"":3045,""detectors_checked"":16711680}"
    109568,         0,         0,    4.27,decoder_by_matrix,0421d486f8a041838688df650e87c0a19c3450ab7a7cc8b3dc589ebff86d1c74,"{""distance"":5,""physical_error_rate"":0.0001}","{""detection_events"":6370,""detectors_checked"":18626560}"
     48128,         0,         0,    4.26,decoder_by_matrix,9c6baee88fc81e7d1aa345fcb3feec7ee81f21c5d49cb6ca037118097d89e180,"{""distance"":5,""physical_error_rate"":5e-05}","{""detection_events"":1435,""detectors_checked"":8181760}"
    103424,         0,         0,    4.27,decoder_by_matrix,b84cf4b8ca220d31f17e1e2ea9ab927bbc4176b15682c650e7d1dd8f2758172b,"{""distance"":5,""physical_error_rate"":0.0005}","{""detection_events"":28755,""detectors_checked"":17582080}"
     55296,         0,         0,    4.26,decoder_by_matrix,b84cf4b8ca220d31f17e1e2ea9ab927bbc4176b15682c650e7d1dd8f2758172b,"{""distance"":5,""physical_error_rate"":0.0005}","{""detection_events"":16345,""detectors_checked"":9400320}"
     55296,         0,         0,    4.26,decoder_by_matrix,9c6baee88fc81e7d1aa345fcb3feec7ee81f21c5d49cb6ca037118097d89e180,"{""distance"":5,""physical_error_rate"":5e-05}","{""detection_events"":1685,""detectors_checked"":9400320}"
     54272,         0,         0,    4.31,decoder_by_matrix,0421d486f8a041838688df650e87c0a19c3450ab7a7cc8b3dc589ebff86d1c74,"{""distance"":5,""physical_error_rate"":0.0001}","{""detection_events"":2985,""detectors_checked"":9226240}"
     54272,         0,         0,    4.28,decoder_by_matrix,9c6baee88fc81e7d1aa345fcb3feec7ee81f21c5d49cb6ca037118097d89e180,"{""distance"":5,""physical_error_rate"":5e-05}","{""detection_events"":1520,""detectors_checked"":9226240}"
     57344,         0,         0,    4.32,decoder_by_matrix,0421d486f8a041838688df650e87c0a19c3450ab7a7cc8b3dc589ebff86d1c74,"{""distance"":5,""physical_error_rate"":0.0001}","{""detection_events"":3670,""detectors_checked"":9748480}"
     49152,         0,         0,    4.31,decoder_by_matrix,0421d486f8a041838688df650e87c0a19c3450ab7a7cc8b3dc589ebff86d1c74,"{""distance"":5,""physical_error_rate"":0.0001}","{""detection_events"":3230,""detectors_checked"":8355840}"
     53248,         0,         0,    4.28,decoder_by_matrix,b84cf4b8ca220d31f17e1e2ea9ab927bbc4176b15682c650e7d1dd8f2758172b,"{""distance"":5,""physical_error_rate"":0.0005}","{""detection_events"":15715,""detectors_checked"":9052160}"
     54272,         0,         0,    4.26,decoder_by_matrix,b84cf4b8ca220d31f17e1e2ea9ab927bbc4176b15682c650e7d1dd8f2758172b,"{""distance"":5,""physical_error_rate"":0.0005}","{""detection_events"":14550,""detectors_checked"":9226240}"
   2267136,         0,         0,   119.6,decoder_by_matrix,9c6baee88fc81e7d1aa345fcb3feec7ee81f21c5d49cb6ca037118097d89e180,"{""distance"":5,""physical_error_rate"":5e-05}","{""detection_events"":64905,""detectors_checked"":385413120}"
   1564672,         0,         0,   119.5,decoder_by_matrix,0421d486f8a041838688df650e87c0a19c3450ab7a7cc8b3dc589ebff86d1c74,"{""distance"":5,""physical_error_rate"":0.0001}","{""detection_events"":88255,""detectors_checked"":265994240}"
   1511424,         1,         0,   119.7,decoder_by_matrix,b84cf4b8ca220d31f17e1e2ea9ab927bbc4176b15682c650e7d1dd8f2758172b,"{""distance"":5,""physical_error_rate"":0.0005}","{""detection_events"":429180,""detectors_checked"":256942080,""obs_mistake_mask=_EEE"":1}"
   1583104,         2,         0,   119.5,decoder_by_matrix,b84cf4b8ca220d31f17e1e2ea9ab927bbc4176b15682c650e7d1dd8f2758172b,"{""distance"":5,""physical_error_rate"":0.0005}","{""detection_events"":444355,""detectors_checked"":269127680,""obs_mistake_mask=E___"":2}"
   1549312,         0,         0,   119.4,decoder_by_matrix,9c6baee88fc81e7d1aa345fcb3feec7ee81f21c5d49cb6ca037118097d89e180,"{""distance"":5,""physical_error_rate"":5e-05}","{""detection_events"":45600,""detectors_checked"":263383040}"
    123904,         0,         0,    5.96,decoder_by_matrix,9c6baee88fc81e7d1aa345fcb3feec7ee81f21c5d49cb6ca037118097d89e180,"{""distance"":5,""physical_error_rate"":5e-05}","{""detection_events"":3520,""detectors_checked"":21063680}"
    110592,         0,         0,    6.02,decoder_by_matrix,0421d486f8a041838688df650e87c0a19c3450ab7a7cc8b3dc589ebff86d1c74,"{""distance"":5,""physical_error_rate"":0.0001}","{""detection_events"":6580,""detectors_checked"":18800640}"
     81920,         0,         0,    6.00,decoder_by_matrix,9c6baee88fc81e7d1aa345fcb3feec7ee81f21c5d49cb6ca037118097d89e180,"{""distance"":5,""physical_error_rate"":5e-05}","{""detection_events"":2240,""detectors_checked"":13926400}"
    117760,         0,         0,    5.98,decoder_by_matrix,b84cf4b8ca220d31f17e1e2ea9ab927bbc4176b15682c650e7d1dd8f2758172b,"{""distance"":5,""physical_error_rate"":0.0005}","{""detection_events"":33730,""detectors_checked"":20019200}"
     76800,         0,         0,    5.99,decoder_by_matrix,9c6baee88fc81e7d1aa345fcb3feec7ee81f21c5d49cb6ca037118097d89e180,"{""distance"":5,""physical_error_rate"":5e-05}","{""detection_events"":2065,""detectors_checked"":13056000}"
     77824,         0,         0,    6.04,decoder_by_matrix,b84cf4b8ca220d31f17e1e2ea9ab927bbc4176b15682c650e7d1dd8f2758172b,"{""distance"":5,""physical_error_rate"":0.0005}","{""detection_events"":22690,""detectors_checked"":13230080}"
     80896,         0,         0,    5.97,decoder_by_matrix,0421d486f8a041838688df650e87c0a19c3450ab7a7cc8b3dc589ebff86d1c74,"{""distance"":5,""physical_error_rate"":0.0001}","{""detection_events"":4955,""detectors_checked"":13752320}"
     80896,         0,         0,    5.98,decoder_by_matrix,9c6baee88fc81e7d1aa345fcb3feec7ee81f21c5d49cb6ca037118097d89e180,"{""distance"":5,""physical_error_rate"":5e-05}","{""detection_events"":2320,""detectors_checked"":13752320}"
     77824,         0,         0,    6.00,decoder_by_matrix,0421d486f8a041838688df650e87c0a19c3450ab7a7cc8b3dc589ebff86d1c74,"{""distance"":5,""physical_error_rate"":0.0001}","{""detection_events"":4795,""detectors_checked"":13230080}"
     77824,         0,         0,    5.98,decoder_by_matrix,0421d486f8a041838688df650e87c0a19c3450ab7a7cc8b3dc589ebff86d1c74,"{""distance"":5,""physical_error_rate"":0.0001}","{""detection_events"":5240,""detectors_checked"":13230080}"
     77824,         0,         0,    5.94,decoder_by_matrix,b84cf4b8ca220d31f17e1e2ea9ab927bbc4176b15682c650e7d1dd8f2758172b,"{""distance"":5,""physical_error_rate"":0.0005}","{""detection_events"":21275,""detectors_checked"":13230080}"
     78848,         0,         0,    6.02,decoder_by_matrix,b84cf4b8ca220d31f17e1e2ea9ab927bbc4176b15682c650e7d1dd8f2758172b,"{""distance"":5,""physical_error_rate"":0.0005}","{""detection_events"":22605,""detectors_checked"":13404160}"
    222208,         0,         0,    16.4,decoder_by_matrix,b84cf4b8ca220d31f17e1e2ea9ab927bbc4176b15682c650e7d1dd8f2758172b,"{""distance"":5,""physical_error_rate"":0.0005}","{""detection_events"":63345,""detectors_checked"":37775360}"
    224256,         0,         0,    16.4,decoder_by_matrix,9c6baee88fc81e7d1aa345fcb3feec7ee81f21c5d49cb6ca037118097d89e180,"{""distance"":5,""physical_error_rate"":5e-05}","{""detection_events"":5325,""detectors_checked"":38123520}"
    224256,         0,         0,    16.4,decoder_by_matrix,0421d486f8a041838688df650e87c0a19c3450ab7a7cc8b3dc589ebff86d1c74,"{""distance"":5,""physical_error_rate"":0.0001}","{""detection_events"":12250,""detectors_checked"":38123520}"
    202752,         0,         0,    16.3,decoder_by_matrix,0421d486f8a041838688df650e87c0a19c3450ab7a7cc8b3dc589ebff86d1c74,"{""distance"":5,""physical_error_rate"":0.0001}","{""detection_events"":12145,""detectors_checked"":34467840}"
    215040,         0,         0,    16.4,decoder_by_matrix,9c6baee88fc81e7d1aa345fcb3feec7ee81f21c5d49cb6ca037118097d89e180,"{""distance"":5,""physical_error_rate"":5e-05}","{""detection_events"":6160,""detectors_checked"":36556800}"
    226304,         0,         0,    16.4,decoder_by_matrix,b84cf4b8ca220d31f17e1e2ea9ab927bbc4176b15682c650e7d1dd8f2758172b,"{""distance"":5,""physical_error_rate"":0.0005}","{""detection_events"":63590,""detectors_checked"":38471680}"
    193536,         0,         0,    8.33,decoder_by_matrix,9c6baee88fc81e7d1aa345fcb3feec7ee81f21c5d49cb6ca037118097d89e180,"{""distance"":5,""physical_error_rate"":5e-05}","{""detection_events"":5860,""detectors_checked"":32901120}"
    173056,         0,         0,    8.35,decoder_by_matrix,0421d486f8a041838688df650e87c0a19c3450ab7a7cc8b3dc589ebff86d1c74,"{""distance"":5,""physical_error_rate"":0.0001}","{""detection_events"":10450,""detectors_checked"":29419520}"
    105472,         0,         0,    8.42,decoder_by_matrix,9c6baee88fc81e7d1aa345fcb3feec7ee81f21c5d49cb6ca037118097d89e180,"{""distance"":5,""physical_error_rate"":5e-05}","{""detection_events"":3255,""detectors_checked"":17930240}"
    164864,         0,         0,    8.36,decoder_by_matrix,b84cf4b8ca220d31f17e1e2ea9ab927bbc4176b15682c650e7d1dd8f2758172b,"{""distance"":5,""physical_error_rate"":0.0005}","{""detection_events"":47570,""detectors_checked"":28026880}"
    105472,         0,         0,    8.34,decoder_by_matrix,b84cf4b8ca220d31f17e1e2ea9ab927bbc4176b15682c650e7d1dd8f2758172b,"{""distance"":5,""physical_error_rate"":0.0005}","{""detection_events"":30170,""detectors_checked"":17930240}"
    108544,         0,         0,    8.35,decoder_by_matrix,0421d486f8a041838688df650e87c0a19c3450ab7a7cc8b3dc589ebff86d1c74,"{""distance"":5,""physical_error_rate"":0.0001}","{""detection_events"":6105,""detectors_checked"":18452480}"
    110592,         0,         0,    8.37,decoder_by_matrix,9c6baee88fc81e7d1aa345fcb3feec7ee81f21c5d49cb6ca037118097d89e180,"{""distance"":5,""physical_error_rate"":5e-05}","{""detection_events"":2710,""detectors_checked"":18800640}"
    110592,         0,         0,    8.35,decoder_by_matrix,0421d486f8a041838688df650e87c0a19c3450ab7a7cc8b3dc589ebff86d1c74,"{""distance"":5,""physical_error_rate"":0.0001}","{""detection_events"":5585,""detectors_checked"":18800640}"
    100352,         0,         0,    8.47,decoder_by_matrix,9c6baee88fc81e7d1aa345fcb3feec7ee81f21c5d49cb6ca037118097d89e180,"{""distance"":5,""physical_error_rate"":5e-05}","{""detection_events"":2685,""detectors_checked"":17059840}"
    115712,         1,         0,    8.35,decoder_by_matrix,b84cf4b8ca220d31f17e1e2ea9ab927bbc4176b15682c650e7d1dd8f2758172b,"{""distance"":5,""physical_error_rate"":0.0005}","{""detection_events"":33290,""detectors_checked"":19671040,""obs_mistake_mask=EE__"":1}"
    109568,         0,         0,    8.35,decoder_by_matrix,0421d486f8a041838688df650e87c0a19c3450ab7a7cc8b3dc589ebff86d1c74,"{""distance"":5,""physical_error_rate"":0.0001}","{""detection_events"":5915,""detectors_checked"":18626560}"
    112640,         0,         0,    8.35,decoder_by_matrix,b84cf4b8ca220d31f17e1e2ea9ab927bbc4176b15682c650e7d1dd8f2758172b,"{""distance"":5,""physical_error_rate"":0.0005}","{""detection_events"":31165,""detectors_checked"":19148800}"
    268288,         0,         0,    11.7,decoder_by_matrix,9c6baee88fc81e7d1aa345fcb3feec7ee81f21c5d49cb6ca037118097d89e180,"{""distance"":5,""physical_error_rate"":5e-05}","{""detection_events"":7885,""detectors_checked"":45608960}"
    256000,         0,         0,    11.7,decoder_by_matrix,0421d486f8a041838688df650e87c0a19c3450ab7a7cc8b3dc589ebff86d1c74,"{""distance"":5,""physical_error_rate"":0.0001}","{""detection_events"":15030,""detectors_checked"":43520000}"
    252928,         0,         0,    11.7,decoder_by_matrix,b84cf4b8ca220d31f17e1e2ea9ab927bbc4176b15682c650e7d1dd8f2758172b,"{""distance"":5,""physical_error_rate"":0.0005}","{""detection_events"":72740,""detectors_checked"":42997760}"
    146432,         0,         0,    11.8,decoder_by_matrix,9c6baee88fc81e7d1aa345fcb3feec7ee81f21c5d49cb6ca037118097d89e180,"{""distance"":5,""physical_error_rate"":5e-05}","{""detection_events"":4580,""detectors_checked"":24893440}"
    157696,         0,         0,    11.7,decoder_by_matrix,0421d486f8a041838688df650e87c0a19c3450ab7a7cc8b3dc589ebff86d1c74,"{""distance"":5,""physical_error_rate"":0.0001}","{""detection_events"":9440,""detectors_checked"":26808320}"
    159744,         0,         0,    11.7,decoder_by_matrix,0421d486f8a041838688df650e87c0a19c3450ab7a7cc8b3dc589ebff86d1c74,"{""distance"":5,""physical_error_rate"":0.0001}","{""detection_events"":9660,""detectors_checked"":27156480}"
    152576,         0,         0,    11.7,decoder_by_matrix,b84cf4b8ca220d31f17e1e2ea9ab927bbc4176b15682c650e7d1dd8f2758172b,"{""distance"":5,""physical_error_rate"":0.0005}","{""detection_events"":43940,""detectors_checked"":25937920}"
    158720,         0,         0,    11.8,decoder_by_matrix,9c6baee88fc81e7d1aa345fcb3feec7ee81f21c5d49cb6ca037118097d89e180,"{""distance"":5,""physical_error_rate"":5e-05}","{""detection_events"":4915,""detectors_checked"":26982400}"
    143360,         0,         0,    11.7,decoder_by_matrix,9c6baee88fc81e7d1aa345fcb3feec7ee81f21c5d49cb6ca037118097d89e180,"{""distance"":5,""physical_error_rate"":5e-05}","{""detection_events"":3985,""detectors_checked"":24371200}"
    149504,         0,         0,    11.7,decoder_by_matrix,b84cf4b8ca220d31f17e1e2ea9ab927bbc4176b15682c650e7d1dd8f2758172b,"{""distance"":5,""physical_error_rate"":0.0005}","{""detection_events"":42905,""detectors_checked"":25415680}"
    154624,         0,         0,    11.7,decoder_by_matrix,0421d486f8a041838688df650e87c0a19c3450ab7a7cc8b3dc589ebff86d1c74,"{""distance"":5,""physical_error_rate"":0.0001}","{""detection_events"":8810,""detectors_checked"":26286080}"
    148480,         0,         0,    11.7,decoder_by_matrix,b84cf4b8ca220d31f17e1e2ea9ab927bbc4176b15682c650e7d1dd8f2758172b,"{""distance"":5,""physical_error_rate"":0.0005}","{""detection_events"":41700,""detectors_checked"":25241600}"
    308224,         0,         0,    22.9,decoder_by_matrix,b84cf4b8ca220d31f17e1e2ea9ab927bbc4176b15682c650e7d1dd8f2758172b,"{""distance"":5,""physical_error_rate"":0.0005}","{""detection_events"":88090,""detectors_checked"":52398080}"
    300032,         0,         0,    22.9,decoder_by_matrix,9c6baee88fc81e7d1aa345fcb3feec7ee81f21c5d49cb6ca037118097d89e180,"{""distance"":5,""physical_error_rate"":5e-05}","{""detection_events"":8355,""detectors_checked"":51005440}"
    296960,         0,         0,    22.9,decoder_by_matrix,0421d486f8a041838688df650e87c0a19c3450ab7a7cc8b3dc589ebff86d1c74,"{""distance"":5,""physical_error_rate"":0.0001}","{""detection_events"":17185,""detectors_checked"":50483200}"
    306176,         0,         0,    22.9,decoder_by_matrix,0421d486f8a041838688df650e87c0a19c3450ab7a7cc8b3dc589ebff86d1c74,"{""distance"":5,""physical_error_rate"":0.0001}","{""detection_events"":16350,""detectors_checked"":52049920}"
    287744,         0,         0,    22.9,decoder_by_matrix,9c6baee88fc81e7d1aa345fcb3feec7ee81f21c5d49cb6ca037118097d89e180,"{""distance"":5,""physical_error_rate"":5e-05}","{""detection_events"":8080,""detectors_checked"":48916480}"
    303104,         0,         0,    22.9,decoder_by_matrix,b84cf4b8ca220d31f17e1e2ea9ab927bbc4176b15682c650e7d1dd8f2758172b,"{""distance"":5,""physical_error_rate"":0.0005}","{""detection_events"":86530,""detectors_checked"":51527680}"
   2677760,         0,         0,    44.7,decoder_by_matrix,0421d486f8a041838688df650e87c0a19c3450ab7a7cc8b3dc589ebff86d1c74,"{""distance"":5,""physical_error_rate"":0.0001}","{""detection_events"":154430,""detectors_checked"":455219200}"
    606208,         0,         0,    44.9,decoder_by_matrix,9c6baee88fc81e7d1aa345fcb3feec7ee81f21c5d49cb6ca037118097d89e180,"{""distance"":5,""physical_error_rate"":5e-05}","{""detection_events"":17785,""detectors_checked"":103055360}"
    566272,         0,         0,    44.8,decoder_by_matrix,b84cf4b8ca220d31f17e1e2ea9ab927bbc4176b15682c650e7d1dd8f2758172b,"{""distance"":5,""physical_error_rate"":0.0005}","{""detection_events"":156425,""detectors_checked"":96266240}"
    588800,         0,         0,    44.8,decoder_by_matrix,0421d486f8a041838688df650e87c0a19c3450ab7a7cc8b3dc589ebff86d1c74,"{""distance"":5,""physical_error_rate"":0.0001}","{""detection_events"":33325,""detectors_checked"":100096000}"
    550912,         0,         0,    44.9,decoder_by_matrix,b84cf4b8ca220d31f17e1e2ea9ab927bbc4176b15682c650e7d1dd8f2758172b,"{""distance"":5,""physical_error_rate"":0.0005}","{""detection_events"":154020,""detectors_checked"":93655040}"
    552960,         0,         0,    44.9,decoder_by_matrix,9c6baee88fc81e7d1aa345fcb3feec7ee81f21c5d49cb6ca037118097d89e180,"{""distance"":5,""physical_error_rate"":5e-05}","{""detection_events"":14445,""detectors_checked"":94003200}"
    305609,         0,         0,    4.25,decoder_by_matrix,0421d486f8a041838688df650e87c0a19c3450ab7a7cc8b3dc589ebff86d1c74,"{""distance"":5,""physical_error_rate"":0.0001}","{""detection_events"":17920,""detectors_checked"":51953530}"
   2105344,         0,         0,   119.5,decoder_by_matrix,0421d486f8a041838688df650e87c0a19c3450ab7a7cc8b3dc589ebff86d1c74,"{""distance"":5,""physical_error_rate"":0.0001}","{""detection_events"":117435,""detectors_checked"":357908480}"
    360448,         0,         0,    16.4,decoder_by_matrix,9c6baee88fc81e7d1aa345fcb3feec7ee81f21c5d49cb6ca037118097d89e180,"{""distance"":5,""physical_error_rate"":5e-05}","{""detection_events"":10505,""detectors_checked"":61276160}"
    367616,         0,         0,    16.4,decoder_by_matrix,0421d486f8a041838688df650e87c0a19c3450ab7a7cc8b3dc589ebff86d1c74,"{""distance"":5,""physical_error_rate"":0.0001}","{""detection_events"":21560,""detectors_checked"":62494720}"
    346112,         0,         0,    16.4,decoder_by_matrix,b84cf4b8ca220d31f17e1e2ea9ab927bbc4176b15682c650e7d1dd8f2758172b,"{""distance"":5,""physical_error_rate"":0.0005}","{""detection_events"":98580,""detectors_checked"":58839040}"
    203776,         0,         0,    16.3,decoder_by_matrix,9c6baee88fc81e7d1aa345fcb3feec7ee81f21c5d49cb6ca037118097d89e180,"{""distance"":5,""physical_error_rate"":5e-05}","{""detection_events"":5650,""detectors_checked"":34641920}"
    215040,         0,         0,    16.4,decoder_by_matrix,0421d486f8a041838688df650e87c0a19c3450ab7a7cc8b3dc589ebff86d1c74,"{""distance"":5,""physical_error_rate"":0.0001}","{""detection_events"":11355,""detectors_checked"":36556800}"
    221184,         0,         0,    16.4,decoder_by_matrix,0421d486f8a041838688df650e87c0a19c3450ab7a7cc8b3dc589ebff86d1c74,"{""distance"":5,""physical_error_rate"":0.0001}","{""detection_events"":11905,""detectors_checked"":37601280}"
    205824,         1,         0,    16.4,decoder_by_matrix,b84cf4b8ca220d31f17e1e2ea9ab927bbc4176b15682c650e7d1dd8f2758172b,"{""distance"":5,""physical_error_rate"":0.0005}","{""detection_events"":59895,""detectors_checked"":34990080,""obs_mistake_mask=__EE"":1}"
    215040,         0,         0,    16.3,decoder_by_matrix,9c6baee88fc81e7d1aa345fcb3feec7ee81f21c5d49cb6ca037118097d89e180,"{""distance"":5,""physical_error_rate"":5e-05}","{""detection_events"":6300,""detectors_checked"":36556800}"
    212992,         0,         0,    16.4,decoder_by_matrix,9c6baee88fc81e7d1aa345fcb3feec7ee81f21c5d49cb6ca037118097d89e180,"{""distance"":5,""physical_error_rate"":5e-05}","{""detection_events"":6100,""detectors_checked"":36208640}"
   1467392,         0,         0,   119.7,decoder_by_matrix,b84cf4b8ca220d31f17e1e2ea9ab927bbc4176b15682c650e7d1dd8f2758172b,"{""distance"":5,""physical_error_rate"":0.0005}","{""detection_events"":417965,""detectors_checked"":249456640}"
    215040,         0,         0,    16.3,decoder_by_matrix,0421d486f8a041838688df650e87c0a19c3450ab7a7cc8b3dc589ebff86d1c74,"{""distance"":5,""physical_error_rate"":0.0001}","{""detection_events"":12395,""detectors_checked"":36556800}"
    209920,         0,         0,    16.4,decoder_by_matrix,b84cf4b8ca220d31f17e1e2ea9ab927bbc4176b15682c650e7d1dd8f2758172b,"{""distance"":5,""physical_error_rate"":0.0005}","{""detection_events"":61400,""detectors_checked"":35686400}"
   1552384,         0,         0,   119.5,decoder_by_matrix,9c6baee88fc81e7d1aa345fcb3feec7ee81f21c5d49cb6ca037118097d89e180,"{""distance"":5,""physical_error_rate"":5e-05}","{""detection_events"":45280,""detectors_checked"":263905280}"
    203776,         0,         0,    16.3,decoder_by_matrix,b84cf4b8ca220d31f17e1e2ea9ab927bbc4176b15682c650e7d1dd8f2758172b,"{""distance"":5,""physical_error_rate"":0.0005}","{""detection_events"":57255,""detectors_checked"":34641920}"
   1505280,         0,         0,   119.5,decoder_by_matrix,0421d486f8a041838688df650e87c0a19c3450ab7a7cc8b3dc589ebff86d1c74,"{""distance"":5,""physical_error_rate"":0.0001}","{""detection_events"":86840,""detectors_checked"":255897600}"
   1552384,         0,         0,   119.7,decoder_by_matrix,0421d486f8a041838688df650e87c0a19c3450ab7a7cc8b3dc589ebff86d1c74,"{""distance"":5,""physical_error_rate"":0.0001}","{""detection_events"":90480,""detectors_checked"":263905280}"
   1569792,         0,         0,   119.6,decoder_by_matrix,9c6baee88fc81e7d1aa345fcb3feec7ee81f21c5d49cb6ca037118097d89e180,"{""distance"":5,""physical_error_rate"":5e-05}","{""detection_events"":45375,""detectors_checked"":266864640}"
   1534976,         1,         0,   119.6,decoder_by_matrix,b84cf4b8ca220d31f17e1e2ea9ab927bbc4176b15682c650e7d1dd8f2758172b,"{""distance"":5,""physical_error_rate"":0.0005}","{""detection_events"":433655,""detectors_checked"":260945920,""obs_mistake_mask=E_E_"":1}"
    422912,         0,         0,    32.0,decoder_by_matrix,b84cf4b8ca220d31f17e1e2ea9ab927bbc4176b15682c650e7d1dd8f2758172b,"{""distance"":5,""physical_error_rate"":0.0005}","{""detection_events"":119845,""detectors_checked"":71895040}"
    414720,         0,         0,    32.0,decoder_by_matrix,9c6baee88fc81e7d1aa345fcb3feec7ee81f21c5d49cb6ca037118097d89e180,"{""distance"":5,""physical_error_rate"":5e-05}","{""detection_events"":10985,""detectors_checked"":70502400}"
    420864,         0,         0,    32.1,decoder_by_matrix,0421d486f8a041838688df650e87c0a19c3450ab7a7cc8b3dc589ebff86d1c74,"{""distance"":5,""physical_error_rate"":0.0001}","{""detection_events"":22950,""detectors_checked"":71546880}"
    436224,         0,         0,    31.9,decoder_by_matrix,0421d486f8a041838688df650e87c0a19c3450ab7a7cc8b3dc589ebff86d1c74,"{""distance"":5,""physical_error_rate"":0.0001}","{""detection_events"":24115,""detectors_checked"":74158080}"
    406528,         0,         0,    32.0,decoder_by_matrix,9c6baee88fc81e7d1aa345fcb3feec7ee81f21c5d49cb6ca037118097d89e180,"{""distance"":5,""physical_error_rate"":5e-05}","{""detection_events"":11980,""detectors_checked"":69109760}"
    423936,         0,         0,    32.1,decoder_by_matrix,b84cf4b8ca220d31f17e1e2ea9ab927bbc4176b15682c650e7d1dd8f2758172b,"{""distance"":5,""physical_error_rate"":0.0005}","{""detection_events"":118635,""detectors_checked"":72069120}"
    483328,         0,         0,    22.9,decoder_by_matrix,9c6baee88fc81e7d1aa345fcb3feec7ee81f21c5d49cb6ca037118097d89e180,"{""distance"":5,""physical_error_rate"":5e-05}","{""detection_events"":13955,""detectors_checked"":82165760}"
    461824,         0,         0,    22.9,decoder_by_matrix,0421d486f8a041838688df650e87c0a19c3450ab7a7cc8b3dc589ebff86d1c74,"{""distance"":5,""physical_error_rate"":0.0001}","{""detection_events"":26860,""detectors_checked"":78510080}"
    466944,         0,         0,    22.9,decoder_by_matrix,b84cf4b8ca220d31f17e1e2ea9ab927bbc4176b15682c650e7d1dd8f2758172b,"{""distance"":5,""physical_error_rate"":0.0005}","{""detection_events"":133950,""detectors_checked"":79380480}"
    290816,         0,         0,    22.9,decoder_by_matrix,9c6baee88fc81e7d1aa345fcb3feec7ee81f21c5d49cb6ca037118097d89e180,"{""distance"":5,""physical_error_rate"":5e-05}","{""detection_events"":7750,""detectors_checked"":49438720}"
    306176,         0,         0,    22.8,decoder_by_matrix,0421d486f8a041838688df650e87c0a19c3450ab7a7cc8b3dc589ebff86d1c74,"{""distance"":5,""physical_error_rate"":0.0001}","{""detection_events"":17330,""detectors_checked"":52049920}"
    304128,         0,         0,    23.0,decoder_by_matrix,0421d486f8a041838688df650e87c0a19c3450ab7a7cc8b3dc589ebff86d1c74,"{""distance"":5,""physical_error_rate"":0.0001}","{""detection_events"":17215,""detectors_checked"":51701760}"
    310272,         0,         0,    22.9,decoder_by_matrix,b84cf4b8ca220d31f17e1e2ea9ab927bbc4176b15682c650e7d1dd8f2758172b,"{""distance"":5,""physical_error_rate"":0.0005}","{""detection_events"":87640,""detectors_checked"":52746240}"
    302080,         0,         0,    22.9,decoder_by_matrix,9c6baee88fc81e7d1aa345fcb3feec7ee81f21c5d49cb6ca037118097d89e180,"{""distance"":5,""physical_error_rate"":5e-05}","{""detection_events"":7855,""detectors_checked"":51353600}"
    299008,         0,         0,    22.8,decoder_by_matrix,0421d486f8a041838688df650e87c0a19c3450ab7a7cc8b3dc589ebff86d1c74,"{""distance"":5,""physical_error_rate"":0.0001}","{""detection_events"":15855,""detectors_checked"":50831360}"
    294912,         0,         0,    22.9,decoder_by_matrix,9c6baee88fc81e7d1aa345fcb3feec7ee81f21c5d49cb6ca037118097d89e180,"{""distance"":5,""physical_error_rate"":5e-05}","{""detection_events"":8495,""detectors_checked"":50135040}"
    305152,         0,         0,    22.9,decoder_by_matrix,b84cf4b8ca220d31f17e1e2ea9ab927bbc4176b15682c650e7d1dd8f2758172b,"{""distance"":5,""physical_error_rate"":0.0005}","{""detection_events"":88370,""detectors_checked"":51875840}"
    282624,         0,         0,    22.9,decoder_by_matrix,b84cf4b8ca220d31f17e1e2ea9ab927bbc4176b15682c650e7d1dd8f2758172b,"{""distance"":5,""physical_error_rate"":0.0005}","{""detection_events"":80770,""detectors_checked"":48046080}"
   1534976,         0,         0,   119.5,decoder_by_matrix,b84cf4b8ca220d31f17e1e2ea9ab927bbc4176b15682c650e7d1dd8f2758172b,"{""distance"":5,""physical_error_rate"":0.0005}","{""detection_events"":438160,""detectors_checked"":260945920}"
    840704,         0,         0,    62.8,decoder_by_matrix,9c6baee88fc81e7d1aa345fcb3feec7ee81f21c5d49cb6ca037118097d89e180,"{""distance"":5,""physical_error_rate"":5e-05}","{""detection_events"":22445,""detectors_checked"":142919680}"
    791552,         0,         0,    62.7,decoder_by_matrix,b84cf4b8ca220d31f17e1e2ea9ab927bbc4176b15682c650e7d1dd8f2758172b,"{""distance"":5,""physical_error_rate"":0.0005}","{""detection_events"":223440,""detectors_checked"":134563840}"
    793600,         0,         0,    62.7,decoder_by_matrix,0421d486f8a041838688df650e87c0a19c3450ab7a7cc8b3dc589ebff86d1c74,"{""distance"":5,""physical_error_rate"":0.0001}","{""detection_events"":46250,""detectors_checked"":134912000}"
    813056,         0,         0,    62.8,decoder_by_matrix,b84cf4b8ca220d31f17e1e2ea9ab927bbc4176b15682c650e7d1dd8f2758172b,"{""distance"":5,""physical_error_rate"":0.0005}","{""detection_events"":228220,""detectors_checked"":138219520}"
    832512,         0,         0,    62.8,decoder_by_matrix,9c6baee88fc81e7d1aa345fcb3feec7ee81f21c5d49cb6ca037118097d89e180,"{""distance"":5,""physical_error_rate"":5e-05}","{""detection_events"":23965,""detectors_checked"":141527040}"
   2102272,         1,         0,   119.6,decoder_by_matrix,b84cf4b8ca220d31f17e1e2ea9ab927bbc4176b15682c650e7d1dd8f2758172b,"{""distance"":5,""physical_error_rate"":0.0005}","{""detection_events"":598960,""detectors_checked"":357386240,""obs_mistake_mask=___E"":1}"
    712704,         0,         0,    32.0,decoder_by_matrix,9c6baee88fc81e7d1aa345fcb3feec7ee81f21c5d49cb6ca037118097d89e180,"{""distance"":5,""physical_error_rate"":5e-05}","{""detection_events"":19540,""detectors_checked"":121159680}"
    683008,         0,         0,    32.1,decoder_by_matrix,0421d486f8a041838688df650e87c0a19c3450ab7a7cc8b3dc589ebff86d1c74,"{""distance"":5,""physical_error_rate"":0.0001}","{""detection_events"":38570,""detectors_checked"":116111360}"
   3669456,         0,         0,    61.8,decoder_by_matrix,0421d486f8a041838688df650e87c0a19c3450ab7a7cc8b3dc589ebff86d1c74,"{""distance"":5,""physical_error_rate"":0.0001}","{""detection_events"":209365,""detectors_checked"":623807520}"
    657408,         0,         0,    32.0,decoder_by_matrix,b84cf4b8ca220d31f17e1e2ea9ab927bbc4176b15682c650e7d1dd8f2758172b,"{""distance"":5,""physical_error_rate"":0.0005}","{""detection_events"":183755,""detectors_checked"":111759360}"
    405504,         0,         0,    32.1,decoder_by_matrix,9c6baee88fc81e7d1aa345fcb3feec7ee81f21c5d49cb6ca037118097d89e180,"{""distance"":5,""physical_error_rate"":5e-05}","{""detection_events"":12260,""detectors_checked"":68935680}"
    412672,         1,         0,    32.0,decoder_by_matrix,b84cf4b8ca220d31f17e1e2ea9ab927bbc4176b15682c650e7d1dd8f2758172b,"{""distance"":5,""physical_error_rate"":0.0005}","{""detection_events"":118115,""detectors_checked"":70154240,""obs_mistake_mask=___E"":1}"
    423936,         0,         0,    32.0,decoder_by_matrix,9c6baee88fc81e7d1aa345fcb3feec7ee81f21c5d49cb6ca037118097d89e180,"{""distance"":5,""physical_error_rate"":5e-05}","{""detection_events"":11385,""detectors_checked"":72069120}"
    419840,         0,         0,    32.2,decoder_by_matrix,0421d486f8a041838688df650e87c0a19c3450ab7a7cc8b3dc589ebff86d1c74,"{""distance"":5,""physical_error_rate"":0.0001}","{""detection_events"":23540,""detectors_checked"":71372800}"
    416768,         0,         0,    32.1,decoder_by_matrix,9c6baee88fc81e7d1aa345fcb3feec7ee81f21c5d49cb6ca037118097d89e180,"{""distance"":5,""physical_error_rate"":5e-05}","{""detection_events"":11470,""detectors_checked"":70850560}"
    405504,         0,         0,    32.1,decoder_by_matrix,b84cf4b8ca220d31f17e1e2ea9ab927bbc4176b15682c650e7d1dd8f2758172b,"{""distance"":5,""physical_error_rate"":0.0005}","{""detection_events"":112880,""detectors_checked"":68935680}"
    431104,         0,         0,    32.0,decoder_by_matrix,0421d486f8a041838688df650e87c0a19c3450ab7a7cc8b3dc589ebff86d1c74,"{""distance"":5,""physical_error_rate"":0.0001}","{""detection_events"":23835,""detectors_checked"":73287680}"
    422912,         0,         0,    32.2,decoder_by_matrix,0421d486f8a041838688df650e87c0a19c3450ab7a7cc8b3dc589ebff86d1c74,"{""distance"":5,""physical_error_rate"":0.0001}","{""detection_events"":24255,""detectors_checked"":71895040}"
    396288,         0,         0,    32.1,decoder_by_matrix,b84cf4b8ca220d31f17e1e2ea9ab927bbc4176b15682c650e7d1dd8f2758172b,"{""distance"":5,""physical_error_rate"":0.0005}","{""detection_events"":114510,""detectors_checked"":67368960}"
   1514496,         0,         0,   119.6,decoder_by_matrix,9c6baee88fc81e7d1aa345fcb3feec7ee81f21c5d49cb6ca037118097d89e180,"{""distance"":5,""physical_error_rate"":5e-05}","{""detection_events"":42315,""detectors_checked"":257464320}"
   1571840,         0,         0,   119.6,decoder_by_matrix,b84cf4b8ca220d31f17e1e2ea9ab927bbc4176b15682c650e7d1dd8f2758172b,"{""distance"":5,""physical_error_rate"":0.0005}","{""detection_events"":445845,""detectors_checked"":267212800}"
   1659904,         0,         0,   119.6,decoder_by_matrix,0421d486f8a041838688df650e87c0a19c3450ab7a7cc8b3dc589ebff86d1c74,"{""distance"":5,""physical_error_rate"":0.0001}","{""detection_events"":93080,""detectors_checked"":282183680}"
   1643520,         0,         0,   119.6,decoder_by_matrix,9c6baee88fc81e7d1aa345fcb3feec7ee81f21c5d49cb6ca037118097d89e180,"{""distance"":5,""physical_error_rate"":5e-05}","{""detection_events"":45090,""detectors_checked"":279398400}"
   1579008,         1,         0,   119.4,decoder_by_matrix,b84cf4b8ca220d31f17e1e2ea9ab927bbc4176b15682c650e7d1dd8f2758172b,"{""distance"":5,""physical_error_rate"":0.0005}","{""detection_events"":451125,""detectors_checked"":268431360,""obs_mistake_mask=E__E"":1}"
   1511424,         0,         0,   119.5,decoder_by_matrix,0421d486f8a041838688df650e87c0a19c3450ab7a7cc8b3dc589ebff86d1c74,"{""distance"":5,""physical_error_rate"":0.0001}","{""detection_events"":86575,""detectors_checked"":256942080}"
   2088349,         0,         0,   106.1,decoder_by_matrix,9c6baee88fc81e7d1aa345fcb3feec7ee81f21c5d49cb6ca037118097d89e180,"{""distance"":5,""physical_error_rate"":5e-05}","{""detection_events"":60435,""detectors_checked"":355019330}"
    598016,         0,         0,    44.9,decoder_by_matrix,b84cf4b8ca220d31f17e1e2ea9ab927bbc4176b15682c650e7d1dd8f2758172b,"{""distance"":5,""physical_error_rate"":0.0005}","{""detection_events"":169975,""detectors_checked"":101662720}"
   1579008,         0,         0,   119.7,decoder_by_matrix,9c6baee88fc81e7d1aa345fcb3feec7ee81f21c5d49cb6ca037118097d89e180,"{""distance"":5,""physical_error_rate"":5e-05}","{""detection_events"":45465,""detectors_checked"":268431360}"
    596992,         0,         0,    44.8,decoder_by_matrix,9c6baee88fc81e7d1aa345fcb3feec7ee81f21c5d49cb6ca037118097d89e180,"{""distance"":5,""physical_error_rate"":5e-05}","{""detection_events"":17415,""detectors_checked"":101488640}"
    585728,         0,         0,    44.9,decoder_by_matrix,0421d486f8a041838688df650e87c0a19c3450ab7a7cc8b3dc589ebff86d1c74,"{""distance"":5,""physical_error_rate"":0.0001}","{""detection_events"":34825,""detectors_checked"":99573760}"
    603136,         0,         0,    44.9,decoder_by_matrix,0421d486f8a041838688df650e87c0a19c3450ab7a7cc8b3dc589ebff86d1c74,"{""distance"":5,""physical_error_rate"":0.0001}","{""detection_events"":32510,""detectors_checked"":102533120}"
    577536,         0,         0,    44.9,decoder_by_matrix,9c6baee88fc81e7d1aa345fcb3feec7ee81f21c5d49cb6ca037118097d89e180,"{""distance"":5,""physical_error_rate"":5e-05}","{""detection_events"":16835,""detectors_checked"":98181120}"
   1599488,         0,         0,   119.7,decoder_by_matrix,0421d486f8a041838688df650e87c0a19c3450ab7a7cc8b3dc589ebff86d1c74,"{""distance"":5,""physical_error_rate"":0.0001}","{""detection_events"":90335,""detectors_checked"":271912960}"
    591872,         1,         0,    44.9,decoder_by_matrix,b84cf4b8ca220d31f17e1e2ea9ab927bbc4176b15682c650e7d1dd8f2758172b,"{""distance"":5,""physical_error_rate"":0.0005}","{""detection_events"":169880,""detectors_checked"":100618240,""obs_mistake_mask=E_EE"":1}"
   1519616,         0,         0,   119.5,decoder_by_matrix,0421d486f8a041838688df650e87c0a19c3450ab7a7cc8b3dc589ebff86d1c74,"{""distance"":5,""physical_error_rate"":0.0001}","{""detection_events"":84590,""detectors_checked"":258334720}"
   1506304,         0,         0,   119.6,decoder_by_matrix,9c6baee88fc81e7d1aa345fcb3feec7ee81f21c5d49cb6ca037118097d89e180,"{""distance"":5,""physical_error_rate"":5e-05}","{""detection_events"":43420,""detectors_checked"":256071680}"
   1602560,         0,         0,   119.7,decoder_by_matrix,0421d486f8a041838688df650e87c0a19c3450ab7a7cc8b3dc589ebff86d1c74,"{""distance"":5,""physical_error_rate"":0.0001}","{""detection_events"":88110,""detectors_checked"":272435200}"
   1494016,         0,         0,   119.6,decoder_by_matrix,b84cf4b8ca220d31f17e1e2ea9ab927bbc4176b15682c650e7d1dd8f2758172b,"{""distance"":5,""physical_error_rate"":0.0005}","{""detection_events"":429030,""detectors_checked"":253982720}"
   1580032,         0,         0,   119.6,decoder_by_matrix,b84cf4b8ca220d31f17e1e2ea9ab927bbc4176b15682c650e7d1dd8f2758172b,"{""distance"":5,""physical_error_rate"":0.0005}","{""detection_events"":452790,""detectors_checked"":268605440}"
   1553408,         0,         0,   119.6,decoder_by_matrix,9c6baee88fc81e7d1aa345fcb3feec7ee81f21c5d49cb6ca037118097d89e180,"{""distance"":5,""physical_error_rate"":5e-05}","{""detection_events"":44930,""detectors_checked"":264079360}"
   2822195,         0,         0,    44.2,decoder_by_matrix,0421d486f8a041838688df650e87c0a19c3450ab7a7cc8b3dc589ebff86d1c74,"{""distance"":5,""physical_error_rate"":0.0001}","{""detection_events"":160120,""detectors_checked"":479773150}"
    909312,         0,         0,    44.9,decoder_by_matrix,9c6baee88fc81e7d1aa345fcb3feec7ee81f21c5d49cb6ca037118097d89e180,"{""distance"":5,""physical_error_rate"":5e-05}","{""detection_events"":25565,""detectors_checked"":154583040}"
    848896,         0,         0,    44.9,decoder_by_matrix,0421d486f8a041838688df650e87c0a19c3450ab7a7cc8b3dc589ebff86d1c74,"{""distance"":5,""physical_error_rate"":0.0001}","{""detection_events"":51285,""detectors_checked"":144312320}"
    787456,         0,         0,    44.8,decoder_by_matrix,b84cf4b8ca220d31f17e1e2ea9ab927bbc4176b15682c650e7d1dd8f2758172b,"{""distance"":5,""physical_error_rate"":0.0005}","{""detection_events"":218655,""detectors_checked"":133867520}"
    622592,         0,         0,    44.9,decoder_by_matrix,9c6baee88fc81e7d1aa345fcb3feec7ee81f21c5d49cb6ca037118097d89e180,"{""distance"":5,""physical_error_rate"":5e-05}","{""detection_events"":17955,""detectors_checked"":105840640}"
    599040,         0,         0,    44.8,decoder_by_matrix,b84cf4b8ca220d31f17e1e2ea9ab927bbc4176b15682c650e7d1dd8f2758172b,"{""distance"":5,""physical_error_rate"":0.0005}","{""detection_events"":166560,""detectors_checked"":101836800}"
    604160,         0,         0,    44.9,decoder_by_matrix,9c6baee88fc81e7d1aa345fcb3feec7ee81f21c5d49cb6ca037118097d89e180,"{""distance"":5,""physical_error_rate"":5e-05}","{""detection_events"":16330,""detectors_checked"":102707200}"
    620544,         0,         0,    44.9,decoder_by_matrix,0421d486f8a041838688df650e87c0a19c3450ab7a7cc8b3dc589ebff86d1c74,"{""distance"":5,""physical_error_rate"":0.0001}","{""detection_events"":35025,""detectors_checked"":105492480}"
    621568,         0,         0,    44.9,decoder_by_matrix,9c6baee88fc81e7d1aa345fcb3feec7ee81f21c5d49cb6ca037118097d89e180,"{""distance"":5,""physical_error_rate"":5e-05}","{""detection_events"":18430,""detectors_checked"":105666560}"
    604160,         0,         0,    44.8,decoder_by_matrix,b84cf4b8ca220d31f17e1e2ea9ab927bbc4176b15682c650e7d1dd8f2758172b,"{""distance"":5,""physical_error_rate"":0.0005}","{""detection_events"":174325,""detectors_checked"":102707200}"
    600064,         0,         0,    44.8,decoder_by_matrix,0421d486f8a041838688df650e87c0a19c3450ab7a7cc8b3dc589ebff86d1c74,"{""distance"":5,""physical_error_rate"":0.0001}","{""detection_events"":33910,""detectors_checked"":102010880}"
    601088,         0,         0,    44.9,decoder_by_matrix,0421d486f8a041838688df650e87c0a19c3450ab7a7cc8b3dc589ebff86d1c74,"{""distance"":5,""physical_error_rate"":0.0001}","{""detection_events"":32830,""detectors_checked"":102184960}"
    587776,         0,         0,    44.9,decoder_by_matrix,b84cf4b8ca220d31f17e1e2ea9ab927bbc4176b15682c650e7d1dd8f2758172b,"{""distance"":5,""physical_error_rate"":0.0005}","{""detection_events"":167125,""detectors_checked"":99921920}"
   1998575,         0,         0,   119.2,decoder_by_matrix,0421d486f8a041838688df650e87c0a19c3450ab7a7cc8b3dc589ebff86d1c74,"{""distance"":5,""physical_error_rate"":0.0001}","{""detection_events"":110435,""detectors_checked"":339757750}"
   1618944,         1,         0,   119.6,decoder_by_matrix,b84cf4b8ca220d31f17e1e2ea9ab927bbc4176b15682c650e7d1dd8f2758172b,"{""distance"":5,""physical_error_rate"":0.0005}","{""detection_events"":466510,""detectors_checked"":275220480,""obs_mistake_mask=_EEE"":1}"
   1606656,         0,         0,   119.5,decoder_by_matrix,9c6baee88fc81e7d1aa345fcb3feec7ee81f21c5d49cb6ca037118097d89e180,"{""distance"":5,""physical_error_rate"":5e-05}","{""detection_events"":46070,""detectors_checked"":273131520}"
   1570816,         0,         0,   119.7,decoder_by_matrix,0421d486f8a041838688df650e87c0a19c3450ab7a7cc8b3dc589ebff86d1c74,"{""distance"":5,""physical_error_rate"":0.0001}","{""detection_events"":89995,""detectors_checked"":267038720}"
   1706753,         0,         0,    22.2,decoder_by_matrix,0421d486f8a041838688df650e87c0a19c3450ab7a7cc8b3dc589ebff86d1c74,"{""distance"":5,""physical_error_rate"":0.0001}","{""detection_events"":99365,""detectors_checked"":290148010}"
   1501904,         0,         0,   110.5,decoder_by_matrix,0421d486f8a041838688df650e87c0a19c3450ab7a7cc8b3dc589ebff86d1c74,"{""distance"":5,""physical_error_rate"":0.0001}","{""detection_events"":83575,""detectors_checked"":255323680}"
    864256,         0,         0,    62.8,decoder_by_matrix,b84cf4b8ca220d31f17e1e2ea9ab927bbc4176b15682c650e7d1dd8f2758172b,"{""distance"":5,""physical_error_rate"":0.0005}","{""detection_events"":243945,""detectors_checked"":146923520}"
    878592,         0,         0,    62.8,decoder_by_matrix,9c6baee88fc81e7d1aa345fcb3feec7ee81f21c5d49cb6ca037118097d89e180,"{""distance"":5,""physical_error_rate"":5e-05}","{""detection_events"":25120,""detectors_checked"":149360640}"
    870400,         0,         0,    62.8,decoder_by_matrix,0421d486f8a041838688df650e87c0a19c3450ab7a7cc8b3dc589ebff86d1c74,"{""distance"":5,""physical_error_rate"":0.0001}","{""detection_events"":48860,""detectors_checked"":147968000}"
    842752,         0,         0,    62.8,decoder_by_matrix,0421d486f8a041838688df650e87c0a19c3450ab7a7cc8b3dc589ebff86d1c74,"{""distance"":5,""physical_error_rate"":0.0001}","{""detection_events"":48125,""detectors_checked"":143267840}"
    832512,         0,         0,    62.9,decoder_by_matrix,9c6baee88fc81e7d1aa345fcb3feec7ee81f21c5d49cb6ca037118097d89e180,"{""distance"":5,""physical_error_rate"":5e-05}","{""detection_events"":25155,""detectors_checked"":141527040}"
    833536,         0,         0,    62.8,decoder_by_matrix,b84cf4b8ca220d31f17e1e2ea9ab927bbc4176b15682c650e7d1dd8f2758172b,"{""distance"":5,""physical_error_rate"":0.0005}","{""detection_events"":236905,""detectors_checked"":141701120}"
   1567744,         0,         0,   119.5,decoder_by_matrix,9c6baee88fc81e7d1aa345fcb3feec7ee81f21c5d49cb6ca037118097d89e180,"{""distance"":5,""physical_error_rate"":5e-05}","{""detection_events"":43495,""detectors_checked"":266516480}"
   1574912,         1,         0,   119.6,decoder_by_matrix,b84cf4b8ca220d31f17e1e2ea9ab927bbc4176b15682c650e7d1dd8f2758172b,"{""distance"":5,""physical_error_rate"":0.0005}","{""detection_events"":449400,""detectors_checked"":267735040,""obs_mistake_mask=___E"":1}"
    927135,         0,         0,    69.5,decoder_by_matrix,9c6baee88fc81e7d1aa345fcb3feec7ee81f21c5d49cb6ca037118097d89e180,"{""distance"":5,""physical_error_rate"":5e-05}","{""detection_events"":26190,""detectors_checked"":157612950}"
   1225728,         0,         0,    87.8,decoder_by_matrix,9c6baee88fc81e7d1aa345fcb3feec7ee81f21c5d49cb6ca037118097d89e180,"{""distance"":5,""physical_error_rate"":5e-05}","{""detection_events"":34805,""detectors_checked"":208373760}"
   1143808,         0,         0,    87.9,decoder_by_matrix,b84cf4b8ca220d31f17e1e2ea9ab927bbc4176b15682c650e7d1dd8f2758172b,"{""distance"":5,""physical_error_rate"":0.0005}","{""detection_events"":324895,""detectors_checked"":194447360}"
   1148928,         0,         0,    87.9,decoder_by_matrix,0421d486f8a041838688df650e87c0a19c3450ab7a7cc8b3dc589ebff86d1c74,"{""distance"":5,""physical_error_rate"":0.0001}","{""detection_events"":65995,""detectors_checked"":195317760}"
   1118208,         0,         0,    87.9,decoder_by_matrix,b84cf4b8ca220d31f17e1e2ea9ab927bbc4176b15682c650e7d1dd8f2758172b,"{""distance"":5,""physical_error_rate"":0.0005}","{""detection_events"":314680,""detectors_checked"":190095360}"
   1117184,         0,         0,    87.9,decoder_by_matrix,9c6baee88fc81e7d1aa345fcb3feec7ee81f21c5d49cb6ca037118097d89e180,"{""distance"":5,""physical_error_rate"":5e-05}","{""detection_events"":31300,""detectors_checked"":189921280}"
   1408035,         0,         0,    29.3,decoder_by_matrix,0421d486f8a041838688df650e87c0a19c3450ab7a7cc8b3dc589ebff86d1c74,"{""distance"":5,""physical_error_rate"":0.0001}","{""detection_events"":81780,""detectors_checked"":239365950}"
   1209344,         0,         0,    88.8,decoder_by_matrix,0421d486f8a041838688df650e87c0a19c3450ab7a7cc8b3dc589ebff86d1c74,"{""distance"":5,""physical_error_rate"":0.0001}","{""detection_events"":68160,""detectors_checked"":205588480}"
   1168384,         0,         0,    86.6,decoder_by_matrix,0421d486f8a041838688df650e87c0a19c3450ab7a7cc8b3dc589ebff86d1c74,"{""distance"":5,""physical_error_rate"":0.0001}","{""detection_events"":66225,""detectors_checked"":198625280}"
   1153024,         0,         0,    87.4,decoder_by_matrix,0421d486f8a041838688df650e87c0a19c3450ab7a7cc8b3dc589ebff86d1c74,"{""distance"":5,""physical_error_rate"":0.0001}","{""detection_events"":64700,""detectors_checked"":196014080}"
   1141153,         0,         0,    54.2,decoder_by_matrix,0421d486f8a041838688df650e87c0a19c3450ab7a7cc8b3dc589ebff86d1c74,"{""distance"":5,""physical_error_rate"":0.0001}","{""detection_events"":65370,""detectors_checked"":193996010}"
    931840,         0,         0,    73.5,decoder_by_matrix,0421d486f8a041838688df650e87c0a19c3450ab7a7cc8b3dc589ebff86d1c74,"{""distance"":5,""physical_error_rate"":0.0001}","{""detection_events"":51545,""detectors_checked"":158412800}"
   1030144,         0,         0,    80.1,decoder_by_matrix,0421d486f8a041838688df650e87c0a19c3450ab7a7cc8b3dc589ebff86d1c74,"{""distance"":5,""physical_error_rate"":0.0001}","{""detection_events"":57675,""detectors_checked"":175124480}"
   1607173,         0,         0,    91.2,decoder_by_matrix,9c6baee88fc81e7d1aa345fcb3feec7ee81f21c5d49cb6ca037118097d89e180,"{""distance"":5,""physical_error_rate"":5e-05}","{""detection_events"":45530,""detectors_checked"":273219410}"
    849159,         0,         0,    43.8,decoder_by_matrix,0421d486f8a041838688df650e87c0a19c3450ab7a7cc8b3dc589ebff86d1c74,"{""distance"":5,""physical_error_rate"":0.0001}","{""detection_events"":47235,""detectors_checked"":144357030}"
    773120,         0,         0,    58.2,decoder_by_matrix,0421d486f8a041838688df650e87c0a19c3450ab7a7cc8b3dc589ebff86d1c74,"{""distance"":5,""physical_error_rate"":0.0001}","{""detection_events"":44945,""detectors_checked"":131430400}"
    759808,         0,         0,    58.0,decoder_by_matrix,0421d486f8a041838688df650e87c0a19c3450ab7a7cc8b3dc589ebff86d1c74,"{""distance"":5,""physical_error_rate"":0.0001}","{""detection_events"":40970,""detectors_checked"":129167360}"
    775168,         0,         0,    58.0,decoder_by_matrix,0421d486f8a041838688df650e87c0a19c3450ab7a7cc8b3dc589ebff86d1c74,"{""distance"":5,""physical_error_rate"":0.0001}","{""detection_events"":44260,""detectors_checked"":131778560}"
   1360292,         0,         0,    62.0,decoder_by_matrix,9c6baee88fc81e7d1aa345fcb3feec7ee81f21c5d49cb6ca037118097d89e180,"{""distance"":5,""physical_error_rate"":5e-05}","{""detection_events"":38365,""detectors_checked"":231249640}"
   1355776,         0,         0,    98.8,decoder_by_matrix,9c6baee88fc81e7d1aa345fcb3feec7ee81f21c5d49cb6ca037118097d89e180,"{""distance"":5,""physical_error_rate"":5e-05}","{""detection_events"":38490,""detectors_checked"":230481920}"
   1303552,         0,         0,   102.1,decoder_by_matrix,9c6baee88fc81e7d1aa345fcb3feec7ee81f21c5d49cb6ca037118097d89e180,"{""distance"":5,""physical_error_rate"":5e-05}","{""detection_events"":38345,""detectors_checked"":221603840}"
   1232896,         0,         0,    62.8,decoder_by_matrix,b84cf4b8ca220d31f17e1e2ea9ab927bbc4176b15682c650e7d1dd8f2758172b,"{""distance"":5,""physical_error_rate"":0.0005}","{""detection_events"":346410,""detectors_checked"":209592320}"
    828416,         0,         0,    62.8,decoder_by_matrix,9c6baee88fc81e7d1aa345fcb3feec7ee81f21c5d49cb6ca037118097d89e180,"{""distance"":5,""physical_error_rate"":5e-05}","{""detection_events"":23765,""detectors_checked"":140830720}"
    832512,         0,         0,    62.9,decoder_by_matrix,b84cf4b8ca220d31f17e1e2ea9ab927bbc4176b15682c650e7d1dd8f2758172b,"{""distance"":5,""physical_error_rate"":0.0005}","{""detection_events"":236550,""detectors_checked"":141527040}"
    829440,         0,         0,    62.7,decoder_by_matrix,9c6baee88fc81e7d1aa345fcb3feec7ee81f21c5d49cb6ca037118097d89e180,"{""distance"":5,""physical_error_rate"":5e-05}","{""detection_events"":23320,""detectors_checked"":141004800}"
    805888,         0,         0,    62.7,decoder_by_matrix,9c6baee88fc81e7d1aa345fcb3feec7ee81f21c5d49cb6ca037118097d89e180,"{""distance"":5,""physical_error_rate"":5e-05}","{""detection_events"":23465,""detectors_checked"":137000960}"
    841728,         0,         0,    62.8,decoder_by_matrix,b84cf4b8ca220d31f17e1e2ea9ab927bbc4176b15682c650e7d1dd8f2758172b,"{""distance"":5,""physical_error_rate"":0.0005}","{""detection_events"":243230,""detectors_checked"":143093760}"
    815104,         1,         0,    62.7,decoder_by_matrix,b84cf4b8ca220d31f17e1e2ea9ab927bbc4176b15682c650e7d1dd8f2758172b,"{""distance"":5,""physical_error_rate"":0.0005}","{""detection_events"":230775,""detectors_checked"":138567680,""obs_mistake_mask=__E_"":1}"
     73991,         0,         0,    5.60,decoder_by_matrix,0421d486f8a041838688df650e87c0a19c3450ab7a7cc8b3dc589ebff86d1c74,"{""distance"":5,""physical_error_rate"":0.0001}","{""detection_events"":4100,""detectors_checked"":12578470}"
    525312,         0,         0,    12.6,decoder_by_matrix,0421d486f8a041838688df650e87c0a19c3450ab7a7cc8b3dc589ebff86d1c74,"{""distance"":5,""physical_error_rate"":0.0001}","{""detection_events"":28425,""detectors_checked"":89303040}"
    545792,         0,         0,    43.5,decoder_by_matrix,0421d486f8a041838688df650e87c0a19c3450ab7a7cc8b3dc589ebff86d1c74,"{""distance"":5,""physical_error_rate"":0.0001}","{""detection_events"":30960,""detectors_checked"":92784640}"
    524582,         0,         0,    41.8,decoder_by_matrix,0421d486f8a041838688df650e87c0a19c3450ab7a7cc8b3dc589ebff86d1c74,"{""distance"":5,""physical_error_rate"":0.0001}","{""detection_events"":28830,""detectors_checked"":89178940}"
    493568,         0,         0,    38.0,decoder_by_matrix,0421d486f8a041838688df650e87c0a19c3450ab7a7cc8b3dc589ebff86d1c74,"{""distance"":5,""physical_error_rate"":0.0001}","{""detection_events"":27650,""detectors_checked"":83906560}"
    518144,         0,         0,    38.0,decoder_by_matrix,0421d486f8a041838688df650e87c0a19c3450ab7a7cc8b3dc589ebff86d1c74,"{""distance"":5,""physical_error_rate"":0.0001}","{""detection_events"":28900,""detectors_checked"":88084480}"
      6438,         0,         0,   0.504,decoder_by_matrix,0421d486f8a041838688df650e87c0a19c3450ab7a7cc8b3dc589ebff86d1c74,"{""distance"":5,""physical_error_rate"":0.0001}","{""detection_events"":350,""detectors_checked"":1094460}"
   1571840,         0,         0,   119.5,decoder_by_matrix,b84cf4b8ca220d31f17e1e2ea9ab927bbc4176b15682c650e7d1dd8f2758172b,"{""distance"":5,""physical_error_rate"":0.0005}","{""detection_events"":447250,""detectors_checked"":267212800}"
    361218,         0,         0,    14.4,decoder_by_matrix,0421d486f8a041838688df650e87c0a19c3450ab7a7cc8b3dc589ebff86d1c74,"{""distance"":5,""physical_error_rate"":0.0001}","{""detection_events"":21095,""detectors_checked"":61407060}"
    351232,         0,         0,    28.3,decoder_by_matrix,0421d486f8a041838688df650e87c0a19c3450ab7a7cc8b3dc589ebff86d1c74,"{""distance"":5,""physical_error_rate"":0.0001}","{""detection_events"":19800,""detectors_checked"":59709440}"
     32563,         0,         0,    2.52,decoder_by_matrix,0421d486f8a041838688df650e87c0a19c3450ab7a7cc8b3dc589ebff86d1c74,"{""distance"":5,""physical_error_rate"":0.0001}","{""detection_events"":1790,""detectors_checked"":5535710}"
    314654,         0,         0,    13.3,decoder_by_matrix,0421d486f8a041838688df650e87c0a19c3450ab7a7cc8b3dc589ebff86d1c74,"{""distance"":5,""physical_error_rate"":0.0001}","{""detection_events"":18465,""detectors_checked"":53491180}"
    314368,         0,         0,    7.63,decoder_by_matrix,0421d486f8a041838688df650e87c0a19c3450ab7a7cc8b3dc589ebff86d1c74,"{""distance"":5,""physical_error_rate"":0.0001}","{""detection_events"":17940,""detectors_checked"":53442560}"
       286,         0,         0,   0.011,decoder_by_matrix,0421d486f8a041838688df650e87c0a19c3450ab7a7cc8b3dc589ebff86d1c74,"{""distance"":5,""physical_error_rate"":0.0001}","{""detection_events"":30,""detectors_checked"":48620}"
   2160640,         0,         0,   119.6,decoder_by_matrix,b84cf4b8ca220d31f17e1e2ea9ab927bbc4176b15682c650e7d1dd8f2758172b,"{""distance"":5,""physical_error_rate"":0.0005}","{""detection_events"":616950,""detectors_checked"":367308800}"
    137659,         0,         0,    1.87,decoder_by_matrix,0421d486f8a041838688df650e87c0a19c3450ab7a7cc8b3dc589ebff86d1c74,"{""distance"":5,""physical_error_rate"":0.0001}","{""detection_events"":7875,""detectors_checked"":23402030}"
    290816,         0,         0,    22.2,decoder_by_matrix,0421d486f8a041838688df650e87c0a19c3450ab7a7cc8b3dc589ebff86d1c74,"{""distance"":5,""physical_error_rate"":0.0001}","{""detection_events"":16230,""detectors_checked"":49438720}"
    271360,         0,         0,    22.3,decoder_by_matrix,0421d486f8a041838688df650e87c0a19c3450ab7a7cc8b3dc589ebff86d1c74,"{""distance"":5,""physical_error_rate"":0.0001}","{""detection_events"":16180,""detectors_checked"":46131200}"
    272384,         0,         0,    22.1,decoder_by_matrix,0421d486f8a041838688df650e87c0a19c3450ab7a7cc8b3dc589ebff86d1c74,"{""distance"":5,""physical_error_rate"":0.0001}","{""detection_events"":15895,""detectors_checked"":46305280}"
     84807,         0,         0,    1.08,decoder_by_matrix,0421d486f8a041838688df650e87c0a19c3450ab7a7cc8b3dc589ebff86d1c74,"{""distance"":5,""physical_error_rate"":0.0001}","{""detection_events"":5140,""detectors_checked"":14417190}"
    215040,         0,         0,    16.3,decoder_by_matrix,0421d486f8a041838688df650e87c0a19c3450ab7a7cc8b3dc589ebff86d1c74,"{""distance"":5,""physical_error_rate"":0.0001}","{""detection_events"":12130,""detectors_checked"":36556800}"
    260096,         0,         0,    20.5,decoder_by_matrix,0421d486f8a041838688df650e87c0a19c3450ab7a7cc8b3dc589ebff86d1c74,"{""distance"":5,""physical_error_rate"":0.0001}","{""detection_events"":14555,""detectors_checked"":44216320}"
    233472,         0,         0,    20.6,decoder_by_matrix,0421d486f8a041838688df650e87c0a19c3450ab7a7cc8b3dc589ebff86d1c74,"{""distance"":5,""physical_error_rate"":0.0001}","{""detection_events"":12645,""detectors_checked"":39690240}"
    209258,         0,         0,    17.2,decoder_by_matrix,0421d486f8a041838688df650e87c0a19c3450ab7a7cc8b3dc589ebff86d1c74,"{""distance"":5,""physical_error_rate"":0.0001}","{""detection_events"":11405,""detectors_checked"":35573860}"
    160768,         0,         0,    7.01,decoder_by_matrix,0421d486f8a041838688df650e87c0a19c3450ab7a7cc8b3dc589ebff86d1c74,"{""distance"":5,""physical_error_rate"":0.0001}","{""detection_events"":10015,""detectors_checked"":27330560}"
    151892,         0,         0,    11.8,decoder_by_matrix,0421d486f8a041838688df650e87c0a19c3450ab7a7cc8b3dc589ebff86d1c74,"{""distance"":5,""physical_error_rate"":0.0001}","{""detection_events"":8420,""detectors_checked"":25821640}"
    135168,         0,         0,    10.4,decoder_by_matrix,0421d486f8a041838688df650e87c0a19c3450ab7a7cc8b3dc589ebff86d1c74,"{""distance"":5,""physical_error_rate"":0.0001}","{""detection_events"":8155,""detectors_checked"":22978560}"
    146432,         0,         0,    11.8,decoder_by_matrix,0421d486f8a041838688df650e87c0a19c3450ab7a7cc8b3dc589ebff86d1c74,"{""distance"":5,""physical_error_rate"":0.0001}","{""detection_events"":8515,""detectors_checked"":24893440}"
    132351,         0,         0,    9.92,decoder_by_matrix,0421d486f8a041838688df650e87c0a19c3450ab7a7cc8b3dc589ebff86d1c74,"{""distance"":5,""physical_error_rate"":0.0001}","{""detection_events"":7770,""detectors_checked"":22499670}"
    124928,         0,         0,    10.6,decoder_by_matrix,0421d486f8a041838688df650e87c0a19c3450ab7a7cc8b3dc589ebff86d1c74,"{""distance"":5,""physical_error_rate"":0.0001}","{""detection_events"":7370,""detectors_checked"":21237760}"
    106479,         0,         0,    4.98,decoder_by_matrix,0421d486f8a041838688df650e87c0a19c3450ab7a7cc8b3dc589ebff86d1c74,"{""distance"":5,""physical_error_rate"":0.0001}","{""detection_events"":5830,""detectors_checked"":18101430}"
     92016,         0,         0,    3.24,decoder_by_matrix,0421d486f8a041838688df650e87c0a19c3450ab7a7cc8b3dc589ebff86d1c74,"{""distance"":5,""physical_error_rate"":0.0001}","{""detection_events"":5200,""detectors_checked"":15642720}"
     90112,         0,         0,    6.76,decoder_by_matrix,0421d486f8a041838688df650e87c0a19c3450ab7a7cc8b3dc589ebff86d1c74,"{""distance"":5,""physical_error_rate"":0.0001}","{""detection_events"":4600,""detectors_checked"":15319040}"
   1275274,         0,         0,   101.7,decoder_by_matrix,9c6baee88fc81e7d1aa345fcb3feec7ee81f21c5d49cb6ca037118097d89e180,"{""distance"":5,""physical_error_rate"":5e-05}","{""detection_events"":36220,""detectors_checked"":216796580}"
   1225728,         0,         0,    96.1,decoder_by_matrix,9c6baee88fc81e7d1aa345fcb3feec7ee81f21c5d49cb6ca037118097d89e180,"{""distance"":5,""physical_error_rate"":5e-05}","{""detection_events"":35975,""detectors_checked"":208373760}"
     42148,         0,         0,    1.52,decoder_by_matrix,0421d486f8a041838688df650e87c0a19c3450ab7a7cc8b3dc589ebff86d1c74,"{""distance"":5,""physical_error_rate"":0.0001}","{""detection_events"":2910,""detectors_checked"":7165160}"
     84992,         0,         0,    3.95,decoder_by_matrix,0421d486f8a041838688df650e87c0a19c3450ab7a7cc8b3dc589ebff86d1c74,"{""distance"":5,""physical_error_rate"":0.0001}","{""detection_events"":4775,""detectors_checked"":14448640}"
     82944,         0,         0,    5.89,decoder_by_matrix,0421d486f8a041838688df650e87c0a19c3450ab7a7cc8b3dc589ebff86d1c74,"{""distance"":5,""physical_error_rate"":0.0001}","{""detection_events"":4390,""detectors_checked"":14100480}"
     79872,         0,         0,    5.96,decoder_by_matrix,0421d486f8a041838688df650e87c0a19c3450ab7a7cc8b3dc589ebff86d1c74,"{""distance"":5,""physical_error_rate"":0.0001}","{""detection_events"":5335,""detectors_checked"":13578240}"
     77998,         0,         0,    6.14,decoder_by_matrix,0421d486f8a041838688df650e87c0a19c3450ab7a7cc8b3dc589ebff86d1c74,"{""distance"":5,""physical_error_rate"":0.0001}","{""detection_events"":4235,""detectors_checked"":13259660}"
     66560,         0,         0,    3.13,decoder_by_matrix,0421d486f8a041838688df650e87c0a19c3450ab7a7cc8b3dc589ebff86d1c74,"{""distance"":5,""physical_error_rate"":0.0001}","{""detection_events"":3525,""detectors_checked"":11315200}"
     62464,         0,         0,    5.06,decoder_by_matrix,0421d486f8a041838688df650e87c0a19c3450ab7a7cc8b3dc589ebff86d1c74,"{""distance"":5,""physical_error_rate"":0.0001}","{""detection_events"":3855,""detectors_checked"":10618880}"
     59392,         0,         0,    5.05,decoder_by_matrix,0421d486f8a041838688df650e87c0a19c3450ab7a7cc8b3dc589ebff86d1c74,"{""distance"":5,""physical_error_rate"":0.0001}","{""detection_events"":3275,""detectors_checked"":10096640}"
     64512,         0,         0,    5.10,decoder_by_matrix,0421d486f8a041838688df650e87c0a19c3450ab7a7cc8b3dc589ebff86d1c74,"{""distance"":5,""physical_error_rate"":0.0001}","{""detection_events"":3650,""detectors_checked"":10967040}"
     57636,         0,         0,    4.36,decoder_by_matrix,0421d486f8a041838688df650e87c0a19c3450ab7a7cc8b3dc589ebff86d1c74,"{""distance"":5,""physical_error_rate"":0.0001}","{""detection_events"":3345,""detectors_checked"":9798120}"
     49152,         0,         0,    4.32,decoder_by_matrix,0421d486f8a041838688df650e87c0a19c3450ab7a7cc8b3dc589ebff86d1c74,"{""distance"":5,""physical_error_rate"":0.0001}","{""detection_events"":2695,""detectors_checked"":8355840}"
     57636,         0,         0,    4.57,decoder_by_matrix,0421d486f8a041838688df650e87c0a19c3450ab7a7cc8b3dc589ebff86d1c74,"{""distance"":5,""physical_error_rate"":0.0001}","{""detection_events"":3400,""detectors_checked"":9798120}"
     53248,         0,         0,    4.18,decoder_by_matrix,0421d486f8a041838688df650e87c0a19c3450ab7a7cc8b3dc589ebff86d1c74,"{""distance"":5,""physical_error_rate"":0.0001}","{""detection_events"":2650,""detectors_checked"":9052160}"
     56320,         0,         0,    4.34,decoder_by_matrix,0421d486f8a041838688df650e87c0a19c3450ab7a7cc8b3dc589ebff86d1c74,"{""distance"":5,""physical_error_rate"":0.0001}","{""detection_events"":3520,""detectors_checked"":9574400}"
     48128,         0,         0,    4.19,decoder_by_matrix,0421d486f8a041838688df650e87c0a19c3450ab7a7cc8b3dc589ebff86d1c74,"{""distance"":5,""physical_error_rate"":0.0001}","{""detection_events"":2900,""detectors_checked"":8181760}"
     24703,         0,         0,   0.741,decoder_by_matrix,0421d486f8a041838688df650e87c0a19c3450ab7a7cc8b3dc589ebff86d1c74,"{""distance"":5,""physical_error_rate"":0.0001}","{""detection_events"":1540,""detectors_checked"":4199510}"
     31551,         0,         0,    2.35,decoder_by_matrix,0421d486f8a041838688df650e87c0a19c3450ab7a7cc8b3dc589ebff86d1c74,"{""distance"":5,""physical_error_rate"":0.0001}","{""detection_events"":1960,""detectors_checked"":5363670}"
     19456,         0,         0,   0.856,decoder_by_matrix,0421d486f8a041838688df650e87c0a19c3450ab7a7cc8b3dc589ebff86d1c74,"{""distance"":5,""physical_error_rate"":0.0001}","{""detection_events"":1135,""detectors_checked"":3307520}"
     18179,         0,         0,   0.757,decoder_by_matrix,0421d486f8a041838688df650e87c0a19c3450ab7a7cc8b3dc589ebff86d1c74,"{""distance"":5,""physical_error_rate"":0.0001}","{""detection_events"":775,""detectors_checked"":3090430}"
      1122,         0,         0,   0.114,decoder_by_matrix,0421d486f8a041838688df650e87c0a19c3450ab7a7cc8b3dc589ebff86d1c74,"{""distance"":5,""physical_error_rate"":0.0001}","{""detection_events"":35,""detectors_checked"":190740}"
     15757,         0,         0,   0.395,decoder_by_matrix,0421d486f8a041838688df650e87c0a19c3450ab7a7cc8b3dc589ebff86d1c74,"{""distance"":5,""physical_error_rate"":0.0001}","{""detection_events"":970,""detectors_checked"":2678690}"
     15360,         0,         0,    1.13,decoder_by_matrix,0421d486f8a041838688df650e87c0a19c3450ab7a7cc8b3dc589ebff86d1c74,"{""distance"":5,""physical_error_rate"":0.0001}","{""detection_events"":1175,""detectors_checked"":2611200}"
     14772,         0,         0,    1.20,decoder_by_matrix,0421d486f8a041838688df650e87c0a19c3450ab7a7cc8b3dc589ebff86d1c74,"{""distance"":5,""physical_error_rate"":0.0001}","{""detection_events"":705,""detectors_checked"":2511240}"
     13312,         0,         0,   0.956,decoder_by_matrix,0421d486f8a041838688df650e87c0a19c3450ab7a7cc8b3dc589ebff86d1c74,"{""distance"":5,""physical_error_rate"":0.0001}","{""detection_events"":775,""detectors_checked"":2263040}"
     13312,         0,         0,   0.976,decoder_by_matrix,0421d486f8a041838688df650e87c0a19c3450ab7a7cc8b3dc589ebff86d1c74,"{""distance"":5,""physical_error_rate"":0.0001}","{""detection_events"":765,""detectors_checked"":2263040}"
     14336,         0,         0,    1.04,decoder_by_matrix,0421d486f8a041838688df650e87c0a19c3450ab7a7cc8b3dc589ebff86d1c74,"{""distance"":5,""physical_error_rate"":0.0001}","{""detection_events"":720,""detectors_checked"":2437120}"
     14336,         0,         0,    1.01,decoder_by_matrix,0421d486f8a041838688df650e87c0a19c3450ab7a7cc8b3dc589ebff86d1c74,"{""distance"":5,""physical_error_rate"":0.0001}","{""detection_events"":675,""detectors_checked"":2437120}"
      7315,         0,         0,   0.158,decoder_by_matrix,0421d486f8a041838688df650e87c0a19c3450ab7a7cc8b3dc589ebff86d1c74,"{""distance"":5,""physical_error_rate"":0.0001}","{""detection_events"":380,""detectors_checked"":1243550}"
      9216,         0,         0,   0.616,decoder_by_matrix,0421d486f8a041838688df650e87c0a19c3450ab7a7cc8b3dc589ebff86d1c74,"{""distance"":5,""physical_error_rate"":0.0001}","{""detection_events"":415,""detectors_checked"":1566720}"
      9216,         0,         0,   0.652,decoder_by_matrix,0421d486f8a041838688df650e87c0a19c3450ab7a7cc8b3dc589ebff86d1c74,"{""distance"":5,""physical_error_rate"":0.0001}","{""detection_events"":550,""detectors_checked"":1566720}"
      9216,         0,         0,   0.642,decoder_by_matrix,0421d486f8a041838688df650e87c0a19c3450ab7a7cc8b3dc589ebff86d1c74,"{""distance"":5,""physical_error_rate"":0.0001}","{""detection_events"":595,""detectors_checked"":1566720}"
      9216,         0,         0,   0.663,decoder_by_matrix,0421d486f8a041838688df650e87c0a19c3450ab7a7cc8b3dc589ebff86d1c74,"{""distance"":5,""physical_error_rate"":0.0001}","{""detection_events"":545,""detectors_checked"":1566720}"
      1883,         0,         0,   0.024,decoder_by_matrix,0421d486f8a041838688df650e87c0a19c3450ab7a7cc8b3dc589ebff86d1c74,"{""distance"":5,""physical_error_rate"":0.0001}","{""detection_events"":70,""detectors_checked"":320110}"
     10240,         0,         0,   0.731,decoder_by_matrix,0421d486f8a041838688df650e87c0a19c3450ab7a7cc8b3dc589ebff86d1c74,"{""distance"":5,""physical_error_rate"":0.0001}","{""detection_events"":610,""detectors_checked"":1740800}"
       436,         0,         0,   0.063,decoder_by_matrix,0421d486f8a041838688df650e87c0a19c3450ab7a7cc8b3dc589ebff86d1c74,"{""distance"":5,""physical_error_rate"":0.0001}","{""detection_events"":45,""detectors_checked"":74120}"
      9216,         0,         0,   0.686,decoder_by_matrix,0421d486f8a041838688df650e87c0a19c3450ab7a7cc8b3dc589ebff86d1c74,"{""distance"":5,""physical_error_rate"":0.0001}","{""detection_events"":655,""detectors_checked"":1566720}"
      6554,         0,         0,   0.423,decoder_by_matrix,0421d486f8a041838688df650e87c0a19c3450ab7a7cc8b3dc589ebff86d1c74,"{""distance"":5,""physical_error_rate"":0.0001}","{""detection_events"":340,""detectors_checked"":1114180}"
      8192,         0,         0,   0.692,decoder_by_matrix,0421d486f8a041838688df650e87c0a19c3450ab7a7cc8b3dc589ebff86d1c74,"{""distance"":5,""physical_error_rate"":0.0001}","{""detection_events"":150,""detectors_checked"":1392640}"
      7168,         0,         0,   0.495,decoder_by_matrix,0421d486f8a041838688df650e87c0a19c3450ab7a7cc8b3dc589ebff86d1c74,"{""distance"":5,""physical_error_rate"":0.0001}","{""detection_events"":460,""detectors_checked"":1218560}"
      4901,         0,         0,   0.186,decoder_by_matrix,0421d486f8a041838688df650e87c0a19c3450ab7a7cc8b3dc589ebff86d1c74,"{""distance"":5,""physical_error_rate"":0.0001}","{""detection_events"":490,""detectors_checked"":833170}"
      5120,         0,         0,   0.344,decoder_by_matrix,0421d486f8a041838688df650e87c0a19c3450ab7a7cc8b3dc589ebff86d1c74,"{""distance"":5,""physical_error_rate"":0.0001}","{""detection_events"":235,""detectors_checked"":870400}"
      4096,         0,         0,   0.287,decoder_by_matrix,0421d486f8a041838688df650e87c0a19c3450ab7a7cc8b3dc589ebff86d1c74,"{""distance"":5,""physical_error_rate"":0.0001}","{""detection_events"":185,""detectors_checked"":696320}"
      3766,         0,         0,   0.295,decoder_by_matrix,0421d486f8a041838688df650e87c0a19c3450ab7a7cc8b3dc589ebff86d1c74,"{""distance"":5,""physical_error_rate"":0.0001}","{""detection_events"":130,""detectors_checked"":640220}"
      3779,         0,         0,   0.322,decoder_by_matrix,0421d486f8a041838688df650e87c0a19c3450ab7a7cc8b3dc589ebff86d1c74,"{""distance"":5,""physical_error_rate"":0.0001}","{""detection_events"":165,""detectors_checked"":642430}"
       822,         0,         0,   0.022,decoder_by_matrix,0421d486f8a041838688df650e87c0a19c3450ab7a7cc8b3dc589ebff86d1c74,"{""distance"":5,""physical_error_rate"":0.0001}","{""detection_events"":5,""detectors_checked"":139740}"
      4096,         0,         0,   0.263,decoder_by_matrix,0421d486f8a041838688df650e87c0a19c3450ab7a7cc8b3dc589ebff86d1c74,"{""distance"":5,""physical_error_rate"":0.0001}","{""detection_events"":205,""detectors_checked"":696320}"
      4901,         0,         0,   0.343,decoder_by_matrix,0421d486f8a041838688df650e87c0a19c3450ab7a7cc8b3dc589ebff86d1c74,"{""distance"":5,""physical_error_rate"":0.0001}","{""detection_events"":380,""detectors_checked"":833170}"
      1808,         0,         0,   0.080,decoder_by_matrix,0421d486f8a041838688df650e87c0a19c3450ab7a7cc8b3dc589ebff86d1c74,"{""distance"":5,""physical_error_rate"":0.0001}","{""detection_events"":115,""detectors_checked"":307360}"
      1483,         0,         0,   0.103,decoder_by_matrix,0421d486f8a041838688df650e87c0a19c3450ab7a7cc8b3dc589ebff86d1c74,"{""distance"":5,""physical_error_rate"":0.0001}","{""detection_events"":55,""detectors_checked"":252110}"
      3635,         0,         0,   0.285,decoder_by_matrix,0421d486f8a041838688df650e87c0a19c3450ab7a7cc8b3dc589ebff86d1c74,"{""distance"":5,""physical_error_rate"":0.0001}","{""detection_events"":160,""detectors_checked"":617950}"
      3635,         0,         0,   0.247,decoder_by_matrix,0421d486f8a041838688df650e87c0a19c3450ab7a7cc8b3dc589ebff86d1c74,"{""distance"":5,""physical_error_rate"":0.0001}","{""detection_events"":145,""detectors_checked"":617950}"
      1434,         0,         0,   0.096,decoder_by_matrix,0421d486f8a041838688df650e87c0a19c3450ab7a7cc8b3dc589ebff86d1c74,"{""distance"":5,""physical_error_rate"":0.0001}","{""detection_events"":40,""detectors_checked"":243780}"
       346,         0,         0,   0.063,decoder_by_matrix,0421d486f8a041838688df650e87c0a19c3450ab7a7cc8b3dc589ebff86d1c74,"{""distance"":5,""physical_error_rate"":0.0001}","{""detectors_checked"":58820}"
      3635,         0,         0,   0.300,decoder_by_matrix,0421d486f8a041838688df650e87c0a19c3450ab7a7cc8b3dc589ebff86d1c74,"{""distance"":5,""physical_error_rate"":0.0001}","{""detection_events"":160,""detectors_checked"":617950}"
      3635,         0,         0,   0.312,decoder_by_matrix,0421d486f8a041838688df650e87c0a19c3450ab7a7cc8b3dc589ebff86d1c74,"{""distance"":5,""physical_error_rate"":0.0001}","{""detection_events"":195,""detectors_checked"":617950}"
      1770,         0,         0,   0.145,decoder_by_matrix,0421d486f8a041838688df650e87c0a19c3450ab7a7cc8b3dc589ebff86d1c74,"{""distance"":5,""physical_error_rate"":0.0001}","{""detection_events"":145,""detectors_checked"":300900}"
      3635,         0,         0,   0.301,decoder_by_matrix,0421d486f8a041838688df650e87c0a19c3450ab7a7cc8b3dc589ebff86d1c74,"{""distance"":5,""physical_error_rate"":0.0001}","{""detection_events"":380,""detectors_checked"":617950}"
       805,         0,         0,   0.065,decoder_by_matrix,0421d486f8a041838688df650e87c0a19c3450ab7a7cc8b3dc589ebff86d1c74,"{""distance"":5,""physical_error_rate"":0.0001}","{""detection_events"":15,""detectors_checked"":136850}"
      3635,         0,         0,   0.307,decoder_by_matrix,0421d486f8a041838688df650e87c0a19c3450ab7a7cc8b3dc589ebff86d1c74,"{""distance"":5,""physical_error_rate"":0.0001}","{""detection_events"":155,""detectors_checked"":617950}"
       252,         0,         0,   0.039,decoder_by_matrix,0421d486f8a041838688df650e87c0a19c3450ab7a7cc8b3dc589ebff86d1c74,"{""distance"":5,""physical_error_rate"":0.0001}","{""detectors_checked"":42840}"
       594,         0,         0,   0.037,decoder_by_matrix,0421d486f8a041838688df650e87c0a19c3450ab7a7cc8b3dc589ebff86d1c74,"{""distance"":5,""physical_error_rate"":0.0001}","{""detection_events"":30,""detectors_checked"":100980}"
      1224,         0,         0,   0.085,decoder_by_matrix,0421d486f8a041838688df650e87c0a19c3450ab7a7cc8b3dc589ebff86d1c74,"{""distance"":5,""physical_error_rate"":0.0001}","{""detection_events"":25,""detectors_checked"":208080}"
        42,         0,         0,   0.039,decoder_by_matrix,0421d486f8a041838688df650e87c0a19c3450ab7a7cc8b3dc589ebff86d1c74,"{""distance"":5,""physical_error_rate"":0.0001}","{""detectors_checked"":7140}"
    790528,         0,         0,    61.3,decoder_by_matrix,9c6baee88fc81e7d1aa345fcb3feec7ee81f21c5d49cb6ca037118097d89e180,"{""distance"":5,""physical_error_rate"":5e-05}","{""detection_events"":23025,""detectors_checked"":134389760}"
   1558528,         0,         0,   119.0,decoder_by_matrix,b84cf4b8ca220d31f17e1e2ea9ab927bbc4176b15682c650e7d1dd8f2758172b,"{""distance"":5,""physical_error_rate"":0.0005}","{""detection_events"":443775,""detectors_checked"":264949760}"
    641024,         0,         0,    47.4,decoder_by_matrix,9c6baee88fc81e7d1aa345fcb3feec7ee81f21c5d49cb6ca037118097d89e180,"{""distance"":5,""physical_error_rate"":5e-05}","{""detection_events"":18275,""detectors_checked"":108974080}"
    691200,         0,         0,    53.9,decoder_by_matrix,9c6baee88fc81e7d1aa345fcb3feec7ee81f21c5d49cb6ca037118097d89e180,"{""distance"":5,""physical_error_rate"":5e-05}","{""detection_events"":18720,""detectors_checked"":117504000}"
    689152,         0,         0,    53.8,decoder_by_matrix,9c6baee88fc81e7d1aa345fcb3feec7ee81f21c5d49cb6ca037118097d89e180,"{""distance"":5,""physical_error_rate"":5e-05}","{""detection_events"":19875,""detectors_checked"":117155840}"
    615424,         0,         0,    26.0,decoder_by_matrix,9c6baee88fc81e7d1aa345fcb3feec7ee81f21c5d49cb6ca037118097d89e180,"{""distance"":5,""physical_error_rate"":5e-05}","{""detection_events"":18300,""detectors_checked"":104622080}"
    563200,         0,         0,    41.3,decoder_by_matrix,9c6baee88fc81e7d1aa345fcb3feec7ee81f21c5d49cb6ca037118097d89e180,"{""distance"":5,""physical_error_rate"":5e-05}","{""detection_events"":15565,""detectors_checked"":95744000}"
    512000,         0,         0,    40.8,decoder_by_matrix,9c6baee88fc81e7d1aa345fcb3feec7ee81f21c5d49cb6ca037118097d89e180,"{""distance"":5,""physical_error_rate"":5e-05}","{""detection_events"":15235,""detectors_checked"":87040000}"
         1,         0,         0,   0.038,decoder_by_matrix,b84cf4b8ca220d31f17e1e2ea9ab927bbc4176b15682c650e7d1dd8f2758172b,"{""distance"":5,""physical_error_rate"":0.0005}","{""detectors_checked"":170}"
    617472,         0,         0,    48.2,decoder_by_matrix,9c6baee88fc81e7d1aa345fcb3feec7ee81f21c5d49cb6ca037118097d89e180,"{""distance"":5,""physical_error_rate"":5e-05}","{""detection_events"":18225,""detectors_checked"":104970240}"
         1,         0,         0,   0.014,decoder_by_matrix,9c6baee88fc81e7d1aa345fcb3feec7ee81f21c5d49cb6ca037118097d89e180,"{""distance"":5,""physical_error_rate"":5e-05}","{""detectors_checked"":170}"
         1,         0,         0,   0.052,decoder_by_matrix,b84cf4b8ca220d31f17e1e2ea9ab927bbc4176b15682c650e7d1dd8f2758172b,"{""distance"":5,""physical_error_rate"":0.0005}","{""detectors_checked"":170}"
   1536000,         0,         0,   117.8,decoder_by_matrix,b84cf4b8ca220d31f17e1e2ea9ab927bbc4176b15682c650e7d1dd8f2758172b,"{""distance"":5,""physical_error_rate"":0.0005}","{""detection_events"":439275,""detectors_checked"":261120000}"
         1,         0,         0,   0.062,decoder_by_matrix,b84cf4b8ca220d31f17e1e2ea9ab927bbc4176b15682c650e7d1dd8f2758172b,"{""distance"":5,""physical_error_rate"":0.0005}","{""detectors_checked"":170}"
         8,         0,         0,   0.037,decoder_by_matrix,b84cf4b8ca220d31f17e1e2ea9ab927bbc4176b15682c650e7d1dd8f2758172b,"{""distance"":5,""physical_error_rate"":0.0005}","{""detectors_checked"":1360}"
         1,         0,         0,   0.062,decoder_by_matrix,9c6baee88fc81e7d1aa345fcb3feec7ee81f21c5d49cb6ca037118097d89e180,"{""distance"":5,""physical_error_rate"":5e-05}","{""detectors_checked"":170}"
         1,         0,         0,   0.060,decoder_by_matrix,b84cf4b8ca220d31f17e1e2ea9ab927bbc4176b15682c650e7d1dd8f2758172b,"{""distance"":5,""physical_error_rate"":0.0005}","{""detectors_checked"":170}"
        16,         0,         0,   0.027,decoder_by_matrix,9c6baee88fc81e7d1aa345fcb3feec7ee81f21c5d49cb6ca037118097d89e180,"{""distance"":5,""physical_error_rate"":5e-05}","{""detectors_checked"":2720}"
         1,         0,         0,   0.082,decoder_by_matrix,9c6baee88fc81e7d1aa345fcb3feec7ee81f21c5d49cb6ca037118097d89e180,"{""distance"":5,""physical_error_rate"":5e-05}","{""detectors_checked"":170}"
         1,         0,         0,   0.074,decoder_by_matrix,b84cf4b8ca220d31f17e1e2ea9ab927bbc4176b15682c650e7d1dd8f2758172b,"{""distance"":5,""physical_error_rate"":0.0005}","{""detectors_checked"":170}"
         1,         0,         0,   0.065,decoder_by_matrix,b84cf4b8ca220d31f17e1e2ea9ab927bbc4176b15682c650e7d1dd8f2758172b,"{""distance"":5,""physical_error_rate"":0.0005}","{""detectors_checked"":170}"
         1,         0,         0,   0.081,decoder_by_matrix,b84cf4b8ca220d31f17e1e2ea9ab927bbc4176b15682c650e7d1dd8f2758172b,"{""distance"":5,""physical_error_rate"":0.0005}","{""detectors_checked"":170}"
       128,         0,         0,   0.039,decoder_by_matrix,b84cf4b8ca220d31f17e1e2ea9ab927bbc4176b15682c650e7d1dd8f2758172b,"{""distance"":5,""physical_error_rate"":0.0005}","{""detection_events"":30,""detectors_checked"":21760}"
         1,         0,         0,   0.105,decoder_by_matrix,9c6baee88fc81e7d1aa345fcb3feec7ee81f21c5d49cb6ca037118097d89e180,"{""distance"":5,""physical_error_rate"":5e-05}","{""detectors_checked"":170}"
         1,         0,         0,   0.121,decoder_by_matrix,b84cf4b8ca220d31f17e1e2ea9ab927bbc4176b15682c650e7d1dd8f2758172b,"{""distance"":5,""physical_error_rate"":0.0005}","{""detectors_checked"":170}"
      1280,         0,         0,   0.045,decoder_by_matrix,9c6baee88fc81e7d1aa345fcb3feec7ee81f21c5d49cb6ca037118097d89e180,"{""distance"":5,""physical_error_rate"":5e-05}","{""detection_events"":50,""detectors_checked"":217600}"
         1,         0,         0,   0.082,decoder_by_matrix,9c6baee88fc81e7d1aa345fcb3feec7ee81f21c5d49cb6ca037118097d89e180,"{""distance"":5,""physical_error_rate"":5e-05}","{""detectors_checked"":170}"
         1,         0,         0,   0.101,decoder_by_matrix,9c6baee88fc81e7d1aa345fcb3feec7ee81f21c5d49cb6ca037118097d89e180,"{""distance"":5,""physical_error_rate"":5e-05}","{""detectors_checked"":170}"
         8,         0,         0,   0.076,decoder_by_matrix,b84cf4b8ca220d31f17e1e2ea9ab927bbc4176b15682c650e7d1dd8f2758172b,"{""distance"":5,""physical_error_rate"":0.0005}","{""detectors_checked"":1360}"
         8,         0,         0,   0.066,decoder_by_matrix,b84cf4b8ca220d31f17e1e2ea9ab927bbc4176b15682c650e7d1dd8f2758172b,"{""distance"":5,""physical_error_rate"":0.0005}","{""detectors_checked"":1360}"
         8,         0,         0,   0.059,decoder_by_matrix,b84cf4b8ca220d31f17e1e2ea9ab927bbc4176b15682c650e7d1dd8f2758172b,"{""distance"":5,""physical_error_rate"":0.0005}","{""detectors_checked"":1360}"
         8,         0,         0,   0.076,decoder_by_matrix,9c6baee88fc81e7d1aa345fcb3feec7ee81f21c5d49cb6ca037118097d89e180,"{""distance"":5,""physical_error_rate"":5e-05}","{""detectors_checked"":1360}"
         8,         0,         0,   0.063,decoder_by_matrix,b84cf4b8ca220d31f17e1e2ea9ab927bbc4176b15682c650e7d1dd8f2758172b,"{""distance"":5,""physical_error_rate"":0.0005}","{""detectors_checked"":1360}"
      1024,         0,         0,   0.039,decoder_by_matrix,b84cf4b8ca220d31f17e1e2ea9ab927bbc4176b15682c650e7d1dd8f2758172b,"{""distance"":5,""physical_error_rate"":0.0005}","{""detection_events"":320,""detectors_checked"":174080}"
      1024,         0,         0,   0.022,decoder_by_matrix,9c6baee88fc81e7d1aa345fcb3feec7ee81f21c5d49cb6ca037118097d89e180,"{""distance"":5,""physical_error_rate"":5e-05}","{""detection_events"":50,""detectors_checked"":174080}"
         1,         0,         0,   0.121,decoder_by_matrix,9c6baee88fc81e7d1aa345fcb3feec7ee81f21c5d49cb6ca037118097d89e180,"{""distance"":5,""physical_error_rate"":5e-05}","{""detectors_checked"":170}"
         4,         0,         0,   0.083,decoder_by_matrix,9c6baee88fc81e7d1aa345fcb3feec7ee81f21c5d49cb6ca037118097d89e180,"{""distance"":5,""physical_error_rate"":5e-05}","{""detectors_checked"":680}"
         8,         0,         0,   0.084,decoder_by_matrix,b84cf4b8ca220d31f17e1e2ea9ab927bbc4176b15682c650e7d1dd8f2758172b,"{""distance"":5,""physical_error_rate"":0.0005}","{""detectors_checked"":1360}"
         1,         0,         0,   0.127,decoder_by_matrix,9c6baee88fc81e7d1aa345fcb3feec7ee81f21c5d49cb6ca037118097d89e180,"{""distance"":5,""physical_error_rate"":5e-05}","{""detectors_checked"":170}"
         4,         0,         0,   0.075,decoder_by_matrix,b84cf4b8ca220d31f17e1e2ea9ab927bbc4176b15682c650e7d1dd8f2758172b,"{""distance"":5,""physical_error_rate"":0.0005}","{""detectors_checked"":680}"
      1024,         0,         0,   0.039,decoder_by_matrix,b84cf4b8ca220d31f17e1e2ea9ab927bbc4176b15682c650e7d1dd8f2758172b,"{""distance"":5,""physical_error_rate"":0.0005}","{""detection_events"":190,""detectors_checked"":174080}"
         4,         0,         0,   0.071,decoder_by_matrix,9c6baee88fc81e7d1aa345fcb3feec7ee81f21c5d49cb6ca037118097d89e180,"{""distance"":5,""physical_error_rate"":5e-05}","{""detectors_checked"":680}"
      2048,         0,         0,   0.041,decoder_by_matrix,9c6baee88fc81e7d1aa345fcb3feec7ee81f21c5d49cb6ca037118097d89e180,"{""distance"":5,""physical_error_rate"":5e-05}","{""detection_events"":75,""detectors_checked"":348160}"
        32,         0,         0,   0.063,decoder_by_matrix,b84cf4b8ca220d31f17e1e2ea9ab927bbc4176b15682c650e7d1dd8f2758172b,"{""distance"":5,""physical_error_rate"":0.0005}","{""detection_events"":65,""detectors_checked"":5440}"
        64,         0,         0,   0.060,decoder_by_matrix,b84cf4b8ca220d31f17e1e2ea9ab927bbc4176b15682c650e7d1dd8f2758172b,"{""distance"":5,""physical_error_rate"":0.0005}","{""detection_events"":5,""detectors_checked"":10880}"
        32,         0,         0,   0.061,decoder_by_matrix,9c6baee88fc81e7d1aa345fcb3feec7ee81f21c5d49cb6ca037118097d89e180,"{""distance"":5,""physical_error_rate"":5e-05}","{""detectors_checked"":5440}"
        64,         0,         0,   0.063,decoder_by_matrix,b84cf4b8ca220d31f17e1e2ea9ab927bbc4176b15682c650e7d1dd8f2758172b,"{""distance"":5,""physical_error_rate"":0.0005}","{""detection_events"":5,""detectors_checked"":10880}"
        64,         0,         0,   0.074,decoder_by_matrix,b84cf4b8ca220d31f17e1e2ea9ab927bbc4176b15682c650e7d1dd8f2758172b,"{""distance"":5,""physical_error_rate"":0.0005}","{""detection_events"":40,""detectors_checked"":10880}"
        32,         0,         0,   0.069,decoder_by_matrix,b84cf4b8ca220d31f17e1e2ea9ab927bbc4176b15682c650e7d1dd8f2758172b,"{""distance"":5,""physical_error_rate"":0.0005}","{""detection_events"":15,""detectors_checked"":5440}"
        16,         0,         0,   0.072,decoder_by_matrix,9c6baee88fc81e7d1aa345fcb3feec7ee81f21c5d49cb6ca037118097d89e180,"{""distance"":5,""physical_error_rate"":5e-05}","{""detectors_checked"":2720}"
         4,         0,         0,   0.120,decoder_by_matrix,b84cf4b8ca220d31f17e1e2ea9ab927bbc4176b15682c650e7d1dd8f2758172b,"{""distance"":5,""physical_error_rate"":0.0005}","{""detectors_checked"":680}"
         4,         0,         0,   0.085,decoder_by_matrix,9c6baee88fc81e7d1aa345fcb3feec7ee81f21c5d49cb6ca037118097d89e180,"{""distance"":5,""physical_error_rate"":5e-05}","{""detectors_checked"":680}"
         4,         0,         0,   0.090,decoder_by_matrix,9c6baee88fc81e7d1aa345fcb3feec7ee81f21c5d49cb6ca037118097d89e180,"{""distance"":5,""physical_error_rate"":5e-05}","{""detectors_checked"":680}"
         4,         0,         0,   0.099,decoder_by_matrix,9c6baee88fc81e7d1aa345fcb3feec7ee81f21c5d49cb6ca037118097d89e180,"{""distance"":5,""physical_error_rate"":5e-05}","{""detectors_checked"":680}"
      3072,         0,         0,   0.069,decoder_by_matrix,9c6baee88fc81e7d1aa345fcb3feec7ee81f21c5d49cb6ca037118097d89e180,"{""distance"":5,""physical_error_rate"":5e-05}","{""detection_events"":45,""detectors_checked"":522240}"
        32,         0,         0,   0.070,decoder_by_matrix,9c6baee88fc81e7d1aa345fcb3feec7ee81f21c5d49cb6ca037118097d89e180,"{""distance"":5,""physical_error_rate"":5e-05}","{""detectors_checked"":5440}"
        32,         0,         0,   0.078,decoder_by_matrix,b84cf4b8ca220d31f17e1e2ea9ab927bbc4176b15682c650e7d1dd8f2758172b,"{""distance"":5,""physical_error_rate"":0.0005}","{""detectors_checked"":5440}"
       256,         0,         0,   0.062,decoder_by_matrix,9c6baee88fc81e7d1aa345fcb3feec7ee81f21c5d49cb6ca037118097d89e180,"{""distance"":5,""physical_error_rate"":5e-05}","{""detectors_checked"":43520}"
       512,         0,         0,   0.062,decoder_by_matrix,b84cf4b8ca220d31f17e1e2ea9ab927bbc4176b15682c650e7d1dd8f2758172b,"{""distance"":5,""physical_error_rate"":0.0005}","{""detection_events"":125,""detectors_checked"":87040}"
       256,         0,         0,   0.063,decoder_by_matrix,b84cf4b8ca220d31f17e1e2ea9ab927bbc4176b15682c650e7d1dd8f2758172b,"{""distance"":5,""physical_error_rate"":0.0005}","{""detection_events"":110,""detectors_checked"":43520}"
       128,         0,         0,   0.058,decoder_by_matrix,9c6baee88fc81e7d1aa345fcb3feec7ee81f21c5d49cb6ca037118097d89e180,"{""distance"":5,""physical_error_rate"":5e-05}","{""detectors_checked"":21760}"
       512,         0,         0,   0.063,decoder_by_matrix,b84cf4b8ca220d31f17e1e2ea9ab927bbc4176b15682c650e7d1dd8f2758172b,"{""distance"":5,""physical_error_rate"":0.0005}","{""detection_events"":200,""detectors_checked"":87040}"
         4,         0,         0,   0.112,decoder_by_matrix,9c6baee88fc81e7d1aa345fcb3feec7ee81f21c5d49cb6ca037118097d89e180,"{""distance"":5,""physical_error_rate"":5e-05}","{""detectors_checked"":680}"
      2048,         0,         0,   0.115,decoder_by_matrix,b84cf4b8ca220d31f17e1e2ea9ab927bbc4176b15682c650e7d1dd8f2758172b,"{""distance"":5,""physical_error_rate"":0.0005}","{""detection_events"":550,""detectors_checked"":348160}"
       256,         0,         0,   0.066,decoder_by_matrix,b84cf4b8ca220d31f17e1e2ea9ab927bbc4176b15682c650e7d1dd8f2758172b,"{""distance"":5,""physical_error_rate"":0.0005}","{""detection_events"":20,""detectors_checked"":43520}"
       512,         0,         0,   0.076,decoder_by_matrix,b84cf4b8ca220d31f17e1e2ea9ab927bbc4176b15682c650e7d1dd8f2758172b,"{""distance"":5,""physical_error_rate"":0.0005}","{""detection_events"":55,""detectors_checked"":87040}"
        16,         0,         0,   0.061,decoder_by_matrix,9c6baee88fc81e7d1aa345fcb3feec7ee81f21c5d49cb6ca037118097d89e180,"{""distance"":5,""physical_error_rate"":5e-05}","{""detectors_checked"":2720}"
        16,         0,         0,   0.061,decoder_by_matrix,9c6baee88fc81e7d1aa345fcb3feec7ee81f21c5d49cb6ca037118097d89e180,"{""distance"":5,""physical_error_rate"":5e-05}","{""detectors_checked"":2720}"
        16,         0,         0,   0.062,decoder_by_matrix,9c6baee88fc81e7d1aa345fcb3feec7ee81f21c5d49cb6ca037118097d89e180,"{""distance"":5,""physical_error_rate"":5e-05}","{""detectors_checked"":2720}"
       256,         0,         0,   0.068,decoder_by_matrix,9c6baee88fc81e7d1aa345fcb3feec7ee81f21c5d49cb6ca037118097d89e180,"{""distance"":5,""physical_error_rate"":5e-05}","{""detectors_checked"":43520}"
      3072,         0,         0,   0.076,decoder_by_matrix,9c6baee88fc81e7d1aa345fcb3feec7ee81f21c5d49cb6ca037118097d89e180,"{""distance"":5,""physical_error_rate"":5e-05}","{""detection_events"":65,""detectors_checked"":522240}"
        16,         0,         0,   0.097,decoder_by_matrix,b84cf4b8ca220d31f17e1e2ea9ab927bbc4176b15682c650e7d1dd8f2758172b,"{""distance"":5,""physical_error_rate"":0.0005}","{""detectors_checked"":2720}"
       128,         0,         0,   0.082,decoder_by_matrix,b84cf4b8ca220d31f17e1e2ea9ab927bbc4176b15682c650e7d1dd8f2758172b,"{""distance"":5,""physical_error_rate"":0.0005}","{""detection_events"":105,""detectors_checked"":21760}"
      1024,         0,         0,   0.064,decoder_by_matrix,9c6baee88fc81e7d1aa345fcb3feec7ee81f21c5d49cb6ca037118097d89e180,"{""distance"":5,""physical_error_rate"":5e-05}","{""detection_events"":25,""detectors_checked"":174080}"
      1024,         0,         0,   0.064,decoder_by_matrix,b84cf4b8ca220d31f17e1e2ea9ab927bbc4176b15682c650e7d1dd8f2758172b,"{""distance"":5,""physical_error_rate"":0.0005}","{""detection_events"":165,""detectors_checked"":174080}"
      1024,         0,         0,   0.067,decoder_by_matrix,b84cf4b8ca220d31f17e1e2ea9ab927bbc4176b15682c650e7d1dd8f2758172b,"{""distance"":5,""physical_error_rate"":0.0005}","{""detection_events"":310,""detectors_checked"":174080}"
      1024,         0,         0,   0.078,decoder_by_matrix,b84cf4b8ca220d31f17e1e2ea9ab927bbc4176b15682c650e7d1dd8f2758172b,"{""distance"":5,""physical_error_rate"":0.0005}","{""detection_events"":170,""detectors_checked"":174080}"
      1024,         0,         0,   0.077,decoder_by_matrix,9c6baee88fc81e7d1aa345fcb3feec7ee81f21c5d49cb6ca037118097d89e180,"{""distance"":5,""physical_error_rate"":5e-05}","{""detection_events"":40,""detectors_checked"":174080}"
      1024,         0,         0,   0.078,decoder_by_matrix,b84cf4b8ca220d31f17e1e2ea9ab927bbc4176b15682c650e7d1dd8f2758172b,"{""distance"":5,""physical_error_rate"":0.0005}","{""detection_events"":225,""detectors_checked"":174080}"
      1024,         0,         0,   0.078,decoder_by_matrix,b84cf4b8ca220d31f17e1e2ea9ab927bbc4176b15682c650e7d1dd8f2758172b,"{""distance"":5,""physical_error_rate"":0.0005}","{""detection_events"":305,""detectors_checked"":174080}"
        16,         0,         0,   0.091,decoder_by_matrix,9c6baee88fc81e7d1aa345fcb3feec7ee81f21c5d49cb6ca037118097d89e180,"{""distance"":5,""physical_error_rate"":5e-05}","{""detectors_checked"":2720}"
      2048,         0,         0,   0.092,decoder_by_matrix,b84cf4b8ca220d31f17e1e2ea9ab927bbc4176b15682c650e7d1dd8f2758172b,"{""distance"":5,""physical_error_rate"":0.0005}","{""detection_events"":625,""detectors_checked"":348160}"
       128,         0,         0,   0.062,decoder_by_matrix,9c6baee88fc81e7d1aa345fcb3feec7ee81f21c5d49cb6ca037118097d89e180,"{""distance"":5,""physical_error_rate"":5e-05}","{""detectors_checked"":21760}"
       128,         0,         0,   0.063,decoder_by_matrix,9c6baee88fc81e7d1aa345fcb3feec7ee81f21c5d49cb6ca037118097d89e180,"{""distance"":5,""physical_error_rate"":5e-05}","{""detectors_checked"":21760}"
       128,         0,         0,   0.071,decoder_by_matrix,9c6baee88fc81e7d1aa345fcb3feec7ee81f21c5d49cb6ca037118097d89e180,"{""distance"":5,""physical_error_rate"":5e-05}","{""detectors_checked"":21760}"
      1024,         0,         0,   0.076,decoder_by_matrix,9c6baee88fc81e7d1aa345fcb3feec7ee81f21c5d49cb6ca037118097d89e180,"{""distance"":5,""physical_error_rate"":5e-05}","{""detection_events"":10,""detectors_checked"":174080}"
       512,         0,         0,   0.075,decoder_by_matrix,b84cf4b8ca220d31f17e1e2ea9ab927bbc4176b15682c650e7d1dd8f2758172b,"{""distance"":5,""physical_error_rate"":0.0005}","{""detection_events"":150,""detectors_checked"":87040}"
      1024,         0,         0,   0.073,decoder_by_matrix,9c6baee88fc81e7d1aa345fcb3feec7ee81f21c5d49cb6ca037118097d89e180,"{""distance"":5,""physical_error_rate"":5e-05}","{""detectors_checked"":174080}"
      1024,         0,         0,   0.076,decoder_by_matrix,9c6baee88fc81e7d1aa345fcb3feec7ee81f21c5d49cb6ca037118097d89e180,"{""distance"":5,""physical_error_rate"":5e-05}","{""detection_events"":30,""detectors_checked"":174080}"
      1024,         0,         0,   0.076,decoder_by_matrix,b84cf4b8ca220d31f17e1e2ea9ab927bbc4176b15682c650e7d1dd8f2758172b,"{""distance"":5,""physical_error_rate"":0.0005}","{""detection_events"":210,""detectors_checked"":174080}"
      1024,         0,         0,   0.063,decoder_by_matrix,b84cf4b8ca220d31f17e1e2ea9ab927bbc4176b15682c650e7d1dd8f2758172b,"{""distance"":5,""physical_error_rate"":0.0005}","{""detection_events"":430,""detectors_checked"":174080}"
      1024,         0,         0,   0.077,decoder_by_matrix,b84cf4b8ca220d31f17e1e2ea9ab927bbc4176b15682c650e7d1dd8f2758172b,"{""distance"":5,""physical_error_rate"":0.0005}","{""detection_events"":175,""detectors_checked"":174080}"
      1024,         0,         0,   0.077,decoder_by_matrix,b84cf4b8ca220d31f17e1e2ea9ab927bbc4176b15682c650e7d1dd8f2758172b,"{""distance"":5,""physical_error_rate"":0.0005}","{""detection_events"":320,""detectors_checked"":174080}"
      4096,         0,         0,   0.115,decoder_by_matrix,9c6baee88fc81e7d1aa345fcb3feec7ee81f21c5d49cb6ca037118097d89e180,"{""distance"":5,""physical_error_rate"":5e-05}","{""detection_events"":140,""detectors_checked"":696320}"
        64,         0,         0,   0.062,decoder_by_matrix,9c6baee88fc81e7d1aa345fcb3feec7ee81f21c5d49cb6ca037118097d89e180,"{""distance"":5,""physical_error_rate"":5e-05}","{""detectors_checked"":10880}"
      1024,         0,         0,   0.078,decoder_by_matrix,b84cf4b8ca220d31f17e1e2ea9ab927bbc4176b15682c650e7d1dd8f2758172b,"{""distance"":5,""physical_error_rate"":0.0005}","{""detection_events"":405,""detectors_checked"":174080}"
        64,         0,         0,   0.109,decoder_by_matrix,b84cf4b8ca220d31f17e1e2ea9ab927bbc4176b15682c650e7d1dd8f2758172b,"{""distance"":5,""physical_error_rate"":0.0005}","{""detection_events"":15,""detectors_checked"":10880}"
      1024,         0,         0,   0.063,decoder_by_matrix,9c6baee88fc81e7d1aa345fcb3feec7ee81f21c5d49cb6ca037118097d89e180,"{""distance"":5,""physical_error_rate"":5e-05}","{""detectors_checked"":174080}"
      1024,         0,         0,   0.078,decoder_by_matrix,9c6baee88fc81e7d1aa345fcb3feec7ee81f21c5d49cb6ca037118097d89e180,"{""distance"":5,""physical_error_rate"":5e-05}","{""detection_events"":50,""detectors_checked"":174080}"
      1024,         0,         0,   0.075,decoder_by_matrix,9c6baee88fc81e7d1aa345fcb3feec7ee81f21c5d49cb6ca037118097d89e180,"{""distance"":5,""physical_error_rate"":5e-05}","{""detectors_checked"":174080}"
      1024,         0,         0,   0.074,decoder_by_matrix,9c6baee88fc81e7d1aa345fcb3feec7ee81f21c5d49cb6ca037118097d89e180,"{""distance"":5,""physical_error_rate"":5e-05}","{""detection_events"":20,""detectors_checked"":174080}"
      1024,         0,         0,   0.064,decoder_by_matrix,b84cf4b8ca220d31f17e1e2ea9ab927bbc4176b15682c650e7d1dd8f2758172b,"{""distance"":5,""physical_error_rate"":0.0005}","{""detection_events"":460,""detectors_checked"":174080}"
      1024,         0,         0,   0.064,decoder_by_matrix,9c6baee88fc81e7d1aa345fcb3feec7ee81f21c5d49cb6ca037118097d89e180,"{""distance"":5,""physical_error_rate"":5e-05}","{""detection_events"":5,""detectors_checked"":174080}"
      3072,         0,         0,   0.120,decoder_by_matrix,b84cf4b8ca220d31f17e1e2ea9ab927bbc4176b15682c650e7d1dd8f2758172b,"{""distance"":5,""physical_error_rate"":0.0005}","{""detection_events"":730,""detectors_checked"":522240}"
      1024,         0,         0,   0.077,decoder_by_matrix,b84cf4b8ca220d31f17e1e2ea9ab927bbc4176b15682c650e7d1dd8f2758172b,"{""distance"":5,""physical_error_rate"":0.0005}","{""detection_events"":255,""detectors_checked"":174080}"
      1024,         0,         0,   0.064,decoder_by_matrix,9c6baee88fc81e7d1aa345fcb3feec7ee81f21c5d49cb6ca037118097d89e180,"{""distance"":5,""physical_error_rate"":5e-05}","{""detection_events"":25,""detectors_checked"":174080}"
       512,         0,         0,   0.075,decoder_by_matrix,9c6baee88fc81e7d1aa345fcb3feec7ee81f21c5d49cb6ca037118097d89e180,"{""distance"":5,""physical_error_rate"":5e-05}","{""detection_events"":25,""detectors_checked"":87040}"
       256,         0,         0,   0.064,decoder_by_matrix,b84cf4b8ca220d31f17e1e2ea9ab927bbc4176b15682c650e7d1dd8f2758172b,"{""distance"":5,""physical_error_rate"":0.0005}","{""detection_events"":55,""detectors_checked"":43520}"
      1024,         0,         0,   0.064,decoder_by_matrix,9c6baee88fc81e7d1aa345fcb3feec7ee81f21c5d49cb6ca037118097d89e180,"{""distance"":5,""physical_error_rate"":5e-05}","{""detection_events"":35,""detectors_checked"":174080}"
      1024,         0,         0,   0.064,decoder_by_matrix,9c6baee88fc81e7d1aa345fcb3feec7ee81f21c5d49cb6ca037118097d89e180,"{""distance"":5,""physical_error_rate"":5e-05}","{""detectors_checked"":174080}"
      1024,         0,         0,   0.078,decoder_by_matrix,b84cf4b8ca220d31f17e1e2ea9ab927bbc4176b15682c650e7d1dd8f2758172b,"{""distance"":5,""physical_error_rate"":0.0005}","{""detection_events"":155,""detectors_checked"":174080}"
      1024,         0,         0,   0.102,decoder_by_matrix,b84cf4b8ca220d31f17e1e2ea9ab927bbc4176b15682c650e7d1dd8f2758172b,"{""distance"":5,""physical_error_rate"":0.0005}","{""detection_events"":370,""detectors_checked"":174080}"
      1024,         0,         0,   0.093,decoder_by_matrix,b84cf4b8ca220d31f17e1e2ea9ab927bbc4176b15682c650e7d1dd8f2758172b,"{""distance"":5,""physical_error_rate"":0.0005}","{""detection_events"":335,""detectors_checked"":174080}"
      1024,         0,         0,   0.083,decoder_by_matrix,9c6baee88fc81e7d1aa345fcb3feec7ee81f21c5d49cb6ca037118097d89e180,"{""distance"":5,""physical_error_rate"":5e-05}","{""detection_events"":75,""detectors_checked"":174080}"
      2048,         0,         0,   0.123,decoder_by_matrix,9c6baee88fc81e7d1aa345fcb3feec7ee81f21c5d49cb6ca037118097d89e180,"{""distance"":5,""physical_error_rate"":5e-05}","{""detection_events"":10,""detectors_checked"":348160}"
      2048,         0,         0,   0.141,decoder_by_matrix,b84cf4b8ca220d31f17e1e2ea9ab927bbc4176b15682c650e7d1dd8f2758172b,"{""distance"":5,""physical_error_rate"":0.0005}","{""detection_events"":580,""detectors_checked"":348160}"
      1024,         0,         0,   0.076,decoder_by_matrix,9c6baee88fc81e7d1aa345fcb3feec7ee81f21c5d49cb6ca037118097d89e180,"{""distance"":5,""physical_error_rate"":5e-05}","{""detection_events"":20,""detectors_checked"":174080}"
      5120,         0,         0,   0.162,decoder_by_matrix,9c6baee88fc81e7d1aa345fcb3feec7ee81f21c5d49cb6ca037118097d89e180,"{""distance"":5,""physical_error_rate"":5e-05}","{""detection_events"":135,""detectors_checked"":870400}"
      1024,         0,         0,   0.078,decoder_by_matrix,b84cf4b8ca220d31f17e1e2ea9ab927bbc4176b15682c650e7d1dd8f2758172b,"{""distance"":5,""physical_error_rate"":0.0005}","{""detection_events"":250,""detectors_checked"":174080}"
      1024,         0,         0,   0.066,decoder_by_matrix,9c6baee88fc81e7d1aa345fcb3feec7ee81f21c5d49cb6ca037118097d89e180,"{""distance"":5,""physical_error_rate"":5e-05}","{""detection_events"":55,""detectors_checked"":174080}"
      1024,         0,         0,   0.078,decoder_by_matrix,9c6baee88fc81e7d1aa345fcb3feec7ee81f21c5d49cb6ca037118097d89e180,"{""distance"":5,""physical_error_rate"":5e-05}","{""detection_events"":55,""detectors_checked"":174080}"
      1024,         0,         0,   0.078,decoder_by_matrix,9c6baee88fc81e7d1aa345fcb3feec7ee81f21c5d49cb6ca037118097d89e180,"{""distance"":5,""physical_error_rate"":5e-05}","{""detection_events"":95,""detectors_checked"":174080}"
      2048,         0,         0,   0.140,decoder_by_matrix,9c6baee88fc81e7d1aa345fcb3feec7ee81f21c5d49cb6ca037118097d89e180,"{""distance"":5,""physical_error_rate"":5e-05}","{""detection_events"":55,""detectors_checked"":348160}"
      2048,         0,         0,   0.140,decoder_by_matrix,b84cf4b8ca220d31f17e1e2ea9ab927bbc4176b15682c650e7d1dd8f2758172b,"{""distance"":5,""physical_error_rate"":0.0005}","{""detection_events"":710,""detectors_checked"":348160}"
      4096,         0,         0,   0.160,decoder_by_matrix,b84cf4b8ca220d31f17e1e2ea9ab927bbc4176b15682c650e7d1dd8f2758172b,"{""distance"":5,""physical_error_rate"":0.0005}","{""detection_events"":1000,""detectors_checked"":696320}"
      2048,         0,         0,   0.156,decoder_by_matrix,b84cf4b8ca220d31f17e1e2ea9ab927bbc4176b15682c650e7d1dd8f2758172b,"{""distance"":5,""physical_error_rate"":0.0005}","{""detection_events"":595,""detectors_checked"":348160}"
      2048,         0,         0,   0.142,decoder_by_matrix,b84cf4b8ca220d31f17e1e2ea9ab927bbc4176b15682c650e7d1dd8f2758172b,"{""distance"":5,""physical_error_rate"":0.0005}","{""detection_events"":735,""detectors_checked"":348160}"
      2048,         0,         0,   0.156,decoder_by_matrix,b84cf4b8ca220d31f17e1e2ea9ab927bbc4176b15682c650e7d1dd8f2758172b,"{""distance"":5,""physical_error_rate"":0.0005}","{""detection_events"":630,""detectors_checked"":348160}"
      2048,         0,         0,   0.157,decoder_by_matrix,b84cf4b8ca220d31f17e1e2ea9ab927bbc4176b15682c650e7d1dd8f2758172b,"{""distance"":5,""physical_error_rate"":0.0005}","{""detection_events"":580,""detectors_checked"":348160}"
      2048,         0,         0,   0.139,decoder_by_matrix,9c6baee88fc81e7d1aa345fcb3feec7ee81f21c5d49cb6ca037118097d89e180,"{""distance"":5,""physical_error_rate"":5e-05}","{""detection_events"":65,""detectors_checked"":348160}"
      2048,         0,         0,   0.169,decoder_by_matrix,9c6baee88fc81e7d1aa345fcb3feec7ee81f21c5d49cb6ca037118097d89e180,"{""distance"":5,""physical_error_rate"":5e-05}","{""detection_events"":115,""detectors_checked"":348160}"
      1024,         0,         0,   0.102,decoder_by_matrix,b84cf4b8ca220d31f17e1e2ea9ab927bbc4176b15682c650e7d1dd8f2758172b,"{""distance"":5,""physical_error_rate"":0.0005}","{""detection_events"":265,""detectors_checked"":174080}"
      2048,         0,         0,   0.153,decoder_by_matrix,b84cf4b8ca220d31f17e1e2ea9ab927bbc4176b15682c650e7d1dd8f2758172b,"{""distance"":5,""physical_error_rate"":0.0005}","{""detection_events"":535,""detectors_checked"":348160}"
      1024,         0,         0,   0.100,decoder_by_matrix,9c6baee88fc81e7d1aa345fcb3feec7ee81f21c5d49cb6ca037118097d89e180,"{""distance"":5,""physical_error_rate"":5e-05}","{""detection_events"":25,""detectors_checked"":174080}"
      2048,         0,         0,   0.152,decoder_by_matrix,9c6baee88fc81e7d1aa345fcb3feec7ee81f21c5d49cb6ca037118097d89e180,"{""distance"":5,""physical_error_rate"":5e-05}","{""detection_events"":25,""detectors_checked"":348160}"
      2048,         0,         0,   0.140,decoder_by_matrix,9c6baee88fc81e7d1aa345fcb3feec7ee81f21c5d49cb6ca037118097d89e180,"{""distance"":5,""physical_error_rate"":5e-05}","{""detection_events"":60,""detectors_checked"":348160}"
      2048,         0,         0,   0.142,decoder_by_matrix,9c6baee88fc81e7d1aa345fcb3feec7ee81f21c5d49cb6ca037118097d89e180,"{""distance"":5,""physical_error_rate"":5e-05}","{""detection_events"":35,""detectors_checked"":348160}"
      2048,         0,         0,   0.149,decoder_by_matrix,9c6baee88fc81e7d1aa345fcb3feec7ee81f21c5d49cb6ca037118097d89e180,"{""distance"":5,""physical_error_rate"":5e-05}","{""detection_events"":15,""detectors_checked"":348160}"
      2048,         0,         0,   0.150,decoder_by_matrix,b84cf4b8ca220d31f17e1e2ea9ab927bbc4176b15682c650e7d1dd8f2758172b,"{""distance"":5,""physical_error_rate"":0.0005}","{""detection_events"":475,""detectors_checked"":348160}"
      5120,         0,         0,   0.192,decoder_by_matrix,9c6baee88fc81e7d1aa345fcb3feec7ee81f21c5d49cb6ca037118097d89e180,"{""distance"":5,""physical_error_rate"":5e-05}","{""detection_events"":130,""detectors_checked"":870400}"
      2048,         0,         0,   0.142,decoder_by_matrix,b84cf4b8ca220d31f17e1e2ea9ab927bbc4176b15682c650e7d1dd8f2758172b,"{""distance"":5,""physical_error_rate"":0.0005}","{""detection_events"":625,""detectors_checked"":348160}"
      2048,         0,         0,   0.155,decoder_by_matrix,b84cf4b8ca220d31f17e1e2ea9ab927bbc4176b15682c650e7d1dd8f2758172b,"{""distance"":5,""physical_error_rate"":0.0005}","{""detection_events"":595,""detectors_checked"":348160}"
      2048,         0,         0,   0.152,decoder_by_matrix,b84cf4b8ca220d31f17e1e2ea9ab927bbc4176b15682c650e7d1dd8f2758172b,"{""distance"":5,""physical_error_rate"":0.0005}","{""detection_events"":585,""detectors_checked"":348160}"
      4096,         0,         0,   0.150,decoder_by_matrix,9c6baee88fc81e7d1aa345fcb3feec7ee81f21c5d49cb6ca037118097d89e180,"{""distance"":5,""physical_error_rate"":5e-05}","{""detection_events"":70,""detectors_checked"":696320}"
      2048,         0,         0,   0.152,decoder_by_matrix,b84cf4b8ca220d31f17e1e2ea9ab927bbc4176b15682c650e7d1dd8f2758172b,"{""distance"":5,""physical_error_rate"":0.0005}","{""detection_events"":720,""detectors_checked"":348160}"
      2048,         0,         0,   0.154,decoder_by_matrix,b84cf4b8ca220d31f17e1e2ea9ab927bbc4176b15682c650e7d1dd8f2758172b,"{""distance"":5,""physical_error_rate"":0.0005}","{""detection_events"":460,""detectors_checked"":348160}"
      2048,         0,         0,   0.162,decoder_by_matrix,b84cf4b8ca220d31f17e1e2ea9ab927bbc4176b15682c650e7d1dd8f2758172b,"{""distance"":5,""physical_error_rate"":0.0005}","{""detection_events"":485,""detectors_checked"":348160}"
      2048,         0,         0,   0.155,decoder_by_matrix,9c6baee88fc81e7d1aa345fcb3feec7ee81f21c5d49cb6ca037118097d89e180,"{""distance"":5,""physical_error_rate"":5e-05}","{""detection_events"":55,""detectors_checked"":348160}"
      6144,         0,         0,   0.235,decoder_by_matrix,b84cf4b8ca220d31f17e1e2ea9ab927bbc4176b15682c650e7d1dd8f2758172b,"{""distance"":5,""physical_error_rate"":0.0005}","{""detection_events"":1875,""detectors_checked"":1044480}"
      2048,         0,         0,   0.153,decoder_by_matrix,9c6baee88fc81e7d1aa345fcb3feec7ee81f21c5d49cb6ca037118097d89e180,"{""distance"":5,""physical_error_rate"":5e-05}","{""detection_events"":30,""detectors_checked"":348160}"
      2048,         0,         0,   0.153,decoder_by_matrix,9c6baee88fc81e7d1aa345fcb3feec7ee81f21c5d49cb6ca037118097d89e180,"{""distance"":5,""physical_error_rate"":5e-05}","{""detection_events"":110,""detectors_checked"":348160}"
      2048,         0,         0,   0.153,decoder_by_matrix,9c6baee88fc81e7d1aa345fcb3feec7ee81f21c5d49cb6ca037118097d89e180,"{""distance"":5,""physical_error_rate"":5e-05}","{""detection_events"":40,""detectors_checked"":348160}"
      3072,         0,         0,   0.195,decoder_by_matrix,9c6baee88fc81e7d1aa345fcb3feec7ee81f21c5d49cb6ca037118097d89e180,"{""distance"":5,""physical_error_rate"":5e-05}","{""detection_events"":30,""detectors_checked"":522240}"
      2048,         0,         0,   0.153,decoder_by_matrix,b84cf4b8ca220d31f17e1e2ea9ab927bbc4176b15682c650e7d1dd8f2758172b,"{""distance"":5,""physical_error_rate"":0.0005}","{""detection_events"":570,""detectors_checked"":348160}"
      3072,         0,         0,   0.212,decoder_by_matrix,9c6baee88fc81e7d1aa345fcb3feec7ee81f21c5d49cb6ca037118097d89e180,"{""distance"":5,""physical_error_rate"":5e-05}","{""detection_events"":50,""detectors_checked"":522240}"
      3072,         0,         0,   0.219,decoder_by_matrix,b84cf4b8ca220d31f17e1e2ea9ab927bbc4176b15682c650e7d1dd8f2758172b,"{""distance"":5,""physical_error_rate"":0.0005}","{""detection_events"":805,""detectors_checked"":522240}"
      2048,         0,         0,   0.161,decoder_by_matrix,b84cf4b8ca220d31f17e1e2ea9ab927bbc4176b15682c650e7d1dd8f2758172b,"{""distance"":5,""physical_error_rate"":0.0005}","{""detection_events"":865,""detectors_checked"":348160}"
      2048,         0,         0,   0.169,decoder_by_matrix,9c6baee88fc81e7d1aa345fcb3feec7ee81f21c5d49cb6ca037118097d89e180,"{""distance"":5,""physical_error_rate"":5e-05}","{""detection_events"":20,""detectors_checked"":348160}"
      3072,         0,         0,   0.226,decoder_by_matrix,b84cf4b8ca220d31f17e1e2ea9ab927bbc4176b15682c650e7d1dd8f2758172b,"{""distance"":5,""physical_error_rate"":0.0005}","{""detection_events"":1045,""detectors_checked"":522240}"
      3072,         0,         0,   0.211,decoder_by_matrix,b84cf4b8ca220d31f17e1e2ea9ab927bbc4176b15682c650e7d1dd8f2758172b,"{""distance"":5,""physical_error_rate"":0.0005}","{""detection_events"":720,""detectors_checked"":522240}"
      3072,         0,         0,   0.231,decoder_by_matrix,b84cf4b8ca220d31f17e1e2ea9ab927bbc4176b15682c650e7d1dd8f2758172b,"{""distance"":5,""physical_error_rate"":0.0005}","{""detection_events"":1220,""detectors_checked"":522240}"
      6144,         0,         0,   0.228,decoder_by_matrix,9c6baee88fc81e7d1aa345fcb3feec7ee81f21c5d49cb6ca037118097d89e180,"{""distance"":5,""physical_error_rate"":5e-05}","{""detection_events"":130,""detectors_checked"":1044480}"
      3072,         0,         0,   0.222,decoder_by_matrix,b84cf4b8ca220d31f17e1e2ea9ab927bbc4176b15682c650e7d1dd8f2758172b,"{""distance"":5,""physical_error_rate"":0.0005}","{""detection_events"":915,""detectors_checked"":522240}"
      7168,         0,         0,   0.298,decoder_by_matrix,9c6baee88fc81e7d1aa345fcb3feec7ee81f21c5d49cb6ca037118097d89e180,"{""distance"":5,""physical_error_rate"":5e-05}","{""detection_events"":230,""detectors_checked"":1218560}"
      3072,         0,         0,   0.239,decoder_by_matrix,9c6baee88fc81e7d1aa345fcb3feec7ee81f21c5d49cb6ca037118097d89e180,"{""distance"":5,""physical_error_rate"":5e-05}","{""detection_events"":225,""detectors_checked"":522240}"
      3072,         0,         0,   0.229,decoder_by_matrix,9c6baee88fc81e7d1aa345fcb3feec7ee81f21c5d49cb6ca037118097d89e180,"{""distance"":5,""physical_error_rate"":5e-05}","{""detection_events"":125,""detectors_checked"":522240}"
      3072,         0,         0,   0.231,decoder_by_matrix,9c6baee88fc81e7d1aa345fcb3feec7ee81f21c5d49cb6ca037118097d89e180,"{""distance"":5,""physical_error_rate"":5e-05}","{""detection_events"":70,""detectors_checked"":522240}"
      3072,         0,         0,   0.240,decoder_by_matrix,9c6baee88fc81e7d1aa345fcb3feec7ee81f21c5d49cb6ca037118097d89e180,"{""distance"":5,""physical_error_rate"":5e-05}","{""detection_events"":205,""detectors_checked"":522240}"
      3072,         0,         0,   0.225,decoder_by_matrix,b84cf4b8ca220d31f17e1e2ea9ab927bbc4176b15682c650e7d1dd8f2758172b,"{""distance"":5,""physical_error_rate"":0.0005}","{""detection_events"":825,""detectors_checked"":522240}"
      8192,         0,         0,   0.318,decoder_by_matrix,b84cf4b8ca220d31f17e1e2ea9ab927bbc4176b15682c650e7d1dd8f2758172b,"{""distance"":5,""physical_error_rate"":0.0005}","{""detection_events"":2380,""detectors_checked"":1392640}"
      3072,         0,         0,   0.221,decoder_by_matrix,9c6baee88fc81e7d1aa345fcb3feec7ee81f21c5d49cb6ca037118097d89e180,"{""distance"":5,""physical_error_rate"":5e-05}","{""detection_events"":35,""detectors_checked"":522240}"
      3072,         0,         0,   0.231,decoder_by_matrix,b84cf4b8ca220d31f17e1e2ea9ab927bbc4176b15682c650e7d1dd8f2758172b,"{""distance"":5,""physical_error_rate"":0.0005}","{""detection_events"":875,""detectors_checked"":522240}"
      4096,         0,         0,   0.300,decoder_by_matrix,9c6baee88fc81e7d1aa345fcb3feec7ee81f21c5d49cb6ca037118097d89e180,"{""distance"":5,""physical_error_rate"":5e-05}","{""detection_events"":145,""detectors_checked"":696320}"
      4096,         0,         0,   0.308,decoder_by_matrix,b84cf4b8ca220d31f17e1e2ea9ab927bbc4176b15682c650e7d1dd8f2758172b,"{""distance"":5,""physical_error_rate"":0.0005}","{""detection_events"":1100,""detectors_checked"":696320}"
      4096,         0,         0,   0.306,decoder_by_matrix,b84cf4b8ca220d31f17e1e2ea9ab927bbc4176b15682c650e7d1dd8f2758172b,"{""distance"":5,""physical_error_rate"":0.0005}","{""detection_events"":885,""detectors_checked"":696320}"
      4096,         0,         0,   0.364,decoder_by_matrix,b84cf4b8ca220d31f17e1e2ea9ab927bbc4176b15682c650e7d1dd8f2758172b,"{""distance"":5,""physical_error_rate"":0.0005}","{""detection_events"":1145,""detectors_checked"":696320}"
      4096,         0,         0,   0.313,decoder_by_matrix,b84cf4b8ca220d31f17e1e2ea9ab927bbc4176b15682c650e7d1dd8f2758172b,"{""distance"":5,""physical_error_rate"":0.0005}","{""detection_events"":1130,""detectors_checked"":696320}"
      8192,         0,         0,   0.308,decoder_by_matrix,9c6baee88fc81e7d1aa345fcb3feec7ee81f21c5d49cb6ca037118097d89e180,"{""distance"":5,""physical_error_rate"":5e-05}","{""detection_events"":240,""detectors_checked"":1392640}"
      4096,         0,         0,   0.309,decoder_by_matrix,b84cf4b8ca220d31f17e1e2ea9ab927bbc4176b15682c650e7d1dd8f2758172b,"{""distance"":5,""physical_error_rate"":0.0005}","{""detection_events"":1295,""detectors_checked"":696320}"
      4096,         0,         0,   0.293,decoder_by_matrix,9c6baee88fc81e7d1aa345fcb3feec7ee81f21c5d49cb6ca037118097d89e180,"{""distance"":5,""physical_error_rate"":5e-05}","{""detection_events"":165,""detectors_checked"":696320}"
      4096,         0,         0,   0.295,decoder_by_matrix,9c6baee88fc81e7d1aa345fcb3feec7ee81f21c5d49cb6ca037118097d89e180,"{""distance"":5,""physical_error_rate"":5e-05}","{""detection_events"":135,""detectors_checked"":696320}"
      4096,         0,         0,   0.309,decoder_by_matrix,9c6baee88fc81e7d1aa345fcb3feec7ee81f21c5d49cb6ca037118097d89e180,"{""distance"":5,""physical_error_rate"":5e-05}","{""detection_events"":200,""detectors_checked"":696320}"
      4096,         0,         0,   0.294,decoder_by_matrix,9c6baee88fc81e7d1aa345fcb3feec7ee81f21c5d49cb6ca037118097d89e180,"{""distance"":5,""physical_error_rate"":5e-05}","{""detection_events"":80,""detectors_checked"":696320}"
     31744,         0,         0,   0.410,decoder_by_matrix,9c6baee88fc81e7d1aa345fcb3feec7ee81f21c5d49cb6ca037118097d89e180,"{""distance"":5,""physical_error_rate"":5e-05}","{""detection_events"":835,""detectors_checked"":5396480}"
      4096,         0,         0,   0.312,decoder_by_matrix,b84cf4b8ca220d31f17e1e2ea9ab927bbc4176b15682c650e7d1dd8f2758172b,"{""distance"":5,""physical_error_rate"":0.0005}","{""detection_events"":1480,""detectors_checked"":696320}"
      4096,         0,         0,   0.292,decoder_by_matrix,9c6baee88fc81e7d1aa345fcb3feec7ee81f21c5d49cb6ca037118097d89e180,"{""distance"":5,""physical_error_rate"":5e-05}","{""detection_events"":175,""detectors_checked"":696320}"
      4096,         0,         0,   0.307,decoder_by_matrix,b84cf4b8ca220d31f17e1e2ea9ab927bbc4176b15682c650e7d1dd8f2758172b,"{""distance"":5,""physical_error_rate"":0.0005}","{""detection_events"":1220,""detectors_checked"":696320}"
      6144,         0,         0,   0.420,decoder_by_matrix,b84cf4b8ca220d31f17e1e2ea9ab927bbc4176b15682c650e7d1dd8f2758172b,"{""distance"":5,""physical_error_rate"":0.0005}","{""detection_events"":1680,""detectors_checked"":1044480}"
      6144,         0,         0,   0.422,decoder_by_matrix,9c6baee88fc81e7d1aa345fcb3feec7ee81f21c5d49cb6ca037118097d89e180,"{""distance"":5,""physical_error_rate"":5e-05}","{""detection_events"":160,""detectors_checked"":1044480}"
      6144,         0,         0,   0.448,decoder_by_matrix,b84cf4b8ca220d31f17e1e2ea9ab927bbc4176b15682c650e7d1dd8f2758172b,"{""distance"":5,""physical_error_rate"":0.0005}","{""detection_events"":1255,""detectors_checked"":1044480}"
     11264,         0,         0,   0.425,decoder_by_matrix,9c6baee88fc81e7d1aa345fcb3feec7ee81f21c5d49cb6ca037118097d89e180,"{""distance"":5,""physical_error_rate"":5e-05}","{""detection_events"":265,""detectors_checked"":1914880}"
      6144,         0,         0,   0.448,decoder_by_matrix,b84cf4b8ca220d31f17e1e2ea9ab927bbc4176b15682c650e7d1dd8f2758172b,"{""distance"":5,""physical_error_rate"":0.0005}","{""detection_events"":1520,""detectors_checked"":1044480}"
      6144,         0,         0,   0.473,decoder_by_matrix,b84cf4b8ca220d31f17e1e2ea9ab927bbc4176b15682c650e7d1dd8f2758172b,"{""distance"":5,""physical_error_rate"":0.0005}","{""detection_events"":1695,""detectors_checked"":1044480}"
      5120,         0,         0,   0.404,decoder_by_matrix,9c6baee88fc81e7d1aa345fcb3feec7ee81f21c5d49cb6ca037118097d89e180,"{""distance"":5,""physical_error_rate"":5e-05}","{""detection_events"":105,""detectors_checked"":870400}"
      6144,         0,         0,   0.459,decoder_by_matrix,b84cf4b8ca220d31f17e1e2ea9ab927bbc4176b15682c650e7d1dd8f2758172b,"{""distance"":5,""physical_error_rate"":0.0005}","{""detection_events"":1480,""detectors_checked"":1044480}"
      6144,         0,         0,   0.436,decoder_by_matrix,9c6baee88fc81e7d1aa345fcb3feec7ee81f21c5d49cb6ca037118097d89e180,"{""distance"":5,""physical_error_rate"":5e-05}","{""detection_events"":105,""detectors_checked"":1044480}"
      6144,         0,         0,   0.469,decoder_by_matrix,b84cf4b8ca220d31f17e1e2ea9ab927bbc4176b15682c650e7d1dd8f2758172b,"{""distance"":5,""physical_error_rate"":0.0005}","{""detection_events"":1745,""detectors_checked"":1044480}"
      6144,         0,         0,   0.446,decoder_by_matrix,9c6baee88fc81e7d1aa345fcb3feec7ee81f21c5d49cb6ca037118097d89e180,"{""distance"":5,""physical_error_rate"":5e-05}","{""detection_events"":155,""detectors_checked"":1044480}"
      6144,         0,         0,   0.435,decoder_by_matrix,9c6baee88fc81e7d1aa345fcb3feec7ee81f21c5d49cb6ca037118097d89e180,"{""distance"":5,""physical_error_rate"":5e-05}","{""detection_events"":150,""detectors_checked"":1044480}"
      5120,         0,         0,   0.408,decoder_by_matrix,9c6baee88fc81e7d1aa345fcb3feec7ee81f21c5d49cb6ca037118097d89e180,"{""distance"":5,""physical_error_rate"":5e-05}","{""detection_events"":205,""detectors_checked"":870400}"
      6144,         0,         0,   0.430,decoder_by_matrix,b84cf4b8ca220d31f17e1e2ea9ab927bbc4176b15682c650e7d1dd8f2758172b,"{""distance"":5,""physical_error_rate"":0.0005}","{""detection_events"":1830,""detectors_checked"":1044480}"
      6144,         0,         0,   0.450,decoder_by_matrix,b84cf4b8ca220d31f17e1e2ea9ab927bbc4176b15682c650e7d1dd8f2758172b,"{""distance"":5,""physical_error_rate"":0.0005}","{""detection_events"":1950,""detectors_checked"":1044480}"
     47104,         0,         0,   0.569,decoder_by_matrix,9c6baee88fc81e7d1aa345fcb3feec7ee81f21c5d49cb6ca037118097d89e180,"{""distance"":5,""physical_error_rate"":5e-05}","{""detection_events"":1150,""detectors_checked"":8007680}"
      8192,         0,         0,   0.587,decoder_by_matrix,9c6baee88fc81e7d1aa345fcb3feec7ee81f21c5d49cb6ca037118097d89e180,"{""distance"":5,""physical_error_rate"":5e-05}","{""detection_events"":245,""detectors_checked"":1392640}"
      8192,         0,         0,   0.706,decoder_by_matrix,b84cf4b8ca220d31f17e1e2ea9ab927bbc4176b15682c650e7d1dd8f2758172b,"{""distance"":5,""physical_error_rate"":0.0005}","{""detection_events"":2425,""detectors_checked"":1392640}"
      8192,         0,         0,   0.592,decoder_by_matrix,b84cf4b8ca220d31f17e1e2ea9ab927bbc4176b15682c650e7d1dd8f2758172b,"{""distance"":5,""physical_error_rate"":0.0005}","{""detection_events"":2450,""detectors_checked"":1392640}"
      8192,         0,         0,   0.603,decoder_by_matrix,b84cf4b8ca220d31f17e1e2ea9ab927bbc4176b15682c650e7d1dd8f2758172b,"{""distance"":5,""physical_error_rate"":0.0005}","{""detection_events"":2385,""detectors_checked"":1392640}"
      8192,         0,         0,   0.630,decoder_by_matrix,9c6baee88fc81e7d1aa345fcb3feec7ee81f21c5d49cb6ca037118097d89e180,"{""distance"":5,""physical_error_rate"":5e-05}","{""detection_events"":155,""detectors_checked"":1392640}"
      8192,         0,         0,   0.602,decoder_by_matrix,b84cf4b8ca220d31f17e1e2ea9ab927bbc4176b15682c650e7d1dd8f2758172b,"{""distance"":5,""physical_error_rate"":0.0005}","{""detection_events"":2575,""detectors_checked"":1392640}"
      8192,         0,         0,   0.605,decoder_by_matrix,9c6baee88fc81e7d1aa345fcb3feec7ee81f21c5d49cb6ca037118097d89e180,"{""distance"":5,""physical_error_rate"":5e-05}","{""detection_events"":150,""detectors_checked"":1392640}"
      8192,         0,         0,   0.605,decoder_by_matrix,b84cf4b8ca220d31f17e1e2ea9ab927bbc4176b15682c650e7d1dd8f2758172b,"{""distance"":5,""physical_error_rate"":0.0005}","{""detection_events"":2360,""detectors_checked"":1392640}"
      8192,         0,         0,   0.611,decoder_by_matrix,b84cf4b8ca220d31f17e1e2ea9ab927bbc4176b15682c650e7d1dd8f2758172b,"{""distance"":5,""physical_error_rate"":0.0005}","{""detection_events"":2120,""detectors_checked"":1392640}"
      9216,         0,         0,   0.629,decoder_by_matrix,9c6baee88fc81e7d1aa345fcb3feec7ee81f21c5d49cb6ca037118097d89e180,"{""distance"":5,""physical_error_rate"":5e-05}","{""detection_events"":445,""detectors_checked"":1566720}"
      8192,         0,         0,   0.597,decoder_by_matrix,9c6baee88fc81e7d1aa345fcb3feec7ee81f21c5d49cb6ca037118097d89e180,"{""distance"":5,""physical_error_rate"":5e-05}","{""detection_events"":365,""detectors_checked"":1392640}"
      7168,         0,         0,   0.619,decoder_by_matrix,9c6baee88fc81e7d1aa345fcb3feec7ee81f21c5d49cb6ca037118097d89e180,"{""distance"":5,""physical_error_rate"":5e-05}","{""detection_events"":180,""detectors_checked"":1218560}"
      8192,         0,         0,   0.603,decoder_by_matrix,9c6baee88fc81e7d1aa345fcb3feec7ee81f21c5d49cb6ca037118097d89e180,"{""distance"":5,""physical_error_rate"":5e-05}","{""detection_events"":230,""detectors_checked"":1392640}"
      8192,         0,         0,   0.604,decoder_by_matrix,b84cf4b8ca220d31f17e1e2ea9ab927bbc4176b15682c650e7d1dd8f2758172b,"{""distance"":5,""physical_error_rate"":0.0005}","{""detection_events"":2660,""detectors_checked"":1392640}"
      7168,         0,         0,   0.607,decoder_by_matrix,b84cf4b8ca220d31f17e1e2ea9ab927bbc4176b15682c650e7d1dd8f2758172b,"{""distance"":5,""physical_error_rate"":0.0005}","{""detection_events"":2305,""detectors_checked"":1218560}"
     65536,         0,         0,   0.800,decoder_by_matrix,9c6baee88fc81e7d1aa345fcb3feec7ee81f21c5d49cb6ca037118097d89e180,"{""distance"":5,""physical_error_rate"":5e-05}","{""detection_events"":1805,""detectors_checked"":11141120}"
     11264,         0,         0,   0.806,decoder_by_matrix,9c6baee88fc81e7d1aa345fcb3feec7ee81f21c5d49cb6ca037118097d89e180,"{""distance"":5,""physical_error_rate"":5e-05}","{""detection_events"":340,""detectors_checked"":1914880}"
     11264,         0,         0,   0.860,decoder_by_matrix,b84cf4b8ca220d31f17e1e2ea9ab927bbc4176b15682c650e7d1dd8f2758172b,"{""distance"":5,""physical_error_rate"":0.0005}","{""detection_events"":3245,""detectors_checked"":1914880}"
     11264,         0,         0,   0.811,decoder_by_matrix,b84cf4b8ca220d31f17e1e2ea9ab927bbc4176b15682c650e7d1dd8f2758172b,"{""distance"":5,""physical_error_rate"":0.0005}","{""detection_events"":3260,""detectors_checked"":1914880}"
     14336,         0,         0,   0.812,decoder_by_matrix,9c6baee88fc81e7d1aa345fcb3feec7ee81f21c5d49cb6ca037118097d89e180,"{""distance"":5,""physical_error_rate"":5e-05}","{""detection_events"":495,""detectors_checked"":2437120}"
     10240,         0,         0,   0.833,decoder_by_matrix,b84cf4b8ca220d31f17e1e2ea9ab927bbc4176b15682c650e7d1dd8f2758172b,"{""distance"":5,""physical_error_rate"":0.0005}","{""detection_events"":2515,""detectors_checked"":1740800}"
     11264,         0,         0,   0.831,decoder_by_matrix,9c6baee88fc81e7d1aa345fcb3feec7ee81f21c5d49cb6ca037118097d89e180,"{""distance"":5,""physical_error_rate"":5e-05}","{""detection_events"":380,""detectors_checked"":1914880}"
     11264,         0,         0,   0.837,decoder_by_matrix,b84cf4b8ca220d31f17e1e2ea9ab927bbc4176b15682c650e7d1dd8f2758172b,"{""distance"":5,""physical_error_rate"":0.0005}","{""detection_events"":3410,""detectors_checked"":1914880}"
     11264,         0,         0,   0.815,decoder_by_matrix,9c6baee88fc81e7d1aa345fcb3feec7ee81f21c5d49cb6ca037118097d89e180,"{""distance"":5,""physical_error_rate"":5e-05}","{""detection_events"":430,""detectors_checked"":1914880}"
     11264,         0,         0,   0.811,decoder_by_matrix,9c6baee88fc81e7d1aa345fcb3feec7ee81f21c5d49cb6ca037118097d89e180,"{""distance"":5,""physical_error_rate"":5e-05}","{""detection_events"":440,""detectors_checked"":1914880}"
     11264,         0,         0,   0.843,decoder_by_matrix,b84cf4b8ca220d31f17e1e2ea9ab927bbc4176b15682c650e7d1dd8f2758172b,"{""distance"":5,""physical_error_rate"":0.0005}","{""detection_events"":3265,""detectors_checked"":1914880}"
     11264,         0,         0,   0.861,decoder_by_matrix,b84cf4b8ca220d31f17e1e2ea9ab927bbc4176b15682c650e7d1dd8f2758172b,"{""distance"":5,""physical_error_rate"":0.0005}","{""detection_events"":2850,""detectors_checked"":1914880}"
     11264,         0,         0,   0.862,decoder_by_matrix,9c6baee88fc81e7d1aa345fcb3feec7ee81f21c5d49cb6ca037118097d89e180,"{""distance"":5,""physical_error_rate"":5e-05}","{""detection_events"":295,""detectors_checked"":1914880}"
     10240,         0,         0,   0.787,decoder_by_matrix,9c6baee88fc81e7d1aa345fcb3feec7ee81f21c5d49cb6ca037118097d89e180,"{""distance"":5,""physical_error_rate"":5e-05}","{""detection_events"":340,""detectors_checked"":1740800}"
     11264,         0,         0,   0.812,decoder_by_matrix,b84cf4b8ca220d31f17e1e2ea9ab927bbc4176b15682c650e7d1dd8f2758172b,"{""distance"":5,""physical_error_rate"":0.0005}","{""detection_events"":3045,""detectors_checked"":1914880}"
     11264,         0,         0,   0.820,decoder_by_matrix,b84cf4b8ca220d31f17e1e2ea9ab927bbc4176b15682c650e7d1dd8f2758172b,"{""distance"":5,""physical_error_rate"":0.0005}","{""detection_events"":2425,""detectors_checked"":1914880}"
     90112,         0,         0,    1.11,decoder_by_matrix,9c6baee88fc81e7d1aa345fcb3feec7ee81f21c5d49cb6ca037118097d89e180,"{""distance"":5,""physical_error_rate"":5e-05}","{""detection_events"":2875,""detectors_checked"":15319040}"
     16384,         0,         0,    1.17,decoder_by_matrix,9c6baee88fc81e7d1aa345fcb3feec7ee81f21c5d49cb6ca037118097d89e180,"{""distance"":5,""physical_error_rate"":5e-05}","{""detection_events"":535,""detectors_checked"":2785280}"
     15360,         0,         0,    1.11,decoder_by_matrix,b84cf4b8ca220d31f17e1e2ea9ab927bbc4176b15682c650e7d1dd8f2758172b,"{""distance"":5,""physical_error_rate"":0.0005}","{""detection_events"":4205,""detectors_checked"":2611200}"
     15360,         0,         0,    1.16,decoder_by_matrix,b84cf4b8ca220d31f17e1e2ea9ab927bbc4176b15682c650e7d1dd8f2758172b,"{""distance"":5,""physical_error_rate"":0.0005}","{""detection_events"":4915,""detectors_checked"":2611200}"
     15360,         0,         0,    1.12,decoder_by_matrix,9c6baee88fc81e7d1aa345fcb3feec7ee81f21c5d49cb6ca037118097d89e180,"{""distance"":5,""physical_error_rate"":5e-05}","{""detection_events"":360,""detectors_checked"":2611200}"
     15360,         0,         0,    1.15,decoder_by_matrix,9c6baee88fc81e7d1aa345fcb3feec7ee81f21c5d49cb6ca037118097d89e180,"{""distance"":5,""physical_error_rate"":5e-05}","{""detection_events"":450,""detectors_checked"":2611200}"
     15360,         0,         0,    1.18,decoder_by_matrix,b84cf4b8ca220d31f17e1e2ea9ab927bbc4176b15682c650e7d1dd8f2758172b,"{""distance"":5,""physical_error_rate"":0.0005}","{""detection_events"":4145,""detectors_checked"":2611200}"
     15360,         0,         0,    1.15,decoder_by_matrix,9c6baee88fc81e7d1aa345fcb3feec7ee81f21c5d49cb6ca037118097d89e180,"{""distance"":5,""physical_error_rate"":5e-05}","{""detection_events"":640,""detectors_checked"":2611200}"
     15360,         0,         0,    1.17,decoder_by_matrix,b84cf4b8ca220d31f17e1e2ea9ab927bbc4176b15682c650e7d1dd8f2758172b,"{""distance"":5,""physical_error_rate"":0.0005}","{""detection_events"":4775,""detectors_checked"":2611200}"
     15360,         0,         0,    1.13,decoder_by_matrix,9c6baee88fc81e7d1aa345fcb3feec7ee81f21c5d49cb6ca037118097d89e180,"{""distance"":5,""physical_error_rate"":5e-05}","{""detection_events"":465,""detectors_checked"":2611200}"
     15360,         0,         0,    1.14,decoder_by_matrix,b84cf4b8ca220d31f17e1e2ea9ab927bbc4176b15682c650e7d1dd8f2758172b,"{""distance"":5,""physical_error_rate"":0.0005}","{""detection_events"":3820,""detectors_checked"":2611200}"
     15360,         0,         0,    1.15,decoder_by_matrix,b84cf4b8ca220d31f17e1e2ea9ab927bbc4176b15682c650e7d1dd8f2758172b,"{""distance"":5,""physical_error_rate"":0.0005}","{""detection_events"":3850,""detectors_checked"":2611200}"
     16384,         0,         0,    1.15,decoder_by_matrix,9c6baee88fc81e7d1aa345fcb3feec7ee81f21c5d49cb6ca037118097d89e180,"{""distance"":5,""physical_error_rate"":5e-05}","{""detection_events"":365,""detectors_checked"":2785280}"
     15360,         0,         0,    1.16,decoder_by_matrix,9c6baee88fc81e7d1aa345fcb3feec7ee81f21c5d49cb6ca037118097d89e180,"{""distance"":5,""physical_error_rate"":5e-05}","{""detection_events"":420,""detectors_checked"":2611200}"
     15360,         0,         0,    1.13,decoder_by_matrix,b84cf4b8ca220d31f17e1e2ea9ab927bbc4176b15682c650e7d1dd8f2758172b,"{""distance"":5,""physical_error_rate"":0.0005}","{""detection_events"":4000,""detectors_checked"":2611200}"
     15360,         0,         0,    1.13,decoder_by_matrix,b84cf4b8ca220d31f17e1e2ea9ab927bbc4176b15682c650e7d1dd8f2758172b,"{""distance"":5,""physical_error_rate"":0.0005}","{""detection_events"":4360,""detectors_checked"":2611200}"
     52667,         0,         0,   0.640,decoder_by_matrix,9c6baee88fc81e7d1aa345fcb3feec7ee81f21c5d49cb6ca037118097d89e180,"{""distance"":5,""physical_error_rate"":5e-05}","{""detection_events"":1560,""detectors_checked"":8953390}"
    531456,         0,         0,    24.4,decoder_by_matrix,9c6baee88fc81e7d1aa345fcb3feec7ee81f21c5d49cb6ca037118097d89e180,"{""distance"":5,""physical_error_rate"":5e-05}","{""detection_events"":15855,""detectors_checked"":90347520}"
    335872,         0,         0,    24.4,decoder_by_matrix,9c6baee88fc81e7d1aa345fcb3feec7ee81f21c5d49cb6ca037118097d89e180,"{""distance"":5,""physical_error_rate"":5e-05}","{""detection_events"":9330,""detectors_checked"":57098240}"
    302080,         0,         0,    23.1,decoder_by_matrix,9c6baee88fc81e7d1aa345fcb3feec7ee81f21c5d49cb6ca037118097d89e180,"{""distance"":5,""physical_error_rate"":5e-05}","{""detection_events"":7795,""detectors_checked"":51353600}"
    303104,         0,         0,    23.1,decoder_by_matrix,9c6baee88fc81e7d1aa345fcb3feec7ee81f21c5d49cb6ca037118097d89e180,"{""distance"":5,""physical_error_rate"":5e-05}","{""detection_events"":8860,""detectors_checked"":51527680}"
    325632,         0,         0,    24.5,decoder_by_matrix,9c6baee88fc81e7d1aa345fcb3feec7ee81f21c5d49cb6ca037118097d89e180,"{""distance"":5,""physical_error_rate"":5e-05}","{""detection_events"":9445,""detectors_checked"":55357440}"
     55955,         0,         0,   0.642,decoder_by_matrix,9c6baee88fc81e7d1aa345fcb3feec7ee81f21c5d49cb6ca037118097d89e180,"{""distance"":5,""physical_error_rate"":5e-05}","{""detection_events"":1840,""detectors_checked"":9512350}"
    283648,         0,         0,    23.7,decoder_by_matrix,9c6baee88fc81e7d1aa345fcb3feec7ee81f21c5d49cb6ca037118097d89e180,"{""distance"":5,""physical_error_rate"":5e-05}","{""detection_events"":6925,""detectors_checked"":48220160}"
     22528,         0,         0,    1.61,decoder_by_matrix,9c6baee88fc81e7d1aa345fcb3feec7ee81f21c5d49cb6ca037118097d89e180,"{""distance"":5,""physical_error_rate"":5e-05}","{""detection_events"":765,""detectors_checked"":3829760}"
     21504,         0,         0,    1.58,decoder_by_matrix,b84cf4b8ca220d31f17e1e2ea9ab927bbc4176b15682c650e7d1dd8f2758172b,"{""distance"":5,""physical_error_rate"":0.0005}","{""detection_events"":5945,""detectors_checked"":3655680}"
     21504,         0,         0,    1.59,decoder_by_matrix,b84cf4b8ca220d31f17e1e2ea9ab927bbc4176b15682c650e7d1dd8f2758172b,"{""distance"":5,""physical_error_rate"":0.0005}","{""detection_events"":5715,""detectors_checked"":3655680}"
     22528,         0,         0,    1.59,decoder_by_matrix,9c6baee88fc81e7d1aa345fcb3feec7ee81f21c5d49cb6ca037118097d89e180,"{""distance"":5,""physical_error_rate"":5e-05}","{""detection_events"":725,""detectors_checked"":3829760}"
     21504,         0,         0,    1.59,decoder_by_matrix,9c6baee88fc81e7d1aa345fcb3feec7ee81f21c5d49cb6ca037118097d89e180,"{""distance"":5,""physical_error_rate"":5e-05}","{""detection_events"":380,""detectors_checked"":3655680}"
     21504,         0,         0,    1.55,decoder_by_matrix,9c6baee88fc81e7d1aa345fcb3feec7ee81f21c5d49cb6ca037118097d89e180,"{""distance"":5,""physical_error_rate"":5e-05}","{""detection_events"":725,""detectors_checked"":3655680}"
     21504,         0,         0,    1.58,decoder_by_matrix,b84cf4b8ca220d31f17e1e2ea9ab927bbc4176b15682c650e7d1dd8f2758172b,"{""distance"":5,""physical_error_rate"":0.0005}","{""detection_events"":6955,""detectors_checked"":3655680}"
     20480,         0,         0,    1.56,decoder_by_matrix,b84cf4b8ca220d31f17e1e2ea9ab927bbc4176b15682c650e7d1dd8f2758172b,"{""distance"":5,""physical_error_rate"":0.0005}","{""detection_events"":6030,""detectors_checked"":3481600}"
     21504,         0,         0,    1.58,decoder_by_matrix,9c6baee88fc81e7d1aa345fcb3feec7ee81f21c5d49cb6ca037118097d89e180,"{""distance"":5,""physical_error_rate"":5e-05}","{""detection_events"":505,""detectors_checked"":3655680}"
     20480,         0,         0,    1.58,decoder_by_matrix,b84cf4b8ca220d31f17e1e2ea9ab927bbc4176b15682c650e7d1dd8f2758172b,"{""distance"":5,""physical_error_rate"":0.0005}","{""detection_events"":5465,""detectors_checked"":3481600}"
     22528,         0,         0,    1.61,decoder_by_matrix,b84cf4b8ca220d31f17e1e2ea9ab927bbc4176b15682c650e7d1dd8f2758172b,"{""distance"":5,""physical_error_rate"":0.0005}","{""detection_events"":5995,""detectors_checked"":3829760}"
     20480,         0,         0,    1.55,decoder_by_matrix,9c6baee88fc81e7d1aa345fcb3feec7ee81f21c5d49cb6ca037118097d89e180,"{""distance"":5,""physical_error_rate"":5e-05}","{""detection_events"":535,""detectors_checked"":3481600}"
     22528,         0,         0,    1.61,decoder_by_matrix,9c6baee88fc81e7d1aa345fcb3feec7ee81f21c5d49cb6ca037118097d89e180,"{""distance"":5,""physical_error_rate"":5e-05}","{""detection_events"":675,""detectors_checked"":3829760}"
     21504,         0,         0,    1.62,decoder_by_matrix,b84cf4b8ca220d31f17e1e2ea9ab927bbc4176b15682c650e7d1dd8f2758172b,"{""distance"":5,""physical_error_rate"":0.0005}","{""detection_events"":5985,""detectors_checked"":3655680}"
     21504,         0,         0,    1.60,decoder_by_matrix,b84cf4b8ca220d31f17e1e2ea9ab927bbc4176b15682c650e7d1dd8f2758172b,"{""distance"":5,""physical_error_rate"":0.0005}","{""detection_events"":5435,""detectors_checked"":3655680}"
    177946,         0,         0,    2.35,decoder_by_matrix,9c6baee88fc81e7d1aa345fcb3feec7ee81f21c5d49cb6ca037118097d89e180,"{""distance"":5,""physical_error_rate"":5e-05}","{""detection_events"":5060,""detectors_checked"":30250820}"
     29696,         0,         0,    2.20,decoder_by_matrix,9c6baee88fc81e7d1aa345fcb3feec7ee81f21c5d49cb6ca037118097d89e180,"{""distance"":5,""physical_error_rate"":5e-05}","{""detection_events"":795,""detectors_checked"":5048320}"
     29696,         0,         0,    2.21,decoder_by_matrix,b84cf4b8ca220d31f17e1e2ea9ab927bbc4176b15682c650e7d1dd8f2758172b,"{""distance"":5,""physical_error_rate"":0.0005}","{""detection_events"":8200,""detectors_checked"":5048320}"
     29696,         0,         0,    2.23,decoder_by_matrix,b84cf4b8ca220d31f17e1e2ea9ab927bbc4176b15682c650e7d1dd8f2758172b,"{""distance"":5,""physical_error_rate"":0.0005}","{""detection_events"":8245,""detectors_checked"":5048320}"
     44032,         0,         0,    2.20,decoder_by_matrix,9c6baee88fc81e7d1aa345fcb3feec7ee81f21c5d49cb6ca037118097d89e180,"{""distance"":5,""physical_error_rate"":5e-05}","{""detection_events"":1175,""detectors_checked"":7485440}"
     28672,         0,         0,    2.15,decoder_by_matrix,b84cf4b8ca220d31f17e1e2ea9ab927bbc4176b15682c650e7d1dd8f2758172b,"{""distance"":5,""physical_error_rate"":0.0005}","{""detection_events"":7670,""detectors_checked"":4874240}"
     29696,         0,         0,    2.19,decoder_by_matrix,9c6baee88fc81e7d1aa345fcb3feec7ee81f21c5d49cb6ca037118097d89e180,"{""distance"":5,""physical_error_rate"":5e-05}","{""detection_events"":995,""detectors_checked"":5048320}"
     28672,         0,         0,    2.18,decoder_by_matrix,b84cf4b8ca220d31f17e1e2ea9ab927bbc4176b15682c650e7d1dd8f2758172b,"{""distance"":5,""physical_error_rate"":0.0005}","{""detection_events"":8260,""detectors_checked"":4874240}"
     29696,         0,         0,    2.22,decoder_by_matrix,9c6baee88fc81e7d1aa345fcb3feec7ee81f21c5d49cb6ca037118097d89e180,"{""distance"":5,""physical_error_rate"":5e-05}","{""detection_events"":1100,""detectors_checked"":5048320}"
     30720,         0,         0,    2.23,decoder_by_matrix,b84cf4b8ca220d31f17e1e2ea9ab927bbc4176b15682c650e7d1dd8f2758172b,"{""distance"":5,""physical_error_rate"":0.0005}","{""detection_events"":9320,""detectors_checked"":5222400}"
     29696,         0,         0,    2.23,decoder_by_matrix,b84cf4b8ca220d31f17e1e2ea9ab927bbc4176b15682c650e7d1dd8f2758172b,"{""distance"":5,""physical_error_rate"":0.0005}","{""detection_events"":7670,""detectors_checked"":5048320}"
     30720,         0,         0,    2.19,decoder_by_matrix,9c6baee88fc81e7d1aa345fcb3feec7ee81f21c5d49cb6ca037118097d89e180,"{""distance"":5,""physical_error_rate"":5e-05}","{""detection_events"":815,""detectors_checked"":5222400}"
     30720,         0,         0,    2.22,decoder_by_matrix,9c6baee88fc81e7d1aa345fcb3feec7ee81f21c5d49cb6ca037118097d89e180,"{""distance"":5,""physical_error_rate"":5e-05}","{""detection_events"":1080,""detectors_checked"":5222400}"
     28672,         0,         0,    2.17,decoder_by_matrix,b84cf4b8ca220d31f17e1e2ea9ab927bbc4176b15682c650e7d1dd8f2758172b,"{""distance"":5,""physical_error_rate"":0.0005}","{""detection_events"":7820,""detectors_checked"":4874240}"
     29696,         0,         0,    2.28,decoder_by_matrix,9c6baee88fc81e7d1aa345fcb3feec7ee81f21c5d49cb6ca037118097d89e180,"{""distance"":5,""physical_error_rate"":5e-05}","{""detection_events"":645,""detectors_checked"":5048320}"
     29696,         0,         0,    2.24,decoder_by_matrix,b84cf4b8ca220d31f17e1e2ea9ab927bbc4176b15682c650e7d1dd8f2758172b,"{""distance"":5,""physical_error_rate"":0.0005}","{""detection_events"":7685,""detectors_checked"":5048320}"
   1375823,         0,         0,   108.7,decoder_by_matrix,b84cf4b8ca220d31f17e1e2ea9ab927bbc4176b15682c650e7d1dd8f2758172b,"{""distance"":5,""physical_error_rate"":0.0005}","{""detection_events"":391200,""detectors_checked"":233889910}"
   1433600,         1,         0,   108.4,decoder_by_matrix,b84cf4b8ca220d31f17e1e2ea9ab927bbc4176b15682c650e7d1dd8f2758172b,"{""distance"":5,""physical_error_rate"":0.0005}","{""detection_events"":411780,""detectors_checked"":243712000,""obs_mistake_mask=E___"":1}"
    186109,         0,         0,    2.87,decoder_by_matrix,9c6baee88fc81e7d1aa345fcb3feec7ee81f21c5d49cb6ca037118097d89e180,"{""distance"":5,""physical_error_rate"":5e-05}","{""detection_events"":5665,""detectors_checked"":31638530}"
    175104,         0,         0,    13.2,decoder_by_matrix,9c6baee88fc81e7d1aa345fcb3feec7ee81f21c5d49cb6ca037118097d89e180,"{""distance"":5,""physical_error_rate"":5e-05}","{""detection_events"":4630,""detectors_checked"":29767680}"
    172032,         0,         0,    10.6,decoder_by_matrix,9c6baee88fc81e7d1aa345fcb3feec7ee81f21c5d49cb6ca037118097d89e180,"{""distance"":5,""physical_error_rate"":5e-05}","{""detection_events"":5865,""detectors_checked"":29245440}"
    169010,         0,         0,    13.4,decoder_by_matrix,9c6baee88fc81e7d1aa345fcb3feec7ee81f21c5d49cb6ca037118097d89e180,"{""distance"":5,""physical_error_rate"":5e-05}","{""detection_events"":4265,""detectors_checked"":28731700}"
    149504,         0,         0,    10.8,decoder_by_matrix,9c6baee88fc81e7d1aa345fcb3feec7ee81f21c5d49cb6ca037118097d89e180,"{""distance"":5,""physical_error_rate"":5e-05}","{""detection_events"":4620,""detectors_checked"":25415680}"
    147504,         0,         0,    10.8,decoder_by_matrix,9c6baee88fc81e7d1aa345fcb3feec7ee81f21c5d49cb6ca037118097d89e180,"{""distance"":5,""physical_error_rate"":5e-05}","{""detection_events"":4350,""detectors_checked"":25075680}"
    145408,         0,         0,    10.9,decoder_by_matrix,9c6baee88fc81e7d1aa345fcb3feec7ee81f21c5d49cb6ca037118097d89e180,"{""distance"":5,""physical_error_rate"":5e-05}","{""detection_events"":3860,""detectors_checked"":24719360}"
    147456,         0,         0,    10.8,decoder_by_matrix,9c6baee88fc81e7d1aa345fcb3feec7ee81f21c5d49cb6ca037118097d89e180,"{""distance"":5,""physical_error_rate"":5e-05}","{""detection_events"":3960,""detectors_checked"":25067520}"
    146432,         0,         0,    10.8,decoder_by_matrix,9c6baee88fc81e7d1aa345fcb3feec7ee81f21c5d49cb6ca037118097d89e180,"{""distance"":5,""physical_error_rate"":5e-05}","{""detection_events"":3840,""detectors_checked"":24893440}"
    136192,         0,         0,    6.20,decoder_by_matrix,9c6baee88fc81e7d1aa345fcb3feec7ee81f21c5d49cb6ca037118097d89e180,"{""distance"":5,""physical_error_rate"":5e-05}","{""detection_events"":3775,""detectors_checked"":23152640}"
    145408,         0,         0,    10.9,decoder_by_matrix,9c6baee88fc81e7d1aa345fcb3feec7ee81f21c5d49cb6ca037118097d89e180,"{""distance"":5,""physical_error_rate"":5e-05}","{""detection_events"":3905,""detectors_checked"":24719360}"
    146432,         0,         0,    10.9,decoder_by_matrix,9c6baee88fc81e7d1aa345fcb3feec7ee81f21c5d49cb6ca037118097d89e180,"{""distance"":5,""physical_error_rate"":5e-05}","{""detection_events"":4345,""detectors_checked"":24893440}"
        48,         0,         0,   0.061,decoder_by_matrix,9c6baee88fc81e7d1aa345fcb3feec7ee81f21c5d49cb6ca037118097d89e180,"{""distance"":5,""physical_error_rate"":5e-05}","{""detectors_checked"":8160}"
     43008,         0,         0,    3.04,decoder_by_matrix,9c6baee88fc81e7d1aa345fcb3feec7ee81f21c5d49cb6ca037118097d89e180,"{""distance"":5,""physical_error_rate"":5e-05}","{""detection_events"":960,""detectors_checked"":7311360}"
     40960,         0,         0,    3.05,decoder_by_matrix,b84cf4b8ca220d31f17e1e2ea9ab927bbc4176b15682c650e7d1dd8f2758172b,"{""distance"":5,""physical_error_rate"":0.0005}","{""detection_events"":11865,""detectors_checked"":6963200}"
     67584,         0,         0,    3.06,decoder_by_matrix,9c6baee88fc81e7d1aa345fcb3feec7ee81f21c5d49cb6ca037118097d89e180,"{""distance"":5,""physical_error_rate"":5e-05}","{""detection_events"":2515,""detectors_checked"":11489280}"
     39936,         0,         0,    3.03,decoder_by_matrix,9c6baee88fc81e7d1aa345fcb3feec7ee81f21c5d49cb6ca037118097d89e180,"{""distance"":5,""physical_error_rate"":5e-05}","{""detection_events"":1035,""detectors_checked"":6789120}"
     36864,         0,         0,    3.05,decoder_by_matrix,b84cf4b8ca220d31f17e1e2ea9ab927bbc4176b15682c650e7d1dd8f2758172b,"{""distance"":5,""physical_error_rate"":0.0005}","{""detection_events"":10755,""detectors_checked"":6266880}"
     41984,         0,         0,    3.11,decoder_by_matrix,b84cf4b8ca220d31f17e1e2ea9ab927bbc4176b15682c650e7d1dd8f2758172b,"{""distance"":5,""physical_error_rate"":0.0005}","{""detection_events"":11365,""detectors_checked"":7137280}"
     40960,         0,         0,    3.02,decoder_by_matrix,9c6baee88fc81e7d1aa345fcb3feec7ee81f21c5d49cb6ca037118097d89e180,"{""distance"":5,""physical_error_rate"":5e-05}","{""detection_events"":1245,""detectors_checked"":6963200}"
     38912,         1,         0,    3.05,decoder_by_matrix,b84cf4b8ca220d31f17e1e2ea9ab927bbc4176b15682c650e7d1dd8f2758172b,"{""distance"":5,""physical_error_rate"":0.0005}","{""detection_events"":11110,""detectors_checked"":6615040,""obs_mistake_mask=E__E"":1}"
     40960,         1,         0,    3.05,decoder_by_matrix,b84cf4b8ca220d31f17e1e2ea9ab927bbc4176b15682c650e7d1dd8f2758172b,"{""distance"":5,""physical_error_rate"":0.0005}","{""detection_events"":12120,""detectors_checked"":6963200,""obs_mistake_mask=_E__"":1}"
     39936,         0,         0,    3.06,decoder_by_matrix,b84cf4b8ca220d31f17e1e2ea9ab927bbc4176b15682c650e7d1dd8f2758172b,"{""distance"":5,""physical_error_rate"":0.0005}","{""detection_events"":11325,""detectors_checked"":6789120}"
     41984,         0,         0,    3.06,decoder_by_matrix,9c6baee88fc81e7d1aa345fcb3feec7ee81f21c5d49cb6ca037118097d89e180,"{""distance"":5,""physical_error_rate"":5e-05}","{""detection_events"":1195,""detectors_checked"":7137280}"
     43008,         0,         0,    3.05,decoder_by_matrix,9c6baee88fc81e7d1aa345fcb3feec7ee81f21c5d49cb6ca037118097d89e180,"{""distance"":5,""physical_error_rate"":5e-05}","{""detection_events"":1160,""detectors_checked"":7311360}"
     40960,         0,         0,    3.04,decoder_by_matrix,b84cf4b8ca220d31f17e1e2ea9ab927bbc4176b15682c650e7d1dd8f2758172b,"{""distance"":5,""physical_error_rate"":0.0005}","{""detection_events"":11330,""detectors_checked"":6963200}"
     40960,         0,         0,    3.08,decoder_by_matrix,b84cf4b8ca220d31f17e1e2ea9ab927bbc4176b15682c650e7d1dd8f2758172b,"{""distance"":5,""physical_error_rate"":0.0005}","{""detection_events"":11380,""detectors_checked"":6963200}"
     40960,         0,         0,    3.08,decoder_by_matrix,9c6baee88fc81e7d1aa345fcb3feec7ee81f21c5d49cb6ca037118097d89e180,"{""distance"":5,""physical_error_rate"":5e-05}","{""detection_events"":1120,""detectors_checked"":6963200}"
     23687,         0,         0,    1.05,decoder_by_matrix,9c6baee88fc81e7d1aa345fcb3feec7ee81f21c5d49cb6ca037118097d89e180,"{""distance"":5,""physical_error_rate"":5e-05}","{""detection_events"":575,""detectors_checked"":4026790}"
    101376,         0,         0,    7.22,decoder_by_matrix,9c6baee88fc81e7d1aa345fcb3feec7ee81f21c5d49cb6ca037118097d89e180,"{""distance"":5,""physical_error_rate"":5e-05}","{""detection_events"":2900,""detectors_checked"":17233920}"
     97280,         0,         0,    7.20,decoder_by_matrix,9c6baee88fc81e7d1aa345fcb3feec7ee81f21c5d49cb6ca037118097d89e180,"{""distance"":5,""physical_error_rate"":5e-05}","{""detection_events"":3095,""detectors_checked"":16537600}"
     90112,         0,         0,    1.38,decoder_by_matrix,9c6baee88fc81e7d1aa345fcb3feec7ee81f21c5d49cb6ca037118097d89e180,"{""distance"":5,""physical_error_rate"":5e-05}","{""detection_events"":2265,""detectors_checked"":15319040}"
     90112,         0,         0,    6.63,decoder_by_matrix,9c6baee88fc81e7d1aa345fcb3feec7ee81f21c5d49cb6ca037118097d89e180,"{""distance"":5,""physical_error_rate"":5e-05}","{""detection_events"":2545,""detectors_checked"":15319040}"
    100352,         0,         0,    7.26,decoder_by_matrix,9c6baee88fc81e7d1aa345fcb3feec7ee81f21c5d49cb6ca037118097d89e180,"{""distance"":5,""physical_error_rate"":5e-05}","{""detection_events"":2915,""detectors_checked"":17059840}"
     98304,         0,         0,    7.28,decoder_by_matrix,9c6baee88fc81e7d1aa345fcb3feec7ee81f21c5d49cb6ca037118097d89e180,"{""distance"":5,""physical_error_rate"":5e-05}","{""detection_events"":3040,""detectors_checked"":16711680}"
     45017,         0,         0,   0.973,decoder_by_matrix,9c6baee88fc81e7d1aa345fcb3feec7ee81f21c5d49cb6ca037118097d89e180,"{""distance"":5,""physical_error_rate"":5e-05}","{""detection_events"":1040,""detectors_checked"":7652890}"
     58835,         0,         0,    2.89,decoder_by_matrix,9c6baee88fc81e7d1aa345fcb3feec7ee81f21c5d49cb6ca037118097d89e180,"{""distance"":5,""physical_error_rate"":5e-05}","{""detection_events"":1295,""detectors_checked"":10001950}"
     56383,         0,         0,    2.43,decoder_by_matrix,9c6baee88fc81e7d1aa345fcb3feec7ee81f21c5d49cb6ca037118097d89e180,"{""distance"":5,""physical_error_rate"":5e-05}","{""detection_events"":1685,""detectors_checked"":9585110}"
     54034,         0,         0,    1.12,decoder_by_matrix,9c6baee88fc81e7d1aa345fcb3feec7ee81f21c5d49cb6ca037118097d89e180,"{""distance"":5,""physical_error_rate"":5e-05}","{""detection_events"":1750,""detectors_checked"":9185780}"
     51782,         0,         0,    2.39,decoder_by_matrix,9c6baee88fc81e7d1aa345fcb3feec7ee81f21c5d49cb6ca037118097d89e180,"{""distance"":5,""physical_error_rate"":5e-05}","{""detection_events"":1380,""detectors_checked"":8802940}"
     49625,         0,         0,    3.62,decoder_by_matrix,9c6baee88fc81e7d1aa345fcb3feec7ee81f21c5d49cb6ca037118097d89e180,"{""distance"":5,""physical_error_rate"":5e-05}","{""detection_events"":1390,""detectors_checked"":8436250}"
     48128,         0,         0,    3.59,decoder_by_matrix,9c6baee88fc81e7d1aa345fcb3feec7ee81f21c5d49cb6ca037118097d89e180,"{""distance"":5,""physical_error_rate"":5e-05}","{""detection_events"":1215,""detectors_checked"":8181760}"
     48128,         0,         0,    3.65,decoder_by_matrix,9c6baee88fc81e7d1aa345fcb3feec7ee81f21c5d49cb6ca037118097d89e180,"{""distance"":5,""physical_error_rate"":5e-05}","{""detection_events"":1695,""detectors_checked"":8181760}"
     48128,         0,         0,    3.72,decoder_by_matrix,9c6baee88fc81e7d1aa345fcb3feec7ee81f21c5d49cb6ca037118097d89e180,"{""distance"":5,""physical_error_rate"":5e-05}","{""detection_events"":1470,""detectors_checked"":8181760}"
     48128,         0,         0,    3.58,decoder_by_matrix,9c6baee88fc81e7d1aa345fcb3feec7ee81f21c5d49cb6ca037118097d89e180,"{""distance"":5,""physical_error_rate"":5e-05}","{""detection_events"":1500,""detectors_checked"":8181760}"
     48128,         0,         0,    3.60,decoder_by_matrix,9c6baee88fc81e7d1aa345fcb3feec7ee81f21c5d49cb6ca037118097d89e180,"{""distance"":5,""physical_error_rate"":5e-05}","{""detection_events"":1685,""detectors_checked"":8181760}"
     47557,         0,         0,    3.99,decoder_by_matrix,9c6baee88fc81e7d1aa345fcb3feec7ee81f21c5d49cb6ca037118097d89e180,"{""distance"":5,""physical_error_rate"":5e-05}","{""detection_events"":1105,""detectors_checked"":8084690}"
     45056,         0,         0,    3.36,decoder_by_matrix,9c6baee88fc81e7d1aa345fcb3feec7ee81f21c5d49cb6ca037118097d89e180,"{""distance"":5,""physical_error_rate"":5e-05}","{""detection_events"":1510,""detectors_checked"":7659520}"
     46080,         0,         0,    3.86,decoder_by_matrix,9c6baee88fc81e7d1aa345fcb3feec7ee81f21c5d49cb6ca037118097d89e180,"{""distance"":5,""physical_error_rate"":5e-05}","{""detection_events"":1145,""detectors_checked"":7833600}"
     46080,         0,         0,    3.50,decoder_by_matrix,9c6baee88fc81e7d1aa345fcb3feec7ee81f21c5d49cb6ca037118097d89e180,"{""distance"":5,""physical_error_rate"":5e-05}","{""detection_events"":1250,""detectors_checked"":7833600}"
     35549,         0,         0,   0.560,decoder_by_matrix,9c6baee88fc81e7d1aa345fcb3feec7ee81f21c5d49cb6ca037118097d89e180,"{""distance"":5,""physical_error_rate"":5e-05}","{""detection_events"":1115,""detectors_checked"":6043330}"
     35840,         0,         0,    2.66,decoder_by_matrix,9c6baee88fc81e7d1aa345fcb3feec7ee81f21c5d49cb6ca037118097d89e180,"{""distance"":5,""physical_error_rate"":5e-05}","{""detection_events"":1060,""detectors_checked"":6092800}"
     44032,         0,         0,    3.36,decoder_by_matrix,9c6baee88fc81e7d1aa345fcb3feec7ee81f21c5d49cb6ca037118097d89e180,"{""distance"":5,""physical_error_rate"":5e-05}","{""detection_events"":1420,""detectors_checked"":7485440}"
     41984,         0,         0,    3.19,decoder_by_matrix,9c6baee88fc81e7d1aa345fcb3feec7ee81f21c5d49cb6ca037118097d89e180,"{""distance"":5,""physical_error_rate"":5e-05}","{""detection_events"":1265,""detectors_checked"":7137280}"
     37888,         0,         0,    2.67,decoder_by_matrix,9c6baee88fc81e7d1aa345fcb3feec7ee81f21c5d49cb6ca037118097d89e180,"{""distance"":5,""physical_error_rate"":5e-05}","{""detection_events"":1085,""detectors_checked"":6440960}"
     39936,         0,         0,    3.29,decoder_by_matrix,9c6baee88fc81e7d1aa345fcb3feec7ee81f21c5d49cb6ca037118097d89e180,"{""distance"":5,""physical_error_rate"":5e-05}","{""detection_events"":960,""detectors_checked"":6789120}"
     35840,         0,         0,    2.70,decoder_by_matrix,9c6baee88fc81e7d1aa345fcb3feec7ee81f21c5d49cb6ca037118097d89e180,"{""distance"":5,""physical_error_rate"":5e-05}","{""detection_events"":985,""detectors_checked"":6092800}"
     41984,         0,         0,    3.26,decoder_by_matrix,9c6baee88fc81e7d1aa345fcb3feec7ee81f21c5d49cb6ca037118097d89e180,"{""distance"":5,""physical_error_rate"":5e-05}","{""detection_events"":1500,""detectors_checked"":7137280}"
     47104,         0,         0,    3.79,decoder_by_matrix,9c6baee88fc81e7d1aa345fcb3feec7ee81f21c5d49cb6ca037118097d89e180,"{""distance"":5,""physical_error_rate"":5e-05}","{""detection_events"":1545,""detectors_checked"":8007680}"
     28350,         0,         0,    1.16,decoder_by_matrix,9c6baee88fc81e7d1aa345fcb3feec7ee81f21c5d49cb6ca037118097d89e180,"{""distance"":5,""physical_error_rate"":5e-05}","{""detection_events"":920,""detectors_checked"":4819500}"
     35549,         0,         0,    2.75,decoder_by_matrix,9c6baee88fc81e7d1aa345fcb3feec7ee81f21c5d49cb6ca037118097d89e180,"{""distance"":5,""physical_error_rate"":5e-05}","{""detection_events"":1265,""detectors_checked"":6043330}"
     35549,         0,         0,    2.71,decoder_by_matrix,9c6baee88fc81e7d1aa345fcb3feec7ee81f21c5d49cb6ca037118097d89e180,"{""distance"":5,""physical_error_rate"":5e-05}","{""detection_events"":875,""detectors_checked"":6043330}"
     14336,         0,         0,    1.08,decoder_by_matrix,9c6baee88fc81e7d1aa345fcb3feec7ee81f21c5d49cb6ca037118097d89e180,"{""distance"":5,""physical_error_rate"":5e-05}","{""detection_events"":345,""detectors_checked"":2437120}"
     10681,         0,         0,   0.129,decoder_by_matrix,9c6baee88fc81e7d1aa345fcb3feec7ee81f21c5d49cb6ca037118097d89e180,"{""distance"":5,""physical_error_rate"":5e-05}","{""detection_events"":290,""detectors_checked"":1815770}"
       890,         0,         0,   0.012,decoder_by_matrix,9c6baee88fc81e7d1aa345fcb3feec7ee81f21c5d49cb6ca037118097d89e180,"{""distance"":5,""physical_error_rate"":5e-05}","{""detection_events"":25,""detectors_checked"":151300}"
      9639,         0,         0,   0.528,decoder_by_matrix,9c6baee88fc81e7d1aa345fcb3feec7ee81f21c5d49cb6ca037118097d89e180,"{""distance"":5,""physical_error_rate"":5e-05}","{""detection_events"":210,""detectors_checked"":1638630}"
      9200,         0,         0,   0.218,decoder_by_matrix,9c6baee88fc81e7d1aa345fcb3feec7ee81f21c5d49cb6ca037118097d89e180,"{""distance"":5,""physical_error_rate"":5e-05}","{""detection_events"":210,""detectors_checked"":1564000}"
      9200,         0,         0,   0.368,decoder_by_matrix,9c6baee88fc81e7d1aa345fcb3feec7ee81f21c5d49cb6ca037118097d89e180,"{""distance"":5,""physical_error_rate"":5e-05}","{""detection_events"":315,""detectors_checked"":1564000}"
      9200,         0,         0,   0.350,decoder_by_matrix,9c6baee88fc81e7d1aa345fcb3feec7ee81f21c5d49cb6ca037118097d89e180,"{""distance"":5,""physical_error_rate"":5e-05}","{""detection_events"":230,""detectors_checked"":1564000}"
      9200,         0,         0,   0.617,decoder_by_matrix,9c6baee88fc81e7d1aa345fcb3feec7ee81f21c5d49cb6ca037118097d89e180,"{""distance"":5,""physical_error_rate"":5e-05}","{""detection_events"":285,""detectors_checked"":1564000}"
       383,         0,         0,   0.015,decoder_by_matrix,9c6baee88fc81e7d1aa345fcb3feec7ee81f21c5d49cb6ca037118097d89e180,"{""distance"":5,""physical_error_rate"":5e-05}","{""detectors_checked"":65110}"
       383,         0,         0,   0.011,decoder_by_matrix,9c6baee88fc81e7d1aa345fcb3feec7ee81f21c5d49cb6ca037118097d89e180,"{""distance"":5,""physical_error_rate"":5e-05}","{""detectors_checked"":65110}"
       383,         0,         0,   0.011,decoder_by_matrix,9c6baee88fc81e7d1aa345fcb3feec7ee81f21c5d49cb6ca037118097d89e180,"{""distance"":5,""physical_error_rate"":5e-05}","{""detection_events"":10,""detectors_checked"":65110}"
       383,         0,         0,   0.016,decoder_by_matrix,9c6baee88fc81e7d1aa345fcb3feec7ee81f21c5d49cb6ca037118097d89e180,"{""distance"":5,""physical_error_rate"":5e-05}","{""detectors_checked"":65110}"
       383,         0,         0,   0.038,decoder_by_matrix,9c6baee88fc81e7d1aa345fcb3feec7ee81f21c5d49cb6ca037118097d89e180,"{""distance"":5,""physical_error_rate"":5e-05}","{""detection_events"":10,""detectors_checked"":65110}"
      8817,         0,         0,   0.641,decoder_by_matrix,9c6baee88fc81e7d1aa345fcb3feec7ee81f21c5d49cb6ca037118097d89e180,"{""distance"":5,""physical_error_rate"":5e-05}","{""detection_events"":185,""detectors_checked"":1498890}"
       766,         0,         0,   0.011,decoder_by_matrix,9c6baee88fc81e7d1aa345fcb3feec7ee81f21c5d49cb6ca037118097d89e180,"{""distance"":5,""physical_error_rate"":5e-05}","{""detection_events"":80,""detectors_checked"":130220}"
       383,         0,         0,   0.011,decoder_by_matrix,9c6baee88fc81e7d1aa345fcb3feec7ee81f21c5d49cb6ca037118097d89e180,"{""distance"":5,""physical_error_rate"":5e-05}","{""detection_events"":30,""detectors_checked"":65110}"
       383,         0,         0,   0.058,decoder_by_matrix,9c6baee88fc81e7d1aa345fcb3feec7ee81f21c5d49cb6ca037118097d89e180,"{""distance"":5,""physical_error_rate"":5e-05}","{""detectors_checked"":65110}"
       379,         0,         0,   0.011,decoder_by_matrix,9c6baee88fc81e7d1aa345fcb3feec7ee81f21c5d49cb6ca037118097d89e180,"{""distance"":5,""physical_error_rate"":5e-05}","{""detectors_checked"":64430}"
      8817,         0,         0,   0.680,decoder_by_matrix,9c6baee88fc81e7d1aa345fcb3feec7ee81f21c5d49cb6ca037118097d89e180,"{""distance"":5,""physical_error_rate"":5e-05}","{""detection_events"":235,""detectors_checked"":1498890}"
      8192,         0,         0,   0.574,decoder_by_matrix,9c6baee88fc81e7d1aa345fcb3feec7ee81f21c5d49cb6ca037118097d89e180,"{""distance"":5,""physical_error_rate"":5e-05}","{""detection_events"":170,""detectors_checked"":1392640}"
      1182,         0,         0,   0.022,decoder_by_matrix,9c6baee88fc81e7d1aa345fcb3feec7ee81f21c5d49cb6ca037118097d89e180,"{""distance"":5,""physical_error_rate"":5e-05}","{""detection_events"":55,""detectors_checked"":200940}"
      8817,         0,         0,   0.686,decoder_by_matrix,9c6baee88fc81e7d1aa345fcb3feec7ee81f21c5d49cb6ca037118097d89e180,"{""distance"":5,""physical_error_rate"":5e-05}","{""detection_events"":190,""detectors_checked"":1498890}"
      7168,         0,         0,   0.284,decoder_by_matrix,9c6baee88fc81e7d1aa345fcb3feec7ee81f21c5d49cb6ca037118097d89e180,"{""distance"":5,""physical_error_rate"":5e-05}","{""detection_events"":190,""detectors_checked"":1218560}"
       766,         0,         0,   0.094,decoder_by_matrix,9c6baee88fc81e7d1aa345fcb3feec7ee81f21c5d49cb6ca037118097d89e180,"{""distance"":5,""physical_error_rate"":5e-05}","{""detection_events"":5,""detectors_checked"":130220}"
      8192,         0,         0,   0.579,decoder_by_matrix,9c6baee88fc81e7d1aa345fcb3feec7ee81f21c5d49cb6ca037118097d89e180,"{""distance"":5,""physical_error_rate"":5e-05}","{""detection_events"":320,""detectors_checked"":1392640}"
      1597,         0,         0,   0.022,decoder_by_matrix,9c6baee88fc81e7d1aa345fcb3feec7ee81f21c5d49cb6ca037118097d89e180,"{""distance"":5,""physical_error_rate"":5e-05}","{""detection_events"":30,""detectors_checked"":271490}"
      1532,         0,         0,   0.078,decoder_by_matrix,9c6baee88fc81e7d1aa345fcb3feec7ee81f21c5d49cb6ca037118097d89e180,"{""distance"":5,""physical_error_rate"":5e-05}","{""detection_events"":45,""detectors_checked"":260440}"
      8817,         0,         0,   0.691,decoder_by_matrix,9c6baee88fc81e7d1aa345fcb3feec7ee81f21c5d49cb6ca037118097d89e180,"{""distance"":5,""physical_error_rate"":5e-05}","{""detection_events"":140,""detectors_checked"":1498890}"
       766,         0,         0,   0.080,decoder_by_matrix,9c6baee88fc81e7d1aa345fcb3feec7ee81f21c5d49cb6ca037118097d89e180,"{""distance"":5,""physical_error_rate"":5e-05}","{""detection_events"":35,""detectors_checked"":130220}"
       625,         0,         0,   0.042,decoder_by_matrix,9c6baee88fc81e7d1aa345fcb3feec7ee81f21c5d49cb6ca037118097d89e180,"{""distance"":5,""physical_error_rate"":5e-05}","{""detectors_checked"":106250}"
      7220,         0,         0,   0.564,decoder_by_matrix,9c6baee88fc81e7d1aa345fcb3feec7ee81f21c5d49cb6ca037118097d89e180,"{""distance"":5,""physical_error_rate"":5e-05}","{""detection_events"":175,""detectors_checked"":1227400}"
      1214,         0,         0,   0.025,decoder_by_matrix,9c6baee88fc81e7d1aa345fcb3feec7ee81f21c5d49cb6ca037118097d89e180,"{""distance"":5,""physical_error_rate"":5e-05}","{""detection_events"":35,""detectors_checked"":206380}"
        52,         0,         0,   0.047,decoder_by_matrix,9c6baee88fc81e7d1aa345fcb3feec7ee81f21c5d49cb6ca037118097d89e180,"{""distance"":5,""physical_error_rate"":5e-05}","{""detectors_checked"":8840}"
      7168,         0,         0,   0.508,decoder_by_matrix,9c6baee88fc81e7d1aa345fcb3feec7ee81f21c5d49cb6ca037118097d89e180,"{""distance"":5,""physical_error_rate"":5e-05}","{""detection_events"":315,""detectors_checked"":1218560}"
      7220,         0,         0,   0.574,decoder_by_matrix,9c6baee88fc81e7d1aa345fcb3feec7ee81f21c5d49cb6ca037118097d89e180,"{""distance"":5,""physical_error_rate"":5e-05}","{""detection_events"":190,""detectors_checked"":1227400}"
      7220,         0,         0,   0.582,decoder_by_matrix,9c6baee88fc81e7d1aa345fcb3feec7ee81f21c5d49cb6ca037118097d89e180,"{""distance"":5,""physical_error_rate"":5e-05}","{""detection_events"":235,""detectors_checked"":1227400}"
      7220,         0,         0,   0.599,decoder_by_matrix,9c6baee88fc81e7d1aa345fcb3feec7ee81f21c5d49cb6ca037118097d89e180,"{""distance"":5,""physical_error_rate"":5e-05}","{""detection_events"":105,""detectors_checked"":1227400}"
      7220,         0,         0,   0.587,decoder_by_matrix,9c6baee88fc81e7d1aa345fcb3feec7ee81f21c5d49cb6ca037118097d89e180,"{""distance"":5,""physical_error_rate"":5e-05}","{""detection_events"":200,""detectors_checked"":1227400}"
      8817,         0,         0,   0.779,decoder_by_matrix,9c6baee88fc81e7d1aa345fcb3feec7ee81f21c5d49cb6ca037118097d89e180,"{""distance"":5,""physical_error_rate"":5e-05}","{""detection_events"":170,""detectors_checked"":1498890}"
       625,         0,         0,   0.058,decoder_by_matrix,9c6baee88fc81e7d1aa345fcb3feec7ee81f21c5d49cb6ca037118097d89e180,"{""distance"":5,""physical_error_rate"":5e-05}","{""detectors_checked"":106250}"
      7220,         0,         0,   0.600,decoder_by_matrix,9c6baee88fc81e7d1aa345fcb3feec7ee81f21c5d49cb6ca037118097d89e180,"{""distance"":5,""physical_error_rate"":5e-05}","{""detection_events"":105,""detectors_checked"":1227400}"
      7168,         0,         0,   0.538,decoder_by_matrix,9c6baee88fc81e7d1aa345fcb3feec7ee81f21c5d49cb6ca037118097d89e180,"{""distance"":5,""physical_error_rate"":5e-05}","{""detection_events"":205,""detectors_checked"":1218560}"
      7220,         0,         0,   0.626,decoder_by_matrix,9c6baee88fc81e7d1aa345fcb3feec7ee81f21c5d49cb6ca037118097d89e180,"{""distance"":5,""physical_error_rate"":5e-05}","{""detection_events"":280,""detectors_checked"":1227400}"
      7168,         0,         0,   0.677,decoder_by_matrix,9c6baee88fc81e7d1aa345fcb3feec7ee81f21c5d49cb6ca037118097d89e180,"{""distance"":5,""physical_error_rate"":5e-05}","{""detection_events"":170,""detectors_checked"":1218560}"
      1597,         0,         0,   0.076,decoder_by_matrix,9c6baee88fc81e7d1aa345fcb3feec7ee81f21c5d49cb6ca037118097d89e180,"{""distance"":5,""physical_error_rate"":5e-05}","{""detection_events"":50,""detectors_checked"":271490}"
      7168,         0,         0,   0.553,decoder_by_matrix,9c6baee88fc81e7d1aa345fcb3feec7ee81f21c5d49cb6ca037118097d89e180,"{""distance"":5,""physical_error_rate"":5e-05}","{""detection_events"":160,""detectors_checked"":1218560}"
      6773,         0,         0,   0.624,decoder_by_matrix,9c6baee88fc81e7d1aa345fcb3feec7ee81f21c5d49cb6ca037118097d89e180,"{""distance"":5,""physical_error_rate"":5e-05}","{""detection_events"":345,""detectors_checked"":1151410}"
      1597,         0,         0,   0.081,decoder_by_matrix,9c6baee88fc81e7d1aa345fcb3feec7ee81f21c5d49cb6ca037118097d89e180,"{""distance"":5,""physical_error_rate"":5e-05}","{""detection_events"":10,""detectors_checked"":271490}"
      3072,         0,         0,   0.158,decoder_by_matrix,9c6baee88fc81e7d1aa345fcb3feec7ee81f21c5d49cb6ca037118097d89e180,"{""distance"":5,""physical_error_rate"":5e-05}","{""detection_events"":40,""detectors_checked"":522240}"
      1597,         0,         0,   0.076,decoder_by_matrix,9c6baee88fc81e7d1aa345fcb3feec7ee81f21c5d49cb6ca037118097d89e180,"{""distance"":5,""physical_error_rate"":5e-05}","{""detection_events"":85,""detectors_checked"":271490}"
       467,         0,         0,   0.070,decoder_by_matrix,9c6baee88fc81e7d1aa345fcb3feec7ee81f21c5d49cb6ca037118097d89e180,"{""distance"":5,""physical_error_rate"":5e-05}","{""detection_events"":55,""detectors_checked"":79390}"
      2048,         0,         0,   0.130,decoder_by_matrix,9c6baee88fc81e7d1aa345fcb3feec7ee81f21c5d49cb6ca037118097d89e180,"{""distance"":5,""physical_error_rate"":5e-05}","{""detection_events"":5,""detectors_checked"":348160}"
       483,         0,         0,   0.037,decoder_by_matrix,9c6baee88fc81e7d1aa345fcb3feec7ee81f21c5d49cb6ca037118097d89e180,"{""distance"":5,""physical_error_rate"":5e-05}","{""detection_events"":5,""detectors_checked"":82110}"
      2048,         0,         0,   0.086,decoder_by_matrix,9c6baee88fc81e7d1aa345fcb3feec7ee81f21c5d49cb6ca037118097d89e180,"{""distance"":5,""physical_error_rate"":5e-05}","{""detection_events"":20,""detectors_checked"":348160}"
      1597,         0,         0,   0.145,decoder_by_matrix,9c6baee88fc81e7d1aa345fcb3feec7ee81f21c5d49cb6ca037118097d89e180,"{""distance"":5,""physical_error_rate"":5e-05}","{""detection_events"":10,""detectors_checked"":271490}"
       122,         0,         0,   0.037,decoder_by_matrix,9c6baee88fc81e7d1aa345fcb3feec7ee81f21c5d49cb6ca037118097d89e180,"{""distance"":5,""physical_error_rate"":5e-05}","{""detectors_checked"":20740}"
        52,         0,         0,   0.060,decoder_by_matrix,9c6baee88fc81e7d1aa345fcb3feec7ee81f21c5d49cb6ca037118097d89e180,"{""distance"":5,""physical_error_rate"":5e-05}","{""detectors_checked"":8840}"
       214,         0,         0,   0.064,decoder_by_matrix,9c6baee88fc81e7d1aa345fcb3feec7ee81f21c5d49cb6ca037118097d89e180,"{""distance"":5,""physical_error_rate"":5e-05}","{""detectors_checked"":36380}"
        52,         0,         0,   0.062,decoder_by_matrix,9c6baee88fc81e7d1aa345fcb3feec7ee81f21c5d49cb6ca037118097d89e180,"{""distance"":5,""physical_error_rate"":5e-05}","{""detectors_checked"":8840}"
       189,         0,         0,   0.055,decoder_by_matrix,9c6baee88fc81e7d1aa345fcb3feec7ee81f21c5d49cb6ca037118097d89e180,"{""distance"":5,""physical_error_rate"":5e-05}","{""detection_events"":5,""detectors_checked"":32130}"
       126,         0,         0,   0.058,decoder_by_matrix,9c6baee88fc81e7d1aa345fcb3feec7ee81f21c5d49cb6ca037118097d89e180,"{""distance"":5,""physical_error_rate"":5e-05}","{""detectors_checked"":21420}"
        66,         0,         0,   0.038,decoder_by_matrix,9c6baee88fc81e7d1aa345fcb3feec7ee81f21c5d49cb6ca037118097d89e180,"{""distance"":5,""physical_error_rate"":5e-05}","{""detectors_checked"":11220}"
         4,         0,         0,   0.047,decoder_by_matrix,9c6baee88fc81e7d1aa345fcb3feec7ee81f21c5d49cb6ca037118097d89e180,"{""distance"":5,""physical_error_rate"":5e-05}","{""detectors_checked"":680}"
       105,         0,         0,   0.063,decoder_by_matrix,9c6baee88fc81e7d1aa345fcb3feec7ee81f21c5d49cb6ca037118097d89e180,"{""distance"":5,""physical_error_rate"":5e-05}","{""detection_events"":10,""detectors_checked"":17850}"
      1939,         0,         0,   0.148,decoder_by_matrix,9c6baee88fc81e7d1aa345fcb3feec7ee81f21c5d49cb6ca037118097d89e180,"{""distance"":5,""physical_error_rate"":5e-05}","{""detection_events"":35,""detectors_checked"":329630}"
     57344,         0,         0,    4.27,decoder_by_matrix,b84cf4b8ca220d31f17e1e2ea9ab927bbc4176b15682c650e7d1dd8f2758172b,"{""distance"":5,""physical_error_rate"":0.0005}","{""detection_events"":16025,""detectors_checked"":9748480}"
       154,         0,         0,   0.061,decoder_by_matrix,9c6baee88fc81e7d1aa345fcb3feec7ee81f21c5d49cb6ca037118097d89e180,"{""distance"":5,""physical_error_rate"":5e-05}","{""detectors_checked"":26180}"
       154,         0,         0,   0.062,decoder_by_matrix,9c6baee88fc81e7d1aa345fcb3feec7ee81f21c5d49cb6ca037118097d89e180,"{""distance"":5,""physical_error_rate"":5e-05}","{""detectors_checked"":26180}"
        66,         0,         0,   0.063,decoder_by_matrix,9c6baee88fc81e7d1aa345fcb3feec7ee81f21c5d49cb6ca037118097d89e180,"{""distance"":5,""physical_error_rate"":5e-05}","{""detectors_checked"":11220}"
       154,         0,         0,   0.072,decoder_by_matrix,9c6baee88fc81e7d1aa345fcb3feec7ee81f21c5d49cb6ca037118097d89e180,"{""distance"":5,""physical_error_rate"":5e-05}","{""detectors_checked"":26180}"
       220,         0,         0,   0.079,decoder_by_matrix,9c6baee88fc81e7d1aa345fcb3feec7ee81f21c5d49cb6ca037118097d89e180,"{""distance"":5,""physical_error_rate"":5e-05}","{""detectors_checked"":37400}"
        66,         0,         0,   0.060,decoder_by_matrix,9c6baee88fc81e7d1aa345fcb3feec7ee81f21c5d49cb6ca037118097d89e180,"{""distance"":5,""physical_error_rate"":5e-05}","{""detectors_checked"":11220}"
    713728,         0,         0,    56.5,decoder_by_matrix,b84cf4b8ca220d31f17e1e2ea9ab927bbc4176b15682c650e7d1dd8f2758172b,"{""distance"":5,""physical_error_rate"":0.0005}","{""detection_events"":202830,""detectors_checked"":121333760}"
    698368,         0,         0,    56.7,decoder_by_matrix,b84cf4b8ca220d31f17e1e2ea9ab927bbc4176b15682c650e7d1dd8f2758172b,"{""distance"":5,""physical_error_rate"":0.0005}","{""detection_events"":202675,""detectors_checked"":118722560}"
    914432,         0,         0,    69.6,decoder_by_matrix,b84cf4b8ca220d31f17e1e2ea9ab927bbc4176b15682c650e7d1dd8f2758172b,"{""distance"":5,""physical_error_rate"":0.0005}","{""detection_events"":256515,""detectors_checked"":155453440}"
     58368,         0,         0,    4.25,decoder_by_matrix,b84cf4b8ca220d31f17e1e2ea9ab927bbc4176b15682c650e7d1dd8f2758172b,"{""distance"":5,""physical_error_rate"":0.0005}","{""detection_events"":17310,""detectors_checked"":9922560}"
    897024,         0,         0,    69.2,decoder_by_matrix,b84cf4b8ca220d31f17e1e2ea9ab927bbc4176b15682c650e7d1dd8f2758172b,"{""distance"":5,""physical_error_rate"":0.0005}","{""detection_events"":254165,""detectors_checked"":152494080}"
     95232,         0,         0,    4.27,decoder_by_matrix,b84cf4b8ca220d31f17e1e2ea9ab927bbc4176b15682c650e7d1dd8f2758172b,"{""distance"":5,""physical_error_rate"":0.0005}","{""detection_events"":27860,""detectors_checked"":16189440}"
    711680,         0,         0,    34.2,decoder_by_matrix,b84cf4b8ca220d31f17e1e2ea9ab927bbc4176b15682c650e7d1dd8f2758172b,"{""distance"":5,""physical_error_rate"":0.0005}","{""detection_events"":199800,""detectors_checked"":120985600}"
    965632,         3,         0,    76.9,decoder_by_matrix,b84cf4b8ca220d31f17e1e2ea9ab927bbc4176b15682c650e7d1dd8f2758172b,"{""distance"":5,""physical_error_rate"":0.0005}","{""detection_events"":274255,""detectors_checked"":164157440,""obs_mistake_mask=EE__"":2,""obs_mistake_mask=E_EE"":1}"
         1,         0,         0,   0.034,decoder_by_matrix,b84cf4b8ca220d31f17e1e2ea9ab927bbc4176b15682c650e7d1dd8f2758172b,"{""distance"":5,""physical_error_rate"":0.0005}","{""detectors_checked"":170}"
         1,         0,         0,   0.014,decoder_by_matrix,b84cf4b8ca220d31f17e1e2ea9ab927bbc4176b15682c650e7d1dd8f2758172b,"{""distance"":5,""physical_error_rate"":0.0005}","{""detectors_checked"":170}"
         1,         0,         0,   0.038,decoder_by_matrix,b84cf4b8ca220d31f17e1e2ea9ab927bbc4176b15682c650e7d1dd8f2758172b,"{""distance"":5,""physical_error_rate"":0.0005}","{""detectors_checked"":170}"
         1,         0,         0,   0.038,decoder_by_matrix,b84cf4b8ca220d31f17e1e2ea9ab927bbc4176b15682c650e7d1dd8f2758172b,"{""distance"":5,""physical_error_rate"":0.0005}","{""detectors_checked"":170}"
         1,         0,         0,   0.037,decoder_by_matrix,b84cf4b8ca220d31f17e1e2ea9ab927bbc4176b15682c650e7d1dd8f2758172b,"{""distance"":5,""physical_error_rate"":0.0005}","{""detectors_checked"":170}"
     58368,         0,         0,    4.26,decoder_by_matrix,b84cf4b8ca220d31f17e1e2ea9ab927bbc4176b15682c650e7d1dd8f2758172b,"{""distance"":5,""physical_error_rate"":0.0005}","{""detection_events"":16260,""detectors_checked"":9922560}"
         1,         0,         0,   0.056,decoder_by_matrix,b84cf4b8ca220d31f17e1e2ea9ab927bbc4176b15682c650e7d1dd8f2758172b,"{""distance"":5,""physical_error_rate"":0.0005}","{""detectors_checked"":170}"
         1,         0,         0,   0.059,decoder_by_matrix,b84cf4b8ca220d31f17e1e2ea9ab927bbc4176b15682c650e7d1dd8f2758172b,"{""distance"":5,""physical_error_rate"":0.0005}","{""detectors_checked"":170}"
         1,         0,         0,   0.060,decoder_by_matrix,b84cf4b8ca220d31f17e1e2ea9ab927bbc4176b15682c650e7d1dd8f2758172b,"{""distance"":5,""physical_error_rate"":0.0005}","{""detectors_checked"":170}"
         1,         0,         0,   0.062,decoder_by_matrix,b84cf4b8ca220d31f17e1e2ea9ab927bbc4176b15682c650e7d1dd8f2758172b,"{""distance"":5,""physical_error_rate"":0.0005}","{""detectors_checked"":170}"
         1,         0,         0,   0.063,decoder_by_matrix,b84cf4b8ca220d31f17e1e2ea9ab927bbc4176b15682c650e7d1dd8f2758172b,"{""distance"":5,""physical_error_rate"":0.0005}","{""detectors_checked"":170}"
         1,         0,         0,   0.062,decoder_by_matrix,b84cf4b8ca220d31f17e1e2ea9ab927bbc4176b15682c650e7d1dd8f2758172b,"{""distance"":5,""physical_error_rate"":0.0005}","{""detectors_checked"":170}"
        16,         0,         0,   0.035,decoder_by_matrix,b84cf4b8ca220d31f17e1e2ea9ab927bbc4176b15682c650e7d1dd8f2758172b,"{""distance"":5,""physical_error_rate"":0.0005}","{""detection_events"":15,""detectors_checked"":2720}"
        16,         0,         0,   0.040,decoder_by_matrix,b84cf4b8ca220d31f17e1e2ea9ab927bbc4176b15682c650e7d1dd8f2758172b,"{""distance"":5,""physical_error_rate"":0.0005}","{""detectors_checked"":2720}"
         8,         0,         0,   0.040,decoder_by_matrix,b84cf4b8ca220d31f17e1e2ea9ab927bbc4176b15682c650e7d1dd8f2758172b,"{""distance"":5,""physical_error_rate"":0.0005}","{""detection_events"":10,""detectors_checked"":1360}"
    801792,         0,         0,    63.4,decoder_by_matrix,b84cf4b8ca220d31f17e1e2ea9ab927bbc4176b15682c650e7d1dd8f2758172b,"{""distance"":5,""physical_error_rate"":0.0005}","{""detection_events"":230275,""detectors_checked"":136304640}"
         8,         0,         0,   0.040,decoder_by_matrix,b84cf4b8ca220d31f17e1e2ea9ab927bbc4176b15682c650e7d1dd8f2758172b,"{""distance"":5,""physical_error_rate"":0.0005}","{""detectors_checked"":1360}"
         1,         0,         0,   0.061,decoder_by_matrix,b84cf4b8ca220d31f17e1e2ea9ab927bbc4176b15682c650e7d1dd8f2758172b,"{""distance"":5,""physical_error_rate"":0.0005}","{""detectors_checked"":170}"
         1,         0,         0,   0.091,decoder_by_matrix,b84cf4b8ca220d31f17e1e2ea9ab927bbc4176b15682c650e7d1dd8f2758172b,"{""distance"":5,""physical_error_rate"":0.0005}","{""detectors_checked"":170}"
         1,         0,         0,   0.068,decoder_by_matrix,b84cf4b8ca220d31f17e1e2ea9ab927bbc4176b15682c650e7d1dd8f2758172b,"{""distance"":5,""physical_error_rate"":0.0005}","{""detectors_checked"":170}"
         1,         0,         0,   0.075,decoder_by_matrix,b84cf4b8ca220d31f17e1e2ea9ab927bbc4176b15682c650e7d1dd8f2758172b,"{""distance"":5,""physical_error_rate"":0.0005}","{""detection_events"":10,""detectors_checked"":170}"
       256,         0,         0,   0.035,decoder_by_matrix,b84cf4b8ca220d31f17e1e2ea9ab927bbc4176b15682c650e7d1dd8f2758172b,"{""distance"":5,""physical_error_rate"":0.0005}","{""detection_events"":30,""detectors_checked"":43520}"
     54272,         0,         0,    4.27,decoder_by_matrix,b84cf4b8ca220d31f17e1e2ea9ab927bbc4176b15682c650e7d1dd8f2758172b,"{""distance"":5,""physical_error_rate"":0.0005}","{""detection_events"":14830,""detectors_checked"":9226240}"
       128,         0,         0,   0.033,decoder_by_matrix,b84cf4b8ca220d31f17e1e2ea9ab927bbc4176b15682c650e7d1dd8f2758172b,"{""distance"":5,""physical_error_rate"":0.0005}","{""detection_events"":70,""detectors_checked"":21760}"
         1,         0,         0,   0.063,decoder_by_matrix,b84cf4b8ca220d31f17e1e2ea9ab927bbc4176b15682c650e7d1dd8f2758172b,"{""distance"":5,""physical_error_rate"":0.0005}","{""detectors_checked"":170}"
         1,         0,         0,   0.063,decoder_by_matrix,b84cf4b8ca220d31f17e1e2ea9ab927bbc4176b15682c650e7d1dd8f2758172b,"{""distance"":5,""physical_error_rate"":0.0005}","{""detectors_checked"":170}"
         1,         0,         0,   0.058,decoder_by_matrix,b84cf4b8ca220d31f17e1e2ea9ab927bbc4176b15682c650e7d1dd8f2758172b,"{""distance"":5,""physical_error_rate"":0.0005}","{""detectors_checked"":170}"
         1,         0,         0,   0.062,decoder_by_matrix,b84cf4b8ca220d31f17e1e2ea9ab927bbc4176b15682c650e7d1dd8f2758172b,"{""distance"":5,""physical_error_rate"":0.0005}","{""detectors_checked"":170}"
     60416,         0,         0,    4.31,decoder_by_matrix,b84cf4b8ca220d31f17e1e2ea9ab927bbc4176b15682c650e7d1dd8f2758172b,"{""distance"":5,""physical_error_rate"":0.0005}","{""detection_events"":17365,""detectors_checked"":10270720}"
         1,         0,         0,   0.071,decoder_by_matrix,b84cf4b8ca220d31f17e1e2ea9ab927bbc4176b15682c650e7d1dd8f2758172b,"{""distance"":5,""physical_error_rate"":0.0005}","{""detectors_checked"":170}"
         8,         0,         0,   0.074,decoder_by_matrix,b84cf4b8ca220d31f17e1e2ea9ab927bbc4176b15682c650e7d1dd8f2758172b,"{""distance"":5,""physical_error_rate"":0.0005}","{""detectors_checked"":1360}"
         8,         0,         0,   0.076,decoder_by_matrix,b84cf4b8ca220d31f17e1e2ea9ab927bbc4176b15682c650e7d1dd8f2758172b,"{""distance"":5,""physical_error_rate"":0.0005}","{""detectors_checked"":1360}"
         8,         0,         0,   0.072,decoder_by_matrix,b84cf4b8ca220d31f17e1e2ea9ab927bbc4176b15682c650e7d1dd8f2758172b,"{""distance"":5,""physical_error_rate"":0.0005}","{""detection_events"":10,""detectors_checked"":1360}"
        64,         0,         0,   0.052,decoder_by_matrix,b84cf4b8ca220d31f17e1e2ea9ab927bbc4176b15682c650e7d1dd8f2758172b,"{""distance"":5,""physical_error_rate"":0.0005}","{""detection_events"":40,""detectors_checked"":10880}"
      1024,         0,         0,   0.039,decoder_by_matrix,b84cf4b8ca220d31f17e1e2ea9ab927bbc4176b15682c650e7d1dd8f2758172b,"{""distance"":5,""physical_error_rate"":0.0005}","{""detection_events"":235,""detectors_checked"":174080}"
      1024,         0,         0,   0.035,decoder_by_matrix,b84cf4b8ca220d31f17e1e2ea9ab927bbc4176b15682c650e7d1dd8f2758172b,"{""distance"":5,""physical_error_rate"":0.0005}","{""detection_events"":195,""detectors_checked"":174080}"
         8,         0,         0,   0.076,decoder_by_matrix,b84cf4b8ca220d31f17e1e2ea9ab927bbc4176b15682c650e7d1dd8f2758172b,"{""distance"":5,""physical_error_rate"":0.0005}","{""detection_events"":20,""detectors_checked"":1360}"
         8,         0,         0,   0.076,decoder_by_matrix,b84cf4b8ca220d31f17e1e2ea9ab927bbc4176b15682c650e7d1dd8f2758172b,"{""distance"":5,""physical_error_rate"":0.0005}","{""detectors_checked"":1360}"
         8,         0,         0,   0.093,decoder_by_matrix,b84cf4b8ca220d31f17e1e2ea9ab927bbc4176b15682c650e7d1dd8f2758172b,"{""distance"":5,""physical_error_rate"":0.0005}","{""detection_events"":40,""detectors_checked"":1360}"
        16,         0,         0,   0.108,decoder_by_matrix,b84cf4b8ca220d31f17e1e2ea9ab927bbc4176b15682c650e7d1dd8f2758172b,"{""distance"":5,""physical_error_rate"":0.0005}","{""detectors_checked"":2720}"
         1,         0,         0,   0.099,decoder_by_matrix,b84cf4b8ca220d31f17e1e2ea9ab927bbc4176b15682c650e7d1dd8f2758172b,"{""distance"":5,""physical_error_rate"":0.0005}","{""detectors_checked"":170}"
         1,         0,         0,   0.091,decoder_by_matrix,b84cf4b8ca220d31f17e1e2ea9ab927bbc4176b15682c650e7d1dd8f2758172b,"{""distance"":5,""physical_error_rate"":0.0005}","{""detectors_checked"":170}"
         1,         0,         0,   0.098,decoder_by_matrix,b84cf4b8ca220d31f17e1e2ea9ab927bbc4176b15682c650e7d1dd8f2758172b,"{""distance"":5,""physical_error_rate"":0.0005}","{""detectors_checked"":170}"
        64,         0,         0,   0.064,decoder_by_matrix,b84cf4b8ca220d31f17e1e2ea9ab927bbc4176b15682c650e7d1dd8f2758172b,"{""distance"":5,""physical_error_rate"":0.0005}","{""detection_events"":25,""detectors_checked"":10880}"
         1,         0,         0,   0.099,decoder_by_matrix,b84cf4b8ca220d31f17e1e2ea9ab927bbc4176b15682c650e7d1dd8f2758172b,"{""distance"":5,""physical_error_rate"":0.0005}","{""detectors_checked"":170}"
      1024,         0,         0,   0.039,decoder_by_matrix,b84cf4b8ca220d31f17e1e2ea9ab927bbc4176b15682c650e7d1dd8f2758172b,"{""distance"":5,""physical_error_rate"":0.0005}","{""detection_events"":385,""detectors_checked"":174080}"
         8,         0,         0,   0.080,decoder_by_matrix,b84cf4b8ca220d31f17e1e2ea9ab927bbc4176b15682c650e7d1dd8f2758172b,"{""distance"":5,""physical_error_rate"":0.0005}","{""detectors_checked"":1360}"
         8,         0,         0,   0.085,decoder_by_matrix,b84cf4b8ca220d31f17e1e2ea9ab927bbc4176b15682c650e7d1dd8f2758172b,"{""distance"":5,""physical_error_rate"":0.0005}","{""detectors_checked"":1360}"
      3072,         0,         0,   0.041,decoder_by_matrix,b84cf4b8ca220d31f17e1e2ea9ab927bbc4176b15682c650e7d1dd8f2758172b,"{""distance"":5,""physical_error_rate"":0.0005}","{""detection_events"":700,""detectors_checked"":522240}"
         8,         0,         0,   0.091,decoder_by_matrix,b84cf4b8ca220d31f17e1e2ea9ab927bbc4176b15682c650e7d1dd8f2758172b,"{""distance"":5,""physical_error_rate"":0.0005}","{""detectors_checked"":1360}"
         8,         0,         0,   0.072,decoder_by_matrix,b84cf4b8ca220d31f17e1e2ea9ab927bbc4176b15682c650e7d1dd8f2758172b,"{""distance"":5,""physical_error_rate"":0.0005}","{""detectors_checked"":1360}"
         8,         0,         0,   0.076,decoder_by_matrix,b84cf4b8ca220d31f17e1e2ea9ab927bbc4176b15682c650e7d1dd8f2758172b,"{""distance"":5,""physical_error_rate"":0.0005}","{""detectors_checked"":1360}"
         8,         0,         0,   0.076,decoder_by_matrix,b84cf4b8ca220d31f17e1e2ea9ab927bbc4176b15682c650e7d1dd8f2758172b,"{""distance"":5,""physical_error_rate"":0.0005}","{""detection_events"":10,""detectors_checked"":1360}"
         8,         0,         0,   0.076,decoder_by_matrix,b84cf4b8ca220d31f17e1e2ea9ab927bbc4176b15682c650e7d1dd8f2758172b,"{""distance"":5,""physical_error_rate"":0.0005}","{""detection_events"":15,""detectors_checked"":1360}"
     55296,         0,         0,    4.29,decoder_by_matrix,b84cf4b8ca220d31f17e1e2ea9ab927bbc4176b15682c650e7d1dd8f2758172b,"{""distance"":5,""physical_error_rate"":0.0005}","{""detection_events"":15250,""detectors_checked"":9400320}"
        64,         0,         0,   0.073,decoder_by_matrix,b84cf4b8ca220d31f17e1e2ea9ab927bbc4176b15682c650e7d1dd8f2758172b,"{""distance"":5,""physical_error_rate"":0.0005}","{""detectors_checked"":10880}"
         4,         0,         0,   0.108,decoder_by_matrix,b84cf4b8ca220d31f17e1e2ea9ab927bbc4176b15682c650e7d1dd8f2758172b,"{""distance"":5,""physical_error_rate"":0.0005}","{""detectors_checked"":680}"
     61440,         0,         0,    4.30,decoder_by_matrix,b84cf4b8ca220d31f17e1e2ea9ab927bbc4176b15682c650e7d1dd8f2758172b,"{""distance"":5,""physical_error_rate"":0.0005}","{""detection_events"":17945,""detectors_checked"":10444800}"
         8,         0,         0,   0.076,decoder_by_matrix,b84cf4b8ca220d31f17e1e2ea9ab927bbc4176b15682c650e7d1dd8f2758172b,"{""distance"":5,""physical_error_rate"":0.0005}","{""detectors_checked"":1360}"
        32,         0,         0,   0.076,decoder_by_matrix,b84cf4b8ca220d31f17e1e2ea9ab927bbc4176b15682c650e7d1dd8f2758172b,"{""distance"":5,""physical_error_rate"":0.0005}","{""detectors_checked"":5440}"
        64,         0,         0,   0.075,decoder_by_matrix,b84cf4b8ca220d31f17e1e2ea9ab927bbc4176b15682c650e7d1dd8f2758172b,"{""distance"":5,""physical_error_rate"":0.0005}","{""detection_events"":10,""detectors_checked"":10880}"
       512,         0,         0,   0.073,decoder_by_matrix,b84cf4b8ca220d31f17e1e2ea9ab927bbc4176b15682c650e7d1dd8f2758172b,"{""distance"":5,""physical_error_rate"":0.0005}","{""detection_events"":230,""detectors_checked"":87040}"
         4,         0,         0,   0.062,decoder_by_matrix,b84cf4b8ca220d31f17e1e2ea9ab927bbc4176b15682c650e7d1dd8f2758172b,"{""distance"":5,""physical_error_rate"":0.0005}","{""detectors_checked"":680}"
         4,         0,         0,   0.062,decoder_by_matrix,b84cf4b8ca220d31f17e1e2ea9ab927bbc4176b15682c650e7d1dd8f2758172b,"{""distance"":5,""physical_error_rate"":0.0005}","{""detectors_checked"":680}"
        32,         0,         0,   0.075,decoder_by_matrix,b84cf4b8ca220d31f17e1e2ea9ab927bbc4176b15682c650e7d1dd8f2758172b,"{""distance"":5,""physical_error_rate"":0.0005}","{""detection_events"":10,""detectors_checked"":5440}"
        32,         0,         0,   0.076,decoder_by_matrix,b84cf4b8ca220d31f17e1e2ea9ab927bbc4176b15682c650e7d1dd8f2758172b,"{""distance"":5,""physical_error_rate"":0.0005}","{""detectors_checked"":5440}"
       512,         0,         0,   0.062,decoder_by_matrix,b84cf4b8ca220d31f17e1e2ea9ab927bbc4176b15682c650e7d1dd8f2758172b,"{""distance"":5,""physical_error_rate"":0.0005}","{""detection_events"":230,""detectors_checked"":87040}"
        64,         0,         0,   0.074,decoder_by_matrix,b84cf4b8ca220d31f17e1e2ea9ab927bbc4176b15682c650e7d1dd8f2758172b,"{""distance"":5,""physical_error_rate"":0.0005}","{""detection_events"":20,""detectors_checked"":10880}"
        32,         0,         0,   0.092,decoder_by_matrix,b84cf4b8ca220d31f17e1e2ea9ab927bbc4176b15682c650e7d1dd8f2758172b,"{""distance"":5,""physical_error_rate"":0.0005}","{""detectors_checked"":5440}"
      4096,         0,         0,   0.054,decoder_by_matrix,b84cf4b8ca220d31f17e1e2ea9ab927bbc4176b15682c650e7d1dd8f2758172b,"{""distance"":5,""physical_error_rate"":0.0005}","{""detection_events"":1130,""detectors_checked"":696320}"
        32,         0,         0,   0.059,decoder_by_matrix,b84cf4b8ca220d31f17e1e2ea9ab927bbc4176b15682c650e7d1dd8f2758172b,"{""distance"":5,""physical_error_rate"":0.0005}","{""detection_events"":20,""detectors_checked"":5440}"
        32,         0,         0,   0.077,decoder_by_matrix,b84cf4b8ca220d31f17e1e2ea9ab927bbc4176b15682c650e7d1dd8f2758172b,"{""distance"":5,""physical_error_rate"":0.0005}","{""detectors_checked"":5440}"
         4,         0,         0,   0.105,decoder_by_matrix,b84cf4b8ca220d31f17e1e2ea9ab927bbc4176b15682c650e7d1dd8f2758172b,"{""distance"":5,""physical_error_rate"":0.0005}","{""detectors_checked"":680}"
         4,         0,         0,   0.100,decoder_by_matrix,b84cf4b8ca220d31f17e1e2ea9ab927bbc4176b15682c650e7d1dd8f2758172b,"{""distance"":5,""physical_error_rate"":0.0005}","{""detectors_checked"":680}"
        64,         0,         0,   0.075,decoder_by_matrix,b84cf4b8ca220d31f17e1e2ea9ab927bbc4176b15682c650e7d1dd8f2758172b,"{""distance"":5,""physical_error_rate"":0.0005}","{""detectors_checked"":10880}"
       512,         0,         0,   0.062,decoder_by_matrix,b84cf4b8ca220d31f17e1e2ea9ab927bbc4176b15682c650e7d1dd8f2758172b,"{""distance"":5,""physical_error_rate"":0.0005}","{""detection_events"":165,""detectors_checked"":87040}"
        32,         0,         0,   0.077,decoder_by_matrix,b84cf4b8ca220d31f17e1e2ea9ab927bbc4176b15682c650e7d1dd8f2758172b,"{""distance"":5,""physical_error_rate"":0.0005}","{""detection_events"":20,""detectors_checked"":5440}"
      2048,         0,         0,   0.100,decoder_by_matrix,b84cf4b8ca220d31f17e1e2ea9ab927bbc4176b15682c650e7d1dd8f2758172b,"{""distance"":5,""physical_error_rate"":0.0005}","{""detection_events"":440,""detectors_checked"":348160}"
        32,         0,         0,   0.077,decoder_by_matrix,b84cf4b8ca220d31f17e1e2ea9ab927bbc4176b15682c650e7d1dd8f2758172b,"{""distance"":5,""physical_error_rate"":0.0005}","{""detectors_checked"":5440}"
        16,         0,         0,   0.079,decoder_by_matrix,b84cf4b8ca220d31f17e1e2ea9ab927bbc4176b15682c650e7d1dd8f2758172b,"{""distance"":5,""physical_error_rate"":0.0005}","{""detectors_checked"":2720}"
       128,         0,         0,   0.076,decoder_by_matrix,b84cf4b8ca220d31f17e1e2ea9ab927bbc4176b15682c650e7d1dd8f2758172b,"{""distance"":5,""physical_error_rate"":0.0005}","{""detection_events"":60,""detectors_checked"":21760}"
       512,         0,         0,   0.076,decoder_by_matrix,b84cf4b8ca220d31f17e1e2ea9ab927bbc4176b15682c650e7d1dd8f2758172b,"{""distance"":5,""physical_error_rate"":0.0005}","{""detection_events"":75,""detectors_checked"":87040}"
      1024,         0,         0,   0.059,decoder_by_matrix,b84cf4b8ca220d31f17e1e2ea9ab927bbc4176b15682c650e7d1dd8f2758172b,"{""distance"":5,""physical_error_rate"":0.0005}","{""detection_events"":210,""detectors_checked"":174080}"
        32,         0,         0,   0.074,decoder_by_matrix,b84cf4b8ca220d31f17e1e2ea9ab927bbc4176b15682c650e7d1dd8f2758172b,"{""distance"":5,""physical_error_rate"":0.0005}","{""detection_events"":10,""detectors_checked"":5440}"
        32,         0,         0,   0.095,decoder_by_matrix,b84cf4b8ca220d31f17e1e2ea9ab927bbc4176b15682c650e7d1dd8f2758172b,"{""distance"":5,""physical_error_rate"":0.0005}","{""detectors_checked"":5440}"
        32,         0,         0,   0.075,decoder_by_matrix,b84cf4b8ca220d31f17e1e2ea9ab927bbc4176b15682c650e7d1dd8f2758172b,"{""distance"":5,""physical_error_rate"":0.0005}","{""detection_events"":20,""detectors_checked"":5440}"
       128,         0,         0,   0.075,decoder_by_matrix,b84cf4b8ca220d31f17e1e2ea9ab927bbc4176b15682c650e7d1dd8f2758172b,"{""distance"":5,""physical_error_rate"":0.0005}","{""detection_events"":20,""detectors_checked"":21760}"
       512,         0,         0,   0.074,decoder_by_matrix,b84cf4b8ca220d31f17e1e2ea9ab927bbc4176b15682c650e7d1dd8f2758172b,"{""distance"":5,""physical_error_rate"":0.0005}","{""detection_events"":235,""detectors_checked"":87040}"
       256,         0,         0,   0.080,decoder_by_matrix,b84cf4b8ca220d31f17e1e2ea9ab927bbc4176b15682c650e7d1dd8f2758172b,"{""distance"":5,""physical_error_rate"":0.0005}","{""detection_events"":50,""detectors_checked"":43520}"
        32,         0,         0,   0.114,decoder_by_matrix,b84cf4b8ca220d31f17e1e2ea9ab927bbc4176b15682c650e7d1dd8f2758172b,"{""distance"":5,""physical_error_rate"":0.0005}","{""detectors_checked"":5440}"
        32,         0,         0,   0.111,decoder_by_matrix,b84cf4b8ca220d31f17e1e2ea9ab927bbc4176b15682c650e7d1dd8f2758172b,"{""distance"":5,""physical_error_rate"":0.0005}","{""detectors_checked"":5440}"
      1024,         0,         0,   0.092,decoder_by_matrix,b84cf4b8ca220d31f17e1e2ea9ab927bbc4176b15682c650e7d1dd8f2758172b,"{""distance"":5,""physical_error_rate"":0.0005}","{""detection_events"":340,""detectors_checked"":174080}"
       128,         0,         0,   0.075,decoder_by_matrix,b84cf4b8ca220d31f17e1e2ea9ab927bbc4176b15682c650e7d1dd8f2758172b,"{""distance"":5,""physical_error_rate"":0.0005}","{""detectors_checked"":21760}"
       256,         0,         0,   0.063,decoder_by_matrix,b84cf4b8ca220d31f17e1e2ea9ab927bbc4176b15682c650e7d1dd8f2758172b,"{""distance"":5,""physical_error_rate"":0.0005}","{""detection_events"":60,""detectors_checked"":43520}"
      7168,         0,         0,   0.084,decoder_by_matrix,b84cf4b8ca220d31f17e1e2ea9ab927bbc4176b15682c650e7d1dd8f2758172b,"{""distance"":5,""physical_error_rate"":0.0005}","{""detection_events"":1560,""detectors_checked"":1218560}"
       128,         0,         0,   0.076,decoder_by_matrix,b84cf4b8ca220d31f17e1e2ea9ab927bbc4176b15682c650e7d1dd8f2758172b,"{""distance"":5,""physical_error_rate"":0.0005}","{""detection_events"":35,""detectors_checked"":21760}"
        16,         0,         0,   0.074,decoder_by_matrix,b84cf4b8ca220d31f17e1e2ea9ab927bbc4176b15682c650e7d1dd8f2758172b,"{""distance"":5,""physical_error_rate"":0.0005}","{""detectors_checked"":2720}"
        16,         0,         0,   0.077,decoder_by_matrix,b84cf4b8ca220d31f17e1e2ea9ab927bbc4176b15682c650e7d1dd8f2758172b,"{""distance"":5,""physical_error_rate"":0.0005}","{""detectors_checked"":2720}"
      1024,         0,         0,   0.063,decoder_by_matrix,b84cf4b8ca220d31f17e1e2ea9ab927bbc4176b15682c650e7d1dd8f2758172b,"{""distance"":5,""physical_error_rate"":0.0005}","{""detection_events"":235,""detectors_checked"":174080}"
       512,         0,         0,   0.078,decoder_by_matrix,b84cf4b8ca220d31f17e1e2ea9ab927bbc4176b15682c650e7d1dd8f2758172b,"{""distance"":5,""physical_error_rate"":0.0005}","{""detection_events"":155,""detectors_checked"":87040}"
      1024,         0,         0,   0.061,decoder_by_matrix,b84cf4b8ca220d31f17e1e2ea9ab927bbc4176b15682c650e7d1dd8f2758172b,"{""distance"":5,""physical_error_rate"":0.0005}","{""detection_events"":455,""detectors_checked"":174080}"
       128,         0,         0,   0.065,decoder_by_matrix,b84cf4b8ca220d31f17e1e2ea9ab927bbc4176b15682c650e7d1dd8f2758172b,"{""distance"":5,""physical_error_rate"":0.0005}","{""detection_events"":15,""detectors_checked"":21760}"
       512,         0,         0,   0.064,decoder_by_matrix,b84cf4b8ca220d31f17e1e2ea9ab927bbc4176b15682c650e7d1dd8f2758172b,"{""distance"":5,""physical_error_rate"":0.0005}","{""detection_events"":205,""detectors_checked"":87040}"
      1024,         0,         0,   0.064,decoder_by_matrix,b84cf4b8ca220d31f17e1e2ea9ab927bbc4176b15682c650e7d1dd8f2758172b,"{""distance"":5,""physical_error_rate"":0.0005}","{""detection_events"":260,""detectors_checked"":174080}"
      1024,         0,         0,   0.064,decoder_by_matrix,b84cf4b8ca220d31f17e1e2ea9ab927bbc4176b15682c650e7d1dd8f2758172b,"{""distance"":5,""physical_error_rate"":0.0005}","{""detection_events"":290,""detectors_checked"":174080}"
       256,         0,         0,   0.064,decoder_by_matrix,b84cf4b8ca220d31f17e1e2ea9ab927bbc4176b15682c650e7d1dd8f2758172b,"{""distance"":5,""physical_error_rate"":0.0005}","{""detection_events"":90,""detectors_checked"":43520}"
       128,         0,         0,   0.061,decoder_by_matrix,b84cf4b8ca220d31f17e1e2ea9ab927bbc4176b15682c650e7d1dd8f2758172b,"{""distance"":5,""physical_error_rate"":0.0005}","{""detection_events"":20,""detectors_checked"":21760}"
        64,         0,         0,   0.069,decoder_by_matrix,b84cf4b8ca220d31f17e1e2ea9ab927bbc4176b15682c650e7d1dd8f2758172b,"{""distance"":5,""physical_error_rate"":0.0005}","{""detection_events"":25,""detectors_checked"":10880}"
       128,         0,         0,   0.063,decoder_by_matrix,b84cf4b8ca220d31f17e1e2ea9ab927bbc4176b15682c650e7d1dd8f2758172b,"{""distance"":5,""physical_error_rate"":0.0005}","{""detection_events"":45,""detectors_checked"":21760}"
       128,         0,         0,   0.063,decoder_by_matrix,b84cf4b8ca220d31f17e1e2ea9ab927bbc4176b15682c650e7d1dd8f2758172b,"{""distance"":5,""physical_error_rate"":0.0005}","{""detection_events"":45,""detectors_checked"":21760}"
      1024,         0,         0,   0.064,decoder_by_matrix,b84cf4b8ca220d31f17e1e2ea9ab927bbc4176b15682c650e7d1dd8f2758172b,"{""distance"":5,""physical_error_rate"":0.0005}","{""detection_events"":310,""detectors_checked"":174080}"
       128,         0,         0,   0.064,decoder_by_matrix,b84cf4b8ca220d31f17e1e2ea9ab927bbc4176b15682c650e7d1dd8f2758172b,"{""distance"":5,""physical_error_rate"":0.0005}","{""detection_events"":15,""detectors_checked"":21760}"
      1024,         0,         0,   0.065,decoder_by_matrix,b84cf4b8ca220d31f17e1e2ea9ab927bbc4176b15682c650e7d1dd8f2758172b,"{""distance"":5,""physical_error_rate"":0.0005}","{""detection_events"":290,""detectors_checked"":174080}"
       128,         0,         0,   0.064,decoder_by_matrix,b84cf4b8ca220d31f17e1e2ea9ab927bbc4176b15682c650e7d1dd8f2758172b,"{""distance"":5,""physical_error_rate"":0.0005}","{""detection_events"":30,""detectors_checked"":21760}"
      1024,         0,         0,   0.071,decoder_by_matrix,b84cf4b8ca220d31f17e1e2ea9ab927bbc4176b15682c650e7d1dd8f2758172b,"{""distance"":5,""physical_error_rate"":0.0005}","{""detection_events"":415,""detectors_checked"":174080}"
      1024,         0,         0,   0.083,decoder_by_matrix,b84cf4b8ca220d31f17e1e2ea9ab927bbc4176b15682c650e7d1dd8f2758172b,"{""distance"":5,""physical_error_rate"":0.0005}","{""detection_events"":240,""detectors_checked"":174080}"
      1024,         0,         0,   0.077,decoder_by_matrix,b84cf4b8ca220d31f17e1e2ea9ab927bbc4176b15682c650e7d1dd8f2758172b,"{""distance"":5,""physical_error_rate"":0.0005}","{""detection_events"":155,""detectors_checked"":174080}"
       512,         0,         0,   0.070,decoder_by_matrix,b84cf4b8ca220d31f17e1e2ea9ab927bbc4176b15682c650e7d1dd8f2758172b,"{""distance"":5,""physical_error_rate"":0.0005}","{""detection_events"":130,""detectors_checked"":87040}"
       128,         0,         0,   0.071,decoder_by_matrix,b84cf4b8ca220d31f17e1e2ea9ab927bbc4176b15682c650e7d1dd8f2758172b,"{""distance"":5,""physical_error_rate"":0.0005}","{""detection_events"":70,""detectors_checked"":21760}"
        64,         0,         0,   0.072,decoder_by_matrix,b84cf4b8ca220d31f17e1e2ea9ab927bbc4176b15682c650e7d1dd8f2758172b,"{""distance"":5,""physical_error_rate"":0.0005}","{""detection_events"":40,""detectors_checked"":10880}"
      2048,         0,         0,   0.141,decoder_by_matrix,b84cf4b8ca220d31f17e1e2ea9ab927bbc4176b15682c650e7d1dd8f2758172b,"{""distance"":5,""physical_error_rate"":0.0005}","{""detection_events"":360,""detectors_checked"":348160}"
      1024,         0,         0,   0.063,decoder_by_matrix,b84cf4b8ca220d31f17e1e2ea9ab927bbc4176b15682c650e7d1dd8f2758172b,"{""distance"":5,""physical_error_rate"":0.0005}","{""detection_events"":450,""detectors_checked"":174080}"
      1024,         0,         0,   0.063,decoder_by_matrix,b84cf4b8ca220d31f17e1e2ea9ab927bbc4176b15682c650e7d1dd8f2758172b,"{""distance"":5,""physical_error_rate"":0.0005}","{""detection_events"":390,""detectors_checked"":174080}"
      1024,         0,         0,   0.073,decoder_by_matrix,b84cf4b8ca220d31f17e1e2ea9ab927bbc4176b15682c650e7d1dd8f2758172b,"{""distance"":5,""physical_error_rate"":0.0005}","{""detection_events"":285,""detectors_checked"":174080}"
      1024,         0,         0,   0.082,decoder_by_matrix,b84cf4b8ca220d31f17e1e2ea9ab927bbc4176b15682c650e7d1dd8f2758172b,"{""distance"":5,""physical_error_rate"":0.0005}","{""detection_events"":425,""detectors_checked"":174080}"
      2048,         0,         0,   0.072,decoder_by_matrix,b84cf4b8ca220d31f17e1e2ea9ab927bbc4176b15682c650e7d1dd8f2758172b,"{""distance"":5,""physical_error_rate"":0.0005}","{""detection_events"":405,""detectors_checked"":348160}"
      9216,         0,         0,   0.111,decoder_by_matrix,b84cf4b8ca220d31f17e1e2ea9ab927bbc4176b15682c650e7d1dd8f2758172b,"{""distance"":5,""physical_error_rate"":0.0005}","{""detection_events"":2430,""detectors_checked"":1566720}"
      1024,         0,         0,   0.062,decoder_by_matrix,b84cf4b8ca220d31f17e1e2ea9ab927bbc4176b15682c650e7d1dd8f2758172b,"{""distance"":5,""physical_error_rate"":0.0005}","{""detection_events"":145,""detectors_checked"":174080}"
      1024,         0,         0,   0.064,decoder_by_matrix,b84cf4b8ca220d31f17e1e2ea9ab927bbc4176b15682c650e7d1dd8f2758172b,"{""distance"":5,""physical_error_rate"":0.0005}","{""detection_events"":395,""detectors_checked"":174080}"
       512,         0,         0,   0.063,decoder_by_matrix,b84cf4b8ca220d31f17e1e2ea9ab927bbc4176b15682c650e7d1dd8f2758172b,"{""distance"":5,""physical_error_rate"":0.0005}","{""detection_events"":200,""detectors_checked"":87040}"
      1024,         0,         0,   0.063,decoder_by_matrix,b84cf4b8ca220d31f17e1e2ea9ab927bbc4176b15682c650e7d1dd8f2758172b,"{""distance"":5,""physical_error_rate"":0.0005}","{""detection_events"":250,""detectors_checked"":174080}"
      1024,         0,         0,   0.077,decoder_by_matrix,b84cf4b8ca220d31f17e1e2ea9ab927bbc4176b15682c650e7d1dd8f2758172b,"{""distance"":5,""physical_error_rate"":0.0005}","{""detection_events"":305,""detectors_checked"":174080}"
      1024,         0,         0,   0.078,decoder_by_matrix,b84cf4b8ca220d31f17e1e2ea9ab927bbc4176b15682c650e7d1dd8f2758172b,"{""distance"":5,""physical_error_rate"":0.0005}","{""detection_events"":235,""detectors_checked"":174080}"
      1024,         0,         0,   0.079,decoder_by_matrix,b84cf4b8ca220d31f17e1e2ea9ab927bbc4176b15682c650e7d1dd8f2758172b,"{""distance"":5,""physical_error_rate"":0.0005}","{""detection_events"":465,""detectors_checked"":174080}"
      1024,         0,         0,   0.065,decoder_by_matrix,b84cf4b8ca220d31f17e1e2ea9ab927bbc4176b15682c650e7d1dd8f2758172b,"{""distance"":5,""physical_error_rate"":0.0005}","{""detection_events"":510,""detectors_checked"":174080}"
      1024,         0,         0,   0.064,decoder_by_matrix,b84cf4b8ca220d31f17e1e2ea9ab927bbc4176b15682c650e7d1dd8f2758172b,"{""distance"":5,""physical_error_rate"":0.0005}","{""detection_events"":335,""detectors_checked"":174080}"
      1024,         0,         0,   0.078,decoder_by_matrix,b84cf4b8ca220d31f17e1e2ea9ab927bbc4176b15682c650e7d1dd8f2758172b,"{""distance"":5,""physical_error_rate"":0.0005}","{""detection_events"":210,""detectors_checked"":174080}"
      1024,         0,         0,   0.077,decoder_by_matrix,b84cf4b8ca220d31f17e1e2ea9ab927bbc4176b15682c650e7d1dd8f2758172b,"{""distance"":5,""physical_error_rate"":0.0005}","{""detection_events"":155,""detectors_checked"":174080}"
      1024,         0,         0,   0.083,decoder_by_matrix,b84cf4b8ca220d31f17e1e2ea9ab927bbc4176b15682c650e7d1dd8f2758172b,"{""distance"":5,""physical_error_rate"":0.0005}","{""detection_events"":295,""detectors_checked"":174080}"
      1024,         0,         0,   0.077,decoder_by_matrix,b84cf4b8ca220d31f17e1e2ea9ab927bbc4176b15682c650e7d1dd8f2758172b,"{""distance"":5,""physical_error_rate"":0.0005}","{""detection_events"":355,""detectors_checked"":174080}"
      1024,         0,         0,   0.068,decoder_by_matrix,b84cf4b8ca220d31f17e1e2ea9ab927bbc4176b15682c650e7d1dd8f2758172b,"{""distance"":5,""physical_error_rate"":0.0005}","{""detection_events"":245,""detectors_checked"":174080}"
      1024,         0,         0,   0.077,decoder_by_matrix,b84cf4b8ca220d31f17e1e2ea9ab927bbc4176b15682c650e7d1dd8f2758172b,"{""distance"":5,""physical_error_rate"":0.0005}","{""detection_events"":290,""detectors_checked"":174080}"
       512,         0,         0,   0.075,decoder_by_matrix,b84cf4b8ca220d31f17e1e2ea9ab927bbc4176b15682c650e7d1dd8f2758172b,"{""distance"":5,""physical_error_rate"":0.0005}","{""detection_events"":110,""detectors_checked"":87040}"
      1024,         0,         0,   0.066,decoder_by_matrix,b84cf4b8ca220d31f17e1e2ea9ab927bbc4176b15682c650e7d1dd8f2758172b,"{""distance"":5,""physical_error_rate"":0.0005}","{""detection_events"":460,""detectors_checked"":174080}"
      1024,         0,         0,   0.062,decoder_by_matrix,b84cf4b8ca220d31f17e1e2ea9ab927bbc4176b15682c650e7d1dd8f2758172b,"{""distance"":5,""physical_error_rate"":0.0005}","{""detection_events"":250,""detectors_checked"":174080}"
      1024,         0,         0,   0.063,decoder_by_matrix,b84cf4b8ca220d31f17e1e2ea9ab927bbc4176b15682c650e7d1dd8f2758172b,"{""distance"":5,""physical_error_rate"":0.0005}","{""detection_events"":280,""detectors_checked"":174080}"
      1024,         0,         0,   0.064,decoder_by_matrix,b84cf4b8ca220d31f17e1e2ea9ab927bbc4176b15682c650e7d1dd8f2758172b,"{""distance"":5,""physical_error_rate"":0.0005}","{""detection_events"":285,""detectors_checked"":174080}"
      2048,         0,         0,   0.071,decoder_by_matrix,b84cf4b8ca220d31f17e1e2ea9ab927bbc4176b15682c650e7d1dd8f2758172b,"{""distance"":5,""physical_error_rate"":0.0005}","{""detection_events"":375,""detectors_checked"":348160}"
      1024,         0,         0,   0.076,decoder_by_matrix,b84cf4b8ca220d31f17e1e2ea9ab927bbc4176b15682c650e7d1dd8f2758172b,"{""distance"":5,""physical_error_rate"":0.0005}","{""detection_events"":275,""detectors_checked"":174080}"
      1024,         0,         0,   0.075,decoder_by_matrix,b84cf4b8ca220d31f17e1e2ea9ab927bbc4176b15682c650e7d1dd8f2758172b,"{""distance"":5,""physical_error_rate"":0.0005}","{""detection_events"":325,""detectors_checked"":174080}"
      1024,         0,         0,   0.078,decoder_by_matrix,b84cf4b8ca220d31f17e1e2ea9ab927bbc4176b15682c650e7d1dd8f2758172b,"{""distance"":5,""physical_error_rate"":0.0005}","{""detection_events"":255,""detectors_checked"":174080}"
      1024,         0,         0,   0.065,decoder_by_matrix,b84cf4b8ca220d31f17e1e2ea9ab927bbc4176b15682c650e7d1dd8f2758172b,"{""distance"":5,""physical_error_rate"":0.0005}","{""detection_events"":390,""detectors_checked"":174080}"
      1024,         0,         0,   0.066,decoder_by_matrix,b84cf4b8ca220d31f17e1e2ea9ab927bbc4176b15682c650e7d1dd8f2758172b,"{""distance"":5,""physical_error_rate"":0.0005}","{""detection_events"":465,""detectors_checked"":174080}"
      1024,         0,         0,   0.075,decoder_by_matrix,b84cf4b8ca220d31f17e1e2ea9ab927bbc4176b15682c650e7d1dd8f2758172b,"{""distance"":5,""physical_error_rate"":0.0005}","{""detection_events"":295,""detectors_checked"":174080}"
      2048,         0,         0,   0.140,decoder_by_matrix,b84cf4b8ca220d31f17e1e2ea9ab927bbc4176b15682c650e7d1dd8f2758172b,"{""distance"":5,""physical_error_rate"":0.0005}","{""detection_events"":830,""detectors_checked"":348160}"
      1024,         0,         0,   0.077,decoder_by_matrix,b84cf4b8ca220d31f17e1e2ea9ab927bbc4176b15682c650e7d1dd8f2758172b,"{""distance"":5,""physical_error_rate"":0.0005}","{""detection_events"":340,""detectors_checked"":174080}"
      1024,         0,         0,   0.082,decoder_by_matrix,b84cf4b8ca220d31f17e1e2ea9ab927bbc4176b15682c650e7d1dd8f2758172b,"{""distance"":5,""physical_error_rate"":0.0005}","{""detection_events"":190,""detectors_checked"":174080}"
      1024,         0,         0,   0.063,decoder_by_matrix,b84cf4b8ca220d31f17e1e2ea9ab927bbc4176b15682c650e7d1dd8f2758172b,"{""distance"":5,""physical_error_rate"":0.0005}","{""detection_events"":245,""detectors_checked"":174080}"
      1024,         0,         0,   0.079,decoder_by_matrix,b84cf4b8ca220d31f17e1e2ea9ab927bbc4176b15682c650e7d1dd8f2758172b,"{""distance"":5,""physical_error_rate"":0.0005}","{""detection_events"":265,""detectors_checked"":174080}"
      1024,         0,         0,   0.078,decoder_by_matrix,b84cf4b8ca220d31f17e1e2ea9ab927bbc4176b15682c650e7d1dd8f2758172b,"{""distance"":5,""physical_error_rate"":0.0005}","{""detection_events"":345,""detectors_checked"":174080}"
      1024,         0,         0,   0.076,decoder_by_matrix,b84cf4b8ca220d31f17e1e2ea9ab927bbc4176b15682c650e7d1dd8f2758172b,"{""distance"":5,""physical_error_rate"":0.0005}","{""detection_events"":315,""detectors_checked"":174080}"
      2048,         0,         0,   0.136,decoder_by_matrix,b84cf4b8ca220d31f17e1e2ea9ab927bbc4176b15682c650e7d1dd8f2758172b,"{""distance"":5,""physical_error_rate"":0.0005}","{""detection_events"":545,""detectors_checked"":348160}"
      2048,         0,         0,   0.138,decoder_by_matrix,b84cf4b8ca220d31f17e1e2ea9ab927bbc4176b15682c650e7d1dd8f2758172b,"{""distance"":5,""physical_error_rate"":0.0005}","{""detection_events"":625,""detectors_checked"":348160}"
      2048,         0,         0,   0.137,decoder_by_matrix,b84cf4b8ca220d31f17e1e2ea9ab927bbc4176b15682c650e7d1dd8f2758172b,"{""distance"":5,""physical_error_rate"":0.0005}","{""detection_events"":645,""detectors_checked"":348160}"
      1024,         0,         0,   0.063,decoder_by_matrix,b84cf4b8ca220d31f17e1e2ea9ab927bbc4176b15682c650e7d1dd8f2758172b,"{""distance"":5,""physical_error_rate"":0.0005}","{""detection_events"":310,""detectors_checked"":174080}"
      2048,         0,         0,   0.126,decoder_by_matrix,b84cf4b8ca220d31f17e1e2ea9ab927bbc4176b15682c650e7d1dd8f2758172b,"{""distance"":5,""physical_error_rate"":0.0005}","{""detection_events"":525,""detectors_checked"":348160}"
     11264,         0,         0,   0.147,decoder_by_matrix,b84cf4b8ca220d31f17e1e2ea9ab927bbc4176b15682c650e7d1dd8f2758172b,"{""distance"":5,""physical_error_rate"":0.0005}","{""detection_events"":3115,""detectors_checked"":1914880}"
      2048,         0,         0,   0.151,decoder_by_matrix,b84cf4b8ca220d31f17e1e2ea9ab927bbc4176b15682c650e7d1dd8f2758172b,"{""distance"":5,""physical_error_rate"":0.0005}","{""detection_events"":490,""detectors_checked"":348160}"
      1024,         0,         0,   0.078,decoder_by_matrix,b84cf4b8ca220d31f17e1e2ea9ab927bbc4176b15682c650e7d1dd8f2758172b,"{""distance"":5,""physical_error_rate"":0.0005}","{""detection_events"":300,""detectors_checked"":174080}"
      1024,         0,         0,   0.078,decoder_by_matrix,b84cf4b8ca220d31f17e1e2ea9ab927bbc4176b15682c650e7d1dd8f2758172b,"{""distance"":5,""physical_error_rate"":0.0005}","{""detection_events"":295,""detectors_checked"":174080}"
      1024,         0,         0,   0.079,decoder_by_matrix,b84cf4b8ca220d31f17e1e2ea9ab927bbc4176b15682c650e7d1dd8f2758172b,"{""distance"":5,""physical_error_rate"":0.0005}","{""detection_events"":425,""detectors_checked"":174080}"
      1024,         0,         0,   0.078,decoder_by_matrix,b84cf4b8ca220d31f17e1e2ea9ab927bbc4176b15682c650e7d1dd8f2758172b,"{""distance"":5,""physical_error_rate"":0.0005}","{""detection_events"":335,""detectors_checked"":174080}"
      1024,         0,         0,   0.081,decoder_by_matrix,b84cf4b8ca220d31f17e1e2ea9ab927bbc4176b15682c650e7d1dd8f2758172b,"{""distance"":5,""physical_error_rate"":0.0005}","{""detection_events"":265,""detectors_checked"":174080}"
      1024,         0,         0,   0.086,decoder_by_matrix,b84cf4b8ca220d31f17e1e2ea9ab927bbc4176b15682c650e7d1dd8f2758172b,"{""distance"":5,""physical_error_rate"":0.0005}","{""detection_events"":285,""detectors_checked"":174080}"
      1024,         0,         0,   0.076,decoder_by_matrix,b84cf4b8ca220d31f17e1e2ea9ab927bbc4176b15682c650e7d1dd8f2758172b,"{""distance"":5,""physical_error_rate"":0.0005}","{""detection_events"":355,""detectors_checked"":174080}"
      1024,         0,         0,   0.088,decoder_by_matrix,b84cf4b8ca220d31f17e1e2ea9ab927bbc4176b15682c650e7d1dd8f2758172b,"{""distance"":5,""physical_error_rate"":0.0005}","{""detection_events"":305,""detectors_checked"":174080}"
      2048,         0,         0,   0.136,decoder_by_matrix,b84cf4b8ca220d31f17e1e2ea9ab927bbc4176b15682c650e7d1dd8f2758172b,"{""distance"":5,""physical_error_rate"":0.0005}","{""detection_events"":655,""detectors_checked"":348160}"
      2048,         0,         0,   0.139,decoder_by_matrix,b84cf4b8ca220d31f17e1e2ea9ab927bbc4176b15682c650e7d1dd8f2758172b,"{""distance"":5,""physical_error_rate"":0.0005}","{""detection_events"":440,""detectors_checked"":348160}"
      2048,         0,         0,   0.165,decoder_by_matrix,b84cf4b8ca220d31f17e1e2ea9ab927bbc4176b15682c650e7d1dd8f2758172b,"{""distance"":5,""physical_error_rate"":0.0005}","{""detection_events"":645,""detectors_checked"":348160}"
      2048,         0,         0,   0.156,decoder_by_matrix,b84cf4b8ca220d31f17e1e2ea9ab927bbc4176b15682c650e7d1dd8f2758172b,"{""distance"":5,""physical_error_rate"":0.0005}","{""detection_events"":535,""detectors_checked"":348160}"
      2048,         0,         0,   0.156,decoder_by_matrix,b84cf4b8ca220d31f17e1e2ea9ab927bbc4176b15682c650e7d1dd8f2758172b,"{""distance"":5,""physical_error_rate"":0.0005}","{""detection_events"":810,""detectors_checked"":348160}"
      2048,         0,         0,   0.153,decoder_by_matrix,b84cf4b8ca220d31f17e1e2ea9ab927bbc4176b15682c650e7d1dd8f2758172b,"{""distance"":5,""physical_error_rate"":0.0005}","{""detection_events"":860,""detectors_checked"":348160}"
      2048,         0,         0,   0.139,decoder_by_matrix,b84cf4b8ca220d31f17e1e2ea9ab927bbc4176b15682c650e7d1dd8f2758172b,"{""distance"":5,""physical_error_rate"":0.0005}","{""detection_events"":505,""detectors_checked"":348160}"
      3072,         0,         0,   0.110,decoder_by_matrix,b84cf4b8ca220d31f17e1e2ea9ab927bbc4176b15682c650e7d1dd8f2758172b,"{""distance"":5,""physical_error_rate"":0.0005}","{""detection_events"":870,""detectors_checked"":522240}"
      2048,         0,         0,   0.192,decoder_by_matrix,b84cf4b8ca220d31f17e1e2ea9ab927bbc4176b15682c650e7d1dd8f2758172b,"{""distance"":5,""physical_error_rate"":0.0005}","{""detection_events"":545,""detectors_checked"":348160}"
      2048,         0,         0,   0.139,decoder_by_matrix,b84cf4b8ca220d31f17e1e2ea9ab927bbc4176b15682c650e7d1dd8f2758172b,"{""distance"":5,""physical_error_rate"":0.0005}","{""detection_events"":500,""detectors_checked"":348160}"
      2048,         0,         0,   0.154,decoder_by_matrix,b84cf4b8ca220d31f17e1e2ea9ab927bbc4176b15682c650e7d1dd8f2758172b,"{""distance"":5,""physical_error_rate"":0.0005}","{""detection_events"":700,""detectors_checked"":348160}"
      2048,         0,         0,   0.153,decoder_by_matrix,b84cf4b8ca220d31f17e1e2ea9ab927bbc4176b15682c650e7d1dd8f2758172b,"{""distance"":5,""physical_error_rate"":0.0005}","{""detection_events"":500,""detectors_checked"":348160}"
      2048,         0,         0,   0.146,decoder_by_matrix,b84cf4b8ca220d31f17e1e2ea9ab927bbc4176b15682c650e7d1dd8f2758172b,"{""distance"":5,""physical_error_rate"":0.0005}","{""detection_events"":400,""detectors_checked"":348160}"
      2048,         0,         0,   0.156,decoder_by_matrix,b84cf4b8ca220d31f17e1e2ea9ab927bbc4176b15682c650e7d1dd8f2758172b,"{""distance"":5,""physical_error_rate"":0.0005}","{""detection_events"":660,""detectors_checked"":348160}"
      2048,         0,         0,   0.142,decoder_by_matrix,b84cf4b8ca220d31f17e1e2ea9ab927bbc4176b15682c650e7d1dd8f2758172b,"{""distance"":5,""physical_error_rate"":0.0005}","{""detection_events"":575,""detectors_checked"":348160}"
      2048,         0,         0,   0.140,decoder_by_matrix,b84cf4b8ca220d31f17e1e2ea9ab927bbc4176b15682c650e7d1dd8f2758172b,"{""distance"":5,""physical_error_rate"":0.0005}","{""detection_events"":640,""detectors_checked"":348160}"
      2048,         0,         0,   0.147,decoder_by_matrix,b84cf4b8ca220d31f17e1e2ea9ab927bbc4176b15682c650e7d1dd8f2758172b,"{""distance"":5,""physical_error_rate"":0.0005}","{""detection_events"":380,""detectors_checked"":348160}"
      2048,         0,         0,   0.140,decoder_by_matrix,b84cf4b8ca220d31f17e1e2ea9ab927bbc4176b15682c650e7d1dd8f2758172b,"{""distance"":5,""physical_error_rate"":0.0005}","{""detection_events"":640,""detectors_checked"":348160}"
      2048,         0,         0,   0.156,decoder_by_matrix,b84cf4b8ca220d31f17e1e2ea9ab927bbc4176b15682c650e7d1dd8f2758172b,"{""distance"":5,""physical_error_rate"":0.0005}","{""detection_events"":550,""detectors_checked"":348160}"
      2048,         0,         0,   0.155,decoder_by_matrix,b84cf4b8ca220d31f17e1e2ea9ab927bbc4176b15682c650e7d1dd8f2758172b,"{""distance"":5,""physical_error_rate"":0.0005}","{""detection_events"":525,""detectors_checked"":348160}"
      2048,         0,         0,   0.140,decoder_by_matrix,b84cf4b8ca220d31f17e1e2ea9ab927bbc4176b15682c650e7d1dd8f2758172b,"{""distance"":5,""physical_error_rate"":0.0005}","{""detection_events"":815,""detectors_checked"":348160}"
      2048,         0,         0,   0.156,decoder_by_matrix,b84cf4b8ca220d31f17e1e2ea9ab927bbc4176b15682c650e7d1dd8f2758172b,"{""distance"":5,""physical_error_rate"":0.0005}","{""detection_events"":645,""detectors_checked"":348160}"
      2048,         0,         0,   0.153,decoder_by_matrix,b84cf4b8ca220d31f17e1e2ea9ab927bbc4176b15682c650e7d1dd8f2758172b,"{""distance"":5,""physical_error_rate"":0.0005}","{""detection_events"":570,""detectors_checked"":348160}"
      2048,         0,         0,   0.132,decoder_by_matrix,b84cf4b8ca220d31f17e1e2ea9ab927bbc4176b15682c650e7d1dd8f2758172b,"{""distance"":5,""physical_error_rate"":0.0005}","{""detection_events"":555,""detectors_checked"":348160}"
      2048,         0,         0,   0.126,decoder_by_matrix,b84cf4b8ca220d31f17e1e2ea9ab927bbc4176b15682c650e7d1dd8f2758172b,"{""distance"":5,""physical_error_rate"":0.0005}","{""detection_events"":760,""detectors_checked"":348160}"
      9216,         0,         0,   0.224,decoder_by_matrix,b84cf4b8ca220d31f17e1e2ea9ab927bbc4176b15682c650e7d1dd8f2758172b,"{""distance"":5,""physical_error_rate"":0.0005}","{""detection_events"":2550,""detectors_checked"":1566720}"
      2048,         0,         0,   0.153,decoder_by_matrix,b84cf4b8ca220d31f17e1e2ea9ab927bbc4176b15682c650e7d1dd8f2758172b,"{""distance"":5,""physical_error_rate"":0.0005}","{""detection_events"":635,""detectors_checked"":348160}"
      2048,         0,         0,   0.143,decoder_by_matrix,b84cf4b8ca220d31f17e1e2ea9ab927bbc4176b15682c650e7d1dd8f2758172b,"{""distance"":5,""physical_error_rate"":0.0005}","{""detection_events"":630,""detectors_checked"":348160}"
      2048,         0,         0,   0.136,decoder_by_matrix,b84cf4b8ca220d31f17e1e2ea9ab927bbc4176b15682c650e7d1dd8f2758172b,"{""distance"":5,""physical_error_rate"":0.0005}","{""detection_events"":455,""detectors_checked"":348160}"
      2048,         0,         0,   0.157,decoder_by_matrix,b84cf4b8ca220d31f17e1e2ea9ab927bbc4176b15682c650e7d1dd8f2758172b,"{""distance"":5,""physical_error_rate"":0.0005}","{""detection_events"":470,""detectors_checked"":348160}"
      2048,         0,         0,   0.155,decoder_by_matrix,b84cf4b8ca220d31f17e1e2ea9ab927bbc4176b15682c650e7d1dd8f2758172b,"{""distance"":5,""physical_error_rate"":0.0005}","{""detection_events"":685,""detectors_checked"":348160}"
      3072,         0,         0,   0.169,decoder_by_matrix,b84cf4b8ca220d31f17e1e2ea9ab927bbc4176b15682c650e7d1dd8f2758172b,"{""distance"":5,""physical_error_rate"":0.0005}","{""detection_events"":795,""detectors_checked"":522240}"
      2048,         0,         0,   0.154,decoder_by_matrix,b84cf4b8ca220d31f17e1e2ea9ab927bbc4176b15682c650e7d1dd8f2758172b,"{""distance"":5,""physical_error_rate"":0.0005}","{""detection_events"":435,""detectors_checked"":348160}"
      2048,         0,         0,   0.139,decoder_by_matrix,b84cf4b8ca220d31f17e1e2ea9ab927bbc4176b15682c650e7d1dd8f2758172b,"{""distance"":5,""physical_error_rate"":0.0005}","{""detection_events"":790,""detectors_checked"":348160}"
      2048,         0,         0,   0.140,decoder_by_matrix,b84cf4b8ca220d31f17e1e2ea9ab927bbc4176b15682c650e7d1dd8f2758172b,"{""distance"":5,""physical_error_rate"":0.0005}","{""detection_events"":570,""detectors_checked"":348160}"
      3072,         0,         0,   0.219,decoder_by_matrix,b84cf4b8ca220d31f17e1e2ea9ab927bbc4176b15682c650e7d1dd8f2758172b,"{""distance"":5,""physical_error_rate"":0.0005}","{""detection_events"":900,""detectors_checked"":522240}"
      2048,         0,         0,   0.129,decoder_by_matrix,b84cf4b8ca220d31f17e1e2ea9ab927bbc4176b15682c650e7d1dd8f2758172b,"{""distance"":5,""physical_error_rate"":0.0005}","{""detection_events"":535,""detectors_checked"":348160}"
      2048,         0,         0,   0.163,decoder_by_matrix,b84cf4b8ca220d31f17e1e2ea9ab927bbc4176b15682c650e7d1dd8f2758172b,"{""distance"":5,""physical_error_rate"":0.0005}","{""detection_events"":600,""detectors_checked"":348160}"
      2048,         0,         0,   0.163,decoder_by_matrix,b84cf4b8ca220d31f17e1e2ea9ab927bbc4176b15682c650e7d1dd8f2758172b,"{""distance"":5,""physical_error_rate"":0.0005}","{""detection_events"":370,""detectors_checked"":348160}"
      3072,         0,         0,   0.214,decoder_by_matrix,b84cf4b8ca220d31f17e1e2ea9ab927bbc4176b15682c650e7d1dd8f2758172b,"{""distance"":5,""physical_error_rate"":0.0005}","{""detection_events"":840,""detectors_checked"":522240}"
      2048,         0,         0,   0.154,decoder_by_matrix,b84cf4b8ca220d31f17e1e2ea9ab927bbc4176b15682c650e7d1dd8f2758172b,"{""distance"":5,""physical_error_rate"":0.0005}","{""detection_events"":305,""detectors_checked"":348160}"
      2048,         0,         0,   0.135,decoder_by_matrix,b84cf4b8ca220d31f17e1e2ea9ab927bbc4176b15682c650e7d1dd8f2758172b,"{""distance"":5,""physical_error_rate"":0.0005}","{""detection_events"":630,""detectors_checked"":348160}"
      2048,         0,         0,   0.142,decoder_by_matrix,b84cf4b8ca220d31f17e1e2ea9ab927bbc4176b15682c650e7d1dd8f2758172b,"{""distance"":5,""physical_error_rate"":0.0005}","{""detection_events"":345,""detectors_checked"":348160}"
      2048,         0,         0,   0.142,decoder_by_matrix,b84cf4b8ca220d31f17e1e2ea9ab927bbc4176b15682c650e7d1dd8f2758172b,"{""distance"":5,""physical_error_rate"":0.0005}","{""detection_events"":560,""detectors_checked"":348160}"
      2048,         0,         0,   0.153,decoder_by_matrix,b84cf4b8ca220d31f17e1e2ea9ab927bbc4176b15682c650e7d1dd8f2758172b,"{""distance"":5,""physical_error_rate"":0.0005}","{""detection_events"":380,""detectors_checked"":348160}"
      5120,         0,         0,   0.231,decoder_by_matrix,b84cf4b8ca220d31f17e1e2ea9ab927bbc4176b15682c650e7d1dd8f2758172b,"{""distance"":5,""physical_error_rate"":0.0005}","{""detection_events"":1720,""detectors_checked"":870400}"
      3072,         0,         0,   0.218,decoder_by_matrix,b84cf4b8ca220d31f17e1e2ea9ab927bbc4176b15682c650e7d1dd8f2758172b,"{""distance"":5,""physical_error_rate"":0.0005}","{""detection_events"":685,""detectors_checked"":522240}"
      3072,         0,         0,   0.205,decoder_by_matrix,b84cf4b8ca220d31f17e1e2ea9ab927bbc4176b15682c650e7d1dd8f2758172b,"{""distance"":5,""physical_error_rate"":0.0005}","{""detection_events"":740,""detectors_checked"":522240}"
      4096,         0,         0,   0.281,decoder_by_matrix,b84cf4b8ca220d31f17e1e2ea9ab927bbc4176b15682c650e7d1dd8f2758172b,"{""distance"":5,""physical_error_rate"":0.0005}","{""detection_events"":1235,""detectors_checked"":696320}"
      3072,         0,         0,   0.216,decoder_by_matrix,b84cf4b8ca220d31f17e1e2ea9ab927bbc4176b15682c650e7d1dd8f2758172b,"{""distance"":5,""physical_error_rate"":0.0005}","{""detection_events"":1050,""detectors_checked"":522240}"
      3072,         0,         0,   0.233,decoder_by_matrix,b84cf4b8ca220d31f17e1e2ea9ab927bbc4176b15682c650e7d1dd8f2758172b,"{""distance"":5,""physical_error_rate"":0.0005}","{""detection_events"":835,""detectors_checked"":522240}"
      3072,         0,         0,   0.218,decoder_by_matrix,b84cf4b8ca220d31f17e1e2ea9ab927bbc4176b15682c650e7d1dd8f2758172b,"{""distance"":5,""physical_error_rate"":0.0005}","{""detection_events"":1075,""detectors_checked"":522240}"
      3072,         0,         0,   0.221,decoder_by_matrix,b84cf4b8ca220d31f17e1e2ea9ab927bbc4176b15682c650e7d1dd8f2758172b,"{""distance"":5,""physical_error_rate"":0.0005}","{""detection_events"":775,""detectors_checked"":522240}"
      3072,         0,         0,   0.232,decoder_by_matrix,b84cf4b8ca220d31f17e1e2ea9ab927bbc4176b15682c650e7d1dd8f2758172b,"{""distance"":5,""physical_error_rate"":0.0005}","{""detection_events"":790,""detectors_checked"":522240}"
     16384,         0,         0,   0.292,decoder_by_matrix,b84cf4b8ca220d31f17e1e2ea9ab927bbc4176b15682c650e7d1dd8f2758172b,"{""distance"":5,""physical_error_rate"":0.0005}","{""detection_events"":4590,""detectors_checked"":2785280}"
      3072,         0,         0,   0.230,decoder_by_matrix,b84cf4b8ca220d31f17e1e2ea9ab927bbc4176b15682c650e7d1dd8f2758172b,"{""distance"":5,""physical_error_rate"":0.0005}","{""detection_events"":1055,""detectors_checked"":522240}"
      3072,         0,         0,   0.227,decoder_by_matrix,b84cf4b8ca220d31f17e1e2ea9ab927bbc4176b15682c650e7d1dd8f2758172b,"{""distance"":5,""physical_error_rate"":0.0005}","{""detection_events"":935,""detectors_checked"":522240}"
      6144,         0,         0,   0.246,decoder_by_matrix,b84cf4b8ca220d31f17e1e2ea9ab927bbc4176b15682c650e7d1dd8f2758172b,"{""distance"":5,""physical_error_rate"":0.0005}","{""detection_events"":1675,""detectors_checked"":1044480}"
      3072,         0,         0,   0.220,decoder_by_matrix,b84cf4b8ca220d31f17e1e2ea9ab927bbc4176b15682c650e7d1dd8f2758172b,"{""distance"":5,""physical_error_rate"":0.0005}","{""detection_events"":745,""detectors_checked"":522240}"
      3072,         0,         0,   0.217,decoder_by_matrix,b84cf4b8ca220d31f17e1e2ea9ab927bbc4176b15682c650e7d1dd8f2758172b,"{""distance"":5,""physical_error_rate"":0.0005}","{""detection_events"":945,""detectors_checked"":522240}"
      3072,         0,         0,   0.214,decoder_by_matrix,b84cf4b8ca220d31f17e1e2ea9ab927bbc4176b15682c650e7d1dd8f2758172b,"{""distance"":5,""physical_error_rate"":0.0005}","{""detection_events"":950,""detectors_checked"":522240}"
      3072,         0,         0,   0.217,decoder_by_matrix,b84cf4b8ca220d31f17e1e2ea9ab927bbc4176b15682c650e7d1dd8f2758172b,"{""distance"":5,""physical_error_rate"":0.0005}","{""detection_events"":930,""detectors_checked"":522240}"
      3072,         0,         0,   0.218,decoder_by_matrix,b84cf4b8ca220d31f17e1e2ea9ab927bbc4176b15682c650e7d1dd8f2758172b,"{""distance"":5,""physical_error_rate"":0.0005}","{""detection_events"":640,""detectors_checked"":522240}"
      3072,         0,         0,   0.220,decoder_by_matrix,b84cf4b8ca220d31f17e1e2ea9ab927bbc4176b15682c650e7d1dd8f2758172b,"{""distance"":5,""physical_error_rate"":0.0005}","{""detection_events"":1015,""detectors_checked"":522240}"
      3072,         0,         0,   0.236,decoder_by_matrix,b84cf4b8ca220d31f17e1e2ea9ab927bbc4176b15682c650e7d1dd8f2758172b,"{""distance"":5,""physical_error_rate"":0.0005}","{""detection_events"":705,""detectors_checked"":522240}"
      3072,         0,         0,   0.224,decoder_by_matrix,b84cf4b8ca220d31f17e1e2ea9ab927bbc4176b15682c650e7d1dd8f2758172b,"{""distance"":5,""physical_error_rate"":0.0005}","{""detection_events"":965,""detectors_checked"":522240}"
      3072,         0,         0,   0.229,decoder_by_matrix,b84cf4b8ca220d31f17e1e2ea9ab927bbc4176b15682c650e7d1dd8f2758172b,"{""distance"":5,""physical_error_rate"":0.0005}","{""detection_events"":845,""detectors_checked"":522240}"
      3072,         0,         0,   0.231,decoder_by_matrix,b84cf4b8ca220d31f17e1e2ea9ab927bbc4176b15682c650e7d1dd8f2758172b,"{""distance"":5,""physical_error_rate"":0.0005}","{""detection_events"":845,""detectors_checked"":522240}"
      3072,         0,         0,   0.250,decoder_by_matrix,b84cf4b8ca220d31f17e1e2ea9ab927bbc4176b15682c650e7d1dd8f2758172b,"{""distance"":5,""physical_error_rate"":0.0005}","{""detection_events"":965,""detectors_checked"":522240}"
      3072,         0,         0,   0.234,decoder_by_matrix,b84cf4b8ca220d31f17e1e2ea9ab927bbc4176b15682c650e7d1dd8f2758172b,"{""distance"":5,""physical_error_rate"":0.0005}","{""detection_events"":970,""detectors_checked"":522240}"
      3072,         0,         0,   0.248,decoder_by_matrix,b84cf4b8ca220d31f17e1e2ea9ab927bbc4176b15682c650e7d1dd8f2758172b,"{""distance"":5,""physical_error_rate"":0.0005}","{""detection_events"":1035,""detectors_checked"":522240}"
      4096,         0,         0,   0.290,decoder_by_matrix,b84cf4b8ca220d31f17e1e2ea9ab927bbc4176b15682c650e7d1dd8f2758172b,"{""distance"":5,""physical_error_rate"":0.0005}","{""detection_events"":1095,""detectors_checked"":696320}"
      5120,         0,         0,   0.343,decoder_by_matrix,b84cf4b8ca220d31f17e1e2ea9ab927bbc4176b15682c650e7d1dd8f2758172b,"{""distance"":5,""physical_error_rate"":0.0005}","{""detection_events"":1465,""detectors_checked"":870400}"
      4096,         0,         0,   0.295,decoder_by_matrix,b84cf4b8ca220d31f17e1e2ea9ab927bbc4176b15682c650e7d1dd8f2758172b,"{""distance"":5,""physical_error_rate"":0.0005}","{""detection_events"":1165,""detectors_checked"":696320}"
      4096,         0,         0,   0.305,decoder_by_matrix,b84cf4b8ca220d31f17e1e2ea9ab927bbc4176b15682c650e7d1dd8f2758172b,"{""distance"":5,""physical_error_rate"":0.0005}","{""detection_events"":1220,""detectors_checked"":696320}"
      4096,         0,         0,   0.305,decoder_by_matrix,b84cf4b8ca220d31f17e1e2ea9ab927bbc4176b15682c650e7d1dd8f2758172b,"{""distance"":5,""physical_error_rate"":0.0005}","{""detection_events"":1300,""detectors_checked"":696320}"
      4096,         0,         0,   0.309,decoder_by_matrix,b84cf4b8ca220d31f17e1e2ea9ab927bbc4176b15682c650e7d1dd8f2758172b,"{""distance"":5,""physical_error_rate"":0.0005}","{""detection_events"":1040,""detectors_checked"":696320}"
      4096,         0,         0,   0.298,decoder_by_matrix,b84cf4b8ca220d31f17e1e2ea9ab927bbc4176b15682c650e7d1dd8f2758172b,"{""distance"":5,""physical_error_rate"":0.0005}","{""detection_events"":1290,""detectors_checked"":696320}"
      4096,         0,         0,   0.290,decoder_by_matrix,b84cf4b8ca220d31f17e1e2ea9ab927bbc4176b15682c650e7d1dd8f2758172b,"{""distance"":5,""physical_error_rate"":0.0005}","{""detection_events"":1335,""detectors_checked"":696320}"
      4096,         0,         0,   0.304,decoder_by_matrix,b84cf4b8ca220d31f17e1e2ea9ab927bbc4176b15682c650e7d1dd8f2758172b,"{""distance"":5,""physical_error_rate"":0.0005}","{""detection_events"":1185,""detectors_checked"":696320}"
      4096,         0,         0,   0.300,decoder_by_matrix,b84cf4b8ca220d31f17e1e2ea9ab927bbc4176b15682c650e7d1dd8f2758172b,"{""distance"":5,""physical_error_rate"":0.0005}","{""detection_events"":1135,""detectors_checked"":696320}"
      7168,         0,         0,   0.321,decoder_by_matrix,b84cf4b8ca220d31f17e1e2ea9ab927bbc4176b15682c650e7d1dd8f2758172b,"{""distance"":5,""physical_error_rate"":0.0005}","{""detection_events"":2595,""detectors_checked"":1218560}"
      4096,         0,         0,   0.304,decoder_by_matrix,b84cf4b8ca220d31f17e1e2ea9ab927bbc4176b15682c650e7d1dd8f2758172b,"{""distance"":5,""physical_error_rate"":0.0005}","{""detection_events"":955,""detectors_checked"":696320}"
      4096,         0,         0,   0.303,decoder_by_matrix,b84cf4b8ca220d31f17e1e2ea9ab927bbc4176b15682c650e7d1dd8f2758172b,"{""distance"":5,""physical_error_rate"":0.0005}","{""detection_events"":1260,""detectors_checked"":696320}"
      4096,         0,         0,   0.307,decoder_by_matrix,b84cf4b8ca220d31f17e1e2ea9ab927bbc4176b15682c650e7d1dd8f2758172b,"{""distance"":5,""physical_error_rate"":0.0005}","{""detection_events"":1355,""detectors_checked"":696320}"
      4096,         0,         0,   0.298,decoder_by_matrix,b84cf4b8ca220d31f17e1e2ea9ab927bbc4176b15682c650e7d1dd8f2758172b,"{""distance"":5,""physical_error_rate"":0.0005}","{""detection_events"":1090,""detectors_checked"":696320}"
      4096,         0,         0,   0.313,decoder_by_matrix,b84cf4b8ca220d31f17e1e2ea9ab927bbc4176b15682c650e7d1dd8f2758172b,"{""distance"":5,""physical_error_rate"":0.0005}","{""detection_events"":1180,""detectors_checked"":696320}"
      4096,         0,         0,   0.308,decoder_by_matrix,b84cf4b8ca220d31f17e1e2ea9ab927bbc4176b15682c650e7d1dd8f2758172b,"{""distance"":5,""physical_error_rate"":0.0005}","{""detection_events"":1315,""detectors_checked"":696320}"
      5120,         0,         0,   0.360,decoder_by_matrix,b84cf4b8ca220d31f17e1e2ea9ab927bbc4176b15682c650e7d1dd8f2758172b,"{""distance"":5,""physical_error_rate"":0.0005}","{""detection_events"":1555,""detectors_checked"":870400}"
      4096,         0,         0,   0.305,decoder_by_matrix,b84cf4b8ca220d31f17e1e2ea9ab927bbc4176b15682c650e7d1dd8f2758172b,"{""distance"":5,""physical_error_rate"":0.0005}","{""detection_events"":1150,""detectors_checked"":696320}"
      4096,         0,         0,   0.289,decoder_by_matrix,b84cf4b8ca220d31f17e1e2ea9ab927bbc4176b15682c650e7d1dd8f2758172b,"{""distance"":5,""physical_error_rate"":0.0005}","{""detection_events"":1215,""detectors_checked"":696320}"
      4096,         0,         0,   0.310,decoder_by_matrix,b84cf4b8ca220d31f17e1e2ea9ab927bbc4176b15682c650e7d1dd8f2758172b,"{""distance"":5,""physical_error_rate"":0.0005}","{""detection_events"":1055,""detectors_checked"":696320}"
      4096,         0,         0,   0.300,decoder_by_matrix,b84cf4b8ca220d31f17e1e2ea9ab927bbc4176b15682c650e7d1dd8f2758172b,"{""distance"":5,""physical_error_rate"":0.0005}","{""detection_events"":915,""detectors_checked"":696320}"
     20480,         0,         0,   0.434,decoder_by_matrix,b84cf4b8ca220d31f17e1e2ea9ab927bbc4176b15682c650e7d1dd8f2758172b,"{""distance"":5,""physical_error_rate"":0.0005}","{""detection_events"":6290,""detectors_checked"":3481600}"
      4096,         0,         0,   0.300,decoder_by_matrix,b84cf4b8ca220d31f17e1e2ea9ab927bbc4176b15682c650e7d1dd8f2758172b,"{""distance"":5,""physical_error_rate"":0.0005}","{""detection_events"":990,""detectors_checked"":696320}"
      8192,         0,         0,   0.427,decoder_by_matrix,b84cf4b8ca220d31f17e1e2ea9ab927bbc4176b15682c650e7d1dd8f2758172b,"{""distance"":5,""physical_error_rate"":0.0005}","{""detection_events"":2275,""detectors_checked"":1392640}"
      5120,         0,         0,   0.458,decoder_by_matrix,b84cf4b8ca220d31f17e1e2ea9ab927bbc4176b15682c650e7d1dd8f2758172b,"{""distance"":5,""physical_error_rate"":0.0005}","{""detection_events"":1340,""detectors_checked"":870400}"
      4096,         0,         0,   0.415,decoder_by_matrix,b84cf4b8ca220d31f17e1e2ea9ab927bbc4176b15682c650e7d1dd8f2758172b,"{""distance"":5,""physical_error_rate"":0.0005}","{""detection_events"":980,""detectors_checked"":696320}"
      5120,         0,         0,   0.394,decoder_by_matrix,b84cf4b8ca220d31f17e1e2ea9ab927bbc4176b15682c650e7d1dd8f2758172b,"{""distance"":5,""physical_error_rate"":0.0005}","{""detection_events"":1710,""detectors_checked"":870400}"
      5120,         0,         0,   0.432,decoder_by_matrix,b84cf4b8ca220d31f17e1e2ea9ab927bbc4176b15682c650e7d1dd8f2758172b,"{""distance"":5,""physical_error_rate"":0.0005}","{""detection_events"":1460,""detectors_checked"":870400}"
     10240,         0,         0,   0.405,decoder_by_matrix,b84cf4b8ca220d31f17e1e2ea9ab927bbc4176b15682c650e7d1dd8f2758172b,"{""distance"":5,""physical_error_rate"":0.0005}","{""detection_events"":2735,""detectors_checked"":1740800}"
      6144,         0,         0,   0.466,decoder_by_matrix,b84cf4b8ca220d31f17e1e2ea9ab927bbc4176b15682c650e7d1dd8f2758172b,"{""distance"":5,""physical_error_rate"":0.0005}","{""detection_events"":1595,""detectors_checked"":1044480}"
      5120,         0,         0,   0.468,decoder_by_matrix,b84cf4b8ca220d31f17e1e2ea9ab927bbc4176b15682c650e7d1dd8f2758172b,"{""distance"":5,""physical_error_rate"":0.0005}","{""detection_events"":1525,""detectors_checked"":870400}"
      9216,         0,         0,   0.420,decoder_by_matrix,b84cf4b8ca220d31f17e1e2ea9ab927bbc4176b15682c650e7d1dd8f2758172b,"{""distance"":5,""physical_error_rate"":0.0005}","{""detection_events"":2870,""detectors_checked"":1566720}"
      6144,         0,         0,   0.440,decoder_by_matrix,b84cf4b8ca220d31f17e1e2ea9ab927bbc4176b15682c650e7d1dd8f2758172b,"{""distance"":5,""physical_error_rate"":0.0005}","{""detection_events"":1775,""detectors_checked"":1044480}"
      6144,         0,         0,   0.441,decoder_by_matrix,b84cf4b8ca220d31f17e1e2ea9ab927bbc4176b15682c650e7d1dd8f2758172b,"{""distance"":5,""physical_error_rate"":0.0005}","{""detection_events"":1625,""detectors_checked"":1044480}"
      6144,         0,         0,   0.428,decoder_by_matrix,b84cf4b8ca220d31f17e1e2ea9ab927bbc4176b15682c650e7d1dd8f2758172b,"{""distance"":5,""physical_error_rate"":0.0005}","{""detection_events"":1890,""detectors_checked"":1044480}"
      6144,         0,         0,   0.446,decoder_by_matrix,b84cf4b8ca220d31f17e1e2ea9ab927bbc4176b15682c650e7d1dd8f2758172b,"{""distance"":5,""physical_error_rate"":0.0005}","{""detection_events"":1635,""detectors_checked"":1044480}"
      6144,         0,         0,   0.446,decoder_by_matrix,b84cf4b8ca220d31f17e1e2ea9ab927bbc4176b15682c650e7d1dd8f2758172b,"{""distance"":5,""physical_error_rate"":0.0005}","{""detection_events"":2015,""detectors_checked"":1044480}"
      6144,         0,         0,   0.439,decoder_by_matrix,b84cf4b8ca220d31f17e1e2ea9ab927bbc4176b15682c650e7d1dd8f2758172b,"{""distance"":5,""physical_error_rate"":0.0005}","{""detection_events"":1575,""detectors_checked"":1044480}"
      6144,         0,         0,   0.429,decoder_by_matrix,b84cf4b8ca220d31f17e1e2ea9ab927bbc4176b15682c650e7d1dd8f2758172b,"{""distance"":5,""physical_error_rate"":0.0005}","{""detection_events"":1800,""detectors_checked"":1044480}"
      6144,         0,         0,   0.446,decoder_by_matrix,b84cf4b8ca220d31f17e1e2ea9ab927bbc4176b15682c650e7d1dd8f2758172b,"{""distance"":5,""physical_error_rate"":0.0005}","{""detection_events"":1775,""detectors_checked"":1044480}"
      6144,         0,         0,   0.469,decoder_by_matrix,b84cf4b8ca220d31f17e1e2ea9ab927bbc4176b15682c650e7d1dd8f2758172b,"{""distance"":5,""physical_error_rate"":0.0005}","{""detection_events"":1670,""detectors_checked"":1044480}"
      5120,         0,         0,   0.495,decoder_by_matrix,b84cf4b8ca220d31f17e1e2ea9ab927bbc4176b15682c650e7d1dd8f2758172b,"{""distance"":5,""physical_error_rate"":0.0005}","{""detection_events"":1490,""detectors_checked"":870400}"
      6144,         0,         0,   0.460,decoder_by_matrix,b84cf4b8ca220d31f17e1e2ea9ab927bbc4176b15682c650e7d1dd8f2758172b,"{""distance"":5,""physical_error_rate"":0.0005}","{""detection_events"":1770,""detectors_checked"":1044480}"
      6144,         0,         0,   0.469,decoder_by_matrix,b84cf4b8ca220d31f17e1e2ea9ab927bbc4176b15682c650e7d1dd8f2758172b,"{""distance"":5,""physical_error_rate"":0.0005}","{""detection_events"":1445,""detectors_checked"":1044480}"
      6144,         0,         0,   0.465,decoder_by_matrix,b84cf4b8ca220d31f17e1e2ea9ab927bbc4176b15682c650e7d1dd8f2758172b,"{""distance"":5,""physical_error_rate"":0.0005}","{""detection_events"":2025,""detectors_checked"":1044480}"
      6144,         0,         0,   0.462,decoder_by_matrix,b84cf4b8ca220d31f17e1e2ea9ab927bbc4176b15682c650e7d1dd8f2758172b,"{""distance"":5,""physical_error_rate"":0.0005}","{""detection_events"":1400,""detectors_checked"":1044480}"
     17408,         0,         0,   0.593,decoder_by_matrix,b84cf4b8ca220d31f17e1e2ea9ab927bbc4176b15682c650e7d1dd8f2758172b,"{""distance"":5,""physical_error_rate"":0.0005}","{""detection_events"":5210,""detectors_checked"":2959360}"
      8192,         0,         0,   0.562,decoder_by_matrix,b84cf4b8ca220d31f17e1e2ea9ab927bbc4176b15682c650e7d1dd8f2758172b,"{""distance"":5,""physical_error_rate"":0.0005}","{""detection_events"":2440,""detectors_checked"":1392640}"
      8192,         0,         0,   0.585,decoder_by_matrix,b84cf4b8ca220d31f17e1e2ea9ab927bbc4176b15682c650e7d1dd8f2758172b,"{""distance"":5,""physical_error_rate"":0.0005}","{""detection_events"":2105,""detectors_checked"":1392640}"
      8192,         0,         0,   0.611,decoder_by_matrix,b84cf4b8ca220d31f17e1e2ea9ab927bbc4176b15682c650e7d1dd8f2758172b,"{""distance"":5,""physical_error_rate"":0.0005}","{""detection_events"":2080,""detectors_checked"":1392640}"
      8192,         0,         0,   0.615,decoder_by_matrix,b84cf4b8ca220d31f17e1e2ea9ab927bbc4176b15682c650e7d1dd8f2758172b,"{""distance"":5,""physical_error_rate"":0.0005}","{""detection_events"":2280,""detectors_checked"":1392640}"
     14336,         0,         0,   0.587,decoder_by_matrix,b84cf4b8ca220d31f17e1e2ea9ab927bbc4176b15682c650e7d1dd8f2758172b,"{""distance"":5,""physical_error_rate"":0.0005}","{""detection_events"":4135,""detectors_checked"":2437120}"
      8192,         0,         0,   0.618,decoder_by_matrix,b84cf4b8ca220d31f17e1e2ea9ab927bbc4176b15682c650e7d1dd8f2758172b,"{""distance"":5,""physical_error_rate"":0.0005}","{""detection_events"":2025,""detectors_checked"":1392640}"
      8192,         0,         0,   0.599,decoder_by_matrix,b84cf4b8ca220d31f17e1e2ea9ab927bbc4176b15682c650e7d1dd8f2758172b,"{""distance"":5,""physical_error_rate"":0.0005}","{""detection_events"":2605,""detectors_checked"":1392640}"
      8192,         0,         0,   0.585,decoder_by_matrix,b84cf4b8ca220d31f17e1e2ea9ab927bbc4176b15682c650e7d1dd8f2758172b,"{""distance"":5,""physical_error_rate"":0.0005}","{""detection_events"":2225,""detectors_checked"":1392640}"
      8192,         0,         0,   0.614,decoder_by_matrix,b84cf4b8ca220d31f17e1e2ea9ab927bbc4176b15682c650e7d1dd8f2758172b,"{""distance"":5,""physical_error_rate"":0.0005}","{""detection_events"":2125,""detectors_checked"":1392640}"
      8192,         0,         0,   0.629,decoder_by_matrix,b84cf4b8ca220d31f17e1e2ea9ab927bbc4176b15682c650e7d1dd8f2758172b,"{""distance"":5,""physical_error_rate"":0.0005}","{""detection_events"":2095,""detectors_checked"":1392640}"
      8192,         0,         0,   0.602,decoder_by_matrix,b84cf4b8ca220d31f17e1e2ea9ab927bbc4176b15682c650e7d1dd8f2758172b,"{""distance"":5,""physical_error_rate"":0.0005}","{""detection_events"":2195,""detectors_checked"":1392640}"
      8192,         0,         0,   0.640,decoder_by_matrix,b84cf4b8ca220d31f17e1e2ea9ab927bbc4176b15682c650e7d1dd8f2758172b,"{""distance"":5,""physical_error_rate"":0.0005}","{""detection_events"":2315,""detectors_checked"":1392640}"
      8192,         0,         0,   0.586,decoder_by_matrix,b84cf4b8ca220d31f17e1e2ea9ab927bbc4176b15682c650e7d1dd8f2758172b,"{""distance"":5,""physical_error_rate"":0.0005}","{""detection_events"":2325,""detectors_checked"":1392640}"
      8192,         0,         0,   0.597,decoder_by_matrix,b84cf4b8ca220d31f17e1e2ea9ab927bbc4176b15682c650e7d1dd8f2758172b,"{""distance"":5,""physical_error_rate"":0.0005}","{""detection_events"":2105,""detectors_checked"":1392640}"
      8192,         0,         0,   0.585,decoder_by_matrix,b84cf4b8ca220d31f17e1e2ea9ab927bbc4176b15682c650e7d1dd8f2758172b,"{""distance"":5,""physical_error_rate"":0.0005}","{""detection_events"":2020,""detectors_checked"":1392640}"
      8192,         0,         0,   0.604,decoder_by_matrix,b84cf4b8ca220d31f17e1e2ea9ab927bbc4176b15682c650e7d1dd8f2758172b,"{""distance"":5,""physical_error_rate"":0.0005}","{""detection_events"":2375,""detectors_checked"":1392640}"
     11264,         0,         0,   0.577,decoder_by_matrix,b84cf4b8ca220d31f17e1e2ea9ab927bbc4176b15682c650e7d1dd8f2758172b,"{""distance"":5,""physical_error_rate"":0.0005}","{""detection_events"":3320,""detectors_checked"":1914880}"
      7168,         0,         0,   0.590,decoder_by_matrix,b84cf4b8ca220d31f17e1e2ea9ab927bbc4176b15682c650e7d1dd8f2758172b,"{""distance"":5,""physical_error_rate"":0.0005}","{""detection_events"":1975,""detectors_checked"":1218560}"
      8192,         0,         0,   0.662,decoder_by_matrix,b84cf4b8ca220d31f17e1e2ea9ab927bbc4176b15682c650e7d1dd8f2758172b,"{""distance"":5,""physical_error_rate"":0.0005}","{""detection_events"":2055,""detectors_checked"":1392640}"
      8192,         0,         0,   0.585,decoder_by_matrix,b84cf4b8ca220d31f17e1e2ea9ab927bbc4176b15682c650e7d1dd8f2758172b,"{""distance"":5,""physical_error_rate"":0.0005}","{""detection_events"":2185,""detectors_checked"":1392640}"
      8192,         0,         0,   0.591,decoder_by_matrix,b84cf4b8ca220d31f17e1e2ea9ab927bbc4176b15682c650e7d1dd8f2758172b,"{""distance"":5,""physical_error_rate"":0.0005}","{""detection_events"":2120,""detectors_checked"":1392640}"
      7168,         0,         0,   0.543,decoder_by_matrix,b84cf4b8ca220d31f17e1e2ea9ab927bbc4176b15682c650e7d1dd8f2758172b,"{""distance"":5,""physical_error_rate"":0.0005}","{""detection_events"":2050,""detectors_checked"":1218560}"
      8192,         0,         0,   0.614,decoder_by_matrix,b84cf4b8ca220d31f17e1e2ea9ab927bbc4176b15682c650e7d1dd8f2758172b,"{""distance"":5,""physical_error_rate"":0.0005}","{""detection_events"":1655,""detectors_checked"":1392640}"
     28672,         0,         0,   0.802,decoder_by_matrix,b84cf4b8ca220d31f17e1e2ea9ab927bbc4176b15682c650e7d1dd8f2758172b,"{""distance"":5,""physical_error_rate"":0.0005}","{""detection_events"":8655,""detectors_checked"":4874240}"
     20480,         0,         0,   0.867,decoder_by_matrix,b84cf4b8ca220d31f17e1e2ea9ab927bbc4176b15682c650e7d1dd8f2758172b,"{""distance"":5,""physical_error_rate"":0.0005}","{""detection_events"":5480,""detectors_checked"":3481600}"
     15360,         0,         0,   0.814,decoder_by_matrix,b84cf4b8ca220d31f17e1e2ea9ab927bbc4176b15682c650e7d1dd8f2758172b,"{""distance"":5,""physical_error_rate"":0.0005}","{""detection_events"":4260,""detectors_checked"":2611200}"
     13312,         0,         0,   0.806,decoder_by_matrix,b84cf4b8ca220d31f17e1e2ea9ab927bbc4176b15682c650e7d1dd8f2758172b,"{""distance"":5,""physical_error_rate"":0.0005}","{""detection_events"":3615,""detectors_checked"":2263040}"
      9216,         0,         0,   0.780,decoder_by_matrix,b84cf4b8ca220d31f17e1e2ea9ab927bbc4176b15682c650e7d1dd8f2758172b,"{""distance"":5,""physical_error_rate"":0.0005}","{""detection_events"":3150,""detectors_checked"":1566720}"
     11264,         0,         0,   0.864,decoder_by_matrix,b84cf4b8ca220d31f17e1e2ea9ab927bbc4176b15682c650e7d1dd8f2758172b,"{""distance"":5,""physical_error_rate"":0.0005}","{""detection_events"":2635,""detectors_checked"":1914880}"
     15360,         0,         0,   0.868,decoder_by_matrix,b84cf4b8ca220d31f17e1e2ea9ab927bbc4176b15682c650e7d1dd8f2758172b,"{""distance"":5,""physical_error_rate"":0.0005}","{""detection_events"":5005,""detectors_checked"":2611200}"
     11264,         0,         0,   0.837,decoder_by_matrix,b84cf4b8ca220d31f17e1e2ea9ab927bbc4176b15682c650e7d1dd8f2758172b,"{""distance"":5,""physical_error_rate"":0.0005}","{""detection_events"":3595,""detectors_checked"":1914880}"
     11264,         0,         0,   0.814,decoder_by_matrix,b84cf4b8ca220d31f17e1e2ea9ab927bbc4176b15682c650e7d1dd8f2758172b,"{""distance"":5,""physical_error_rate"":0.0005}","{""detection_events"":2855,""detectors_checked"":1914880}"
     11264,         0,         0,   0.832,decoder_by_matrix,b84cf4b8ca220d31f17e1e2ea9ab927bbc4176b15682c650e7d1dd8f2758172b,"{""distance"":5,""physical_error_rate"":0.0005}","{""detection_events"":2980,""detectors_checked"":1914880}"
      9216,         0,         0,   0.834,decoder_by_matrix,b84cf4b8ca220d31f17e1e2ea9ab927bbc4176b15682c650e7d1dd8f2758172b,"{""distance"":5,""physical_error_rate"":0.0005}","{""detection_events"":2520,""detectors_checked"":1566720}"
     11264,         0,         0,   0.803,decoder_by_matrix,b84cf4b8ca220d31f17e1e2ea9ab927bbc4176b15682c650e7d1dd8f2758172b,"{""distance"":5,""physical_error_rate"":0.0005}","{""detection_events"":2960,""detectors_checked"":1914880}"
     11264,         0,         0,   0.833,decoder_by_matrix,b84cf4b8ca220d31f17e1e2ea9ab927bbc4176b15682c650e7d1dd8f2758172b,"{""distance"":5,""physical_error_rate"":0.0005}","{""detection_events"":3155,""detectors_checked"":1914880}"
     10240,         0,         0,   0.780,decoder_by_matrix,b84cf4b8ca220d31f17e1e2ea9ab927bbc4176b15682c650e7d1dd8f2758172b,"{""distance"":5,""physical_error_rate"":0.0005}","{""detection_events"":2805,""detectors_checked"":1740800}"
     10240,         0,         0,   0.787,decoder_by_matrix,b84cf4b8ca220d31f17e1e2ea9ab927bbc4176b15682c650e7d1dd8f2758172b,"{""distance"":5,""physical_error_rate"":0.0005}","{""detection_events"":2820,""detectors_checked"":1740800}"
     10240,         0,         0,   0.797,decoder_by_matrix,b84cf4b8ca220d31f17e1e2ea9ab927bbc4176b15682c650e7d1dd8f2758172b,"{""distance"":5,""physical_error_rate"":0.0005}","{""detection_events"":3165,""detectors_checked"":1740800}"
     10240,         0,         0,   0.808,decoder_by_matrix,b84cf4b8ca220d31f17e1e2ea9ab927bbc4176b15682c650e7d1dd8f2758172b,"{""distance"":5,""physical_error_rate"":0.0005}","{""detection_events"":3040,""detectors_checked"":1740800}"
     10240,         0,         0,   0.792,decoder_by_matrix,b84cf4b8ca220d31f17e1e2ea9ab927bbc4176b15682c650e7d1dd8f2758172b,"{""distance"":5,""physical_error_rate"":0.0005}","{""detection_events"":2885,""detectors_checked"":1740800}"
      9216,         0,         0,   0.786,decoder_by_matrix,b84cf4b8ca220d31f17e1e2ea9ab927bbc4176b15682c650e7d1dd8f2758172b,"{""distance"":5,""physical_error_rate"":0.0005}","{""detection_events"":3400,""detectors_checked"":1566720}"
     11264,         0,         0,   0.833,decoder_by_matrix,b84cf4b8ca220d31f17e1e2ea9ab927bbc4176b15682c650e7d1dd8f2758172b,"{""distance"":5,""physical_error_rate"":0.0005}","{""detection_events"":3275,""detectors_checked"":1914880}"
     11264,         0,         0,   0.845,decoder_by_matrix,b84cf4b8ca220d31f17e1e2ea9ab927bbc4176b15682c650e7d1dd8f2758172b,"{""distance"":5,""physical_error_rate"":0.0005}","{""detection_events"":3710,""detectors_checked"":1914880}"
      9216,         0,         0,   0.820,decoder_by_matrix,b84cf4b8ca220d31f17e1e2ea9ab927bbc4176b15682c650e7d1dd8f2758172b,"{""distance"":5,""physical_error_rate"":0.0005}","{""detection_events"":2610,""detectors_checked"":1566720}"
     11264,         0,         0,   0.901,decoder_by_matrix,b84cf4b8ca220d31f17e1e2ea9ab927bbc4176b15682c650e7d1dd8f2758172b,"{""distance"":5,""physical_error_rate"":0.0005}","{""detection_events"":3500,""detectors_checked"":1914880}"
     11264,         0,         0,   0.833,decoder_by_matrix,b84cf4b8ca220d31f17e1e2ea9ab927bbc4176b15682c650e7d1dd8f2758172b,"{""distance"":5,""physical_error_rate"":0.0005}","{""detection_events"":3340,""detectors_checked"":1914880}"
     90112,         0,         0,    1.11,decoder_by_matrix,b84cf4b8ca220d31f17e1e2ea9ab927bbc4176b15682c650e7d1dd8f2758172b,"{""distance"":5,""physical_error_rate"":0.0005}","{""detection_events"":25060,""detectors_checked"":15319040}"
    503123,         0,         0,    38.2,decoder_by_matrix,b84cf4b8ca220d31f17e1e2ea9ab927bbc4176b15682c650e7d1dd8f2758172b,"{""distance"":5,""physical_error_rate"":0.0005}","{""detection_events"":145560,""detectors_checked"":85530910}"
    484352,         0,         0,    38.0,decoder_by_matrix,b84cf4b8ca220d31f17e1e2ea9ab927bbc4176b15682c650e7d1dd8f2758172b,"{""distance"":5,""physical_error_rate"":0.0005}","{""detection_events"":137140,""detectors_checked"":82339840}"
     15360,         0,         0,    1.11,decoder_by_matrix,b84cf4b8ca220d31f17e1e2ea9ab927bbc4176b15682c650e7d1dd8f2758172b,"{""distance"":5,""physical_error_rate"":0.0005}","{""detection_events"":4320,""detectors_checked"":2611200}"
    468992,         0,         0,    28.1,decoder_by_matrix,b84cf4b8ca220d31f17e1e2ea9ab927bbc4176b15682c650e7d1dd8f2758172b,"{""distance"":5,""physical_error_rate"":0.0005}","{""detection_events"":131475,""detectors_checked"":79728640}"
    515072,         0,         0,    38.2,decoder_by_matrix,b84cf4b8ca220d31f17e1e2ea9ab927bbc4176b15682c650e7d1dd8f2758172b,"{""distance"":5,""physical_error_rate"":0.0005}","{""detection_events"":144225,""detectors_checked"":87562240}"
     16384,         0,         0,    1.12,decoder_by_matrix,b84cf4b8ca220d31f17e1e2ea9ab927bbc4176b15682c650e7d1dd8f2758172b,"{""distance"":5,""physical_error_rate"":0.0005}","{""detection_events"":5190,""detectors_checked"":2785280}"
    456704,         0,         0,    34.7,decoder_by_matrix,b84cf4b8ca220d31f17e1e2ea9ab927bbc4176b15682c650e7d1dd8f2758172b,"{""distance"":5,""physical_error_rate"":0.0005}","{""detection_events"":126000,""detectors_checked"":77639680}"
     15360,         0,         0,    1.10,decoder_by_matrix,b84cf4b8ca220d31f17e1e2ea9ab927bbc4176b15682c650e7d1dd8f2758172b,"{""distance"":5,""physical_error_rate"":0.0005}","{""detection_events"":4400,""detectors_checked"":2611200}"
     16384,         0,         0,    1.16,decoder_by_matrix,b84cf4b8ca220d31f17e1e2ea9ab927bbc4176b15682c650e7d1dd8f2758172b,"{""distance"":5,""physical_error_rate"":0.0005}","{""detection_events"":4680,""detectors_checked"":2785280}"
     15360,         0,         0,    1.12,decoder_by_matrix,b84cf4b8ca220d31f17e1e2ea9ab927bbc4176b15682c650e7d1dd8f2758172b,"{""distance"":5,""physical_error_rate"":0.0005}","{""detection_events"":4530,""detectors_checked"":2611200}"
     15360,         0,         0,    1.13,decoder_by_matrix,b84cf4b8ca220d31f17e1e2ea9ab927bbc4176b15682c650e7d1dd8f2758172b,"{""distance"":5,""physical_error_rate"":0.0005}","{""detection_events"":4055,""detectors_checked"":2611200}"
     14336,         0,         0,    1.09,decoder_by_matrix,b84cf4b8ca220d31f17e1e2ea9ab927bbc4176b15682c650e7d1dd8f2758172b,"{""distance"":5,""physical_error_rate"":0.0005}","{""detection_events"":3990,""detectors_checked"":2437120}"
     16384,         0,         0,    1.16,decoder_by_matrix,b84cf4b8ca220d31f17e1e2ea9ab927bbc4176b15682c650e7d1dd8f2758172b,"{""distance"":5,""physical_error_rate"":0.0005}","{""detection_events"":4210,""detectors_checked"":2785280}"
     15360,         0,         0,    1.14,decoder_by_matrix,b84cf4b8ca220d31f17e1e2ea9ab927bbc4176b15682c650e7d1dd8f2758172b,"{""distance"":5,""physical_error_rate"":0.0005}","{""detection_events"":4260,""detectors_checked"":2611200}"
     15360,         0,         0,    1.12,decoder_by_matrix,b84cf4b8ca220d31f17e1e2ea9ab927bbc4176b15682c650e7d1dd8f2758172b,"{""distance"":5,""physical_error_rate"":0.0005}","{""detection_events"":4045,""detectors_checked"":2611200}"
     16384,         0,         0,    1.15,decoder_by_matrix,b84cf4b8ca220d31f17e1e2ea9ab927bbc4176b15682c650e7d1dd8f2758172b,"{""distance"":5,""physical_error_rate"":0.0005}","{""detection_events"":4905,""detectors_checked"":2785280}"
     16384,         0,         0,    1.15,decoder_by_matrix,b84cf4b8ca220d31f17e1e2ea9ab927bbc4176b15682c650e7d1dd8f2758172b,"{""distance"":5,""physical_error_rate"":0.0005}","{""detection_events"":4625,""detectors_checked"":2785280}"
     16384,         0,         0,    1.16,decoder_by_matrix,b84cf4b8ca220d31f17e1e2ea9ab927bbc4176b15682c650e7d1dd8f2758172b,"{""distance"":5,""physical_error_rate"":0.0005}","{""detection_events"":4360,""detectors_checked"":2785280}"
     16384,         0,         0,    1.16,decoder_by_matrix,b84cf4b8ca220d31f17e1e2ea9ab927bbc4176b15682c650e7d1dd8f2758172b,"{""distance"":5,""physical_error_rate"":0.0005}","{""detection_events"":4745,""detectors_checked"":2785280}"
     14336,         0,         0,    1.15,decoder_by_matrix,b84cf4b8ca220d31f17e1e2ea9ab927bbc4176b15682c650e7d1dd8f2758172b,"{""distance"":5,""physical_error_rate"":0.0005}","{""detection_events"":3645,""detectors_checked"":2437120}"
     16384,         0,         0,    1.17,decoder_by_matrix,b84cf4b8ca220d31f17e1e2ea9ab927bbc4176b15682c650e7d1dd8f2758172b,"{""distance"":5,""physical_error_rate"":0.0005}","{""detection_events"":4620,""detectors_checked"":2785280}"
     15360,         0,         0,    1.18,decoder_by_matrix,b84cf4b8ca220d31f17e1e2ea9ab927bbc4176b15682c650e7d1dd8f2758172b,"{""distance"":5,""physical_error_rate"":0.0005}","{""detection_events"":4390,""detectors_checked"":2611200}"
     15360,         0,         0,    1.10,decoder_by_matrix,b84cf4b8ca220d31f17e1e2ea9ab927bbc4176b15682c650e7d1dd8f2758172b,"{""distance"":5,""physical_error_rate"":0.0005}","{""detection_events"":4260,""detectors_checked"":2611200}"
     15360,         0,         0,    1.15,decoder_by_matrix,b84cf4b8ca220d31f17e1e2ea9ab927bbc4176b15682c650e7d1dd8f2758172b,"{""distance"":5,""physical_error_rate"":0.0005}","{""detection_events"":4745,""detectors_checked"":2611200}"
     19456,         0,         0,    1.15,decoder_by_matrix,b84cf4b8ca220d31f17e1e2ea9ab927bbc4176b15682c650e7d1dd8f2758172b,"{""distance"":5,""physical_error_rate"":0.0005}","{""detection_events"":5360,""detectors_checked"":3307520}"
     15360,         0,         0,    1.15,decoder_by_matrix,b84cf4b8ca220d31f17e1e2ea9ab927bbc4176b15682c650e7d1dd8f2758172b,"{""distance"":5,""physical_error_rate"":0.0005}","{""detection_events"":4560,""detectors_checked"":2611200}"
     15360,         0,         0,    1.16,decoder_by_matrix,b84cf4b8ca220d31f17e1e2ea9ab927bbc4176b15682c650e7d1dd8f2758172b,"{""distance"":5,""physical_error_rate"":0.0005}","{""detection_events"":4250,""detectors_checked"":2611200}"
     15360,         0,         0,    1.15,decoder_by_matrix,b84cf4b8ca220d31f17e1e2ea9ab927bbc4176b15682c650e7d1dd8f2758172b,"{""distance"":5,""physical_error_rate"":0.0005}","{""detection_events"":4415,""detectors_checked"":2611200}"
    135168,         0,         0,    1.55,decoder_by_matrix,b84cf4b8ca220d31f17e1e2ea9ab927bbc4176b15682c650e7d1dd8f2758172b,"{""distance"":5,""physical_error_rate"":0.0005}","{""detection_events"":38900,""detectors_checked"":22978560}"
     20480,         0,         0,    1.58,decoder_by_matrix,b84cf4b8ca220d31f17e1e2ea9ab927bbc4176b15682c650e7d1dd8f2758172b,"{""distance"":5,""physical_error_rate"":0.0005}","{""detection_events"":5095,""detectors_checked"":3481600}"
     22528,         0,         0,    1.59,decoder_by_matrix,b84cf4b8ca220d31f17e1e2ea9ab927bbc4176b15682c650e7d1dd8f2758172b,"{""distance"":5,""physical_error_rate"":0.0005}","{""detection_events"":5615,""detectors_checked"":3829760}"
    112640,         0,         0,    5.95,decoder_by_matrix,b84cf4b8ca220d31f17e1e2ea9ab927bbc4176b15682c650e7d1dd8f2758172b,"{""distance"":5,""physical_error_rate"":0.0005}","{""detection_events"":31785,""detectors_checked"":19148800}"
     26624,         0,         0,    1.56,decoder_by_matrix,b84cf4b8ca220d31f17e1e2ea9ab927bbc4176b15682c650e7d1dd8f2758172b,"{""distance"":5,""physical_error_rate"":0.0005}","{""detection_events"":7570,""detectors_checked"":4526080}"
     21504,         0,         0,    1.58,decoder_by_matrix,b84cf4b8ca220d31f17e1e2ea9ab927bbc4176b15682c650e7d1dd8f2758172b,"{""distance"":5,""physical_error_rate"":0.0005}","{""detection_events"":6005,""detectors_checked"":3655680}"
     20480,         0,         0,    1.54,decoder_by_matrix,b84cf4b8ca220d31f17e1e2ea9ab927bbc4176b15682c650e7d1dd8f2758172b,"{""distance"":5,""physical_error_rate"":0.0005}","{""detection_events"":6570,""detectors_checked"":3481600}"
     79872,         0,         0,    5.99,decoder_by_matrix,b84cf4b8ca220d31f17e1e2ea9ab927bbc4176b15682c650e7d1dd8f2758172b,"{""distance"":5,""physical_error_rate"":0.0005}","{""detection_events"":23075,""detectors_checked"":13578240}"
     76800,         0,         0,    6.01,decoder_by_matrix,b84cf4b8ca220d31f17e1e2ea9ab927bbc4176b15682c650e7d1dd8f2758172b,"{""distance"":5,""physical_error_rate"":0.0005}","{""detection_events"":21355,""detectors_checked"":13056000}"
     21504,         0,         0,    1.58,decoder_by_matrix,b84cf4b8ca220d31f17e1e2ea9ab927bbc4176b15682c650e7d1dd8f2758172b,"{""distance"":5,""physical_error_rate"":0.0005}","{""detection_events"":6100,""detectors_checked"":3655680}"
     21504,         0,         0,    1.56,decoder_by_matrix,b84cf4b8ca220d31f17e1e2ea9ab927bbc4176b15682c650e7d1dd8f2758172b,"{""distance"":5,""physical_error_rate"":0.0005}","{""detection_events"":5845,""detectors_checked"":3655680}"
     20480,         0,         0,    1.59,decoder_by_matrix,b84cf4b8ca220d31f17e1e2ea9ab927bbc4176b15682c650e7d1dd8f2758172b,"{""distance"":5,""physical_error_rate"":0.0005}","{""detection_events"":4800,""detectors_checked"":3481600}"
     21504,         0,         0,    1.58,decoder_by_matrix,b84cf4b8ca220d31f17e1e2ea9ab927bbc4176b15682c650e7d1dd8f2758172b,"{""distance"":5,""physical_error_rate"":0.0005}","{""detection_events"":6015,""detectors_checked"":3655680}"
     21504,         0,         0,    1.54,decoder_by_matrix,b84cf4b8ca220d31f17e1e2ea9ab927bbc4176b15682c650e7d1dd8f2758172b,"{""distance"":5,""physical_error_rate"":0.0005}","{""detection_events"":5955,""detectors_checked"":3655680}"
     76800,         0,         0,    6.01,decoder_by_matrix,b84cf4b8ca220d31f17e1e2ea9ab927bbc4176b15682c650e7d1dd8f2758172b,"{""distance"":5,""physical_error_rate"":0.0005}","{""detection_events"":21195,""detectors_checked"":13056000}"
     21504,         0,         0,    1.59,decoder_by_matrix,b84cf4b8ca220d31f17e1e2ea9ab927bbc4176b15682c650e7d1dd8f2758172b,"{""distance"":5,""physical_error_rate"":0.0005}","{""detection_events"":5805,""detectors_checked"":3655680}"
     20480,         0,         0,    1.55,decoder_by_matrix,b84cf4b8ca220d31f17e1e2ea9ab927bbc4176b15682c650e7d1dd8f2758172b,"{""distance"":5,""physical_error_rate"":0.0005}","{""detection_events"":6450,""detectors_checked"":3481600}"
     89088,         0,         0,    5.94,decoder_by_matrix,b84cf4b8ca220d31f17e1e2ea9ab927bbc4176b15682c650e7d1dd8f2758172b,"{""distance"":5,""physical_error_rate"":0.0005}","{""detection_events"":25655,""detectors_checked"":15144960}"
     20480,         0,         0,    1.56,decoder_by_matrix,b84cf4b8ca220d31f17e1e2ea9ab927bbc4176b15682c650e7d1dd8f2758172b,"{""distance"":5,""physical_error_rate"":0.0005}","{""detection_events"":5320,""detectors_checked"":3481600}"
     21504,         0,         0,    1.55,decoder_by_matrix,b84cf4b8ca220d31f17e1e2ea9ab927bbc4176b15682c650e7d1dd8f2758172b,"{""distance"":5,""physical_error_rate"":0.0005}","{""detection_events"":5915,""detectors_checked"":3655680}"
     22528,         0,         0,    1.59,decoder_by_matrix,b84cf4b8ca220d31f17e1e2ea9ab927bbc4176b15682c650e7d1dd8f2758172b,"{""distance"":5,""physical_error_rate"":0.0005}","{""detection_events"":6760,""detectors_checked"":3829760}"
     28672,         0,         0,    1.59,decoder_by_matrix,b84cf4b8ca220d31f17e1e2ea9ab927bbc4176b15682c650e7d1dd8f2758172b,"{""distance"":5,""physical_error_rate"":0.0005}","{""detection_events"":8395,""detectors_checked"":4874240}"
     20480,         0,         0,    1.58,decoder_by_matrix,b84cf4b8ca220d31f17e1e2ea9ab927bbc4176b15682c650e7d1dd8f2758172b,"{""distance"":5,""physical_error_rate"":0.0005}","{""detection_events"":5395,""detectors_checked"":3481600}"
     21504,         0,         0,    1.57,decoder_by_matrix,b84cf4b8ca220d31f17e1e2ea9ab927bbc4176b15682c650e7d1dd8f2758172b,"{""distance"":5,""physical_error_rate"":0.0005}","{""detection_events"":5640,""detectors_checked"":3655680}"
     81920,         0,         0,    5.96,decoder_by_matrix,b84cf4b8ca220d31f17e1e2ea9ab927bbc4176b15682c650e7d1dd8f2758172b,"{""distance"":5,""physical_error_rate"":0.0005}","{""detection_events"":22960,""detectors_checked"":13926400}"
     21504,         0,         0,    1.57,decoder_by_matrix,b84cf4b8ca220d31f17e1e2ea9ab927bbc4176b15682c650e7d1dd8f2758172b,"{""distance"":5,""physical_error_rate"":0.0005}","{""detection_events"":6270,""detectors_checked"":3655680}"
     20480,         0,         0,    1.57,decoder_by_matrix,b84cf4b8ca220d31f17e1e2ea9ab927bbc4176b15682c650e7d1dd8f2758172b,"{""distance"":5,""physical_error_rate"":0.0005}","{""detection_events"":5555,""detectors_checked"":3481600}"
     27648,         0,         0,    1.63,decoder_by_matrix,b84cf4b8ca220d31f17e1e2ea9ab927bbc4176b15682c650e7d1dd8f2758172b,"{""distance"":5,""physical_error_rate"":0.0005}","{""detection_events"":7560,""detectors_checked"":4700160}"
     78848,         0,         0,    5.92,decoder_by_matrix,b84cf4b8ca220d31f17e1e2ea9ab927bbc4176b15682c650e7d1dd8f2758172b,"{""distance"":5,""physical_error_rate"":0.0005}","{""detection_events"":23890,""detectors_checked"":13404160}"
     21504,         0,         0,    1.60,decoder_by_matrix,b84cf4b8ca220d31f17e1e2ea9ab927bbc4176b15682c650e7d1dd8f2758172b,"{""distance"":5,""physical_error_rate"":0.0005}","{""detection_events"":6080,""detectors_checked"":3655680}"
     21504,         0,         0,    1.59,decoder_by_matrix,b84cf4b8ca220d31f17e1e2ea9ab927bbc4176b15682c650e7d1dd8f2758172b,"{""distance"":5,""physical_error_rate"":0.0005}","{""detection_events"":6155,""detectors_checked"":3655680}"
     81920,         0,         0,    6.02,decoder_by_matrix,b84cf4b8ca220d31f17e1e2ea9ab927bbc4176b15682c650e7d1dd8f2758172b,"{""distance"":5,""physical_error_rate"":0.0005}","{""detection_events"":24110,""detectors_checked"":13926400}"
    119173,         0,         0,    1.39,decoder_by_matrix,b84cf4b8ca220d31f17e1e2ea9ab927bbc4176b15682c650e7d1dd8f2758172b,"{""distance"":5,""physical_error_rate"":0.0005}","{""detection_events"":33595,""detectors_checked"":20259410}"
     30720,         0,         0,    2.20,decoder_by_matrix,b84cf4b8ca220d31f17e1e2ea9ab927bbc4176b15682c650e7d1dd8f2758172b,"{""distance"":5,""physical_error_rate"":0.0005}","{""detection_events"":8920,""detectors_checked"":5222400}"
     28672,         0,         0,    2.22,decoder_by_matrix,b84cf4b8ca220d31f17e1e2ea9ab927bbc4176b15682c650e7d1dd8f2758172b,"{""distance"":5,""physical_error_rate"":0.0005}","{""detection_events"":7815,""detectors_checked"":4874240}"
     38912,         0,         0,    2.17,decoder_by_matrix,b84cf4b8ca220d31f17e1e2ea9ab927bbc4176b15682c650e7d1dd8f2758172b,"{""distance"":5,""physical_error_rate"":0.0005}","{""detection_events"":12270,""detectors_checked"":6615040}"
     33792,         0,         0,    2.21,decoder_by_matrix,b84cf4b8ca220d31f17e1e2ea9ab927bbc4176b15682c650e7d1dd8f2758172b,"{""distance"":5,""physical_error_rate"":0.0005}","{""detection_events"":9570,""detectors_checked"":5744640}"
     29696,         0,         0,    2.19,decoder_by_matrix,b84cf4b8ca220d31f17e1e2ea9ab927bbc4176b15682c650e7d1dd8f2758172b,"{""distance"":5,""physical_error_rate"":0.0005}","{""detection_events"":8105,""detectors_checked"":5048320}"
     29696,         0,         0,    2.17,decoder_by_matrix,b84cf4b8ca220d31f17e1e2ea9ab927bbc4176b15682c650e7d1dd8f2758172b,"{""distance"":5,""physical_error_rate"":0.0005}","{""detection_events"":8255,""detectors_checked"":5048320}"
     29696,         0,         0,    2.19,decoder_by_matrix,b84cf4b8ca220d31f17e1e2ea9ab927bbc4176b15682c650e7d1dd8f2758172b,"{""distance"":5,""physical_error_rate"":0.0005}","{""detection_events"":8160,""detectors_checked"":5048320}"
     34816,         0,         0,    2.20,decoder_by_matrix,b84cf4b8ca220d31f17e1e2ea9ab927bbc4176b15682c650e7d1dd8f2758172b,"{""distance"":5,""physical_error_rate"":0.0005}","{""detection_events"":9785,""detectors_checked"":5918720}"
     29696,         0,         0,    2.19,decoder_by_matrix,b84cf4b8ca220d31f17e1e2ea9ab927bbc4176b15682c650e7d1dd8f2758172b,"{""distance"":5,""physical_error_rate"":0.0005}","{""detection_events"":7995,""detectors_checked"":5048320}"
     29696,         0,         0,    2.18,decoder_by_matrix,b84cf4b8ca220d31f17e1e2ea9ab927bbc4176b15682c650e7d1dd8f2758172b,"{""distance"":5,""physical_error_rate"":0.0005}","{""detection_events"":8430,""detectors_checked"":5048320}"
     29696,         0,         0,    2.20,decoder_by_matrix,b84cf4b8ca220d31f17e1e2ea9ab927bbc4176b15682c650e7d1dd8f2758172b,"{""distance"":5,""physical_error_rate"":0.0005}","{""detection_events"":7775,""detectors_checked"":5048320}"
     29696,         0,         0,    2.19,decoder_by_matrix,b84cf4b8ca220d31f17e1e2ea9ab927bbc4176b15682c650e7d1dd8f2758172b,"{""distance"":5,""physical_error_rate"":0.0005}","{""detection_events"":8185,""detectors_checked"":5048320}"
     32768,         0,         0,    2.20,decoder_by_matrix,b84cf4b8ca220d31f17e1e2ea9ab927bbc4176b15682c650e7d1dd8f2758172b,"{""distance"":5,""physical_error_rate"":0.0005}","{""detection_events"":9010,""detectors_checked"":5570560}"
     29696,         0,         0,    2.23,decoder_by_matrix,b84cf4b8ca220d31f17e1e2ea9ab927bbc4176b15682c650e7d1dd8f2758172b,"{""distance"":5,""physical_error_rate"":0.0005}","{""detection_events"":8260,""detectors_checked"":5048320}"
     30720,         0,         0,    2.22,decoder_by_matrix,b84cf4b8ca220d31f17e1e2ea9ab927bbc4176b15682c650e7d1dd8f2758172b,"{""distance"":5,""physical_error_rate"":0.0005}","{""detection_events"":8815,""detectors_checked"":5222400}"
     30720,         0,         0,    2.21,decoder_by_matrix,b84cf4b8ca220d31f17e1e2ea9ab927bbc4176b15682c650e7d1dd8f2758172b,"{""distance"":5,""physical_error_rate"":0.0005}","{""detection_events"":8460,""detectors_checked"":5222400}"
     29696,         0,         0,    2.24,decoder_by_matrix,b84cf4b8ca220d31f17e1e2ea9ab927bbc4176b15682c650e7d1dd8f2758172b,"{""distance"":5,""physical_error_rate"":0.0005}","{""detection_events"":8280,""detectors_checked"":5048320}"
     45056,         0,         0,    2.22,decoder_by_matrix,b84cf4b8ca220d31f17e1e2ea9ab927bbc4176b15682c650e7d1dd8f2758172b,"{""distance"":5,""physical_error_rate"":0.0005}","{""detection_events"":13850,""detectors_checked"":7659520}"
     29696,         0,         0,    2.23,decoder_by_matrix,b84cf4b8ca220d31f17e1e2ea9ab927bbc4176b15682c650e7d1dd8f2758172b,"{""distance"":5,""physical_error_rate"":0.0005}","{""detection_events"":9265,""detectors_checked"":5048320}"
     30720,         0,         0,    2.21,decoder_by_matrix,b84cf4b8ca220d31f17e1e2ea9ab927bbc4176b15682c650e7d1dd8f2758172b,"{""distance"":5,""physical_error_rate"":0.0005}","{""detection_events"":8730,""detectors_checked"":5222400}"
     29696,         0,         0,    2.21,decoder_by_matrix,b84cf4b8ca220d31f17e1e2ea9ab927bbc4176b15682c650e7d1dd8f2758172b,"{""distance"":5,""physical_error_rate"":0.0005}","{""detection_events"":8030,""detectors_checked"":5048320}"
     29696,         0,         0,    2.22,decoder_by_matrix,b84cf4b8ca220d31f17e1e2ea9ab927bbc4176b15682c650e7d1dd8f2758172b,"{""distance"":5,""physical_error_rate"":0.0005}","{""detection_events"":8110,""detectors_checked"":5048320}"
     29696,         0,         0,    2.21,decoder_by_matrix,b84cf4b8ca220d31f17e1e2ea9ab927bbc4176b15682c650e7d1dd8f2758172b,"{""distance"":5,""physical_error_rate"":0.0005}","{""detection_events"":9295,""detectors_checked"":5048320}"
    330592,         0,         0,    24.1,decoder_by_matrix,b84cf4b8ca220d31f17e1e2ea9ab927bbc4176b15682c650e7d1dd8f2758172b,"{""distance"":5,""physical_error_rate"":0.0005}","{""detection_events"":94365,""detectors_checked"":56200640}"
    326656,         0,         0,    24.2,decoder_by_matrix,b84cf4b8ca220d31f17e1e2ea9ab927bbc4176b15682c650e7d1dd8f2758172b,"{""distance"":5,""physical_error_rate"":0.0005}","{""detection_events"":92380,""detectors_checked"":55531520}"
    181248,         0,         0,    3.01,decoder_by_matrix,b84cf4b8ca220d31f17e1e2ea9ab927bbc4176b15682c650e7d1dd8f2758172b,"{""distance"":5,""physical_error_rate"":0.0005}","{""detection_events"":50655,""detectors_checked"":30812160}"
     41984,         0,         0,    3.04,decoder_by_matrix,b84cf4b8ca220d31f17e1e2ea9ab927bbc4176b15682c650e7d1dd8f2758172b,"{""distance"":5,""physical_error_rate"":0.0005}","{""detection_events"":11985,""detectors_checked"":7137280}"
     39936,         0,         0,    3.05,decoder_by_matrix,b84cf4b8ca220d31f17e1e2ea9ab927bbc4176b15682c650e7d1dd8f2758172b,"{""distance"":5,""physical_error_rate"":0.0005}","{""detection_events"":11035,""detectors_checked"":6789120}"
     46080,         0,         0,    3.08,decoder_by_matrix,b84cf4b8ca220d31f17e1e2ea9ab927bbc4176b15682c650e7d1dd8f2758172b,"{""distance"":5,""physical_error_rate"":0.0005}","{""detection_events"":13435,""detectors_checked"":7833600}"
     48128,         0,         0,    3.04,decoder_by_matrix,b84cf4b8ca220d31f17e1e2ea9ab927bbc4176b15682c650e7d1dd8f2758172b,"{""distance"":5,""physical_error_rate"":0.0005}","{""detection_events"":13505,""detectors_checked"":8181760}"
     41984,         0,         0,    3.09,decoder_by_matrix,b84cf4b8ca220d31f17e1e2ea9ab927bbc4176b15682c650e7d1dd8f2758172b,"{""distance"":5,""physical_error_rate"":0.0005}","{""detection_events"":11030,""detectors_checked"":7137280}"
     53248,         0,         0,    3.04,decoder_by_matrix,b84cf4b8ca220d31f17e1e2ea9ab927bbc4176b15682c650e7d1dd8f2758172b,"{""distance"":5,""physical_error_rate"":0.0005}","{""detection_events"":14950,""detectors_checked"":9052160}"
     41984,         0,         0,    3.06,decoder_by_matrix,b84cf4b8ca220d31f17e1e2ea9ab927bbc4176b15682c650e7d1dd8f2758172b,"{""distance"":5,""physical_error_rate"":0.0005}","{""detection_events"":11830,""detectors_checked"":7137280}"
     41984,         0,         0,    3.09,decoder_by_matrix,b84cf4b8ca220d31f17e1e2ea9ab927bbc4176b15682c650e7d1dd8f2758172b,"{""distance"":5,""physical_error_rate"":0.0005}","{""detection_events"":12050,""detectors_checked"":7137280}"
     41984,         0,         0,    3.09,decoder_by_matrix,b84cf4b8ca220d31f17e1e2ea9ab927bbc4176b15682c650e7d1dd8f2758172b,"{""distance"":5,""physical_error_rate"":0.0005}","{""detection_events"":12355,""detectors_checked"":7137280}"
     56320,         0,         0,    3.05,decoder_by_matrix,b84cf4b8ca220d31f17e1e2ea9ab927bbc4176b15682c650e7d1dd8f2758172b,"{""distance"":5,""physical_error_rate"":0.0005}","{""detection_events"":16000,""detectors_checked"":9574400}"
     40960,         0,         0,    3.05,decoder_by_matrix,b84cf4b8ca220d31f17e1e2ea9ab927bbc4176b15682c650e7d1dd8f2758172b,"{""distance"":5,""physical_error_rate"":0.0005}","{""detection_events"":10975,""detectors_checked"":6963200}"
     41984,         0,         0,    3.04,decoder_by_matrix,b84cf4b8ca220d31f17e1e2ea9ab927bbc4176b15682c650e7d1dd8f2758172b,"{""distance"":5,""physical_error_rate"":0.0005}","{""detection_events"":12025,""detectors_checked"":7137280}"
     41984,         0,         0,    3.10,decoder_by_matrix,b84cf4b8ca220d31f17e1e2ea9ab927bbc4176b15682c650e7d1dd8f2758172b,"{""distance"":5,""physical_error_rate"":0.0005}","{""detection_events"":11785,""detectors_checked"":7137280}"
     41984,         0,         0,    3.05,decoder_by_matrix,b84cf4b8ca220d31f17e1e2ea9ab927bbc4176b15682c650e7d1dd8f2758172b,"{""distance"":5,""physical_error_rate"":0.0005}","{""detection_events"":11785,""detectors_checked"":7137280}"
     41984,         0,         0,    3.08,decoder_by_matrix,b84cf4b8ca220d31f17e1e2ea9ab927bbc4176b15682c650e7d1dd8f2758172b,"{""distance"":5,""physical_error_rate"":0.0005}","{""detection_events"":12160,""detectors_checked"":7137280}"
     39936,         0,         0,    3.05,decoder_by_matrix,b84cf4b8ca220d31f17e1e2ea9ab927bbc4176b15682c650e7d1dd8f2758172b,"{""distance"":5,""physical_error_rate"":0.0005}","{""detection_events"":11015,""detectors_checked"":6789120}"
     43008,         0,         0,    3.04,decoder_by_matrix,b84cf4b8ca220d31f17e1e2ea9ab927bbc4176b15682c650e7d1dd8f2758172b,"{""distance"":5,""physical_error_rate"":0.0005}","{""detection_events"":11900,""detectors_checked"":7311360}"
     40960,         0,         0,    3.05,decoder_by_matrix,b84cf4b8ca220d31f17e1e2ea9ab927bbc4176b15682c650e7d1dd8f2758172b,"{""distance"":5,""physical_error_rate"":0.0005}","{""detection_events"":12270,""detectors_checked"":6963200}"
     41984,         0,         0,    3.04,decoder_by_matrix,b84cf4b8ca220d31f17e1e2ea9ab927bbc4176b15682c650e7d1dd8f2758172b,"{""distance"":5,""physical_error_rate"":0.0005}","{""detection_events"":13555,""detectors_checked"":7137280}"
     39936,         0,         0,    3.03,decoder_by_matrix,b84cf4b8ca220d31f17e1e2ea9ab927bbc4176b15682c650e7d1dd8f2758172b,"{""distance"":5,""physical_error_rate"":0.0005}","{""detection_events"":11190,""detectors_checked"":6789120}"
     58368,         0,         0,    3.10,decoder_by_matrix,b84cf4b8ca220d31f17e1e2ea9ab927bbc4176b15682c650e7d1dd8f2758172b,"{""distance"":5,""physical_error_rate"":0.0005}","{""detection_events"":16280,""detectors_checked"":9922560}"
     40960,         0,         0,    3.00,decoder_by_matrix,b84cf4b8ca220d31f17e1e2ea9ab927bbc4176b15682c650e7d1dd8f2758172b,"{""distance"":5,""physical_error_rate"":0.0005}","{""detection_events"":11825,""detectors_checked"":6963200}"
     40960,         0,         0,    3.07,decoder_by_matrix,b84cf4b8ca220d31f17e1e2ea9ab927bbc4176b15682c650e7d1dd8f2758172b,"{""distance"":5,""physical_error_rate"":0.0005}","{""detection_events"":11675,""detectors_checked"":6963200}"
    127395,         0,         0,    1.45,decoder_by_matrix,b84cf4b8ca220d31f17e1e2ea9ab927bbc4176b15682c650e7d1dd8f2758172b,"{""distance"":5,""physical_error_rate"":0.0005}","{""detection_events"":37155,""detectors_checked"":21657150}"
    274394,         0,         0,    20.1,decoder_by_matrix,b84cf4b8ca220d31f17e1e2ea9ab927bbc4176b15682c650e7d1dd8f2758172b,"{""distance"":5,""physical_error_rate"":0.0005}","{""detection_events"":78305,""detectors_checked"":46646980}"
    268678,         0,         0,    20.4,decoder_by_matrix,b84cf4b8ca220d31f17e1e2ea9ab927bbc4176b15682c650e7d1dd8f2758172b,"{""distance"":5,""physical_error_rate"":0.0005}","{""detection_events"":76870,""detectors_checked"":45675260}"
    113664,         0,         0,    8.35,decoder_by_matrix,b84cf4b8ca220d31f17e1e2ea9ab927bbc4176b15682c650e7d1dd8f2758172b,"{""distance"":5,""physical_error_rate"":0.0005}","{""detection_events"":32470,""detectors_checked"":19322880}"
    105472,         0,         0,    8.33,decoder_by_matrix,b84cf4b8ca220d31f17e1e2ea9ab927bbc4176b15682c650e7d1dd8f2758172b,"{""distance"":5,""physical_error_rate"":0.0005}","{""detection_events"":30740,""detectors_checked"":17930240}"
    128000,         0,         0,    8.39,decoder_by_matrix,b84cf4b8ca220d31f17e1e2ea9ab927bbc4176b15682c650e7d1dd8f2758172b,"{""distance"":5,""physical_error_rate"":0.0005}","{""detection_events"":36520,""detectors_checked"":21760000}"
    105472,         0,         0,    8.36,decoder_by_matrix,b84cf4b8ca220d31f17e1e2ea9ab927bbc4176b15682c650e7d1dd8f2758172b,"{""distance"":5,""physical_error_rate"":0.0005}","{""detection_events"":28655,""detectors_checked"":17930240}"
    112640,         0,         0,    8.34,decoder_by_matrix,b84cf4b8ca220d31f17e1e2ea9ab927bbc4176b15682c650e7d1dd8f2758172b,"{""distance"":5,""physical_error_rate"":0.0005}","{""detection_events"":31825,""detectors_checked"":19148800}"
    114688,         0,         0,    8.39,decoder_by_matrix,b84cf4b8ca220d31f17e1e2ea9ab927bbc4176b15682c650e7d1dd8f2758172b,"{""distance"":5,""physical_error_rate"":0.0005}","{""detection_events"":33440,""detectors_checked"":19496960}"
    107520,         0,         0,    8.34,decoder_by_matrix,b84cf4b8ca220d31f17e1e2ea9ab927bbc4176b15682c650e7d1dd8f2758172b,"{""distance"":5,""physical_error_rate"":0.0005}","{""detection_events"":30575,""detectors_checked"":18278400}"
    115712,         0,         0,    8.36,decoder_by_matrix,b84cf4b8ca220d31f17e1e2ea9ab927bbc4176b15682c650e7d1dd8f2758172b,"{""distance"":5,""physical_error_rate"":0.0005}","{""detection_events"":33670,""detectors_checked"":19671040}"
    263080,         0,         0,    3.40,decoder_by_matrix,b84cf4b8ca220d31f17e1e2ea9ab927bbc4176b15682c650e7d1dd8f2758172b,"{""distance"":5,""physical_error_rate"":0.0005}","{""detection_events"":74980,""detectors_checked"":44723600}"
     59392,         0,         0,    4.25,decoder_by_matrix,b84cf4b8ca220d31f17e1e2ea9ab927bbc4176b15682c650e7d1dd8f2758172b,"{""distance"":5,""physical_error_rate"":0.0005}","{""detection_events"":16695,""detectors_checked"":10096640}"
     64512,         0,         0,    4.26,decoder_by_matrix,b84cf4b8ca220d31f17e1e2ea9ab927bbc4176b15682c650e7d1dd8f2758172b,"{""distance"":5,""physical_error_rate"":0.0005}","{""detection_events"":18320,""detectors_checked"":10967040}"
     58368,         0,         0,    4.27,decoder_by_matrix,b84cf4b8ca220d31f17e1e2ea9ab927bbc4176b15682c650e7d1dd8f2758172b,"{""distance"":5,""physical_error_rate"":0.0005}","{""detection_events"":17390,""detectors_checked"":9922560}"
     79872,         1,         0,    4.28,decoder_by_matrix,b84cf4b8ca220d31f17e1e2ea9ab927bbc4176b15682c650e7d1dd8f2758172b,"{""distance"":5,""physical_error_rate"":0.0005}","{""detection_events"":22370,""detectors_checked"":13578240,""obs_mistake_mask=E_E_"":1}"
     56320,         0,         0,    4.23,decoder_by_matrix,b84cf4b8ca220d31f17e1e2ea9ab927bbc4176b15682c650e7d1dd8f2758172b,"{""distance"":5,""physical_error_rate"":0.0005}","{""detection_events"":17050,""detectors_checked"":9574400}"
     78848,         0,         0,    4.23,decoder_by_matrix,b84cf4b8ca220d31f17e1e2ea9ab927bbc4176b15682c650e7d1dd8f2758172b,"{""distance"":5,""physical_error_rate"":0.0005}","{""detection_events"":22650,""detectors_checked"":13404160}"
    238784,         0,         0,    15.5,decoder_by_matrix,b84cf4b8ca220d31f17e1e2ea9ab927bbc4176b15682c650e7d1dd8f2758172b,"{""distance"":5,""physical_error_rate"":0.0005}","{""detection_events"":69005,""detectors_checked"":40593280}"
     56320,         0,         0,    4.22,decoder_by_matrix,b84cf4b8ca220d31f17e1e2ea9ab927bbc4176b15682c650e7d1dd8f2758172b,"{""distance"":5,""physical_error_rate"":0.0005}","{""detection_events"":16395,""detectors_checked"":9574400}"
     57344,         0,         0,    4.29,decoder_by_matrix,b84cf4b8ca220d31f17e1e2ea9ab927bbc4176b15682c650e7d1dd8f2758172b,"{""distance"":5,""physical_error_rate"":0.0005}","{""detection_events"":16200,""detectors_checked"":9748480}"
     62464,         0,         0,    4.25,decoder_by_matrix,b84cf4b8ca220d31f17e1e2ea9ab927bbc4176b15682c650e7d1dd8f2758172b,"{""distance"":5,""physical_error_rate"":0.0005}","{""detection_events"":17260,""detectors_checked"":10618880}"
     57344,         0,         0,    4.31,decoder_by_matrix,b84cf4b8ca220d31f17e1e2ea9ab927bbc4176b15682c650e7d1dd8f2758172b,"{""distance"":5,""physical_error_rate"":0.0005}","{""detection_events"":15270,""detectors_checked"":9748480}"
     58368,         0,         0,    4.29,decoder_by_matrix,b84cf4b8ca220d31f17e1e2ea9ab927bbc4176b15682c650e7d1dd8f2758172b,"{""distance"":5,""physical_error_rate"":0.0005}","{""detection_events"":15530,""detectors_checked"":9922560}"
     57344,         0,         0,    4.28,decoder_by_matrix,b84cf4b8ca220d31f17e1e2ea9ab927bbc4176b15682c650e7d1dd8f2758172b,"{""distance"":5,""physical_error_rate"":0.0005}","{""detection_events"":16050,""detectors_checked"":9748480}"
     54272,         0,         0,    4.26,decoder_by_matrix,b84cf4b8ca220d31f17e1e2ea9ab927bbc4176b15682c650e7d1dd8f2758172b,"{""distance"":5,""physical_error_rate"":0.0005}","{""detection_events"":14585,""detectors_checked"":9226240}"
     68608,         0,         0,    4.23,decoder_by_matrix,b84cf4b8ca220d31f17e1e2ea9ab927bbc4176b15682c650e7d1dd8f2758172b,"{""distance"":5,""physical_error_rate"":0.0005}","{""detection_events"":18710,""detectors_checked"":11663360}"
     55296,         0,         0,    4.20,decoder_by_matrix,b84cf4b8ca220d31f17e1e2ea9ab927bbc4176b15682c650e7d1dd8f2758172b,"{""distance"":5,""physical_error_rate"":0.0005}","{""detection_events"":15780,""detectors_checked"":9400320}"
     58368,         0,         0,    4.27,decoder_by_matrix,b84cf4b8ca220d31f17e1e2ea9ab927bbc4176b15682c650e7d1dd8f2758172b,"{""distance"":5,""physical_error_rate"":0.0005}","{""detection_events"":16945,""detectors_checked"":9922560}"
     55296,         0,         0,    4.28,decoder_by_matrix,b84cf4b8ca220d31f17e1e2ea9ab927bbc4176b15682c650e7d1dd8f2758172b,"{""distance"":5,""physical_error_rate"":0.0005}","{""detection_events"":14920,""detectors_checked"":9400320}"
     57344,         0,         0,    4.32,decoder_by_matrix,b84cf4b8ca220d31f17e1e2ea9ab927bbc4176b15682c650e7d1dd8f2758172b,"{""distance"":5,""physical_error_rate"":0.0005}","{""detection_events"":16705,""detectors_checked"":9748480}"
     57344,         0,         0,    4.25,decoder_by_matrix,b84cf4b8ca220d31f17e1e2ea9ab927bbc4176b15682c650e7d1dd8f2758172b,"{""distance"":5,""physical_error_rate"":0.0005}","{""detection_events"":15560,""detectors_checked"":9748480}"
     55296,         0,         0,    4.31,decoder_by_matrix,b84cf4b8ca220d31f17e1e2ea9ab927bbc4176b15682c650e7d1dd8f2758172b,"{""distance"":5,""physical_error_rate"":0.0005}","{""detection_events"":15320,""detectors_checked"":9400320}"
     58368,         0,         0,    4.29,decoder_by_matrix,b84cf4b8ca220d31f17e1e2ea9ab927bbc4176b15682c650e7d1dd8f2758172b,"{""distance"":5,""physical_error_rate"":0.0005}","{""detection_events"":15160,""detectors_checked"":9922560}"
     58368,         0,         0,    4.30,decoder_by_matrix,b84cf4b8ca220d31f17e1e2ea9ab927bbc4176b15682c650e7d1dd8f2758172b,"{""distance"":5,""physical_error_rate"":0.0005}","{""detection_events"":15605,""detectors_checked"":9922560}"
     56320,         0,         0,    4.26,decoder_by_matrix,b84cf4b8ca220d31f17e1e2ea9ab927bbc4176b15682c650e7d1dd8f2758172b,"{""distance"":5,""physical_error_rate"":0.0005}","{""detection_events"":15385,""detectors_checked"":9574400}"
    225532,         0,         0,    16.4,decoder_by_matrix,b84cf4b8ca220d31f17e1e2ea9ab927bbc4176b15682c650e7d1dd8f2758172b,"{""distance"":5,""physical_error_rate"":0.0005}","{""detection_events"":65950,""detectors_checked"":38340440}"
    222208,         0,         0,    16.5,decoder_by_matrix,b84cf4b8ca220d31f17e1e2ea9ab927bbc4176b15682c650e7d1dd8f2758172b,"{""distance"":5,""physical_error_rate"":0.0005}","{""detection_events"":65005,""detectors_checked"":37775360}"
    217088,         0,         0,    16.4,decoder_by_matrix,b84cf4b8ca220d31f17e1e2ea9ab927bbc4176b15682c650e7d1dd8f2758172b,"{""distance"":5,""physical_error_rate"":0.0005}","{""detection_events"":62085,""detectors_checked"":36904960}"
    221184,         0,         0,    16.5,decoder_by_matrix,b84cf4b8ca220d31f17e1e2ea9ab927bbc4176b15682c650e7d1dd8f2758172b,"{""distance"":5,""physical_error_rate"":0.0005}","{""detection_events"":64995,""detectors_checked"":37601280}"
    225280,         0,         0,    16.5,decoder_by_matrix,b84cf4b8ca220d31f17e1e2ea9ab927bbc4176b15682c650e7d1dd8f2758172b,"{""distance"":5,""physical_error_rate"":0.0005}","{""detection_events"":67175,""detectors_checked"":38297600}"
    212992,         0,         0,    16.5,decoder_by_matrix,b84cf4b8ca220d31f17e1e2ea9ab927bbc4176b15682c650e7d1dd8f2758172b,"{""distance"":5,""physical_error_rate"":0.0005}","{""detection_events"":61830,""detectors_checked"":36208640}"
    200332,         0,         0,    2.42,decoder_by_matrix,b84cf4b8ca220d31f17e1e2ea9ab927bbc4176b15682c650e7d1dd8f2758172b,"{""distance"":5,""physical_error_rate"":0.0005}","{""detection_events"":56750,""detectors_checked"":34056440}"
    181248,         0,         0,    13.1,decoder_by_matrix,b84cf4b8ca220d31f17e1e2ea9ab927bbc4176b15682c650e7d1dd8f2758172b,"{""distance"":5,""physical_error_rate"":0.0005}","{""detection_events"":52140,""detectors_checked"":30812160}"
    197632,         0,         0,    13.1,decoder_by_matrix,b84cf4b8ca220d31f17e1e2ea9ab927bbc4176b15682c650e7d1dd8f2758172b,"{""distance"":5,""physical_error_rate"":0.0005}","{""detection_events"":56930,""detectors_checked"":33597440}"
    178176,         0,         0,    13.1,decoder_by_matrix,b84cf4b8ca220d31f17e1e2ea9ab927bbc4176b15682c650e7d1dd8f2758172b,"{""distance"":5,""physical_error_rate"":0.0005}","{""detection_events"":50625,""detectors_checked"":30289920}"
    176128,         0,         0,    13.1,decoder_by_matrix,b84cf4b8ca220d31f17e1e2ea9ab927bbc4176b15682c650e7d1dd8f2758172b,"{""distance"":5,""physical_error_rate"":0.0005}","{""detection_events"":52495,""detectors_checked"":29941760}"
    173267,         0,         0,    13.5,decoder_by_matrix,b84cf4b8ca220d31f17e1e2ea9ab927bbc4176b15682c650e7d1dd8f2758172b,"{""distance"":5,""physical_error_rate"":0.0005}","{""detection_events"":49315,""detectors_checked"":29455390}"
    154383,         0,         0,    10.1,decoder_by_matrix,b84cf4b8ca220d31f17e1e2ea9ab927bbc4176b15682c650e7d1dd8f2758172b,"{""distance"":5,""physical_error_rate"":0.0005}","{""detection_events"":44590,""detectors_checked"":26245110}"
    151167,         0,         0,    10.5,decoder_by_matrix,b84cf4b8ca220d31f17e1e2ea9ab927bbc4176b15682c650e7d1dd8f2758172b,"{""distance"":5,""physical_error_rate"":0.0005}","{""detection_events"":45340,""detectors_checked"":25698390}"
    148017,         0,         0,    1.82,decoder_by_matrix,b84cf4b8ca220d31f17e1e2ea9ab927bbc4176b15682c650e7d1dd8f2758172b,"{""distance"":5,""physical_error_rate"":0.0005}","{""detection_events"":41120,""detectors_checked"":25162890}"
    144900,         1,         0,    1.98,decoder_by_matrix,b84cf4b8ca220d31f17e1e2ea9ab927bbc4176b15682c650e7d1dd8f2758172b,"{""distance"":5,""physical_error_rate"":0.0005}","{""detection_events"":41965,""detectors_checked"":24633000,""obs_mistake_mask=EE__"":1}"
     82944,         0,         0,    5.91,decoder_by_matrix,b84cf4b8ca220d31f17e1e2ea9ab927bbc4176b15682c650e7d1dd8f2758172b,"{""distance"":5,""physical_error_rate"":0.0005}","{""detection_events"":23640,""detectors_checked"":14100480}"
     77824,         1,         0,    5.94,decoder_by_matrix,b84cf4b8ca220d31f17e1e2ea9ab927bbc4176b15682c650e7d1dd8f2758172b,"{""distance"":5,""physical_error_rate"":0.0005}","{""detection_events"":22465,""detectors_checked"":13230080,""obs_mistake_mask=__E_"":1}"
     93184,         0,         0,    5.92,decoder_by_matrix,b84cf4b8ca220d31f17e1e2ea9ab927bbc4176b15682c650e7d1dd8f2758172b,"{""distance"":5,""physical_error_rate"":0.0005}","{""detection_events"":28250,""detectors_checked"":15841280}"
     89088,         0,         0,    5.94,decoder_by_matrix,b84cf4b8ca220d31f17e1e2ea9ab927bbc4176b15682c650e7d1dd8f2758172b,"{""distance"":5,""physical_error_rate"":0.0005}","{""detection_events"":26495,""detectors_checked"":15144960}"
     79872,         0,         0,    6.01,decoder_by_matrix,b84cf4b8ca220d31f17e1e2ea9ab927bbc4176b15682c650e7d1dd8f2758172b,"{""distance"":5,""physical_error_rate"":0.0005}","{""detection_events"":21550,""detectors_checked"":13578240}"
     92160,         0,         0,    6.01,decoder_by_matrix,b84cf4b8ca220d31f17e1e2ea9ab927bbc4176b15682c650e7d1dd8f2758172b,"{""distance"":5,""physical_error_rate"":0.0005}","{""detection_events"":26620,""detectors_checked"":15667200}"
     78848,         0,         0,    5.99,decoder_by_matrix,b84cf4b8ca220d31f17e1e2ea9ab927bbc4176b15682c650e7d1dd8f2758172b,"{""distance"":5,""physical_error_rate"":0.0005}","{""detection_events"":22895,""detectors_checked"":13404160}"
     88064,         0,         0,    5.96,decoder_by_matrix,b84cf4b8ca220d31f17e1e2ea9ab927bbc4176b15682c650e7d1dd8f2758172b,"{""distance"":5,""physical_error_rate"":0.0005}","{""detection_events"":26025,""detectors_checked"":14970880}"
     80896,         0,         0,    5.99,decoder_by_matrix,b84cf4b8ca220d31f17e1e2ea9ab927bbc4176b15682c650e7d1dd8f2758172b,"{""distance"":5,""physical_error_rate"":0.0005}","{""detection_events"":22145,""detectors_checked"":13752320}"
     77824,         0,         0,    5.95,decoder_by_matrix,b84cf4b8ca220d31f17e1e2ea9ab927bbc4176b15682c650e7d1dd8f2758172b,"{""distance"":5,""physical_error_rate"":0.0005}","{""detection_events"":22170,""detectors_checked"":13230080}"
    101376,         0,         0,    6.00,decoder_by_matrix,b84cf4b8ca220d31f17e1e2ea9ab927bbc4176b15682c650e7d1dd8f2758172b,"{""distance"":5,""physical_error_rate"":0.0005}","{""detection_events"":29165,""detectors_checked"":17233920}"
     81920,         0,         0,    5.92,decoder_by_matrix,b84cf4b8ca220d31f17e1e2ea9ab927bbc4176b15682c650e7d1dd8f2758172b,"{""distance"":5,""physical_error_rate"":0.0005}","{""detection_events"":23405,""detectors_checked"":13926400}"
     79872,         0,         0,    5.99,decoder_by_matrix,b84cf4b8ca220d31f17e1e2ea9ab927bbc4176b15682c650e7d1dd8f2758172b,"{""distance"":5,""physical_error_rate"":0.0005}","{""detection_events"":23715,""detectors_checked"":13578240}"
     92160,         0,         0,    5.96,decoder_by_matrix,b84cf4b8ca220d31f17e1e2ea9ab927bbc4176b15682c650e7d1dd8f2758172b,"{""distance"":5,""physical_error_rate"":0.0005}","{""detection_events"":25010,""detectors_checked"":15667200}"
     76800,         0,         0,    5.91,decoder_by_matrix,b84cf4b8ca220d31f17e1e2ea9ab927bbc4176b15682c650e7d1dd8f2758172b,"{""distance"":5,""physical_error_rate"":0.0005}","{""detection_events"":21495,""detectors_checked"":13056000}"
     82944,         0,         0,    5.95,decoder_by_matrix,b84cf4b8ca220d31f17e1e2ea9ab927bbc4176b15682c650e7d1dd8f2758172b,"{""distance"":5,""physical_error_rate"":0.0005}","{""detection_events"":22935,""detectors_checked"":14100480}"
     77824,         0,         0,    6.02,decoder_by_matrix,b84cf4b8ca220d31f17e1e2ea9ab927bbc4176b15682c650e7d1dd8f2758172b,"{""distance"":5,""physical_error_rate"":0.0005}","{""detection_events"":21760,""detectors_checked"":13230080}"
     77824,         0,         0,    5.95,decoder_by_matrix,b84cf4b8ca220d31f17e1e2ea9ab927bbc4176b15682c650e7d1dd8f2758172b,"{""distance"":5,""physical_error_rate"":0.0005}","{""detection_events"":21525,""detectors_checked"":13230080}"
     78848,         0,         0,    5.94,decoder_by_matrix,b84cf4b8ca220d31f17e1e2ea9ab927bbc4176b15682c650e7d1dd8f2758172b,"{""distance"":5,""physical_error_rate"":0.0005}","{""detection_events"":21425,""detectors_checked"":13404160}"
     89088,         0,         0,    5.99,decoder_by_matrix,b84cf4b8ca220d31f17e1e2ea9ab927bbc4176b15682c650e7d1dd8f2758172b,"{""distance"":5,""physical_error_rate"":0.0005}","{""detection_events"":24090,""detectors_checked"":15144960}"
     91136,         0,         0,    5.98,decoder_by_matrix,b84cf4b8ca220d31f17e1e2ea9ab927bbc4176b15682c650e7d1dd8f2758172b,"{""distance"":5,""physical_error_rate"":0.0005}","{""detection_events"":26015,""detectors_checked"":15493120}"
     80896,         0,         0,    5.99,decoder_by_matrix,b84cf4b8ca220d31f17e1e2ea9ab927bbc4176b15682c650e7d1dd8f2758172b,"{""distance"":5,""physical_error_rate"":0.0005}","{""detection_events"":23120,""detectors_checked"":13752320}"
     78848,         0,         0,    5.96,decoder_by_matrix,b84cf4b8ca220d31f17e1e2ea9ab927bbc4176b15682c650e7d1dd8f2758172b,"{""distance"":5,""physical_error_rate"":0.0005}","{""detection_events"":22355,""detectors_checked"":13404160}"
    141915,         0,         0,    8.74,decoder_by_matrix,b84cf4b8ca220d31f17e1e2ea9ab927bbc4176b15682c650e7d1dd8f2758172b,"{""distance"":5,""physical_error_rate"":0.0005}","{""detection_events"":39205,""detectors_checked"":24125550}"
    112640,         0,         0,    8.53,decoder_by_matrix,b84cf4b8ca220d31f17e1e2ea9ab927bbc4176b15682c650e7d1dd8f2758172b,"{""distance"":5,""physical_error_rate"":0.0005}","{""detection_events"":31975,""detectors_checked"":19148800}"
    115712,         0,         0,    8.47,decoder_by_matrix,b84cf4b8ca220d31f17e1e2ea9ab927bbc4176b15682c650e7d1dd8f2758172b,"{""distance"":5,""physical_error_rate"":0.0005}","{""detection_events"":32570,""detectors_checked"":19671040}"
    113664,         0,         0,    8.60,decoder_by_matrix,b84cf4b8ca220d31f17e1e2ea9ab927bbc4176b15682c650e7d1dd8f2758172b,"{""distance"":5,""physical_error_rate"":0.0005}","{""detection_events"":33415,""detectors_checked"":19322880}"
    135168,         0,         0,    9.87,decoder_by_matrix,b84cf4b8ca220d31f17e1e2ea9ab927bbc4176b15682c650e7d1dd8f2758172b,"{""distance"":5,""physical_error_rate"":0.0005}","{""detection_events"":38865,""detectors_checked"":22978560}"
    117760,         0,         0,    8.64,decoder_by_matrix,b84cf4b8ca220d31f17e1e2ea9ab927bbc4176b15682c650e7d1dd8f2758172b,"{""distance"":5,""physical_error_rate"":0.0005}","{""detection_events"":31630,""detectors_checked"":20019200}"
    125952,         0,         0,    9.48,decoder_by_matrix,b84cf4b8ca220d31f17e1e2ea9ab927bbc4176b15682c650e7d1dd8f2758172b,"{""distance"":5,""physical_error_rate"":0.0005}","{""detection_events"":34500,""detectors_checked"":21411840}"
    110592,         0,         0,    8.72,decoder_by_matrix,b84cf4b8ca220d31f17e1e2ea9ab927bbc4176b15682c650e7d1dd8f2758172b,"{""distance"":5,""physical_error_rate"":0.0005}","{""detection_events"":30510,""detectors_checked"":18800640}"
    122880,         0,         0,    8.75,decoder_by_matrix,b84cf4b8ca220d31f17e1e2ea9ab927bbc4176b15682c650e7d1dd8f2758172b,"{""distance"":5,""physical_error_rate"":0.0005}","{""detection_events"":33440,""detectors_checked"":20889600}"
    123904,         0,         0,    8.69,decoder_by_matrix,b84cf4b8ca220d31f17e1e2ea9ab927bbc4176b15682c650e7d1dd8f2758172b,"{""distance"":5,""physical_error_rate"":0.0005}","{""detection_events"":32680,""detectors_checked"":21063680}"
    100352,         0,         0,    5.69,decoder_by_matrix,b84cf4b8ca220d31f17e1e2ea9ab927bbc4176b15682c650e7d1dd8f2758172b,"{""distance"":5,""physical_error_rate"":0.0005}","{""detection_events"":29190,""detectors_checked"":17059840}"
    101376,         0,         0,    7.60,decoder_by_matrix,b84cf4b8ca220d31f17e1e2ea9ab927bbc4176b15682c650e7d1dd8f2758172b,"{""distance"":5,""physical_error_rate"":0.0005}","{""detection_events"":29335,""detectors_checked"":17233920}"
     98745,         0,         0,    1.96,decoder_by_matrix,b84cf4b8ca220d31f17e1e2ea9ab927bbc4176b15682c650e7d1dd8f2758172b,"{""distance"":5,""physical_error_rate"":0.0005}","{""detection_events"":28430,""detectors_checked"":16786650}"
     87040,         0,         0,    6.60,decoder_by_matrix,b84cf4b8ca220d31f17e1e2ea9ab927bbc4176b15682c650e7d1dd8f2758172b,"{""distance"":5,""physical_error_rate"":0.0005}","{""detection_events"":25985,""detectors_checked"":14796800}"
     80896,         0,         0,    5.85,decoder_by_matrix,b84cf4b8ca220d31f17e1e2ea9ab927bbc4176b15682c650e7d1dd8f2758172b,"{""distance"":5,""physical_error_rate"":0.0005}","{""detection_events"":23595,""detectors_checked"":13752320}"
     71680,         0,         0,    5.35,decoder_by_matrix,b84cf4b8ca220d31f17e1e2ea9ab927bbc4176b15682c650e7d1dd8f2758172b,"{""distance"":5,""physical_error_rate"":0.0005}","{""detection_events"":18885,""detectors_checked"":12185600}"
     90112,         0,         0,    6.76,decoder_by_matrix,b84cf4b8ca220d31f17e1e2ea9ab927bbc4176b15682c650e7d1dd8f2758172b,"{""distance"":5,""physical_error_rate"":0.0005}","{""detection_events"":25030,""detectors_checked"":15319040}"
     92160,         0,         0,    6.74,decoder_by_matrix,b84cf4b8ca220d31f17e1e2ea9ab927bbc4176b15682c650e7d1dd8f2758172b,"{""distance"":5,""physical_error_rate"":0.0005}","{""detection_events"":25060,""detectors_checked"":15667200}"
     90112,         0,         0,    6.66,decoder_by_matrix,b84cf4b8ca220d31f17e1e2ea9ab927bbc4176b15682c650e7d1dd8f2758172b,"{""distance"":5,""physical_error_rate"":0.0005}","{""detection_events"":27065,""detectors_checked"":15319040}"
     94208,         0,         0,    6.80,decoder_by_matrix,b84cf4b8ca220d31f17e1e2ea9ab927bbc4176b15682c650e7d1dd8f2758172b,"{""distance"":5,""physical_error_rate"":0.0005}","{""detection_events"":26190,""detectors_checked"":16015360}"
     79872,         0,         0,    5.86,decoder_by_matrix,b84cf4b8ca220d31f17e1e2ea9ab927bbc4176b15682c650e7d1dd8f2758172b,"{""distance"":5,""physical_error_rate"":0.0005}","{""detection_events"":22520,""detectors_checked"":13578240}"
     77824,         0,         0,    5.87,decoder_by_matrix,b84cf4b8ca220d31f17e1e2ea9ab927bbc4176b15682c650e7d1dd8f2758172b,"{""distance"":5,""physical_error_rate"":0.0005}","{""detection_events"":21700,""detectors_checked"":13230080}"
     96256,         0,         0,    6.80,decoder_by_matrix,b84cf4b8ca220d31f17e1e2ea9ab927bbc4176b15682c650e7d1dd8f2758172b,"{""distance"":5,""physical_error_rate"":0.0005}","{""detection_events"":26900,""detectors_checked"":16363520}"
      2489,         0,         0,   0.203,decoder_by_matrix,b84cf4b8ca220d31f17e1e2ea9ab927bbc4176b15682c650e7d1dd8f2758172b,"{""distance"":5,""physical_error_rate"":0.0005}","{""detection_events"":515,""detectors_checked"":423130}"
     58368,         0,         0,    4.44,decoder_by_matrix,b84cf4b8ca220d31f17e1e2ea9ab927bbc4176b15682c650e7d1dd8f2758172b,"{""distance"":5,""physical_error_rate"":0.0005}","{""detection_events"":16880,""detectors_checked"":9922560}"
     70021,         0,         0,    4.87,decoder_by_matrix,b84cf4b8ca220d31f17e1e2ea9ab927bbc4176b15682c650e7d1dd8f2758172b,"{""distance"":5,""physical_error_rate"":0.0005}","{""detection_events"":20820,""detectors_checked"":11903570}"
     45103,         0,         0,   0.626,decoder_by_matrix,b84cf4b8ca220d31f17e1e2ea9ab927bbc4176b15682c650e7d1dd8f2758172b,"{""distance"":5,""physical_error_rate"":0.0005}","{""detection_events"":12505,""detectors_checked"":7667510}"
     48435,         0,         0,    2.93,decoder_by_matrix,b84cf4b8ca220d31f17e1e2ea9ab927bbc4176b15682c650e7d1dd8f2758172b,"{""distance"":5,""physical_error_rate"":0.0005}","{""detection_events"":14545,""detectors_checked"":8233950}"
     47426,         0,         0,    3.11,decoder_by_matrix,b84cf4b8ca220d31f17e1e2ea9ab927bbc4176b15682c650e7d1dd8f2758172b,"{""distance"":5,""physical_error_rate"":0.0005}","{""detection_events"":13455,""detectors_checked"":8062420}"
     46438,         0,         0,    2.84,decoder_by_matrix,b84cf4b8ca220d31f17e1e2ea9ab927bbc4176b15682c650e7d1dd8f2758172b,"{""distance"":5,""physical_error_rate"":0.0005}","{""detection_events"":13035,""detectors_checked"":7894460}"
     46080,         0,         0,   0.624,decoder_by_matrix,b84cf4b8ca220d31f17e1e2ea9ab927bbc4176b15682c650e7d1dd8f2758172b,"{""distance"":5,""physical_error_rate"":0.0005}","{""detection_events"":12985,""detectors_checked"":7833600}"
     46438,         0,         0,    3.09,decoder_by_matrix,b84cf4b8ca220d31f17e1e2ea9ab927bbc4176b15682c650e7d1dd8f2758172b,"{""distance"":5,""physical_error_rate"":0.0005}","{""detection_events"":12775,""detectors_checked"":7894460}"
     44032,         0,         0,    3.25,decoder_by_matrix,b84cf4b8ca220d31f17e1e2ea9ab927bbc4176b15682c650e7d1dd8f2758172b,"{""distance"":5,""physical_error_rate"":0.0005}","{""detection_events"":11325,""detectors_checked"":7485440}"
     44032,         0,         0,    2.99,decoder_by_matrix,b84cf4b8ca220d31f17e1e2ea9ab927bbc4176b15682c650e7d1dd8f2758172b,"{""distance"":5,""physical_error_rate"":0.0005}","{""detection_events"":12845,""detectors_checked"":7485440}"
     45056,         0,         0,    3.05,decoder_by_matrix,b84cf4b8ca220d31f17e1e2ea9ab927bbc4176b15682c650e7d1dd8f2758172b,"{""distance"":5,""physical_error_rate"":0.0005}","{""detection_events"":13745,""detectors_checked"":7659520}"
     43543,         0,         0,    3.22,decoder_by_matrix,b84cf4b8ca220d31f17e1e2ea9ab927bbc4176b15682c650e7d1dd8f2758172b,"{""distance"":5,""physical_error_rate"":0.0005}","{""detection_events"":12325,""detectors_checked"":7402310}"
     43008,         0,         0,    3.15,decoder_by_matrix,b84cf4b8ca220d31f17e1e2ea9ab927bbc4176b15682c650e7d1dd8f2758172b,"{""distance"":5,""physical_error_rate"":0.0005}","{""detection_events"":12805,""detectors_checked"":7311360}"
     43008,         0,         0,    3.15,decoder_by_matrix,b84cf4b8ca220d31f17e1e2ea9ab927bbc4176b15682c650e7d1dd8f2758172b,"{""distance"":5,""physical_error_rate"":0.0005}","{""detection_events"":12020,""detectors_checked"":7311360}"
     45470,         0,         0,    3.29,decoder_by_matrix,b84cf4b8ca220d31f17e1e2ea9ab927bbc4176b15682c650e7d1dd8f2758172b,"{""distance"":5,""physical_error_rate"":0.0005}","{""detection_events"":12945,""detectors_checked"":7729900}"
     44032,         0,         0,    3.22,decoder_by_matrix,b84cf4b8ca220d31f17e1e2ea9ab927bbc4176b15682c650e7d1dd8f2758172b,"{""distance"":5,""physical_error_rate"":0.0005}","{""detection_events"":13290,""detectors_checked"":7485440}"
     39936,         0,         0,    3.04,decoder_by_matrix,b84cf4b8ca220d31f17e1e2ea9ab927bbc4176b15682c650e7d1dd8f2758172b,"{""distance"":5,""physical_error_rate"":0.0005}","{""detection_events"":10825,""detectors_checked"":6789120}"
     43008,         0,         0,    3.16,decoder_by_matrix,b84cf4b8ca220d31f17e1e2ea9ab927bbc4176b15682c650e7d1dd8f2758172b,"{""distance"":5,""physical_error_rate"":0.0005}","{""detection_events"":11820,""detectors_checked"":7311360}"
     41984,         0,         0,    3.13,decoder_by_matrix,b84cf4b8ca220d31f17e1e2ea9ab927bbc4176b15682c650e7d1dd8f2758172b,"{""distance"":5,""physical_error_rate"":0.0005}","{""detection_events"":12505,""detectors_checked"":7137280}"
     44032,         0,         0,    3.18,decoder_by_matrix,b84cf4b8ca220d31f17e1e2ea9ab927bbc4176b15682c650e7d1dd8f2758172b,"{""distance"":5,""physical_error_rate"":0.0005}","{""detection_events"":13565,""detectors_checked"":7485440}"
     43008,         0,         0,    3.19,decoder_by_matrix,b84cf4b8ca220d31f17e1e2ea9ab927bbc4176b15682c650e7d1dd8f2758172b,"{""distance"":5,""physical_error_rate"":0.0005}","{""detection_events"":11635,""detectors_checked"":7311360}"
     45470,         0,         0,    3.23,decoder_by_matrix,b84cf4b8ca220d31f17e1e2ea9ab927bbc4176b15682c650e7d1dd8f2758172b,"{""distance"":5,""physical_error_rate"":0.0005}","{""detection_events"":12560,""detectors_checked"":7729900}"
     44032,         0,         0,    3.37,decoder_by_matrix,b84cf4b8ca220d31f17e1e2ea9ab927bbc4176b15682c650e7d1dd8f2758172b,"{""distance"":5,""physical_error_rate"":0.0005}","{""detection_events"":12745,""detectors_checked"":7485440}"
     44032,         0,         0,    3.15,decoder_by_matrix,b84cf4b8ca220d31f17e1e2ea9ab927bbc4176b15682c650e7d1dd8f2758172b,"{""distance"":5,""physical_error_rate"":0.0005}","{""detection_events"":12425,""detectors_checked"":7485440}"
     44032,         0,         0,    3.22,decoder_by_matrix,b84cf4b8ca220d31f17e1e2ea9ab927bbc4176b15682c650e7d1dd8f2758172b,"{""distance"":5,""physical_error_rate"":0.0005}","{""detection_events"":11700,""detectors_checked"":7485440}"
     41984,         0,         0,    3.21,decoder_by_matrix,b84cf4b8ca220d31f17e1e2ea9ab927bbc4176b15682c650e7d1dd8f2758172b,"{""distance"":5,""physical_error_rate"":0.0005}","{""detection_events"":11865,""detectors_checked"":7137280}"
     39863,         0,         0,    3.04,decoder_by_matrix,b84cf4b8ca220d31f17e1e2ea9ab927bbc4176b15682c650e7d1dd8f2758172b,"{""distance"":5,""physical_error_rate"":0.0005}","{""detection_events"":10695,""detectors_checked"":6776710}"
     32768,         0,         0,    1.79,decoder_by_matrix,b84cf4b8ca220d31f17e1e2ea9ab927bbc4176b15682c650e7d1dd8f2758172b,"{""distance"":5,""physical_error_rate"":0.0005}","{""detection_events"":9040,""detectors_checked"":5570560}"
     29696,         0,         0,    1.63,decoder_by_matrix,b84cf4b8ca220d31f17e1e2ea9ab927bbc4176b15682c650e7d1dd8f2758172b,"{""distance"":5,""physical_error_rate"":0.0005}","{""detection_events"":8640,""detectors_checked"":5048320}"
     26624,         0,         0,    1.82,decoder_by_matrix,b84cf4b8ca220d31f17e1e2ea9ab927bbc4176b15682c650e7d1dd8f2758172b,"{""distance"":5,""physical_error_rate"":0.0005}","{""detection_events"":7405,""detectors_checked"":4526080}"
     34816,         0,         0,    1.84,decoder_by_matrix,b84cf4b8ca220d31f17e1e2ea9ab927bbc4176b15682c650e7d1dd8f2758172b,"{""distance"":5,""physical_error_rate"":0.0005}","{""detection_events"":10205,""detectors_checked"":5918720}"
     26385,         0,         0,    1.88,decoder_by_matrix,b84cf4b8ca220d31f17e1e2ea9ab927bbc4176b15682c650e7d1dd8f2758172b,"{""distance"":5,""physical_error_rate"":0.0005}","{""detection_events"":6540,""detectors_checked"":4485450}"
     24576,         0,         0,    1.91,decoder_by_matrix,b84cf4b8ca220d31f17e1e2ea9ab927bbc4176b15682c650e7d1dd8f2758172b,"{""distance"":5,""physical_error_rate"":0.0005}","{""detection_events"":7000,""detectors_checked"":4177920}"
     24576,         0,         0,    1.85,decoder_by_matrix,b84cf4b8ca220d31f17e1e2ea9ab927bbc4176b15682c650e7d1dd8f2758172b,"{""distance"":5,""physical_error_rate"":0.0005}","{""detection_events"":7430,""detectors_checked"":4177920}"
     25600,         0,         0,    1.81,decoder_by_matrix,b84cf4b8ca220d31f17e1e2ea9ab927bbc4176b15682c650e7d1dd8f2758172b,"{""distance"":5,""physical_error_rate"":0.0005}","{""detection_events"":7175,""detectors_checked"":4352000}"
     25600,         0,         0,    1.84,decoder_by_matrix,b84cf4b8ca220d31f17e1e2ea9ab927bbc4176b15682c650e7d1dd8f2758172b,"{""distance"":5,""physical_error_rate"":0.0005}","{""detection_events"":7260,""detectors_checked"":4352000}"
     24576,         0,         0,    1.88,decoder_by_matrix,b84cf4b8ca220d31f17e1e2ea9ab927bbc4176b15682c650e7d1dd8f2758172b,"{""distance"":5,""physical_error_rate"":0.0005}","{""detection_events"":6510,""detectors_checked"":4177920}"
     25600,         0,         0,    1.39,decoder_by_matrix,b84cf4b8ca220d31f17e1e2ea9ab927bbc4176b15682c650e7d1dd8f2758172b,"{""distance"":5,""physical_error_rate"":0.0005}","{""detection_events"":7225,""detectors_checked"":4352000}"
     23552,         0,         0,    1.73,decoder_by_matrix,b84cf4b8ca220d31f17e1e2ea9ab927bbc4176b15682c650e7d1dd8f2758172b,"{""distance"":5,""physical_error_rate"":0.0005}","{""detection_events"":7185,""detectors_checked"":4003840}"
     26624,         0,         0,    1.91,decoder_by_matrix,b84cf4b8ca220d31f17e1e2ea9ab927bbc4176b15682c650e7d1dd8f2758172b,"{""distance"":5,""physical_error_rate"":0.0005}","{""detection_events"":8085,""detectors_checked"":4526080}"
     25600,         0,         0,    1.92,decoder_by_matrix,b84cf4b8ca220d31f17e1e2ea9ab927bbc4176b15682c650e7d1dd8f2758172b,"{""distance"":5,""physical_error_rate"":0.0005}","{""detection_events"":7780,""detectors_checked"":4352000}"
     24576,         0,         0,    1.89,decoder_by_matrix,b84cf4b8ca220d31f17e1e2ea9ab927bbc4176b15682c650e7d1dd8f2758172b,"{""distance"":5,""physical_error_rate"":0.0005}","{""detection_events"":6670,""detectors_checked"":4177920}"
     23552,         0,         0,    1.73,decoder_by_matrix,b84cf4b8ca220d31f17e1e2ea9ab927bbc4176b15682c650e7d1dd8f2758172b,"{""distance"":5,""physical_error_rate"":0.0005}","{""detection_events"":6540,""detectors_checked"":4003840}"
     25600,         0,         0,    1.76,decoder_by_matrix,b84cf4b8ca220d31f17e1e2ea9ab927bbc4176b15682c650e7d1dd8f2758172b,"{""distance"":5,""physical_error_rate"":0.0005}","{""detection_events"":6855,""detectors_checked"":4352000}"
     23552,         0,         0,    1.69,decoder_by_matrix,b84cf4b8ca220d31f17e1e2ea9ab927bbc4176b15682c650e7d1dd8f2758172b,"{""distance"":5,""physical_error_rate"":0.0005}","{""detection_events"":7340,""detectors_checked"":4003840}"
     23552,         0,         0,    1.75,decoder_by_matrix,b84cf4b8ca220d31f17e1e2ea9ab927bbc4176b15682c650e7d1dd8f2758172b,"{""distance"":5,""physical_error_rate"":0.0005}","{""detection_events"":6840,""detectors_checked"":4003840}"
     23254,         0,         0,    1.72,decoder_by_matrix,b84cf4b8ca220d31f17e1e2ea9ab927bbc4176b15682c650e7d1dd8f2758172b,"{""distance"":5,""physical_error_rate"":0.0005}","{""detection_events"":6435,""detectors_checked"":3953180}"
     23254,         0,         0,   0.456,decoder_by_matrix,b84cf4b8ca220d31f17e1e2ea9ab927bbc4176b15682c650e7d1dd8f2758172b,"{""distance"":5,""physical_error_rate"":0.0005}","{""detection_events"":6515,""detectors_checked"":3953180}"
     23254,         0,         0,    1.77,decoder_by_matrix,b84cf4b8ca220d31f17e1e2ea9ab927bbc4176b15682c650e7d1dd8f2758172b,"{""distance"":5,""physical_error_rate"":0.0005}","{""detection_events"":6590,""detectors_checked"":3953180}"
     20480,         0,         0,    1.52,decoder_by_matrix,b84cf4b8ca220d31f17e1e2ea9ab927bbc4176b15682c650e7d1dd8f2758172b,"{""distance"":5,""physical_error_rate"":0.0005}","{""detection_events"":6885,""detectors_checked"":3481600}"
     23254,         0,         0,    1.84,decoder_by_matrix,b84cf4b8ca220d31f17e1e2ea9ab927bbc4176b15682c650e7d1dd8f2758172b,"{""distance"":5,""physical_error_rate"":0.0005}","{""detection_events"":6015,""detectors_checked"":3953180}"
     20480,         0,         0,    1.47,decoder_by_matrix,b84cf4b8ca220d31f17e1e2ea9ab927bbc4176b15682c650e7d1dd8f2758172b,"{""distance"":5,""physical_error_rate"":0.0005}","{""detection_events"":5940,""detectors_checked"":3481600}"
      9917,         0,         0,   0.185,decoder_by_matrix,b84cf4b8ca220d31f17e1e2ea9ab927bbc4176b15682c650e7d1dd8f2758172b,"{""distance"":5,""physical_error_rate"":0.0005}","{""detection_events"":3170,""detectors_checked"":1685890}"
     14569,         0,         0,   0.794,decoder_by_matrix,b84cf4b8ca220d31f17e1e2ea9ab927bbc4176b15682c650e7d1dd8f2758172b,"{""distance"":5,""physical_error_rate"":0.0005}","{""detection_events"":3990,""detectors_checked"":2476730}"
     13312,         0,         0,   0.718,decoder_by_matrix,b84cf4b8ca220d31f17e1e2ea9ab927bbc4176b15682c650e7d1dd8f2758172b,"{""distance"":5,""physical_error_rate"":0.0005}","{""detection_events"":3420,""detectors_checked"":2263040}"
     14336,         0,         0,    1.01,decoder_by_matrix,b84cf4b8ca220d31f17e1e2ea9ab927bbc4176b15682c650e7d1dd8f2758172b,"{""distance"":5,""physical_error_rate"":0.0005}","{""detection_events"":4020,""detectors_checked"":2437120}"
     13025,         0,         0,   0.658,decoder_by_matrix,b84cf4b8ca220d31f17e1e2ea9ab927bbc4176b15682c650e7d1dd8f2758172b,"{""distance"":5,""physical_error_rate"":0.0005}","{""detection_events"":3280,""detectors_checked"":2214250}"
     12288,         0,         0,   0.541,decoder_by_matrix,b84cf4b8ca220d31f17e1e2ea9ab927bbc4176b15682c650e7d1dd8f2758172b,"{""distance"":5,""physical_error_rate"":0.0005}","{""detection_events"":3630,""detectors_checked"":2088960}"
     12288,         0,         0,   0.842,decoder_by_matrix,b84cf4b8ca220d31f17e1e2ea9ab927bbc4176b15682c650e7d1dd8f2758172b,"{""distance"":5,""physical_error_rate"":0.0005}","{""detection_events"":2940,""detectors_checked"":2088960}"
     11112,         0,         0,   0.169,decoder_by_matrix,b84cf4b8ca220d31f17e1e2ea9ab927bbc4176b15682c650e7d1dd8f2758172b,"{""distance"":5,""physical_error_rate"":0.0005}","{""detection_events"":3335,""detectors_checked"":1889040}"
     11264,         0,         0,   0.618,decoder_by_matrix,b84cf4b8ca220d31f17e1e2ea9ab927bbc4176b15682c650e7d1dd8f2758172b,"{""distance"":5,""physical_error_rate"":0.0005}","{""detection_events"":2960,""detectors_checked"":1914880}"
       744,         0,         0,   0.015,decoder_by_matrix,b84cf4b8ca220d31f17e1e2ea9ab927bbc4176b15682c650e7d1dd8f2758172b,"{""distance"":5,""physical_error_rate"":0.0005}","{""detection_events"":175,""detectors_checked"":126480}"
     11874,         0,         0,   0.863,decoder_by_matrix,b84cf4b8ca220d31f17e1e2ea9ab927bbc4176b15682c650e7d1dd8f2758172b,"{""distance"":5,""physical_error_rate"":0.0005}","{""detection_events"":3895,""detectors_checked"":2018580}"
     11130,         0,         0,   0.688,decoder_by_matrix,b84cf4b8ca220d31f17e1e2ea9ab927bbc4176b15682c650e7d1dd8f2758172b,"{""distance"":5,""physical_error_rate"":0.0005}","{""detection_events"":2620,""detectors_checked"":1892100}"
     11264,         0,         0,   0.867,decoder_by_matrix,b84cf4b8ca220d31f17e1e2ea9ab927bbc4176b15682c650e7d1dd8f2758172b,"{""distance"":5,""physical_error_rate"":0.0005}","{""detection_events"":2935,""detectors_checked"":1914880}"
     11130,         0,         0,   0.493,decoder_by_matrix,b84cf4b8ca220d31f17e1e2ea9ab927bbc4176b15682c650e7d1dd8f2758172b,"{""distance"":5,""physical_error_rate"":0.0005}","{""detection_events"":2925,""detectors_checked"":1892100}"
     10240,         0,         0,   0.760,decoder_by_matrix,b84cf4b8ca220d31f17e1e2ea9ab927bbc4176b15682c650e7d1dd8f2758172b,"{""distance"":5,""physical_error_rate"":0.0005}","{""detection_events"":3055,""detectors_checked"":1740800}"
     11130,         0,         0,   0.768,decoder_by_matrix,b84cf4b8ca220d31f17e1e2ea9ab927bbc4176b15682c650e7d1dd8f2758172b,"{""distance"":5,""physical_error_rate"":0.0005}","{""detection_events"":3440,""detectors_checked"":1892100}"
      5177,         0,         0,   0.100,decoder_by_matrix,b84cf4b8ca220d31f17e1e2ea9ab927bbc4176b15682c650e7d1dd8f2758172b,"{""distance"":5,""physical_error_rate"":0.0005}","{""detection_events"":1535,""detectors_checked"":880090}"
     10240,         0,         0,   0.730,decoder_by_matrix,b84cf4b8ca220d31f17e1e2ea9ab927bbc4176b15682c650e7d1dd8f2758172b,"{""distance"":5,""physical_error_rate"":0.0005}","{""detection_events"":2485,""detectors_checked"":1740800}"
     10240,         0,         0,   0.691,decoder_by_matrix,b84cf4b8ca220d31f17e1e2ea9ab927bbc4176b15682c650e7d1dd8f2758172b,"{""distance"":5,""physical_error_rate"":0.0005}","{""detection_events"":2795,""detectors_checked"":1740800}"
     10633,         0,         0,   0.772,decoder_by_matrix,b84cf4b8ca220d31f17e1e2ea9ab927bbc4176b15682c650e7d1dd8f2758172b,"{""distance"":5,""physical_error_rate"":0.0005}","{""detection_events"":2885,""detectors_checked"":1807610}"
     10240,         0,         0,   0.761,decoder_by_matrix,b84cf4b8ca220d31f17e1e2ea9ab927bbc4176b15682c650e7d1dd8f2758172b,"{""distance"":5,""physical_error_rate"":0.0005}","{""detection_events"":2910,""detectors_checked"":1740800}"
       202,         0,         0,   0.011,decoder_by_matrix,b84cf4b8ca220d31f17e1e2ea9ab927bbc4176b15682c650e7d1dd8f2758172b,"{""distance"":5,""physical_error_rate"":0.0005}","{""detection_events"":90,""detectors_checked"":34340}"
      9934,         0,         0,   0.640,decoder_by_matrix,b84cf4b8ca220d31f17e1e2ea9ab927bbc4176b15682c650e7d1dd8f2758172b,"{""distance"":5,""physical_error_rate"":0.0005}","{""detection_events"":2830,""detectors_checked"":1688780}"
     10240,         0,         0,   0.698,decoder_by_matrix,b84cf4b8ca220d31f17e1e2ea9ab927bbc4176b15682c650e7d1dd8f2758172b,"{""distance"":5,""physical_error_rate"":0.0005}","{""detection_events"":3270,""detectors_checked"":1740800}"
     10240,         0,         0,   0.757,decoder_by_matrix,b84cf4b8ca220d31f17e1e2ea9ab927bbc4176b15682c650e7d1dd8f2758172b,"{""distance"":5,""physical_error_rate"":0.0005}","{""detection_events"":3375,""detectors_checked"":1740800}"
       933,         0,         0,   0.012,decoder_by_matrix,b84cf4b8ca220d31f17e1e2ea9ab927bbc4176b15682c650e7d1dd8f2758172b,"{""distance"":5,""physical_error_rate"":0.0005}","{""detection_events"":255,""detectors_checked"":158610}"
     10633,         0,         0,   0.811,decoder_by_matrix,b84cf4b8ca220d31f17e1e2ea9ab927bbc4176b15682c650e7d1dd8f2758172b,"{""distance"":5,""physical_error_rate"":0.0005}","{""detection_events"":2975,""detectors_checked"":1807610}"
     11130,         0,         0,   0.800,decoder_by_matrix,b84cf4b8ca220d31f17e1e2ea9ab927bbc4176b15682c650e7d1dd8f2758172b,"{""distance"":5,""physical_error_rate"":0.0005}","{""detection_events"":3390,""detectors_checked"":1892100}"
     10240,         0,         0,   0.837,decoder_by_matrix,b84cf4b8ca220d31f17e1e2ea9ab927bbc4176b15682c650e7d1dd8f2758172b,"{""distance"":5,""physical_error_rate"":0.0005}","{""detection_events"":3455,""detectors_checked"":1740800}"
     10240,         0,         0,   0.679,decoder_by_matrix,b84cf4b8ca220d31f17e1e2ea9ab927bbc4176b15682c650e7d1dd8f2758172b,"{""distance"":5,""physical_error_rate"":0.0005}","{""detection_events"":2850,""detectors_checked"":1740800}"
     10633,         0,         0,   0.790,decoder_by_matrix,b84cf4b8ca220d31f17e1e2ea9ab927bbc4176b15682c650e7d1dd8f2758172b,"{""distance"":5,""physical_error_rate"":0.0005}","{""detection_events"":2730,""detectors_checked"":1807610}"
       645,         0,         0,   0.062,decoder_by_matrix,b84cf4b8ca220d31f17e1e2ea9ab927bbc4176b15682c650e7d1dd8f2758172b,"{""distance"":5,""physical_error_rate"":0.0005}","{""detection_events"":175,""detectors_checked"":109650}"
      9216,         0,         0,   0.629,decoder_by_matrix,b84cf4b8ca220d31f17e1e2ea9ab927bbc4176b15682c650e7d1dd8f2758172b,"{""distance"":5,""physical_error_rate"":0.0005}","{""detection_events"":2640,""detectors_checked"":1566720}"
     11130,         0,         0,   0.852,decoder_by_matrix,b84cf4b8ca220d31f17e1e2ea9ab927bbc4176b15682c650e7d1dd8f2758172b,"{""distance"":5,""physical_error_rate"":0.0005}","{""detection_events"":3110,""detectors_checked"":1892100}"
      9216,         0,         0,   0.650,decoder_by_matrix,b84cf4b8ca220d31f17e1e2ea9ab927bbc4176b15682c650e7d1dd8f2758172b,"{""distance"":5,""physical_error_rate"":0.0005}","{""detection_events"":2500,""detectors_checked"":1566720}"
      9489,         0,         0,   0.628,decoder_by_matrix,b84cf4b8ca220d31f17e1e2ea9ab927bbc4176b15682c650e7d1dd8f2758172b,"{""distance"":5,""physical_error_rate"":0.0005}","{""detection_events"":2850,""detectors_checked"":1613130}"
     10240,         0,         0,   0.819,decoder_by_matrix,b84cf4b8ca220d31f17e1e2ea9ab927bbc4176b15682c650e7d1dd8f2758172b,"{""distance"":5,""physical_error_rate"":0.0005}","{""detection_events"":3045,""detectors_checked"":1740800}"
      9216,         0,         0,   0.605,decoder_by_matrix,b84cf4b8ca220d31f17e1e2ea9ab927bbc4176b15682c650e7d1dd8f2758172b,"{""distance"":5,""physical_error_rate"":0.0005}","{""detection_events"":2715,""detectors_checked"":1566720}"
      9216,         0,         0,   0.661,decoder_by_matrix,b84cf4b8ca220d31f17e1e2ea9ab927bbc4176b15682c650e7d1dd8f2758172b,"{""distance"":5,""physical_error_rate"":0.0005}","{""detection_events"":2750,""detectors_checked"":1566720}"
       890,         0,         0,   0.076,decoder_by_matrix,b84cf4b8ca220d31f17e1e2ea9ab927bbc4176b15682c650e7d1dd8f2758172b,"{""distance"":5,""physical_error_rate"":0.0005}","{""detection_events"":180,""detectors_checked"":151300}"
      9216,         0,         0,   0.612,decoder_by_matrix,b84cf4b8ca220d31f17e1e2ea9ab927bbc4176b15682c650e7d1dd8f2758172b,"{""distance"":5,""physical_error_rate"":0.0005}","{""detection_events"":2790,""detectors_checked"":1566720}"
       890,         0,         0,   0.056,decoder_by_matrix,b84cf4b8ca220d31f17e1e2ea9ab927bbc4176b15682c650e7d1dd8f2758172b,"{""distance"":5,""physical_error_rate"":0.0005}","{""detection_events"":340,""detectors_checked"":151300}"
      9216,         0,         0,   0.620,decoder_by_matrix,b84cf4b8ca220d31f17e1e2ea9ab927bbc4176b15682c650e7d1dd8f2758172b,"{""distance"":5,""physical_error_rate"":0.0005}","{""detection_events"":2580,""detectors_checked"":1566720}"
      9216,         0,         0,   0.648,decoder_by_matrix,b84cf4b8ca220d31f17e1e2ea9ab927bbc4176b15682c650e7d1dd8f2758172b,"{""distance"":5,""physical_error_rate"":0.0005}","{""detection_events"":2590,""detectors_checked"":1566720}"
       912,         0,         0,   0.077,decoder_by_matrix,b84cf4b8ca220d31f17e1e2ea9ab927bbc4176b15682c650e7d1dd8f2758172b,"{""distance"":5,""physical_error_rate"":0.0005}","{""detection_events"":325,""detectors_checked"":155040}"
      8192,         0,         0,   0.588,decoder_by_matrix,b84cf4b8ca220d31f17e1e2ea9ab927bbc4176b15682c650e7d1dd8f2758172b,"{""distance"":5,""physical_error_rate"":0.0005}","{""detection_events"":2045,""detectors_checked"":1392640}"
      9489,         0,         0,   0.711,decoder_by_matrix,b84cf4b8ca220d31f17e1e2ea9ab927bbc4176b15682c650e7d1dd8f2758172b,"{""distance"":5,""physical_error_rate"":0.0005}","{""detection_events"":2625,""detectors_checked"":1613130}"
      8192,         0,         0,   0.606,decoder_by_matrix,b84cf4b8ca220d31f17e1e2ea9ab927bbc4176b15682c650e7d1dd8f2758172b,"{""distance"":5,""physical_error_rate"":0.0005}","{""detection_events"":2610,""detectors_checked"":1392640}"
       699,         0,         0,   0.057,decoder_by_matrix,b84cf4b8ca220d31f17e1e2ea9ab927bbc4176b15682c650e7d1dd8f2758172b,"{""distance"":5,""physical_error_rate"":0.0005}","{""detection_events"":210,""detectors_checked"":118830}"
      8192,         0,         0,   0.586,decoder_by_matrix,b84cf4b8ca220d31f17e1e2ea9ab927bbc4176b15682c650e7d1dd8f2758172b,"{""distance"":5,""physical_error_rate"":0.0005}","{""detection_events"":2510,""detectors_checked"":1392640}"
      9216,         0,         0,   0.633,decoder_by_matrix,b84cf4b8ca220d31f17e1e2ea9ab927bbc4176b15682c650e7d1dd8f2758172b,"{""distance"":5,""physical_error_rate"":0.0005}","{""detection_events"":2665,""detectors_checked"":1566720}"
      8309,         0,         0,   0.399,decoder_by_matrix,b84cf4b8ca220d31f17e1e2ea9ab927bbc4176b15682c650e7d1dd8f2758172b,"{""distance"":5,""physical_error_rate"":0.0005}","{""detection_events"":2675,""detectors_checked"":1412530}"
      9216,         0,         0,   0.611,decoder_by_matrix,b84cf4b8ca220d31f17e1e2ea9ab927bbc4176b15682c650e7d1dd8f2758172b,"{""distance"":5,""physical_error_rate"":0.0005}","{""detection_events"":2165,""detectors_checked"":1566720}"
      9489,         0,         0,   0.704,decoder_by_matrix,b84cf4b8ca220d31f17e1e2ea9ab927bbc4176b15682c650e7d1dd8f2758172b,"{""distance"":5,""physical_error_rate"":0.0005}","{""detection_events"":2185,""detectors_checked"":1613130}"
      9381,         0,         0,   0.669,decoder_by_matrix,b84cf4b8ca220d31f17e1e2ea9ab927bbc4176b15682c650e7d1dd8f2758172b,"{""distance"":5,""physical_error_rate"":0.0005}","{""detection_events"":2460,""detectors_checked"":1594770}"
      2034,         0,         0,   0.089,decoder_by_matrix,b84cf4b8ca220d31f17e1e2ea9ab927bbc4176b15682c650e7d1dd8f2758172b,"{""distance"":5,""physical_error_rate"":0.0005}","{""detection_events"":645,""detectors_checked"":345780}"
      5120,         0,         0,   0.240,decoder_by_matrix,b84cf4b8ca220d31f17e1e2ea9ab927bbc4176b15682c650e7d1dd8f2758172b,"{""distance"":5,""physical_error_rate"":0.0005}","{""detection_events"":1590,""detectors_checked"":870400}"
      8192,         0,         0,   0.590,decoder_by_matrix,b84cf4b8ca220d31f17e1e2ea9ab927bbc4176b15682c650e7d1dd8f2758172b,"{""distance"":5,""physical_error_rate"":0.0005}","{""detection_events"":2230,""detectors_checked"":1392640}"
      2324,         0,         0,   0.074,decoder_by_matrix,b84cf4b8ca220d31f17e1e2ea9ab927bbc4176b15682c650e7d1dd8f2758172b,"{""distance"":5,""physical_error_rate"":0.0005}","{""detection_events"":650,""detectors_checked"":395080}"
       890,         0,         0,   0.049,decoder_by_matrix,b84cf4b8ca220d31f17e1e2ea9ab927bbc4176b15682c650e7d1dd8f2758172b,"{""distance"":5,""physical_error_rate"":0.0005}","{""detection_events"":270,""detectors_checked"":151300}"
      1862,         0,         0,   0.076,decoder_by_matrix,b84cf4b8ca220d31f17e1e2ea9ab927bbc4176b15682c650e7d1dd8f2758172b,"{""distance"":5,""physical_error_rate"":0.0005}","{""detection_events"":455,""detectors_checked"":316540}"
      7168,         0,         0,   0.661,decoder_by_matrix,b84cf4b8ca220d31f17e1e2ea9ab927bbc4176b15682c650e7d1dd8f2758172b,"{""distance"":5,""physical_error_rate"":0.0005}","{""detection_events"":2280,""detectors_checked"":1218560}"
       718,         0,         0,   0.062,decoder_by_matrix,b84cf4b8ca220d31f17e1e2ea9ab927bbc4176b15682c650e7d1dd8f2758172b,"{""distance"":5,""physical_error_rate"":0.0005}","{""detection_events"":80,""detectors_checked"":122060}"
      4096,         0,         0,   0.204,decoder_by_matrix,b84cf4b8ca220d31f17e1e2ea9ab927bbc4176b15682c650e7d1dd8f2758172b,"{""distance"":5,""physical_error_rate"":0.0005}","{""detection_events"":1070,""detectors_checked"":696320}"
      4336,         0,         0,   0.206,decoder_by_matrix,b84cf4b8ca220d31f17e1e2ea9ab927bbc4176b15682c650e7d1dd8f2758172b,"{""distance"":5,""physical_error_rate"":0.0005}","{""detection_events"":1190,""detectors_checked"":737120}"
      1641,         0,         0,   0.134,decoder_by_matrix,b84cf4b8ca220d31f17e1e2ea9ab927bbc4176b15682c650e7d1dd8f2758172b,"{""distance"":5,""physical_error_rate"":0.0005}","{""detection_events"":395,""detectors_checked"":278970}"
      1537,         0,         0,   0.135,decoder_by_matrix,b84cf4b8ca220d31f17e1e2ea9ab927bbc4176b15682c650e7d1dd8f2758172b,"{""distance"":5,""physical_error_rate"":0.0005}","{""detection_events"":335,""detectors_checked"":261290}"
      1431,         0,         0,   0.141,decoder_by_matrix,b84cf4b8ca220d31f17e1e2ea9ab927bbc4176b15682c650e7d1dd8f2758172b,"{""distance"":5,""physical_error_rate"":0.0005}","{""detection_events"":335,""detectors_checked"":243270}"
      1537,         0,         0,   0.109,decoder_by_matrix,b84cf4b8ca220d31f17e1e2ea9ab927bbc4176b15682c650e7d1dd8f2758172b,"{""distance"":5,""physical_error_rate"":0.0005}","{""detection_events"":460,""detectors_checked"":261290}"
      6144,         0,         0,   0.409,decoder_by_matrix,b84cf4b8ca220d31f17e1e2ea9ab927bbc4176b15682c650e7d1dd8f2758172b,"{""distance"":5,""physical_error_rate"":0.0005}","{""detection_events"":1765,""detectors_checked"":1044480}"
      1316,         0,         0,   0.125,decoder_by_matrix,b84cf4b8ca220d31f17e1e2ea9ab927bbc4176b15682c650e7d1dd8f2758172b,"{""distance"":5,""physical_error_rate"":0.0005}","{""detection_events"":540,""detectors_checked"":223720}"
       273,         0,         0,   0.063,decoder_by_matrix,b84cf4b8ca220d31f17e1e2ea9ab927bbc4176b15682c650e7d1dd8f2758172b,"{""distance"":5,""physical_error_rate"":0.0005}","{""detection_events"":160,""detectors_checked"":46410}"
      4336,         0,         0,   0.253,decoder_by_matrix,b84cf4b8ca220d31f17e1e2ea9ab927bbc4176b15682c650e7d1dd8f2758172b,"{""distance"":5,""physical_error_rate"":0.0005}","{""detection_events"":1450,""detectors_checked"":737120}"
      7409,         0,         0,   0.667,decoder_by_matrix,b84cf4b8ca220d31f17e1e2ea9ab927bbc4176b15682c650e7d1dd8f2758172b,"{""distance"":5,""physical_error_rate"":0.0005}","{""detection_events"":2310,""detectors_checked"":1259530}"
       890,         0,         0,   0.067,decoder_by_matrix,b84cf4b8ca220d31f17e1e2ea9ab927bbc4176b15682c650e7d1dd8f2758172b,"{""distance"":5,""physical_error_rate"":0.0005}","{""detection_events"":230,""detectors_checked"":151300}"
      2265,         0,         0,   0.036,decoder_by_matrix,b84cf4b8ca220d31f17e1e2ea9ab927bbc4176b15682c650e7d1dd8f2758172b,"{""distance"":5,""physical_error_rate"":0.0005}","{""detection_events"":740,""detectors_checked"":385050}"
       273,         0,         0,   0.063,decoder_by_matrix,b84cf4b8ca220d31f17e1e2ea9ab927bbc4176b15682c650e7d1dd8f2758172b,"{""distance"":5,""physical_error_rate"":0.0005}","{""detection_events"":25,""detectors_checked"":46410}"
       273,         0,         0,   0.063,decoder_by_matrix,b84cf4b8ca220d31f17e1e2ea9ab927bbc4176b15682c650e7d1dd8f2758172b,"{""distance"":5,""physical_error_rate"":0.0005}","{""detection_events"":70,""detectors_checked"":46410}"
      1641,         0,         0,   0.133,decoder_by_matrix,b84cf4b8ca220d31f17e1e2ea9ab927bbc4176b15682c650e7d1dd8f2758172b,"{""distance"":5,""physical_error_rate"":0.0005}","{""detection_events"":385,""detectors_checked"":278970}"
       273,         0,         0,   0.058,decoder_by_matrix,b84cf4b8ca220d31f17e1e2ea9ab927bbc4176b15682c650e7d1dd8f2758172b,"{""distance"":5,""physical_error_rate"":0.0005}","{""detection_events"":45,""detectors_checked"":46410}"
      9216,         0,         0,   0.800,decoder_by_matrix,b84cf4b8ca220d31f17e1e2ea9ab927bbc4176b15682c650e7d1dd8f2758172b,"{""distance"":5,""physical_error_rate"":0.0005}","{""detection_events"":2760,""detectors_checked"":1566720}"
      4096,         0,         0,   0.302,decoder_by_matrix,b84cf4b8ca220d31f17e1e2ea9ab927bbc4176b15682c650e7d1dd8f2758172b,"{""distance"":5,""physical_error_rate"":0.0005}","{""detection_events"":1105,""detectors_checked"":696320}"
      6144,         0,         0,   0.409,decoder_by_matrix,b84cf4b8ca220d31f17e1e2ea9ab927bbc4176b15682c650e7d1dd8f2758172b,"{""distance"":5,""physical_error_rate"":0.0005}","{""detection_events"":2010,""detectors_checked"":1044480}"
      1020,         0,         0,   0.086,decoder_by_matrix,b84cf4b8ca220d31f17e1e2ea9ab927bbc4176b15682c650e7d1dd8f2758172b,"{""distance"":5,""physical_error_rate"":0.0005}","{""detection_events"":300,""detectors_checked"":173400}"
      5120,         0,         0,   0.355,decoder_by_matrix,b84cf4b8ca220d31f17e1e2ea9ab927bbc4176b15682c650e7d1dd8f2758172b,"{""distance"":5,""physical_error_rate"":0.0005}","{""detection_events"":1515,""detectors_checked"":870400}"
       716,         0,         0,   0.064,decoder_by_matrix,b84cf4b8ca220d31f17e1e2ea9ab927bbc4176b15682c650e7d1dd8f2758172b,"{""distance"":5,""physical_error_rate"":0.0005}","{""detection_events"":210,""detectors_checked"":121720}"
       447,         0,         0,   0.081,decoder_by_matrix,b84cf4b8ca220d31f17e1e2ea9ab927bbc4176b15682c650e7d1dd8f2758172b,"{""distance"":5,""physical_error_rate"":0.0005}","{""detection_events"":145,""detectors_checked"":75990}"
       175,         0,         0,   0.035,decoder_by_matrix,b84cf4b8ca220d31f17e1e2ea9ab927bbc4176b15682c650e7d1dd8f2758172b,"{""distance"":5,""physical_error_rate"":0.0005}","{""detection_events"":20,""detectors_checked"":29750}"
       529,         0,         0,   0.060,decoder_by_matrix,b84cf4b8ca220d31f17e1e2ea9ab927bbc4176b15682c650e7d1dd8f2758172b,"{""distance"":5,""physical_error_rate"":0.0005}","{""detection_events"":140,""detectors_checked"":89930}"
       273,         0,         0,   0.081,decoder_by_matrix,b84cf4b8ca220d31f17e1e2ea9ab927bbc4176b15682c650e7d1dd8f2758172b,"{""distance"":5,""physical_error_rate"":0.0005}","{""detection_events"":180,""detectors_checked"":46410}"
        71,         0,         0,   0.011,decoder_by_matrix,b84cf4b8ca220d31f17e1e2ea9ab927bbc4176b15682c650e7d1dd8f2758172b,"{""distance"":5,""physical_error_rate"":0.0005}","{""detection_events"":60,""detectors_checked"":12070}"
      1297,         0,         0,   0.088,decoder_by_matrix,b84cf4b8ca220d31f17e1e2ea9ab927bbc4176b15682c650e7d1dd8f2758172b,"{""distance"":5,""physical_error_rate"":0.0005}","{""detection_events"":315,""detectors_checked"":220490}"
      2048,         0,         0,   0.150,decoder_by_matrix,b84cf4b8ca220d31f17e1e2ea9ab927bbc4176b15682c650e7d1dd8f2758172b,"{""distance"":5,""physical_error_rate"":0.0005}","{""detection_events"":535,""detectors_checked"":348160}"
       540,         0,         0,   0.082,decoder_by_matrix,b84cf4b8ca220d31f17e1e2ea9ab927bbc4176b15682c650e7d1dd8f2758172b,"{""distance"":5,""physical_error_rate"":0.0005}","{""detection_events"":240,""detectors_checked"":91800}"
       273,         0,         0,   0.079,decoder_by_matrix,b84cf4b8ca220d31f17e1e2ea9ab927bbc4176b15682c650e7d1dd8f2758172b,"{""distance"":5,""physical_error_rate"":0.0005}","{""detection_events"":70,""detectors_checked"":46410}"
       435,         0,         0,   0.098,decoder_by_matrix,b84cf4b8ca220d31f17e1e2ea9ab927bbc4176b15682c650e7d1dd8f2758172b,"{""distance"":5,""physical_error_rate"":0.0005}","{""detection_events"":95,""detectors_checked"":73950}"
        19,         0,         0,   0.032,decoder_by_matrix,b84cf4b8ca220d31f17e1e2ea9ab927bbc4176b15682c650e7d1dd8f2758172b,"{""distance"":5,""physical_error_rate"":0.0005}","{""detectors_checked"":3230}"
      4096,         0,         0,   0.286,decoder_by_matrix,b84cf4b8ca220d31f17e1e2ea9ab927bbc4176b15682c650e7d1dd8f2758172b,"{""distance"":5,""physical_error_rate"":0.0005}","{""detection_events"":1150,""detectors_checked"":696320}"
      1144,         0,         0,   0.135,decoder_by_matrix,b84cf4b8ca220d31f17e1e2ea9ab927bbc4176b15682c650e7d1dd8f2758172b,"{""distance"":5,""physical_error_rate"":0.0005}","{""detection_events"":360,""detectors_checked"":194480}"
      5721,         0,         0,   0.424,decoder_by_matrix,b84cf4b8ca220d31f17e1e2ea9ab927bbc4176b15682c650e7d1dd8f2758172b,"{""distance"":5,""physical_error_rate"":0.0005}","{""detection_events"":1805,""detectors_checked"":972570}"
      1972,         0,         0,   0.103,decoder_by_matrix,b84cf4b8ca220d31f17e1e2ea9ab927bbc4176b15682c650e7d1dd8f2758172b,"{""distance"":5,""physical_error_rate"":0.0005}","{""detection_events"":455,""detectors_checked"":335240}"
      1024,         0,         0,   0.055,decoder_by_matrix,b84cf4b8ca220d31f17e1e2ea9ab927bbc4176b15682c650e7d1dd8f2758172b,"{""distance"":5,""physical_error_rate"":0.0005}","{""detection_events"":275,""detectors_checked"":174080}"
      1614,         0,         0,   0.101,decoder_by_matrix,b84cf4b8ca220d31f17e1e2ea9ab927bbc4176b15682c650e7d1dd8f2758172b,"{""distance"":5,""physical_error_rate"":0.0005}","{""detection_events"":355,""detectors_checked"":274380}"
      1196,         0,         0,   0.130,decoder_by_matrix,b84cf4b8ca220d31f17e1e2ea9ab927bbc4176b15682c650e7d1dd8f2758172b,"{""distance"":5,""physical_error_rate"":0.0005}","{""detection_events"":325,""detectors_checked"":203320}"
       311,         0,         0,   0.065,decoder_by_matrix,b84cf4b8ca220d31f17e1e2ea9ab927bbc4176b15682c650e7d1dd8f2758172b,"{""distance"":5,""physical_error_rate"":0.0005}","{""detection_events"":125,""detectors_checked"":52870}"
       144,         0,         0,   0.054,decoder_by_matrix,b84cf4b8ca220d31f17e1e2ea9ab927bbc4176b15682c650e7d1dd8f2758172b,"{""distance"":5,""physical_error_rate"":0.0005}","{""detectors_checked"":24480}"
       175,         0,         0,   0.036,decoder_by_matrix,b84cf4b8ca220d31f17e1e2ea9ab927bbc4176b15682c650e7d1dd8f2758172b,"{""distance"":5,""physical_error_rate"":0.0005}","{""detection_events"":20,""detectors_checked"":29750}"
      1297,         0,         0,   0.116,decoder_by_matrix,b84cf4b8ca220d31f17e1e2ea9ab927bbc4176b15682c650e7d1dd8f2758172b,"{""distance"":5,""physical_error_rate"":0.0005}","{""detection_events"":360,""detectors_checked"":220490}"
       321,         0,         0,   0.047,decoder_by_matrix,b84cf4b8ca220d31f17e1e2ea9ab927bbc4176b15682c650e7d1dd8f2758172b,"{""distance"":5,""physical_error_rate"":0.0005}","{""detection_events"":100,""detectors_checked"":54570}"
       180,         0,         0,   0.034,decoder_by_matrix,b84cf4b8ca220d31f17e1e2ea9ab927bbc4176b15682c650e7d1dd8f2758172b,"{""distance"":5,""physical_error_rate"":0.0005}","{""detection_events"":60,""detectors_checked"":30600}"
       587,         0,         0,   0.050,decoder_by_matrix,b84cf4b8ca220d31f17e1e2ea9ab927bbc4176b15682c650e7d1dd8f2758172b,"{""distance"":5,""physical_error_rate"":0.0005}","{""detection_events"":120,""detectors_checked"":99790}"
      1208,         0,         0,   0.123,decoder_by_matrix,b84cf4b8ca220d31f17e1e2ea9ab927bbc4176b15682c650e7d1dd8f2758172b,"{""distance"":5,""physical_error_rate"":0.0005}","{""detection_events"":380,""detectors_checked"":205360}"
         5,         0,         0,   0.040,decoder_by_matrix,b84cf4b8ca220d31f17e1e2ea9ab927bbc4176b15682c650e7d1dd8f2758172b,"{""distance"":5,""physical_error_rate"":0.0005}","{""detectors_checked"":850}"
      2048,         0,         0,   0.088,decoder_by_matrix,b84cf4b8ca220d31f17e1e2ea9ab927bbc4176b15682c650e7d1dd8f2758172b,"{""distance"":5,""physical_error_rate"":0.0005}","{""detection_events"":535,""detectors_checked"":348160}"
       165,         0,         0,   0.039,decoder_by_matrix,b84cf4b8ca220d31f17e1e2ea9ab927bbc4176b15682c650e7d1dd8f2758172b,"{""distance"":5,""physical_error_rate"":0.0005}","{""detection_events"":85,""detectors_checked"":28050}"
      4096,         0,         0,   0.267,decoder_by_matrix,b84cf4b8ca220d31f17e1e2ea9ab927bbc4176b15682c650e7d1dd8f2758172b,"{""distance"":5,""physical_error_rate"":0.0005}","{""detection_events"":1275,""detectors_checked"":696320}"
      2169,         0,         0,   0.105,decoder_by_matrix,b84cf4b8ca220d31f17e1e2ea9ab927bbc4176b15682c650e7d1dd8f2758172b,"{""distance"":5,""physical_error_rate"":0.0005}","{""detection_events"":485,""detectors_checked"":368730}"
      2048,         0,         0,   0.109,decoder_by_matrix,b84cf4b8ca220d31f17e1e2ea9ab927bbc4176b15682c650e7d1dd8f2758172b,"{""distance"":5,""physical_error_rate"":0.0005}","{""detection_events"":595,""detectors_checked"":348160}"
      2009,         0,         0,   0.110,decoder_by_matrix,b84cf4b8ca220d31f17e1e2ea9ab927bbc4176b15682c650e7d1dd8f2758172b,"{""distance"":5,""physical_error_rate"":0.0005}","{""detection_events"":410,""detectors_checked"":341530}"
       347,         0,         0,   0.046,decoder_by_matrix,b84cf4b8ca220d31f17e1e2ea9ab927bbc4176b15682c650e7d1dd8f2758172b,"{""distance"":5,""physical_error_rate"":0.0005}","{""detection_events"":95,""detectors_checked"":58990}"
         8,         0,         0,   0.033,decoder_by_matrix,b84cf4b8ca220d31f17e1e2ea9ab927bbc4176b15682c650e7d1dd8f2758172b,"{""distance"":5,""physical_error_rate"":0.0005}","{""detectors_checked"":1360}"
       123,         0,         0,   0.036,decoder_by_matrix,b84cf4b8ca220d31f17e1e2ea9ab927bbc4176b15682c650e7d1dd8f2758172b,"{""distance"":5,""physical_error_rate"":0.0005}","{""detection_events"":80,""detectors_checked"":20910}"
        22,         0,         0,   0.052,decoder_by_matrix,b84cf4b8ca220d31f17e1e2ea9ab927bbc4176b15682c650e7d1dd8f2758172b,"{""distance"":5,""physical_error_rate"":0.0005}","{""detection_events"":35,""detectors_checked"":3740}"
      1408,         0,         0,   0.202,decoder_by_matrix,b84cf4b8ca220d31f17e1e2ea9ab927bbc4176b15682c650e7d1dd8f2758172b,"{""distance"":5,""physical_error_rate"":0.0005}","{""detection_events"":225,""detectors_checked"":239360}"
        89,         0,         0,   0.032,decoder_by_matrix,b84cf4b8ca220d31f17e1e2ea9ab927bbc4176b15682c650e7d1dd8f2758172b,"{""distance"":5,""physical_error_rate"":0.0005}","{""detection_events"":15,""detectors_checked"":15130}"
       289,         0,         0,   0.051,decoder_by_matrix,b84cf4b8ca220d31f17e1e2ea9ab927bbc4176b15682c650e7d1dd8f2758172b,"{""distance"":5,""physical_error_rate"":0.0005}","{""detection_events"":80,""detectors_checked"":49130}"
       474,         0,         0,   0.039,decoder_by_matrix,b84cf4b8ca220d31f17e1e2ea9ab927bbc4176b15682c650e7d1dd8f2758172b,"{""distance"":5,""physical_error_rate"":0.0005}","{""detection_events"":175,""detectors_checked"":80580}"
         6,         0,         0,   0.039,decoder_by_matrix,b84cf4b8ca220d31f17e1e2ea9ab927bbc4176b15682c650e7d1dd8f2758172b,"{""distance"":5,""physical_error_rate"":0.0005}","{""detectors_checked"":1020}"
      1208,         0,         0,   0.115,decoder_by_matrix,b84cf4b8ca220d31f17e1e2ea9ab927bbc4176b15682c650e7d1dd8f2758172b,"{""distance"":5,""physical_error_rate"":0.0005}","{""detection_events"":310,""detectors_checked"":205360}"
       128,         0,         0,   0.037,decoder_by_matrix,b84cf4b8ca220d31f17e1e2ea9ab927bbc4176b15682c650e7d1dd8f2758172b,"{""distance"":5,""physical_error_rate"":0.0005}","{""detection_events"":35,""detectors_checked"":21760}"
      2048,         0,         0,   0.100,decoder_by_matrix,b84cf4b8ca220d31f17e1e2ea9ab927bbc4176b15682c650e7d1dd8f2758172b,"{""distance"":5,""physical_error_rate"":0.0005}","{""detection_events"":690,""detectors_checked"":348160}"
      1208,         0,         0,   0.087,decoder_by_matrix,b84cf4b8ca220d31f17e1e2ea9ab927bbc4176b15682c650e7d1dd8f2758172b,"{""distance"":5,""physical_error_rate"":0.0005}","{""detection_events"":405,""detectors_checked"":205360}"
        35,         0,         0,   0.030,decoder_by_matrix,b84cf4b8ca220d31f17e1e2ea9ab927bbc4176b15682c650e7d1dd8f2758172b,"{""distance"":5,""physical_error_rate"":0.0005}","{""detectors_checked"":5950}"
        57,         0,         0,   0.044,decoder_by_matrix,b84cf4b8ca220d31f17e1e2ea9ab927bbc4176b15682c650e7d1dd8f2758172b,"{""distance"":5,""physical_error_rate"":0.0005}","{""detection_events"":35,""detectors_checked"":9690}"
        89,         0,         0,   0.036,decoder_by_matrix,b84cf4b8ca220d31f17e1e2ea9ab927bbc4176b15682c650e7d1dd8f2758172b,"{""distance"":5,""physical_error_rate"":0.0005}","{""detection_events"":55,""detectors_checked"":15130}"
       240,         0,         0,   0.048,decoder_by_matrix,b84cf4b8ca220d31f17e1e2ea9ab927bbc4176b15682c650e7d1dd8f2758172b,"{""distance"":5,""physical_error_rate"":0.0005}","{""detection_events"":110,""detectors_checked"":40800}"
        15,         0,         0,   0.024,decoder_by_matrix,b84cf4b8ca220d31f17e1e2ea9ab927bbc4176b15682c650e7d1dd8f2758172b,"{""distance"":5,""physical_error_rate"":0.0005}","{""detection_events"":5,""detectors_checked"":2550}"
      1024,         0,         0,   0.030,decoder_by_matrix,b84cf4b8ca220d31f17e1e2ea9ab927bbc4176b15682c650e7d1dd8f2758172b,"{""distance"":5,""physical_error_rate"":0.0005}","{""detection_events"":310,""detectors_checked"":174080}"
       233,         0,         0,   0.026,decoder_by_matrix,b84cf4b8ca220d31f17e1e2ea9ab927bbc4176b15682c650e7d1dd8f2758172b,"{""distance"":5,""physical_error_rate"":0.0005}","{""detection_events"":75,""detectors_checked"":39610}"
       180,         0,         0,   0.093,decoder_by_matrix,b84cf4b8ca220d31f17e1e2ea9ab927bbc4176b15682c650e7d1dd8f2758172b,"{""distance"":5,""physical_error_rate"":0.0005}","{""detection_events"":30,""detectors_checked"":30600}"
       240,         0,         0,   0.026,decoder_by_matrix,b84cf4b8ca220d31f17e1e2ea9ab927bbc4176b15682c650e7d1dd8f2758172b,"{""distance"":5,""physical_error_rate"":0.0005}","{""detection_events"":55,""detectors_checked"":40800}"
       217,         0,         0,   0.028,decoder_by_matrix,b84cf4b8ca220d31f17e1e2ea9ab927bbc4176b15682c650e7d1dd8f2758172b,"{""distance"":5,""physical_error_rate"":0.0005}","{""detection_events"":45,""detectors_checked"":36890}"
         7,         0,         0,   0.023,decoder_by_matrix,b84cf4b8ca220d31f17e1e2ea9ab927bbc4176b15682c650e7d1dd8f2758172b,"{""distance"":5,""physical_error_rate"":0.0005}","{""detectors_checked"":1190}"
       240,         0,         0,   0.027,decoder_by_matrix,b84cf4b8ca220d31f17e1e2ea9ab927bbc4176b15682c650e7d1dd8f2758172b,"{""distance"":5,""physical_error_rate"":0.0005}","{""detection_events"":55,""detectors_checked"":40800}"
       157,         0,         0,   0.022,decoder_by_matrix,b84cf4b8ca220d31f17e1e2ea9ab927bbc4176b15682c650e7d1dd8f2758172b,"{""distance"":5,""physical_error_rate"":0.0005}","{""detection_events"":70,""detectors_checked"":26690}"
      1034,         0,         0,   0.080,decoder_by_matrix,b84cf4b8ca220d31f17e1e2ea9ab927bbc4176b15682c650e7d1dd8f2758172b,"{""distance"":5,""physical_error_rate"":0.0005}","{""detection_events"":330,""detectors_checked"":175780}"
        44,         0,         0,   0.036,decoder_by_matrix,b84cf4b8ca220d31f17e1e2ea9ab927bbc4176b15682c650e7d1dd8f2758172b,"{""distance"":5,""physical_error_rate"":0.0005}","{""detection_events"":10,""detectors_checked"":7480}"
        35,         0,         0,   0.020,decoder_by_matrix,b84cf4b8ca220d31f17e1e2ea9ab927bbc4176b15682c650e7d1dd8f2758172b,"{""distance"":5,""physical_error_rate"":0.0005}","{""detectors_checked"":5950}"
        17,         0,         0,   0.022,decoder_by_matrix,b84cf4b8ca220d31f17e1e2ea9ab927bbc4176b15682c650e7d1dd8f2758172b,"{""distance"":5,""physical_error_rate"":0.0005}","{""detectors_checked"":2890}"
        85,         0,         0,   0.021,decoder_by_matrix,b84cf4b8ca220d31f17e1e2ea9ab927bbc4176b15682c650e7d1dd8f2758172b,"{""distance"":5,""physical_error_rate"":0.0005}","{""detection_events"":15,""detectors_checked"":14450}"
        10,         0,         0,   0.022,decoder_by_matrix,b84cf4b8ca220d31f17e1e2ea9ab927bbc4176b15682c650e7d1dd8f2758172b,"{""distance"":5,""physical_error_rate"":0.0005}","{""detectors_checked"":1700}"
        42,         0,         0,   0.025,decoder_by_matrix,b84cf4b8ca220d31f17e1e2ea9ab927bbc4176b15682c650e7d1dd8f2758172b,"{""distance"":5,""physical_error_rate"":0.0005}","{""detection_events"":5,""detectors_checked"":7140}"
        85,         0,         0,   0.021,decoder_by_matrix,b84cf4b8ca220d31f17e1e2ea9ab927bbc4176b15682c650e7d1dd8f2758172b,"{""distance"":5,""physical_error_rate"":0.0005}","{""detection_events"":20,""detectors_checked"":14450}"
         1,         0,         0,   0.020,decoder_by_matrix,b84cf4b8ca220d31f17e1e2ea9ab927bbc4176b15682c650e7d1dd8f2758172b,"{""distance"":5,""physical_error_rate"":0.0005}","{""detectors_checked"":170}"
        42,         0,         0,   0.020,decoder_by_matrix,b84cf4b8ca220d31f17e1e2ea9ab927bbc4176b15682c650e7d1dd8f2758172b,"{""distance"":5,""physical_error_rate"":0.0005}","{""detection_events"":25,""detectors_checked"":7140}"
         1,         0,         0,   0.027,decoder_by_matrix,b84cf4b8ca220d31f17e1e2ea9ab927bbc4176b15682c650e7d1dd8f2758172b,"{""distance"":5,""physical_error_rate"":0.0005}","{""detectors_checked"":170}"
